{
"lowlevel": {
    "average_loudness": 0.930603981018,
    "barkbands_crest": {
        "mean": 10.2864112854,
        "var": 15.4762010574
    },
    "barkbands_flatness_db": {
        "mean": 0.231257736683,
        "var": 0.00141585804522
    },
    "barkbands_kurtosis": {
        "mean": 1.50684463978,
        "var": 10.9133405685
    },
    "barkbands_skewness": {
        "mean": 0.762894928455,
        "var": 0.467522412539
    },
    "barkbands_spread": {
        "mean": 8.59673309326,
        "var": 11.0660066605
    },
    "dissonance": {
        "mean": 0.437415599823,
        "var": 0.00197097542696
    },
    "dynamic_complexity": 1.45223844051,
    "erbbands_crest": {
        "mean": 10.7644033432,
        "var": 22.1236953735
    },
    "erbbands_flatness_db": {
        "mean": 0.273675709963,
        "var": 0.000748355756514
    },
    "erbbands_kurtosis": {
        "mean": 0.617081880569,
        "var": 4.73938417435
    },
    "erbbands_skewness": {
        "mean": 0.369780212641,
        "var": 0.379860550165
    },
    "erbbands_spread": {
        "mean": 14.4779052734,
        "var": 23.1974201202
    },
    "hfc": {
        "mean": 18.0955257416,
        "var": 79.2912597656
    },
    "melbands_crest": {
        "mean": 12.6858816147,
        "var": 23.2218837738
    },
    "melbands_flatness_db": {
        "mean": 0.32894217968,
        "var": 0.0019099045312
    },
    "melbands_kurtosis": {
        "mean": 2.37139773369,
        "var": 11.5553007126
    },
    "melbands_skewness": {
        "mean": 1.08130252361,
        "var": 0.528474330902
    },
    "melbands_spread": {
        "mean": 12.6636457443,
        "var": 31.1056594849
    },
    "pitch_salience": {
        "mean": 0.593410253525,
        "var": 0.0123701458797
    },
    "silence_rate_20dB": {
        "mean": 1,
        "var": 0
    },
    "silence_rate_30dB": {
        "mean": 0.997425317764,
        "var": 0.00256806774996
    },
    "silence_rate_60dB": {
        "mean": 0.00154479919001,
        "var": 0.00154241069686
    },
    "spectral_centroid": {
        "mean": 593.605041504,
        "var": 52794.328125
    },
    "spectral_complexity": {
        "mean": 18.8542747498,
        "var": 23.8092899323
    },
    "spectral_decrease": {
        "mean": -9.28139698431e-009,
        "var": 1.85386097611e-017
    },
    "spectral_energy": {
        "mean": 0.0366713888943,
        "var": 0.000285628979327
    },
    "spectral_energyband_high": {
        "mean": 8.16161082184e-006,
        "var": 8.82143594283e-011
    },
    "spectral_energyband_low": {
        "mean": 0.00748199503869,
        "var": 5.93197801209e-005
    },
    "spectral_energyband_middle_high": {
        "mean": 0.00618245452642,
        "var": 2.04148764169e-005
    },
    "spectral_energyband_middle_low": {
        "mean": 0.0257047172636,
        "var": 0.000217780150706
    },
    "spectral_entropy": {
        "mean": 6.60004758835,
        "var": 0.146180897951
    },
    "spectral_flux": {
        "mean": 0.0912068337202,
        "var": 0.000979030854069
    },
    "spectral_kurtosis": {
        "mean": 31.4489803314,
        "var": 176.524795532
    },
    "spectral_rms": {
        "mean": 0.0058241263032,
        "var": 1.85654448615e-006
    },
    "spectral_rolloff": {
        "mean": 811.78527832,
        "var": 246385.234375
    },
    "spectral_skewness": {
        "mean": 3.86638665199,
        "var": 0.902553379536
    },
    "spectral_spread": {
        "mean": 1522893.625,
        "var": 1.28655058534e+012
    },
    "spectral_strongpeak": {
        "mean": 1.50176560879,
        "var": 1.06261587143
    },
    "zerocrossingrate": {
        "mean": 0.0260958913714,
        "var": 0.000158706956427
    },
    "barkbands": {
        "mean": [4.50272091257e-005, 0.00194132933393, 0.00304626766592, 0.004105579108, 0.00388307729736, 0.00359915639274, 0.0088870851323, 0.0013870204566, 0.00339636369608, 0.00192717055324, 0.00119269511197, 0.00112335942686, 0.000952131580561, 0.000576201477088, 0.000291100790491, 0.000186006785952, 7.54810680519e-005, 2.94324272545e-005, 1.46028196468e-005, 6.69999690217e-006, 3.20491199091e-006, 1.02827505088e-006, 4.59411296561e-007, 3.16612869256e-007, 2.70695977633e-007, 3.43497561062e-007, 5.22986880469e-008],
        "var": [3.10856784758e-009, 3.1652330108e-006, 1.34662659548e-005, 8.44944806886e-005, 1.79760481842e-005, 1.81840714504e-005, 5.7168854255e-005, 4.72814826935e-006, 3.24596949213e-005, 6.42919439997e-006, 2.39619021158e-006, 1.26267445921e-006, 8.99356052741e-007, 3.90740666489e-007, 1.44685074588e-007, 5.9360370841e-008, 1.08753086536e-008, 1.11881282017e-009, 3.16691617375e-010, 7.56079018838e-011, 2.96272485711e-011, 2.02583024141e-012, 3.09715117051e-013, 1.04223101232e-013, 5.01026891619e-015, 5.59919525431e-015, 4.85890497555e-016]
    },
    "erbbands": {
        "mean": [0.0383067019284, 0.529656469822, 3.05971741676, 10.0290784836, 11.1637048721, 13.9641942978, 17.2369499207, 38.0281677246, 117.309043884, 80.5388259888, 30.9434204102, 57.6315383911, 94.9641571045, 50.4352073669, 47.6378707886, 44.3386993408, 42.667301178, 34.6223526001, 20.2896537781, 13.1548681259, 9.02594470978, 4.49829149246, 1.82260847092, 1.09866809845, 0.582629859447, 0.298244714737, 0.176254242659, 0.0862834006548, 0.0400583483279, 0.0230945125222, 0.0122864153236, 0.00792277511209, 0.00469100661576, 0.00299647077918, 0.00199575000443, 0.00124113459606, 0.000655362440739, 0.000193785352167, 2.23813258344e-005, 4.15178183175e-005],
        "var": [0.00108681549318, 0.251818358898, 11.0516614914, 361.809448242, 216.188034058, 323.590820313, 836.610473633, 2011.81201172, 12959.0859375, 7673.67871094, 1739.56103516, 6682.75488281, 15673.5488281, 2422.76464844, 2526.40893555, 1755.15905762, 1607.7019043, 1248.50476074, 584.381347656, 352.13269043, 146.638092041, 36.9161567688, 3.67811536789, 1.61975359917, 0.439906537533, 0.130541101098, 0.0634604692459, 0.029942208901, 0.00275338534266, 0.00147606385872, 0.000234080172959, 0.000116096089187, 1.14910099001e-005, 9.18196064958e-007, 2.79915582269e-007, 1.0049174648e-007, 2.44544171579e-008, 2.58725241231e-009, 7.24050333578e-011, 3.59631019409e-010]
    },
    "gfcc": {
        "mean": [-55.6630897522, 190.35635376, -121.934616089, -26.5126628876, -34.6534690857, -3.02981185913, -30.1853237152, -3.10114479065, -18.2572803497, 1.66773784161, -10.7337684631, -3.33571600914, -11.1704683304],
        "cov": [[1950.06066895, 255.610870361, -582.068786621, 87.2291030884, 86.2467422485, -79.9698791504, 81.1682662964, -32.4826927185, -7.56966543198, -51.9269943237, -40.5083312988, -48.3812446594, 27.7570476532], [255.610870361, 172.031387329, 56.7302436829, -7.99132966995, 65.5236206055, 29.2967205048, -3.21093130112, -5.40273094177, -4.08456897736, -9.63772010803, -4.08033704758, -12.6337242126, 10.4221963882], [-582.068786621, 56.7302436829, 482.713012695, 10.5879049301, -49.0452575684, 50.8140602112, -26.3034172058, 2.82543730736, 6.50290298462, 13.5929546356, 15.9637145996, 4.34110164642, -14.1872463226], [87.2291030884, -7.99132966995, 10.5879049301, 129.902481079, 20.49152565, -14.7638196945, 22.2203922272, -10.9246015549, -2.46536517143, -10.8646173477, -10.3308200836, -7.26822090149, -5.25441122055], [86.2467422485, 65.5236206055, -49.0452575684, 20.49152565, 144.204666138, 51.9259681702, -18.3043308258, 1.91834163666, 4.29514837265, -6.87827920914, -10.9452533722, -10.3186321259, -2.62559318542], [-79.9698791504, 29.2967205048, 50.8140602112, -14.7638196945, 51.9259681702, 110.34122467, 19.2778110504, 11.9119272232, 11.4113140106, 7.18266057968, -0.618553221226, -0.702440321445, -5.78148078918], [81.1682662964, -3.21093130112, -26.3034172058, 22.2203922272, -18.3043308258, 19.2778110504, 101.59413147, 49.1514968872, 5.74569988251, 2.83775210381, -4.19209337234, -3.02631759644, 8.70304489136], [-32.4826927185, -5.40273094177, 2.82543730736, -10.9246015549, 1.91834163666, 11.9119272232, 49.1514968872, 83.0777511597, 35.6416358948, 10.6252622604, 4.39857387543, 12.854798317, 15.3582620621], [-7.56966543198, -4.08456897736, 6.50290298462, -2.46536517143, 4.29514837265, 11.4113140106, 5.74569988251, 35.6416358948, 67.527923584, 36.3940963745, 11.2837553024, 11.5887546539, 8.79133415222], [-51.9269943237, -9.63772010803, 13.5929546356, -10.8646173477, -6.87827920914, 7.18266057968, 2.83775210381, 10.6252622604, 36.3940963745, 70.3025970459, 39.7715301514, 14.7819337845, 2.4985704422], [-40.5083312988, -4.08033704758, 15.9637145996, -10.3308200836, -10.9452533722, -0.618553221226, -4.19209337234, 4.39857387543, 11.2837553024, 39.7715301514, 59.8445129395, 28.2304172516, -1.26546144485], [-48.3812446594, -12.6337242126, 4.34110164642, -7.26822090149, -10.3186321259, -0.702440321445, -3.02631759644, 12.854798317, 11.5887546539, 14.7819337845, 28.2304172516, 52.4129943848, 30.1738529205], [27.7570476532, 10.4221963882, -14.1872463226, -5.25441122055, -2.62559318542, -5.78148078918, 8.70304489136, 15.3582620621, 8.79133415222, 2.4985704422, -1.26546144485, 30.1738529205, 59.3870544434]],
        "icov": [[0.00331044290215, -0.00879566371441, 0.00574559951201, -0.00405068602413, 0.0049885599874, -0.000696856761351, 0.000395562499762, 0.000174010812771, -0.00188805547077, 0.000937838456593, -0.000135681970278, 0.000466616795165, 0.00106033519842], [-0.00879566371441, 0.0335251539946, -0.0180273484439, 0.0144254257903, -0.0208243411034, 0.00456737680361, -0.00619055889547, 0.00476092332974, 0.00200350536034, 0.00185371539555, -0.00464892061427, 0.00413881614804, -0.00817939918488], [0.00574559951201, -0.0180273484439, 0.0137725807726, -0.0101200193167, 0.0138754462823, -0.00562181184068, 0.005988933146, -0.00402841344476, -0.000945550447796, -0.00016472893185, 0.000405557977501, 0.000799012079369, 0.00285295303911], [-0.00405068602413, 0.0144254257903, -0.0101200193167, 0.0183635279536, -0.0148566113785, 0.00851823110133, -0.0120498714969, 0.0101141566411, -0.00390482204966, 0.00313336751424, -0.000275827158475, -0.00250982213765, -0.00039298683987], [0.0049885599874, -0.0208243411034, 0.0138754462823, -0.0148566113785, 0.0273828413337, -0.0135145327076, 0.0150351785123, -0.0112616661936, 0.00274206697941, -0.0023253611289, 0.0022046319209, 0.00278064794838, 0.00225335219875], [-0.000696856761351, 0.00456737680361, -0.00562181184068, 0.00851823110133, -0.0135145327076, 0.0193957816809, -0.0131432944909, 0.00892946869135, -0.00544436601922, 0.00123384362087, 0.0016737843398, -0.00516566215083, 0.00325669511221], [0.000395562499762, -0.00619055889547, 0.005988933146, -0.0120498714969, 0.0150351785123, -0.0131432944909, 0.0300105568022, -0.0233294591308, 0.0124709699303, -0.00726385228336, 0.00181330367923, 0.00679458631203, -0.00266750110313], [0.000174010812771, 0.00476092332974, -0.00402841344476, 0.0101141566411, -0.0112616661936, 0.00892946869135, -0.0233294591308, 0.0352557972074, -0.0204007290304, 0.0105576599017, -0.00404164381325, -0.00443334598094, -0.00156942848116], [-0.00188805547077, 0.00200350536034, -0.000945550447796, -0.00390482204966, 0.00274206697941, -0.00544436601922, 0.0124709699303, -0.0204007290304, 0.0356759540737, -0.0219903793186, 0.0107145942748, -0.00330753671005, 0.000551742035896], [0.000937838456593, 0.00185371539555, -0.00016472893185, 0.00313336751424, -0.0023253611289, 0.00123384362087, -0.00726385228336, 0.0105576599017, -0.0219903793186, 0.0387398675084, -0.0270738694817, 0.0105690481141, -0.00649578450248], [-0.000135681970278, -0.00464892061427, 0.000405557977501, -0.000275827158475, 0.0022046319209, 0.0016737843398, 0.00181330367923, -0.00404164381325, 0.0107145942748, -0.0270738694817, 0.0478458143771, -0.030735604465, 0.0181805342436], [0.000466616795165, 0.00413881614804, 0.000799012079369, -0.00250982213765, 0.00278064794838, -0.00516566215083, 0.00679458631203, -0.00443334598094, -0.00330753671005, 0.0105690481141, -0.030735604465, 0.0528640672565, -0.0286743622273], [0.00106033519842, -0.00817939918488, 0.00285295303911, -0.00039298683987, 0.00225335219875, 0.00325669511221, -0.00266750110313, -0.00156942848116, 0.000551742035896, -0.00649578450248, 0.0181805342436, -0.0286743622273, 0.0347869172692]]
    },
    "melbands": {
        "mean": [0.000435938709415, 0.00128523062449, 0.00174746930134, 0.000884058943484, 0.000609973620158, 0.00088489765767, 0.00181425525807, 0.000740555813536, 0.000225862168008, 0.000442166434368, 0.000489163328893, 0.00021160862525, 0.000169472332345, 0.000123949546833, 0.000112098445243, 8.56539481902e-005, 6.16563484073e-005, 3.48169232893e-005, 2.03249983315e-005, 1.45449994307e-005, 9.34639137995e-006, 5.09653818881e-006, 1.8307987375e-006, 1.54793406182e-006, 8.11785696442e-007, 4.79779544094e-007, 3.33202734737e-007, 1.61498860507e-007, 1.23981308775e-007, 7.00085251992e-008, 4.11245260068e-008, 2.22387530613e-008, 1.82069985755e-008, 1.04921706878e-008, 7.10170544593e-009, 5.81752246376e-009, 4.41520686678e-009, 3.35138916618e-009, 2.70986522111e-009, 2.42387110383e-009],
        "var": [1.38051433396e-007, 1.68436054082e-006, 9.48861907091e-006, 9.44285204696e-007, 8.23029552066e-007, 1.03682657482e-006, 2.5037704745e-006, 6.92227217769e-007, 1.0213261703e-007, 5.09678159233e-007, 4.1781413529e-007, 5.14957250175e-008, 4.36801173009e-008, 1.60605431176e-008, 1.39647937658e-008, 7.07927849675e-009, 4.35184821512e-009, 1.98799221529e-009, 7.31231297735e-010, 4.20564361114e-010, 1.97625707465e-010, 5.65808892794e-011, 4.94404517326e-012, 4.04374147014e-012, 1.08399281305e-012, 3.55088598499e-013, 2.26564521809e-013, 4.43134400431e-014, 3.50409974745e-014, 1.94002681351e-014, 5.82048727046e-015, 7.88202115084e-016, 1.15401219278e-015, 2.57198245711e-016, 8.01634694434e-017, 8.22899588924e-017, 3.40126377755e-017, 7.59571170622e-018, 1.39020202707e-018, 6.43012933372e-019]
    },
    "mfcc": {
        "mean": [-709.997497559, 242.532104492, -28.4311141968, -2.86543679237, 0.613106310368, 1.62456166744, -2.2037191391, -5.17996883392, -4.37305402756, -1.38408660889, -0.72811204195, 0.872153520584, 1.30056416988],
        "cov": [[1832.49047852, 134.186843872, -660.44342041, 106.06678009, -111.290847778, 17.1005382538, 15.6258993149, 46.1001167297, 40.6075401306, 20.2258663177, -12.5061273575, -33.8802185059, -79.1080474854], [134.186843872, 271.944641113, 24.0585098267, -49.3392982483, 69.7817993164, 17.0548763275, 25.1250495911, 6.78112125397, 11.9170322418, 8.03180217743, 9.40144634247, -13.9824943542, -17.0685920715], [-660.44342041, 24.0585098267, 451.445159912, 13.3017787933, 11.3371982574, 7.88076925278, -1.76092016697, -6.84703207016, -18.5574188232, -1.60416483879, 7.36407518387, 11.4578151703, 13.3714380264], [106.06678009, -49.3392982483, 13.3017787933, 131.554885864, -19.1952991486, -12.2380971909, -1.872138381, -0.464654475451, 0.833173573017, -8.76454353333, -6.20158338547, -0.538443505764, -1.80276584625], [-111.290847778, 69.7817993164, 11.3371982574, -19.1952991486, 148.044708252, 43.4717292786, -8.7112865448, 0.970062732697, -1.88147222996, -3.30943393707, -2.54849219322, 2.20423173904, 7.57407903671], [17.1005382538, 17.0548763275, 7.88076925278, -12.2380971909, 43.4717292786, 83.1832504272, 20.9512557983, 2.35597062111, 3.21794271469, 4.70529747009, 3.37805080414, 6.06282901764, -3.95884895325], [15.6258993149, 25.1250495911, -1.76092016697, -1.872138381, -8.7112865448, 20.9512557983, 75.0254211426, 29.4711437225, 8.55375099182, 10.0746765137, 6.10024404526, -1.58627605438, -7.49384498596], [46.1001167297, 6.78112125397, -6.84703207016, -0.464654475451, 0.970062732697, 2.35597062111, 29.4711437225, 71.4998168945, 33.9718856812, 12.2005472183, 3.84313225746, -6.59168958664, -10.2983379364], [40.6075401306, 11.9170322418, -18.5574188232, 0.833173573017, -1.88147222996, 3.21794271469, 8.55375099182, 33.9718856812, 74.8190841675, 29.5204963684, 4.47045135498, 0.279081642628, -6.02716875076], [20.2258663177, 8.03180217743, -1.60416483879, -8.76454353333, -3.30943393707, 4.70529747009, 10.0746765137, 12.2005472183, 29.5204963684, 58.3109817505, 24.2561817169, 4.73566198349, 1.91975939274], [-12.5061273575, 9.40144634247, 7.36407518387, -6.20158338547, -2.54849219322, 3.37805080414, 6.10024404526, 3.84313225746, 4.47045135498, 24.2561817169, 52.6342086792, 22.7441558838, 7.84144258499], [-33.8802185059, -13.9824943542, 11.4578151703, -0.538443505764, 2.20423173904, 6.06282901764, -1.58627605438, -6.59168958664, 0.279081642628, 4.73566198349, 22.7441558838, 58.2643852234, 31.2012615204], [-79.1080474854, -17.0685920715, 13.3714380264, -1.80276584625, 7.57407903671, -3.95884895325, -7.49384498596, -10.2983379364, -6.02716875076, 1.91975939274, 7.84144258499, 31.2012615204, 62.9079208374]],
        "icov": [[0.00410650158301, -0.00534308794886, 0.00642589107156, -0.00559272198007, 0.006227417849, -0.00535834813491, 0.00498822098598, -0.00468059722334, 0.0035034599714, -0.00318847829476, 0.00258009484969, -0.00218337238766, 0.00212343130261], [-0.00534308794886, 0.0120621556416, -0.00872550718486, 0.00891282036901, -0.0109669258818, 0.00837427563965, -0.00914600305259, 0.00767871364951, -0.00611378485337, 0.00485767284408, -0.00500590633601, 0.00413024472073, -0.00147979008034], [0.00642589107156, -0.00872550718486, 0.0123554151505, -0.00916804559529, 0.00982796680182, -0.00870794057846, 0.00807968061417, -0.00760109303519, 0.00629989942536, -0.00524935126305, 0.00397535227239, -0.00369127350859, 0.00291022262536], [-0.00559272198007, 0.00891282036901, -0.00916804559529, 0.0160878673196, -0.00854841340333, 0.00849530473351, -0.00773222884163, 0.00700675044209, -0.0060256915167, 0.00590486451983, -0.00346985273063, 0.00294087640941, -0.00219876668416], [0.006227417849, -0.0109669258818, 0.00982796680182, -0.00854841340333, 0.0197488907725, -0.0141984922811, 0.0118889166042, -0.0095800422132, 0.00661404291168, -0.00467440998182, 0.00505973631516, -0.00309663405642, 0.000779724563472], [-0.00535834813491, 0.00837427563965, -0.00870794057846, 0.00849530473351, -0.0141984922811, 0.0241214036942, -0.0131689803675, 0.00915924459696, -0.00595570169389, 0.00369147886522, -0.00325576448813, 0.000158591486979, 0.000430349813541], [0.00498822098598, -0.00914600305259, 0.00807968061417, -0.00773222884163, 0.0118889166042, -0.0131689803675, 0.0261200852692, -0.0149948019534, 0.00805199891329, -0.00642952136695, 0.00357293663546, -0.00319050205871, 0.00235366239212], [-0.00468059722334, 0.00767871364951, -0.00760109303519, 0.00700675044209, -0.0095800422132, 0.00915924459696, -0.0149948019534, 0.0280902907252, -0.0144899310544, 0.00612990790978, -0.00562106398866, 0.00507173547521, -0.000834121310618], [0.0035034599714, -0.00611378485337, 0.00629989942536, -0.0060256915167, 0.00661404291168, -0.00595570169389, 0.00805199891329, -0.0144899310544, 0.0256576631218, -0.014364939183, 0.00744450371712, -0.00540359970182, 0.00329983141273], [-0.00318847829476, 0.00485767284408, -0.00524935126305, 0.00590486451983, -0.00467440998182, 0.00369147886522, -0.00642952136695, 0.00612990790978, -0.014364939183, 0.0309701412916, -0.0156238824129, 0.00648249872029, -0.00396298756823], [0.00258009484969, -0.00500590633601, 0.00397535227239, -0.00346985273063, 0.00505973631516, -0.00325576448813, 0.00357293663546, -0.00562106398866, 0.00744450371712, -0.0156238824129, 0.0321666300297, -0.0143277449533, 0.00392002752051], [-0.00218337238766, 0.00413024472073, -0.00369127350859, 0.00294087640941, -0.00309663405642, 0.000158591486979, -0.00319050205871, 0.00507173547521, -0.00540359970182, 0.00648249872029, -0.0143277449533, 0.030913816765, -0.0141854211688], [0.00212343130261, -0.00147979008034, 0.00291022262536, -0.00219876668416, 0.000779724563472, 0.000430349813541, 0.00235366239212, -0.000834121310618, 0.00329983141273, -0.00396298756823, 0.00392002752051, -0.0141854211688, 0.0245446320623]]
    },
    "spectral_contrast_coeffs": {
        "mean": [-0.613341450691, -0.691300809383, -0.770371437073, -0.786792874336, -0.789858698845, -0.801447749138],
        "var": [0.00670014042407, 0.00730181811377, 0.00536374468356, 0.00187544105574, 0.00161319726612, 0.00102428486571]
    },
    "spectral_contrast_valleys": {
        "mean": [-7.08690357208, -6.01651859283, -6.46018838882, -7.27781248093, -8.82924556732, -12.2077484131],
        "var": [0.561286449432, 0.648711502552, 0.733883142471, 0.721814215183, 0.520842850208, 0.158541053534]
    }
},
"metadata": {
    "audio_properties": {
        "analysis_sample_rate": 44100,
        "bit_rate": 128074,
        "equal_loudness": 0,
        "length": 45.0612258911,
        "lossless": 0,
        "replay_gain": -6.13731765747,
        "sample_rate": 44100,
        "codec": "mp3",
        "downmix": "mix",
        "md5_encoded": "b1824816ead831509cf6cbd7b7b0ec37"
    },
    "tags": {
        "file_name": "1974.mp3"
    },
    "version": {
        "essentia": "2.1-beta2",
        "essentia_git_sha": "v2.1_beta2",
        "extractor": "music 1.0"
    }
},
"rhythm": {
    "beats_count": 85,
    "beats_loudness": {
        "mean": 0.0400819182396,
        "var": 0.000174561137101
    },
    "bpm": 114.928199768,
    "bpm_histogram_first_peak_bpm": {
        "mean": 115,
        "var": 0
    },
    "bpm_histogram_first_peak_spread": {
        "mean": 0.390243917704,
        "var": 0
    },
    "bpm_histogram_first_peak_weight": {
        "mean": 0.595238089561,
        "var": 0
    },
    "bpm_histogram_second_peak_bpm": {
        "mean": 108,
        "var": 0
    },
    "bpm_histogram_second_peak_spread": {
        "mean": 0,
        "var": 0
    },
    "bpm_histogram_second_peak_weight": {
        "mean": 0.023809524253,
        "var": 0
    },
    "danceability": 1.0581663847,
    "onset_rate": 3.12766575813,
    "beats_loudness_band_ratio": {
        "mean": [0.267421483994, 0.244840502739, 0.360830098391, 0.169523954391, 0.0384341962636, 0.000712928595021],
        "var": [0.0211070738733, 0.0191580094397, 0.021849187091, 0.00721286796033, 0.000672482769005, 1.64447229167e-007]
    },
    "beats_position": [0.49922901392, 1.01006805897, 1.52090704441, 2.04335594177, 2.56580495834, 3.08825397491, 3.61070299149, 4.13315200806, 4.65560102463, 5.17804956436, 5.70049858093, 6.2229475975, 6.74539661407, 7.26784563065, 7.79029464722, 8.31274318695, 8.83519268036, 9.35764122009, 9.8800907135, 10.4025392532, 10.9133787155, 11.4358272552, 11.9698867798, 12.4923353195, 13.0147848129, 13.5372333527, 14.0596818924, 14.5821313858, 15.1045799255, 15.6154193878, 16.1378688812, 16.6603164673, 17.1711559296, 17.693605423, 18.2160549164, 18.7501125336, 19.272562027, 19.7834014893, 20.3174591064, 20.851518631, 21.3623580933, 21.8731975555, 22.3956451416, 22.918094635, 23.4405441284, 23.9629936218, 24.497051239, 25.0195007324, 25.5419502258, 26.0527877808, 26.5868473053, 27.1092967987, 27.6317462921, 28.142583847, 28.6766433716, 29.2107028961, 29.7331504822, 30.2555999756, 30.778049469, 31.3004989624, 31.8113365173, 32.322177887, 32.8446235657, 33.3670730591, 33.8779144287, 34.4119720459, 34.9460296631, 35.480091095, 35.9909286499, 36.5133781433, 37.0358276367, 37.5698852539, 38.1039466858, 38.6147842407, 39.1372337341, 39.6596832275, 40.1705207825, 40.6813583374, 41.2038078308, 41.7378692627, 42.2603149414, 42.7827644348, 43.3168258667, 43.8741035461, 44.4313812256]
},
"tonal": {
    "chords_changes_rate": 0.0884773656726,
    "chords_number_rate": 0.0154320988804,
    "chords_strength": {
        "mean": 0.440484970808,
        "var": 0.00841491669416
    },
    "hpcp_entropy": {
        "mean": 2.06435370445,
        "var": 0.957634985447
    },
    "key_strength": 0.465457230806,
    "tuning_diatonic_strength": 0.456465512514,
    "tuning_equal_tempered_deviation": 0.143316179514,
    "tuning_frequency": 435.197479248,
    "tuning_nontempered_energy_ratio": 0.775455355644,
    "hpcp": {
        "mean": [0.142009198666, 0.106215827167, 0.270733118057, 0.334073007107, 0.18611882627, 0.158973023295, 0.166774168611, 0.108136586845, 0.0815155804157, 0.0765863135457, 0.0793178752065, 0.139832109213, 0.179821148515, 0.146185323596, 0.0962491557002, 0.0656519010663, 0.0682943239808, 0.111083708704, 0.134233519435, 0.138771310449, 0.12714022398, 0.0796009451151, 0.06917925179, 0.0970505326986, 0.0854966416955, 0.0648569092155, 0.164030715823, 0.26869148016, 0.201641455293, 0.100583858788, 0.0909579694271, 0.144735366106, 0.306185156107, 0.380759775639, 0.248091995716, 0.17600248754],
        "var": [0.0658543482423, 0.0218608807772, 0.0866063088179, 0.119349122047, 0.0438382774591, 0.0586571209133, 0.0850752443075, 0.0307580847293, 0.0178998224437, 0.0200356841087, 0.020597750321, 0.0445138476789, 0.0623927153647, 0.0408301688731, 0.0230391100049, 0.0138322524726, 0.0143346972764, 0.0254488047212, 0.0309779904783, 0.0562219507992, 0.0537061579525, 0.0140811437741, 0.0104523124173, 0.018965780735, 0.0164559166878, 0.00742021342739, 0.052022498101, 0.122757166624, 0.0663171410561, 0.0269854944199, 0.0299701653421, 0.0430559031665, 0.0793880522251, 0.129314720631, 0.0655463039875, 0.0771273374557]
    },
    "chords_histogram": [5.45267486572, 5.45267486572, 2.98353910446, 5.24691343307, 1.13168728352, 1.64609050751, 0, 0.514403283596, 0, 0, 0, 0, 0, 0, 1.33744859695, 4.93827152252, 3.18930029869, 15.3292179108, 3.18930029869, 7.71604919434, 9.87654304504, 14.4032926559, 17.5925922394, 0],
    "thpcp": [1, 0.651570916176, 0.462240219116, 0.372962713242, 0.27895757556, 0.711033940315, 0.877385258675, 0.488809049129, 0.417515277863, 0.438003629446, 0.284002125263, 0.214086636901, 0.201140761375, 0.208314746618, 0.367244958878, 0.472269296646, 0.383930593729, 0.252781838179, 0.172423422337, 0.179363280535, 0.291742235422, 0.35254123807, 0.364458948374, 0.333911895752, 0.209058180451, 0.181687399745, 0.254886507988, 0.224542215466, 0.170335501432, 0.430798441172, 0.705671906471, 0.529576539993, 0.264166176319, 0.238885447383, 0.380122512579, 0.804142594337],
    "chords_key": "F#",
    "chords_scale": "major",
    "key_key": "C#",
    "key_scale": "major"
}
}