{
"lowlevel": {
    "average_loudness": 0.946623265743,
    "barkbands_crest": {
        "mean": 7.2181520462,
        "var": 7.03274059296
    },
    "barkbands_flatness_db": {
        "mean": 0.226609677076,
        "var": 0.000460131617729
    },
    "barkbands_kurtosis": {
        "mean": -0.337939918041,
        "var": 0.677346944809
    },
    "barkbands_skewness": {
        "mean": 0.0595382899046,
        "var": 0.289401262999
    },
    "barkbands_spread": {
        "mean": 9.59269332886,
        "var": 5.39972639084
    },
    "dissonance": {
        "mean": 0.458184957504,
        "var": 0.000907687994186
    },
    "dynamic_complexity": 2.15040898323,
    "erbbands_crest": {
        "mean": 9.22027873993,
        "var": 7.19566392899
    },
    "erbbands_flatness_db": {
        "mean": 0.306386888027,
        "var": 0.000560890359338
    },
    "erbbands_kurtosis": {
        "mean": 1.03529560566,
        "var": 2.2235622406
    },
    "erbbands_skewness": {
        "mean": -0.453839331865,
        "var": 0.226016223431
    },
    "erbbands_spread": {
        "mean": 11.0455369949,
        "var": 11.5666017532
    },
    "hfc": {
        "mean": 22.8112716675,
        "var": 213.428726196
    },
    "melbands_crest": {
        "mean": 9.29126262665,
        "var": 15.4035568237
    },
    "melbands_flatness_db": {
        "mean": 0.300309032202,
        "var": 0.000792432983872
    },
    "melbands_kurtosis": {
        "mean": -0.264589488506,
        "var": 1.14539015293
    },
    "melbands_skewness": {
        "mean": 0.426605731249,
        "var": 0.302804619074
    },
    "melbands_spread": {
        "mean": 17.9538173676,
        "var": 24.9799461365
    },
    "pitch_salience": {
        "mean": 0.707963109016,
        "var": 0.00824998877943
    },
    "silence_rate_20dB": {
        "mean": 1,
        "var": 0
    },
    "silence_rate_30dB": {
        "mean": 1,
        "var": 0
    },
    "silence_rate_60dB": {
        "mean": 0.0278063844889,
        "var": 0.0270331799984
    },
    "spectral_centroid": {
        "mean": 801.206115723,
        "var": 80122.890625
    },
    "spectral_complexity": {
        "mean": 20.4109172821,
        "var": 17.2822208405
    },
    "spectral_decrease": {
        "mean": -7.51047135594e-009,
        "var": 1.79416384761e-017
    },
    "spectral_energy": {
        "mean": 0.030415199697,
        "var": 0.000295808073133
    },
    "spectral_energyband_high": {
        "mean": 8.27164421935e-006,
        "var": 1.03454335376e-010
    },
    "spectral_energyband_low": {
        "mean": 0.0015774811618,
        "var": 2.33066225519e-006
    },
    "spectral_energyband_middle_high": {
        "mean": 0.0135047482327,
        "var": 0.000101452060335
    },
    "spectral_energyband_middle_low": {
        "mean": 0.0164695065469,
        "var": 0.000127784267534
    },
    "spectral_entropy": {
        "mean": 6.82520437241,
        "var": 0.0349019654095
    },
    "spectral_flux": {
        "mean": 0.0976624637842,
        "var": 0.00157724157907
    },
    "spectral_kurtosis": {
        "mean": 31.7672863007,
        "var": 184.726806641
    },
    "spectral_rms": {
        "mean": 0.0052087707445,
        "var": 2.54216638496e-006
    },
    "spectral_rolloff": {
        "mean": 1197.64160156,
        "var": 183444.21875
    },
    "spectral_skewness": {
        "mean": 3.61755561829,
        "var": 0.628604769707
    },
    "spectral_spread": {
        "mean": 1299418.125,
        "var": 969642213376
    },
    "spectral_strongpeak": {
        "mean": 1.27619636059,
        "var": 1.01530110836
    },
    "zerocrossingrate": {
        "mean": 0.0365627631545,
        "var": 0.000158646318596
    },
    "barkbands": {
        "mean": [4.14122587244e-006, 0.000166592828464, 0.00076022464782, 0.0015741098905, 0.00388047052547, 0.00240031466819, 0.00249977805652, 0.0021141609177, 0.00291253742762, 0.00316744437441, 0.00302320974879, 0.00359578873031, 0.00263859750703, 0.000938282697462, 0.000418154348154, 0.000190463935724, 7.73453430156e-005, 2.79099494946e-005, 1.29467689476e-005, 7.26085818314e-006, 3.48189428223e-006, 1.1086322047e-006, 4.42794032551e-007, 2.62049610456e-007, 1.3904110574e-007, 1.41158778888e-007, 2.12863024984e-008],
        "var": [8.74738476098e-011, 5.07925754789e-008, 8.06699802069e-007, 3.66977747035e-006, 2.68293279078e-005, 8.67580001795e-006, 2.05511332751e-005, 1.17497520478e-005, 7.3506262197e-006, 8.0047038864e-006, 7.54729353503e-006, 1.16627879834e-005, 1.11609315354e-005, 1.5688062831e-006, 1.8469425811e-007, 2.68384638957e-008, 4.14964285156e-009, 6.28483209919e-010, 1.68161859437e-010, 4.55054986748e-011, 2.51710319255e-011, 6.94990115804e-012, 8.36067272272e-013, 4.21656009804e-013, 2.7807747763e-014, 2.58129690786e-015, 8.3276858155e-017]
    },
    "erbbands": {
        "mean": [0.00186455179937, 0.0590615011752, 0.687254488468, 3.20378446579, 7.42697572708, 15.8047685623, 19.8274688721, 18.4237918854, 32.316783905, 37.0627555847, 51.86510849, 72.425453186, 84.7729034424, 117.7996521, 129.259033203, 147.902023315, 128.205825806, 63.8587341309, 29.4692783356, 16.5754585266, 9.09383106232, 4.35477256775, 1.9414460659, 0.857794642448, 0.533327758312, 0.349707782269, 0.186418488622, 0.093585267663, 0.0410134419799, 0.0241121426225, 0.0117853553966, 0.00681022414938, 0.00379475369118, 0.00185175845399, 0.000867149268743, 0.000509857549332, 0.000281977409031, 8.06537573226e-005, 1.74906053871e-005, 3.53926043317e-005],
        "var": [1.04895416371e-005, 0.00496825762093, 0.557879686356, 11.9503612518, 109.273712158, 580.996887207, 841.329711914, 571.498168945, 3793.93212891, 4422.94140625, 5011.53222656, 5214.91503906, 6257.92236328, 11780.3017578, 12080.3378906, 18869.1816406, 22730.3085938, 6523.34960938, 1091.21728516, 240.518066406, 53.9211616516, 12.1198577881, 2.59312462807, 0.705137491226, 0.252236127853, 0.107482522726, 0.0553422905505, 0.0223367083818, 0.00764765776694, 0.00424947356805, 0.000632085255347, 0.000248385273153, 9.26000720938e-005, 1.13757268991e-005, 1.62997096709e-007, 2.87089232387e-008, 1.62050994845e-008, 6.91290580335e-010, 8.68952756972e-011, 4.03289679429e-010]
    },
    "gfcc": {
        "mean": [-70.0593719482, 185.085784912, -159.071777344, -44.4126930237, -38.5660934448, -5.97141551971, -29.5410137177, -15.8073482513, -30.238489151, -12.3855390549, -16.5647563934, -8.21775627136, -9.63854598999],
        "cov": [[2283.9597168, 356.721130371, -264.680419922, 118.368164063, -39.3736763, 5.31407022476, 185.832702637, -180.205932617, 42.9014091492, 15.5834875107, 9.53303337097, -127.946098328, -42.9975967407], [356.721130371, 249.873291016, 85.6977767944, -11.7820634842, 76.56590271, -26.0134849548, 26.7871685028, 8.47930812836, -7.77599620819, -2.725045681, 3.34773087502, -35.8569641113, -10.9021539688], [-264.680419922, 85.6977767944, 234.155853271, 68.6847915649, 14.7409305573, 19.8164043427, -7.0065779686, 44.1214179993, -8.33687114716, -26.4406452179, -3.07135844231, 7.04852628708, 6.62630748749], [118.368164063, -11.7820634842, 68.6847915649, 190.924072266, -12.8313045502, 53.6166152954, 64.1693344116, -33.2960777283, 1.94839894772, -17.4515304565, -16.6747570038, -0.525561928749, 3.71216368675], [-39.3736763, 76.56590271, 14.7409305573, -12.8313045502, 129.38835144, 28.7979660034, 10.9579925537, 17.7758827209, -26.0318088531, 0.607764959335, -0.691155016422, -6.96043586731, -0.68238812685], [5.31407022476, -26.0134849548, 19.8164043427, 53.6166152954, 28.7979660034, 102.558952332, 33.1353302002, -2.54780220985, 1.46010780334, -8.32765483856, -1.66047155857, -3.32662963867, 1.42583882809], [185.832702637, 26.7871685028, -7.0065779686, 64.1693344116, 10.9579925537, 33.1353302002, 97.4398269653, -9.45133495331, 2.47054457664, 0.944665312767, -8.71555423737, -16.6881694794, -1.70714318752], [-180.205932617, 8.47930812836, 44.1214179993, -33.2960777283, 17.7758827209, -2.54780220985, -9.45133495331, 92.1714477539, 24.8615055084, 6.8292798996, 10.0786218643, 10.8473577499, 1.85067760944], [42.9014091492, -7.77599620819, -8.33687114716, 1.94839894772, -26.0318088531, 1.46010780334, 2.47054457664, 24.8615055084, 64.8323745728, 34.7178955078, 15.3704853058, 0.0176701620221, -8.8210811615], [15.5834875107, -2.725045681, -26.4406452179, -17.4515304565, 0.607764959335, -8.32765483856, 0.944665312767, 6.8292798996, 34.7178955078, 51.9196434021, 25.3994064331, 6.32501888275, -3.05899739265], [9.53303337097, 3.34773087502, -3.07135844231, -16.6747570038, -0.691155016422, -1.66047155857, -8.71555423737, 10.0786218643, 15.3704853058, 25.3994064331, 44.0787658691, 16.7221069336, 7.51635408401], [-127.946098328, -35.8569641113, 7.04852628708, -0.525561928749, -6.96043586731, -3.32662963867, -16.6881694794, 10.8473577499, 0.0176701620221, 6.32501888275, 16.7221069336, 47.5703125, 25.2113456726], [-42.9975967407, -10.9021539688, 6.62630748749, 3.71216368675, -0.68238812685, 1.42583882809, -1.70714318752, 1.85067760944, -8.8210811615, -3.05899739265, 7.51635408401, 25.2113456726, 39.2343139648]],
        "icov": [[0.00482970895246, -0.0149147594348, 0.0129851978272, -0.00681524537504, 0.00946269091219, -0.00584421632811, 0.00130270514637, 0.000165265344549, 0.000278893858194, 0.00227004033513, -0.00366974575445, 0.00245400611311, -0.000608014699537], [-0.0149147594348, 0.057025782764, -0.046296261251, 0.0244254972786, -0.037678193301, 0.0253872796893, -0.00983260571957, 0.00516428332776, -0.00792150106281, -0.00142272643279, 0.00580824632198, -0.000129573469167, -0.000162204305525], [0.0129851978272, -0.046296261251, 0.0453001484275, -0.0246797241271, 0.0299521889538, -0.0197202675045, 0.00974740087986, -0.00803568866104, 0.00691769225523, 0.00481268484145, -0.00859319511801, 0.00423593632877, -0.00105382758193], [-0.00681524537504, 0.0244254972786, -0.0246797241271, 0.0225218031555, -0.0153834717348, 0.00768360449001, -0.0107413744554, 0.00852337945253, -0.00797391869128, 0.00192820478696, 0.00635315664113, -0.00663891201839, 0.00134578940924], [0.00946269091219, -0.037678193301, 0.0299521889538, -0.0153834717348, 0.0369720757008, -0.0214463956654, 0.0067299711518, -0.0089979544282, 0.0169742126018, -0.00821734033525, -0.00187752395868, 0.00222313706763, 0.000543930509593], [-0.00584421632811, 0.0253872796893, -0.0197202675045, 0.00768360449001, -0.0214463956654, 0.0257260557264, -0.00795553810894, 0.00470798835158, -0.00987768918276, 0.00694097205997, -0.00212804367766, 0.00150728749577, -0.000863447028678], [0.00130270514637, -0.00983260571957, 0.00974740087986, -0.0107413744554, 0.0067299711518, -0.00795553810894, 0.0205721203238, -0.00673273298889, 0.00701092556119, -0.0072937044315, 0.00274016032927, 0.00549753662199, -0.00336560700089], [0.000165265344549, 0.00516428332776, -0.00803568866104, 0.00852337945253, -0.0089979544282, 0.00470798835158, -0.00673273298889, 0.0237519703805, -0.0186537094414, 0.011297762394, -0.00315676443279, -0.00351707218215, -2.23758543143e-005], [0.000278893858194, -0.00792150106281, 0.00691769225523, -0.00797391869128, 0.0169742126018, -0.00987768918276, 0.00701092556119, -0.0186537094414, 0.0462048016489, -0.0320055894554, 0.00416628783569, 0.00217605661601, 0.00522614968941], [0.00227004033513, -0.00142272643279, 0.00481268484145, 0.00192820478696, -0.00821734033525, 0.00694097205997, -0.0072937044315, 0.011297762394, -0.0320055894554, 0.0546182580292, -0.0232142470777, -0.00200479058549, 0.00264988676645], [-0.00366974575445, 0.00580824632198, -0.00859319511801, 0.00635315664113, -0.00187752395868, -0.00212804367766, 0.00274016032927, -0.00315676443279, 0.00416628783569, -0.0232142470777, 0.0436322577298, -0.0145445596427, -0.00113080453593], [0.00245400611311, -0.000129573469167, 0.00423593632877, -0.00663891201839, 0.00222313706763, 0.00150728749577, 0.00549753662199, -0.00351707218215, 0.00217605661601, -0.00200479058549, -0.0145445596427, 0.0487436614931, -0.0252474639565], [-0.000608014699537, -0.000162204305525, -0.00105382758193, 0.00134578940924, 0.000543930509593, -0.000863447028678, -0.00336560700089, -2.23758543143e-005, 0.00522614968941, 0.00264988676645, -0.00113080453593, -0.0252474639565, 0.0425444468856]]
    },
    "melbands": {
        "mean": [2.96762555081e-005, 0.000257796433289, 0.000680074270349, 0.000828531687148, 0.00071336858673, 0.000420546450187, 0.000509033328854, 0.000419480958953, 0.000426845101174, 0.000451203552075, 0.000410331500461, 0.000461637013359, 0.000403721496696, 0.000404925609473, 0.000372365262592, 0.000226189265959, 0.000104494567495, 4.85866366944e-005, 2.9046972486e-005, 1.57182512339e-005, 9.42136557569e-006, 4.68038570034e-006, 2.60859633272e-006, 1.11985593776e-006, 6.44280589768e-007, 4.47729291864e-007, 3.24912207361e-007, 1.99312637505e-007, 1.1192499727e-007, 1.02373071798e-007, 3.73900554962e-008, 2.43451800941e-008, 1.76744112679e-008, 1.08974402835e-008, 6.75478739609e-009, 5.32853938751e-009, 3.68517838467e-009, 2.7658595414e-009, 2.06138239811e-009, 1.34541577879e-009],
        "var": [1.86655313428e-009, 8.21341714641e-008, 5.53493975985e-007, 1.464153911e-006, 8.58588464325e-007, 2.82976515109e-007, 8.49962361826e-007, 5.25527298123e-007, 2.94020367164e-007, 1.975516426e-007, 1.56506231974e-007, 1.89715862575e-007, 1.22560081195e-007, 1.37874366146e-007, 1.80879951017e-007, 7.31143217081e-008, 1.97817726644e-008, 3.39913541758e-009, 8.01504640435e-010, 2.18322429579e-010, 6.25728288628e-011, 1.6339525219e-011, 4.64167549882e-012, 1.1559854636e-012, 4.70821949136e-013, 2.13993834588e-013, 8.89096332364e-014, 3.84892347215e-014, 2.13642478545e-014, 2.26985991851e-014, 5.0875212856e-015, 2.30228785492e-015, 3.66418787334e-015, 6.90936051201e-016, 2.21338497084e-016, 1.45999482463e-016, 8.8256313389e-017, 5.74063345112e-017, 2.61283078643e-017, 4.96418465271e-018]
    },
    "mfcc": {
        "mean": [-712.59979248, 239.95803833, -60.9027099609, -20.3070602417, -11.1083726883, 0.115033067763, -0.0742304027081, -5.96967220306, -9.11903762817, -9.45421695709, -12.5338134766, -4.95371055603, -5.32210254669],
        "cov": [[1761.7409668, 158.338821411, -170.173934937, 168.309768677, -224.51411438, 256.451812744, 26.2096061707, -47.7281188965, 0.112312413752, 50.884147644, 67.9042739868, 51.7702941895, -34.1064414978], [158.338821411, 386.023803711, -30.1606750488, 10.2130489349, 60.8453979492, -46.7837181091, 42.7942886353, -17.9064674377, 2.08866286278, 22.3197612762, 4.13426542282, 5.57078886032, 5.81488370895], [-170.173934937, -30.1606750488, 249.805725098, 57.3105430603, 25.2215099335, -2.24536252022, 1.384360075, 42.861328125, 19.6736431122, -2.4630177021, -18.3288764954, 9.47709274292, 11.1304922104], [168.309768677, 10.2130489349, 57.3105430603, 142.20741272, -23.1411037445, 50.0204467773, 29.6030197144, 17.396654129, 17.6042041779, 0.252183526754, -14.1034259796, 8.63998508453, 6.32103443146], [-224.51411438, 60.8453979492, 25.2215099335, -23.1411037445, 123.531486511, -20.3546028137, 24.1048030853, 18.585603714, 1.27435946465, 6.17669296265, -6.22031736374, -6.43993902206, 4.02147006989], [256.451812744, -46.7837181091, -2.24536252022, 50.0204467773, -20.3546028137, 145.317718506, 44.7388839722, 8.14488792419, 10.0098972321, 0.77783292532, 4.1668844223, 0.832883000374, -14.1224155426], [26.2096061707, 42.7942886353, 1.384360075, 29.6030197144, 24.1048030853, 44.7388839722, 92.6814041138, 31.1060562134, 13.0629253387, 7.01555395126, -22.556055069, -0.887789607048, 1.34748709202], [-47.7281188965, -17.9064674377, 42.861328125, 17.396654129, 18.585603714, 8.14488792419, 31.1060562134, 57.2800521851, 25.2211437225, 6.60164260864, -8.4291934967, -3.228120327, 4.47320652008], [0.112312413752, 2.08866286278, 19.6736431122, 17.6042041779, 1.27435946465, 10.0098972321, 13.0629253387, 25.2211437225, 43.1487922668, 19.1156082153, 5.59511137009, 3.95447897911, 1.64773344994], [50.884147644, 22.3197612762, -2.4630177021, 0.252183526754, 6.17669296265, 0.77783292532, 7.01555395126, 6.60164260864, 19.1156082153, 44.9999771118, 28.8543777466, 13.099448204, 3.37685394287], [67.9042739868, 4.13426542282, -18.3288764954, -14.1034259796, -6.22031736374, 4.1668844223, -22.556055069, -8.4291934967, 5.59511137009, 28.8543777466, 67.2372360229, 20.6193218231, 0.859933555126], [51.7702941895, 5.57078886032, 9.47709274292, 8.63998508453, -6.43993902206, 0.832883000374, -0.887789607048, -3.228120327, 3.95447897911, 13.099448204, 20.6193218231, 41.8170471191, 19.9827594757], [-34.1064414978, 5.81488370895, 11.1304922104, 6.32103443146, 4.02147006989, -14.1224155426, 1.34748709202, 4.47320652008, 1.64773344994, 3.37685394287, 0.859933555126, 19.9827594757, 39.0806770325]],
        "icov": [[0.00207766308449, -0.00201076176018, 0.00135499238968, -0.00127656944096, 0.00341654918157, -0.00410377047956, 0.00273123080842, -0.00257128104568, 0.00289762835018, -0.00305031333119, 0.00113004224841, -0.00258623831905, 0.00173750240356], [-0.00201076176018, 0.00575558887795, -0.00103868450969, -2.948573092e-005, -0.00498682400212, 0.00638610264286, -0.00610554032028, 0.00634042546153, -0.00393835408613, 0.00235932366922, -0.00227355421521, 0.00288451323286, -0.00146765774116], [0.00135499238968, -0.00103868450969, 0.00660302164033, -0.00318961008452, 0.00055089435773, -0.00253917952068, 0.004658870399, -0.00610298803076, 0.00191805046052, -0.00199756841175, 0.00287817092612, -0.00447298679501, 0.00185156974476], [-0.00127656944096, -2.948573092e-005, -0.00318961008452, 0.0114345820621, 0.000777058419771, -0.00098461296875, -0.002474949928, 0.00102500326466, -0.00391917815432, 0.00210906937718, 0.00160226796288, 0.000342591112712, -0.00274591916241], [0.00341654918157, -0.00498682400212, 0.00055089435773, 0.000777058419771, 0.0166877973825, -0.00608308520168, 0.00193697703071, -0.00729907210916, 0.00695547880605, -0.00626039365306, 0.00145914743189, -0.00177571550012, 0.00141788891051], [-0.00410377047956, 0.00638610264286, -0.00253917952068, -0.00098461296875, -0.00608308520168, 0.0201751869172, -0.0139793427661, 0.00904348772019, -0.00792817771435, 0.00923235435039, -0.00743623590097, 0.0052458900027, 0.000732077111024], [0.00273123080842, -0.00610554032028, 0.004658870399, -0.002474949928, 0.00193697703071, -0.0139793427661, 0.0286187566817, -0.0173575133085, 0.00788230355829, -0.0116295907646, 0.0137434145436, -0.00849977508187, 0.00283073587343], [-0.00257128104568, 0.00634042546153, -0.00610298803076, 0.00102500326466, -0.00729907210916, 0.00904348772019, -0.0173575133085, 0.0411480292678, -0.0217925310135, 0.00716526759788, -0.00565655296668, 0.0108942463994, -0.00685357255861], [0.00289762835018, -0.00393835408613, 0.00191805046052, -0.00391917815432, 0.00695547880605, -0.00792817771435, 0.00788230355829, -0.0217925310135, 0.0451297201216, -0.0212106667459, 0.0049027595669, -0.00504282349721, 0.00424494314939], [-0.00305031333119, 0.00235932366922, -0.00199756841175, 0.00210906937718, -0.00626039365306, 0.00923235435039, -0.0116295907646, 0.00716526759788, -0.0212106667459, 0.0478052608669, -0.0202995184809, 0.000846169074066, -0.00244643632323], [0.00113004224841, -0.00227355421521, 0.00287817092612, 0.00160226796288, 0.00145914743189, -0.00743623590097, 0.0137434145436, -0.00565655296668, 0.0049027595669, -0.0202995184809, 0.0322159864008, -0.0146713284776, 0.00592203484848], [-0.00258623831905, 0.00288451323286, -0.00447298679501, 0.000342591112712, -0.00177571550012, 0.0052458900027, -0.00849977508187, 0.0108942463994, -0.00504282349721, 0.000846169074066, -0.0146713284776, 0.046774841845, -0.0237978212535], [0.00173750240356, -0.00146765774116, 0.00185156974476, -0.00274591916241, 0.00141788891051, 0.000732077111024, 0.00283073587343, -0.00685357255861, 0.00424494314939, -0.00244643632323, 0.00592203484848, -0.0237978212535, 0.0401155427098]]
    },
    "spectral_contrast_coeffs": {
        "mean": [-0.531571090221, -0.740875065327, -0.78603374958, -0.770115613937, -0.78531730175, -0.78208553791],
        "var": [0.00525770476088, 0.00539584225044, 0.00218531233259, 0.00153141666669, 0.000610418152064, 0.00139039568603]
    },
    "spectral_contrast_valleys": {
        "mean": [-8.22007465363, -6.1652803421, -5.89935779572, -6.91602516174, -8.68623733521, -12.5362186432],
        "var": [0.840676546097, 0.580910980701, 0.516956865788, 0.517482697964, 0.459133476019, 0.229445800185]
    }
},
"metadata": {
    "audio_properties": {
        "analysis_sample_rate": 44100,
        "bit_rate": 128074,
        "equal_loudness": 0,
        "length": 45.0612258911,
        "lossless": 0,
        "replay_gain": -6.2646446228,
        "sample_rate": 44100,
        "codec": "mp3",
        "downmix": "mix",
        "md5_encoded": "ce334f4ef1afa1edd1f4d9cd51633584"
    },
    "tags": {
        "file_name": "1975.mp3"
    },
    "version": {
        "essentia": "2.1-beta2",
        "essentia_git_sha": "v2.1_beta2",
        "extractor": "music 1.0"
    }
},
"rhythm": {
    "beats_count": 115,
    "beats_loudness": {
        "mean": 0.0377158895135,
        "var": 0.000332134775817
    },
    "bpm": 154.956085205,
    "bpm_histogram_first_peak_bpm": {
        "mean": 157,
        "var": 0
    },
    "bpm_histogram_first_peak_spread": {
        "mean": 0.257142841816,
        "var": 0
    },
    "bpm_histogram_first_peak_weight": {
        "mean": 0.456140339375,
        "var": 0
    },
    "bpm_histogram_second_peak_bpm": {
        "mean": 152,
        "var": 0
    },
    "bpm_histogram_second_peak_spread": {
        "mean": 0.216216206551,
        "var": 0
    },
    "bpm_histogram_second_peak_weight": {
        "mean": 0.254385977983,
        "var": 0
    },
    "danceability": 1.10604095459,
    "onset_rate": 3.52694225311,
    "beats_loudness_band_ratio": {
        "mean": [0.0877194330096, 0.180688500404, 0.285809993744, 0.434983760118, 0.0461261160672, 0.000970291264821],
        "var": [0.00500165997073, 0.0160635467619, 0.0243186205626, 0.0224844831973, 0.000685146369506, 3.67418437008e-007]
    },
    "beats_position": [0.383129239082, 0.766258478165, 1.16099774837, 1.55573689938, 1.9620860815, 2.38004541397, 2.79800438881, 3.22757363319, 3.63392281532, 4.04027223587, 4.42340135574, 4.80653047562, 5.20126962662, 5.5727891922, 5.95591831207, 6.33904743195, 6.71056699753, 7.0936961174, 7.47682523727, 7.87156438828, 8.26630401611, 8.64943313599, 9.03256225586, 9.41569137573, 9.79882049561, 10.1819496155, 10.5650787354, 10.9365987778, 11.3197278976, 11.7028570175, 12.0859861374, 12.4691152573, 12.840634346, 13.2121543884, 13.5952835083, 13.966802597, 14.3383216858, 14.7214508057, 15.1045799255, 15.4877090454, 15.870839119, 16.2539672852, 16.637096405, 17.0202255249, 17.4033565521, 17.786485672, 18.1580047607, 18.5295238495, 18.9010429382, 19.272562027, 19.667301178, 20.062040329, 20.45677948, 20.851518631, 21.246257782, 21.640996933, 22.0241260529, 22.4072551727, 22.7903842926, 23.1735134125, 23.5450344086, 23.9397735596, 24.3112926483, 24.6944217682, 25.0659408569, 25.4490699768, 25.8089790344, 26.1804981232, 26.563627243, 26.958366394, 27.3414955139, 27.7246246338, 28.1077537537, 28.4908847809, 28.8856239319, 29.2803630829, 29.6518821716, 30.0350112915, 30.4181404114, 30.8012695313, 31.1960086823, 31.5791378021, 31.962266922, 32.3453979492, 32.7285270691, 33.111656189, 33.4947853088, 33.8779144287, 34.2726516724, 34.6673927307, 35.0389099121, 35.4104309082, 35.7935600281, 36.1766891479, 36.5714263916, 36.96616745, 37.3492965698, 37.7440338135, 38.1387748718, 38.5219039917, 38.91664505, 39.3113822937, 39.7177314758, 40.124080658, 40.5420417786, 40.9599990845, 41.3779602051, 41.7843093872, 42.1790466309, 42.5737876892, 42.9801368713, 43.374874115, 43.7696151733, 44.164352417, 44.5707015991]
},
"tonal": {
    "chords_changes_rate": 0.0977366268635,
    "chords_number_rate": 0.0113168722019,
    "chords_strength": {
        "mean": 0.502545714378,
        "var": 0.00740076974034
    },
    "hpcp_entropy": {
        "mean": 2.22360301018,
        "var": 0.960946440697
    },
    "key_strength": 0.765091121197,
    "tuning_diatonic_strength": 0.668223679066,
    "tuning_equal_tempered_deviation": 0.155062347651,
    "tuning_frequency": 434.444000244,
    "tuning_nontempered_energy_ratio": 0.809866905212,
    "hpcp": {
        "mean": [0.215700924397, 0.248476579785, 0.306754261255, 0.331485271454, 0.239450961351, 0.137810081244, 0.124765947461, 0.139716878533, 0.229082763195, 0.348060458899, 0.298310577869, 0.186460003257, 0.157397612929, 0.210371300578, 0.2444075495, 0.191440090537, 0.167320370674, 0.270531624556, 0.383393496275, 0.286075353622, 0.169881641865, 0.167503103614, 0.21438126266, 0.285770446062, 0.372809648514, 0.336886286736, 0.194893449545, 0.130826309323, 0.114898741245, 0.158341959119, 0.203848421574, 0.183742403984, 0.152168035507, 0.145740896463, 0.142652705312, 0.17287991941],
        "var": [0.0438874848187, 0.0582529082894, 0.0808842182159, 0.0955904424191, 0.060725517571, 0.0280564874411, 0.0289468150586, 0.0325318016112, 0.0584525614977, 0.100721165538, 0.0714580491185, 0.0380083471537, 0.0302151143551, 0.0520411208272, 0.0576958619058, 0.0380400791764, 0.0314367637038, 0.0600621178746, 0.130877032876, 0.0822243094444, 0.0347006134689, 0.0347083769739, 0.0580592416227, 0.0667683035135, 0.104596987367, 0.0863778293133, 0.0442377440631, 0.030249228701, 0.0246819965541, 0.0363527722657, 0.0458046495914, 0.0375254414976, 0.0347749441862, 0.041194755584, 0.0374790839851, 0.0393583290279]
    },
    "chords_histogram": [7.92181062698, 1.13168728352, 41.7695465088, 6.06995868683, 0.102880656719, 0, 0, 0, 0, 0, 9.15637874603, 0, 0, 0, 0, 4.11522626877, 0, 2.77777767181, 0, 1.13168728352, 6.68724298477, 10.9053497314, 8.23045253754, 0],
    "thpcp": [1, 0.746166408062, 0.443099945784, 0.436896055937, 0.559167683125, 0.745371162891, 0.972394287586, 0.878695905209, 0.508337914944, 0.341232478619, 0.299688816071, 0.413001149893, 0.531695067883, 0.479252785444, 0.396897792816, 0.380133986473, 0.372079104185, 0.450920313597, 0.562609791756, 0.648098051548, 0.800102949142, 0.864608466625, 0.624556660652, 0.359448134899, 0.325425297022, 0.364421606064, 0.597513437271, 0.907841324806, 0.778079390526, 0.486341059208, 0.410538047552, 0.548708558083, 0.637484848499, 0.499330550432, 0.436419427395, 0.705623924732],
    "chords_key": "F",
    "chords_scale": "major",
    "key_key": "A#",
    "key_scale": "major"
}
}