{
"lowlevel": {
    "average_loudness": 0.97517323494,
    "barkbands_crest": {
        "mean": 9.23246383667,
        "var": 14.1986207962
    },
    "barkbands_flatness_db": {
        "mean": 0.22352668643,
        "var": 0.00109751452692
    },
    "barkbands_kurtosis": {
        "mean": 0.512160778046,
        "var": 4.20046329498
    },
    "barkbands_skewness": {
        "mean": 0.0820894241333,
        "var": 0.48057487607
    },
    "barkbands_spread": {
        "mean": 9.27843284607,
        "var": 15.7294435501
    },
    "dissonance": {
        "mean": 0.456788122654,
        "var": 0.00112202891614
    },
    "dynamic_complexity": 2.16728162766,
    "erbbands_crest": {
        "mean": 11.6328477859,
        "var": 24.1565952301
    },
    "erbbands_flatness_db": {
        "mean": 0.302499085665,
        "var": 0.00174202804919
    },
    "erbbands_kurtosis": {
        "mean": 1.40899562836,
        "var": 6.84019374847
    },
    "erbbands_skewness": {
        "mean": -0.201610699296,
        "var": 0.420099139214
    },
    "erbbands_spread": {
        "mean": 11.3516654968,
        "var": 28.097120285
    },
    "hfc": {
        "mean": 23.8007202148,
        "var": 275.333343506
    },
    "melbands_crest": {
        "mean": 11.4631690979,
        "var": 21.8285980225
    },
    "melbands_flatness_db": {
        "mean": 0.29132643342,
        "var": 0.00131028017495
    },
    "melbands_kurtosis": {
        "mean": 0.648720145226,
        "var": 4.54978275299
    },
    "melbands_skewness": {
        "mean": 0.388361126184,
        "var": 0.629789829254
    },
    "melbands_spread": {
        "mean": 17.0532665253,
        "var": 51.6561088562
    },
    "pitch_salience": {
        "mean": 0.620024442673,
        "var": 0.00908291433007
    },
    "silence_rate_20dB": {
        "mean": 1,
        "var": 0
    },
    "silence_rate_30dB": {
        "mean": 0.998970150948,
        "var": 0.00102881423663
    },
    "silence_rate_60dB": {
        "mean": 0.0422245115042,
        "var": 0.0404419340193
    },
    "spectral_centroid": {
        "mean": 880.02947998,
        "var": 47475.8203125
    },
    "spectral_complexity": {
        "mean": 18.5185375214,
        "var": 34.4297790527
    },
    "spectral_decrease": {
        "mean": -7.21366921752e-009,
        "var": 2.02726615665e-017
    },
    "spectral_energy": {
        "mean": 0.029384797439,
        "var": 0.00033878305112
    },
    "spectral_energyband_high": {
        "mean": 1.3184189811e-005,
        "var": 6.00585359223e-010
    },
    "spectral_energyband_low": {
        "mean": 0.00192998012062,
        "var": 1.18230509543e-005
    },
    "spectral_energyband_middle_high": {
        "mean": 0.0144692957401,
        "var": 0.000163996373885
    },
    "spectral_energyband_middle_low": {
        "mean": 0.0141465319321,
        "var": 0.000101439472928
    },
    "spectral_entropy": {
        "mean": 6.79240083694,
        "var": 0.0712651535869
    },
    "spectral_flux": {
        "mean": 0.0861807465553,
        "var": 0.00143934844527
    },
    "spectral_kurtosis": {
        "mean": 30.0592803955,
        "var": 245.838088989
    },
    "spectral_rms": {
        "mean": 0.00503993686289,
        "var": 3.26712870446e-006
    },
    "spectral_rolloff": {
        "mean": 1216.18261719,
        "var": 211392.5
    },
    "spectral_skewness": {
        "mean": 3.56589317322,
        "var": 1.04617762566
    },
    "spectral_spread": {
        "mean": 1511894.125,
        "var": 1.2719053865e+012
    },
    "spectral_strongpeak": {
        "mean": 2.14814472198,
        "var": 3.31578826904
    },
    "zerocrossingrate": {
        "mean": 0.0408609956503,
        "var": 0.00017412485613
    },
    "barkbands": {
        "mean": [2.82890596282e-006, 0.000157236441737, 0.000815498991869, 0.00168452796061, 0.00220651179552, 0.00134604936466, 0.00230499031022, 0.00273571047001, 0.00316124875098, 0.00242839963175, 0.00436719600111, 0.00395331252366, 0.00196706759743, 0.00118264183402, 0.000578311854042, 0.000254368991591, 0.000128142142785, 6.49015491945e-005, 2.53754387813e-005, 1.17806775961e-005, 4.84764132125e-006, 1.82569590379e-006, 1.41011139476e-006, 2.78002971754e-007, 1.61133584697e-007, 1.99423652703e-007, 3.11603116643e-008],
        "var": [2.62877393464e-011, 7.84251099617e-008, 2.12974600799e-006, 1.32686936922e-005, 9.96899598249e-006, 3.1989470699e-006, 1.00715260487e-005, 1.4750590708e-005, 2.14421397686e-005, 1.77007186721e-005, 5.96509235038e-005, 2.62484791165e-005, 4.95596623296e-006, 3.01138061332e-006, 5.62131617698e-007, 1.300465442e-007, 3.15112949067e-008, 1.01300532407e-008, 2.19492957143e-009, 7.3346601015e-010, 8.32095503611e-011, 1.806587345e-011, 1.12793220944e-011, 6.71555435501e-014, 2.14777168117e-015, 1.88725462802e-015, 1.51192720872e-016]
    },
    "erbbands": {
        "mean": [0.00211369013414, 0.052885197103, 0.63492923975, 4.04021024704, 7.2157497406, 6.22326946259, 7.85900640488, 12.0357351303, 32.0283317566, 46.3256759644, 53.5311660767, 74.0556869507, 73.3264923096, 121.75315094, 180.482177734, 150.922744751, 93.0535888672, 70.6320724487, 41.6237449646, 22.257642746, 13.7649927139, 7.27856492996, 4.12022924423, 1.80400371552, 1.05146145821, 0.546060800552, 0.27372226119, 0.141569241881, 0.0669683143497, 0.0489881448448, 0.0400924608111, 0.0110105173662, 0.0036105774343, 0.00182098336518, 0.00119689910207, 0.000728806189727, 0.000388737535104, 0.000114417387522, 1.80217812158e-005, 3.44610452885e-005],
        "var": [1.00988736449e-005, 0.00762305036187, 1.1814416647, 65.3700332642, 126.471839905, 101.241798401, 186.305343628, 248.408569336, 2395.37768555, 3650.68994141, 5282.82714844, 14348.7167969, 13075.1884766, 51122.1015625, 74853.171875, 37200.8984375, 9528.48242188, 9330.1015625, 3427.16015625, 824.009033203, 359.060821533, 85.7470474243, 36.2414245605, 8.24936389923, 4.6210641861, 1.51901102066, 0.300979197025, 0.0857562571764, 0.0232728980482, 0.00954807363451, 0.0113799329847, 0.000421036791522, 6.80312950863e-006, 4.34496087109e-007, 1.17571978819e-007, 3.77817102049e-008, 8.87906281832e-009, 8.78666528425e-010, 1.02092737042e-010, 4.69482619447e-010]
    },
    "gfcc": {
        "mean": [-72.1026229858, 168.505004883, -160.919616699, -39.3215560913, -39.0240898132, -1.04253256321, -29.1403408051, -11.1950235367, -24.5590362549, -9.53035926819, -16.922952652, -8.0783290863, -17.1450214386],
        "cov": [[2572.26367188, 425.801208496, -560.386047363, 8.76351356506, -34.5654144287, -194.197525024, 79.454536438, -210.098953247, 41.5446205139, -166.032348633, 0.0470132417977, -84.067024231, 14.2174272537], [425.801208496, 347.234344482, 123.494171143, -55.2641143799, 80.2259368896, -28.0455589294, 12.0240345001, -8.6791639328, -8.23910808563, 0.856732964516, 6.60088729858, -45.0733566284, 3.68660926819], [-560.386047363, 123.494171143, 454.139343262, 124.018341064, 32.0406494141, 75.6225128174, -21.6861610413, 42.2460746765, -28.0796527863, 49.7396812439, 6.23985290527, 4.80780696869, -27.65193367], [8.76351356506, -55.2641143799, 124.018341064, 400.394226074, 30.4999065399, 10.6740474701, -10.2046661377, -45.3603553772, -29.2143917084, -28.2464427948, -11.5129957199, 12.1934070587, -36.7461242676], [-34.5654144287, 80.2259368896, 32.0406494141, 30.4999065399, 184.067962646, 60.5026321411, 20.8034114838, 23.310338974, -46.5134086609, -13.762673378, -32.5358543396, -27.6697216034, 6.18860340118], [-194.197525024, -28.0455589294, 75.6225128174, 10.6740474701, 60.5026321411, 136.370422363, 42.5215950012, 14.3101806641, -15.5646524429, -13.1575708389, -34.649772644, -4.86235046387, 0.622458934784], [79.454536438, 12.0240345001, -21.6861610413, -10.2046661377, 20.8034114838, 42.5215950012, 78.5855331421, 21.0078144073, -0.885864794254, -21.0124397278, -12.5307435989, -10.744934082, 3.36357045174], [-210.098953247, -8.6791639328, 42.2460746765, -45.3603553772, 23.310338974, 14.3101806641, 21.0078144073, 104.467529297, 26.149023056, 20.4673786163, 6.65823602676, 11.7793083191, -1.04205548763], [41.5446205139, -8.23910808563, -28.0796527863, -29.2143917084, -46.5134086609, -15.5646524429, -0.885864794254, 26.149023056, 82.4397201538, 32.7699775696, 13.3822946548, 10.157585144, -1.1188467741], [-166.032348633, 0.856732964516, 49.7396812439, -28.2464427948, -13.762673378, -13.1575708389, -21.0124397278, 20.4673786163, 32.7699775696, 105.560424805, 45.4300842285, 6.27078676224, -10.5675897598], [0.0470132417977, 6.60088729858, 6.23985290527, -11.5129957199, -32.5358543396, -34.649772644, -12.5307435989, 6.65823602676, 13.3822946548, 45.4300842285, 87.4401092529, 36.5077056885, -10.3556251526], [-84.067024231, -45.0733566284, 4.80780696869, 12.1934070587, -27.6697216034, -4.86235046387, -10.744934082, 11.7793083191, 10.157585144, 6.27078676224, 36.5077056885, 68.8170623779, 22.4687080383], [14.2174272537, 3.68660926819, -27.65193367, -36.7461242676, 6.18860340118, 0.622458934784, 3.36357045174, -1.04205548763, -1.1188467741, -10.5675897598, -10.3556251526, 22.4687080383, 56.8482284546]],
        "icov": [[0.00425415532663, -0.0111741358414, 0.00973713118583, -0.0047455993481, 0.00609931908548, -0.00397917535156, 0.000113704845717, 0.000468120910227, 0.000509302481078, 0.00125375692733, -0.000351088499883, -0.000167869409779, 0.000956418341957], [-0.0111741358414, 0.0385467670858, -0.0319975577295, 0.0161877367646, -0.0240460094064, 0.0189596023411, -0.00617182673886, 0.00610359804705, -0.00846438389271, 0.0017256870633, -0.00347384577617, 0.00498827919364, -0.0043687527068], [0.00973713118583, -0.0319975577295, 0.030539451167, -0.0149872908369, 0.0208907425404, -0.0181127898395, 0.00694420747459, -0.00703291874379, 0.00871359650046, -0.00257980288006, 0.00156607478857, -0.00197794870473, 0.00295041780919], [-0.0047455993481, 0.0161877367646, -0.0149872908369, 0.0108565567061, -0.0119755547494, 0.00984132103622, -0.00412913644686, 0.00583747401834, -0.00439484603703, 0.00140024570283, 0.00119951961096, -0.00291541218758, 0.00295640318654], [0.00609931908548, -0.0240460094064, 0.0208907425404, -0.0119755547494, 0.0255260057747, -0.0177144743502, 0.00739498389885, -0.0110626267269, 0.0128508294001, -0.00360248354264, 0.00174778408837, 0.00253942864947, -0.00187251460738], [-0.00397917535156, 0.0189596023411, -0.0181127898395, 0.00984132103622, -0.0177144743502, 0.0264227110893, -0.0145615693182, 0.0103463307023, -0.00813584495336, 0.00190471671522, 0.00469140242785, -0.00462432811037, 0.00288321147673], [0.000113704845717, -0.00617182673886, 0.00694420747459, -0.00412913644686, 0.00739498389885, -0.0145615693182, 0.0249463953078, -0.0116265090182, 0.0046884547919, 0.00170348945539, -0.00414886884391, 0.00694537442178, -0.0043460954912], [0.000468120910227, 0.00610359804705, -0.00703291874379, 0.00583747401834, -0.0110626267269, 0.0103463307023, -0.0116265090182, 0.0229120962322, -0.0121313147247, 0.00293417088687, 0.000725742196664, -0.00585353001952, 0.00479080528021], [0.000509302481078, -0.00846438389271, 0.00871359650046, -0.00439484603703, 0.0128508294001, -0.00813584495336, 0.0046884547919, -0.0121313147247, 0.0258022285998, -0.0106568811461, 0.00580202834681, -0.00359803275205, 0.00101533881389], [0.00125375692733, 0.0017256870633, -0.00257980288006, 0.00140024570283, -0.00360248354264, 0.00190471671522, 0.00170348945539, 0.00293417088687, -0.0106568811461, 0.0209042150527, -0.0135467359796, 0.00878489483148, -0.00271459599026], [-0.000351088499883, -0.00347384577617, 0.00156607478857, 0.00119951961096, 0.00174778408837, 0.00469140242785, -0.00414886884391, 0.000725742196664, 0.00580202834681, -0.0135467359796, 0.0314355567098, -0.0238324906677, 0.0146092688665], [-0.000167869409779, 0.00498827919364, -0.00197794870473, -0.00291541218758, 0.00253942864947, -0.00462432811037, 0.00694537442178, -0.00585353001952, -0.00359803275205, 0.00878489483148, -0.0238324906677, 0.040845181793, -0.0227949880064], [0.000956418341957, -0.0043687527068, 0.00295041780919, 0.00295640318654, -0.00187251460738, 0.00288321147673, -0.0043460954912, 0.00479080528021, 0.00101533881389, -0.00271459599026, 0.0146092688665, -0.0227949880064, 0.0326843038201]]
    },
    "melbands": {
        "mean": [3.11359544867e-005, 0.000244541792199, 0.000779125373811, 0.00050299911527, 0.00026987894671, 0.000284013978671, 0.000482673814986, 0.000552235520445, 0.000442983815446, 0.000467756850412, 0.000343315274222, 0.000450143736089, 0.000621031678747, 0.000467175239464, 0.000287898292299, 0.000193611718714, 0.000116940878797, 7.11121538188e-005, 3.83124825021e-005, 2.1040907086e-005, 1.45715748658e-005, 7.90700050857e-006, 4.82000632474e-006, 2.75366483038e-006, 1.30108003304e-006, 8.99907661278e-007, 5.66590813378e-007, 3.03778818989e-007, 1.82606001431e-007, 1.1839465941e-007, 6.93664219398e-008, 3.91138250677e-008, 2.91145454412e-008, 2.5775387158e-008, 2.53254146543e-008, 1.3872143434e-008, 4.25935420267e-009, 2.67738697879e-009, 1.62737079368e-009, 1.44840039962e-009],
        "var": [2.79579981388e-009, 1.68522220179e-007, 1.98601446755e-006, 5.96743007009e-007, 1.97781346856e-007, 1.5065582204e-007, 5.14745863711e-007, 5.63826802136e-007, 4.40316370032e-007, 5.63500407225e-007, 3.33309714051e-007, 7.6456746001e-007, 1.13385635814e-006, 4.0567951487e-007, 1.32061387603e-007, 5.890612087e-008, 2.72573004167e-008, 1.20478187426e-008, 2.60961718901e-009, 8.52817760855e-010, 4.35311925395e-010, 1.25674443074e-010, 4.78819137117e-011, 2.52690021685e-011, 5.27381697341e-012, 4.04860693581e-012, 1.49901673106e-012, 5.60332542084e-013, 1.50333033782e-013, 5.28169122208e-014, 2.76475196225e-014, 9.27266025601e-015, 4.19364614581e-015, 2.93995860981e-015, 4.33430655462e-015, 1.77879078857e-015, 2.26294397523e-017, 4.69067490163e-018, 4.89132213826e-019, 2.96851934939e-019]
    },
    "mfcc": {
        "mean": [-715.134155273, 222.966964722, -60.9151611328, -19.3132801056, -10.316324234, 3.27133059502, -3.54065489769, -1.38530695438, -8.57713603973, -4.65201377869, -5.83992147446, -1.68051707745, -3.80715489388],
        "cov": [[2412.40600586, 218.435272217, -537.163269043, 140.31072998, -225.967071533, 41.0335006714, -142.381118774, 12.0933828354, -112.616920471, -14.7747097015, -108.301094055, -41.2793273926, -60.1602516174], [218.435272217, 508.522186279, 1.84466600418, -104.496658325, 43.8494110107, -46.1729011536, 59.607421875, -46.6881065369, 36.8843955994, 0.536347985268, 47.4179611206, 2.34652519226, -12.7550058365], [-537.163269043, 1.84466600418, 417.628692627, 104.995437622, 58.5775947571, 33.6962051392, 15.3148384094, 9.08199310303, -20.3927345276, 19.626657486, 27.9124450684, 30.0766181946, 18.8778438568], [140.31072998, -104.496658325, 104.995437622, 282.564758301, 60.4339294434, 44.4799308777, 1.34870100021, 7.91128110886, -46.1630516052, -0.628778994083, -22.1317424774, -5.50282669067, 8.00347423553], [-225.967071533, 43.8494110107, 58.5775947571, 60.4339294434, 148.424880981, 42.5807304382, 61.6306343079, 10.8142671585, 25.2299785614, 0.312317013741, 1.59579956532, -9.70100593567, -6.78759527206], [41.0335006714, -46.1729011536, 33.6962051392, 44.4799308777, 42.5807304382, 129.564468384, 41.2830276489, 20.0265331268, 12.0970859528, 1.19660258293, -21.122461319, -19.8096904755, -22.4458370209], [-142.381118774, 59.607421875, 15.3148384094, 1.34870100021, 61.6306343079, 41.2830276489, 122.07800293, 30.3286075592, 27.9611186981, -2.66797709465, 5.3759431839, -17.1961479187, -7.36625337601], [12.0933828354, -46.6881065369, 9.08199310303, 7.91128110886, 10.8142671585, 20.0265331268, 30.3286075592, 105.675460815, 34.1042671204, -5.19439172745, -28.2796630859, -3.22648954391, -1.7263906002], [-112.616920471, 36.8843955994, -20.3927345276, -46.1630516052, 25.2299785614, 12.0970859528, 27.9611186981, 34.1042671204, 108.271087646, 17.0120105743, 0.31450971961, -10.8909578323, -9.02496814728], [-14.7747097015, 0.536347985268, 19.626657486, -0.628778994083, 0.312317013741, 1.19660258293, -2.66797709465, -5.19439172745, 17.0120105743, 61.8059806824, 22.2865180969, -3.28174591064, -0.0827140286565], [-108.301094055, 47.4179611206, 27.9124450684, -22.1317424774, 1.59579956532, -21.122461319, 5.3759431839, -28.2796630859, 0.31450971961, 22.2865180969, 90.5231018066, 39.1014022827, 3.73779726028], [-41.2793273926, 2.34652519226, 30.0766181946, -5.50282669067, -9.70100593567, -19.8096904755, -17.1961479187, -3.22648954391, -10.8909578323, -3.28174591064, 39.1014022827, 89.2537918091, 37.6807746887], [-60.1602516174, -12.7550058365, 18.8778438568, 8.00347423553, -6.78759527206, -22.4458370209, -7.36625337601, -1.7263906002, -9.02496814728, -0.0827140286565, 3.73779726028, 37.6807746887, 82.8701553345]],
        "icov": [[0.00508344592527, -0.00724110193551, 0.00814155675471, -0.00762988673523, 0.00860667508096, -0.0076196375303, 0.00668855383992, -0.00663107028231, 0.00587946595624, -0.00430333754048, 0.00287756999023, -0.00189221475739, 0.00192220322788], [-0.00724110193551, 0.0130867725238, -0.0118604088202, 0.0117432754487, -0.0130315581337, 0.0122253522277, -0.0111468099058, 0.0111032826826, -0.00910209584981, 0.00652560265735, -0.00434739934281, 0.00250686029904, -0.0021189309191], [0.00814155675471, -0.0118604088202, 0.0160268303007, -0.0130742853507, 0.0129689089954, -0.0128823965788, 0.0110326912254, -0.0113570354879, 0.0101634571329, -0.00779904797673, 0.00372757180594, -0.00364158861339, 0.00260051968507], [-0.00762988673523, 0.0117432754487, -0.0130742853507, 0.0168043915182, -0.0154880052432, 0.0107081504539, -0.00939705967903, 0.00960655324161, -0.00628117006272, 0.00581775419414, -0.00347362016328, 0.00322528323159, -0.003367587924], [0.00860667508096, -0.0130315581337, 0.0129689089954, -0.0154880052432, 0.0253995526582, -0.0142279099673, 0.00717088952661, -0.0100232036784, 0.00715194223449, -0.00638832664117, 0.00486691948026, -0.00336034176871, 0.00352001795545], [-0.0076196375303, 0.0122253522277, -0.0128823965788, 0.0107081504539, -0.0142279099673, 0.022550938651, -0.0138355353847, 0.0108196465299, -0.00962903443724, 0.00543193332851, -0.00129731546622, 0.00176327978261, 0.000402361532906], [0.00668855383992, -0.0111468099058, 0.0110326912254, -0.00939705967903, 0.00717088952661, -0.0138355353847, 0.0229930728674, -0.0134583702311, 0.0077654113993, -0.00360089819878, -0.000699500495102, 0.00177725800313, 0.000203153380426], [-0.00663107028231, 0.0111032826826, -0.0113570354879, 0.00960655324161, -0.0100232036784, 0.0108196465299, -0.0134583702311, 0.0230019539595, -0.0124942054972, 0.00591142429039, 0.00189537496772, -0.001108825556, -0.000989169813693], [0.00587946595624, -0.00910209584981, 0.0101634571329, -0.00628117006272, 0.00715194223449, -0.00962903443724, 0.0077654113993, -0.0124942054972, 0.0205194503069, -0.00918275117874, 0.00304590328597, -0.00128164398484, 0.00223724660464], [-0.00430333754048, 0.00652560265735, -0.00779904797673, 0.00581775419414, -0.00638832664117, 0.00543193332851, -0.00360089819878, 0.00591142429039, -0.00918275117874, 0.0243466775864, -0.00992622599006, 0.00651863450184, -0.00364583358169], [0.00287756999023, -0.00434739934281, 0.00372757180594, -0.00347362016328, 0.00486691948026, -0.00129731546622, -0.000699500495102, 0.00189537496772, 0.00304590328597, -0.00992622599006, 0.0224341358989, -0.0120952976868, 0.00574037339538], [-0.00189221475739, 0.00250686029904, -0.00364158861339, 0.00322528323159, -0.00336034176871, 0.00176327978261, 0.00177725800313, -0.001108825556, -0.00128164398484, 0.00651863450184, -0.0120952976868, 0.0213868133724, -0.00944455433637], [0.00192220322788, -0.0021189309191, 0.00260051968507, -0.003367587924, 0.00352001795545, 0.000402361532906, 0.000203153380426, -0.000989169813693, 0.00223724660464, -0.00364583358169, 0.00574037339538, -0.00944455433637, 0.0175394546241]]
    },
    "spectral_contrast_coeffs": {
        "mean": [-0.575879096985, -0.724768519402, -0.745333552361, -0.757537126541, -0.774843871593, -0.780451476574],
        "var": [0.00690709799528, 0.00556041765958, 0.00493228668347, 0.00240507093258, 0.00158504594583, 0.00163734843954]
    },
    "spectral_contrast_valleys": {
        "mean": [-8.26161956787, -6.39409017563, -6.3230009079, -7.14191389084, -8.7383852005, -12.3745250702],
        "var": [0.666153907776, 0.666321992874, 0.629517495632, 0.628017604351, 0.537703573704, 0.172590211034]
    }
},
"metadata": {
    "audio_properties": {
        "analysis_sample_rate": 44100,
        "bit_rate": 128074,
        "equal_loudness": 0,
        "length": 45.0612258911,
        "lossless": 0,
        "replay_gain": -6.26429176331,
        "sample_rate": 44100,
        "codec": "mp3",
        "downmix": "mix",
        "md5_encoded": "de9448cde0f88ace7a7b456ec48bcc66"
    },
    "tags": {
        "file_name": "1976.mp3"
    },
    "version": {
        "essentia": "2.1-beta2",
        "essentia_git_sha": "v2.1_beta2",
        "extractor": "music 1.0"
    }
},
"rhythm": {
    "beats_count": 86,
    "beats_loudness": {
        "mean": 0.0478148236871,
        "var": 0.000309032882797
    },
    "bpm": 115.007514954,
    "bpm_histogram_first_peak_bpm": {
        "mean": 115,
        "var": 0
    },
    "bpm_histogram_first_peak_spread": {
        "mean": 0.607594907284,
        "var": 0
    },
    "bpm_histogram_first_peak_weight": {
        "mean": 0.364705890417,
        "var": 0
    },
    "bpm_histogram_second_peak_bpm": {
        "mean": 120,
        "var": 0
    },
    "bpm_histogram_second_peak_spread": {
        "mean": 0.40000000596,
        "var": 0
    },
    "bpm_histogram_second_peak_weight": {
        "mean": 0.0352941192687,
        "var": 0
    },
    "danceability": 1.51914453506,
    "onset_rate": 3.74876260757,
    "beats_loudness_band_ratio": {
        "mean": [0.161041736603, 0.123367652297, 0.253112196922, 0.436070203781, 0.0796418637037, 0.00278246589005],
        "var": [0.0212506577373, 0.00611734669656, 0.0195754747838, 0.0269703567028, 0.00390427024104, 7.69065809436e-006]
    },
    "beats_position": [0.476009070873, 0.96362811327, 1.45124709606, 1.95047616959, 2.46131515503, 2.97215414047, 3.48299312592, 3.99383211136, 4.5046710968, 5.01551008224, 5.53795909882, 6.06040811539, 6.59446716309, 7.12852573395, 7.66258478165, 8.18503379822, 8.70748329163, 9.24154186249, 9.77560043335, 10.3096599579, 10.8437185287, 11.3777770996, 11.9118366241, 12.445895195, 13.0031747818, 13.5140132904, 14.0248527527, 14.5473012924, 15.0697498322, 15.5921993256, 16.1030387878, 16.6254863739, 17.1595458984, 17.6819953918, 18.2044448853, 18.7385025024, 19.272562027, 19.8066215515, 20.3406791687, 20.851518631, 21.3739681244, 21.8848075867, 22.4072551727, 22.918094635, 23.4289340973, 23.9629936218, 24.4854412079, 24.9962806702, 25.4955101013, 26.0063495636, 26.5171871185, 27.0280265808, 27.5388660431, 28.0613155365, 28.5837631226, 29.106212616, 29.6286621094, 30.1394996643, 30.6619491577, 31.17278862, 31.6952381134, 32.2292976379, 32.7633552551, 33.2741928101, 33.7850341797, 34.3074836731, 34.8299331665, 35.3407707214, 35.8632202148, 36.3856697083, 36.908115387, 37.4305648804, 37.94140625, 38.4406356812, 38.9630813599, 39.4739227295, 39.9963722229, 40.5304298401, 41.0528793335, 41.5869369507, 42.1209983826, 42.6434440613, 43.1658935547, 43.6767349243, 44.2107925415, 44.7332420349]
},
"tonal": {
    "chords_changes_rate": 0.11213991791,
    "chords_number_rate": 0.0133744860068,
    "chords_strength": {
        "mean": 0.426994085312,
        "var": 0.00894639641047
    },
    "hpcp_entropy": {
        "mean": 2.14552617073,
        "var": 0.508468747139
    },
    "key_strength": 0.445941954851,
    "tuning_diatonic_strength": 0.432207584381,
    "tuning_equal_tempered_deviation": 0.223812550306,
    "tuning_frequency": 438.224517822,
    "tuning_nontempered_energy_ratio": 0.900508761406,
    "hpcp": {
        "mean": [0.169583067298, 0.256708115339, 0.207597374916, 0.163285449147, 0.144170537591, 0.145892351866, 0.174787640572, 0.188359066844, 0.216931506991, 0.268483251333, 0.247522741556, 0.209601998329, 0.257467240095, 0.249617770314, 0.177013531327, 0.164738819003, 0.196022644639, 0.195028960705, 0.184765130281, 0.193004101515, 0.211536094546, 0.166359901428, 0.120971187949, 0.171134650707, 0.177085340023, 0.118067219853, 0.123221479356, 0.161686956882, 0.173608824611, 0.186897665262, 0.17843157053, 0.201648145914, 0.232756480575, 0.167484357953, 0.0936157405376, 0.0790902301669],
        "var": [0.0417451784015, 0.0814241319895, 0.0526392050087, 0.0507533103228, 0.039751470089, 0.0461403280497, 0.0601045191288, 0.0692919269204, 0.0671215131879, 0.0833791792393, 0.0664496198297, 0.0706473812461, 0.0945043042302, 0.0729193463922, 0.0452575013041, 0.0472785942256, 0.0594230517745, 0.0700915232301, 0.0528288818896, 0.0475973784924, 0.0683599933982, 0.0480608083308, 0.0305919274688, 0.0526534207165, 0.0478286407888, 0.0216298550367, 0.0271455328912, 0.0566223673522, 0.0472108237445, 0.0577089637518, 0.0453020222485, 0.0618517287076, 0.0745760500431, 0.045182723552, 0.0225936416537, 0.014681564644]
    },
    "chords_histogram": [8.84773635864, 0.205761313438, 2.77777767181, 5.45267486572, 4.42386817932, 3.60082316399, 2.88065838814, 2.46913576126, 0, 0, 11.728395462, 0, 2.88065838814, 0, 2.05761313438, 0, 0, 38.9917678833, 0.925925910473, 0.720164597034, 0, 0.102880656719, 7.71604919434, 4.21810722351],
    "thpcp": [1, 0.921929895878, 0.780689299107, 0.958969473839, 0.929733097553, 0.659309387207, 0.613590657711, 0.730111241341, 0.726410150528, 0.688181221485, 0.71886831522, 0.78789305687, 0.619628608227, 0.450572580099, 0.637412786484, 0.659576833248, 0.43975636363, 0.458954066038, 0.60222363472, 0.646628141403, 0.696124136448, 0.66459107399, 0.751064181328, 0.866931080818, 0.623816788197, 0.348683714867, 0.294581621885, 0.63163369894, 0.956142008305, 0.77322280407, 0.608177423477, 0.536981523037, 0.543394625187, 0.651018798351, 0.701567292213, 0.807989001274],
    "chords_key": "C",
    "chords_scale": "minor",
    "key_key": "C",
    "key_scale": "major"
}
}