{
"lowlevel": {
    "average_loudness": 0.97628057003,
    "barkbands_crest": {
        "mean": 12.2960615158,
        "var": 21.0569057465
    },
    "barkbands_flatness_db": {
        "mean": 0.179432347417,
        "var": 0.00322026223876
    },
    "barkbands_kurtosis": {
        "mean": 8.57781505585,
        "var": 205.586410522
    },
    "barkbands_skewness": {
        "mean": 2.34518194199,
        "var": 2.54230213165
    },
    "barkbands_spread": {
        "mean": 23.0819473267,
        "var": 201.627151489
    },
    "dissonance": {
        "mean": 0.475576549768,
        "var": 0.000296274956781
    },
    "dynamic_complexity": 1.05247485638,
    "erbbands_crest": {
        "mean": 8.97948646545,
        "var": 15.3164110184
    },
    "erbbands_flatness_db": {
        "mean": 0.167454153299,
        "var": 0.00117827602662
    },
    "erbbands_kurtosis": {
        "mean": 0.0909312069416,
        "var": 5.01248168945
    },
    "erbbands_skewness": {
        "mean": -0.374425113201,
        "var": 0.874575972557
    },
    "erbbands_spread": {
        "mean": 51.272026062,
        "var": 360.654724121
    },
    "hfc": {
        "mean": 19.3309936523,
        "var": 132.284805298
    },
    "melbands_crest": {
        "mean": 17.8842487335,
        "var": 32.4512786865
    },
    "melbands_flatness_db": {
        "mean": 0.252555310726,
        "var": 0.0051736459136
    },
    "melbands_kurtosis": {
        "mean": 31.309381485,
        "var": 1360.47595215
    },
    "melbands_skewness": {
        "mean": 4.36667871475,
        "var": 4.83620977402
    },
    "melbands_spread": {
        "mean": 19.9379959106,
        "var": 342.433624268
    },
    "pitch_salience": {
        "mean": 0.478841215372,
        "var": 0.0191637724638
    },
    "silence_rate_20dB": {
        "mean": 1,
        "var": 0
    },
    "silence_rate_30dB": {
        "mean": 1,
        "var": 0
    },
    "silence_rate_60dB": {
        "mean": 0.00154479919001,
        "var": 0.00154241069686
    },
    "spectral_centroid": {
        "mean": 1569.55212402,
        "var": 578476.375
    },
    "spectral_complexity": {
        "mean": 20.8738422394,
        "var": 81.6561431885
    },
    "spectral_decrease": {
        "mean": -9.64340873821e-009,
        "var": 1.97707217533e-017
    },
    "spectral_energy": {
        "mean": 0.0381498225033,
        "var": 0.000284036184894
    },
    "spectral_energyband_high": {
        "mean": 0.000530483899638,
        "var": 3.78859624561e-007
    },
    "spectral_energyband_low": {
        "mean": 0.0234873536974,
        "var": 0.000309398077661
    },
    "spectral_energyband_middle_high": {
        "mean": 0.00480310013518,
        "var": 1.39620069604e-005
    },
    "spectral_energyband_middle_low": {
        "mean": 0.0116272671148,
        "var": 7.7347001934e-005
    },
    "spectral_entropy": {
        "mean": 7.36030817032,
        "var": 0.132180050015
    },
    "spectral_flux": {
        "mean": 0.0935191139579,
        "var": 0.00109615828842
    },
    "spectral_kurtosis": {
        "mean": 4.13945007324,
        "var": 6.7568693161
    },
    "spectral_rms": {
        "mean": 0.00594678055495,
        "var": 1.85513249562e-006
    },
    "spectral_rolloff": {
        "mean": 1170.39904785,
        "var": 1565462.625
    },
    "spectral_skewness": {
        "mean": 1.14029181004,
        "var": 0.200689285994
    },
    "spectral_spread": {
        "mean": 3719361.5,
        "var": 2.15241208627e+012
    },
    "spectral_strongpeak": {
        "mean": 0.663824558258,
        "var": 0.505768477917
    },
    "zerocrossingrate": {
        "mean": 0.0468702241778,
        "var": 0.000700387521647
    },
    "barkbands": {
        "mean": [3.97297990276e-005, 0.0124319670722, 0.00875507667661, 0.00430229445919, 0.00439214147627, 0.00159067707136, 0.000272505858447, 0.000419166928623, 0.000579552724957, 0.000322872248944, 0.00035605384619, 0.00033494582749, 0.000375330564566, 0.000252489146078, 0.000203104238608, 0.000331230199663, 0.000841566885356, 0.00035125456634, 0.00118759379257, 0.000436435017036, 0.000187190584256, 6.03309417784e-005, 3.57289172825e-005, 4.06336257583e-005, 4.41868251073e-005, 5.58846386411e-006, 2.19926164391e-007],
        "var": [3.29275118283e-009, 0.000149642277393, 0.000149146784679, 3.30417205987e-005, 2.31029207498e-005, 3.80147321266e-006, 2.45601910365e-007, 5.17805176514e-007, 1.38906511893e-006, 6.0254399159e-007, 3.82869984605e-007, 2.31047991406e-007, 2.78031848211e-007, 9.74521654484e-008, 8.71909264788e-008, 1.68936850287e-007, 1.46994727857e-006, 1.63343372606e-007, 3.47440618498e-006, 3.246298661e-007, 6.19053821538e-008, 6.72395428225e-009, 4.39800063035e-009, 8.86887274731e-009, 1.53451154006e-008, 3.19173965035e-010, 4.18864324735e-013]
    },
    "erbbands": {
        "mean": [0.140374079347, 3.54837679863, 10.9589529037, 12.048535347, 12.3402261734, 11.8935041428, 26.2511081696, 9.2720451355, 5.14262628555, 5.7784986496, 9.37151622772, 13.6334533691, 9.71679878235, 11.8534059525, 16.8843097687, 13.4590158463, 18.3191490173, 13.306347847, 12.3357686996, 12.3601799011, 22.2083892822, 47.6614227295, 24.3677482605, 33.5001602173, 62.0854759216, 19.6788406372, 10.6800289154, 5.26367139816, 2.33629965782, 1.46715784073, 0.984939694405, 0.793882191181, 0.727369487286, 0.616226971149, 0.227943062782, 0.0444790869951, 0.00753683457151, 0.00113422994036, 4.87198522023e-005, 4.55514200439e-005],
        "var": [0.0226813666523, 10.9027557373, 145.660873413, 178.321014404, 127.72341156, 173.677368164, 2045.26025391, 103.591064453, 66.159538269, 104.189872742, 202.98147583, 956.299316406, 459.894561768, 470.166229248, 837.993225098, 303.697387695, 684.745361328, 235.777954102, 250.43321228, 236.614929199, 713.762268066, 4443.80175781, 819.022460938, 1851.4107666, 9284.88867188, 528.15411377, 187.234375, 52.0090446472, 10.1181097031, 5.43802547455, 3.45896697044, 3.69898748398, 3.23268294334, 2.76478099823, 0.687028348446, 0.0222006160766, 0.000527078926098, 1.38404175232e-005, 8.02676058953e-009, 3.48354733948e-010]
    },
    "gfcc": {
        "mean": [-3.93881416321, 116.653388977, -120.652084351, 64.8282775879, -35.677696228, 5.83761167526, -27.8661651611, 8.19414901733, -30.6744155884, -6.24972867966, -8.12093257904, -7.31351470947, -7.48295402527],
        "cov": [[2356.8137207, -581.100219727, -286.745330811, -27.7508926392, -321.254577637, 169.596664429, -290.353179932, 124.21711731, -122.530212402, 97.1894226074, -111.668998718, 61.8399085999, 4.71794176102], [-581.100219727, 897.377624512, -122.40687561, -18.5596351624, 224.932769775, -215.583694458, 303.488220215, -151.747131348, 129.25869751, -142.799728394, 96.9838256836, -79.5582351685, 28.9804992676], [-286.745330811, -122.40687561, 640.728149414, -8.25233268738, -82.806678772, 147.143737793, -114.359870911, 35.6817626953, -69.2245025635, 32.4426383972, -10.0998840332, 32.7849693298, 16.399684906], [-27.7508926392, -18.5596351624, -8.25233268738, 274.674041748, 82.0389862061, -37.5012588501, 48.3956222534, -78.8633728027, 50.050491333, -5.04533529282, 6.80816078186, -17.7667827606, 16.9363517761], [-321.254577637, 224.932769775, -82.806678772, 82.0389862061, 283.315093994, -69.2254333496, 96.2442550659, -7.09605121613, 58.3017654419, -42.9789466858, 34.599319458, -26.4526557922, -8.45287799835], [169.596664429, -215.583694458, 147.143737793, -37.5012588501, -69.2254333496, 285.19543457, -42.4485244751, -0.0447947084904, -35.1422157288, 42.9300956726, -12.1548223495, 26.5666675568, 1.37071919441], [-290.353179932, 303.488220215, -114.359870911, 48.3956222534, 96.2442550659, -42.4485244751, 283.75491333, -48.9066009521, 61.1522369385, -50.7645454407, 37.9717941284, -46.6676063538, -5.98409318924], [124.21711731, -151.747131348, 35.6817626953, -78.8633728027, -7.09605121613, -0.0447947084904, -48.9066009521, 221.99269104, -6.5756983757, 2.81032419205, -27.763168335, -1.5079985857, -31.6761989594], [-122.530212402, 129.25869751, -69.2245025635, 50.050491333, 58.3017654419, -35.1422157288, 61.1522369385, -6.5756983757, 135.675827026, -8.99817657471, 4.86347341537, -32.5190124512, -8.59000301361], [97.1894226074, -142.799728394, 32.4426383972, -5.04533529282, -42.9789466858, 42.9300956726, -50.7645454407, 2.81032419205, -8.99817657471, 117.812774658, -0.998437821865, 9.06796264648, 2.8054060936], [-111.668998718, 96.9838256836, -10.0998840332, 6.80816078186, 34.599319458, -12.1548223495, 37.9717941284, -27.763168335, 4.86347341537, -0.998437821865, 72.8599090576, 13.6842298508, -2.71563577652], [61.8399085999, -79.5582351685, 32.7849693298, -17.7667827606, -26.4526557922, 26.5666675568, -46.6676063538, -1.5079985857, -32.5190124512, 9.06796264648, 13.6842298508, 78.731628418, 22.3785324097], [4.71794176102, 28.9804992676, 16.399684906, 16.9363517761, -8.45287799835, 1.37071919441, -5.98409318924, -31.6761989594, -8.59000301361, 2.8054060936, -2.71563577652, 22.3785324097, 69.365447998]],
        "icov": [[0.00101758271921, -0.00129717204254, 0.00130913883913, -0.00172135198954, 0.00150659063365, -0.00144187128171, 0.001439335756, -0.0015730165178, 0.0014053346822, -0.00093447585823, 0.00143705308437, -0.00101622298826, 0.000797380052973], [-0.00129717204254, 0.00907204113901, -0.00336412503384, 0.00780672207475, -0.00492734508589, 0.00583574222401, -0.00575652439147, 0.0068066525273, -0.00609440961853, 0.00589785398915, -0.00727597577497, 0.00627847900614, -0.00622047623619], [0.00130913883913, -0.00336412503384, 0.00404564337805, -0.00391033571213, 0.0028661172837, -0.00369336269796, 0.00332090561278, -0.00357493269257, 0.00339133222587, -0.0021244531963, 0.00255507114343, -0.00216624699533, 0.00169575109612], [-0.00172135198954, 0.00780672207475, -0.00391033571213, 0.0119824726135, -0.00606710929424, 0.00593124423176, -0.00551845459267, 0.00799749512225, -0.00688509503379, 0.0046573462896, -0.00566662987694, 0.00570549396798, -0.00592972012237], [0.00150659063365, -0.00492734508589, 0.0028661172837, -0.00606710929424, 0.00837756227702, -0.00337242218666, 0.00306037627161, -0.00504527846351, 0.00294666737318, -0.00215067365207, 0.00221637100913, -0.002909013303, 0.00328462338075], [-0.00144187128171, 0.00583574222401, -0.00369336269796, 0.00593124423176, -0.00337242218666, 0.00865212921053, -0.00459931092337, 0.00530356960371, -0.00413192017004, 0.00255305483006, -0.00391392037272, 0.0028019673191, -0.00314398691989], [0.001439335756, -0.00575652439147, 0.00332090561278, -0.00551845459267, 0.00306037627161, -0.00459931092337, 0.00951017159969, -0.00420721201226, 0.0032310646493, -0.00204741372727, 0.00215359334834, -0.00114355329424, 0.00316857569851], [-0.0015730165178, 0.0068066525273, -0.00357493269257, 0.00799749512225, -0.00504527846351, 0.00530356960371, -0.00420721201226, 0.0114899436012, -0.00543967401609, 0.00430801557377, -0.00327022909187, 0.00402995152399, -0.00195590988733], [0.0014053346822, -0.00609440961853, 0.00339133222587, -0.00688509503379, 0.00294666737318, -0.00413192017004, 0.0032310646493, -0.00543967401609, 0.0140152638778, -0.00452150171623, 0.00503592053428, -0.00181087048259, 0.00426516123116], [-0.00093447585823, 0.00589785398915, -0.0021244531963, 0.0046573462896, -0.00215067365207, 0.00255305483006, -0.00204741372727, 0.00430801557377, -0.00452150171623, 0.0138258961961, -0.00644417759031, 0.00485169142485, -0.00449390942231], [0.00143705308437, -0.00727597577497, 0.00255507114343, -0.00566662987694, 0.00221637100913, -0.00391392037272, 0.00215359334834, -0.00327022909187, 0.00503592053428, -0.00644417759031, 0.0244303867221, -0.0113141750917, 0.00825231336057], [-0.00101622298826, 0.00627847900614, -0.00216624699533, 0.00570549396798, -0.002909013303, 0.0028019673191, -0.00114355329424, 0.00402995152399, -0.00181087048259, 0.00485169142485, -0.0113141750917, 0.0231344159693, -0.0104301078245], [0.000797380052973, -0.00622047623619, 0.00169575109612, -0.00592972012237, 0.00328462338075, -0.00314398691989, 0.00316857569851, -0.00195590988733, 0.00426516123116, -0.00449390942231, 0.00825231336057, -0.0104301078245, 0.022248448804]]
    },
    "melbands": {
        "mean": [0.00244627008215, 0.00562471942976, 0.00221099052578, 0.000749418570194, 0.000879393483046, 0.000216049375013, 7.45555371395e-005, 7.1746755566e-005, 7.92463688413e-005, 8.58704152051e-005, 4.75596716569e-005, 4.70723934995e-005, 5.10581339768e-005, 3.92693691538e-005, 3.99305899919e-005, 3.58673314622e-005, 2.37309559452e-005, 2.02358442039e-005, 1.5312780306e-005, 1.9831901227e-005, 2.68014628091e-005, 5.19200875715e-005, 3.3102947782e-005, 1.57102222147e-005, 2.48200158239e-005, 5.80249725317e-005, 2.64826576313e-005, 9.78759453574e-006, 7.49612718209e-006, 4.42384043708e-006, 2.43779072662e-006, 1.36597600431e-006, 9.60284523899e-007, 7.54183361096e-007, 6.06741082265e-007, 4.57132387055e-007, 4.85843315801e-007, 4.870214525e-007, 5.54723612822e-007, 5.17346563811e-007],
        "var": [6.26538349024e-006, 2.43370304815e-005, 4.0798313421e-006, 4.03801976745e-007, 2.09220684155e-006, 5.44299041394e-008, 1.43753986492e-008, 1.68818914403e-008, 1.46330467743e-008, 3.93538215349e-008, 1.22990595486e-008, 8.93585827555e-009, 7.59428964159e-009, 3.2243474557e-009, 2.49893106208e-009, 3.19652460057e-009, 8.98026042417e-010, 7.31935456688e-010, 4.58511228985e-010, 7.65106589196e-010, 1.44124545631e-009, 5.66878988195e-009, 2.82146173092e-009, 3.9238187699e-010, 1.16618004142e-009, 9.76736114211e-009, 1.34417110775e-009, 1.84636236855e-010, 1.11347125964e-010, 3.81853819398e-011, 1.27934034894e-011, 3.8939728178e-012, 2.27467784192e-012, 1.75740021494e-012, 1.47500956761e-012, 1.06562079039e-012, 1.44552674951e-012, 1.55021882917e-012, 2.12252676372e-012, 2.20303874969e-012]
    },
    "mfcc": {
        "mean": [-641.914428711, 132.719421387, -9.32218456268, 57.1935997009, 15.6073303223, 7.27277517319, 17.1578865051, 7.53102636337, -3.04768872261, 0.241461992264, -2.40355396271, -0.271430462599, -0.992460727692],
        "cov": [[2116.45117188, -661.366394043, -204.685379028, -245.751754761, -91.6268844604, -60.7300109863, -115.784233093, -96.4761657715, 22.6738357544, -27.625951767, -61.3978118896, 31.6770782471, -11.7406396866], [-661.366394043, 882.15625, -187.875289917, 149.979019165, -64.9304885864, -15.9742145538, 60.9123687744, 100.528060913, -27.7351779938, 40.8287391663, 12.0344944, 1.68532526493, -26.8543567657], [-204.685379028, -187.875289917, 667.553710938, -159.01423645, 57.9216537476, 37.6854324341, 14.2081155777, -47.546672821, 2.13278484344, -70.6488647461, 19.2907066345, -53.9496383667, 17.9412975311], [-245.751754761, 149.979019165, -159.01423645, 388.922790527, -2.49112820625, 40.5200843811, -5.176404953, 14.6842069626, 3.04447841644, 47.2457809448, -26.6788024902, 20.5759391785, -21.387008667], [-91.6268844604, -64.9304885864, 57.9216537476, -2.49112820625, 237.503097534, -25.9638195038, -20.8470859528, 11.6421117783, 6.984852314, -18.9108257294, 38.084526062, -33.8906517029, 26.0195331573], [-60.7300109863, -15.9742145538, 37.6854324341, 40.5200843811, -25.9638195038, 278.897644043, 31.8685379028, -29.2159900665, 2.4387948513, -13.430357933, -34.70287323, 59.982875824, -4.90992832184], [-115.784233093, 60.9123687744, 14.2081155777, -5.176404953, -20.8470859528, 31.8685379028, 144.95501709, 34.8298835754, 1.08028650284, -4.97792053223, 5.82503652573, 2.12567520142, 23.3847064972], [-96.4761657715, 100.528060913, -47.546672821, 14.6842069626, 11.6421117783, -29.2159900665, 34.8298835754, 156.990310669, 8.73222923279, 27.5521697998, 14.7681245804, -5.22715854645, -8.85573577881], [22.6738357544, -27.7351779938, 2.13278484344, 3.04447841644, 6.984852314, 2.4387948513, 1.08028650284, 8.73222923279, 99.7476806641, 28.8736801147, 6.53481483459, 6.17154455185, 1.7670468092], [-27.625951767, 40.8287391663, -70.6488647461, 47.2457809448, -18.9108257294, -13.430357933, -4.97792053223, 27.5521697998, 28.8736801147, 127.414474487, 20.9934501648, 0.756745994091, -11.8227424622], [-61.3978118896, 12.0344944, 19.2907066345, -26.6788024902, 38.084526062, -34.70287323, 5.82503652573, 14.7681245804, 6.53481483459, 20.9934501648, 95.3253936768, 4.33728265762, 6.68075656891], [31.6770782471, 1.68532526493, -53.9496383667, 20.5759391785, -33.8906517029, 59.982875824, 2.12567520142, -5.22715854645, 6.17154455185, 0.756745994091, 4.33728265762, 106.634262085, -1.05937361717], [-11.7406396866, -26.8543567657, 17.9412975311, -21.387008667, 26.0195331573, -4.90992832184, 23.3847064972, -8.85573577881, 1.7670468092, -11.8227424622, 6.68075656891, -1.05937361717, 92.4264221191]],
        "icov": [[0.000834567763377, 0.000632096198387, 0.000507010845467, 0.000500422727782, 0.000347537192283, 0.000152537875692, 0.00033135083504, 0.000102462203358, -0.000135319991386, 0.000117827483336, 0.000353330862708, -8.09288394521e-005, 0.000134484798764], [0.000632096198387, 0.00190891057719, 0.000631115806755, -9.21824321267e-005, 0.000662967097014, 0.000134614369017, -0.000196198452613, -0.000613459851593, 0.000337578210747, 0.000129501873744, -0.000180804127012, 0.000218126806431, 0.000328142428771], [0.000507010845467, 0.000631115806755, 0.00228821649216, 0.000858789368067, 5.17342523381e-005, -0.000505726784468, -1.98272100533e-005, 0.000382886151783, -0.000343449850334, 0.00089432176901, -0.000478124828078, 0.00118614896201, 0.000171709005372], [0.000500422727782, -9.21824321267e-005, 0.000858789368067, 0.00356884603389, -0.000442206684966, -0.000366224645404, 0.00026453967439, 0.000270903285127, -3.14230492222e-005, -0.00102614460047, 0.00135214487091, -0.000368538429029, 0.000527333817445], [0.000347537192283, 0.000662967097014, 5.17342523381e-005, -0.000442206684966, 0.00565568124875, -0.000263485213509, 0.00145799899474, -0.000961244048085, -0.000574001634959, 0.00153222528752, -0.00257084518671, 0.00197905069217, -0.0015272682067], [0.000152537875692, 0.000134614369017, -0.000505726784468, -0.000366224645404, -0.000263485213509, 0.00489284656942, -0.00137285434175, 0.000897466670722, -4.46473277407e-005, -0.000176237517735, 0.00204956997186, -0.00307052442804, 0.000634314317722], [0.00033135083504, -0.000196198452613, -1.98272100533e-005, 0.00026453967439, 0.00145799899474, -0.00137285434175, 0.00878372229636, -0.00218320800923, -0.000307474692818, 0.000893509073649, -0.0009910101071, 0.000822405680083, -0.00266354414634], [0.000102462203358, -0.000613459851593, 0.000382886151783, 0.000270903285127, -0.000961244048085, 0.000897466670722, -0.00218320800923, 0.00795964803547, -0.000473330204841, -0.00129302428104, -1.16182700367e-005, -0.000205996679142, 0.00129856553394], [-0.000135319991386, 0.000337578210747, -0.000343449850334, -3.14230492222e-005, -0.000574001634959, -4.46473277407e-005, -0.000307474692818, -0.000473330204841, 0.0111316237599, -0.00288629182614, 0.000170611325302, -0.000940646394156, -0.000273181009106], [0.000117827483336, 0.000129501873744, 0.00089432176901, -0.00102614460047, 0.00153222528752, -0.000176237517735, 0.000893509073649, -0.00129302428104, -0.00288629182614, 0.010439760983, -0.00313552236184, 0.00134363223333, 0.000483511714265], [0.000353330862708, -0.000180804127012, -0.000478124828078, 0.00135214487091, -0.00257084518671, 0.00204956997186, -0.0009910101071, -1.16182700367e-005, 0.000170611325302, -0.00313552236184, 0.0138691291213, -0.00310706300661, 3.78324839403e-005], [-8.09288394521e-005, 0.000218126806431, 0.00118614896201, -0.000368538429029, 0.00197905069217, -0.00307052442804, 0.000822405680083, -0.000205996679142, -0.000940646394156, 0.00134363223333, -0.00310706300661, 0.0125641645864, -0.000652045360766], [0.000134484798764, 0.000328142428771, 0.000171709005372, 0.000527333817445, -0.0015272682067, 0.000634314317722, -0.00266354414634, 0.00129856553394, -0.000273181009106, 0.000483511714265, 3.78324839403e-005, -0.000652045360766, 0.0123393638059]]
    },
    "spectral_contrast_coeffs": {
        "mean": [-0.600042819977, -0.728710114956, -0.785475730896, -0.778496623039, -0.734420835972, -0.736068725586],
        "var": [0.00399494310841, 0.00361275789328, 0.0035062590614, 0.00217562471516, 0.00394333759323, 0.00291593372822]
    },
    "spectral_contrast_valleys": {
        "mean": [-6.79243469238, -7.0310382843, -7.4736161232, -7.73608875275, -7.35114717484, -10.6621131897],
        "var": [0.504220068455, 0.529296338558, 0.518721401691, 0.590023338795, 0.649251580238, 0.930204331875]
    }
},
"metadata": {
    "audio_properties": {
        "analysis_sample_rate": 44100,
        "bit_rate": 128074,
        "equal_loudness": 0,
        "length": 45.0612258911,
        "lossless": 0,
        "replay_gain": -5.5885219574,
        "sample_rate": 44100,
        "codec": "mp3",
        "downmix": "mix",
        "md5_encoded": "ff7432aee68696c8cc402fb69fa59c31"
    },
    "tags": {
        "file_name": "1977.mp3"
    },
    "version": {
        "essentia": "2.1-beta2",
        "essentia_git_sha": "v2.1_beta2",
        "extractor": "music 1.0"
    }
},
"rhythm": {
    "beats_count": 112,
    "beats_loudness": {
        "mean": 0.0429058372974,
        "var": 0.000204418203793
    },
    "bpm": 150.461593628,
    "bpm_histogram_first_peak_bpm": {
        "mean": 152,
        "var": 0
    },
    "bpm_histogram_first_peak_spread": {
        "mean": 0.396039605141,
        "var": 0
    },
    "bpm_histogram_first_peak_weight": {
        "mean": 0.549549520016,
        "var": 0
    },
    "bpm_histogram_second_peak_bpm": {
        "mean": 144,
        "var": 0
    },
    "bpm_histogram_second_peak_spread": {
        "mean": 0,
        "var": 0
    },
    "bpm_histogram_second_peak_weight": {
        "mean": 0.0630630627275,
        "var": 0
    },
    "danceability": 1.51899111271,
    "onset_rate": 4.12585687637,
    "beats_loudness_band_ratio": {
        "mean": [0.581947147846, 0.215154066682, 0.0496732853353, 0.057416267693, 0.0609018579125, 0.0668759718537],
        "var": [0.045025575906, 0.0325223878026, 0.00234353123233, 0.00293803401291, 0.00229094224051, 0.00401047663763]
    },
    "beats_position": [0.394739210606, 0.801088392735, 1.20743763447, 1.60217678547, 2.00852608681, 2.40326523781, 2.80961441994, 3.20435357094, 3.59909296036, 3.99383211136, 4.41179132462, 4.81814050674, 5.22448968887, 5.61922883987, 6.01396799088, 6.420317173, 6.82666635513, 7.22140598297, 7.60453510284, 7.98766422272, 8.39401340485, 8.78875255585, 9.19510173798, 9.58984088898, 9.99619007111, 10.3909292221, 10.7972784042, 11.2036275864, 11.5983667374, 12.0047159195, 12.3994560242, 12.8174142838, 13.2121543884, 13.6068935394, 14.0132427216, 14.4195919037, 14.8143310547, 15.2090702057, 15.6154193878, 16.0217685699, 16.4165077209, 16.8112468719, 17.2059860229, 17.600725174, 18.0070743561, 18.4018135071, 18.7965526581, 19.2029018402, 19.5976409912, 20.0039901733, 20.4103393555, 20.8282985687, 21.2230377197, 21.6177768707, 22.0241260529, 22.430475235, 22.8484344482, 23.2431735992, 23.6495227814, 24.0674819946, 24.4738311768, 24.8685703278, 25.2633094788, 25.6580486298, 26.0527877808, 26.4475269318, 26.8538761139, 27.2602272034, 27.6549663544, 28.0497055054, 28.4444446564, 28.8391838074, 29.2339229584, 29.6286621094, 30.0234012604, 30.4181404114, 30.8128795624, 31.2076187134, 31.6023578644, 31.9970970154, 32.4034461975, 32.7981834412, 33.204536438, 33.5992736816, 33.99401474, 34.3887519836, 34.783493042, 35.1898422241, 35.5961914063, 35.9909286499, 36.4088897705, 36.8152389526, 37.2215881348, 37.6395454407, 38.0458946228, 38.4406356812, 38.8353729248, 39.2185020447, 39.613243103, 40.0079803467, 40.402721405, 40.7974586487, 41.192199707, 41.5869369507, 41.9932861328, 42.3996353149, 42.7943763733, 43.1891136169, 43.5954627991, 43.9902038574, 44.3965530396, 44.8029022217]
},
"tonal": {
    "chords_changes_rate": 0.108024694026,
    "chords_number_rate": 0.0164609048516,
    "chords_strength": {
        "mean": 0.471866846085,
        "var": 0.00623399857432
    },
    "hpcp_entropy": {
        "mean": 2.36815428734,
        "var": 0.466673374176
    },
    "key_strength": 0.332118600607,
    "tuning_diatonic_strength": 0.410374760628,
    "tuning_equal_tempered_deviation": 0.230765894055,
    "tuning_frequency": 443.572570801,
    "tuning_nontempered_energy_ratio": 0.896333456039,
    "hpcp": {
        "mean": [0.180392056704, 0.146815374494, 0.101075008512, 0.0887759029865, 0.0600514262915, 0.0318506211042, 0.0240127239376, 0.0305250752717, 0.0484152473509, 0.059295412153, 0.0622184723616, 0.0842422619462, 0.168139100075, 0.196270555258, 0.129784628749, 0.106353513896, 0.144828155637, 0.210259988904, 0.241512492299, 0.206353679299, 0.146103456616, 0.124048545957, 0.14628598094, 0.168922111392, 0.155061230063, 0.126276537776, 0.139444842935, 0.180870100856, 0.157248064876, 0.085916057229, 0.0448259860277, 0.0376505032182, 0.049220059067, 0.0633498653769, 0.0849649459124, 0.135807663202],
        "var": [0.0969345569611, 0.0666981115937, 0.0386510975659, 0.0326991006732, 0.0184326022863, 0.00648439489305, 0.00364020746201, 0.00501395296305, 0.0115100136027, 0.0153384506702, 0.0152099812403, 0.0205874647945, 0.0624173693359, 0.0825236737728, 0.0512621626258, 0.046725358814, 0.0631635189056, 0.0976287350059, 0.106605470181, 0.0943418741226, 0.0600849539042, 0.0510081425309, 0.0632029026747, 0.0855794101954, 0.08130428195, 0.0558533966541, 0.0581694729626, 0.0986899286509, 0.081382855773, 0.0330651178956, 0.0115661835298, 0.00891387369484, 0.0144933834672, 0.0202012695372, 0.0295129101723, 0.0541213676333]
    },
    "chords_histogram": [7.20164632797, 0.617283940315, 1.74897122383, 0, 1.02880656719, 3.18930029869, 4.32098770142, 5.34979438782, 3.29218101501, 7.20164632797, 8.23045253754, 4.62962961197, 0.823045253754, 8.02469158173, 6.48148155212, 0, 0, 10.3909463882, 3.60082316399, 22.3251037598, 1.54320991039, 0, 0, 0],
    "thpcp": [1, 0.854422390461, 0.60495197773, 0.513631999493, 0.605707705021, 0.699434280396, 0.642042279243, 0.522857189178, 0.577381491661, 0.748905777931, 0.651096999645, 0.355741679668, 0.185605242848, 0.155894637108, 0.203799232841, 0.262304723263, 0.351803511381, 0.562321484089, 0.746926426888, 0.607899725437, 0.418508410454, 0.367583066225, 0.248647287488, 0.131879806519, 0.0994264259934, 0.126391291618, 0.200466841459, 0.245516955853, 0.257620096207, 0.348811209202, 0.696192145348, 0.812672495842, 0.537382662296, 0.440364450216, 0.59967148304, 0.870596766472],
    "chords_key": "G#",
    "chords_scale": "major",
    "key_key": "D",
    "key_scale": "minor"
}
}