{
"lowlevel": {
    "average_loudness": 0.977954804897,
    "barkbands_crest": {
        "mean": 9.63891124725,
        "var": 12.8052196503
    },
    "barkbands_flatness_db": {
        "mean": 0.107351280749,
        "var": 0.00123212044127
    },
    "barkbands_kurtosis": {
        "mean": 1.40000677109,
        "var": 7.16754674911
    },
    "barkbands_skewness": {
        "mean": 1.33039653301,
        "var": 0.710565447807
    },
    "barkbands_spread": {
        "mean": 28.5607280731,
        "var": 70.8360748291
    },
    "dissonance": {
        "mean": 0.478974193335,
        "var": 0.000150056250277
    },
    "dynamic_complexity": 1.23879647255,
    "erbbands_crest": {
        "mean": 7.78832960129,
        "var": 14.4258098602
    },
    "erbbands_flatness_db": {
        "mean": 0.137633055449,
        "var": 0.001926873927
    },
    "erbbands_kurtosis": {
        "mean": -0.517854273319,
        "var": 1.81400990486
    },
    "erbbands_skewness": {
        "mean": -0.413330793381,
        "var": 0.239596620202
    },
    "erbbands_spread": {
        "mean": 49.5066337585,
        "var": 190.055526733
    },
    "hfc": {
        "mean": 28.0032501221,
        "var": 120.967308044
    },
    "melbands_crest": {
        "mean": 13.8688468933,
        "var": 18.9749107361
    },
    "melbands_flatness_db": {
        "mean": 0.169744640589,
        "var": 0.00149645865895
    },
    "melbands_kurtosis": {
        "mean": 10.5877866745,
        "var": 86.0735321045
    },
    "melbands_skewness": {
        "mean": 2.8505089283,
        "var": 1.47635567188
    },
    "melbands_spread": {
        "mean": 27.2922973633,
        "var": 159.119155884
    },
    "pitch_salience": {
        "mean": 0.606093168259,
        "var": 0.0100222565234
    },
    "silence_rate_20dB": {
        "mean": 1,
        "var": 0
    },
    "silence_rate_30dB": {
        "mean": 1,
        "var": 0
    },
    "silence_rate_60dB": {
        "mean": 0.00154479919001,
        "var": 0.00154241069686
    },
    "spectral_centroid": {
        "mean": 1584.38635254,
        "var": 199460.46875
    },
    "spectral_complexity": {
        "mean": 28.0700302124,
        "var": 82.4459609985
    },
    "spectral_decrease": {
        "mean": -8.65314042642e-009,
        "var": 2.219368266e-017
    },
    "spectral_energy": {
        "mean": 0.0351989604533,
        "var": 0.000335425487719
    },
    "spectral_energyband_high": {
        "mean": 0.00134191848338,
        "var": 1.17690694879e-006
    },
    "spectral_energyband_low": {
        "mean": 0.0113139059395,
        "var": 0.000210488418816
    },
    "spectral_energyband_middle_high": {
        "mean": 0.0061306739226,
        "var": 4.41097108705e-006
    },
    "spectral_energyband_middle_low": {
        "mean": 0.0180479586124,
        "var": 0.000137091003126
    },
    "spectral_entropy": {
        "mean": 7.70785856247,
        "var": 0.0943178758025
    },
    "spectral_flux": {
        "mean": 0.103638313711,
        "var": 0.002281694673
    },
    "spectral_kurtosis": {
        "mean": 3.84967017174,
        "var": 4.56305980682
    },
    "spectral_rms": {
        "mean": 0.00565624143928,
        "var": 2.34738104155e-006
    },
    "spectral_rolloff": {
        "mean": 1824.91931152,
        "var": 936178.625
    },
    "spectral_skewness": {
        "mean": 1.34943926334,
        "var": 0.0800110921264
    },
    "spectral_spread": {
        "mean": 4567510.5,
        "var": 1.80728876237e+012
    },
    "spectral_strongpeak": {
        "mean": 0.895920157433,
        "var": 1.09442222118
    },
    "zerocrossingrate": {
        "mean": 0.068970605731,
        "var": 0.000608638045378
    },
    "barkbands": {
        "mean": [0.000235064842855, 0.00466414215043, 0.00484138494357, 0.00306587480009, 0.00896564032882, 0.00304518383928, 0.00127963651903, 0.00072238733992, 0.000862564018462, 0.000314410659485, 0.000351289490936, 0.000327588932123, 0.000242730937316, 0.000322700012475, 0.000889337155968, 0.00103597505949, 0.00137552397791, 0.000803117349278, 0.000344683503499, 0.000343520834576, 0.000414529349655, 0.00029502925463, 0.000166780897416, 0.000112893583719, 0.000103642181784, 6.6599350248e-005, 6.73441854815e-006],
        "var": [2.44028257157e-007, 8.68345014169e-005, 3.44077852787e-005, 1.61780644703e-005, 0.00010110653966, 8.23714981379e-006, 1.69687700691e-006, 7.88577210642e-007, 1.05847345822e-006, 1.69214956713e-007, 3.78608575602e-007, 8.41911287353e-008, 4.82309907568e-008, 1.1288675239e-007, 8.90869785053e-007, 6.73867873502e-007, 1.10451026103e-006, 3.42689560284e-007, 5.06503532449e-008, 8.09433871041e-008, 1.42840420381e-007, 1.09301126372e-007, 2.55765009172e-008, 1.24417205427e-008, 9.69654401217e-009, 9.75425429317e-009, 1.5495155159e-010]
    },
    "erbbands": {
        "mean": [0.108815155923, 1.17228364944, 4.85103034973, 8.90291404724, 16.9023513794, 39.8873252869, 22.7248287201, 27.2109661102, 16.5444469452, 19.5013103485, 19.3051738739, 17.6163005829, 11.9615526199, 13.6944255829, 10.2543497086, 13.2308216095, 12.1345615387, 14.0501203537, 28.876707077, 50.6667022705, 71.3437271118, 79.4365463257, 48.5669898987, 25.1342391968, 16.1989116669, 15.5936727524, 16.4163551331, 15.5300216675, 10.0660610199, 8.25981426239, 4.35994911194, 2.62891125679, 1.70617508888, 1.08423399925, 0.811124682426, 0.312315672636, 0.122164696455, 0.0244936216623, 0.000651395064779, 5.9647805756e-005],
        "var": [0.0591338425875, 4.99759960175, 37.7568778992, 88.6461486816, 368.176025391, 2376.43603516, 395.8777771, 905.378356934, 233.336288452, 396.069122314, 479.749786377, 501.020996094, 196.553421021, 380.849456787, 246.894515991, 129.316955566, 93.5997085571, 163.409225464, 551.313476563, 2216.21875, 2808.13061523, 4285.04980469, 1292.09362793, 238.287750244, 88.7084655762, 185.076446533, 217.517852783, 224.31338501, 111.657157898, 93.2633361816, 18.3890838623, 7.05234622955, 3.16810417175, 1.02937912941, 0.736115217209, 0.16138382256, 0.0372113510966, 0.00161714665592, 1.26123836708e-006, 1.23217203107e-009]
    },
    "gfcc": {
        "mean": [45.6710662842, 75.3772354126, -120.170852661, 46.056438446, -52.7316474915, -0.0274558849633, -51.5770149231, 7.29842567444, -24.2295627594, 0.0569111406803, -27.6142272949, 4.69883823395, -10.8180961609],
        "cov": [[3046.28540039, -246.219924927, 856.731811523, 165.66065979, -150.697143555, 390.939300537, -225.552505493, -91.0487213135, -194.462097168, 134.97644043, -160.581115723, -37.6686439514, -129.348968506], [-246.219924927, 776.732849121, -115.877738953, 237.58404541, 63.5524559021, 5.03072357178, 98.3228225708, -67.3748168945, 36.9335632324, -146.214584351, 81.7201461792, -35.1551818848, 147.509765625], [856.731811523, -115.877738953, 640.474182129, 95.0439605713, 54.8423347473, 203.724990845, -52.3706245422, 33.252243042, -49.5802879333, 98.9567871094, -66.6002120972, -13.0098104477, -84.9561767578], [165.66065979, 237.58404541, 95.0439605713, 229.6275177, 14.1166057587, 85.9093551636, 30.1064586639, -32.2025146484, 8.62047576904, -37.8365135193, 26.8475112915, -23.5449237823, 52.9365539551], [-150.697143555, 63.5524559021, 54.8423347473, 14.1166057587, 201.354507446, 6.8644900322, 70.1737136841, 82.5559463501, 48.9018478394, 28.2401828766, 7.83600234985, 11.3668804169, -14.1834211349], [390.939300537, 5.03072357178, 203.724990845, 85.9093551636, 6.8644900322, 163.413009644, 18.4890956879, 2.43723702431, -22.1446056366, 23.0070075989, -10.1393604279, -11.0115995407, -12.4657926559], [-225.552505493, 98.3228225708, -52.3706245422, 30.1064586639, 70.1737136841, 18.4890956879, 136.52456665, 55.5938529968, 48.4977226257, -0.573691666126, 19.3945178986, -3.02410078049, 6.15388202667], [-91.0487213135, -67.3748168945, 33.252243042, -32.2025146484, 82.5559463501, 2.43723702431, 55.5938529968, 122.257774353, 58.016582489, 50.2894935608, -5.67283344269, 4.16623592377, -34.8013038635], [-194.462097168, 36.9335632324, -49.5802879333, 8.62047576904, 48.9018478394, -22.1446056366, 48.4977226257, 58.016582489, 85.0763320923, 32.3328208923, 17.3391399384, -8.33207130432, -5.53608560562], [134.97644043, -146.214584351, 98.9567871094, -37.8365135193, 28.2401828766, 23.0070075989, -0.573691666126, 50.2894935608, 32.3328208923, 118.621002197, 7.5472946167, 7.36916875839, -53.5933799744], [-160.581115723, 81.7201461792, -66.6002120972, 26.8475112915, 7.83600234985, -10.1393604279, 19.3945178986, -5.67283344269, 17.3391399384, 7.5472946167, 75.1132278442, 32.1058082581, 34.0672950745], [-37.6686439514, -35.1551818848, -13.0098104477, -23.5449237823, 11.3668804169, -11.0115995407, -3.02410078049, 4.16623592377, -8.33207130432, 7.36916875839, 32.1058082581, 69.0103912354, 25.3043518066], [-129.348968506, 147.509765625, -84.9561767578, 52.9365539551, -14.1834211349, -12.4657926559, 6.15388202667, -34.8013038635, -5.53608560562, -53.5933799744, 34.0672950745, 25.3043518066, 95.8425598145]],
        "icov": [[0.000919382146094, -0.000553500954993, -5.38943895663e-005, -0.000707107246853, 0.000644149666186, -0.00136609631591, 0.00115042284597, -0.000227373762755, 0.00127395160962, -0.00171925767791, 0.00226260488853, -0.00131949305069, 0.000853017321788], [-0.000553500954993, 0.00450788345188, -0.00111601955723, -0.000610406219494, -0.00202829577029, 0.0018146749353, -0.00244234921411, 0.0023185426835, -0.00282571883872, 0.00504115270451, -0.00587348686531, 0.00529274437577, -0.00405651563779], [-5.38943895663e-005, -0.00111601955723, 0.00536037934944, -0.00264395424165, -0.00110487174243, -0.00398049689829, 0.00309224775992, -0.00201349146664, 0.00348538998514, -0.00443092174828, 0.00509099802002, -0.00326849264093, 0.00302284583449], [-0.000707107246853, -0.000610406219494, -0.00264395424165, 0.0120196100324, -0.000829783850349, -0.00309266149998, -0.00135102064814, 0.00316869630478, -0.00612553488463, 0.00493858987466, -0.0065307947807, 0.00594937382266, -0.00512660387903], [0.000644149666186, -0.00202829577029, -0.00110487174243, -0.000829783850349, 0.00930619053543, 0.000575690239202, -0.00146928138565, -0.00465494347736, 0.000459835195215, -0.00187330227345, 0.00288338726386, -0.004376410041, 0.00243576127104], [-0.00136609631591, 0.0018146749353, -0.00398049689829, -0.00309266149998, 0.000575690239202, 0.0168379619718, -0.00721540022641, -0.0001147576113, 0.00322528067045, 0.000725309830159, -0.00463296379894, 0.00407560169697, -0.00259734573774], [0.00115042284597, -0.00244234921411, 0.00309224775992, -0.00135102064814, -0.00146928138565, -0.00721540022641, 0.0162279624492, -0.00574800232425, -0.000925556931179, -0.00121630181093, 0.00289970682934, -0.00297220028006, 0.00353420199826], [-0.000227373762755, 0.0023185426835, -0.00201349146664, 0.00316869630478, -0.00465494347736, -0.0001147576113, -0.00574800232425, 0.0223588068038, -0.0131266815588, 0.00111541990191, 0.00114260741975, -0.00140516122337, 0.000204061478144], [0.00127395160962, -0.00282571883872, 0.00348538998514, -0.00612553488463, 0.000459835195215, 0.00322528067045, -0.000925556931179, -0.0131266815588, 0.0338328592479, -0.0143918683752, 0.00281114806421, 0.00318541727029, 0.000388063373975], [-0.00171925767791, 0.00504115270451, -0.00443092174828, 0.00493858987466, -0.00187330227345, 0.000725309830159, -0.00121630181093, 0.00111541990191, -0.0143918683752, 0.0277875233442, -0.0171241555363, 0.00492275226861, 0.00305985705927], [0.00226260488853, -0.00587348686531, 0.00509099802002, -0.0065307947807, 0.00288338726386, -0.00463296379894, 0.00289970682934, 0.00114260741975, 0.00281114806421, -0.0171241555363, 0.0386245511472, -0.020957171917, 0.00265695410781], [-0.00131949305069, 0.00529274437577, -0.00326849264093, 0.00594937382266, -0.004376410041, 0.00407560169697, -0.00297220028006, -0.00140516122337, 0.00318541727029, 0.00492275226861, -0.020957171917, 0.0344045832753, -0.0152445025742], [0.000853017321788, -0.00405651563779, 0.00302284583449, -0.00512660387903, 0.00243576127104, -0.00259734573774, 0.00353420199826, 0.000204061478144, 0.000388063373975, 0.00305985705927, 0.00265695410781, -0.0152445025742, 0.0280230641365]]
    },
    "melbands": {
        "mean": [0.00115039141383, 0.00226193969138, 0.00169728009496, 0.00215150928125, 0.0010148473084, 0.000584609399084, 0.000264225149294, 0.000199784393772, 0.000168168597156, 0.000106506922748, 5.7339660998e-005, 5.36379848199e-005, 3.89975211874e-005, 3.25980399793e-005, 3.40988517564e-005, 2.4001534257e-005, 2.64631453319e-005, 3.60286430805e-005, 8.1362639321e-005, 6.32818992017e-005, 8.36638864712e-005, 9.8470467492e-005, 3.85829189327e-005, 3.78105214622e-005, 1.85056305781e-005, 1.30034804897e-005, 1.06885354398e-005, 1.00651259345e-005, 9.83487279882e-006, 1.08956974145e-005, 8.16243118607e-006, 5.60198532185e-006, 5.91217667534e-006, 3.9355509216e-006, 2.59017178905e-006, 1.92069956029e-006, 1.44814941905e-006, 1.19263154374e-006, 1.00831960026e-006, 9.16568467346e-007],
        "var": [5.73736951992e-006, 9.43486247706e-006, 2.54800670518e-006, 6.38583514956e-006, 8.37859488456e-007, 3.64604886727e-007, 5.81505901209e-008, 4.1583078314e-008, 4.2427316771e-008, 1.74201559844e-008, 5.13750686437e-009, 5.6340514476e-009, 4.70867167479e-009, 1.00126384961e-009, 1.00033670236e-009, 5.89932436235e-010, 6.99855839947e-010, 1.06243658315e-009, 9.27129928385e-009, 2.60817656361e-009, 4.65331240207e-009, 7.980950123e-009, 8.61852367251e-010, 9.37455335581e-010, 1.84510476342e-010, 7.59118809479e-011, 6.58837637224e-011, 1.03206096447e-010, 9.55361206811e-011, 1.30373170593e-010, 6.43891259755e-011, 3.70980433873e-011, 7.82399076082e-011, 1.65191315488e-011, 6.72923262252e-012, 4.05600206199e-012, 2.27471036798e-012, 1.68150844811e-012, 1.1759767422e-012, 7.72115281867e-013]
    },
    "mfcc": {
        "mean": [-595.793640137, 103.445838928, -7.59506893158, 39.9082298279, 11.5396461487, 0.638706088066, -14.5934820175, 0.658322095871, 2.76451086998, -8.01119995117, -7.80954551697, -1.6175276041, -2.55539608002],
        "cov": [[2168.70019531, -104.71963501, 791.013183594, -118.003181458, 142.022140503, 289.864929199, 55.5119400024, -137.338287354, -73.4882965088, 29.0342197418, -11.060505867, -137.813110352, -90.830581665], [-104.71963501, 459.850738525, -69.6258850098, 129.75769043, 49.4106941223, 32.4717407227, 41.810634613, 64.0169143677, 32.1214904785, -14.0921792984, -20.2327003479, 3.11131238937, -1.79737496376], [791.013183594, -69.6258850098, 555.231140137, -20.7016239166, 104.698730469, 150.239517212, 53.0337333679, -42.2756576538, -18.181186676, 47.4677238464, 25.2823619843, -57.0523452759, -30.9269123077], [-118.003181458, 129.75769043, -20.7016239166, 149.263427734, 39.1727828979, 22.1690196991, 23.2099971771, 44.0403366089, 31.0514469147, 11.8142538071, 3.52343821526, 17.5576477051, 11.6888256073], [142.022140503, 49.4106941223, 104.698730469, 39.1727828979, 135.012451172, 38.3013954163, 30.9544849396, 8.88718223572, 21.9596481323, 22.4357395172, 16.8852214813, 4.88969755173, 8.40055751801], [289.864929199, 32.4717407227, 150.239517212, 22.1690196991, 38.3013954163, 125.956169128, 50.8302116394, 7.32791852951, 0.00422892533243, 14.0703983307, 5.36422777176, -17.4219551086, -8.83105278015], [55.5119400024, 41.810634613, 53.0337333679, 23.2099971771, 30.9544849396, 50.8302116394, 84.8991165161, 38.0319671631, 23.0319499969, 18.3324337006, 18.5208950043, 7.24693632126, 4.7416434288], [-137.338287354, 64.0169143677, -42.2756576538, 44.0403366089, 8.88718223572, 7.32791852951, 38.0319671631, 96.5944137573, 41.6136817932, 8.51011562347, 2.59503984451, 15.4857368469, 4.15258312225], [-73.4882965088, 32.1214904785, -18.181186676, 31.0514469147, 21.9596481323, 0.00422892533243, 23.0319499969, 41.6136817932, 73.3909225464, 45.5315513611, 23.6200408936, 11.856385231, 6.70382595062], [29.0342197418, -14.0921792984, 47.4677238464, 11.8142538071, 22.4357395172, 14.0703983307, 18.3324337006, 8.51011562347, 45.5315513611, 106.504699707, 64.7833328247, 12.8776683807, 0.807885527611], [-11.060505867, -20.2327003479, 25.2823619843, 3.52343821526, 16.8852214813, 5.36422777176, 18.5208950043, 2.59503984451, 23.6200408936, 64.7833328247, 93.7359390259, 32.8671836853, 9.82265949249], [-137.813110352, 3.11131238937, -57.0523452759, 17.5576477051, 4.88969755173, -17.4219551086, 7.24693632126, 15.4857368469, 11.856385231, 12.8776683807, 32.8671836853, 68.5126571655, 32.4949378967], [-90.830581665, -1.79737496376, -30.9269123077, 11.6888256073, 8.40055751801, -8.83105278015, 4.7416434288, 4.15258312225, 6.70382595062, 0.807885527611, 9.82265949249, 32.4949378967, 62.7660140991]],
        "icov": [[0.00128437881358, -0.000126962651848, -0.00121541670524, 0.000893925898708, -0.000372303358745, -0.00163812423125, 0.00030694770976, 0.00097675586585, -0.000115428068966, 5.49021096958e-005, 0.000327347865095, 0.000247570947977, 0.000653435883578], [-0.000126962651848, 0.00325489137322, 0.000847351329867, -0.00236407667398, -0.000842438137624, -0.000499895540997, -0.000761317263823, -0.000606806192081, -9.67238956946e-005, 0.00058616080787, 0.000254339305684, 0.000570895557757, 0.000574751000386], [-0.00121541670524, 0.000847351329867, 0.00497824931517, -0.000460949609987, -0.00201954995282, -0.00188561610412, -0.00081798597239, -7.41723488318e-005, 0.0014955708757, -0.00127918436192, -0.000830537697766, 0.0020136795938, -0.000179923634278], [0.000893925898708, -0.00236407667398, -0.000460949609987, 0.0112107954919, -0.002070448827, -0.00301888515241, 0.00162977946457, -0.00177570723463, -0.0013829274103, -0.00075238768477, 0.00107469898649, -0.00170027185231, -0.00037279096432], [-0.000372303358745, -0.000842438137624, -0.00201954995282, -0.002070448827, 0.0108995232731, 0.000743857701309, -0.00147368642502, 0.00109528575558, -0.00292154587805, 0.000542947964277, -0.00039450332406, -0.00125056609977, -0.00147345033474], [-0.00163812423125, -0.000499895540997, -0.00188561610412, -0.00301888515241, 0.000743857701309, 0.0178403910249, -0.00781966652721, -0.000986383762211, 0.00252382084727, -0.00101486803032, 0.00040001119487, 0.00136365543585, -0.000710337422788], [0.00030694770976, -0.000761317263823, -0.00081798597239, 0.00162977946457, -0.00147368642502, -0.00781966652721, 0.0214316230267, -0.00677913986146, -0.00213337154128, 0.00111122126691, -0.00311406538822, -0.000828072952572, -0.00122808176093], [0.00097675586585, -0.000606806192081, -7.41723488318e-005, -0.00177570723463, 0.00109528575558, -0.000986383762211, -0.00677913986146, 0.019646609202, -0.00932661257684, 0.00239694444463, 0.00211832905188, -0.002800807124, 0.00270099798217], [-0.000115428068966, -9.67238956946e-005, 0.0014955708757, -0.0013829274103, -0.00292154587805, 0.00252382084727, -0.00213337154128, -0.00932661257684, 0.0283718872815, -0.012423729524, 0.00156723696273, 0.00211162492633, -0.00185990834143], [5.49021096958e-005, 0.00058616080787, -0.00127918436192, -0.00075238768477, 0.000542947964277, -0.00101486803032, 0.00111122126691, 0.00239694444463, -0.012423729524, 0.0229210201651, -0.013322933577, 0.0018743321998, 0.00129460182507], [0.000327347865095, 0.000254339305684, -0.000830537697766, 0.00107469898649, -0.00039450332406, 0.00040001119487, -0.00311406538822, 0.00211832905188, 0.00156723696273, -0.013322933577, 0.0238090846688, -0.010337498039, 0.00170574733056], [0.000247570947977, 0.000570895557757, 0.0020136795938, -0.00170027185231, -0.00125056609977, 0.00136365543585, -0.000828072952572, -0.002800807124, 0.00211162492633, 0.0018743321998, -0.010337498039, 0.0276270452887, -0.0106442701072], [0.000653435883578, 0.000574751000386, -0.000179923634278, -0.00037279096432, -0.00147345033474, -0.000710337422788, -0.00122808176093, 0.00270099798217, -0.00185990834143, 0.00129460182507, 0.00170574733056, -0.0106442701072, 0.0223121121526]]
    },
    "spectral_contrast_coeffs": {
        "mean": [-0.576641023159, -0.720220923424, -0.803002417088, -0.761945784092, -0.758105158806, -0.708429038525],
        "var": [0.00877580419183, 0.004818293266, 0.00232749478891, 0.00293577811681, 0.00192903750576, 0.00131737894844]
    },
    "spectral_contrast_valleys": {
        "mean": [-7.14122581482, -6.39728069305, -7.13218307495, -7.22670269012, -6.96230363846, -9.89829158783],
        "var": [1.07801365852, 0.615320444107, 0.589022934437, 0.603420257568, 0.48666998744, 0.991647362709]
    }
},
"metadata": {
    "audio_properties": {
        "analysis_sample_rate": 44100,
        "bit_rate": 128074,
        "equal_loudness": 0,
        "length": 45.0612258911,
        "lossless": 0,
        "replay_gain": -4.59704208374,
        "sample_rate": 44100,
        "codec": "mp3",
        "downmix": "mix",
        "md5_encoded": "4614753d589f80bc768407272b454006"
    },
    "tags": {
        "file_name": "1979.mp3"
    },
    "version": {
        "essentia": "2.1-beta2",
        "essentia_git_sha": "v2.1_beta2",
        "extractor": "music 1.0"
    }
},
"rhythm": {
    "beats_count": 129,
    "beats_loudness": {
        "mean": 0.0384992845356,
        "var": 0.000174148619408
    },
    "bpm": 172.265548706,
    "bpm_histogram_first_peak_bpm": {
        "mean": 172,
        "var": 0
    },
    "bpm_histogram_first_peak_spread": {
        "mean": 0,
        "var": 0
    },
    "bpm_histogram_first_peak_weight": {
        "mean": 0.328125,
        "var": 0
    },
    "bpm_histogram_second_peak_bpm": {
        "mean": 178,
        "var": 0
    },
    "bpm_histogram_second_peak_spread": {
        "mean": 0,
        "var": 0
    },
    "bpm_histogram_second_peak_weight": {
        "mean": 0.3125,
        "var": 0
    },
    "danceability": 1.00854766369,
    "onset_rate": 3.28294014931,
    "beats_loudness_band_ratio": {
        "mean": [0.391261845827, 0.304109185934, 0.113211922348, 0.0439485311508, 0.140179052949, 0.0788893848658],
        "var": [0.0425550080836, 0.0337671674788, 0.0107018128037, 0.0014942297712, 0.0129670491442, 0.00234260782599]
    },
    "beats_position": [0.394739210606, 0.789478421211, 1.14938771725, 1.50929701328, 1.88081634045, 2.22911548615, 2.57741498947, 2.92571425438, 3.26240348816, 3.61070299149, 3.95900225639, 4.29569149017, 4.63238096237, 4.96907043457, 5.30575942993, 5.64244890213, 5.9675283432, 6.29260778427, 6.6176867485, 6.9543762207, 7.2910656929, 7.61614513397, 7.95283412933, 8.28952407837, 8.6146030426, 8.93968200684, 9.27637195587, 9.6014509201, 9.93814086914, 10.2748298645, 10.623128891, 10.95981884, 11.2848978043, 11.6215867996, 11.9582767487, 12.294965744, 12.6316547394, 12.9567346573, 13.2934236526, 13.6301136017, 13.966802597, 14.3034915924, 14.6285715103, 14.9652605057, 15.301949501, 15.6386394501, 15.9753284454, 16.3120174408, 16.6487064362, 16.99700737, 17.3336963654, 17.6819953918, 18.0186843872, 18.3553733826, 18.6804523468, 19.0171432495, 19.3422222137, 19.6905212402, 20.0156002045, 20.363899231, 20.7121982574, 21.0604991913, 21.4087982178, 21.7570972443, 22.1053962708, 22.4420852661, 22.7903842926, 23.1386852264, 23.4753742218, 23.8120632172, 24.1487522125, 24.4854412079, 24.8221302032, 25.1704311371, 25.5303401947, 25.8670291901, 26.2153282166, 26.563627243, 26.9119262695, 27.2602272034, 27.6085262299, 27.9568252563, 28.3051242828, 28.6534233093, 29.0017223358, 29.3500213623, 29.6983222961, 30.0698413849, 30.4181404114, 30.7664394379, 31.1147384644, 31.4630374908, 31.8229465485, 32.1828575134, 32.542766571, 32.9026756287, 33.2509727478, 33.6224937439, 33.9707946777, 34.3190917969, 34.6790008545, 35.0389099121, 35.3872108459, 35.7587280273, 36.1070289612, 36.4785499573, 36.8384590149, 37.1983680725, 37.5582771301, 37.9181861877, 38.2780952454, 38.638004303, 38.9746932983, 39.334602356, 39.6829032898, 40.0428123474, 40.402721405, 40.7742385864, 41.1225395203, 41.4940567017, 41.8539657593, 42.2138786316, 42.5621757507, 42.9336967468, 43.2936058044, 43.6535148621, 44.0134239197, 44.3733329773, 44.7216300964]
},
"tonal": {
    "chords_changes_rate": 0.0606995895505,
    "chords_number_rate": 0.00823045242578,
    "chords_strength": {
        "mean": 0.434239327908,
        "var": 0.00449343305081
    },
    "hpcp_entropy": {
        "mean": 2.34657096863,
        "var": 0.770409524441
    },
    "key_strength": 0.812222659588,
    "tuning_diatonic_strength": 0.619287610054,
    "tuning_equal_tempered_deviation": 0.0661545693874,
    "tuning_frequency": 440.508636475,
    "tuning_nontempered_energy_ratio": 0.720703423023,
    "hpcp": {
        "mean": [0.109085284173, 0.0980984792113, 0.197479888797, 0.355922400951, 0.304441362619, 0.195821732283, 0.236742034554, 0.19473387301, 0.0983846411109, 0.0772364214063, 0.0805764719844, 0.111825734377, 0.150501951575, 0.133085459471, 0.10720846802, 0.105124726892, 0.113926112652, 0.220651879907, 0.311746418476, 0.213610321283, 0.092949308455, 0.0687933415174, 0.076537758112, 0.145917832851, 0.202372819185, 0.143787279725, 0.104829326272, 0.123584665358, 0.0941109880805, 0.0571461617947, 0.0500639416277, 0.0568248219788, 0.0984139218926, 0.15484239161, 0.158999025822, 0.131362587214],
        "var": [0.0482952669263, 0.0343485213816, 0.0576425492764, 0.127857968211, 0.104602396488, 0.0582783035934, 0.1135051772, 0.0874991118908, 0.0299119558185, 0.0176462139934, 0.014834436588, 0.032300952822, 0.0549335032701, 0.050053820014, 0.025436764583, 0.0260074734688, 0.027749652043, 0.0535938702524, 0.104441508651, 0.0669862627983, 0.0261236652732, 0.0210905801505, 0.0203336048871, 0.0396807007492, 0.0643981918693, 0.0364520512521, 0.0300537012517, 0.047683082521, 0.0299742761999, 0.0121291633695, 0.00810454599559, 0.0125803677365, 0.0318423956633, 0.0743053629994, 0.0752989202738, 0.0550502724946]
    },
    "chords_histogram": [30.144033432, 0, 1.74897122383, 0.308641970158, 0, 0.720164597034, 0, 5.76131677628, 0.411522626877, 36.8312759399, 1.02880656719, 0, 0, 0, 0, 0, 1.74897122383, 0, 0, 0, 0, 0, 16.872428894, 4.42386817932],
    "thpcp": [1, 0.855358839035, 0.550180971622, 0.665150702, 0.547124505043, 0.276421606541, 0.217003539205, 0.226387754083, 0.314185708761, 0.422850459814, 0.373917073011, 0.301213026047, 0.29535856843, 0.320086956024, 0.619943797588, 0.875883102417, 0.600159823895, 0.261150479317, 0.193281859159, 0.215040579438, 0.409970909357, 0.568586885929, 0.403984904289, 0.294528603554, 0.347223609686, 0.264414340258, 0.160557925701, 0.140659704804, 0.159655094147, 0.27650386095, 0.435045361519, 0.446723848581, 0.369076490402, 0.306486129761, 0.275617599487, 0.554839730263],
    "chords_key": "A#",
    "chords_scale": "major",
    "key_key": "D#",
    "key_scale": "minor"
}
}