{
"lowlevel": {
    "average_loudness": 0.639223277569,
    "barkbands_crest": {
        "mean": 11.811126709,
        "var": 12.1685581207
    },
    "barkbands_flatness_db": {
        "mean": 0.318482995033,
        "var": 0.00424211891368
    },
    "barkbands_kurtosis": {
        "mean": 4.68620824814,
        "var": 32.0767288208
    },
    "barkbands_skewness": {
        "mean": 1.48639237881,
        "var": 1.0468120575
    },
    "barkbands_spread": {
        "mean": 6.41567516327,
        "var": 13.7427892685
    },
    "dissonance": {
        "mean": 0.345645606518,
        "var": 0.0060297222808
    },
    "dynamic_complexity": 4.66027164459,
    "erbbands_crest": {
        "mean": 13.3485193253,
        "var": 25.0982875824
    },
    "erbbands_flatness_db": {
        "mean": 0.301510930061,
        "var": 0.00333522306755
    },
    "erbbands_kurtosis": {
        "mean": 1.13211321831,
        "var": 9.13055896759
    },
    "erbbands_skewness": {
        "mean": 0.399375230074,
        "var": 0.633964955807
    },
    "erbbands_spread": {
        "mean": 17.4322128296,
        "var": 57.9922599792
    },
    "hfc": {
        "mean": 9.97331523895,
        "var": 82.8223876953
    },
    "melbands_crest": {
        "mean": 14.9197368622,
        "var": 18.2168636322
    },
    "melbands_flatness_db": {
        "mean": 0.430029153824,
        "var": 0.00609351461753
    },
    "melbands_kurtosis": {
        "mean": 8.54207134247,
        "var": 88.2890930176
    },
    "melbands_skewness": {
        "mean": 2.09501719475,
        "var": 1.52919375896
    },
    "melbands_spread": {
        "mean": 7.8674325943,
        "var": 53.1254615784
    },
    "pitch_salience": {
        "mean": 0.486707538366,
        "var": 0.011363289319
    },
    "silence_rate_20dB": {
        "mean": 1,
        "var": 0
    },
    "silence_rate_30dB": {
        "mean": 0.945959866047,
        "var": 0.051120955497
    },
    "silence_rate_60dB": {
        "mean": 0.125578999519,
        "var": 0.109809681773
    },
    "spectral_centroid": {
        "mean": 429.685302734,
        "var": 155391.078125
    },
    "spectral_complexity": {
        "mean": 7.68450832367,
        "var": 8.22324562073
    },
    "spectral_decrease": {
        "mean": -8.94986396105e-009,
        "var": 8.43541186278e-017
    },
    "spectral_energy": {
        "mean": 0.0346833467484,
        "var": 0.00125088379718
    },
    "spectral_energyband_high": {
        "mean": 2.77142021332e-006,
        "var": 9.41490895662e-012
    },
    "spectral_energyband_low": {
        "mean": 0.0184989608824,
        "var": 0.000776593980845
    },
    "spectral_energyband_middle_high": {
        "mean": 0.0026039511431,
        "var": 1.38916630021e-005
    },
    "spectral_energyband_middle_low": {
        "mean": 0.0177813973278,
        "var": 0.000266361807007
    },
    "spectral_entropy": {
        "mean": 5.77573299408,
        "var": 0.342064827681
    },
    "spectral_flux": {
        "mean": 0.0609267354012,
        "var": 0.00109875714406
    },
    "spectral_kurtosis": {
        "mean": 51.6408653259,
        "var": 1428.58288574
    },
    "spectral_rms": {
        "mean": 0.00503610959277,
        "var": 8.47507635626e-006
    },
    "spectral_rolloff": {
        "mean": 557.70324707,
        "var": 767232.9375
    },
    "spectral_skewness": {
        "mean": 4.97152090073,
        "var": 4.58193874359
    },
    "spectral_spread": {
        "mean": 1578406.875,
        "var": 2.06901542912e+012
    },
    "spectral_strongpeak": {
        "mean": 0.859137713909,
        "var": 0.665223538876
    },
    "zerocrossingrate": {
        "mean": 0.0198451280594,
        "var": 0.000523911381606
    },
    "barkbands": {
        "mean": [0.000280385429505, 0.00160888000391, 0.0125596504658, 0.00550076272339, 0.00590691575781, 0.00217184517533, 0.00143898825627, 0.00167013518512, 0.000743886514101, 0.000975236180238, 0.000634560652543, 0.000227881915634, 0.000263810681645, 0.000251634017332, 0.000391066016164, 3.21457591781e-005, 9.88697411231e-006, 4.09360063713e-006, 8.6353147708e-006, 1.48501806052e-006, 5.15672638812e-007, 5.53590268737e-007, 3.23385791035e-007, 5.83461705617e-008, 6.96239865761e-008, 2.2845254577e-008, 3.66830965604e-009],
        "var": [2.31784852645e-007, 5.97406733505e-006, 0.000424312776886, 8.78248829395e-005, 5.70937154407e-005, 1.13943979159e-005, 6.26537530479e-006, 1.1869611626e-005, 4.36252503278e-006, 5.19281729794e-006, 2.23735264626e-006, 4.35905235463e-007, 1.05808953776e-006, 1.18449190722e-006, 2.81907637145e-006, 8.92788687423e-009, 1.50330103921e-009, 1.76097386673e-010, 7.61526119941e-010, 8.57435043106e-012, 1.42760954967e-012, 8.07291408202e-013, 5.23474059239e-013, 2.37338695348e-015, 9.21852214518e-015, 3.40242388182e-016, 4.88270660137e-016]
    },
    "erbbands": {
        "mean": [0.0411649569869, 0.549559295177, 9.24833679199, 22.9519939423, 16.6742916107, 18.6448421478, 18.4734420776, 18.1773872375, 24.1663837433, 33.7175483704, 20.4831256866, 20.9405708313, 19.7397079468, 25.6673717499, 33.32579422, 13.5540056229, 13.8483819962, 14.9917116165, 26.1092624664, 3.71710300446, 1.18409752846, 0.402595192194, 0.218824148178, 0.477373063564, 0.35970890522, 0.0870039612055, 0.0328575000167, 0.0223807934672, 0.0181203652173, 0.0131877288222, 0.0116719668731, 0.0019849317614, 0.00075673480751, 0.000777390785515, 0.000488159625093, 0.000162635551533, 3.84167215088e-005, 8.72723194334e-006, 1.64191624208e-005, 3.83034748666e-005],
        "var": [0.00267889909446, 0.784484267235, 221.427719116, 1462.81884766, 629.22467041, 585.511413574, 635.532470703, 789.15234375, 1531.84887695, 4260.67578125, 1272.98376465, 3285.48413086, 2197.39868164, 5593.50732422, 5619.25, 1394.03308105, 2583.27441406, 3507.94897461, 10654.7402344, 138.704452515, 8.15923595428, 1.68142807484, 0.257780998945, 4.07906723022, 1.68469274044, 0.0223370194435, 0.00421953015029, 0.000921110797208, 0.000453686050605, 0.00151680922136, 0.000939771882258, 3.65235177924e-006, 1.62311891927e-007, 1.16450894438e-006, 3.37670570616e-007, 7.71257280263e-009, 1.6601133801e-009, 6.07071559688e-010, 2.59023608118e-010, 1.50250079045e-009]
    },
    "gfcc": {
        "mean": [-146.706008911, 211.093338013, -93.33152771, -2.15157032013, -41.0540657043, -1.69476401806, -25.7774581909, -14.3245849609, -15.8375930786, -12.7702312469, -8.0990114212, -11.1454982758, -1.17046999931],
        "cov": [[3349.12402344, 1264.2713623, -245.362442017, -644.302612305, 525.818237305, -101.047561646, -98.3673553467, -203.26725769, -93.3292007446, -40.7201576233, 73.8018493652, -403.372619629, -228.407928467], [1264.2713623, 838.83416748, 72.8484954834, -517.640258789, 365.330749512, -48.6496620178, -23.6242637634, -122.608139038, -74.8356933594, -65.6377639771, 31.5353488922, -230.777359009, -74.1797561646], [-245.362442017, 72.8484954834, 614.352844238, -166.925842285, -53.3470878601, 9.84930801392, -0.715492844582, 37.462184906, -3.87019681931, 31.135181427, -37.3483467102, 91.7881240845, -38.9538383484], [-644.302612305, -517.640258789, -166.925842285, 643.456848145, -176.658813477, 69.2376251221, 65.0333480835, 59.206577301, 54.558467865, -9.50486087799, -27.7038173676, 93.5737075806, 102.198135376], [525.818237305, 365.330749512, -53.3470878601, -176.658813477, 481.408691406, 28.5126438141, 45.9340896606, -46.287437439, -62.6575317383, -1.6850233078, 6.88816452026, -214.685836792, -47.777545929], [-101.047561646, -48.6496620178, 9.84930801392, 69.2376251221, 28.5126438141, 114.052894592, 48.2334403992, 21.3817882538, 3.97007250786, -13.9205570221, -22.0857448578, 8.40722179413, 24.4590492249], [-98.3673553467, -23.6242637634, -0.715492844582, 65.0333480835, 45.9340896606, 48.2334403992, 131.71836853, 50.5475273132, -28.7711257935, -6.04762983322, -31.9924812317, 3.4306333065, 54.4005851746], [-203.26725769, -122.608139038, 37.462184906, 59.206577301, -46.287437439, 21.3817882538, 50.5475273132, 110.733665466, 31.8021411896, 30.4350757599, -15.4740219116, 40.3146781921, 15.2280063629], [-93.3292007446, -74.8356933594, -3.87019681931, 54.558467865, -62.6575317383, 3.97007250786, -28.7711257935, 31.8021411896, 104.351768494, 27.5838737488, 15.5503568649, 5.59553050995, -51.46925354], [-40.7201576233, -65.6377639771, 31.135181427, -9.50486087799, -1.6850233078, -13.9205570221, -6.04762983322, 30.4350757599, 27.5838737488, 105.001853943, 27.2715110779, 28.2742214203, -20.2793064117], [73.8018493652, 31.5353488922, -37.3483467102, -27.7038173676, 6.88816452026, -22.0857448578, -31.9924812317, -15.4740219116, 15.5503568649, 27.2715110779, 77.2148513794, -2.64025974274, -45.344367981], [-403.372619629, -230.777359009, 91.7881240845, 93.5737075806, -214.685836792, 8.40722179413, 3.4306333065, 40.3146781921, 5.59553050995, 28.2742214203, -2.64025974274, 226.885620117, 62.2461204529], [-228.407928467, -74.1797561646, -38.9538383484, 102.198135376, -47.777545929, 24.4590492249, 54.4005851746, 15.2280063629, -51.46925354, -20.2793064117, -45.344367981, 62.2461204529, 211.477890015]],
        "icov": [[0.0012406288879, -0.00304347113706, 0.00104586838279, -0.00102304352913, 0.000800312962383, -0.000515860330779, 0.00112015032209, -0.000805556657724, 0.00164952850901, -0.00207769637927, 0.00159577175509, -0.000181874303962, 0.00156768097077], [-0.00304347113706, 0.0125041548163, -0.00334555981681, 0.00571573153138, -0.00385026051663, 0.00241916789673, -0.00461137155071, 0.004776165355, -0.00598082505167, 0.00837032496929, -0.00646748580039, 0.00227414979599, -0.00529586942866], [0.00104586838279, -0.00334555981681, 0.00325880595483, -0.000593259814195, 0.00100810709409, -0.0010653504869, 0.00133086252026, -0.00156506197527, 0.0019606759306, -0.00281117088161, 0.00353933568113, -0.00168883346487, 0.00242795352824], [-0.00102304352913, 0.00571573153138, -0.000593259814195, 0.00534951779991, -0.00113671086729, 0.000157141970703, -0.00320946681313, 0.00256610196084, -0.00409389520064, 0.00385412247851, -0.0025911310222, 0.000921043450944, -0.00288213626482], [0.000800312962383, -0.00385026051663, 0.00100810709409, -0.00113671086729, 0.00639361422509, -0.0028683973942, -0.000304260407574, -0.000593463075347, 0.00444861408323, -0.00478176167235, 0.0013083955273, 0.00380541221239, 0.0019306828035], [-0.000515860330779, 0.00241916789673, -0.0010653504869, 0.000157141970703, -0.0028683973942, 0.0126584004611, -0.00425980566069, 0.0011353547452, -0.00417233258486, 0.00392800057307, 3.41067934642e-005, -0.00144446152262, -0.00128511840012], [0.00112015032209, -0.00461137155071, 0.00133086252026, -0.00320946681313, -0.000304260407574, -0.00425980566069, 0.0165973640978, -0.00935260020196, 0.00737219955772, -0.00268765143119, 0.00403439952061, -0.000655273674056, 0.000810756464489], [-0.000805556657724, 0.004776165355, -0.00156506197527, 0.00256610196084, -0.000593463075347, 0.0011353547452, -0.00935260020196, 0.0185469277203, -0.00813045725226, -0.000647054286674, -0.000105310522486, 7.239356637e-005, -0.00200284924358], [0.00164952850901, -0.00598082505167, 0.0019606759306, -0.00409389520064, 0.00444861408323, -0.00417233258486, 0.00737219955772, -0.00813045725226, 0.0209698546678, -0.00717574823648, 0.00239265500568, 0.00205701240338, 0.00652296748012], [-0.00207769637927, 0.00837032496929, -0.00281117088161, 0.00385412247851, -0.00478176167235, 0.00392800057307, -0.00268765143119, -0.000647054286674, -0.00717574823648, 0.0194337274879, -0.00882290862501, -0.00144215847831, -0.00383512838744], [0.00159577175509, -0.00646748580039, 0.00353933568113, -0.0025911310222, 0.0013083955273, 3.41067934642e-005, 0.00403439952061, -0.000105310522486, 0.00239265500568, -0.00882290862501, 0.0225307364017, -0.0032968679443, 0.00615810230374], [-0.000181874303962, 0.00227414979599, -0.00168883346487, 0.000921043450944, 0.00380541221239, -0.00144446152262, -0.000655273674056, 7.239356637e-005, 0.00205701240338, -0.00144215847831, -0.0032968679443, 0.0111538823694, -0.00259235710837], [0.00156768097077, -0.00529586942866, 0.00242795352824, -0.00288213626482, 0.0019306828035, -0.00128511840012, 0.000810756464489, -0.00200284924358, 0.00652296748012, -0.00383512838744, 0.00615810230374, -0.00259235710837, 0.0102279214188]]
    },
    "melbands": {
        "mean": [0.000408120162319, 0.00364669249393, 0.00371074653231, 0.00126945937518, 0.000728467595764, 0.000407532847021, 0.000349972571712, 0.000392718240619, 0.000160779934959, 0.000114179558295, 9.51908441493e-005, 0.000104221428046, 8.91119489097e-005, 5.43952228327e-005, 3.35916411132e-005, 1.66471454577e-005, 3.07138434437e-005, 3.95530987589e-005, 1.4605961951e-005, 3.02902731164e-006, 8.16959925487e-007, 3.76542118374e-007, 3.97210669689e-007, 1.75673449121e-007, 3.97372559746e-007, 3.19515493175e-007, 7.87017597759e-008, 6.2104554388e-008, 2.2569651037e-008, 1.8423774506e-008, 1.13473115348e-008, 1.23448788969e-008, 6.69218591653e-009, 5.93895155276e-009, 9.26249743571e-009, 1.51177004248e-009, 8.7187318476e-010, 5.74444547485e-010, 2.69701261324e-010, 8.59101290107e-010],
        "var": [2.30438473636e-007, 3.29329232045e-005, 3.26125518768e-005, 3.3265307593e-006, 8.31379054489e-007, 3.88347501712e-007, 3.52235304035e-007, 6.44414683393e-007, 7.72746062694e-008, 9.75203704456e-008, 5.531215308e-008, 1.0795327654e-007, 4.18927577073e-008, 1.23147048114e-008, 1.37696165581e-008, 3.8730627594e-009, 1.84114519186e-008, 2.37428228189e-008, 3.90138321649e-009, 8.2879411667e-011, 4.42001470147e-012, 1.99162149446e-012, 2.06856688896e-012, 3.74975414217e-013, 3.4289749859e-012, 1.46808184099e-012, 6.30483485515e-014, 1.9035303661e-014, 2.75338372131e-015, 2.3029273648e-015, 2.13936474682e-016, 2.44496166104e-016, 4.20325276998e-016, 2.63045578844e-016, 7.64136797322e-016, 4.13500805334e-018, 1.03602127995e-018, 1.68418315414e-019, 2.67799529444e-020, 2.22796920729e-018]
    },
    "mfcc": {
        "mean": [-807.207946777, 242.490951538, 20.2898864746, 11.3872566223, 7.32009983063, 7.38678312302, -1.73223996162, -1.12565398216, -4.01565885544, -4.32540750504, -6.16814804077, -8.22586536407, 2.29080033302],
        "cov": [[1152.14379883, 893.852478027, -370.453552246, -198.203948975, 219.535095215, 32.5575942993, 129.533981323, -93.4454116821, -168.95904541, 246.067687988, -5.76276063919, -181.199203491, 22.6911373138], [893.852478027, 1408.85534668, -3.24589037895, -415.258758545, 261.533477783, -28.1358451843, 101.593147278, -144.112731934, -122.702812195, 102.507339478, -96.301864624, 9.25500202179, 149.392807007], [-370.453552246, -3.24589037895, 414.278564453, 14.8474531174, -85.6889801025, -25.3210487366, -109.665985107, 22.3886413574, 31.0751190186, -178.690429688, 27.490026474, 145.794876099, 42.3165855408], [-198.203948975, -415.258758545, 14.8474531174, 261.800384521, -30.597448349, 28.5339164734, 15.9607181549, 40.1130027771, 49.6108703613, -3.19485664368, 33.7945137024, -57.4980239868, -88.0459594727], [219.535095215, 261.533477783, -85.6889801025, -30.597448349, 180.320968628, 44.3532104492, 66.1796035767, -26.0640106201, -54.6732254028, 122.555183411, 20.4242248535, -101.94152832, -8.4629945755], [32.5575942993, -28.1358451843, -25.3210487366, 28.5339164734, 44.3532104492, 94.9767532349, 51.8001441956, 15.6039609909, 32.903881073, 3.80509495735, -14.3669891357, -18.7904586792, -20.805765152], [129.533981323, 101.593147278, -109.665985107, 15.9607181549, 66.1796035767, 51.8001441956, 172.107574463, 15.5121793747, 59.0150756836, 81.7025375366, -82.142829895, -84.4042358398, -14.1525344849], [-93.4454116821, -144.112731934, 22.3886413574, 40.1130027771, -26.0640106201, 15.6039609909, 15.5121793747, 115.211227417, 44.0657157898, -24.2180786133, 70.8584823608, -5.37638759613, -82.0144500732], [-168.95904541, -122.702812195, 31.0751190186, 49.6108703613, -54.6732254028, 32.903881073, 59.0150756836, 44.0657157898, 241.548553467, -81.0435409546, -167.275405884, 96.5878677368, 7.24345254898], [246.067687988, 102.507339478, -178.690429688, -3.19485664368, 122.555183411, 3.80509495735, 81.7025375366, -24.2180786133, -81.0435409546, 374.867492676, 77.4484558105, -335.990386963, -27.2491588593], [-5.76276063919, -96.301864624, 27.490026474, 33.7945137024, 20.4242248535, -14.3669891357, -82.142829895, 70.8584823608, -167.275405884, 77.4484558105, 394.644561768, -56.5404090881, -188.893493652], [-181.199203491, 9.25500202179, 145.794876099, -57.4980239868, -101.94152832, -18.7904586792, -84.4042358398, -5.37638759613, 96.5878677368, -335.990386963, -56.5404090881, 490.158599854, 103.111625671], [22.6911373138, 149.392807007, 42.3165855408, -88.0459594727, -8.4629945755, -20.805765152, -14.1525344849, -82.0144500732, 7.24345254898, -27.2491588593, -188.893493652, 103.111625671, 329.918457031]],
        "icov": [[0.0182066801935, -0.0225857105106, 0.0215981286019, -0.020429847762, 0.0208311919123, -0.0197005625814, 0.014745818451, -0.0125319799408, 0.00915885344148, -0.00571568636224, 0.00281461235136, -0.00082139990991, -0.00124317815062], [-0.0225857105106, 0.0311392359436, -0.0282797571272, 0.0295972991735, -0.0299074724317, 0.0267906300724, -0.0211733840406, 0.0178499575704, -0.0112830046564, 0.00764463702217, -0.00359616521746, 0.000940114026889, 0.00195667194203], [0.0215981286019, -0.0282797571272, 0.0302605126053, -0.0262373965234, 0.0263127833605, -0.0238380543888, 0.0201655197889, -0.0153843993321, 0.00860755331814, -0.00394029496238, 0.00117108924314, 0.000762131006923, -0.0034330827184], [-0.020429847762, 0.0295972991735, -0.0262373965234, 0.0337678603828, -0.0278585664928, 0.0242252387106, -0.0209052246064, 0.0182581059635, -0.0123369991779, 0.00866706017405, -0.00496818637475, 0.00274223834276, 0.00212020776235], [0.0208311919123, -0.0299074724317, 0.0263127833605, -0.0278585664928, 0.0395630709827, -0.0305388886482, 0.0179712176323, -0.015889139846, 0.0133806075901, -0.0106570478529, 0.00395645713434, -0.00211871904321, -0.00103628996294], [-0.0197005625814, 0.0267906300724, -0.0238380543888, 0.0242252387106, -0.0305388886482, 0.0390694066882, -0.0215229094028, 0.015760704875, -0.0134703209624, 0.0107706878334, -0.00565966032445, 0.00305456994101, 0.000411706481827], [0.014745818451, -0.0211733840406, 0.0201655197889, -0.0209052246064, 0.0179712176323, -0.0215229094028, 0.0270477142185, -0.0165865570307, 0.00729396892712, -0.00837461464107, 0.00690693873912, -0.00162605894729, 0.00015957946016], [-0.0125319799408, 0.0178499575704, -0.0153843993321, 0.0182581059635, -0.015889139846, 0.015760704875, -0.0165865570307, 0.0290419068187, -0.0150037296116, 0.0108900107443, -0.0114582628012, 0.00569188827649, -0.000391106645111], [0.00915885344148, -0.0112830046564, 0.00860755331814, -0.0123369991779, 0.0133806075901, -0.0134703209624, 0.00729396892712, -0.0150037296116, 0.0201120879501, -0.0105899050832, 0.0124670369551, -0.00776203582063, 0.00440728943795], [-0.00571568636224, 0.00764463702217, -0.00394029496238, 0.00866706017405, -0.0106570478529, 0.0107706878334, -0.00837461464107, 0.0108900107443, -0.0105899050832, 0.0176151897758, -0.010260598734, 0.0108507778496, -0.00507487775758], [0.00281461235136, -0.00359616521746, 0.00117108924314, -0.00496818637475, 0.00395645713434, -0.00565966032445, 0.00690693873912, -0.0114582628012, 0.0124670369551, -0.010260598734, 0.0145599199459, -0.00736653339118, 0.00666855415329], [-0.00082139990991, 0.000940114026889, 0.000762131006923, 0.00274223834276, -0.00211871904321, 0.00305456994101, -0.00162605894729, 0.00569188827649, -0.00776203582063, 0.0108507778496, -0.00736653339118, 0.0103670153767, -0.00464278645813], [-0.00124317815062, 0.00195667194203, -0.0034330827184, 0.00212020776235, -0.00103628996294, 0.000411706481827, 0.00015957946016, -0.000391106645111, 0.00440728943795, -0.00507487775758, 0.00666855415329, -0.00464278645813, 0.00789888482541]]
    },
    "spectral_contrast_coeffs": {
        "mean": [-0.566231906414, -0.639113545418, -0.654758691788, -0.722972869873, -0.753256380558, -0.779443979263],
        "var": [0.0112774027511, 0.0100826816633, 0.00806257966906, 0.0123173929751, 0.00421578297392, 0.00360003812239]
    },
    "spectral_contrast_valleys": {
        "mean": [-7.36376619339, -7.48794555664, -8.65578556061, -9.57587146759, -10.784450531, -13.49259758],
        "var": [0.9307487607, 0.959263443947, 0.723435521126, 0.587368190289, 0.582948148251, 0.363310903311]
    }
},
"metadata": {
    "audio_properties": {
        "analysis_sample_rate": 44100,
        "bit_rate": 100377,
        "equal_loudness": 0,
        "length": 45.0873451233,
        "lossless": 0,
        "replay_gain": -2.72721290588,
        "sample_rate": 44100,
        "codec": "mp3",
        "downmix": "mix",
        "md5_encoded": "9d500c22bcb871754b4b342755970a4d"
    },
    "tags": {
        "file_name": "198.mp3"
    },
    "version": {
        "essentia": "2.1-beta2",
        "essentia_git_sha": "v2.1_beta2",
        "extractor": "music 1.0"
    }
},
"rhythm": {
    "beats_count": 93,
    "beats_loudness": {
        "mean": 0.0438208132982,
        "var": 0.00178757635877
    },
    "bpm": 129.245391846,
    "bpm_histogram_first_peak_bpm": {
        "mean": 129,
        "var": 0
    },
    "bpm_histogram_first_peak_spread": {
        "mean": 0.571428537369,
        "var": 0
    },
    "bpm_histogram_first_peak_weight": {
        "mean": 0.228260874748,
        "var": 0
    },
    "bpm_histogram_second_peak_bpm": {
        "mean": 123,
        "var": 0
    },
    "bpm_histogram_second_peak_spread": {
        "mean": 0.428571403027,
        "var": 0
    },
    "bpm_histogram_second_peak_weight": {
        "mean": 0.0869565233588,
        "var": 0
    },
    "danceability": 1.06197583675,
    "onset_rate": 0.8203125,
    "beats_loudness_band_ratio": {
        "mean": [0.544916749001, 0.317049920559, 0.166831284761, 0.0553007274866, 0.00837999302894, 0.000541138579138],
        "var": [0.0697166100144, 0.0472610108554, 0.0274396948516, 0.00362439337187, 0.000334560201736, 5.73962495309e-007]
    },
    "beats_position": [0.46439909935, 0.940408170223, 1.4164172411, 1.88081634045, 2.34521532059, 2.79800438881, 3.20435357094, 3.61070299149, 4.02866220474, 4.43501138687, 4.841360569, 5.24770975113, 5.64244890213, 6.03718805313, 6.43192720413, 6.82666635513, 7.22140598297, 7.6858048439, 8.16181373596, 8.62621307373, 9.10222244263, 9.56662082672, 10.0542402267, 10.5418596268, 11.0294780731, 11.5170974731, 11.9931058884, 12.4807252884, 12.9567346573, 13.4443531036, 13.8971424103, 14.3499317169, 14.8143310547, 15.2787294388, 15.7315187454, 16.1959171295, 16.6487064362, 17.1247158051, 17.5775051117, 18.0767345428, 18.575963974, 19.0868015289, 19.5976409912, 20.0968704224, 20.5960998535, 21.0837192535, 21.5829467773, 22.0821762085, 22.5581855774, 23.0341949463, 23.4985942841, 23.9629936218, 24.4273910522, 24.89179039, 25.3445796967, 25.8089790344, 26.2733783722, 26.7261676788, 27.1905670166, 27.6549663544, 28.1193637848, 28.6302032471, 29.1410427094, 29.6518821716, 30.1859397888, 30.7316093445, 31.358549118, 31.9854869843, 32.6008148193, 33.1813163757, 33.7618141174, 34.2842636108, 34.8067131042, 35.329158783, 35.8748283386, 36.4204978943, 36.96616745, 37.4189567566, 37.8717460632, 38.3245353699, 38.7773246765, 39.2301139832, 39.6829032898, 40.1473007202, 40.6116981506, 41.0760993958, 41.5404968262, 42.0165061951, 42.5041275024, 42.9801368713, 43.4561424255, 43.9321517944, 44.4081611633]
},
"tonal": {
    "chords_changes_rate": 0.0205761324614,
    "chords_number_rate": 0.00514403311536,
    "chords_strength": {
        "mean": 0.55085837841,
        "var": 0.00448120478541
    },
    "hpcp_entropy": {
        "mean": 1.26809489727,
        "var": 0.490090101957
    },
    "key_strength": 0.758317530155,
    "tuning_diatonic_strength": 0.668624401093,
    "tuning_equal_tempered_deviation": 0.026585130021,
    "tuning_frequency": 439.491973877,
    "tuning_nontempered_energy_ratio": 0.663132488728,
    "hpcp": {
        "mean": [0.155047893524, 0.101613610983, 0.0319192148745, 0.0239517129958, 0.0165802501142, 0.00803404673934, 0.0104266144335, 0.0743028372526, 0.407101809978, 0.635951757431, 0.345224797726, 0.059358458966, 0.0179502051324, 0.0185620486736, 0.0465555116534, 0.0840862169862, 0.0789642184973, 0.0559347048402, 0.0440535843372, 0.0504840984941, 0.128361448646, 0.164405077696, 0.0889655873179, 0.0519367903471, 0.0366321392357, 0.022478364408, 0.0281298942864, 0.0152055723593, 0.0188638158143, 0.168927028775, 0.333831340075, 0.208992943168, 0.034160092473, 0.0104449782521, 0.0204553101212, 0.0885541141033],
        "var": [0.100554808974, 0.043996822089, 0.00460426090285, 0.00570290582255, 0.00379837327637, 0.00150455744006, 0.00200839084573, 0.0177974198014, 0.105120465159, 0.171269029379, 0.0832565352321, 0.0148588633165, 0.00670409062877, 0.00644791778177, 0.0164600107819, 0.0451379306614, 0.0381719134748, 0.0285079609603, 0.0219076834619, 0.0149928657338, 0.0361397713423, 0.058453772217, 0.0243092756718, 0.0160147752613, 0.00992396473885, 0.00457283202559, 0.00932870712131, 0.00236649997532, 0.00237622321583, 0.0466732643545, 0.145158752799, 0.0678707808256, 0.00801443587989, 0.00353620620444, 0.00587011035532, 0.0404890179634]
    },
    "chords_histogram": [46.3991775513, 0, 0, 0, 0, 0, 9.67078208923, 0, 0, 0, 0, 0, 0, 0, 0, 0, 0, 23.8683128357, 0, 0, 0, 0, 5.55555534363, 14.5061731339],
    "thpcp": [1, 0.542847454548, 0.0933379903436, 0.0282257348299, 0.0291878245771, 0.0732060447335, 0.132221058011, 0.124166995287, 0.0879543200135, 0.0692718997598, 0.0793835371733, 0.201841488481, 0.258518159389, 0.139893606305, 0.0816678181291, 0.0576020739973, 0.0353460200131, 0.0442327484488, 0.0239099469036, 0.0296623371542, 0.265628695488, 0.524931848049, 0.328630179167, 0.0537149123847, 0.0164241679013, 0.0321648754179, 0.139246597886, 0.243804484606, 0.159781947732, 0.0501912534237, 0.037662781775, 0.0260715540498, 0.0126331076026, 0.0163952913135, 0.116837225854, 0.640145719051],
    "chords_key": "C",
    "chords_scale": "major",
    "key_key": "C",
    "key_scale": "major"
}
}