{
"lowlevel": {
    "average_loudness": 0.980956494808,
    "barkbands_crest": {
        "mean": 9.91799545288,
        "var": 14.7357339859
    },
    "barkbands_flatness_db": {
        "mean": 0.15256229043,
        "var": 0.0025016348809
    },
    "barkbands_kurtosis": {
        "mean": 4.85376214981,
        "var": 204.10899353
    },
    "barkbands_skewness": {
        "mean": 1.31615018845,
        "var": 2.84757375717
    },
    "barkbands_spread": {
        "mean": 25.8735237122,
        "var": 234.52355957
    },
    "dissonance": {
        "mean": 0.472283303738,
        "var": 0.000825926545076
    },
    "dynamic_complexity": 3.1330807209,
    "erbbands_crest": {
        "mean": 9.2693529129,
        "var": 24.6826705933
    },
    "erbbands_flatness_db": {
        "mean": 0.167531222105,
        "var": 0.0032915128395
    },
    "erbbands_kurtosis": {
        "mean": 1.36335599422,
        "var": 23.1332435608
    },
    "erbbands_skewness": {
        "mean": -0.121024936438,
        "var": 1.1087269783
    },
    "erbbands_spread": {
        "mean": 38.6354942322,
        "var": 458.932647705
    },
    "hfc": {
        "mean": 17.8958702087,
        "var": 457.073425293
    },
    "melbands_crest": {
        "mean": 14.8881921768,
        "var": 28.1825199127
    },
    "melbands_flatness_db": {
        "mean": 0.200655907393,
        "var": 0.00480400584638
    },
    "melbands_kurtosis": {
        "mean": 18.1389541626,
        "var": 2104.5715332
    },
    "melbands_skewness": {
        "mean": 2.72566008568,
        "var": 5.86673307419
    },
    "melbands_spread": {
        "mean": 30.0096855164,
        "var": 582.717712402
    },
    "pitch_salience": {
        "mean": 0.53727710247,
        "var": 0.0126912938431
    },
    "silence_rate_20dB": {
        "mean": 1,
        "var": 0
    },
    "silence_rate_30dB": {
        "mean": 0.996395468712,
        "var": 0.00359146040864
    },
    "silence_rate_60dB": {
        "mean": 0.130278065801,
        "var": 0.113303408027
    },
    "spectral_centroid": {
        "mean": 1677.89697266,
        "var": 580642.0625
    },
    "spectral_complexity": {
        "mean": 16.94490242,
        "var": 149.403625488
    },
    "spectral_decrease": {
        "mean": -4.86379958531e-009,
        "var": 3.43917842811e-017
    },
    "spectral_energy": {
        "mean": 0.0199803020805,
        "var": 0.000554931233637
    },
    "spectral_energyband_high": {
        "mean": 0.000838375592139,
        "var": 2.41000998358e-006
    },
    "spectral_energyband_low": {
        "mean": 0.0102814184502,
        "var": 0.000353011855623
    },
    "spectral_energyband_middle_high": {
        "mean": 0.00549597013742,
        "var": 3.79678531317e-005
    },
    "spectral_energyband_middle_low": {
        "mean": 0.00415800558403,
        "var": 1.12839616122e-005
    },
    "spectral_entropy": {
        "mean": 7.57264995575,
        "var": 0.275999903679
    },
    "spectral_flux": {
        "mean": 0.0756587535143,
        "var": 0.00285607995465
    },
    "spectral_kurtosis": {
        "mean": 4.70518541336,
        "var": 16.6995449066
    },
    "spectral_rms": {
        "mean": 0.00385352806188,
        "var": 4.64334470962e-006
    },
    "spectral_rolloff": {
        "mean": 1809.56896973,
        "var": 3059265.75
    },
    "spectral_skewness": {
        "mean": 1.4262291193,
        "var": 0.330713927746
    },
    "spectral_spread": {
        "mean": 4518363.5,
        "var": 4.81100300288e+012
    },
    "spectral_strongpeak": {
        "mean": 0.948239088058,
        "var": 2.8771238327
    },
    "zerocrossingrate": {
        "mean": 0.067504003644,
        "var": 0.00196421192959
    },
    "barkbands": {
        "mean": [0.000140018062666, 0.0060368492268, 0.00342022813857, 0.00129019690212, 0.00108350056689, 0.00066162541043, 0.000538010208402, 0.000151724103489, 0.000285580172203, 0.000894301105291, 0.000427977414802, 0.000681476318277, 0.000403128244216, 0.000259504566202, 0.000390455854358, 0.000620664679445, 0.000699041236658, 0.000610664021224, 0.000399844895583, 0.00031468650559, 0.00021122508042, 0.000114030466648, 0.000122886733152, 7.66512748669e-005, 0.000118898293294, 2.71486169368e-005, 7.04243219296e-010],
        "var": [6.88438959173e-008, 0.000220913032535, 2.58639065578e-005, 2.76866126114e-006, 1.53111443524e-006, 1.07723292331e-006, 6.91154752985e-007, 5.02374000177e-008, 2.61484245812e-007, 3.10165091832e-006, 9.58109012572e-007, 3.37304982168e-006, 1.05159688246e-006, 3.31025944433e-007, 6.13896816049e-007, 2.36520872932e-006, 4.59079183202e-006, 1.19328876735e-006, 3.56728520501e-007, 1.96081614945e-007, 1.49407171079e-007, 5.39315898607e-008, 1.04488869113e-007, 2.74383022969e-008, 1.00279962112e-007, 4.53520287991e-009, 1.45292961446e-018]
    },
    "erbbands": {
        "mean": [0.144569039345, 1.48700261116, 4.16436862946, 3.8993639946, 4.3784122467, 3.30835795403, 3.75965380669, 5.19744586945, 7.83784484863, 5.63537740707, 3.68169522285, 6.59411287308, 20.3462905884, 27.5208091736, 15.048368454, 28.1423797607, 19.475320816, 9.7023897171, 23.0418338776, 24.138710022, 31.5104751587, 42.8867797852, 33.6209030151, 27.3429412842, 17.9408988953, 14.4592056274, 11.7737865448, 6.16550350189, 4.19863462448, 3.29536151886, 3.87785577774, 1.80830991268, 1.58991980553, 1.69315338135, 0.492477297783, 0.187104359269, 0.0404166914523, 0.000970241730101, 4.75365814054e-005, 2.8358776035e-005],
        "var": [0.121755629778, 13.3510465622, 46.1516227722, 20.211643219, 25.6768283844, 15.3987522125, 43.6758270264, 54.3362503052, 143.049468994, 84.7426452637, 25.8206958771, 114.110450745, 1490.07348633, 2178.56567383, 1080.14855957, 4675.59423828, 2293.07446289, 228.456893921, 2361.62768555, 2528.20483398, 6171.58935547, 18575.0742188, 3821.61108398, 1959.43139648, 728.394897461, 414.727752686, 356.467041016, 155.073104858, 74.0394363403, 56.8777046204, 116.453430176, 17.1678962708, 12.9912490845, 21.6960697174, 1.3926846981, 0.202894449234, 0.0113386716694, 6.62410320729e-006, 1.007891548e-008, 1.27550137119e-009]
    },
    "gfcc": {
        "mean": [-39.8486366272, 88.8534240723, -124.133804321, 49.8069000244, -50.6945762634, 18.6201095581, -36.4356765747, 17.5258216858, -31.1393241882, 0.290737003088, -17.3767032623, -1.27982449532, -6.9259557724],
        "cov": [[8886.69433594, -442.693267822, -1044.29248047, 656.597412109, 173.087814331, 384.927459717, 302.983306885, 158.265655518, -110.186660767, 146.61618042, 243.722457886, 198.950820923, 96.8648223877], [-442.693267822, 1359.86022949, 125.104660034, -42.6227836609, 46.3654098511, -255.386856079, 167.288909912, -134.934265137, 121.015762329, -38.0996551514, 132.686584473, -82.9938278198, 53.3263053894], [-1044.29248047, 125.104660034, 1643.51293945, 58.1537284851, -229.442626953, 267.17880249, -261.829376221, 45.5745239258, 14.1953268051, 59.5497665405, -117.750053406, -66.9282836914, -187.242538452], [656.597412109, -42.6227836609, 58.1537284851, 391.759490967, 131.625091553, -5.19631099701, -5.07349777222, -20.0416088104, 44.7612037659, -6.39700984955, -7.31001091003, 12.2949743271, 1.89057087898], [173.087814331, 46.3654098511, -229.442626953, 131.625091553, 283.408508301, -27.2019672394, 22.2995319366, -14.2534990311, 0.469929039478, -26.9264125824, 5.24423313141, 5.78648138046, 27.1035327911], [384.927459717, -255.386856079, 267.17880249, -5.19631099701, -27.2019672394, 407.866271973, 22.393655777, -34.7740936279, -100.086547852, 15.6041917801, -0.371087163687, -39.2545013428, -93.751083374], [302.983306885, 167.288909912, -261.829376221, -5.07349777222, 22.2995319366, 22.393655777, 245.900466919, 4.58809661865, 12.8648958206, -21.2188968658, 43.8414421082, -12.8542375565, 32.5717544556], [158.265655518, -134.934265137, 45.5745239258, -20.0416088104, -14.2534990311, -34.7740936279, 4.58809661865, 209.524368286, 58.7138175964, -8.89277839661, -43.73695755, 29.3697776794, 29.5719776154], [-110.186660767, 121.015762329, 14.1953268051, 44.7612037659, 0.469929039478, -100.086547852, 12.8648958206, 58.7138175964, 141.533874512, 19.903049469, -6.49721240997, -2.62376141548, 32.8196601868], [146.61618042, -38.0996551514, 59.5497665405, -6.39700984955, -26.9264125824, 15.6041917801, -21.2188968658, -8.89277839661, 19.903049469, 106.373931885, 35.2761650085, 15.5967512131, -20.6869163513], [243.722457886, 132.686584473, -117.750053406, -7.31001091003, 5.24423313141, -0.371087163687, 43.8414421082, -43.73695755, -6.49721240997, 35.2761650085, 162.951583862, 40.5505714417, -4.99194335938], [198.950820923, -82.9938278198, -66.9282836914, 12.2949743271, 5.78648138046, -39.2545013428, -12.8542375565, 29.3697776794, -2.62376141548, 15.5967512131, 40.5505714417, 117.483833313, 44.1350784302], [96.8648223877, 53.3263053894, -187.242538452, 1.89057087898, 27.1035327911, -93.751083374, 32.5717544556, 29.5719776154, 32.8196601868, -20.6869163513, -4.99194335938, 44.1350784302, 113.688819885]],
        "icov": [[0.000274712743703, -0.000434436835349, 0.000569654570427, -0.000911368289962, 0.00055209256243, -0.00079957942944, 0.000418559735408, -0.000951355847064, 0.000708885781933, -0.00079067092156, 0.000209967562114, -0.000333294883603, 4.97397195431e-005], [-0.000434436835349, 0.00336281722412, -0.00263168872334, 0.0026692096144, -0.00238439557143, 0.00372104090638, -0.00331823877059, 0.00384309305809, -0.00244285236113, 0.00267955171876, -0.00331916986033, 0.00288265035488, -0.00206999317743], [0.000569654570427, -0.00263168872334, 0.00352463801391, -0.00307423225604, 0.00300715793855, -0.00399543717504, 0.00367113365792, -0.00371660478413, 0.00152289378457, -0.00251135672443, 0.002851159079, -0.0022427693475, 0.00260771811008], [-0.000911368289962, 0.0026692096144, -0.00307423225604, 0.00714001152664, -0.00442233635113, 0.00359181407839, -0.00285810558125, 0.00522037455812, -0.00475906720385, 0.00378147000447, -0.00163665786386, 0.000888161710463, -0.000534990918823], [0.00055209256243, -0.00238439557143, 0.00300715793855, -0.00442233635113, 0.00708542065695, -0.00326369097456, 0.00292466301471, -0.00342605542392, 0.00246565532871, -0.00171446194872, 0.00202001049183, -0.00149352615699, 0.000991763197817], [-0.00079957942944, 0.00372104090638, -0.00399543717504, 0.00359181407839, -0.00326369097456, 0.00879359804094, -0.00525452522561, 0.00455489242449, -6.80572120473e-005, 0.00258493842557, -0.00328713748604, 0.0036683739163, -0.000432505301433], [0.000418559735408, -0.00331823877059, 0.00367113365792, -0.00285810558125, 0.00292466301471, -0.00525452522561, 0.00941634830087, -0.0044331070967, 0.0010640489636, -0.00137924787123, 0.00135277537629, -0.000897155201528, 0.000568209041376], [-0.000951355847064, 0.00384309305809, -0.00371660478413, 0.00522037455812, -0.00342605542392, 0.00455489242449, -0.0044331070967, 0.0121130421758, -0.00708529911935, 0.00503509351984, -0.00100113858934, -5.14345774718e-005, -0.00157024397049], [0.000708885781933, -0.00244285236113, 0.00152289378457, -0.00475906720385, 0.00246565532871, -6.80572120473e-005, 0.0010640489636, -0.00708529911935, 0.0154200317338, -0.00671646697447, 0.00106297631282, 0.00193698587827, -0.00235551642254], [-0.00079067092156, 0.00267955171876, -0.00251135672443, 0.00378147000447, -0.00171446194872, 0.00258493842557, -0.00137924787123, 0.00503509351984, -0.00671646697447, 0.0154617438093, -0.00434520514682, -0.00033573617111, 0.00153547164518], [0.000209967562114, -0.00331916986033, 0.002851159079, -0.00163665786386, 0.00202001049183, -0.00328713748604, 0.00135277537629, -0.00100113858934, 0.00106297631282, -0.00434520514682, 0.0128024136648, -0.00745340902358, 0.00513968430459], [-0.000333294883603, 0.00288265035488, -0.0022427693475, 0.000888161710463, -0.00149352615699, 0.0036683739163, -0.000897155201528, -5.14345774718e-005, 0.00193698587827, -0.00033573617111, -0.00745340902358, 0.0168528407812, -0.00861514545977], [4.97397195431e-005, -0.00206999317743, 0.00260771811008, -0.000534990918823, 0.000991763197817, -0.000432505301433, 0.000568209041376, -0.00157024397049, -0.00235551642254, 0.00153547164518, 0.00513968430459, -0.00861514545977, 0.0182103421539]]
    },
    "melbands": {
        "mean": [0.00153000827413, 0.00212277518585, 0.000718965486158, 0.000290073250653, 0.000124234094983, 0.000123015401186, 0.000117337134725, 5.27366246388e-005, 2.8846643545e-005, 4.27544073318e-005, 0.000108719577838, 0.000120181968668, 5.09458004672e-005, 6.85508202878e-005, 7.94644656708e-005, 2.42355690716e-005, 1.58128932526e-005, 3.88717344322e-005, 2.6266578061e-005, 4.26603182859e-005, 3.26110093738e-005, 4.36766458733e-005, 3.38127938448e-005, 3.07307163894e-005, 2.13199964492e-005, 1.41755108416e-005, 1.10103374027e-005, 9.32069815462e-006, 8.30838143884e-006, 4.86662247567e-006, 3.08927860715e-006, 2.32930915445e-006, 2.16341140913e-006, 1.64220125498e-006, 2.20408492169e-006, 1.79903008757e-006, 8.98551377304e-007, 9.3404372592e-007, 1.75954812676e-006, 1.20920208246e-006],
        "var": [1.442460416e-005, 1.50188716361e-005, 6.17323109964e-007, 1.11701815797e-007, 3.44496022819e-008, 2.98275146804e-008, 3.09804981669e-008, 7.41778949376e-009, 1.78182690824e-009, 6.16122530772e-009, 4.45638903557e-008, 4.32347775359e-008, 1.19610641391e-008, 4.61212295022e-008, 3.27069962225e-008, 4.47998926845e-009, 7.24020288168e-010, 8.63665405859e-009, 3.71703645641e-009, 1.20042837892e-008, 8.89232154577e-009, 2.1980939735e-008, 7.05310077009e-009, 3.26484328461e-009, 1.3133528709e-009, 4.63748511814e-010, 2.9712654559e-010, 1.69934108452e-010, 1.76754375025e-010, 8.79348399652e-011, 4.38970249039e-011, 2.4196455603e-011, 1.85761631771e-011, 1.73975261281e-011, 3.69578707915e-011, 2.57573008061e-011, 3.9842998692e-012, 4.50168981952e-012, 2.3900643617e-011, 1.03782928432e-011]
    },
    "mfcc": {
        "mean": [-678.790344238, 109.521774292, -7.05584430695, 34.9921989441, 10.6063480377, 4.11398792267, 9.929895401, 7.47791814804, 2.98904752731, -0.616315364838, -4.6630191803, -2.15775227547, 0.220511078835],
        "cov": [[9369.38964844, -874.446105957, -1177.32800293, 345.627868652, -112.904640198, 301.38671875, 467.113861084, 197.341018677, 8.65186500549, -7.64258623123, 23.5010471344, 116.580688477, 241.316162109], [-874.446105957, 1257.59741211, 168.00440979, 98.9351577759, -111.563423157, -63.2054138184, -52.5765419006, -57.11693573, -47.8882293701, 43.2823905945, 14.6377706528, 37.2404136658, 8.40577220917], [-1177.32800293, 168.00440979, 1544.18237305, -202.499588013, 183.65447998, 83.7884292603, -69.1203536987, -30.3374347687, 20.1689796448, 44.7792778015, 122.087097168, 36.8947143555, -57.9615631104], [345.627868652, 98.9351577759, -202.499588013, 446.422943115, 53.6749458313, -54.7986907959, -83.0860061646, 11.9472503662, 64.3610153198, -38.167766571, -5.89796113968, 33.385848999, 18.9039154053], [-112.904640198, -111.563423157, 183.65447998, 53.6749458313, 292.765533447, 35.7007598877, -11.9111118317, -4.32901620865, 13.008769989, -20.8698616028, 0.297201246023, 6.02872419357, -1.92326712608], [301.38671875, -63.2054138184, 83.7884292603, -54.7986907959, 35.7007598877, 310.674102783, 120.913841248, -18.0801315308, -82.7127532959, 19.929599762, 14.2299642563, -13.8341064453, -2.55588054657], [467.113861084, -52.5765419006, -69.1203536987, -83.0860061646, -11.9111118317, 120.913841248, 205.118179321, 52.3669281006, -51.0653953552, 12.5079336166, 4.19703769684, -6.74846553802, 3.61363983154], [197.341018677, -57.11693573, -30.3374347687, 11.9472503662, -4.32901620865, -18.0801315308, 52.3669281006, 132.448196411, 57.0179519653, 0.134818375111, -7.18579483032, 3.32662439346, 10.4217634201], [8.65186500549, -47.8882293701, 20.1689796448, 64.3610153198, 13.008769989, -82.7127532959, -51.0653953552, 57.0179519653, 203.536468506, 25.5836257935, -8.54226398468, -23.4747772217, -23.8772678375], [-7.64258623123, 43.2823905945, 44.7792778015, -38.167766571, -20.8698616028, 19.929599762, 12.5079336166, 0.134818375111, 25.5836257935, 135.4712677, 30.581073761, -9.70977592468, -21.7745571136], [23.5010471344, 14.6377706528, 122.087097168, -5.89796113968, 0.297201246023, 14.2299642563, 4.19703769684, -7.18579483032, -8.54226398468, 30.581073761, 91.4659118652, 35.4595565796, -1.87985706329], [116.580688477, 37.2404136658, 36.8947143555, 33.385848999, 6.02872419357, -13.8341064453, -6.74846553802, 3.32662439346, -23.4747772217, -9.70977592468, 35.4595565796, 104.001235962, 40.667766571], [241.316162109, 8.40577220917, -57.9615631104, 18.9039154053, -1.92326712608, -2.55588054657, 3.61363983154, 10.4217634201, -23.8772678375, -21.7745571136, -1.87985706329, 40.667766571, 84.2707443237]],
        "icov": [[0.000166021942277, 0.000116352857731, 6.3174382376e-005, -0.000185500757652, 9.75289513008e-005, -7.61021365179e-005, -0.000392832997022, 7.02140823705e-005, -0.00013595445489, -6.40922662569e-005, -9.21451864997e-005, -7.76951346779e-005, -0.000413523142925], [0.000116352857731, 0.00106303254142, -0.000238260370679, -0.000626364606433, 0.000614637276158, 0.000284779001959, -0.000472664076369, 0.000460084411316, 0.000308054499328, -0.000562344270293, 0.000381323246984, -0.000216797925532, -0.000421442731749], [6.3174382376e-005, -0.000238260370679, 0.001094001811, 0.000731167034246, -0.000746192003135, -0.00056391878752, 0.000736134999897, -0.000350001442712, -0.000366996770026, 0.000246935902396, -0.00131233537104, -0.000402043195209, 0.000533449696377], [-0.000185500757652, -0.000626364606433, 0.000731167034246, 0.00359454797581, -0.00114059599582, -0.000565973808989, 0.00208512926474, -0.000743231736124, -0.000968053005636, 0.00106225977652, -0.000706784543581, -0.000987295527011, 0.000710410589818], [9.75289513008e-005, 0.000614637276158, -0.000746192003135, -0.00114059599582, 0.00442621158436, -0.000369369867258, -0.000524649920408, 0.000528450822458, -0.000209529491258, 0.000280381413177, 0.000866558053531, -0.000208305427805, -0.000418066774728], [-7.61021365179e-005, 0.000284779001959, -0.00056391878752, -0.000565973808989, -0.000369369867258, 0.0052815801464, -0.00324585824274, 0.00153575011063, 0.00143841351382, -0.000871144991834, 0.000101699130028, 0.00117606227286, -0.000353181094397], [-0.000392832997022, -0.000472664076369, 0.000736134999897, 0.00208512926474, -0.000524649920408, -0.00324585824274, 0.0105824237689, -0.00546317500994, 0.00227901572362, -1.27721414174e-005, -0.000924228748772, 0.000255635095527, 0.00182050478179], [7.02140823705e-005, 0.000460084411316, -0.000350001442712, -0.000743231736124, 0.000528450822458, 0.00153575011063, -0.00546317500994, 0.0120444158092, -0.00411756336689, 0.00022174656624, 0.00112544407602, -0.000889711955097, -0.00217249547131], [-0.00013595445489, 0.000308054499328, -0.000366996770026, -0.000968053005636, -0.000209529491258, 0.00143841351382, 0.00227901572362, -0.00411756336689, 0.00834482721984, -0.00199597212486, 0.000555180362426, 0.00177959329449, 0.0017759288894], [-6.40922662569e-005, -0.000562344270293, 0.000246935902396, 0.00106225977652, 0.000280381413177, -0.000871144991834, -1.27721414174e-005, 0.00022174656624, -0.00199597212486, 0.00944288168103, -0.00360791594721, 0.000758904730901, 0.00155195163097], [-9.21451864997e-005, 0.000381323246984, -0.00131233537104, -0.000706784543581, 0.000866558053531, 0.000101699130028, -0.000924228748772, 0.00112544407602, 0.000555180362426, -0.00360791594721, 0.016333648935, -0.00599145935848, 0.00188587012235], [-7.76951346779e-005, -0.000216797925532, -0.000402043195209, -0.000987295527011, -0.000208305427805, 0.00117606227286, 0.000255635095527, -0.000889711955097, 0.00177959329449, 0.000758904730901, -0.00599145935848, 0.0155580034479, -0.00662234192714], [-0.000413523142925, -0.000421442731749, 0.000533449696377, 0.000710410589818, -0.000418066774728, -0.000353181094397, 0.00182050478179, -0.00217249547131, 0.0017759288894, 0.00155195163097, 0.00188587012235, -0.00662234192714, 0.0176127161831]]
    },
    "spectral_contrast_coeffs": {
        "mean": [-0.663427352905, -0.761221051216, -0.748923420906, -0.774478375912, -0.787640750408, -0.766462147236],
        "var": [0.0049511520192, 0.00514923688024, 0.00773748708889, 0.0064719542861, 0.00485808262601, 0.00339213735424]
    },
    "spectral_contrast_valleys": {
        "mean": [-7.56471204758, -7.35223245621, -7.87029838562, -8.0280008316, -7.62338399887, -10.4500827789],
        "var": [1.34569013119, 1.19158995152, 1.24284982681, 1.32060956955, 1.58561301231, 1.35550200939]
    }
},
"metadata": {
    "audio_properties": {
        "analysis_sample_rate": 44100,
        "bit_rate": 128074,
        "equal_loudness": 0,
        "length": 45.0612258911,
        "lossless": 0,
        "replay_gain": -5.00496292114,
        "sample_rate": 44100,
        "codec": "mp3",
        "downmix": "mix",
        "md5_encoded": "34d6c22bfacdca7731f31f62d3aae095"
    },
    "tags": {
        "file_name": "1980.mp3"
    },
    "version": {
        "essentia": "2.1-beta2",
        "essentia_git_sha": "v2.1_beta2",
        "extractor": "music 1.0"
    }
},
"rhythm": {
    "beats_count": 66,
    "beats_loudness": {
        "mean": 0.0639994069934,
        "var": 0.000563316105399
    },
    "bpm": 89.9131774902,
    "bpm_histogram_first_peak_bpm": {
        "mean": 91,
        "var": 0
    },
    "bpm_histogram_first_peak_spread": {
        "mean": 0.459016352892,
        "var": 0
    },
    "bpm_histogram_first_peak_weight": {
        "mean": 0.507692337036,
        "var": 0
    },
    "bpm_histogram_second_peak_bpm": {
        "mean": 81,
        "var": 0
    },
    "bpm_histogram_second_peak_spread": {
        "mean": 0,
        "var": 0
    },
    "bpm_histogram_second_peak_weight": {
        "mean": 0.0461538471282,
        "var": 0
    },
    "danceability": 1.86494970322,
    "onset_rate": 4.30331325531,
    "beats_loudness_band_ratio": {
        "mean": [0.686122953892, 0.0488709025085, 0.0319978930056, 0.0705460608006, 0.0933739766479, 0.080958366394],
        "var": [0.0228702239692, 0.00187237211503, 0.000867314520292, 0.00465463660657, 0.00831952877343, 0.002415942261]
    },
    "beats_position": [0.708208620548, 1.45124709606, 2.18267560005, 2.92571425438, 3.62231278419, 4.29569149017, 4.96907043457, 5.64244890213, 6.30421733856, 6.96598625183, 7.6277551651, 8.28952407837, 8.96290206909, 9.63628101349, 10.3096599579, 10.9714279175, 11.6331968307, 12.3065757751, 12.9683446884, 13.6301136017, 14.3034915924, 14.9768705368, 15.6386394501, 16.3004074097, 16.9737873077, 17.6355552673, 18.2973232269, 18.970703125, 19.6324710846, 20.2942390442, 20.9676189423, 21.640996933, 22.3027667999, 22.9645347595, 23.6379127502, 24.3112926483, 24.9730606079, 25.6348285675, 26.2965984344, 26.958366394, 27.6317462921, 28.3051242828, 28.9668922424, 29.6286621094, 30.3020401001, 30.9638080597, 31.6255779266, 32.2989578247, 32.9723358154, 33.6341018677, 34.2958717346, 34.9692497253, 35.6426315308, 36.2927894592, 36.96616745, 37.6395454407, 38.3013153076, 38.9630813599, 39.6364631653, 40.309841156, 40.9716110229, 41.6333770752, 42.3067550659, 42.9801368713, 43.6419029236, 44.3036727905]
},
"tonal": {
    "chords_changes_rate": 0.0689300447702,
    "chords_number_rate": 0.00720164598897,
    "chords_strength": {
        "mean": 0.535710215569,
        "var": 0.0113884815946
    },
    "hpcp_entropy": {
        "mean": 2.32181215286,
        "var": 0.560128211975
    },
    "key_strength": 0.721310853958,
    "tuning_diatonic_strength": 0.603051662445,
    "tuning_equal_tempered_deviation": 0.133657589555,
    "tuning_frequency": 447.949737549,
    "tuning_nontempered_energy_ratio": 0.828338861465,
    "hpcp": {
        "mean": [0.0819181725383, 0.0728716775775, 0.111422091722, 0.154750049114, 0.127189218998, 0.128185749054, 0.17578150332, 0.142534807324, 0.0971222147346, 0.10132625699, 0.10862582922, 0.114540576935, 0.105222515762, 0.0921141430736, 0.0894236564636, 0.0888420939445, 0.118294946849, 0.198903352022, 0.269958078861, 0.208071440458, 0.0993821099401, 0.0707365870476, 0.0888696610928, 0.0848166942596, 0.068237811327, 0.108479253948, 0.152849912643, 0.13714620471, 0.110431276262, 0.102064147592, 0.110087633133, 0.163676783442, 0.316818505526, 0.459657102823, 0.355747401714, 0.158665955067],
        "var": [0.026395495981, 0.0241117626429, 0.0346665196121, 0.0721423327923, 0.0458853915334, 0.044167086482, 0.0974658504128, 0.0541492700577, 0.0303693953902, 0.0420879907906, 0.0458159819245, 0.0414775386453, 0.0350718013942, 0.0295772273093, 0.0267002414912, 0.0276261717081, 0.036795206368, 0.0547433830798, 0.0691813230515, 0.0529376938939, 0.0299172382802, 0.0181330926716, 0.0234482195228, 0.0211453177035, 0.0167934689671, 0.0305544938892, 0.0521916337311, 0.0359171852469, 0.0403504818678, 0.0378289557993, 0.0372932478786, 0.0570182874799, 0.0896465778351, 0.167532756925, 0.114665798843, 0.051546882838]
    },
    "chords_histogram": [65.8436203003, 1.74897122383, 0, 0, 0, 5.55555534363, 2.26337456703, 15.843621254, 0, 0, 6.89300394058, 0, 0, 0, 0, 0, 0, 0.823045253754, 1.02880656719, 0, 0, 0, 0, 0],
    "thpcp": [1, 0.773940861225, 0.345183312893, 0.178215831518, 0.158534869552, 0.242402628064, 0.336664110422, 0.276704579592, 0.278872549534, 0.382418781519, 0.310089439154, 0.211292758584, 0.220438793302, 0.236319258809, 0.249187007546, 0.228915244341, 0.200397521257, 0.194544270635, 0.193279057741, 0.25735476613, 0.432721167803, 0.587303161621, 0.452666640282, 0.216209232807, 0.153889909387, 0.193339034915, 0.184521660209, 0.148453727365, 0.236000388861, 0.332530289888, 0.298366338015, 0.24024708569, 0.222044095397, 0.239499464631, 0.356084525585, 0.689249694347],
    "chords_key": "G#",
    "chords_scale": "minor",
    "key_key": "G#",
    "key_scale": "minor"
}
}