{
"lowlevel": {
    "average_loudness": 0.979352176189,
    "barkbands_crest": {
        "mean": 7.9399728775,
        "var": 10.413025856
    },
    "barkbands_flatness_db": {
        "mean": 0.081644937396,
        "var": 0.000771006918512
    },
    "barkbands_kurtosis": {
        "mean": -0.888174057007,
        "var": 2.05918264389
    },
    "barkbands_skewness": {
        "mean": 0.217728555202,
        "var": 0.51689863205
    },
    "barkbands_spread": {
        "mean": 56.06432724,
        "var": 248.677337646
    },
    "dissonance": {
        "mean": 0.486350268126,
        "var": 9.62545236689e-005
    },
    "dynamic_complexity": 1.15583646297,
    "erbbands_crest": {
        "mean": 7.06309366226,
        "var": 4.90675926208
    },
    "erbbands_flatness_db": {
        "mean": 0.132293462753,
        "var": 0.000768696598243
    },
    "erbbands_kurtosis": {
        "mean": 2.2012898922,
        "var": 8.15933990479
    },
    "erbbands_skewness": {
        "mean": -1.10990405083,
        "var": 0.431504547596
    },
    "erbbands_spread": {
        "mean": 36.3730926514,
        "var": 128.343460083
    },
    "hfc": {
        "mean": 49.8410720825,
        "var": 644.468811035
    },
    "melbands_crest": {
        "mean": 15.6557703018,
        "var": 35.5409049988
    },
    "melbands_flatness_db": {
        "mean": 0.113384000957,
        "var": 0.00154844566714
    },
    "melbands_kurtosis": {
        "mean": 4.23147106171,
        "var": 35.827041626
    },
    "melbands_skewness": {
        "mean": 1.96475839615,
        "var": 1.30243980885
    },
    "melbands_spread": {
        "mean": 68.0591430664,
        "var": 781.93560791
    },
    "pitch_salience": {
        "mean": 0.531289339066,
        "var": 0.012005712837
    },
    "silence_rate_20dB": {
        "mean": 1,
        "var": 0
    },
    "silence_rate_30dB": {
        "mean": 1,
        "var": 0
    },
    "silence_rate_60dB": {
        "mean": 0.00257466523908,
        "var": 0.00256805913523
    },
    "spectral_centroid": {
        "mean": 2939.56298828,
        "var": 213947.109375
    },
    "spectral_complexity": {
        "mean": 28.1349124908,
        "var": 85.6429138184
    },
    "spectral_decrease": {
        "mean": -4.91033302907e-009,
        "var": 6.44347558271e-018
    },
    "spectral_energy": {
        "mean": 0.0230535212904,
        "var": 0.000112582521979
    },
    "spectral_energyband_high": {
        "mean": 0.00451864721254,
        "var": 6.82037125443e-006
    },
    "spectral_energyband_low": {
        "mean": 0.00835117511451,
        "var": 6.18116609985e-005
    },
    "spectral_energyband_middle_high": {
        "mean": 0.00665830401704,
        "var": 1.07149944597e-005
    },
    "spectral_energyband_middle_low": {
        "mean": 0.00417423155159,
        "var": 1.28765832415e-005
    },
    "spectral_entropy": {
        "mean": 8.01012611389,
        "var": 0.0296148750931
    },
    "spectral_flux": {
        "mean": 0.0807614177465,
        "var": 0.0011008818401
    },
    "spectral_kurtosis": {
        "mean": 2.4447593689,
        "var": 0.444960683584
    },
    "spectral_rms": {
        "mean": 0.0046282899566,
        "var": 1.07016933271e-006
    },
    "spectral_rolloff": {
        "mean": 4710.64160156,
        "var": 3089987.5
    },
    "spectral_skewness": {
        "mean": 1.06861329079,
        "var": 0.0395459793508
    },
    "spectral_spread": {
        "mean": 5300041,
        "var": 1.69218224947e+012
    },
    "spectral_strongpeak": {
        "mean": 0.798419415951,
        "var": 1.74948644638
    },
    "zerocrossingrate": {
        "mean": 0.144307971001,
        "var": 0.00185354263522
    },
    "barkbands": {
        "mean": [0.000485485448735, 0.00171181594487, 0.00554709881544, 0.000895439297892, 0.00160458078608, 0.000402287230827, 0.000276013510302, 0.000531491125003, 0.000378297030693, 0.000271035678452, 0.000509936595336, 0.000372994603822, 0.000239281405811, 0.000103675098217, 0.000324010266922, 0.00111177819781, 0.0006055450649, 0.000922424602322, 0.00179750751704, 0.00113996223081, 0.00098951603286, 0.000792995444499, 0.000682201760355, 0.000639182166196, 0.000424403697252, 0.000266822462436, 2.77194558294e-005],
        "var": [2.49371419159e-006, 1.24354337458e-005, 1.7973852664e-005, 1.28234478325e-006, 5.46492037756e-006, 2.39431216187e-007, 1.33228851951e-007, 6.79220022448e-007, 2.86426001139e-007, 1.22568721395e-007, 4.57777360907e-007, 2.43348011963e-007, 8.81254322849e-008, 2.66267718985e-008, 1.32752902005e-007, 1.14891031444e-006, 2.14482085426e-007, 8.02997249139e-007, 1.1324228808e-006, 5.53977315576e-007, 4.18515355705e-007, 3.01965172866e-007, 2.02722446829e-007, 2.3657518966e-007, 2.08212213693e-007, 3.80938956823e-007, 9.2314698108e-009]
    },
    "erbbands": {
        "mean": [0.0727398917079, 0.389994591475, 4.85385560989, 5.6585021019, 3.88991093636, 5.55092096329, 4.44822359085, 2.90965557098, 3.36705708504, 6.45346164703, 12.412405014, 8.0460062027, 8.91255664825, 14.7383079529, 18.4792022705, 14.6311359406, 11.0314092636, 6.95967960358, 8.26732635498, 31.4548816681, 61.0158729553, 38.2915344238, 33.2445030212, 91.8454360962, 80.7609481812, 56.5586242676, 51.3694229126, 32.3032951355, 29.4907875061, 22.7396450043, 18.124042511, 13.0534267426, 10.3165121078, 5.32118988037, 2.88514471054, 1.37864112854, 0.425086259842, 0.0954108163714, 0.00291012786329, 0.000106605351903],
        "var": [0.0440293028951, 0.22899658978, 14.2704629898, 27.1574630737, 60.6103477478, 52.7078285217, 31.5347995758, 12.6450624466, 21.9662666321, 74.3661651611, 349.169708252, 122.826179504, 187.022232056, 324.100219727, 560.400939941, 305.792907715, 158.761505127, 91.2112960815, 85.6549377441, 914.021240234, 3586.85253906, 747.443786621, 507.164398193, 4630.39208984, 2342.01245117, 1433.02404785, 1258.86352539, 383.741912842, 442.565795898, 235.583297729, 152.185897827, 97.6960754395, 66.8537826538, 21.5121459961, 14.1413669586, 6.29031419754, 1.28089261055, 0.0893035829067, 9.69734755927e-005, 3.99621313818e-008]
    },
    "gfcc": {
        "mean": [52.2660369873, 14.2937765121, -112.026283264, 62.4060745239, -60.142616272, 15.442404747, -38.065284729, 18.6557617188, -35.5627975464, -3.30454969406, -25.6176433563, 0.31515905261, -17.5998535156],
        "cov": [[2288.40283203, 136.845397949, 18.8711700439, -307.326873779, 100.193588257, 57.6987876892, -24.2355728149, 61.5758743286, -17.1220474243, 37.9284744263, -58.9196777344, 41.0008926392, -43.360080719], [136.845397949, 641.276611328, -40.9919586182, -44.3784866333, 68.1042938232, 81.8181304932, 39.3298187256, -31.877368927, 8.80327224731, -32.2454223633, -11.2583284378, -8.93986701965, 44.7630996704], [18.8711700439, -40.9919586182, 455.335723877, 280.55355835, 122.895896912, 23.1941242218, 61.0593719482, 18.6914520264, 7.03816890717, 33.3967552185, 3.43283438683, -1.29324948788, -53.5145339966], [-307.326873779, -44.3784866333, 280.55355835, 545.513916016, 56.4125175476, 34.9644546509, 65.6248855591, 25.5199394226, 27.9091281891, 20.4976558685, 26.6785469055, -34.4366722107, -17.4758052826], [100.193588257, 68.1042938232, 122.895896912, 56.4125175476, 136.577590942, 53.9905319214, 51.3113899231, 29.8616981506, 33.1589927673, 15.7426958084, -9.56180000305, 7.49130582809, -4.61404275894], [57.6987876892, 81.8181304932, 23.1941242218, 34.9644546509, 53.9905319214, 86.4964828491, 46.9651985168, 32.4704475403, 12.4448928833, 0.6794308424, 6.40422582626, 3.85204267502, 13.9452371597], [-24.2355728149, 39.3298187256, 61.0593719482, 65.6248855591, 51.3113899231, 46.9651985168, 86.424621582, 39.2985954285, 28.1925640106, 9.85238742828, 3.95288825035, 5.5293598175, 0.940537750721], [61.5758743286, -31.877368927, 18.6914520264, 25.5199394226, 29.8616981506, 32.4704475403, 39.2985954285, 76.7769775391, 36.1936035156, 13.2989664078, 4.48292350769, -1.69850218296, -1.52304911613], [-17.1220474243, 8.80327224731, 7.03816890717, 27.9091281891, 33.1589927673, 12.4448928833, 28.1925640106, 36.1936035156, 75.1613845825, 36.7449760437, 1.04863882065, -0.810345411301, 2.09850692749], [37.9284744263, -32.2454223633, 33.3967552185, 20.4976558685, 15.7426958084, 0.6794308424, 9.85238742828, 13.2989664078, 36.7449760437, 59.4522628784, 24.3453845978, 10.5936927795, -3.84021878242], [-58.9196777344, -11.2583284378, 3.43283438683, 26.6785469055, -9.56180000305, 6.40422582626, 3.95288825035, 4.48292350769, 1.04863882065, 24.3453845978, 56.016872406, 26.4178562164, 8.68457603455], [41.0008926392, -8.93986701965, -1.29324948788, -34.4366722107, 7.49130582809, 3.85204267502, 5.5293598175, -1.69850218296, -0.810345411301, 10.5936927795, 26.4178562164, 54.8973197937, 27.9169216156], [-43.360080719, 44.7630996704, -53.5145339966, -17.4758052826, -4.61404275894, 13.9452371597, 0.940537750721, -1.52304911613, 2.09850692749, -3.84021878242, 8.68457603455, 27.9169216156, 58.5284309387]],
        "icov": [[0.000726238358766, -0.000423497927841, 0.000154968627612, 8.10827914393e-005, -0.000111137953354, -0.000627446337603, 0.00110171665438, -0.00163304316811, 0.00160155550111, -0.00206067878753, 0.00239452929236, -0.00221159565262, 0.00161531264894], [-0.000423497927841, 0.00275376089849, -0.000340979051543, 0.000731355161406, -0.0010350192897, -0.00156174576841, -0.00169914809521, 0.00423912564293, -0.00288718077354, 0.00353728770278, -0.00348677439615, 0.00441997498274, -0.00334036815912], [0.000154968627612, -0.000340979051543, 0.00614906754345, -0.00306056509726, -0.00427411915734, 0.00159545429051, -0.000601992360316, -0.00127548177261, 0.00506987981498, -0.00459755444899, 0.0039286329411, -0.00534537481144, 0.00582670839503], [8.10827914393e-005, 0.000731355161406, -0.00306056509726, 0.00419702101499, 0.000611579394899, -0.000632792827673, -0.00167813594453, 0.00167108234018, -0.0027465634048, 0.00270021683536, -0.00508292717859, 0.00668597500771, -0.00393426278606], [-0.000111137953354, -0.0010350192897, -0.00427411915734, 0.000611579394899, 0.0173150487244, -0.0080928299576, -0.000928798690438, -5.81556705583e-005, -0.00556048192084, -0.000617746263742, 0.00627079000697, -0.00560000818223, 0.0021900148131], [-0.000627446337603, -0.00156174576841, 0.00159545429051, -0.000632792827673, -0.0080928299576, 0.025752319023, -0.00842501781881, -0.00604165205732, 0.00515498733148, 0.00143338751514, -0.00665130931884, 0.0063338377513, -0.00692120660096], [0.00110171665438, -0.00169914809521, -0.000601992360316, -0.00167813594453, -0.000928798690438, -0.00842501781881, 0.0245203170925, -0.00897920690477, -0.00138930312824, -0.00186097074766, 0.00597357144579, -0.00983588024974, 0.00610355194658], [-0.00163304316811, 0.00423912564293, -0.00127548177261, 0.00167108234018, -5.81556705583e-005, -0.00604165205732, -0.00897920690477, 0.0295240804553, -0.0160332154483, 0.0107500050217, -0.0113560399041, 0.0108697200194, -0.00499110063538], [0.00160155550111, -0.00288718077354, 0.00506987981498, -0.0027465634048, -0.00556048192084, 0.00515498733148, -0.00138930312824, -0.0160332154483, 0.0375502556562, -0.0276516582817, 0.0158177632838, -0.00629459740594, 0.0026432860177], [-0.00206067878753, 0.00353728770278, -0.00459755444899, 0.00270021683536, -0.000617746263742, 0.00143338751514, -0.00186097074766, 0.0107500050217, -0.0276516582817, 0.0457550659776, -0.0269651617855, 0.0102954404429, -0.00462602823973], [0.00239452929236, -0.00348677439615, 0.0039286329411, -0.00508292717859, 0.00627079000697, -0.00665130931884, 0.00597357144579, -0.0113560399041, 0.0158177632838, -0.0269651617855, 0.0483790710568, -0.0316472128034, 0.0137827955186], [-0.00221159565262, 0.00441997498274, -0.00534537481144, 0.00668597500771, -0.00560000818223, 0.0063338377513, -0.00983588024974, 0.0108697200194, -0.00629459740594, 0.0102954404429, -0.0316472128034, 0.054652236402, -0.0298906397074], [0.00161531264894, -0.00334036815912, 0.00582670839503, -0.00393426278606, 0.0021900148131, -0.00692120660096, 0.00610355194658, -0.00499110063538, 0.0026432860177, -0.00462602823973, 0.0137827955186, -0.0298906397074, 0.0383975766599]]
    },
    "melbands": {
        "mean": [0.00054701406043, 0.00186368566938, 0.000938606855925, 0.000354387098923, 0.000178264293936, 6.72526002745e-005, 5.26193107362e-005, 8.09014818515e-005, 9.69760440057e-005, 5.02270449942e-005, 4.36106638517e-005, 5.57959283469e-005, 6.73976246617e-005, 4.18928284489e-005, 3.44946638506e-005, 2.01929451578e-005, 1.16137825898e-005, 9.47737953538e-006, 2.81112188532e-005, 5.88942712056e-005, 7.22506738384e-005, 3.72568320017e-005, 2.80919230136e-005, 3.95028364437e-005, 7.77061359258e-005, 7.51836487325e-005, 3.62735445378e-005, 3.89160377381e-005, 3.05961657432e-005, 2.83426161332e-005, 1.6178626538e-005, 1.72295040102e-005, 1.40386473504e-005, 1.26112827274e-005, 1.13476553452e-005, 7.83352243161e-006, 8.01247642812e-006, 7.44492172089e-006, 6.2211970544e-006, 3.90444574805e-006],
        "var": [1.98044199351e-006, 2.08023016057e-006, 6.32609442164e-007, 3.32669458203e-007, 4.33445066506e-008, 6.6517507058e-009, 5.01984898094e-009, 1.25354580049e-008, 1.9499033499e-008, 5.5214175454e-009, 4.59344251524e-009, 4.78489114997e-009, 7.26918836236e-009, 3.4809424232e-009, 1.90300308844e-009, 7.45272232816e-010, 3.17919718329e-010, 1.79722917104e-010, 8.6893181539e-010, 4.02773414621e-009, 6.14965989243e-009, 8.02812649692e-010, 4.72695937948e-010, 1.25391141914e-009, 3.57221896508e-009, 2.67680899668e-009, 6.27097040962e-010, 9.25245935424e-010, 5.33753929943e-010, 4.80884443377e-010, 1.33100974686e-010, 1.95967728156e-010, 1.03981386002e-010, 8.67985891495e-011, 6.89991327962e-011, 3.32955746307e-011, 3.88058231382e-011, 3.83072670807e-011, 2.81254654982e-011, 1.37597988559e-011]
    },
    "mfcc": {
        "mean": [-588.070739746, 39.3968391418, 6.84324121475, 41.1505851746, 6.05028676987, 1.2021600008, 7.8019862175, 11.401345253, 1.66139996052, -1.32276129723, -8.15122509003, -3.61461043358, 0.85208773613],
        "cov": [[1492.43041992, 345.768341064, -133.883590698, -229.005340576, 35.6779975891, -30.4988174438, -5.96352338791, 15.3149280548, 32.6178016663, 4.58810949326, -33.1621360779, 26.9224586487, 63.9874305725], [345.768341064, 614.371765137, -99.710319519, -175.303787231, 13.6849250793, 41.0662651062, 14.6703243256, 15.9884338379, 45.3326759338, -34.2638511658, -61.5314559937, 2.12065219879, 50.0575408936], [-133.883590698, -99.710319519, 316.635040283, 261.078430176, 75.4702911377, 78.9691848755, 57.9352416992, 22.7837619781, -7.8702287674, 30.161277771, 60.7605705261, -3.16891956329, -37.9927215576], [-229.005340576, -175.303787231, 261.078430176, 362.397460938, 85.143409729, 91.7130355835, 47.3884849548, 27.5384426117, 10.3877124786, 53.2628936768, 75.0876846313, -5.15360546112, -44.417175293], [35.6779975891, 13.6849250793, 75.4702911377, 85.143409729, 99.0779647827, 47.7031364441, 28.1066665649, 25.444688797, 23.1037693024, 28.6780719757, 23.2156391144, 5.74981355667, -1.53850448132], [-30.4988174438, 41.0662651062, 78.9691848755, 91.7130355835, 47.7031364441, 93.6581039429, 39.7176437378, 20.6397590637, 25.0293922424, 16.9292888641, 17.7707309723, 3.13400387764, 2.02634167671], [-5.96352338791, 14.6703243256, 57.9352416992, 47.3884849548, 28.1066665649, 39.7176437378, 79.1817703247, 44.4505500793, 10.1064825058, 7.00784158707, 5.04389619827, 4.3538775444, 3.18581628799], [15.3149280548, 15.9884338379, 22.7837619781, 27.5384426117, 25.444688797, 20.6397590637, 44.4505500793, 73.8193511963, 33.9764595032, 14.7343120575, 0.318519920111, 2.6280670166, 9.33856678009], [32.6178016663, 45.3326759338, -7.8702287674, 10.3877124786, 23.1037693024, 25.0293922424, 10.1064825058, 33.9764595032, 79.7338256836, 34.9673500061, 1.91477668285, 4.22048044205, 14.701215744], [4.58810949326, -34.2638511658, 30.161277771, 53.2628936768, 28.6780719757, 16.9292888641, 7.00784158707, 14.7343120575, 34.9673500061, 72.0640106201, 41.5746192932, 7.67134666443, -2.45828819275], [-33.1621360779, -61.5314559937, 60.7605705261, 75.0876846313, 23.2156391144, 17.7707309723, 5.04389619827, 0.318519920111, 1.91477668285, 41.5746192932, 77.818977356, 20.9704341888, -11.4721469879], [26.9224586487, 2.12065219879, -3.16891956329, -5.15360546112, 5.74981355667, 3.13400387764, 4.3538775444, 2.6280670166, 4.22048044205, 7.67134666443, 20.9704341888, 50.8844642639, 24.4802856445], [63.9874305725, 50.0575408936, -37.9927215576, -44.417175293, -1.53850448132, 2.02634167671, 3.18581628799, 9.33856678009, 14.701215744, -2.45828819275, -11.4721469879, 24.4802856445, 66.609992981]],
        "icov": [[0.000871098774951, -0.000381414691219, -0.000122966928757, 0.000540614593774, -0.000738616217859, 0.00047135000932, 1.55636116688e-005, -7.93245562818e-005, 0.000122926299809, -0.000430057465564, -1.76407393155e-005, -0.000147639162606, -0.000272613018751], [-0.000381414691219, 0.00270564667881, -0.000276995269815, 0.00173887726851, -0.000549199408852, -0.00252411188558, 2.5357985578e-006, 0.000193276209757, -0.0012485635234, 0.00117283442523, 0.000518310233019, 0.000333314819727, -0.000342865008861], [-0.000122966928757, -0.000276995269815, 0.00906629860401, -0.00566421356052, -0.00134753528982, -0.000546874245629, -0.00312376068905, 0.000693452428095, 0.00178537948523, 0.00130034622271, -0.00189376913477, 0.000484535732539, 0.000907853071112], [0.000540614593774, 0.00173887726851, -0.00566421356052, 0.0103138219565, -0.00201514340006, -0.00470081577078, 0.00169138307683, -0.00136602134444, -0.000366116932128, -0.00134097714908, -0.00170711963437, 0.00104873499367, 0.00137962878216], [-0.000738616217859, -0.000549199408852, -0.00134753528982, -0.00201514340006, 0.0169045310467, -0.00438692700118, 0.000188205900486, -0.00247453316115, -0.000318175007124, -0.00326079479419, 0.000310058676405, -0.00115680764429, 0.000300164159853], [0.00047135000932, -0.00252411188558, -0.000546874245629, -0.00470081577078, -0.00438692700118, 0.0233046337962, -0.00851716566831, 0.00501882005483, -0.0059294719249, 0.00245436700061, -0.0021286085248, 0.00106113916263, -0.00246634846553], [1.55636116688e-005, 2.5357985578e-006, -0.00312376068905, 0.00169138307683, 0.000188205900486, -0.00851716566831, 0.0261778272688, -0.0155837163329, 0.00600453326479, -0.0013982495293, 0.0024050171487, -0.00246767280623, 0.000469784688903], [-7.93245562818e-005, 0.000193276209757, 0.000693452428095, -0.00136602134444, -0.00247453316115, 0.00501882005483, -0.0155837163329, 0.0275273192674, -0.0107650440186, 0.00136252364609, 0.000286468974082, 0.0013114589965, -0.0019146281993], [0.000122926299809, -0.0012485635234, 0.00178537948523, -0.000366116932128, -0.000318175007124, -0.0059294719249, 0.00600453326479, -0.0107650440186, 0.0253712143749, -0.0135270329192, 0.00578394392505, -0.00112681894097, -0.00169902062044], [-0.000430057465564, 0.00117283442523, 0.00130034622271, -0.00134097714908, -0.00326079479419, 0.00245436700061, -0.0013982495293, 0.00136252364609, -0.0135270329192, 0.030659109354, -0.0156660489738, 0.00375902093947, -0.00085755327018], [-1.76407393155e-005, 0.000518310233019, -0.00189376913477, -0.00170711963437, 0.000310058676405, -0.0021286085248, 0.0024050171487, 0.000286468974082, 0.00578394392505, -0.0156660489738, 0.0291616655886, -0.0131208887324, 0.00531555479392], [-0.000147639162606, 0.000333314819727, 0.000484535732539, 0.00104873499367, -0.00115680764429, 0.00106113916263, -0.00246767280623, 0.0013114589965, -0.00112681894097, 0.00375902093947, -0.0131208887324, 0.0310251638293, -0.0125324446708], [-0.000272613018751, -0.000342865008861, 0.000907853071112, 0.00137962878216, 0.000300164159853, -0.00246634846553, 0.000469784688903, -0.0019146281993, -0.00169902062044, -0.00085755327018, 0.00531555479392, -0.0125324446708, 0.0231627207249]]
    },
    "spectral_contrast_coeffs": {
        "mean": [-0.577647984028, -0.743674755096, -0.778930664063, -0.763054311275, -0.739403009415, -0.739376485348],
        "var": [0.00679245591164, 0.00485967565328, 0.00482090422884, 0.00339250289835, 0.00130959623493, 0.000677318545058]
    },
    "spectral_contrast_valleys": {
        "mean": [-7.91086673737, -7.31019496918, -7.55218935013, -7.72384691238, -6.61430168152, -8.7507314682],
        "var": [0.897841989994, 0.571789622307, 0.566411972046, 0.475900560617, 0.39949631691, 0.387068033218]
    }
},
"metadata": {
    "audio_properties": {
        "analysis_sample_rate": 44100,
        "bit_rate": 128074,
        "equal_loudness": 0,
        "length": 45.0612258911,
        "lossless": 0,
        "replay_gain": -6.11734771729,
        "sample_rate": 44100,
        "codec": "mp3",
        "downmix": "mix",
        "md5_encoded": "3efe4345ad73dba40d450565772febb1"
    },
    "tags": {
        "file_name": "1981.mp3"
    },
    "version": {
        "essentia": "2.1-beta2",
        "essentia_git_sha": "v2.1_beta2",
        "extractor": "music 1.0"
    }
},
"rhythm": {
    "beats_count": 119,
    "beats_loudness": {
        "mean": 0.0261385366321,
        "var": 6.22208463028e-005
    },
    "bpm": 163.054168701,
    "bpm_histogram_first_peak_bpm": {
        "mean": 161,
        "var": 0
    },
    "bpm_histogram_first_peak_spread": {
        "mean": 0.447058826685,
        "var": 0
    },
    "bpm_histogram_first_peak_weight": {
        "mean": 0.398305088282,
        "var": 0
    },
    "bpm_histogram_second_peak_bpm": {
        "mean": 167,
        "var": 0
    },
    "bpm_histogram_second_peak_spread": {
        "mean": 0,
        "var": 0
    },
    "bpm_histogram_second_peak_weight": {
        "mean": 0.169491529465,
        "var": 0
    },
    "danceability": 1.37493669987,
    "onset_rate": 2.68402528763,
    "beats_loudness_band_ratio": {
        "mean": [0.396636933088, 0.0821346417069, 0.0590557195246, 0.0618896633387, 0.13049916923, 0.293142616749],
        "var": [0.0199704281986, 0.00433919392526, 0.00190153729636, 0.00247539021075, 0.00369734386913, 0.0125656109303]
    },
    "beats_position": [0.383129239082, 0.754648506641, 1.1261677742, 1.49768710136, 1.88081634045, 2.2523355484, 2.63546490669, 3.01859402657, 3.40172338486, 3.79646253586, 4.19120168686, 4.59755086899, 5.00390005112, 5.41024923325, 5.79337835312, 6.1648979187, 6.53641700745, 6.91954612732, 7.30267572403, 7.6858048439, 8.06893444061, 8.45206356049, 8.82358264923, 9.19510173798, 9.57823085785, 9.96135997772, 10.3328800201, 10.7043991089, 11.0875282288, 11.4706573486, 11.8421764374, 12.202085495, 12.5736055374, 12.9451246262, 13.3050336838, 13.6765527725, 14.0480718613, 14.4195919037, 14.7911109924, 15.15102005, 15.5225391388, 15.8940582275, 16.2539672852, 16.6138763428, 16.9737873077, 17.3453063965, 17.7052154541, 18.0651245117, 18.4366436005, 18.8081626892, 19.179681778, 19.5628108978, 19.9459400177, 20.3174591064, 20.6889801025, 21.0604991913, 21.43201828, 21.8035373688, 22.1750564575, 22.5581855774, 22.9413146973, 23.312833786, 23.6843528748, 24.0558719635, 24.4273910522, 24.7989120483, 25.1820411682, 25.5651702881, 25.948299408, 26.3314285278, 26.7029476166, 27.0860767365, 27.4575958252, 27.8407249451, 28.2122440338, 28.5953731537, 28.9901123047, 29.3732414246, 29.7447605133, 30.1394996643, 30.5342407227, 30.9173698425, 31.3004989624, 31.6836280823, 32.0783653259, 32.4614944458, 32.8562355042, 33.2277526855, 33.6108856201, 33.99401474, 34.3655319214, 34.7486610413, 35.1317901611, 35.514919281, 35.8980484009, 36.2579574585, 36.6178665161, 36.9893875122, 37.3492965698, 37.7208137512, 38.0923347473, 38.4638557434, 38.823764801, 39.1720619202, 39.520362854, 39.8802719116, 40.2401809692, 40.6000900269, 40.9599990845, 41.3315200806, 41.6914291382, 42.0513381958, 42.4112472534, 42.771156311, 43.1426734924, 43.5141944885, 43.8973236084, 44.2804527283, 44.6751937866]
},
"tonal": {
    "chords_changes_rate": 0.0699588507414,
    "chords_number_rate": 0.0133744860068,
    "chords_strength": {
        "mean": 0.459208220243,
        "var": 0.00807275250554
    },
    "hpcp_entropy": {
        "mean": 2.25507569313,
        "var": 0.637449502945
    },
    "key_strength": 0.355250775814,
    "tuning_diatonic_strength": 0.355318456888,
    "tuning_equal_tempered_deviation": 0.192899644375,
    "tuning_frequency": 434.193115234,
    "tuning_nontempered_energy_ratio": 0.844600558281,
    "hpcp": {
        "mean": [0.328264921904, 0.312404364347, 0.169128581882, 0.143401876092, 0.177340060472, 0.173815995455, 0.221987530589, 0.243693962693, 0.234737813473, 0.275145411491, 0.220349729061, 0.1518137604, 0.14459939301, 0.133941426873, 0.15129069984, 0.142309397459, 0.119702912867, 0.106411367655, 0.0827984064817, 0.0765237286687, 0.0804574787617, 0.0812550038099, 0.0666391775012, 0.0972298830748, 0.141144558787, 0.092024423182, 0.0480775795877, 0.0493531152606, 0.0440914854407, 0.109341338277, 0.171038016677, 0.148736253381, 0.144267901778, 0.14840182662, 0.137868672609, 0.197981998324],
        "var": [0.118435107172, 0.129661530256, 0.0433477349579, 0.0480418726802, 0.0792450979352, 0.054855696857, 0.0995327979326, 0.102789364755, 0.0687611848116, 0.111603222787, 0.0850682482123, 0.0371856465936, 0.035527203232, 0.0330203101039, 0.0378310158849, 0.0379168726504, 0.0233367793262, 0.0206249784678, 0.015601140447, 0.0147255379707, 0.0130297318101, 0.0163845643401, 0.0165443588048, 0.0283593125641, 0.0745760649443, 0.0216392092407, 0.006803677883, 0.00902065541595, 0.00858012679964, 0.0244532767683, 0.0497504770756, 0.0503584854305, 0.0528688728809, 0.0429221130908, 0.0350038520992, 0.0489661321044]
    },
    "chords_histogram": [0.823045253754, 1.74897122383, 21.5020580292, 0.925925910473, 1.85185182095, 8.23045253754, 9.67078208923, 0, 1.33744859695, 3.18930029869, 0, 0, 0, 0, 0, 1.33744859695, 0.514403283596, 3.29218101501, 0.823045253754, 10.6995887756, 0, 2.26337456703, 29.1152267456, 2.67489719391],
    "thpcp": [1, 0.95168364048, 0.515219807625, 0.436848014593, 0.540234565735, 0.529499173164, 0.676245033741, 0.742369771004, 0.715086519718, 0.838180959225, 0.671255767345, 0.46247330308, 0.44049602747, 0.408028453588, 0.460879892111, 0.43351995945, 0.364653378725, 0.324163079262, 0.25223043561, 0.233115762472, 0.245099231601, 0.247528746724, 0.203004255891, 0.29619333148, 0.42997148633, 0.280335843563, 0.146459698677, 0.150345385075, 0.134316772223, 0.333088696003, 0.521036505699, 0.453098237514, 0.439486205578, 0.452079445124, 0.419992089272, 0.603116512299],
    "chords_key": "F",
    "chords_scale": "major",
    "key_key": "C",
    "key_scale": "major"
}
}