{
"lowlevel": {
    "average_loudness": 0.451074451208,
    "barkbands_crest": {
        "mean": 12.0646724701,
        "var": 15.434056282
    },
    "barkbands_flatness_db": {
        "mean": 0.344239473343,
        "var": 0.0110788149759
    },
    "barkbands_kurtosis": {
        "mean": 6.48226642609,
        "var": 83.2821044922
    },
    "barkbands_skewness": {
        "mean": 1.98702418804,
        "var": 1.06208968163
    },
    "barkbands_spread": {
        "mean": 6.28219270706,
        "var": 13.8815374374
    },
    "dissonance": {
        "mean": 0.376402080059,
        "var": 0.00767535204068
    },
    "dynamic_complexity": 3.13564324379,
    "erbbands_crest": {
        "mean": 13.1037817001,
        "var": 35.493019104
    },
    "erbbands_flatness_db": {
        "mean": 0.291893362999,
        "var": 0.00580851407722
    },
    "erbbands_kurtosis": {
        "mean": 1.6617153883,
        "var": 13.4730978012
    },
    "erbbands_skewness": {
        "mean": 0.35450181365,
        "var": 0.718683898449
    },
    "erbbands_spread": {
        "mean": 19.6151351929,
        "var": 156.204803467
    },
    "hfc": {
        "mean": 8.4491853714,
        "var": 82.1288986206
    },
    "melbands_crest": {
        "mean": 17.944486618,
        "var": 24.4931373596
    },
    "melbands_flatness_db": {
        "mean": 0.465839922428,
        "var": 0.0158126614988
    },
    "melbands_kurtosis": {
        "mean": 12.76658535,
        "var": 251.742095947
    },
    "melbands_skewness": {
        "mean": 2.69222569466,
        "var": 1.63060224056
    },
    "melbands_spread": {
        "mean": 6.34661817551,
        "var": 23.2244758606
    },
    "pitch_salience": {
        "mean": 0.474236279726,
        "var": 0.01353833545
    },
    "silence_rate_20dB": {
        "mean": 1,
        "var": 0
    },
    "silence_rate_30dB": {
        "mean": 0.912976324558,
        "var": 0.079450622201
    },
    "silence_rate_60dB": {
        "mean": 0.00154479919001,
        "var": 0.00154241069686
    },
    "spectral_centroid": {
        "mean": 422.632995605,
        "var": 50594.953125
    },
    "spectral_complexity": {
        "mean": 9.90267753601,
        "var": 29.8067512512
    },
    "spectral_decrease": {
        "mean": -1.02548325387e-008,
        "var": 9.7131623872e-017
    },
    "spectral_energy": {
        "mean": 0.0394704043865,
        "var": 0.00143448181916
    },
    "spectral_energyband_high": {
        "mean": 6.5010630351e-005,
        "var": 2.35255015468e-007
    },
    "spectral_energyband_low": {
        "mean": 0.0259033981711,
        "var": 0.000771205581259
    },
    "spectral_energyband_middle_high": {
        "mean": 0.00217313389294,
        "var": 5.9422582126e-006
    },
    "spectral_energyband_middle_low": {
        "mean": 0.011877251789,
        "var": 0.000205128540983
    },
    "spectral_entropy": {
        "mean": 6.09995651245,
        "var": 0.624051213264
    },
    "spectral_flux": {
        "mean": 0.0861350223422,
        "var": 0.00247346539982
    },
    "spectral_kurtosis": {
        "mean": 68.6469573975,
        "var": 6727.65234375
    },
    "spectral_rms": {
        "mean": 0.0057214233093,
        "var": 5.77303717364e-006
    },
    "spectral_rolloff": {
        "mean": 379.048339844,
        "var": 212815.125
    },
    "spectral_skewness": {
        "mean": 5.17713308334,
        "var": 12.4898996353
    },
    "spectral_spread": {
        "mean": 1723142.125,
        "var": 2.57838546944e+012
    },
    "spectral_strongpeak": {
        "mean": 0.393697917461,
        "var": 0.116490960121
    },
    "zerocrossingrate": {
        "mean": 0.0151188671589,
        "var": 0.000172410727828
    },
    "barkbands": {
        "mean": [0.00243752240203, 0.0122599042952, 0.0106942793354, 0.00320556829683, 0.0042488174513, 0.00238633877598, 0.000603263208177, 0.000943757244386, 0.000426953105489, 0.00103331077844, 0.000592176977079, 0.000115051589091, 9.47666339925e-005, 0.000108082778752, 0.000105121987872, 3.89725173591e-005, 4.36629597971e-005, 2.69762131211e-005, 2.64429818344e-005, 2.46952495218e-005, 1.76209086931e-005, 1.0606365322e-005, 6.07663650953e-006, 5.54701364308e-006, 7.88145462138e-006, 6.47591059533e-006, 6.07411891451e-007],
        "var": [2.00293452508e-005, 0.000321777391946, 0.000182294257684, 2.58414984273e-005, 7.07849540049e-005, 7.22530694475e-006, 1.19939033993e-006, 7.05456932337e-006, 3.9479618863e-007, 2.38471125158e-006, 2.10614666685e-006, 4.71152539205e-008, 2.42956641472e-008, 1.89805149375e-008, 2.39001849422e-008, 6.63068355777e-009, 7.38133332234e-009, 4.91096008304e-009, 6.943787767e-009, 1.09817204219e-008, 1.34069280122e-008, 5.93871041232e-009, 2.88746671018e-009, 2.56753729388e-009, 7.35643412852e-009, 4.37824843047e-009, 4.18309831218e-011]
    },
    "erbbands": {
        "mean": [0.401656419039, 2.70890450478, 10.8953523636, 11.2734670639, 12.74751091, 18.4018268585, 7.97194051743, 28.3922252655, 8.59620571136, 15.8327827454, 16.3682346344, 11.8269939423, 17.8705539703, 39.0658340454, 12.9574680328, 5.34173345566, 4.34470748901, 3.98780369759, 8.17647838593, 3.11607241631, 2.21613955498, 2.53211283684, 1.60045099258, 1.42563295364, 1.50731360912, 0.981184363365, 0.785790264606, 0.595007121563, 0.41524797678, 0.26916372776, 0.178254693747, 0.122129745781, 0.0830755010247, 0.0990403592587, 0.0487832799554, 0.0289618950337, 0.0121758403257, 0.00220968993381, 8.9906854555e-005, 4.49892722827e-005],
        "var": [0.451647996902, 15.6432237625, 193.203109741, 189.231719971, 348.246246338, 1742.58959961, 113.48677063, 1082.32727051, 161.952270508, 1035.15197754, 1833.8326416, 285.076293945, 476.380706787, 2885.35327148, 727.046630859, 87.7049865723, 50.2933387756, 26.3610973358, 110.55305481, 38.633014679, 20.2858581543, 23.2826080322, 11.5615348816, 19.6387176514, 32.2489509583, 15.6410427094, 20.0693569183, 15.4732065201, 9.2748298645, 4.51157140732, 2.72064042091, 1.2834341526, 0.557066619396, 1.2314273119, 0.26279386878, 0.0951758995652, 0.0163512639701, 0.000422676705057, 5.07769357228e-007, 2.3464601373e-009]
    },
    "gfcc": {
        "mean": [-144.973419189, 224.108856201, -87.228515625, 3.66033434868, -16.3105697632, -3.0510764122, -10.9709634781, -2.49838614464, -7.37242412567, -10.146188736, -5.85038518906, -10.0968694687, 4.87466621399],
        "cov": [[11446.1337891, -3649.46948242, -2474.85913086, 2460.93481445, -1438.6217041, 253.834350586, -72.1270523071, 135.126068115, -882.804382324, -153.940826416, -683.373962402, 121.928939819, -248.871795654], [-3649.46948242, 1990.93261719, 430.769226074, -1012.67279053, 642.529052734, -235.62197876, 169.275756836, -140.289123535, 397.973358154, -56.455581665, 270.218688965, -157.303024292, 111.151657104], [-2474.85913086, 430.769226074, 1350.27185059, -480.210235596, 173.832580566, -27.4503860474, -172.241455078, 63.3777999878, 151.649810791, 157.121795654, 147.216781616, 93.4041824341, 31.1347579956], [2460.93481445, -1012.67279053, -480.210235596, 872.930358887, -338.434356689, 34.7050209045, 1.53109622002, -42.0263633728, -245.206771851, -70.3735046387, -192.738204956, 10.4913339615, -20.885307312], [-1438.6217041, 642.529052734, 173.832580566, -338.434356689, 459.762420654, 12.8445005417, 68.9338912964, -55.2145881653, 85.7243118286, -43.9190368652, 73.6663894653, -72.9131622314, 22.5336608887], [253.834350586, -235.62197876, -27.4503860474, 34.7050209045, 12.8445005417, 164.957290649, -2.6081674099, 34.586391449, -39.8549423218, -3.47382712364, -31.5817375183, 9.0118522644, -33.1552696228], [-72.1270523071, 169.275756836, -172.241455078, 1.53109622002, 68.9338912964, -2.6081674099, 153.523925781, -23.6731319427, 21.6432304382, -44.6857681274, -14.3391342163, -64.2706451416, -14.7717189789], [135.126068115, -140.289123535, 63.3777999878, -42.0263633728, -55.2145881653, 34.586391449, -23.6731319427, 106.867675781, 6.28997850418, 24.1769104004, -14.6904735565, 34.9476509094, -10.6231298447], [-882.804382324, 397.973358154, 151.649810791, -245.206771851, 85.7243118286, -39.8549423218, 21.6432304382, 6.28997850418, 160.47744751, 30.8802680969, 85.6770401001, -8.15581035614, 31.30900383], [-153.940826416, -56.455581665, 157.121795654, -70.3735046387, -43.9190368652, -3.47382712364, -44.6857681274, 24.1769104004, 30.8802680969, 133.26574707, 76.0891418457, 57.3469848633, -21.7349586487], [-683.373962402, 270.218688965, 147.216781616, -192.738204956, 73.6663894653, -31.5817375183, -14.3391342163, -14.6904735565, 85.6770401001, 76.0891418457, 135.584350586, 40.7370834351, 14.2221841812], [121.928939819, -157.303024292, 93.4041824341, 10.4913339615, -72.9131622314, 9.0118522644, -64.2706451416, 34.9476509094, -8.15581035614, 57.3469848633, 40.7370834351, 101.80241394, 27.0147228241], [-248.871795654, 111.151657104, 31.1347579956, -20.885307312, 22.5336608887, -33.1552696228, -14.7717189789, -10.6231298447, 31.30900383, -21.7349586487, 14.2221841812, 27.0147228241, 108.787193298]],
        "icov": [[0.000727826321963, -0.00129916518927, 0.00107300607488, -0.00196598283947, 0.000828666903544, -0.00103891827166, 0.00130986818112, -0.00175306817982, 0.00128678639885, -0.00142532098107, 0.00193149666302, -0.00177442701533, 0.00135932851117], [-0.00129916518927, 0.0165657568723, -0.0031221723184, 0.0139371836558, -0.00542818941176, 0.0129200005904, -0.00930550508201, 0.012415798381, -0.010102821514, 0.0138922054321, -0.0144554898143, 0.0123711954802, -0.00681685842574], [0.00107300607488, -0.0031221723184, 0.00298126623966, -0.0034508574754, 0.000837497471366, -0.0021815688815, 0.00386178027838, -0.00344454357401, 0.00169706798624, -0.00423336448148, 0.00484964065254, -0.00417130952701, 0.00254627456889], [-0.00196598283947, 0.0139371836558, -0.0034508574754, 0.0164093393832, -0.00344888726249, 0.0106610897928, -0.00956768915057, 0.014229638502, -0.00655647367239, 0.0115469628945, -0.0103137549013, 0.0101178111508, -0.00751595804468], [0.000828666903544, -0.00542818941176, 0.000837497471366, -0.00344888726249, 0.0073073823005, -0.00618681171909, 0.00185904616956, -0.00312545034103, 0.00590893020853, -0.00240215961821, 0.00136661611032, -0.000726635102183, 0.000909385504201], [-0.00103891827166, 0.0129200005904, -0.0021815688815, 0.0106610897928, -0.00618681171909, 0.0181804988533, -0.00723020313308, 0.00751637248322, -0.00743551319465, 0.0106360334903, -0.00878066103905, 0.00652590766549, -0.00253946869634], [0.00130986818112, -0.00930550508201, 0.00386178027838, -0.00956768915057, 0.00185904616956, -0.00723020313308, 0.0168940238655, -0.00864762999117, 0.00309702660888, -0.00730880862102, 0.00803216733038, -0.00329755106941, 0.00584035879001], [-0.00175306817982, 0.012415798381, -0.00344454357401, 0.014229638502, -0.00312545034103, 0.00751637248322, -0.00864762999117, 0.0276958867908, -0.0123314429075, 0.00878816749901, -0.0010082408553, 0.000415091402829, -0.00317645026371], [0.00128678639885, -0.010102821514, 0.00169706798624, -0.00655647367239, 0.00590893020853, -0.00743551319465, 0.00309702660888, -0.0123314429075, 0.0244340598583, -0.00899088289589, -0.000984412035905, 0.000906695378944, -0.00167688983493], [-0.00142532098107, 0.0138922054321, -0.00423336448148, 0.0115469628945, -0.00240215961821, 0.0106360334903, -0.00730880862102, 0.00878816749901, -0.00899088289589, 0.030663928017, -0.0235154349357, 0.00709502957761, -0.00039515379467], [0.00193149666302, -0.0144554898143, 0.00484964065254, -0.0103137549013, 0.00136661611032, -0.00878066103905, 0.00803216733038, -0.0010082408553, -0.000984412035905, -0.0235154349357, 0.045249376446, -0.0286233909428, 0.0106307417154], [-0.00177442701533, 0.0123711954802, -0.00417130952701, 0.0101178111508, -0.000726635102183, 0.00652590766549, -0.00329755106941, 0.000415091402829, 0.000906695378944, 0.00709502957761, -0.0286233909428, 0.0427097529173, -0.0175382681191], [0.00135932851117, -0.00681685842574, 0.00254627456889, -0.00751595804468, 0.000909385504201, -0.00253946869634, 0.00584035879001, -0.00317645026371, -0.00167688983493, -0.00039515379467, 0.0106307417154, -0.0175382681191, 0.0199849326164]]
    },
    "melbands": {
        "mean": [0.00362270697951, 0.00501486985013, 0.00214882800356, 0.00115163379814, 0.000386004161555, 0.000557699473575, 0.000133322639158, 0.000198731257115, 0.000110321278044, 7.38097442081e-005, 0.000100533492514, 0.000172255560756, 5.78842336836e-005, 1.62161977642e-005, 1.12322250061e-005, 8.93670676305e-006, 6.24697713647e-006, 1.49736006279e-005, 5.6278959164e-006, 2.83123199551e-006, 2.42602982325e-006, 2.58675163423e-006, 1.93177311303e-006, 1.2078266991e-006, 1.15253885724e-006, 9.6180053788e-007, 1.13947839964e-006, 5.52612220872e-007, 4.69974651196e-007, 5.14438113441e-007, 2.95142200457e-007, 2.21592273419e-007, 2.01705873337e-007, 1.31586659791e-007, 1.05401142036e-007, 8.45933527671e-008, 6.97664290783e-008, 5.21457153013e-008, 7.2788026273e-008, 8.79827553035e-008],
        "var": [2.86339727609e-005, 3.72815957235e-005, 6.18461217528e-006, 5.02420971316e-006, 3.7591223645e-007, 4.11780149534e-007, 4.24907184993e-008, 2.04513554536e-007, 8.11741927009e-008, 1.24006662716e-008, 1.7421413645e-008, 5.40336344557e-008, 1.78611951895e-008, 9.73577218844e-010, 4.0102920984e-010, 2.38125741348e-010, 9.19587253567e-011, 4.35891461814e-010, 1.58836846453e-010, 3.41815083182e-011, 2.70611848902e-011, 2.63316850962e-011, 1.46313135219e-011, 9.31311711777e-012, 1.42301951472e-011, 9.09858126341e-012, 2.39714966627e-011, 5.26056368605e-012, 5.48559288271e-012, 1.5318152996e-011, 3.38595471105e-012, 2.57738426955e-012, 2.29817076827e-012, 1.14684162774e-012, 9.1446403401e-013, 7.42929480956e-013, 4.00642491188e-013, 1.94774413069e-013, 5.77823596262e-013, 1.03248952357e-012]
    },
    "mfcc": {
        "mean": [-782.328979492, 232.894393921, 21.0028820038, 23.2917861938, 13.7483787537, 9.6293296814, 8.85401344299, 6.01116800308, 8.46280670166, 5.45068407059, -1.81995511055, -5.46492910385, -3.43623447418],
        "cov": [[8288.23535156, -1518.79846191, -2372.86010742, 1127.67553711, -561.674743652, -234.496505737, 149.902191162, 206.352325439, -61.4597358704, -282.577911377, -239.626998901, -152.005523682, -36.3352127075], [-1518.79846191, 1149.46643066, -38.1573905945, -374.50680542, 137.683334351, -41.6411857605, -14.9644451141, -10.2469673157, 55.7138748169, 83.0891265869, 58.436088562, 24.6124477386, -59.4829559326], [-2372.86010742, -38.1573905945, 1391.69921875, -201.764801025, 73.4713592529, 74.6562805176, -143.375564575, -119.436035156, -14.0436954498, 49.6071777344, 65.5795135498, 103.459922791, 132.756057739], [1127.67553711, -374.50680542, -201.764801025, 509.772583008, -74.49243927, -36.1199226379, 9.85103130341, 10.0192241669, -1.01716506481, -57.5953826904, -105.090011597, -98.2445602417, -30.1351108551], [-561.674743652, 137.683334351, 73.4713592529, -74.49243927, 202.262466431, 61.2916908264, 37.5441017151, 8.34958076477, -0.0856796726584, 18.384103775, 0.603137493134, -38.4272346497, -54.2250938416], [-234.496505737, -41.6411857605, 74.6562805176, -36.1199226379, 61.2916908264, 134.754089355, 39.1185836792, -2.40080308914, -38.0792503357, -6.82700204849, 28.282989502, 27.2717075348, 18.4868984222], [149.902191162, -14.9644451141, -143.375564575, 9.85103130341, 37.5441017151, 39.1185836792, 115.541213989, 44.9407806396, 0.272763818502, 9.94012355804, 2.03555130959, -20.6406879425, -39.8529701233], [206.352325439, -10.2469673157, -119.436035156, 10.0192241669, 8.34958076477, -2.40080308914, 44.9407806396, 95.5849533081, 37.7135009766, 3.30280828476, -13.8454875946, -28.7225418091, -36.3510742188], [-61.4597358704, 55.7138748169, -14.0436954498, -1.01716506481, -0.0856796726584, -38.0792503357, 0.272763818502, 37.7135009766, 76.6521987915, 31.183134079, -17.1727085114, -39.0367393494, -39.0909919739], [-282.577911377, 83.0891265869, 49.6071777344, -57.5953826904, 18.384103775, -6.82700204849, 9.94012355804, 3.30280828476, 31.183134079, 60.9660415649, 27.1020469666, -6.88981628418, -22.6130218506], [-239.626998901, 58.436088562, 65.5795135498, -105.090011597, 0.603137493134, 28.282989502, 2.03555130959, -13.8454875946, -17.1727085114, 27.1020469666, 87.8579101563, 76.4328613281, 26.1757011414], [-152.005523682, 24.6124477386, 103.459922791, -98.2445602417, -38.4272346497, 27.2717075348, -20.6406879425, -28.7225418091, -39.0367393494, -6.88981628418, 76.4328613281, 135.599395752, 91.1339950562], [-36.3352127075, -59.4829559326, 132.756057739, -30.1351108551, -54.2250938416, 18.4868984222, -39.8529701233, -36.3510742188, -39.0909919739, -22.6130218506, 26.1757011414, 91.1339950562, 118.622947693]],
        "icov": [[0.000716823327821, 0.000711327360477, 0.00112234533299, -0.000500465161167, 0.000511052785441, 0.000632894516457, 0.00016487755056, -0.000445943063824, 0.000188456353499, 0.00069657433778, -0.000190904349438, -0.000107765910798, -0.000433416716987], [0.000711327360477, 0.00218107248656, 0.00142467941623, 0.000448036269518, -0.000486840930535, 0.0011977792019, 0.000663363956846, 0.000235005645663, -0.000477655616123, -0.000349504960468, 0.000785605690908, -0.00150841649156, 0.000478120200569], [0.00112234533299, 0.00142467941623, 0.00297394394875, -0.000486063159769, -4.84568481625e-005, 0.000312312244205, 0.00165665906388, 0.000134948189952, -0.000457901711343, -0.000397192809032, 0.000175474473508, -0.000487201585202, -0.00175749219488], [-0.000500465161167, 0.000448036269518, -0.000486063159769, 0.00406726868823, 0.000471230159746, -0.000343483377947, -0.000423036777647, 0.00134577124845, -0.00033751243609, 0.000666545820422, 0.00236058165319, 0.00118635816034, 0.000771320541389], [0.000511052785441, -0.000486840930535, -4.84568481625e-005, 0.000471230159746, 0.00944857113063, -0.00359684065916, -0.000999533222057, -0.000426961749326, 0.00192215992138, 0.000665799248964, 0.000814450380858, 0.00188553449698, 0.00363144720905], [0.000632894516457, 0.0011977792019, 0.000312312244205, -0.000343483377947, -0.00359684065916, 0.0140060791746, -0.0045120739378, -0.0012709449511, 0.00383293279447, 0.00328039843589, -0.00511335907504, 0.00196358119138, -0.00386642361991], [0.00016487755056, 0.000663363956846, 0.00165665906388, -0.000423036777647, -0.000999533222057, -0.0045120739378, 0.0164795480669, -0.00655754841864, 0.00498293386772, -0.00712508149445, 0.003166672308, -0.0034552461002, 0.00443453947082], [-0.000445943063824, 0.000235005645663, 0.000134948189952, 0.00134577124845, -0.000426961749326, -0.0012709449511, -0.00655754841864, 0.0197842940688, -0.0130367623642, 0.00634219590575, -0.00110485323239, 9.91237684502e-005, 0.00111516821198], [0.000188456353499, -0.000477655616123, -0.000457901711343, -0.00033751243609, 0.00192215992138, 0.00383293279447, 0.00498293386772, -0.0130367623642, 0.0328254438937, -0.0182157419622, 0.00990485120565, -0.0023699097801, 0.00518523063511], [0.00069657433778, -0.000349504960468, -0.000397192809032, 0.000666545820422, 0.000665799248964, 0.00328039843589, -0.00712508149445, 0.00634219590575, -0.0182157419622, 0.0432677082717, -0.0263010989875, 0.0161092542112, -0.00433241110295], [-0.000190904349438, 0.000785605690908, 0.000175474473508, 0.00236058165319, 0.000814450380858, -0.00511335907504, 0.003166672308, -0.00110485323239, 0.00990485120565, -0.0263010989875, 0.0504927895963, -0.0358196049929, 0.0172606557608], [-0.000107765910798, -0.00150841649156, -0.000487201585202, 0.00118635816034, 0.00188553449698, 0.00196358119138, -0.0034552461002, 9.91237684502e-005, -0.0023699097801, 0.0161092542112, -0.0358196049929, 0.0459338575602, -0.0256127715111], [-0.000433416716987, 0.000478120200569, -0.00175749219488, 0.000771320541389, 0.00363144720905, -0.00386642361991, 0.00443453947082, 0.00111516821198, 0.00518523063511, -0.00433241110295, 0.0172606557608, -0.0256127715111, 0.0315455459058]]
    },
    "spectral_contrast_coeffs": {
        "mean": [-0.651099979877, -0.693210482597, -0.73088914156, -0.796290278435, -0.806859612465, -0.796350300312],
        "var": [0.00519304443151, 0.00959438458085, 0.0055275070481, 0.00247477903031, 0.00112203578465, 0.00588952610269]
    },
    "spectral_contrast_valleys": {
        "mean": [-6.6972694397, -7.19624662399, -7.93092489243, -8.83466815948, -9.85541915894, -13.4236326218],
        "var": [0.663941323757, 1.10832977295, 1.32759225368, 1.4647153616, 3.16618084908, 2.54964137077]
    }
},
"metadata": {
    "audio_properties": {
        "analysis_sample_rate": 44100,
        "bit_rate": 128074,
        "equal_loudness": 0,
        "length": 45.0612258911,
        "lossless": 0,
        "replay_gain": -4.5153465271,
        "sample_rate": 44100,
        "codec": "mp3",
        "downmix": "mix",
        "md5_encoded": "875e1401c84054a6955ebe10f054538e"
    },
    "tags": {
        "file_name": "1982.mp3"
    },
    "version": {
        "essentia": "2.1-beta2",
        "essentia_git_sha": "v2.1_beta2",
        "extractor": "music 1.0"
    }
},
"rhythm": {
    "beats_count": 82,
    "beats_loudness": {
        "mean": 0.0416500382125,
        "var": 0.00182872579899
    },
    "bpm": 109.982444763,
    "bpm_histogram_first_peak_bpm": {
        "mean": 110,
        "var": 0
    },
    "bpm_histogram_first_peak_spread": {
        "mean": 0.430379718542,
        "var": 0
    },
    "bpm_histogram_first_peak_weight": {
        "mean": 0.555555582047,
        "var": 0
    },
    "bpm_histogram_second_peak_bpm": {
        "mean": 105,
        "var": 0
    },
    "bpm_histogram_second_peak_spread": {
        "mean": 0,
        "var": 0
    },
    "bpm_histogram_second_peak_weight": {
        "mean": 0.0246913582087,
        "var": 0
    },
    "danceability": 0.934298634529,
    "onset_rate": 3.9927649498,
    "beats_loudness_band_ratio": {
        "mean": [0.752644538879, 0.146728828549, 0.0533433184028, 0.0503026731312, 0.00769489444792, 0.00165927724447],
        "var": [0.0212088730186, 0.0108799748123, 0.00469142012298, 0.00287754926831, 7.21708638594e-005, 1.58794027811e-005]
    },
    "beats_position": [0.545668900013, 1.11455774307, 1.67183673382, 2.22911548615, 2.79800438881, 3.35528349876, 3.9125623703, 4.45823097229, 4.99229001999, 5.53795909882, 6.08362817764, 6.62929677963, 7.17496585846, 7.72063493729, 8.27791404724, 8.83519268036, 9.38086128235, 9.93814086914, 10.4954195023, 11.0526981354, 11.6099767685, 12.1672563553, 12.7245349884, 13.2818136215, 13.8390922546, 14.3963718414, 14.9420404434, 15.4877090454, 16.0217685699, 16.5558280945, 17.0898857117, 17.6355552673, 18.181224823, 18.7268924713, 19.272562027, 19.8182315826, 20.363899231, 20.9095687866, 21.4552383423, 22.0009059906, 22.5465755463, 23.0806350708, 23.614692688, 24.1487522125, 24.6944217682, 25.2400894165, 25.774148941, 26.3198184967, 26.8538761139, 27.3995456696, 27.9452152252, 28.4908847809, 29.0365524292, 29.5822219849, 30.1162815094, 30.6503391266, 31.1960086823, 31.7416782379, 32.2873458862, 32.8214035034, 33.3670730591, 33.901134491, 34.4351921082, 34.9808616638, 35.5265312195, 36.0722007751, 36.6178665161, 37.151927948, 37.6975975037, 38.2432632446, 38.7773246765, 39.3229942322, 39.8686599731, 40.4143295288, 40.9599990845, 41.4940567017, 42.0281181335, 42.5737876892, 43.1194534302, 43.6535148621, 44.1991844177, 44.7448501587]
},
"tonal": {
    "chords_changes_rate": 0.0545267499983,
    "chords_number_rate": 0.00617283955216,
    "chords_strength": {
        "mean": 0.5153632164,
        "var": 0.0119190271944
    },
    "hpcp_entropy": {
        "mean": 1.90969860554,
        "var": 0.324132353067
    },
    "key_strength": 0.784025490284,
    "tuning_diatonic_strength": 0.571455001831,
    "tuning_equal_tempered_deviation": 0.246473401785,
    "tuning_frequency": 434.193115234,
    "tuning_nontempered_energy_ratio": 0.960732161999,
    "hpcp": {
        "mean": [0.107671193779, 0.0908614397049, 0.148193091154, 0.380667507648, 0.512317478657, 0.29919475317, 0.110451288521, 0.0790375247598, 0.0669168829918, 0.0641685724258, 0.0602551400661, 0.0499560683966, 0.0558999888599, 0.0515883490443, 0.0386186502874, 0.0602189861238, 0.107839487493, 0.132049098611, 0.104391776025, 0.0577656887472, 0.0323140583932, 0.0233510434628, 0.0219105239958, 0.120037794113, 0.386542588472, 0.406340777874, 0.146123021841, 0.0311996135861, 0.0218720640987, 0.0192939303815, 0.0289914831519, 0.0448861010373, 0.0612229630351, 0.069981791079, 0.0846136435866, 0.115546554327],
        "var": [0.0383049659431, 0.043711297214, 0.0582166276872, 0.112577430904, 0.153291389346, 0.0847386196256, 0.0473969653249, 0.0418957769871, 0.0346341021359, 0.0303992684931, 0.0303592327982, 0.0216567832977, 0.0223545897752, 0.0182418040931, 0.01148104202, 0.0197675041854, 0.0536852367222, 0.0788834318519, 0.0586976110935, 0.0311058796942, 0.0134426075965, 0.00952547229826, 0.00746846804395, 0.0304357614368, 0.116399377584, 0.0956412777305, 0.024379203096, 0.00831536855549, 0.0063273254782, 0.00672874739394, 0.0133854616433, 0.0257870443165, 0.0314946658909, 0.0364557877183, 0.0310557447374, 0.0398141592741]
    },
    "chords_histogram": [53.4979438782, 9.56790161133, 3.29218101501, 0, 0, 0, 0, 0, 0, 0, 0, 0, 2.77777767181, 0, 0, 0, 0, 27.8806591034, 2.05761313438, 0.925925910473, 0, 0, 0, 0],
    "thpcp": [1, 0.584002614021, 0.215591490269, 0.154274508357, 0.130616039038, 0.125251576304, 0.117612890899, 0.0975099802017, 0.109112009406, 0.100696057081, 0.0753803104162, 0.117542319, 0.210493475199, 0.257748574018, 0.203763842583, 0.11275369674, 0.0630742833018, 0.0455792434514, 0.0427674725652, 0.234303534031, 0.754498124123, 0.79314249754, 0.285219669342, 0.0608989819884, 0.0426924042404, 0.0376601070166, 0.0565888993442, 0.0876138359308, 0.119502000511, 0.136598482728, 0.165158614516, 0.225537016988, 0.2101649791, 0.177353769541, 0.289260268211, 0.743030488491],
    "chords_key": "A#",
    "chords_scale": "major",
    "key_key": "A#",
    "key_scale": "major"
}
}