{
"lowlevel": {
    "average_loudness": 0.975958406925,
    "barkbands_crest": {
        "mean": 13.6428775787,
        "var": 21.7098255157
    },
    "barkbands_flatness_db": {
        "mean": 0.182659193873,
        "var": 0.00444052414969
    },
    "barkbands_kurtosis": {
        "mean": 17.4224510193,
        "var": 749.884277344
    },
    "barkbands_skewness": {
        "mean": 3.17753148079,
        "var": 2.85836744308
    },
    "barkbands_spread": {
        "mean": 13.4804201126,
        "var": 112.54384613
    },
    "dissonance": {
        "mean": 0.472787886858,
        "var": 0.000365379615687
    },
    "dynamic_complexity": 1.98887264729,
    "erbbands_crest": {
        "mean": 6.90740919113,
        "var": 11.60683918
    },
    "erbbands_flatness_db": {
        "mean": 0.1369356215,
        "var": 0.000726315018255
    },
    "erbbands_kurtosis": {
        "mean": -0.393209129572,
        "var": 2.61053061485
    },
    "erbbands_skewness": {
        "mean": 0.538565278053,
        "var": 0.300016582012
    },
    "erbbands_spread": {
        "mean": 56.6904373169,
        "var": 323.590820313
    },
    "hfc": {
        "mean": 14.479932785,
        "var": 114.68585968
    },
    "melbands_crest": {
        "mean": 20.0445518494,
        "var": 45.5035438538
    },
    "melbands_flatness_db": {
        "mean": 0.25844374299,
        "var": 0.00692710652947
    },
    "melbands_kurtosis": {
        "mean": 44.8510513306,
        "var": 3445.1550293
    },
    "melbands_skewness": {
        "mean": 4.79448986053,
        "var": 5.07974910736
    },
    "melbands_spread": {
        "mean": 10.8093938828,
        "var": 129.99710083
    },
    "pitch_salience": {
        "mean": 0.506738305092,
        "var": 0.0222641844302
    },
    "silence_rate_20dB": {
        "mean": 1,
        "var": 0
    },
    "silence_rate_30dB": {
        "mean": 0.997425317764,
        "var": 0.00256806099787
    },
    "silence_rate_60dB": {
        "mean": 0.00514933047816,
        "var": 0.00512295309454
    },
    "spectral_centroid": {
        "mean": 989.070129395,
        "var": 212688.5625
    },
    "spectral_complexity": {
        "mean": 17.1029872894,
        "var": 96.3857955933
    },
    "spectral_decrease": {
        "mean": -1.18196084031e-008,
        "var": 3.36819210404e-017
    },
    "spectral_energy": {
        "mean": 0.0459232963622,
        "var": 0.000491826271173
    },
    "spectral_energyband_high": {
        "mean": 0.000634617113974,
        "var": 7.10975371021e-007
    },
    "spectral_energyband_low": {
        "mean": 0.0277885068208,
        "var": 0.000444333913038
    },
    "spectral_energyband_middle_high": {
        "mean": 0.0024142600596,
        "var": 5.99101122134e-006
    },
    "spectral_energyband_middle_low": {
        "mean": 0.0156004484743,
        "var": 0.000169194710907
    },
    "spectral_entropy": {
        "mean": 7.64772415161,
        "var": 0.100227624178
    },
    "spectral_flux": {
        "mean": 0.109852790833,
        "var": 0.00200281245634
    },
    "spectral_kurtosis": {
        "mean": 2.78033304214,
        "var": 11.659702301
    },
    "spectral_rms": {
        "mean": 0.00646927254274,
        "var": 2.95170048048e-006
    },
    "spectral_rolloff": {
        "mean": 563.189208984,
        "var": 911838.0625
    },
    "spectral_skewness": {
        "mean": 1.23548972607,
        "var": 0.187411218882
    },
    "spectral_spread": {
        "mean": 4456633.5,
        "var": 2.19271829914e+012
    },
    "spectral_strongpeak": {
        "mean": 0.505942702293,
        "var": 0.222209721804
    },
    "zerocrossingrate": {
        "mean": 0.0336418747902,
        "var": 0.000833839701954
    },
    "barkbands": {
        "mean": [0.00326639716513, 0.0213637445122, 0.00269215065055, 0.00145199405961, 0.00821239966899, 0.00297765526921, 0.00156141351908, 0.000580735330004, 0.000728046405129, 0.000303707347484, 0.000292468437692, 0.000243373040576, 0.000293670513202, 0.0002439723321, 0.000194589374587, 0.000221923022764, 0.000202631446882, 0.00016071247228, 0.000210304613574, 0.000183497322723, 0.000157120302902, 0.000134325164254, 0.000154448469402, 6.65527768433e-005, 2.15147701965e-005, 3.92458514398e-006, 5.64191857677e-008],
        "var": [1.19696624097e-005, 0.000333022588165, 9.7606844065e-006, 2.46253671321e-006, 8.21002322482e-005, 1.13746509669e-005, 4.7155053835e-006, 8.03988314146e-007, 2.11207907341e-006, 2.13022005369e-007, 3.42933986985e-007, 3.27941876321e-007, 2.24983949693e-007, 2.58305504985e-007, 7.19767427881e-008, 8.97187746318e-008, 6.24650411396e-008, 2.78658447428e-008, 7.36677421287e-008, 2.94449034044e-008, 6.93082640169e-008, 5.65788695894e-008, 6.5245551184e-008, 1.11050502127e-008, 5.96150329102e-009, 3.71085995265e-010, 2.06645732291e-014]
    },
    "erbbands": {
        "mean": [1.00489664078, 3.22778606415, 3.52341508865, 4.29990100861, 17.5679283142, 29.5035762787, 26.1744632721, 20.2351207733, 24.8300609589, 13.8621406555, 14.1381006241, 17.2906780243, 11.2566099167, 10.696393013, 11.1300001144, 10.2957544327, 12.9903774261, 13.8476438522, 10.9502134323, 10.9946241379, 12.0431079865, 11.2637271881, 8.9671792984, 10.0506563187, 10.0584716797, 9.07961463928, 7.45054340363, 5.4118065834, 4.93159103394, 4.26935100555, 4.38083791733, 2.29328870773, 0.711963713169, 0.298630356789, 0.127775356174, 0.0296593010426, 0.00540668237954, 0.000433219887782, 3.47197383235e-005, 5.26269359398e-005],
        "var": [0.808458864689, 10.4889736176, 14.6858663559, 15.3340644836, 435.403839111, 1181.92138672, 998.947265625, 472.067016602, 1338.12902832, 269.288574219, 485.0753479, 1392.22009277, 322.097351074, 272.136535645, 534.090759277, 330.565856934, 340.318328857, 851.134155273, 303.808197021, 212.535827637, 236.049835205, 170.040603638, 74.7203369141, 169.048706055, 144.123916626, 75.3185806274, 234.668823242, 47.8796653748, 70.9027481079, 62.2385978699, 50.6375694275, 12.3127622604, 1.62922394276, 1.05072271824, 0.211566835642, 0.0192803405225, 0.000714355439413, 2.50003199653e-006, 1.79474446416e-009, 5.95380411639e-010]
    },
    "gfcc": {
        "mean": [-3.36164569855, 121.243713379, -107.724983215, 61.2606582642, -59.5767555237, 13.972495079, -30.6608657837, 2.44164180756, -12.9669513702, 0.554033815861, -3.60673642159, -0.323142677546, -0.903267085552],
        "cov": [[4073.11694336, -672.583984375, -693.380310059, -27.1102275848, -500.672790527, -80.1562271118, -507.044525146, -34.2872505188, -361.385131836, 35.4662399292, -192.090652466, 81.9014434814, -142.20993042], [-672.583984375, 875.906799316, 153.064407349, 31.1526603699, 334.034240723, -215.563064575, 215.089019775, -109.582527161, 108.153800964, -82.1410751343, 57.7637176514, -76.1677398682, 99.6604156494], [-693.380310059, 153.064407349, 423.602416992, 158.874023438, 158.077651978, 63.3997344971, 129.111129761, 24.280424118, 55.2678642273, -39.5342292786, 48.3739852905, -20.9031772614, 23.8943595886], [-27.1102275848, 31.1526603699, 158.874023438, 220.861099243, 96.7192153931, -30.9618434906, 36.7369194031, 9.40332126617, -12.6853265762, -1.47862815857, 29.2173404694, -10.1015300751, 13.3140544891], [-500.672790527, 334.034240723, 158.077651978, 96.7192153931, 292.958343506, -48.0572357178, 150.806976318, -4.12964487076, 75.0466308594, 0.433133840561, 28.7292957306, -36.5613250732, 47.3812637329], [-80.1562271118, -215.563064575, 63.3997344971, -30.9618434906, -48.0572357178, 209.187240601, 22.1477832794, 68.3510360718, 40.3674812317, 17.9459228516, 5.43958520889, 13.4110851288, -24.8315582275], [-507.044525146, 215.089019775, 129.111129761, 36.7369194031, 150.806976318, 22.1477832794, 191.837097168, 37.7186546326, 86.4928894043, 0.19316445291, 41.86485672, -17.5284233093, 30.11577034], [-34.2872505188, -109.582527161, 24.280424118, 9.40332126617, -4.12964487076, 68.3510360718, 37.7186546326, 83.9800949097, 34.4590339661, 30.9273204803, 5.33238554001, 9.38400554657, -8.79870223999], [-361.385131836, 108.153800964, 55.2678642273, -12.6853265762, 75.0466308594, 40.3674812317, 86.4928894043, 34.4590339661, 109.828887939, 16.1047782898, 32.0008544922, -13.1493310928, 19.7025356293], [35.4662399292, -82.1410751343, -39.5342292786, -1.47862815857, 0.433133840561, 17.9459228516, 0.19316445291, 30.9273204803, 16.1047782898, 62.8425750732, 10.975066185, 8.94498729706, -4.0820069313], [-192.090652466, 57.7637176514, 48.3739852905, 29.2173404694, 28.7292957306, 5.43958520889, 41.86485672, 5.33238554001, 32.0008544922, 10.975066185, 60.0913925171, 9.21704101563, 12.5884027481], [81.9014434814, -76.1677398682, -20.9031772614, -10.1015300751, -36.5613250732, 13.4110851288, -17.5284233093, 9.38400554657, -13.1493310928, 8.94498729706, 9.21704101563, 42.3314399719, 3.11898469925], [-142.20993042, 99.6604156494, 23.8943595886, 13.3140544891, 47.3812637329, -24.8315582275, 30.11577034, -8.79870223999, 19.7025356293, -4.0820069313, 12.5884027481, 3.11898469925, 44.0131340027]],
        "icov": [[0.000759027316235, -0.00137868372258, 0.00127971614711, -0.00168192945421, 0.000839336076751, -0.00126708182506, 0.00134349183645, -0.00121925631538, 0.00136194948573, -0.000837902596686, 0.0017886608839, -0.00166750175413, 0.00152605527546], [-0.00137868372258, 0.0111974067986, -0.00279027107172, 0.00662263296545, -0.00605336856097, 0.00882247556001, -0.00691461749375, 0.00770459044725, -0.00597302662209, 0.00876238942146, -0.00818267650902, 0.0090391729027, -0.00734589621425], [0.00127971614711, -0.00279027107172, 0.00779297435656, -0.00628111511469, 9.30628739297e-005, -0.00518248509616, 0.00163761666045, -0.00265419506468, 0.00212382827885, 0.00293809082359, 0.00125863961875, -0.00258466904052, 0.00259201042354], [-0.00168192945421, 0.00662263296545, -0.00628111511469, 0.0145149538293, -0.00634452048689, 0.00739802187309, -0.00272653251886, 0.000129294552607, 0.00135924748611, 0.00374534539878, -0.0109700197354, 0.00903334375471, -0.00627944245934], [0.000839336076751, -0.00605336856097, 9.30628739297e-005, -0.00634452048689, 0.0130838844925, -0.00287427101284, -0.00214112969115, 0.000289351097308, -0.000170307816006, -0.00891989748925, 0.00893921498209, -0.00291185546666, 0.00100221997127], [-0.00126708182506, 0.00882247556001, -0.00518248509616, 0.00739802187309, -0.00287427101284, 0.0160467885435, -0.00561675289646, 0.00152186723426, -0.00766481319442, 0.00596951553598, -0.0056253252551, 0.00502997497097, -0.0019631118048], [0.00134349183645, -0.00691461749375, 0.00163761666045, -0.00272653251886, -0.00214112969115, -0.00561675289646, 0.019347216934, -0.0125378323719, 0.00167107023299, -0.000703312107362, -0.000723841134459, -0.00355573859997, 0.00297078746371], [-0.00121925631538, 0.00770459044725, -0.00265419506468, 0.000129294552607, 0.000289351097308, 0.00152186723426, -0.0125378323719, 0.0333551578224, -0.0121059194207, -0.00512370606884, 0.00392074231058, -0.00138745794538, -0.000268356438028], [0.00136194948573, -0.00597302662209, 0.00212382827885, 0.00135924748611, -0.000170307816006, -0.00766481319442, 0.00167107023299, -0.0121059194207, 0.0275239739567, -0.00609511323273, -0.00523390807211, 0.00485140550882, -0.00307650561444], [-0.000837902596686, 0.00876238942146, 0.00293809082359, 0.00374534539878, -0.00891989748925, 0.00596951553598, -0.000703312107362, -0.00512370606884, -0.00609511323273, 0.0336235351861, -0.0135808205232, 0.00519701559097, -0.00348604354076], [0.0017886608839, -0.00818267650902, 0.00125863961875, -0.0109700197354, 0.00893921498209, -0.0056253252551, -0.000723841134459, 0.00392074231058, -0.00523390807211, -0.0135808205232, 0.0376822426915, -0.0193300768733, 0.00710038421676], [-0.00166750175413, 0.0090391729027, -0.00258466904052, 0.00903334375471, -0.00291185546666, 0.00502997497097, -0.00355573859997, -0.00138745794538, 0.00485140550882, 0.00519701559097, -0.0193300768733, 0.0446919724345, -0.018384931609], [0.00152605527546, -0.00734589621425, 0.00259201042354, -0.00627944245934, 0.00100221997127, -0.0019631118048, 0.00297078746371, -0.000268356438028, -0.00307650561444, -0.00348604354076, 0.00710038421676, -0.018384931609, 0.0408302694559]]
    },
    "melbands": {
        "mean": [0.00730597879738, 0.0026133840438, 0.000973591697402, 0.00199886970222, 0.000905752007384, 0.00049916584976, 0.000348936533555, 0.000138973555295, 0.000116723531391, 0.000106373649032, 5.38440872333e-005, 4.24817262683e-005, 3.87415020668e-005, 2.92829281534e-005, 2.55404411291e-005, 3.05505745928e-005, 2.45947649091e-005, 1.74878623511e-005, 1.46728116306e-005, 1.47551472764e-005, 1.42268763739e-005, 1.22804340208e-005, 8.77153343026e-006, 7.50023309593e-006, 8.15598468762e-006, 8.07118158264e-006, 6.34148000245e-006, 5.91135085415e-006, 5.04238960275e-006, 3.26945223605e-006, 3.11876260639e-006, 2.81173629446e-006, 2.46120134761e-006, 2.38064853875e-006, 2.58184172708e-006, 2.27519512919e-006, 1.05723222532e-006, 5.45011971553e-007, 2.70420912329e-007, 2.4815548727e-007],
        "var": [3.81950449082e-005, 6.35243713987e-006, 6.81196752339e-007, 5.6609578678e-006, 9.94399897536e-007, 2.94410483548e-007, 2.44035817332e-007, 2.90286870097e-008, 3.45844810568e-008, 5.81895420737e-008, 7.87711673667e-009, 4.42144809654e-009, 6.57823662209e-009, 5.99920735311e-009, 1.09028597262e-009, 3.17773385383e-009, 2.77429457185e-009, 9.99377469668e-010, 3.95989629975e-010, 4.19337009561e-010, 3.91354698648e-010, 2.53481902135e-010, 7.68300215115e-011, 7.30185634179e-011, 1.24671856172e-010, 1.10217973637e-010, 4.63268069739e-011, 3.3812525696e-011, 1.45437259458e-010, 1.67591149292e-011, 1.88750057251e-011, 2.39052111439e-011, 2.28896589183e-011, 2.03160717416e-011, 1.91435096941e-011, 1.35380665012e-011, 2.88706124979e-012, 9.13217960453e-013, 4.78910802074e-013, 1.00941867712e-012]
    },
    "mfcc": {
        "mean": [-638.968139648, 131.183288574, 15.861489296, 44.4521522522, 3.62554383278, 15.1995887756, -2.16651320457, 6.49534130096, -3.82453989983, 5.4787812233, -1.84686362743, 4.49686479568, 0.823085486889],
        "cov": [[3925.67333984, -749.473632813, -464.187652588, -229.056503296, -217.698471069, -237.112365723, -255.524337769, -229.848983765, -284.551239014, -141.453094482, -206.126205444, -136.164169312, -106.106170654], [-749.473632813, 852.601257324, -78.0465164185, 243.120681763, 67.0485916138, 49.9532394409, 63.2407836914, 3.34671521187, 102.672492981, -22.4759483337, 34.9018554688, -16.0687561035, -2.12608885765], [-464.187652588, -78.0465164185, 330.275878906, 16.8503475189, 59.453540802, 56.5203819275, 57.0499954224, 89.2534790039, 1.71314692497, 31.8299198151, 5.68444776535, 19.6288757324, 18.8669300079], [-229.056503296, 243.120681763, 16.8503475189, 372.869262695, 88.5645828247, 8.22047042847, 81.3030700684, -20.8165168762, 26.6820678711, -14.8175783157, 9.7960395813, -16.474357605, -2.31297111511], [-217.698471069, 67.0485916138, 59.453540802, 88.5645828247, 110.394866943, 45.5324707031, 34.3270950317, 16.4961299896, 26.7408847809, 22.0591392517, 9.47208023071, 3.35579609871, 6.94254779816], [-237.112365723, 49.9532394409, 56.5203819275, 8.22047042847, 45.5324707031, 80.2810592651, 40.7552261353, 39.435585022, 33.2475090027, 24.1762428284, 22.4489974976, 22.3636550903, 9.80823516846], [-255.524337769, 63.2407836914, 57.0499954224, 81.3030700684, 34.3270950317, 40.7552261353, 91.0534820557, 39.3416252136, 36.8868217468, 16.5024318695, 28.4025993347, 23.2419013977, 10.3311777115], [-229.848983765, 3.34671521187, 89.2534790039, -20.8165168762, 16.4961299896, 39.435585022, 39.3416252136, 94.2392120361, 37.3162918091, 27.2232513428, 28.1732540131, 23.1196136475, 15.7002534866], [-284.551239014, 102.672492981, 1.71314692497, 26.6820678711, 26.7408847809, 33.2475090027, 36.8868217468, 37.3162918091, 93.6633529663, 35.5296287537, 36.6634674072, 25.4632167816, 7.31619691849], [-141.453094482, -22.4759483337, 31.8299198151, -14.8175783157, 22.0591392517, 24.1762428284, 16.5024318695, 27.2232513428, 35.5296287537, 67.9473266602, 30.0678195953, 29.5385532379, 14.1070632935], [-206.126205444, 34.9018554688, 5.68444776535, 9.7960395813, 9.47208023071, 22.4489974976, 28.4025993347, 28.1732540131, 36.6634674072, 30.0678195953, 61.5190086365, 32.8440628052, 14.9124927521], [-136.164169312, -16.0687561035, 19.6288757324, -16.474357605, 3.35579609871, 22.3636550903, 23.2419013977, 23.1196136475, 25.4632167816, 29.5385532379, 32.8440628052, 60.1987876892, 22.0079097748], [-106.106170654, -2.12608885765, 18.8669300079, -2.31297111511, 6.94254779816, 9.80823516846, 10.3311777115, 15.7002534866, 7.31619691849, 14.1070632935, 14.9124927521, 22.0079097748, 38.6906089783]],
        "icov": [[0.000573811179493, 0.00045869324822, 0.000896999496035, -0.000196559194592, 0.000153775486979, 9.59522585617e-005, 0.000263708585408, -0.000403188343626, 0.000868688162882, -0.00013929058332, 0.00100712291896, -2.23337774514e-005, 0.000702009710949], [0.00045869324822, 0.00226531084627, 0.00119148229714, -0.00126236421056, 0.000274339923635, -0.00129846285563, 0.000704398087692, -0.000333969801432, -0.00140203430783, 0.00140101171564, 0.000201649352675, 0.0010061339708, 5.75739213673e-005], [0.000896999496035, 0.00119148229714, 0.00680127972737, -0.000694691960234, -0.00157532526646, -0.000847569666803, -0.00105509359855, -0.00572727527469, 0.00407310156152, -0.00152075046208, 0.00380668719299, -0.000403545971494, 0.000817304011434], [-0.000196559194592, -0.00126236421056, -0.000694691960234, 0.00601251423359, -0.00433128559962, 0.00383542687632, -0.00607184320688, 0.00307118310593, -0.000176900924998, 0.00125081685837, -0.00132724747527, 0.00142139405943, -0.000449842860689], [0.000153775486979, 0.000274339923635, -0.00157532526646, -0.00433128559962, 0.0175281055272, -0.00921061076224, 0.00213312474079, 0.00163751584478, -0.00161856110208, -0.00442503765225, 0.0019910230767, 0.00314564350992, -0.00173550960608], [9.59522585617e-005, -0.00129846285563, -0.000847569666803, 0.00383542687632, -0.00921061076224, 0.0253548808396, -0.00708461506292, -0.00300815072842, -0.000499767600559, -0.000287453614874, -0.00064038275741, -0.00375906960107, 0.00175631395541], [0.000263708585408, 0.000704398087692, -0.00105509359855, -0.00607184320688, 0.00213312474079, -0.00708461506292, 0.0243767295033, -0.00527829816565, -0.00252268835902, 0.00206748722121, -0.00244969199412, -0.00443577300757, 0.00114997057244], [-0.000403188343626, -0.000333969801432, -0.00572727527469, 0.00307118310593, 0.00163751584478, -0.00300815072842, -0.00527829816565, 0.0229676440358, -0.00672137085348, 0.000388165091863, -0.00507853366435, 0.00288928416558, -0.00414613168687], [0.000868688162882, -0.00140203430783, 0.00407310156152, -0.000176900924998, -0.00161856110208, -0.000499767600559, -0.00252268835902, -0.00672137085348, 0.0230917986482, -0.00772982928902, -0.0016200816026, -0.00279817776754, 0.0047946292907], [-0.00013929058332, 0.00140101171564, -0.00152075046208, 0.00125081685837, -0.00442503765225, -0.000287453614874, 0.00206748722121, 0.000388165091863, -0.00772982928902, 0.0263796243817, -0.0068456591107, -0.00487766880542, -0.00207498134114], [0.00100712291896, 0.000201649352675, 0.00380668719299, -0.00132724747527, 0.0019910230767, -0.00064038275741, -0.00244969199412, -0.00507853366435, -0.0016200816026, -0.0068456591107, 0.0323833525181, -0.00954761728644, -0.000890846888069], [-2.23337774514e-005, 0.0010061339708, -0.000403545971494, 0.00142139405943, 0.00314564350992, -0.00375906960107, -0.00443577300757, 0.00288928416558, -0.00279817776754, -0.00487766880542, -0.00954761728644, 0.0322256237268, -0.0116667123511], [0.000702009710949, 5.75739213673e-005, 0.000817304011434, -0.000449842860689, -0.00173550960608, 0.00175631395541, 0.00114997057244, -0.00414613168687, 0.0047946292907, -0.00207498134114, -0.000890846888069, -0.0116667123511, 0.0354200899601]]
    },
    "spectral_contrast_coeffs": {
        "mean": [-0.677834391594, -0.757425904274, -0.826033830643, -0.834836065769, -0.824619352818, -0.731417298317],
        "var": [0.00794462207705, 0.0039547146298, 0.00212947186083, 0.00140257866587, 0.000780025380664, 0.000760457769502]
    },
    "spectral_contrast_valleys": {
        "mean": [-6.38208770752, -6.32755088806, -7.16229724884, -7.50059175491, -7.31411075592, -10.3234891891],
        "var": [0.576169610023, 0.580568730831, 0.593166410923, 0.639956057072, 0.764292955399, 0.856140077114]
    }
},
"metadata": {
    "audio_properties": {
        "analysis_sample_rate": 44100,
        "bit_rate": 128074,
        "equal_loudness": 0,
        "length": 45.0612258911,
        "lossless": 0,
        "replay_gain": -5.74138832092,
        "sample_rate": 44100,
        "codec": "mp3",
        "downmix": "mix",
        "md5_encoded": "4b6911ed7af9625a5230e61f586fb8f5"
    },
    "tags": {
        "file_name": "1985.mp3"
    },
    "version": {
        "essentia": "2.1-beta2",
        "essentia_git_sha": "v2.1_beta2",
        "extractor": "music 1.0"
    }
},
"rhythm": {
    "beats_count": 91,
    "beats_loudness": {
        "mean": 0.0439592525363,
        "var": 0.000409990025219
    },
    "bpm": 122.130714417,
    "bpm_histogram_first_peak_bpm": {
        "mean": 123,
        "var": 0
    },
    "bpm_histogram_first_peak_spread": {
        "mean": 0.390804618597,
        "var": 0
    },
    "bpm_histogram_first_peak_weight": {
        "mean": 0.588888883591,
        "var": 0
    },
    "bpm_histogram_second_peak_bpm": {
        "mean": 129,
        "var": 0
    },
    "bpm_histogram_second_peak_spread": {
        "mean": 0.333333343267,
        "var": 0
    },
    "bpm_histogram_second_peak_weight": {
        "mean": 0.0222222227603,
        "var": 0
    },
    "danceability": 1.70592808723,
    "onset_rate": 3.50476026535,
    "beats_loudness_band_ratio": {
        "mean": [0.515664458275, 0.289628237486, 0.112144671381, 0.0651250854135, 0.0385355018079, 0.062719643116],
        "var": [0.072783395648, 0.0489317439497, 0.0101278638467, 0.00662120757625, 0.000900504353922, 0.0046143415384]
    },
    "beats_position": [0.429569154978, 0.882358253002, 1.34675729275, 1.8111563921, 2.28716540337, 2.76317453384, 3.25079369545, 3.73841261864, 4.22603178024, 4.71365070343, 5.20126962662, 5.6888885498, 6.18811798096, 6.68734693527, 7.18657588959, 7.67419481277, 8.16181373596, 8.66104316711, 9.16027164459, 9.64789104462, 10.1355104446, 10.6347389221, 11.1223583221, 11.6099767685, 12.0975961685, 12.5852155685, 13.0728340149, 13.5604534149, 14.0596818924, 14.5589113235, 15.0581407547, 15.545759201, 16.0333786011, 16.5209980011, 17.0202255249, 17.5078449249, 17.995464325, 18.483083725, 18.970703125, 19.458322525, 19.9575500488, 20.45677948, 20.9560089111, 21.4436283112, 21.9312477112, 22.4188652039, 22.918094635, 23.405714035, 23.8933334351, 24.3925609589, 24.89179039, 25.37940979, 25.8786392212, 26.3662586212, 26.8538761139, 27.3414955139, 27.8407249451, 28.3283443451, 28.8159637451, 29.3035831451, 29.7912006378, 30.290430069, 30.7896595001, 31.2772789001, 31.7648983002, 32.2525177002, 32.7401351929, 33.239364624, 33.7385940552, 34.2262115479, 34.725440979, 35.2246704102, 35.7122879028, 36.1999092102, 36.6875267029, 37.1635360718, 37.6627655029, 38.1619949341, 38.6612243652, 39.1488418579, 39.6364631653, 40.124080658, 40.6116981506, 41.099319458, 41.5985488892, 42.0977783203, 42.585395813, 43.0730133057, 43.5722427368, 44.071472168, 44.5590934753]
},
"tonal": {
    "chords_changes_rate": 0.114197529852,
    "chords_number_rate": 0.00823045242578,
    "chords_strength": {
        "mean": 0.484001487494,
        "var": 0.00326885050163
    },
    "hpcp_entropy": {
        "mean": 2.70887184143,
        "var": 0.530783474445
    },
    "key_strength": 0.585717380047,
    "tuning_diatonic_strength": 0.428569376469,
    "tuning_equal_tempered_deviation": 0.148899883032,
    "tuning_frequency": 434.193115234,
    "tuning_nontempered_energy_ratio": 0.783861637115,
    "hpcp": {
        "mean": [0.227632254362, 0.162571713328, 0.131324633956, 0.125040277839, 0.122749343514, 0.104296065867, 0.0843260511756, 0.085366986692, 0.0963078588247, 0.0961567908525, 0.0814866051078, 0.0646854415536, 0.059740640223, 0.0733618065715, 0.0754237696528, 0.0662388578057, 0.0664118826389, 0.0988609567285, 0.13753709197, 0.100148692727, 0.0486615151167, 0.0479917936027, 0.0544347055256, 0.266956627369, 0.475593745708, 0.268132150173, 0.0559999458492, 0.049757052213, 0.0495473407209, 0.0521432906389, 0.0596701875329, 0.0758304744959, 0.126712322235, 0.166535168886, 0.184451654553, 0.233937874436],
        "var": [0.105241753161, 0.0647348538041, 0.0555427186191, 0.0466135144234, 0.0502174347639, 0.0408006422222, 0.033940281719, 0.034529555589, 0.0411904864013, 0.0398489646614, 0.0339647121727, 0.0261270720512, 0.0154016772285, 0.0238155946136, 0.0253366474062, 0.0179230179638, 0.0189426206052, 0.0349634923041, 0.0662681534886, 0.0381641946733, 0.010368087329, 0.0118883103132, 0.0174257922918, 0.0594133660197, 0.192527413368, 0.0531258620322, 0.0110443709418, 0.0115732243285, 0.011853562668, 0.0106616998091, 0.0186036042869, 0.0288988184184, 0.0521284490824, 0.0734342336655, 0.0710572302341, 0.109066277742]
    },
    "chords_histogram": [4.21810722351, 16.3580245972, 19.1358032227, 2.98353910446, 0.102880656719, 0, 0, 0, 0, 0, 0, 4.21810722351, 0, 0, 0, 0, 0, 6.37860059738, 22.8395061493, 23.6625518799, 0.102880656719, 0, 0, 0],
    "thpcp": [1, 0.563784003258, 0.117747440934, 0.104620911181, 0.10417996347, 0.109638303518, 0.125464618206, 0.159443795681, 0.266429752111, 0.350162655115, 0.387834489346, 0.4918859303, 0.478627532721, 0.341828942299, 0.276127755642, 0.262914061546, 0.258097052574, 0.21929654479, 0.177306890488, 0.179495602846, 0.202500268817, 0.202182620764, 0.171336576343, 0.13600987196, 0.125612750649, 0.154253095388, 0.158588647842, 0.139276131988, 0.139639943838, 0.207868501544, 0.289190292358, 0.21057613194, 0.102317400277, 0.100909218192, 0.114456310868, 0.561312317848],
    "chords_key": "F",
    "chords_scale": "minor",
    "key_key": "A#",
    "key_scale": "major"
}
}