{
"lowlevel": {
    "average_loudness": 0.967712461948,
    "barkbands_crest": {
        "mean": 9.3100194931,
        "var": 21.1691513062
    },
    "barkbands_flatness_db": {
        "mean": 0.145651429892,
        "var": 0.00517352484167
    },
    "barkbands_kurtosis": {
        "mean": 4.84527635574,
        "var": 274.92175293
    },
    "barkbands_skewness": {
        "mean": 1.37714123726,
        "var": 2.60499382019
    },
    "barkbands_spread": {
        "mean": 30.2224998474,
        "var": 243.832809448
    },
    "dissonance": {
        "mean": 0.470545381308,
        "var": 0.000927077198867
    },
    "dynamic_complexity": 1.99909424782,
    "erbbands_crest": {
        "mean": 8.18675994873,
        "var": 18.1553630829
    },
    "erbbands_flatness_db": {
        "mean": 0.171248078346,
        "var": 0.00306167942472
    },
    "erbbands_kurtosis": {
        "mean": -0.0651468187571,
        "var": 3.69010400772
    },
    "erbbands_skewness": {
        "mean": -0.128005042672,
        "var": 0.694107294083
    },
    "erbbands_spread": {
        "mean": 45.4569244385,
        "var": 305.813293457
    },
    "hfc": {
        "mean": 29.5526275635,
        "var": 280.843597412
    },
    "melbands_crest": {
        "mean": 14.3502607346,
        "var": 33.295589447
    },
    "melbands_flatness_db": {
        "mean": 0.175422981381,
        "var": 0.00903013348579
    },
    "melbands_kurtosis": {
        "mean": 14.8558807373,
        "var": 840.745910645
    },
    "melbands_skewness": {
        "mean": 2.75496697426,
        "var": 3.36153507233
    },
    "melbands_spread": {
        "mean": 34.4727706909,
        "var": 531.186767578
    },
    "pitch_salience": {
        "mean": 0.555114984512,
        "var": 0.0174594596028
    },
    "silence_rate_20dB": {
        "mean": 1,
        "var": 0
    },
    "silence_rate_30dB": {
        "mean": 1,
        "var": 0
    },
    "silence_rate_60dB": {
        "mean": 0.0489186421037,
        "var": 0.0465267188847
    },
    "spectral_centroid": {
        "mean": 1824.50805664,
        "var": 648172.5625
    },
    "spectral_complexity": {
        "mean": 27.3784751892,
        "var": 174.565567017
    },
    "spectral_decrease": {
        "mean": -6.96650115373e-009,
        "var": 1.8268287137e-017
    },
    "spectral_energy": {
        "mean": 0.0289736930281,
        "var": 0.000277086131973
    },
    "spectral_energyband_high": {
        "mean": 0.00189723365474,
        "var": 2.9320124213e-006
    },
    "spectral_energyband_low": {
        "mean": 0.00971573870629,
        "var": 0.000135727328598
    },
    "spectral_energyband_middle_high": {
        "mean": 0.00633263913915,
        "var": 2.46282252192e-005
    },
    "spectral_energyband_middle_low": {
        "mean": 0.0142583129928,
        "var": 0.00012930612138
    },
    "spectral_entropy": {
        "mean": 7.5926232338,
        "var": 0.38401260972
    },
    "spectral_flux": {
        "mean": 0.0937327891588,
        "var": 0.00197642948478
    },
    "spectral_kurtosis": {
        "mean": 4.27857732773,
        "var": 36.4333457947
    },
    "spectral_rms": {
        "mean": 0.0050434707664,
        "var": 2.83044846583e-006
    },
    "spectral_rolloff": {
        "mean": 2328.24829102,
        "var": 2586395.75
    },
    "spectral_skewness": {
        "mean": 1.22558104992,
        "var": 0.468537390232
    },
    "spectral_spread": {
        "mean": 4235005,
        "var": 2.66154226483e+012
    },
    "spectral_strongpeak": {
        "mean": 0.96469193697,
        "var": 1.31304848194
    },
    "zerocrossingrate": {
        "mean": 0.0776623636484,
        "var": 0.00165366218425
    },
    "barkbands": {
        "mean": [0.000266385322902, 0.00148123153485, 0.00493794959038, 0.00490804202855, 0.0043161008507, 0.00126086326782, 0.00106072588824, 0.00118887634017, 0.00119350571185, 0.00068936747266, 0.000527415424585, 0.000465742283268, 0.000478205591207, 0.000481616443722, 0.000501667847857, 0.00049346749438, 0.000927700370084, 0.000698666553944, 0.000974702998064, 0.000694366462994, 0.00056841224432, 0.000259362597717, 0.000248692114837, 0.000218068045797, 0.000118036412459, 1.45394178617e-005, 2.59814414427e-009],
        "var": [4.2983054982e-007, 1.02757421701e-005, 5.2078274166e-005, 6.15424214629e-005, 2.82385335595e-005, 3.20606295645e-006, 2.12782401832e-006, 3.90043442167e-006, 3.52391202796e-006, 1.76743321845e-006, 1.68162750924e-006, 9.65414756138e-007, 7.48586671762e-007, 1.0789924545e-006, 8.20168338578e-007, 8.40051825435e-007, 2.00433828468e-006, 5.13993711593e-007, 7.12206144726e-007, 4.67493634915e-007, 2.81633845134e-007, 7.95688350763e-008, 7.02897438032e-008, 5.60391022475e-008, 2.22830092156e-008, 3.76365799637e-010, 1.51442968815e-015]
    },
    "erbbands": {
        "mean": [0.0438684001565, 0.390468031168, 4.00972986221, 13.8482255936, 12.0959777832, 14.9690132141, 17.7082271576, 7.95455169678, 12.2897148132, 21.1528511047, 27.3179569244, 28.7123413086, 25.4600372314, 17.9236373901, 23.6560001373, 20.9517440796, 22.5173225403, 26.2563476563, 27.1907291412, 23.5221748352, 35.2645721436, 46.2988395691, 42.7656173706, 40.5594711304, 45.1487083435, 34.0613517761, 33.5483894348, 13.9933223724, 10.6845083237, 7.93732738495, 6.81829309464, 4.35632896423, 3.45511388779, 1.90865731239, 0.59793806076, 0.135387197137, 0.0154351256788, 0.000479205773445, 4.23911988037e-005, 4.00557364628e-005],
        "var": [0.011123277247, 0.596340358257, 31.382068634, 355.877990723, 340.854400635, 479.622650146, 668.461608887, 120.263725281, 319.133758545, 845.899780273, 2366.53857422, 2131.98583984, 2172.94335938, 1111.92529297, 3910.28417969, 1651.40991211, 1639.33764648, 2930.12133789, 2245.28930664, 1195.38244629, 3029.22314453, 3813.12866211, 1858.7869873, 1279.29589844, 1606.45935059, 1052.18066406, 1129.36193848, 163.997634888, 134.856796265, 67.3963317871, 56.01720047, 22.2077064514, 15.2366361618, 5.3853802681, 0.606565117836, 0.0297042671591, 0.000504986557644, 5.81394715482e-007, 1.20090670741e-009, 4.15195600123e-010]
    },
    "gfcc": {
        "mean": [5.79937696457, 93.2882843018, -139.501159668, 55.5194587708, -69.6708602905, 6.66611051559, -43.3787841797, 8.32702445984, -28.3268108368, -9.40196323395, -14.1674118042, -14.9918012619, -9.0759935379],
        "cov": [[8161.00341797, -2498.53833008, -57.8806419373, 852.178955078, -1037.98303223, 751.485839844, -345.871490479, 503.307678223, -434.876708984, 369.004821777, -519.031738281, -23.6184806824, -254.262466431], [-2498.53833008, 1982.1706543, -183.396011353, -291.58114624, 707.468200684, -397.794403076, 270.676055908, -372.947814941, 273.781860352, -337.255493164, 249.781204224, -137.59916687, 190.268218994], [-57.8806419373, -183.396011353, 985.336120605, 205.272064209, -76.2914123535, 185.989456177, -71.8854598999, 133.881759644, -68.3559112549, 74.2714996338, -83.8036880493, 33.2650299072, -119.086341858], [852.178955078, -291.58114624, 205.272064209, 500.304748535, -77.7758560181, 75.3556747437, -23.7037906647, 4.19168758392, -3.58747434616, 11.1029291153, -68.7812347412, -65.8251495361, -31.9227428436], [-1037.98303223, 707.468200684, -76.2914123535, -77.7758560181, 448.200012207, -108.676383972, 109.302818298, -122.042953491, 103.389282227, -102.794250488, 83.482673645, -31.9064674377, 71.2488174438], [751.485839844, -397.794403076, 185.989456177, 75.3556747437, -108.676383972, 278.307952881, 15.3359365463, 114.683158875, -82.1750335693, 108.492736816, -64.8381729126, 7.85733938217, -74.7804336548], [-345.871490479, 270.676055908, -71.8854598999, -23.7037906647, 109.302818298, 15.3359365463, 178.487258911, -33.4333992004, 48.7443008423, -30.9268531799, 30.4063148499, -73.4822158813, -5.8080663681], [503.307678223, -372.947814941, 133.881759644, 4.19168758392, -122.042953491, 114.683158875, -33.4333992004, 186.229125977, -30.7957344055, 94.9626083374, -69.2765655518, 38.7765083313, -61.4752197266], [-434.876708984, 273.781860352, -68.3559112549, -3.58747434616, 103.389282227, -82.1750335693, 48.7443008423, -30.7957344055, 130.068313599, -27.2489490509, 40.5844039917, -41.5540771484, 19.9526672363], [369.004821777, -337.255493164, 74.2714996338, 11.1029291153, -102.794250488, 108.492736816, -30.9268531799, 94.9626083374, -27.2489490509, 139.648712158, -22.8940925598, 25.3919506073, -55.8493804932], [-519.031738281, 249.781204224, -83.8036880493, -68.7812347412, 83.482673645, -64.8381729126, 30.4063148499, -69.2765655518, 40.5844039917, -22.8940925598, 107.126434326, 28.1018352509, 46.1921005249], [-23.6184806824, -137.59916687, 33.2650299072, -65.8251495361, -31.9064674377, 7.85733938217, -73.4822158813, 38.7765083313, -41.5540771484, 25.3919506073, 28.1018352509, 146.322738647, 51.5506248474], [-254.262466431, 190.268218994, -119.086341858, -31.9227428436, 71.2488174438, -74.7804336548, -5.8080663681, -61.4752197266, 19.9526672363, -55.8493804932, 46.1921005249, 51.5506248474, 116.41254425]],
        "icov": [[0.000495143583976, -0.000746637291741, 0.000880998908542, -0.00110513088293, 0.000835423939861, -0.00111007958185, 0.000954589457251, -0.000800105975941, 0.000952897302341, -0.000542710651644, 0.00143250147812, -0.000480442016851, 0.000521337904502], [-0.000746637291741, 0.00637680990621, -0.00337652512826, 0.00441054208204, -0.00463707186282, 0.00292905606329, -0.00317415781319, 0.0027392746415, -0.00420587603003, 0.00560464663431, -0.00695957057178, 0.00599005352706, -0.00477133411914], [0.000880998908542, -0.00337652512826, 0.00390975177288, -0.00365542504005, 0.00236257351935, -0.00314356922172, 0.00291587132961, -0.00242490367964, 0.0026875208132, -0.00201779068448, 0.00440758140758, -0.00408342760056, 0.00447035580873], [-0.00110513088293, 0.00441054208204, -0.00365542504005, 0.0067133018747, -0.00307007529773, 0.00215712911449, -0.00231337337755, 0.00366856763139, -0.00461915601045, 0.00360622513108, -0.00439052889124, 0.0054163611494, -0.00456894561648], [0.000835423939861, -0.00463707186282, 0.00236257351935, -0.00307007529773, 0.00749473460019, -0.00292094284669, 0.00114329881035, -0.000804174516816, 0.00113521085586, -0.00288415979594, 0.00538263469934, -0.00465551950037, 0.00249512027949], [-0.00111007958185, 0.00292905606329, -0.00314356922172, 0.00215712911449, -0.00292094284669, 0.0117972781882, -0.00658658053726, 0.000365093175787, 0.00205275299959, -0.00269903265871, -0.00274601113051, 0.0018648194382, -0.0019888759125], [0.000954589457251, -0.00317415781319, 0.00291587132961, -0.00231337337755, 0.00114329881035, -0.00658658053726, 0.0137904658914, -0.00447220914066, 0.00161690288223, 0.000477685185615, -0.0011516395025, 0.0042295367457, 0.00155298551545], [-0.000800105975941, 0.0027392746415, -0.00242490367964, 0.00366856763139, -0.000804174516816, 0.000365093175787, -0.00447220914066, 0.0179597083479, -0.00809662975371, -0.0024943316821, 0.00708179734647, -0.00670864013955, 0.00264025153592], [0.000952897302341, -0.00420587603003, 0.0026875208132, -0.00461915601045, 0.00113521085586, 0.00205275299959, 0.00161690288223, -0.00809662975371, 0.0190772172064, -0.00576675403863, -0.00100157887209, 0.00329729216173, -0.000232188598602], [-0.000542710651644, 0.00560464663431, -0.00201779068448, 0.00360622513108, -0.00288415979594, -0.00269903265871, 0.000477685185615, -0.0024943316821, -0.00576675403863, 0.0215406585485, -0.0108624929562, 0.00397169031203, 0.00119109149091], [0.00143250147812, -0.00695957057178, 0.00440758140758, -0.00439052889124, 0.00538263469934, -0.00274601113051, -0.0011516395025, 0.00708179734647, -0.00100157887209, -0.0108624929562, 0.0320354141295, -0.0171943698078, 0.00629546865821], [-0.000480442016851, 0.00599005352706, -0.00408342760056, 0.0054163611494, -0.00465551950037, 0.0018648194382, 0.0042295367457, -0.00670864013955, 0.00329729216173, 0.00397169031203, -0.0171943698078, 0.0281163137406, -0.017103748396], [0.000521337904502, -0.00477133411914, 0.00447035580873, -0.00456894561648, 0.00249512027949, -0.0019888759125, 0.00155298551545, 0.00264025153592, -0.000232188598602, 0.00119109149091, 0.00629546865821, -0.017103748396, 0.0252016130835]]
    },
    "melbands": {
        "mean": [0.000405095051974, 0.00159201980568, 0.00233131484129, 0.000902037078049, 0.000671039917506, 0.000191316925338, 0.0001979660301, 0.000235872750636, 0.000228444652748, 0.000170446102857, 0.000121955345094, 6.87817082508e-005, 7.63675197959e-005, 5.95113015152e-005, 4.68533726234e-005, 4.93188854307e-005, 4.82618379465e-005, 4.21221848228e-005, 3.47816567228e-005, 3.19043101626e-005, 4.69664337288e-005, 5.39642060176e-005, 3.78111217287e-005, 3.47140157828e-005, 3.18734637403e-005, 3.87759027944e-005, 2.20863348659e-005, 2.30192363233e-005, 2.3547318051e-005, 1.30617490868e-005, 6.51525260764e-006, 6.43746489004e-006, 4.21812774221e-006, 4.67999780085e-006, 4.17790715801e-006, 3.00984538626e-006, 2.48870992436e-006, 2.36873370341e-006, 2.24085874834e-006, 1.43595013924e-006],
        "var": [7.88494162407e-007, 4.9538894018e-006, 9.140304428e-006, 1.45352805703e-006, 8.27627104627e-007, 6.51168932109e-008, 7.45789705547e-008, 1.05293565866e-007, 1.60759427104e-007, 7.47392050471e-008, 5.55519683587e-008, 1.92788771614e-008, 3.75155018162e-008, 1.86042061756e-008, 5.17658316213e-009, 8.48053005598e-009, 1.07415836226e-008, 5.8981513007e-009, 4.01119937266e-009, 3.76353082032e-009, 5.84837556161e-009, 6.99587809905e-009, 1.94121740904e-009, 1.57952173563e-009, 9.60837298614e-010, 1.31165789341e-009, 4.32849672771e-010, 6.03335048588e-010, 6.59425014593e-010, 1.58888707746e-010, 4.28743811287e-011, 5.25982174482e-011, 2.19261674789e-011, 2.61573835508e-011, 2.26902559242e-011, 1.14470594462e-011, 7.68043094401e-012, 7.25389887046e-012, 7.42707804979e-012, 3.74402505526e-012]
    },
    "mfcc": {
        "mean": [-620.978027344, 101.716995239, -7.35355234146, 35.7917404175, 0.780132293701, -4.60360813141, -0.774674713612, 0.651743471622, -4.62787246704, -0.843818843365, -4.16811656952, -1.92595350742, -6.9222369194],
        "cov": [[8381.89550781, -2787.10791016, 403.580780029, -65.7189331055, -419.642608643, 100.302978516, 59.7960586548, -79.87890625, 136.898162842, 288.841705322, -65.7623977661, -51.2514381409, -135.327285767], [-2787.10791016, 2026.79003906, -544.830200195, 78.3939361572, 245.945739746, 23.7391643524, 14.3736104965, 68.9997024536, -27.2920570374, -118.81803894, 17.4218330383, -54.9048805237, 17.3562736511], [403.580780029, -544.830200195, 987.419189453, 73.2622375488, 39.6753578186, 42.6347503662, 42.2730522156, 32.7003059387, 17.3121452332, 67.932762146, 4.78052997589, 40.945526123, 5.172062397], [-65.7189331055, 78.3939361572, 73.2622375488, 360.72442627, 90.3077011108, 69.327041626, -27.3589706421, 3.77077674866, 12.3711566925, 2.89737415314, -22.5944461823, -7.77236843109, -12.0790452957], [-419.642608643, 245.945739746, 39.6753578186, 90.3077011108, 207.685684204, 41.3748474121, 5.49899435043, 29.4473323822, 13.1715240479, -24.9671535492, -4.5129776001, 5.08257865906, 13.7512483597], [100.302978516, 23.7391643524, 42.6347503662, 69.327041626, 41.3748474121, 153.20085144, 70.7987289429, 5.87867450714, 8.10209083557, 35.7647399902, 11.7431402206, -13.7543077469, -11.0258426666], [59.7960586548, 14.3736104965, 42.2730522156, -27.3589706421, 5.49899435043, 70.7987289429, 126.28717804, 26.2918262482, 14.6712741852, 33.9645042419, 16.3458957672, -7.90295791626, 1.87397348881], [-79.87890625, 68.9997024536, 32.7003059387, 3.77077674866, 29.4473323822, 5.87867450714, 26.2918262482, 75.3744735718, 29.9042797089, -8.48579597473, -5.75525951385, 4.21613788605, 2.87590909004], [136.898162842, -27.2920570374, 17.3121452332, 12.3711566925, 13.1715240479, 8.10209083557, 14.6712741852, 29.9042797089, 82.1292495728, 46.3313064575, 13.0188684464, -1.36306345463, -0.629187703133], [288.841705322, -118.81803894, 67.932762146, 2.89737415314, -24.9671535492, 35.7647399902, 33.9645042419, -8.48579597473, 46.3313064575, 124.989753723, 55.1974983215, 0.224508225918, -8.02541446686], [-65.7623977661, 17.4218330383, 4.78052997589, -22.5944461823, -4.5129776001, 11.7431402206, 16.3458957672, -5.75525951385, 13.0188684464, 55.1974983215, 85.1887664795, 31.918844223, 3.66277360916], [-51.2514381409, -54.9048805237, 40.945526123, -7.77236843109, 5.08257865906, -13.7543077469, -7.90295791626, 4.21613788605, -1.36306345463, 0.224508225918, 31.918844223, 72.6585083008, 33.7064208984], [-135.327285767, 17.3562736511, 5.172062397, -12.0790452957, 13.7512483597, -11.0258426666, 1.87397348881, 2.87590909004, -0.629187703133, -8.02541446686, 3.66277360916, 33.7064208984, 67.7532272339]],
        "icov": [[0.00026137495297, 0.000360551552149, 0.000120466524095, -1.12652946882e-006, 8.37007173686e-005, -0.0001807478111, -3.22075538861e-005, -6.7263157689e-005, -0.000174329805304, -0.000329613510985, 0.000359365425538, 5.42202651559e-005, 0.000290580414003], [0.000360551552149, 0.00136093352921, 0.00061450258363, -0.00018530403031, -0.000792398001067, -8.67784983711e-005, -0.000176919158548, -0.000975874834694, 0.000294788827887, 0.000253275560681, -0.000897975929547, 0.00146865251008, -0.000164758355822], [0.000120466524095, 0.00061450258363, 0.00148769118823, -0.00025443173945, -0.000702694174834, 8.3252110926e-005, -0.000369629968191, -0.00108082697261, 0.000871976953931, -0.00122353120241, 0.000645109859761, -0.00061851675855, 0.000272540200967], [-1.12652946882e-006, -0.00018530403031, -0.00025443173945, 0.00391633249819, -0.00111401255708, -0.00236838916317, 0.00228219432756, 0.000148228180478, -0.000447786733275, -0.000894790457096, 0.00188125134446, -0.00089812790975, 0.00076907069888], [8.37007173686e-005, -0.000792398001067, -0.000702694174834, -0.00111401255708, 0.00751680554822, -0.00205946411006, 0.00072613573866, -0.000715867849067, -0.00216288166121, 0.00224279379472, -0.000476182583952, -0.000348782894434, -0.0011804261012], [-0.0001807478111, -8.67784983711e-005, 8.3252110926e-005, -0.00236838916317, -0.00205946411006, 0.0119484569877, -0.00691157393157, 0.00124504347332, 0.00169211963657, -0.00184906739742, -0.00051765027456, 0.000819869863335, 0.00115016440395], [-3.22075538861e-005, -0.000176919158548, -0.000369629968191, 0.00228219432756, 0.00072613573866, -0.00691157393157, 0.0143147744238, -0.00537625933066, 0.00111973308958, -0.00220036297105, -0.00102336588316, 0.0024031617213, -0.00241423817351], [-6.7263157689e-005, -0.000975874834694, -0.00108082697261, 0.000148228180478, -0.000715867849067, 0.00124504347332, -0.00537625933066, 0.0215568765998, -0.0102581596002, 0.00531081063673, 0.00197125342675, -0.00376086262986, 0.00210438342765], [-0.000174329805304, 0.000294788827887, 0.000871976953931, -0.000447786733275, -0.00216288166121, 0.00169211963657, 0.00111973308958, -0.0102581596002, 0.0218868684024, -0.0105662094429, 0.001548818429, 0.00101743813138, -0.00108952226583], [-0.000329613510985, 0.000253275560681, -0.00122353120241, -0.000894790457096, 0.00224279379472, -0.00184906739742, -0.00220036297105, 0.00531081063673, -0.0105662094429, 0.021556507796, -0.0138638028875, 0.0060196374543, -0.00149998860434], [0.000359365425538, -0.000897975929547, 0.000645109859761, 0.00188125134446, -0.000476182583952, -0.00051765027456, -0.00102336588316, 0.00197125342675, 0.001548818429, -0.0138638028875, 0.0273463875055, -0.0155102005228, 0.00580098200589], [5.42202651559e-005, 0.00146865251008, -0.00061851675855, -0.00089812790975, -0.000348782894434, 0.000819869863335, 0.0024031617213, -0.00376086262986, 0.00101743813138, 0.0060196374543, -0.0155102005228, 0.0285374838859, -0.0127195389941], [0.000290580414003, -0.000164758355822, 0.000272540200967, 0.00076907069888, -0.0011804261012, 0.00115016440395, -0.00241423817351, 0.00210438342765, -0.00108952226583, -0.00149998860434, 0.00580098200589, -0.0127195389941, 0.0217289738357]]
    },
    "spectral_contrast_coeffs": {
        "mean": [-0.550686299801, -0.724892616272, -0.758236289024, -0.778069615364, -0.767459392548, -0.747240424156],
        "var": [0.0080199809745, 0.00684933457524, 0.00544928992167, 0.00396165717393, 0.00249077100307, 0.00185812800191]
    },
    "spectral_contrast_valleys": {
        "mean": [-7.70845365524, -6.78685712814, -7.42664289474, -7.67949104309, -7.01836919785, -9.89895057678],
        "var": [1.1103862524, 1.01003646851, 1.08907413483, 1.099853158, 1.40812373161, 2.20762205124]
    }
},
"metadata": {
    "audio_properties": {
        "analysis_sample_rate": 44100,
        "bit_rate": 128074,
        "equal_loudness": 0,
        "length": 45.0612258911,
        "lossless": 0,
        "replay_gain": -5.81113433838,
        "sample_rate": 44100,
        "codec": "mp3",
        "downmix": "mix",
        "md5_encoded": "38d2cff4f6edd4ab83bbef4584a0f0d1"
    },
    "tags": {
        "file_name": "1987.mp3"
    },
    "version": {
        "essentia": "2.1-beta2",
        "essentia_git_sha": "v2.1_beta2",
        "extractor": "music 1.0"
    }
},
"rhythm": {
    "beats_count": 72,
    "beats_loudness": {
        "mean": 0.0335634425282,
        "var": 0.000207262521144
    },
    "bpm": 94.6337280273,
    "bpm_histogram_first_peak_bpm": {
        "mean": 94,
        "var": 0
    },
    "bpm_histogram_first_peak_spread": {
        "mean": 0.673913002014,
        "var": 0
    },
    "bpm_histogram_first_peak_weight": {
        "mean": 0.211267605424,
        "var": 0
    },
    "bpm_histogram_second_peak_bpm": {
        "mean": 99,
        "var": 0
    },
    "bpm_histogram_second_peak_spread": {
        "mean": 0.375,
        "var": 0
    },
    "bpm_histogram_second_peak_weight": {
        "mean": 0.211267605424,
        "var": 0
    },
    "danceability": 1.04906094074,
    "onset_rate": 2.48438715935,
    "beats_loudness_band_ratio": {
        "mean": [0.411302596331, 0.187838450074, 0.152744501829, 0.0724696293473, 0.109751522541, 0.108818419278],
        "var": [0.0438667163253, 0.0279852971435, 0.0115992957726, 0.00606123311445, 0.0102654937655, 0.0090251788497]
    },
    "beats_position": [0.66176867485, 1.33514738083, 1.99691605568, 2.65868473053, 3.29723358154, 3.94739222527, 4.58594083786, 5.22448968887, 5.86303853989, 6.5015873909, 7.12852573395, 7.76707458496, 8.40562343597, 9.03256225586, 9.65950107574, 10.3096599579, 10.95981884, 11.6099767685, 12.2485256195, 12.8870744705, 13.5256233215, 14.1641721725, 14.8143310547, 15.4064397812, 15.9985485077, 16.5906581879, 17.1943759918, 17.786485672, 18.3785934448, 18.970703125, 19.5976409912, 20.2013607025, 20.7934684753, 21.4087982178, 22.035736084, 22.6626758575, 23.3012237549, 23.9629936218, 24.6131515503, 25.2516994476, 25.8670291901, 26.4939670563, 27.1092967987, 27.7246246338, 28.3515644073, 28.9785022736, 29.6054420471, 30.2207698822, 30.8360996246, 31.4514274597, 32.0551452637, 32.6704750061, 33.2625846863, 33.8546943665, 34.4584121704, 35.0853500366, 35.6890678406, 36.2927894592, 36.8965072632, 37.5002250671, 38.1039466858, 38.7076644897, 39.3113822937, 39.9151000977, 40.5188217163, 41.134147644, 41.7494773865, 42.3531951904, 42.9569168091, 43.5838546753, 44.22240448, 44.86095047]
},
"tonal": {
    "chords_changes_rate": 0.0936213955283,
    "chords_number_rate": 0.0113168722019,
    "chords_strength": {
        "mean": 0.528593480587,
        "var": 0.010325181298
    },
    "hpcp_entropy": {
        "mean": 2.22580385208,
        "var": 0.864596307278
    },
    "key_strength": 0.592134296894,
    "tuning_diatonic_strength": 0.596605539322,
    "tuning_equal_tempered_deviation": 0.158927559853,
    "tuning_frequency": 438.731048584,
    "tuning_nontempered_energy_ratio": 0.856986582279,
    "hpcp": {
        "mean": [0.177059292793, 0.169906392694, 0.123970322311, 0.110916621983, 0.106781721115, 0.127743378282, 0.167835786939, 0.183897539973, 0.236911669374, 0.303552478552, 0.237853825092, 0.133406460285, 0.108324669302, 0.117080815136, 0.163536995649, 0.245091587305, 0.250454962254, 0.180830359459, 0.145651385188, 0.143826290965, 0.160431563854, 0.183192715049, 0.157916024327, 0.125497981906, 0.109608665109, 0.0883761718869, 0.0903901606798, 0.104653060436, 0.106307044625, 0.11030998826, 0.144310295582, 0.149160414934, 0.112805299461, 0.0876309722662, 0.0919642597437, 0.127040997148],
        "var": [0.0632330775261, 0.0560064055026, 0.0330783240497, 0.0356796719134, 0.0335729196668, 0.044171191752, 0.065013423562, 0.0607871934772, 0.0761577859521, 0.137856811285, 0.0945415720344, 0.0408476032317, 0.0295380912721, 0.0331059545279, 0.0555964969099, 0.0979499295354, 0.0987822860479, 0.0687550827861, 0.0581012926996, 0.0682004392147, 0.0624238699675, 0.0670266076922, 0.0550341196358, 0.0346122160554, 0.0314374864101, 0.0222664568573, 0.0222251974046, 0.0326430909336, 0.03712316975, 0.0327414646745, 0.0399447493255, 0.0443678125739, 0.0318507552147, 0.021724248305, 0.0224150419235, 0.0396551117301]
    },
    "chords_histogram": [21.0905342102, 0, 21.9135799408, 8.95061683655, 5.14403295517, 0, 1.13168728352, 0, 0, 0.411522626877, 0.411522626877, 0, 0, 0, 0, 0.720164597034, 1.23456788063, 6.68724298477, 0, 3.90946507454, 0, 2.88065838814, 1.54320991039, 23.9711933136],
    "thpcp": [1, 0.783567368984, 0.439484000206, 0.356856495142, 0.385702043772, 0.53874373436, 0.807410895824, 0.825079619884, 0.595713675022, 0.47982275486, 0.47381028533, 0.528513431549, 0.603496015072, 0.520226418972, 0.413430929184, 0.361086368561, 0.291139692068, 0.297774404287, 0.344761013985, 0.350209772587, 0.363396763802, 0.475404769182, 0.491382628679, 0.371617138386, 0.288684755564, 0.302960008383, 0.418514102697, 0.583290576935, 0.559726595879, 0.408398330212, 0.365395218134, 0.351773500443, 0.42082798481, 0.552905321121, 0.605817973614, 0.780463635921],
    "chords_key": "A",
    "chords_scale": "minor",
    "key_key": "C",
    "key_scale": "major"
}
}