{
"lowlevel": {
    "average_loudness": 0.851372778416,
    "barkbands_crest": {
        "mean": 9.42491531372,
        "var": 14.642950058
    },
    "barkbands_flatness_db": {
        "mean": 0.131010651588,
        "var": 0.00445210188627
    },
    "barkbands_kurtosis": {
        "mean": 10.3930749893,
        "var": 402.775085449
    },
    "barkbands_skewness": {
        "mean": 2.11548638344,
        "var": 3.64375853539
    },
    "barkbands_spread": {
        "mean": 22.3182106018,
        "var": 274.364013672
    },
    "dissonance": {
        "mean": 0.46628716588,
        "var": 0.00078235170804
    },
    "dynamic_complexity": 3.72325587273,
    "erbbands_crest": {
        "mean": 8.56520843506,
        "var": 16.1579341888
    },
    "erbbands_flatness_db": {
        "mean": 0.130059927702,
        "var": 0.00179724721238
    },
    "erbbands_kurtosis": {
        "mean": 1.14048588276,
        "var": 14.8939552307
    },
    "erbbands_skewness": {
        "mean": 0.44908195734,
        "var": 0.957910656929
    },
    "erbbands_spread": {
        "mean": 46.2850837708,
        "var": 711.171386719
    },
    "hfc": {
        "mean": 19.1764698029,
        "var": 627.505004883
    },
    "melbands_crest": {
        "mean": 13.6126031876,
        "var": 28.5491065979
    },
    "melbands_flatness_db": {
        "mean": 0.208313971758,
        "var": 0.00846341531724
    },
    "melbands_kurtosis": {
        "mean": 33.1322860718,
        "var": 3485.92211914
    },
    "melbands_skewness": {
        "mean": 3.54958605766,
        "var": 8.12381744385
    },
    "melbands_spread": {
        "mean": 23.345457077,
        "var": 769.135742188
    },
    "pitch_salience": {
        "mean": 0.563131093979,
        "var": 0.00901724770665
    },
    "silence_rate_20dB": {
        "mean": 1,
        "var": 0
    },
    "silence_rate_30dB": {
        "mean": 0.988729536533,
        "var": 0.0111439237371
    },
    "silence_rate_60dB": {
        "mean": 0.123975411057,
        "var": 0.108604766428
    },
    "spectral_centroid": {
        "mean": 1192.16772461,
        "var": 650966.8125
    },
    "spectral_complexity": {
        "mean": 15.5886268616,
        "var": 82.6027297974
    },
    "spectral_decrease": {
        "mean": -8.02846322756e-009,
        "var": 5.22417430212e-017
    },
    "spectral_energy": {
        "mean": 0.0320406556129,
        "var": 0.000796799431555
    },
    "spectral_energyband_high": {
        "mean": 0.0011605018517,
        "var": 9.47470107349e-006
    },
    "spectral_energyband_low": {
        "mean": 0.0164014995098,
        "var": 0.000323128129821
    },
    "spectral_energyband_middle_high": {
        "mean": 0.00293571711518,
        "var": 6.62265938445e-006
    },
    "spectral_energyband_middle_low": {
        "mean": 0.015004738234,
        "var": 0.000263017282123
    },
    "spectral_entropy": {
        "mean": 7.63931274414,
        "var": 0.320475041866
    },
    "spectral_flux": {
        "mean": 0.0795415714383,
        "var": 0.00310553889722
    },
    "spectral_kurtosis": {
        "mean": 4.1636929512,
        "var": 12.7755508423
    },
    "spectral_rms": {
        "mean": 0.00497202249244,
        "var": 6.53817005514e-006
    },
    "spectral_rolloff": {
        "mean": 1621.68261719,
        "var": 5290228.5
    },
    "spectral_skewness": {
        "mean": 1.69914352894,
        "var": 0.330325782299
    },
    "spectral_spread": {
        "mean": 6233768.5,
        "var": 4.07040924058e+012
    },
    "spectral_strongpeak": {
        "mean": 0.781590998173,
        "var": 0.647386908531
    },
    "zerocrossingrate": {
        "mean": 0.0751835554838,
        "var": 0.00339639466256
    },
    "barkbands": {
        "mean": [0.000160386465723, 0.00586139271036, 0.0069781979546, 0.00486310059205, 0.00501285027713, 0.00153115752619, 0.0018952350365, 0.00124063866679, 0.000348808156559, 0.000374481489416, 0.000278078427073, 0.0004367880465, 0.000360004720278, 0.000444915698608, 0.000283110013697, 0.000327241577907, 0.000246058945777, 8.27181866043e-005, 0.000106767744001, 0.000108423620986, 0.000189929152839, 0.000244096605456, 0.000195518878172, 0.000177203080966, 0.000200549344299, 9.00722297956e-005, 2.92762933896e-006],
        "var": [1.28592859028e-007, 5.45426810277e-005, 0.000127685649204, 3.31884584739e-005, 5.95776691625e-005, 1.45054536915e-005, 2.83868394035e-005, 1.28026385937e-005, 2.93980974675e-007, 2.20925272743e-007, 1.34495209636e-007, 5.37182984317e-007, 4.78950767047e-007, 6.6642701313e-007, 1.54133445562e-007, 1.74918866946e-007, 1.12644030992e-007, 2.14536974852e-008, 3.55791911488e-008, 4.55526958376e-008, 1.22962163118e-007, 8.19123101792e-007, 8.45698650664e-007, 6.83156315517e-007, 1.7965878385e-007, 1.37936586597e-008, 2.41614939861e-011]
    },
    "erbbands": {
        "mean": [0.122847311199, 1.52218973637, 6.21370649338, 16.0335979462, 14.990064621, 15.8635463715, 15.3725471497, 11.8595371246, 26.9689540863, 26.7558727264, 21.1136322021, 8.93165874481, 9.80112934113, 12.2919607162, 12.9303436279, 20.7452545166, 17.6666412354, 22.4780845642, 18.5618419647, 17.6238861084, 16.9266586304, 11.3210258484, 4.98448419571, 4.91994571686, 5.63348245621, 5.16405820847, 7.9094080925, 7.0459651947, 7.49855422974, 8.7889623642, 5.25950050354, 4.49296712875, 2.40887141228, 2.00411844254, 1.48837947845, 0.625593483448, 0.109915159643, 0.0141847226769, 0.000369064626284, 5.22742229805e-005],
        "var": [0.0280382651836, 3.59134960175, 83.2368545532, 385.447906494, 434.624267578, 824.053649902, 1653.97705078, 896.996154785, 4823.09716797, 8406.34277344, 2297.1887207, 170.479492188, 247.983764648, 192.705108643, 214.555419922, 1195.6496582, 924.012939453, 1651.63317871, 1241.11254883, 460.499816895, 457.491546631, 214.387786865, 68.9046707153, 58.6573104858, 128.441452026, 104.177101135, 175.93309021, 250.648681641, 547.540405273, 1711.20141602, 588.632873535, 510.828125, 94.3562850952, 32.9481811523, 6.43422079086, 0.728001058102, 0.0213465671986, 0.000382527330657, 2.64893316171e-007, 2.05141459375e-009]
    },
    "gfcc": {
        "mean": [-1.23547530174, 71.9293441772, -91.3640899658, 28.785451889, -51.9998664856, 27.0170860291, -43.4928321838, 9.23787593842, -31.9058856964, 10.0891084671, -28.0811080933, -0.366538375616, -14.4478769302],
        "cov": [[5872.57324219, 115.924377441, 103.42578125, 202.50062561, -189.123458862, 21.5633544922, -210.583312988, -99.0274505615, 13.2001256943, 163.548110962, -25.2536525726, 51.8198890686, -99.2810974121], [115.924377441, 1707.56591797, 265.957519531, -10.1144599915, 217.983337402, -93.4452438354, 139.557662964, -177.721054077, 114.350639343, -85.5370788574, 75.8433151245, -158.304870605, 66.0004119873], [103.42578125, 265.957519531, 1257.46057129, 548.137573242, 29.827287674, 99.6453094482, 173.995697021, -12.1647405624, -109.577903748, -49.7019615173, 6.19969034195, -51.9427642822, -54.8354034424], [202.50062561, -10.1144599915, 548.137573242, 561.14440918, 74.8445587158, 67.3173828125, 152.244216919, -17.5079669952, -43.0068321228, -63.7794723511, 8.02763366699, -40.2517662048, -28.3502006531], [-189.123458862, 217.983337402, 29.827287674, 74.8445587158, 266.674743652, 77.248916626, 72.4194107056, 37.2822990417, 14.6459875107, -12.9180603027, -5.5365524292, -22.7408065796, 30.2765789032], [21.5633544922, -93.4452438354, 99.6453094482, 67.3173828125, 77.248916626, 163.145614624, 51.2336807251, 34.5332183838, -6.49366855621, 4.63220405579, 8.15702629089, 8.86390590668, -11.267124176], [-210.583312988, 139.557662964, 173.995697021, 152.244216919, 72.4194107056, 51.2336807251, 150.75944519, 18.1792850494, -5.18346118927, -36.0605545044, 14.5400409698, -30.6147861481, -3.10487699509], [-99.0274505615, -177.721054077, -12.1647405624, -17.5079669952, 37.2822990417, 34.5332183838, 18.1792850494, 111.698936462, 1.0175974369, 21.147310257, -21.6940803528, 18.3957519531, -1.00377810001], [13.2001256943, 114.350639343, -109.577903748, -43.0068321228, 14.6459875107, -6.49366855621, -5.18346118927, 1.0175974369, 99.3571166992, 24.3509273529, 18.8589897156, -6.22338438034, 15.913225174], [163.548110962, -85.5370788574, -49.7019615173, -63.7794723511, -12.9180603027, 4.63220405579, -36.0605545044, 21.147310257, 24.3509273529, 90.012588501, 22.5323944092, 27.0516376495, -5.55276107788], [-25.2536525726, 75.8433151245, 6.19969034195, 8.02763366699, -5.5365524292, 8.15702629089, 14.5400409698, -21.6940803528, 18.8589897156, 22.5323944092, 74.0768280029, 16.7984352112, -1.17021799088], [51.8198890686, -158.304870605, -51.9427642822, -40.2517662048, -22.7408065796, 8.86390590668, -30.6147861481, 18.3957519531, -6.22338438034, 27.0516376495, 16.7984352112, 68.7100524902, 13.2735233307], [-99.2810974121, 66.0004119873, -54.8354034424, -28.3502006531, 30.2765789032, -11.267124176, -3.10487699509, -1.00377810001, 15.913225174, -5.55276107788, -1.17021799088, 13.2735233307, 54.6844596863]],
        "icov": [[0.00028919414035, -0.000467469275463, 0.00031210493762, -0.000747352372855, 0.000570360105485, -0.000557632942218, 0.000727356178686, -0.000220389119931, 0.000333699950716, -0.000907528738026, 0.000914928561542, -0.000814826169517, 0.000649433000945], [-0.000467469275463, 0.003100089496, -0.00184936192818, 0.00334187922999, -0.00329057243653, 0.00286291446537, -0.00283203064464, 0.00356798339635, -0.00295354961418, 0.00279982341453, -0.00362665299326, 0.00435718987137, -0.00238724378869], [0.00031210493762, -0.00184936192818, 0.00270839082077, -0.00339879537933, 0.0024217357859, -0.00217749364674, 0.00125204585493, -0.00208319700323, 0.00310177705251, -0.00255585438572, 0.00210463628173, -0.00171957153361, 0.00129617610946], [-0.000747352372855, 0.00334187922999, -0.00339879537933, 0.00778451235965, -0.00435000285506, 0.00333170127124, -0.00553417485207, 0.00456216046587, -0.00360590359196, 0.00485859066248, -0.00391899514943, 0.00367314112373, -0.00133105984423], [0.000570360105485, -0.00329057243653, 0.0024217357859, -0.00435000285506, 0.0094900149852, -0.00567610282451, 0.0019758597482, -0.00526181608438, 0.00339072523639, -0.00385857606307, 0.00379384611733, -0.00123830267694, -0.00222464976832], [-0.000557632942218, 0.00286291446537, -0.00217749364674, 0.00333170127124, -0.00567610282451, 0.0115471640602, -0.00470390636474, 0.00216773641296, -0.00301307952031, 0.00271864817478, -0.00360449636355, 0.000562709174119, 0.00130966887809], [0.000727356178686, -0.00283203064464, 0.00125204585493, -0.00553417485207, 0.0019758597482, -0.00470390636474, 0.0170736983418, -0.00770237063989, 0.00269698374905, 0.00141481298488, -0.00280982558616, 0.00178993947338, 0.000754133274313], [-0.000220389119931, 0.00356798339635, -0.00208319700323, 0.00456216046587, -0.00526181608438, 0.00216773641296, -0.00770237063989, 0.0188493970782, -0.00474378047511, -0.00172293861397, 0.004546856042, -0.00199910486117, 0.000626389170066], [0.000333699950716, -0.00295354961418, 0.00310177705251, -0.00360590359196, 0.00339072523639, -0.00301307952031, 0.00269698374905, -0.00474378047511, 0.0172752197832, -0.00672605447471, -0.000978399883024, 0.00224751629867, -0.00329712568782], [-0.000907528738026, 0.00279982341453, -0.00255585438572, 0.00485859066248, -0.00385857606307, 0.00271864817478, 0.00141481298488, -0.00172293861397, -0.00672605447471, 0.022016659379, -0.00989834591746, 0.000352505914634, 0.00156981009059], [0.000914928561542, -0.00362665299326, 0.00210463628173, -0.00391899514943, 0.00379384611733, -0.00360449636355, -0.00280982558616, 0.004546856042, -0.000978399883024, -0.00989834591746, 0.0270038247108, -0.0145658552647, 0.00659071700647], [-0.000814826169517, 0.00435718987137, -0.00171957153361, 0.00367314112373, -0.00123830267694, 0.000562709174119, 0.00178993947338, -0.00199910486117, 0.00224751629867, 0.000352505914634, -0.0145658552647, 0.033379662782, -0.0147239007056], [0.000649433000945, -0.00238724378869, 0.00129617610946, -0.00133105984423, -0.00222464976832, 0.00130966887809, 0.000754133274313, 0.000626389170066, -0.00329712568782, 0.00156981009059, 0.00659071700647, -0.0147239007056, 0.0293464101851]]
    },
    "melbands": {
        "mean": [0.00140668719541, 0.00297696259804, 0.00265100924298, 0.0011338100303, 0.000575802812818, 0.000268746167421, 0.000410051550716, 0.000288541195914, 0.000149936822709, 5.15156170877e-005, 4.84209122078e-005, 4.96791581099e-005, 4.04465572501e-005, 4.9507485528e-005, 4.24004902015e-005, 3.83857477573e-005, 4.25901416747e-005, 3.15901670547e-005, 1.96526798391e-005, 2.52826430369e-005, 1.94395379367e-005, 1.34355732371e-005, 6.60523755869e-006, 3.42279417964e-006, 3.96410950998e-006, 3.98353404307e-006, 3.84332042813e-006, 3.2403786463e-006, 4.5630636123e-006, 5.00342957821e-006, 3.86411466025e-006, 4.02770729124e-006, 5.05353727931e-006, 4.65352513856e-006, 2.96716143566e-006, 3.0044916457e-006, 2.55513100456e-006, 1.63617573889e-006, 1.63625384175e-006, 1.69562576957e-006],
        "var": [3.22225741911e-006, 1.43163379107e-005, 8.92978732736e-006, 3.25423934555e-006, 1.82838471119e-006, 4.32078394397e-007, 1.17256445265e-006, 9.74219801719e-007, 1.15011175694e-007, 6.52738840756e-009, 6.19107964894e-009, 3.37558003771e-009, 2.46815545779e-009, 5.35082556041e-009, 6.4889791318e-009, 4.95099383713e-009, 6.57272192228e-009, 4.68260274999e-009, 5.3223003782e-010, 9.74006764132e-010, 7.11066427961e-010, 3.41946415627e-010, 9.00737193166e-011, 5.3595870797e-011, 3.7828372379e-011, 6.5339643418e-011, 8.1300605137e-011, 3.98873330199e-011, 5.54800649866e-011, 9.14334372104e-011, 9.3116521438e-011, 1.46994194594e-010, 4.14635437096e-010, 5.43019684773e-010, 1.84051746066e-010, 2.1829676955e-010, 1.80435430486e-010, 4.92030444166e-011, 3.62172861146e-011, 2.03730348564e-011]
    },
    "mfcc": {
        "mean": [-654.603149414, 111.035568237, 16.1831569672, 14.2489671707, 12.3150234222, 15.7292747498, 3.1185567379, -2.21890854836, 6.96046495438, -1.95640099049, -1.84052491188, -1.50543761253, 0.390420198441],
        "cov": [[5416.32519531, -91.6574707031, -41.1412124634, 14.3865184784, -22.8194561005, 65.8899002075, -241.507232666, -147.775177002, -107.170089722, -22.6205482483, 30.0282993317, 102.460708618, -35.3053588867], [-91.6574707031, 1508.12133789, 28.7462978363, 48.0307159424, 78.983253479, 67.8846359253, 15.9886837006, -57.6741676331, 41.0447845459, 10.4522504807, 30.7936630249, 2.96024942398, 8.59714126587], [-41.1412124634, 28.7462978363, 1117.69042969, 467.836364746, 54.2658653259, 166.927429199, 192.738769531, 104.800483704, -66.610168457, 30.2800254822, 79.7088775635, -78.6953659058, -100.0495224], [14.3865184784, 48.0307159424, 467.836364746, 482.477844238, 75.1004867554, 117.256034851, 141.531661987, 84.7959976196, 0.898145616055, 35.3139877319, 26.0946655273, -54.170753479, -69.0346679688], [-22.8194561005, 78.983253479, 54.2658653259, 75.1004867554, 167.242706299, 74.8876037598, 62.9397392273, 37.6714439392, 44.1745262146, 24.9677124023, 7.21842050552, 1.49995982647, 3.52441835403], [65.8899002075, 67.8846359253, 166.927429199, 117.256034851, 74.8876037598, 156.034347534, 86.2092285156, 47.9824638367, -1.2905561924, 24.6751232147, 25.8246879578, -2.05753302574, -10.8576784134], [-241.507232666, 15.9886837006, 192.738769531, 141.531661987, 62.9397392273, 86.2092285156, 182.598449707, 83.9066162109, 19.9468345642, 14.8985776901, 21.1946525574, -8.84108734131, -14.120677948], [-147.775177002, -57.6741676331, 104.800483704, 84.7959976196, 37.6714439392, 47.9824638367, 83.9066162109, 105.615066528, 32.0222511292, 16.6965389252, 3.12860918045, -7.57466363907, -7.91324472427], [-107.170089722, 41.0447845459, -66.610168457, 0.898145616055, 44.1745262146, -1.2905561924, 19.9468345642, 32.0222511292, 95.1974868774, 28.3955440521, -7.53464365005, -1.76679670811, 8.22273921967], [-22.6205482483, 10.4522504807, 30.2800254822, 35.3139877319, 24.9677124023, 24.6751232147, 14.8985776901, 16.6965389252, 28.3955440521, 68.918510437, 24.983341217, -3.1448328495, -5.63355731964], [30.0282993317, 30.7936630249, 79.7088775635, 26.0946655273, 7.21842050552, 25.8246879578, 21.1946525574, 3.12860918045, -7.53464365005, 24.983341217, 66.5301208496, 25.5846557617, -4.97320652008], [102.460708618, 2.96024942398, -78.6953659058, -54.170753479, 1.49995982647, -2.05753302574, -8.84108734131, -7.57466363907, -1.76679670811, -3.1448328495, 25.5846557617, 70.5784606934, 36.3347396851], [-35.3053588867, 8.59714126587, -100.0495224, -69.0346679688, 3.52441835403, -10.8576784134, -14.120677948, -7.91324472427, 8.22273921967, -5.63355731964, -4.97320652008, 36.3347396851, 72.8805160522]],
        "icov": [[0.000227865020861, 3.06725123664e-005, -1.39712410601e-005, -0.000106088846223, -2.07286684599e-005, -0.000323536864016, 0.000431390624726, 0.000206627009902, 4.21913464379e-005, 3.12518095598e-005, 0.000175471941475, -0.000607556721661, 0.000358443590812], [3.06725123664e-005, 0.000763692136388, -7.2050329436e-006, -0.000102548030554, -0.000163674194482, -0.000477898167446, -2.75875445368e-005, 0.0010123696411, -0.000701206619851, 0.000392184359953, -0.000459311471786, 0.000175196299097, -0.000150219289935], [-1.39712410601e-005, -7.2050329436e-006, 0.00203316798434, -0.00129240541719, 6.7697110353e-005, -0.000373010523617, -0.000462857075036, -0.000788765028119, 0.00142511248123, 0.000562175817322, -0.0024505420588, 0.00208942545578, 5.78404069529e-007], [-0.000106088846223, -0.000102548030554, -0.00129240541719, 0.00437295855954, -0.000582735869102, -0.000482665840536, -0.00127118895762, -0.000688684987836, -1.64919911185e-005, -0.00101327279117, 0.000871015421581, 0.000639291654807, 0.00162816094235], [-2.07286684599e-005, -0.000163674194482, 6.7697110353e-005, -0.000582735869102, 0.00939904712141, -0.00386265059933, -0.00111802434549, 0.000734728877433, -0.00406295945868, -0.000461182818981, 0.0010141574312, -0.000833110418171, -0.000709302898031], [-0.000323536864016, -0.000477898167446, -0.000373010523617, -0.000482665840536, -0.00386265059933, 0.0124412644655, -0.00315909925848, -0.00246876501478, 0.00382205075584, -0.00266910274513, -0.000969431246631, 0.000176628949703, -0.000701218494214], [0.000431390624726, -2.75875445368e-005, -0.000462857075036, -0.00127118895762, -0.00111802434549, -0.00315909925848, 0.0122681576759, -0.00594008201733, -0.000841564440634, 0.0024878019467, -0.00230090832338, -0.000361291255103, -1.48485719365e-006], [0.000206627009902, 0.0010123696411, -0.000788765028119, -0.000688684987836, 0.000734728877433, -0.00246876501478, -0.00594008201733, 0.018930496648, -0.00585759291425, -0.000812405778561, 0.00305678439327, -0.00216792454012, 0.00063423946267], [4.21913464379e-005, -0.000701206619851, 0.00142511248123, -1.64919911185e-005, -0.00406295945868, 0.00382205075584, -0.000841564440634, -0.00585759291425, 0.0184320341796, -0.00740816537291, 0.00272044795565, 0.000522034766618, -0.000716122740414], [3.12518095598e-005, 0.000392184359953, 0.000562175817322, -0.00101327279117, -0.000461182818981, -0.00266910274513, 0.0024878019467, -0.000812405778561, -0.00740816537291, 0.0230602156371, -0.0119562856853, 0.00577844493091, -0.0012790922774], [0.000175471941475, -0.000459311471786, -0.0024505420588, 0.000871015421581, 0.0010141574312, -0.000969431246631, -0.00230090832338, 0.00305678439327, 0.00272044795565, -0.0119562856853, 0.0306024923921, -0.0173741411418, 0.00681181531399], [-0.000607556721661, 0.000175196299097, 0.00208942545578, 0.000639291654807, -0.000833110418171, 0.000176628949703, -0.000361291255103, -0.00216792454012, 0.000522034766618, 0.00577844493091, -0.0173741411418, 0.0310553926975, -0.0133604165167], [0.000358443590812, -0.000150219289935, 5.78404069529e-007, 0.00162816094235, -0.000709302898031, -0.000701218494214, -1.48485719365e-006, 0.00063423946267, -0.000716122740414, -0.0012790922774, 0.00681181531399, -0.0133604165167, 0.0225615110248]]
    },
    "spectral_contrast_coeffs": {
        "mean": [-0.61921942234, -0.746983587742, -0.785983502865, -0.7861328125, -0.809146106243, -0.772049248219],
        "var": [0.00802406296134, 0.00870031677186, 0.00278409547172, 0.0029137658421, 0.000955449766479, 0.0012117245933]
    },
    "spectral_contrast_valleys": {
        "mean": [-7.25623369217, -7.02702379227, -7.44817018509, -7.7422580719, -7.85892677307, -9.93486976624],
        "var": [1.48165977001, 0.785303413868, 0.728464782238, 0.829758107662, 0.825812876225, 0.955126941204]
    }
},
"metadata": {
    "audio_properties": {
        "analysis_sample_rate": 44100,
        "bit_rate": 128074,
        "equal_loudness": 0,
        "length": 45.2963256836,
        "lossless": 0,
        "replay_gain": -5.22303390503,
        "sample_rate": 44100,
        "codec": "mp3",
        "downmix": "mix",
        "md5_encoded": "9835363d903aac47c5c9e0bdbb8652cf"
    },
    "tags": {
        "file_name": "1988.mp3",
        "album": ["The Ugly Army"],
        "artist": ["Fresh Body Shop"],
        "date": ["2009-10-17 19:38:59", "2009-10-17 19:38:59"],
        "genre": ["Pop"],
        "length": ["211000"],
        "title": ["One More Reason"],
        "tracknumber": ["7"]
    },
    "version": {
        "essentia": "2.1-beta2",
        "essentia_git_sha": "v2.1_beta2",
        "extractor": "music 1.0"
    }
},
"rhythm": {
    "beats_count": 98,
    "beats_loudness": {
        "mean": 0.0441103167832,
        "var": 0.000758685753681
    },
    "bpm": 131.031723022,
    "bpm_histogram_first_peak_bpm": {
        "mean": 133,
        "var": 0
    },
    "bpm_histogram_first_peak_spread": {
        "mean": 0.446808516979,
        "var": 0
    },
    "bpm_histogram_first_peak_weight": {
        "mean": 0.536082446575,
        "var": 0
    },
    "bpm_histogram_second_peak_bpm": {
        "mean": 140,
        "var": 0
    },
    "bpm_histogram_second_peak_spread": {
        "mean": 0,
        "var": 0
    },
    "bpm_histogram_second_peak_weight": {
        "mean": 0.0309278350323,
        "var": 0
    },
    "danceability": 1.07585430145,
    "onset_rate": 4.30333042145,
    "beats_loudness_band_ratio": {
        "mean": [0.590140879154, 0.137707471848, 0.0828405320644, 0.0615531727672, 0.0593480095267, 0.103544414043],
        "var": [0.0611127018929, 0.0134300999343, 0.00804342702031, 0.00287107122131, 0.00539692584425, 0.0241176597774]
    },
    "beats_position": [0.429569154978, 0.859138309956, 1.28870749474, 1.71827661991, 2.17106580734, 2.62385487556, 3.08825397491, 3.55265307426, 4.00544214249, 4.45823097229, 4.91102027893, 5.36380958557, 5.81659841537, 6.26938772202, 6.73378658295, 7.19818592072, 7.65097475052, 8.10376358032, 8.56816291809, 9.02095222473, 9.47374153137, 9.93814086914, 10.4025392532, 10.866938591, 11.3197278976, 11.7725172043, 12.2369155884, 12.689704895, 13.1424942017, 13.6068935394, 14.0712919235, 14.5240812302, 14.9768705368, 15.4412698746, 15.9056682587, 16.3584575653, 16.8112468719, 17.2756462097, 17.7284355164, 18.181224823, 18.6456241608, 19.1100215912, 19.5628108978, 20.0156002045, 20.4799995422, 20.94439888, 21.3971881866, 21.8499774933, 22.3143768311, 22.7787742615, 23.2315635681, 23.6843528748, 24.1487522125, 24.6131515503, 25.0775508881, 25.5303401947, 25.9831295013, 26.435918808, 26.8887062073, 27.353105545, 27.8058948517, 28.2586841583, 28.7230834961, 29.1874828339, 29.6402721405, 30.0930614471, 30.5574588776, 31.0218582153, 31.474647522, 31.9274368286, 32.391834259, 32.8446235657, 33.2974128723, 33.7618141174, 34.2262115479, 34.6790008545, 35.1317901611, 35.5961914063, 36.0605888367, 36.5133781433, 36.96616745, 37.4305648804, 37.8949661255, 38.3477554321, 38.8005447388, 39.2649421692, 39.7293434143, 40.1821289063, 40.6349182129, 41.0877075195, 41.5404968262, 42.0048980713, 42.4692955017, 42.9336967468, 43.3864860535, 43.8392753601, 44.3036727905, 44.7680702209]
},
"tonal": {
    "chords_changes_rate": 0.0511770732701,
    "chords_number_rate": 0.00614124862477,
    "chords_strength": {
        "mean": 0.501735150814,
        "var": 0.00800428539515
    },
    "hpcp_entropy": {
        "mean": 2.26922082901,
        "var": 0.632729887962
    },
    "key_strength": 0.62598913908,
    "tuning_diatonic_strength": 0.587747395039,
    "tuning_equal_tempered_deviation": 0.0896510183811,
    "tuning_frequency": 439.491973877,
    "tuning_nontempered_energy_ratio": 0.735362052917,
    "hpcp": {
        "mean": [0.225585594773, 0.181962743402, 0.0997143536806, 0.0882355943322, 0.0818155258894, 0.12640042603, 0.191150829196, 0.182560414076, 0.206487894058, 0.243676975369, 0.197189465165, 0.150142282248, 0.131398126483, 0.128615230322, 0.274905204773, 0.444019198418, 0.302226811647, 0.10672160238, 0.0645016133785, 0.041825465858, 0.0486203022301, 0.0660469532013, 0.0838574245572, 0.161510169506, 0.18381524086, 0.0968693867326, 0.0601942837238, 0.0741890445352, 0.0866195708513, 0.152290135622, 0.200360625982, 0.143296957016, 0.0932328104973, 0.0861733481288, 0.0883973836899, 0.145536705852],
        "var": [0.087415844202, 0.0597564540803, 0.0356206409633, 0.0453119389713, 0.0301165431738, 0.0390952564776, 0.0744443684816, 0.0655924454331, 0.080000191927, 0.107337899506, 0.076042868197, 0.0619359500706, 0.0552371926606, 0.0542476922274, 0.0875111594796, 0.168183162808, 0.0939546376467, 0.0298541914672, 0.0184597186744, 0.00948764570057, 0.0116430381313, 0.0183657482266, 0.0213231891394, 0.056232701987, 0.0825646147132, 0.0294703245163, 0.0140752866864, 0.0170702300966, 0.0222062822431, 0.049128677696, 0.0754267647862, 0.0449561588466, 0.0326335802674, 0.0335535518825, 0.0319169685245, 0.0508887246251]
    },
    "chords_histogram": [57.6253852844, 15.2507677078, 10.7471857071, 0.818833172321, 0, 0, 0, 0, 0, 0, 0.10235414654, 0, 0, 0.818833172321, 0, 0, 0, 0.51177072525, 0.409416586161, 3.88945746422, 2.76356196404, 6.55066537857, 0, 0.51177072525],
    "thpcp": [1, 0.680661559105, 0.240353569388, 0.145267620683, 0.0941974297166, 0.109500452876, 0.148747965693, 0.188859909773, 0.363745927811, 0.413980394602, 0.218164861202, 0.135566845536, 0.167085215449, 0.195080682635, 0.342980980873, 0.451243162155, 0.322726935148, 0.209974721074, 0.194075718522, 0.199084594846, 0.327771186829, 0.508053719997, 0.409808278084, 0.2245721668, 0.198720216751, 0.184261232615, 0.284673333168, 0.430501282215, 0.411154329777, 0.465042710304, 0.548798263073, 0.444101214409, 0.338143676519, 0.295928925276, 0.289661407471, 0.619129121304],
    "chords_key": "G",
    "chords_scale": "major",
    "key_key": "G",
    "key_scale": "major"
}
}