{
"lowlevel": {
    "average_loudness": 0.955351233482,
    "barkbands_crest": {
        "mean": 7.81841611862,
        "var": 14.380815506
    },
    "barkbands_flatness_db": {
        "mean": 0.123625658453,
        "var": 0.00181075162254
    },
    "barkbands_kurtosis": {
        "mean": 1.03627610207,
        "var": 14.1984243393
    },
    "barkbands_skewness": {
        "mean": 0.762792110443,
        "var": 0.597805917263
    },
    "barkbands_spread": {
        "mean": 21.9560337067,
        "var": 96.7608642578
    },
    "dissonance": {
        "mean": 0.473883420229,
        "var": 0.000426193349995
    },
    "dynamic_complexity": 5.11697101593,
    "erbbands_crest": {
        "mean": 8.5235004425,
        "var": 18.3095741272
    },
    "erbbands_flatness_db": {
        "mean": 0.186459332705,
        "var": 0.00166227063164
    },
    "erbbands_kurtosis": {
        "mean": 0.464518666267,
        "var": 3.63619351387
    },
    "erbbands_skewness": {
        "mean": 0.39589124918,
        "var": 0.411714226007
    },
    "erbbands_spread": {
        "mean": 29.1081447601,
        "var": 131.32673645
    },
    "hfc": {
        "mean": 20.7298336029,
        "var": 205.009155273
    },
    "melbands_crest": {
        "mean": 10.6021404266,
        "var": 22.5880413055
    },
    "melbands_flatness_db": {
        "mean": 0.156250402331,
        "var": 0.00306646269746
    },
    "melbands_kurtosis": {
        "mean": 3.84462094307,
        "var": 43.2363014221
    },
    "melbands_skewness": {
        "mean": 1.39020717144,
        "var": 0.946656525135
    },
    "melbands_spread": {
        "mean": 30.7641830444,
        "var": 270.366699219
    },
    "pitch_salience": {
        "mean": 0.613838970661,
        "var": 0.0102928746492
    },
    "silence_rate_20dB": {
        "mean": 1,
        "var": 0
    },
    "silence_rate_30dB": {
        "mean": 0.99794024229,
        "var": 0.00205551413819
    },
    "silence_rate_60dB": {
        "mean": 0.11380020529,
        "var": 0.100850060582
    },
    "spectral_centroid": {
        "mean": 1561.4720459,
        "var": 357685.46875
    },
    "spectral_complexity": {
        "mean": 23.9309997559,
        "var": 113.618217468
    },
    "spectral_decrease": {
        "mean": -5.62263835491e-009,
        "var": 3.06613552284e-017
    },
    "spectral_energy": {
        "mean": 0.0231013763696,
        "var": 0.000476659042761
    },
    "spectral_energyband_high": {
        "mean": 0.000765652337577,
        "var": 1.53651387791e-006
    },
    "spectral_energyband_low": {
        "mean": 0.00377823528834,
        "var": 5.02345137647e-005
    },
    "spectral_energyband_middle_high": {
        "mean": 0.00787369348109,
        "var": 4.0556617023e-005
    },
    "spectral_energyband_middle_low": {
        "mean": 0.0116137424484,
        "var": 0.000291804753942
    },
    "spectral_entropy": {
        "mean": 7.68893384933,
        "var": 0.0789660736918
    },
    "spectral_flux": {
        "mean": 0.0860482752323,
        "var": 0.00303653860465
    },
    "spectral_kurtosis": {
        "mean": 4.02835559845,
        "var": 13.2742242813
    },
    "spectral_rms": {
        "mean": 0.00423342734575,
        "var": 4.61609442937e-006
    },
    "spectral_rolloff": {
        "mean": 1827.86254883,
        "var": 1482465.25
    },
    "spectral_skewness": {
        "mean": 1.3313229084,
        "var": 0.210468962789
    },
    "spectral_spread": {
        "mean": 3596832,
        "var": 1.48960641024e+012
    },
    "spectral_strongpeak": {
        "mean": 1.12369740009,
        "var": 1.35745275021
    },
    "zerocrossingrate": {
        "mean": 0.0665417686105,
        "var": 0.000875662255567
    },
    "barkbands": {
        "mean": [1.82976855285e-005, 0.00105658406392, 0.00209804228507, 0.00214189384133, 0.00311189028434, 0.00138646084815, 0.00121252622921, 0.000977923162282, 0.00205132341944, 0.00172489252873, 0.0017779651098, 0.00143119797576, 0.000705327664036, 0.000750705250539, 0.000416462717112, 0.00037141321809, 0.000267363706371, 0.000259923690464, 0.000424012658186, 0.00028724479489, 0.000178068439709, 0.00025839425507, 0.000120482662169, 5.77913997404e-005, 1.27907069327e-005, 2.38091274696e-006, 3.35911956029e-008],
        "var": [1.08897590945e-009, 1.42184353535e-006, 3.18019119732e-005, 3.13557502523e-005, 7.45019497117e-005, 4.32289289165e-006, 2.42453279498e-006, 3.04603531731e-006, 1.35902755574e-005, 1.79367852979e-005, 7.9258597907e-006, 3.29971589963e-006, 7.49672437905e-007, 6.18761305304e-007, 1.84903896638e-007, 1.75072827346e-007, 5.17111509168e-008, 5.27238839254e-008, 1.66362198684e-007, 1.11392658653e-007, 8.80727242247e-008, 4.62165075987e-007, 6.23698710456e-008, 2.38606823189e-008, 3.58506418996e-010, 1.76737756374e-011, 8.04994447972e-015]
    },
    "erbbands": {
        "mean": [0.0181307382882, 0.305491775274, 1.97781741619, 4.64101552963, 13.5365400314, 6.91863918304, 7.43943881989, 12.550201416, 13.3646678925, 22.2999916077, 27.0163555145, 45.7437477112, 60.579536438, 50.6127548218, 71.9154510498, 55.0127220154, 36.2929344177, 38.7919578552, 26.2115650177, 22.1010665894, 19.2822532654, 15.2610054016, 15.3644046783, 19.4533424377, 18.5802288055, 14.1964063644, 7.41716814041, 8.67174339294, 9.48858833313, 5.37358045578, 3.3833937645, 1.85102164745, 0.599374115467, 0.205397829413, 0.0595139712095, 0.0173170119524, 0.00309665710665, 0.000275164929917, 2.1239342459e-005, 2.88184473902e-005],
        "var": [0.000319633458275, 0.154483437538, 23.3502807617, 92.5517272949, 1821.69152832, 260.415740967, 112.82774353, 413.442321777, 344.742706299, 964.453186035, 2117.46142578, 8161.16699219, 21069.7128906, 8395.37109375, 10264.4648438, 3932.30444336, 1696.18212891, 1670.49145508, 689.467956543, 475.46685791, 410.956329346, 157.008422852, 169.231719971, 392.941986084, 348.835723877, 264.6300354, 80.9509735107, 315.211608887, 638.230651855, 158.976455688, 54.3648681641, 25.9205608368, 2.03381490707, 0.109765008092, 0.0068808789365, 0.000772451458033, 3.71186361008e-005, 3.0750300084e-007, 3.90772386671e-010, 6.33591956678e-010]
    },
    "gfcc": {
        "mean": [-35.9296760559, 109.50692749, -158.932785034, 32.9550247192, -69.6326980591, 18.6316699982, -26.1977443695, 2.08337306976, -20.1088294983, -7.08506727219, -10.9087295532, -7.23752641678, -10.6101770401],
        "cov": [[22015.4082031, -468.68939209, 294.330169678, 1418.14355469, -1121.04748535, 384.250396729, -790.826660156, 46.7948112488, -476.575897217, 110.225418091, 433.647277832, 291.971832275, 403.665710449], [-468.68939209, 856.748046875, 56.4593582153, -31.9546928406, 284.649658203, -133.321929932, 76.8980255127, -74.3571929932, 43.1206092834, -105.228996277, 66.4354858398, -110.706954956, 76.5799407959], [294.330169678, 56.4593582153, 449.847503662, 88.6470184326, -5.90522050858, 83.5918731689, -95.7222061157, -30.3103809357, -77.8422546387, 16.7533111572, -27.167974472, 28.1108341217, -30.0850868225], [1418.14355469, -31.9546928406, 88.6470184326, 320.838104248, -76.630279541, 40.8997421265, -35.0110588074, -44.2734184265, -22.9481143951, -14.7012701035, 33.8943481445, 28.8602848053, 53.8114013672], [-1121.04748535, 284.649658203, -5.90522050858, -76.630279541, 300.30368042, -38.2065429688, 50.5264511108, 16.0887546539, -3.12464046478, -25.044210434, -19.7507133484, -53.6286659241, -26.8052558899], [384.250396729, -133.321929932, 83.5918731689, 40.8997421265, -38.2065429688, 151.765548706, 6.03176832199, 9.60181427002, -21.4396095276, 20.1116886139, 2.95763969421, 24.3477230072, -25.7949256897], [-790.826660156, 76.8980255127, -95.7222061157, -35.0110588074, 50.5264511108, 6.03176832199, 172.077682495, 23.1814918518, 49.1417694092, -7.03884458542, 1.80048847198, -15.2439937592, 3.48871684074], [46.7948112488, -74.3571929932, -30.3103809357, -44.2734184265, 16.0887546539, 9.60181427002, 23.1814918518, 118.276039124, 21.4996261597, 42.1054000854, -2.99743294716, 10.2211923599, -20.5250816345], [-476.575897217, 43.1206092834, -77.8422546387, -22.9481143951, -3.12464046478, -21.4396095276, 49.1417694092, 21.4996261597, 133.61378479, 12.1395196915, 21.9302387238, -9.4615240097, 9.74050045013], [110.225418091, -105.228996277, 16.7533111572, -14.7012701035, -25.044210434, 20.1116886139, -7.03884458542, 42.1054000854, 12.1395196915, 103.903587341, 19.6891403198, 40.6791992188, -24.9490737915], [433.647277832, 66.4354858398, -27.167974472, 33.8943481445, -19.7507133484, 2.95763969421, 1.80048847198, -2.99743294716, 21.9302387238, 19.6891403198, 91.5562133789, 20.8151493073, 29.6933193207], [291.971832275, -110.706954956, 28.1108341217, 28.8602848053, -53.6286659241, 24.3477230072, -15.2439937592, 10.2211923599, -9.4615240097, 40.6791992188, 20.8151493073, 85.5286483765, 11.2134790421], [403.665710449, 76.5799407959, -30.0850868225, 53.8114013672, -26.8052558899, -25.7949256897, 3.48871684074, -20.5250816345, 9.74050045013, -24.9490737915, 29.6933193207, 11.2134790421, 91.3000411987]],
        "icov": [[0.000166373574757, -0.000530586577952, 0.000463008997031, -0.00061384413857, 0.000758868700359, -0.000638189550955, 0.000822356902063, -0.000752118125092, 0.000678983808029, -0.0002806741104, 5.41350636922e-005, -9.87490129774e-005, -8.88116555871e-005], [-0.000530586577952, 0.00672881444916, -0.00431069452316, 0.00276554445736, -0.0061517492868, 0.00532610388473, -0.00470090657473, 0.0041476348415, -0.00311200669967, 0.00299667287618, -0.0058522070758, 0.00434788223356, -0.00301759829745], [0.000463008997031, -0.00431069452316, 0.00618162797764, -0.00288122124039, 0.00355439516716, -0.00520513905212, 0.00501301279292, -0.00231987517327, 0.00306006497703, -0.00260780379176, 0.00446617370471, -0.00311608170159, 0.00205468293279], [-0.00061384413857, 0.00276554445736, -0.00288122124039, 0.00664946716279, -0.00279917172156, 0.00187611707952, -0.00315727689303, 0.00381906307302, -0.00243277428672, 0.00186579290312, -0.00209294096567, 0.000741151801776, -0.00242772535421], [0.000758868700359, -0.0061517492868, 0.00355439516716, -0.00279917172156, 0.0106362784281, -0.00403558975086, 0.00376371480525, -0.00548297446221, 0.00462360261008, -0.00214018556289, 0.00380837568082, -0.00143565796316, 0.00309154205024], [-0.000638189550955, 0.00532610388473, -0.00520513905212, 0.00187611707952, -0.00403558975086, 0.0137603003532, -0.00667771371081, 0.00309490575455, -0.0020452667959, 0.00282099819742, -0.00518831098452, 0.00161914271303, 0.0016646750737], [0.000822356902063, -0.00470090657473, 0.00501301279292, -0.00315727689303, 0.00376371480525, -0.00667771371081, 0.0129686929286, -0.00505992164835, 0.00135132542346, -0.0017159297131, 0.00331839895807, -0.00213602441363, -2.48231972364e-005], [-0.000752118125092, 0.0041476348415, -0.00231987517327, 0.00381906307302, -0.00548297446221, 0.00309490575455, -0.00505992164835, 0.0151503477246, -0.00445386953652, -0.00240549072623, -0.000821137975436, 0.00127925118431, -0.000377255055355], [0.000678983808029, -0.00311200669967, 0.00306006497703, -0.00243277428672, 0.00462360261008, -0.0020452667959, 0.00135132542346, -0.00445386953652, 0.0127482796088, -0.00301936804317, -0.000757709378377, 0.00078822550131, -0.000258355634287], [-0.0002806741104, 0.00299667287618, -0.00260780379176, 0.00186579290312, -0.00214018556289, 0.00282099819742, -0.0017159297131, -0.00240549072623, -0.00301936804317, 0.0180158577859, -0.00633647246286, -0.00503454776481, 0.00438624201342], [5.41350636922e-005, -0.0058522070758, 0.00446617370471, -0.00209294096567, 0.00380837568082, -0.00518831098452, 0.00331839895807, -0.000821137975436, -0.000757709378377, -0.00633647246286, 0.0211793985218, -0.00604984397069, -0.00108034454752], [-9.87490129774e-005, 0.00434788223356, -0.00311608170159, 0.000741151801776, -0.00143565796316, 0.00161914271303, -0.00213602441363, 0.00127925118431, 0.00078822550131, -0.00503454776481, -0.00604984397069, 0.0213268976659, -0.00638040853664], [-8.88116555871e-005, -0.00301759829745, 0.00205468293279, -0.00242772535421, 0.00309154205024, 0.0016646750737, -2.48231972364e-005, -0.000377255055355, -0.000258355634287, 0.00438624201342, -0.00108034454752, -0.00638040853664, 0.0196398627013]]
    },
    "melbands": {
        "mean": [0.000226515825489, 0.000836223538499, 0.00117535912432, 0.000762134033721, 0.000260330009041, 0.000279034953564, 0.000213182909647, 0.000232073769439, 0.00023953084019, 0.000291688775178, 0.000299430481391, 0.000195657645236, 0.000264502159553, 0.000170525396243, 0.0001047806727, 6.98212534189e-005, 7.20937459846e-005, 4.41764859715e-005, 3.04645091092e-005, 2.84700654447e-005, 2.08134151762e-005, 1.54827721417e-005, 1.55097004608e-005, 1.2259207324e-005, 1.65697601915e-005, 1.35616619445e-005, 1.20401346067e-005, 8.72854980116e-006, 4.81111283079e-006, 3.88476291846e-006, 5.62253580938e-006, 5.81647600484e-006, 4.20133528678e-006, 2.48524679591e-006, 2.0201780444e-006, 1.54715280587e-006, 9.53624294198e-007, 4.49314853768e-007, 2.471697087e-007, 1.43270554531e-007],
        "var": [5.11205122677e-008, 3.35501044901e-006, 7.88448778621e-006, 5.06916740051e-006, 1.29579092345e-007, 1.84457405794e-007, 7.65911138956e-008, 1.04744906082e-007, 1.72464851289e-007, 3.22251878515e-007, 5.25486029801e-007, 1.63108722973e-007, 1.66415361491e-007, 5.67213263025e-008, 1.56217456748e-008, 7.05699143566e-009, 6.41531006096e-009, 2.48177323137e-009, 1.10920406193e-009, 1.04362862796e-009, 5.23024512589e-010, 1.852975412e-010, 1.98924682282e-010, 1.40112837999e-010, 3.54206414199e-010, 1.86576087913e-010, 2.00088251523e-010, 1.12159566357e-010, 4.49917880729e-011, 3.40841486979e-011, 1.77062642326e-010, 2.54825882617e-010, 1.53087709176e-010, 2.676583781e-011, 1.90824543667e-011, 1.62261853259e-011, 7.55955714693e-012, 1.3685244344e-012, 1.83975976272e-013, 5.14539379528e-014]
    },
    "mfcc": {
        "mean": [-653.187744141, 118.662155151, -21.5284481049, 11.287894249, -13.9797878265, 9.59995651245, -0.0203127618879, 9.31722259521, -5.18455314636, 4.24707889557, -2.48312687874, -2.57409405708, -2.07817697525],
        "cov": [[18175.2558594, 1032.4901123, -475.72833252, 1391.18151855, -437.510986328, 260.785125732, -247.496170044, 41.7581596375, -603.578552246, -220.554901123, -257.129547119, 165.936279297, 104.833831787], [1032.4901123, 859.14251709, -154.718322754, 185.470108032, 102.372146606, -7.68229055405, 39.0997467041, -3.07026743889, -40.0992698669, -1.57118320465, -28.7678050995, 18.2072601318, 4.0776052475], [-475.72833252, -154.718322754, 490.085235596, -37.1492996216, 49.550743103, 73.399597168, -3.24411916733, -26.5622501373, -9.1881942749, -52.7990684509, -20.3282241821, -5.151720047, -8.62613582611], [1391.18151855, 185.470108032, -37.1492996216, 329.935241699, -7.54580211639, 49.1027069092, -19.7273311615, 13.4412975311, -46.5514297485, -21.2197990417, -36.451713562, -7.32272958755, 1.33281970024], [-437.510986328, 102.372146606, 49.550743103, -7.54580211639, 194.454788208, 2.22098040581, 29.5574550629, -16.7357254028, -0.701359927654, 1.8993704319, -13.691901207, -15.2745037079, 7.23608160019], [260.785125732, -7.68229055405, 73.399597168, 49.1027069092, 2.22098040581, 124.027175903, 25.3686561584, 16.0152111053, -14.0918865204, -20.5048694611, -3.33088707924, 1.09457278252, 3.45024991035], [-247.496170044, 39.0997467041, -3.24411916733, -19.7273311615, 29.5574550629, 25.3686561584, 119.04485321, 20.8146648407, 8.04574489594, 7.42860651016, -3.03289914131, -2.9959871769, 8.94753551483], [41.7581596375, -3.07026743889, -26.5622501373, 13.4412975311, -16.7357254028, 16.0152111053, 20.8146648407, 80.4589309692, 23.5384674072, 20.459941864, 4.14300537109, 2.19948673248, 8.55300235748], [-603.578552246, -40.0992698669, -9.1881942749, -46.5514297485, -0.701359927654, -14.0918865204, 8.04574489594, 23.5384674072, 88.4379501343, 31.9862670898, 16.3619270325, -1.61571216583, -4.10629796982], [-220.554901123, -1.57118320465, -52.7990684509, -21.2197990417, 1.8993704319, -20.5048694611, 7.42860651016, 20.459941864, 31.9862670898, 87.2109298706, 27.1908607483, 12.5654325485, 10.2420854568], [-257.129547119, -28.7678050995, -20.3282241821, -36.451713562, -13.691901207, -3.33088707924, -3.03289914131, 4.14300537109, 16.3619270325, 27.1908607483, 71.8979873657, 32.4904632568, 12.9295253754], [165.936279297, 18.2072601318, -5.151720047, -7.32272958755, -15.2745037079, 1.09457278252, -2.9959871769, 2.19948673248, -1.61571216583, 12.5654325485, 32.4904632568, 73.0375595093, 31.7507762909], [104.833831787, 4.0776052475, -8.62613582611, 1.33281970024, 7.23608160019, 3.45024991035, 8.94753551483, 8.55300235748, -4.10629796982, 10.2420854568, 12.9295253754, 31.7507762909, 63.9417419434]],
        "icov": [[0.000123906022054, -5.30089455424e-005, 9.03403997654e-005, -0.000325563218212, 0.00023801952193, -0.000134032103233, 0.000181906187208, -0.000122772544273, 0.000578414706979, -6.72221540299e-006, 0.000380926270736, -0.000356011500116, -7.15522037353e-005], [-5.30089455424e-005, 0.0016930809943, 0.000513447506819, -0.000781715789344, -0.00114988582209, 0.00038558820961, -0.00068789703073, 0.000151782063767, 3.47985296685e-005, 0.00012015287939, 0.000308813410811, -0.00108928920235, 0.00071122078225], [9.03403997654e-005, 0.000513447506819, 0.00285405688919, 9.0526038548e-005, -0.000832574034575, -0.00181879871525, 0.000498191046063, 0.000577565282583, 7.75595617597e-005, 0.00113898410928, 0.00111762550659, -0.00113546615466, 0.000408048334066], [-0.000325563218212, -0.000781715789344, 9.0526038548e-005, 0.0052817100659, -0.000173318418092, -0.0016519279452, 0.00105626019649, -0.000688513740897, -1.29961081257e-005, -0.000193345811567, 0.000713251472916, 0.00134427577723, -0.000242820518906], [0.00023801952193, -0.00114988582209, -0.000832574034575, -0.000173318418092, 0.00706313643605, -0.000156539535965, -0.000913297524676, 0.00149515469093, 0.00074225384742, -0.00104467628989, 0.00112753000576, 0.00169256108347, -0.00214212527499], [-0.000134032103233, 0.00038558820961, -0.00181879871525, -0.0016519279452, -0.000156539535965, 0.0113491462544, -0.002922300715, -0.00238074781373, 0.000581427768338, 0.00207000249065, -0.00221832026727, 0.000241166024352, 0.000151506741531], [0.000181906187208, -0.00068789703073, 0.000498191046063, 0.00105626019649, -0.000913297524676, -0.002922300715, 0.0106213930994, -0.00245841569267, 0.000614756776486, -0.000565141497646, 0.00151888129767, 0.000324604741763, -0.00144388701301], [-0.000122772544273, 0.000151782063767, 0.000577565282583, -0.000688513740897, 0.00149515469093, -0.00238074781373, -0.00245841569267, 0.0164851713926, -0.00482374336571, -0.00269068684429, 0.000616452540271, 0.000957355136052, -0.00209676637314], [0.000578414706979, 3.47985296685e-005, 7.75595617597e-005, -1.29961081257e-005, 0.00074225384742, 0.000581427768338, 0.000614756776486, -0.00482374336571, 0.0181313827634, -0.00403029844165, -5.88961192989e-005, -0.000583248503972, 0.00161550962366], [-6.72221540299e-006, 0.00012015287939, 0.00113898410928, -0.000193345811567, -0.00104467628989, 0.00207000249065, -0.000565141497646, -0.00269068684429, -0.00403029844165, 0.0163896046579, -0.00455919327214, -0.000557000283152, -0.00107902940363], [0.000380926270736, 0.000308813410811, 0.00111762550659, 0.000713251472916, 0.00112753000576, -0.00221832026727, 0.00151888129767, 0.000616452540271, -5.88961192989e-005, -0.00455919327214, 0.0222995150834, -0.00971646606922, 0.000230929872487], [-0.000356011500116, -0.00108928920235, -0.00113546615466, 0.00134427577723, 0.00169256108347, 0.000241166024352, 0.000324604741763, 0.000957355136052, -0.000583248503972, -0.000557000283152, -0.00971646606922, 0.0237832181156, -0.0096993194893], [-7.15522037353e-005, 0.00071122078225, 0.000408048334066, -0.000242820518906, -0.00214212527499, 0.000151506741531, -0.00144388701301, -0.00209676637314, 0.00161550962366, -0.00107902940363, 0.000230929872487, -0.0096993194893, 0.0215342212468]]
    },
    "spectral_contrast_coeffs": {
        "mean": [-0.655306994915, -0.770293951035, -0.766912400723, -0.801443338394, -0.79153418541, -0.717682540417],
        "var": [0.0080237518996, 0.00404472695664, 0.00405543576926, 0.00157995894551, 0.00144566397648, 0.00230858800933]
    },
    "spectral_contrast_valleys": {
        "mean": [-7.88271141052, -6.73386192322, -6.89088344574, -7.35208129883, -7.58130741119, -10.8339929581],
        "var": [2.54318094254, 2.2059481144, 1.73196327686, 1.80299460888, 2.16308784485, 2.75398612022]
    }
},
"metadata": {
    "audio_properties": {
        "analysis_sample_rate": 44100,
        "bit_rate": 128074,
        "equal_loudness": 0,
        "length": 45.0612258911,
        "lossless": 0,
        "replay_gain": -5.55218505859,
        "sample_rate": 44100,
        "codec": "mp3",
        "downmix": "mix",
        "md5_encoded": "59fbdd717163ba3bae5e038c4c031c30"
    },
    "tags": {
        "file_name": "1989.mp3"
    },
    "version": {
        "essentia": "2.1-beta2",
        "essentia_git_sha": "v2.1_beta2",
        "extractor": "music 1.0"
    }
},
"rhythm": {
    "beats_count": 116,
    "beats_loudness": {
        "mean": 0.0377377904952,
        "var": 0.000422771583544
    },
    "bpm": 154.720855713,
    "bpm_histogram_first_peak_bpm": {
        "mean": 157,
        "var": 0
    },
    "bpm_histogram_first_peak_spread": {
        "mean": 0.187500044703,
        "var": 0
    },
    "bpm_histogram_first_peak_weight": {
        "mean": 0.452173918486,
        "var": 0
    },
    "bpm_histogram_second_peak_bpm": {
        "mean": 152,
        "var": 0
    },
    "bpm_histogram_second_peak_spread": {
        "mean": 0.121951192617,
        "var": 0
    },
    "bpm_histogram_second_peak_weight": {
        "mean": 0.313043475151,
        "var": 0
    },
    "danceability": 1.13277804852,
    "onset_rate": 3.32730412483,
    "beats_loudness_band_ratio": {
        "mean": [0.440618127584, 0.153496697545, 0.138547927141, 0.240992888808, 0.073270983994, 0.0370464213192],
        "var": [0.0398493111134, 0.0136836841702, 0.0101163107902, 0.0222184509039, 0.00423953030258, 0.00204320321791]
    },
    "beats_position": [0.348299324512, 0.719818592072, 1.09133780003, 1.47446703911, 1.8575963974, 2.24072551727, 2.62385487556, 3.00698399544, 3.39011335373, 3.7732424736, 4.15637159348, 4.55111122131, 4.93424034119, 5.32897949219, 5.71210861206, 6.09523820877, 6.47836732864, 6.86149644852, 7.24462556839, 7.6277551651, 8.01088428497, 8.39401340485, 8.77714252472, 9.17188167572, 9.55501079559, 9.93814086914, 10.321269989, 10.7043991089, 11.0875282288, 11.4706573486, 11.8653964996, 12.2601356506, 12.6548748016, 13.0496139526, 13.4443531036, 13.8390922546, 14.2338323593, 14.6285715103, 15.0233106613, 15.4180498123, 15.8011789322, 16.1843090057, 16.5674381256, 16.9505672455, 17.3453063965, 17.7400455475, 18.1231746674, 18.5063037872, 18.8894329071, 19.272562027, 19.667301178, 20.062040329, 20.45677948, 20.8399085999, 21.2230377197, 21.6061668396, 21.9892959595, 22.3724250793, 22.7555541992, 23.1386852264, 23.5218143463, 23.9049434662, 24.2764625549, 24.6479816437, 25.0311107635, 25.4258499146, 25.8205890656, 26.2037181854, 26.5868473053, 26.9699764252, 27.353105545, 27.747844696, 28.1309738159, 28.5024929047, 28.8856239319, 29.2687530518, 29.6518821716, 30.0234012604, 30.3949203491, 30.778049469, 31.1611785889, 31.5326976776, 31.9274368286, 32.2989578247, 32.6936950684, 33.0884361267, 33.4831733704, 33.8779144287, 34.2726516724, 34.6441726685, 35.0156898499, 35.3872108459, 35.7819480896, 36.1766891479, 36.5714263916, 36.9777755737, 37.3841247559, 37.7788658142, 38.1736030579, 38.57995224, 38.9863014221, 39.3926506042, 39.8106117249, 40.2053489685, 40.6000900269, 40.9948310852, 41.3895683289, 41.7378692627, 42.0861663818, 42.4344673157, 42.7943763733, 43.1542854309, 43.50258255, 43.8508834839, 44.1991844177, 44.5590934753]
},
"tonal": {
    "chords_changes_rate": 0.0606995895505,
    "chords_number_rate": 0.0113168722019,
    "chords_strength": {
        "mean": 0.55531090498,
        "var": 0.0114520415664
    },
    "hpcp_entropy": {
        "mean": 2.26665234566,
        "var": 0.555763483047
    },
    "key_strength": 0.751585006714,
    "tuning_diatonic_strength": 0.737537205219,
    "tuning_equal_tempered_deviation": 0.10410361737,
    "tuning_frequency": 441.272583008,
    "tuning_nontempered_energy_ratio": 0.827101588249,
    "hpcp": {
        "mean": [0.180859521031, 0.172316610813, 0.14691324532, 0.158789977431, 0.193700447679, 0.284278780222, 0.410875588655, 0.364886522293, 0.209688439965, 0.144561558962, 0.12088213861, 0.146931514144, 0.200215756893, 0.17293164134, 0.13540288806, 0.141287267208, 0.129714369774, 0.135508790612, 0.152235984802, 0.142555579543, 0.182986810803, 0.284384280443, 0.268681973219, 0.182223260403, 0.154480814934, 0.171785488725, 0.232677966356, 0.269991934299, 0.239433631301, 0.19284710288, 0.173820525408, 0.147200256586, 0.15982028842, 0.212305039167, 0.19279897213, 0.160403579473],
        "var": [0.0639695972204, 0.0521109253168, 0.0370498262346, 0.0426889322698, 0.0606589280069, 0.0715211331844, 0.114880420268, 0.101429142058, 0.0576971694827, 0.0366141051054, 0.0244589876384, 0.0319256447256, 0.0651314631104, 0.0487694814801, 0.0250609628856, 0.0308717489243, 0.0279930755496, 0.0304579939693, 0.0366052016616, 0.0341948084533, 0.0465445406735, 0.0950859636068, 0.0920631363988, 0.0547296106815, 0.0445950292051, 0.0525235943496, 0.0699217021465, 0.077405013144, 0.0671934261918, 0.0582137294114, 0.0460492111742, 0.0308305285871, 0.0375424288213, 0.0666718482971, 0.0586162395775, 0.0395552888513]
    },
    "chords_histogram": [24.8971195221, 4.62962961197, 11.728395462, 0, 2.16049385071, 2.26337456703, 0, 0, 4.52674913406, 0, 0, 0, 2.36625504494, 0.205761313438, 0.308641970158, 0, 0, 18.2098770142, 0, 9.46502017975, 0, 10.1851854324, 9.05349826813, 0],
    "thpcp": [1, 0.888070583344, 0.510345339775, 0.351837784052, 0.294206172228, 0.357605844736, 0.487290471792, 0.420885652304, 0.329547166824, 0.343868732452, 0.315702289343, 0.329804927111, 0.370516002178, 0.346955597401, 0.44535818696, 0.69214206934, 0.653925359249, 0.443499833345, 0.375979542732, 0.418096125126, 0.566297888756, 0.657113611698, 0.582739949226, 0.469356447458, 0.423049032688, 0.358259916306, 0.388974905014, 0.516713678837, 0.469239294529, 0.390394508839, 0.440180748701, 0.419388771057, 0.357561379671, 0.386467307806, 0.471433341503, 0.69188529253],
    "chords_key": "E",
    "chords_scale": "major",
    "key_key": "E",
    "key_scale": "major"
}
}