{
"lowlevel": {
    "average_loudness": 0.481364786625,
    "barkbands_crest": {
        "mean": 11.49949646,
        "var": 21.0269565582
    },
    "barkbands_flatness_db": {
        "mean": 0.190567180514,
        "var": 0.00219863676466
    },
    "barkbands_kurtosis": {
        "mean": 2.30381941795,
        "var": 24.6627635956
    },
    "barkbands_skewness": {
        "mean": 0.838090240955,
        "var": 1.10274398327
    },
    "barkbands_spread": {
        "mean": 15.4174852371,
        "var": 59.4231529236
    },
    "dissonance": {
        "mean": 0.43404969573,
        "var": 0.00163733237423
    },
    "dynamic_complexity": 4.72223377228,
    "erbbands_crest": {
        "mean": 13.6559753418,
        "var": 36.7056274414
    },
    "erbbands_flatness_db": {
        "mean": 0.245315402746,
        "var": 0.00199726852588
    },
    "erbbands_kurtosis": {
        "mean": 0.841648101807,
        "var": 11.4988021851
    },
    "erbbands_skewness": {
        "mean": 0.333412885666,
        "var": 1.03606915474
    },
    "erbbands_spread": {
        "mean": 23.3968257904,
        "var": 82.4889755249
    },
    "hfc": {
        "mean": 13.7468986511,
        "var": 354.942718506
    },
    "melbands_crest": {
        "mean": 14.2583503723,
        "var": 31.0526065826
    },
    "melbands_flatness_db": {
        "mean": 0.226599365473,
        "var": 0.00286907376722
    },
    "melbands_kurtosis": {
        "mean": 4.71312236786,
        "var": 48.1921195984
    },
    "melbands_skewness": {
        "mean": 1.33223283291,
        "var": 1.13039028645
    },
    "melbands_spread": {
        "mean": 25.2606182098,
        "var": 269.559967041
    },
    "pitch_salience": {
        "mean": 0.487498283386,
        "var": 0.0137228230014
    },
    "silence_rate_20dB": {
        "mean": 0.998970687389,
        "var": 0.00102828873787
    },
    "silence_rate_30dB": {
        "mean": 0.996397316456,
        "var": 0.00358960288577
    },
    "silence_rate_60dB": {
        "mean": 0.267627388239,
        "var": 0.196004629135
    },
    "spectral_centroid": {
        "mean": 1559.39770508,
        "var": 646361.4375
    },
    "spectral_complexity": {
        "mean": 11.4065876007,
        "var": 39.3758049011
    },
    "spectral_decrease": {
        "mean": -3.94216348454e-009,
        "var": 4.10102449593e-017
    },
    "spectral_energy": {
        "mean": 0.0161254964769,
        "var": 0.000655875366647
    },
    "spectral_energyband_high": {
        "mean": 0.000163806631463,
        "var": 9.72521547737e-008
    },
    "spectral_energyband_low": {
        "mean": 0.00144972326234,
        "var": 8.53886649566e-006
    },
    "spectral_energyband_middle_high": {
        "mean": 0.00540869822726,
        "var": 7.41682524676e-005
    },
    "spectral_energyband_middle_low": {
        "mean": 0.00934066437185,
        "var": 0.000515439198352
    },
    "spectral_entropy": {
        "mean": 6.72558403015,
        "var": 0.250341504812
    },
    "spectral_flux": {
        "mean": 0.053785674274,
        "var": 0.00152944319416
    },
    "spectral_kurtosis": {
        "mean": 8.1094045639,
        "var": 16.9218082428
    },
    "spectral_rms": {
        "mean": 0.00334449089132,
        "var": 4.54657765658e-006
    },
    "spectral_rolloff": {
        "mean": 1761.91467285,
        "var": 1492268
    },
    "spectral_skewness": {
        "mean": 1.70866024494,
        "var": 0.199299290776
    },
    "spectral_spread": {
        "mean": 2757695.75,
        "var": 2.47297841562e+012
    },
    "spectral_strongpeak": {
        "mean": 1.86629855633,
        "var": 4.2550239563
    },
    "zerocrossingrate": {
        "mean": 0.0613719001412,
        "var": 0.00118347175885
    },
    "barkbands": {
        "mean": [3.78147638003e-006, 0.00025706042652, 0.000998029951006, 0.000286644732114, 0.00204886496067, 0.00078453955939, 0.00326174939983, 0.00202049966902, 0.000843925634399, 0.00189353455789, 0.000495848129503, 0.000375861884095, 0.00033546454506, 0.00023804329976, 0.000247632240644, 0.000851986696944, 0.000349100591848, 0.000343790685292, 0.000236805295572, 0.000137809634907, 7.13562403689e-005, 2.44189250225e-005, 9.81977609626e-006, 3.79152220376e-006, 2.88391061076e-006, 2.25572148338e-006, 3.21657722679e-008],
        "var": [2.04054152048e-011, 4.21387852612e-007, 4.77271578347e-006, 6.96307097314e-007, 1.54141071107e-005, 2.1129351353e-006, 0.000163762146258, 7.29804887669e-005, 5.57274643143e-006, 3.34519791068e-005, 4.31352418673e-006, 5.43061617009e-007, 6.51586503864e-007, 3.67823162151e-007, 4.12267581851e-007, 8.21180674393e-006, 6.1144078245e-007, 3.48496200786e-006, 2.46945262461e-007, 1.20665603731e-007, 2.1483883117e-008, 5.37278266322e-009, 5.3773085984e-010, 2.10790704336e-010, 3.39380849812e-011, 3.5846988572e-011, 4.92429583438e-014]
    },
    "erbbands": {
        "mean": [0.00228233798407, 0.0917892605066, 0.948313415051, 1.23409354687, 2.57490420341, 6.58522462845, 10.1789474487, 7.70049142838, 25.8417453766, 78.5121765137, 26.3073940277, 15.2630262375, 42.1621780396, 45.5056838989, 23.9532241821, 14.3223838806, 15.5849990845, 11.0283317566, 13.5307073593, 16.118938446, 53.4625511169, 24.2276248932, 18.6289978027, 14.8061437607, 10.5624504089, 6.46587753296, 3.7188398838, 2.30267262459, 0.821826040745, 0.427027255297, 0.209689930081, 0.118978723884, 0.0465157032013, 0.0284552741796, 0.0246611405164, 0.0132099855691, 0.00357967126183, 0.000222986956942, 1.50607347678e-005, 1.951914237e-005],
        "var": [1.47222881424e-005, 0.0516841746867, 4.6748213768, 7.91131782532, 58.794216156, 146.713439941, 723.700378418, 228.103744507, 3193.38549805, 197082.109375, 4898.70751953, 1104.01367188, 10447.3085938, 16807.9746094, 5393.33935547, 670.956298828, 1296.90039063, 1092.06164551, 1117.24475098, 1379.13793945, 36516.2617188, 1840.27478027, 4468.77490234, 2667.56298828, 501.912658691, 319.122070313, 73.31224823, 25.9941520691, 3.75355219841, 0.992566883564, 0.239175111055, 0.196729928255, 0.0110313268378, 0.00406258087605, 0.00281864940189, 0.00113236031029, 0.000128340485389, 6.31914531368e-007, 8.01779920234e-010, 8.79851358437e-010]
    },
    "gfcc": {
        "mean": [-88.9547348022, 109.749961853, -164.487991333, 22.6945095062, -57.0426216125, -11.7575149536, -35.108039856, 6.80146551132, -27.8954315186, -5.99584627151, -17.6683540344, -1.51207172871, -4.13072061539],
        "cov": [[7682.44091797, 913.724914551, -121.66519928, -249.132141113, -219.370422363, -131.632736206, -117.432449341, 7.29389667511, 79.9146499634, 158.893493652, -122.319259644, -79.1429290771, -110.193901062], [913.724914551, 2647.49780273, 465.159301758, -255.88710022, 10.0661535263, -513.229736328, -13.5192022324, -127.1639328, 419.556610107, -79.0159301758, 79.8148803711, -476.004882813, 106.835021973], [-121.66519928, 465.159301758, 464.306671143, -10.8032836914, 11.3529052734, -47.2518882751, -8.02445793152, -3.40774178505, 24.6321372986, 10.2525939941, -18.5074520111, -40.5340957642, -26.768371582], [-249.132141113, -255.88710022, -10.8032836914, 249.618133545, 47.6428527832, 70.2206344604, 0.560013949871, -7.71282529831, -71.1604995728, -25.8920116425, -0.439434707165, 44.1719818115, -0.544497430325], [-219.370422363, 10.0661535263, 11.3529052734, 47.6428527832, 209.598251343, 64.6346664429, 10.1510190964, -35.6811943054, -9.99463176727, 14.3402681351, 36.8237991333, 31.5646820068, -20.2270736694], [-131.632736206, -513.229736328, -47.2518882751, 70.2206344604, 64.6346664429, 265.762451172, 41.713886261, 24.6032276154, -126.30683136, 5.34391355515, -2.45151805878, 117.030464172, -30.222864151], [-117.432449341, -13.5192022324, -8.02445793152, 0.560013949871, 10.1510190964, 41.713886261, 161.69519043, 38.9775085449, -21.0566883087, -49.0665588379, -19.3289852142, 1.3816331625, 47.212059021], [7.29389667511, -127.1639328, -3.40774178505, -7.71282529831, -35.6811943054, 24.6032276154, 38.9775085449, 115.314292908, 6.54093122482, -14.2754774094, -43.6368217468, 9.78324604034, 10.992855072], [79.9146499634, 419.556610107, 24.6321372986, -71.1604995728, -9.99463176727, -126.30683136, -21.0566883087, 6.54093122482, 192.586959839, 19.846321106, 16.1871643066, -102.871116638, 1.9686164856], [158.893493652, -79.0159301758, 10.2525939941, -25.8920116425, 14.3402681351, 5.34391355515, -49.0665588379, -14.2754774094, 19.846321106, 157.877029419, 49.9249153137, 13.64149189, -74.9457092285], [-122.319259644, 79.8148803711, -18.5074520111, -0.439434707165, 36.8237991333, -2.45151805878, -19.3289852142, -43.6368217468, 16.1871643066, 49.9249153137, 125.812194824, 4.22388887405, -28.8594474792], [-79.1429290771, -476.004882813, -40.5340957642, 44.1719818115, 31.5646820068, 117.030464172, 1.3816331625, 9.78324604034, -102.871116638, 13.64149189, 4.22388887405, 201.619567871, 5.47853183746], [-110.193901062, 106.835021973, -26.768371582, -0.544497430325, -20.2270736694, -30.222864151, 47.212059021, 10.992855072, 1.9686164856, -74.9457092285, -28.8594474792, 5.47853183746, 166.845336914]],
        "icov": [[0.000196626962861, -0.000340672384482, 0.000364294159226, -3.16188525176e-005, 0.000279977131868, -0.00019107456319, 8.0761834397e-005, -0.000127534061903, 0.000270757242106, -0.000433619541582, 0.000564791203942, -0.000426867627539, 0.000304963497911], [-0.000340672384482, 0.00233315373771, -0.0020777862519, 0.00092986447271, -0.00119580025785, 0.00147234578617, -0.000327027839376, 0.00139711506199, -0.00187575141899, 0.0018165668007, -0.00224361848086, 0.00303009990603, -0.00157652853522], [0.000364294159226, -0.0020777862519, 0.00415845448151, -0.000790631747805, 0.000755277578719, -0.000796054140665, 0.000204677809961, -0.00120045430958, 0.00178296875674, -0.00185755023267, 0.00268301577307, -0.00242477981374, 0.00189246074297], [-3.16188525176e-005, 0.00092986447271, -0.000790631747805, 0.00526802800596, -0.00136722659227, 0.000111620647658, 0.000551445409656, 0.000463609991129, 0.000682269514073, 0.00158838788047, -0.000959897181019, 0.00126876821741, -0.000560326850973], [0.000279977131868, -0.00119580025785, 0.000755277578719, -0.00136722659227, 0.00693875504658, -0.00259425886907, -0.000723193748854, 0.00167616386898, -0.000742219679523, -0.00101974362042, 0.000383142731152, -0.00226972112432, 0.00122429791372], [-0.00019107456319, 0.00147234578617, -0.000796054140665, 0.000111620647658, -0.00259425886907, 0.00851815007627, -0.00165536988061, -0.00104392925277, 0.00226620724425, 0.000826300354674, -0.00138639251236, -0.000148696635733, 0.000678872165736], [8.0761834397e-005, -0.000327027839376, 0.000204677809961, 0.000551445409656, -0.000723193748854, -0.00165536988061, 0.00844615045935, -0.00298882788047, 0.0011410190491, 0.00136009638663, -0.000365791667718, 0.00088731868891, -0.00177815253846], [-0.000127534061903, 0.00139711506199, -0.00120045430958, 0.000463609991129, 0.00167616386898, -0.00104392925277, -0.00298882788047, 0.013264419511, -0.00406330637634, 0.000563859357499, 0.00262660463341, 0.000471559353173, -0.000443950091721], [0.000270757242106, -0.00187575141899, 0.00178296875674, 0.000682269514073, -0.000742219679523, 0.00226620724425, 0.0011410190491, -0.00406330637634, 0.0116447731853, -0.00259289774112, 0.000396763207391, 0.000967309169937, 0.00066832266748], [-0.000433619541582, 0.0018165668007, -0.00185755023267, 0.00158838788047, -0.00101974362042, 0.000826300354674, 0.00136009638663, 0.000563859357499, -0.00259289774112, 0.0113873360679, -0.00485110515729, 0.000990607892163, 0.00213569402695], [0.000564791203942, -0.00224361848086, 0.00268301577307, -0.000959897181019, 0.000383142731152, -0.00138639251236, -0.000365791667718, 0.00262660463341, 0.000396763207391, -0.00485110515729, 0.0135326748714, -0.00351935019717, 0.00223531364463], [-0.000426867627539, 0.00303009990603, -0.00242477981374, 0.00126876821741, -0.00226972112432, -0.000148696635733, 0.00088731868891, 0.000471559353173, 0.000967309169937, 0.000990607892163, -0.00351935019717, 0.0121958991513, -0.00376696116291], [0.000304963497911, -0.00157652853522, 0.00189246074297, -0.000560326850973, 0.00122429791372, 0.000678872165736, -0.00177815253846, -0.000443950091721, 0.00066832266748, 0.00213569402695, 0.00223531364463, -0.00376696116291, 0.00977187231183]]
    },
    "melbands": {
        "mean": [4.25779653597e-005, 0.000371261412511, 0.000233694954659, 0.000321549130604, 0.000374398456188, 0.000172829270014, 0.000440128118498, 0.000801745685749, 0.000155094065121, 0.000104712962639, 0.000237166968873, 0.000217398701352, 7.89340338088e-005, 4.85986311105e-005, 4.25031175837e-005, 2.57908941421e-005, 1.83716656466e-005, 2.23801889661e-005, 1.66441022884e-005, 2.46827894443e-005, 7.00815944583e-005, 1.83831289178e-005, 2.24478862947e-005, 1.81265058927e-005, 1.11580357043e-005, 1.03100428532e-005, 5.63316507396e-006, 3.67960842595e-006, 2.85057353722e-006, 9.97560505311e-007, 1.42996202612e-006, 4.90163927225e-007, 2.92041903549e-007, 2.3765656465e-007, 1.37170587777e-007, 1.01796175045e-007, 5.24966097259e-008, 3.40590560199e-008, 2.06379979772e-008, 2.49999807522e-008],
        "var": [8.59516546825e-009, 6.95195581102e-007, 2.45460228143e-007, 4.52598413858e-007, 8.92945934083e-007, 1.03213793068e-007, 1.22331789498e-006, 1.89673955902e-005, 1.14800343454e-007, 7.75884245741e-008, 3.63526851288e-007, 4.23738725885e-007, 9.69104902993e-008, 1.22796874891e-008, 1.27931505389e-008, 3.49388695753e-009, 3.4649116909e-009, 3.05631497888e-009, 1.89650384286e-009, 3.04928571282e-009, 7.37137071383e-008, 1.35315714189e-009, 5.486858079e-009, 1.39438034452e-008, 1.33890643017e-009, 5.68364522113e-010, 2.15391010583e-010, 1.55592275175e-010, 5.12521414198e-011, 5.31683854929e-012, 1.32794417823e-011, 2.45279946527e-012, 8.80415911616e-013, 4.13662566657e-013, 1.57108091185e-013, 1.62137190067e-013, 3.71060062017e-014, 7.27740638611e-015, 2.26285465958e-015, 4.09080956975e-015]
    },
    "mfcc": {
        "mean": [-728.241271973, 141.601531982, -40.2177810669, 27.899433136, -11.4535865784, -10.1951475143, -5.33717727661, 1.10419774055, -1.95466589928, -5.90260267258, -10.3578090668, -2.78611803055, 1.00893139839],
        "cov": [[6159.36816406, 1236.73376465, -362.908050537, -53.0380897522, -76.173034668, -39.100894928, -269.198699951, -215.697555542, 71.4301223755, 165.574798584, 133.82510376, 29.2284374237, -207.436676025], [1236.73376465, 2116.22509766, 141.165161133, 174.827774048, 52.7617607117, -216.836166382, -262.226867676, -276.390808105, 110.147621155, 181.11756897, 82.5155715942, 20.1071720123, -76.6029968262], [-362.908050537, 141.165161133, 399.915344238, 64.2927322388, -16.7503051758, -26.5811309814, -31.6915187836, 15.1370286942, 41.8579330444, 36.6731185913, -27.2336807251, -104.057502747, -75.374710083], [-53.0380897522, 174.827774048, 64.2927322388, 166.724578857, 16.0372180939, -18.9556732178, -19.9812469482, -20.0754985809, 14.7936697006, 23.5780754089, 1.59218657017, -30.978937149, -11.5340261459], [-76.173034668, 52.7617607117, -16.7503051758, 16.0372180939, 175.901519775, 52.6486320496, 37.6309089661, -4.53483963013, -42.3052520752, -46.2844161987, 7.2725148201, 84.7502059937, 73.6835250854], [-39.100894928, -216.836166382, -26.5811309814, -18.9556732178, 52.6486320496, 165.895507813, 91.905456543, 54.0999221802, -34.4427261353, -61.7162628174, -1.29099988937, 2.86230039597, 8.52207374573], [-269.198699951, -262.226867676, -31.6915187836, -19.9812469482, 37.6309089661, 91.905456543, 198.820098877, 80.329750061, -18.3093605042, -62.7495689392, -11.4509925842, -4.34982442856, -1.61474204063], [-215.697555542, -276.390808105, 15.1370286942, -20.0754985809, -4.53483963013, 54.0999221802, 80.329750061, 186.77507019, 21.1476192474, -33.6294441223, -52.1507530212, -47.0449714661, -6.96064043045], [71.4301223755, 110.147621155, 41.8579330444, 14.7936697006, -42.3052520752, -34.4427261353, -18.3093605042, 21.1476192474, 151.821212769, 54.0572929382, -32.568572998, -70.7966003418, -52.3416633606], [165.574798584, 181.11756897, 36.6731185913, 23.5780754089, -46.2844161987, -61.7162628174, -62.7495689392, -33.6294441223, 54.0572929382, 169.789733887, 26.5218486786, -58.7413787842, -72.494720459], [133.82510376, 82.5155715942, -27.2336807251, 1.59218657017, 7.2725148201, -1.29099988937, -11.4509925842, -52.1507530212, -32.568572998, 26.5218486786, 171.007858276, 48.3298416138, -43.4232940674], [29.2284374237, 20.1071720123, -104.057502747, -30.978937149, 84.7502059937, 2.86230039597, -4.34982442856, -47.0449714661, -70.7966003418, -58.7413787842, 48.3298416138, 267.681365967, 159.268753052], [-207.436676025, -76.6029968262, -75.374710083, -11.5340261459, 73.6835250854, 8.52207374573, -1.61474204063, -6.96064043045, -52.3416633606, -72.494720459, -43.4232940674, 159.268753052, 298.186218262]],
        "icov": [[0.000229508586926, -0.000151081039803, 0.000277886691038, 0.000122202647617, 0.000120313030493, -0.00030529758078, 0.000269933691015, -1.63365155004e-006, -3.03223132505e-005, -4.8839552619e-005, 1.32638224386e-005, -5.74354198761e-005, 0.000191650149645], [-0.000151081039803, 0.000899449340068, -0.000298244383885, -0.00054037902737, -0.000727354257833, 0.000672301684972, 0.000285694637569, 0.000773170380853, -0.000534111866727, -0.000168997095898, -8.67343260325e-005, -9.62826234172e-005, 0.000113742557005], [0.000277886691038, -0.000298244383885, 0.00337379518896, -0.00066337978933, -0.000210494821658, -0.000126346712932, 0.000769262260292, -0.000445325684268, -7.09367595846e-005, 1.17100034913e-005, 0.000304429529933, 0.000800699286629, 0.000600305851549], [0.000122202647617, -0.00054037902737, -0.00066337978933, 0.00725291948766, -0.00102503492963, 0.000177802721737, -3.60488616025e-006, 0.000258769432548, -1.78819082066e-005, -0.000286504480755, -0.000315377081279, 0.00124653324019, -0.000471243314678], [0.000120313030493, -0.000727354257833, -0.000210494821658, -0.00102503492963, 0.00881944876164, -0.00282568135299, -0.00111231242772, -6.92859684932e-005, 0.000952092348598, 0.00033991393866, 0.000261310313363, -0.00215995195322, -0.000860733503941], [-0.00030529758078, 0.000672301684972, -0.000126346712932, 0.000177802721737, -0.00282568135299, 0.0103563144803, -0.00283902138472, -0.000882199325133, 0.000853983452544, 0.00166350149084, -0.00078248657519, 0.00121335114818, 9.38631201279e-005], [0.000269933691015, 0.000285694637569, 0.000769262260292, -3.60488616025e-006, -0.00111231242772, -0.00283902138472, 0.00859201420099, -0.00196985411458, -0.000335169024765, 0.00131605158094, -0.000265867070993, 8.2535589172e-005, 0.000990353524685], [-1.63365155004e-006, 0.000773170380853, -0.000445325684268, 0.000258769432548, -6.92859684932e-005, -0.000882199325133, -0.00196985411458, 0.00848704669625, -0.00160734774545, 0.000367291126167, 0.00143439357635, 0.000708967621904, -3.79305311071e-005], [-3.03223132505e-005, -0.000534111866727, -7.09367595846e-005, -1.78819082066e-005, 0.000952092348598, 0.000853983452544, -0.000335169024765, -0.00160734774545, 0.00927204545587, -0.00197539106011, 0.00166672735941, 0.000863775610924, 0.000452713575214], [-4.8839552619e-005, -0.000168997095898, 1.17100034913e-005, -0.000286504480755, 0.00033991393866, 0.00166350149084, 0.00131605158094, 0.000367291126167, -0.00197539106011, 0.00904804654419, -0.00162833731156, 0.00126855820417, 0.000736959977075], [1.32638224386e-005, -8.67343260325e-005, 0.000304429529933, -0.000315377081279, 0.000261310313363, -0.00078248657519, -0.000265867070993, 0.00143439357635, 0.00166672735941, -0.00162833731156, 0.00832592695951, -0.0027031537611, 0.00259450497106], [-5.74354198761e-005, -9.62826234172e-005, 0.000800699286629, 0.00124653324019, -0.00215995195322, 0.00121335114818, 8.2535589172e-005, 0.000708967621904, 0.000863775610924, 0.00126855820417, -0.0027031537611, 0.00811984762549, -0.00356864766218], [0.000191650149645, 0.000113742557005, 0.000600305851549, -0.000471243314678, -0.000860733503941, 9.38631201279e-005, 0.000990353524685, -3.79305311071e-005, 0.000452713575214, 0.000736959977075, 0.00259450497106, -0.00356864766218, 0.0064067193307]]
    },
    "spectral_contrast_coeffs": {
        "mean": [-0.588338851929, -0.68533462286, -0.683426260948, -0.727459549904, -0.694653332233, -0.685288071632],
        "var": [0.00670656142756, 0.00787059683353, 0.00739369168878, 0.00421173404902, 0.00535418326035, 0.00289505999535]
    },
    "spectral_contrast_valleys": {
        "mean": [-9.02113628387, -7.76983165741, -8.27271366119, -8.74532413483, -8.81362438202, -12.8174371719],
        "var": [2.06393027306, 2.3054792881, 1.74850797653, 1.92436516285, 1.6984910965, 1.08531284332]
    }
},
"metadata": {
    "audio_properties": {
        "analysis_sample_rate": 44100,
        "bit_rate": 101508,
        "equal_loudness": 0,
        "length": 45.0873451233,
        "lossless": 0,
        "replay_gain": -2.71750450134,
        "sample_rate": 44100,
        "codec": "mp3",
        "downmix": "mix",
        "md5_encoded": "b09687bdcfd45697bc85eaa2a4b67065"
    },
    "tags": {
        "file_name": "199.mp3"
    },
    "version": {
        "essentia": "2.1-beta2",
        "essentia_git_sha": "v2.1_beta2",
        "extractor": "music 1.0"
    }
},
"rhythm": {
    "beats_count": 74,
    "beats_loudness": {
        "mean": 0.0196272451431,
        "var": 0.000344632309861
    },
    "bpm": 108.515296936,
    "bpm_histogram_first_peak_bpm": {
        "mean": 110,
        "var": 0
    },
    "bpm_histogram_first_peak_spread": {
        "mean": 0.481481522322,
        "var": 0
    },
    "bpm_histogram_first_peak_weight": {
        "mean": 0.191780820489,
        "var": 0
    },
    "bpm_histogram_second_peak_bpm": {
        "mean": 94,
        "var": 0
    },
    "bpm_histogram_second_peak_spread": {
        "mean": 0.677419364452,
        "var": 0
    },
    "bpm_histogram_second_peak_weight": {
        "mean": 0.136986300349,
        "var": 0
    },
    "danceability": 1.06280231476,
    "onset_rate": 2.39442563057,
    "beats_loudness_band_ratio": {
        "mean": [0.111259110272, 0.152494996786, 0.28366291523, 0.234494253993, 0.187320753932, 0.062940813601],
        "var": [0.0253573972732, 0.0220398772508, 0.0784314349294, 0.0482141636312, 0.0408062636852, 0.0092205600813]
    },
    "beats_position": [0.626938760281, 1.27709746361, 1.91564619541, 2.56580495834, 3.20435357094, 3.85451245308, 4.46984100342, 5.08516979218, 5.70049858093, 6.31582736969, 6.91954612732, 7.52326536179, 8.12698364258, 8.73070240021, 9.287981987, 9.84526062012, 10.4025392532, 10.9482088089, 11.4938774109, 12.0627660751, 12.6200447083, 13.1657142639, 13.7113828659, 14.2570514679, 14.8027210236, 15.3716096878, 15.9288883209, 16.4861679077, 17.031835556, 17.5775051117, 18.1347846985, 18.6920623779, 19.2493419647, 19.7950115204, 20.3406791687, 20.8863487244, 21.43201828, 21.9776859283, 22.523355484, 23.0806350708, 23.6379127502, 24.2880725861, 24.9266204834, 25.5651702881, 26.2153282166, 26.865486145, 27.5040359497, 28.142583847, 28.7811336517, 29.4196815491, 30.0582313538, 30.6967792511, 31.3237190247, 31.9506568909, 32.5775947571, 33.204536438, 33.8314743042, 34.4468002319, 35.0621299744, 35.6890678406, 36.3160095215, 36.9429473877, 37.5002250671, 38.0575065613, 38.6263923645, 39.2997741699, 39.9731521606, 40.6465301514, 41.3083000183, 41.9932861328, 42.678276062, 43.3516540527, 44.0250320435, 44.6984100342]
},
"tonal": {
    "chords_changes_rate": 0.0709876567125,
    "chords_number_rate": 0.0102880662307,
    "chords_strength": {
        "mean": 0.529015481472,
        "var": 0.00884635280818
    },
    "hpcp_entropy": {
        "mean": 1.37757575512,
        "var": 0.471740037203
    },
    "key_strength": 0.728728294373,
    "tuning_diatonic_strength": 0.552155017853,
    "tuning_equal_tempered_deviation": 0.0380400680006,
    "tuning_frequency": 442.293365479,
    "tuning_nontempered_energy_ratio": 0.678848803043,
    "hpcp": {
        "mean": [0.121091417968, 0.0557011887431, 0.0398636423051, 0.0566906034946, 0.0601422525942, 0.120562873781, 0.199124529958, 0.141378432512, 0.0620954930782, 0.0650805681944, 0.0763398855925, 0.241710036993, 0.411289453506, 0.239356920123, 0.03487053141, 0.0110608236864, 0.0101613635197, 0.0329103805125, 0.0794657692313, 0.0786045342684, 0.0822778493166, 0.113235466182, 0.0766303837299, 0.0398158244789, 0.0325646176934, 0.0263397656381, 0.0775479823351, 0.126974493265, 0.0815142765641, 0.0350095741451, 0.0432567335665, 0.0554316677153, 0.147655665874, 0.292874276638, 0.249477162957, 0.152631908655],
        "var": [0.0755858793855, 0.020053666085, 0.0155448792502, 0.0281395763159, 0.0182140097022, 0.0542231872678, 0.124513462186, 0.0727535039186, 0.0197285376489, 0.0320627391338, 0.0310411248356, 0.0712897479534, 0.175749793649, 0.0769135281444, 0.00606535561383, 0.0011097593233, 0.000497293542139, 0.00429647928104, 0.0288647077978, 0.0327405668795, 0.025751857087, 0.054475851357, 0.0280356872827, 0.0130396755412, 0.0126570872962, 0.00434743054211, 0.026508025825, 0.0595137067139, 0.0300829652697, 0.0100602284074, 0.0228940639645, 0.0189381875098, 0.0504678450525, 0.134542569518, 0.0975979566574, 0.0659384950995]
    },
    "chords_histogram": [33.6419754028, 8.33333301544, 0.411522626877, 11.728395462, 0, 8.02469158173, 2.67489719391, 3.80658435822, 0, 7.71604919434, 0.617283940315, 0, 0, 0, 0, 0, 0.411522626877, 0, 0, 0, 2.05761313438, 0, 13.8888893127, 6.68724298477],
    "thpcp": [1, 0.581967055798, 0.0847834348679, 0.0268930401653, 0.0247061122209, 0.0800175666809, 0.193211302161, 0.191117316484, 0.200048521161, 0.275318175554, 0.186317399144, 0.096807308495, 0.0791768878698, 0.0640419200063, 0.1885484308, 0.308722943068, 0.198192000389, 0.0851214975119, 0.105173453689, 0.134775325656, 0.3590067029, 0.712087988853, 0.606573224068, 0.371105819941, 0.29441896081, 0.135430634022, 0.0969235673547, 0.137836262584, 0.146228536963, 0.293133884668, 0.484146952629, 0.343744367361, 0.150977596641, 0.158235445619, 0.185611099005, 0.58768838644],
    "chords_key": "C#",
    "chords_scale": "minor",
    "key_key": "C#",
    "key_scale": "minor"
}
}