{
"lowlevel": {
    "average_loudness": 0.977376937866,
    "barkbands_crest": {
        "mean": 11.1610174179,
        "var": 14.9485588074
    },
    "barkbands_flatness_db": {
        "mean": 0.159458756447,
        "var": 0.00265321251936
    },
    "barkbands_kurtosis": {
        "mean": 7.32569313049,
        "var": 185.51701355
    },
    "barkbands_skewness": {
        "mean": 2.15728831291,
        "var": 1.62082052231
    },
    "barkbands_spread": {
        "mean": 18.2084655762,
        "var": 86.3704376221
    },
    "dissonance": {
        "mean": 0.465877324343,
        "var": 0.000471580482554
    },
    "dynamic_complexity": 2.00869083405,
    "erbbands_crest": {
        "mean": 7.78035116196,
        "var": 12.5322322845
    },
    "erbbands_flatness_db": {
        "mean": 0.150149345398,
        "var": 0.00166956114117
    },
    "erbbands_kurtosis": {
        "mean": 0.0646286085248,
        "var": 2.43924713135
    },
    "erbbands_skewness": {
        "mean": 0.180441632867,
        "var": 0.353061884642
    },
    "erbbands_spread": {
        "mean": 44.1483879089,
        "var": 325.40222168
    },
    "hfc": {
        "mean": 21.8605613708,
        "var": 176.404251099
    },
    "melbands_crest": {
        "mean": 16.2118244171,
        "var": 21.245464325
    },
    "melbands_flatness_db": {
        "mean": 0.234246581793,
        "var": 0.00396094843745
    },
    "melbands_kurtosis": {
        "mean": 21.8080501556,
        "var": 759.04296875
    },
    "melbands_skewness": {
        "mean": 3.54983067513,
        "var": 2.80355143547
    },
    "melbands_spread": {
        "mean": 15.5591306686,
        "var": 89.0120391846
    },
    "pitch_salience": {
        "mean": 0.529116809368,
        "var": 0.010267727077
    },
    "silence_rate_20dB": {
        "mean": 1,
        "var": 0
    },
    "silence_rate_30dB": {
        "mean": 0.991761088371,
        "var": 0.0081709716469
    },
    "silence_rate_60dB": {
        "mean": 0.0175077244639,
        "var": 0.0172003339976
    },
    "spectral_centroid": {
        "mean": 1057.47363281,
        "var": 175960.0625
    },
    "spectral_complexity": {
        "mean": 21.1266727448,
        "var": 74.8292007446
    },
    "spectral_decrease": {
        "mean": -1.19890284367e-008,
        "var": 4.41580907065e-017
    },
    "spectral_energy": {
        "mean": 0.0472322814167,
        "var": 0.000662390142679
    },
    "spectral_energyband_high": {
        "mean": 0.000676069641486,
        "var": 7.60388445542e-007
    },
    "spectral_energyband_low": {
        "mean": 0.0245780553669,
        "var": 0.000413064088207
    },
    "spectral_energyband_middle_high": {
        "mean": 0.00651942007244,
        "var": 3.80736528314e-005
    },
    "spectral_energyband_middle_low": {
        "mean": 0.0204106401652,
        "var": 0.00023314684222
    },
    "spectral_entropy": {
        "mean": 7.52839231491,
        "var": 0.138726755977
    },
    "spectral_flux": {
        "mean": 0.103035584092,
        "var": 0.0027330503799
    },
    "spectral_kurtosis": {
        "mean": 4.2465929985,
        "var": 11.4216947556
    },
    "spectral_rms": {
        "mean": 0.00649088108912,
        "var": 3.94880498789e-006
    },
    "spectral_rolloff": {
        "mean": 797.979980469,
        "var": 594772.5
    },
    "spectral_skewness": {
        "mean": 1.47915625572,
        "var": 0.201819479465
    },
    "spectral_spread": {
        "mean": 4474632,
        "var": 3.55796569293e+012
    },
    "spectral_strongpeak": {
        "mean": 0.699400305748,
        "var": 0.436421781778
    },
    "zerocrossingrate": {
        "mean": 0.0419348627329,
        "var": 0.000526290154085
    },
    "barkbands": {
        "mean": [0.000347155408235, 0.0147765604779, 0.00482716131955, 0.00991005450487, 0.00558055471629, 0.000730858533643, 0.000976180192083, 0.000603230204433, 0.00201595295221, 0.00112001982052, 0.00155311776325, 0.000708867039066, 0.000680954719428, 0.000462842755951, 0.000566852570046, 0.000485039898194, 0.000541517685633, 0.000234539314988, 0.000323665502947, 0.000240282941377, 0.000139560288517, 0.000126979808556, 9.89303880488e-005, 8.89761504368e-005, 7.15750793461e-005, 2.0363024305e-005, 4.52639000059e-007],
        "var": [5.02695911564e-007, 0.000333868578309, 2.41374691541e-005, 0.000102155041532, 4.3548981921e-005, 7.606820418e-007, 1.53536700509e-006, 8.11956169855e-007, 9.93909452518e-006, 7.6468959378e-006, 6.84809083396e-006, 2.56610405813e-006, 1.21284597299e-006, 5.31656553449e-007, 7.14779730515e-007, 2.030960502e-007, 3.21873841358e-007, 5.34906199334e-008, 9.88547768088e-008, 1.18199409371e-007, 2.76121259191e-008, 3.3923942766e-008, 2.28278409509e-008, 3.33776952743e-008, 3.97111961092e-008, 5.40137445881e-009, 3.98000079074e-012]
    },
    "erbbands": {
        "mean": [0.333825945854, 3.53765964508, 6.68348741531, 20.0940570831, 29.3707790375, 16.4354057312, 6.65130233765, 6.14031553268, 5.76819610596, 25.4544086456, 14.4551439285, 40.7579612732, 52.2363510132, 43.2562522888, 50.6511116028, 29.5376758575, 34.2985610962, 21.6845283508, 26.8897724152, 32.2037849426, 28.4646854401, 27.0104541779, 16.507604599, 14.3414058685, 15.0644769669, 12.237657547, 7.11686706543, 4.80594825745, 4.48743724823, 3.35241532326, 2.99170637131, 1.94859838486, 1.45305049419, 0.944481492043, 0.431284785271, 0.132998377085, 0.0290829911828, 0.00312936026603, 9.99048133963e-005, 5.77779974265e-005],
        "var": [0.380150079727, 15.3922662735, 27.4366016388, 384.651123047, 1271.63928223, 223.477767944, 38.9884147644, 66.9768295288, 52.9010467529, 1070.83837891, 457.511260986, 4884.93798828, 8887.14648438, 6754.60449219, 10943.4833984, 3251.15136719, 2842.63745117, 1171.96264648, 1589.24291992, 1668.50622559, 632.481628418, 770.364135742, 267.866241455, 176.947631836, 247.523376465, 348.13067627, 79.6408996582, 41.1709594727, 40.4816246033, 22.5249977112, 25.5103969574, 12.1528511047, 10.9512348175, 6.70324087143, 1.45932102203, 0.166036427021, 0.0134766669944, 0.0002234383428, 1.07645313108e-007, 1.10469622339e-009]
    },
    "gfcc": {
        "mean": [15.7657117844, 115.986602783, -116.736488342, 47.6624336243, -47.7988510132, 25.150182724, -30.0026321411, 11.5264673233, -24.6035575867, -9.92305088043, -20.4762592316, -11.2678127289, -7.42433547974],
        "cov": [[4984.38720703, -932.282592773, -595.890441895, -48.4577026367, -96.0376968384, 350.596221924, -274.231567383, 151.355804443, -310.072998047, 44.9023513794, -233.504455566, 59.1086235046, -166.393997192], [-932.282592773, 1038.90905762, -369.279571533, 15.1388874054, 352.036682129, -280.449401855, 219.690979004, -112.162391663, 118.483711243, -221.057495117, 148.993377686, -93.1302185059, 135.261428833], [-595.890441895, -369.279571533, 826.808837891, 41.1629867554, -234.034637451, 113.498588562, -111.27230835, 110.814170837, 84.5795669556, 223.513702393, -31.4166946411, 62.3966712952, -46.564250946], [-48.4577026367, 15.1388874054, 41.1629867554, 190.439910889, 48.2990074158, -24.8691387177, 20.230966568, -28.2641239166, 18.0604286194, -11.6788721085, 21.1730232239, -1.1986836195, 16.2777042389], [-96.0376968384, 352.036682129, -234.034637451, 48.2990074158, 364.954162598, -76.7047958374, 116.670684814, -25.7931499481, 5.7885966301, -104.488166809, 50.6056938171, -8.146692276, 64.8448410034], [350.596221924, -280.449401855, 113.498588562, -24.8691387177, -76.7047958374, 179.021865845, -41.7338523865, 64.7620391846, -23.544260025, 62.1606254578, -25.7967643738, 22.4812660217, -22.7054252625], [-274.231567383, 219.690979004, -111.27230835, 20.230966568, 116.670684814, -41.7338523865, 176.19418335, -31.9886360168, 7.44837188721, -61.1957778931, 27.2957172394, 7.90176677704, 38.6747894287], [151.355804443, -112.162391663, 110.814170837, -28.2641239166, -25.7931499481, 64.7620391846, -31.9886360168, 123.038047791, 36.5412788391, 57.5091819763, -5.28986501694, 9.57773113251, -0.485167533159], [-310.072998047, 118.483711243, 84.5795669556, 18.0604286194, 5.7885966301, -23.544260025, 7.44837188721, 36.5412788391, 115.422782898, 35.3924827576, 30.3270015717, -20.4367961884, 15.7882471085], [44.9023513794, -221.057495117, 223.513702393, -11.6788721085, -104.488166809, 62.1606254578, -61.1957778931, 57.5091819763, 35.3924827576, 144.805160522, -10.4938716888, 28.7126808167, -36.541633606], [-233.504455566, 148.993377686, -31.4166946411, 21.1730232239, 50.6056938171, -25.7967643738, 27.2957172394, -5.28986501694, 30.3270015717, -10.4938716888, 74.6170120239, 1.23992788792, 30.6028881073], [59.1086235046, -93.1302185059, 62.3966712952, -1.1986836195, -8.146692276, 22.4812660217, 7.90176677704, 9.57773113251, -20.4367961884, 28.7126808167, 1.23992788792, 73.3112945557, 4.74343729019], [-166.393997192, 135.261428833, -46.564250946, 16.2777042389, 64.8448410034, -22.7054252625, 38.6747894287, -0.485167533159, 15.7882471085, -36.541633606, 30.6028881073, 4.74343729019, 64.2634658813]],
        "icov": [[0.000624203705229, -0.000779405236244, 0.00114116806071, -0.0011077550007, 0.000197967237909, -0.00128376297653, 0.00113636383321, -0.00142825313378, 0.00133177416865, -0.001114135026, 0.00205124937929, -0.00130609504413, 0.00117503746878], [-0.000779405236244, 0.00909541174769, -0.00230532721616, 0.00531246187165, -0.00305787217803, 0.00727353198454, -0.00472207274288, 0.00469512026757, -0.00773081276566, 0.00736618088558, -0.0102350469679, 0.00702654663473, -0.00520214671269], [0.00114116806071, -0.00230532721616, 0.00471818074584, -0.00343710603192, 0.00149272044655, -0.00320167490281, 0.00267455563881, -0.00338452449068, 0.00171621760819, -0.00510831410065, 0.00556536158547, -0.00437440210953, 0.00217001861893], [-0.0011077550007, 0.00531246187165, -0.00343710603192, 0.0101175792515, -0.00271887448616, 0.00482536340132, -0.00348610291258, 0.00611979234964, -0.00605755811557, 0.00538327405229, -0.00822237785906, 0.00515539059415, -0.00442624371499], [0.000197967237909, -0.00305787217803, 0.00149272044655, -0.00271887448616, 0.005776994396, -0.0015600688057, -0.000149481827975, -0.00290598301217, 0.00259668985382, -0.0012074529659, 0.00225039594807, -0.00269780028611, 0.000209557270864], [-0.00128376297653, 0.00727353198454, -0.00320167490281, 0.00482536340132, -0.0015600688057, 0.0156166525558, -0.00505076209083, 0.000290175026748, -0.00278748944402, 0.00415076222271, -0.00923940353096, 0.00670600915328, -0.00509180501103], [0.00113636383321, -0.00472207274288, 0.00267455563881, -0.00348610291258, -0.000149481827975, -0.00505076209083, 0.0118512744084, -0.00209979922511, 0.00259996927343, -0.00213567819446, 0.00675363466144, -0.0074272705242, 0.00239937193692], [-0.00142825313378, 0.00469512026757, -0.00338452449068, 0.00611979234964, -0.00290598301217, 0.000290175026748, -0.00209979922511, 0.0186829119921, -0.0102353096008, 0.00228659040295, -0.00556312967092, 0.00426805857569, -0.00699432194233], [0.00133177416865, -0.00773081276566, 0.00171621760819, -0.00605755811557, 0.00259668985382, -0.00278748944402, 0.00259996927343, -0.0102353096008, 0.0249138064682, -0.0128198461607, 0.00517148431391, 0.00154289486818, 0.00126387376804], [-0.001114135026, 0.00736618088558, -0.00510831410065, 0.00538327405229, -0.0012074529659, 0.00415076222271, -0.00213567819446, 0.00228659040295, -0.0128198461607, 0.0257012434304, -0.0113824894652, -0.000473976280773, 0.00375274126418], [0.00205124937929, -0.0102350469679, 0.00556536158547, -0.00822237785906, 0.00225039594807, -0.00923940353096, 0.00675363466144, -0.00556312967092, 0.00517148431391, -0.0113824894652, 0.0336804948747, -0.0111386282369, 0.000367813714547], [-0.00130609504413, 0.00702654663473, -0.00437440210953, 0.00515539059415, -0.00269780028611, 0.00670600915328, -0.0074272705242, 0.00426805857569, 0.00154289486818, -0.000473976280773, -0.0111386282369, 0.0267891790718, -0.0103746941313], [0.00117503746878, -0.00520214671269, 0.00217001861893, -0.00442624371499, 0.000209557270864, -0.00509180501103, 0.00239937193692, -0.00699432194233, 0.00126387376804, 0.00375274126418, 0.000367813714547, -0.0103746941313, 0.0311531126499]]
    },
    "melbands": {
        "mean": [0.00360830477439, 0.00405516615137, 0.00394615950063, 0.00163592642639, 0.000309721130179, 0.000134866771987, 0.000114623129775, 0.000249410339165, 0.000129248204757, 0.00028097484028, 0.000255581224337, 0.000159479779541, 0.000197431480046, 7.96847962192e-005, 9.34353156481e-005, 5.45208349649e-005, 3.9479091356e-005, 4.29551255365e-005, 4.36786358478e-005, 3.57302014891e-005, 3.41721606674e-005, 2.93398661597e-005, 2.11242258956e-005, 1.05514627649e-005, 1.15253315016e-005, 1.24377565953e-005, 9.02657484403e-006, 8.0753252405e-006, 4.35145466327e-006, 3.47522291122e-006, 2.6290185815e-006, 2.62532512352e-006, 2.27045347856e-006, 1.67770929238e-006, 1.81341113148e-006, 1.36281039431e-006, 1.12271015951e-006, 1.02004025848e-006, 9.14127554097e-007, 7.5855518844e-007],
        "var": [2.78617972072e-005, 9.93226603896e-006, 1.31276419779e-005, 3.13514851769e-006, 7.24709821043e-008, 3.03950358216e-008, 1.91451370313e-008, 1.00632675526e-007, 4.35675033827e-008, 2.51333233336e-007, 2.29324001566e-007, 1.1520248222e-007, 1.3390121012e-007, 4.55699868951e-008, 1.82079116229e-008, 1.00481480914e-008, 4.61510163419e-009, 4.85817164275e-009, 4.1702277187e-009, 1.52478452087e-009, 1.09706266294e-009, 1.00755348509e-009, 6.11694084274e-010, 1.1466969041e-010, 1.27869340116e-010, 1.6824144855e-010, 1.27903715397e-010, 2.24437898821e-010, 3.18912639352e-011, 1.68206022028e-011, 1.76647672184e-011, 1.64924584406e-011, 1.06172987069e-011, 5.88405843147e-012, 9.71384951642e-012, 4.62995917647e-012, 5.24117468176e-012, 5.43645640658e-012, 6.45347534092e-012, 4.28544873199e-012]
    },
    "mfcc": {
        "mean": [-622.08013916, 133.468551636, 1.50783014297, 30.0435352325, 12.6723842621, 12.6885328293, 9.33347129822, 13.1071853638, 7.21083116531, 5.51707744598, -5.06354522705, -4.55409765244, -3.02190995216],
        "cov": [[4503.95751953, -755.053588867, -686.870544434, -306.53805542, 22.2918338776, 42.0839538574, 68.9094390869, 49.5143623352, -54.7249298096, -42.5798988342, -100.102775574, -70.2159347534, -78.7152404785], [-755.053588867, 849.8359375, -419.018463135, 189.217987061, 64.3028106689, -49.1517066956, 58.0015602112, 73.5865631104, 14.4649543762, -23.2129173279, -23.4805335999, -2.8894302845, -2.94110751152], [-686.870544434, -419.018463135, 964.136230469, -139.172973633, -46.5450439453, -25.7705802917, -142.322631836, -112.323120117, 45.7414360046, 85.0716400146, 115.617485046, 51.4511146545, 61.7132949829], [-306.53805542, 189.217987061, -139.172973633, 294.102416992, 50.3519096375, 36.5814552307, 24.3475914001, 25.3447208405, -5.27308511734, -24.130115509, -15.741481781, 5.12260913849, 0.92740803957], [22.2918338776, 64.3028106689, -46.5450439453, 50.3519096375, 181.765792847, -8.02980995178, 10.7929668427, 9.68236923218, 13.158241272, 27.1795463562, 11.727686882, -2.8221848011, 12.3038625717], [42.0839538574, -49.1517066956, -25.7705802917, 36.5814552307, -8.02980995178, 100.834487915, 37.299079895, 11.4260702133, -9.20226860046, -13.8011436462, -2.09883475304, -4.03142786026, -10.8871736526], [68.9094390869, 58.0015602112, -142.322631836, 24.3475914001, 10.7929668427, 37.299079895, 112.741493225, 52.857749939, 1.80099868774, -26.6684017181, -24.1921806335, -4.9227643013, -13.7359266281], [49.5143623352, 73.5865631104, -112.323120117, 25.3447208405, 9.68236923218, 11.4260702133, 52.857749939, 83.536277771, 19.6033191681, -14.7602453232, -20.5183296204, -3.95559740067, -3.41922450066], [-54.7249298096, 14.4649543762, 45.7414360046, -5.27308511734, 13.158241272, -9.20226860046, 1.80099868774, 19.6033191681, 66.6047592163, 29.3680934906, 14.4369134903, 3.96102309227, 8.83575057983], [-42.5798988342, -23.2129173279, 85.0716400146, -24.130115509, 27.1795463562, -13.8011436462, -26.6684017181, -14.7602453232, 29.3680934906, 81.7291259766, 37.1819114685, 2.37892150879, 12.4627447128], [-100.102775574, -23.4805335999, 115.617485046, -15.741481781, 11.727686882, -2.09883475304, -24.1921806335, -20.5183296204, 14.4369134903, 37.1819114685, 73.9616470337, 23.1778907776, 13.2132577896], [-70.2159347534, -2.8894302845, 51.4511146545, 5.12260913849, -2.8221848011, -4.03142786026, -4.9227643013, -3.95559740067, 3.96102309227, 2.37892150879, 23.1778907776, 54.9924964905, 22.6754245758], [-78.7152404785, -2.94110751152, 61.7132949829, 0.92740803957, 12.3038625717, -10.8871736526, -13.7359266281, -3.41922450066, 8.83575057983, 12.4627447128, 13.2132577896, 22.6754245758, 54.670124054]],
        "icov": [[0.000474820670206, 0.000713851302862, 0.000724246376194, 0.000396818504669, -0.000230452336837, 0.000101781421108, 0.000242053516558, -0.000187179321074, -0.000122198733152, 3.31278861267e-005, -0.000103260899778, -4.73274558317e-005, 7.58058522479e-005], [0.000713851302862, 0.00300653418526, 0.00185781368054, -0.000468907295726, -0.000330246024532, 0.00177525938489, 6.67112472001e-005, -0.000760296185035, -0.000682598038111, 0.000235026411247, -0.00113139033783, 3.17842423101e-005, -0.000185567841982], [0.000724246376194, 0.00185781368054, 0.00319178076461, 0.000725221063476, 4.07288862334e-005, 0.00019922782667, 0.00145337393042, 0.000937716569752, -0.00170526094735, 0.000137696071761, -0.00193315348588, -0.000418241048465, -0.00113332062028], [0.000396818504669, -0.000468907295726, 0.000725221063476, 0.00508839823306, -0.0014719334431, -0.00253086024895, 0.00129200273659, -0.000347652385244, -0.000185940050869, 0.00103838799987, 0.000714534136932, -0.00111324805766, -0.000146327409311], [-0.000230452336837, -0.000330246024532, 4.07288862334e-005, -0.0014719334431, 0.00676125707105, 0.00100680848118, -0.0013406353537, 0.000136672417284, 1.07381720227e-005, -0.00243688188493, -0.00114117912017, 0.00141681195237, -0.0017780904891], [0.000101781421108, 0.00177525938489, 0.00019922782667, -0.00253086024895, 0.00100680848118, 0.014029734768, -0.00514191715047, -0.000217590466491, 0.00148106960114, 0.000480562972371, -0.00284454901703, 0.0015242586378, 0.00102827092633], [0.000242053516558, 6.67112472001e-005, 0.00145337393042, 0.00129200273659, -0.0013406353537, -0.00514191715047, 0.0164166539907, -0.0073593580164, -0.000754660810344, 0.0021855304949, 0.00107211526483, -0.00190113589633, 0.00178489997052], [-0.000187179321074, -0.000760296185035, 0.000937716569752, -0.000347652385244, 0.000136672417284, -0.000217590466491, -0.0073593580164, 0.0215620677918, -0.00807966664433, 0.00211090990342, 0.00234077614732, -5.35361432412e-005, -0.00165653321892], [-0.000122198733152, -0.000682598038111, -0.00170526094735, -0.000185940050869, 1.07381720227e-005, 0.00148106960114, -0.000754660810344, -0.00807966664433, 0.0224026385695, -0.00768725853413, -0.000652580987662, 4.72383981105e-005, -0.000417131202994], [3.31278861267e-005, 0.000235026411247, 0.000137696071761, 0.00103838799987, -0.00243688188493, 0.000480562972371, 0.0021855304949, 0.00211090990342, -0.00768725853413, 0.0211618375033, -0.00820848625153, 0.0040332917124, -0.00205809692852], [-0.000103260899778, -0.00113139033783, -0.00193315348588, 0.000714534136932, -0.00114117912017, -0.00284454901703, 0.00107211526483, 0.00234077614732, -0.000652580987662, -0.00820848625153, 0.0240132287145, -0.00898084789515, 0.00196455884725], [-4.73274558317e-005, 3.17842423101e-005, -0.000418241048465, -0.00111324805766, 0.00141681195237, 0.0015242586378, -0.00190113589633, -5.35361432412e-005, 4.72383981105e-005, 0.0040332917124, -0.00898084789515, 0.0262433663011, -0.00971315149218], [7.58058522479e-005, -0.000185567841982, -0.00113332062028, -0.000146327409311, -0.0017780904891, 0.00102827092633, 0.00178489997052, -0.00165653321892, -0.000417131202994, -0.00205809692852, 0.00196455884725, -0.00971315149218, 0.0247127730399]]
    },
    "spectral_contrast_coeffs": {
        "mean": [-0.607531487942, -0.732508897781, -0.723320424557, -0.766457617283, -0.785744607449, -0.760780990124],
        "var": [0.00554776703939, 0.00441033765674, 0.00499761849642, 0.00341780437157, 0.00220743636601, 0.00163473177236]
    },
    "spectral_contrast_valleys": {
        "mean": [-6.59324216843, -6.87293577194, -7.21298122406, -7.4980711937, -7.37821388245, -10.1356992722],
        "var": [0.560844659805, 0.581655740738, 0.794701635838, 0.790679752827, 0.767072319984, 1.20168554783]
    }
},
"metadata": {
    "audio_properties": {
        "analysis_sample_rate": 44100,
        "bit_rate": 128074,
        "equal_loudness": 0,
        "length": 45.0612258911,
        "lossless": 0,
        "replay_gain": -6.39187812805,
        "sample_rate": 44100,
        "codec": "mp3",
        "downmix": "mix",
        "md5_encoded": "925fc62ec83ae36130f6afb7d34909e3"
    },
    "tags": {
        "file_name": "1991.mp3"
    },
    "version": {
        "essentia": "2.1-beta2",
        "essentia_git_sha": "v2.1_beta2",
        "extractor": "music 1.0"
    }
},
"rhythm": {
    "beats_count": 93,
    "beats_loudness": {
        "mean": 0.0608167760074,
        "var": 0.000423844787292
    },
    "bpm": 125.706916809,
    "bpm_histogram_first_peak_bpm": {
        "mean": 126,
        "var": 0
    },
    "bpm_histogram_first_peak_spread": {
        "mean": 0.57954543829,
        "var": 0
    },
    "bpm_histogram_first_peak_weight": {
        "mean": 0.402173906565,
        "var": 0
    },
    "bpm_histogram_second_peak_bpm": {
        "mean": 117,
        "var": 0
    },
    "bpm_histogram_second_peak_spread": {
        "mean": 0.5,
        "var": 0
    },
    "bpm_histogram_second_peak_weight": {
        "mean": 0.0217391308397,
        "var": 0
    },
    "danceability": 1.24028778076,
    "onset_rate": 3.66003441811,
    "beats_loudness_band_ratio": {
        "mean": [0.716917574406, 0.107676580548, 0.0755862742662, 0.0744636952877, 0.0423030927777, 0.0287632420659],
        "var": [0.0271068289876, 0.00731990113854, 0.00489020487294, 0.00868480559438, 0.00116157147568, 0.000742856878787]
    },
    "beats_position": [0.487619042397, 0.99845802784, 1.50929701328, 2.00852608681, 2.49614500999, 2.97215414047, 3.45977306366, 3.94739222527, 4.43501138687, 4.92263031006, 5.41024923325, 5.89786815643, 6.3622674942, 6.84988641739, 7.33750534058, 7.8251247406, 8.28952407837, 8.75392246246, 9.22993183136, 9.70594120026, 10.1703395844, 10.6463489532, 11.1223583221, 11.6099767685, 12.0859861374, 12.5619955063, 13.0263938904, 13.5024032593, 13.9784126282, 14.4544210434, 14.9420404434, 15.4180498123, 15.9056682587, 16.3816776276, 16.8809070587, 17.3685264587, 17.8445339203, 18.3321533203, 18.8081626892, 19.2957820892, 19.760181427, 20.2245807648, 20.7121982574, 21.1882076263, 21.6642169952, 22.128616333, 22.5930156708, 23.0574150085, 23.5334243774, 24.009431839, 24.497051239, 24.984670639, 25.4606800079, 25.9366893768, 26.4126987457, 26.8887062073, 27.353105545, 27.8291149139, 28.316734314, 28.804353714, 29.2803630829, 29.7679805756, 30.2555999756, 30.7432193756, 31.2076187134, 31.6952381134, 32.1828575134, 32.6588668823, 33.1348762512, 33.5992736816, 34.0868911743, 34.5629005432, 35.0389099121, 35.5033111572, 35.9677085876, 36.4321098328, 36.908115387, 37.3841247559, 37.8601341248, 38.3361434937, 38.8005447388, 39.2881622314, 39.7757797241, 40.2401809692, 40.7161903381, 41.192199707, 41.6565971375, 42.1209983826, 42.6086158752, 43.0846252441, 43.560634613, 44.0482521057, 44.5242614746]
},
"tonal": {
    "chords_changes_rate": 0.0967078208923,
    "chords_number_rate": 0.00925925932825,
    "chords_strength": {
        "mean": 0.401422709227,
        "var": 0.00445414660498
    },
    "hpcp_entropy": {
        "mean": 2.02895951271,
        "var": 0.423433572054
    },
    "key_strength": 0.596865773201,
    "tuning_diatonic_strength": 0.476516515017,
    "tuning_equal_tempered_deviation": 0.0900475531816,
    "tuning_frequency": 444.598632813,
    "tuning_nontempered_energy_ratio": 0.723769366741,
    "hpcp": {
        "mean": [0.125776574016, 0.068982668221, 0.0627610981464, 0.0797473713756, 0.0786646381021, 0.126398637891, 0.139889270067, 0.0747592225671, 0.0530276745558, 0.0542507059872, 0.0371020250022, 0.0281190797687, 0.033429518342, 0.0485147461295, 0.123681977391, 0.176976636052, 0.115652412176, 0.0742367580533, 0.0779634863138, 0.110742650926, 0.336582511663, 0.42154827714, 0.233752012253, 0.120404876769, 0.0834190994501, 0.0900088995695, 0.113687954843, 0.104889944196, 0.0875200629234, 0.115031912923, 0.123225174844, 0.0761256888509, 0.0508878417313, 0.0565067157149, 0.0870012044907, 0.136780157685],
        "var": [0.0555372424424, 0.0227405354381, 0.0196900479496, 0.0243667140603, 0.023196907714, 0.0309011992067, 0.031138530001, 0.0197827406228, 0.020598674193, 0.0220663454384, 0.00904577225447, 0.00791627075523, 0.0116831846535, 0.015368017368, 0.0570787414908, 0.115389324725, 0.0520423538983, 0.025643216446, 0.0289412904531, 0.0293324030936, 0.13080856204, 0.181506291032, 0.0693901181221, 0.0524916984141, 0.031911354512, 0.0415723957121, 0.0530767850578, 0.0380206443369, 0.0354575589299, 0.0613389126956, 0.066390030086, 0.0317732691765, 0.0185394957662, 0.0234238617122, 0.0372426770627, 0.0722954422235]
    },
    "chords_histogram": [0.617283940315, 0.411522626877, 23.0452671051, 0, 0.308641970158, 0, 0, 0, 0.411522626877, 28.1893005371, 0, 4.93827152252, 8.23045253754, 2.88065838814, 4.52674913406, 0, 0, 0, 9.67078208923, 11.3168725967, 4.73251008987, 0.720164597034, 0, 0],
    "thpcp": [1, 0.554508268833, 0.285625368357, 0.197887420654, 0.213519796729, 0.269691437483, 0.248820722103, 0.207615748048, 0.272879570723, 0.29231569171, 0.180585935712, 0.120716519654, 0.134045660496, 0.206384912133, 0.32447090745, 0.298368126154, 0.16364119947, 0.148882344365, 0.189177319407, 0.186608850956, 0.299843788147, 0.331846386194, 0.17734439671, 0.125792652369, 0.128693938255, 0.0880137011409, 0.0667042955756, 0.0793017521501, 0.115087047219, 0.293399304152, 0.419825315475, 0.274351537228, 0.176104992628, 0.184945568442, 0.26270455122, 0.798443555832],
    "chords_key": "E",
    "chords_scale": "major",
    "key_key": "A",
    "key_scale": "minor"
}
}