{
"lowlevel": {
    "average_loudness": 0.97395658493,
    "barkbands_crest": {
        "mean": 9.76963424683,
        "var": 18.0355033875
    },
    "barkbands_flatness_db": {
        "mean": 0.0853734835982,
        "var": 0.000980570330285
    },
    "barkbands_kurtosis": {
        "mean": 0.380542010069,
        "var": 12.8310585022
    },
    "barkbands_skewness": {
        "mean": 0.979377031326,
        "var": 0.789550125599
    },
    "barkbands_spread": {
        "mean": 44.3144073486,
        "var": 234.124908447
    },
    "dissonance": {
        "mean": 0.486374795437,
        "var": 9.87391467788e-005
    },
    "dynamic_complexity": 1.44805586338,
    "erbbands_crest": {
        "mean": 6.47840452194,
        "var": 7.36338281631
    },
    "erbbands_flatness_db": {
        "mean": 0.121548444033,
        "var": 0.000719832605682
    },
    "erbbands_kurtosis": {
        "mean": 0.298150062561,
        "var": 2.6243083477
    },
    "erbbands_skewness": {
        "mean": -0.66985720396,
        "var": 0.346861153841
    },
    "erbbands_spread": {
        "mean": 45.6646766663,
        "var": 220.697387695
    },
    "hfc": {
        "mean": 39.8374824524,
        "var": 627.031616211
    },
    "melbands_crest": {
        "mean": 15.639673233,
        "var": 25.6543731689
    },
    "melbands_flatness_db": {
        "mean": 0.144987821579,
        "var": 0.00219604279846
    },
    "melbands_kurtosis": {
        "mean": 10.3418664932,
        "var": 202.03465271
    },
    "melbands_skewness": {
        "mean": 2.79840970039,
        "var": 2.1275062561
    },
    "melbands_spread": {
        "mean": 41.7930603027,
        "var": 505.693786621
    },
    "pitch_salience": {
        "mean": 0.544865906239,
        "var": 0.0130064729601
    },
    "silence_rate_20dB": {
        "mean": 1,
        "var": 0
    },
    "silence_rate_30dB": {
        "mean": 1,
        "var": 0
    },
    "silence_rate_60dB": {
        "mean": 0.00257466523908,
        "var": 0.00256805913523
    },
    "spectral_centroid": {
        "mean": 2404.7578125,
        "var": 258346.078125
    },
    "spectral_complexity": {
        "mean": 34.8789901733,
        "var": 74.7688751221
    },
    "spectral_decrease": {
        "mean": -7.86917020434e-009,
        "var": 2.31565109668e-017
    },
    "spectral_energy": {
        "mean": 0.0333134867251,
        "var": 0.000346626504324
    },
    "spectral_energyband_high": {
        "mean": 0.003195166355,
        "var": 8.19200431579e-006
    },
    "spectral_energyband_low": {
        "mean": 0.016367148608,
        "var": 0.000299073464703
    },
    "spectral_energyband_middle_high": {
        "mean": 0.00722278468311,
        "var": 2.60875185631e-005
    },
    "spectral_energyband_middle_low": {
        "mean": 0.00749405007809,
        "var": 4.31186927017e-005
    },
    "spectral_entropy": {
        "mean": 8.04496669769,
        "var": 0.0430250354111
    },
    "spectral_flux": {
        "mean": 0.115917786956,
        "var": 0.00204056617804
    },
    "spectral_kurtosis": {
        "mean": 2.61197257042,
        "var": 1.58118200302
    },
    "spectral_rms": {
        "mean": 0.00551133183762,
        "var": 2.12623558582e-006
    },
    "spectral_rolloff": {
        "mean": 2997.57397461,
        "var": 3963097.75
    },
    "spectral_skewness": {
        "mean": 1.00806701183,
        "var": 0.0795381218195
    },
    "spectral_spread": {
        "mean": 4826557.5,
        "var": 2.67571586662e+012
    },
    "spectral_strongpeak": {
        "mean": 0.549014389515,
        "var": 0.49131911993
    },
    "zerocrossingrate": {
        "mean": 0.0965562313795,
        "var": 0.00184468878433
    },
    "barkbands": {
        "mean": [0.000519834924489, 0.00928938388824, 0.00574716646224, 0.0014593868982, 0.00236983620562, 0.00106521835551, 0.000709572108462, 0.00069470400922, 0.000953811628278, 0.000809679448139, 0.000454040622571, 0.000546131341252, 0.000532122852746, 0.000638234429061, 0.000699276453815, 0.000725214078557, 0.000691744382493, 0.000950832560193, 0.000879502855241, 0.000856345926877, 0.000911627430469, 0.000633856339846, 0.000381111894967, 0.000386912317481, 0.000253250473179, 0.000141874188557, 1.28109595607e-005],
        "var": [8.94624406556e-007, 0.000234814957366, 2.81623451883e-005, 3.77372884941e-006, 1.86112029041e-005, 2.37645440393e-006, 1.47294883845e-006, 2.23696406465e-006, 3.00594160763e-006, 4.29403053204e-006, 9.82941514849e-007, 1.18549553463e-006, 8.02846216175e-007, 1.46228762787e-006, 6.93018876063e-007, 6.3498629288e-007, 3.66779630667e-007, 8.54312645515e-007, 7.36501078791e-007, 5.66451490158e-007, 1.031817078e-006, 3.0573178833e-007, 3.97642850203e-007, 7.96545236881e-007, 3.18764676877e-007, 1.20272403592e-007, 1.19329079951e-009]
    },
    "erbbands": {
        "mean": [0.295781373978, 2.00089502335, 5.71322488785, 6.71868562698, 6.74122810364, 7.6154999733, 7.26777982712, 9.36650085449, 9.66070556641, 12.7260408401, 17.041929245, 21.6659660339, 25.1889514923, 22.5906906128, 18.7126979828, 22.3318939209, 24.360906601, 28.8854732513, 38.406047821, 37.613067627, 40.8575935364, 40.0908432007, 48.8353729248, 49.32554245, 41.8682136536, 40.3100090027, 42.2889709473, 31.0759544373, 22.7710933685, 15.9849119186, 10.3545866013, 8.57804012299, 6.01448392868, 3.18429207802, 1.63927769661, 0.723948597908, 0.238010540605, 0.0468179993331, 0.00129561987706, 7.87216340541e-005],
        "var": [0.246102288365, 11.3070983887, 28.5672168732, 38.2097015381, 223.800720215, 186.398803711, 240.274078369, 184.327987671, 212.032196045, 534.615356445, 1261.2043457, 1652.70739746, 2990.9440918, 3142.44970703, 1208.09216309, 1495.61535645, 1315.56616211, 2527.78369141, 3085.49951172, 1903.61584473, 1546.04443359, 1142.07385254, 2007.70983887, 2619.04711914, 1309.09741211, 1325.26525879, 2073.15673828, 1079.09191895, 409.519470215, 316.624664307, 316.505462646, 308.512695313, 249.707885742, 50.8417816162, 15.4876489639, 3.56110072136, 0.346105515957, 0.011580071412, 1.30443368107e-005, 7.92597720789e-009]
    },
    "gfcc": {
        "mean": [58.7348632813, 53.4967155457, -115.988334656, 56.5816955566, -49.1613044739, 16.7157688141, -30.8632488251, 12.1959657669, -22.9948539734, 8.73303699493, -20.2635536194, 3.12308382988, -15.8083181381],
        "cov": [[1987.54077148, -337.673858643, 120.175201416, -158.917404175, -149.582092285, 152.350006104, -55.8992843628, 176.447998047, -24.5960998535, 33.6282806396, -77.8368225098, 36.9284515381, 7.00581693649], [-337.673858643, 552.695007324, -188.99458313, 140.905990601, 158.408340454, -64.4667510986, 116.640914917, -93.6803207397, 46.7814788818, 6.97912120819, 45.7073516846, -9.27535629272, -10.7519922256], [120.175201416, -188.99458313, 384.506835938, 18.2436962128, 4.96267700195, 76.2655792236, -44.8798446655, 64.0630874634, -12.3810710907, 25.0725479126, 14.4438829422, 18.6901493073, -1.68747580051], [-158.917404175, 140.905990601, 18.2436962128, 288.18560791, 79.1178665161, -3.90275549889, 62.3192825317, -96.4767532349, 34.2755432129, -19.550907135, 29.527545929, -16.7254047394, -20.9411640167], [-149.582092285, 158.408340454, 4.96267700195, 79.1178665161, 182.789093018, 40.3461074829, 63.6708106995, -12.0296211243, 11.3824338913, 12.3947715759, 29.960439682, 5.9106798172, -6.60753488541], [152.350006104, -64.4667510986, 76.2655792236, -3.90275549889, 40.3461074829, 175.930862427, 87.005279541, 29.2417106628, 14.1567144394, 17.7043457031, 13.7217988968, 11.3708496094, 5.98517608643], [-55.8992843628, 116.640914917, -44.8798446655, 62.3192825317, 63.6708106995, 87.005279541, 185.836990356, 13.2224807739, 48.3024291992, 3.10911226273, 12.234498024, 7.56306934357, 2.97268033028], [176.447998047, -93.6803207397, 64.0630874634, -96.4767532349, -12.0296211243, 29.2417106628, 13.2224807739, 188.454559326, 42.5051727295, 26.0875492096, -17.4050388336, 27.0456848145, 33.8644981384], [-24.5960998535, 46.7814788818, -12.3810710907, 34.2755432129, 11.3824338913, 14.1567144394, 48.3024291992, 42.5051727295, 100.869644165, 27.2221946716, 6.07794427872, 7.07540273666, 5.19995307922], [33.6282806396, 6.97912120819, 25.0725479126, -19.550907135, 12.3947715759, 17.7043457031, 3.10911226273, 26.0875492096, 27.2221946716, 74.9050292969, 27.725976944, 17.7878475189, 7.9258928299], [-77.8368225098, 45.7073516846, 14.4438829422, 29.527545929, 29.960439682, 13.7217988968, 12.234498024, -17.4050388336, 6.07794427872, 27.725976944, 79.5370254517, 27.4198551178, 5.77610254288], [36.9284515381, -9.27535629272, 18.6901493073, -16.7254047394, 5.9106798172, 11.3708496094, 7.56306934357, 27.0456848145, 7.07540273666, 17.7878475189, 27.4198551178, 65.6946258545, 33.3118896484], [7.00581693649, -10.7519922256, -1.68747580051, -20.9411640167, -6.60753488541, 5.98517608643, 2.97268033028, 33.8644981384, 5.19995307922, 7.9258928299, 5.77610254288, 33.3118896484, 76.7047958374]],
        "icov": [[0.000741983414628, -0.00012830576452, 0.000227642798563, -0.000392077694414, 0.000756900000852, -0.00119639211334, 0.000658600998577, -0.000826845294796, 0.000627856235951, -0.000518578162882, 0.000911389419343, -0.000810426368844, 0.000604636443313], [-0.00012830576452, 0.00465437630191, 0.00100610544905, 0.00014429508883, -0.00358149944805, 0.00358127593063, -0.00291073066182, 0.00182372005656, -0.00138179201167, -0.000571522221435, -0.00146570638753, 0.00106387201231, -0.000753569474909], [0.000227642798563, 0.00100610544905, 0.00447018351406, -0.00213416898623, -0.000194223321159, -0.00246053165756, 0.00228335266002, -0.00236739497632, 0.00149691023398, -0.00128212710842, -0.000147852988448, -0.00103746610694, 0.00126058107708], [-0.000392077694414, 0.00014429508883, -0.00213416898623, 0.00722505152225, -0.00254824827425, 0.00273655122146, -0.00270505598746, 0.00478982739151, -0.00447120051831, 0.00305609242059, -0.00210204720497, 0.00189026223961, -0.00113657931797], [0.000756900000852, -0.00358149944805, -0.000194223321159, -0.00254824827425, 0.0106519851834, -0.00457647489384, 0.00119439116679, -0.00301400502212, 0.00319933216088, -0.00139932171442, 0.000402303907322, -0.00169562583324, 0.00192171626259], [-0.00119639211334, 0.00358127593063, -0.00246053165756, 0.00273655122146, -0.00457647489384, 0.014394662343, -0.00899604801089, 0.00338981929235, -0.0015859103296, -0.000471952575026, -0.00294256326742, 0.00277074705809, -0.00218655029312], [0.000658600998577, -0.00291073066182, 0.00228335266002, -0.00270505598746, 0.00119439116679, -0.00899604801089, 0.013236313127, -0.0033031438943, -0.00148923473898, 0.00140818778891, 0.00162493810058, -0.00249986932613, 0.00151248881593], [-0.000826845294796, 0.00182372005656, -0.00236739497632, 0.00478982739151, -0.00301400502212, 0.00338981929235, -0.0033031438943, 0.0120083093643, -0.00651501724496, 0.000256871193415, 0.0012588405516, -0.000301210180623, -0.00365980318747], [0.000627856235951, -0.00138179201167, 0.00149691023398, -0.00447120051831, 0.00319933216088, -0.0015859103296, -0.00148923473898, -0.00651501724496, 0.0173804406077, -0.00659226020798, 0.00185691006482, -0.000989641877823, 0.00168748071883], [-0.000518578162882, -0.000571522221435, -0.00128212710842, 0.00305609242059, -0.00139932171442, -0.000471952575026, 0.00140818778891, 0.000256871193415, -0.00659226020798, 0.0201732348651, -0.00702673615888, -0.000293012999464, -0.000459516391857], [0.000911389419343, -0.00146570638753, -0.000147852988448, -0.00210204720497, 0.000402303907322, -0.00294256326742, 0.00162493810058, 0.0012588405516, 0.00185691006482, -0.00702673615888, 0.0209189821035, -0.00943845603615, 0.00190361507703], [-0.000810426368844, 0.00106387201231, -0.00103746610694, 0.00189026223961, -0.00169562583324, 0.00277074705809, -0.00249986932613, -0.000301210180623, -0.000989641877823, -0.000293012999464, -0.00943845603615, 0.0257870815694, -0.00980689749122], [0.000604636443313, -0.000753569474909, 0.00126058107708, -0.00113657931797, 0.00192171626259, -0.00218655029312, 0.00151248881593, -0.00365980318747, 0.00168748071883, -0.000459516391857, 0.00190361507703, -0.00980689749122, 0.0185356289148]]
    },
    "melbands": {
        "mean": [0.00262021459639, 0.00296139391139, 0.00119407975581, 0.000518145854585, 0.000280545034911, 0.000208173616556, 0.00015030184295, 0.00014152257063, 0.000143183977343, 0.000135518290335, 0.000126504019136, 9.43330524024e-005, 6.25873944955e-005, 6.12993826508e-005, 5.46333940292e-005, 5.35292419954e-005, 5.36840452696e-005, 6.36131881038e-005, 5.10818608745e-005, 4.82389841636e-005, 4.87093493575e-005, 4.19192765548e-005, 4.06923682021e-005, 4.53273351013e-005, 3.95238566853e-005, 3.23213207594e-005, 2.76456848951e-005, 2.61583336396e-005, 2.80324238702e-005, 2.12168797589e-005, 1.70212606463e-005, 1.36734433909e-005, 1.04683413156e-005, 8.03747661848e-006, 5.90192985328e-006, 5.5360578699e-006, 5.13422128279e-006, 4.51489995612e-006, 3.17916646964e-006, 2.5434676445e-006],
        "var": [1.85323515325e-005, 9.60458964983e-006, 1.17240870168e-006, 1.0308730225e-006, 2.92682273084e-007, 8.70924381502e-008, 5.11558084781e-008, 6.60952963472e-008, 8.42896596964e-008, 6.68101662882e-008, 8.15126668385e-008, 6.02230798563e-008, 1.54980313027e-008, 2.11890966995e-008, 6.84745726787e-009, 8.57144577537e-009, 1.03260280326e-008, 1.14896030468e-008, 3.90588050792e-009, 3.60664231813e-009, 2.38475617031e-009, 1.40574363261e-009, 2.12804751598e-009, 2.0606440998e-009, 2.08938466528e-009, 1.02107156064e-009, 8.15469247684e-010, 5.83303239043e-010, 7.89055099037e-010, 7.64948826504e-010, 3.0847679966e-010, 1.58741381151e-010, 1.00676564307e-010, 1.14531606421e-010, 1.12040141054e-010, 1.03818238728e-010, 1.38197855937e-010, 1.65961702714e-010, 6.16173848056e-011, 3.28944579908e-011]
    },
    "mfcc": {
        "mean": [-580.716186523, 79.1870346069, -3.26583218575, 40.9359664917, 6.47718572617, 13.716627121, 3.54745101929, 5.85988855362, 4.03516864777, 4.31817913055, 1.60429513454, 2.85904550552, -1.26434993744],
        "cov": [[1227.12841797, -182.265716553, 106.506828308, -201.297271729, -53.3749732971, -59.1402740479, -6.58352899551, 59.7136192322, 67.9120635986, 50.9009780884, 7.42981719971, -43.2436752319, -15.5324249268], [-182.265716553, 402.859985352, -184.966201782, 97.8589019775, 11.379532814, 38.7411766052, 28.7949562073, -4.24306964874, 3.94235038757, -11.4164590836, 42.0947380066, 15.8268527985, 22.6983509064], [106.506828308, -184.966201782, 331.592285156, -36.3104057312, 51.3859558105, -9.41412734985, 12.8663635254, 8.15853786469, 1.10143899918, 14.6097602844, -12.6675405502, 28.5956115723, 8.88755893707], [-201.297271729, 97.8589019775, -36.3104057312, 282.81072998, 28.8683948517, 86.1787643433, -10.5306901932, -2.41275525093, -28.2769889832, -21.7316932678, 7.19303750992, 26.2212352753, 10.7791604996], [-53.3749732971, 11.379532814, 51.3859558105, 28.8683948517, 138.378372192, 2.7535841465, 20.9035644531, -9.88745689392, -9.35022163391, -3.73019576073, 2.60957765579, 16.2305488586, 14.2294502258], [-59.1402740479, 38.7411766052, -9.41412734985, 86.1787643433, 2.7535841465, 230.084030151, 63.3632049561, 21.7500991821, -17.3879108429, -1.67343235016, 26.1112155914, 21.2417736053, 0.732724249363], [-6.58352899551, 28.7949562073, 12.8663635254, -10.5306901932, 20.9035644531, 63.3632049561, 120.450393677, 37.8748092651, 10.069732666, 6.81648874283, 9.45075035095, 10.7032299042, 7.61638593674], [59.7136192322, -4.24306964874, 8.15853786469, -2.41275525093, -9.88745689392, 21.7500991821, 37.8748092651, 111.043968201, 54.193359375, 30.5198612213, 19.0350875854, -4.92159795761, 7.72682094574], [67.9120635986, 3.94235038757, 1.10143899918, -28.2769889832, -9.35022163391, -17.3879108429, 10.069732666, 54.193359375, 110.64881897, 48.7136192322, 10.8423223495, -8.90514373779, 11.4803333282], [50.9009780884, -11.4164590836, 14.6097602844, -21.7316932678, -3.73019576073, -1.67343235016, 6.81648874283, 30.5198612213, 48.7136192322, 76.6249542236, 24.1733589172, 1.11327731609, 6.28973770142], [7.42981719971, 42.0947380066, -12.6675405502, 7.19303750992, 2.60957765579, 26.1112155914, 9.45075035095, 19.0350875854, 10.8423223495, 24.1733589172, 72.7250595093, 26.106464386, 10.6193647385], [-43.2436752319, 15.8268527985, 28.5956115723, 26.2212352753, 16.2305488586, 21.2417736053, 10.7032299042, -4.92159795761, -8.90514373779, 1.11327731609, 26.106464386, 66.3849411011, 28.25248909], [-15.5324249268, 22.6983509064, 8.88755893707, 10.7791604996, 14.2294502258, 0.732724249363, 7.61638593674, 7.72682094574, 11.4803333282, 6.28973770142, 10.6193647385, 28.25248909, 61.6212234497]],
        "icov": [[0.00101840274874, 0.000228685545153, -0.000235151761444, 0.000536103150807, 0.000236658073845, -2.42535734287e-005, 0.000151060157805, -0.000312980089802, -0.000222193018999, -5.68319665035e-005, -0.000407271960285, 0.000557310471777, -5.93205113546e-005], [0.000228685545153, 0.00427786586806, 0.00221622758545, -0.00106849765871, -0.000485146709252, 0.000328231224557, -0.00145642040297, 0.000916998134926, -0.000957037438639, 0.00089085806394, -0.00218642340042, 7.5440875662e-005, -0.00104812707286], [-0.000235151761444, 0.00221622758545, 0.00493166362867, 4.76879995404e-006, -0.00176625640597, 0.00010154073243, -0.000532634032425, -0.00027109743678, 4.24630379712e-005, -0.000675038958434, 0.000955029507168, -0.0027295507025, 6.66005362291e-005], [0.000536103150807, -0.00106849765871, 4.76879995404e-006, 0.00534269725904, -0.00105281744618, -0.00215741246939, 0.00248127174564, -0.00146726926323, 0.000697240117006, 0.000471637613373, 0.00116754381452, -0.00145458756015, 2.71800599876e-005], [0.000236658073845, -0.000485146709252, -0.00176625640597, -0.00105281744618, 0.00876216031611, 0.000871091033332, -0.00210297224112, 0.0013841096079, 0.00021267910779, 6.06148823863e-005, -0.000631843926385, 0.000319100101478, -0.00135328504257], [-2.42535734287e-005, 0.000328231224557, 0.00010154073243, -0.00215741246939, 0.000871091033332, 0.00645784009248, -0.00371225411072, -0.000207523509744, 0.0011120372219, -0.000152545137098, -0.00184146536049, -0.000432161818026, 0.000766519457102], [0.000151060157805, -0.00145642040297, -0.000532634032425, 0.00248127174564, -0.00210297224112, -0.00371225411072, 0.0126083260402, -0.00449063815176, 0.000537656247616, 3.4921347833e-005, 0.00193931732792, -0.00169948313851, 9.30414753384e-005], [-0.000312980089802, 0.000916998134926, -0.00027109743678, -0.00146726926323, 0.0013841096079, -0.000207523509744, -0.00449063815176, 0.014785897918, -0.00605626823381, -0.000433301669545, -0.00348094943911, 0.00294549507089, -0.00131509453058], [-0.000222193018999, -0.000957037438639, 4.24630379712e-005, 0.000697240117006, 0.00021267910779, 0.0011120372219, 0.000537656247616, -0.00605626823381, 0.0162707157433, -0.00811223313212, 0.00169985345565, 0.00151415343862, -0.00239139818586], [-5.68319665035e-005, 0.00089085806394, -0.000675038958434, 0.000471637613373, 6.06148823863e-005, -0.000152545137098, 3.4921347833e-005, -0.000433301669545, -0.00811223313212, 0.0209055002779, -0.00661849230528, 0.0011407189304, -0.000294699915685], [-0.000407271960285, -0.00218642340042, 0.000955029507168, 0.00116754381452, -0.000631843926385, -0.00184146536049, 0.00193931732792, -0.00348094943911, 0.00169985345565, -0.00661849230528, 0.0214784890413, -0.00924036465585, 0.00161932036281], [0.000557310471777, 7.5440875662e-005, -0.0027295507025, -0.00145458756015, 0.000319100101478, -0.000432161818026, -0.00169948313851, 0.00294549507089, 0.00151415343862, 0.0011407189304, -0.00924036465585, 0.0258357841522, -0.0101184835657], [-5.93205113546e-005, -0.00104812707286, 6.66005362291e-005, 2.71800599876e-005, -0.00135328504257, 0.000766519457102, 9.30414753384e-005, -0.00131509453058, -0.00239139818586, -0.000294699915685, 0.00161932036281, -0.0101184835657, 0.0218774620444]]
    },
    "spectral_contrast_coeffs": {
        "mean": [-0.655659675598, -0.763703167439, -0.794284701347, -0.794363021851, -0.791788995266, -0.714905023575],
        "var": [0.00586313987151, 0.00359920738265, 0.00366865796968, 0.00177356449421, 0.000944681873079, 0.00250797253102]
    },
    "spectral_contrast_valleys": {
        "mean": [-6.89254188538, -6.62791252136, -7.05579423904, -7.00806283951, -6.43578624725, -9.25058269501],
        "var": [0.558919370174, 0.440052777529, 0.427851855755, 0.357947349548, 0.326342850924, 0.666802346706]
    }
},
"metadata": {
    "audio_properties": {
        "analysis_sample_rate": 44100,
        "bit_rate": 128074,
        "equal_loudness": 0,
        "length": 45.0612258911,
        "lossless": 0,
        "replay_gain": -5.12358283997,
        "sample_rate": 44100,
        "codec": "mp3",
        "downmix": "mix",
        "md5_encoded": "72fd44f3e10297158af07abc5270d7f1"
    },
    "tags": {
        "file_name": "1992.mp3"
    },
    "version": {
        "essentia": "2.1-beta2",
        "essentia_git_sha": "v2.1_beta2",
        "extractor": "music 1.0"
    }
},
"rhythm": {
    "beats_count": 67,
    "beats_loudness": {
        "mean": 0.0316309072077,
        "var": 7.99985718913e-005
    },
    "bpm": 93.2174835205,
    "bpm_histogram_first_peak_bpm": {
        "mean": 94,
        "var": 0
    },
    "bpm_histogram_first_peak_spread": {
        "mean": 0.552631556988,
        "var": 0
    },
    "bpm_histogram_first_peak_weight": {
        "mean": 0.257575750351,
        "var": 0
    },
    "bpm_histogram_second_peak_bpm": {
        "mean": 86,
        "var": 0
    },
    "bpm_histogram_second_peak_spread": {
        "mean": 0.571428596973,
        "var": 0
    },
    "bpm_histogram_second_peak_weight": {
        "mean": 0.181818187237,
        "var": 0
    },
    "danceability": 1.30736064911,
    "onset_rate": 3.26075792313,
    "beats_loudness_band_ratio": {
        "mean": [0.41736972332, 0.18067766726, 0.0786697566509, 0.0734742805362, 0.113179862499, 0.204223155975],
        "var": [0.0289737340063, 0.0194003302604, 0.00305734318681, 0.00547288265079, 0.00407509459183, 0.00977801252156]
    },
    "beats_position": [0.615328788757, 1.25387752056, 1.88081634045, 2.51936507225, 3.14630389214, 3.78485250473, 4.42340135574, 5.06195020676, 5.6888885498, 6.31582736969, 6.94276618958, 7.56970500946, 8.20825386047, 8.84680271149, 9.4853515625, 10.1239004135, 10.7508392334, 11.3893871307, 12.0279359818, 12.6664848328, 13.3050336838, 13.966802597, 14.6285715103, 15.301949501, 15.9753284454, 16.6835365295, 17.391746521, 18.1115646362, 18.8313827515, 19.5628108978, 20.2826309204, 21.0024490356, 21.7222671509, 22.4420852661, 23.1502952576, 23.8468933105, 24.5434913635, 25.2400894165, 25.9366893768, 26.6332874298, 27.3298854828, 28.0264854431, 28.7230834961, 29.4080715179, 30.0930614471, 30.7896595001, 31.474647522, 32.1596374512, 32.8446235657, 33.5296134949, 34.1797714233, 34.818321228, 35.4684791565, 36.1070289612, 36.7339668274, 37.4073448181, 38.0575065613, 38.7192726135, 39.3578224182, 40.0079803467, 40.6697502136, 41.3315200806, 41.981678009, 42.6318359375, 43.2703857422, 43.9205436707, 44.5707015991]
},
"tonal": {
    "chords_changes_rate": 0.126543208957,
    "chords_number_rate": 0.0164609048516,
    "chords_strength": {
        "mean": 0.492671430111,
        "var": 0.00743193319067
    },
    "hpcp_entropy": {
        "mean": 2.74026441574,
        "var": 0.652539610863
    },
    "key_strength": 0.581214666367,
    "tuning_diatonic_strength": 0.467534720898,
    "tuning_equal_tempered_deviation": 0.249121382833,
    "tuning_frequency": 434.193115234,
    "tuning_nontempered_energy_ratio": 0.902885079384,
    "hpcp": {
        "mean": [0.136036887765, 0.15715418756, 0.132433220744, 0.116402506828, 0.130381256342, 0.202134624124, 0.367285728455, 0.399702757597, 0.254668593407, 0.164143040776, 0.135998532176, 0.109019465744, 0.101862438023, 0.119063466787, 0.121000528336, 0.117166250944, 0.130598828197, 0.125005275011, 0.103484794497, 0.0850673019886, 0.0754112750292, 0.103544987738, 0.133656680584, 0.163729444146, 0.178932890296, 0.116404026747, 0.0686636120081, 0.08763127774, 0.111579187214, 0.124060951173, 0.158721581101, 0.160556539893, 0.116053774953, 0.103053331375, 0.104522675276, 0.107453010976],
        "var": [0.0463187098503, 0.0673039034009, 0.0463821254671, 0.0345897376537, 0.0449567399919, 0.0635504126549, 0.13576169312, 0.137921229005, 0.0813041031361, 0.054728154093, 0.0488430149853, 0.0294418409467, 0.0246361754835, 0.0368184372783, 0.0383115895092, 0.0333646573126, 0.0413790978491, 0.0376428999007, 0.0243563987315, 0.0236133001745, 0.0197266731411, 0.0299418903887, 0.051456540823, 0.0509453527629, 0.0740808993578, 0.0260990243405, 0.0123348925263, 0.0147591363639, 0.0276898127049, 0.0334095321596, 0.0648965165019, 0.0668549090624, 0.0373252145946, 0.0314250960946, 0.0336549468338, 0.0334226600826]
    },
    "chords_histogram": [11.2139921188, 6.68724298477, 23.9711933136, 1.74897122383, 5.55555534363, 8.74485588074, 0.925925910473, 5.24691343307, 12.6543207169, 7.61316871643, 0, 1.23456788063, 0, 1.13168728352, 0.102880656719, 0, 0, 0, 1.23456788063, 0.102880656719, 1.64609050751, 1.95473253727, 2.88065838814, 5.34979438782],
    "thpcp": [1, 0.63714492321, 0.410662770271, 0.340249180794, 0.272751361132, 0.25484547019, 0.297880023718, 0.302726268768, 0.293133467436, 0.326739877462, 0.312745600939, 0.258904367685, 0.212826400995, 0.188668385148, 0.259054988623, 0.334390193224, 0.409628003836, 0.447664886713, 0.291226476431, 0.171786680818, 0.219241112471, 0.279155403376, 0.310383021832, 0.397099047899, 0.401689857244, 0.290350198746, 0.257824927568, 0.261501014233, 0.268832296133, 0.340345144272, 0.393177628517, 0.331329256296, 0.291222661734, 0.326195538044, 0.505712330341, 0.918897151947],
    "chords_key": "B",
    "chords_scale": "minor",
    "key_key": "E",
    "key_scale": "minor"
}
}