{
"lowlevel": {
    "average_loudness": 0.91680175066,
    "barkbands_crest": {
        "mean": 11.5569229126,
        "var": 15.5762624741
    },
    "barkbands_flatness_db": {
        "mean": 0.218841001391,
        "var": 0.0032444037497
    },
    "barkbands_kurtosis": {
        "mean": 12.3794956207,
        "var": 241.224517822
    },
    "barkbands_skewness": {
        "mean": 2.67203116417,
        "var": 1.6036362648
    },
    "barkbands_spread": {
        "mean": 9.50960731506,
        "var": 46.5923576355
    },
    "dissonance": {
        "mean": 0.452084571123,
        "var": 0.000761112314649
    },
    "dynamic_complexity": 1.95550048351,
    "erbbands_crest": {
        "mean": 8.82988357544,
        "var": 12.5036001205
    },
    "erbbands_flatness_db": {
        "mean": 0.185217276216,
        "var": 0.00152407959104
    },
    "erbbands_kurtosis": {
        "mean": 0.21984693408,
        "var": 5.35512876511
    },
    "erbbands_skewness": {
        "mean": 0.596267938614,
        "var": 0.632082402706
    },
    "erbbands_spread": {
        "mean": 37.8455200195,
        "var": 140.077774048
    },
    "hfc": {
        "mean": 13.954082489,
        "var": 110.907196045
    },
    "melbands_crest": {
        "mean": 14.6977853775,
        "var": 19.9331264496
    },
    "melbands_flatness_db": {
        "mean": 0.303402900696,
        "var": 0.00466875778511
    },
    "melbands_kurtosis": {
        "mean": 26.2097454071,
        "var": 657.777832031
    },
    "melbands_skewness": {
        "mean": 3.7251265049,
        "var": 2.13539338112
    },
    "melbands_spread": {
        "mean": 8.84855365753,
        "var": 67.7026443481
    },
    "pitch_salience": {
        "mean": 0.568135917187,
        "var": 0.0117031522095
    },
    "silence_rate_20dB": {
        "mean": 0.980432569981,
        "var": 0.0191846676171
    },
    "silence_rate_30dB": {
        "mean": 0.899588048458,
        "var": 0.0903314948082
    },
    "silence_rate_60dB": {
        "mean": 0.00875386223197,
        "var": 0.0086772525683
    },
    "spectral_centroid": {
        "mean": 621.477355957,
        "var": 182259.046875
    },
    "spectral_complexity": {
        "mean": 15.1292486191,
        "var": 36.4987487793
    },
    "spectral_decrease": {
        "mean": -1.57586992344e-008,
        "var": 4.4969783851e-016
    },
    "spectral_energy": {
        "mean": 0.0607425756752,
        "var": 0.00652295723557
    },
    "spectral_energyband_high": {
        "mean": 0.00013967207633,
        "var": 5.1499366549e-008
    },
    "spectral_energyband_low": {
        "mean": 0.0406175814569,
        "var": 0.00590484729037
    },
    "spectral_energyband_middle_high": {
        "mean": 0.00304477266036,
        "var": 9.20908041735e-006
    },
    "spectral_energyband_middle_low": {
        "mean": 0.0229917857796,
        "var": 0.000201607443159
    },
    "spectral_entropy": {
        "mean": 6.84907913208,
        "var": 0.216192722321
    },
    "spectral_flux": {
        "mean": 0.0957127958536,
        "var": 0.00868143886328
    },
    "spectral_kurtosis": {
        "mean": 9.2606754303,
        "var": 59.4606246948
    },
    "spectral_rms": {
        "mean": 0.00690313521773,
        "var": 1.16078508654e-005
    },
    "spectral_rolloff": {
        "mean": 486.691680908,
        "var": 429739.25
    },
    "spectral_skewness": {
        "mean": 2.19458580017,
        "var": 0.56245303154
    },
    "spectral_spread": {
        "mean": 3279459.75,
        "var": 1.60954554778e+012
    },
    "spectral_strongpeak": {
        "mean": 0.743185281754,
        "var": 0.452364206314
    },
    "zerocrossingrate": {
        "mean": 0.0249973852187,
        "var": 0.000303834676743
    },
    "barkbands": {
        "mean": [0.00063139537815, 0.0265156850219, 0.00749019673094, 0.00819625612348, 0.00984616298229, 0.00360129470937, 0.000605211593211, 0.00037451236858, 0.000222543269047, 0.00040340932901, 0.00053678516997, 0.000443983182777, 0.000318091508234, 0.00024145131465, 0.000287331902655, 0.000269882904831, 0.000320135382935, 0.000133660752908, 0.000127294973936, 6.01538813498e-005, 4.28575767728e-005, 3.42946805176e-005, 1.40710344567e-005, 1.44223176903e-005, 8.2234155343e-006, 3.15419720209e-006, 2.34178969549e-007],
        "var": [4.61853460365e-006, 0.00482948217541, 0.000134426212753, 7.41267285775e-005, 7.7400043665e-005, 1.09683633127e-005, 6.17744831288e-007, 1.78176463805e-007, 6.51474110214e-008, 3.52956732286e-007, 6.88075715516e-007, 6.24085430445e-007, 6.09237758908e-007, 1.71814136252e-007, 1.17340107408e-007, 1.75694509608e-007, 9.94034621726e-007, 9.60222479307e-008, 1.00248534807e-007, 2.04943919613e-008, 6.47294795542e-009, 2.87575963043e-009, 6.2282573543e-010, 1.00867003638e-009, 3.76584763373e-010, 2.59721300022e-010, 1.52543418435e-012]
    },
    "erbbands": {
        "mean": [0.813550531864, 5.68996191025, 7.73976278305, 24.5581283569, 22.7755508423, 34.1909942627, 46.8232421875, 19.0053749084, 10.818860054, 8.15621757507, 7.93799257278, 4.93506240845, 10.7199316025, 18.1616306305, 18.8665866852, 20.8215675354, 14.7164907455, 15.8363933563, 11.2120571136, 15.0115499496, 18.2495155334, 15.6210823059, 8.56633758545, 5.71740579605, 6.52560281754, 3.03478050232, 1.87947189808, 1.46297192574, 1.33971726894, 0.628819346428, 0.416242957115, 0.321056753397, 0.219722062349, 0.111774623394, 0.0503901280463, 0.0174211747944, 0.00508560333401, 0.000879459548742, 5.24095448782e-005, 6.76473864587e-005],
        "var": [6.39359903336, 187.089233398, 145.277038574, 602.152587891, 532.182495117, 1132.29040527, 1966.18493652, 303.302490234, 129.50189209, 95.8785705566, 91.9027175903, 31.538028717, 239.236801147, 661.589599609, 1005.90002441, 1299.72644043, 1036.40478516, 751.864929199, 224.118133545, 256.188476563, 995.034423828, 3186.90673828, 441.910003662, 146.843078613, 317.264923096, 62.2230758667, 12.5108366013, 8.4933719635, 4.34059619904, 1.21911633015, 0.481341689825, 0.432154208422, 0.254902124405, 0.062687523663, 0.0179058331996, 0.00607982976362, 0.000973111775238, 1.39877147376e-005, 1.92426963253e-008, 7.7977855284e-009]
    },
    "gfcc": {
        "mean": [-27.5301761627, 151.936676025, -109.219902039, 43.9351997375, -39.7590751648, 12.5144443512, -39.274230957, -9.7298746109, -20.6902179718, -14.01902771, -7.4723610878, -4.13254880905, 0.982203006744],
        "cov": [[3322.95141602, -616.231140137, 87.0483016968, 268.444549561, 65.5293197632, 226.298812866, 12.0854282379, 355.166107178, -96.9075469971, 242.162414551, -68.1731414795, 198.06918335, -51.29164505], [-616.231140137, 881.54309082, 1.19647073746, -52.3484764099, 190.760391235, -75.1926345825, 164.780029297, -138.722061157, 131.211807251, -190.443344116, 152.985855103, -98.3845443726, 133.650421143], [87.0483016968, 1.19647073746, 774.068969727, 15.1916980743, 118.528289795, 228.792648315, -15.6874523163, 158.249649048, 42.7698898315, 78.3868408203, 20.7613487244, 35.9012031555, 6.52943706512], [268.444549561, -52.3484764099, 15.1916980743, 219.374588013, 15.3229475021, 21.8488960266, 50.3726921082, 27.8007450104, 30.2066745758, 2.78051829338, 32.4826927185, -8.77806091309, 23.734588623], [65.5293197632, 190.760391235, 118.528289795, 15.3229475021, 272.199371338, -16.5902767181, 99.7390823364, 51.9136657715, 55.150138855, 19.1286087036, 16.6422576904, 36.7340583801, 18.128786087], [226.298812866, -75.1926345825, 228.792648315, 21.8488960266, -16.5902767181, 225.88609314, 2.83500695229, 65.984992981, 15.6151952744, 30.5433616638, 32.2296829224, 8.78111553192, 12.5171785355], [12.0854282379, 164.780029297, -15.6874523163, 50.3726921082, 99.7390823364, 2.83500695229, 161.02722168, 2.34587359428, 38.8455505371, -13.5938434601, 40.2287635803, 3.72044301033, 24.4288196564], [355.166107178, -138.722061157, 158.249649048, 27.8007450104, 51.9136657715, 65.984992981, 2.34587359428, 175.591094971, 4.07154417038, 59.4675140381, -13.1170339584, 37.5842552185, -5.49757146835], [-96.9075469971, 131.211807251, 42.7698898315, 30.2066745758, 55.150138855, 15.6151952744, 38.8455505371, 4.07154417038, 120.470314026, 6.71219396591, 15.7634220123, -2.75329399109, 24.0636367798], [242.162414551, -190.443344116, 78.3868408203, 2.78051829338, 19.1286087036, 30.5433616638, -13.5938434601, 59.4675140381, 6.71219396591, 138.97769165, -15.0526580811, 55.0144958496, -38.5834960938], [-68.1731414795, 152.985855103, 20.7613487244, 32.4826927185, 16.6422576904, 32.2296829224, 40.2287635803, -13.1170339584, 15.7634220123, -15.0526580811, 120.509780884, -7.18615913391, 45.2742729187], [198.06918335, -98.3845443726, 35.9012031555, -8.77806091309, 36.7340583801, 8.78111553192, 3.72044301033, 37.5842552185, -2.75329399109, 55.0144958496, -7.18615913391, 96.7041015625, 2.06192994118], [-51.29164505, 133.650421143, 6.52943706512, 23.734588623, 18.128786087, 12.5171785355, 24.4288196564, -5.49757146835, 24.0636367798, -38.5834960938, 45.2742729187, 2.06192994118, 93.983215332]],
        "icov": [[0.000718367926311, -0.00122082291637, 0.000712945009582, -0.00164858181961, 0.000236652427702, -0.00136302947067, 0.000723686302081, -0.00144439784344, 0.00167029793374, -0.00144217081834, 0.00146623805631, -0.00159759225789, 0.000667230400722], [-0.00122082291637, 0.0112742511556, -0.00301610073075, 0.00818700809032, -0.00451190862805, 0.00593069568276, -0.00544758280739, 0.00617022207007, -0.00929918326437, 0.00972485542297, -0.0101133724675, 0.00839191395789, -0.00563851790503], [0.000712945009582, -0.00301610073075, 0.00347626279108, -0.00263228616677, -0.000384527171263, -0.00430635595694, 0.00275743636303, -0.00307274213992, 0.00266972975805, -0.00313662807457, 0.00281617394648, -0.00239695375785, 0.00157737743575], [-0.00164858181961, 0.00818700809032, -0.00263228616677, 0.012324151583, -0.00227027852088, 0.00533127458766, -0.00577609008178, 0.00428709201515, -0.00841776188463, 0.00699779950082, -0.0085800178349, 0.00798460096121, -0.00500545138493], [0.000236652427702, -0.00451190862805, -0.000384527171263, -0.00227027852088, 0.00863699242473, 0.000448581937235, -0.00188504112884, -0.00352666899562, 0.00169672106858, -0.00350103643723, 0.00372605002485, -0.004745492246, 0.00214079581201], [-0.00136302947067, 0.00593069568276, -0.00430635595694, 0.00533127458766, 0.000448581937235, 0.0117129888386, -0.00439095962793, 0.00263833557256, -0.0062717157416, 0.00509338732809, -0.00737255858257, 0.00526710134, -0.00344292470254], [0.000723686302081, -0.00544758280739, 0.00275743636303, -0.00577609008178, -0.00188504112884, -0.00439095962793, 0.0128575703129, -0.0028689771425, 0.0034551131539, -0.00363512407057, 0.00286246580072, -0.00452630780637, 0.00319084827788], [-0.00144439784344, 0.00617022207007, -0.00307274213992, 0.00428709201515, -0.00352666899562, 0.00263833557256, -0.0028689771425, 0.0131957894191, -0.00486000301316, 0.00349987787195, -0.00428006891161, 0.00448416685686, -0.00394080299884], [0.00167029793374, -0.00929918326437, 0.00266972975805, -0.00841776188463, 0.00169672106858, -0.0062717157416, 0.0034551131539, -0.00486000301316, 0.0188752673566, -0.0105350892991, 0.00952170044184, -0.00575589668006, 0.00178315374069], [-0.00144217081834, 0.00972485542297, -0.00313662807457, 0.00699779950082, -0.00350103643723, 0.00509338732809, -0.00363512407057, 0.00349987787195, -0.0105350892991, 0.0216206759214, -0.0102035701275, 0.000905401073396, 0.00144974468276], [0.00146623805631, -0.0101133724675, 0.00281617394648, -0.0085800178349, 0.00372605002485, -0.00737255858257, 0.00286246580072, -0.00428006891161, 0.00952170044184, -0.0102035701275, 0.020972494036, -0.00667139422148, -0.000161506759468], [-0.00159759225789, 0.00839191395789, -0.00239695375785, 0.00798460096121, -0.004745492246, 0.00526710134, -0.00452630780637, 0.00448416685686, -0.00575589668006, 0.000905401073396, -0.00667139422148, 0.0225263051689, -0.00843794364482], [0.000667230400722, -0.00563851790503, 0.00157737743575, -0.00500545138493, 0.00214079581201, -0.00344292470254, 0.00319084827788, -0.00394080299884, 0.00178315374069, 0.00144974468276, -0.000161506759468, -0.00843794364482, 0.0195644125342]]
    },
    "melbands": {
        "mean": [0.00750359566882, 0.00545775797218, 0.00393258919939, 0.00201625050977, 0.00162606267259, 0.000467872363515, 0.000163414646522, 8.50423894008e-005, 6.22768493486e-005, 2.98334125546e-005, 5.28615928488e-005, 6.96489514667e-005, 6.08009249845e-005, 5.71585405851e-005, 4.06317121815e-005, 3.14621356665e-005, 2.87737202598e-005, 1.40612937685e-005, 2.31852955039e-005, 1.95094817173e-005, 2.21282807615e-005, 1.84873970284e-005, 8.70857093105e-006, 6.16084480498e-006, 4.2995984586e-006, 5.27599377165e-006, 3.23666131408e-006, 1.64877008046e-006, 1.07051164377e-006, 1.18519642456e-006, 7.40637460694e-007, 8.14266741145e-007, 5.53971347017e-007, 2.66131877424e-007, 2.22408203854e-007, 2.34681721167e-007, 1.85898997529e-007, 1.53532440095e-007, 1.3439301938e-007, 8.26904624773e-008],
        "var": [0.000441979296738, 9.52238042373e-005, 1.38926343425e-005, 3.43987380802e-006, 2.32344723372e-006, 1.69692796703e-007, 3.14685806302e-008, 9.99905402921e-009, 5.61851765113e-009, 1.18880894018e-009, 6.1549498831e-009, 1.0350541757e-008, 9.47401090912e-009, 1.01001855768e-008, 3.70442232445e-009, 6.81029854732e-009, 2.7503495037e-009, 4.44687092704e-010, 8.23600687649e-010, 7.25148663339e-010, 2.05513472906e-009, 5.24867838081e-009, 2.38996794577e-010, 2.6766816541e-010, 1.10066192271e-010, 2.59565285932e-010, 4.73142601487e-011, 2.35751661248e-011, 4.16683658064e-012, 7.46836446852e-012, 2.70859550067e-012, 2.01624611104e-012, 7.70315452051e-013, 3.43395369648e-013, 1.3239314701e-013, 1.8932601255e-013, 1.72225176286e-013, 1.39106513309e-013, 8.63113427301e-014, 3.89116636048e-014]
    },
    "mfcc": {
        "mean": [-669.676025391, 169.610717773, 4.1894493103, 33.8343734741, 21.0618095398, 16.6992053986, -0.39083340764, 4.66012239456, -5.3490486145, -8.18455314636, -9.14445495605, -4.27997970581, -0.252567529678],
        "cov": [[2565.83911133, -622.071777344, -129.012191772, 160.003982544, 2.773021698, 22.5307006836, 131.244445801, 87.1402740479, 114.794433594, 47.9370651245, 66.025680542, 86.8972396851, 47.5471725464], [-622.071777344, 824.233825684, -0.82461053133, 17.9324474335, 116.732879639, 27.8561897278, 58.2144126892, 63.0775794983, 13.2498102188, 10.9185152054, -0.26951995492, -38.170337677, 25.6101760864], [-129.012191772, -0.82461053133, 615.875488281, -106.35395813, 173.42124939, 58.9133224487, 75.6519241333, 54.3680725098, 29.3757762909, 68.5541534424, 47.4595794678, 40.0238037109, 22.4396114349], [160.003982544, 17.9324474335, -106.35395813, 245.693023682, 7.80404806137, 5.84355926514, 18.0272960663, 23.5708866119, 33.1989479065, 15.7935152054, 0.970935881138, 22.5661678314, 19.7126045227], [2.773021698, 116.732879639, 173.42124939, 7.80404806137, 198.664123535, 16.6347427368, 50.2489089966, 47.9463806152, 44.7080574036, 47.2049217224, 30.7755775452, 15.2572402954, 25.2364044189], [22.5307006836, 27.8561897278, 58.9133224487, 5.84355926514, 16.6347427368, 125.368385315, 18.5494213104, 19.5837345123, 14.7987041473, 4.07701444626, 37.7159957886, 18.01288414, 1.43201816082], [131.244445801, 58.2144126892, 75.6519241333, 18.0272960663, 50.2489089966, 18.5494213104, 158.693145752, 48.5481567383, 3.0605006218, 25.5733089447, 15.5978384018, 20.7091445923, 21.613576889], [87.1402740479, 63.0775794983, 54.3680725098, 23.5708866119, 47.9463806152, 19.5837345123, 48.5481567383, 105.00617981, 46.0410232544, 15.1339673996, 15.0377531052, 0.648887395859, 14.0026264191], [114.794433594, 13.2498102188, 29.3757762909, 33.1989479065, 44.7080574036, 14.7987041473, 3.0605006218, 46.0410232544, 101.248603821, 34.7466506958, 18.7160320282, 2.40392184258, 10.5081777573], [47.9370651245, 10.9185152054, 68.5541534424, 15.7935152054, 47.2049217224, 4.07701444626, 25.5733089447, 15.1339673996, 34.7466506958, 81.8058319092, 30.1704387665, 8.08300685883, 11.2367076874], [66.025680542, -0.26951995492, 47.4595794678, 0.970935881138, 30.7755775452, 37.7159957886, 15.5978384018, 15.0377531052, 18.7160320282, 30.1704387665, 99.4810028076, 30.6552314758, 0.983504951], [86.8972396851, -38.170337677, 40.0238037109, 22.5661678314, 15.2572402954, 18.01288414, 20.7091445923, 0.648887395859, 2.40392184258, 8.08300685883, 30.6552314758, 85.7976379395, 28.6087608337], [47.5471725464, 25.6101760864, 22.4396114349, 19.7126045227, 25.2364044189, 1.43201816082, 21.613576889, 14.0026264191, 10.5081777573, 11.2367076874, 0.983504951, 28.6087608337, 65.8683624268]],
        "icov": [[0.000645790772978, 0.000608790316619, 0.000355534575647, -0.000117366143968, -0.000228240591241, -9.0515910415e-005, -0.000642384693492, -0.00034838062129, -0.000519712630194, 1.21813673104e-005, -0.000202508119401, -0.000122634824947, -0.000277480692603], [0.000608790316619, 0.00207494897768, 0.00069986411836, -6.14450327703e-005, -0.0013221623376, -0.000535797618795, -0.000829916098155, -0.000900169834495, 2.04202005989e-005, 8.767338295e-005, -0.000149757281179, 0.000891571457032, -0.000887567468453], [0.000355534575647, 0.00069986411836, 0.00308221392334, 0.00145438313484, -0.00234259827994, -0.00112907204311, -0.000664697377943, -0.00101134378929, 0.000285631365841, -0.00154065876268, 0.00043460787856, -0.00107123865746, 1.71817646333e-005], [-0.000117366143968, -6.14450327703e-005, 0.00145438313484, 0.00531270494685, -0.000579421990551, -0.000540838984307, -0.000280255480902, -0.000785601732787, -0.000983915291727, -0.00130611436907, 0.00101610086858, -0.00179288338404, -0.000340766884619], [-0.000228240591241, -0.0013221623376, -0.00234259827994, -0.000579421990551, 0.009063674137, 0.000972591573372, -0.00049664999824, -0.000466920551844, -0.00185447873082, -0.00135109387338, -0.00101393822115, 9.80057156994e-005, -0.00108231720515], [-9.0515910415e-005, -0.000535797618795, -0.00112907204311, -0.000540838984307, 0.000972591573372, 0.00988476444036, -0.000442937220214, -0.000361740007065, -0.00113579735626, 0.00209075422026, -0.00352003192529, -0.000741904950701, 0.000654194736853], [-0.000642384693492, -0.000829916098155, -0.000664697377943, -0.000280255480902, -0.00049664999824, -0.000442937220214, 0.009376373142, -0.0038547704462, 0.00367336836644, -0.00238983286545, 0.000614715390839, -0.00128876534291, -0.000588374503423], [-0.00034838062129, -0.000900169834495, -0.00101134378929, -0.000785601732787, -0.000466920551844, -0.000361740007065, -0.0038547704462, 0.0158546734601, -0.00651923613623, 0.00302563491277, -0.00118702300824, 0.00232397788204, -0.00120548601262], [-0.000519712630194, 2.04202005989e-005, 0.000285631365841, -0.000983915291727, -0.00185447873082, -0.00113579735626, 0.00367336836644, -0.00651923613623, 0.0164795871824, -0.0055752331391, 4.49149338237e-005, 0.000591155607253, -0.000455255503766], [1.21813673104e-005, 8.767338295e-005, -0.00154065876268, -0.00130611436907, -0.00135109387338, 0.00209075422026, -0.00238983286545, 0.00302563491277, -0.0055752331391, 0.0188609901816, -0.00505035789683, 0.00220260117203, -0.00172334036324], [-0.000202508119401, -0.000149757281179, 0.00043460787856, 0.00101610086858, -0.00101393822115, -0.00352003192529, 0.000614715390839, -0.00118702300824, 4.49149338237e-005, -0.00505035789683, 0.014882591553, -0.00548973213881, 0.00328443665057], [-0.000122634824947, 0.000891571457032, -0.00107123865746, -0.00179288338404, 9.80057156994e-005, -0.000741904950701, -0.00128876534291, 0.00232397788204, 0.000591155607253, 0.00220260117203, -0.00548973213881, 0.0178471636027, -0.00758888851851], [-0.000277480692603, -0.000887567468453, 1.71817646333e-005, -0.000340766884619, -0.00108231720515, 0.000654194736853, -0.000588374503423, -0.00120548601262, -0.000455255503766, -0.00172334036324, 0.00328443665057, -0.00758888851851, 0.0202867779881]]
    },
    "spectral_contrast_coeffs": {
        "mean": [-0.590137243271, -0.682667016983, -0.751681387424, -0.764001309872, -0.758271872997, -0.758018493652],
        "var": [0.00621256558225, 0.00448401737958, 0.00286499876529, 0.00230630813166, 0.00221758917905, 0.00212800409645]
    },
    "spectral_contrast_valleys": {
        "mean": [-6.53777551651, -6.89166736603, -7.59332227707, -7.91280460358, -8.40721797943, -11.170841217],
        "var": [1.25340163708, 0.477347105742, 0.52857029438, 0.573071300983, 0.718432247639, 0.847828507423]
    }
},
"metadata": {
    "audio_properties": {
        "analysis_sample_rate": 44100,
        "bit_rate": 128074,
        "equal_loudness": 0,
        "length": 45.0612258911,
        "lossless": 0,
        "replay_gain": -5.16646385193,
        "sample_rate": 44100,
        "codec": "mp3",
        "downmix": "mix",
        "md5_encoded": "f650203f160b2bb734100a0cb5e0cbae"
    },
    "tags": {
        "file_name": "1994.mp3"
    },
    "version": {
        "essentia": "2.1-beta2",
        "essentia_git_sha": "v2.1_beta2",
        "extractor": "music 1.0"
    }
},
"rhythm": {
    "beats_count": 106,
    "beats_loudness": {
        "mean": 0.113483682275,
        "var": 0.0100227920339
    },
    "bpm": 143.032104492,
    "bpm_histogram_first_peak_bpm": {
        "mean": 144,
        "var": 0
    },
    "bpm_histogram_first_peak_spread": {
        "mean": 0.428571432829,
        "var": 0
    },
    "bpm_histogram_first_peak_weight": {
        "mean": 0.495238095522,
        "var": 0
    },
    "bpm_histogram_second_peak_bpm": {
        "mean": 136,
        "var": 0
    },
    "bpm_histogram_second_peak_spread": {
        "mean": 0.0833333283663,
        "var": 0
    },
    "bpm_histogram_second_peak_weight": {
        "mean": 0.104761905968,
        "var": 0
    },
    "danceability": 1.4564139843,
    "onset_rate": 2.92802762985,
    "beats_loudness_band_ratio": {
        "mean": [0.72741663456, 0.204450786114, 0.0281269531697, 0.0387484617531, 0.0256066322327, 0.00837758742273],
        "var": [0.0423018708825, 0.0226853284985, 0.000681042089127, 0.00201169052161, 0.00146751420107, 0.000119803182315]
    },
    "beats_position": [0.417959183455, 0.859138309956, 1.30031740665, 1.74149656296, 2.18267560005, 2.62385487556, 3.06503391266, 3.51782298088, 3.95900225639, 4.38857126236, 4.82975053787, 5.25931978226, 5.67727899551, 6.10684776306, 6.53641700745, 6.96598625183, 7.38394546509, 7.80190467834, 8.23147392273, 8.66104316711, 9.07900238037, 9.49696159363, 9.92653083801, 10.3560991287, 10.774058342, 11.1920175552, 11.6099767685, 12.0279359818, 12.4575052261, 12.8870744705, 13.3050336838, 13.7346029282, 14.1409521103, 14.5473012924, 14.9536504745, 15.3716096878, 15.7663488388, 16.1610889435, 16.5790481567, 16.99700737, 17.4033565521, 17.8097057343, 18.2276649475, 18.6456241608, 19.0519733429, 19.4815406799, 19.8994998932, 20.3290691376, 20.7470283508, 21.153377533, 21.5713367462, 22.0009059906, 22.4188652039, 22.825214386, 23.2547836304, 23.6843528748, 24.1139221191, 24.5318813324, 24.9382305145, 25.3561897278, 25.774148941, 26.1921081543, 26.6100673676, 27.0280265808, 27.4459857941, 27.8639450073, 28.2702941895, 28.6882534027, 29.106212616, 29.5125617981, 29.9421310425, 30.3717002869, 30.8012695313, 31.2192287445, 31.6487979889, 32.0667572021, 32.4847145081, 32.9026756287, 33.332244873, 33.7618141174, 34.1913833618, 34.6093406677, 35.0389099121, 35.4568710327, 35.8748283386, 36.2927894592, 36.7339668274, 37.1751480103, 37.5931053162, 38.0110664368, 38.4522438049, 38.8702049255, 39.2881622314, 39.7061233521, 40.124080658, 40.5420417786, 40.9599990845, 41.3779602051, 41.795917511, 42.2138786316, 42.6318359375, 43.0497932434, 43.467754364, 43.8741035461, 44.2804527283, 44.6984100342]
},
"tonal": {
    "chords_changes_rate": 0.0380658432841,
    "chords_number_rate": 0.00925925932825,
    "chords_strength": {
        "mean": 0.50487780571,
        "var": 0.00673182075843
    },
    "hpcp_entropy": {
        "mean": 1.73357594013,
        "var": 0.579069972038
    },
    "key_strength": 0.679330706596,
    "tuning_diatonic_strength": 0.500544905663,
    "tuning_equal_tempered_deviation": 0.0357334911823,
    "tuning_frequency": 440.763122559,
    "tuning_nontempered_energy_ratio": 0.685052096844,
    "hpcp": {
        "mean": [0.161251753569, 0.133562147617, 0.0838079228997, 0.104320801795, 0.0948556140065, 0.0635582879186, 0.0515476465225, 0.0818267762661, 0.200704604387, 0.239336982369, 0.129773721099, 0.0545152947307, 0.0432238280773, 0.0603485144675, 0.238992795348, 0.443836569786, 0.320116639137, 0.201791033149, 0.215950220823, 0.108037695289, 0.0268812887371, 0.0172854475677, 0.0165529381484, 0.0289445184171, 0.0318408943713, 0.0199519731104, 0.0478698424995, 0.0769943892956, 0.0528237856925, 0.079035885632, 0.111800208688, 0.0584187284112, 0.0179629754275, 0.0177420005202, 0.0270582959056, 0.0835081338882],
        "var": [0.0586699508131, 0.0442881025374, 0.0272622685879, 0.0396113581955, 0.0376831963658, 0.0310255978256, 0.0225356444716, 0.0351688601077, 0.0975705832243, 0.138510227203, 0.0550757981837, 0.0180538762361, 0.0201106965542, 0.0218238942325, 0.0745121091604, 0.19436223805, 0.109672419727, 0.075550749898, 0.132803812623, 0.0387697182596, 0.00874464120716, 0.00369956577197, 0.00336354691535, 0.00772272609174, 0.00942068081349, 0.00352547736838, 0.0118338214234, 0.0303807836026, 0.0113843046129, 0.0176338832825, 0.0405375100672, 0.0152120916173, 0.00603292742744, 0.00484956474975, 0.00933015439659, 0.0257022939622]
    },
    "chords_histogram": [13.8888893127, 1.33744859695, 0, 2.88065838814, 0, 10.4938268661, 0, 2.16049385071, 8.23045253754, 34.4650192261, 0, 0, 0, 0, 0, 0, 0, 0, 0, 0, 0, 0, 16.0493831635, 10.4938268661],
    "thpcp": [1, 0.721248924732, 0.454651653767, 0.48655346036, 0.243417739868, 0.0605657361448, 0.0389455221593, 0.0372951216996, 0.0652143582702, 0.0717401355505, 0.0449534244835, 0.107854656875, 0.173474639654, 0.119016297162, 0.178074300289, 0.251894980669, 0.131622165442, 0.0404720492661, 0.0399741753936, 0.0609645470977, 0.188150644302, 0.363313347101, 0.300926417112, 0.188826084137, 0.235043272376, 0.21371743083, 0.143202006817, 0.116141051054, 0.184362396598, 0.452203840017, 0.539245724678, 0.292390793562, 0.122827403247, 0.0973868072033, 0.135970130563, 0.53847026825],
    "chords_key": "D",
    "chords_scale": "major",
    "key_key": "G",
    "key_scale": "minor"
}
}