{
"lowlevel": {
    "average_loudness": 0.983540117741,
    "barkbands_crest": {
        "mean": 10.2732686996,
        "var": 14.6872262955
    },
    "barkbands_flatness_db": {
        "mean": 0.187650337815,
        "var": 0.00272943568416
    },
    "barkbands_kurtosis": {
        "mean": 5.14564418793,
        "var": 31.631942749
    },
    "barkbands_skewness": {
        "mean": 1.82337963581,
        "var": 0.857158541679
    },
    "barkbands_spread": {
        "mean": 13.0837593079,
        "var": 39.192565918
    },
    "dissonance": {
        "mean": 0.459414750338,
        "var": 0.000441994372522
    },
    "dynamic_complexity": 1.13894367218,
    "erbbands_crest": {
        "mean": 9.32977485657,
        "var": 18.73620224
    },
    "erbbands_flatness_db": {
        "mean": 0.196734458208,
        "var": 0.00153449480422
    },
    "erbbands_kurtosis": {
        "mean": -0.204108685255,
        "var": 1.5757997036
    },
    "erbbands_skewness": {
        "mean": 0.500859498978,
        "var": 0.355014234781
    },
    "erbbands_spread": {
        "mean": 33.3070411682,
        "var": 118.717712402
    },
    "hfc": {
        "mean": 19.7074489594,
        "var": 120.465965271
    },
    "melbands_crest": {
        "mean": 11.8862552643,
        "var": 14.9524469376
    },
    "melbands_flatness_db": {
        "mean": 0.271992653608,
        "var": 0.0039779371582
    },
    "melbands_kurtosis": {
        "mean": 12.6713657379,
        "var": 136.484771729
    },
    "melbands_skewness": {
        "mean": 2.64006471634,
        "var": 1.3308839798
    },
    "melbands_spread": {
        "mean": 13.5847625732,
        "var": 71.341835022
    },
    "pitch_salience": {
        "mean": 0.603557407856,
        "var": 0.015096838586
    },
    "silence_rate_20dB": {
        "mean": 1,
        "var": 0
    },
    "silence_rate_30dB": {
        "mean": 0.998455226421,
        "var": 0.00154241069686
    },
    "silence_rate_60dB": {
        "mean": 0.00154479919001,
        "var": 0.00154241069686
    },
    "spectral_centroid": {
        "mean": 770.85333252,
        "var": 101179.53125
    },
    "spectral_complexity": {
        "mean": 20.9706497192,
        "var": 17.0459251404
    },
    "spectral_decrease": {
        "mean": -1.12985638623e-008,
        "var": 2.83745217808e-017
    },
    "spectral_energy": {
        "mean": 0.044430911541,
        "var": 0.000418450130383
    },
    "spectral_energyband_high": {
        "mean": 0.000188604652067,
        "var": 1.30819771016e-007
    },
    "spectral_energyband_low": {
        "mean": 0.0159332416952,
        "var": 0.000414360023569
    },
    "spectral_energyband_middle_high": {
        "mean": 0.00570473726839,
        "var": 3.99116361223e-005
    },
    "spectral_energyband_middle_low": {
        "mean": 0.0248991902918,
        "var": 0.000124453552417
    },
    "spectral_entropy": {
        "mean": 7.09072971344,
        "var": 0.100399076939
    },
    "spectral_flux": {
        "mean": 0.109197691083,
        "var": 0.00232781236991
    },
    "spectral_kurtosis": {
        "mean": 11.070353508,
        "var": 43.2340354919
    },
    "spectral_rms": {
        "mean": 0.00644396804273,
        "var": 1.82232338375e-006
    },
    "spectral_rolloff": {
        "mean": 719.232543945,
        "var": 430849.75
    },
    "spectral_skewness": {
        "mean": 2.24111962318,
        "var": 0.283626139164
    },
    "spectral_spread": {
        "mean": 2986683,
        "var": 2.88170364109e+012
    },
    "spectral_strongpeak": {
        "mean": 1.0715572834,
        "var": 1.27129042149
    },
    "zerocrossingrate": {
        "mean": 0.0338055565953,
        "var": 0.000296385929687
    },
    "barkbands": {
        "mean": [0.00020205877081, 0.0113140493631, 0.0028100986965, 0.00382965034805, 0.00760447559878, 0.00646643340588, 0.00317304185592, 0.000835483311675, 0.00175464886706, 0.00197735545225, 0.000446326070232, 0.000619646802079, 0.000309750495944, 0.000620516715571, 0.000437785580289, 0.000617593701463, 0.000781257229391, 0.000313782104058, 9.61781770457e-005, 4.40221665485e-005, 2.9379645639e-005, 4.88592158945e-005, 3.33762582159e-005, 3.64082443411e-005, 2.10127836908e-005, 7.36629363018e-006, 3.97674483565e-007],
        "var": [1.06868355942e-007, 0.000267093913862, 2.52611862379e-005, 1.12350144263e-005, 2.83114586637e-005, 5.12836377311e-005, 1.27834200612e-005, 1.07007906536e-006, 2.15609888983e-005, 2.788979873e-005, 6.32168394077e-007, 7.24842379896e-007, 9.65843014455e-007, 2.6718864774e-006, 6.64839205911e-007, 6.72762155318e-007, 7.05692457359e-007, 4.19031664478e-007, 1.73689844729e-008, 4.21269197304e-009, 3.04945757534e-009, 9.247430377e-009, 5.75645042744e-009, 7.60809637512e-009, 2.63533217471e-009, 2.44317649445e-010, 9.22678166509e-013]
    },
    "erbbands": {
        "mean": [0.239044353366, 2.7758743763, 4.26138496399, 7.94422864914, 16.0092906952, 33.6113395691, 35.995300293, 52.1737785339, 54.3003158569, 30.9846477509, 21.393573761, 44.9940185547, 71.4093093872, 25.3873806, 23.8803882599, 23.5607070923, 15.7977275848, 27.714849472, 23.2734584808, 31.9470653534, 42.9156417847, 34.8769378662, 18.3515262604, 8.10405540466, 4.35538864136, 1.89280021191, 0.958496749401, 1.53618347645, 1.73510181904, 1.25934767723, 0.912250578403, 0.79480522871, 0.59028750658, 0.28645414114, 0.124017208815, 0.0394936613739, 0.0125380903482, 0.00205845572054, 6.84102706145e-005, 5.19652749063e-005],
        "var": [0.136082619429, 16.7397861481, 47.5492324829, 47.2720184326, 202.274719238, 789.822875977, 1230.17480469, 3327.58520508, 5039.74853516, 1041.97692871, 900.670288086, 16030.9570313, 37291.5117188, 2729.03637695, 1173.76806641, 1445.88806152, 1935.85925293, 6355.38427734, 1964.81298828, 3618.36254883, 1486.35876465, 1288.38818359, 1079.07714844, 271.749664307, 23.27917099, 7.49724292755, 3.33641242981, 8.81885051727, 11.2732448578, 7.75644636154, 4.52534341812, 3.55033779144, 2.23878645897, 0.526103317738, 0.0802893787622, 0.00684467330575, 0.000761649513151, 2.07857356145e-005, 1.10860218783e-008, 5.43804834496e-010]
    },
    "gfcc": {
        "mean": [-4.44638156891, 154.136260986, -117.588264465, 22.3358039856, -38.1678276062, 0.547025322914, -46.4707794189, 7.23777151108, -13.9555006027, -8.68646907806, -10.0649728775, 3.36501336098, -1.28747284412],
        "cov": [[2860.64355469, -1513.96130371, 186.006134033, 129.140563965, -624.555419922, 394.149047852, -283.159942627, 156.16368103, -109.211288452, 172.888946533, -335.225830078, 282.097961426, -198.527770996], [-1513.96130371, 1690.3848877, -304.059448242, -118.791053772, 638.61315918, -364.937133789, 301.902862549, -113.680938721, 123.288856506, -192.295150757, 322.675598145, -272.790130615, 189.039260864], [186.006134033, -304.059448242, 302.972137451, 88.5265426636, -153.959014893, 84.9769744873, -63.0533561707, -17.1376304626, -26.1422519684, 69.9088363647, -40.2417068481, 44.3410949707, -16.2737216949], [129.140563965, -118.791053772, 88.5265426636, 161.01449585, -34.921672821, 15.723025322, 2.46962118149, -5.19610786438, 32.0724716187, 26.7767868042, -9.12378501892, 15.1988725662, 6.78861474991], [-624.555419922, 638.61315918, -153.959014893, -34.921672821, 359.483001709, -110.874267578, 137.505554199, -13.9339160919, 53.2064170837, -67.4750747681, 120.525970459, -93.5404434204, 75.5804367065], [394.149047852, -364.937133789, 84.9769744873, 15.723025322, -110.874267578, 187.716949463, -26.9532642365, 37.0923538208, -30.80742836, 44.8163261414, -64.2848968506, 59.6352844238, -44.3597717285], [-283.159942627, 301.902862549, -63.0533561707, 2.46962118149, 137.505554199, -26.9532642365, 177.362686157, 16.8783092499, 45.2640991211, -27.0316371918, 48.7128448486, -47.9466171265, 33.2959480286], [156.16368103, -113.680938721, -17.1376304626, -5.19610786438, -13.9339160919, 37.0923538208, 16.8783092499, 92.9497833252, 22.9457912445, 9.14409351349, -34.3595619202, 16.5190410614, -21.4037723541], [-109.211288452, 123.288856506, -26.1422519684, 32.0724716187, 53.2064170837, -30.80742836, 45.2640991211, 22.9457912445, 90.3496704102, 2.11187171936, 23.7994728088, -15.1069478989, 9.60778045654], [172.888946533, -192.295150757, 69.9088363647, 26.7767868042, -67.4750747681, 44.8163261414, -27.0316371918, 9.14409351349, 2.11187171936, 78.5847015381, -13.7569684982, 32.2237586975, -23.6119804382], [-335.225830078, 322.675598145, -40.2417068481, -9.12378501892, 120.525970459, -64.2848968506, 48.7128448486, -34.3595619202, 23.7994728088, -13.7569684982, 131.9425354, -42.409072876, 38.4646759033], [282.097961426, -272.790130615, 44.3410949707, 15.1988725662, -93.5404434204, 59.6352844238, -47.9466171265, 16.5190410614, -15.1069478989, 32.2237586975, -42.409072876, 101.790290833, -16.1408176422], [-198.527770996, 189.039260864, -16.2737216949, 6.78861474991, 75.5804367065, -44.3597717285, 33.2959480286, -21.4037723541, 9.60778045654, -23.6119804382, 38.4646759033, -16.1408176422, 74.4118041992]],
        "icov": [[0.00101227872074, -0.0010015303269, 0.000959884026088, -0.00152244779747, 0.0014786174288, -0.00143110333011, 0.00102398567833, -0.00147852301598, 0.0012685758993, -0.00138026033528, 0.00133854534943, -0.00145968934521, 0.000745117024053], [-0.0010015303269, 0.00998920015991, -0.00253753666766, 0.00655481219292, -0.00762641523033, 0.00633427035064, -0.00538215879351, 0.00673974119127, -0.00667402101681, 0.00822808872908, -0.00769310770556, 0.00786124356091, -0.00417833635584], [0.000959884026088, -0.00253753666766, 0.00722873257473, -0.00481680827215, 0.00417611515149, -0.00379527849145, 0.00216776272282, -0.00116358674131, 0.00322974962182, -0.00571627402678, 0.00223883730359, -0.00147507328074, -0.000489249359816], [-0.00152244779747, 0.00655481219292, -0.00481680827215, 0.0140346754342, -0.00530458474532, 0.00474962592125, -0.0046181967482, 0.00679648993537, -0.00941112730652, 0.00523736421019, -0.00455117085949, 0.0051961443387, -0.00445039058104], [0.0014786174288, -0.00762641523033, 0.00417611515149, -0.00530458474532, 0.0136188650504, -0.00531610380858, 0.00211429642513, -0.00622447161004, 0.00456744339317, -0.00545680243522, 0.00309441098943, -0.00421001855284, 0.000144293313497], [-0.00143110333011, 0.00633427035064, -0.00379527849145, 0.00474962592125, -0.00531610380858, 0.014202340506, -0.00565983215347, 0.00235702190548, -0.00156053004321, 0.00380403571762, -0.00395794352517, 0.00253156502731, -9.3062655651e-005], [0.00102398567833, -0.00538215879351, 0.00216776272282, -0.0046181967482, 0.00211429642513, -0.00565983215347, 0.0126241892576, -0.0060148909688, 0.0015873768134, -0.0040140170604, 0.00359750795178, -0.00223846361041, 0.000576197751798], [-0.00147852301598, 0.00673974119127, -0.00116358674131, 0.00679648993537, -0.00622447161004, 0.00235702190548, -0.0060148909688, 0.0215683858842, -0.0107016004622, 0.00531052518636, -0.00142713752575, 0.00425969716161, -0.000589915260207], [0.0012685758993, -0.00667402101681, 0.00322974962182, -0.00941112730652, 0.00456744339317, -0.00156053004321, 0.0015873768134, -0.0107016004622, 0.022585934028, -0.0087469201535, 0.00371779734269, -0.00554583733901, 0.00372998742387], [-0.00138026033528, 0.00822808872908, -0.00571627402678, 0.00523736421019, -0.00545680243522, 0.00380403571762, -0.0040140170604, 0.00531052518636, -0.0087469201535, 0.0275710541755, -0.00988715700805, 0.00353384437039, 0.000575840065721], [0.00133854534943, -0.00769310770556, 0.00223883730359, -0.00455117085949, 0.00309441098943, -0.00395794352517, 0.00359750795178, -0.00142713752575, 0.00371779734269, -0.00988715700805, 0.0198641847819, -0.00534557783976, 0.00145222386345], [-0.00145968934521, 0.00786124356091, -0.00147507328074, 0.0051961443387, -0.00421001855284, 0.00253156502731, -0.00223846361041, 0.00425969716161, -0.00554583733901, 0.00353384437039, -0.00534557783976, 0.0223968159407, -0.00719118444249], [0.000745117024053, -0.00417833635584, -0.000489249359816, -0.00445039058104, 0.000144293313497, -9.3062655651e-005, 0.000576197751798, -0.000589915260207, 0.00372998742387, 0.000575840065721, 0.00145222386345, -0.00719118444249, 0.0231015700847]]
    },
    "melbands": {
        "mean": [0.00274998275563, 0.00287460070103, 0.0016600418603, 0.00171356380451, 0.00139382842463, 0.00124307535589, 0.000766662764363, 0.000286359718302, 0.000192509018234, 0.00027286625118, 0.000353626965079, 0.000102467776742, 7.45044162613e-005, 7.31452237233e-005, 4.7886678658e-005, 2.52271984209e-005, 5.85072557442e-005, 3.94230482925e-005, 3.53526156687e-005, 3.87675099773e-005, 5.92416945437e-005, 4.17857227148e-005, 2.39576875174e-005, 1.12120224003e-005, 6.0771922108e-006, 3.26144777318e-006, 2.57883084487e-006, 9.07958394691e-007, 5.26376993548e-007, 6.63847515625e-007, 9.87949306364e-007, 9.93411731542e-007, 8.9303699724e-007, 6.24954282102e-007, 4.82952657421e-007, 5.54906421257e-007, 4.53972660353e-007, 4.51909698995e-007, 2.95071657774e-007, 2.27852495982e-007],
        "var": [1.62523774634e-005, 1.84775435628e-005, 1.79171161108e-006, 1.44691057358e-006, 1.18089258194e-006, 1.84197506314e-006, 9.01982559753e-007, 9.86287247429e-008, 1.35844999249e-007, 5.5261318721e-007, 9.51519666614e-007, 5.73826781647e-008, 1.48865391125e-008, 8.99176644253e-009, 1.81602501925e-008, 4.1599426126e-009, 3.21307531692e-008, 7.42726058434e-009, 3.46816131369e-009, 4.83145567998e-009, 3.04131941853e-009, 1.88207005536e-009, 2.18822804321e-009, 8.25246815328e-010, 1.62601043741e-010, 1.80023617541e-011, 1.11980121356e-011, 2.44819876177e-012, 1.20290377052e-012, 1.70778885825e-012, 3.91155987808e-012, 3.71317776873e-012, 3.82546858774e-012, 2.10169533686e-012, 1.29767453293e-012, 1.94871701241e-012, 1.14105719231e-012, 1.32838325843e-012, 6.65425505496e-013, 3.24157692876e-013]
    },
    "mfcc": {
        "mean": [-649.516418457, 185.158126831, -11.2912931442, 24.868598938, 22.7364044189, -3.30191278458, -11.2025117874, 7.58220624924, -0.926307797432, -5.31294345856, -7.78830337524, -1.2123606205, 5.21084356308],
        "cov": [[2176.64794922, -1488.53356934, 489.91192627, -269.420501709, -180.350509644, 75.778213501, -239.593048096, 80.3577041626, 50.044921875, -98.0615386963, 161.121414185, -94.1203613281, -240.01008606], [-1488.53356934, 1676.06054688, -634.125976563, 258.163696289, 182.760437012, -85.5092926025, 244.428146362, -16.4926891327, -34.948600769, 110.833007813, -102.641403198, 77.6678543091, 188.057312012], [489.91192627, -634.125976563, 500.495758057, -77.241607666, -81.2203521729, 66.417098999, -85.6942749023, -57.5170936584, 3.87471795082, -49.1405296326, -1.07707285881, 13.9939785004, -15.7272386551], [-269.420501709, 258.163696289, -77.241607666, 201.473526001, 35.2641983032, -6.70845794678, 29.2810173035, -12.597401619, 26.4674930573, 23.3602409363, -17.3025054932, 28.4750022888, 58.3563957214], [-180.350509644, 182.760437012, -81.2203521729, 35.2641983032, 115.917114258, -7.53573513031, 22.7095222473, -7.84007501602, -8.06982040405, 8.19561576843, -17.4203414917, 12.1975727081, 24.6380386353], [75.778213501, -85.5092926025, 66.417098999, -6.70845794678, -7.53573513031, 98.5453033447, 19.3758087158, 2.63404750824, 15.9779653549, -11.1338844299, 5.45879650116, 17.8342227936, -1.88566410542], [-239.593048096, 244.428146362, -85.6942749023, 29.2810173035, 22.7095222473, 19.3758087158, 133.490524292, 2.81356978416, -3.31230998039, 28.9012260437, -20.1843509674, 23.8581237793, 27.0975894928], [80.3577041626, -16.4926891327, -57.5170936584, -12.597401619, -7.84007501602, 2.63404750824, 2.81356978416, 106.064567566, 30.7894477844, 14.3310947418, 36.8360900879, -16.5740127563, -34.2008895874], [50.044921875, -34.948600769, 3.87471795082, 26.4674930573, -8.06982040405, 15.9779653549, -3.31230998039, 30.7894477844, 88.7287445068, 7.54466819763, 18.5633411407, -2.44933724403, -14.6863460541], [-98.0615386963, 110.833007813, -49.1405296326, 23.3602409363, 8.19561576843, -11.1338844299, 28.9012260437, 14.3310947418, 7.54466819763, 92.1452789307, 6.92827320099, 13.8085098267, 3.89626574516], [161.121414185, -102.641403198, -1.07707285881, -17.3025054932, -17.4203414917, 5.45879650116, -20.1843509674, 36.8360900879, 18.5633411407, 6.92827320099, 94.703338623, -1.92197036743, -39.8584899902], [-94.1203613281, 77.6678543091, 13.9939785004, 28.4750022888, 12.1975727081, 17.8342227936, 23.8581237793, -16.5740127563, -2.44933724403, 13.8085098267, -1.92197036743, 73.8966140747, 43.1230125427], [-240.01008606, 188.057312012, -15.7272386551, 58.3563957214, 24.6380386353, -1.88566410542, 27.0975894928, -34.2008895874, -14.6863460541, 3.89626574516, -39.8584899902, 43.1230125427, 105.820327759]],
        "icov": [[0.00133929296862, 0.000964212638792, 5.01361755596e-005, 0.000175593755557, 0.000175675217179, -0.0001813556446, 0.000359694677172, -0.000381455989555, 4.24552899858e-006, 0.000181252267794, -0.000629365968052, -6.42304730718e-005, 0.000758220965508], [0.000964212638792, 0.00294925365597, 0.00219596829265, -0.000783637224231, -0.000589421659242, 0.000516339961905, -0.00153511250392, 0.000181904964847, 0.000230743389693, -0.000480139657157, 0.000349839858245, -0.000636750424746, -0.00125650689006], [5.01361755596e-005, 0.00219596829265, 0.00544762704521, 4.55201225122e-005, 0.00107369094621, -0.0016041652998, 0.000402951380238, 0.00230761338025, -0.000356013973942, -0.000207076285733, 0.00126825610641, -0.0017708519008, -0.00148266961332], [0.000175593755557, -0.000783637224231, 4.55201225122e-005, 0.00751261785626, -0.000505685573444, -7.04634585418e-005, 0.000776164175477, 0.000916705175769, -0.00326047465205, -0.000646306725685, -0.00048290041741, -0.000263102032477, -0.00263467733748], [0.000175675217179, -0.000589421659242, 0.00107369094621, -0.000505685573444, 0.0108183557168, -0.000633326242678, 0.00066470837919, 0.000489123805892, 0.000511721416842, 0.000310052768327, 0.000875772791915, -0.00100309238769, 0.000140377975185], [-0.0001813556446, 0.000516339961905, -0.0016041652998, -7.04634585418e-005, -0.000633326242678, 0.0138461459428, -0.00425481982529, -0.000876029254869, -0.00215081800707, 0.00221470627002, -0.000213245148188, -0.00332369259559, 0.000566176255234], [0.000359694677172, -0.00153511250392, 0.000402951380238, 0.000776164175477, 0.00066470837919, -0.00425481982529, 0.0123487859964, -0.00072666304186, 0.000436988309957, -0.00203276984394, 0.00158482091501, -0.00165935291443, 0.000956813863013], [-0.000381455989555, 0.000181904964847, 0.00230761338025, 0.000916705175769, 0.000489123805892, -0.000876029254869, -0.00072666304186, 0.014156864956, -0.00383040262386, -0.00147365930025, -0.00318616838194, 0.00157830014359, 0.000960405217484], [4.24552899858e-006, 0.000230743389693, -0.000356013973942, -0.00326047465205, 0.000511721416842, -0.00215081800707, 0.000436988309957, -0.00383040262386, 0.0145967211574, -0.000723401608411, -0.000717345217708, 0.000231311831158, 0.00152534281369], [0.000181252267794, -0.000480139657157, -0.000207076285733, -0.000646306725685, 0.000310052768327, 0.00221470627002, -0.00203276984394, -0.00147365930025, -0.000723401608411, 0.013263409026, -0.00102107378189, -0.00279679149389, 0.00176791241392], [-0.000629365968052, 0.000349839858245, 0.00126825610641, -0.00048290041741, 0.000875772791915, -0.000213245148188, 0.00158482091501, -0.00318616838194, -0.000717345217708, -0.00102107378189, 0.0156929101795, -0.00458077574149, 0.00447800569236], [-6.42304730718e-005, -0.000636750424746, -0.0017708519008, -0.000263102032477, -0.00100309238769, -0.00332369259559, -0.00165935291443, 0.00157830014359, 0.000231311831158, -0.00279679149389, -0.00458077574149, 0.0217785164714, -0.0084881670773], [0.000758220965508, -0.00125650689006, -0.00148266961332, -0.00263467733748, 0.000140377975185, 0.000566176255234, 0.000956813863013, 0.000960405217484, 0.00152534281369, 0.00176791241392, 0.00447800569236, -0.0084881670773, 0.0199703760445]]
    },
    "spectral_contrast_coeffs": {
        "mean": [-0.622206866741, -0.702284574509, -0.785667777061, -0.789677560329, -0.713618397713, -0.782502293587],
        "var": [0.00421089539304, 0.00423738732934, 0.00443275365978, 0.00220151850954, 0.00248795375228, 0.00126202753745]
    },
    "spectral_contrast_valleys": {
        "mean": [-6.49056768417, -6.08701038361, -6.75693082809, -7.34250974655, -8.14512443542, -11.0408620834],
        "var": [0.413190722466, 0.389020621777, 0.344938904047, 0.314425140619, 0.504354715347, 1.3055781126]
    }
},
"metadata": {
    "audio_properties": {
        "analysis_sample_rate": 44100,
        "bit_rate": 128074,
        "equal_loudness": 0,
        "length": 45.0612258911,
        "lossless": 0,
        "replay_gain": -5.13199615479,
        "sample_rate": 44100,
        "codec": "mp3",
        "downmix": "mix",
        "md5_encoded": "dc490f82b7cb6728bef50c76c24d4cd4"
    },
    "tags": {
        "file_name": "1996.mp3"
    },
    "version": {
        "essentia": "2.1-beta2",
        "essentia_git_sha": "v2.1_beta2",
        "extractor": "music 1.0"
    }
},
"rhythm": {
    "beats_count": 60,
    "beats_loudness": {
        "mean": 0.0509418100119,
        "var": 0.00013192879851
    },
    "bpm": 80.4664382935,
    "bpm_histogram_first_peak_bpm": {
        "mean": 81,
        "var": 0
    },
    "bpm_histogram_first_peak_spread": {
        "mean": 0.189655140042,
        "var": 0
    },
    "bpm_histogram_first_peak_weight": {
        "mean": 0.796610176563,
        "var": 0
    },
    "bpm_histogram_second_peak_bpm": {
        "mean": 75,
        "var": 0
    },
    "bpm_histogram_second_peak_spread": {
        "mean": 0,
        "var": 0
    },
    "bpm_histogram_second_peak_weight": {
        "mean": 0.0169491525739,
        "var": 0
    },
    "danceability": 1.8757392168,
    "onset_rate": 3.28294014931,
    "beats_loudness_band_ratio": {
        "mean": [0.235487788916, 0.529937148094, 0.169784277678, 0.0552415363491, 0.0509823448956, 0.0238264519721],
        "var": [0.013833552599, 0.0326641574502, 0.0170003753155, 0.00553674856201, 0.00223204214126, 8.17032996565e-005]
    },
    "beats_position": [0.801088392735, 1.60217678547, 2.36843538284, 3.11147379875, 3.87773227692, 4.6439909935, 5.41024923325, 6.17650794983, 6.91954612732, 7.67419481277, 8.42884349823, 9.17188167572, 9.91492080688, 10.6811790466, 11.4242172241, 12.1672563553, 12.9102945328, 13.6533327103, 14.4195919037, 15.1742401123, 15.9288883209, 16.6719264984, 17.4149665833, 18.181224823, 18.9242630005, 19.667301178, 20.4103393555, 21.1765975952, 21.9196376801, 22.6742858887, 23.4289340973, 24.1603622437, 24.9150104523, 25.6580486298, 26.4010887146, 27.1441268921, 27.8987751007, 28.6534233093, 29.3964614868, 30.1394996643, 30.8825397491, 31.6023578644, 32.3453979492, 33.0884361267, 33.8198623657, 34.5512924194, 35.2943305969, 36.0373687744, 36.7687988281, 37.5002250671, 38.2432632446, 38.9746932983, 39.7061233521, 40.4259414673, 41.1805877686, 41.923625946, 42.6666641235, 43.3980941772, 44.129524231, 44.86095047]
},
"tonal": {
    "chords_changes_rate": 0.0596707835793,
    "chords_number_rate": 0.00617283955216,
    "chords_strength": {
        "mean": 0.525396764278,
        "var": 0.015198642388
    },
    "hpcp_entropy": {
        "mean": 2.15938878059,
        "var": 0.566791474819
    },
    "key_strength": 0.791905641556,
    "tuning_diatonic_strength": 0.474268883467,
    "tuning_equal_tempered_deviation": 0.087110646069,
    "tuning_frequency": 441.272583008,
    "tuning_nontempered_energy_ratio": 0.720839679241,
    "hpcp": {
        "mean": [0.103788174689, 0.0669932216406, 0.0506263487041, 0.046631000936, 0.0516110248864, 0.226228430867, 0.422584414482, 0.279849022627, 0.0907332971692, 0.0718512609601, 0.0711234286427, 0.0737202391028, 0.0656426921487, 0.0568648055196, 0.0969799309969, 0.133408784866, 0.096936494112, 0.0742267072201, 0.107737220824, 0.189212843776, 0.384624421597, 0.479154497385, 0.303083956242, 0.144060909748, 0.0900651663542, 0.0577046349645, 0.0577897503972, 0.0633367747068, 0.077697083354, 0.199838891625, 0.274004429579, 0.167075231671, 0.0776173621416, 0.0622625648975, 0.0689009204507, 0.0991259515285],
        "var": [0.0441547483206, 0.0211572758853, 0.0191443618387, 0.0169960763305, 0.0133564146236, 0.0460279025137, 0.125168845057, 0.0554830804467, 0.0317484587431, 0.0338710583746, 0.0315039567649, 0.0302397701889, 0.0248465854675, 0.0169872585684, 0.0209116302431, 0.0365521125495, 0.0273455623537, 0.0239070914686, 0.0409827046096, 0.0724184066057, 0.0985340848565, 0.140267178416, 0.0788348093629, 0.0490747019649, 0.0301211867481, 0.0201349165291, 0.0173948667943, 0.0206036325544, 0.0178329553455, 0.0850617960095, 0.137703418732, 0.0596469305456, 0.0227171033621, 0.0127015672624, 0.0238518863916, 0.0366241261363]
    },
    "chords_histogram": [56.6872444153, 18.1069965363, 0.308641970158, 0, 0, 9.05349826813, 0, 11.3168725967, 2.88065838814, 0, 0, 0, 0, 0, 0, 0, 0, 0, 0, 0, 0, 0, 0.102880656719, 1.54320991039],
    "thpcp": [1, 0.632539093494, 0.300656497478, 0.18796685338, 0.120430119336, 0.120607756078, 0.132184445858, 0.162154555321, 0.417065680027, 0.571849882603, 0.348687589169, 0.161988168955, 0.129942566156, 0.143796876073, 0.206876799464, 0.216606914997, 0.139815494418, 0.105657674372, 0.097319342196, 0.107712700963, 0.472140878439, 0.881937682629, 0.584047555923, 0.189361259341, 0.149954259396, 0.148435279727, 0.153854846954, 0.136996924877, 0.118677392602, 0.202398046851, 0.278425395489, 0.202307388186, 0.154911845922, 0.224848613143, 0.394888997078, 0.802714824677],
    "chords_key": "E",
    "chords_scale": "minor",
    "key_key": "E",
    "key_scale": "minor"
}
}