{
"lowlevel": {
    "average_loudness": 0.964387834072,
    "barkbands_crest": {
        "mean": 9.77362251282,
        "var": 8.37079811096
    },
    "barkbands_flatness_db": {
        "mean": 0.157558619976,
        "var": 0.00113483541645
    },
    "barkbands_kurtosis": {
        "mean": 7.53690862656,
        "var": 48.3571891785
    },
    "barkbands_skewness": {
        "mean": 2.24163150787,
        "var": 1.00253677368
    },
    "barkbands_spread": {
        "mean": 13.3613643646,
        "var": 40.2555236816
    },
    "dissonance": {
        "mean": 0.460390836,
        "var": 0.000740385788959
    },
    "dynamic_complexity": 2.37780714035,
    "erbbands_crest": {
        "mean": 8.94149589539,
        "var": 16.5056629181
    },
    "erbbands_flatness_db": {
        "mean": 0.153281375766,
        "var": 0.000884495791979
    },
    "erbbands_kurtosis": {
        "mean": -0.0455176271498,
        "var": 2.22654414177
    },
    "erbbands_skewness": {
        "mean": 0.53318810463,
        "var": 0.377121657133
    },
    "erbbands_spread": {
        "mean": 43.0178413391,
        "var": 284.456695557
    },
    "hfc": {
        "mean": 13.8521080017,
        "var": 135.376068115
    },
    "melbands_crest": {
        "mean": 13.1988286972,
        "var": 12.9403057098
    },
    "melbands_flatness_db": {
        "mean": 0.238444402814,
        "var": 0.00185998005327
    },
    "melbands_kurtosis": {
        "mean": 20.5244159698,
        "var": 300.751281738
    },
    "melbands_skewness": {
        "mean": 3.38138699532,
        "var": 2.25871348381
    },
    "melbands_spread": {
        "mean": 12.2275876999,
        "var": 54.5940513611
    },
    "pitch_salience": {
        "mean": 0.609813690186,
        "var": 0.00906103197485
    },
    "silence_rate_20dB": {
        "mean": 1,
        "var": 0
    },
    "silence_rate_30dB": {
        "mean": 0.991246163845,
        "var": 0.00867711752653
    },
    "silence_rate_60dB": {
        "mean": 0.00978372804821,
        "var": 0.00968788098544
    },
    "spectral_centroid": {
        "mean": 867.150939941,
        "var": 111119.164063
    },
    "spectral_complexity": {
        "mean": 15.527806282,
        "var": 37.8899040222
    },
    "spectral_decrease": {
        "mean": -8.40646574574e-009,
        "var": 3.87015507824e-017
    },
    "spectral_energy": {
        "mean": 0.032984379679,
        "var": 0.00059394625714
    },
    "spectral_energyband_high": {
        "mean": 0.000208988261875,
        "var": 2.96290938451e-008
    },
    "spectral_energyband_low": {
        "mean": 0.0124184070155,
        "var": 0.000124526501168
    },
    "spectral_energyband_middle_high": {
        "mean": 0.00346093671396,
        "var": 2.20593901759e-005
    },
    "spectral_energyband_middle_low": {
        "mean": 0.0190540775657,
        "var": 0.000252381549217
    },
    "spectral_entropy": {
        "mean": 7.37347888947,
        "var": 0.0729772001505
    },
    "spectral_flux": {
        "mean": 0.0965210869908,
        "var": 0.00278523541056
    },
    "spectral_kurtosis": {
        "mean": 5.31244134903,
        "var": 4.04016113281
    },
    "spectral_rms": {
        "mean": 0.00532217137516,
        "var": 3.85432531402e-006
    },
    "spectral_rolloff": {
        "mean": 632.688720703,
        "var": 435159.09375
    },
    "spectral_skewness": {
        "mean": 1.68266105652,
        "var": 0.108981490135
    },
    "spectral_spread": {
        "mean": 4012205.5,
        "var": 1.7701863424e+012
    },
    "spectral_strongpeak": {
        "mean": 0.777672588825,
        "var": 0.798035502434
    },
    "zerocrossingrate": {
        "mean": 0.0372899025679,
        "var": 0.000281104817986
    },
    "barkbands": {
        "mean": [0.000423171353759, 0.00550032546744, 0.0044248807244, 0.00452982168645, 0.00596129242331, 0.0041944119148, 0.00079368846491, 0.00096468772972, 0.002442170633, 0.000467593054054, 0.000527640164364, 0.000654079718515, 0.000434940069681, 0.000424094352638, 0.000198291818378, 0.000170955769136, 0.000231069279835, 0.000209089601412, 0.00016952714941, 0.000102583195257, 6.58811622998e-005, 2.57488736679e-005, 2.91527649097e-005, 1.92594270629e-005, 1.45211361087e-005, 5.42153020433e-006, 8.48055137226e-008],
        "var": [7.50765309476e-007, 3.26618464896e-005, 3.17238991556e-005, 2.53985872405e-005, 4.10947504861e-005, 5.64790243516e-005, 1.39459768889e-006, 5.01941485709e-006, 2.88908322545e-005, 1.61452817338e-006, 2.99017415273e-006, 4.79606433146e-006, 1.24491828046e-006, 1.3179214875e-006, 5.1120608191e-008, 2.1792565974e-008, 4.31851248095e-008, 5.91133009209e-008, 2.13036415175e-008, 7.19937354177e-009, 3.5464682302e-009, 1.49945045269e-009, 1.66797553547e-009, 6.19876538988e-010, 1.77733272544e-010, 2.60899479104e-011, 1.05639035388e-014]
    },
    "erbbands": {
        "mean": [0.104153610766, 1.43079936504, 5.0597577095, 10.5236110687, 17.2519931793, 21.5716228485, 27.8430557251, 33.6568183899, 13.422328949, 9.86313343048, 35.0925369263, 57.8328514099, 23.6080322266, 16.7029972076, 20.1707324982, 30.0985984802, 21.2094917297, 21.6485023499, 15.1929254532, 8.97478103638, 10.6336765289, 12.5741376877, 11.6586465836, 10.5610046387, 6.53109359741, 4.77844953537, 3.91788864136, 1.62461447716, 0.978395998478, 0.771154820919, 0.810792326927, 0.501497507095, 0.292856633663, 0.199537411332, 0.083054125309, 0.0330061390996, 0.00793363898993, 0.000770356680732, 3.35599397658e-005, 3.81138488592e-005],
        "var": [0.0198803655803, 2.07351851463, 33.379699707, 113.633293152, 339.459411621, 537.670654297, 1666.49816895, 4449.02783203, 543.754089355, 156.697723389, 5033.68994141, 17562.8144531, 4382.07666016, 2287.046875, 2770.234375, 9545.14355469, 2537.05688477, 3120, 987.492431641, 70.2863998413, 75.8621368408, 112.874488831, 204.22593689, 80.7891540527, 31.0299434662, 15.8027763367, 12.4484157562, 3.22532081604, 1.8257278204, 2.23678517342, 1.07242429256, 0.344896614552, 0.214209243655, 0.039213385433, 0.00564460875466, 0.00103290413972, 5.25593713974e-005, 4.54205746792e-007, 5.06576669501e-010, 7.67763297382e-010]
    },
    "gfcc": {
        "mean": [-5.25928688049, 118.684150696, -107.531600952, 41.6336135864, -50.4342346191, 4.77805662155, -43.72057724, 10.5780191422, -29.8057575226, -2.29385995865, -17.3423042297, -5.87002372742, -9.53797245026],
        "cov": [[2597.79614258, 191.763397217, -224.969055176, -121.504806519, -78.6573944092, 205.484130859, 151.415771484, 33.2221717834, -39.8468818665, 9.70196437836, 40.3411750793, 11.7559528351, -61.0704460144], [191.763397217, 332.980010986, -71.0576705933, -73.3927993774, 99.4709396362, -21.3588199615, 77.9013824463, -36.5466041565, -13.7083597183, -46.586605072, 21.9914512634, -29.017080307, 34.9736099243], [-224.969055176, -71.0576705933, 382.651916504, 164.104797363, 50.055973053, -0.148984625936, -73.4191589355, 39.927482605, 8.84957885742, 26.8719005585, 0.505250990391, 28.5219898224, 18.2055149078], [-121.504806519, -73.3927993774, 164.104797363, 289.565338135, 115.979904175, -32.6556167603, -31.2434806824, 36.0813598633, 38.7203407288, 18.5091514587, -14.4829769135, 3.87026929855, 30.1903171539], [-78.6573944092, 99.4709396362, 50.055973053, 115.979904175, 203.891830444, -1.37835109234, 21.4670238495, 24.3722114563, 6.24548387527, -5.14825153351, -13.3710355759, -17.4820556641, 34.1300811768], [205.484130859, -21.3588199615, -0.148984625936, -32.6556167603, -1.37835109234, 132.796386719, 67.4069519043, 16.4304561615, 1.1065350771, -6.43736410141, 4.88090896606, 6.63265228271, -23.0873146057], [151.415771484, 77.9013824463, -73.4191589355, -31.2434806824, 21.4670238495, 67.4069519043, 123.522163391, 14.6342964172, -0.781865000725, -21.3115768433, 2.37407016754, -6.06807041168, -6.59837627411], [33.2221717834, -36.5466041565, 39.927482605, 36.0813598633, 24.3722114563, 16.4304561615, 14.6342964172, 77.81224823, 28.1670627594, 19.5652008057, -11.5049886703, -2.89857721329, -2.41163086891], [-39.8468818665, -13.7083597183, 8.84957885742, 38.7203407288, 6.24548387527, 1.1065350771, -0.781865000725, 28.1670627594, 68.2267990112, 25.8833274841, -3.44421720505, -6.28806257248, 0.93237298727], [9.70196437836, -46.586605072, 26.8719005585, 18.5091514587, -5.14825153351, -6.43736410141, -21.3115768433, 19.5652008057, 25.8833274841, 62.8495521545, 16.0604705811, 9.35454845428, -2.41732406616], [40.3411750793, 21.9914512634, 0.505250990391, -14.4829769135, -13.3710355759, 4.88090896606, 2.37407016754, -11.5049886703, -3.44421720505, 16.0604705811, 51.0790138245, 24.4944057465, 2.43429136276], [11.7559528351, -29.017080307, 28.5219898224, 3.87026929855, -17.4820556641, 6.63265228271, -6.06807041168, -2.89857721329, -6.28806257248, 9.35454845428, 24.4944057465, 60.0653648376, 18.4305171967], [-61.0704460144, 34.9736099243, 18.2055149078, 30.1903171539, 34.1300811768, -23.0873146057, -6.59837627411, -2.41163086891, 0.93237298727, -2.41732406616, 2.43429136276, 18.4305171967, 53.7505683899]],
        "icov": [[0.0008545499295, -0.00268008979037, 0.00127529911697, -0.00196673884057, 0.00209591677412, -0.00286249397323, 0.00194630154874, -0.00185994105414, 0.00227615307085, -0.00206583621912, 0.00163630198222, -0.00140061904676, 0.00125635624863], [-0.00268008979037, 0.0202678181231, -0.00665166042745, 0.0130959572271, -0.0140739781782, 0.0158821083605, -0.0151278758422, 0.0109940133989, -0.0123054785654, 0.0131495175883, -0.014819547534, 0.0113622229546, -0.0093608032912], [0.00127529911697, -0.00665166042745, 0.00707823969424, -0.00685674697161, 0.00481429602951, -0.00790494680405, 0.00838685687631, -0.00610795291141, 0.00616621039808, -0.00458623142913, 0.00405915267766, -0.00465957541019, 0.00263466709293], [-0.00196673884057, 0.0130959572271, -0.00685674697161, 0.01533921808, -0.0124381463975, 0.0124833649024, -0.0100008854643, 0.00741813378409, -0.0117004346102, 0.00877621769905, -0.00801699608564, 0.00575346406549, -0.00569602753967], [0.00209591677412, -0.0140739781782, 0.00481429602951, -0.0124381463975, 0.018246492371, -0.0123368101195, 0.00881208945066, -0.00929211452603, 0.0111190695316, -0.00956209469587, 0.0094320802018, -0.00296932435594, 0.000642289000098], [-0.00286249397323, 0.0158821083605, -0.00790494680405, 0.0124833649024, -0.0123368101195, 0.0267907623202, -0.0193602424115, 0.00898081623018, -0.0121047962457, 0.0111922789365, -0.0103228027001, 0.00460147624835, -0.000950196117628], [0.00194630154874, -0.0151278758422, 0.00838685687631, -0.0100008854643, 0.00881208945066, -0.0193602424115, 0.0272886361927, -0.0125410733745, 0.00905729550868, -0.00458855368197, 0.00736293010414, -0.00719321286306, 0.0054767425172], [-0.00185994105414, 0.0109940133989, -0.00610795291141, 0.00741813378409, -0.00929211452603, 0.00898081623018, -0.0125410733745, 0.0259800367057, -0.0126197105274, 0.00141832814552, -0.0011532488279, 0.00427068164572, -0.00311004649848], [0.00227615307085, -0.0123054785654, 0.00616621039808, -0.0117004346102, 0.0111190695316, -0.0121047962457, 0.00905729550868, -0.0126197105274, 0.0302351210266, -0.0163182765245, 0.00917314644903, -0.00250071682967, 0.00254589482211], [-0.00206583621912, 0.0131495175883, -0.00458623142913, 0.00877621769905, -0.00956209469587, 0.0111922789365, -0.00458855368197, 0.00141832814552, -0.0163182765245, 0.0343321822584, -0.0189645830542, 0.00559449568391, -0.00313204037957], [0.00163630198222, -0.014819547534, 0.00405915267766, -0.00801699608564, 0.0094320802018, -0.0103228027001, 0.00736293010414, -0.0011532488279, 0.00917314644903, -0.0189645830542, 0.0408672355115, -0.0198288187385, 0.00899515021592], [-0.00140061904676, 0.0113622229546, -0.00465957541019, 0.00575346406549, -0.00296932435594, 0.00460147624835, -0.00719321286306, 0.00427068164572, -0.00250071682967, 0.00559449568391, -0.0198288187385, 0.0349120050669, -0.0182452090085], [0.00125635624863, -0.0093608032912, 0.00263466709293, -0.00569602753967, 0.000642289000098, -0.000950196117628, 0.0054767425172, -0.00311004649848, 0.00254589482211, -0.00313204037957, 0.00899515021592, -0.0182452090085, 0.0338101014495]]
    },
    "melbands": {
        "mean": [0.0012612856226, 0.00246092374437, 0.00205199886113, 0.00145575741772, 0.000970167922787, 0.000754276989028, 0.000184599906788, 0.000104769816971, 0.000340486876667, 0.000345991080394, 0.000107762818516, 6.41030783299e-005, 7.14608031558e-005, 7.13438566891e-005, 6.66266350891e-005, 3.99450327677e-005, 4.0626811824e-005, 2.70732671197e-005, 1.26228705994e-005, 1.17358440548e-005, 1.28064421006e-005, 1.37240158438e-005, 1.09992652142e-005, 9.88614192465e-006, 8.65742003953e-006, 5.45496368431e-006, 3.9002225094e-006, 2.90550974569e-006, 2.74720400739e-006, 1.51267465753e-006, 7.74259376612e-007, 6.13486179191e-007, 3.61753905054e-007, 4.60427230564e-007, 4.86191368054e-007, 3.884793216e-007, 2.79264554592e-007, 2.01990815185e-007, 1.76141313091e-007, 1.69372299297e-007],
        "var": [1.96567202693e-006, 6.2092672124e-006, 3.80385176868e-006, 2.51561982623e-006, 1.48026663283e-006, 2.0611751097e-006, 1.0595810096e-007, 2.0888341723e-008, 4.58226082856e-007, 6.75295268593e-007, 1.10166794798e-007, 3.40269963317e-008, 4.50958204112e-008, 5.95758855582e-008, 3.45742670049e-008, 1.13699760718e-008, 1.17510490227e-008, 4.72712446964e-009, 1.56221494074e-010, 1.17237095032e-010, 1.38444200548e-010, 1.54975823841e-010, 1.7181410461e-010, 1.57852009242e-010, 5.96805382891e-011, 2.72572589499e-011, 1.12018380682e-011, 6.75959635488e-012, 7.61743619571e-012, 1.7624924957e-012, 1.17358033014e-012, 7.97866872397e-013, 4.71753061962e-013, 8.82657282767e-013, 4.4603803615e-013, 2.23199022741e-013, 1.11628832263e-013, 1.07925949807e-013, 7.35871799151e-014, 2.58521468935e-014]
    },
    "mfcc": {
        "mean": [-649.651489258, 143.384521484, 3.94412136078, 37.7914733887, 13.9257125854, -2.21849012375, 2.4189119339, 0.568630933762, -2.85236763954, 2.16323709488, -6.38541460037, -1.93793988228, -7.45686817169],
        "cov": [[2087.73925781, 142.671310425, -162.750991821, -226.936279297, -178.821716309, 98.1703948975, 112.929328918, 104.13344574, -19.6544418335, 24.5076713562, 113.546562195, 31.6487693787, -45.3272743225], [142.671310425, 391.58605957, -122.866668701, -40.5196723938, -5.8991651535, 5.64366912842, 64.9893417358, 7.29350948334, 1.62408936024, -14.8749923706, -12.8243656158, -14.9345788956, -18.0009117126], [-162.750991821, -122.866668701, 317.635162354, 61.022808075, 67.5099563599, -3.37956881523, -25.305475235, -2.33445096016, -3.63098835945, -1.01593160629, -21.6882743835, 27.5112953186, 48.5307731628], [-226.936279297, -40.5196723938, 61.022808075, 290.365905762, 152.390975952, -2.34515118599, -4.54849815369, -14.8253555298, 51.1242256165, 15.4011154175, -33.0131759644, -11.5364160538, 32.8426399231], [-178.821716309, -5.8991651535, 67.5099563599, 152.390975952, 183.461547852, 8.79638385773, 5.99387359619, -9.85465717316, 38.8231735229, 23.9331626892, -25.5210857391, -5.36226129532, 14.6634721756], [98.1703948975, 5.64366912842, -3.37956881523, -2.34515118599, 8.79638385773, 89.0962905884, 37.3002662659, 33.3089637756, 9.23248386383, -0.547195851803, 14.298787117, -2.04926872253, -4.34666538239], [112.929328918, 64.9893417358, -25.305475235, -4.54849815369, 5.99387359619, 37.3002662659, 98.7049179077, 43.4615516663, 14.6762094498, -3.67048740387, 4.73387527466, 1.71762537956, -2.65645074844], [104.13344574, 7.29350948334, -2.33445096016, -14.8253555298, -9.85465717316, 33.3089637756, 43.4615516663, 80.2292098999, 26.5964756012, -0.370035111904, 13.5676851273, 1.59429311752, -6.71921443939], [-19.6544418335, 1.62408936024, -3.63098835945, 51.1242256165, 38.8231735229, 9.23248386383, 14.6762094498, 26.5964756012, 75.5689468384, 28.1575069427, 2.15120172501, -3.56602215767, -1.39657366276], [24.5076713562, -14.8749923706, -1.01593160629, 15.4011154175, 23.9331626892, -0.547195851803, -3.67048740387, -0.370035111904, 28.1575069427, 66.568145752, 23.2883358002, 2.10680985451, -10.0316467285], [113.546562195, -12.8243656158, -21.6882743835, -33.0131759644, -25.5210857391, 14.298787117, 4.73387527466, 13.5676851273, 2.15120172501, 23.2883358002, 65.2671356201, 18.0979251862, -12.3696308136], [31.6487693787, -14.9345788956, 27.5112953186, -11.5364160538, -5.36226129532, -2.04926872253, 1.71762537956, 1.59429311752, -3.56602215767, 2.10680985451, 18.0979251862, 54.4804649353, 21.2501506805], [-45.3272743225, -18.0009117126, 48.5307731628, 32.8426399231, 14.6634721756, -4.34666538239, -2.65645074844, -6.71921443939, -1.39657366276, -10.0316467285, -12.3696308136, 21.2501506805, 63.3319396973]],
        "icov": [[0.000640202197246, -0.000153504282935, 0.00011337432079, 0.00011991635256, 0.000397820520448, -0.000394480564864, -0.000320232647937, -0.000419830204919, 0.000305612629745, -0.000409644009778, -0.000503472052515, -0.000194994587218, -2.70824557447e-006], [-0.000153504282935, 0.00346610671841, 0.0011705692159, 0.000704031554051, -0.000855650112499, 0.000634448311757, -0.00232949433848, 0.000890389608685, -0.000303428329062, 0.00068339338759, 0.000924977648538, 0.000205458869459, 6.49077846901e-005], [0.00011337432079, 0.0011705692159, 0.00463607721031, 0.000285101617919, -0.00179146521259, -0.000139561714604, 0.000813328137156, -0.00152221182361, 0.00135924108326, -0.00046717558871, 0.00149185839109, -0.00172569230199, -0.00218237400986], [0.00011991635256, 0.000704031554051, 0.000285101617919, 0.00718013569713, -0.00510572269559, 0.000387552194297, -0.000156559079187, 0.00112534884829, -0.00297746551223, 0.00105734099634, 1.88245576282e-005, 0.00185381644405, -0.00285095907748], [0.000397820520448, -0.000855650112499, -0.00179146521259, -0.00510572269559, 0.0119801005349, -0.00216685608029, -0.00126559194177, 0.00180008774623, -0.00153952080291, -0.00361652369611, 0.00276607950218, -0.00104632298462, 0.0015619470505], [-0.000394480564864, 0.000634448311757, -0.000139561714604, 0.000387552194297, -0.00216685608029, 0.0154405925423, -0.00397811550647, -0.00359274633229, 0.000412159832194, 0.00182840332855, -0.00367844989523, 0.00250462326221, -0.000442775664851], [-0.000320232647937, -0.00232949433848, 0.000813328137156, -0.000156559079187, -0.00126559194177, -0.00397811550647, 0.0169988274574, -0.00739769125357, 0.000281207787339, 0.000398019241402, 0.00114470196422, -0.00161336001474, -0.000651052512694], [-0.000419830204919, 0.000890389608685, -0.00152221182361, 0.00112534884829, 0.00180008774623, -0.00359274633229, -0.00739769125357, 0.02254640311, -0.00940840039402, 0.00428969180211, -0.0027518554125, 0.000582505133934, 0.00169296353124], [0.000305612629745, -0.000303428329062, 0.00135924108326, -0.00297746551223, -0.00153952080291, 0.000412159832194, 0.000281207787339, -0.00940840039402, 0.0228351037949, -0.00943212211132, 0.00214346544817, -0.000103232508991, -0.000503878807649], [-0.000409644009778, 0.00068339338759, -0.00046717558871, 0.00105734099634, -0.00361652369611, 0.00182840332855, 0.000398019241402, 0.00428969180211, -0.00943212211132, 0.0241425652057, -0.0096579734236, 0.00114561722148, 0.00249078194611], [-0.000503472052515, 0.000924977648538, 0.00149185839109, 1.88245576282e-005, 0.00276607950218, -0.00367844989523, 0.00114470196422, -0.0027518554125, 0.00214346544817, -0.0096579734236, 0.026306733489, -0.0100616049021, 0.00464433431625], [-0.000194994587218, 0.000205458869459, -0.00172569230199, 0.00185381644405, -0.00104632298462, 0.00250462326221, -0.00161336001474, 0.000582505133934, -0.000103232508991, 0.00114561722148, -0.0100616049021, 0.027077101171, -0.0101831732318], [-2.70824557447e-006, 6.49077846901e-005, -0.00218237400986, -0.00285095907748, 0.0015619470505, -0.000442775664851, -0.000651052512694, 0.00169296353124, -0.000503878807649, 0.00249078194611, 0.00464433431625, -0.0101831732318, 0.0234247408807]]
    },
    "spectral_contrast_coeffs": {
        "mean": [-0.614942014217, -0.710456192493, -0.764257133007, -0.793065071106, -0.804092645645, -0.777642428875],
        "var": [0.00443952158093, 0.00569558562711, 0.00538869155571, 0.00222216406837, 0.000723636185285, 0.000803239818197]
    },
    "spectral_contrast_valleys": {
        "mean": [-6.75205421448, -6.59544372559, -7.45164394379, -7.69410657883, -7.44633769989, -10.4800853729],
        "var": [0.647829473019, 0.536447227001, 0.534443438053, 0.463938385248, 0.42477235198, 0.417912751436]
    }
},
"metadata": {
    "audio_properties": {
        "analysis_sample_rate": 44100,
        "bit_rate": 128074,
        "equal_loudness": 0,
        "length": 45.0612258911,
        "lossless": 0,
        "replay_gain": -5.40493202209,
        "sample_rate": 44100,
        "codec": "mp3",
        "downmix": "mix",
        "md5_encoded": "660a47fdfcd4674cdb129d469310056f"
    },
    "tags": {
        "file_name": "1999.mp3"
    },
    "version": {
        "essentia": "2.1-beta2",
        "essentia_git_sha": "v2.1_beta2",
        "extractor": "music 1.0"
    }
},
"rhythm": {
    "beats_count": 120,
    "beats_loudness": {
        "mean": 0.0502804890275,
        "var": 0.000670568959322
    },
    "bpm": 162.150177002,
    "bpm_histogram_first_peak_bpm": {
        "mean": 161,
        "var": 0
    },
    "bpm_histogram_first_peak_spread": {
        "mean": 0.0899999961257,
        "var": 0
    },
    "bpm_histogram_first_peak_weight": {
        "mean": 0.764705896378,
        "var": 0
    },
    "bpm_histogram_second_peak_bpm": {
        "mean": 167,
        "var": 0
    },
    "bpm_histogram_second_peak_spread": {
        "mean": 0,
        "var": 0
    },
    "bpm_histogram_second_peak_weight": {
        "mean": 0.109243698418,
        "var": 0
    },
    "danceability": 1.46735191345,
    "onset_rate": 4.34767723083,
    "beats_loudness_band_ratio": {
        "mean": [0.549096703529, 0.237140834332, 0.1400154531, 0.0556633286178, 0.036770299077, 0.0158320832998],
        "var": [0.044782537967, 0.0232117138803, 0.0146586177871, 0.00470656715333, 0.000658180681057, 8.29208511277e-005]
    },
    "beats_position": [0.394739210606, 0.812698423862, 1.21904754639, 1.62539684772, 2.00852608681, 2.39165520668, 2.76317453384, 3.13469386101, 3.50621318817, 3.87773227692, 4.27247142792, 4.6439909935, 5.01551008224, 5.38702917099, 5.75854873657, 6.13006782532, 6.51319694519, 6.8963265419, 7.26784563065, 7.63936471939, 8.01088428497, 8.38240337372, 8.75392246246, 9.12544155121, 9.49696159363, 9.86848068237, 10.2399997711, 10.6115188599, 10.9830379486, 11.354557991, 11.7260770798, 12.0975961685, 12.4691152573, 12.840634346, 13.2121543884, 13.5836734772, 13.9551925659, 14.3267116547, 14.6866207123, 15.0465307236, 15.4180498123, 15.7895689011, 16.1610889435, 16.5326080322, 16.904127121, 17.2756462097, 17.6471652985, 18.0186843872, 18.390203476, 18.7617225647, 19.1216316223, 19.4815406799, 19.853061676, 20.2129707336, 20.5728797913, 20.94439888, 21.3159179688, 21.6874370575, 22.0589561462, 22.430475235, 22.8019943237, 23.1735134125, 23.5450344086, 23.9165534973, 24.2880725861, 24.6595916748, 25.0311107635, 25.4026298523, 25.774148941, 26.1456680298, 26.4939670563, 26.8422679901, 27.2137870789, 27.5853061676, 27.9568252563, 28.3399543762, 28.7230834961, 29.0946025848, 29.4661216736, 29.8376407623, 30.2091598511, 30.5922889709, 30.9754180908, 31.3353290558, 31.6952381134, 32.0667572021, 32.4382743835, 32.8097953796, 33.1813163757, 33.5528335571, 33.9243545532, 34.2958717346, 34.6673927307, 35.0389099121, 35.422039032, 35.7819480896, 36.1534690857, 36.5249862671, 36.8965072632, 37.2680282593, 37.6279373169, 37.9878463745, 38.3593635559, 38.7192726135, 39.0791816711, 39.4507026672, 39.8222198486, 40.1937408447, 40.5652618408, 40.9367790222, 41.3083000183, 41.6798171997, 42.0513381958, 42.4228553772, 42.7943763733, 43.1658935547, 43.5374145508, 43.9089317322, 44.2804527283, 44.6519737244]
},
"tonal": {
    "chords_changes_rate": 0.106995888054,
    "chords_number_rate": 0.00823045242578,
    "chords_strength": {
        "mean": 0.438426584005,
        "var": 0.00637406529859
    },
    "hpcp_entropy": {
        "mean": 2.20649313927,
        "var": 0.721718072891
    },
    "key_strength": 0.713284611702,
    "tuning_diatonic_strength": 0.602231562138,
    "tuning_equal_tempered_deviation": 0.130439862609,
    "tuning_frequency": 439.238189697,
    "tuning_nontempered_energy_ratio": 0.818251907825,
    "hpcp": {
        "mean": [0.216749534011, 0.154106512666, 0.0859742686152, 0.0743856728077, 0.102649457753, 0.14924068749, 0.199964419007, 0.158149600029, 0.0666864365339, 0.038613256067, 0.0391824655235, 0.0493503138423, 0.0661438629031, 0.0921119600534, 0.146768838167, 0.198636725545, 0.180436819792, 0.136334180832, 0.127480149269, 0.160271435976, 0.318966269493, 0.491080462933, 0.400017112494, 0.247605159879, 0.16473005712, 0.0818240717053, 0.0706482753158, 0.0807694941759, 0.0729585587978, 0.088745214045, 0.105111777782, 0.0798649936914, 0.0666028484702, 0.0689092352986, 0.0819322615862, 0.163004413247],
        "var": [0.0894410982728, 0.0474599786103, 0.0242328885943, 0.0195104200393, 0.0366743393242, 0.0478086918592, 0.0557315945625, 0.0436063371599, 0.0129799228162, 0.00699450960383, 0.00927015859634, 0.0166951902211, 0.0225923135877, 0.0353071689606, 0.0553000457585, 0.0875476226211, 0.0783533900976, 0.0566542893648, 0.0528871044517, 0.0649456828833, 0.0913879424334, 0.167016416788, 0.121430777013, 0.0830285325646, 0.0637618899345, 0.0284194182605, 0.0195821076632, 0.0232761353254, 0.0187055543065, 0.0357910953462, 0.0550302192569, 0.0226696059108, 0.016676498577, 0.0192214939743, 0.0217970460653, 0.0655575692654]
    },
    "chords_histogram": [9.67078208923, 0, 22.0164604187, 0, 7.40740728378, 1.64609050751, 0, 27.8806591034, 9.15637874603, 18.5185184479, 0.411522626877, 0, 0, 0, 0, 0, 0, 0, 0, 0, 0, 0.514403283596, 2.77777767181, 0],
    "thpcp": [1, 0.814565300941, 0.50420486927, 0.335444122553, 0.166620492935, 0.14386293292, 0.164473041892, 0.148567423224, 0.180714204907, 0.214041858912, 0.162631183863, 0.135625123978, 0.140321686864, 0.166840806603, 0.331930160522, 0.44137275219, 0.313811123371, 0.175071656704, 0.151473492384, 0.209027782083, 0.303902715445, 0.407192766666, 0.322044163942, 0.135795339942, 0.078629180789, 0.0797882825136, 0.100493334234, 0.134690478444, 0.187569990754, 0.298869222403, 0.404489159584, 0.367428213358, 0.277620851994, 0.259591162205, 0.326364934444, 0.649519383907],
    "chords_key": "A",
    "chords_scale": "major",
    "key_key": "A",
    "key_scale": "minor"
}
}