{
"lowlevel": {
    "average_loudness": 0.962019145489,
    "barkbands_crest": {
        "mean": 11.2089147568,
        "var": 12.6958732605
    },
    "barkbands_flatness_db": {
        "mean": 0.172897025943,
        "var": 0.00163945613895
    },
    "barkbands_kurtosis": {
        "mean": 7.67922067642,
        "var": 222.374130249
    },
    "barkbands_skewness": {
        "mean": 2.12112784386,
        "var": 2.14450335503
    },
    "barkbands_spread": {
        "mean": 15.9053087234,
        "var": 83.6931838989
    },
    "dissonance": {
        "mean": 0.457088172436,
        "var": 0.000706392573193
    },
    "dynamic_complexity": 2.74725794792,
    "erbbands_crest": {
        "mean": 9.07293224335,
        "var": 15.1711444855
    },
    "erbbands_flatness_db": {
        "mean": 0.17489849031,
        "var": 0.00134271394927
    },
    "erbbands_kurtosis": {
        "mean": -0.0711612328887,
        "var": 1.7147758007
    },
    "erbbands_skewness": {
        "mean": 0.270594030619,
        "var": 0.377385348082
    },
    "erbbands_spread": {
        "mean": 40.19789505,
        "var": 295.327514648
    },
    "hfc": {
        "mean": 15.9219875336,
        "var": 153.79737854
    },
    "melbands_crest": {
        "mean": 18.3209667206,
        "var": 36.5225334167
    },
    "melbands_flatness_db": {
        "mean": 0.25126928091,
        "var": 0.00281552388333
    },
    "melbands_kurtosis": {
        "mean": 22.5760498047,
        "var": 1536.33178711
    },
    "melbands_skewness": {
        "mean": 3.40806889534,
        "var": 4.6276884079
    },
    "melbands_spread": {
        "mean": 15.1213083267,
        "var": 119.511459351
    },
    "pitch_salience": {
        "mean": 0.487272381783,
        "var": 0.0157472062856
    },
    "silence_rate_20dB": {
        "mean": 1,
        "var": 0
    },
    "silence_rate_30dB": {
        "mean": 0.981471955776,
        "var": 0.0181847959757
    },
    "silence_rate_60dB": {
        "mean": 0.00617601629347,
        "var": 0.00613787723705
    },
    "spectral_centroid": {
        "mean": 1031.66210938,
        "var": 351998.15625
    },
    "spectral_complexity": {
        "mean": 17.3206386566,
        "var": 60.4308166504
    },
    "spectral_decrease": {
        "mean": -8.33876345752e-009,
        "var": 4.07015411547e-017
    },
    "spectral_energy": {
        "mean": 0.0329165905714,
        "var": 0.000618906167801
    },
    "spectral_energyband_high": {
        "mean": 0.000326805136865,
        "var": 5.5380945696e-007
    },
    "spectral_energyband_low": {
        "mean": 0.0137840630487,
        "var": 9.46265863604e-005
    },
    "spectral_energyband_middle_high": {
        "mean": 0.00455323932692,
        "var": 1.98620418814e-005
    },
    "spectral_energyband_middle_low": {
        "mean": 0.0161156952381,
        "var": 0.000463240023237
    },
    "spectral_entropy": {
        "mean": 7.26094961166,
        "var": 0.110602594912
    },
    "spectral_flux": {
        "mean": 0.0818626731634,
        "var": 0.00224510743283
    },
    "spectral_kurtosis": {
        "mean": 5.51742935181,
        "var": 11.0815629959
    },
    "spectral_rms": {
        "mean": 0.0053761205636,
        "var": 3.21115317092e-006
    },
    "spectral_rolloff": {
        "mean": 844.684814453,
        "var": 1128162.875
    },
    "spectral_skewness": {
        "mean": 1.63485968113,
        "var": 0.285719573498
    },
    "spectral_spread": {
        "mean": 3682668.75,
        "var": 2.55332817306e+012
    },
    "spectral_strongpeak": {
        "mean": 0.693639278412,
        "var": 0.419143885374
    },
    "zerocrossingrate": {
        "mean": 0.0374966338277,
        "var": 0.000704914098606
    },
    "barkbands": {
        "mean": [0.000234843435464, 0.00371493026614, 0.0080597596243, 0.00338315893896, 0.00428743008524, 0.00367672508582, 0.00251008174382, 0.000540688284673, 0.00159039034043, 0.000803983479273, 0.000375541509129, 0.000594265991822, 0.000610218499787, 0.000688171363436, 0.00036307531991, 0.000327532994561, 0.000268363481155, 0.000101120764157, 0.000276428938378, 0.00026917012292, 9.83858917607e-005, 4.47679340141e-005, 5.3667838074e-005, 2.29477482208e-005, 1.67961115949e-005, 3.57495332537e-006, 5.94969094436e-007],
        "var": [1.12654966244e-007, 3.37058409059e-005, 2.94133715215e-005, 3.51514645445e-005, 0.000146951919305, 4.26812766818e-005, 2.23733641178e-005, 8.93498224741e-007, 8.15444673208e-006, 2.64635218628e-006, 4.13740423255e-007, 1.42665885505e-006, 1.36393828143e-006, 1.53032760863e-006, 3.89952049318e-007, 2.41903478582e-007, 2.02940555027e-007, 3.22067563729e-008, 2.0628367281e-007, 2.22386404403e-007, 1.60724198395e-007, 1.92999713988e-008, 4.81712199019e-008, 3.5794884834e-009, 1.30209631966e-009, 6.78867517756e-011, 2.60238987478e-012]
    },
    "erbbands": {
        "mean": [0.0388374663889, 1.19752085209, 8.49747276306, 10.611333847, 16.4822654724, 11.3048439026, 16.4622612, 33.1859092712, 36.9756507874, 24.793964386, 14.0764865875, 40.5609703064, 18.8073501587, 24.2203121185, 20.9648704529, 24.5552768707, 29.750787735, 38.3600273132, 21.5440788269, 18.0304145813, 19.2145614624, 14.8127412796, 6.31275987625, 9.68226528168, 15.8488054276, 12.367275238, 5.45562648773, 2.72299599648, 1.60980856419, 1.70474481583, 1.43555951118, 0.575554609299, 0.349997013807, 0.257605344057, 0.0848495140672, 0.0187618266791, 0.00438699452206, 0.00263369968161, 7.38994640415e-005, 3.91382418456e-005],
        "var": [0.00299476576038, 2.72866821289, 38.3582305908, 153.256484985, 2216.25976563, 663.768737793, 1179.24609375, 2933.21289063, 5861.28369141, 1520.38439941, 408.652587891, 5306.60888672, 860.807006836, 2436.06835938, 1150.96264648, 2367.44580078, 2904.19580078, 4611.08203125, 1790.80749512, 1026.04174805, 767.930786133, 585.17956543, 95.1637420654, 288.318725586, 625.937011719, 465.217407227, 496.291717529, 59.6944999695, 23.442281723, 37.4916648865, 32.1476097107, 3.39117860794, 0.526679873466, 0.288338333368, 0.0342036932707, 0.00284566590562, 0.00011327064567, 4.39606883447e-005, 2.23461604776e-008, 8.34952051942e-010]
    },
    "gfcc": {
        "mean": [-17.8430709839, 128.235626221, -121.195953369, 37.1550331116, -50.567905426, 10.4714984894, -32.5917015076, 4.59144973755, -21.9983406067, -1.81601834297, -8.97646522522, -14.4419851303, -9.44871044159],
        "cov": [[4653.26660156, 108.236785889, -547.41204834, -158.366699219, -277.484710693, -48.41979599, -312.232879639, -132.811096191, -178.819702148, 19.0121459961, -186.500717163, -95.6127700806, -22.2372627258], [108.236785889, 867.494873047, -371.099212646, -124.308586121, 31.3991355896, -193.152191162, 116.939407349, -40.5329170227, 49.5459060669, -148.121414185, 157.987838745, -160.117340088, 78.5795211792], [-547.41204834, -371.099212646, 676.857849121, -3.17640566826, 66.8861618042, 62.9444618225, -98.5304870605, -9.29204368591, -43.781036377, 85.0679702759, -107.73841095, 155.645385742, -24.011505127], [-158.366699219, -124.308586121, -3.17640566826, 431.678039551, -35.59765625, -24.9020957947, 72.6615753174, 102.478538513, 77.7098846436, -22.2284927368, 65.2840957642, 5.47998380661, 2.57088494301], [-277.484710693, 31.3991355896, 66.8861618042, -35.59765625, 233.664382935, -14.5259037018, -6.35034656525, 8.21060180664, 5.15830183029, 19.7041721344, 4.99561309814, 16.4916286469, -1.92075932026], [-48.41979599, -193.152191162, 62.9444618225, -24.9020957947, -14.5259037018, 270.918670654, 76.0983123779, 19.0226383209, 9.85697937012, 44.9678459167, -28.2934780121, 25.2483024597, -43.2735214233], [-312.232879639, 116.939407349, -98.5304870605, 72.6615753174, -6.35034656525, 76.0983123779, 243.912628174, 95.8168182373, 46.0794906616, -24.5175266266, 85.3595581055, -41.8800964355, -19.265794754], [-132.811096191, -40.5329170227, -9.29204368591, 102.478538513, 8.21060180664, 19.0226383209, 95.8168182373, 177.225036621, 50.0711975098, 3.7207005024, 48.5709915161, 0.9347640872, -25.9688835144], [-178.819702148, 49.5459060669, -43.781036377, 77.7098846436, 5.15830183029, 9.85697937012, 46.0794906616, 50.0711975098, 108.86680603, -2.73220443726, 32.5416412354, -11.0129270554, -3.14689326286], [19.0121459961, -148.121414185, 85.0679702759, -22.2284927368, 19.7041721344, 44.9678459167, -24.5175266266, 3.7207005024, -2.73220443726, 108.755935669, -22.7001552582, 35.9528236389, -14.851061821], [-186.500717163, 157.987838745, -107.73841095, 65.2840957642, 4.99561309814, -28.2934780121, 85.3595581055, 48.5709915161, 32.5416412354, -22.7001552582, 137.027038574, -19.9758300781, 4.33320045471], [-95.6127700806, -160.117340088, 155.645385742, 5.47998380661, 16.4916286469, 25.2483024597, -41.8800964355, 0.9347640872, -11.0129270554, 35.9528236389, -19.9758300781, 156.740600586, 11.1895484924], [-22.2372627258, 78.5795211792, -24.011505127, 2.57088494301, -1.92075932026, -43.2735214233, -19.265794754, -25.9688835144, -3.14689326286, -14.851061821, 4.33320045471, 11.1895484924, 75.3978881836]],
        "icov": [[0.000416711787693, -0.000568129180465, 0.00051968236221, -0.000385925435694, 0.000417369505158, -0.000368701148545, 0.000847058312502, -0.000425231031841, 0.000968538108282, -0.000638596888166, 0.00094621401513, -0.000296881509712, 0.000666986859869], [-0.000568129180465, 0.00526652298868, -0.0003525899956, 0.00296557764523, -0.00118287291843, 0.00281815370545, -0.00315982336178, 0.00220511713997, -0.00382015109062, 0.00396679341793, -0.00466027669609, 0.00259379227646, -0.00382553832605], [0.00051968236221, -0.0003525899956, 0.00306694791652, -0.00067111721728, -0.000114033908176, -0.000412897556089, 0.00112199829891, -0.000565091671888, 0.00165896583349, -0.00124116952065, 0.00231829704717, -0.00208489573561, 0.00137346284464], [-0.000385925435694, 0.00296557764523, -0.00067111721728, 0.0048294486478, -4.33248387708e-005, 0.00201143347658, -0.00203877757303, 6.10671268078e-005, -0.00388683238998, 0.00274773850106, -0.00346505409107, 0.00126334326342, -0.00253888266161], [0.000417369505158, -0.00118287291843, -0.000114033908176, -4.33248387708e-005, 0.0051778764464, -0.000117059062177, 0.00100517994724, -0.000915083102882, 0.000659691169858, -0.00170080934186, 0.000783939729445, -0.000630802824162, 0.00106852315366], [-0.000368701148545, 0.00281815370545, -0.000412897556089, 0.00201143347658, -0.000117059062177, 0.00712366448715, -0.00478419009596, 0.00198170566, -0.00282038911246, 0.000351368944393, -0.000531251775101, 0.000203911666176, 0.000251495308476], [0.000847058312502, -0.00315982336178, 0.00112199829891, -0.00203877757303, 0.00100517994724, -0.00478419009596, 0.0107362549752, -0.0045088455081, 0.00280902488157, -0.00107205123641, -0.000379394914489, 3.26026092807e-005, 0.00236304430291], [-0.000425231031841, 0.00220511713997, -0.000565091671888, 6.10671268078e-005, -0.000915083102882, 0.00198170566, -0.0045088455081, 0.0100303776562, -0.00390180759132, 0.000912371149752, -0.00282945414074, 0.000151613348862, 0.000968003761955], [0.000968538108282, -0.00382015109062, 0.00165896583349, -0.00388683238998, 0.000659691169858, -0.00282038911246, 0.00280902488157, -0.00390180759132, 0.0156406238675, -0.00372191006318, 0.00327460747212, -0.00148367625661, 0.00265151704662], [-0.000638596888166, 0.00396679341793, -0.00124116952065, 0.00274773850106, -0.00170080934186, 0.000351368944393, -0.00107205123641, 0.000912371149752, -0.00372191006318, 0.0148135488853, -0.00376688060351, 0.000613258627709, -0.0017248938093], [0.00094621401513, -0.00466027669609, 0.00231829704717, -0.00346505409107, 0.000783939729445, -0.000531251775101, -0.000379394914489, -0.00282945414074, 0.00327460747212, -0.00376688060351, 0.0165068786591, -0.00350515637547, 0.00360226607881], [-0.000296881509712, 0.00259379227646, -0.00208489573561, 0.00126334326342, -0.000630802824162, 0.000203911666176, 3.26026092807e-005, 0.000151613348862, -0.00148367625661, 0.000613258627709, -0.00350515637547, 0.0105558289215, -0.00464257458225], [0.000666986859869, -0.00382553832605, 0.00137346284464, -0.00253888266161, 0.00106852315366, 0.000251495308476, 0.00236304430291, 0.000968003761955, 0.00265151704662, -0.0017248938093, 0.00360226607881, -0.00464257458225, 0.0193322766572]]
    },
    "melbands": {
        "mean": [0.000694271235261, 0.00347027927637, 0.00203918712214, 0.00113124772906, 0.000522783433553, 0.000735293782782, 0.000539261847734, 0.000227139316848, 0.000144826160977, 0.000239861794398, 9.05699198483e-005, 0.000103807455162, 5.98729056946e-005, 7.07516519469e-005, 5.9721442085e-005, 6.78408687236e-005, 7.01943426975e-005, 3.37677302014e-005, 2.66192018898e-005, 2.1043309971e-005, 2.28588996833e-005, 1.64123848663e-005, 9.25121548789e-006, 3.74212299903e-006, 7.91352522356e-006, 1.20642453112e-005, 1.23142317534e-005, 6.88805084792e-006, 3.16358341479e-006, 2.68353892352e-006, 1.2243015135e-006, 9.13470898922e-007, 8.0876912989e-007, 1.05283879748e-006, 9.9569217582e-007, 4.26162500844e-007, 3.04181810407e-007, 2.40692486386e-007, 2.10054096783e-007, 2.21365468178e-007],
        "var": [1.11941824343e-006, 7.80798654887e-006, 7.36331230655e-006, 9.6472349469e-006, 1.02764477106e-006, 1.42437863815e-006, 1.17917250009e-006, 1.3874615945e-007, 6.20779374572e-008, 1.91332887312e-007, 2.47074982695e-008, 5.09955313532e-008, 9.32356858385e-009, 1.78140311391e-008, 1.11479483422e-008, 1.80827637308e-008, 1.64854387918e-008, 6.43601349992e-009, 1.99467309336e-009, 1.24551402525e-009, 1.17683707224e-009, 8.53500159437e-010, 1.97125177293e-010, 6.26540902493e-011, 2.21433871239e-010, 4.60330384922e-010, 4.96979235542e-010, 1.50025256107e-010, 1.81377288189e-010, 1.1202905964e-010, 1.08340272517e-011, 7.98719684142e-012, 1.04713572882e-011, 1.99094352116e-011, 1.93630667056e-011, 1.72319959951e-012, 9.94758962702e-013, 2.69273346025e-013, 2.10165950398e-013, 2.27778353904e-013]
    },
    "mfcc": {
        "mean": [-656.228271484, 151.218139648, -4.03659057617, 28.646238327, 6.71464729309, 6.39588022232, 6.44714593887, -1.30839586258, -1.99191784859, 5.89727544785, -1.75136864185, -2.76312685013, 5.5581111908],
        "cov": [[2911.83520508, 2.24781036377, -362.359893799, -200.707122803, -148.901824951, -87.8100585938, -142.007629395, -155.922058105, -91.6679763794, 68.9763717651, -163.038238525, -110.340553284, -77.3245239258], [2.24781036377, 861.690490723, -268.485931396, -98.3583068848, -30.9511184692, -106.773010254, 35.3920211792, -56.4330749512, -51.0710678101, -18.4034118652, -3.16490387917, -67.1464538574, 5.83587694168], [-362.359893799, -268.485931396, 469.003204346, 27.2965259552, 38.9422416687, 68.4704742432, -22.8935604095, 2.44372344017, 55.934135437, -78.7600479126, 8.02883052826, 26.5838317871, -12.9772481918], [-200.707122803, -98.3583068848, 27.2965259552, 390.41595459, 32.9998092651, -90.2243041992, -13.5865068436, 70.4874725342, -18.7024974823, 43.2315750122, -4.88047599792, 38.2016601563, 45.8289337158], [-148.901824951, -30.9511184692, 38.9422416687, 32.9998092651, 222.177017212, 2.90382456779, -32.9433479309, -50.1766662598, 29.6901950836, -43.6346511841, -11.4456110001, -12.5106668472, 29.5090332031], [-87.8100585938, -106.773010254, 68.4704742432, -90.2243041992, 2.90382456779, 201.354171753, 17.6086483002, -0.503723204136, 33.4268379211, -17.432384491, 13.5587425232, 17.5425243378, -32.0646705627], [-142.007629395, 35.3920211792, -22.8935604095, -13.5865068436, -32.9433479309, 17.6086483002, 169.661224365, 64.0027313232, 1.82230865955, 45.7047424316, 66.8183135986, 1.56516873837, 15.4353513718], [-155.922058105, -56.4330749512, 2.44372344017, 70.4874725342, -50.1766662598, -0.503723204136, 64.0027313232, 205.739929199, 0.571027219296, 71.1902084351, 42.3847045898, 57.2421188354, 17.7633914948], [-91.6679763794, -51.0710678101, 55.934135437, -18.7024974823, 29.6901950836, 33.4268379211, 1.82230865955, 0.571027219296, 106.07434845, -8.64982509613, 8.44725894928, 14.4624967575, 2.69594812393], [68.9763717651, -18.4034118652, -78.7600479126, 43.2315750122, -43.6346511841, -17.432384491, 45.7047424316, 71.1902084351, -8.64982509613, 182.250701904, 38.5984802246, 14.7686252594, 10.8105821609], [-163.038238525, -3.16490387917, 8.02883052826, -4.88047599792, -11.4456110001, 13.5587425232, 66.8183135986, 42.3847045898, 8.44725894928, 38.5984802246, 125.917938232, 14.4142618179, 6.68455839157], [-110.340553284, -67.1464538574, 26.5838317871, 38.2016601563, -12.5106668472, 17.5425243378, 1.56516873837, 57.2421188354, 14.4624967575, 14.7686252594, 14.4142618179, 105.825370789, 24.5476913452], [-77.3245239258, 5.83587694168, -12.9772481918, 45.8289337158, 29.5090332031, -32.0646705627, 15.4353513718, 17.7633914948, 2.69594812393, 10.8105821609, 6.68455839157, 24.5476913452, 106.634536743]],
        "icov": [[0.0005074350629, 0.000214477942791, 0.000371442205505, 0.000282586639514, 0.000308623246383, 0.000227483629715, 0.000270237273071, 0.000247873191256, 0.00013491185382, -0.000265413924353, 0.000462845724542, 0.000258869229583, 0.000117456344014], [0.000214477942791, 0.00174054328818, 0.000986939179711, 0.000509778037667, 0.000243616130319, 0.000886798545253, -0.000320032733725, 0.000297195045277, 0.000211094156839, 0.000463553064037, 5.94356461079e-005, 0.000524722388946, -1.9503695512e-005], [0.000371442205505, 0.000986939179711, 0.00335873872973, -0.000102297672129, 0.000193030718947, -0.000203045172384, 0.000302940083202, 1.24537973534e-005, -0.000886666064616, 0.00135430076625, -0.000228234464885, 0.000127612191136, 0.000377701915568], [0.000282586639514, 0.000509778037667, -0.000102297672129, 0.00372534571216, -0.000617139157839, 0.00180283735972, 0.00043858535355, -0.000869292183779, 0.000784865114838, -0.000744264456443, 0.000607370166108, -0.00058134435676, -0.000490921840537], [0.000308623246383, 0.000243616130319, 0.000193030718947, -0.000617139157839, 0.00587820075452, -0.000336839089869, 0.000921630009543, 0.00123386748601, -0.00143818976358, 0.000772492785472, -0.000149364233948, 0.0012684041867, -0.0018923090538], [0.000227483629715, 0.000886798545253, -0.000203045172384, 0.00180283735972, -0.000336839089869, 0.00711874477565, -0.00102804345079, 0.000205352785997, -0.000926190579776, 0.00019350387447, 0.000147126062075, -0.00150135904551, 0.00200549163856], [0.000270237273071, -0.000320032733725, 0.000302940083202, 0.00043858535355, 0.000921630009543, -0.00102804345079, 0.009043042548, -0.00208301306702, -0.000112558795081, -0.000782396062277, -0.00346859893762, 0.00209573586471, -0.00164716050494], [0.000247873191256, 0.000297195045277, 1.24537973534e-005, -0.000869292183779, 0.00123386748601, 0.000205352785997, -0.00208301306702, 0.00791678205132, 8.01735877758e-005, -0.00179954373743, -0.00027827147278, -0.00314159668051, 0.000162678523338], [0.00013491185382, 0.000211094156839, -0.000886666064616, 0.000784865114838, -0.00143818976358, -0.000926190579776, -0.000112558795081, 8.01735877758e-005, 0.0111101055518, -0.000350322457962, -0.000217421009438, -0.00124170654453, -0.000182415606105], [-0.000265413924353, 0.000463553064037, 0.00135430076625, -0.000744264456443, 0.000772492785472, 0.00019350387447, -0.000782396062277, -0.00179954373743, -0.000350322457962, 0.00785146933049, -0.00177581224125, 0.000231608661124, -0.000204831012525], [0.000462845724542, 5.94356461079e-005, -0.000228234464885, 0.000607370166108, -0.000149364233948, 0.000147126062075, -0.00346859893762, -0.00027827147278, -0.000217421009438, -0.00177581224125, 0.0111173186451, -0.000799828616437, 0.000350318179699], [0.000258869229583, 0.000524722388946, 0.000127612191136, -0.00058134435676, 0.0012684041867, -0.00150135904551, 0.00209573586471, -0.00314159668051, -0.00124170654453, 0.000231608661124, -0.000799828616437, 0.013275780715, -0.00315619423054], [0.000117456344014, -1.9503695512e-005, 0.000377701915568, -0.000490921840537, -0.0018923090538, 0.00200549163856, -0.00164716050494, 0.000162678523338, -0.000182415606105, -0.000204831012525, 0.000350318179699, -0.00315619423054, 0.0117890341207]]
    },
    "spectral_contrast_coeffs": {
        "mean": [-0.563828885555, -0.683793187141, -0.758821725845, -0.774548470974, -0.75830155611, -0.755605399609],
        "var": [0.00611433433369, 0.00652099912986, 0.00372974434868, 0.00213972083293, 0.00247617205605, 0.00179367559031]
    },
    "spectral_contrast_valleys": {
        "mean": [-7.47755765915, -6.80005168915, -7.32303619385, -7.65072631836, -7.92700910568, -10.9355688095],
        "var": [1.06860840321, 1.00773835182, 1.00966536999, 1.00606799126, 0.892165064812, 0.993242442608]
    }
},
"metadata": {
    "audio_properties": {
        "analysis_sample_rate": 44100,
        "bit_rate": 106584,
        "equal_loudness": 0,
        "length": 45.0873451233,
        "lossless": 0,
        "replay_gain": -6.73839569092,
        "sample_rate": 44100,
        "codec": "mp3",
        "downmix": "mix",
        "md5_encoded": "dc6e34589f250d51ee1a7289bc469155"
    },
    "tags": {
        "file_name": "2.mp3"
    },
    "version": {
        "essentia": "2.1-beta2",
        "essentia_git_sha": "v2.1_beta2",
        "extractor": "music 1.0"
    }
},
"rhythm": {
    "beats_count": 88,
    "beats_loudness": {
        "mean": 0.0423892512918,
        "var": 0.000752534135245
    },
    "bpm": 140.900054932,
    "bpm_histogram_first_peak_bpm": {
        "mean": 140,
        "var": 0
    },
    "bpm_histogram_first_peak_spread": {
        "mean": 0.488888859749,
        "var": 0
    },
    "bpm_histogram_first_peak_weight": {
        "mean": 0.264367818832,
        "var": 0
    },
    "bpm_histogram_second_peak_bpm": {
        "mean": 94,
        "var": 0
    },
    "bpm_histogram_second_peak_spread": {
        "mean": 0.393939346075,
        "var": 0
    },
    "bpm_histogram_second_peak_weight": {
        "mean": 0.229885056615,
        "var": 0
    },
    "danceability": 1.00058794022,
    "onset_rate": 3.14822626114,
    "beats_loudness_band_ratio": {
        "mean": [0.530183017254, 0.24822448194, 0.130228504539, 0.0844670012593, 0.0417736023664, 0.026665519923],
        "var": [0.0390322133899, 0.043877992779, 0.0127442320809, 0.00531503465027, 0.00143176212441, 0.000967230880633]
    },
    "beats_position": [0.383129239082, 0.777868449688, 1.18421769142, 1.59056687355, 1.99691605568, 2.42648530006, 2.8444442749, 3.26240348816, 3.68036270142, 4.09832191467, 4.52789115906, 4.95746040344, 5.38702917099, 5.81659841537, 6.24616765976, 6.67573690414, 7.10530614853, 7.53487491608, 7.96444416046, 8.39401340485, 8.82358264923, 9.25315189362, 9.682721138, 10.1006803513, 10.5186395645, 10.9249887466, 11.3429479599, 11.7609071732, 12.1788663864, 12.5968255997, 13.0263938904, 13.4559631348, 13.8855323792, 14.3267116547, 14.756280899, 15.1858501434, 15.6038093567, 16.0217685699, 16.4513378143, 16.8809070587, 17.298866272, 17.7168254852, 18.1347846985, 18.5527439117, 18.970703125, 19.3886623383, 19.8182315826, 20.247800827, 20.6889801025, 21.1301574707, 21.5829467773, 22.0241260529, 22.4769153595, 22.9413146973, 23.3941040039, 24.009431839, 24.6247615814, 25.2516994476, 25.8902492523, 26.5287971497, 27.1673469543, 27.8058948517, 28.4444446564, 29.0597724915, 29.6983222961, 30.3368701935, 30.9754180908, 31.6255779266, 32.2757377625, 32.9258956909, 33.5760536194, 34.2146034241, 34.8531494141, 35.4916992188, 36.1302490234, 36.7571868896, 37.4073448181, 38.0458946228, 38.6844444275, 39.334602356, 39.9847602844, 40.6233100891, 41.2618598938, 41.9004058838, 42.5389556885, 43.1658935547, 43.8044433594, 44.4429931641]
},
"tonal": {
    "chords_changes_rate": 0.084362141788,
    "chords_number_rate": 0.0144032919779,
    "chords_strength": {
        "mean": 0.483664184809,
        "var": 0.0110744843259
    },
    "hpcp_entropy": {
        "mean": 2.17053174973,
        "var": 0.503638267517
    },
    "key_strength": 0.643326759338,
    "tuning_diatonic_strength": 0.709527850151,
    "tuning_equal_tempered_deviation": 0.136859595776,
    "tuning_frequency": 439.745910645,
    "tuning_nontempered_energy_ratio": 0.807121872902,
    "hpcp": {
        "mean": [0.391119092703, 0.234850019217, 0.126646623015, 0.16626894474, 0.120078600943, 0.0488706491888, 0.040484521538, 0.0407783165574, 0.0493463650346, 0.0499300844967, 0.0361876562238, 0.025061218068, 0.0229484699667, 0.0313858017325, 0.0791432783008, 0.141390159726, 0.11132325232, 0.0506328232586, 0.0575380586088, 0.0880223214626, 0.147629112005, 0.213022112846, 0.201355695724, 0.18408061564, 0.162226006389, 0.0888493433595, 0.0486030727625, 0.043686889112, 0.0362060964108, 0.0384813956916, 0.0557837933302, 0.0855944678187, 0.1828160882, 0.250468075275, 0.216918051243, 0.304981291294],
        "var": [0.192793741822, 0.0775105804205, 0.0437031947076, 0.109221406281, 0.0626467838883, 0.00978699605912, 0.00787605438381, 0.00838973838836, 0.0111018726602, 0.00877168215811, 0.00285253045149, 0.00135726679582, 0.00132626900449, 0.00436075776815, 0.0305804070085, 0.0865818932652, 0.0539877861738, 0.0105482023209, 0.0134173976257, 0.0258162096143, 0.0529110170901, 0.0894266217947, 0.067675575614, 0.0656247958541, 0.0538373850286, 0.0243180952966, 0.0111391218379, 0.00961801130325, 0.00665483623743, 0.0089230556041, 0.0162682235241, 0.0321638137102, 0.0765185728669, 0.123060047626, 0.0678475797176, 0.116207592189]
    },
    "chords_histogram": [32.7160491943, 3.39506173134, 3.80658435822, 2.46913576126, 0.720164597034, 4.52674913406, 0.102880656719, 14.5061731339, 1.54320991039, 11.9341564178, 0.720164597034, 0, 4.11522626877, 0, 0.720164597034, 1.02880656719, 3.70370364189, 4.21810722351, 0.823045253754, 0.205761313438, 0, 5.55555534363, 3.18930029869, 0],
    "thpcp": [1, 0.600456535816, 0.323805779219, 0.425110787153, 0.307012885809, 0.124950811267, 0.103509448469, 0.104260616004, 0.126167103648, 0.127659544349, 0.0925233662128, 0.0640756711364, 0.0586738660932, 0.0802461504936, 0.202350839972, 0.361501544714, 0.284627497196, 0.129456281662, 0.147111356258, 0.225052475929, 0.37745308876, 0.544647693634, 0.514819383621, 0.470651060343, 0.41477394104, 0.227166980505, 0.124266684055, 0.111697152257, 0.0925705134869, 0.0983879268169, 0.142626106739, 0.218845024705, 0.467417955399, 0.640388250351, 0.55460870266, 0.77976578474],
    "chords_key": "A",
    "chords_scale": "minor",
    "key_key": "A",
    "key_scale": "minor"
}
}