{
"lowlevel": {
    "average_loudness": 0.924499750137,
    "barkbands_crest": {
        "mean": 9.85461425781,
        "var": 14.0406732559
    },
    "barkbands_flatness_db": {
        "mean": 0.149771943688,
        "var": 0.00331402174197
    },
    "barkbands_kurtosis": {
        "mean": 6.02096128464,
        "var": 83.9554901123
    },
    "barkbands_skewness": {
        "mean": 1.658441782,
        "var": 2.38001728058
    },
    "barkbands_spread": {
        "mean": 23.1985092163,
        "var": 224.581466675
    },
    "dissonance": {
        "mean": 0.461984038353,
        "var": 0.000897507241461
    },
    "dynamic_complexity": 4.19572734833,
    "erbbands_crest": {
        "mean": 10.0668125153,
        "var": 28.0048484802
    },
    "erbbands_flatness_db": {
        "mean": 0.159398794174,
        "var": 0.00423634098843
    },
    "erbbands_kurtosis": {
        "mean": 0.535718977451,
        "var": 7.07317876816
    },
    "erbbands_skewness": {
        "mean": 0.11450817436,
        "var": 1.08944940567
    },
    "erbbands_spread": {
        "mean": 43.2338562012,
        "var": 523.329589844
    },
    "hfc": {
        "mean": 11.3750753403,
        "var": 419.193603516
    },
    "melbands_crest": {
        "mean": 13.5578765869,
        "var": 23.1778717041
    },
    "melbands_flatness_db": {
        "mean": 0.226998388767,
        "var": 0.00517341867089
    },
    "melbands_kurtosis": {
        "mean": 18.1451950073,
        "var": 545.874633789
    },
    "melbands_skewness": {
        "mean": 2.90056180954,
        "var": 3.66326284409
    },
    "melbands_spread": {
        "mean": 26.0609874725,
        "var": 552.480773926
    },
    "pitch_salience": {
        "mean": 0.559180080891,
        "var": 0.0145414778963
    },
    "silence_rate_20dB": {
        "mean": 1,
        "var": 0
    },
    "silence_rate_30dB": {
        "mean": 1,
        "var": 0
    },
    "silence_rate_60dB": {
        "mean": 0.250257462263,
        "var": 0.187625139952
    },
    "spectral_centroid": {
        "mean": 1396.52746582,
        "var": 781816.3125
    },
    "spectral_complexity": {
        "mean": 8.73995876312,
        "var": 41.0636978149
    },
    "spectral_decrease": {
        "mean": -2.06366568278e-009,
        "var": 4.01528854893e-018
    },
    "spectral_energy": {
        "mean": 0.0088205197826,
        "var": 8.63515087985e-005
    },
    "spectral_energyband_high": {
        "mean": 0.00031531433342,
        "var": 3.93022133949e-007
    },
    "spectral_energyband_low": {
        "mean": 0.00218885205686,
        "var": 4.89193598696e-006
    },
    "spectral_energyband_middle_high": {
        "mean": 0.00330805080011,
        "var": 4.99465131725e-005
    },
    "spectral_energyband_middle_low": {
        "mean": 0.00328613794409,
        "var": 7.12400242264e-006
    },
    "spectral_entropy": {
        "mean": 7.196870327,
        "var": 0.40612372756
    },
    "spectral_flux": {
        "mean": 0.0420434847474,
        "var": 0.00114797020797
    },
    "spectral_kurtosis": {
        "mean": 6.42787027359,
        "var": 20.9759025574
    },
    "spectral_rms": {
        "mean": 0.00261410628445,
        "var": 1.77183153482e-006
    },
    "spectral_rolloff": {
        "mean": 1548.43994141,
        "var": 2296353
    },
    "spectral_skewness": {
        "mean": 1.74300563335,
        "var": 0.36892285943
    },
    "spectral_spread": {
        "mean": 4720506.5,
        "var": 5.16888356454e+012
    },
    "spectral_strongpeak": {
        "mean": 1.28242218494,
        "var": 6.46526527405
    },
    "zerocrossingrate": {
        "mean": 0.0695541799068,
        "var": 0.00156962114852
    },
    "barkbands": {
        "mean": [0.00011950575572, 0.00110509165097, 0.000707780418452, 0.000498312001582, 0.000956862757448, 0.000397364870878, 0.000424924684921, 0.000693706271704, 0.000272324483376, 9.01414023247e-005, 5.40019100299e-005, 0.000195976172108, 8.06529860711e-005, 0.000293669727398, 0.000516885018442, 0.000332140887622, 0.000694796501193, 0.000276106293313, 0.000681970326696, 0.000156582056661, 8.8258741016e-005, 6.2709012127e-005, 3.66355598089e-005, 2.62466310232e-005, 2.25912208407e-005, 3.18994680129e-005, 3.37947039952e-006],
        "var": [3.80664744171e-008, 2.22375410885e-006, 5.15633871601e-007, 2.83505784182e-007, 1.26846384774e-006, 5.38650908766e-007, 9.05170054466e-007, 2.53786447502e-006, 5.76546426601e-007, 1.60816739481e-007, 5.67217384173e-008, 3.19049149766e-007, 6.05465828585e-008, 1.53306530137e-006, 2.45878686655e-006, 1.43594411384e-006, 5.29539511263e-006, 9.57919951361e-007, 6.26765768175e-006, 2.80281085452e-007, 4.93288005998e-008, 3.15373007709e-008, 6.64042731913e-009, 2.92658741685e-009, 2.16829976196e-009, 3.83220477573e-009, 6.05857447544e-011]
    },
    "erbbands": {
        "mean": [0.0338195040822, 0.241177543998, 0.757885098457, 1.37887871265, 2.15279912949, 3.51344561577, 3.4621860981, 3.11028146744, 6.3566327095, 9.32437896729, 14.0929002762, 6.47566843033, 3.20631814003, 2.14423179626, 3.29802846909, 9.1806230545, 5.21605682373, 13.8850975037, 29.8505516052, 14.1469087601, 25.2986354828, 33.6065254211, 16.5312004089, 33.9489440918, 25.948884964, 5.99226713181, 4.13536834717, 3.36799955368, 2.1125524044, 1.3871563673, 1.00599396229, 0.610178768635, 0.405075877905, 0.227671429515, 0.179156556726, 0.102293096483, 0.0681217983365, 0.0149389263242, 0.000326583569404, 1.9877224986e-005],
        "var": [0.00310107436962, 0.0959515348077, 0.589101374149, 1.67248940468, 4.56902265549, 25.579996109, 28.9274730682, 37.528427124, 219.473068237, 525.085083008, 1010.38885498, 244.948455811, 216.975463867, 34.5842132568, 176.760803223, 687.561096191, 178.630996704, 3705.28808594, 8099.66992188, 1387.24108887, 6313.79394531, 11658.3759766, 2447.88867188, 18178.5664063, 7353.50830078, 290.052032471, 107.026046753, 76.5131072998, 27.2462825775, 10.0840520859, 5.20224285126, 1.7429920435, 0.645944595337, 0.226627513766, 0.143769770861, 0.0408971123397, 0.0181491505355, 0.000930892827455, 4.36570871898e-007, 6.17352557963e-010]
    },
    "gfcc": {
        "mean": [-77.845375061, 86.5751647949, -100.585372925, 35.3858833313, -40.6591300964, -1.448392272, -43.5238609314, 13.3315925598, -23.9744033813, 4.78162336349, -21.3914413452, -0.231878399849, -18.5438251495],
        "cov": [[7761.00683594, -1625.82897949, -830.421569824, 510.242828369, 46.2192459106, 88.4798583984, 74.3843994141, 132.510177612, -15.3149271011, 342.92755127, -150.438171387, 132.125564575, -220.835861206], [-1625.82897949, 1540.87597656, -236.886642456, -62.5456085205, 321.917785645, -185.399139404, 20.6523914337, -111.348472595, 90.115562439, -155.852111816, 179.604797363, -159.106430054, 125.392410278], [-830.421569824, -236.886642456, 1589.10791016, 77.698387146, -180.186569214, 360.724273682, -3.63748908043, 86.6370010376, -108.96975708, -14.5305767059, -143.269775391, 180.204956055, 11.7351989746], [510.242828369, -62.5456085205, 77.698387146, 516.120483398, -9.49444580078, 127.716171265, 120.105407715, -17.8396682739, 65.3304748535, -74.5066986084, 36.4340438843, -52.1741981506, 37.0444564819], [46.2192459106, 321.917785645, -180.186569214, -9.49444580078, 428.805725098, -68.2413787842, 37.1516494751, 12.3571872711, 0.64050590992, 38.8686790466, 20.4549713135, -31.1544647217, -16.1399211884], [88.4798583984, -185.399139404, 360.724273682, 127.716171265, -68.2413787842, 248.817367554, 36.6147880554, -0.0542894899845, 5.55822134018, -2.75087070465, -33.9325256348, 29.6752223969, 9.14159297943], [74.3843994141, 20.6523914337, -3.63748908043, 120.105407715, 37.1516494751, 36.6147880554, 177.096740723, 51.7978668213, 20.7054576874, -11.8850212097, -10.4210367203, -33.7508354187, -0.542870402336], [132.510177612, -111.348472595, 86.6370010376, -17.8396682739, 12.3571872711, -0.0542894899845, 51.7978668213, 146.131881714, 14.1660747528, 15.0410661697, -50.3034439087, 6.47728967667, -42.205493927], [-15.3149271011, 90.115562439, -108.96975708, 65.3304748535, 0.64050590992, 5.55822134018, 20.7054576874, 14.1660747528, 150.211853027, 6.0158996582, 16.7993488312, -55.5342292786, 8.84743309021], [342.92755127, -155.852111816, -14.5305767059, -74.5066986084, 38.8686790466, -2.75087070465, -11.8850212097, 15.0410661697, 6.0158996582, 121.88999939, -19.9996776581, 14.3260822296, -39.7224197388], [-150.438171387, 179.604797363, -143.269775391, 36.4340438843, 20.4549713135, -33.9325256348, -10.4210367203, -50.3034439087, 16.7993488312, -19.9996776581, 128.334320068, -12.6800365448, 15.3253326416], [132.125564575, -159.106430054, 180.204956055, -52.1741981506, -31.1544647217, 29.6752223969, -33.7508354187, 6.47728967667, -55.5342292786, 14.3260822296, -12.6800365448, 118.918052673, 6.60907411575], [-220.835861206, 125.392410278, 11.7351989746, 37.0444564819, -16.1399211884, 9.14159297943, -0.542870402336, -42.205493927, 8.84743309021, -39.7224197388, 15.3253326416, 6.60907411575, 88.9664916992]],
        "icov": [[0.000298668921459, -2.02777246159e-005, 0.000427781895269, -0.000689058913849, 0.000102838013845, -0.000250094890362, 0.000247570540523, -0.000296943850117, 0.000284546316834, -0.0008896489162, 0.000558669562452, -0.000858989486005, 0.0004474921152], [-2.02777246159e-005, 0.00237349956296, -0.000968779379036, 0.00154214864597, -0.00189282512292, 0.00142202759162, -0.000811499427073, 0.00123543629888, -0.00143481011037, 0.00291480170563, -0.0025710251648, 0.00301892450079, -0.00215561199002], [0.000427781895269, -0.000968779379036, 0.0022728764452, -0.0016545727849, 0.00101798307151, -0.00256634759717, 0.00109787331894, -0.00176998728421, 0.00157610827591, -0.00214073061943, 0.00240031513385, -0.00344121619128, 0.001161435619], [-0.000689058913849, 0.00154214864597, -0.0016545727849, 0.00573547696695, -0.00154107913841, 1.88707872439e-005, -0.00285134906881, 0.00216605979949, -0.0025245170109, 0.00539699103683, -0.00368273910135, 0.00442620087415, -0.00235891155899], [0.000102838013845, -0.00189282512292, 0.00101798307151, -0.00154107913841, 0.00421756412834, -0.000637607532553, 0.000130685439217, -0.00133225158788, 0.00173034821637, -0.00371681083925, 0.00177695124876, -0.0021382838022, 0.00165107974317], [-0.000250094890362, 0.00142202759162, -0.00256634759717, 1.88707872439e-005, -0.000637607532553, 0.00880097225308, -0.00207081390545, 0.00305989873596, -0.00238518603146, 0.00153307174332, -0.000872268690728, 0.00161982781719, -0.000923797197174], [0.000247570540523, -0.000811499427073, 0.00109787331894, -0.00285134906881, 0.000130685439217, -0.00207081390545, 0.00920925009996, -0.00484550511464, 0.00196819915436, -0.0020739743486, 0.00127855176106, 0.000490917824209, -0.000583725632168], [-0.000296943850117, 0.00123543629888, -0.00176998728421, 0.00216605979949, -0.00133225158788, 0.00305989873596, -0.00484550511464, 0.0130688035861, -0.0043169176206, 0.00385827384889, 0.0017194597749, -0.000122489276691, 0.00433221971616], [0.000284546316834, -0.00143481011037, 0.00157610827591, -0.0025245170109, 0.00173034821637, -0.00238518603146, 0.00196819915436, -0.0043169176206, 0.0109665561467, -0.00504212779924, 0.000530590186827, 0.00197830423713, -0.00148526672274], [-0.0008896489162, 0.00291480170563, -0.00214073061943, 0.00539699103683, -0.00371681083925, 0.00153307174332, -0.0020739743486, 0.00385827384889, -0.00504212779924, 0.0178271047771, -0.00309765525162, 0.0034322636202, 0.00144411367364], [0.000558669562452, -0.0025710251648, 0.00240031513385, -0.00368273910135, 0.00177695124876, -0.000872268690728, 0.00127855176106, 0.0017194597749, 0.000530590186827, -0.00309765525162, 0.0143652902916, -0.00643262220547, 0.00403024582192], [-0.000858989486005, 0.00301892450079, -0.00344121619128, 0.00442620087415, -0.0021382838022, 0.00161982781719, 0.000490917824209, -0.000122489276691, 0.00197830423713, 0.0034322636202, -0.00643262220547, 0.0199781712145, -0.0074260737747], [0.0004474921152, -0.00215561199002, 0.001161435619, -0.00235891155899, 0.00165107974317, -0.000923797197174, -0.000583725632168, 0.00433221971616, -0.00148526672274, 0.00144411367364, 0.00403024582192, -0.0074260737747, 0.0193141661584]]
    },
    "melbands": {
        "mean": [0.000307517329929, 0.000378534808988, 0.000256123224972, 0.000213594204979, 0.000130027299747, 7.07841900294e-005, 9.56377843977e-005, 0.000110897919512, 0.000114332971862, 3.3284057281e-005, 1.50087325892e-005, 8.42929694045e-006, 8.05256604508e-006, 1.96617493202e-005, 2.05327669391e-005, 6.3094212237e-006, 2.93202592729e-005, 4.42782875325e-005, 3.02713287965e-005, 2.12752875086e-005, 3.12414304062e-005, 4.02717487304e-005, 1.88382709894e-005, 1.47558921526e-005, 2.95594381896e-005, 2.11964834307e-005, 1.29113041112e-005, 2.13401995097e-006, 2.50986090577e-006, 2.37886638388e-006, 1.99342252927e-006, 1.34768322368e-006, 8.21893081593e-007, 7.23608025055e-007, 5.9436479205e-007, 4.66927531306e-007, 3.39454288678e-007, 2.9505679322e-007, 2.30975800264e-007, 1.74716902279e-007],
        "var": [2.00632754854e-007, 1.49124886661e-007, 5.18920870718e-008, 6.96407482792e-008, 3.42388872809e-008, 2.07362784721e-008, 4.94059655409e-008, 8.25746155897e-008, 6.73206130841e-008, 7.01551838844e-009, 5.33750021958e-009, 6.5254257553e-010, 1.15750731222e-009, 2.98851943192e-009, 2.98247382347e-009, 3.16375703413e-010, 1.95430356342e-008, 1.79268333511e-008, 8.14728107201e-009, 6.84130974093e-009, 1.24799051093e-008, 2.07456025691e-008, 4.65347094192e-009, 2.4046582503e-009, 1.56197046408e-008, 5.64500224343e-009, 2.41392617006e-009, 4.01959091012e-011, 4.16489620569e-011, 4.55643543729e-011, 3.75732188418e-011, 1.48792315274e-011, 3.8129243686e-012, 2.79362297184e-012, 1.94370626365e-012, 1.10917492639e-012, 5.7686949835e-013, 3.94908416948e-013, 2.04498202226e-013, 1.57267306274e-013]
    },
    "mfcc": {
        "mean": [-734.431762695, 123.110046387, 3.00585007668, 40.1818122864, 16.5937137604, -4.03595161438, -4.63547992706, 1.43067491055, -0.821737885475, 3.53632187843, 1.50412940979, -3.28892397881, -1.83829510212],
        "cov": [[6677.60351563, -1758.83361816, -842.07220459, 380.532623291, -195.101074219, 209.309295654, 10.5629854202, -36.8962669373, 35.7739944458, 91.899269104, 218.724884033, 161.122421265, -26.3939342499], [-1758.83361816, 1443.24560547, -237.054977417, 2.8858294487, 218.49017334, -130.576049805, 31.8812141418, -47.2609939575, -31.0779800415, -57.2791175842, -12.1486024857, -55.7899589539, 28.4927425385], [-842.07220459, -237.054977417, 1353.4732666, -93.9275970459, 13.0442380905, 186.061691284, 46.7127723694, 170.865661621, 96.2222518921, -2.20652008057, -82.9752883911, -51.2300758362, -29.1514091492], [380.532623291, 2.8858294487, -93.9275970459, 302.227844238, 54.9153213501, 40.5483856201, 74.2438430786, 39.1890068054, 38.2671470642, 29.826417923, 43.6054649353, 26.8789386749, 1.12226343155], [-195.101074219, 218.49017334, 13.0442380905, 54.9153213501, 223.270187378, 45.4525413513, 25.5955657959, 8.98118782043, -17.4990959167, -9.45861244202, 15.7831630707, -18.9407424927, 7.27370786667], [209.309295654, -130.576049805, 186.061691284, 40.5483856201, 45.4525413513, 192.473480225, 48.0960006714, 25.1240386963, 28.1421432495, 11.1846208572, 0.958516895771, -6.19498348236, -17.42029953], [10.5629854202, 31.8812141418, 46.7127723694, 74.2438430786, 25.5955657959, 48.0960006714, 148.414337158, 50.0274467468, 17.4132423401, 1.57273924351, 15.7046384811, -13.2454710007, -8.37887096405], [-36.8962669373, -47.2609939575, 170.865661621, 39.1890068054, 8.98118782043, 25.1240386963, 50.0274467468, 132.257171631, 42.0663719177, 8.54457473755, 7.2582359314, 9.42202186584, -14.2488107681], [35.7739944458, -31.0779800415, 96.2222518921, 38.2671470642, -17.4990959167, 28.1421432495, 17.4132423401, 42.0663719177, 156.584091187, 45.6122894287, 9.94333839417, 29.7917804718, 10.0009393692], [91.899269104, -57.2791175842, -2.20652008057, 29.826417923, -9.45861244202, 11.1846208572, 1.57273924351, 8.54457473755, 45.6122894287, 102.887458801, 31.4317531586, 3.73599553108, -5.39245462418], [218.724884033, -12.1486024857, -82.9752883911, 43.6054649353, 15.7831630707, 0.958516895771, 15.7046384811, 7.2582359314, 9.94333839417, 31.4317531586, 110.636383057, 25.5613327026, -19.7964668274], [161.122421265, -55.7899589539, -51.2300758362, 26.8789386749, -18.9407424927, -6.19498348236, -13.2454710007, 9.42202186584, 29.7917804718, 3.73599553108, 25.5613327026, 118.495231628, 35.7881469727], [-26.3939342499, 28.4927425385, -29.1514091492, 1.12226343155, 7.27370786667, -17.42029953, -8.37887096405, -14.2488107681, 10.0009393692, -5.39245462418, -19.7964668274, 35.7881469727, 104.152153015]],
        "icov": [[0.000332757976139, 0.000428025698056, 0.000286566675641, -0.000272486155154, 1.00579372884e-005, -0.000314194039674, 7.42089032428e-005, 1.55139841809e-005, -9.75658913376e-005, 0.000210600512219, -0.00037042592885, 4.28129242209e-005, -5.96319441684e-005], [0.000428025698056, 0.00157311174553, 0.000458731839899, -0.000212762446608, -0.00118607422337, 0.000580590160098, -0.000401567056542, 0.000387467909604, -0.000559935346246, 0.000687800347805, -0.000298706407193, 0.000380641082302, -8.87451387825e-005], [0.000286566675641, 0.000458731839899, 0.00145557173528, 0.000351833819877, -9.35972275329e-005, -0.00125055585522, 0.000238624197664, -0.00149014184717, -0.000570026866626, 0.000296551355859, 0.000357685348717, 0.000520833244082, -7.74463405833e-005], [-0.000272486155154, -0.000212762446608, 0.000351833819877, 0.00482107559219, -0.00108053558506, -0.00024824612774, -0.00186590699013, -0.000894379569218, -0.000580951047596, -0.000903453386854, -0.000135090493131, -0.000808182172477, 5.81872918701e-005], [1.00579372884e-005, -0.00118607422337, -9.35972275329e-005, -0.00108053558506, 0.00673452252522, -0.00246349466033, 0.000777256616857, -0.000845088274218, 0.00127877481282, 0.000371447240468, -0.00153016089462, 0.0011586722685, -0.00141551613342], [-0.000314194039674, 0.000580590160098, -0.00125055585522, -0.00024824612774, -0.00246349466033, 0.00841957144439, -0.00243633147329, 0.00175989489071, -0.000909167807549, -0.000387682404835, 0.000938456796575, -0.000557156745344, 0.00147630472202], [7.42089032428e-005, -0.000401567056542, 0.000238624197664, -0.00186590699013, 0.000777256616857, -0.00243633147329, 0.00976596958935, -0.00339797139168, -1.17264357868e-006, 0.00105500163045, -0.0014862002572, 0.0021524198819, -0.000892786076292], [1.55139841809e-005, 0.000387467909604, -0.00149014184717, -0.000894379569218, -0.000845088274218, 0.00175989489071, -0.00339797139168, 0.0118192592636, -0.00185808329843, 0.00024748974829, -8.60008876771e-005, -0.00175881898031, 0.00196670927107], [-9.75658913376e-005, -0.000559935346246, -0.000570026866626, -0.000580951047596, 0.00127877481282, -0.000909167807549, -1.17264357868e-006, -0.00185808329843, 0.00911378022283, -0.00385064724833, 0.000458096677903, -0.00195766123943, -0.000835238781292], [0.000210600512219, 0.000687800347805, 0.000296551355859, -0.000903453386854, 0.000371447240468, -0.000387682404835, 0.00105500163045, 0.00024748974829, -0.00385064724833, 0.0130165414885, -0.00386842270382, 0.00202103657648, -0.000400166260079], [-0.00037042592885, -0.000298706407193, 0.000357685348717, -0.000135090493131, -0.00153016089462, 0.000938456796575, -0.0014862002572, -8.60008876771e-005, 0.000458096677903, -0.00386842270382, 0.013084047474, -0.00375630753115, 0.00375527678989], [4.28129242209e-005, 0.000380641082302, 0.000520833244082, -0.000808182172477, 0.0011586722685, -0.000557156745344, 0.0021524198819, -0.00175881898031, -0.00195766123943, 0.00202103657648, -0.00375630753115, 0.0121908364818, -0.00479066092521], [-5.96319441684e-005, -8.87451387825e-005, -7.74463405833e-005, 5.81872918701e-005, -0.00141551613342, 0.00147630472202, -0.000892786076292, 0.00196670927107, -0.000835238781292, -0.000400166260079, 0.00375527678989, -0.00479066092521, 0.0125506147742]]
    },
    "spectral_contrast_coeffs": {
        "mean": [-0.688559293747, -0.723041772842, -0.775471448898, -0.748363852501, -0.755931556225, -0.762112975121],
        "var": [0.00457601016387, 0.00865672901273, 0.00417096633464, 0.00770141882822, 0.00741925975308, 0.00299902283587]
    },
    "spectral_contrast_valleys": {
        "mean": [-7.64728736877, -7.62532091141, -8.66709518433, -9.03145313263, -8.65641403198, -11.3474779129],
        "var": [1.50652229786, 1.01107430458, 1.06033277512, 1.25850510597, 1.52839398384, 1.67397642136]
    }
},
"metadata": {
    "audio_properties": {
        "analysis_sample_rate": 44100,
        "bit_rate": 113441,
        "equal_loudness": 0,
        "length": 45.0612258911,
        "lossless": 0,
        "replay_gain": -14.7895259857,
        "sample_rate": 44100,
        "codec": "mp3",
        "downmix": "mix",
        "md5_encoded": "6e077a335f4fe6b3a49a12963bc37698"
    },
    "tags": {
        "file_name": "20.mp3"
    },
    "version": {
        "essentia": "2.1-beta2",
        "essentia_git_sha": "v2.1_beta2",
        "extractor": "music 1.0"
    }
},
"rhythm": {
    "beats_count": 82,
    "beats_loudness": {
        "mean": 0.0175658166409,
        "var": 0.000130443906528
    },
    "bpm": 110.947792053,
    "bpm_histogram_first_peak_bpm": {
        "mean": 110,
        "var": 0
    },
    "bpm_histogram_first_peak_spread": {
        "mean": 0.512499988079,
        "var": 0
    },
    "bpm_histogram_first_peak_weight": {
        "mean": 0.481481492519,
        "var": 0
    },
    "bpm_histogram_second_peak_bpm": {
        "mean": 101,
        "var": 0
    },
    "bpm_histogram_second_peak_spread": {
        "mean": 0,
        "var": 0
    },
    "bpm_histogram_second_peak_weight": {
        "mean": 0.0123456791043,
        "var": 0
    },
    "danceability": 1.33742892742,
    "onset_rate": 3.81530880928,
    "beats_loudness_band_ratio": {
        "mean": [0.491473078728, 0.117450714111, 0.103277288377, 0.0511547140777, 0.154748886824, 0.116779468954],
        "var": [0.0746361538768, 0.0124496743083, 0.00936706829816, 0.00565195502713, 0.0284181796014, 0.00789106078446]
    },
    "beats_position": [0.592108845711, 1.18421769142, 1.74149656296, 2.28716540337, 2.83283448219, 3.39011335373, 3.92417216301, 4.45823097229, 5.00390005112, 5.54956912994, 6.08362817764, 6.6176867485, 7.1517457962, 7.6858048439, 8.23147392273, 8.77714252472, 9.31120204926, 9.85687065125, 10.4025392532, 10.9365987778, 11.4706573486, 12.0163259506, 12.5619955063, 13.0960540771, 13.6417226791, 14.1873922348, 14.7214508057, 15.2555103302, 15.8011789322, 16.3468475342, 16.8809070587, 17.4381847382, 17.9722442627, 18.5063037872, 19.0403633118, 19.5976409912, 20.1317005157, 20.6657600403, 21.1998176575, 21.7454872131, 22.2911567688, 22.825214386, 23.3708839417, 23.9165534973, 24.4622211456, 25.0078907013, 25.5419502258, 26.076007843, 26.6100673676, 27.1441268921, 27.6897945404, 28.2354640961, 28.7695236206, 29.3035831451, 29.8492507935, 30.3949203491, 30.9405899048, 31.4862575531, 32.0203170776, 32.5543746948, 33.0884361267, 33.6341018677, 34.1797714233, 34.7138328552, 35.2478904724, 35.7935600281, 36.3392295837, 36.8732872009, 37.4073448181, 37.9530143738, 38.4986839294, 39.0327415466, 39.5784111023, 40.124080658, 40.6581382751, 41.192199707, 41.7378692627, 42.2835350037, 42.8175964355, 43.3632659912, 43.9089317322, 44.4546012878]
},
"tonal": {
    "chords_changes_rate": 0.0987654328346,
    "chords_number_rate": 0.0113168722019,
    "chords_strength": {
        "mean": 0.43862247467,
        "var": 0.00672223372385
    },
    "hpcp_entropy": {
        "mean": 1.88781929016,
        "var": 0.734701931477
    },
    "key_strength": 0.681633472443,
    "tuning_diatonic_strength": 0.45109423995,
    "tuning_equal_tempered_deviation": 0.090257294476,
    "tuning_frequency": 442.293365479,
    "tuning_nontempered_energy_ratio": 0.705339074135,
    "hpcp": {
        "mean": [0.319839835167, 0.174882143736, 0.102586112916, 0.0979461669922, 0.0717582628131, 0.106094755232, 0.142481356859, 0.103975832462, 0.154279395938, 0.196521773934, 0.106662020087, 0.0877652093768, 0.103564329445, 0.0782648399472, 0.15771189332, 0.23489163816, 0.165972754359, 0.110983744264, 0.102026097476, 0.0912134051323, 0.198212951422, 0.265707701445, 0.18139256537, 0.126136541367, 0.0728022754192, 0.0349749885499, 0.0756626427174, 0.0981548652053, 0.0828003287315, 0.145860284567, 0.180231064558, 0.105402931571, 0.0913964509964, 0.110785461962, 0.117803432047, 0.257620453835],
        "var": [0.137663125992, 0.0466328375041, 0.0363282449543, 0.042400341481, 0.0263986736536, 0.0334851853549, 0.0591791905463, 0.0271394774318, 0.0609746053815, 0.108118064702, 0.0305975843221, 0.0298327151686, 0.0447505302727, 0.0181861091405, 0.0560104846954, 0.111379280686, 0.0600123852491, 0.0516938082874, 0.0569930709898, 0.0327891893685, 0.06980471313, 0.114513419569, 0.0529626086354, 0.0382997617126, 0.0146384434775, 0.00776438135654, 0.0226922258735, 0.0397900864482, 0.025003740564, 0.0541931428015, 0.0857687368989, 0.0306881796569, 0.0286990646273, 0.0426050908864, 0.0347940996289, 0.0929273739457]
    },
    "chords_histogram": [47.0164604187, 7.30452680588, 4.73251008987, 7.20164632797, 3.18930029869, 11.0082302094, 1.85185182095, 11.0082302094, 0, 1.23456788063, 0.102880656719, 0.205761313438, 0.102880656719, 0, 0, 0, 0, 0, 0.514403283596, 0, 1.02880656719, 0, 2.77777767181, 0.720164597034],
    "thpcp": [1, 0.546780347824, 0.32074213028, 0.306235045195, 0.224356859922, 0.331712126732, 0.445477217436, 0.325087189674, 0.482364535332, 0.614438056946, 0.333485722542, 0.274403631687, 0.323800593615, 0.244700103998, 0.493096470833, 0.734403967857, 0.518924593925, 0.346997886896, 0.318991214037, 0.285184621811, 0.619725644588, 0.830752372742, 0.567135632038, 0.394374072552, 0.227621033788, 0.109351567924, 0.236564159393, 0.306887567043, 0.258880615234, 0.456041634083, 0.563504099846, 0.329549103975, 0.28575694561, 0.346377938986, 0.368320077658, 0.805467069149],
    "chords_key": "A",
    "chords_scale": "minor",
    "key_key": "A",
    "key_scale": "minor"
}
}