{
"lowlevel": {
    "average_loudness": 0.468670606613,
    "barkbands_crest": {
        "mean": 8.28657913208,
        "var": 11.2278013229
    },
    "barkbands_flatness_db": {
        "mean": 0.11793486774,
        "var": 0.00227451859973
    },
    "barkbands_kurtosis": {
        "mean": 2.24479174614,
        "var": 40.0329551697
    },
    "barkbands_skewness": {
        "mean": 1.04959440231,
        "var": 1.40802645683
    },
    "barkbands_spread": {
        "mean": 25.9184360504,
        "var": 141.30657959
    },
    "dissonance": {
        "mean": 0.472579568624,
        "var": 0.000668843335006
    },
    "dynamic_complexity": 3.47478294373,
    "erbbands_crest": {
        "mean": 9.19549274445,
        "var": 12.4304380417
    },
    "erbbands_flatness_db": {
        "mean": 0.159648969769,
        "var": 0.000987810548395
    },
    "erbbands_kurtosis": {
        "mean": 0.598089873791,
        "var": 2.69711589813
    },
    "erbbands_skewness": {
        "mean": -0.213952109218,
        "var": 0.603965878487
    },
    "erbbands_spread": {
        "mean": 33.0653495789,
        "var": 197.989120483
    },
    "hfc": {
        "mean": 21.3675289154,
        "var": 380.752807617
    },
    "melbands_crest": {
        "mean": 12.9140853882,
        "var": 22.1710948944
    },
    "melbands_flatness_db": {
        "mean": 0.177158862352,
        "var": 0.00460029067472
    },
    "melbands_kurtosis": {
        "mean": 8.13078594208,
        "var": 201.417236328
    },
    "melbands_skewness": {
        "mean": 2.09188747406,
        "var": 2.24537014961
    },
    "melbands_spread": {
        "mean": 32.7017822266,
        "var": 371.164794922
    },
    "pitch_salience": {
        "mean": 0.5724568367,
        "var": 0.00918740872294
    },
    "silence_rate_20dB": {
        "mean": 1,
        "var": 0
    },
    "silence_rate_30dB": {
        "mean": 1,
        "var": 0
    },
    "silence_rate_60dB": {
        "mean": 0.0607296787202,
        "var": 0.0570273324847
    },
    "spectral_centroid": {
        "mean": 1550.6920166,
        "var": 383881.25
    },
    "spectral_complexity": {
        "mean": 23.6390857697,
        "var": 174.831680298
    },
    "spectral_decrease": {
        "mean": -4.73909533838e-009,
        "var": 1.22977148463e-017
    },
    "spectral_energy": {
        "mean": 0.0198244880885,
        "var": 0.000214684172533
    },
    "spectral_energyband_high": {
        "mean": 0.000634727999568,
        "var": 7.20254206499e-007
    },
    "spectral_energyband_low": {
        "mean": 0.00607797782868,
        "var": 5.70832416997e-005
    },
    "spectral_energyband_middle_high": {
        "mean": 0.00760736502707,
        "var": 6.07622023381e-005
    },
    "spectral_energyband_middle_low": {
        "mean": 0.00700873322785,
        "var": 3.28764435835e-005
    },
    "spectral_entropy": {
        "mean": 7.61208057404,
        "var": 0.143885716796
    },
    "spectral_flux": {
        "mean": 0.068402916193,
        "var": 0.00146771478467
    },
    "spectral_kurtosis": {
        "mean": 5.40534448624,
        "var": 7.10578966141
    },
    "spectral_rms": {
        "mean": 0.0040929345414,
        "var": 2.58889258475e-006
    },
    "spectral_rolloff": {
        "mean": 1761.05322266,
        "var": 1160564.5
    },
    "spectral_skewness": {
        "mean": 1.63625252247,
        "var": 0.202504217625
    },
    "spectral_spread": {
        "mean": 3939418.75,
        "var": 1.36915674726e+012
    },
    "spectral_strongpeak": {
        "mean": 0.882257401943,
        "var": 1.63941657543
    },
    "zerocrossingrate": {
        "mean": 0.0659896805882,
        "var": 0.000882115098648
    },
    "barkbands": {
        "mean": [5.66100243304e-005, 0.00218500196934, 0.00243278057314, 0.00212210486643, 0.00137335131876, 0.00118938658852, 0.000975222850684, 0.000541438348591, 0.000630811788142, 0.00051591952797, 0.00132536923047, 0.000429933337728, 0.000382252852432, 0.000693742476869, 0.000474369502626, 0.00155595387332, 0.00131690397393, 0.000456588692032, 0.000411179789808, 0.000214864252484, 0.000193124331417, 0.000125370846945, 7.64890064602e-005, 4.49857398053e-005, 6.26549590379e-005, 3.58480683644e-005, 2.30353725783e-006],
        "var": [1.36048692312e-008, 1.7725455109e-005, 9.39979963732e-006, 1.22200599435e-005, 2.08429150916e-006, 3.0074049846e-006, 2.44665261562e-006, 8.7681092964e-007, 6.40253574602e-007, 1.00363979527e-006, 1.17287745525e-005, 8.38979985929e-007, 4.66878844918e-007, 2.03227250495e-006, 5.55320809781e-007, 4.0414815885e-006, 2.80553877019e-006, 2.73355169611e-007, 2.35222188394e-007, 7.15512769034e-008, 8.19274106334e-008, 4.40178311578e-008, 1.44560692306e-008, 5.85739856618e-009, 1.48280037138e-008, 9.75764713473e-009, 5.75714372009e-011]
    },
    "erbbands": {
        "mean": [0.0539979375899, 0.533693790436, 2.39936184883, 6.03277254105, 4.95099830627, 4.69312477112, 7.11961746216, 9.20683956146, 9.07025718689, 18.1360530853, 13.3619041443, 14.3835163116, 16.9704875946, 28.2537956238, 42.4369430542, 20.9399604797, 17.630437851, 37.6122512817, 20.6519451141, 50.3687324524, 93.8826599121, 70.3583984375, 25.6663646698, 26.1348400116, 16.0084133148, 10.552942276, 9.16271209717, 6.19454097748, 4.83778810501, 3.00914335251, 2.06067037582, 1.18648993969, 0.715318024158, 0.599602103233, 0.493497848511, 0.276058673859, 0.0356885120273, 0.00537409912795, 0.000306696863845, 3.17850826832e-005],
        "var": [0.0130282538012, 0.99790340662, 10.1761159897, 76.479675293, 42.5419883728, 34.0625686646, 106.400535583, 197.328842163, 193.863586426, 880.166381836, 588.841186523, 355.833526611, 637.453918457, 3199.14624023, 10496.9912109, 1929.49658203, 832.754089355, 6522.04931641, 774.610168457, 5454.1171875, 13502.15625, 8204.57128906, 754.931640625, 898.527954102, 361.708618164, 175.219696045, 180.629547119, 102.863922119, 72.7880249023, 22.2655792236, 10.4508018494, 3.79823756218, 1.42887926102, 1.10452353954, 1.21929574013, 0.584599673748, 0.00803439598531, 0.000166644385899, 9.50529283728e-007, 8.79929962228e-010]
    },
    "gfcc": {
        "mean": [-6.37652444839, 91.0249404907, -128.638534546, 36.198223114, -47.981262207, 9.97513961792, -45.5677337646, 14.0337238312, -23.0538520813, -1.72615611553, -25.299123764, -1.44619417191, -12.3463745117],
        "cov": [[6791.07373047, -1466.69140625, -1149.27929688, 242.581939697, -141.982116699, 102.87688446, -27.6837387085, 4.0302438736, -214.914169312, 105.196411133, -91.0661621094, 197.424346924, 0.49096673727], [-1466.69140625, 1020.25933838, 103.479042053, 21.3032779694, 113.207214355, -23.434009552, 169.226913452, -29.9512863159, 120.485740662, -101.079101563, 96.7562866211, -77.694984436, 106.798843384], [-1149.27929688, 103.479042053, 750.490905762, -75.1890792847, 9.56541538239, 35.3458099365, -108.976455688, 52.1727142334, -27.9583454132, 13.9143075943, -73.1454620361, -19.4888439178, -65.7769393921], [242.581939697, 21.3032779694, -75.1890792847, 326.162963867, 77.3356933594, -4.92144584656, 42.1625785828, -31.3432559967, 89.4627304077, 1.70056521893, 24.2519245148, -14.3286266327, 41.8460617065], [-141.982116699, 113.207214355, 9.56541538239, 77.3356933594, 201.38710022, 12.220240593, 49.4587059021, 24.9311180115, 47.6071090698, 24.6167831421, 8.44844341278, -0.581676006317, 12.2634963989], [102.87688446, -23.434009552, 35.3458099365, -4.92144584656, 12.220240593, 170.854705811, 77.5627288818, 17.4435119629, -27.9671325684, 6.08186244965, 20.3980255127, 13.1334924698, 1.66557252407], [-27.6837387085, 169.226913452, -108.976455688, 42.1625785828, 49.4587059021, 77.5627288818, 177.988861084, 10.1452312469, 30.1897964478, -11.747841835, 43.5286598206, 2.08433365822, 31.8923416138], [4.0302438736, -29.9512863159, 52.1727142334, -31.3432559967, 24.9311180115, 17.4435119629, 10.1452312469, 100.560974121, 20.4407424927, 30.0340137482, -1.28433787823, -3.32251930237, -9.52103042603], [-214.914169312, 120.485740662, -27.9583454132, 89.4627304077, 47.6071090698, -27.9671325684, 30.1897964478, 20.4407424927, 127.642791748, 21.761100769, 26.9054508209, -14.2909202576, 15.8794679642], [105.196411133, -101.079101563, 13.9143075943, 1.70056521893, 24.6167831421, 6.08186244965, -11.747841835, 30.0340137482, 21.761100769, 86.6359481812, 14.2544746399, 15.4947347641, -25.3827953339], [-91.0661621094, 96.7562866211, -73.1454620361, 24.2519245148, 8.44844341278, 20.3980255127, 43.5286598206, -1.28433787823, 26.9054508209, 14.2544746399, 95.5863571167, 11.3687505722, 25.8429203033], [197.424346924, -77.694984436, -19.4888439178, -14.3286266327, -0.581676006317, 13.1334924698, 2.08433365822, -3.32251930237, -14.2909202576, 15.4947347641, 11.3687505722, 83.357711792, 21.6104354858], [0.49096673727, 106.798843384, -65.7769393921, 41.8460617065, 12.2634963989, 1.66557252407, 31.8923416138, -9.52103042603, 15.8794679642, -25.3827953339, 25.8429203033, 21.6104354858, 87.0302352905]],
        "icov": [[0.000393571273889, 0.000136064641993, 0.000726806931198, -0.000616204109974, 0.000244238821324, -0.000366434192983, 0.000289434974547, -0.000619447382633, 0.000800540437922, -0.000369177781977, 0.000728239538148, -0.000650468806271, 0.000166709840414], [0.000136064641993, 0.00347669958137, -0.0013890058035, 0.00173863687087, -0.00150787609164, 0.00172039342579, -0.00315731414594, 0.00208298210055, -0.00233608507551, 0.0027981530875, -0.0029105823487, 0.00309155369177, -0.00324958818965], [0.000726806931198, -0.0013890058035, 0.00391386821866, -0.00187114602886, 0.000800678215455, -0.00268403976224, 0.00357912876643, -0.0029539372772, 0.00233458471484, -0.00157373887487, 0.00360044743866, -0.00266587221995, 0.0025698710233], [-0.000616204109974, 0.00173863687087, -0.00187114602886, 0.00674213143066, -0.00252602132969, 0.000861954700667, -0.00208397116512, 0.00469586579129, -0.00579865463078, 0.00173667829949, -0.00249258801341, 0.00390421156771, -0.00383397820406], [0.000244238821324, -0.00150787609164, 0.000800678215455, -0.00252602132969, 0.00732963671908, -0.00063165393658, -0.000296477723168, -0.00245833420195, 0.00102744030301, -0.00344572658651, 0.00280391331762, -0.00198425725102, 0.00095537235029], [-0.000366434192983, 0.00172039342579, -0.00268403976224, 0.000861954700667, -0.00063165393658, 0.0107690151781, -0.0072132665664, 0.000529803161044, 0.00181813712697, 0.000588275084738, -0.00371728488244, 0.00156821717974, -0.00141370238271], [0.000289434974547, -0.00315731414594, 0.00357912876643, -0.00208397116512, -0.000296477723168, -0.0072132665664, 0.013917283155, -0.00351868919097, 0.000489606754854, 0.000127041697851, 0.00145054748282, -0.00331929395907, 0.00261603645049], [-0.000619447382633, 0.00208298210055, -0.0029539372772, 0.00469586579129, -0.00245833420195, 0.000529803161044, -0.00351868919097, 0.0160291790962, -0.0059286467731, -0.00198354851454, -0.00179916922934, 0.00473474012688, -0.0038020091597], [0.000800540437922, -0.00233608507551, 0.00233458471484, -0.00579865463078, 0.00102744030301, 0.00181813712697, 0.000489606754854, -0.0059286467731, 0.0171957146376, -0.00612539192662, 0.00147381518036, -0.00153647898696, 0.00142707838677], [-0.000369177781977, 0.0027981530875, -0.00157373887487, 0.00173667829949, -0.00344572658651, 0.000588275084738, 0.000127041697851, -0.00198354851454, -0.00612539192662, 0.0216750036925, -0.00731212692335, -0.00213706796058, 0.00489579839632], [0.000728239538148, -0.0029105823487, 0.00360044743866, -0.00249258801341, 0.00280391331762, -0.00371728488244, 0.00145054748282, -0.00179916922934, 0.00147381518036, -0.00731212692335, 0.0186583716422, -0.00434917211533, -0.000427091988968], [-0.000650468806271, 0.00309155369177, -0.00266587221995, 0.00390421156771, -0.00198425725102, 0.00156821717974, -0.00331929395907, 0.00473474012688, -0.00153647898696, -0.00213706796058, -0.00434917211533, 0.0197040103376, -0.00964245758951], [0.000166709840414, -0.00324958818965, 0.0025698710233, -0.00383397820406, 0.00095537235029, -0.00141370238271, 0.00261603645049, -0.0038020091597, 0.00142707838677, 0.00489579839632, -0.000427091988968, -0.00964245758951, 0.0214692763984]]
    },
    "melbands": {
        "mean": [0.000533268321306, 0.0010905059753, 0.00100115500391, 0.000323865649989, 0.000244910799665, 0.000216572690988, 0.000156938986038, 0.000174939792487, 0.000104850470962, 9.05138222151e-005, 8.30857825349e-005, 0.000104475846456, 0.000188201593119, 4.55854278698e-005, 4.45471450803e-005, 4.76917302876e-005, 7.08912411937e-005, 3.22994310409e-005, 3.84484155802e-005, 8.79811195773e-005, 0.000118054478662, 8.45393005875e-005, 2.69405772997e-005, 2.31221238209e-005, 2.10663311009e-005, 1.47169039337e-005, 8.17767886474e-006, 6.38503524897e-006, 5.6144986047e-006, 4.78587344332e-006, 3.17707940667e-006, 2.79584355667e-006, 2.1793803171e-006, 1.45332489865e-006, 1.14501233384e-006, 1.10055407276e-006, 5.83782650665e-007, 4.81863537516e-007, 4.98267581861e-007, 5.1820796898e-007],
        "var": [1.13902990506e-006, 2.31060539591e-006, 1.87117188943e-006, 1.32133379793e-007, 9.49261504957e-008, 1.04886559882e-007, 5.68885987207e-008, 7.38763716868e-008, 3.53060265468e-008, 1.40751978961e-008, 1.61188946635e-008, 4.47690702288e-008, 2.39024274151e-007, 9.72263602961e-009, 6.61520394019e-009, 7.63614593779e-009, 2.43032971525e-008, 2.66645083791e-009, 3.85061627028e-009, 1.4647192792e-008, 2.35237109791e-008, 1.31003492498e-008, 9.69995084255e-010, 7.81946729589e-010, 6.2194910333e-010, 3.43086947741e-010, 1.03331773693e-010, 6.95866905764e-011, 7.05015212876e-011, 4.90764616445e-011, 3.14317599726e-011, 2.56681273458e-011, 1.33284737414e-011, 5.82127011525e-012, 3.5310829781e-012, 3.16593301054e-012, 1.23457754436e-012, 7.67852253135e-013, 6.72566277844e-013, 9.50079208015e-013]
    },
    "mfcc": {
        "mean": [-645.384765625, 119.499771118, -16.3246135712, 27.3095264435, 13.9478368759, -0.0015708290739, -6.59231328964, 5.08641386032, 5.71957492828, -1.98610341549, -4.06380558014, -1.86085009575, 0.983991205692],
        "cov": [[6971.23632813, -1479.9876709, -1230.91149902, 79.8371429443, -327.677368164, 125.379386902, -0.839868843555, 71.1174850464, -96.4626693726, -60.3803901672, -121.05165863, 29.2153167725, -83.90284729], [-1479.9876709, 902.594421387, 173.476715088, -2.21719527245, 53.2867355347, -23.271074295, 63.2207298279, 27.6299991608, 62.9564704895, 4.95066738129, 28.6338291168, -29.6302623749, 48.2198143005], [-1230.91149902, 173.476715088, 591.821044922, -54.8346481323, 87.8157958984, -19.2423858643, -3.48070025444, -22.1206188202, 11.9522857666, -14.1231222153, 9.97589588165, -21.358921051, 22.6555767059], [79.8371429443, -2.21719527245, -54.8346481323, 265.213500977, 65.857963562, 43.7330932617, -47.6473693848, 9.42660617828, 34.0502204895, 32.8607826233, 3.0909974575, 19.3024158478, -10.4610834122], [-327.677368164, 53.2867355347, 87.8157958984, 65.857963562, 158.425704956, 0.447861939669, -9.26077842712, -15.351190567, 23.7053833008, 26.2049922943, 13.5615787506, 12.7656164169, 7.17710876465], [125.379386902, -23.271074295, -19.2423858643, 43.7330932617, 0.447861939669, 153.386779785, 47.8491363525, 43.1826782227, 13.4863615036, 1.21243774891, 13.3260679245, 12.2024927139, 5.36819601059], [-0.839868843555, 63.2207298279, -3.48070025444, -47.6473693848, -9.26077842712, 47.8491363525, 150.544937134, 40.5093765259, 12.0354223251, 4.10316133499, 20.6128673553, -0.617129862309, 26.0402488708], [71.1174850464, 27.6299991608, -22.1206188202, 9.42660617828, -15.351190567, 43.1826782227, 40.5093765259, 86.5990753174, 27.6850070953, 9.82120800018, 0.159214019775, 3.50098562241, 7.80639982224], [-96.4626693726, 62.9564704895, 11.9522857666, 34.0502204895, 23.7053833008, 13.4863615036, 12.0354223251, 27.6850070953, 88.4412765503, 25.6542110443, 18.4618244171, -0.692530453205, 2.05519795418], [-60.3803901672, 4.95066738129, -14.1231222153, 32.8607826233, 26.2049922943, 1.21243774891, 4.10316133499, 9.82120800018, 25.6542110443, 77.0904846191, 31.372543335, 24.6756019592, -1.03626358509], [-121.05165863, 28.6338291168, 9.97589588165, 3.0909974575, 13.5615787506, 13.3260679245, 20.6128673553, 0.159214019775, 18.4618244171, 31.372543335, 86.6847915649, 30.8206329346, 20.8246097565], [29.2153167725, -29.6302623749, -21.358921051, 19.3024158478, 12.7656164169, 12.2024927139, -0.617129862309, 3.50098562241, -0.692530453205, 24.6756019592, 30.8206329346, 80.1278305054, 25.023349762], [-83.90284729, 48.2198143005, 22.6555767059, -10.4610834122, 7.17710876465, 5.36819601059, 26.0402488708, 7.80639982224, 2.05519795418, -1.03626358509, 20.8246097565, 25.023349762, 66.2988433838]],
        "icov": [[0.000372006907128, 0.000506899959873, 0.000585244328249, -9.65851068031e-005, 0.000243154776399, -4.7895082389e-005, -0.000160926763783, -0.00015131291002, -0.000107061248855, 0.000267851166427, 0.000229280325584, 8.0013385741e-005, -0.00014925072901], [0.000506899959873, 0.00205251271836, 0.000496956112329, -0.000313296273816, 0.000136103175464, 0.000447807804449, -0.000698042218573, -0.000517424137797, -0.000819145003334, 0.000516866508406, -5.68631139686e-006, 0.000884224136826, -0.00108494702727], [0.000585244328249, 0.000496956112329, 0.00305163231678, 0.000653770344798, -0.0010367113864, -0.000291114643915, 0.000244381139055, -3.51461130776e-005, -0.000324465741869, 0.000857323931996, 0.000103352373117, 0.000789892626926, -0.000823628506623], [-9.65851068031e-005, -0.000313296273816, 0.000653770344798, 0.00568674504757, -0.00231349258684, -0.0021295605693, 0.0025639559608, -0.000278446241282, -0.00122896686662, -0.00133632856887, 0.000626593304332, -0.000461098039523, 0.000222562404815], [0.000243154776399, 0.000136103175464, -0.0010367113864, -0.00231349258684, 0.00907940044999, 3.13931559504e-005, -0.000736604677513, 0.00247129658237, -0.00149024091661, -0.00193140690681, 0.00070803402923, -0.000795606989413, -0.000695234688465], [-4.7895082389e-005, 0.000447807804449, -0.000291114643915, -0.0021295605693, 3.13931559504e-005, 0.00925160013139, -0.00290868990123, -0.0035696120467, 0.000249042292126, 0.00214616698213, -0.00154891167767, -0.00106945855077, 0.00110340246465], [-0.000160926763783, -0.000698042218573, 0.000244381139055, 0.0025639559608, -0.000736604677513, -0.00290868990123, 0.0102052940056, -0.00308245467022, 0.00024199312611, -0.00105206470471, -0.00160747254267, 0.00188247044571, -0.00293459533714], [-0.00015131291002, -0.000517424137797, -3.51461130776e-005, -0.000278446241282, 0.00247129658237, -0.0035696120467, -0.00308245467022, 0.0174768622965, -0.00487097399309, -0.0022659341339, 0.00333185121417, -0.000953341135755, -0.00124385219533], [-0.000107061248855, -0.000819145003334, -0.000324465741869, -0.00122896686662, -0.00149024091661, 0.000249042292126, 0.00024199312611, -0.00487097399309, 0.0156981926411, -0.0033417865634, -0.00275527476333, 0.00246125436388, 0.00039451153134], [0.000267851166427, 0.000516866508406, 0.000857323931996, -0.00133632856887, -0.00193140690681, 0.00214616698213, -0.00105206470471, -0.0022659341339, -0.0033417865634, 0.0196443796158, -0.00536011951044, -0.00454530026764, 0.00398437073454], [0.000229280325584, -5.68631139686e-006, 0.000103352373117, 0.000626593304332, 0.00070803402923, -0.00154891167767, -0.00160747254267, 0.00333185121417, -0.00275527476333, -0.00536011951044, 0.0171067640185, -0.00421846471727, -0.00313378288411], [8.0013385741e-005, 0.000884224136826, 0.000789892626926, -0.000461098039523, -0.000795606989413, -0.00106945855077, 0.00188247044571, -0.000953341135755, 0.00246125436388, -0.00454530026764, -0.00421846471727, 0.0187491886318, -0.00723779667169], [-0.00014925072901, -0.00108494702727, -0.000823628506623, 0.000222562404815, -0.000695234688465, 0.00110340246465, -0.00293459533714, -0.00124385219533, 0.00039451153134, 0.00398437073454, -0.00313378288411, -0.00723779667169, 0.0210511554033]]
    },
    "spectral_contrast_coeffs": {
        "mean": [-0.632532954216, -0.739659488201, -0.766445875168, -0.775071263313, -0.775588810444, -0.750801801682],
        "var": [0.00608666241169, 0.00437640026212, 0.00481428345665, 0.00201512943022, 0.0010254093213, 0.00215036491863]
    },
    "spectral_contrast_valleys": {
        "mean": [-7.46146535873, -6.87991905212, -7.41144418716, -7.463783741, -7.36392211914, -10.410405159],
        "var": [0.673307657242, 0.636685729027, 0.832555770874, 0.951903343201, 1.32546782494, 1.08704686165]
    }
},
"metadata": {
    "audio_properties": {
        "analysis_sample_rate": 44100,
        "bit_rate": 128000,
        "equal_loudness": 0,
        "length": 301.635925293,
        "lossless": 0,
        "replay_gain": -15.000453949,
        "sample_rate": 44100,
        "codec": "mp3",
        "downmix": "mix",
        "md5_encoded": "ee3270a07dbe129a43e5a85f7cfc6921"
    },
    "tags": {
        "file_name": "2001.mp3"
    },
    "version": {
        "essentia": "2.1-beta2",
        "essentia_git_sha": "v2.1_beta2",
        "extractor": "music 1.0"
    }
},
"rhythm": {
    "beats_count": 669,
    "beats_loudness": {
        "mean": 0.0265758149326,
        "var": 0.000247437943472
    },
    "bpm": 135.839111328,
    "bpm_histogram_first_peak_bpm": {
        "mean": 136,
        "var": 0
    },
    "bpm_histogram_first_peak_spread": {
        "mean": 0.590361475945,
        "var": 0
    },
    "bpm_histogram_first_peak_weight": {
        "mean": 0.203592807055,
        "var": 0
    },
    "bpm_histogram_second_peak_bpm": {
        "mean": 129,
        "var": 0
    },
    "bpm_histogram_second_peak_spread": {
        "mean": 0.456896543503,
        "var": 0
    },
    "bpm_histogram_second_peak_weight": {
        "mean": 0.188622757792,
        "var": 0
    },
    "danceability": 1.02267122269,
    "onset_rate": 2.64213109016,
    "beats_loudness_band_ratio": {
        "mean": [0.477899342775, 0.136726602912, 0.112408295274, 0.106342107058, 0.148947045207, 0.0527548566461],
        "var": [0.053406521678, 0.0123072750866, 0.00741251977161, 0.0131124546751, 0.0139734297991, 0.00248785433359]
    },
    "beats_position": [0.522448956966, 1.06811785698, 1.55573689938, 2.03174591064, 2.50775504112, 2.97215414047, 3.43655323982, 3.90095233917, 4.3653512001, 4.82975053787, 5.2941493988, 5.74693870544, 6.21133756638, 6.66412687302, 7.11691617966, 7.56970500946, 8.03410434723, 8.48689365387, 8.93968200684, 9.4040813446, 9.85687065125, 10.3096599579, 10.774058342, 11.2384576797, 11.7028570175, 12.1556463242, 12.6084346771, 13.0612239838, 13.5140132904, 13.9784126282, 14.4428119659, 14.8956003189, 15.3599996567, 15.8127889633, 16.2771873474, 16.7415866852, 17.2059860229, 17.6703853607, 18.1347846985, 18.5991840363, 19.0635814667, 19.5279808044, 19.9923801422, 20.45677948, 20.9327888489, 21.3971881866, 21.8731975555, 22.3375968933, 22.8019943237, 23.2663936615, 23.7307929993, 24.195192337, 24.6595916748, 25.1356010437, 25.6000003815, 26.0643978119, 26.5404071808, 27.0048065186, 27.4692058563, 27.9336051941, 28.409614563, 28.8856239319, 29.3500213623, 29.8260307312, 30.3020401001, 30.7664394379, 31.2308387756, 31.6952381134, 32.1596374512, 32.6240348816, 33.0884361267, 33.5528335571, 34.028842926, 34.4932403564, 34.9692497253, 35.4336509705, 35.9096603394, 36.3740577698, 36.8500671387, 37.3260765076, 37.8020858765, 38.2664833069, 38.730884552, 39.1952819824, 39.6596832275, 40.1356925964, 40.6116981506, 41.0760993958, 41.5404968262, 42.0048980713, 42.4809074402, 42.9453048706, 43.4213142395, 43.8973236084, 44.3733329773, 44.8377304077, 45.3137397766, 45.7897491455, 46.2541503906, 46.7301597595, 47.2061653137, 47.6705665588, 48.1349639893, 48.5993652344, 49.0637626648, 49.5281639099, 49.9925613403, 50.4569587708, 50.9213600159, 51.3857574463, 51.8501586914, 52.3145561218, 52.7789573669, 53.2433547974, 53.696144104, 54.1489334106, 54.6133308411, 55.0661201477, 55.5189094543, 55.971698761, 56.4244880676, 56.8772773743, 57.3300666809, 57.794467926, 58.247253418, 58.7116546631, 59.1644439697, 59.6288414001, 60.0816307068, 60.5344200134, 60.9756011963, 61.4399986267, 61.9043960571, 62.3571853638, 62.8099746704, 63.2511558533, 63.7039451599, 64.1567306519, 64.6095199585, 65.0623092651, 65.5150985718, 65.9678878784, 66.4206771851, 66.8734664917, 67.3262557983, 67.779045105, 68.2318344116, 68.6846237183, 69.1490249634, 69.60181427, 70.0546035767, 70.4957809448, 70.9485702515, 71.4013595581, 71.8541488647, 72.3069381714, 72.7713394165, 73.2241287231, 73.6769180298, 74.1180953979, 74.5708847046, 75.0120620728, 75.4648513794, 75.917640686, 76.3704299927, 76.8232192993, 77.2876205444, 77.7520141602, 78.2164154053, 78.6808166504, 79.133605957, 79.5863952637, 80.0391845703, 80.503578186, 80.9679794312, 81.4323806763, 81.8967819214, 82.3727874756, 82.8487930298, 83.3131942749, 83.77759552, 84.2419967651, 84.7063903809, 85.170791626, 85.6351928711, 86.0995864868, 86.5639877319, 87.0283889771, 87.4927902222, 87.9687957764, 88.44480896, 88.9092025757, 89.3736038208, 89.8380050659, 90.3023986816, 90.7667999268, 91.2312011719, 91.7072067261, 92.1832199097, 92.6476211548, 93.123626709, 93.5996322632, 94.0640335083, 94.5284347534, 95.0044403076, 95.4804534912, 95.9564590454, 96.432472229, 96.8968658447, 97.3728790283, 97.8488845825, 98.3248977661, 98.8009033203, 99.2769165039, 99.7529220581, 100.228935242, 100.704940796, 101.180953979, 101.656959534, 102.132965088, 102.608978271, 103.084983826, 103.572608948, 104.048614502, 104.513015747, 104.989021301, 105.465034485, 105.941040039, 106.417053223, 106.893058777, 107.36907196, 107.845077515, 108.321083069, 108.797096252, 109.273101807, 109.74911499, 110.225120544, 110.701133728, 111.177139282, 111.653152466, 112.12915802, 112.605171204, 113.081176758, 113.557182312, 114.033195496, 114.50920105, 114.985214233, 115.461219788, 115.925621033, 116.401634216, 116.877639771, 117.353645325, 117.81804657, 118.294059753, 118.770065308, 119.246078491, 119.722084045, 120.209701538, 120.685714722, 121.161720276, 121.649337769, 122.136962891, 122.612968445, 123.088973999, 123.553375244, 124.029388428, 124.505393982, 124.981407166, 125.45741272, 125.933418274, 126.409431458, 126.873832703, 127.338226318, 127.814239502, 128.290252686, 128.76625061, 129.230651855, 129.695053101, 130.171066284, 130.647079468, 131.123077393, 131.599090576, 132.07510376, 132.539505005, 133.01550293, 133.491516113, 133.967529297, 134.431930542, 134.907928467, 135.38394165, 135.848342896, 136.324356079, 136.788757324, 137.253143311, 137.717544556, 138.181945801, 138.646347046, 139.099136353, 139.551925659, 140.004714966, 140.469116211, 140.921905518, 141.374694824, 141.827484131, 142.280273438, 142.744674683, 143.197463989, 143.650253296, 144.103042603, 144.555831909, 145.008621216, 145.473007202, 145.925796509, 146.378585815, 146.819763184, 147.27255249, 147.725341797, 148.178131104, 148.63092041, 149.083709717, 149.536499023, 149.98928833, 150.442077637, 150.883255005, 151.336044312, 151.788833618, 152.230026245, 152.671203613, 153.112380981, 153.55355835, 153.994735718, 154.447525024, 154.900314331, 155.353103638, 155.805892944, 156.247070313, 156.688247681, 157.129425049, 157.570602417, 158.011795044, 158.452972412, 158.89414978, 159.335327148, 159.776504517, 160.217681885, 160.658859253, 161.100036621, 161.541213989, 161.982406616, 162.435195923, 162.887985229, 163.329162598, 163.770339966, 164.211517334, 164.652694702, 165.09387207, 165.535049438, 165.976226807, 166.429016113, 166.870193481, 167.322982788, 167.764175415, 168.205352783, 168.646530151, 169.08770752, 169.528884888, 169.970062256, 170.411239624, 170.852416992, 171.305206299, 171.746398926, 172.187576294, 172.628753662, 173.06993103, 173.522720337, 173.963897705, 174.405075073, 174.85786438, 175.299041748, 175.751831055, 176.193008423, 176.645797729, 177.086975098, 177.516555786, 177.957733154, 178.398910522, 178.840087891, 179.281265259, 179.722442627, 180.163619995, 180.593200684, 181.022766113, 181.463943481, 181.90512085, 182.346298218, 182.775863647, 183.228652954, 183.681442261, 184.134231567, 184.575408936, 185.016601563, 185.457778931, 185.898956299, 186.340133667, 186.781311035, 187.222488403, 187.663665771, 188.10484314, 188.546035767, 188.987213135, 189.428390503, 189.869567871, 190.310745239, 190.751922607, 191.193099976, 191.645889282, 192.098678589, 192.539855957, 192.981033325, 193.422225952, 193.86340332, 194.304580688, 194.745758057, 195.186935425, 195.628112793, 196.069290161, 196.498855591, 196.928436279, 197.369613647, 197.810791016, 198.251968384, 198.693145752, 199.13432312, 199.575500488, 200.016693115, 200.457870483, 200.899047852, 201.328613281, 201.758178711, 202.199356079, 202.640533447, 203.081726074, 203.522903442, 203.952468872, 204.382034302, 204.82321167, 205.264389038, 205.717178345, 206.169967651, 206.611160278, 207.052337646, 207.493515015, 207.946304321, 208.399093628, 208.840270996, 209.281448364, 209.722625732, 210.163803101, 210.604980469, 211.046157837, 211.487350464, 211.928527832, 212.3697052, 212.810882568, 213.240447998, 213.670013428, 214.111190796, 214.552383423, 214.993560791, 215.434738159, 215.864303589, 216.293869019, 216.735046387, 217.164627075, 217.605804443, 218.035369873, 218.476547241, 218.906112671, 219.335693359, 219.776870728, 220.206436157, 220.636001587, 221.065567017, 221.495147705, 221.924713135, 222.354278564, 222.783843994, 223.213424683, 223.642990112, 224.072555542, 224.51373291, 224.943313599, 225.372879028, 225.814056396, 226.243621826, 226.673187256, 227.114364624, 227.543945313, 227.973510742, 228.403076172, 228.832641602, 229.26222229, 229.69178772, 230.132965088, 230.562530518, 230.992111206, 231.421676636, 231.851242065, 232.280807495, 232.710388184, 233.139953613, 233.569519043, 233.999084473, 234.428665161, 234.858230591, 235.287796021, 235.71736145, 236.14692688, 236.576507568, 237.006072998, 237.447250366, 237.900039673, 238.352828979, 238.805618286, 239.258407593, 239.711196899, 240.163986206, 240.605163574, 241.023132324, 241.441085815, 241.859039307, 242.277008057, 242.694961548, 243.124526978, 243.554092407, 243.972061157, 244.390014648, 244.807983398, 245.22593689, 245.643890381, 246.073471069, 246.503036499, 246.92098999, 247.33895874, 247.756912231, 248.174865723, 248.592834473, 249.010787964, 249.428741455, 249.858322144, 250.287887573, 250.705841064, 251.135421753, 251.553375244, 251.971328735, 252.389297485, 252.818862915, 253.248428345, 253.677993774, 254.095962524, 254.513916016, 254.943481445, 255.361450195, 255.779403687, 256.197357178, 256.626922607, 257.044891357, 257.462860107, 257.88079834, 258.29876709, 258.71673584, 259.134674072, 259.552642822, 259.970611572, 260.388580322, 260.806518555, 261.224487305, 261.642456055, 262.060394287, 262.489959717, 262.919555664, 263.349121094, 263.778686523, 264.208251953, 264.649414063, 265.090606689, 265.520172119, 265.938140869, 266.367706299, 266.797271729, 267.215240479, 267.644805908, 268.074371338, 268.492340088, 268.91027832, 269.32824707, 269.7578125, 270.18737793, 270.60534668, 271.02331543, 271.441253662, 271.859222412, 272.277191162, 272.695129395, 273.113098145, 273.531066895, 273.949005127, 274.366973877, 274.796539307, 275.202911377, 275.620849609, 276.038818359, 276.456787109, 276.874725342, 277.292694092, 277.710662842, 278.105377197, 278.50012207, 278.894866943, 279.312835693, 279.719177246, 280.125518799, 280.543487549, 280.961456299, 281.379394531, 281.797363281, 282.215332031, 282.621673584, 283.028015137, 283.445983887, 283.852325439, 284.258666992, 284.676635742, 285.094604492, 285.512542725, 285.930511475, 286.348480225, 286.754821777, 287.184387207, 287.602355957, 288.020324707, 288.438262939, 288.856231689, 289.274200439, 289.692138672, 290.110107422, 290.539672852, 290.969238281, 291.398803711, 291.828399658, 292.269561768, 292.710754395, 293.151916504, 293.581481934, 294.011047363, 294.45223999, 294.88180542, 295.31137085, 295.752563477, 296.193725586, 296.634918213, 297.215423584, 297.784301758, 298.341583252, 298.910461426, 299.46774292, 300.036651611, 300.605529785, 301.174407959]
},
"tonal": {
    "chords_changes_rate": 0.0503309220076,
    "chords_number_rate": 0.00138525478542,
    "chords_strength": {
        "mean": 0.546210229397,
        "var": 0.011177807115
    },
    "hpcp_entropy": {
        "mean": 2.22734689713,
        "var": 0.669921338558
    },
    "key_strength": 0.722677946091,
    "tuning_diatonic_strength": 0.620886147022,
    "tuning_equal_tempered_deviation": 0.0395058467984,
    "tuning_frequency": 440.508636475,
    "tuning_nontempered_energy_ratio": 0.725734651089,
    "hpcp": {
        "mean": [0.138174891472, 0.103391766548, 0.075790643692, 0.0898974463344, 0.125682756305, 0.283588647842, 0.434290707111, 0.30780979991, 0.179065182805, 0.162046998739, 0.11325802654, 0.0985945686698, 0.116011492908, 0.13789910078, 0.221523702145, 0.320490658283, 0.267941772938, 0.16529417038, 0.12705168128, 0.107546724379, 0.172179073095, 0.249907970428, 0.178464338183, 0.0934150367975, 0.0730519294739, 0.0588428899646, 0.104574657977, 0.172825053334, 0.177011147141, 0.241971924901, 0.308880060911, 0.204257756472, 0.114726528525, 0.102516964078, 0.0950830876827, 0.122462965548],
        "var": [0.0526187121868, 0.0340330339968, 0.0238290429115, 0.0311270561069, 0.0420262515545, 0.069065310061, 0.133404701948, 0.0684800446033, 0.0533173084259, 0.0626316815615, 0.0252060070634, 0.0203202087432, 0.0269744899124, 0.0323718711734, 0.0568746700883, 0.111619070172, 0.0875729247928, 0.0504982694983, 0.0362332202494, 0.0284469854087, 0.0488138720393, 0.0970733463764, 0.048440810293, 0.0196678340435, 0.0179312508553, 0.0123394317925, 0.0197314508259, 0.0449152328074, 0.0479024015367, 0.0761536955833, 0.119457900524, 0.0557740144432, 0.025273412466, 0.0240859854966, 0.0240866001695, 0.0378774218261]
    },
    "chords_histogram": [38.7563476563, 25.5964298248, 0.677235662937, 0.954286575317, 0.492535024881, 0.046175159514, 5.49484395981, 0.046175159514, 5.14083433151, 0, 1.64691400528, 0.107742033899, 0, 0, 0.230875790119, 1.7392642498, 0, 1.3082960844, 0.0307834390551, 0, 0, 0.354009538889, 2.33954143524, 15.0377092361],
    "thpcp": [1, 0.708764433861, 0.412316411734, 0.373130232096, 0.260788500309, 0.227024361491, 0.267128646374, 0.31752717495, 0.510081589222, 0.737963438034, 0.616964101791, 0.380607187748, 0.292549848557, 0.247637629509, 0.396460413933, 0.57543939352, 0.410932898521, 0.215097934008, 0.16820974648, 0.135491937399, 0.24079413712, 0.397947847843, 0.407586783171, 0.557165801525, 0.711228787899, 0.470324963331, 0.264169901609, 0.236056089401, 0.218938797712, 0.281983852386, 0.318162202835, 0.23807041347, 0.174515917897, 0.206998318434, 0.289397746325, 0.652992665768],
    "chords_key": "G",
    "chords_scale": "major",
    "key_key": "G",
    "key_scale": "major"
}
}