{
"lowlevel": {
    "average_loudness": 0.825960695744,
    "barkbands_crest": {
        "mean": 13.2272033691,
        "var": 20.9050140381
    },
    "barkbands_flatness_db": {
        "mean": 0.154235631227,
        "var": 0.0043287598528
    },
    "barkbands_kurtosis": {
        "mean": 5.24551725388,
        "var": 45.3741989136
    },
    "barkbands_skewness": {
        "mean": 1.86185228825,
        "var": 1.28456509113
    },
    "barkbands_spread": {
        "mean": 17.450717926,
        "var": 122.9609375
    },
    "dissonance": {
        "mean": 0.449462860823,
        "var": 0.00120101089124
    },
    "dynamic_complexity": 4.08778572083,
    "erbbands_crest": {
        "mean": 9.36969470978,
        "var": 20.248249054
    },
    "erbbands_flatness_db": {
        "mean": 0.170258358121,
        "var": 0.0034031290561
    },
    "erbbands_kurtosis": {
        "mean": 0.0100277522579,
        "var": 2.41433382034
    },
    "erbbands_skewness": {
        "mean": 0.449141591787,
        "var": 0.403993457556
    },
    "erbbands_spread": {
        "mean": 39.4336204529,
        "var": 214.165390015
    },
    "hfc": {
        "mean": 17.4299468994,
        "var": 394.703887939
    },
    "melbands_crest": {
        "mean": 16.7678756714,
        "var": 31.4224739075
    },
    "melbands_flatness_db": {
        "mean": 0.216649740934,
        "var": 0.00632771849632
    },
    "melbands_kurtosis": {
        "mean": 12.9770069122,
        "var": 138.49055481
    },
    "melbands_skewness": {
        "mean": 2.86247515678,
        "var": 1.44129693508
    },
    "melbands_spread": {
        "mean": 18.5256195068,
        "var": 256.2628479
    },
    "pitch_salience": {
        "mean": 0.523351430893,
        "var": 0.0110539384186
    },
    "silence_rate_20dB": {
        "mean": 1,
        "var": 0
    },
    "silence_rate_30dB": {
        "mean": 0.999821722507,
        "var": 0.000178234171472
    },
    "silence_rate_60dB": {
        "mean": 0.140463456511,
        "var": 0.120731644332
    },
    "spectral_centroid": {
        "mean": 963.531738281,
        "var": 318658.40625
    },
    "spectral_complexity": {
        "mean": 17.1115856171,
        "var": 80.7632598877
    },
    "spectral_decrease": {
        "mean": -5.3669926281e-009,
        "var": 1.86695144018e-017
    },
    "spectral_energy": {
        "mean": 0.0218372344971,
        "var": 0.000308717426378
    },
    "spectral_energyband_high": {
        "mean": 0.00068744586315,
        "var": 1.91617618839e-006
    },
    "spectral_energyband_low": {
        "mean": 0.00122251792345,
        "var": 2.82570363197e-006
    },
    "spectral_energyband_middle_high": {
        "mean": 0.00421320647001,
        "var": 2.00030208362e-005
    },
    "spectral_energyband_middle_low": {
        "mean": 0.0158173646778,
        "var": 0.000198885289137
    },
    "spectral_entropy": {
        "mean": 7.1438202858,
        "var": 0.40444996953
    },
    "spectral_flux": {
        "mean": 0.0545850358903,
        "var": 0.00140862120315
    },
    "spectral_kurtosis": {
        "mean": 9.3862991333,
        "var": 167.278961182
    },
    "spectral_rms": {
        "mean": 0.0041663562879,
        "var": 3.94611788579e-006
    },
    "spectral_rolloff": {
        "mean": 1358.51965332,
        "var": 3672433
    },
    "spectral_skewness": {
        "mean": 2.15046167374,
        "var": 0.872350156307
    },
    "spectral_spread": {
        "mean": 4491644,
        "var": 4.35940333978e+012
    },
    "spectral_strongpeak": {
        "mean": 0.799832880497,
        "var": 0.420885741711
    },
    "zerocrossingrate": {
        "mean": 0.0600585080683,
        "var": 0.00380176771432
    },
    "barkbands": {
        "mean": [1.16193305075e-005, 0.000262663234025, 0.000881713232957, 0.000277896615444, 0.0105120064691, 0.00139365135692, 0.00261260592379, 0.000678137294017, 0.000276302773273, 0.00034902949119, 0.000587759015616, 0.000487637007609, 0.000911009788979, 0.000445818295702, 0.000216875676415, 0.000293071585475, 0.000466290424811, 0.000206189681194, 0.000210662386962, 0.000138029790833, 0.000105315892142, 5.46930205019e-005, 7.20582684153e-005, 0.000188447578694, 0.000115546099551, 6.9004483521e-005, 1.32326958919e-005],
        "var": [2.46578779617e-009, 1.70410714873e-007, 1.65208257386e-006, 1.14601910184e-007, 0.000127739724121, 2.68529856839e-006, 1.74667075044e-005, 1.28821545786e-006, 1.75456904117e-007, 2.27720690305e-007, 7.89457658357e-007, 6.76740853578e-007, 2.16669627662e-006, 3.86886796377e-007, 1.58895119284e-007, 2.69396480235e-007, 3.85978097484e-007, 9.70012479229e-008, 1.18213698386e-007, 4.52936319562e-008, 3.58103342535e-008, 1.52229109318e-008, 4.47006449633e-008, 1.77758522568e-007, 8.21891674718e-008, 3.56918654631e-008, 2.9818303382e-009]
    },
    "erbbands": {
        "mean": [0.00145402434282, 0.0982365310192, 0.986968636513, 1.17783164978, 20.3638401031, 37.3122940063, 19.4095821381, 11.4559707642, 45.4556808472, 14.9351634979, 11.1195325851, 4.8300075531, 8.62211894989, 14.9951124191, 21.1488857269, 22.1228866577, 43.9320678711, 26.4868679047, 14.5611743927, 13.112405777, 17.2534542084, 27.6698703766, 11.3329734802, 14.7315883636, 7.94034528732, 5.73865032196, 5.65669393539, 2.89524364471, 2.12012267113, 1.51721000671, 2.16144657135, 2.56044149399, 3.86872458458, 1.7650963068, 0.640693962574, 0.293400645256, 0.117886945605, 0.0387310571969, 0.00140866416041, 5.41014378541e-005],
        "var": [5.29578755959e-006, 0.0226994361728, 2.07427573204, 1.11604273319, 568.326049805, 2265.42163086, 492.526702881, 158.358718872, 5498.09179688, 351.728485107, 297.389129639, 42.788105011, 119.632583618, 469.072540283, 1217.44885254, 1177.84375, 4976.77685547, 1104.79577637, 388.964935303, 492.174957275, 472.423095703, 1573.47509766, 242.087860107, 655.557983398, 151.52053833, 78.2808761597, 100.448059082, 26.9888477325, 22.3226184845, 10.1071434021, 40.4051933289, 33.6812515259, 80.939163208, 19.3903274536, 2.78422689438, 0.659901857376, 0.108880721033, 0.0155547140166, 3.23519270751e-005, 1.09922382308e-008]
    },
    "gfcc": {
        "mean": [-43.5018157959, 91.9644317627, -118.78478241, 9.08421230316, -56.9951133728, -2.82353067398, -60.9600982666, -7.3048491478, -41.0732040405, -7.22853183746, -14.7092638016, -3.63294792175, -13.999168396],
        "cov": [[24360.9140625, -2539.80273438, -418.287384033, 1016.64251709, -1214.99243164, 520.260437012, -1226.22192383, 77.2839889526, -1073.8536377, 116.669471741, -370.862548828, 78.3900909424, -324.500793457], [-2539.80273438, 2731.79858398, -507.683013916, -205.129165649, 252.077148438, -453.605407715, 214.121994019, -245.40083313, 301.201080322, -241.505432129, 209.511474609, -161.992706299, 178.404937744], [-418.287384033, -507.683013916, 646.880859375, 54.8597564697, 77.1597747803, 156.831604004, -19.5930194855, 121.085800171, -22.6835842133, 72.8905487061, -45.0516052246, 62.0730361938, -34.6020317078], [1016.64251709, -205.129165649, 54.8597564697, 314.139953613, -42.4009399414, 77.8246307373, -8.06121826172, 53.5999717712, -12.1178236008, 14.2100639343, 7.94743728638, 7.88319015503, 6.7070555687], [-1214.99243164, 252.077148438, 77.1597747803, -42.4009399414, 200.973236084, -8.51354026794, 83.9517211914, -19.4313278198, 46.5229225159, -26.4941997528, 4.21563482285, -15.7310018539, 16.6640834808], [520.260437012, -453.605407715, 156.831604004, 77.8246307373, -8.51354026794, 230.187973022, -8.27780628204, 59.3805618286, -62.6705703735, 34.4083595276, -60.6266899109, 10.4071960449, -22.6990585327], [-1226.22192383, 214.121994019, -19.5930194855, -8.06121826172, 83.9517211914, -8.27780628204, 169.301193237, 12.9601631165, 76.4557418823, -10.0298500061, 19.0671958923, -10.8759431839, 26.9948329926], [77.2839889526, -245.40083313, 121.085800171, 53.5999717712, -19.4313278198, 59.3805618286, 12.9601631165, 130.450119019, 13.2950248718, 50.6769104004, -4.6023311615, 34.2970161438, -11.3309249878], [-1073.8536377, 301.201080322, -22.6835842133, -12.1178236008, 46.5229225159, -62.6705703735, 76.4557418823, 13.2950248718, 140.209625244, 3.52892351151, 54.6202468872, -6.77186965942, 26.453754425], [116.669471741, -241.505432129, 72.8905487061, 14.2100639343, -26.4941997528, 34.4083595276, -10.0298500061, 50.6769104004, 3.52892351151, 101.593925476, 9.75523853302, 27.0481624603, -24.0346374512], [-370.862548828, 209.511474609, -45.0516052246, 7.94743728638, 4.21563482285, -60.6266899109, 19.0671958923, -4.6023311615, 54.6202468872, 9.75523853302, 100.060035706, 11.7867546082, 11.1702766418], [78.3900909424, -161.992706299, 62.0730361938, 7.88319015503, -15.7310018539, 10.4071960449, -10.8759431839, 34.2970161438, -6.77186965942, 27.0481624603, 11.7867546082, 66.8681488037, -4.84454011917], [-324.500793457, 178.404937744, -34.6020317078, 6.7070555687, 16.6640834808, -22.6990585327, 26.9948329926, -11.3309249878, 26.453754425, -24.0346374512, 11.1702766418, -4.84454011917, 58.4109649658]],
        "icov": [[0.000140139323776, -0.000150035877596, 0.00016128923744, -0.000429158186307, 0.000377586780814, -0.000147529819515, 0.00058516941499, -0.000161112475325, 0.000660882913508, -0.000173854336026, 0.000347927998519, -0.000228138567763, 0.00045857342775], [-0.000150035877596, 0.00142725137994, -3.40244105246e-006, 0.000755307788495, -0.00114262034185, 0.00116679084022, -0.000733715249225, 0.000608003640082, -0.00171344447881, 0.00160481757484, -0.00191184366122, 0.0020300403703, -0.00207476201467], [0.00016128923744, -3.40244105246e-006, 0.0028806165792, -0.000590931042098, -0.00159418827388, -0.00112616526894, 0.00184536888264, -0.00167079688981, 0.000253154779784, -0.000659829180222, 0.000935165386181, -0.00165736861527, 0.000818491738755], [-0.000429158186307, 0.000755307788495, -0.000590931042098, 0.00531678274274, -0.000480729853734, -0.000717385322787, -0.00173963000998, -0.000754697946832, -0.00192071835045, 0.00144174869638, -0.002963404404, 0.0018883215962, -0.00294929952361], [0.000377586780814, -0.00114262034185, -0.00159418827388, -0.000480729853734, 0.00968529190868, -0.000996189657599, -0.00211788131855, 0.00149180612061, 0.00135287153535, 0.000376751180738, 0.00163387111388, -0.000508454395458, 0.00200402969494], [-0.000147529819515, 0.00116679084022, -0.00112616526894, -0.000717385322787, -0.000996189657599, 0.00867741834372, -0.00215634540655, -0.0011120880954, 0.00150624685921, -0.000202571158297, 0.001247314387, 0.00268388260156, -0.00131237565074], [0.00058516941499, -0.000733715249225, 0.00184536888264, -0.00173963000998, -0.00211788131855, -0.00215634540655, 0.0127027099952, -0.00258924695663, -0.00155001482926, -0.000598640646785, 0.00191623426508, -0.000979059725069, 0.000186176286661], [-0.000161112475325, 0.000608003640082, -0.00167079688981, -0.000754697946832, 0.00149180612061, -0.0011120880954, -0.00258924695663, 0.0140984738246, -0.00414596032351, -0.0026933636982, 0.000785055861343, -0.00331246270798, -0.00023686455097], [0.000660882913508, -0.00171344447881, 0.000253154779784, -0.00192071835045, 0.00135287153535, 0.00150624685921, -0.00155001482926, -0.00414596032351, 0.0182640142739, -0.00353955640458, -0.00247132754885, 0.000755018845666, 0.000194078427739], [-0.000173854336026, 0.00160481757484, -0.000659829180222, 0.00144174869638, 0.000376751180738, -0.000202571158297, -0.000598640646785, -0.0026933636982, -0.00353955640458, 0.0167920123786, -0.00452131731436, -0.000234235747484, 0.00250184256583], [0.000347927998519, -0.00191184366122, 0.000935165386181, -0.002963404404, 0.00163387111388, 0.001247314387, 0.00191623426508, 0.000785055861343, -0.00247132754885, -0.00452131731436, 0.0185624808073, -0.00692873541266, 0.00308615970425], [-0.000228138567763, 0.0020300403703, -0.00165736861527, 0.0018883215962, -0.000508454395458, 0.00268388260156, -0.000979059725069, -0.00331246270798, 0.000755018845666, -0.000234235747484, -0.00692873541266, 0.0235008839518, -0.00483263609931], [0.00045857342775, -0.00207476201467, 0.000818491738755, -0.00294929952361, 0.00200402969494, -0.00131237565074, 0.000186176286661, -0.00023686455097, 0.000194078427739, 0.00250184256583, 0.00308615970425, -0.00483263609931, 0.0255649723113]]
    },
    "melbands": {
        "mean": [3.76894968213e-005, 0.000371661502868, 0.000520652101841, 0.00250281230547, 0.000829410389997, 0.000321670639096, 0.000594045908656, 0.00014775415184, 8.87183850864e-005, 2.63199308392e-005, 4.53176653537e-005, 5.98927872488e-005, 6.5995627665e-005, 4.33097884525e-005, 0.000101390804048, 8.36863473523e-005, 4.69194710604e-005, 2.34840354096e-005, 1.91048548004e-005, 2.19873836613e-005, 1.82308576768e-005, 3.31896735588e-005, 1.17071967907e-005, 9.03533964447e-006, 1.26338873088e-005, 5.86835358263e-006, 5.00983833263e-006, 3.67870825357e-006, 3.3764181353e-006, 3.24157895193e-006, 1.18888146972e-006, 1.27123075799e-006, 8.89349621502e-007, 8.54620964219e-007, 1.17418107948e-006, 1.42168698858e-006, 1.60730007792e-006, 2.8392034892e-006, 2.26485212806e-006, 1.24687653624e-006],
        "var": [3.37825145635e-009, 3.01924984569e-007, 3.16022351399e-007, 8.47244064062e-006, 9.05226045234e-007, 1.36569468623e-007, 9.24921266687e-007, 4.95643881493e-008, 1.71356511203e-008, 1.30520139141e-009, 3.65841801298e-009, 6.98629554208e-009, 1.03353317016e-008, 3.92288113105e-009, 3.16033528236e-008, 2.63698467506e-008, 4.25552260097e-009, 1.19733423176e-009, 1.53585755225e-009, 2.24022622675e-009, 5.26429233538e-010, 2.33739783084e-009, 2.44703063368e-010, 1.76673009555e-010, 5.22680065895e-010, 1.01287929433e-010, 6.57806170645e-011, 3.99437462273e-011, 3.3808272154e-011, 4.20694763748e-011, 6.02323269386e-012, 9.81443572245e-012, 3.49335295934e-012, 3.54030758702e-012, 1.0419083131e-011, 2.58578262968e-011, 1.22226040053e-011, 4.26368315654e-011, 3.19822189565e-011, 1.13775638216e-011]
    },
    "mfcc": {
        "mean": [-679.465576172, 128.773880005, -4.43398284912, 7.65454006195, 11.7792139053, -7.38244915009, -3.28475832939, -13.3998441696, -16.904050827, -15.9252901077, -13.0319299698, -1.18434405327, -8.46901416779],
        "cov": [[13313.4960938, -1695.09936523, -227.489593506, 152.031814575, 137.478210449, -121.385375977, 210.771286011, -231.67175293, -242.393875122, -136.131912231, -240.696472168, 3.22361063957, -221.690963745], [-1695.09936523, 1634.99768066, -171.501708984, 133.909301758, 32.1408042908, -6.13716316223, -64.2462463379, 27.2103672028, -5.66635084152, -38.6491241455, -13.2577600479, -15.4946670532, 21.9949417114], [-227.489593506, -171.501708984, 416.842529297, -6.10846138, 85.1362304688, 28.0028247833, 20.8655700684, 28.4260196686, 39.7655563354, 26.353263855, 16.1518383026, 22.0039253235, 17.9269275665], [152.031814575, 133.909301758, -6.10846138, 218.738037109, 24.3739356995, -15.4818468094, 1.87603592873, 23.1825866699, -0.75486934185, 9.89926719666, 11.420794487, 24.5128078461, 15.3415880203], [137.478210449, 32.1408042908, 85.1362304688, 24.3739356995, 136.794189453, 28.9024410248, 23.8275146484, 9.40496063232, 7.73157691956, -3.34783768654, -7.50123119354, -6.91550827026, -9.49768829346], [-121.385375977, -6.13716316223, 28.0028247833, -15.4818468094, 28.9024410248, 119.15763855, 39.5669403076, 18.1042041779, 28.9732704163, 10.5030117035, -8.06630325317, -7.65881633759, -5.36836433411], [210.771286011, -64.2462463379, 20.8655700684, 1.87603592873, 23.8275146484, 39.5669403076, 95.1735458374, 23.4394187927, 24.8435268402, 9.52413463593, -5.45831775665, -3.48513317108, -2.96679830551], [-231.67175293, 27.2103672028, 28.4260196686, 23.1825866699, 9.40496063232, 18.1042041779, 23.4394187927, 87.4869155884, 35.0887260437, 14.8431367874, 3.46476817131, 6.1465215683, 12.6531763077], [-242.393875122, -5.66635084152, 39.7655563354, -0.75486934185, 7.73157691956, 28.9732704163, 24.8435268402, 35.0887260437, 111.69834137, 22.6068305969, -0.258248955011, 11.6999197006, 2.57017064095], [-136.131912231, -38.6491241455, 26.353263855, 9.89926719666, -3.34783768654, 10.5030117035, 9.52413463593, 14.8431367874, 22.6068305969, 84.7075042725, 20.4879379272, 6.69542455673, 16.4212779999], [-240.696472168, -13.2577600479, 16.1518383026, 11.420794487, -7.50123119354, -8.06630325317, -5.45831775665, 3.46476817131, -0.258248955011, 20.4879379272, 73.1801223755, 19.4896125793, 9.81518936157], [3.22361063957, -15.4946670532, 22.0039253235, 24.5128078461, -6.91550827026, -7.65881633759, -3.48513317108, 6.1465215683, 11.6999197006, 6.69542455673, 19.4896125793, 75.9532012939, 23.0704193115], [-221.690963745, 21.9949417114, 17.9269275665, 15.3415880203, -9.49768829346, -5.36836433411, -2.96679830551, 12.6531763077, 2.57017064095, 16.4212779999, 9.81518936157, 23.0704193115, 74.7924728394]],
        "icov": [[0.000126708808239, 0.000144194433233, 0.000109827902634, -0.000182776420843, -0.000173150518094, 0.000173241147422, -0.00032540486427, 0.00023966061417, 0.000217755557969, 2.46649215114e-005, 0.000425632606493, -0.000210653815884, 0.000277554354398], [0.000144194433233, 0.000901498424355, 0.000494429434184, -0.000615030294284, -0.000580711814109, 2.2686263037e-005, 0.000306839356199, -3.0073828384e-005, 7.55435903557e-005, 0.000375080882804, 0.000481292401673, 4.5018234232e-005, -4.69120241178e-005], [0.000109827902634, 0.000494429434184, 0.0033085856121, 0.000167412523297, -0.00238834717311, 3.93317532144e-005, 0.000151218817336, -0.000373067421606, -0.000506111711729, -0.000366587861208, -0.000136293077958, -0.000789737561718, -0.000519220600836], [-0.000182776420843, -0.000615030294284, 0.000167412523297, 0.00571927707642, -0.00106059818063, 0.0007985708653, 7.41669718991e-005, -0.00167246570345, 0.000243245114689, -0.00076049490599, -0.000895782781299, -0.00143325317185, -0.000647382403258], [-0.000173150518094, -0.000580711814109, -0.00238834717311, -0.00106059818063, 0.01003657002, -0.00177400838584, -0.00127741473261, -2.70025921054e-005, 0.00020449332078, 0.000719806412235, 0.000108949985588, 0.00117265037261, 0.00100755738094], [0.000173241147422, 2.2686263037e-005, 3.93317532144e-005, 0.0007985708653, -0.00177400838584, 0.0109575195238, -0.00390272447839, -0.000338652840583, -0.00123301101848, -0.000899098522495, 0.00127299479209, 0.000218632994802, 0.000802577356808], [-0.00032540486427, 0.000306839356199, 0.000151218817336, 7.41669718991e-005, -0.00127741473261, -0.00390272447839, 0.0146580850706, -0.00313729164191, -0.00192322337534, -0.000457660353277, -0.000463968899567, 0.00104203156661, -0.000530323304702], [0.00023966061417, -3.0073828384e-005, -0.000373067421606, -0.00167246570345, -2.70025921054e-005, -0.000338652840583, -0.00313729164191, 0.0151021936908, -0.00317723839544, -0.000564651738387, 0.000451383704785, 7.92561113485e-005, -0.00140595890116], [0.000217755557969, 7.55435903557e-005, -0.000506111711729, 0.000243245114689, 0.00020449332078, -0.00123301101848, -0.00192322337534, -0.00317723839544, 0.0120442612097, -0.00234659318812, 0.00183074083179, -0.00250541511923, 0.00172722712159], [2.46649215114e-005, 0.000375080882804, -0.000366587861208, -0.00076049490599, 0.000719806412235, -0.000899098522495, -0.000457660353277, -0.000564651738387, -0.00234659318812, 0.0144555624574, -0.00372099340893, 0.00128594215494, -0.00269063003361], [0.000425632606493, 0.000481292401673, -0.000136293077958, -0.000895782781299, 0.000108949985588, 0.00127299479209, -0.000463968899567, 0.000451383704785, 0.00183074083179, -0.00372099340893, 0.017455721274, -0.00428808946162, 0.00113293016329], [-0.000210653815884, 4.5018234232e-005, -0.000789737561718, -0.00143325317185, 0.00117265037261, 0.000218632994802, 0.00104203156661, 7.92561113485e-005, -0.00250541511923, 0.00128594215494, -0.00428808946162, 0.0168769303709, -0.00480116950348], [0.000277554354398, -4.69120241178e-005, -0.000519220600836, -0.000647382403258, 0.00100755738094, 0.000802577356808, -0.000530323304702, -0.00140595890116, 0.00172722712159, -0.00269063003361, 0.00113293016329, -0.00480116950348, 0.0167301185429]]
    },
    "spectral_contrast_coeffs": {
        "mean": [-0.47842746973, -0.699136376381, -0.748046636581, -0.741834759712, -0.738471746445, -0.767053902149],
        "var": [0.00865773484111, 0.00512345507741, 0.0038340317551, 0.0032108114101, 0.0032001780346, 0.00354213244282]
    },
    "spectral_contrast_valleys": {
        "mean": [-8.60586643219, -7.09145307541, -8.08071708679, -8.20330429077, -8.58842849731, -11.1348514557],
        "var": [2.43041014671, 2.0564095974, 2.02116084099, 2.24469947815, 2.60227799416, 3.47169399261]
    }
},
"metadata": {
    "audio_properties": {
        "analysis_sample_rate": 44100,
        "bit_rate": 128000,
        "equal_loudness": 0,
        "length": 130.220413208,
        "lossless": 0,
        "replay_gain": -12.0990352631,
        "sample_rate": 44100,
        "codec": "mp3",
        "downmix": "mix",
        "md5_encoded": "00001dc4e2a590e1ed7ecaf085a2f8b5"
    },
    "tags": {
        "file_name": "2002.mp3"
    },
    "version": {
        "essentia": "2.1-beta2",
        "essentia_git_sha": "v2.1_beta2",
        "extractor": "music 1.0"
    }
},
"rhythm": {
    "beats_count": 295,
    "beats_loudness": {
        "mean": 0.0287432204932,
        "var": 0.000401553843403
    },
    "bpm": 109.888084412,
    "bpm_histogram_first_peak_bpm": {
        "mean": 110,
        "var": 0
    },
    "bpm_histogram_first_peak_spread": {
        "mean": 0.358333319426,
        "var": 0
    },
    "bpm_histogram_first_peak_weight": {
        "mean": 0.261904776096,
        "var": 0
    },
    "bpm_histogram_second_peak_bpm": {
        "mean": 172,
        "var": 0
    },
    "bpm_histogram_second_peak_spread": {
        "mean": 0,
        "var": 0
    },
    "bpm_histogram_second_peak_weight": {
        "mean": 0.23469388485,
        "var": 0
    },
    "danceability": 1.13297057152,
    "onset_rate": 4.30740833282,
    "beats_loudness_band_ratio": {
        "mean": [0.21841712296, 0.52161949873, 0.172046333551, 0.136216908693, 0.073480091989, 0.0485951863229],
        "var": [0.0187234543264, 0.0334151051939, 0.023499218747, 0.00737969204783, 0.00248179305345, 0.00703112129122]
    },
    "beats_position": [0.557278871536, 1.1261677742, 1.70666658878, 2.26394557953, 2.83283448219, 3.39011335373, 3.93578219414, 4.48145103455, 5.02712011337, 5.5727891922, 6.11845779419, 6.65251684189, 7.18657588959, 7.73224496841, 8.26630401611, 8.80036258698, 9.34603118896, 9.89170074463, 10.4373693466, 10.9830379486, 11.5403175354, 12.0859861374, 12.6316547394, 13.1889343262, 13.7462129593, 14.3034915924, 14.8607711792, 15.4064397812, 15.9521083832, 16.4977779388, 17.0434455872, 17.5775051117, 18.1231746674, 18.6688423157, 19.2145118713, 19.760181427, 20.3174591064, 20.8631286621, 21.4087982178, 21.942855835, 22.4769153595, 23.0341949463, 23.5798625946, 24.1255321503, 24.6595916748, 25.1936511993, 25.7393188477, 26.2849884033, 26.830657959, 27.3763256073, 27.921995163, 28.4676647186, 29.0017223358, 29.5473918915, 30.0930614471, 30.6387290955, 31.1843986511, 31.7300682068, 32.2757377625, 32.8446235657, 33.3902931213, 33.9475746155, 34.5048522949, 35.0389099121, 35.572971344, 36.1070289612, 36.6526985168, 37.1983680725, 37.7324256897, 38.2664833069, 38.8121528625, 39.3578224182, 39.9034919739, 40.4607696533, 41.006439209, 41.5521087646, 42.0977783203, 42.6434440613, 43.1891136169, 43.7347831726, 44.2804527283, 44.8145103455, 45.3601799011, 45.929069519, 46.4747390747, 47.0087966919, 47.5428581238, 48.1001358032, 48.6458053589, 49.1798629761, 49.7255325317, 50.2712020874, 50.8052597046, 51.3509292603, 51.8965988159, 52.4538764954, 52.999546051, 53.5452156067, 54.1024932861, 54.6597709656, 55.2054405212, 55.7511100769, 56.2967796326, 56.8424491882, 57.3765068054, 57.9221763611, 58.4678459167, 59.0135154724, 59.5591812134, 60.104850769, 60.6389122009, 61.1961898804, 61.741859436, 62.2759170532, 62.8215866089, 63.3672561646, 63.9013137817, 64.4469833374, 64.9926528931, 65.5383224487, 66.0839920044, 66.6296615601, 67.1753311157, 67.7326049805, 68.2782745361, 68.8355560303, 69.4044418335, 69.8456192017, 70.2519683838, 70.6583175659, 71.0762786865, 71.4942398071, 71.9122009277, 72.3185501099, 72.724899292, 73.1312484741, 73.5259857178, 73.9207229614, 74.3154602051, 74.6985931396, 75.0701141357, 75.4648513794, 75.859588623, 76.2543258667, 76.6490707397, 77.0438079834, 77.4385452271, 77.8216781616, 78.2048034668, 78.5995483398, 78.9942855835, 79.3774108887, 79.7489318848, 80.1320648193, 80.526802063, 80.9215393066, 81.3162765503, 81.7110214233, 82.08253479, 82.4540557861, 82.8255767822, 83.1854858398, 83.5453948975, 83.9169158936, 84.2768249512, 84.6483459473, 85.0082550049, 85.3681640625, 85.7280731201, 86.0763702393, 86.4362792969, 86.7961883545, 87.1560974121, 87.5160064697, 87.8759155273, 88.2242126465, 88.572517395, 88.9208145142, 89.2691116333, 89.6290206909, 89.9889297485, 90.3604507446, 90.7203598022, 91.0686569214, 91.4169616699, 91.7652587891, 92.1135559082, 92.4618606567, 92.8101577759, 93.158454895, 93.5183639526, 93.8782730103, 94.2265777588, 94.5748748779, 94.9231719971, 95.2714691162, 95.6197738647, 95.9680709839, 96.316368103, 96.6646728516, 97.0129699707, 97.3612670898, 97.709564209, 98.0578689575, 98.4061660767, 98.7660751343, 99.1143722534, 99.4510650635, 99.7993621826, 100.147659302, 100.507568359, 100.879089355, 101.238998413, 101.610519409, 101.970428467, 102.330337524, 102.678634644, 103.026939392, 103.363624573, 103.711929321, 104.048614502, 104.396911621, 104.74521637, 105.093513489, 105.441810608, 105.790107727, 106.138412476, 106.486709595, 106.835006714, 107.194915771, 107.554824829, 107.903129578, 108.239814758, 108.576507568, 108.913192749, 109.249885559, 109.58657074, 109.934875488, 110.271560669, 110.619865417, 110.956550598, 111.28163147, 111.61831665, 111.966621399, 112.314918518, 112.663215637, 113.011520386, 113.359817505, 113.696502686, 114.033195496, 114.369888306, 114.706573486, 115.054870605, 115.403175354, 115.751472473, 116.099769592, 116.448066711, 116.784759521, 117.121452332, 117.458137512, 117.794830322, 118.143127441, 118.479812622, 118.816505432, 119.164802551, 119.5131073, 119.84979248, 120.186485291, 120.523170471, 120.883079529, 121.231384277, 121.579681396, 121.927978516, 122.264671326, 122.601356506, 122.949661255, 123.297958374, 123.646255493, 124.006164551, 124.366073608, 124.714370728, 125.062675476, 125.410972595, 125.759269714, 126.107574463, 126.47908783, 126.827392578, 127.175689697, 127.535598755, 127.895507813, 128.243804932, 128.603713989, 128.963623047, 129.323532104, 129.683441162]
},
"tonal": {
    "chords_changes_rate": 0.0153243048117,
    "chords_number_rate": 0.00106913759373,
    "chords_strength": {
        "mean": 0.578296899796,
        "var": 0.0152971968055
    },
    "hpcp_entropy": {
        "mean": 1.84512197971,
        "var": 0.387713760138
    },
    "key_strength": 0.667095541954,
    "tuning_diatonic_strength": 0.59713113308,
    "tuning_equal_tempered_deviation": 0.0147630237043,
    "tuning_frequency": 441.272583008,
    "tuning_nontempered_energy_ratio": 0.608504295349,
    "hpcp": {
        "mean": [0.0871508195996, 0.0806934759021, 0.136376038194, 0.166918337345, 0.0898924544454, 0.0261379089206, 0.0191743783653, 0.0362001247704, 0.17589263618, 0.249951794744, 0.114545248449, 0.0491155944765, 0.0720101818442, 0.0449224635959, 0.0229914709926, 0.0231651738286, 0.0168399736285, 0.112428247929, 0.213467001915, 0.124570973217, 0.040676087141, 0.0338247567415, 0.0200934819877, 0.0536278672516, 0.06590244174, 0.0317080356181, 0.0197278764099, 0.0167637076229, 0.0106655424461, 0.0358171053231, 0.0552637279034, 0.086017973721, 0.480103135109, 0.750258922577, 0.419220477343, 0.137869745493],
        "var": [0.0383278541267, 0.0392322093248, 0.0552930757403, 0.0754862129688, 0.031570982188, 0.00916234962642, 0.00655271671712, 0.00953253079206, 0.0488525591791, 0.0814526006579, 0.0193377044052, 0.0118043497205, 0.0356405079365, 0.0128640225157, 0.00120801373851, 0.00110961357132, 0.000784138508607, 0.0184838306159, 0.0536637753248, 0.0166733991355, 0.00656816689298, 0.00508551904932, 0.00119135552086, 0.0128778824583, 0.0188080389053, 0.00307885790244, 0.0013852667762, 0.00125222618226, 0.000531828671228, 0.00267297332175, 0.00685054017231, 0.0119507657364, 0.0860709249973, 0.12347650528, 0.0703780353069, 0.0580823346972]
    },
    "chords_histogram": [89.9501037598, 0, 0, 0.0712758377194, 0, 0, 0.0712758377194, 0, 0, 0, 0, 0, 0, 0, 0.427655011415, 0, 0, 0.142551675439, 0, 0, 0.106913752854, 0.0356379188597, 2.31646466255, 6.87811851501],
    "thpcp": [1, 0.558767735958, 0.183762893081, 0.116160988808, 0.107554167509, 0.181771963835, 0.222480982542, 0.119815245271, 0.0348385162652, 0.0255570150912, 0.0482501760125, 0.234442576766, 0.333154052496, 0.152674287558, 0.065464861691, 0.0959804430604, 0.059875946492, 0.0306447148323, 0.0308762397617, 0.0224455501884, 0.149852603674, 0.284524440765, 0.16603730619, 0.0542160645127, 0.0450841113925, 0.0267820637673, 0.0714791491628, 0.0878395959735, 0.042262788862, 0.0262947566807, 0.0223438963294, 0.0142158158123, 0.0477396585047, 0.0736595392227, 0.114651054144, 0.639916598797],
    "chords_key": "G#",
    "chords_scale": "major",
    "key_key": "G#",
    "key_scale": "major"
}
}