{
"lowlevel": {
    "average_loudness": 0.132724165916,
    "barkbands_crest": {
        "mean": 11.9241580963,
        "var": 23.9901638031
    },
    "barkbands_flatness_db": {
        "mean": 0.221605613828,
        "var": 0.00408023549244
    },
    "barkbands_kurtosis": {
        "mean": 7.58047437668,
        "var": 808.292175293
    },
    "barkbands_skewness": {
        "mean": 1.23415493965,
        "var": 2.6093108654
    },
    "barkbands_spread": {
        "mean": 10.1214570999,
        "var": 42.1773414612
    },
    "dissonance": {
        "mean": 0.414862692356,
        "var": 0.00395907461643
    },
    "dynamic_complexity": 9.56868553162,
    "erbbands_crest": {
        "mean": 13.4074401855,
        "var": 41.4250144958
    },
    "erbbands_flatness_db": {
        "mean": 0.24342636764,
        "var": 0.00523445522413
    },
    "erbbands_kurtosis": {
        "mean": 6.92359542847,
        "var": 462.475006104
    },
    "erbbands_skewness": {
        "mean": 0.994812369347,
        "var": 1.89793586731
    },
    "erbbands_spread": {
        "mean": 19.5843696594,
        "var": 214.299041748
    },
    "hfc": {
        "mean": 9.98445510864,
        "var": 221.189254761
    },
    "melbands_crest": {
        "mean": 14.4935941696,
        "var": 32.5277900696
    },
    "melbands_flatness_db": {
        "mean": 0.298923015594,
        "var": 0.00652817310765
    },
    "melbands_kurtosis": {
        "mean": 9.53168201447,
        "var": 581.471557617
    },
    "melbands_skewness": {
        "mean": 1.52919340134,
        "var": 2.95591545105
    },
    "melbands_spread": {
        "mean": 13.1495895386,
        "var": 82.7715682983
    },
    "pitch_salience": {
        "mean": 0.502570867538,
        "var": 0.0156197054312
    },
    "silence_rate_20dB": {
        "mean": 1,
        "var": 0
    },
    "silence_rate_30dB": {
        "mean": 0.984364688396,
        "var": 0.0153905935585
    },
    "silence_rate_60dB": {
        "mean": 0.337289243937,
        "var": 0.223535403609
    },
    "spectral_centroid": {
        "mean": 781.408508301,
        "var": 181749.609375
    },
    "spectral_complexity": {
        "mean": 9.60054588318,
        "var": 53.9881439209
    },
    "spectral_decrease": {
        "mean": -4.45930314896e-009,
        "var": 4.02473462065e-017
    },
    "spectral_energy": {
        "mean": 0.0177359748632,
        "var": 0.000632576004136
    },
    "spectral_energyband_high": {
        "mean": 8.11536228866e-005,
        "var": 4.0355665476e-008
    },
    "spectral_energyband_low": {
        "mean": 0.00391505565494,
        "var": 8.10683341115e-005
    },
    "spectral_energyband_middle_high": {
        "mean": 0.00298191513866,
        "var": 3.80188721465e-005
    },
    "spectral_energyband_middle_low": {
        "mean": 0.0112066371366,
        "var": 0.000359081168426
    },
    "spectral_entropy": {
        "mean": 6.61920213699,
        "var": 0.446772575378
    },
    "spectral_flux": {
        "mean": 0.0398681685328,
        "var": 0.00165655999444
    },
    "spectral_kurtosis": {
        "mean": 17.2744045258,
        "var": 272.894958496
    },
    "spectral_rms": {
        "mean": 0.00324206752703,
        "var": 6.79249433233e-006
    },
    "spectral_rolloff": {
        "mean": 861.847412109,
        "var": 445244.125
    },
    "spectral_skewness": {
        "mean": 2.89729380608,
        "var": 2.02930927277
    },
    "spectral_spread": {
        "mean": 3104863.25,
        "var": 2.8047638528e+012
    },
    "spectral_strongpeak": {
        "mean": 1.00337123871,
        "var": 1.94942831993
    },
    "zerocrossingrate": {
        "mean": 0.0357217490673,
        "var": 0.000390603323467
    },
    "barkbands": {
        "mean": [4.27088525612e-005, 0.002961327089, 0.000597606005613, 0.000592042284552, 0.00137438764796, 0.00176534359343, 0.00276368879713, 0.00291161215864, 0.00155862397514, 0.000814011902548, 0.00042109756032, 0.000517805747222, 0.00035880622454, 0.000353018927854, 0.000218549714191, 0.000151536121848, 0.000100276120065, 7.12789551471e-005, 5.88287111896e-005, 3.35139520757e-005, 2.43029899138e-005, 1.54948775162e-005, 9.3688531706e-006, 8.15802741272e-006, 6.14021791989e-006, 5.38913491255e-006, 1.04032937998e-006],
        "var": [2.54140228861e-008, 6.55852127238e-005, 3.39170742336e-006, 1.53514474732e-006, 6.1192317844e-006, 1.56004043674e-005, 8.79473664099e-005, 0.000124555110233, 1.65142428159e-005, 7.53804988562e-006, 1.10571829737e-006, 1.23327126857e-005, 1.17175488867e-006, 9.54331994762e-007, 5.54304904199e-007, 4.58167761508e-007, 2.63398533207e-007, 3.48122206617e-008, 2.21048370719e-008, 7.30718818787e-009, 4.83569007059e-009, 1.90706117564e-009, 8.24556034562e-010, 5.3112392262e-010, 3.35919542183e-010, 3.05275693613e-010, 1.99390955136e-011]
    },
    "erbbands": {
        "mean": [0.07912568748, 0.670864105225, 0.839372813702, 1.48945498466, 2.64555358887, 4.4580950737, 11.9393663406, 14.6585741043, 41.4619255066, 36.5358695984, 66.0789260864, 36.9586868286, 27.6861286163, 24.0563640594, 16.4458255768, 23.7690696716, 17.3083343506, 19.8557338715, 12.647395134, 9.94051074982, 9.20115089417, 5.35361385345, 3.91238117218, 3.64122629166, 2.66916871071, 1.54837298393, 1.06893098354, 0.842160642147, 0.564247786999, 0.386413186789, 0.251167446375, 0.188200831413, 0.126865819097, 0.0725597664714, 0.0426647663116, 0.0211849920452, 0.0102098397911, 0.00290058692917, 0.000112003159302, 2.232904626e-005],
        "var": [0.0652740001678, 3.19741177559, 4.41863822937, 9.92451763153, 39.659236908, 62.6071739197, 825.714538574, 998.068481445, 23910.8671875, 7941.51660156, 74635.9296875, 10355.2587891, 6444.59716797, 5416.83447266, 1792.26281738, 29843.1171875, 3033.51245117, 3207.18359375, 1838.08557129, 834.420715332, 1334.73913574, 861.517456055, 95.0269317627, 81.3926391602, 43.8476409912, 14.6237831116, 13.0559587479, 4.24452066422, 2.53772854805, 1.35355138779, 0.576534211636, 0.290123790503, 0.131362468004, 0.0486428104341, 0.0166161935776, 0.00423133699223, 0.00120702327695, 0.000117640927783, 1.85440427458e-007, 9.39052169358e-010]
    },
    "gfcc": {
        "mean": [-160.609039307, 140.722930908, -114.412086487, -2.26813387871, -60.1277389526, -1.69905912876, -30.6750202179, 1.86918473244, -14.7523412704, 5.16937446594, -10.0276641846, -3.45418119431, -10.9910984039],
        "cov": [[28676.4375, -535.386474609, -4681.59521484, 1870.19042969, 277.208068848, -422.876312256, 21.947687149, -231.013900757, -137.576095581, -705.910583496, 22.9977874756, -143.684921265, 374.129455566], [-535.386474609, 1951.43127441, -322.091156006, -353.791534424, 490.826904297, -207.624832153, 228.804870605, -210.019241333, 151.713623047, -284.034179688, 21.6681156158, -238.360900879, 83.8528671265], [-4681.59521484, -322.091156006, 2623.81860352, -129.162979126, -153.149307251, 499.242095947, -59.7048606873, 418.900726318, 53.2543144226, 358.417541504, -175.418045044, 154.061248779, -168.298904419], [1870.19042969, -353.791534424, -129.162979126, 821.122436523, 84.367477417, 63.5243453979, 32.3696060181, 30.1441364288, 22.0906124115, -6.87449598312, 35.9426269531, 27.4598274231, 35.0601615906], [277.208068848, 490.826904297, -153.149307251, 84.367477417, 432.094848633, 23.4989948273, 66.4259872437, -34.1778869629, 60.4425582886, -63.2738189697, -2.16278815269, -62.1541671753, 21.8637485504], [-422.876312256, -207.624832153, 499.242095947, 63.5243453979, 23.4989948273, 405.445404053, 63.5961647034, 110.120193481, -6.52780723572, 87.8397369385, -61.2154998779, 9.35854816437, -53.0035972595], [21.947687149, 228.804870605, -59.7048606873, 32.3696060181, 66.4259872437, 63.5961647034, 248.180511475, 63.9576416016, 72.1548690796, -11.9427232742, 19.6805667877, -44.8855705261, 7.63039588928], [-231.013900757, -210.019241333, 418.900726318, 30.1441364288, -34.1778869629, 110.120193481, 63.9576416016, 264.475341797, 88.6124572754, 115.176506042, -19.1618824005, 43.8189582825, -18.1262950897], [-137.576095581, 151.713623047, 53.2543144226, 22.0906124115, 60.4425582886, -6.52780723572, 72.1548690796, 88.6124572754, 171.638641357, 59.8432159424, 31.2684745789, -26.4171447754, 12.8053245544], [-705.910583496, -284.034179688, 358.417541504, -6.87449598312, -63.2738189697, 87.8397369385, -11.9427232742, 115.176506042, 59.8432159424, 208.396942139, 50.596988678, 61.8359146118, -35.0640563965], [22.9977874756, 21.6681156158, -175.418045044, 35.9426269531, -2.16278815269, -61.2154998779, 19.6805667877, -19.1618824005, 31.2684745789, 50.596988678, 172.477279663, 60.8749809265, 26.6139545441], [-143.684921265, -238.360900879, 154.061248779, 27.4598274231, -62.1541671753, 9.35854816437, -44.8855705261, 43.8189582825, -26.4171447754, 61.8359146118, 60.8749809265, 172.41053772, 46.1234588623], [374.129455566, 83.8528671265, -168.298904419, 35.0601615906, 21.8637485504, -53.0035972595, 7.63039588928, -18.1262950897, 12.8053245544, -35.0640563965, 26.6139545441, 46.1234588623, 117.678314209]],
        "icov": [[7.25866557332e-005, -0.000100657169241, 0.000215906620724, -0.000182017305633, 9.37106960919e-005, -0.000109930537292, 0.000162417083629, -0.000284896232188, 9.68485692283e-005, -5.13124214194e-005, 0.000211728096474, -0.00014753206051, 6.67358035571e-005], [-0.000100657169241, 0.0027549979277, -0.00138429342769, 0.0015154798748, -0.0021906895563, 0.00110187404789, -0.00183104199823, 0.00224195583723, -0.00203899620101, 0.00344603694975, -0.002524897689, 0.00268670613877, -0.00194032711443], [0.000215906620724, -0.00138429342769, 0.00194671656936, -0.000924411695451, 0.00112931244075, -0.00126460054889, 0.0013855000725, -0.00213607447222, 0.000797474349383, -0.00224295677617, 0.00257644755766, -0.0024020280689, 0.00176490575541], [-0.000182017305633, 0.0015154798748, -0.000924411695451, 0.00239853723906, -0.00144185509998, 0.000320746097714, -0.00105111219455, 0.00128173443954, -0.00126153999008, 0.00199393508956, -0.00188686698675, 0.00133656756952, -0.00122564262711], [9.37106960919e-005, -0.0021906895563, 0.00112931244075, -0.00144185509998, 0.0046601165086, -0.00151287391782, 0.00132635573391, -0.00119495182298, 8.49852003739e-005, -0.00161783932708, 0.00181549531408, -0.00170267873909, 0.00125590676907], [-0.000109930537292, 0.00110187404789, -0.00126460054889, 0.000320746097714, -0.00151287391782, 0.00473112612963, -0.00245892466046, 0.000847886258271, 0.000962608028203, -0.000497423578054, 0.000157768663485, 0.00123254943173, -0.000409458851209], [0.000162417083629, -0.00183104199823, 0.0013855000725, -0.00105111219455, 0.00132635573391, -0.00245892466046, 0.00751908216625, -0.00388136343099, -0.000218806657358, -8.26963660074e-005, -0.000362943072105, 2.14990341192e-005, 0.00071647943696], [-0.000284896232188, 0.00224195583723, -0.00213607447222, 0.00128173443954, -0.00119495182298, 0.000847886258271, -0.00388136343099, 0.0106449564919, -0.00537730753422, 0.00046064457274, 0.000379357457859, -0.000538989843335, -0.000785462849308], [9.68485692283e-005, -0.00203899620101, 0.000797474349383, -0.00126153999008, 8.49852003739e-005, 0.000962608028203, -0.000218806657358, -0.00537730753422, 0.0133810387924, -0.00635342299938, -0.000201773524168, 0.00303436000831, -0.0022277883254], [-5.13124214194e-005, 0.00344603694975, -0.00224295677617, 0.00199393508956, -0.00161783932708, -0.000497423578054, -8.26963660074e-005, 0.00046064457274, -0.00635342299938, 0.0160028710961, -0.00740975886583, 0.00144903105684, 0.000626130844466], [0.000211728096474, -0.002524897689, 0.00257644755766, -0.00188686698675, 0.00181549531408, 0.000157768663485, -0.000362943072105, 0.000379357457859, -0.000201773524168, -0.00740975886583, 0.0138033339754, -0.00790507625788, 0.00297933956608], [-0.00014753206051, 0.00268670613877, -0.0024020280689, 0.00133656756952, -0.00170267873909, 0.00123254943173, 2.14990341192e-005, -0.000538989843335, 0.00303436000831, 0.00144903105684, -0.00790507625788, 0.0158851407468, -0.00882854033262], [6.67358035571e-005, -0.00194032711443, 0.00176490575541, -0.00122564262711, 0.00125590676907, -0.000409458851209, 0.00071647943696, -0.000785462849308, -0.0022277883254, 0.000626130844466, 0.00297933956608, -0.00882854033262, 0.015187708661]]
    },
    "melbands": {
        "mean": [0.000787136028521, 0.000621404091362, 0.000289588671876, 0.000235780753428, 0.000378598808311, 0.000349252484739, 0.000606426037848, 0.00044525435078, 0.000515777035616, 0.000206476062885, 0.000135268433951, 9.97822644422e-005, 5.55495316803e-005, 5.69891126361e-005, 5.08179182361e-005, 3.70707566617e-005, 3.6036279198e-005, 2.03525032703e-005, 1.39535977723e-005, 1.12002826427e-005, 1.06516645246e-005, 5.62977356822e-006, 3.73718057745e-006, 3.76804405278e-006, 2.83468762063e-006, 2.15009140447e-006, 1.59783780873e-006, 8.42328518047e-007, 6.40781536276e-007, 6.05764682859e-007, 4.53275049495e-007, 3.34880979835e-007, 2.5723633712e-007, 1.95721312934e-007, 1.43883511328e-007, 1.33145590553e-007, 1.08009977851e-007, 9.03986006051e-008, 7.51600026661e-008, 5.64594415664e-008],
        "var": [5.20314188179e-006, 2.05333958547e-006, 2.99461135e-007, 2.6922464258e-007, 6.58051760638e-007, 6.42810562113e-007, 4.55717054137e-006, 1.41824193634e-006, 4.17719729739e-006, 3.13720420309e-007, 1.70132750554e-007, 1.04599600093e-007, 1.81782890962e-008, 1.21335943959e-007, 1.02109360967e-007, 1.09982645213e-008, 1.14712159771e-008, 4.91768936683e-009, 1.67808411611e-009, 2.29682339814e-009, 1.88852689043e-009, 1.31187094521e-009, 1.26242918896e-010, 1.29517410685e-010, 6.26781820889e-011, 3.57524322647e-011, 1.87600195795e-011, 5.54445985651e-012, 5.00182447544e-012, 3.52053650989e-012, 1.36419825089e-012, 9.76510430677e-013, 5.47544919561e-013, 4.01919356087e-013, 2.12534024126e-013, 1.4613017827e-013, 1.01480252695e-013, 6.66070795524e-014, 5.1510014922e-014, 3.13808563011e-014]
    },
    "mfcc": {
        "mean": [-790.958679199, 162.060928345, 1.56164622307, 8.55469703674, -9.52989006042, -4.31702899933, -6.82092475891, -4.3926987648, -3.91247010231, 2.264118433, 4.02695798874, 2.64643931389, -0.628322005272],
        "cov": [[21966.359375, 2338.56469727, -3691.88354492, 441.401367188, -252.354156494, 283.219146729, -137.843734741, 169.846557617, -147.058944702, -132.866622925, -307.589294434, -324.528106689, -257.60647583], [2338.56469727, 2116.80517578, -840.022583008, -130.410705566, 46.3746910095, 5.50136995316, 40.2886009216, 45.0368385315, 36.5204391479, -18.7401752472, -52.5626525879, -138.873275757, -69.1801528931], [-3691.88354492, -840.022583008, 1849.78442383, 64.3595581055, 136.297821045, 63.5158843994, 69.7051239014, 73.8635940552, 186.120742798, 152.487731934, 161.822799683, 89.5761260986, 4.6758351326], [441.401367188, -130.410705566, 64.3595581055, 459.55645752, 142.782806396, 74.6949615479, 0.898367524147, 49.2240715027, 44.4549942017, 56.221622467, 22.5053539276, 19.5064353943, 29.2966899872], [-252.354156494, 46.3746910095, 136.297821045, 142.782806396, 295.7421875, 109.635917664, 30.0112190247, 25.2370891571, 40.2336540222, 23.5877742767, 11.5346002579, -2.25969672203, 9.23067474365], [283.219146729, 5.50136995316, 63.5158843994, 74.6949615479, 109.635917664, 235.752090454, 105.359977722, 57.3791389465, 37.606086731, 31.1454143524, 13.0964241028, 6.22037267685, -7.63396263123], [-137.843734741, 40.2886009216, 69.7051239014, 0.898367524147, 30.0112190247, 105.359977722, 154.011169434, 78.8086471558, 35.6366081238, 19.8025093079, 24.1130466461, 19.9299564362, 8.14074230194], [169.846557617, 45.0368385315, 73.8635940552, 49.2240715027, 25.2370891571, 57.3791389465, 78.8086471558, 142.822967529, 88.2487411499, 38.8276481628, 19.2515048981, 12.4276914597, 4.60459756851], [-147.058944702, 36.5204391479, 186.120742798, 44.4549942017, 40.2336540222, 37.606086731, 35.6366081238, 88.2487411499, 179.577484131, 113.335098267, 45.3479537964, -3.39628005028, -13.1664237976], [-132.866622925, -18.7401752472, 152.487731934, 56.221622467, 23.5877742767, 31.1454143524, 19.8025093079, 38.8276481628, 113.335098267, 191.144775391, 115.379768372, 13.80281353, -25.4133529663], [-307.589294434, -52.5626525879, 161.822799683, 22.5053539276, 11.5346002579, 13.0964241028, 24.1130466461, 19.2515048981, 45.3479537964, 115.379768372, 173.725494385, 74.5341339111, -6.62196779251], [-324.528106689, -138.873275757, 89.5761260986, 19.5064353943, -2.25969672203, 6.22037267685, 19.9299564362, 12.4276914597, -3.39628005028, 13.80281353, 74.5341339111, 143.938903809, 78.1918411255], [-257.60647583, -69.1801528931, 4.6758351326, 29.2966899872, 9.23067474365, -7.63396263123, 8.14074230194, 4.60459756851, -13.1664237976, -25.4133529663, -6.62196779251, 78.1918411255, 140.93321228]],
        "icov": [[8.77450074768e-005, -4.15392532886e-005, 0.0001528338762, -0.000109127344331, 0.000134065470775, -0.000233316211961, 0.000256674364209, -0.000234289182117, 4.12509943999e-005, -4.21683444074e-006, 1.25451115309e-005, -4.14765099777e-006, 0.000135003152536], [-4.15392532886e-005, 0.000712983193807, 0.000302951171761, 0.000306876318064, -0.000424242811278, 0.000277794140857, -0.000388224929338, -2.022740955e-005, -0.00049157126341, 0.000259266147623, -0.000449864339316, 0.00066403549863, -0.000122595403809], [0.0001528338762, 0.000302951171761, 0.00113212771248, -3.07178597723e-005, -0.000214742001845, -0.000227553769946, 0.000104858576378, -0.000218907051021, -0.000928397581447, 0.000293390010484, -0.00060409354046, 3.82987745979e-005, 0.000316265650326], [-0.000109127344331, 0.000306876318064, -3.07178597723e-005, 0.00312659353949, -0.00149015663192, -0.000265515584033, 0.000923515530303, -0.00116045610048, 0.000444789184257, -0.00104596244637, 0.000157584974659, 7.6036718383e-005, -0.000811809266452], [0.000134065470775, -0.000424242811278, -0.000214742001845, -0.00149015663192, 0.00528763374314, -0.00262098642997, 0.000964663107879, 0.000384971470339, -0.000657122989651, 0.000870162679348, -0.000584081863053, 0.000765446689911, -0.000559503387194], [-0.000233316211961, 0.000277794140857, -0.000227553769946, -0.000265515584033, -0.00262098642997, 0.00842697452754, -0.00588962621987, 0.000863680557813, 5.16187537869e-005, -0.00112420297228, 0.00135194242466, -0.000930516922381, 0.00109464430716], [0.000256674364209, -0.000388224929338, 0.000104858576378, 0.000923515530303, 0.000964663107879, -0.00588962621987, 0.0140295764431, -0.00707422289997, 0.0017791200662, 0.000285433372483, -0.00140108307824, 0.000123666017316, -0.00079509121133], [-0.000234289182117, -2.022740955e-005, -0.000218907051021, -0.00116045610048, 0.000384971470339, 0.000863680557813, -0.00707422289997, 0.0154626816511, -0.00765417283401, 0.00238641817123, -1.89044767467e-005, -0.00106179865543, 3.87752152164e-005], [4.12509943999e-005, -0.00049157126341, -0.000928397581447, 0.000444789184257, -0.000657122989651, 5.16187537869e-005, 0.0017791200662, -0.00765417283401, 0.0147683667019, -0.00871020834893, 0.00324847223237, 0.000113498783321, -0.000135680791573], [-4.21683444074e-006, 0.000259266147623, 0.000293390010484, -0.00104596244637, 0.000870162679348, -0.00112420297228, 0.000285433372483, 0.00238641817123, -0.00871020834893, 0.0159679185599, -0.0103696919978, 0.00390704767779, -0.000474382512039], [1.25451115309e-005, -0.000449864339316, -0.00060409354046, 0.000157584974659, -0.000584081863053, 0.00135194242466, -0.00140108307824, -1.89044767467e-005, 0.00324847223237, -0.0103696919978, 0.0169771201909, -0.0103291375563, 0.00494447909296], [-4.14765099777e-006, 0.00066403549863, 3.82987745979e-005, 7.6036718383e-005, 0.000765446689911, -0.000930516922381, 0.000123666017316, -0.00106179865543, 0.000113498783321, 0.00390704767779, -0.0103291375563, 0.0177483186126, -0.00938892364502], [0.000135003152536, -0.000122595403809, 0.000316265650326, -0.000811809266452, -0.000559503387194, 0.00109464430716, -0.00079509121133, 3.87752152164e-005, -0.000135680791573, -0.000474382512039, 0.00494447909296, -0.00938892364502, 0.0129242315888]]
    },
    "spectral_contrast_coeffs": {
        "mean": [-0.662558197975, -0.69945371151, -0.73463511467, -0.755792021751, -0.792341887951, -0.779156625271],
        "var": [0.0121929682791, 0.0083778668195, 0.00624458165839, 0.00551272928715, 0.00624826131389, 0.00516847567633]
    },
    "spectral_contrast_valleys": {
        "mean": [-8.61469841003, -7.48093509674, -8.591132164, -9.42151927948, -9.82256793976, -12.6332120895],
        "var": [2.41325569153, 2.21443653107, 3.05340719223, 3.44133448601, 3.51768732071, 2.77730607986]
    }
},
"metadata": {
    "audio_properties": {
        "analysis_sample_rate": 44100,
        "bit_rate": 128000,
        "equal_loudness": 0,
        "length": 246.491424561,
        "lossless": 0,
        "replay_gain": -8.7066116333,
        "sample_rate": 44100,
        "codec": "mp3",
        "downmix": "mix",
        "md5_encoded": "19bb70ba064a5be9311514dd1c306dc6"
    },
    "tags": {
        "file_name": "2003.mp3"
    },
    "version": {
        "essentia": "2.1-beta2",
        "essentia_git_sha": "v2.1_beta2",
        "extractor": "music 1.0"
    }
},
"rhythm": {
    "beats_count": 487,
    "beats_loudness": {
        "mean": 0.0295760091394,
        "var": 0.00125336914789
    },
    "bpm": 114.450035095,
    "bpm_histogram_first_peak_bpm": {
        "mean": 115,
        "var": 0
    },
    "bpm_histogram_first_peak_spread": {
        "mean": 0.468164771795,
        "var": 0
    },
    "bpm_histogram_first_peak_weight": {
        "mean": 0.292181074619,
        "var": 0
    },
    "bpm_histogram_second_peak_bpm": {
        "mean": 103,
        "var": 0
    },
    "bpm_histogram_second_peak_spread": {
        "mean": 0.533333361149,
        "var": 0
    },
    "bpm_histogram_second_peak_weight": {
        "mean": 0.0432098768651,
        "var": 0
    },
    "danceability": 1.04904305935,
    "onset_rate": 2.27177715302,
    "beats_loudness_band_ratio": {
        "mean": [0.264828383923, 0.222484081984, 0.381424486637, 0.131867960095, 0.0382933095098, 0.0156549904495],
        "var": [0.0627117305994, 0.0361184030771, 0.0716061145067, 0.0295559167862, 0.0038552696351, 0.00114949361887]
    },
    "beats_position": [0.487619042397, 0.975238084793, 1.47446703911, 1.97369611263, 2.49614500999, 3.03020405769, 3.5758728981, 4.1099319458, 4.65560102463, 5.20126962662, 5.73532867432, 6.26938772202, 6.80344676971, 7.33750534058, 7.85995435715, 8.38240337372, 8.91646194458, 9.43891143799, 9.96135997772, 10.4954195023, 11.0294780731, 11.5635375977, 12.0975961685, 12.6316547394, 13.1541042328, 13.6765527725, 14.1990022659, 14.7214508057, 15.2322902679, 15.7547388077, 16.2771873474, 16.8112468719, 17.3453063965, 17.8677539825, 18.390203476, 18.9242630005, 19.4467124939, 19.9807701111, 20.5032196045, 21.0140590668, 21.5365066528, 22.0589561462, 22.5814056396, 23.0922451019, 23.614692688, 24.1371421814, 24.6595916748, 25.1936511993, 25.7160987854, 26.2385482788, 26.7609977722, 27.2834453583, 27.8058948517, 28.3283443451, 28.8507938385, 29.3732414246, 29.8840808868, 30.3949203491, 30.9057598114, 31.4282073975, 31.9390468597, 32.4614944458, 32.9839439392, 33.5180053711, 34.0404510498, 34.5629005432, 35.0853500366, 35.5961914063, 36.1070289612, 36.6178665161, 37.1403160095, 37.6511573792, 38.1736030579, 38.6844444275, 39.2068939209, 39.7293434143, 40.2634010315, 40.7974586487, 41.3315200806, 41.8423576355, 42.3648071289, 42.8756446838, 43.3980941772, 43.9321517944, 44.4546012878, 44.9770507813, 45.4995002747, 46.0103378296, 46.532787323, 47.0552368164, 47.5776863098, 48.0885238647, 48.6109733582, 49.1334228516, 49.655872345, 50.1783218384, 50.6891593933, 51.2232208252, 51.7688865662, 52.3145561218, 52.8486175537, 53.3710632324, 53.8935127258, 54.4043540955, 54.9268035889, 55.4492492676, 55.9600906372, 56.4941482544, 57.0165977478, 57.5390472412, 58.0614967346, 58.5723342896, 59.0831718445, 59.6172332764, 60.1396827698, 60.6505203247, 61.1729698181, 61.6954193115, 62.2062568665, 62.7287063599, 63.2511558533, 63.7852134705, 64.3076629639, 64.8301086426, 65.3525619507, 65.8750076294, 66.385848999, 66.9082946777, 67.4307479858, 67.9531936646, 68.4756469727, 68.9980926514, 69.508934021, 70.0197753906, 70.5422210693, 71.064666748, 71.5755081177, 72.0979614258, 72.608795166, 73.1312484741, 73.6536941528, 74.18775177, 74.7218093872, 75.2442626953, 75.766708374, 76.2775497437, 76.7999954224, 77.345664978, 77.8797302246, 78.4137878418, 78.924621582, 79.4470748901, 79.9695205688, 80.491973877, 81.0144195557, 81.5484771729, 82.070930481, 82.6049880981, 83.1506576538, 83.684715271, 84.2187728882, 84.7412261963, 85.2752838135, 85.8093414307, 86.3317871094, 86.8542404175, 87.3766860962, 87.8991394043, 88.421585083, 88.9324264526, 89.4548721313, 89.9773254395, 90.4881591797, 91.0106124878, 91.5330581665, 92.0555114746, 92.5663452148, 93.100402832, 93.6228561401, 94.1569137573, 94.667755127, 95.1902008057, 95.7126541138, 96.223487854, 96.7459411621, 97.2683868408, 97.7908401489, 98.3132858276, 98.8473434448, 99.3581848145, 99.8690261841, 100.391471863, 100.902313232, 101.413146973, 101.923988342, 102.44644165, 102.957275391, 103.479728699, 104.002174377, 104.513015747, 105.035461426, 105.557914734, 106.080360413, 106.602806091, 107.136871338, 107.682540894, 108.193374634, 108.715827942, 109.226661682, 109.737503052, 110.25995636, 110.782402039, 111.293243408, 111.804077148, 112.326530457, 112.848976135, 113.359817505, 113.870658875, 114.381492615, 114.892333984, 115.414779663, 115.937232971, 116.45967865, 116.982131958, 117.492965698, 118.003807068, 118.526252747, 119.071922302, 119.605987549, 120.128433228, 120.650878906, 121.184944153, 121.71900177, 122.253059387, 122.787117004, 123.321174622, 123.84362793, 124.366073608, 124.876914978, 125.387756348, 125.898590088, 126.421043396, 126.943489075, 127.477546692, 128.011611938, 128.545669556, 129.079727173, 129.602172852, 130.12461853, 130.635467529, 131.157913208, 131.680358887, 132.202804565, 132.736862183, 133.25932312, 133.839813232, 134.397094727, 134.931152344, 135.465209961, 135.999267578, 136.533325195, 137.067382813, 137.58984375, 138.112289429, 138.646347046, 139.192016602, 139.726074219, 140.283355713, 140.829025269, 141.363082886, 141.908752441, 142.454421997, 143.02331543, 143.592193604, 144.184310913, 144.764801025, 145.345306396, 145.879364014, 146.401809692, 146.924255371, 147.446716309, 147.980773926, 148.503219604, 149.014053345, 149.536499023, 150.070556641, 150.627838135, 151.17350769, 151.661132813, 152.160354614, 152.659591675, 153.135604858, 153.611602783, 154.076004028, 154.540405273, 155.004806519, 155.457595825, 155.910385132, 156.3515625, 156.792739868, 157.222305298, 157.756362915, 158.302032471, 158.847702026, 159.404983521, 159.950653076, 160.50793457, 161.076828003, 161.634094238, 162.214599609, 162.783493042, 163.363983154, 163.863220215, 164.350830078, 164.8384552, 165.233200073, 165.627929688, 166.022674561, 166.417419434, 166.812149048, 167.206893921, 167.601623535, 168.06602478, 168.530426025, 168.994827271, 169.470840454, 169.946838379, 170.411239624, 170.875640869, 171.340042114, 171.804443359, 172.280456543, 172.686798096, 173.093154907, 173.49949646, 173.905853271, 174.300582886, 174.695327759, 175.101669312, 175.508026123, 175.914367676, 176.332336426, 176.738677979, 177.133422852, 177.528152466, 177.922897339, 178.317642212, 178.712371826, 179.107116699, 179.501861572, 179.908203125, 180.29133606, 180.674468994, 181.05758667, 181.55682373, 182.056045532, 182.555282593, 183.135772705, 183.716278076, 184.296783447, 184.87727356, 185.457778931, 186.107940674, 186.769699097, 187.385025024, 187.988754272, 188.592468262, 189.207794189, 189.823120117, 190.368789673, 190.914459229, 191.460128784, 191.843261719, 192.226394653, 192.609527588, 193.004257202, 193.387390137, 193.770523071, 194.130432129, 194.478729248, 194.838638306, 195.186935425, 195.546844482, 195.90675354, 196.347930908, 196.789108276, 197.241897583, 197.69468689, 198.135864258, 198.577041626, 199.018234253, 199.459411621, 199.900588989, 200.341766357, 200.74810791, 201.154464722, 201.560806274, 201.967163086, 202.408340454, 202.861129761, 203.313919067, 203.755096436, 204.196273804, 204.64906311, 205.07862854, 205.508209229, 205.937774658, 206.378952026, 206.843353271, 207.319366455, 207.79536438, 208.271377563, 208.747390747, 209.211791992, 209.664581299, 210.105758667, 210.558547974, 210.999725342, 211.464126587, 211.905303955, 212.358093262, 212.834106445, 213.31010437, 213.797729492, 214.285354614, 214.772964478, 215.272201538, 215.806259155, 216.340316772, 216.885986328, 217.501312256, 218.116638184, 218.697143555, 219.289245605, 219.881362915, 220.450241089, 221.03074646, 221.611236572, 222.203353882, 222.795455933, 223.375961304, 223.956451416, 224.525344849, 225.10585022, 225.686340332, 226.278457642, 226.870559692, 227.451065063, 228.019943237, 228.600448608, 229.169342041, 229.738220215, 230.318725586, 230.887619019, 231.456497192, 232.025390625, 232.605895996, 233.17477417, 233.743667603, 234.312561035, 234.835006714, 235.357452393, 235.868301392, 236.332687378, 236.797088623, 237.261489868, 237.714279175, 238.167068481, 238.60824585, 239.049423218, 239.502212524, 239.96661377, 240.431015015, 240.848968506, 241.266937256, 241.684890747, 242.102859497, 242.474365234, 242.834274292, 243.205795288, 243.577316284, 243.94883728, 244.320358276, 244.680267334, 245.040176392, 245.400085449, 245.759994507]
},
"tonal": {
    "chords_changes_rate": 0.054624222219,
    "chords_number_rate": 0.00320210959762,
    "chords_strength": {
        "mean": 0.452493607998,
        "var": 0.0120150540024
    },
    "hpcp_entropy": {
        "mean": 1.7284142971,
        "var": 0.400168567896
    },
    "key_strength": 0.756750762463,
    "tuning_diatonic_strength": 0.439293920994,
    "tuning_equal_tempered_deviation": 0.00604443904012,
    "tuning_frequency": 441.017791748,
    "tuning_nontempered_energy_ratio": 0.621729254723,
    "hpcp": {
        "mean": [0.266499340534, 0.148271620274, 0.0564311109483, 0.0689586699009, 0.0576218478382, 0.12571850419, 0.202922135592, 0.128977626562, 0.0767209678888, 0.104869030416, 0.072430215776, 0.084339722991, 0.157052516937, 0.117702938616, 0.148086577654, 0.252053618431, 0.163587272167, 0.0884448587894, 0.115521773696, 0.0828595161438, 0.170785218477, 0.297836720943, 0.186679005623, 0.0901049301028, 0.0802717134356, 0.0441341660917, 0.104038417339, 0.167902261019, 0.104718826711, 0.0857317820191, 0.124210380018, 0.0837589874864, 0.0977736786008, 0.154481574893, 0.113566160202, 0.172770470381],
        "var": [0.128088012338, 0.047266189009, 0.0210956297815, 0.0338252000511, 0.0166964381933, 0.0425646193326, 0.0918685868382, 0.0407740399241, 0.0227547455579, 0.0503263138235, 0.0281179454178, 0.0210656803101, 0.0798636972904, 0.0425021760166, 0.0496321171522, 0.127721458673, 0.0644998550415, 0.0311960633844, 0.0647355914116, 0.0291828028858, 0.051957629621, 0.136111482978, 0.0567639879882, 0.0382751598954, 0.0384030491114, 0.0106529034674, 0.0323423705995, 0.0739059299231, 0.0303527973592, 0.030138971284, 0.0580650642514, 0.0261058863252, 0.0294737685472, 0.0742923617363, 0.036118183285, 0.0606884136796]
    },
    "chords_histogram": [8.23130512238, 5.04803180695, 7.92993021011, 2.18496894836, 4.40760993958, 0.226031273603, 0.301375031471, 0.0376718789339, 0.414390653372, 1.01714074612, 1.35618758202, 0.922960996628, 0.18835939467, 4.48295354843, 1.75174236298, 2.22264075279, 0, 21.8685245514, 1.14899230003, 4.97268772125, 5.16104745865, 8.92823505402, 12.3563756943, 4.84083652496],
    "thpcp": [1, 0.626783013344, 0.302531301975, 0.269515842199, 0.148182421923, 0.34931358695, 0.563739299774, 0.351598113775, 0.287848263979, 0.417041867971, 0.281224519014, 0.328279465437, 0.518678724766, 0.381303429604, 0.580084502697, 0.894783377647, 0.497828543186, 0.189469963312, 0.23153179884, 0.193467915058, 0.422105461359, 0.68132007122, 0.433048099279, 0.257594048977, 0.352102428675, 0.243187665939, 0.283174365759, 0.527310788631, 0.395192831755, 0.497207254171, 0.84628123045, 0.549251496792, 0.296957522631, 0.387869477272, 0.278204500675, 0.573418974876],
    "chords_key": "A",
    "chords_scale": "minor",
    "key_key": "A",
    "key_scale": "major"
}
}