{
"lowlevel": {
    "average_loudness": 0.859595417976,
    "barkbands_crest": {
        "mean": 12.1686792374,
        "var": 20.0461578369
    },
    "barkbands_flatness_db": {
        "mean": 0.239480763674,
        "var": 0.00676346151158
    },
    "barkbands_kurtosis": {
        "mean": 13.7195730209,
        "var": 468.645721436
    },
    "barkbands_skewness": {
        "mean": 2.32465720177,
        "var": 2.49551606178
    },
    "barkbands_spread": {
        "mean": 7.99269580841,
        "var": 127.350456238
    },
    "dissonance": {
        "mean": 0.408805966377,
        "var": 0.00404119445011
    },
    "dynamic_complexity": 3.08697366714,
    "erbbands_crest": {
        "mean": 13.2989349365,
        "var": 40.6504058838
    },
    "erbbands_flatness_db": {
        "mean": 0.204773470759,
        "var": 0.00468309829012
    },
    "erbbands_kurtosis": {
        "mean": 6.03151130676,
        "var": 243.627456665
    },
    "erbbands_skewness": {
        "mean": 1.36092507839,
        "var": 1.46235823631
    },
    "erbbands_spread": {
        "mean": 23.3059520721,
        "var": 247.432296753
    },
    "hfc": {
        "mean": 12.5683584213,
        "var": 117.109680176
    },
    "melbands_crest": {
        "mean": 15.6502218246,
        "var": 22.6399345398
    },
    "melbands_flatness_db": {
        "mean": 0.341821461916,
        "var": 0.00872288644314
    },
    "melbands_kurtosis": {
        "mean": 19.9654159546,
        "var": 962.895812988
    },
    "melbands_skewness": {
        "mean": 2.68970131874,
        "var": 2.87798786163
    },
    "melbands_spread": {
        "mean": 7.49461078644,
        "var": 49.8021430969
    },
    "pitch_salience": {
        "mean": 0.502156436443,
        "var": 0.0172111336142
    },
    "silence_rate_20dB": {
        "mean": 0.999761164188,
        "var": 0.000238742068177
    },
    "silence_rate_30dB": {
        "mean": 0.883329331875,
        "var": 0.103058055043
    },
    "silence_rate_60dB": {
        "mean": 0.0472892299294,
        "var": 0.0450592674315
    },
    "spectral_centroid": {
        "mean": 531.233642578,
        "var": 136113
    },
    "spectral_complexity": {
        "mean": 10.8907327652,
        "var": 41.3407096863
    },
    "spectral_decrease": {
        "mean": -1.25494876713e-008,
        "var": 1.63053498239e-016
    },
    "spectral_energy": {
        "mean": 0.0485047213733,
        "var": 0.00238885381259
    },
    "spectral_energyband_high": {
        "mean": 0.000100129531347,
        "var": 9.54973629064e-008
    },
    "spectral_energyband_low": {
        "mean": 0.0282177012414,
        "var": 0.00180470070336
    },
    "spectral_energyband_middle_high": {
        "mean": 0.00191154913045,
        "var": 1.52592601808e-005
    },
    "spectral_energyband_middle_low": {
        "mean": 0.0198622886091,
        "var": 0.000255524908425
    },
    "spectral_entropy": {
        "mean": 6.61223268509,
        "var": 0.51028740406
    },
    "spectral_flux": {
        "mean": 0.0845501050353,
        "var": 0.00733692757785
    },
    "spectral_kurtosis": {
        "mean": 12.7350902557,
        "var": 133.296417236
    },
    "spectral_rms": {
        "mean": 0.0062077739276,
        "var": 8.78495393408e-006
    },
    "spectral_rolloff": {
        "mean": 592.112426758,
        "var": 1831754.875
    },
    "spectral_skewness": {
        "mean": 2.68460845947,
        "var": 0.979898691177
    },
    "spectral_spread": {
        "mean": 3561469.25,
        "var": 2.27148877005e+012
    },
    "spectral_strongpeak": {
        "mean": 0.764591097832,
        "var": 0.533121287823
    },
    "zerocrossingrate": {
        "mean": 0.0251948814839,
        "var": 0.00129895459395
    },
    "barkbands": {
        "mean": [0.000747001089621, 0.0171276386827, 0.00882672704756, 0.00329211098142, 0.00567691260949, 0.00397351430729, 0.00352792069316, 0.00165692227893, 0.00156056159176, 0.000628417532425, 0.000378444034141, 0.00017922493862, 0.000191047220142, 0.00012679262727, 0.000180420436664, 9.87155217445e-005, 8.00595371402e-005, 8.73300741659e-005, 4.68273356091e-005, 3.39206853823e-005, 2.10960297409e-005, 1.71052179212e-005, 1.46755764945e-005, 1.19330670714e-005, 1.11441686386e-005, 7.33868364478e-006, 8.88460363058e-007],
        "var": [3.02629246107e-006, 0.00106150831562, 0.00016489776317, 2.46668296313e-005, 4.76395507576e-005, 2.65751896222e-005, 3.34331452905e-005, 2.65539911197e-005, 7.40586892789e-006, 2.36207165472e-006, 2.86147951556e-006, 2.27304369105e-007, 1.88654354361e-007, 6.58545644683e-008, 1.47297825492e-007, 4.21515906623e-008, 8.54492867575e-008, 8.12666982597e-008, 1.17333325278e-008, 7.92502685698e-009, 3.71152553136e-009, 3.59109408876e-009, 2.25869323245e-009, 1.81763237794e-009, 2.30262497958e-009, 1.34025246457e-009, 1.54406869235e-011]
    },
    "erbbands": {
        "mean": [0.406085520983, 4.12753248215, 10.2285327911, 11.0320968628, 14.0919446945, 21.6102142334, 26.7438201904, 31.0904960632, 19.9625835419, 89.4794158936, 30.498632431, 37.6020812988, 23.6388282776, 21.3286628723, 10.8768930435, 7.86679267883, 9.84283638, 7.14994049072, 7.22032833099, 8.89501476288, 5.75348043442, 4.38099718094, 4.62207937241, 3.48597216606, 1.98374783993, 1.69480586052, 1.08401191235, 0.691094756126, 0.619296908379, 0.537364304066, 0.391067177057, 0.258533090353, 0.194985881448, 0.129436656833, 0.0763204693794, 0.0410402044654, 0.0106523875147, 0.00255042570643, 0.000113689544378, 5.55335536774e-005],
        "var": [0.798443555832, 58.252040863, 211.393249512, 235.22114563, 459.973052979, 715.774475098, 1975.99072266, 1662.35778809, 728.547119141, 26966.0175781, 4810.69970703, 4601.18261719, 1777.71569824, 5408.79833984, 1111.36706543, 464.211090088, 479.745574951, 179.146652222, 383.888977051, 267.930175781, 165.577407837, 256.133605957, 237.760192871, 56.0727043152, 20.4706859589, 16.6819343567, 10.4806232452, 4.62414360046, 4.63634586334, 3.1860499382, 1.67123031616, 0.875491023064, 0.520373463631, 0.270447283983, 0.125837638974, 0.0645443201065, 0.00156588328537, 7.94701845734e-005, 1.68421081526e-007, 3.06719005749e-009]
    },
    "gfcc": {
        "mean": [-64.9410629272, 141.549362183, -77.7545166016, 25.5344657898, -50.5000572205, -1.23109674454, -35.2939758301, 12.7792406082, -15.4434757233, -0.664735376835, -12.79708004, -3.39247298241, -8.84858989716],
        "cov": [[17730.6328125, 876.616333008, -1449.91333008, 187.628082275, -539.334899902, 567.798339844, -179.711502075, 209.97895813, -268.777130127, 138.895401001, -402.470092773, -245.130691528, -302.191497803], [876.616333008, 1267.20288086, -64.5637893677, -130.319061279, 144.279998779, -111.353302002, 142.190673828, 14.2019815445, 177.89881897, -125.604698181, 132.593078613, -87.1510772705, 105.312934875], [-1449.91333008, -64.5637893677, 1105.76794434, 357.293548584, 225.944900513, 117.723983765, 47.9765052795, 47.071231842, -15.7550420761, 50.7263412476, 6.62551212311, 62.597114563, 17.7127342224], [187.628082275, -130.319061279, 357.293548584, 440.558898926, 175.615585327, 189.212249756, 33.7670783997, -12.7627820969, -64.5643692017, 2.65218925476, -44.4638137817, -7.77407026291, 12.4388961792], [-539.334899902, 144.279998779, 225.944900513, 175.615585327, 338.609710693, 144.000595093, 88.7420196533, 3.71790194511, 9.73664855957, -28.2702960968, 11.8973455429, 10.3909273148, 52.5705070496], [567.798339844, -111.353302002, 117.723983765, 189.212249756, 144.000595093, 404.433013916, 103.360801697, -35.0771522522, -66.1445770264, 15.9499673843, -70.2626266479, -14.4219770432, -2.40465116501], [-179.711502075, 142.190673828, 47.9765052795, 33.7670783997, 88.7420196533, 103.360801697, 150.725265503, 36.2524337769, 48.3958816528, -6.57099723816, 27.7734794617, -12.1133460999, 19.6231422424], [209.97895813, 14.2019815445, 47.071231842, -12.7627820969, 3.71790194511, -35.0771522522, 36.2524337769, 155.228271484, 83.5092086792, 43.1357116699, 29.9203147888, 29.7524089813, -21.0634822845], [-268.777130127, 177.89881897, -15.7550420761, -64.5643692017, 9.73664855957, -66.1445770264, 48.3958816528, 83.5092086792, 174.394454956, 38.3234291077, 68.6742095947, -6.07622528076, 15.1185150146], [138.895401001, -125.604698181, 50.7263412476, 2.65218925476, -28.2702960968, 15.9499673843, -6.57099723816, 43.1357116699, 38.3234291077, 99.9112854004, 15.3526639938, 8.05339717865, -36.6988182068], [-402.470092773, 132.593078613, 6.62551212311, -44.4638137817, 11.8973455429, -70.2626266479, 27.7734794617, 29.9203147888, 68.6742095947, 15.3526639938, 107.015640259, 32.9523239136, 15.0021247864], [-245.130691528, -87.1510772705, 62.597114563, -7.77407026291, 10.3909273148, -14.4219770432, -12.1133460999, 29.7524089813, -6.07622528076, 8.05339717865, 32.9523239136, 98.4953155518, 24.0345611572], [-302.191497803, 105.312934875, 17.7127342224, 12.4388961792, 52.5705070496, -2.40465116501, 19.6231422424, -21.0634822845, 15.1185150146, -36.6988182068, 15.0021247864, 24.0345611572, 95.8732833862]],
        "icov": [[0.000223972718231, -0.000723595847376, 0.00046473252587, -0.000559727021027, 0.000519217050169, -0.000480665359646, 0.000605759967584, -0.000842580921017, 0.000766532262787, -0.00110361806583, 0.000951960159, -0.000474735366879, 0.000308425253024], [-0.000723595847376, 0.00412161229178, -0.00172311754432, 0.0024717443157, -0.00213689752854, 0.00140079879202, -0.00205938634463, 0.00217729690485, -0.00324316951446, 0.00605282513425, -0.0054243914783, 0.00428847037256, -0.00210172869265], [0.00046473252587, -0.00172311754432, 0.00242134137079, -0.00232178694569, 0.000570768781472, -0.000501350441482, 0.000823590729851, -0.00160001392942, 0.00174774229527, -0.00353656196967, 0.00258402130567, -0.0023302945774, 0.00091634580167], [-0.000559727021027, 0.0024717443157, -0.00232178694569, 0.00601190654561, -0.00264822901227, -0.000275062309811, -0.000434977613622, 0.000812587619293, -0.000619432248641, 0.00349098397419, -0.00358647154644, 0.00408424669877, -0.00214634696022], [0.000519217050169, -0.00213689752854, 0.000570768781472, -0.00264822901227, 0.00653212890029, -0.00244299694896, 0.000563923676964, -0.0020972378552, 0.00123266747687, -0.00118206290063, 0.00155556667596, -0.00175268191379, -0.000448134582257], [-0.000480665359646, 0.00140079879202, -0.000501350441482, -0.000275062309811, -0.00244299694896, 0.00724124675617, -0.00687274243683, 0.00446853041649, -0.000590909447055, -0.00147660158109, 0.00293823238462, -0.00154279579874, 0.000439134339103], [0.000605759967584, -0.00205938634463, 0.000823590729851, -0.000434977613622, 0.000563923676964, -0.00687274243683, 0.016220420599, -0.0071357768029, 0.000727901759092, 0.00106879381929, -0.00378183810972, 0.00376463797875, -0.00135117140599], [-0.000842580921017, 0.00217729690485, -0.00160001392942, 0.000812587619293, -0.0020972378552, 0.00446853041649, -0.0071357768029, 0.0169942826033, -0.00951667316258, 0.00127959204838, 0.00217618071474, -0.00685697467998, 0.00496793631464], [0.000766532262787, -0.00324316951446, 0.00174774229527, -0.000619432248641, 0.00123266747687, -0.000590909447055, 0.000727901759092, -0.00951667316258, 0.0178361330181, -0.00994086638093, -0.00225453590974, 0.00440727593377, -0.00456439889967], [-0.00110361806583, 0.00605282513425, -0.00353656196967, 0.00349098397419, -0.00118206290063, -0.00147660158109, 0.00106879381929, 0.00127959204838, -0.00994086638093, 0.0264035612345, -0.0107799870893, 0.00491849007085, 0.00287487264723], [0.000951960159, -0.0054243914783, 0.00258402130567, -0.00358647154644, 0.00155556667596, 0.00293823238462, -0.00378183810972, 0.00217618071474, -0.00225453590974, -0.0107799870893, 0.0269355233759, -0.0147324101999, 0.00512741273269], [-0.000474735366879, 0.00428847037256, -0.0023302945774, 0.00408424669877, -0.00175268191379, -0.00154279579874, 0.00376463797875, -0.00685697467998, 0.00440727593377, 0.00491849007085, -0.0147324101999, 0.0243687871844, -0.0102771138772], [0.000308425253024, -0.00210172869265, 0.00091634580167, -0.00214634696022, -0.000448134582257, 0.000439134339103, -0.00135117140599, 0.00496793631464, -0.00456439889967, 0.00287487264723, 0.00512741273269, -0.0102771138772, 0.0190394651145]]
    },
    "melbands": {
        "mean": [0.00429930305108, 0.00562822073698, 0.00206474284641, 0.00127662473824, 0.000972085923422, 0.000705976446625, 0.000397196796257, 0.000858533894643, 0.000224841001909, 0.000222272821702, 0.000112753041321, 8.76129415701e-005, 4.58900212834e-005, 2.13029852603e-005, 2.17797187361e-005, 1.63614095072e-005, 1.31138986035e-005, 1.07988980744e-005, 1.13069017971e-005, 9.15994405659e-006, 6.50272295388e-006, 4.51176674687e-006, 4.16939201386e-006, 4.4834032451e-006, 2.66536517302e-006, 1.56296448495e-006, 1.22479377751e-006, 1.07607968403e-006, 7.11963309641e-007, 5.15389899647e-007, 3.58401024414e-007, 3.58146451163e-007, 3.08470760046e-007, 2.97548979233e-007, 2.41212575247e-007, 1.78083695346e-007, 1.47462174027e-007, 1.38547363804e-007, 1.24280802538e-007, 1.04179022742e-007],
        "var": [7.29943058104e-005, 6.86906205374e-005, 7.271269169e-006, 2.51861160905e-006, 1.78075299573e-006, 8.35501452912e-007, 2.88547482796e-007, 2.72080660579e-006, 2.46571033813e-007, 1.55222579679e-007, 4.45468266719e-008, 9.02532732994e-008, 2.92281452374e-008, 3.10840664319e-009, 2.43552977786e-009, 1.14818021757e-009, 7.17637282932e-010, 9.07374120285e-010, 4.20794482592e-010, 2.58464694092e-010, 2.45473447125e-010, 3.48395312599e-010, 4.43981018616e-010, 1.08449367542e-010, 3.6616241289e-011, 1.58452504589e-011, 9.67226906207e-012, 7.63092627282e-012, 5.92853587403e-012, 2.20844675013e-012, 1.42204900199e-012, 1.65457263775e-012, 1.26065390765e-012, 9.26887364604e-013, 6.28611366519e-013, 4.40922201094e-013, 2.71789969003e-013, 2.63346446429e-013, 2.31395116826e-013, 1.88597523557e-013]
    },
    "mfcc": {
        "mean": [-715.22479248, 172.115386963, 27.7662525177, 33.0800628662, 10.1054992676, -5.76183176041, -4.05769538879, 4.06696796417, 0.630409061909, 4.95222759247, 0.136483579874, -1.08763349056, 0.832769572735],
        "cov": [[10257.9345703, 978.606445313, -773.120239258, -257.810089111, -281.649810791, 328.174072266, 152.912246704, 8.59698867798, 83.8046722412, 188.911209106, -8.01284885406, -89.2659759521, -179.548950195], [978.606445313, 1398.56726074, -56.3067893982, 10.0711784363, 11.1361141205, -133.886413574, -22.9947128296, 96.4906921387, 49.6861953735, 55.4769248962, 28.3797016144, 55.3862190247, 85.8473129272], [-773.120239258, -56.3067893982, 684.197692871, 299.736907959, 169.97769165, 78.693321228, 75.9693374634, 10.3437585831, 28.9176464081, 20.4043769836, 21.7013130188, 7.85394573212, 4.69130706787], [-257.810089111, 10.0711784363, 299.736907959, 362.035949707, 204.875289917, 72.1844100952, 81.9579849243, 37.3660583496, 30.4535808563, 19.3504123688, -6.43884754181, -14.8080835342, -9.57877254486], [-281.649810791, 11.1361141205, 169.97769165, 204.875289917, 257.204559326, 132.66809082, 98.6818389893, 53.6828651428, 44.075881958, 20.5004863739, -15.181145668, -22.4390583038, -7.31433725357], [328.174072266, -133.886413574, 78.693321228, 72.1844100952, 132.66809082, 337.255371094, 181.305725098, 51.8760910034, 54.9881591797, 35.029548645, -39.2521362305, -50.3295326233, -58.2068939209], [152.912246704, -22.9947128296, 75.9693374634, 81.9579849243, 98.6818389893, 181.305725098, 185.775695801, 77.8532943726, 39.4134521484, 20.6833724976, -16.4120807648, -22.5271720886, -25.2815093994], [8.59698867798, 96.4906921387, 10.3437585831, 37.3660583496, 53.6828651428, 51.8760910034, 77.8532943726, 119.910873413, 53.180015564, 9.53980064392, 2.51699662209, 9.47323894501, 20.5235900879], [83.8046722412, 49.6861953735, 28.9176464081, 30.4535808563, 44.075881958, 54.9881591797, 39.4134521484, 53.180015564, 95.8068161011, 54.3586845398, -0.918719947338, 2.55067563057, 17.1941261292], [188.911209106, 55.4769248962, 20.4043769836, 19.3504123688, 20.5004863739, 35.029548645, 20.6833724976, 9.53980064392, 54.3586845398, 96.307182312, 39.6854553223, 9.08881759644, 7.34019947052], [-8.01284885406, 28.3797016144, 21.7013130188, -6.43884754181, -15.181145668, -39.2521362305, -16.4120807648, 2.51699662209, -0.918719947338, 39.6854553223, 109.924110413, 68.0780258179, 17.6131839752], [-89.2659759521, 55.3862190247, 7.85394573212, -14.8080835342, -22.4390583038, -50.3295326233, -22.5271720886, 9.47323894501, 2.55067563057, 9.08881759644, 68.0780258179, 113.888320923, 68.3690643311], [-179.548950195, 85.8473129272, 4.69130706787, -9.57877254486, -7.31433725357, -58.2068939209, -25.2815093994, 20.5235900879, 17.1941261292, 7.34019947052, 17.6131839752, 68.3690643311, 117.278686523]],
        "icov": [[0.000144964535139, -0.000134851608891, 0.000186117322301, -0.00016358801804, 0.000329573143972, -0.000269906508038, -6.93646434229e-005, 0.000160682437127, -6.7403751018e-005, -0.000143802870298, -4.19353054895e-005, 8.37446748392e-007, 0.000168055994436], [-0.000134851608891, 0.00100048386957, -0.000128676692839, 0.000190500242752, -0.000502939277794, 0.000815323553979, 0.00014052305778, -0.00116165343206, 0.000505459436681, -0.000923533749301, 0.000633712625131, -0.00036250895937, -0.000211372447666], [0.000186117322301, -0.000128676692839, 0.00269763660617, -0.00225772708654, 0.000501838047057, -0.000569446012378, -0.000599635473918, 0.00145931309089, -0.00107397604734, 0.000834538368508, -0.00134132429957, 0.000370606954675, -0.000458529539173], [-0.00016358801804, 0.000190500242752, -0.00225772708654, 0.00725651904941, -0.00500671612099, 0.00211492273957, -0.00113667349797, -0.000586043403018, 0.000885156972799, -0.00131221953779, 0.00155126024038, -0.000856261816807, 0.00110658688936], [0.000329573143972, -0.000502939277794, 0.000501838047057, -0.00500671612099, 0.00997973885387, -0.00339788431302, -2.93508651339e-006, -0.000488630263135, -0.00131240161136, 0.000922436709516, -0.00134803715628, 0.00185016868636, -0.00127686618362], [-0.000269906508038, 0.000815323553979, -0.000569446012378, 0.00211492273957, -0.00339788431302, 0.00923131499439, -0.00723664788529, 0.00147398014087, -0.00164230680093, -0.0017754251603, 0.00286220666021, -0.00148660130799, 0.00252593378536], [-6.93646434229e-005, 0.00014052305778, -0.000599635473918, -0.00113667349797, -2.93508651339e-006, -0.00723664788529, 0.0167325753719, -0.00929048098624, 0.00429469440132, -0.00265195243992, 0.0014150015777, -0.000750730396248, 0.00112457096111], [0.000160682437127, -0.00116165343206, 0.00145931309089, -0.000586043403018, -0.000488630263135, 0.00147398014087, -0.00929048098624, 0.0202951803803, -0.012715225108, 0.00934676453471, -0.00595264183357, 0.00254601682536, -0.00317426607944], [-6.7403751018e-005, 0.000505459436681, -0.00107397604734, 0.000885156972799, -0.00131240161136, -0.00164230680093, 0.00429469440132, -0.012715225108, 0.027517426759, -0.0179468374699, 0.0094715738669, -0.00395244034007, -0.000133329507662], [-0.000143802870298, -0.000923533749301, 0.000834538368508, -0.00131221953779, 0.000922436709516, -0.0017754251603, -0.00265195243992, 0.00934676453471, -0.0179468374699, 0.0275330413133, -0.0157495960593, 0.00844232365489, -0.00436398014426], [-4.19353054895e-005, 0.000633712625131, -0.00134132429957, 0.00155126024038, -0.00134803715628, 0.00286220666021, 0.0014150015777, -0.00595264183357, 0.0094715738669, -0.0157495960593, 0.0258658062667, -0.0177182946354, 0.00837711151689], [8.37446748392e-007, -0.00036250895937, 0.000370606954675, -0.000856261816807, 0.00185016868636, -0.00148660130799, -0.000750730396248, 0.00254601682536, -0.00395244034007, 0.00844232365489, -0.0177182946354, 0.0264215189964, -0.0137386340648], [0.000168055994436, -0.000211372447666, -0.000458529539173, 0.00110658688936, -0.00127686618362, 0.00252593378536, 0.00112457096111, -0.00317426607944, -0.000133329507662, -0.00436398014426, 0.00837711151689, -0.0137386340648, 0.0180630553514]]
    },
    "spectral_contrast_coeffs": {
        "mean": [-0.625916540623, -0.64249175787, -0.735413372517, -0.792690873146, -0.81046551466, -0.805327057838],
        "var": [0.00575884152204, 0.00998598244041, 0.00521970586851, 0.003338416107, 0.00174626125954, 0.00117230683099]
    },
    "spectral_contrast_valleys": {
        "mean": [-7.01376199722, -7.10680627823, -8.09966945648, -8.74505710602, -8.64266014099, -11.2593564987],
        "var": [2.52520370483, 2.25476312637, 2.37621307373, 2.06605124474, 1.81585466862, 1.62552368641]
    }
},
"metadata": {
    "audio_properties": {
        "analysis_sample_rate": 44100,
        "bit_rate": 128000,
        "equal_loudness": 0,
        "length": 194.403259277,
        "lossless": 0,
        "replay_gain": -3.68117713928,
        "sample_rate": 44100,
        "codec": "mp3",
        "downmix": "mix",
        "md5_encoded": "1ea9a255445ac736c4de35978878ef78"
    },
    "tags": {
        "file_name": "2004.mp3"
    },
    "version": {
        "essentia": "2.1-beta2",
        "essentia_git_sha": "v2.1_beta2",
        "extractor": "music 1.0"
    }
},
"rhythm": {
    "beats_count": 279,
    "beats_loudness": {
        "mean": 0.0639459788799,
        "var": 0.00192245724611
    },
    "bpm": 84.7871780396,
    "bpm_histogram_first_peak_bpm": {
        "mean": 85,
        "var": 0
    },
    "bpm_histogram_first_peak_spread": {
        "mean": 0.299610853195,
        "var": 0
    },
    "bpm_histogram_first_peak_weight": {
        "mean": 0.647482037544,
        "var": 0
    },
    "bpm_histogram_second_peak_bpm": {
        "mean": 144,
        "var": 0
    },
    "bpm_histogram_second_peak_spread": {
        "mean": 0,
        "var": 0
    },
    "bpm_histogram_second_peak_weight": {
        "mean": 0.032374098897,
        "var": 0
    },
    "danceability": 1.18156051636,
    "onset_rate": 4.24851942062,
    "beats_loudness_band_ratio": {
        "mean": [0.657230198383, 0.177022784948, 0.152313753963, 0.0219037067145, 0.010649417527, 0.00766693660989],
        "var": [0.0580789558589, 0.0294131506234, 0.0384026318789, 0.00169065839145, 0.000291385775199, 0.00104693020694]
    },
    "beats_position": [0.684988677502, 1.39319729805, 2.10140585899, 2.80961441994, 3.50621318817, 4.21442174911, 4.92263031006, 5.630838871, 6.35065746307, 7.05886602402, 7.77868461609, 8.498503685, 9.21832180023, 9.93814086914, 10.6579589844, 11.3661680222, 12.0743761063, 12.7941951752, 13.5140132904, 14.2338323593, 14.9536504745, 15.6734695435, 16.3816776276, 17.1014957428, 17.8097057343, 18.5295238495, 19.2493419647, 19.96916008, 20.6889801025, 21.3971881866, 22.1053962708, 22.825214386, 23.5450344086, 24.2532424927, 24.9730606079, 25.7044887543, 26.4243087769, 27.1557369232, 27.8987751007, 28.6534233093, 29.4080715179, 30.1394996643, 30.870929718, 31.5907478333, 32.2989578247, 32.9955558777, 33.7037620544, 34.4235839844, 35.1317901611, 35.8516082764, 36.5482063293, 37.2680282593, 37.976234436, 38.6844444275, 39.3926506042, 40.1008605957, 40.8090705872, 41.5172767639, 42.2254867554, 42.9336967468, 43.6535148621, 44.3617210388, 45.0815429688, 45.8129692078, 46.5443992615, 47.2758255005, 48.0304756165, 48.7619056702, 49.4817237854, 50.2015419006, 50.9213600159, 51.6527900696, 52.3958282471, 53.1388664246, 53.8586845398, 54.578502655, 55.2867126465, 55.9949188232, 56.7031288147, 57.3997268677, 58.0963249207, 58.7929229736, 59.4895210266, 60.1861228943, 60.8827209473, 61.5793190002, 62.2759170532, 62.9609069824, 63.6458930969, 64.3424911499, 65.0507049561, 65.7589111328, 66.4671173096, 67.1753311157, 67.8835372925, 68.5801315308, 69.26512146, 69.9617233276, 70.6583175659, 71.3549194336, 72.0515213013, 72.7481155396, 73.4447174072, 74.1413116455, 74.8263015747, 75.5229034424, 76.2194976807, 76.9277114868, 77.6243057251, 78.3209075928, 79.0175018311, 79.7024917603, 80.410697937, 81.1189117432, 81.8271179199, 82.5353240967, 83.2435379028, 83.9517440796, 84.6599502563, 85.356552124, 86.0531539917, 86.74974823, 87.4463500977, 88.1545562744, 88.8627624512, 89.5825805664, 90.3023986816, 90.9990005493, 91.6839904785, 92.3689804077, 93.065574646, 93.7621765137, 94.4703826904, 95.1785888672, 95.8751907349, 96.5717926025, 97.2799987793, 97.9882049561, 98.6964187622, 99.404624939, 100.112831116, 100.821044922, 101.529251099, 102.237457275, 102.945663452, 103.653877258, 104.350471497, 105.047073364, 105.732063293, 106.428657532, 107.136871338, 107.833465576, 108.530067444, 109.226661682, 109.92326355, 110.619865417, 111.328071594, 112.036277771, 112.756095886, 113.452697754, 114.137687683, 114.822669983, 115.519271851, 116.215873718, 116.924079895, 117.632286072, 118.352104187, 119.048706055, 119.745300293, 120.453514099, 121.161720276, 121.858322144, 122.56652832, 123.263130188, 123.971336365, 124.667930603, 125.376144409, 126.084350586, 126.792556763, 127.500770569, 128.208984375, 128.917190552, 129.625396729, 130.321990967, 131.030197144, 131.726806641, 132.435012817, 133.143218994, 133.863037109, 134.559631348, 135.256240845, 135.952835083, 136.637817383, 137.322814941, 138.01940918, 138.716003418, 139.412597656, 140.097595215, 140.782577515, 141.479187012, 142.187393188, 142.895599365, 143.592193604, 144.30039978, 145.008621216, 145.716827393, 146.425033569, 147.144851685, 147.853057861, 148.572875977, 149.281082153, 149.98928833, 150.697509766, 151.394104004, 152.102310181, 152.810516357, 153.507110596, 154.203720093, 154.91192627, 155.620132446, 156.328338623, 157.0365448, 157.756362915, 158.47618103, 159.219223022, 159.973876953, 160.716918945, 161.448348999, 162.179763794, 162.911193848, 163.631011963, 164.350830078, 165.070648193, 165.790466309, 166.498687744, 167.206893921, 167.915100098, 168.623306274, 169.331512451, 170.039718628, 170.747940063, 171.45614624, 172.164352417, 172.872558594, 173.580764771, 174.277359009, 174.962356567, 175.658950806, 176.355545044, 177.052154541, 177.725524902, 178.422134399, 179.118728638, 179.815322876, 180.511917114, 181.208526611, 181.90512085, 182.601715088, 183.298324585, 183.994918823, 184.703125, 185.411331177, 185.980224609, 186.560714722, 187.129608154, 187.710113525, 188.278991699, 188.789840698, 189.300674438, 189.811508179, 190.229476929, 190.64743042, 191.06539917, 191.483352661, 191.901306152, 192.319274902, 192.737228394, 193.155181885, 193.573150635]
},
"tonal": {
    "chords_changes_rate": 0.0360553972423,
    "chords_number_rate": 0.00286532961763,
    "chords_strength": {
        "mean": 0.503330588341,
        "var": 0.0059331045486
    },
    "hpcp_entropy": {
        "mean": 1.51317155361,
        "var": 0.510379612446
    },
    "key_strength": 0.745795428753,
    "tuning_diatonic_strength": 0.502952456474,
    "tuning_equal_tempered_deviation": 0.0231479275972,
    "tuning_frequency": 441.272583008,
    "tuning_nontempered_energy_ratio": 0.62798589468,
    "hpcp": {
        "mean": [0.17186781764, 0.082789465785, 0.028945254162, 0.0346895568073, 0.0572721883655, 0.251663833857, 0.422688573599, 0.236876025796, 0.0527190193534, 0.0453471541405, 0.042527217418, 0.049759041518, 0.05685525015, 0.0493719093502, 0.0750750154257, 0.100484661758, 0.0719209387898, 0.0523090884089, 0.0498068146408, 0.0488387793303, 0.203827485442, 0.44705709815, 0.325781673193, 0.0969722643495, 0.0525597520173, 0.0269559863955, 0.0536736622453, 0.080699019134, 0.0701653212309, 0.0842960178852, 0.0891864597797, 0.0431230664253, 0.0292838793248, 0.0377754233778, 0.0479326248169, 0.133081898093],
        "var": [0.110882617533, 0.0291583761573, 0.00932725612074, 0.0142780104652, 0.0245889350772, 0.0695530697703, 0.166176632047, 0.0617518387735, 0.0232653915882, 0.024005504325, 0.02243854478, 0.0239812321961, 0.0275236871094, 0.0211113076657, 0.0348817184567, 0.0570663847029, 0.0332711040974, 0.027375869453, 0.0249328818172, 0.020068436861, 0.0461273789406, 0.178006261587, 0.0905065834522, 0.0383219495416, 0.0187552962452, 0.0128199243918, 0.0171556640416, 0.027733027935, 0.0227482598275, 0.0388214588165, 0.0498397760093, 0.0138119328767, 0.00845172442496, 0.0148099809885, 0.0159120447934, 0.0691690519452]
    },
    "chords_histogram": [23.9732570648, 8.0945558548, 5.68290376663, 2.02960848808, 1.55205345154, 19.6513843536, 2.0773639679, 18.7917861938, 0.119388729334, 10.9360074997, 0, 0, 0, 0, 0, 0.907354354858, 0, 0, 0.095510981977, 1.33715379238, 0.525310397148, 0, 2.29226350784, 1.93409740925],
    "thpcp": [1, 0.728724956512, 0.216912478209, 0.117568321526, 0.0602965168655, 0.120059974492, 0.180511653423, 0.156949356198, 0.188557609916, 0.199496805668, 0.0964598655701, 0.0655036643147, 0.0844979807734, 0.107218123972, 0.297684341669, 0.384442657232, 0.185187682509, 0.0647462159395, 0.0775953605771, 0.128109335899, 0.562934458256, 0.94549125433, 0.529856324196, 0.117924578488, 0.10143481195, 0.0951270386577, 0.111303545535, 0.127176702023, 0.110437594354, 0.167931601405, 0.224769189954, 0.160876408219, 0.117007620633, 0.111410409212, 0.109245061874, 0.455931663513],
    "chords_key": "E",
    "chords_scale": "minor",
    "key_key": "E",
    "key_scale": "minor"
}
}