{
"lowlevel": {
    "average_loudness": 0.261135846376,
    "barkbands_crest": {
        "mean": 11.1037864685,
        "var": 28.9450340271
    },
    "barkbands_flatness_db": {
        "mean": 0.192155897617,
        "var": 0.00683127297089
    },
    "barkbands_kurtosis": {
        "mean": 13.699057579,
        "var": 4019.61914063
    },
    "barkbands_skewness": {
        "mean": 1.48466348648,
        "var": 8.59993648529
    },
    "barkbands_spread": {
        "mean": 17.7341499329,
        "var": 158.193313599
    },
    "dissonance": {
        "mean": 0.447800993919,
        "var": 0.00277724163607
    },
    "dynamic_complexity": 7.46386957169,
    "erbbands_crest": {
        "mean": 10.3933162689,
        "var": 26.6431369781
    },
    "erbbands_flatness_db": {
        "mean": 0.211403176188,
        "var": 0.00495850853622
    },
    "erbbands_kurtosis": {
        "mean": 2.66788458824,
        "var": 52.8235359192
    },
    "erbbands_skewness": {
        "mean": 0.220919519663,
        "var": 1.43077504635
    },
    "erbbands_spread": {
        "mean": 25.6845340729,
        "var": 385.084716797
    },
    "hfc": {
        "mean": 13.7283649445,
        "var": 341.572631836
    },
    "melbands_crest": {
        "mean": 14.8991394043,
        "var": 43.9572143555
    },
    "melbands_flatness_db": {
        "mean": 0.263609260321,
        "var": 0.00959713198245
    },
    "melbands_kurtosis": {
        "mean": 15.7571611404,
        "var": 2494.39868164
    },
    "melbands_skewness": {
        "mean": 2.09039020538,
        "var": 5.96575450897
    },
    "melbands_spread": {
        "mean": 21.4163036346,
        "var": 322.859954834
    },
    "pitch_salience": {
        "mean": 0.533043861389,
        "var": 0.0220905859023
    },
    "silence_rate_20dB": {
        "mean": 1,
        "var": 0
    },
    "silence_rate_30dB": {
        "mean": 0.983099579811,
        "var": 0.0166159551591
    },
    "silence_rate_60dB": {
        "mean": 0.282811939716,
        "var": 0.202825918794
    },
    "spectral_centroid": {
        "mean": 1107.13146973,
        "var": 389684.75
    },
    "spectral_complexity": {
        "mean": 15.0854911804,
        "var": 169.921173096
    },
    "spectral_decrease": {
        "mean": -4.89835505491e-009,
        "var": 4.65799663522e-017
    },
    "spectral_energy": {
        "mean": 0.0197327453643,
        "var": 0.000732169835828
    },
    "spectral_energyband_high": {
        "mean": 0.000343433523085,
        "var": 8.73636736287e-007
    },
    "spectral_energyband_low": {
        "mean": 0.0080777220428,
        "var": 0.0003006834595
    },
    "spectral_energyband_middle_high": {
        "mean": 0.00525564234704,
        "var": 5.8557576267e-005
    },
    "spectral_energyband_middle_low": {
        "mean": 0.00707092741504,
        "var": 0.000121157994727
    },
    "spectral_entropy": {
        "mean": 7.09756278992,
        "var": 0.49555978179
    },
    "spectral_flux": {
        "mean": 0.0626095756888,
        "var": 0.00391235062853
    },
    "spectral_kurtosis": {
        "mean": 13.7726173401,
        "var": 214.291412354
    },
    "spectral_rms": {
        "mean": 0.00355371762998,
        "var": 6.62253114569e-006
    },
    "spectral_rolloff": {
        "mean": 1216.96411133,
        "var": 1412862
    },
    "spectral_skewness": {
        "mean": 2.42858481407,
        "var": 1.52295041084
    },
    "spectral_spread": {
        "mean": 3451588.5,
        "var": 3.80371861504e+012
    },
    "spectral_strongpeak": {
        "mean": 0.715803027153,
        "var": 0.9873021245
    },
    "zerocrossingrate": {
        "mean": 0.0445018038154,
        "var": 0.00108492176514
    },
    "barkbands": {
        "mean": [0.000237942091189, 0.00426480500028, 0.00263825128786, 0.00191066914704, 0.00149708450772, 0.000816920539364, 0.000855036778376, 0.000774832675233, 0.00106542778667, 0.000937405857258, 0.000460363167804, 0.000855818856508, 0.000799228379037, 0.00054584722966, 0.000468182726763, 0.000358214660082, 0.000423731456976, 0.000219694746193, 0.000195167915081, 0.000121871686133, 0.000101228994026, 5.15800129506e-005, 5.02233233419e-005, 4.33734385297e-005, 2.79990435956e-005, 1.10319406303e-005, 6.50445997508e-007],
        "var": [6.42511963633e-008, 0.000144624369568, 3.02601802105e-005, 3.95023780584e-005, 7.74912859924e-006, 1.91774711311e-006, 4.01513034376e-006, 5.11159987582e-006, 4.82663290313e-006, 4.90120328323e-006, 2.02952810469e-006, 3.16019554703e-006, 3.47193713424e-006, 1.32399804897e-006, 1.04766536424e-006, 5.45757814052e-007, 8.25618712952e-007, 2.64036117414e-007, 2.10692022051e-007, 1.26007734025e-007, 1.0235125103e-007, 2.43313102999e-008, 3.210108801e-008, 4.05620674826e-008, 1.14276303975e-008, 1.62133639847e-009, 1.63217894061e-011]
    },
    "erbbands": {
        "mean": [0.0904899761081, 1.07499563694, 3.19194412231, 4.91189146042, 5.2729010582, 4.91125869751, 5.6858048439, 6.97856712341, 11.8242902756, 13.3218393326, 17.7981491089, 22.8478450775, 27.8022689819, 28.7260513306, 21.2368183136, 35.0150184631, 37.6671638489, 29.9228916168, 25.9395141602, 22.0843200684, 21.534696579, 23.1267185211, 13.8364248276, 10.4413633347, 8.8202047348, 5.71712255478, 4.97669506073, 3.07836866379, 1.94147157669, 1.71034777164, 1.36264801025, 1.00355803967, 0.656619131565, 0.373352020979, 0.167277485132, 0.0623774789274, 0.0175277777016, 0.00286062899977, 9.00923478184e-005, 2.57647407125e-005],
        "var": [0.0899341776967, 8.48173713684, 45.4674835205, 188.452072144, 169.65447998, 89.255317688, 102.365142822, 170.445205688, 691.716064453, 1163.66296387, 2060.64282227, 2376.92871094, 2831.953125, 5488.04248047, 2377.43847656, 5333.92480469, 6929.47558594, 4211.04296875, 2631.10131836, 2155.95385742, 1926.91723633, 2337.67431641, 897.367431641, 578.348937988, 508.19052124, 277.688537598, 262.161743164, 94.5414657593, 35.40574646, 29.0092086792, 25.8236293793, 20.4403171539, 9.36242771149, 2.40084695816, 0.366476505995, 0.0462784580886, 0.00455585168675, 0.000195556902327, 1.68415255075e-007, 1.26883015206e-009]
    },
    "gfcc": {
        "mean": [-111.111808777, 122.27015686, -122.046394348, 5.8622546196, -40.6580276489, 12.5243711472, -35.2820167542, 9.64310932159, -21.9067726135, -0.174411311746, -11.9990606308, -2.18689346313, -10.8080949783],
        "cov": [[21599.6035156, -340.692047119, -3246.74145508, 2191.19238281, -76.4599990845, 187.234710693, -44.2831306458, 130.598449707, -499.323059082, -243.934295654, -239.402145386, -343.346221924, -247.251342773], [-340.692047119, 2545.87084961, -470.387542725, -635.89831543, 833.173156738, -306.697418213, 236.227798462, -150.34954834, 203.440689087, -240.988418579, 116.916671753, -234.116897583, 139.366531372], [-3246.74145508, -470.387542725, 2045.47070313, 333.813903809, -247.997573853, 270.100128174, 31.1992092133, 23.2718696594, 32.2613563538, 144.89932251, -73.8655929565, 60.2412719727, -123.051467896], [2191.19238281, -635.89831543, 333.813903809, 1209.07177734, 66.6631011963, 201.433227539, 96.2021179199, 7.44627141953, -104.878120422, 17.5523662567, -87.4676818848, -97.7431259155, -131.949234009], [-76.4599990845, 833.173156738, -247.997573853, 66.6631011963, 820.953796387, 29.0261611938, 196.656494141, -66.2437057495, 54.2106056213, -78.4739685059, -2.51842141151, -133.600692749, 6.76978731155], [187.234710693, -306.697418213, 270.100128174, 201.433227539, 29.0261611938, 301.500671387, 49.6829414368, 6.70643377304, -28.6469497681, 40.6304321289, -31.7844829559, -0.497141420841, -59.4364509583], [-44.2831306458, 236.227798462, 31.1992092133, 96.2021179199, 196.656494141, 49.6829414368, 262.695373535, 47.1162719727, 38.6614303589, -6.54481935501, -23.3197898865, -78.6084289551, -18.8106212616], [130.598449707, -150.34954834, 23.2718696594, 7.44627141953, -66.2437057495, 6.70643377304, 47.1162719727, 160.017532349, 44.9692268372, 23.879486084, -21.0691947937, 6.14834499359, -10.522277832], [-499.323059082, 203.440689087, 32.2613563538, -104.878120422, 54.2106056213, -28.6469497681, 38.6614303589, 44.9692268372, 144.291931152, 21.3836917877, 4.03791189194, -14.9698429108, 20.7497520447], [-243.934295654, -240.988418579, 144.89932251, 17.5523662567, -78.4739685059, 40.6304321289, -6.54481935501, 23.879486084, 21.3836917877, 130.091415405, 22.5325737, 32.1161994934, -15.2527551651], [-239.402145386, 116.916671753, -73.8655929565, -87.4676818848, -2.51842141151, -31.7844829559, -23.3197898865, -21.0691947937, 4.03791189194, 22.5325737, 146.13444519, 56.0340118408, 28.2758197784], [-343.346221924, -234.116897583, 60.2412719727, -97.7431259155, -133.600692749, -0.497141420841, -78.6084289551, 6.14834499359, -14.9698429108, 32.1161994934, 56.0340118408, 151.647796631, 29.2796859741], [-247.251342773, 139.366531372, -123.051467896, -131.949234009, 6.76978731155, -59.4364509583, -18.8106212616, -10.522277832, 20.7497520447, -15.2527551651, 28.2758197784, 29.2796859741, 100.49634552]],
        "icov": [[0.000204603536986, -0.000512036553118, 0.000530994846486, -0.000635453965515, 0.000466960511403, -0.000495391315781, 0.000345339503838, -0.000526496965904, 0.000592057243921, -0.000557895225938, 0.00068590225419, -0.000503523799125, 0.000461170566268], [-0.000512036553118, 0.00308111472987, -0.0016221050173, 0.00237892963924, -0.00224099983461, 0.00223565846682, -0.00159999052994, 0.00241345120594, -0.00288085336797, 0.00368470628746, -0.00364436861128, 0.00351275899448, -0.00181287818123], [0.000530994846486, -0.0016221050173, 0.00210541090928, -0.00189672643319, 0.00161683175247, -0.0018356757937, 0.000807429896668, -0.00115498923697, 0.00121194194071, -0.00217403681017, 0.00246289791539, -0.00216154474765, 0.00183572329115], [-0.000635453965515, 0.00237892963924, -0.00189672643319, 0.00347095704637, -0.00200506602414, 0.00160615437198, -0.00153140700422, 0.00190966192167, -0.00154439697508, 0.00256819650531, -0.00283807655796, 0.00314492220059, -0.00103839673102], [0.000466960511403, -0.00224099983461, 0.00161683175247, -0.00200506602414, 0.00369229889475, -0.00215246644802, -3.92070905946e-005, -0.000598595535848, 0.00117470475379, -0.00181660905946, 0.00231946422718, -0.00170178711414, 0.00133692799136], [-0.000495391315781, 0.00223565846682, -0.0018356757937, 0.00160615437198, -0.00215246644802, 0.00641466863453, -0.00193382776342, 0.00193266745191, -0.00129916018341, 0.00148185575381, -0.00197163666598, 0.00143407692667, -4.87332363264e-005], [0.000345339503838, -0.00159999052994, 0.000807429896668, -0.00153140700422, -3.92070905946e-005, -0.00193382776342, 0.0069374628365, -0.00367638957687, 0.00128180580214, -0.00192099821288, 0.00139146042056, 0.000592616153881, 0.000698570976965], [-0.000526496965904, 0.00241345120594, -0.00115498923697, 0.00190966192167, -0.000598595535848, 0.00193266745191, -0.00367638957687, 0.0107526080683, -0.00549210654572, 0.00226202071644, -0.00133710727096, 0.000898700440302, -0.000336430588504], [0.000592057243921, -0.00288085336797, 0.00121194194071, -0.00154439697508, 0.00117470475379, -0.00129916018341, 0.00128180580214, -0.00549210654572, 0.0129597084597, -0.00557134812698, 0.00318084517494, -0.00132326572202, -0.000305508525344], [-0.000557895225938, 0.00368470628746, -0.00217403681017, 0.00256819650531, -0.00181660905946, 0.00148185575381, -0.00192099821288, 0.00226202071644, -0.00557134812698, 0.0146420439705, -0.00626005837694, 0.00304914615117, -0.000650823058095], [0.00068590225419, -0.00364436861128, 0.00246289791539, -0.00283807655796, 0.00231946422718, -0.00197163666598, 0.00139146042056, -0.00133710727096, 0.00318084517494, -0.00626005837694, 0.0136073119938, -0.0077769937925, 0.00165931449737], [-0.000503523799125, 0.00351275899448, -0.00216154474765, 0.00314492220059, -0.00170178711414, 0.00143407692667, 0.000592616153881, 0.000898700440302, -0.00132326572202, 0.00304914615117, -0.0077769937925, 0.0156184025109, -0.00508619332686], [0.000461170566268, -0.00181287818123, 0.00183572329115, -0.00103839673102, 0.00133692799136, -4.87332363264e-005, 0.000698570976965, -0.000336430588504, -0.000305508525344, -0.000650823058095, 0.00165931449737, -0.00508619332686, 0.0154395829886]]
    },
    "melbands": {
        "mean": [0.00101625965908, 0.00162051676307, 0.000881881685928, 0.000357793964213, 0.000203476534807, 0.000159878472914, 0.000181725685252, 0.000156944021001, 0.000143366240081, 0.000147220285726, 0.000142763732583, 0.000123561389046, 6.54204995953e-005, 9.50246103457e-005, 8.56816695887e-005, 7.87228273111e-005, 5.18896049471e-005, 4.2299816414e-005, 3.27864909195e-005, 2.52260688285e-005, 2.50823413808e-005, 2.47935477091e-005, 1.77228102984e-005, 9.76274259301e-006, 8.10804067441e-006, 7.92405535321e-006, 4.54404607808e-006, 3.46670140061e-006, 3.38672157341e-006, 2.43660974775e-006, 1.56928945216e-006, 1.11748079235e-006, 9.29263762828e-007, 9.60596935329e-007, 8.0955106796e-007, 6.48835907668e-007, 6.11344717072e-007, 4.78211347854e-007, 3.75832485133e-007, 2.95428492336e-007],
        "var": [9.38484117796e-006, 1.29645659399e-005, 5.44571821592e-006, 5.17568651048e-007, 1.24379980093e-007, 8.31559319181e-008, 1.60681366879e-007, 1.70726977444e-007, 1.13985230143e-007, 9.75319309759e-008, 7.9450366286e-008, 1.00799333325e-007, 3.04871043966e-008, 4.25276986959e-008, 3.92071619615e-008, 3.22254187779e-008, 1.41110980678e-008, 7.39708738706e-009, 5.52148771149e-009, 2.84433387954e-009, 2.96721647253e-009, 2.93612023583e-009, 1.79402592781e-009, 5.40098299417e-010, 3.81950582273e-010, 4.52584081323e-010, 1.40853495534e-010, 1.11314721329e-010, 1.49199333443e-010, 5.94860896652e-011, 2.8368708424e-011, 1.29740107546e-011, 8.05319526342e-012, 1.01162333718e-011, 9.31284650091e-012, 7.05228627232e-012, 8.95665139278e-012, 5.63982324384e-012, 2.62019876282e-012, 1.60627381621e-012]
    },
    "mfcc": {
        "mean": [-751.293029785, 157.117233276, -14.198882103, 7.09269237518, 10.8249616623, 2.71605181694, 3.64293837547, 5.49799919128, -1.53927636147, 4.64436006546, 1.57911705971, 0.874523937702, -1.10153460503],
        "cov": [[20934.1816406, -571.569763184, -2969.34619141, 936.491760254, -102.305740356, 54.72215271, 290.050750732, 131.913864136, -217.205047607, -181.116012573, -376.240661621, -109.240882874, -126.960945129], [-571.569763184, 2852.06835938, -856.63092041, -368.420379639, 255.434265137, -123.075561523, 19.4016952515, 6.61742687225, 37.4992408752, -1.32770323753, 0.509293019772, -77.9976577759, 7.68591356277], [-2969.34619141, -856.63092041, 1934.43310547, 183.826919556, -86.9783477783, 151.126968384, -63.2133827209, -23.1869888306, 12.9132862091, 37.0305557251, 95.6137313843, 51.1689224243, 8.07858181], [936.491760254, -368.420379639, 183.826919556, 708.05859375, 162.725631714, 170.87802124, 155.624526978, 56.2821617126, 43.1819114685, 35.5852890015, 4.67578315735, 20.1386814117, -16.8180065155], [-102.305740356, 255.434265137, -86.9783477783, 162.725631714, 352.01651001, 171.691375732, 91.0205383301, 32.88306427, 27.4850902557, 0.44606667757, -7.92108345032, -5.75951910019, -1.42683124542], [54.72215271, -123.075561523, 151.126968384, 170.87802124, 171.691375732, 323.144958496, 142.716293335, 23.5589771271, 46.1421508789, 1.49781811237, 20.563117981, 11.9068880081, -4.87625026703], [290.050750732, 19.4016952515, -63.2133827209, 155.624526978, 91.0205383301, 142.716293335, 226.659713745, 62.0345840454, 32.6866416931, 15.0573682785, 13.7637929916, 15.2929611206, -9.04435062408], [131.913864136, 6.61742687225, -23.1869888306, 56.2821617126, 32.88306427, 23.5589771271, 62.0345840454, 132.948120117, 37.3484344482, 15.2764415741, 8.52558994293, 2.57647633553, -4.14104223251], [-217.205047607, 37.4992408752, 12.9132862091, 43.1819114685, 27.4850902557, 46.1421508789, 32.6866416931, 37.3484344482, 199.899490356, 61.2516136169, 21.5624351501, 13.4880552292, -20.078830719], [-181.116012573, -1.32770323753, 37.0305557251, 35.5852890015, 0.44606667757, 1.49781811237, 15.0573682785, 15.2764415741, 61.2516136169, 130.812789917, 40.6099319458, 25.0567855835, -12.9972696304], [-376.240661621, 0.509293019772, 95.6137313843, 4.67578315735, -7.92108345032, 20.563117981, 13.7637929916, 8.52558994293, 21.5624351501, 40.6099319458, 102.863571167, 29.7214164734, -0.891626834869], [-109.240882874, -77.9976577759, 51.1689224243, 20.1386814117, -5.75951910019, 11.9068880081, 15.2929611206, 2.57647633553, 13.4880552292, 25.0567855835, 29.7214164734, 86.4682769775, 19.6583766937], [-126.960945129, 7.68591356277, 8.07858181, -16.8180065155, -1.42683124542, -4.87625026703, -9.04435062408, -4.14104223251, -20.078830719, -12.9972696304, -0.891626834869, 19.6583766937, 87.4501419067]],
        "icov": [[8.54947065818e-005, 2.03108065762e-005, 0.000166668760357, -0.000168004291481, 0.000183867668966, -0.000141065014759, 6.42068262096e-005, -7.7987810073e-005, 0.000110677763587, 2.75175443676e-005, 0.000178793707164, -2.19993817154e-005, 0.000108982072561], [2.03108065762e-005, 0.000533278973307, 0.000178195841727, 0.000288176117465, -0.000603566528298, 0.000415037851781, -0.000263202440692, 0.000110973029223, -0.000147438389831, -1.4471034774e-005, -0.000301937776385, 0.00043940381147, -0.000124951708131], [0.000166668760357, 0.000178195841727, 0.00101878191344, -0.000480899034301, 0.000601180188823, -0.000811298959889, 0.000689835345838, -0.000170982602867, 0.000252087163972, 1.27334158151e-006, -0.000214133702684, -8.31185316201e-005, 0.000142100572702], [-0.000168004291481, 0.000288176117465, -0.000480899034301, 0.00243925326504, -0.00134840607643, 0.000387771549867, -0.0012558256276, 2.47233201662e-005, -0.000291213335004, -0.000473168736789, -6.33968375041e-005, 5.45921211597e-005, -3.49020556314e-005], [0.000183867668966, -0.000603566528298, 0.000601180188823, -0.00134840607643, 0.00551836425439, -0.00319833448157, 0.000818949716631, -0.000854215002619, 0.000491243845318, -8.93131800694e-005, 0.00117864250205, -0.000145057769259, 0.000105219900433], [-0.000141065014759, 0.000415037851781, -0.000811298959889, 0.000387771549867, -0.00319833448157, 0.006895753555, -0.00362943927757, 0.00139337091241, -0.00131823390257, 0.00101921649184, -0.0012969346717, 0.000456151057733, -0.000335769786034], [6.42068262096e-005, -0.000263202440692, 0.000689835345838, -0.0012558256276, 0.000818949716631, -0.00362943927757, 0.00820113439113, -0.00284630130045, 0.000497008208185, -0.000249902368523, -6.75127739669e-005, -0.00122130429372, 0.000686322746333], [-7.7987810073e-005, 0.000110973029223, -0.000170982602867, 2.47233201662e-005, -0.000854215002619, 0.00139337091241, -0.00284630130045, 0.00931330025196, -0.00157390220556, -5.1212937251e-005, -0.000711793545634, 0.00067460705759, -0.000419918040279], [0.000110677763587, -0.000147438389831, 0.000252087163972, -0.000291213335004, 0.000491243845318, -0.00131823390257, 0.000497008208185, -0.00157390220556, 0.00658771768212, -0.00267470697872, 0.000402511272114, -0.000577411497943, 0.00125466764439], [2.75175443676e-005, -1.4471034774e-005, 1.27334158151e-006, -0.000473168736789, -8.93131800694e-005, 0.00101921649184, -0.000249902368523, -5.1212937251e-005, -0.00267470697872, 0.0105328578502, -0.00310839130543, -0.0018335696077, 0.00130901974626], [0.000178793707164, -0.000301937776385, -0.000214133702684, -6.33968375041e-005, 0.00117864250205, -0.0012969346717, -6.75127739669e-005, -0.000711793545634, 0.000402511272114, -0.00310839130543, 0.0131474472582, -0.00346489530057, 0.000743300479371], [-2.19993817154e-005, 0.00043940381147, -8.31185316201e-005, 5.45921211597e-005, -0.000145057769259, 0.000456151057733, -0.00122130429372, 0.00067460705759, -0.000577411497943, -0.0018335696077, -0.00346489530057, 0.0147898839787, -0.00388879096135], [0.000108982072561, -0.000124951708131, 0.000142100572702, -3.49020556314e-005, 0.000105219900433, -0.000335769786034, 0.000686322746333, -0.000419918040279, 0.00125466764439, 0.00130901974626, 0.000743300479371, -0.00388879096135, 0.0129829309881]]
    },
    "spectral_contrast_coeffs": {
        "mean": [-0.647135317326, -0.734990000725, -0.750667095184, -0.781069219112, -0.78897601366, -0.802454054356],
        "var": [0.00733359437436, 0.00764968199655, 0.00614114338532, 0.00459895143285, 0.00390497408807, 0.0030524241738]
    },
    "spectral_contrast_valleys": {
        "mean": [-8.36106014252, -7.63069629669, -8.03230667114, -8.37153816223, -8.87720012665, -11.7486467361],
        "var": [3.25611424446, 2.36491966248, 2.83567452431, 3.03130817413, 3.26373553276, 2.58543348312]
    }
},
"metadata": {
    "audio_properties": {
        "analysis_sample_rate": 44100,
        "bit_rate": 128000,
        "equal_loudness": 0,
        "length": 258.272644043,
        "lossless": 0,
        "replay_gain": -8.17412376404,
        "sample_rate": 44100,
        "codec": "mp3",
        "downmix": "mix",
        "md5_encoded": "c9358e074bd43a3b4c2c168032d31562"
    },
    "tags": {
        "file_name": "2005.mp3"
    },
    "version": {
        "essentia": "2.1-beta2",
        "essentia_git_sha": "v2.1_beta2",
        "extractor": "music 1.0"
    }
},
"rhythm": {
    "beats_count": 529,
    "beats_loudness": {
        "mean": 0.0358950160444,
        "var": 0.00111521990038
    },
    "bpm": 114.898414612,
    "bpm_histogram_first_peak_bpm": {
        "mean": 115,
        "var": 0
    },
    "bpm_histogram_first_peak_spread": {
        "mean": 0.589403986931,
        "var": 0
    },
    "bpm_histogram_first_peak_weight": {
        "mean": 0.234848484397,
        "var": 0
    },
    "bpm_histogram_second_peak_bpm": {
        "mean": 148,
        "var": 0
    },
    "bpm_histogram_second_peak_spread": {
        "mean": 0.5,
        "var": 0
    },
    "bpm_histogram_second_peak_weight": {
        "mean": 0.107954546809,
        "var": 0
    },
    "danceability": 1.01063370705,
    "onset_rate": 3.15153098106,
    "beats_loudness_band_ratio": {
        "mean": [0.532699167728, 0.112105891109, 0.125836491585, 0.143447056413, 0.0734766498208, 0.0344511531293],
        "var": [0.0863839536905, 0.0195138901472, 0.0212757736444, 0.0256985425949, 0.00671208463609, 0.00364996935241]
    },
    "beats_position": [0.429569154978, 0.870748281479, 1.31192743778, 1.75310659409, 2.20589566231, 2.63546490669, 3.04181408882, 3.43655323982, 3.83129239082, 4.23764181137, 4.6439909935, 5.0387301445, 5.4334692955, 5.8282084465, 6.23455762863, 6.64090681076, 7.03564596176, 7.44199514389, 7.84834432602, 8.24308395386, 8.63782310486, 9.04417228699, 9.45052146912, 9.85687065125, 10.2632198334, 10.6579589844, 11.0526981354, 11.4474372864, 11.8537864685, 12.2601356506, 12.6548748016, 13.0496139526, 13.4559631348, 13.8507022858, 14.2570514679, 14.66340065, 15.0697498322, 15.4760990143, 15.8824491501, 16.2771873474, 16.6719264984, 17.0666656494, 17.4614048004, 17.8677539825, 18.2741031647, 18.6688423157, 19.0635814667, 19.458322525, 19.853061676, 20.2594108582, 20.6657600403, 21.0604991913, 21.4552383423, 21.8615875244, 22.2679367065, 22.6626758575, 23.0690250397, 23.4753742218, 23.8701133728, 24.2648525238, 24.6595916748, 25.0659408569, 25.4722900391, 25.8670291901, 26.2617683411, 26.6565074921, 27.0512466431, 27.4575958252, 27.8639450073, 28.2702941895, 28.6766433716, 29.0713825226, 29.4777317047, 29.8840808868, 30.2788200378, 30.6735591888, 31.079908371, 31.474647522, 31.8809967041, 32.2757377625, 32.6704750061, 33.0768241882, 33.4831733704, 33.8779144287, 34.2726516724, 34.6673927307, 35.0737419128, 35.480091095, 35.8748283386, 36.2811775208, 36.6875267029, 37.0822677612, 37.4886169434, 37.8949661255, 38.2897033691, 38.6960525513, 39.1024017334, 39.4971427917, 39.8918800354, 40.2982292175, 40.7045783997, 41.099319458, 41.4940567017, 41.9004058838, 42.3067550659, 42.7014961243, 43.0962333679, 43.4909744263, 43.8973236084, 44.3036727905, 44.6984100342, 45.0931510925, 45.4995002747, 45.9058494568, 46.3121986389, 46.718547821, 47.1365089417, 47.5544662476, 47.9724235535, 48.3903846741, 48.8199539185, 49.3424034119, 49.8764610291, 50.3989105225, 50.9329681396, 51.4554176331, 51.9894790649, 52.5119247437, 53.0343742371, 53.5684356689, 54.0908851624, 54.6133308411, 55.1241722107, 55.6350097656, 56.1458511353, 56.668296814, 57.1791381836, 57.6899757385, 58.2124252319, 58.7348747253, 59.2573242188, 59.7913818359, 60.3138313293, 60.8362808228, 61.3238983154, 61.8231277466, 62.3223571777, 62.8331947327, 63.3556442261, 63.8780937195, 64.4121551514, 64.9346008301, 65.4570541382, 65.9911117554, 66.5135574341, 67.0592269897, 67.5932846069, 68.1389541626, 68.6614074707, 69.1954650879, 69.7179107666, 70.2403640747, 70.7628097534, 71.2852630615, 71.8077087402, 72.3301544189, 72.8526077271, 73.3866653442, 73.9207229614, 74.4547805786, 74.9772338867, 75.5112915039, 76.0453491211, 76.5794067383, 77.1134643555, 77.6475296021, 78.1815872192, 78.7156448364, 79.2497024536, 79.7837600708, 80.3062133789, 80.8286590576, 81.3627166748, 81.8851699829, 82.4076156616, 82.9416732788, 83.4641265869, 83.9749679565, 84.4974136353, 85.019859314, 85.5423126221, 86.0531539917, 86.5639877319, 87.0748291016, 87.5856704712, 88.1197280884, 88.665397644, 89.1994552612, 89.7219009399, 90.244354248, 90.7667999268, 91.3008575439, 91.8116989136, 92.3225402832, 92.8333740234, 93.3558273315, 93.8666687012, 94.3891143799, 94.9115600586, 95.4224014282, 95.9332427979, 96.4556884766, 96.9781417847, 97.5005874634, 98.0230331421, 98.5454864502, 99.0679321289, 99.590385437, 100.124443054, 100.635284424, 101.146118164, 101.668571472, 102.191017151, 102.713470459, 103.224304199, 103.746757507, 104.257591248, 104.768432617, 105.279273987, 105.790107727, 106.312561035, 106.835006714, 107.357460022, 107.868293762, 108.39074707, 108.90158844, 109.41242218, 109.92326355, 110.434104919, 110.94493866, 111.444168091, 111.95500946, 112.477455139, 112.988296509, 113.499137878, 114.009971619, 114.532424927, 115.054870605, 115.577323914, 116.088157654, 116.610610962, 117.121452332, 117.632286072, 118.143127441, 118.66557312, 119.188026428, 119.722084045, 120.256141663, 120.778594971, 121.289428711, 121.788658142, 122.299499512, 122.810340881, 123.309570313, 123.808792114, 124.319633484, 124.830474854, 125.341316223, 125.852149963, 126.362991333, 126.873832703, 127.384666443, 127.895507813, 128.406341553, 128.917190552, 129.43963623, 129.962081909, 130.484527588, 130.995376587, 131.517822266, 132.028656006, 132.551101685, 133.085174561, 133.619232178, 134.141677856, 134.675735474, 135.209793091, 135.73223877, 136.254684448, 136.811965942, 137.380859375, 137.949752808, 138.53024292, 139.099136353, 139.656417847, 140.202087402, 140.747756958, 141.293426514, 141.827484131, 142.361541748, 142.895599365, 143.429656982, 143.9637146, 144.486160278, 145.020217896, 145.554275513, 146.088348389, 146.622406006, 147.144851685, 147.678909302, 148.20135498, 148.723800659, 149.257858276, 149.780319214, 150.302764893, 150.83682251, 151.370880127, 151.904937744, 152.438995361, 152.973052979, 153.483901978, 153.994735718, 154.517181396, 155.016418457, 155.527252197, 156.026489258, 156.537322998, 157.071380615, 157.593826294, 158.127883911, 158.661941528, 159.195999146, 159.730072021, 160.264129639, 160.798187256, 161.332244873, 161.86630249, 162.388748169, 162.911193848, 163.433654785, 163.956100464, 164.466934204, 165.000991821, 165.535049438, 166.057495117, 166.591567993, 167.12562561, 167.671295166, 168.193740845, 168.716186523, 169.250244141, 169.784301758, 170.318359375, 170.852416992, 171.37487793, 171.897323608, 172.419769287, 172.930603027, 173.441452026, 173.940673828, 174.42829895, 174.915908813, 175.403533936, 175.891159058, 176.378768921, 176.866394043, 177.354003906, 177.83001709, 178.306030273, 178.782043457, 179.258041382, 179.722442627, 180.210067749, 180.674468994, 181.138870239, 181.614868164, 182.090881348, 182.555282593, 183.019683838, 183.484085083, 183.948471069, 184.412872314, 184.87727356, 185.341674805, 185.80607605, 186.270477295, 186.73487854, 187.199264526, 187.663665771, 188.128067017, 188.592468262, 189.056869507, 189.521270752, 189.985671997, 190.450057983, 190.914459229, 191.378860474, 191.83164978, 192.284439087, 192.748840332, 193.213241577, 193.70085144, 194.165252686, 194.641265869, 195.140487671, 195.639724731, 196.16217041, 196.673019409, 197.195465088, 197.706298828, 198.205535889, 198.716369629, 199.227203369, 199.738052368, 200.248886108, 200.759719849, 201.258956909, 201.758178711, 202.257415771, 202.756637573, 203.255874634, 203.755096436, 204.254333496, 204.765167236, 205.287612915, 205.798446655, 206.297683716, 206.796905518, 207.307754517, 207.818588257, 208.341033936, 208.863494873, 209.374328613, 209.885162354, 210.407608032, 210.93006897, 211.429290771, 211.940139771, 212.439361572, 212.950195313, 213.461044312, 213.971878052, 214.482711792, 214.993560791, 215.51600647, 216.038452148, 216.549285889, 217.071746826, 217.582580566, 218.105026245, 218.627471924, 219.149932861, 219.660766602, 220.171600342, 220.682449341, 221.193283081, 221.704116821, 222.226577759, 222.737411499, 223.248245239, 223.770706177, 224.281539917, 224.815597534, 225.349655151, 225.883712769, 226.417770386, 226.951828003, 227.48588562, 228.008346558, 228.530792236, 229.053237915, 229.587295532, 230.121353149, 230.643798828, 231.166259766, 231.688705444, 232.211151123, 232.733596802, 233.244445801, 233.755279541, 234.266113281, 234.788574219, 235.299407959, 235.821853638, 236.332687378, 236.843536377, 237.365982056, 237.888427734, 238.399276733, 238.910110474, 239.409332275, 239.920181274, 240.419403076, 240.953460693, 241.475906372, 242.009979248, 242.555648804, 243.089706421, 243.6121521, 244.134597778, 244.657043457, 245.179489136, 245.713562012, 246.247619629, 246.770065308, 247.292510986, 247.826568604, 248.290969849, 248.755371094, 249.2081604, 249.672561646, 250.125350952, 250.589752197, 251.054138184, 251.518539429, 251.994552612, 252.43572998, 252.807250977, 253.178771973, 253.550292969, 253.921813965, 254.374603271, 254.839004517, 255.303390503, 255.767791748, 256.232208252, 256.696594238, 257.160980225, 257.625396729]
},
"tonal": {
    "chords_changes_rate": 0.0692072659731,
    "chords_number_rate": 0.00233686855063,
    "chords_strength": {
        "mean": 0.466838300228,
        "var": 0.00900881364942
    },
    "hpcp_entropy": {
        "mean": 1.94837808609,
        "var": 0.867996156216
    },
    "key_strength": 0.706928789616,
    "tuning_diatonic_strength": 0.541036486626,
    "tuning_equal_tempered_deviation": 0.0405272170901,
    "tuning_frequency": 440.508636475,
    "tuning_nontempered_energy_ratio": 0.696072757244,
    "hpcp": {
        "mean": [0.1869315207, 0.122921325266, 0.0943496003747, 0.0993461534381, 0.0850793346763, 0.12823164463, 0.170377060771, 0.112873017788, 0.0675781443715, 0.0645008981228, 0.0628936588764, 0.130609318614, 0.208315894008, 0.153124302626, 0.112311281264, 0.129422485828, 0.0955417305231, 0.105284690857, 0.136169910431, 0.124456249177, 0.198175281286, 0.280294626951, 0.205823913217, 0.135078683496, 0.117134191096, 0.0987871512771, 0.192668184638, 0.293162852526, 0.193000867963, 0.0935307890177, 0.099015019834, 0.0841273292899, 0.121563434601, 0.175751179457, 0.151193857193, 0.16662055254],
        "var": [0.0831476449966, 0.0396440848708, 0.0320432186127, 0.0388649217784, 0.0286230500787, 0.0430397726595, 0.0720601454377, 0.0339929163456, 0.0238748900592, 0.0248405784369, 0.0225485693663, 0.0410269163549, 0.0884963572025, 0.0472989231348, 0.0377992987633, 0.0557463765144, 0.032203964889, 0.0372752100229, 0.0597012639046, 0.0460058562458, 0.065686441958, 0.116860389709, 0.0714075267315, 0.0479154065251, 0.0429203733802, 0.0360475406051, 0.0601710192859, 0.130820661783, 0.0606739856303, 0.0287111029029, 0.0392152480781, 0.0273466333747, 0.0391582176089, 0.0713263303041, 0.0500198788941, 0.0638932734728]
    },
    "chords_histogram": [18.1736469269, 15.8907060623, 14.1470432281, 0.449397802353, 9.8867521286, 2.10318183899, 4.83552026749, 0.719036519527, 0.305590510368, 0.323566406965, 0.808916032314, 0.251662760973, 0.826891958714, 1.52795255184, 1.65378391743, 1.43807303905, 0.179759129882, 2.58853125572, 0.269638687372, 0.79094016552, 0.701060593128, 5.14111089706, 5.64443635941, 11.3428010941],
    "thpcp": [1, 0.658340096474, 0.319040387869, 0.337747484446, 0.286964505911, 0.414661794901, 0.599500179291, 0.515733361244, 0.568354904652, 0.637637138367, 0.419293671846, 0.321833401918, 0.338877022266, 0.290211856365, 0.437407553196, 0.581168651581, 0.385018140078, 0.230514004827, 0.220017299056, 0.214534878731, 0.445517957211, 0.710580825806, 0.52231824398, 0.383102029562, 0.441469609737, 0.325899839401, 0.359133809805, 0.464485555887, 0.424529403448, 0.675990402699, 0.956105530262, 0.702080488205, 0.460763305426, 0.399553328753, 0.336970210075, 0.657205343246],
    "chords_key": "A",
    "chords_scale": "major",
    "key_key": "A",
    "key_scale": "major"
}
}