{
"lowlevel": {
    "average_loudness": 0.610942065716,
    "barkbands_crest": {
        "mean": 11.2606363297,
        "var": 19.7577590942
    },
    "barkbands_flatness_db": {
        "mean": 0.266931802034,
        "var": 0.00704306736588
    },
    "barkbands_kurtosis": {
        "mean": 23.4923877716,
        "var": 52071.203125
    },
    "barkbands_skewness": {
        "mean": 1.87798392773,
        "var": 11.6798887253
    },
    "barkbands_spread": {
        "mean": 8.13832092285,
        "var": 54.685760498
    },
    "dissonance": {
        "mean": 0.40146458149,
        "var": 0.00336454785429
    },
    "dynamic_complexity": 3.61995077133,
    "erbbands_crest": {
        "mean": 11.4608955383,
        "var": 31.021282196
    },
    "erbbands_flatness_db": {
        "mean": 0.268216133118,
        "var": 0.00627868948504
    },
    "erbbands_kurtosis": {
        "mean": 3.42839741707,
        "var": 271.815979004
    },
    "erbbands_skewness": {
        "mean": 0.81331551075,
        "var": 1.54920446873
    },
    "erbbands_spread": {
        "mean": 19.7892971039,
        "var": 258.109008789
    },
    "hfc": {
        "mean": 11.5054674149,
        "var": 97.443901062
    },
    "melbands_crest": {
        "mean": 14.7499361038,
        "var": 26.5527954102
    },
    "melbands_flatness_db": {
        "mean": 0.376071810722,
        "var": 0.0094920033589
    },
    "melbands_kurtosis": {
        "mean": 11.2556762695,
        "var": 367.160217285
    },
    "melbands_skewness": {
        "mean": 2.09529972076,
        "var": 2.10571694374
    },
    "melbands_spread": {
        "mean": 9.4913520813,
        "var": 111.106033325
    },
    "pitch_salience": {
        "mean": 0.554608225822,
        "var": 0.0160884391516
    },
    "silence_rate_20dB": {
        "mean": 0.999577879906,
        "var": 0.0004219696566
    },
    "silence_rate_30dB": {
        "mean": 0.961868584156,
        "var": 0.0366777405143
    },
    "silence_rate_60dB": {
        "mean": 0.0945546627045,
        "var": 0.085614092648
    },
    "spectral_centroid": {
        "mean": 551.375610352,
        "var": 138759.828125
    },
    "spectral_complexity": {
        "mean": 11.8962993622,
        "var": 22.8702030182
    },
    "spectral_decrease": {
        "mean": -9.01340779791e-009,
        "var": 1.19139935357e-016
    },
    "spectral_energy": {
        "mean": 0.0350622572005,
        "var": 0.00175444199704
    },
    "spectral_energyband_high": {
        "mean": 0.000101119258034,
        "var": 1.47880527379e-007
    },
    "spectral_energyband_low": {
        "mean": 0.0163746550679,
        "var": 0.00111386470962
    },
    "spectral_energyband_middle_high": {
        "mean": 0.00300671556033,
        "var": 2.08733144973e-005
    },
    "spectral_energyband_middle_low": {
        "mean": 0.0173144992441,
        "var": 0.000280690612271
    },
    "spectral_entropy": {
        "mean": 6.30190134048,
        "var": 0.513662576675
    },
    "spectral_flux": {
        "mean": 0.0765652805567,
        "var": 0.00463422527537
    },
    "spectral_kurtosis": {
        "mean": 42.8748893738,
        "var": 2389.49853516
    },
    "spectral_rms": {
        "mean": 0.00514673674479,
        "var": 7.7182367022e-006
    },
    "spectral_rolloff": {
        "mean": 673.045593262,
        "var": 836357.5
    },
    "spectral_skewness": {
        "mean": 4.47352981567,
        "var": 5.21304941177
    },
    "spectral_spread": {
        "mean": 2489142.5,
        "var": 3.50133839462e+012
    },
    "spectral_strongpeak": {
        "mean": 0.937262952328,
        "var": 1.0155313015
    },
    "zerocrossingrate": {
        "mean": 0.0283273197711,
        "var": 0.000773806357756
    },
    "barkbands": {
        "mean": [0.000425516045652, 0.00742171192542, 0.00691962894052, 0.00317340763286, 0.00490977894515, 0.0027139512822, 0.00410624779761, 0.00156637432519, 0.000633949879557, 0.000904204905964, 0.000552947458345, 0.0007816979778, 0.000273515353911, 0.000175628418219, 0.000138586998219, 0.000176746965735, 4.04005331802e-005, 2.89960516966e-005, 1.2713750948e-005, 1.48809194798e-005, 1.64310913533e-005, 2.29518100241e-005, 2.10527596209e-005, 1.164790865e-005, 1.32416307679e-005, 5.56109625904e-006, 4.92789467899e-007],
        "var": [2.26400152314e-006, 0.000364047155017, 0.000171634674189, 3.39539401466e-005, 4.73359250464e-005, 1.44704154081e-005, 7.5533404015e-005, 5.75554622628e-006, 1.7397544525e-006, 3.3132741919e-006, 2.28330554819e-006, 4.58165141026e-006, 8.32040313981e-007, 9.10613380256e-008, 5.54604433489e-008, 1.36318149657e-007, 7.88769849436e-009, 3.76967923543e-009, 2.59981214334e-009, 3.01347302667e-009, 6.92674140268e-009, 1.46085481489e-008, 1.32353674687e-008, 2.95141777684e-009, 1.95941951553e-009, 7.93178578373e-010, 9.0085924831e-012]
    },
    "erbbands": {
        "mean": [0.183572396636, 1.81855404377, 7.42532014847, 9.68024158478, 12.3709115982, 15.8375358582, 21.3780670166, 26.4061813354, 60.2186431885, 38.3619232178, 29.3875408173, 15.683713913, 24.9813766479, 26.5377216339, 25.7886219025, 25.9683055878, 15.3716230392, 7.24854850769, 9.87165641785, 6.39106798172, 9.54458522797, 2.77060008049, 1.78592050076, 0.991859316826, 0.526534378529, 0.716081142426, 0.688785612583, 0.697618067265, 0.799210727215, 0.740500986576, 0.580222249031, 0.267469763756, 0.20616209507, 0.168450936675, 0.0794235765934, 0.0316098481417, 0.00856729969382, 0.00171332270838, 7.02656034264e-005, 4.04104939662e-005],
        "var": [0.302956551313, 19.462682724, 197.630401611, 299.044281006, 467.511566162, 613.432678223, 891.393249512, 1431.52880859, 15276.2265625, 5393.50097656, 1659.8425293, 962.966186523, 2272.75756836, 4110.86669922, 4531.58642578, 5039.26318359, 2277.27392578, 143.583206177, 209.997238159, 105.839439392, 430.14453125, 28.0139026642, 11.6711683273, 9.99691581726, 4.33070135117, 7.30696201324, 8.10363006592, 15.5563230515, 17.9275531769, 16.2261199951, 10.455078125, 2.03502321243, 0.813867151737, 0.405737400055, 0.064984023571, 0.017986478284, 0.00258120102808, 9.57448792178e-005, 9.5298105407e-008, 2.1474708678e-009]
    },
    "gfcc": {
        "mean": [-105.598907471, 180.971054077, -95.3934860229, -20.9137153625, -40.7830924988, 0.97368824482, -42.1712303162, 4.86051416397, -24.522600174, 2.59382915497, -10.3904600143, -9.22222232819, 4.02680015564],
        "cov": [[11407.8310547, -2354.74121094, -209.731506348, 1877.49194336, -109.119934082, 1213.63891602, -148.851028442, 923.717895508, -149.002990723, 380.009124756, -455.639007568, 32.4908103943, -76.3562774658], [-2354.74121094, 3371.94775391, 118.255012512, -778.173461914, 1016.02856445, -339.303222656, 385.133789063, -300.447021484, 504.184020996, -432.047637939, 293.470001221, -248.850479126, 71.9636611938], [-209.731506348, 118.255012512, 820.121154785, 192.89352417, -23.9625015259, 163.676239014, -19.8297176361, 2.17634034157, 90.9985275269, -49.1128845215, -13.7607107162, 27.4928035736, -85.4455108643], [1877.49194336, -778.173461914, 192.89352417, 981.985778809, -19.236749649, 264.201690674, 84.8119354248, 121.29901886, 108.936775208, 24.561208725, -155.182388306, 104.461715698, -100.873550415], [-109.119934082, 1016.02856445, -23.9625015259, -19.236749649, 638.338012695, -3.45888471603, 126.358070374, 29.3149852753, 204.197525024, -130.732009888, 46.6594657898, -77.8567962646, 49.3151931763], [1213.63891602, -339.303222656, 163.676239014, 264.201690674, -3.45888471603, 422.092529297, 29.7005290985, 122.353988647, -0.48521977663, 56.6001205444, -50.7219772339, 2.13624000549, -34.7722587585], [-148.851028442, 385.133789063, -19.8297176361, 84.8119354248, 126.358070374, 29.7005290985, 299.024139404, -51.9429855347, 129.505630493, -43.6623382568, 34.1496200562, 5.27429008484, -52.6001930237], [923.717895508, -300.447021484, 2.17634034157, 121.29901886, 29.3149852753, 122.353988647, -51.9429855347, 286.515869141, -58.5111122131, 85.7024993896, -13.2817268372, -9.10257816315, 57.7471809387], [-149.002990723, 504.184020996, 90.9985275269, 108.936775208, 204.197525024, -0.48521977663, 129.505630493, -58.5111122131, 331.620666504, -101.63143158, 28.0055770874, 20.6120548248, -80.9100646973], [380.009124756, -432.047637939, -49.1128845215, 24.561208725, -130.732009888, 56.6001205444, -43.6623382568, 85.7024993896, -101.63143158, 166.971038818, -8.8117685318, 14.9765357971, 34.0965919495], [-455.639007568, 293.470001221, -13.7607107162, -155.182388306, 46.6594657898, -50.7219772339, 34.1496200562, -13.2817268372, 28.0055770874, -8.8117685318, 156.875473022, -21.6487388611, 18.2331027985], [32.4908103943, -248.850479126, 27.4928035736, 104.461715698, -77.8567962646, 2.13624000549, 5.27429008484, -9.10257816315, 20.6120548248, 14.9765357971, -21.6487388611, 117.724327087, -24.1259746552], [-76.3562774658, 71.9636611938, -85.4455108643, -100.873550415, 49.3151931763, -34.7722587585, -52.6001930237, 57.7471809387, -80.9100646973, 34.0965919495, 18.2331027985, -24.1259746552, 171.327026367]],
        "icov": [[0.000268682808382, -0.000318988371873, 0.000388479471439, -0.000568368122913, 0.000303466949845, -0.00056867179228, 0.000459095492261, -0.000592008931562, 0.000176003552042, -0.000329370377585, 0.000326950248564, -4.55786030216e-005, 0.000358013843652], [-0.000318988371873, 0.00303625175729, -0.00144818064291, 0.00232111220248, -0.00275523285381, 0.00144146592356, -0.00255429861136, 0.00169134419411, -0.0018383488059, 0.00260697002523, -0.00140677229501, 0.00251880986616, -0.00192438112572], [0.000388479471439, -0.00144818064291, 0.00243606627919, -0.00158655527048, 0.0014982734574, -0.00173718063161, 0.00189138960559, -0.00117908371612, 0.000527278229129, -0.000664209015667, 0.000513146049343, -0.00110391713679, 0.00142763019539], [-0.000568368122913, 0.00232111220248, -0.00158655527048, 0.00400948291644, -0.00207369378768, 0.00108339614235, -0.0026947837323, 0.00112808914855, -0.00186394562479, 0.00205690087751, 0.000152730091941, 0.000522996939253, -0.00128183537163], [0.000303466949845, -0.00275523285381, 0.0014982734574, -0.00207369378768, 0.00552740227431, -0.00148305459879, 0.00160379218869, -0.00249195517972, -7.10707245162e-005, -0.000476985936984, 0.00131596019492, -0.000666930165607, 8.65368128871e-005], [-0.00056867179228, 0.00144146592356, -0.00173718063161, 0.00108339614235, -0.00148305459879, 0.00502190226689, -0.00212194025517, 0.000447765487479, -0.000595424149651, 0.000280181120615, -0.000464470271254, 0.00158516317606, -0.000507984252181], [0.000459095492261, -0.00255429861136, 0.00189138960559, -0.0026947837323, 0.00160379218869, -0.00212194025517, 0.0070329438895, -0.000744647928514, 0.000595088349655, -0.00249192980118, 1.35675436468e-005, -0.00209527299739, 0.00263254693709], [-0.000592008931562, 0.00169134419411, -0.00117908371612, 0.00112808914855, -0.00249195517972, 0.000447765487479, -0.000744647928514, 0.00723793450743, -0.000598692160565, -0.00086421467131, -0.00167565501761, 0.00134381523822, -0.00250135688111], [0.000176003552042, -0.0018383488059, 0.000527278229129, -0.00186394562479, -7.10707245162e-005, -0.000595424149651, 0.000595088349655, -0.000598692160565, 0.00698643689975, -0.000266652466962, -0.000264265836449, -0.00308550777845, 0.00324631622061], [-0.000329370377585, 0.00260697002523, -0.000664209015667, 0.00205690087751, -0.000476985936984, 0.000280181120615, -0.00249192980118, -0.00086421467131, -0.000266652466962, 0.0125338118523, -0.00190659496002, 0.00116409303155, -0.00289513776079], [0.000326950248564, -0.00140677229501, 0.000513146049343, 0.000152730091941, 0.00131596019492, -0.000464470271254, 1.35675436468e-005, -0.00167565501761, -0.000264265836449, -0.00190659496002, 0.00929359346628, -0.000496211578138, 0.000374068942619], [-4.55786030216e-005, 0.00251880986616, -0.00110391713679, 0.000522996939253, -0.000666930165607, 0.00158516317606, -0.00209527299739, 0.00134381523822, -0.00308550777845, 0.00116409303155, -0.000496211578138, 0.0133127439767, -0.00166479777545], [0.000358013843652, -0.00192438112572, 0.00142763019539, -0.00128183537163, 8.65368128871e-005, -0.000507984252181, 0.00263254693709, -0.00250135688111, 0.00324631622061, -0.00289513776079, 0.000374068942619, -0.00166479777545, 0.0101202921942]]
    },
    "melbands": {
        "mean": [0.00185322249308, 0.00344133493491, 0.00181698007509, 0.000978968688287, 0.000777529960033, 0.000600053521339, 0.000899458420463, 0.00042019286775, 0.000202061462915, 9.60647812462e-005, 0.000127287377836, 0.000111682973511, 7.44332501199e-005, 8.89401053428e-005, 5.29676617589e-005, 2.46287363552e-005, 1.27328776216e-005, 1.75541244971e-005, 1.0145539818e-005, 1.03200527519e-005, 1.02255753518e-005, 2.4650969408e-006, 1.92051243175e-006, 1.32305297029e-006, 7.61309593145e-007, 3.95999819602e-007, 3.5667679299e-007, 5.14204259616e-007, 4.56755088862e-007, 3.70524332993e-007, 4.19288085141e-007, 4.62526202227e-007, 4.31701266734e-007, 4.02310234904e-007, 3.60543737088e-007, 2.36113322671e-007, 1.34274941388e-007, 1.2738348687e-007, 1.7280238751e-007, 1.30614949967e-007],
        "var": [2.52780610026e-005, 4.64655277028e-005, 8.99489259609e-006, 2.46579520535e-006, 1.04322327843e-006, 6.90403169301e-007, 3.41394502357e-006, 5.28555233359e-007, 8.38261158265e-008, 4.18400745161e-008, 6.33845687048e-008, 6.95072444046e-008, 3.64823016241e-008, 4.74086121471e-008, 5.83469876858e-008, 5.14292786136e-009, 6.02445093811e-010, 7.44485695314e-010, 3.18376353059e-010, 6.04962857587e-010, 6.02098482183e-010, 3.46139332474e-011, 1.37466635297e-011, 8.36928443215e-012, 7.2357718775e-012, 2.8808303399e-012, 2.42104968885e-012, 3.82620931466e-012, 2.95302909729e-012, 4.9567932224e-012, 6.51852313446e-012, 6.95077112187e-012, 5.52118593899e-012, 5.07511784334e-012, 4.36626212616e-012, 1.82419118873e-012, 5.38355709838e-013, 3.71704782839e-013, 4.78517019845e-013, 2.51013700927e-013]
    },
    "mfcc": {
        "mean": [-756.004577637, 216.558532715, 10.5857877731, -7.41882562637, 11.4256858826, -6.74524354935, 2.09302783012, -13.2020406723, 6.4775056839, -10.0682849884, -1.6572368145, 0.526588976383, 0.232522457838],
        "cov": [[7919.14892578, -357.151062012, -736.36328125, 857.953430176, 559.791564941, 204.725845337, 484.157165527, 146.415420532, 740.730102539, 120.241172791, 247.592376709, 4.29627275467, 151.882461548], [-357.151062012, 2588.19726563, -102.627807617, -292.053833008, 511.904632568, 4.80287075043, 113.039543152, 129.684753418, 148.436233521, 87.5064468384, 57.2661209106, 84.7702484131, 17.4005622864], [-736.36328125, -102.627807617, 941.282104492, 7.84349870682, -71.18384552, 182.931518555, -143.101516724, 141.421401978, -132.656097412, 78.856880188, 20.9130306244, 4.74669027328, -21.9094810486], [857.953430176, -292.053833008, 7.84349870682, 589.96282959, 107.13848877, 99.6940002441, 17.2767276764, 151.916687012, 117.429252625, 54.012714386, 36.6222763062, -16.4310264587, 47.7981452942], [559.791564941, 511.904632568, -71.18384552, 107.13848877, 486.819671631, 12.1362876892, 61.2511825562, 88.9954376221, 165.495056152, 52.8107223511, 14.1059875488, 16.005695343, 42.5008659363], [204.725845337, 4.80287075043, 182.931518555, 99.6940002441, 12.1362876892, 345.903961182, -46.3520011902, 163.356796265, -0.760851025581, 106.508384705, 17.775812149, -13.014954567, 36.9616165161], [484.157165527, 113.039543152, -143.101516724, 17.2767276764, 61.2511825562, -46.3520011902, 302.148162842, -47.1790733337, 104.041603088, -20.653678894, 45.5696487427, 22.5229930878, 16.064622879], [146.415420532, 129.684753418, 141.421401978, 151.916687012, 88.9954376221, 163.356796265, -47.1790733337, 264.965148926, 23.0357666016, 100.802642822, 31.9421634674, 3.08601474762, 42.5687179565], [740.730102539, 148.436233521, -132.656097412, 117.429252625, 165.495056152, -0.760851025581, 104.041603088, 23.0357666016, 256.886993408, 6.86425018311, 10.8598003387, 16.7920513153, 46.1531829834], [120.241172791, 87.5064468384, 78.856880188, 54.012714386, 52.8107223511, 106.508384705, -20.653678894, 100.802642822, 6.86425018311, 165.840209961, 29.808927536, -5.85852622986, 36.3203811646], [247.592376709, 57.2661209106, 20.9130306244, 36.6222763062, 14.1059875488, 17.775812149, 45.5696487427, 31.9421634674, 10.8598003387, 29.808927536, 116.159324646, 18.232585907, 6.96688175201], [4.29627275467, 84.7702484131, 4.74669027328, -16.4310264587, 16.005695343, -13.014954567, 22.5229930878, 3.08601474762, 16.7920513153, -5.85852622986, 18.232585907, 105.171028137, 22.1512546539], [151.882461548, 17.4005622864, -21.9094810486, 47.7981452942, 42.5008659363, 36.9616165161, 16.064622879, 42.5687179565, 46.1531829834, 36.3203811646, 6.96688175201, 22.1512546539, 99.3482437134]],
        "icov": [[0.00023358904582, 8.61215521581e-005, 0.000143400349771, -0.000142672652146, -0.000136764327181, -0.000190243124962, -0.000113739064545, 7.08216175553e-005, -0.000458297872683, -5.75012636546e-005, -0.00040355627425, 3.05259600282e-005, 0.000100827877759], [8.61215521581e-005, 0.000657989294268, 0.000123193880427, 0.000496861641295, -0.000686109880917, -5.1793656894e-005, -0.000148733495735, -0.000409173429944, -0.000274648453342, -0.000159694478498, -0.000331141345669, -0.000296818878269, 0.000328745460138], [0.000143400349771, 0.000123193880427, 0.00148002977949, 9.34365834837e-006, -8.73115641298e-005, -0.000603741849773, 0.000253417878412, -0.000459941133158, 0.000210204074392, -0.000220779256779, -0.000446922145784, -0.00036645156797, 0.000595267512836], [-0.000142672652146, 0.000496861641295, 9.34365834837e-006, 0.00280329701491, -0.000453083484899, 2.465554644e-005, 3.36658413289e-005, -0.00156341399997, -0.000720471143723, 0.000149180428707, -0.000379247969249, 0.000372726208298, -0.00014280556934], [-0.000136764327181, -0.000686109880917, -8.73115641298e-005, -0.000453083484899, 0.00360341067426, 0.000568954565097, 5.29613134859e-005, -0.000560451240744, -0.00131182617042, -0.000511529273354, 0.000644498330075, 0.00014601899602, -0.000274962309049], [-0.000190243124962, -5.1793656894e-005, -0.000603741849773, 2.465554644e-005, 0.000568954565097, 0.00483756093308, 7.52333653509e-005, -0.00214273575693, 0.000165553225088, -0.00147479062434, 0.00059674406657, 0.000572645920329, -0.00068958097836], [-0.000113739064545, -0.000148733495735, 0.000253417878412, 3.36658413289e-005, 5.29613134859e-005, 7.52333653509e-005, 0.00459636654705, 0.000971004075836, -0.00131517869886, 0.000369506684365, -0.00173543358687, -0.000297259073704, -0.000306442787405], [7.08216175553e-005, -0.000409173429944, -0.000459941133158, -0.00156341399997, -0.000560451240744, -0.00214273575693, 0.000971004075836, 0.00769608607516, 7.81948911026e-005, -0.00171116017736, -0.000942052225582, -0.000223366470891, -0.00109842012171], [-0.000458297872683, -0.000274648453342, 0.000210204074392, -0.000720471143723, -0.00131182617042, 0.000165553225088, -0.00131517869886, 7.81948911026e-005, 0.00747321173549, 0.000573106459342, 0.00125394389033, -0.000367968837963, -0.00186666741502], [-5.75012636546e-005, -0.000159694478498, -0.000220779256779, 0.000149180428707, -0.000511529273354, -0.00147479062434, 0.000369506684365, -0.00171116017736, 0.000573106459342, 0.00924854818732, -0.00167257373687, 0.00124379328918, -0.00237104296684], [-0.00040355627425, -0.000331141345669, -0.000446922145784, -0.000379247969249, 0.000644498330075, 0.00059674406657, -0.00173543358687, -0.000942052225582, 0.00125394389033, -0.00167257373687, 0.0111513081938, -0.00172891654074, 0.000577828031965], [3.05259600282e-005, -0.000296818878269, -0.00036645156797, 0.000372726208298, 0.00014601899602, 0.000572645920329, -0.000297259073704, -0.000223366470891, -0.000367968837963, 0.00124379328918, -0.00172891654074, 0.0109999300912, -0.00300169596449], [0.000100827877759, 0.000328745460138, 0.000595267512836, -0.00014280556934, -0.000274962309049, -0.00068958097836, -0.000306442787405, -0.00109842012171, -0.00186666741502, -0.00237104296684, 0.000577828031965, -0.00300169596449, 0.0133109996095]]
    },
    "spectral_contrast_coeffs": {
        "mean": [-0.613886892796, -0.675535142422, -0.750450134277, -0.746608614922, -0.792819082737, -0.79141753912],
        "var": [0.00775123899803, 0.00835329294205, 0.00492067588493, 0.00401192856953, 0.00190199830104, 0.0031373212114]
    },
    "spectral_contrast_valleys": {
        "mean": [-7.38268184662, -6.77225399017, -7.5482711792, -8.78247642517, -9.62793636322, -12.6370267868],
        "var": [2.34874129295, 1.22156977654, 1.00602328777, 1.17526936531, 1.92214715481, 2.25428724289]
    }
},
"metadata": {
    "audio_properties": {
        "analysis_sample_rate": 44100,
        "bit_rate": 128000,
        "equal_loudness": 0,
        "length": 164.989395142,
        "lossless": 0,
        "replay_gain": -3.74971580505,
        "sample_rate": 44100,
        "codec": "mp3",
        "downmix": "mix",
        "md5_encoded": "43ca8bf88e2d5074583b44ceb758d738"
    },
    "tags": {
        "file_name": "2006.mp3"
    },
    "version": {
        "essentia": "2.1-beta2",
        "essentia_git_sha": "v2.1_beta2",
        "extractor": "music 1.0"
    }
},
"rhythm": {
    "beats_count": 323,
    "beats_loudness": {
        "mean": 0.0441116429865,
        "var": 0.00144597073086
    },
    "bpm": 119.824874878,
    "bpm_histogram_first_peak_bpm": {
        "mean": 120,
        "var": 0
    },
    "bpm_histogram_first_peak_spread": {
        "mean": 0.340350925922,
        "var": 0
    },
    "bpm_histogram_first_peak_weight": {
        "mean": 0.5838509202,
        "var": 0
    },
    "bpm_histogram_second_peak_bpm": {
        "mean": 96,
        "var": 0
    },
    "bpm_histogram_second_peak_spread": {
        "mean": 0.470588207245,
        "var": 0
    },
    "bpm_histogram_second_peak_weight": {
        "mean": 0.0279503110796,
        "var": 0
    },
    "danceability": 0.996657133102,
    "onset_rate": 3.46664571762,
    "beats_loudness_band_ratio": {
        "mean": [0.447164952755, 0.291710883379, 0.208110466599, 0.0876872092485, 0.0157554782927, 0.00585973728448],
        "var": [0.0936126708984, 0.0556056126952, 0.0269930865616, 0.0163582433015, 0.000889380637091, 0.000908530550078]
    },
    "beats_position": [0.522448956966, 1.04489791393, 1.55573689938, 2.06657600403, 2.57741498947, 3.06503391266, 3.55265307426, 4.05188179016, 4.55111122131, 5.06195020676, 5.56117916107, 6.06040811539, 6.5596370697, 7.05886602402, 7.55809497833, 8.05732440948, 8.55655288696, 9.06739234924, 9.57823085785, 10.0890703201, 10.5766887665, 11.0643081665, 11.5519275665, 12.051156044, 12.5503854752, 13.0496139526, 13.5488433838, 14.0596818924, 14.5589113235, 15.0581407547, 15.5573692322, 16.0565986633, 16.5674381256, 17.0666656494, 17.5775051117, 18.0767345428, 18.5875740051, 19.0868015289, 19.5860309601, 20.0852603912, 20.5844898224, 21.0721092224, 21.5829467773, 22.0821762085, 22.616235733, 23.1502952576, 23.6727428436, 24.1835823059, 24.6944217682, 25.2052612305, 25.7277088165, 26.2501583099, 26.7842178345, 27.2950553894, 27.7942848206, 28.3051242828, 28.8159637451, 29.3151912689, 29.8144207001, 30.3136501312, 30.8128795624, 31.3121089935, 31.8229465485, 32.322177887, 32.8214035034, 33.3206329346, 33.8198623657, 34.3190917969, 34.8067131042, 35.3059387207, 35.8051681519, 36.2927894592, 36.7920188904, 37.2796363831, 37.7788658142, 38.2897033691, 38.8005447388, 39.2997741699, 39.7989997864, 40.2982292175, 40.8090705872, 41.3315200806, 41.8539657593, 42.3764152527, 42.8872566223, 43.3980941772, 43.9089317322, 44.4313812256, 44.9654426575, 45.4995002747, 46.0219497681, 46.532787323, 47.0436286926, 47.5544662476, 48.0653038025, 48.5645332336, 49.052154541, 49.5513839722, 50.0390014648, 50.5498390198, 51.0606803894, 51.5715179443, 52.0707473755, 52.5699768066, 53.0692062378, 53.5684356689, 54.0792732239, 54.578502655, 55.0777320862, 55.5769615173, 56.0761909485, 56.5754165649, 57.0746459961, 57.5622673035, 58.0614967346, 58.5607261658, 59.0715637207, 59.5707931519, 60.070022583, 60.5692520142, 61.0684814453, 61.5677070618, 62.0669364929, 62.5661659241, 63.0653953552, 63.5646247864, 64.0638504028, 64.5746917725, 65.0739212036, 65.5731506348, 66.0723800659, 66.5716094971, 67.0708389282, 67.5700683594, 68.0809020996, 68.5801315308, 69.0793609619, 69.566986084, 70.0778198242, 70.5654373169, 71.0762786865, 71.5755081177, 72.0747375488, 72.57396698, 73.0731964111, 73.5724258423, 74.0716552734, 74.5708847046, 75.0701141357, 75.5693435669, 76.068572998, 76.5678024292, 77.0670318604, 77.5662536621, 78.0654830933, 78.5647125244, 79.0639419556, 79.5747833252, 80.0856246948, 80.5732421875, 81.0724716187, 81.5717010498, 82.070930481, 82.5701599121, 83.0809936523, 83.591835022, 84.1026763916, 84.5786819458, 85.077911377, 85.5771408081, 86.0763702393, 86.5755996704, 87.0748291016, 87.5740585327, 88.0732879639, 88.572517395, 89.0717468262, 89.5709762573, 90.0702056885, 90.5810394287, 91.0686569214, 91.579498291, 92.0787277222, 92.5779571533, 93.065574646, 93.5764160156, 94.0640335083, 94.5748748779, 95.0741043091, 95.5733337402, 96.0725631714, 96.5717926025, 97.0710220337, 97.5702438354, 98.0694732666, 98.5687026978, 99.0679321289, 99.5671615601, 100.07800293, 100.565620422, 101.076461792, 101.587303162, 102.074920654, 102.574150085, 103.073379517, 103.572608948, 104.071838379, 104.571060181, 105.070289612, 105.581130981, 106.068748474, 106.567977905, 107.067207336, 107.566436768, 108.065666199, 108.56489563, 109.064125061, 109.563354492, 110.062583923, 110.573425293, 111.072654724, 111.571876526, 112.071105957, 112.570335388, 113.069564819, 113.56879425, 114.068023682, 114.567253113, 115.066482544, 115.554100037, 116.053329468, 116.564170837, 117.075012207, 117.574241638, 118.07346344, 118.572692871, 119.071922302, 119.559547424, 120.070381165, 120.569610596, 121.068840027, 121.55645752, 122.067298889, 122.578140259, 123.07736969, 123.576599121, 124.064216614, 124.563446045, 125.062675476, 125.561904907, 126.061134338, 126.56036377, 127.059593201, 127.558815002, 128.058044434, 128.557281494, 129.056503296, 129.555740356, 130.066574097, 130.565795898, 131.065032959, 131.564254761, 132.07510376, 132.574325562, 133.073562622, 133.572784424, 134.072021484, 134.571243286, 135.070480347, 135.55809021, 136.045715332, 136.556549072, 137.067382813, 137.566619873, 138.065841675, 138.576690674, 139.075912476, 139.575149536, 140.074371338, 140.573608398, 141.0728302, 141.572067261, 142.071289063, 142.570526123, 143.081359863, 143.568969727, 144.068206787, 144.567428589, 145.055053711, 145.554275513, 146.053512573, 146.564346313, 147.075195313, 147.574417114, 148.073654175, 148.572875977, 149.072113037, 149.571334839, 150.082168579, 150.593017578, 151.103851318, 151.661132813, 152.218414307, 152.78729248, 153.414230347, 154.041183472, 154.656509399, 155.283447266, 155.92199707, 156.537322998, 157.164260864, 157.767974854, 158.371704102, 158.975418091, 159.57913208, 160.194458008, 160.786575317, 161.378677368, 162.005615234, 162.632553101, 163.259490967, 163.886444092, 164.513381958]
},
"tonal": {
    "chords_changes_rate": 0.0489589199424,
    "chords_number_rate": 0.00281373108737,
    "chords_strength": {
        "mean": 0.532304763794,
        "var": 0.00694233225659
    },
    "hpcp_entropy": {
        "mean": 1.61254560947,
        "var": 0.565822064877
    },
    "key_strength": 0.812360286713,
    "tuning_diatonic_strength": 0.623080790043,
    "tuning_equal_tempered_deviation": 0.00650074519217,
    "tuning_frequency": 441.017791748,
    "tuning_nontempered_energy_ratio": 0.652730703354,
    "hpcp": {
        "mean": [0.0708075910807, 0.0924573987722, 0.20945866406, 0.277926653624, 0.161262065172, 0.0568533018231, 0.0432081893086, 0.0469743907452, 0.0905007272959, 0.134536609054, 0.128584414721, 0.234464257956, 0.324577361345, 0.176678046584, 0.0495839640498, 0.0391830205917, 0.0472263656557, 0.106946185231, 0.141045212746, 0.083194501698, 0.0345169827342, 0.0294075384736, 0.0585446059704, 0.162749379873, 0.203578680754, 0.122598923743, 0.125843971968, 0.15950088203, 0.101558275521, 0.0799433961511, 0.0992022380233, 0.103305600584, 0.202926203609, 0.275132149458, 0.165691867471, 0.0762656927109],
        "var": [0.0285144373775, 0.0403373613954, 0.0840284973383, 0.127635627985, 0.0607756562531, 0.0212534293532, 0.0178876258433, 0.0179193280637, 0.034271158278, 0.0589751526713, 0.0453936234117, 0.0742137283087, 0.124950729311, 0.0485266074538, 0.0150153953582, 0.0110156005248, 0.0181949902326, 0.0467074289918, 0.0759574770927, 0.0320899747312, 0.0122069139034, 0.00930877123028, 0.0176494941115, 0.0576943419874, 0.0774382427335, 0.0400568805635, 0.0513128936291, 0.0901154652238, 0.0433539710939, 0.0326762013137, 0.0489483326674, 0.0370434857905, 0.0724396184087, 0.113609477878, 0.0597369968891, 0.0301128122956]
    },
    "chords_histogram": [18.0360164642, 0.844119310379, 13.9279680252, 5.00844097137, 1.99774897099, 0.0281373094767, 0.815981984138, 0.0281373094767, 4.33314561844, 0.196961164474, 1.06921780109, 0.731570065022, 0, 0, 0, 2.72931909561, 0, 0.112549237907, 0, 0, 0, 1.74451327324, 26.0551490784, 22.3410243988],
    "thpcp": [1, 0.544332623482, 0.152764707804, 0.120720125735, 0.145501106977, 0.329493671656, 0.434550374746, 0.256316393614, 0.106344394386, 0.0906025543809, 0.180371806026, 0.501419365406, 0.62721157074, 0.377718657255, 0.387716412544, 0.49141100049, 0.312893897295, 0.246299982071, 0.305635124445, 0.318277269602, 0.62520134449, 0.847662806511, 0.510484993458, 0.234969228506, 0.218153208494, 0.284854739904, 0.64532738924, 0.85627245903, 0.496837079525, 0.175161018968, 0.13312138617, 0.144724786282, 0.278826355934, 0.414497822523, 0.396159529686, 0.722367882729],
    "chords_key": "F#",
    "chords_scale": "major",
    "key_key": "C#",
    "key_scale": "major"
}
}