{
"lowlevel": {
    "average_loudness": 0.373847693205,
    "barkbands_crest": {
        "mean": 10.6078987122,
        "var": 15.2213869095
    },
    "barkbands_flatness_db": {
        "mean": 0.250734001398,
        "var": 0.00488676922396
    },
    "barkbands_kurtosis": {
        "mean": 3.0884988308,
        "var": 31.4885482788
    },
    "barkbands_skewness": {
        "mean": 0.995665311813,
        "var": 0.831674993038
    },
    "barkbands_spread": {
        "mean": 8.15530109406,
        "var": 26.8477592468
    },
    "dissonance": {
        "mean": 0.404407292604,
        "var": 0.00320085883141
    },
    "dynamic_complexity": 5.16367149353,
    "erbbands_crest": {
        "mean": 12.8099384308,
        "var": 26.0919761658
    },
    "erbbands_flatness_db": {
        "mean": 0.287117898464,
        "var": 0.00361895607784
    },
    "erbbands_kurtosis": {
        "mean": 1.74597287178,
        "var": 20.1771373749
    },
    "erbbands_skewness": {
        "mean": 0.562772512436,
        "var": 0.664643287659
    },
    "erbbands_spread": {
        "mean": 14.4600410461,
        "var": 67.9757919312
    },
    "hfc": {
        "mean": 13.757692337,
        "var": 232.839691162
    },
    "melbands_crest": {
        "mean": 13.1470422745,
        "var": 22.9709815979
    },
    "melbands_flatness_db": {
        "mean": 0.32199922204,
        "var": 0.00744436960667
    },
    "melbands_kurtosis": {
        "mean": 4.25131511688,
        "var": 45.3014717102
    },
    "melbands_skewness": {
        "mean": 1.22242891788,
        "var": 1.06300640106
    },
    "melbands_spread": {
        "mean": 12.1163644791,
        "var": 58.0812339783
    },
    "pitch_salience": {
        "mean": 0.518111765385,
        "var": 0.0110339550301
    },
    "silence_rate_20dB": {
        "mean": 1,
        "var": 0
    },
    "silence_rate_30dB": {
        "mean": 0.994078159332,
        "var": 0.00588653003797
    },
    "silence_rate_60dB": {
        "mean": 0.155448079109,
        "var": 0.131287202239
    },
    "spectral_centroid": {
        "mean": 718.808654785,
        "var": 108311.304688
    },
    "spectral_complexity": {
        "mean": 12.3362617493,
        "var": 39.4303321838
    },
    "spectral_decrease": {
        "mean": -5.2288080532e-009,
        "var": 2.46137682869e-017
    },
    "spectral_energy": {
        "mean": 0.0209826324135,
        "var": 0.000400928372983
    },
    "spectral_energyband_high": {
        "mean": 2.81627944787e-005,
        "var": 2.89393331521e-009
    },
    "spectral_energyband_low": {
        "mean": 0.00194452493452,
        "var": 1.18690377349e-005
    },
    "spectral_energyband_middle_high": {
        "mean": 0.00560810416937,
        "var": 6.84679980623e-005
    },
    "spectral_energyband_middle_low": {
        "mean": 0.0141667267308,
        "var": 0.000210676487768
    },
    "spectral_entropy": {
        "mean": 6.31034374237,
        "var": 0.279150515795
    },
    "spectral_flux": {
        "mean": 0.045564647764,
        "var": 0.00100975320674
    },
    "spectral_kurtosis": {
        "mean": 32.6911888123,
        "var": 700.728149414
    },
    "spectral_rms": {
        "mean": 0.0039950562641,
        "var": 4.51030609838e-006
    },
    "spectral_rolloff": {
        "mean": 897.50958252,
        "var": 273342.28125
    },
    "spectral_skewness": {
        "mean": 3.85872721672,
        "var": 2.64080166817
    },
    "spectral_spread": {
        "mean": 1905602,
        "var": 953248186368
    },
    "spectral_strongpeak": {
        "mean": 1.53519332409,
        "var": 2.23206305504
    },
    "zerocrossingrate": {
        "mean": 0.0330957062542,
        "var": 0.000249910866842
    },
    "barkbands": {
        "mean": [4.79984066715e-007, 0.00032846283284, 0.00125183246564, 0.000732815242372, 0.00216666981578, 0.00251035718247, 0.00278465962037, 0.00185178953689, 0.00338593800552, 0.00161005323753, 0.00150344020221, 0.000750765844714, 0.00081286393106, 0.000509219535161, 0.000244998023845, 0.000254551763646, 0.000122300785733, 6.92337343935e-005, 5.13888226124e-005, 2.01252496481e-005, 9.1021111075e-006, 4.90264801556e-006, 2.31313174481e-006, 2.0364352622e-006, 1.52019333655e-006, 7.24794460893e-007, 5.56323236367e-008],
        "var": [7.45712194251e-013, 6.74902366882e-007, 6.81517212797e-006, 2.0806712655e-006, 1.339456594e-005, 1.89472120837e-005, 2.18009809032e-005, 1.10158116513e-005, 4.88440928166e-005, 1.27922648971e-005, 1.11077151814e-005, 1.36672970257e-005, 5.6460921769e-006, 2.04171260521e-006, 5.497975053e-007, 6.2635285758e-007, 8.72169465538e-008, 3.98753776665e-008, 1.62728905906e-008, 2.37114461399e-009, 5.43676048625e-010, 1.50427989509e-010, 2.49392867469e-011, 1.42723072943e-011, 8.50946917097e-012, 1.89815762934e-012, 1.82908904494e-014]
    },
    "erbbands": {
        "mean": [0.00241382233799, 0.113011613488, 1.08190619946, 2.26712608337, 3.59064364433, 8.26451587677, 11.3465852737, 22.6806373596, 36.8396911621, 54.0498352051, 39.2246704102, 86.5537261963, 56.9053878784, 40.5525779724, 61.0481948853, 34.6225242615, 41.8663253784, 27.6359272003, 15.981013298, 15.5982589722, 10.7975587845, 6.47409915924, 3.90828919411, 3.50429368019, 2.10148763657, 1.00285947323, 0.425258815289, 0.343852728605, 0.18355768919, 0.0927316993475, 0.0682105123997, 0.0465002730489, 0.031153043732, 0.0177675671875, 0.0105229439214, 0.00389681151137, 0.0012684589019, 0.000226258853218, 1.62143205671e-005, 2.43357280851e-005],
        "var": [2.50756238529e-005, 0.0625028461218, 4.32264518738, 17.5900115967, 63.0612983704, 255.374969482, 306.25012207, 1971.91906738, 4100.72460938, 9138.16699219, 5432.74121094, 33579.6328125, 10608.46875, 8073.52685547, 16446.3144531, 33691.3515625, 13265.2978516, 5330.578125, 2322.65112305, 1205.52880859, 735.066101074, 234.886749268, 84.1783370972, 110.92276001, 38.220867157, 5.03171157837, 0.980014503002, 1.02869415283, 0.177428975701, 0.0325790122151, 0.0227697771043, 0.00827414914966, 0.0034305867739, 0.00123146933038, 0.000407737650676, 5.70475276618e-005, 6.04537353865e-006, 1.96273106212e-007, 3.06036140874e-010, 5.43055267421e-010]
    },
    "gfcc": {
        "mean": [-121.440238953, 164.18572998, -138.186508179, -27.9320755005, -56.3092308044, -13.1530132294, -37.3713798523, -5.85628986359, -22.9476928711, -5.29347610474, -12.4921350479, -8.34577465057, -10.8426465988],
        "cov": [[12376.9794922, -1423.60314941, -2105.97167969, 774.94543457, -112.173202515, 284.965118408, -102.296272278, 379.117553711, -38.8620834351, -97.1265411377, -309.393554688, -88.2101364136, -73.6299972534], [-1423.60314941, 1901.20007324, 611.375854492, -260.764648438, 548.506408691, -222.055282593, 237.519226074, -266.958618164, 166.300247192, -124.087158203, 139.459884644, -190.528701782, 4.69126749039], [-2105.97167969, 611.375854492, 1019.19671631, 97.0727996826, 209.066436768, 138.776672363, 52.8822288513, -15.5430250168, 2.4709148407, -2.42460727692, 25.9546318054, -10.1878767014, -53.4699630737], [774.94543457, -260.764648438, 97.0727996826, 725.789550781, 215.507766724, 172.45123291, 45.8594512939, 122.563392639, 41.0988006592, 21.4237251282, -68.0755081177, 5.8197221756, -59.0762329102], [-112.173202515, 548.506408691, 209.066436768, 215.507766724, 438.428894043, 56.815990448, 98.5986404419, -7.64590501785, 75.9324111938, -33.1515884399, 3.00287055969, -67.7338409424, -28.8481464386], [284.965118408, -222.055282593, 138.776672363, 172.45123291, 56.815990448, 277.28503418, 17.6760845184, 112.465621948, -16.6844062805, 27.9358520508, -49.4526329041, 26.7750167847, -29.6906070709], [-102.296272278, 237.519226074, 52.8822288513, 45.8594512939, 98.5986404419, 17.6760845184, 166.675170898, 26.0234088898, 53.8447570801, 0.546352088451, 18.3593235016, -22.8466968536, -7.22850370407], [379.117553711, -266.958618164, -15.5430250168, 122.563392639, -7.64590501785, 112.465621948, 26.0234088898, 178.681533813, 25.9233932495, 33.3457450867, -30.9478054047, 35.64818573, -17.6790962219], [-38.8620834351, 166.300247192, 2.4709148407, 41.0988006592, 75.9324111938, -16.6844062805, 53.8447570801, 25.9233932495, 150.252853394, 45.2432174683, 22.2885169983, -20.1614685059, -6.83408117294], [-97.1265411377, -124.087158203, -2.42460727692, 21.4237251282, -33.1515884399, 27.9358520508, 0.546352088451, 33.3457450867, 45.2432174683, 118.19278717, 39.3778610229, 24.9169044495, -5.78259706497], [-309.393554688, 139.459884644, 25.9546318054, -68.0755081177, 3.00287055969, -49.4526329041, 18.3593235016, -30.9478054047, 22.2885169983, 39.3778610229, 120.367683411, 29.9493999481, 5.47300481796], [-88.2101364136, -190.528701782, -10.1878767014, 5.8197221756, -67.7338409424, 26.7750167847, -22.8466968536, 35.64818573, -20.1614685059, 24.9169044495, 29.9493999481, 113.865119934, 30.1270542145], [-73.6299972534, 4.69126749039, -53.4699630737, -59.0762329102, -28.8481464386, -29.6906070709, -7.22850370407, -17.6790962219, -6.83408117294, -5.78259706497, 5.47300481796, 30.1270542145, 84.7024536133]],
        "icov": [[0.000250055891229, -0.000722752243746, 0.000927919114474, -0.000560243148357, 0.000641482532956, -0.000679346441757, 0.000655237119645, -0.000715481874067, 0.000497228465974, -0.0001660806156, 0.000347602297552, -7.25137579138e-005, 0.000371460191673], [-0.000722752243746, 0.00748861115426, -0.00516098225489, 0.00407433696091, -0.00668609654531, 0.00409709662199, -0.00551397493109, 0.00562473293394, -0.00505580939353, 0.00452003767714, -0.00425465870649, 0.00342585402541, -0.00263984710909], [0.000927919114474, -0.00516098225489, 0.00581579143181, -0.0031079268083, 0.00408144993708, -0.00424652732909, 0.0039634546265, -0.00373939191923, 0.00361342146061, -0.00242030271329, 0.00244757067412, -0.0020477862563, 0.00275196065195], [-0.000560243148357, 0.00407433696091, -0.0031079268083, 0.00453773932531, -0.00485252635553, 0.00212788302451, -0.00312716350891, 0.00260437140241, -0.00276767858304, 0.00157134071924, -0.000903128588106, 0.000551541801542, -0.000393664260628], [0.000641482532956, -0.00668609654531, 0.00408144993708, -0.00485252635553, 0.010271047242, -0.00470616249368, 0.00389311485924, -0.0041220956482, 0.00260346080177, -0.00183523457963, 0.00220732018352, -0.000963962229434, 0.00172537460458], [-0.000679346441757, 0.00409709662199, -0.00424652732909, 0.00212788302451, -0.00470616249368, 0.0095141036436, -0.00367313669994, 0.000240418579779, -0.00050717004342, -0.000361190963304, 0.000511332647875, 1.84512173291e-005, -0.000650391215459], [0.000655237119645, -0.00551397493109, 0.0039634546265, -0.00312716350891, 0.00389311485924, -0.00367313669994, 0.012229770422, -0.00602081790566, 0.00174689351115, -0.00175670359749, 0.000752351013944, -0.000500125461258, 0.0011716184672], [-0.000715481874067, 0.00562473293394, -0.00373939191923, 0.00260437140241, -0.0041220956482, 0.000240418579779, -0.00602081790566, 0.0145914657041, -0.00609186617658, 0.00222717458382, -0.000475549022667, -0.00130705838092, -0.000109370324935], [0.000497228465974, -0.00505580939353, 0.00361342146061, -0.00276767858304, 0.00260346080177, -0.00050717004342, 0.00174689351115, -0.00609186617658, 0.0140922423452, -0.00789781846106, 0.00272953882813, -0.000509953068104, 0.00125229405239], [-0.0001660806156, 0.00452003767714, -0.00242030271329, 0.00157134071924, -0.00183523457963, -0.000361190963304, -0.00175670359749, 0.00222717458382, -0.00789781846106, 0.0168505702168, -0.0081177437678, 0.00241787731647, -0.00108566111885], [0.000347602297552, -0.00425465870649, 0.00244757067412, -0.000903128588106, 0.00220732018352, 0.000511332647875, 0.000752351013944, -0.000475549022667, 0.00272953882813, -0.0081177437678, 0.0170609373599, -0.00834690127522, 0.00388143351302], [-7.25137579138e-005, 0.00342585402541, -0.0020477862563, 0.000551541801542, -0.000963962229434, 1.84512173291e-005, -0.000500125461258, -0.00130705838092, -0.000509953068104, 0.00241787731647, -0.00834690127522, 0.0175016224384, -0.00735987490043], [0.000371460191673, -0.00263984710909, 0.00275196065195, -0.000393664260628, 0.00172537460458, -0.000650391215459, 0.0011716184672, -0.000109370324935, 0.00125229405239, -0.00108566111885, 0.00388143351302, -0.00735987490043, 0.0165685079992]]
    },
    "melbands": {
        "mean": [5.2964034694e-005, 0.000441892130766, 0.000440417672507, 0.000389105582144, 0.000434013432823, 0.000535606232006, 0.000561558757909, 0.000564181769732, 0.000371819245629, 0.000506194017362, 0.000271704600891, 0.000157371905516, 0.000224933144636, 9.76510345936e-005, 8.90647570486e-005, 7.54168213462e-005, 4.99559464515e-005, 2.72188717645e-005, 1.58872990141e-005, 2.46844028879e-005, 9.51848778641e-006, 7.00201189829e-006, 4.69522910862e-006, 3.103445124e-006, 2.77777940028e-006, 1.84255475233e-006, 9.28007864331e-007, 5.94363996242e-007, 2.73458084621e-007, 2.24927802606e-007, 1.99570934001e-007, 1.11632012079e-007, 6.90225334665e-008, 4.41969767451e-008, 4.06654585561e-008, 3.41067440957e-008, 2.47621514404e-008, 2.27035936717e-008, 1.7063054969e-008, 1.44775675892e-008],
        "var": [1.69139671158e-008, 6.79324557495e-007, 5.76766524318e-007, 3.83496285394e-007, 5.12004760367e-007, 9.73220835476e-007, 8.72450243605e-007, 9.60226884672e-007, 5.63738126402e-007, 1.09705854356e-006, 2.78184785429e-007, 1.56367065074e-007, 2.49636627814e-007, 1.67313402244e-007, 7.63495364708e-008, 6.57770726775e-008, 2.2058447513e-008, 7.05864744432e-009, 1.511717862e-009, 5.84579717966e-009, 6.18779527617e-010, 3.52024687178e-010, 1.81756304451e-010, 5.54246544493e-011, 8.68312088897e-011, 3.09114504826e-011, 7.4968191377e-012, 2.19957429007e-012, 5.19904160955e-013, 4.86456415514e-013, 5.07215959771e-013, 8.11777064297e-014, 2.83003465497e-014, 8.63418799619e-015, 9.62834124902e-015, 7.07618905081e-015, 2.38799318962e-015, 1.98422274806e-015, 1.13544163068e-015, 8.885434909e-016]
    },
    "mfcc": {
        "mean": [-761.034362793, 200.746276855, -21.8336524963, -11.7788610458, -11.1403360367, -12.8206653595, -10.8971681595, -9.52369403839, -10.0180511475, -5.45683717728, -4.07836532593, -4.15761756897, -3.61867499352],
        "cov": [[10850.703125, -272.316162109, -2286.02319336, 438.986633301, -196.698135376, -8.05450725555, -10.3380031586, 251.337905884, 223.210021973, 206.648483276, 23.5374107361, -32.6658477783, -76.8797225952], [-272.316162109, 1668.6706543, 124.704727173, -93.072227478, 224.134567261, 52.9599571228, 50.8310089111, -59.989025116, -30.2946720123, -45.8802947998, 17.3235664368, -2.92646598816, 13.6389484406], [-2286.02319336, 124.704727173, 1059.25952148, 15.3597316742, 210.643295288, 124.381896973, 92.8728256226, 37.1646232605, -3.59533858299, -14.792840004, 26.5867729187, 39.900894165, 38.3338050842], [438.986633301, -93.072227478, 15.3597316742, 483.658966064, 238.906158447, 138.37361145, 87.3308181763, 88.9761810303, 94.1567687988, 73.408821106, 43.0874252319, 29.5851078033, 15.012594223], [-196.698135376, 224.134567261, 210.643295288, 238.906158447, 397.883758545, 169.716079712, 96.4284362793, 81.7131958008, 70.1690750122, 53.25207901, 33.6648750305, 19.6038455963, 9.1020860672], [-8.05450725555, 52.9599571228, 124.381896973, 138.37361145, 169.716079712, 191.391143799, 85.8953170776, 51.8590278625, 60.1837844849, 42.9429283142, 36.7887077332, 18.810295105, 0.454612821341], [-10.3380031586, 50.8310089111, 92.8728256226, 87.3308181763, 96.4284362793, 85.8953170776, 150.988327026, 75.5102844238, 32.4778327942, 23.7379055023, 15.7474842072, 13.366443634, 18.1601581573], [251.337905884, -59.989025116, 37.1646232605, 88.9761810303, 81.7131958008, 51.8590278625, 75.5102844238, 154.007537842, 78.5098342896, 22.9075031281, 18.9427890778, 9.47650337219, 15.9538440704], [223.210021973, -30.2946720123, -3.59533858299, 94.1567687988, 70.1690750122, 60.1837844849, 32.4778327942, 78.5098342896, 147.357574463, 71.3162384033, 29.4474716187, 12.9501094818, -0.27516618371], [206.648483276, -45.8802947998, -14.792840004, 73.408821106, 53.25207901, 42.9429283142, 23.7379055023, 22.9075031281, 71.3162384033, 130.466842651, 53.9744796753, 17.8933200836, 4.31994867325], [23.5374107361, 17.3235664368, 26.5867729187, 43.0874252319, 33.6648750305, 36.7887077332, 15.7474842072, 18.9427890778, 29.4474716187, 53.9744796753, 116.298439026, 65.3209609985, 2.8988764286], [-32.6658477783, -2.92646598816, 39.900894165, 29.5851078033, 19.6038455963, 18.810295105, 13.366443634, 9.47650337219, 12.9501094818, 17.8933200836, 65.3209609985, 122.547981262, 53.8825492859], [-76.8797225952, 13.6389484406, 38.3338050842, 15.012594223, 9.1020860672, 0.454612821341, 18.1601581573, 15.9538440704, -0.27516618371, 4.31994867325, 2.8988764286, 53.8825492859, 129.137084961]],
        "icov": [[0.000210419239011, -5.13534942002e-005, 0.000459514732938, -0.00015296980564, 0.000151322659804, -0.000217188004171, 0.000109677537694, -0.000509123899974, 0.000154150067829, -0.000274853606243, 0.000174168046215, -0.000140319156344, 0.000113806541776], [-5.13534942002e-005, 0.000820337212645, -1.89407383004e-005, 0.000533087819349, -0.000973898859229, 0.000305345485685, -0.000580242602155, 0.000996151007712, -0.000430594518548, 0.000764087366406, -0.000676431402098, 0.000419878284447, -0.000333951378707], [0.000459514732938, -1.89407383004e-005, 0.00218768743798, 0.000128763436805, -0.000447842321591, -0.000845732924063, -0.000194171763724, -0.000934881856665, 0.000447506434284, -0.000131765118567, 0.000106520179543, -0.000391381996451, -4.5189201046e-005], [-0.00015296980564, 0.000533087819349, 0.000128763436805, 0.00380675098859, -0.00227840780281, -0.00041813601274, -0.000745033554267, 0.000479526555864, -0.000885839515831, 0.000126712708152, -0.000505139876623, 1.32631994347e-005, -0.000420868309448], [0.000151322659804, -0.000973898859229, -0.000447842321591, -0.00227840780281, 0.00638955179602, -0.00331510673277, 0.000768853293266, -0.0022787428461, 0.000934851297643, -0.00161116989329, 0.00131925009191, -0.000525850336999, 0.000571154174395], [-0.000217188004171, 0.000305345485685, -0.000845732924063, -0.00041813601274, -0.00331510673277, 0.011188481003, -0.00425817351788, 0.00246611284092, -0.00279428483918, 0.000896102632396, -0.00204269355163, 0.000472497049486, 0.000439306517364], [0.000109677537694, -0.000580242602155, -0.000194171763724, -0.000745033554267, 0.000768853293266, -0.00425817351788, 0.0119942454621, -0.00606936449185, 0.00294038886204, -0.00213860091753, 0.00152195466217, -0.000696365430485, -0.000371064757928], [-0.000509123899974, 0.000996151007712, -0.000934881856665, 0.000479526555864, -0.0022787428461, 0.00246611284092, -0.00606936449185, 0.0146339684725, -0.00754376640543, 0.00462105497718, -0.00317110214382, 0.00230775494128, -0.00205138558522], [0.000154150067829, -0.000430594518548, 0.000447506434284, -0.000885839515831, 0.000934851297643, -0.00279428483918, 0.00294038886204, -0.00754376640543, 0.014217466116, -0.00705900602043, 0.00230874936096, -0.00172224373091, 0.00150302436668], [-0.000274853606243, 0.000764087366406, -0.000131765118567, 0.000126712708152, -0.00161116989329, 0.000896102632396, -0.00213860091753, 0.00462105497718, -0.00705900602043, 0.0146690700203, -0.00718406960368, 0.00331300287507, -0.00210653059185], [0.000174168046215, -0.000676431402098, 0.000106520179543, -0.000505139876623, 0.00131925009191, -0.00204269355163, 0.00152195466217, -0.00317110214382, 0.00230874936096, -0.00718406960368, 0.0178760290146, -0.0103912092745, 0.00447387760505], [-0.000140319156344, 0.000419878284447, -0.000391381996451, 1.32631994347e-005, -0.000525850336999, 0.000472497049486, -0.000696365430485, 0.00230775494128, -0.00172224373091, 0.00331300287507, -0.0103912092745, 0.0164393149316, -0.00690557295457], [0.000113806541776, -0.000333951378707, -4.5189201046e-005, -0.000420868309448, 0.000571154174395, 0.000439306517364, -0.000371064757928, -0.00205138558522, 0.00150302436668, -0.00210653059185, 0.00447387760505, -0.00690557295457, 0.0110274814069]]
    },
    "spectral_contrast_coeffs": {
        "mean": [-0.551662027836, -0.663996756077, -0.683170258999, -0.71141409874, -0.752564787865, -0.778963506222],
        "var": [0.0109623139724, 0.00605171965435, 0.00667439959943, 0.00489184446633, 0.00455388566479, 0.00389894889668]
    },
    "spectral_contrast_valleys": {
        "mean": [-8.91903114319, -7.03204107285, -7.85760164261, -8.8609495163, -9.78832149506, -12.903960228],
        "var": [1.44048511982, 1.33915185928, 1.50898075104, 1.29592657089, 1.3215277195, 1.37875831127]
    }
},
"metadata": {
    "audio_properties": {
        "analysis_sample_rate": 44100,
        "bit_rate": 128000,
        "equal_loudness": 0,
        "length": 235.232650757,
        "lossless": 0,
        "replay_gain": -8.30738449097,
        "sample_rate": 44100,
        "codec": "mp3",
        "downmix": "mix",
        "md5_encoded": "9cfa85ff1214493d672c746fc51e5a43"
    },
    "tags": {
        "file_name": "2009.mp3"
    },
    "version": {
        "essentia": "2.1-beta2",
        "essentia_git_sha": "v2.1_beta2",
        "extractor": "music 1.0"
    }
},
"rhythm": {
    "beats_count": 456,
    "beats_loudness": {
        "mean": 0.029014216736,
        "var": 0.000601166917477
    },
    "bpm": 117.902412415,
    "bpm_histogram_first_peak_bpm": {
        "mean": 117,
        "var": 0
    },
    "bpm_histogram_first_peak_spread": {
        "mean": 0.593495965004,
        "var": 0
    },
    "bpm_histogram_first_peak_weight": {
        "mean": 0.109890110791,
        "var": 0
    },
    "bpm_histogram_second_peak_bpm": {
        "mean": 112,
        "var": 0
    },
    "bpm_histogram_second_peak_spread": {
        "mean": 0.546875,
        "var": 0
    },
    "bpm_histogram_second_peak_weight": {
        "mean": 0.0637362673879,
        "var": 0
    },
    "danceability": 0.955657184124,
    "onset_rate": 2.26564621925,
    "beats_loudness_band_ratio": {
        "mean": [0.152382329106, 0.272370845079, 0.419442802668, 0.192853346467, 0.0405315384269, 0.00446367263794],
        "var": [0.0341937430203, 0.0418197661638, 0.0424625091255, 0.0275617018342, 0.00431384937838, 0.000121112236229]
    },
    "beats_position": [0.53405892849, 1.06811785698, 1.60217678547, 2.13623571396, 2.67029476166, 3.19274377823, 3.7151927948, 4.22603178024, 4.73687076569, 5.25931978226, 5.7701587677, 6.31582736969, 6.86149644852, 7.40716552734, 7.94122457504, 8.47528362274, 9.0093421936, 9.54340076447, 10.077460289, 10.6115188599, 11.1455783844, 11.6912469864, 12.2136955261, 12.7245349884, 13.2469835281, 13.7694330215, 14.2918815613, 14.8143310547, 15.2787294388, 15.7547388077, 16.2307472229, 16.7648067474, 17.3104763031, 17.8561439514, 18.3785934448, 18.9126529694, 19.3190021515, 19.7137413025, 20.1200904846, 20.5148296356, 20.8863487244, 21.2578678131, 21.640996933, 22.0241260529, 22.3840351105, 22.7439460754, 23.1154651642, 23.4869842529, 23.8468933105, 24.2184123993, 24.589931488, 24.9614505768, 25.3910198212, 25.8205890656, 26.2501583099, 26.6797275543, 27.0512466431, 27.4343757629, 27.8175048828, 28.2006340027, 28.5837631226, 28.9785022736, 29.3732414246, 29.7563705444, 30.1394996643, 30.5226306915, 30.9057598114, 31.3004989624, 31.6952381134, 32.0899772644, 32.4731063843, 32.8562355042, 33.2277526855, 33.5992736816, 33.9824028015, 34.3655319214, 34.7602729797, 35.1550102234, 35.5497512817, 35.9444885254, 36.3392295837, 36.7339668274, 37.151927948, 37.5582771301, 37.976234436, 38.3825836182, 38.7889328003, 39.1952819824, 39.613243103, 40.0195922852, 40.4259414673, 40.8322906494, 41.2386398315, 41.6914291382, 42.1442184448, 42.5970077515, 43.0497932434, 43.50258255, 43.9553718567, 44.4081611633, 44.8377304077, 45.2672996521, 45.6968688965, 46.1148300171, 46.532787323, 46.9507484436, 47.3687057495, 47.8214950562, 48.262676239, 48.7038536072, 49.1334228516, 49.5629920959, 49.9925613403, 50.4337387085, 50.9213600159, 51.4089775085, 52.0126991272, 52.6164169312, 53.2201347351, 53.8122444153, 54.4043540955, 54.9848518372, 55.5653495789, 56.1458511353, 56.668296814, 57.1907463074, 57.7248077393, 58.2820854187, 58.8393630981, 59.3966445923, 59.9539222717, 60.4995918274, 61.0568695068, 61.6141471863, 62.1830368042, 62.7519264221, 63.3324241638, 63.9013137817, 64.470199585, 65.0390930176, 65.6079788208, 66.1768722534, 66.7341461182, 67.2914276123, 67.8487091064, 68.4292068481, 69.0097045898, 69.566986084, 70.1242599487, 70.6815414429, 71.238822937, 71.8077087402, 72.3765945435, 72.9570999146, 73.5259857178, 74.094871521, 74.6637649536, 75.2210388184, 75.789932251, 76.3472061157, 76.9044876099, 77.461769104, 78.0074386597, 78.5531082153, 79.1103820801, 79.6676635742, 80.2249450684, 80.6661224365, 81.1189117432, 81.5717010498, 82.0244903564, 82.4772796631, 82.9300689697, 83.4525146484, 83.9749679565, 84.4974136353, 85.019859314, 85.5423126221, 86.0647583008, 86.5872116089, 87.0980453491, 87.6088867188, 88.1197280884, 88.6305618286, 89.1297912598, 89.6406326294, 90.1398620605, 90.6507034302, 91.1615371704, 91.67237854, 92.1716079712, 92.6708374023, 93.181678772, 93.6925125122, 94.2033538818, 94.7141952515, 95.2250289917, 95.7358703613, 96.246711731, 96.7575454712, 97.2683868408, 97.7792282104, 98.2784576416, 98.7776870728, 99.2769165039, 99.7761459351, 100.286979675, 100.797821045, 101.297050476, 101.796279907, 102.307121277, 102.817955017, 103.328796387, 103.839637756, 104.338867188, 104.838096619, 105.33732605, 105.964263916, 106.602806091, 107.229751587, 107.868293762, 108.506843567, 109.133781433, 109.772331238, 110.399269104, 111.037818909, 111.664756775, 112.291702271, 112.930244446, 113.56879425, 114.195732117, 114.834281921, 115.461219788, 116.099769592, 116.738319397, 117.38848114, 117.922538757, 118.456596375, 118.979042053, 119.489883423, 119.989112854, 120.488342285, 120.999183655, 121.521629333, 122.044082642, 122.578140259, 123.112197876, 123.773963928, 124.424125671, 125.062675476, 125.689613342, 126.316551208, 126.955101013, 127.593650818, 128.25541687, 128.917190552, 129.590560913, 130.229110718, 130.879272461, 131.506210327, 132.144760132, 132.794921875, 133.43347168, 134.072021484, 134.698959351, 135.325897217, 135.964447021, 136.602996826, 137.241546631, 137.891693115, 138.437362671, 138.971420288, 139.505477905, 140.039550781, 140.573608398, 141.107666016, 141.641723633, 142.17578125, 142.709838867, 143.232284546, 143.754730225, 144.265579224, 144.776412964, 145.275650024, 145.786483765, 146.297317505, 146.796554565, 147.295776367, 147.795013428, 148.282623291, 148.781860352, 149.281082153, 149.780319214, 150.279541016, 150.790390015, 151.289611816, 151.788833618, 152.288070679, 152.78729248, 153.274917603, 153.785751343, 154.296600342, 154.784210205, 155.283447266, 155.782669067, 156.281906128, 156.78112793, 157.291976929, 157.779586792, 158.255599976, 158.731613159, 159.219223022, 159.706848145, 160.194458008, 160.68208313, 161.19291687, 161.703765869, 162.202987671, 162.702224731, 163.213058472, 163.723892212, 164.246353149, 164.768798828, 165.279632568, 165.802078247, 166.324539185, 166.858596802, 167.392654419, 167.926712036, 168.437545776, 168.948379517, 169.459228516, 169.970062256, 170.469299316, 170.968521118, 171.467758179, 171.978591919, 172.477813721, 172.98866272, 173.476272583, 173.975509644, 174.474731445, 174.962356567, 175.449981689, 175.949203491, 176.448425293, 176.959274292, 177.458496094, 177.957733154, 178.32925415, 178.700775146, 179.083892822, 179.467025757, 179.86177063, 180.256500244, 180.651245117, 181.034378052, 181.429107666, 181.800628662, 182.172149658, 182.532058716, 182.903579712, 183.275100708, 183.646621704, 184.029754639, 184.412872314, 184.784393311, 185.179138184, 185.573867798, 185.945388794, 186.31690979, 186.688430786, 187.036727905, 187.361816406, 187.710113525, 188.058410645, 188.429931641, 188.801452637, 189.172973633, 189.53288269, 189.892791748, 190.241088867, 190.600997925, 190.972518921, 191.344039917, 191.843261719, 192.342483521, 192.841720581, 193.422225952, 194.002716064, 194.687713623, 195.372695923, 196.069290161, 196.742675781, 197.416046143, 198.066207886, 198.727981567, 199.354919434, 199.993469238, 200.620407104, 201.247344971, 201.862670898, 202.501220703, 203.128158569, 203.755096436, 204.370422363, 204.985748291, 205.589477539, 206.193191528, 206.773696899, 207.36579895, 207.95791626, 208.561630249, 209.1537323, 209.722625732, 210.279907227, 210.825576782, 211.394470215, 211.986572266, 212.578674316, 213.182403564, 213.774505615, 214.378234863, 214.993560791, 215.608886719, 216.224212646, 216.851150513, 217.478088379, 218.081817627, 218.673919678, 219.266021729, 219.869750977, 220.496688843, 221.146850586, 221.79699707, 222.447158813, 223.085708618, 223.724258423, 224.351196289, 225.001358032, 225.639907837, 226.266845703, 226.893783569, 227.520721436, 228.147659302, 228.774597168, 229.355102539, 229.935592651, 230.516098022, 231.108200073, 231.665481567, 232.222763062, 232.791656494, 233.348922729, 233.917816162, 234.486709595]
},
"tonal": {
    "chords_changes_rate": 0.0442076176405,
    "chords_number_rate": 0.0025656206999,
    "chords_strength": {
        "mean": 0.511985599995,
        "var": 0.0133701972663
    },
    "hpcp_entropy": {
        "mean": 1.59124219418,
        "var": 0.436368584633
    },
    "key_strength": 0.793516159058,
    "tuning_diatonic_strength": 0.544351756573,
    "tuning_equal_tempered_deviation": 0.00253980001435,
    "tuning_frequency": 440.254241943,
    "tuning_nontempered_energy_ratio": 0.634276330471,
    "hpcp": {
        "mean": [0.136096984148, 0.0879493281245, 0.0343101583421, 0.0319740623236, 0.0271982215345, 0.158837586641, 0.325578182936, 0.23121444881, 0.227651253343, 0.334632992744, 0.18750564754, 0.0528349727392, 0.0521613582969, 0.0408928915858, 0.0675182119012, 0.122871525586, 0.0801280289888, 0.0394504964352, 0.0579810626805, 0.050563942641, 0.150986835361, 0.299075603485, 0.193301126361, 0.0766317918897, 0.104775257409, 0.0699915960431, 0.0738289654255, 0.131645470858, 0.0974376797676, 0.18363982439, 0.334625333548, 0.203999578953, 0.0921516120434, 0.1347515136, 0.0890201330185, 0.0812978819013],
        "var": [0.0710092559457, 0.0319856517017, 0.00663714855909, 0.0130403814837, 0.00806458853185, 0.0390181392431, 0.130703911185, 0.0650987178087, 0.0791220590472, 0.14084854722, 0.0605267696083, 0.0125462720171, 0.0223872084171, 0.0136472638696, 0.0171808507293, 0.0539494454861, 0.0250119641423, 0.0077285352163, 0.0260487850755, 0.0149116460234, 0.0399561300874, 0.134464487433, 0.0678758770227, 0.0214674416929, 0.0589712969959, 0.0287732575089, 0.0198500081897, 0.0700679346919, 0.0334692709148, 0.0517872869968, 0.148140951991, 0.0616401284933, 0.0280212014914, 0.0753055214882, 0.033066149801, 0.0242372527719]
    },
    "chords_histogram": [29.3664894104, 13.7162027359, 10.8150777817, 0.789421737194, 0.434181958437, 2.99980258942, 1.40122365952, 0.671008467674, 6.3745803833, 0.651272952557, 5.13124132156, 0.118413262069, 0.374975323677, 0, 0.592066287994, 3.74975323677, 3.73001766205, 0.197355434299, 0.118413262069, 1.87487661839, 0.651272952557, 1.24333930016, 4.36155509949, 10.6374578476],
    "thpcp": [1, 0.560332238674, 0.157889306545, 0.155876323581, 0.122202210128, 0.20176795125, 0.367182940245, 0.239450469613, 0.117891833186, 0.173267617822, 0.151102676988, 0.451201289892, 0.893742144108, 0.577651143074, 0.229002505541, 0.313104987144, 0.20915928483, 0.220626682043, 0.393402546644, 0.291177749634, 0.548779785633, 0.999977111816, 0.609621822834, 0.275381118059, 0.402684479952, 0.266023188829, 0.242946401238, 0.406705230474, 0.26282325387, 0.102530710399, 0.0955496430397, 0.0812777653337, 0.474662065506, 0.972941100597, 0.690949320793, 0.680301308632],
    "chords_key": "C",
    "chords_scale": "major",
    "key_key": "C",
    "key_scale": "major"
}
}