{
"lowlevel": {
    "average_loudness": 0.51062297821,
    "barkbands_crest": {
        "mean": 14.3468036652,
        "var": 22.3136196136
    },
    "barkbands_flatness_db": {
        "mean": 0.355552792549,
        "var": 0.00338862789795
    },
    "barkbands_kurtosis": {
        "mean": 9.91009902954,
        "var": 383.329406738
    },
    "barkbands_skewness": {
        "mean": 2.3254005909,
        "var": 2.32662010193
    },
    "barkbands_spread": {
        "mean": 5.56663227081,
        "var": 14.6823539734
    },
    "dissonance": {
        "mean": 0.369775831699,
        "var": 0.00301818992011
    },
    "dynamic_complexity": 4.81325960159,
    "erbbands_crest": {
        "mean": 15.2302284241,
        "var": 26.6516914368
    },
    "erbbands_flatness_db": {
        "mean": 0.383779078722,
        "var": 0.00240029441193
    },
    "erbbands_kurtosis": {
        "mean": 2.59389138222,
        "var": 31.7893619537
    },
    "erbbands_skewness": {
        "mean": 1.35409080982,
        "var": 0.842418909073
    },
    "erbbands_spread": {
        "mean": 14.3463115692,
        "var": 47.9705734253
    },
    "hfc": {
        "mean": 9.18593788147,
        "var": 126.6326828
    },
    "melbands_crest": {
        "mean": 16.8638629913,
        "var": 31.8198814392
    },
    "melbands_flatness_db": {
        "mean": 0.421389102936,
        "var": 0.00478053884581
    },
    "melbands_kurtosis": {
        "mean": 12.1361179352,
        "var": 190.125823975
    },
    "melbands_skewness": {
        "mean": 2.31822657585,
        "var": 1.72174572945
    },
    "melbands_spread": {
        "mean": 7.71497344971,
        "var": 65.5076293945
    },
    "pitch_salience": {
        "mean": 0.445811510086,
        "var": 0.0156793370843
    },
    "silence_rate_20dB": {
        "mean": 1,
        "var": 0
    },
    "silence_rate_30dB": {
        "mean": 0.995365619659,
        "var": 0.00461299391463
    },
    "silence_rate_60dB": {
        "mean": 0.196189492941,
        "var": 0.15770304203
    },
    "spectral_centroid": {
        "mean": 641.433898926,
        "var": 213076.4375
    },
    "spectral_complexity": {
        "mean": 9.18125629425,
        "var": 31.9434585571
    },
    "spectral_decrease": {
        "mean": -4.2475369888e-009,
        "var": 2.31623789861e-017
    },
    "spectral_energy": {
        "mean": 0.0168643817306,
        "var": 0.000367071508663
    },
    "spectral_energyband_high": {
        "mean": 1.27667208289e-005,
        "var": 3.75684905407e-009
    },
    "spectral_energyband_low": {
        "mean": 0.000163270291523,
        "var": 1.192931677e-006
    },
    "spectral_energyband_middle_high": {
        "mean": 0.00169788580388,
        "var": 6.36585718894e-006
    },
    "spectral_energyband_middle_low": {
        "mean": 0.015182139352,
        "var": 0.000291994045256
    },
    "spectral_entropy": {
        "mean": 5.7373085022,
        "var": 0.401265621185
    },
    "spectral_flux": {
        "mean": 0.0239678733051,
        "var": 0.000902070954908
    },
    "spectral_kurtosis": {
        "mean": 42.7694168091,
        "var": 894.494567871
    },
    "spectral_rms": {
        "mean": 0.00347722065635,
        "var": 4.36200389231e-006
    },
    "spectral_rolloff": {
        "mean": 717.049560547,
        "var": 1076886.5
    },
    "spectral_skewness": {
        "mean": 4.04014158249,
        "var": 3.58798909187
    },
    "spectral_spread": {
        "mean": 1516321,
        "var": 3.1469052887e+012
    },
    "spectral_strongpeak": {
        "mean": 1.38546442986,
        "var": 0.92993927002
    },
    "zerocrossingrate": {
        "mean": 0.0296013597399,
        "var": 0.000802030495834
    },
    "barkbands": {
        "mean": [2.82074006464e-006, 3.00721421809e-006, 2.90972930088e-005, 0.000355722324457, 0.00209603225812, 0.00372137664817, 0.0064160535112, 0.00150378933176, 0.000941346108448, 0.000255922204815, 0.000170668165083, 0.000271476834314, 0.000290302705253, 0.000138737290399, 0.000250323384535, 0.000106378662167, 0.000181241455721, 7.22345575923e-005, 3.61828388122e-005, 1.43996639963e-005, 5.08862467541e-006, 1.89793593108e-006, 2.47306815027e-007, 2.61871626606e-008, 9.23593823643e-009, 7.90650156457e-010, 7.27130355926e-010],
        "var": [8.86236084519e-011, 5.15999985795e-011, 2.73812723606e-008, 2.21512436838e-006, 1.25708384076e-005, 4.59289876744e-005, 9.77310482995e-005, 6.48440482109e-006, 1.04161381387e-005, 3.27134756617e-007, 7.07189258264e-008, 3.67204563645e-007, 4.7256128255e-007, 1.12977261324e-007, 2.06137670489e-007, 4.60852227491e-008, 6.85161410274e-007, 2.75324438803e-008, 1.30185338065e-008, 4.03538225058e-009, 6.16066808679e-010, 2.66237476509e-010, 4.63242205012e-012, 4.52798876952e-014, 2.26616380555e-014, 2.19774874264e-017, 1.21125455031e-017]
    },
    "erbbands": {
        "mean": [7.9657205788e-005, 0.00129327911418, 0.0306834299117, 0.691044569016, 5.03654623032, 7.33259677887, 6.93707561493, 33.1475753784, 88.0250015259, 58.9014854431, 48.0822257996, 19.748380661, 14.9860229492, 8.47724723816, 4.62978076935, 14.1135158539, 14.6370429993, 10.1633749008, 9.51172065735, 9.17687320709, 8.8401260376, 6.97322416306, 4.1253194809, 3.18429946899, 0.978348970413, 0.70815384388, 0.316734761, 0.160369604826, 0.0666780471802, 0.0177775472403, 0.00635458016768, 0.00107408850454, 0.000338459125487, 0.000187894140254, 3.15512661473e-005, 1.28776709971e-005, 6.95322523825e-006, 1.77547633484e-006, 8.3597997218e-006, 1.91684903257e-005],
        "var": [2.69189861513e-008, 8.98692724149e-006, 0.0227522701025, 9.78594875336, 59.9562721252, 278.058288574, 149.860321045, 3596.20654297, 17807.9316406, 10601.9248047, 7762.21435547, 3042.13232422, 1103.13513184, 131.590515137, 37.7874221802, 959.634277344, 1178.19165039, 436.211761475, 330.387237549, 274.065338135, 553.025817871, 851.130004883, 83.8952102661, 83.4929122925, 10.8927087784, 10.6952991486, 1.97157502174, 0.675972938538, 0.29465213418, 0.0216027498245, 0.0033991727978, 5.88896691625e-005, 1.27560624605e-005, 7.91129059508e-006, 5.71461988841e-008, 8.47877823507e-010, 1.29144001049e-010, 1.29022877451e-011, 9.23398371655e-011, 4.79354445027e-010]
    },
    "gfcc": {
        "mean": [-218.842941284, 200.376281738, -187.482711792, -46.7166595459, -39.1779403687, -65.7384567261, -36.0469818115, -23.9002494812, -10.6186208725, -7.18690681458, -7.73002004623, -12.2908840179, -7.82878780365],
        "cov": [[14827.9248047, 1752.23266602, -2247.09033203, 1676.36340332, -316.761810303, -1571.65527344, 303.308013916, -1458.56469727, -365.907745361, -856.77923584, -77.4130630493, -64.3779830933, 33.9689254761], [1752.23266602, 840.82421875, -209.619903564, -63.5323448181, 163.332473755, -381.217407227, -65.5657196045, -248.298751831, -207.482727051, -202.479751587, -34.5722541809, -85.2281951904, -8.51940250397], [-2247.09033203, -209.619903564, 663.067749023, -186.207199097, 77.8413925171, 332.874053955, -163.990997314, 168.422103882, 10.1755046844, 71.1558227539, 0.120660886168, 0.646029949188, -109.112945557], [1676.36340332, -63.5323448181, -186.207199097, 650.957519531, -80.1902694702, -40.5389785767, 169.043121338, -212.550949097, -60.8642883301, -114.183753967, -67.0420227051, -47.8012123108, -37.2946929932], [-316.761810303, 163.332473755, 77.8413925171, -80.1902694702, 218.560150146, 17.128868103, -13.9246101379, 28.4698028564, -38.6344604492, -5.91614198685, -4.46136760712, -8.36379909515, -12.3091487885], [-1571.65527344, -381.217407227, 332.874053955, -40.5389785767, 17.128868103, 443.089447021, 20.7158145905, 172.980010986, 86.5789108276, 129.580688477, -26.9747447968, -4.85582113266, -48.8654899597], [303.308013916, -65.5657196045, -163.990997314, 169.043121338, -13.9246101379, 20.7158145905, 215.031570435, 0.425511032343, 0.830305457115, 33.7450408936, -36.486869812, -52.6090888977, 24.3109302521], [-1458.56469727, -248.298751831, 168.422103882, -212.550949097, 28.4698028564, 172.980010986, 0.425511032343, 277.355834961, 114.470619202, 141.866394043, 40.8605995178, 18.3979892731, 19.2309150696], [-365.907745361, -207.482727051, 10.1755046844, -60.8642883301, -38.6344604492, 86.5789108276, 0.830305457115, 114.470619202, 171.893951416, 110.226280212, 31.4706172943, 60.6966514587, 33.6054611206], [-856.77923584, -202.479751587, 71.1558227539, -114.183753967, -5.91614198685, 129.580688477, 33.7450408936, 141.866394043, 110.226280212, 184.962417603, 39.0300140381, 18.1847953796, 28.9971446991], [-77.4130630493, -34.5722541809, 0.120660886168, -67.0420227051, -4.46136760712, -26.9747447968, -36.486869812, 40.8605995178, 31.4706172943, 39.0300140381, 108.095069885, 75.999710083, 8.87663936615], [-64.3779830933, -85.2281951904, 0.646029949188, -47.8012123108, -8.36379909515, -4.85582113266, -52.6090888977, 18.3979892731, 60.6966514587, 18.1847953796, 75.999710083, 176.710388184, 46.243183136], [33.9689254761, -8.51940250397, -109.112945557, -37.2946929932, -12.3091487885, -48.8654899597, 24.3109302521, 19.2309150696, 33.6054611206, 28.9971446991, 8.87663936615, 46.243183136, 118.502159119]],
        "icov": [[0.000536136911251, -0.000998884788714, 0.00132218364161, -0.00101865874603, 0.000506554380991, -0.000243476926698, 0.000549196847714, 0.000662997015752, -0.000984307029285, 0.000434756744653, -0.000521137204487, -0.000109756278107, 0.000657910422888], [-0.000998884788714, 0.00670994771644, -0.00234905164689, 0.00365046481602, -0.00438776100054, 0.00295806257054, -0.00103223195765, 0.00210042973049, 0.00242354627699, 0.000665632018354, 0.000558460364118, 0.00245729694143, -0.00146132870577], [0.00132218364161, -0.00234905164689, 0.00855340156704, -0.00303286104463, 0.000584280875046, -0.00352497468702, 0.00612218305469, -0.000727646634914, 0.000728007988073, -0.000718982948456, 0.000231353551499, -0.00104951718822, 0.00420426158234], [-0.00101865874603, 0.00365046481602, -0.00303286104463, 0.00611143559217, -0.00148295878898, 0.00082118489081, -0.004695515614, 0.00284845056012, 0.000410517997807, 0.00198064441793, 0.000189880796825, 0.00105710641947, -0.000656935211737], [0.000506554380991, -0.00438776100054, 0.000584280875046, -0.00148295878898, 0.00832052808255, -0.00173011235893, -0.000299469567835, -0.00245191552676, 0.00046452411334, -0.000486383883981, 0.000413911126088, -0.002401702106, 0.00111430964898], [-0.000243476926698, 0.00295806257054, -0.00352497468702, 0.00082118489081, -0.00173011235893, 0.00775249209255, -0.00237371469848, -7.24055717001e-005, -0.000265493232291, -0.00171078077983, 0.00329882348888, -0.00047148973681, 0.00124183634762], [0.000549196847714, -0.00103223195765, 0.00612218305469, -0.004695515614, -0.000299469567835, -0.00237371469848, 0.013465013355, -0.00322212395258, 0.00339369149879, -0.00485158804804, 0.00242750556208, 0.000863477936946, 0.000384279963328], [0.000662997015752, 0.00210042973049, -0.000727646634914, 0.00284845056012, -0.00245191552676, -7.24055717001e-005, -0.00322212395258, 0.0141877438873, -0.0062664039433, 0.00177327776328, -0.00523265358061, 0.004114783369, -0.00160914333537], [-0.000984307029285, 0.00242354627699, 0.000728007988073, 0.000410517997807, 0.00046452411334, -0.000265493232291, 0.00339369149879, -0.0062664039433, 0.0172810852528, -0.0084837814793, 0.00512037985027, -0.00470632407814, 0.000143692173879], [0.000434756744653, 0.000665632018354, -0.000718982948456, 0.00198064441793, -0.000486383883981, -0.00171078077983, -0.00485158804804, 0.00177327776328, -0.0084837814793, 0.0170736946166, -0.00767245842144, 0.00460170209408, -0.00315689784475], [-0.000521137204487, 0.000558460364118, 0.000231353551499, 0.000189880796825, 0.000413911126088, 0.00329882348888, 0.00242750556208, -0.00523265358061, 0.00512037985027, -0.00767245842144, 0.0203595329076, -0.00947790034115, 0.00481563759968], [-0.000109756278107, 0.00245729694143, -0.00104951718822, 0.00105710641947, -0.002401702106, -0.00047148973681, 0.000863477936946, 0.004114783369, -0.00470632407814, 0.00460170209408, -0.00947790034115, 0.0136136859655, -0.00610824488103], [0.000657910422888, -0.00146132870577, 0.00420426158234, -0.000656935211737, 0.00111430964898, 0.00124183634762, 0.000384279963328, -0.00160914333537, 0.000143692173879, -0.00315689784475, 0.00481563759968, -0.00610824488103, 0.0153741799295]]
    },
    "melbands": {
        "mean": [7.58858107019e-007, 7.60748389439e-006, 0.000224587420234, 0.00048645681818, 0.000225094350753, 0.000803848379292, 0.00145134562626, 0.00053310993826, 0.000375134637579, 0.000112270638056, 7.22387558199e-005, 3.19549180858e-005, 1.87540808838e-005, 2.8345568353e-005, 2.80744079646e-005, 3.52160277544e-005, 1.53227065312e-005, 1.06477891677e-005, 2.05158994504e-005, 8.30993030831e-006, 1.192712989e-005, 9.40561039897e-006, 3.48967614627e-006, 3.51024664269e-006, 2.71598014479e-006, 6.51823256703e-007, 6.51348159408e-007, 4.13302529978e-007, 2.18843140942e-007, 1.18818931583e-007, 8.20483023745e-008, 4.38788418933e-008, 1.66045595051e-008, 7.49503481501e-009, 4.54179582832e-009, 1.03014741182e-009, 4.32206076484e-010, 2.51305976029e-010, 1.58149132679e-010, 1.23113672035e-010],
        "var": [2.48547948715e-012, 1.37440170356e-009, 3.17350753676e-007, 7.28038685338e-007, 1.93071912236e-007, 2.35789548242e-006, 4.59261900687e-006, 8.16637054868e-007, 6.64173569476e-007, 1.01103729833e-007, 2.79839227346e-008, 2.0959607383e-009, 8.64232352349e-010, 4.16854506469e-009, 4.25107815616e-009, 4.56561943807e-009, 1.2424119511e-009, 6.309477385e-010, 1.75801040392e-009, 2.65336974614e-010, 1.67053504363e-009, 2.0939401324e-009, 6.26707089002e-011, 7.61059548715e-011, 6.87280787837e-011, 4.24837378818e-012, 8.84064089296e-012, 4.0050510651e-012, 9.79631848731e-013, 2.88483971954e-013, 2.26812004508e-013, 1.32049509131e-013, 2.38619904679e-014, 4.34831055033e-015, 1.87070699236e-015, 8.95815692269e-017, 1.12121436899e-017, 8.94150064844e-018, 7.92986206801e-018, 3.64304031607e-018]
    },
    "mfcc": {
        "mean": [-818.771850586, 195.692565918, -54.7757530212, -14.049033165, -9.35710430145, -36.2873802185, -31.0008945465, -24.8995037079, -17.5537242889, -13.0554323196, -4.51919031143, -0.148302778602, -3.700299263],
        "cov": [[9172.59179688, 3014.16748047, -2326.69213867, 1427.25976563, -331.404144287, -385.705413818, -56.6130218506, -462.521484375, -397.489532471, -689.253601074, -586.633972168, -477.401245117, -403.378265381], [3014.16748047, 1639.08068848, -722.664489746, 128.861557007, 104.134040833, -280.809204102, -109.16242218, -196.242904663, -273.570831299, -317.238555908, -287.126373291, -240.954696655, -184.6746521], [-2326.69213867, -722.664489746, 759.904418945, -326.104492188, 77.0913772583, 156.797180176, -0.469506770372, 113.87713623, 77.1267929077, 169.797485352, 141.022277832, 82.6094665527, 99.1446456909], [1427.25976563, 128.861557007, -326.104492188, 587.258117676, -96.7736206055, 47.6147689819, 116.252784729, -56.342754364, 9.84224891663, -43.1470451355, -50.8089447021, -41.8067932129, -40.8078422546], [-331.404144287, 104.134040833, 77.0913772583, -96.7736206055, 254.281890869, 7.71711778641, -23.2119140625, 72.7007751465, -26.2289924622, -40.2565727234, -5.2049164772, 6.16453790665, 9.12115478516], [-385.705413818, -280.809204102, 156.797180176, 47.6147689819, 7.71711778641, 192.322601318, 67.845489502, 60.8033866882, 81.6967468262, 61.4270820618, 71.9766311646, 40.7075538635, 15.4095439911], [-56.6130218506, -109.16242218, -0.469506770372, 116.252784729, -23.2119140625, 67.845489502, 193.461898804, 17.0045833588, 24.9529666901, 83.309928894, 27.7554512024, 22.4989376068, -9.43752670288], [-462.521484375, -196.242904663, 113.87713623, -56.342754364, 72.7007751465, 60.8033866882, 17.0045833588, 150.79296875, 54.5703163147, -4.71024417877, 59.0913162231, 47.9403190613, 26.7996177673], [-397.489532471, -273.570831299, 77.1267929077, 9.84224891663, -26.2289924622, 81.6967468262, 24.9529666901, 54.5703163147, 176.259552002, 120.118919373, 75.5967788696, 64.4509887695, 11.1276826859], [-689.253601074, -317.238555908, 169.797485352, -43.1470451355, -40.2565727234, 61.4270820618, 83.309928894, -4.71024417877, 120.118919373, 264.144805908, 104.195716858, 51.4409179688, 57.8619003296], [-586.633972168, -287.126373291, 141.022277832, -50.8089447021, -5.2049164772, 71.9766311646, 27.7554512024, 59.0913162231, 75.5967788696, 104.195716858, 142.345413208, 108.915122986, 64.6451034546], [-477.401245117, -240.954696655, 82.6094665527, -41.8067932129, 6.16453790665, 40.7075538635, 22.4989376068, 47.9403190613, 64.4509887695, 51.4409179688, 108.915122986, 165.255020142, 95.7492752075], [-403.378265381, -184.6746521, 99.1446456909, -40.8078422546, 9.12115478516, 15.4095439911, -9.43752670288, 26.7996177673, 11.1276826859, 57.8619003296, 64.6451034546, 95.7492752075, 163.412017822]],
        "icov": [[0.00923971552402, -0.0127249984071, 0.0129943853244, -0.0127252889797, 0.0125372326002, -0.0115061737597, 0.0107516534626, -0.00953188631684, 0.00747546274215, -0.00568570196629, 0.00521828001365, -0.00322676380165, 0.00126548984554], [-0.0127249984071, 0.019638845697, -0.0162245929241, 0.0180073194206, -0.0187919456512, 0.0162606276572, -0.0148695623502, 0.0147185390815, -0.00956963002682, 0.00850105658174, -0.0073230676353, 0.00575158232823, -0.00146516901441], [0.0129943853244, -0.0162245929241, 0.0225856006145, -0.0161375422031, 0.0164608862251, -0.0185473673046, 0.0159871764481, -0.0135526321828, 0.0126506369561, -0.0095578674227, 0.00748175941408, -0.00364541774616, 0.00168287474662], [-0.0127252889797, 0.0180073194206, -0.0161375422031, 0.021088456735, -0.0172882918268, 0.0145118106157, -0.0173892825842, 0.0152729246765, -0.0121424142271, 0.0101742343977, -0.00823553837836, 0.00692237867042, -0.00349083915353], [0.0125372326002, -0.0187919456512, 0.0164608862251, -0.0172882918268, 0.0236219707876, -0.0169300381094, 0.0160996802151, -0.0183045044541, 0.0126113258302, -0.0100855845958, 0.010446566157, -0.00756280077621, 0.00262718531303], [-0.0115061737597, 0.0162606276572, -0.0185473673046, 0.0145118106157, -0.0169300381094, 0.0259490758181, -0.0179036501795, 0.0139281982556, -0.0154822282493, 0.0122919911519, -0.0131240440533, 0.00877432804555, -0.00321709667332], [0.0107516534626, -0.0148695623502, 0.0159871764481, -0.0173892825842, 0.0160996802151, -0.0179036501795, 0.0253166873008, -0.0182532016188, 0.0180145800114, -0.0175668150187, 0.0139744691551, -0.0126504497603, 0.00781652517617], [-0.00953188631684, 0.0147185390815, -0.0135526321828, 0.0152729246765, -0.0183045044541, 0.0139281982556, -0.0182532016188, 0.0289899986237, -0.0186202079058, 0.0185309313238, -0.0171517655253, 0.0126864621416, -0.00690108863637], [0.00747546274215, -0.00956963002682, 0.0126506369561, -0.0121424142271, 0.0126113258302, -0.0154822282493, 0.0180145800114, -0.0186202079058, 0.0276166461408, -0.0200250241905, 0.0141664203256, -0.015349377878, 0.0103803444654], [-0.00568570196629, 0.00850105658174, -0.0095578674227, 0.0101742343977, -0.0100855845958, 0.0122919911519, -0.0175668150187, 0.0185309313238, -0.0200250241905, 0.0240035876632, -0.0188654605299, 0.0161929763854, -0.00989864207804], [0.00521828001365, -0.0073230676353, 0.00748175941408, -0.00823553837836, 0.010446566157, -0.0131240440533, 0.0139744691551, -0.0171517655253, 0.0141664203256, -0.0188654605299, 0.0349520407617, -0.0224399678409, 0.00732066947967], [-0.00322676380165, 0.00575158232823, -0.00364541774616, 0.00692237867042, -0.00756280077621, 0.00877432804555, -0.0126504497603, 0.0126864621416, -0.015349377878, 0.0161929763854, -0.0224399678409, 0.0281451102346, -0.0130438711494], [0.00126548984554, -0.00146516901441, 0.00168287474662, -0.00349083915353, 0.00262718531303, -0.00321709667332, 0.00781652517617, -0.00690108863637, 0.0103803444654, -0.00989864207804, 0.00732066947967, -0.0130438711494, 0.014979663305]]
    },
    "spectral_contrast_coeffs": {
        "mean": [-0.509495973587, -0.541910588741, -0.638345003128, -0.653062522411, -0.677107155323, -0.776202440262],
        "var": [0.0219801086932, 0.0119105530903, 0.00717592006549, 0.00487449904904, 0.00369702326134, 0.00852298177779]
    },
    "spectral_contrast_valleys": {
        "mean": [-10.5621232986, -8.08413028717, -9.41481494904, -9.98284721375, -10.8809537888, -14.6514806747],
        "var": [1.72596168518, 2.85777688026, 2.60766005516, 2.54638123512, 2.62804412842, 1.33093881607]
    }
},
"metadata": {
    "audio_properties": {
        "analysis_sample_rate": 44100,
        "bit_rate": 83080,
        "equal_loudness": 0,
        "length": 45.0612258911,
        "lossless": 0,
        "replay_gain": -5.53207015991,
        "sample_rate": 44100,
        "codec": "mp3",
        "downmix": "mix",
        "md5_encoded": "03361973d7afb73b116893d871e79e0e"
    },
    "tags": {
        "file_name": "201.mp3"
    },
    "version": {
        "essentia": "2.1-beta2",
        "essentia_git_sha": "v2.1_beta2",
        "extractor": "music 1.0"
    }
},
"rhythm": {
    "beats_count": 80,
    "beats_loudness": {
        "mean": 0.0309654325247,
        "var": 0.000626108143479
    },
    "bpm": 108.275756836,
    "bpm_histogram_first_peak_bpm": {
        "mean": 108,
        "var": 0
    },
    "bpm_histogram_first_peak_spread": {
        "mean": 0.639344274998,
        "var": 0
    },
    "bpm_histogram_first_peak_weight": {
        "mean": 0.278481006622,
        "var": 0
    },
    "bpm_histogram_second_peak_bpm": {
        "mean": 103,
        "var": 0
    },
    "bpm_histogram_second_peak_spread": {
        "mean": 0.444444477558,
        "var": 0
    },
    "bpm_histogram_second_peak_weight": {
        "mean": 0.0632911399007,
        "var": 0
    },
    "danceability": 0.931279480457,
    "onset_rate": 2.70620727539,
    "beats_loudness_band_ratio": {
        "mean": [0.0665912926197, 0.42077293992, 0.499196141958, 0.0779774188995, 0.0422913730145, 0.00339492410421],
        "var": [0.0083563439548, 0.0403170771897, 0.0365609303117, 0.00311651034281, 0.000410778826335, 1.30176940729e-005]
    },
    "beats_position": [0.626938760281, 1.27709746361, 1.92725622654, 2.54258489609, 3.11147379875, 3.68036270142, 4.2492518425, 4.81814050674, 5.38702917099, 5.94430828094, 6.46675729752, 7.01242637634, 7.56970500946, 8.15020370483, 8.71909236908, 9.26476192474, 9.82204055786, 10.379319191, 10.9365987778, 11.4938774109, 12.0395460129, 12.5852155685, 13.1192741394, 13.6533327103, 14.1990022659, 14.7446708679, 15.2787294388, 15.8243989944, 16.3816776276, 16.9505672455, 17.5310649872, 18.088344574, 18.6456241608, 19.2029018402, 19.7485713959, 20.3174591064, 20.8747386932, 21.43201828, 21.9660758972, 22.523355484, 23.0574150085, 23.6030826569, 24.1255321503, 24.6595916748, 25.1936511993, 25.7277088165, 26.2849884033, 26.830657959, 27.3879356384, 27.9452152252, 28.4908847809, 29.0249423981, 29.5822219849, 30.1162815094, 30.6619491577, 31.2076187134, 31.7416782379, 32.2873458862, 32.8097953796, 33.3206329346, 33.843082428, 34.3887519836, 34.9460296631, 35.5265312195, 36.0838088989, 36.6294784546, 37.186756134, 37.755645752, 38.3245353699, 38.91664505, 39.5087509155, 40.1008605957, 40.7161903381, 41.3083000183, 41.88879776, 42.4576873779, 43.0265769958, 43.5838546753, 44.164352417, 44.7216300964]
},
"tonal": {
    "chords_changes_rate": 0.0267489720136,
    "chords_number_rate": 0.00617283955216,
    "chords_strength": {
        "mean": 0.54543453455,
        "var": 0.00878446176648
    },
    "hpcp_entropy": {
        "mean": 1.12735998631,
        "var": 0.297179400921
    },
    "key_strength": 0.76716542244,
    "tuning_diatonic_strength": 0.470296025276,
    "tuning_equal_tempered_deviation": 0.00944534502923,
    "tuning_frequency": 440,
    "tuning_nontempered_energy_ratio": 0.58664137125,
    "hpcp": {
        "mean": [0.190751239657, 0.11058729887, 0.205400019884, 0.424205482006, 0.227700561285, 0.0115557620302, 0.010076129809, 0.00415492337197, 0.00388840842061, 0.00649232883006, 0.00498074386269, 0.0039956253022, 0.00677962601185, 0.00953965540975, 0.171067103744, 0.331254541874, 0.169955253601, 0.0344355925918, 0.0586214661598, 0.0299416519701, 0.0186767894775, 0.0382687710226, 0.0257810726762, 0.0235607456416, 0.0351754799485, 0.0191266667098, 0.0810489580035, 0.158102408051, 0.0872522816062, 0.205961406231, 0.350962668657, 0.158186689019, 0.00786573905498, 0.00351042300463, 0.00245231878944, 0.0855555906892],
        "var": [0.133986413479, 0.0426206551492, 0.044278472662, 0.187808349729, 0.0547541193664, 0.00034962198697, 0.000332320370944, 4.28488710895e-005, 5.34962455276e-005, 0.00013607883011, 8.59293650137e-005, 4.99650050187e-005, 0.000216114611248, 0.000673377537169, 0.0426840558648, 0.153569221497, 0.0396193303168, 0.0130000766367, 0.0443662665784, 0.0117972074077, 0.00581408804283, 0.0292468741536, 0.0103667201474, 0.0034515762236, 0.0143520459533, 0.00541645195335, 0.0254061650485, 0.101714715362, 0.0290095992386, 0.0544598549604, 0.16282749176, 0.0374336913228, 0.00194654078223, 0.000172735904926, 0.0001136355786, 0.0278257057071]
    },
    "chords_histogram": [64.9176940918, 9.15637874603, 0, 0, 0, 0, 0, 0, 0, 20.3703708649, 0, 0, 0, 0, 0, 0, 1.54320991039, 1.33744859695, 0, 0, 0, 0, 0, 2.67489719391],
    "thpcp": [1, 0.536769509315, 0.0272409543395, 0.0237529464066, 0.00979460123926, 0.00916633196175, 0.015304679051, 0.011741347611, 0.00941907986999, 0.0159819386899, 0.0224882885814, 0.403264731169, 0.780882298946, 0.400643706322, 0.0811766833067, 0.138191208243, 0.070582896471, 0.0440276935697, 0.0902128145099, 0.0607749633491, 0.0555408783257, 0.0829208493233, 0.0450882129371, 0.191060602665, 0.372702419758, 0.205684006214, 0.48552274704, 0.827341198921, 0.372901082039, 0.0185422860086, 0.00827528908849, 0.00578096928075, 0.201684311032, 0.449667066336, 0.260692775249, 0.484199345112],
    "chords_key": "G",
    "chords_scale": "minor",
    "key_key": "G",
    "key_scale": "minor"
}
}