{
"lowlevel": {
    "average_loudness": 0.886945486069,
    "barkbands_crest": {
        "mean": 11.3547735214,
        "var": 13.8436040878
    },
    "barkbands_flatness_db": {
        "mean": 0.29099932313,
        "var": 0.00761076388881
    },
    "barkbands_kurtosis": {
        "mean": 6.075776577,
        "var": 48.3733329773
    },
    "barkbands_skewness": {
        "mean": 1.86204683781,
        "var": 0.894505679607
    },
    "barkbands_spread": {
        "mean": 8.50656795502,
        "var": 43.2726745605
    },
    "dissonance": {
        "mean": 0.429469585419,
        "var": 0.00202288734727
    },
    "dynamic_complexity": 3.27786803246,
    "erbbands_crest": {
        "mean": 9.34296703339,
        "var": 14.4169588089
    },
    "erbbands_flatness_db": {
        "mean": 0.270835518837,
        "var": 0.00325816497207
    },
    "erbbands_kurtosis": {
        "mean": 0.326103240252,
        "var": 3.48688960075
    },
    "erbbands_skewness": {
        "mean": 0.518236994743,
        "var": 0.394673109055
    },
    "erbbands_spread": {
        "mean": 23.9649276733,
        "var": 108.287742615
    },
    "hfc": {
        "mean": 10.8136196136,
        "var": 161.966430664
    },
    "melbands_crest": {
        "mean": 15.671330452,
        "var": 24.8418712616
    },
    "melbands_flatness_db": {
        "mean": 0.393464744091,
        "var": 0.013614455238
    },
    "melbands_kurtosis": {
        "mean": 12.2219114304,
        "var": 152.490463257
    },
    "melbands_skewness": {
        "mean": 2.57841515541,
        "var": 1.33294761181
    },
    "melbands_spread": {
        "mean": 9.37251281738,
        "var": 68.9256820679
    },
    "pitch_salience": {
        "mean": 0.522815227509,
        "var": 0.0128207653761
    },
    "silence_rate_20dB": {
        "mean": 1,
        "var": 0
    },
    "silence_rate_30dB": {
        "mean": 0.974088490009,
        "var": 0.025240086019
    },
    "silence_rate_60dB": {
        "mean": 0.0396698005497,
        "var": 0.0380987077951
    },
    "spectral_centroid": {
        "mean": 562.437744141,
        "var": 144714.921875
    },
    "spectral_complexity": {
        "mean": 12.7974090576,
        "var": 34.2552223206
    },
    "spectral_decrease": {
        "mean": -8.90608298221e-009,
        "var": 5.61611034345e-017
    },
    "spectral_energy": {
        "mean": 0.0345943272114,
        "var": 0.000846079667099
    },
    "spectral_energyband_high": {
        "mean": 7.28327722754e-005,
        "var": 1.30536506049e-007
    },
    "spectral_energyband_low": {
        "mean": 0.0173301417381,
        "var": 0.000393490656279
    },
    "spectral_energyband_middle_high": {
        "mean": 0.00277357036248,
        "var": 2.12747236219e-005
    },
    "spectral_energyband_middle_low": {
        "mean": 0.0152194928378,
        "var": 0.000272075762041
    },
    "spectral_entropy": {
        "mean": 6.42212533951,
        "var": 0.354657709599
    },
    "spectral_flux": {
        "mean": 0.0707921609282,
        "var": 0.00198141043074
    },
    "spectral_kurtosis": {
        "mean": 36.9187164307,
        "var": 2036.76330566
    },
    "spectral_rms": {
        "mean": 0.00533653376624,
        "var": 5.27201564182e-006
    },
    "spectral_rolloff": {
        "mean": 542.984985352,
        "var": 312491.34375
    },
    "spectral_skewness": {
        "mean": 3.62336826324,
        "var": 5.50168848038
    },
    "spectral_spread": {
        "mean": 1782679.875,
        "var": 1.15774508237e+012
    },
    "spectral_strongpeak": {
        "mean": 0.605987787247,
        "var": 0.604121387005
    },
    "zerocrossingrate": {
        "mean": 0.021538566798,
        "var": 0.000259444088442
    },
    "barkbands": {
        "mean": [0.000339820922818, 0.0100793009624, 0.00619600154459, 0.00178848032374, 0.00705868192017, 0.00242765527219, 0.00158810475841, 0.000883279484697, 0.00126927252859, 0.000840987137053, 0.000382101134164, 0.000323221640429, 0.000248846889008, 0.000262798392214, 0.000312667310936, 0.000161419913638, 0.000173110325704, 8.91727759154e-005, 5.98253209319e-005, 5.71396849409e-005, 1.91856797755e-005, 1.76586254383e-005, 6.50531865176e-006, 6.11218592894e-006, 2.18836430577e-006, 8.98679218153e-007, 3.8058708185e-008],
        "var": [3.15710195764e-007, 0.00013648775348, 7.06442442606e-005, 1.17868639791e-005, 8.60676082084e-005, 1.31962297019e-005, 1.19633759823e-005, 3.7517029341e-006, 1.13113928819e-005, 8.35174705571e-006, 7.10068491117e-007, 4.66052256343e-007, 5.07410845785e-007, 3.70082574364e-007, 1.19057551728e-006, 2.45112147468e-007, 8.3249835825e-007, 1.03700962484e-007, 4.30510560534e-008, 4.40828138437e-008, 1.03803419194e-008, 1.44938523405e-008, 1.91763183111e-009, 3.92533650029e-009, 5.11834519212e-010, 1.02561847903e-010, 3.29998046033e-013]
    },
    "erbbands": {
        "mean": [0.286233603954, 2.25540781021, 7.7010345459, 5.5221362114, 15.049238205, 26.7432231903, 21.6494464874, 18.0397911072, 15.9109182358, 31.4148807526, 18.9507389069, 26.7018032074, 28.1647834778, 26.9999103546, 13.3976268768, 13.5891876221, 12.9631118774, 14.0109157562, 17.2634944916, 12.031006813, 8.62315654755, 8.64902305603, 5.9182806015, 3.24375605583, 3.40749645233, 2.46684217453, 1.02675771713, 0.677358031273, 0.679093182087, 0.355328172445, 0.189772501588, 0.133691295981, 0.0998450219631, 0.03354857862, 0.0114088300616, 0.00536772469059, 0.00131478800904, 0.000191493352759, 2.0983390641e-005, 3.86230640288e-005],
        "var": [0.141799271107, 7.51772022247, 114.582687378, 46.7403869629, 582.788208008, 1601.23779297, 1482.50476074, 763.497253418, 665.299072266, 9479.91113281, 942.658081055, 5695.8828125, 10765.0751953, 5096.63330078, 685.035827637, 873.419250488, 1060.57543945, 973.049499512, 3612.20898438, 1439.4597168, 592.524169922, 1231.23461914, 823.636535645, 92.755065918, 151.096969604, 89.2734527588, 19.9753456116, 15.3478937149, 19.4739952087, 8.40436649323, 1.67667841911, 1.08271443844, 1.84108555317, 0.106772184372, 0.0170667786151, 0.00346870417707, 0.000291666423436, 4.09105587096e-006, 3.36189165395e-009, 1.06162068025e-009]
    },
    "gfcc": {
        "mean": [-120.082611084, 219.844329834, -121.696289063, 10.3710308075, -19.4416465759, -16.9941768646, -14.1655368805, -10.4987392426, -9.59274578094, -9.90833568573, -5.11040687561, -11.9387598038, -1.05710339546],
        "cov": [[9926.18457031, -1538.35974121, -1831.12792969, 1325.14086914, -957.840209961, 365.358978271, -408.61831665, 121.346794128, -52.4037399292, 16.2193584442, -34.9753952026, 85.3023834229, 25.2889976501], [-1538.35974121, 2229.35107422, 535.162597656, -705.897766113, 825.675842285, -378.75692749, 417.344390869, -142.734207153, 136.016113281, -57.5186004639, 184.001281738, -73.3120422363, 112.280563354], [-1831.12792969, 535.162597656, 1316.53942871, -258.942687988, 308.184906006, 146.294616699, 106.010597229, 81.0394439697, 27.0877876282, 47.3179779053, 21.2745513916, 10.3845663071, 19.0552997589], [1325.14086914, -705.897766113, -258.942687988, 573.194335938, -231.645553589, 153.469787598, -75.0577926636, 30.7465248108, 19.3735179901, 19.6245651245, -19.6849193573, 21.1288166046, -20.5719718933], [-957.840209961, 825.675842285, 308.184906006, -231.645553589, 537.846435547, -102.890281677, 200.520050049, -12.8925657272, 60.176651001, 11.5497617722, 82.878112793, -18.2948951721, 20.8232898712], [365.358978271, -378.75692749, 146.294616699, 153.469787598, -102.890281677, 246.610366821, -29.1888275146, 80.8771209717, 9.58274364471, 38.7868003845, -6.95930719376, 29.5325241089, -9.98094177246], [-408.61831665, 417.344390869, 106.010597229, -75.0577926636, 200.520050049, -29.1888275146, 228.411972046, 25.9097099304, 56.9653091431, -6.13381671906, 44.2698898315, 0.809239387512, 28.9500617981], [121.346794128, -142.734207153, 81.0394439697, 30.7465248108, -12.8925657272, 80.8771209717, 25.9097099304, 138.534622192, 24.4940929413, 24.2411689758, -5.0987238884, 27.2710056305, -0.498334616423], [-52.4037399292, 136.016113281, 27.0877876282, 19.3735179901, 60.176651001, 9.58274364471, 56.9653091431, 24.4940929413, 111.224075317, 26.6446304321, 22.6592483521, -5.66001272202, 6.70681142807], [16.2193584442, -57.5186004639, 47.3179779053, 19.6245651245, 11.5497617722, 38.7868003845, -6.13381671906, 24.2411689758, 26.6446304321, 94.4882125854, 23.3242893219, 1.16592502594, -14.1351947784], [-34.9753952026, 184.001281738, 21.2745513916, -19.6849193573, 82.878112793, -6.95930719376, 44.2698898315, -5.0987238884, 22.6592483521, 23.3242893219, 97.7524871826, 15.7583255768, 1.26173567772], [85.3023834229, -73.3120422363, 10.3845663071, 21.1288166046, -18.2948951721, 29.5325241089, 0.809239387512, 27.2710056305, -5.66001272202, 1.16592502594, 15.7583255768, 71.1473312378, 11.5268230438], [25.2889976501, 112.280563354, 19.0552997589, -20.5719718933, 20.8232898712, -9.98094177246, 28.9500617981, -0.498334616423, 6.70681142807, -14.1351947784, 1.26173567772, 11.5268230438, 68.6187973022]],
        "icov": [[0.000378345546778, -0.00109168433119, 0.000690267945174, -0.00114351243246, 0.000641452148557, -0.00107500154991, 0.000988753396086, -0.00107762077823, 0.000985349761322, -0.000539447471965, 0.000649977999274, -0.0004136475618, 0.000186471035704], [-0.00109168433119, 0.00693007884547, -0.00277685932815, 0.0054125781171, -0.00399154890329, 0.00549473427236, -0.00496984599158, 0.00538635021076, -0.00556845171377, 0.00354617740959, -0.00546204578131, 0.00321830785833, -0.00356251723133], [0.000690267945174, -0.00277685932815, 0.00264261639677, -0.00189923250582, 0.000827807467431, -0.0038195848465, 0.00232764868997, -0.00254906388, 0.00245957542211, -0.00161122134887, 0.00235075526871, -0.00118378491607, 0.000762125826441], [-0.00114351243246, 0.0054125781171, -0.00189923250582, 0.00744237471372, -0.00259243207984, 0.00264978338964, -0.00413764175028, 0.00493807066232, -0.00543782580644, 0.00277144112624, -0.00388084980659, 0.00209254282527, -0.0019005961949], [0.000641452148557, -0.00399154890329, 0.000827807467431, -0.00259243207984, 0.00641133077443, -0.00177146587521, 0.000402533914894, -0.00277793570422, 0.00264465925284, -0.00243554008193, 0.00128285156097, -0.00119725742843, 0.00231190910563], [-0.00107500154991, 0.00549473427236, -0.0038195848465, 0.00264978338964, -0.00177146587521, 0.0125260110945, -0.00408797105774, 0.00160511466675, -0.00431684451178, 0.00129526597448, -0.00455431686714, 0.00148538686335, -0.00212084525265], [0.000988753396086, -0.00496984599158, 0.00232764868997, -0.00413764175028, 0.000402533914894, -0.00408797105774, 0.0117107406259, -0.00597106665373, 0.00174358009826, -0.00055378372781, 0.00213979789987, -0.00181380985305, 0.000160871335538], [-0.00107762077823, 0.00538635021076, -0.00254906388, 0.00493807066232, -0.00277793570422, 0.00160511466675, -0.00597106665373, 0.0151133853942, -0.00613951170817, 0.00105841469485, -0.00161933724303, -0.00126809824724, -0.00146188936196], [0.000985349761322, -0.00556845171377, 0.00245957542211, -0.00543782580644, 0.00264465925284, -0.00431684451178, 0.00174358009826, -0.00613951170817, 0.016661779955, -0.00577214173973, 0.00309802801348, -0.000352380040567, 0.00140920362901], [-0.000539447471965, 0.00354617740959, -0.00161122134887, 0.00277144112624, -0.00243554008193, 0.00129526597448, -0.00055378372781, 0.00105841469485, -0.00577214173973, 0.0157334879041, -0.00636658957228, 0.00279477145523, 0.000296154408716], [0.000649977999274, -0.00546204578131, 0.00235075526871, -0.00388084980659, 0.00128285156097, -0.00455431686714, 0.00213979789987, -0.00161933724303, 0.00309802801348, -0.00636658957228, 0.0189084019512, -0.00729570863768, 0.00417899293825], [-0.0004136475618, 0.00321830785833, -0.00118378491607, 0.00209254282527, -0.00119725742843, 0.00148538686335, -0.00181380985305, -0.00126809824724, -0.000352380040567, 0.00279477145523, -0.00729570863768, 0.0194080583751, -0.00533808860928], [0.000186471035704, -0.00356251723133, 0.000762125826441, -0.0019005961949, 0.00231190910563, -0.00212084525265, 0.000160871335538, -0.00146188936196, 0.00140920362901, 0.000296154408716, 0.00417899293825, -0.00533808860928, 0.0192070156336]]
    },
    "melbands": {
        "mean": [0.00256489217281, 0.00370926735923, 0.00123027758673, 0.00162361341063, 0.000836832856294, 0.000404351449106, 0.000273357145488, 0.000314256729325, 0.000148682593135, 0.000174360218807, 0.000138999719638, 0.00011219856242, 5.27069933014e-005, 2.97692804452e-005, 3.76325915568e-005, 2.69791162282e-005, 2.38318734773e-005, 2.74993635685e-005, 1.78929021786e-005, 1.30056178023e-005, 9.71328609012e-006, 8.40218490339e-006, 9.01213024918e-006, 3.63608160114e-006, 2.43003955802e-006, 2.52651034316e-006, 2.54648693954e-006, 1.41874397741e-006, 6.81710503159e-007, 4.95187748584e-007, 3.39206877698e-007, 4.0800273382e-007, 3.03918227473e-007, 1.46514210542e-007, 1.12643874672e-007, 8.93015723591e-008, 7.7530962983e-008, 7.76310074002e-008, 4.35543050514e-008, 2.38027908495e-008],
        "var": [9.01809198695e-006, 2.39331129706e-005, 2.75285424323e-006, 5.10794598085e-006, 1.69486463619e-006, 3.63241639434e-007, 1.99519845978e-007, 8.83805910235e-007, 6.81620377918e-008, 2.29769270277e-007, 2.69923646101e-007, 9.76824097165e-008, 1.324761989e-008, 4.34663238735e-009, 6.04768546353e-009, 7.312236594e-009, 2.9315716521e-009, 8.35402769184e-009, 3.89391452416e-009, 2.17084283882e-009, 1.14017995045e-009, 9.40205024946e-010, 4.78200323784e-009, 1.70813058142e-010, 5.51261952753e-011, 9.38270849904e-011, 8.36253150061e-011, 3.96245883327e-011, 9.88177595307e-012, 7.77557098569e-012, 4.68353958047e-012, 7.12493822622e-012, 6.22229611585e-012, 1.29143820204e-012, 6.9805619618e-013, 4.71066111465e-013, 4.01673242193e-013, 1.2357527111e-012, 3.0800546575e-013, 6.67264027777e-014]
    },
    "mfcc": {
        "mean": [-749.572631836, 229.753570557, -10.0180282593, 25.8911457062, 13.0607652664, 1.74815428257, 3.70003962517, 0.205444917083, -0.757605612278, 3.43815469742, -1.23323714733, -3.34034967422, -1.73250687122],
        "cov": [[7497.18261719, -1032.09362793, -1797.13842773, 787.302001953, -554.330322266, 41.3328704834, -227.976394653, -32.4329566956, -56.1692619324, 19.8542861938, -119.048866272, -37.575668335, -24.776309967], [-1032.09362793, 1850.02856445, 187.331604004, -188.386642456, 320.124755859, -57.3039054871, 211.747528076, 22.4153232574, 29.4961338043, 31.8552837372, 73.4677505493, 19.7844543457, -2.94001555443], [-1797.13842773, 187.331604004, 1191.73425293, -204.412124634, 163.970474243, 148.208282471, 51.4161949158, 90.1180419922, 60.4321327209, 18.7668247223, 33.8148612976, 51.3719902039, 3.28167200089], [787.302001953, -188.386642456, -204.412124634, 329.871673584, -36.0371856689, 49.8025131226, 2.53633737564, 9.28113365173, 23.0100440979, 6.89954042435, 1.55600082874, 10.2979631424, 21.6595363617], [-554.330322266, 320.124755859, 163.970474243, -36.0371856689, 258.415435791, 28.8427200317, 61.6924362183, 21.3790187836, 0.0704937055707, 24.5357151031, 44.395778656, 27.8621788025, 16.6252231598], [41.3328704834, -57.3039054871, 148.208282471, 49.8025131226, 28.8427200317, 156.652816772, 23.409324646, 22.674238205, 22.2874679565, 14.7332172394, 25.9416790009, 22.6000328064, 13.4529380798], [-227.976394653, 211.747528076, 51.4161949158, 2.53633737564, 61.6924362183, 23.409324646, 141.670623779, 43.8369865417, 12.8043050766, 20.790391922, 25.0397357941, 18.2496643066, 10.0273294449], [-32.4329566956, 22.4153232574, 90.1180419922, 9.28113365173, 21.3790187836, 22.674238205, 43.8369865417, 128.13331604, 45.2769546509, -0.263974070549, 19.5970535278, 22.2243309021, 13.3009986877], [-56.1692619324, 29.4961338043, 60.4321327209, 23.0100440979, 0.0704937055707, 22.2874679565, 12.8043050766, 45.2769546509, 116.13004303, 29.8734111786, -3.81633591652, 17.9544582367, 9.86613178253], [19.8542861938, 31.8552837372, 18.7668247223, 6.89954042435, 24.5357151031, 14.7332172394, 20.790391922, -0.263974070549, 29.8734111786, 89.9248962402, 32.0699806213, 6.38494300842, 8.95194721222], [-119.048866272, 73.4677505493, 33.8148612976, 1.55600082874, 44.395778656, 25.9416790009, 25.0397357941, 19.5970535278, -3.81633591652, 32.0699806213, 101.745185852, 37.2772026062, 7.03106927872], [-37.575668335, 19.7844543457, 51.3719902039, 10.2979631424, 27.8621788025, 22.6000328064, 18.2496643066, 22.2243309021, 17.9544582367, 6.38494300842, 37.2772026062, 89.5168380737, 29.059709549], [-24.776309967, -2.94001555443, 3.28167200089, 21.6595363617, 16.6252231598, 13.4529380798, 10.0273294449, 13.3009986877, 9.86613178253, 8.95194721222, 7.03106927872, 29.059709549, 70.6162796021]],
        "icov": [[0.000356596545316, -6.79061267874e-005, 0.000486287841341, -0.000480376096675, 0.000432908243965, -0.000590290233959, 0.000582139124162, -0.000634109368548, 0.000566690810956, -0.000703404075466, 0.000640448124614, -0.000478254602058, 0.000437378068455], [-6.79061267874e-005, 0.000905477092601, -7.83939613029e-005, 0.000451392639661, -0.000963156868238, 0.000661349564325, -0.00128167681396, 0.000632859300822, -0.000769380072597, 0.000579258135986, -0.000617350975517, 0.000377020187443, -1.69995273609e-005], [0.000486287841341, -7.83939613029e-005, 0.00198651081882, 0.000347411172697, 6.32511046206e-006, -0.00216955621727, 0.000947049760725, -0.00147041946184, 0.00041301199235, -0.000972208450548, 0.00120427517686, -0.00104780204128, 0.000899612961803], [-0.000480376096675, 0.000451392639661, 0.000347411172697, 0.00489324331284, -0.000706984545104, -0.00106611521915, -0.00123322207946, 0.000713023648132, -0.00172583945096, 0.00112370855641, -0.00086094730068, 0.000545274990145, -0.00129639136139], [0.000432908243965, -0.000963156868238, 6.32511046206e-006, -0.000706984545104, 0.00639050547034, -0.00119793869089, 0.000138835748658, -0.000992906279862, 0.00183841644321, -0.00175765762106, -6.60029472783e-005, -0.00109608040657, -0.000357065960998], [-0.000590290233959, 0.000661349564325, -0.00216955621727, -0.00106611521915, -0.00119793869089, 0.0101279169321, -0.00232042837888, 0.00167411763687, -0.00192276667804, 0.00140870048199, -0.00295742112212, 0.000794767052867, -0.00132753653452], [0.000582139124162, -0.00128167681396, 0.000947049760725, -0.00123322207946, 0.000138835748658, -0.00232042837888, 0.0115216253325, -0.00469874311239, 0.0025246234145, -0.00350935314782, 0.00169089774136, -0.00172638043296, 0.000777724955697], [-0.000634109368548, 0.000632859300822, -0.00147041946184, 0.000713023648132, -0.000992906279862, 0.00167411763687, -0.00469874311239, 0.012751785107, -0.00602576788515, 0.00486585078761, -0.00409716134891, 0.00126921723131, -0.00205564801581], [0.000566690810956, -0.000769380072597, 0.00041301199235, -0.00172583945096, 0.00183841644321, -0.00192276667804, 0.0025246234145, -0.00602576788515, 0.0141015127301, -0.00705660041422, 0.00535993138328, -0.00371748628095, 0.00130743591581], [-0.000703404075466, 0.000579258135986, -0.000972208450548, 0.00112370855641, -0.00175765762106, 0.00140870048199, -0.00350935314782, 0.00486585078761, -0.00705660041422, 0.017314478755, -0.00758160417899, 0.00397874694318, -0.00288638239726], [0.000640448124614, -0.000617350975517, 0.00120427517686, -0.00086094730068, -6.60029472783e-005, -0.00295742112212, 0.00169089774136, -0.00409716134891, 0.00535993138328, -0.00758160417899, 0.0168414060026, -0.00728503707796, 0.00305098714307], [-0.000478254602058, 0.000377020187443, -0.00104780204128, 0.000545274990145, -0.00109608040657, 0.000794767052867, -0.00172638043296, 0.00126921723131, -0.00371748628095, 0.00397874694318, -0.00728503707796, 0.0172082222998, -0.00649903528392], [0.000437378068455, -1.69995273609e-005, 0.000899612961803, -0.00129639136139, -0.000357065960998, -0.00132753653452, 0.000777724955697, -0.00205564801581, 0.00130743591581, -0.00288638239726, 0.00305098714307, -0.00649903528392, 0.0178372561932]]
    },
    "spectral_contrast_coeffs": {
        "mean": [-0.624474525452, -0.724020659924, -0.736940860748, -0.758173644543, -0.76756131649, -0.752100348473],
        "var": [0.00836117099971, 0.00459177605808, 0.00458856625482, 0.00365265458822, 0.00330273946747, 0.0038291728124]
    },
    "spectral_contrast_valleys": {
        "mean": [-6.8889708519, -6.70058107376, -7.78656625748, -8.50678062439, -9.33845424652, -13.517414093],
        "var": [1.48853576183, 0.883714914322, 0.902624309063, 1.10699689388, 1.54133737087, 1.71410417557]
    }
},
"metadata": {
    "audio_properties": {
        "analysis_sample_rate": 44100,
        "bit_rate": 128000,
        "equal_loudness": 0,
        "length": 202.501220703,
        "lossless": 0,
        "replay_gain": 4.29176521301,
        "sample_rate": 44100,
        "codec": "mp3",
        "downmix": "mix",
        "md5_encoded": "b37f5dadc65fbc9cc853bf0789499a59"
    },
    "tags": {
        "file_name": "2010.mp3"
    },
    "version": {
        "essentia": "2.1-beta2",
        "essentia_git_sha": "v2.1_beta2",
        "extractor": "music 1.0"
    }
},
"rhythm": {
    "beats_count": 362,
    "beats_loudness": {
        "mean": 0.0519122667611,
        "var": 0.00135030376259
    },
    "bpm": 126.6902771,
    "bpm_histogram_first_peak_bpm": {
        "mean": 126,
        "var": 0
    },
    "bpm_histogram_first_peak_spread": {
        "mean": 0.31097561121,
        "var": 0
    },
    "bpm_histogram_first_peak_weight": {
        "mean": 0.313019394875,
        "var": 0
    },
    "bpm_histogram_second_peak_bpm": {
        "mean": 96,
        "var": 0
    },
    "bpm_histogram_second_peak_spread": {
        "mean": 0.418848156929,
        "var": 0
    },
    "bpm_histogram_second_peak_weight": {
        "mean": 0.30747923255,
        "var": 0
    },
    "danceability": 1.41584539413,
    "onset_rate": 4.07875394821,
    "beats_loudness_band_ratio": {
        "mean": [0.505676686764, 0.301567137241, 0.14093285799, 0.0637640357018, 0.0349865145981, 0.009068521671],
        "var": [0.0603754781187, 0.0299801956862, 0.0141183789819, 0.00422038882971, 0.00365607184358, 0.000558314670343]
    },
    "beats_position": [0.476009070873, 0.975238084793, 1.46285712719, 1.9620860815, 2.46131515503, 2.94893407822, 3.41333317757, 3.87773227692, 4.34213161469, 4.80653047562, 5.28253936768, 5.74693870544, 6.2229475975, 6.6989569664, 7.17496585846, 7.66258478165, 8.12698364258, 8.59138298035, 9.06739234924, 9.54340076447, 10.0194101334, 10.4954195023, 10.9714279175, 11.4474372864, 11.9234466553, 12.3994560242, 12.8638544083, 13.3398637772, 13.8158731461, 14.2802715302, 14.756280899, 15.2322902679, 15.7082986832, 16.1843090057, 16.6603164673, 17.1363258362, 17.6123352051, 18.0767345428, 18.5527439117, 19.0287532806, 19.667301178, 20.2942390442, 20.9211788177, 21.548116684, 22.1750564575, 22.8136043549, 23.4521541595, 24.0907020569, 24.7292518616, 25.3561897278, 25.9831295013, 26.6100673676, 27.2370071411, 27.8755550385, 28.5141029358, 29.1410427094, 29.7679805756, 30.3949203491, 31.0218582153, 31.66040802, 32.2989578247, 32.9258956909, 33.5528335571, 34.1797714233, 34.8067131042, 35.4452590942, 36.0838088989, 36.7107467651, 37.3376846313, 37.976234436, 38.6147842407, 39.2533340454, 39.8918800354, 40.3562812805, 40.8206787109, 41.2966880798, 41.7726974487, 42.2487068176, 42.7247161865, 43.2007255554, 43.6767349243, 44.1411323547, 44.6171417236, 45.0931510925, 45.5691604614, 46.0335578918, 46.5095672607, 46.9855766296, 47.4615859985, 47.9259872437, 48.4019927979, 48.8780021667, 49.3540115356, 49.8184127808, 50.2828102112, 50.7588195801, 51.2464370728, 51.7224464417, 52.1984558105, 52.6628570557, 53.1388664246, 53.6148757935, 54.0792732239, 54.5552825928, 55.0312919617, 55.5073013306, 55.9833106995, 56.4477081299, 56.912109375, 57.3881187439, 57.8641242981, 58.340133667, 58.8161430359, 59.2921524048, 59.7681617737, 60.2441711426, 60.7201805115, 61.1845779419, 61.6721992493, 62.1365966797, 62.6009979248, 63.0653953552, 63.5414047241, 64.0174102783, 64.4934234619, 64.9694290161, 65.4338302612, 65.8982315063, 66.385848999, 66.8618545532, 67.3378677368, 67.813873291, 68.2898864746, 68.7658920288, 69.2419052124, 69.7062988281, 70.1707000732, 70.6467132568, 71.122718811, 71.5987319946, 72.0747375488, 72.5507507324, 73.0267562866, 73.5027618408, 73.9787750244, 74.4547805786, 74.9307937622, 75.4067993164, 75.8828125, 76.3472061157, 76.8116073608, 77.2876205444, 77.7520141602, 78.2280273438, 78.7040328979, 79.1800460815, 79.6560516357, 80.1320648193, 80.6080703735, 81.0840835571, 81.5600891113, 82.0360946655, 82.5004959106, 82.9648971558, 83.4525146484, 83.928527832, 84.3929214478, 84.8689346313, 85.356552124, 85.8325576782, 86.3085708618, 86.7729721069, 87.2373657227, 87.7133789063, 88.1893844604, 88.665397644, 89.1414031982, 89.6174163818, 90.093421936, 90.5694351196, 91.0454406738, 91.5098419189, 91.9742355347, 92.4502487183, 92.9262542725, 93.4022674561, 93.8782730103, 94.3426742554, 94.8186798096, 95.2946929932, 95.7706985474, 96.246711731, 96.7227172852, 97.1987304688, 97.6631240845, 98.1391372681, 98.6151428223, 99.0795440674, 99.555557251, 100.031562805, 100.519180298, 101.030021667, 101.540863037, 102.051696777, 102.701858521, 103.328796387, 103.967346191, 104.594284058, 105.232833862, 105.859771729, 106.486709595, 107.113647461, 107.740585327, 108.379135132, 109.017684937, 109.656234741, 110.294784546, 110.921722412, 111.548660278, 112.175598145, 112.802536011, 113.429473877, 114.068023682, 114.706573486, 115.345123291, 115.983673096, 116.610610962, 117.249160767, 117.876098633, 118.503036499, 119.129974365, 119.76852417, 120.395462036, 121.022399902, 121.649337769, 122.276275635, 122.914825439, 123.541763306, 124.18031311, 124.818862915, 125.45741272, 126.084350586, 126.711288452, 127.338226318, 127.976776123, 128.603713989, 129.230651855, 129.857589722, 130.496139526, 131.134689331, 131.773239136, 132.400177002, 133.027114868, 133.654052734, 134.280990601, 134.907928467, 135.546478271, 136.173416138, 136.800354004, 137.438903809, 138.065841675, 138.692779541, 139.319732666, 139.958267212, 140.596817017, 141.223754883, 141.862304688, 142.500854492, 143.127792358, 143.754730225, 144.393280029, 145.031829834, 145.670379639, 146.297317505, 146.93586731, 147.562805176, 148.189743042, 148.816680908, 149.443618774, 150.070556641, 150.697509766, 151.336044312, 151.962997437, 152.601531982, 153.240081787, 153.878631592, 154.505569458, 155.132507324, 155.759460449, 156.397994995, 157.0365448, 157.663482666, 158.290420532, 158.917373657, 159.544311523, 160.182861328, 160.821395874, 161.448348999, 162.075286865, 162.71383667, 163.352371216, 163.979324341, 164.606262207, 165.233200073, 165.871749878, 166.510284424, 167.148834229, 167.775772095, 168.40272522, 169.029663086, 169.656600952, 170.295150757, 170.933700562, 171.572235107, 172.199172974, 172.826126099, 173.453063965, 174.080001831, 174.706939697, 175.345489502, 175.972427368, 176.599365234, 177.237915039, 177.864852905, 178.491790771, 179.118728638, 179.757278442, 180.395828247, 181.022766113, 181.661315918, 182.299865723, 182.926803589, 183.553741455, 184.180679321, 184.807617188, 185.434555054, 186.073104858, 186.711654663, 187.338592529, 187.965530396, 188.615692139, 189.242630005, 189.869567871, 190.496505737, 191.135055542, 191.773605347, 192.400543213, 193.015869141, 193.654418945, 194.281356812, 194.908294678, 195.546844482, 196.185394287, 196.812332153, 197.43927002, 198.077819824, 198.716369629, 199.343307495, 199.970245361, 200.597183228, 201.224121094, 201.862670898]
},
"tonal": {
    "chords_changes_rate": 0.0742778554559,
    "chords_number_rate": 0.00229252642021,
    "chords_strength": {
        "mean": 0.440335214138,
        "var": 0.0090655265376
    },
    "hpcp_entropy": {
        "mean": 1.91216933727,
        "var": 0.378149837255
    },
    "key_strength": 0.502226948738,
    "tuning_diatonic_strength": 0.438694506884,
    "tuning_equal_tempered_deviation": 0.0326608046889,
    "tuning_frequency": 440.508636475,
    "tuning_nontempered_energy_ratio": 0.674865841866,
    "hpcp": {
        "mean": [0.249941676855, 0.112926356494, 0.047104716301, 0.0509835109115, 0.0587011910975, 0.200459167361, 0.331790745258, 0.188134670258, 0.0347211174667, 0.0179226864129, 0.0168875548989, 0.0422161445022, 0.0658478364348, 0.0457948669791, 0.0640540793538, 0.110796876252, 0.0767293572426, 0.0521227605641, 0.0662953034043, 0.0513424612582, 0.0749915912747, 0.106947593391, 0.0808942764997, 0.0644431039691, 0.0533681325614, 0.047586325556, 0.12470600754, 0.211385771632, 0.233003512025, 0.288614690304, 0.256430268288, 0.112901441753, 0.0941988676786, 0.146574750543, 0.15131688118, 0.229829877615],
        "var": [0.114276960492, 0.0314906127751, 0.013403525576, 0.0179062280804, 0.0182203594595, 0.0682348459959, 0.151249781251, 0.0553156360984, 0.00840965285897, 0.00512247253209, 0.00616124924272, 0.0129615264013, 0.0235160253942, 0.0118918549269, 0.0161588508636, 0.0446066372097, 0.0258087906986, 0.0152521142736, 0.026848629117, 0.0111930640414, 0.0230072364211, 0.0438814871013, 0.0283309761435, 0.0270306710154, 0.0211114063859, 0.0175012778491, 0.0422255806625, 0.079950928688, 0.0952527225018, 0.133016005158, 0.137703821063, 0.0387455932796, 0.0390290394425, 0.0840973258018, 0.0550457909703, 0.100739039481]
    },
    "chords_histogram": [6.62540102005, 14.3512153625, 14.4429159164, 16.8271427155, 5.82301712036, 0.61898213625, 4.76845502853, 5.2040348053, 18.3402099609, 0.550206303596, 3.46171474457, 0, 0.0917010530829, 0.641907393932, 0.0687757879496, 0, 0.0458505265415, 0.0458505265415, 0, 0.389729470015, 0, 0.527281045914, 0, 7.17560768127],
    "thpcp": [1, 0.567028105259, 0.104647636414, 0.0540180429816, 0.0508982092142, 0.127237260342, 0.198461949825, 0.138023346663, 0.193055659533, 0.333936005831, 0.231258273125, 0.15709528327, 0.199810579419, 0.154743507504, 0.226020738482, 0.322334468365, 0.243811130524, 0.194228157401, 0.160848766565, 0.143422707915, 0.375857412815, 0.637105703354, 0.702260434628, 0.86986964941, 0.772867441177, 0.340279042721, 0.283910483122, 0.44176864624, 0.456061184406, 0.692695260048, 0.753311157227, 0.340354144573, 0.141971156001, 0.153661638498, 0.17692232132, 0.604173481464],
    "chords_key": "B",
    "chords_scale": "major",
    "key_key": "G",
    "key_scale": "major"
}
}