{
"lowlevel": {
    "average_loudness": 0.613148570061,
    "barkbands_crest": {
        "mean": 11.4588375092,
        "var": 22.8975830078
    },
    "barkbands_flatness_db": {
        "mean": 0.207567542791,
        "var": 0.00835576839745
    },
    "barkbands_kurtosis": {
        "mean": 5.92011547089,
        "var": 536.692932129
    },
    "barkbands_skewness": {
        "mean": 1.54355418682,
        "var": 2.41868233681
    },
    "barkbands_spread": {
        "mean": 16.8409061432,
        "var": 197.457550049
    },
    "dissonance": {
        "mean": 0.442056745291,
        "var": 0.00212583993562
    },
    "dynamic_complexity": 4.46935081482,
    "erbbands_crest": {
        "mean": 11.6935596466,
        "var": 35.7394828796
    },
    "erbbands_flatness_db": {
        "mean": 0.234918832779,
        "var": 0.00788367260247
    },
    "erbbands_kurtosis": {
        "mean": 1.71616101265,
        "var": 133.786727905
    },
    "erbbands_skewness": {
        "mean": 0.348298192024,
        "var": 1.0653731823
    },
    "erbbands_spread": {
        "mean": 28.7993164063,
        "var": 348.91015625
    },
    "hfc": {
        "mean": 18.3131465912,
        "var": 519.993713379
    },
    "melbands_crest": {
        "mean": 15.4880304337,
        "var": 32.4898834229
    },
    "melbands_flatness_db": {
        "mean": 0.262980878353,
        "var": 0.0124478992075
    },
    "melbands_kurtosis": {
        "mean": 13.2251176834,
        "var": 721.989013672
    },
    "melbands_skewness": {
        "mean": 2.32012701035,
        "var": 3.84204173088
    },
    "melbands_spread": {
        "mean": 19.7272109985,
        "var": 298.10446167
    },
    "pitch_salience": {
        "mean": 0.499297976494,
        "var": 0.0162575729191
    },
    "silence_rate_20dB": {
        "mean": 1,
        "var": 0
    },
    "silence_rate_30dB": {
        "mean": 0.999518752098,
        "var": 0.000480912800413
    },
    "silence_rate_60dB": {
        "mean": 0.190322816372,
        "var": 0.154078662395
    },
    "spectral_centroid": {
        "mean": 1154.54907227,
        "var": 446305.46875
    },
    "spectral_complexity": {
        "mean": 14.5889606476,
        "var": 113.675689697
    },
    "spectral_decrease": {
        "mean": -6.0529630197e-009,
        "var": 3.28084944142e-017
    },
    "spectral_energy": {
        "mean": 0.0245061703026,
        "var": 0.000527708034497
    },
    "spectral_energyband_high": {
        "mean": 0.00075964309508,
        "var": 3.77630749426e-006
    },
    "spectral_energyband_low": {
        "mean": 0.00964056048542,
        "var": 0.000241384666879
    },
    "spectral_energyband_middle_high": {
        "mean": 0.00560212042183,
        "var": 5.65018563066e-005
    },
    "spectral_energyband_middle_low": {
        "mean": 0.00946136564016,
        "var": 8.83070315467e-005
    },
    "spectral_entropy": {
        "mean": 6.99275445938,
        "var": 0.660793721676
    },
    "spectral_flux": {
        "mean": 0.0678079202771,
        "var": 0.00302542257123
    },
    "spectral_kurtosis": {
        "mean": 16.5433044434,
        "var": 610.523254395
    },
    "spectral_rms": {
        "mean": 0.00426299031824,
        "var": 5.73532361159e-006
    },
    "spectral_rolloff": {
        "mean": 1368.78430176,
        "var": 1594919.625
    },
    "spectral_skewness": {
        "mean": 2.38875865936,
        "var": 2.94384074211
    },
    "spectral_spread": {
        "mean": 3329743,
        "var": 3.37820070707e+012
    },
    "spectral_strongpeak": {
        "mean": 1.02457022667,
        "var": 1.35912752151
    },
    "zerocrossingrate": {
        "mean": 0.049321487546,
        "var": 0.00102875311859
    },
    "barkbands": {
        "mean": [0.000106456333015, 0.00542153511196, 0.00338732614182, 0.00134471512865, 0.00239743501879, 0.00112766667735, 0.00189143640455, 0.00129378435668, 0.000963976897765, 0.00111233000644, 0.000729109917302, 0.000634333293419, 0.000675887800753, 0.00056855980074, 0.000559408450499, 0.000457525718957, 0.000552232610062, 0.000257147155935, 0.000181372321094, 0.000176670597284, 0.000186349323485, 0.000204205425689, 0.000114376038255, 8.82796011865e-005, 5.86459391343e-005, 1.44451414599e-005, 4.57307891111e-007],
        "var": [1.40754607969e-007, 0.000100979494164, 4.93067163916e-005, 8.14963914308e-006, 1.59448936756e-005, 4.15228714701e-006, 1.21601178762e-005, 1.00990773717e-005, 5.16674299433e-006, 1.1112259017e-005, 4.19061325374e-006, 2.59346006715e-006, 3.32709441864e-006, 1.68472706719e-006, 1.63813695053e-006, 1.34386596073e-006, 1.62894127698e-006, 3.62463879355e-007, 1.94510803908e-007, 1.89932848116e-007, 2.73689295227e-007, 3.15289753416e-007, 1.24476500218e-007, 9.80054082333e-008, 6.04485208555e-008, 3.75448605539e-009, 8.26971824353e-012]
    },
    "erbbands": {
        "mean": [0.116590969265, 1.36187875271, 3.97879433632, 4.30519485474, 6.26057958603, 8.63032341003, 6.97581005096, 9.70169067383, 20.0769405365, 37.3752975464, 22.6366691589, 22.3572177887, 33.1747512817, 33.5605125427, 28.0277900696, 29.9252853394, 32.7888145447, 30.1976737976, 28.1231765747, 29.1372718811, 26.4371242523, 31.3420372009, 16.7817420959, 10.5299882889, 8.68945026398, 8.60061454773, 7.43883657455, 7.66182470322, 7.29545974731, 5.03131055832, 3.20589709282, 2.09816479683, 1.3274564743, 0.737456977367, 0.36963608861, 0.104424156249, 0.0195358656347, 0.0023388392292, 8.14825689304e-005, 3.23999884131e-005],
        "var": [0.05372184515, 6.58569002151, 57.9520530701, 79.406288147, 112.267425537, 281.61541748, 153.505447388, 381.127868652, 1304.37207031, 6537.17578125, 2441.78198242, 2485.78173828, 9599.02832031, 10082.0107422, 5367.44189453, 5298.94824219, 6845.01269531, 4412.01904297, 3899.11474609, 4577.3359375, 4024.74731445, 5905.96484375, 1340.32592773, 623.339782715, 430.608093262, 450.532073975, 385.558563232, 504.859802246, 411.759399414, 213.96244812, 96.442741394, 48.7539367676, 24.388463974, 9.27706050873, 2.69743227959, 0.210279926658, 0.0064086643979, 0.000114864982606, 1.16372198988e-007, 1.0892554636e-009]
    },
    "gfcc": {
        "mean": [-79.7264938354, 121.072967529, -143.165847778, 9.03221702576, -61.2284202576, -0.140261009336, -40.7311477661, -2.59279537201, -20.5178604126, -4.60174512863, -13.4021434784, -5.11920928955, -8.18642902374],
        "cov": [[14551.3027344, -3043.08813477, 755.951965332, 3439.16015625, 229.523422241, 2255.86010742, 194.625076294, 1203.96594238, 101.372764587, 387.616699219, -445.636291504, 154.935501099, -270.195037842], [-3043.08813477, 2769.23999023, -7.82483196259, -1237.49511719, 790.579772949, -745.110961914, 128.858032227, -380.29498291, 124.174690247, -259.981994629, 144.935760498, -311.651184082, -12.5121631622], [755.951965332, -7.82483196259, 1567.80908203, 780.815490723, 482.367523193, 643.327087402, 312.306762695, 293.330780029, 34.6042366028, 109.221817017, -83.1026153564, 33.1293869019, -94.8760147095], [3439.16015625, -1237.49511719, 780.815490723, 1834.91955566, 197.631896973, 869.046691895, 278.349700928, 504.192443848, 78.7898483276, 170.455596924, -134.334823608, 98.0023422241, -16.0581703186], [229.523422241, 790.579772949, 482.367523193, 197.631896973, 898.563110352, 200.740768433, 256.861755371, 158.701431274, 119.679344177, -7.0710735321, -43.8155937195, -114.597091675, -63.1030311584], [2255.86010742, -745.110961914, 643.327087402, 869.046691895, 200.740768433, 840.660888672, 285.571289063, 345.80166626, 24.9230365753, 143.535552979, -75.1995925903, 72.76612854, -56.2434463501], [194.625076294, 128.858032227, 312.306762695, 278.349700928, 256.861755371, 285.571289063, 436.611907959, 170.211410522, 31.3099632263, 39.8425674438, 33.4941101074, -3.55293941498, -3.59135723114], [1203.96594238, -380.29498291, 293.330780029, 504.192443848, 158.701431274, 345.80166626, 170.211410522, 365.817138672, 86.5931167603, 81.1536865234, -65.2461395264, 38.5828933716, -22.1528396606], [101.372764587, 124.174690247, 34.6042366028, 78.7898483276, 119.679344177, 24.9230365753, 31.3099632263, 86.5931167603, 180.410461426, 46.3954772949, -8.38706016541, -36.7283058167, -4.89172649384], [387.616699219, -259.981994629, 109.221817017, 170.455596924, -7.0710735321, 143.535552979, 39.8425674438, 81.1536865234, 46.3954772949, 177.411132813, 44.1788825989, 32.0690727234, -31.040063858], [-445.636291504, 144.935760498, -83.1026153564, -134.334823608, -43.8155937195, -75.1995925903, 33.4941101074, -65.2461395264, -8.38706016541, 44.1788825989, 177.992446899, 40.9566001892, 12.8236732483], [154.935501099, -311.651184082, 33.1293869019, 98.0023422241, -114.597091675, 72.76612854, -3.55293941498, 38.5828933716, -36.7283058167, 32.0690727234, 40.9566001892, 160.97265625, 45.2282218933], [-270.195037842, -12.5121631622, -94.8760147095, -16.0581703186, -63.1030311584, -56.2434463501, -3.59135723114, -22.1528396606, -4.89172649384, -31.040063858, 12.8236732483, 45.2282218933, 131.879104614]],
        "icov": [[0.000233815022511, -0.000276606268017, 0.000337395264069, -0.000399732962251, 0.000155172761879, -0.000682597048581, 0.000464150623884, -0.000362463382771, 0.000290137832053, -0.000168150654645, 0.000257021572907, -0.000142014003359, 0.000376640411559], [-0.000276606268017, 0.00294907297939, -0.00122518057469, 0.00155222858302, -0.00214541796595, 0.0022849147208, -0.00159115018323, 0.0015585856745, -0.0019985132385, 0.00246066250838, -0.00233676540665, 0.00219671148807, -0.000834062055219], [0.000337395264069, -0.00122518057469, 0.00187266047578, -0.00109434197657, 0.000374187337002, -0.00190070271492, 0.000771155639086, -0.000660850433633, 0.00108867778908, -0.00113177264575, 0.00134222372435, -0.00130836095195, 0.00115960894618], [-0.000399732962251, 0.00155222858302, -0.00109434197657, 0.00239322823472, -0.000972005713265, 0.000873331679031, -0.00106087105814, 0.000279409607174, -0.00121987378225, 0.00101986830123, -0.00101266172715, 0.0011329096742, -0.00133744918276], [0.000155172761879, -0.00214541796595, 0.000374187337002, -0.000972005713265, 0.00343184871599, -0.00157077657059, 0.000415533606429, -0.00139848631807, 0.000543925154489, -0.00110475055408, 0.0015384509461, -0.000568066781852, 0.000819198612589], [-0.000682597048581, 0.0022849147208, -0.00190070271492, 0.000873331679031, -0.00157077657059, 0.00648157484829, -0.00311097851954, 0.000824517395813, -0.00094500213163, 0.000441164564108, -0.000832020596135, 0.000661323894747, -0.000453474756796], [0.000464150623884, -0.00159115018323, 0.000771155639086, -0.00106087105814, 0.000415533606429, -0.00311097851954, 0.00550894811749, -0.00265640905127, 0.00177968083881, -0.000600043858867, -0.00101768982131, 0.000280998792732, -0.00027116027195], [-0.000362463382771, 0.0015585856745, -0.000660850433633, 0.000279409607174, -0.00139848631807, 0.000824517395813, -0.00265640905127, 0.0078666806221, -0.00367034343071, 0.00042781906086, 0.00110538024455, -0.00123342336155, 0.000175488909008], [0.000290137832053, -0.0019985132385, 0.00108867778908, -0.00121987378225, 0.000543925154489, -0.00094500213163, 0.00177968083881, -0.00367034343071, 0.00961373839527, -0.0041491035372, 0.00130185205489, 0.00100685446523, -0.000763189746067], [-0.000168150654645, 0.00246066250838, -0.00113177264575, 0.00101986830123, -0.00110475055408, 0.000441164564108, -0.000600043858867, 0.00042781906086, -0.0041491035372, 0.0113557046279, -0.00539277587086, 0.00116124551278, 0.00155896926299], [0.000257021572907, -0.00233676540665, 0.00134222372435, -0.00101266172715, 0.0015384509461, -0.000832020596135, -0.00101768982131, 0.00110538024455, 0.00130185205489, -0.00539277587086, 0.0111254788935, -0.00501678977162, 0.00110416358802], [-0.000142014003359, 0.00219671148807, -0.00130836095195, 0.0011329096742, -0.000568066781852, 0.000661323894747, 0.000280998792732, -0.00123342336155, 0.00100685446523, 0.00116124551278, -0.00501678977162, 0.012319537811, -0.00450168736279], [0.000376640411559, -0.000834062055219, 0.00115960894618, -0.00133744918276, 0.000819198612589, -0.000453474756796, -0.00027116027195, 0.000175488909008, -0.000763189746067, 0.00155896926299, 0.00110416358802, -0.00450168736279, 0.0109424181283]]
    },
    "melbands": {
        "mean": [0.00129670952447, 0.0020479215309, 0.000808819604572, 0.000563472684007, 0.000272165751085, 0.000222727408982, 0.000334804528393, 0.000389188033296, 0.000167198246345, 0.000142821751069, 0.000163423814229, 0.00013376372226, 9.98857940431e-005, 7.07202634658e-005, 7.5847718108e-005, 6.82107929606e-005, 5.44410795555e-005, 4.46457379439e-005, 3.89312153857e-005, 3.54635085387e-005, 2.89765139314e-005, 3.50472328137e-005, 2.10901253013e-005, 1.10613009383e-005, 8.20714376459e-006, 6.40343796476e-006, 5.89421279074e-006, 5.62549030292e-006, 4.5155989028e-006, 4.60211731479e-006, 4.43135741079e-006, 4.1894613787e-006, 3.78151003133e-006, 2.37516155721e-006, 1.93859273168e-006, 1.45740568769e-006, 1.20585877994e-006, 9.36513799843e-007, 8.17188436031e-007, 5.48877835627e-007],
        "var": [5.64536503589e-006, 1.31507194965e-005, 2.16549301513e-006, 9.19169451663e-007, 2.24890115419e-007, 1.94999614678e-007, 3.52067502263e-007, 7.39731376598e-007, 1.42257405855e-007, 1.13223968867e-007, 2.43169864689e-007, 1.82215302402e-007, 8.01205501944e-008, 3.0892920222e-008, 3.49895579177e-008, 3.7531759034e-008, 1.62450888297e-008, 1.08854489866e-008, 9.34428445731e-009, 7.28375759707e-009, 5.82389514392e-009, 8.85382345217e-009, 2.22786145088e-009, 6.63946675417e-010, 4.41570946474e-010, 2.56255655584e-010, 2.15756204569e-010, 2.21136997602e-010, 1.48409687317e-010, 1.84211756959e-010, 1.79792555843e-010, 1.43627776339e-010, 1.15750575791e-010, 5.51287383799e-011, 3.73978382984e-011, 2.14769695084e-011, 1.89449844701e-011, 1.22233950392e-011, 1.13029065274e-011, 5.77242724106e-012]
    },
    "mfcc": {
        "mean": [-713.114685059, 146.648208618, -19.1064472198, 5.89358043671, -4.07651138306, -2.95511031151, -11.3036756516, -3.56568431854, -5.74261951447, -5.60228729248, -3.60362195969, -1.87082898617, -2.34916734695],
        "cov": [[13619.7929688, -3438.76904297, 580.360473633, 1586.39428711, 756.690673828, 1320.90905762, 652.726074219, 1026.92443848, 796.793701172, 601.156921387, 350.00402832, 317.613922119, 87.1490020752], [-3438.76904297, 3193.18359375, -558.194213867, -580.186096191, 205.696868896, -445.509094238, -133.663955688, -310.83505249, -227.260116577, -114.413368225, -14.0886468887, -101.328582764, -109.758476257], [580.360473633, -558.194213867, 1140.49560547, 397.054199219, 245.021774292, 436.739501953, 324.452514648, 296.731262207, 210.107498169, 121.950004578, 109.811141968, 117.15146637, 65.1525039673], [1586.39428711, -580.186096191, 397.054199219, 827.227050781, 352.932922363, 358.70022583, 284.323669434, 304.5597229, 273.431884766, 178.281478882, 89.5767288208, 98.2381591797, 54.926940918], [756.690673828, 205.696868896, 245.021774292, 352.932922363, 637.051208496, 259.798583984, 184.031707764, 204.931228638, 226.768463135, 169.002075195, 103.124771118, 55.6056098938, 2.8019759655], [1320.90905762, -445.509094238, 436.739501953, 358.70022583, 259.798583984, 507.850769043, 323.921081543, 250.447692871, 202.340560913, 155.081756592, 119.397880554, 89.0735321045, 39.6192016602], [652.726074219, -133.663955688, 324.452514648, 284.323669434, 184.031707764, 323.921081543, 476.562652588, 274.55065918, 177.042984009, 138.131988525, 116.978385925, 91.6731338501, 32.3525733948], [1026.92443848, -310.83505249, 296.731262207, 304.5597229, 204.931228638, 250.447692871, 274.55065918, 368.347747803, 231.348937988, 121.428794861, 83.4657516479, 64.2434005737, 23.5338172913], [796.793701172, -227.260116577, 210.107498169, 273.431884766, 226.768463135, 202.340560913, 177.042984009, 231.348937988, 307.790740967, 177.80178833, 64.3219604492, 35.6874198914, 9.04775619507], [601.156921387, -114.413368225, 121.950004578, 178.281478882, 169.002075195, 155.081756592, 138.131988525, 121.428794861, 177.80178833, 232.046630859, 105.036300659, 36.908203125, 9.39019203186], [350.00402832, -14.0886468887, 109.811141968, 89.5767288208, 103.124771118, 119.397880554, 116.978385925, 83.4657516479, 64.3219604492, 105.036300659, 181.417144775, 97.0609588623, 12.8837757111], [317.613922119, -101.328582764, 117.15146637, 98.2381591797, 55.6056098938, 89.0735321045, 91.6731338501, 64.2434005737, 35.6874198914, 36.908203125, 97.0609588623, 167.251525879, 68.496421814], [87.1490020752, -109.758476257, 65.1525039673, 54.926940918, 2.8019759655, 39.6192016602, 32.3525733948, 23.5338172913, 9.04775619507, 9.39019203186, 12.8837757111, 68.496421814, 124.113891602]],
        "icov": [[0.000156959315063, 0.000128531639348, 0.000170355546288, -8.14840823296e-005, -7.31272084522e-005, -0.00030198530294, 0.000166247264133, -0.00028359060525, 0.000101129167888, -0.000134071087814, 2.01866459975e-005, -0.000150761465193, 0.000142453282024], [0.000128531639348, 0.000658876553643, 0.00022374978289, 0.000285500689643, -0.000730558065698, 0.000346600194462, -0.000408471503761, 0.000159193004947, 0.00016292440705, 8.5446779849e-005, -0.000248838332482, 5.80489650019e-005, 0.000206208831514], [0.000170355546288, 0.00022374978289, 0.00158893771004, -0.00015768360754, -0.000175868321094, -0.00113920622971, 4.61540221295e-005, -0.000608683156315, 3.39321632055e-005, 0.000174047439941, -1.31710739879e-005, -0.000360092119081, -3.06013571389e-005], [-8.14840823296e-005, 0.000285500689643, -0.00015768360754, 0.00252642785199, -0.000916247372515, -9.00116065168e-005, -0.00044673596858, -0.000257820560364, -0.000492531049531, -0.000155262474436, 0.000500728318002, -0.000374133029254, -0.000308702758048], [-7.31272084522e-005, -0.000730558065698, -0.000175868321094, -0.000916247372515, 0.00332654151134, -0.00107791577466, 0.000802958558779, -0.000394776900066, -0.000991035019979, -0.000495042477269, -0.000180927847396, -0.000135757305543, 0.00024103805481], [-0.00030198530294, 0.000346600194462, -0.00113920622971, -9.00116065168e-005, -0.00107791577466, 0.00625641737133, -0.00271300203167, 0.000880467356183, -0.000423858320573, 9.48643209995e-005, -0.00106852536555, 0.000719745992683, -0.000538740074262], [0.000166247264133, -0.000408471503761, 4.61540221295e-005, -0.00044673596858, 0.000802958558779, -0.00271300203167, 0.00559847895056, -0.00320873595774, 0.000829588796478, -0.00120346283074, -5.61776687391e-005, -0.000980782555416, 0.000270185002591], [-0.00028359060525, 0.000159193004947, -0.000608683156315, -0.000257820560364, -0.000394776900066, 0.000880467356183, -0.00320873595774, 0.00871506985277, -0.00475035002455, 0.0025487144012, -0.00138021050952, 0.000705203041434, -0.000407156534493], [0.000101129167888, 0.00016292440705, 3.39321632055e-005, -0.000492531049531, -0.000991035019979, -0.000423858320573, 0.000829588796478, -0.00475035002455, 0.0106529854238, -0.00608638115227, 0.00259995530359, -0.000721267191693, 0.000927450251766], [-0.000134071087814, 8.5446779849e-005, 0.000174047439941, -0.000155262474436, -0.000495042477269, 9.48643209995e-005, -0.00120346283074, 0.0025487144012, -0.00608638115227, 0.0112549709156, -0.0056649018079, 0.00273405923508, -0.0013702919241], [2.01866459975e-005, -0.000248838332482, -1.31710739879e-005, 0.000500728318002, -0.000180927847396, -0.00106852536555, -5.61776687391e-005, -0.00138021050952, 0.00259995530359, -0.0056649018079, 0.012690231204, -0.00721217878163, 0.00307463249192], [-0.000150761465193, 5.80489650019e-005, -0.000360092119081, -0.000374133029254, -0.000135757305543, 0.000719745992683, -0.000980782555416, 0.000705203041434, -0.000721267191693, 0.00273405923508, -0.00721217878163, 0.0129549186677, -0.00614816509187], [0.000142453282024, 0.000206208831514, -3.06013571389e-005, -0.000308702758048, 0.00024103805481, -0.000538740074262, 0.000270185002591, -0.000407156534493, 0.000927450251766, -0.0013702919241, 0.00307463249192, -0.00614816509187, 0.0115754054859]]
    },
    "spectral_contrast_coeffs": {
        "mean": [-0.573257803917, -0.701800227165, -0.732100844383, -0.737899839878, -0.756601452827, -0.756160676479],
        "var": [0.00936748087406, 0.00651454785839, 0.00577396247536, 0.00450168410316, 0.00304584857076, 0.00310656195506]
    },
    "spectral_contrast_valleys": {
        "mean": [-8.63771820068, -7.1238527298, -7.7960858345, -8.34405708313, -8.72432518005, -11.5843048096],
        "var": [3.23207712173, 0.885397911072, 1.09210860729, 1.48548746109, 2.44688272476, 3.53921771049]
    }
},
"metadata": {
    "audio_properties": {
        "analysis_sample_rate": 44100,
        "bit_rate": 128000,
        "equal_loudness": 0,
        "length": 627.17388916,
        "lossless": 0,
        "replay_gain": -13.0781345367,
        "sample_rate": 44100,
        "codec": "mp3",
        "downmix": "mix",
        "md5_encoded": "ce1ce56061830fcfc9f861c4a6bf1bef"
    },
    "tags": {
        "file_name": "2011.mp3"
    },
    "version": {
        "essentia": "2.1-beta2",
        "essentia_git_sha": "v2.1_beta2",
        "extractor": "music 1.0"
    }
},
"rhythm": {
    "beats_count": 1372,
    "beats_loudness": {
        "mean": 0.0307286046445,
        "var": 0.00069516262738
    },
    "bpm": 154.815338135,
    "bpm_histogram_first_peak_bpm": {
        "mean": 157,
        "var": 0
    },
    "bpm_histogram_first_peak_spread": {
        "mean": 0.429184526205,
        "var": 0
    },
    "bpm_histogram_first_peak_weight": {
        "mean": 0.194018959999,
        "var": 0
    },
    "bpm_histogram_second_peak_bpm": {
        "mean": 152,
        "var": 0
    },
    "bpm_histogram_second_peak_spread": {
        "mean": 0.342412412167,
        "var": 0
    },
    "bpm_histogram_second_peak_weight": {
        "mean": 0.123267687857,
        "var": 0
    },
    "danceability": 1.08273148537,
    "onset_rate": 3.45188140869,
    "beats_loudness_band_ratio": {
        "mean": [0.267404407263, 0.22515951097, 0.296221375465, 0.160960569978, 0.0838856622577, 0.0374554023147],
        "var": [0.0905084609985, 0.0466281250119, 0.0558843016624, 0.030362483114, 0.00912631582469, 0.00447386922315]
    },
