{
"lowlevel": {
    "average_loudness": 0.0757929980755,
    "barkbands_crest": {
        "mean": 12.6833057404,
        "var": 18.8341884613
    },
    "barkbands_flatness_db": {
        "mean": 0.27136105299,
        "var": 0.00465152552351
    },
    "barkbands_kurtosis": {
        "mean": 5.09912443161,
        "var": 196.101974487
    },
    "barkbands_skewness": {
        "mean": 1.13327419758,
        "var": 2.21569228172
    },
    "barkbands_spread": {
        "mean": 11.6445112228,
        "var": 83.5973510742
    },
    "dissonance": {
        "mean": 0.404994606972,
        "var": 0.00382342119701
    },
    "dynamic_complexity": 6.10426664352,
    "erbbands_crest": {
        "mean": 13.989607811,
        "var": 33.5157318115
    },
    "erbbands_flatness_db": {
        "mean": 0.300537228584,
        "var": 0.00462501496077
    },
    "erbbands_kurtosis": {
        "mean": 2.17654061317,
        "var": 31.8349266052
    },
    "erbbands_skewness": {
        "mean": 0.577565014362,
        "var": 1.20487952232
    },
    "erbbands_spread": {
        "mean": 20.9917755127,
        "var": 217.353881836
    },
    "hfc": {
        "mean": 10.9558858871,
        "var": 336.16708374
    },
    "melbands_crest": {
        "mean": 16.1199169159,
        "var": 30.8220710754
    },
    "melbands_flatness_db": {
        "mean": 0.328442871571,
        "var": 0.00677714543417
    },
    "melbands_kurtosis": {
        "mean": 9.69916725159,
        "var": 1576.16442871
    },
    "melbands_skewness": {
        "mean": 1.61755824089,
        "var": 3.17419171333
    },
    "melbands_spread": {
        "mean": 18.2585296631,
        "var": 313.793518066
    },
    "pitch_salience": {
        "mean": 0.480765998363,
        "var": 0.0144407078624
    },
    "silence_rate_20dB": {
        "mean": 1,
        "var": 0
    },
    "silence_rate_30dB": {
        "mean": 0.999059617519,
        "var": 0.000939480611123
    },
    "silence_rate_60dB": {
        "mean": 0.335840940475,
        "var": 0.223058506846
    },
    "spectral_centroid": {
        "mean": 1178.70617676,
        "var": 630709.375
    },
    "spectral_complexity": {
        "mean": 7.49892520905,
        "var": 17.9523773193
    },
    "spectral_decrease": {
        "mean": -2.73652145388e-009,
        "var": 1.30758436486e-017
    },
    "spectral_energy": {
        "mean": 0.0113219916821,
        "var": 0.000228865304962
    },
    "spectral_energyband_high": {
        "mean": 6.39225399937e-005,
        "var": 3.82045115543e-008
    },
    "spectral_energyband_low": {
        "mean": 0.00104694173206,
        "var": 6.38099345451e-006
    },
    "spectral_energyband_middle_high": {
        "mean": 0.00497030653059,
        "var": 0.000117283772852
    },
    "spectral_energyband_middle_low": {
        "mean": 0.00614627730101,
        "var": 7.00050295563e-005
    },
    "spectral_entropy": {
        "mean": 6.18322515488,
        "var": 0.404474467039
    },
    "spectral_flux": {
        "mean": 0.0429647192359,
        "var": 0.00176940497477
    },
    "spectral_kurtosis": {
        "mean": 24.6353797913,
        "var": 971.45513916
    },
    "spectral_rms": {
        "mean": 0.00276000727899,
        "var": 3.4282006709e-006
    },
    "spectral_rolloff": {
        "mean": 1331.12927246,
        "var": 1423492.375
    },
    "spectral_skewness": {
        "mean": 2.86181282997,
        "var": 3.77409911156
    },
    "spectral_spread": {
        "mean": 2368142.75,
        "var": 2.19219833651e+012
    },
    "spectral_strongpeak": {
        "mean": 1.44447767735,
        "var": 3.42716288567
    },
    "zerocrossingrate": {
        "mean": 0.0462444461882,
        "var": 0.00108582724351
    },
    "barkbands": {
        "mean": [2.01903685593e-006, 0.000102649006294, 0.000355074880645, 0.000928316498175, 0.000652708928101, 0.00109378818888, 0.000450277380878, 0.000830847711768, 0.00159864395391, 0.00129069399554, 0.000683220045175, 0.000441699958174, 0.000688733707648, 0.000646834319923, 0.000511551334057, 0.000107607091195, 9.1400819656e-005, 0.000273798272246, 0.000343809369951, 0.000205277858186, 1.56840378622e-005, 7.16443310012e-007, 2.59123066826e-006, 2.40916961047e-006, 1.40163774631e-006, 2.48481171639e-007, 2.79070255793e-009],
        "var": [5.60993584919e-010, 1.08425936673e-007, 8.50450874168e-007, 7.51471861804e-006, 1.98245379579e-006, 4.207605798e-006, 7.21438254914e-007, 6.15302997176e-006, 1.48151611938e-005, 2.10325379157e-005, 2.39746150328e-005, 2.71852900369e-006, 8.97635618458e-006, 1.05800427264e-005, 4.02978594138e-006, 4.28184165457e-007, 9.23139893416e-008, 1.0211352901e-006, 1.22998562802e-006, 6.12139785972e-007, 3.21921644897e-009, 1.82883447969e-011, 5.38179188714e-011, 6.28121943347e-010, 7.83584724884e-011, 1.16251539645e-012, 2.95006937741e-016]
    },
    "erbbands": {
        "mean": [0.00136180769186, 0.034200951457, 0.336387723684, 2.12568426132, 1.71915030479, 2.9089152813, 6.82528448105, 8.20069885254, 6.95429515839, 7.11690759659, 30.8516578674, 32.2533683777, 42.3902397156, 37.9636955261, 12.5619840622, 22.0635700226, 31.1092834473, 29.6854953766, 29.1465015411, 19.3002929688, 5.80062437057, 5.68787288666, 12.5471735001, 22.4438800812, 14.8313932419, 8.10042762756, 1.59500777721, 0.235676765442, 0.0352327078581, 0.0307584255934, 0.0855117514729, 0.0562012605369, 0.0407753922045, 0.0234246440232, 0.00599388359115, 0.00165158847813, 0.000379218690796, 2.40881327045e-005, 7.06491528035e-006, 1.37205006467e-005],
        "var": [1.97549015866e-005, 0.00980290863663, 0.736978054047, 36.3378295898, 13.4757680893, 53.5558853149, 214.069732666, 216.089614868, 161.825027466, 204.349960327, 6678.76464844, 5457.5859375, 16262.8564453, 37044.90625, 4316.81591797, 5796.92382813, 15946.4628906, 18377.2871094, 15764.5537109, 5799.68896484, 608.266174316, 306.371032715, 2405.7902832, 5589.29443359, 2442.30639648, 683.921325684, 19.4157543182, 0.574538528919, 0.0336258299649, 0.0105602098629, 0.0669037029147, 0.048644322902, 0.423034638166, 0.0221965350211, 0.00266682286747, 7.80836489866e-005, 1.48811329836e-006, 8.84126816203e-009, 9.7607671945e-011, 3.47333217743e-010]
    },
    "gfcc": {
        "mean": [-174.8046875, 145.717544556, -151.972732544, -4.92468976974, -50.635017395, -22.4325408936, -34.336769104, 7.50770425797, -31.7059955597, -8.11598777771, -2.10922527313, -23.6238307953, -10.0855894089],
        "cov": [[12772.6640625, -858.96105957, -2254.40356445, 703.02154541, -442.84197998, -187.616653442, 115.69720459, 232.224960327, -529.491760254, -393.363189697, 104.589202881, -915.174316406, -164.246948242], [-858.96105957, 3942.79077148, 1063.20458984, -972.196044922, 429.658966064, -521.152038574, 142.718643188, -984.746887207, 99.2405395508, -513.099060059, -28.4887676239, 180.419281006, 201.193466187], [-2254.40356445, 1063.20458984, 1520.42883301, -69.3701324463, -46.5905838013, 139.487121582, -186.129714966, -346.048278809, -67.2306518555, -78.6073379517, -80.6121749878, 316.161956787, 82.1039810181], [703.02154541, -972.196044922, -69.3701324463, 759.466552734, -30.2946357727, 135.795318604, -72.2934570313, 257.001556396, -117.793151855, 81.6726379395, -9.81094741821, -29.1551895142, -27.0985774994], [-442.84197998, 429.658966064, -46.5905838013, -30.2946357727, 471.915222168, -46.3386650085, 52.514125824, 13.5650129318, 104.153007507, -24.43384552, -63.7360153198, -15.4978713989, 65.7783508301], [-187.616653442, -521.152038574, 139.487121582, 135.795318604, -46.3386650085, 467.125183105, 134.114135742, 56.5876655579, 27.8921699524, 64.7960891724, -7.52725553513, -50.9106674194, -90.5479202271], [115.69720459, 142.718643188, -186.129714966, -72.2934570313, 52.514125824, 134.114135742, 449.572479248, -44.0882759094, 91.0569000244, -45.9252586365, 16.0938301086, -87.3126068115, -119.818450928], [232.224960327, -984.746887207, -346.048278809, 257.001556396, 13.5650129318, 56.5876655579, -44.0882759094, 497.113433838, 52.727191925, 152.616165161, -22.8306541443, -71.3801193237, -26.393699646], [-529.491760254, 99.2405395508, -67.2306518555, -117.793151855, 104.153007507, 27.8921699524, 91.0569000244, 52.727191925, 370.693847656, 73.0385360718, -91.5699386597, -34.0321350098, -2.71909618378], [-393.363189697, -513.099060059, -78.6073379517, 81.6726379395, -24.43384552, 64.7960891724, -45.9252586365, 152.616165161, 73.0385360718, 259.945556641, 65.1580276489, 23.0128078461, -43.2591552734], [104.589202881, -28.4887676239, -80.6121749878, -9.81094741821, -63.7360153198, -7.52725553513, 16.0938301086, -22.8306541443, -91.5699386597, 65.1580276489, 282.292266846, 54.590549469, -60.6329269409], [-915.174316406, 180.419281006, 316.161956787, -29.1551895142, -15.4978713989, -50.9106674194, -87.3126068115, -71.3801193237, -34.0321350098, 23.0128078461, 54.590549469, 301.420532227, 103.335784912], [-164.246948242, 201.193466187, 82.1039810181, -27.0985774994, 65.7783508301, -90.5479202271, -119.818450928, -26.393699646, -2.71909618378, -43.2591552734, -60.6329269409, 103.335784912, 243.705627441]],
        "icov": [[0.000227444674238, -0.000425101286964, 0.000636419921648, -0.000436193920905, 0.000523968541529, -0.000447295577032, 0.000300398387481, -0.000219061897951, 0.000314987031743, 2.96729594993e-005, 0.000166935991729, 0.000219808454858, 1.47868713611e-005], [-0.000425101286964, 0.00303882267326, -0.00292662763968, 0.00194473401643, -0.00257018324919, 0.00322914426215, -0.00167580193374, 0.00235005700961, -0.00148171873298, 0.00177836453076, -0.00175245909486, 0.000919728423469, -0.000795763742644], [0.000636419921648, -0.00292662763968, 0.00447683501989, -0.00210983445868, 0.00262057222426, -0.00390943652019, 0.00246653077193, -0.00123800011352, 0.00157632736955, -0.00106223637704, 0.00230907090008, -0.00190103356726, 0.00123052729759], [-0.000436193920905, 0.00194473401643, -0.00210983445868, 0.00329905515537, -0.00190519471653, 0.00156485894695, -0.000953220587689, 0.000467744976049, -0.000191045706742, 0.000663496204652, -0.000747834623326, 0.000212356506381, -0.000304642133415], [0.000523968541529, -0.00257018324919, 0.00262057222426, -0.00190519471653, 0.0048157311976, -0.00238754530437, 0.000987077597529, -0.00200564484112, 0.000749243306927, -0.00111097027548, 0.0015001995489, -0.000151280866703, -0.000290004361887], [-0.000447295577032, 0.00322914426215, -0.00390943652019, 0.00156485894695, -0.00238754530437, 0.00667563453317, -0.00314777041785, 0.00213247304782, -0.00153948762454, 0.000916675897315, -0.00183151708916, 0.00191834405996, -0.00079170364188], [0.000300398387481, -0.00167580193374, 0.00246653077193, -0.000953220587689, 0.000987077597529, -0.00314777041785, 0.00475810281932, -0.000659829645883, -0.000116712610179, 0.000603588414378, 0.000672812981065, -0.000942601123825, 0.00215378776193], [-0.000219061897951, 0.00235005700961, -0.00123800011352, 0.000467744976049, -0.00200564484112, 0.00213247304782, -0.000659829645883, 0.00560928601772, -0.00134426471777, 3.68976216123e-005, -0.000631703238469, 0.000799802481197, -0.000506662938278], [0.000314987031743, -0.00148171873298, 0.00157632736955, -0.000191045706742, 0.000749243306927, -0.00153948762454, -0.000116712610179, -0.00134426471777, 0.00503727979958, -0.0026951385662, 0.00252448930405, -0.000144337638631, 0.000173126842128], [2.96729594993e-005, 0.00177836453076, -0.00106223637704, 0.000663496204652, -0.00111097027548, 0.000916675897315, 0.000603588414378, 3.68976216123e-005, -0.0026951385662, 0.00825341138989, -0.00297499401495, -0.000143595418194, 0.000680374039803], [0.000166935991729, -0.00175245909486, 0.00230907090008, -0.000747834623326, 0.0015001995489, -0.00183151708916, 0.000672812981065, -0.000631703238469, 0.00252448930405, -0.00297499401495, 0.00657631736249, -0.00251693371683, 0.00207863026299], [0.000219808454858, 0.000919728423469, -0.00190103356726, 0.000212356506381, -0.000151280866703, 0.00191834405996, -0.000942601123825, 0.000799802481197, -0.000144337638631, -0.000143595418194, -0.00251693371683, 0.00726486928761, -0.00330405170098], [1.47868713611e-005, -0.000795763742644, 0.00123052729759, -0.000304642133415, -0.000290004361887, -0.00079170364188, 0.00215378776193, -0.000506662938278, 0.000173126842128, 0.000680374039803, 0.00207863026299, -0.00330405170098, 0.0071507897228]]
    },
    "melbands": {
        "mean": [2.05527339858e-005, 0.000123141187942, 0.000345728534739, 0.000149615298142, 0.000211489459616, 0.00019223120762, 0.000101112265838, 7.99621193437e-005, 0.000292601413094, 0.000197857487365, 0.000211278573261, 0.000153940665768, 6.05811437708e-005, 3.24443390127e-005, 8.94553450053e-005, 5.5655502365e-005, 5.70469601371e-005, 4.79117989016e-005, 4.29114843428e-005, 1.15166740215e-005, 5.55492852072e-006, 5.69996927879e-006, 7.34943205316e-006, 1.36982671393e-005, 1.97458302864e-005, 8.83621305547e-006, 1.20968716146e-005, 3.65526830137e-006, 1.06053209947e-006, 4.01666198968e-007, 4.03633002577e-008, 1.6881839926e-008, 1.11437978845e-008, 1.78032220077e-008, 4.76182790976e-008, 5.146845794e-008, 2.81638232735e-008, 2.91399846475e-008, 2.34788100073e-008, 1.90822042612e-008],
        "var": [4.53758230989e-009, 1.02376930045e-007, 8.76454805621e-007, 1.18390346415e-007, 1.76146656372e-007, 1.11144942139e-007, 3.20837401091e-008, 3.04430152198e-008, 5.63206356219e-007, 2.55554823525e-007, 4.40098659737e-007, 5.88040791172e-007, 1.74150258658e-007, 1.70412111089e-008, 1.32615085136e-007, 8.03890003453e-008, 8.2006678781e-008, 6.75704541209e-008, 3.09025693923e-008, 4.49116610568e-009, 6.5864130816e-010, 4.06797845409e-010, 1.12932008189e-009, 2.91601653934e-009, 5.25215293479e-009, 1.18869247778e-009, 2.58930188402e-009, 1.81230946916e-010, 1.10227044506e-011, 2.94147974207e-012, 3.13821065217e-014, 1.4615119824e-014, 2.91380413822e-015, 3.97320582129e-015, 2.45051679957e-014, 2.49363585878e-014, 2.04154066292e-014, 2.18174531718e-013, 8.68287307831e-014, 1.16745483859e-014]
    },
    "mfcc": {
        "mean": [-810.899719238, 167.215377808, -25.3742828369, 10.1074953079, -4.11424970627, -31.0743141174, 7.60489416122, -9.1960849762, -17.966506958, 10.7020015717, -8.9686164856, -5.0342297554, -6.60178232193],
        "cov": [[8140.90136719, 1236.08654785, -1571.00610352, 585.825073242, -249.547393799, -696.509338379, 633.849182129, -155.306793213, -400.456695557, 637.202941895, -446.201812744, -207.090087891, -487.835235596], [1236.08654785, 3185.44287109, 604.467407227, -423.94732666, -61.6807022095, 224.077041626, -327.95022583, -102.887069702, -215.33921814, -594.823974609, -176.110931396, -336.105773926, -107.97870636], [-1571.00610352, 604.467407227, 1374.96154785, -360.818969727, -51.3075332642, 499.545532227, -276.891906738, 17.9356594086, -2.56046175957, -441.222564697, 2.56090140343, -125.65953064, -15.0466537476], [585.825073242, -423.94732666, -360.818969727, 580.195129395, 126.797370911, -231.317062378, 169.954544067, -5.79819822311, -27.3937091827, 127.768424988, -104.078384399, 54.2816238403, 89.7956695557], [-249.547393799, -61.6807022095, -51.3075332642, 126.797370911, 353.315124512, -8.22009468079, -65.2936477661, 9.0190448761, 134.230895996, -22.4909915924, -21.3863544464, 14.0372362137, 45.2913703918], [-696.509338379, 224.077041626, 499.545532227, -231.317062378, -8.22009468079, 518.417663574, -43.6206893921, 74.9984893799, 66.8172912598, -107.290672302, 85.0875320435, -58.7041702271, -30.9952945709], [633.849182129, -327.95022583, -276.891906738, 169.954544067, -65.2936477661, -43.6206893921, 412.097045898, 71.7441329956, -134.169708252, 235.984924316, -11.6949663162, 27.0255908966, -19.867483139], [-155.306793213, -102.887069702, 17.9356594086, -5.79819822311, 9.0190448761, 74.9984893799, 71.7441329956, 200.849243164, 73.0318832397, 32.0945472717, 51.4718475342, -10.4864082336, -8.55785369873], [-400.456695557, -215.33921814, -2.56046175957, -27.3937091827, 134.230895996, 66.8172912598, -134.169708252, 73.0318832397, 461.335754395, 34.037902832, 76.9693145752, 19.7452430725, -92.2662734985], [637.202941895, -594.823974609, -441.222564697, 127.768424988, -22.4909915924, -107.290672302, 235.984924316, 32.0945472717, 34.037902832, 452.250701904, 103.913078308, 104.051017761, -59.5097885132], [-446.201812744, -176.110931396, 2.56090140343, -104.078384399, -21.3863544464, 85.0875320435, -11.6949663162, 51.4718475342, 76.9693145752, 103.913078308, 276.276031494, 134.982666016, 28.0198631287], [-207.090087891, -336.105773926, -125.65953064, 54.2816238403, 14.0372362137, -58.7041702271, 27.0255908966, -10.4864082336, 19.7452430725, 104.051017761, 134.982666016, 277.913757324, 141.096496582], [-487.835235596, -107.97870636, -15.0466537476, 89.7956695557, 45.2913703918, -30.9952945709, -19.867483139, -8.55785369873, -92.2662734985, -59.5097885132, 28.0198631287, 141.096496582, 328.694458008]],
        "icov": [[0.000341524457326, -0.000283059023786, 0.000265828304691, -0.000261692999629, 0.000213410006836, 1.21434259199e-005, -6.3923849666e-005, 1.36467242555e-005, 0.000122705750982, -0.000483931420604, 0.000484082876937, -0.000216345943045, 0.000464213022497], [-0.000283059023786, 0.000731734675355, -0.000134014917421, 0.000414058828028, -0.000243520786171, -0.000101033794635, 0.00016049160331, 8.24949383968e-005, 0.00018259465287, 0.000942525570281, -0.000440119532868, 0.000461348565295, -0.000201722141355], [0.000265828304691, -0.000134014917421, 0.0019172426546, -0.000105500097561, 0.000378701777663, -0.00137057597749, 0.000482655770611, -0.000109839966171, 0.000437972572399, 0.000837242172565, 0.000442150252638, -0.000350587040884, 0.000699308526237], [-0.000261692999629, 0.000414058828028, -0.000105500097561, 0.00341668305919, -0.00121234136168, 0.000882328895386, -0.0011819176143, 0.000110941640742, -0.000351926544681, 0.000278951134533, 0.000753719999921, 0.000103927719465, -0.00116604811046], [0.000213410006836, -0.000243520786171, 0.000378701777663, -0.00121234136168, 0.00401519378647, -0.000441603624495, 0.000614474760368, -2.08429573831e-005, -0.00108050671406, -0.000234973209444, 0.00066205393523, -6.43921739538e-005, -0.000347676075762], [1.21434259199e-005, -0.000101033794635, -0.00137057597749, 0.000882328895386, -0.000441603624495, 0.00396813172847, -0.00126435502898, -0.000313035969157, -0.000700357661117, -0.000109093896754, -0.00113450700883, 0.000962615711614, -0.000501335365698], [-6.3923849666e-005, 0.00016049160331, 0.000482655770611, -0.0011819176143, 0.000614474760368, -0.00126435502898, 0.00606815516949, -0.00253220717423, 0.00228218408301, -0.00234026811086, 0.00120276375674, -0.000664112740196, 0.000799254456069], [1.36467242555e-005, 8.24949383968e-005, -0.000109839966171, 0.000110941640742, -2.08429573831e-005, -0.000313035969157, -0.00253220717423, 0.0070744198747, -0.00176890520379, 0.000725902151316, -0.00169333454687, 0.00161977764219, -0.000899574253708], [0.000122705750982, 0.00018259465287, 0.000437972572399, -0.000351926544681, -0.00108050671406, -0.000700357661117, 0.00228218408301, -0.00176890520379, 0.00417687138543, -0.000533009239007, 2.41414891207e-005, -0.000930575130042, 0.00200639409013], [-0.000483931420604, 0.000942525570281, 0.000837242172565, 0.000278951134533, -0.000234973209444, -0.000109093896754, -0.00234026811086, 0.000725902151316, -0.000533009239007, 0.00685818912461, -0.00264757708646, -0.000368384062313, 0.000928929017391], [0.000484082876937, -0.000440119532868, 0.000442150252638, 0.000753719999921, 0.00066205393523, -0.00113450700883, 0.00120276375674, -0.00169333454687, 2.41414891207e-005, -0.00264757708646, 0.00793959572911, -0.00379376090132, 0.000697750714608], [-0.000216345943045, 0.000461348565295, -0.000350587040884, 0.000103927719465, -6.43921739538e-005, 0.000962615711614, -0.000664112740196, 0.00161977764219, -0.000930575130042, -0.000368384062313, -0.00379376090132, 0.00799732655287, -0.00354976928793], [0.000464213022497, -0.000201722141355, 0.000699308526237, -0.00116604811046, -0.000347676075762, -0.000501335365698, 0.000799254456069, -0.000899574253708, 0.00200639409013, 0.000928929017391, 0.000697750714608, -0.00354976928793, 0.00623681489378]]
    },
    "spectral_contrast_coeffs": {
        "mean": [-0.589615523815, -0.635528504848, -0.669273674488, -0.672951698303, -0.703238964081, -0.785365521908],
        "var": [0.0137132555246, 0.0102198468521, 0.012300375849, 0.0116678569466, 0.00892967730761, 0.00346095603891]
    },
    "spectral_contrast_valleys": {
        "mean": [-9.61329174042, -8.15781021118, -9.25460720062, -9.94631767273, -10.0002326965, -13.4763965607],
        "var": [1.4403553009, 1.95794606209, 1.54856264591, 1.20382857323, 1.61633050442, 1.35583806038]
    }
},
"metadata": {
    "audio_properties": {
        "analysis_sample_rate": 44100,
        "bit_rate": 128000,
        "equal_loudness": 0,
        "length": 172.826126099,
        "lossless": 0,
        "replay_gain": -13.5578556061,
        "sample_rate": 44100,
        "codec": "mp3",
        "downmix": "mix",
        "md5_encoded": "db2834e540d57969819ea2a4e8f4924e"
    },
    "tags": {
        "file_name": "2015.mp3"
    },
    "version": {
        "essentia": "2.1-beta2",
        "essentia_git_sha": "v2.1_beta2",
        "extractor": "music 1.0"
    }
},
"rhythm": {
    "beats_count": 336,
    "beats_loudness": {
        "mean": 0.0166043639183,
        "var": 0.000339537509717
    },
    "bpm": 123.058013916,
    "bpm_histogram_first_peak_bpm": {
        "mean": 123,
        "var": 0
    },
    "bpm_histogram_first_peak_spread": {
        "mean": 0.606382966042,
        "var": 0
    },
    "bpm_histogram_first_peak_weight": {
        "mean": 0.110447764397,
        "var": 0
    },
    "bpm_histogram_second_peak_bpm": {
        "mean": 108,
        "var": 0
    },
    "bpm_histogram_second_peak_spread": {
        "mean": 0.659340679646,
        "var": 0
    },
    "bpm_histogram_second_peak_weight": {
        "mean": 0.0925373136997,
        "var": 0
    },
    "danceability": 1.02553272247,
    "onset_rate": 4.02689838409,
    "beats_loudness_band_ratio": {
        "mean": [0.159348830581, 0.249377161264, 0.31974080205, 0.178717955947, 0.11017164588, 0.0304414350539],
        "var": [0.0325292162597, 0.0668954327703, 0.0576919093728, 0.0401097610593, 0.02702444233, 0.00197172421031]
    },
    "beats_position": [0.487619042397, 0.986848056316, 1.47446703911, 1.97369611263, 2.46131515503, 2.97215414047, 3.48299312592, 3.97061228752, 4.45823097229, 4.95746040344, 5.44507932663, 5.92108821869, 6.420317173, 6.91954612732, 7.4303855896, 7.94122457504, 8.42884349823, 8.91646194458, 9.4040813446, 9.90331077576, 10.4025392532, 10.9017686844, 11.4009971619, 11.8886165619, 12.3762359619, 12.8638544083, 13.3746938705, 13.8855323792, 14.3963718414, 14.90721035, 15.4180498123, 15.9521083832, 16.50938797, 17.0550556183, 17.6239452362, 18.2160549164, 18.7965526581, 19.3422222137, 19.8878898621, 20.4335594177, 20.9792289734, 21.5248966217, 22.0821762085, 22.6742858887, 23.2663936615, 23.8468933105, 24.4273910522, 25.0078907013, 25.553560257, 26.0992279053, 26.6565074921, 27.22539711, 27.7942848206, 28.3631744385, 28.9088420868, 29.4661216736, 30.0234012604, 30.5806789398, 31.1379585266, 31.753288269, 32.357006073, 32.9258956909, 33.4947853088, 34.0636711121, 34.6441726685, 35.2130622864, 35.7703399658, 36.3508377075, 36.9313354492, 37.4770050049, 38.034286499, 38.5915641785, 39.1372337341, 39.6829032898, 40.216960907, 40.7510185242, 41.2850799561, 41.8075294495, 42.3299751282, 42.8524246216, 43.374874115, 43.8973236084, 44.4081611633, 44.919002533, 45.4182319641, 45.929069519, 46.439907074, 46.9507484436, 47.4615859985, 47.9840354919, 48.5064849854, 49.0289344788, 49.5513839722, 50.0854415894, 50.6427192688, 51.2000007629, 51.7456665039, 52.3145561218, 52.871837616, 53.4175033569, 53.9747848511, 54.5436706543, 55.1357803345, 55.7162818909, 56.2967796326, 56.8888893127, 57.4809951782, 58.0614967346, 58.6536026001, 59.2457122803, 59.8378219604, 60.4299316406, 61.0220413208, 61.6141471863, 62.2178688049, 62.7867546082, 63.3440361023, 63.9013137817, 64.470199585, 65.0390930176, 65.5963668823, 66.142036438, 66.6993179321, 67.2682037354, 67.8487091064, 68.4292068481, 69.0097045898, 69.5902023315, 70.1590881348, 70.7279815674, 71.2968673706, 71.8425369263, 72.3998184204, 72.9687042236, 73.5375976563, 74.094871521, 74.5128326416, 74.9307937622, 75.3487548828, 75.7551040649, 76.1382293701, 76.5329666138, 76.9509277344, 77.3572769165, 77.7636260986, 78.1815872192, 78.5879364014, 78.9942855835, 79.4006347656, 79.8069839478, 80.2249450684, 80.6080703735, 80.9912033081, 81.3743286133, 81.8851699829, 82.4076156616, 82.9184570313, 83.4873428345, 84.0562362671, 84.6251220703, 85.205619812, 85.7861175537, 86.3782272339, 86.9703369141, 87.5624465942, 88.1429443359, 88.7234420776, 89.2807235718, 89.8263931274, 90.3836746216, 90.9293441772, 91.486618042, 92.0438995361, 92.6011810303, 93.158454895, 93.7157363892, 94.2730178833, 94.830291748, 95.3875732422, 95.9564590454, 96.5137405396, 97.0826263428, 97.6631240845, 98.1971893311, 98.7312469482, 99.2420806885, 99.8458023071, 100.437911987, 101.041633606, 101.645347595, 102.260681152, 102.759910583, 103.282356262, 103.781585693, 104.280815125, 104.780044556, 105.279273987, 105.755279541, 106.231292725, 106.707298279, 107.183311462, 107.624488831, 108.065666199, 108.506843567, 108.948028564, 109.365982056, 109.783943176, 110.201904297, 110.631469727, 111.061042786, 111.490608215, 111.920181274, 112.372970581, 112.825759888, 113.301765442, 113.777778625, 114.230567932, 114.706573486, 115.159362793, 115.623764038, 116.076553345, 116.529342651, 116.97052002, 117.411697388, 117.852874756, 118.305664063, 118.74684906, 119.188026428, 119.640815735, 120.10521698, 120.604438782, 121.115280151, 121.626121521, 122.125350952, 122.636184692, 123.158638, 123.646255493, 124.133872986, 124.621498108, 125.074279785, 125.53868103, 126.003082275, 126.47908783, 126.943489075, 127.40789032, 127.849067688, 128.267028809, 128.708206177, 129.149383545, 129.625396729, 130.113006592, 130.612243652, 131.111465454, 131.610702515, 132.121536255, 132.655593872, 133.189651489, 133.723709106, 134.246170044, 134.780227661, 135.291061401, 135.81350708, 136.347564697, 136.858413696, 137.369247437, 137.891693115, 138.402542114, 138.901763916, 139.3777771, 139.853790283, 140.31817627, 140.794189453, 141.270202637, 141.769424438, 142.257049561, 142.733062744, 143.209060669, 143.685073853, 144.172698975, 144.660308838, 145.14793396, 145.623947144, 146.099945068, 146.58757019, 147.075195313, 147.562805176, 148.050430298, 148.514831543, 148.990829468, 149.47845459, 149.97769165, 150.465301514, 150.976135254, 151.486984253, 151.974594116, 152.462219238, 152.94984436, 153.437454224, 153.913467407, 154.401092529, 154.877090454, 155.364715576, 155.863937378, 156.363174438, 156.86239624, 157.350021362, 157.849243164, 158.336868286, 158.801269531, 159.288879395, 159.764892578, 160.229293823, 160.716918945, 161.204528809, 161.703765869, 162.202987671, 162.71383667, 163.236282349, 163.712280273, 164.188293457, 164.652694702, 165.09387207, 165.546661377, 166.022674561, 166.487075806, 166.951477051, 167.427474976, 167.903488159, 168.391113281, 168.925170898, 169.436004639, 169.970062256, 170.504119873, 171.049789429, 171.583847046, 172.117904663]
},
"tonal": {
    "chords_changes_rate": 0.0483481064439,
    "chords_number_rate": 0.00322320708074,
    "chords_strength": {
        "mean": 0.521970510483,
        "var": 0.0117798792198
    },
    "hpcp_entropy": {
        "mean": 1.43320453167,
        "var": 0.470548331738
    },
    "key_strength": 0.857164978981,
    "tuning_diatonic_strength": 0.628084599972,
    "tuning_equal_tempered_deviation": 0.00939878169447,
    "tuning_frequency": 441.017791748,
    "tuning_nontempered_energy_ratio": 0.633561074734,
    "hpcp": {
        "mean": [0.0554175898433, 0.0641876682639, 0.146298378706, 0.235287293792, 0.162065073848, 0.0649305507541, 0.0409587062895, 0.0283969212323, 0.0654152259231, 0.100002937019, 0.0626651346684, 0.0312802642584, 0.0345877185464, 0.0384275279939, 0.113197468221, 0.171854943037, 0.119636438787, 0.277474939823, 0.428226858377, 0.226072981954, 0.059631280601, 0.0418589040637, 0.0390360727906, 0.12170805037, 0.179452046752, 0.100580684841, 0.0468060523272, 0.0448075011373, 0.0393891818821, 0.110329702497, 0.173552885652, 0.119945399463, 0.0968484282494, 0.10829847306, 0.0659206733108, 0.0436609983444],
        "var": [0.0242644250393, 0.0268777254969, 0.050661675632, 0.101481124759, 0.0598396956921, 0.0250157080591, 0.0140684340149, 0.00845168996602, 0.0274843275547, 0.0581384934485, 0.0243858825415, 0.0125468624756, 0.0141263026744, 0.014777245, 0.0466915592551, 0.0990539118648, 0.0381953492761, 0.0865353122354, 0.186970919371, 0.0647344365716, 0.03138480708, 0.0229517314583, 0.0173572767526, 0.05045132339, 0.0938459932804, 0.0354474112391, 0.0217575076967, 0.0223573837429, 0.0137920603156, 0.0383615270257, 0.0821433141828, 0.0435013025999, 0.0386699736118, 0.0574005022645, 0.0258655827492, 0.016629178077]
    },
    "chords_histogram": [44.3728179932, 4.37818956375, 14.0209512711, 1.20870268345, 2.63228583336, 0, 0.966962099075, 0.483481049538, 0.0805801749229, 0, 0.590921282768, 0.161160349846, 0.644641399384, 0, 0.429760932922, 1.34300291538, 0.161160349846, 3.97528862953, 0, 2.4442653656, 1.396723032, 1.02068221569, 13.7254905701, 5.96293306351],
    "thpcp": [1, 0.527928054333, 0.139251619577, 0.0977493673563, 0.0911574587226, 0.284213960171, 0.419058352709, 0.234877109528, 0.109301999211, 0.104634962976, 0.0919820442796, 0.2576431036, 0.405282586813, 0.280097782612, 0.226161494851, 0.252899765968, 0.153938665986, 0.101957634091, 0.129411756992, 0.149891734123, 0.341637551785, 0.549445450306, 0.378456115723, 0.151626527309, 0.0956472158432, 0.0663127973676, 0.152758345008, 0.233527943492, 0.146336302161, 0.0730460137129, 0.0807696133852, 0.089736379683, 0.264339953661, 0.401317536831, 0.279376298189, 0.647962510586],
    "chords_key": "D#",
    "chords_scale": "major",
    "key_key": "D#",
    "key_scale": "major"
}
}