{
"lowlevel": {
    "average_loudness": 0.803940594196,
    "barkbands_crest": {
        "mean": 9.85819149017,
        "var": 14.8549194336
    },
    "barkbands_flatness_db": {
        "mean": 0.223818704486,
        "var": 0.00207951827906
    },
    "barkbands_kurtosis": {
        "mean": 2.43019080162,
        "var": 15.6445522308
    },
    "barkbands_skewness": {
        "mean": 1.1455630064,
        "var": 0.668493926525
    },
    "barkbands_spread": {
        "mean": 9.70314693451,
        "var": 21.8435211182
    },
    "dissonance": {
        "mean": 0.441403001547,
        "var": 0.00134255026933
    },
    "dynamic_complexity": 3.60861515999,
    "erbbands_crest": {
        "mean": 11.9970932007,
        "var": 29.6177501678
    },
    "erbbands_flatness_db": {
        "mean": 0.293950617313,
        "var": 0.00212783366442
    },
    "erbbands_kurtosis": {
        "mean": 1.17661201954,
        "var": 8.29398918152
    },
    "erbbands_skewness": {
        "mean": 0.670936107635,
        "var": 0.615702092648
    },
    "erbbands_spread": {
        "mean": 16.6746273041,
        "var": 50.5381088257
    },
    "hfc": {
        "mean": 19.6218338013,
        "var": 243.358062744
    },
    "melbands_crest": {
        "mean": 12.5317544937,
        "var": 23.2280101776
    },
    "melbands_flatness_db": {
        "mean": 0.259043693542,
        "var": 0.0036127276253
    },
    "melbands_kurtosis": {
        "mean": 4.54174375534,
        "var": 30.0295295715
    },
    "melbands_skewness": {
        "mean": 1.44818663597,
        "var": 0.626529276371
    },
    "melbands_spread": {
        "mean": 14.7717857361,
        "var": 96.8038253784
    },
    "pitch_salience": {
        "mean": 0.577821552753,
        "var": 0.00928521715105
    },
    "silence_rate_20dB": {
        "mean": 1,
        "var": 0
    },
    "silence_rate_30dB": {
        "mean": 1,
        "var": 0
    },
    "silence_rate_60dB": {
        "mean": 0.0850020423532,
        "var": 0.0777763277292
    },
    "spectral_centroid": {
        "mean": 989.378234863,
        "var": 142485.359375
    },
    "spectral_complexity": {
        "mean": 16.5692691803,
        "var": 37.7425193787
    },
    "spectral_decrease": {
        "mean": -5.36944355645e-009,
        "var": 1.48009809284e-017
    },
    "spectral_energy": {
        "mean": 0.0220452398062,
        "var": 0.000250850600423
    },
    "spectral_energyband_high": {
        "mean": 0.000201786882826,
        "var": 1.69113192783e-007
    },
    "spectral_energyband_low": {
        "mean": 7.2017464845e-005,
        "var": 2.00981435938e-008
    },
    "spectral_energyband_middle_high": {
        "mean": 0.00724500278011,
        "var": 4.26576625614e-005
    },
    "spectral_energyband_middle_low": {
        "mean": 0.0149424495175,
        "var": 0.000140627264045
    },
    "spectral_entropy": {
        "mean": 6.68177127838,
        "var": 0.168034493923
    },
    "spectral_flux": {
        "mean": 0.0573193207383,
        "var": 0.00120327970944
    },
    "spectral_kurtosis": {
        "mean": 19.5455875397,
        "var": 333.147399902
    },
    "spectral_rms": {
        "mean": 0.00429148087278,
        "var": 3.09076494887e-006
    },
    "spectral_rolloff": {
        "mean": 1340.08312988,
        "var": 1093702.125
    },
    "spectral_skewness": {
        "mean": 2.84046363831,
        "var": 1.37925410271
    },
    "spectral_spread": {
        "mean": 2126594.25,
        "var": 1.39767054336e+012
    },
    "spectral_strongpeak": {
        "mean": 1.89202141762,
        "var": 2.10727071762
    },
    "zerocrossingrate": {
        "mean": 0.0488390997052,
        "var": 0.00109486712608
    },
    "barkbands": {
        "mean": [1.6925929458e-006, 1.04385917439e-005, 2.27660148084e-005, 6.50292204227e-005, 0.000667154730763, 0.00238380162045, 0.00313723622821, 0.00441657658666, 0.00356097472832, 0.00145900738426, 0.000879790692125, 0.00119193282444, 0.0010184799321, 0.000784041068982, 0.00106464803685, 0.000320896622725, 0.000619051454123, 0.000166364261531, 6.56817719573e-005, 1.62413634825e-005, 3.30991315423e-005, 8.91364179552e-005, 4.92927283631e-005, 2.05401865969e-005, 1.02289197912e-006, 3.90259856431e-007, 1.5925371244e-008],
        "var": [5.50619272399e-011, 1.34456390466e-010, 2.05987538138e-009, 1.67416462915e-008, 1.25919655147e-006, 7.56459076001e-006, 1.49811048686e-005, 2.92587410513e-005, 4.95756758028e-005, 2.70256123258e-006, 1.5939270952e-006, 3.99293730879e-006, 3.68597761735e-006, 1.83009944976e-006, 4.44862143922e-006, 3.5982751001e-007, 1.46395598222e-006, 6.46122089165e-008, 1.55740806917e-008, 8.49783299284e-010, 1.02936397184e-008, 8.43361078751e-008, 1.85671371611e-008, 1.53900252542e-008, 7.63510782376e-012, 1.19564406119e-012, 1.43556990432e-014]
    },
    "erbbands": {
        "mean": [0.000182566247531, 0.00298709678464, 0.0185023415834, 0.156413987279, 0.454897224903, 1.79845416546, 14.9953212738, 16.8204345703, 35.2870750427, 53.8768081665, 124.076980591, 99.5213623047, 52.4786911011, 35.8551445007, 36.4749412537, 61.0775375366, 54.5698699951, 46.5206794739, 49.5618171692, 38.8898696899, 25.024438858, 28.4586620331, 11.9665517807, 5.98215866089, 2.43198800087, 0.970179736614, 1.23590624332, 1.56466293335, 3.14789485931, 2.43891787529, 0.971244573593, 0.775005638599, 0.13259023428, 0.0144310807809, 0.00629891827703, 0.00203269440681, 0.000831294280943, 0.00010606169235, 1.47628761624e-005, 2.64709997282e-005],
        "var": [3.7586094237e-008, 9.909255823e-006, 0.000939776189625, 0.108633376658, 0.192650809884, 6.65678215027, 704.842590332, 346.600158691, 2652.72875977, 4136.48193359, 22181.1835938, 36653.0898438, 4599.77050781, 1824.08154297, 1909.30114746, 9707.5625, 8283.87011719, 5060.20263672, 13002.3164063, 6029.45361328, 1443.21459961, 3279.88110352, 382.348266602, 83.5662765503, 16.4807491302, 2.55545186996, 13.6093482971, 19.5083503723, 114.556251526, 39.1924285889, 7.46626710892, 16.8138523102, 0.518685758114, 0.00134636007715, 0.000389909022488, 2.32268921536e-005, 8.57515624375e-006, 1.223122581e-007, 2.41292652525e-010, 3.69605568373e-010]
    },
    "gfcc": {
        "mean": [-92.5109176636, 135.158111572, -187.752471924, -28.96118927, -78.3757705688, -17.7624969482, -42.5648155212, -12.6979894638, -3.0838997364, -12.1849470139, -9.51709079742, -3.1505920887, -9.8190279007],
        "cov": [[13274.4365234, -1520.60400391, -2495.55712891, 467.257629395, -1671.73535156, -61.388381958, -731.130432129, -217.217773438, 229.822540283, -60.5236549377, 178.764633179, 101.825584412, -318.139831543], [-1520.60400391, 1586.25842285, 119.897705078, -355.003204346, 597.574462891, -297.021453857, 289.59552002, 7.4595746994, 46.996723175, -72.0638275146, 64.2282714844, -92.5913162231, 219.492111206], [-2495.55712891, 119.897705078, 890.260925293, -50.7495803833, 143.497024536, 114.941871643, 49.9370155334, 83.3766403198, -98.6746902466, 70.2814331055, -89.9830703735, 17.148651123, 24.7382831573], [467.257629395, -355.003204346, -50.7495803833, 245.254928589, -115.243858337, 92.8007125854, -39.6257171631, -25.3936252594, 1.38315200806, -4.8778128624, -6.83090400696, 32.7856025696, -54.3949813843], [-1671.73535156, 597.574462891, 143.497024536, -115.243858337, 551.809448242, -36.8588752747, 152.682846069, 68.685546875, -6.29276132584, -14.631280899, 3.98396253586, -32.4201660156, 97.5451126099], [-61.388381958, -297.021453857, 114.941871643, 92.8007125854, -36.8588752747, 220.816390991, -37.7594184875, 9.33381557465, -23.3946075439, 24.5945796967, -33.8337516785, 17.3054771423, -53.0760536194], [-731.130432129, 289.59552002, 49.9370155334, -39.6257171631, 152.682846069, -37.7594184875, 182.770324707, 14.8579788208, 13.2810411453, 1.49139761925, 9.58553791046, -30.5110988617, 41.0068817139], [-217.217773438, 7.4595746994, 83.3766403198, -25.3936252594, 68.685546875, 9.33381557465, 14.8579788208, 132.367950439, 15.2437095642, 9.16354465485, 0.58434855938, 2.18197011948, 9.06295871735], [229.822540283, 46.996723175, -98.6746902466, 1.38315200806, -6.29276132584, -23.3946075439, 13.2810411453, 15.2437095642, 108.675582886, -14.4403572083, 29.3116512299, 3.97350096703, 2.81372475624], [-60.5236549377, -72.0638275146, 70.2814331055, -4.8778128624, -14.631280899, 24.5945796967, 1.49139761925, 9.16354465485, -14.4403572083, 96.9464187622, 4.54774475098, -12.1338653564, 5.10593318939], [178.764633179, 64.2282714844, -89.9830703735, -6.83090400696, 3.98396253586, -33.8337516785, 9.58553791046, 0.58434855938, 29.3116512299, 4.54774475098, 89.3549957275, 10.6892852783, 13.6504621506], [101.825584412, -92.5913162231, 17.148651123, 32.7856025696, -32.4201660156, 17.3054771423, -30.5110988617, 2.18197011948, 3.97350096703, -12.1338653564, 10.6892852783, 92.0308761597, 1.97600877285], [-318.139831543, 219.492111206, 24.7382831573, -54.3949813843, 97.5451126099, -53.0760536194, 41.0068817139, 9.06295871735, 2.81372475624, 5.10593318939, 13.6504621506, 1.97600877285, 113.73475647]],
        "icov": [[0.000781628070399, -0.00146400532685, 0.00243253400549, -0.00113683461677, 0.00244618579745, -0.00103290262632, 0.00200253259391, -0.00179466698319, 0.000631694158074, -0.0017722385237, 0.00104067160282, -0.00102122931276, 0.000736671674531], [-0.00146400532685, 0.00557077489793, -0.00522986985743, 0.0040118410252, -0.00633962685242, 0.00364297698252, -0.00523709040135, 0.00501812715083, -0.00219393032603, 0.00533929746598, -0.00332525768317, 0.00324574881233, -0.00300679099746], [0.00243253400549, -0.00522986985743, 0.00948854349554, -0.00352270784788, 0.00783910788596, -0.00434801029041, 0.00602666428313, -0.0068209823221, 0.00333504006267, -0.00700903544202, 0.00499503640458, -0.00442882766947, 0.00247651222162], [-0.00113683461677, 0.0040118410252, -0.00352270784788, 0.00876204390079, -0.00400356156752, 0.000314719974995, -0.00442782836035, 0.00432750303298, -0.00167557829991, 0.00424508843571, -0.00233958242461, 0.000714520167094, -0.00101407442708], [0.00244618579745, -0.00633962685242, 0.00783910788596, -0.00400356156752, 0.0117543675005, -0.00484993122518, 0.00530844088644, -0.00772370072082, 0.00311581650749, -0.00565107259899, 0.00381003879011, -0.00347978924401, 0.00159408117179], [-0.00103290262632, 0.00364297698252, -0.00434801029041, 0.000314719974995, -0.00484993122518, 0.00941478088498, -0.0026336570736, 0.00301655591466, -0.00130687572528, 0.00186709372792, -0.000773842795752, 0.00146525353193, 0.000454802851891], [0.00200253259391, -0.00523709040135, 0.00602666428313, -0.00442782836035, 0.00530844088644, -0.0026336570736, 0.0138536179438, -0.00500387558714, 0.000814971455839, -0.00574355805293, 0.00267677847296, -0.00109622837044, 0.00183729350101], [-0.00179466698319, 0.00501812715083, -0.0068209823221, 0.00432750303298, -0.00772370072082, 0.00301655591466, -0.00500387558714, 0.0141086690128, -0.00429811840877, 0.00456011947244, -0.00343873281963, 0.00271499925293, -0.00217199954204], [0.000631694158074, -0.00219393032603, 0.00333504006267, -0.00167557829991, 0.00311581650749, -0.00130687572528, 0.000814971455839, -0.00429811840877, 0.0124950613827, -0.000908076472115, -0.00116569921374, -0.00176362704951, 0.00114288006444], [-0.0017722385237, 0.00533929746598, -0.00700903544202, 0.00424508843571, -0.00565107259899, 0.00186709372792, -0.00574355805293, 0.00456011947244, -0.000908076472115, 0.017937976867, -0.00613480061293, 0.00598425837234, -0.00443169521168], [0.00104067160282, -0.00332525768317, 0.00499503640458, -0.00233958242461, 0.00381003879011, -0.000773842795752, 0.00267677847296, -0.00343873281963, -0.00116569921374, -0.00613480061293, 0.0167186427861, -0.00486337998882, 0.00118511740584], [-0.00102122931276, 0.00324574881233, -0.00442882766947, 0.000714520167094, -0.00347978924401, 0.00146525353193, -0.00109622837044, 0.00271499925293, -0.00176362704951, 0.00598425837234, -0.00486337998882, 0.0154161546379, -0.00387741392478], [0.000736671674531, -0.00300679099746, 0.00247651222162, -0.00101407442708, 0.00159408117179, 0.000454802851891, 0.00183729350101, -0.00217199954204, 0.00114288006444, -0.00443169521168, 0.00118511740584, -0.00387741392478, 0.0140835596249]]
    },
    "melbands": {
        "mean": [2.46911827162e-006, 7.6448532127e-006, 3.26454428432e-005, 5.01763497596e-005, 0.000426306796726, 0.000415299873566, 0.00056251953356, 0.000573732133489, 0.00104432145599, 0.000532281876076, 0.000243972157477, 0.000140744086821, 0.000136883259984, 0.000128127736389, 0.000135996233439, 0.000101186858956, 8.22155925562e-005, 7.38168309908e-005, 5.64152287552e-005, 3.80255842174e-005, 2.98310096696e-005, 3.3024669392e-005, 1.75453660631e-005, 8.63178047439e-006, 4.38672896053e-006, 1.98203724722e-006, 8.63297202613e-007, 5.72275098421e-007, 5.92027788571e-007, 1.07281994133e-006, 8.98424957541e-007, 1.45727358358e-006, 2.19952994485e-006, 1.28668068555e-006, 5.29030728558e-007, 4.55905137642e-007, 4.8884453463e-007, 1.08931139664e-007, 1.57741570916e-008, 8.28851476342e-009],
        "var": [7.05715347271e-012, 1.20691220906e-010, 2.47621412264e-009, 2.92539037439e-009, 5.42131942893e-007, 2.15055976582e-007, 6.02569627972e-007, 3.83438390372e-007, 1.49791947024e-006, 1.12972622901e-006, 1.1223922769e-007, 3.29852838377e-008, 3.66872008328e-008, 4.33130935562e-008, 3.39246284398e-008, 3.79000972828e-008, 2.06264747504e-008, 2.83149947933e-008, 1.09307070062e-008, 5.91774096392e-009, 2.69262367958e-009, 4.41747749491e-009, 2.14301199009e-009, 2.56757309858e-010, 5.58848349541e-011, 1.43148487855e-011, 1.87926302124e-012, 1.25729396512e-012, 2.30487916079e-012, 1.83579349639e-011, 1.15652556976e-011, 2.09522486166e-011, 8.79889078265e-011, 1.89945489892e-011, 3.70773247174e-012, 5.26395940725e-012, 8.67619691369e-012, 5.54630614439e-013, 1.96314899185e-015, 7.14318978046e-016]
    },
    "mfcc": {
        "mean": [-712.815673828, 169.848983765, -56.5613746643, -21.3958358765, -26.7719936371, -16.7075443268, -36.3295402527, -5.07665586472, -11.7844161987, -7.18407964706, -2.36668395996, 1.31928610802, -4.91490459442],
        "cov": [[8853.26367188, -416.633911133, -1722.31066895, -52.5862731934, -806.627746582, -12.0195932388, -887.177001953, 49.1831054688, -619.857299805, -47.5945663452, 199.069015503, 115.0337677, -78.5520782471], [-416.633911133, 1473.37536621, -240.719284058, -77.3677597046, 138.089279175, -217.200378418, 104.147544861, -76.510887146, 179.919830322, -74.467338562, -31.529914856, 67.7469406128, 86.9629669189], [-1722.31066895, -240.719284058, 847.684448242, -35.2964668274, 79.984588623, 49.0276260376, 123.354393005, -25.3147087097, 72.1847457886, 32.1793632507, -55.6317710876, -12.5951509476, -18.5327606201], [-52.5862731934, -77.3677597046, -35.2964668274, 168.902359009, -2.47483515739, 15.1238298416, 27.4522209167, 22.2603683472, 4.3705573082, -3.34131073952, 7.13980340958, -7.31091880798, 19.5145931244], [-806.627746582, 138.089279175, 79.984588623, -2.47483515739, 265.575622559, 13.4543104172, 98.4538421631, 29.9751644135, 95.5940170288, -2.15975117683, -30.4726333618, 14.1669597626, -7.12551498413], [-12.0195932388, -217.200378418, 49.0276260376, 15.1238298416, 13.4543104172, 168.400085449, 20.5540504456, 21.365486145, -23.0729637146, 14.0115013123, 16.9732761383, -37.0331687927, -25.4799976349], [-887.177001953, 104.147544861, 123.354393005, 27.4522209167, 98.4538421631, 20.5540504456, 208.504119873, -7.56047916412, 87.690864563, 13.2614774704, -12.734082222, 3.2787399292, 3.04073524475], [49.1831054688, -76.510887146, -25.3147087097, 22.2603683472, 29.9751644135, 21.365486145, -7.56047916412, 121.29524231, 5.61058187485, -4.7924952507, 9.95485782623, -0.68379598856, 17.6284675598], [-619.857299805, 179.919830322, 72.1847457886, 4.3705573082, 95.5940170288, -23.0729637146, 87.690864563, 5.61058187485, 166.182723999, 2.3282058239, -36.4699058533, 33.8614082336, 7.02442359924], [-47.5945663452, -74.467338562, 32.1793632507, -3.34131073952, -2.15975117683, 14.0115013123, 13.2614774704, -4.7924952507, 2.3282058239, 95.7010269165, 12.535326004, -9.03665065765, -4.03589487076], [199.069015503, -31.529914856, -55.6317710876, 7.13980340958, -30.4726333618, 16.9732761383, -12.734082222, 9.95485782623, -36.4699058533, 12.535326004, 115.809700012, -23.1946735382, -3.32406783104], [115.0337677, 67.7469406128, -12.5951509476, -7.31091880798, 14.1669597626, -37.0331687927, 3.2787399292, -0.68379598856, 33.8614082336, -9.03665065765, -23.1946735382, 137.728149414, -0.497902244329], [-78.5520782471, 86.9629669189, -18.5327606201, 19.5145931244, -7.12551498413, -25.4799976349, 3.04073524475, 17.6284675598, 7.02442359924, -4.03589487076, -3.32406783104, -0.497902244329, 111.215019226]],
        "icov": [[0.00047693963279, -2.49873610301e-005, 0.000709869374987, 9.52796253841e-005, 0.000727738253772, -0.000366651307559, 0.00105879001785, -0.00021782789554, 0.000591322837863, -0.000163205724675, -3.17426238325e-005, -0.000675880990457, 0.000378935830668], [-2.49873610301e-005, 0.00131158123259, 0.000463894335553, 0.000714975758456, -0.000514645013027, 0.00119019381236, -0.000588589755353, 0.000921904866118, -0.00105600699317, 0.000857171311509, -0.00030412140768, 0.000109070104372, -0.000892499403562], [0.000709869374987, 0.000463894335553, 0.0026499601081, 0.000799710978754, 0.000864370667841, -0.000484413903905, 0.000696482369676, 0.000214746774873, 0.000284294044832, -0.000271819619229, 0.000457945367089, -0.000780447735451, 0.000313604163239], [9.52796253841e-005, 0.000714975758456, 0.000799710978754, 0.00696453824639, 0.000441063195467, 7.68100562709e-006, -0.00142534589395, -0.00062860554317, -0.000458315742435, 0.000749299942981, -0.000243617905653, 0.000114955531899, -0.00136255321559], [0.000727738253772, -0.000514645013027, 0.000864370667841, 0.000441063195467, 0.00676973257214, -0.00133042619564, 4.0707665903e-005, -0.00221636379138, -0.000831307668705, -0.000193034211406, 0.000772714673076, -0.000990902190097, 0.00152635748964], [-0.000366651307559, 0.00119019381236, -0.000484413903905, 7.68100562709e-006, -0.00133042619564, 0.00868914183229, -0.00227732979693, -0.000594842422288, 0.000149264160427, 0.000199121976038, -0.000638748926576, 0.00207300996408, 0.000778338173404], [0.00105879001785, -0.000588589755353, 0.000696482369676, -0.00142534589395, 4.0707665903e-005, -0.00227732979693, 0.0101951621473, 0.000590465962887, -0.0013043169165, -0.00124185916502, -0.000666538719088, -0.0013336231932, 0.000694175832905], [-0.00021782789554, 0.000921904866118, 0.000214746774873, -0.00062860554317, -0.00221636379138, -0.000594842422288, 0.000590465962887, 0.0103506166488, -0.00154162838589, 0.00108273373917, -0.00121856038459, 5.56750492251e-005, -0.00256323185749], [0.000591322837863, -0.00105600699317, 0.000284294044832, -0.000458315742435, -0.000831307668705, 0.000149264160427, -0.0013043169165, -0.00154162838589, 0.01137162745, -0.00128560897429, 0.00187824736349, -0.0023842677474, 0.000912706775125], [-0.000163205724675, 0.000857171311509, -0.000271819619229, 0.000749299942981, -0.000193034211406, 0.000199121976038, -0.00124185916502, 0.00108273373917, -0.00128560897429, 0.011612274684, -0.00151990668382, 0.000657757045701, -0.000606599380262], [-3.17426238325e-005, -0.00030412140768, 0.000457945367089, -0.000243617905653, 0.000772714673076, -0.000638748926576, -0.000666538719088, -0.00121856038459, 0.00187824736349, -0.00151990668382, 0.0101663656533, 0.0011163528543, 0.000584053050261], [-0.000675880990457, 0.000109070104372, -0.000780447735451, 0.000114955531899, -0.000990902190097, 0.00207300996408, -0.0013336231932, 5.56750492251e-005, -0.0023842677474, 0.000657757045701, 0.0011163528543, 0.00921488553286, -2.47184088948e-005], [0.000378935830668, -0.000892499403562, 0.000313604163239, -0.00136255321559, 0.00152635748964, 0.000778338173404, 0.000694175832905, -0.00256323185749, 0.000912706775125, -0.000606599380262, 0.000584053050261, -2.47184088948e-005, 0.0108495699242]]
    },
    "spectral_contrast_coeffs": {
        "mean": [-0.583154022694, -0.717437982559, -0.700281202793, -0.688551902771, -0.708126008511, -0.714914798737],
        "var": [0.00774860195816, 0.00388757162727, 0.00356666906737, 0.00433750404045, 0.00403414806351, 0.0039066337049]
    },
    "spectral_contrast_valleys": {
        "mean": [-9.59606838226, -6.22164154053, -7.29256629944, -8.35402965546, -9.18651866913, -12.6087026596],
        "var": [0.936812579632, 1.66937327385, 1.72637856007, 1.8854688406, 1.77515339851, 1.40047800541]
    }
},
"metadata": {
    "audio_properties": {
        "analysis_sample_rate": 44100,
        "bit_rate": 128000,
        "equal_loudness": 0,
        "length": 56.7902030945,
        "lossless": 0,
        "replay_gain": -14.2323932648,
        "sample_rate": 44100,
        "codec": "mp3",
        "downmix": "mix",
        "md5_encoded": "17426e7851963aff542f5b48ce4ad8d7"
    },
    "tags": {
        "file_name": "2016.mp3"
    },
    "version": {
        "essentia": "2.1-beta2",
        "essentia_git_sha": "v2.1_beta2",
        "extractor": "music 1.0"
    }
},
"rhythm": {
    "beats_count": 103,
    "beats_loudness": {
        "mean": 0.030038760975,
        "var": 0.000303548265947
    },
    "bpm": 110.015548706,
    "bpm_histogram_first_peak_bpm": {
        "mean": 110,
        "var": 0
    },
    "bpm_histogram_first_peak_spread": {
        "mean": 0.616161584854,
        "var": 0
    },
    "bpm_histogram_first_peak_weight": {
        "mean": 0.372549027205,
        "var": 0
    },
    "bpm_histogram_second_peak_bpm": {
        "mean": 115,
        "var": 0
    },
    "bpm_histogram_second_peak_spread": {
        "mean": 0,
        "var": 0
    },
    "bpm_histogram_second_peak_weight": {
        "mean": 0.0294117648154,
        "var": 0
    },
    "danceability": 0.981525182724,
    "onset_rate": 3.48544788361,
    "beats_loudness_band_ratio": {
        "mean": [0.0175402853638, 0.152654320002, 0.511577963829, 0.23938138783, 0.127100199461, 0.0116033079103],
        "var": [0.00267894775607, 0.0139886904508, 0.0272604171187, 0.0112296408042, 0.010781946592, 0.000306449946947]
    },
    "beats_position": [0.545668900013, 1.09133780003, 1.62539684772, 2.14784574509, 2.67029476166, 3.21596360207, 3.76163268089, 4.31891155243, 4.87619018555, 5.4334692955, 5.9675283432, 6.51319694519, 7.07047605515, 7.61614513397, 8.16181373596, 8.71909236908, 9.26476192474, 9.79882049561, 10.3328800201, 10.8901586533, 11.4242172241, 11.9698867798, 12.5271654129, 13.0728340149, 13.6068935394, 14.1525621414, 14.6982307434, 15.2439002991, 15.7895689011, 16.3352375031, 16.8809070587, 17.4149665833, 17.9722442627, 18.5179138184, 19.0635814667, 19.5976409912, 20.154920578, 20.7121982574, 21.2694778442, 21.8035373688, 22.3608150482, 22.8948745728, 23.4289340973, 23.9862117767, 24.5202713013, 25.0543308258, 25.5883903503, 26.1340579987, 26.6797275543, 27.2370071411, 27.7942848206, 28.3515644073, 28.9088420868, 29.4661216736, 30.0117912292, 30.5574588776, 31.0915184021, 31.6255779266, 32.1596374512, 32.6820869446, 33.239364624, 33.7850341797, 34.3307037354, 34.8763694763, 35.4336509705, 35.9909286499, 36.5365982056, 37.0822677612, 37.6163253784, 38.1503829956, 38.6960525513, 39.2301139832, 39.7757797241, 40.3214492798, 40.8671188354, 41.4011802673, 41.9584579468, 42.5157356262, 43.0730133057, 43.6302947998, 44.164352417, 44.6984100342, 45.2556915283, 45.801361084, 46.347026825, 46.8810882568, 47.415145874, 47.9608154297, 48.5064849854, 49.0637626648, 49.5978240967, 50.1318817139, 50.6891593933, 51.2464370728, 51.8037185669, 52.3609962463, 52.8950538635, 53.4523353577, 53.9980049133, 54.5436706543, 55.08934021, 55.6350097656, 56.1922874451]
},
"tonal": {
    "chords_changes_rate": 0.0531045757234,
    "chords_number_rate": 0.00571895437315,
    "chords_strength": {
        "mean": 0.476119548082,
        "var": 0.00872527062893
    },
    "hpcp_entropy": {
        "mean": 1.62795543671,
        "var": 0.479570269585
    },
    "key_strength": 0.73318451643,
    "tuning_diatonic_strength": 0.572291195393,
    "tuning_equal_tempered_deviation": 0.0581966303289,
    "tuning_frequency": 442.548919678,
    "tuning_nontempered_energy_ratio": 0.648920118809,
    "hpcp": {
        "mean": [0.266778737307, 0.112055845559, 0.00978499744087, 0.00682933023199, 0.0326022058725, 0.253490716219, 0.367209613323, 0.160524949431, 0.0338644571602, 0.0284390822053, 0.0208653304726, 0.0364488363266, 0.0462536402047, 0.058436114341, 0.363560706377, 0.590777277946, 0.287832260132, 0.040783919394, 0.0385803170502, 0.0651086494327, 0.309985637665, 0.417896479368, 0.164488196373, 0.0277865882963, 0.0372029207647, 0.0366241335869, 0.089867413044, 0.127428814769, 0.0719740837812, 0.162194862962, 0.287261277437, 0.169827461243, 0.0518999956548, 0.0344369709492, 0.0307925827801, 0.181713551283],
        "var": [0.0885464549065, 0.0188364461064, 0.00158378202468, 0.000607690657489, 0.00370348826982, 0.0708639100194, 0.123856037855, 0.0321787931025, 0.00667138118297, 0.00922259129584, 0.00323273893446, 0.00535993697122, 0.0125706456602, 0.00863765925169, 0.0627501606941, 0.141073927283, 0.0492344908416, 0.00822293851525, 0.00711841601878, 0.0140605876222, 0.0771822556853, 0.130796268582, 0.0283001828939, 0.00635179644451, 0.016693489626, 0.00793523993343, 0.0193215832114, 0.0343673303723, 0.0127484770492, 0.0348802655935, 0.110311195254, 0.0350107178092, 0.0132348584011, 0.00859309453517, 0.00751081947237, 0.0457111671567]
    },
    "chords_histogram": [59.5588226318, 1.71568632126, 3.1862745285, 0, 3.1862745285, 0.571895420551, 4.3300652504, 0, 0, 0, 0, 0.0816993489861, 0, 0, 0, 0, 0.40849673748, 0, 0, 5.39215707779, 0, 0.81699347496, 0, 20.7516345978],
    "thpcp": [1, 0.487209439278, 0.0690343379974, 0.0653043314815, 0.110208451748, 0.524708151817, 0.707367241383, 0.278426736593, 0.0470339506865, 0.0629728361964, 0.0619931332767, 0.15211725235, 0.215696871281, 0.121829472482, 0.274544864893, 0.48624292016, 0.287464439869, 0.0878503620625, 0.0582909546793, 0.0521221533418, 0.307583838701, 0.451572448015, 0.189675286412, 0.0165629219264, 0.0115599064156, 0.0551852732897, 0.42908000946, 0.621570289135, 0.271718204021, 0.0573218688369, 0.0481384173036, 0.0353184379637, 0.0616964101791, 0.0782928541303, 0.0989139527082, 0.615393877029],
    "chords_key": "G",
    "chords_scale": "major",
    "key_key": "G",
    "key_scale": "major"
}
}