{
"lowlevel": {
    "average_loudness": 0.939846336842,
    "barkbands_crest": {
        "mean": 10.1521224976,
        "var": 13.0041503906
    },
    "barkbands_flatness_db": {
        "mean": 0.216923072934,
        "var": 0.00980446487665
    },
    "barkbands_kurtosis": {
        "mean": 12.9104375839,
        "var": 572.969665527
    },
    "barkbands_skewness": {
        "mean": 2.08320593834,
        "var": 3.51259207726
    },
    "barkbands_spread": {
        "mean": 15.0687665939,
        "var": 165.86668396
    },
    "dissonance": {
        "mean": 0.418346554041,
        "var": 0.0041151130572
    },
    "dynamic_complexity": 3.17523503304,
    "erbbands_crest": {
        "mean": 10.8668661118,
        "var": 18.0141811371
    },
    "erbbands_flatness_db": {
        "mean": 0.198188051581,
        "var": 0.00701801339164
    },
    "erbbands_kurtosis": {
        "mean": 6.38832998276,
        "var": 228.075286865
    },
    "erbbands_skewness": {
        "mean": 1.16464924812,
        "var": 2.71328425407
    },
    "erbbands_spread": {
        "mean": 33.5345077515,
        "var": 530.68536377
    },
    "hfc": {
        "mean": 13.1052532196,
        "var": 220.081268311
    },
    "melbands_crest": {
        "mean": 12.6476774216,
        "var": 14.3226299286
    },
    "melbands_flatness_db": {
        "mean": 0.298591136932,
        "var": 0.0139062842354
    },
    "melbands_kurtosis": {
        "mean": 23.653181076,
        "var": 1191.1484375
    },
    "melbands_skewness": {
        "mean": 2.8044359684,
        "var": 4.34220218658
    },
    "melbands_spread": {
        "mean": 15.3563766479,
        "var": 284.164123535
    },
    "pitch_salience": {
        "mean": 0.553719520569,
        "var": 0.0102416463196
    },
    "silence_rate_20dB": {
        "mean": 1,
        "var": 0
    },
    "silence_rate_30dB": {
        "mean": 1,
        "var": 0
    },
    "silence_rate_60dB": {
        "mean": 0.0774284377694,
        "var": 0.0714340060949
    },
    "spectral_centroid": {
        "mean": 995.397583008,
        "var": 626450.3125
    },
    "spectral_complexity": {
        "mean": 9.3735332489,
        "var": 27.9832134247
    },
    "spectral_decrease": {
        "mean": -5.05192909728e-009,
        "var": 1.47638206666e-017
    },
    "spectral_energy": {
        "mean": 0.0202558375895,
        "var": 0.000237719184952
    },
    "spectral_energyband_high": {
        "mean": 0.000389952328987,
        "var": 3.84419507782e-007
    },
    "spectral_energyband_low": {
        "mean": 0.00561498152092,
        "var": 2.98528266285e-005
    },
    "spectral_energyband_middle_high": {
        "mean": 0.00318344542757,
        "var": 2.55447248492e-005
    },
    "spectral_energyband_middle_low": {
        "mean": 0.0116327637807,
        "var": 0.000113143156341
    },
    "spectral_entropy": {
        "mean": 6.61135911942,
        "var": 0.698798894882
    },
    "spectral_flux": {
        "mean": 0.0579497627914,
        "var": 0.00194547860883
    },
    "spectral_kurtosis": {
        "mean": 16.3230628967,
        "var": 1707.99035645
    },
    "spectral_rms": {
        "mean": 0.00410820590332,
        "var": 2.88443243335e-006
    },
    "spectral_rolloff": {
        "mean": 1011.14135742,
        "var": 1500033.375
    },
    "spectral_skewness": {
        "mean": 2.45436525345,
        "var": 5.33968448639
    },
    "spectral_spread": {
        "mean": 4543615.5,
        "var": 5.02184542208e+012
    },
    "spectral_strongpeak": {
        "mean": 0.817284464836,
        "var": 1.63356077671
    },
    "zerocrossingrate": {
        "mean": 0.0463919900358,
        "var": 0.00116738548968
    },
    "barkbands": {
        "mean": [2.45196570177e-005, 0.00337926810607, 0.00176811998244, 0.00146417645738, 0.00490566063672, 0.00261373748071, 0.00141451368108, 0.000504583178554, 0.000546389434021, 0.000407695333706, 0.000217463239096, 0.000200958544156, 0.000569730822463, 0.000231327911024, 0.000274144898867, 0.00021834189829, 0.000180597242434, 0.000259904947598, 0.000453654298326, 0.000335484044626, 8.40606662678e-005, 7.62789350119e-005, 2.64455447905e-005, 3.30265902448e-005, 2.36282357946e-005, 3.23294734699e-005, 9.81799257715e-006],
        "var": [2.76258727006e-009, 1.4486139662e-005, 3.00466081171e-006, 3.72778799829e-006, 4.83961739519e-005, 8.17270938569e-006, 3.76097636945e-006, 1.49078232425e-006, 2.38071447711e-006, 1.72208797267e-006, 6.15790042957e-007, 8.55622545259e-007, 3.61874049304e-006, 4.06766730521e-007, 7.65263848734e-007, 5.79309357818e-007, 2.12503962871e-007, 4.62957359559e-007, 1.02986325601e-006, 6.48740297038e-007, 4.18968824079e-008, 2.93908541948e-008, 2.36117703167e-009, 4.42411041135e-009, 1.95804061853e-009, 6.00872152035e-009, 6.59076571097e-010]
    },
    "erbbands": {
        "mean": [0.044103462249, 0.926301658154, 2.51320648193, 3.12033605576, 16.5467758179, 11.5391979218, 13.1827573776, 22.8968315125, 20.4932460785, 20.3926010132, 11.0430393219, 14.5947561264, 12.7369565964, 11.1123571396, 7.46968650818, 11.5525512695, 26.1421012878, 15.3569545746, 13.9010667801, 14.0770292282, 10.8334608078, 8.64595413208, 15.5780115128, 18.0028171539, 22.0634670258, 18.8075237274, 4.58468580246, 3.2301928997, 3.10501909256, 1.28247869015, 0.817755818367, 0.856061816216, 0.416858196259, 0.292231917381, 0.158890068531, 0.100144453347, 0.0648234933615, 0.0236117765307, 0.00102551619057, 4.11509354308e-005],
        "var": [0.00561186857522, 0.960566997528, 5.03786039352, 15.1589479446, 565.50177002, 306.48034668, 328.589355469, 851.641845703, 561.750732422, 886.070251465, 792.461914063, 1623.73327637, 1261.93920898, 1645.66931152, 743.846862793, 1723.07006836, 7561.94335938, 1348.27087402, 2278.15991211, 1255.75146484, 958.219970703, 325.481719971, 1957.74694824, 2067.3996582, 2313.95068359, 2345.25073242, 105.995056152, 38.0373649597, 53.1654167175, 7.02883815765, 2.36171627045, 3.90497970581, 0.618618309498, 0.289144575596, 0.0981426239014, 0.0518717803061, 0.0254352912307, 0.00357460253872, 6.91531840857e-006, 2.63684807322e-009]
    },
    "gfcc": {
        "mean": [-69.4112854004, 107.523910522, -77.4159545898, 36.637676239, -59.4686965942, -10.1730394363, -38.9927787781, -0.788651406765, -26.2327384949, 6.49442768097, -10.7803173065, -0.858917593956, -13.726855278],
        "cov": [[13270.8574219, -3087.36987305, -2730.875, 915.579650879, 858.029907227, 759.118713379, -85.900932312, 519.465332031, -572.590087891, 370.338104248, -496.000640869, -98.9140777588, -534.768676758], [-3087.36987305, 2536.61132813, 852.640625, -203.708679199, -22.1362056732, -195.299346924, 267.257415771, -209.530319214, 256.657653809, -237.706207275, 291.273468018, -121.038902283, 190.515472412], [-2730.875, 852.640625, 2737.33886719, -224.270767212, -396.976806641, -6.79333400726, 26.1794185638, -94.8291854858, 200.317687988, -101.634033203, -7.37928104401, 154.876541138, 61.4191551208], [915.579650879, -203.708679199, -224.270767212, 618.146118164, 174.264465332, 131.538772583, -3.3625228405, 39.526966095, -32.9758644104, -30.0336074829, -76.9316558838, -91.3817367554, -2.93579554558], [858.029907227, -22.1362056732, -396.976806641, 174.264465332, 403.288360596, 136.661346436, 81.0109710693, 50.2874298096, -41.7941741943, 16.5920848846, -20.3211040497, -64.6252822876, -46.0483283997], [759.118713379, -195.299346924, -6.79333400726, 131.538772583, 136.661346436, 270.403778076, 60.3058357239, 54.3011207581, -49.1524238586, 1.45072841644, -72.9637145996, -5.36521244049, -38.4660415649], [-85.900932312, 267.257415771, 26.1794185638, -3.3625228405, 81.0109710693, 60.3058357239, 145.669433594, 31.0106735229, 20.8536643982, -32.3763275146, 22.0170211792, -19.1688785553, 7.99956178665], [519.465332031, -209.530319214, -94.8291854858, 39.526966095, 50.2874298096, 54.3011207581, 31.0106735229, 127.481529236, 24.865819931, 48.4094467163, -34.1782989502, -7.68143033981, -57.7267036438], [-572.590087891, 256.657653809, 200.317687988, -32.9758644104, -41.7941741943, -49.1524238586, 20.8536643982, 24.865819931, 137.636703491, 23.36627388, 40.3076591492, -13.1267404556, -5.33647918701], [370.338104248, -237.706207275, -101.634033203, -30.0336074829, 16.5920848846, 1.45072841644, -32.3763275146, 48.4094467163, 23.36627388, 135.060317993, 30.9365749359, 23.4346179962, -59.6479454041], [-496.000640869, 291.273468018, -7.37928104401, -76.9316558838, -20.3211040497, -72.9637145996, 22.0170211792, -34.1782989502, 40.3076591492, 30.9365749359, 135.479568481, 18.545747757, 20.2619724274], [-98.9140777588, -121.038902283, 154.876541138, -91.3817367554, -64.6252822876, -5.36521244049, -19.1688785553, -7.68143033981, -13.1267404556, 23.4346179962, 18.545747757, 98.6942443848, 17.6642284393], [-534.768676758, 190.515472412, 61.4191551208, -2.93579554558, -46.0483283997, -38.4660415649, 7.99956178665, -57.7267036438, -5.33647918701, -59.6479454041, 20.2619724274, 17.6642284393, 107.089485168]],
        "icov": [[0.000198134192033, -8.65156835061e-005, 0.000142226330354, -0.000194682841538, -5.36009338248e-006, -0.00011976902897, 1.92803690879e-005, -0.000311599316774, 0.00064701854717, -0.000416199036408, 0.000523584254552, -0.000362917402526, 0.000602907559369], [-8.65156835061e-005, 0.00213355454616, -0.000593698117882, 0.000651616312098, -0.000677491654642, 0.000141615397297, -0.0017633435782, 0.00177401432302, -0.00257103587501, 0.00290411105379, -0.00402017636225, 0.00338655197993, -0.00133028673008], [0.000142226330354, -0.000593698117882, 0.000894294702448, -0.000339175458066, 0.000617452024017, -0.000447151222033, 6.45517720841e-005, 0.00034097378375, -0.000410045031458, -0.000363442173693, 0.00192005524877, -0.00245399144478, 0.0013467305107], [-0.000194682841538, 0.000651616312098, -0.000339175458066, 0.00282367458567, -0.0009182736394, -0.00100469728932, 0.0011732596904, -0.000434438203229, -0.00112545350567, 0.00149712117855, -0.00163384585176, 0.0035259698052, -0.00243172305636], [-5.36009338248e-006, -0.000677491654642, 0.000617452024017, -0.0009182736394, 0.00470789894462, -0.00122961471789, -0.00188955373596, 0.000160064853844, 0.00144204404205, -0.00193511729594, 0.00112252577674, 0.000203329531359, 0.00135744886938], [-0.00011976902897, 0.000141615397297, -0.000447151222033, -0.00100469728932, -0.00122961471789, 0.00723558198661, -0.00385191338137, 0.000334985321388, 0.00161506712902, -0.00116928631905, 0.00292736431584, -0.00155420578085, 0.00104914163239], [1.92803690879e-005, -0.0017633435782, 6.45517720841e-005, 0.0011732596904, -0.00188955373596, -0.00385191338137, 0.0158741958439, -0.00812241248786, 0.000904472952243, 0.0041071344167, -0.00341992871836, -9.10953385755e-005, -0.001537017175], [-0.000311599316774, 0.00177401432302, 0.00034097378375, -0.000434438203229, 0.000160064853844, 0.000334985321388, -0.00812241248786, 0.0193676706403, -0.00791193172336, -0.00222636247054, 0.00359979690984, -0.000965867307968, 0.00416042562574], [0.00064701854717, -0.00257103587501, -0.000410045031458, -0.00112545350567, 0.00144204404205, 0.00161506712902, 0.000904472952243, -0.00791193172336, 0.0181799102575, -0.00738470675424, 0.00212314585224, 0.00127178675029, 0.00105819525197], [-0.000416199036408, 0.00290411105379, -0.000363442173693, 0.00149712117855, -0.00193511729594, -0.00116928631905, 0.0041071344167, -0.00222636247054, -0.00738470675424, 0.0219303164631, -0.0125370575115, -0.00024519424187, 0.00450514210388], [0.000523584254552, -0.00402017636225, 0.00192005524877, -0.00163384585176, 0.00112252577674, 0.00292736431584, -0.00341992871836, 0.00359979690984, 0.00212314585224, -0.0125370575115, 0.0235348101705, -0.0100643113256, 0.00268066790886], [-0.000362917402526, 0.00338655197993, -0.00245399144478, 0.0035259698052, 0.000203329531359, -0.00155420578085, -9.10953385755e-005, -0.000965867307968, 0.00127178675029, -0.00024519424187, -0.0100643113256, 0.0248268060386, -0.00958174932748], [0.000602907559369, -0.00133028673008, 0.0013467305107, -0.00243172305636, 0.00135744886938, 0.00104914163239, -0.001537017175, 0.00416042562574, 0.00105819525197, 0.00450514210388, 0.00268066790886, -0.00958174932748, 0.0208296645433]]
    },
    "melbands": {
        "mean": [0.0006763432757, 0.00134329881985, 0.000956452568062, 0.00111796567217, 0.000441014271928, 0.00051456107758, 0.000316605437547, 0.000194867898244, 8.33855083329e-005, 8.88515860424e-005, 6.1951301177e-005, 4.46757840109e-005, 2.68364183285e-005, 1.83989559446e-005, 4.98908557347e-005, 5.36079605808e-005, 2.50858265645e-005, 2.13636612898e-005, 1.66406844073e-005, 2.11421702261e-005, 1.11525641842e-005, 8.63800869411e-006, 1.19622509374e-005, 1.35705049615e-005, 1.40558122439e-005, 1.85685657925e-005, 1.29567179101e-005, 1.17286226669e-005, 2.41162774728e-006, 2.5875835945e-006, 1.5744222992e-006, 2.15151158045e-006, 8.61727585288e-007, 5.89754677094e-007, 4.4111490638e-007, 5.40225585155e-007, 4.76459831589e-007, 2.78030654499e-007, 2.81313077721e-007, 2.34425982626e-007],
        "var": [7.93143556166e-007, 1.40817166994e-006, 1.16171099762e-006, 2.9381362765e-006, 3.37934693562e-007, 3.71790832787e-007, 1.48819992773e-007, 8.47887093869e-008, 4.78897810297e-008, 6.48323066343e-008, 3.29964642276e-008, 3.10861842934e-008, 1.06584163717e-008, 3.37370864578e-009, 4.03845668018e-008, 3.53032767464e-008, 4.80248063539e-009, 5.44128253566e-009, 2.42851538879e-009, 4.50157688903e-009, 1.09871500786e-009, 4.74863315336e-010, 1.06428799107e-009, 1.42603229225e-009, 1.88868543027e-009, 2.36854558189e-009, 8.51689774262e-010, 9.35010735503e-010, 2.38589183132e-011, 6.85163453751e-011, 8.08561984728e-012, 3.49156745183e-011, 2.15840843462e-012, 1.58976065819e-012, 8.06695259637e-013, 1.24380638167e-012, 1.19521309083e-012, 3.377792295e-013, 2.67422911072e-013, 2.06317208869e-013]
    },
    "mfcc": {
        "mean": [-729.299560547, 136.338180542, 36.5291366577, 47.7227859497, 2.26425814629, -2.44434309006, -3.63619875908, -9.54030609131, -10.3163299561, -1.13713490963, -0.814143180847, -2.29927682877, -0.140170872211],
        "cov": [[12007.7832031, -2579.37158203, -3030.12133789, 462.023742676, 299.317657471, 421.425109863, 536.089538574, 155.253631592, 153.195968628, 466.547302246, 174.622772217, -74.8162460327, -154.867874146], [-2579.37158203, 1993.51599121, 863.136413574, -117.733108521, -29.3447322845, -34.2048377991, 15.3690500259, 79.0073394775, -30.0714912415, -102.225273132, 7.45125293732, 65.7670593262, 155.2212677], [-3030.12133789, 863.136413574, 2175.13891602, -102.545532227, -6.53038930893, 13.2449226379, -161.912841797, 67.4088363647, 83.6550292969, -188.523895264, -32.8662490845, 71.7663726807, 23.8296966553], [462.023742676, -117.733108521, -102.545532227, 385.336608887, 114.209037781, 64.4702453613, 57.833480835, 11.4456520081, 29.1846752167, 57.7401580811, 6.83797883987, 5.80737304688, -22.6565799713], [299.317657471, -29.3447322845, -6.53038930893, 114.209037781, 208.86756897, 119.856895447, 84.2168807983, 42.9019355774, 45.2717704773, 35.8404083252, 13.2016868591, -7.49627923965, -8.22852706909], [421.425109863, -34.2048377991, 13.2449226379, 64.4702453613, 119.856895447, 201.008026123, 111.595352173, 75.5435943604, 48.2045860291, 23.817527771, 5.57855558395, -35.6136703491, -42.9377975464], [536.089538574, 15.3690500259, -161.912841797, 57.833480835, 84.2168807983, 111.595352173, 168.846496582, 72.1806030273, 27.8071079254, 42.2039604187, 8.32019901276, -24.8607463837, -29.6626262665], [155.253631592, 79.0073394775, 67.4088363647, 11.4456520081, 42.9019355774, 75.5435943604, 72.1806030273, 124.630004883, 63.3806991577, 21.1460933685, 7.59212446213, -18.41040802, -30.5259819031], [153.195968628, -30.0714912415, 83.6550292969, 29.1846752167, 45.2717704773, 48.2045860291, 27.8071079254, 63.3806991577, 103.189376831, 36.6182365417, 11.2617387772, -5.04906082153, -24.9670848846], [466.547302246, -102.225273132, -188.523895264, 57.7401580811, 35.8404083252, 23.817527771, 42.2039604187, 21.1460933685, 36.6182365417, 109.782775879, 40.6511726379, 0.565367937088, -11.2505493164], [174.622772217, 7.45125293732, -32.8662490845, 6.83797883987, 13.2016868591, 5.57855558395, 8.32019901276, 7.59212446213, 11.2617387772, 40.6511726379, 95.7468566895, 63.7385559082, 35.0049095154], [-74.8162460327, 65.7670593262, 71.7663726807, 5.80737304688, -7.49627923965, -35.6136703491, -24.8607463837, -18.41040802, -5.04906082153, 0.565367937088, 63.7385559082, 150.819091797, 85.2489929199], [-154.867874146, 155.2212677, 23.8296966553, -22.6565799713, -8.22852706909, -42.9377975464, -29.6626262665, -30.5259819031, -24.9670848846, -11.2505493164, 35.0049095154, 85.2489929199, 159.17527771]],
        "icov": [[0.000193425294128, 0.000178893271368, 0.000181296782102, -5.68824361835e-005, 8.43073576107e-005, -0.000211203063373, -0.000254607875831, -0.000148270642967, -0.000129974549054, -8.78716018633e-005, -0.000135543959914, -5.11400066898e-005, -0.000119392607303], [0.000178893271368, 0.000938733748626, -0.000187759869732, 5.40145219929e-006, 0.000127162187709, 0.000261901353952, -0.000922343053389, -0.00085588672664, 0.000555563368835, 7.41035410101e-006, -0.000223439550609, 0.000236434658291, -0.000961105397437], [0.000181296782102, -0.000187759869732, 0.00103867461439, -4.93858569826e-005, -0.000102641875856, -0.000708320061676, 0.00101428502239, -0.000393113063183, -0.00116876594257, 0.0011871001916, -5.93268377997e-005, -0.00058503105538, 0.000341158156516], [-5.68824361835e-005, 5.40145219929e-006, -4.93858569826e-005, 0.0034081984777, -0.00166296353564, -2.56605108007e-005, -0.000187337500392, 0.000630057242233, 7.96794920461e-005, -0.00149509648327, 0.00109516561497, -0.000985176069662, 0.000618536607362], [8.43073576107e-005, 0.000127162187709, -0.000102641875856, -0.00166296353564, 0.00890660937876, -0.00412164721638, -0.00183209811803, 0.00129169656429, -0.00194520084187, -0.000522807240486, -0.000209697798709, 0.000268307019724, -0.00144805118907], [-0.000211203063373, 0.000261901353952, -0.000708320061676, -2.56605108007e-005, -0.00412164721638, 0.0118338270113, -0.00480463029817, -0.0020250142552, -0.00038256595144, 0.0017737535527, -0.00169518461917, 0.00195475737564, 0.000728185521439], [-0.000254607875831, -0.000922343053389, 0.00101428502239, -0.000187337500392, -0.00183209811803, -0.00480463029817, 0.014270988293, -0.00522938556969, 0.00255654845387, -0.00196791207418, 0.0012490877416, -0.000798075518105, 0.00115363195073], [-0.000148270642967, -0.00085588672664, -0.000393113063183, 0.000630057242233, 0.00129169656429, -0.0020250142552, -0.00522938556969, 0.0174885168672, -0.00870475824922, 0.000976882642135, -0.00124654173851, 0.00083574547898, 0.00126900849864], [-0.000129974549054, 0.000555563368835, -0.00116876594257, 7.96794920461e-005, -0.00194520084187, -0.00038256595144, 0.00255654845387, -0.00870475824922, 0.0189049933106, -0.00626278761774, 0.00130888982676, -0.000975178612862, 0.000878469552845], [-8.78716018633e-005, 7.41035410101e-006, 0.0011871001916, -0.00149509648327, -0.000522807240486, 0.0017737535527, -0.00196791207418, 0.000976882642135, -0.00626278761774, 0.0176828503609, -0.00779466470703, 0.00236786087044, 0.000502322101966], [-0.000135543959914, -0.000223439550609, -5.93268377997e-005, 0.00109516561497, -0.000209697798709, -0.00169518461917, 0.0012490877416, -0.00124654173851, 0.00130888982676, -0.00779466470703, 0.0195601917803, -0.00829076953232, -0.000430557847722], [-5.11400066898e-005, 0.000236434658291, -0.00058503105538, -0.000985176069662, 0.000268307019724, 0.00195475737564, -0.000798075518105, 0.00083574547898, -0.000975178612862, 0.00236786087044, -0.00829076953232, 0.0137148657814, -0.00528780603781], [-0.000119392607303, -0.000961105397437, 0.000341158156516, 0.000618536607362, -0.00144805118907, 0.000728185521439, 0.00115363195073, 0.00126900849864, 0.000878469552845, 0.000502322101966, -0.000430557847722, -0.00528780603781, 0.0108202919364]]
    },
    "spectral_contrast_coeffs": {
        "mean": [-0.602311909199, -0.615720510483, -0.730206429958, -0.752148628235, -0.756202161312, -0.772282242775],
        "var": [0.00782672036439, 0.00900273490697, 0.00931857805699, 0.0129377450794, 0.0113482093439, 0.00309934094548]
    },
    "spectral_contrast_valleys": {
        "mean": [-7.61580181122, -7.63182497025, -8.85609340668, -9.39422130585, -9.00568294525, -11.1739749908],
        "var": [1.40750932693, 1.21307063103, 1.32554841042, 1.59911310673, 1.67309868336, 1.83406293392]
    }
},
"metadata": {
    "audio_properties": {
        "analysis_sample_rate": 44100,
        "bit_rate": 128000,
        "equal_loudness": 0,
        "length": 49.4497947693,
        "lossless": 0,
        "replay_gain": -5.97474861145,
        "sample_rate": 44100,
        "codec": "mp3",
        "downmix": "mix",
        "md5_encoded": "4ed78c68a44cce33db7f23aeb85eb19e"
    },
    "tags": {
        "file_name": "2017.mp3"
    },
    "version": {
        "essentia": "2.1-beta2",
        "essentia_git_sha": "v2.1_beta2",
        "extractor": "music 1.0"
    }
},
"rhythm": {
    "beats_count": 90,
    "beats_loudness": {
        "mean": 0.0253377947956,
        "var": 0.00014333553554
    },
    "bpm": 109.979347229,
    "bpm_histogram_first_peak_bpm": {
        "mean": 110,
        "var": 0
    },
    "bpm_histogram_first_peak_spread": {
        "mean": 0.413793116808,
        "var": 0
    },
    "bpm_histogram_first_peak_weight": {
        "mean": 0.573033690453,
        "var": 0
    },
    "bpm_histogram_second_peak_bpm": {
        "mean": 101,
        "var": 0
    },
    "bpm_histogram_second_peak_spread": {
        "mean": 0.5,
        "var": 0
    },
    "bpm_histogram_second_peak_weight": {
        "mean": 0.0112359551713,
        "var": 0
    },
    "danceability": 1.25107204914,
    "onset_rate": 4.00241661072,
    "beats_loudness_band_ratio": {
        "mean": [0.50311756134, 0.366202175617, 0.130786687136, 0.0675504133105, 0.0440721102059, 0.039233956486],
        "var": [0.0405416041613, 0.0353057943285, 0.00857236515731, 0.0105485562235, 0.00337992468849, 0.00137145468034]
    },
    "beats_position": [0.557278871536, 1.1261677742, 1.71827661991, 2.27555561066, 2.83283448219, 3.3785033226, 3.92417216301, 4.46984100342, 5.02712011337, 5.5727891922, 6.10684776306, 6.65251684189, 7.19818592072, 7.74385452271, 8.28952407837, 8.82358264923, 9.38086128235, 9.93814086914, 10.4838094711, 11.0294780731, 11.5635375977, 12.1092061996, 12.6548748016, 13.2121543884, 13.7578229904, 14.3034915924, 14.8375511169, 15.3832197189, 15.9288883209, 16.4629478455, 17.0086174011, 17.5658950806, 18.1115646362, 18.6456241608, 19.179681778, 19.7253513336, 20.2710208893, 20.8166885376, 21.3623580933, 21.9196376801, 22.4769153595, 23.0225849152, 23.5798625946, 24.1255321503, 24.6595916748, 25.2052612305, 25.7509288788, 26.3082084656, 26.8422679901, 27.3763256073, 27.921995163, 28.4676647186, 29.0017223358, 29.5473918915, 30.0930614471, 30.6503391266, 31.2076187134, 31.7416782379, 32.2757377625, 32.8214035034, 33.3670730591, 33.9127426147, 34.4584121704, 35.0156898499, 35.572971344, 36.118637085, 36.6643066406, 37.2099761963, 37.755645752, 38.2897033691, 38.8353729248, 39.3810424805, 39.9267120361, 40.4723815918, 41.006439209, 41.5404968262, 42.0861663818, 42.6318359375, 43.1658935547, 43.7231750488, 44.2804527283, 44.8261222839, 45.3717918396, 45.9174575806, 46.4631271362, 46.9971885681, 47.5312461853, 48.076915741, 48.6225852966, 49.1682548523]
},
"tonal": {
    "chords_changes_rate": 0.0666041299701,
    "chords_number_rate": 0.00938086304814,
    "chords_strength": {
        "mean": 0.453122526407,
        "var": 0.00753639405593
    },
    "hpcp_entropy": {
        "mean": 1.7134064436,
        "var": 0.608416140079
    },
    "key_strength": 0.654230475426,
    "tuning_diatonic_strength": 0.491217255592,
    "tuning_equal_tempered_deviation": 0.0397846214473,
    "tuning_frequency": 438.731048584,
    "tuning_nontempered_energy_ratio": 0.669799804688,
    "hpcp": {
        "mean": [0.11228428036, 0.0828064605594, 0.0440762601793, 0.0548103675246, 0.0449442751706, 0.0853167101741, 0.173361569643, 0.119857765734, 0.0509991198778, 0.0775078237057, 0.0606474466622, 0.029208349064, 0.0342111475766, 0.0418349988759, 0.109525516629, 0.201001748443, 0.147291213274, 0.0576101504266, 0.0458525829017, 0.0488690584898, 0.0940032377839, 0.152624487877, 0.134897336364, 0.187177658081, 0.267889767885, 0.168450430036, 0.0685520395637, 0.0670390948653, 0.0595724396408, 0.261556893587, 0.499726474285, 0.31657999754, 0.0835121124983, 0.0474154353142, 0.0343649089336, 0.0660438984632],
        "var": [0.0516185127199, 0.027654889971, 0.01350896433, 0.0300601217896, 0.0192575566471, 0.0161506030709, 0.058409653604, 0.0282753482461, 0.012612329796, 0.0355151370168, 0.0275006946176, 0.00773891061544, 0.0164692439139, 0.0223970226943, 0.0311321560293, 0.079031072557, 0.0561452358961, 0.0253650322556, 0.0241817645729, 0.0230770502239, 0.0335189439356, 0.0730213820934, 0.0528485104442, 0.0716776773334, 0.127245038748, 0.0643086209893, 0.0302515793592, 0.0392138138413, 0.0257977023721, 0.0652697235346, 0.194542810321, 0.0830933749676, 0.0381673835218, 0.0209423098713, 0.012247947976, 0.0223818812519]
    },
    "chords_histogram": [16.0412750244, 32.3639793396, 22.6078796387, 0, 1.5009380579, 0, 0.0938086286187, 1.87617266178, 0, 0, 0, 0, 0, 0, 1.5009380579, 1.12570357323, 0, 0, 0, 7.7861161232, 0.0938086286187, 13.0394001007, 1.96998119354, 0],
    "thpcp": [1, 0.633506536484, 0.16711564362, 0.0948827788234, 0.0687674358487, 0.132160097361, 0.224691480398, 0.165703564882, 0.0882007703185, 0.109680734575, 0.0899377539754, 0.170726820827, 0.346912920475, 0.239846736193, 0.102054066956, 0.155100494623, 0.121361285448, 0.0584486722946, 0.0684597492218, 0.0837157964706, 0.219170928001, 0.402223527431, 0.294743657112, 0.115283370018, 0.0917553603649, 0.0977916121483, 0.188109382987, 0.305416047573, 0.269942343235, 0.374560207129, 0.536072790623, 0.337085276842, 0.137179121375, 0.13415157795, 0.119210094213, 0.523400127888],
    "chords_key": "E",
    "chords_scale": "minor",
    "key_key": "C",
    "key_scale": "major"
}
}