{
"lowlevel": {
    "average_loudness": 0.647950530052,
    "barkbands_crest": {
        "mean": 12.7668418884,
        "var": 19.5076370239
    },
    "barkbands_flatness_db": {
        "mean": 0.257523417473,
        "var": 0.00224759546109
    },
    "barkbands_kurtosis": {
        "mean": 2.98120856285,
        "var": 21.6849803925
    },
    "barkbands_skewness": {
        "mean": 1.33575499058,
        "var": 0.907017171383
    },
    "barkbands_spread": {
        "mean": 9.43265151978,
        "var": 19.6241092682
    },
    "dissonance": {
        "mean": 0.418517380953,
        "var": 0.00182088208385
    },
    "dynamic_complexity": 4.43076133728,
    "erbbands_crest": {
        "mean": 13.4467353821,
        "var": 26.3027305603
    },
    "erbbands_flatness_db": {
        "mean": 0.308063596487,
        "var": 0.0015704765683
    },
    "erbbands_kurtosis": {
        "mean": 0.826703190804,
        "var": 5.32117700577
    },
    "erbbands_skewness": {
        "mean": 0.621923625469,
        "var": 0.563858091831
    },
    "erbbands_spread": {
        "mean": 18.3092441559,
        "var": 56.7628173828
    },
    "hfc": {
        "mean": 13.171957016,
        "var": 256.066864014
    },
    "melbands_crest": {
        "mean": 16.4189739227,
        "var": 38.0953674316
    },
    "melbands_flatness_db": {
        "mean": 0.269471108913,
        "var": 0.00285834423266
    },
    "melbands_kurtosis": {
        "mean": 5.92618322372,
        "var": 63.8106498718
    },
    "melbands_skewness": {
        "mean": 1.77134644985,
        "var": 1.32859277725
    },
    "melbands_spread": {
        "mean": 14.4366407394,
        "var": 83.0975952148
    },
    "pitch_salience": {
        "mean": 0.476651638746,
        "var": 0.012155117467
    },
    "silence_rate_20dB": {
        "mean": 1,
        "var": 0
    },
    "silence_rate_30dB": {
        "mean": 0.991761088371,
        "var": 0.0081709548831
    },
    "silence_rate_60dB": {
        "mean": 0.188980430365,
        "var": 0.153264462948
    },
    "spectral_centroid": {
        "mean": 1044.26220703,
        "var": 297749
    },
    "spectral_complexity": {
        "mean": 9.5061788559,
        "var": 20.6547012329
    },
    "spectral_decrease": {
        "mean": -4.05723321606e-009,
        "var": 2.99633934624e-017
    },
    "spectral_energy": {
        "mean": 0.0165076572448,
        "var": 0.000485236494569
    },
    "spectral_energyband_high": {
        "mean": 6.46092667012e-005,
        "var": 6.0304912175e-009
    },
    "spectral_energyband_low": {
        "mean": 1.42778185364e-006,
        "var": 5.40619372186e-012
    },
    "spectral_energyband_middle_high": {
        "mean": 0.00659365160391,
        "var": 9.18350269785e-005
    },
    "spectral_energyband_middle_low": {
        "mean": 0.0100838504732,
        "var": 0.000305717228912
    },
    "spectral_entropy": {
        "mean": 6.62234449387,
        "var": 0.189088746905
    },
    "spectral_flux": {
        "mean": 0.0514916777611,
        "var": 0.00125660083722
    },
    "spectral_kurtosis": {
        "mean": 11.1270122528,
        "var": 43.0050697327
    },
    "spectral_rms": {
        "mean": 0.00342931668274,
        "var": 4.34483081335e-006
    },
    "spectral_rolloff": {
        "mean": 1299.13354492,
        "var": 899050.125
    },
    "spectral_skewness": {
        "mean": 2.1981139183,
        "var": 0.324216902256
    },
    "spectral_spread": {
        "mean": 2488831.75,
        "var": 2.42878434509e+012
    },
    "spectral_strongpeak": {
        "mean": 1.72333550453,
        "var": 2.47637152672
    },
    "zerocrossingrate": {
        "mean": 0.046177778393,
        "var": 0.000649969500955
    },
    "barkbands": {
        "mean": [1.29610282329e-006, 3.67076864904e-007, 1.81552962886e-007, 1.03844672594e-006, 0.00120281148702, 0.00218307273462, 0.0025697411038, 0.00303683010861, 0.00046808924526, 0.00330871064216, 0.00114607485011, 0.000503859599121, 0.000125033970107, 0.000200265509193, 0.000771526305471, 0.000446481222752, 0.000324785563862, 8.41456785565e-005, 5.57081257284e-005, 2.4094229957e-005, 2.94455985568e-005, 1.20786380648e-005, 7.17789589544e-006, 3.59201408173e-006, 9.35142509206e-007, 3.19949521099e-007, 7.69750396756e-009],
        "var": [3.34317144281e-012, 6.1748799433e-013, 4.44601224326e-013, 8.62805053098e-012, 2.03147374123e-005, 1.89595357369e-005, 2.60001161223e-005, 0.000118579235277, 9.70452560978e-007, 5.01275899296e-005, 9.89237378235e-006, 2.16333637582e-006, 1.09734251907e-007, 1.87774048754e-007, 3.89541310142e-006, 9.17783609111e-007, 8.7131223836e-007, 3.02001588182e-008, 9.24031340332e-009, 1.2772098934e-009, 2.51799736617e-009, 3.96472188413e-010, 1.26179330873e-010, 2.56553406991e-011, 2.49777130402e-012, 4.12436550841e-013, 1.22876994427e-015]
    },
    "erbbands": {
        "mean": [2.72140987363e-005, 6.32720693829e-005, 0.000339833786711, 0.00517819542438, 0.184895262122, 5.21030902863, 12.6324548721, 17.8445339203, 37.3698654175, 73.8139801025, 25.2110919952, 11.4345550537, 55.4301147461, 94.1092071533, 45.6475944519, 26.7594985962, 7.47333192825, 10.7957620621, 39.1939659119, 26.8376560211, 24.4416885376, 14.422410965, 5.57035827637, 4.23942565918, 2.09134459496, 1.3939743042, 1.66028678417, 0.580373764038, 0.437440276146, 0.350382268429, 0.220211714506, 0.100739397109, 0.0402491614223, 0.0133951194584, 0.0061954697594, 0.00244841747917, 0.000394498172682, 3.5245619074e-005, 9.68321637629e-006, 1.9439994503e-005],
        "var": [1.92525684284e-009, 2.12456914284e-008, 8.03912826086e-007, 0.000179463153472, 0.366667240858, 413.242431641, 643.288574219, 1205.91296387, 5495.85009766, 71819.3828125, 4938.49902344, 322.589630127, 15872.9580078, 46775.03125, 11927.6933594, 5240.50439453, 225.16104126, 553.566772461, 13852.9785156, 2272.9152832, 1997.33581543, 1263.92468262, 89.2789916992, 40.4494552612, 18.2633743286, 4.69069194794, 9.07949066162, 0.600538611412, 0.529104292393, 0.274492532015, 0.150923252106, 0.0218327008188, 0.00295551633462, 0.000407308660215, 0.000118839772767, 2.24175746553e-005, 7.77983927946e-007, 9.40083122458e-009, 1.44677048119e-010, 6.49699793964e-010]
    },
    "gfcc": {
        "mean": [-134.779815674, 91.7497024536, -211.124816895, -30.5979061127, -96.8444747925, -28.5197181702, -55.3740539551, -10.9853162766, -13.1061077118, -7.66446256638, -2.75709557533, 5.78911828995, 15.6773300171],
        "cov": [[9216.95898438, -1542.7923584, -746.153076172, -160.339309692, -850.127075195, 120.165153503, -515.85949707, -51.6907806396, -353.237731934, 31.2032661438, -300.368377686, 214.505523682, -150.669036865], [-1542.7923584, 1416.04907227, 300.263061523, -40.8949928284, 211.538223267, -306.711425781, 63.7117118835, -241.548126221, -22.8272705078, -219.101669312, 75.0113601685, -201.225631714, 154.370407104], [-746.153076172, 300.263061523, 389.949707031, 88.8458404541, 75.0909500122, -61.4108314514, -8.21188640594, -65.8750686646, -63.3752212524, -72.5917205811, -38.1042404175, -27.4186248779, -1.35227656364], [-160.339309692, -40.8949928284, 88.8458404541, 225.767852783, 47.477481842, 20.1534538269, -59.5673522949, -12.8206977844, -58.2413024902, -21.3246936798, -37.4363250732, 11.584197998, -5.93230104446], [-850.127075195, 211.538223267, 75.0909500122, 47.477481842, 192.307739258, -24.0834712982, 26.1829395294, -28.2947006226, 1.3823788166, -23.7729759216, 15.772028923, -10.3028936386, 28.6282043457], [120.165153503, -306.711425781, -61.4108314514, 20.1534538269, -24.0834712982, 196.803741455, 45.8111228943, 66.7185211182, 4.02978515625, 26.2880783081, -23.7641029358, 38.5284843445, -25.7935295105], [-515.85949707, 63.7117118835, -8.21188640594, -59.5673522949, 26.1829395294, 45.8111228943, 160.395980835, 52.2929878235, 50.4055175781, 5.44763755798, 12.1763153076, -31.1157016754, -0.655317127705], [-51.6907806396, -241.548126221, -65.8750686646, -12.8206977844, -28.2947006226, 66.7185211182, 52.2929878235, 154.017242432, 70.9644012451, 70.5377807617, 12.2508020401, 11.0950050354, -39.3242530823], [-353.237731934, -22.8272705078, -63.3752212524, -58.2413024902, 1.3823788166, 4.02978515625, 50.4055175781, 70.9644012451, 170.888793945, 85.0010757446, 53.3189926147, -22.6753063202, -15.1645593643], [31.2032661438, -219.101669312, -72.5917205811, -21.3246936798, -23.7729759216, 26.2880783081, 5.44763755798, 70.5377807617, 85.0010757446, 150.087524414, 48.0912971497, 21.6125621796, -48.0019569397], [-300.368377686, 75.0113601685, -38.1042404175, -37.4363250732, 15.772028923, -23.7641029358, 12.1763153076, 12.2508020401, 53.3189926147, 48.0912971497, 144.784545898, 18.003288269, 11.4122495651], [214.505523682, -201.225631714, -27.4186248779, 11.584197998, -10.3028936386, 38.5284843445, -31.1157016754, 11.0950050354, -22.6753063202, 21.6125621796, 18.003288269, 148.451797485, 16.3071746826], [-150.669036865, 154.370407104, -1.35227656364, -5.93230104446, 28.6282043457, -25.7935295105, -0.655317127705, -39.3242530823, -15.1645593643, -48.0019569397, 11.4122495651, 16.3071746826, 135.640731812]],
        "icov": [[0.000354173855158, 2.94143701467e-005, 0.000551558507141, 0.000287368166028, 0.00105987454299, -5.81930453336e-006, 0.000791477621533, 0.000126960512716, 0.000610060873441, -7.67002493376e-005, 0.000547942530829, -0.000145735553815, 0.000206314492971], [2.94143701467e-005, 0.00370039022528, -0.00124465639237, 0.000271487951977, -0.00142618594691, 0.0031072916463, -0.00196045893244, 0.00297616515309, -0.00110355135985, 0.00320186582394, -0.00244289031252, 0.00301879295148, -0.00158161728177], [0.000551558507141, -0.00124465639237, 0.00485182041302, -0.000913567200769, 0.00142240233254, 7.62152776588e-005, 0.00102672341745, -0.000119585572975, 0.00168525637127, -0.000364808947779, 0.00214127660729, -0.00135658925865, 0.00176442263182], [0.000287368166028, 0.000271487951977, -0.000913567200769, 0.00701301684603, -0.00135509623215, -0.00143885740545, 0.00381859159097, -0.00113847956527, 0.00192878546659, -0.000165755162016, 0.000984377111308, 0.00059983675601, 1.06605903056e-005], [0.00105987454299, -0.00142618594691, 0.00142240233254, -0.00135509623215, 0.0106569807976, -0.000630182446912, 0.000922620296478, 0.000565643946175, 0.00134896778036, -0.00122487079352, 0.00169016874861, -0.00190189597197, 0.000358486286132], [-5.81930453336e-006, 0.0031072916463, 7.62152776588e-005, -0.00143885740545, -0.000630182446912, 0.0104011204094, -0.00479896459728, 0.000681087432895, -0.000180378337973, 0.00239473558031, -0.000579855579417, 0.000293462042464, -0.000479013804579], [0.000791477621533, -0.00196045893244, 0.00102672341745, 0.00381859159097, 0.000922620296478, -0.00479896459728, 0.0134718092158, -0.00461934134364, 0.000685367442202, -0.000171019346453, 0.00198621232994, 0.000379876466468, 0.000709466810804], [0.000126960512716, 0.00297616515309, -0.000119585572975, -0.00113847956527, 0.000565643946175, 0.000681087432895, -0.00461934134364, 0.0142811862752, -0.00378262787126, -3.87631516787e-005, -0.00115342077333, 0.00127499131486, 0.000338208599715], [0.000610060873441, -0.00110355135985, 0.00168525637127, 0.00192878546659, 0.00134896778036, -0.000180378337973, 0.000685367442202, -0.00378262787126, 0.0128064863384, -0.00620035920292, 7.88653851487e-005, 0.00123182137031, -0.000294816913083], [-7.67002493376e-005, 0.00320186582394, -0.000364808947779, -0.000165755162016, -0.00122487079352, 0.00239473558031, -0.000171019346453, -3.87631516787e-005, -0.00620035920292, 0.016269735992, -0.0048014302738, 0.00066540815169, 0.00235024862923], [0.000547942530829, -0.00244289031252, 0.00214127660729, 0.000984377111308, 0.00169016874861, -0.000579855579417, 0.00198621232994, -0.00115342077333, 7.88653851487e-005, -0.0048014302738, 0.0117800300941, -0.00377934030257, 0.000434352870798], [-0.000145735553815, 0.00301879295148, -0.00135658925865, 0.00059983675601, -0.00190189597197, 0.000293462042464, 0.000379876466468, 0.00127499131486, 0.00123182137031, 0.00066540815169, -0.00377934030257, 0.0114451320842, -0.00344091327861], [0.000206314492971, -0.00158161728177, 0.00176442263182, 1.06605903056e-005, 0.000358486286132, -0.000479013804579, 0.000709466810804, 0.000338208599715, -0.000294816913083, 0.00235024862923, 0.000434352870798, -0.00344091327861, 0.0105302892625]]
    },
    "melbands": {
        "mean": [2.33475134337e-007, 7.54795479452e-008, 8.94407321539e-007, 0.000147028185893, 0.000446081307018, 0.000432878761785, 0.000534718099516, 0.000829386524856, 0.000148009814438, 7.00326636434e-005, 0.000300032290397, 0.00041384724318, 0.00017152314831, 6.54516625218e-005, 3.87146610592e-005, 9.58539931162e-006, 1.96219971258e-005, 6.0667975049e-005, 3.59551377187e-005, 3.77182950615e-005, 2.85507085209e-005, 1.69647501025e-005, 7.20703019397e-006, 4.95479162055e-006, 3.21646371049e-006, 1.83331337666e-006, 9.78934508566e-007, 8.58448288454e-007, 1.03186152955e-006, 6.75119451898e-007, 2.61878568608e-007, 2.29819448805e-007, 2.63234454678e-007, 1.61904026186e-007, 1.32833150701e-007, 8.74800392126e-008, 4.70079335457e-008, 2.83617627161e-008, 1.9038536081e-008, 8.91752360843e-009],
        "var": [1.21166680747e-013, 5.85508543234e-014, 4.39768013671e-012, 3.60839322866e-007, 1.03966590359e-006, 7.41873520838e-007, 1.14811143703e-006, 9.40106656344e-006, 1.18420452111e-007, 1.94810585441e-008, 4.39740261982e-007, 9.64166702033e-007, 2.2410569045e-007, 3.00738527415e-008, 7.54730766772e-009, 1.22145726866e-009, 2.60632559979e-009, 3.25159064118e-008, 6.57822596395e-009, 8.89220341804e-009, 4.45826309203e-009, 2.4425141909e-009, 2.2717715209e-010, 1.45806228202e-010, 2.77269457394e-011, 1.07956334844e-011, 4.15398705017e-012, 2.01508167791e-012, 3.17546032871e-012, 1.8554387627e-012, 1.83639575443e-013, 2.3074548999e-013, 2.40502713231e-013, 5.69956543984e-014, 6.00842143508e-014, 1.95588157622e-014, 5.30972894437e-015, 1.61305322821e-015, 9.04613611734e-016, 2.13006975136e-016]
    },
    "mfcc": {
        "mean": [-753.531066895, 123.484214783, -68.5328445435, -24.1439781189, -36.9899101257, -34.372215271, -41.316696167, -16.9286403656, -14.7443361282, -11.255774498, -21.6476478577, -8.0077791214, 4.58641147614],
        "cov": [[5970.22705078, -627.339416504, -745.645080566, 38.1740989685, -609.362854004, 8.08793258667, -371.28024292, -65.9029922485, -248.770507813, -137.510925293, -220.153305054, -10.3624620438, -103.811737061], [-627.339416504, 984.068908691, 136.489181519, 14.5737466812, 49.2222557068, -84.739906311, 69.2074050903, -120.969436646, -37.2476463318, -68.3445892334, -94.5229873657, -141.710403442, -68.4672241211], [-745.645080566, 136.489181519, 329.902648926, 27.4894199371, 89.044708252, -3.849193573, 30.1894302368, 5.22821092606, 9.80610847473, -16.2518482208, 2.57364630699, -47.334274292, -38.5316581726], [38.1740989685, 14.5737466812, 27.4894199371, 177.795730591, 59.9146308899, 0.0986486896873, -16.6473274231, -37.5089187622, -23.5943698883, -42.8300437927, -30.29529953, -9.96172523499, -32.0174179077], [-609.362854004, 49.2222557068, 89.044708252, 59.9146308899, 207.480819702, 9.51674461365, 23.0442085266, -22.4684047699, 3.37863230705, -25.371629715, -18.0277118683, 14.0219755173, -2.73758888245], [8.08793258667, -84.739906311, -3.849193573, 0.0986486896873, 9.51674461365, 124.822669983, 21.8017921448, 33.5029830933, 5.28486299515, -13.8520755768, 2.4561612606, 1.77395188808, -10.3430252075], [-371.28024292, 69.2074050903, 30.1894302368, -16.6473274231, 23.0442085266, 21.8017921448, 144.439025879, 32.7972488403, 14.243021965, 10.0266418457, 14.5595474243, -12.2112197876, -6.64458036423], [-65.9029922485, -120.969436646, 5.22821092606, -37.5089187622, -22.4684047699, 33.5029830933, 32.7972488403, 132.593139648, 43.54870224, 15.354683876, 28.6897411346, -5.94513940811, 4.25257349014], [-248.770507813, -37.2476463318, 9.80610847473, -23.5943698883, 3.37863230705, 5.28486299515, 14.243021965, 43.54870224, 133.191802979, 52.2914047241, 20.2221870422, -5.03135967255, -2.77288079262], [-137.510925293, -68.3445892334, -16.2518482208, -42.8300437927, -25.371629715, -13.8520755768, 10.0266418457, 15.354683876, 52.2914047241, 171.075042725, 70.5983657837, 3.95972156525, 23.9930744171], [-220.153305054, -94.5229873657, 2.57364630699, -30.29529953, -18.0277118683, 2.4561612606, 14.5595474243, 28.6897411346, 20.2221870422, 70.5983657837, 159.135818481, 67.6863327026, 40.5532226563], [-10.3624620438, -141.710403442, -47.334274292, -9.96172523499, 14.0219755173, 1.77395188808, -12.2112197876, -5.94513940811, -5.03135967255, 3.95972156525, 67.6863327026, 179.106079102, 86.1259765625], [-103.811737061, -68.4672241211, -38.5316581726, -32.0174179077, -2.73758888245, -10.3430252075, -6.64458036423, 4.25257349014, -2.77288079262, 23.9930744171, 40.5532226563, 86.1259765625, 161.792602539]],
        "icov": [[0.000517262669746, 0.000227881289902, 0.000714849506039, -0.000281207001535, 0.00123569392599, -6.72235764796e-005, 0.000721104675904, 2.61197237705e-006, 0.000690346001647, 8.81977175595e-005, 0.000665090978146, -0.000134033849463, 0.000492478196975], [0.000227881289902, 0.00174960109871, -0.000103335180029, 0.000282012886601, 0.000490773119964, 0.000879979575984, -0.00079374096822, 0.00168322050013, 0.000157640490215, 0.000746541016269, 0.000357288110536, 0.00114638998639, 9.77176023298e-005], [0.000714849506039, -0.000103335180029, 0.00491614732891, -0.000489343714435, -3.39298530889e-005, 0.000151172513142, 0.000953271635808, -0.000639860867523, 0.000831617333461, 0.000545080634765, -0.000206495751627, 0.000841052853502, 0.00109143252485], [-0.000281207001535, 0.000282012886601, -0.000489343714435, 0.00736921001226, -0.00255966419354, 0.00012068466458, 0.000138384843012, 0.00163958687335, 3.79012926714e-005, 0.00115044915583, -0.000333585136104, 0.000420620257501, 0.00089741917327], [0.00123569392599, 0.000490773119964, -3.39298530889e-005, -0.00255966419354, 0.00956837739795, -0.00080379366409, 0.000529488665052, 0.00105673330836, 0.000786645628978, 0.000370469904738, 0.0026385015808, -0.00173471414018, 0.000811050587799], [-6.72235764796e-005, 0.000879979575984, 0.000151172513142, 0.00012068466458, -0.00080379366409, 0.00954058859497, -0.00160158704966, -0.00146051391494, 5.70971405978e-006, 0.00119850609917, -0.000200074922759, 0.000268354284344, 0.000687724037562], [0.000721104675904, -0.00079374096822, 0.000953271635808, 0.000138384843012, 0.000529488665052, -0.00160158704966, 0.00966164749116, -0.00266001257114, 0.0011635760311, -0.000549240387045, 0.000182920106454, -0.000262954068603, 0.000950000830926], [2.61197237705e-006, 0.00168322050013, -0.000639860867523, 0.00163958687335, 0.00105673330836, -0.00146051391494, -0.00266001257114, 0.0121040055528, -0.00323587469757, 0.00185377697926, -0.00165276043117, 0.00225030817091, -0.000730810745154], [0.000690346001647, 0.000157640490215, 0.000831617333461, 3.79012926714e-005, 0.000786645628978, 5.70971405978e-006, 0.0011635760311, -0.00323587469757, 0.0106661422178, -0.00300842663273, 0.00146992132068, -0.00058085238561, 0.00143143092282], [8.81977175595e-005, 0.000746541016269, 0.000545080634765, 0.00115044915583, 0.000370469904738, 0.00119850609917, -0.000549240387045, 0.00185377697926, -0.00300842663273, 0.00922512076795, -0.0039997077547, 0.00249192630872, -0.00100199354347], [0.000665090978146, 0.000357288110536, -0.000206495751627, -0.000333585136104, 0.0026385015808, -0.000200074922759, 0.000182920106454, -0.00165276043117, 0.00146992132068, -0.0039997077547, 0.0112419761717, -0.0044654221274, 0.000723141711205], [-0.000134033849463, 0.00114638998639, 0.000841052853502, 0.000420620257501, -0.00173471414018, 0.000268354284344, -0.000262954068603, 0.00225030817091, -0.00058085238561, 0.00249192630872, -0.0044654221274, 0.0106042036787, -0.00430458318442], [0.000492478196975, 9.77176023298e-005, 0.00109143252485, 0.00089741917327, 0.000811050587799, 0.000687724037562, 0.000950000830926, -0.000730810745154, 0.00143143092282, -0.00100199354347, 0.000723141711205, -0.00430458318442, 0.00937482714653]]
    },
    "spectral_contrast_coeffs": {
        "mean": [-0.52737736702, -0.639313936234, -0.656343281269, -0.706259667873, -0.734261989594, -0.714079916477],
        "var": [0.0127770602703, 0.0109482901171, 0.00755554251373, 0.00549218524247, 0.00430406490341, 0.00284070381895]
    },
    "spectral_contrast_valleys": {
        "mean": [-11.3069372177, -7.45257568359, -8.14005756378, -8.67618560791, -9.05279064178, -12.7792596817],
        "var": [0.837536036968, 1.3231202364, 1.2643134594, 1.10293245316, 1.13485848904, 1.11004316807]
    }
},
"metadata": {
    "audio_properties": {
        "analysis_sample_rate": 44100,
        "bit_rate": 99891,
        "equal_loudness": 0,
        "length": 45.0612258911,
        "lossless": 0,
        "replay_gain": -5.38784217834,
        "sample_rate": 44100,
        "codec": "mp3",
        "downmix": "mix",
        "md5_encoded": "bfafd62008b8d4f7437d803b6ade03ba"
    },
    "tags": {
        "file_name": "202.mp3"
    },
    "version": {
        "essentia": "2.1-beta2",
        "essentia_git_sha": "v2.1_beta2",
        "extractor": "music 1.0"
    }
},
"rhythm": {
    "beats_count": 75,
    "beats_loudness": {
        "mean": 0.028348159045,
        "var": 0.0014956726227
    },
    "bpm": 100.078460693,
    "bpm_histogram_first_peak_bpm": {
        "mean": 99,
        "var": 0
    },
    "bpm_histogram_first_peak_spread": {
        "mean": 0.388888895512,
        "var": 0
    },
    "bpm_histogram_first_peak_weight": {
        "mean": 0.594594597816,
        "var": 0
    },
    "bpm_histogram_second_peak_bpm": {
        "mean": 108,
        "var": 0
    },
    "bpm_histogram_second_peak_spread": {
        "mean": 0.5,
        "var": 0
    },
    "bpm_histogram_second_peak_weight": {
        "mean": 0.0135135138407,
        "var": 0
    },
    "danceability": 1.0350612402,
    "onset_rate": 4.59167957306,
    "beats_loudness_band_ratio": {
        "mean": [0.000936662952881, 0.23742762208, 0.390566140413, 0.289172679186, 0.112830966711, 0.0103298667818],
        "var": [2.52727750194e-006, 0.0439102053642, 0.0546112395823, 0.042278200388, 0.0123412739486, 0.000135497568408]
    },
    "beats_position": [0.545668900013, 1.09133780003, 1.64861679077, 2.22911548615, 2.80961441994, 3.39011335373, 3.97061228752, 4.5627207756, 5.17804956436, 5.79337835312, 6.40870714188, 7.01242637634, 7.6277551651, 8.2198638916, 8.82358264923, 9.41569137573, 10.0194101334, 10.6115188599, 11.2268476486, 11.8189563751, 12.3994560242, 12.9799547195, 13.5952835083, 14.2106122971, 14.8143310547, 15.4180498123, 16.0217685699, 16.6138763428, 17.2175960541, 17.8097057343, 18.4134235382, 19.0171432495, 19.6208610535, 20.2245807648, 20.8282985687, 21.43201828, 22.0241260529, 22.616235733, 23.219953537, 23.8236732483, 24.4273910522, 25.0311107635, 25.6348285675, 26.2269382477, 26.8190479279, 27.4111557007, 28.0264854431, 28.6418132782, 29.2455329895, 29.8376407623, 30.4297504425, 31.0334682465, 31.6255779266, 32.2060775757, 32.8097953796, 33.4135131836, 34.0056228638, 34.5977325439, 35.2014503479, 35.8051681519, 36.4088897705, 37.0126075745, 37.6163253784, 38.2084350586, 38.8121528625, 39.4042625427, 40.0079803467, 40.6116981506, 41.2038078308, 41.8191375732, 42.4228553772, 43.0265769958, 43.6302947998, 44.22240448, 44.8261222839]
},
"tonal": {
    "chords_changes_rate": 0.0349794253707,
    "chords_number_rate": 0.00823045242578,
    "chords_strength": {
        "mean": 0.571275949478,
        "var": 0.0110599854961
    },
    "hpcp_entropy": {
        "mean": 1.29997849464,
        "var": 0.504327595234
    },
    "key_strength": 0.699190974236,
    "tuning_diatonic_strength": 0.594312250614,
    "tuning_equal_tempered_deviation": 0.0235573220998,
    "tuning_frequency": 436.960693359,
    "tuning_nontempered_energy_ratio": 0.698250412941,
    "hpcp": {
        "mean": [0.414734840393, 0.219333305955, 0.0287643447518, 0.0147752398625, 0.0217439960688, 0.0643590763211, 0.14499296248, 0.147530272603, 0.193004056811, 0.27415138483, 0.17177131772, 0.0527385510504, 0.0241476912051, 0.024513784796, 0.079893514514, 0.146863251925, 0.111563429236, 0.0411687605083, 0.0212463624775, 0.0344882048666, 0.138519614935, 0.219145283103, 0.121040798724, 0.0215651970357, 0.01664374955, 0.0190379731357, 0.0263299141079, 0.0275388546288, 0.0254560541362, 0.0899962857366, 0.15456597507, 0.114547029138, 0.0879203230143, 0.0948668792844, 0.0945293232799, 0.270249694586],
        "var": [0.177740067244, 0.0700357854366, 0.00414532097057, 0.0038141105324, 0.00626003136858, 0.0192729253322, 0.0670901983976, 0.0599804371595, 0.073855124414, 0.146484747529, 0.0670164451003, 0.0121332667768, 0.00343259330839, 0.00443820236251, 0.0260643921793, 0.0802230909467, 0.0513881966472, 0.0115707265213, 0.00529025029391, 0.0100534595549, 0.0538070164621, 0.112315818667, 0.0437337569892, 0.00348422210664, 0.00724737811834, 0.00642125913873, 0.00952335260808, 0.00822341628373, 0.00420064805076, 0.0331358201802, 0.0839205682278, 0.0489337407053, 0.0397485308349, 0.0531590655446, 0.0301174949855, 0.0971686020494]
    },
    "chords_histogram": [63.6831283569, 4.83539104462, 0.411522626877, 12.448559761, 0, 0, 0, 3.29218101501, 3.08641982079, 6.99588489532, 3.70370364189, 0, 0, 0, 0, 0, 0, 0, 0, 0, 0, 0, 1.54320991039, 0],
    "thpcp": [1, 0.528851866722, 0.0693559870124, 0.0356257520616, 0.0524286702275, 0.155181258917, 0.349604010582, 0.355721920729, 0.465367347002, 0.661028087139, 0.414171427488, 0.127162098885, 0.0582244098186, 0.0591071285307, 0.192637577653, 0.354113608599, 0.268999427557, 0.099265255034, 0.05122878775, 0.0831572413445, 0.333995610476, 0.528398513794, 0.291851043701, 0.0519975535572, 0.0401310622692, 0.0459039621055, 0.0634861364961, 0.0664011090994, 0.061379108578, 0.216997161508, 0.372686266899, 0.276193410158, 0.211991652846, 0.228741034865, 0.227927133441, 0.651620447636],
    "chords_key": "A",
    "chords_scale": "minor",
    "key_key": "A",
    "key_scale": "minor"
}
}