{
"lowlevel": {
    "average_loudness": 0.0160882677883,
    "barkbands_crest": {
        "mean": 13.4512338638,
        "var": 21.2568569183
    },
    "barkbands_flatness_db": {
        "mean": 0.276066243649,
        "var": 0.00481782853603
    },
    "barkbands_kurtosis": {
        "mean": 5.70984506607,
        "var": 110.868476868
    },
    "barkbands_skewness": {
        "mean": 1.71960258484,
        "var": 1.30988240242
    },
    "barkbands_spread": {
        "mean": 10.5760326385,
        "var": 77.841758728
    },
    "dissonance": {
        "mean": 0.400846511126,
        "var": 0.00285562127829
    },
    "dynamic_complexity": 7.32943487167,
    "erbbands_crest": {
        "mean": 13.3315839767,
        "var": 28.2619533539
    },
    "erbbands_flatness_db": {
        "mean": 0.295016586781,
        "var": 0.00369195383973
    },
    "erbbands_kurtosis": {
        "mean": 1.36460161209,
        "var": 14.4161520004
    },
    "erbbands_skewness": {
        "mean": 0.872953534126,
        "var": 0.75183480978
    },
    "erbbands_spread": {
        "mean": 24.6672286987,
        "var": 266.486663818
    },
    "hfc": {
        "mean": 7.76166915894,
        "var": 236.597290039
    },
    "melbands_crest": {
        "mean": 16.4389648438,
        "var": 30.2304763794
    },
    "melbands_flatness_db": {
        "mean": 0.331531405449,
        "var": 0.00961011089385
    },
    "melbands_kurtosis": {
        "mean": 10.5729904175,
        "var": 176.321716309
    },
    "melbands_skewness": {
        "mean": 2.27311658859,
        "var": 1.76143586636
    },
    "melbands_spread": {
        "mean": 13.3533592224,
        "var": 212.971862793
    },
    "pitch_salience": {
        "mean": 0.485326141119,
        "var": 0.015543746762
    },
    "silence_rate_20dB": {
        "mean": 1,
        "var": 0
    },
    "silence_rate_30dB": {
        "mean": 1,
        "var": 0
    },
    "silence_rate_60dB": {
        "mean": 0.515458345413,
        "var": 0.249765232205
    },
    "spectral_centroid": {
        "mean": 960.985778809,
        "var": 420455.59375
    },
    "spectral_complexity": {
        "mean": 6.63469552994,
        "var": 17.5695533752
    },
    "spectral_decrease": {
        "mean": -2.15749218491e-009,
        "var": 1.18516742446e-017
    },
    "spectral_energy": {
        "mean": 0.00884687155485,
        "var": 0.000206019845791
    },
    "spectral_energyband_high": {
        "mean": 7.38207891118e-005,
        "var": 6.15084232436e-008
    },
    "spectral_energyband_low": {
        "mean": 0.000325942994095,
        "var": 3.59472750233e-007
    },
    "spectral_energyband_middle_high": {
        "mean": 0.00240450398996,
        "var": 3.42585808539e-005
    },
    "spectral_energyband_middle_low": {
        "mean": 0.00634126691148,
        "var": 0.000107523446786
    },
    "spectral_entropy": {
        "mean": 6.22854089737,
        "var": 0.376472353935
    },
    "spectral_flux": {
        "mean": 0.0394094660878,
        "var": 0.00225129560567
    },
    "spectral_kurtosis": {
        "mean": 33.9654197693,
        "var": 2676.26074219
    },
    "spectral_rms": {
        "mean": 0.00229718582705,
        "var": 3.35401227858e-006
    },
    "spectral_rolloff": {
        "mean": 1061.42724609,
        "var": 1151432.5
    },
    "spectral_skewness": {
        "mean": 3.31230044365,
        "var": 7.97401666641
    },
    "spectral_spread": {
        "mean": 2566319.25,
        "var": 3.12244148634e+012
    },
    "spectral_strongpeak": {
        "mean": 0.978901207447,
        "var": 1.75547266006
    },
    "zerocrossingrate": {
        "mean": 0.0386853627861,
        "var": 0.000882470223587
    },
    "barkbands": {
        "mean": [7.93349613559e-007, 2.99631046801e-005, 0.00011256718426, 0.000361103186151, 0.000438967283117, 0.00115768425167, 0.000848397437949, 0.0015010330826, 0.00180463993456, 0.000389702472603, 0.000323680578731, 0.000481334864162, 0.000142421748023, 0.000113170470286, 0.00031086942181, 0.000184815391549, 8.99798396858e-005, 0.000157736838446, 0.000207981152926, 0.000160535011673, 5.9728222368e-006, 1.21430293802e-005, 8.34755155665e-006, 2.14652345676e-006, 7.58856572247e-007, 1.17029678393e-007, 3.41160588668e-009],
        "var": [4.35488659023e-011, 4.65042093722e-009, 6.10648385191e-008, 5.76565355459e-007, 3.27538202782e-007, 4.12134886574e-006, 4.50362222182e-006, 2.2427919248e-005, 5.57913044759e-005, 1.23143563542e-005, 3.06532956529e-006, 8.20575132821e-006, 1.1521151464e-006, 2.77780230817e-007, 3.90128843719e-006, 7.69216285335e-007, 1.69329439359e-007, 3.42993075719e-007, 2.83775563048e-007, 2.01479537054e-007, 1.67486846614e-009, 1.51087919953e-009, 8.14973533103e-010, 6.00407085161e-011, 1.03990626873e-011, 1.5195783271e-013, 2.39416668338e-016]
    },
    "erbbands": {
        "mean": [0.000273244135315, 0.0104774283245, 0.109967648983, 0.730449914932, 0.89558750391, 1.83261847496, 5.84942245483, 9.64436149597, 9.06250953674, 22.6810245514, 35.6894226074, 44.2115707397, 21.4163417816, 6.64084529877, 20.9103336334, 15.2379570007, 7.01229000092, 6.04329061508, 9.1654510498, 17.1975002289, 8.45548629761, 5.56995010376, 8.11793613434, 9.36793804169, 11.5018110275, 7.39991283417, 0.988117158413, 0.163353443146, 0.414505809546, 0.445394068956, 0.187791019678, 0.0566211268306, 0.032412212342, 0.012846082449, 0.00314722908661, 0.000762190262321, 0.000175563516677, 2.20938054554e-005, 5.4564770835e-006, 1.06080624391e-005],
        "var": [4.21412551077e-007, 0.000480912160128, 0.0522905476391, 2.23413515091, 2.40290641785, 6.29163885117, 91.1291732788, 269.725402832, 350.70980835, 3413.73901367, 12771.1240234, 35380.3554688, 23793.5585938, 620.958435059, 13954.3955078, 7355.54785156, 2140.796875, 816.050598145, 2118.28979492, 8604.43457031, 1275.20373535, 507.748657227, 987.863830566, 784.209289551, 849.101318359, 445.487884521, 15.6834983826, 0.303529769182, 2.40548157692, 1.86641132832, 0.362552940845, 0.0380448028445, 0.0140265524387, 0.00293088657781, 0.000169685634319, 7.43677719584e-006, 3.39699312235e-007, 6.48175291218e-009, 8.89588402941e-011, 3.08842035279e-010]
    },
    "gfcc": {
        "mean": [-203.106155396, 156.820480347, -141.401062012, -4.41034698486, -71.1847763062, -23.300868988, -41.6043205261, -10.7804613113, -24.3998031616, -15.8058671951, 1.58009755611, -13.8726520538, -10.2095718384],
        "cov": [[15506.4970703, -3787.51464844, -3608.97607422, 2681.7578125, -1618.90966797, -609.894470215, 309.373504639, 470.49697876, -126.565139771, -132.519561768, 72.1918334961, -745.547912598, -649.906677246], [-3787.51464844, 3462.83764648, 1116.20935059, -1454.0880127, 1315.3515625, -67.788230896, 133.868484497, -352.714630127, 175.548477173, -231.043380737, -109.742225647, 29.8352508545, 262.857025146], [-3608.97607422, 1116.20935059, 1688.2713623, -705.457580566, 302.692565918, 545.280822754, -59.9920425415, -114.313926697, 22.74741745, 26.2938766479, -155.015884399, 193.729049683, 145.47177124], [2681.7578125, -1454.0880127, -705.457580566, 1184.84887695, -472.289001465, -91.2186508179, 54.0237159729, 218.308242798, -74.2601852417, 50.0269813538, 74.3885345459, -106.638313293, -160.310531616], [-1618.90966797, 1315.3515625, 302.692565918, -472.289001465, 940.719299316, -159.017471313, -48.3582191467, -10.3111782074, 189.930633545, -24.2563114166, -178.534820557, 4.51486110687, 111.153999329], [-609.894470215, -67.788230896, 545.280822754, -91.2186508179, -159.017471313, 539.909118652, 93.5134658813, -45.9545631409, -74.0379180908, 17.5899047852, -6.64666700363, 35.8191413879, -27.6521625519], [309.373504639, 133.868484497, -59.9920425415, 54.0237159729, -48.3582191467, 93.5134658813, 325.48626709, -30.6923599243, -72.2258148193, -35.5065422058, 64.051399231, -48.689743042, -59.1555252075], [470.49697876, -352.714630127, -114.313926697, 218.308242798, -10.3111782074, -45.9545631409, -30.6923599243, 207.510910034, 50.556350708, 47.7224578857, -17.3510761261, -0.949555456638, -10.0041675568], [-126.565139771, 175.548477173, 22.74741745, -74.2601852417, 189.930633545, -74.0379180908, -72.2258148193, 50.556350708, 223.024810791, 39.9567489624, -103.964286804, 7.39230442047, 33.5738487244], [-132.519561768, -231.043380737, 26.2938766479, 50.0269813538, -24.2563114166, 17.5899047852, -35.5065422058, 47.7224578857, 39.9567489624, 151.432266235, 3.20695948601, 27.9238910675, 1.58467018604], [72.1918334961, -109.742225647, -155.015884399, 74.3885345459, -178.534820557, -6.64666700363, 64.051399231, -17.3510761261, -103.964286804, 3.20695948601, 271.276062012, 29.8143863678, -2.92352318764], [-745.547912598, 29.8352508545, 193.729049683, -106.638313293, 4.51486110687, 35.8191413879, -48.689743042, -0.949555456638, 7.39230442047, 27.9238910675, 29.8143863678, 157.503250122, 73.3544464111], [-649.906677246, 262.857025146, 145.47177124, -160.310531616, 111.153999329, -27.6521625519, -59.1555252075, -10.0041675568, 33.5738487244, 1.58467018604, -2.92352318764, 73.3544464111, 153.775421143]],
        "icov": [[0.000252251833444, -0.000305907422444, 0.00059336918639, -0.000327694346197, 0.000529198849108, -0.000310055096634, 0.00014761807688, -0.000384391256375, -5.96906011197e-006, -1.61042316904e-005, 0.000494714011438, 0.000222622053116, 0.000184238248039], [-0.000305907422444, 0.00354616274126, -0.00253397598863, 0.00183468253817, -0.00347983906977, 0.00201536761597, -0.00221493956633, 0.00272931228392, -0.00145778234582, 0.00289112189785, -0.00281190522946, 0.00203505787067, -0.00157721957657], [0.00059336918639, -0.00253397598863, 0.0040744356811, -0.0011105753947, 0.00242421170697, -0.0033111111261, 0.00182998296805, -0.00215986697003, 0.00117867300287, -0.00183636043221, 0.0030860202387, -0.00191385915969, 0.000776007713284], [-0.000327694346197, 0.00183468253817, -0.0011105753947, 0.00287258252501, -0.00137772236485, 0.00109703629278, -0.0011990579078, -8.46151742735e-005, -0.000242234178586, 0.00106061587576, -0.00141569599509, 0.00102676323149, -0.000224186733249], [0.000529198849108, -0.00347983906977, 0.00242421170697, -0.00137772236485, 0.00565089192241, -0.00112267874647, 0.0016243517166, -0.00325779151171, 0.000398560950998, -0.00238898745738, 0.003608915722, -0.000934237497859, 0.00103353406303], [-0.000310055096634, 0.00201536761597, -0.0033111111261, 0.00109703629278, -0.00112267874647, 0.0053081153892, -0.00236164149828, 0.00165392411873, -0.000429529813118, 0.00106740533374, -0.00155162846204, 0.00121429900173, -4.02444275096e-005], [0.00014761807688, -0.00221493956633, 0.00182998296805, -0.0011990579078, 0.0016243517166, -0.00236164149828, 0.00545526994392, -0.00139234622475, 0.001462369808, -0.00122484751046, 0.000736792106181, -0.000625480315648, 0.0018437259132], [-0.000384391256375, 0.00272931228392, -0.00215986697003, -8.46151742735e-005, -0.00325779151171, 0.00165392411873, -0.00139234622475, 0.00937549769878, -0.00239975866862, 0.00080741167767, -0.00219809939153, 0.000668666732963, -0.00145347253419], [-5.96906011197e-006, -0.00145778234582, 0.00117867300287, -0.000242234178586, 0.000398560950998, -0.000429529813118, 0.001462369808, -0.00239975866862, 0.00801370572299, -0.00307977432385, 0.00315903336741, -0.00132293836214, 0.000113422749564], [-1.61042316904e-005, 0.00289112189785, -0.00183636043221, 0.00106061587576, -0.00238898745738, 0.00106740533374, -0.00122484751046, 0.00080741167767, -0.00307977432385, 0.0106412051246, -0.00277725770138, 0.000850712996908, -0.000562864763197], [0.000494714011438, -0.00281190522946, 0.0030860202387, -0.00141569599509, 0.003608915722, -0.00155162846204, 0.000736792106181, -0.00219809939153, 0.00315903336741, -0.00277725770138, 0.00816204585135, -0.0029146510642, 0.0006393463118], [0.000222622053116, 0.00203505787067, -0.00191385915969, 0.00102676323149, -0.000934237497859, 0.00121429900173, -0.000625480315648, 0.000668666732963, -0.00132293836214, 0.000850712996908, -0.0029146510642, 0.0122160138562, -0.00456297351047], [0.000184238248039, -0.00157721957657, 0.000776007713284, -0.000224186733249, 0.00103353406303, -4.02444275096e-005, 0.0018437259132, -0.00145347253419, 0.000113422749564, -0.000562864763197, 0.0006393463118, -0.00456297351047, 0.01104008127]]
    },
    "melbands": {
        "mean": [5.18105662195e-006, 3.97612893721e-005, 0.000134013913339, 8.52062221384e-005, 0.000189093450899, 0.000221153342864, 0.000143792305607, 0.000271686760243, 0.000304584827973, 0.000264614471234, 9.82518686214e-005, 2.3549024263e-005, 5.75108642806e-005, 6.29196656519e-005, 2.19928315346e-005, 1.30316975628e-005, 1.08866388473e-005, 1.08674230432e-005, 2.86381455226e-005, 1.68217720784e-005, 8.31838133308e-006, 5.44997419638e-006, 6.82588370182e-006, 6.98430039847e-006, 7.55227893023e-006, 8.17399995867e-006, 8.44615260576e-006, 3.9709120756e-006, 6.67786935082e-007, 7.24703923538e-008, 8.04686735023e-008, 2.4902570317e-007, 2.30578820037e-007, 2.47777762752e-007, 1.22087030263e-007, 4.53972504033e-008, 3.05292964242e-008, 2.52035405879e-008, 1.51198307208e-008, 9.39069799699e-009],
        "var": [1.5014123278e-010, 6.80247103091e-009, 6.95085375924e-008, 1.28699735313e-008, 8.36008240412e-008, 1.42469275488e-007, 1.01035794842e-007, 5.29626049683e-007, 9.86682834991e-007, 1.40177996855e-006, 5.96656036578e-007, 1.30965949197e-008, 9.45691667198e-008, 1.37497735864e-007, 1.79306400838e-008, 1.37161393354e-008, 2.85903789532e-009, 3.23949023162e-009, 3.84268865616e-008, 6.99519642211e-009, 1.71960012896e-009, 7.47403361423e-010, 8.36481162114e-010, 8.40589264861e-010, 6.62606913782e-010, 5.39951583445e-010, 5.7215387983e-010, 1.90666968325e-010, 1.25010748281e-011, 1.80318122087e-013, 9.67417674289e-014, 1.22458174243e-012, 3.63288229794e-013, 7.28541250765e-013, 1.76344832833e-013, 2.62697764881e-014, 1.36947422938e-014, 9.06925884625e-015, 3.73690734593e-015, 1.76934012434e-015]
    },
    "mfcc": {
        "mean": [-824.003417969, 162.796234131, -4.38653469086, 6.1173491478, -15.3972959518, -21.5002975464, -11.7347536087, -7.55704975128, -29.0525512695, -3.65474820137, -3.7519466877, -18.0110549927, 3.6735534668],
        "cov": [[9870.26074219, -722.997314453, -2543.9453125, 1216.20263672, -671.256591797, -581.032470703, -149.810241699, 359.966766357, -474.557128906, 720.33013916, 293.806762695, -471.831756592, 453.215301514], [-722.997314453, 2025.74816895, 295.205200195, -503.327545166, 369.229064941, 146.038192749, 40.0533485413, -45.2409133911, 195.104766846, -196.407516479, -108.364952087, 64.336479187, -171.073043823], [-2543.9453125, 295.205200195, 1548.82165527, -570.260681152, 28.1940155029, 495.591125488, 158.791854858, -30.3627490997, 236.750564575, -170.401290894, -126.563217163, 173.866485596, -166.240066528], [1216.20263672, -503.327545166, -570.260681152, 737.098632813, -4.50835132599, -237.043945313, -24.8430671692, 76.9525299072, -78.130897522, 152.778701782, 100.942977905, -66.0357818604, 144.075958252], [-671.256591797, 369.229064941, 28.1940155029, -4.50835132599, 487.842468262, -0.156582891941, -118.218559265, -21.9309864044, 202.349136353, -47.2575798035, -41.9430007935, 112.453643799, -133.150939941], [-581.032470703, 146.038192749, 495.591125488, -237.043945313, -0.156582891941, 388.832977295, 116.458747864, 11.1621675491, 122.418655396, -0.10461255908, -33.299369812, 59.1689605713, -69.5818099976], [-149.810241699, 40.0533485413, 158.791854858, -24.8430671692, -118.218559265, 116.458747864, 291.157226563, 64.8790283203, -88.1262893677, 16.7180557251, 38.2771224976, -53.2268371582, 48.5579948425], [359.966766357, -45.2409133911, -30.3627490997, 76.9525299072, -21.9309864044, 11.1621675491, 64.8790283203, 151.747665405, -3.2376844883, 29.1238212585, 34.8645706177, -28.1138687134, 34.2815132141], [-474.557128906, 195.104766846, 236.750564575, -78.130897522, 202.349136353, 122.418655396, -88.1262893677, -3.2376844883, 340.545043945, -4.79935646057, -62.7465591431, 154.065963745, -110.968223572], [720.33013916, -196.407516479, -170.401290894, 152.778701782, -47.2575798035, -0.10461255908, 16.7180557251, 29.1238212585, -4.79935646057, 208.090835571, 59.99036026, -27.8581848145, 39.4655227661], [293.806762695, -108.364952087, -126.563217163, 100.942977905, -41.9430007935, -33.299369812, 38.2771224976, 34.8645706177, -62.7465591431, 59.99036026, 138.277511597, -26.7876377106, 43.4970207214], [-471.831756592, 64.336479187, 173.866485596, -66.0357818604, 112.453643799, 59.1689605713, -53.2268371582, -28.1138687134, 154.065963745, -27.8581848145, -26.7876377106, 217.776672363, -29.2014713287], [453.215301514, -171.073043823, -166.240066528, 144.075958252, -133.150939941, -69.5818099976, 48.5579948425, 34.2815132141, -110.968223572, 39.4655227661, 43.4970207214, -29.2014713287, 226.164138794]],
        "icov": [[0.000320795108564, -0.000153599787154, 0.000430975080235, -0.000180059418199, 0.000520081608556, -0.000247459043749, 0.000431793567259, -0.000638014695141, 0.000100705467048, -0.000651628652122, 0.000186911391211, 3.71291389456e-005, 3.84827544622e-005], [-0.000153599787154, 0.000868358823936, -3.46332126355e-005, 0.000670890556648, -0.000884161272552, 0.00016098569904, -0.000720187672414, 0.000399678712711, -0.000431629887316, 0.000702272576746, -3.96705108869e-005, 0.000299930397887, -0.000153140164912], [0.000430975080235, -3.46332126355e-005, 0.0021177046001, 0.000272868550383, 0.000819934415631, -0.00154872273561, -9.29400339373e-005, -0.000754995679017, -0.000369100045646, 3.46810520568e-005, 0.000533602433279, -0.000416710565332, 0.000289992778562], [-0.000180059418199, 0.000670890556648, 0.000272868550383, 0.00303340842947, -0.00113057740964, 0.00115999137051, -0.000813070568256, -0.000240920795477, -0.000712648616172, -0.00051566620823, -0.000522717949934, 0.000382762606023, -0.00107091211248], [0.000520081608556, -0.000884161272552, 0.000819934415631, -0.00113057740964, 0.00468462146819, -0.000251903518802, 0.00137905555312, -0.0011424953118, -0.000988766434602, -0.000510832353029, 0.000129332416691, -0.000901497958694, 0.0016322392039], [-0.000247459043749, 0.00016098569904, -0.00154872273561, 0.00115999137051, -0.000251903518802, 0.00606044800952, -0.00228638201952, 0.000362764723832, -0.00166168645956, -0.00110667478293, -4.28577332059e-005, 4.27990744356e-005, 0.000284053530777], [0.000431793567259, -0.000720187672414, -9.29400339373e-005, -0.000813070568256, 0.00137905555312, -0.00228638201952, 0.00678338157013, -0.0028145625256, 0.00219933432527, -0.00114604854025, -0.00057040003594, 0.000346838787664, -0.000448126113042], [-0.000638014695141, 0.000399678712711, -0.000754995679017, -0.000240920795477, -0.0011424953118, 0.000362764723832, -0.0028145625256, 0.00973897706717, -0.00196457561105, 0.00158395094331, -0.00179554568604, 0.00133068568539, -0.000976747600362], [0.000100705467048, -0.000431629887316, -0.000369100045646, -0.000712648616172, -0.000988766434602, -0.00166168645956, 0.00219933432527, -0.00196457561105, 0.00755641423166, -0.00178771850187, 0.00184581323992, -0.00346207246184, 0.00160414457787], [-0.000651628652122, 0.000702272576746, 3.46810520568e-005, -0.00051566620823, -0.000510832353029, -0.00110667478293, -0.00114604854025, 0.00158395094331, -0.00178771850187, 0.0087200216949, -0.00253277900629, 0.00071887212107, -0.000263100664597], [0.000186911391211, -3.96705108869e-005, 0.000533602433279, -0.000522717949934, 0.000129332416691, -4.28577332059e-005, -0.00057040003594, -0.00179554568604, 0.00184581323992, -0.00253277900629, 0.0100380228832, -0.000980049371719, 6.87586507411e-005], [3.71291389456e-005, 0.000299930397887, -0.000416710565332, 0.000382762606023, -0.000901497958694, 4.27990744356e-005, 0.000346838787664, 0.00133068568539, -0.00346207246184, 0.00071887212107, -0.000980049371719, 0.00792160537094, -0.00180423958227], [3.84827544622e-005, -0.000153140164912, 0.000289992778562, -0.00107091211248, 0.0016322392039, 0.000284053530777, -0.000448126113042, -0.000976747600362, 0.00160414457787, -0.000263100664597, 6.87586507411e-005, -0.00180423958227, 0.00700341304764]]
    },
    "spectral_contrast_coeffs": {
        "mean": [-0.568328976631, -0.652799725533, -0.710037529469, -0.721822738647, -0.70464515686, -0.794251203537],
        "var": [0.00854679755867, 0.00892420392483, 0.0070223454386, 0.00606355816126, 0.0105641772971, 0.00416768388823]
    },
    "spectral_contrast_valleys": {
        "mean": [-9.79197120667, -7.90643072128, -9.07446479797, -10.0994577408, -10.623840332, -13.3001279831],
        "var": [1.38382804394, 1.25761425495, 1.34791409969, 1.48420333862, 2.52498173714, 2.29000473022]
    }
},
"metadata": {
    "audio_properties": {
        "analysis_sample_rate": 44100,
        "bit_rate": 128000,
        "equal_loudness": 0,
        "length": 256.835906982,
        "lossless": 0,
        "replay_gain": -16.0300521851,
        "sample_rate": 44100,
        "codec": "mp3",
        "downmix": "mix",
        "md5_encoded": "d340ea1d6a634b3a8dbc4d1090f46475"
    },
    "tags": {
        "file_name": "2022.mp3"
    },
    "version": {
        "essentia": "2.1-beta2",
        "essentia_git_sha": "v2.1_beta2",
        "extractor": "music 1.0"
    }
},
"rhythm": {
    "beats_count": 595,
    "beats_loudness": {
        "mean": 0.011642428115,
        "var": 0.000247885996941
    },
    "bpm": 144.647994995,
    "bpm_histogram_first_peak_bpm": {
        "mean": 144,
        "var": 0
    },
    "bpm_histogram_first_peak_spread": {
        "mean": 0.519083976746,
        "var": 0
    },
    "bpm_histogram_first_peak_weight": {
        "mean": 0.106060609221,
        "var": 0
    },
    "bpm_histogram_second_peak_bpm": {
        "mean": 185,
        "var": 0
    },
    "bpm_histogram_second_peak_spread": {
        "mean": 0,
        "var": 0
    },
    "bpm_histogram_second_peak_weight": {
        "mean": 0.0976430997252,
        "var": 0
    },
    "danceability": 0.833608806133,
    "onset_rate": 3.7648794651,
    "beats_loudness_band_ratio": {
        "mean": [0.112104780972, 0.393266916275, 0.331253945827, 0.11935647577, 0.0528515018523, 0.0375995673239],
        "var": [0.0231380872428, 0.0809607207775, 0.054840054363, 0.0300165675581, 0.00719899637625, 0.006733069662]
    },
    "beats_position": [0.557278871536, 1.11455774307, 1.69505667686, 2.26394557953, 2.79800438881, 3.29723358154, 3.79646253586, 4.31891155243, 4.82975053787, 5.34058952332, 5.85142850876, 6.35065746307, 6.83827638626, 7.32589578629, 7.83673477173, 8.35918331146, 8.93968200684, 9.52018165588, 10.1006803513, 10.7508392334, 11.3893871307, 12.0047159195, 12.6084346771, 13.2121543884, 13.8158731461, 14.4195919037, 15.0117006302, 15.6038093567, 16.2075271606, 16.7067565918, 17.2059860229, 17.7052154541, 18.2044448853, 18.6920623779, 19.179681778, 19.667301178, 20.154920578, 20.6309299469, 21.153377533, 21.6758270264, 22.1982765198, 22.6975059509, 23.2083435059, 23.7191829681, 24.2416324615, 24.7524719238, 25.2633094788, 25.7857589722, 26.3082084656, 26.8190479279, 27.3298854828, 27.8523349762, 28.4328346252, 29.0017223358, 29.5706119537, 30.0698413849, 30.5574588776, 31.0450782776, 31.567527771, 32.1015853882, 32.6356468201, 33.1697044373, 33.7037620544, 34.2494316101, 34.7718811035, 35.2943305969, 35.7703399658, 36.2463493347, 36.7339668274, 37.151927948, 37.5582771301, 37.9530143738, 38.3593635559, 38.7773246765, 39.1836738586, 39.5900230408, 40.0079803467, 40.4143295288, 40.8206787109, 41.2270278931, 41.6333770752, 42.0281181335, 42.4228553772, 42.8408164978, 43.2471656799, 43.6535148621, 44.0598640442, 44.4546012878, 44.8145103455, 45.1860313416, 45.5575485229, 45.929069519, 46.3586387634, 46.7882080078, 47.2061653137, 47.6241264343, 48.0420837402, 48.4600448608, 48.8896141052, 49.3075714111, 49.7139205933, 50.1318817139, 50.5498390198, 50.9678001404, 51.3973693848, 51.8269386292, 52.1752357483, 52.5235366821, 52.871837616, 53.2201347351, 53.5568237305, 53.8935127258, 54.2302017212, 54.5668907166, 54.8919715881, 55.2170524597, 55.5421295166, 55.8672103882, 56.1922874451, 56.5173683167, 56.8424491882, 57.1675262451, 57.4926071167, 57.8176841736, 58.2356452942, 58.6419944763, 59.0483436584, 59.4546928406, 59.8726501465, 60.2906112671, 60.6969604492, 61.1149177551, 61.5328788757, 61.9508361816, 62.3687973022, 62.8215866089, 63.2743759155, 63.7155532837, 64.1219024658, 64.5282516479, 64.9229888916, 65.3177337646, 65.6892471313, 66.0607681274, 66.4322891235, 66.8270263672, 67.1869354248, 67.5468444824, 67.9183654785, 68.2898864746, 68.6614074707, 69.0213165283, 69.358001709, 69.6830825806, 70.0778198242, 70.4725646973, 70.8789138794, 71.2852630615, 71.7032165527, 72.1211776733, 72.5391387939, 72.9570999146, 73.3750534058, 73.7930145264, 74.303855896, 74.7914733887, 75.3139190674, 75.8828125, 76.4633102417, 77.0205917358, 77.5314254761, 78.0538787842, 78.5763244629, 79.0871658325, 79.5863952637, 80.0856246948, 80.6080703735, 81.1072998047, 81.6181411743, 82.140586853, 82.6630401611, 83.1738739014, 83.6963272095, 84.2187728882, 84.7412261963, 85.263671875, 85.7745132446, 86.2505187988, 86.7381362915, 87.2141494751, 87.6785507202, 88.1313400269, 88.5957336426, 89.0485229492, 89.5013122559, 89.965713501, 90.4417190552, 90.9641723633, 91.486618042, 92.0206756592, 92.6011810303, 93.181678772, 93.7621765137, 94.3310623169, 94.8999557495, 95.3991851807, 95.8984146118, 96.3976364136, 96.8039855957, 97.2103347778, 97.6050796509, 98.011428833, 98.4177780151, 98.8241271973, 99.2304763794, 99.625213623, 100.031562805, 100.426300049, 100.809432983, 101.204170227, 101.587303162, 101.982040405, 102.376777649, 102.771514893, 103.143035889, 103.526168823, 103.909294128, 104.292427063, 104.675552368, 105.070289612, 105.465034485, 105.859771729, 106.231292725, 106.602806091, 106.985939026, 107.36907196, 107.740585327, 108.1353302, 108.506843567, 108.878364563, 109.238273621, 109.598182678, 109.969703674, 110.34122467, 110.712738037, 111.084259033, 111.571876526, 112.047889709, 112.523895264, 113.034736633, 113.533966064, 114.044807434, 114.50920105, 114.961990356, 115.426391602, 115.86756897, 116.239089966, 116.610610962, 116.993736267, 117.376869202, 117.678726196, 118.003807068, 118.328887939, 118.66557312, 119.00226593, 119.304122925, 119.629203796, 119.977500916, 120.325805664, 120.650878906, 120.964347839, 121.324264526, 121.672561646, 122.009246826, 122.345939636, 122.671020508, 123.019317627, 123.367614746, 123.704307556, 124.040992737, 124.377685547, 124.714370728, 125.039451599, 125.364532471, 125.689613342, 126.003082275, 126.339767456, 126.676460266, 127.024757385, 127.361450195, 127.802627563, 128.220581055, 128.650161743, 129.068115234, 129.497680664, 129.915649414, 130.333602905, 130.751556396, 131.169525146, 131.587478638, 131.993835449, 132.41178894, 132.829742432, 133.236099243, 133.654052734, 133.979141235, 134.304214478, 134.62928772, 134.954376221, 135.279449463, 135.604537964, 135.929611206, 136.254684448, 136.579772949, 136.904846191, 137.241546631, 137.58984375, 137.938140869, 138.286437988, 138.623123169, 138.94821167, 139.296508789, 139.71446228, 140.120819092, 140.538772583, 140.945129395, 141.351470947, 141.769424438, 142.187393188, 142.593734741, 142.988479614, 143.383224487, 143.777954102, 144.195922852, 144.613876343, 145.020217896, 145.426574707, 145.82131958, 146.204437256, 146.610794067, 147.005523682, 147.330612183, 147.655685425, 147.980773926, 148.294235229, 148.61932373, 148.956008911, 149.292694092, 149.640991211, 149.97769165, 150.314376831, 150.66267395, 150.999359131, 151.324447632, 151.661132813, 151.997817993, 152.322906494, 152.647979736, 153.065933228, 153.483901978, 153.901855469, 154.31980896, 154.714553833, 155.120910645, 155.550476074, 155.968429565, 156.409606934, 156.850784302, 157.28036499, 157.70993042, 158.127883911, 158.5574646, 158.987030029, 159.428207397, 159.880996704, 160.333786011, 160.867843628, 161.413513184, 161.959182739, 162.493240356, 163.015686035, 163.468475342, 163.932876587, 164.408889771, 164.884887695, 165.326080322, 165.778869629, 166.220046997, 166.672836304, 167.114013672, 167.55519104, 167.996368408, 168.437545776, 168.855514526, 169.273468018, 169.691421509, 170.132598877, 170.573776245, 171.026565552, 171.490966797, 171.955368042, 172.477813721, 172.98866272, 173.49949646, 174.103210449, 174.718551636, 175.333877563, 175.925979614, 176.518096924, 177.098587036, 177.667480469, 178.24798584, 178.851699829, 179.44380188, 180.001083374, 180.54675293, 181.092422485, 181.638092041, 182.183761597, 182.729431152, 183.205444336, 183.693054199, 184.19229126, 184.668289185, 185.155914307, 185.643539429, 186.131149292, 186.630386353, 187.106384277, 187.570785522, 188.035186768, 188.499588013, 188.952377319, 189.416778564, 189.892791748, 190.415237427, 190.937683105, 191.460128784, 191.982574463, 192.493423462, 193.004257202, 193.549926758, 194.072372437, 194.606430054, 195.082443237, 195.558456421, 196.034469604, 196.464035034, 196.881988525, 197.299957275, 197.683074951, 198.089431763, 198.484161377, 198.87890625, 199.285263062, 199.691604614, 200.086349487, 200.49269104, 200.91065979, 201.34022522, 201.758178711, 202.210968018, 202.675369263, 203.128158569, 203.569335938, 203.987304688, 204.405258179, 204.82321167, 205.183120728, 205.543029785, 205.914550781, 206.286071777, 206.634368896, 206.982666016, 207.330978394, 207.679275513, 208.050796509, 208.422302246, 208.793823242, 209.165344238, 209.583312988, 210.001266479, 210.407608032, 210.813964844, 211.231918335, 211.626663208, 212.033004761, 212.439361572, 212.787658691, 213.135955811, 213.461044312, 213.786117554, 214.122802734, 214.447891235, 214.784576416, 215.121261597, 215.457962036, 215.783035278, 216.119720459, 216.44480896, 216.769882202, 217.083358765, 217.408432007, 217.733505249, 218.05859375, 218.383666992, 218.697143555, 219.022216797, 219.335693359, 219.649154663, 219.974243164, 220.287704468, 220.60118103, 220.914642334, 221.228118896, 221.5415802, 221.866668701, 222.191741943, 222.493606567, 222.807067871, 223.166976929, 223.538497925, 223.910018921, 224.25831604, 224.653060913, 225.059402466, 225.465759277, 225.87210083, 226.197189331, 226.533874512, 226.847335815, 227.160812378, 227.48588562, 227.810974121, 228.136047363, 228.461135864, 228.786209106, 229.134506226, 229.471191406, 229.784667969, 230.109741211, 230.44644165, 230.79473877, 231.13142395, 231.479721069, 231.886077881, 232.269195557, 232.652328491, 233.047073364, 233.453414917, 233.871383667, 234.266113281, 234.637634277, 235.03237915, 235.427108765, 235.833465576, 236.228210449, 236.622940063, 237.017684937, 237.435638428, 237.865203857, 238.294784546, 238.724349976, 239.142303467, 239.606704712, 240.071105957, 240.558731079, 241.069564819, 241.568786621, 242.068023682, 242.544036865, 243.031646729, 243.519271851, 244.006881714, 244.506118774, 245.016952515, 245.516189575, 246.027023315, 246.537857056, 247.083526611, 247.640808105, 248.209701538, 248.790206909, 249.370697021, 249.997634888, 250.624572754, 251.25151062, 251.866836548, 252.482177734, 253.097503662, 253.71282959, 254.339767456, 254.955093384, 255.570419312, 256.197357178]
},
"tonal": {
    "chords_changes_rate": 0.0634490251541,
    "chords_number_rate": 0.00289226323366,
    "chords_strength": {
        "mean": 0.467007905245,
        "var": 0.0100037911907
    },
    "hpcp_entropy": {
        "mean": 1.3207398653,
        "var": 0.547397255898
    },
    "key_strength": 0.618330478668,
    "tuning_diatonic_strength": 0.406396448612,
    "tuning_equal_tempered_deviation": 0.0171996373683,
    "tuning_frequency": 440,
    "tuning_nontempered_energy_ratio": 0.630991220474,
    "hpcp": {
        "mean": [0.105654999614, 0.06085152179, 0.0488930530846, 0.0493206754327, 0.0412197001278, 0.123368509114, 0.197872638702, 0.120581954718, 0.0844485610723, 0.108302041888, 0.073356859386, 0.0732278078794, 0.0978674218059, 0.0709583088756, 0.107090823352, 0.155560344458, 0.0929768681526, 0.0824414864182, 0.112979143858, 0.0875721126795, 0.233773782849, 0.361983060837, 0.19448672235, 0.0813756361604, 0.0854114666581, 0.0539913438261, 0.0787564516068, 0.104191601276, 0.064107991755, 0.0789738968015, 0.106696262956, 0.0716967433691, 0.0818608403206, 0.104841068387, 0.0792659968138, 0.0974805802107],
        "var": [0.0455147847533, 0.0199022702873, 0.0241469182074, 0.0212759375572, 0.0156861394644, 0.0390866138041, 0.0898068621755, 0.037893652916, 0.0367699712515, 0.060285102576, 0.0356537662446, 0.035282574594, 0.0590312220156, 0.0314057096839, 0.0422586537898, 0.0849500522017, 0.036141499877, 0.041302062571, 0.0749905332923, 0.0349776260555, 0.0809803158045, 0.172927379608, 0.0579253770411, 0.0414774045348, 0.0544751062989, 0.0237932652235, 0.0314679853618, 0.0496747493744, 0.0228118300438, 0.0323396809399, 0.0535991229117, 0.0253883823752, 0.033236309886, 0.0479300804436, 0.0295652337372, 0.040394410491]
    },
    "chords_histogram": [11.4967460632, 5.22415018082, 12.7259578705, 4.44685459137, 5.76644992828, 3.0549530983, 8.38756370544, 6.21836566925, 5.83875656128, 16.9016628265, 4.80838775635, 1.50036156178, 0.397686183453, 0.397686183453, 0, 0.433839470148, 0.0542299337685, 1.39190161228, 0.361532896757, 1.60882139206, 0.253073036671, 0.614605903625, 3.94070863724, 4.17570495605],
    "thpcp": [1, 0.537281274796, 0.224805101752, 0.23595431447, 0.14915433526, 0.217569440603, 0.28783556819, 0.177102193236, 0.218170151114, 0.294754862785, 0.198066577315, 0.226145505905, 0.289629757404, 0.218977093697, 0.269295960665, 0.291878283024, 0.168105989695, 0.135069996119, 0.136251330376, 0.113871902227, 0.340812921524, 0.546635091305, 0.333114922047, 0.23329423368, 0.29919090867, 0.202652737498, 0.202296227217, 0.270364642143, 0.196026593447, 0.295844852924, 0.429744809866, 0.256854206324, 0.227749571204, 0.312111675739, 0.241923227906, 0.64581412077],
    "chords_key": "E",
    "chords_scale": "major",
    "key_key": "A",
    "key_scale": "minor"
}
}