{
"lowlevel": {
    "average_loudness": 0.841193258762,
    "barkbands_crest": {
        "mean": 13.4957466125,
        "var": 25.1622180939
    },
    "barkbands_flatness_db": {
        "mean": 0.211070030928,
        "var": 0.0074666114524
    },
    "barkbands_kurtosis": {
        "mean": 19.9421081543,
        "var": 1615.60388184
    },
    "barkbands_skewness": {
        "mean": 2.70314216614,
        "var": 4.37067174911
    },
    "barkbands_spread": {
        "mean": 11.2067775726,
        "var": 166.504882813
    },
    "dissonance": {
        "mean": 0.437139809132,
        "var": 0.0022665115539
    },
    "dynamic_complexity": 3.42027449608,
    "erbbands_crest": {
        "mean": 12.7310876846,
        "var": 29.1307754517
    },
    "erbbands_flatness_db": {
        "mean": 0.206628888845,
        "var": 0.00532380491495
    },
    "erbbands_kurtosis": {
        "mean": 6.4156293869,
        "var": 191.214553833
    },
    "erbbands_skewness": {
        "mean": 1.61561882496,
        "var": 2.18221092224
    },
    "erbbands_spread": {
        "mean": 30.4249019623,
        "var": 524.507568359
    },
    "hfc": {
        "mean": 9.44767951965,
        "var": 85.0732803345
    },
    "melbands_crest": {
        "mean": 16.6277770996,
        "var": 31.812461853
    },
    "melbands_flatness_db": {
        "mean": 0.296715050936,
        "var": 0.00944819767028
    },
    "melbands_kurtosis": {
        "mean": 31.2768783569,
        "var": 2452.52270508
    },
    "melbands_skewness": {
        "mean": 3.29816555977,
        "var": 5.50492572784
    },
    "melbands_spread": {
        "mean": 9.68433475494,
        "var": 104.814002991
    },
    "pitch_salience": {
        "mean": 0.524169743061,
        "var": 0.0202322974801
    },
    "silence_rate_20dB": {
        "mean": 1,
        "var": 0
    },
    "silence_rate_30dB": {
        "mean": 0.994890451431,
        "var": 0.00508225755766
    },
    "silence_rate_60dB": {
        "mean": 0.12648306787,
        "var": 0.110526688397
    },
    "spectral_centroid": {
        "mean": 702.206604004,
        "var": 220254.671875
    },
    "spectral_complexity": {
        "mean": 8.92171096802,
        "var": 21.4946212769
    },
    "spectral_decrease": {
        "mean": -5.64225910438e-009,
        "var": 3.27118731012e-017
    },
    "spectral_energy": {
        "mean": 0.0221521668136,
        "var": 0.000490610545967
    },
    "spectral_energyband_high": {
        "mean": 0.000261340028374,
        "var": 3.44256960716e-007
    },
    "spectral_energyband_low": {
        "mean": 0.00391351245344,
        "var": 9.0047622507e-005
    },
    "spectral_energyband_middle_high": {
        "mean": 0.0009992812993,
        "var": 2.14576061808e-006
    },
    "spectral_energyband_middle_low": {
        "mean": 0.0177691336721,
        "var": 0.000384784303606
    },
    "spectral_entropy": {
        "mean": 6.81374025345,
        "var": 0.607004821301
    },
    "spectral_flux": {
        "mean": 0.0735526680946,
        "var": 0.00274836854078
    },
    "spectral_kurtosis": {
        "mean": 10.9175100327,
        "var": 335.926940918
    },
    "spectral_rms": {
        "mean": 0.00411229254678,
        "var": 4.70095346827e-006
    },
    "spectral_rolloff": {
        "mean": 759.218078613,
        "var": 1622124.375
    },
    "spectral_skewness": {
        "mean": 2.30148911476,
        "var": 1.53203988075
    },
    "spectral_spread": {
        "mean": 4344320.5,
        "var": 5.06937317786e+012
    },
    "spectral_strongpeak": {
        "mean": 0.878416836262,
        "var": 0.549534618855
    },
    "zerocrossingrate": {
        "mean": 0.0385554209352,
        "var": 0.00113557779696
    },
    "barkbands": {
        "mean": [0.000242669950239, 0.00186536321416, 0.00112821510993, 0.00209533749148, 0.00902956351638, 0.00268042366952, 0.00180226948578, 0.00100816797931, 0.000910655478947, 0.000401299330406, 0.000155049463501, 0.000139147465234, 5.85322195548e-005, 3.17778649332e-005, 6.31082002656e-005, 8.0243924458e-005, 5.42166162631e-005, 5.97031794314e-005, 5.4025753343e-005, 6.56933989376e-005, 4.45139485237e-005, 2.44945749728e-005, 2.6152945793e-005, 3.23675412801e-005, 4.18771778641e-005, 5.32776793989e-005, 3.99244072469e-006],
        "var": [1.46263587908e-007, 3.31718802045e-005, 1.67533162312e-005, 2.4238928745e-005, 0.000233142709476, 4.98176632391e-005, 1.19515789265e-005, 4.02491059504e-006, 5.43414262211e-006, 1.17222543849e-006, 8.8373965923e-008, 1.23924706941e-007, 5.63592053027e-008, 2.97519182624e-008, 1.49294994145e-008, 2.78600111869e-007, 1.92676967714e-008, 3.55482541181e-008, 1.88789819333e-008, 3.10494172595e-008, 8.75432615288e-009, 3.59577079223e-009, 4.91851848139e-009, 8.66607408057e-009, 1.8400552193e-008, 3.56251064204e-008, 2.99133856574e-010]
    },
    "erbbands": {
        "mean": [0.0499597005546, 0.431251347065, 1.21238017082, 4.54242229462, 22.5603275299, 25.8000679016, 26.9715881348, 20.9543037415, 26.7724647522, 25.2163715363, 20.4125499725, 21.6148853302, 18.4449882507, 7.56398057938, 6.14718437195, 5.95170545578, 3.01456642151, 1.97245383263, 2.7092602253, 2.9116768837, 4.81958770752, 3.38845968246, 3.03675746918, 2.90422439575, 3.14526557922, 3.15617585182, 2.29649925232, 1.37086308002, 0.897065639496, 0.843756496906, 0.717844963074, 0.677860796452, 0.533902823925, 0.422999113798, 0.330482840538, 0.19563819468, 0.10973957181, 0.0178047921509, 0.000511897611432, 3.76171992684e-005],
        "var": [0.021271539852, 2.03408074379, 15.835644722, 126.408653259, 1784.25170898, 2866.7175293, 4805.22412109, 3400.81347656, 2871.61279297, 2529.3112793, 1328.96081543, 2735.87695313, 2499.49145508, 287.045928955, 127.952987671, 225.326400757, 110.107917786, 101.269767761, 32.2666854858, 61.7866744995, 1095.79321289, 96.065788269, 50.7336387634, 89.7267608643, 68.3282394409, 79.1637420654, 28.3014965057, 8.90138435364, 4.57183265686, 5.35794210434, 3.72515487671, 3.61154651642, 2.53470015526, 1.62688744068, 1.36260068417, 0.48939421773, 0.16921775043, 0.00397148681805, 3.5564639802e-006, 2.83170287219e-009]
    },
    "gfcc": {
        "mean": [-81.9141311646, 114.065208435, -91.0762329102, 18.2299804688, -69.5138626099, -13.7359733582, -36.6978416443, 5.45895433426, -30.7821750641, -1.00858831406, -21.0454006195, -1.47748363018, -9.51772785187],
        "cov": [[7169.14794922, -1859.46582031, 163.511306763, 10.1610145569, -192.837478638, 365.68963623, -351.587249756, 295.899658203, -236.334884644, 164.640991211, -463.289916992, 144.846618652, -262.312469482], [-1859.46582031, 2100.28833008, -322.843170166, -249.808731079, 268.212127686, -302.175964355, 361.088104248, -332.135986328, 97.0382919312, -268.630157471, 171.859527588, -253.384185791, 152.869216919], [163.511306763, -322.843170166, 1110.0090332, 145.037307739, 89.3113555908, 268.958221436, -130.062973022, 43.8318862915, -72.9298324585, -35.9089546204, -0.468935400248, 58.9344787598, -26.812713623], [10.1610145569, -249.808731079, 145.037307739, 474.186462402, 83.4144897461, 70.1698760986, -56.2457923889, 67.1191253662, 42.6598091125, 51.8263473511, 28.0652980804, 34.7588996887, 18.8205471039], [-192.837478638, 268.212127686, 89.3113555908, 83.4144897461, 367.159393311, 97.9001617432, 33.8060913086, -79.794921875, -15.8959913254, -32.1032600403, 17.6408290863, -11.5780420303, 2.50355195999], [365.68963623, -302.175964355, 268.958221436, 70.1698760986, 97.9001617432, 509.138275146, 4.66728496552, 124.106643677, 1.44869434834, 12.3860683441, -18.199054718, 16.918598175, -35.4643478394], [-351.587249756, 361.088104248, -130.062973022, -56.2457923889, 33.8060913086, 4.66728496552, 320.462005615, 82.6019210815, 56.021522522, -3.61073946953, -0.361149996519, -43.3906517029, 1.30162501335], [295.899658203, -332.135986328, 43.8318862915, 67.1191253662, -79.794921875, 124.106643677, 82.6019210815, 344.391113281, 129.213653564, 101.064735413, -41.7858886719, 57.0714874268, -11.7039642334], [-236.334884644, 97.0382919312, -72.9298324585, 42.6598091125, -15.8959913254, 1.44869434834, 56.021522522, 129.213653564, 210.861602783, 78.7066040039, 38.1647262573, -6.54290342331, 37.237613678], [164.640991211, -268.630157471, -35.9089546204, 51.8263473511, -32.1032600403, 12.3860683441, -3.61073946953, 101.064735413, 78.7066040039, 226.276596069, 66.2493057251, 77.2340774536, -23.9342765808], [-463.289916992, 171.859527588, -0.468935400248, 28.0652980804, 17.6408290863, -18.199054718, -0.361149996519, -41.7858886719, 38.1647262573, 66.2493057251, 198.726470947, 49.0618515015, 44.4808235168], [144.846618652, -253.384185791, 58.9344787598, 34.7588996887, -11.5780420303, 16.918598175, -43.3906517029, 57.0714874268, -6.54290342331, 77.2340774536, 49.0618515015, 177.41607666, 35.9025993347], [-262.312469482, 152.869216919, -26.812713623, 18.8205471039, 2.50355195999, -35.4643478394, 1.30162501335, -11.7039642334, 37.237613678, -23.9342765808, 44.4808235168, 35.9025993347, 130.135848999]],
        "icov": [[0.000216723739868, 3.60587255273e-005, 4.13577654399e-005, 3.04682343995e-005, 2.22278631554e-005, -0.000107138082967, 0.000190484439372, -0.000107218766061, 0.000227153403102, -0.000223784823902, 0.000464540004032, -9.93303401629e-005, 0.000119896387332], [3.60587255273e-005, 0.00229766708799, -2.76949303952e-005, 0.000859524065163, -0.00135890685488, 0.000935117714107, -0.00203164550476, 0.00124647293705, -0.00163400173187, 0.00206737639382, -0.00211483449675, 0.00190436397679, -0.00129771488719], [4.13577654399e-005, -2.76949303952e-005, 0.00119424297009, -0.000225201962166, -0.00014016982459, -0.000516837462783, 0.000528899137862, -0.000374256196665, 0.000409704283811, 0.000411040295148, -0.000166417841683, -0.000318705511745, 0.000320594903314], [3.04682343995e-005, 0.000859524065163, -0.000225201962166, 0.00289269536734, -0.00130567094311, 0.00039952021325, -4.36695772805e-005, -0.00035131763434, -0.00061984610511, 0.000306063855533, -0.0010106099071, 0.0010179443052, -0.00101192307193], [2.22278631554e-005, -0.00135890685488, -0.00014016982459, -0.00130567094311, 0.0044846883975, -0.00150876969565, 0.000210295358556, 0.00119672296569, 0.000263844645815, -0.00100785295945, 0.00160545867402, -0.00176912802272, 0.00108759629074], [-0.000107138082967, 0.000935117714107, -0.000516837462783, 0.00039952021325, -0.00150876969565, 0.003216475714, -0.000730887113605, -0.000981681980193, -0.000233736776863, 0.00113631191198, -0.00147898809519, 0.001194913988, -0.000202368566534], [0.000190484439372, -0.00203164550476, 0.000528899137862, -4.36695772805e-005, 0.000210295358556, -0.000730887113605, 0.00626721279696, -0.00330954301171, 0.00186528498307, -0.00164304603823, 0.00148045201786, -0.000388846499845, 0.00108756613918], [-0.000107218766061, 0.00124647293705, -0.000374256196665, -0.00035131763434, 0.00119672296569, -0.000981681980193, -0.00330954301171, 0.00821223948151, -0.00527514144778, 0.000150370993651, 0.00163214537315, -0.00199122098275, 0.000303078006255], [0.000227153403102, -0.00163400173187, 0.000409704283811, -0.00061984610511, 0.000263844645815, -0.000233736776863, 0.00186528498307, -0.00527514144778, 0.0109744975343, -0.00450966646895, 0.000275873055216, 0.00251041050069, -0.00276706251316], [-0.000223784823902, 0.00206737639382, 0.000411040295148, 0.000306063855533, -0.00100785295945, 0.00113631191198, -0.00164304603823, 0.000150370993651, -0.00450966646895, 0.0106825353578, -0.00507107190788, -0.00170254718978, 0.0029779705219], [0.000464540004032, -0.00211483449675, -0.000166417841683, -0.0010106099071, 0.00160545867402, -0.00147898809519, 0.00148045201786, 0.00163214537315, 0.000275873055216, -0.00507107190788, 0.0108162565157, -0.00374692981131, -0.00044435140444], [-9.93303401629e-005, 0.00190436397679, -0.000318705511745, 0.0010179443052, -0.00176912802272, 0.001194913988, -0.000388846499845, -0.00199122098275, 0.00251041050069, -0.00170254718978, -0.00374692981131, 0.0116274124011, -0.00542425271124], [0.000119896387332, -0.00129771488719, 0.000320594903314, -0.00101192307193, 0.00108759629074, -0.000202368566534, 0.00108756613918, 0.000303078006255, -0.00276706251316, 0.0029779705219, -0.00044435140444, -0.00542425271124, 0.0125909047201]]
    },
    "melbands": {
        "mean": [0.000494468316901, 0.000625113025308, 0.00127797818277, 0.00185927853454, 0.00102473143488, 0.00048290824634, 0.000408403255278, 0.000260245491518, 0.000160393959959, 0.000135869209771, 8.92353564268e-005, 2.94004294119e-005, 2.06299955607e-005, 1.81222858373e-005, 8.89248531166e-006, 5.87718795941e-006, 3.24318807543e-006, 3.79278753826e-006, 4.44445822723e-006, 3.57247563443e-006, 6.32676119494e-006, 3.39471353072e-006, 2.79532946479e-006, 2.71156227427e-006, 2.26295878747e-006, 2.21190771299e-006, 2.15134969039e-006, 2.12125223698e-006, 1.59262560828e-006, 1.05794879346e-006, 7.16144313628e-007, 5.10518020747e-007, 4.49686979209e-007, 4.79547964005e-007, 4.17297144395e-007, 3.98765308773e-007, 4.119039545e-007, 3.93585054326e-007, 3.16908284503e-007, 3.7615282622e-007],
        "var": [2.03808099286e-006, 3.89073966289e-006, 5.63633557249e-006, 1.04120372271e-005, 6.61725880491e-006, 1.6980318378e-006, 6.24644656e-007, 2.68156469474e-007, 8.47631369538e-008, 1.25857326339e-007, 6.19341449237e-008, 5.46050626937e-009, 1.44507583677e-009, 2.03166861112e-009, 4.21889523317e-010, 8.06332445258e-010, 3.35797195605e-010, 8.28343921233e-011, 8.37893365802e-011, 1.88451837468e-010, 2.52520493405e-009, 1.02978361949e-010, 3.71716199488e-011, 7.98240154531e-011, 6.21738840967e-011, 4.10813466578e-011, 2.28030077459e-011, 5.99323021766e-011, 1.88650935151e-011, 4.91996244092e-012, 2.88798238796e-012, 1.55353269311e-012, 1.3864585478e-012, 1.92771666685e-012, 1.28317419624e-012, 1.30994694258e-012, 1.38239831908e-012, 1.46666001826e-012, 8.81983180066e-013, 1.38731853696e-012]
    },
    "mfcc": {
        "mean": [-735.95135498, 150.673583984, 20.3792114258, 30.2546768188, -12.3264713287, -12.7987098694, -5.09355401993, -4.3495850563, -3.39239025116, -3.13267016411, -9.505235672, -4.0021147728, -2.3985888958],
        "cov": [[6122.82910156, -1029.96765137, -290.256011963, -60.8263587952, -86.1584320068, 14.8828125, -90.444229126, 51.3314323425, 145.170349121, 41.4999351501, -37.4352302551, 18.9812641144, -62.1095962524], [-1029.96765137, 1652.31787109, -305.546417236, -32.6929092407, -169.777404785, -5.682056427, 87.2893981934, -12.9270486832, -34.4542732239, -23.8326625824, -57.4248352051, -78.8566055298, -53.104675293], [-290.256011963, -305.546417236, 944.772521973, -39.5613365173, 277.094024658, 77.5996704102, 69.5445251465, 90.1553268433, 1.23113870621, -5.48598623276, 9.06514453888, -4.49471187592, -11.4020996094], [-60.8263587952, -32.6929092407, -39.5613365173, 477.435760498, 16.8469486237, -32.8712730408, -38.7590866089, -23.2427387238, 17.1434135437, 9.31632232666, 9.74003601074, 19.2578315735, 43.9114532471], [-86.1584320068, -169.777404785, 277.094024658, 16.8469486237, 451.221069336, 177.881256104, 43.3169708252, 27.4962463379, -28.7345027924, -30.6713619232, 0.983698904514, 1.48860299587, -11.4713430405], [14.8828125, -5.682056427, 77.5996704102, -32.8712730408, 177.881256104, 266.608795166, 117.052612305, 27.0361385345, -12.9522542953, -17.4360656738, 8.41987419128, -0.205400630832, -5.59860897064], [-90.444229126, 87.2893981934, 69.5445251465, -38.7590866089, 43.3169708252, 117.052612305, 210.268783569, 84.845085144, 8.46459388733, 19.8480377197, 8.73663711548, 2.27097606659, -0.85391074419], [51.3314323425, -12.9270486832, 90.1553268433, -23.2427387238, 27.4962463379, 27.0361385345, 84.845085144, 214.940551758, 135.214767456, 37.7946853638, 42.5679244995, -0.477097034454, -7.47546625137], [145.170349121, -34.4542732239, 1.23113870621, 17.1434135437, -28.7345027924, -12.9522542953, 8.46459388733, 135.214767456, 229.892364502, 118.167472839, 51.0411605835, 27.3044776917, 13.1548223495], [41.4999351501, -23.8326625824, -5.48598623276, 9.31632232666, -30.6713619232, -17.4360656738, 19.8480377197, 37.7946853638, 118.167472839, 185.481277466, 72.3190383911, 49.8720664978, 31.8702526093], [-37.4352302551, -57.4248352051, 9.06514453888, 9.74003601074, 0.983698904514, 8.41987419128, 8.73663711548, 42.5679244995, 51.0411605835, 72.3190383911, 151.821502686, 66.5984802246, 40.0404396057], [18.9812641144, -78.8566055298, -4.49471187592, 19.2578315735, 1.48860299587, -0.205400630832, 2.27097606659, -0.477097034454, 27.3044776917, 49.8720664978, 66.5984802246, 128.995651245, 80.8028182983], [-62.1095962524, -53.104675293, -11.4020996094, 43.9114532471, -11.4713430405, -5.59860897064, -0.85391074419, -7.47546625137, 13.1548223495, 31.8702526093, 40.0404396057, 80.8028182983, 128.836212158]],
        "icov": [[0.000202652168809, 0.000152559368871, 0.000102163692645, 2.34727285715e-005, 7.32221378712e-005, -0.000115965587611, 7.3693547165e-005, -7.06092541805e-005, -8.52016019053e-005, -2.76792670775e-005, 0.00016325955221, -0.000119419397379, 0.000199195681489], [0.000152559368871, 0.00082257995382, 0.000281813874608, 2.2360458388e-005, 0.000222446848056, -4.8659312597e-005, -0.000401036959374, 2.55858212768e-005, -2.93347293336e-005, -1.6606405552e-005, 0.000189869795577, 0.000261657289229, 0.000230430669035], [0.000102163692645, 0.000281813874608, 0.0014887729194, 0.000137037903187, -0.000863001681864, 0.000363849801943, -0.000330814480549, -0.000584312016144, 0.000267048657406, -0.000162154974532, 0.000127748717205, 0.000105157239886, 6.05278873991e-005], [2.34727285715e-005, 2.2360458388e-005, 0.000137037903187, 0.00226715602912, -0.000396803516196, 0.000416534254327, 2.31568574236e-005, 0.000492277322337, -0.0005831970484, 0.000244067821768, -0.000133499779622, 0.000349335110513, -0.000907003355678], [7.32221378712e-005, 0.000222446848056, -0.000863001681864, -0.000396803516196, 0.00400274945423, -0.0029234199319, 0.00132724631112, -0.000980216893367, 0.000965764513239, -0.000267664785497, 0.000431559135905, -0.000614148098975, 0.000585795845836], [-0.000115965587611, -4.8659312597e-005, 0.000363849801943, 0.000416534254327, -0.0029234199319, 0.00750592304394, -0.00455719884485, 0.00212489580736, -0.00164710858371, 0.0017235155683, -0.00127761659678, 0.000565379159525, -0.000242459907895], [7.3693547165e-005, -0.000401036959374, -0.000330814480549, 2.31568574236e-005, 0.00132724631112, -0.00455719884485, 0.00975575949997, -0.00582428183407, 0.00428733136505, -0.00329121854156, 0.0017834774917, -0.00099726265762, -7.25164863979e-005], [-7.06092541805e-005, 2.55858212768e-005, -0.000584312016144, 0.000492277322337, -0.000980216893367, 0.00212489580736, -0.00582428183407, 0.0127256559208, -0.00913129281253, 0.00463988212869, -0.00335008441471, 0.00190810696222, 9.08737274585e-005], [-8.52016019053e-005, -2.93347293336e-005, 0.000267048657406, -0.0005831970484, 0.000965764513239, -0.00164710858371, 0.00428733136505, -0.00913129281253, 0.013200734742, -0.00744503783062, 0.00190889229998, -0.00110692577437, 0.000277045241091], [-2.76792670775e-005, -1.6606405552e-005, -0.000162154974532, 0.000244067821768, -0.000267664785497, 0.0017235155683, -0.00329121854156, 0.00463988212869, -0.00744503783062, 0.0113368071616, -0.00375921209343, -0.000655673618894, -0.000283938687062], [0.00016325955221, 0.000189869795577, 0.000127748717205, -0.000133499779622, 0.000431559135905, -0.00127761659678, 0.0017834774917, -0.00335008441471, 0.00190889229998, -0.00375921209343, 0.0106883281842, -0.00459823478013, 0.000311246083584], [-0.000119419397379, 0.000261657289229, 0.000105157239886, 0.000349335110513, -0.000614148098975, 0.000565379159525, -0.00099726265762, 0.00190810696222, -0.00110692577437, -0.000655673618894, -0.00459823478013, 0.015974920243, -0.00830027088523], [0.000199195681489, 0.000230430669035, 6.05278873991e-005, -0.000907003355678, 0.000585795845836, -0.000242459907895, -7.25164863979e-005, 9.08737274585e-005, 0.000277045241091, -0.000283938687062, 0.000311246083584, -0.00830027088523, 0.0134646482766]]
    },
    "spectral_contrast_coeffs": {
        "mean": [-0.549096524715, -0.708559513092, -0.768934905529, -0.81318461895, -0.802140593529, -0.77509522438],
        "var": [0.0182936824858, 0.00828404724598, 0.00531809357926, 0.00249125668779, 0.00267465552315, 0.00304524740204]
    },
    "spectral_contrast_valleys": {
        "mean": [-8.13184738159, -6.9237241745, -7.92596960068, -8.91384029388, -8.65455532074, -11.3915977478],
        "var": [1.1993278265, 0.829860508442, 0.89329969883, 0.820369780064, 0.839406192303, 1.89799785614]
    }
},
"metadata": {
    "audio_properties": {
        "analysis_sample_rate": 44100,
        "bit_rate": 128000,
        "equal_loudness": 0,
        "length": 536.215515137,
        "lossless": 0,
        "replay_gain": -14.3548469543,
        "sample_rate": 44100,
        "codec": "mp3",
        "downmix": "mix",
        "md5_encoded": "a81c56ab80a161ade3fa03ac7cca64cf"
    },
    "tags": {
        "file_name": "2026.mp3"
    },
    "version": {
        "essentia": "2.1-beta2",
        "essentia_git_sha": "v2.1_beta2",
        "extractor": "music 1.0"
    }
},
"rhythm": {
    "beats_count": 1041,
    "beats_loudness": {
        "mean": 0.0295102614909,
        "var": 0.000584631692618
    },
    "bpm": 115.011985779,
    "bpm_histogram_first_peak_bpm": {
        "mean": 115,
        "var": 0
    },
    "bpm_histogram_first_peak_spread": {
        "mean": 0.330942600965,
        "var": 0
    },
    "bpm_histogram_first_peak_weight": {
        "mean": 0.627884626389,
        "var": 0
    },
    "bpm_histogram_second_peak_bpm": {
        "mean": 144,
        "var": 0
    },
    "bpm_histogram_second_peak_spread": {
        "mean": 0.459459453821,
        "var": 0
    },
    "bpm_histogram_second_peak_weight": {
        "mean": 0.0192307699472,
        "var": 0
    },
    "danceability": 1.55582284927,
    "onset_rate": 5.38388347626,
    "beats_loudness_band_ratio": {
        "mean": [0.386339604855, 0.425413638353, 0.212612614036, 0.0272424593568, 0.0173480175436, 0.0722059160471],
        "var": [0.0598879270256, 0.0741835013032, 0.0443629957736, 0.0015732429456, 0.000869279610924, 0.0103480946273]
    },
    "beats_position": [0.545668900013, 1.10294783115, 1.63700675964, 2.15945577621, 2.68190479279, 3.20435357094, 3.72680258751, 4.2492518425, 4.77170038223, 5.2941493988, 5.81659841537, 6.33904743195, 6.86149644852, 7.38394546509, 7.90639448166, 8.42884349823, 8.95129203796, 9.47374153137, 9.99619007111, 10.5186395645, 11.0294780731, 11.5519275665, 12.0743761063, 12.5968255997, 13.1192741394, 13.6417226791, 14.1641721725, 14.6866207123, 15.2090702057, 15.7315187454, 16.2539672852, 16.7764167786, 17.298866272, 17.8097057343, 18.3321533203, 18.8546028137, 19.3770523071, 19.8994998932, 20.4219493866, 20.94439888, 21.4668483734, 21.9892959595, 22.5117454529, 23.0341949463, 23.5566444397, 24.0790920258, 24.6015415192, 25.1239910126, 25.6464385986, 26.168888092, 26.6913375854, 27.2137870789, 27.7246246338, 28.2470741272, 28.7695236206, 29.291973114, 29.8144207001, 30.3368701935, 30.8593196869, 31.3817672729, 31.9042167664, 32.4266662598, 32.9491157532, 33.4715652466, 33.99401474, 34.5164604187, 35.0389099121, 35.5613594055, 36.0838088989, 36.6062583923, 37.1287078857, 37.6395454407, 38.1619949341, 38.6844444275, 39.2068939209, 39.7293434143, 40.251789093, 40.7742385864, 41.2966880798, 41.8191375732, 42.3415870667, 42.8640365601, 43.3864860535, 43.9089317322, 44.4313812256, 44.953830719, 45.4762802124, 45.9987297058, 46.5095672607, 47.0320167542, 47.5544662476, 48.076915741, 48.5993652344, 49.1334228516, 49.6442604065, 50.1783218384, 50.7007713318, 51.2232208252, 51.7572784424, 52.2797279358, 52.8021774292, 53.3246231079, 53.8354644775, 54.3579139709, 54.8687515259, 55.3912010193, 55.9136505127, 56.4361000061, 56.9585494995, 57.4926071167, 58.0034446716, 58.525894165, 59.0483436584, 59.5707931519, 60.0932426453, 60.6156921387, 61.1381378174, 61.6721992493, 62.1830368042, 62.7170982361, 63.2511558533, 63.7852134705, 64.3076629639, 64.8301086426, 65.3409500122, 65.8517913818, 66.3626327515, 66.8734664917, 67.3959197998, 67.9183654785, 68.4524230957, 68.9864807129, 69.508934021, 70.0313796997, 70.5654373169, 71.0762786865, 71.6103363037, 72.1327896118, 72.6552352905, 73.1776885986, 73.6885223389, 74.210975647, 74.7218093872, 75.2326507568, 75.7434921265, 76.2659378052, 76.7883911133, 77.3224487305, 77.8565063477, 78.3905639648, 78.9014053345, 79.4122467041, 79.9463043213, 80.4803619385, 81.0028076172, 81.5252609253, 82.0360946655, 82.5469360352, 83.0577774048, 83.5686187744, 84.0910644531, 84.6135101318, 85.1475753784, 85.6816329956, 86.2040786743, 86.7265319824, 87.2605895996, 87.7714233398, 88.3054885864, 88.8279342651, 89.3503875732, 89.872833252, 90.3836746216, 90.8945083618, 91.4053497314, 91.9045791626, 92.4386367798, 92.972694397, 93.4951477051, 94.0175933838, 94.551651001, 95.0857162476, 95.6081619263, 96.130607605, 96.6646728516, 97.1755065918, 97.6979598999, 98.2204055786, 98.7312469482, 99.2420806885, 99.7529220581, 100.263763428, 100.797821045, 101.331878662, 101.85433197, 102.376777649, 102.910835266, 103.433288574, 103.955734253, 104.466575623, 105.00063324, 105.523078918, 106.045532227, 106.567977905, 107.090431213, 107.601264954, 108.112106323, 108.622947693, 109.145393372, 109.66784668, 110.190292358, 110.712738037, 111.246803284, 111.769248962, 112.291702271, 112.814147949, 113.348205566, 113.870658875, 114.393104553, 114.903945923, 115.426391602, 115.937232971, 116.45967865, 116.97052002, 117.492965698, 118.003807068, 118.526252747, 119.048706055, 119.571151733, 120.093605042, 120.604438782, 121.138504028, 121.649337769, 122.171791077, 122.694236755, 123.228294373, 123.750747681, 124.273193359, 124.784034729, 125.318092346, 125.828933716, 126.351379395, 126.873832703, 127.396278381, 127.91872406, 128.441177368, 128.963623047, 129.486068726, 129.996917725, 130.519363403, 131.041809082, 131.564254761, 132.098312378, 132.620773315, 133.143218994, 133.654052734, 134.188110352, 134.710571289, 135.233016968, 135.743850708, 136.266296387, 136.788757324, 137.311203003, 137.833648682, 138.35609436, 138.866943359, 139.389389038, 139.911834717, 140.434280396, 140.956726074, 141.479187012, 142.00163269, 142.524078369, 143.046524048, 143.568969727, 144.091430664, 144.613876343, 145.136322021, 145.6587677, 146.169616699, 146.703674316, 147.226119995, 147.748565674, 148.271011353, 148.79347229, 149.315917969, 149.838363647, 150.349197388, 150.883255005, 151.405715942, 151.928161621, 152.438995361, 152.96144104, 153.495513916, 154.017959595, 154.528793335, 155.062850952, 155.585296631, 156.107757568, 156.618591309, 157.141036987, 157.663482666, 158.174331665, 158.685165405, 159.219223022, 159.741668701, 160.264129639, 160.786575317, 161.309020996, 161.843078613, 162.353912354, 162.864761353, 163.39881897, 163.921264648, 164.443710327, 164.966171265, 165.488616943, 166.011062622, 166.533508301, 167.055953979, 167.578414917, 168.112472534, 168.634918213, 169.16897583, 169.691421509, 170.213867188, 170.736328125, 171.258773804, 171.781219482, 172.3152771, 172.826126099, 173.348571777, 173.871017456, 174.381851196, 174.892700195, 175.403533936, 175.925979614, 176.448425293, 176.982498169, 177.504943848, 178.039001465, 178.561447144, 179.083892822, 179.606338501, 180.140411377, 180.662857056, 181.185302734, 181.696136475, 182.206985474, 182.717819214, 183.228652954, 183.739501953, 184.27355957, 184.807617188, 185.341674805, 185.864120483, 186.386566162, 186.9090271, 187.431472778, 187.942306519, 188.476364136, 189.010421753, 189.53288269, 190.055328369, 190.566162109, 191.07699585, 191.587844849, 192.110290527, 192.632736206, 193.155181885, 193.677642822, 194.200088501, 194.72253418, 195.256591797, 195.779037476, 196.301498413, 196.83555603, 197.358001709, 197.880447388, 198.391296387, 198.902130127, 199.412963867, 199.923812866, 200.434646606, 200.945480347, 201.479537964, 202.001998901, 202.52444458, 203.046890259, 203.569335938, 204.091781616, 204.614242554, 205.125076294, 205.647521973, 206.169967651, 206.692428589, 207.214874268, 207.737319946, 208.259765625, 208.770614624, 209.304672241, 209.82711792, 210.349563599, 210.872009277, 211.394470215, 211.916915894, 212.439361572, 212.950195313, 213.47265625, 213.995101929, 214.517547607, 215.039993286, 215.574050903, 216.096496582, 216.61895752, 217.12979126, 217.652236938, 218.174682617, 218.697143555, 219.219589233, 219.742034912, 220.264480591, 220.786941528, 221.309387207, 221.820220947, 222.354278564, 222.865127563, 223.387573242, 223.910018921, 224.444076538, 224.954910278, 225.477371216, 225.999816895, 226.522262573, 227.044708252, 227.567153931, 228.089614868, 228.612060547, 229.134506226, 229.656951904, 230.179412842, 230.701858521, 231.224304199, 231.735137939, 232.257598877, 232.780044556, 233.314102173, 233.824935913, 234.35899353, 234.881454468, 235.403900146, 235.926345825, 236.448791504, 236.971237183, 237.49369812, 238.00453186, 238.538589478, 239.049423218, 239.571884155, 240.094329834, 240.616775513, 241.139221191, 241.65007019, 242.172515869, 242.706573486, 243.229019165, 243.751464844, 244.273925781, 244.79637146, 245.318817139, 245.829650879, 246.340499878, 246.874557495, 247.397003174, 247.919448853, 248.441894531, 248.964355469, 249.486801147, 250.009246826, 250.520080566, 251.042541504, 251.564987183, 252.075820923, 252.60987854, 253.132324219, 253.654785156, 254.165618896, 254.688064575, 255.210510254, 255.732971191, 256.255401611, 256.777862549, 257.300323486, 257.822753906, 258.345214844, 258.867645264, 259.390106201, 259.900939941, 260.423400879, 260.945831299, 261.468292236, 261.990753174, 262.501586914, 263.024017334, 263.546478271, 264.068939209, 264.591369629, 265.125427246, 265.647888184, 266.158721924, 266.681182861, 267.215240479, 267.749298096, 268.283355713, 268.805786133, 269.32824707, 269.862304688, 270.396362305, 270.907196045, 271.418029785, 271.95211792, 272.486175537, 273.008605957, 273.519439697, 274.041900635, 274.552734375, 275.063568115, 275.586029053, 276.10848999, 276.63092041, 277.153381348, 277.664215088, 278.198272705, 278.732330322, 279.266387939, 279.77722168, 280.311279297, 280.833740234, 281.356170654, 281.867034912, 282.389465332, 282.91192627, 283.42276001, 283.93359375, 284.44442749, 284.955291748, 285.477722168, 286.000183105, 286.534240723, 287.056671143, 287.57913208, 288.08996582, 288.600799561, 289.123260498, 289.645721436, 290.179779053, 290.71383667, 291.23626709, 291.758728027, 292.269561768, 292.780395508, 293.302856445, 293.825286865, 294.359344482, 294.88180542, 295.404266357, 295.915100098, 296.437530518, 296.959991455, 297.482452393, 298.004882813, 298.52734375, 299.049804688, 299.572235107, 300.094696045, 300.617126465, 301.139587402, 301.650421143, 302.17288208, 302.6953125, 303.229370117, 303.751831055, 304.274291992, 304.785125732, 305.307556152, 305.83001709, 306.352478027, 306.874908447, 307.408966064, 307.919799805, 308.442260742, 308.96472168, 309.4871521, 310.009613037, 310.532043457, 311.054504395, 311.576965332, 312.099395752, 312.610229492, 313.13269043, 313.655151367, 314.177581787, 314.700042725, 315.222503662, 315.744934082, 316.26739502, 316.789825439, 317.300689697, 317.834747314, 318.357177734, 318.879638672, 319.402069092, 319.924530029, 320.446990967, 320.969421387, 321.480255127, 322.014312744, 322.536773682, 323.059234619, 323.581665039, 324.104125977, 324.626556396, 325.149017334, 325.659851074, 326.193908691, 326.716369629, 327.238800049, 327.761260986, 328.283721924, 328.806152344, 329.328613281, 329.839447021, 330.373504639, 330.884338379, 331.406799316, 331.929260254, 332.451690674, 332.974151611, 333.484985352, 334.007446289, 334.529876709, 335.052337646, 335.574768066, 336.097229004, 336.619689941, 337.130523682, 337.641357422, 338.175415039, 338.697875977, 339.220306396, 339.742767334, 340.265197754, 340.799255371, 341.310119629, 341.832550049, 342.355010986, 342.877441406, 343.399902344, 343.922363281, 344.444793701, 344.967254639, 345.489685059, 346.000549316, 346.522979736, 347.045440674, 347.567871094, 348.090332031, 348.624389648, 349.146850586, 349.669281006, 350.180114746, 350.690979004, 351.213409424, 351.735870361, 352.258300781, 352.780761719, 353.303222656, 353.825653076, 354.359710693, 354.870574951, 355.381408691, 355.915466309, 356.437896729, 356.960357666, 357.471191406, 358.005249023, 358.527709961, 359.050140381, 359.561004639, 360.095062256, 360.617492676, 361.139953613, 361.650787354, 362.184844971, 362.707305908, 363.229736328, 363.740570068, 364.263031006, 364.785491943, 365.307922363, 365.830383301, 366.352813721, 366.875274658, 367.397735596, 367.920166016, 368.430999756, 368.953460693, 369.487518311, 370.009979248, 370.532409668, 371.054870605, 371.565704346, 372.099761963, 372.610595703, 373.121429443, 373.655517578, 374.177947998, 374.700408936, 375.222839355, 375.745300293, 376.27935791, 376.79019165, 377.301025391, 377.835083008, 378.357543945, 378.880004883, 379.402435303, 379.92489624, 380.458953857, 380.969787598, 381.492248535, 382.014678955, 382.525512695, 383.059570313, 383.57043457, 384.081268311, 384.60369873, 385.126159668, 385.648620605, 386.171051025, 386.693511963, 387.215942383, 387.750030518, 388.260864258, 388.783294678, 389.305755615, 389.828216553, 390.350646973, 390.861480713, 391.39553833, 391.929595947, 392.440460205, 392.951293945, 393.473724365, 393.996185303, 394.51864624, 395.04107666, 395.563537598, 396.085968018, 396.608428955, 397.130889893, 397.653320313, 398.17578125, 398.68661499, 399.220672607, 399.743133545, 400.265563965, 400.788024902, 401.310455322, 401.83291626, 402.355377197, 402.866210938, 403.400268555, 403.922698975, 404.445159912, 404.96762085, 405.49005127, 406.00088501, 406.523345947, 407.045806885, 407.579864502, 408.102294922, 408.624755859, 409.1355896, 409.658050537, 410.180480957, 410.702941895, 411.225402832, 411.747833252, 412.270294189, 412.78112793, 413.303588867, 413.826019287, 414.348480225, 414.870910645, 415.404968262, 415.927429199, 416.449890137, 416.960723877, 417.494781494, 418.017211914, 418.539672852, 419.062133789, 419.584564209, 420.107025146, 420.629455566, 421.140319824, 421.651153564, 422.185211182, 422.719268799, 423.241729736, 423.752563477, 424.274993896, 424.797454834, 425.319915771, 425.830749512, 426.364807129, 426.887237549, 427.409698486, 427.932159424, 428.454589844, 428.977050781, 429.499481201, 430.010345459, 430.544403076, 431.066833496, 431.589294434, 432.100128174, 432.622589111, 433.145019531, 433.655853271, 434.166717529, 434.700775146, 435.223205566, 435.745666504, 436.268096924, 436.790557861, 437.313018799, 437.835449219, 438.346282959, 438.868743896, 439.391204834, 439.913635254, 440.436096191, 440.970153809, 441.480987549, 442.015045166, 442.525878906, 443.036712646, 443.559173584, 444.081634521, 444.615692139, 445.138122559, 445.660583496, 446.171417236, 446.693878174, 447.216308594, 447.738769531, 448.261230469, 448.783660889, 449.306121826, 449.828552246, 450.351013184, 450.861846924, 451.395904541, 451.906738281, 452.440795898, 452.974853516, 453.497314453, 454.019775391, 454.530609131, 455.053039551, 455.575500488, 456.097961426, 456.620391846, 457.142852783, 457.665283203, 458.187744141, 458.710205078, 459.221038818, 459.755096436, 460.265930176, 460.799987793, 461.32244873, 461.84487915, 462.367340088, 462.889801025, 463.400634766, 463.923065186, 464.445526123, 464.967987061, 465.49041748, 466.012878418, 466.535308838, 467.046173096, 467.557006836, 468.091064453, 468.613494873, 469.135955811, 469.670013428, 470.192474365, 470.714904785, 471.225738525, 471.736602783, 472.2706604, 472.79309082, 473.315551758, 473.837982178, 474.360443115, 474.882904053, 475.405334473, 475.916168213, 476.45022583, 476.961090088, 477.495147705, 478.017578125, 478.540039063, 479.0625, 479.58493042, 480.09576416, 480.629821777, 481.140686035, 481.663116455, 482.185577393, 482.708007813, 483.23046875, 483.74130249, 484.25213623, 484.774597168, 485.297058105, 485.819488525, 486.341949463, 486.864379883, 487.38684082, 487.909301758, 488.431732178, 488.954193115, 489.476623535, 489.987487793, 490.509918213, 491.03237915, 491.55480957, 492.077270508, 492.599731445, 493.122161865, 493.644622803, 494.167053223, 494.68951416, 495.211975098, 495.734405518, 496.256866455, 496.779296875, 497.301757813, 497.82421875, 498.34664917, 498.869110107, 499.391540527, 499.914001465, 500.436462402, 500.947296143, 501.469726563, 501.9921875, 502.514648438, 503.025482178, 503.547912598, 504.070373535, 504.592834473, 505.115264893, 505.63772583, 506.160186768, 506.682617188, 507.205078125, 507.727508545, 508.249969482, 508.77243042, 509.29486084, 509.817321777, 510.328155518, 510.850616455, 511.349822998, 511.837463379, 512.336669922, 512.696594238, 513.079711914, 513.46282959, 513.85760498, 514.252319336, 514.647094727, 515.041809082, 515.424926758, 515.808044434, 516.191162109, 516.5859375, 516.99230957, 517.398620605, 517.816589355, 518.234558105, 518.664123535, 519.093688965, 519.523254395, 519.941223145, 520.359191895, 520.777160645, 521.18347168, 521.60144043, 522.031005859, 522.448974609, 522.866943359, 523.296508789, 523.702819824, 524.120788574, 524.538757324, 524.956726074, 525.363098145, 525.781005859, 526.198974609, 526.616943359, 527.046508789, 527.464477539, 527.870849609, 528.277160645, 528.695129395, 529.113098145, 529.531066895, 529.949035645, 530.35534668, 530.76171875, 531.1796875, 531.585998535, 531.992370605, 532.340698242, 532.677368164, 533.014038086, 533.350708008, 533.687438965, 534.012512207, 534.337585449, 534.651062012, 534.964538574, 535.289611816, 535.614685059]
},
"tonal": {
    "chords_changes_rate": 0.0691028758883,
    "chords_number_rate": 0.00103914097417,
    "chords_strength": {
        "mean": 0.479500263929,
        "var": 0.00787817873061
    },
    "hpcp_entropy": {
        "mean": 2.0477232933,
        "var": 0.501365602016
    },
    "key_strength": 0.70035636425,
    "tuning_diatonic_strength": 0.582509815693,
    "tuning_equal_tempered_deviation": 0.0946203991771,
    "tuning_frequency": 437.718536377,
    "tuning_nontempered_energy_ratio": 0.771252572536,
    "hpcp": {
        "mean": [0.147292867303, 0.121597222984, 0.0772029012442, 0.0921654105186, 0.0912212729454, 0.0820557177067, 0.0997863933444, 0.0861730501056, 0.0969275906682, 0.188565984368, 0.192775383592, 0.112513206899, 0.0753482654691, 0.0677619203925, 0.117888614535, 0.213889092207, 0.19191943109, 0.0906436890364, 0.06028066203, 0.0590654462576, 0.0685404613614, 0.102381467819, 0.117718264461, 0.143518298864, 0.166743740439, 0.11867146939, 0.0841525420547, 0.0897994562984, 0.0869109630585, 0.180661648512, 0.324138760567, 0.250294864178, 0.141454309225, 0.143716678023, 0.106390416622, 0.103218495846],
        "var": [0.0633105784655, 0.0468779318035, 0.0242417305708, 0.040686018765, 0.0381030850112, 0.0254992898554, 0.0426816008985, 0.0368871055543, 0.0305294748396, 0.093852236867, 0.0867469459772, 0.0471137389541, 0.0295511838049, 0.0253628026694, 0.0391328930855, 0.0901485532522, 0.0760864317417, 0.0311920810491, 0.0224272441119, 0.0221183169633, 0.0231898203492, 0.0429737940431, 0.0511469841003, 0.0560980141163, 0.0815124362707, 0.0480838902295, 0.0338625572622, 0.0386187955737, 0.035276979208, 0.0568014830351, 0.15078984201, 0.0913387238979, 0.0565285980701, 0.0806881934404, 0.0432915352285, 0.0369534529746]
    },
    "chords_histogram": [19.0422592163, 0.813993752003, 21.1551780701, 3.04814696312, 2.19951510429, 0, 2.33806729317, 0.129892617464, 0.0519570484757, 0, 0.216487705708, 0.0692760646343, 0.277104258537, 0.311742305756, 0.112573608756, 7.8281955719, 0.458953917027, 9.41288566589, 0, 12.6255626678, 1.33356428146, 6.47731208801, 4.68479394913, 7.41253900528],
