{
"lowlevel": {
    "average_loudness": 0.934461951256,
    "barkbands_crest": {
        "mean": 8.9335565567,
        "var": 14.7704868317
    },
    "barkbands_flatness_db": {
        "mean": 0.119363673031,
        "var": 0.00368017121218
    },
    "barkbands_kurtosis": {
        "mean": 1.96864140034,
        "var": 69.5586471558
    },
    "barkbands_skewness": {
        "mean": 0.979026079178,
        "var": 1.35255849361
    },
    "barkbands_spread": {
        "mean": 28.7207355499,
        "var": 207.871856689
    },
    "dissonance": {
        "mean": 0.468830347061,
        "var": 0.000817281950731
    },
    "dynamic_complexity": 4.31770610809,
    "erbbands_crest": {
        "mean": 8.47252082825,
        "var": 17.8333415985
    },
    "erbbands_flatness_db": {
        "mean": 0.160595044494,
        "var": 0.0038243571762
    },
    "erbbands_kurtosis": {
        "mean": 0.505063652992,
        "var": 6.85667181015
    },
    "erbbands_skewness": {
        "mean": -0.0710388273001,
        "var": 0.685675382614
    },
    "erbbands_spread": {
        "mean": 34.9921646118,
        "var": 275.674987793
    },
    "hfc": {
        "mean": 26.3984527588,
        "var": 339.811401367
    },
    "melbands_crest": {
        "mean": 13.2781944275,
        "var": 25.8110656738
    },
    "melbands_flatness_db": {
        "mean": 0.170053958893,
        "var": 0.00520467152819
    },
    "melbands_kurtosis": {
        "mean": 8.55748462677,
        "var": 302.698059082
    },
    "melbands_skewness": {
        "mean": 2.10955524445,
        "var": 2.44235897064
    },
    "melbands_spread": {
        "mean": 33.4080276489,
        "var": 419.8671875
    },
    "pitch_salience": {
        "mean": 0.554873406887,
        "var": 0.0115101914853
    },
    "silence_rate_20dB": {
        "mean": 1,
        "var": 0
    },
    "silence_rate_30dB": {
        "mean": 1,
        "var": 0
    },
    "silence_rate_60dB": {
        "mean": 0.123135089874,
        "var": 0.107961714268
    },
    "spectral_centroid": {
        "mean": 1741.84997559,
        "var": 432129.03125
    },
    "spectral_complexity": {
        "mean": 23.7392196655,
        "var": 157.035446167
    },
    "spectral_decrease": {
        "mean": -6.7810699278e-009,
        "var": 3.07305108363e-017
    },
    "spectral_energy": {
        "mean": 0.0279877688736,
        "var": 0.000484294490889
    },
    "spectral_energyband_high": {
        "mean": 0.00117811770178,
        "var": 1.61848220159e-006
    },
    "spectral_energyband_low": {
        "mean": 0.0105418609455,
        "var": 0.000218779066927
    },
    "spectral_energyband_middle_high": {
        "mean": 0.00817303638905,
        "var": 5.33103120688e-005
    },
    "spectral_energyband_middle_low": {
        "mean": 0.00933777168393,
        "var": 0.000107625484816
    },
    "spectral_entropy": {
        "mean": 7.66853475571,
        "var": 0.264323323965
    },
    "spectral_flux": {
        "mean": 0.0815358608961,
        "var": 0.00316519872285
    },
    "spectral_kurtosis": {
        "mean": 5.45840549469,
        "var": 46.2894020081
    },
    "spectral_rms": {
        "mean": 0.00472062639892,
        "var": 5.02075772602e-006
    },
    "spectral_rolloff": {
        "mean": 1997.93762207,
        "var": 1819940.375
    },
    "spectral_skewness": {
        "mean": 1.51922702789,
        "var": 0.441739797592
    },
    "spectral_spread": {
        "mean": 4284307,
        "var": 2.20396807782e+012
    },
    "spectral_strongpeak": {
        "mean": 1.05922627449,
        "var": 2.16613483429
    },
    "zerocrossingrate": {
        "mean": 0.0748185515404,
        "var": 0.00126255024225
    },
    "barkbands": {
        "mean": [4.64553158963e-005, 0.00604402460158, 0.00330967432819, 0.002129067434, 0.00195396947674, 0.00140461151022, 0.00108577590436, 0.00107197021134, 0.00153284508269, 0.000861174718011, 0.00130288023502, 0.000890260911547, 0.000693687528837, 0.000741094117984, 0.000765573931858, 0.000827321840916, 0.00102444831282, 0.000499887391925, 0.000427383201895, 0.000377676798962, 0.000294354162179, 0.000221566675464, 0.000223521215958, 0.000124276921269, 8.97215795703e-005, 3.99101627409e-005, 4.57793930764e-006],
        "var": [9.99688687386e-009, 7.17878792784e-005, 4.08109845011e-005, 2.40207718889e-005, 1.43684746945e-005, 6.22574316367e-006, 7.16826616554e-006, 5.76791444473e-006, 9.40076097322e-006, 4.18637819166e-006, 9.5436380434e-006, 3.6071080558e-006, 1.70229247942e-006, 1.99046439775e-006, 1.76257412932e-006, 1.80223764801e-006, 1.93153664441e-006, 4.61941226604e-007, 1.74577735379e-007, 1.52851285407e-007, 1.02796285262e-007, 7.68530910022e-008, 8.62092406351e-008, 4.53769715136e-008, 2.10974917536e-008, 4.97515628695e-009, 1.40766842627e-010]
    },
    "erbbands": {
        "mean": [0.103291496634, 1.58690583706, 4.0764708519, 5.7525062561, 6.46041202545, 6.19915342331, 10.6731758118, 10.8685865402, 12.9856615067, 17.218547821, 31.3518104553, 32.1986045837, 25.8490581512, 53.9730606079, 30.3351955414, 36.2945404053, 33.738445282, 36.8800697327, 35.5054244995, 37.7432098389, 55.0113220215, 57.5740852356, 28.9264373779, 28.7063026428, 18.2059593201, 17.4684410095, 12.1677684784, 11.351940155, 7.88580369949, 7.84410429001, 5.47108125687, 3.12468957901, 1.89963877201, 1.18718898296, 0.529526889324, 0.215385824442, 0.0624251142144, 0.0136486208066, 0.000492280931212, 4.60337214463e-005],
        "var": [0.0310631468892, 4.94061899185, 49.1163711548, 122.063461304, 276.910583496, 125.338630676, 308.900878906, 467.210235596, 954.011108398, 1339.48327637, 4346.89599609, 4735.08886719, 2843.39086914, 12863.5429688, 4924.8671875, 5447.86425781, 3398.71337891, 4733.28613281, 2677.99707031, 3808.38842773, 6587.66748047, 6044.69482422, 1730.35107422, 791.851379395, 371.216430664, 343.717071533, 169.656051636, 155.612411499, 99.9201889038, 91.9869842529, 60.2772712708, 26.8273563385, 10.967300415, 3.9208483696, 0.763609349728, 0.150185421109, 0.0127384252846, 0.000835412065499, 1.43727413615e-006, 1.6051933116e-009]
    },
    "gfcc": {
        "mean": [-6.17088603973, 80.2721939087, -132.311828613, 31.4371738434, -53.1828804016, 14.4271221161, -38.2237358093, 13.6238870621, -21.7112751007, 1.25080168247, -17.3808231354, 2.90979504585, -10.415602684],
        "cov": [[17290.4511719, -2059.06176758, 703.078796387, 2093.80981445, -426.815643311, 1143.20751953, 525.465881348, 513.979736328, -29.6231861115, 243.750686646, -377.067108154, 10.5295085907, -381.864929199], [-2059.06176758, 1520.0435791, -167.280731201, -343.362823486, 427.107666016, -239.027389526, 54.4668121338, -132.315856934, 20.224773407, -217.620773315, 96.8050689697, -111.772262573, 106.620498657], [703.078796387, -167.280731201, 1141.79016113, 443.781341553, 148.507110596, 285.046813965, 32.6813774109, 68.0629501343, -54.0901260376, 60.3987045288, -129.461196899, 44.0193023682, -156.517623901], [2093.80981445, -343.362823486, 443.781341553, 802.290649414, 19.5779705048, 250.522735596, 109.13318634, 101.883308411, 32.0457801819, 55.9195632935, -59.694442749, -4.37497901917, -82.1557998657], [-426.815643311, 427.107666016, 148.507110596, 19.5779705048, 387.27243042, 27.7421207428, 37.8151245117, 16.1189117432, 22.1266822815, -53.0287475586, -20.5734424591, -23.0514793396, -10.6917152405], [1143.20751953, -239.027389526, 285.046813965, 250.522735596, 27.7421207428, 338.021362305, 132.849411011, 71.9577789307, -10.7718706131, 53.9636192322, -52.7555999756, 15.2284555435, -76.2098922729], [525.465881348, 54.4668121338, 32.6813774109, 109.13318634, 37.8151245117, 132.849411011, 214.580352783, 44.3348236084, -7.40258789063, 0.956817150116, 8.32892417908, -11.3071556091, -30.141872406], [513.979736328, -132.315856934, 68.0629501343, 101.883308411, 16.1189117432, 71.9577789307, 44.3348236084, 141.645477295, 50.786403656, 33.1167945862, -12.8874635696, 6.50956964493, -25.0555610657], [-29.6231861115, 20.224773407, -54.0901260376, 32.0457801819, 22.1266822815, -10.7718706131, -7.40258789063, 50.786403656, 118.017730713, 31.9459381104, 7.43623113632, -11.8737306595, 15.7361440659], [243.750686646, -217.620773315, 60.3987045288, 55.9195632935, -53.0287475586, 53.9636192322, 0.956817150116, 33.1167945862, 31.9459381104, 118.312644958, 4.61120986938, 13.5417909622, -24.3663749695], [-377.067108154, 96.8050689697, -129.461196899, -59.694442749, -20.5734424591, -52.7555999756, 8.32892417908, -12.8874635696, 7.43623113632, 4.61120986938, 98.0880126953, 15.2112340927, 31.0884876251], [10.5295085907, -111.772262573, 44.0193023682, -4.37497901917, -23.0514793396, 15.2284555435, -11.3071556091, 6.50956964493, -11.8737306595, 13.5417909622, 15.2112340927, 88.0222396851, 14.4527130127], [-381.864929199, 106.620498657, -156.517623901, -82.1557998657, -10.6917152405, -76.2098922729, -30.141872406, -25.0555610657, 15.7361440659, -24.3663749695, 31.0884876251, 14.4527130127, 93.7816314697]],
        "icov": [[0.00011811053264, -2.77495928458e-005, 0.000156624082592, -0.000280922540696, 0.000139256138937, -0.000181520110345, -1.52874781634e-005, -0.00023398763733, 0.000192893348867, -4.64034274046e-005, 0.000368025357602, -0.000118528427265, 0.000180561575689], [-2.77495928458e-005, 0.00267734727822, -0.000866095826495, 0.000918996229302, -0.00223035598174, 0.000977997668087, -0.00158341927454, 0.00177845754661, -0.00153605616651, 0.00287619512528, -0.00280654756352, 0.00292549771257, -0.00180601782631], [0.000156624082592, -0.000866095826495, 0.00229202629998, -0.00130723661277, 8.094945224e-005, -0.00105821643956, 0.0011606332846, -0.000829013704788, 0.00159014749806, -0.00147188361734, 0.00244056852534, -0.00230642408133, 0.00250051845796], [-0.000280922540696, 0.000918996229302, -0.00130723661277, 0.0029097632505, -0.000663524551783, -6.23371088295e-005, -0.000874451827258, 0.000696693605278, -0.00174753612373, 0.00121889600996, -0.00179225357715, 0.00174027727917, -0.00110672146548], [0.000139256138937, -0.00223035598174, 8.094945224e-005, -0.000663524551783, 0.0053189387545, -0.00110539561138, 0.000667389191221, -0.00170255010016, -0.000147248792928, -0.000299162929878, 0.00250105233863, -0.00178153591696, 0.0015167419333], [-0.000181520110345, 0.000977997668087, -0.00105821643956, -6.23371088295e-005, -0.00110539561138, 0.00715400557965, -0.00389115838334, 0.000226469855988, -3.2901600207e-005, -0.000966301246081, 0.000867093913257, -0.000315741752274, 0.000341351318639], [-1.52874781634e-005, -0.00158341927454, 0.0011606332846, -0.000874451827258, 0.000667389191221, -0.00389115838334, 0.00855596084148, -0.00255430163816, 0.00212189345621, -0.000458719965536, -0.00120017305017, -0.000236224004766, 0.00184948102105], [-0.00023398763733, 0.00177845754661, -0.000829013704788, 0.000696693605278, -0.00170255010016, 0.000226469855988, -0.00255430163816, 0.0122740482911, -0.00642106914893, 0.00148688838817, -0.00153512042016, 7.64559517847e-005, 0.000661118654534], [0.000192893348867, -0.00153605616651, 0.00159014749806, -0.00174753612373, -0.000147248792928, -3.2901600207e-005, 0.00212189345621, -0.00642106914893, 0.0148326428607, -0.0061286399141, 0.00197961018421, 0.0008362797671, -0.00228859530762], [-4.64034274046e-005, 0.00287619512528, -0.00147188361734, 0.00121889600996, -0.000299162929878, -0.000966301246081, -0.000458719965536, 0.00148688838817, -0.0061286399141, 0.0158273112029, -0.00553721049801, 0.00186071824282, 0.00127228267957], [0.000368025357602, -0.00280654756352, 0.00244056852534, -0.00179225357715, 0.00250105233863, 0.000867093913257, -0.00120017305017, -0.00153512042016, 0.00197961018421, -0.00553721049801, 0.0183615386486, -0.00659679993987, 0.000545291695744], [-0.000118528427265, 0.00292549771257, -0.00230642408133, 0.00174027727917, -0.00178153591696, -0.000315741752274, -0.000236224004766, 7.64559517847e-005, 0.0008362797671, 0.00186071824282, -0.00659679993987, 0.0179795511067, -0.00688947876915], [0.000180561575689, -0.00180601782631, 0.00250051845796, -0.00110672146548, 0.0015167419333, 0.000341351318639, 0.00184948102105, 0.000661118654534, -0.00228859530762, 0.00127228267957, 0.000545291695744, -0.00688947876915, 0.0194722209126]]
    },
    "melbands": {
        "mean": [0.00133836618625, 0.00222955038771, 0.00105065421667, 0.000433132925536, 0.000355706026312, 0.000249524542596, 0.000210689075175, 0.000192712133867, 0.00027474653325, 0.000198274705326, 0.000124566970044, 0.000211642705835, 0.000134415357024, 7.65529402997e-005, 0.000112633948447, 6.20443752268e-005, 6.95276321494e-005, 5.25239847775e-005, 6.5140753577e-005, 4.50832631032e-005, 6.64003455313e-005, 6.4220133936e-005, 3.59912810382e-005, 2.15834243136e-005, 2.39902601606e-005, 1.32915984068e-005, 1.35670688906e-005, 1.09517623059e-005, 7.26724874767e-006, 8.26746872917e-006, 5.96855306867e-006, 4.67327481601e-006, 3.81617564926e-006, 4.73321597383e-006, 3.25766927745e-006, 2.53196594713e-006, 1.66423501469e-006, 1.39070562e-006, 1.0874923646e-006, 9.80075924417e-007],
        "var": [3.94601147491e-006, 1.16225337479e-005, 4.34015373685e-006, 9.78128468887e-007, 2.86824558771e-007, 2.24857586772e-007, 2.52494970709e-007, 1.52350480676e-007, 3.59212691592e-007, 1.79924867894e-007, 7.91568481873e-008, 1.9275276486e-007, 1.09435021045e-007, 3.22034381384e-008, 5.36492201775e-008, 1.32901885053e-008, 2.07853290135e-008, 8.100338178e-009, 1.58478741241e-008, 5.84916515223e-009, 1.03183666056e-008, 8.10532174711e-009, 3.757082645e-009, 7.22786441809e-010, 6.00323180056e-010, 2.33013247586e-010, 2.36346719973e-010, 1.64240995804e-010, 7.25853960271e-011, 8.78506434265e-011, 4.82848865058e-011, 3.58667782974e-011, 2.87074947147e-011, 3.42610072257e-011, 2.08442083038e-011, 1.76666372503e-011, 8.10070500262e-012, 5.86214974133e-012, 3.86029316152e-012, 2.72228854042e-012]
    },
    "mfcc": {
        "mean": [-639.917724609, 105.453598022, -14.2230014801, 18.9070682526, 5.39691591263, 3.12480092049, -1.86666953564, 7.64207649231, 1.57487201691, 1.45487010479, -1.75980114937, 0.0525881312788, 0.590433359146],
        "cov": [[14211.3779297, -1158.7635498, 376.396026611, 901.655883789, 36.1882553101, 634.426208496, 429.848907471, 566.157714844, 401.227813721, 317.596588135, 209.842391968, 197.552978516, 87.9903106689], [-1158.7635498, 1333.6986084, -366.566986084, -99.8087997437, 153.070678711, -89.6346817017, 27.0190753937, 20.0152359009, -32.6955528259, -48.6585159302, -46.8047866821, -74.4584503174, -22.4520206451], [376.396026611, -366.566986084, 954.455505371, 270.453125, 139.756088257, 258.900360107, 115.15448761, 74.7041854858, 65.185005188, 23.9489135742, 16.1798343658, 58.0395774841, -11.8414030075], [901.655883789, -99.8087997437, 270.453125, 423.834991455, 151.231506348, 115.231758118, 68.2828598022, 89.1751403809, 71.5478057861, 51.1666183472, 23.8231887817, 44.7681999207, 20.678030014], [36.1882553101, 153.070678711, 139.756088257, 151.231506348, 294.300018311, 70.3247451782, 13.8119602203, 56.0251350403, 57.7975845337, 26.0770244598, -3.43876457214, 12.5072259903, 7.97727775574], [634.426208496, -89.6346817017, 258.900360107, 115.231758118, 70.3247451782, 259.836181641, 129.38734436, 75.5491409302, 57.984336853, 35.0719566345, 34.8381919861, 26.3249511719, -13.8654928207], [429.848907471, 27.0190753937, 115.15448761, 68.2828598022, 13.8119602203, 129.38734436, 197.030044556, 95.8865127563, 27.313123703, 23.4852046967, 33.7259864807, 19.8393859863, -4.09002971649], [566.157714844, 20.0152359009, 74.7041854858, 89.1751403809, 56.0251350403, 75.5491409302, 95.8865127563, 158.826141357, 61.1200828552, 22.6073322296, 25.1060504913, 24.8657093048, 11.3469982147], [401.227813721, -32.6955528259, 65.185005188, 71.5478057861, 57.7975845337, 57.984336853, 27.313123703, 61.1200828552, 115.740760803, 53.3145484924, 20.4946746826, 16.286529541, 9.77736377716], [317.596588135, -48.6585159302, 23.9489135742, 51.1666183472, 26.0770244598, 35.0719566345, 23.4852046967, 22.6073322296, 53.3145484924, 119.143981934, 44.6315994263, 16.1832771301, 5.87328577042], [209.842391968, -46.8047866821, 16.1798343658, 23.8231887817, -3.43876457214, 34.8381919861, 33.7259864807, 25.1060504913, 20.4946746826, 44.6315994263, 84.301651001, 33.7220153809, 6.17584180832], [197.552978516, -74.4584503174, 58.0395774841, 44.7681999207, 12.5072259903, 26.3249511719, 19.8393859863, 24.8657093048, 16.286529541, 16.1832771301, 33.7220153809, 75.8673706055, 24.445098877], [87.9903106689, -22.4520206451, -11.8414030075, 20.678030014, 7.97727775574, -13.8654928207, -4.09002971649, 11.3469982147, 9.77736377716, 5.87328577042, 6.17584180832, 24.445098877, 68.4637908936]],
        "icov": [[0.000108414955321, 8.05474919616e-005, 0.000104087390355, -0.000188586127479, 0.000113240384962, -0.000197403162019, 1.90565042431e-005, -0.000254095502896, -8.31374782138e-005, -9.25307394937e-005, 3.95423303416e-005, -1.49967208927e-005, -2.62831854343e-005], [8.05474919616e-005, 0.00117545982357, 0.000536059320439, 8.82159220055e-005, -0.000967745669186, 0.000215245745494, -0.000756262219511, -0.000269660406047, 0.000142314311233, 0.000255591585301, 0.000138818722917, 0.000634217693005, 0.000222677146667], [0.000104087390355, 0.000536059320439, 0.00194925058167, -0.000762337294873, -0.000471938838018, -0.00144516304135, -0.000267671392066, 1.9953959054e-005, -2.11081223824e-005, 0.000290424155537, 0.000630922906566, -0.000643643143121, 0.000503422226757], [-0.000188586127479, 8.82159220055e-005, -0.000762337294873, 0.00407423079014, -0.00161521299742, 0.000270489690593, -0.000337814097293, -0.000403726910008, -8.85175977601e-005, -0.000565104826819, 0.000202319963137, -0.000628514622804, -0.000534090271685], [0.000113240384962, -0.000967745669186, -0.000471938838018, -0.00161521299742, 0.00572396349162, -0.00131196551956, 0.0018737076316, -0.00118253100663, -0.00118928554002, -0.000665247673169, 0.000942993036006, -0.000417393894168, -0.000390530040022], [-0.000197403162019, 0.000215245745494, -0.00144516304135, 0.000270489690593, -0.00131196551956, 0.00862848386168, -0.00443673040718, 0.000964884355199, -0.00187589775305, 0.00043769236072, -0.0012331365142, 1.34424644784e-005, 0.00180479651317], [1.90565042431e-005, -0.000756262219511, -0.000267671392066, -0.000337814097293, 0.0018737076316, -0.00443673040718, 0.010751882568, -0.00523903733119, 0.00224159192294, -0.000946763320826, -0.00119214050937, -1.77612691914e-005, 5.19698005519e-005], [-0.000254095502896, -0.000269660406047, 1.9953959054e-005, -0.000403726910008, -0.00118253100663, 0.000964884355199, -0.00523903733119, 0.0124776940793, -0.00477153714746, 0.00203502294607, -0.000939807621762, -0.000993789639324, -0.000737820053473], [-8.31374782138e-005, 0.000142314311233, -2.11081223824e-005, -8.85175977601e-005, -0.00118928554002, -0.00187589775305, 0.00224159192294, -0.00477153714746, 0.0149480542168, -0.00535614648834, 0.000781460839789, 0.0001365783246, -0.000934515264817], [-9.25307394937e-005, 0.000255591585301, 0.000290424155537, -0.000565104826819, -0.000665247673169, 0.00043769236072, -0.000946763320826, 0.00203502294607, -0.00535614648834, 0.0132944667712, -0.00617954414338, 0.00122086785268, -5.80880223424e-005], [3.95423303416e-005, 0.000138818722917, 0.000630922906566, 0.000202319963137, 0.000942993036006, -0.0012331365142, -0.00119214050937, -0.000939807621762, 0.000781460839789, -0.00617954414338, 0.0188755113631, -0.00726303039119, 0.00107676372863], [-1.49967208927e-005, 0.000634217693005, -0.000643643143121, -0.000628514622804, -0.000417393894168, 1.34424644784e-005, -1.77612691914e-005, -0.000993789639324, 0.0001365783246, 0.00122086785268, -0.00726303039119, 0.0200008768588, -0.00608964497223], [-2.62831854343e-005, 0.000222677146667, 0.000503422226757, -0.000534090271685, -0.000390530040022, 0.00180479651317, 5.19698005519e-005, -0.000737820053473, -0.000934515264817, -5.80880223424e-005, 0.00107676372863, -0.00608964497223, 0.0177134815603]]
    },
    "spectral_contrast_coeffs": {
        "mean": [-0.655476152897, -0.734448730946, -0.756107091904, -0.761450529099, -0.766432344913, -0.755864679813],
        "var": [0.00613879505545, 0.0075926030986, 0.00577974133193, 0.00419889157638, 0.00246083480306, 0.00196311762556]
    },
    "spectral_contrast_valleys": {
        "mean": [-7.64947462082, -6.9483332634, -7.4163608551, -7.61090707779, -7.4815826416, -10.174536705],
        "var": [2.45484280586, 1.22473490238, 1.27631413937, 1.26110601425, 2.07288861275, 2.91267776489]
    }
},
"metadata": {
    "audio_properties": {
        "analysis_sample_rate": 44100,
        "bit_rate": 128000,
        "equal_loudness": 0,
        "length": 227.186935425,
        "lossless": 0,
        "replay_gain": -14.6462993622,
        "sample_rate": 44100,
        "codec": "mp3",
        "downmix": "mix",
        "md5_encoded": "9bfe60ca06ca7b1a31efd02eea6c43e6"
    },
    "tags": {
        "file_name": "2027.mp3"
    },
    "version": {
        "essentia": "2.1-beta2",
        "essentia_git_sha": "v2.1_beta2",
        "extractor": "music 1.0"
    }
},
"rhythm": {
    "beats_count": 346,
    "beats_loudness": {
        "mean": 0.0412250049412,
        "var": 0.000355383497663
    },
    "bpm": 91.7320480347,
    "bpm_histogram_first_peak_bpm": {
        "mean": 92,
        "var": 0
    },
    "bpm_histogram_first_peak_spread": {
        "mean": 0.184290006757,
        "var": 0
    },
    "bpm_histogram_first_peak_weight": {
        "mean": 0.782608747482,
        "var": 0
    },
    "bpm_histogram_second_peak_bpm": {
        "mean": 86,
        "var": 0
    },
    "bpm_histogram_second_peak_spread": {
        "mean": 0.181818217039,
        "var": 0
    },
    "bpm_histogram_second_peak_weight": {
        "mean": 0.0260869562626,
        "var": 0
    },
    "danceability": 0.985180735588,
    "onset_rate": 2.92684316635,
    "beats_loudness_band_ratio": {
        "mean": [0.527280509472, 0.118990056217, 0.11338519305, 0.103463418782, 0.103896059096, 0.0526601821184],
        "var": [0.0550093837082, 0.0203111767769, 0.0176213923842, 0.0107369627804, 0.00734986271709, 0.00303808227181]
    },
    "beats_position": [0.673378646374, 1.369977355, 2.06657600403, 2.76317453384, 3.45977306366, 4.15637159348, 4.85297060013, 5.54956912994, 6.21133756638, 6.86149644852, 7.51165533066, 8.17342376709, 8.82358264923, 9.47374153137, 10.1239004135, 10.774058342, 11.4242172241, 12.0859861374, 12.7361450195, 13.3863039017, 14.0364627838, 14.6750106812, 15.3251695633, 15.9753284454, 16.6254863739, 17.2756462097, 17.9258041382, 18.5875740051, 19.2493419647, 19.8878898621, 20.5264396667, 21.1765975952, 21.826757431, 22.4769153595, 23.1270751953, 23.7772331238, 24.4273910522, 25.0775508881, 25.7277088165, 26.3894786835, 27.0628566742, 27.747844696, 28.3980045319, 29.0481624603, 29.6983222961, 30.3717002869, 31.0334682465, 31.6952381134, 32.3453979492, 33.0071640015, 33.6689338684, 34.3307037354, 34.9924697876, 35.6426315308, 36.2927894592, 36.9545555115, 37.6163253784, 38.2664833069, 38.91664505, 39.5784111023, 40.2401809692, 40.9019508362, 41.5637168884, 42.2370948792, 42.8872566223, 43.5374145508, 44.1759643555, 44.8261222839, 45.4646720886, 46.1148300171, 46.7649879456, 47.4383659363, 48.0885238647, 48.7386856079, 49.3888435364, 50.0506095886, 50.7007713318, 51.362537384, 52.0126991272, 52.6744651794, 53.3362350464, 53.9980049133, 54.6597709656, 55.3099327087, 55.9600906372, 56.6102485657, 57.2487983704, 57.8873443604, 58.5375061035, 59.187664032, 59.8262138367, 60.4763717651, 61.1265296936, 61.7882995605, 62.438457489, 63.100227356, 63.7736053467, 64.4353713989, 65.0971450806, 65.7589111328, 66.409072876, 67.0592269897, 67.7093887329, 68.3595428467, 69.0213165283, 69.6830825806, 70.3332443237, 70.9833984375, 71.6335601807, 72.2953262329, 72.9570999146, 73.6072540283, 74.2574157715, 74.9307937622, 75.5925598145, 76.2543258667, 76.9044876099, 77.5662536621, 78.2280273438, 78.8781814575, 79.5399551392, 80.2017211914, 80.8518829346, 81.5020370483, 82.1521987915, 82.8023605347, 83.4525146484, 84.1026763916, 84.7760543823, 85.449432373, 86.1228103638, 86.784576416, 87.4579544067, 88.1197280884, 88.7814941406, 89.4664840698, 90.1398620605, 90.8016281128, 91.4634017944, 92.1367797852, 92.7985458374, 93.460319519, 94.1336975098, 94.795463562, 95.4572296143, 96.1190032959, 96.7807693481, 97.4425354004, 98.104309082, 98.7660751343, 99.4278411865, 100.089614868, 100.75138092, 101.401542664, 102.051696777, 102.701858521, 103.352012634, 104.002174377, 104.66394043, 105.33732605, 105.999092102, 106.660858154, 107.322631836, 107.97278595, 108.622947693, 109.273101807, 109.92326355, 110.585029602, 111.246803284, 111.908569336, 112.570335388, 113.23210907, 113.893875122, 114.544036865, 115.194190979, 115.844352722, 116.494506836, 117.144668579, 117.794830322, 118.456596375, 119.118362427, 119.791740417, 120.453514099, 121.115280151, 121.765441895, 122.427207947, 123.088973999, 123.750747681, 124.412513733, 125.062675476, 125.724441528, 126.386207581, 127.059593201, 127.732971191, 128.383132935, 129.056503296, 129.706665039, 130.356826782, 131.006988525, 131.668746948, 132.33052063, 132.992294312, 133.654052734, 134.315826416, 134.977600098, 135.639358521, 136.289520264, 136.951293945, 137.601455688, 138.263214111, 138.924987793, 139.575149536, 140.225296021, 140.875457764, 141.525619507, 142.164169312, 142.802719116, 143.452880859, 144.103042603, 144.753189087, 145.40335083, 146.053512573, 146.692062378, 147.330612183, 147.980773926, 148.63092041, 149.269470215, 149.90802002, 150.558181763, 151.196731567, 151.835281372, 152.473831177, 153.112380981, 153.762542725, 154.412689209, 155.051239014, 155.689788818, 156.339950562, 156.978500366, 157.617050171, 158.267211914, 158.89414978, 159.521087646, 160.148025513, 160.798187256, 161.425125122, 162.075286865, 162.72543335, 163.387207031, 164.048980713, 164.699142456, 165.34928894, 165.999450684, 166.649612427, 167.29977417, 167.949935913, 168.600082397, 169.250244141, 169.900405884, 170.538955688, 171.177505493, 171.816055298, 172.477813721, 173.139587402, 173.801361084, 174.521179199, 175.229385376, 175.949203491, 176.657409668, 177.342407227, 178.015777588, 178.607894897, 179.199996948, 179.803710938, 180.465484619, 181.127258301, 181.765808105, 182.392745972, 183.042892456, 183.704666138, 184.354827881, 185.016601563, 185.678359985, 186.340133667, 186.99029541, 187.640457153, 188.290603638, 188.940765381, 189.590927124, 190.241088867, 190.89125061, 191.553009033, 192.214782715, 192.864944458, 193.491882324, 194.130432129, 194.792190552, 195.442352295, 196.104125977, 196.765899658, 197.416046143, 198.066207886, 198.716369629, 199.366531372, 200.028289795, 200.678451538, 201.328613281, 201.990386963, 202.640533447, 203.29069519, 203.940856934, 204.591018677, 205.24118042, 205.902938843, 206.541488647, 207.203262329, 207.865036011, 208.526794434, 209.188568115, 209.850341797, 210.51210022, 211.162261963, 211.812423706, 212.462585449, 213.112747192, 213.762893677, 214.424667358, 215.08644104, 215.748199463, 216.409973145, 217.060134888, 217.710296631, 218.360443115, 219.010604858, 219.660766602, 220.310928345, 220.937866211, 221.588027954, 222.238174438, 222.876724243, 223.526885986, 224.165435791, 224.815597534, 225.454147339, 226.104309082, 226.742858887]
},
"tonal": {
    "chords_changes_rate": 0.0659991800785,
    "chords_number_rate": 0.00326930941083,
    "chords_strength": {
        "mean": 0.510297179222,
        "var": 0.0132921813056
    },
    "hpcp_entropy": {
        "mean": 2.06731772423,
        "var": 0.63112694025
    },
    "key_strength": 0.644749283791,
    "tuning_diatonic_strength": 0.474745512009,
    "tuning_equal_tempered_deviation": 0.0387666784227,
    "tuning_frequency": 439.491973877,
    "tuning_nontempered_energy_ratio": 0.733590483665,
    "hpcp": {
        "mean": [0.0889314934611, 0.109587363899, 0.178585022688, 0.232851222157, 0.178691416979, 0.143932789564, 0.165779486299, 0.1232605353, 0.0851496085525, 0.0851269289851, 0.0965951532125, 0.17823202908, 0.253322631121, 0.185052365065, 0.115501441061, 0.127454698086, 0.150933906436, 0.227128058672, 0.272965192795, 0.20195505023, 0.17165581882, 0.191255509853, 0.142549738288, 0.11543880403, 0.120369032025, 0.0974486023188, 0.1669613868, 0.268988281488, 0.187317699194, 0.0919344127178, 0.0932159051299, 0.0794969797134, 0.0959790125489, 0.135921657085, 0.114790230989, 0.0842297971249],
        "var": [0.0325872823596, 0.0376076512039, 0.0576537288725, 0.0797778069973, 0.0525030046701, 0.045988984406, 0.0709110423923, 0.0408933535218, 0.0270160734653, 0.0319833047688, 0.0309815797955, 0.0594794712961, 0.098615989089, 0.0567550137639, 0.0351417697966, 0.0413866601884, 0.0521107278764, 0.0859423801303, 0.107076182961, 0.0619934350252, 0.0594108663499, 0.0923435986042, 0.0537597239017, 0.0385348461568, 0.0391977913678, 0.0306401997805, 0.0531056113541, 0.119564689696, 0.0593023747206, 0.0227012429386, 0.0273287277669, 0.0223057996482, 0.0252863746136, 0.0450177453458, 0.0320499874651, 0.0245208404958]
    },
    "chords_histogram": [17.9199028015, 28.7086219788, 15.9174499512, 1.0420923233, 0.939926445484, 0.0408663675189, 1.53248870373, 1.71638739109, 2.61544752121, 0.756027817726, 0.694728255272, 2.10461783409, 0.245198205113, 0.531262755394, 1.65508782864, 1.32815694809, 0.469963222742, 1.08295869827, 0.858193695545, 4.00490379333, 1.34859013557, 6.21168756485, 4.9652633667, 3.31017565727],
    "thpcp": [1, 0.739856421947, 0.628856062889, 0.700658977032, 0.522226810455, 0.422906696796, 0.440968424082, 0.357000112534, 0.611658155918, 0.985430717468, 0.686232924461, 0.336799025536, 0.341493755579, 0.291234850883, 0.351616293192, 0.497945010662, 0.420530647039, 0.308573395014, 0.325797915459, 0.401470094919, 0.654241025448, 0.853043615818, 0.65463078022, 0.527293562889, 0.607328295708, 0.451561361551, 0.311943113804, 0.311860024929, 0.35387352109, 0.652947843075, 0.928040027618, 0.677933931351, 0.423136144876, 0.466926544905, 0.552941977978, 0.832077026367],
    "chords_key": "D#",
    "chords_scale": "minor",
    "key_key": "B",
    "key_scale": "major"
}
}