{
"lowlevel": {
    "average_loudness": 0.504480540752,
    "barkbands_crest": {
        "mean": 8.6270608902,
        "var": 14.3966207504
    },
    "barkbands_flatness_db": {
        "mean": 0.183533430099,
        "var": 0.0094094350934
    },
    "barkbands_kurtosis": {
        "mean": 4.01693058014,
        "var": 84.4419174194
    },
    "barkbands_skewness": {
        "mean": 1.26204526424,
        "var": 1.11608541012
    },
    "barkbands_spread": {
        "mean": 15.6104955673,
        "var": 88.6435317993
    },
    "dissonance": {
        "mean": 0.444831877947,
        "var": 0.00266655907035
    },
    "dynamic_complexity": 5.28338956833,
    "erbbands_crest": {
        "mean": 9.16635799408,
        "var": 21.8786621094
    },
    "erbbands_flatness_db": {
        "mean": 0.217751085758,
        "var": 0.00624568434432
    },
    "erbbands_kurtosis": {
        "mean": 1.59848570824,
        "var": 46.9354858398
    },
    "erbbands_skewness": {
        "mean": 0.61185914278,
        "var": 0.813135266304
    },
    "erbbands_spread": {
        "mean": 27.9216556549,
        "var": 211.125732422
    },
    "hfc": {
        "mean": 14.2570543289,
        "var": 240.810806274
    },
    "melbands_crest": {
        "mean": 11.510682106,
        "var": 20.421289444
    },
    "melbands_flatness_db": {
        "mean": 0.249704360962,
        "var": 0.0134249264374
    },
    "melbands_kurtosis": {
        "mean": 7.76954698563,
        "var": 212.222442627
    },
    "melbands_skewness": {
        "mean": 1.80367672443,
        "var": 1.4178211689
    },
    "melbands_spread": {
        "mean": 18.9071063995,
        "var": 143.016189575
    },
    "pitch_salience": {
        "mean": 0.633858978748,
        "var": 0.0110787628219
    },
    "silence_rate_20dB": {
        "mean": 1,
        "var": 0
    },
    "silence_rate_30dB": {
        "mean": 0.999846994877,
        "var": 0.0001529486035
    },
    "silence_rate_60dB": {
        "mean": 0.232752025127,
        "var": 0.178588524461
    },
    "spectral_centroid": {
        "mean": 1021.52178955,
        "var": 274931.71875
    },
    "spectral_complexity": {
        "mean": 18.4856204987,
        "var": 139.117782593
    },
    "spectral_decrease": {
        "mean": -4.51634463161e-009,
        "var": 1.74315658232e-017
    },
    "spectral_energy": {
        "mean": 0.0183388311416,
        "var": 0.000290464813588
    },
    "spectral_energyband_high": {
        "mean": 0.000301838794257,
        "var": 1.62665855896e-007
    },
    "spectral_energyband_low": {
        "mean": 0.00296795042232,
        "var": 1.18960024338e-005
    },
    "spectral_energyband_middle_high": {
        "mean": 0.00502098025754,
        "var": 5.05374810018e-005
    },
    "spectral_energyband_middle_low": {
        "mean": 0.0107259377837,
        "var": 0.000107284999103
    },
    "spectral_entropy": {
        "mean": 7.12174606323,
        "var": 0.600040256977
    },
    "spectral_flux": {
        "mean": 0.0610292926431,
        "var": 0.00183175958227
    },
    "spectral_kurtosis": {
        "mean": 14.9492387772,
        "var": 680.025085449
    },
    "spectral_rms": {
        "mean": 0.00370830087923,
        "var": 4.13998486692e-006
    },
    "spectral_rolloff": {
        "mean": 1147.47399902,
        "var": 625874.5625
    },
    "spectral_skewness": {
        "mean": 2.20373129845,
        "var": 2.89866161346
    },
    "spectral_spread": {
        "mean": 3109449.5,
        "var": 2.17803587584e+012
    },
    "spectral_strongpeak": {
        "mean": 0.829445362091,
        "var": 1.09769415855
    },
    "zerocrossingrate": {
        "mean": 0.0435028187931,
        "var": 0.000494196778163
    },
    "barkbands": {
        "mean": [0.00034362464794, 0.00150318385568, 0.000577932747547, 0.00120927067474, 0.00285966321826, 0.00171979400329, 0.00237704929896, 0.00110404647421, 0.00117214256898, 0.00119694625027, 0.000386736530345, 0.000686956860591, 0.00047358131269, 0.000365910411347, 0.000490325444844, 0.000421820383053, 0.000643123756163, 0.000183849260793, 0.000221485592192, 0.00019730522763, 7.039510092e-005, 7.38396120141e-005, 2.9344619179e-005, 1.47918935909e-005, 1.0792960893e-005, 4.62438583781e-006, 2.62936737272e-007],
        "var": [6.70779286338e-007, 3.74023420591e-006, 6.51533639484e-007, 3.92199535781e-006, 1.46092033901e-005, 5.58990495847e-006, 2.05926608032e-005, 5.51255470782e-006, 4.92625622428e-006, 9.72614543571e-006, 1.49112440795e-006, 2.71064595836e-006, 1.49191362198e-006, 9.37335300932e-007, 9.90265107248e-007, 6.31674708984e-007, 1.07532298443e-006, 9.18734244237e-008, 1.61959079037e-007, 1.58121764571e-007, 7.37436378628e-009, 9.65274615794e-009, 4.98434138407e-009, 3.59447449583e-009, 1.74163383715e-009, 8.77279637823e-010, 3.74334938047e-012]
    },
    "erbbands": {
        "mean": [0.0532155446708, 0.296047717333, 0.638402163982, 2.71619224548, 6.85899019241, 9.01648044586, 12.7541427612, 14.5474185944, 36.1682472229, 22.6754169464, 25.8967590332, 27.6755065918, 29.0896968842, 35.9740982056, 20.4770965576, 28.5160694122, 23.7821598053, 17.5096416473, 27.5002555847, 22.2540187836, 27.0643596649, 32.6865501404, 12.6360759735, 10.0504808426, 11.5185852051, 9.47351169586, 4.32861471176, 2.43382143974, 2.9545955658, 1.46543753147, 0.811607480049, 0.413025617599, 0.206816747785, 0.117981441319, 0.0790179595351, 0.0272329803556, 0.00738559756428, 0.00114316795953, 4.09413369198e-005, 2.27794025704e-005],
        "var": [0.00526638887823, 0.173580154777, 0.664946973324, 17.684595108, 126.993026733, 156.925888062, 372.171478271, 449.021270752, 4251.69384766, 1489.42785645, 3545.93017578, 2870.43115234, 3872.09545898, 11375.1142578, 2449.88085938, 3721.85620117, 3434.02661133, 2355.36572266, 2670.8684082, 2444.91333008, 1828.94372559, 2663.53442383, 371.933807373, 268.49597168, 534.034545898, 365.406890869, 27.4169578552, 9.20637321472, 16.3293647766, 6.09698343277, 4.07223415375, 2.56116318703, 0.645622909069, 0.218389779329, 0.0939879491925, 0.0246891640127, 0.00258991215378, 4.94184314448e-005, 4.32696118935e-008, 4.76317985054e-010]
    },
    "gfcc": {
        "mean": [-81.0825042725, 147.945968628, -132.599868774, 20.0018291473, -58.2993621826, -6.20851564407, -31.7242259979, -1.33843588829, -16.5214366913, -4.75095891953, -12.8266792297, -1.79050648212, -5.32762050629],
        "cov": [[19428.8125, -5017.3671875, -2502.06298828, 2245.71728516, -943.968261719, 1612.24108887, -607.291992188, 1049.2175293, -343.76739502, 960.931213379, -408.593444824, 581.282287598, -46.9247245789], [-5017.3671875, 2909.88476563, -205.665603638, -1114.49243164, 783.472106934, -812.185241699, 466.456054688, -460.290374756, 242.920272827, -445.246856689, 256.691589355, -298.141204834, 115.128707886], [-2502.06298828, -205.665603638, 1594.42541504, 127.534965515, -204.706756592, 111.283302307, -133.15625, 7.33197402954, -53.6589736938, 24.0913352966, -76.1022186279, 88.2121582031, -54.901424408], [2245.71728516, -1114.49243164, 127.534965515, 951.699462891, -307.148040771, 335.516021729, -102.693885803, 164.582992554, 22.917596817, 204.368972778, -39.290145874, 137.68649292, 63.5926704407], [-943.968261719, 783.472106934, -204.706756592, -307.148040771, 443.374847412, -200.403411865, 121.091751099, -73.3395080566, 57.760887146, -93.5351715088, 56.8702087402, -66.3120727539, 27.9181785583], [1612.24108887, -812.185241699, 111.283302307, 335.516021729, -200.403411865, 389.462738037, -94.9270172119, 150.026443481, -49.6122360229, 130.254806519, -85.3270874023, 115.24030304, -25.1686134338], [-607.291992188, 466.456054688, -133.15625, -102.693885803, 121.091751099, -94.9270172119, 260.952606201, -22.1183643341, 64.9705734253, -39.5193634033, 71.4015274048, -26.4209899902, 58.2880210876], [1049.2175293, -460.290374756, 7.33197402954, 164.582992554, -73.3395080566, 150.026443481, -22.1183643341, 194.950042725, -33.5728607178, 108.937736511, -25.6627445221, 54.8698234558, -4.96180438995], [-343.76739502, 242.920272827, -53.6589736938, 22.917596817, 57.760887146, -49.6122360229, 64.9705734253, -33.5728607178, 138.94670105, -0.596655666828, 37.581363678, 4.60496473312, 50.2514533997], [960.931213379, -445.246856689, 24.0913352966, 204.368972778, -93.5351715088, 130.254806519, -39.5193634033, 108.937736511, -0.596655666828, 169.496841431, -2.61964464188, 66.3050003052, 8.93879699707], [-408.593444824, 256.691589355, -76.1022186279, -39.290145874, 56.8702087402, -85.3270874023, 71.4015274048, -25.6627445221, 37.581363678, -2.61964464188, 131.760665894, -24.7904624939, 26.8111991882], [581.282287598, -298.141204834, 88.2121582031, 137.68649292, -66.3120727539, 115.24030304, -26.4209899902, 54.8698234558, 4.60496473312, 66.3050003052, -24.7904624939, 141.760223389, 30.9967517853], [-46.9247245789, 115.128707886, -54.901424408, 63.5926704407, 27.9181785583, -25.1686134338, 58.2880210876, -4.96180438995, 50.2514533997, 8.93879699707, 26.8111991882, 30.9967517853, 100.93737793]],
        "icov": [[0.000317226804327, -0.000382419442758, 0.000744566379581, -0.000601805280894, 0.000304606830468, -0.0005018307711, 0.000489064550493, -0.000683519872837, 0.000779777765274, -0.000802640686743, 0.000626158842351, -0.000746749166865, 0.000588258262724], [-0.000382419442758, 0.00593154970556, -0.00189774716273, 0.00349425338209, -0.00395573116839, 0.00251201936044, -0.00369838369079, 0.00413650460541, -0.00493817590177, 0.00480672018602, -0.00353222806007, 0.00389088550583, -0.00434125587344], [0.000744566379581, -0.00189774716273, 0.00264291930944, -0.0019580104854, 0.00161027524155, -0.00142191210762, 0.00182826176751, -0.00206211907789, 0.00259426678531, -0.00246598874219, 0.00211682822555, -0.00283781136386, 0.00246076658368], [-0.000601805280894, 0.00349425338209, -0.0019580104854, 0.00467677460983, -0.00157925265376, 0.000680375960656, -0.00197881809436, 0.00269550085068, -0.00426013441756, 0.00255241408013, -0.00284150172956, 0.00327516323887, -0.00475123897195], [0.000304606830468, -0.00395573116839, 0.00161027524155, -0.00157925265376, 0.00629610009491, -0.000949629815295, 0.0019717074465, -0.00336797395721, 0.00241747498512, -0.00268042949028, 0.00231970939785, -0.00260536861606, 0.00245968764648], [-0.0005018307711, 0.00251201936044, -0.00142191210762, 0.000680375960656, -0.000949629815295, 0.00800320319831, -0.00212585320696, 0.000228972028708, -0.00209926860407, 0.00173949671444, 0.000187742087292, -0.000633597606793, 0.000232339894865], [0.000489064550493, -0.00369838369079, 0.00182826176751, -0.00197881809436, 0.0019717074465, -0.00212585320696, 0.00846748333424, -0.00422651413828, 0.00199238909408, -0.00208978005685, 0.000473282882012, -0.00219513475895, 0.000255495397141], [-0.000683519872837, 0.00413650460541, -0.00206211907789, 0.00269550085068, -0.00336797395721, 0.000228972028708, -0.00422651413828, 0.0133981937543, -0.00181189144496, -0.000990045955405, -0.00231421389617, 0.00324009708129, -0.003158319043], [0.000779777765274, -0.00493817590177, 0.00259426678531, -0.00426013441756, 0.00241747498512, -0.00209926860407, 0.00199238909408, -0.00181189144496, 0.0152377067134, -0.00626068655401, 0.00286284135655, -0.00448783254251, 0.00124440726358], [-0.000802640686743, 0.00480672018602, -0.00246598874219, 0.00255241408013, -0.00268042949028, 0.00173949671444, -0.00208978005685, -0.000990045955405, -0.00626068655401, 0.0170756150037, -0.00606214813888, 0.0017690701643, -0.00380012812093], [0.000626158842351, -0.00353222806007, 0.00211682822555, -0.00284150172956, 0.00231970939785, 0.000187742087292, 0.000473282882012, -0.00231421389617, 0.00286284135655, -0.00606214813888, 0.0133623862639, -0.00210193474777, 0.00248738797382], [-0.000746749166865, 0.00389088550583, -0.00283781136386, 0.00327516323887, -0.00260536861606, -0.000633597606793, -0.00219513475895, 0.00324009708129, -0.00448783254251, 0.0017690701643, -0.00210193474777, 0.0153202246875, -0.00847127009183], [0.000588258262724, -0.00434125587344, 0.00246076658368, -0.00475123897195, 0.00245968764648, 0.000232339894865, 0.000255495397141, -0.003158319043, 0.00124440726358, -0.00380012812093, 0.00248738797382, -0.00847127009183, 0.0201966036111]]
    },
    "melbands": {
        "mean": [0.000463768636109, 0.000359611760359, 0.000565420312341, 0.000606628716923, 0.000428148719948, 0.000329032773152, 0.000547123025171, 0.000233611237491, 0.000210013356991, 0.000172672691406, 0.000145657802932, 0.000152801861987, 5.87520589761e-005, 8.02648282843e-005, 6.56256088405e-005, 3.87321488233e-005, 3.21268089465e-005, 4.42696073151e-005, 3.1280782423e-005, 3.02492371702e-005, 3.29027316184e-005, 3.84021877835e-005, 1.8227574401e-005, 7.70850874687e-006, 7.92892751633e-006, 8.79352319316e-006, 7.46164459997e-006, 6.10104871157e-006, 3.11170219902e-006, 1.65811354691e-006, 1.24424741443e-006, 1.7519668063e-006, 1.29722616293e-006, 6.27644794804e-007, 4.83522910599e-007, 3.42474720583e-007, 2.21018652269e-007, 1.55272601887e-007, 1.05409597495e-007, 9.74032658974e-008],
        "var": [3.56962686965e-007, 2.01377517328e-007, 6.80859784552e-007, 8.09091773135e-007, 3.6985971974e-007, 2.28526033652e-007, 9.93326693788e-007, 1.50657129439e-007, 2.35870231791e-007, 1.12279401776e-007, 1.071311857e-007, 2.15012292415e-007, 2.48062352881e-008, 4.2284746371e-008, 2.10235491238e-008, 1.11957385585e-008, 1.06676436573e-008, 7.46927053541e-009, 4.64919835963e-009, 4.45846026764e-009, 3.04636071924e-009, 3.98924671074e-009, 9.42401823245e-010, 1.55940926838e-010, 1.84582155116e-010, 2.98840341362e-010, 3.37068317702e-010, 1.40218614497e-010, 1.65189441986e-011, 5.17992940208e-012, 2.44831173564e-012, 5.72413210581e-012, 3.70837995728e-012, 1.63464055659e-012, 1.40961439569e-012, 1.23558075663e-012, 9.53839437989e-013, 3.80951563697e-013, 1.71008240663e-013, 1.55786137029e-013]
    },
    "mfcc": {
        "mean": [-707.80670166, 160.856063843, -7.49196004868, 20.0645427704, -5.68415021896, -1.79600298405, -10.2562942505, 1.12660765648, -2.76759147644, -2.21225953102, -5.71694946289, -1.82274186611, 2.63471031189],
        "cov": [[16702.8964844, -2562.22827148, -3122.58691406, 1015.8392334, -494.009063721, 621.740844727, -56.1753883362, 384.241271973, 392.372955322, 241.738754272, 263.733093262, 240.55317688, 227.326187134], [-2562.22827148, 1656.28210449, -139.627731323, -543.961547852, 148.717178345, -301.957519531, 62.7384338379, -58.5556335449, -122.528160095, -23.2456378937, -71.9217300415, -54.4512290955, -15.4743185043], [-3122.58691406, -139.627731323, 1478.02307129, 44.652961731, 67.1997756958, 58.730884552, -21.8538570404, -50.4488754272, 9.00119781494, -107.853866577, -15.2533893585, -2.40376162529, -67.0523681641], [1015.8392334, -543.961547852, 44.652961731, 613.659484863, -23.5971832275, 141.363296509, -1.02563524246, 9.03684425354, 55.1154518127, 51.0662536621, 41.4868583679, 22.8262825012, 45.178653717], [-494.009063721, 148.717178345, 67.1997756958, -23.5971832275, 224.908721924, -12.2192678452, 1.18500554562, -19.8596878052, -11.2693357468, -4.30556917191, -17.0436630249, -3.50352025032, -1.63862645626], [621.740844727, -301.957519531, 58.730884552, 141.363296509, -12.2192678452, 216.386047363, -31.5322628021, 48.7171707153, 74.0156021118, -25.1734580994, 28.7689037323, 28.921672821, -0.723614931107], [-56.1753883362, 62.7384338379, -21.8538570404, -1.02563524246, 1.18500554562, -31.5322628021, 164.164428711, 21.3045539856, -14.2170171738, 42.8569908142, 19.0162639618, 8.66948795319, 18.3471488953], [384.241271973, -58.5556335449, -50.4488754272, 9.03684425354, -19.8596878052, 48.7171707153, 21.3045539856, 108.295196533, 53.5432815552, -12.8432798386, 16.203163147, 15.8956127167, 4.37418651581], [392.372955322, -122.528160095, 9.00119781494, 55.1154518127, -11.2693357468, 74.0156021118, -14.2170171738, 53.5432815552, 133.841369629, -2.57653355598, 22.6287631989, 23.2942256927, -2.42682933807], [241.738754272, -23.2456378937, -107.853866577, 51.0662536621, -4.30556917191, -25.1734580994, 42.8569908142, -12.8432798386, -2.57653355598, 123.282043457, 27.1026058197, -5.93989276886, 20.9098167419], [263.733093262, -71.9217300415, -15.2533893585, 41.4868583679, -17.0436630249, 28.7689037323, 19.0162639618, 16.203163147, 22.6287631989, 27.1026058197, 78.8793487549, 31.4050617218, 4.71674966812], [240.55317688, -54.4512290955, -2.40376162529, 22.8262825012, -3.50352025032, 28.921672821, 8.66948795319, 15.8956127167, 23.2942256927, -5.93989276886, 31.4050617218, 70.9940109253, 29.3680076599], [227.326187134, -15.4743185043, -67.0523681641, 45.178653717, -1.63862645626, -0.723614931107, 18.3471488953, 4.37418651581, -2.42682933807, 20.9098167419, 4.71674966812, 29.3680076599, 82.8341598511]],
        "icov": [[0.000228378208703, 0.000300128798699, 0.000510905636474, -7.39984898246e-005, 9.9281394796e-005, -0.000170730505488, 2.56830899161e-005, -0.000175840585143, -0.000156883164891, 3.25279906974e-005, -8.74884499353e-005, -0.000291917938739, -1.70165967575e-005], [0.000300128798699, 0.00149039318785, 0.000756335502956, 0.000605045876, -0.000475686538266, 0.000712040346116, -0.0002743267396, -0.000132511020638, -0.000197040295461, 0.000388857937651, -0.000139644340379, -1.4525030565e-005, -0.000289261923172], [0.000510905636474, 0.000756335502956, 0.00194609444588, -0.000232921694987, -2.05854412343e-005, -0.000476261222502, -0.000247153890086, 0.000262521847617, -0.000520035508089, 0.000880330451764, -0.000249951437581, -0.00069881224772, 0.000502387643792], [-7.39984898246e-005, 0.000605045876, -0.000232921694987, 0.00267572584562, -0.000254332378972, -0.000886455120053, -0.000196891778614, 0.000684583734255, -0.000263684050879, -0.000730764586478, -0.000411916873418, 0.000871684111189, -0.00144597305916], [9.9281394796e-005, -0.000475686538266, -2.05854412343e-005, -0.000254332378972, 0.00502899009734, -0.000675106712151, -4.1546409193e-005, 0.000600781815592, -0.00012125185458, -0.000363637635019, 0.00102186074946, -0.000717097253073, 0.000116081893793], [-0.000170730505488, 0.000712040346116, -0.000476261222502, -0.000886455120053, -0.000675106712151, 0.0084684882313, 0.00097836041823, -0.00182609527837, -0.00198824563995, 0.00174132804386, -0.0013168961741, -0.000597064732574, 0.000428731145803], [2.56830899161e-005, -0.0002743267396, -0.000247153890086, -0.000196891778614, -4.1546409193e-005, 0.00097836041823, 0.00786623265594, -0.00313461269252, 0.0015827981988, -0.00279092555866, -0.000972979003564, -0.000961012323387, -0.000636462704279], [-0.000175840585143, -0.000132511020638, 0.000262521847617, 0.000684583734255, 0.000600781815592, -0.00182609527837, -0.00313461269252, 0.0141623914242, -0.00477834930643, 0.00281771738082, -0.0011141335126, 0.000927767192479, -0.000877459882759], [-0.000156883164891, -0.000197040295461, -0.000520035508089, -0.000263684050879, -0.00012125185458, -0.00198824563995, 0.0015827981988, -0.00477834930643, 0.0115064615384, -0.00162652786821, -0.000222618662519, -0.00234233424999, 0.00158939685207], [3.25279906974e-005, 0.000388857937651, 0.000880330451764, -0.000730764586478, -0.000363637635019, 0.00174132804386, -0.00279092555866, 0.00281771738082, -0.00162652786821, 0.0126897040755, -0.0053899763152, 0.00466719549149, -0.0030267611146], [-8.74884499353e-005, -0.000139644340379, -0.000249951437581, -0.000411916873418, 0.00102186074946, -0.0013168961741, -0.000972979003564, -0.0011141335126, -0.000222618662519, -0.0053899763152, 0.0196259431541, -0.00949670933187, 0.00412288634107], [-0.000291917938739, -1.4525030565e-005, -0.00069881224772, 0.000871684111189, -0.000717097253073, -0.000597064732574, -0.000961012323387, 0.000927767192479, -0.00234233424999, 0.00466719549149, -0.00949670933187, 0.0241052638739, -0.00935050006956], [-1.70165967575e-005, -0.000289261923172, 0.000502387643792, -0.00144597305916, 0.000116081893793, 0.000428731145803, -0.000636462704279, -0.000877459882759, 0.00158939685207, -0.0030267611146, 0.00412288634107, -0.00935050006956, 0.0173446144909]]
    },
    "spectral_contrast_coeffs": {
        "mean": [-0.625131547451, -0.721612811089, -0.764086306095, -0.795312523842, -0.794259011745, -0.740241348743],
        "var": [0.00701845996082, 0.00489070313051, 0.00383592583239, 0.00260591809638, 0.00209124735557, 0.00426055351272]
    },
    "spectral_contrast_valleys": {
        "mean": [-7.76188135147, -6.79131507874, -7.52428913116, -8.14042758942, -8.3231716156, -11.934674263],
        "var": [1.50318300724, 1.41568887234, 1.99617230892, 2.49049186707, 3.07798457146, 3.73899006844]
    }
},
"metadata": {
    "audio_properties": {
        "analysis_sample_rate": 44100,
        "bit_rate": 128000,
        "equal_loudness": 0,
        "length": 303.54284668,
        "lossless": 0,
        "replay_gain": -8.75987052917,
        "sample_rate": 44100,
        "codec": "mp3",
        "downmix": "mix",
        "md5_encoded": "b7900d295d629ed3ed051b4b8144f735"
    },
    "tags": {
        "file_name": "2028.mp3"
    },
    "version": {
        "essentia": "2.1-beta2",
        "essentia_git_sha": "v2.1_beta2",
        "extractor": "music 1.0"
    }
},
"rhythm": {
    "beats_count": 614,
    "beats_loudness": {
        "mean": 0.0215198528022,
        "var": 0.000344899017364
    },
    "bpm": 172.265655518,
    "bpm_histogram_first_peak_bpm": {
        "mean": 172,
        "var": 0
    },
    "bpm_histogram_first_peak_spread": {
        "mean": 0,
        "var": 0
    },
    "bpm_histogram_first_peak_weight": {
        "mean": 0.187601953745,
        "var": 0
    },
    "bpm_histogram_second_peak_bpm": {
        "mean": 86,
        "var": 0
    },
    "bpm_histogram_second_peak_spread": {
        "mean": 0.295000016689,
        "var": 0
    },
    "bpm_histogram_second_peak_weight": {
        "mean": 0.230016320944,
        "var": 0
    },
    "danceability": 0.893504619598,
    "onset_rate": 2.26647949219,
    "beats_loudness_band_ratio": {
        "mean": [0.319086074829, 0.297318637371, 0.245425716043, 0.118176154792, 0.0819717496634, 0.0240930132568],
        "var": [0.0434234403074, 0.0286679845303, 0.024117173627, 0.0131984157488, 0.00702908542007, 0.000912952877115]
    },
    "beats_position": [0.684988677502, 1.369977355, 2.06657600403, 2.76317453384, 3.44816327095, 4.14476203918, 4.841360569, 5.53795909882, 6.24616765976, 6.9543762207, 7.66258478165, 8.38240337372, 9.11383247375, 9.84526062012, 10.5650787354, 11.2848978043, 12.0047159195, 12.7245349884, 13.4559631348, 14.1873922348, 14.9188203812, 15.6386394501, 16.3468475342, 17.0550556183, 17.7632656097, 18.4598636627, 19.1564617157, 19.853061676, 20.5380496979, 21.2230377197, 21.9196376801, 22.616235733, 23.312833786, 24.009431839, 24.7060317993, 25.4026298523, 26.0992279053, 26.8074378967, 27.5156459808, 28.2238540649, 28.932062149, 29.6286621094, 30.3252601624, 31.0218582153, 31.7068481445, 32.391834259, 33.0884361267, 33.7850341797, 34.4932403564, 35.2014503479, 35.8980484009, 36.5946464539, 37.2912483215, 37.9878463745, 38.6960525513, 39.4042625427, 40.1124725342, 40.8206787109, 41.5172767639, 42.2138786316, 42.9220848083, 43.6302947998, 44.3268928528, 45.0234909058, 45.7200889587, 46.4166870117, 47.1132888794, 47.7982749939, 48.4832649231, 49.1798629761, 49.8764610291, 50.573059082, 51.2812690735, 51.9894790649, 52.6860771179, 53.3942832947, 54.0792732239, 54.7526512146, 55.4376411438, 56.122631073, 56.819229126, 57.515827179, 58.2124252319, 58.9090232849, 59.6056213379, 60.2906112671, 60.9756011963, 61.6605873108, 62.3571853638, 63.042175293, 63.7387733459, 64.4353713989, 65.1319732666, 65.8169631958, 66.4903411865, 67.1985473633, 67.90675354, 68.6149673462, 69.3347854614, 70.0546035767, 70.7628097534, 71.4710159302, 72.1676177979, 72.8642196655, 73.5608139038, 74.2574157715, 74.9656219482, 75.673828125, 76.3704299927, 77.0670318604, 77.7636260986, 78.4718322754, 79.1684341431, 79.8650360107, 80.561630249, 81.2582321167, 81.9664382935, 82.6630401611, 83.3596343994, 84.0562362671, 84.7644424438, 85.4726486206, 86.1692504883, 86.865852356, 87.5624465942, 88.2590484619, 88.9556427002, 89.6406326294, 90.3256225586, 91.0222167969, 91.7188186646, 92.4154205322, 93.1120147705, 93.8086166382, 94.5052108765, 95.2134246826, 95.9216308594, 96.6298370361, 97.3380508423, 98.0578689575, 98.7776870728, 99.497505188, 100.217323303, 100.937141418, 101.668571472, 102.400001526, 103.119819641, 103.851242065, 104.571060181, 105.279273987, 105.999092102, 106.707298279, 107.403900146, 108.100494385, 108.785484314, 109.482086182, 110.17868042, 110.875282288, 111.571876526, 112.268478394, 112.965080261, 113.6616745, 114.358276367, 115.054870605, 115.739860535, 116.424850464, 117.098228455, 117.794830322, 118.503036499, 119.211242676, 119.919456482, 120.627662659, 121.347480774, 122.044082642, 122.74067688, 123.460494995, 124.18031311, 124.876914978, 125.573509216, 126.270111084, 126.955101013, 127.640090942, 128.336685181, 129.033279419, 129.729888916, 130.414871216, 131.111465454, 131.796463013, 132.493057251, 133.189651489, 133.874649048, 134.559631348, 135.256240845, 135.952835083, 136.637817383, 137.34602356, 138.054244995, 138.762451172, 139.470657349, 140.178863525, 140.898681641, 141.548843384, 142.187393188, 142.825942993, 143.464492798, 144.103042603, 144.741577148, 145.380126953, 145.925796509, 146.471466064, 147.01713562, 147.574417114, 148.12008667, 148.665756226, 149.22303772, 149.768707275, 150.314376831, 150.871658325, 151.417327881, 151.916549683, 152.427383423, 152.926620483, 153.425842285, 153.925079346, 154.424301147, 154.935150146, 155.434371948, 155.933609009, 156.432830811, 156.943664551, 157.442901611, 157.802810669, 158.151107788, 158.499404907, 158.859313965, 159.219223022, 159.590744019, 159.962265015, 160.333786011, 160.705307007, 161.076828003, 161.448348999, 161.808258057, 162.168167114, 162.516464233, 162.864761353, 163.22467041, 163.572967529, 163.921264648, 164.281173706, 164.641082764, 165.000991821, 165.360900879, 165.720809937, 166.069107056, 166.417419434, 166.765716553, 167.114013672, 167.462310791, 167.81060791, 168.158905029, 168.507202148, 168.855514526, 169.203811646, 169.540496826, 169.888793945, 170.237091064, 170.573776245, 170.922088623, 171.258773804, 171.607070923, 171.943756104, 172.292053223, 172.640365601, 172.98866272, 173.336959839, 173.67364502, 174.033554077, 174.393463135, 174.741760254, 175.101669312, 175.461578369, 175.798278809, 176.146575928, 176.494873047, 176.843170166, 177.191467285, 177.551376343, 177.9112854, 178.271194458, 178.607894897, 178.944580078, 179.281265259, 179.629562378, 179.989471436, 180.349380493, 180.709289551, 181.069198608, 181.429107666, 181.789016724, 182.16053772, 182.520446777, 182.891967773, 183.26348877, 183.646621704, 184.029754639, 184.401260376, 184.761169434, 185.121078491, 185.480987549, 185.829299927, 186.165985107, 186.502670288, 186.850967407, 187.199264526, 187.570785522, 187.942306519, 188.313827515, 188.673736572, 189.045257568, 189.416778564, 189.788299561, 190.171432495, 190.554550171, 190.937683105, 191.309204102, 191.669113159, 192.029022217, 192.400543213, 192.783676147, 193.166793823, 193.538314819, 193.909835815, 194.281356812, 194.641265869, 194.97795105, 195.314651489, 195.65133667, 195.988021851, 196.33631897, 196.673019409, 197.021316528, 197.369613647, 197.717910767, 198.066207886, 198.414505005, 198.762802124, 199.111114502, 199.459411621, 199.80770874, 200.167617798, 200.527526855, 200.875823975, 201.224121094, 201.572418213, 201.920715332, 202.26902771, 202.617324829, 202.965621948, 203.313919067, 203.662216187, 204.010513306, 204.358810425, 204.707122803, 205.055419922, 205.403717041, 205.75201416, 206.100311279, 206.43699646, 206.773696899, 207.121994019, 207.470291138, 207.830200195, 208.190109253, 208.550018311, 208.909927368, 209.281448364, 209.641357422, 210.001266479, 210.349563599, 210.697860718, 211.046157837, 211.406066895, 211.765975952, 212.12588501, 212.509017944, 212.892150879, 213.275283813, 213.658401489, 214.064758301, 214.482711792, 214.91229248, 215.330245972, 215.748199463, 216.166168213, 216.595733643, 217.025299072, 217.46647644, 217.896057129, 218.325622559, 218.720352173, 219.103485107, 219.49822998, 219.881362915, 220.264480591, 220.636001587, 221.007522583, 221.425476074, 221.843444824, 222.273010254, 222.690963745, 223.190200806, 223.677825928, 224.165435791, 224.641448975, 225.117462158, 225.593460083, 226.069473267, 226.557098389, 227.021499634, 227.47428894, 227.927078247, 228.379852295, 228.832641602, 229.204162598, 229.587295532, 229.982040405, 230.341949463, 230.701858521, 231.061767578, 231.421676636, 231.781585693, 232.153106689, 232.524627686, 232.884536743, 233.314102173, 233.743667603, 234.173233032, 234.602813721, 235.03237915, 235.450332642, 235.868301392, 236.286254883, 236.704208374, 237.122177124, 237.540130615, 237.958084106, 238.387664795, 238.817230225, 239.246795654, 239.629928589, 240.013061523, 240.396179199, 240.790924072, 241.174057007, 241.557189941, 241.928695679, 242.277008057, 242.613693237, 242.961990356, 243.298675537, 243.716644287, 244.12298584, 244.529342651, 244.935684204, 245.330429077, 245.73677063, 246.131515503, 246.537857056, 246.944213867, 247.35055542, 247.756912231, 248.163253784, 248.53477478, 248.894683838, 249.266204834, 249.626113892, 249.986022949, 250.357543945, 250.729064941, 251.077362061, 251.42565918, 251.773956299, 252.122268677, 252.470565796, 252.818862915, 253.167160034, 253.515457153, 253.863754272, 254.212051392, 254.56036377, 254.908660889, 255.256958008, 255.605255127, 255.953552246, 256.301849365, 256.650146484, 257.010070801, 257.35836792, 257.695037842, 258.043365479, 258.391662598, 258.739959717, 259.088256836, 259.436553955, 259.784851074, 260.133148193, 260.481445313, 260.829742432, 261.154815674, 261.503112793, 261.863037109, 262.222930908, 262.571228027, 262.919555664, 263.267852783, 263.616149902, 263.964447021, 264.312744141, 264.672637939, 265.032562256, 265.380859375, 265.729156494, 266.077453613, 266.425750732, 266.774047852, 267.122344971, 267.493865967, 267.842163086, 268.190460205, 268.538757324, 268.91027832, 269.258575439, 269.606903076, 269.955200195, 270.303497314, 270.651794434, 271.000091553, 271.371612549, 271.754730225, 272.253967285, 272.741577148, 273.229187012, 273.751647949, 274.274108887, 274.796539307, 275.295776367, 275.795013428, 276.294250488, 276.688964844, 277.095336914, 277.49005127, 277.884796143, 278.279541016, 278.674285889, 279.069030762, 279.463745117, 279.85848999, 280.253234863, 280.647979736, 281.031097412, 281.402618408, 281.774139404, 282.1456604, 282.517181396, 282.888702393, 283.260223389, 283.620117188, 283.980041504, 284.339935303, 284.723083496, 285.094604492, 285.466125488, 285.837646484, 286.197540283, 286.5574646, 286.940582275, 287.312103271, 287.695220947, 288.08996582, 288.484710693, 288.891052246, 289.297424316, 289.692138672, 290.086883545, 290.493225098, 290.911193848, 291.363983154, 291.828399658, 292.281188965, 292.722351074, 293.175140381, 293.616333008, 294.057495117, 294.498687744, 294.939849854, 295.38104248, 295.833831787, 296.286621094, 296.7394104, 297.192199707, 297.644989014, 298.09777832, 298.550567627, 298.922088623, 299.293609619, 299.665130615, 300.048248291, 300.489440918, 300.930603027, 301.371795654, 301.824584961, 302.277374268, 302.730163574]
},
"tonal": {
    "chords_changes_rate": 0.0562863275409,
    "chords_number_rate": 0.00168247171678,
    "chords_strength": {
        "mean": 0.522048592567,
        "var": 0.00928062945604
    },
    "hpcp_entropy": {
        "mean": 2.04531812668,
        "var": 0.56562513113
    },
    "key_strength": 0.75833183527,
    "tuning_diatonic_strength": 0.554706215858,
    "tuning_equal_tempered_deviation": 0.223845899105,
    "tuning_frequency": 434.193115234,
    "tuning_nontempered_energy_ratio": 0.957413673401,
    "hpcp": {
        "mean": [0.319048851728, 0.394506394863, 0.228890389204, 0.120951101184, 0.0933849439025, 0.0688415393233, 0.102648437023, 0.116630144417, 0.088372439146, 0.142256587744, 0.174360990524, 0.126424834132, 0.121879123151, 0.120180279016, 0.111024327576, 0.264598309994, 0.383527100086, 0.251149952412, 0.12274865061, 0.0925729200244, 0.0879621654749, 0.128896400332, 0.143113985658, 0.148618236184, 0.237270802259, 0.226767480373, 0.133147895336, 0.139371231198, 0.133782505989, 0.123664282262, 0.22740675509, 0.238671675324, 0.126239329576, 0.0813222005963, 0.0834632739425, 0.132849425077],
        "var": [0.0858110338449, 0.118693783879, 0.0628299415112, 0.0457403212786, 0.0401605293155, 0.0143834194168, 0.0304082129151, 0.0440074168146, 0.0181313045323, 0.0439147017896, 0.0656847804785, 0.0335128046572, 0.0376984663308, 0.0414094217122, 0.0303927790374, 0.0712505280972, 0.127971410751, 0.0680549442768, 0.0378918163478, 0.0283219665289, 0.0269307922572, 0.0417249985039, 0.0460187122226, 0.0348654054105, 0.0804628580809, 0.0896700099111, 0.0353568047285, 0.0442169010639, 0.0419758893549, 0.0363165996969, 0.0908477008343, 0.0995639488101, 0.0374589897692, 0.0287737697363, 0.0305477250367, 0.0411436669528]
    },
    "chords_histogram": [47.797492981, 11.3643312454, 4.4203119278, 1.28479659557, 0.474151104689, 5.65922307968, 1.05536866188, 16.6717643738, 0.0305903945118, 1.74365246296, 0.0152951972559, 0, 0, 0.0152951972559, 0, 0, 1.20832061768, 0.0764759853482, 0.734169483185, 0, 0.596512675285, 0.0764759853482, 4.05322742462, 2.72254514694],
    "thpcp": [1, 0.580194354057, 0.306588441133, 0.236713379622, 0.174500435591, 0.260194599628, 0.295635610819, 0.224007621408, 0.360593855381, 0.441972523928, 0.320463329554, 0.308940798044, 0.304634541273, 0.281425923109, 0.670707285404, 0.972169518471, 0.636618196964, 0.311144888401, 0.234655052423, 0.222967654467, 0.326728284359, 0.362767219543, 0.376719474792, 0.601437151432, 0.574813187122, 0.337505042553, 0.353280037642, 0.339113652706, 0.313465863466, 0.5764336586, 0.604988098145, 0.319993108511, 0.206136584282, 0.211563810706, 0.336748480797, 0.808729231358],
    "chords_key": "D",
    "chords_scale": "minor",
    "key_key": "D",
    "key_scale": "minor"
}
}