{
"lowlevel": {
    "average_loudness": 0.945009410381,
    "barkbands_crest": {
        "mean": 7.86999559402,
        "var": 13.9123830795
    },
    "barkbands_flatness_db": {
        "mean": 0.139242589474,
        "var": 0.00154465902597
    },
    "barkbands_kurtosis": {
        "mean": 0.784042358398,
        "var": 9.1792755127
    },
    "barkbands_skewness": {
        "mean": 0.883376598358,
        "var": 0.579789400101
    },
    "barkbands_spread": {
        "mean": 22.6517791748,
        "var": 67.6538696289
    },
    "dissonance": {
        "mean": 0.471806883812,
        "var": 0.000473493535537
    },
    "dynamic_complexity": 2.7987036705,
    "erbbands_crest": {
        "mean": 7.48701286316,
        "var": 11.5249195099
    },
    "erbbands_flatness_db": {
        "mean": 0.181744709611,
        "var": 0.00137706240639
    },
    "erbbands_kurtosis": {
        "mean": 0.163151219487,
        "var": 1.2075086832
    },
    "erbbands_skewness": {
        "mean": -0.0384126752615,
        "var": 0.296500384808
    },
    "erbbands_spread": {
        "mean": 28.651889801,
        "var": 103.25504303
    },
    "hfc": {
        "mean": 22.0502681732,
        "var": 228.580276489
    },
    "melbands_crest": {
        "mean": 11.9945068359,
        "var": 24.9815139771
    },
    "melbands_flatness_db": {
        "mean": 0.180272102356,
        "var": 0.00321261701174
    },
    "melbands_kurtosis": {
        "mean": 4.63855314255,
        "var": 53.4050216675
    },
    "melbands_skewness": {
        "mean": 1.74908924103,
        "var": 1.13238573074
    },
    "melbands_spread": {
        "mean": 27.9150257111,
        "var": 147.034362793
    },
    "pitch_salience": {
        "mean": 0.589264512062,
        "var": 0.0101965824142
    },
    "silence_rate_20dB": {
        "mean": 1,
        "var": 0
    },
    "silence_rate_30dB": {
        "mean": 0.997419536114,
        "var": 0.00257372600026
    },
    "silence_rate_60dB": {
        "mean": 0.0344968065619,
        "var": 0.0333068333566
    },
    "spectral_centroid": {
        "mean": 1362.26574707,
        "var": 194750.046875
    },
    "spectral_complexity": {
        "mean": 26.7160129547,
        "var": 90.9363937378
    },
    "spectral_decrease": {
        "mean": -6.91848001111e-009,
        "var": 2.79642666667e-017
    },
    "spectral_energy": {
        "mean": 0.0281119681895,
        "var": 0.00043588472181
    },
    "spectral_energyband_high": {
        "mean": 0.000451528088888,
        "var": 4.73989587135e-007
    },
    "spectral_energyband_low": {
        "mean": 0.00829999614507,
        "var": 0.000158501206897
    },
    "spectral_energyband_middle_high": {
        "mean": 0.00848302058876,
        "var": 3.99744021706e-005
    },
    "spectral_energyband_middle_low": {
        "mean": 0.0122035769746,
        "var": 0.00013557926286
    },
    "spectral_entropy": {
        "mean": 7.5801243782,
        "var": 0.113203078508
    },
    "spectral_flux": {
        "mean": 0.0841700658202,
        "var": 0.00272132107057
    },
    "spectral_kurtosis": {
        "mean": 6.45124912262,
        "var": 27.3404102325
    },
    "spectral_rms": {
        "mean": 0.00491950428113,
        "var": 3.22482696902e-006
    },
    "spectral_rolloff": {
        "mean": 1555.03430176,
        "var": 618790.125
    },
    "spectral_skewness": {
        "mean": 1.73985719681,
        "var": 0.300924926996
    },
    "spectral_spread": {
        "mean": 3400969.25,
        "var": 1.21619559219e+012
    },
    "spectral_strongpeak": {
        "mean": 0.905296742916,
        "var": 1.28673410416
    },
    "zerocrossingrate": {
        "mean": 0.0554772503674,
        "var": 0.000480727379909
    },
    "barkbands": {
        "mean": [6.1890874349e-005, 0.00392074324191, 0.00337683479302, 0.00237284437753, 0.00296350941062, 0.00148779642768, 0.00183116667904, 0.00115903199185, 0.00173285591882, 0.00174024747685, 0.000895323115401, 0.00102033826988, 0.000973770045675, 0.000780253496487, 0.000655582000036, 0.000887505186256, 0.000921867555007, 0.000440933916252, 0.000340141326888, 0.000188984093256, 9.17700890568e-005, 8.50707074278e-005, 8.04347582744e-005, 6.24290842097e-005, 3.80009878427e-005, 2.64822119789e-006, 8.65150084906e-009],
        "var": [2.23885816553e-008, 3.92366855522e-005, 4.12294102716e-005, 2.28040389629e-005, 2.80457315966e-005, 3.73654120267e-006, 8.92566367838e-006, 4.00511453336e-006, 6.53869847156e-006, 8.2118813225e-006, 1.7103270693e-006, 1.98838120014e-006, 1.53216842591e-006, 9.2932964435e-007, 4.54214983847e-007, 1.27415694351e-006, 1.14694194053e-006, 2.91329257607e-007, 1.58714968279e-007, 7.25140267832e-008, 2.38275514874e-008, 2.31745733714e-008, 2.03836716395e-008, 1.11896341082e-008, 5.55094192833e-009, 3.87492572751e-011, 1.78595033456e-015]
    },
    "erbbands": {
        "mean": [0.0677969306707, 1.04268682003, 3.89329409599, 5.669028759, 9.9935131073, 10.3124599457, 8.81318855286, 13.5148839951, 21.1707191467, 28.2293376923, 28.14270401, 43.1555252075, 48.8343048096, 51.7617340088, 32.6579933167, 46.5980911255, 46.1958389282, 43.6160545349, 35.5346107483, 37.4747200012, 54.4062995911, 46.991607666, 27.4327106476, 19.9712047577, 14.674454689, 9.3523349762, 4.56394863129, 3.50425100327, 3.15547823906, 2.91587090492, 2.07705187798, 1.36442911625, 1.049243927, 0.5624807477, 0.190927475691, 0.0280885733664, 0.00260891602375, 0.000146827063872, 2.21182162932e-005, 3.44223662978e-005],
        "var": [0.0168358199298, 2.87223887444, 49.2067680359, 107.814186096, 589.179382324, 212.73298645, 167.123138428, 311.537811279, 1276.3067627, 1612.20214844, 2125.47363281, 4115.14160156, 6880.02685547, 6218.76611328, 1638.93481445, 4218.70117188, 3056.54956055, 2067.44287109, 1276.04870605, 1673.39489746, 4878.07177734, 2733.08129883, 989.784790039, 624.327575684, 270.165771484, 178.399902344, 51.5477294922, 38.7272796631, 36.2122573853, 27.4521083832, 14.8917646408, 5.22131729126, 3.71280646324, 1.20616996288, 0.158008813858, 0.00337603921071, 4.26697588409e-005, 1.62224225164e-007, 4.45910197655e-010, 6.13639805636e-010]
    },
    "gfcc": {
        "mean": [-0.248742774129, 124.062850952, -149.712341309, 32.0854301453, -55.915435791, 21.5212249756, -43.7189102173, 12.9684333801, -20.1705665588, -9.48190021515, -7.8950586319, -11.6018619537, -4.89699077606],
        "cov": [[6392.92431641, -784.175476074, -501.844268799, 721.927124023, -281.940643311, 220.740127563, -107.880577087, 109.466743469, -58.69581604, -4.94467926025, -93.3368911743, -21.6988735199, -101.638542175], [-784.175476074, 760.941040039, -48.1331062317, -217.055892944, 279.624267578, -156.014038086, 101.279037476, -29.451505661, 83.0444412231, -84.2555923462, 104.062240601, -69.8907470703, 42.4752159119], [-501.844268799, -48.1331062317, 419.045013428, 36.0068244934, -0.353146225214, 114.201126099, 2.40682268143, 11.3520307541, -20.138666153, 45.9955711365, -50.9004859924, 32.1568756104, -25.3433818817], [721.927124023, -217.055892944, 36.0068244934, 307.89251709, -16.3989658356, 90.9412078857, 1.94901132584, 3.53973770142, 7.56118011475, 32.6468429565, -14.0836315155, 16.5994510651, 5.25100517273], [-281.940643311, 279.624267578, -0.353146225214, -16.3989658356, 289.575469971, -21.7993946075, 56.2041511536, 40.5447731018, 27.8204994202, -3.74286580086, 40.1913299561, -10.0011587143, 20.2870330811], [220.740127563, -156.014038086, 114.201126099, 90.9412078857, -21.7993946075, 193.207565308, 54.2461967468, 40.7490081787, 0.976137697697, 31.1743278503, -15.1866998672, 22.1085453033, -16.9756603241], [-107.880577087, 101.279037476, 2.40682268143, 1.94901132584, 56.2041511536, 54.2461967468, 132.830169678, 40.6926307678, 36.9632987976, 1.75543630123, 27.787229538, -6.11344575882, 4.3267493248], [109.466743469, -29.451505661, 11.3520307541, 3.53973770142, 40.5447731018, 40.7490081787, 40.6926307678, 98.8016281128, 29.8401432037, 30.9461326599, 3.77769351006, 13.2953090668, -4.11960601807], [-58.69581604, 83.0444412231, -20.138666153, 7.56118011475, 27.8204994202, 0.976137697697, 36.9632987976, 29.8401432037, 86.1904525757, 20.6244049072, 33.2340278625, -3.18205547333, 8.21845626831], [-4.94467926025, -84.2555923462, 45.9955711365, 32.6468429565, -3.74286580086, 31.1743278503, 1.75543630123, 30.9461326599, 20.6244049072, 84.2731170654, 16.0376396179, 26.0432281494, -8.0525598526], [-93.3368911743, 104.062240601, -50.9004859924, -14.0836315155, 40.1913299561, -15.1866998672, 27.787229538, 3.77769351006, 33.2340278625, 16.0376396179, 76.8384017944, 11.7628564835, 12.2771759033], [-21.6988735199, -69.8907470703, 32.1568756104, 16.5994510651, -10.0011587143, 22.1085453033, -6.11344575882, 13.2953090668, -3.18205547333, 26.0432281494, 11.7628564835, 59.2487411499, 12.2451534271], [-101.638542175, 42.4752159119, -25.3433818817, 5.25100517273, 20.2870330811, -16.9756603241, 4.3267493248, -4.11960601807, 8.21845626831, -8.0525598526, 12.2771759033, 12.2451534271, 52.0395622253]],
        "icov": [[0.000439070543507, -0.000930073612835, 0.00109277584124, -0.00146868254524, 0.000870330200996, -0.000811637146398, 0.000939191435464, -0.00137373688631, 0.000956590054557, -0.000221772817895, 0.000877420010511, -0.000545042625163, 0.00124204007443], [-0.000930073612835, 0.0116126835346, -0.00569445826113, 0.00730363093317, -0.00811759848148, 0.00623886892572, -0.00609983177856, 0.00736283650622, -0.00821347068995, 0.00763661414385, -0.0103345783427, 0.0077993106097, -0.0054336246103], [0.00109277584124, -0.00569445826113, 0.00752973090857, -0.00458947103471, 0.00345576251857, -0.00555031793192, 0.00370174390264, -0.0033008439932, 0.00416042050347, -0.0050061843358, 0.00839907769114, -0.00563825061545, 0.00509894639254], [-0.00146868254524, 0.00730363093317, -0.00458947103471, 0.0109163951129, -0.0059732561931, 0.00217425567098, -0.00425437232479, 0.00792959518731, -0.00683706952259, 0.00223588314839, -0.00516220042482, 0.0045034410432, -0.0065631349571], [0.000870330200996, -0.00811759848148, 0.00345576251857, -0.0059732561931, 0.0104474537075, -0.00316676171497, 0.00331103312783, -0.00821418967098, 0.0067406934686, -0.00419783079997, 0.00444160262123, -0.00355194252916, 0.00265362672508], [-0.000811637146398, 0.00623886892572, -0.00555031793192, 0.00217425567098, -0.00316676171497, 0.013591776602, -0.00818252656609, 0.00205519911833, -0.00309335347265, 0.00355751160532, -0.00502177793533, 0.00210177176632, -0.0013593781041], [0.000939191435464, -0.00609983177856, 0.00370174390264, -0.00425437232479, 0.00331103312783, -0.00818252656609, 0.0164240654558, -0.00803788006306, 0.00197124131955, -0.000840110878926, 0.00122632656712, -0.000854202604387, 0.00255367299542], [-0.00137373688631, 0.00736283650622, -0.0033008439932, 0.00792959518731, -0.00821418967098, 0.00205519911833, -0.00803788006306, 0.0231897868216, -0.010639260523, -0.00112205848563, -0.000606476620305, 0.000255504739471, -0.00313405808993], [0.000956590054557, -0.00821347068995, 0.00416042050347, -0.00683706952259, 0.0067406934686, -0.00309335347265, 0.00197124131955, -0.010639260523, 0.0240142699331, -0.00821125134826, 0.000596547150053, -0.000331414572429, 0.00151941052172], [-0.000221772817895, 0.00763661414385, -0.0050061843358, 0.00223588314839, -0.00419783079997, 0.00355751160532, -0.000840110878926, -0.00112205848563, -0.00821125134826, 0.0247532669455, -0.0120951849967, -7.2232374805e-005, 0.00144569913391], [0.000877420010511, -0.0103345783427, 0.00839907769114, -0.00516220042482, 0.00444160262123, -0.00502177793533, 0.00122632656712, -0.000606476620305, 0.000596547150053, -0.0120951849967, 0.0326237007976, -0.0142426528037, 0.00492948340252], [-0.000545042625163, 0.0077993106097, -0.00563825061545, 0.0045034410432, -0.00355194252916, 0.00210177176632, -0.000854202604387, 0.000255504739471, -0.000331414572429, -7.2232374805e-005, -0.0142426528037, 0.0315720438957, -0.0124968718737], [0.00124204007443, -0.0054336246103, 0.00509894639254, -0.0065631349571, 0.00265362672508, -0.0013593781041, 0.00255367299542, -0.00313405808993, 0.00151941052172, 0.00144569913391, 0.00492948340252, -0.0124968718737, 0.0290454160422]]
    },
    "melbands": {
        "mean": [0.000841972883791, 0.00187107885722, 0.00119116413407, 0.000727302394807, 0.000342293060385, 0.000298059225315, 0.000354338844772, 0.000292850396363, 0.000236749983742, 0.000271097756922, 0.000241685920628, 0.000211714825127, 0.000107306281279, 0.000112928202725, 0.000113322719699, 9.30054811761e-005, 8.18728804006e-005, 5.62653403904e-005, 4.66630008304e-005, 5.95551318838e-005, 6.35958931525e-005, 5.26116346009e-005, 3.24715765601e-005, 2.01285674848e-005, 1.56910045916e-005, 1.18524612844e-005, 7.95183041191e-006, 5.8607702158e-006, 3.15128909278e-006, 2.1908731469e-006, 1.84336704478e-006, 1.75441016381e-006, 1.64768266586e-006, 1.63869742664e-006, 1.1640735238e-006, 1.0726672599e-006, 7.36578897431e-007, 7.63875846133e-007, 5.9862446733e-007, 4.43563465069e-007],
        "var": [1.91549361261e-006, 9.83232166618e-006, 4.95349877383e-006, 1.85232602234e-006, 1.96025808918e-007, 1.51401565063e-007, 3.32058533559e-007, 1.71739884536e-007, 1.60546449024e-007, 1.68026801362e-007, 1.80188763466e-007, 1.13978416039e-007, 2.03343137883e-008, 2.16693667454e-008, 2.95081168389e-008, 9.60467083644e-009, 9.58254364747e-009, 4.03338384913e-009, 2.51757059644e-009, 4.78253392444e-009, 7.09045755443e-009, 3.81132414518e-009, 1.42571277006e-009, 6.50370424182e-010, 4.33156094326e-010, 1.75537459568e-010, 9.95781998525e-011, 8.37812458299e-011, 2.75437589403e-011, 1.4714660046e-011, 1.13073829813e-011, 1.23070772323e-011, 9.09312469072e-012, 9.56494085325e-012, 4.72216146394e-012, 4.3356420884e-012, 1.50533632868e-012, 1.95224478944e-012, 1.52070044925e-012, 7.98243524232e-013]
    },
    "mfcc": {
        "mean": [-625.08984375, 139.585144043, -22.896900177, 11.1246128082, 12.2121219635, -0.227575838566, 0.534771502018, 8.30883216858, -2.13266777992, 2.79023718834, -1.86555707455, -0.70005863905, -0.579844534397],
        "cov": [[5462.91064453, -738.851135254, -177.518676758, 174.840774536, -34.3002357483, 46.5635986328, -42.5905227661, 58.3901939392, 14.0027685165, -7.74918603897, -51.078540802, 36.3438491821, 37.6125907898], [-738.851135254, 934.174682617, -312.007476807, -8.89792156219, 122.355331421, -77.9528579712, 61.1458473206, 48.2840881348, -20.5459098816, 58.2422866821, 14.0705499649, 16.7274131775, 36.7354774475], [-177.518676758, -312.007476807, 462.227752686, -17.066324234, -40.3170776367, 108.557693481, -3.58197331429, 0.494488805532, 28.7966079712, -20.6618347168, 26.285282135, -12.9899759293, -20.208398819], [174.840774536, -8.89792156219, -17.066324234, 172.659133911, 60.6715049744, 21.4892120361, 5.08288383484, -8.96017456055, 14.8692340851, 5.04532623291, -0.538417100906, 7.41146039963, 6.69368886948], [-34.3002357483, 122.355331421, -40.3170776367, 60.6715049744, 160.188583374, 23.4229793549, 31.2699623108, 12.5222921371, 20.049325943, 11.6803340912, 10.4660272598, 1.60167050362, 16.0314235687], [46.5635986328, -77.9528579712, 108.557693481, 21.4892120361, 23.4229793549, 127.344696045, 46.3407325745, 26.0316982269, 25.3047428131, -0.0657168924809, 26.7917842865, 9.14573764801, 2.21830940247], [-42.5905227661, 61.1458473206, -3.58197331429, 5.08288383484, 31.2699623108, 46.3407325745, 106.052330017, 47.0607223511, 28.6084938049, 16.4665908813, 19.6732940674, 13.9850540161, 8.18625164032], [58.3901939392, 48.2840881348, 0.494488805532, -8.96017456055, 12.5222921371, 26.0316982269, 47.0607223511, 86.3889770508, 32.2143173218, 23.9137077332, 14.6344614029, 11.3826112747, 15.0004320145], [14.0027685165, -20.5459098816, 28.7966079712, 14.8692340851, 20.049325943, 25.3047428131, 28.6084938049, 32.2143173218, 76.3169326782, 27.6479072571, 16.4829616547, 7.3394370079, 4.31024169922], [-7.74918603897, 58.2422866821, -20.6618347168, 5.04532623291, 11.6803340912, -0.0657168924809, 16.4665908813, 23.9137077332, 27.6479072571, 69.8104858398, 30.3447647095, 18.6615810394, 6.99830007553], [-51.078540802, 14.0705499649, 26.285282135, -0.538417100906, 10.4660272598, 26.7917842865, 19.6732940674, 14.6344614029, 16.4829616547, 30.3447647095, 63.8540420532, 27.7804145813, 14.4150590897], [36.3438491821, 16.7274131775, -12.9899759293, 7.41146039963, 1.60167050362, 9.14573764801, 13.9850540161, 11.3826112747, 7.3394370079, 18.6615810394, 27.7804145813, 61.353313446, 28.5785255432], [37.6125907898, 36.7354774475, -20.208398819, 6.69368886948, 16.0314235687, 2.21830940247, 8.18625164032, 15.0004320145, 4.31024169922, 6.99830007553, 14.4150590897, 28.5785255432, 67.4282684326]],
        "icov": [[0.000252277444815, 0.000314193894155, 0.000302445929265, -0.00021171986009, -1.73138814716e-005, -0.000159708128194, 0.000168772909092, -0.000437809969299, 0.000163349410286, -0.00013694500376, 0.000217343913391, -0.000101932317193, -0.000113451074867], [0.000314193894155, 0.00214486941695, 0.00117395445704, 0.000154410736286, -0.00125017459504, 0.000606091169175, -0.000606671033893, -0.00119212490972, 0.00134911423083, -0.00116722204257, -7.04634585418e-005, 0.000180933915544, -0.000417858624132], [0.000302445929265, 0.00117395445704, 0.00398396747187, 0.000295012345305, 0.00040054298006, -0.00287004001439, 0.00112056883518, -0.000501833565067, -0.000706924998667, 0.000627976551186, -0.0013262827415, 0.00097278424073, 0.000182462230441], [-0.00021171986009, 0.000154410736286, 0.000295012345305, 0.00747534492984, -0.00282001844607, -0.00131398299709, 0.000322346633766, 0.00203880574554, -0.00121644895989, -0.000696100934874, 0.00135015137494, -0.00117531919386, -3.91806643165e-005], [-1.73138814716e-005, -0.00125017459504, 0.00040054298006, -0.00282001844607, 0.00915391277522, -0.00166831328534, -0.00106360076461, 0.00090034015011, -0.00186307809781, 0.000503806280904, -0.000908045039978, 0.00216080970131, -0.00175681605469], [-0.000159708128194, 0.000606091169175, -0.00287004001439, -0.00131398299709, -0.00166831328534, 0.0143931955099, -0.00507235527039, -0.00171081651933, -0.000283524568658, 0.00273664086126, -0.0041088135913, -0.000432846398326, 0.000744658522308], [0.000168772909092, -0.000606671033893, 0.00112056883518, 0.000322346633766, -0.00106360076461, -0.00507235527039, 0.015758626163, -0.00594833260402, -0.00216353335418, 0.000844760565087, -0.00077990849968, -0.00169390370138, 0.0013053471921], [-0.000437809969299, -0.00119212490972, -0.000501833565067, 0.00203880574554, 0.00090034015011, -0.00171081651933, -0.00594833260402, 0.0193829499185, -0.00510002626106, -0.00315972766839, 0.00134019518737, 0.000635567063, -0.0031086683739], [0.000163349410286, 0.00134911423083, -0.000706924998667, -0.00121644895989, -0.00186307809781, -0.000283524568658, -0.00216353335418, -0.00510002626106, 0.0198370143771, -0.00677137123421, 0.000179028415005, 0.000642101280391, 5.66182898183e-005], [-0.00013694500376, -0.00116722204257, 0.000627976551186, -0.000696100934874, 0.000503806280904, 0.00273664086126, 0.000844760565087, -0.00315972766839, -0.00677137123421, 0.0237166546285, -0.00988093949854, -0.00250859069638, 0.00250710477121], [0.000217343913391, -7.04634585418e-005, -0.0013262827415, 0.00135015137494, -0.000908045039978, -0.0041088135913, -0.00077990849968, 0.00134019518737, 0.000179028415005, -0.00988093949854, 0.0268953032792, -0.00842138752341, -0.00163316424005], [-0.000101932317193, 0.000180933915544, 0.00097278424073, -0.00117531919386, 0.00216080970131, -0.000432846398326, -0.00169390370138, 0.000635567063, 0.000642101280391, -0.00250859069638, -0.00842138752341, 0.025573849678, -0.00888818223029], [-0.000113451074867, -0.000417858624132, 0.000182462230441, -3.91806643165e-005, -0.00175681605469, 0.000744658522308, 0.0013053471921, -0.0031086683739, 5.66182898183e-005, 0.00250710477121, -0.00163316424005, -0.00888818223029, 0.0199588183314]]
    },
    "spectral_contrast_coeffs": {
        "mean": [-0.633270144463, -0.732793390751, -0.762614965439, -0.777912914753, -0.771397173405, -0.781544983387],
        "var": [0.00584427639842, 0.00441263429821, 0.00307586137205, 0.00150183949154, 0.00116724020336, 0.000986491912045]
    },
    "spectral_contrast_valleys": {
        "mean": [-7.23009681702, -6.55258560181, -6.74698257446, -7.03729009628, -7.36900615692, -10.3457679749],
        "var": [0.857695996761, 0.543554782867, 0.539251029491, 0.672786414623, 0.943122029305, 1.11672616005]
    }
},
"metadata": {
    "audio_properties": {
        "analysis_sample_rate": 44100,
        "bit_rate": 128000,
        "equal_loudness": 0,
        "length": 170.9453125,
        "lossless": 0,
        "replay_gain": -10.7405910492,
        "sample_rate": 44100,
        "codec": "mp3",
        "downmix": "mix",
        "md5_encoded": "46f26ab35ba23770b398af87517d592f"
    },
    "tags": {
        "file_name": "2029.mp3"
    },
    "version": {
        "essentia": "2.1-beta2",
        "essentia_git_sha": "v2.1_beta2",
        "extractor": "music 1.0"
    }
},
"rhythm": {
    "beats_count": 326,
    "beats_loudness": {
        "mean": 0.0399232544005,
        "var": 0.000357186538167
    },
    "bpm": 102.052970886,
    "bpm_histogram_first_peak_bpm": {
        "mean": 103,
        "var": 0
    },
    "bpm_histogram_first_peak_spread": {
        "mean": 0.695876300335,
        "var": 0
    },
    "bpm_histogram_first_peak_weight": {
        "mean": 0.181538462639,
        "var": 0
    },
    "bpm_histogram_second_peak_bpm": {
        "mean": 161,
        "var": 0
    },
    "bpm_histogram_second_peak_spread": {
        "mean": 0.43902438879,
        "var": 0
    },
    "bpm_histogram_second_peak_weight": {
        "mean": 0.141538456082,
        "var": 0
    },
    "danceability": 1.1545535326,
    "onset_rate": 2.43921113014,
    "beats_loudness_band_ratio": {
        "mean": [0.45400083065, 0.151203200221, 0.166711017489, 0.137501433492, 0.110370568931, 0.0319388844073],
        "var": [0.0412347689271, 0.0155909033492, 0.0160023905337, 0.00818618200719, 0.00593437533826, 0.000711690634489]
    },
    "beats_position": [0.638548731804, 1.28870749474, 1.92725622654, 2.57741498947, 3.19274377823, 3.80807256699, 4.42340135574, 5.0387301445, 5.65405893326, 6.25777769089, 6.86149644852, 7.45360517502, 8.05732440948, 8.66104316711, 9.26476192474, 9.85687065125, 10.4489793777, 11.0410881042, 11.6448068619, 12.2485256195, 12.840634346, 13.4211339951, 14.0016326904, 14.5821313858, 15.1626300812, 15.7431287766, 16.3352375031, 16.9157371521, 17.4962348938, 18.0767345428, 18.6572322845, 19.2261219025, 19.8414516449, 20.45677948, 21.0721092224, 21.6758270264, 22.2795467377, 22.8832645416, 23.4869842529, 24.0907020569, 24.6828117371, 25.286529541, 25.9018592834, 26.5171871185, 27.1209068298, 27.7130146027, 28.2935142517, 28.8856239319, 29.4661216736, 30.0466213226, 30.6503391266, 31.2540588379, 31.8461666107, 32.4382743835, 33.0303840637, 33.6341018677, 34.2262115479, 34.818321228, 35.4104309082, 35.9909286499, 36.5598182678, 37.1403160095, 37.7324256897, 38.3361434937, 38.9398651123, 39.5435829163, 40.1473007202, 40.7510185242, 41.3547401428, 41.9584579468, 42.5737876892, 43.1891136169, 43.8044433594, 44.4197731018, 45.0234909058, 45.6388206482, 46.2309303284, 46.8346481323, 47.4383659363, 48.0420837402, 48.6458053589, 49.2379112244, 49.841632843, 50.4337387085, 51.0374603271, 51.6411781311, 52.2448959351, 52.8486175537, 53.4523353577, 54.0560531616, 54.6481628418, 55.240272522, 55.8323783875, 56.4244880676, 57.0282058716, 57.6319274902, 58.2356452942, 58.8393630981, 59.4546928406, 60.070022583, 60.673740387, 61.2658500671, 61.8579597473, 62.4616775513, 63.0653953552, 63.6691131592, 64.2728347778, 64.8765487671, 65.4802703857, 66.0607681274, 66.6528778076, 67.2449874878, 67.8487091064, 68.4408187866, 69.0561447144, 69.659866333, 70.2519683838, 70.8324737549, 71.4245758057, 72.0050811768, 72.5971832275, 73.1892929077, 73.7930145264, 74.396736145, 74.9888458252, 75.580947876, 76.1730575562, 76.7651672363, 77.345664978, 77.9261627197, 78.5182723999, 79.1103820801, 79.6908798218, 80.2713851929, 80.8634872437, 81.4555969238, 82.047706604, 82.6398162842, 83.2435379028, 83.835647583, 84.4277572632, 85.0082550049, 85.5887527466, 86.1692504883, 86.7613601685, 87.3534698486, 87.9571838379, 88.5492935181, 89.1414031982, 89.7219009399, 90.3023986816, 90.8829040527, 91.4634017944, 92.0438995361, 92.6360092163, 93.2281188965, 93.8318328857, 94.4123306274, 94.9928359985, 95.5733337402, 96.1538314819, 96.7343292236, 97.3148269653, 97.895324707, 98.4758224487, 99.0563278198, 99.6368255615, 100.217323303, 100.786209106, 101.355102539, 101.935600281, 102.516098022, 103.084983826, 103.653877258, 104.222763062, 104.791656494, 105.348930359, 105.917823792, 106.509933472, 107.102035522, 107.694145203, 108.274642944, 108.843536377, 109.41242218, 109.981315613, 110.550201416, 111.130699158, 111.711196899, 112.280090332, 112.848976135, 113.429473877, 114.009971619, 114.567253113, 115.147750854, 115.739860535, 116.331970215, 116.912467957, 117.492965698, 118.061859131, 118.619132996, 119.17641449, 119.745300293, 120.325805664, 120.906303406, 121.486801147, 122.067298889, 122.647796631, 123.228294373, 123.785575867, 124.35446167, 124.94657135, 125.527069092, 126.13079071, 126.711288452, 127.280181885, 127.849067688, 128.417953491, 128.986846924, 129.555740356, 130.12461853, 130.705123901, 131.099868774, 131.506210327, 131.912567139, 132.307296753, 132.702041626, 133.108383179, 133.51473999, 133.897872925, 134.292602539, 134.675735474, 135.04725647, 135.418777466, 135.790298462, 136.185028076, 136.568161011, 136.951293945, 137.322814941, 137.694335938, 138.065841675, 138.448974609, 138.832107544, 139.215240479, 139.598358154, 139.96987915, 140.341400146, 140.724533081, 141.107666016, 141.490783691, 141.873916626, 142.245437622, 142.616958618, 142.988479614, 143.371612549, 143.754730225, 144.126251221, 144.497772217, 144.869293213, 145.240814209, 145.612335205, 145.983856201, 146.355377197, 146.726898193, 147.098403931, 147.469924927, 147.853057861, 148.236190796, 148.607711792, 148.96762085, 149.327529907, 149.699050903, 150.082168579, 150.465301514, 150.83682251, 151.196731567, 151.556640625, 151.93977356, 152.322906494, 152.694412231, 153.054321289, 153.425842285, 153.797363281, 154.180496216, 154.552017212, 154.923538208, 155.295059204, 155.6665802, 156.038085938, 156.409606934, 156.78112793, 157.164260864, 157.524169922, 157.884078979, 158.243988037, 158.627120972, 158.998641968, 159.381759644, 159.75328064, 160.113189697, 160.473098755, 160.856231689, 161.239364624, 161.622497559, 162.005615234, 162.37713623, 162.748657227, 163.120178223, 163.491699219, 163.863220215, 164.234741211, 164.594650269, 164.954559326, 165.337677002, 165.720809937, 166.092330933, 166.463851929, 166.823760986, 167.183670044, 167.566802979, 167.938323975, 168.309844971, 168.692962646, 169.076095581, 169.459228516, 169.84236145, 170.225479126]
},
"tonal": {
    "chords_changes_rate": 0.0325909815729,
    "chords_number_rate": 0.00217273226008,
    "chords_strength": {
        "mean": 0.546459317207,
        "var": 0.00662638433278
    },
    "hpcp_entropy": {
        "mean": 2.09875369072,
        "var": 0.487193465233
    },
    "key_strength": 0.882583796978,
    "tuning_diatonic_strength": 0.648960828781,
    "tuning_equal_tempered_deviation": 0.0342286191881,
    "tuning_frequency": 442.293365479,
    "tuning_nontempered_energy_ratio": 0.664899051189,
    "hpcp": {
        "mean": [0.227321952581, 0.163387462497, 0.201675698161, 0.333225518465, 0.24765637517, 0.0989359766245, 0.0815372914076, 0.0856347382069, 0.165755435824, 0.224820017815, 0.147968292236, 0.0857421085238, 0.0688825771213, 0.0526815503836, 0.113938689232, 0.176256716251, 0.135364592075, 0.125371515751, 0.155986338854, 0.118781961501, 0.114586748183, 0.162144348025, 0.175899028778, 0.304227918386, 0.424190819263, 0.274647861719, 0.115655228496, 0.0864451527596, 0.0853708833456, 0.177256152034, 0.250531554222, 0.169780448079, 0.0890093371272, 0.0725033357739, 0.0792256966233, 0.168713718653],
        "var": [0.0787681415677, 0.049052555114, 0.0556647032499, 0.145481094718, 0.092406667769, 0.0229515898973, 0.0211362168193, 0.0222304053605, 0.0488971434534, 0.0731720849872, 0.0362540856004, 0.0209349002689, 0.0139522356912, 0.0087883817032, 0.0219977535307, 0.0489531308413, 0.0320156179368, 0.0338234230876, 0.067149490118, 0.0391226559877, 0.0252631213516, 0.0482644923031, 0.054536908865, 0.080665178597, 0.123358301818, 0.0678025558591, 0.0349412672222, 0.0286390669644, 0.0271401293576, 0.0541095584631, 0.0880567952991, 0.0521258637309, 0.0273968558758, 0.0221715029329, 0.025922589004, 0.0514704324305]
    },
    "chords_histogram": [22.0803909302, 4.61705589294, 39.1634979248, 5.02444314957, 5.86637687683, 0.543183028698, 0, 0, 0, 0, 0, 0, 0.054318305105, 0, 0, 0, 0, 0.271591514349, 0, 0.054318305105, 0, 4.01955461502, 12.0043458939, 6.30092334747],
    "thpcp": [1, 0.647463023663, 0.272649049759, 0.203788369894, 0.201255843043, 0.41786891222, 0.59061050415, 0.400245457888, 0.20983324945, 0.170921504498, 0.186769008636, 0.397730708122, 0.535895526409, 0.385174453259, 0.475436270237, 0.785555720329, 0.583832502365, 0.233234599233, 0.19221842289, 0.201877862215, 0.39075678587, 0.529997348785, 0.348824828863, 0.20213098824, 0.162385821342, 0.124193049967, 0.26860243082, 0.415512800217, 0.319112509489, 0.2955545187, 0.367726802826, 0.28002011776, 0.270130187273, 0.382243901491, 0.414669573307, 0.717195928097],
    "chords_key": "F",
    "chords_scale": "major",
    "key_key": "A#",
    "key_scale": "major"
}
}