{
"lowlevel": {
    "average_loudness": 0.969751894474,
    "barkbands_crest": {
        "mean": 17.9305286407,
        "var": 24.4905986786
    },
    "barkbands_flatness_db": {
        "mean": 0.42553961277,
        "var": 0.00328458286822
    },
    "barkbands_kurtosis": {
        "mean": 10.7600126266,
        "var": 689.067443848
    },
    "barkbands_skewness": {
        "mean": 0.742604613304,
        "var": 3.45348143578
    },
    "barkbands_spread": {
        "mean": 3.39053249359,
        "var": 4.83091974258
    },
    "dissonance": {
        "mean": 0.324063360691,
        "var": 0.00569370901212
    },
    "dynamic_complexity": 3.06997561455,
    "erbbands_crest": {
        "mean": 21.817407608,
        "var": 41.8065223694
    },
    "erbbands_flatness_db": {
        "mean": 0.471659421921,
        "var": 0.00185031734873
    },
    "erbbands_kurtosis": {
        "mean": 5.96858024597,
        "var": 151.481948853
    },
    "erbbands_skewness": {
        "mean": 0.813880562782,
        "var": 2.0488421917
    },
    "erbbands_spread": {
        "mean": 6.69894456863,
        "var": 19.0429935455
    },
    "hfc": {
        "mean": 15.4283246994,
        "var": 222.827758789
    },
    "melbands_crest": {
        "mean": 21.4144763947,
        "var": 44.5298233032
    },
    "melbands_flatness_db": {
        "mean": 0.505159914494,
        "var": 0.00413280818611
    },
    "melbands_kurtosis": {
        "mean": 9.00603580475,
        "var": 187.052932739
    },
    "melbands_skewness": {
        "mean": 0.891893088818,
        "var": 3.44136309624
    },
    "melbands_spread": {
        "mean": 6.07181739807,
        "var": 39.1491737366
    },
    "pitch_salience": {
        "mean": 0.39853528142,
        "var": 0.0174590051174
    },
    "silence_rate_20dB": {
        "mean": 1,
        "var": 0
    },
    "silence_rate_30dB": {
        "mean": 0.990216255188,
        "var": 0.00968790706247
    },
    "silence_rate_60dB": {
        "mean": 0.129763126373,
        "var": 0.112926967442
    },
    "spectral_centroid": {
        "mean": 705.828735352,
        "var": 204568.5
    },
    "spectral_complexity": {
        "mean": 6.93048381805,
        "var": 13.4189462662
    },
    "spectral_decrease": {
        "mean": -5.73610225985e-009,
        "var": 2.78069931625e-017
    },
    "spectral_energy": {
        "mean": 0.0230487510562,
        "var": 0.000448461796623
    },
    "spectral_energyband_high": {
        "mean": 2.48330195518e-007,
        "var": 1.00279441868e-012
    },
    "spectral_energyband_low": {
        "mean": 9.49274908635e-005,
        "var": 2.49678571151e-008
    },
    "spectral_energyband_middle_high": {
        "mean": 0.00504933018237,
        "var": 7.33136257622e-005
    },
    "spectral_energyband_middle_low": {
        "mean": 0.0184336137027,
        "var": 0.000361433601938
    },
    "spectral_entropy": {
        "mean": 5.09674215317,
        "var": 0.301497995853
    },
    "spectral_flux": {
        "mean": 0.0494018793106,
        "var": 0.00196785363369
    },
    "spectral_kurtosis": {
        "mean": 137.176315308,
        "var": 2228.00854492
    },
    "spectral_rms": {
        "mean": 0.00424505630508,
        "var": 4.46607191407e-006
    },
    "spectral_rolloff": {
        "mean": 864.235168457,
        "var": 722175.4375
    },
    "spectral_skewness": {
        "mean": 8.46743583679,
        "var": 5.07905483246
    },
    "spectral_spread": {
        "mean": 914668.9375,
        "var": 2.62582330982e+012
    },
    "spectral_strongpeak": {
        "mean": 2.46547651291,
        "var": 2.92203354836
    },
    "zerocrossingrate": {
        "mean": 0.0328176803887,
        "var": 0.000520300352946
    },
    "barkbands": {
        "mean": [2.14335977944e-006, 4.63985925307e-005, 3.56331584044e-005, 2.81056054519e-005, 0.00023058365332, 0.00363730592653, 0.00359383784235, 0.00365173793398, 0.00623401766643, 0.00146328879055, 0.00135893258266, 0.001889564679, 0.000222776565352, 0.000511001155246, 8.56382539496e-005, 2.82658238575e-005, 2.73481618933e-005, 1.3455755834e-006, 5.44335421182e-007, 1.19301773793e-007, 4.22782271414e-008, 5.79969103853e-008, 3.47172850468e-008, 1.81719705949e-008, 1.47365719627e-008, 2.20029416909e-009, 1.29252319958e-009],
        "var": [1.09306938501e-011, 6.95733026745e-009, 4.72401229246e-009, 4.5471963972e-009, 1.67421956121e-006, 5.01427493873e-005, 5.22781265317e-005, 6.28983470961e-005, 0.000155799134518, 3.49638357875e-005, 1.31245769808e-005, 4.61488853034e-005, 1.43598896329e-007, 8.38013988869e-007, 2.02712708841e-008, 4.51767734333e-009, 4.19096846116e-009, 8.3577788787e-012, 1.40083723701e-012, 1.15629619594e-013, 1.94915715106e-014, 7.64233850357e-014, 5.64836466987e-014, 1.6073424262e-014, 1.86765801257e-014, 5.06847522038e-016, 2.38889443268e-016]
    },
    "erbbands": {
        "mean": [0.000847843126394, 0.0123306866735, 0.0426796674728, 0.0650882124901, 0.144586920738, 0.801269054413, 14.095457077, 32.145236969, 22.7825489044, 111.859512329, 69.1882324219, 176.890823364, 70.0694656372, 25.806722641, 65.0608596802, 98.197013855, 18.7791252136, 27.0439472198, 8.5733127594, 2.69641590118, 1.43008458614, 0.964345633984, 0.0975603982806, 0.0418121889234, 0.0311815086752, 0.0071431058459, 0.00203240592964, 0.00232638488524, 0.00226228218526, 0.00097457744414, 0.00126657844521, 0.000594593933783, 0.000247759977356, 0.000215936175664, 7.82362913014e-005, 2.82150704152e-005, 1.06423794932e-005, 2.91364881377e-006, 1.16976007121e-005, 2.64892587438e-005],
        "var": [2.42069131673e-006, 0.000485715339892, 0.00599252991378, 0.0229564737529, 0.0507857762277, 7.68416070938, 1488.98999023, 3992.671875, 1549.67797852, 48837.8007813, 13894.2890625, 124449.304688, 47789.4296875, 4235.20410156, 31489.1738281, 121273.445313, 1006.49072266, 2350.43798828, 128.237472534, 21.3280525208, 6.47858762741, 4.74840259552, 0.0217118561268, 0.00650600204244, 0.00649837218225, 0.000427767197834, 3.41880986525e-005, 6.13302545389e-005, 0.000115781040222, 1.59467872436e-005, 8.54733443703e-005, 1.42974122355e-005, 1.93927212422e-006, 3.47771037923e-006, 2.70393456958e-007, 1.332482924e-008, 1.8869392715e-009, 2.1728155386e-010, 1.21654561425e-010, 5.91849069753e-010]
    },
    "gfcc": {
        "mean": [-229.461074829, 216.333358765, -157.41204834, -85.3911895752, -30.142616272, -16.898859024, -19.2815132141, -9.82152557373, 8.27513408661, -2.80546426773, -1.90559530258, -11.2225646973, -4.62097644806],
        "cov": [[6213.35791016, 477.068878174, -446.57989502, -187.559509277, -109.628356934, 214.338088989, -129.811141968, -263.290252686, -227.35369873, 18.4045791626, 284.906280518, -63.1440124512, -144.845535278], [477.068878174, 470.985839844, -15.4603366852, -168.26902771, 54.5624580383, -208.585235596, -138.510238647, -139.562850952, -43.3101730347, 34.1300354004, 78.0119781494, 104.142333984, 56.1119346619], [-446.57989502, -15.4603366852, 247.286453247, -59.2292633057, -52.7309112549, -44.53383255, -73.6660614014, -34.9736328125, 18.7072219849, 37.9975662231, 8.72249603271, 26.2161312103, 64.9213790894], [-187.559509277, -168.26902771, -59.2292633057, 309.469238281, 75.2643127441, 147.921478271, 137.093994141, 63.9995040894, -12.7241048813, -44.3625984192, -31.4519882202, -41.4934196472, -82.8557510376], [-109.628356934, 54.5624580383, -52.7309112549, 75.2643127441, 192.729431152, 32.1526794434, 71.5765686035, 37.0052833557, -0.89460426569, 12.7209157944, 26.2700557709, -18.9198417664, -87.4453201294], [214.338088989, -208.585235596, -44.53383255, 147.921478271, 32.1526794434, 374.755279541, 212.063705444, 68.5211410522, -31.4033718109, -96.2244949341, -33.9000549316, -12.7221670151, -3.16657829285], [-129.811141968, -138.510238647, -73.6660614014, 137.093994141, 71.5765686035, 212.063705444, 341.331329346, 156.647705078, -34.099067688, -152.49458313, -143.279037476, -9.36790084839, 0.84261995554], [-263.290252686, -139.562850952, -34.9736328125, 63.9995040894, 37.0052833557, 68.5211410522, 156.647705078, 224.839401245, 67.522064209, -70.7280654907, -88.188293457, -50.4466552734, -34.1887016296], [-227.35369873, -43.3101730347, 18.7072219849, -12.7241048813, -0.89460426569, -31.4033718109, -34.099067688, 67.522064209, 170.845001221, 115.709663391, -5.1240773201, -104.166786194, -101.362770081], [18.4045791626, 34.1300354004, 37.9975662231, -44.3625984192, 12.7209157944, -96.2244949341, -152.49458313, -70.7280654907, 115.709663391, 235.509658813, 118.770248413, -104.940750122, -143.307754517], [284.906280518, 78.0119781494, 8.72249603271, -31.4519882202, 26.2700557709, -33.9000549316, -143.279037476, -88.188293457, -5.1240773201, 118.770248413, 210.071212769, 18.907793045, -75.5879440308], [-63.1440124512, 104.142333984, 26.2161312103, -41.4934196472, -18.9198417664, -12.7221670151, -9.36790084839, -50.4466552734, -104.166786194, -104.940750122, 18.907793045, 226.617630005, 193.568344116], [-144.845535278, 56.1119346619, 64.9213790894, -82.8557510376, -87.4453201294, -3.16657829285, 0.84261995554, -34.1887016296, -101.362770081, -143.307754517, -75.5879440308, 193.568344116, 293.752502441]],
        "icov": [[0.000336574448738, -0.000717400282156, 0.000524262082763, 0.000145347250509, 0.000787180440966, -0.000742177129723, 0.000291270494927, -0.000395162933273, 0.000901308900211, -0.000295401201583, -0.000106986495666, 0.000358599412721, 0.000310697272653], [-0.000717400282156, 0.00707946158946, -9.63651109487e-005, 0.00181226816494, -0.00499526876956, 0.00443412968889, -0.00183990446385, 0.00507252290845, -0.00465065892786, 0.00334879104048, -0.00154959282372, -0.0014735275181, -0.00141594791785], [0.000524262082763, -9.63651109487e-005, 0.00602926919237, 0.000594543700572, 0.0010791674722, -0.000721048971172, 0.000613510026596, -5.90457966609e-005, 0.000598013226409, -0.00172159925569, -0.000409996806411, 0.000697032315657, -0.00178139784839], [0.000145347250509, 0.00181226816494, 0.000594543700572, 0.00594155909494, -0.00161548901815, -0.00101222191006, -7.29019084247e-005, 0.000804507231805, 0.000771206163336, 0.000655700743664, 0.00113967538346, -0.00165082502645, 0.0028390660882], [0.000787180440966, -0.00499526876956, 0.0010791674722, -0.00161548901815, 0.01166583132, -0.002912316937, -0.000554294907488, -0.00461102137342, 0.0054292450659, -0.00426377914846, 0.000539688568097, -0.00147923012264, 0.00446137273684], [-0.000742177129723, 0.00443412968889, -0.000721048971172, -0.00101222191006, -0.002912316937, 0.00919664278626, -0.00656386883929, 0.00557203404605, -0.0066212778911, 0.00559413293377, -0.00617826636881, 0.00266779656522, -0.00434295041487], [0.000291270494927, -0.00183990446385, 0.000613510026596, -7.29019084247e-005, -0.000554294907488, -0.00656386883929, 0.0131471632048, -0.00725237373263, 0.00704503571615, -0.00289838109165, 0.00925125461072, -0.00401702104136, 0.00526590272784], [-0.000395162933273, 0.00507252290845, -5.90457966609e-005, 0.000804507231805, -0.00461102137342, 0.00557203404605, -0.00725237373263, 0.017328677699, -0.0150635074824, 0.0127205848694, -0.00631212862208, 0.00317472685128, -0.00290705636144], [0.000901308900211, -0.00465065892786, 0.000598013226409, 0.000771206163336, 0.0054292450659, -0.0066212778911, 0.00704503571615, -0.0150635074824, 0.0267884973437, -0.0185943990946, 0.0109835211188, -0.0029987685848, 0.00616424903274], [-0.000295401201583, 0.00334879104048, -0.00172159925569, 0.000655700743664, -0.00426377914846, 0.00559413293377, -0.00289838109165, 0.0127205848694, -0.0185943990946, 0.0264719780535, -0.0125548578799, 0.00751363066956, -0.00162356114015], [-0.000106986495666, -0.00154959282372, -0.000409996806411, 0.00113967538346, 0.000539688568097, -0.00617826636881, 0.00925125461072, -0.00631212862208, 0.0109835211188, -0.0125548578799, 0.0207891538739, -0.0124684395269, 0.0112187881023], [0.000358599412721, -0.0014735275181, 0.000697032315657, -0.00165082502645, -0.00147923012264, 0.00266779656522, -0.00401702104136, 0.00317472685128, -0.0029987685848, 0.00751363066956, -0.0124684395269, 0.0209823176265, -0.0145958457142], [0.000310697272653, -0.00141594791785, -0.00178139784839, 0.0028390660882, 0.00446137273684, -0.00434295041487, 0.00526590272784, -0.00290705636144, 0.00616424903274, -0.00162356114015, 0.0112187881023, -0.0145958457142, 0.0197899322957]]
    },
    "melbands": {
        "mean": [1.04611026472e-005, 2.06203712878e-005, 1.35976933962e-005, 1.67055495695e-005, 0.000415704969782, 0.000711611006409, 0.000424085155828, 0.00116435822565, 0.000571514596231, 0.0010841350304, 0.000306103378534, 8.73894459801e-005, 0.000193869607756, 0.000239481509198, 0.000123564910609, 3.34589458362e-005, 5.09961610078e-005, 1.44563218782e-005, 4.46391049991e-006, 3.0422902455e-006, 1.68244139331e-006, 1.49415416217e-006, 7.06133391759e-008, 7.82208644523e-008, 2.70204303376e-008, 2.16060929148e-008, 1.2408329475e-008, 3.6753429189e-009, 1.20154242111e-009, 1.48248302523e-009, 1.15535836454e-009, 1.71403224947e-009, 5.09833508744e-010, 4.58964866112e-010, 5.83821824218e-010, 7.82070352923e-010, 2.09861267253e-010, 1.47863415956e-010, 2.19555928993e-010, 1.29967286933e-010],
        "var": [3.54051926665e-010, 1.27251020832e-009, 7.74106501122e-010, 1.12730591528e-009, 1.21284608667e-006, 1.86393822332e-006, 5.33365209776e-007, 5.23361813975e-006, 9.14015799935e-007, 5.36430889042e-006, 1.14829401809e-006, 7.24263102825e-008, 2.51592865652e-007, 5.63370406326e-007, 1.74892861082e-007, 2.74097766706e-009, 9.33371424594e-009, 4.7928805369e-010, 4.9377377187e-011, 4.53732537653e-011, 1.09126622669e-011, 1.27256512619e-011, 9.90900222796e-015, 3.90196738581e-014, 2.54366704566e-015, 2.82856721274e-015, 9.89639096617e-016, 2.27353542741e-016, 2.75188563767e-017, 2.17219399023e-017, 2.20673490194e-017, 9.02966040007e-017, 3.49402248795e-018, 4.39711594686e-018, 1.87536419788e-017, 2.89490748168e-017, 2.16537996586e-018, 6.89463105574e-019, 4.41884929028e-018, 1.25408087527e-018]
    },
    "mfcc": {
        "mean": [-848.184631348, 229.021499634, -23.3609428406, -58.9202880859, -7.63693571091, -7.53146314621, -18.513053894, -9.28152656555, 1.52544438839, 8.09525108337, 6.47361946106, 2.98983478546, 4.10617923737],
        "cov": [[2681.23999023, 1418.71032715, -703.668457031, -202.618270874, 141.960601807, 12.4474773407, 98.4995574951, -74.2203903198, -377.49899292, -188.498794556, 29.3374977112, 79.0998153687, 194.267410278], [1418.71032715, 988.053283691, -293.621643066, -173.447463989, 82.4674682617, -17.3049755096, -32.6966323853, -133.009063721, -260.629455566, -137.434783936, 4.42639446259, -7.9228849411, 54.3385429382], [-703.668457031, -293.621643066, 305.03729248, 60.2181510925, -50.962638855, -6.944668293, -66.3677368164, -29.9353904724, 67.0658035278, 35.4895820618, -27.1377372742, -61.7020072937, -82.9905090332], [-202.618270874, -173.447463989, 60.2181510925, 152.222412109, 39.7506065369, -26.3943500519, 17.2496776581, 21.5358772278, 13.9722242355, 42.3549423218, 61.9545021057, 45.7562637329, -1.81445717812], [141.960601807, 82.4674682617, -50.962638855, 39.7506065369, 93.788230896, 25.1157894135, -12.1256980896, -46.7206497192, -49.0141944885, 12.6936388016, 54.4853286743, 52.8294792175, 38.4574279785], [12.4474773407, -17.3049755096, -6.944668293, -26.3943500519, 25.1157894135, 142.189712524, 100.835418701, 30.446105957, 33.2935218811, 2.66424775124, -40.3103866577, 24.2772712708, 85.3824310303], [98.4995574951, -32.6966323853, -66.3677368164, 17.2496776581, -12.1256980896, 100.835418701, 253.175292969, 210.822219849, 74.5306549072, -38.0124969482, -68.6430969238, 36.2672653198, 96.9508361816], [-74.2203903198, -133.009063721, -29.9353904724, 21.5358772278, -46.7206497192, 30.446105957, 210.822219849, 306.202758789, 187.085479736, -44.9085578918, -109.120582581, -6.38019275665, 18.3166332245], [-377.49899292, -260.629455566, 67.0658035278, 13.9722242355, -49.0141944885, 33.2935218811, 74.5306549072, 187.085479736, 253.823410034, 73.7836380005, -72.0502319336, -38.0078430176, -24.9216556549], [-188.498794556, -137.434783936, 35.4895820618, 42.3549423218, 12.6936388016, 2.66424775124, -38.0124969482, -44.9085578918, 73.7836380005, 205.590057373, 149.852432251, 28.9277076721, -23.1674728394], [29.3374977112, 4.42639446259, -27.1377372742, 61.9545021057, 54.4853286743, -40.3103866577, -68.6430969238, -109.120582581, -72.0502319336, 149.852432251, 279.725036621, 141.329666138, -4.90334129333], [79.0998153687, -7.9228849411, -61.7020072937, 45.7562637329, 52.8294792175, 24.2772712708, 36.2672653198, -6.38019275665, -38.0078430176, 28.9277076721, 141.329666138, 203.217788696, 149.596405029], [194.267410278, 54.3385429382, -82.9905090332, -1.81445717812, 38.4574279785, 85.3824310303, 96.9508361816, 18.3166332245, -24.9216556549, -23.1674728394, -4.90334129333, 149.596405029, 270.752593994]],
        "icov": [[0.0090203396976, -0.0122712552547, 0.0146519932896, -0.0153068592772, 0.0173730123788, -0.0187520496547, 0.0200625415891, -0.0201397389174, 0.0189819857478, -0.0142266433686, 0.0103806015104, -0.00553863029927, 0.00178154883906], [-0.0122712552547, 0.019645832479, -0.0194238945842, 0.0253790207207, -0.0284562259912, 0.0289424601942, -0.0302619636059, 0.0290652289987, -0.0260271560401, 0.0217499751598, -0.0167750604451, 0.010780652985, -0.00393199641258], [0.0146519932896, -0.0194238945842, 0.0318094976246, -0.0320018865168, 0.0364852882922, -0.0373944677413, 0.0381545946002, -0.0325072780252, 0.0299117546529, -0.0213373173028, 0.0162195768207, -0.00770172476768, 0.00354450871237], [-0.0153068592772, 0.0253790207207, -0.0320018865168, 0.0524492487311, -0.0538559257984, 0.0543426312506, -0.0544244460762, 0.044468536973, -0.0374746620655, 0.0259331353009, -0.0195792745799, 0.0094414241612, -0.00337731814943], [0.0173730123788, -0.0284562259912, 0.0364852882922, -0.0538559257984, 0.0738448053598, -0.0659592151642, 0.066531598568, -0.0565412342548, 0.0503019094467, -0.0351596288383, 0.0247003715485, -0.0164945255965, 0.00556369265541], [-0.0187520496547, 0.0289424601942, -0.0373944677413, 0.0543426312506, -0.0659592151642, 0.0876305550337, -0.0911757871509, 0.0852902233601, -0.0706123188138, 0.0444150716066, -0.026739038527, 0.0136140454561, -0.00554463919252], [0.0200625415891, -0.0302619636059, 0.0381545946002, -0.0544244460762, 0.066531598568, -0.0911757871509, 0.115607269108, -0.113917283714, 0.093161791563, -0.0624247677624, 0.0387487187982, -0.018407696858, 0.00272718677297], [-0.0201397389174, 0.0290652289987, -0.0325072780252, 0.044468536973, -0.0565412342548, 0.0852902233601, -0.113917283714, 0.128586858511, -0.10967682302, 0.0760429278016, -0.0457305088639, 0.0214396975935, -0.00408444739878], [0.0189819857478, -0.0260271560401, 0.0299117546529, -0.0374746620655, 0.0503019094467, -0.0706123188138, 0.093161791563, -0.10967682302, 0.109400361776, -0.0831618234515, 0.0601765215397, -0.0346270352602, 0.0128803700209], [-0.0142266433686, 0.0217499751598, -0.0213373173028, 0.0259331353009, -0.0351596288383, 0.0444150716066, -0.0624247677624, 0.0760429278016, -0.0831618234515, 0.0821024179459, -0.0679577142, 0.045801308006, -0.019493881613], [0.0103806015104, -0.0167750604451, 0.0162195768207, -0.0195792745799, 0.0247003715485, -0.026739038527, 0.0387487187982, -0.0457305088639, 0.0601765215397, -0.0679577142, 0.07257027179, -0.0564524568617, 0.0271307323128], [-0.00553863029927, 0.010780652985, -0.00770172476768, 0.0094414241612, -0.0164945255965, 0.0136140454561, -0.018407696858, 0.0214396975935, -0.0346270352602, 0.045801308006, -0.0564524568617, 0.0575465969741, -0.0293826386333], [0.00178154883906, -0.00393199641258, 0.00354450871237, -0.00337731814943, 0.00556369265541, -0.00554463919252, 0.00272718677297, -0.00408444739878, 0.0128803700209, -0.019493881613, 0.0271307323128, -0.0293826386333, 0.0207695104182]]
    },
    "spectral_contrast_coeffs": {
        "mean": [-0.729451835155, -0.603283345699, -0.617749392986, -0.652364134789, -0.703708648682, -0.858853816986],
        "var": [0.00473924726248, 0.0115030603483, 0.0087565779686, 0.00379788852297, 0.00262958114035, 0.00311537645757]
    },
    "spectral_contrast_valleys": {
        "mean": [-9.22089195251, -7.53671550751, -8.29884243011, -9.79751873016, -12.3539886475, -14.4343500137],
        "var": [1.12862539291, 1.54010379314, 1.50647461414, 1.31407296658, 0.950189232826, 1.26290440559]
    }
},
"metadata": {
    "audio_properties": {
        "analysis_sample_rate": 44100,
        "bit_rate": 90560,
        "equal_loudness": 0,
        "length": 45.0612258911,
        "lossless": 0,
        "replay_gain": -7.14799308777,
        "sample_rate": 44100,
        "codec": "mp3",
        "downmix": "mix",
        "md5_encoded": "89d397db51b3a48041bb9df7d3ac3df4"
    },
    "tags": {
        "file_name": "203.mp3"
    },
    "version": {
        "essentia": "2.1-beta2",
        "essentia_git_sha": "v2.1_beta2",
        "extractor": "music 1.0"
    }
},
"rhythm": {
    "beats_count": 75,
    "beats_loudness": {
        "mean": 0.0436600334942,
        "var": 0.000632290379144
    },
    "bpm": 100.137908936,
    "bpm_histogram_first_peak_bpm": {
        "mean": 99,
        "var": 0
    },
    "bpm_histogram_first_peak_spread": {
        "mean": 0.357142835855,
        "var": 0
    },
    "bpm_histogram_first_peak_weight": {
        "mean": 0.608108103275,
        "var": 0
    },
    "bpm_histogram_second_peak_bpm": {
        "mean": 105,
        "var": 0
    },
    "bpm_histogram_second_peak_spread": {
        "mean": 0.25,
        "var": 0
    },
    "bpm_histogram_second_peak_weight": {
        "mean": 0.0405405387282,
        "var": 0
    },
    "danceability": 1.82842993736,
    "onset_rate": 4.52513360977,
    "beats_loudness_band_ratio": {
        "mean": [0.00579667510465, 0.149465397, 0.635646641254, 0.249446794391, 0.01068326924, 2.43592294282e-005],
        "var": [3.72871982108e-005, 0.0427643023431, 0.0666491314769, 0.0625071451068, 5.46365117771e-005, 7.4426803609e-010]
    },
    "beats_position": [0.557278871536, 1.1261677742, 1.70666658878, 2.29877543449, 2.90249419212, 3.50621318817, 4.1099319458, 4.7020406723, 5.2941493988, 5.86303853989, 6.43192720413, 6.98920631409, 7.56970500946, 8.16181373596, 8.75392246246, 9.35764122009, 9.96135997772, 10.5534696579, 11.1455783844, 11.749297142, 12.3530158997, 12.9567346573, 13.5604534149, 14.1641721725, 14.756280899, 15.3483896255, 15.9521083832, 16.5558280945, 17.1595458984, 17.7632656097, 18.3553733826, 18.9590930939, 19.5512008667, 20.154920578, 20.758638382, 21.3623580933, 21.9544658661, 22.5465755463, 23.1502952576, 23.7540130615, 24.3577327728, 24.9614505768, 25.5651702881, 26.1572780609, 26.7493877411, 27.353105545, 27.9568252563, 28.5605430603, 29.1642627716, 29.7679805756, 30.3600902557, 30.9521980286, 31.5559177399, 32.1596374512, 32.7633552551, 33.3670730591, 33.9591827393, 34.5512924194, 35.1550102234, 35.7587280273, 36.362449646, 36.96616745, 37.5582771301, 38.1503829956, 38.7541046143, 39.3578224182, 39.9615402222, 40.5652618408, 41.1689796448, 41.761089325, 42.3531951904, 42.9569168091, 43.560634613, 44.164352417, 44.7680702209]
},
"tonal": {
    "chords_changes_rate": 0.0390946492553,
    "chords_number_rate": 0.00823045242578,
    "chords_strength": {
        "mean": 0.483463227749,
        "var": 0.0034164909739
    },
    "hpcp_entropy": {
        "mean": 1.17801499367,
        "var": 0.641174018383
    },
    "key_strength": 0.602865040302,
    "tuning_diatonic_strength": 0.416779458523,
    "tuning_equal_tempered_deviation": 0.0350445620716,
    "tuning_frequency": 440.763122559,
    "tuning_nontempered_energy_ratio": 0.615639567375,
    "hpcp": {
        "mean": [0.0767767429352, 0.0451997518539, 0.00417944323272, 0.00278787431307, 0.00298913801089, 0.0905318409204, 0.211082756519, 0.127806663513, 0.0757363885641, 0.15801024437, 0.0947353616357, 0.00770592363551, 0.00282620848157, 0.010317475535, 0.101931869984, 0.205415859818, 0.120736598969, 0.0146571816877, 0.00993677042425, 0.0104185594246, 0.178102463484, 0.321883887053, 0.156456559896, 0.102319374681, 0.184371232986, 0.0910141021013, 0.00964171811938, 0.0188340693712, 0.0141996257007, 0.0654056146741, 0.139597415924, 0.0796502605081, 0.00531375454739, 0.00407570647076, 0.0034423940815, 0.0360224768519],
        "var": [0.04497692734, 0.0141699807718, 9.2527770903e-005, 6.2459417677e-005, 7.40797768231e-005, 0.0251213666052, 0.137159571052, 0.0490987971425, 0.0280096661299, 0.110642395914, 0.0422311425209, 0.0012009999482, 0.000265405862592, 0.0026348521933, 0.0403290092945, 0.139244437218, 0.0493531823158, 0.00294715096243, 0.00316159799695, 0.00147112284321, 0.0627765730023, 0.193143755198, 0.0465780124068, 0.0362555198371, 0.123170286417, 0.0297652333975, 0.000523250724655, 0.00190989347175, 0.00114217645023, 0.0213957708329, 0.095035970211, 0.0289261285216, 0.000141045675264, 3.97095864173e-005, 3.40801707353e-005, 0.0103554064408]
    },
    "chords_histogram": [0, 15.9465017319, 12.448559761, 0, 0, 0, 0, 0, 35.0823059082, 0, 0, 0, 0, 0, 0, 0, 0, 0, 0, 1.54320991039, 2.26337456703, 22.1193408966, 1.64609050751, 8.95061683655],
    "thpcp": [1, 0.486065208912, 0.317876666784, 0.572788000107, 0.282754451036, 0.0299540255219, 0.0585119985044, 0.0441141240299, 0.203196302056, 0.433688730001, 0.24745029211, 0.0165082961321, 0.0126620391384, 0.0106945214793, 0.111911401153, 0.238523095846, 0.140422537923, 0.01298431959, 0.00866111833602, 0.00928638596088, 0.281256198883, 0.655772984028, 0.397058278322, 0.235291019082, 0.49089205265, 0.294315338135, 0.0239400733262, 0.00878021121025, 0.0320534072816, 0.316672801971, 0.638167560101, 0.375093638897, 0.0455356165767, 0.0308706667274, 0.0323674455285, 0.553312778473],
    "chords_key": "E",
    "chords_scale": "major",
    "key_key": "C",
    "key_scale": "major"
}
}