{
"lowlevel": {
    "average_loudness": 0.752943694592,
    "barkbands_crest": {
        "mean": 11.4687814713,
        "var": 29.5539340973
    },
    "barkbands_flatness_db": {
        "mean": 0.171791821718,
        "var": 0.0122705800459
    },
    "barkbands_kurtosis": {
        "mean": 8.44768047333,
        "var": 1936.8984375
    },
    "barkbands_skewness": {
        "mean": 1.86208057404,
        "var": 3.74153375626
    },
    "barkbands_spread": {
        "mean": 26.0931377411,
        "var": 327.284118652
    },
    "dissonance": {
        "mean": 0.461084932089,
        "var": 0.00195200974122
    },
    "dynamic_complexity": 6.80403327942,
    "erbbands_crest": {
        "mean": 10.2783203125,
        "var": 40.920211792
    },
    "erbbands_flatness_db": {
        "mean": 0.188241302967,
        "var": 0.0136468224227
    },
    "erbbands_kurtosis": {
        "mean": 1.78819847107,
        "var": 93.1410369873
    },
    "erbbands_skewness": {
        "mean": 0.0896664038301,
        "var": 1.92783272266
    },
    "erbbands_spread": {
        "mean": 40.7174797058,
        "var": 506.227905273
    },
    "hfc": {
        "mean": 18.8410263062,
        "var": 360.317504883
    },
    "melbands_crest": {
        "mean": 16.6873035431,
        "var": 34.991897583
    },
    "melbands_flatness_db": {
        "mean": 0.246936827898,
        "var": 0.0124067170545
    },
    "melbands_kurtosis": {
        "mean": 21.028842926,
        "var": 1721.49584961
    },
    "melbands_skewness": {
        "mean": 3.33449268341,
        "var": 4.2956776619
    },
    "melbands_spread": {
        "mean": 23.5172805786,
        "var": 406.034606934
    },
    "pitch_salience": {
        "mean": 0.492581248283,
        "var": 0.0246068853885
    },
    "silence_rate_20dB": {
        "mean": 1,
        "var": 0
    },
    "silence_rate_30dB": {
        "mean": 0.979071736336,
        "var": 0.0204914417118
    },
    "silence_rate_60dB": {
        "mean": 0.219578057528,
        "var": 0.171360269189
    },
    "spectral_centroid": {
        "mean": 1457.11120605,
        "var": 437600.96875
    },
    "spectral_complexity": {
        "mean": 16.8074264526,
        "var": 137.462661743
    },
    "spectral_decrease": {
        "mean": -6.800903396e-009,
        "var": 5.23668193473e-017
    },
    "spectral_energy": {
        "mean": 0.0273770317435,
        "var": 0.000805976742413
    },
    "spectral_energyband_high": {
        "mean": 0.000938032986596,
        "var": 2.73376235782e-006
    },
    "spectral_energyband_low": {
        "mean": 0.0128134321421,
        "var": 0.000415152782807
    },
    "spectral_energyband_middle_high": {
        "mean": 0.00444481847808,
        "var": 3.82015641662e-005
    },
    "spectral_energyband_middle_low": {
        "mean": 0.0107146240771,
        "var": 0.000180704053491
    },
    "spectral_entropy": {
        "mean": 7.31154489517,
        "var": 0.833852350712
    },
    "spectral_flux": {
        "mean": 0.0747507363558,
        "var": 0.00388814765029
    },
    "spectral_kurtosis": {
        "mean": 7.0390329361,
        "var": 75.1424713135
    },
    "spectral_rms": {
        "mean": 0.00435485271737,
        "var": 7.74469936005e-006
    },
    "spectral_rolloff": {
        "mean": 1649.68164063,
        "var": 3865072.75
    },
    "spectral_skewness": {
        "mean": 1.57358253002,
        "var": 0.50551533699
    },
    "spectral_spread": {
        "mean": 4416152,
        "var": 4.89873106534e+012
    },
    "spectral_strongpeak": {
        "mean": 0.659521043301,
        "var": 1.00856840611
    },
    "zerocrossingrate": {
        "mean": 0.0664677247405,
        "var": 0.00255594658665
    },
    "barkbands": {
        "mean": [0.000353262730641, 0.00705670565367, 0.00409130332991, 0.00267658033408, 0.003401564667, 0.00108309707139, 0.000903467123862, 0.00114917033352, 0.00108413340058, 0.0010151170427, 0.000458167516626, 0.000395309238229, 0.000350321206497, 0.000424424913945, 0.00055263156537, 0.000408774300013, 0.000459958275314, 0.000244573195232, 0.000258420535829, 0.000168519152794, 0.000214445564779, 0.000178700080141, 0.000138785195304, 0.000137168783112, 8.84125838638e-005, 7.42321644793e-005, 9.76656792773e-006],
        "var": [5.24757751919e-007, 0.000309764611302, 2.99132243526e-005, 1.74897468241e-005, 3.75841664209e-005, 5.07948880113e-006, 5.21943275089e-006, 1.09248921945e-005, 9.38664743444e-006, 8.82545282366e-006, 2.75033903563e-006, 1.94995868696e-006, 1.12342729608e-006, 1.36818709962e-006, 2.3322565994e-006, 5.1933557188e-007, 3.55566470489e-007, 1.30863682557e-007, 1.60326138143e-007, 7.27598603589e-008, 1.49760182921e-007, 1.21709376799e-007, 1.95599923813e-007, 1.24536242652e-007, 2.9514499289e-008, 1.63552407173e-008, 4.69105532197e-010]
    },
    "erbbands": {
        "mean": [0.197708949447, 1.62432408333, 4.24440479279, 7.63607597351, 10.1898727417, 10.8962945938, 10.4183683395, 9.17462921143, 12.9094076157, 17.6241016388, 26.2104454041, 25.5029296875, 29.3180599213, 24.8569965363, 18.4623584747, 17.4950809479, 16.8536109924, 20.8992233276, 28.135055542, 23.4293403625, 26.9555568695, 22.5615673065, 14.1290283203, 13.5673351288, 11.0897426605, 8.34663200378, 8.434009552, 8.09442520142, 6.45022392273, 5.13493680954, 3.87307429314, 3.12573933601, 2.07110452652, 1.04904472828, 0.595338404179, 0.300695180893, 0.140556886792, 0.03321691975, 0.00102945498656, 5.55057049496e-005],
        "var": [0.285186856985, 15.2766742706, 30.619726181, 101.903289795, 450.347381592, 344.544189453, 404.505279541, 427.887207031, 955.241088867, 2706.14135742, 4407.54785156, 5885.20361328, 8920.58300781, 4876.43359375, 3534.41455078, 3828.29492188, 2294.98364258, 3650.00976563, 4453.37158203, 3280.14990234, 1564.72753906, 832.61315918, 413.093597412, 423.496063232, 271.964019775, 178.828643799, 222.229431152, 217.474365234, 160.38041687, 162.643325806, 160.365280151, 87.9972610474, 23.7326812744, 4.46349191666, 1.3330848217, 0.275728553534, 0.0641583502293, 0.00415008887649, 4.61933723273e-006, 3.33105676376e-009]
    },
    "gfcc": {
        "mean": [-75.1854782104, 95.3167419434, -124.890190125, 29.4953269958, -37.1071968079, 1.79599308968, -25.7432785034, 15.5095815659, -15.9904651642, -1.43461549282, -25.0625553131, -5.68093824387, -13.5119142532],
        "cov": [[38608.1484375, -2073.11328125, 5169.68603516, 3725.20043945, -1957.45080566, 3251.97436523, -2865.62744141, -1130.75817871, -1867.90783691, 216.875854492, 54.3047866821, 1457.36083984, -51.2502059937], [-2073.11328125, 3721.18286133, -1591.20581055, -239.505386353, 1180.4510498, -766.628173828, 460.437164307, -470.922637939, 336.338348389, -316.492950439, 384.940093994, -235.267105103, 342.132995605], [5169.68603516, -1591.20581055, 2714.05761719, 942.891723633, -427.372772217, 1110.54296875, -777.485534668, -133.907119751, -563.894592285, 151.705688477, -117.91557312, 485.430023193, -94.6342544556], [3725.20043945, -239.505386353, 942.891723633, 966.765136719, -42.2973594666, 439.903961182, -242.959716797, -168.024032593, -217.757507324, 19.5699424744, 24.3429927826, 148.503952026, 19.4590110779], [-1957.45080566, 1180.4510498, -427.372772217, -42.2973594666, 932.904968262, -236.589187622, 277.116943359, -113.867782593, 209.356399536, -78.8320770264, 126.995429993, -20.7511329651, 123.798034668], [3251.97436523, -766.628173828, 1110.54296875, 439.903961182, -236.589187622, 711.309814453, -386.906921387, -76.7933120728, -282.782989502, 58.5871124268, -47.4706611633, 237.371780396, -37.0662117004], [-2865.62744141, 460.437164307, -777.485534668, -242.959716797, 277.116943359, -386.906921387, 579.891906738, 164.422042847, 266.324859619, -33.1777267456, 6.99024295807, -205.765289307, 5.28038263321], [-1130.75817871, -470.922637939, -133.907119751, -168.024032593, -113.867782593, -76.7933120728, 164.422042847, 296.346008301, 126.121162415, 49.6890716553, -86.5581665039, -76.8173141479, -70.8453674316], [-1867.90783691, 336.338348389, -563.894592285, -217.757507324, 209.356399536, -282.782989502, 266.324859619, 126.121162415, 282.377807617, 10.2003469467, 18.8133525848, -128.630737305, 9.93153572083], [216.875854492, -316.492950439, 151.705688477, 19.5699424744, -78.8320770264, 58.5871124268, -33.1777267456, 49.6890716553, 10.2003469467, 111.953521729, 3.39721179008, 30.4820632935, -31.795085907], [54.3047866821, 384.940093994, -117.91557312, 24.3429927826, 126.995429993, -47.4706611633, 6.99024295807, -86.5581665039, 18.8133525848, 3.39721179008, 142.706680298, 36.8705825806, 41.3817214966], [1457.36083984, -235.267105103, 485.430023193, 148.503952026, -20.7511329651, 237.371780396, -205.765289307, -76.8173141479, -128.630737305, 30.4820632935, 36.8705825806, 225.584106445, 31.0627555847], [-51.2502059937, 342.132995605, -94.6342544556, 19.4590110779, 123.798034668, -37.0662117004, 5.28038263321, -70.8453674316, 9.93153572083, -31.795085907, 41.3817214966, 31.0627555847, 101.472183228]],
        "icov": [[9.88363681245e-005, -0.000200782014872, 0.000193175059394, -0.000349934096448, 0.00020766799571, -0.000242425478064, 0.000224260744289, -9.66941515799e-005, 0.0001422905043, -0.00030952488305, 0.000395973242121, -0.000592815340497, 0.000462142168544], [-0.000200782014872, 0.00189094559755, -0.000478644389659, 0.000906233210117, -0.00111319799908, 0.000704259087797, -0.00048828672152, 0.00169804005418, -0.00105329498183, 0.00273152883165, -0.00312975305133, 0.00293801608495, -0.00293500442058], [0.000193175059394, -0.000478644389659, 0.00217281235382, -0.00148465821985, 5.60134867555e-005, -0.00145200104453, 0.00100011262111, -0.000676171097439, 0.00147605349775, -0.00185583368875, 0.00223131384701, -0.00279449741356, 0.00211917166598], [-0.000349934096448, 0.000906233210117, -0.00148465821985, 0.00321934907697, -0.000771711347625, 0.000263302150415, -0.00123024405912, 0.00122153002303, -0.000638604804408, 0.00151210010517, -0.00255651865155, 0.00345636252314, -0.00275889202021], [0.00020766799571, -0.00111319799908, 5.60134867555e-005, -0.000771711347625, 0.0029821221251, -0.000577731698286, -0.000607237627264, 0.000626056164037, -0.00169401057065, -0.000351131602656, 0.00132510112599, -0.00285563035868, 0.00106743955985], [-0.000242425478064, 0.000704259087797, -0.00145200104453, 0.000263302150415, -0.000577731698286, 0.00520593998954, -9.89986529021e-006, 6.66617561365e-005, 0.000603537831921, 0.000909003603738, -0.000680580385961, 0.000176972025656, -0.00079895433737], [0.000224260744289, -0.00048828672152, 0.00100011262111, -0.00123024405912, -0.000607237627264, -9.89986529021e-006, 0.00516043277457, -0.00266846176237, -8.80169245647e-005, -0.000414820504375, 0.000578280189075, 0.000210841724765, 0.00111215363722], [-9.66941515799e-005, 0.00169804005418, -0.000676171097439, 0.00122153002303, 0.000626056164037, 6.66617561365e-005, -0.00266846176237, 0.0105864880607, -0.00546578457579, 0.000956998788752, 0.00112700590398, 0.000733079737984, 0.000302479515085], [0.0001422905043, -0.00105329498183, 0.00147605349775, -0.000638604804408, -0.00169401057065, 0.000603537831921, -8.80169245647e-005, -0.00546578457579, 0.0129368677735, -0.00554487248883, 0.000778680725489, 0.000474537111586, 0.000131565771881], [-0.00030952488305, 0.00273152883165, -0.00185583368875, 0.00151210010517, -0.000351131602656, 0.000909003603738, -0.000414820504375, 0.000956998788752, -0.00554487248883, 0.0178230199963, -0.00779632898048, 0.00271042040549, -0.00145971856546], [0.000395973242121, -0.00312975305133, 0.00223131384701, -0.00255651865155, 0.00132510112599, -0.000680580385961, 0.000578280189075, 0.00112700590398, 0.000778680725489, -0.00779632898048, 0.017785359174, -0.00933064334095, 0.00529936281964], [-0.000592815340497, 0.00293801608495, -0.00279449741356, 0.00345636252314, -0.00285563035868, 0.000176972025656, 0.000210841724765, 0.000733079737984, 0.000474537111586, 0.00271042040549, -0.00933064334095, 0.0179054569453, -0.0102983219549], [0.000462142168544, -0.00293500442058, 0.00211917166598, -0.00275889202021, 0.00106743955985, -0.00079895433737, 0.00111215363722, 0.000302479515085, 0.000131565771881, -0.00145971856546, 0.00529936281964, -0.0102983219549, 0.0215699784458]]
    },
    "melbands": {
        "mean": [0.00191729271319, 0.00225227419287, 0.00143138156272, 0.000756735971663, 0.000408504711231, 0.000205513802939, 0.000194564068806, 0.000205302276299, 0.000225150157348, 0.000148687366163, 0.000144584322697, 0.00010225285223, 6.41443257337e-005, 4.49594663223e-005, 4.15539070673e-005, 3.46339111275e-005, 3.9555656258e-005, 4.35020047007e-005, 3.87200525438e-005, 2.79185060208e-005, 3.31779847329e-005, 2.6360141419e-005, 1.40340544021e-005, 1.21924131236e-005, 1.07851874418e-005, 9.64789887803e-006, 5.77330001761e-006, 5.46533738088e-006, 4.92090111948e-006, 5.59258387511e-006, 4.49450499218e-006, 3.6329786326e-006, 3.38161044056e-006, 2.64856498688e-006, 2.27988152801e-006, 1.98626162273e-006, 1.88337014606e-006, 1.49750144374e-006, 1.19570529478e-006, 7.76111903633e-007],
        "var": [2.5277140594e-005, 1.0911314348e-005, 3.61038064511e-006, 2.01853322324e-006, 5.52996937131e-007, 2.06721963991e-007, 2.20148720587e-007, 3.91749182427e-007, 3.14691078529e-007, 1.96325956381e-007, 2.28124434898e-007, 9.17587215099e-008, 5.59061739125e-008, 2.1942165418e-008, 1.89317415078e-008, 1.178905773e-008, 1.53335957265e-008, 1.04831050507e-008, 1.49880357014e-008, 3.30837401918e-009, 2.37814035131e-009, 1.17304699288e-009, 5.78699199671e-010, 3.10405423587e-010, 3.09904435447e-010, 2.59264248959e-010, 7.35712601951e-011, 8.97846658132e-011, 8.33276295187e-011, 9.95509508162e-011, 7.81907455449e-011, 5.47226569614e-011, 4.93644118638e-011, 5.46650676114e-011, 5.41721702219e-011, 5.12952527676e-011, 2.90703953965e-011, 1.46864534423e-011, 6.20051059108e-012, 2.51843337851e-012]
    },
    "mfcc": {
        "mean": [-705.200317383, 112.83833313, -8.94637203217, 25.7374744415, 12.3567066193, -0.71065312624, 0.861185371876, 9.10129547119, 11.3092222214, 6.57358598709, 0.61625623703, 0.973351299763, -5.35923242569],
        "cov": [[26307.2363281, 1511.46105957, 3013.35473633, 1398.28674316, 677.39465332, 1840.2298584, -42.4657363892, -308.16595459, -1099.49121094, -1128.49377441, -789.008789063, -547.072143555, 238.037612915], [1511.46105957, 2883.91943359, -840.983276367, 264.028594971, 624.193481445, 123.574485779, 146.430831909, -102.229667664, -137.508377075, -188.449356079, -188.329833984, -0.161363780499, 89.1932220459], [3013.35473633, -840.983276367, 1365.50244141, 254.883575439, -21.5684833527, 412.267028809, -1.03476059437, 4.62675952911, -154.309280396, -157.326812744, -87.2865600586, -105.010162354, 13.9718484879], [1398.28674316, 264.028594971, 254.883575439, 490.3019104, 222.294265747, 181.874206543, 113.799697876, -16.9076461792, -33.078453064, -29.6139450073, -64.194770813, -8.7991361618, 24.2511634827], [677.39465332, 624.193481445, -21.5684833527, 222.294265747, 468.673309326, 219.508926392, 66.8445663452, 2.58904933929, -25.9143276215, -69.0366516113, -80.3613052368, 2.12527608871, 56.4101676941], [1840.2298584, 123.574485779, 412.267028809, 181.874206543, 219.508926392, 398.966461182, 89.4791259766, -14.3316192627, -102.05266571, -134.854751587, -94.1175765991, -49.4470901489, 38.0139198303], [-42.4657363892, 146.430831909, -1.03476059437, 113.799697876, 66.8445663452, 89.4791259766, 169.034713745, 42.3536949158, 12.0819292068, 0.880799055099, -4.17212104797, 11.19871521, 2.13483452797], [-308.16595459, -102.229667664, 4.62675952911, -16.9076461792, 2.58904933929, -14.3316192627, 42.3536949158, 132.530029297, 89.5657424927, 36.4755630493, 29.1498146057, 20.2680225372, -4.4992980957], [-1099.49121094, -137.508377075, -154.309280396, -33.078453064, -25.9143276215, -102.05266571, 12.0819292068, 89.5657424927, 195.625045776, 124.29914856, 57.0922966003, 47.6016998291, -28.2615146637], [-1128.49377441, -188.449356079, -157.326812744, -29.6139450073, -69.0366516113, -134.854751587, 0.880799055099, 36.4755630493, 124.29914856, 193.549560547, 107.767852783, 39.3614082336, -29.4114437103], [-789.008789063, -188.329833984, -87.2865600586, -64.194770813, -80.3613052368, -94.1175765991, -4.17212104797, 29.1498146057, 57.0922966003, 107.767852783, 134.26574707, 56.254737854, -17.2121009827], [-547.072143555, -0.161363780499, -105.010162354, -8.7991361618, 2.12527608871, -49.4470901489, 11.19871521, 20.2680225372, 47.6016998291, 39.3614082336, 56.254737854, 98.8580703735, 24.1599712372], [238.037612915, 89.1932220459, 13.9718484879, 24.2511634827, 56.4101676941, 38.0139198303, 2.13483452797, -4.4992980957, -28.2615146637, -29.4114437103, -17.2121009827, 24.1599712372, 95.2764892578]],
        "icov": [[9.78270763881e-005, -9.96835224214e-005, -7.05843922333e-005, -0.000240878202021, 0.000250259618042, -0.000371848000214, 0.000410958949942, -0.000254225538811, 0.000234369945247, 5.80804662604e-005, 3.288219159e-005, 0.000113023219455, -3.57212738891e-005], [-9.96835224214e-005, 0.000944244500715, 0.000761465460528, -5.00057140016e-005, -0.00102682167199, 0.000457014946733, -0.000755890505388, 0.000398850941565, 0.000252885511145, 0.000506049662363, 0.000282131979475, 2.41382567765e-005, 3.6086792079e-006], [-7.05843922333e-005, 0.000761465460528, 0.00247123977169, -0.00128116470296, 0.000753796426579, -0.00218678242527, 0.00128050078638, -0.00132393895183, 0.000962916354183, 0.000475603388622, -0.000123181191157, 0.000546845491044, 3.37096935255e-005], [-0.000240878202021, -5.00057140016e-005, -0.00128116470296, 0.00472123455256, -0.00231227744371, 0.00186644319911, -0.0036779276561, 0.00231131841429, -0.000714334659278, -0.00184747751337, 0.00158610346261, -0.00123634096235, 0.000268526287982], [0.000250259618042, -0.00102682167199, 0.000753796426579, -0.00231227744371, 0.00623439066112, -0.00468036159873, 0.00317097990774, -0.00233929697424, 0.000267941592028, -0.000652119284496, 0.00099298323039, -0.000569157127757, -0.000989396357909], [-0.000371848000214, 0.000457014946733, -0.00218678242527, 0.00186644319911, -0.00468036159873, 0.0100669357926, -0.00600964669138, 0.00307054608129, -0.00133608654141, 0.00246110185981, -0.000657110358588, 0.00117506214883, -0.000672281719744], [0.000410958949942, -0.000755890505388, 0.00128050078638, -0.0036779276561, 0.00317097990774, -0.00600964669138, 0.0125272125006, -0.00619262224063, 0.00272767688148, -0.0013975991169, 0.000469032354886, -0.00122237554751, 0.00114883424249], [-0.000254225538811, 0.000398850941565, -0.00132393895183, 0.00231131841429, -0.00233929697424, 0.00307054608129, -0.00619262224063, 0.0158571265638, -0.00975576229393, 0.00430811895058, -0.00404719542712, 0.00218785949983, -0.00193473754916], [0.000234369945247, 0.000252885511145, 0.000962916354183, -0.000714334659278, 0.000267941592028, -0.00133608654141, 0.00272767688148, -0.00975576229393, 0.017090337351, -0.00982515048236, 0.00709476554766, -0.00603888044134, 0.00392043357715], [5.80804662604e-005, 0.000506049662363, 0.000475603388622, -0.00184747751337, -0.000652119284496, 0.00246110185981, -0.0013975991169, 0.00430811895058, -0.00982515048236, 0.018721004948, -0.0127803999931, 0.00611758278683, -0.00157484773081], [3.288219159e-005, 0.000282131979475, -0.000123181191157, 0.00158610346261, 0.00099298323039, -0.000657110358588, 0.000469032354886, -0.00404719542712, 0.00709476554766, -0.0127803999931, 0.0221772901714, -0.0112465899438, 0.00375824887305], [0.000113023219455, 2.41382567765e-005, 0.000546845491044, -0.00123634096235, -0.000569157127757, 0.00117506214883, -0.00122237554751, 0.00218785949983, -0.00603888044134, 0.00611758278683, -0.0112465899438, 0.0201101507992, -0.00710566248745], [-3.57212738891e-005, 3.6086792079e-006, 3.37096935255e-005, 0.000268526287982, -0.000989396357909, -0.000672281719744, 0.00114883424249, -0.00193473754916, 0.00392043357715, -0.00157484773081, 0.00375824887305, -0.00710566248745, 0.0144027918577]]
    },
    "spectral_contrast_coeffs": {
        "mean": [-0.667414903641, -0.733859121799, -0.751497507095, -0.762007176876, -0.76172542572, -0.742492854595],
        "var": [0.00953247863799, 0.00986263528466, 0.00777830788866, 0.00479004113004, 0.00452031148598, 0.00278009381145]
    },
    "spectral_contrast_valleys": {
        "mean": [-7.88548469543, -7.66018342972, -8.19492149353, -8.46481323242, -8.36604404449, -11.4139862061],
        "var": [5.60062837601, 4.57769441605, 4.02704048157, 3.79466319084, 4.26941871643, 7.31205558777]
    }
},
"metadata": {
    "audio_properties": {
        "analysis_sample_rate": 44100,
        "bit_rate": 128000,
        "equal_loudness": 0,
        "length": 275.121643066,
        "lossless": 0,
        "replay_gain": -13.1713409424,
        "sample_rate": 44100,
        "codec": "mp3",
        "downmix": "mix",
        "md5_encoded": "3dce71eecb079bd9bd412fbeae37e7da"
    },
    "tags": {
        "file_name": "2030.mp3",
        "album": ["Polyplastic Heaven"],
        "artist": ["In Faded Glory"],
        "encoding": ["LAME 64bits version 3.99.5 (http:\/\/lame.sf.net)"],
        "genre": ["Rock"],
        "length": ["275069"],
        "title": ["990"],
        "tracknumber": ["06"]
    },
    "version": {
        "essentia": "2.1-beta2",
        "essentia_git_sha": "v2.1_beta2",
        "extractor": "music 1.0"
    }
},
"rhythm": {
    "beats_count": 627,
    "beats_loudness": {
        "mean": 0.0370263271034,
        "var": 0.00120794167742
    },
    "bpm": 136.894607544,
    "bpm_histogram_first_peak_bpm": {
        "mean": 136,
        "var": 0
    },
    "bpm_histogram_first_peak_spread": {
        "mean": 0.323001652956,
        "var": 0
    },
    "bpm_histogram_first_peak_weight": {
        "mean": 0.662939310074,
        "var": 0
    },
    "bpm_histogram_second_peak_bpm": {
        "mean": 144,
        "var": 0
    },
    "bpm_histogram_second_peak_spread": {
        "mean": 0,
        "var": 0
    },
    "bpm_histogram_second_peak_weight": {
        "mean": 0.0175718851388,
        "var": 0
    },
    "danceability": 1.04800498486,
    "onset_rate": 3.05670070648,
    "beats_loudness_band_ratio": {
        "mean": [0.440618962049, 0.137526780367, 0.223731011152, 0.0721508190036, 0.107835054398, 0.0630939602852],
        "var": [0.082730665803, 0.0270596612245, 0.0785547271371, 0.00944404210895, 0.0120222698897, 0.00649500219151]
    },
    "beats_position": [0.452789098024, 0.917188167572, 1.38158726692, 1.83437633514, 2.27555561066, 2.71673464775, 3.15791368484, 3.59909296036, 4.04027223587, 4.48145103455, 4.92263031006, 5.36380958557, 5.80498838425, 6.24616765976, 6.68734693527, 7.12852573395, 7.56970500946, 7.99927425385, 8.42884349823, 8.87002277374, 9.31120204926, 9.75238037109, 10.1935596466, 10.6347389221, 11.0643081665, 11.4938774109, 11.9350566864, 12.3762359619, 12.8174142838, 13.2585935593, 13.6997728348, 14.1409521103, 14.5821313858, 15.0233106613, 15.4644899368, 15.9056682587, 16.3468475342, 16.7764167786, 17.2059860229, 17.6355552673, 18.0651245117, 18.5063037872, 18.9358730316, 19.365442276, 19.8066215515, 20.247800827, 20.6889801025, 21.1301574707, 21.5713367462, 22.0125160217, 22.4536952972, 22.8948745728, 23.3360538483, 23.7656230927, 24.195192337, 24.6363716125, 25.0775508881, 25.5187301636, 25.948299408, 26.3778686523, 26.8190479279, 27.2602272034, 27.7014045715, 28.142583847, 28.5837631226, 29.0249423981, 29.4661216736, 29.9073009491, 30.3368701935, 30.7664394379, 31.2076187134, 31.66040802, 32.0899772644, 32.5311546326, 32.9723358154, 33.4135131836, 33.8546943665, 34.2958717346, 34.7370529175, 35.1782302856, 35.6194114685, 36.0605888367, 36.4901580811, 36.9197273254, 37.3492965698, 37.7788658142, 38.2200431824, 38.6612243652, 39.0907936096, 39.5319709778, 39.9731521606, 40.4143295288, 40.8555107117, 41.2966880798, 41.7378692627, 42.1674385071, 42.5970077515, 43.0265769958, 43.467754364, 43.9089317322, 44.350112915, 44.7912902832, 45.2324714661, 45.6736488342, 46.1148300171, 46.5443992615, 46.9739685059, 47.4035377502, 47.8331069946, 48.2742843628, 48.7154655457, 49.1566429138, 49.5978240967, 50.0390014648, 50.480178833, 50.9097480774, 51.3393173218, 51.7804985046, 52.2216758728, 52.6628570557, 53.1040344238, 53.5452156067, 53.9863929749, 54.4275741577, 54.8571434021, 55.2983207703, 55.7278900146, 56.1690673828, 56.6102485657, 57.0514259338, 57.4926071167, 57.9221763611, 58.3517456055, 58.7929229736, 59.2341041565, 59.6636734009, 60.0932426453, 60.5344200134, 60.9756011963, 61.4051704407, 61.8463478088, 62.2759170532, 62.7170982361, 63.1582756042, 63.5994529724, 64.0406341553, 64.4818115234, 64.9229888916, 65.3641738892, 65.8053512573, 66.2465286255, 66.6877059937, 67.1288909912, 67.5584564209, 67.98802948, 68.4175949097, 68.8587722778, 69.299949646, 69.7527389526, 70.1823120117, 70.6234893799, 71.053062439, 71.4942398071, 71.9354171753, 72.3765945435, 72.817779541, 73.2589569092, 73.7001342773, 74.1413116455, 74.5824966431, 75.0236740112, 75.4648513794, 75.8944168091, 76.3239898682, 76.7535552979, 77.1831283569, 77.6243057251, 78.0538787842, 78.4950561523, 78.924621582, 79.3658065796, 79.7953720093, 80.2365493774, 80.6661224365, 81.1189117432, 81.5600891113, 82.012878418, 82.4540557861, 82.8952331543, 83.3364181519, 83.77759552, 84.2187728882, 84.6483459473, 85.0895233154, 85.5307006836, 85.9602737427, 86.4014511108, 86.842628479, 87.2838058472, 87.7249908447, 88.1545562744, 88.5841217041, 89.0253067017, 89.4548721313, 89.8844451904, 90.3256225586, 90.7667999268, 91.1963729858, 91.637550354, 92.0903396606, 92.5315170288, 92.972694397, 93.4138793945, 93.8550567627, 94.2962341309, 94.737411499, 95.1785888672, 95.6081619263, 96.037727356, 96.4789123535, 96.9200897217, 97.3496551514, 97.7792282104, 98.2087936401, 98.6383666992, 99.0679321289, 99.5091171265, 99.9386825562, 100.379859924, 100.821044922, 101.26222229, 101.715011597, 102.167800903, 102.608978271, 103.038543701, 103.46811676, 103.909294128, 104.350471497, 104.791656494, 105.232833862, 105.67401123, 106.091972351, 106.533149719, 106.974327087, 107.415504456, 107.856689453, 108.297866821, 108.727432251, 109.180221558, 109.621406555, 110.050971985, 110.480545044, 110.921722412, 111.36289978, 111.804077148, 112.245262146, 112.686439514, 113.127616882, 113.557182312, 113.986755371, 114.416320801, 114.84589386, 115.287071228, 115.728248596, 116.169433594, 116.610610962, 117.05178833, 117.492965698, 117.934150696, 118.375328064, 118.816505432, 119.2576828, 119.698867798, 120.140045166, 120.581222534, 121.022399902, 121.463577271, 121.89315033, 122.322715759, 122.752288818, 123.193466187, 123.623039246, 124.052604675, 124.482177734, 124.923355103, 125.352920532, 125.782493591, 126.223670959, 126.664848328, 127.106025696, 127.547210693, 127.988388062, 128.42956543, 128.870742798, 129.311920166, 129.753097534, 130.194290161, 130.635467529, 131.076644897, 131.517822266, 131.958999634, 132.400177002, 132.84135437, 133.282531738, 133.712112427, 134.153289795, 134.594467163, 135.024032593, 135.453598022, 135.883178711, 136.324356079, 136.765533447, 137.206710815, 137.647888184, 138.077453613, 138.507034302, 138.94821167, 139.389389038, 139.830566406, 140.271743774, 140.712921143, 141.154098511, 141.595275879, 142.036453247, 142.477645874, 142.918823242, 143.36000061, 143.777954102, 144.21913147, 144.660308838, 145.101501465, 145.531066895, 145.960632324, 146.401809692, 146.842987061, 147.284164429, 147.736953735, 148.178131104, 148.607711792, 149.04888916, 149.490066528, 149.931243896, 150.372421265, 150.813598633, 151.254776001, 151.684356689, 152.113922119, 152.53187561, 152.973052979, 153.414230347, 153.855422974, 154.30821228, 154.749389648, 155.178955078, 155.608520508, 156.038085938, 156.479278564, 156.920455933, 157.361633301, 157.802810669, 158.255599976, 158.685165405, 159.114730835, 159.544311523, 159.973876953, 160.415054321, 160.856231689, 161.309020996, 161.750198364, 162.191375732, 162.632553101, 163.050521851, 163.491699219, 163.932876587, 164.374053955, 164.815231323, 165.256408691, 165.69758606, 166.127166748, 166.556732178, 166.997909546, 167.439086914, 167.880264282, 168.32144165, 168.762634277, 169.203811646, 169.633377075, 170.062942505, 170.504119873, 170.945297241, 171.37487793, 171.804443359, 172.245620728, 172.686798096, 173.127975464, 173.569152832, 174.0103302, 174.463119507, 174.915908813, 175.35710144, 175.798278809, 176.227844238, 176.657409668, 177.075378418, 177.504943848, 177.934509277, 178.364074707, 178.793640137, 179.234832764, 179.664398193, 180.093963623, 180.523529053, 180.976318359, 181.417495728, 181.858688354, 182.299865723, 182.729431152, 183.158996582, 183.588562012, 184.0181427, 184.459320068, 184.900497437, 185.341674805, 185.782852173, 186.224029541, 186.665206909, 187.106384277, 187.547576904, 187.988754272, 188.429931641, 188.847885132, 189.2890625, 189.730239868, 190.171432495, 190.612609863, 191.053787231, 191.4949646, 191.936141968, 192.377319336, 192.818496704, 193.259674072, 193.689254761, 194.11882019, 194.559997559, 195.001174927, 195.442352295, 195.871917725, 196.301498413, 196.742675781, 197.183853149, 197.613418579, 198.054595947, 198.495773315, 198.936950684, 199.366531372, 199.819320679, 200.260498047, 200.690063477, 201.119628906, 201.572418213, 202.013595581, 202.454788208, 202.872741699, 203.313919067, 203.755096436, 204.196273804, 204.625839233, 205.06703186, 205.508209229, 205.949386597, 206.390563965, 206.831741333, 207.261306763, 207.702484131, 208.132064819, 208.584854126, 209.026031494, 209.467208862, 209.885162354, 210.326339722, 210.76751709, 211.208709717, 211.626663208, 212.067840576, 212.509017944, 212.950195313, 213.391372681, 213.832565308, 214.273742676, 214.703308105, 215.132873535, 215.585662842, 216.02684021, 216.468017578, 216.897598267, 217.338775635, 217.779953003, 218.221130371, 218.650695801, 219.091873169, 219.521453857, 219.962631226, 220.403808594, 220.844985962, 221.28616333, 221.727340698, 222.168518066, 222.609695435, 223.050872803, 223.480453491, 223.910018921, 224.351196289, 224.792373657, 225.233551025, 225.663131714, 226.104309082, 226.54548645, 226.97505188, 227.40461731, 227.857406616, 228.298583984, 228.728164673, 229.157730103, 229.598907471, 230.040084839, 230.481262207, 230.922439575, 231.363616943, 231.80480957, 232.245986938, 232.687164307, 233.128341675, 233.557907104, 233.987472534, 234.405441284, 234.846618652, 235.287796021, 235.728973389, 236.170150757, 236.611328125, 237.052505493, 237.49369812, 237.934875488, 238.376052856, 238.817230225, 239.246795654, 239.676361084, 240.117553711, 240.558731079, 240.988296509, 241.417861938, 241.859039307, 242.300216675, 242.741394043, 243.18258667, 243.623764038, 244.064941406, 244.506118774, 244.947296143, 245.388473511, 245.829650879, 246.270828247, 246.712020874, 247.153198242, 247.582763672, 248.012329102, 248.465118408, 248.906295776, 249.347473145, 249.777053833, 250.218231201, 250.647796631, 251.077362061, 251.50692749, 251.936508179, 252.377685547, 252.830474854, 253.271652222, 253.724441528, 254.165618896, 254.595184326, 255.024749756, 255.465942383, 255.907119751, 256.348297119, 256.777862549, 257.207427979, 257.648620605, 258.089782715, 258.530975342, 258.972137451, 259.413330078, 259.854522705, 260.295684814, 260.725250244, 261.143218994, 261.572784424, 262.013977051, 262.45513916, 262.896331787, 263.325897217, 263.755462646, 264.196624756, 264.637817383, 265.07901001, 265.520172119, 265.949737549, 266.390930176, 266.843719482, 267.284881592, 267.726074219, 268.167236328, 268.608428955, 269.049621582, 269.490783691, 269.931976318, 270.361541748, 270.791107178, 271.220672607, 271.650238037, 272.091430664, 272.520996094, 272.950561523, 273.380126953, 273.82131958, 274.262481689, 274.703674316]
},
"tonal": {
    "chords_changes_rate": 0.0845426917076,
    "chords_number_rate": 0.00236247037537,
    "chords_strength": {
        "mean": 0.485803514719,
        "var": 0.0127972429618
    },
    "hpcp_entropy": {
        "mean": 2.1055328846,
        "var": 0.630465328693
    },
    "key_strength": 0.675421118736,
    "tuning_diatonic_strength": 0.418591916561,
    "tuning_equal_tempered_deviation": 0.283170849085,
    "tuning_frequency": 434.193115234,
    "tuning_nontempered_energy_ratio": 0.943246841431,
    "hpcp": {
        "mean": [0.203710839152, 0.222656205297, 0.125419154763, 0.0819600000978, 0.0844126269221, 0.0833367779851, 0.121496915817, 0.152447924018, 0.139117076993, 0.150376990438, 0.151731669903, 0.115770734847, 0.0924665555358, 0.0781981498003, 0.0754855051637, 0.17256359756, 0.231208622456, 0.144585683942, 0.128615528345, 0.15637357533, 0.122655972838, 0.171155571938, 0.230668619275, 0.188082784414, 0.181533530354, 0.155934751034, 0.0819062665105, 0.0671375766397, 0.0689368322492, 0.077590867877, 0.150678157806, 0.162566587329, 0.0934601575136, 0.0829932019114, 0.0893591344357, 0.109133258462],
        "var": [0.0811112821102, 0.0885603949428, 0.0399283207953, 0.0331523828208, 0.0395914055407, 0.030630774796, 0.0492200888693, 0.0724369809031, 0.0549899786711, 0.0645150691271, 0.0658694058657, 0.0468848757446, 0.0349399708211, 0.027560248971, 0.0221782140434, 0.0617284998298, 0.109563365579, 0.0399373397231, 0.040863301605, 0.0772471576929, 0.0424187704921, 0.063203074038, 0.106245338917, 0.0606089606881, 0.0704677775502, 0.0628000199795, 0.0233844164759, 0.017826307565, 0.0178030133247, 0.0216781310737, 0.0805740207434, 0.089420735836, 0.0297019928694, 0.0297246407717, 0.0334845297039, 0.0362599901855]
    },
    "chords_histogram": [12.5379686356, 7.59365510941, 1.24873435497, 7.54303073883, 1.11373603344, 0.978737771511, 0, 9.16301059723, 0.472494095564, 5.87242650986, 8.72426605225, 0.523118436337, 0.202497467399, 0.016874788329, 0.286871403456, 0, 0, 2.5987174511, 2.07559895515, 0.776240289211, 4.20182228088, 1.99122512341, 18.6128921509, 13.4660816193],
    "thpcp": [1, 0.62534725666, 0.55627477169, 0.676331043243, 0.530499100685, 0.74026465416, 0.997664451599, 0.813476502895, 0.78515034914, 0.674433112144, 0.354252636433, 0.290376603603, 0.298158556223, 0.335588127375, 0.651697814465, 0.703116476536, 0.40422436595, 0.358953744173, 0.386487036943, 0.472012072802, 0.881069362164, 0.963009953499, 0.54245018959, 0.354485064745, 0.365092903376, 0.360439747572, 0.525486111641, 0.659352242947, 0.601695001125, 0.650395274162, 0.656254351139, 0.50071978569, 0.399926930666, 0.338214665651, 0.326482236385, 0.746354520321],
    "chords_key": "D",
    "chords_scale": "minor",
    "key_key": "A",
    "key_scale": "minor"
}
}