{
"lowlevel": {
    "average_loudness": 0.87409222126,
    "barkbands_crest": {
        "mean": 12.0775518417,
        "var": 16.8876953125
    },
    "barkbands_flatness_db": {
        "mean": 0.239818900824,
        "var": 0.0054699042812
    },
    "barkbands_kurtosis": {
        "mean": 11.0780715942,
        "var": 149.501739502
    },
    "barkbands_skewness": {
        "mean": 2.17147135735,
        "var": 1.74113202095
    },
    "barkbands_spread": {
        "mean": 9.20912647247,
        "var": 143.654434204
    },
    "dissonance": {
        "mean": 0.411266177893,
        "var": 0.00214120326564
    },
    "dynamic_complexity": 4.2313375473,
    "erbbands_crest": {
        "mean": 11.7755174637,
        "var": 19.1877307892
    },
    "erbbands_flatness_db": {
        "mean": 0.224362850189,
        "var": 0.00326286721975
    },
    "erbbands_kurtosis": {
        "mean": 3.2365219593,
        "var": 28.6146430969
    },
    "erbbands_skewness": {
        "mean": 1.21227133274,
        "var": 0.979568660259
    },
    "erbbands_spread": {
        "mean": 25.6783943176,
        "var": 400.402496338
    },
    "hfc": {
        "mean": 11.985701561,
        "var": 141.574630737
    },
    "melbands_crest": {
        "mean": 14.7012701035,
        "var": 19.6038246155
    },
    "melbands_flatness_db": {
        "mean": 0.327619731426,
        "var": 0.00921513419598
    },
    "melbands_kurtosis": {
        "mean": 17.8741607666,
        "var": 376.336761475
    },
    "melbands_skewness": {
        "mean": 2.67224955559,
        "var": 2.28393816948
    },
    "melbands_spread": {
        "mean": 9.62924003601,
        "var": 154.72668457
    },
    "pitch_salience": {
        "mean": 0.533576309681,
        "var": 0.0108287874609
    },
    "silence_rate_20dB": {
        "mean": 1,
        "var": 0
    },
    "silence_rate_30dB": {
        "mean": 0.995332062244,
        "var": 0.00464606611058
    },
    "silence_rate_60dB": {
        "mean": 0.074050500989,
        "var": 0.0685652494431
    },
    "spectral_centroid": {
        "mean": 597.073425293,
        "var": 212522.296875
    },
    "spectral_complexity": {
        "mean": 10.0748996735,
        "var": 25.5679702759
    },
    "spectral_decrease": {
        "mean": -6.36092734041e-009,
        "var": 2.96130196073e-017
    },
    "spectral_energy": {
        "mean": 0.0250947680324,
        "var": 0.000455367291579
    },
    "spectral_energyband_high": {
        "mean": 0.000234259816352,
        "var": 4.47851050467e-007
    },
    "spectral_energyband_low": {
        "mean": 0.00457394076511,
        "var": 3.0133753171e-005
    },
    "spectral_energyband_middle_high": {
        "mean": 0.00273234327324,
        "var": 2.00666599994e-005
    },
    "spectral_energyband_middle_low": {
        "mean": 0.0185856297612,
        "var": 0.000304935092572
    },
    "spectral_entropy": {
        "mean": 6.3972492218,
        "var": 0.472605735064
    },
    "spectral_flux": {
        "mean": 0.0582204274833,
        "var": 0.0012376656523
    },
    "spectral_kurtosis": {
        "mean": 21.9383716583,
        "var": 931.253356934
    },
    "spectral_rms": {
        "mean": 0.00449776416644,
        "var": 4.25280222771e-006
    },
    "spectral_rolloff": {
        "mean": 747.195373535,
        "var": 1579573.5
    },
    "spectral_skewness": {
        "mean": 3.17623472214,
        "var": 3.78979563713
    },
    "spectral_spread": {
        "mean": 3459904.75,
        "var": 4.84336782541e+012
    },
    "spectral_strongpeak": {
        "mean": 1.05291259289,
        "var": 1.00401842594
    },
    "zerocrossingrate": {
        "mean": 0.0300157759339,
        "var": 0.00105957430787
    },
    "barkbands": {
        "mean": [2.60577508016e-006, 0.000887219503056, 0.00284296926111, 0.00194096099585, 0.00838165730238, 0.00476294150576, 0.000436525559053, 0.000894186203368, 0.00176747783553, 0.000562802248169, 0.000776019296609, 0.000138477684231, 0.000409554922953, 0.000375386705855, 0.000261469103862, 8.66612535901e-005, 0.000115579336125, 7.74215150159e-005, 0.000107842279249, 0.000100901124824, 3.79138691642e-005, 2.51814781222e-005, 3.18136335409e-005, 2.58503805526e-005, 3.46078450093e-005, 9.89166437648e-006, 8.63669868068e-007],
        "var": [2.10383169219e-011, 1.27264888761e-006, 1.67648013303e-005, 7.17750344847e-006, 0.000151584579726, 4.22613993578e-005, 8.91308104656e-007, 4.37960989075e-006, 1.80841998372e-005, 3.08733501697e-006, 4.27080158261e-006, 2.98516454222e-007, 1.47265905071e-006, 1.94146059584e-006, 7.80039385972e-007, 6.58267680365e-008, 1.60857155151e-007, 5.19943341715e-008, 4.70840895161e-008, 4.05496329847e-008, 9.46786915534e-009, 2.13331077248e-008, 4.09021296832e-008, 1.55671138202e-008, 3.12712984396e-008, 2.45161579926e-009, 1.94781933638e-011]
    },
    "erbbands": {
        "mean": [0.00463719293475, 0.317029923201, 2.96887016296, 4.9125995636, 13.6812114716, 29.0504398346, 41.514503479, 40.0331420898, 10.804479599, 15.6906499863, 18.8550128937, 48.8208656311, 21.8121776581, 12.7716302872, 29.4050636292, 9.65266418457, 19.3575325012, 13.5900707245, 20.933631897, 9.36790752411, 4.8381524086, 5.02701473236, 4.22683906555, 7.45226621628, 3.07459688187, 4.41062927246, 3.17522573471, 1.14811849594, 0.878314375877, 1.03161585331, 0.874883770943, 0.505084693432, 0.487361520529, 0.442482233047, 0.205018788576, 0.0590994507074, 0.0145454313606, 0.00317001412623, 0.000109613509267, 3.1216575735e-005],
        "var": [2.82233213511e-005, 0.17231836915, 19.0807056427, 31.6460990906, 1038.57897949, 1606.24291992, 2540.49731445, 3879.47900391, 634.182128906, 1395.49584961, 1077.98498535, 13365.7304688, 4560.36474609, 761.764404297, 6042.30566406, 808.952819824, 3410.49267578, 1371.83825684, 4304.78515625, 774.188842773, 173.313964844, 263.994293213, 180.4269104, 269.677368164, 31.0401515961, 71.1173248291, 41.5738525391, 9.90749359131, 26.5031394958, 42.8494606018, 30.5334014893, 6.87393856049, 5.98736810684, 5.57613229752, 0.960672795773, 0.103350043297, 0.00477311434224, 0.000172322470462, 2.01905976382e-007, 7.49182549331e-010]
    },
    "gfcc": {
        "mean": [-88.6867675781, 144.073394775, -90.2891769409, 12.2360515594, -53.8443412781, -5.48557186127, -44.5958900452, -4.9027504921, -37.1733055115, -4.29654741287, -15.8923273087, -12.4216051102, -3.07488894463],
        "cov": [[13860.0244141, -3130.71972656, -2651.27685547, 720.884094238, -945.591491699, 247.121871948, -136.540740967, 661.260620117, -901.806152344, 269.464630127, -303.552429199, -450.151062012, 206.167877197], [-3130.71972656, 2152.81176758, 265.484100342, -459.333129883, 586.18347168, -257.055267334, 266.767822266, -298.883026123, 210.184829712, -228.53843689, 214.656387329, -67.1290512085, 74.4691925049], [-2651.27685547, 265.484100342, 1237.99389648, -77.1528930664, 84.6931610107, 140.843078613, -93.5800170898, -126.949890137, 210.225708008, -42.8068580627, -40.015537262, 230.268966675, -130.769302368], [720.884094238, -459.333129883, -77.1528930664, 434.259979248, -77.3441314697, -22.3398513794, -83.8720092773, 64.2399673462, 38.4028892517, -19.589138031, -48.8279876709, 25.1311912537, -2.98404955864], [-945.591491699, 586.18347168, 84.6931610107, -77.3441314697, 370.172393799, -43.0905914307, 40.5386505127, -70.9785614014, 71.3050460815, -76.2165527344, 32.4073524475, 5.72192573547, 15.2200269699], [247.121871948, -257.055267334, 140.843078613, -22.3398513794, -43.0905914307, 255.661209106, -0.0947933718562, 1.87243008614, -38.7588577271, 57.4085578918, -32.5299491882, 2.07114553452, -36.1569862366], [-136.540740967, 266.767822266, -93.5800170898, -83.8720092773, 40.5386505127, -0.0947933718562, 203.747146606, -23.7482566833, -35.8166007996, -14.1652231216, 43.8147506714, -46.6901779175, 0.749460697174], [661.260620117, -298.883026123, -126.949890137, 64.2399673462, -70.9785614014, 1.87243008614, -23.7482566833, 187.594955444, -52.7654075623, 48.7061462402, -17.9755325317, -27.3221206665, 42.9660987854], [-901.806152344, 210.184829712, 210.225708008, 38.4028892517, 71.3050460815, -38.7588577271, -35.8166007996, -52.7654075623, 187.276947021, -48.333984375, -8.74606895447, 59.1850662231, -24.0411548615], [269.464630127, -228.53843689, -42.8068580627, -19.589138031, -76.2165527344, 57.4085578918, -14.1652231216, 48.7061462402, -48.333984375, 138.719909668, 0.478520601988, -31.5387649536, 4.95277500153], [-303.552429199, 214.656387329, -40.015537262, -48.8279876709, 32.4073524475, -32.5299491882, 43.8147506714, -17.9755325317, -8.74606895447, 0.478520601988, 112.505081177, -23.3435306549, 17.6485023499], [-450.151062012, -67.1290512085, 230.268966675, 25.1311912537, 5.72192573547, 2.07114553452, -46.6901779175, -27.3221206665, 59.1850662231, -31.5387649536, -23.3435306549, 149.810806274, -45.3555870056], [206.167877197, 74.4691925049, -130.769302368, -2.98404955864, 15.2200269699, -36.1569862366, 0.749460697174, 42.9660987854, -24.0411548615, 4.95277500153, 17.6485023499, -45.3555870056, 116.166755676]],
        "icov": [[0.000268206611509, 6.78599008097e-006, 0.000495465646964, -0.000230514633586, 0.000275126774795, -0.000380715617212, 0.000249006290687, -0.000219501322135, 0.000672368274536, 0.000252474565059, 0.000509189092554, -4.10324958011e-007, 4.73754153063e-005], [6.78599008097e-006, 0.00398352229968, -0.00113212317228, 0.00249730842188, -0.00310288369656, 0.00259010819718, -0.00268663512543, 0.00251015997492, -0.00256695225835, 0.0025464494247, -0.00298142107204, 0.00318324309774, -0.00241837161593], [0.000495465646964, -0.00113212317228, 0.00284144817851, -0.000683159509208, 0.00128532724921, -0.00244408589788, 0.00160792423412, -0.000951939378865, 0.000659650017042, -0.000248663505772, 0.00165928632487, -0.00261584483087, 0.00131380592939], [-0.000230514633586, 0.00249730842188, -0.000683159509208, 0.00479321600869, -0.00163843168411, 0.00182952312753, -0.000996729475446, 0.000749802216887, -0.00327892857604, 0.00229377276264, -0.00177183083724, 0.00168224808294, -0.00117489055265], [0.000275126774795, -0.00310288369656, 0.00128532724921, -0.00163843168411, 0.00629819650203, -0.00239958218299, 0.00197365810163, -0.00165005284362, 0.0015834684018, -0.00022699823603, 0.00238100951537, -0.00213510286994, 0.0010731855873], [-0.000380715617212, 0.00259010819718, -0.00244408589788, 0.00182952312753, -0.00239958218299, 0.00772294495255, -0.00257622590289, 0.00225620903075, -0.000955795054324, -0.000701207027305, -0.00112045009155, 0.00291954772547, -0.000646544620395], [0.000249006290687, -0.00268663512543, 0.00160792423412, -0.000996729475446, 0.00197365810163, -0.00257622590289, 0.00854214653373, -0.00165693485178, 0.00308248377405, -0.000144485267811, 0.000679243472405, -0.000728684710339, 0.00281848409213], [-0.000219501322135, 0.00251015997492, -0.000951939378865, 0.000749802216887, -0.00165005284362, 0.00225620903075, -0.00165693485178, 0.0093573378399, -0.000865152629558, -0.000661143567413, -0.00117694644723, 0.00181216548663, -0.00406828103587], [0.000672368274536, -0.00256695225835, 0.000659650017042, -0.00327892857604, 0.0015834684018, -0.000955795054324, 0.00308248377405, -0.000865152629558, 0.0120544582605, -0.000370439200196, 0.00356638012454, -0.0025544075761, 0.00187711557373], [0.000252474565059, 0.0025464494247, -0.000248663505772, 0.00229377276264, -0.00022699823603, -0.000701207027305, -0.000144485267811, -0.000661143567413, -0.000370439200196, 0.0123200174421, -0.00259926426224, 0.00379071058705, -0.000971548201051], [0.000509189092554, -0.00298142107204, 0.00165928632487, -0.00177183083724, 0.00238100951537, -0.00112045009155, 0.000679243472405, -0.00117694644723, 0.00356638012454, -0.00259926426224, 0.0141458772123, -0.00169646705035, 0.000637586228549], [-4.10324958011e-007, 0.00318324309774, -0.00261584483087, 0.00168224808294, -0.00213510286994, 0.00291954772547, -0.000728684710339, 0.00181216548663, -0.0025544075761, 0.00379071058705, -0.00169646705035, 0.0136738652363, 0.000487767974846], [4.73754153063e-005, -0.00241837161593, 0.00131380592939, -0.00117489055265, 0.0010731855873, -0.000646544620395, 0.00281848409213, -0.00406828103587, 0.00187711557373, -0.000971548201051, 0.000637586228549, 0.000487767974846, 0.0131914820522]]
    },
    "melbands": {
        "mean": [0.000127796811284, 0.00115380831994, 0.0011051420588, 0.00147585989907, 0.00160665682051, 0.000882538151927, 0.000134617192089, 0.000186049481272, 0.000200896291062, 0.000272972742096, 9.70558394329e-005, 4.36601476395e-005, 0.000112147157779, 2.72483848676e-005, 3.77420583391e-005, 3.10041432385e-005, 2.78703373624e-005, 3.98580268666e-005, 1.31465112645e-005, 9.80936965789e-006, 5.5084392443e-006, 5.51858465769e-006, 4.34199773736e-006, 4.5533206503e-006, 6.43696239422e-006, 2.67962104772e-006, 1.87547652786e-006, 3.32547369908e-006, 2.66026609097e-006, 9.54502638706e-007, 5.09318056174e-007, 5.07814206685e-007, 4.77777348351e-007, 6.07410640896e-007, 5.43988846857e-007, 3.62929313269e-007, 2.8481025538e-007, 3.20721397884e-007, 3.71481945649e-007, 3.85108251066e-007],
        "var": [2.49745735204e-008, 2.68413964477e-006, 2.36211803895e-006, 6.1301234382e-006, 3.66041194866e-006, 1.71941371718e-006, 1.14342853408e-007, 2.1554924956e-007, 1.57767857445e-007, 3.99415057473e-007, 1.11941851344e-007, 1.05442854448e-008, 9.06975969883e-008, 7.52330286957e-009, 1.35192079753e-008, 7.75958142185e-009, 8.01016586394e-009, 1.73476912835e-008, 1.5442084278e-009, 8.42539371604e-010, 3.53798962349e-010, 3.1812133483e-010, 4.21875867573e-010, 1.7126726426e-010, 2.195199994e-010, 2.9074269034e-011, 1.54501463706e-011, 4.24176735403e-011, 3.17578012499e-011, 1.26459398508e-011, 2.20101194215e-012, 1.0235990007e-011, 9.36474682522e-012, 1.62640352575e-011, 1.28438804731e-011, 4.32011544593e-012, 2.22984933469e-012, 2.64972787635e-012, 3.98133652782e-012, 4.54849699572e-012]
    },
    "mfcc": {
        "mean": [-738.110961914, 174.737106323, 19.4483890533, 22.3389377594, 8.03294086456, -4.88908338547, 5.94394445419, -16.1992645264, -4.71671104431, -6.12033176422, -11.5843400955, -8.10595798492, -9.79878807068],
        "cov": [[10590.2783203, -1542.00488281, -2203.42138672, 122.842926025, -658.885009766, -652.847961426, 634.610229492, -468.961364746, 252.314575195, 190.818634033, -93.7945709229, -86.5534362793, -537.443054199], [-1542.00488281, 1822.64575195, -97.8680801392, -171.697250366, 108.687309265, 85.6506729126, 137.072845459, 42.8626823425, -29.3680686951, -54.2410316467, -27.5511646271, -4.86357688904, 91.2733917236], [-2203.42138672, -97.8680801392, 1131.03295898, -93.3267288208, 145.209289551, 263.096282959, -263.076477051, 192.195220947, -67.4838485718, -47.812587738, 36.2782440186, 11.1578960419, 150.810317993], [122.842926025, -171.697250366, -93.3267288208, 331.531188965, 43.5723838806, -84.2197952271, -68.5338363647, 40.3175392151, 22.2400150299, -13.0875492096, -38.2955131531, 46.9928588867, -21.6866340637], [-658.885009766, 108.687309265, 145.209289551, 43.5723838806, 304.300811768, 49.9988212585, -96.7360458374, 61.3255310059, 32.4563407898, -29.7558994293, -20.0590572357, 12.3956460953, 30.4487304688], [-652.847961426, 85.6506729126, 263.096282959, -84.2197952271, 49.9988212585, 276.264160156, -57.3466072083, 80.5422439575, -57.6230621338, 10.9649801254, 33.2902183533, -66.750328064, 78.1038818359], [634.610229492, 137.072845459, -263.076477051, -68.5338363647, -96.7360458374, -57.3466072083, 327.018737793, -109.920684814, 29.5729064941, 39.0298652649, 30.9536457062, -7.37383460999, -56.9078102112], [-468.961364746, 42.8626823425, 192.195220947, 40.3175392151, 61.3255310059, 80.5422439575, -109.920684814, 207.607681274, -29.6403598785, -34.5253257751, -20.9639434814, -0.179315283895, 65.7195205688], [252.314575195, -29.3680686951, -67.4838485718, 22.2400150299, 32.4563407898, -57.6230621338, 29.5729064941, -29.6403598785, 139.361618042, 7.36678647995, -8.76249980927, 7.33405590057, -27.2742557526], [190.818634033, -54.2410316467, -47.812587738, -13.0875492096, -29.7558994293, 10.9649801254, 39.0298652649, -34.5253257751, 7.36678647995, 116.096511841, 20.641620636, -20.8765068054, -25.4513111115], [-93.7945709229, -27.5511646271, 36.2782440186, -38.2955131531, -20.0590572357, 33.2902183533, 30.9536457062, -20.9639434814, -8.76249980927, 20.641620636, 105.132324219, -13.0120000839, -2.1455206871], [-86.5534362793, -4.86357688904, 11.1578960419, 46.9928588867, 12.3956460953, -66.750328064, -7.37383460999, -0.179315283895, 7.33405590057, -20.8765068054, -13.0120000839, 121.932167053, -9.93437576294], [-537.443054199, 91.2733917236, 150.810317993, -21.6866340637, 30.4487304688, 78.1038818359, -56.9078102112, 65.7195205688, -27.2742557526, -25.4513111115, -2.1455206871, -9.93437576294, 114.762733459]],
        "icov": [[0.00026506226277, 0.000244280614424, 0.000436084344983, 0.000163689561305, 0.000236134801526, -8.03727016319e-006, -0.00015024174354, -0.000172640371602, -0.000211133330595, 2.46710460488e-005, 0.000270906806691, 0.000139208656037, 0.000444487930508], [0.000244280614424, 0.000929288682528, 0.000600780418608, 0.00053812970873, -0.000171549851075, -0.000149676721776, -0.000568097864743, -0.000352203729562, -2.83585704892e-005, 0.000264037691522, 0.00049642578233, -6.44239116809e-005, -0.000160009047249], [0.000436084344983, 0.000600780418608, 0.00235787359998, 0.000877102080267, 7.86058735684e-005, -0.0010265376186, 0.000534363789484, -0.000848528405186, -0.000387271953514, 0.000223147784709, -9.92715285975e-005, -0.000711993721779, -4.57198439108e-005], [0.000163689561305, 0.00053812970873, 0.000877102080267, 0.00431153690442, -0.000487270677695, 0.000828020332847, 0.000649762921967, -0.00138387270272, -0.000221168898861, -0.000162620039191, 0.000636763055809, -0.000968361739069, 0.000520620087627], [0.000236134801526, -0.000171549851075, 7.86058735684e-005, -0.000487270677695, 0.00460262456909, -0.000921321799979, 0.000841830624267, -0.00031691629556, -0.00188852660358, 0.000530701130629, 0.000540546898264, -0.000260614964645, 0.000708102365024], [-8.03727016319e-006, -0.000149676721776, -0.0010265376186, 0.000828020332847, -0.000921321799979, 0.00735883321613, -0.000159607428941, -0.00129802164156, 0.00177004281431, -0.00142143410631, -0.0013288448099, 0.00320656364784, -0.00215455959551], [-0.00015024174354, -0.000568097864743, 0.000534363789484, 0.000649762921967, 0.000841830624267, -0.000159607428941, 0.00510841608047, 0.00117504654918, -0.000707599276211, -0.000543196219951, -0.00128352944739, -0.000432366534369, 0.000564247369766], [-0.000172640371602, -0.000352203729562, -0.000848528405186, -0.00138387270272, -0.00031691629556, -0.00129802164156, 0.00117504654918, 0.00780716119334, 0.000571651034988, 0.000869927403983, 0.000923124083783, -9.22817635001e-005, -0.00225743674673], [-0.000211133330595, -2.83585704892e-005, -0.000387271953514, -0.000221168898861, -0.00188852660358, 0.00177004281431, -0.000707599276211, 0.000571651034988, 0.0088879307732, -0.000568213232327, 0.000174584114575, 0.000487738841912, 0.000150865802425], [2.46710460488e-005, 0.000264037691522, 0.000223147784709, -0.000162620039191, 0.000530701130629, -0.00142143410631, -0.000543196219951, 0.000869927403983, -0.000568213232327, 0.0103020193055, -0.00106329529081, 0.00104278698564, 0.00186068634503], [0.000270906806691, 0.00049642578233, -9.92715285975e-005, 0.000636763055809, 0.000540546898264, -0.0013288448099, -0.00128352944739, 0.000923124083783, 0.000174584114575, -0.00106329529081, 0.011500986293, 0.000213774750591, 0.000759693561122], [0.000139208656037, -6.44239116809e-005, -0.000711993721779, -0.000968361739069, -0.000260614964645, 0.00320656364784, -0.000432366534369, -9.22817635001e-005, 0.000487738841912, 0.00104278698564, 0.000213774750591, 0.0107008777559, 0.000458603783045], [0.000444487930508, -0.000160009047249, -4.57198439108e-005, 0.000520620087627, 0.000708102365024, -0.00215455959551, 0.000564247369766, -0.00225743674673, 0.000150865802425, 0.00186068634503, 0.000759693561122, 0.000458603783045, 0.0144343106076]]
    },
    "spectral_contrast_coeffs": {
        "mean": [-0.553730666637, -0.644942462444, -0.720036387444, -0.753527700901, -0.770231962204, -0.777323246002],
        "var": [0.00648049451411, 0.00752283632755, 0.00787846837193, 0.00557031156495, 0.0047413231805, 0.0030558006838]
    },
    "spectral_contrast_valleys": {
        "mean": [-7.57291936874, -7.35106372833, -8.30630016327, -8.99708366394, -9.32841300964, -11.9663038254],
        "var": [0.811313569546, 0.8125218153, 1.07363629341, 1.24224495888, 1.91294229031, 2.43700456619]
    }
},
"metadata": {
    "audio_properties": {
        "analysis_sample_rate": 44100,
        "bit_rate": 128000,
        "equal_loudness": 0,
        "length": 109.400817871,
        "lossless": 0,
        "replay_gain": -9.70489120483,
        "sample_rate": 44100,
        "codec": "mp3",
        "downmix": "mix",
        "md5_encoded": "7f60179a76cbad89dadd1f3ada8fb63a"
    },
    "tags": {
        "file_name": "2031.mp3",
        "album": ["Rust"],
        "artist": ["No, Really"],
        "encoding": ["LAME 64bits version 3.99.5 (http:\/\/lame.sf.net)"],
        "genre": ["Pop"],
        "length": ["109353"],
        "title": ["Go"],
        "tracknumber": ["05"]
    },
    "version": {
        "essentia": "2.1-beta2",
        "essentia_git_sha": "v2.1_beta2",
        "extractor": "music 1.0"
    }
},
"rhythm": {
    "beats_count": 214,
    "beats_loudness": {
        "mean": 0.039551846683,
        "var": 0.0010901534697
    },
    "bpm": 106.783164978,
    "bpm_histogram_first_peak_bpm": {
        "mean": 108,
        "var": 0
    },
    "bpm_histogram_first_peak_spread": {
        "mean": 0.530973434448,
        "var": 0
    },
    "bpm_histogram_first_peak_weight": {
        "mean": 0.248826295137,
        "var": 0
    },
    "bpm_histogram_second_peak_bpm": {
        "mean": 157,
        "var": 0
    },
    "bpm_histogram_second_peak_spread": {
        "mean": 0.395833283663,
        "var": 0
    },
    "bpm_histogram_second_peak_weight": {
        "mean": 0.136150240898,
        "var": 0
    },
    "danceability": 1.05174326897,
    "onset_rate": 2.9978313446,
    "beats_loudness_band_ratio": {
        "mean": [0.421665012836, 0.48687505722, 0.125867798924, 0.0504389926791, 0.0261293053627, 0.0103389816359],
        "var": [0.051861949265, 0.0324551314116, 0.0151886222884, 0.00576071860269, 0.00187929614913, 0.000772997154854]
    },
    "beats_position": [0.615328788757, 1.24226760864, 1.8575963974, 2.46131515503, 3.05342388153, 3.65714287758, 4.23764181137, 4.841360569, 5.4334692955, 6.025578022, 6.6176867485, 7.18657588959, 7.74385452271, 8.31274318695, 8.893242836, 9.47374153137, 10.0426301956, 10.6115188599, 11.1920175552, 11.7609071732, 12.3297958374, 12.8986845016, 13.4675731659, 14.0248527527, 14.5937414169, 15.1626300812, 15.7199087143, 16.2771873474, 16.8344669342, 17.391746521, 17.9722442627, 18.5527439117, 19.1332416534, 19.6905212402, 20.2594108582, 20.8282985687, 21.3971881866, 21.9660758972, 22.5349655151, 23.1038551331, 23.6611328125, 24.2184123993, 24.7873020172, 25.3561897278, 25.9250793457, 26.4823570251, 27.0280265808, 27.5969161987, 28.1658039093, 28.7463035583, 29.3151912689, 29.8840808868, 30.4529705048, 31.0218582153, 31.5907478333, 32.171245575, 32.8214035034, 33.4715652466, 34.1333312988, 34.7718811035, 35.4104309082, 35.9677085876, 36.5249862671, 37.0822677612, 37.6395454407, 38.1852149963, 38.7541046143, 39.3113822937, 39.8802719116, 40.4491615295, 41.006439209, 41.5637168884, 42.1209983826, 42.6666641235, 43.2239456177, 43.7812232971, 44.3268928528, 44.8841705322, 45.4182319641, 45.9755096436, 46.532787323, 47.1016769409, 47.6705665588, 48.2162361145, 48.7619056702, 49.3191833496, 49.8764610291, 50.4337387085, 50.9910202026, 51.5366897583, 52.0823554993, 52.6280250549, 53.1736946106, 53.73097229, 54.2882537842, 54.8455314636, 55.4028091431, 55.9600906372, 56.5173683167, 57.0862579346, 57.6551475525, 58.2124252319, 58.7697029114, 59.3037643433, 59.8610420227, 60.4183197021, 60.9639892578, 61.5096588135, 62.0669364929, 62.6126060486, 63.1582756042, 63.7155532837, 64.2728347778, 64.8301086426, 65.3873901367, 65.9562835693, 66.5251693726, 67.0824508667, 67.6397247314, 68.1970062256, 68.7542877197, 69.3115615845, 69.8688430786, 70.4261245728, 70.9833984375, 71.5638961792, 72.1444015503, 72.724899292, 73.2937850952, 73.8510665894, 74.4199523926, 74.9888458252, 75.5577316284, 76.1266174316, 76.6955108643, 77.2643966675, 77.8332901001, 78.4137878418, 78.9710617065, 79.5399551392, 80.0972290039, 80.46875, 80.8518829346, 81.2466201782, 81.6297454834, 82.012878418, 82.4076156616, 82.7791366577, 83.1506576538, 83.533782959, 83.9053039551, 84.2884368896, 84.6831741333, 85.0546951294, 85.4262084961, 85.7977294922, 86.1808624268, 86.5639877319, 86.935508728, 87.3070297241, 87.6901550293, 88.0732879639, 88.44480896, 88.8163223267, 89.1878433228, 89.5709762573, 89.9541015625, 90.3488388062, 90.7435836792, 91.1267089844, 91.5098419189, 91.8929672241, 92.2761001587, 92.6592254639, 93.03074646, 93.4138793945, 93.7853927612, 94.1569137573, 94.5400466919, 94.9231719971, 95.3063049316, 95.7010421753, 96.0841674805, 96.4556884766, 96.8272094727, 97.1871185303, 97.5470275879, 97.9301605225, 98.3132858276, 98.6964187622, 99.0795440674, 99.462677002, 99.8458023071, 100.217323303, 100.612060547, 100.983581543, 101.355102539, 101.726615906, 102.098136902, 102.469657898, 102.864395142, 103.259140015, 103.653877258, 104.048614502, 104.431747437, 104.814872742, 105.209609985, 105.720451355, 106.219680786, 106.718910217, 107.218139648, 107.71736908, 108.216598511, 108.715827942]
},
"tonal": {
    "chords_changes_rate": 0.0207891389728,
    "chords_number_rate": 0.00212134071626,
    "chords_strength": {
        "mean": 0.612862944603,
        "var": 0.00648236321285
    },
    "hpcp_entropy": {
        "mean": 1.39601194859,
        "var": 0.666574418545
    },
    "key_strength": 0.787159144878,
    "tuning_diatonic_strength": 0.590952038765,
    "tuning_equal_tempered_deviation": 0.0539575815201,
    "tuning_frequency": 441.017791748,
    "tuning_nontempered_energy_ratio": 0.65766453743,
    "hpcp": {
        "mean": [0.148422643542, 0.0738474726677, 0.0147517835721, 0.00590447476134, 0.00704891653731, 0.0335510186851, 0.0602883510292, 0.0710650458932, 0.320553898811, 0.49760350585, 0.240609437227, 0.0307750739157, 0.0114506809041, 0.0153248822317, 0.0558019690216, 0.0854204744101, 0.057671263814, 0.0253476072103, 0.0147356949747, 0.0561889410019, 0.27685752511, 0.364899426699, 0.173890054226, 0.0893772691488, 0.084338888526, 0.0384521745145, 0.0132650537416, 0.0134190423414, 0.0494724474847, 0.219011083245, 0.329128116369, 0.208256825805, 0.0894257873297, 0.0524276569486, 0.0614732839167, 0.128313750029],
        "var": [0.0876712724566, 0.0297973267734, 0.00225416035391, 0.0016290663043, 0.001589179039, 0.00445554405451, 0.0132695017383, 0.0136461257935, 0.084963299334, 0.167710900307, 0.0580225586891, 0.0117983305827, 0.00368503271602, 0.00565065210685, 0.0306430216879, 0.0589279346168, 0.0317252390087, 0.0117685087025, 0.00602568965405, 0.00958875380456, 0.0720017179847, 0.120894901454, 0.0501932352781, 0.0519713722169, 0.0555872581899, 0.0182047858834, 0.00318300165236, 0.00227399263531, 0.0109299067408, 0.0649854838848, 0.109006628394, 0.0698600485921, 0.0336433239281, 0.0169379897416, 0.025144604966, 0.0689508542418]
    },
    "chords_histogram": [66.6525268555, 0, 0.169707253575, 0, 0, 0, 3.18201112747, 0.0848536267877, 0.509121775627, 0, 0, 0, 0, 0, 0, 0, 0, 1.56979215145, 0, 0, 0, 0.169707253575, 2.03648710251, 25.6257953644],
    "thpcp": [1, 0.483536452055, 0.0618465766311, 0.023011656478, 0.0307973753661, 0.112141430378, 0.171663731337, 0.115898028016, 0.0509393662214, 0.0296133253723, 0.112919099629, 0.556381762028, 0.73331362009, 0.349455028772, 0.179615437984, 0.169490143657, 0.0772747248411, 0.0266578774899, 0.0269673392177, 0.0994214192033, 0.440131723881, 0.66142642498, 0.418519616127, 0.179712936282, 0.105360306799, 0.123538687825, 0.257863432169, 0.29827490449, 0.148406252265, 0.0296456590295, 0.0118658225983, 0.0141657292843, 0.0674252063036, 0.121157407761, 0.142814606428, 0.644195437431],
    "chords_key": "C",
    "chords_scale": "major",
    "key_key": "C",
    "key_scale": "major"
}
}