{
"lowlevel": {
    "average_loudness": 0.615739345551,
    "barkbands_crest": {
        "mean": 11.1018161774,
        "var": 17.1822814941
    },
    "barkbands_flatness_db": {
        "mean": 0.210072085261,
        "var": 0.003417348722
    },
    "barkbands_kurtosis": {
        "mean": 4.92109966278,
        "var": 128.341384888
    },
    "barkbands_skewness": {
        "mean": 1.61058819294,
        "var": 1.75280737877
    },
    "barkbands_spread": {
        "mean": 15.1256895065,
        "var": 99.0427398682
    },
    "dissonance": {
        "mean": 0.447334438562,
        "var": 0.00152134289965
    },
    "dynamic_complexity": 4.01066160202,
    "erbbands_crest": {
        "mean": 9.899559021,
        "var": 17.8278141022
    },
    "erbbands_flatness_db": {
        "mean": 0.226243332028,
        "var": 0.00349720520899
    },
    "erbbands_kurtosis": {
        "mean": 0.313325256109,
        "var": 7.62117910385
    },
    "erbbands_skewness": {
        "mean": 0.160232335329,
        "var": 0.711495161057
    },
    "erbbands_spread": {
        "mean": 29.7577095032,
        "var": 241.961975098
    },
    "hfc": {
        "mean": 14.0940389633,
        "var": 291.828308105
    },
    "melbands_crest": {
        "mean": 15.235499382,
        "var": 29.8553848267
    },
    "melbands_flatness_db": {
        "mean": 0.281160801649,
        "var": 0.0052202376537
    },
    "melbands_kurtosis": {
        "mean": 13.4698896408,
        "var": 872.324829102
    },
    "melbands_skewness": {
        "mean": 2.51386070251,
        "var": 3.33849406242
    },
    "melbands_spread": {
        "mean": 17.0903320313,
        "var": 187.135635376
    },
    "pitch_salience": {
        "mean": 0.525922596455,
        "var": 0.0131918806583
    },
    "silence_rate_20dB": {
        "mean": 0.995689094067,
        "var": 0.0042925379239
    },
    "silence_rate_30dB": {
        "mean": 0.93560552597,
        "var": 0.0602502152324
    },
    "silence_rate_60dB": {
        "mean": 0.149939373136,
        "var": 0.127439245582
    },
    "spectral_centroid": {
        "mean": 995.23815918,
        "var": 300025.5625
    },
    "spectral_complexity": {
        "mean": 14.7241010666,
        "var": 87.7122802734
    },
    "spectral_decrease": {
        "mean": -9.89740378543e-009,
        "var": 2.28024260486e-016
    },
    "spectral_energy": {
        "mean": 0.0386334620416,
        "var": 0.00334091181867
    },
    "spectral_energyband_high": {
        "mean": 0.000236098116147,
        "var": 5.34228888682e-007
    },
    "spectral_energyband_low": {
        "mean": 0.0238598883152,
        "var": 0.00284387380816
    },
    "spectral_energyband_middle_high": {
        "mean": 0.00417080521584,
        "var": 3.65826199413e-005
    },
    "spectral_energyband_middle_low": {
        "mean": 0.0109546286985,
        "var": 8.99323422345e-005
    },
    "spectral_entropy": {
        "mean": 7.04708385468,
        "var": 0.217535629869
    },
    "spectral_flux": {
        "mean": 0.0905113592744,
        "var": 0.00746494159102
    },
    "spectral_kurtosis": {
        "mean": 9.42868995667,
        "var": 73.4595108032
    },
    "spectral_rms": {
        "mean": 0.00515576452017,
        "var": 1.11091767394e-005
    },
    "spectral_rolloff": {
        "mean": 960.768798828,
        "var": 696215.375
    },
    "spectral_skewness": {
        "mean": 1.84246993065,
        "var": 0.62512075901
    },
    "spectral_spread": {
        "mean": 2738028.5,
        "var": 1.97402217677e+012
    },
    "spectral_strongpeak": {
        "mean": 0.650844395161,
        "var": 0.558257579803
    },
    "zerocrossingrate": {
        "mean": 0.0360511802137,
        "var": 0.000455165369203
    },
    "barkbands": {
        "mean": [0.00164651451632, 0.0177980605513, 0.0038725710474, 0.00162129336968, 0.00343513442203, 0.00247928267345, 0.00147717783693, 0.00115602673031, 0.00069464702392, 0.000736930407584, 0.000309163762722, 0.000557671999559, 0.000457579822978, 0.000308553280775, 0.000358853983926, 0.000339524180163, 0.000563496025279, 0.000384685874451, 0.000161428688443, 6.47575216135e-005, 7.70513870521e-005, 4.54298060504e-005, 1.9214605345e-005, 5.23495145899e-005, 1.42788967423e-005, 1.63098923167e-006, 1.40591367881e-007],
        "var": [2.22864000534e-005, 0.00188297627028, 8.68930510478e-005, 1.15640041258e-005, 1.86783890967e-005, 1.2096543287e-005, 8.01340229373e-006, 3.35361437465e-006, 1.75429090632e-006, 3.70301472685e-006, 5.08264349719e-007, 1.32816398946e-006, 1.2386360595e-006, 4.55518090803e-007, 4.80214225718e-007, 9.34040429001e-007, 3.04597051581e-006, 1.40903978263e-006, 3.13868952162e-007, 3.73469539738e-008, 6.19614510811e-008, 3.15407682194e-008, 3.0416766883e-009, 1.3285375644e-007, 9.59711332627e-009, 8.41535868767e-011, 4.8452312041e-013]
    },
    "erbbands": {
        "mean": [0.671664774418, 3.33014464378, 4.84087896347, 5.25293540955, 6.54695129395, 12.2221927643, 23.3847808838, 16.5783195496, 18.7103977203, 23.5996208191, 27.0112094879, 14.4854412079, 18.1222820282, 25.4537620544, 16.0899620056, 22.0640048981, 21.3469486237, 18.7390899658, 19.5058879852, 14.3775367737, 22.985824585, 30.8224086761, 23.6464118958, 13.9639348984, 5.42899131775, 3.08312344551, 2.95753979683, 2.9543094635, 1.772580266, 0.85240316391, 0.549642443657, 0.918359100819, 0.829462945461, 0.26072704792, 0.0611835792661, 0.00919805653393, 0.00294851697981, 0.000595468329266, 3.52390452463e-005, 4.41635929747e-005],
        "var": [3.27193212509, 67.7508773804, 151.904693604, 118.744651794, 147.265472412, 320.759307861, 1265.91540527, 866.473205566, 1350.87109375, 2135.84814453, 1899.6505127, 664.6640625, 831.449768066, 4696.84667969, 951.319946289, 1936.43029785, 2758.04345703, 1531.6940918, 1265.24328613, 1030.03015137, 4325.19775391, 9364.09277344, 4630.33496094, 2522.19677734, 216.860809326, 71.3596420288, 81.9708786011, 101.559066772, 54.510471344, 8.04053974152, 2.89328718185, 32.7033576965, 37.1314964294, 3.17755317688, 0.178801313043, 0.00322672864422, 0.000261276290985, 7.30774399926e-006, 8.90949181098e-009, 4.13173628644e-009]
    },
    "gfcc": {
        "mean": [-74.8167877197, 163.074905396, -146.003234863, 26.8272533417, -40.3918190002, -5.39068078995, -22.7375087738, -6.37804412842, -8.46622467041, -8.49803352356, -3.62387943268, -2.19040417671, -1.14759135246],
        "cov": [[9379.63769531, -1306.82202148, 1810.26452637, 1276.25512695, -24.2488212585, 1510.65844727, -225.787445068, 816.847229004, 246.555023193, 387.632995605, 264.022338867, 148.135894775, -24.3011131287], [-1306.82202148, 1756.85754395, 31.0103492737, -249.296783447, 621.477722168, -333.038818359, 385.213348389, -176.514785767, 130.074020386, -150.140640259, 73.4407348633, -89.4158935547, 95.5335083008], [1810.26452637, 31.0103492737, 1409.04772949, 478.796783447, 249.224075317, 641.026062012, 13.6287250519, 297.360168457, 31.0207424164, 98.2886886597, 0.906113803387, 3.5022110939, -18.7411174774], [1276.25512695, -249.296783447, 478.796783447, 710.057739258, 183.871963501, 290.251312256, 57.2438621521, 173.83404541, 68.3592681885, 51.7116165161, -14.0200386047, 74.8945007324, -41.1051483154], [-24.2488212585, 621.477722168, 249.224075317, 183.871963501, 545.593505859, 42.359375, 161.434509277, 66.6714630127, 87.7513961792, -25.9690208435, 10.8077878952, 23.3867473602, 24.7800865173], [1510.65844727, -333.038818359, 641.026062012, 290.251312256, 42.359375, 546.133972168, -45.9683990479, 234.540786743, 19.6498641968, 100.530128479, 34.5641593933, 3.70645236969, -10.5426959991], [-225.787445068, 385.213348389, 13.6287250519, 57.2438621521, 161.434509277, -45.9683990479, 231.338180542, -23.9724311829, 62.8498954773, -18.6294803619, 7.27043771744, -3.16402697563, 5.94299602509], [816.847229004, -176.514785767, 297.360168457, 173.83404541, 66.6714630127, 234.540786743, -23.9724311829, 236.118927002, 38.1422233582, 52.1774711609, 26.5575656891, 16.1879138947, -3.20294451714], [246.555023193, 130.074020386, 31.0207424164, 68.3592681885, 87.7513961792, 19.6498641968, 62.8498954773, 38.1422233582, 135.241104126, 27.5223884583, 38.943862915, 20.0447483063, 16.1032924652], [387.632995605, -150.140640259, 98.2886886597, 51.7116165161, -25.9690208435, 100.530128479, -18.6294803619, 52.1774711609, 27.5223884583, 108.212837219, 37.8729972839, 13.1361427307, -10.7929649353], [264.022338867, 73.4407348633, 0.906113803387, -14.0200386047, 10.8077878952, 34.5641593933, 7.27043771744, 26.5575656891, 38.943862915, 37.8729972839, 134.033798218, 8.31142520905, 31.4916439056], [148.135894775, -89.4158935547, 3.5022110939, 74.8945007324, 23.3867473602, 3.70645236969, -3.16402697563, 16.1879138947, 20.0447483063, 13.1361427307, 8.31142520905, 107.526954651, 16.7136077881], [-24.3011131287, 95.5335083008, -18.7411174774, -41.1051483154, 24.7800865173, -10.5426959991, 5.94299602509, -3.20294451714, 16.1032924652, -10.7929649353, 31.4916439056, 16.7136077881, 94.847618103]],
        "icov": [[0.000253454927588, -8.65353140398e-005, -7.43145574233e-006, -0.000277921411907, 0.000245908799116, -0.000464195676614, 0.000250544631854, -0.00020990500343, -0.000281506334431, -7.17761431588e-005, -0.000251220189966, -0.000151582120452, 4.1302995669e-005], [-8.65353140398e-005, 0.00470808334649, -0.00198612338863, 0.00223621423356, -0.00421646097675, 0.00293160183355, -0.0037065690849, 0.00227386131883, -0.00172106968239, 0.00308797811158, -0.00308375316672, 0.00330020277761, -0.0013651890913], [-7.43145574233e-006, -0.00198612338863, 0.00265146628954, -0.00120326306205, 0.00113662425429, -0.00305841560476, 0.00142293900717, -0.00103825633414, 0.00113777432125, -0.00145172432531, 0.00182157091331, -0.00108141300734, 0.000467275938718], [-0.000277921411907, 0.00223621423356, -0.00120326306205, 0.00376783544198, -0.00249040150084, 0.0010050694691, -0.00240325485356, 0.000730592699256, -0.00111187761649, 0.00166622176766, -0.00063553522341, -5.82220782235e-005, 0.000608832982834], [0.000245908799116, -0.00421646097675, 0.00113662425429, -0.00249040150084, 0.00683460664004, -0.00222873291932, 0.00190568773542, -0.00287243863568, 0.000455321016489, -0.00164458120707, 0.00241371011361, -0.00324988272041, 0.000712312932592], [-0.000464195676614, 0.00293160183355, -0.00305841560476, 0.0010050694691, -0.00222873291932, 0.00854332465678, -0.00215100008063, -0.00116482947487, 7.87353128544e-005, -7.61156479712e-005, -0.00208735978231, 0.00316840200685, -0.00150042097084], [0.000250544631854, -0.0037065690849, 0.00142293900717, -0.00240325485356, 0.00190568773542, -0.00215100008063, 0.00951851066202, -0.0005684918724, -0.00129263452254, -0.00183569616638, 0.00195677881129, -0.00166876637377, 0.00133955513593], [-0.00020990500343, 0.00227386131883, -0.00103825633414, 0.000730592699256, -0.00287243863568, -0.00116482947487, -0.0005684918724, 0.00953859370202, -0.00221820757724, 0.00116420036647, -0.00175076548476, 0.00138717202935, -0.000407953426475], [-0.000281506334431, -0.00172106968239, 0.00113777432125, -0.00111187761649, 0.000455321016489, 7.87353128544e-005, -0.00129263452254, -0.00221820757724, 0.0119923651218, -0.0038108387962, -0.000293728604447, -0.00174016435631, -0.00076532975072], [-7.17761431588e-005, 0.00308797811158, -0.00145172432531, 0.00166622176766, -0.00164458120707, -7.61156479712e-005, -0.00183569616638, 0.00116420036647, -0.0038108387962, 0.0160587672144, -0.00528244208544, 0.000527810712811, 0.00201736716554], [-0.000251220189966, -0.00308375316672, 0.00182157091331, -0.00063553522341, 0.00241371011361, -0.00208735978231, 0.00195677881129, -0.00175076548476, -0.000293728604447, -0.00528244208544, 0.0123731410131, -0.00187376816757, -0.00224739522673], [-0.000151582120452, 0.00330020277761, -0.00108141300734, -5.82220782235e-005, -0.00324988272041, 0.00316840200685, -0.00166876637377, 0.00138717202935, -0.00174016435631, 0.000527810712811, -0.00187376816757, 0.0136447446421, -0.00367592950352], [4.1302995669e-005, -0.0013651890913, 0.000467275938718, 0.000608832982834, 0.000712312932592, -0.00150042097084, 0.00133955513593, -0.000407953426475, -0.00076532975072, 0.00201736716554, -0.00224739522673, -0.00367592950352, 0.0135879116133]]
    },
    "melbands": {
        "mean": [0.00543695921078, 0.0032124533318, 0.000961121288128, 0.000621428713202, 0.000771716062445, 0.000383915903512, 0.000300577492453, 0.000249637581874, 0.000199611167773, 9.10590606509e-005, 9.35347125051e-005, 0.000108664069558, 5.08256416651e-005, 6.3516512455e-005, 4.97341752634e-005, 4.56516900158e-005, 3.11066360155e-005, 2.99759012705e-005, 2.20484980673e-005, 1.87274144992e-005, 2.81543088931e-005, 3.13927994284e-005, 2.86236336251e-005, 1.74691067514e-005, 1.08652457129e-005, 4.70295844934e-006, 2.7883841085e-006, 1.74580475232e-006, 1.8125635961e-006, 1.68578219473e-006, 1.78818299901e-006, 1.11967290195e-006, 6.16900479145e-007, 4.04554498346e-007, 2.84088571334e-007, 3.65043121064e-007, 6.61795638734e-007, 7.06409025497e-007, 3.57001113116e-007, 1.71135511096e-007],
        "var": [0.00018307636492, 6.21400176897e-005, 3.65077539755e-006, 8.3761398173e-007, 1.16233547942e-006, 3.97355535142e-007, 3.24396296492e-007, 2.00311802701e-007, 1.10499016159e-007, 2.94183895022e-008, 2.29003855878e-008, 9.28426899804e-008, 1.1096041419e-008, 1.81025860968e-008, 1.37560007829e-008, 9.88933468449e-009, 4.92104534899e-009, 3.26835825071e-009, 2.3157655793e-009, 2.2368633612e-009, 6.98958535494e-009, 1.06263948751e-008, 7.58948903723e-009, 3.4306917307e-009, 1.81714010505e-009, 1.83357995454e-010, 9.09878422606e-011, 2.52443569521e-011, 3.05440811532e-011, 3.37187777699e-011, 3.79153340668e-011, 2.32401563272e-011, 5.9676361075e-012, 1.68745692333e-012, 6.70988601053e-013, 2.41806900024e-012, 2.01537241756e-011, 2.99510798107e-011, 5.84487449759e-012, 1.38118975892e-012]
    },
    "mfcc": {
        "mean": [-703.973999023, 177.096450806, -27.4535503387, 27.4667758942, 4.20317602158, 3.800522089, -3.54180788994, 3.30492949486, -1.396717906, -3.50706148148, -0.963183581829, 3.82863712311, -2.43142580986],
        "cov": [[7401.93847656, -901.501220703, 899.9453125, 680.187683105, 350.566558838, 723.053649902, 102.37297821, 514.245483398, 173.702529907, 358.044433594, 329.311584473, 336.612457275, 60.9660644531], [-901.501220703, 1692.35571289, -134.525100708, 60.695350647, 177.671234131, 25.5007247925, 161.947265625, 42.7568435669, 57.1131362915, 21.8816337585, 25.8012695313, -11.5426197052, 4.73177337646], [899.9453125, -134.525100708, 976.967468262, 128.983444214, 305.148498535, 272.843261719, 199.990539551, 172.273086548, 103.914825439, 155.19934082, 24.802400589, 75.0701141357, 5.31169652939], [680.187683105, 60.695350647, 128.983444214, 533.703369141, 155.16746521, 205.915802002, 51.2628250122, 176.556167603, 109.461990356, -2.5062315464, 108.376403809, 75.1312026978, 4.8549580574], [350.566558838, 177.671234131, 305.148498535, 155.16746521, 479.798492432, 127.600265503, 164.165267944, 147.469009399, 120.350128174, 50.2996673584, 55.3957633972, 80.0681762695, -12.0422306061], [723.053649902, 25.5007247925, 272.843261719, 205.915802002, 127.600265503, 296.437011719, 79.5074691772, 122.928489685, 73.8136672974, 70.4491500854, 71.1997375488, 48.9242362976, 23.1198978424], [102.37297821, 161.947265625, 199.990539551, 51.2628250122, 164.165267944, 79.5074691772, 200.320968628, 77.0665588379, 48.5090789795, 65.3077087402, 10.8787078857, 31.4330310822, -4.08839130402], [514.245483398, 42.7568435669, 172.273086548, 176.556167603, 147.469009399, 122.928489685, 77.0665588379, 197.14289856, 95.5570449829, 29.5065994263, 69.4054031372, 50.7612533569, 1.87678933144], [173.702529907, 57.1131362915, 103.914825439, 109.461990356, 120.350128174, 73.8136672974, 48.5090789795, 95.5570449829, 132.852203369, 31.0205402374, 25.1751060486, 36.8119049072, -3.78052949905], [358.044433594, 21.8816337585, 155.19934082, -2.5062315464, 50.2996673584, 70.4491500854, 65.3077087402, 29.5065994263, 31.0205402374, 156.413238525, 29.1810665131, 21.0846328735, 21.9740028381], [329.311584473, 25.8012695313, 24.802400589, 108.376403809, 55.3957633972, 71.1997375488, 10.8787078857, 69.4054031372, 25.1751060486, 29.1810665131, 140.074005127, 51.5620994568, -1.25999689102], [336.612457275, -11.5426197052, 75.0701141357, 75.1312026978, 80.0681762695, 48.9242362976, 31.4330310822, 50.7612533569, 36.8119049072, 21.0846328735, 51.5620994568, 111.748748779, 21.4097042084], [60.9660644531, 4.73177337646, 5.31169652939, 4.8549580574, -12.0422306061, 23.1198978424, -4.08839130402, 1.87678933144, -3.78052949905, 21.9740028381, -1.25999689102, 21.4097042084, 78.2053909302]],
        "icov": [[0.000261843088083, 0.00012178022007, 9.26997927309e-006, -8.97570207599e-005, -2.56389394053e-005, -0.000384036131436, 0.000315121287713, -0.000539208936971, 0.000439903116785, -0.000548176292796, 0.000105771701783, -0.000517640030012, 0.000251155084698], [0.00012178022007, 0.000780494941864, 0.000311488111038, -6.15162716713e-005, -0.000248576514423, -0.000225517011131, -0.000609329086728, -8.38112464407e-005, -3.04109926219e-005, -0.000214369385503, -0.000154753783136, 0.000183762807865, -0.000154983368702], [9.26997927309e-006, 0.000311488111038, 0.00203466089442, 0.000254611397395, -0.000701861921698, -0.00137669523247, -0.000644852116238, -0.000793909654021, 0.000454690307379, -0.00113377789967, 0.00110798759852, -0.000445218523964, 0.000584469351452], [-8.97570207599e-005, -6.15162716713e-005, 0.000254611397395, 0.00350486766547, -0.00010599016241, -0.00166814157274, 7.79696638347e-005, -0.00127351144329, -0.00108932901639, 0.0014654455008, -0.00100069202017, -0.000349935900886, -3.44501931977e-005], [-2.56389394053e-005, -0.000248576514423, -0.000701861921698, -0.00010599016241, 0.00399250583723, 0.000276243663393, -0.00189904670697, -0.000379035482183, -0.00179088162258, 0.000767732737586, -0.000497644301504, -0.00110677897464, 0.000524891947862], [-0.000384036131436, -0.000225517011131, -0.00137669523247, -0.00166814157274, 0.000276243663393, 0.0075424509123, -0.00088889565086, 3.37335513905e-005, -0.00120882142801, -0.000210758167668, -0.00175174709875, 0.0015792355407, -0.00218420871533], [0.000315121287713, -0.000609329086728, -0.000644852116238, 7.79696638347e-005, -0.00189904670697, -0.00088889565086, 0.00977756641805, -0.0028087773826, 0.00184774107765, -0.0033654300496, 0.00229412945919, -0.0017583820736, 0.00193236151244], [-0.000539208936971, -8.38112464407e-005, -0.000793909654021, -0.00127351144329, -0.000379035482183, 3.37335513905e-005, -0.0028087773826, 0.013219431974, -0.00615129992366, 0.00273846881464, -0.00387332867831, 0.00164142413996, -0.00155259144958], [0.000439903116785, -3.04109926219e-005, 0.000454690307379, -0.00108932901639, -0.00179088162258, -0.00120882142801, 0.00184774107765, -0.00615129992366, 0.0146359205246, -0.00341305253096, 0.00314214034006, -0.00292828935198, 0.00254025543109], [-0.000548176292796, -0.000214369385503, -0.00113377789967, 0.0014654455008, 0.000767732737586, -0.000210758167668, -0.0033654300496, 0.00273846881464, -0.00341305253096, 0.0110954111442, -0.00331831653602, 0.00188011093996, -0.00348551594652], [0.000105771701783, -0.000154753783136, 0.00110798759852, -0.00100069202017, -0.000497644301504, -0.00175174709875, 0.00229412945919, -0.00387332867831, 0.00314214034006, -0.00331831653602, 0.0122636677697, -0.00484455144033, 0.00317601161078], [-0.000517640030012, 0.000183762807865, -0.000445218523964, -0.000349935900886, -0.00110677897464, 0.0015792355407, -0.0017583820736, 0.00164142413996, -0.00292828935198, 0.00188011093996, -0.00484455144033, 0.0147353224456, -0.00510608963668], [0.000251155084698, -0.000154983368702, 0.000584469351452, -3.44501931977e-005, 0.000524891947862, -0.00218420871533, 0.00193236151244, -0.00155259144958, 0.00254025543109, -0.00348551594652, 0.00317601161078, -0.00510608963668, 0.0159788690507]]
    },
    "spectral_contrast_coeffs": {
        "mean": [-0.657457888126, -0.696839749813, -0.742442905903, -0.755622088909, -0.761790990829, -0.716402649879],
        "var": [0.00886605121195, 0.00768987322226, 0.0060532130301, 0.00404450343922, 0.0035537101794, 0.00279647344723]
    },
    "spectral_contrast_valleys": {
        "mean": [-7.36145067215, -6.95105028152, -7.64490938187, -8.11863803864, -8.34185695648, -12.217376709],
        "var": [2.97400593758, 0.791715443134, 0.718296289444, 0.791606962681, 0.961630105972, 2.38545584679]
    }
},
"metadata": {
    "audio_properties": {
        "analysis_sample_rate": 44100,
        "bit_rate": 128000,
        "equal_loudness": 0,
        "length": 172.329803467,
        "lossless": 0,
        "replay_gain": -7.23095703125,
        "sample_rate": 44100,
        "codec": "mp3",
        "downmix": "mix",
        "md5_encoded": "272a9b13d2d829311a6a820d11f6fa78"
    },
    "tags": {
        "file_name": "2032.mp3",
        "album": ["Social Espionage"],
        "artist": ["Kryptic Mood"],
        "encoding": ["LAME 64bits version 3.99.5 (http:\/\/lame.sf.net)"],
        "length": ["172302"],
        "title": ["Song For Jade"],
        "tracknumber": ["08"]
    },
    "version": {
        "essentia": "2.1-beta2",
        "essentia_git_sha": "v2.1_beta2",
        "extractor": "music 1.0"
    }
},
"rhythm": {
    "beats_count": 395,
    "beats_loudness": {
        "mean": 0.0669860392809,
        "var": 0.00624166335911
    },
    "bpm": 139.902557373,
    "bpm_histogram_first_peak_bpm": {
        "mean": 140,
        "var": 0
    },
    "bpm_histogram_first_peak_spread": {
        "mean": 0.204610973597,
        "var": 0
    },
    "bpm_histogram_first_peak_weight": {
        "mean": 0.700507640839,
        "var": 0
    },
    "bpm_histogram_second_peak_bpm": {
        "mean": 133,
        "var": 0
    },
    "bpm_histogram_second_peak_spread": {
        "mean": 0.214285731316,
        "var": 0
    },
    "bpm_histogram_second_peak_weight": {
        "mean": 0.0279187820852,
        "var": 0
    },
    "danceability": 1.1693918705,
    "onset_rate": 2.63417291641,
    "beats_loudness_band_ratio": {
        "mean": [0.538043618202, 0.153076514602, 0.153926610947, 0.0934333354235, 0.0695698708296, 0.0147767476737],
        "var": [0.106850966811, 0.0232016183436, 0.0303435269743, 0.0132621889934, 0.0116869686171, 0.000571305805352]
    },
    "beats_position": [0.510838985443, 1.03328800201, 1.54412698746, 2.06657600403, 2.58902478218, 3.14630389214, 3.70358276367, 4.26086139679, 4.81814050674, 5.3754196167, 5.93269824982, 6.46675729752, 7.00081634521, 7.53487491608, 8.06893444061, 8.60299301147, 9.14866161346, 9.69433116913, 10.2399997711, 10.71600914, 11.1920175552, 11.6680269241, 12.051156044, 12.445895195, 12.8290243149, 13.2237634659, 13.6417226791, 14.0480718613, 14.4544210434, 14.8607711792, 15.2671203613, 15.6734695435, 16.0798187256, 16.4861679077, 16.904127121, 17.3220863342, 17.7400455475, 18.181224823, 18.6107940674, 19.0403633118, 19.4699325562, 19.8994998932, 20.3290691376, 20.758638382, 21.1882076263, 21.6177768707, 22.0473461151, 22.4653053284, 22.8948745728, 23.312833786, 23.7307929993, 24.1719722748, 24.6131515503, 25.0543308258, 25.4839000702, 25.9134693146, 26.343038559, 26.7726078033, 27.2021770477, 27.620136261, 28.0497055054, 28.4792747498, 28.9088420868, 29.3268013, 29.7563705444, 30.1859397888, 30.6155090332, 31.0450782776, 31.474647522, 31.9042167664, 32.3337860107, 32.7633552551, 33.1929244995, 33.6224937439, 34.0404510498, 34.4700202942, 34.8995895386, 35.329158783, 35.7587280273, 36.1882972717, 36.6178665161, 37.0474357605, 37.4770050049, 37.9065742493, 38.3361434937, 38.7541046143, 39.1720619202, 39.613243103, 40.0428123474, 40.4723815918, 40.9019508362, 41.3315200806, 41.761089325, 42.1906585693, 42.6202278137, 43.0497932434, 43.4793624878, 43.9089317322, 44.3268928528, 44.7680702209, 45.1976394653, 45.6272087097, 46.0451698303, 46.4747390747, 46.9043083191, 47.3338775635, 47.7634468079, 48.1930160522, 48.6225852966, 49.052154541, 49.4817237854, 49.9112930298, 50.3408622742, 50.7704315186, 51.2000007629, 51.6179580688, 52.0475273132, 52.4770965576, 52.906665802, 53.3362350464, 53.7658042908, 54.1953735352, 54.6133308411, 55.0429000854, 55.4724693298, 55.9020385742, 56.3316078186, 56.761177063, 57.1907463074, 57.6203155518, 58.0498847961, 58.4794540405, 58.9090232849, 59.3385925293, 59.7681617737, 60.1977310181, 60.6156921387, 61.0452613831, 61.4748306274, 61.9043960571, 62.3339653015, 62.7635345459, 63.1931037903, 63.6226730347, 64.0522460938, 64.4818115234, 64.899772644, 65.3409500122, 65.7705230713, 66.200088501, 66.6180496216, 67.0476150513, 67.4771881104, 67.90675354, 68.3363265991, 68.7658920288, 69.1954650879, 69.6250305176, 70.0546035767, 70.4841690063, 70.9137420654, 71.3433074951, 71.7728805542, 72.1908340454, 72.6204071045, 73.0499725342, 73.4679336548, 73.8975067139, 74.3270721436, 74.7566452026, 75.1862106323, 75.6157836914, 76.0453491211, 76.4749221802, 76.9044876099, 77.3340606689, 77.7636260986, 78.1931991577, 78.6227645874, 79.0523376465, 79.4819030762, 79.8998641968, 80.3294296265, 80.7590026855, 81.1885681152, 81.6181411743, 82.047706604, 82.4772796631, 82.8952331543, 83.3364181519, 83.7543716431, 84.1839447021, 84.6135101318, 85.0546951294, 85.4726486206, 85.9138336182, 86.3317871094, 86.7613601685, 87.1909255981, 87.6204986572, 88.0500640869, 88.479637146, 88.9092025757, 89.3387756348, 89.7567367554, 90.1630859375, 90.6042633057, 91.0454406738, 91.4750061035, 91.9045791626, 92.3341445923, 92.7637176514, 93.181678772, 93.6228561401, 94.0408172607, 94.4703826904, 94.8999557495, 95.3295211792, 95.7590942383, 96.188659668, 96.6182327271, 97.0477981567, 97.4773712158, 97.9069366455, 98.3365097046, 98.7660751343, 99.1956481934, 99.625213623, 100.054779053, 100.484352112, 100.913917542, 101.343490601, 101.77305603, 102.191017151, 102.608978271, 103.038543701, 103.46811676, 103.89768219, 104.327255249, 104.756820679, 105.186393738, 105.615959167, 106.045532227, 106.475097656, 106.904670715, 107.345848083, 107.787025452, 108.22820282, 108.680992126, 109.122177124, 109.574966431, 110.027755737, 110.480545044, 110.933334351, 111.386123657, 111.827301025, 112.268478394, 112.709655762, 113.162445068, 113.626846313, 114.091247559, 114.555641174, 115.008430481, 115.461219788, 115.902404785, 116.331970215, 116.761543274, 117.179496765, 117.609069824, 118.038635254, 118.468208313, 118.897773743, 119.327346802, 119.756912231, 120.186485291, 120.61605072, 121.045623779, 121.475189209, 121.89315033, 122.322715759, 122.752288818, 123.181854248, 123.611427307, 124.040992737, 124.470565796, 124.900131226, 125.329704285, 125.759269714, 126.188842773, 126.618408203, 127.047981262, 127.477546692, 127.907119751, 128.336685181, 128.76625061, 129.195831299, 129.625396729, 130.054962158, 130.484527588, 130.914108276, 131.343673706, 131.773239136, 132.202804565, 132.632385254, 133.061950684, 133.491516113, 133.909469604, 134.327438354, 134.757003784, 135.186569214, 135.616149902, 136.045715332, 136.475280762, 136.904846191, 137.334411621, 137.76399231, 138.193557739, 138.623123169, 139.052688599, 139.470657349, 139.900222778, 140.329788208, 140.759368896, 141.188934326, 141.618499756, 142.048065186, 142.477645874, 142.907211304, 143.336776733, 143.754730225, 144.195922852, 144.625488281, 145.055053711, 145.473007202, 145.902587891, 146.33215332, 146.76171875, 147.19128418, 147.620864868, 148.050430298, 148.479995728, 148.909561157, 149.339141846, 149.768707275, 150.198272705, 150.627838135, 151.045806885, 151.475372314, 151.904937744, 152.334503174, 152.764083862, 153.193649292, 153.623214722, 154.041183472, 154.48236084, 154.91192627, 155.341491699, 155.759460449, 156.200637817, 156.630203247, 157.059768677, 157.477722168, 157.907302856, 158.336868286, 158.766433716, 159.195999146, 159.625579834, 160.055145264, 160.484710693, 160.914276123, 161.332244873, 161.761810303, 162.191375732, 162.609344482, 163.050521851, 163.48008728, 163.90965271, 164.32762146, 164.75718689, 165.186752319, 165.616317749, 166.045898438, 166.475463867, 166.905029297, 167.334594727, 167.764175415, 168.193740845, 168.623306274, 169.052871704, 169.482452393, 169.912017822, 170.341583252, 170.78276062, 171.235549927, 171.688339233]
},
"tonal": {
    "chords_changes_rate": 0.0732758641243,
    "chords_number_rate": 0.00404094811529,
    "chords_strength": {
        "mean": 0.511550962925,
        "var": 0.00986492913216
    },
    "hpcp_entropy": {
        "mean": 1.86566340923,
        "var": 0.658485412598
    },
    "key_strength": 0.565118312836,
    "tuning_diatonic_strength": 0.565529882908,
    "tuning_equal_tempered_deviation": 0.186607941985,
    "tuning_frequency": 434.193115234,
    "tuning_nontempered_energy_ratio": 0.950271129608,
    "hpcp": {
        "mean": [0.185850977898, 0.206674456596, 0.12180249393, 0.0785740017891, 0.0942057743669, 0.144126132131, 0.287998855114, 0.320478856564, 0.171604931355, 0.0857840999961, 0.0684541985393, 0.072751134634, 0.122171215713, 0.149424552917, 0.128451392055, 0.205093234777, 0.253867208958, 0.175320759416, 0.113395266235, 0.0758708417416, 0.0636768862605, 0.093654319644, 0.102654315531, 0.116608269513, 0.142483487725, 0.0927704200149, 0.0684539154172, 0.148521751165, 0.167871102691, 0.108178608119, 0.114772185683, 0.120148159564, 0.0866000801325, 0.0790188834071, 0.0829497128725, 0.104265592992],
        "var": [0.0683515518904, 0.0899332538247, 0.0415562652051, 0.0326300486922, 0.041634593159, 0.0516618900001, 0.109663359821, 0.140167579055, 0.0560632571578, 0.0373860113323, 0.0296894833446, 0.0280233696103, 0.0440176464617, 0.0675429031253, 0.0381831303239, 0.0810485035181, 0.116195105016, 0.0509931333363, 0.033517293632, 0.0238607078791, 0.0197698250413, 0.0292596742511, 0.0367950946093, 0.0344978198409, 0.0742967426777, 0.0292168613523, 0.0166897717863, 0.0445540174842, 0.0663134902716, 0.0278499964625, 0.0529242046177, 0.0630856156349, 0.0353068970144, 0.0313881412148, 0.0316662304103, 0.0400080159307]
    },
    "chords_histogram": [8.89008617401, 8.1357755661, 11.8534479141, 1.61637926102, 2.6131465435, 0, 5.06465530396, 1.13146555424, 2.28987073898, 0.70043104887, 0.188577592373, 0, 0.70043104887, 0.0808189660311, 0.350215524435, 3.34051728249, 1.85883617401, 7.13900852203, 0.457974135876, 1.96659481525, 0.0538793094456, 1.23922419548, 9.45581912994, 30.872844696],
    "thpcp": [1, 0.53546410799, 0.267674744129, 0.213599741459, 0.227007597685, 0.381214588881, 0.466254025698, 0.400810807943, 0.639958679676, 0.792149662971, 0.54705876112, 0.353830724955, 0.23674210906, 0.198692932725, 0.292232453823, 0.320315420628, 0.363856345415, 0.444595605135, 0.289474397898, 0.213598847389, 0.463436961174, 0.52381336689, 0.337553024292, 0.358127176762, 0.374901980162, 0.27022087574, 0.246565043926, 0.25883051753, 0.325343132019, 0.579916477203, 0.644892632961, 0.380064070225, 0.245176866651, 0.293953180313, 0.449721187353, 0.898651659489],
    "chords_key": "B",
    "chords_scale": "minor",
    "key_key": "D",
    "key_scale": "major"
}
}