{
"lowlevel": {
    "average_loudness": 0.945578753948,
    "barkbands_crest": {
        "mean": 12.3789205551,
        "var": 21.9407215118
    },
    "barkbands_flatness_db": {
        "mean": 0.201899170876,
        "var": 0.0114106917754
    },
    "barkbands_kurtosis": {
        "mean": 16.8675060272,
        "var": 1174.20349121
    },
    "barkbands_skewness": {
        "mean": 2.82058429718,
        "var": 4.44108819962
    },
    "barkbands_spread": {
        "mean": 17.1782588959,
        "var": 197.146942139
    },
    "dissonance": {
        "mean": 0.474744200706,
        "var": 0.000579867337365
    },
    "dynamic_complexity": 3.05509257317,
    "erbbands_crest": {
        "mean": 8.39625644684,
        "var": 16.1076412201
    },
    "erbbands_flatness_db": {
        "mean": 0.167294114828,
        "var": 0.00337628275156
    },
    "erbbands_kurtosis": {
        "mean": 0.35337010026,
        "var": 6.40452814102
    },
    "erbbands_skewness": {
        "mean": 0.126181542873,
        "var": 0.904836535454
    },
    "erbbands_spread": {
        "mean": 43.6855621338,
        "var": 444.209472656
    },
    "hfc": {
        "mean": 21.1773719788,
        "var": 383.740631104
    },
    "melbands_crest": {
        "mean": 17.1176452637,
        "var": 23.0590057373
    },
    "melbands_flatness_db": {
        "mean": 0.294307172298,
        "var": 0.0157984290272
    },
    "melbands_kurtosis": {
        "mean": 39.2431640625,
        "var": 2891.4284668
    },
    "melbands_skewness": {
        "mean": 4.39507293701,
        "var": 5.81741094589
    },
    "melbands_spread": {
        "mean": 14.9803247452,
        "var": 216.703445435
    },
    "pitch_salience": {
        "mean": 0.488115280867,
        "var": 0.0173857286572
    },
    "silence_rate_20dB": {
        "mean": 1,
        "var": 0
    },
    "silence_rate_30dB": {
        "mean": 0.967095255852,
        "var": 0.0318195819855
    },
    "silence_rate_60dB": {
        "mean": 0.0250075925142,
        "var": 0.0243823546916
    },
    "spectral_centroid": {
        "mean": 1063.55993652,
        "var": 437237.9375
    },
    "spectral_complexity": {
        "mean": 21.3503093719,
        "var": 196.817398071
    },
    "spectral_decrease": {
        "mean": -1.1515973064e-008,
        "var": 6.02056129657e-017
    },
    "spectral_energy": {
        "mean": 0.0453847683966,
        "var": 0.000908778922167
    },
    "spectral_energyband_high": {
        "mean": 0.000645094492938,
        "var": 1.74344165771e-006
    },
    "spectral_energyband_low": {
        "mean": 0.0293863359839,
        "var": 0.000678444223013
    },
    "spectral_energyband_middle_high": {
        "mean": 0.00606911908835,
        "var": 5.24159877386e-005
    },
    "spectral_energyband_middle_low": {
        "mean": 0.0121699329466,
        "var": 0.000109354434244
    },
    "spectral_entropy": {
        "mean": 7.31687402725,
        "var": 0.414280474186
    },
    "spectral_flux": {
        "mean": 0.101346448064,
        "var": 0.00321065448225
    },
    "spectral_kurtosis": {
        "mean": 9.09197330475,
        "var": 230.966430664
    },
    "spectral_rms": {
        "mean": 0.00625246716663,
        "var": 5.18455408383e-006
    },
    "spectral_rolloff": {
        "mean": 830.240905762,
        "var": 1186550.375
    },
    "spectral_skewness": {
        "mean": 1.83421397209,
        "var": 1.06295669079
    },
    "spectral_spread": {
        "mean": 3681263,
        "var": 2.94948359373e+012
    },
    "spectral_strongpeak": {
        "mean": 0.60009855032,
        "var": 0.589334666729
    },
    "zerocrossingrate": {
        "mean": 0.0375667102635,
        "var": 0.000845241942443
    },
    "barkbands": {
        "mean": [0.000201624323381, 0.0170003082603, 0.00939884502441, 0.00467205094174, 0.0037395870313, 0.00133036053739, 0.000578451086767, 0.00054100813577, 0.00112596037798, 0.000945474079344, 0.000423386547482, 0.000439544353867, 0.000790483027231, 0.000577179132961, 0.000628631736618, 0.000690586282872, 0.000722884142306, 0.000452307576779, 0.000389977329178, 0.000179761409527, 0.00012237582996, 0.000148530467413, 0.000127850027638, 7.59438335081e-005, 4.68848447781e-005, 3.27071938955e-005, 2.17548290493e-006],
        "var": [2.36457850633e-007, 0.000351247028448, 0.000134157147841, 2.85761252599e-005, 2.95955160254e-005, 5.24706138094e-006, 1.02957608306e-006, 9.9254828001e-007, 7.42136580811e-006, 7.25688505554e-006, 1.81918369435e-006, 1.11780184398e-006, 3.60321632797e-006, 1.65239475791e-006, 1.3048644405e-006, 9.2583826472e-007, 1.36632377234e-006, 3.47567407744e-007, 2.95227295055e-007, 6.33604813061e-008, 4.35440341562e-008, 1.0086626645e-007, 1.42929096114e-007, 7.10820700078e-008, 3.6918510915e-008, 2.58121310992e-008, 8.810299712e-011]
    },
    "erbbands": {
        "mean": [0.322803527117, 4.40154933929, 11.1945800781, 14.4039402008, 14.5033979416, 11.332198143, 8.47309970856, 12.1926317215, 8.82899475098, 10.0081396103, 13.4261102676, 28.6800174713, 20.8149147034, 32.3074913025, 17.1971549988, 20.5924129486, 37.642993927, 30.4767551422, 30.206867218, 35.1862983704, 41.674118042, 38.159034729, 28.1249523163, 20.5303916931, 17.5798416138, 8.67430114746, 5.31852817535, 5.1287894249, 4.98339319229, 4.90808486938, 3.41924738884, 1.86258602142, 1.14743924141, 0.589792251587, 0.306439191103, 0.162545964122, 0.0557177327573, 0.00897638592869, 0.000278452993371, 5.92190954194e-005],
        "var": [0.138731092215, 23.8851451874, 163.652206421, 214.844482422, 412.131378174, 238.739318848, 190.788452148, 499.737762451, 251.52911377, 261.728881836, 647.957092285, 5613.61328125, 1867.1907959, 10487.0527344, 1939.44006348, 1713.56176758, 8472.95996094, 4610.54248047, 3408.17822266, 3413.97998047, 3338.19921875, 3164.21630859, 1313.75463867, 746.008850098, 658.029541016, 136.922744751, 67.175163269, 91.225479126, 103.628501892, 146.771697998, 107.075576782, 38.3104743958, 18.2360210419, 5.57816505432, 1.77281832695, 0.669787585735, 0.0821092575788, 0.00123662000988, 1.20220875033e-006, 2.30275376545e-009]
    },
    "gfcc": {
        "mean": [-24.8041000366, 128.028045654, -106.531066895, 44.1153259277, -23.5433006287, 12.5328149796, -25.1801948547, 8.60054016113, -18.6985301971, -4.72940969467, -16.5661830902, -3.76241159439, -12.5929288864],
        "cov": [[13291.4052734, -4582.03564453, -887.73236084, 218.760284424, -1707.61096191, 681.903381348, -1504.00561523, 983.890625, -371.411346436, 621.738525391, -581.704589844, 623.713378906, -498.166778564], [-4582.03564453, 3442.82714844, -337.625305176, -430.663269043, 1240.97412109, -706.961181641, 837.376586914, -646.19354248, 185.151245117, -461.307983398, 341.930053711, -357.596008301, 355.507995605], [-887.73236084, -337.625305176, 916.468017578, 113.159225464, -177.636856079, 219.236404419, -38.7919273376, 73.3214569092, 13.3048601151, 54.5210227966, -44.5883407593, -10.4956417084, -51.2619781494], [218.760284424, -430.663269043, 113.159225464, 383.477661133, -170.993423462, 47.839302063, -47.51953125, 14.0839128494, 34.3055686951, 65.0489273071, -16.5697135925, 21.4388217926, 2.87720894814], [-1707.61096191, 1240.97412109, -177.636856079, -170.993423462, 702.58392334, -280.600311279, 300.805633545, -197.856811523, 50.3849258423, -145.601394653, 121.084182739, -131.890350342, 135.096252441], [681.903381348, -706.961181641, 219.236404419, 47.839302063, -280.600311279, 321.947601318, -101.573799133, 145.616378784, -31.1475334167, 73.3237991333, -54.1753692627, 64.9183578491, -96.3753128052], [-1504.00561523, 837.376586914, -38.7919273376, -47.51953125, 300.805633545, -101.573799133, 400.067138672, -164.108444214, 38.2742462158, -126.572181702, 100.767051697, -83.3851928711, 87.9532546997], [983.890625, -646.19354248, 73.3214569092, 14.0839128494, -197.856811523, 145.616378784, -164.108444214, 260.763275146, -9.10329723358, 93.7819061279, -62.7539749146, 61.3925743103, -80.8207702637], [-371.411346436, 185.151245117, 13.3048601151, 34.3055686951, 50.3849258423, -31.1475334167, 38.2742462158, -9.10329723358, 133.339675903, 5.32698059082, 35.3341712952, -20.9895191193, 15.6625137329], [621.738525391, -461.307983398, 54.5210227966, 65.0489273071, -145.601394653, 73.3237991333, -126.572181702, 93.7819061279, 5.32698059082, 135.522293091, -28.0354480743, 52.4830932617, -43.0003852844], [-581.704589844, 341.930053711, -44.5883407593, -16.5697135925, 121.084182739, -54.1753692627, 100.767051697, -62.7539749146, 35.3341712952, -28.0354480743, 105.737472534, -21.5449485779, 40.5589103699], [623.713378906, -357.596008301, -10.4956417084, 21.4388217926, -131.890350342, 64.9183578491, -83.3851928711, 61.3925743103, -20.9895191193, 52.4830932617, -21.5449485779, 105.494392395, -22.4677295685], [-498.166778564, 355.507995605, -51.2619781494, 2.87720894814, 135.096252441, -96.3753128052, 87.9532546997, -80.8207702637, 15.6625137329, -43.0003852844, 40.5589103699, -22.4677295685, 104.745567322]],
        "icov": [[0.000270504504442, -0.00019794763648, 0.00043802295113, -0.000202825132874, 0.000225504394621, -0.000283085420961, 0.00052311422769, -0.000437569833593, 0.000420926022343, -0.000374181108782, 0.000661813421175, -0.000603380147368, 0.000247862946708], [-0.00019794763648, 0.00599935138598, -0.00106589426287, 0.00412092776969, -0.002148183994, 0.00454984838143, -0.00351356994361, 0.00398454768583, -0.00452086701989, 0.00528754806146, -0.00463767489418, 0.0048048896715, -0.00328345573507], [0.00043802295113, -0.00106589426287, 0.00222672941163, -0.00107387022581, 0.000634161231574, -0.00215969514102, 0.0011796382023, -0.00105386029463, 0.000981107354164, -0.0015652407892, 0.00197652727365, -0.000605675915722, 0.000526907853782], [-0.000202825132874, 0.00412092776969, -0.00107387022581, 0.00633033365011, -0.000346582732163, 0.00326509983279, -0.00282723153941, 0.00338870636187, -0.00411936454475, 0.00208649993874, -0.00296860630624, 0.00386048411019, -0.00376060884446], [0.000225504394621, -0.002148183994, 0.000634161231574, -0.000346582732163, 0.00460533192381, 2.51242654485e-005, 0.000192414488993, -0.00178146816324, 0.00157215259969, -0.00198316248134, 0.000898481346667, -0.000107948661025, -0.00018971064128], [-0.000283085420961, 0.00454984838143, -0.00215969514102, 0.00326509983279, 2.51242654485e-005, 0.0105844633654, -0.00425012828782, 0.001246802276, -0.00269232527353, 0.00403593620285, -0.00422917352989, 0.00235090241767, 0.000503090384882], [0.00052311422769, -0.00351356994361, 0.0011796382023, -0.00282723153941, 0.000192414488993, -0.00425012828782, 0.00813728570938, -0.00160252104979, 0.00259460764937, -0.0007042819052, 0.00114279275294, -0.00274961837567, 0.00113069370855], [-0.000437569833593, 0.00398454768583, -0.00105386029463, 0.00338870636187, -0.00178146816324, 0.001246802276, -0.00160252104979, 0.0102883167565, -0.00434958888218, 0.00156000687275, -0.00216563371941, 0.0028073946014, -0.00075315113645], [0.000420926022343, -0.00452086701989, 0.000981107354164, -0.00411936454475, 0.00157215259969, -0.00269232527353, 0.00259460764937, -0.00434958888218, 0.0128531837836, -0.0055930512026, 0.00114191777539, -0.00252641318366, 0.00269739725627], [-0.000374181108782, 0.00528754806146, -0.0015652407892, 0.00208649993874, -0.00198316248134, 0.00403593620285, -0.0007042819052, 0.00156000687275, -0.0055930512026, 0.0187675245106, -0.00593703286722, 0.00116972299293, -0.00139204866719], [0.000661813421175, -0.00463767489418, 0.00197652727365, -0.00296860630624, 0.000898481346667, -0.00422917352989, 0.00114279275294, -0.00216563371941, 0.00114191777539, -0.00593703286722, 0.0194453969598, -0.00559619767591, 0.000918206584174], [-0.000603380147368, 0.0048048896715, -0.000605675915722, 0.00386048411019, -0.000107948661025, 0.00235090241767, -0.00274961837567, 0.0028073946014, -0.00252641318366, 0.00116972299293, -0.00559619767591, 0.0196897238493, -0.00555443577468], [0.000247862946708, -0.00328345573507, 0.000526907853782, -0.00376060884446, -0.00018971064128, 0.000503090384882, 0.00113069370855, -0.00075315113645, 0.00269739725627, -0.00139204866719, 0.000918206584174, -0.00555443577468, 0.0188862867653]]
    },
    "melbands": {
        "mean": [0.00395542522892, 0.00609536096454, 0.00252228509635, 0.000971947156359, 0.000320148566971, 0.000263481138973, 0.000131793771288, 0.000109844659164, 0.000122153171105, 0.000175675828359, 0.000100781326182, 0.000135785594466, 5.65674090467e-005, 4.63027754449e-005, 7.71736740717e-005, 7.1772497904e-005, 5.55958904442e-005, 4.78058354929e-005, 4.64650802314e-005, 4.45159930678e-005, 5.0784634368e-005, 4.13413472415e-005, 3.10494651785e-005, 2.09435329452e-005, 1.58439361257e-005, 1.51907506734e-005, 8.04156934464e-006, 5.355497251e-006, 3.52535948878e-006, 2.77624394585e-006, 3.12060251417e-006, 2.84261409433e-006, 2.82519499706e-006, 2.66498818746e-006, 2.12201143768e-006, 1.44734121932e-006, 1.00026943528e-006, 8.44257613153e-007, 6.24926428827e-007, 4.56946480654e-007],
        "var": [1.89243946807e-005, 3.94461021642e-005, 5.93277673033e-006, 1.89515492366e-006, 2.28798526791e-007, 2.21532147293e-007, 5.3902699193e-008, 3.28240687963e-008, 6.43379465259e-008, 2.07155650855e-007, 4.95367054043e-008, 1.94818795762e-007, 2.49378953043e-008, 1.08038031854e-008, 3.77011488695e-008, 2.82964762732e-008, 1.80612307332e-008, 9.80405978623e-009, 6.87126266996e-009, 4.5748538291e-009, 5.65422064724e-009, 4.96077712242e-009, 1.97015270764e-009, 7.99969979148e-010, 5.00575247919e-010, 5.26814813995e-010, 1.43064032843e-010, 5.85258230767e-011, 3.15862475064e-011, 2.37674845083e-011, 4.10243124194e-011, 3.44788225748e-011, 4.25755958267e-011, 5.13223456788e-011, 4.12737725941e-011, 2.38557801985e-011, 1.20859815211e-011, 1.01061988639e-011, 6.10396629075e-012, 3.52470244831e-012]
    },
    "mfcc": {
        "mean": [-667.118347168, 149.411178589, -2.61840343475, 38.325176239, 24.7829322815, 12.8829278946, 9.44546794891, 13.3817644119, 4.53712797165, 5.47274065018, 0.614728868008, -0.338324368, -1.18099570274],
        "cov": [[11967.9667969, -3075.51025391, -1063.35473633, -262.137237549, -517.526000977, -485.138916016, -891.910095215, -57.4324378967, -174.219161987, 38.8726043701, 45.5811576843, -112.232177734, -96.1267852783], [-3075.51025391, 2384.82373047, -445.267669678, 66.0990753174, 297.69833374, 21.2933349609, 393.901885986, -11.5122709274, 20.0719127655, -57.3296508789, -95.4071731567, -12.817024231, -0.736387431622], [-1063.35473633, -445.267669678, 971.828491211, -24.8795127869, -82.9785614014, 163.300582886, -47.4109230042, 49.9741210938, 42.4795761108, 15.7124452591, 48.6231918335, 52.9831886292, 17.2652835846], [-262.137237549, 66.0990753174, -24.8795127869, 310.401733398, 38.1775093079, 2.40584349632, 18.2877674103, -54.2747764587, 37.6575698853, -1.14260041714, -31.1132164001, 10.4603414536, 21.3314285278], [-517.526000977, 297.69833374, -82.9785614014, 38.1775093079, 225.662414551, -14.2235813141, 29.1269016266, -25.7782726288, 10.7084903717, 23.6009960175, -16.2062625885, -0.0329502336681, 5.65796756744], [-485.138916016, 21.2933349609, 163.300582886, 2.40584349632, -14.2235813141, 162.974716187, 55.1975250244, 19.4456195831, 8.49474716187, -15.873667717, 14.1083402634, 4.5786190033, 6.22733354568], [-891.910095215, 393.901885986, -47.4109230042, 18.2877674103, 29.1269016266, 55.1975250244, 242.224456787, 32.4590072632, 11.2208251953, -13.8906393051, -25.535823822, 7.27091741562, -2.10149359703], [-57.4324378967, -11.5122709274, 49.9741210938, -54.2747764587, -25.7782726288, 19.4456195831, 32.4590072632, 122.148147583, 15.3558044434, 12.3295764923, 16.8672866821, 13.0566978455, 5.19204759598], [-174.219161987, 20.0719127655, 42.4795761108, 37.6575698853, 10.7084903717, 8.49474716187, 11.2208251953, 15.3558044434, 80.351776123, 21.0848808289, -0.777007937431, 8.38319969177, 2.94434404373], [38.8726043701, -57.3296508789, 15.7124452591, -1.14260041714, 23.6009960175, -15.873667717, -13.8906393051, 12.3295764923, 21.0848808289, 79.683052063, 27.668176651, 14.2919912338, 5.12315940857], [45.5811576843, -95.4071731567, 48.6231918335, -31.1132164001, -16.2062625885, 14.1083402634, -25.535823822, 16.8672866821, -0.777007937431, 27.668176651, 75.5775527954, 25.0793819427, 10.7029504776], [-112.232177734, -12.817024231, 52.9831886292, 10.4603414536, -0.0329502336681, 4.5786190033, 7.27091741562, 13.0566978455, 8.38319969177, 14.2919912338, 25.0793819427, 65.2419204712, 25.5147533417], [-96.1267852783, -0.736387431622, 17.2652835846, 21.3314285278, 5.65796756744, 6.22733354568, -2.10149359703, 5.19204759598, 2.94434404373, 5.12315940857, 10.7029504776, 25.5147533417, 53.8159408569]],
        "icov": [[0.00025997144985, 0.000296676036669, 0.000447922036983, 9.43377963267e-005, 0.000286894966848, 0.000100779128843, 0.000538124004379, -0.000132803077577, 0.000132800647407, -6.89279913786e-005, 0.000249600911047, -0.000124200480059, 0.000287869712338], [0.000296676036669, 0.00109343905933, 0.000729712191969, 0.000194788808585, -0.000496310414746, 0.000138638846693, -0.00043867493514, -6.19652564637e-005, -0.0001047882688, 0.000522024987731, 0.000382153230021, -0.000183345706319, 0.000225518262596], [0.000447922036983, 0.000729712191969, 0.00229851924814, 0.000308744522044, 0.000624267093372, -0.00146884971764, 0.00133132585324, -0.000411782151787, -0.000412464898545, -0.000252594909398, 0.000702685269061, -0.00140856357757, 0.000721007119864], [9.43377963267e-005, 0.000194788808585, 0.000308744522044, 0.00424932455644, -0.000137454189826, -0.000294702273095, -0.000126588958665, 0.00206788792275, -0.00214475998655, -5.45546827198e-005, 0.00177740654908, -0.00088942918228, -0.00157737836707], [0.000286894966848, -0.000496310414746, 0.000624267093372, -0.000137454189826, 0.00637771002948, -3.78967088182e-005, 0.00109482451808, 0.000947815249674, 0.000124962505652, -0.00296162487939, 0.00147283473052, -0.000223894428927, -0.000266623217613], [0.000100779128843, 0.000138638846693, -0.00146884971764, -0.000294702273095, -3.78967088182e-005, 0.00927515607327, -0.00242015626281, -0.000289379735477, -0.000408271618653, 0.00268401578069, -0.0031207811553, 0.00217669690028, -0.00101042957976], [0.000538124004379, -0.00043867493514, 0.00133132585324, -0.000126588958665, 0.00109482451808, -0.00242015626281, 0.00812676735222, -0.00214551039971, 0.000400784629164, -0.000721069984138, 0.00287778745405, -0.00223083118908, 0.00179959100205], [-0.000132803077577, -6.19652564637e-005, -0.000411782151787, 0.00206788792275, 0.000947815249674, -0.000289379735477, -0.00214551039971, 0.0107020009309, -0.00248310691677, -0.00103615981061, -0.000969575834461, -0.000667299958877, -0.00136437080801], [0.000132800647407, -0.0001047882688, -0.000412464898545, -0.00214475998655, 0.000124962505652, -0.000408271618653, 0.000400784629164, -0.00248310691677, 0.0156650077552, -0.00447515537962, 0.00187738321256, -0.000812075857539, 0.00108816928696], [-6.89279913786e-005, 0.000522024987731, -0.000252594909398, -5.45546827198e-005, -0.00296162487939, 0.00268401578069, -0.000721069984138, -0.00103615981061, -0.00447515537962, 0.0180935896933, -0.00682429783046, -0.000547083211131, 0.000198255176656], [0.000249600911047, 0.000382153230021, 0.000702685269061, 0.00177740654908, 0.00147283473052, -0.0031207811553, 0.00287778745405, -0.000969575834461, 0.00187738321256, -0.00682429783046, 0.0207718610764, -0.00682732416317, -0.000413961010054], [-0.000124200480059, -0.000183345706319, -0.00140856357757, -0.00088942918228, -0.000223894428927, 0.00217669690028, -0.00223083118908, -0.000667299958877, -0.000812075857539, -0.000547083211131, -0.00682732416317, 0.0230116099119, -0.00912671629339], [0.000287869712338, 0.000225518262596, 0.000721007119864, -0.00157737836707, -0.000266623217613, -0.00101042957976, 0.00179959100205, -0.00136437080801, 0.00108816928696, 0.000198255176656, -0.000413961010054, -0.00912671629339, 0.0241709202528]]
    },
    "spectral_contrast_coeffs": {
        "mean": [-0.647213637829, -0.767353713512, -0.793268442154, -0.795671224594, -0.782277882099, -0.754483997822],
        "var": [0.00451029650867, 0.00416372995824, 0.00478870002553, 0.00275206658989, 0.00208902079612, 0.00250818720087]
    },
    "spectral_contrast_valleys": {
        "mean": [-6.53645372391, -6.93007040024, -7.36178588867, -7.60363149643, -7.74882364273, -11.1250343323],
        "var": [0.599310576916, 0.96891105175, 0.921620190144, 1.35299932957, 1.84732186794, 4.11351633072]
    }
},
"metadata": {
    "audio_properties": {
        "analysis_sample_rate": 44100,
        "bit_rate": 128000,
        "equal_loudness": 0,
        "length": 229.302856445,
        "lossless": 0,
        "replay_gain": -13.9102172852,
        "sample_rate": 44100,
        "codec": "mp3",
        "downmix": "mix",
        "md5_encoded": "94a7c14c38dd346990c9d297a69e0cf4"
    },
    "tags": {
        "file_name": "2033.mp3",
        "album": ["Hunt Club EP 2006"],
        "artist": ["Hunt Club"],
        "date": ["2006"],
        "encoding": ["LAME 64bits version 3.99.5 (http:\/\/lame.sf.net)"],
        "genre": ["Rock"],
        "length": ["229251"],
        "title": ["Uranium"],
        "tracknumber": ["3"]
    },
    "version": {
        "essentia": "2.1-beta2",
        "essentia_git_sha": "v2.1_beta2",
        "extractor": "music 1.0"
    }
},
"rhythm": {
    "beats_count": 436,
    "beats_loudness": {
        "mean": 0.0567667782307,
        "var": 0.00087512715254
    },
    "bpm": 111.883323669,
    "bpm_histogram_first_peak_bpm": {
        "mean": 112,
        "var": 0
    },
    "bpm_histogram_first_peak_spread": {
        "mean": 0.249999970198,
        "var": 0
    },
    "bpm_histogram_first_peak_weight": {
        "mean": 0.675862073898,
        "var": 0
    },
    "bpm_histogram_second_peak_bpm": {
        "mean": 148,
        "var": 0
    },
    "bpm_histogram_second_peak_spread": {
        "mean": 0.428571432829,
        "var": 0
    },
    "bpm_histogram_second_peak_weight": {
        "mean": 0.0367816090584,
        "var": 0
    },
    "danceability": 1.15528857708,
    "onset_rate": 3.79382061958,
    "beats_loudness_band_ratio": {
        "mean": [0.732642710209, 0.107866950333, 0.0485212393105, 0.0584523491561, 0.0604908540845, 0.0359048135579],
        "var": [0.0390663184226, 0.011286132969, 0.00330213340931, 0.00704678986222, 0.00400672852993, 0.0015040228609]
    },
    "beats_position": [0.429569154978, 0.859138309956, 1.27709746361, 1.68344664574, 2.07818579674, 2.47292518616, 2.87927436829, 3.28562355042, 3.69197273254, 4.09832191467, 4.5046710968, 4.91102027893, 5.31736946106, 5.71210861206, 6.11845779419, 6.52480697632, 6.93115615845, 7.3491153717, 7.76707458496, 8.19664382935, 8.62621307373, 9.04417228699, 9.45052146912, 9.8800907135, 10.321269989, 10.774058342, 11.2036275864, 11.6215867996, 12.051156044, 12.4807252884, 12.9102945328, 13.328253746, 13.7346029282, 14.1409521103, 14.5589113235, 14.9884805679, 15.4296598434, 15.8592290878, 16.2771873474, 16.6951465607, 17.1014957428, 17.5078449249, 18.0419044495, 18.575963974, 19.1100215912, 19.6440811157, 20.1781406403, 20.7121982574, 21.246257782, 21.7687072754, 22.3027667999, 22.8368244171, 23.3824939728, 23.9281635284, 24.4738311768, 25.0195007324, 25.553560257, 26.0992279053, 26.6332874298, 27.1673469543, 27.7014045715, 28.2354640961, 28.7695236206, 29.3151912689, 29.8724708557, 30.4297504425, 30.9870281219, 31.5443077087, 32.0899772644, 32.6472549438, 33.204536438, 33.7734222412, 34.3423118591, 34.8879814148, 35.4336509705, 35.9793205261, 36.5133781433, 37.059047699, 37.5931053162, 38.1271629333, 38.6612243652, 39.1952819824, 39.7293434143, 40.2634010315, 40.7974586487, 41.3315200806, 41.8655776978, 42.3996353149, 42.9336967468, 43.467754364, 44.0018119812, 44.5474815369, 45.0931510925, 45.6272087097, 46.1612701416, 46.6953277588, 47.229385376, 47.7634468079, 48.297504425, 48.8315620422, 49.3656234741, 49.8996810913, 50.4337387085, 50.9678001404, 51.5018577576, 52.0475273132, 52.5931968689, 53.1272544861, 53.661315918, 54.1953735352, 54.7294311523, 55.2634925842, 55.7975502014, 56.3316078186, 56.8656692505, 57.3997268677, 57.9337844849, 58.4678459167, 59.0019035339, 59.5359611511, 60.070022583, 60.6156921387, 61.1613578796, 61.6954193115, 62.2294769287, 62.7635345459, 63.2975959778, 63.831653595, 64.3657150269, 64.899772644, 65.4338302612, 65.9794998169, 66.5251693726, 67.0592269897, 67.5932846069, 68.1273422241, 68.6614074707, 69.1954650879, 69.7295227051, 70.2635803223, 70.7976379395, 71.3316955566, 71.8773651123, 72.423034668, 72.9570999146, 73.4795455933, 74.001991272, 74.5360565186, 75.0701141357, 75.6041717529, 76.1498413086, 76.6955108643, 77.2295684814, 77.7636260986, 78.2976837158, 78.831741333, 79.3658065796, 79.9114761353, 80.4571380615, 80.9912033081, 81.5252609253, 82.047706604, 82.5817642212, 83.1158294678, 83.649887085, 84.1839447021, 84.7180023193, 85.2520599365, 85.7977294922, 86.3317871094, 86.865852356, 87.3999099731, 87.9339675903, 88.4680252075, 89.0020828247, 89.5477523804, 90.0818099976, 90.6274795532, 91.1615371704, 91.695602417, 92.2296600342, 92.7637176514, 93.2977752686, 93.8318328857, 94.3658905029, 94.8999557495, 95.4340133667, 95.9680709839, 96.5021286011, 97.0361862183, 97.5702438354, 98.1159133911, 98.6499786377, 99.1956481934, 99.7297058105, 100.263763428, 100.786209106, 101.331878662, 101.865936279, 102.400001526, 102.934059143, 103.46811676, 104.002174377, 104.547843933, 105.093513489, 105.627571106, 106.161628723, 106.69568634, 107.229751587, 107.763809204, 108.297866821, 108.831924438, 109.365982056, 109.900039673, 110.434104919, 110.968162537, 111.502220154, 112.036277771, 112.570335388, 113.104400635, 113.638458252, 114.184127808, 114.718185425, 115.26385498, 115.797912598, 116.331970215, 116.866027832, 117.400085449, 117.934150696, 118.468208313, 119.00226593, 119.536323547, 120.070381165, 120.61605072, 121.161720276, 121.695777893, 122.22983551, 122.763900757, 123.297958374, 123.832015991, 124.366073608, 124.911743164, 125.445800781, 125.991470337, 126.513923645, 127.059593201, 127.593650818, 128.127700806, 128.661773682, 129.195831299, 129.729888916, 130.263946533, 130.79800415, 131.332061768, 131.854507446, 132.400177002, 132.934234619, 133.468292236, 134.002349854, 134.536407471, 135.070480347, 135.616149902, 136.161804199, 136.695877075, 137.229934692, 137.76399231, 138.298049927, 138.832107544, 139.366165161, 139.900222778, 140.434280396, 140.968338013, 141.50239563, 142.036453247, 142.570526123, 143.11618042, 143.650253296, 144.184310913, 144.71836853, 145.264038086, 145.798095703, 146.33215332, 146.866210938, 147.400268555, 147.934326172, 148.468383789, 149.002441406, 149.536499023, 150.070556641, 150.616226196, 151.150299072, 151.695953369, 152.230026245, 152.764083862, 153.298141479, 153.832199097, 154.366256714, 154.900314331, 155.434371948, 155.968429565, 156.502487183, 157.0365448, 157.570602417, 158.116271973, 158.661941528, 159.195999146, 159.730072021, 160.264129639, 160.798187256, 161.332244873, 161.86630249, 162.400360107, 162.922805786, 163.456863403, 163.990921021, 164.536590576, 165.070648193, 165.604721069, 166.138778687, 166.684448242, 167.218505859, 167.764175415, 168.298233032, 168.832290649, 169.366348267, 169.900405884, 170.434463501, 170.968521118, 171.502578735, 172.048248291, 172.582305908, 173.127975464, 173.662033081, 174.196090698, 174.730148315, 175.264221191, 175.78666687, 176.332336426, 176.866394043, 177.412063599, 177.957733154, 178.491790771, 179.025848389, 179.559906006, 180.093963623, 180.62802124, 181.162078857, 181.696136475, 182.230194092, 182.764266968, 183.298324585, 183.832382202, 184.366439819, 184.900497437, 185.434555054, 185.968612671, 186.502670288, 187.059951782, 187.594009399, 188.116455078, 188.638900757, 189.172973633, 189.695419312, 190.241088867, 190.775146484, 191.32081604, 191.866485596, 192.400543213, 192.93460083, 193.468658447, 194.002716064, 194.536773682, 195.070831299, 195.616500854, 196.16217041, 196.696228027, 197.230285645, 197.764343262, 198.298416138, 198.832473755, 199.354919434, 199.900588989, 200.434646606, 200.980316162, 201.514373779, 202.060043335, 202.594100952, 203.128158569, 203.662216187, 204.207885742, 204.741943359, 205.264389038, 205.798446655, 206.332519531, 206.866577148, 207.400634766, 207.934692383, 208.46875, 209.014419556, 209.548477173, 210.08253479, 210.628204346, 211.162261963, 211.69631958, 212.230377197, 212.764434814, 213.298492432, 213.832565308, 214.366622925, 214.900680542, 215.446350098, 215.992019653, 216.526077271, 217.060134888, 217.594192505, 218.128250122, 218.662307739, 219.196365356, 219.730422974, 220.264480591, 220.798538208, 221.332611084, 221.866668701, 222.400726318, 222.934783936, 223.468841553, 224.00289917, 224.548568726, 225.094238281, 225.628295898, 226.162353516, 226.708023071, 227.253692627, 227.799362183, 228.345031738, 228.890701294]
},
"tonal": {
    "chords_changes_rate": 0.0820004045963,
    "chords_number_rate": 0.00283458200283,
    "chords_strength": {
        "mean": 0.518680095673,
        "var": 0.0105861490592
    },
    "hpcp_entropy": {
        "mean": 2.41032242775,
        "var": 0.571021676064
    },
    "key_strength": 0.83822286129,
    "tuning_diatonic_strength": 0.636464476585,
    "tuning_equal_tempered_deviation": 0.103694848716,
    "tuning_frequency": 442.548919678,
    "tuning_nontempered_energy_ratio": 0.811576843262,
    "hpcp": {
        "mean": [0.24192276597, 0.150097519159, 0.131517887115, 0.146371752024, 0.100354515016, 0.0598171576858, 0.0608317777514, 0.0727143362164, 0.101108312607, 0.107859179378, 0.0818721428514, 0.0719105154276, 0.0810554921627, 0.113217100501, 0.235563054681, 0.336719334126, 0.243908300996, 0.115438699722, 0.0763524547219, 0.0708740204573, 0.0943229794502, 0.119295693934, 0.131377398968, 0.168917685747, 0.149811893702, 0.0797441005707, 0.0622898973525, 0.0580837503076, 0.0571701489389, 0.0967437103391, 0.116281412542, 0.082986921072, 0.0593706481159, 0.0643724575639, 0.115487538278, 0.225435733795],
        "var": [0.0923521369696, 0.0485773347318, 0.0576016232371, 0.0861027762294, 0.0431030578911, 0.0221432335675, 0.0263903960586, 0.0288240350783, 0.0387452766299, 0.0466049872339, 0.0351545996964, 0.0311265550554, 0.0330875739455, 0.045113068074, 0.087070286274, 0.145239666104, 0.0904531106353, 0.0474772192538, 0.0356198996305, 0.030915858224, 0.0392905883491, 0.0526395775378, 0.0536716468632, 0.0839954316616, 0.0712303742766, 0.024873226881, 0.0179506558925, 0.0177487321198, 0.0188102629036, 0.045402944088, 0.0628499314189, 0.0349774621427, 0.0207294076681, 0.0210144463927, 0.0392337888479, 0.0886072739959]
    },
    "chords_histogram": [34.4401702881, 2.04494833946, 8.03806400299, 2.22717142105, 0.70864546299, 5.77039909363, 2.12593650818, 8.52399253845, 0.202470138669, 2.14618349075, 7.18768978119, 4.53533124924, 1.8424782753, 0.141729101539, 0, 0.0607410408556, 0.0607410408556, 0.283458203077, 0.141729101539, 1.39704394341, 0.931362628937, 0.425187289715, 7.73435926437, 9.03016757965],
    "thpcp": [1, 0.724366784096, 0.342833608389, 0.226753994823, 0.210483968258, 0.280123442411, 0.354288220406, 0.390168875456, 0.501657247543, 0.444916218519, 0.236826613545, 0.184990555048, 0.172499001026, 0.169785767794, 0.287312597036, 0.345336318016, 0.246457248926, 0.176320880651, 0.191175416112, 0.34297862649, 0.669506371021, 0.718470096588, 0.445764482021, 0.390586078167, 0.434699565172, 0.29803609848, 0.177646934986, 0.180660188198, 0.215949401259, 0.300274759531, 0.320323675871, 0.243146538734, 0.213562175632, 0.240721225739, 0.336235821247, 0.69958281517],
    "chords_key": "D",
    "chords_scale": "minor",
    "key_key": "D",
    "key_scale": "minor"
}
}