{
"lowlevel": {
    "average_loudness": 0.547169804573,
    "barkbands_crest": {
        "mean": 13.4847297668,
        "var": 23.5819187164
    },
    "barkbands_flatness_db": {
        "mean": 0.253999888897,
        "var": 0.00734578771517
    },
    "barkbands_kurtosis": {
        "mean": 22.0972557068,
        "var": 1550.91662598
    },
    "barkbands_skewness": {
        "mean": 2.82131075859,
        "var": 5.10903644562
    },
    "barkbands_spread": {
        "mean": 9.07287311554,
        "var": 149.308853149
    },
    "dissonance": {
        "mean": 0.410640984774,
        "var": 0.00428431946784
    },
    "dynamic_complexity": 6.14750099182,
    "erbbands_crest": {
        "mean": 11.4233188629,
        "var": 21.5231552124
    },
    "erbbands_flatness_db": {
        "mean": 0.201100125909,
        "var": 0.00522865122184
    },
    "erbbands_kurtosis": {
        "mean": 5.09518384933,
        "var": 45.7613182068
    },
    "erbbands_skewness": {
        "mean": 1.29606676102,
        "var": 1.45965743065
    },
    "erbbands_spread": {
        "mean": 26.2704544067,
        "var": 469.142578125
    },
    "hfc": {
        "mean": 6.6526093483,
        "var": 136.581863403
    },
    "melbands_crest": {
        "mean": 17.8912181854,
        "var": 30.3298454285
    },
    "melbands_flatness_db": {
        "mean": 0.358863949776,
        "var": 0.01015331503
    },
    "melbands_kurtosis": {
        "mean": 28.0376873016,
        "var": 1788.7689209
    },
    "melbands_skewness": {
        "mean": 3.1112806797,
        "var": 4.45466375351
    },
    "melbands_spread": {
        "mean": 8.38398170471,
        "var": 249.686019897
    },
    "pitch_salience": {
        "mean": 0.483013123274,
        "var": 0.0215126946568
    },
    "silence_rate_20dB": {
        "mean": 1,
        "var": 0
    },
    "silence_rate_30dB": {
        "mean": 0.986307024956,
        "var": 0.0135054513812
    },
    "silence_rate_60dB": {
        "mean": 0.267012447119,
        "var": 0.195714890957
    },
    "spectral_centroid": {
        "mean": 587.626220703,
        "var": 381692.3125
    },
    "spectral_complexity": {
        "mean": 6.42780065536,
        "var": 13.6455602646
    },
    "spectral_decrease": {
        "mean": -5.40579048192e-009,
        "var": 4.5032324661e-017
    },
    "spectral_energy": {
        "mean": 0.0210060980171,
        "var": 0.000674561073538
    },
    "spectral_energyband_high": {
        "mean": 0.000218905333895,
        "var": 2.44895159085e-006
    },
    "spectral_energyband_low": {
        "mean": 0.00853747967631,
        "var": 0.000134473928483
    },
    "spectral_energyband_middle_high": {
        "mean": 0.000758802169003,
        "var": 7.112097137e-006
    },
    "spectral_energyband_middle_low": {
        "mean": 0.0130650671199,
        "var": 0.000483128154883
    },
    "spectral_entropy": {
        "mean": 6.50821971893,
        "var": 0.675603330135
    },
    "spectral_flux": {
        "mean": 0.0539608411491,
        "var": 0.00216365791857
    },
    "spectral_kurtosis": {
        "mean": 15.743929863,
        "var": 214.381866455
    },
    "spectral_rms": {
        "mean": 0.00375507236458,
        "var": 6.39324753138e-006
    },
    "spectral_rolloff": {
        "mean": 562.84979248,
        "var": 946158.8125
    },
    "spectral_skewness": {
        "mean": 2.99797868729,
        "var": 1.91803824902
    },
    "spectral_spread": {
        "mean": 3954657,
        "var": 4.59375063859e+012
    },
    "spectral_strongpeak": {
        "mean": 0.562223136425,
        "var": 0.613915383816
    },
    "zerocrossingrate": {
        "mean": 0.0283024832606,
        "var": 0.000940482423175
    },
    "barkbands": {
        "mean": [0.000277987652225, 0.00443780561909, 0.00227261800319, 0.00375976553187, 0.00455433549359, 0.0025042493362, 0.00117264827713, 0.000647410633974, 0.000379774981411, 0.000291537522571, 0.000105979888758, 6.82374156895e-005, 7.74722720962e-005, 5.19358763995e-005, 5.0453498261e-005, 4.23336750828e-005, 3.87948821299e-005, 1.50471450979e-005, 2.14177907765e-005, 4.52799067716e-005, 8.19333727122e-005, 4.50068509963e-005, 2.10904272535e-005, 1.42042490552e-005, 1.12121724669e-005, 1.61848529387e-005, 1.41581494972e-006],
        "var": [6.45609873118e-007, 5.88160219195e-005, 2.02045266633e-005, 6.5144020482e-005, 0.000136563903652, 4.17367518821e-005, 1.64383163792e-005, 7.04652939021e-006, 2.69715974355e-006, 4.63412470708e-006, 2.11692693597e-007, 1.01473148106e-007, 2.44860387966e-007, 7.26493709635e-008, 4.44348060569e-008, 2.29422454368e-008, 3.09220382633e-008, 4.88162932299e-009, 5.81846215653e-009, 1.29949768279e-007, 5.77335754315e-007, 1.36057721534e-007, 3.74454458552e-008, 9.28378351972e-009, 1.18082632561e-009, 1.49435663843e-009, 1.20887301905e-011]
    },
    "erbbands": {
        "mean": [0.120306968689, 1.01192581654, 2.6281607151, 7.88723087311, 18.399597168, 11.2117176056, 13.4425954819, 21.9202136993, 19.4646396637, 15.4545040131, 12.561882019, 9.94871425629, 5.5290646553, 10.1149377823, 3.78129220009, 2.95814800262, 3.69588136673, 3.4281976223, 2.73956513405, 2.07732319832, 2.38741588593, 1.72055315971, 0.95169955492, 0.893818557262, 1.36971199512, 2.17241549492, 3.41250276566, 2.81859588623, 1.69070446491, 0.851961433887, 0.587414264679, 0.383571624756, 0.208864927292, 0.0999335795641, 0.0853160843253, 0.0570161826909, 0.0347557514906, 0.00650850869715, 0.000180536575499, 2.77177859971e-005],
        "var": [0.0677739083767, 2.68606233597, 19.3056526184, 218.790786743, 2085.41137695, 947.93145752, 1186.13220215, 4324.86621094, 4624.96484375, 2333.078125, 2554.67724609, 1662.52172852, 587.565551758, 5961.03564453, 233.562606812, 157.018432617, 504.999053955, 262.067443848, 129.414596558, 47.0276527405, 54.7766265869, 60.2448310852, 16.240606308, 21.5690593719, 47.3268165588, 313.527893066, 905.850646973, 695.809204102, 194.193862915, 45.1466941833, 29.8763103485, 9.25152587891, 2.29400920868, 0.258327692747, 0.0432787761092, 0.0167263988405, 0.0075496127829, 0.00024471746292, 1.75976381911e-007, 1.01865416102e-009]
    },
    "gfcc": {
        "mean": [-130.927337646, 132.7684021, -60.2223167419, 22.2119827271, -54.5736122131, 0.696539819241, -34.6597366333, 5.82529640198, -17.4424686432, 3.09135937691, -16.234703064, 2.5094101429, -7.51930904388],
        "cov": [[9184.01367188, -1679.0526123, -811.876403809, 339.375610352, 114.764419556, 192.097640991, -550.572143555, -20.6299057007, -313.483947754, 35.9536628723, -266.351470947, -128.096725464, -367.277557373], [-1679.0526123, 2170.921875, -70.7127609253, -433.800720215, 66.3748474121, -179.517166138, 67.9699707031, -245.244628906, 269.224304199, -392.898651123, 283.068878174, -247.017044067, 192.901580811], [-811.876403809, -70.7127609253, 1650.94433594, 35.7580375671, -187.570129395, -4.27884435654, 123.647369385, 47.6836166382, -118.341873169, 64.8463058472, -127.285987854, 175.256698608, -8.77507591248], [339.375610352, -433.800720215, 35.7580375671, 634.391235352, 107.368011475, 86.77684021, 21.5330791473, 13.1735534668, 43.1013145447, 87.0625152588, 4.45910453796, -8.94581604004, 26.6603622437], [114.764419556, 66.3748474121, -187.570129395, 107.368011475, 465.648895264, 88.8866729736, 7.26669740677, 55.165309906, 84.1922149658, 60.7657012939, 5.73555326462, 19.9597549438, 5.34578800201], [192.097640991, -179.517166138, -4.27884435654, 86.77684021, 88.8866729736, 223.541168213, 95.8011245728, 86.2417373657, 20.8398895264, 71.5589904785, 16.479183197, 13.6758432388, -19.0473937988], [-550.572143555, 67.9699707031, 123.647369385, 21.5330791473, 7.26669740677, 95.8011245728, 269.663330078, 109.497001648, 25.7028751373, 51.2400245667, 47.6169548035, 47.9978294373, 20.1913719177], [-20.6299057007, -245.244628906, 47.6836166382, 13.1735534668, 55.165309906, 86.2417373657, 109.497001648, 211.7996521, 27.2814483643, 111.037109375, -10.8831262589, 93.2779998779, -10.9489049911], [-313.483947754, 269.224304199, -118.341873169, 43.1013145447, 84.1922149658, 20.8398895264, 25.7028751373, 27.2814483643, 174.181259155, 5.43518877029, 77.4271621704, -39.6234130859, 57.4704437256], [35.9536628723, -392.898651123, 64.8463058472, 87.0625152588, 60.7657012939, 71.5589904785, 51.2400245667, 111.037109375, 5.43518877029, 217.917480469, -11.7883653641, 97.8536376953, -22.2682342529], [-266.351470947, 283.068878174, -127.285987854, 4.45910453796, 5.73555326462, 16.479183197, 47.6169548035, -10.8831262589, 77.4271621704, -11.7883653641, 144.911819458, -33.0682792664, 39.7964782715], [-128.096725464, -247.017044067, 175.256698608, -8.94581604004, 19.9597549438, 13.6758432388, 47.9978294373, 93.2779998779, -39.6234130859, 97.8536376953, -33.0682792664, 154.803634644, 7.91449689865], [-367.277557373, 192.901580811, -8.77507591248, 26.6603622437, 5.34578800201, -19.0473937988, 20.1913719177, -10.9489049911, 57.4704437256, -22.2682342529, 39.7964782715, 7.91449689865, 110.990661621]],
        "icov": [[0.000174688611878, 6.90442248015e-005, 5.95421297476e-005, -6.92168905516e-005, -2.80118310911e-005, -0.000196478504222, 0.000364037347026, -0.000159892180818, 0.000219327921513, 0.000130838816403, -1.63426211657e-005, 0.000143725061207, 0.000273321464192], [6.90442248015e-005, 0.00310155702755, -0.00083889864618, 0.00212571048178, -0.00174566765781, 0.00151928770356, -0.00161292881239, 0.00167545559816, -0.00245627830736, 0.0030703949742, -0.00352586037479, 0.00243754335679, -0.00195717206225], [5.95421297476e-005, -0.00083889864618, 0.00109886133578, -0.000759511662181, 0.000867366965394, -0.00057948747417, 9.19182784855e-005, -1.23910867842e-005, 0.000522242276929, -0.000638825062197, 0.00176083843689, -0.00178944482468, 0.000862839107867], [-6.92168905516e-005, 0.00212571048178, -0.000759511662181, 0.00344965676777, -0.00152499601245, 0.000637240533251, -0.00133195659146, 0.00160722271539, -0.00180971133523, 0.000900661339983, -0.00218028668314, 0.0026090675965, -0.00251505686902], [-2.80118310911e-005, -0.00174566765781, 0.000867366965394, -0.00152499601245, 0.00389543292113, -0.00191310187802, 0.00112913735211, -0.000533349870238, -0.000566664384678, -0.00162121688481, 0.002863133559, -0.00283868913539, 0.0017461727839], [-0.000196478504222, 0.00151928770356, -0.00057948747417, 0.000637240533251, -0.00191310187802, 0.00796960666776, -0.00303354719654, -0.000911550363526, -0.000693071691785, 0.000185765384231, -0.00251164101064, 0.00318114110269, -0.00049793231301], [0.000364037347026, -0.00161292881239, 9.19182784855e-005, -0.00133195659146, 0.00112913735211, -0.00303354719654, 0.00788471288979, -0.0042760334909, 0.00276431534439, -0.00106489483733, -0.000606495537795, -0.000976045848802, 0.000545987451915], [-0.000159892180818, 0.00167545559816, -1.23910867842e-005, 0.00160722271539, -0.000533349870238, -0.000911550363526, -0.0042760334909, 0.0121563570574, -0.00592989148572, 9.22749386518e-005, 0.000575117242988, -0.00471825199202, 0.0012374810176], [0.000219327921513, -0.00245627830736, 0.000522242276929, -0.00180971133523, -0.000566664384678, -0.000693071691785, 0.00276431534439, -0.00592989148572, 0.0148350503296, -0.00409058341756, -0.00165020895656, 0.00464889220893, -0.00395075371489], [0.000130838816403, 0.0030703949742, -0.000638825062197, 0.000900661339983, -0.00162121688481, 0.000185765384231, -0.00106489483733, 9.22749386518e-005, -0.00409058341756, 0.0120364902541, -0.00389442755841, -0.00330411014147, 0.00130752765108], [-1.63426211657e-005, -0.00352586037479, 0.00176083843689, -0.00218028668314, 0.002863133559, -0.00251164101064, -0.000606495537795, 0.000575117242988, -0.00165020895656, -0.00389442755841, 0.0154195325449, -0.00278685684316, 0.00107799307443], [0.000143725061207, 0.00243754335679, -0.00178944482468, 0.0026090675965, -0.00283868913539, 0.00318114110269, -0.000976045848802, -0.00471825199202, 0.00464889220893, -0.00330411014147, -0.00278685684316, 0.0189450308681, -0.00755602819845], [0.000273321464192, -0.00195717206225, 0.000862839107867, -0.00251505686902, 0.0017461727839, -0.00049793231301, 0.000545987451915, 0.0012374810176, -0.00395075371489, 0.00130752765108, 0.00107799307443, -0.00755602819845, 0.0163016039878]]
    },
    "melbands": {
        "mean": [0.00116460875142, 0.00138785701711, 0.00174122292083, 0.00113575311843, 0.000446365535026, 0.000489955826197, 0.000284102279693, 0.000162826530868, 9.70862820395e-005, 5.61305641895e-005, 2.67162085947e-005, 4.31534208474e-005, 1.31699862322e-005, 8.68905044626e-006, 6.09962353337e-006, 8.69617451826e-006, 6.04695060247e-006, 3.91161484004e-006, 3.21469565279e-006, 3.12483302878e-006, 2.78424863609e-006, 1.97443455363e-006, 1.18910304536e-006, 7.5664496535e-007, 6.75508317727e-007, 9.1567818572e-007, 1.14940678486e-006, 1.48140554757e-006, 2.01156558433e-006, 2.18918239625e-006, 1.47535263295e-006, 1.04106402432e-006, 6.58792203012e-007, 3.76646255518e-007, 2.99189565567e-007, 3.53495806849e-007, 1.93643217017e-007, 1.51456646336e-007, 1.172663886e-007, 7.05798726131e-008],
        "var": [4.78987340102e-006, 4.4551306928e-006, 9.78274601948e-006, 8.69753239385e-006, 1.23230233839e-006, 1.92182210412e-006, 9.54472398007e-007, 2.929794789e-007, 1.4948531657e-007, 5.5243187802e-008, 1.67648099847e-008, 1.17485882356e-007, 2.83874013185e-009, 1.79592030136e-009, 5.93228410839e-010, 4.11088452168e-009, 1.07224085166e-009, 2.80162476551e-010, 1.7684405329e-010, 1.53173390638e-010, 8.05885566613e-011, 6.95862811817e-011, 7.62165400237e-011, 1.11879550763e-011, 1.6634534028e-011, 1.04127158285e-011, 9.26195023454e-011, 1.61917812491e-010, 2.89136270482e-010, 4.75191830329e-010, 1.76651818173e-010, 7.49174888792e-011, 3.02227409765e-011, 8.40525652551e-012, 7.03192452184e-012, 1.47912238013e-011, 1.96128985448e-012, 1.35409608873e-012, 7.04200911993e-013, 1.01943728795e-013]
    },
    "mfcc": {
        "mean": [-794.434753418, 170.182800293, 44.8428688049, 30.316619873, 6.12159729004, 0.382821530104, -6.05281209946, 0.855604827404, 2.45332789421, 0.758149325848, -4.06967020035, -0.766115069389, 2.98446393013],
        "cov": [[8525.04882813, -1328.56188965, -1308.28222656, 56.5772323608, 198.602661133, 225.126342773, -173.404602051, -139.551300049, -255.313262939, 74.32421875, -71.6541366577, -119.79876709, -163.738922119], [-1328.56188965, 1911.04211426, 98.3663024902, -357.862609863, 65.4233398438, -184.968704224, -74.7644119263, 41.5696563721, -77.14112854, -81.7008666992, -40.6903953552, -88.2738189697, 32.7671318054], [-1308.28222656, 98.3663024902, 1359.51879883, 120.033813477, -171.314437866, -0.197484329343, 63.0330581665, 34.4915618896, 42.2523880005, -97.2835845947, -58.0923995972, 40.9323654175, 34.7970695496], [56.5772323608, -357.862609863, 120.033813477, 417.544647217, 118.148109436, 110.709289551, 23.4210090637, 0.0288460105658, 59.2526016235, 22.2463321686, 0.486987948418, 18.5833339691, 16.6221599579], [198.602661133, 65.4233398438, -171.314437866, 118.148109436, 335.198577881, 95.8107223511, -34.017791748, -0.359915912151, 29.4257106781, 53.894947052, 1.98223912716, -16.0813293457, 28.6078128815], [225.126342773, -184.968704224, -0.197484329343, 110.709289551, 95.8107223511, 192.388565063, 72.7526779175, 7.87135314941, 35.8878364563, 37.3990936279, 30.9718132019, 32.2785568237, 7.99061727524], [-173.404602051, -74.7644119263, 63.0330581665, 23.4210090637, -34.017791748, 72.7526779175, 188.74659729, 84.731880188, 50.4445114136, 25.8174362183, 58.7748641968, 59.4933013916, 17.9283695221], [-139.551300049, 41.5696563721, 34.4915618896, 0.0288460105658, -0.359915912151, 7.87135314941, 84.731880188, 142.752624512, 63.5780830383, 19.8123378754, 34.0063323975, 25.245300293, 24.7405281067], [-255.313262939, -77.14112854, 42.2523880005, 59.2526016235, 29.4257106781, 35.8878364563, 50.4445114136, 63.5780830383, 142.562561035, 54.2135238647, 29.431842804, 30.8637714386, 28.1997203827], [74.32421875, -81.7008666992, -97.2835845947, 22.2463321686, 53.894947052, 37.3990936279, 25.8174362183, 19.8123378754, 54.2135238647, 123.824539185, 59.7409095764, 30.7959861755, 18.5123596191], [-71.6541366577, -40.6903953552, -58.0923995972, 0.486987948418, 1.98223912716, 30.9718132019, 58.7748641968, 34.0063323975, 29.431842804, 59.7409095764, 120.999610901, 64.8796005249, 13.7998209], [-119.79876709, -88.2738189697, 40.9323654175, 18.5833339691, -16.0813293457, 32.2785568237, 59.4933013916, 25.245300293, 30.8637714386, 30.7959861755, 64.8796005249, 114.666748047, 39.5771751404], [-163.738922119, 32.7671318054, 34.7970695496, 16.6221599579, 28.6078128815, 7.99061727524, 17.9283695221, 24.7405281067, 28.1997203827, 18.5123596191, 13.7998209, 39.5771751404, 80.7722549438]],
        "icov": [[0.000186030563782, 0.000132217392093, 0.00014008951257, 5.2025396144e-005, -9.1364936452e-006, -0.000277374841971, 0.000208564524655, -0.000249248172622, 0.000433271721704, -0.000156265028636, 0.000207130608032, 1.60036634043e-005, 0.000154466528329], [0.000132217392093, 0.000912093208171, -0.000103276033769, 0.000782258925028, -0.000735204550438, 0.000424351717811, 4.25981015724e-005, -0.000418796640588, 0.000512913393322, 0.00035743394983, -0.000277831510175, 0.000666492094751, -0.00042133507668], [0.00014008951257, -0.000103276033769, 0.0011051412439, -0.000497774861287, 0.000746219768189, -0.000478771980852, 8.04393639555e-005, -0.000215206600842, -8.26628456707e-005, 0.000444530858658, 0.000793680606876, -0.000483017036458, -0.000188600897673], [5.2025396144e-005, 0.000782258925028, -0.000497774861287, 0.00394025957212, -0.00158494478092, -0.000810083409306, 2.91250362352e-005, 0.000237412401475, -0.000797096465249, 0.000611066643614, -4.68310245196e-005, 0.000295366684441, -0.000244480354013], [-9.1364936452e-006, -0.000735204550438, 0.000746219768189, -0.00158494478092, 0.00570545298979, -0.0032879083883, 0.00228742673062, -0.000843386980705, -9.99137482722e-005, -0.00160492758732, 0.00050886941608, 0.000931125774514, -0.00180091196671], [-0.000277374841971, 0.000424351717811, -0.000478771980852, -0.000810083409306, -0.0032879083883, 0.0101577434689, -0.0049247937277, 0.00263302307576, -0.000977366464213, -5.40307446499e-005, -0.000609727925621, -0.000686794170178, 0.000879075669218], [0.000208564524655, 4.25981015724e-005, 8.04393639555e-005, 2.91250362352e-005, 0.00228742673062, -0.0049247937277, 0.0113958232105, -0.0058211022988, 0.000356323376764, 4.75835804536e-005, -0.00153378990944, -0.00210382742807, 0.000453052751254], [-0.000249248172622, -0.000418796640588, -0.000215206600842, 0.000237412401475, -0.000843386980705, 0.00263302307576, -0.0058211022988, 0.0127456141636, -0.00490444898605, 0.00136790133547, -0.00185895245522, 0.00145773903932, -0.00186311465222], [0.000433271721704, 0.000512913393322, -8.26628456707e-005, -0.000797096465249, -9.99137482722e-005, -0.000977366464213, 0.000356323376764, -0.00490444898605, 0.0125268716365, -0.00475571863353, 0.00151001650374, -0.000483033742057, -0.000879689236172], [-0.000156265028636, 0.00035743394983, 0.000444530858658, 0.000611066643614, -0.00160492758732, -5.40307446499e-005, 4.75835804536e-005, 0.00136790133547, -0.00475571863353, 0.0142792873085, -0.00631728814915, 0.000891838397365, -0.0016048484249], [0.000207130608032, -0.000277831510175, 0.000793680606876, -4.68310245196e-005, 0.00050886941608, -0.000609727925621, -0.00153378990944, -0.00185895245522, 0.00151001650374, -0.00631728814915, 0.0168434809893, -0.00810162257403, 0.0030029148329], [1.60036634043e-005, 0.000666492094751, -0.000483017036458, 0.000295366684441, 0.000931125774514, -0.000686794170178, -0.00210382742807, 0.00145773903932, -0.000483033742057, 0.000891838397365, -0.00810162257403, 0.0175638329238, -0.00758963404223], [0.000154466528329, -0.00042133507668, -0.000188600897673, -0.000244480354013, -0.00180091196671, 0.000879075669218, 0.000453052751254, -0.00186311465222, -0.000879689236172, -0.0016048484249, 0.0030029148329, -0.00758963404223, 0.0178977977484]]
    },
    "spectral_contrast_coeffs": {
        "mean": [-0.632672309875, -0.705592215061, -0.769786536694, -0.795585989952, -0.816158056259, -0.795403420925],
        "var": [0.0144680012017, 0.00688379770145, 0.00430160714313, 0.00442164484411, 0.0033004109282, 0.00188201549463]
    },
    "spectral_contrast_valleys": {
        "mean": [-7.67385101318, -7.39016151428, -8.74775791168, -9.66283988953, -9.62582015991, -11.9388837814],
        "var": [0.982517004013, 0.741612255573, 0.936503767967, 1.30337905884, 1.32487726212, 1.58625686169]
    }
},
"metadata": {
    "audio_properties": {
        "analysis_sample_rate": 44100,
        "bit_rate": 128000,
        "equal_loudness": 0,
        "length": 111.882446289,
        "lossless": 0,
        "replay_gain": -8.45472335815,
        "sample_rate": 44100,
        "codec": "mp3",
        "downmix": "mix",
        "md5_encoded": "7b532495f2221bd8081f5769c19d09b6"
    },
    "tags": {
        "file_name": "2034.mp3",
        "album": ["When the night falls"],
        "artist": ["Jacques COUTURIER"],
        "encoding": ["LAME 64bits version 3.99.5 (http:\/\/lame.sf.net)"],
        "length": ["111854"],
        "title": ["Hey! beauty"],
        "tracknumber": ["03"]
    },
    "version": {
        "essentia": "2.1-beta2",
        "essentia_git_sha": "v2.1_beta2",
        "extractor": "music 1.0"
    }
},
"rhythm": {
    "beats_count": 219,
    "beats_loudness": {
        "mean": 0.0306252706796,
        "var": 0.000529149430804
    },
    "bpm": 117.985488892,
    "bpm_histogram_first_peak_bpm": {
        "mean": 117,
        "var": 0
    },
    "bpm_histogram_first_peak_spread": {
        "mean": 0.2037037462,
        "var": 0
    },
    "bpm_histogram_first_peak_weight": {
        "mean": 0.788990855217,
        "var": 0
    },
    "bpm_histogram_second_peak_bpm": {
        "mean": 105,
        "var": 0
    },
    "bpm_histogram_second_peak_spread": {
        "mean": 0,
        "var": 0
    },
    "bpm_histogram_second_peak_weight": {
        "mean": 0.00458715576679,
        "var": 0
    },
    "danceability": 1.00928282738,
    "onset_rate": 3.99474644661,
    "beats_loudness_band_ratio": {
        "mean": [0.675082504749, 0.239906221628, 0.0809946358204, 0.0223827771842, 0.00697129592299, 0.0212912950665],
        "var": [0.0738689228892, 0.0502636358142, 0.0114537840709, 0.00466772122309, 0.000232338628848, 0.00487140705809]
    },
    "beats_position": [0.557278871536, 1.1261677742, 1.67183673382, 2.18267560005, 2.69351458549, 3.20435357094, 3.7151927948, 4.22603178024, 4.73687076569, 5.24770975113, 5.75854873657, 6.26938772202, 6.78022670746, 7.2910656929, 7.80190467834, 8.3011341095, 8.8119726181, 9.32281208038, 9.82204055786, 10.3328800201, 10.8437185287, 11.354557991, 11.8653964996, 12.3646259308, 12.8638544083, 13.3746938705, 13.8855323792, 14.3963718414, 14.90721035, 15.4180498123, 15.9288883209, 16.4397277832, 16.9389572144, 17.4497947693, 17.9606342316, 18.4598636627, 18.970703125, 19.4815406799, 19.9923801422, 20.5032196045, 21.0140590668, 21.5248966217, 22.035736084, 22.5465755463, 23.0574150085, 23.5566444397, 24.0558719635, 24.5667114258, 25.0775508881, 25.5883903503, 26.0992279053, 26.6100673676, 27.1092967987, 27.620136261, 28.1309738159, 28.6302032471, 29.1410427094, 29.6518821716, 30.1627197266, 30.6735591888, 31.1843986511, 31.6952381134, 32.2060775757, 32.7169151306, 33.2161445618, 33.7153739929, 34.2262115479, 34.7370529175, 35.2362823486, 35.7355079651, 36.2463493347, 36.7571868896, 37.2680282593, 37.7788658142, 38.2897033691, 38.8005447388, 39.3113822937, 39.8222198486, 40.3330612183, 40.8438987732, 41.3547401428, 41.8655776978, 42.3764152527, 42.8756446838, 43.3864860535, 43.8857116699, 44.3965530396, 44.8957824707, 45.3950119019, 45.9058494568, 46.4166870117, 46.9275283813, 47.4383659363, 47.9492073059, 48.4600448608, 48.9708824158, 49.4817237854, 49.9925613403, 50.5033988953, 51.0142402649, 51.5366897583, 52.0359191895, 52.5467567444, 53.0459861755, 53.5452156067, 54.0560531616, 54.5668907166, 55.0777320862, 55.5885696411, 56.0994110107, 56.6102485657, 57.1210861206, 57.6203155518, 58.1195449829, 58.6303825378, 59.1412239075, 59.6520614624, 60.162902832, 60.673740387, 61.1845779419, 61.6954193115, 62.2062568665, 62.7054862976, 63.2047157288, 63.7155532837, 64.2263946533, 64.7372360229, 65.2480697632, 65.7589111328, 66.2697525024, 66.7805862427, 67.2914276123, 67.8022689819, 68.3014984131, 68.8007278442, 69.3115615845, 69.8224029541, 70.3332443237, 70.844078064, 71.3549194336, 71.8657608032, 72.3649902344, 72.8642196655, 73.3750534058, 73.8858947754, 74.396736145, 74.9075698853, 75.4184112549, 75.9292526245, 76.4400863647, 76.9509277344, 77.461769104, 77.9609985352, 78.4602279663, 78.9710617065, 79.4819030762, 79.9927444458, 80.503578186, 81.0144195557, 81.5252609253, 82.0244903564, 82.5353240967, 83.0461654663, 83.5453948975, 84.0562362671, 84.5670700073, 85.077911377, 85.5887527466, 86.0995864868, 86.6104278564, 87.1212692261, 87.6204986572, 88.1197280884, 88.6305618286, 89.1414031982, 89.6522445679, 90.1630859375, 90.6739196777, 91.1847610474, 91.695602417, 92.2064361572, 92.7056655884, 93.2048950195, 93.7157363892, 94.2265777588, 94.737411499, 95.2482528687, 95.7590942383, 96.2699279785, 96.7691574097, 97.2799987793, 97.7792282104, 98.2900695801, 98.8009033203, 99.3117446899, 99.8225860596, 100.3334198, 100.844261169, 101.355102539, 101.865936279, 102.376777649, 102.887619019, 103.38684845, 103.886077881, 104.396911621, 104.907752991, 105.41859436, 105.929428101, 106.44026947, 106.95111084, 107.46194458, 107.961174011, 108.460403442, 108.971244812, 109.482086182, 109.992919922, 110.503761292, 111.014602661, 111.525436401]
},
"tonal": {
    "chords_changes_rate": 0.0759021118283,
    "chords_number_rate": 0.00414765672758,
    "chords_strength": {
        "mean": 0.500253677368,
        "var": 0.00986851379275
    },
    "hpcp_entropy": {
        "mean": 1.82219922543,
        "var": 0.490274876356
    },
    "key_strength": 0.827612996101,
    "tuning_diatonic_strength": 0.619903862476,
    "tuning_equal_tempered_deviation": 0.374856263399,
    "tuning_frequency": 454.465301514,
    "tuning_nontempered_energy_ratio": 0.985498666763,
    "hpcp": {
        "mean": [0.067330673337, 0.089063256979, 0.0791805908084, 0.0545395873487, 0.0576155856252, 0.0640958473086, 0.114972449839, 0.189047455788, 0.144143536687, 0.0602913498878, 0.0443060323596, 0.0419810153544, 0.0768315270543, 0.154501184821, 0.143593654037, 0.0741914659739, 0.0551698952913, 0.0508214086294, 0.0814329087734, 0.141512900591, 0.138467684388, 0.170330911875, 0.245064049959, 0.173821538687, 0.0841138213873, 0.0672506690025, 0.0575623475015, 0.101384148002, 0.175550296903, 0.150171667337, 0.0827744007111, 0.0733997970819, 0.0692871436477, 0.076547563076, 0.101950436831, 0.0863953158259],
        "var": [0.0276163518429, 0.0484207607806, 0.0375939272344, 0.0240632258356, 0.0253512226045, 0.0289684087038, 0.0501912720501, 0.100222498178, 0.0654202923179, 0.0261503383517, 0.0230849981308, 0.0235136281699, 0.0298766940832, 0.0801289230585, 0.068927206099, 0.0367727614939, 0.0286386236548, 0.0253253728151, 0.0386403091252, 0.0784499049187, 0.0704455599189, 0.0712871849537, 0.121439225972, 0.071214042604, 0.0377841033041, 0.035458471626, 0.0263723433018, 0.0433749780059, 0.0950439199805, 0.0739365890622, 0.042399302125, 0.0407999493182, 0.0366152413189, 0.0377099253237, 0.0466545857489, 0.03659696877]
    },
    "chords_histogram": [11.4890089035, 14.4753217697, 22.3973445892, 0, 7.71464109421, 0.207382827997, 0.165906265378, 0, 0.331812530756, 0.497718781233, 0, 0, 0, 0, 0, 0.0414765663445, 0, 3.44255495071, 4.56242227554, 4.27208614349, 0, 4.18913316727, 11.9037742615, 14.3094148636],
    "thpcp": [1, 0.709290266037, 0.343231976032, 0.274420797825, 0.234886944294, 0.413704693317, 0.716344535351, 0.61278539896, 0.33776640892, 0.299512714148, 0.28273075819, 0.312357366085, 0.416015475988, 0.352541774511, 0.274747252464, 0.363428473473, 0.323101609945, 0.222552374005, 0.235104188323, 0.261547327042, 0.469152659178, 0.77142059803, 0.588187217712, 0.246022820473, 0.180793687701, 0.171306297183, 0.313516110182, 0.630452275276, 0.585943341255, 0.302743166685, 0.225124388933, 0.207380101085, 0.332292348146, 0.577452719212, 0.565026521683, 0.69504648447],
    "chords_key": "B",
    "chords_scale": "major",
    "key_key": "E",
    "key_scale": "major"
}
}