{
"lowlevel": {
    "average_loudness": 0.962700724602,
    "barkbands_crest": {
        "mean": 13.4196195602,
        "var": 19.6652889252
    },
    "barkbands_flatness_db": {
        "mean": 0.277064681053,
        "var": 0.0127615258098
    },
    "barkbands_kurtosis": {
        "mean": 10.4053440094,
        "var": 2392.96362305
    },
    "barkbands_skewness": {
        "mean": 1.88224804401,
        "var": 4.27499055862
    },
    "barkbands_spread": {
        "mean": 14.0611820221,
        "var": 120.426254272
    },
    "dissonance": {
        "mean": 0.400545060635,
        "var": 0.00603451021016
    },
    "dynamic_complexity": 2.26116490364,
    "erbbands_crest": {
        "mean": 13.7964410782,
        "var": 34.2227058411
    },
    "erbbands_flatness_db": {
        "mean": 0.255197227001,
        "var": 0.0131036778912
    },
    "erbbands_kurtosis": {
        "mean": 3.48707532883,
        "var": 53.6601028442
    },
    "erbbands_skewness": {
        "mean": -0.267107486725,
        "var": 2.13780021667
    },
    "erbbands_spread": {
        "mean": 25.3666973114,
        "var": 417.092681885
    },
    "hfc": {
        "mean": 24.7665901184,
        "var": 459.600860596
    },
    "melbands_crest": {
        "mean": 18.9065418243,
        "var": 30.6395225525
    },
    "melbands_flatness_db": {
        "mean": 0.364360928535,
        "var": 0.0138402944431
    },
    "melbands_kurtosis": {
        "mean": 17.5569019318,
        "var": 1089.51428223
    },
    "melbands_skewness": {
        "mean": 2.77345228195,
        "var": 4.86060094833
    },
    "melbands_spread": {
        "mean": 15.4505367279,
        "var": 177.474990845
    },
    "pitch_salience": {
        "mean": 0.414544701576,
        "var": 0.0100544542074
    },
    "silence_rate_20dB": {
        "mean": 1,
        "var": 0
    },
    "silence_rate_30dB": {
        "mean": 0.988021552563,
        "var": 0.0118345925584
    },
    "silence_rate_60dB": {
        "mean": 0.028002537787,
        "var": 0.0272234007716
    },
    "spectral_centroid": {
        "mean": 861.179931641,
        "var": 193948.609375
    },
    "spectral_complexity": {
        "mean": 11.3692684174,
        "var": 28.0758533478
    },
    "spectral_decrease": {
        "mean": -1.26512853527e-008,
        "var": 3.61174319314e-017
    },
    "spectral_energy": {
        "mean": 0.0499952696264,
        "var": 0.000558300700504
    },
    "spectral_energyband_high": {
        "mean": 0.000400644144975,
        "var": 1.20567801787e-006
    },
    "spectral_energyband_low": {
        "mean": 0.0259051602334,
        "var": 0.000493267492857
    },
    "spectral_energyband_middle_high": {
        "mean": 0.0115482220426,
        "var": 0.000214283514651
    },
    "spectral_energyband_middle_low": {
        "mean": 0.0134626813233,
        "var": 0.000143600191223
    },
    "spectral_entropy": {
        "mean": 6.44587230682,
        "var": 0.953554153442
    },
    "spectral_flux": {
        "mean": 0.0741918608546,
        "var": 0.00187562138308
    },
    "spectral_kurtosis": {
        "mean": 32.2152481079,
        "var": 6525.19287109
    },
    "spectral_rms": {
        "mean": 0.00671958038583,
        "var": 3.62331434189e-006
    },
    "spectral_rolloff": {
        "mean": 844.820556641,
        "var": 571882.1875
    },
    "spectral_skewness": {
        "mean": 3.48193573952,
        "var": 8.52054595947
    },
    "spectral_spread": {
        "mean": 3715924,
        "var": 6.42606537114e+012
    },
    "spectral_strongpeak": {
        "mean": 1.95268332958,
        "var": 10.1309108734
    },
    "zerocrossingrate": {
        "mean": 0.0371795594692,
        "var": 0.000668087159283
    },
    "barkbands": {
        "mean": [0.00354433944449, 0.0165503639728, 0.00455741677433, 0.00310953427106, 0.0050749448128, 0.00159401958808, 0.00174730399158, 0.000691669352818, 0.00107446045149, 0.00164322869387, 0.00086960272165, 0.00382323749363, 0.000567496346775, 0.00326133193448, 0.000900864775758, 0.000192225590581, 0.00017377610493, 0.000121366269013, 7.46629448258e-005, 4.20108481194e-005, 5.08733064635e-005, 4.84861993755e-005, 7.83827636042e-005, 9.27544315346e-005, 6.9873931352e-005, 3.49633301084e-005, 5.85569250688e-006],
        "var": [2.22724920604e-005, 0.000272829580354, 2.1636058591e-005, 2.2166655981e-005, 6.62136662868e-005, 6.86667863192e-006, 1.01584346339e-005, 2.77866320175e-006, 5.67829920328e-006, 8.37440165924e-006, 1.44041960084e-005, 0.000128139174194, 4.10361053582e-006, 6.57031487208e-005, 1.10245791802e-005, 3.42930036368e-007, 1.72136296328e-007, 8.66603215854e-008, 6.84607570633e-008, 2.17134736857e-008, 2.20370743875e-008, 2.558787493e-008, 6.7915287616e-008, 9.42162969864e-008, 5.05524262451e-008, 8.65575966458e-009, 3.31688926325e-010]
    },
    "erbbands": {
        "mean": [0.736029028893, 2.70089364052, 5.58664464951, 8.04473781586, 15.251748085, 15.53378582, 12.169965744, 14.869269371, 25.0979690552, 18.1552219391, 17.6228637695, 20.4742832184, 35.5461235046, 55.0584831238, 95.8979873657, 93.771774292, 28.5119056702, 86.3267593384, 144.714050293, 29.7720184326, 10.7873382568, 10.151599884, 7.873087883, 3.72165846825, 3.67872285843, 1.93967628479, 2.19528341293, 1.79273569584, 1.73238456249, 1.72793543339, 2.42525410652, 1.97830843925, 1.54906094074, 0.917056381702, 0.428971648216, 0.153961524367, 0.0670317187905, 0.0159953590482, 0.000659453740809, 7.00740347384e-005],
        "var": [0.534070312977, 7.99222326279, 28.6639900208, 103.838310242, 606.005859375, 785.71673584, 443.792785645, 662.026367188, 2134.67285156, 1344.31750488, 1447.13342285, 1781.7088623, 5218.90625, 10358.8876953, 66164.9296875, 67334.0234375, 6254.65478516, 55693.3007813, 116293.453125, 11988.5029297, 944.051513672, 516.089477539, 311.169952393, 106.483596802, 195.223052979, 44.3371124268, 43.8476829529, 32.4281005859, 33.7955665588, 35.1605110168, 69.1126708984, 47.1525154114, 25.2730941772, 9.36655807495, 1.87670600414, 0.193217352033, 0.0323061421514, 0.00206322548911, 3.79488187718e-006, 2.415618372e-009]
    },
    "gfcc": {
        "mean": [-59.4416847229, 131.401748657, -103.244728088, 1.24964499474, -34.7913665771, 20.1020278931, -40.7926177979, 1.17137908936, -21.0263843536, -8.68613433838, -11.0460214615, -6.86842012405, -5.71106100082],
        "cov": [[12657.6865234, -3129.83642578, 878.23840332, 3252.58007813, -57.6858825684, 1390.67407227, -393.980926514, 1026.71435547, 29.6087589264, 1096.73413086, 89.8456192017, 412.466003418, -245.806838989], [-3129.83642578, 3136.11669922, 16.9679603577, -739.91394043, 560.421630859, -631.165283203, 402.151489258, -361.795288086, 187.944229126, -422.499603271, 146.562011719, -358.562591553, 23.0051460266], [878.23840332, 16.9679603577, 2313.44042969, 885.978759766, 122.60799408, 581.639587402, 331.322509766, 467.638000488, 251.707672119, 392.05065918, 28.0621433258, 176.201171875, -107.587677002], [3252.58007813, -739.91394043, 885.978759766, 1836.7980957, 446.656433105, 640.351501465, 166.847839355, 514.332092285, 201.4168396, 418.112976074, 96.5625534058, 146.671783447, -6.06370687485], [-57.6858825684, 560.421630859, 122.60799408, 446.656433105, 977.333984375, 338.699371338, 254.587783813, 118.574821472, 199.427902222, 33.2560920715, 108.654205322, 39.4462585449, 112.098876953], [1390.67407227, -631.165283203, 581.639587402, 640.351501465, 338.699371338, 852.204589844, 175.545837402, 254.199111938, 26.828250885, 252.305923462, 128.820083618, 254.091491699, 53.1303710938], [-393.980926514, 402.151489258, 331.322509766, 166.847839355, 254.587783813, 175.545837402, 660.536437988, 261.735137939, 146.368667603, -53.0378379822, -3.26887273788, 67.4910430908, 10.9818954468], [1026.71435547, -361.795288086, 467.638000488, 514.332092285, 118.574821472, 254.199111938, 261.735137939, 594.636901855, 229.676712036, 79.5108184814, -51.101940155, 81.716835022, -26.1831169128], [29.6087589264, 187.944229126, 251.707672119, 201.4168396, 199.427902222, 26.828250885, 146.368667603, 229.676712036, 352.691558838, 122.109489441, -41.2033996582, -78.6497344971, -20.402097702], [1096.73413086, -422.499603271, 392.05065918, 418.112976074, 33.2560920715, 252.305923462, -53.0378379822, 79.5108184814, 122.109489441, 462.15802002, 131.324050903, 57.1242866516, -65.3642272949], [89.8456192017, 146.562011719, 28.0621433258, 96.5625534058, 108.654205322, 128.820083618, -3.26887273788, -51.101940155, -41.2033996582, 131.324050903, 314.546447754, 146.119476318, -0.556692242622], [412.466003418, -358.562591553, 176.201171875, 146.671783447, 39.4462585449, 254.091491699, 67.4910430908, 81.716835022, -78.6497344971, 57.1242866516, 146.119476318, 312.730438232, 62.1200561523], [-245.806838989, 23.0051460266, -107.587677002, -6.06370687485, 112.098876953, 53.1303710938, 10.9818954468, -26.1831169128, -20.402097702, -65.3642272949, -0.556692242622, 62.1200561523, 171.6509552]],
        "icov": [[0.00028141841176, -0.000242207112024, 0.000301195133943, -0.000507755321451, 0.000258074927842, -0.000339116028044, 0.000372376496671, -0.000412665627664, 0.000356107455445, -0.000557508552447, 0.000673909904435, -0.000528721546289, 0.000479515874758], [-0.000242207112024, 0.00191039999481, -0.00107206543908, 0.00083125801757, -0.00114901026245, 0.00136469677091, -0.00130010524299, 0.00135864294134, -0.00108839408495, 0.00217882427387, -0.00325063080527, 0.00271554314531, -0.000920043501537], [0.000301195133943, -0.00107206543908, 0.00140553049278, -0.000893889926374, 0.000861418200657, -0.00113514356781, 0.000648772984277, -0.000913036754355, 0.000435603462392, -0.00163143931422, 0.00223890109919, -0.00195972342044, 0.001179404906], [-0.000507755321451, 0.00083125801757, -0.000893889926374, 0.00214228429832, -0.00113890250213, 0.000693311565556, -0.000744452234358, 3.36839802912e-005, -0.000187302328413, 0.000570092059206, -0.00180679059122, 0.00178483361378, -0.00119813240599], [0.000258074927842, -0.00114901026245, 0.000861418200657, -0.00113890250213, 0.00275312433951, -0.00178269599564, 0.000476464076201, -0.000188668156625, -0.000849482545163, -0.000466737517854, 0.00112382147927, -0.00118965096772, -0.000126709797769], [-0.000339116028044, 0.00136469677091, -0.00113514356781, 0.000693311565556, -0.00178269599564, 0.00386488391086, -0.00128520268481, 0.000396808114601, 0.000455949368188, 0.000353280978743, -0.00206179125234, 0.000871994765475, -0.00137836846989], [0.000372376496671, -0.00130010524299, 0.000648772984277, -0.000744452234358, 0.000476464076201, -0.00128520268481, 0.00333058065735, -0.00174346147105, 0.000317459314829, -0.00086139945779, 0.00228190911002, -0.00235770037398, 0.00126580963843], [-0.000412665627664, 0.00135864294134, -0.000913036754355, 3.36839802912e-005, -0.000188668156625, 0.000396808114601, -0.00174346147105, 0.00546984560788, -0.00399440666661, 0.00312835583463, -0.0017035570927, 0.00043830962386, 0.000154523353558], [0.000356107455445, -0.00108839408495, 0.000435603462392, -0.000187302328413, -0.000849482545163, 0.000455949368188, 0.000317459314829, -0.00399440666661, 0.00803860276937, -0.00444798031822, 0.00255320593715, 0.000520052737556, -0.000211986567592], [-0.000557508552447, 0.00217882427387, -0.00163143931422, 0.000570092059206, -0.000466737517854, 0.000353280978743, -0.00086139945779, 0.00312835583463, -0.00444798031822, 0.00796580966562, -0.00573362084106, 0.00313339568675, -1.29125974127e-005], [0.000673909904435, -0.00325063080527, 0.00223890109919, -0.00180679059122, 0.00112382147927, -0.00206179125234, 0.00228190911002, -0.0017035570927, 0.00255320593715, -0.00573362084106, 0.0114350896329, -0.00783945061266, 0.00323287281208], [-0.000528721546289, 0.00271554314531, -0.00195972342044, 0.00178483361378, -0.00118965096772, 0.000871994765475, -0.00235770037398, 0.00043830962386, 0.000520052737556, 0.00313339568675, -0.00783945061266, 0.0112041356042, -0.00438681105152], [0.000479515874758, -0.000920043501537, 0.001179404906, -0.00119813240599, -0.000126709797769, -0.00137836846989, 0.00126580963843, 0.000154523353558, -0.000211986567592, -1.29125974127e-005, 0.00323287281208, -0.00438681105152, 0.0093525853008]]
    },
    "melbands": {
        "mean": [0.00557494303212, 0.00310502084903, 0.00158268876839, 0.00124045624398, 0.000454650959, 0.000336184311891, 0.000370105932234, 0.000188427016838, 0.000150478022988, 0.000131093198434, 0.000185836324818, 0.000233443337493, 0.000235767627601, 0.000467803853098, 9.86355516943e-005, 7.03651021468e-005, 0.000185721204616, 0.000303261273075, 4.49288527307e-005, 2.36514551943e-005, 1.06701700133e-005, 1.05697890831e-005, 9.07548019313e-006, 5.23417929799e-006, 2.64598384092e-006, 3.06793754135e-006, 1.95982624973e-006, 1.09994709874e-006, 1.40083125189e-006, 1.19931996778e-006, 9.7770055163e-007, 9.22929871194e-007, 1.02757621789e-006, 9.19624028484e-007, 1.35624225095e-006, 1.43570650835e-006, 1.11964834559e-006, 1.07595235477e-006, 9.80157210506e-007, 7.12391340585e-007],
        "var": [2.97580372717e-005, 8.76028479979e-006, 3.62474384019e-006, 4.79945219922e-006, 5.50383731479e-007, 2.92481303177e-007, 4.62394780243e-007, 1.46583786886e-007, 1.04877479146e-007, 8.13156617596e-008, 1.43808335906e-007, 1.83985690683e-007, 4.47721646424e-007, 2.32519232668e-006, 2.00784995741e-007, 1.07770155466e-007, 2.21095973529e-007, 5.61028059565e-007, 2.43379645326e-008, 8.3518560956e-009, 1.3492285067e-009, 6.84462653222e-010, 4.16266882075e-010, 1.92490912099e-010, 7.14721962169e-011, 1.23570320643e-010, 7.1579776828e-011, 1.41694026304e-011, 2.18834082799e-011, 1.40293662104e-011, 1.10864225786e-011, 1.08661907597e-011, 1.20216007288e-011, 1.1120757093e-011, 2.27765011712e-011, 2.52472660833e-011, 1.59111196441e-011, 1.20126044528e-011, 1.18575921651e-011, 5.68411637203e-012]
    },
    "mfcc": {
        "mean": [-715.628723145, 162.652252197, 8.13985347748, -1.27857530117, 19.1846523285, 4.17100954056, 2.3394639492, 3.63926029205, -5.05174970627, 1.50742936134, -6.93698740005, -10.1927843094, -7.00589084625],
        "cov": [[9312.69140625, -1917.01281738, 100.272895813, 1336.93615723, 963.616394043, 548.359008789, 363.47958374, 296.70098877, 270.172424316, 483.802703857, 501.375213623, 458.37310791, 176.149856567], [-1917.01281738, 2511.52124023, -237.019668579, -234.329101563, -13.4190969467, -90.6702270508, 32.2899093628, 9.05265235901, -96.95703125, -28.9473571777, 61.0860137939, -40.8047409058, -44.9971580505], [100.272895813, -237.019668579, 1775.47131348, 459.074127197, 137.75894165, 366.09463501, 237.406280518, 258.044616699, 256.599365234, 265.622283936, 280.755401611, 273.757232666, 140.62210083], [1336.93615723, -234.329101563, 459.074127197, 1041.19921875, 547.212402344, 319.044006348, 270.040496826, 270.234466553, 297.856170654, 319.351989746, 270.896789551, 169.697418213, 64.6923828125], [963.616394043, -13.4190969467, 137.75894165, 547.212402344, 964.67376709, 423.109771729, 248.63722229, 259.890075684, 197.162002563, 257.061920166, 156.080978394, 77.3405456543, 119.42275238], [548.359008789, -90.6702270508, 366.09463501, 319.044006348, 423.109771729, 705.622924805, 386.188812256, 145.020431519, 87.1489562988, 118.092384338, 140.334365845, 142.945205688, 164.92817688], [363.47958374, 32.2899093628, 237.406280518, 270.040496826, 248.63722229, 386.188812256, 494.642333984, 317.347625732, 103.84046936, 39.7198143005, 92.4437332153, 189.951889038, 154.889846802], [296.70098877, 9.05265235901, 258.044616699, 270.234466553, 259.890075684, 145.020431519, 317.347625732, 587.786743164, 325.845184326, 117.915412903, 78.466835022, 148.323455811, 111.158401489], [270.172424316, -96.95703125, 256.599365234, 297.856170654, 197.162002563, 87.1489562988, 103.84046936, 325.845184326, 525.205993652, 314.907409668, 99.9401092529, 18.2384796143, -20.7830123901], [483.802703857, -28.9473571777, 265.622283936, 319.351989746, 257.061920166, 118.092384338, 39.7198143005, 117.915412903, 314.907409668, 474.798248291, 278.522491455, -16.8726997375, -92.7284317017], [501.375213623, 61.0860137939, 280.755401611, 270.896789551, 156.080978394, 140.334365845, 92.4437332153, 78.466835022, 99.9401092529, 278.522491455, 385.11315918, 167.390914917, -12.4325628281], [458.37310791, -40.8047409058, 273.757232666, 169.697418213, 77.3405456543, 142.945205688, 189.951889038, 148.323455811, 18.2384796143, -16.8726997375, 167.390914917, 415.620239258, 259.731506348], [176.149856567, -44.9971580505, 140.62210083, 64.6923828125, 119.42275238, 164.92817688, 154.889846802, 111.158401489, -20.7830123901, -92.7284317017, -12.4325628281, 259.731506348, 401.712097168]],
        "icov": [[0.000176057539647, 0.000128116167616, 9.16167336982e-005, -0.000151720625581, -6.09459966654e-005, -3.41235645465e-005, 2.85923924821e-005, -3.59104706149e-005, 0.000111094574095, -0.000131717824843, -1.52618795255e-005, -0.000202840514248, 6.65719562676e-005], [0.000128116167616, 0.000530467135832, 9.4341186923e-005, 5.38194944966e-005, -0.000140622752951, 0.00014065328287, -0.000199815083761, -1.89088077605e-005, 7.74525760789e-005, 4.79250484204e-005, -0.000380353827495, 5.83641703997e-005, -6.55520625514e-006], [9.16167336982e-005, 9.4341186923e-005, 0.0008579583955, -0.00030385464197, 0.000323551095789, -0.000516459171195, 0.000324452761561, -0.000330378825311, 0.000111200570245, -0.000442888558609, -5.88891623465e-007, -0.000476302811876, 1.2624655028e-005], [-0.000151720625581, 5.38194944966e-005, -0.00030385464197, 0.00204324745573, -0.000837167084683, 0.000348296220182, -0.000738689384889, 0.000395175011363, -0.000749600178096, 0.000191111670574, -0.000661947997287, 9.70305973169e-006, 0.000109798682388], [-6.09459966654e-005, -0.000140622752951, 0.000323551095789, -0.000837167084683, 0.00229287240654, -0.00128883204889, 0.000800126465037, -0.00108759792056, 0.000829753931612, -0.00132104265504, 0.000688648957293, 0.000140741307405, -0.000459212082205], [-3.41235645465e-005, 0.00014065328287, -0.000516459171195, 0.000348296220182, -0.00128883204889, 0.00407683150843, -0.00348155852407, 0.00193128164392, -0.00090860092314, 0.000763329560868, -0.00122781016398, 0.00117782410234, -0.000997578375973], [2.85923924821e-005, -0.000199815083761, 0.000324452761561, -0.000738689384889, 0.000800126465037, -0.00348155852407, 0.00686975568533, -0.00363115058281, 0.0016282745637, -0.000619748723693, 0.00105901889037, -0.00161792035215, 0.000538020511158], [-3.59104706149e-005, -1.89088077605e-005, -0.000330378825311, 0.000395175011363, -0.00108759792056, 0.00193128164392, -0.00363115058281, 0.0054071713239, -0.00365107296966, 0.00209815963171, -0.00126363243908, 0.000450894469395, -0.000535302271601], [0.000111094574095, 7.74525760789e-005, 0.000111200570245, -0.000749600178096, 0.000829753931612, -0.00090860092314, 0.0016282745637, -0.00365107296966, 0.00690391892567, -0.00590714346617, 0.00393583346158, -0.00181966938544, 0.000842545530759], [-0.000131717824843, 4.79250484204e-005, -0.000442888558609, 0.000191111670574, -0.00132104265504, 0.000763329560868, -0.000619748723693, 0.00209815963171, -0.00590714346617, 0.01105843205, -0.00809750519693, 0.00444676075131, -0.00095358339604], [-1.52618795255e-005, -0.000380353827495, -5.88891623465e-007, -0.000661947997287, 0.000688648957293, -0.00122781016398, 0.00105901889037, -0.00126363243908, 0.00393583346158, -0.00809750519693, 0.0110168671235, -0.00636667245999, 0.00310345250182], [-0.000202840514248, 5.83641703997e-005, -0.000476302811876, 9.70305973169e-006, 0.000140741307405, 0.00117782410234, -0.00161792035215, 0.000450894469395, -0.00181966938544, 0.00444676075131, -0.00636667245999, 0.0089120734483, -0.0047926241532], [6.65719562676e-005, -6.55520625514e-006, 1.2624655028e-005, 0.000109798682388, -0.000459212082205, -0.000997578375973, 0.000538020511158, -0.000535302271601, 0.000842545530759, -0.00095358339604, 0.00310345250182, -0.0047926241532, 0.00594232603908]]
    },
    "spectral_contrast_coeffs": {
        "mean": [-0.576432108879, -0.645186543465, -0.625084578991, -0.665475070477, -0.751457870007, -0.829267501831],
        "var": [0.0262497998774, 0.00998639501631, 0.0113062858582, 0.00889855716377, 0.00385909876786, 0.00209786416963]
    },
    "spectral_contrast_valleys": {
        "mean": [-7.78859472275, -7.68201589584, -8.47081565857, -8.89937877655, -9.2113494873, -11.175362587],
        "var": [4.58015537262, 1.38268470764, 1.20508956909, 1.60998415947, 2.5024125576, 2.98855757713]
    }
},
"metadata": {
    "audio_properties": {
        "analysis_sample_rate": 44100,
        "bit_rate": 128000,
        "equal_loudness": 0,
        "length": 292.67590332,
        "lossless": 0,
        "replay_gain": -10.1258544922,
        "sample_rate": 44100,
        "codec": "mp3",
        "downmix": "mix",
        "md5_encoded": "033b1fae57dd75f111da356475b9c2ec"
    },
    "tags": {
        "file_name": "2036.mp3",
        "album": ["Out of the sand"],
        "artist": ["Feel-ipson"],
        "encoding": ["LAME 64bits version 3.99.5 (http:\/\/lame.sf.net)"],
        "length": ["292639"],
        "title": ["Feel-ipson"],
        "tracknumber": ["01"]
    },
    "version": {
        "essentia": "2.1-beta2",
        "essentia_git_sha": "v2.1_beta2",
        "extractor": "music 1.0"
    }
},
"rhythm": {
    "beats_count": 500,
    "beats_loudness": {
        "mean": 0.0588398203254,
        "var": 0.00051502516726
    },
    "bpm": 99.9716415405,
    "bpm_histogram_first_peak_bpm": {
        "mean": 99,
        "var": 0
    },
    "bpm_histogram_first_peak_spread": {
        "mean": 0.314814805984,
        "var": 0
    },
    "bpm_histogram_first_peak_weight": {
        "mean": 0.593186378479,
        "var": 0
    },
    "bpm_histogram_second_peak_bpm": {
        "mean": 126,
        "var": 0
    },
    "bpm_histogram_second_peak_spread": {
        "mean": 0.5,
        "var": 0
    },
    "bpm_histogram_second_peak_weight": {
        "mean": 0.0420841686428,
        "var": 0
    },
    "danceability": 1.384781003,
    "onset_rate": 3.21844935417,
    "beats_loudness_band_ratio": {
        "mean": [0.523192226887, 0.152948334813, 0.154936775565, 0.123408213258, 0.0678973346949, 0.0184065364301],
        "var": [0.107592694461, 0.0418920814991, 0.0554609820247, 0.0392736755311, 0.0192155428231, 0.000793651852291]
    },
    "beats_position": [0.603718817234, 1.21904754639, 1.83437633514, 2.46131515503, 3.06503391266, 3.66875267029, 4.27247142792, 4.87619018555, 5.47990942001, 6.08362817764, 6.67573690414, 7.26784563065, 7.87156438828, 8.47528362274, 9.07900238037, 9.682721138, 10.2748298645, 10.866938591, 11.4706573486, 12.0743761063, 12.6780948639, 13.2818136215, 13.873922348, 14.4776411057, 15.0697498322, 15.6734695435, 16.2771873474, 16.8809070587, 17.4846248627, 18.0767345428, 18.6688423157, 19.272562027, 19.8762817383, 20.4799995422, 21.0837192535, 21.6758270264, 22.2679367065, 22.8716545105, 23.4753742218, 24.0790920258, 24.6828117371, 25.2749195099, 25.8670291901, 26.470746994, 27.0744667053, 27.6781845093, 28.2819042206, 28.8740139008, 29.4661216736, 30.0698413849, 30.6735591888, 31.2772789001, 31.8809967041, 32.4847145081, 33.0884361267, 33.6805419922, 34.2726516724, 34.8763694763, 35.480091095, 36.0838088989, 36.6759185791, 37.2796363831, 37.8717460632, 38.4754638672, 39.0791816711, 39.6829032898, 40.2866210938, 40.8787307739, 41.4708366394, 42.0745582581, 42.678276062, 43.281993866, 43.8741035461, 44.4662132263, 45.0699310303, 45.6736488342, 46.2773704529, 46.8810882568, 47.4848060608, 48.0885238647, 48.6806335449, 49.2727432251, 49.8764610291, 50.480178833, 51.0839004517, 51.6760063171, 52.2681159973, 52.871837616, 53.4755554199, 54.0792732239, 54.6829910278, 55.2867126465, 55.878818512, 56.4825401306, 57.0746459961, 57.6783676147, 58.2820854187, 58.8858032227, 59.4779129028, 60.070022583, 60.673740387, 61.2774581909, 61.8811798096, 62.4848976135, 63.0770072937, 63.6807250977, 64.2728347778, 64.8765487671, 65.4802703857, 66.0839920044, 66.6877059937, 67.2914276123, 67.895149231, 68.4988632202, 69.0909729004, 69.6830825806, 70.2751922607, 70.8789138794, 71.4710159302, 72.0747375488, 72.666847229, 73.2589569092, 73.8626708984, 74.4663925171, 75.0585021973, 75.6622238159, 76.2543258667, 76.8580474854, 77.461769104, 78.0654830933, 78.6692047119, 79.2729263306, 79.8766403198, 80.4803619385, 81.0840835571, 81.6877975464, 82.291519165, 82.8836288452, 83.4757385254, 84.0794525146, 84.6715621948, 85.2752838135, 85.8673934937, 86.4711074829, 87.08644104, 87.6901550293, 88.2822647095, 88.8743743896, 89.4780960083, 90.0818099976, 90.6739196777, 91.2776412964, 91.8813552856, 92.4734649658, 93.065574646, 93.6692962646, 94.2614059448, 94.8651199341, 95.4572296143, 96.0609512329, 96.6646728516, 97.2683868408, 97.8721084595, 98.4758224487, 99.0795440674, 99.683265686, 100.275375366, 100.879089355, 101.471199036, 102.074920654, 102.678634644, 103.282356262, 103.886077881, 104.478187561, 105.070289612, 105.67401123, 106.277732849, 106.881446838, 107.485168457, 108.088890076, 108.680992126, 109.273101807, 109.876823425, 110.480545044, 111.084259033, 111.687980652, 112.280090332, 112.872200012, 113.475914001, 114.07963562, 114.683357239, 115.287071228, 115.879180908, 116.471290588, 117.075012207, 117.678726196, 118.282447815, 118.874557495, 119.466667175, 120.070381165, 120.674102783, 121.277824402, 121.881538391, 122.48526001, 123.07736969, 123.66947937, 124.273193359, 124.876914978, 125.480628967, 126.084350586, 126.688072205, 127.291786194, 127.883895874, 128.476013184, 129.079727173, 129.683441162, 130.28717041, 130.879272461, 131.471374512, 132.07510376, 132.678817749, 133.282531738, 133.886260986, 134.478363037, 135.070480347, 135.674194336, 136.277908325, 136.881637573, 137.485351563, 138.077453613, 138.669570923, 139.273284912, 139.876998901, 140.480728149, 141.084442139, 141.688156128, 142.280273438, 142.872375488, 143.476104736, 144.079818726, 144.683532715, 145.287246704, 145.879364014, 146.471466064, 147.075195313, 147.678909302, 148.282623291, 148.886352539, 149.490066528, 150.082168579, 150.685897827, 151.277999878, 151.881713867, 152.485443115, 153.089157104, 153.692871094, 154.296600342, 154.888702393, 155.492416382, 156.084533691, 156.688247681, 157.291976929, 157.884078979, 158.47618103, 159.079910278, 159.683624268, 160.287338257, 160.891067505, 161.483169556, 162.075286865, 162.679000854, 163.282714844, 163.886444092, 164.478546143, 165.082260132, 165.674377441, 166.278091431, 166.88180542, 167.485534668, 168.089248657, 168.681350708, 169.273468018, 169.877182007, 170.480911255, 171.084625244, 171.688339233, 172.292053223, 172.895782471, 173.487884521, 174.080001831, 174.68371582, 175.28742981, 175.879547119, 176.47164917, 177.075378418, 177.679092407, 178.282806396, 178.886520386, 179.478637695, 180.070739746, 180.674468994, 181.278182983, 181.881896973, 182.485626221, 183.077728271, 183.669830322, 184.27355957, 184.87727356, 185.480987549, 186.084716797, 186.688430786, 187.292144775, 187.884262085, 188.476364136, 189.080093384, 189.683807373, 190.287521362, 190.879638672, 191.471740723, 192.075454712, 192.67918396, 193.282897949, 193.886611938, 194.478729248, 195.070831299, 195.674560547, 196.278274536, 196.881988525, 197.485717773, 198.077819824, 198.669921875, 199.273651123, 199.877365112, 200.481079102, 201.08480835, 201.688522339, 202.28062439, 202.872741699, 203.476455688, 204.080184937, 204.683898926, 205.276000977, 205.868118286, 206.471832275, 207.075546265, 207.679275513, 208.282989502, 208.886703491, 209.478820801, 210.070922852, 210.6746521, 211.278366089, 211.882080078, 212.485794067, 213.077911377, 213.670013428, 214.273742676, 214.877456665, 215.481170654, 216.084899902, 216.677001953, 217.269119263, 217.872833252, 218.476547241, 219.08026123, 219.683990479, 220.287704468, 220.891418457, 221.483535767, 222.075637817, 222.679367065, 223.283081055, 223.886795044, 224.478912354, 225.071014404, 225.674728394, 226.278457642, 226.882171631, 227.48588562, 228.07800293, 228.67010498, 229.273834229, 229.877548218, 230.481262207, 231.084991455, 231.688705444, 232.280807495, 232.872924805, 233.476638794, 234.080352783, 234.684082031, 235.276184082, 235.879898071, 236.472015381, 237.07572937, 237.679458618, 238.283172607, 238.886886597, 239.490600586, 240.094329834, 240.698043823, 241.290161133, 241.882263184, 242.485977173, 243.078094482, 243.670196533, 244.273925781, 244.877639771, 245.48135376, 246.085067749, 246.688796997, 247.280899048, 247.884628296, 248.476730347, 249.080444336, 249.684173584, 250.276275635, 250.868392944, 251.472106934, 252.075820923, 252.679534912, 253.28326416, 253.886978149, 254.490692139, 255.094421387, 255.686523438, 256.278625488, 256.882354736, 257.486083984, 258.089782715, 258.693511963, 259.297241211, 259.900939941, 260.411773682, 260.922637939, 261.43347168, 261.886260986, 262.339050293, 262.7918396, 263.256225586, 263.709014893, 264.173431396, 264.626220703, 265.07901001, 265.543395996, 266.01940918, 266.495422363, 266.983032227, 267.45904541, 267.935058594, 268.411071777, 268.887084961, 269.363067627, 269.839080811, 270.315093994, 270.802703857, 271.301940918, 271.801177979, 272.277191162, 272.764801025, 273.240814209, 273.716827393, 274.192840576, 274.668823242, 275.133239746, 275.597625732, 276.073638916, 276.53805542, 277.014068604, 277.49005127, 277.97769165, 278.476898193, 278.964538574, 279.452148438, 279.939758301, 280.415771484, 280.903381348, 281.391021729, 281.878631592, 282.354644775, 282.842254639, 283.318267822, 283.805877686, 284.281890869, 284.746307373, 285.210693359, 285.675109863, 286.12789917, 286.580688477, 287.021850586, 287.463043213, 287.892608643, 288.415039063, 288.9375, 289.459960938, 289.994018555, 290.528076172, 291.062133789, 291.596191406, 292.130249023]
},
"tonal": {
    "chords_changes_rate": 0.0502855330706,
    "chords_number_rate": 0.00142766500358,
    "chords_strength": {
        "mean": 0.518193662167,
        "var": 0.00962581392378
    },
    "hpcp_entropy": {
        "mean": 1.64370453358,
        "var": 0.48142260313
    },
    "key_strength": 0.644313693047,
    "tuning_diatonic_strength": 0.485888600349,
    "tuning_equal_tempered_deviation": 0.170810818672,
    "tuning_frequency": 434.193115234,
    "tuning_nontempered_energy_ratio": 0.922915875912,
    "hpcp": {
        "mean": [0.156246855855, 0.175511613488, 0.0646384805441, 0.0285253096372, 0.0236207358539, 0.0214561764151, 0.0597483925521, 0.0688751116395, 0.0295463204384, 0.0125699564815, 0.0117823779583, 0.0758765041828, 0.339673101902, 0.369009584188, 0.107218049467, 0.0106819402426, 0.00687301205471, 0.016155956313, 0.0598423816264, 0.0687757059932, 0.0508479438722, 0.0971098840237, 0.0899653881788, 0.186393216252, 0.324796169996, 0.166464552283, 0.0305854678154, 0.151872292161, 0.19355122745, 0.0747403874993, 0.0163679663092, 0.0166732035577, 0.0429345108569, 0.283169656992, 0.410426408052, 0.194804087281],
        "var": [0.0751425623894, 0.0989600270987, 0.0171728488058, 0.0144985159859, 0.00958345737308, 0.00489028263837, 0.024752214551, 0.0336475968361, 0.00729973101988, 0.0037600225769, 0.00459357816726, 0.015471259132, 0.151710525155, 0.162092328072, 0.0204003043473, 0.00245296885259, 0.0021096568089, 0.00319977104664, 0.0212888550013, 0.0253609009087, 0.0101110832766, 0.0416402108967, 0.0393625833094, 0.045450579375, 0.163121044636, 0.0428678840399, 0.00662944419309, 0.0690775290132, 0.10409154743, 0.016667868942, 0.0058735748753, 0.0085524758324, 0.0110079320148, 0.0901980549097, 0.168487504125, 0.0406637862325]
    },
    "chords_histogram": [21.1135787964, 2.12563443184, 0.237944155931, 7.725253582, 0, 3.17258882523, 3.22017765045, 29.5050754547, 0.0317258872092, 2.23667502403, 0, 0, 0, 0, 0, 0, 0, 0, 0, 0, 0, 0, 15.7519035339, 14.8794412613],
    "thpcp": [1, 0.474638283253, 0.380693972111, 0.42763236165, 0.15749104321, 0.0695016458631, 0.0575516968966, 0.0522777661681, 0.145576387644, 0.167813554406, 0.0719893276691, 0.0306265782565, 0.0287076514214, 0.184872373939, 0.827610254288, 0.899088323116, 0.261235743761, 0.0260264445096, 0.0167460273951, 0.0393638312817, 0.145805388689, 0.167571350932, 0.123890526593, 0.236607298255, 0.219199806452, 0.454145282507, 0.791362762451, 0.405589282513, 0.0745211988688, 0.370035380125, 0.471585720778, 0.182104229927, 0.0398803912103, 0.0406241007149, 0.104609526694, 0.689940154552],
    "chords_key": "C#",
    "chords_scale": "major",
    "key_key": "C#",
    "key_scale": "minor"
}
}