{
"lowlevel": {
    "average_loudness": 0.87541115284,
    "barkbands_crest": {
        "mean": 15.5487689972,
        "var": 34.5829849243
    },
    "barkbands_flatness_db": {
        "mean": 0.286636084318,
        "var": 0.0059385667555
    },
    "barkbands_kurtosis": {
        "mean": 36.5130119324,
        "var": 9483.92480469
    },
    "barkbands_skewness": {
        "mean": 3.2085711956,
        "var": 12.303691864
    },
    "barkbands_spread": {
        "mean": 7.2563791275,
        "var": 81.00025177
    },
    "dissonance": {
        "mean": 0.415395736694,
        "var": 0.00267755822279
    },
    "dynamic_complexity": 3.61491012573,
    "erbbands_crest": {
        "mean": 11.7803525925,
        "var": 25.0533809662
    },
    "erbbands_flatness_db": {
        "mean": 0.220045924187,
        "var": 0.00325370579958
    },
    "erbbands_kurtosis": {
        "mean": 3.65403914452,
        "var": 33.8595161438
    },
    "erbbands_skewness": {
        "mean": 0.880102992058,
        "var": 1.63543391228
    },
    "erbbands_spread": {
        "mean": 23.002779007,
        "var": 355.942260742
    },
    "hfc": {
        "mean": 11.9612455368,
        "var": 181.529830933
    },
    "melbands_crest": {
        "mean": 18.2432460785,
        "var": 35.9781303406
    },
    "melbands_flatness_db": {
        "mean": 0.389348000288,
        "var": 0.00843761395663
    },
    "melbands_kurtosis": {
        "mean": 35.130531311,
        "var": 3800.04858398
    },
    "melbands_skewness": {
        "mean": 3.26943206787,
        "var": 6.56071186066
    },
    "melbands_spread": {
        "mean": 7.98603105545,
        "var": 122.237716675
    },
    "pitch_salience": {
        "mean": 0.422449678183,
        "var": 0.0270781330764
    },
    "silence_rate_20dB": {
        "mean": 1,
        "var": 0
    },
    "silence_rate_30dB": {
        "mean": 0.926007866859,
        "var": 0.0685230791569
    },
    "silence_rate_60dB": {
        "mean": 0.0618685670197,
        "var": 0.0580412521958
    },
    "spectral_centroid": {
        "mean": 506.161499023,
        "var": 172234.59375
    },
    "spectral_complexity": {
        "mean": 10.1679010391,
        "var": 23.2098274231
    },
    "spectral_decrease": {
        "mean": -1.30186350589e-008,
        "var": 8.67656214286e-017
    },
    "spectral_energy": {
        "mean": 0.0502201877534,
        "var": 0.00126065057702
    },
    "spectral_energyband_high": {
        "mean": 0.000176349509275,
        "var": 1.87181069577e-006
    },
    "spectral_energyband_low": {
        "mean": 0.0339883938432,
        "var": 0.00118411355652
    },
    "spectral_energyband_middle_high": {
        "mean": 0.0022633781191,
        "var": 1.37158212965e-005
    },
    "spectral_energyband_middle_low": {
        "mean": 0.0150107005611,
        "var": 0.000273411016678
    },
    "spectral_entropy": {
        "mean": 6.43619728088,
        "var": 0.294732749462
    },
    "spectral_flux": {
        "mean": 0.0639248341322,
        "var": 0.00226659281179
    },
    "spectral_kurtosis": {
        "mean": 18.6600666046,
        "var": 204.864807129
    },
    "spectral_rms": {
        "mean": 0.00644192937762,
        "var": 7.49702530811e-006
    },
    "spectral_rolloff": {
        "mean": 491.280731201,
        "var": 674698
    },
    "spectral_skewness": {
        "mean": 3.20536422729,
        "var": 1.31076407433
    },
    "spectral_spread": {
        "mean": 3181941.25,
        "var": 3.30453011661e+012
    },
    "spectral_strongpeak": {
        "mean": 0.873206615448,
        "var": 0.929858863354
    },
    "zerocrossingrate": {
        "mean": 0.0197389554232,
        "var": 0.000536824925803
    },
    "barkbands": {
        "mean": [0.000277969054878, 0.0273245982826, 0.00518236355856, 0.00190860428847, 0.00566638959572, 0.00249315728433, 0.00169641862158, 0.00119597720914, 0.00198795436881, 0.000647446664516, 0.000248023163294, 0.000594669894781, 0.000348143832525, 0.000220444504521, 9.49890090851e-005, 5.09486380906e-005, 4.47591155535e-005, 3.19757891702e-005, 2.43726281042e-005, 1.40990878208e-005, 2.89123527182e-005, 2.71776370937e-005, 3.69942899852e-005, 3.0915831303e-005, 3.21435618389e-005, 1.0527570339e-005, 2.12956834389e-007],
        "var": [1.40645823876e-007, 0.00106784049422, 0.000108501248178, 1.76555349753e-005, 6.02749605605e-005, 4.66190904262e-005, 2.59645676124e-005, 8.35138234834e-006, 2.11972746911e-005, 3.48316325471e-006, 5.55199335395e-007, 1.7422022438e-006, 1.0078623518e-006, 3.64699161537e-007, 1.88980180837e-007, 2.16127968855e-008, 1.25536161022e-007, 1.07102833269e-008, 7.13158110344e-009, 4.18950119041e-009, 4.12208223111e-008, 4.60084024212e-008, 1.36889752866e-007, 9.75386242885e-008, 1.03803394325e-007, 7.0969901067e-009, 2.02682987581e-012]
    },
    "erbbands": {
        "mean": [0.750712811947, 6.21368122101, 6.80683946609, 7.33260011673, 9.76446628571, 19.208984375, 23.4048194885, 23.6771602631, 29.0553340912, 21.5565433502, 26.8840770721, 39.6983833313, 27.2872695923, 23.1568088531, 18.7555923462, 18.7060203552, 17.2376480103, 11.1209344864, 7.56357812881, 3.45920038223, 3.11708521843, 2.63684105873, 1.90105628967, 1.57311308384, 0.893572449684, 0.673615694046, 1.1005833149, 1.13326537609, 1.06543266773, 0.690940916538, 1.14379155636, 0.891428649426, 0.436022669077, 0.388885349035, 0.204186409712, 0.0764924287796, 0.0129889221862, 0.00126008782536, 5.95198616793e-005, 5.7088524045e-005],
        "var": [0.646259963512, 64.4354248047, 102.24206543, 223.420639038, 333.699615479, 945.658325195, 1352.00097656, 5757.70996094, 7811.94482422, 2687.77416992, 3912.74560547, 9656.93164063, 4052.42333984, 5095.89990234, 1450.68505859, 1673.43713379, 2484.64379883, 945.91784668, 650.55065918, 399.866607666, 81.2560119629, 350.052886963, 66.7766342163, 28.7145557404, 7.84654998779, 8.08620262146, 56.0913963318, 71.0541763306, 77.3379135132, 26.9974079132, 125.434089661, 114.512557983, 15.8150033951, 18.4786758423, 3.7642800808, 0.423816055059, 0.0105349291116, 5.05587449879e-005, 4.54396307248e-008, 1.72374092777e-009]
    },
    "gfcc": {
        "mean": [-88.0155029297, 158.649841309, -72.5215072632, 16.4634952545, -46.6436805725, 15.7703456879, -20.7477607727, 1.49957466125, -16.0655651093, 0.592245161533, -7.11955547333, 1.69190442562, -5.14873456955],
        "cov": [[8144.98095703, -200.512710571, -1206.52209473, 200.908004761, -29.0405921936, -38.0661010742, -531.643615723, 128.125427246, 101.682662964, 56.010597229, 238.284744263, 49.0994796753, -60.9190826416], [-200.512710571, 1709.93359375, -580.532714844, -821.394348145, 396.694976807, -83.2821426392, 376.141998291, -194.858718872, 262.787261963, -55.0796165466, 247.974761963, -19.4668292999, 134.800537109], [-1206.52209473, -580.532714844, 1536.22338867, 780.41986084, -195.155426025, 100.508956909, 58.7218818665, 97.9559860229, -106.735069275, 5.42130327225, -106.952476501, -23.8519592285, -13.4295749664], [200.908004761, -821.394348145, 780.41986084, 934.385864258, -80.3756332397, 5.04275941849, -103.197113037, 144.581268311, -63.6093330383, -1.42279958725, -71.5834732056, 4.46613359451, -23.7018222809], [-29.0405921936, 396.694976807, -195.155426025, -80.3756332397, 379.048461914, 60.6318511963, 126.632026672, -21.4120121002, 154.996963501, 10.3219242096, 90.9763565063, 18.6295890808, 76.7724227905], [-38.0661010742, -83.2821426392, 100.508956909, 5.04275941849, 60.6318511963, 225.637054443, 79.3714447021, -7.15724229813, -1.46291279793, 41.8581695557, -3.79604911804, 7.76599121094, 29.1198635101], [-531.643615723, 376.141998291, 58.7218818665, -103.197113037, 126.632026672, 79.3714447021, 370.382904053, 19.4201107025, 98.967590332, 21.8364238739, 87.5482025146, 2.79224920273, 59.9131660461], [128.125427246, -194.858718872, 97.9559860229, 144.581268311, -21.4120121002, -7.15724229813, 19.4201107025, 164.781677246, 28.2570877075, 9.44257450104, -4.02985048294, -10.039563179, -32.8615455627], [101.682662964, 262.787261963, -106.735069275, -63.6093330383, 154.996963501, -1.46291279793, 98.967590332, 28.2570877075, 186.81187439, 38.4103088379, 74.1595001221, 4.8179602623, 33.8556365967], [56.010597229, -55.0796165466, 5.42130327225, -1.42279958725, 10.3219242096, 41.8581695557, 21.8364238739, 9.44257450104, 38.4103088379, 99.2022705078, 37.9186134338, 13.0801925659, 1.00613546371], [238.284744263, 247.974761963, -106.952476501, -71.5834732056, 90.9763565063, -3.79604911804, 87.5482025146, -4.02985048294, 74.1595001221, 37.9186134338, 139.77003479, 23.2426452637, 23.4210853577], [49.0994796753, -19.4668292999, -23.8519592285, 4.46613359451, 18.6295890808, 7.76599121094, 2.79224920273, -10.039563179, 4.8179602623, 13.0801925659, 23.2426452637, 74.2628707886, 36.3627586365], [-60.9190826416, 134.800537109, -13.4295749664, -23.7018222809, 76.7724227905, 29.1198635101, 59.9131660461, -32.8615455627, 33.8556365967, 1.00613546371, 23.4210853577, 36.3627586365, 103.433700562]],
        "icov": [[0.000255055143498, -0.000390250730561, 0.0004522826639, -0.000633792369626, 0.000541020242963, -0.000657470955048, 0.000610248709563, -0.000391262758058, -9.53981216298e-005, -6.52065646136e-005, -0.000405230326578, -0.000104689490399, 3.84726445191e-005], [-0.000390250730561, 0.00524294748902, -0.00179451529402, 0.0045499522239, -0.00293542584404, 0.00366639252752, -0.00268708448857, 0.00352648831904, -0.00228718947619, 0.00432974006981, -0.00406982377172, 0.00334013346583, -0.00197585113347], [0.0004522826639, -0.00179451529402, 0.00255951588042, -0.00329200178385, 0.00225959066302, -0.00230512069538, 0.000625458837021, -0.00092044781195, 0.000375313713448, -0.00116882007569, 0.00087244331371, -0.000493114697747, 0.000364465231542], [-0.000633792369626, 0.0045499522239, -0.00329200178385, 0.00687798112631, -0.00379691808484, 0.00408077053726, -0.00173805863596, 0.00136033538729, -0.00101646070834, 0.0032303952612, -0.00265774736181, 0.0021793609485, -0.00190915237181], [0.000541020242963, -0.00293542584404, 0.00225959066302, -0.00379691808484, 0.00778340362012, -0.00459187850356, 0.00174798385706, -0.000978746800683, -0.00322380894795, 0.000249981036177, -0.000277906277915, -0.00125714181922, -0.000682608690113], [-0.000657470955048, 0.00366639252752, -0.00230512069538, 0.00408077053726, -0.00459187850356, 0.00972114689648, -0.00383667880669, 0.00249949004501, 0.00125736242626, -0.00130042864475, 0.000355483003659, 0.00206629536115, -0.00204755156301], [0.000610248709563, -0.00268708448857, 0.000625458837021, -0.00173805863596, 0.00174798385706, -0.00383667880669, 0.00683951517567, -0.00342355691828, -0.000331023620674, -0.000816912041046, -0.00167134474032, -0.000326308829244, -0.00111292477231], [-0.000391262758058, 0.00352648831904, -0.00092044781195, 0.00136033538729, -0.000978746800683, 0.00249949004501, -0.00342355691828, 0.0113316448405, -0.00429314374924, 0.00300041725859, -0.00158887123689, 0.00165726291016, 0.00212502805516], [-9.53981216298e-005, -0.00228718947619, 0.000375313713448, -0.00101646070834, -0.00322380894795, 0.00125736242626, -0.000331023620674, -0.00429314374924, 0.0130212884396, -0.00646386062726, 0.00117892283015, 0.000120677257655, -0.000901547842659], [-6.52065646136e-005, 0.00432974006981, -0.00116882007569, 0.0032303952612, 0.000249981036177, -0.00130042864475, -0.000816912041046, 0.00300041725859, -0.00646386062726, 0.0185597892851, -0.00815292354673, 0.000815721577965, 8.87071746547e-006], [-0.000405230326578, -0.00406982377172, 0.00087244331371, -0.00265774736181, -0.000277906277915, 0.000355483003659, -0.00167134474032, -0.00158887123689, 0.00117892283015, -0.00815292354673, 0.0176666546613, -0.00610672263429, 0.00297903665341], [-0.000104689490399, 0.00334013346583, -0.000493114697747, 0.0021793609485, -0.00125714181922, 0.00206629536115, -0.000326308829244, 0.00165726291016, 0.000120677257655, 0.000815721577965, -0.00610672263429, 0.0205210745335, -0.00879138987511], [3.84726445191e-005, -0.00197585113347, 0.000364465231542, -0.00190915237181, -0.000682608690113, -0.00204755156301, -0.00111292477231, 0.00212502805516, -0.000901547842659, 8.87071746547e-006, 0.00297903665341, -0.00879138987511, 0.016989575699]]
    },
    "melbands": {
        "mean": [0.0074941390194, 0.00536976009607, 0.00128813355695, 0.00105008482933, 0.000877505692188, 0.000514370563906, 0.000416461843997, 0.000250467215665, 0.000233171886066, 0.000255633349298, 0.000133363806526, 9.70112669165e-005, 5.07422264491e-005, 7.69331018091e-005, 3.81613826903e-005, 2.99874227494e-005, 1.94246113097e-005, 1.34234142024e-005, 5.37255527888e-006, 3.60878539141e-006, 3.48197727362e-006, 2.60112983597e-006, 2.30612272389e-006, 1.45707724641e-006, 1.28353838136e-006, 8.34281252082e-007, 3.98215547648e-007, 4.56878382238e-007, 6.44843851205e-007, 7.31199804704e-007, 6.30321210338e-007, 6.47488320737e-007, 4.37485937255e-007, 3.45637118926e-007, 5.66451717532e-007, 8.60561158333e-007, 4.09941094404e-007, 2.49983486356e-007, 3.80527126254e-007, 3.06796806626e-007],
        "var": [7.29598323232e-005, 4.01514625992e-005, 5.18936576555e-006, 3.00772035189e-006, 1.76564208232e-006, 2.45703290602e-006, 1.48202173023e-006, 3.46142314811e-007, 3.60333473282e-007, 3.40141667721e-007, 1.03688641673e-007, 9.6914426706e-008, 1.4388579217e-008, 3.01491773769e-008, 1.07258131266e-008, 5.92313265102e-009, 3.18085358053e-009, 2.12810591371e-009, 5.75483827259e-010, 3.20891840877e-010, 1.20984694485e-010, 2.98793684239e-010, 3.48964218633e-010, 2.53766920671e-011, 2.21935421429e-011, 8.70321523183e-012, 1.89691621785e-012, 4.6164816761e-012, 2.03059791204e-011, 2.57796770042e-011, 2.50745934433e-011, 3.15835378684e-011, 9.88737650781e-012, 7.57535180418e-012, 2.69146857579e-011, 1.36110553384e-010, 2.09313053001e-011, 5.26281102031e-012, 1.438338771e-011, 1.3825423445e-011]
    },
    "mfcc": {
        "mean": [-747.609375, 193.247161865, 33.1714019775, 20.1537628174, 2.33464765549, 15.4104280472, 6.55400419235, 8.65336894989, -0.897295773029, 2.54588794708, 4.0251584053, 1.84410464764, -2.2935359478],
        "cov": [[7138, 190.862991333, -1196.66711426, -324.985626221, 225.671981812, -256.307006836, -299.468414307, -144.940719604, -263.966583252, -58.4857444763, 59.2588119507, 190.072250366, -2.22059893608], [190.862991333, 2215.44506836, -917.694885254, -580.636230469, -185.17376709, 131.147705078, 65.086517334, 31.6717300415, -25.5282096863, 53.1551780701, 164.199737549, 37.6008605957, 110.870574951], [-1196.66711426, -917.694885254, 1478.6237793, 603.162597656, 53.4404525757, 33.7075653076, 110.739990234, 52.0883293152, 79.0636672974, -10.8392982483, -87.4852371216, 13.4430274963, -65.2683868408], [-324.985626221, -580.636230469, 603.162597656, 638.227233887, 157.754348755, -34.455165863, 15.2834844589, 72.7242050171, 56.436668396, 2.4842941761, -9.68994808197, 21.7312641144, -13.3570966721], [225.671981812, -185.17376709, 53.4404525757, 157.754348755, 288.297424316, 34.6597518921, -41.7772483826, 12.1134443283, 25.0643482208, 9.39799118042, -13.356259346, 18.7294425964, 7.83370399475], [-256.307006836, 131.147705078, 33.7075653076, -34.455165863, 34.6597518921, 248.918380737, 94.7824020386, 16.1562290192, 51.588470459, 32.5940971375, -3.8225851059, 2.92401742935, 51.4375076294], [-299.468414307, 65.086517334, 110.739990234, 15.2834844589, -41.7772483826, 94.7824020386, 178.847473145, 62.9917678833, 36.3903579712, 40.521812439, 15.9654026031, 21.1723976135, 26.2337646484], [-144.940719604, 31.6717300415, 52.0883293152, 72.7242050171, 12.1134443283, 16.1562290192, 62.9917678833, 123.056747437, 59.2377357483, 29.3668651581, 28.7031860352, 18.2746276855, 9.60659790039], [-263.966583252, -25.5282096863, 79.0636672974, 56.436668396, 25.0643482208, 51.588470459, 36.3903579712, 59.2377357483, 125.335594177, 54.349281311, 13.814450264, 4.96685791016, 11.7015762329], [-58.4857444763, 53.1551780701, -10.8392982483, 2.4842941761, 9.39799118042, 32.5940971375, 40.521812439, 29.3668651581, 54.349281311, 106.771026611, 53.404750824, 14.1314077377, 11.9664554596], [59.2588119507, 164.199737549, -87.4852371216, -9.68994808197, -13.356259346, -3.8225851059, 15.9654026031, 28.7031860352, 13.814450264, 53.404750824, 150.957885742, 61.8064422607, 12.7209978104], [190.072250366, 37.6008605957, 13.4430274963, 21.7312641144, 18.7294425964, 2.92401742935, 21.1723976135, 18.2746276855, 4.96685791016, 14.1314077377, 61.8064422607, 117.350883484, 31.1029930115], [-2.22059893608, 110.870574951, -65.2683868408, -13.3570966721, 7.83370399475, 51.4375076294, 26.2337646484, 9.60659790039, 11.7015762329, 11.9664554596, 12.7209978104, 31.1029930115, 95.2813415527]],
        "icov": [[0.000205982520129, 3.21865954902e-005, 0.000188382327906, -1.51176309373e-005, -0.000141019423609, 5.84322879149e-005, 0.000145353813423, -1.75424866029e-005, 0.000354951858753, -0.000164304481586, 0.000186347329873, -0.000498563225847, 0.000150981417391], [3.21865954902e-005, 0.000788951932918, 0.000316489487886, 0.00036795149208, 0.00023984296422, -0.000364731560694, -1.0286570614e-005, -0.000463864591438, 0.000255134742474, 7.68283425714e-005, -0.000593052536715, 3.24472821376e-005, -0.000394519534893], [0.000188382327906, 0.000316489487886, 0.00172205711715, -0.00133805104997, 0.000499721732922, -0.000434698362369, -0.00067215616582, 0.000495953194331, -0.000153663990204, 7.97356369731e-006, 0.000890979368705, -0.00117290322669, 0.00123860139865], [-1.51176309373e-005, 0.00036795149208, -0.00133805104997, 0.00374291162007, -0.00164879462682, 0.000967678031884, 0.000119457974506, -0.00157151638996, -0.000171641382622, 0.00050626747543, -0.00110291410238, 0.000673325324897, -0.00119671144057], [-0.000141019423609, 0.00023984296422, 0.000499721732922, -0.00164879462682, 0.00532718002796, -0.00204773317091, 0.00235701398924, -0.000778775429353, 3.51678022525e-006, -0.00108954042662, 0.00117784342729, -0.0012782481499, 0.000322264619172], [5.84322879149e-005, -0.000364731560694, -0.000434698362369, 0.000967678031884, -0.00204773317091, 0.00710503710434, -0.003944050055, 0.00220177741721, -0.00253100274131, 0.000490185280796, -1.72030049725e-005, 0.00117674190551, -0.00267227273434], [0.000145353813423, -1.0286570614e-005, -0.00067215616582, 0.000119457974506, 0.00235701398924, -0.003944050055, 0.0112519217655, -0.0055263354443, 0.00263893883675, -0.00344683346339, 0.00133716559503, -0.00189720350318, -0.000484139309265], [-1.75424866029e-005, -0.000463864591438, 0.000495953194331, -0.00157151638996, -0.000778775429353, 0.00220177741721, -0.0055263354443, 0.0145522961393, -0.0064050280489, 0.00181155255996, -0.00158422393724, 4.05085211241e-006, 0.000357807875844], [0.000354951858753, 0.000255134742474, -0.000153663990204, -0.000171641382622, 3.51678022525e-006, -0.00253100274131, 0.00263893883675, -0.0064050280489, 0.0150638474151, -0.00681713409722, 0.00168641726486, -0.000695265014656, -0.000124688842334], [-0.000164304481586, 7.68283425714e-005, 7.97356369731e-006, 0.00050626747543, -0.00108954042662, 0.000490185280796, -0.00344683346339, 0.00181155255996, -0.00681713409722, 0.0162485893816, -0.00607730727643, 0.00233459565789, -0.000579638057388], [0.000186347329873, -0.000593052536715, 0.000890979368705, -0.00110291410238, 0.00117784342729, -1.72030049725e-005, 0.00133716559503, -0.00158422393724, 0.00168641726486, -0.00607730727643, 0.0124371545389, -0.00658511416987, 0.00189941574354], [-0.000498563225847, 3.24472821376e-005, -0.00117290322669, 0.000673325324897, -0.0012782481499, 0.00117674190551, -0.00189720350318, 4.05085211241e-006, -0.000695265014656, 0.00233459565789, -0.00658511416987, 0.0143258590251, -0.00477172946557], [0.000150981417391, -0.000394519534893, 0.00123860139865, -0.00119671144057, 0.000322264619172, -0.00267227273434, -0.000484139309265, 0.000357807875844, -0.000124688842334, -0.000579638057388, 0.00189941574354, -0.00477172946557, 0.0145440297201]]
    },
    "spectral_contrast_coeffs": {
        "mean": [-0.641524910927, -0.699779510498, -0.714968204498, -0.7532736063, -0.811039149761, -0.789742410183],
        "var": [0.00790228508413, 0.00848260615021, 0.0074393930845, 0.00611375225708, 0.00305318133906, 0.0010941157816]
    },
    "spectral_contrast_valleys": {
        "mean": [-6.8423037529, -7.13517379761, -8.09346961975, -9.16210079193, -9.33459663391, -11.7683095932],
        "var": [0.964469671249, 0.91374027729, 1.00374937057, 1.09291028976, 0.896135091782, 1.27598464489]
    }
},
"metadata": {
    "audio_properties": {
        "analysis_sample_rate": 44100,
        "bit_rate": 128000,
        "equal_loudness": 0,
        "length": 241.293060303,
        "lossless": 0,
        "replay_gain": -10.9783840179,
        "sample_rate": 44100,
        "codec": "mp3",
        "downmix": "mix",
        "md5_encoded": "9e1caca74095f9dea893e837e13eb0e9"
    },
    "tags": {
        "file_name": "2038.mp3",
        "album": ["Rouge et blues"],
        "artist": ["Fabrice Collette"],
        "encoding": ["LAME 64bits version 3.99.5 (http:\/\/lame.sf.net)"],
        "genre": ["Pop"],
        "length": ["241253"],
        "title": ["Rouge et blues"],
        "tracknumber": ["04"]
    },
    "version": {
        "essentia": "2.1-beta2",
        "essentia_git_sha": "v2.1_beta2",
        "extractor": "music 1.0"
    }
},
"rhythm": {
    "beats_count": 319,
    "beats_loudness": {
        "mean": 0.0829090625048,
        "var": 0.00178826693445
    },
    "bpm": 79.931312561,
    "bpm_histogram_first_peak_bpm": {
        "mean": 80,
        "var": 0
    },
    "bpm_histogram_first_peak_spread": {
        "mean": 0.237458229065,
        "var": 0
    },
    "bpm_histogram_first_peak_weight": {
        "mean": 0.716981112957,
        "var": 0
    },
    "bpm_histogram_second_peak_bpm": {
        "mean": 71,
        "var": 0
    },
    "bpm_histogram_second_peak_spread": {
        "mean": 0.35714289546,
        "var": 0
    },
    "bpm_histogram_second_peak_weight": {
        "mean": 0.0283018872142,
        "var": 0
    },
    "danceability": 1.01427066326,
    "onset_rate": 3.06655192375,
    "beats_loudness_band_ratio": {
        "mean": [0.773075997829, 0.127829223871, 0.075851008296, 0.0323623940349, 0.00586810382083, 0.00543125951663],
        "var": [0.0496829263866, 0.0250041726977, 0.0137461060658, 0.0042909826152, 0.000200788985239, 0.00132078141905]
    },
    "beats_position": [0.777868449688, 1.5673469305, 2.34521532059, 3.11147379875, 3.86612248421, 4.62077093124, 5.35219955444, 6.10684776306, 6.86149644852, 7.6277551651, 8.38240337372, 9.12544155121, 9.86848068237, 10.5999088287, 11.3313379288, 12.0743761063, 12.8174142838, 13.5836734772, 14.3383216858, 15.0929698944, 15.8476190567, 16.602268219, 17.3453063965, 18.0999546051, 18.8546028137, 19.5976409912, 20.3406791687, 21.0837192535, 21.826757431, 22.5930156708, 23.3476638794, 24.0907020569, 24.8453502655, 25.6000003815, 26.3778686523, 27.132516861, 27.8755550385, 28.6418132782, 29.4080715179, 30.1743297577, 30.9405899048, 31.6952381134, 32.4614944458, 33.2277526855, 33.9824028015, 34.7486610413, 35.514919281, 36.269569397, 37.151927948, 38.0226745605, 38.8934249878, 39.7525634766, 40.6116981506, 41.4708366394, 42.2254867554, 42.9801368713, 43.7347831726, 44.4894332886, 45.2440795898, 46.0103378296, 46.7765960693, 47.5428581238, 48.262676239, 48.9708824158, 49.6790924072, 50.3756904602, 51.1071205139, 51.8501586914, 52.6048049927, 53.3478431702, 54.1024932861, 54.8455314636, 55.5885696411, 56.3432197571, 57.0978660583, 57.8409042358, 58.583946228, 59.3385925293, 60.0816307068, 60.8362808228, 61.6025390625, 62.3687973022, 63.1118354797, 63.8548736572, 64.5746917725, 65.3061218262, 66.0375518799, 66.7689819336, 67.5468444824, 68.3131027222, 69.0793609619, 69.8340148926, 70.5422210693, 71.238822937, 72.0166854858, 72.7945556641, 73.5724258423, 74.338684082, 75.0933303833, 75.8479766846, 76.5910186768, 77.345664978, 78.1003189087, 78.85496521, 79.6096115112, 80.3526535034, 81.1072998047, 81.8503417969, 82.5933761597, 83.3364181519, 84.0794525146, 84.8573226929, 85.6351928711, 86.3550109863, 87.0980453491, 87.8178634644, 88.5609054565, 89.3155517578, 90.0702056885, 90.8248519897, 91.579498291, 92.3225402832, 93.0771865845, 93.8318328857, 94.5748748779, 95.3411331177, 96.1073913574, 96.8504257202, 97.5934677124, 98.3365097046, 99.0795440674, 99.8225860596, 100.577232361, 101.331878662, 102.074920654, 102.829566956, 103.584213257, 104.327255249, 105.08190155, 105.84815979, 106.591201782, 107.345848083, 108.100494385, 108.855148315, 109.621406555, 110.387664795, 111.153923035, 111.896957397, 112.63999939, 113.383033752, 114.126075745, 114.869110107, 115.6121521, 116.355194092, 117.109840393, 117.864486694, 118.607528687, 119.362174988, 120.116821289, 120.859863281, 121.602897644, 122.345939636, 123.07736969, 123.832015991, 124.575057983, 125.318092346, 126.072738647, 126.827392578, 127.582038879, 128.336685181, 129.079727173, 129.834381104, 130.589019775, 131.343673706, 132.098312378, 132.887802124, 133.665664673, 134.385482788, 135.116912842, 135.848342896, 136.579772949, 137.322814941, 138.077453613, 138.832107544, 139.586761475, 140.329788208, 141.084442139, 141.815872192, 142.558914185, 143.336776733, 144.114639282, 144.89251709, 145.647155762, 146.401809692, 147.133239746, 147.876281738, 148.63092041, 149.373962402, 150.128616333, 150.883255005, 151.626296997, 152.369338989, 153.100769043, 153.832199097, 154.586837769, 155.341491699, 156.09614563, 156.839187622, 157.593826294, 158.348480225, 159.091522217, 159.846160889, 160.600814819, 161.35546875, 162.110107422, 162.864761353, 163.619400024, 164.362442017, 165.105484009, 165.860137939, 166.603164673, 167.334594727, 168.077636719, 168.820678711, 169.575332642, 170.318359375, 171.061401367, 171.804443359, 172.57069397, 173.3253479, 174.068389893, 174.834640503, 175.589294434, 176.343948364, 177.086975098, 177.83001709, 178.584671021, 179.339309692, 180.082351685, 180.825393677, 181.580047607, 182.346298218, 183.100952148, 183.867202759, 184.610244751, 185.364898682, 186.107940674, 186.850967407, 187.594009399, 188.325439453, 189.080093384, 189.823120117, 190.577774048, 191.332427979, 192.08706665, 192.841720581, 193.584762573, 194.339401245, 195.082443237, 195.837097168, 196.59173584, 197.346389771, 198.101043701, 198.855682373, 199.598724365, 200.341766357, 201.08480835, 201.827835083, 202.582489014, 203.337142944, 204.080184937, 204.834823608, 205.589477539, 206.344116211, 207.098770142, 207.841812134, 208.596466064, 209.351104736, 210.094146729, 210.848800659, 211.603439331, 212.346481323, 213.089523315, 213.844161987, 214.587203979, 215.34185791, 216.084899902, 216.827926636, 217.582580566, 218.337234497, 219.091873169, 219.8465271, 220.60118103, 221.344207764, 222.098861694, 222.865127563, 223.608154297, 224.339584351, 225.094238281, 225.837280273, 226.580307007, 227.323348999, 228.066390991, 228.809432983, 229.575683594, 230.341949463, 231.096588135, 231.851242065, 232.605895996, 233.360534668, 234.126800537, 234.939498901, 235.752197266, 236.599716187, 237.447250366, 238.294784546, 239.130691528, 239.978225708, 240.825759888]
},
"tonal": {
    "chords_changes_rate": 0.0677313804626,
    "chords_number_rate": 0.00250144302845,
    "chords_strength": {
        "mean": 0.489371299744,
        "var": 0.00736450450495
    },
    "hpcp_entropy": {
        "mean": 1.79602205753,
        "var": 0.416020512581
    },
    "key_strength": 0.738663136959,
    "tuning_diatonic_strength": 0.515088677406,
    "tuning_equal_tempered_deviation": 0.0320558659732,
    "tuning_frequency": 441.272583008,
    "tuning_nontempered_energy_ratio": 0.652648925781,
    "hpcp": {
        "mean": [0.185623764992, 0.124530121684, 0.097703397274, 0.0901906490326, 0.0974129363894, 0.16645270586, 0.176320612431, 0.107226788998, 0.0729309543967, 0.0667881593108, 0.0698960795999, 0.181538924575, 0.294374197721, 0.210297599435, 0.117366097867, 0.11172875762, 0.0655899345875, 0.0206022951752, 0.0175385195762, 0.019246250391, 0.0514293126762, 0.0746844261885, 0.0574928373098, 0.0609448477626, 0.0535620190203, 0.0364159755409, 0.131214469671, 0.196468055248, 0.100787423551, 0.0274239704013, 0.0262043755502, 0.0307039301842, 0.0543328337371, 0.0983023867011, 0.122603997588, 0.168838113546],
        "var": [0.0837658941746, 0.0501781143248, 0.0647266581655, 0.0534348301589, 0.053150087595, 0.0979807302356, 0.100328698754, 0.0550339967012, 0.0406586825848, 0.0352446511388, 0.033723179251, 0.0643040388823, 0.120443046093, 0.0884737074375, 0.0540054067969, 0.0724206492305, 0.0334671251476, 0.00804253853858, 0.00736016454175, 0.00715716555715, 0.0175563730299, 0.0363943129778, 0.0175992082804, 0.0318647474051, 0.0254923626781, 0.0146325239912, 0.0444484315813, 0.0912834852934, 0.0324826799333, 0.012431752868, 0.0134289264679, 0.0157504603267, 0.0221266057342, 0.047965824604, 0.065779954195, 0.0704111903906]
    },
    "chords_histogram": [32.0184707642, 16.9905719757, 3.50202035904, 0.615739822388, 1.05830287933, 2.65537810326, 0, 8.27400398254, 2.57841062546, 2.63613629341, 1.42389845848, 1.94342887402, 0.192418709397, 0, 0, 0.134693086147, 0, 0.71194922924, 1.03906095028, 0.71194922924, 0.250144302845, 0.0384837388992, 15.0086584091, 8.21627902985],
    "thpcp": [1, 0.714388668537, 0.398696959019, 0.379546701908, 0.222811430693, 0.0699867531657, 0.0595789961517, 0.0653802230954, 0.174707263708, 0.253705739975, 0.195305287838, 0.20703189075, 0.181952148676, 0.123706407845, 0.445740401745, 0.667409241199, 0.342378586531, 0.0931602418423, 0.0890172272921, 0.104302383959, 0.184570640326, 0.333936840296, 0.416490286589, 0.57354927063, 0.63057076931, 0.423033416271, 0.33190202713, 0.306380957365, 0.330915331841, 0.565445959568, 0.59896761179, 0.364253342152, 0.247749134898, 0.226881831884, 0.23743955791, 0.616694390774],
    "chords_key": "F#",
    "chords_scale": "minor",
    "key_key": "F#",
    "key_scale": "minor"
}
}