{
"lowlevel": {
    "average_loudness": 0.766200959682,
    "barkbands_crest": {
        "mean": 11.6777620316,
        "var": 18.3607769012
    },
    "barkbands_flatness_db": {
        "mean": 0.227322354913,
        "var": 0.0106831183657
    },
    "barkbands_kurtosis": {
        "mean": 43.5920372009,
        "var": 111139.585938
    },
    "barkbands_skewness": {
        "mean": 3.14085364342,
        "var": 15.6683769226
    },
    "barkbands_spread": {
        "mean": 9.45544242859,
        "var": 91.4866790771
    },
    "dissonance": {
        "mean": 0.415205895901,
        "var": 0.0042752828449
    },
    "dynamic_complexity": 4.54431915283,
    "erbbands_crest": {
        "mean": 11.077963829,
        "var": 21.7840309143
    },
    "erbbands_flatness_db": {
        "mean": 0.189941838384,
        "var": 0.00634433748201
    },
    "erbbands_kurtosis": {
        "mean": 6.11710929871,
        "var": 360.125762939
    },
    "erbbands_skewness": {
        "mean": 1.49677479267,
        "var": 1.80682897568
    },
    "erbbands_spread": {
        "mean": 32.3943481445,
        "var": 482.021820068
    },
    "hfc": {
        "mean": 10.2105531693,
        "var": 257.833984375
    },
    "melbands_crest": {
        "mean": 15.5358753204,
        "var": 24.113275528
    },
    "melbands_flatness_db": {
        "mean": 0.318964064121,
        "var": 0.0140743190423
    },
    "melbands_kurtosis": {
        "mean": 31.1017684937,
        "var": 1394.87158203
    },
    "melbands_skewness": {
        "mean": 3.46526551247,
        "var": 3.51406025887
    },
    "melbands_spread": {
        "mean": 8.63526821136,
        "var": 134.701919556
    },
    "pitch_salience": {
        "mean": 0.548412263393,
        "var": 0.0121359564364
    },
    "silence_rate_20dB": {
        "mean": 1,
        "var": 0
    },
    "silence_rate_30dB": {
        "mean": 0.99130743742,
        "var": 0.0086174653843
    },
    "silence_rate_60dB": {
        "mean": 0.127461418509,
        "var": 0.111207298934
    },
    "spectral_centroid": {
        "mean": 568.126159668,
        "var": 169215.515625
    },
    "spectral_complexity": {
        "mean": 9.10031890869,
        "var": 40.9172859192
    },
    "spectral_decrease": {
        "mean": -5.37691580149e-009,
        "var": 3.60710370252e-017
    },
    "spectral_energy": {
        "mean": 0.0212198290974,
        "var": 0.000566610193346
    },
    "spectral_energyband_high": {
        "mean": 0.000274621736025,
        "var": 7.20100274521e-007
    },
    "spectral_energyband_low": {
        "mean": 0.00672073988244,
        "var": 6.93492693244e-005
    },
    "spectral_energyband_middle_high": {
        "mean": 0.00213367212564,
        "var": 2.85778733087e-005
    },
    "spectral_energyband_middle_low": {
        "mean": 0.0133703909814,
        "var": 0.000337043136824
    },
    "spectral_entropy": {
        "mean": 6.63858270645,
        "var": 0.890278577805
    },
    "spectral_flux": {
        "mean": 0.0643581226468,
        "var": 0.0031601281371
    },
    "spectral_kurtosis": {
        "mean": 15.7666625977,
        "var": 862.633056641
    },
    "spectral_rms": {
        "mean": 0.0040061334148,
        "var": 4.65319726572e-006
    },
    "spectral_rolloff": {
        "mean": 593.270568848,
        "var": 857714.8125
    },
    "spectral_skewness": {
        "mean": 2.76005458832,
        "var": 3.56802082062
    },
    "spectral_spread": {
        "mean": 4471163,
        "var": 4.2526137385e+012
    },
    "spectral_strongpeak": {
        "mean": 0.669826865196,
        "var": 0.830813467503
    },
    "zerocrossingrate": {
        "mean": 0.0337060019374,
        "var": 0.000873139942996
    },
    "barkbands": {
        "mean": [7.2848990385e-005, 0.0018416052917, 0.00362399755977, 0.00219431892037, 0.00626115640625, 0.00141040398739, 0.00153973733541, 0.000975001195911, 0.000809709483292, 0.000509204168338, 0.000176864909008, 0.000193929241505, 0.000334885116899, 0.000418701965827, 0.000122193654533, 7.71014310885e-005, 0.000172980784555, 9.8266878922e-005, 9.67266678344e-005, 3.86342289858e-005, 4.26196456829e-005, 5.08438788529e-005, 3.61182210327e-005, 4.30889012932e-005, 4.5793276513e-005, 2.77789658867e-005, 5.30679380972e-006],
        "var": [7.85333966746e-008, 1.28814508571e-005, 2.26406191359e-005, 8.23499067337e-006, 0.000134387490107, 8.77317233972e-006, 1.37299502967e-005, 1.28217880047e-005, 1.09079510366e-005, 4.73589534522e-006, 7.91806769485e-007, 7.83160601259e-007, 3.42006160281e-006, 2.51157848652e-006, 3.40659482845e-007, 4.2558891522e-008, 2.72430924042e-007, 1.1227888308e-007, 9.57717674055e-008, 1.03824397968e-008, 1.31564430461e-008, 1.6353606469e-008, 1.43881555559e-008, 3.79674069961e-008, 7.87509861766e-008, 1.31238104828e-008, 2.21154039526e-010]
    },
    "erbbands": {
        "mean": [0.0300763733685, 0.523701608181, 3.39853930473, 6.77334165573, 14.7721710205, 22.9353885651, 11.9479904175, 13.0730314255, 22.6701965332, 20.9175224304, 21.0661182404, 15.6355953217, 20.1889095306, 9.37504673004, 7.20111036301, 8.05966377258, 14.3901138306, 19.88189888, 14.4529600143, 4.45670366287, 5.32930994034, 10.247631073, 5.4628572464, 7.03860712051, 2.50457119942, 1.85521233082, 1.73584353924, 1.81238806248, 1.94124448299, 1.30727803707, 0.992867827415, 0.841436207294, 0.733468174934, 0.508383691311, 0.324542343616, 0.137660875916, 0.0479792505503, 0.013105164282, 0.000540855748113, 3.46162632923e-005],
        "var": [0.00562011124566, 0.914968788624, 21.4880485535, 67.9035797119, 690.778808594, 2056.55004883, 377.045318604, 966.297485352, 3475.64306641, 3355.89819336, 5241.42871094, 4558.99853516, 6110.82568359, 995.120300293, 946.116638184, 1205.40100098, 4706.10253906, 5270.88769531, 3529.03613281, 205.849517822, 183.860336304, 977.063659668, 204.659408569, 633.78137207, 41.2687110901, 23.8461036682, 23.2519741058, 21.8092079163, 23.2931137085, 15.4041614532, 10.7889356613, 11.7700061798, 14.663020134, 8.77141571045, 4.38171482086, 0.625173866749, 0.0234251990914, 0.00122995348647, 2.22627159019e-006, 2.20776419368e-009]
    },
    "gfcc": {
        "mean": [-91.1621780396, 117.931800842, -72.3698120117, 24.1511192322, -56.8521270752, -0.892833769321, -49.0040740967, -2.46157407761, -27.8660793304, -3.38135075569, -21.8601474762, -6.18978118896, -16.200252533],
        "cov": [[16536.2714844, -3073.83300781, -2347.36645508, 641.995117188, -765.774169922, 1391.58447266, 183.45614624, 683.20904541, 95.993522644, 325.82522583, -312.737487793, 317.59197998, -460.924743652], [-3073.83300781, 1886.11767578, 211.531585693, -168.854812622, 348.553283691, -335.172424316, 143.488510132, -104.652809143, 170.957061768, -236.027694702, 178.296920776, -166.682815552, 174.542678833], [-2347.36645508, 211.531585693, 1467.94116211, 206.522994995, 130.64704895, -46.5689048767, 0.580246329308, -90.0328063965, -53.5068092346, 27.379611969, 17.7383728027, -13.5577287674, 86.8021469116], [641.995117188, -168.854812622, 206.522994995, 571.970947266, 49.1356887817, 155.79083252, 54.2671966553, 47.9738883972, 47.0507621765, 18.7439632416, 36.9356002808, 3.10414671898, 42.5943832397], [-765.774169922, 348.553283691, 130.64704895, 49.1356887817, 331.456695557, -67.9825973511, 17.1701183319, -4.04518175125, 53.4970016479, -22.7291927338, 49.5880203247, -24.528339386, 19.481710434], [1391.58447266, -335.172424316, -46.5689048767, 155.79083252, -67.9825973511, 482.314605713, 105.720550537, 55.4724884033, 25.2836818695, 102.401283264, -29.7772884369, -3.84292697906, -47.0021133423], [183.45614624, 143.488510132, 0.580246329308, 54.2671966553, 17.1701183319, 105.720550537, 270.568817139, 89.8252639771, -0.881153225899, -4.50917673111, 35.5903892517, 9.26201057434, -0.00840534456074], [683.20904541, -104.652809143, -90.0328063965, 47.9738883972, -4.04518175125, 55.4724884033, 89.8252639771, 202.088394165, 40.434879303, -10.9588775635, 0.308447450399, 52.8693656921, -23.3696689606], [95.993522644, 170.957061768, -53.5068092346, 47.0507621765, 53.4970016479, 25.2836818695, -0.881153225899, 40.434879303, 135.965423584, -12.0261316299, 2.86117959023, -17.9034366608, 15.3695030212], [325.82522583, -236.027694702, 27.379611969, 18.7439632416, -22.7291927338, 102.401283264, -4.50917673111, -10.9588775635, -12.0261316299, 146.072601318, -1.36022555828, -2.12628722191, -29.7850952148], [-312.737487793, 178.296920776, 17.7383728027, 36.9356002808, 49.5880203247, -29.7772884369, 35.5903892517, 0.308447450399, 2.86117959023, -1.36022555828, 101.775878906, -1.60043370724, 11.0498447418], [317.59197998, -166.682815552, -13.5577287674, 3.10414671898, -24.528339386, -3.84292697906, 9.26201057434, 52.8693656921, -17.9034366608, -2.12628722191, -1.60043370724, 107.451629639, 4.81877040863], [-460.924743652, 174.542678833, 86.8021469116, 42.5943832397, 19.481710434, -47.0021133423, -0.00840534456074, -23.3696689606, 15.3695030212, -29.7850952148, 11.0498447418, 4.81877040863, 99.0536346436]],
        "icov": [[0.000173189109773, 8.05193703854e-005, 0.000234654420638, -0.000213885505218, 0.000134534668177, -0.000257988169324, 1.73522967089e-005, -0.000200012684218, -8.2853344793e-005, -2.32537295233e-005, 0.000241753674345, -0.000258970540017, 0.00034578476334], [8.05193703854e-005, 0.00276534142904, -0.00023528568272, 0.00141724688001, -0.00106181344017, 0.000461647752672, -0.00192440568935, 0.00113214936573, -0.00311974133365, 0.00290801934898, -0.00329012330621, 0.00297050946392, -0.00262553081848], [0.000234654420638, -0.00023528568272, 0.00119685032405, -0.00080068531679, -3.19673672493e-005, -0.000303584063658, 0.00018833145441, -0.000188134974451, 0.000804721435998, -0.000719401927199, 0.00101172993891, -0.00070027122274, 0.000199880829314], [-0.000213885505218, 0.00141724688001, -0.00080068531679, 0.00344331958331, -0.000954205286689, -0.000320118007949, -0.000848895579111, 0.00030645597144, -0.00194902333897, 0.00176019023638, -0.00313621154055, 0.00212502386421, -0.00308544444852], [0.000134534668177, -0.00106181344017, -3.19673672493e-005, -0.000954205286689, 0.00441228412092, 0.00017725698126, 0.00044952108874, -0.000419314746978, -0.000522847345565, -0.00101994816214, 0.000154507928528, -0.00102853029966, 0.00186003779527], [-0.000257988169324, 0.000461647752672, -0.000303584063658, -0.000320118007949, 0.00017725698126, 0.00400227820501, -0.00194132258184, 0.000740777875762, -0.00144905061461, -0.00143661350012, 0.000355115305865, 0.00116586079821, 0.000125122329337], [1.73522967089e-005, -0.00192440568935, 0.00018833145441, -0.000848895579111, 0.00044952108874, -0.00194132258184, 0.00681000621989, -0.00365663319826, 0.00372064532712, -0.00123768439516, 0.000307932292344, -0.00118201423902, 0.000873699376825], [-0.000200012684218, 0.00113214936573, -0.000188134974451, 0.00030645597144, -0.000419314746978, 0.000740777875762, -0.00365663319826, 0.00940912775695, -0.00457872822881, 0.00213039340451, -0.0010415376164, -0.00286638108082, 0.00136764894705], [-8.2853344793e-005, -0.00311974133365, 0.000804721435998, -0.00194902333897, -0.000522847345565, -0.00144905061461, 0.00372064532712, -0.00457872822881, 0.0137843564153, -0.00285094208084, 0.00387117825449, -0.000385427556466, 0.000170788785908], [-2.32537295233e-005, 0.00290801934898, -0.000719401927199, 0.00176019023638, -0.00101994816214, -0.00143661350012, -0.00123768439516, 0.00213039340451, -0.00285094208084, 0.0120602790266, -0.00479346420616, 0.00294396840036, -0.000877128739376], [0.000241753674345, -0.00329012330621, 0.00101172993891, -0.00313621154055, 0.000154507928528, 0.000355115305865, 0.000307932292344, -0.0010415376164, 0.00387117825449, -0.00479346420616, 0.0165846794844, -0.00443043513224, 0.00360031612217], [-0.000258970540017, 0.00297050946392, -0.00070027122274, 0.00212502386421, -0.00102853029966, 0.00116586079821, -0.00118201423902, -0.00286638108082, -0.000385427556466, 0.00294396840036, -0.00443043513224, 0.0160465016961, -0.00600174954161], [0.00034578476334, -0.00262553081848, 0.000199880829314, -0.00308544444852, 0.00186003779527, 0.000125122329337, 0.000873699376825, 0.00136764894705, 0.000170788785908, -0.000877128739376, 0.00360031612217, -0.00600174954161, 0.0170990340412]]
    },
    "melbands": {
        "mean": [0.000378536380595, 0.00145990215242, 0.00135087559465, 0.00147867749911, 0.000542860885616, 0.000301067484543, 0.000328797992552, 0.000227321608691, 0.000168554339325, 9.77128220256e-005, 0.000102652986243, 4.09463391406e-005, 2.51441979344e-005, 1.90910832316e-005, 2.51612782449e-005, 3.67473439837e-005, 3.76570751541e-005, 2.7847912861e-005, 7.24669871488e-006, 4.61949866803e-006, 6.40331518298e-006, 1.15839966384e-005, 6.31165903542e-006, 4.39959376308e-006, 6.19199045104e-006, 2.39351970777e-006, 1.15241027743e-006, 1.2492599808e-006, 1.11177587314e-006, 9.54831875788e-007, 1.0918637372e-006, 1.20569620776e-006, 8.16601698261e-007, 6.98719929915e-007, 5.81243796205e-007, 4.9734762797e-007, 5.20628759659e-007, 5.12668236752e-007, 4.77896094253e-007, 4.19546154262e-007],
        "var": [6.04882757216e-007, 4.02222349294e-006, 2.22781113735e-006, 8.48298077472e-006, 7.92908338099e-007, 4.55926169707e-007, 6.71404620789e-007, 4.55164155255e-007, 3.44987824974e-007, 1.82494474643e-007, 1.60848671271e-007, 2.32070984652e-008, 1.66221578723e-008, 6.97136126604e-009, 1.33422659587e-008, 4.90370624107e-008, 2.02073948685e-008, 1.55267212421e-008, 1.30397714848e-009, 1.47617584823e-010, 3.12323750196e-010, 1.3609756655e-009, 3.97857052858e-010, 2.3441731889e-010, 5.37929589761e-010, 5.14545038521e-011, 1.08066854076e-011, 1.12301730415e-011, 1.02449229655e-011, 7.49555365692e-012, 8.12316880427e-012, 9.31079692512e-012, 5.37425746266e-012, 5.23134573854e-012, 4.23306225142e-012, 3.40410989327e-012, 4.67937320836e-012, 7.32746502363e-012, 7.29260662274e-012, 6.54170944844e-012]
    },
    "mfcc": {
        "mean": [-745.351257324, 148.303192139, 36.9119606018, 26.9341259003, 10.1344709396, 0.937855482101, -8.75345420837, -5.5321969986, -6.49929380417, -6.71797180176, -2.92477321625, -5.30007076263, -11.3399991989],
        "cov": [[13906.8623047, -1340.26196289, -1940.6940918, -789.913574219, -372.958343506, 200.384078979, 63.2233924866, 429.922241211, 280.846069336, 166.672805786, 492.024963379, 256.354949951, 6.92214298248], [-1340.26196289, 1369.51196289, 98.2689743042, 88.6066894531, 91.8890380859, -24.770488739, 56.7612991333, 130.935668945, 85.5936508179, 17.2912826538, 29.8479156494, 52.9718971252, 27.770488739], [-1940.6940918, 98.2689743042, 974.171630859, 302.80090332, 110.571907043, 93.6947479248, 100.749542236, -71.1363830566, 22.8155555725, 27.724527359, -119.863487244, -5.36241531372, 69.1286315918], [-789.913574219, 88.6066894531, 302.80090332, 431.178833008, 179.815048218, -1.33623147011, 52.2131195068, 18.8618946075, 14.1007261276, 22.2690582275, -56.6787567139, -13.3811359406, 58.33934021], [-372.958343506, 91.8890380859, 110.571907043, 179.815048218, 292.316589355, 60.5988769531, -23.0096740723, 5.89052248001, 19.7268810272, 32.7016448975, 1.18752193451, 3.02217745781, 16.2908725739], [200.384078979, -24.770488739, 93.6947479248, -1.33623147011, 60.5988769531, 272.675384521, 104.269706726, -14.269449234, 50.4536819458, 62.2529067993, 39.7922821045, 35.2378425598, 18.4349403381], [63.2233924866, 56.7612991333, 100.749542236, 52.2131195068, -23.0096740723, 104.269706726, 249.111068726, 72.5783843994, 31.2067108154, 50.9563674927, 28.9513015747, 56.0147247314, 59.4602928162], [429.922241211, 130.935668945, -71.1363830566, 18.8618946075, 5.89052248001, -14.269449234, 72.5783843994, 225.231506348, 81.621421814, 6.52439022064, 50.3696479797, 49.0267066956, 29.4583759308], [280.846069336, 85.5936508179, 22.8155555725, 14.1007261276, 19.7268810272, 50.4536819458, 31.2067108154, 81.621421814, 146.57711792, 44.5098838806, 15.5534229279, 32.9458007813, 32.8286590576], [166.672805786, 17.2912826538, 27.724527359, 22.2690582275, 32.7016448975, 62.2529067993, 50.9563674927, 6.52439022064, 44.5098838806, 128.230407715, 45.0762786865, 7.4095697403, 15.7882328033], [492.024963379, 29.8479156494, -119.863487244, -56.6787567139, 1.18752193451, 39.7922821045, 28.9513015747, 50.3696479797, 15.5534229279, 45.0762786865, 150.687255859, 44.721534729, -15.9038228989], [256.354949951, 52.9718971252, -5.36241531372, -13.3811359406, 3.02217745781, 35.2378425598, 56.0147247314, 49.0267066956, 32.9458007813, 7.4095697403, 44.721534729, 109.346725464, 37.2080230713], [6.92214298248, 27.770488739, 69.1286315918, 58.33934021, 16.2908725739, 18.4349403381, 59.4602928162, 29.4583759308, 32.8286590576, 15.7882328033, -15.9038228989, 37.2080230713, 109.539245605]],
        "icov": [[0.000143774406752, 0.000151317421114, 0.000244215596467, 2.43482118094e-005, 9.20238599065e-005, -0.000117088624393, 4.86577082484e-005, -0.00016523283557, -0.000192181978491, -0.000111933273729, -0.000124973332277, -0.000167977035744, -7.7849967056e-005], [0.000151317421114, 0.000981039367616, 0.000149075349327, 6.36090771877e-005, -0.000209921097849, 0.000195672007976, -0.000139287076308, -0.000426979211625, -0.000557541789021, -4.52246349596e-005, -0.000241394460318, -0.000361299928045, 6.37818520772e-005], [0.000244215596467, 0.000149075349327, 0.002017255174, -0.00094057637034, 0.000257344945567, -0.000628383946605, -0.000348827190464, 0.000411498651374, -0.000593444565311, -0.00028082515928, 0.000809807039332, -0.000551682140213, -0.000155880115926], [2.43482118094e-005, 6.36090771877e-005, -0.00094057637034, 0.0046182833612, -0.00277242041193, 0.00130524020642, -0.00129625352565, -0.000423355813837, 5.72939534322e-005, -0.000166217258084, 0.000559286563657, 0.00110078870784, -0.00115950871259], [9.20238599065e-005, -0.000209921097849, 0.000257344945567, -0.00277242041193, 0.00602205749601, -0.00229560700245, 0.00267804507166, -0.000856863858644, 0.000664713908918, -0.00118114217184, -0.000256350322161, -0.000816006795503, -0.000159991162946], [-0.000117088624393, 0.000195672007976, -0.000628383946605, 0.00130524020642, -0.00229560700245, 0.00654843309894, -0.00336413877085, 0.00244817999192, -0.00246572541073, -0.000175288776518, -0.00112409202848, -0.000141422919114, 0.000715346075594], [4.86577082484e-005, -0.000139287076308, -0.000348827190464, -0.00129625352565, 0.00267804507166, -0.00336413877085, 0.00813042186201, -0.00315778120421, 0.00265207886696, -0.00250699766912, 0.000296373880701, -0.0019719414413, -0.00217414321378], [-0.00016523283557, -0.000426979211625, 0.000411498651374, -0.000423355813837, -0.000856863858644, 0.00244817999192, -0.00315778120421, 0.00859382655472, -0.00479108048603, 0.00260014296509, -0.00233268132433, -0.000216376123717, -1.20478989629e-006], [-0.000192181978491, -0.000557541789021, -0.000593444565311, 5.72939534322e-005, 0.000664713908918, -0.00246572541073, 0.00265207886696, -0.00479108048603, 0.0121515793726, -0.0040820161812, 0.0022838821169, -0.00153050269, -0.00153951172251], [-0.000111933273729, -4.52246349596e-005, -0.00028082515928, -0.000166217258084, -0.00118114217184, -0.000175288776518, -0.00250699766912, 0.00260014296509, -0.0040820161812, 0.0122504001483, -0.00451443810016, 0.00307528651319, -0.00109131936915], [-0.000124973332277, -0.000241394460318, 0.000809807039332, 0.000559286563657, -0.000256350322161, -0.00112409202848, 0.000296373880701, -0.00233268132433, 0.0022838821169, -0.00451443810016, 0.0117424931377, -0.00447326991707, 0.00314447120763], [-0.000167977035744, -0.000361299928045, -0.000551682140213, 0.00110078870784, -0.000816006795503, -0.000141422919114, -0.0019719414413, -0.000216376123717, -0.00153050269, 0.00307528651319, -0.00447326991707, 0.0145947532728, -0.00445367442444], [-7.7849967056e-005, 6.37818520772e-005, -0.000155880115926, -0.00115950871259, -0.000159991162946, 0.000715346075594, -0.00217414321378, -1.20478989629e-006, -0.00153951172251, -0.00109131936915, 0.00314447120763, -0.00445367442444, 0.0135057503358]]
    },
    "spectral_contrast_coeffs": {
        "mean": [-0.551200032234, -0.688934922218, -0.763544440269, -0.777488470078, -0.791518092155, -0.795610070229],
        "var": [0.00812204182148, 0.00608726264909, 0.00586283393204, 0.0045085134916, 0.00365209090523, 0.00189177400898]
    },
    "spectral_contrast_valleys": {
        "mean": [-7.77248001099, -7.43306064606, -8.6742773056, -9.15215301514, -9.19942378998, -11.3136167526],
        "var": [1.65249705315, 1.44754624367, 1.90083408356, 2.04872441292, 2.36902046204, 2.78430223465]
    }
},
"metadata": {
    "audio_properties": {
        "analysis_sample_rate": 44100,
        "bit_rate": 128000,
        "equal_loudness": 0,
        "length": 261.746948242,
        "lossless": 0,
        "replay_gain": -4.78118133545,
        "sample_rate": 44100,
        "codec": "mp3",
        "downmix": "mix",
        "md5_encoded": "3aa19df1f069334a044e4bc26d22f987"
    },
    "tags": {
        "file_name": "2039.mp3",
        "album": ["CNSM SESSIONS #1"],
        "artist": ["FOOL DADAZ FIRE"],
        "encoding": ["LAME 64bits version 3.99.5 (http:\/\/lame.sf.net)"],
        "genre": ["Pop"],
        "length": ["261705"],
        "title": ["Le Blues du Fantôme"],
        "tracknumber": ["06"]
    },
    "version": {
        "essentia": "2.1-beta2",
        "essentia_git_sha": "v2.1_beta2",
        "extractor": "music 1.0"
    }
},
"rhythm": {
    "beats_count": 596,
    "beats_loudness": {
        "mean": 0.0315123647451,
        "var": 0.000672025431413
    },
    "bpm": 139.625854492,
    "bpm_histogram_first_peak_bpm": {
        "mean": 140,
        "var": 0
    },
    "bpm_histogram_first_peak_spread": {
        "mean": 0.546296298504,
        "var": 0
    },
    "bpm_histogram_first_peak_weight": {
        "mean": 0.411764711142,
        "var": 0
    },
    "bpm_histogram_second_peak_bpm": {
        "mean": 133,
        "var": 0
    },
    "bpm_histogram_second_peak_spread": {
        "mean": 0.150000035763,
        "var": 0
    },
    "bpm_histogram_second_peak_weight": {
        "mean": 0.0285714287311,
        "var": 0
    },
    "danceability": 1.11775994301,
    "onset_rate": 3.32749390602,
    "beats_loudness_band_ratio": {
        "mean": [0.474218934774, 0.371327638626, 0.134560286999, 0.0576375983655, 0.0291414577514, 0.0297235324979],
        "var": [0.0595692582428, 0.0440736487508, 0.0183049906045, 0.00863112322986, 0.00176381319761, 0.00284911948256]
    },
    "beats_position": [0.49922901392, 1.03328800201, 1.55573689938, 2.08979582787, 2.62385487556, 3.15791368484, 3.69197273254, 4.22603178024, 4.80653047562, 5.38702917099, 6.07201814651, 6.7570066452, 7.44199514389, 8.12698364258, 8.83519268036, 9.4853515625, 10.1239004135, 10.7508392334, 11.3661680222, 11.9698867798, 12.5852155685, 13.1889343262, 13.7694330215, 14.3499317169, 14.9304304123, 15.5109291077, 16.0914287567, 16.5558280945, 17.0202255249, 17.4846248627, 17.9374141693, 18.390203476, 18.8429927826, 19.2957820892, 19.7485713959, 20.2013607025, 20.6541500092, 21.0953292847, 21.5365066528, 21.9892959595, 22.430475235, 22.8716545105, 23.3244438171, 23.7656230927, 24.2068023682, 24.6595916748, 25.1007709503, 25.5419502258, 25.9831295013, 26.4243087769, 26.8770961761, 27.3182754517, 27.747844696, 28.1890239716, 28.6302032471, 29.0713825226, 29.5125617981, 29.9537410736, 30.3949203491, 30.8477096558, 31.2888889313, 31.7416782379, 32.1828575134, 32.6356468201, 33.0884361267, 33.5296134949, 33.9707946777, 34.4119720459, 34.8531494141, 35.2943305969, 35.7355079651, 36.1766891479, 36.6178665161, 37.059047699, 37.5002250671, 37.94140625, 38.3825836182, 38.823764801, 39.2649421692, 39.7061233521, 40.1473007202, 40.5884780884, 41.0296592712, 41.4708366394, 41.9120178223, 42.3531951904, 42.7943763733, 43.2239456177, 43.6535148621, 44.0946922302, 44.5358734131, 44.9770507813, 45.4066200256, 45.83618927, 46.2773704529, 46.718547821, 47.1597251892, 47.6009063721, 48.0420837402, 48.4832649231, 48.9128341675, 49.3540115356, 49.7951927185, 50.2247619629, 50.6659393311, 51.0955085754, 51.5250778198, 51.9546470642, 52.3842163086, 52.8253974915, 53.2665748596, 53.7077522278, 54.1489334106, 54.578502655, 55.0196800232, 55.4608612061, 55.8904304504, 56.3199996948, 56.7495689392, 57.1907463074, 57.6319274902, 58.0731048584, 58.5142860413, 58.9554634094, 59.3966445923, 59.8378219604, 60.2789993286, 60.708568573, 61.1381378174, 61.5793190002, 62.0204963684, 62.4616775513, 62.8912467957, 63.32081604, 63.7619934082, 64.1915664673, 64.621131897, 65.0623092651, 65.5034942627, 65.9330596924, 66.3626327515, 66.8038101196, 67.2449874878, 67.686164856, 68.115737915, 68.5569152832, 68.9864807129, 69.4276657104, 69.8688430786, 70.2984085083, 70.7279815674, 71.1691589355, 71.6103363037, 72.0399093628, 72.4694747925, 72.91065979, 73.3402252197, 73.7697982788, 74.210975647, 74.6405410767, 75.0701141357, 75.5112915039, 75.9524688721, 76.3936462402, 76.8348312378, 77.2643966675, 77.6939697266, 78.1235351563, 78.5531082153, 78.982673645, 79.4122467041, 79.8418121338, 80.2713851929, 80.712562561, 81.1537399292, 81.5833053589, 82.012878418, 82.4540557861, 82.8836288452, 83.3131942749, 83.742767334, 84.1723327637, 84.6019058228, 85.0314712524, 85.4610443115, 85.9022216797, 86.3317871094, 86.7729721069, 87.2141494751, 87.6553268433, 88.0732879639, 88.4912490845, 88.9208145142, 89.3503875732, 89.7683410645, 90.1863021851, 90.6158676147, 91.0454406738, 91.4750061035, 91.9045791626, 92.3341445923, 92.7637176514, 93.2048950195, 93.6228561401, 94.0408172607, 94.4703826904, 94.8999557495, 95.3179092407, 95.7474822998, 96.1770477295, 96.5950088501, 97.0129699707, 97.4309310913, 97.8488845825, 98.2668457031, 98.6964187622, 99.1259841919, 99.555557251, 99.9851226807, 100.426300049, 100.844261169, 101.273826599, 101.703399658, 102.121360779, 102.550926208, 102.968887329, 103.398452759, 103.816413879, 104.234375, 104.66394043, 105.093513489, 105.511474609, 105.941040039, 106.370613098, 106.800178528, 107.229751587, 107.647705078, 108.077278137, 108.506843567, 108.936416626, 109.365982056, 109.783943176, 110.201904297, 110.631469727, 111.049430847, 111.455780029, 111.87374115, 112.30330658, 112.732879639, 113.174057007, 113.615234375, 114.044807434, 114.474372864, 114.915550232, 115.356735229, 115.797912598, 116.227478027, 116.657051086, 117.098228455, 117.527801514, 117.957366943, 118.398544312, 118.839729309, 119.280906677, 119.722084045, 120.163261414, 120.592834473, 121.022399902, 121.463577271, 121.904762268, 122.334327698, 122.775505066, 123.205078125, 123.646255493, 124.087432861, 124.51700592, 124.94657135, 125.387756348, 125.828933716, 126.258499146, 126.688072205, 127.129249573, 127.570426941, 128.011611938, 128.452789307, 128.882354736, 129.311920166, 129.753097534, 130.194290161, 130.635467529, 131.076644897, 131.517822266, 131.958999634, 132.388565063, 132.818145752, 133.25932312, 133.700500488, 134.141677856, 134.582855225, 135.024032593, 135.453598022, 135.883178711, 136.312744141, 136.753921509, 137.195098877, 137.624664307, 138.054244995, 138.483810425, 138.913375854, 139.354553223, 139.784118652, 140.213699341, 140.643264771, 141.084442139, 141.525619507, 141.955184937, 142.384765625, 142.814331055, 143.243896484, 143.685073853, 144.126251221, 144.555831909, 144.985397339, 145.414962769, 145.844528198, 146.274108887, 146.703674316, 147.133239746, 147.562805176, 147.992385864, 148.421951294, 148.863128662, 149.30430603, 149.745483398, 150.16343689, 150.593017578, 151.022583008, 151.452148438, 151.881713867, 152.311294556, 152.740859985, 153.182037354, 153.611602783, 154.041183472, 154.470748901, 154.900314331, 155.318267822, 155.736236572, 156.165802002, 156.583755493, 157.013336182, 157.442901611, 157.872467041, 158.290420532, 158.720001221, 159.14956665, 159.57913208, 159.99710083, 160.42666626, 160.856231689, 161.285797119, 161.715377808, 162.133331299, 162.562896729, 162.980865479, 163.39881897, 163.816772461, 164.246353149, 164.675918579, 165.105484009, 165.535049438, 165.953018188, 166.37097168, 166.800537109, 167.230117798, 167.659683228, 168.089248657, 168.507202148, 168.925170898, 169.34312439, 169.772689819, 170.202270508, 170.631835938, 171.073013306, 171.502578735, 171.932144165, 172.361724854, 172.802902222, 173.232467651, 173.662033081, 174.080001831, 174.509567261, 174.93913269, 175.36869812, 175.798278809, 176.2162323, 176.634185791, 177.063766479, 177.493331909, 177.922897339, 178.352462769, 178.782043457, 179.211608887, 179.641174316, 180.059127808, 180.488708496, 180.906661987, 181.324615479, 181.742584229, 182.172149658, 182.601715088, 183.031295776, 183.460861206, 183.890426636, 184.319992065, 184.749572754, 185.167526245, 185.597091675, 186.015060425, 186.433013916, 186.850967407, 187.268936157, 187.686889648, 188.116455078, 188.534423828, 188.963989258, 189.381942749, 189.799911499, 190.229476929, 190.659042358, 191.07699585, 191.4949646, 191.912918091, 192.330886841, 192.737228394, 193.143585205, 193.561538696, 193.979492188, 194.397460938, 194.815414429, 195.23336792, 195.65133667, 196.069290161, 196.498855591, 196.928436279, 197.358001709, 197.787567139, 198.205535889, 198.62348938, 199.041442871, 199.459411621, 199.877365112, 200.295318604, 200.724899292, 201.154464722, 201.572418213, 201.990386963, 202.408340454, 202.826293945, 203.244262695, 203.662216187, 204.080184937, 204.498138428, 204.916091919, 205.334060669, 205.75201416, 206.169967651, 206.587936401, 206.994277954, 207.400634766, 207.818588257, 208.259765625, 208.700942993, 209.142120361, 209.583312988, 210.012878418, 210.442443848, 210.883621216, 211.324798584, 211.765975952, 212.195556641, 212.62512207, 213.066299438, 213.495864868, 213.937042236, 214.366622925, 214.784576416, 215.214141846, 215.643707275, 216.073287964, 216.502853394, 216.920806885, 217.350387573, 217.779953003, 218.221130371, 218.650695801, 219.08026123, 219.509841919, 219.939407349, 220.368972778, 220.798538208, 221.228118896, 221.657684326, 222.075637817, 222.505218506, 222.923171997, 223.352737427, 223.770706177, 224.188659668, 224.618225098, 225.047790527, 225.465759277, 225.883712769, 226.30166626, 226.731246948, 227.149200439, 227.578765869, 227.996734619, 228.403076172, 228.832641602, 229.250610352, 229.680175781, 230.109741211, 230.527709961, 230.945663452, 231.363616943, 231.781585693, 232.199539185, 232.617507935, 233.035461426, 233.453414917, 233.871383667, 234.27772522, 234.684082031, 235.102035522, 235.519989014, 235.937957764, 236.355911255, 236.785476685, 237.215057373, 237.644622803, 238.074188232, 238.492156982, 238.921722412, 239.351287842, 239.769241333, 240.187210083, 240.605163574, 241.023132324, 241.452697754, 241.882263184, 242.300216675, 242.718185425, 243.159362793, 243.588928223, 244.018493652, 244.436462402, 244.854415894, 245.272369385, 245.701950073, 246.131515503, 246.549468994, 246.967437744, 247.385391235, 247.803344727, 248.221313477, 248.639266968, 249.057235718, 249.463577271, 249.881530762, 250.31111145, 250.752288818, 251.181854248, 251.599807739, 252.029388428, 252.447341919, 252.86529541, 253.294876099, 253.724441528, 254.14239502, 254.56036377, 254.978317261, 255.396270752, 255.814239502, 256.232208252, 256.650146484, 257.068115234, 257.497680664, 257.927246094, 258.345214844, 258.774780273, 259.204345703, 259.633911133, 260.07510376, 260.527893066, 260.980682373]
},
"tonal": {
    "chords_changes_rate": 0.0837176293135,
    "chords_number_rate": 0.00230578216724,
    "chords_strength": {
        "mean": 0.482578903437,
        "var": 0.0102730821818
    },
    "hpcp_entropy": {
        "mean": 1.98240816593,
        "var": 0.457615345716
    },
    "key_strength": 0.705256581306,
    "tuning_diatonic_strength": 0.545994639397,
    "tuning_equal_tempered_deviation": 0.112742058933,
    "tuning_frequency": 443.060424805,
    "tuning_nontempered_energy_ratio": 0.772491037846,
    "hpcp": {
        "mean": [0.167492225766, 0.0980129018426, 0.0669403374195, 0.091100089252, 0.118589103222, 0.227824315429, 0.284641504288, 0.166316822171, 0.0775213390589, 0.0649233087897, 0.0709262937307, 0.158623307943, 0.199500352144, 0.0994424521923, 0.0322434827685, 0.029358221218, 0.033793527633, 0.0615980960429, 0.0854105055332, 0.0799206271768, 0.0903965681791, 0.0843506529927, 0.0653227865696, 0.06653650105, 0.0528078228235, 0.0646319687366, 0.190263733268, 0.252227514982, 0.153856232762, 0.0964006781578, 0.0937916114926, 0.107566721737, 0.154599234462, 0.163815766573, 0.128781035542, 0.154226630926],
        "var": [0.0862334221601, 0.0380783043802, 0.0237231981009, 0.0398177094758, 0.0444870106876, 0.0985177904367, 0.135341435671, 0.0611073486507, 0.0346542559564, 0.0317397043109, 0.0297379326075, 0.0757473632693, 0.120638020337, 0.0361968800426, 0.0101766334847, 0.00956489425153, 0.0100218933076, 0.0178899075836, 0.0285436306149, 0.0279323235154, 0.0479757376015, 0.0430506318808, 0.0222371872514, 0.0255687776953, 0.0193218886852, 0.023057512939, 0.0763708427548, 0.12250367552, 0.0539353862405, 0.0440986305475, 0.0415487140417, 0.0468185804784, 0.0661932751536, 0.0664313137531, 0.0514629334211, 0.0665510892868]
    },
    "chords_histogram": [22.80950737, 1.96878325939, 14.2603759766, 0.78041857481, 3.13941121101, 0.815892159939, 2.41220283508, 8.72649860382, 0.904576063156, 1.13515436649, 0, 0.851365745068, 0.904576063156, 0, 0.603050708771, 0.709471464157, 0.691734671593, 4.46967029572, 1.64952111244, 5.56935071945, 0.514366805553, 5.74671888351, 1.40120613575, 19.9361476898],
    "thpcp": [1, 0.584302783012, 0.272347271442, 0.228087991476, 0.249177619815, 0.557273983955, 0.700882852077, 0.349360346794, 0.113277517259, 0.10314103961, 0.118723124266, 0.216405883431, 0.300063431263, 0.280776441097, 0.3175804317, 0.296339958906, 0.229491427541, 0.23375543952, 0.185523971915, 0.227064460516, 0.668432831764, 0.886123478413, 0.540526330471, 0.338674008846, 0.329507857561, 0.377902448177, 0.543136656284, 0.575516104698, 0.452432394028, 0.541827619076, 0.588432192802, 0.344338059425, 0.235174193978, 0.320052027702, 0.416626185179, 0.80039036274],
    "chords_key": "B",
    "chords_scale": "major",
    "key_key": "B",
    "key_scale": "major"
}
}