{
"lowlevel": {
    "average_loudness": 0.937490642071,
    "barkbands_crest": {
        "mean": 11.7480926514,
        "var": 17.2241821289
    },
    "barkbands_flatness_db": {
        "mean": 0.177323803306,
        "var": 0.00669870059937
    },
    "barkbands_kurtosis": {
        "mean": 12.3090305328,
        "var": 573.791381836
    },
    "barkbands_skewness": {
        "mean": 1.43106210232,
        "var": 7.23796749115
    },
    "barkbands_spread": {
        "mean": 31.8180866241,
        "var": 827.42779541
    },
    "dissonance": {
        "mean": 0.456823289394,
        "var": 0.00208985409699
    },
    "dynamic_complexity": 2.3465218544,
    "erbbands_crest": {
        "mean": 10.0613613129,
        "var": 19.7096405029
    },
    "erbbands_flatness_db": {
        "mean": 0.155794009566,
        "var": 0.00476627191529
    },
    "erbbands_kurtosis": {
        "mean": 2.77059841156,
        "var": 36.8898353577
    },
    "erbbands_skewness": {
        "mean": 0.232559293509,
        "var": 2.37713265419
    },
    "erbbands_spread": {
        "mean": 54.4867897034,
        "var": 1555.2442627
    },
    "hfc": {
        "mean": 80.6060028076,
        "var": 11575.6259766
    },
    "melbands_crest": {
        "mean": 17.8356437683,
        "var": 60.1029701233
    },
    "melbands_flatness_db": {
        "mean": 0.229743167758,
        "var": 0.012144385837
    },
    "melbands_kurtosis": {
        "mean": 40.0484657288,
        "var": 9192.94921875
    },
    "melbands_skewness": {
        "mean": 3.59737443924,
        "var": 14.6535520554
    },
    "melbands_spread": {
        "mean": 35.1048469543,
        "var": 2342.56005859
    },
    "pitch_salience": {
        "mean": 0.558766305447,
        "var": 0.0250831972808
    },
    "silence_rate_20dB": {
        "mean": 1,
        "var": 0
    },
    "silence_rate_30dB": {
        "mean": 0.990940093994,
        "var": 0.00897879712284
    },
    "silence_rate_60dB": {
        "mean": 0.0482839494944,
        "var": 0.0459508262575
    },
    "spectral_centroid": {
        "mean": 2017.69128418,
        "var": 3270740.5
    },
    "spectral_complexity": {
        "mean": 12.727563858,
        "var": 102.709083557
    },
    "spectral_decrease": {
        "mean": -9.26667365064e-009,
        "var": 5.37600925925e-017
    },
    "spectral_energy": {
        "mean": 0.0422857701778,
        "var": 0.000746159174014
    },
    "spectral_energyband_high": {
        "mean": 0.00705991592258,
        "var": 0.00012333408813
    },
    "spectral_energyband_low": {
        "mean": 0.0197070408612,
        "var": 0.000616196542978
    },
    "spectral_energyband_middle_high": {
        "mean": 0.00354333827272,
        "var": 2.77535291389e-005
    },
    "spectral_energyband_middle_low": {
        "mean": 0.0124978935346,
        "var": 0.000143821962411
    },
    "spectral_entropy": {
        "mean": 7.76779270172,
        "var": 0.548074960709
    },
    "spectral_flux": {
        "mean": 0.115000464022,
        "var": 0.00262400554493
    },
    "spectral_kurtosis": {
        "mean": 3.31280207634,
        "var": 44.6385192871
    },
    "spectral_rms": {
        "mean": 0.00598924048245,
        "var": 5.38355516255e-006
    },
    "spectral_rolloff": {
        "mean": 4456.80078125,
        "var": 24099970
    },
    "spectral_skewness": {
        "mean": 1.36610853672,
        "var": 0.792654871941
    },
    "spectral_spread": {
        "mean": 8148082.5,
        "var": 1.06952266875e+013
    },
    "spectral_strongpeak": {
        "mean": 2.49521803856,
        "var": 29.6524734497
    },
    "zerocrossingrate": {
        "mean": 0.149282023311,
        "var": 0.0190071389079
    },
    "barkbands": {
        "mean": [0.00266247731633, 0.0118959704414, 0.00469796638936, 0.00137292617001, 0.0041879909113, 0.00343457097188, 0.00153556768782, 0.00099413539283, 0.000834923121147, 0.000440715957666, 0.000347240944393, 0.000316319725243, 0.000263905269094, 0.000349929032382, 0.000520096858963, 0.000282805820461, 0.000332714174874, 0.000266796821961, 0.000389117660234, 0.00021325830312, 0.000383566919481, 0.000683318532538, 0.00124169175979, 0.00056039536139, 0.00304812076502, 0.000887691567186, 0.000141582830111],
        "var": [2.2856211217e-005, 0.000285470479866, 7.6770738815e-005, 6.60743262415e-006, 3.21753395838e-005, 3.48859502992e-005, 7.80459595262e-006, 7.93586514192e-006, 4.76148306916e-006, 1.75085722276e-006, 1.03914203464e-006, 1.59588205406e-006, 7.51493757889e-007, 1.33032494887e-006, 2.93308607979e-006, 1.08967606138e-006, 1.23031406929e-006, 3.78187621664e-007, 8.93999072105e-007, 1.98463453671e-007, 3.46496676684e-007, 1.69846771314e-006, 5.78127810513e-006, 9.64811192716e-007, 2.89625277219e-005, 2.1797025056e-006, 6.25735054882e-008]
    },
    "erbbands": {
        "mean": [0.550387740135, 1.84481477737, 5.28156995773, 5.13724565506, 7.36406898499, 15.3517303467, 26.3779602051, 26.1982650757, 23.7626438141, 20.2421131134, 21.8965682983, 20.5207443237, 13.4036617279, 14.6030282974, 13.7197179794, 13.342004776, 12.8587036133, 16.4343566895, 26.9987392426, 20.7213935852, 15.7944869995, 17.1817893982, 14.8723421097, 21.0299110413, 15.2210054398, 10.3437175751, 11.9289646149, 24.0513248444, 23.5570411682, 18.9273300171, 45.485710144, 11.3350563049, 10.6316137314, 9.7527589798, 37.277130127, 6.4492726326, 1.74963128567, 0.388141989708, 0.0153292473406, 0.00040702248225],
        "var": [0.890199363232, 7.743745327, 87.8346939087, 78.5620117188, 180.063018799, 553.139953613, 1561.92883301, 2509.31811523, 1895.13256836, 1900.97766113, 3284.56884766, 3053.29858398, 1409.11328125, 1762.1739502, 1176.44604492, 3034.6652832, 1614.06066895, 2614.83447266, 8867.93652344, 3818.29711914, 2266.7956543, 2535.72583008, 1042.59033203, 3216.25537109, 1245.71386719, 416.541320801, 385.653411865, 1697.03564453, 2009.81054688, 940.609130859, 9067.6171875, 345.823791504, 354.192047119, 235.141021729, 4572.06738281, 115.913917542, 8.78761196136, 0.418826013803, 0.000675128714647, 3.26514367543e-007]
    },
    "gfcc": {
        "mean": [1.87045919895, 20.5728664398, -65.0437850952, 28.5725231171, -62.637638092, 14.0771455765, -43.371471405, 11.0430822372, -26.8661994934, 11.0105485916, -21.4555606842, 10.7956314087, -12.0526208878],
        "cov": [[10339.5458984, -113.748184204, -654.927368164, -231.381378174, 109.274681091, -105.145469666, -72.9904174805, 248.016067505, -57.1898574829, 366.146728516, 51.1433982849, 241.541229248, -90.6395187378], [-113.748184204, 6677.13183594, 401.221221924, 4.17504787445, 774.713012695, -715.543945313, 275.239562988, -126.993560791, 153.687561035, -228.191314697, 512.669311523, -253.734359741, 191.071350098], [-654.927368164, 401.221221924, 2251.84130859, 430.357055664, -42.1683235168, 189.564666748, 127.08908844, 1.38866758347, 10.0435781479, 14.9924163818, -33.0772247314, 133.317932129, 14.5779705048], [-231.381378174, 4.17504787445, 430.357055664, 846.498046875, 380.513000488, 118.042678833, 125.927444458, 18.706987381, 83.928604126, 31.6985187531, 6.96112823486, -14.5398244858, 7.28324127197], [109.274681091, 774.713012695, -42.1683235168, 380.513000488, 654.640258789, 87.3724899292, 146.190704346, 78.7260665894, 96.983253479, 32.8992385864, 75.0550308228, -66.8301696777, 19.1957454681], [-105.145469666, -715.543945313, 189.564666748, 118.042678833, 87.3724899292, 488.455505371, 195.423477173, 125.917533875, 53.1985321045, 69.1938858032, -53.1823692322, 49.2730369568, -12.3014936447], [-72.9904174805, 275.239562988, 127.08908844, 125.927444458, 146.190704346, 195.423477173, 366.140472412, 143.833267212, 67.4470214844, 22.1881046295, 76.2816085815, 2.88610172272, 19.4947109222], [248.016067505, -126.993560791, 1.38866758347, 18.706987381, 78.7260665894, 125.917533875, 143.833267212, 229.317321777, 98.0008239746, 55.425579071, 22.9165439606, 34.4750556946, 6.82753515244], [-57.1898574829, 153.687561035, 10.0435781479, 83.928604126, 96.983253479, 53.1985321045, 67.4470214844, 98.0008239746, 176.778213501, 76.3417282104, 44.2582359314, 11.1650896072, 28.3131904602], [366.146728516, -228.191314697, 14.9924163818, 31.6985187531, 32.8992385864, 69.1938858032, 22.1881046295, 55.425579071, 76.3417282104, 157.110565186, 52.0388870239, 45.4405708313, -0.909560680389], [51.1433982849, 512.669311523, -33.0772247314, 6.96112823486, 75.0550308228, -53.1823692322, 76.2816085815, 22.9165439606, 44.2582359314, 52.0388870239, 181.381546021, 51.0065841675, 40.5486602783], [241.541229248, -253.734359741, 133.317932129, -14.5398244858, -66.8301696777, 49.2730369568, 2.88610172272, 34.4750556946, 11.1650896072, 45.4405708313, 51.0065841675, 153.475509644, 40.1149711609], [-90.6395187378, 191.071350098, 14.5779705048, 7.28324127197, 19.1957454681, -12.3014936447, 19.4947109222, 6.82753515244, 28.3131904602, -0.909560680389, 40.5486602783, 40.1149711609, 96.427986145]],
        "icov": [[0.000142298464198, -8.44791138661e-005, 9.31249815039e-005, -3.78971635655e-005, -1.23521940623e-005, 0.000100269724499, -2.31039739447e-005, -0.000233015263802, 0.000392176822061, -0.000611777766608, 0.000460045877844, -0.000489546800964, 0.000215636871872], [-8.44791138661e-005, 0.000573924335185, -0.000355993310222, 0.000484330987092, -0.000656969903503, 0.000550089811441, -0.000306405796437, 0.000543065951206, -0.000891098869033, 0.00131617183797, -0.00156368815806, 0.00119399034884, -0.000540055567399], [9.31249815039e-005, -0.000355993310222, 0.000803649949376, -0.000633799179923, 0.000557220366318, -0.000313296710374, -0.000103906721051, -0.000169261606061, 0.000586898589972, -0.00088270084234, 0.00130487664137, -0.00144920544699, 0.000474928878248], [-3.78971635655e-005, 0.000484330987092, -0.000633799179923, 0.00242909928784, -0.00181354396045, 0.000602728978265, -0.000777904875576, 0.0012745213462, -0.00140024768189, 0.000845754344482, -0.000463533127913, 0.000428915780503, -0.000142433054862], [-1.23521940623e-005, -0.000656969903503, 0.000557220366318, -0.00181354396045, 0.00364022841677, -0.0013633944327, 0.000658396980725, -0.00129837624263, 0.000685603416059, -0.00096712494269, -9.53490161919e-005, 0.000882865220774, -0.000134468064061], [0.000100269724499, 0.000550089811441, -0.000313296710374, 0.000602728978265, -0.0013633944327, 0.00485578505322, -0.00299890874885, 0.000313772674417, -0.00049645465333, -0.00115915795323, 0.00238102930598, -0.00156755337957, 0.000266742601525], [-2.31039739447e-005, -0.000306405796437, -0.000103906721051, -0.000777904875576, 0.000658396980725, -0.00299890874885, 0.00646618334576, -0.00338075775653, 0.00086661282694, 0.0013563032262, -0.00369014823809, 0.00234938273206, -0.00058893422829], [-0.000233015263802, 0.000543065951206, -0.000169261606061, 0.0012745213462, -0.00129837624263, 0.000313772674417, -0.00338075775653, 0.00921698473394, -0.00501220766455, 0.00117772258818, 0.000448167847935, -0.00150464731269, 0.000883871689439], [0.000392176822061, -0.000891098869033, 0.000586898589972, -0.00140024768189, 0.000685603416059, -0.00049645465333, 0.00086661282694, -0.00501220766455, 0.0122644295916, -0.00685056811199, 0.0019158590585, -6.10104689258e-005, -0.0023147079628], [-0.000611777766608, 0.00131617183797, -0.00088270084234, 0.000845754344482, -0.00096712494269, -0.00115915795323, 0.0013563032262, 0.00117772258818, -0.00685056811199, 0.0150992339477, -0.00788964796811, 0.0019769622013, 0.00122269289568], [0.000460045877844, -0.00156368815806, 0.00130487664137, -0.000463533127913, -9.53490161919e-005, 0.00238102930598, -0.00369014823809, 0.000448167847935, 0.0019158590585, -0.00788964796811, 0.0164301507175, -0.00871448498219, 0.000484998308821], [-0.000489546800964, 0.00119399034884, -0.00144920544699, 0.000428915780503, 0.000882865220774, -0.00156755337957, 0.00234938273206, -0.00150464731269, -6.10104689258e-005, 0.0019769622013, -0.00871448498219, 0.0156782120466, -0.00620473222807], [0.000215636871872, -0.000540055567399, 0.000474928878248, -0.000142433054862, -0.000134468064061, 0.000266742601525, -0.00058893422829, 0.000883871689439, -0.0023147079628, 0.00122269289568, 0.000484998308821, -0.00620473222807, 0.0147679401562]]
    },
    "melbands": {
        "mean": [0.00399398198351, 0.0026598139666, 0.000947523512878, 0.000816711923108, 0.000888973067049, 0.000602315471042, 0.000352488772478, 0.000220340341912, 0.000178738235263, 0.000120080941997, 6.41005462967e-005, 5.88824696024e-005, 4.71574494441e-005, 3.79582270398e-005, 3.23119202221e-005, 2.33961727645e-005, 3.18055754178e-005, 4.26227525168e-005, 3.26352455886e-005, 2.42114019784e-005, 1.76469966391e-005, 1.75405984919e-005, 1.67704693013e-005, 1.27299290398e-005, 1.78834470717e-005, 1.26672521219e-005, 8.11626796349e-006, 6.46645867164e-006, 6.86315706844e-006, 8.00430734671e-006, 1.77130041266e-005, 1.6073230654e-005, 7.91748061602e-006, 9.73840633378e-006, 3.58712859452e-005, 7.42744896343e-006, 6.13892962065e-006, 7.66334414948e-006, 6.68032680551e-006, 6.66522237225e-006],
        "var": [3.77886281058e-005, 1.80019305844e-005, 2.27879081649e-006, 1.72795614617e-006, 1.47956382079e-006, 1.22620235743e-006, 3.98785658717e-007, 2.6570816658e-007, 2.14371809193e-007, 1.12948363551e-007, 3.65172247996e-008, 3.17812300921e-008, 1.69941269945e-008, 2.65633772756e-008, 1.08471445159e-008, 6.04135141913e-009, 1.2513624803e-008, 2.20876170687e-008, 9.79765069076e-009, 8.62793836376e-009, 3.22418802767e-009, 3.00179348045e-009, 3.18088644313e-009, 1.16321763333e-009, 2.83229995013e-009, 1.01205754888e-009, 3.9113925987e-010, 1.78090389658e-010, 1.60083529765e-010, 1.82248313663e-010, 1.10560405275e-009, 1.00855801488e-009, 2.32400612643e-010, 2.31885982638e-010, 6.05000538556e-009, 1.61065674686e-010, 1.13271510227e-010, 1.89953747176e-010, 1.44007028524e-010, 1.23393212315e-010]
    },
    "mfcc": {
        "mean": [-663.32598877, 71.4424057007, 37.6494102478, 21.7765922546, 4.79660224915, 6.42763853073, -5.38273763657, 1.87678861618, -0.707499623299, -2.20730614662, 0.441517204046, -1.04113471508, -1.00152170658],
        "cov": [[8876.39453125, 662.521972656, -1109.72521973, -107.834335327, -47.0250587463, -425.102752686, 108.12336731, -215.585281372, 20.7004699707, 10.1027288437, 103.885993958, 138.822128296, 49.7211952209], [662.521972656, 4965.35888672, 288.024749756, 496.003204346, 370.459655762, -335.583892822, 320.695465088, -201.008331299, -34.8625411987, -33.3418006897, -26.3193473816, 87.3880157471, 55.6313209534], [-1109.72521973, 288.024749756, 1884.72595215, 293.244140625, 80.9344558716, 188.287536621, 85.75, 104.050201416, 69.2321395874, -83.5306243896, -12.1042556763, 17.4188766479, 78.3488922119], [-107.834335327, 496.003204346, 293.244140625, 773.76763916, 359.702148438, 114.928192139, 126.983955383, 1.44108378887, 63.4926109314, 33.8545379639, 26.7991008759, 28.9982948303, 34.741733551], [-47.0250587463, 370.459655762, 80.9344558716, 359.702148438, 454.655578613, 135.661911011, 82.2546310425, 14.7243013382, 79.2534103394, 55.6265640259, 39.0445823669, 13.1176843643, 11.9236679077], [-425.102752686, -335.583892822, 188.287536621, 114.928192139, 135.661911011, 369.045928955, 115.597511292, 132.292617798, 87.3016967773, 79.4111709595, 64.0807113647, 15.3001279831, 10.5655469894], [108.12336731, 320.695465088, 85.75, 126.983955383, 82.2546310425, 115.597511292, 317.814575195, 122.078872681, 85.9602508545, 61.3730545044, 61.2516136169, 50.4098167419, 27.8448619843], [-215.585281372, -201.008331299, 104.050201416, 1.44108378887, 14.7243013382, 132.292617798, 122.078872681, 256.439880371, 119.740539551, 67.1998138428, 68.6556015015, 33.1746635437, 19.6495800018], [20.7004699707, -34.8625411987, 69.2321395874, 63.4926109314, 79.2534103394, 87.3016967773, 85.9602508545, 119.740539551, 176.361831665, 103.550682068, 59.3307800293, 28.9981212616, 4.87063455582], [10.1027288437, -33.3418006897, -83.5306243896, 33.8545379639, 55.6265640259, 79.4111709595, 61.3730545044, 67.1998138428, 103.550682068, 163.072692871, 85.0007095337, 30.6987400055, 1.7069106102], [103.885993958, -26.3193473816, -12.1042556763, 26.7991008759, 39.0445823669, 64.0807113647, 61.2516136169, 68.6556015015, 59.3307800293, 85.0007095337, 148.248535156, 73.306968689, 16.912317276], [138.822128296, 87.3880157471, 17.4188766479, 28.9982948303, 13.1176843643, 15.3001279831, 50.4098167419, 33.1746635437, 28.9981212616, 30.6987400055, 73.306968689, 125.348060608, 62.9367141724], [49.7211952209, 55.6313209534, 78.3488922119, 34.741733551, 11.9236679077, 10.5655469894, 27.8448619843, 19.6495800018, 4.87063455582, 1.7069106102, 16.912317276, 62.9367141724, 115.374076843]],
        "icov": [[0.000138582239742, 6.26775886303e-007, 7.99600529717e-005, 7.54869324737e-006, 4.92922436024e-006, 0.000135654991027, -0.000122528741485, 0.000187968777027, -0.00022124456882, 0.000168188693351, -0.000170019702637, -3.3860997064e-005, -8.17262334749e-005], [6.26775886303e-007, 0.000306856527459, -8.0506062659e-005, -3.06390138576e-005, -0.000293667369988, 0.000488217832753, -0.000472350540804, 0.000219107518205, 0.00014907217701, -0.000147365310113, 0.000128964195028, -0.000198931680643, 6.34888783679e-005], [7.99600529717e-005, -8.0506062659e-005, 0.00074901804328, -0.000271922821412, 0.000295508856652, -0.000418696290581, 8.99150472833e-005, 1.35699419843e-005, -0.00076025375165, 0.00106350937858, -0.000262217101408, 0.000231786383665, -0.000510256679263], [7.54869324737e-006, -3.06390138576e-005, -0.000271922821412, 0.00227601313964, -0.00164928496815, 3.38347235811e-005, -0.000524539209437, 0.000420478812885, 1.98612378881e-005, -0.000110818742542, 0.000167866819538, -0.000189105470781, -0.000187494617421], [4.92922436024e-006, -0.000293667369988, 0.000295508856652, -0.00164928496815, 0.00431616138667, -0.00149995891843, 0.000410995766288, 0.000756072055083, -0.00167176127434, 0.000513150996994, -0.000697011360899, 0.000746965000872, -0.000343541381881], [0.000135654991027, 0.000488217832753, -0.000418696290581, 3.38347235811e-005, -0.00149995891843, 0.00508701382205, -0.00137172499672, -0.00113058614079, 0.000752180989366, -0.0014415391488, -0.000409095111536, 0.000334868411301, 5.99177401455e-005], [-0.000122528741485, -0.000472350540804, 8.99150472833e-005, -0.000524539209437, 0.000410995766288, -0.00137172499672, 0.00527748791501, -0.00197936478071, -0.000446469435701, -0.000122165525681, -7.92025603005e-005, -0.000685755396262, -6.96392307873e-005], [0.000187968777027, 0.000219107518205, 1.35699419843e-005, 0.000420478812885, 0.000756072055083, -0.00113058614079, -0.00197936478071, 0.00804325379431, -0.00478343525901, 0.00165921729058, -0.00205301796086, 0.000721562886611, -0.0011045220308], [-0.00022124456882, 0.00014907217701, -0.00076025375165, 1.98612378881e-005, -0.00167176127434, 0.000752180989366, -0.000446469435701, -0.00478343525901, 0.0138389542699, -0.00757064297795, 0.00203547766432, -0.00160221452825, 0.00166349823121], [0.000168188693351, -0.000147365310113, 0.00106350937858, -0.000110818742542, 0.000513150996994, -0.0014415391488, -0.000122165525681, 0.00165921729058, -0.00757064297795, 0.0142675386742, -0.00624227663502, 0.00186539627612, -0.000858412240632], [-0.000170019702637, 0.000128964195028, -0.000262217101408, 0.000167866819538, -0.000697011360899, -0.000409095111536, -7.92025603005e-005, -0.00205301796086, 0.00203547766432, -0.00624227663502, 0.0146652236581, -0.00820574443787, 0.00294981128536], [-3.3860997064e-005, -0.000198931680643, 0.000231786383665, -0.000189105470781, 0.000746965000872, 0.000334868411301, -0.000685755396262, 0.000721562886611, -0.00160221452825, 0.00186539627612, -0.00820574443787, 0.0168676357716, -0.00801361817867], [-8.17262334749e-005, 6.34888783679e-005, -0.000510256679263, -0.000187494617421, -0.000343541381881, 5.99177401455e-005, -6.96392307873e-005, -0.0011045220308, 0.00166349823121, -0.000858412240632, 0.00294981128536, -0.00801361817867, 0.0131914801896]]
    },
    "spectral_contrast_coeffs": {
        "mean": [-0.639136373997, -0.719379425049, -0.798673450947, -0.804024934769, -0.802707910538, -0.774577558041],
        "var": [0.013427015394, 0.0112446807325, 0.00661292811856, 0.00514617515728, 0.00274688214995, 0.00262872525491]
    },
    "spectral_contrast_valleys": {
        "mean": [-7.74307584763, -7.24758243561, -7.90695047379, -8.25788021088, -7.8172121048, -9.34959030151],
        "var": [3.0267727375, 1.80029928684, 1.43445801735, 1.35285449028, 1.38292574883, 1.84945631027]
    }
},
"metadata": {
    "audio_properties": {
        "analysis_sample_rate": 44100,
        "bit_rate": 128000,
        "equal_loudness": 0,
        "length": 217.80897522,
        "lossless": 0,
        "replay_gain": -9.19961357117,
        "sample_rate": 44100,
        "codec": "mp3",
        "downmix": "mix",
        "md5_encoded": "407d97a725e455b6a80cfcb77595ad70"
    },
    "tags": {
        "file_name": "2040.mp3",
        "album": ["FUCK THE WAR!!!"],
        "artist": ["Ralph Buckley"],
        "encoding": ["LAME 64bits version 3.99.5 (http:\/\/lame.sf.net)"],
        "genre": ["Pop"],
        "length": ["217768"],
        "title": ["FUCK THE WAR"],
        "tracknumber": ["01"]
    },
    "version": {
        "essentia": "2.1-beta2",
        "essentia_git_sha": "v2.1_beta2",
        "extractor": "music 1.0"
    }
},
"rhythm": {
    "beats_count": 347,
    "beats_loudness": {
        "mean": 0.0632670298219,
        "var": 0.000692392350174
    },
    "bpm": 95.9830780029,
    "bpm_histogram_first_peak_bpm": {
        "mean": 96,
        "var": 0
    },
    "bpm_histogram_first_peak_spread": {
        "mean": 0.16618077457,
        "var": 0
    },
    "bpm_histogram_first_peak_weight": {
        "mean": 0.826589584351,
        "var": 0
    },
    "bpm_histogram_second_peak_bpm": {
        "mean": 91,
        "var": 0
    },
    "bpm_histogram_second_peak_spread": {
        "mean": 0.333333343267,
        "var": 0
    },
    "bpm_histogram_second_peak_weight": {
        "mean": 0.00578034669161,
        "var": 0
    },
    "danceability": 1.30788743496,
    "onset_rate": 6.06446266174,
    "beats_loudness_band_ratio": {
        "mean": [0.330514639616, 0.176260918379, 0.0679437592626, 0.01908833161, 0.0356817953289, 0.39493906498],
        "var": [0.106086410582, 0.0445712134242, 0.0085919238627, 0.000655000796542, 0.00262521859258, 0.133070245385]
    },
    "beats_position": [0.673378646374, 1.3235373497, 1.95047616959, 2.57741498947, 3.20435357094, 3.83129239082, 4.45823097229, 5.08516979218, 5.71210861206, 6.33904743195, 6.96598625183, 7.58131504059, 8.19664382935, 8.82358264923, 9.45052146912, 10.077460289, 10.7043991089, 11.3313379288, 11.9582767487, 12.5852155685, 13.2121543884, 13.8390922546, 14.4660310745, 15.0929698944, 15.7082986832, 16.3236274719, 16.9505672455, 17.5775051117, 18.2044448853, 18.8313827515, 19.458322525, 20.0852603912, 20.7121982574, 21.339138031, 21.9660758972, 22.5814056396, 23.1967334747, 23.8236732483, 24.4506111145, 25.0775508881, 25.7044887543, 26.3314285278, 26.958366394, 27.5853061676, 28.2122440338, 28.8391838074, 29.4661216736, 30.081451416, 30.6967792511, 31.3237190247, 31.9506568909, 32.5775947571, 33.204536438, 33.8314743042, 34.4584121704, 35.0853500366, 35.7122879028, 36.3392295837, 36.96616745, 37.5814971924, 38.1968231201, 38.823764801, 39.4507026672, 40.0776405334, 40.7045783997, 41.3315200806, 41.9584579468, 42.585395813, 43.2123336792, 43.8276634216, 44.4546012878, 45.0699310303, 45.6968688965, 46.3238105774, 46.9507484436, 47.5776863098, 48.204624176, 48.8315620422, 49.4585037231, 50.0854415894, 50.7123794556, 51.327709198, 51.9430389404, 52.5699768066, 53.1969146729, 53.8238525391, 54.45079422, 55.0777320862, 55.7046699524, 56.3316078186, 56.9585494995, 57.5854873657, 58.2124252319, 58.8393630981, 59.4663009644, 60.0932426453, 60.708568573, 61.3238983154, 61.9508361816, 62.5777778625, 63.2047157288, 63.831653595, 64.4585952759, 65.0855331421, 65.7124710083, 66.3394088745, 66.9663467407, 67.5816802979, 68.1970062256, 68.8239440918, 69.450881958, 70.0778198242, 70.7047576904, 71.3316955566, 71.9586410522, 72.5855789185, 73.2125167847, 73.8394546509, 74.4663925171, 75.0933303833, 75.7086639404, 76.3239898682, 76.9509277344, 77.5778656006, 78.2048034668, 78.831741333, 79.4586868286, 80.0856246948, 80.712562561, 81.3395004272, 81.9664382935, 82.5701599121, 83.1970977783, 83.8240356445, 84.4509735107, 85.077911377, 85.7048492432, 86.3317871094, 86.9587249756, 87.5856704712, 88.2126083374, 88.8279342651, 89.4432601929, 90.0702056885, 90.6971435547, 91.3240814209, 91.9510192871, 92.5779571533, 93.2048950195, 93.8318328857, 94.458770752, 95.0857162476, 95.7126541138, 96.3279800415, 96.9433059692, 97.5702438354, 98.1971893311, 98.8241271973, 99.4510650635, 100.07800293, 100.704940796, 101.331878662, 101.958816528, 102.585754395, 103.21269989, 103.828025818, 104.443351746, 105.070289612, 105.697235107, 106.324172974, 106.95111084, 107.578048706, 108.204986572, 108.831924438, 109.458862305, 110.085800171, 110.712738037, 111.328071594, 111.95500946, 112.570335388, 113.197273254, 113.82421875, 114.451156616, 115.078094482, 115.705032349, 116.331970215, 116.958908081, 117.585845947, 118.212783813, 118.828117371, 119.443443298, 120.070381165, 120.697319031, 121.324264526, 121.951202393, 122.578140259, 123.205078125, 123.832015991, 124.458953857, 125.085891724, 125.71282959, 126.339767456, 126.966712952, 127.582038879, 128.197372437, 128.824310303, 129.451248169, 130.078186035, 130.705123901, 131.332061768, 131.958999634, 132.5859375, 133.212875366, 133.839813232, 134.466751099, 135.082077026, 135.697418213, 136.324356079, 136.951293945, 137.578231812, 138.205169678, 138.832107544, 139.45904541, 140.085983276, 140.712921143, 141.32824707, 141.955184937, 142.570526123, 143.197463989, 143.824401855, 144.451339722, 145.078277588, 145.705215454, 146.33215332, 146.959091187, 147.586029053, 148.212966919, 148.828292847, 149.443618774, 150.070556641, 150.697509766, 151.324447632, 151.951385498, 152.578323364, 153.20526123, 153.832199097, 154.459136963, 155.086074829, 155.713012695, 156.328338623, 156.943664551, 157.570602417, 158.197555542, 158.824493408, 159.451431274, 160.078369141, 160.705307007, 161.332244873, 161.959182739, 162.586120605, 163.201446533, 163.816772461, 164.443710327, 165.070648193, 165.69758606, 166.324539185, 166.951477051, 167.578414917, 168.205352783, 168.832290649, 169.459228516, 170.086166382, 170.713104248, 171.328430176, 171.943756104, 172.57069397, 173.197631836, 173.824569702, 174.451522827, 175.078460693, 175.70539856, 176.332336426, 176.959274292, 177.586212158, 178.213150024, 178.828475952, 179.44380188, 180.070739746, 180.697677612, 181.324615479, 181.951568604, 182.57850647, 183.205444336, 183.832382202, 184.459320068, 185.086257935, 185.713195801, 186.328521729, 186.943847656, 187.570785522, 188.197723389, 188.824661255, 189.451599121, 190.078552246, 190.705490112, 191.332427979, 191.959365845, 192.586303711, 193.213241577, 193.828567505, 194.443893433, 195.070831299, 195.697769165, 196.324707031, 196.951644897, 197.578598022, 198.205535889, 198.832473755, 199.459411621, 200.086349487, 200.713287354, 201.328613281, 201.943939209, 202.570877075, 203.197814941, 203.824752808, 204.451690674, 205.07862854, 205.705581665, 206.332519531, 206.959457397, 207.586395264, 208.21333313, 208.828659058, 209.443984985, 210.070922852, 210.697860718, 211.324798584, 211.95173645, 212.578674316, 213.205612183, 213.832565308, 214.459503174, 215.098052979, 215.759811401, 216.421585083, 217.094955444]
},
"tonal": {
    "chords_changes_rate": 0.136189252138,
    "chords_number_rate": 0.00341005972587,
    "chords_strength": {
        "mean": 0.422199517488,
        "var": 0.00833882577717
    },
    "hpcp_entropy": {
        "mean": 2.45579814911,
        "var": 0.85658121109
    },
    "key_strength": 0.656398892403,
    "tuning_diatonic_strength": 0.397431313992,
    "tuning_equal_tempered_deviation": 0.223406881094,
    "tuning_frequency": 434.193115234,
    "tuning_nontempered_energy_ratio": 0.832557559013,
    "hpcp": {
        "mean": [0.155484348536, 0.162390351295, 0.14342688024, 0.123001463711, 0.121136911213, 0.116608470678, 0.112553656101, 0.113072477281, 0.120108097792, 0.137106016278, 0.142005264759, 0.133724018931, 0.131260693073, 0.137611880898, 0.135552883148, 0.141887739301, 0.163134664297, 0.175427421927, 0.174657151103, 0.141760483384, 0.111670061946, 0.124095760286, 0.135948956013, 0.266323417425, 0.383440047503, 0.227605253458, 0.0873342007399, 0.0906389132142, 0.0940335914493, 0.0984328016639, 0.120552301407, 0.13484890759, 0.121715903282, 0.110928557813, 0.11762278527, 0.136175021529],
        "var": [0.059549562633, 0.0678993910551, 0.0533318296075, 0.0433470644057, 0.0460686273873, 0.0428368896246, 0.0395835489035, 0.0395904369652, 0.0425878092647, 0.0574559494853, 0.0582723394036, 0.0530132763088, 0.0484354905784, 0.0525448322296, 0.0503638386726, 0.0549529083073, 0.0672406852245, 0.076693624258, 0.0810957476497, 0.0581129044294, 0.0395095124841, 0.0477458201349, 0.0553946010768, 0.0692633017898, 0.175841420889, 0.0578901171684, 0.0306514706463, 0.0329647026956, 0.0347187966108, 0.0340186208487, 0.0455029532313, 0.0556067228317, 0.0450411178172, 0.0396094508469, 0.041847538203, 0.0530553869903]
    },
    "chords_histogram": [16.5601024628, 11.9778347015, 7.5021314621, 8.18414306641, 3.85763001442, 1.0230178833, 2.36572885513, 1.55583977699, 0.575447559357, 0.191815853119, 5.30690526962, 1.23614668846, 1.17220807076, 0.618073344231, 0.532821834087, 0, 0.170502990484, 12.404091835, 7.69394731522, 4.13469743729, 8.69565200806, 3.68712711334, 0.0426257476211, 0.51150894165],
    "thpcp": [1, 0.593587577343, 0.227764949203, 0.236383527517, 0.245236754417, 0.256709754467, 0.314396739006, 0.351681858301, 0.317431390285, 0.289298295975, 0.306756645441, 0.355140328407, 0.405498445034, 0.423509091139, 0.374052941799, 0.320784091949, 0.315921396017, 0.304111361504, 0.293536514044, 0.294889599085, 0.31323826313, 0.357568323612, 0.370345413685, 0.34874817729, 0.342323899269, 0.35888761282, 0.35351780057, 0.370038926601, 0.425450265408, 0.45750939846, 0.455500543118, 0.369707047939, 0.291232138872, 0.323637962341, 0.354550749063, 0.694563388824],
    "chords_key": "A#",
    "chords_scale": "major",
    "key_key": "A#",
    "key_scale": "major"
}
}