{
"lowlevel": {
    "average_loudness": 0.790525376797,
    "barkbands_crest": {
        "mean": 11.7725868225,
        "var": 24.8019275665
    },
    "barkbands_flatness_db": {
        "mean": 0.198242276907,
        "var": 0.0102024059743
    },
    "barkbands_kurtosis": {
        "mean": 10.9647340775,
        "var": 1602.66040039
    },
    "barkbands_skewness": {
        "mean": 1.79388284683,
        "var": 4.01333618164
    },
    "barkbands_spread": {
        "mean": 17.8774452209,
        "var": 347.3777771
    },
    "dissonance": {
        "mean": 0.432299435139,
        "var": 0.00395566178486
    },
    "dynamic_complexity": 4.38583469391,
    "erbbands_crest": {
        "mean": 11.3603782654,
        "var": 33.0048217773
    },
    "erbbands_flatness_db": {
        "mean": 0.20614284277,
        "var": 0.00822752527893
    },
    "erbbands_kurtosis": {
        "mean": 3.66239356995,
        "var": 99.5906600952
    },
    "erbbands_skewness": {
        "mean": 0.855412483215,
        "var": 1.79314136505
    },
    "erbbands_spread": {
        "mean": 33.4816741943,
        "var": 666.670593262
    },
    "hfc": {
        "mean": 16.7813568115,
        "var": 748.578308105
    },
    "melbands_crest": {
        "mean": 15.1971521378,
        "var": 32.5044326782
    },
    "melbands_flatness_db": {
        "mean": 0.265891999006,
        "var": 0.0154742915183
    },
    "melbands_kurtosis": {
        "mean": 20.7714824677,
        "var": 2561.02490234
    },
    "melbands_skewness": {
        "mean": 2.59136557579,
        "var": 4.89845705032
    },
    "melbands_spread": {
        "mean": 19.886844635,
        "var": 734.286254883
    },
    "pitch_salience": {
        "mean": 0.533835947514,
        "var": 0.0178260002285
    },
    "silence_rate_20dB": {
        "mean": 1,
        "var": 0
    },
    "silence_rate_30dB": {
        "mean": 0.997104525566,
        "var": 0.00288664945401
    },
    "silence_rate_60dB": {
        "mean": 0.149162054062,
        "var": 0.126908630133
    },
    "spectral_centroid": {
        "mean": 1041.77111816,
        "var": 732861.4375
    },
    "spectral_complexity": {
        "mean": 11.6363954544,
        "var": 88.7500915527
    },
    "spectral_decrease": {
        "mean": -5.63992097469e-009,
        "var": 4.15396967996e-017
    },
    "spectral_energy": {
        "mean": 0.0228084884584,
        "var": 0.000655740499496
    },
    "spectral_energyband_high": {
        "mean": 0.00119878188707,
        "var": 1.07442801891e-005
    },
    "spectral_energyband_low": {
        "mean": 0.00714222248644,
        "var": 0.000289580610115
    },
    "spectral_energyband_middle_high": {
        "mean": 0.00239401194267,
        "var": 2.25499006774e-005
    },
    "spectral_energyband_middle_low": {
        "mean": 0.0121679687873,
        "var": 0.00024494813988
    },
    "spectral_entropy": {
        "mean": 7.07505893707,
        "var": 0.831675410271
    },
    "spectral_flux": {
        "mean": 0.0699044689536,
        "var": 0.00330100208521
    },
    "spectral_kurtosis": {
        "mean": 20.896024704,
        "var": 3417.44067383
    },
    "spectral_rms": {
        "mean": 0.00406495900825,
        "var": 5.72836688661e-006
    },
    "spectral_rolloff": {
        "mean": 1396.50036621,
        "var": 3603382.5
    },
    "spectral_skewness": {
        "mean": 2.44932842255,
        "var": 7.44933271408
    },
    "spectral_spread": {
        "mean": 4315366,
        "var": 4.77083992064e+012
    },
    "spectral_strongpeak": {
        "mean": 0.886691868305,
        "var": 1.52542710304
    },
    "zerocrossingrate": {
        "mean": 0.0526931583881,
        "var": 0.00243445578963
    },
    "barkbands": {
        "mean": [0.000985849881545, 0.00394315598533, 0.00217774836347, 0.00161093904171, 0.00331526319496, 0.00233718845993, 0.00163576891646, 0.00161930499598, 0.00154369417578, 0.000474759901408, 0.000413768633734, 0.0004803580523, 0.000253827223787, 0.000118281430332, 0.000142249336932, 0.000123287987662, 9.42441838561e-005, 0.000121709432278, 0.000128149986267, 0.000211852777284, 0.000240952562308, 0.000304974004393, 0.000238041146076, 0.000159834977239, 9.06007844605e-005, 3.75595227524e-005, 5.13338318342e-006],
        "var": [3.32475542564e-006, 0.000181277180673, 2.60650449491e-005, 1.16144883577e-005, 4.21223121521e-005, 2.97227452393e-005, 1.65831534105e-005, 1.77198817255e-005, 3.24159591401e-005, 3.36260836775e-006, 1.76486719283e-006, 7.10430413164e-006, 5.51263553916e-007, 1.46302454596e-007, 1.48702113734e-007, 1.03377956862e-007, 4.99044041646e-008, 1.71245218894e-007, 8.94617571134e-008, 4.59233348238e-007, 5.62380819247e-007, 9.01780765616e-007, 5.43023588762e-007, 2.58897017602e-007, 7.09452265824e-008, 1.2301147656e-008, 3.27653348897e-010]
    },
    "erbbands": {
        "mean": [0.127589985728, 0.839208364487, 2.35299515724, 4.06874084473, 9.5035610199, 10.7020969391, 15.5106372833, 18.3928833008, 22.4506034851, 25.6638011932, 44.1984634399, 29.0298156738, 13.0435285568, 22.6886825562, 15.6846084595, 16.5258159637, 11.964756012, 7.89696931839, 7.17902755737, 6.4946308136, 6.75846099854, 5.4344496727, 6.8203420639, 5.70472288132, 7.82924938202, 10.1997528076, 9.81642913818, 9.72772789001, 10.0616044998, 9.73881149292, 6.38495445251, 3.89837884903, 2.48896741867, 1.25318551064, 0.531405210495, 0.191915675998, 0.0620567463338, 0.0154309989884, 0.000589361472521, 4.05550417781e-005],
        "var": [0.26971283555, 7.45711612701, 33.6774330139, 55.2342224121, 486.02545166, 458.306213379, 1592.8951416, 1415.62390137, 3349.1652832, 2353.01367188, 18476.1171875, 9101.01464844, 1978.71435547, 5496.00634766, 2902.67749023, 6770.96923828, 1039.64221191, 587.389465332, 348.104553223, 255.629333496, 320.750427246, 164.949249268, 527.487670898, 209.221481323, 353.066345215, 1136.8026123, 862.557312012, 895.898925781, 916.508544922, 993.72467041, 425.47052002, 170.757278442, 64.1611480713, 14.0960035324, 2.33984088898, 0.302182674408, 0.0336213111877, 0.00240513286553, 4.64863069283e-006, 3.66745545044e-009]
    },
    "gfcc": {
        "mean": [-77.3803329468, 111.389556885, -103.787353516, 19.0982723236, -72.0194854736, -1.23514437675, -34.6589660645, -2.52435803413, -22.3543796539, -1.12160384655, -15.590180397, -3.73276400566, -11.0585794449],
        "cov": [[12988.5205078, -4958.48046875, -304.788299561, 1903.08972168, -394.419372559, 992.737609863, -540.635620117, 582.828735352, -455.216918945, 598.018981934, -473.777893066, 437.540130615, -428.41317749], [-4958.48046875, 4216.02832031, 241.968719482, -1282.19836426, 515.860900879, -679.1171875, 459.821289063, -411.416107178, 207.462356567, -438.796295166, 314.170776367, -316.543579102, 308.406463623], [-304.788299561, 241.968719482, 2019.76306152, 118.461212158, 108.430740356, 228.52482605, -4.98587036133, 191.202835083, -37.3007507324, 31.1052761078, -92.8793182373, -42.0593757629, -116.071365356], [1903.08972168, -1282.19836426, 118.461212158, 1122.41418457, -37.208240509, 312.510742188, -51.9450035095, 107.316253662, -28.8140869141, 106.089683533, -83.80052948, 112.135673523, -75.2623748779], [-394.419372559, 515.860900879, 108.430740356, -37.208240509, 461.021179199, 0.724156558514, 72.4144134521, 1.95545995235, -5.04116344452, 20.7173576355, 49.0192718506, 11.1120061874, 42.1926078796], [992.737609863, -679.1171875, 228.52482605, 312.510742188, 0.724156558514, 382.816467285, -8.99112796783, 118.171920776, -28.0306167603, 78.3556289673, -37.5508651733, 63.2363319397, -58.6766967773], [-540.635620117, 459.821289063, -4.98587036133, -51.9450035095, 72.4144134521, -8.99112796783, 255.966217041, 1.85116791725, 72.0218505859, -54.9371337891, 47.4870071411, -2.61641693115, 43.6521720886], [582.828735352, -411.416107178, 191.202835083, 107.316253662, 1.95545995235, 118.171920776, 1.85116791725, 222.457061768, 30.7352104187, 84.4596710205, -54.8520240784, 17.3853664398, -38.6105880737], [-455.216918945, 207.462356567, -37.3007507324, -28.8140869141, -5.04116344452, -28.0306167603, 72.0218505859, 30.7352104187, 159.667816162, 6.61763715744, 28.9186916351, -44.5311775208, 19.5128173828], [598.018981934, -438.796295166, 31.1052761078, 106.089683533, 20.7173576355, 78.3556289673, -54.9371337891, 84.4596710205, 6.61763715744, 164.301391602, -1.09003543854, 47.3880958557, -50.0287284851], [-473.777893066, 314.170776367, -92.8793182373, -83.80052948, 49.0192718506, -37.5508651733, 47.4870071411, -54.8520240784, 28.9186916351, -1.09003543854, 166.687255859, 39.5583877563, 51.4393081665], [437.540130615, -316.543579102, -42.0593757629, 112.135673523, 11.1120061874, 63.2363319397, -2.61641693115, 17.3853664398, -44.5311775208, 47.3880958557, 39.5583877563, 162.607910156, 26.2553749084], [-428.41317749, 308.406463623, -116.071365356, -75.2623748779, 42.1926078796, -58.6766967773, 43.6521720886, -38.6105880737, 19.5128173828, -50.0287284851, 51.4393081665, 26.2553749084, 124.206771851]],
        "icov": [[0.000176008528797, -1.48224053191e-005, 0.000106023850094, -0.000164941739058, 9.41655598581e-005, -0.000162699536304, 8.82444655872e-005, -0.000260945322225, 0.000395721726818, -0.000270361779258, 0.000242669237196, -0.000177352238097, 0.000187970872503], [-1.48224053191e-005, 0.00195366563275, -0.000691469758749, 0.00102640152909, -0.00152239156887, 0.00131643074565, -0.00162661587819, 0.00163909269031, -0.000894685974345, 0.00180395075586, -0.00171969132498, 0.00225349282846, -0.0016030841507], [0.000106023850094, -0.000691469758749, 0.000909049529582, -0.000422181998147, 0.000385375111364, -0.000808416574728, 0.000649657682516, -0.00122160103638, 0.000698878720868, -0.000421509583248, 0.000713408633601, -0.000718100112863, 0.00113220175263], [-0.000164941739058, 0.00102640152909, -0.000422181998147, 0.00195135350805, -0.000878408085555, -4.08396663261e-005, -0.00079090509098, 0.00128633342683, -0.00122319627553, 0.00107068021316, -0.000449954735814, 0.000482484610984, -0.000664896739181], [9.41655598581e-005, -0.00152239156887, 0.000385375111364, -0.000878408085555, 0.00381959555671, -0.00105951225851, 0.000330945185851, -0.00128833402414, 0.00184529274702, -0.00285920314491, 0.000949563051108, -0.0011128319893, 1.83862703125e-005], [-0.000162699536304, 0.00131643074565, -0.000808416574728, -4.08396663261e-005, -0.00105951225851, 0.00530630536377, -0.00161267153453, -9.45454303292e-005, -0.000211788967135, 0.00105994928163, -0.00155375991017, 0.000869815819897, -0.000286235153908], [8.82444655872e-005, -0.00162661587819, 0.000649657682516, -0.00079090509098, 0.000330945185851, -0.00161267153453, 0.0071691875346, -0.00222974061035, -0.00195585028268, 0.00149617402349, 0.000610139686614, -0.00312714301981, 0.00170238944702], [-0.000260945322225, 0.00163909269031, -0.00122160103638, 0.00128633342683, -0.00128833402414, -9.45454303292e-005, -0.00222974061035, 0.0096316607669, -0.00334692792967, -0.0016418864252, 0.00118527852464, 0.00135758856777, -0.00207476085052], [0.000395721726818, -0.000894685974345, 0.000698878720868, -0.00122319627553, 0.00184529274702, -0.000211788967135, -0.00195585028268, -0.00334692792967, 0.0114458752796, -0.00404073158279, -0.000928260502405, 0.0032498803921, -0.00130981393158], [-0.000270361779258, 0.00180395075586, -0.000421509583248, 0.00107068021316, -0.00285920314491, 0.00105994928163, 0.00149617402349, -0.0016418864252, -0.00404073158279, 0.0140886828303, -0.00365848164074, -0.00150007405318, 0.00342063419521], [0.000242669237196, -0.00171969132498, 0.000713408633601, -0.000449954735814, 0.000949563051108, -0.00155375991017, 0.000610139686614, 0.00118527852464, -0.000928260502405, -0.00365848164074, 0.0110792694613, -0.00492195086554, -0.000277230341453], [-0.000177352238097, 0.00225349282846, -0.000718100112863, 0.000482484610984, -0.0011128319893, 0.000869815819897, -0.00312714301981, 0.00135758856777, 0.0032498803921, -0.00150007405318, -0.00492195086554, 0.0135664884001, -0.00622000871226], [0.000187970872503, -0.0016030841507, 0.00113220175263, -0.000664896739181, 1.83862703125e-005, -0.000286235153908, 0.00170238944702, -0.00207476085052, -0.00130981393158, 0.00342063419521, -0.000277230341453, -0.00622000871226, 0.0149635216221]]
    },
    "melbands": {
        "mean": [0.00113302504178, 0.00120842794422, 0.000888725277036, 0.000756118737627, 0.000519592082128, 0.000423690973548, 0.000342988176271, 0.00029839182389, 0.000388344895327, 0.000165971898241, 6.03970838711e-005, 9.05163688003e-005, 5.06571595906e-005, 5.92110081925e-005, 2.72268207482e-005, 2.69925985776e-005, 1.24455882542e-005, 1.07719988591e-005, 1.0324939467e-005, 8.5638876044e-006, 7.35457479095e-006, 5.17991566085e-006, 6.13616475675e-006, 5.9928884184e-006, 4.29268766311e-006, 5.31569230589e-006, 6.20265200268e-006, 6.8723907134e-006, 6.29193255008e-006, 5.96323843638e-006, 5.42988345842e-006, 5.53873223907e-006, 6.04863771514e-006, 5.06239848619e-006, 3.75498279936e-006, 3.01274781123e-006, 2.13842486119e-006, 1.85017063359e-006, 1.28680926537e-006, 9.86180566542e-007],
        "var": [1.62686155818e-005, 9.58185955824e-006, 2.69271595243e-006, 2.48609399023e-006, 1.30381624786e-006, 7.70053588894e-007, 7.3070276585e-007, 3.77907042548e-007, 1.82334281362e-006, 2.79917202306e-007, 4.93003504687e-008, 9.4275314666e-008, 1.97663378998e-008, 1.2458028209e-007, 1.61175801594e-008, 7.0771237759e-009, 1.69285552243e-009, 8.33589919313e-010, 9.67654623096e-010, 4.47849202168e-010, 4.19541318353e-010, 1.509685571e-010, 2.92883856057e-010, 5.1119791733e-010, 1.17210047224e-010, 1.63767208128e-010, 2.81697221105e-010, 6.2767413489e-010, 3.51313450553e-010, 4.17115730844e-010, 2.66669131221e-010, 2.68302990936e-010, 4.13785089526e-010, 2.64558652763e-010, 1.55026588788e-010, 1.30403590703e-010, 4.93406149271e-011, 3.6690799704e-011, 1.53710984913e-011, 9.32368592055e-012]
    },
    "mfcc": {
        "mean": [-719.24798584, 136.849868774, 19.0563163757, 20.2769775391, -11.7393341064, 0.0430409125984, -7.66287851334, -3.70044922829, -4.81708431244, -1.82013702393, -4.22506046295, -1.25225532055, -0.438158929348],
        "cov": [[10899.7216797, -3463.81005859, -850.287231445, 682.282714844, 171.922943115, 494.981170654, 54.1250267029, 130.525848389, 43.9131126404, 38.4442825317, 42.8979454041, 48.3406143188, 63.240562439], [-3463.81005859, 3306.01928711, -19.5608291626, -393.796295166, -70.1036071777, -292.332061768, 89.425163269, -109.0990448, -35.442615509, -90.4713516235, -47.1894264221, -62.2784042358, -55.1955299377], [-850.287231445, -19.5608291626, 1728.3996582, 99.1147079468, 196.112030029, 41.2680854797, 116.242782593, 99.3247833252, 83.9145812988, 47.3181037903, 79.1453552246, 22.1484889984, -59.773891449], [682.282714844, -393.796295166, 99.1147079468, 509.56072998, 113.694496155, 145.700073242, 34.5588684082, 69.3507537842, 38.1767959595, 35.2204437256, 5.60793924332, -25.3212070465, 18.0652980804], [171.922943115, -70.1036071777, 196.112030029, 113.694496155, 357.316894531, 96.0567626953, 94.5926513672, 4.91581630707, 30.3712406158, 41.39610672, 33.9905662537, 26.2105751038, 1.44440162182], [494.981170654, -292.332061768, 41.2680854797, 145.700073242, 96.0567626953, 249.228759766, 76.5168762207, 69.0545883179, 8.83061408997, 5.25709009171, 25.7316436768, 4.37642717361, 17.4213027954], [54.1250267029, 89.425163269, 116.242782593, 34.5588684082, 94.5926513672, 76.5168762207, 174.816345215, 69.5500183105, 23.2677116394, 4.11818218231, 19.3130989075, 14.9744234085, 15.6056499481], [130.525848389, -109.0990448, 99.3247833252, 69.3507537842, 4.91581630707, 69.0545883179, 69.5500183105, 157.530899048, 61.8290863037, 17.2650966644, 9.957280159, 6.08742856979, 17.7196426392], [43.9131126404, -35.442615509, 83.9145812988, 38.1767959595, 30.3712406158, 8.83061408997, 23.2677116394, 61.8290863037, 150.234405518, 62.0738105774, 39.1972694397, 1.6463946104, -4.74033308029], [38.4442825317, -90.4713516235, 47.3181037903, 35.2204437256, 41.39610672, 5.25709009171, 4.11818218231, 17.2650966644, 62.0738105774, 131.030532837, 62.5044326782, 22.2082958221, 2.12506365776], [42.8979454041, -47.1894264221, 79.1453552246, 5.60793924332, 33.9905662537, 25.7316436768, 19.3130989075, 9.957280159, 39.1972694397, 62.5044326782, 131.544784546, 54.0133934021, 5.50972032547], [48.3406143188, -62.2784042358, 22.1484889984, -25.3212070465, 26.2105751038, 4.37642717361, 14.9744234085, 6.08742856979, 1.6463946104, 22.2082958221, 54.0133934021, 98.8044281006, 35.7758522034], [63.240562439, -55.1955299377, -59.773891449, 18.0652980804, 1.44440162182, 17.4213027954, 15.6056499481, 17.7196426392, -4.74033308029, 2.12506365776, 5.50972032547, 35.7758522034, 84.4619903564]],
        "icov": [[0.00015905861801, 0.000160648909514, 0.000103319413029, -9.69116881606e-005, -1.36720591399e-005, -5.0076534535e-005, -0.000172033367562, 5.87986651226e-005, -6.51767550153e-005, 0.000111916699097, -3.9006685256e-005, -4.40848962171e-005, 0.000124493119074], [0.000160648909514, 0.000561819702853, 0.000111229121103, 9.08877118491e-005, -1.84087366506e-005, 0.000422260171035, -0.000726516591385, 0.000269227544777, -0.000108305059257, 0.000330976297846, -0.000176165063749, 0.000319830171065, 0.000158724462381], [0.000103319413029, 0.000111229121103, 0.000760490424, -0.000145712081576, -0.000339937978424, 0.000214121770114, -0.000319807993947, -0.000412646768382, -7.80830450822e-005, 0.000196678418433, -0.000360555684892, -0.000151110376464, 0.000750198261812], [-9.69116881606e-005, 9.08877118491e-005, -0.000145712081576, 0.00282845390029, -0.000665401981678, -0.00101671088487, 0.000561059627216, -0.000670452020131, -4.68425387226e-005, -0.000544558046386, 8.57352279127e-005, 0.00145228521433, -0.000927721906919], [-1.36720591399e-005, -1.84087366506e-005, -0.000339937978424, -0.000665401981678, 0.0042728963308, -0.00117537146434, -0.00219507422298, 0.00220926152542, -0.000749883241951, -0.00101332482882, 0.000743581389543, -0.0013357748976, 0.000512100406922], [-5.0076534535e-005, 0.000422260171035, 0.000214121770114, -0.00101671088487, -0.00117537146434, 0.00685768062249, -0.00175372022204, -0.00204290519468, 0.00125081127044, 0.00103488005698, -0.00193040084559, 0.00130792276468, -0.000343239837093], [-0.000172033367562, -0.000726516591385, -0.000319807993947, 0.000561059627216, -0.00219507422298, -0.00175372022204, 0.00990594644099, -0.00400843424723, 0.00044353393605, 0.000608664355241, -0.000586408597883, -0.000152694861754, -0.00116985314526], [5.87986651226e-005, 0.000269227544777, -0.000412646768382, -0.000670452020131, 0.00220926152542, -0.00204290519468, -0.00400843424723, 0.0114487316459, -0.0044233254157, -2.20486817852e-005, 0.001655559754, -0.000898550497368, -0.00126947683748], [-6.51767550153e-005, -0.000108305059257, -7.80830450822e-005, -4.68425387226e-005, -0.000749883241951, 0.00125081127044, 0.00044353393605, -0.0044233254157, 0.0105441845953, -0.00365326437168, -0.00192082684953, 0.00180397194345, 0.000578534672968], [0.000111916699097, 0.000330976297846, 0.000196678418433, -0.000544558046386, -0.00101332482882, 0.00103488005698, 0.000608664355241, -2.20486817852e-005, -0.00365326437168, 0.0121524976566, -0.00475637055933, 8.7337619334e-005, -0.000153317145305], [-3.9006685256e-005, -0.000176165063749, -0.000360555684892, 8.57352279127e-005, 0.000743581389543, -0.00193040084559, -0.000586408597883, 0.001655559754, -0.00192082684953, -0.00475637055933, 0.013597461395, -0.00714867515489, 0.00193990254775], [-4.40848962171e-005, 0.000319830171065, -0.000151110376464, 0.00145228521433, -0.0013357748976, 0.00130792276468, -0.000152694861754, -0.000898550497368, 0.00180397194345, 8.7337619334e-005, -0.00714867515489, 0.0175439305604, -0.00707152113318], [0.000124493119074, 0.000158724462381, 0.000750198261812, -0.000927721906919, 0.000512100406922, -0.000343239837093, -0.00116985314526, -0.00126947683748, 0.000578534672968, -0.000153317145305, 0.00193990254775, -0.00707152113318, 0.0160291083157]]
    },
    "spectral_contrast_coeffs": {
        "mean": [-0.587355434895, -0.697583794594, -0.759147644043, -0.797160089016, -0.816146731377, -0.759107232094],
        "var": [0.00917699374259, 0.00855103228241, 0.00610174052417, 0.00302248308435, 0.00178196572233, 0.0037794301752]
    },
    "spectral_contrast_valleys": {
        "mean": [-8.19960689545, -7.02858018875, -8.00354480743, -8.64214992523, -8.555975914, -11.1989116669],
        "var": [1.66747450829, 0.842134058475, 1.07604682446, 1.7151620388, 2.48791313171, 3.50572633743]
    }
},
"metadata": {
    "audio_properties": {
        "analysis_sample_rate": 44100,
        "bit_rate": 128000,
        "equal_loudness": 0,
        "length": 264.594299316,
        "lossless": 0,
        "replay_gain": -10.9657306671,
        "sample_rate": 44100,
        "codec": "mp3",
        "downmix": "mix",
        "md5_encoded": "55f500ae6f963012eebbc681d6af2921"
    },
    "tags": {
        "file_name": "2042.mp3",
        "album": ["Underscore"],
        "artist": ["Ogg Vorbis"],
        "encoding": ["LAME 64bits version 3.99.5 (http:\/\/lame.sf.net)"],
        "length": ["264566"],
        "title": ["Classical Delay"],
        "tracknumber": ["04"]
    },
    "version": {
        "essentia": "2.1-beta2",
        "essentia_git_sha": "v2.1_beta2",
        "extractor": "music 1.0"
    }
},
"rhythm": {
    "beats_count": 607,
    "beats_loudness": {
        "mean": 0.031174633652,
        "var": 0.000784982286859
    },
    "bpm": 148.502105713,
    "bpm_histogram_first_peak_bpm": {
        "mean": 148,
        "var": 0
    },
    "bpm_histogram_first_peak_spread": {
        "mean": 0.433734983206,
        "var": 0
    },
    "bpm_histogram_first_peak_weight": {
        "mean": 0.387788772583,
        "var": 0
    },
    "bpm_histogram_second_peak_bpm": {
        "mean": 112,
        "var": 0
    },
    "bpm_histogram_second_peak_spread": {
        "mean": 0.222222268581,
        "var": 0
    },
    "bpm_histogram_second_peak_weight": {
        "mean": 0.15016502142,
        "var": 0
    },
    "danceability": 1.14863836765,
    "onset_rate": 5.41920185089,
    "beats_loudness_band_ratio": {
        "mean": [0.34833586216, 0.265246063471, 0.234115481377, 0.0924137458205, 0.0385744310915, 0.0795428454876],
        "var": [0.0705226883292, 0.0417963042855, 0.054385509342, 0.0171368978918, 0.00339032011107, 0.0201426390558]
    },
    "beats_position": [0.568888902664, 1.14938771725, 1.72988653183, 2.32199549675, 2.90249419212, 3.47138309479, 4.04027223587, 4.57433080673, 5.10838985443, 5.64244890213, 6.06040811539, 6.47836732864, 6.8963265419, 7.31428575516, 7.74385452271, 8.17342376709, 8.6146030426, 9.03256225586, 9.43891143799, 9.84526062012, 10.2399997711, 10.6463489532, 11.0526981354, 11.4474372864, 11.8421764374, 12.2485256195, 12.6548748016, 13.0496139526, 13.4443531036, 13.8507022858, 14.2570514679, 14.66340065, 15.0697498322, 15.4760990143, 15.8824491501, 16.2887973785, 16.6951465607, 17.1014957428, 17.5078449249, 17.9025840759, 18.2973232269, 18.6920623779, 19.0868015289, 19.4815406799, 19.8878898621, 20.2942390442, 20.7005901337, 21.1069393158, 21.5132884979, 21.9312477112, 22.3492050171, 22.7787742615, 23.2083435059, 23.6263027191, 24.0326519012, 24.4273910522, 24.8337402344, 25.2400894165, 25.6464385986, 26.0527877808, 26.4591369629, 26.865486145, 27.2602272034, 27.6549663544, 28.0613155365, 28.4676647186, 28.8740139008, 29.2803630829, 29.6751022339, 30.081451416, 30.4878005981, 30.9057598114, 31.3237190247, 31.7416782379, 32.1828575134, 32.6008148193, 33.0071640015, 33.4135131836, 33.8198623657, 34.2262115479, 34.6209526062, 35.0156898499, 35.422039032, 35.8283882141, 36.2231292725, 36.6294784546, 37.0358276367, 37.4421768188, 37.848526001, 38.2432632446, 38.638004303, 39.0443534851, 39.4507026672, 39.8454399109, 40.2401809692, 40.6465301514, 41.0528793335, 41.4476165771, 41.8539657593, 42.2603149414, 42.6550559998, 43.0614051819, 43.467754364, 43.8741035461, 44.2920608521, 44.7216300964, 45.1628112793, 45.6039886475, 46.0103378296, 46.4166870117, 46.8462562561, 47.287437439, 47.7402267456, 48.1465759277, 48.5529251099, 48.9476623535, 49.3540115356, 49.7603607178, 50.1551017761, 50.5614509583, 50.9678001404, 51.362537384, 51.7572784424, 52.152015686, 52.5583648682, 52.9647140503, 53.3594551086, 53.7541923523, 54.1605415344, 54.5668907166, 54.9732398987, 55.3795890808, 55.7743301392, 56.1922874451, 56.6102485657, 57.0398178101, 57.4693870544, 57.9105644226, 58.3285255432, 58.7348747253, 59.1412239075, 59.5359611511, 59.9307022095, 60.3254394531, 60.7317886353, 61.1381378174, 61.5328788757, 61.9276161194, 62.3223571777, 62.7287063599, 63.1234474182, 63.5297966003, 63.9361457825, 64.3424911499, 64.7604522705, 65.1784133911, 65.6079788208, 66.0375518799, 66.478729248, 66.8966903687, 67.3030395508, 67.7093887329, 68.1041259766, 68.4988632202, 68.8936004639, 69.299949646, 69.7062988281, 70.1010437012, 70.5073928833, 70.9137420654, 71.3200912476, 71.8541488647, 72.3998184204, 72.9338760376, 73.4679336548, 74.001991272, 74.5360565186, 75.0701141357, 75.6041717529, 76.1382293701, 76.6722869873, 77.2063446045, 77.7520141602, 78.2860794067, 78.831741333, 79.3658065796, 79.8998641968, 80.433921814, 80.9679794312, 81.5020370483, 82.0360946655, 82.5701599121, 83.1042175293, 83.6382751465, 84.1723327637, 84.7063903809, 85.2404556274, 85.7745132446, 86.3201828003, 86.8542404175, 87.3999099731, 87.9339675903, 88.4680252075, 89.0020828247, 89.5361404419, 90.0702056885, 90.6042633057, 91.1383209229, 91.67237854, 92.2064361572, 92.7404937744, 93.274559021, 93.8202285767, 94.3542861938, 94.8999557495, 95.4340133667, 95.9680709839, 96.5021286011, 97.0361862183, 97.5702438354, 98.104309082, 98.6383666992, 99.1724243164, 99.7064819336, 100.240539551, 100.786209106, 101.331878662, 101.85433197, 102.400001526, 102.934059143, 103.46811676, 104.002174377, 104.536231995, 105.08190155, 105.511474609, 105.941040039, 106.370613098, 106.800178528, 107.20652771, 107.612876892, 108.019226074, 108.413963318, 108.808708191, 109.203445435, 109.598182678, 110.016143799, 110.434104919, 110.852058411, 111.270019531, 111.687980652, 112.105941772, 112.535507202, 112.953468323, 113.371429443, 113.789382935, 114.207344055, 114.613693237, 115.020042419, 115.426391602, 115.844352722, 116.262313843, 116.680267334, 117.098228455, 117.516189575, 117.922538757, 118.328887939, 118.723625183, 119.129974365, 119.536323547, 119.942672729, 120.337409973, 120.732154846, 121.138504028, 121.54485321, 121.939590454, 122.345939636, 122.752288818, 123.158638, 123.553375244, 123.959724426, 124.366073608, 124.772422791, 125.190383911, 125.619949341, 126.0495224, 126.47908783, 126.89704895, 127.291786194, 127.686531067, 128.081268311, 128.476013184, 128.835922241, 129.195831299, 129.706665039, 130.240722656, 130.786392212, 131.332061768, 131.866119385, 132.400177002, 132.934234619, 133.468292236, 134.002349854, 134.536407471, 135.070480347, 135.604537964, 136.138595581, 136.672653198, 137.206710815, 137.752380371, 138.27482605, 138.820495605, 139.354553223, 139.900222778, 140.434280396, 140.968338013, 141.50239563, 142.036453247, 142.570526123, 143.10458374, 143.638641357, 144.172698975, 144.706756592, 145.252426147, 145.798095703, 146.33215332, 146.854598999, 147.400268555, 147.934326172, 148.468383789, 149.002441406, 149.536499023, 150.070556641, 150.604629517, 151.138687134, 151.672744751, 152.206802368, 152.752471924, 153.286529541, 153.832199097, 154.366256714, 154.900314331, 155.42276001, 155.968429565, 156.502487183, 157.0365448, 157.512557983, 157.953735352, 158.360092163, 158.766433716, 159.172790527, 159.57913208, 159.985488892, 160.380218506, 160.774963379, 161.181304932, 161.587661743, 161.994003296, 162.400360107, 162.79510498, 163.189834595, 163.584579468, 163.979324341, 164.385665894, 164.792022705, 165.186752319, 165.593109131, 165.999450684, 166.405807495, 166.800537109, 167.206893921, 167.624847412, 168.042816162, 168.472381592, 168.91355896, 169.34312439, 169.749481201, 170.155822754, 170.562179565, 170.968521118, 171.363265991, 171.757995605, 172.152740479, 172.55909729, 172.965438843, 173.360183716, 173.75491333, 174.161270142, 174.567611694, 174.973968506, 175.36869812, 175.763442993, 176.169799805, 176.576141357, 176.982498169, 177.377227783, 177.783584595, 178.189926147, 178.584671021, 178.991012573, 179.397369385, 179.792098999, 180.198455811, 180.604797363, 181.011154175, 181.417495728, 181.812240601, 182.206985474, 182.613327026, 183.019683838, 183.414413452, 183.820770264, 184.227111816, 184.621856689, 185.016601563, 185.422943115, 185.829299927, 186.224029541, 186.630386353, 187.036727905, 187.431472778, 187.837814331, 188.244171143, 188.638900757, 189.045257568, 189.451599121, 189.846343994, 190.252700806, 190.659042358, 191.053787231, 191.448516846, 191.854873657, 192.26121521, 192.655960083, 193.062316895, 193.468658447, 193.875015259, 194.29296875, 194.72253418, 195.163711548, 195.593276978, 195.999633789, 196.405975342, 196.812332153, 197.218673706, 197.625030518, 198.019775391, 198.414505005, 198.820861816, 199.227203369, 199.621948242, 200.016693115, 200.423034668, 200.829391479, 201.224121094, 201.630477905, 202.036819458, 202.431564331, 202.837905884, 203.244262695, 203.63899231, 204.045349121, 204.451690674, 204.846435547, 205.24118042, 205.647521973, 206.053878784, 206.448608398, 206.85496521, 207.261306763, 207.656051636, 208.062393188, 208.46875, 208.863494873, 209.258224487, 209.664581299, 210.070922852, 210.465667725, 210.872009277, 211.278366089, 211.673095703, 212.067840576, 212.474197388, 212.88053894, 213.275283813, 213.670013428, 214.076370239, 214.482711792, 214.877456665, 215.272201538, 215.678543091, 216.084899902, 216.491241455, 216.897598267, 217.303939819, 217.710296631, 218.105026245, 218.499771118, 218.906112671, 219.312469482, 219.707214355, 220.10194397, 220.508300781, 220.903030396, 221.309387207, 221.704116821, 222.110473633, 222.516815186, 222.911560059, 223.31791687, 223.724258423, 224.119003296, 224.525344849, 224.93170166, 225.326431274, 225.732788086, 226.139129639, 226.533874512, 226.940216064, 227.334960938, 227.741317749, 228.136047363, 228.542404175, 228.948745728, 229.355102539, 229.761444092, 230.167800903, 230.597366333, 231.038543701, 231.479721069, 231.897689819, 232.304031372, 232.710388184, 233.139953613, 233.569519043, 233.999084473, 234.428665161, 234.835006714, 235.241363525, 235.647705078, 236.05406189, 236.448791504, 236.843536377, 237.238265991, 237.644622803, 238.050964355, 238.445709229, 238.85206604, 239.258407593, 239.653152466, 240.059494019, 240.46585083, 240.872192383, 241.266937256, 241.673278809, 242.068023682, 242.462768555, 242.869110107, 243.275466919, 243.681808472, 244.088165283, 244.482894897, 244.889251709, 245.283981323, 245.690338135, 246.085067749, 246.491424561, 246.897766113, 247.315734863, 247.745300293, 248.186477661, 248.616043091, 249.034011841, 249.440353394, 249.846710205, 250.241439819, 250.647796631, 251.054138184, 251.483718872, 251.913284302, 252.331237793, 252.749206543, 253.167160034, 253.585113525, 254.003082275, 254.432647705, 254.862213135, 255.291793823, 255.709747314, 256.127716064, 256.545654297, 256.963623047, 257.393188477, 257.822753906, 258.252319336, 258.681884766, 259.111480713, 259.541046143, 259.970611572, 260.411773682, 260.852966309, 261.294158936, 261.735321045, 262.176513672, 262.617675781, 263.058868408, 263.500030518, 263.941223145]
},
"tonal": {
    "chords_changes_rate": 0.0508861206472,
    "chords_number_rate": 0.00245657144114,
    "chords_strength": {
        "mean": 0.543571054935,
        "var": 0.0130188278854
    },
    "hpcp_entropy": {
        "mean": 1.84969353676,
        "var": 0.681424856186
    },
    "key_strength": 0.605870068073,
    "tuning_diatonic_strength": 0.349604994059,
    "tuning_equal_tempered_deviation": 0.0303459931165,
    "tuning_frequency": 440,
    "tuning_nontempered_energy_ratio": 0.720960378647,
    "hpcp": {
        "mean": [0.25978076458, 0.177360728383, 0.118847094476, 0.185076698661, 0.174262940884, 0.117186844349, 0.124191038311, 0.103219456971, 0.122271977365, 0.167387887836, 0.112062871456, 0.093953281641, 0.150874227285, 0.123922757804, 0.0900101810694, 0.118940770626, 0.102547541261, 0.102167293429, 0.135709762573, 0.0980781912804, 0.0884732753038, 0.125816866755, 0.108814150095, 0.147255241871, 0.224969938397, 0.177511304617, 0.115547947586, 0.123237028718, 0.106145076454, 0.0951129198074, 0.0933049991727, 0.0650017783046, 0.0718976557255, 0.113046556711, 0.130667924881, 0.196103423834],
        "var": [0.12240499258, 0.0673436895013, 0.0353841930628, 0.0865780636668, 0.080427005887, 0.0381888002157, 0.0605893991888, 0.0378718264401, 0.0377683974802, 0.0734835118055, 0.0349940545857, 0.0256659090519, 0.07375395298, 0.051425460726, 0.0271177813411, 0.054406195879, 0.0409216359258, 0.029892347753, 0.0701388120651, 0.0363569296896, 0.0276184529066, 0.0554189197719, 0.0351574718952, 0.0493794977665, 0.105405539274, 0.0704879239202, 0.0427832603455, 0.0604372508824, 0.0440857671201, 0.0382130332291, 0.0407401546836, 0.0215686149895, 0.0233852602541, 0.0509646013379, 0.0522741600871, 0.0720541998744]
    },
    "chords_histogram": [16.809967041, 1.50903666019, 4.61484479904, 1.80733466148, 0.438673436642, 0.245657131076, 0.649236679077, 4.40428161621, 9.63326931, 13.9498157501, 13.5813302994, 0.982628524303, 1.89506936073, 0.649236679077, 3.4216530323, 0.859799981117, 0.736971378326, 1.77224075794, 0.947534680367, 0.824706077576, 1.36866116524, 0, 8.19441986084, 10.7036323547],
    "thpcp": [1, 0.682732343674, 0.457489967346, 0.71243417263, 0.670807719231, 0.451099008322, 0.47806096077, 0.397332936525, 0.470673710108, 0.644342899323, 0.431374788284, 0.361663728952, 0.580775201321, 0.477028220892, 0.346485167742, 0.457850575447, 0.394746482372, 0.393282741308, 0.522401094437, 0.377542167902, 0.340568989515, 0.484319418669, 0.418869167566, 0.566844284534, 0.865999221802, 0.68331193924, 0.444790244102, 0.474388569593, 0.408594816923, 0.366127640009, 0.359168231487, 0.250217825174, 0.27676281333, 0.43516138196, 0.502993047237, 0.754880487919],
    "chords_key": "A#",
    "chords_scale": "minor",
    "key_key": "A#",
    "key_scale": "minor"
}
}