{
"lowlevel": {
    "average_loudness": 0.892834067345,
    "barkbands_crest": {
        "mean": 13.6480789185,
        "var": 19.409236908
    },
    "barkbands_flatness_db": {
        "mean": 0.227182209492,
        "var": 0.0053028985858
    },
    "barkbands_kurtosis": {
        "mean": 20.2112731934,
        "var": 470.003448486
    },
    "barkbands_skewness": {
        "mean": 3.37755393982,
        "var": 2.14650464058
    },
    "barkbands_spread": {
        "mean": 7.8975481987,
        "var": 34.8720741272
    },
    "dissonance": {
        "mean": 0.452671378851,
        "var": 0.00118198513519
    },
    "dynamic_complexity": 2.2774169445,
    "erbbands_crest": {
        "mean": 11.6443414688,
        "var": 23.7640552521
    },
    "erbbands_flatness_db": {
        "mean": 0.213926360011,
        "var": 0.00409866124392
    },
    "erbbands_kurtosis": {
        "mean": 3.66279864311,
        "var": 73.8699493408
    },
    "erbbands_skewness": {
        "mean": 1.57416749001,
        "var": 1.44040071964
    },
    "erbbands_spread": {
        "mean": 34.8259086609,
        "var": 295.410491943
    },
    "hfc": {
        "mean": 10.8465595245,
        "var": 71.2577209473
    },
    "melbands_crest": {
        "mean": 15.7928504944,
        "var": 21.1944046021
    },
    "melbands_flatness_db": {
        "mean": 0.297601610422,
        "var": 0.00671916687861
    },
    "melbands_kurtosis": {
        "mean": 37.0209159851,
        "var": 1116.9296875
    },
    "melbands_skewness": {
        "mean": 4.22914409637,
        "var": 3.10329842567
    },
    "melbands_spread": {
        "mean": 7.08789205551,
        "var": 29.7134475708
    },
    "pitch_salience": {
        "mean": 0.590035498142,
        "var": 0.0133087206632
    },
    "silence_rate_20dB": {
        "mean": 1,
        "var": 0
    },
    "silence_rate_30dB": {
        "mean": 0.996925711632,
        "var": 0.0030645141378
    },
    "silence_rate_60dB": {
        "mean": 0.015542271547,
        "var": 0.0153017351404
    },
    "spectral_centroid": {
        "mean": 588.052062988,
        "var": 82216.5234375
    },
    "spectral_complexity": {
        "mean": 12.9230575562,
        "var": 53.3633575439
    },
    "spectral_decrease": {
        "mean": -6.96527724386e-009,
        "var": 2.30074579835e-017
    },
    "spectral_energy": {
        "mean": 0.0272724814713,
        "var": 0.000351322087226
    },
    "spectral_energyband_high": {
        "mean": 0.000191846251255,
        "var": 1.58786718885e-007
    },
    "spectral_energyband_low": {
        "mean": 0.00354773690924,
        "var": 3.00136816804e-005
    },
    "spectral_energyband_middle_high": {
        "mean": 0.00143469672184,
        "var": 2.57440092355e-006
    },
    "spectral_energyband_middle_low": {
        "mean": 0.0231153499335,
        "var": 0.000268214644166
    },
    "spectral_entropy": {
        "mean": 6.77315044403,
        "var": 0.463186979294
    },
    "spectral_flux": {
        "mean": 0.0680296644568,
        "var": 0.00152087514289
    },
    "spectral_kurtosis": {
        "mean": 10.5714178085,
        "var": 143.521194458
    },
    "spectral_rms": {
        "mean": 0.00488012935966,
        "var": 2.79158234662e-006
    },
    "spectral_rolloff": {
        "mean": 471.880004883,
        "var": 154493.46875
    },
    "spectral_skewness": {
        "mean": 2.16330885887,
        "var": 1.03672230244
    },
    "spectral_spread": {
        "mean": 3515281.75,
        "var": 2.00118750413e+012
    },
    "spectral_strongpeak": {
        "mean": 0.844881534576,
        "var": 0.315027147532
    },
    "zerocrossingrate": {
        "mean": 0.0292631406337,
        "var": 0.000227410942898
    },
    "barkbands": {
        "mean": [5.80350797463e-006, 0.000885390560143, 0.0016634442145, 0.00253395037726, 0.0113141722977, 0.00662855431437, 0.00155112775974, 0.000470306287752, 0.000545349204913, 0.000210676182178, 0.000172535408637, 9.58874225034e-005, 7.65631775721e-005, 8.69957439136e-005, 0.000221506314119, 0.000128898071125, 0.000258407148067, 0.000111693901999, 7.37149093766e-005, 7.82814240665e-005, 5.16589498147e-005, 4.00842473027e-005, 2.78716579487e-005, 2.48548876698e-005, 1.00398656286e-005, 4.4351336328e-006, 2.31283721064e-007],
        "var": [2.43986775228e-010, 3.50003438143e-006, 8.21899993753e-006, 1.34871215778e-005, 0.0001344463235, 6.16600154899e-005, 5.83130531595e-006, 6.83170469529e-007, 7.36355616482e-007, 1.82293732109e-007, 1.62560382932e-007, 2.5970759765e-008, 1.80811046135e-008, 2.08536992119e-008, 9.37894952813e-008, 2.82815175723e-008, 1.01576972611e-007, 2.24382006309e-008, 1.380476089e-008, 1.1962601576e-008, 1.05151620744e-008, 1.16538387829e-008, 1.00185193475e-008, 2.94023783098e-009, 5.06823860658e-010, 8.12690331697e-011, 3.84407295492e-013]
    },
    "erbbands": {
        "mean": [0.0111960619688, 0.266143977642, 1.65705907345, 5.41427612305, 18.4304332733, 44.5683097839, 63.2282867432, 42.6557502747, 21.6183681488, 19.9067935944, 9.72553539276, 10.9462795258, 10.6407527924, 6.66436624527, 6.07544279099, 3.80961155891, 3.7744011879, 3.96504330635, 7.91168212891, 12.0915603638, 6.97362089157, 15.8658628464, 7.69287586212, 3.76457691193, 4.2543129921, 3.49675321579, 2.45383763313, 1.68897974491, 1.50416707993, 1.06106185913, 0.780092358589, 0.566390931606, 0.385190069675, 0.140156641603, 0.0661122873425, 0.0249075591564, 0.00665133306757, 0.0011511517223, 4.04976271966e-005, 3.16733421641e-005],
        "var": [0.000855817226693, 0.271056443453, 7.21441268921, 56.4468917847, 620.330078125, 2623.453125, 4263.87109375, 2780.85986328, 1317.81591797, 1244.64990234, 252.042617798, 271.045837402, 414.030822754, 172.139587402, 167.075820923, 36.6708106995, 34.262802124, 42.6783638, 124.471832275, 250.878204346, 80.0996017456, 397.598236084, 84.7926177979, 35.2521362305, 38.7824325562, 24.8255596161, 23.4938278198, 11.967502594, 20.2822990417, 8.24713039398, 8.68370342255, 2.10498023033, 0.61413693428, 0.0905809700489, 0.0208556875587, 0.0027076038532, 0.000189196347492, 6.79309596308e-006, 4.27141744197e-009, 4.72954397868e-010]
    },
    "gfcc": {
        "mean": [-59.6718559265, 139.81237793, -112.101516724, 36.2503890991, -57.3065376282, -21.5591888428, -53.3142929077, -9.95325279236, -23.4608402252, -12.0195732117, -16.5407714844, -5.76533460617, -0.814595341682],
        "cov": [[5449.52294922, -2263.51953125, -72.935836792, 202.056137085, -793.327209473, 875.328063965, -238.856323242, 406.787902832, -373.170928955, 275.868621826, -341.331512451, 198.500808716, -328.15045166], [-2263.51953125, 1881.53674316, -469.875610352, -82.2459945679, 699.65802002, -690.458190918, 270.859191895, -283.943389893, 315.229980469, -221.198303223, 257.453186035, -220.210327148, 221.938110352], [-72.935836792, -469.875610352, 775.079772949, 45.9143486023, -167.809799194, 256.213745117, -127.014862061, 83.5640258789, -112.54876709, 61.320892334, -65.2363967896, 91.2080688477, -67.5806808472], [202.056137085, -82.2459945679, 45.9143486023, 244.819076538, 49.7720222473, 65.9472122192, 39.2844734192, 16.2200584412, -11.6263065338, -21.369184494, -14.9635772705, -22.6235294342, -14.3027162552], [-793.327209473, 699.65802002, -167.809799194, 49.7720222473, 451.822753906, -277.809173584, 93.8363037109, -73.8289642334, 85.2276306152, -101.336174011, 61.2512702942, -88.6898422241, 73.6720199585], [875.328063965, -690.458190918, 256.213745117, 65.9472122192, -277.809173584, 428.570770264, -50.7934455872, 141.696655273, -103.685676575, 90.2188034058, -87.286781311, 74.4085006714, -91.5768432617], [-238.856323242, 270.859191895, -127.014862061, 39.2844734192, 93.8363037109, -50.7934455872, 145.716644287, -13.5617341995, 48.2200508118, -29.761756897, 25.7340831757, -44.8285560608, 34.5630836487], [406.787902832, -283.943389893, 83.5640258789, 16.2200584412, -73.8289642334, 141.696655273, -13.5617341995, 145.035415649, -34.145324707, 41.7218093872, -51.3160820007, 33.35414505, -37.7317810059], [-373.170928955, 315.229980469, -112.54876709, -11.6263065338, 85.2276306152, -103.685676575, 48.2200508118, -34.145324707, 115.301971436, -8.12358188629, 62.9254722595, -31.5698204041, 40.1305770874], [275.868621826, -221.198303223, 61.320892334, -21.369184494, -101.336174011, 90.2188034058, -29.761756897, 41.7218093872, -8.12358188629, 105.383102417, -0.132683292031, 33.6613388062, -38.1417045593], [-341.331512451, 257.453186035, -65.2363967896, -14.9635772705, 61.2512702942, -87.286781311, 25.7340831757, -51.3160820007, 62.9254722595, -0.132683292031, 100.629737854, -13.0270996094, 33.5230331421], [198.500808716, -220.210327148, 91.2080688477, -22.6235294342, -88.6898422241, 74.4085006714, -44.8285560608, 33.35414505, -31.5698204041, 33.6613388062, -13.0270996094, 84.3847503662, 0.298803240061], [-328.15045166, 221.938110352, -67.5806808472, -14.3027162552, 73.6720199585, -91.5768432617, 34.5630836487, -37.7317810059, 40.1305770874, -38.1417045593, 33.5230331421, 0.298803240061, 98.2384490967]],
        "icov": [[0.00057692284463, -1.1636067029e-005, 0.000788524455857, -0.000629800080787, 0.000344946456607, -0.000454835186247, 0.000617923738901, -0.000509897770826, 0.000846663722768, -0.000629922782537, 0.000624188920483, -0.000452596548712, 0.000506179232616], [-1.1636067029e-005, 0.0111063728109, -0.0021063988097, 0.00606536539271, -0.0074974684976, 0.00314813759178, -0.00828578416258, 0.00443080533296, -0.010301082395, 0.00767734181136, -0.00902488920838, 0.00780288781971, -0.00227717845701], [0.000788524455857, -0.0021063988097, 0.00338026392274, -0.00230457470752, 0.0015438569244, -0.00211313599721, 0.00358007149771, -0.00144959636964, 0.00371994404122, -0.00237183109857, 0.00237335870042, -0.00296240765601, 0.00119718851056], [-0.000629800080787, 0.00606536539271, -0.00230457470752, 0.0093280673027, -0.00575587060302, 0.000215450578253, -0.00638368772343, 0.00336192408577, -0.00637459289283, 0.00603395001963, -0.00561576429754, 0.00568708544597, -0.00113341934048], [0.000344946456607, -0.0074974684976, 0.0015438569244, -0.00575587060302, 0.0103074125946, 0.000666743377224, 0.00493608415127, -0.00485255289823, 0.00721944030374, -0.00385618908331, 0.00565267819911, -0.00369560765103, 0.00124161900021], [-0.000454835186247, 0.00314813759178, -0.00211313599721, 0.000215450578253, 0.000666743377224, 0.00873156730086, -0.00444667274132, -0.00181639078073, -0.00183340185322, 0.00129373045638, -0.00239776517265, 0.00141025695484, 0.000517637643497], [0.000617923738901, -0.00828578416258, 0.00358007149771, -0.00638368772343, 0.00493608415127, -0.00444667274132, 0.0179083589464, -0.00490224314854, 0.0066188252531, -0.00596606079489, 0.00662000896409, -0.00221538590267, -0.000986304832622], [-0.000509897770826, 0.00443080533296, -0.00144959636964, 0.00336192408577, -0.00485255289823, -0.00181639078073, -0.00490224314854, 0.0145405633375, -0.00676281983033, 0.00122502190061, 0.00084081775276, 0.000491239828989, -1.57275590027e-005], [0.000846663722768, -0.010301082395, 0.00371994404122, -0.00637459289283, 0.00721944030374, -0.00183340185322, 0.0066188252531, -0.00676281983033, 0.0283465869725, -0.0110373403877, 0.00154365121853, -0.00396084040403, -0.000697915966157], [-0.000629922782537, 0.00767734181136, -0.00237183109857, 0.00603395001963, -0.00385618908331, 0.00129373045638, -0.00596606079489, 0.00122502190061, -0.0110373403877, 0.0225848779082, -0.0107358749956, 0.00204270565882, 0.00340043846518], [0.000624188920483, -0.00902488920838, 0.00237335870042, -0.00561576429754, 0.00565267819911, -0.00239776517265, 0.00662000896409, 0.00084081775276, 0.00154365121853, -0.0107358749956, 0.0266153886914, -0.00888514518738, 0.000954360992182], [-0.000452596548712, 0.00780288781971, -0.00296240765601, 0.00568708544597, -0.00369560765103, 0.00141025695484, -0.00221538590267, 0.000491239828989, -0.00396084040403, 0.00204270565882, -0.00888514518738, 0.0278723072261, -0.00993736367673], [0.000506179232616, -0.00227717845701, 0.00119718851056, -0.00113341934048, 0.00124161900021, 0.000517637643497, -0.000986304832622, -1.57275590027e-005, -0.000697915966157, 0.00340043846518, 0.000954360992182, -0.00993736367673, 0.0188755150884]]
    },
    "melbands": {
        "mean": [0.000170749903191, 0.000695656577591, 0.00125379371457, 0.00228026602417, 0.00224675470963, 0.00102881365456, 0.000310474075377, 0.000191243379959, 7.1946386015e-005, 7.19621384633e-005, 5.19865570823e-005, 2.61802742898e-005, 2.40183744609e-005, 1.01770174297e-005, 9.95281425276e-006, 7.61981118558e-006, 7.07116532794e-006, 1.11986146294e-005, 1.78434838745e-005, 1.15478642329e-005, 6.95722746968e-006, 1.70281182363e-005, 1.14743588711e-005, 4.2004730858e-006, 2.84741463474e-006, 2.76096443486e-006, 3.33546881848e-006, 2.07670018426e-006, 1.62375397394e-006, 1.2151097053e-006, 8.67306539476e-007, 8.37737445636e-007, 7.73566057433e-007, 5.23248615991e-007, 4.79186837765e-007, 3.78329104933e-007, 3.22661549035e-007, 3.00657461594e-007, 1.66803118873e-007, 1.04414532132e-007],
        "var": [1.53387688329e-007, 1.30510807139e-006, 2.77775370705e-006, 7.56842837291e-006, 4.35673109678e-006, 1.53811765813e-006, 2.52256910471e-007, 1.12061506741e-007, 1.31432935646e-008, 1.23690222509e-008, 1.02604582608e-008, 2.8205755509e-009, 3.0964624198e-009, 3.66430302767e-010, 1.96750657433e-010, 2.1960751273e-010, 1.46972087278e-010, 2.92415841541e-010, 6.95206670009e-010, 2.22790633164e-010, 1.0763654551e-010, 4.97965890744e-010, 2.17671172753e-010, 3.40302890034e-011, 2.38895726118e-011, 2.10266526413e-011, 2.21286582808e-011, 9.83674686844e-012, 1.21373284687e-011, 5.07617645834e-012, 3.91507963202e-012, 7.4188650015e-012, 3.85817506415e-012, 2.50716743373e-012, 4.04266941104e-012, 1.27571228321e-012, 6.41934259655e-013, 4.21009310313e-013, 1.06199127454e-013, 5.63965344422e-014]
    },
    "mfcc": {
        "mean": [-701.47088623, 161.180450439, 4.36705541611, 42.6402130127, 8.6450252533, -9.03643798828, -17.5724849701, -10.2669143677, -8.08147525787, -9.89768314362, -15.5047330856, -7.46555948257, -8.10877227783],
        "cov": [[5410.61425781, -1953.00500488, -57.7222595215, -397.463287354, -427.24331665, 218.000869751, 56.327205658, 174.58203125, 30.1323928833, 146.610046387, -16.6001815796, -17.7210063934, 38.4292182922], [-1953.00500488, 1521.18554688, -543.125244141, 325.007232666, 233.240600586, -174.909454346, -26.8769378662, -112.690834045, 13.9450511932, -49.4789810181, 19.3853187561, 42.9179916382, 12.8869628906], [-57.7222595215, -543.125244141, 793.097106934, -175.644500732, -31.4162082672, 118.334518433, 16.5214385986, 59.9977149963, -29.7815628052, 2.75187897682, 8.63287734985, -15.3138446808, -20.0072212219], [-397.463287354, 325.007232666, -175.644500732, 311.716033936, 131.513305664, -20.2872943878, 34.5162391663, -4.39652967453, 22.3020038605, -12.4430036545, -4.67179012299, 4.28384828568, 2.61788153648], [-427.24331665, 233.240600586, -31.4162082672, 131.513305664, 210.109893799, -16.5075416565, 24.7964763641, 3.54987478256, 10.3366136551, -13.0629453659, -7.50399684906, 13.4309396744, -0.771046578884], [218.000869751, -174.909454346, 118.334518433, -20.2872943878, -16.5075416565, 125.096389771, 33.4775772095, 32.4525718689, 1.23499441147, 14.5510292053, 8.36336898804, 1.84467482567, 6.19339895248], [56.327205658, -26.8769378662, 16.5214385986, 34.5162391663, 24.7964763641, 33.4775772095, 100.010490417, 40.6884269714, 31.6505069733, 19.2150917053, -1.43568694592, -3.60716223717, 2.43964457512], [174.58203125, -112.690834045, 59.9977149963, -4.39652967453, 3.54987478256, 32.4525718689, 40.6884269714, 96.5381088257, 37.526008606, 10.5224485397, -7.12522268295, -7.36478614807, -0.52123349905], [30.1323928833, 13.9450511932, -29.7815628052, 22.3020038605, 10.3366136551, 1.23499441147, 31.6505069733, 37.526008606, 81.9249801636, 26.2437820435, -8.77181243896, -12.393863678, 1.42338240147], [146.610046387, -49.4789810181, 2.75187897682, -12.4430036545, -13.0629453659, 14.5510292053, 19.2150917053, 10.5224485397, 26.2437820435, 68.1002731323, 23.3695049286, 6.18172597885, 5.84742641449], [-16.6001815796, 19.3853187561, 8.63287734985, -4.67179012299, -7.50399684906, 8.36336898804, -1.43568694592, -7.12522268295, -8.77181243896, 23.3695049286, 69.6155090332, 34.6058425903, 8.24823188782], [-17.7210063934, 42.9179916382, -15.3138446808, 4.28384828568, 13.4309396744, 1.84467482567, -3.60716223717, -7.36478614807, -12.393863678, 6.18172597885, 34.6058425903, 69.7468643188, 23.5879230499], [38.4292182922, 12.8869628906, -20.0072212219, 2.61788153648, -0.771046578884, 6.19339895248, 2.43964457512, -0.52123349905, 1.42338240147, 5.84742641449, 8.24823188782, 23.5879230499, 53.5153999329]],
        "icov": [[0.000563584966585, 0.000856241385918, 0.000725131598301, 9.39571109484e-005, 0.000208843513974, -0.000257526698988, 5.75449291773e-007, -0.000417529750848, 0.000214472835069, -0.000550347787794, 0.000180164628546, -0.000249686039751, -0.000178962392965], [0.000856241385918, 0.00263347174041, 0.00162573030684, -0.000414825655753, -0.000622262712568, 0.000458597525721, 1.48472472574e-005, 0.000394713570131, -0.000328415626427, 5.67625611438e-005, -0.000602761690971, -0.000513603969011, -0.000357995479135], [0.000725131598301, 0.00162573030684, 0.00296232593246, 0.000998562318273, -0.00069209485082, -0.00142285227776, 2.43095528276e-005, -0.00105804449413, 0.000865176087245, -0.000176866262336, -0.000544276321307, 0.000173631910002, 0.000293394521577], [9.39571109484e-005, -0.000414825655753, 0.000998562318273, 0.00555139873177, -0.00257427012548, -0.000847634393722, -0.00132006418426, 3.09010101773e-005, -0.000486744043883, 0.00082523090532, -0.000502630195115, 0.000721260381397, -6.19958227617e-005], [0.000208843513974, -0.000622262712568, -0.00069209485082, -0.00257427012548, 0.00777584407479, 0.000422657991294, -0.00112558936235, -0.000835587678012, 0.000170091065229, -8.29509735922e-005, 0.00197074445896, -0.0024007819593, 0.000732335378416], [-0.000257526698988, 0.000458597525721, -0.00142285227776, -0.000847634393722, 0.000422657991294, 0.0117123676464, -0.00295402947813, -0.00142646359745, 0.0014079172397, -0.000620515842456, -0.00110062875319, 4.38366259914e-005, -0.00146393862087], [5.75449291773e-007, 1.48472472574e-005, 2.43095528276e-005, -0.00132006418426, -0.00112558936235, -0.00295402947813, 0.0145806986839, -0.00391318975016, -0.00235069077462, -0.00259320810437, 0.00045367324492, 0.000365336774848, -0.000192563835299], [-0.000417529750848, 0.000394713570131, -0.00105804449413, 3.09010101773e-005, -0.000835587678012, -0.00142646359745, -0.00391318975016, 0.0169283133, -0.00737181957811, 0.00271135475487, 1.69084250956e-005, -0.000500765396282, 0.000421954347985], [0.000214472835069, -0.000328415626427, 0.000865176087245, -0.000486744043883, 0.000170091065229, 0.0014079172397, -0.00235069077462, -0.00737181957811, 0.020322041586, -0.00837720185518, 0.00324712065049, 0.0026344251819, -0.00113960762974], [-0.000550347787794, 5.67625611438e-005, -0.000176866262336, 0.00082523090532, -8.29509735922e-005, -0.000620515842456, -0.00259320810437, 0.00271135475487, -0.00837720185518, 0.0227693133056, -0.00894847512245, 0.00116027100012, -0.000907016103156], [0.000180164628546, -0.000602761690971, -0.000544276321307, -0.000502630195115, 0.00197074445896, -0.00110062875319, 0.00045367324492, 1.69084250956e-005, 0.00324712065049, -0.00894847512245, 0.0236269626766, -0.0110587719828, 0.00209631607868], [-0.000249686039751, -0.000513603969011, 0.000173631910002, 0.000721260381397, -0.0024007819593, 4.38366259914e-005, 0.000365336774848, -0.000500765396282, 0.0026344251819, 0.00116027100012, -0.0110587719828, 0.0238111652434, -0.00871618650854], [-0.000178962392965, -0.000357995479135, 0.000293394521577, -6.19958227617e-005, 0.000732335378416, -0.00146393862087, -0.000192563835299, 0.000421954347985, -0.00113960762974, -0.000907016103156, 0.00209631607868, -0.00871618650854, 0.0228546541184]]
    },
    "spectral_contrast_coeffs": {
        "mean": [-0.519407570362, -0.658614039421, -0.774973154068, -0.785288989544, -0.780326128006, -0.758672118187],
        "var": [0.00642912648618, 0.00739290332422, 0.00264691980556, 0.0022138687782, 0.00236507272348, 0.00169737753458]
    },
    "spectral_contrast_valleys": {
        "mean": [-7.49946880341, -6.79198074341, -7.96369838715, -8.33539962769, -8.26752948761, -11.4018774033],
        "var": [0.532733082771, 0.526910066605, 0.819387793541, 0.763041734695, 0.937636613846, 1.91822648048]
    }
},
"metadata": {
    "audio_properties": {
        "analysis_sample_rate": 44100,
        "bit_rate": 128000,
        "equal_loudness": 0,
        "length": 271.882446289,
        "lossless": 0,
        "replay_gain": -8.15651893616,
        "sample_rate": 44100,
        "codec": "mp3",
        "downmix": "mix",
        "md5_encoded": "06e2833bf3a1d1f7624006c8e7051c27"
    },
    "tags": {
        "file_name": "2043.mp3",
        "album": ["Lounge"],
        "artist": ["Matti Paalanen"],
        "date": ["2009"],
        "encoding": ["LAME 64bits version 3.99.5 (http:\/\/lame.sf.net)"],
        "genre": ["Easy Listening"],
        "length": ["271855"],
        "title": ["Uplifting"],
        "tracknumber": ["7"]
    },
    "version": {
        "essentia": "2.1-beta2",
        "essentia_git_sha": "v2.1_beta2",
        "extractor": "music 1.0"
    }
},
"rhythm": {
    "beats_count": 482,
    "beats_loudness": {
        "mean": 0.0343097113073,
        "var": 0.00038490787847
    },
    "bpm": 106.692977905,
    "bpm_histogram_first_peak_bpm": {
        "mean": 108,
        "var": 0
    },
    "bpm_histogram_first_peak_spread": {
        "mean": 0.489130467176,
        "var": 0
    },
    "bpm_histogram_first_peak_weight": {
        "mean": 0.488565474749,
        "var": 0
    },
    "bpm_histogram_second_peak_bpm": {
        "mean": 103,
        "var": 0
    },
    "bpm_histogram_second_peak_spread": {
        "mean": 0.0952381119132,
        "var": 0
    },
    "bpm_histogram_second_peak_weight": {
        "mean": 0.0395010411739,
        "var": 0
    },
    "danceability": 1.103749156,
    "onset_rate": 3.44619512558,
    "beats_loudness_band_ratio": {
        "mean": [0.243853986263, 0.607783854008, 0.117091946304, 0.0324369631708, 0.0415536053479, 0.0157011412084],
        "var": [0.0300167072564, 0.0329833589494, 0.00927063450217, 0.00118542113341, 0.000979046104476, 0.000278019317193]
    },
    "beats_position": [0.592108845711, 1.18421769142, 1.764716506, 2.32199549675, 2.89088439941, 3.45977306366, 4.02866220474, 4.58594083786, 5.14321994781, 5.70049858093, 6.26938772202, 6.83827638626, 7.40716552734, 7.96444416046, 8.52172279358, 9.0906124115, 9.64789104462, 10.2051696777, 10.7624483109, 11.3313379288, 11.8886165619, 12.445895195, 13.0031747818, 13.5604534149, 14.117732048, 14.6866207123, 15.2555103302, 15.8127889633, 16.3700675964, 16.9389572144, 17.5078449249, 18.0767345428, 18.6456241608, 19.2029018402, 19.7717914581, 20.3406791687, 20.8979587555, 21.4668483734, 22.035736084, 22.5930156708, 23.1502952576, 23.707572937, 24.2648525238, 24.8221302032, 25.3910198212, 25.9599094391, 26.5287971497, 27.0860767365, 27.6433563232, 28.2006340027, 28.7695236206, 29.3268013, 29.8840808868, 30.4529705048, 31.0218582153, 31.5791378021, 32.1364173889, 32.6936950684, 33.2509727478, 33.8082542419, 34.3655319214, 34.9228096008, 35.5033111572, 36.0722007751, 36.6410865784, 37.1983680725, 37.7672538757, 38.3361434937, 38.8934249878, 39.4507026672, 40.0195922852, 40.5884780884, 41.1457595825, 41.7146492004, 42.2719268799, 42.8408164978, 43.3980941772, 43.9553718567, 44.5126533508, 45.0815429688, 45.6388206482, 46.2077102661, 46.7649879456, 47.322265625, 47.8795471191, 48.4368247986, 48.994102478, 49.5629920959, 50.1318817139, 50.6891593933, 51.2464370728, 51.8153266907, 52.3842163086, 52.941493988, 53.4987754822, 54.0676651001, 54.6365509033, 55.2054405212, 55.7743301392, 56.3432197571, 56.912109375, 57.4693870544, 58.0382766724, 58.6071662903, 59.1644439697, 59.7217216492, 60.2789993286, 60.8362808228, 61.3935585022, 61.9508361816, 62.5197257996, 63.0886154175, 63.6575050354, 64.2147827148, 64.7604522705, 65.3177337646, 65.8866195679, 66.4322891235, 67.0011749268, 67.5700683594, 68.1389541626, 68.7078475952, 69.26512146, 69.8340148926, 70.4029006958, 70.9601821899, 71.5174560547, 72.0863494873, 72.6552352905, 73.2125167847, 73.7814025879, 74.338684082, 74.9075698853, 75.4648513794, 76.0221328735, 76.5794067383, 77.15990448, 77.7171859741, 78.2860794067, 78.8433532715, 79.4006347656, 79.9695205688, 80.5384140015, 81.0956878662, 81.6529693604, 82.2218551636, 82.7791366577, 83.3364181519, 83.8936920166, 84.4625854492, 85.0314712524, 85.5887527466, 86.1576385498, 86.7265319824, 87.2838058472, 87.8526992798, 88.421585083, 88.9788665771, 89.5129241943, 90.0702056885, 90.6274795532, 91.1847610474, 91.7536468506, 92.3225402832, 92.8914260864, 93.460319519, 94.0175933838, 94.5864868164, 95.1553726196, 95.7126541138, 96.2699279785, 96.8272094727, 97.3844909668, 97.9417648315, 98.5106582642, 99.0795440674, 99.6484298706, 100.217323303, 100.774604797, 101.343490601, 101.912376404, 102.469657898, 103.026939392, 103.584213257, 104.141494751, 104.698776245, 105.25605011, 105.813331604, 106.370613098, 106.927886963, 107.508384705, 108.077278137, 108.64616394, 109.203445435, 109.772331238, 110.34122467, 110.910110474, 111.479003906, 112.036277771, 112.605171204, 113.174057007, 113.731338501, 114.311836243, 114.892333984, 115.43800354, 115.983673096, 116.54094696, 117.098228455, 117.655509949, 118.212783813, 118.770065308, 119.338951111, 119.907844543, 120.465126038, 121.034011841, 121.602897644, 122.160179138, 122.717460632, 123.274734497, 123.832015991, 124.377685547, 124.923355103, 125.492240906, 126.061134338, 126.653244019, 127.222129822, 127.802627563, 128.359909058, 128.917190552, 129.474472046, 130.054962158, 130.635467529, 131.192733765, 131.761627197, 132.33052063, 132.887802124, 133.43347168, 133.979141235, 134.524810791, 135.070480347, 135.639358521, 136.208251953, 136.765533447, 137.322814941, 137.880081177, 138.437362671, 139.006256104, 139.575149536, 140.13243103, 140.701309204, 141.270202637, 141.827484131, 142.384765625, 142.930435181, 143.476104736, 144.056594849, 144.625488281, 145.194366455, 145.774871826, 146.355377197, 146.912643433, 147.469924927, 148.027206421, 148.584487915, 149.153381348, 149.722259521, 150.279541016, 150.83682251, 151.394104004, 151.962997437, 152.53187561, 153.112380981, 153.669662476, 154.226928711, 154.784210205, 155.341491699, 155.898773193, 156.456054688, 157.0365448, 157.593826294, 158.151107788, 158.708389282, 159.277282715, 159.846160889, 160.403442383, 160.949111938, 161.494781494, 162.075286865, 162.644165039, 163.213058472, 163.770339966, 164.32762146, 164.896499634, 165.465393066, 166.034286499, 166.603164673, 167.160446167, 167.717727661, 168.286621094, 168.855514526, 169.412780762, 169.958450317, 170.515731812, 171.084625244, 171.653518677, 172.222396851, 172.779678345, 173.336959839, 173.894241333, 174.451522827, 175.008789063, 175.566070557, 176.134963989, 176.703857422, 177.261123657, 177.83001709, 178.398910522, 178.956192017, 179.52507019, 180.093963623, 180.662857056, 181.208526611, 181.765808105, 182.334686279, 182.903579712, 183.460861206, 184.0181427, 184.575408936, 185.13269043, 185.689971924, 186.258865356, 186.827758789, 187.385025024, 187.953918457, 188.52281189, 189.080093384, 189.648971558, 190.206253052, 190.763534546, 191.332427979, 191.878097534, 192.43536377, 193.004257202, 193.573150635, 194.130432129, 194.699310303, 195.268203735, 195.837097168, 196.405975342, 196.974868774, 197.532150269, 198.089431763, 198.658325195, 199.227203369, 199.796096802, 200.364990234, 200.92225647, 201.479537964, 202.036819458, 202.594100952, 203.151382446, 203.70866394, 204.265930176, 204.811599731, 205.368881226, 205.937774658, 206.495056152, 207.063934326, 207.632827759, 208.190109253, 208.759002686, 209.327880859, 209.896774292, 210.465667725, 211.046157837, 211.603439331, 212.160720825, 212.718002319, 213.275283813, 213.844161987, 214.401443481, 214.958724976, 215.527618408, 216.108108521, 216.677001953, 217.245895386, 217.80317688, 218.360443115, 218.906112671, 219.451782227, 220.020675659, 220.589569092, 221.146850586, 221.71572876, 222.284622192, 222.853515625, 223.410797119, 223.979675293, 224.536956787, 225.094238281, 225.663131714, 226.232009888, 226.789291382, 227.346572876, 227.90385437, 228.461135864, 229.0184021, 229.587295532, 230.156188965, 230.713470459, 231.282348633, 231.851242065, 232.420135498, 232.977416992, 233.546295166, 234.10357666, 234.672470093, 235.229751587, 235.798629761, 236.355911255, 236.901580811, 237.470474243, 238.027755737, 238.585037231, 239.153915405, 239.711196899, 240.268478394, 240.825759888, 241.394638062, 241.963531494, 242.532424927, 243.089706421, 243.646972656, 244.215866089, 244.784759521, 245.342041016, 245.89932251, 246.468200684, 247.037094116, 247.59437561, 248.151657104, 248.70892334, 249.266204834, 249.823486328, 250.369155884, 250.926437378, 251.472106934, 252.041000366, 252.60987854, 253.178771973, 253.759277344, 254.328155518, 254.885437012, 255.454330444, 256.023223877, 256.580505371, 257.137786865, 257.695037842, 258.263946533, 258.832824707, 259.390106201, 259.947387695, 260.504669189, 261.073547363, 261.642456055, 262.199737549, 262.756988525, 263.31427002, 263.871551514, 264.440460205, 265.009338379, 265.566619873, 266.123901367, 266.681182861, 267.238464355, 267.79574585, 268.352996826, 268.921905518, 269.479187012, 270.048065186, 270.616943359, 271.19744873]
},
"tonal": {
    "chords_changes_rate": 0.0449112020433,
    "chords_number_rate": 0.0018784153508,
    "chords_strength": {
        "mean": 0.45654258132,
        "var": 0.00780395232141
    },
    "hpcp_entropy": {
        "mean": 1.93649220467,
        "var": 0.54920977354
    },
    "key_strength": 0.818260550499,
    "tuning_diatonic_strength": 0.580141961575,
    "tuning_equal_tempered_deviation": 0.0176586844027,
    "tuning_frequency": 441.782684326,
    "tuning_nontempered_energy_ratio": 0.609121382236,
    "hpcp": {
        "mean": [0.237811729312, 0.138650640845, 0.0516055226326, 0.0455155037344, 0.0524977557361, 0.218144863844, 0.375527650118, 0.218991070986, 0.0500276945531, 0.0294568818063, 0.0310409571975, 0.153670683503, 0.285272806883, 0.182727828622, 0.0691243484616, 0.0671937689185, 0.0501077063382, 0.155148744583, 0.290772348642, 0.192233040929, 0.180572673678, 0.282616794109, 0.164394766092, 0.044487003237, 0.0365539863706, 0.0500111654401, 0.149084106088, 0.224352002144, 0.134186387062, 0.0416935607791, 0.0252082105726, 0.0266004111618, 0.0805175229907, 0.122451417148, 0.10237544775, 0.17273594439],
        "var": [0.110231816769, 0.0506491437554, 0.0157282985747, 0.0156734921038, 0.0174333173782, 0.0571068972349, 0.144239887595, 0.0610508993268, 0.0170186143368, 0.00949159637094, 0.00835535675287, 0.036876346916, 0.105394080281, 0.0470193549991, 0.0260453242809, 0.0363916382194, 0.0171018596739, 0.0444198995829, 0.160132095218, 0.064930126071, 0.0511207357049, 0.126994669437, 0.0474247559905, 0.0134236132726, 0.0126231815666, 0.0168137606233, 0.054474376142, 0.105928346515, 0.0469853430986, 0.0116960322484, 0.00699589494616, 0.00679534766823, 0.0252972412854, 0.0480730757117, 0.0275184791535, 0.0571413263679]
    },
    "chords_histogram": [10.0239067078, 4.98633861542, 40.7616119385, 2.86885237694, 0.563524603844, 0.221994534135, 0.956284165382, 0, 0.0853825137019, 0, 0, 0, 0, 0, 0, 1.28073775768, 0, 3.51775956154, 0, 1.04166662693, 6.16461753845, 4.18374300003, 19.9112014771, 3.43237709999],
    "thpcp": [1, 0.583155632019, 0.133219733834, 0.0784413143992, 0.0826595798135, 0.409212708473, 0.759658575058, 0.486589550972, 0.184072598815, 0.178931608796, 0.133432805538, 0.413148671389, 0.774303436279, 0.511901140213, 0.480850547552, 0.752585828304, 0.437770068645, 0.118465319276, 0.0973403304815, 0.133175715804, 0.396999001503, 0.597431361675, 0.357327580452, 0.111026607454, 0.06712744385, 0.0708347633481, 0.214411705732, 0.326078295708, 0.272617608309, 0.459981948137, 0.633273541927, 0.369215518236, 0.137421369553, 0.121204137802, 0.139797315001, 0.580902278423],
    "chords_key": "B",
    "chords_scale": "major",
    "key_key": "E",
    "key_scale": "major"
}
}