{
"lowlevel": {
    "average_loudness": 0.277717143297,
    "barkbands_crest": {
        "mean": 17.6692676544,
        "var": 29.1989364624
    },
    "barkbands_flatness_db": {
        "mean": 0.357002407312,
        "var": 0.0172287896276
    },
    "barkbands_kurtosis": {
        "mean": 38.3857574463,
        "var": 4619.13525391
    },
    "barkbands_skewness": {
        "mean": 3.66411876678,
        "var": 8.33438682556
    },
    "barkbands_spread": {
        "mean": 4.69952869415,
        "var": 72.5394515991
    },
    "dissonance": {
        "mean": 0.371948152781,
        "var": 0.00724445190281
    },
    "dynamic_complexity": 5.9352645874,
    "erbbands_crest": {
        "mean": 15.3209447861,
        "var": 37.5261802673
    },
    "erbbands_flatness_db": {
        "mean": 0.286276966333,
        "var": 0.0112111149356
    },
    "erbbands_kurtosis": {
        "mean": 12.828877449,
        "var": 605.199401855
    },
    "erbbands_skewness": {
        "mean": 2.34560799599,
        "var": 2.75675082207
    },
    "erbbands_spread": {
        "mean": 19.6036128998,
        "var": 416.031097412
    },
    "hfc": {
        "mean": 9.28034591675,
        "var": 100.010696411
    },
    "melbands_crest": {
        "mean": 19.8626823425,
        "var": 35.0571670532
    },
    "melbands_flatness_db": {
        "mean": 0.450344592333,
        "var": 0.0244535338134
    },
    "melbands_kurtosis": {
        "mean": 38.4802284241,
        "var": 2660.97973633
    },
    "melbands_skewness": {
        "mean": 3.51298499107,
        "var": 5.40131807327
    },
    "melbands_spread": {
        "mean": 4.27551221848,
        "var": 68.5414505005
    },
    "pitch_salience": {
        "mean": 0.392847567797,
        "var": 0.0292651876807
    },
    "silence_rate_20dB": {
        "mean": 0.980573534966,
        "var": 0.0190470851958
    },
    "silence_rate_30dB": {
        "mean": 0.824545145035,
        "var": 0.144659534097
    },
    "silence_rate_60dB": {
        "mean": 0.165279060602,
        "var": 0.137970671058
    },
    "spectral_centroid": {
        "mean": 452.01184082,
        "var": 176818.96875
    },
    "spectral_complexity": {
        "mean": 5.87187767029,
        "var": 14.9540758133
    },
    "spectral_decrease": {
        "mean": -1.49287906481e-008,
        "var": 4.76458097473e-016
    },
    "spectral_energy": {
        "mean": 0.0571863278747,
        "var": 0.00689548859373
    },
    "spectral_energyband_high": {
        "mean": 0.000116658564366,
        "var": 2.3052599829e-007
    },
    "spectral_energyband_low": {
        "mean": 0.0406767837703,
        "var": 0.00624146359041
    },
    "spectral_energyband_middle_high": {
        "mean": 0.000375726289349,
        "var": 3.66477451053e-007
    },
    "spectral_energyband_middle_low": {
        "mean": 0.0172747001052,
        "var": 0.000480548886117
    },
    "spectral_entropy": {
        "mean": 5.71114587784,
        "var": 1.28586828709
    },
    "spectral_flux": {
        "mean": 0.081335298717,
        "var": 0.00684101087973
    },
    "spectral_kurtosis": {
        "mean": 42.1769180298,
        "var": 3411.85253906
    },
    "spectral_rms": {
        "mean": 0.00590765755624,
        "var": 2.08911242225e-005
    },
    "spectral_rolloff": {
        "mean": 410.113861084,
        "var": 576974.375
    },
    "spectral_skewness": {
        "mean": 4.28305053711,
        "var": 9.99472999573
    },
    "spectral_spread": {
        "mean": 2946958.25,
        "var": 3.86310445466e+012
    },
    "spectral_strongpeak": {
        "mean": 0.909748077393,
        "var": 0.570722401142
    },
    "zerocrossingrate": {
        "mean": 0.019652755931,
        "var": 0.000489843252581
    },
    "barkbands": {
        "mean": [0.000118238167488, 0.0342462062836, 0.00506488792598, 0.00265807961114, 0.00739296386018, 0.00506419828162, 0.00125975895207, 0.000632087583654, 0.000246288022026, 4.37973067164e-005, 0.000116430936032, 7.03481346136e-005, 3.07771115331e-005, 2.65511062025e-005, 1.02737658381e-005, 1.40493448271e-005, 2.26248594117e-005, 1.32198192659e-005, 2.17739507207e-005, 4.29313149652e-005, 2.90784646495e-005, 2.60519518633e-005, 1.73710013769e-005, 8.531941603e-006, 7.06684340912e-006, 2.7601538477e-006, 1.26194294126e-007],
        "var": [1.55611530772e-007, 0.00508914422244, 0.00018609102699, 5.59319378226e-005, 0.000275279977359, 6.195113383e-005, 6.9442644417e-006, 4.06622530136e-006, 5.71077862332e-006, 1.80827406382e-008, 6.3448517551e-008, 5.8650996948e-008, 5.67027624854e-009, 4.20972590121e-009, 9.1124974233e-010, 1.63050151158e-009, 3.42364958605e-009, 1.39503197882e-009, 2.57189203268e-009, 3.58369902642e-008, 1.28056267812e-008, 1.52673571563e-008, 7.32675253801e-009, 2.8141140529e-009, 3.30157878814e-009, 7.74480035659e-010, 1.64720797766e-012]
    },
    "erbbands": {
        "mean": [0.723426640034, 8.41970157623, 9.65189838409, 6.49947309494, 14.2129096985, 32.749874115, 22.9921588898, 43.150138855, 31.3211288452, 19.1000175476, 6.26812028885, 5.90230894089, 3.45530366898, 1.9330804348, 4.48416042328, 3.30901002884, 1.73745751381, 0.926862180233, 0.998432338238, 0.546320080757, 0.99853104353, 1.13199353218, 0.92250931263, 0.762563586235, 1.48399531841, 2.07224702835, 1.68039393425, 0.94580501318, 0.957486867905, 0.493234425783, 0.484049409628, 0.2382671386, 0.160249039531, 0.102444536984, 0.0396888777614, 0.0163571890444, 0.00404552835971, 0.000544078473467, 4.12557419622e-005, 6.29430214758e-005],
        "var": [3.69821572304, 281.077575684, 453.386474609, 252.026138306, 849.561218262, 6918.90234375, 1617.95031738, 4862.58691406, 4941.30029297, 2008.22265625, 259.607177734, 3615.54638672, 460.777862549, 18.0265407562, 77.6436538696, 139.04447937, 13.8356637955, 3.2608101368, 6.74482297897, 1.52790856361, 7.69121170044, 8.34690856934, 4.32369279861, 4.39159584045, 12.771522522, 107.438056946, 36.7466087341, 14.921913147, 22.9202461243, 3.51769948006, 7.48548746109, 1.55727410316, 0.969201683998, 0.696925222874, 0.1062945351, 0.027285784483, 0.00165288813878, 2.16869466385e-005, 1.90160598379e-008, 8.09499223209e-009]
    },
    "gfcc": {
        "mean": [-180.033920288, 157.834014893, -75.1401748657, 21.6585483551, -55.629776001, -16.0114097595, -28.2501182556, -10.4247455597, -18.9832382202, 0.716103196144, 5.24302148819, 1.70633137226, -1.19757294655],
        "cov": [[22788.921875, 1045.37451172, -1382.91015625, 3123.11694336, 160.739013672, 209.912063599, 253.435562134, -288.885284424, -277.802886963, -664.959899902, -583.613891602, -746.784057617, 150.683517456], [1045.37451172, 3053.01806641, 900.198608398, -134.924926758, 1314.34680176, -400.354766846, 596.22869873, -234.264404297, 322.86529541, -277.074645996, 237.966461182, -353.71862793, 130.651168823], [-1382.91015625, 900.198608398, 2627.19116211, 511.623565674, 819.574890137, 479.950775146, 415.413452148, 347.514892578, 102.429878235, -99.9230422974, -127.967803955, -170.141204834, -55.7851295471], [3123.11694336, -134.924926758, 511.623565674, 1534.57531738, 328.694061279, 423.030609131, 331.096405029, 161.473724365, -12.9952354431, -163.468139648, -269.551269531, -203.264587402, -13.2747325897], [160.739013672, 1314.34680176, 819.574890137, 328.694061279, 1077.52441406, 60.6527519226, 440.635040283, 64.6345825195, 179.904602051, -122.73613739, 3.24910831451, -226.113510132, 28.5649242401], [209.912063599, -400.354766846, 479.950775146, 423.030609131, 60.6527519226, 519.999572754, 105.133354187, 230.606399536, 5.35157632828, 6.0480761528, -139.936096191, -25.9255924225, -78.3567199707], [253.435562134, 596.22869873, 415.413452148, 331.096405029, 440.635040283, 105.133354187, 464.19619751, 111.6329422, 183.594924927, -33.9814453125, 25.2934436798, -108.540519714, 22.6806373596], [-288.885284424, -234.264404297, 347.514892578, 161.473724365, 64.6345825195, 230.606399536, 111.6329422, 300.936035156, 54.1302528381, 50.5079269409, -72.9004135132, -13.2980804443, -61.1708908081], [-277.802886963, 322.86529541, 102.429878235, -12.9952354431, 179.904602051, 5.35157632828, 183.594924927, 54.1302528381, 211.757019043, 33.3076591492, 85.4975891113, -32.3491287231, 13.5942087173], [-664.959899902, -277.074645996, -99.9230422974, -163.468139648, -122.73613739, 6.0480761528, -33.9814453125, 50.5079269409, 33.3076591492, 200.840744019, 96.0891418457, 82.5761947632, -22.3928375244], [-583.613891602, 237.966461182, -127.967803955, -269.551269531, 3.24910831451, -139.936096191, 25.2934436798, -72.9004135132, 85.4975891113, 96.0891418457, 234.206375122, 62.5120277405, 25.4710350037], [-746.784057617, -353.71862793, -170.141204834, -203.264587402, -226.113510132, -25.9255924225, -108.540519714, -13.2980804443, -32.3491287231, 82.5761947632, 62.5120277405, 164.21081543, 21.4188480377], [150.683517456, 130.651168823, -55.7851295471, -13.2747325897, 28.5649242401, -78.3567199707, 22.6806373596, -61.1708908081, 13.5942087173, -22.3928375244, 25.4710350037, 21.4188480377, 135.216781616]],
        "icov": [[0.000113042493467, -0.0002741056378, 0.000157866830705, -0.000318972655805, 0.000232962964219, -0.000133125766297, 0.000187129582628, -0.000138171380968, 0.00017147300241, -0.000137520692078, 9.09892842174e-005, 0.000190539692994, -0.000134898014949], [-0.0002741056378, 0.0027869171463, -0.000828249729238, 0.00142197322566, -0.00193970289547, 0.00127112003975, -0.00146230868995, 0.00147271703463, -0.000873827491887, 0.00219058385119, -0.00199580588378, 0.00182638526894, 5.70828069613e-006], [0.000157866830705, -0.000828249729238, 0.000965653860476, -0.000519759545568, 0.000156742462423, -0.000812508689705, 0.000389741995605, -0.0009029689827, 0.00063538987888, -0.000328672933392, 0.000341168721206, -0.000257093983237, -0.000147950253449], [-0.000318972655805, 0.00142197322566, -0.000519759545568, 0.00238863937557, -0.000984332291409, -0.000187429701327, -0.00182831753045, 0.000982545316219, 1.94413350982e-005, 0.00101739272941, -5.9298297856e-005, 0.00104928016663, -0.000136441958603], [0.000232962964219, -0.00193970289547, 0.000156742462423, -0.000984332291409, 0.00359881808981, -0.000716833281331, -0.000241786925471, -0.000782443967182, 0.000448936742032, -0.00116905139294, 0.000955823052209, 0.000816046784166, -0.000454496592283], [-0.000133125766297, 0.00127112003975, -0.000812508689705, -0.000187429701327, -0.000716833281331, 0.00480984756723, -0.000733391614631, -0.000956608157139, -0.000794083753135, 0.000588668801356, 0.000420634227339, -0.000523244845681, 0.00137645739596], [0.000187129582628, -0.00146230868995, 0.000389741995605, -0.00182831753045, -0.000241786925471, -0.000733391614631, 0.00682834954932, -0.00206277519464, -0.00275158206932, -0.000503469491377, -0.00036162615288, -0.000286543741822, -0.000959987170063], [-0.000138171380968, 0.00147271703463, -0.0009029689827, 0.000982545316219, -0.000782443967182, -0.000956608157139, -0.00206277519464, 0.00800093077123, -0.00221592816524, -0.00141475396231, 0.00212836475112, 0.000136954738991, 0.00159728690051], [0.00017147300241, -0.000873827491887, 0.00063538987888, 1.94413350982e-005, 0.000448936742032, -0.000794083753135, -0.00275158206932, -0.00221592816524, 0.0102653494105, -0.00118454126641, -0.00283587002195, 0.00192563794553, -0.00117768987548], [-0.000137520692078, 0.00219058385119, -0.000328672933392, 0.00101739272941, -0.00116905139294, 0.000588668801356, -0.000503469491377, -0.00141475396231, -0.00118454126641, 0.0110876141116, -0.00563382264227, -0.00076922448352, 0.00117181334645], [9.09892842174e-005, -0.00199580588378, 0.000341168721206, -5.9298297856e-005, 0.000955823052209, 0.000420634227339, -0.00036162615288, 0.00212836475112, -0.00283587002195, -0.00563382264227, 0.0120992772281, -0.00473171379417, 0.00084976159269], [0.000190539692994, 0.00182638526894, -0.000257093983237, 0.00104928016663, 0.000816046784166, -0.000523244845681, -0.000286543741822, 0.000136954738991, 0.00192563794553, -0.00076922448352, -0.00473171379417, 0.0159133858979, -0.00429609743878], [-0.000134898014949, 5.70828069613e-006, -0.000147950253449, -0.000136441958603, -0.000454496592283, 0.00137645739596, -0.000959987170063, 0.00159728690051, -0.00117768987548, 0.00117181334645, 0.00084976159269, -0.00429609743878, 0.0100760981441]]
    },
    "melbands": {
        "mean": [0.00842383597046, 0.00757633708417, 0.00131047470495, 0.00176090362947, 0.000965188373812, 0.00100623781327, 0.000436164322309, 0.000197966932319, 3.73649163521e-005, 3.86519859603e-005, 1.62646956596e-005, 6.66014511808e-006, 1.70362800418e-005, 8.93895503395e-006, 6.22866127742e-006, 2.12433610614e-006, 1.92936499843e-006, 2.0330926418e-006, 6.35229753243e-007, 6.93905803928e-007, 1.27730197619e-006, 1.04775745058e-006, 1.23814902508e-006, 6.97193456745e-007, 5.57437260795e-007, 9.06815387225e-007, 1.18023911e-006, 1.46415470681e-006, 1.23165227706e-006, 6.07670870068e-007, 5.30954253009e-007, 6.26658561487e-007, 3.72018774897e-007, 2.29206207791e-007, 2.70945861303e-007, 2.98193810977e-007, 8.42734237949e-008, 1.02677780944e-007, 1.15933353584e-007, 7.67067049878e-008],
        "var": [0.000370790774468, 0.000205446747714, 8.55545113154e-006, 1.77424371941e-005, 2.83681470137e-006, 2.6267150588e-006, 9.29993291265e-007, 2.69595716418e-007, 1.04216413277e-008, 1.64062143426e-007, 9.23355436555e-009, 2.4667481946e-010, 1.35832645132e-009, 8.10335298862e-010, 2.32763808228e-010, 2.04562616846e-011, 1.71490894402e-011, 3.0071927587e-011, 2.52524910704e-012, 2.77228934253e-012, 1.30296919088e-011, 6.74744938742e-012, 1.11375778392e-011, 3.90459756541e-012, 2.98106743284e-012, 4.93276123073e-012, 1.14331035958e-011, 8.53947329515e-011, 2.40724211398e-011, 5.17607311179e-012, 5.44498951136e-012, 1.21920468513e-011, 2.98845692116e-012, 7.53556993281e-013, 3.30608023597e-012, 2.47810799658e-012, 2.73921645999e-013, 3.94833417263e-013, 7.32894430908e-013, 4.28614961448e-013]
    },
    "mfcc": {
        "mean": [-822.096191406, 170.937820435, 36.5399169922, 37.3521614075, -0.105851627886, 0.801742732525, -0.519418537617, -7.81462574005, -12.8834962845, -8.49664497375, -4.5513548851, 6.30542039871, 9.07351398468],
        "cov": [[15785.4160156, 1219.23095703, -778.960449219, 1827.10668945, -318.56036377, 549.66192627, 262.383056641, 229.762695313, 75.064239502, 52.9305458069, -464.407196045, -445.799530029, -526.38269043], [1219.23095703, 3297.50537109, 652.842773438, 682.515014648, 624.049987793, 215.952911377, 429.029968262, 221.008575439, 179.491638184, 161.515777588, 56.2889709473, -56.606174469, -79.1799316406], [-778.960449219, 652.842773438, 1447.39477539, 400.0909729, 407.677703857, 233.701004028, 276.096252441, 297.629211426, 262.490997314, 169.241973877, 107.11265564, -24.2386341095, -66.9222183228], [1827.10668945, 682.515014648, 400.0909729, 984.23638916, 305.011169434, 316.239471436, 327.862731934, 251.856811523, 239.881439209, 175.519332886, 20.540927887, -80.0320053101, -135.962783813], [-318.56036377, 624.049987793, 407.677703857, 305.011169434, 477.094268799, 187.000793457, 223.858947754, 166.547576904, 152.580047607, 126.943664551, 74.5257034302, -16.8961639404, -50.0157775879], [549.66192627, 215.952911377, 233.701004028, 316.239471436, 187.000793457, 309.641448975, 189.889190674, 162.176269531, 140.957305908, 112.969085693, 37.6034736633, -16.2450141907, -56.2520713806], [262.383056641, 429.029968262, 276.096252441, 327.862731934, 223.858947754, 189.889190674, 292.916290283, 188.107513428, 171.43132019, 139.426467896, 62.6377487183, -5.83654165268, -36.6800537109], [229.762695313, 221.008575439, 297.629211426, 251.856811523, 166.547576904, 162.176269531, 188.107513428, 283.928192139, 208.798690796, 141.714492798, 56.9879608154, -26.2980709076, -48.6423568726], [75.064239502, 179.491638184, 262.490997314, 239.881439209, 152.580047607, 140.957305908, 171.43132019, 208.798690796, 273.633972168, 161.594100952, 56.6690444946, -11.5533132553, -53.6340293884], [52.9305458069, 161.515777588, 169.241973877, 175.519332886, 126.943664551, 112.969085693, 139.426467896, 141.714492798, 161.594100952, 201.722610474, 99.8318099976, 8.49180030823, -16.9507846832], [-464.407196045, 56.2889709473, 107.11265564, 20.540927887, 74.5257034302, 37.6034736633, 62.6377487183, 56.9879608154, 56.6690444946, 99.8318099976, 173.240631104, 80.7750549316, 36.8735313416], [-445.799530029, -56.606174469, -24.2386341095, -80.0320053101, -16.8961639404, -16.2450141907, -5.83654165268, -26.2980709076, -11.5533132553, 8.49180030823, 80.7750549316, 170.01322937, 130.732299805], [-526.38269043, -79.1799316406, -66.9222183228, -135.962783813, -50.0157775879, -56.2520713806, -36.6800537109, -48.6423568726, -53.6340293884, -16.9507846832, 36.8735313416, 130.732299805, 218.524291992]],
        "icov": [[0.00012812607747, -5.96643658355e-005, 0.000102478217741, -0.000266531948, 0.000274408666883, -0.000174018205144, 9.23912084545e-005, -0.000150166131789, 0.000195515880478, -0.000149212297401, 0.000272871053312, -4.26951301051e-005, 0.000168567450601], [-5.96643658355e-005, 0.000486722856294, -0.000101318888483, -4.42464806838e-005, -0.000580982246902, 0.000393626658479, -0.0005307533429, 0.000157985588885, 0.000121491793834, 4.97375367559e-005, -1.53117161972e-005, 5.05893003719e-005, -0.000105494327727], [0.000102478217741, -0.000101318888483, 0.00111843342893, -0.000263387628365, -0.000302903470583, -0.000198173001991, 0.000116741524835, -0.00064819509862, -0.000229628756642, 0.000291818112601, -0.000175680630491, 0.000131561289891, 6.09612143307e-005], [-0.000266531948, -4.42464806838e-005, -0.000263387628365, 0.00256472709589, -0.000569613126572, -0.000615371915046, -0.00127282750327, 0.000309674214805, -0.000654111034237, -8.7999032985e-006, -4.6732679948e-006, 0.000186779841897, 0.000151344385813], [0.000274408666883, -0.000580982246902, -0.000302903470583, -0.000569613126572, 0.00486412737519, -0.00130741950125, -0.00108100974467, -0.00016115627659, 0.000202493465622, -0.000295650097542, -0.000349545240169, 0.000383647129638, 0.000418970099417], [-0.000174018205144, 0.000393626658479, -0.000198173001991, -0.000615371915046, -0.00130741950125, 0.00686743063852, -0.00219346210361, -0.00106116919778, 0.000311432755552, -0.000703569559846, 0.000470643339213, -0.00109297491144, 0.00074037082959], [9.23912084545e-005, -0.0005307533429, 0.000116741524835, -0.00127282750327, -0.00108100974467, -0.00219346210361, 0.0103384787217, -0.00238631223328, -0.000784673669841, -0.00148622493725, -7.19644012861e-005, -0.000572239456233, -0.000287221133476], [-0.000150166131789, 0.000157985588885, -0.00064819509862, 0.000309674214805, -0.00016115627659, -0.00106116919778, -0.00238631223328, 0.0105072120205, -0.00545921595767, 6.31709262962e-005, -0.00149671221152, 0.00239647645503, -0.00119819468819], [0.000195515880478, 0.000121491793834, -0.000229628756642, -0.000654111034237, 0.000202493465622, 0.000311432755552, -0.000784673669841, -0.00545921595767, 0.0120700187981, -0.00613971287385, 0.00300472625531, -0.002818957204, 0.00248290086165], [-0.000149212297401, 4.97375367559e-005, 0.000291818112601, -8.7999032985e-006, -0.000295650097542, -0.000703569559846, -0.00148622493725, 6.31709262962e-005, -0.00613971287385, 0.0145117109641, -0.0072809420526, 0.00326104392298, -0.00184529018588], [0.000272871053312, -1.53117161972e-005, -0.000175680630491, -4.6732679948e-006, -0.000349545240169, 0.000470643339213, -7.19644012861e-005, -0.00149671221152, 0.00300472625531, -0.0072809420526, 0.0132175805047, -0.00721156550571, 0.0025476438459], [-4.26951301051e-005, 5.05893003719e-005, 0.000131561289891, 0.000186779841897, 0.000383647129638, -0.00109297491144, -0.000572239456233, 0.00239647645503, -0.002818957204, 0.00326104392298, -0.00721156550571, 0.0155729651451, -0.00822274945676], [0.000168567450601, -0.000105494327727, 6.09612143307e-005, 0.000151344385813, 0.000418970099417, 0.00074037082959, -0.000287221133476, -0.00119819468819, 0.00248290086165, -0.00184529018588, 0.0025476438459, -0.00822274945676, 0.00998399872333]]
    },
    "spectral_contrast_coeffs": {
        "mean": [-0.611882269382, -0.594563007355, -0.73984515667, -0.774253308773, -0.791297614574, -0.779690027237],
        "var": [0.0140714505687, 0.0184008497745, 0.00707465829328, 0.00556841352955, 0.005481088534, 0.00646591139957]
    },
    "spectral_contrast_valleys": {
        "mean": [-8.21172237396, -8.24002552032, -9.47648620605, -10.4338226318, -10.2188100815, -12.9776515961],
        "var": [4.7440161705, 2.67048859596, 2.48915266991, 2.43983888626, 2.69658255577, 2.06999540329]
    }
},
"metadata": {
    "audio_properties": {
        "analysis_sample_rate": 44100,
        "bit_rate": 128000,
        "equal_loudness": 0,
        "length": 150.569793701,
        "lossless": 0,
        "replay_gain": -8.37867355347,
        "sample_rate": 44100,
        "codec": "mp3",
        "downmix": "mix",
        "md5_encoded": "f4e8b69544165e8c200bb2af88c9e74d"
    },
    "tags": {
        "file_name": "2044.mp3",
        "album": ["Ouverture"],
        "artist": ["Manuzik"],
        "encoding": ["LAME 64bits version 3.99.5 (http:\/\/lame.sf.net)"],
        "genre": ["Classical"],
        "length": ["150540"],
        "title": ["Habanera"],
        "tracknumber": ["03"]
    },
    "version": {
        "essentia": "2.1-beta2",
        "essentia_git_sha": "v2.1_beta2",
        "extractor": "music 1.0"
    }
},
"rhythm": {
    "beats_count": 300,
    "beats_loudness": {
        "mean": 0.0715087279677,
        "var": 0.00735745811835
    },
    "bpm": 120.131744385,
    "bpm_histogram_first_peak_bpm": {
        "mean": 120,
        "var": 0
    },
    "bpm_histogram_first_peak_spread": {
        "mean": 0.430656939745,
        "var": 0
    },
    "bpm_histogram_first_peak_weight": {
        "mean": 0.521739125252,
        "var": 0
    },
    "bpm_histogram_second_peak_bpm": {
        "mean": 115,
        "var": 0
    },
    "bpm_histogram_second_peak_spread": {
        "mean": 0.176470577717,
        "var": 0
    },
    "bpm_histogram_second_peak_weight": {
        "mean": 0.0468227416277,
        "var": 0
    },
    "danceability": 0.995712757111,
    "onset_rate": 4.4095749855,
    "beats_loudness_band_ratio": {
        "mean": [0.447958022356, 0.44294694066, 0.141192480922, 0.0204656049609, 0.00611295737326, 0.0134018389508],
        "var": [0.148367285728, 0.119520097971, 0.0461382009089, 0.00269356649369, 0.000145603116835, 0.00172915915027]
    },
    "beats_position": [0.429569154978, 0.870748281479, 1.34675729275, 1.83437633514, 2.32199549675, 2.80961441994, 3.32045340538, 3.83129239082, 4.34213161469, 4.841360569, 5.34058952332, 5.8282084465, 6.31582736969, 6.81505680084, 7.31428575516, 7.81351470947, 8.31274318695, 8.82358264923, 9.32281208038, 9.81043052673, 10.2980499268, 10.7972784042, 11.3081178665, 11.8189563751, 12.3414058685, 12.840634346, 13.3398637772, 13.8274831772, 14.3267116547, 14.8259410858, 15.3251695633, 15.8243989944, 16.3236274719, 16.8228569031, 17.3220863342, 17.8213157654, 18.3205432892, 18.8313827515, 19.3190021515, 19.8066215515, 20.3058490753, 20.8050785065, 21.2926979065, 21.7803173065, 22.2795467377, 22.7903842926, 23.2896137238, 23.800453186, 24.3112926483, 24.8221302032, 25.3213596344, 25.8205890656, 26.3198184967, 26.8190479279, 27.3182754517, 27.8175048828, 28.316734314, 28.8159637451, 29.3035831451, 29.7795906067, 30.2672100067, 30.7664394379, 31.2772789001, 31.7881164551, 32.2989578247, 32.8214035034, 33.3206329346, 33.8198623657, 34.3190917969, 34.8067131042, 35.3059387207, 35.8283882141, 36.3392295837, 36.8500671387, 37.3376846313, 37.8253059387, 38.3245353699, 38.8121528625, 39.3113822937, 39.8222198486, 40.3214492798, 40.8206787109, 41.3083000183, 41.795917511, 42.3067550659, 42.8059844971, 43.3284339905, 43.8392753601, 44.350112915, 44.8377304077, 45.3369598389, 45.8245811462, 46.3238105774, 46.8230361938, 47.322265625, 47.8214950562, 48.3091163635, 48.8199539185, 49.3191833496, 49.8184127808, 50.3176422119, 50.8052597046, 51.3044891357, 51.8153266907, 52.3261680603, 52.8253974915, 53.3246231079, 53.8238525391, 54.3230819702, 54.8223114014, 55.3215408325, 55.8207702637, 56.3199996948, 56.819229126, 57.3068466187, 57.8060760498, 58.305305481, 58.8161430359, 59.3269844055, 59.8378219604, 60.3370513916, 60.8362808228, 61.3238983154, 61.8347396851, 62.3339653015, 62.8331947327, 63.3324241638, 63.831653595, 64.3308868408, 64.8301086426, 65.3177337646, 65.8285675049, 66.327796936, 66.8154220581, 67.3146438599, 67.8254852295, 68.3247146606, 68.8239440918, 69.3115615845, 69.8224029541, 70.2984085083, 70.7976379395, 71.3084793091, 71.8193206787, 72.3185501099, 72.817779541, 73.3170089722, 73.8278427124, 74.3154602051, 74.8146896362, 75.3139190674, 75.8131484985, 76.3123779297, 76.8348312378, 77.3224487305, 77.8216781616, 78.3092956543, 78.8085250854, 79.2961425781, 79.8069839478, 80.3062133789, 80.8170471191, 81.3162765503, 81.8039016724, 82.291519165, 82.8023605347, 83.3248062134, 83.8588638306, 84.4045333862, 84.9153747559, 85.414604187, 85.9138336182, 86.4246673584, 86.935508728, 87.4347381592, 87.9223556519, 88.3983688354, 88.8859863281, 89.3968200684, 89.8960494995, 90.4068908691, 90.9061203003, 91.4053497314, 91.9045791626, 92.4154205322, 92.9262542725, 93.4254837036, 93.9247131348, 94.4355545044, 94.946395874, 95.4456253052, 95.9448471069, 96.4440765381, 96.9433059692, 97.4541473389, 97.95337677, 98.4526062012, 98.9518356323, 99.4278411865, 99.9270706177, 100.437911987, 100.937141418, 101.424758911, 101.923988342, 102.423217773, 102.934059143, 103.444892883, 103.955734253, 104.48979187, 105.023849487, 105.546302795, 106.068748474, 106.591201782, 107.090431213, 107.589660645, 108.065666199, 108.553283691, 109.052513123, 109.551742554, 110.039360046, 110.526985168, 111.0262146, 111.525436401, 112.036277771, 112.535507202, 113.046348572, 113.56879425, 114.07963562, 114.578865051, 115.078094482, 115.577323914, 116.076553345, 116.575782776, 117.098228455, 117.585845947, 118.085075378, 118.58430481, 119.083534241, 119.582763672, 120.081993103, 120.581222534, 121.080451965, 121.579681396, 122.078910828, 122.578140259, 123.07736969, 123.576599121, 124.064216614, 124.551834106, 125.051063538, 125.550292969, 126.037910461, 126.525527954, 127.047981262, 127.558815002, 128.058044434, 128.568893433, 129.068115234, 129.578948975, 130.078186035, 130.565795898, 131.076644897, 131.575866699, 132.063491821, 132.551101685, 133.050338745, 133.561172485, 134.060409546, 134.559631348, 135.082077026, 135.581314087, 136.068939209, 136.568161011, 137.067382813, 137.566619873, 138.065841675, 138.553466797, 139.064300537, 139.575149536, 140.074371338, 140.573608398, 141.0728302, 141.560455322, 142.059677124, 142.558914185, 143.058135986, 143.568969727, 144.056594849, 144.555831909, 145.043441772, 145.542678833, 146.053512573, 146.552734375, 147.075195313, 147.586029053, 148.073654175, 148.572875977, 149.072113037, 149.571334839, 150.070556641]
},
"tonal": {
    "chords_changes_rate": 0.0678175091743,
    "chords_number_rate": 0.00431565986946,
    "chords_strength": {
        "mean": 0.464236885309,
        "var": 0.010491810739
    },
    "hpcp_entropy": {
        "mean": 1.54247093201,
        "var": 0.554492175579
    },
    "key_strength": 0.767759501934,
    "tuning_diatonic_strength": 0.474790066481,
    "tuning_equal_tempered_deviation": 0.0399013310671,
    "tuning_frequency": 439.238189697,
    "tuning_nontempered_energy_ratio": 0.660195589066,
    "hpcp": {
        "mean": [0.104575350881, 0.0801081731915, 0.0447552762926, 0.0366425141692, 0.0353793241084, 0.0680642724037, 0.145703449845, 0.137134462595, 0.101855628192, 0.111824609339, 0.0747731253505, 0.0445500351489, 0.0413731560111, 0.0439704395831, 0.0628711506724, 0.0826504006982, 0.0812603160739, 0.0786042436957, 0.0995847582817, 0.107229411602, 0.170137360692, 0.255983442068, 0.174007996917, 0.0652356445789, 0.0388690456748, 0.026007309556, 0.0807794928551, 0.141516402364, 0.100172147155, 0.127222761512, 0.192624688148, 0.109584726393, 0.0522743575275, 0.0733477622271, 0.0627252683043, 0.0740454569459],
        "var": [0.0629092231393, 0.0380016863346, 0.0195037517697, 0.0153229953721, 0.0179732739925, 0.0240034628659, 0.0796976536512, 0.0695630833507, 0.0458009503782, 0.0686083585024, 0.034640416503, 0.0252139288932, 0.0211801361293, 0.0244241282344, 0.0368020348251, 0.0496477521956, 0.0474131815135, 0.0409992709756, 0.0632521659136, 0.0566085502505, 0.0748504251242, 0.129721835256, 0.0762304663658, 0.0334001816809, 0.0219251960516, 0.0116802910343, 0.0378850884736, 0.0945870503783, 0.0437831580639, 0.0519010908902, 0.114118941128, 0.0395086072385, 0.0227751508355, 0.0441316440701, 0.0289683192968, 0.0312897376716]
    },
    "chords_histogram": [15.5363750458, 7.61405658722, 7.98397064209, 3.26757097244, 6.75092458725, 5.67200994492, 2.99013566971, 5.30209636688, 0.339087545872, 1.17139339447, 3.60665845871, 0.893958091736, 0, 0.0616522803903, 0.462392121553, 0.524044394493, 1.04808878899, 0.770653486252, 0.277435272932, 0, 0, 1.5413069725, 16.6152896881, 17.5708999634],
    "thpcp": [1, 0.679762721062, 0.254843205214, 0.151842027903, 0.101597622037, 0.315565317869, 0.55283421278, 0.391322761774, 0.496996045113, 0.752488851547, 0.428093016148, 0.204209923744, 0.286533236504, 0.245036423206, 0.289258778095, 0.408523887396, 0.312942802906, 0.174836605787, 0.143144086003, 0.138209417462, 0.265893250704, 0.569190919399, 0.535716116428, 0.397899270058, 0.436843127012, 0.292101413012, 0.174034833908, 0.161624342203, 0.171770632267, 0.245606318116, 0.322874009609, 0.31744363904, 0.30706769228, 0.389028131962, 0.418891996145, 0.664642035961],
    "chords_key": "C",
    "chords_scale": "major",
    "key_key": "E",
    "key_scale": "minor"
}
}