{
"lowlevel": {
    "average_loudness": 0.0495117120445,
    "barkbands_crest": {
        "mean": 12.9666442871,
        "var": 23.6862220764
    },
    "barkbands_flatness_db": {
        "mean": 0.325565487146,
        "var": 0.00209225551225
    },
    "barkbands_kurtosis": {
        "mean": 4.46939086914,
        "var": 35.0282592773
    },
    "barkbands_skewness": {
        "mean": 1.40811812878,
        "var": 1.33430969715
    },
    "barkbands_spread": {
        "mean": 6.61952495575,
        "var": 18.7278652191
    },
    "dissonance": {
        "mean": 0.418525129557,
        "var": 0.00253220112063
    },
    "dynamic_complexity": 9.02140235901,
    "erbbands_crest": {
        "mean": 13.1779594421,
        "var": 32.95570755
    },
    "erbbands_flatness_db": {
        "mean": 0.358240425587,
        "var": 0.00186956871767
    },
    "erbbands_kurtosis": {
        "mean": 1.21822881699,
        "var": 21.1185760498
    },
    "erbbands_skewness": {
        "mean": 0.669136345387,
        "var": 0.79905372858
    },
    "erbbands_spread": {
        "mean": 14.313129425,
        "var": 30.5532970428
    },
    "hfc": {
        "mean": 7.10486316681,
        "var": 305.160095215
    },
    "melbands_crest": {
        "mean": 16.7845592499,
        "var": 30.8920898438
    },
    "melbands_flatness_db": {
        "mean": 0.416662633419,
        "var": 0.00369037641212
    },
    "melbands_kurtosis": {
        "mean": 6.87889289856,
        "var": 47.0660896301
    },
    "melbands_skewness": {
        "mean": 1.75996756554,
        "var": 1.56766104698
    },
    "melbands_spread": {
        "mean": 9.37153053284,
        "var": 51.1679267883
    },
    "pitch_salience": {
        "mean": 0.504697144032,
        "var": 0.0167921949178
    },
    "silence_rate_20dB": {
        "mean": 0.999738335609,
        "var": 0.000261570443399
    },
    "silence_rate_30dB": {
        "mean": 0.988226056099,
        "var": 0.0116347577423
    },
    "silence_rate_60dB": {
        "mean": 0.535060167313,
        "var": 0.248778864741
    },
    "spectral_centroid": {
        "mean": 617.756774902,
        "var": 112756.882813
    },
    "spectral_complexity": {
        "mean": 7.08398723602,
        "var": 27.440164566
    },
    "spectral_decrease": {
        "mean": -2.86828560903e-009,
        "var": 3.77012478851e-017
    },
    "spectral_energy": {
        "mean": 0.011469992809,
        "var": 0.000607548456173
    },
    "spectral_energyband_high": {
        "mean": 8.53410256241e-006,
        "var": 5.15455145234e-009
    },
    "spectral_energyband_low": {
        "mean": 0.000469934428111,
        "var": 3.50484765477e-006
    },
    "spectral_energyband_middle_high": {
        "mean": 0.00206113164313,
        "var": 3.49630863639e-005
    },
    "spectral_energyband_middle_low": {
        "mean": 0.00896927993745,
        "var": 0.00042827843572
    },
    "spectral_entropy": {
        "mean": 5.89039087296,
        "var": 0.179047092795
    },
    "spectral_flux": {
        "mean": 0.0222681146115,
        "var": 0.0013285742607
    },
    "spectral_kurtosis": {
        "mean": 67.0810699463,
        "var": 1791.57067871
    },
    "spectral_rms": {
        "mean": 0.00240704533644,
        "var": 5.396353572e-006
    },
    "spectral_rolloff": {
        "mean": 780.997497559,
        "var": 413800.84375
    },
    "spectral_skewness": {
        "mean": 5.33477640152,
        "var": 5.13462686539
    },
    "spectral_spread": {
        "mean": 1123597.875,
        "var": 588667813888
    },
    "spectral_strongpeak": {
        "mean": 0.920532107353,
        "var": 1.74299323559
    },
    "zerocrossingrate": {
        "mean": 0.0282188747078,
        "var": 0.000312169664539
    },
    "barkbands": {
        "mean": [4.54270121963e-007, 0.000246593001066, 0.000196130131371, 0.000138797462569, 0.00188000802882, 0.00205604615621, 0.00157052581199, 0.00252736825496, 0.000762738811318, 0.00031651230529, 0.000204964540899, 0.000317669502692, 0.000266181566985, 0.000152884385898, 0.000439872645075, 0.000231013254961, 9.79636315606e-005, 3.73454749933e-005, 1.73978096427e-005, 2.69046313406e-006, 4.57102896689e-006, 1.72828833911e-006, 4.49004943448e-007, 7.92902028479e-008, 1.14137259644e-008, 2.71155498055e-009, 6.10496098119e-010],
        "var": [2.01030468314e-012, 1.19344099403e-006, 6.63931700728e-007, 2.16940307496e-007, 4.67483514512e-005, 3.85062849091e-005, 3.71850801457e-005, 0.000192964580492, 9.80991262622e-006, 2.1327318791e-006, 4.81069946545e-007, 1.35220943775e-006, 1.46961281189e-006, 2.60421415987e-007, 4.70543409392e-006, 1.40995621223e-006, 3.34517380907e-007, 4.29782645028e-008, 1.29290036455e-008, 5.15907705445e-010, 1.23556243015e-009, 3.42041617252e-010, 2.29897021559e-011, 8.04254720547e-013, 2.78850734007e-014, 6.73664943528e-016, 1.71723925597e-018]
    },
    "erbbands": {
        "mean": [0.00210207886994, 0.0718317255378, 0.261300563812, 0.273387700319, 1.38756239414, 5.58753013611, 21.457036972, 13.7149305344, 17.7324924469, 30.407831192, 59.2918930054, 19.3215255737, 11.1146440506, 12.8929605484, 10.4451189041, 12.3226766586, 13.8536195755, 7.88632440567, 26.2159156799, 9.10398960114, 15.8031330109, 4.45915746689, 2.43938112259, 1.00337350368, 1.09825289249, 0.22686342895, 0.270887374878, 0.0767369419336, 0.0503727048635, 0.0474891699851, 0.0107404859737, 0.00288382987492, 0.000886108027771, 0.000242527996306, 4.89103804284e-005, 2.33091523114e-005, 6.7384958129e-006, 1.6827973468e-006, 5.81240919928e-006, 1.31627448354e-005],
        "var": [5.76156126044e-005, 0.103613592684, 1.33256709576, 0.693055689335, 16.3086662292, 393.910461426, 5608.40820313, 2055.71557617, 4337.6953125, 16452.0058594, 101298.476563, 4813.44628906, 3188.21728516, 2807.48974609, 879.912353516, 1419.35522461, 3780.42504883, 466.342315674, 16438.1699219, 1297.9453125, 6674.64208984, 401.807983398, 129.210220337, 32.5805206299, 57.9172439575, 3.58987832069, 4.44625663757, 0.369993180037, 0.260669618845, 0.273588985205, 0.00766945397481, 0.00071521254722, 0.000121300283354, 1.06130119093e-005, 2.27399510777e-007, 3.39675132466e-008, 5.33911026501e-010, 1.92265821319e-011, 1.59373222952e-010, 8.09699030047e-010]
    },
    "gfcc": {
        "mean": [-261.18447876, 219.321380615, -145.835723877, -44.9781608582, -25.0928497314, -26.289358139, -33.81275177, -14.3856630325, -10.9637908936, -10.5549173355, -6.42727613449, -10.9318790436, -3.05413365364],
        "cov": [[13566.4726563, -314.348480225, -4438.86230469, 1166.81335449, 55.6557312012, -1655.97399902, 526.445739746, -216.826461792, 981.353820801, 33.159488678, 409.982177734, -13.5614900589, 360.983428955], [-314.348480225, 957.533935547, 556.50177002, -198.538864136, 282.277435303, -51.7373161316, -131.536529541, -21.5064716339, -90.2377471924, 52.0718383789, 110.026794434, 26.1340560913, 56.635219574], [-4438.86230469, 556.50177002, 2397.83837891, -300.650268555, -82.1920700073, 698.538879395, -263.755218506, -92.2109298706, -417.645812988, -9.23241043091, -121.520774841, 34.63904953, -166.194641113], [1166.81335449, -198.538864136, -300.650268555, 473.263824463, 22.8396377563, 16.7032680511, 218.13142395, 13.2276411057, 124.887496948, 48.6482582092, 34.9580078125, 25.2011165619, 7.39039182663], [55.6557312012, 282.277435303, -82.1920700073, 22.8396377563, 326.749969482, 36.2475814819, 66.5488204956, 116.494255066, 21.0407390594, 45.442401886, 79.9636688232, 20.1892166138, 36.7136993408], [-1655.97399902, -51.7373161316, 698.538879395, 16.7032680511, 36.2475814819, 550.263122559, 105.804405212, 63.8968238831, -114.582229614, -33.6025085449, -77.0768203735, 24.3922691345, -95.0281143188], [526.445739746, -131.536529541, -263.755218506, 218.13142395, 66.5488204956, 105.804405212, 287.766052246, 97.4237289429, 86.0010910034, 13.8306951523, -4.01049900055, 9.54090881348, 10.0144033432], [-216.826461792, -21.5064716339, -92.2109298706, 13.2276411057, 116.494255066, 63.8968238831, 97.4237289429, 222.015548706, 77.4128417969, 5.4245018959, -16.2840538025, -29.5586166382, -4.9263625145], [981.353820801, -90.2377471924, -417.645812988, 124.887496948, 21.0407390594, -114.582229614, 86.0010910034, 77.4128417969, 244.345397949, 68.094871521, -3.28731513023, -30.6691150665, -12.4133615494], [33.159488678, 52.0718383789, -9.23241043091, 48.6482582092, 45.442401886, -33.6025085449, 13.8306951523, 5.4245018959, 68.094871521, 157.205123901, 58.8555183411, 13.0469751358, 4.52984857559], [409.982177734, 110.026794434, -121.520774841, 34.9580078125, 79.9636688232, -77.0768203735, -4.01049900055, -16.2840538025, -3.28731513023, 58.8555183411, 134.669189453, 53.6814460754, 53.0265083313], [-13.5614900589, 26.1340560913, 34.63904953, 25.2011165619, 20.1892166138, 24.3922691345, 9.54090881348, -29.5586166382, -30.6691150665, 13.0469751358, 53.6814460754, 90.3797302246, 44.2696037292], [360.983428955, 56.635219574, -166.194641113, 7.39039182663, 36.7136993408, -95.0281143188, 10.0144033432, -4.9263625145, -12.4133615494, 4.52984857559, 53.0265083313, 44.2696037292, 121.380271912]],
        "icov": [[0.000525392591953, -0.000740229384974, 0.000841280503664, -0.000883086060639, 0.000655352254398, 6.00830317126e-005, -8.75578480191e-005, 0.000829755270388, -0.000993017340079, 0.000979892909527, -0.000856898608617, 0.000376399373636, -2.28108619922e-005], [-0.000740229384974, 0.00518331071362, -0.0037070128601, 0.00285041052848, -0.00551121402532, 0.00278680259362, -0.00175096897874, 0.00129159505013, -0.000998059404083, 0.00047163371346, -0.0012091913959, 0.00110732356552, -0.0014159346465], [0.000841280503664, -0.0037070128601, 0.00426563201472, -0.00252153514884, 0.0039557851851, -0.00323351752013, 0.0026049031876, -0.000373633462004, 0.00142562179826, -0.000960139906965, 0.00107038754504, -0.000771951163188, 0.00125923915766], [-0.000883086060639, 0.00285041052848, -0.00252153514884, 0.0061109107919, -0.00267601828091, 0.0010509431595, -0.00381962885149, 0.0010217956733, -0.000933854375035, -0.000757836794946, -0.000820784189273, -0.000293631077511, -0.000141030235682], [0.000655352254398, -0.00551121402532, 0.0039557851851, -0.00267601828091, 0.0109648490325, -0.00388571922667, 0.001787116169, -0.00427493033931, 0.00171911809593, -0.00126366503537, -0.00192557892296, -0.00053946999833, 0.000783061783295], [6.00830317126e-005, 0.00278680259362, -0.00323351752013, 0.0010509431595, -0.00388571922667, 0.00808477029204, -0.00489233573899, 0.000622411142103, -0.000323374755681, 0.00197976268828, 0.000215065359953, -0.0022293580696, 0.00257558911107], [-8.75578480191e-005, -0.00175096897874, 0.0026049031876, -0.00381962885149, 0.001787116169, -0.00489233573899, 0.0104547310621, -0.00349910673685, 0.00149574421812, -0.00202758680098, 0.00287854578346, -0.00113011349458, -0.00111543294042], [0.000829755270388, 0.00129159505013, -0.000373633462004, 0.0010217956733, -0.00427493033931, 0.000622411142103, -0.00349910673685, 0.0112966084853, -0.00635333312675, 0.00380787113681, -0.00271846726537, 0.00453196186572, -0.00237377872691], [-0.000993017340079, -0.000998059404083, 0.00142562179826, -0.000933854375035, 0.00171911809593, -0.000323374755681, 0.00149574421812, -0.00635333312675, 0.0140099534765, -0.00807667057961, 0.00683291768655, -0.0027975582052, 0.00404279353097], [0.000979892909527, 0.00047163371346, -0.000960139906965, -0.000757836794946, -0.00126366503537, 0.00197976268828, -0.00202758680098, 0.00380787113681, -0.00807667057961, 0.0135514773428, -0.00863773934543, 0.00254122773185, -0.000633788004052], [-0.000856898608617, -0.0012091913959, 0.00107038754504, -0.000820784189273, -0.00192557892296, 0.000215065359953, 0.00287854578346, -0.00271846726537, 0.00683291768655, -0.00863773934543, 0.0208999961615, -0.0098879262805, 0.000528164673597], [0.000376399373636, 0.00110732356552, -0.000771951163188, -0.000293631077511, -0.00053946999833, -0.0022293580696, -0.00113011349458, 0.00453196186572, -0.0027975582052, 0.00254122773185, -0.0098879262805, 0.0220114756376, -0.00806942768395], [-2.28108619922e-005, -0.0014159346465, 0.00125923915766, -0.000141030235682, 0.000783061783295, 0.00257558911107, -0.00111543294042, -0.00237377872691, 0.00404279353097, -0.000633788004052, 0.000528164673597, -0.00806942768395, 0.0156245082617]]
    },
    "melbands": {
        "mean": [4.26071819675e-005, 0.000127581588458, 8.16285610199e-005, 0.000186113422387, 0.000679926772136, 0.000314930744935, 0.000287593371468, 0.000373974180548, 0.000436400558101, 0.000102720456198, 5.38817657798e-005, 5.30520119355e-005, 3.43227256963e-005, 3.97765361413e-005, 2.90916559607e-005, 2.33265909628e-005, 1.22374931379e-005, 3.89276210626e-005, 2.20120327867e-005, 8.91161653271e-006, 2.01963921427e-005, 3.78965751224e-006, 4.13431325796e-006, 1.53815562953e-006, 6.71740849612e-007, 7.01500255218e-007, 4.69511149959e-007, 1.04566339587e-007, 1.49805501337e-007, 1.03209821134e-007, 2.93057151879e-008, 1.86715300998e-008, 5.44616440834e-008, 1.41954643595e-008, 6.32550278823e-009, 2.86913048875e-009, 1.21426391164e-009, 7.43610839571e-010, 2.65480776251e-010, 1.56115467775e-010],
        "var": [3.06818463969e-008, 3.1601223327e-007, 7.00008655485e-008, 2.9856130368e-007, 5.65285836274e-006, 1.001755777e-006, 1.13749274533e-006, 2.86009435513e-006, 5.33979573447e-006, 1.76507555238e-007, 8.02539474876e-008, 5.39887849982e-008, 1.07997397691e-008, 2.48145397563e-008, 1.29473569643e-008, 7.52699946815e-009, 1.40168665563e-009, 3.44387487416e-008, 9.45435463251e-009, 1.51964563155e-009, 1.09553237593e-008, 7.19743042943e-010, 5.9288945975e-010, 1.55912699418e-010, 1.46881829616e-011, 2.0974479098e-011, 1.13066153662e-011, 1.29990061683e-012, 1.37756668052e-012, 5.7426432316e-013, 6.05778922576e-014, 2.9937820479e-014, 4.38852404937e-013, 2.89452469426e-014, 2.74517660733e-015, 7.4704446654e-016, 1.68814394307e-016, 1.15869713201e-016, 9.90277799164e-018, 7.48606974321e-018]
    },
    "mfcc": {
        "mean": [-856.864074707, 207.112258911, -14.4382562637, -19.6576862335, 4.11419057846, -8.42767620087, -15.0730552673, -9.73305702209, -6.78105068207, -5.34805107117, -4.21624898911, -2.41053366661, -1.13366031647],
        "cov": [[7948.24511719, 2093.48095703, -3177.79907227, 320.389526367, -28.6079883575, -550.96887207, -517.287231445, -198.412765503, 37.3904953003, 222.285003662, 110.619239807, 156.195236206, 236.099624634], [2093.48095703, 1295.89978027, -623.804199219, -134.235092163, 179.516265869, -168.08291626, -120.13734436, -104.169334412, -75.3311843872, -3.99940800667, 41.6757011414, 54.3733596802, 40.3968391418], [-3177.79907227, -623.804199219, 1826.57421875, 72.5691070557, -0.69104385376, 361.288146973, 258.875640869, 31.4548053741, -90.9784317017, -134.74760437, -70.2515716553, -54.7642021179, -89.3524856567], [320.389526367, -134.235092163, 72.5691070557, 409.701568604, -21.3037090302, 41.9430084229, 55.4387283325, -11.9649868011, -4.07840871811, 29.5698680878, -6.47609472275, -1.01444494724, 36.3458938599], [-28.6079883575, 179.516265869, -0.69104385376, -21.3037090302, 195.298599243, 32.2693634033, 37.9112472534, 44.947479248, 11.4279241562, 28.2943344116, 41.4397277832, 22.5048027039, 20.3307762146], [-550.96887207, -168.08291626, 361.288146973, 41.9430084229, 32.2693634033, 242.345962524, 154.728240967, 75.4449920654, 29.711107254, 2.14868187904, 2.37054586411, 18.16147995, 40.0152053833], [-517.287231445, -120.13734436, 258.875640869, 55.4387283325, 37.9112472534, 154.728240967, 276.762786865, 147.014984131, 14.2817678452, -12.9734277725, -13.1782579422, -21.2502841949, -1.55074584484], [-198.412765503, -104.169334412, 31.4548053741, -11.9649868011, 44.947479248, 75.4449920654, 147.014984131, 211.980712891, 104.132720947, 28.8551521301, 24.900188446, -8.55878257751, -18.9699554443], [37.3904953003, -75.3311843872, -90.9784317017, -4.07840871811, 11.4279241562, 29.711107254, 14.2817678452, 104.132720947, 176.767913818, 104.932319641, 50.3500595093, 40.6385383606, 8.17108249664], [222.285003662, -3.99940800667, -134.74760437, 29.5698680878, 28.2943344116, 2.14868187904, -12.9734277725, 28.8551521301, 104.932319641, 155.388824463, 84.2141799927, 18.303527832, -1.8868213892], [110.619239807, 41.6757011414, -70.2515716553, -6.47609472275, 41.4397277832, 2.37054586411, -13.1782579422, 24.900188446, 50.3500595093, 84.2141799927, 103.54196167, 49.6777687073, -8.96543979645], [156.195236206, 54.3733596802, -54.7642021179, -1.01444494724, 22.5048027039, 18.16147995, -21.2502841949, -8.55878257751, 40.6385383606, 18.303527832, 49.6777687073, 148.655258179, 101.230300903], [236.099624634, 40.3968391418, -89.3524856567, 36.3458938599, 20.3307762146, 40.0152053833, -1.55074584484, -18.9699554443, 8.17108249664, -1.8868213892, -8.96543979645, 101.230300903, 204.593139648]],
        "icov": [[0.00597550394014, -0.00824422389269, 0.00861198734492, -0.00850146263838, 0.00884313229471, -0.00853136833757, 0.00882961694151, -0.00921557471156, 0.00871938001364, -0.00775666814297, 0.00698255887255, -0.00513053592294, 0.00243056751788], [-0.00824422389269, 0.0126857468858, -0.0114315608516, 0.0120077468455, -0.0135754365474, 0.0120908198878, -0.0126149989665, 0.0136898001656, -0.0118972240016, 0.0111923906952, -0.00990400929004, 0.00680698268116, -0.00318239978515], [0.00861198734492, -0.0114315608516, 0.013569207862, -0.0122508257627, 0.0122435679659, -0.013797708787, 0.0122636519372, -0.0123164104298, 0.0125519121066, -0.010204359889, 0.0100420694798, -0.00766582135111, 0.00449195457622], [-0.00850146263838, 0.0120077468455, -0.0122508257627, 0.0149513501674, -0.0124021638185, 0.0122560989112, -0.0135661773384, 0.0138383070007, -0.0118558341637, 0.0095493895933, -0.00933769531548, 0.00727598182857, -0.00399880623445], [0.00884313229471, -0.0135754365474, 0.0122435679659, -0.0124021638185, 0.020815603435, -0.0133032351732, 0.0135186426342, -0.0165729802102, 0.0149197811261, -0.0131694562733, 0.00843272171915, -0.00737586291507, 0.00242686457932], [-0.00853136833757, 0.0120908198878, -0.013797708787, 0.0122560989112, -0.0133032351732, 0.0220351107419, -0.017084993422, 0.0145248584449, -0.0151546318084, 0.0119633655995, -0.0121545512229, 0.00841316860169, -0.0064956494607], [0.00882961694151, -0.0126149989665, 0.0122636519372, -0.0135661773384, 0.0135186426342, -0.017084993422, 0.0243094973266, -0.0235423780978, 0.0199102722108, -0.0161807183176, 0.0154931014404, -0.00990960560739, 0.00470470590517], [-0.00921557471156, 0.0136898001656, -0.0123164104298, 0.0138383070007, -0.0165729802102, 0.0145248584449, -0.0235423780978, 0.0337069965899, -0.0290184784681, 0.0239460468292, -0.0209781564772, 0.0150302592665, -0.00512901740149], [0.00871938001364, -0.0118972240016, 0.0125519121066, -0.0118558341637, 0.0149197811261, -0.0151546318084, 0.0199102722108, -0.0290184784681, 0.0377807840705, -0.0313067957759, 0.0240756366402, -0.0191630795598, 0.00755576463416], [-0.00775666814297, 0.0111923906952, -0.010204359889, 0.0095493895933, -0.0131694562733, 0.0119633655995, -0.0161807183176, 0.0239460468292, -0.0313067957759, 0.0403570868075, -0.0334427841008, 0.020347405225, -0.00825595110655], [0.00698255887255, -0.00990400929004, 0.0100420694798, -0.00933769531548, 0.00843272171915, -0.0121545512229, 0.0154931014404, -0.0209781564772, 0.0240756366402, -0.0334427841008, 0.0449260212481, -0.0250061117113, 0.0127253010869], [-0.00513053592294, 0.00680698268116, -0.00766582135111, 0.00727598182857, -0.00737586291507, 0.00841316860169, -0.00990960560739, 0.0150302592665, -0.0191630795598, 0.020347405225, -0.0250061117113, 0.0261594615877, -0.0127441361547], [0.00243056751788, -0.00318239978515, 0.00449195457622, -0.00399880623445, 0.00242686457932, -0.0064956494607, 0.00470470590517, -0.00512901740149, 0.00755576463416, -0.00825595110655, 0.0127253010869, -0.0127441361547, 0.0124581791461]]
    },
    "spectral_contrast_coeffs": {
        "mean": [-0.591974914074, -0.70611768961, -0.733758687973, -0.721140384674, -0.716336607933, -0.829953968525],
        "var": [0.00827033445239, 0.00924715586007, 0.00713237328455, 0.0055106007494, 0.00602025166154, 0.00479946658015]
    },
    "spectral_contrast_valleys": {
        "mean": [-9.48944950104, -7.67441654205, -8.71880054474, -9.84078216553, -11.6941432953, -14.8203315735],
        "var": [1.11692798138, 1.46029114723, 1.3408536911, 1.6643242836, 1.9295065403, 0.649983823299]
    }
},
"metadata": {
    "audio_properties": {
        "analysis_sample_rate": 44100,
        "bit_rate": 128000,
        "equal_loudness": 0,
        "length": 88.7118377686,
        "lossless": 0,
        "replay_gain": -2.09279823303,
        "sample_rate": 44100,
        "codec": "mp3",
        "downmix": "mix",
        "md5_encoded": "d8dbc28acf46b886c6c4c9c0848091b1"
    },
    "tags": {
        "file_name": "2045.mp3",
        "album": ["Wasted Time"],
        "artist": ["Behrang Shegarfkar"],
        "encoding": ["LAME 64bits version 3.99.5 (http:\/\/lame.sf.net)"],
        "genre": ["Classical"],
        "length": ["88664"],
        "title": ["Jazzy Mode"],
        "tracknumber": ["08"]
    },
    "version": {
        "essentia": "2.1-beta2",
        "essentia_git_sha": "v2.1_beta2",
        "extractor": "music 1.0"
    }
},
"rhythm": {
    "beats_count": 184,
    "beats_loudness": {
        "mean": 0.0188554339111,
        "var": 0.00123108702246
    },
    "bpm": 153.337692261,
    "bpm_histogram_first_peak_bpm": {
        "mean": 152,
        "var": 0
    },
    "bpm_histogram_first_peak_spread": {
        "mean": 0.136363595724,
        "var": 0
    },
    "bpm_histogram_first_peak_weight": {
        "mean": 0.103825137019,
        "var": 0
    },
    "bpm_histogram_second_peak_bpm": {
        "mean": 136,
        "var": 0
    },
    "bpm_histogram_second_peak_spread": {
        "mean": 0.617647051811,
        "var": 0
    },
    "bpm_histogram_second_peak_weight": {
        "mean": 0.0710382536054,
        "var": 0
    },
    "danceability": 0.955592989922,
    "onset_rate": 1.6793756485,
    "beats_loudness_band_ratio": {
        "mean": [0.173318892717, 0.3524492383, 0.326852709055, 0.134062960744, 0.054071187973, 0.00110290327575],
        "var": [0.0522294864058, 0.084346704185, 0.0727545246482, 0.0369399152696, 0.00719486549497, 1.38056439027e-005]
    },
    "beats_position": [0.476009070873, 0.975238084793, 1.47446703911, 1.97369611263, 2.46131515503, 2.97215414047, 3.45977306366, 3.95900225639, 4.48145103455, 4.98067998886, 5.47990942001, 5.95591831207, 6.43192720413, 6.91954612732, 7.40716552734, 7.89478445053, 8.35918331146, 8.83519268036, 9.31120204926, 9.77560043335, 10.2399997711, 10.7043991089, 11.1687984467, 11.6099767685, 12.051156044, 12.4807252884, 12.9102945328, 13.4559631348, 14.0016326904, 14.5589113235, 15.1045799255, 15.6502494812, 16.2191371918, 16.7764167786, 17.3336963654, 17.8445339203, 18.3553733826, 18.8313827515, 19.3073921204, 19.7137413025, 20.1317005157, 20.549659729, 20.9792289734, 21.4087982178, 21.8383674622, 22.2911567688, 22.7323360443, 23.1851234436, 23.6263027191, 24.0790920258, 24.5202713013, 24.9498405457, 25.37940979, 25.8089790344, 26.2385482788, 26.6565074921, 27.0744667053, 27.5040359497, 27.9452152252, 28.3515644073, 28.7695236206, 29.199092865, 29.6170520782, 30.0117912292, 30.4065303802, 30.8012695313, 31.1960086823, 31.5791378021, 31.9738769531, 32.3686180115, 32.7517471313, 33.146484375, 33.5180053711, 33.8779144287, 34.2494316101, 34.6209526062, 34.9924697876, 35.3639907837, 35.7471199036, 36.1302490234, 36.5133781433, 36.8965072632, 37.3144645691, 37.7324256897, 38.1271629333, 38.5219039917, 38.91664505, 39.3229942322, 39.7409515381, 40.124080658, 40.5072097778, 40.8903388977, 41.2734680176, 41.6682090759, 42.0629463196, 42.4576873779, 42.8524246216, 43.2355537415, 43.6302947998, 44.0250320435, 44.4197731018, 44.8145103455, 45.1976394653, 45.5807685852, 45.9522895813, 46.3238105774, 46.718547821, 47.1365089417, 47.6241264343, 48.0653038025, 48.5180931091, 48.9708824158, 49.5049438477, 49.9925613403, 50.480178833, 51.0026283264, 51.5250778198, 52.0707473755, 52.6164169312, 53.1504745483, 53.661315918, 54.1721534729, 54.6829910278, 55.2054405212, 55.7395019531, 56.2619476318, 56.7727890015, 57.2836265564, 57.794467926, 58.340133667, 58.8858032227, 59.4895210266, 60.104850769, 60.7201805115, 61.3355102539, 61.9508361816, 62.6474380493, 63.3324241638, 64.0058059692, 64.6907958984, 65.3757781982, 65.9678878784, 66.5599975586, 67.1869354248, 67.8022689819, 68.4175949097, 69.0329208374, 69.6482543945, 70.2635803223, 70.844078064, 71.4245758057, 72.0050811768, 72.5855789185, 73.1660766602, 73.7349624634, 74.303855896, 74.8611297607, 75.4300231934, 75.9989089966, 76.5678024292, 77.1483001709, 77.7171859741, 78.2744674683, 78.7620849609, 79.2380905151, 79.7257156372, 80.2133331299, 80.6893386841, 81.1653518677, 81.6413574219, 82.105758667, 82.5701599121, 83.0345535278, 83.4757385254, 83.9169158936, 84.3580932617, 84.7992706299, 85.2520599365, 85.6932373047, 86.1460266113, 86.598815918, 87.0400009155, 87.4927902222, 87.9455795288]
},
"tonal": {
    "chords_changes_rate": 0.0324267782271,
    "chords_number_rate": 0.00470711290836,
    "chords_strength": {
        "mean": 0.503317713737,
        "var": 0.00847722776234
    },
    "hpcp_entropy": {
        "mean": 1.3808400631,
        "var": 0.510874509811
    },
    "key_strength": 0.796062529087,
    "tuning_diatonic_strength": 0.504119455814,
    "tuning_equal_tempered_deviation": 0.0133288921788,
    "tuning_frequency": 440.508636475,
    "tuning_nontempered_energy_ratio": 0.587764561176,
    "hpcp": {
        "mean": [0.311294287443, 0.141518697143, 0.019979801029, 0.0212134514004, 0.0201259106398, 0.144047498703, 0.237040117383, 0.112513251603, 0.0235502962023, 0.0277275387198, 0.0146777331829, 0.103648379445, 0.20650754869, 0.116145335138, 0.14211858809, 0.244105115533, 0.119650572538, 0.0320912413299, 0.0396193675697, 0.0207635723054, 0.127704799175, 0.234352201223, 0.1173010692, 0.011917646043, 0.0118328854442, 0.0169433299452, 0.182650253177, 0.303500205278, 0.146620035172, 0.0918886438012, 0.110573194921, 0.0369906648993, 0.0118515146896, 0.0154935764149, 0.0200252179056, 0.188262864947],
        "var": [0.151066228747, 0.03340164572, 0.00339371128939, 0.00499338889495, 0.00233240635134, 0.0433680005372, 0.111452415586, 0.0266571864486, 0.00802445132285, 0.0165539812297, 0.00319086201489, 0.0287670474499, 0.113755702972, 0.0324056223035, 0.0448607653379, 0.131415367126, 0.0292892437428, 0.00705053005368, 0.0169998500496, 0.00435738032684, 0.0352394543588, 0.117379754782, 0.0310718528926, 0.00142927945126, 0.0027674024459, 0.00387025275268, 0.0536750331521, 0.143580719829, 0.0340897738934, 0.0547035746276, 0.0782872065902, 0.00736118899658, 0.000668131397106, 0.00103168794885, 0.0010760941077, 0.0554415099323]
    },
    "chords_histogram": [15.2719669342, 8.31589984894, 26.2029285431, 0.104602508247, 0, 0, 12.8138074875, 0, 0, 0, 0, 0, 0, 0, 0, 0, 0, 0.889121353626, 0, 2.77196645737, 4.49790811539, 4.55020904541, 12.8661088943, 11.7154808044],
    "thpcp": [1, 0.454613864422, 0.0641829967499, 0.06814596802, 0.0646523609757, 0.462737351656, 0.761466324329, 0.361436933279, 0.0756528377533, 0.0890717878938, 0.0471506677568, 0.332959473133, 0.663383662701, 0.373104602098, 0.456540942192, 0.784161865711, 0.384364813566, 0.103089720011, 0.12727303803, 0.0667007789016, 0.410238176584, 0.752831697464, 0.376817286015, 0.0382841788232, 0.03801189363, 0.0544286556542, 0.586744606495, 0.974962353706, 0.47100135684, 0.295182555914, 0.355204701424, 0.118828602135, 0.0380717366934, 0.049771476537, 0.0643288940191, 0.604774534702],
    "chords_key": "A",
    "chords_scale": "major",
    "key_key": "D",
    "key_scale": "major"
}
}