{
"lowlevel": {
    "average_loudness": 0.909533441067,
    "barkbands_crest": {
        "mean": 11.963391304,
        "var": 28.7001438141
    },
    "barkbands_flatness_db": {
        "mean": 0.203478336334,
        "var": 0.00830514356494
    },
    "barkbands_kurtosis": {
        "mean": 10.7050132751,
        "var": 1358.26501465
    },
    "barkbands_skewness": {
        "mean": 1.8733869791,
        "var": 4.36017560959
    },
    "barkbands_spread": {
        "mean": 16.8763599396,
        "var": 149.544525146
    },
    "dissonance": {
        "mean": 0.432096511126,
        "var": 0.00247800233774
    },
    "dynamic_complexity": 3.49045991898,
    "erbbands_crest": {
        "mean": 10.4256734848,
        "var": 19.2686691284
    },
    "erbbands_flatness_db": {
        "mean": 0.193165227771,
        "var": 0.00434042699635
    },
    "erbbands_kurtosis": {
        "mean": 1.70620012283,
        "var": 23.3888492584
    },
    "erbbands_skewness": {
        "mean": 0.298230558634,
        "var": 1.04565393925
    },
    "erbbands_spread": {
        "mean": 29.6387195587,
        "var": 424.949371338
    },
    "hfc": {
        "mean": 18.6915493011,
        "var": 541.412780762
    },
    "melbands_crest": {
        "mean": 15.0031833649,
        "var": 25.9842376709
    },
    "melbands_flatness_db": {
        "mean": 0.292261779308,
        "var": 0.0128043154255
    },
    "melbands_kurtosis": {
        "mean": 20.3388671875,
        "var": 2411.04125977
    },
    "melbands_skewness": {
        "mean": 2.72258067131,
        "var": 5.2039899826
    },
    "melbands_spread": {
        "mean": 17.6542892456,
        "var": 184.898971558
    },
    "pitch_salience": {
        "mean": 0.461686611176,
        "var": 0.0158382803202
    },
    "silence_rate_20dB": {
        "mean": 1,
        "var": 0
    },
    "silence_rate_30dB": {
        "mean": 0.95941400528,
        "var": 0.0389392413199
    },
    "silence_rate_60dB": {
        "mean": 0.0530739687383,
        "var": 0.0502526648343
    },
    "spectral_centroid": {
        "mean": 965.151855469,
        "var": 310852.96875
    },
    "spectral_complexity": {
        "mean": 12.8724784851,
        "var": 67.0969924927
    },
    "spectral_decrease": {
        "mean": -8.53288106839e-009,
        "var": 6.64792220466e-017
    },
    "spectral_energy": {
        "mean": 0.0339005030692,
        "var": 0.00102595228236
    },
    "spectral_energyband_high": {
        "mean": 0.000614902412053,
        "var": 3.64232982974e-006
    },
    "spectral_energyband_low": {
        "mean": 0.0187763329595,
        "var": 0.00067453936208
    },
    "spectral_energyband_middle_high": {
        "mean": 0.00599589385092,
        "var": 5.35725812369e-005
    },
    "spectral_energyband_middle_low": {
        "mean": 0.010085853748,
        "var": 9.23781262827e-005
    },
    "spectral_entropy": {
        "mean": 6.9182934761,
        "var": 0.573427855968
    },
    "spectral_flux": {
        "mean": 0.0740701407194,
        "var": 0.00429668044671
    },
    "spectral_kurtosis": {
        "mean": 12.5524702072,
        "var": 221.977584839
    },
    "spectral_rms": {
        "mean": 0.00522314338014,
        "var": 5.79230118092e-006
    },
    "spectral_rolloff": {
        "mean": 1002.29956055,
        "var": 949332.1875
    },
    "spectral_skewness": {
        "mean": 2.41179013252,
        "var": 1.63573515415
    },
    "spectral_spread": {
        "mean": 3938768.25,
        "var": 4.29555528499e+012
    },
    "spectral_strongpeak": {
        "mean": 0.753649532795,
        "var": 1.16224086285
    },
    "zerocrossingrate": {
        "mean": 0.0397613830864,
        "var": 0.00085716554895
    },
    "barkbands": {
        "mean": [0.00047890440328, 0.0133452229202, 0.00359894242138, 0.00210032379255, 0.00189567089546, 0.00193955993745, 0.00175543897785, 0.00107613229193, 0.000841320783366, 0.000880396575667, 0.000756863330025, 0.00112808938138, 0.000852896482684, 0.000640603189822, 0.000669007713441, 0.00043916614959, 0.000428560480941, 0.000266556860879, 0.000147916231072, 9.92963468889e-005, 0.00011983262084, 0.000126367260236, 0.000127261329908, 8.75246187206e-005, 6.40137877781e-005, 3.05291141558e-005, 4.02746718464e-006],
        "var": [1.89996649169e-006, 0.000326033565216, 7.39880124456e-005, 1.00465904325e-005, 1.19888672998e-005, 8.35431092128e-006, 9.93620415102e-006, 3.93897244066e-006, 3.27439033754e-006, 3.11377607431e-006, 3.3275646274e-006, 6.62429511067e-006, 3.10479754262e-006, 2.17760748455e-006, 1.62892547451e-006, 1.29291777284e-006, 7.3517577448e-007, 4.86078249651e-007, 1.90236434605e-007, 9.61943840139e-008, 1.34238092642e-007, 1.81752142225e-007, 2.60462627466e-007, 1.23641086702e-007, 5.68160345438e-008, 1.01444035394e-008, 3.89757837116e-010]
    },
    "erbbands": {
        "mean": [0.357126146555, 2.99077439308, 4.90311908722, 6.39523935318, 7.6444849968, 4.28980493546, 6.82119941711, 18.8624858856, 26.0855445862, 25.1203289032, 20.7131271362, 21.8159370422, 28.894071579, 24.6140289307, 35.6002655029, 49.5811576843, 40.4735374451, 42.0853729248, 31.4183330536, 29.1871852875, 28.4648532867, 19.5982475281, 15.9015817642, 8.94138717651, 6.24065637589, 4.95268058777, 4.5328783989, 4.99935436249, 4.40091228485, 4.35519075394, 3.39908623695, 2.28809595108, 1.22031092644, 0.777081310749, 0.415988117456, 0.172190964222, 0.0450083836913, 0.011702015996, 0.000418247975176, 4.85281161673e-005],
        "var": [0.428293406963, 15.3764562607, 87.0215606689, 119.309288025, 170.032958984, 65.8286514282, 122.047218323, 964.039489746, 1702.43591309, 2049.61791992, 1473.88867188, 2283.87036133, 3066.64233398, 2623.79077148, 7012.61474609, 12562.5205078, 6041.49414063, 6604.10009766, 4373.27099609, 3647.38427734, 3454.2355957, 1273.56750488, 1681.63452148, 423.734863281, 477.019897461, 248.49911499, 214.155334473, 225.720474243, 205.761444092, 256.123779297, 180.964279175, 89.0396575928, 25.6742515564, 9.37656021118, 2.19895601273, 0.342121720314, 0.0232515782118, 0.00206758268178, 3.75081526727e-006, 3.41704575746e-009]
    },
    "gfcc": {
        "mean": [-46.7305870056, 127.332931519, -103.02645874, 21.9846858978, -38.9473838806, 20.9058361053, -29.0975055695, 8.61836051941, -12.0484323502, 5.83573007584, -10.1100387573, 4.1625919342, -11.295085907],
        "cov": [[10661.7451172, -2386.82348633, -1573.61096191, 491.396972656, -461.620758057, 556.406799316, -613.822143555, 224.246536255, -204.653015137, 207.607452393, -360.727050781, 34.356136322, -222.233535767], [-2386.82348633, 2371.18945313, -26.9909133911, -513.032897949, 555.518920898, -382.43145752, 270.894226074, -212.343002319, 247.325653076, -252.089447021, 203.67199707, -147.386871338, 112.880584717], [-1573.61096191, -26.9909133911, 1793.37719727, 254.255187988, -137.576690674, 69.5264511108, 141.825057983, 40.7278823853, -125.066940308, 52.3417625427, -14.4868526459, 10.728020668, -0.950484633446], [491.396972656, -513.032897949, 254.255187988, 662.960449219, -86.3742599487, 61.831363678, -19.9244422913, 0.714891910553, -66.0227966309, -10.6367168427, -23.0897922516, -25.7754325867, -29.9557914734], [-461.620758057, 555.518920898, -137.576690674, -86.3742599487, 664.737182617, 15.5325708389, 89.4590911865, 14.3914680481, 50.5667381287, -100.878105164, 3.26580381393, -52.4465179443, -12.6233224869], [556.406799316, -382.43145752, 69.5264511108, 61.831363678, 15.5325708389, 282.532196045, 25.9739837646, 59.4798202515, -62.9906845093, 34.2618331909, -61.2824630737, -5.10384368896, -17.1411933899], [-613.822143555, 270.894226074, 141.825057983, -19.9244422913, 89.4590911865, 25.9739837646, 207.487045288, 20.8911170959, 25.9376983643, -17.2487258911, 36.0710525513, -26.2304763794, 18.8867454529], [224.246536255, -212.343002319, 40.7278823853, 0.714891910553, 14.3914680481, 59.4798202515, 20.8911170959, 136.137252808, 22.0670566559, 46.6923828125, -16.6529197693, 27.9317779541, -6.74950885773], [-204.653015137, 247.325653076, -125.066940308, -66.0227966309, 50.5667381287, -62.9906845093, 25.9376983643, 22.0670566559, 156.518051147, 17.7071647644, 46.4331550598, -1.63058900833, 15.6475524902], [207.607452393, -252.089447021, 52.3417625427, -10.6367168427, -100.878105164, 34.2618331909, -17.2487258911, 46.6923828125, 17.7071647644, 121.906272888, 13.5172863007, 34.828125, -15.2499628067], [-360.727050781, 203.67199707, -14.4868526459, -23.0897922516, 3.26580381393, -61.2824630737, 36.0710525513, -16.6529197693, 46.4331550598, 13.5172863007, 114.977722168, 25.2773399353, 25.3079166412], [34.356136322, -147.386871338, 10.728020668, -25.7754325867, -52.4465179443, -5.10384368896, -26.2304763794, 27.9317779541, -1.63058900833, 34.828125, 25.2773399353, 101.70010376, 24.1825256348], [-222.233535767, 112.880584717, -0.950484633446, -29.9557914734, -12.6233224869, -17.1411933899, 18.8867454529, -6.74950885773, 15.6475524902, -15.2499628067, 25.3079166412, 24.1825256348, 81.8208084106]],
        "icov": [[0.000196195818717, -0.000147223370732, 0.000235475672525, -0.000239438013523, 0.000160606839927, -0.000368704320863, 0.000444085831987, -0.000397080060793, 0.000259093329078, -0.000317197613185, 0.000357472628821, -0.000119775126223, 0.000279504543869], [-0.000147223370732, 0.00315048662014, -0.000863082706928, 0.00212161266245, -0.00146191229578, 0.00205586850643, -0.00191472691949, 0.0030739561189, -0.00310370186344, 0.00377026037313, -0.00302281696349, 0.00308412546292, -0.00175914983265], [0.000235475672525, -0.000863082706928, 0.00114977569319, -0.000973606132902, 0.000568460207433, -0.000641070771962, 0.000176402172656, -0.00120611989405, 0.00163490546402, -0.00167434825562, 0.00124117697123, -0.000902326137293, 0.000558430503588], [-0.000239438013523, 0.00212161266245, -0.000973606132902, 0.00329117430374, -0.000776614469942, 0.00117658160161, -0.00112057419028, 0.00197069114074, -0.00189092487562, 0.00334770488553, -0.00271586026065, 0.00260441401042, -0.000779921072535], [0.000160606839927, -0.00146191229578, 0.000568460207433, -0.000776614469942, 0.00280904979445, -0.00155625340994, 0.000558288302273, -0.00221592001617, 0.000760768423788, 0.000422346405685, 0.00108140567318, -0.00116279209033, 0.00191345647909], [-0.000368704320863, 0.00205586850643, -0.000641070771962, 0.00117658160161, -0.00155625340994, 0.00708271283656, -0.00304294726811, 0.000837317667902, 0.00017729580577, 0.000235295607126, 9.11813694984e-005, 0.00241421163082, -0.00213101552799], [0.000444085831987, -0.00191472691949, 0.000176402172656, -0.00112057419028, 0.000558288302273, -0.00304294726811, 0.00901373289526, -0.00408184807748, 0.00142517313361, -0.0011002557585, -0.00115742930211, 0.00102975487243, 4.68598555017e-005], [-0.000397080060793, 0.0030739561189, -0.00120611989405, 0.00197069114074, -0.00221592001617, 0.000837317667902, -0.00408184807748, 0.0146096805111, -0.00584943545982, 0.000422489159973, 0.000252431636909, -0.000959545897786, -0.00122802390251], [0.000259093329078, -0.00310370186344, 0.00163490546402, -0.00189092487562, 0.000760768423788, 0.00017729580577, 0.00142517313361, -0.00584943545982, 0.0131460670382, -0.00653092144057, 0.000506409443915, -0.000521736918017, -7.84377480159e-005], [-0.000317197613185, 0.00377026037313, -0.00167434825562, 0.00334770488553, 0.000422346405685, 0.000235295607126, -0.0011002557585, 0.000422489159973, -0.00653092144057, 0.0192656069994, -0.00702704815194, 0.000926634587813, 0.00228586560115], [0.000357472628821, -0.00302281696349, 0.00124117697123, -0.00271586026065, 0.00108140567318, 9.11813694984e-005, -0.00115742930211, 0.000252431636909, 0.000506409443915, -0.00702704815194, 0.0173821467906, -0.00701432023197, -7.46354853618e-005], [-0.000119775126223, 0.00308412546292, -0.000902326137293, 0.00260441401042, -0.00116279209033, 0.00241421163082, 0.00102975487243, -0.000959545897786, -0.000521736918017, 0.000926634587813, -0.00701432023197, 0.018121978268, -0.00654160790145], [0.000279504543869, -0.00175914983265, 0.000558430503588, -0.000779921072535, 0.00191345647909, -0.00213101552799, 4.68598555017e-005, -0.00122802390251, -7.84377480159e-005, 0.00228586560115, -7.46354853618e-005, -0.00654160790145, 0.017263058573]]
    },
    "melbands": {
        "mean": [0.00348382722586, 0.00320760766044, 0.00113180233166, 0.000443605240434, 0.000212006983929, 0.00041155848885, 0.000409045198467, 0.000266232440481, 0.000152144610183, 0.000140605508932, 0.000140524207382, 9.37679651543e-005, 0.000100428558653, 0.000138836854603, 8.9759225375e-005, 9.62464255281e-005, 7.53317144699e-005, 4.58412578155e-005, 4.46852864115e-005, 3.37057063007e-005, 3.57190656359e-005, 2.20902511501e-005, 1.7363248844e-005, 1.06303450593e-005, 6.82875815983e-006, 5.42415864402e-006, 3.41770623891e-006, 3.25949577018e-006, 2.7371095257e-006, 2.60421916209e-006, 3.15265901918e-006, 2.37231961364e-006, 2.64907384917e-006, 2.3226441499e-006, 2.03156491807e-006, 1.63197205438e-006, 1.29133991322e-006, 8.78736614141e-007, 7.04011256403e-007, 6.41352244202e-007],
        "var": [2.71556418738e-005, 2.38723350776e-005, 2.96052530757e-006, 7.19198624211e-007, 1.09936713955e-007, 4.30551608588e-007, 4.27153082683e-007, 2.29135608265e-007, 8.87167388441e-008, 1.00958764904e-007, 7.5198009597e-008, 4.77201709259e-008, 5.66488118636e-008, 8.65298375174e-008, 4.83588102895e-008, 4.68077985261e-008, 2.90470811848e-008, 1.17667600108e-008, 6.94187551886e-009, 8.79144845811e-009, 7.35662508689e-009, 1.86991133688e-009, 1.81766957041e-009, 1.01896457938e-009, 2.92747048825e-010, 3.92815724393e-010, 1.66200220253e-010, 1.30187541303e-010, 8.521112288e-011, 6.78661016273e-011, 9.65646798634e-011, 5.82980677621e-011, 1.04315944771e-010, 8.26964260958e-011, 6.90251675262e-011, 4.19952475572e-011, 3.16681472712e-011, 1.48700357583e-011, 7.68341206631e-012, 6.64671139308e-012]
    },
    "mfcc": {
        "mean": [-700.199890137, 159.739425659, 5.78224372864, 18.6096191406, 13.6135864258, 14.4501008987, 0.305019110441, 9.08860111237, 3.6057138443, 1.75580132008, 6.60530185699, 6.85272121429, 5.30846261978],
        "cov": [[11360.9414063, -2595.1862793, -1434.33288574, -255.38117981, -119.351730347, 90.2181091309, -391.103912354, -48.4159851074, -27.6336956024, 59.0004959106, -71.1693344116, 24.7616939545, -172.346786499], [-2595.1862793, 2541.95532227, -332.041046143, -96.2806396484, 169.388183594, -84.6514663696, 26.1006851196, 59.8862915039, 24.2425041199, -39.985168457, 77.7907562256, -35.2563705444, 9.99251365662], [-1434.33288574, -332.041046143, 1598.22802734, 212.120544434, -106.93057251, 39.1622238159, 159.130279541, -54.8099021912, 1.35796964169, 29.0684642792, -55.2016639709, 5.55589580536, 59.8441886902], [-255.38117981, -96.2806396484, 212.120544434, 463.59262085, 111.128044128, 36.800327301, 32.4481163025, 36.101234436, -24.2755527496, -7.4145321846, 0.502329349518, 11.4785585403, 10.4455385208], [-119.351730347, 169.388183594, -106.93057251, 111.128044128, 339.077728271, 80.8788757324, 64.4915618896, 67.0765380859, 29.3601417542, 6.35234642029, 12.9837675095, -21.4671535492, -23.0863876343], [90.2181091309, -84.6514663696, 39.1622238159, 36.800327301, 80.8788757324, 170.227661133, 99.5569534302, 32.9310188293, 23.8464012146, 15.4915380478, -2.59629416466, -12.723285675, -15.0150299072], [-391.103912354, 26.1006851196, 159.130279541, 32.4481163025, 64.4915618896, 99.5569534302, 222.099533081, 55.707572937, 32.1356773376, 28.5364456177, -9.57912254333, -25.6383724213, 25.1888141632], [-48.4159851074, 59.8862915039, -54.8099021912, 36.101234436, 67.0765380859, 32.9310188293, 55.707572937, 108.754585266, 51.946346283, 7.98633384705, 4.94151115417, 0.26647400856, 10.8436908722], [-27.6336956024, 24.2425041199, 1.35796964169, -24.2755527496, 29.3601417542, 23.8464012146, 32.1356773376, 51.946346283, 111.492004395, 41.201877594, 6.7516503334, 5.87679004669, 15.6837768555], [59.0004959106, -39.985168457, 29.0684642792, -7.4145321846, 6.35234642029, 15.4915380478, 28.5364456177, 7.98633384705, 41.201877594, 98.7238922119, 17.9537601471, -3.97834658623, 6.62202358246], [-71.1693344116, 77.7907562256, -55.2016639709, 0.502329349518, 12.9837675095, -2.59629416466, -9.57912254333, 4.94151115417, 6.7516503334, 17.9537601471, 94.1131515503, 47.6522445679, 3.4258723259], [24.7616939545, -35.2563705444, 5.55589580536, 11.4785585403, -21.4671535492, -12.723285675, -25.6383724213, 0.26647400856, 5.87679004669, -3.97834658623, 47.6522445679, 104.549087524, 39.0718002319], [-172.346786499, 9.99251365662, 59.8441886902, 10.4455385208, -23.0863876343, -15.0150299072, 25.1888141632, 10.8436908722, 15.6837768555, 6.62202358246, 3.4258723259, 39.0718002319, 115.9295578]],
        "icov": [[0.000160411655088, 0.000170559840626, 0.000156858834089, 5.13222585141e-005, 5.16662748851e-006, -0.000158013717737, 0.000228312390391, -6.00526836934e-005, 4.75860797451e-005, -0.000163066040841, 0.000153918925207, -7.18712544767e-005, 9.73025162239e-005], [0.000170559840626, 0.000655770243611, 0.000213730047108, 0.000173336549778, -0.000265838316409, 0.000282678636722, 4.30521686212e-005, -0.000135383495945, -6.91430759616e-005, 0.000217880588025, -0.000463227304863, 0.000387534499168, -6.19405473117e-005], [0.000156858834089, 0.000213730047108, 0.00102201267146, -0.00046534780995, 0.000366859138012, -6.01627016295e-006, -0.000679136486724, 0.000920306949411, -0.000396720541175, -0.000204774638405, 0.000612460367847, -0.000335973600158, 2.33842474699e-005], [5.13222585141e-005, 0.000173336549778, -0.00046534780995, 0.00289301597513, -0.00108681339771, -0.000239346351009, 0.000576659571379, -0.00156367744785, 0.00165051128715, -0.000224204821279, 4.64250479126e-006, -0.000353358045686, -0.000277085899143], [5.16662748851e-006, -0.000265838316409, 0.000366859138012, -0.00108681339771, 0.00435207039118, -0.00146916578524, -0.000333818345098, -0.00118202983867, -0.000511723337695, 0.000134483751026, -0.000522360613104, 0.000674637965858, 0.000648241082672], [-0.000158013717737, 0.000282678636722, -6.01627016295e-006, -0.000239346351009, -0.00146916578524, 0.00962781906128, -0.0044704717584, 0.000439044059021, -0.00111095001921, 0.000342366023688, -5.8360692492e-005, -0.000723228498828, 0.0020262831822], [0.000228312390391, 4.30521686212e-005, -0.000679136486724, 0.000576659571379, -0.000333818345098, -0.0044704717584, 0.00890699215233, -0.00366877415217, 0.00120735657401, -0.00165275728796, -0.000117900381156, 0.00235782028176, -0.00246338010766], [-6.00526836934e-005, -0.000135383495945, 0.000920306949411, -0.00156367744785, -0.00118202983867, 0.000439044059021, -0.00366877415217, 0.0161007679999, -0.00741207972169, 0.00249778758734, -0.000204193696845, -0.000311262730975, -0.00032817106694], [4.75860797451e-005, -6.91430759616e-005, -0.000396720541175, 0.00165051128715, -0.000511723337695, -0.00111095001921, 0.00120735657401, -0.00741207972169, 0.0151496855542, -0.00588210579008, 0.00116468779743, -0.00136359990574, -0.000970449822489], [-0.000163066040841, 0.000217880588025, -0.000204774638405, -0.000224204821279, 0.000134483751026, 0.000342366023688, -0.00165275728796, 0.00249778758734, -0.00588210579008, 0.0140195107087, -0.00448382180184, 0.00302323373035, -0.000830155098811], [0.000153918925207, -0.000463227304863, 0.000612460367847, 4.64250479126e-006, -0.000522360613104, -5.8360692492e-005, -0.000117900381156, -0.000204193696845, 0.00116468779743, -0.00448382180184, 0.0169410128146, -0.00930494815111, 0.00261928397231], [-7.18712544767e-005, 0.000387534499168, -0.000335973600158, -0.000353358045686, 0.000674637965858, -0.000723228498828, 0.00235782028176, -0.000311262730975, -0.00136359990574, 0.00302323373035, -0.00930494815111, 0.0170076098293, -0.00582281081006], [9.73025162239e-005, -6.19405473117e-005, 2.33842474699e-005, -0.000277085899143, 0.000648241082672, 0.0020262831822, -0.00246338010766, -0.00032817106694, -0.000970449822489, -0.000830155098811, 0.00261928397231, -0.00582281081006, 0.0118100512773]]
    },
    "spectral_contrast_coeffs": {
        "mean": [-0.662440896034, -0.671545565128, -0.702677130699, -0.72294151783, -0.764824867249, -0.771421313286],
        "var": [0.00570701016113, 0.00832250248641, 0.00837797205895, 0.00829217769206, 0.0060016317293, 0.00255016516894]
    },
    "spectral_contrast_valleys": {
        "mean": [-7.19867515564, -7.28556537628, -8.02592468262, -8.56681919098, -8.78128147125, -11.2042894363],
        "var": [0.871559858322, 0.944787025452, 0.994853794575, 1.24823927879, 1.53339993954, 2.24495887756]
    }
},
"metadata": {
    "audio_properties": {
        "analysis_sample_rate": 44100,
        "bit_rate": 128000,
        "equal_loudness": 0,
        "length": 290.037536621,
        "lossless": 0,
        "replay_gain": -8.37685585022,
        "sample_rate": 44100,
        "codec": "mp3",
        "downmix": "mix",
        "md5_encoded": "38217fd790ff3187084f7f96088e6253"
    },
    "tags": {
        "file_name": "2047.mp3",
        "album": ["Toutes directions"],
        "artist": ["AdHoc"],
        "encoding": ["LAME 64bits version 3.99.5 (http:\/\/lame.sf.net)"],
        "genre": ["Jazz"],
        "length": ["290009"],
        "title": ["La note en cage"],
        "tracknumber": ["01"]
    },
    "version": {
        "essentia": "2.1-beta2",
        "essentia_git_sha": "v2.1_beta2",
        "extractor": "music 1.0"
    }
},
"rhythm": {
    "beats_count": 639,
    "beats_loudness": {
        "mean": 0.0537048727274,
        "var": 0.00142801483162
    },
    "bpm": 132.383987427,
    "bpm_histogram_first_peak_bpm": {
        "mean": 133,
        "var": 0
    },
    "bpm_histogram_first_peak_spread": {
        "mean": 0.548214256763,
        "var": 0
    },
    "bpm_histogram_first_peak_weight": {
        "mean": 0.396551728249,
        "var": 0
    },
    "bpm_histogram_second_peak_bpm": {
        "mean": 140,
        "var": 0
    },
    "bpm_histogram_second_peak_spread": {
        "mean": 0.263157874346,
        "var": 0
    },
    "bpm_histogram_second_peak_weight": {
        "mean": 0.0438871458173,
        "var": 0
    },
    "danceability": 1.45286929607,
    "onset_rate": 4.34749555588,
    "beats_loudness_band_ratio": {
        "mean": [0.546036481857, 0.129302307963, 0.144944682717, 0.127952724695, 0.0630572959781, 0.0452889353037],
        "var": [0.0671152472496, 0.0145489610732, 0.0152363916859, 0.0116248559207, 0.00423779664561, 0.00307825463824]
    },
    "beats_position": [0.510838985443, 1.02167797089, 1.53251695633, 2.03174591064, 2.50775504112, 2.97215414047, 3.43655323982, 3.90095233917, 4.3653512001, 4.82975053787, 5.2941493988, 5.75854873657, 6.2229475975, 6.68734693527, 7.1517457962, 7.61614513397, 8.08054447174, 8.55655288696, 9.02095222473, 9.4853515625, 9.96135997772, 10.4373693466, 10.9133787155, 11.3777770996, 11.8421764374, 12.3065757751, 12.7709751129, 13.2585935593, 13.722992897, 14.1990022659, 14.66340065, 15.1277999878, 15.5921993256, 16.0682086945, 16.5326080322, 16.99700737, 17.4614048004, 17.9258041382, 18.4134235382, 18.9010429382, 19.365442276, 19.8298416138, 20.2942390442, 20.758638382, 21.2230377197, 21.7106571198, 22.1750564575, 22.6394557953, 23.1154651642, 23.5798625946, 24.0558719635, 24.5434913635, 25.0078907013, 25.4722900391, 25.9366893768, 26.4010887146, 26.865486145, 27.3414955139, 27.8058948517, 28.2702941895, 28.7346935272, 29.2107028961, 29.686712265, 30.1627197266, 30.6271190643, 31.1031284332, 31.567527771, 32.0203170776, 32.4847145081, 32.9723358154, 33.4483451843, 33.9243545532, 34.3887519836, 34.8531494141, 35.329158783, 35.8051681519, 36.2579574585, 36.6991386414, 37.151927948, 37.5931053162, 38.0226745605, 38.4522438049, 38.8818130493, 39.3113822937, 39.7525634766, 40.2053489685, 40.6581382751, 41.1225395203, 41.5753288269, 42.0281181335, 42.4692955017, 42.9104766846, 43.3516540527, 43.7696151733, 44.1991844177, 44.6403617859, 45.0931510925, 45.5459403992, 46.0103378296, 46.4863471985, 46.9507484436, 47.4267578125, 47.8911552429, 48.3671646118, 48.8547821045, 49.3191833496, 49.78358078, 50.2479820251, 50.7123794556, 51.1767807007, 51.6411781311, 52.1055755615, 52.5699768066, 53.0343742371, 53.4871635437, 53.9515647888, 54.4159622192, 54.8803634644, 55.333152771, 55.7975502014, 56.2619476318, 56.726348877, 57.1907463074, 57.6551475525, 58.1079368591, 58.5607261658, 59.0135154724, 59.4663009644, 59.9307022095, 60.3950996399, 60.8478889465, 61.3006782532, 61.7650794983, 62.2178688049, 62.6706581116, 63.135055542, 63.5994529724, 64.0638504028, 64.5050354004, 64.9694290161, 65.4222183228, 65.8866195679, 66.351020813, 66.8270263672, 67.2914276123, 67.7558288574, 68.2202224731, 68.6730117798, 69.1258010864, 69.5785903931, 70.0197753906, 70.4725646973, 70.9253463745, 71.3781356812, 71.8309249878, 72.2837142944, 72.724899292, 73.1776885986, 73.6304779053, 74.094871521, 74.5592727661, 75.0120620728, 75.4648513794, 75.917640686, 76.3704299927, 76.8348312378, 77.2992248535, 77.7636260986, 78.2280273438, 78.6808166504, 79.133605957, 79.5747833252, 80.0159606934, 80.46875, 80.9215393066, 81.3743286133, 81.8155059814, 82.2682952881, 82.7094802856, 83.1506576538, 83.591835022, 84.0330123901, 84.4974136353, 84.9618148804, 85.414604187, 85.8673934937, 86.3085708618, 86.74974823, 87.1909255981, 87.6553268433, 88.1081161499, 88.5609054565, 89.0253067017, 89.4780960083, 89.9308853149, 90.3836746216, 90.8248519897, 91.2776412964, 91.730430603, 92.1832199097, 92.6360092163, 93.0887985229, 93.5415878296, 93.9943771362, 94.4355545044, 94.888343811, 95.3411331177, 95.7939224243, 96.246711731, 96.6878890991, 97.1290664673, 97.5818557739, 98.0346450806, 98.4990463257, 98.9518356323, 99.404624939, 99.8690261841, 100.310203552, 100.75138092, 101.204170227, 101.656959534, 102.098136902, 102.53931427, 102.980499268, 103.433288574, 103.886077881, 104.327255249, 104.768432617, 105.221221924, 105.67401123, 106.115188599, 106.556373596, 106.997550964, 107.438728333, 107.891517639, 108.332695007, 108.773872375, 109.226661682, 109.66784668, 110.109024048, 110.550201416, 110.991378784, 111.444168091, 111.896957397, 112.338134766, 112.790924072, 113.23210907, 113.673286438, 114.126075745, 114.578865051, 115.031654358, 115.472831726, 115.914009094, 116.355194092, 116.79637146, 117.260765076, 117.701950073, 118.143127441, 118.58430481, 119.025482178, 119.466667175, 119.919456482, 120.372245789, 120.813423157, 121.266212463, 121.71900177, 122.160179138, 122.612968445, 123.065757751, 123.530158997, 123.971336365, 124.412513733, 124.86530304, 125.318092346, 125.770881653, 126.223670959, 126.688072205, 127.140861511, 127.582038879, 128.034820557, 128.487609863, 128.94039917, 129.393188477, 129.845977783, 130.28717041, 130.739959717, 131.192733765, 131.65713501, 132.109924316, 132.562713623, 133.003890991, 133.468292236, 133.921081543, 134.37387085, 134.815048218, 135.256240845, 135.697418213, 136.15020752, 136.602996826, 137.067382813, 137.520172119, 137.961364746, 138.414154053, 138.866943359, 139.319732666, 139.784118652, 140.225296021, 140.666488647, 141.107666016, 141.560455322, 142.013244629, 142.466033936, 142.918823242, 143.36000061, 143.801177979, 144.21913147, 144.625488281, 145.043441772, 145.473007202, 145.914199829, 146.366973877, 146.819763184, 147.27255249, 147.736953735, 148.20135498, 148.654144287, 149.083709717, 149.524902344, 149.954467773, 150.360809326, 150.778778076, 151.208343506, 151.661132813, 152.113922119, 152.578323364, 153.042724609, 153.507110596, 153.983123779, 154.447525024, 154.923538208, 155.399536133, 155.875549316, 156.339950562, 156.804351807, 157.268753052, 157.733154297, 158.197555542, 158.661941528, 159.114730835, 159.57913208, 160.031921387, 160.496322632, 160.9375, 161.390289307, 161.843078613, 162.307479858, 162.771881104, 163.236282349, 163.677459717, 164.141860962, 164.594650269, 165.047439575, 165.500228882, 165.953018188, 166.405807495, 166.858596802, 167.29977417, 167.764175415, 168.228561401, 168.681350708, 169.134140015, 169.586929321, 170.039718628, 170.492507935, 170.945297241, 171.398086548, 171.850875854, 172.3152771, 172.768066406, 173.220855713, 173.67364502, 174.126434326, 174.579223633, 175.032012939, 175.484802246, 175.937591553, 176.378768921, 176.831558228, 177.284347534, 177.737136841, 178.189926147, 178.642715454, 179.095504761, 179.559906006, 180.012695313, 180.465484619, 180.929885864, 181.394287109, 181.847076416, 182.311477661, 182.764266968, 183.205444336, 183.658233643, 184.122619629, 184.575408936, 185.028198242, 185.480987549, 185.933776855, 186.386566162, 186.839355469, 187.292144775, 187.744934082, 188.209335327, 188.673736572, 189.126525879, 189.579315186, 190.032104492, 190.496505737, 190.949295044, 191.402084351, 191.843261719, 192.296051025, 192.737228394, 193.1900177, 193.642807007, 194.095596313, 194.54838562, 195.012786865, 195.465576172, 195.918365479, 196.371154785, 196.823944092, 197.276733398, 197.741134644, 198.19392395, 198.646713257, 199.099502563, 199.563903809, 200.016693115, 200.469467163, 200.92225647, 201.375045776, 201.827835083, 202.292236328, 202.756637573, 203.221038818, 203.673828125, 204.126617432, 204.591018677, 205.043807983, 205.49659729, 205.960998535, 206.42539978, 206.878189087, 207.330978394, 207.7837677, 208.236557007, 208.689331055, 209.142120361, 209.606521606, 210.070922852, 210.523712158, 210.976501465, 211.417678833, 211.882080078, 212.334869385, 212.787658691, 213.252059937, 213.716461182, 214.169250488, 214.622039795, 215.08644104, 215.550842285, 216.015228271, 216.468017578, 216.920806885, 217.38520813, 217.826385498, 218.290786743, 218.731964111, 219.196365356, 219.637542725, 220.10194397, 220.566345215, 221.019134521, 221.46031189, 221.913101196, 222.365890503, 222.81867981, 223.271469116, 223.724258423, 224.165435791, 224.629837036, 225.071014404, 225.523803711, 225.988204956, 226.452606201, 226.917007446, 227.369796753, 227.82258606, 228.286987305, 228.739776611, 229.204162598, 229.668563843, 230.132965088, 230.597366333, 231.061767578, 231.514556885, 231.967346191, 232.431747437, 232.896133423, 233.348922729, 233.801712036, 234.266113281, 234.730514526, 235.194915771, 235.659317017, 236.123718262, 236.56489563, 237.017684937, 237.470474243, 237.92326355, 238.376052856, 238.828842163, 239.28163147, 239.722808838, 240.163986206, 240.605163574, 241.046340942, 241.475906372, 241.905487061, 242.346664429, 242.799453735, 243.229019165, 243.670196533, 244.111373901, 244.55255127, 244.982131958, 245.411697388, 245.852874756, 246.294052124, 246.735229492, 247.17640686, 247.617584229, 248.058776855, 248.488342285, 248.929519653, 249.359085083, 249.800262451, 250.241439819, 250.682632446, 251.112197876, 251.541763306, 251.971328735, 252.400909424, 252.842086792, 253.28326416, 253.724441528, 254.165618896, 254.606796265, 255.047973633, 255.477539063, 255.930328369, 256.371520996, 256.812683105, 257.253875732, 257.706665039, 258.159454346, 258.600616455, 259.053405762, 259.494598389, 259.947387695, 260.400177002, 260.852966309, 261.294158936, 261.735321045, 262.188110352, 262.640899658, 263.082092285, 263.534881592, 263.987670898, 264.440460205, 264.893249512, 265.334411621, 265.775604248, 266.228393555, 266.681182861, 267.122344971, 267.563537598, 268.004699707, 268.445892334, 268.898681641, 269.351470947, 269.792633057, 270.245422363, 270.68661499, 271.127807617, 271.580596924, 272.021759033, 272.46295166, 272.915740967, 273.368530273, 273.82131958, 274.274108887, 274.726898193, 275.1796875, 275.620849609, 276.073638916, 276.514831543, 276.96762085, 277.408782959, 277.849975586, 278.302764893, 278.755554199, 279.219940186, 279.661132813, 280.102294922, 280.520263672, 280.949829102, 281.379394531, 281.785766602, 282.203704834, 282.656494141, 283.097686768, 283.538848877, 283.968444824, 284.409606934, 284.86239624, 285.315185547, 285.744750977, 286.174316406, 286.615509033, 287.045074463, 287.451416016, 287.869384766, 288.298950195, 288.716918945, 289.134857178, 289.552825928]
},
"tonal": {
    "chords_changes_rate": 0.0664318874478,
    "chords_number_rate": 0.00208099884912,
    "chords_strength": {
        "mean": 0.434061050415,
        "var": 0.00857330765575
    },
    "hpcp_entropy": {
        "mean": 1.70044636726,
        "var": 0.473490357399
    },
    "key_strength": 0.683455884457,
    "tuning_diatonic_strength": 0.445666760206,
    "tuning_equal_tempered_deviation": 0.0495702512562,
    "tuning_frequency": 440.254241943,
    "tuning_nontempered_energy_ratio": 0.659796059132,
    "hpcp": {
        "mean": [0.136363729835, 0.0784831419587, 0.083537556231, 0.110711254179, 0.0644608959556, 0.0426865741611, 0.0433009006083, 0.0403663143516, 0.0930438712239, 0.121525645256, 0.0665649548173, 0.0466496385634, 0.0663175210357, 0.0699343904853, 0.172141000628, 0.294137120247, 0.217739671469, 0.173864915967, 0.17413584888, 0.0809408724308, 0.0526871457696, 0.0566216036677, 0.064124904573, 0.182907268405, 0.234704121947, 0.11279964447, 0.0661446377635, 0.0799968987703, 0.067462451756, 0.21200504899, 0.339930593967, 0.211643949151, 0.090168915689, 0.0714033916593, 0.0662976652384, 0.112447597086],
        "var": [0.0637442916632, 0.0240925829858, 0.0323327481747, 0.054560970515, 0.0190562903881, 0.0132095227018, 0.0131026059389, 0.0127816405147, 0.0331197977066, 0.0482499822974, 0.0180569961667, 0.0151458233595, 0.0286877136678, 0.0267640110105, 0.0506938844919, 0.125685453415, 0.0727158486843, 0.0895211324096, 0.112361043692, 0.0294388327748, 0.0196352507919, 0.0215378142893, 0.0200095344335, 0.0718935057521, 0.104201890528, 0.0297997072339, 0.0271009877324, 0.0421286150813, 0.0214629266411, 0.0722517892718, 0.161210149527, 0.075616016984, 0.0417449548841, 0.0352572463453, 0.0318573750556, 0.0473680198193]
    },
    "chords_histogram": [21.0661125183, 9.31647205353, 11.0613098145, 8.14791107178, 0.640307366848, 4.86633586884, 0.41619977355, 4.09796714783, 2.56122946739, 4.24203634262, 0.0640307366848, 3.45765972137, 0.304145991802, 0.112053789198, 0, 0.0480230525136, 2.08099889755, 0.0160076841712, 0.640307366848, 0, 1.42468380928, 0.0960461050272, 20.1056499481, 5.2345123291],
    "thpcp": [1, 0.622609317303, 0.265256851912, 0.210052847862, 0.195032939315, 0.330795764923, 0.401151686907, 0.23087990284, 0.245748862624, 0.32568782568, 0.189629584551, 0.125574380159, 0.127381592989, 0.118748694658, 0.273714333773, 0.357501357794, 0.19581925869, 0.137232840061, 0.195091351867, 0.205731377006, 0.506400406361, 0.865285813808, 0.640541553497, 0.511471807957, 0.512268841267, 0.238109990954, 0.154993832111, 0.166568130255, 0.188641175628, 0.538072407246, 0.690447211266, 0.331831395626, 0.194582775235, 0.235333040357, 0.198459491134, 0.623671591282],
    "chords_key": "G",
    "chords_scale": "minor",
    "key_key": "G",
    "key_scale": "minor"
}
}