{
"lowlevel": {
    "average_loudness": 0.819185674191,
    "barkbands_crest": {
        "mean": 11.3821582794,
        "var": 10.0721321106
    },
    "barkbands_flatness_db": {
        "mean": 0.377244263887,
        "var": 0.00333114364184
    },
    "barkbands_kurtosis": {
        "mean": 4.12388706207,
        "var": 10.1683959961
    },
    "barkbands_skewness": {
        "mean": 1.61241567135,
        "var": 0.443117439747
    },
    "barkbands_spread": {
        "mean": 4.01511144638,
        "var": 3.90569281578
    },
    "dissonance": {
        "mean": 0.369516164064,
        "var": 0.00380013277754
    },
    "dynamic_complexity": 5.06085968018,
    "erbbands_crest": {
        "mean": 12.2161417007,
        "var": 16.352558136
    },
    "erbbands_flatness_db": {
        "mean": 0.408094614744,
        "var": 0.00262963678688
    },
    "erbbands_kurtosis": {
        "mean": 0.642944216728,
        "var": 1.99564123154
    },
    "erbbands_skewness": {
        "mean": 0.800580263138,
        "var": 0.210832625628
    },
    "erbbands_spread": {
        "mean": 11.0098514557,
        "var": 14.5906686783
    },
    "hfc": {
        "mean": 9.38597583771,
        "var": 153.421966553
    },
    "melbands_crest": {
        "mean": 16.1930885315,
        "var": 25.4184112549
    },
    "melbands_flatness_db": {
        "mean": 0.470500320196,
        "var": 0.0058282315731
    },
    "melbands_kurtosis": {
        "mean": 5.41559505463,
        "var": 19.5702419281
    },
    "melbands_skewness": {
        "mean": 1.77013528347,
        "var": 0.54714858532
    },
    "melbands_spread": {
        "mean": 6.15453672409,
        "var": 37.3321228027
    },
    "pitch_salience": {
        "mean": 0.542653799057,
        "var": 0.0121968220919
    },
    "silence_rate_20dB": {
        "mean": 1,
        "var": 0
    },
    "silence_rate_30dB": {
        "mean": 0.989706635475,
        "var": 0.0101874433458
    },
    "silence_rate_60dB": {
        "mean": 0.248584657907,
        "var": 0.186793193221
    },
    "spectral_centroid": {
        "mean": 492.869659424,
        "var": 126091.523438
    },
    "spectral_complexity": {
        "mean": 10.4457025528,
        "var": 31.8085899353
    },
    "spectral_decrease": {
        "mean": -4.87219598e-009,
        "var": 2.93006431208e-017
    },
    "spectral_energy": {
        "mean": 0.0192401260138,
        "var": 0.000463422795292
    },
    "spectral_energyband_high": {
        "mean": 5.61698016099e-006,
        "var": 1.29450417052e-009
    },
    "spectral_energyband_low": {
        "mean": 0.000279887259239,
        "var": 2.51752737768e-007
    },
    "spectral_energyband_middle_high": {
        "mean": 0.00226408196613,
        "var": 1.41696164064e-005
    },
    "spectral_energyband_middle_low": {
        "mean": 0.0171250030398,
        "var": 0.000343233085005
    },
    "spectral_entropy": {
        "mean": 5.62367343903,
        "var": 0.28152859211
    },
    "spectral_flux": {
        "mean": 0.0269110277295,
        "var": 0.00150848855264
    },
    "spectral_kurtosis": {
        "mean": 117.969741821,
        "var": 7051.57275391
    },
    "spectral_rms": {
        "mean": 0.00372553756461,
        "var": 4.89124067826e-006
    },
    "spectral_rolloff": {
        "mean": 679.121643066,
        "var": 664915.9375
    },
    "spectral_skewness": {
        "mean": 7.29773855209,
        "var": 11.5193433762
    },
    "spectral_spread": {
        "mean": 974354.8125,
        "var": 1.72674973696e+012
    },
    "spectral_strongpeak": {
        "mean": 1.05753576756,
        "var": 0.536679387093
    },
    "zerocrossingrate": {
        "mean": 0.0244851820171,
        "var": 0.000473747204524
    },
    "barkbands": {
        "mean": [6.91011166509e-007, 1.80175811693e-005, 0.000170982690179, 0.000122795914649, 0.00325682410039, 0.00684201251715, 0.00304794195108, 0.00242146779783, 0.000685604347382, 0.00127625733148, 0.000504048075527, 0.000271754164714, 0.000167955848156, 0.000210784215597, 0.000108990374429, 4.74174521514e-005, 5.5615837482e-005, 1.46959637277e-005, 9.01380280993e-006, 4.75331808047e-006, 1.94216568161e-006, 4.50451324241e-007, 1.05756122082e-007, 2.30453611749e-008, 3.84616072324e-009, 1.373627323e-009, 1.16954923524e-009],
        "var": [1.47029892601e-012, 1.92795801546e-009, 7.74929489467e-008, 1.09748725663e-007, 1.31787928694e-005, 6.78785072523e-005, 2.30724908761e-005, 3.59678670065e-005, 5.47118952454e-006, 3.37435358233e-006, 9.51166668983e-007, 4.05680879112e-007, 2.18232358407e-007, 2.6088599725e-007, 8.75796004607e-008, 2.4018207867e-008, 2.19678284452e-008, 2.45369613516e-009, 1.75292680371e-009, 8.00123467481e-010, 1.25234517201e-010, 1.50251165676e-011, 1.04294144935e-012, 6.3173357062e-014, 1.22024222832e-015, 5.69650621094e-016, 2.65116150884e-016]
    },
    "erbbands": {
        "mean": [0.000266961316811, 0.00743619957939, 0.129207924008, 0.432348042727, 1.09848093987, 11.0988845825, 53.57554245, 43.5929374695, 39.2533378601, 59.901096344, 44.3429756165, 16.4524440765, 43.0355567932, 27.2723007202, 17.8322525024, 13.1837081909, 8.29964160919, 11.2955665588, 6.77600336075, 4.97528982162, 2.80865597725, 2.22984814644, 0.916075289249, 0.634527742863, 0.351817578077, 0.197994172573, 0.147358164191, 0.0572219640017, 0.0187689699233, 0.00731196487322, 0.0027693179436, 0.000886671477929, 0.00022688221361, 7.17547954991e-005, 3.24394568452e-005, 1.59822011483e-005, 8.33583362692e-006, 2.05303695111e-006, 9.42171482166e-006, 2.16952266783e-005],
        "var": [3.10641553369e-007, 0.000190756880329, 0.0417840220034, 0.931669175625, 2.41283893585, 204.598571777, 3640.70214844, 4320.70361328, 2962.13232422, 12984.4580078, 15501.6035156, 2023.3269043, 4845.26953125, 2202.59716797, 1163.56140137, 852.07623291, 481.470306396, 874.090148926, 264.307098389, 222.569824219, 59.4683036804, 36.9501457214, 6.82230234146, 6.65874481201, 3.85729956627, 1.22108221054, 0.786713004112, 0.148302614689, 0.0245308689773, 0.00455016549677, 0.000818517582957, 7.83652358223e-005, 8.84219480213e-006, 2.8806272212e-007, 5.40591251763e-008, 9.84921921798e-009, 1.91756654999e-009, 2.41176550952e-010, 1.23309779054e-010, 5.99809479862e-010]
    },
    "gfcc": {
        "mean": [-228.316757202, 240.091079712, -148.831085205, -75.3715896606, -39.526424408, -46.7613792419, -38.1497459412, -25.3924789429, -12.8841094971, -14.4101133347, -3.86051940918, -4.53268718719, 7.36391544342],
        "cov": [[12794.6425781, -495.265533447, -2453.87695313, 2517.57006836, -84.7805404663, -1140.91015625, 865.835632324, -287.965698242, -399.477111816, 97.9802856445, -198.87020874, -386.17098999, -130.501739502], [-495.265533447, 457.185943604, 246.747436523, -340.984191895, 124.449554443, 66.9575195313, -107.906837463, 9.52564239502, -12.9201593399, -39.8218612671, -3.76838302612, -10.727558136, -24.830488205], [-2453.87695313, 246.747436523, 759.14239502, -604.178222656, -1.84482097626, 284.247314453, -210.982498169, 36.7825737, 72.3282089233, -40.2920722961, 19.0436706543, 66.3573684692, 17.3903541565], [2517.57006836, -340.984191895, -604.178222656, 970.739257813, 17.9103507996, -212.688446045, 321.866638184, -96.3941879272, -123.588562012, 13.4623250961, -103.536582947, -123.535491943, -68.9553527832], [-84.7805404663, 124.449554443, -1.84482097626, 17.9103507996, 180.029907227, -12.3088941574, -12.3903179169, 20.8067817688, -41.2064552307, -3.72267818451, 0.892368912697, -26.5694141388, -25.6215839386], [-1140.91015625, 66.9575195313, 284.247314453, -212.688446045, -12.3088941574, 237.818008423, -52.5639801025, 14.3630027771, 54.7909545898, -19.7292823792, 5.68931245804, 20.1963100433, -15.3446817398], [865.835632324, -107.906837463, -210.982498169, 321.866638184, -12.3903179169, -52.5639801025, 177.062515259, -16.809179306, -39.4229278564, 10.6961460114, -43.0371704102, -44.928478241, -24.8265857697], [-287.965698242, 9.52564239502, 36.7825737, -96.3941879272, 20.8067817688, 14.3630027771, -16.809179306, 86.5888977051, 39.9058609009, 0.983005464077, 21.5327014923, 4.62778043747, -0.72054618597], [-399.477111816, -12.9201593399, 72.3282089233, -123.588562012, -41.2064552307, 54.7909545898, -39.4229278564, 39.9058609009, 90.4540786743, 19.3727416992, 19.0178222656, 24.5156650543, 7.32004499435], [97.9802856445, -39.8218612671, -40.2920722961, 13.4623250961, -3.72267818451, -19.7292823792, 10.6961460114, 0.983005464077, 19.3727416992, 64.0579605103, 31.840259552, -1.53342282772, 5.34421014786], [-198.87020874, -3.76838302612, 19.0436706543, -103.536582947, 0.892368912697, 5.68931245804, -43.0371704102, 21.5327014923, 19.0178222656, 31.840259552, 76.3303146362, 29.5565834045, 5.06705904007], [-386.17098999, -10.727558136, 66.3573684692, -123.535491943, -26.5694141388, 20.1963100433, -44.928478241, 4.62778043747, 24.5156650543, -1.53342282772, 29.5565834045, 73.886428833, 46.0030822754], [-130.501739502, -24.830488205, 17.3903541565, -68.9553527832, -25.6215839386, -15.3446817398, -24.8265857697, -0.72054618597, 7.32004499435, 5.34421014786, 5.06705904007, 46.0030822754, 77.4771499634]],
        "icov": [[0.0004183742858, -0.00100772641599, 0.000709560816176, -0.000939695513807, 0.00112690962851, 0.000593456672505, 0.000139471085276, -0.000162649987033, 0.000156421869178, -0.000139893585583, -0.000516880536452, 0.000561908760574, -0.000385444960557], [-0.00100772641599, 0.0089289592579, -0.00221517053433, 0.0068295346573, -0.00813478790224, 0.000631337577943, -0.00412280717865, 0.00605916371569, -0.00277511170134, 0.00468242308125, 0.00123374466784, 0.00258837081492, 0.002231544815], [0.000709560816176, -0.00221517053433, 0.00580258341506, -0.000318687350955, 0.00281518395059, -0.00316922762431, 0.00321818958037, -0.00202568504028, 0.00345661537722, -0.00278050987981, 0.00319591443986, -0.00126539054327, 0.000622399675194], [-0.000939695513807, 0.0068295346573, -0.000318687350955, 0.0100406715646, -0.0073020607233, 0.00104858796112, -0.00850019603968, 0.00788284279406, -0.00270754634403, 0.00410721823573, 0.0022337262053, 0.00288109015673, 0.0028719434049], [0.00112690962851, -0.00813478790224, 0.00281518395059, -0.0073020607233, 0.0165661685169, -0.00184830720536, 0.00871585775167, -0.0124481255189, 0.0118546802551, -0.00937635358423, 0.0025089350529, -0.00347432447597, 0.00137529755011], [0.000593456672505, 0.000631337577943, -0.00316922762431, 0.00104858796112, -0.00184830720536, 0.0121403262019, -0.00660563725978, 0.00664475886151, -0.00893108919263, 0.00710452627391, -0.00500173214823, 0.0038951637689, 0.00095293938648], [0.000139471085276, -0.00412280717865, 0.00321818958037, -0.00850019603968, 0.00871585775167, -0.00660563725978, 0.0241301823407, -0.0146382385865, 0.013359926641, -0.0145765235648, 0.0115703325719, -0.00800901371986, 0.00353810261004], [-0.000162649987033, 0.00605916371569, -0.00202568504028, 0.00788284279406, -0.0124481255189, 0.00664475886151, -0.0146382385865, 0.0315840430558, -0.0219539999962, 0.0185976643115, -0.0138202123344, 0.0139480214566, -0.0046456400305], [0.000156421869178, -0.00277511170134, 0.00345661537722, -0.00270754634403, 0.0118546802551, -0.00893108919263, 0.013359926641, -0.0219539999962, 0.0362496748567, -0.0231532342732, 0.0159539245069, -0.0152637735009, 0.0086086736992], [-0.000139893585583, 0.00468242308125, -0.00278050987981, 0.00410721823573, -0.00937635358423, 0.00710452627391, -0.0145765235648, 0.0185976643115, -0.0231532342732, 0.0414997451007, -0.0263981409371, 0.0203432105482, -0.0116746164858], [-0.000516880536452, 0.00123374466784, 0.00319591443986, 0.0022337262053, 0.0025089350529, -0.00500173214823, 0.0115703325719, -0.0138202123344, 0.0159539245069, -0.0263981409371, 0.0396680347621, -0.0228464603424, 0.0154982171953], [0.000561908760574, 0.00258837081492, -0.00126539054327, 0.00288109015673, -0.00347432447597, 0.0038951637689, -0.00800901371986, 0.0139480214566, -0.0152637735009, 0.0203432105482, -0.0228464603424, 0.0432915054262, -0.0223617721349], [-0.000385444960557, 0.002231544815, 0.000622399675194, 0.0028719434049, 0.00137529755011, 0.00095293938648, 0.00353810261004, -0.0046456400305, 0.0086086736992, -0.0116746164858, 0.0154982171953, -0.0223617721349, 0.0293793529272]]
    },
    "melbands": {
        "mean": [3.59876844414e-006, 4.96666798426e-005, 7.3767187132e-005, 0.000300611718558, 0.00159122154582, 0.00106625945773, 0.000628770270851, 0.000626413559075, 0.000309890019707, 0.00010107181879, 0.00021352872136, 0.000106854728074, 6.81156016071e-005, 3.52688075509e-005, 1.92552070075e-005, 2.11922906601e-005, 2.07980665436e-005, 1.12653033284e-005, 7.27690166968e-006, 5.09275560034e-006, 3.46982460542e-006, 2.93210359814e-006, 1.15503598863e-006, 6.09644416727e-007, 5.26265523604e-007, 2.63880792772e-007, 1.71636017399e-007, 1.34931582352e-007, 1.19359015116e-007, 5.12896676241e-008, 2.37671002878e-008, 1.1072779138e-008, 6.2849192517e-009, 2.89616264304e-009, 1.6104102496e-009, 8.6402263122e-010, 3.93063359638e-010, 1.6468322539e-010, 6.66605867727e-011, 4.02710330361e-011],
        "var": [7.65328911356e-011, 6.00654503913e-009, 2.01819343459e-008, 2.2836971425e-007, 2.94533128908e-006, 2.29647184824e-006, 7.66531456975e-007, 1.46513809796e-006, 8.72927444107e-007, 8.67071108246e-008, 1.20251513636e-007, 3.63935335201e-008, 1.81243304809e-008, 6.34032071289e-009, 1.67765756842e-009, 4.00589517113e-009, 2.86761903112e-009, 7.21818937954e-010, 3.92502780278e-010, 2.84032547482e-010, 9.39820651857e-011, 7.24155388432e-011, 1.11119065338e-011, 5.65623025847e-012, 4.79458053121e-012, 2.6036078675e-012, 7.09723133128e-013, 7.26420930786e-013, 6.54192845728e-013, 1.25693116397e-013, 2.79360817248e-014, 8.50176710038e-015, 4.02472532976e-015, 7.36485565577e-016, 2.9684690506e-016, 7.57864994803e-017, 1.73861569163e-017, 7.30237029995e-018, 4.67531581202e-019, 1.1809056607e-019]
    },
    "mfcc": {
        "mean": [-823.670349121, 234.880661011, -17.7805805206, -34.4444160461, -15.1857995987, -22.5689067841, -25.1341171265, -22.4562892914, -13.2388353348, -13.722413063, -14.2360916138, -6.92997360229, -4.95219087601],
        "cov": [[6708.45458984, 1641.65222168, -2499.0144043, 1476.63183594, 344.951568604, -382.742523193, 289.804290771, 45.3214569092, 36.7376670837, -57.0861740112, -115.930381775, 63.2328796387, -128.307159424], [1641.65222168, 824.314758301, -508.755157471, 181.796615601, 217.614761353, -128.132781982, 26.8621082306, 24.1248607635, -4.70813894272, -52.6304740906, -47.793548584, 19.305015564, -29.757692337], [-2499.0144043, -508.755157471, 1126.89562988, -564.719665527, -181.483428955, 197.452835083, -100.307250977, -19.3938789368, -8.28800106049, 28.3638477325, 37.9904212952, -36.2950820923, 38.6736831665], [1476.63183594, 181.796615601, -564.719665527, 550.263366699, 68.4666900635, -63.9494285583, 160.025360107, 2.87640976906, 19.04114151, 6.44189023972, -43.8613929749, -4.66720247269, -56.0489730835], [344.951568604, 217.614761353, -181.483428955, 68.4666900635, 222.651245117, -22.7581214905, 11.2307481766, 32.0800971985, -9.9058303833, -22.873085022, -19.6974811554, 5.94442176819, -14.233912468], [-382.742523193, -128.132781982, 197.452835083, -63.9494285583, -22.7581214905, 129.937149048, 29.7594661713, -7.29771089554, -3.55923223495, 16.5661697388, 20.4542503357, -6.31375408173, -1.30926966667], [289.804290771, 26.8621082306, -100.307250977, 160.025360107, 11.2307481766, 29.7594661713, 151.942047119, 26.0273456573, -5.2637629509, 16.3554115295, -6.14222288132, -6.3992190361, -27.352722168], [45.3214569092, 24.1248607635, -19.3938789368, 2.87640976906, 32.0800971985, -7.29771089554, 26.0273456573, 77.0679702759, 25.7495708466, -1.55042946339, 1.78082168102, 3.10676050186, -3.24571728706], [36.7376670837, -4.70813894272, -8.28800106049, 19.04114151, -9.9058303833, -3.55923223495, -5.2637629509, 25.7495708466, 65.0609436035, 19.7735786438, -13.2346029282, -1.1351774931, -1.29597115517], [-57.0861740112, -52.6304740906, 28.3638477325, 6.44189023972, -22.873085022, 16.5661697388, 16.3554115295, -1.55042946339, 19.7735786438, 67.9217681885, 32.0709533691, -10.4688138962, 8.72467041016], [-115.930381775, -47.793548584, 37.9904212952, -43.8613929749, -19.6974811554, 20.4542503357, -6.14222288132, 1.78082168102, -13.2346029282, 32.0709533691, 75.7491073608, 24.6176776886, 10.9897422791], [63.2328796387, 19.305015564, -36.2950820923, -4.66720247269, 5.94442176819, -6.31375408173, -6.3992190361, 3.10676050186, -1.1351774931, -10.4688138962, 24.6176776886, 55.7782249451, 18.6843566895], [-128.307159424, -29.757692337, 38.6736831665, -56.0489730835, -14.233912468, -1.30926966667, -27.352722168, -3.24571728706, -1.29597115517, 8.72467041016, 10.9897422791, 18.6843566895, 52.9513244629]],
        "icov": [[0.02703903988, -0.0377814546227, 0.0389243513346, -0.0394951030612, 0.0399183444679, -0.0402795746922, 0.0408665128052, -0.0392609722912, 0.0361718907952, -0.0327578373253, 0.0250185132027, -0.0171746052802, 0.00964039564133], [-0.0377814546227, 0.0550335980952, -0.0535819940269, 0.055991705507, -0.0574338510633, 0.0575304105878, -0.0581574104726, 0.0558385066688, -0.0514539182186, 0.0467213355005, -0.0349768847227, 0.023970708251, -0.0130116157234], [0.0389243513346, -0.0535819940269, 0.0593023858964, -0.0538467019796, 0.0582928135991, -0.0605627782643, 0.0584959574044, -0.0566606409848, 0.0523212589324, -0.0480802729726, 0.0376601815224, -0.0242197290063, 0.0147457905114], [-0.0394951030612, 0.055991705507, -0.0538467019796, 0.0646096020937, -0.058822568506, 0.0596860274673, -0.0655354186893, 0.0610093325377, -0.0560833700001, 0.0478156544268, -0.035410579294, 0.025281753391, -0.0117906350642], [0.0399183444679, -0.0574338510633, 0.0582928135991, -0.058822568506, 0.0667553693056, -0.0626167804003, 0.0639014467597, -0.0639750882983, 0.0594381466508, -0.0523617714643, 0.0418698266149, -0.0282875522971, 0.0164693687111], [-0.0402795746922, 0.0575304105878, -0.0605627782643, 0.0596860274673, -0.0626167804003, 0.0753813236952, -0.0688264369965, 0.0651370212436, -0.0604175701737, 0.0541728772223, -0.0447963066399, 0.0289962440729, -0.0157283432782], [0.0408665128052, -0.0581574104726, 0.0584959574044, -0.0655354186893, 0.0639014467597, -0.0688264369965, 0.081377401948, -0.0726913288236, 0.0697189792991, -0.0633259043097, 0.0490549355745, -0.034084815532, 0.0212913490832], [-0.0392609722912, 0.0558385066688, -0.0566606409848, 0.0610093325377, -0.0639750882983, 0.0651370212436, -0.0726913288236, 0.0843648090959, -0.0739244073629, 0.063717648387, -0.0514088459313, 0.0342384837568, -0.0194771606475], [0.0361718907952, -0.0514539182186, 0.0523212589324, -0.0560833700001, 0.0594381466508, -0.0604175701737, 0.0697189792991, -0.0739244073629, 0.0891873911023, -0.0733646601439, 0.0599641613662, -0.0411872453988, 0.0234805382788], [-0.0327578373253, 0.0467213355005, -0.0480802729726, 0.0478156544268, -0.0523617714643, 0.0541728772223, -0.0633259043097, 0.063717648387, -0.0733646601439, 0.0880547016859, -0.0652814283967, 0.0480146668851, -0.0286304969341], [0.0250185132027, -0.0349768847227, 0.0376601815224, -0.035410579294, 0.0418698266149, -0.0447963066399, 0.0490549355745, -0.0514088459313, 0.0599641613662, -0.0652814283967, 0.0673902928829, -0.0439159236848, 0.0220484863967], [-0.0171746052802, 0.023970708251, -0.0242197290063, 0.025281753391, -0.0282875522971, 0.0289962440729, -0.034084815532, 0.0342384837568, -0.0411872453988, 0.0480146668851, -0.0439159236848, 0.0515617989004, -0.0240892153233], [0.00964039564133, -0.0130116157234, 0.0147457905114, -0.0117906350642, 0.0164693687111, -0.0157283432782, 0.0212913490832, -0.0194771606475, 0.0234805382788, -0.0286304969341, 0.0220484863967, -0.0240892153233, 0.0347414352]]
    },
    "spectral_contrast_coeffs": {
        "mean": [-0.492904305458, -0.585886478424, -0.65051984787, -0.687788665295, -0.737614035606, -0.832850575447],
        "var": [0.005383818876, 0.00416174950078, 0.00338724604808, 0.00243991264142, 0.00189301418141, 0.00768629740924]
    },
    "spectral_contrast_valleys": {
        "mean": [-9.59215545654, -7.40713453293, -8.46641731262, -9.9024772644, -11.3934707642, -14.5727472305],
        "var": [1.36533391476, 1.89687407017, 1.99870479107, 2.68284916878, 3.26955461502, 1.31776750088]
    }
},
"metadata": {
    "audio_properties": {
        "analysis_sample_rate": 44100,
        "bit_rate": 85224,
        "equal_loudness": 0,
        "length": 45.0873451233,
        "lossless": 0,
        "replay_gain": -6.08388137817,
        "sample_rate": 44100,
        "codec": "mp3",
        "downmix": "mix",
        "md5_encoded": "5a2f24fd61e643c126d1075a5649e218"
    },
    "tags": {
        "file_name": "205.mp3"
    },
    "version": {
        "essentia": "2.1-beta2",
        "essentia_git_sha": "v2.1_beta2",
        "extractor": "music 1.0"
    }
},
"rhythm": {
    "beats_count": 81,
    "beats_loudness": {
        "mean": 0.0330842025578,
        "var": 0.000936741998885
    },
    "bpm": 108.758491516,
    "bpm_histogram_first_peak_bpm": {
        "mean": 108,
        "var": 0
    },
    "bpm_histogram_first_peak_spread": {
        "mean": 0.701298713684,
        "var": 0
    },
    "bpm_histogram_first_peak_weight": {
        "mean": 0.28749999404,
        "var": 0
    },
    "bpm_histogram_second_peak_bpm": {
        "mean": 103,
        "var": 0
    },
    "bpm_histogram_second_peak_spread": {
        "mean": 0,
        "var": 0
    },
    "bpm_histogram_second_peak_weight": {
        "mean": 0.0250000003725,
        "var": 0
    },
    "danceability": 1.09356176853,
    "onset_rate": 1.35240709782,
    "beats_loudness_band_ratio": {
        "mean": [0.0187102463096, 0.52807790041, 0.427191615105, 0.0946506336331, 0.0126263285056, 0.000644711893983],
        "var": [0.000617057725322, 0.0325972549617, 0.036406558007, 0.00367598072626, 0.000160487834364, 2.06353593057e-006]
    },
    "beats_position": [0.545668900013, 1.11455774307, 1.68344664574, 2.2523355484, 2.80961441994, 3.3785033226, 3.92417216301, 4.46984100342, 5.02712011337, 5.58439922333, 6.14167785645, 6.71056699753, 7.27945566177, 7.84834432602, 8.40562343597, 8.97451210022, 9.54340076447, 10.1122903824, 10.6811790466, 11.2384576797, 11.7957363129, 12.3530158997, 12.9102945328, 13.4675731659, 14.0248527527, 14.5821313858, 15.1277999878, 15.6734695435, 16.2191371918, 16.7531967163, 17.2872562408, 17.8445339203, 18.4018135071, 18.9590930939, 19.5395908356, 20.1200904846, 20.6889801025, 21.246257782, 21.8151473999, 22.3608150482, 22.9297046661, 23.4869842529, 24.0210418701, 24.5551013947, 25.0775508881, 25.6116104126, 26.1456680298, 26.6797275543, 27.2137870789, 27.747844696, 28.2935142517, 28.8391838074, 29.3732414246, 29.9189109802, 30.4645805359, 31.0218582153, 31.567527771, 32.1248054504, 32.6820869446, 33.2277526855, 33.7618141174, 34.3074836731, 34.8531494141, 35.4104309082, 35.9561004639, 36.5017662048, 37.0358276367, 37.5698852539, 38.1039466858, 38.638004303, 39.1836738586, 39.7293434143, 40.2634010315, 40.7974586487, 41.3315200806, 41.88879776, 42.4344673157, 42.9801368713, 43.5490226746, 44.1179122925, 44.6751937866]
},
"tonal": {
    "chords_changes_rate": 0.0113168722019,
    "chords_number_rate": 0.00411522621289,
    "chords_strength": {
        "mean": 0.595994234085,
        "var": 0.00587378488854
    },
    "hpcp_entropy": {
        "mean": 1.42015004158,
        "var": 0.241896480322
    },
    "key_strength": 0.747856378555,
    "tuning_diatonic_strength": 0.549565374851,
    "tuning_equal_tempered_deviation": 0.0239693578333,
    "tuning_frequency": 438.984558105,
    "tuning_nontempered_energy_ratio": 0.592947483063,
    "hpcp": {
        "mean": [0.146292850375, 0.10151758045, 0.0880138725042, 0.182994455099, 0.109693273902, 0.0962888151407, 0.212122440338, 0.132673725486, 0.0907416418195, 0.160813257098, 0.0853009521961, 0.00830294564366, 0.00722863152623, 0.00705962022766, 0.307345628738, 0.657224595547, 0.362916976213, 0.0114384600893, 0.00269017298706, 0.00182534952182, 0.0673837438226, 0.178545191884, 0.118396371603, 0.0157656595111, 0.0251174420118, 0.0179679915309, 0.0354358330369, 0.0769083872437, 0.0498631596565, 0.143067151308, 0.288114637136, 0.160370960832, 0.0168300438672, 0.00956592895091, 0.00306541263126, 0.0542231500149],
        "var": [0.0680389553308, 0.0294943992049, 0.0234728362411, 0.109834320843, 0.0383744724095, 0.0267068315297, 0.12027400732, 0.043205846101, 0.0308222845197, 0.103867225349, 0.0314014367759, 0.00106290145777, 0.000605662062299, 0.000831494748127, 0.0355095230043, 0.142958849669, 0.0439094901085, 0.00122864369769, 0.000125333914184, 5.37569721928e-005, 0.0175782218575, 0.118335343897, 0.0519129112363, 0.000883352186065, 0.00421678926796, 0.00210541905835, 0.00840078294277, 0.0366712398827, 0.0132812038064, 0.0276247579604, 0.093002051115, 0.0273353438824, 0.00184386409819, 0.000475643493701, 8.60099025886e-005, 0.0097405994311]
    },
    "chords_histogram": [30.3497943878, 0, 20.6790122986, 0, 0, 0, 0, 0, 0, 0, 0, 0, 0, 0, 0, 0, 0, 28.6008224487, 0, 0, 0, 0, 20.3703708649, 0],
    "thpcp": [1, 0.552196264267, 0.0174041874707, 0.00409323256463, 0.0027773603797, 0.102527730167, 0.271665424109, 0.180145978928, 0.0239882376045, 0.0382174402475, 0.0273391958326, 0.0539173856378, 0.117019943893, 0.0758692845702, 0.217683807015, 0.438380777836, 0.244012415409, 0.0256077516824, 0.014555037953, 0.00466417800635, 0.0825032293797, 0.222591862082, 0.154464066029, 0.133917495608, 0.278435200453, 0.166903793812, 0.146508231759, 0.322754859924, 0.201869696379, 0.138067930937, 0.244685396552, 0.12978965044, 0.0126333460212, 0.0109987230971, 0.0107415644452, 0.467641711235],
    "chords_key": "G",
    "chords_scale": "major",
    "key_key": "G",
    "key_scale": "major"
}
}