{
"lowlevel": {
    "average_loudness": 0.9534496665,
    "barkbands_crest": {
        "mean": 18.744468689,
        "var": 32.7612037659
    },
    "barkbands_flatness_db": {
        "mean": 0.358182311058,
        "var": 0.0167048890144
    },
    "barkbands_kurtosis": {
        "mean": 75.1336746216,
        "var": 14073.8398438
    },
    "barkbands_skewness": {
        "mean": 5.4808382988,
        "var": 14.4679479599
    },
    "barkbands_spread": {
        "mean": 5.60636663437,
        "var": 115.050117493
    },
    "dissonance": {
        "mean": 0.408400088549,
        "var": 0.00521450815722
    },
    "dynamic_complexity": 3.25976610184,
    "erbbands_crest": {
        "mean": 10.3368682861,
        "var": 21.9460296631
    },
    "erbbands_flatness_db": {
        "mean": 0.223771676421,
        "var": 0.00575153250247
    },
    "erbbands_kurtosis": {
        "mean": 1.77123248577,
        "var": 37.7868461609
    },
    "erbbands_skewness": {
        "mean": 0.693067967892,
        "var": 1.2968583107
    },
    "erbbands_spread": {
        "mean": 33.195980072,
        "var": 413.827728271
    },
    "hfc": {
        "mean": 19.6440525055,
        "var": 588.747619629
    },
    "melbands_crest": {
        "mean": 24.2043800354,
        "var": 50.1271591187
    },
    "melbands_flatness_db": {
        "mean": 0.473753541708,
        "var": 0.0236503258348
    },
    "melbands_kurtosis": {
        "mean": 80.4578857422,
        "var": 7520.42822266
    },
    "melbands_skewness": {
        "mean": 5.85500526428,
        "var": 9.9787530899
    },
    "melbands_spread": {
        "mean": 5.18506526947,
        "var": 119.906524658
    },
    "pitch_salience": {
        "mean": 0.292346924543,
        "var": 0.023818295449
    },
    "silence_rate_20dB": {
        "mean": 0.754507482052,
        "var": 0.185236230493
    },
    "silence_rate_30dB": {
        "mean": 0.530892729759,
        "var": 0.249045148492
    },
    "silence_rate_60dB": {
        "mean": 0.0626649111509,
        "var": 0.0587472319603
    },
    "spectral_centroid": {
        "mean": 582.961730957,
        "var": 396162.125
    },
    "spectral_complexity": {
        "mean": 10.6281881332,
        "var": 95.3044815063
    },
    "spectral_decrease": {
        "mean": -4.92485909831e-008,
        "var": 2.86865982324e-015
    },
    "spectral_energy": {
        "mean": 0.187656998634,
        "var": 0.0412244871259
    },
    "spectral_energyband_high": {
        "mean": 0.000506702752318,
        "var": 3.30694183504e-006
    },
    "spectral_energyband_low": {
        "mean": 0.17983867228,
        "var": 0.0411375164986
    },
    "spectral_energyband_middle_high": {
        "mean": 0.00202553556301,
        "var": 2.22210910579e-005
    },
    "spectral_energyband_middle_low": {
        "mean": 0.00707126874477,
        "var": 4.74744156236e-005
    },
    "spectral_entropy": {
        "mean": 6.35493898392,
        "var": 0.889887690544
    },
    "spectral_flux": {
        "mean": 0.147023186088,
        "var": 0.0110437432304
    },
    "spectral_kurtosis": {
        "mean": 29.4721717834,
        "var": 1747.54846191
    },
    "spectral_rms": {
        "mean": 0.0115174083039,
        "var": 5.04297458974e-005
    },
    "spectral_rolloff": {
        "mean": 330.431274414,
        "var": 491550.84375
    },
    "spectral_skewness": {
        "mean": 3.3610060215,
        "var": 6.03042697906
    },
    "spectral_spread": {
        "mean": 2723609.5,
        "var": 2.33485290701e+012
    },
    "spectral_strongpeak": {
        "mean": 0.806165456772,
        "var": 0.295425415039
    },
    "zerocrossingrate": {
        "mean": 0.015085561201,
        "var": 0.00038126835716
    },
    "barkbands": {
        "mean": [0.00848864763975, 0.157712876797, 0.011887114495, 0.00234724790789, 0.00198723305948, 0.000409424654208, 0.000573737139348, 0.00121547991876, 0.000478008296341, 0.000224859235459, 0.000301808730001, 0.000205137315788, 8.02490321803e-005, 6.95751150488e-005, 0.000127760999021, 0.000216242580791, 0.000208905810723, 0.000227056036238, 0.000326379114995, 0.000203991963645, 0.000174298882484, 0.000127347389935, 3.48474022758e-005, 1.68172409758e-005, 8.38198138808e-006, 2.99477778753e-006, 3.28333015887e-007],
        "var": [0.000110562279588, 0.0370257534087, 0.000122246288811, 1.13418500405e-005, 5.32907415618e-006, 7.37338439194e-007, 6.05574541623e-007, 4.13771203966e-006, 9.68774429566e-007, 1.45188451484e-007, 3.75825123911e-007, 2.09020072361e-007, 2.20527258676e-008, 2.27504024508e-008, 1.11864729035e-007, 4.45374610081e-007, 6.59708973672e-007, 8.60026034388e-007, 1.96515998141e-006, 6.21759170372e-007, 4.09828999182e-007, 1.89847582988e-007, 1.58116222337e-008, 2.38311392842e-009, 4.8441906042e-010, 6.627096788e-011, 7.0957958476e-013]
    },
    "erbbands": {
        "mean": [7.14438438416, 24.7870426178, 16.1503295898, 13.3419809341, 2.96482610703, 8.4484796524, 7.67980003357, 3.96837115288, 5.86146640778, 19.9072418213, 17.9590473175, 13.0038070679, 8.80645465851, 10.999455452, 9.99234485626, 6.40026807785, 3.59360170364, 3.377805233, 5.37567138672, 7.16639471054, 13.8378772736, 12.7793292999, 11.962928772, 14.0853977203, 14.6449317932, 10.1432361603, 8.30182170868, 6.19820690155, 5.1199965477, 2.21758365631, 0.947967648506, 0.420293599367, 0.254449903965, 0.134808838367, 0.0367213487625, 0.011086223647, 0.0059345648624, 0.00149258051533, 0.000119614531286, 0.00020484966808],
        "var": [84.2754669189, 876.702331543, 169.852661133, 226.632278442, 22.6251659393, 90.8910751343, 117.11378479, 76.0544586182, 51.3154754639, 704.14251709, 1044.37341309, 698.829223633, 184.727523804, 403.780670166, 477.597015381, 153.016403198, 38.4814376831, 45.2939071655, 190.769958496, 373.248138428, 2072.85302734, 2296.42651367, 2218.15161133, 3416.97705078, 3978.4230957, 1611.56628418, 896.792297363, 571.518554688, 292.41885376, 58.7860374451, 12.9334888458, 1.93847608566, 0.468822151423, 0.120875388384, 0.0105909109116, 0.00106219993904, 0.00026002843515, 1.4772481336e-005, 1.61178057567e-008, 4.77381547626e-008]
    },
    "gfcc": {
        "mean": [-91.9096755981, 169.837738037, -77.8700332642, 33.0025978088, -26.0169715881, 10.3145275116, 1.93221330643, 8.58712387085, -0.500620484352, -2.72049498558, -6.17033863068, -7.22026586533, -0.671840071678],
        "cov": [[10994.9169922, -3931.24316406, -841.525512695, 2517.0324707, -807.208129883, 758.426452637, -391.867248535, 545.008605957, -225.960708618, 556.638977051, -204.263290405, 436.337554932, -147.299346924], [-3931.24316406, 2473.80029297, 357.206268311, -1329.33276367, 534.143188477, -369.248199463, 258.827392578, -268.457824707, 163.201095581, -306.226959229, 133.298431396, -215.897384644, 117.766654968], [-841.525512695, 357.206268311, 2037.54309082, 0.239740774035, 391.220916748, 491.650024414, 464.064422607, 128.79447937, 235.065643311, 130.513214111, 70.4725036621, -7.74656820297, 90.4665374756], [2517.0324707, -1329.33276367, 0.239740774035, 1053.11071777, -135.784347534, 265.843414307, -22.5612545013, 193.603286743, -1.55836868286, 143.41229248, -44.3588600159, 129.589096069, -24.2439727783], [-807.208129883, 534.143188477, 391.220916748, -135.784347534, 439.659973145, 50.6957473755, 188.83744812, 40.1280288696, 168.262023926, -51.6751861572, 71.7807006836, -17.6187572479, 68.7200088501], [758.426452637, -369.248199463, 491.650024414, 265.843414307, 50.6957473755, 318.455780029, 99.6203384399, 99.5285949707, 51.6271972656, 96.2253189087, -2.54189872742, 42.4134140015, 14.632730484], [-391.867248535, 258.827392578, 464.064422607, -22.5612545013, 188.83744812, 99.6203384399, 267.490600586, 63.6733970642, 120.630020142, 0.569710195065, 44.0958938599, -17.816740036, 67.8413085938], [545.008605957, -268.457824707, 128.79447937, 193.603286743, 40.1280288696, 99.5285949707, 63.6733970642, 165.410324097, 81.4051818848, 61.4932365417, 3.44111084938, 27.2673301697, -1.85515606403], [-225.960708618, 163.201095581, 235.065643311, -1.55836868286, 168.262023926, 51.6271972656, 120.630020142, 81.4051818848, 174.493927002, 12.7374181747, 42.3867073059, -8.82340908051, 37.2578811646], [556.638977051, -306.226959229, 130.513214111, 143.41229248, -51.6751861572, 96.2253189087, 0.569710195065, 61.4932365417, 12.7374181747, 116.397674561, 0.857987165451, 23.1579856873, -15.8964233398], [-204.263290405, 133.298431396, 70.4725036621, -44.3588600159, 71.7807006836, -2.54189872742, 44.0958938599, 3.44111084938, 42.3867073059, 0.857987165451, 89.7713851929, 16.7463226318, 28.9163379669], [436.337554932, -215.897384644, -7.74656820297, 129.589096069, -17.6187572479, 42.4134140015, -17.816740036, 27.2673301697, -8.82340908051, 23.1579856873, 16.7463226318, 75.5289916992, 21.1700973511], [-147.299346924, 117.766654968, 90.4665374756, -24.2439727783, 68.7200088501, 14.632730484, 67.8413085938, -1.85515606403, 37.2578811646, -15.8964233398, 28.9163379669, 21.1700973511, 90.9582977295]],
        "icov": [[0.000359478231985, -0.000366210151697, 0.000356687669409, -0.000724412151612, 0.000285938644083, -0.000780401402153, 0.000103004160337, -0.000504001742229, 0.00034396207775, -0.00100036221556, 0.000429076288128, -0.000906211440451, 8.96441124496e-005], [-0.000366210151697, 0.0048950612545, -0.00110506988131, 0.00408035190776, -0.0023674624972, 0.00296811480075, -0.00136168068275, 0.0029387823306, -0.00191485241521, 0.00500108208507, -0.00233688554727, 0.00443042255938, -0.000987340928987], [0.000356687669409, -0.00110506988131, 0.00188128068112, -0.000864269561134, 0.00021925153851, -0.00293299998157, -0.00138684082776, -6.67115091346e-005, 0.000328529946273, -0.00269775814377, 0.000922029197682, -0.00169521977659, 0.00074151949957], [-0.000724412151612, 0.00408035190776, -0.000864269561134, 0.00586023461074, -0.00179578131065, 0.00179314624984, -0.00154515111353, 0.00170370342676, -0.00189846940339, 0.00455121556297, -0.00140741758514, 0.00206142268144, -0.000238361113588], [0.000285938644083, -0.0023674624972, 0.00021925153851, -0.00179578131065, 0.0063277380541, -0.00219048280269, -0.000185497236089, -0.00157935055904, -0.00249474868178, 0.000669398694299, -0.000320392486174, -0.00260885315947, 0.000357353099389], [-0.000780401402153, 0.00296811480075, -0.00293299998157, 0.00179314624984, -0.00219048280269, 0.0112613737583, -0.00101051852107, 0.00124667736236, -0.000643477484118, 0.00122823088896, -0.000230016405112, 0.00197058334015, -0.000996504095383], [0.000103004160337, -0.00136168068275, -0.00138684082776, -0.00154515111353, -0.000185497236089, -0.00101051852107, 0.010948359035, -0.00405985210091, -0.000291945383651, 0.000720668584108, -0.00145483552478, 0.00414874590933, -0.00530617963523], [-0.000504001742229, 0.0029387823306, -6.67115091346e-005, 0.00170370342676, -0.00157935055904, 0.00124667736236, -0.00405985210091, 0.0159397684038, -0.0077344099991, -0.000459410570329, 0.000882935011759, -0.00129722128622, 0.00335420668125], [0.00034396207775, -0.00191485241521, 0.000328529946273, -0.00189846940339, -0.00249474868178, -0.000643477484118, -0.000291945383651, -0.0077344099991, 0.0153469014913, -0.0037073683925, -0.00197424506769, 0.0024352488108, -0.00262161111459], [-0.00100036221556, 0.00500108208507, -0.00269775814377, 0.00455121556297, 0.000669398694299, 0.00122823088896, 0.000720668584108, -0.000459410570329, -0.0037073683925, 0.0229300744832, -0.00587425753474, 0.00544008379802, 0.000678287935443], [0.000429076288128, -0.00233688554727, 0.000922029197682, -0.00140741758514, -0.000320392486174, -0.000230016405112, -0.00145483552478, 0.000882935011759, -0.00197424506769, -0.00587425753474, 0.0178356114775, -0.00969081744552, 0.000177952228114], [-0.000906211440451, 0.00443042255938, -0.00169521977659, 0.00206142268144, -0.00260885315947, 0.00197058334015, 0.00414874590933, -0.00129722128622, 0.0024352488108, 0.00544008379802, -0.00969081744552, 0.0308943744749, -0.0105915395543], [8.96441124496e-005, -0.000987340928987, 0.00074151949957, -0.000238361113588, 0.000357353099389, -0.000996504095383, -0.00530617963523, 0.00335420668125, -0.00262161111459, 0.000678287935443, 0.000177952228114, -0.0105915395543, 0.0191338248551]]
    },
    "melbands": {
        "mean": [0.0518288016319, 0.0162560772151, 0.00196628808044, 0.000338904908858, 0.000338705634931, 8.0790661741e-005, 0.000100959325209, 0.000258662592387, 0.000115189643111, 8.47083429107e-005, 4.22343800892e-005, 4.3258532969e-005, 3.23445128743e-005, 3.04469358525e-005, 7.39125925975e-006, 8.53912206367e-006, 5.70799011257e-006, 7.47974490878e-006, 1.11083636511e-005, 1.15341872515e-005, 1.59648971021e-005, 1.2519097254e-005, 1.19797568914e-005, 1.04214741441e-005, 1.13239821076e-005, 1.27748980958e-005, 7.14173620509e-006, 6.96468578099e-006, 5.25400810147e-006, 4.76119794257e-006, 3.1383813166e-006, 3.14037629323e-006, 1.92703282664e-006, 9.3209212082e-007, 5.82869176924e-007, 3.28826160967e-007, 2.27290399835e-007, 1.70978537994e-007, 1.67648963156e-007, 9.39145436973e-008],
        "var": [0.00423521175981, 0.000231604484725, 4.67775498691e-006, 2.03899645612e-007, 1.86602875374e-007, 3.26217630686e-008, 1.75673928737e-008, 1.28891940676e-007, 4.57138540355e-008, 3.31429212963e-008, 4.56854998276e-009, 6.09198513857e-009, 3.97948252129e-009, 4.65529437221e-009, 2.52107751342e-010, 2.79538503456e-010, 1.48371551156e-010, 3.86841225719e-010, 7.89833198844e-010, 1.34210309533e-009, 2.98532798482e-009, 2.29389307549e-009, 2.26430563188e-009, 1.76773395921e-009, 2.2612860473e-009, 3.00199398673e-009, 8.94810614493e-010, 7.56912754696e-010, 3.6656352953e-010, 3.16242948495e-010, 1.61398824861e-010, 1.12351551673e-010, 4.28240186368e-011, 1.06395049021e-011, 5.26918482804e-012, 1.35085909472e-012, 5.45781302097e-013, 2.1889170435e-013, 1.81286517915e-013, 6.08017461249e-014]
    },
    "mfcc": {
        "mean": [-746.231323242, 190.949798584, 26.5560016632, 37.0778808594, 9.07329082489, 18.3363399506, 16.1100311279, 16.6060523987, 17.6786632538, 10.8176250458, 6.3085641861, 5.57726764679, 7.33855390549],
        "cov": [[10421.7158203, -3643.38354492, -1348.51916504, 1374.37902832, -315.43661499, 112.539550781, -251.01461792, -86.3950271606, -15.6853923798, -47.8502731323, 31.0667743683, 22.8668136597, 105.759796143], [-3643.38354492, 2714.11279297, 287.234222412, -699.065795898, 152.42338562, -54.8027915955, 139.709991455, 58.0628623962, 43.1036720276, 50.2909698486, -26.8599224091, 13.734454155, -19.4737243652], [-1348.51916504, 287.234222412, 1237.47351074, 38.9010772705, 113.341506958, 339.669677734, 277.024963379, 114.175743103, 225.269790649, 110.05620575, 136.085922241, 73.2550506592, 29.0128993988], [1374.37902832, -699.065795898, 38.9010772705, 563.934631348, 61.7527770996, 166.085372925, 61.1030158997, 109.815628052, 100.310058594, 75.3383560181, 51.4951667786, 44.2033958435, 64.7219848633], [-315.43661499, 152.42338562, 113.341506958, 61.7527770996, 195.65246582, 98.8590011597, 47.0222930908, 86.768447876, 44.909828186, 58.8121032715, 36.4873962402, 37.2874946594, 12.9728393555], [112.539550781, -54.8027915955, 339.669677734, 166.085372925, 98.8590011597, 271.098114014, 140.224868774, 89.9313659668, 108.392845154, 72.0532836914, 54.8329772949, 31.0493927002, 13.8192796707], [-251.01461792, 139.709991455, 277.024963379, 61.1030158997, 47.0222930908, 140.224868774, 167.248397827, 68.3539581299, 82.8928222656, 45.4894599915, 42.7003364563, 10.1838407516, -2.83835196495], [-86.3950271606, 58.0628623962, 114.175743103, 109.815628052, 86.768447876, 89.9313659668, 68.3539581299, 150.800415039, 85.0201416016, 73.2585525513, 31.3063144684, 34.3856773376, 32.896068573], [-15.6853923798, 43.1036720276, 225.269790649, 100.310058594, 44.909828186, 108.392845154, 82.8928222656, 85.0201416016, 171.600570679, 88.1121444702, 44.8383216858, 35.8576698303, 48.3831939697], [-47.8502731323, 50.2909698486, 110.05620575, 75.3383560181, 58.8121032715, 72.0532836914, 45.4894599915, 73.2585525513, 88.1121444702, 118.471977234, 55.5031356812, 36.0051841736, 26.8490161896], [31.0667743683, -26.8599224091, 136.085922241, 51.4951667786, 36.4873962402, 54.8329772949, 42.7003364563, 31.3063144684, 44.8383216858, 55.5031356812, 105.258125305, 45.4420623779, -9.02704906464], [22.8668136597, 13.734454155, 73.2550506592, 44.2033958435, 37.2874946594, 31.0493927002, 10.1838407516, 34.3856773376, 35.8576698303, 36.0051841736, 45.4420623779, 81.2397460938, 44.9804496765], [105.759796143, -19.4737243652, 29.0128993988, 64.7219848633, 12.9728393555, 13.8192796707, -2.83835196495, 32.896068573, 48.3831939697, 26.8490161896, -9.02704906464, 44.9804496765, 125.205154419]],
        "icov": [[0.000303770764731, 0.000218996981857, 0.000440446659923, -0.000368786917534, 0.000420812662924, -0.000543238827959, 9.41078687902e-005, 0.000241528468905, -0.000301476044115, 0.000236343272263, -0.000327913759975, -0.000163674398209, -7.79473339207e-005], [0.000218996981857, 0.000964819337241, 0.000345471053151, 0.000921425584238, -0.000419814721681, 7.27076549083e-005, -0.00111116084736, -2.94667315757e-005, -0.000390109809814, -0.000329455331666, 0.000433932465967, -0.000584198860452, -0.000110699889774], [0.000440446659923, 0.000345471053151, 0.0024253022857, 0.000189344107639, 0.000613817886915, -0.00224451045506, -0.00132553232834, 0.000732188636903, -0.00166116259061, 0.00107415707316, -0.00164912990294, -0.000573755300138, -0.000517665059306], [-0.000368786917534, 0.000921425584238, 0.000189344107639, 0.00496460450813, -0.00106481427792, -0.000878114777151, -0.00134243199136, -0.00179285369813, -0.000374600465875, -0.000601878622547, -3.24004577124e-005, -4.7378380259e-005, -0.00121901603416], [0.000420812662924, -0.000419814721681, 0.000613817886915, -0.00106481427792, 0.00935628451407, -0.0037557920441, 0.00213214545511, -0.00328257190995, 0.00139617442619, -0.000840404536575, -0.00105198251549, -0.0017013043398, 0.000519386550877], [-0.000543238827959, 7.27076549083e-005, -0.00224451045506, -0.000878114777151, -0.0037557920441, 0.0115077104419, -0.00539750652388, 0.000121665718325, -0.000315218785545, -0.00174077355769, 0.00234857737087, -0.00050462433137, 0.0012546031503], [9.41078687902e-005, -0.00111116084736, -0.00132553232834, -0.00134243199136, 0.00213214545511, -0.00539750652388, 0.0158405452967, -0.00317793781869, -0.0017171765212, 0.00217625056393, -0.00322239659727, 0.00357389543205, 0.000998294795863], [0.000241528468905, -2.94667315757e-005, 0.000732188636903, -0.00179285369813, -0.00328257190995, 0.000121665718325, -0.00317793781869, 0.0142237031832, -0.00277112890035, -0.00363077479415, 0.00194841099437, -0.00205277535133, -0.000206563534448], [-0.000301476044115, -0.000390109809814, -0.00166116259061, -0.000374600465875, 0.00139617442619, -0.000315218785545, -0.0017171765212, -0.00277112890035, 0.0143827041611, -0.00670948624611, 0.000290732219582, 0.00087841716595, -0.00306192669086], [0.000236343272263, -0.000329455331666, 0.00107415707316, -0.000601878622547, -0.000840404536575, -0.00174077355769, 0.00217625056393, -0.00363077479415, -0.00670948624611, 0.0196804981679, -0.00806230213493, 0.00128480198327, -0.0015765526332], [-0.000327913759975, 0.000433932465967, -0.00164912990294, -3.24004577124e-005, -0.00105198251549, 0.00234857737087, -0.00322239659727, 0.00194841099437, 0.000290732219582, -0.00806230213493, 0.0218039266765, -0.0122747570276, 0.0076064853929], [-0.000163674398209, -0.000584198860452, -0.000573755300138, -4.7378380259e-005, -0.0017013043398, -0.00050462433137, 0.00357389543205, -0.00205277535133, 0.00087841716595, 0.00128480198327, -0.0122747570276, 0.025647316128, -0.00965667981654], [-7.79473339207e-005, -0.000110699889774, -0.000517665059306, -0.00121901603416, 0.000519386550877, 0.0012546031503, 0.000998294795863, -0.000206563534448, -0.00306192669086, -0.0015765526332, 0.0076064853929, -0.00965667981654, 0.0142091410235]]
    },
    "spectral_contrast_coeffs": {
        "mean": [-0.630265235901, -0.678142309189, -0.732937753201, -0.776639640331, -0.781343102455, -0.750332832336],
        "var": [0.00407692370936, 0.00728102400899, 0.00473207281902, 0.00309263216332, 0.00368017842993, 0.00407112436369]
    },
    "spectral_contrast_valleys": {
        "mean": [-6.70123577118, -7.7217707634, -8.14386177063, -9.10180854797, -9.35251426697, -12.4405736923],
        "var": [1.27971434593, 1.26125526428, 1.14716982841, 1.81901836395, 3.00253772736, 3.22680783272]
    }
},
"metadata": {
    "audio_properties": {
        "analysis_sample_rate": 44100,
        "bit_rate": 128000,
        "equal_loudness": 0,
        "length": 211.173873901,
        "lossless": 0,
        "replay_gain": -4.18637657166,
        "sample_rate": 44100,
        "codec": "mp3",
        "downmix": "mix",
        "md5_encoded": "9df3106b32fae527068f9f18f2096a58"
    },
    "tags": {
        "file_name": "2050.mp3",
        "album": ["A Journey Through My World"],
        "artist": ["BeatRaider"],
        "encoding": ["LAME 64bits version 3.99.5 (http:\/\/lame.sf.net)"],
        "genre": ["Hip Hop\/Rap"],
        "length": ["211146"],
        "title": ["Homecoming"],
        "tracknumber": ["09"]
    },
    "version": {
        "essentia": "2.1-beta2",
        "essentia_git_sha": "v2.1_beta2",
        "extractor": "music 1.0"
    }
},
"rhythm": {
    "beats_count": 318,
    "beats_loudness": {
        "mean": 0.260397017002,
        "var": 0.0482871830463
    },
    "bpm": 90.6670379639,
    "bpm_histogram_first_peak_bpm": {
        "mean": 91,
        "var": 0
    },
    "bpm_histogram_first_peak_spread": {
        "mean": 0.0820189118385,
        "var": 0
    },
    "bpm_histogram_first_peak_weight": {
        "mean": 0.917981088161,
        "var": 0
    },
    "bpm_histogram_second_peak_bpm": {
        "mean": 0,
        "var": 0
    },
    "bpm_histogram_second_peak_spread": {
        "mean": 0,
        "var": 0
    },
    "bpm_histogram_second_peak_weight": {
        "mean": 0,
        "var": 0
    },
    "danceability": 1.59585309029,
    "onset_rate": 3.93966460228,
    "beats_loudness_band_ratio": {
        "mean": [0.701296687126, 0.0343426428735, 0.0625619292259, 0.0288918986917, 0.0899833440781, 0.089694544673],
        "var": [0.0967392846942, 0.00475781736895, 0.0214501582086, 0.00611563958228, 0.0138807473704, 0.0142182884738]
    },
    "beats_position": [0.673378646374, 1.35836732388, 2.04335594177, 2.71673464775, 3.3785033226, 4.04027223587, 4.7020406723, 5.3754196167, 6.03718805313, 6.6989569664, 7.36072540283, 8.03410434723, 8.6958732605, 9.35764122009, 10.0078001022, 10.6579589844, 11.3081178665, 11.9582767487, 12.6084346771, 13.2585935593, 13.9435825348, 14.6285715103, 15.301949501, 15.9753284454, 16.6254863739, 17.2872562408, 17.9490242004, 18.5991840363, 19.2609519958, 19.9227199554, 20.5844898224, 21.246257782, 21.9196376801, 22.5814056396, 23.2431735992, 23.8933334351, 24.5434913635, 25.2168693542, 25.8670291901, 26.5287971497, 27.1905670166, 27.8523349762, 28.5141029358, 29.1758728027, 29.8376407623, 30.5110206604, 31.1611785889, 31.8229465485, 32.4847145081, 33.146484375, 33.8082542419, 34.4700202942, 35.1317901611, 35.8051681519, 36.455329895, 37.1170959473, 37.7788658142, 38.4406356812, 39.1024017334, 39.7641716003, 40.4259414673, 41.099319458, 41.7494773865, 42.4112472534, 43.0730133057, 43.7347831726, 44.3965530396, 45.0583229065, 45.7200889587, 46.3818588257, 47.0436286926, 47.7053947449, 48.3671646118, 49.0289344788, 49.690700531, 50.3524703979, 51.0142402649, 51.6760063171, 52.3377761841, 52.999546051, 53.661315918, 54.3230819702, 54.9848518372, 55.6466217041, 56.3083877563, 56.9701576233, 57.6319274902, 58.2936935425, 58.9554634094, 59.6172332764, 60.2789993286, 60.9407691956, 61.6025390625, 62.2643089294, 62.9260749817, 63.5878448486, 64.2496109009, 64.9113845825, 65.5731506348, 66.234916687, 66.8966903687, 67.5584564209, 68.2202224731, 68.8819961548, 69.543762207, 70.2055282593, 70.8673019409, 71.5174560547, 72.1908340454, 72.8526077271, 73.5143737793, 74.1761474609, 74.8379135132, 75.4996795654, 76.1614532471, 76.8232192993, 77.4849853516, 78.1467590332, 78.8085250854, 79.4586868286, 80.1204528809, 80.7822189331, 81.4439926147, 82.105758667, 82.7675247192, 83.4292984009, 84.0910644531, 84.7528305054, 85.4029922485, 86.0763702393, 86.7381362915, 87.3999099731, 88.0616760254, 88.7234420776, 89.3852157593, 90.0469818115, 90.6971435547, 91.3705215454, 92.0322875977, 92.6940536499, 93.3558273315, 94.0175933838, 94.667755127, 95.3295211792, 95.9912872314, 96.6646728516, 97.3264389038, 97.9882049561, 98.6499786377, 99.3117446899, 99.9735107422, 100.635284424, 101.285438538, 101.947212219, 102.608978271, 103.270744324, 103.932518005, 104.594284058, 105.25605011, 105.917823792, 106.579589844, 107.241355896, 107.903129578, 108.56489563, 109.226661682, 109.888435364, 110.550201416, 111.211967468, 111.87374115, 112.535507202, 113.197273254, 113.859046936, 114.520812988, 115.18258667, 115.844352722, 116.506118774, 117.167892456, 117.829658508, 118.491424561, 119.153198242, 119.814964294, 120.476730347, 121.138504028, 121.800270081, 122.462036133, 123.123809814, 123.785575867, 124.447341919, 125.109115601, 125.770881653, 126.432647705, 127.094421387, 127.756187439, 128.417953491, 129.079727173, 129.729888916, 130.403259277, 131.065032959, 131.726806641, 132.388565063, 133.050338745, 133.712112427, 134.37387085, 135.035644531, 135.697418213, 136.359176636, 137.020950317, 137.671112061, 138.344482422, 139.006256104, 139.668029785, 140.329788208, 140.99156189, 141.653335571, 142.315093994, 142.965255737, 143.627029419, 144.288803101, 144.950561523, 145.612335205, 146.274108887, 146.93586731, 147.597640991, 148.259414673, 148.921173096, 149.582946777, 150.233108521, 150.894866943, 151.556640625, 152.230026245, 152.880172729, 153.541946411, 154.203720093, 154.865478516, 155.527252197, 156.189025879, 156.850784302, 157.524169922, 158.174331665, 158.836090088, 159.49786377, 160.159637451, 160.821395874, 161.483169556, 162.144943237, 162.818313599, 163.468475342, 164.130249023, 164.792022705, 165.453781128, 166.11555481, 166.777328491, 167.439086914, 168.100860596, 168.762634277, 169.4243927, 170.086166382, 170.747940063, 171.409698486, 172.071472168, 172.73324585, 173.395004272, 174.056777954, 174.718551636, 175.380310059, 176.04208374, 176.703857422, 177.365615845, 178.027389526, 178.689163208, 179.350921631, 180.012695313, 180.674468994, 181.336227417, 181.998001099, 182.65977478, 183.321533203, 183.983306885, 184.645080566, 185.306838989, 185.968612671, 186.630386353, 187.292144775, 187.953918457, 188.615692139, 189.277450562, 189.939224243, 190.600997925, 191.262756348, 191.924530029, 192.586303711, 193.248062134, 193.909835815, 194.571609497, 195.23336792, 195.895141602, 196.556915283, 197.218673706, 197.880447388, 198.542221069, 199.203994751, 199.865753174, 200.527526855, 201.189300537, 201.85105896, 202.512832642, 203.174606323, 203.824752808, 204.486526489, 205.148300171, 205.821670532, 206.483444214, 207.145217896, 207.79536438, 208.46875, 209.130523682, 209.792282104, 210.465667725]
},
"tonal": {
    "chords_changes_rate": 0.0518795326352,
    "chords_number_rate": 0.000879314146005,
    "chords_strength": {
        "mean": 0.555528402328,
        "var": 0.00604686420411
    },
    "hpcp_entropy": {
        "mean": 1.74578404427,
        "var": 0.401984602213
    },
    "key_strength": 0.65739095211,
    "tuning_diatonic_strength": 0.566475629807,
    "tuning_equal_tempered_deviation": 0.284637838602,
    "tuning_frequency": 434.193115234,
    "tuning_nontempered_energy_ratio": 0.971184432507,
    "hpcp": {
        "mean": [0.156446710229, 0.0908312797546, 0.0718265846372, 0.128677785397, 0.157081976533, 0.077583566308, 0.0221131239086, 0.0171227250248, 0.032103266567, 0.106398336589, 0.129067674279, 0.0725281462073, 0.0962445363402, 0.1264038831, 0.0745619684458, 0.0382824502885, 0.0405087396502, 0.0418183617294, 0.0483950674534, 0.0468645393848, 0.0280624963343, 0.0184866040945, 0.026468500495, 0.0843210369349, 0.183611065149, 0.160484656692, 0.059016186744, 0.0496845543385, 0.0626605674624, 0.0345141813159, 0.02723906748, 0.0596081577241, 0.123582884669, 0.234292075038, 0.302544385195, 0.253632247448],
        "var": [0.0924874991179, 0.0546017661691, 0.0395093485713, 0.0542955696583, 0.0740063712001, 0.0253060702235, 0.0116042727605, 0.0101601826027, 0.0107017448172, 0.0528552867472, 0.0716059505939, 0.0234334450215, 0.04676309973, 0.0720259472728, 0.0319591201842, 0.0196817852557, 0.0244237352163, 0.02270851098, 0.02479586564, 0.02587579377, 0.0126787871122, 0.00804433505982, 0.0119706429541, 0.0328683257103, 0.101736456156, 0.0782969221473, 0.0224942341447, 0.0256693698466, 0.0418390221894, 0.0146922497079, 0.0137169547379, 0.0376522131264, 0.0709268003702, 0.123981080949, 0.146158427, 0.12877984345]
    },
    "chords_histogram": [36.0518798828, 41.3277626038, 0.879314124584, 0, 0, 0, 0, 0, 0.615519881248, 0, 0, 0, 0, 0, 0, 0.615519881248, 0.461639910936, 0.0879314169288, 0, 0, 0, 0.615519881248, 5.03407335281, 14.3108377457],
    "thpcp": [1, 0.838330686092, 0.5171033144, 0.300224632025, 0.237408414483, 0.425318688154, 0.519203066826, 0.25643697381, 0.0730905085802, 0.0565957464278, 0.106110930443, 0.351678431034, 0.426607400179, 0.239727288485, 0.318117082119, 0.417802780867, 0.246449679136, 0.126534983516, 0.133893549442, 0.138222232461, 0.159960225224, 0.154901370406, 0.0927549749613, 0.0611037760973, 0.0874863415956, 0.278706341982, 0.606889665127, 0.530449986458, 0.195066213608, 0.164222359657, 0.207111984491, 0.114079728723, 0.0900332927704, 0.197022855282, 0.408478528261, 0.774405658245],
    "chords_key": "F",
    "chords_scale": "minor",
    "key_key": "C#",
    "key_scale": "major"
}
}