{
"lowlevel": {
    "average_loudness": 0.945713341236,
    "barkbands_crest": {
        "mean": 12.1592159271,
        "var": 20.4417972565
    },
    "barkbands_flatness_db": {
        "mean": 0.202345132828,
        "var": 0.00770877441391
    },
    "barkbands_kurtosis": {
        "mean": 16.5765342712,
        "var": 3261.29223633
    },
    "barkbands_skewness": {
        "mean": 2.64352655411,
        "var": 5.07026910782
    },
    "barkbands_spread": {
        "mean": 17.8377437592,
        "var": 399.331268311
    },
    "dissonance": {
        "mean": 0.437504410744,
        "var": 0.00187797402032
    },
    "dynamic_complexity": 4.35562896729,
    "erbbands_crest": {
        "mean": 10.3532924652,
        "var": 20.4188575745
    },
    "erbbands_flatness_db": {
        "mean": 0.172497674823,
        "var": 0.00403851270676
    },
    "erbbands_kurtosis": {
        "mean": 1.51406121254,
        "var": 22.4831237793
    },
    "erbbands_skewness": {
        "mean": 0.599008917809,
        "var": 1.20747077465
    },
    "erbbands_spread": {
        "mean": 43.6821212769,
        "var": 803.380554199
    },
    "hfc": {
        "mean": 16.086566925,
        "var": 460.530151367
    },
    "melbands_crest": {
        "mean": 18.6679458618,
        "var": 37.3139343262
    },
    "melbands_flatness_db": {
        "mean": 0.282868891954,
        "var": 0.0127801327035
    },
    "melbands_kurtosis": {
        "mean": 39.9924125671,
        "var": 3479.30810547
    },
    "melbands_skewness": {
        "mean": 4.08222293854,
        "var": 8.3037405014
    },
    "melbands_spread": {
        "mean": 19.0118122101,
        "var": 981.633361816
    },
    "pitch_salience": {
        "mean": 0.479806303978,
        "var": 0.0199060887098
    },
    "silence_rate_20dB": {
        "mean": 1,
        "var": 0
    },
    "silence_rate_30dB": {
        "mean": 0.934004068375,
        "var": 0.0616415441036
    },
    "silence_rate_60dB": {
        "mean": 0.135225772858,
        "var": 0.116947233677
    },
    "spectral_centroid": {
        "mean": 971.60736084,
        "var": 816618.5625
    },
    "spectral_complexity": {
        "mean": 10.0394058228,
        "var": 33.2795028687
    },
    "spectral_decrease": {
        "mean": -9.86993864416e-009,
        "var": 1.39325114302e-016
    },
    "spectral_energy": {
        "mean": 0.0387104153633,
        "var": 0.00206044013612
    },
    "spectral_energyband_high": {
        "mean": 0.00086757261306,
        "var": 4.11976861869e-006
    },
    "spectral_energyband_low": {
        "mean": 0.0257978532463,
        "var": 0.00152454723138
    },
    "spectral_energyband_middle_high": {
        "mean": 0.00280774268322,
        "var": 0.000103456302895
    },
    "spectral_energyband_middle_low": {
        "mean": 0.0105715701357,
        "var": 0.00025895255385
    },
    "spectral_entropy": {
        "mean": 7.17895269394,
        "var": 0.6104144454
    },
    "spectral_flux": {
        "mean": 0.0963586568832,
        "var": 0.00750240497291
    },
    "spectral_kurtosis": {
        "mean": 8.48954963684,
        "var": 163.321029663
    },
    "spectral_rms": {
        "mean": 0.00518415588886,
        "var": 1.08907624963e-005
    },
    "spectral_rolloff": {
        "mean": 1353.00061035,
        "var": 4984409
    },
    "spectral_skewness": {
        "mean": 2.01023030281,
        "var": 1.43263328075
    },
    "spectral_spread": {
        "mean": 5201300,
        "var": 6.11989218918e+012
    },
    "spectral_strongpeak": {
        "mean": 0.689677834511,
        "var": 0.495490074158
    },
    "zerocrossingrate": {
        "mean": 0.0552376583219,
        "var": 0.00323900952935
    },
    "barkbands": {
        "mean": [0.000352163333446, 0.0119447475299, 0.0122774941847, 0.00218542665243, 0.00352207245305, 0.000732512911782, 0.00162851589266, 0.0014773698058, 0.000777509761974, 0.000818126718514, 0.00081351166591, 0.00031144003151, 0.000251932651736, 0.000175628985744, 0.00016825820785, 0.000111221866973, 0.000121964112623, 8.47907649586e-005, 6.36882832623e-005, 5.42216330359e-005, 7.1625225246e-005, 0.000228611577768, 0.00023051086464, 0.000179331662366, 8.85539484443e-005, 3.82750004064e-005, 9.91333536149e-007],
        "var": [1.97834012283e-007, 0.000535869563464, 0.000387697014958, 3.93031768908e-005, 3.89794258808e-005, 3.30333705278e-006, 1.07340447357e-005, 4.88110999868e-005, 6.26071096121e-006, 1.28783949549e-005, 2.02509036171e-005, 1.24519908695e-006, 7.35261153295e-007, 3.44619706993e-007, 1.15669614331e-007, 4.75316745963e-008, 8.17096292849e-008, 1.89998047517e-007, 1.56820796349e-008, 2.40512356697e-008, 4.95718275317e-008, 4.01889224122e-007, 4.01796398819e-007, 2.47344587478e-007, 5.7840683354e-008, 7.87838771998e-009, 1.23975812255e-011]
    },
    "erbbands": {
        "mean": [0.22595231235, 3.16626763344, 14.2599964142, 9.66727924347, 7.66712141037, 14.2649354935, 10.7174863815, 5.44572067261, 15.047990799, 36.5106658936, 23.4662380219, 16.4652023315, 24.4963092804, 35.3314170837, 26.0902767181, 13.0071439743, 10.9112577438, 10.8485250473, 9.30381202698, 6.991563797, 6.8766579628, 6.03353452682, 5.31260871887, 3.050096035, 3.40048837662, 2.62497878075, 2.2289891243, 3.88522839546, 7.62494850159, 8.68141841888, 6.28212213516, 4.02159118652, 2.76109552383, 1.29780554771, 0.462871313095, 0.224563896656, 0.0549509637058, 0.0076695876196, 0.000178667556611, 5.13622144354e-005],
        "var": [0.133881464601, 39.1025657654, 497.425537109, 436.040527344, 278.468170166, 811.155639648, 682.468200684, 127.137199402, 727.413146973, 11400.5292969, 12487.6123047, 2361.17431641, 7657.51171875, 41639.9140625, 16101.3662109, 1668.88793945, 1102.98876953, 1281.31164551, 462.532623291, 188.976745605, 144.018081665, 252.863998413, 889.097412109, 33.1192131042, 61.2492218018, 52.1792411804, 38.4422187805, 141.743225098, 444.355072021, 680.01940918, 267.720123291, 130.268447876, 62.0635032654, 13.8346290588, 1.22185266018, 0.298635423183, 0.0156028624624, 0.000346832792275, 1.52735225356e-007, 3.00908764572e-009]
    },
    "gfcc": {
        "mean": [-59.4238967896, 98.7796936035, -92.4006347656, 27.6005897522, -55.3388633728, 24.1514835358, -37.4267959595, 6.47837591171, -15.2948856354, 3.02184271812, -13.8462018967, 0.702683091164, -12.9043664932],
        "cov": [[14203.0117188, -2484.33105469, 1571.64294434, 1225.28210449, -875.399291992, 1152.48730469, -342.335479736, 677.26751709, -173.966278076, 263.952392578, -689.972900391, 497.996643066, -485.518096924], [-2484.33105469, 3414.3918457, 408.459686279, -366.625671387, 1042.9375, -267.60269165, 419.014770508, -338.064453125, 198.287689209, -356.745300293, 101.616157532, -402.091949463, 156.041488647], [1571.64294434, 408.459686279, 1997.04174805, 770.71697998, 406.428955078, 617.225646973, 181.328231812, 33.2183914185, 14.2064199448, -73.1856918335, -256.256286621, -29.8378753662, -204.827972412], [1225.28210449, -366.625671387, 770.71697998, 841.951782227, 120.212875366, 227.60949707, 25.4584465027, 16.1248455048, 4.5096154213, -4.2592086792, -94.7445602417, 40.9780960083, -109.114334106], [-875.399291992, 1042.9375, 406.428955078, 120.212875366, 693.973144531, 95.9538040161, 227.491653442, -49.5840873718, 62.1576652527, -103.243751526, 13.0661067963, -127.808006287, -2.24326586723], [1152.48730469, -267.60269165, 617.225646973, 227.60949707, 95.9538040161, 509.276184082, 120.018211365, 117.168128967, -26.2588062286, 27.6712608337, -118.27583313, 42.4032669067, -101.329467773], [-342.335479736, 419.014770508, 181.328231812, 25.4584465027, 227.491653442, 120.018211365, 295.525177002, 4.88589477539, 14.6256427765, -32.490524292, 25.7280025482, -52.5148696899, -3.61582279205], [677.26751709, -338.064453125, 33.2183914185, 16.1248455048, -49.5840873718, 117.168128967, 4.88589477539, 215.205841064, 22.190454483, 59.7811737061, -24.3357467651, 49.1138305664, -49.9502601624], [-173.966278076, 198.287689209, 14.2064199448, 4.5096154213, 62.1576652527, -26.2588062286, 14.6256427765, 22.190454483, 163.840286255, 17.663110733, 27.5211830139, -27.7417259216, 2.33413815498], [263.952392578, -356.745300293, -73.1856918335, -4.2592086792, -103.243751526, 27.6712608337, -32.490524292, 59.7811737061, 17.663110733, 149.431030273, 26.6604881287, 32.3623924255, -26.7036342621], [-689.972900391, 101.616157532, -256.256286621, -94.7445602417, 13.0661067963, -118.27583313, 25.7280025482, -24.3357467651, 27.5211830139, 26.6604881287, 157.521209717, -16.1797733307, 46.4032821655], [497.996643066, -402.091949463, -29.8378753662, 40.9780960083, -127.808006287, 42.4032669067, -52.5148696899, 49.1138305664, -27.7417259216, 32.3623924255, -16.1797733307, 131.993972778, -6.25650596619], [-485.518096924, 156.041488647, -204.827972412, -109.114334106, -2.24326586723, -101.329467773, -3.61582279205, -49.9502601624, 2.33413815498, -26.7036342621, 46.4032821655, -6.25650596619, 121.344917297]],
        "icov": [[0.000162496740813, -0.000224082032219, 0.00010745684267, -0.000311593117658, 0.000360069097951, -0.000316072255373, 0.000192781662918, -0.000383653910831, 0.000190030463273, -0.000260601635091, 0.000403432874009, -0.000342398649082, 0.000197127694264], [-0.000224082032219, 0.00206420128234, -0.00098555162549, 0.00171014433727, -0.00204116338864, 0.00164969870821, -0.00116632529534, 0.001494881697, -0.00152972014621, 0.00204557646066, -0.000670009525493, 0.00190432008822, -0.000922391714994], [0.00010745684267, -0.00098555162549, 0.00191213190556, -0.00159793009516, 0.000606186280493, -0.001926484867, 0.000524010858499, -0.000212331855437, 0.000371641275706, -0.000627269619144, 0.00128656497691, -0.000541735207662, 0.00115366186947], [-0.000311593117658, 0.00171014433727, -0.00159793009516, 0.00351626682095, -0.00195281789638, 0.00164842023514, -0.00083741924027, 0.00169872259721, -0.00137775973417, 0.0016058817273, -0.00106885959394, 0.000725657097064, -0.000140502641443], [0.000360069097951, -0.00204116338864, 0.000606186280493, -0.00195281789638, 0.00479550985619, -0.0018876552349, -3.76299867639e-005, -0.00167069712188, 0.000901909312233, -0.00086354103405, 0.00034265947761, -0.00049582059728, 0.000792261620518], [-0.000316072255373, 0.00164969870821, -0.001926484867, 0.00164842023514, -0.0018876552349, 0.00620868615806, -0.00268192100339, -0.000131880980916, -0.000351076480001, 0.000387821783079, 0.000771451508626, 0.000340679165674, -0.000325511296978], [0.000192781662918, -0.00116632529534, 0.000524010858499, -0.00083741924027, -3.76299867639e-005, -0.00268192100339, 0.0061869546771, -0.00125010148622, 0.00108225899749, -0.000390003900975, -0.00147675652988, 5.78325989409e-006, 0.000290573603706], [-0.000383653910831, 0.001494881697, -0.000212331855437, 0.00169872259721, -0.00167069712188, -0.000131880980916, -0.00125010148622, 0.00838209688663, -0.00268102157861, 0.000101926154457, -0.000360907055438, -0.000342534418451, 0.00117820699234], [0.000190030463273, -0.00152972014621, 0.000371641275706, -0.00137775973417, 0.000901909312233, -0.000351076480001, 0.00108225899749, -0.00268102157861, 0.00837712083012, -0.00272990274243, -0.000386569678085, -6.11913492321e-005, 0.000150811276399], [-0.000260601635091, 0.00204557646066, -0.000627269619144, 0.0016058817273, -0.00086354103405, 0.000387821783079, -0.000390003900975, 0.000101926154457, -0.00272990274243, 0.0118788694963, -0.00382034387439, 0.00152548367623, 0.00125645217486], [0.000403432874009, -0.000670009525493, 0.00128656497691, -0.00106885959394, 0.00034265947761, 0.000771451508626, -0.00147675652988, -0.000360907055438, -0.000386569678085, -0.00382034387439, 0.0116959949955, -0.00107834162191, -0.00121720612515], [-0.000342398649082, 0.00190432008822, -0.000541735207662, 0.000725657097064, -0.00049582059728, 0.000340679165674, 5.78325989409e-006, -0.000342534418451, -6.11913492321e-005, 0.00152548367623, -0.00107834162191, 0.0132232280448, -0.00251521239989], [0.000197127694264, -0.000922391714994, 0.00115366186947, -0.000140502641443, 0.000792261620518, -0.000325511296978, 0.000290573603706, 0.00117820699234, 0.000150811276399, 0.00125645217486, -0.00121720612515, -0.00251521239989, 0.012882726267]]
    },
    "melbands": {
        "mean": [0.00259356247261, 0.00645703310147, 0.00170621555299, 0.000764548836742, 0.000455491157481, 0.000119680233183, 0.000265997543465, 0.00040943568456, 0.000157114234753, 0.000112851987069, 0.000120180622616, 0.000137944472954, 9.93940411718e-005, 4.4353047997e-005, 2.35058232647e-005, 2.47910338658e-005, 1.90422088053e-005, 1.45689609781e-005, 1.11138979264e-005, 8.42890858621e-006, 8.23359278002e-006, 6.96786901244e-006, 4.52104086435e-006, 4.1338430492e-006, 2.20387278205e-006, 2.62191247202e-006, 1.97519898393e-006, 1.72754630512e-006, 1.24413941194e-006, 1.69006057149e-006, 2.39084374698e-006, 3.98773636334e-006, 5.17228954777e-006, 4.74863782074e-006, 4.08219057135e-006, 2.37174094764e-006, 2.50064158536e-006, 2.08868800655e-006, 1.42630028677e-006, 9.78789216788e-007],
        "var": [2.30547757383e-005, 0.0001058443886, 1.23032205011e-005, 1.97050144379e-006, 9.31530280468e-007, 6.89767958306e-008, 2.27675798214e-007, 1.79682604085e-006, 5.80898699809e-007, 1.28993107751e-007, 1.88289092762e-007, 6.52140386137e-007, 2.71111758821e-007, 2.89112236374e-008, 5.20643439472e-009, 6.09388806083e-009, 4.61738247637e-009, 1.38750899659e-009, 4.26102708673e-010, 3.09030578904e-010, 2.3224097645e-010, 3.57290225184e-010, 2.8460142576e-010, 5.28094457053e-010, 1.52439970369e-011, 3.0590429495e-011, 4.2255039745e-011, 2.1033392042e-011, 1.12687593631e-011, 2.69843522527e-011, 5.79719744431e-011, 1.34617220149e-010, 2.22415072471e-010, 2.26026961037e-010, 1.14333841006e-010, 5.05321964828e-011, 5.19963828938e-011, 3.77917280803e-011, 2.01385227938e-011, 7.38414971529e-012]
    },
    "mfcc": {
        "mean": [-707.815612793, 126.058181763, 24.4595546722, 12.3837900162, 11.4865493774, 13.4368801117, -2.51671075821, 6.69008731842, -0.287497222424, 3.61250495911, 3.20922899246, -0.727869033813, 4.49880409241],
        "cov": [[10441.6660156, -1264.57678223, 1024.88684082, 211.02645874, -175.2215271, 276.98336792, -231.388061523, 472.529205322, 147.456832886, -14.0770893097, 119.424942017, -115.753425598, 26.2068004608], [-1264.57678223, 3239.92431641, -67.1093521118, 43.4414176941, 429.720367432, 175.22428894, 247.166519165, 57.1271018982, 160.048782349, 71.0594406128, -2.82827305794, -91.6028289795, -115.086402893], [1024.88684082, -67.1093521118, 1493.7947998, 390.666381836, 332.376159668, 494.574615479, 112.918373108, 253.0206604, 132.240936279, 44.4638900757, 48.5750045776, -67.0951843262, -126.812080383], [211.02645874, 43.4414176941, 390.666381836, 597.174560547, 236.503082275, 198.25680542, 45.9452133179, 68.0612716675, 29.0036430359, 0.820165514946, 7.20068883896, 10.8522319794, -22.1501960754], [-175.2215271, 429.720367432, 332.376159668, 236.503082275, 429.595123291, 217.679290771, 85.3782424927, 109.498924255, 84.0932159424, 46.4574890137, 17.0369319916, -14.0794172287, -49.8664283752], [276.98336792, 175.22428894, 494.574615479, 198.25680542, 217.679290771, 403.439910889, 166.699584961, 145.868652344, 89.9435348511, 28.295917511, 31.489566803, -29.0339412689, -49.7424430847], [-231.388061523, 247.166519165, 112.918373108, 45.9452133179, 85.3782424927, 166.699584961, 306.879608154, 91.5563735962, 53.4880523682, 32.8641357422, 17.4231777191, 12.0325632095, -9.34322357178], [472.529205322, 57.1271018982, 253.0206604, 68.0612716675, 109.498924255, 145.868652344, 91.5563735962, 225.182662964, 86.9960174561, 18.2333889008, 30.8910636902, -6.18758440018, -16.1753139496], [147.456832886, 160.048782349, 132.240936279, 29.0036430359, 84.0932159424, 89.9435348511, 53.4880523682, 86.9960174561, 135.746734619, 44.4276657104, 29.9259719849, -8.40338897705, -13.7041406631], [-14.0770893097, 71.0594406128, 44.4638900757, 0.820165514946, 46.4574890137, 28.295917511, 32.8641357422, 18.2333889008, 44.4276657104, 115.245758057, 40.1023178101, 10.741065979, 10.3586053848], [119.424942017, -2.82827305794, 48.5750045776, 7.20068883896, 17.0369319916, 31.489566803, 17.4231777191, 30.8910636902, 29.9259719849, 40.1023178101, 110.456382751, 36.5284347534, 11.1527919769], [-115.753425598, -91.6028289795, -67.0951843262, 10.8522319794, -14.0794172287, -29.0339412689, 12.0325632095, -6.18758440018, -8.40338897705, 10.741065979, 36.5284347534, 127.819969177, 51.7045593262], [26.2068004608, -115.086402893, -126.812080383, -22.1501960754, -49.8664283752, -49.7424430847, -9.34322357178, -16.1753139496, -13.7041406631, 10.3586053848, 11.1527919769, 51.7045593262, 109.437713623]],
        "icov": [[0.000130705986521, 2.45823175646e-005, -5.65692862438e-005, -4.25548896601e-005, 0.000163661548868, -5.32490848855e-005, 0.00017918345111, -0.000300018000416, -3.56308737537e-005, 1.2568449165e-005, -0.000103209509689, 0.000163371936651, -0.000130606727907], [2.45823175646e-005, 0.000430492276791, 0.000139655356179, 6.58416320221e-005, -0.000453681423096, 2.74130470643e-005, -0.000259005813859, 0.000141125696246, -0.000364190433174, 1.71087376657e-005, -3.98510164814e-005, 0.000268172152573, 0.000256597879343], [-5.65692862438e-005, 0.000139655356179, 0.00145369488746, -0.000355518423021, -0.0001976716012, -0.00131606368814, 0.000359723111615, -0.000518520886544, -2.39950768446e-005, -0.000339540856658, -6.14480377408e-005, 8.95634366316e-005, 0.00103183218744], [-4.25548896601e-005, 6.58416320221e-005, -0.000355518423021, 0.00249807466753, -0.00121841439977, -0.000497164670378, 6.13325755694e-005, 0.000373428221792, 0.000327884539729, 0.000491004204378, 0.000213174716919, -0.000584773311857, -0.000298508355627], [0.000163661548868, -0.000453681423096, -0.0001976716012, -0.00121841439977, 0.00475864112377, -0.00131009751931, 0.000693099049386, -0.00112777960021, -0.000476432061987, -0.00123237888329, 0.000465393706691, -0.000403781567002, 0.000673709611874], [-5.32490848855e-005, 2.74130470643e-005, -0.00131606368814, -0.000497164670378, -0.00131009751931, 0.00651507917792, -0.00247232196853, -0.000445479963673, -0.000823099166155, 0.000711289816536, -0.000837685831357, 0.00102096260525, -6.40327416477e-005], [0.00017918345111, -0.000259005813859, 0.000359723111615, 6.13325755694e-005, 0.000693099049386, -0.00247232196853, 0.00519513851032, -0.00164015602786, 0.00011110080959, -0.000987097155303, 0.000517869892064, -0.000956717121881, 1.373075429e-005], [-0.000300018000416, 0.000141125696246, -0.000518520886544, 0.000373428221792, -0.00112777960021, -0.000445479963673, -0.00164015602786, 0.0082916142419, -0.00343682221137, 0.00141771091148, -0.000730283325538, -0.000133682915475, -0.000362845836207], [-3.56308737537e-005, -0.000364190433174, -2.39950768446e-005, 0.000327884539729, -0.000476432061987, -0.000823099166155, 0.00011110080959, -0.00343682221137, 0.0121398540214, -0.00325943226926, -0.00103063834831, 0.000508149678353, 0.000268060714006], [1.2568449165e-005, 1.71087376657e-005, -0.000339540856658, 0.000491004204378, -0.00123237888329, 0.000711289816536, -0.000987097155303, 0.00141771091148, -0.00325943226926, 0.0117738293484, -0.00353289209306, 0.000526535848621, -0.00180337356869], [-0.000103209509689, -3.98510164814e-005, -6.14480377408e-005, 0.000213174716919, 0.000465393706691, -0.000837685831357, 0.000517869892064, -0.000730283325538, -0.00103063834831, -0.00353289209306, 0.0122588062659, -0.00387581437826, 0.000509533390868], [0.000163371936651, 0.000268172152573, 8.95634366316e-005, -0.000584773311857, -0.000403781567002, 0.00102096260525, -0.000956717121881, -0.000133682915475, 0.000508149678353, 0.000526535848621, -0.00387581437826, 0.0114950016141, -0.00461516436189], [-0.000130606727907, 0.000256597879343, 0.00103183218744, -0.000298508355627, 0.000673709611874, -6.40327416477e-005, 1.373075429e-005, -0.000362845836207, 0.000268060714006, -0.00180337356869, 0.000509533390868, -0.00461516436189, 0.0131321847439]]
    },
    "spectral_contrast_coeffs": {
        "mean": [-0.617723464966, -0.692234635353, -0.760074973106, -0.773047447205, -0.793602764606, -0.781250834465],
        "var": [0.00888246297836, 0.00713787088171, 0.00512964557856, 0.00340418424457, 0.00243612634949, 0.00188698142301]
    },
    "spectral_contrast_valleys": {
        "mean": [-7.68886089325, -7.57914638519, -8.05529117584, -8.5445098877, -8.72954940796, -10.7078962326],
        "var": [3.1106107235, 1.52050125599, 1.66376304626, 1.34818613529, 1.55413484573, 3.34450507164]
    }
},
"metadata": {
    "audio_properties": {
        "analysis_sample_rate": 44100,
        "bit_rate": 128000,
        "equal_loudness": 0,
        "length": 193.828567505,
        "lossless": 0,
        "replay_gain": -11.152135849,
        "sample_rate": 44100,
        "codec": "mp3",
        "downmix": "mix",
        "md5_encoded": "2c69592d57a9c921d9114b77a59cf935"
    },
    "tags": {
        "file_name": "2052.mp3",
        "album": ["Sombre..."],
        "artist": ["Juice lee"],
        "encoding": ["LAME 64bits version 3.99.5 (http:\/\/lame.sf.net)"],
        "length": ["193782"],
        "title": ["Les 3 singes"],
        "tracknumber": ["03"]
    },
    "version": {
        "essentia": "2.1-beta2",
        "essentia_git_sha": "v2.1_beta2",
        "extractor": "music 1.0"
    }
},
"rhythm": {
    "beats_count": 303,
    "beats_loudness": {
        "mean": 0.0676624029875,
        "var": 0.00301133375615
    },
    "bpm": 93.9967880249,
    "bpm_histogram_first_peak_bpm": {
        "mean": 94,
        "var": 0
    },
    "bpm_histogram_first_peak_spread": {
        "mean": 0.27931034565,
        "var": 0
    },
    "bpm_histogram_first_peak_weight": {
        "mean": 0.692052960396,
        "var": 0
    },
    "bpm_histogram_second_peak_bpm": {
        "mean": 99,
        "var": 0
    },
    "bpm_histogram_second_peak_spread": {
        "mean": 0.181818157434,
        "var": 0
    },
    "bpm_histogram_second_peak_weight": {
        "mean": 0.0298013240099,
        "var": 0
    },
    "danceability": 1.52193772793,
    "onset_rate": 4.92158031464,
    "beats_loudness_band_ratio": {
        "mean": [0.78157043457, 0.0711944848299, 0.0698757916689, 0.0457392670214, 0.0162257291377, 0.0302571151406],
        "var": [0.0667375251651, 0.0109002208337, 0.0208055414259, 0.00767233176157, 0.00168443436269, 0.00388225144707]
    },
    "beats_position": [0.696598649025, 1.369977355, 2.02013611794, 2.67029476166, 3.32045340538, 3.97061228752, 4.60916090012, 5.24770975113, 5.88625860214, 6.52480697632, 7.16335582733, 7.79029464722, 8.4172334671, 9.04417228699, 9.682721138, 10.3096599579, 10.9482088089, 11.5867567062, 12.2253055573, 12.8638544083, 13.5024032593, 14.1409521103, 14.7795009613, 15.4180498123, 16.0565986633, 16.6951465607, 17.3336963654, 17.9722442627, 18.6107940674, 19.2493419647, 19.8762817383, 20.5148296356, 21.153377533, 21.7919273376, 22.430475235, 23.0690250397, 23.707572937, 24.3577327728, 24.984670639, 25.6232185364, 26.2617683411, 26.9003162384, 27.5388660431, 28.1774139404, 28.8159637451, 29.4661216736, 30.0930614471, 30.7316093445, 31.3701572418, 32.0087051392, 32.6472549438, 33.2858047485, 33.9243545532, 34.5745124817, 35.2014503479, 35.8400001526, 36.4785499573, 37.1170959473, 37.755645752, 38.3941955566, 39.0327415466, 39.6712913513, 40.309841156, 40.9483909607, 41.5869369507, 42.2254867554, 42.8640365601, 43.50258255, 44.1411323547, 44.7796821594, 45.4182319641, 46.0567779541, 46.6953277588, 47.322265625, 47.9724235535, 48.6109733582, 49.2495231628, 49.8880729675, 50.5150108337, 51.1535606384, 51.7921066284, 52.4306564331, 53.0692062378, 53.7077522278, 54.3463020325, 54.9848518372, 55.6234016418, 56.2619476318, 56.8888893127, 57.5274353027, 58.1659851074, 58.8045349121, 59.4430847168, 60.0932426453, 60.7201805115, 61.3703384399, 61.9972763062, 62.6242179871, 63.2627639771, 63.9013137817, 64.5514755249, 65.2016296387, 65.8285675049, 66.4671173096, 67.1056671143, 67.7442169189, 68.3827667236, 69.0213165283, 69.659866333, 70.3100204468, 70.936958313, 71.5755081177, 72.2140579224, 72.8526077271, 73.4911575317, 74.1413116455, 74.7682495117, 75.4184112549, 76.0453491211, 76.6838989258, 77.3224487305, 77.9726028442, 78.5995483398, 79.2380905151, 79.8766403198, 80.526802063, 81.1537399292, 81.7922897339, 82.4308395386, 83.0693893433, 83.7079315186, 84.3464813232, 84.9850311279, 85.6235809326, 86.2621307373, 86.900680542, 87.5392303467, 88.177772522, 88.8163223267, 89.4548721313, 90.093421936, 90.7319717407, 91.3705215454, 92.0090713501, 92.6476211548, 93.2861633301, 93.9247131348, 94.5632629395, 95.2018127441, 95.8403625488, 96.4789123535, 97.1174621582, 97.7560043335, 98.3829498291, 99.0331039429, 99.6716537476, 100.310203552, 100.948753357, 101.587303162, 102.225845337, 102.864395142, 103.502944946, 104.141494751, 104.780044556, 105.41859436, 106.057144165, 106.69568634, 107.334236145, 107.97278595, 108.599723816, 109.249885559, 109.888435364, 110.526985168, 111.165527344, 111.792472839, 112.431015015, 113.05796051, 113.696502686, 114.33505249, 114.985214233, 115.6121521, 116.262313843, 116.889251709, 117.539405823, 118.166343689, 118.804893494, 119.443443298, 120.081993103, 120.720542908, 121.370697021, 121.997642517, 122.647796631, 123.274734497, 123.92489624, 124.551834106, 125.190383911, 125.828933716, 126.467483521, 127.106025696, 127.756187439, 128.383132935, 129.021682739, 129.660217285, 130.29876709, 130.937316895, 131.587478638, 132.214416504, 132.852966309, 133.491516113, 134.141677856, 134.768615723, 135.407165527, 136.045715332, 136.695877075, 137.322814941, 137.972961426, 138.599899292, 139.238449097, 139.876998901, 140.515548706, 141.154098511, 141.792648315, 142.43119812, 143.069747925, 143.708297729, 144.346847534, 144.985397339, 145.623947144, 146.262496948, 146.912643433, 147.539596558, 148.178131104, 148.816680908, 149.455230713, 150.093780518, 150.732330322, 151.370880127, 152.009429932, 152.647979736, 153.286529541, 153.925079346, 154.56362915, 155.202178955, 155.84072876, 156.479278564, 157.11781311, 157.756362915, 158.39491272, 159.033462524, 159.660400391, 160.310562134, 160.949111938, 161.587661743, 162.226211548, 162.864761353, 163.503311157, 164.141860962, 164.780410767, 165.418960571, 166.045898438, 166.684448242, 167.322982788, 167.961532593, 168.600082397, 169.238632202, 169.877182007, 170.52734375, 171.165893555, 171.804443359, 172.442993164, 173.06993103, 173.708480835, 174.335418701, 174.973968506, 175.612518311, 176.251068115, 176.88961792, 177.539764404, 178.166702271, 178.805252075, 179.44380188, 180.082351685, 180.720901489, 181.359451294, 181.998001099, 182.648162842, 183.298324585, 183.948471069, 184.598632813, 185.237182617, 185.829299927, 186.433013916, 187.048339844, 187.663665771, 188.26739502, 188.871109009, 189.474822998, 190.078552246, 190.682266235, 191.285980225, 191.889694214, 192.481811523, 193.085525513]
},
"tonal": {
    "chords_changes_rate": 0.0653892233968,
    "chords_number_rate": 0.0021556885913,
    "chords_strength": {
        "mean": 0.4807279706,
        "var": 0.0085501326248
    },
    "hpcp_entropy": {
        "mean": 1.95963573456,
        "var": 0.561121940613
    },
    "key_strength": 0.49745875597,
    "tuning_diatonic_strength": 0.486844658852,
    "tuning_equal_tempered_deviation": 0.111208036542,
    "tuning_frequency": 437.213165283,
    "tuning_nontempered_energy_ratio": 0.821209907532,
    "hpcp": {
        "mean": [0.228379368782, 0.210986346006, 0.178431555629, 0.286316275597, 0.269475191832, 0.13226492703, 0.0857418179512, 0.0814744010568, 0.0729712545872, 0.066299803555, 0.0575843751431, 0.053565364331, 0.0582485720515, 0.0480571165681, 0.0524157769978, 0.104508884251, 0.097113288939, 0.0384589731693, 0.0201670303941, 0.0175882764161, 0.0232432708144, 0.0392602756619, 0.0472856238484, 0.0724131837487, 0.0989439487457, 0.0849159955978, 0.0773900449276, 0.0945010185242, 0.0898052677512, 0.162160247564, 0.3133058846, 0.237678930163, 0.064114741981, 0.0330730229616, 0.0467820391059, 0.117876023054],
        "var": [0.118023999035, 0.0930942445993, 0.0611136704683, 0.139754876494, 0.132333397865, 0.0534126609564, 0.0422414876521, 0.0395375490189, 0.030804073438, 0.027949700132, 0.0253145564348, 0.0243733655661, 0.0251661725342, 0.0167820546776, 0.0125481262803, 0.044062256813, 0.0356161445379, 0.00838233530521, 0.00626871548593, 0.00507834088057, 0.00598368374631, 0.0132478019223, 0.0187371578068, 0.0251751206815, 0.0329783707857, 0.0281476341188, 0.0349511764944, 0.0441470704973, 0.040884103626, 0.0578036084771, 0.170467436314, 0.109611831605, 0.0155789675191, 0.0115300118923, 0.0179830491543, 0.0456423833966]
    },
    "chords_histogram": [64.8862304688, 2.85029935837, 1.74850296974, 8.4071855545, 0.071856290102, 0.982035934925, 0, 2.34730529785, 0.071856290102, 9.70059871674, 3.23353290558, 0.0958083868027, 0, 0, 0, 0, 0.45508980751, 2.73053884506, 0.0958083868027, 0, 0, 0, 0.646706581116, 1.67664670944],
    "thpcp": [1, 0.75861620903, 0.204639449716, 0.105561450124, 0.149317458272, 0.376233041286, 0.728934168816, 0.673419654369, 0.569512307644, 0.913855373859, 0.860102534294, 0.422159075737, 0.273668080568, 0.260047465563, 0.232907384634, 0.21161365509, 0.183796018362, 0.170968264341, 0.185915991664, 0.153387218714, 0.167299047112, 0.33356821537, 0.309963196516, 0.122752159834, 0.0643685013056, 0.056137714535, 0.0741871520877, 0.125309735537, 0.150924786925, 0.23112615943, 0.315806239843, 0.271032243967, 0.247011139989, 0.301625430584, 0.286637663841, 0.517578065395],
    "chords_key": "G",
    "chords_scale": "minor",
    "key_key": "G",
    "key_scale": "minor"
}
}