{
"lowlevel": {
    "average_loudness": 0.733318865299,
    "barkbands_crest": {
        "mean": 16.1461238861,
        "var": 35.3438186646
    },
    "barkbands_flatness_db": {
        "mean": 0.277546584606,
        "var": 0.016642274335
    },
    "barkbands_kurtosis": {
        "mean": 25.4715328217,
        "var": 2006.32958984
    },
    "barkbands_skewness": {
        "mean": 3.18136787415,
        "var": 8.1127204895
    },
    "barkbands_spread": {
        "mean": 15.7145738602,
        "var": 524.761901855
    },
    "dissonance": {
        "mean": 0.420692622662,
        "var": 0.00375633779913
    },
    "dynamic_complexity": 4.42622280121,
    "erbbands_crest": {
        "mean": 11.765247345,
        "var": 28.9872016907
    },
    "erbbands_flatness_db": {
        "mean": 0.193120628595,
        "var": 0.00597416702658
    },
    "erbbands_kurtosis": {
        "mean": 4.25714492798,
        "var": 98.8471069336
    },
    "erbbands_skewness": {
        "mean": 0.898121953011,
        "var": 1.99381196499
    },
    "erbbands_spread": {
        "mean": 38.9272384644,
        "var": 1024.82580566
    },
    "hfc": {
        "mean": 19.9849834442,
        "var": 2385.56982422
    },
    "melbands_crest": {
        "mean": 22.6861457825,
        "var": 45.0599746704
    },
    "melbands_flatness_db": {
        "mean": 0.379342615604,
        "var": 0.0252142120153
    },
    "melbands_kurtosis": {
        "mean": 46.8647117615,
        "var": 5641.91015625
    },
    "melbands_skewness": {
        "mean": 4.1658654213,
        "var": 9.29180908203
    },
    "melbands_spread": {
        "mean": 13.6559371948,
        "var": 632.18371582
    },
    "pitch_salience": {
        "mean": 0.397795647383,
        "var": 0.0240885801613
    },
    "silence_rate_20dB": {
        "mean": 0.996297836304,
        "var": 0.00368925416842
    },
    "silence_rate_30dB": {
        "mean": 0.85371273756,
        "var": 0.124879799783
    },
    "silence_rate_60dB": {
        "mean": 0.100380793214,
        "var": 0.0903027281165
    },
    "spectral_centroid": {
        "mean": 870.216247559,
        "var": 878702.3125
    },
    "spectral_complexity": {
        "mean": 9.00444221497,
        "var": 107.100883484
    },
    "spectral_decrease": {
        "mean": -1.30587149982e-008,
        "var": 2.36490328324e-016
    },
    "spectral_energy": {
        "mean": 0.0510993823409,
        "var": 0.00351259903982
    },
    "spectral_energyband_high": {
        "mean": 0.00166509940755,
        "var": 2.92708300549e-005
    },
    "spectral_energyband_low": {
        "mean": 0.0403109043837,
        "var": 0.00301701831631
    },
    "spectral_energyband_middle_high": {
        "mean": 0.00137042661663,
        "var": 1.4356292013e-005
    },
    "spectral_energyband_middle_low": {
        "mean": 0.00833251699805,
        "var": 0.000119192744023
    },
    "spectral_entropy": {
        "mean": 6.64110851288,
        "var": 1.19191253185
    },
    "spectral_flux": {
        "mean": 0.0801458656788,
        "var": 0.00587985757738
    },
    "spectral_kurtosis": {
        "mean": 18.058347702,
        "var": 528.080078125
    },
    "spectral_rms": {
        "mean": 0.00599649176002,
        "var": 1.38949908433e-005
    },
    "spectral_rolloff": {
        "mean": 1010.09887695,
        "var": 4301669
    },
    "spectral_skewness": {
        "mean": 2.85099196434,
        "var": 3.85520148277
    },
    "spectral_spread": {
        "mean": 4479630.5,
        "var": 9.03981039616e+012
    },
    "spectral_strongpeak": {
        "mean": 0.517196178436,
        "var": 0.244509905577
    },
    "zerocrossingrate": {
        "mean": 0.0359108299017,
        "var": 0.00187022599857
    },
    "barkbands": {
        "mean": [0.00189993833192, 0.0334548577666, 0.00439482973889, 0.00155361369252, 0.00486273132265, 0.00101996643934, 0.000513292499818, 0.00017718419258, 0.00018303465913, 0.000122419078252, 7.12379405741e-005, 7.21936958143e-005, 7.12953187758e-005, 6.48842251394e-005, 0.000101400197309, 0.000178099071491, 0.000148244347656, 0.00022458024614, 0.000181887444342, 0.000328994297888, 0.000304755551042, 0.000283527508145, 0.000296983402222, 0.000193497588043, 0.000299409235595, 9.28352528717e-005, 3.57864769285e-006],
        "var": [8.93833112059e-006, 0.00242018559948, 0.000214164450881, 3.64294537576e-005, 5.57062412554e-005, 6.48089826427e-006, 8.02453882898e-007, 1.72848075408e-007, 1.59438428682e-007, 4.24269728683e-007, 2.67173501101e-008, 1.3285922762e-007, 2.77048339825e-008, 1.30720891889e-007, 1.85801567909e-007, 3.88093894799e-007, 3.01267903069e-007, 9.46776651745e-007, 4.71871260288e-007, 1.57495821895e-006, 1.14129375106e-006, 1.04194316464e-006, 1.0085437907e-006, 6.51986454159e-007, 1.30175487811e-006, 1.25496441683e-007, 4.13915512976e-010]
    },
    "erbbands": {
        "mean": [1.37200713158, 5.9282617569, 5.76798152924, 5.1465959549, 9.02068519592, 20.7906551361, 11.0269403458, 7.58424186707, 6.18883895874, 7.09253120422, 4.13841819763, 4.58213472366, 2.47644877434, 4.49300861359, 3.12364673615, 2.86494350433, 3.50721096992, 3.23707413673, 4.43603229523, 6.78846073151, 9.8413848877, 9.06131362915, 11.9056587219, 11.0768442154, 9.61526870728, 15.4401264191, 12.5602712631, 12.7902040482, 9.68447685242, 12.043261528, 6.18261098862, 3.77888655663, 3.53095197678, 2.6876308918, 2.30266880989, 0.695205152035, 0.122383184731, 0.0184876993299, 0.000595037010498, 7.84141811891e-005],
        "var": [3.56771802902, 95.8134689331, 258.972991943, 234.1587677, 232.724502563, 1077.0760498, 547.599914551, 315.120666504, 147.339569092, 150.905517578, 172.48815918, 81.9674453735, 32.3523139954, 637.25970459, 42.3166313171, 133.136154175, 65.291053772, 265.580322266, 250.450363159, 534.862609863, 1316.33691406, 1183.6270752, 2457.22216797, 2016.22167969, 1201.38708496, 3718.80297852, 2094.9152832, 2112.98803711, 1165.98339844, 1460.61608887, 435.673278809, 206.891738892, 248.902160645, 163.352142334, 59.6445732117, 5.80921459198, 0.261145830154, 0.00648647779599, 8.57452778291e-006, 1.43177842915e-008]
    },
    "gfcc": {
        "mean": [-97.7350692749, 125.351119995, -63.9598579407, 39.5652999878, -43.1007080078, 18.4584312439, -29.8565349579, 4.41228723526, -12.5009965897, 2.46228742599, -9.63034534454, 6.54507923126, -4.89155769348],
        "cov": [[11952.2910156, -4662.84228516, -431.702392578, 1569.26428223, -882.99609375, 827.499023438, -648.299316406, 635.580078125, -444.416015625, 760.634277344, -519.447143555, 571.188354492, -111.550552368], [-4662.84228516, 3717.09472656, 792.821777344, -886.235351563, 639.62677002, -484.557861328, 569.760131836, -414.64465332, 403.929321289, -612.916564941, 494.360778809, -367.558105469, 127.261901855], [-431.702392578, 792.821777344, 2122.91894531, -75.5476379395, 90.4818954468, 139.402923584, 126.607032776, 9.83342552185, 88.9507904053, -173.615005493, 156.775817871, -70.6374511719, -101.45539856], [1569.26428223, -886.235351563, -75.5476379395, 681.79107666, -45.9816627502, 36.0368843079, -44.2985801697, 115.209815979, -18.9259262085, 113.945457458, -62.1054611206, 85.403427124, -20.7652645111], [-882.99609375, 639.62677002, 90.4818954468, -45.9816627502, 448.168731689, -102.587738037, 143.870803833, -48.9316635132, 66.2147827148, -99.0389938354, 101.141929626, -84.8194122314, 24.1992931366], [827.499023438, -484.557861328, 139.402923584, 36.0368843079, -102.587738037, 346.306213379, -61.277015686, 54.048740387, -17.7943515778, 83.8572845459, -55.0450401306, 79.9045257568, -39.3355522156], [-648.299316406, 569.760131836, 126.607032776, -44.2985801697, 143.870803833, -61.277015686, 260.729919434, -20.4906787872, 94.1846923828, -91.2401351929, 94.61769104, -72.3416824341, 28.9805450439], [635.580078125, -414.64465332, 9.83342552185, 115.209815979, -48.9316635132, 54.048740387, -20.4906787872, 205.910217285, -19.2638378143, 92.8995513916, -40.4888420105, 59.9271392822, -22.9149036407], [-444.416015625, 403.929321289, 88.9507904053, -18.9259262085, 66.2147827148, -17.7943515778, 94.1846923828, -19.2638378143, 175.740753174, -42.1718254089, 81.4792251587, -25.9849357605, 20.3167705536], [760.634277344, -612.916564941, -173.615005493, 113.945457458, -99.0389938354, 83.8572845459, -91.2401351929, 92.8995513916, -42.1718254089, 228.111602783, -55.073890686, 88.589881897, -15.4199905396], [-519.447143555, 494.360778809, 156.775817871, -62.1054611206, 101.141929626, -55.0450401306, 94.61769104, -40.4888420105, 81.4792251587, -55.073890686, 199.087677002, -14.0112228394, 22.7328853607], [571.188354492, -367.558105469, -70.6374511719, 85.403427124, -84.8194122314, 79.9045257568, -72.3416824341, 59.9271392822, -25.9849357605, 88.589881897, -14.0112228394, 151.023513794, 13.272028923], [-111.550552368, 127.261901855, -101.45539856, -20.7652645111, 24.1992931366, -39.3355522156, 28.9805450439, -22.9149036407, 20.3167705536, -15.4199905396, 22.7328853607, 13.272028923, 95.1992721558]],
        "icov": [[0.000201988805202, 6.49083158351e-005, -7.4085714914e-006, -0.000312417338137, 0.000134438683745, -0.000269722164376, 9.2933732958e-005, -0.000183530108188, 0.000202965762583, -5.49124742975e-005, -2.81439333776e-005, -1.62176856975e-005, -0.000187444937183], [6.49083158351e-005, 0.00263832649216, -0.000491877435707, 0.00210065115243, -0.000988696119748, 0.001713882084, -0.00159957911819, 0.00148587767035, -0.00251884851605, 0.00222836760804, -0.0015962200705, 9.0281253506e-005, -0.000445681187557], [-7.4085714914e-006, -0.000491877435707, 0.000715804984793, -0.000412357796449, 0.00020224553009, -0.000725893769413, 0.000246080657234, -0.000536283303518, 0.000443739787443, 0.00015020846331, -0.000234484832617, 0.000129185296828, 0.000734030269086], [-0.000312417338137, 0.00210065115243, -0.000412357796449, 0.00408841436729, -0.00120760733262, 0.00218696892262, -0.00165544112679, 0.00105742714368, -0.00271506910212, 0.00152662384789, -0.000769688107539, -0.000724218378309, 0.000358660734491], [0.000134438683745, -0.000988696119748, 0.00020224553009, -0.00120760733262, 0.00353590818122, -0.000615530414507, -0.000206546348636, -0.000730094325263, 0.00117476645391, -0.000596565019805, -0.00030172127299, 0.000909964961465, -0.000236817111727], [-0.000269722164376, 0.001713882084, -0.000725893769413, 0.00218696892262, -0.000615530414507, 0.00563816307113, -0.00146030785982, 0.00149936566595, -0.00260422262363, 0.000740640040021, 0.000146183243487, -0.0019919264596, 0.00130636896938], [9.2933732958e-005, -0.00159957911819, 0.000246080657234, -0.00165544112679, -0.000206546348636, -0.00146030785982, 0.00773609895259, -0.00234390771948, -0.000116240698844, -0.000274377554888, -0.000640900165308, 0.00231336662546, -0.00151083641686], [-0.000183530108188, 0.00148587767035, -0.000536283303518, 0.00105742714368, -0.000730094325263, 0.00149936566595, -0.00234390771948, 0.00803014170378, -0.00170896726195, -0.000794974912424, 0.00030331054586, -0.0019688536413, 0.00134729966521], [0.000202965762583, -0.00251884851605, 0.000443739787443, -0.00271506910212, 0.00117476645391, -0.00260422262363, -0.000116240698844, -0.00170896726195, 0.0107091218233, -0.00214671669528, -0.000867874710821, 0.0005943782744, -0.00077375076944], [-5.49124742975e-005, 0.00222836760804, 0.00015020846331, 0.00152662384789, -0.000596565019805, 0.000740640040021, -0.000274377554888, -0.000794974912424, -0.00214671669528, 0.00958904344589, -0.0014918075176, -0.00187523115892, 0.00042869738536], [-2.81439333776e-005, -0.0015962200705, -0.000234484832617, -0.000769688107539, -0.00030172127299, 0.000146183243487, -0.000640900165308, 0.00030331054586, -0.000867874710821, -0.0014918075176, 0.00915603060275, -0.00256966170855, 0.000203698917176], [-1.62176856975e-005, 9.0281253506e-005, 0.000129185296828, -0.000724218378309, 0.000909964961465, -0.0019919264596, 0.00231336662546, -0.0019688536413, 0.0005943782744, -0.00187523115892, -0.00256966170855, 0.0121335554868, -0.00390104041435], [-0.000187444937183, -0.000445681187557, 0.000734030269086, 0.000358660734491, -0.000236817111727, 0.00130636896938, -0.00151083641686, 0.00134729966521, -0.00077375076944, 0.00042869738536, 0.000203698917176, -0.00390104041435, 0.0138549171388]]
    },
    "melbands": {
        "mean": [0.0106732593849, 0.00452923821285, 0.000915235897992, 0.00125701155048, 0.00045639302698, 0.000165431090863, 9.79310207185e-005, 6.61325611873e-005, 3.49760375684e-005, 2.63875117525e-005, 1.18038133223e-005, 1.86916422535e-005, 1.01147070382e-005, 7.21770720702e-006, 9.78374191618e-006, 6.40063535684e-006, 5.92926517129e-006, 6.34294974589e-006, 8.31929173728e-006, 1.16777728181e-005, 1.07466557893e-005, 9.83369682217e-006, 7.40981840863e-006, 1.23232630358e-005, 8.69450468599e-006, 6.2358658397e-006, 8.7154285211e-006, 1.06864154077e-005, 7.91578804638e-006, 7.88126544649e-006, 7.34595550966e-006, 5.41229792361e-006, 5.33320053364e-006, 7.66093035054e-006, 3.84319127988e-006, 2.1481650947e-006, 2.5443425784e-006, 2.51765459325e-006, 2.48442165685e-006, 2.1688238121e-006],
        "var": [0.000226966032642, 7.2293660196e-005, 6.28176485407e-006, 4.48923447038e-006, 5.06768401465e-007, 1.53809423864e-007, 3.44328654478e-008, 1.23849046574e-008, 1.54366333049e-008, 2.60696730869e-009, 9.04051666861e-010, 1.21218750593e-008, 3.44252265583e-010, 1.13076703556e-009, 1.59519830678e-009, 6.1495447623e-010, 8.4170836967e-010, 7.68393182415e-010, 1.93309679375e-009, 1.41996059355e-009, 1.70980174463e-009, 1.57361979003e-009, 7.04158786835e-010, 3.0789482075e-009, 1.2474616895e-009, 5.36022670694e-010, 1.02967179227e-009, 1.92680471578e-009, 8.80447159624e-010, 8.05331412668e-010, 7.19346415767e-010, 3.89958176861e-010, 3.52827878025e-010, 6.48333386977e-010, 1.72762332218e-010, 5.78013401031e-011, 1.07941662553e-010, 1.23276222563e-010, 1.45217227132e-010, 1.10584152946e-010]
    },
    "mfcc": {
        "mean": [-758.67376709, 155.161422729, 41.0938987732, 35.5530891418, 16.3170032501, 19.8387393951, -0.981654584408, 12.0668334961, -1.06657373905, 3.82758879662, 3.95525574684, -1.13071393967, 3.68606376648],
        "cov": [[11604.1640625, -4667.43603516, -906.289550781, 589.997924805, -217.158294678, 266.401306152, -291.257080078, -110.261810303, 259.481628418, -42.8445396423, -269.97354126, 170.526824951, 376.928833008], [-4667.43603516, 3795.18505859, 639.409362793, -212.026367188, 146.40625, -73.2841720581, 197.08770752, 234.605941772, -158.031509399, 50.6732215881, 175.140228271, -85.3193054199, -125.363273621], [-906.289550781, 639.409362793, 1540.67480469, -35.7419509888, 166.89642334, 43.3489532471, 82.905166626, 129.641845703, -58.5588035583, 55.9225654602, 79.233253479, -24.6334857941, -59.3865509033], [589.997924805, -212.026367188, -35.7419509888, 565.22467041, 69.7022857666, 1.93993246555, 23.617023468, 24.4392871857, 62.7622375488, 16.2015705109, 35.3227767944, 24.1882820129, 38.5411300659], [-217.158294678, 146.40625, 166.89642334, 69.7022857666, 255.226364136, 44.924118042, 51.3906021118, 32.242565155, -8.98351764679, 10.560297966, 15.3157491684, 5.68895578384, 14.3427734375], [266.401306152, -73.2841720581, 43.3489532471, 1.93993246555, 44.924118042, 198.123321533, 4.12438964844, 48.048992157, 5.60692024231, 14.1609296799, 14.8529529572, 13.6327972412, 32.1916999817], [-291.257080078, 197.08770752, 82.905166626, 23.617023468, 51.3906021118, 4.12438964844, 170.922821045, 14.9265794754, 12.8888435364, 1.6208435297, 24.0993824005, 17.5118503571, -24.4812297821], [-110.261810303, 234.605941772, 129.641845703, 24.4392871857, 32.242565155, 48.048992157, 14.9265794754, 174.538665771, 19.7800292969, 28.0178871155, 19.0340194702, 1.06649053097, 37.3403434753], [259.481628418, -158.031509399, -58.5588035583, 62.7622375488, -8.98351764679, 5.60692024231, 12.8888435364, 19.7800292969, 116.92111969, 31.2872543335, -1.04487419128, 4.86939764023, 3.09576177597], [-42.8445396423, 50.6732215881, 55.9225654602, 16.2015705109, 10.560297966, 14.1609296799, 1.6208435297, 28.0178871155, 31.2872543335, 101.309005737, 41.8936080933, 4.0477309227, 1.39623844624], [-269.97354126, 175.140228271, 79.233253479, 35.3227767944, 15.3157491684, 14.8529529572, 24.0993824005, 19.0340194702, -1.04487419128, 41.8936080933, 105.764007568, 31.4130802155, 0.0841872170568], [170.526824951, -85.3193054199, -24.6334857941, 24.1882820129, 5.68895578384, 13.6327972412, 17.5118503571, 1.06649053097, 4.86939764023, 4.0477309227, 31.4130802155, 93.0191650391, 51.2661209106], [376.928833008, -125.363273621, -59.3865509033, 38.5411300659, 14.3427734375, 32.1916999817, -24.4812297821, 37.3403434753, 3.09576177597, 1.39623844624, 0.0841872170568, 51.2661209106, 132.004806519]],
        "icov": [[0.000199547183001, 0.000211318852962, 6.3296135977e-007, -0.000132376750116, 0.000119321295642, -0.000166658894159, 2.79567029793e-005, -8.14327868284e-005, -2.96752859867e-005, -6.12140065641e-005, 0.000264037313173, -7.51188636059e-005, -0.000243922826485], [0.000211318852962, 0.000641787715722, -1.88812009583e-005, 2.23492115765e-005, -7.06947321305e-006, 0.000144636258483, -0.000341830105754, -0.000721543037798, 0.000521149369888, -3.90361237805e-005, -0.000425959093263, 0.000398650707211, -6.90802553436e-005], [6.3296135977e-007, -1.88812009583e-005, 0.000826421251986, 6.54374016449e-005, -0.000426625745604, -1.29107888824e-006, -0.000134312766022, -0.000587647838984, 0.000489246216603, -0.000277845043456, -0.000314903998515, 6.61296726321e-005, 0.000486919539981], [-0.000132376750116, 2.23492115765e-005, 6.54374016449e-005, 0.00222100433894, -0.000762176059652, 0.000503607559949, -0.000190137201571, -0.00018635953893, -0.00101199373603, 0.000473477382911, -0.00137195060961, 0.0004226185265, -0.000386884144973], [0.000119321295642, -7.06947321305e-006, -0.000426625745604, -0.000762176059652, 0.00498912343755, -0.00109561230056, -0.0012637830805, 0.000126298444229, 0.000616593053564, -0.000446957856184, 0.000701954413671, 0.000232343838434, -0.000962245685514], [-0.000166658894159, 0.000144636258483, -1.29107888824e-006, 0.000503607559949, -0.00109561230056, 0.00612961919978, -0.000149374827743, -0.00159105635248, 0.000213516759686, -6.85939812684e-005, -0.00126404699404, 0.000268905452685, -0.000595699821133], [2.79567029793e-005, -0.000341830105754, -0.000134312766022, -0.000190137201571, -0.0012637830805, -0.000149374827743, 0.00756566273049, -0.00021546438802, -0.00161009572912, 0.00107164739165, -0.000277723622276, -0.00284216506407, 0.00235882680863], [-8.14327868284e-005, -0.000721543037798, -0.000587647838984, -0.00018635953893, 0.000126298444229, -0.00159105635248, -0.00021546438802, 0.00860289670527, -0.00206641224213, -0.000902464089449, 9.99301046249e-005, 0.00146524165757, -0.00327296857722], [-2.96752859867e-005, 0.000521149369888, 0.000489246216603, -0.00101199373603, 0.000616593053564, 0.000213516759686, -0.00161009572912, -0.00206641224213, 0.011787744239, -0.0041558672674, 0.00154280697461, -0.000434139597928, 0.001197229838], [-6.12140065641e-005, -3.90361237805e-005, -0.000277845043456, 0.000473477382911, -0.000446957856184, -6.85939812684e-005, 0.00107164739165, -0.000902464089449, -0.0041558672674, 0.0139687685296, -0.00607470795512, 0.00152095709927, -0.000243301488808], [0.000264037313173, -0.000425959093263, -0.000314903998515, -0.00137195060961, 0.000701954413671, -0.00126404699404, -0.000277723622276, 9.99301046249e-005, 0.00154280697461, -0.00607470795512, 0.0160508286208, -0.00667049409822, 0.00186107330956], [-7.51188636059e-005, 0.000398650707211, 6.61296726321e-005, 0.0004226185265, 0.000232343838434, 0.000268905452685, -0.00284216506407, 0.00146524165757, -0.000434139597928, 0.00152095709927, -0.00667049409822, 0.0179779827595, -0.00751662859693], [-0.000243922826485, -6.90802553436e-005, 0.000486919539981, -0.000386884144973, -0.000962245685514, -0.000595699821133, 0.00235882680863, -0.00327296857722, 0.001197229838, -0.000243301488808, 0.00186107330956, -0.00751662859693, 0.0130440136418]]
    },
    "spectral_contrast_coeffs": {
        "mean": [-0.676580011845, -0.709534049034, -0.761530578136, -0.77470934391, -0.788597047329, -0.757890880108],
        "var": [0.00602538185194, 0.00648761773482, 0.00434959214181, 0.00361891509965, 0.00285678589717, 0.00403749570251]
    },
    "spectral_contrast_valleys": {
        "mean": [-6.91224384308, -7.78336381912, -8.75654411316, -9.32448959351, -9.47453784943, -11.8120613098],
        "var": [1.34694874287, 0.808113396168, 0.956056833267, 1.65547990799, 2.79522442818, 3.45373773575]
    }
},
"metadata": {
    "audio_properties": {
        "analysis_sample_rate": 44100,
        "bit_rate": 128000,
        "equal_loudness": 0,
        "length": 219.480819702,
        "lossless": 0,
        "replay_gain": -2.06909561157,
        "sample_rate": 44100,
        "codec": "mp3",
        "downmix": "mix",
        "md5_encoded": "209cea7a5c47a85b69dd063e0c9cfa46"
    },
    "tags": {
        "file_name": "2053.mp3",
        "album": ["Subway Stories"],
        "artist": ["ADC LEVEL"],
        "encoding": ["LAME 64bits version 3.99.5 (http:\/\/lame.sf.net)"],
        "length": ["219433"],
        "title": ["Neon"],
        "tracknumber": ["03"]
    },
    "version": {
        "essentia": "2.1-beta2",
        "essentia_git_sha": "v2.1_beta2",
        "extractor": "music 1.0"
    }
},
"rhythm": {
    "beats_count": 431,
    "beats_loudness": {
        "mean": 0.0756061077118,
        "var": 0.00336141255684
    },
    "bpm": 119.902023315,
    "bpm_histogram_first_peak_bpm": {
        "mean": 120,
        "var": 0
    },
    "bpm_histogram_first_peak_spread": {
        "mean": 0.218487396836,
        "var": 0
    },
    "bpm_histogram_first_peak_weight": {
        "mean": 0.648837208748,
        "var": 0
    },
    "bpm_histogram_second_peak_bpm": {
        "mean": 115,
        "var": 0
    },
    "bpm_histogram_second_peak_spread": {
        "mean": 0.147058799863,
        "var": 0
    },
    "bpm_histogram_second_peak_weight": {
        "mean": 0.0674418583512,
        "var": 0
    },
    "danceability": 1.35848999023,
    "onset_rate": 4.09114933014,
    "beats_loudness_band_ratio": {
        "mean": [0.658899128437, 0.114913344383, 0.0215887520462, 0.0203148555011, 0.0759342685342, 0.127145782113],
        "var": [0.088428042829, 0.0185937024653, 0.00162808410823, 0.00618567271158, 0.011380222626, 0.0274887178093]
    },
    "beats_position": [0.650158703327, 1.31192743778, 1.97369611263, 2.62385487556, 3.27401351929, 3.93578219414, 4.59755086899, 5.25931978226, 5.92108821869, 6.58285713196, 7.24462556839, 7.94122457504, 8.63782310486, 9.34603118896, 10.0542402267, 10.6579589844, 11.261677742, 11.8653964996, 12.3762359619, 12.8870744705, 13.4095239639, 13.9319725037, 14.4428119659, 14.9536504745, 15.4644899368, 15.9753284454, 16.50938797, 17.031835556, 17.5542850494, 18.0651245117, 18.575963974, 19.0868015289, 19.5395908356, 19.9923801422, 20.45677948, 20.9211788177, 21.3855781555, 21.8383674622, 22.3027667999, 22.7787742615, 23.2431735992, 23.7772331238, 24.2996826172, 24.8221302032, 25.3445796967, 25.8670291901, 26.3894786835, 26.9119262695, 27.4343757629, 27.9568252563, 28.4792747498, 29.0017223358, 29.5357818604, 30.0350112915, 30.5458488464, 31.0450782776, 31.5559177399, 32.0667572021, 32.5775947571, 33.1000442505, 33.6224937439, 34.1449432373, 34.6441726685, 35.1550102234, 35.6542396545, 36.1534690857, 36.6526985168, 37.1983680725, 37.755645752, 38.3129234314, 38.8121528625, 39.2997741699, 39.7873916626, 40.2866210938, 40.7742385864, 41.2734680176, 41.795917511, 42.3183670044, 42.8408164978, 43.3168258667, 43.7928352356, 44.2688446045, 44.7216300964, 45.1860313416, 45.650428772, 46.1148300171, 46.5792274475, 47.0552368164, 47.5312461853, 48.0420837402, 48.5645332336, 49.0753746033, 49.5978240967, 50.1086616516, 50.6194992065, 51.1303405762, 51.6527900696, 52.1636276245, 52.6628570557, 53.1620864868, 53.6729240417, 54.1721534729, 54.6829910278, 55.182220459, 55.6814498901, 56.1690673828, 56.6799087524, 57.1791381836, 57.6783676147, 58.1775970459, 58.6768226624, 59.1760520935, 59.6752815247, 60.1745109558, 60.673740387, 61.1729698181, 61.6721992493, 62.1830368042, 62.6822662354, 63.1814956665, 63.6691131592, 64.1799545288, 64.67918396, 65.1784133911, 65.6660308838, 66.1768722534, 66.6761016846, 67.1753311157, 67.6745529175, 68.1737823486, 68.6730117798, 69.1722412109, 69.6714706421, 70.1707000732, 70.6699295044, 71.1691589355, 71.6683883667, 72.1676177979, 72.666847229, 73.1660766602, 73.6769180298, 74.1761474609, 74.6753692627, 75.1745986938, 75.673828125, 76.1846694946, 76.6722869873, 77.1831283569, 77.6707458496, 78.1815872192, 78.6692047119, 79.1800460815, 79.6676635742, 80.1785049438, 80.6661224365, 81.1769561768, 81.6645812988, 82.1754150391, 82.6746444702, 83.1738739014, 83.661491394, 84.1723327637, 84.6599502563, 85.170791626, 85.6700210571, 86.1692504883, 86.6684799194, 87.1677093506, 87.6669387817, 88.1661682129, 88.665397644, 89.1646270752, 89.6638565063, 90.1630859375, 90.6623077393, 91.1615371704, 91.6607666016, 92.1599960327, 92.6708374023, 93.1700668335, 93.6692962646, 94.1685256958, 94.667755127, 95.1669845581, 95.6662139893, 96.1654434204, 96.6646728516, 97.1638946533, 97.6631240845, 98.1739654541, 98.6615829468, 99.1608123779, 99.6600418091, 100.15927124, 100.658500671, 101.169342041, 101.668571472, 102.167800903, 102.667030334, 103.166259766, 103.653877258, 104.164710999, 104.66394043, 105.163169861, 105.662399292, 106.161628723, 106.660858154, 107.160087585, 107.659317017, 108.158546448, 108.657775879, 109.15700531, 109.656234741, 110.155464172, 110.654693604, 111.153923035, 111.676368713, 112.198822021, 112.709655762, 113.23210907, 113.766166687, 114.288612366, 114.822669983, 115.345123291, 115.86756897, 116.378410339, 116.889251709, 117.38848114, 117.89931488, 118.398544312, 118.909385681, 119.408615112, 119.907844543, 120.407073975, 120.906303406, 121.405532837, 121.904762268, 122.415596008, 122.90322113, 123.402442932, 123.901672363, 124.412513733, 124.900131226, 125.410972595, 125.910202026, 126.409431458, 126.908660889, 127.40789032, 127.907119751, 128.406341553, 128.905578613, 129.404800415, 129.904037476, 130.403259277, 130.902496338, 131.40171814, 131.9009552, 132.400177002, 132.899414063, 133.398635864, 133.897872925, 134.397094727, 134.896316528, 135.395553589, 135.894775391, 136.394012451, 136.893234253, 137.392471313, 137.891693115, 138.390930176, 138.901763916, 139.401000977, 139.900222778, 140.399459839, 140.898681641, 141.397918701, 141.897140503, 142.396362305, 142.895599365, 143.394821167, 143.894058228, 144.393280029, 144.89251709, 145.40335083, 145.890975952, 146.401809692, 146.901046753, 147.400268555, 147.899505615, 148.398727417, 148.897949219, 149.397186279, 149.896408081, 150.395645142, 150.894866943, 151.394104004, 151.893325806, 152.392562866, 152.891784668, 153.391021729, 153.89024353, 154.389480591, 154.888702393, 155.387939453, 155.887161255, 156.386398315, 156.897232056, 157.396453857, 157.895690918, 158.39491272, 158.89414978, 159.393371582, 159.892608643, 160.391830444, 160.891067505, 161.390289307, 161.889526367, 162.388748169, 162.887985229, 163.387207031, 163.886444092, 164.385665894, 164.884887695, 165.384124756, 165.883346558, 166.382583618, 166.88180542, 167.38104248, 167.880264282, 168.391113281, 168.890335083, 169.389572144, 169.877182007, 170.388031006, 170.887252808, 171.386474609, 171.88571167, 172.384933472, 172.884170532, 173.383392334, 173.882629395, 174.381851196, 174.881088257, 175.380310059, 175.879547119, 176.378768921, 176.878005981, 177.377227783, 177.876464844, 178.375686646, 178.874923706, 179.374145508, 179.873382568, 180.37260437, 180.88343811, 181.382675171, 181.881896973, 182.381134033, 182.880355835, 183.379592896, 183.878814697, 184.378051758, 184.87727356, 185.37651062, 185.875732422, 186.374969482, 186.874191284, 187.373413086, 187.872650146, 188.371871948, 188.871109009, 189.381942749, 189.88117981, 190.380401611, 190.879638672, 191.378860474, 191.878097534, 192.377319336, 192.876556396, 193.375778198, 193.875015259, 194.374237061, 194.873458862, 195.372695923, 195.871917725, 196.371154785, 196.870376587, 197.369613647, 197.880447388, 198.379684448, 198.87890625, 199.378143311, 199.877365112, 200.376602173, 200.875823975, 201.375045776, 201.874282837, 202.373504639, 202.872741699, 203.371963501, 203.871200562, 204.370422363, 204.869659424, 205.368881226, 205.868118286, 206.367340088, 206.866577148, 207.36579895, 207.865036011, 208.375869751, 208.875091553, 209.374328613, 209.873550415, 210.372787476, 210.872009277, 211.371246338, 211.87046814, 212.3697052, 212.868927002, 213.368164063, 213.867385864, 214.366622925, 214.865844727, 215.365081787, 215.864303589, 216.363540649, 216.862762451, 217.361984253, 217.861221313, 218.360443115, 218.859680176]
},
"tonal": {
    "chords_changes_rate": 0.0380710661411,
    "chords_number_rate": 0.00232656509615,
    "chords_strength": {
        "mean": 0.544600963593,
        "var": 0.00929893366992
    },
    "hpcp_entropy": {
        "mean": 1.99911022186,
        "var": 0.583227396011
    },
    "key_strength": 0.604084432125,
    "tuning_diatonic_strength": 0.562286317348,
    "tuning_equal_tempered_deviation": 0.195998191833,
    "tuning_frequency": 434.193115234,
    "tuning_nontempered_energy_ratio": 0.925015330315,
    "hpcp": {
        "mean": [0.459971994162, 0.524123609066, 0.233435586095, 0.063847862184, 0.0360760986805, 0.0378983132541, 0.0980491638184, 0.110964417458, 0.0662963837385, 0.0881584435701, 0.0896392762661, 0.0510763935745, 0.0366354547441, 0.0294048152864, 0.0317589826882, 0.0704601109028, 0.0750140026212, 0.0406434945762, 0.0355952456594, 0.0314334779978, 0.0304215010256, 0.057532068342, 0.0596589408815, 0.0917999222875, 0.156349852681, 0.0966461673379, 0.0178867913783, 0.0194207336754, 0.0213899426162, 0.0157954804599, 0.030842024833, 0.0488169193268, 0.0502579510212, 0.0607063695788, 0.0821545347571, 0.172705501318],
        "var": [0.16131606698, 0.188908576965, 0.0725178346038, 0.0275209713727, 0.0180800743401, 0.0133864302188, 0.0495130941272, 0.0620705075562, 0.0206385459751, 0.04186078161, 0.0406960137188, 0.0202934369445, 0.0140669625252, 0.0124691985548, 0.0099890595302, 0.041614856571, 0.0435815677047, 0.0139701189473, 0.0141643323004, 0.0131246587262, 0.00691793020815, 0.0122372889891, 0.0144026558846, 0.0268349964172, 0.112319804728, 0.0426088795066, 0.00255803507753, 0.00691415648907, 0.0117021985352, 0.00368040148169, 0.0126107344404, 0.0274299848825, 0.0281577128917, 0.0361120440066, 0.0484609156847, 0.0633335411549]
    },
    "chords_histogram": [39.7419624329, 2.22081208229, 2.13620972633, 3.04568529129, 1.37478852272, 1.69204735756, 0.359560072422, 7.52961063385, 0.296108305454, 6.21827411652, 0.719120144844, 2.96108293533, 0, 0, 0.740270733833, 0, 0.296108305454, 0, 0.232656508684, 0, 0, 0, 11.5693740845, 18.8663291931],
    "thpcp": [1, 0.445382684469, 0.121818326414, 0.0688312798738, 0.0723079666495, 0.187072589993, 0.211714208126, 0.126489982009, 0.168201625347, 0.171026974916, 0.0974510461092, 0.0698985010386, 0.0561028234661, 0.0605944506824, 0.134434148669, 0.143122732639, 0.0775456279516, 0.0679138377309, 0.0599734075367, 0.0580426082015, 0.109768129885, 0.113826088607, 0.175149381161, 0.298307210207, 0.184395745397, 0.0341270491481, 0.0370537266135, 0.0408108755946, 0.0301369372755, 0.0588449463248, 0.0931400880218, 0.0958895012736, 0.115824528039, 0.15674649179, 0.329512923956, 0.877602100372],
    "chords_key": "A",
    "chords_scale": "minor",
    "key_key": "A",
    "key_scale": "minor"
}
}