{
"lowlevel": {
    "average_loudness": 0.575125873089,
    "barkbands_crest": {
        "mean": 15.827255249,
        "var": 19.8318519592
    },
    "barkbands_flatness_db": {
        "mean": 0.402333855629,
        "var": 0.00637932587415
    },
    "barkbands_kurtosis": {
        "mean": 16.9445152283,
        "var": 441.012145996
    },
    "barkbands_skewness": {
        "mean": 2.18165779114,
        "var": 2.79698562622
    },
    "barkbands_spread": {
        "mean": 3.01995158195,
        "var": 7.91919517517
    },
    "dissonance": {
        "mean": 0.348626047373,
        "var": 0.00478631956503
    },
    "dynamic_complexity": 4.18117523193,
    "erbbands_crest": {
        "mean": 17.2321395874,
        "var": 27.0092468262
    },
    "erbbands_flatness_db": {
        "mean": 0.348713606596,
        "var": 0.00260920636356
    },
    "erbbands_kurtosis": {
        "mean": 10.5475406647,
        "var": 149.892440796
    },
    "erbbands_skewness": {
        "mean": 2.11994576454,
        "var": 1.81288397312
    },
    "erbbands_spread": {
        "mean": 11.0160293579,
        "var": 59.0852661133
    },
    "hfc": {
        "mean": 6.13213253021,
        "var": 40.0988044739
    },
    "melbands_crest": {
        "mean": 19.1070346832,
        "var": 26.8792457581
    },
    "melbands_flatness_db": {
        "mean": 0.506998956203,
        "var": 0.00934546906501
    },
    "melbands_kurtosis": {
        "mean": 19.3629150391,
        "var": 487.896911621
    },
    "melbands_skewness": {
        "mean": 2.26248717308,
        "var": 2.3138358593
    },
    "melbands_spread": {
        "mean": 3.69599127769,
        "var": 25.3379650116
    },
    "pitch_salience": {
        "mean": 0.415265023708,
        "var": 0.013132433407
    },
    "silence_rate_20dB": {
        "mean": 1,
        "var": 0
    },
    "silence_rate_30dB": {
        "mean": 0.988098144531,
        "var": 0.01176007092
    },
    "silence_rate_60dB": {
        "mean": 0.084527567029,
        "var": 0.0773797556758
    },
    "spectral_centroid": {
        "mean": 333.290252686,
        "var": 51477.0664063
    },
    "spectral_complexity": {
        "mean": 5.15861082077,
        "var": 5.42422914505
    },
    "spectral_decrease": {
        "mean": -6.23444140757e-009,
        "var": 3.49686931275e-017
    },
    "spectral_energy": {
        "mean": 0.0240863673389,
        "var": 0.000521764624864
    },
    "spectral_energyband_high": {
        "mean": 6.70842428008e-006,
        "var": 5.99387040001e-010
    },
    "spectral_energyband_low": {
        "mean": 0.00936479121447,
        "var": 0.000150597668835
    },
    "spectral_energyband_middle_high": {
        "mean": 0.000400249060476,
        "var": 1.26533393541e-006
    },
    "spectral_energyband_middle_low": {
        "mean": 0.0152876218781,
        "var": 0.000336787838023
    },
    "spectral_entropy": {
        "mean": 5.19958019257,
        "var": 0.422801464796
    },
    "spectral_flux": {
        "mean": 0.0400652363896,
        "var": 0.00135243544355
    },
    "spectral_kurtosis": {
        "mean": 58.4880256653,
        "var": 3007.39208984
    },
    "spectral_rms": {
        "mean": 0.00434834929183,
        "var": 4.59084412796e-006
    },
    "spectral_rolloff": {
        "mean": 362.709960938,
        "var": 273907.40625
    },
    "spectral_skewness": {
        "mean": 5.2961397171,
        "var": 7.51945638657
    },
    "spectral_spread": {
        "mean": 1607186.75,
        "var": 908794396672
    },
    "spectral_strongpeak": {
        "mean": 0.917628467083,
        "var": 0.450501829386
    },
    "zerocrossingrate": {
        "mean": 0.0143863288686,
        "var": 0.000212874118006
    },
    "barkbands": {
        "mean": [3.82462576454e-006, 0.000721071788576, 0.00768803851679, 0.00122977548745, 0.00659664953128, 0.00569619750604, 0.000825721130241, 0.000561406486668, 0.000344177969964, 0.000124540005345, 5.45905786566e-005, 2.1461823053e-005, 0.000123551872093, 3.10924224323e-005, 6.77346997691e-006, 8.27387520985e-006, 1.97833523998e-005, 1.07304031189e-005, 8.12594498711e-006, 8.83273150976e-006, 1.6049198166e-006, 1.677155268e-007, 3.87664584878e-008, 6.71877087299e-009, 5.01876895598e-009, 3.31618088545e-009, 1.20165033479e-009],
        "var": [2.49991052165e-011, 1.81456789505e-006, 0.000110111039248, 9.28238296183e-006, 0.000124741563923, 0.00010758053395, 5.25678797203e-006, 2.26465635933e-006, 1.02537637758e-006, 3.21721302043e-007, 3.78099436205e-008, 2.48550318105e-008, 3.27783652665e-007, 2.2230951302e-008, 2.72006889235e-010, 6.7032041029e-010, 2.78152967326e-009, 8.07876321396e-010, 1.00825059413e-009, 7.90780718685e-010, 2.23082160383e-011, 2.5333568251e-013, 2.08636734056e-014, 3.78378961371e-016, 6.26373717654e-016, 1.18357724253e-015, 6.71509588784e-017]
    },
    "erbbands": {
        "mean": [0.00709323538467, 0.351935386658, 6.46586704254, 8.11676025391, 6.93885183334, 27.0562000275, 52.6452941895, 36.5990104675, 14.310218811, 12.9286870956, 10.4475183487, 9.17940330505, 3.21415066719, 4.07714748383, 1.99366641045, 1.69865071774, 6.22191572189, 2.02312684059, 0.507861495018, 0.502274811268, 0.549101233482, 0.971528768539, 0.732130527496, 0.428003311157, 0.343798309565, 0.45873862505, 0.187512159348, 0.0270797032863, 0.0072662839666, 0.00349178374745, 0.000830437755212, 0.000222477843636, 0.000103544945887, 7.42686825106e-005, 4.47340098617e-005, 2.53612633969e-005, 1.22838882817e-005, 2.44367583946e-006, 1.11289737106e-005, 2.64855625574e-005],
        "var": [0.000123802630696, 0.274879664183, 77.8515853882, 153.056304932, 224.995620728, 2565.41748047, 10430.4560547, 6763.32910156, 1675.34619141, 867.24621582, 611.846435547, 738.303527832, 165.823059082, 329.453674316, 42.2906951904, 72.5891799927, 843.419433594, 81.088684082, 1.11060464382, 2.31815862656, 2.1392121315, 6.2230758667, 4.43692684174, 2.47935581207, 2.02626109123, 2.14134979248, 0.307391047478, 0.00310898176394, 0.000394405913539, 0.000158223047038, 8.23345635581e-006, 3.44701476251e-007, 9.10926090114e-008, 6.83152165948e-008, 4.07343350162e-008, 1.45122083239e-008, 4.11777056897e-009, 4.18498680155e-010, 1.11234833844e-010, 6.30389740408e-010]
    },
    "gfcc": {
        "mean": [-214.269454956, 217.753128052, -86.9995422363, 17.4323196411, -25.328458786, -41.2930107117, -19.8570461273, -23.1963233948, -22.2358608246, -8.09815502167, -4.60795545578, -17.0721569061, -5.29428005219],
        "cov": [[8169.39648438, 1037.07958984, -2859.25366211, 14.4328126907, 6.70939779282, -860.210388184, 547.679931641, -227.287826538, -179.167312622, -374.185150146, -79.9797134399, -134.224975586, 219.047851563], [1037.07958984, 483.994171143, -3.78117442131, -74.3303146362, 184.078521729, -87.5971679688, 50.9035720825, -25.376958847, -11.5485544205, -128.889022827, -36.5963668823, -87.6068572998, 39.1813735962], [-2859.25366211, -3.78117442131, 1903.41247559, 63.8011436462, 325.155151367, 379.631774902, -294.699127197, 69.5920028687, 76.8486557007, -19.5077953339, -52.7046051025, -64.8581390381, -80.6463241577], [14.4328126907, -74.3303146362, 63.8011436462, 309.95703125, 166.284408569, 84.7677612305, 34.239490509, -47.6833190918, 7.53481245041, 13.9022493362, -57.3718070984, -68.8140945435, -39.7201690674], [6.70939779282, 184.078521729, 325.155151367, 166.284408569, 437.53805542, 126.716667175, -38.5992469788, -41.4518966675, 2.66010022163, -100.851020813, -94.2321548462, -120.697570801, -19.8674888611], [-860.210388184, -87.5971679688, 379.631774902, 84.7677612305, 126.716667175, 383.905609131, 68.9366378784, -65.9449310303, -0.373368859291, 115.053359985, 49.7380104065, -67.6983261108, -134.922058105], [547.679931641, 50.9035720825, -294.699127197, 34.239490509, -38.5992469788, 68.9366378784, 271.451599121, -14.6137924194, -57.4290771484, 55.4653205872, 56.6936531067, -44.3513069153, -57.6736106873], [-227.287826538, -25.376958847, 69.5920028687, -47.6833190918, -41.4518966675, -65.9449310303, -14.6137924194, 177.942108154, 41.3666381836, -34.5318031311, -10.058224678, 38.8249359131, 33.3135490417], [-179.167312622, -11.5485544205, 76.8486557007, 7.53481245041, 2.66010022163, -0.373368859291, -57.4290771484, 41.3666381836, 98.3179855347, 26.8821125031, -23.9375743866, -18.9912910461, 1.51630616188], [-374.185150146, -128.889022827, -19.5077953339, 13.9022493362, -100.851020813, 115.053359985, 55.4653205872, -34.5318031311, 26.8821125031, 195.813796997, 82.03099823, -34.7207107544, -88.8143386841], [-79.9797134399, -36.5963668823, -52.7046051025, -57.3718070984, -94.2321548462, 49.7380104065, 56.6936531067, -10.058224678, -23.9375743866, 82.03099823, 114.509986877, 33.2781105042, -40.1214103699], [-134.224975586, -87.6068572998, -64.8581390381, -68.8140945435, -120.697570801, -67.6983261108, -44.3513069153, 38.8249359131, -18.9912910461, -34.7207107544, 33.2781105042, 162.650115967, 79.3291473389], [219.047851563, 39.1813735962, -80.6463241577, -39.7201690674, -19.8674888611, -134.922058105, -57.6736106873, 33.3135490417, 1.51630616188, -88.8143386841, -40.1214103699, 79.3291473389, 152.411758423]],
        "icov": [[0.000845420523547, -0.00159786234144, 0.00112594792154, -0.00093658285914, 0.000375469098799, 0.000458677153802, -0.000136378555908, 0.000513826438691, -0.000173630629433, 0.00126017373987, -0.000707631814294, 0.000540917273611, 0.000106729079562], [-0.00159786234144, 0.00975892879069, -0.00300629786216, 0.00539168249816, -0.00434938585386, 0.00273060752079, -0.00437636300921, 0.0025135173928, -0.00389840407297, 0.00175631151069, -0.00229012477212, 0.00223453808576, -0.0014567481121], [0.00112594792154, -0.00300629786216, 0.00282238679938, -0.00179468863644, 0.00090001267381, -0.00157130556181, 0.00230150925927, -0.00097231764812, 0.000924755004235, 0.00161494524218, -0.000814021157566, 0.00110396440141, 0.0001330669038], [-0.00093658285914, 0.00539168249816, -0.00179468863644, 0.00840384326875, -0.00490809511393, 0.00198657531291, -0.004013128113, 0.00221492978744, -0.00222422159277, -0.00228737411089, 0.00342684960924, -0.00116796698421, 0.000515822088346], [0.000375469098799, -0.00434938585386, 0.00090001267381, -0.00490809511393, 0.00897957291454, -0.00488585466519, 0.00414736522362, -0.00159803382121, 0.00235084770247, 0.00420092791319, 6.75697947372e-006, 0.00414196122438, -0.00118984200526], [0.000458677153802, 0.00273060752079, -0.00157130556181, 0.00198657531291, -0.00488585466519, 0.0103153847158, -0.00628543645144, 0.00465279212222, -0.0037332973443, -0.00125277438201, -0.00156702648383, -0.00215414934792, 0.00344026181847], [-0.000136378555908, -0.00437636300921, 0.00230150925927, -0.004013128113, 0.00414736522362, -0.00628543645144, 0.0123323462903, -0.00597456889227, 0.00812190584838, -0.00168890564237, -0.00108737137634, 0.00305412313901, -0.000498859095387], [0.000513826438691, 0.0025135173928, -0.00097231764812, 0.00221492978744, -0.00159803382121, 0.00465279212222, -0.00597456889227, 0.0113219097257, -0.00836990401149, 0.00463033095002, -0.00203762971796, -0.00117082952056, 0.000707653816789], [-0.000173630629433, -0.00389840407297, 0.000924755004235, -0.00222422159277, 0.00235084770247, -0.0037332973443, 0.00812190584838, -0.00836990401149, 0.0215953662992, -0.00935485679656, 0.00704138353467, 0.00138846191112, -0.00146946602035], [0.00126017373987, 0.00175631151069, 0.00161494524218, -0.00228737411089, 0.00420092791319, -0.00125277438201, -0.00168890564237, 0.00463033095002, -0.00935485679656, 0.0221031755209, -0.0139758260921, 0.00898147746921, 0.000402523961384], [-0.000707631814294, -0.00229012477212, -0.000814021157566, 0.00342684960924, 6.75697947372e-006, -0.00156702648383, -0.00108737137634, -0.00203762971796, 0.00704138353467, -0.0139758260921, 0.0265995729715, -0.0114067085087, 0.00544081907719], [0.000540917273611, 0.00223453808576, 0.00110396440141, -0.00116796698421, 0.00414196122438, -0.00215414934792, 0.00305412313901, -0.00117082952056, 0.00138846191112, 0.00898147746921, -0.0114067085087, 0.0199244394898, -0.00918084383011], [0.000106729079562, -0.0014567481121, 0.0001330669038, 0.000515822088346, -0.00118984200526, 0.00344026181847, -0.000498859095387, 0.000707653816789, -0.00146946602035, 0.000402523961384, 0.00544081907719, -0.00918084383011, 0.0159940477461]]
    },
    "melbands": {
        "mean": [0.000116685638204, 0.00243395240977, 0.00132201856468, 0.00117383478209, 0.00175268040039, 0.000862647313625, 0.000197593457415, 0.000134886286105, 8.26833420433e-005, 5.21228139405e-005, 1.44584637383e-005, 1.68669248524e-005, 7.74144245952e-006, 2.4721682621e-006, 1.10094842967e-005, 1.01644236565e-005, 3.12936708724e-006, 8.27575888707e-007, 5.25878192548e-007, 7.01411465798e-007, 6.60844818867e-007, 1.01941429875e-006, 1.02983210581e-006, 4.21860875122e-007, 3.3684813161e-007, 2.64601567324e-007, 2.20289607e-007, 3.26894280533e-007, 1.60006734973e-007, 3.38298420388e-008, 7.60693374957e-009, 3.9584469036e-009, 2.86148926776e-009, 1.49721057774e-009, 5.10382625052e-010, 1.83141557475e-010, 9.33034621786e-011, 6.26772730938e-011, 5.51170047103e-011, 5.07587409604e-011],
        "var": [4.76744936861e-008, 1.06373190647e-005, 3.76911589228e-006, 4.58565227746e-006, 9.65180697676e-006, 3.05647654386e-006, 3.27798488797e-007, 1.11986700801e-007, 3.8005229186e-008, 2.81366663302e-008, 4.14030809637e-009, 6.3797860328e-009, 7.45405126512e-010, 3.51737389215e-010, 2.33626828994e-009, 1.94535365594e-009, 2.4068436133e-010, 3.53060657966e-012, 2.11039172249e-012, 4.37039250276e-012, 3.09435723572e-012, 7.30001302462e-012, 1.05288971985e-011, 1.82863489975e-012, 2.16393634782e-012, 2.52747020361e-012, 3.84903751666e-013, 1.33116510436e-012, 3.10842795731e-013, 6.42649826312e-015, 2.53103767854e-016, 1.29284412215e-016, 9.1839917883e-017, 3.60486469003e-017, 4.76419843679e-018, 7.35569739327e-019, 6.67268570194e-020, 3.81193874521e-020, 6.56751679564e-020, 4.45564197373e-020]
    },
    "mfcc": {
        "mean": [-849.319702148, 213.527618408, 26.75431633, 46.1148109436, 15.9313020706, -5.73095703125, 2.47130179405, -16.740442276, -12.3037490845, -5.58018732071, -8.07535076141, 0.814216434956, -5.60518169403],
        "cov": [[5412.14013672, 1587.23193359, -2249.57788086, 233.0050354, -692.028198242, -635.751708984, 202.349975586, -164.087051392, -5.53782176971, -136.880310059, -210.736984253, 21.7640724182, -188.275772095], [1587.23193359, 921.351989746, -311.806518555, 27.4587917328, -9.93881702423, -162.764755249, 16.2864570618, 27.3656368256, 23.317905426, -42.0691108704, -104.179718018, -37.609172821, -106.539276123], [-2249.57788086, -311.806518555, 1358.18652344, 2.46821951866, 425.347351074, 356.465667725, -77.3852615356, 121.545387268, 28.7577648163, 73.248336792, 79.957572937, -55.7507362366, 44.0073814392], [233.0050354, 27.4587917328, 2.46821951866, 238.755187988, 74.2257080078, 15.9919061661, 32.2798652649, 13.5558490753, 38.2108078003, 0.629767656326, -17.8036689758, -11.9098749161, -34.1210327148], [-692.028198242, -9.93881702423, 425.347351074, 74.2257080078, 430.223632813, 201.057327271, -65.791809082, 73.9688262939, 58.1417922974, 40.0056152344, -13.2938108444, -59.5121612549, -22.9419250488], [-635.751708984, -162.764755249, 356.465667725, 15.9919061661, 201.057327271, 392.690429688, 132.441635132, -35.0005455017, -20.080072403, 116.667442322, 99.6867446899, -27.9714069366, 54.1510658264], [202.349975586, 16.2864570618, -77.3852615356, 32.2798652649, -65.791809082, 132.441635132, 258.744140625, 14.2568683624, -57.3956756592, 48.9203147888, 62.5258026123, 32.6614379883, 14.3309469223], [-164.087051392, 27.3656368256, 121.545387268, 13.5558490753, 73.9688262939, -35.0005455017, 14.2568683624, 168.98828125, 54.3986244202, -65.9116897583, -35.898601532, -3.10013842583, -42.3428611755], [-5.53782176971, 23.317905426, 28.7577648163, 38.2108078003, 58.1417922974, -20.080072403, -57.3956756592, 54.3986244202, 118.201713562, 7.51260137558, -55.1520004272, -12.5814409256, -9.9430475235], [-136.880310059, -42.0691108704, 73.248336792, 0.629767656326, 40.0056152344, 116.667442322, 48.9203147888, -65.9116897583, 7.51260137558, 182.263748169, 90.6707229614, -20.1342582703, 77.6936035156], [-210.736984253, -104.179718018, 79.957572937, -17.8036689758, -13.2938108444, 99.6867446899, 62.5258026123, -35.898601532, -55.1520004272, 90.6707229614, 154.986465454, 30.8398170471, 23.985118866], [21.7640724182, -37.609172821, -55.7507362366, -11.9098749161, -59.5121612549, -27.9714069366, 32.6614379883, -3.10013842583, -12.5814409256, -20.1342582703, 30.8398170471, 100.625526428, 21.8602771759], [-188.275772095, -106.539276123, 44.0073814392, -34.1210327148, -22.9419250488, 54.1510658264, 14.3309469223, -42.3428611755, -9.9430475235, 77.6936035156, 23.985118866, 21.8602771759, 156.931594849]],
        "icov": [[0.125855728984, -0.174901530147, 0.169299244881, -0.158816769719, 0.144287526608, -0.127277061343, 0.109216742218, -0.0915270373225, 0.0719227269292, -0.0528870820999, 0.0362254194915, -0.0204747952521, 0.00864614080638], [-0.174901530147, 0.244574278593, -0.235162183642, 0.221120283008, -0.201455578208, 0.178256556392, -0.153190761805, 0.128035485744, -0.100415632129, 0.073328435421, -0.049834087491, 0.0290385000408, -0.0112924119458], [0.169299244881, -0.235162183642, 0.229850307107, -0.214864388108, 0.195919707417, -0.176023557782, 0.152591720223, -0.129499182105, 0.102419771254, -0.0761751681566, 0.0523676984012, -0.0305359680206, 0.0132483774796], [-0.158816769719, 0.221120283008, -0.214864388108, 0.208327651024, -0.188973158598, 0.169448181987, -0.149731814861, 0.127540752292, -0.103998199105, 0.0779915601015, -0.0547629930079, 0.0329716578126, -0.0143064176664], [0.144287526608, -0.201455578208, 0.195919707417, -0.188973158598, 0.182130143046, -0.165342465043, 0.148081555963, -0.128838300705, 0.10515190661, -0.084211319685, 0.0614375472069, -0.0374529659748, 0.0198860764503], [-0.127277061343, 0.178256556392, -0.176023557782, 0.169448181987, -0.165342465043, 0.159820899367, -0.14457026124, 0.127264112234, -0.106580168009, 0.085669644177, -0.0652425736189, 0.0428510643542, -0.0224210377783], [0.109216742218, -0.153190761805, 0.152591720223, -0.149731814861, 0.148081555963, -0.14457026124, 0.140134438872, -0.123662039638, 0.107787288725, -0.0891210883856, 0.0659689307213, -0.0458153188229, 0.0243064314127], [-0.0915270373225, 0.128035485744, -0.129499182105, 0.127540752292, -0.128838300705, 0.127264112234, -0.123662039638, 0.120874449611, -0.103213250637, 0.0877346396446, -0.0650313720107, 0.0437939725816, -0.0238188691437], [0.0719227269292, -0.100415632129, 0.102419771254, -0.103998199105, 0.10515190661, -0.106580168009, 0.107787288725, -0.103213250637, 0.10460048914, -0.0847515538335, 0.0673427805305, -0.0443593859673, 0.0257138144225], [-0.0528870820999, 0.073328435421, -0.0761751681566, 0.0779915601015, -0.084211319685, 0.085669644177, -0.0891210883856, 0.0877346396446, -0.0847515538335, 0.0854981169105, -0.0648570731282, 0.044279679656, -0.0293645784259], [0.0362254194915, -0.049834087491, 0.0523676984012, -0.0547629930079, 0.0614375472069, -0.0652425736189, 0.0659689307213, -0.0650313720107, 0.0673427805305, -0.0648570731282, 0.0601612590253, -0.0372075326741, 0.0233244858682], [-0.0204747952521, 0.0290385000408, -0.0305359680206, 0.0329716578126, -0.0374529659748, 0.0428510643542, -0.0458153188229, 0.0437939725816, -0.0443593859673, 0.044279679656, -0.0372075326741, 0.0367123372853, -0.0175394695252], [0.00864614080638, -0.0112924119458, 0.0132483774796, -0.0143064176664, 0.0198860764503, -0.0224210377783, 0.0243064314127, -0.0238188691437, 0.0257138144225, -0.0293645784259, 0.0233244858682, -0.0175394695252, 0.0192959401757]]
    },
    "spectral_contrast_coeffs": {
        "mean": [-0.508332192898, -0.586763620377, -0.694088041782, -0.739276945591, -0.7544683218, -0.787188589573],
        "var": [0.0134227620438, 0.0109335910529, 0.0081067206338, 0.00440624915063, 0.00386201310903, 0.0043060714379]
    },
    "spectral_contrast_valleys": {
        "mean": [-8.25201320648, -8.27461338043, -10.1697740555, -10.4499673843, -10.7897090912, -14.2559108734],
        "var": [0.806585133076, 1.18970406055, 1.2197111845, 1.27287065983, 1.26723611355, 0.446629106998]
    }
},
"metadata": {
    "audio_properties": {
        "analysis_sample_rate": 44100,
        "bit_rate": 128000,
        "equal_loudness": 0,
        "length": 95.5559158325,
        "lossless": 0,
        "replay_gain": -9.21955108643,
        "sample_rate": 44100,
        "codec": "mp3",
        "downmix": "mix",
        "md5_encoded": "d104f356e786d0e42e3562abd17aeeed"
    },
    "tags": {
        "file_name": "2054.mp3",
        "album": ["Blog"],
        "artist": ["Tom La Meche"],
        "encoding": ["LAME 64bits version 3.99.5 (http:\/\/lame.sf.net)"],
        "genre": ["Easy Listening\/New Age"],
        "length": ["95508"],
        "title": ["Interlude"],
        "tracknumber": ["02"]
    },
    "version": {
        "essentia": "2.1-beta2",
        "essentia_git_sha": "v2.1_beta2",
        "extractor": "music 1.0"
    }
},
"rhythm": {
    "beats_count": 150,
    "beats_loudness": {
        "mean": 0.0370278060436,
        "var": 0.000808889686596
    },
    "bpm": 92.0197143555,
    "bpm_histogram_first_peak_bpm": {
        "mean": 92,
        "var": 0
    },
    "bpm_histogram_first_peak_spread": {
        "mean": 0.365853637457,
        "var": 0
    },
    "bpm_histogram_first_peak_weight": {
        "mean": 0.523489952087,
        "var": 0
    },
    "bpm_histogram_second_peak_bpm": {
        "mean": 115,
        "var": 0
    },
    "bpm_histogram_second_peak_spread": {
        "mean": 0.428571432829,
        "var": 0
    },
    "bpm_histogram_second_peak_weight": {
        "mean": 0.0536912754178,
        "var": 0
    },
    "danceability": 1.08749246597,
    "onset_rate": 2.88783478737,
    "beats_loudness_band_ratio": {
        "mean": [0.468453258276, 0.433195352554, 0.104188241065, 0.0168556161225, 0.002727299463, 0.000949638080783],
        "var": [0.101525820792, 0.0931346416473, 0.0209796950221, 0.00195147434715, 1.30939470182e-005, 3.15806505569e-006]
    },
    "beats_position": [0.708208620548, 1.42802715302, 2.11301589012, 2.7863945961, 3.47138309479, 4.13315200806, 4.79492044449, 5.45668935776, 6.11845779419, 6.78022670746, 7.44199514389, 8.11537361145, 8.80036258698, 9.49696159363, 10.1935596466, 10.866938591, 11.5519275665, 12.2369155884, 12.8986845016, 13.5604534149, 14.2106122971, 14.8839902878, 15.5573692322, 16.1959171295, 16.8344669342, 17.4962348938, 18.1580047607, 18.8429927826, 19.5047607422, 20.1665306091, 20.8282985687, 21.4900684357, 22.1518363953, 22.8136043549, 23.4637641907, 24.1255321503, 24.7756919861, 25.4374599457, 26.0992279053, 26.7493877411, 27.3879356384, 28.0497055054, 28.6998634338, 29.3500213623, 30.0001811981, 30.6503391266, 31.3237190247, 31.9854869843, 32.6356468201, 33.2741928101, 33.9127426147, 34.5629005432, 35.2014503479, 35.8516082764, 36.5017662048, 37.151927948, 37.7788658142, 38.4406356812, 39.1024017334, 39.7525634766, 40.402721405, 41.0760993958, 41.7262573242, 42.3764152527, 43.0265769958, 43.6767349243, 44.3268928528, 44.9770507813, 45.6272087097, 46.2773704529, 46.9391365051, 47.5892944336, 48.2278442383, 48.8780021667, 49.5165519714, 50.1551017761, 50.8052597046, 51.4786376953, 52.1287956238, 52.7789573669, 53.4291152954, 54.0792732239, 54.7294311523, 55.367980957, 55.9949188232, 56.6334686279, 57.2604064941, 57.9105644226, 58.5607261658, 59.2108840942, 59.8378219604, 60.4763717651, 61.1149177551, 61.7534675598, 62.4152374268, 63.042175293, 63.6691131592, 64.3192749023, 64.9462127686, 65.5731506348, 66.200088501, 66.8386383057, 67.4771881104, 68.1041259766, 68.7542877197, 69.4044418335, 70.0546035767, 70.6931533813, 71.3316955566, 71.9818572998, 72.632019043, 73.2821731567, 73.9439468384, 74.5941009521, 75.2558746338, 75.9060287476, 76.5561904907, 77.2063446045, 77.8565063477, 78.5066680908, 79.1568222046, 79.7953720093, 80.4223098755, 81.0724716187, 81.7226257324, 82.3843994141, 83.0577774048, 83.626663208, 84.1955566406, 84.7180023193, 85.228843689, 85.7512893677, 86.2621307373, 86.7961883545, 87.3070297241, 87.7946472168, 88.2938766479, 88.7931060791, 89.3155517578, 89.8380050659, 90.3372344971, 90.8132400513, 91.3008575439, 91.7768707275, 92.2993164063, 92.8101577759, 93.3209991455, 93.8434448242, 94.3658905029, 94.888343811]
},
"tonal": {
    "chords_changes_rate": 0.0670228302479,
    "chords_number_rate": 0.00728508969769,
    "chords_strength": {
        "mean": 0.436417758465,
        "var": 0.00659147137776
    },
    "hpcp_entropy": {
        "mean": 1.15055418015,
        "var": 0.521650850773
    },
    "key_strength": 0.666080713272,
    "tuning_diatonic_strength": 0.477925568819,
    "tuning_equal_tempered_deviation": 0.0134556023404,
    "tuning_frequency": 441.527557373,
    "tuning_nontempered_energy_ratio": 0.601123452187,
    "hpcp": {
        "mean": [0.312786281109, 0.133949398994, 0.0484192818403, 0.0816157460213, 0.0626427680254, 0.161706715822, 0.289043098688, 0.159021303058, 0.11498773098, 0.169866323471, 0.0755554810166, 0.00597463874146, 0.00441623851657, 0.0171957891434, 0.110080391169, 0.181762069464, 0.0973604768515, 0.0393690317869, 0.0680000931025, 0.0565799809992, 0.0933474823833, 0.173227846622, 0.111249156296, 0.0342262834311, 0.0465284362435, 0.0326893441379, 0.0139392176643, 0.0159457977861, 0.01144243218, 0.0376061163843, 0.0704328045249, 0.0412591695786, 0.0103375986218, 0.0158617608249, 0.0414630845189, 0.224174827337],
        "var": [0.159617215395, 0.0359837003052, 0.0191948674619, 0.0544650554657, 0.0261011105031, 0.0537696108222, 0.161705493927, 0.0497836321592, 0.0517892874777, 0.115602709353, 0.025566669181, 0.00169788789935, 0.000841715605929, 0.00569774769247, 0.0497703664005, 0.121080316603, 0.0411674045026, 0.0152457589284, 0.0459964126348, 0.027171716094, 0.0342401340604, 0.102111235261, 0.0475074164569, 0.0119453705847, 0.0341684930027, 0.0190169196576, 0.00390445929952, 0.00570765556768, 0.00188421481289, 0.0130947707221, 0.0405386388302, 0.016017280519, 0.00335546676069, 0.00805832631886, 0.0166217368096, 0.0908234864473]
    },
    "chords_histogram": [38.9509468079, 6.36231184006, 9.56775093079, 7.13938808441, 6.41087913513, 2.08839249611, 0, 2.67119956017, 0, 2.96260309219, 2.86546874046, 6.41087913513, 0, 0, 0, 0, 0, 1.01991260052, 0.437105387449, 0, 1.45701801777, 5.24526453018, 5.05099582672, 1.35988342762],
    "thpcp": [1, 0.42824575305, 0.154799893498, 0.26093134284, 0.200273394585, 0.516987860203, 0.924091339111, 0.508402407169, 0.367623955011, 0.543074727058, 0.24155625701, 0.0191013459116, 0.0141190290451, 0.0549761615694, 0.351934850216, 0.581106245518, 0.311268359423, 0.125865593553, 0.217401131988, 0.180890232325, 0.298438549042, 0.553821742535, 0.355671465397, 0.109423860908, 0.148754715919, 0.1045101583, 0.0445646718144, 0.0509798489511, 0.0365822687745, 0.120229430497, 0.225178688765, 0.131908506155, 0.0330500379205, 0.0507111772895, 0.132560431957, 0.716702878475],
    "chords_key": "A",
    "chords_scale": "minor",
    "key_key": "A",
    "key_scale": "minor"
}
}