{
"lowlevel": {
    "average_loudness": 0.689036905766,
    "barkbands_crest": {
        "mean": 13.4773893356,
        "var": 26.7536945343
    },
    "barkbands_flatness_db": {
        "mean": 0.220767647028,
        "var": 0.00686736870557
    },
    "barkbands_kurtosis": {
        "mean": 14.6662502289,
        "var": 2257.89868164
    },
    "barkbands_skewness": {
        "mean": 2.34154677391,
        "var": 4.30991649628
    },
    "barkbands_spread": {
        "mean": 11.3882141113,
        "var": 144.465118408
    },
    "dissonance": {
        "mean": 0.433494985104,
        "var": 0.0025594397448
    },
    "dynamic_complexity": 4.09143590927,
    "erbbands_crest": {
        "mean": 11.4756937027,
        "var": 30.3451290131
    },
    "erbbands_flatness_db": {
        "mean": 0.198990225792,
        "var": 0.00277027790435
    },
    "erbbands_kurtosis": {
        "mean": 3.0040538311,
        "var": 71.1493682861
    },
    "erbbands_skewness": {
        "mean": 0.69583773613,
        "var": 1.37724387646
    },
    "erbbands_spread": {
        "mean": 28.2698764801,
        "var": 364.890686035
    },
    "hfc": {
        "mean": 12.5146474838,
        "var": 253.053924561
    },
    "melbands_crest": {
        "mean": 18.2996749878,
        "var": 45.8317909241
    },
    "melbands_flatness_db": {
        "mean": 0.311595886946,
        "var": 0.0110952593386
    },
    "melbands_kurtosis": {
        "mean": 25.9001140594,
        "var": 1926.85900879
    },
    "melbands_skewness": {
        "mean": 3.15881323814,
        "var": 6.41842985153
    },
    "melbands_spread": {
        "mean": 13.0985374451,
        "var": 285.402832031
    },
    "pitch_salience": {
        "mean": 0.476643353701,
        "var": 0.0292335357517
    },
    "silence_rate_20dB": {
        "mean": 0.999861776829,
        "var": 0.000138170420541
    },
    "silence_rate_30dB": {
        "mean": 0.927446126938,
        "var": 0.0672844350338
    },
    "silence_rate_60dB": {
        "mean": 0.129491433501,
        "var": 0.112717695534
    },
    "spectral_centroid": {
        "mean": 873.24786377,
        "var": 549844.375
    },
    "spectral_complexity": {
        "mean": 10.8127422333,
        "var": 65.5361022949
    },
    "spectral_decrease": {
        "mean": -1.0510222026e-008,
        "var": 1.24300960044e-016
    },
    "spectral_energy": {
        "mean": 0.0408030003309,
        "var": 0.00183157646097
    },
    "spectral_energyband_high": {
        "mean": 0.000318278936902,
        "var": 1.36761991598e-006
    },
    "spectral_energyband_low": {
        "mean": 0.0249227583408,
        "var": 0.00125235365704
    },
    "spectral_energyband_middle_high": {
        "mean": 0.00240436894819,
        "var": 3.64632869605e-005
    },
    "spectral_energyband_middle_low": {
        "mean": 0.0141323087737,
        "var": 0.000329398870235
    },
    "spectral_entropy": {
        "mean": 6.92265844345,
        "var": 0.401628911495
    },
    "spectral_flux": {
        "mean": 0.0823318064213,
        "var": 0.00469556031749
    },
    "spectral_kurtosis": {
        "mean": 11.2390365601,
        "var": 99.6645812988
    },
    "spectral_rms": {
        "mean": 0.00543899973854,
        "var": 1.02249814518e-005
    },
    "spectral_rolloff": {
        "mean": 811.805541992,
        "var": 1207938.625
    },
    "spectral_skewness": {
        "mean": 2.30266785622,
        "var": 1.40280163288
    },
    "spectral_spread": {
        "mean": 3263827,
        "var": 1.26171532493e+012
    },
    "spectral_strongpeak": {
        "mean": 0.750488340855,
        "var": 0.648236989975
    },
    "zerocrossingrate": {
        "mean": 0.0328392088413,
        "var": 0.000987929292023
    },
    "barkbands": {
        "mean": [0.00110440561548, 0.0174145810306, 0.00552384462208, 0.00207253335975, 0.00308046699502, 0.00417739991099, 0.00210658414289, 0.00139843905345, 0.00111118133646, 0.000379580364097, 0.00022852922848, 0.000615257769823, 0.000580609426834, 0.000123701494886, 8.95887205843e-005, 6.23572996119e-005, 6.19047277723e-005, 0.00013389866217, 0.000175775014213, 0.000106352221337, 0.000119207172247, 6.94339105394e-005, 2.65606686298e-005, 8.40031589178e-006, 1.50925825437e-005, 1.21806215247e-005, 5.14892735737e-006],
        "var": [1.83179126907e-005, 0.000746462261304, 0.000140814052429, 2.93198027066e-005, 2.6715475542e-005, 9.07460198505e-005, 2.40587723965e-005, 1.48725384861e-005, 1.09371731014e-005, 5.68564360037e-007, 3.25372866428e-007, 4.85260079586e-006, 1.29574700622e-005, 8.87347226808e-008, 3.34326024642e-008, 1.59649626852e-008, 1.56541961616e-008, 1.61133016263e-007, 3.78336608264e-007, 1.16248500603e-007, 1.96723618728e-007, 6.03190102311e-008, 2.25292389189e-008, 3.09396086529e-009, 4.18528216528e-008, 1.55138835112e-008, 5.08414421674e-010]
    },
    "erbbands": {
        "mean": [0.492639988661, 3.87380099297, 7.50621986389, 6.07560396194, 7.1178445816, 11.502497673, 28.7331352234, 29.4084205627, 33.3714256287, 22.2684879303, 33.3076133728, 31.8655014038, 14.7229480743, 9.28329658508, 12.604180336, 28.2554950714, 29.757478714, 8.94622707367, 5.01704120636, 3.99124646187, 3.48336148262, 3.66178703308, 6.85299730301, 9.63681030273, 6.82531309128, 5.17648172379, 5.51218032837, 3.9142768383, 2.73722219467, 1.39087021351, 0.67787194252, 0.269432216883, 0.0933280810714, 0.121311031282, 0.124561026692, 0.037211060524, 0.025758555159, 0.0122379250824, 0.000549953489099, 5.42621455679e-005],
        "var": [0.870287358761, 38.1686401367, 202.879226685, 179.958969116, 142.802490234, 493.887054443, 5735.73974609, 3620.29418945, 4645.32958984, 2174.44897461, 9614.62402344, 8659.94335938, 917.632141113, 267.270233154, 716.806030273, 11597.7070313, 31875.1621094, 913.975769043, 98.0892410278, 65.428352356, 35.8035430908, 56.5574150085, 405.828704834, 1357.46118164, 462.258544922, 269.395507813, 446.110839844, 197.254150391, 96.7534866333, 23.6025485992, 20.7192058563, 3.85521912575, 0.301860630512, 1.55214619637, 3.74709010124, 0.142019242048, 0.0999989286065, 0.00637875404209, 6.03819171374e-006, 5.18463894039e-009]
    },
    "gfcc": {
        "mean": [-71.0167160034, 128.067459106, -98.5162734985, 20.5525035858, -50.202293396, 1.27623295784, -21.703414917, 1.90064299107, -18.2223033905, 4.57344484329, -10.557803154, 4.42010307312, -11.8402299881],
        "cov": [[5991.60644531, 163.207046509, -72.4963226318, 318.561279297, 186.163360596, -385.624664307, 379.49331665, -321.294403076, 59.3023109436, -68.8463668823, 52.0737113953, -59.7432479858, -262.58013916], [163.207046509, 1865.80908203, 729.999938965, -461.326477051, 108.730102539, 146.925567627, -6.27370548248, 21.0356903076, 157.927536011, -58.7783050537, 100.376564026, -223.167922974, 220.215393066], [-72.4963226318, 729.999938965, 1021.27838135, 179.786987305, 252.130310059, 221.581130981, 142.053268433, 155.35597229, 116.257270813, 17.3078308105, 76.4595108032, -62.5712547302, 78.6809005737], [318.561279297, -461.326477051, 179.786987305, 765.707641602, 277.35836792, -58.2118148804, 304.588500977, 21.2723789215, 57.0918006897, -18.2363891602, -6.49835157394, 90.7228317261, -101.392723083], [186.163360596, 108.730102539, 252.130310059, 277.35836792, 410.634002686, 228.335983276, 208.400726318, 77.6062316895, 73.4360733032, 30.8703098297, 71.0466537476, -10.0090684891, -10.5140771866], [-385.624664307, 146.925567627, 221.581130981, -58.2118148804, 228.335983276, 450.26461792, 33.925655365, 160.177124023, 8.22420978546, 83.5306015015, 65.1525878906, -44.7184448242, 43.8573608398], [379.49331665, -6.27370548248, 142.053268433, 304.588500977, 208.400726318, 33.925655365, 422.17755127, 75.922088623, 132.391677856, 25.9194564819, 28.3359508514, 26.7193813324, -40.7770080566], [-321.294403076, 21.0356903076, 155.35597229, 21.2723789215, 77.6062316895, 160.177124023, 75.922088623, 218.585189819, 90.6686401367, 72.6896362305, 41.0668640137, -1.01962268353, 22.3456935883], [59.3023109436, 157.927536011, 116.257270813, 57.0918006897, 73.4360733032, 8.22420978546, 132.391677856, 90.6686401367, 191.412002563, 55.3423805237, 43.9818000793, -0.727699995041, 21.6950531006], [-68.8463668823, -58.7783050537, 17.3078308105, -18.2363891602, 30.8703098297, 83.5306015015, 25.9194564819, 72.6896362305, 55.3423805237, 150.503158569, 79.737121582, 27.8961772919, 10.4074811935], [52.0737113953, 100.376564026, 76.4595108032, -6.49835157394, 71.0466537476, 65.1525878906, 28.3359508514, 41.0668640137, 43.9818000793, 79.737121582, 146.781860352, 44.5495262146, 22.6572265625], [-59.7432479858, -223.167922974, -62.5712547302, 90.7228317261, -10.0090684891, -44.7184448242, 26.7193813324, -1.01962268353, -0.727699995041, 27.8961772919, 44.5495262146, 140.619522095, 20.1083812714], [-262.58013916, 220.215393066, 78.6809005737, -101.392723083, -10.5140771866, 43.8573608398, -40.7770080566, 22.3456935883, 21.6950531006, 10.4074811935, 22.6572265625, 20.1083812714, 137.026748657]],
        "icov": [[0.000232694248552, -4.22875891672e-005, -3.92131539684e-007, 6.15024837316e-005, -0.00016746208712, 0.00021390481561, -0.000200881884666, 0.000328690861352, -1.93834193851e-006, -6.44862666377e-005, -0.000172046216903, 0.000100967961771, 0.000383741193218], [-4.22875891672e-005, 0.00256000901572, -0.00154268101323, 0.00192166445777, -0.000826735922601, 0.000726896570995, -0.000667344604153, 0.00117728894111, -0.0012992254924, 0.00193712033797, -0.00216965097934, 0.00309601938352, -0.00261115562171], [-3.92131539684e-007, -0.00154268101323, 0.00246261246502, -0.00182240805589, 0.00049340701662, -0.000820053683128, 0.000437405222328, -0.0012988083763, 0.000503312563524, -0.000475884822663, 0.00031670727185, -0.000547437870409, 0.000342687504599], [6.15024837316e-005, 0.00192166445777, -0.00182240805589, 0.00513451499864, -0.00368640990928, 0.00252017355524, -0.0015052112285, 0.000347473891452, -0.000264935399173, 0.00106913701165, 0.000331622664817, -0.000577474071179, 0.000271842320217], [-0.00016746208712, -0.000826735922601, 0.00049340701662, -0.00368640990928, 0.00868172943592, -0.00528921885416, -0.00100201915484, 0.00159574695863, -0.00147170969285, 0.00133639166597, -0.00247397809289, 0.000832788238768, 0.000215672276681], [0.00021390481561, 0.000726896570995, -0.000820053683128, 0.00252017355524, -0.00528921885416, 0.00750260194764, -0.000283897010377, -0.00351610523649, 0.00341714336537, -0.00204143091105, -5.02508555655e-005, 0.00193058222067, -0.00140184571501], [-0.000200881884666, -0.000667344604153, 0.000437405222328, -0.0015052112285, -0.00100201915484, -0.000283897010377, 0.00503364764154, -0.000961688056123, -0.00220679934137, -0.000252835656283, 0.00122586172074, -0.00165354460478, 0.00139990844764], [0.000328690861352, 0.00117728894111, -0.0012988083763, 0.000347473891452, 0.00159574695863, -0.00351610523649, -0.000961688056123, 0.0104915713891, -0.00483448710293, -0.000458269671071, -0.000697327952366, 0.000776577740908, -0.000206969227293], [-1.93834193851e-006, -0.0012992254924, 0.000503312563524, -0.000264935399173, -0.00147170969285, 0.00341714336537, -0.00220679934137, -0.00483448710293, 0.0114989681169, -0.00386448949575, 0.000231817772146, 0.000612788135186, -0.0011310641421], [-6.44862666377e-005, 0.00193712033797, -0.000475884822663, 0.00106913701165, 0.00133639166597, -0.00204143091105, -0.000252835656283, -0.000458269671071, -0.00386448949575, 0.0136860003695, -0.00710117164999, 0.00127326312941, -0.000857237668242], [-0.000172046216903, -0.00216965097934, 0.00031670727185, 0.000331622664817, -0.00247397809289, -5.02508555655e-005, 0.00122586172074, -0.000697327952366, 0.000231817772146, -0.00710117164999, 0.0151236895472, -0.00778261013329, 0.00266949576326], [0.000100967961771, 0.00309601938352, -0.000547437870409, -0.000577474071179, 0.000832788238768, 0.00193058222067, -0.00165354460478, 0.000776577740908, 0.000612788135186, 0.00127326312941, -0.00778261013329, 0.0164628122002, -0.00739057036117], [0.000383741193218, -0.00261115562171, 0.000342687504599, 0.000271842320217, 0.000215672276681, -0.00140184571501, 0.00139990844764, -0.000206969227293, -0.0011310641421, -0.000857237668242, 0.00266949576326, -0.00739057036117, 0.0140368677676]]
    },
    "melbands": {
        "mean": [0.00469972146675, 0.00445885350928, 0.00113758724183, 0.000616030651145, 0.000908902380615, 0.000691743684001, 0.000501471455209, 0.000242521549808, 0.000257702165982, 0.00018911830557, 6.7309163569e-005, 3.61393140338e-005, 3.62473037967e-005, 5.54973412363e-005, 9.22189719859e-005, 4.31423504779e-005, 1.40493020808e-005, 7.95490814198e-006, 5.96620702709e-006, 4.64103277409e-006, 4.10781740356e-006, 3.65035702998e-006, 4.76235345559e-006, 6.90766592015e-006, 8.17076033854e-006, 5.44152271686e-006, 3.74078626919e-006, 3.38394852406e-006, 3.4372335449e-006, 3.06487208945e-006, 2.03295712708e-006, 1.70474038441e-006, 1.05916171833e-006, 6.59139004711e-007, 4.27899323086e-007, 2.41622643671e-007, 1.1840746339e-007, 5.58342030388e-008, 8.42587724037e-008, 1.03534752327e-007],
        "var": [6.03891421633e-005, 5.16291147505e-005, 5.23089966009e-006, 8.51620882258e-007, 4.7928042477e-006, 2.05631158678e-006, 1.15255397759e-006, 2.45178171099e-007, 5.56754514491e-007, 3.44477399494e-007, 2.01158059099e-008, 4.79479655979e-009, 7.27734361661e-009, 1.9781541738e-008, 2.56279349742e-007, 7.91533310007e-008, 1.40047451413e-009, 2.52820819835e-010, 1.56125612438e-010, 1.04633239573e-010, 5.70363548058e-011, 5.75811134884e-011, 1.67563699027e-010, 4.4992226611e-010, 1.15533349554e-009, 2.948033484e-010, 1.37460820504e-010, 1.21317136892e-010, 1.94753560501e-010, 1.25826557507e-010, 5.25938008422e-011, 4.12350188717e-011, 1.32435113223e-011, 6.27900119052e-012, 8.45416011502e-012, 3.56512649263e-012, 7.65124020998e-013, 1.36123453004e-013, 2.05063573002e-013, 1.56519599798e-012]
    },
    "mfcc": {
        "mean": [-724.991943359, 165.089706421, 6.58972454071, 30.1942195892, -6.24067592621, 7.94206476212, 0.642847955227, 3.41947245598, -1.69735944271, -0.624890685081, 2.09209799767, 3.24478554726, 3.8229637146],
        "cov": [[5794.515625, -208.210037231, -463.191986084, 638.154052734, -357.284759521, 158.116256714, -62.1719665527, -22.9204502106, -279.36050415, 26.5943393707, 115.836021423, -59.2863998413, -176.962265015], [-208.210037231, 2028.0871582, 637.912353516, -491.310119629, 234.104141235, -50.4677505493, 38.5208930969, -94.2999572754, 135.295120239, 97.6523666382, -17.4622039795, 27.3893375397, 8.98128032684], [-463.191986084, 637.912353516, 747.552856445, 52.2276763916, 235.450286865, 44.6262321472, 118.930763245, 77.6261367798, 111.636436462, 107.245391846, 27.3105735779, 53.535572052, 31.4538326263], [638.154052734, -491.310119629, 52.2276763916, 891.346496582, -69.7822341919, 172.81729126, 61.1924552917, 214.84526062, 27.8355312347, 33.1854171753, 94.4780807495, 6.84731245041, -19.5332813263], [-357.284759521, 234.104141235, 235.450286865, -69.7822341919, 382.014892578, 117.886390686, 157.493026733, 54.5169944763, 61.3442497253, 87.1269989014, 18.8193969727, 66.1510696411, 49.7430076599], [158.116256714, -50.4677505493, 44.6262321472, 172.81729126, 117.886390686, 247.885787964, 170.850326538, 101.810905457, 56.3313522339, 51.6820907593, 75.028175354, 29.0377178192, 22.1961040497], [-62.1719665527, 38.5208930969, 118.930763245, 61.1924552917, 157.493026733, 170.850326538, 272.397094727, 111.403549194, 68.3812637329, 81.2452774048, 83.405960083, 58.395149231, 39.9652137756], [-22.9204502106, -94.2999572754, 77.6261367798, 214.84526062, 54.5169944763, 101.810905457, 111.403549194, 207.536987305, 89.6649551392, 71.1602706909, 59.4855918884, 32.0136108398, 10.258392334], [-279.36050415, 135.295120239, 111.636436462, 27.8355312347, 61.3442497253, 56.3313522339, 68.3812637329, 89.6649551392, 187.414169312, 80.8324356079, 56.7952957153, 37.5835151672, 27.8210582733], [26.5943393707, 97.6523666382, 107.245391846, 33.1854171753, 87.1269989014, 51.6820907593, 81.2452774048, 71.1602706909, 80.8324356079, 183.186767578, 67.927947998, 62.6743621826, 28.866186142], [115.836021423, -17.4622039795, 27.3105735779, 94.4780807495, 18.8193969727, 75.028175354, 83.405960083, 59.4855918884, 56.7952957153, 67.927947998, 158.168121338, 80.1894836426, 37.7671012878], [-59.2863998413, 27.3893375397, 53.535572052, 6.84731245041, 66.1510696411, 29.0377178192, 58.395149231, 32.0136108398, 37.5835151672, 62.6743621826, 80.1894836426, 134.09602356, 67.7659835815], [-176.962265015, 8.98128032684, 31.4538326263, -19.5332813263, 49.7430076599, 22.1961040497, 39.9652137756, 10.258392334, 27.8210582733, 28.866186142, 37.7671012878, 67.7659835815, 120.722442627]],
        "icov": [[0.000264483707724, -0.00013233734353, 0.000199011803488, -0.00021803486743, 0.000181505485671, -0.000254808313912, 3.52877468686e-005, 0.000106534665974, 0.000506071548443, -0.000307953334413, -0.000168495826074, -4.72481478937e-005, 0.000297980615869], [-0.00013233734353, 0.000980538432486, -0.00091162166791, 0.000624097883701, -7.28291124688e-005, -8.05541349109e-005, 0.00016482292267, 0.000373600050807, -0.000681424397044, 1.38369732667e-005, -3.69811677956e-005, 0.00010274649685, 0.000137695693411], [0.000199011803488, -0.00091162166791, 0.0027608727105, -0.00099817791488, -0.00103779078927, 0.000917973695323, -0.000645657069981, -8.56731130625e-005, -5.37331143278e-005, -0.000448278558906, 0.000165364908753, -6.97103314451e-005, 6.55314725009e-005], [-0.00021803486743, 0.000624097883701, -0.00099817791488, 0.00248313811608, 0.000662547361571, -0.00149698962923, 0.00111902155913, -0.00205039186403, 0.000273435696727, 0.000271116092335, -0.000580276944675, 0.000156940892339, 6.74274851917e-005], [0.000181505485671, -7.28291124688e-005, -0.00103779078927, 0.000662547361571, 0.00520635442808, -0.00231551891193, -0.00119182222988, -4.41832562501e-005, 0.000551226956304, -0.00111879839096, 0.0020065442659, -0.00182511494495, -0.000134875779622], [-0.000254808313912, -8.05541349109e-005, 0.000917973695323, -0.00149698962923, -0.00231551891193, 0.00988742429763, -0.00465685268864, -0.000128049141495, -0.00123679963872, 0.000863005232532, -0.00179103820119, 0.00201839627698, -0.0006542072515], [3.52877468686e-005, 0.00016482292267, -0.000645657069981, 0.00111902155913, -0.00119182222988, -0.00465685268864, 0.00900323502719, -0.00266670365818, 0.000821308931336, -0.000553646008484, -0.00182834907901, -0.000180218237801, -0.000401618977776], [0.000106534665974, 0.000373600050807, -8.56731130625e-005, -0.00205039186403, -4.41832562501e-005, -0.000128049141495, -0.00266670365818, 0.0104441614822, -0.00337426620536, -0.00132174859755, 0.000497047265526, -0.000429965322837, 0.00103552103974], [0.000506071548443, -0.000681424397044, -5.37331143278e-005, 0.000273435696727, 0.000551226956304, -0.00123679963872, 0.000821308931336, -0.00337426620536, 0.00962635874748, -0.00237760483287, -0.00186033116188, 0.000617110054009, -0.000548471347429], [-0.000307953334413, 1.38369732667e-005, -0.000448278558906, 0.000271116092335, -0.00111879839096, 0.000863005232532, -0.000553646008484, -0.00132174859755, -0.00237760483287, 0.00892905984074, -0.00147135055158, -0.00176524929702, 0.00017022684915], [-0.000168495826074, -3.69811677956e-005, 0.000165364908753, -0.000580276944675, 0.0020065442659, -0.00179103820119, -0.00182834907901, 0.000497047265526, -0.00186033116188, -0.00147135055158, 0.0127020645887, -0.00647937320173, 0.000128246407257], [-4.72481478937e-005, 0.00010274649685, -6.97103314451e-005, 0.000156940892339, -0.00182511494495, 0.00201839627698, -0.000180218237801, -0.000429965322837, 0.000617110054009, -0.00176524929702, -0.00647937320173, 0.015658210963, -0.00603885995224], [0.000297980615869, 0.000137695693411, 6.55314725009e-005, 6.74274851917e-005, -0.000134875779622, -0.0006542072515, -0.000401618977776, 0.00103552103974, -0.000548471347429, 0.00017022684915, 0.000128246407257, -0.00603885995224, 0.0123600838706]]
    },
    "spectral_contrast_coeffs": {
        "mean": [-0.637430548668, -0.68828856945, -0.762718677521, -0.787441313267, -0.817713975906, -0.730072438717],
        "var": [0.0115501824766, 0.00992934033275, 0.00640273513272, 0.00349245080724, 0.00146794121247, 0.00642710598186]
    },
    "spectral_contrast_valleys": {
        "mean": [-7.52839565277, -7.10566043854, -7.78186845779, -8.53682899475, -8.46367073059, -11.7883481979],
        "var": [1.65797555447, 0.906618714333, 0.558030664921, 0.63040804863, 1.09300982952, 0.535644412041]
    }
},
"metadata": {
    "audio_properties": {
        "analysis_sample_rate": 44100,
        "bit_rate": 128000,
        "equal_loudness": 0,
        "length": 167.993469238,
        "lossless": 0,
        "replay_gain": -4.43846702576,
        "sample_rate": 44100,
        "codec": "mp3",
        "downmix": "mix",
        "md5_encoded": "df40298a0775ded49b9cfd3299707aea"
    },
    "tags": {
        "file_name": "2056.mp3",
        "album": ["Japanese blues"],
        "artist": ["Ruediger Kramer"],
        "encoding": ["LAME 64bits version 3.99.5 (http:\/\/lame.sf.net)"],
        "length": ["167959"],
        "title": ["Happy child singing"],
        "tracknumber": ["18"]
    },
    "version": {
        "essentia": "2.1-beta2",
        "essentia_git_sha": "v2.1_beta2",
        "extractor": "music 1.0"
    }
},
"rhythm": {
    "beats_count": 279,
    "beats_loudness": {
        "mean": 0.0640837773681,
        "var": 0.00295527419075
    },
    "bpm": 99.9801177979,
    "bpm_histogram_first_peak_bpm": {
        "mean": 99,
        "var": 0
    },
    "bpm_histogram_first_peak_spread": {
        "mean": 0.309352517128,
        "var": 0
    },
    "bpm_histogram_first_peak_weight": {
        "mean": 0.690647482872,
        "var": 0
    },
    "bpm_histogram_second_peak_bpm": {
        "mean": 0,
        "var": 0
    },
    "bpm_histogram_second_peak_spread": {
        "mean": 0,
        "var": 0
    },
    "bpm_histogram_second_peak_weight": {
        "mean": 0,
        "var": 0
    },
    "danceability": 1.05801236629,
    "onset_rate": 4.59501981735,
    "beats_loudness_band_ratio": {
        "mean": [0.552724063396, 0.230171039701, 0.176380336285, 0.0410856753588, 0.01547293365, 0.0114730354398],
        "var": [0.103596523404, 0.047134950757, 0.03435241431, 0.00394201278687, 0.00168772402685, 0.00193684583064]
    },
    "beats_position": [0.638548731804, 1.25387752056, 1.8575963974, 2.46131515503, 3.06503391266, 3.66875267029, 4.27247142792, 4.87619018555, 5.47990942001, 6.07201814651, 6.67573690414, 7.26784563065, 7.87156438828, 8.47528362274, 9.07900238037, 9.682721138, 10.2864398956, 10.8785486221, 11.4822673798, 12.0743761063, 12.6780948639, 13.2818136215, 13.8855323792, 14.4892511368, 15.0813598633, 15.6734695435, 16.2771873474, 16.8809070587, 17.4846248627, 18.0767345428, 18.6688423157, 19.272562027, 19.8762817383, 20.4799995422, 21.0721092224, 21.6758270264, 22.2679367065, 22.8716545105, 23.4753742218, 24.0790920258, 24.6828117371, 25.286529541, 25.8786392212, 26.4823570251, 27.0744667053, 27.6781845093, 28.2819042206, 28.8856239319, 29.4893417358, 30.081451416, 30.68516922, 31.2772789001, 31.8809967041, 32.4731063843, 33.0652160645, 33.6689338684, 34.2726516724, 34.8763694763, 35.480091095, 36.0838088989, 36.6875267029, 37.2796363831, 37.8717460632, 38.4754638672, 39.0791816711, 39.6829032898, 40.2866210938, 40.8787307739, 41.4708366394, 42.0745582581, 42.678276062, 43.281993866, 43.8857116699, 44.4778213501, 45.0699310303, 45.6736488342, 46.2773704529, 46.8810882568, 47.4848060608, 48.0885238647, 48.6806335449, 49.2843513489, 49.8880729675, 50.480178833, 51.0839004517, 51.6760063171, 52.2681159973, 52.871837616, 53.4755554199, 54.0792732239, 54.6829910278, 55.2867126465, 55.878818512, 56.4709281921, 57.0746459961, 57.6783676147, 58.2820854187, 58.8858032227, 59.4779129028, 60.070022583, 60.673740387, 61.2774581909, 61.8695678711, 62.4616775513, 63.0653953552, 63.6691131592, 64.2728347778, 64.8765487671, 65.4802703857, 66.0723800659, 66.6644897461, 67.2682037354, 67.871925354, 68.4756469727, 69.0793609619, 69.6830825806, 70.2751922607, 70.8789138794, 71.4710159302, 72.0747375488, 72.6784591675, 73.2821731567, 73.8742828369, 74.4780044556, 75.0701141357, 75.673828125, 76.2775497437, 76.8812713623, 77.4849853516, 78.0887069702, 78.6808166504, 79.2845306396, 79.8766403198, 80.4803619385, 81.0840835571, 81.6877975464, 82.2799072266, 82.8720169067, 83.4757385254, 84.0794525146, 84.6831741333, 85.2752838135, 85.8673934937, 86.4711074829, 87.0748291016, 87.6785507202, 88.2822647095, 88.8743743896, 89.4664840698, 90.0702056885, 90.6739196777, 91.2776412964, 91.8813552856, 92.4850769043, 93.0771865845, 93.6809082031, 94.2730178833, 94.8767318726, 95.4804534912, 96.0841674805, 96.6878890991, 97.2799987793, 97.8837203979, 98.4758224487, 99.0795440674, 99.6716537476, 100.275375366, 100.879089355, 101.471199036, 102.074920654, 102.678634644, 103.282356262, 103.886077881, 104.48979187, 105.08190155, 105.67401123, 106.277732849, 106.881446838, 107.485168457, 108.077278137, 108.669387817, 109.273101807, 109.876823425, 110.480545044, 111.084259033, 111.676368713, 112.268478394, 112.872200012, 113.475914001, 114.07963562, 114.683357239, 115.27545929, 115.86756897, 116.471290588, 117.075012207, 117.678726196, 118.270835876, 118.862945557, 119.466667175, 120.070381165, 120.674102783, 121.277824402, 121.869926453, 122.462036133, 123.065757751, 123.66947937, 124.273193359, 124.876914978, 125.480628967, 126.084350586, 126.688072205, 127.280181885, 127.872291565, 128.476013184, 129.079727173, 129.683441162, 130.28717041, 130.890884399, 131.48298645, 132.07510376, 132.678817749, 133.282531738, 133.886260986, 134.489974976, 135.082077026, 135.674194336, 136.277908325, 136.881637573, 137.473739624, 138.077453613, 138.669570923, 139.273284912, 139.876998901, 140.480728149, 141.084442139, 141.688156128, 142.280273438, 142.883987427, 143.476104736, 144.079818726, 144.683532715, 145.287246704, 145.879364014, 146.471466064, 147.075195313, 147.678909302, 148.271011353, 148.863128662, 149.466842651, 150.070556641, 150.674285889, 151.277999878, 151.881713867, 152.485443115, 153.077545166, 153.681274414, 154.273376465, 154.877090454, 155.480819702, 156.072921753, 156.676635742, 157.268753052, 157.872467041, 158.47618103, 159.079910278, 159.683624268, 160.275741577, 160.879455566, 161.471557617, 162.075286865, 162.679000854, 163.271102905, 163.863220215, 164.466934204, 165.070648193, 165.674377441, 166.278091431, 166.88180542, 167.485534668]
},
"tonal": {
    "chords_changes_rate": 0.0776457563043,
    "chords_number_rate": 0.00414479151368,
    "chords_strength": {
        "mean": 0.452965557575,
        "var": 0.00977482739836
    },
    "hpcp_entropy": {
        "mean": 1.92666685581,
        "var": 0.682174801826
    },
    "key_strength": 0.558154523373,
    "tuning_diatonic_strength": 0.476808041334,
    "tuning_equal_tempered_deviation": 0.25918596983,
    "tuning_frequency": 434.193115234,
    "tuning_nontempered_energy_ratio": 0.9456564188,
    "hpcp": {
        "mean": [0.144947782159, 0.187893137336, 0.113485977054, 0.0570992790163, 0.0441140942276, 0.0421784371138, 0.105119511485, 0.173021584749, 0.136773109436, 0.114626027644, 0.122859917581, 0.0826424211264, 0.0586932636797, 0.0520193204284, 0.0503460802138, 0.104946002364, 0.148540005088, 0.11980342865, 0.147339761257, 0.154143854976, 0.0952985063195, 0.107066243887, 0.121887356043, 0.145338788629, 0.24475389719, 0.236492007971, 0.106377214193, 0.0475377179682, 0.0456325225532, 0.0623688958585, 0.168382182717, 0.23080894351, 0.133292853832, 0.052226793021, 0.0376257151365, 0.0552552044392],
        "var": [0.06432916224, 0.0932058617473, 0.0417572632432, 0.0228682700545, 0.0214198119938, 0.0147623894736, 0.0399643704295, 0.0954044684768, 0.0592077448964, 0.0486998558044, 0.062723107636, 0.0331894271076, 0.0241666901857, 0.0198020394892, 0.0153187811375, 0.0357321240008, 0.0716984048486, 0.0412530787289, 0.0671519935131, 0.0748761221766, 0.0368497930467, 0.0459268763661, 0.059849973768, 0.0469388365746, 0.118961542845, 0.111453674734, 0.0437346622348, 0.015770226717, 0.0149459708482, 0.0183129496872, 0.0686913132668, 0.1188063398, 0.0509604252875, 0.0208973549306, 0.0141903534532, 0.0206569042057]
    },
    "chords_histogram": [13.0146446228, 4.86322212219, 18.1818180084, 0.0828958302736, 0.497374951839, 0.690798580647, 1.16054153442, 1.63028466702, 0.221055537462, 0.0276319421828, 0.718430519104, 0.442111074924, 0.0828958302736, 0.138159707189, 1.85134017467, 1.46449291706, 1.38159716129, 11.0251455307, 2.01713180542, 2.2934513092, 2.10002756119, 22.6029281616, 9.2290687561, 4.28295087814],
    "thpcp": [1, 0.966244101524, 0.434629291296, 0.19422660768, 0.186442479491, 0.25482288003, 0.687965273857, 0.94302457571, 0.544599533081, 0.213384926319, 0.153728768229, 0.225758224726, 0.592218458652, 0.767681896687, 0.463673830032, 0.233292624354, 0.180238574743, 0.172329992056, 0.429490655661, 0.706920623779, 0.558818936348, 0.46833178401, 0.50197327137, 0.337655186653, 0.239805221558, 0.212537243962, 0.205700829625, 0.428781747818, 0.606895387173, 0.489485263824, 0.601991474628, 0.629791200161, 0.389364600182, 0.437444478273, 0.497999668121, 0.593816041946],
    "chords_key": "D",
    "chords_scale": "minor",
    "key_key": "C",
    "key_scale": "major"
}
}