{
"lowlevel": {
    "average_loudness": 0.928745925426,
    "barkbands_crest": {
        "mean": 10.3840484619,
        "var": 21.6108570099
    },
    "barkbands_flatness_db": {
        "mean": 0.196750834584,
        "var": 0.0118314949796
    },
    "barkbands_kurtosis": {
        "mean": 8.42585849762,
        "var": 506.603363037
    },
    "barkbands_skewness": {
        "mean": 1.70786118507,
        "var": 2.68254518509
    },
    "barkbands_spread": {
        "mean": 18.3293952942,
        "var": 164.023452759
    },
    "dissonance": {
        "mean": 0.448366969824,
        "var": 0.00212022848427
    },
    "dynamic_complexity": 3.3350815773,
    "erbbands_crest": {
        "mean": 10.7012271881,
        "var": 29.5988521576
    },
    "erbbands_flatness_db": {
        "mean": 0.204746603966,
        "var": 0.00717400806025
    },
    "erbbands_kurtosis": {
        "mean": 2.6563346386,
        "var": 147.81741333
    },
    "erbbands_skewness": {
        "mean": 0.406592935324,
        "var": 1.60450446606
    },
    "erbbands_spread": {
        "mean": 32.3671684265,
        "var": 292.640686035
    },
    "hfc": {
        "mean": 18.6634750366,
        "var": 259.928070068
    },
    "melbands_crest": {
        "mean": 14.383348465,
        "var": 27.2220306396
    },
    "melbands_flatness_db": {
        "mean": 0.269061028957,
        "var": 0.0162262078375
    },
    "melbands_kurtosis": {
        "mean": 16.125377655,
        "var": 826.216186523
    },
    "melbands_skewness": {
        "mean": 2.64996123314,
        "var": 3.13803052902
    },
    "melbands_spread": {
        "mean": 20.5142459869,
        "var": 275.719116211
    },
    "pitch_salience": {
        "mean": 0.52261775732,
        "var": 0.0153387123719
    },
    "silence_rate_20dB": {
        "mean": 1,
        "var": 0
    },
    "silence_rate_30dB": {
        "mean": 0.998561024666,
        "var": 0.00143682316411
    },
    "silence_rate_60dB": {
        "mean": 0.0488403588533,
        "var": 0.0464528910816
    },
    "spectral_centroid": {
        "mean": 1115.12145996,
        "var": 392071.9375
    },
    "spectral_complexity": {
        "mean": 17.6201114655,
        "var": 98.7729187012
    },
    "spectral_decrease": {
        "mean": -6.70130795299e-009,
        "var": 2.87264077221e-017
    },
    "spectral_energy": {
        "mean": 0.0269850697368,
        "var": 0.000448736012913
    },
    "spectral_energyband_high": {
        "mean": 0.000444037868874,
        "var": 4.63337471501e-007
    },
    "spectral_energyband_low": {
        "mean": 0.00832135416567,
        "var": 0.000132349901833
    },
    "spectral_energyband_middle_high": {
        "mean": 0.00622335029766,
        "var": 5.65941008972e-005
    },
    "spectral_energyband_middle_low": {
        "mean": 0.0132047049701,
        "var": 0.000209614707273
    },
    "spectral_entropy": {
        "mean": 6.98881864548,
        "var": 0.818957865238
    },
    "spectral_flux": {
        "mean": 0.0675345510244,
        "var": 0.00268207211047
    },
    "spectral_kurtosis": {
        "mean": 13.8424158096,
        "var": 592.647949219
    },
    "spectral_rms": {
        "mean": 0.00477044377476,
        "var": 3.56985628969e-006
    },
    "spectral_rolloff": {
        "mean": 1197.54833984,
        "var": 1412354.25
    },
    "spectral_skewness": {
        "mean": 2.18541407585,
        "var": 2.81237459183
    },
    "spectral_spread": {
        "mean": 3450112.75,
        "var": 2.60721318298e+012
    },
    "spectral_strongpeak": {
        "mean": 1.21477949619,
        "var": 3.03535985947
    },
    "zerocrossingrate": {
        "mean": 0.0452371872962,
        "var": 0.000982798985206
    },
    "barkbands": {
        "mean": [4.87527613586e-005, 0.00431370828301, 0.00303856935352, 0.00239697867073, 0.00447892537341, 0.00264510791749, 0.00139942287933, 0.000823147129267, 0.00091368786525, 0.000757232191972, 0.000293389311992, 0.00117102114018, 0.000469610618893, 0.00119685824029, 0.000685136357788, 0.000589027884416, 0.000643407402094, 0.000386289611924, 0.000194708423805, 0.000203077899641, 0.00010176320211, 5.35392136953e-005, 7.0311158197e-005, 5.14231469424e-005, 3.57626086043e-005, 2.24268806051e-005, 1.76405012553e-006],
        "var": [1.62001416726e-008, 4.66762139695e-005, 2.29702909564e-005, 1.52595130203e-005, 8.50642245496e-005, 2.65171947831e-005, 6.52730705042e-006, 3.05253320221e-006, 2.84744487544e-006, 7.07237450115e-006, 3.61798839776e-007, 6.75602723277e-006, 1.35500556553e-006, 8.8699052867e-006, 2.41755628849e-006, 1.63964625699e-006, 1.23090637771e-006, 4.34157385598e-007, 1.63070140502e-007, 5.55830155236e-008, 1.84145179105e-008, 1.37848417125e-008, 2.1570944142e-008, 1.55950790059e-008, 2.89179045154e-008, 1.08026849688e-008, 1.74663991603e-010]
    },
    "erbbands": {
        "mean": [0.074109017849, 1.1390453577, 3.57580256462, 5.66999959946, 14.4090118408, 14.3107538223, 13.9423093796, 22.8378753662, 15.06503582, 28.0612850189, 18.0682659149, 20.2389068604, 34.3437728882, 10.12844944, 18.6653652191, 51.7757148743, 27.4706802368, 63.073551178, 24.8513660431, 48.7583198547, 38.1339187622, 30.0822124481, 19.9648265839, 15.8655967712, 8.90945529938, 10.2299108505, 5.67311048508, 3.13745236397, 1.90831196308, 1.8037109375, 2.04419136047, 1.39550352097, 0.688762068748, 0.410730957985, 0.247520387173, 0.129118546844, 0.0329286381602, 0.0059046507813, 0.000210634534596, 3.68207911379e-005],
        "var": [0.0215963758528, 3.07664227486, 28.0509490967, 58.8454437256, 1396.80493164, 551.099182129, 788.588256836, 2086.89086914, 744.599304199, 3355.82421875, 1463.70751953, 1344.93054199, 10839.2939453, 356.937438965, 935.102478027, 15555.1396484, 3364.25097656, 24485.8066406, 1788.86560059, 10716.1201172, 6008.14697266, 2228.57177734, 1108.05810547, 1014.05322266, 138.881576538, 136.960327148, 49.7191429138, 21.6315116882, 17.3119125366, 14.5193414688, 19.6977233887, 11.5661783218, 3.23704338074, 2.91894292831, 1.81767654419, 0.34666326642, 0.0287743229419, 0.00136869505513, 1.81102677743e-006, 1.46816236946e-009]
    },
    "gfcc": {
        "mean": [-45.5221977234, 131.867828369, -122.472869873, 30.7909812927, -38.2097053528, 0.581251442432, -38.5632629395, 2.89089345932, -18.904510498, -1.07543945313, -12.3319196701, -7.02921390533, -10.4391355515],
        "cov": [[13839.0830078, -4172.13769531, -1764.66101074, 931.953186035, -1610.99719238, 1621.60461426, -299.121337891, 728.136352539, -506.943084717, 578.871337891, -411.081390381, 239.566986084, -318.390045166], [-4172.13769531, 2663.87548828, -61.0738601685, -498.48928833, 912.237304688, -776.749084473, 309.229034424, -288.425598145, 370.011779785, -258.746124268, 282.813171387, -178.568847656, 219.327438354], [-1764.66101074, -61.0738601685, 2484.03491211, 115.731834412, -20.7948455811, 382.788696289, -382.731018066, 211.695648193, -272.04800415, -131.03187561, -218.812850952, -55.315246582, -206.262527466], [931.953186035, -498.48928833, 115.731834412, 645.922180176, -232.007339478, 193.07043457, -20.9434223175, -6.83617734909, -60.8800544739, 3.56197118759, -90.853515625, -76.1888580322, 7.51287269592], [-1610.99719238, 912.237304688, -20.7948455811, -232.007339478, 581.998535156, -208.156326294, 161.897598267, -5.92620706558, 140.732147217, -49.0259819031, 77.8516998291, -51.2036590576, 32.0405807495], [1621.60461426, -776.749084473, 382.788696289, 193.07043457, -208.156326294, 648.393371582, -66.5353088379, 276.886749268, -147.649108887, 88.2496566772, -126.261756897, -21.9499492645, -165.283172607], [-299.121337891, 309.229034424, -382.731018066, -20.9434223175, 161.897598267, -66.5353088379, 278.549926758, -34.9737243652, 95.6333312988, 9.86127662659, 59.0110321045, -29.5169296265, 20.4125003815], [728.136352539, -288.425598145, 211.695648193, -6.83617734909, -5.92620706558, 276.886749268, -34.9737243652, 308.458068848, -25.8607368469, 70.4055938721, -59.7081031799, -5.61670064926, -108.199432373], [-506.943084717, 370.011779785, -272.04800415, -60.8800544739, 140.732147217, -147.649108887, 95.6333312988, -25.8607368469, 232.031509399, 15.3480768204, 71.0475769043, -16.5365772247, 28.040063858], [578.871337891, -258.746124268, -131.03187561, 3.56197118759, -49.0259819031, 88.2496566772, 9.86127662659, 70.4055938721, 15.3480768204, 148.766098022, 5.73656797409, 13.8916950226, -34.3733253479], [-411.081390381, 282.813171387, -218.812850952, -90.853515625, 77.8516998291, -126.261756897, 59.0110321045, -59.7081031799, 71.0475769043, 5.73656797409, 130.73576355, 14.46372509, 35.6534156799], [239.566986084, -178.568847656, -55.315246582, -76.1888580322, -51.2036590576, -21.9499492645, -29.5169296265, -5.61670064926, -16.5365772247, 13.8916950226, 14.46372509, 130.112197876, 13.2286872864], [-318.390045166, 219.327438354, -206.262527466, 7.51287269592, 32.0405807495, -165.283172607, 20.4125003815, -108.199432373, 28.040063858, -34.3733253479, 35.6534156799, 13.2286872864, 157.077972412]],
        "icov": [[0.000326173380017, -0.000229913246585, 0.00054467713926, -0.000335863034707, 0.000488092977321, -0.000552037963644, 0.000463993608719, -0.00039425608702, 0.000453510321677, -0.000449118582765, 0.000726136844605, -0.000711542495992, 0.000417021277826], [-0.000229913246585, 0.00312572950497, -0.00114249123726, 0.0014365556417, -0.00239602709189, 0.00141644768883, -0.00144056533463, 0.000498309673276, -0.0019487941172, 0.00290843541734, -0.00358785549179, 0.00414812099189, -0.00244042277336], [0.00054467713926, -0.00114249123726, 0.00187059666496, -0.00100422371179, 0.000853045901749, -0.00137242279015, 0.00205787713639, -0.000763892428949, 0.00155424373224, -0.000718605180737, 0.00237374333665, -0.00201736320741, 0.00198832130991], [-0.000335863034707, 0.0014365556417, -0.00100422371179, 0.00327169289812, -0.000331874587573, 0.000236545005464, -0.00145855348092, 0.00108405435458, -0.00150852452498, 0.00146797765046, -0.00099022325594, 0.00371027970687, -0.00240610959008], [0.000488092977321, -0.00239602709189, 0.000853045901749, -0.000331874587573, 0.00556329917163, -0.00070754007902, -0.000476585963042, -0.00182006892283, 0.000915236130822, -0.00182535883505, 0.00275420001708, -0.00227305921726, 0.00140332395677], [-0.000552037963644, 0.00141644768883, -0.00137242279015, 0.000236545005464, -0.00070754007902, 0.00553624937311, -0.00201340415515, -0.00199330365285, 0.000167637321283, 0.000804909912404, -0.00165965256747, 0.00272344844416, 0.000241720103077], [0.000463993608719, -0.00144056533463, 0.00205787713639, -0.00145855348092, -0.000476585963042, -0.00201340415515, 0.00742068653926, 0.000157231552294, 0.000568670569919, -0.00141147547401, 0.00140157027636, -0.00181125593372, 0.00227059377357], [-0.00039425608702, 0.000498309673276, -0.000763892428949, 0.00108405435458, -0.00182006892283, -0.00199330365285, 0.000157231552294, 0.00736280763522, -0.00174008542672, -0.00094461714616, 0.00030442525167, 0.000791082682554, 0.000743423297536], [0.000453510321677, -0.0019487941172, 0.00155424373224, -0.00150852452498, 0.000915236130822, 0.000167637321283, 0.000568670569919, -0.00174008542672, 0.0084290150553, -0.00292453565635, 0.000927644548938, -0.00224368949421, 0.00230435049161], [-0.000449118582765, 0.00290843541734, -0.000718605180737, 0.00146797765046, -0.00182535883505, 0.000804909912404, -0.00141147547401, -0.00094461714616, -0.00292453565635, 0.0122036831453, -0.00480264704674, 0.00341419316828, -0.00123801862355], [0.000726136844605, -0.00358785549179, 0.00237374333665, -0.00099022325594, 0.00275420001708, -0.00165965256747, 0.00140157027636, 0.00030442525167, 0.000927644548938, -0.00480264704674, 0.0168615337461, -0.00622983276844, 0.00284623587504], [-0.000711542495992, 0.00414812099189, -0.00201736320741, 0.00371027970687, -0.00227305921726, 0.00272344844416, -0.00181125593372, 0.000791082682554, -0.00224368949421, 0.00341419316828, -0.00622983276844, 0.0157138872892, -0.00471280422062], [0.000417021277826, -0.00244042277336, 0.00198832130991, -0.00240610959008, 0.00140332395677, 0.000241720103077, 0.00227059377357, 0.000743423297536, 0.00230435049161, -0.00123801862355, 0.00284623587504, -0.00471280422062, 0.0125988116488]]
    },
    "melbands": {
        "mean": [0.000940258323681, 0.0018189935945, 0.00130840076599, 0.00105100183282, 0.000532117555849, 0.000513345585205, 0.000244086826569, 0.000278077350231, 0.000139586103614, 0.000129131090944, 0.00016853865236, 3.60624762834e-005, 5.02545663039e-005, 0.000128113999381, 8.8895430963e-005, 5.90727067902e-005, 0.000126941537019, 3.7236015487e-005, 5.615486225e-005, 4.73543950648e-005, 5.07389959239e-005, 3.52995666617e-005, 2.02414303203e-005, 1.87270470633e-005, 1.22949459183e-005, 6.0430566009e-006, 6.45083537165e-006, 6.92584490025e-006, 3.6680901303e-006, 2.55541203842e-006, 1.57981742177e-006, 1.12482143777e-006, 9.08357890239e-007, 1.05375283965e-006, 1.24773669086e-006, 1.03498621229e-006, 7.86905445693e-007, 4.86414478473e-007, 4.07022980653e-007, 3.19463424603e-007],
        "var": [2.63045990323e-006, 6.76019908497e-006, 4.47559614258e-006, 5.14698331244e-006, 7.36988909011e-007, 9.98737164082e-007, 1.70094807572e-007, 3.06680561835e-007, 8.49063326314e-008, 5.54790062779e-008, 2.71228003612e-007, 6.3755014601e-009, 8.76577832543e-009, 8.3178441912e-008, 3.75381752349e-008, 1.69756688706e-008, 1.12184295631e-007, 6.51272857866e-009, 1.94106490881e-008, 1.00939478997e-008, 1.26679227108e-008, 3.81295084395e-009, 1.58547497353e-009, 1.14963349951e-009, 8.26669566134e-010, 9.63099461293e-011, 6.28415236514e-011, 6.68266206261e-011, 2.18969356536e-011, 1.30497600573e-011, 7.3057081218e-012, 6.71473814051e-012, 5.85160999517e-012, 4.75895147942e-012, 7.41540509552e-012, 6.78995444939e-012, 3.68806070752e-012, 1.53471647283e-012, 1.76547914742e-012, 2.32892828286e-012]
    },
    "mfcc": {
        "mean": [-683.29296875, 152.190231323, -9.891954422, 30.5517559052, 16.3098888397, 3.27079033852, -3.06832933426, -0.921456992626, -3.03319263458, 2.32460808754, -2.67269921303, 5.27825450897, -2.33753609657],
        "cov": [[12575.4570313, -2731.79736328, -1703.61987305, -251.977233887, -891.80090332, 133.693130493, 243.118362427, 131.763793945, 119.072006226, 454.547485352, -239.12008667, 119.66999054, 149.26965332], [-2731.79736328, 1898.69006348, -129.700027466, -39.9462394714, 298.139068604, -148.619613647, -43.7273139954, -2.07009792328, 35.3807678223, -67.2961654663, 144.969909668, 71.4038314819, -6.22099542618], [-1703.61987305, -129.700027466, 2040.51318359, -66.1890640259, 408.657104492, 115.824653625, 74.6065444946, 153.164962769, -83.8116378784, 54.3837509155, -60.7221183777, -158.186065674, -170.623016357], [-251.977233887, -39.9462394714, -66.1890640259, 474.107818604, -39.5297012329, 47.014503479, -27.024728775, -86.1318283081, 40.8492088318, -47.5938491821, -44.0168533325, 2.34148836136, 4.83748435974], [-891.80090332, 298.139068604, 408.657104492, -39.5297012329, 331.417877197, 3.15819430351, 11.5050144196, 61.9446105957, 14.5905170441, 30.7365112305, 19.9158535004, -5.80039405823, -36.6216430664], [133.693130493, -148.619613647, 115.824653625, 47.014503479, 3.15819430351, 188.578369141, 61.6931610107, 31.0215301514, 36.1793746948, 29.0529556274, 20.4235210419, -9.72812271118, -23.11577034], [243.118362427, -43.7273139954, 74.6065444946, -27.024728775, 11.5050144196, 61.6931610107, 213.665267944, 59.8174476624, 20.7712802887, 54.3393821716, 26.7252235413, 7.27991008759, -10.6700687408], [131.763793945, -2.07009792328, 153.164962769, -86.1318283081, 61.9446105957, 31.0215301514, 59.8174476624, 179.23324585, 29.9614982605, 59.4025764465, 36.4046592712, 9.9202747345, -10.1592903137], [119.072006226, 35.3807678223, -83.8116378784, 40.8492088318, 14.5905170441, 36.1793746948, 20.7712802887, 29.9614982605, 143.531188965, 56.8747711182, 27.9419689178, 45.7622833252, 15.5097866058], [454.547485352, -67.2961654663, 54.3837509155, -47.5938491821, 30.7365112305, 29.0529556274, 54.3393821716, 59.4025764465, 56.8747711182, 162.139297485, 52.2613754272, 35.2848472595, 20.4884929657], [-239.12008667, 144.969909668, -60.7221183777, -44.0168533325, 19.9158535004, 20.4235210419, 26.7252235413, 36.4046592712, 27.9419689178, 52.2613754272, 166.917648315, 62.2530212402, 10.4324636459], [119.66999054, 71.4038314819, -158.186065674, 2.34148836136, -5.80039405823, -9.72812271118, 7.27991008759, 9.9202747345, 45.7622833252, 35.2848472595, 62.2530212402, 126.625007629, 53.0453224182], [149.26965332, -6.22099542618, -170.623016357, 4.83748435974, -36.6216430664, -23.11577034, -10.6700687408, -10.1592903137, 15.5097866058, 20.4884929657, 10.4324636459, 53.0453224182, 109.376907349]],
        "icov": [[0.00020944501739, 0.000230310019106, 0.000211622391362, 0.000110638175101, 0.000197397210286, -2.4439605113e-005, -8.92764073797e-005, -0.000191739629372, 0.000110519045847, -0.000641720718704, 0.000504319788888, -0.000260126806097, 0.000269489566563], [0.000230310019106, 0.00108111673035, 0.000386246480048, 0.000105470280687, -0.000734131259378, 0.000616560108028, -0.000191369632375, -0.00010137976642, -0.000196353052161, -6.066665037e-007, -0.000264182512183, -0.000275716301985, 0.000388329761336], [0.000211622391362, 0.000386246480048, 0.00111577042844, 3.87674372178e-005, -0.000912841176614, -0.000342113838997, -0.000112410052679, -0.000583946239203, 0.000764978525694, -0.000973827380221, 0.000720352283679, 0.000209606005228, 0.000932433409616], [0.000110638175101, 0.000105470280687, 3.87674372178e-005, 0.00271522672847, 0.000224888557568, -0.000871209835168, 5.89443625358e-005, 0.00115135649685, -0.00110046984628, 0.000399888027459, 0.000842661014758, -0.000452120613772, 1.92981060536e-005], [0.000197397210286, -0.000734131259378, -0.000912841176614, 0.000224888557568, 0.00567670119926, 4.69578435514e-006, 0.000256819534115, -0.000876192818396, -0.000469352467917, -0.00136504799593, 0.000872796401381, -0.000783148745541, 0.000719070492778], [-2.4439605113e-005, 0.000616560108028, -0.000342113838997, -0.000871209835168, 4.69578435514e-006, 0.00745665514842, -0.00158930779435, -0.000332757685101, -0.00190617307089, 0.000405096623581, -0.00176311458927, 0.0010559578659, 0.000815253413748], [-8.92764073797e-005, -0.000191369632375, -0.000112410052679, 5.89443625358e-005, 0.000256819534115, -0.00158930779435, 0.00587567221373, -0.00119523983449, 0.000312528107315, -0.00114046549425, -0.000148790684761, -0.00020513770869, 0.000428262312198], [-0.000191739629372, -0.00010137976642, -0.000583946239203, 0.00115135649685, -0.000876192818396, -0.000332757685101, -0.00119523983449, 0.00815538689494, -0.00146127084736, -0.000452059292002, -0.00119392189663, 0.000128446947201, -8.52645680425e-005], [0.000110519045847, -0.000196353052161, 0.000764978525694, -0.00110046984628, -0.000469352467917, -0.00190617307089, 0.000312528107315, -0.00146127084736, 0.0105018010363, -0.00369752664119, 0.0012839587871, -0.0028540038038, 0.000879881030414], [-0.000641720718704, -6.066665037e-007, -0.000973827380221, 0.000399888027459, -0.00136504799593, 0.000405096623581, -0.00114046549425, -0.000452059292002, -0.00369752664119, 0.0119378482923, -0.00392767647281, 0.000564836722333, -0.00279694376513], [0.000504319788888, -0.000264182512183, 0.000720352283679, 0.000842661014758, 0.000872796401381, -0.00176311458927, -0.000148790684761, -0.00119392189663, 0.0012839587871, -0.00392767647281, 0.0105155110359, -0.00484681501985, 0.00207864819095], [-0.000260126806097, -0.000275716301985, 0.000209606005228, -0.000452120613772, -0.000783148745541, 0.0010559578659, -0.00020513770869, 0.000128446947201, -0.0028540038038, 0.000564836722333, -0.00484681501985, 0.0141636691988, -0.00546870566905], [0.000269489566563, 0.000388329761336, 0.000932433409616, 1.92981060536e-005, 0.000719070492778, 0.000815253413748, 0.000428262312198, -8.52645680425e-005, 0.000879881030414, -0.00279694376513, 0.00207864819095, -0.00546870566905, 0.013550709933]]
    },
    "spectral_contrast_coeffs": {
        "mean": [-0.641225874424, -0.690620720387, -0.735923469067, -0.742355644703, -0.756067693233, -0.748912751675],
        "var": [0.00671728607267, 0.0114011326805, 0.00740770157427, 0.00676354952157, 0.00556042185053, 0.00612105429173]
    },
    "spectral_contrast_valleys": {
        "mean": [-7.18736171722, -7.12666130066, -7.96186065674, -8.20189476013, -8.23100757599, -11.5163526535],
        "var": [1.07487726212, 1.35517013073, 1.81869924068, 2.00073957443, 2.77567124367, 3.35473680496]
    }
},
"metadata": {
    "audio_properties": {
        "analysis_sample_rate": 44100,
        "bit_rate": 128000,
        "equal_loudness": 0,
        "length": 274.285705566,
        "lossless": 0,
        "replay_gain": -10.1420078278,
        "sample_rate": 44100,
        "codec": "mp3",
        "downmix": "mix",
        "md5_encoded": "a00f4d647fee0fa9b87920d524a2a166"
    },
    "tags": {
        "file_name": "2058.mp3",
        "album": ["Riez Noir"],
        "artist": ["La Vérue"],
        "encoding": ["LAME 64bits version 3.99.5 (http:\/\/lame.sf.net)"],
        "length": ["274243"],
        "title": ["Inside Views"],
        "tracknumber": ["07"]
    },
    "version": {
        "essentia": "2.1-beta2",
        "essentia_git_sha": "v2.1_beta2",
        "extractor": "music 1.0"
    }
},
"rhythm": {
    "beats_count": 529,
    "beats_loudness": {
        "mean": 0.03887430951,
        "var": 0.000550820957869
    },
    "bpm": 109.90687561,
    "bpm_histogram_first_peak_bpm": {
        "mean": 110,
        "var": 0
    },
    "bpm_histogram_first_peak_spread": {
        "mean": 0.465753406286,
        "var": 0
    },
    "bpm_histogram_first_peak_weight": {
        "mean": 0.221590906382,
        "var": 0
    },
    "bpm_histogram_second_peak_bpm": {
        "mean": 178,
        "var": 0
    },
    "bpm_histogram_second_peak_spread": {
        "mean": 0,
        "var": 0
    },
    "bpm_histogram_second_peak_weight": {
        "mean": 0.0965909063816,
        "var": 0
    },
    "danceability": 1.09111189842,
    "onset_rate": 2.88737773895,
    "beats_loudness_band_ratio": {
        "mean": [0.508806884289, 0.294884592295, 0.105577372015, 0.0968419983983, 0.0793118551373, 0.0265287198126],
        "var": [0.0719361975789, 0.0595508180559, 0.0133473724127, 0.0157075971365, 0.00785429310054, 0.00283569702879]
    },
    "beats_position": [0.359909296036, 0.731428563595, 1.09133780003, 1.45124709606, 1.78793644905, 2.13623571396, 2.46131515503, 2.79800438881, 3.12308382988, 3.45977306366, 3.78485250473, 4.12154197693, 4.45823097229, 4.78331041336, 5.10838985443, 5.4334692955, 5.75854873657, 6.08362817764, 6.40870714188, 6.73378658295, 7.05886602402, 7.38394546509, 7.72063493729, 8.05732440948, 8.39401340485, 8.73070240021, 9.07900238037, 9.43891143799, 9.77560043335, 10.1239004135, 10.4605894089, 10.8088884354, 11.1455783844, 11.4822673798, 11.807346344, 12.144036293, 12.4691152573, 12.8058052063, 13.1308841705, 13.4559631348, 13.7810430527, 14.117732048, 14.4428119659, 14.7678909302, 15.0929698944, 15.4180498123, 15.7431287766, 16.0682086945, 16.3932876587, 16.7299766541, 17.0666656494, 17.4149665833, 17.7400455475, 18.0767345428, 18.4134235382, 18.7617225647, 19.0984115601, 19.4118824005, 19.7369613647, 20.062040329, 20.4103393555, 20.7354183197, 21.0721092224, 21.3971881866, 21.7106571198, 22.035736084, 22.3492050171, 22.6858959198, 23.0225849152, 23.3708839417, 23.7307929993, 24.0790920258, 24.4157810211, 24.7524719238, 25.0891609192, 25.4258499146, 25.7509288788, 26.076007843, 26.4126987457, 26.7493877411, 27.0860767365, 27.4227657318, 27.747844696, 28.0845336914, 28.4212245941, 28.7579135895, 29.0946025848, 29.4312915802, 29.7563705444, 30.0930614471, 30.4297504425, 30.7664394379, 31.1031284332, 31.4398174286, 31.776506424, 32.1131973267, 32.449886322, 32.7865753174, 33.111656189, 33.4367332458, 33.7618141174, 34.0985031128, 34.4468002319, 34.7951011658, 35.1550102234, 35.5033111572, 35.8632202148, 36.2231292725, 36.5946464539, 36.96616745, 37.3376846313, 37.6975975037, 38.0458946228, 38.3941955566, 38.7424926758, 39.0791816711, 39.4158706665, 39.7525634766, 40.1008605957, 40.4375495911, 40.7858505249, 41.134147644, 41.6217689514, 42.0977783203, 42.585395813, 43.0497932434, 43.5141944885, 43.9785919189, 44.4546012878, 44.9422225952, 45.4182319641, 45.894241333, 46.3934669495, 46.8926963806, 47.3919258118, 47.8911552429, 48.3903846741, 48.8896141052, 49.3888435364, 49.8996810913, 50.4105224609, 50.9097480774, 51.4089775085, 51.9082069397, 52.4074363708, 52.906665802, 53.4175033569, 53.9051246643, 54.4043540955, 54.8803634644, 55.4956893921, 56.1110191345, 56.7727890015, 57.4345550537, 58.0963249207, 58.7697029114, 59.4314727783, 60.104850769, 60.7782287598, 61.4399986267, 62.1017684937, 62.7635345459, 63.4369163513, 64.0870742798, 64.7256240845, 65.3757781982, 66.0259399414, 66.6877059937, 67.3262557983, 67.9531936646, 68.5685272217, 69.1722412109, 69.7643508911, 70.3564605713, 70.9485702515, 71.5406799316, 72.1444015503, 72.7365036011, 73.3286132813, 73.9207229614, 74.5128326416, 75.1165542603, 75.7202682495, 76.3123779297, 76.9044876099, 77.5082092285, 78.1119232178, 78.7156448364, 79.3193664551, 79.9230804443, 80.5151901245, 81.1072998047, 81.7110214233, 82.3147354126, 82.9184570313, 83.5105667114, 84.1258926392, 84.7296142578, 85.3333282471, 85.9254379272, 86.4943313599, 87.0632171631, 87.6321105957, 88.177772522, 88.7234420776, 89.2691116333, 89.814781189, 90.3488388062, 90.9061203003, 91.4401779175, 91.9742355347, 92.5083007813, 93.0423583984, 93.5764160156, 94.1220855713, 94.6561431885, 95.2018127441, 95.7474822998, 96.2931518555, 96.8388214111, 97.3960952759, 97.9417648315, 98.4874343872, 99.0331039429, 99.5787734985, 100.124443054, 100.681724548, 101.215782166, 101.77305603, 102.307121277, 102.864395142, 103.410064697, 103.955734253, 104.501403809, 105.047073364, 105.59274292, 106.138412476, 106.649246216, 107.183311462, 107.728981018, 108.274642944, 108.831924438, 109.389205933, 109.934875488, 110.480545044, 111.014602661, 111.571876526, 112.117546082, 112.663215637, 113.197273254, 113.754554749, 114.300224304, 114.84589386, 115.379951477, 115.925621033, 116.471290588, 117.028572083, 117.574241638, 118.119903564, 118.653968811, 119.199638367, 119.756912231, 120.314193726, 120.894691467, 121.475189209, 122.090522766, 122.694236755, 123.286346436, 123.855232239, 124.424125671, 125.016235352, 125.596733093, 126.188842773, 126.780952454, 127.373062134, 128.034820557, 128.696594238, 129.35836792, 130.020126343, 130.681900024, 131.332061768, 131.982223511, 132.667205811, 133.352203369, 134.013961792, 134.687347412, 135.349105835, 136.010879517, 136.66104126, 137.322814941, 137.984573364, 138.657958984, 139.319732666, 139.993103027, 140.666488647, 141.339859009, 142.013244629, 142.675003052, 143.336776733, 143.998550415, 144.63710022, 145.275650024, 145.914199829, 146.529525757, 147.144851685, 147.748565674, 148.352294922, 148.956008911, 149.536499023, 150.140228271, 150.743942261, 151.336044312, 151.928161621, 152.53187561, 153.135604858, 153.727706909, 154.31980896, 154.923538208, 155.527252197, 156.119369507, 156.711471558, 157.315185547, 157.918914795, 158.511016846, 159.103118896, 159.683624268, 160.298950195, 160.891067505, 161.483169556, 162.075286865, 162.702224731, 163.317550659, 163.932876587, 164.559814453, 165.151931763, 165.744033813, 166.336135864, 166.916641235, 167.485534668, 168.042816162, 168.623306274, 169.16897583, 169.714645386, 170.260314941, 170.805984497, 171.351654053, 171.897323608, 172.442993164, 172.98866272, 173.511108398, 174.056777954, 174.60244751, 175.148117065, 175.682174683, 176.239456177, 176.773513794, 177.330795288, 177.876464844, 178.422134399, 178.967803955, 179.513473511, 180.047531128, 180.593200684, 181.138870239, 181.696136475, 182.230194092, 182.787475586, 183.321533203, 183.878814697, 184.424484253, 184.970153809, 185.515823364, 186.06149292, 186.595550537, 187.141220093, 187.686889648, 188.244171143, 188.789840698, 189.335510254, 189.88117981, 190.426849365, 190.984130859, 191.518188477, 192.052246094, 192.586303711, 193.131973267, 193.677642822, 194.223312378, 194.768981934, 195.303039551, 195.860321045, 196.382766724, 196.928436279, 197.474105835, 198.019775391, 198.553833008, 199.111114502, 199.645172119, 200.202438354, 200.73651123, 201.293777466, 201.827835083, 202.361907959, 202.907577515, 203.46484375, 204.010513306, 204.556182861, 205.101852417, 205.659133911, 206.193191528, 206.750473022, 207.296142578, 207.841812134, 208.375869751, 208.933151245, 209.467208862, 210.001266479, 210.558547974, 211.104217529, 211.649887085, 212.195556641, 212.741226196, 213.298492432, 213.832565308, 214.389831543, 214.947113037, 215.504394531, 216.061676025, 216.61895752, 217.153015137, 217.698684692, 218.23274231, 218.778411865, 219.312469482, 219.869750977, 220.415420532, 220.961090088, 221.495147705, 222.052429199, 222.598098755, 223.143753052, 223.689422607, 224.235092163, 224.76914978, 225.303222656, 225.848892212, 226.394546509, 226.928619385, 227.47428894, 228.019943237, 228.554016113, 229.064849854, 229.645339966, 230.20262146, 230.736679077, 231.270736694, 231.828018188, 232.385299683, 232.942581177, 233.488250732, 234.033920288, 234.567977905, 235.113647461, 235.659317017, 236.204986572, 236.750656128, 237.284713745, 237.818771362, 238.387664795, 238.933334351, 239.479003906, 240.024673462, 240.581939697, 241.127609253, 241.673278809, 242.218948364, 242.76461792, 243.298675537, 243.832733154, 244.366790771, 244.900863647, 245.446533203, 245.9921875, 246.549468994, 247.106750488, 247.664031982, 248.209701538, 248.755371094, 249.301040649, 249.858322144, 250.403991699, 250.938049316, 251.483718872, 252.029388428, 252.575057983, 253.120727539, 253.677993774, 254.22366333, 254.769332886, 255.303390503, 255.860671997, 256.394744873, 256.94039917, 257.486083984, 258.031738281, 258.600616455, 259.169525146, 259.750030518, 260.388580322, 261.027130127, 261.688873291, 262.350646973, 263.012420654, 263.674194336, 264.335968018, 264.974517822, 265.613067627, 266.216766357, 266.820495605, 267.517089844, 268.225311279, 268.91027832, 269.583679199, 270.26864624, 270.953643799, 271.638641357, 272.323608398, 273.008605957, 273.693603516]
},
"tonal": {
    "chords_changes_rate": 0.0501015558839,
    "chords_number_rate": 0.00135409610812,
    "chords_strength": {
        "mean": 0.524213731289,
        "var": 0.015164365992
    },
    "hpcp_entropy": {
        "mean": 1.83209967613,
        "var": 0.616470515728
    },
    "key_strength": 0.814385056496,
    "tuning_diatonic_strength": 0.557771265507,
    "tuning_equal_tempered_deviation": 0.0253535974771,
    "tuning_frequency": 441.527557373,
    "tuning_nontempered_energy_ratio": 0.665000319481,
    "hpcp": {
        "mean": [0.0540427155793, 0.0485535226762, 0.0510726645589, 0.0641511902213, 0.097705386579, 0.281829088926, 0.396207928658, 0.217901289463, 0.0664440393448, 0.0429017804563, 0.0352680310607, 0.0497553013265, 0.0715856552124, 0.0807561278343, 0.11455540359, 0.140760064125, 0.0961612388492, 0.0633391141891, 0.0622805282474, 0.0747556090355, 0.233843624592, 0.371512323618, 0.24396404624, 0.0999154821038, 0.0660023838282, 0.0603056438267, 0.158570423722, 0.243080854416, 0.204932630062, 0.22838228941, 0.234789475799, 0.133228197694, 0.0756581574678, 0.0542661286891, 0.0387964472175, 0.0464869961143],
        "var": [0.0190183017403, 0.0173970218748, 0.0196750704199, 0.0260221268982, 0.0338814742863, 0.0756651312113, 0.133355692029, 0.056459441781, 0.0229754075408, 0.0148194907233, 0.0107715819031, 0.0133786909282, 0.0214321594685, 0.0217219423503, 0.0319308489561, 0.0536010228097, 0.0296164602041, 0.0161901414394, 0.0168600548059, 0.0200575459749, 0.0725396424532, 0.161660522223, 0.0777399390936, 0.0344491004944, 0.0257541574538, 0.0239656381309, 0.0584960281849, 0.10766646266, 0.0643853917718, 0.110486760736, 0.127055346966, 0.0539931356907, 0.023133052513, 0.0137252379209, 0.0120025174692, 0.0141357108951]
    },
    "chords_histogram": [38.4901809692, 11.9329719543, 18.6188220978, 0.270819216967, 3.13134741783, 2.97901153564, 0.270819216967, 5.7379822731, 0, 6.55044031143, 0.795531511307, 10.2065000534, 0.609343290329, 0, 0.135409608483, 0, 0, 0, 0, 0.08463101089, 0, 0.0169262010604, 0.16926202178, 0],
    "thpcp": [1, 0.549966990948, 0.167699918151, 0.108280971646, 0.0890139490366, 0.125578761101, 0.180676981807, 0.203822597861, 0.289129495621, 0.35526818037, 0.242703974247, 0.159863322973, 0.15719152987, 0.188677728176, 0.590204298496, 0.937670111656, 0.615747511387, 0.252179414034, 0.166585221887, 0.152207061648, 0.400220215321, 0.613518416882, 0.517235040665, 0.576420307159, 0.592591583729, 0.336258292198, 0.190955683589, 0.136963769794, 0.0979194119573, 0.117329798639, 0.136399880052, 0.122545562685, 0.128903687, 0.161912932992, 0.24660128355, 0.711316108704],
    "chords_key": "E",
    "chords_scale": "minor",
    "key_key": "E",
    "key_scale": "minor"
}
}