{
"lowlevel": {
    "average_loudness": 0.492120921612,
    "barkbands_crest": {
        "mean": 17.9768619537,
        "var": 26.6383552551
    },
    "barkbands_flatness_db": {
        "mean": 0.384133934975,
        "var": 0.00755702331662
    },
    "barkbands_kurtosis": {
        "mean": 20.8373203278,
        "var": 3945.56591797
    },
    "barkbands_skewness": {
        "mean": 1.72432076931,
        "var": 7.19066619873
    },
    "barkbands_spread": {
        "mean": 4.10292720795,
        "var": 20.0687084198
    },
    "dissonance": {
        "mean": 0.323230028152,
        "var": 0.00895832292736
    },
    "dynamic_complexity": 7.47946023941,
    "erbbands_crest": {
        "mean": 20.0757789612,
        "var": 58.358959198
    },
    "erbbands_flatness_db": {
        "mean": 0.383233577013,
        "var": 0.0103710703552
    },
    "erbbands_kurtosis": {
        "mean": 13.4761323929,
        "var": 1669.38659668
    },
    "erbbands_skewness": {
        "mean": 1.61299562454,
        "var": 4.4025759697
    },
    "erbbands_spread": {
        "mean": 10.2917633057,
        "var": 158.276321411
    },
    "hfc": {
        "mean": 14.7684211731,
        "var": 1795.43359375
    },
    "melbands_crest": {
        "mean": 22.8189258575,
        "var": 48.3849983215
    },
    "melbands_flatness_db": {
        "mean": 0.454447299242,
        "var": 0.00829638447613
    },
    "melbands_kurtosis": {
        "mean": 20.900346756,
        "var": 1980.60766602
    },
    "melbands_skewness": {
        "mean": 1.7628980875,
        "var": 5.99546909332
    },
    "melbands_spread": {
        "mean": 6.96544122696,
        "var": 91.2118911743
    },
    "pitch_salience": {
        "mean": 0.390608072281,
        "var": 0.0267797186971
    },
    "silence_rate_20dB": {
        "mean": 0.995882630348,
        "var": 0.0041005788371
    },
    "silence_rate_30dB": {
        "mean": 0.987647950649,
        "var": 0.0121994744986
    },
    "silence_rate_60dB": {
        "mean": 0.236232623458,
        "var": 0.180432721972
    },
    "spectral_centroid": {
        "mean": 651.320251465,
        "var": 283829.46875
    },
    "spectral_complexity": {
        "mean": 5.01543998718,
        "var": 29.412984848
    },
    "spectral_decrease": {
        "mean": -5.32997468383e-009,
        "var": 1.0955282603e-016
    },
    "spectral_energy": {
        "mean": 0.021456066519,
        "var": 0.00184987287503
    },
    "spectral_energyband_high": {
        "mean": 8.47923656693e-005,
        "var": 7.70478266077e-007
    },
    "spectral_energyband_low": {
        "mean": 0.000191403159988,
        "var": 2.80556605503e-007
    },
    "spectral_energyband_middle_high": {
        "mean": 0.00645905174315,
        "var": 0.000522336689755
    },
    "spectral_energyband_middle_low": {
        "mean": 0.016151452437,
        "var": 0.000788484932855
    },
    "spectral_entropy": {
        "mean": 5.11797952652,
        "var": 0.981123566628
    },
    "spectral_flux": {
        "mean": 0.0223242584616,
        "var": 0.00166431942489
    },
    "spectral_kurtosis": {
        "mean": 50.4337005615,
        "var": 1222.89685059
    },
    "spectral_rms": {
        "mean": 0.00371821364388,
        "var": 7.10765561962e-006
    },
    "spectral_rolloff": {
        "mean": 751.345153809,
        "var": 845772.625
    },
    "spectral_skewness": {
        "mean": 4.97393703461,
        "var": 4.33549261093
    },
    "spectral_spread": {
        "mean": 1885850.25,
        "var": 4.32184518246e+012
    },
    "spectral_strongpeak": {
        "mean": 2.12581729889,
        "var": 3.17259883881
    },
    "zerocrossingrate": {
        "mean": 0.0287734121084,
        "var": 0.000654198869597
    },
    "barkbands": {
        "mean": [2.8887321605e-005, 8.58253843035e-005, 6.70118242851e-005, 2.61805362243e-005, 0.00228473776951, 0.00474876957014, 0.0015895414399, 0.00239633722231, 0.00316252885386, 0.00318740704097, 0.00150722183753, 0.000670681358315, 0.000484631222207, 0.000334577227477, 0.000361970509402, 0.000167713165865, 5.99954764766e-005, 9.41628823057e-005, 8.92089010449e-005, 4.8281654017e-005, 3.40218721249e-005, 1.17185745694e-005, 5.74533441977e-006, 6.0878428485e-006, 2.19434423343e-006, 6.48792081392e-007, 3.1991387317e-008],
        "var": [3.32602190234e-009, 3.26212727941e-008, 1.43309691225e-007, 2.25533689502e-008, 0.000280289823422, 7.66226876294e-005, 2.41265643126e-005, 6.96107308613e-005, 7.3300107033e-005, 8.83265165612e-005, 4.53445281892e-005, 4.16067414335e-005, 4.60444698547e-006, 1.76456012468e-006, 1.00496508821e-005, 3.50577624886e-006, 2.63112866605e-007, 7.14584473371e-007, 8.85902238679e-007, 2.42403842776e-007, 1.27897422431e-007, 1.85455792945e-008, 4.78527528713e-009, 5.21584198054e-009, 8.27680812776e-010, 6.84212825286e-011, 3.74022617348e-013]
    },
    "erbbands": {
        "mean": [0.00469963578507, 0.0112935863435, 0.0523600876331, 0.114588007331, 0.197017550468, 5.6052775383, 38.4065475464, 34.8431549072, 30.9630279541, 27.2719554901, 64.8602142334, 77.5615005493, 107.115859985, 54.5462608337, 70.4782485962, 22.2700424194, 23.2415714264, 17.2361068726, 20.3125228882, 11.6464357376, 8.87380599976, 3.97991156578, 4.65003108978, 4.54625558853, 4.11265707016, 2.50706481934, 1.84441268444, 0.810498535633, 0.441116958857, 0.308774352074, 0.14064116776, 0.148758366704, 0.0794821307063, 0.0329953208566, 0.0114715192467, 0.00407173717394, 0.000999818905257, 0.000103107762698, 1.63770491781e-005, 2.51828550972e-005],
        "var": [0.00010604900308, 0.000612962001469, 0.0755410641432, 0.368633180857, 0.885026991367, 1988.7755127, 22527.0683594, 5913.48193359, 9550.40820313, 7362.58398438, 34420.4335938, 38375.421875, 100419.15625, 34413.1914063, 130333.929688, 20539.4238281, 11318.5166016, 3323.54174805, 20144.1757813, 9647.20898438, 11849.0927734, 1052.33337402, 1431.15661621, 2795.80737305, 1538.77380371, 610.562438965, 370.423858643, 80.2649917603, 25.6926670074, 13.8511857986, 2.77352666855, 3.22354650497, 0.933759450912, 0.168597683311, 0.0240795109421, 0.00270770629868, 0.000164643322933, 2.05387755159e-006, 1.47507872583e-008, 3.19106518987e-009]
    },
    "gfcc": {
        "mean": [-230.103668213, 167.930328369, -135.199523926, -33.3263473511, -58.0994758606, -20.5856800079, -23.3774929047, -7.60893392563, -9.10168075562, -1.49134063721, 11.0152311325, -4.02767944336, 12.1281652451],
        "cov": [[14222.9365234, 1453.19250488, -5859.82714844, -2332.49584961, -716.937744141, -913.693725586, 457.422821045, -411.955718994, 165.999572754, -281.942138672, 822.77355957, -355.400604248, 821.458435059], [1453.19250488, 1295.55041504, -425.328552246, -570.42767334, 216.544677734, -213.565765381, 144.120346069, -99.9257965088, 129.527633667, -228.472473145, 29.4684906006, -125.046539307, 169.639343262], [-5859.82714844, -425.328552246, 3365.22998047, 1184.84460449, 120.665229797, 417.486358643, -378.283294678, 72.5965576172, -153.572311401, 58.2714195251, -479.631866455, 113.180885315, -475.240539551], [-2332.49584961, -570.42767334, 1184.84460449, 1184.61474609, 253.472381592, 204.306182861, -144.208816528, 121.686523438, -173.703369141, 13.9238500595, -225.70375061, 168.572814941, -127.38167572], [-716.937744141, 216.544677734, 120.665229797, 253.472381592, 676.448242188, 101.712280273, 131.982589722, 196.994277954, 17.5680980682, -113.898147583, -216.164367676, 23.2008094788, 35.6572189331], [-913.693725586, -213.565765381, 417.486358643, 204.306182861, 101.712280273, 391.445037842, 58.8516807556, 114.865318298, 20.1086177826, 14.738360405, -116.153945923, 13.0213241577, -172.855773926], [457.422821045, 144.120346069, -378.283294678, -144.208816528, 131.982589722, 58.8516807556, 277.221221924, 124.572273254, 61.9448890686, -33.5682029724, 27.8979110718, 12.6095819473, 22.5195598602], [-411.955718994, -99.9257965088, 72.5965576172, 121.686523438, 196.994277954, 114.865318298, 124.572273254, 259.223205566, 65.6390838623, -18.6875324249, -78.9666976929, 38.1702079773, -34.5384788513], [165.999572754, 129.527633667, -153.572311401, -173.703369141, 17.5680980682, 20.1086177826, 61.9448890686, 65.6390838623, 177.195297241, 18.4447078705, 12.1610116959, -51.6258621216, -2.7686047554], [-281.942138672, -228.472473145, 58.2714195251, 13.9238500595, -113.898147583, 14.738360405, -33.5682029724, -18.6875324249, 18.4447078705, 198.262435913, 113.003623962, 34.5863761902, -44.1067504883], [822.77355957, 29.4684906006, -479.631866455, -225.70375061, -216.164367676, -116.153945923, 27.8979110718, -78.9666976929, 12.1610116959, 113.003623962, 369.721130371, 90.794128418, 51.3824195862], [-355.400604248, -125.046539307, 113.180885315, 168.572814941, 23.2008094788, 13.0213241577, 12.6095819473, 38.1702079773, -51.6258621216, 34.5863761902, 90.794128418, 230.218399048, 51.5845298767], [821.458435059, 169.639343262, -475.240539551, -127.38167572, 35.6572189331, -172.855773926, 22.5195598602, -34.5384788513, -2.7686047554, -44.1067504883, 51.3824195862, 51.5845298767, 259.789520264]],
        "icov": [[0.000422286364483, -0.00058362231357, 0.000892582407687, -0.000194128660951, 0.000670405337587, -9.89934487734e-005, 0.000390210305341, -0.000330368056893, 0.00050766573986, -9.37976001296e-005, 0.000401035824325, -8.20107161417e-005, 0.000274283927865], [-0.00058362231357, 0.00337712839246, -0.00201543630101, 0.00127894128673, -0.00241247122176, 0.000902669271454, -0.00186643737834, 0.00253950385377, -0.00246674800292, 0.00304324179888, -0.0021634476725, 0.000987570383586, -0.0012662645895], [0.000892582407687, -0.00201543630101, 0.00297681754455, -0.00108651351184, 0.00191534322221, -0.000401126948418, 0.00194273563102, -0.00109715003055, 0.00132163194939, -0.00123423279729, 0.00236481009051, -0.00141907040961, 0.00218106387183], [-0.000194128660951, 0.00127894128673, -0.00108651351184, 0.00247912551276, -0.00139338895679, 6.23984378763e-005, 0.000134447094752, 7.60274851928e-005, 0.000597223581281, 0.000733215827495, -0.000418090174207, -0.000478959962493, -0.000453440530691], [0.000670405337587, -0.00241247122176, 0.00191534322221, -0.00139338895679, 0.00453514745459, -0.00062548177084, 0.000429267383879, -0.00266399560496, 0.0016233328497, -0.00130970682949, 0.00268470449373, -0.000756575376727, 0.000260205648374], [-9.89934487734e-005, 0.000902669271454, -0.000401126948418, 6.23984378763e-005, -0.00062548177084, 0.00508761033416, -0.00176311412361, 0.000527594529558, -0.00132962246425, 0.000431875145296, 0.000933135277592, -0.00108612037729, 0.0028046076186], [0.000390210305341, -0.00186643737834, 0.00194273563102, 0.000134447094752, 0.000429267383879, -0.00176311412361, 0.00823700148612, -0.00416883034632, 0.00136056134943, -0.000658596167341, 0.00034763320582, -0.00116352143232, 0.00116940285079], [-0.000330368056893, 0.00253950385377, -0.00109715003055, 7.60274851928e-005, -0.00266399560496, 0.000527594529558, -0.00416883034632, 0.0101361451671, -0.00517785502598, 0.00228999671526, 1.12725492727e-005, -0.00147463870235, 0.000466424156912], [0.00050766573986, -0.00246674800292, 0.00132163194939, 0.000597223581281, 0.0016233328497, -0.00132962246425, 0.00136056134943, -0.00517785502598, 0.0109723825008, -0.00361327338032, 0.000802582188044, 0.00178574293386, -0.000207622535527], [-9.37976001296e-005, 0.00304324179888, -0.00123423279729, 0.000733215827495, -0.00130970682949, 0.000431875145296, -0.000658596167341, 0.00228999671526, -0.00361327338032, 0.0108512528241, -0.00463986815885, 0.000774576852564, -0.000192554740352], [0.000401035824325, -0.0021634476725, 0.00236481009051, -0.000418090174207, 0.00268470449373, 0.000933135277592, 0.00034763320582, 1.12725492727e-005, 0.000802582188044, -0.00463986815885, 0.00885312352329, -0.00503416080028, 0.00295878015459], [-8.20107161417e-005, 0.000987570383586, -0.00141907040961, -0.000478959962493, -0.000756575376727, -0.00108612037729, -0.00116352143232, -0.00147463870235, 0.00178574293386, 0.000774576852564, -0.00503416080028, 0.00956671126187, -0.00468373950571], [0.000274283927865, -0.0012662645895, 0.00218106387183, -0.000453440530691, 0.000260205648374, 0.0028046076186, 0.00116940285079, 0.000466424156912, -0.000207622535527, -0.000192554740352, 0.00295878015459, -0.00468373950571, 0.00967731978744]]
    },
    "melbands": {
        "mean": [3.19575920003e-005, 2.36428677454e-005, 1.81712930498e-005, 8.44057067297e-005, 0.00113752821926, 0.000803934352007, 0.000449742015917, 0.000341258943081, 0.000591599207837, 0.000430291402154, 0.000528498203494, 0.000211234553717, 0.000217364213313, 0.000116513278044, 4.38112983829e-005, 4.33707573393e-005, 3.2138741517e-005, 3.24861648551e-005, 2.6025742045e-005, 1.13155902e-005, 8.91833315109e-006, 2.93562129627e-006, 6.45733462079e-006, 3.00032070299e-006, 3.75556010113e-006, 3.29592080561e-006, 2.15904674405e-006, 1.52834286382e-006, 1.37140136758e-006, 7.25132338175e-007, 3.7144820908e-007, 2.53686550877e-007, 2.00743130563e-007, 1.53121163748e-007, 7.38916625664e-008, 8.33329920624e-008, 9.24480190179e-008, 6.16660003061e-008, 3.69203512207e-008, 2.4125489162e-008],
        "var": [4.52400206186e-009, 1.12083204939e-008, 8.78072548005e-009, 7.58729584049e-007, 2.60285723925e-005, 2.91750120596e-006, 1.90722300886e-006, 1.45170417909e-006, 2.40380882133e-006, 1.2141889556e-006, 2.6195123155e-006, 5.82074108024e-007, 1.17496881558e-006, 7.35063110824e-007, 4.59051214818e-008, 3.55917144645e-008, 1.36366500314e-008, 4.21118286908e-008, 6.19304927341e-008, 1.34578090893e-008, 1.22764429733e-008, 8.34191882237e-010, 2.2231110286e-009, 1.09629683109e-009, 2.09442396759e-009, 1.07767839097e-009, 4.53582865712e-010, 2.25235816109e-010, 2.13307441155e-010, 6.99798344272e-011, 1.86607864577e-011, 9.02687993798e-012, 5.27770101927e-012, 3.66552187908e-012, 7.92459630902e-013, 9.93623694608e-013, 1.22685097758e-012, 5.97497366254e-013, 1.91856432e-013, 1.04959694636e-013]
    },
    "mfcc": {
        "mean": [-873.83215332, 181.475311279, -6.0454416275, -8.27888965607, -13.6406116486, -14.7748985291, -3.60892653465, -13.8495740891, -11.2045211792, 1.06622385979, -1.65116620064, -0.953757762909, 0.337657392025],
        "cov": [[9568.93066406, 2358.36889648, -3684.99731445, -1514.11169434, -1324.4543457, -797.55291748, -52.4516639709, -425.862976074, -312.343170166, 105.712150574, -144.434890747, -172.714645386, -196.503967285], [2358.36889648, 2063.12695313, -686.371948242, -866.074951172, -352.981445313, -334.260009766, -77.0391311646, -35.054523468, -18.2468757629, 90.5110397339, 38.3731842041, -143.573638916, -206.808319092], [-3684.99731445, -686.371948242, 2219.7199707, 695.805847168, 567.702941895, 348.656799316, -80.1073684692, 288.983154297, 151.187484741, -64.9629364014, 61.8092689514, 48.5978889465, 25.7430515289], [-1514.11169434, -866.074951172, 695.805847168, 827.008422852, 366.8203125, 118.389831543, 66.9490356445, 69.8949356079, 33.2593688965, -72.4622192383, -56.3974838257, 7.37778091431, 36.0252037048], [-1324.4543457, -352.981445313, 567.702941895, 366.8203125, 432.202178955, 193.488555908, 55.79479599, 166.808395386, 123.380523682, -19.3780574799, -15.2420253754, -41.8718147278, -25.3421230316], [-797.55291748, -334.260009766, 348.656799316, 118.389831543, 193.488555908, 277.360717773, 76.0454406738, 84.3244094849, 72.5462875366, -25.7429084778, -0.547553181648, -10.5708274841, -15.0885219574], [-52.4516639709, -77.0391311646, -80.1073684692, 66.9490356445, 55.79479599, 76.0454406738, 182.400115967, 89.0069198608, 21.3438148499, 4.32937812805, 4.05390691757, -27.2326602936, -23.2629871368], [-425.862976074, -35.054523468, 288.983154297, 69.8949356079, 166.808395386, 84.3244094849, 89.0069198608, 321.442260742, 187.837127686, 13.1405096054, 23.3323802948, -38.7023010254, -53.7954063416], [-312.343170166, -18.2468757629, 151.187484741, 33.2593688965, 123.380523682, 72.5462875366, 21.3438148499, 187.837127686, 258.643188477, 66.2836532593, -6.43884658813, -57.7644691467, -93.4487915039], [105.712150574, 90.5110397339, -64.9629364014, -72.4622192383, -19.3780574799, -25.7429084778, 4.32937812805, 13.1405096054, 66.2836532593, 170.376022339, 77.4513015747, -34.7184410095, -33.1913108826], [-144.434890747, 38.3731842041, 61.8092689514, -56.3974838257, -15.2420253754, -0.547553181648, 4.05390691757, 23.3323802948, -6.43884658813, 77.4513015747, 148.021469116, 50.9530067444, -16.423833847], [-172.714645386, -143.573638916, 48.5978889465, 7.37778091431, -41.8718147278, -10.5708274841, -27.2326602936, -38.7023010254, -57.7644691467, -34.7184410095, 50.9530067444, 236.121185303, 218.892959595], [-196.503967285, -206.808319092, 25.7430515289, 36.0252037048, -25.3421230316, -15.0885219574, -23.2629871368, -53.7954063416, -93.4487915039, -33.1913108826, -16.423833847, 218.892959595, 405.847900391]],
        "icov": [[0.000615562545136, -0.000615691533312, 0.00106817029882, -0.000862678862177, 0.00124597433023, -0.00111623760313, 0.00133347976953, -0.00143266830128, 0.00112563220318, -0.000881945714355, 0.0010143899126, -0.000467621372081, 0.000396278512198], [-0.000615691533312, 0.00200578453951, -0.00146116374526, 0.00280205928721, -0.00214463635348, 0.00337345479056, -0.00241885031573, 0.00194822030608, -0.00142064783722, 0.00127728981897, -0.000938253651839, 0.000896707118955, -6.52262096992e-005], [0.00106817029882, -0.00146116374526, 0.00317189074121, -0.00289453472942, 0.00217969063669, -0.00391704868525, 0.00469740014523, -0.00401970604435, 0.00277868611738, -0.001743263565, 0.00115035963245, -0.000984144513495, 0.000629865447991], [-0.000862678862177, 0.00280205928721, -0.00289453472942, 0.00677976431325, -0.00528455432504, 0.00642913393676, -0.00567265739664, 0.00435358984396, -0.00243374006823, 0.00224544410594, -0.00034263919224, 0.000679152086377, -4.0021800487e-006], [0.00124597433023, -0.00214463635348, 0.00217969063669, -0.00528455432504, 0.00983833894134, -0.00668857293203, 0.00443421909586, -0.00505271088332, 0.0018519021105, -0.00201990222558, 0.00152063369751, 0.000348823639797, -7.40321629564e-005], [-0.00111623760313, 0.00337345479056, -0.00391704868525, 0.00642913393676, -0.00668857293203, 0.0137467030436, -0.00922363158315, 0.00697803962976, -0.00584279792383, 0.00512375682592, -0.00313862389885, 0.00215860037133, -0.000871551979799], [0.00133347976953, -0.00241885031573, 0.00469740014523, -0.00567265739664, 0.00443421909586, -0.00922363158315, 0.0154235018417, -0.00985283404589, 0.00725145498291, -0.00491240574047, 0.00296099553816, -0.0016311093932, 0.00139818317257], [-0.00143266830128, 0.00194822030608, -0.00401970604435, 0.00435358984396, -0.00505271088332, 0.00697803962976, -0.00985283404589, 0.0146514410153, -0.0116395354271, 0.00817846134305, -0.0078721717, 0.0046857111156, -0.00336817721836], [0.00112563220318, -0.00142064783722, 0.00277868611738, -0.00243374006823, 0.0018519021105, -0.00584279792383, 0.00725145498291, -0.0116395354271, 0.0160391721874, -0.0112111195922, 0.0105790933594, -0.00650184601545, 0.00534320762381], [-0.000881945714355, 0.00127728981897, -0.001743263565, 0.00224544410594, -0.00201990222558, 0.00512375682592, -0.00491240574047, 0.00817846134305, -0.0112111195922, 0.017981223762, -0.0148240402341, 0.00964499358088, -0.00591081893072], [0.0010143899126, -0.000938253651839, 0.00115035963245, -0.00034263919224, 0.00152063369751, -0.00313862389885, 0.00296099553816, -0.0078721717, 0.0105790933594, -0.0148240402341, 0.0221707504243, -0.0127171492204, 0.00805472675711], [-0.000467621372081, 0.000896707118955, -0.000984144513495, 0.000679152086377, 0.000348823639797, 0.00215860037133, -0.0016311093932, 0.0046857111156, -0.00650184601545, 0.00964499358088, -0.0127171492204, 0.0165281891823, -0.00927506946027], [0.000396278512198, -6.52262096992e-005, 0.000629865447991, -4.0021800487e-006, -7.40321629564e-005, -0.000871551979799, 0.00139818317257, -0.00336817721836, 0.00534320762381, -0.00591081893072, 0.00805472675711, -0.00927506946027, 0.0082550207153]]
    },
    "spectral_contrast_coeffs": {
        "mean": [-0.679374337196, -0.58597946167, -0.62493956089, -0.703037440777, -0.762133479118, -0.805921196938],
        "var": [0.0178307611495, 0.0348660871387, 0.0228775329888, 0.0147849852219, 0.00884246174246, 0.00291825295426]
    },
    "spectral_contrast_valleys": {
        "mean": [-9.54731273651, -8.56646728516, -9.61358356476, -10.4864959717, -11.1908731461, -13.8683271408],
        "var": [1.17183470726, 2.68607997894, 2.37941765785, 1.79068875313, 1.35160386562, 1.02704703808]
    }
},
"metadata": {
    "audio_properties": {
        "analysis_sample_rate": 44100,
        "bit_rate": 90115,
        "equal_loudness": 0,
        "length": 45.0873451233,
        "lossless": 0,
        "replay_gain": 5.20053672791,
        "sample_rate": 44100,
        "codec": "mp3",
        "downmix": "mix",
        "md5_encoded": "a90fcb05d6aaf0e7c3a06342746c6db7"
    },
    "tags": {
        "file_name": "206.mp3"
    },
    "version": {
        "essentia": "2.1-beta2",
        "essentia_git_sha": "v2.1_beta2",
        "extractor": "music 1.0"
    }
},
"rhythm": {
    "beats_count": 91,
    "beats_loudness": {
        "mean": 0.0312139466405,
        "var": 0.0054011545144
    },
    "bpm": 140.297622681,
    "bpm_histogram_first_peak_bpm": {
        "mean": 140,
        "var": 0
    },
    "bpm_histogram_first_peak_spread": {
        "mean": 0.550000011921,
        "var": 0
    },
    "bpm_histogram_first_peak_weight": {
        "mean": 0.10000000149,
        "var": 0
    },
    "bpm_histogram_second_peak_bpm": {
        "mean": 117,
        "var": 0
    },
    "bpm_histogram_second_peak_spread": {
        "mean": 0.5625,
        "var": 0
    },
    "bpm_histogram_second_peak_weight": {
        "mean": 0.0777777805924,
        "var": 0
    },
    "danceability": 0.97056055069,
    "onset_rate": 0.908994913101,
    "beats_loudness_band_ratio": {
        "mean": [0.0973965674639, 0.340859889984, 0.391862720251, 0.207319453359, 0.0200271923095, 0.00196587992832],
        "var": [0.0585613250732, 0.131999611855, 0.107507012784, 0.0697770193219, 0.00345910317264, 5.48018542759e-005]
    },
    "beats_position": [0.847528338432, 1.69505667686, 2.53097510338, 3.36689329147, 4.21442174911, 4.78331041336, 5.36380958557, 5.89786815643, 6.40870714188, 6.91954612732, 7.41877555847, 7.83673477173, 8.25469398499, 8.67265319824, 9.0906124115, 9.52018165588, 9.93814086914, 10.3560991287, 10.7856683731, 11.2152376175, 11.6448068619, 12.0743761063, 12.5039453506, 12.933514595, 13.3630838394, 13.7810430527, 14.1873922348, 14.5937414169, 15.0813598633, 15.5689792633, 16.0565986633, 16.5790481567, 17.1014957428, 17.6239452362, 18.1463947296, 18.6688423157, 19.179681778, 19.6905212402, 20.1897506714, 20.7005901337, 21.1765975952, 21.6642169952, 22.1634464264, 22.616235733, 23.0690250397, 23.5218143463, 23.974603653, 24.4273910522, 24.8685703278, 25.3097496033, 25.7509288788, 26.1804981232, 26.6216773987, 26.9815864563, 27.3414955139, 27.7014045715, 28.0613155365, 28.3980045319, 28.7463035583, 29.106212616, 29.4429016113, 29.7912006378, 30.1394996643, 30.4878005981, 30.8360996246, 31.2308387756, 31.6255779266, 32.0203170776, 32.4266662598, 32.8214035034, 33.204536438, 33.5876655579, 33.9707946777, 34.4816322327, 34.9924697876, 35.514919281, 36.0489807129, 36.5946464539, 37.2099761963, 37.8253059387, 38.4406356812, 39.0675735474, 39.6829032898, 40.2866210938, 40.8903388977, 41.4940567017, 42.0281181335, 42.5621757507, 43.0962333679, 43.6302947998, 44.1759643555]
},
"tonal": {
    "chords_changes_rate": 0.091563783586,
    "chords_number_rate": 0.0216049384326,
    "chords_strength": {
        "mean": 0.392042845488,
        "var": 0.00801014434546
    },
    "hpcp_entropy": {
        "mean": 1.20192050934,
        "var": 0.931682825089
    },
    "key_strength": 0.417399168015,
    "tuning_diatonic_strength": 0.36316627264,
    "tuning_equal_tempered_deviation": 0.191327497363,
    "tuning_frequency": 437.213165283,
    "tuning_nontempered_energy_ratio": 0.873949110508,
    "hpcp": {
        "mean": [0.0783594846725, 0.130420252681, 0.0982115417719, 0.0778810605407, 0.0829259231687, 0.0414258204401, 0.0382563099265, 0.0913570597768, 0.112854138017, 0.100157126784, 0.0735633820295, 0.0368146263063, 0.0842046290636, 0.108028881252, 0.0715787857771, 0.0978569835424, 0.0803054794669, 0.0357654988766, 0.0860895961523, 0.10127080977, 0.0470922216773, 0.078070871532, 0.111072897911, 0.081107839942, 0.080460101366, 0.0597015954554, 0.0563287548721, 0.0937395468354, 0.0669877082109, 0.0254734177142, 0.0680006965995, 0.110983245075, 0.0617184937, 0.0304420180619, 0.0417638905346, 0.0392774529755],
        "var": [0.0408376827836, 0.0956886932254, 0.0540203340352, 0.0464344099164, 0.05566861853, 0.0175457242876, 0.014852700755, 0.0611640587449, 0.0697782561183, 0.0580366402864, 0.0527256578207, 0.0144609827548, 0.0475932769477, 0.0834610015154, 0.0223526917398, 0.0790438354015, 0.0518682412803, 0.00860913097858, 0.0457171574235, 0.0775175690651, 0.0148711036891, 0.0449266172945, 0.0806361958385, 0.0312109962106, 0.0468144081533, 0.0351786017418, 0.0203884858638, 0.0731608122587, 0.033031232655, 0.00691623287275, 0.0360434427857, 0.0897804498672, 0.0296109374613, 0.0158314239234, 0.0311944242567, 0.017778262496]
    },
    "chords_histogram": [1.85185182095, 1.44032919407, 2.26337456703, 3.70370364189, 0.102880656719, 12.1399173737, 1.23456788063, 4.93827152252, 1.54320991039, 2.98353910446, 2.16049385071, 4.21810722351, 5.86419773102, 7.40740728378, 2.57201647758, 7.09876537323, 9.97942352295, 6.99588489532, 1.02880656719, 0, 5.55555534363, 9.56790161133, 0, 5.34979438782],
    "thpcp": [1, 0.753039062023, 0.597154676914, 0.635836243629, 0.317633330822, 0.293331056833, 0.700482130051, 0.865311443806, 0.767956852913, 0.56404876709, 0.282276898623, 0.645640730858, 0.828313708305, 0.548831820488, 0.75032043457, 0.615743935108, 0.274232715368, 0.660093784332, 0.776496052742, 0.36108058691, 0.598610043526, 0.851653754711, 0.621896028519, 0.616929471493, 0.45776322484, 0.43190190196, 0.718749940395, 0.513629674911, 0.195317953825, 0.521396756172, 0.850966334343, 0.473227828741, 0.233414813876, 0.320225507021, 0.301160693169, 0.600822985172],
    "chords_key": "D#",
    "chords_scale": "minor",
    "key_key": "A",
    "key_scale": "major"
}
}