{
"lowlevel": {
    "average_loudness": 0.860691010952,
    "barkbands_crest": {
        "mean": 13.6406621933,
        "var": 17.5231018066
    },
    "barkbands_flatness_db": {
        "mean": 0.242355450988,
        "var": 0.00863580778241
    },
    "barkbands_kurtosis": {
        "mean": 8.62305545807,
        "var": 160.802093506
    },
    "barkbands_skewness": {
        "mean": 1.95320725441,
        "var": 1.96661794186
    },
    "barkbands_spread": {
        "mean": 8.30989360809,
        "var": 50.0250587463
    },
    "dissonance": {
        "mean": 0.437103033066,
        "var": 0.00185371155385
    },
    "dynamic_complexity": 2.75160574913,
    "erbbands_crest": {
        "mean": 11.6132822037,
        "var": 24.0028743744
    },
    "erbbands_flatness_db": {
        "mean": 0.241615176201,
        "var": 0.0102281244472
    },
    "erbbands_kurtosis": {
        "mean": 1.57305109501,
        "var": 13.4344825745
    },
    "erbbands_skewness": {
        "mean": 0.876574456692,
        "var": 0.751007080078
    },
    "erbbands_spread": {
        "mean": 23.2792072296,
        "var": 216.307800293
    },
    "hfc": {
        "mean": 11.0911989212,
        "var": 116.051734924
    },
    "melbands_crest": {
        "mean": 17.002828598,
        "var": 39.9182281494
    },
    "melbands_flatness_db": {
        "mean": 0.329519927502,
        "var": 0.00969887617975
    },
    "melbands_kurtosis": {
        "mean": 13.7480916977,
        "var": 277.527984619
    },
    "melbands_skewness": {
        "mean": 2.44347977638,
        "var": 2.37462806702
    },
    "melbands_spread": {
        "mean": 9.17198944092,
        "var": 68.68775177
    },
    "pitch_salience": {
        "mean": 0.50605648756,
        "var": 0.0156919863075
    },
    "silence_rate_20dB": {
        "mean": 1,
        "var": 0
    },
    "silence_rate_30dB": {
        "mean": 0.940813183784,
        "var": 0.0556827560067
    },
    "silence_rate_60dB": {
        "mean": 0.0200720541179,
        "var": 0.019670240581
    },
    "spectral_centroid": {
        "mean": 601.299133301,
        "var": 243928.640625
    },
    "spectral_complexity": {
        "mean": 12.5450334549,
        "var": 34.1100349426
    },
    "spectral_decrease": {
        "mean": -8.8921350283e-009,
        "var": 1.07803372122e-016
    },
    "spectral_energy": {
        "mean": 0.0345669835806,
        "var": 0.00158386293333
    },
    "spectral_energyband_high": {
        "mean": 0.00013800310262,
        "var": 1.21134377196e-007
    },
    "spectral_energyband_low": {
        "mean": 0.0152915818617,
        "var": 0.00109106337186
    },
    "spectral_energyband_middle_high": {
        "mean": 0.00324940541759,
        "var": 3.70454872609e-005
    },
    "spectral_energyband_middle_low": {
        "mean": 0.0168118346483,
        "var": 0.000351033144398
    },
    "spectral_entropy": {
        "mean": 6.63805055618,
        "var": 0.581283330917
    },
    "spectral_flux": {
        "mean": 0.0777482390404,
        "var": 0.00557187804952
    },
    "spectral_kurtosis": {
        "mean": 25.3347854614,
        "var": 1057.19616699
    },
    "spectral_rms": {
        "mean": 0.00515614263713,
        "var": 7.13808003638e-006
    },
    "spectral_rolloff": {
        "mean": 659.614990234,
        "var": 912175.75
    },
    "spectral_skewness": {
        "mean": 3.23539447784,
        "var": 3.37378191948
    },
    "spectral_spread": {
        "mean": 2993726.75,
        "var": 5.2694178857e+012
    },
    "spectral_strongpeak": {
        "mean": 1.00456690788,
        "var": 0.814197599888
    },
    "zerocrossingrate": {
        "mean": 0.0287925098091,
        "var": 0.000701259705238
    },
    "barkbands": {
        "mean": [0.00217280280776, 0.0110467253253, 0.00120364571922, 0.0017193184467, 0.0036779853981, 0.00834305863827, 0.00165918725543, 0.000462582334876, 0.000852139317431, 0.0010399101302, 0.00102457497269, 0.000280787266092, 0.000312116782879, 0.000282931112451, 0.000103576843685, 6.09407325101e-005, 5.18978049513e-005, 7.08654042683e-005, 4.39068571723e-005, 3.64500701835e-005, 3.23969870806e-005, 2.73902023764e-005, 1.94223011931e-005, 1.42055105243e-005, 1.28039146148e-005, 1.40642596307e-005, 1.34887375225e-006],
        "var": [2.90777061309e-005, 0.00072796526365, 9.9588141893e-006, 7.53949370846e-006, 0.000148582650581, 8.79418512341e-005, 1.03176744233e-005, 8.47158617034e-007, 1.84470957265e-006, 1.36750131787e-005, 8.77750971995e-006, 1.10485743221e-007, 1.15078626095e-006, 7.00177110957e-007, 2.67353108541e-008, 1.62620725774e-008, 1.53550807624e-008, 4.1452235422e-008, 1.8075242636e-008, 8.49303827266e-009, 8.80790818059e-009, 6.04200867116e-009, 2.3904653812e-009, 1.35728017714e-009, 1.47422440921e-009, 2.49395770702e-009, 3.64402154285e-011]
    },
    "erbbands": {
        "mean": [0.569602310658, 1.48997187614, 1.38109648228, 4.35918045044, 7.89615154266, 14.4129915237, 61.1882667542, 44.2554779053, 24.008014679, 18.1435565948, 15.6068973541, 14.4665241241, 30.1283245087, 50.706577301, 13.1464042664, 11.1945152283, 14.9431362152, 17.3187408447, 5.67115116119, 4.62366104126, 3.54692435265, 3.09123897552, 3.61350464821, 2.94189357758, 2.19336009026, 1.63966035843, 1.22788286209, 1.33199167252, 0.968855500221, 0.831373035908, 0.531251609325, 0.352566182613, 0.192411646247, 0.138047933578, 0.0928512066603, 0.0691219270229, 0.0233759172261, 0.00456694001332, 0.000163029384566, 4.18759336753e-005],
        "var": [2.14392518997, 13.6483306885, 13.2452936172, 45.1475334167, 839.534729004, 2040.67468262, 5560.87060547, 2887.29931641, 1662.75097656, 1661.22521973, 691.071044922, 484.283752441, 7343.09814453, 14782.6181641, 747.506347656, 160.098556519, 1801.21679688, 2515.41357422, 87.7096099854, 32.877166748, 62.3304252625, 46.3862037659, 95.4671096802, 82.9763259888, 38.7891998291, 18.1438331604, 12.1322259903, 15.5068693161, 8.04457092285, 4.79331159592, 1.84018623829, 0.825822770596, 0.275365710258, 0.170631587505, 0.0827659294009, 0.0587168894708, 0.0073638735339, 0.000280312116956, 3.86205925906e-007, 2.32626606866e-009]
    },
    "gfcc": {
        "mean": [-80.53074646, 160.719284058, -115.118408203, -0.286935031414, -49.7460746765, -7.10519695282, -32.5777130127, -7.2688999176, -21.4031200409, 0.995720505714, -3.22150969505, 4.52927446365, 0.559269368649],
        "cov": [[9429.98632813, -3217.31713867, 1520.91845703, 1975.56420898, -614.314025879, 1761.85791016, -852.760192871, 536.977478027, -429.269775391, 356.544067383, -577.030212402, 191.980056763, -520.628051758], [-3217.31713867, 2783.84790039, -1095.9407959, -859.286621094, 543.590576172, -927.793212891, 583.398681641, -331.65032959, 304.54901123, -313.204742432, 428.61138916, -264.626708984, 387.163085938], [1520.91845703, -1095.9407959, 1236.6003418, 498.310333252, -32.9337272644, 672.784118652, -231.490829468, 255.25617981, -31.900718689, 255.478408813, -101.355155945, 177.685501099, -157.527786255], [1975.56420898, -859.286621094, 498.310333252, 918.817382813, -14.5908155441, 534.479431152, -252.567565918, 112.19392395, -58.2840805054, 111.101242065, -117.055763245, -23.8420200348, -148.192443848], [-614.314025879, 543.590576172, -32.9337272644, -14.5908155441, 326.658355713, -33.9341888428, 141.388259888, -28.8992557526, 81.6156539917, -15.4670267105, 88.6078796387, -51.7532539368, 59.7780799866], [1761.85791016, -927.793212891, 672.784118652, 534.479431152, -33.9341888428, 679.546936035, -166.207092285, 225.864730835, -51.8463897705, 147.460388184, -112.298110962, 94.1002044678, -119.100868225], [-852.760192871, 583.398681641, -231.490829468, -252.567565918, 141.388259888, -166.207092285, 331.420898438, 15.4036598206, 128.501113892, -39.3290672302, 118.4789505, -8.33871364594, 114.120780945], [536.977478027, -331.65032959, 255.25617981, 112.19392395, -28.8992557526, 225.864730835, 15.4036598206, 208.794799805, 38.5194091797, 79.4655914307, -10.6082725525, 79.4310073853, -22.4966468811], [-429.269775391, 304.54901123, -31.900718689, -58.2840805054, 81.6156539917, -51.8463897705, 128.501113892, 38.5194091797, 147.047653198, 18.8448505402, 98.7192153931, 2.56835341454, 71.1293258667], [356.544067383, -313.204742432, 255.478408813, 111.101242065, -15.4670267105, 147.460388184, -39.3290672302, 79.4655914307, 18.8448505402, 135.908676147, -4.05576038361, 67.8108215332, -43.4667739868], [-577.030212402, 428.61138916, -101.355155945, -117.055763245, 88.6078796387, -112.298110962, 118.4789505, -10.6082725525, 98.7192153931, -4.05576038361, 157.86138916, 2.17779588699, 99.5188446045], [191.980056763, -264.626708984, 177.685501099, -23.8420200348, -51.7532539368, 94.1002044678, -8.33871364594, 79.4310073853, 2.56835341454, 67.8108215332, 2.17779588699, 128.154876709, 2.93852710724], [-520.628051758, 387.163085938, -157.527786255, -148.192443848, 59.7780799866, -119.100868225, 114.120780945, -22.4966468811, 71.1293258667, -43.4667739868, 99.5188446045, 2.93852710724, 133.080001831]],
        "icov": [[0.000397746538511, -0.000513613515068, 0.00014678077423, -0.000682649435475, 0.000906221161131, -0.000744296063203, 8.24936141726e-005, -0.000397494120989, 0.000776278786361, -0.000544507871382, 0.000745640893001, -0.000565439811908, 0.000114861926704], [-0.000513613515068, 0.00431352388114, -0.000127520921524, 0.00221154373139, -0.0043035899289, 0.00213979207911, -0.000617568439338, 0.00141127943061, -0.00288356351666, 0.003527025925, -0.00478288531303, 0.00434682006016, -0.00145646638703], [0.00014678077423, -0.000127520921524, 0.00256593013182, -4.07278312196e-005, -0.000393594644265, -0.00199316884391, 0.00109254533891, -0.000190345905139, -0.00047180603724, -0.00169290439226, 0.000100603501778, -0.00167469214648, 0.0010220813565], [-0.000682649435475, 0.00221154373139, -4.07278312196e-005, 0.00450834818184, -0.00286757433787, -0.000652369635645, 0.00105908990372, 0.00134538218845, -0.00300598843023, 0.00125570630189, -0.00285759102553, 0.00448609096929, -5.43078604096e-005], [0.000906221161131, -0.0043035899289, -0.000393594644265, -0.00286757433787, 0.00978742539883, -0.00342499068938, -0.00163998070639, 1.11740509965e-005, 0.0028500109911, -0.00379613041878, 0.00336104654707, -0.00200934638269, 0.00112073170021], [-0.000744296063203, 0.00213979207911, -0.00199316884391, -0.000652369635645, -0.00342499068938, 0.00839486252517, -0.000534310762305, -0.00301044341177, 0.000260329456069, 0.0017657232238, -0.00106462824624, 0.00158444198314, -0.00202323263511], [8.24936141726e-005, -0.000617568439338, 0.00109254533891, 0.00105908990372, -0.00163998070639, -0.000534310762305, 0.00777601078153, -0.00250279018655, -0.00322820129804, 0.000227089098189, 0.00057492160704, -0.00097506045131, -0.000849615840707], [-0.000397494120989, 0.00141127943061, -0.000190345905139, 0.00134538218845, 1.11740509965e-005, -0.00301044341177, -0.00250279018655, 0.0126543045044, -0.00595769612119, 0.00112390611321, -0.00103424547706, -0.00226103258319, 0.00157292431686], [0.000776278786361, -0.00288356351666, -0.00047180603724, -0.00300598843023, 0.0028500109911, 0.000260329456069, -0.00322820129804, -0.00595769612119, 0.0207948461175, -0.00741863204166, -0.00209687324241, 0.00105060345959, -0.00375869986601], [-0.000544507871382, 0.003527025925, -0.00169290439226, 0.00125570630189, -0.00379613041878, 0.0017657232238, 0.000227089098189, 0.00112390611321, -0.00741863204166, 0.0210241414607, -0.00748263765126, -0.00383644690737, 0.00679629063234], [0.000745640893001, -0.00478288531303, 0.000100603501778, -0.00285759102553, 0.00336104654707, -0.00106462824624, 0.00057492160704, -0.00103424547706, -0.00209687324241, -0.00748263765126, 0.0228790920228, -0.00505812233314, -0.00768255488947], [-0.000565439811908, 0.00434682006016, -0.00167469214648, 0.00448609096929, -0.00200934638269, 0.00158444198314, -0.00097506045131, -0.00226103258319, 0.00105060345959, -0.00383644690737, -0.00505812233314, 0.0224145799875, -0.00759738171473], [0.000114861926704, -0.00145646638703, 0.0010220813565, -5.43078604096e-005, 0.00112073170021, -0.00202323263511, -0.000849615840707, 0.00157292431686, -0.00375869986601, 0.00679629063234, -0.00768255488947, -0.00759738171473, 0.0221722237766]]
    },
    "melbands": {
        "mean": [0.00400024373084, 0.00108303851448, 0.000789916259237, 0.000817106978502, 0.00169758382253, 0.001157857012, 0.000364674255252, 0.000168853657669, 0.000139246461913, 9.36602446018e-005, 0.000157622664119, 0.000210634098039, 7.55406290409e-005, 2.39169621636e-005, 3.02420030494e-005, 4.35186411778e-005, 2.81181637547e-005, 7.90051944932e-006, 9.1959400379e-006, 4.08705409427e-006, 3.87707768823e-006, 3.22724667967e-006, 2.92108256872e-006, 3.42346902471e-006, 2.27246346185e-006, 1.68343024143e-006, 1.45456090195e-006, 9.963565617e-007, 7.18136959676e-007, 8.16622218736e-007, 7.46768023419e-007, 5.45811076336e-007, 5.08898381213e-007, 4.33666144772e-007, 3.26997763977e-007, 2.30707669857e-007, 2.06534181757e-007, 1.28866986415e-007, 1.35551601943e-007, 1.08273482624e-007],
        "var": [9.78000171017e-005, 6.92605999575e-006, 1.64886603216e-006, 9.79114338406e-006, 4.17882074544e-006, 1.65949859365e-006, 3.62349936722e-007, 1.39573714364e-007, 6.06618399956e-008, 2.14402984255e-008, 2.32139797163e-007, 2.48359810939e-007, 3.9921541628e-008, 5.50021250767e-010, 2.22975948816e-009, 2.37516371016e-008, 7.04489577785e-009, 2.20457749278e-010, 1.34109251482e-010, 5.38110354886e-011, 8.73797770251e-011, 5.00723004726e-011, 6.2728079675e-011, 1.12701015187e-010, 5.16453407817e-011, 2.93860977219e-011, 1.23005789582e-011, 7.82795096105e-012, 4.22907325479e-012, 6.20337115009e-012, 4.85744604262e-012, 2.53312887159e-012, 2.47814464262e-012, 1.27353108528e-012, 7.28600936094e-013, 3.71926068502e-013, 2.96940694689e-013, 1.22707169404e-013, 1.65248226886e-013, 1.17275194547e-013]
    },
    "mfcc": {
        "mean": [-722.300048828, 191.116851807, -1.1697101593, 8.99983787537, -1.65838456154, -1.29055011272, -3.8043949604, -5.40190029144, -11.2499446869, -5.97189426422, -4.8716506958, -2.30961728096, 0.30061557889],
        "cov": [[5623.38623047, -2170.78515625, 653.01940918, 931.601623535, 285.472717285, 821.608520508, 122.349449158, 208.891372681, 120.268013, 214.14781189, 170.125473022, -109.143554688, -244.386901855], [-2170.78515625, 1987.83227539, -586.298034668, -187.867538452, -16.3272972107, -289.112548828, 95.4593200684, -38.3424263, -6.64200782776, -26.4278659821, -35.1984596252, 23.3678798676, 55.7162475586], [653.01940918, -586.298034668, 667.491394043, 44.3947944641, 97.266166687, 195.504974365, 1.55523431301, 61.8495292664, 57.9165115356, 30.8454723358, 70.5346679688, 60.5109710693, 73.9977645874], [931.601623535, -187.867538452, 44.3947944641, 452.92376709, 190.668380737, 237.041885376, 59.1659965515, 17.565990448, 22.8154335022, 81.9132919312, 66.8472595215, 9.75359535217, -9.05959224701], [285.472717285, -16.3272972107, 97.266166687, 190.668380737, 244.236373901, 182.696060181, 56.2995376587, 13.2350587845, 15.7546606064, 47.8348312378, 48.4132919312, 17.7099647522, 16.0278987885], [821.608520508, -289.112548828, 195.504974365, 237.041885376, 182.696060181, 311.661224365, 89.1019897461, 54.3814163208, 46.7522735596, 74.2786636353, 67.9793395996, 7.12889623642, -1.31726205349], [122.349449158, 95.4593200684, 1.55523431301, 59.1659965515, 56.2995376587, 89.1019897461, 125.441329956, 65.6847305298, 49.4183540344, 53.1448554993, 34.4805717468, 4.56712436676, -1.81450068951], [208.891372681, -38.3424263, 61.8495292664, 17.565990448, 13.2350587845, 54.3814163208, 65.6847305298, 130.752243042, 78.4812240601, 40.1930046082, 31.7380886078, 17.8874034882, 10.3779230118], [120.268013, -6.64200782776, 57.9165115356, 22.8154335022, 15.7546606064, 46.7522735596, 49.4183540344, 78.4812240601, 106.813072205, 50.9949264526, 32.7361831665, 26.5095005035, 14.8524150848], [214.14781189, -26.4278659821, 30.8454723358, 81.9132919312, 47.8348312378, 74.2786636353, 53.1448554993, 40.1930046082, 50.9949264526, 92.4813690186, 57.5919151306, 19.83776474, 5.49887466431], [170.125473022, -35.1984596252, 70.5346679688, 66.8472595215, 48.4132919312, 67.9793395996, 34.4805717468, 31.7380886078, 32.7361831665, 57.5919151306, 83.4279174805, 39.0395622253, 9.00703239441], [-109.143554688, 23.3678798676, 60.5109710693, 9.75359535217, 17.7099647522, 7.12889623642, 4.56712436676, 17.8874034882, 26.5095005035, 19.83776474, 39.0395622253, 77.9758834839, 57.9234161377], [-244.386901855, 55.7162475586, 73.9977645874, -9.05959224701, 16.0278987885, -1.31726205349, -1.81450068951, 10.3779230118, 14.8524150848, 5.49887466431, 9.00703239441, 57.9234161377, 117.729484558]],
        "icov": [[0.000732956337743, 0.00046988367103, -0.000169840510353, -0.00107825850137, 0.000636865035631, -0.000836799212266, 0.000195803266251, -0.000774784886744, 0.000112619534775, -0.000213363702642, 2.04807179216e-006, 0.000478837027913, 0.00105815730058], [0.00046988367103, 0.00134913274087, 0.000699709693436, -0.000399433803977, -0.000566089525819, 0.000689605658408, -0.0014907787554, 0.000145544356201, -0.000518469838426, 0.000607470108662, -0.000716466922313, 0.000401703378884, -0.000190431281226], [-0.000169840510353, 0.000699709693436, 0.00324007705785, 0.00138934666757, -0.000886360125151, -0.00140967778862, 0.00066326581873, 2.27494874707e-005, -0.00117396516725, 0.00167549576145, -0.0022293322254, -0.0001289126958, -0.0021963652689], [-0.00107825850137, -0.000399433803977, 0.00138934666757, 0.00625673448667, -0.00270991004072, -0.00156518549193, 0.000646845262963, 0.00146237248555, 0.000127299004816, -0.00136862287764, -0.000542816647794, -0.00112562265713, -0.0015653547598], [0.000636865035631, -0.000566089525819, -0.000886360125151, -0.00270991004072, 0.00985831115395, -0.0055263354443, 0.000219219262362, 0.000174440210685, 0.0012852732325, -0.000407418730902, -7.17767616152e-005, -0.00044454698218, 0.000603644468356], [-0.000836799212266, 0.000689605658408, -0.00140967778862, -0.00156518549193, -0.0055263354443, 0.0132697885856, -0.00583667727187, 0.00116388231982, -0.00105056748725, 0.000493286002893, -0.00209899409674, 0.00244038365781, -0.00152013450861], [0.000195803266251, -0.0014907787554, 0.00066326581873, 0.000646845262963, 0.000219219262362, -0.00583667727187, 0.0182319078594, -0.00672380113974, 0.000152439301019, -0.00535430246964, 0.000396123999963, 0.00144202332012, 0.00101448583882], [-0.000774784886744, 0.000145544356201, 2.27494874707e-005, 0.00146237248555, 0.000174440210685, 0.00116388231982, -0.00672380113974, 0.0175319481641, -0.0102192740887, 0.00298872496933, -0.00252355821431, 0.000446283316705, -0.00211564591154], [0.000112619534775, -0.000518469838426, -0.00117396516725, 0.000127299004816, 0.0012852732325, -0.00105056748725, 0.000152439301019, -0.0102192740887, 0.0216506272554, -0.00942639168352, 0.00472234608606, -0.00544093130156, 0.00196785689332], [-0.000213363702642, 0.000607470108662, 0.00167549576145, -0.00136862287764, -0.000407418730902, 0.000493286002893, -0.00535430246964, 0.00298872496933, -0.00942639168352, 0.0283654034138, -0.0165134184062, 0.0048835943453, -0.00344887538813], [2.04807179216e-006, -0.000716466922313, -0.0022293322254, -0.000542816647794, -7.17767616152e-005, -0.00209899409674, 0.000396123999963, -0.00252355821431, 0.00472234608606, -0.0165134184062, 0.0333119370043, -0.0172802079469, 0.00804653763771], [0.000478837027913, 0.000401703378884, -0.0001289126958, -0.00112562265713, -0.00044454698218, 0.00244038365781, 0.00144202332012, 0.000446283316705, -0.00544093130156, 0.0048835943453, -0.0172802079469, 0.0324607491493, -0.0133214788511], [0.00105815730058, -0.000190431281226, -0.0021963652689, -0.0015653547598, 0.000603644468356, -0.00152013450861, 0.00101448583882, -0.00211564591154, 0.00196785689332, -0.00344887538813, 0.00804653763771, -0.0133214788511, 0.0179951637983]]
    },
    "spectral_contrast_coeffs": {
        "mean": [-0.634701967239, -0.657247662544, -0.73833835125, -0.765259683132, -0.792552947998, -0.773242890835],
        "var": [0.0119325295091, 0.00635980209336, 0.00685726152733, 0.00224709580652, 0.00161647831555, 0.00198111799546]
    },
    "spectral_contrast_valleys": {
        "mean": [-7.65053367615, -6.60236883163, -7.64203596115, -8.36362361908, -8.977394104, -12.0918645859],
        "var": [1.92676818371, 1.02363991737, 0.997219920158, 1.32977163792, 1.93576204777, 3.21866154671]
    }
},
"metadata": {
    "audio_properties": {
        "analysis_sample_rate": 44100,
        "bit_rate": 107481,
        "equal_loudness": 0,
        "length": 45.0873451233,
        "lossless": 0,
        "replay_gain": -4.1702041626,
        "sample_rate": 44100,
        "codec": "mp3",
        "downmix": "mix",
        "md5_encoded": "04f92b84fe3e7b338a971a43dcbb4a37"
    },
    "tags": {
        "file_name": "207.mp3"
    },
    "version": {
        "essentia": "2.1-beta2",
        "essentia_git_sha": "v2.1_beta2",
        "extractor": "music 1.0"
    }
},
"rhythm": {
    "beats_count": 89,
    "beats_loudness": {
        "mean": 0.0575208924711,
        "var": 0.00138401426375
    },
    "bpm": 119.944625854,
    "bpm_histogram_first_peak_bpm": {
        "mean": 120,
        "var": 0
    },
    "bpm_histogram_first_peak_spread": {
        "mean": 0.252873569727,
        "var": 0
    },
    "bpm_histogram_first_peak_weight": {
        "mean": 0.738636374474,
        "var": 0
    },
    "bpm_histogram_second_peak_bpm": {
        "mean": 108,
        "var": 0
    },
    "bpm_histogram_second_peak_spread": {
        "mean": 0,
        "var": 0
    },
    "bpm_histogram_second_peak_weight": {
        "mean": 0.0113636367023,
        "var": 0
    },
    "danceability": 1.10743772984,
    "onset_rate": 5.98606395721,
    "beats_loudness_band_ratio": {
        "mean": [0.428725540638, 0.300009727478, 0.134418874979, 0.135576412082, 0.0239684451371, 0.0152779482305],
        "var": [0.118957839906, 0.0520071089268, 0.0187675878406, 0.0355453640223, 0.00178535515442, 0.000903974752873]
    },
    "beats_position": [0.53405892849, 1.09133780003, 1.60217678547, 2.10140585899, 2.60063481331, 3.11147379875, 3.59909296036, 4.1099319458, 4.59755086899, 5.10838985443, 5.59600877762, 6.10684776306, 6.59446716309, 7.10530614853, 7.59292507172, 8.10376358032, 8.6146030426, 9.11383247375, 9.61306095123, 10.1239004135, 10.6115188599, 11.110748291, 11.6099767685, 12.1208162308, 12.6200447083, 13.1192741394, 13.6185035706, 14.117732048, 14.6169614792, 15.1161899567, 15.6154193878, 16.114648819, 16.6254863739, 17.1247158051, 17.6239452362, 18.1115646362, 18.6107940674, 19.1100215912, 19.6092510223, 20.1200904846, 20.6193199158, 21.1185474396, 21.6177768707, 22.1170063019, 22.616235733, 23.1154651642, 23.614692688, 24.1139221191, 24.6131515503, 25.1123809814, 25.6116104126, 26.1108379364, 26.6100673676, 27.1092967987, 27.6085262299, 28.1077537537, 28.6069831848, 29.1178226471, 29.6170520782, 30.1162815094, 30.6155090332, 31.1147384644, 31.6139678955, 32.1131973267, 32.6124267578, 33.111656189, 33.6108856201, 34.1101112366, 34.6093406677, 35.1085700989, 35.60779953, 36.118637085, 36.6178665161, 37.1170959473, 37.6163253784, 38.1155548096, 38.6147842407, 39.1140136719, 39.613243103, 40.1124725342, 40.6116981506, 41.1109275818, 41.6101570129, 42.1093864441, 42.6086158752, 43.1194534302, 43.6186828613, 44.1179122925, 44.6171417236]
},
"tonal": {
    "chords_changes_rate": 0.0174897126853,
    "chords_number_rate": 0.00617283955216,
    "chords_strength": {
        "mean": 0.491170108318,
        "var": 0.00358850345947
    },
    "hpcp_entropy": {
        "mean": 1.6371679306,
        "var": 0.58073335886
    },
    "key_strength": 0.688740491867,
    "tuning_diatonic_strength": 0.469813555479,
    "tuning_equal_tempered_deviation": 0.223351344466,
    "tuning_frequency": 434.193115234,
    "tuning_nontempered_energy_ratio": 0.988986670971,
    "hpcp": {
        "mean": [0.0352847501636, 0.0394551716745, 0.056987721473, 0.189019888639, 0.250027805567, 0.12309089303, 0.0947510451078, 0.119707971811, 0.0661258250475, 0.0205508116633, 0.0105056287721, 0.0127051714808, 0.0530887283385, 0.0695091709495, 0.0307468734682, 0.0174340177327, 0.0204315874726, 0.0786525383592, 0.516557633877, 0.632149577141, 0.196449220181, 0.0151742780581, 0.00653546489775, 0.0794469043612, 0.179011151195, 0.120414301753, 0.0406529158354, 0.132687166333, 0.171854540706, 0.0719579234719, 0.0233908593655, 0.0188539326191, 0.0349270887673, 0.15446151793, 0.190269500017, 0.0823270902038],
        "var": [0.0169711597264, 0.021287670359, 0.0279796440154, 0.0558538101614, 0.0929115414619, 0.0276991613209, 0.0436781868339, 0.0712064355612, 0.0267622321844, 0.00767565751448, 0.00205271271989, 0.00106142705772, 0.0160988457501, 0.0325533114374, 0.00647197617218, 0.00145808467641, 0.00173726375215, 0.00825688242912, 0.11331140995, 0.161081507802, 0.0222503785044, 0.00129108608235, 0.000265565875452, 0.0254255458713, 0.103224985301, 0.0402486585081, 0.00603860197589, 0.041891168803, 0.0628227442503, 0.0121494280174, 0.00324184796773, 0.00329597783275, 0.00839091558009, 0.0669710189104, 0.0965435802937, 0.028605915606]
    },
    "chords_histogram": [67.9012374878, 0, 0, 9.97942352295, 0, 2.88065838814, 0, 3.70370364189, 0, 0, 0, 0, 0, 0, 0, 0, 0, 0, 0, 0, 0, 0, 3.90946507454, 11.6255140305],
    "thpcp": [1, 0.310763835907, 0.0240042526275, 0.0103384787217, 0.125677376986, 0.283178478479, 0.190483883023, 0.0643090158701, 0.209898367524, 0.271857410669, 0.113830536604, 0.0370020978153, 0.0298251137137, 0.0552513040602, 0.244343310595, 0.30098810792, 0.130233556032, 0.0558170899749, 0.0624142959714, 0.0901491120458, 0.299011319876, 0.39552000165, 0.194717988372, 0.14988707006, 0.189366534352, 0.104604713619, 0.0325094126165, 0.0166188962758, 0.020098362118, 0.0839812755585, 0.109956838191, 0.0486386045814, 0.0275789443403, 0.0323208123446, 0.124420769513, 0.817144632339],
    "chords_key": "D#",
    "chords_scale": "minor",
    "key_key": "D#",
    "key_scale": "minor"
}
}