{
"lowlevel": {
    "average_loudness": 0.964335083961,
    "barkbands_crest": {
        "mean": 10.7377281189,
        "var": 20.8541374207
    },
    "barkbands_flatness_db": {
        "mean": 0.218510806561,
        "var": 0.0137120513245
    },
    "barkbands_kurtosis": {
        "mean": 25.4486961365,
        "var": 3235.01171875
    },
    "barkbands_skewness": {
        "mean": 2.54914617538,
        "var": 7.9724984169
    },
    "barkbands_spread": {
        "mean": 15.0329618454,
        "var": 221.991958618
    },
    "dissonance": {
        "mean": 0.440155118704,
        "var": 0.00228390516713
    },
    "dynamic_complexity": 3.55419158936,
    "erbbands_crest": {
        "mean": 11.2606754303,
        "var": 28.5633068085
    },
    "erbbands_flatness_db": {
        "mean": 0.185588017106,
        "var": 0.00458034081385
    },
    "erbbands_kurtosis": {
        "mean": 2.47370862961,
        "var": 15.4334316254
    },
    "erbbands_skewness": {
        "mean": 0.51084291935,
        "var": 1.50603687763
    },
    "erbbands_spread": {
        "mean": 33.4167900085,
        "var": 573.043273926
    },
    "hfc": {
        "mean": 16.6259803772,
        "var": 400.64743042
    },
    "melbands_crest": {
        "mean": 17.3006725311,
        "var": 98.0671615601
    },
    "melbands_flatness_db": {
        "mean": 0.290415853262,
        "var": 0.0193901583552
    },
    "melbands_kurtosis": {
        "mean": 71.1267242432,
        "var": 44035.6757813
    },
    "melbands_skewness": {
        "mean": 4.08163452148,
        "var": 22.2645359039
    },
    "melbands_spread": {
        "mean": 17.4635658264,
        "var": 322.248931885
    },
    "pitch_salience": {
        "mean": 0.482709407806,
        "var": 0.0416580177844
    },
    "silence_rate_20dB": {
        "mean": 0.903242409229,
        "var": 0.08739656955
    },
    "silence_rate_30dB": {
        "mean": 0.804426133633,
        "var": 0.157323673368
    },
    "silence_rate_60dB": {
        "mean": 0.111168295145,
        "var": 0.0988109707832
    },
    "spectral_centroid": {
        "mean": 855.526733398,
        "var": 408024.375
    },
    "spectral_complexity": {
        "mean": 12.651055336,
        "var": 76.5927886963
    },
    "spectral_decrease": {
        "mean": -2.10579695903e-008,
        "var": 1.53295429871e-015
    },
    "spectral_energy": {
        "mean": 0.0809856131673,
        "var": 0.0219979099929
    },
    "spectral_energyband_high": {
        "mean": 0.000682463054545,
        "var": 2.99547582472e-006
    },
    "spectral_energyband_low": {
        "mean": 0.0638549923897,
        "var": 0.0200589913875
    },
    "spectral_energyband_middle_high": {
        "mean": 0.00355433160439,
        "var": 2.4758042855e-005
    },
    "spectral_energyband_middle_low": {
        "mean": 0.010100456886,
        "var": 0.000197919143829
    },
    "spectral_entropy": {
        "mean": 7.11503314972,
        "var": 0.577853083611
    },
    "spectral_flux": {
        "mean": 0.121527984738,
        "var": 0.0234701503068
    },
    "spectral_kurtosis": {
        "mean": 10.9918727875,
        "var": 407.722045898
    },
    "spectral_rms": {
        "mean": 0.00633345451206,
        "var": 3.8897687773e-005
    },
    "spectral_rolloff": {
        "mean": 1227.63391113,
        "var": 3055074
    },
    "spectral_skewness": {
        "mean": 2.31158423424,
        "var": 1.59328424931
    },
    "spectral_spread": {
        "mean": 4839690.5,
        "var": 6.41389874381e+012
    },
    "spectral_strongpeak": {
        "mean": 0.865709960461,
        "var": 1.45072460175
    },
    "zerocrossingrate": {
        "mean": 0.0457227751613,
        "var": 0.00156518560834
    },
    "barkbands": {
        "mean": [0.0235251970589, 0.0371970459819, 0.00595092680305, 0.00309204612859, 0.00360430777073, 0.00164818356279, 0.000628709851298, 0.000536151404958, 0.000541979155969, 0.000413046625908, 0.000598500075284, 0.000391278066672, 0.000381716206903, 0.000299364619423, 0.000561175867915, 0.000597516307607, 0.000161525880685, 7.4781535659e-005, 7.04864796717e-005, 6.40713915345e-005, 9.48057204369e-005, 0.00014636675769, 0.000140744421515, 0.000133120425744, 9.6500662039e-005, 3.5347584344e-005, 6.45364707452e-007],
        "var": [0.00355395069346, 0.0090422835201, 0.000748633581679, 5.02982911712e-005, 2.84443867713e-005, 7.63601656217e-006, 1.19136882404e-006, 1.01398393326e-006, 1.1074170061e-006, 1.70859277659e-006, 1.25766689507e-006, 7.52488233502e-007, 5.04752961206e-007, 5.57213866159e-007, 1.27839416564e-006, 1.70445173353e-006, 9.79679199986e-008, 1.40863409825e-008, 1.81325017223e-008, 2.02972678665e-008, 5.97436269345e-008, 1.79859327432e-007, 1.85839169831e-007, 1.70760586116e-007, 6.99770339452e-008, 1.02135571112e-008, 7.11138786746e-012]
    },
    "erbbands": {
        "mean": [2.23153185844, 3.97714567184, 7.01511669159, 8.4765586853, 12.6859788895, 11.1381454468, 10.2930612564, 15.174577713, 10.9340248108, 11.1223583221, 8.17383098602, 14.8928413391, 6.27627706528, 16.5004310608, 30.5203895569, 18.6408576965, 20.0755157471, 16.294172287, 17.3501605988, 47.0461349487, 21.0568084717, 7.72023820877, 4.43679523468, 3.95907616615, 3.23744225502, 3.08320951462, 3.51607346535, 4.19995355606, 5.37512159348, 4.4345664978, 4.00817346573, 3.04185318947, 2.01267075539, 1.05217123032, 0.684529006481, 0.241721048951, 0.0540438219905, 0.00476005161181, 0.000157541013323, 9.5565985248e-005],
        "var": [33.8984184265, 175.30229187, 1022.00982666, 703.639404297, 484.951171875, 264.308898926, 252.497848511, 670.108459473, 321.920928955, 373.477325439, 243.466033936, 860.821716309, 104.921447754, 2440.82177734, 2906.94213867, 1834.33508301, 1335.80639648, 1499.90087891, 986.803161621, 11312.1738281, 1842.39819336, 183.925079346, 48.3156242371, 42.6041755676, 39.5586776733, 46.1362838745, 76.3521957397, 132.421218872, 250.797225952, 160.638320923, 154.350570679, 90.9919281006, 36.2455329895, 7.37736177444, 3.9769616127, 0.532579302788, 0.0225868299603, 0.000165671081049, 1.24230879806e-007, 2.56792205278e-008]
    },
    "gfcc": {
        "mean": [-58.2619934082, 109.300979614, -95.3710021973, 18.288356781, -55.1204414368, 17.767534256, -47.860370636, -3.0974946022, -30.833152771, -2.70460915565, -15.3760671616, -2.50964927673, -8.76685142517],
        "cov": [[11949.2666016, -3822.60913086, -701.341308594, 833.728942871, -728.883300781, 713.490478516, -793.794677734, 744.2265625, -83.0334701538, 603.646179199, -635.099182129, 478.479919434, -234.151733398], [-3822.60913086, 2835.20849609, 167.742034912, -407.842224121, 753.887939453, -532.135253906, 574.01940918, -280.902252197, 277.760467529, -203.351547241, 382.914733887, -231.691131592, 230.87840271], [-701.341308594, 167.742034912, 1405.57861328, 376.085693359, 53.5064125061, 276.522277832, 310.568664551, 303.497283936, 266.129852295, 151.469619751, 238.610122681, 6.93096065521, 90.7471847534], [833.728942871, -407.842224121, 376.085693359, 530.038146973, -55.0279388428, 171.492904663, 26.1664047241, 124.865737915, 101.520103455, 56.3885192871, 30.6199913025, 12.2087507248, 33.6402015686], [-728.883300781, 753.887939453, 53.5064125061, -55.0279388428, 858.933898926, -40.0578155518, 231.201766968, -31.9991283417, 186.151519775, 5.88644599915, 172.476776123, 73.5318908691, 176.850097656], [713.490478516, -532.135253906, 276.522277832, 171.492904663, -40.0578155518, 439.249908447, 3.39276790619, 169.866195679, 40.5922889709, 73.5401763916, 72.4105148315, 52.9921417236, 33.3904647827], [-793.794677734, 574.01940918, 310.568664551, 26.1664047241, 231.201766968, 3.39276790619, 370.278656006, 63.7675590515, 170.393798828, 22.4409065247, 166.160507202, -23.7081489563, 94.3283691406], [744.2265625, -280.902252197, 303.497283936, 124.865737915, -31.9991283417, 169.866195679, 63.7675590515, 311.27130127, 158.23815918, 140.211303711, 54.1258544922, 67.9481048584, 31.7842445374], [-83.0334701538, 277.760467529, 266.129852295, 101.520103455, 186.151519775, 40.5922889709, 170.393798828, 158.23815918, 264.930389404, 113.214317322, 151.349075317, 17.1316013336, 91.009262085], [603.646179199, -203.351547241, 151.469619751, 56.3885192871, 5.88644599915, 73.5401763916, 22.4409065247, 140.211303711, 113.214317322, 205.51260376, 34.7279930115, 68.0057144165, -17.3823490143], [-635.099182129, 382.914733887, 238.610122681, 30.6199913025, 172.476776123, 72.4105148315, 166.160507202, 54.1258544922, 151.349075317, 34.7279930115, 223.827896118, 7.7544708252, 107.12474823], [478.479919434, -231.691131592, 6.93096065521, 12.2087507248, 73.5318908691, 52.9921417236, -23.7081489563, 67.9481048584, 17.1316013336, 68.0057144165, 7.7544708252, 120.750717163, 28.224237442], [-234.151733398, 230.87840271, 90.7471847534, 33.6402015686, 176.850097656, 33.3904647827, 94.3283691406, 31.7842445374, 91.009262085, -17.3823490143, 107.12474823, 28.224237442, 144.251602173]],
        "icov": [[0.000253030011663, -1.37645020004e-005, 0.00029912518221, -0.000414187903516, 3.96731884393e-005, -0.000252612633631, 0.00010546590056, -0.000445228506578, 8.67959097377e-005, -0.000542665540706, 0.00068248482421, -0.000355478783604, -0.000177291090949], [-1.37645020004e-005, 0.00235967338085, -0.000492158345878, 0.00142765894998, -0.000999498763122, 0.00221241009422, -0.00105272734072, 0.000813002057839, -0.000941078120377, 0.000834117352497, -0.00230284593999, 0.0034549580887, -0.000871476659086], [0.00029912518221, -0.000492158345878, 0.00183426658623, -0.0014890084276, 0.000279061176116, -0.000889987044502, -0.000439239345724, -0.00157426286023, 0.000781891343649, -0.00112286640797, 0.000258641201071, -0.000621303392109, 0.000265449605649], [-0.000414187903516, 0.00142765894998, -0.0014890084276, 0.00436787726358, -0.000274817313766, 0.000757951871492, -0.000397069059545, 0.00192537892144, -0.00269604451023, 0.00179211446084, -0.000947226420976, 0.00233729137108, -0.000879302679095], [3.96731884393e-005, -0.000999498763122, 0.000279061176116, -0.000274817313766, 0.00270653096959, -0.00122029124759, -0.000402999285143, 0.00135384011082, -0.00184484710917, 0.000190280276001, 0.00154570001177, -0.00378912361339, -0.000737457943615], [-0.000252612633631, 0.00221241009422, -0.000889987044502, 0.000757951871492, -0.00122029124759, 0.00625666324049, -0.000490702455863, -0.00143673329148, 0.00212644133717, 0.000516393978614, -0.00515536637977, 0.00392603781074, -0.00110171828419], [0.00010546590056, -0.00105272734072, -0.000439239345724, -0.000397069059545, -0.000402999285143, -0.000490702455863, 0.00601916015148, -0.00110121653415, -0.000692269764841, -0.000208155543078, -0.000598472077399, 0.000151630752953, -3.42492421623e-005], [-0.000445228506578, 0.000813002057839, -0.00157426286023, 0.00192537892144, 0.00135384011082, -0.00143673329148, -0.00110121653415, 0.0107597121969, -0.00758192129433, 0.000742275093216, 0.0016401775647, -0.00262428051792, -0.000292132026516], [8.67959097377e-005, -0.000941078120377, 0.000781891343649, -0.00269604451023, -0.00184484710917, 0.00212644133717, -0.000692269764841, -0.00758192129433, 0.0181961748749, -0.0079356636852, -0.0047071701847, 0.00560821266845, -0.00436120014638], [-0.000542665540706, 0.000834117352497, -0.00112286640797, 0.00179211446084, 0.000190280276001, 0.000516393978614, -0.000208155543078, 0.000742275093216, -0.0079356636852, 0.0142377587035, -0.00254662218504, -0.0056274314411, 0.00740687455982], [0.00068248482421, -0.00230284593999, 0.000258641201071, -0.000947226420976, 0.00154570001177, -0.00515536637977, -0.000598472077399, 0.0016401775647, -0.0047071701847, -0.00254662218504, 0.0166789386421, -0.00464720278978, -0.00463394029066], [-0.000355478783604, 0.0034549580887, -0.000621303392109, 0.00233729137108, -0.00378912361339, 0.00392603781074, 0.000151630752953, -0.00262428051792, 0.00560821266845, -0.0056274314411, -0.00464720278978, 0.0225708875805, -0.00722672836855], [-0.000177291090949, -0.000871476659086, 0.000265449605649, -0.000879302679095, -0.000737457943615, -0.00110171828419, -3.42492421623e-005, -0.000292132026516, -0.00436120014638, 0.00740687455982, -0.00463394029066, -0.00722672836855, 0.0178226269782]]
    },
    "melbands": {
        "mean": [0.0159280523658, 0.00406355736777, 0.00168707256671, 0.000876244157553, 0.000410063104937, 0.000328983733198, 0.000154972760356, 0.000125875347294, 6.9197601988e-005, 8.75314726727e-005, 2.93557022815e-005, 6.57518539811e-005, 8.80198786035e-005, 6.40224025119e-005, 4.33112254541e-005, 3.15329634759e-005, 3.26407425746e-005, 2.3073531338e-005, 4.66024066554e-005, 6.04600281804e-005, 1.87177138287e-005, 8.77398724697e-006, 4.46911326435e-006, 3.73313878299e-006, 3.15117790706e-006, 2.49165532296e-006, 2.10679445445e-006, 2.00136037165e-006, 2.16411422116e-006, 2.19732714868e-006, 2.50611651609e-006, 3.13313057632e-006, 2.77356684819e-006, 2.38896291194e-006, 2.44518605541e-006, 1.95391999114e-006, 1.79576431947e-006, 1.5528142967e-006, 1.07253936221e-006, 8.05743468391e-007],
        "var": [0.00151822518092, 0.00027344742557, 1.99382830033e-005, 1.6702629182e-006, 3.88978321553e-007, 3.09844381263e-007, 6.83812473312e-008, 5.19282252753e-008, 1.75847709727e-008, 3.15859089994e-008, 2.84587331478e-009, 4.69793342006e-008, 2.55092746926e-008, 1.31105659662e-008, 6.07127237373e-009, 3.28163385355e-009, 7.56832818638e-009, 1.84787163349e-009, 8.92974139077e-009, 1.8198244689e-008, 1.40318756614e-009, 2.76680178768e-010, 5.29605560795e-011, 3.69928046529e-011, 2.9806754287e-011, 2.87657224429e-011, 2.0133885878e-011, 2.15832456074e-011, 2.77796709247e-011, 3.46540712792e-011, 4.92698000454e-011, 8.55509968423e-011, 7.07749484019e-011, 5.11763131872e-011, 6.06407493664e-011, 3.29116837949e-011, 3.4545061256e-011, 2.37680500281e-011, 8.99253067843e-012, 4.1523971761e-012]
    },
    "mfcc": {
        "mean": [-706.805786133, 139.077972412, 20.648141861, 7.2607293129, 12.8645811081, 9.14672756195, -1.11152875423, -4.15162944794, -7.57547283173, -7.4244351387, -9.32343673706, -2.25937247276, 0.893144845963],
        "cov": [[9856.83886719, -2648.54223633, -1179.0020752, 211.748718262, -15.7031698227, 30.5220279694, -468.588256836, 47.3142356873, 291.079101563, 219.382614136, 15.3924016953, -116.320243835, -22.4236412048], [-2648.54223633, 1952.37670898, 21.6667633057, 51.5898017883, 201.393386841, -47.3755607605, 201.417129517, 33.6009521484, 53.8497810364, 68.2551345825, 119.82698822, 106.275138855, 47.4613037109], [-1179.0020752, 21.6667633057, 1366.58520508, 229.990539551, -33.194480896, 99.2451629639, 197.870330811, 146.650405884, 86.9760742188, 202.75819397, 240.024688721, 157.407455444, 17.0277023315], [211.748718262, 51.5898017883, 229.990539551, 357.312774658, 124.645355225, 58.7715873718, 41.7936210632, 65.702583313, 100.665939331, 103.662628174, 94.5954284668, 64.178527832, 28.1863117218], [-15.7031698227, 201.393386841, -33.194480896, 124.645355225, 418.629302979, 159.231643677, 108.062110901, 98.6161270142, 97.3172454834, 47.6567230225, 32.6489486694, 74.6200485229, 113.145050049], [30.5220279694, -47.3755607605, 99.2451629639, 58.7715873718, 159.231643677, 217.754806519, 113.067611694, 58.9168777466, 34.1496315002, 32.012096405, 37.8473701477, 43.2600021362, 45.4539146423], [-468.588256836, 201.417129517, 197.870330811, 41.7936210632, 108.062110901, 113.067611694, 204.49987793, 118.618682861, 58.8607215881, 51.1930427551, 58.9681472778, 63.6858291626, 51.0208053589], [47.3142356873, 33.6009521484, 146.650405884, 65.702583313, 98.6161270142, 58.9168777466, 118.618682861, 164.09588623, 103.226699829, 70.858039856, 51.0380516052, 56.8180885315, 60.7001991272], [291.079101563, 53.8497810364, 86.9760742188, 100.665939331, 97.3172454834, 34.1496315002, 58.8607215881, 103.226699829, 155.486633301, 109.54850769, 79.722618103, 57.1925086975, 51.1388626099], [219.382614136, 68.2551345825, 202.75819397, 103.662628174, 47.6567230225, 32.012096405, 51.1930427551, 70.858039856, 109.54850769, 184.98916626, 162.102859497, 83.1904144287, 24.2108726501], [15.3924016953, 119.82698822, 240.024688721, 94.5954284668, 32.6489486694, 37.8473701477, 58.9681472778, 51.0380516052, 79.722618103, 162.102859497, 215.126312256, 117.097518921, 30.4844837189], [-116.320243835, 106.275138855, 157.407455444, 64.178527832, 74.6200485229, 43.2600021362, 63.6858291626, 56.8180885315, 57.1925086975, 83.1904144287, 117.097518921, 143.169631958, 92.4522781372], [-22.4236412048, 47.4613037109, 17.0277023315, 28.1863117218, 113.145050049, 45.4539146423, 51.0208053589, 60.7001991272, 51.1388626099, 24.2108726501, 30.4844837189, 92.4522781372, 141.561141968]],
        "icov": [[0.000305294815917, 0.00040627582348, 0.000385710620321, -0.000201486705919, 2.5942483262e-005, -0.000103327947727, 0.000386929372326, -0.00023138790857, -0.000418714073021, -0.000492584309541, -0.000141397002153, 4.53990069218e-005, 0.00011437964713], [0.00040627582348, 0.00134474469814, 0.000624120759312, -0.000305051507894, -0.000603673572186, 0.00115014414769, -0.00124471238814, 0.000782139599323, -0.000695298891515, -0.000525546085555, -0.000569272902794, -0.000251139514148, 0.000453268759884], [0.000385710620321, 0.000624120759312, 0.00172134360764, -0.000898385012988, 0.000575662648771, -0.000157186324941, -0.000528247852344, -0.000782296468969, 0.00022796173289, -0.00119200185873, -0.000482435483718, -0.00079098821152, 0.000681859266479], [-0.000201486705919, -0.000305051507894, -0.000898385012988, 0.00433238549158, -0.00115581147838, -0.000293321063509, 0.000895615434274, 0.000223287686822, -0.00162683892995, 7.61939445511e-005, -5.80991263632e-006, -0.000682018173393, 0.000936578144319], [2.5942483262e-005, -0.000603673572186, 0.000575662648771, -0.00115581147838, 0.00531327351928, -0.003566816682, 0.0007830952527, -0.00104831624776, -0.00110340991523, -0.000275381200481, 0.000967393047176, 7.66793018556e-005, -0.00237948447466], [-0.000103327947727, 0.00115014414769, -0.000157186324941, -0.000293321063509, -0.003566816682, 0.0102817388251, -0.00677751610056, 0.00291799823754, 0.000997524824925, 0.000162079057191, -0.00115821522195, 0.000434125540778, -5.87191925661e-006], [0.000386929372326, -0.00124471238814, -0.000528247852344, 0.000895615434274, 0.0007830952527, -0.00677751610056, 0.0165369547904, -0.0104196956381, 0.000968765001744, 0.000848157040309, -0.000764378113672, -0.000825330265798, 0.000630413531326], [-0.00023138790857, 0.000782139599323, -0.000782296468969, 0.000223287686822, -0.00104831624776, 0.00291799823754, -0.0104196956381, 0.0194681845605, -0.00831468403339, -0.000911568233278, 0.00235815695487, -5.96848476562e-005, -0.00224993075244], [-0.000418714073021, -0.000695298891515, 0.00022796173289, -0.00162683892995, -0.00110340991523, 0.000997524824925, 0.000968765001744, -0.00831468403339, 0.0199413429946, -0.00907181855291, 0.0014801423531, 0.00174463156145, -0.00286938995123], [-0.000492584309541, -0.000525546085555, -0.00119200185873, 7.61939445511e-005, -0.000275381200481, 0.000162079057191, 0.000848157040309, -0.000911568233278, -0.00907181855291, 0.0254519078881, -0.0153474891558, 0.00170081248507, 0.00159805489238], [-0.000141397002153, -0.000569272902794, -0.000482435483718, -5.80991263632e-006, 0.000967393047176, -0.00115821522195, -0.000764378113672, 0.00235815695487, 0.0014801423531, -0.0153474891558, 0.0229813810438, -0.0137408785522, 0.00520593393594], [4.53990069218e-005, -0.000251139514148, -0.00079098821152, -0.000682018173393, 7.66793018556e-005, 0.000434125540778, -0.000825330265798, -5.96848476562e-005, 0.00174463156145, 0.00170081248507, -0.0137408785522, 0.0286258272827, -0.0162126626819], [0.00011437964713, 0.000453268759884, 0.000681859266479, 0.000936578144319, -0.00237948447466, -5.87191925661e-006, 0.000630413531326, -0.00224993075244, -0.00286938995123, 0.00159805489238, 0.00520593393594, -0.0162126626819, 0.0195335261524]]
    },
    "spectral_contrast_coeffs": {
        "mean": [-0.587671399117, -0.714381694794, -0.745546996593, -0.777883589268, -0.812170445919, -0.797943294048],
        "var": [0.0168156214058, 0.00492764823139, 0.00541610410437, 0.00445050699636, 0.00187129387632, 0.00203875894658]
    },
    "spectral_contrast_valleys": {
        "mean": [-7.7511677742, -7.23087501526, -7.89727258682, -8.31816864014, -8.62092971802, -10.8050889969],
        "var": [2.48592305183, 1.25753879547, 1.2991720438, 1.8635314703, 2.1917450428, 3.13847231865]
    }
},
"metadata": {
    "audio_properties": {
        "analysis_sample_rate": 44100,
        "bit_rate": 107646,
        "equal_loudness": 0,
        "length": 45.0873451233,
        "lossless": 0,
        "replay_gain": -10.1049232483,
        "sample_rate": 44100,
        "codec": "mp3",
        "downmix": "mix",
        "md5_encoded": "422d36f1abe02f02972f9db63a027612"
    },
    "tags": {
        "file_name": "208.mp3"
    },
    "version": {
        "essentia": "2.1-beta2",
        "essentia_git_sha": "v2.1_beta2",
        "extractor": "music 1.0"
    }
},
"rhythm": {
    "beats_count": 93,
    "beats_loudness": {
        "mean": 0.250661104918,
        "var": 0.0485051609576
    },
    "bpm": 124.047203064,
    "bpm_histogram_first_peak_bpm": {
        "mean": 123,
        "var": 0
    },
    "bpm_histogram_first_peak_spread": {
        "mean": 0.333333313465,
        "var": 0
    },
    "bpm_histogram_first_peak_weight": {
        "mean": 0.652173936367,
        "var": 0
    },
    "bpm_histogram_second_peak_bpm": {
        "mean": 136,
        "var": 0
    },
    "bpm_histogram_second_peak_spread": {
        "mean": 0.5,
        "var": 0
    },
    "bpm_histogram_second_peak_weight": {
        "mean": 0.0108695654199,
        "var": 0
    },
    "danceability": 1.78491389751,
    "onset_rate": 4.72233963013,
    "beats_loudness_band_ratio": {
        "mean": [0.761300206184, 0.15742713213, 0.0314877480268, 0.0304925981909, 0.0332097224891, 0.0648365616798],
        "var": [0.0627132877707, 0.0275131426752, 0.00280628912151, 0.00305447680876, 0.0044654943049, 0.00626545958221]
    },
    "beats_position": [0.406349211931, 0.835918366909, 1.27709746361, 1.764716506, 2.2523355484, 2.72834467888, 3.20435357094, 3.69197273254, 4.17959165573, 4.66721057892, 5.15482997894, 5.630838871, 6.10684776306, 6.59446716309, 7.08208608627, 7.56970500946, 8.05732440948, 8.53333282471, 9.0093421936, 9.49696159363, 9.98458003998, 10.47219944, 10.95981884, 11.4358272552, 11.9118366241, 12.3994560242, 12.8870744705, 13.3746938705, 13.8623123169, 14.3383216858, 14.8143310547, 15.301949501, 15.7895689011, 16.2771873474, 16.7648067474, 17.2524261475, 17.7284355164, 18.2044448853, 18.6920623779, 19.179681778, 19.667301178, 20.154920578, 20.6309299469, 21.1069393158, 21.5945568085, 22.0821762085, 22.5697956085, 23.0574150085, 23.5334243774, 24.009431839, 24.497051239, 24.984670639, 25.4722900391, 25.9599094391, 26.4475269318, 26.9235363007, 27.3995456696, 27.8871650696, 28.3747844696, 28.8624038696, 29.3500213623, 29.8260307312, 30.3020401001, 30.7896595001, 31.2772789001, 31.7648983002, 32.2525177002, 32.7285270691, 33.204536438, 33.6921539307, 34.1797714233, 34.6673927307, 35.1550102234, 35.6310195923, 36.1070289612, 36.5946464539, 37.0822677612, 37.5698852539, 38.0575065613, 38.5335159302, 39.0095214844, 39.4971427917, 39.9847602844, 40.4723815918, 40.9599990845, 41.4476165771, 41.923625946, 42.3996353149, 42.8872566223, 43.374874115, 43.8624954224, 44.3385009766, 44.8145103455]
},
"tonal": {
    "chords_changes_rate": 0.0308641977608,
    "chords_number_rate": 0.00617283955216,
    "chords_strength": {
        "mean": 0.609382748604,
        "var": 0.00749236019328
    },
    "hpcp_entropy": {
        "mean": 1.90640056133,
        "var": 0.317385226488
    },
    "key_strength": 0.848604977131,
    "tuning_diatonic_strength": 0.680396080017,
    "tuning_equal_tempered_deviation": 0.18864376843,
    "tuning_frequency": 434.193115234,
    "tuning_nontempered_energy_ratio": 0.924988090992,
    "hpcp": {
        "mean": [0.217799156904, 0.231977790594, 0.0900624245405, 0.030188832432, 0.0265906620771, 0.0225605256855, 0.0536934994161, 0.096649646759, 0.139252394438, 0.350842565298, 0.395943433046, 0.149948954582, 0.0402135811746, 0.036616653204, 0.0317044854164, 0.0674613192677, 0.0805052369833, 0.0381282903254, 0.0198614932597, 0.0235887411982, 0.0761463046074, 0.281761914492, 0.331483870745, 0.273608922958, 0.39919474721, 0.309531420469, 0.0941725745797, 0.049433786422, 0.0530025884509, 0.0748006924987, 0.164721131325, 0.178724244237, 0.0782042518258, 0.0335528291762, 0.0375287123024, 0.0807033106685],
        "var": [0.0898290649056, 0.100514054298, 0.0199852008373, 0.00815381109715, 0.00745088094845, 0.00386686623096, 0.0123278712854, 0.0399827882648, 0.0280631650239, 0.113173700869, 0.132841512561, 0.0278074704111, 0.00718811480328, 0.0110523235053, 0.00689576100558, 0.0265076067299, 0.0410019345582, 0.00787997432053, 0.00352597772144, 0.00634166738018, 0.0168189592659, 0.103338867426, 0.125904232264, 0.0465014614165, 0.183960974216, 0.122011423111, 0.0325318612158, 0.0244882274419, 0.031894877553, 0.0286987870932, 0.0656046196818, 0.0768380388618, 0.0205628741533, 0.0117846718058, 0.0138457147405, 0.0234943181276]
    },
    "chords_histogram": [27.6748962402, 22.6337451935, 32.4074058533, 4.52674913406, 0, 0, 0, 0, 0, 0, 0, 0, 0, 0, 0, 0, 0, 3.39506173134, 0, 0, 0, 0, 0, 9.36213970184],
    "thpcp": [1, 0.775389492512, 0.235906347632, 0.123833760619, 0.132773756981, 0.187378942966, 0.412633508444, 0.447711914778, 0.195905014873, 0.0840512812138, 0.0940110385418, 0.202165260911, 0.545596241951, 0.581114351749, 0.225610241294, 0.0756243243814, 0.0666107535362, 0.0565150864422, 0.134504526854, 0.242111518979, 0.348833233118, 0.878875732422, 0.991855323315, 0.375628590584, 0.100736752152, 0.0917262881994, 0.0794210955501, 0.168993502855, 0.201669082046, 0.0955130085349, 0.0497538931668, 0.0590908117592, 0.190749764442, 0.705825686455, 0.830381333828, 0.685402095318],
    "chords_key": "C",
    "chords_scale": "major",
    "key_key": "F",
    "key_scale": "major"
}
}