{
"lowlevel": {
    "average_loudness": 0.955689072609,
    "barkbands_crest": {
        "mean": 9.60332679749,
        "var": 8.50858592987
    },
    "barkbands_flatness_db": {
        "mean": 0.169946506619,
        "var": 0.00290513085201
    },
    "barkbands_kurtosis": {
        "mean": 5.37508869171,
        "var": 13.2910022736
    },
    "barkbands_skewness": {
        "mean": 1.87754523754,
        "var": 0.402456611395
    },
    "barkbands_spread": {
        "mean": 11.1703805923,
        "var": 44.264957428
    },
    "dissonance": {
        "mean": 0.426905959845,
        "var": 0.00233834376559
    },
    "dynamic_complexity": 1.74152696133,
    "erbbands_crest": {
        "mean": 8.7009344101,
        "var": 10.0346364975
    },
    "erbbands_flatness_db": {
        "mean": 0.192299813032,
        "var": 0.00223148800433
    },
    "erbbands_kurtosis": {
        "mean": 1.2177927494,
        "var": 4.95054149628
    },
    "erbbands_skewness": {
        "mean": 0.916031897068,
        "var": 0.189068928361
    },
    "erbbands_spread": {
        "mean": 27.6899929047,
        "var": 119.568267822
    },
    "hfc": {
        "mean": 16.5201778412,
        "var": 133.886489868
    },
    "melbands_crest": {
        "mean": 13.1109323502,
        "var": 12.0637750626
    },
    "melbands_flatness_db": {
        "mean": 0.235646754503,
        "var": 0.00386923621409
    },
    "melbands_kurtosis": {
        "mean": 9.22903823853,
        "var": 33.7043075562
    },
    "melbands_skewness": {
        "mean": 2.24740386009,
        "var": 0.554260492325
    },
    "melbands_spread": {
        "mean": 12.5521736145,
        "var": 67.8950805664
    },
    "pitch_salience": {
        "mean": 0.605975329876,
        "var": 0.00788762513548
    },
    "silence_rate_20dB": {
        "mean": 1,
        "var": 0
    },
    "silence_rate_30dB": {
        "mean": 0.998970687389,
        "var": 0.00102828780655
    },
    "silence_rate_60dB": {
        "mean": 0.00823468901217,
        "var": 0.00816678069532
    },
    "spectral_centroid": {
        "mean": 769.318908691,
        "var": 256207.125
    },
    "spectral_complexity": {
        "mean": 16.4647445679,
        "var": 26.3278427124
    },
    "spectral_decrease": {
        "mean": -7.21673876214e-009,
        "var": 1.59941856533e-017
    },
    "spectral_energy": {
        "mean": 0.0287360753864,
        "var": 0.000251891586231
    },
    "spectral_energyband_high": {
        "mean": 0.000383385951864,
        "var": 5.21983338331e-007
    },
    "spectral_energyband_low": {
        "mean": 0.00336003955454,
        "var": 1.19726264529e-005
    },
    "spectral_energyband_middle_high": {
        "mean": 0.0036999839358,
        "var": 7.19563104212e-006
    },
    "spectral_energyband_middle_low": {
        "mean": 0.0236506927758,
        "var": 0.000184056232683
    },
    "spectral_entropy": {
        "mean": 6.85661697388,
        "var": 0.21690839529
    },
    "spectral_flux": {
        "mean": 0.0527329556644,
        "var": 0.00109724677168
    },
    "spectral_kurtosis": {
        "mean": 9.68894004822,
        "var": 161.557739258
    },
    "spectral_rms": {
        "mean": 0.00509132537991,
        "var": 2.11360429603e-006
    },
    "spectral_rolloff": {
        "mean": 896.338195801,
        "var": 1081928.875
    },
    "spectral_skewness": {
        "mean": 2.22521567345,
        "var": 0.783308565617
    },
    "spectral_spread": {
        "mean": 3670483.5,
        "var": 3.58834529894e+012
    },
    "spectral_strongpeak": {
        "mean": 1.04937386513,
        "var": 0.344521611929
    },
    "zerocrossingrate": {
        "mean": 0.0417695343494,
        "var": 0.0008279781905
    },
    "barkbands": {
        "mean": [1.07914056571e-005, 0.000358964141924, 0.000798031629529, 0.00347043015063, 0.0061408970505, 0.00690922234207, 0.00266573647968, 0.00107874255627, 0.00253704749048, 0.0011401680531, 0.000826570845675, 0.00105038448237, 0.000389938271837, 0.000194646854652, 7.46746081859e-005, 0.000187030120287, 0.000154620254762, 0.000131472028443, 0.000121533164929, 0.000167735241121, 9.21979954001e-005, 5.58489155082e-005, 6.50318543194e-005, 3.48676694557e-005, 4.63962278445e-005, 3.18686106766e-005, 1.26243435261e-006],
        "var": [3.45489803433e-010, 1.3968717667e-006, 8.4687405888e-007, 1.60650106409e-005, 4.7438123147e-005, 3.8562600821e-005, 7.33674642106e-006, 9.65741378423e-007, 4.94515688843e-006, 1.60619231337e-006, 1.12103771244e-006, 1.1179268995e-006, 1.8636073662e-007, 4.81483439785e-008, 1.62834581374e-008, 4.63817997343e-008, 4.52158879227e-008, 3.70480961465e-008, 2.46871465492e-008, 1.04589481964e-007, 2.58565329148e-008, 1.1691080104e-008, 1.62835611661e-008, 6.23083185047e-009, 7.93021044387e-008, 2.12140101041e-008, 7.92716933762e-011]
    },
    "erbbands": {
        "mean": [0.00376349780709, 0.108799003065, 0.772924184799, 7.74778652191, 10.564245224, 29.6699924469, 58.6430740356, 33.8569145203, 27.9680328369, 32.7605285645, 42.1667251587, 51.6809806824, 53.4727363586, 31.4708080292, 41.4982681274, 28.1074638367, 22.6976585388, 14.2907371521, 3.95310139656, 4.81525182724, 12.4526519775, 8.21907711029, 7.35726261139, 6.03543949127, 8.41969013214, 6.80002737045, 3.64354968071, 3.55808067322, 2.15783596039, 1.78582108021, 1.95129239559, 0.949477314949, 0.488173156977, 0.354924619198, 0.437343984842, 0.218880847096, 0.0392796844244, 0.00511683290824, 0.000163812059327, 3.82364196412e-005],
        "var": [5.16284744663e-005, 0.117868036032, 1.26600313187, 66.0688018799, 277.315216064, 1138.07983398, 2717.09692383, 1632.1998291, 743.469543457, 1055.15014648, 1602.82946777, 3103.97680664, 3631.10253906, 1893.89855957, 2370.42578125, 736.630065918, 491.281707764, 200.694381714, 23.5182971954, 29.069568634, 240.081573486, 81.7608413696, 116.960456848, 44.3383674622, 228.750274658, 122.221954346, 33.1900787354, 43.027053833, 14.4704828262, 11.865026474, 13.7890253067, 5.47122049332, 1.17237102985, 2.26738786697, 9.39805412292, 1.06831371784, 0.0387604646385, 0.000579488230869, 7.81189214649e-007, 1.07498188129e-009]
    },
    "gfcc": {
        "mean": [-13.1165361404, 122.013923645, -123.258216858, 9.92947483063, -80.5198364258, -5.15141630173, -41.6243896484, -4.32038736343, -36.8077316284, -10.4307823181, -18.8970947266, -2.04333949089, -14.0145664215],
        "cov": [[6499.34375, -1648.1932373, -194.537414551, 169.35319519, -512.322875977, 370.428161621, -383.799957275, 361.998016357, -489.475189209, 342.476898193, -326.053985596, 231.878356934, -194.011688232], [-1648.1932373, 1637.74084473, -275.511779785, -62.7545890808, 231.805435181, -248.363189697, 241.194412231, -310.283782959, 294.353515625, -295.362884521, 228.1875, -224.937393188, 145.89704895], [-194.537414551, -275.511779785, 401.252502441, -49.8853492737, 35.5736351013, 38.9601249695, -61.1428184509, 82.4572753906, -83.9862823486, 75.6225814819, -63.2231903076, 57.0147590637, -49.841003418], [169.35319519, -62.7545890808, -49.8853492737, 172.594268799, -12.2734203339, 50.2897109985, 6.7081284523, -14.8995733261, 23.9170322418, -27.9055233002, -6.42243862152, 0.749962210655, 19.6776390076], [-512.322875977, 231.805435181, 35.5736351013, -12.2734203339, 179.543258667, -20.9022407532, 59.4637336731, -35.3238830566, 39.1917648315, -32.8095741272, 22.1549472809, -18.7723655701, 5.14502286911], [370.428161621, -248.363189697, 38.9601249695, 50.2897109985, -20.9022407532, 147.052963257, -27.5862541199, 53.3206253052, -41.4336051941, 34.4588241577, -43.4735488892, 27.1955070496, -20.6101512909], [-383.799957275, 241.194412231, -61.1428184509, 6.7081284523, 59.4637336731, -27.5862541199, 115.839012146, -41.7035331726, 54.7225646973, -45.7286148071, 30.5929260254, -38.7281684875, 19.8572235107], [361.998016357, -310.283782959, 82.4572753906, -14.8995733261, -35.3238830566, 53.3206253052, -41.7035331726, 129.234405518, -55.7466964722, 76.8724975586, -51.1291351318, 41.4772720337, -37.7577667236], [-489.475189209, 294.353515625, -83.9862823486, 23.9170322418, 39.1917648315, -41.4336051941, 54.7225646973, -55.7466964722, 152.106750488, -55.6787910461, 52.7761802673, -38.7008666992, 30.4953079224], [342.476898193, -295.362884521, 75.6225814819, -27.9055233002, -32.8095741272, 34.4588241577, -45.7286148071, 76.8724975586, -55.6787910461, 114.053642273, -32.7307128906, 52.3154144287, -38.9940872192], [-326.053985596, 228.1875, -63.2231903076, -6.42243862152, 22.1549472809, -43.4735488892, 30.5929260254, -51.1291351318, 52.7761802673, -32.7307128906, 102.491691589, -24.2778968811, 27.8569278717], [231.878356934, -224.937393188, 57.0147590637, 0.749962210655, -18.7723655701, 27.1955070496, -38.7281684875, 41.4772720337, -38.7008666992, 52.3154144287, -24.2778968811, 93.0280609131, -5.85295629501], [-194.011688232, 145.89704895, -49.841003418, 19.6776390076, 5.14502286911, -20.6101512909, 19.8572235107, -37.7577667236, 30.4953079224, -38.9940872192, 27.8569278717, -5.85295629501, 89.4921646118]],
        "icov": [[0.000445218087407, -0.000426914310083, 0.000745941128116, -0.000607436522841, 0.00063651194796, -0.000453710497823, 0.000786884920672, -0.000534939405043, 0.00114970188588, -0.000815302424598, 0.000793592596892, -0.000583148445003, 0.000636618467979], [-0.000426914310083, 0.00395315373316, -0.000649948604405, 0.00252753170207, -0.00237231585197, 0.00171434518415, -0.00218416936696, 0.00274608423933, -0.00315737491474, 0.00393259478733, -0.0028311687056, 0.00348381465301, -0.00221496867016], [0.000745941128116, -0.000649948604405, 0.0049548135139, -0.000363584200386, -0.000758485577535, -0.000762327807024, 0.002637373982, -0.0018192747375, 0.00265858671628, -0.00173928262666, 0.0022451847326, -0.00171774672344, 0.00155643001199], [-0.000607436522841, 0.00252753170207, -0.000363584200386, 0.00967615749687, -0.00120820151642, -0.00220170710236, -0.00188886316027, 0.0027842593845, -0.00412172311917, 0.00483494345099, -0.001224122243, 0.00122327753343, -0.00263903941959], [0.00063651194796, -0.00237231585197, -0.000758485577535, -0.00120820151642, 0.00967585109174, -0.00161589402705, -0.00204663048498, -0.000537823420018, 0.00164293823764, -0.00162136391737, 0.00162638654001, -0.0028628425207, 0.00242965249345], [-0.000453710497823, 0.00171434518415, -0.000762327807024, -0.00220170710236, -0.00161589402705, 0.0110577018932, -0.00100655877031, -0.00139229244087, -0.000612720672507, 0.00140947126783, 1.44569492022e-006, 0.00132336956449, -0.00053446018137], [0.000786884920672, -0.00218416936696, 0.002637373982, -0.00188886316027, -0.00204663048498, -0.00100655877031, 0.0156847145408, -0.00211187801324, 0.000978714553639, -0.00157487392426, 0.00194800645113, 0.000376894167857, 0.00106400286313], [-0.000534939405043, 0.00274608423933, -0.0018192747375, 0.0027842593845, -0.000537823420018, -0.00139229244087, -0.00211187801324, 0.0180366709828, -0.00263188406825, -0.00422862637788, 0.00102419499308, 0.00195536809042, -0.000609858485404], [0.00114970188588, -0.00315737491474, 0.00265858671628, -0.00412172311917, 0.00164293823764, -0.000612720672507, 0.000978714553639, -0.00263188406825, 0.0144822383299, -0.00262657506391, 0.000448646809673, -0.00225378898904, 0.00209716032259], [-0.000815302424598, 0.00393259478733, -0.00173928262666, 0.00483494345099, -0.00162136391737, 0.00140947126783, -0.00157487392426, -0.00422862637788, -0.00262657506391, 0.0242125317454, -0.00480663962662, -0.00280849519186, 0.00153023947496], [0.000793592596892, -0.0028311687056, 0.0022451847326, -0.001224122243, 0.00162638654001, 1.44569492022e-006, 0.00194800645113, 0.00102419499308, 0.000448646809673, -0.00480663962662, 0.017194872722, -0.00212917197496, 2.34253311646e-005], [-0.000583148445003, 0.00348381465301, -0.00171774672344, 0.00122327753343, -0.0028628425207, 0.00132336956449, 0.000376894167857, 0.00195536809042, -0.00225378898904, -0.00280849519186, -0.00212917197496, 0.0197326336056, -0.00546113867313], [0.000636618467979, -0.00221496867016, 0.00155643001199, -0.00263903941959, 0.00242965249345, -0.00053446018137, 0.00106400286313, -0.000609858485404, 0.00209716032259, 0.00153023947496, 2.34253311646e-005, -0.00546113867313, 0.0164439231157]]
    },
    "melbands": {
        "mean": [6.65488478262e-005, 0.000292573327897, 0.0012908228673, 0.0014457834186, 0.00178337970283, 0.000886404945049, 0.000506099313498, 0.000297368707834, 0.000403126730816, 0.000337009551004, 0.000245916424319, 0.000109087435703, 0.000120157441415, 0.000110984998173, 5.50170043425e-005, 4.69365804747e-005, 2.38315042225e-005, 4.40126768808e-006, 6.97412497175e-006, 7.98805649538e-006, 1.62069627549e-005, 9.88658575807e-006, 5.83038945479e-006, 6.05644572715e-006, 4.62519119537e-006, 5.41671533938e-006, 7.24531764718e-006, 3.7630229599e-006, 2.25970347856e-006, 1.92765969587e-006, 2.16461671698e-006, 1.1540550986e-006, 1.12215070658e-006, 9.48910212628e-007, 1.26732004446e-006, 7.54406585202e-007, 5.04693957737e-007, 3.45992930306e-007, 2.66129092097e-007, 3.05189786332e-007],
        "var": [3.5227628814e-008, 3.02610033032e-007, 2.33516834669e-006, 3.01280033455e-006, 2.13539101424e-006, 8.28243116757e-007, 2.33494915847e-007, 8.78687629324e-008, 1.63023088362e-007, 1.33925937007e-007, 8.49686117022e-008, 2.79731739994e-008, 1.84273449833e-008, 1.24662928869e-008, 5.28164578739e-009, 2.73014255647e-009, 7.583793038e-010, 3.82393075538e-011, 1.449417808e-010, 8.56550733119e-011, 5.23103727001e-010, 1.4469900278e-010, 5.7287355415e-011, 1.53908150113e-010, 3.02299053845e-011, 6.7685877736e-011, 2.98955082911e-010, 3.81206143041e-011, 1.16530726041e-011, 1.66181114009e-011, 1.74103023665e-011, 5.59195658528e-012, 5.19219606546e-012, 4.16459878735e-012, 5.87640656621e-012, 3.05881947375e-012, 2.16313035192e-012, 6.63177195451e-013, 5.13998349091e-013, 2.435914968e-012]
    },
    "mfcc": {
        "mean": [-655.747436523, 155.096588135, 0.568509459496, 13.3545455933, -21.5366668701, -8.38569927216, -8.75403118134, -0.925948858261, -16.1207866669, -11.3619089127, -11.7116127014, -2.85364294052, -4.10909509659],
        "cov": [[4184.06152344, -1316.38671875, -38.9395294189, -128.265594482, -123.421989441, 20.2370758057, 80.7287063599, -9.07160282135, 31.2974624634, -10.5883369446, -48.7841148376, 13.1740579605, 62.5857696533], [-1316.38671875, 1212.41833496, -171.327255249, 68.7284698486, 22.2117061615, 0.263055562973, -17.927362442, -1.08526480198, -40.4522628784, 14.2039442062, 28.8413486481, -26.0578250885, -27.7692584991], [-38.9395294189, -171.327255249, 272.319213867, -29.010925293, 47.2909545898, -12.0480871201, -0.330989807844, -10.2210111618, 11.2190227509, -7.2216424942, -4.13706827164, 5.83822584152, -14.3884344101], [-128.265594482, 68.7284698486, -29.010925293, 125.39238739, 4.34092330933, 28.1326236725, -8.63768196106, 15.1862688065, 2.8817653656, 2.27091360092, -9.02832794189, 0.494231760502, 10.5762023926], [-123.421989441, 22.2117061615, 47.2909545898, 4.34092330933, 118.536560059, 20.7941226959, 16.4367485046, 1.99159252644, 19.9928779602, -11.6348628998, 9.44139766693, 10.9940547943, -1.79483926296], [20.2370758057, 0.263055562973, -12.0480871201, 28.1326236725, 20.7941226959, 106.878730774, 7.4857544899, 28.0482139587, 23.4205913544, -14.4541797638, -1.7999573946, 5.98331928253, 2.59119176865], [80.7287063599, -17.927362442, -0.330989807844, -8.63768196106, 16.4367485046, 7.4857544899, 103.00894928, 5.95843076706, 0.0823310017586, 4.48489999771, 2.73577523232, -17.9457054138, -11.6402225494], [-9.07160282135, -1.08526480198, -10.2210111618, 15.1862688065, 1.99159252644, 28.0482139587, 5.95843076706, 68.7429885864, 12.5059909821, 6.86798191071, 4.99823617935, 2.10992908478, -0.719598352909], [31.2974624634, -40.4522628784, 11.2190227509, 2.8817653656, 19.9928779602, 23.4205913544, 0.0823310017586, 12.5059909821, 92.8496780396, -12.1553726196, 0.96144503355, 11.7353391647, -0.392677396536], [-10.5883369446, 14.2039442062, -7.2216424942, 2.27091360092, -11.6348628998, -14.4541797638, 4.48489999771, 6.86798191071, -12.1553726196, 90.5136642456, 8.6174659729, -17.032781601, 3.66604280472], [-48.7841148376, 28.8413486481, -4.13706827164, -9.02832794189, 9.44139766693, -1.7999573946, 2.73577523232, 4.99823617935, 0.96144503355, 8.6174659729, 91.2509384155, 5.77414512634, -8.03214931488], [13.1740579605, -26.0578250885, 5.83822584152, 0.494231760502, 10.9940547943, 5.98331928253, -17.9457054138, 2.10992908478, 11.7353391647, -17.032781601, 5.77414512634, 91.775680542, 15.4237251282], [62.5857696533, -27.7692584991, -14.3884344101, 10.5762023926, -1.79483926296, 2.59119176865, -11.6402225494, -0.719598352909, -0.392677396536, 3.66604280472, -8.03214931488, 15.4237251282, 73.3006515503]],
        "icov": [[0.000414435082348, 0.000465954304673, 0.000323191605275, 0.00025616271887, 0.000267432274995, -0.000168561498867, -0.000281150511, 0.00013488822151, -1.75717159436e-005, 3.96816449211e-006, 6.8815490522e-005, -2.99489840927e-007, -0.000174356551724], [0.000465954304673, 0.00152662873734, 0.00105889409315, -0.000173122127308, -0.000287321978249, -5.82995999139e-005, 1.04272021417e-005, 0.00025653251214, 0.000393903435906, -6.56680349493e-005, -0.000169384569745, 0.000223384282435, 0.000352368835593], [0.000323191605275, 0.00105889409315, 0.0049163158983, 0.000759845599532, -0.0020225327462, 0.000524773029611, 0.000378563650884, 0.0004264182935, -2.89523595711e-005, -6.72293608659e-005, 0.000417841947637, 2.33033210861e-006, 0.00102534075268], [0.00025616271887, -0.000173122127308, 0.000759845599532, 0.0093805603683, -0.000229996032431, -0.00217708968557, 0.000706367543899, -0.00116874475498, 0.000112125584565, -0.000446537625976, 0.00110034877434, 0.000187021927559, -0.00121244462207], [0.000267432274995, -0.000287321978249, -0.0020225327462, -0.000229996032431, 0.010719309561, -0.00181581010111, -0.00216933945194, 0.000728329294361, -0.00166737509426, 0.000761835486628, -0.00104434846435, -0.00106741499621, -0.000648564717267], [-0.000168561498867, -5.82995999139e-005, 0.000524773029611, -0.00217708968557, -0.00181581010111, 0.0121778156608, -0.00051328347763, -0.00420845998451, -0.00183474319056, 0.00187746039592, 0.00024102057796, -3.40032079293e-006, -0.000135409616632], [-0.000281150511, 1.04272021417e-005, 0.000378563650884, 0.000706367543899, -0.00216933945194, -0.00051328347763, 0.0109806014225, -0.000888410664629, 0.000420675147325, -0.000460650626337, -9.48559463723e-005, 0.00209242524579, 0.00149104604498], [0.00013488822151, 0.00025653251214, 0.0004264182935, -0.00116874475498, 0.000728329294361, -0.00420845998451, -0.000888410664629, 0.0172387454659, -0.00155111204367, -0.00205682148226, -0.000886523106601, -0.000569713651203, 0.000546401308384], [-1.75717159436e-005, 0.000393903435906, -2.89523595711e-005, 0.000112125584565, -0.00166737509426, -0.00183474319056, 0.000420675147325, -0.00155111204367, 0.0122217889875, 0.000980523996986, -4.33420391346e-005, -0.0008954819059, 0.00041808487731], [3.96816449211e-006, -6.56680349493e-005, -6.72293608659e-005, -0.000446537625976, 0.000761835486628, 0.00187746039592, -0.000460650626337, -0.00205682148226, 0.000980523996986, 0.0123757580295, -0.00137768918648, 0.00221586320549, -0.00134901807178], [6.8815490522e-005, -0.000169384569745, 0.000417841947637, 0.00110034877434, -0.00104434846435, 0.00024102057796, -9.48559463723e-005, -0.000886523106601, -4.33420391346e-005, -0.00137768918648, 0.0116648003459, -0.00118839833885, 0.00133940926753], [-2.99489840927e-007, 0.000223384282435, 2.33033210861e-006, 0.000187021927559, -0.00106741499621, -3.40032079293e-006, 0.00209242524579, -0.000569713651203, -0.0008954819059, 0.00221586320549, -0.00118839833885, 0.0125334979966, -0.00252408254892], [-0.000174356551724, 0.000352368835593, 0.00102534075268, -0.00121244462207, -0.000648564717267, -0.000135409616632, 0.00149104604498, 0.000546401308384, 0.00041808487731, -0.00134901807178, 0.00133940926753, -0.00252408254892, 0.0152796497568]]
    },
    "spectral_contrast_coeffs": {
        "mean": [-0.511881709099, -0.616100490093, -0.679551959038, -0.724668800831, -0.729919373989, -0.693058013916],
        "var": [0.0051032868214, 0.00538589200005, 0.00442575570196, 0.00237719272263, 0.00184112286661, 0.00272757606581]
    },
    "spectral_contrast_valleys": {
        "mean": [-7.94331789017, -6.72565746307, -7.4824886322, -8.39584255219, -8.54872894287, -11.7549772263],
        "var": [1.06410956383, 1.14710557461, 1.28675305843, 1.15547657013, 1.2272465229, 1.67428839207]
    }
},
"metadata": {
    "audio_properties": {
        "analysis_sample_rate": 44100,
        "bit_rate": 108814,
        "equal_loudness": 0,
        "length": 45.0873451233,
        "lossless": 0,
        "replay_gain": -12.704782486,
        "sample_rate": 44100,
        "codec": "mp3",
        "downmix": "mix",
        "md5_encoded": "b9223e4df85e5c0e1a140ef783598457"
    },
    "tags": {
        "file_name": "21.mp3"
    },
    "version": {
        "essentia": "2.1-beta2",
        "essentia_git_sha": "v2.1_beta2",
        "extractor": "music 1.0"
    }
},
"rhythm": {
    "beats_count": 75,
    "beats_loudness": {
        "mean": 0.0356174483895,
        "var": 0.000230414574617
    },
    "bpm": 103.115913391,
    "bpm_histogram_first_peak_bpm": {
        "mean": 103,
        "var": 0
    },
    "bpm_histogram_first_peak_spread": {
        "mean": 0.693877518177,
        "var": 0
    },
    "bpm_histogram_first_peak_weight": {
        "mean": 0.202702701092,
        "var": 0
    },
    "bpm_histogram_second_peak_bpm": {
        "mean": 108,
        "var": 0
    },
    "bpm_histogram_second_peak_spread": {
        "mean": 0,
        "var": 0
    },
    "bpm_histogram_second_peak_weight": {
        "mean": 0.121621623635,
        "var": 0
    },
    "danceability": 1.08542704582,
    "onset_rate": 4.96621608734,
    "beats_loudness_band_ratio": {
        "mean": [0.230768889189, 0.351541727781, 0.271584421396, 0.110544405878, 0.0287984535098, 0.0203503258526],
        "var": [0.0182860381901, 0.027060225606, 0.0116175590083, 0.00356001616456, 0.00185034191236, 0.000266779534286]
    },
    "beats_position": [0.592108845711, 1.18421769142, 1.77632653713, 2.38004541397, 2.99537420273, 3.59909296036, 4.19120168686, 4.78331041336, 5.41024923325, 6.04879808426, 6.68734693527, 7.31428575516, 7.95283412933, 8.59138298035, 9.24154186249, 9.86848068237, 10.47219944, 11.0991382599, 11.7028570175, 12.3065757751, 12.9102945328, 13.5372333527, 14.1641721725, 14.7795009613, 15.3948297501, 16.0217685699, 16.6254863739, 17.2292060852, 17.8329238892, 18.4250335693, 19.0171432495, 19.6092510223, 20.2013607025, 20.7818584442, 21.3623580933, 21.9776859283, 22.5697956085, 23.1735134125, 23.7540130615, 24.3345127106, 24.9034004211, 25.4955101013, 26.076007843, 26.6448974609, 27.2137870789, 27.7942848206, 28.3515644073, 28.932062149, 29.5241718292, 30.0930614471, 30.6735591888, 31.2540588379, 31.8345565796, 32.4150543213, 32.9955558777, 33.5760536194, 34.1797714233, 34.783493042, 35.3872108459, 35.9561004639, 36.5133781433, 37.0706558228, 37.6395454407, 38.1968231201, 38.7541046143, 39.3113822937, 39.8802719116, 40.4491615295, 41.006439209, 41.5637168884, 42.1442184448, 42.713104248, 43.281993866, 43.8392753601, 44.4197731018]
},
"tonal": {
    "chords_changes_rate": 0.0236625522375,
    "chords_number_rate": 0.00411522621289,
    "chords_strength": {
        "mean": 0.517483830452,
        "var": 0.00253078551032
    },
    "hpcp_entropy": {
        "mean": 1.26621747017,
        "var": 0.390984982252
    },
    "key_strength": 0.73059540987,
    "tuning_diatonic_strength": 0.51232367754,
    "tuning_equal_tempered_deviation": 0.0732119679451,
    "tuning_frequency": 436.456176758,
    "tuning_nontempered_energy_ratio": 0.636514127254,
    "hpcp": {
        "mean": [0.0285909846425, 0.0434980355203, 0.283716589212, 0.468473911285, 0.225167140365, 0.0254843775183, 0.0212955418974, 0.0192494094372, 0.0549771338701, 0.0992987379432, 0.0897044539452, 0.073150575161, 0.0489893890917, 0.0163838360459, 0.019106047228, 0.0261905472726, 0.0832281783223, 0.541244029999, 0.793778896332, 0.3428157866, 0.0241001173854, 0.0109178945422, 0.00859160721302, 0.0592912696302, 0.108172297478, 0.0595166273415, 0.0669865757227, 0.125902533531, 0.0904209092259, 0.0979429632425, 0.0965841040015, 0.0287683922797, 0.0184867177159, 0.0248080920428, 0.0178199112415, 0.0167803503573],
        "var": [0.017163509503, 0.0149984918535, 0.0517580397427, 0.120654553175, 0.0365904942155, 0.00650518899783, 0.00985409785062, 0.00334566296078, 0.0168637558818, 0.0650486424565, 0.0295431464911, 0.00996763911098, 0.00800734944642, 0.00339056761004, 0.00142449396662, 0.0054960292764, 0.00828176736832, 0.0613722130656, 0.0879611819983, 0.0301861222833, 0.00290527124889, 0.000989370513707, 0.00129753840156, 0.0115850446746, 0.0304966997355, 0.00911510828882, 0.0218672994524, 0.0767492055893, 0.0260694921017, 0.0121184233576, 0.0121018821374, 0.00213937158696, 0.00392808951437, 0.013010959141, 0.00697513623163, 0.00413671182469]
    },
    "chords_histogram": [27.9835395813, 0, 0, 0, 0, 0, 0, 0, 0, 0, 0.308641970158, 0, 0, 0, 0, 0, 0, 51.5432090759, 0, 0, 0, 0, 5.45267486572, 14.7119340897],
    "thpcp": [1, 0.431878179312, 0.0303612481803, 0.0137543268502, 0.0108236782253, 0.0746949464083, 0.136275097728, 0.0749788507819, 0.0843894630671, 0.158611595631, 0.113911956549, 0.123388215899, 0.121676333249, 0.0362423248589, 0.0232895053923, 0.0312531515956, 0.0224494654685, 0.0211398284882, 0.0360188260674, 0.054798681289, 0.35742521286, 0.59018188715, 0.283664822578, 0.0321051329374, 0.026828052476, 0.0242503415793, 0.0692600086331, 0.125096216798, 0.113009370863, 0.0921548530459, 0.0617166683078, 0.0206403024495, 0.0240697339177, 0.032994762063, 0.104850582778, 0.681857407093],
    "chords_key": "D#",
    "chords_scale": "minor",
    "key_key": "D#",
    "key_scale": "major"
}
}