{
"lowlevel": {
    "average_loudness": 0.918079197407,
    "barkbands_crest": {
        "mean": 9.56776428223,
        "var": 14.2778463364
    },
    "barkbands_flatness_db": {
        "mean": 0.181477665901,
        "var": 0.00262195104733
    },
    "barkbands_kurtosis": {
        "mean": 2.54126930237,
        "var": 19.1305580139
    },
    "barkbands_skewness": {
        "mean": 1.02367663383,
        "var": 0.635474145412
    },
    "barkbands_spread": {
        "mean": 13.9176025391,
        "var": 58.2577972412
    },
    "dissonance": {
        "mean": 0.432794749737,
        "var": 0.0014007515274
    },
    "dynamic_complexity": 3.22544956207,
    "erbbands_crest": {
        "mean": 11.5507192612,
        "var": 22.1333084106
    },
    "erbbands_flatness_db": {
        "mean": 0.229356214404,
        "var": 0.00167350564152
    },
    "erbbands_kurtosis": {
        "mean": 0.997565031052,
        "var": 5.87559318542
    },
    "erbbands_skewness": {
        "mean": 0.67737865448,
        "var": 0.50954836607
    },
    "erbbands_spread": {
        "mean": 22.8005218506,
        "var": 81.1705932617
    },
    "hfc": {
        "mean": 13.1290235519,
        "var": 246.70993042
    },
    "melbands_crest": {
        "mean": 13.4797878265,
        "var": 31.4410591125
    },
    "melbands_flatness_db": {
        "mean": 0.255140274763,
        "var": 0.00435238191858
    },
    "melbands_kurtosis": {
        "mean": 5.80158424377,
        "var": 61.1499252319
    },
    "melbands_skewness": {
        "mean": 1.63512718678,
        "var": 0.992186784744
    },
    "melbands_spread": {
        "mean": 17.0798797607,
        "var": 139.743255615
    },
    "pitch_salience": {
        "mean": 0.545960843563,
        "var": 0.0104911131784
    },
    "silence_rate_20dB": {
        "mean": 1,
        "var": 0
    },
    "silence_rate_30dB": {
        "mean": 0.995365619659,
        "var": 0.00461294129491
    },
    "silence_rate_60dB": {
        "mean": 0.0520082376897,
        "var": 0.0493040904403
    },
    "spectral_centroid": {
        "mean": 981.69317627,
        "var": 326101.875
    },
    "spectral_complexity": {
        "mean": 14.6138000488,
        "var": 27.3307418823
    },
    "spectral_decrease": {
        "mean": -5.3356843388e-009,
        "var": 2.1590130326e-017
    },
    "spectral_energy": {
        "mean": 0.0213289372623,
        "var": 0.000347743422026
    },
    "spectral_energyband_high": {
        "mean": 0.000178652175236,
        "var": 1.26324277971e-006
    },
    "spectral_energyband_low": {
        "mean": 0.00448874151334,
        "var": 5.92145515839e-005
    },
    "spectral_energyband_middle_high": {
        "mean": 0.00429836148396,
        "var": 4.27781706094e-005
    },
    "spectral_energyband_middle_low": {
        "mean": 0.0127953998744,
        "var": 0.000168872385984
    },
    "spectral_entropy": {
        "mean": 6.81371212006,
        "var": 0.109605006874
    },
    "spectral_flux": {
        "mean": 0.0569185987115,
        "var": 0.000827655952889
    },
    "spectral_kurtosis": {
        "mean": 11.451461792,
        "var": 68.7239456177
    },
    "spectral_rms": {
        "mean": 0.00420581037179,
        "var": 3.11989447255e-006
    },
    "spectral_rolloff": {
        "mean": 1017.70587158,
        "var": 964583.9375
    },
    "spectral_skewness": {
        "mean": 2.17933678627,
        "var": 0.549242436886
    },
    "spectral_spread": {
        "mean": 2490337,
        "var": 1.8617597952e+012
    },
    "spectral_strongpeak": {
        "mean": 1.28001832962,
        "var": 1.89006841183
    },
    "zerocrossingrate": {
        "mean": 0.0398964993656,
        "var": 0.000713192333933
    },
    "barkbands": {
        "mean": [0.000367773609469, 0.00140243628994, 0.0025745483581, 0.000856895581819, 0.00159226742107, 0.00184260297101, 0.00268991314806, 0.00366222020239, 0.00151204294525, 0.0014053187333, 0.00117102218792, 0.000337001780281, 0.000221866896027, 0.000263524678303, 0.000252544152318, 0.000466659315862, 0.000215357838897, 0.000146231759572, 9.02158863028e-005, 0.000167563179275, 5.48736788915e-005, 1.882889228e-005, 6.83784037392e-006, 5.34497576155e-006, 3.24269421981e-006, 1.77079141395e-006, 7.06021126007e-008],
        "var": [2.58335859371e-008, 6.19194815954e-006, 3.11405783577e-005, 2.72829265668e-006, 4.16552938987e-006, 8.0803192759e-006, 2.06758104468e-005, 5.88245857216e-005, 1.04278069557e-005, 7.15041824151e-006, 1.51396616275e-005, 4.05955574934e-007, 1.18985994391e-007, 1.81055838766e-007, 1.95094315814e-007, 4.81685083287e-006, 1.15243310006e-007, 1.71953089989e-007, 3.4907237989e-008, 1.22630592614e-006, 2.35048158714e-008, 2.17781703782e-009, 3.98303501292e-010, 3.37840755371e-010, 8.30071220093e-011, 4.73291267289e-011, 1.78360988088e-013]
    },
    "erbbands": {
        "mean": [0.0206863991916, 0.420682549477, 2.65366697311, 2.92301034927, 3.9347922802, 5.26846647263, 9.52595329285, 16.361114502, 33.3011779785, 79.0863800049, 48.0936775208, 35.9653091431, 40.9432487488, 50.3441085815, 35.4539642334, 14.8511857986, 11.4264507294, 13.6450815201, 10.8849925995, 19.9954891205, 23.1633148193, 10.4774122238, 9.90965175629, 5.05284070969, 6.60873603821, 6.29643297195, 4.85793018341, 1.00582575798, 0.512101471424, 0.398618191481, 0.228724375367, 0.131844118237, 0.0762391611934, 0.0426621101797, 0.0164716821164, 0.00902781635523, 0.00312993186526, 0.000270049931714, 1.90158025362e-005, 2.4910123102e-005],
        "var": [0.00104371458292, 0.624814927578, 36.4605941772, 17.9639720917, 52.750667572, 47.2268066406, 211.071289063, 895.363037109, 3152.15551758, 21382.6679688, 7186.81689453, 6014.46240234, 7026.96435547, 15767.2148438, 16172.9882813, 710.175537109, 276.653564453, 422.250488281, 224.929275513, 3310.2199707, 8434.68066406, 224.47164917, 644.753112793, 127.105987549, 201.000274658, 1358.7902832, 804.079223633, 5.63626718521, 0.986793398857, 1.16440975666, 0.501428186893, 0.170888677239, 0.0697057694197, 0.0164094846696, 0.00204787333496, 0.000910599192139, 0.000247761840001, 8.54295421959e-007, 1.5280418042e-009, 4.84926931943e-010]
    },
    "gfcc": {
        "mean": [-62.256729126, 151.899734497, -144.43838501, 15.5889635086, -54.835723877, -7.83331489563, -27.6941356659, 6.24835777283, -14.7378864288, -1.5240585804, -12.282248497, -8.37507152557, -3.34579586983],
        "cov": [[6006.18408203, -1100.89282227, -657.046081543, 106.788734436, -554.877685547, 56.7640724182, -236.898666382, 233.332672119, -268.542816162, 115.346633911, -185.365127563, 192.468643188, -135.373825073], [-1100.89282227, 1536.50927734, 193.933120728, -113.330421448, 344.633575439, -131.521087646, 186.038040161, -211.556640625, 173.37387085, -193.871627808, 198.289047241, -194.830703735, 39.2090339661], [-657.046081543, 193.933120728, 451.444915771, 77.5696411133, 158.255661011, 89.2905960083, 56.5845756531, -5.4991979599, 13.7210674286, 3.18084526062, -19.7114067078, -7.31031608582, -30.4494781494], [106.788734436, -113.330421448, 77.5696411133, 255.532043457, 77.4788894653, 102.709259033, 21.0160160065, 16.2132720947, -16.5398921967, -0.543354153633, -40.9385299683, -5.17083072662, -8.99208450317], [-554.877685547, 344.633575439, 158.255661011, 77.4788894653, 255.027420044, 64.6120529175, 73.6865844727, -45.9818992615, 31.3141078949, -42.3152618408, 15.4363632202, -49.0017318726, -4.89382886887], [56.7640724182, -131.521087646, 89.2905960083, 102.709259033, 64.6120529175, 176.158432007, 21.6517753601, 25.0098571777, -23.9387378693, 6.14014625549, -46.7614555359, 16.6114330292, -16.2346515656], [-236.898666382, 186.038040161, 56.5845756531, 21.0160160065, 73.6865844727, 21.6517753601, 147.969268799, 14.2015953064, 36.7380142212, -25.7483959198, 18.2937240601, -25.666677475, -6.50515651703], [233.332672119, -211.556640625, -5.4991979599, 16.2132720947, -45.9818992615, 25.0098571777, 14.2015953064, 124.470024109, 8.62931346893, 36.5586242676, -25.2767086029, 16.4568786621, -19.2617454529], [-268.542816162, 173.37387085, 13.7210674286, -16.5398921967, 31.3141078949, -23.9387378693, 36.7380142212, 8.62931346893, 113.703567505, 1.51880300045, 34.2964630127, -33.3565216064, -1.92684006691], [115.346633911, -193.871627808, 3.18084526062, -0.543354153633, -42.3152618408, 6.14014625549, -25.7483959198, 36.5586242676, 1.51880300045, 107.694915771, -10.1093463898, 25.5598659515, -10.759557724], [-185.365127563, 198.289047241, -19.7114067078, -40.9385299683, 15.4363632202, -46.7614555359, 18.2937240601, -25.2767086029, 34.2964630127, -10.1093463898, 106.374900818, -12.5506639481, 14.0127801895], [192.468643188, -194.830703735, -7.31031608582, -5.17083072662, -49.0017318726, 16.6114330292, -25.666677475, 16.4568786621, -33.3565216064, 25.5598659515, -12.5506639481, 114.638519287, 15.4681158066], [-135.373825073, 39.2090339661, -30.4494781494, -8.99208450317, -4.89382886887, -16.2346515656, -6.50515651703, -19.2617454529, -1.92684006691, -10.759557724, 14.0127801895, 15.4681158066, 82.5363616943]],
        "icov": [[0.000383276958019, -0.000586770707741, 0.000660963414703, -0.000540787819773, 0.000874360557646, -0.000401059805881, 0.000434656074503, -0.000852221273817, 0.000892791489605, -0.000439884344814, 0.000568961899262, -0.000671861576848, 0.000893457152415], [-0.000586770707741, 0.00436068698764, -0.00200973427854, 0.00218942854553, -0.00386864645407, 0.00222640088759, -0.00233464222401, 0.00420775730163, -0.00353434728459, 0.00362436450087, -0.00357896834612, 0.00332644209266, -0.00215616147034], [0.000660963414703, -0.00200973427854, 0.00454288860783, -0.00136875978205, 0.00039032267523, -0.00174380128738, 0.000846058654133, -0.00217244308442, 0.00198818929493, -0.0022590442095, 0.00224284105934, -0.00240325811319, 0.00262704049237], [-0.000540787819773, 0.00218942854553, -0.00136875978205, 0.00677848560736, -0.00343972421251, -0.00118992605712, -0.00122921832372, 0.00175043079071, -0.0016045642551, 0.00160963833332, -0.00085949030472, 0.00236558611505, -0.00194496824406], [0.000874360557646, -0.00386864645407, 0.00039032267523, -0.00343972421251, 0.0116875097156, -0.00418535945937, 0.000194698513951, -0.0012318668887, 0.00235943170264, -0.00191831961274, 0.00222003436647, -0.00130500702653, 0.00231142784469], [-0.000401059805881, 0.00222640088759, -0.00174380128738, -0.00118992605712, -0.00418535945937, 0.0106647145003, -0.00183039321564, 0.000743584998418, -0.000547736417502, 0.00152991339564, 0.000557526189368, 7.36312285881e-005, -0.000531404279172], [0.000434656074503, -0.00233464222401, 0.000846058654133, -0.00122921832372, 0.000194698513951, -0.00183039321564, 0.0106148850173, -0.00490604247898, 0.000262295623543, 0.000216187123442, 0.000536864041351, -0.00139158056118, 0.00154734414537], [-0.000852221273817, 0.00420775730163, -0.00217244308442, 0.00175043079071, -0.0012318668887, 0.000743584998418, -0.00490604247898, 0.0157988164574, -0.00580826727673, 0.000719959440175, -0.00158580823336, 0.00261856080033, -0.000897138670553], [0.000892791489605, -0.00353434728459, 0.00198818929493, -0.0016045642551, 0.00235943170264, -0.000547736417502, 0.000262295623543, -0.00580826727673, 0.0153496656567, -0.00429087085649, 0.000198026697035, -0.000326439272612, 0.00222588097677], [-0.000439884344814, 0.00362436450087, -0.0022590442095, 0.00160963833332, -0.00191831961274, 0.00152991339564, 0.000216187123442, 0.000719959440175, -0.00429087085649, 0.0148137174547, -0.00327370595187, 0.000889012007974, -0.000508891709615], [0.000568961899262, -0.00357896834612, 0.00224284105934, -0.00085949030472, 0.00222003436647, 0.000557526189368, 0.000536864041351, -0.00158580823336, 0.000198026697035, -0.00327370595187, 0.0157291609794, -0.0033172192052, 0.000809796038084], [-0.000671861576848, 0.00332644209266, -0.00240325811319, 0.00236558611505, -0.00130500702653, 7.36312285881e-005, -0.00139158056118, 0.00261856080033, -0.000326439272612, 0.000889012007974, -0.0033172192052, 0.0142016671598, -0.0048626344651], [0.000893457152415, -0.00215616147034, 0.00262704049237, -0.00194496824406, 0.00231142784469, -0.000531404279172, 0.00154734414537, -0.000897138670553, 0.00222588097677, -0.000508891709615, 0.000809796038084, -0.0048626344651, 0.0160674154758]]
    },
    "melbands": {
        "mean": [0.000296792277368, 0.00111867568921, 0.000563818088267, 0.00032165934681, 0.000319787708577, 0.000372525304556, 0.000518419372384, 0.00091374508338, 0.000348195520928, 0.000220686401008, 0.000196855602553, 0.0001959240617, 0.000132095810841, 4.99435591337e-005, 3.44435356965e-005, 1.67225025507e-005, 2.82795826934e-005, 1.63725871971e-005, 2.02223363885e-005, 3.42748971889e-005, 2.43194299401e-005, 9.78583011602e-006, 1.16246110338e-005, 6.77115531289e-006, 3.63612002729e-006, 3.86684587284e-006, 5.27117663296e-006, 4.19179423261e-006, 4.1628973122e-006, 9.65792764873e-007, 5.4203479749e-007, 3.12494989885e-007, 2.84606812784e-007, 1.64451407159e-007, 1.46019630165e-007, 8.03992747933e-008, 8.20593939466e-008, 5.88998538831e-008, 4.93512430921e-008, 2.95206294965e-008],
        "var": [2.01602546213e-007, 5.60907210456e-006, 6.14458940618e-007, 2.06683523629e-007, 1.91253263893e-007, 3.86152038345e-007, 7.67094775256e-007, 3.17677358908e-006, 4.12012639117e-007, 2.35572059637e-007, 1.67141337215e-007, 2.34892524986e-007, 2.27154274057e-007, 1.61894302408e-008, 2.65993471693e-009, 5.92575155611e-010, 2.17386819656e-009, 5.63310731394e-010, 1.62679236748e-009, 2.81361351995e-008, 6.53929044248e-009, 2.53542881135e-010, 6.69561184274e-010, 4.43592163002e-010, 8.62199547869e-011, 9.86097314915e-011, 1.87362958481e-010, 1.37754718743e-009, 1.07363662405e-009, 1.53865982455e-011, 2.35897347663e-012, 4.9711444813e-013, 5.57474097267e-013, 2.12546180742e-013, 1.7045049996e-013, 1.62116359833e-013, 9.50084601921e-014, 5.86043122667e-014, 2.41851470898e-014, 7.92604219426e-015]
    },
    "mfcc": {
        "mean": [-698.930480957, 180.496505737, -26.4694194794, 22.5048885345, -8.5048866272, -6.36896467209, -5.46073722839, -1.10443615913, 4.15657520294, 3.83654236794, -4.88527011871, 1.6512825489, 4.22608470917],
        "cov": [[4010.56030273, -960.558349609, -411.291412354, -32.926399231, -378.687866211, -172.8359375, -111.23109436, 38.513168335, -82.1294784546, 8.52695178986, -81.8231887817, -99.2136459351, 4.26713132858], [-960.558349609, 1249.9675293, 40.6430130005, 64.0598068237, 137.943206787, 37.9798660278, 69.1584243774, 8.74199962616, -39.5817070007, -48.0218696594, 63.6016349792, 44.5217170715, 4.97715806961], [-411.291412354, 40.6430130005, 323.33203125, 31.5680732727, 105.925270081, 78.7777862549, 38.6178627014, 32.2988243103, 37.296005249, 8.41641521454, 20.7900810242, -10.0026464462, 2.81888508797], [-32.926399231, 64.0598068237, 31.5680732727, 174.419189453, 44.2276573181, 65.7025299072, 32.7542572021, 25.2540645599, 13.0366592407, 17.7419948578, -3.66879439354, 4.78413820267, 18.7533130646], [-378.687866211, 137.943206787, 105.925270081, 44.2276573181, 191.811279297, 91.3162612915, 45.1560592651, 12.2625551224, 14.5365447998, 4.67264175415, -3.14714956284, 1.28389549255, -1.82205975056], [-172.8359375, 37.9798660278, 78.7777862549, 65.7025299072, 91.3162612915, 188.703903198, 51.4853897095, 35.90026474, 25.8225364685, -4.72448396683, -9.26423454285, -6.47065162659, 5.25306081772], [-111.23109436, 69.1584243774, 38.6178627014, 32.7542572021, 45.1560592651, 51.4853897095, 119.435317993, 36.653137207, 16.4841976166, 14.6276550293, -9.08664321899, -2.05965948105, 1.3526917696], [38.513168335, 8.74199962616, 32.2988243103, 25.2540645599, 12.2625551224, 35.90026474, 36.653137207, 118.694473267, 19.5963993073, 16.735622406, -6.26807260513, -22.2601261139, 17.7848510742], [-82.1294784546, -39.5817070007, 37.296005249, 13.0366592407, 14.5365447998, 25.8225364685, 16.4841976166, 19.5963993073, 101.45514679, 23.545671463, 11.579044342, 1.30588769913, -1.57445800304], [8.52695178986, -48.0218696594, 8.41641521454, 17.7419948578, 4.67264175415, -4.72448396683, 14.6276550293, 16.735622406, 23.545671463, 106.879112244, 16.4218502045, 4.43908452988, 4.40203142166], [-81.8231887817, 63.6016349792, 20.7900810242, -3.66879439354, -3.14714956284, -9.26423454285, -9.08664321899, -6.26807260513, 11.579044342, 16.4218502045, 111.511322021, 19.2718200684, -6.55246400833], [-99.2136459351, 44.5217170715, -10.0026464462, 4.78413820267, 1.28389549255, -6.47065162659, -2.05965948105, -22.2601261139, 1.30588769913, 4.43908452988, 19.2718200684, 96.9916915894, 9.92332839966], [4.26713132858, 4.97715806961, 2.81888508797, 18.7533130646, -1.82205975056, 5.25306081772, 1.3526917696, 17.7848510742, -1.57445800304, 4.40203142166, -6.55246400833, 9.92332839966, 116.241325378]],
        "icov": [[0.000404948805226, 0.00026369097759, 0.000347112305462, -0.000213712381083, 0.000427516788477, 5.45824586879e-005, 2.96225698548e-005, -0.000277679471765, 0.000291868811473, 4.14257701777e-005, -2.54384349319e-006, 0.000266448478214, 2.57744104601e-005], [0.00026369097759, 0.00118440843653, 0.000363659433788, -0.000430793530541, -0.000534295977559, 0.000352118979208, -0.00051959749544, -0.000347663706634, 0.000662365171593, 0.000695870898198, -0.000755080603994, -0.000165100413142, -1.06106081148e-005], [0.000347112305462, 0.000363659433788, 0.00440816115588, -0.000122324665426, -0.00162973836996, -0.000489325611852, -0.000231398458709, -0.000775705208071, -0.000594102195464, 0.00027845861041, -0.00103020295501, 0.0006681419909, -0.000131237451569], [-0.000213712381083, -0.000430793530541, -0.000122324665426, 0.00719082122669, -0.000523522845469, -0.00209941528738, -0.000475836801343, -0.000288417068077, -0.000231295372942, -0.00126533745788, 0.000351546827005, -0.000515784136951, -0.000885877467226], [0.000427516788477, -0.000534295977559, -0.00162973836996, -0.000523522845469, 0.00903251394629, -0.00294012995437, -0.000879903498571, 0.0007751226658, 0.00033740606159, -0.000830319651868, 0.000964235805441, 0.000187664700206, 0.000371608650312], [5.45824586879e-005, 0.000352118979208, -0.000489325611852, -0.00209941528738, -0.00294012995437, 0.00851491093636, -0.00164270377718, -0.00127030839212, -0.00100367667619, 0.00166544737294, 0.000117614094052, 0.000138261006214, 3.42375424225e-005], [2.96225698548e-005, -0.00051959749544, -0.000231398458709, -0.000475836801343, -0.000879903498571, -0.00164270377718, 0.0110312597826, -0.00241624261253, -0.000631669419818, -0.00137374887709, 0.00131658429746, -0.000397009163862, 0.000556870771106], [-0.000277679471765, -0.000347663706634, -0.000775705208071, -0.000288417068077, 0.0007751226658, -0.00127030839212, -0.00241624261253, 0.0109723154455, -0.00134425482247, -0.00128123653121, 0.000287870527245, 0.00236965040676, -0.00164641567972], [0.000291868811473, 0.000662365171593, -0.000594102195464, -0.000231295372942, 0.00033740606159, -0.00100367667619, -0.000631669419818, -0.00134425482247, 0.0117310294881, -0.00181929813698, -0.00112373288721, -0.000348236731952, 0.000470488128485], [4.14257701777e-005, 0.000695870898198, 0.00027845861041, -0.00126533745788, -0.000830319651868, 0.00166544737294, -0.00137374887709, -0.00128123653121, -0.00181929813698, 0.0110741769895, -0.0019030473195, -0.000468599260785, -0.000221483191126], [-2.54384349319e-006, -0.000755080603994, -0.00103020295501, 0.000351546827005, 0.000964235805441, 0.000117614094052, 0.00131658429746, 0.000287870527245, -0.00112373288721, -0.0019030473195, 0.0105043863878, -0.00175212288741, 0.000749675440602], [0.000266448478214, -0.000165100413142, 0.0006681419909, -0.000515784136951, 0.000187664700206, 0.000138261006214, -0.000397009163862, 0.00236965040676, -0.000348236731952, -0.000468599260785, -0.00175212288741, 0.0118115926161, -0.00139101757668], [2.57744104601e-005, -1.06106081148e-005, -0.000131237451569, -0.000885877467226, 0.000371608650312, 3.42375424225e-005, 0.000556870771106, -0.00164641567972, 0.000470488128485, -0.000221483191126, 0.000749675440602, -0.00139101757668, 0.00917386822402]]
    },
    "spectral_contrast_coeffs": {
        "mean": [-0.627960920334, -0.67932587862, -0.720457911491, -0.743048608303, -0.730082213879, -0.700753688812],
        "var": [0.00576576171443, 0.00592015171424, 0.00389756308869, 0.0032894029282, 0.00284073874354, 0.00278524844907]
    },
    "spectral_contrast_valleys": {
        "mean": [-7.74665927887, -6.70943832397, -7.46049356461, -8.20785522461, -8.73957633972, -12.7692232132],
        "var": [1.06488358974, 1.01123154163, 0.972671031952, 0.904985785484, 0.909460842609, 0.743258953094]
    }
},
"metadata": {
    "audio_properties": {
        "analysis_sample_rate": 44100,
        "bit_rate": 100694,
        "equal_loudness": 0,
        "length": 45.0612258911,
        "lossless": 0,
        "replay_gain": -2.7038192749,
        "sample_rate": 44100,
        "codec": "mp3",
        "downmix": "mix",
        "md5_encoded": "74d62b25f00a9c0e31c051531e271ba4"
    },
    "tags": {
        "file_name": "210.mp3"
    },
    "version": {
        "essentia": "2.1-beta2",
        "essentia_git_sha": "v2.1_beta2",
        "extractor": "music 1.0"
    }
},
"rhythm": {
    "beats_count": 105,
    "beats_loudness": {
        "mean": 0.0276082810014,
        "var": 0.0005116435932
    },
    "bpm": 140.05557251,
    "bpm_histogram_first_peak_bpm": {
        "mean": 140,
        "var": 0
    },
    "bpm_histogram_first_peak_spread": {
        "mean": 0.530864179134,
        "var": 0
    },
    "bpm_histogram_first_peak_weight": {
        "mean": 0.365384608507,
        "var": 0
    },
    "bpm_histogram_second_peak_bpm": {
        "mean": 148,
        "var": 0
    },
    "bpm_histogram_second_peak_spread": {
        "mean": 0.333333343267,
        "var": 0
    },
    "bpm_histogram_second_peak_weight": {
        "mean": 0.0769230797887,
        "var": 0
    },
    "danceability": 1.07431912422,
    "onset_rate": 2.50656914711,
    "beats_loudness_band_ratio": {
        "mean": [0.293718636036, 0.178981631994, 0.353863537312, 0.147684797645, 0.0722699835896, 0.0176114980131],
        "var": [0.0534581579268, 0.0169556625187, 0.0413233153522, 0.0135289020836, 0.00766582321376, 0.000892648589797]
    },
    "beats_position": [0.417959183455, 0.847528338432, 1.27709746361, 1.70666658878, 2.13623571396, 2.56580495834, 2.99537420273, 3.42494320869, 3.85451245308, 4.29569149017, 4.73687076569, 5.17804956436, 5.61922883987, 6.03718805313, 6.45514726639, 6.87310647964, 7.2910656929, 7.70902490616, 8.12698364258, 8.53333282471, 8.95129203796, 9.38086128235, 9.79882049561, 10.2167797089, 10.6463489532, 11.0759181976, 11.5170974731, 11.9350566864, 12.3530158997, 12.7709751129, 13.1889343262, 13.6185035706, 14.0480718613, 14.4776411057, 14.8956003189, 15.3135595322, 15.7431287766, 16.1726989746, 16.602268219, 17.031835556, 17.4497947693, 17.8561439514, 18.2624931335, 18.6804523468, 19.0984115601, 19.5279808044, 19.9575500488, 20.3987293243, 20.8282985687, 21.2578678131, 21.6874370575, 22.1170063019, 22.523355484, 22.9413146973, 23.3592739105, 23.7888431549, 24.2184123993, 24.6595916748, 25.0891609192, 25.5187301636, 25.948299408, 26.3778686523, 26.7958278656, 27.2137870789, 27.6433563232, 28.0729255676, 28.4908847809, 28.9088420868, 29.3268013, 29.7215423584, 30.1046714783, 30.4878005981, 30.870929718, 31.2540588379, 31.6487979889, 32.0435371399, 32.4382743835, 32.8446235657, 33.2509727478, 33.6573219299, 34.0636711121, 34.5280723572, 34.9924697876, 35.4452590942, 35.8980484009, 36.362449646, 36.8152389526, 37.244808197, 37.6743774414, 38.1039466858, 38.545124054, 38.9746932983, 39.4158706665, 39.8454399109, 40.2866210938, 40.7277984619, 41.1689796448, 41.6101570129, 42.0513381958, 42.492515564, 42.9220848083, 43.374874115, 43.8160552979, 44.257232666, 44.6984100342]
},
"tonal": {
    "chords_changes_rate": 0.0689300447702,
    "chords_number_rate": 0.0102880662307,
    "chords_strength": {
        "mean": 0.507731437683,
        "var": 0.0108088739216
    },
    "hpcp_entropy": {
        "mean": 1.64406621456,
        "var": 0.429843485355
    },
    "key_strength": 0.750424027443,
    "tuning_diatonic_strength": 0.502453923225,
    "tuning_equal_tempered_deviation": 0.0078144473955,
    "tuning_frequency": 440,
    "tuning_nontempered_energy_ratio": 0.664727210999,
    "hpcp": {
        "mean": [0.208733022213, 0.120653010905, 0.103124029934, 0.145612686872, 0.0885083153844, 0.089107349515, 0.137085258961, 0.134398892522, 0.288520693779, 0.402860105038, 0.208812236786, 0.0796369984746, 0.0861241444945, 0.052919972688, 0.0836464762688, 0.116799287498, 0.0604228675365, 0.0687504187226, 0.108269385993, 0.0713030993938, 0.10713660717, 0.161691203713, 0.10686032474, 0.116471931338, 0.156243190169, 0.0925903618336, 0.0502688810229, 0.0594194605947, 0.0628780275583, 0.197682186961, 0.290805786848, 0.15166015923, 0.0686512365937, 0.0916752517223, 0.0752443000674, 0.138102382421],
        "var": [0.112409248948, 0.0374841205776, 0.0407085418701, 0.0851406678557, 0.0259443838149, 0.0273176431656, 0.0641635432839, 0.0384285673499, 0.0942318588495, 0.164448112249, 0.0586079061031, 0.0199548527598, 0.0362932421267, 0.0130783244967, 0.0260546803474, 0.0516205504537, 0.0112445605919, 0.0194439291954, 0.0543403699994, 0.0172433257103, 0.0324144288898, 0.0692886561155, 0.0316390581429, 0.0417434573174, 0.0795309245586, 0.0336860343814, 0.0122852362692, 0.019353562966, 0.0149516211823, 0.0682926997542, 0.131255164742, 0.0384548790753, 0.0229150746018, 0.0541907846928, 0.0325604267418, 0.0509128719568]
    },
    "chords_histogram": [32.0987663269, 1.54320991039, 8.33333301544, 0, 0, 0.720164597034, 2.05761313438, 0.617283940315, 0, 0, 0, 0, 0, 0, 0, 0.925925910473, 7.71604919434, 7.92181062698, 7.51028823853, 0.308641970158, 2.05761313438, 0, 17.5925922394, 10.5967073441],
    "thpcp": [1, 0.518324434757, 0.197679042816, 0.213781759143, 0.131360664964, 0.207631573081, 0.289925187826, 0.14998473227, 0.170655816793, 0.268751829863, 0.176992207766, 0.265939980745, 0.401358187199, 0.265254169703, 0.289112597704, 0.387834846973, 0.229832544923, 0.124779991806, 0.147494032979, 0.15607906878, 0.490696847439, 0.721853017807, 0.376458615065, 0.170409619808, 0.22756101191, 0.186775252223, 0.342804819345, 0.518127799034, 0.299491077662, 0.25597974658, 0.361447274685, 0.21969987452, 0.221186831594, 0.340280056, 0.333611816168, 0.716180860996],
    "chords_key": "C",
    "chords_scale": "major",
    "key_key": "C",
    "key_scale": "major"
}
}