{
"lowlevel": {
    "average_loudness": 0.735256016254,
    "barkbands_crest": {
        "mean": 12.7166023254,
        "var": 14.7054920197
    },
    "barkbands_flatness_db": {
        "mean": 0.304290145636,
        "var": 0.00430895527825
    },
    "barkbands_kurtosis": {
        "mean": 6.48060560226,
        "var": 45.3184700012
    },
    "barkbands_skewness": {
        "mean": 1.40310978889,
        "var": 1.07880961895
    },
    "barkbands_spread": {
        "mean": 4.46181297302,
        "var": 7.77073764801
    },
    "dissonance": {
        "mean": 0.370489984751,
        "var": 0.00453872326761
    },
    "dynamic_complexity": 2.44024729729,
    "erbbands_crest": {
        "mean": 13.3956928253,
        "var": 20.4856357574
    },
    "erbbands_flatness_db": {
        "mean": 0.313091039658,
        "var": 0.00375305558555
    },
    "erbbands_kurtosis": {
        "mean": 3.94309735298,
        "var": 14.0954751968
    },
    "erbbands_skewness": {
        "mean": 1.04531645775,
        "var": 0.678131222725
    },
    "erbbands_spread": {
        "mean": 11.3510580063,
        "var": 40.1851501465
    },
    "hfc": {
        "mean": 11.8856153488,
        "var": 69.4145202637
    },
    "melbands_crest": {
        "mean": 14.9643287659,
        "var": 23.7789611816
    },
    "melbands_flatness_db": {
        "mean": 0.385492116213,
        "var": 0.00648511666805
    },
    "melbands_kurtosis": {
        "mean": 6.54727649689,
        "var": 57.8819122314
    },
    "melbands_skewness": {
        "mean": 1.41928315163,
        "var": 1.21236312389
    },
    "melbands_spread": {
        "mean": 6.8236823082,
        "var": 48.8481483459
    },
    "pitch_salience": {
        "mean": 0.552791833878,
        "var": 0.0126812122762
    },
    "silence_rate_20dB": {
        "mean": 1,
        "var": 0
    },
    "silence_rate_30dB": {
        "mean": 0.979402661324,
        "var": 0.0201727245003
    },
    "silence_rate_60dB": {
        "mean": 0.00669412966818,
        "var": 0.00664932886139
    },
    "spectral_centroid": {
        "mean": 483.823852539,
        "var": 138906.21875
    },
    "spectral_complexity": {
        "mean": 9.57466506958,
        "var": 10.3010616302
    },
    "spectral_decrease": {
        "mean": -8.65612825862e-009,
        "var": 5.10603504355e-017
    },
    "spectral_energy": {
        "mean": 0.0337482839823,
        "var": 0.000757395231631
    },
    "spectral_energyband_high": {
        "mean": 2.57204865193e-005,
        "var": 6.72879307828e-009
    },
    "spectral_energyband_low": {
        "mean": 0.0089294584468,
        "var": 0.000425670557888
    },
    "spectral_energyband_middle_high": {
        "mean": 0.00222726841457,
        "var": 1.41405262184e-005
    },
    "spectral_energyband_middle_low": {
        "mean": 0.0231155510992,
        "var": 0.000291213364108
    },
    "spectral_entropy": {
        "mean": 6.12195444107,
        "var": 0.279762506485
    },
    "spectral_flux": {
        "mean": 0.0685300827026,
        "var": 0.00111787032802
    },
    "spectral_kurtosis": {
        "mean": 38.222240448,
        "var": 670.641357422
    },
    "spectral_rms": {
        "mean": 0.00529494695365,
        "var": 4.88870546178e-006
    },
    "spectral_rolloff": {
        "mean": 609.106323242,
        "var": 704457
    },
    "spectral_skewness": {
        "mean": 4.17998790741,
        "var": 2.39230704308
    },
    "spectral_spread": {
        "mean": 1814092.875,
        "var": 2.5548619776e+012
    },
    "spectral_strongpeak": {
        "mean": 1.36553883553,
        "var": 1.08088839054
    },
    "zerocrossingrate": {
        "mean": 0.0229763742536,
        "var": 0.000509348639753
    },
    "barkbands": {
        "mean": [0.000902309024241, 0.00612160516903, 0.00141885550693, 0.00125161348842, 0.00760238990188, 0.00287146354094, 0.00686393352225, 0.00142358918674, 0.00298584578559, 0.00159790518228, 0.000268352334388, 0.000111180481326, 4.46499834652e-005, 7.49768150854e-005, 5.93923250563e-005, 4.67026584374e-005, 4.91215396323e-005, 1.33238509079e-005, 1.142741894e-005, 6.87678766553e-006, 6.40922780804e-006, 6.8820895649e-006, 4.48194214187e-006, 3.15479974233e-006, 1.61336788551e-006, 2.4016566158e-007, 2.36156392219e-008],
        "var": [5.68353380004e-006, 0.000238940119743, 1.06350425995e-005, 2.55359532275e-006, 6.28256020718e-005, 3.62462596968e-005, 8.45524627948e-005, 5.89617093283e-006, 1.5255177459e-005, 1.29378558995e-005, 4.5856566544e-007, 2.6822485566e-008, 5.18186782372e-009, 8.19801115881e-009, 8.67937810511e-009, 4.81828221766e-009, 8.95180640725e-009, 8.9894569566e-010, 6.77022327089e-010, 4.47017922678e-010, 3.6348715704e-010, 5.73258440717e-010, 2.60335392133e-010, 1.16691045715e-010, 3.23926267753e-011, 9.48578889048e-013, 1.4922030354e-014]
    },
    "erbbands": {
        "mean": [0.252885431051, 1.02117526531, 1.89801061153, 3.07652902603, 14.6770334244, 25.6363353729, 32.2726402283, 20.2852401733, 84.2288284302, 67.79271698, 39.8896598816, 52.4281463623, 67.08618927, 26.3692951202, 8.79971122742, 4.16045045853, 2.75922656059, 3.81949114799, 2.57850456238, 3.15487456322, 3.06428289413, 2.81533694267, 0.854776144028, 0.586857438087, 0.585465431213, 0.302576631308, 0.277488976717, 0.26530405879, 0.250210225582, 0.172337532043, 0.113441094756, 0.0774477496743, 0.049631562084, 0.0236037466675, 0.00834917090833, 0.00154298555572, 0.000379649311071, 0.000100519806438, 1.83997326531e-005, 3.76156713173e-005],
        "var": [0.418351054192, 6.73289966583, 19.1348190308, 14.1200332642, 443.022888184, 1070.31677246, 3065.12011719, 830.092529297, 14338.1845703, 14367.0214844, 2937.72460938, 3659.88867188, 10063.4296875, 2549.26464844, 441.639801025, 35.402545929, 14.3427610397, 24.7044010162, 10.4652061462, 30.4605026245, 21.3691253662, 29.1003055573, 2.6731467247, 1.73772346973, 1.99011325836, 0.840544998646, 0.677503168583, 0.70441865921, 0.772398293018, 0.392525166273, 0.156657397747, 0.0656883195043, 0.0305461324751, 0.00744595564902, 0.000806546886452, 3.02781554637e-005, 2.67007044386e-006, 2.29262099083e-007, 3.53599288738e-010, 9.13613296127e-010]
    },
    "gfcc": {
        "mean": [-121.201141357, 202.457839966, -120.461494446, -11.7210483551, -55.5683822632, -26.5343399048, -36.6799926758, -7.23464632034, -9.94885826111, -18.8580513, -12.1255674362, -18.2747249603, 0.978612542152],
        "cov": [[5547.19628906, -1172.93969727, -20.0163269043, 610.83190918, -802.669799805, 730.552429199, -48.2073287964, 327.811096191, -69.8332214355, 41.6478347778, -194.63899231, 201.139343262, 53.3404121399], [-1172.93969727, 1451.35192871, 46.5031700134, -353.307342529, 666.25970459, -480.614624023, 168.997451782, -56.4761123657, 194.288665771, -49.8195571899, 179.813110352, -98.6534347534, 20.2856178284], [-20.0163269043, 46.5031700134, 496.427490234, 169.428619385, 174.855514526, 127.871902466, 126.903060913, 79.7542572021, 77.3733596802, 87.6991348267, 47.5045471191, 88.0851745605, 39.8129425049], [610.83190918, -353.307342529, 169.428619385, 395.192962646, -15.3717823029, 294.552734375, 53.815574646, 86.281539917, -14.3968992233, 56.7238807678, 9.98653411865, 62.1226005554, 24.8197975159], [-802.669799805, 666.25970459, 174.855514526, -15.3717823029, 566.797607422, -110.759780884, 188.003707886, 62.259853363, 125.63520813, 26.7700157166, 121.781570435, -7.03006601334, 7.04855203629], [730.552429199, -480.614624023, 127.871902466, 294.552734375, -110.759780884, 459.464477539, 92.9105834961, 112.998542786, -31.7382125854, 47.2174835205, -46.3093032837, 51.1837234497, 31.2579727173], [-48.2073287964, 168.997451782, 126.903060913, 53.815574646, 188.003707886, 92.9105834961, 193.71697998, 126.920379639, 83.5766601563, 5.89235496521, 26.8292331696, 25.8966388702, 29.3528118134], [327.811096191, -56.4761123657, 79.7542572021, 86.281539917, 62.259853363, 112.998542786, 126.920379639, 187.573562622, 74.7209014893, 20.2665100098, -3.87167739868, 50.1993942261, 16.3567333221], [-69.8332214355, 194.288665771, 77.3733596802, -14.3968992233, 125.63520813, -31.7382125854, 83.5766601563, 74.7209014893, 124.917022705, 30.017408371, 34.5235939026, 0.288846224546, 1.22749090195], [41.6478347778, -49.8195571899, 87.6991348267, 56.7238807678, 26.7700157166, 47.2174835205, 5.89235496521, 20.2665100098, 30.017408371, 91.6131820679, 37.1148109436, 17.152463913, -18.75922966], [-194.63899231, 179.813110352, 47.5045471191, 9.98653411865, 121.781570435, -46.3093032837, 26.8292331696, -3.87167739868, 34.5235939026, 37.1148109436, 91.5962600708, 16.2394332886, 4.91862249374], [201.139343262, -98.6534347534, 88.0851745605, 62.1226005554, -7.03006601334, 51.1837234497, 25.8966388702, 50.1993942261, 0.288846224546, 17.152463913, 16.2394332886, 89.0617294312, 37.096157074], [53.3404121399, 20.2856178284, 39.8129425049, 24.8197975159, 7.04855203629, 31.2579727173, 29.3528118134, 16.3567333221, 1.22749090195, -18.75922966, 4.91862249374, 37.096157074, 73.2235488892]],
        "icov": [[0.000504672236275, -0.00109668297227, 0.000283853325527, -0.000929657777306, 0.00130373390857, -0.000776308355853, 0.000915149692446, -0.00108099018689, -5.49083824808e-006, -0.000300327519653, 0.00109965784941, -0.00158227793872, 0.000828373478726], [-0.00109668297227, 0.00758561491966, -0.00113320047967, 0.0041693742387, -0.00629476411268, 0.0038371628616, -0.0040498082526, 0.00405267253518, -0.00249793520197, 0.00348620093428, -0.00704180728644, 0.00801365077496, -0.00506546813995], [0.000283853325527, -0.00113320047967, 0.00451983045787, -0.00204789917916, 0.000133369452669, -0.000424645491876, -0.00172962038778, 0.00220785336569, -0.00167983421125, -0.00407153228298, 0.00415789522231, -0.00547317089513, 0.000190958031453], [-0.000929657777306, 0.0041693742387, -0.00204789917916, 0.00888682808727, -0.00457444321364, -0.00202934769914, 0.000925698899664, 0.000365997402696, -0.000189173675608, 0.00286619085819, -0.0070514883846, 0.00473847147077, -0.00271229702048], [0.00130373390857, -0.00629476411268, 0.000133369452669, -0.00457444321364, 0.0106884418055, -0.00116340024397, -0.00175019376911, -0.00348709058017, 0.00217049755156, -0.00257815863006, 0.00193135906011, -0.00472923787311, 0.0047897817567], [-0.000776308355853, 0.0038371628616, -0.000424645491876, -0.00202934769914, -0.00116340024397, 0.0102703375742, -0.00924034975469, 0.00198602839373, 0.00330982427113, -0.00405644951388, 0.000358127348591, 0.00612121447921, -0.0048103951849], [0.000915149692446, -0.0040498082526, -0.00172962038778, 0.000925698899664, -0.00175019376911, -0.00924034975469, 0.025981457904, -0.0126354685053, -0.00388288521208, 0.00700687523931, -0.000817778287455, -0.00219910615124, 0.000631649279967], [-0.00108099018689, 0.00405267253518, 0.00220785336569, 0.000365997402696, -0.00348709058017, 0.00198602839373, -0.0126354685053, 0.0212657991797, -0.00934177543968, -0.000560965563636, 0.00359206739813, -0.00619203178212, 0.00105140812229], [-5.49083824808e-006, -0.00249793520197, -0.00167983421125, -0.000189173675608, 0.00217049755156, 0.00330982427113, -0.00388288521208, -0.00934177543968, 0.0218628197908, -0.00804133526981, -0.000642268219963, 0.00602182559669, -0.00173928320874], [-0.000300327519653, 0.00348620093428, -0.00407153228298, 0.00286619085819, -0.00257815863006, -0.00405644951388, 0.00700687523931, -0.000560965563636, -0.00804133526981, 0.0276037491858, -0.0151782520115, 0.00140938477125, 0.00730370311067], [0.00109965784941, -0.00704180728644, 0.00415789522231, -0.0070514883846, 0.00193135906011, 0.000358127348591, -0.000817778287455, 0.00359206739813, -0.000642268219963, -0.0151782520115, 0.0326739810407, -0.0152282034978, 0.0021081273444], [-0.00158227793872, 0.00801365077496, -0.00547317089513, 0.00473847147077, -0.00472923787311, 0.00612121447921, -0.00219910615124, -0.00619203178212, 0.00602182559669, 0.00140938477125, -0.0152282034978, 0.035242266953, -0.0161620415747], [0.000828373478726, -0.00506546813995, 0.000190958031453, -0.00271229702048, 0.0047897817567, -0.0048103951849, 0.000631649279967, 0.00105140812229, -0.00173928320874, 0.00730370311067, 0.0021081273444, -0.0161620415747, 0.0263231936842]]
    },
    "melbands": {
        "mean": [0.00190841103904, 0.00115174183156, 0.000782419811003, 0.00157926091924, 0.00112189061474, 0.00057525880402, 0.00128611526452, 0.000636317767203, 0.000336973374942, 0.000364859210094, 0.000352723087417, 0.000135076261358, 3.71450223611e-005, 7.84851363278e-006, 1.21301673062e-005, 6.08544905845e-006, 6.64712433718e-006, 3.91886851503e-006, 4.84618703922e-006, 3.18524894283e-006, 3.61734146281e-006, 3.26390318151e-006, 1.16843989417e-006, 5.83767871376e-007, 4.46690592071e-007, 4.6377289209e-007, 3.26545659846e-007, 1.68982055015e-007, 1.7302434685e-007, 1.60614234801e-007, 1.57380910082e-007, 1.49686115947e-007, 1.13810926905e-007, 9.00664289816e-008, 6.6395500653e-008, 5.42093872014e-008, 4.47704273654e-008, 3.7484781501e-008, 2.58790624486e-008, 1.75683325665e-008],
        "var": [2.36982668866e-005, 7.2163193181e-006, 7.68192592204e-007, 4.29036936112e-006, 2.35901916312e-006, 7.53533299758e-007, 3.02380590256e-006, 1.20764161693e-006, 2.60368182126e-007, 2.13872368704e-007, 3.01381760437e-007, 8.26402342113e-008, 1.00082013788e-008, 8.47582559693e-011, 5.61406254818e-010, 7.448343331e-011, 7.34667673918e-011, 3.00076560822e-011, 6.07854877543e-011, 3.04572166099e-011, 3.48913883896e-011, 4.12431894192e-011, 5.58172041573e-012, 1.82668051692e-012, 1.10545090876e-012, 1.24402430631e-012, 7.6900253743e-013, 2.98772400049e-013, 2.72166864783e-013, 2.58739996659e-013, 2.62264900552e-013, 3.0551976964e-013, 1.498067756e-013, 1.19987502464e-013, 5.733772696e-014, 3.20888098265e-014, 2.39855437757e-014, 1.86809558979e-014, 8.09697429005e-015, 4.48860588794e-015]
    },
    "mfcc": {
        "mean": [-760.615539551, 228.788452148, -3.62260818481, 7.50444221497, -0.800800442696, -21.5144309998, -16.8200187683, -6.71785593033, -1.83576965332, -1.55150353909, -8.21837711334, -8.91656398773, -7.0137386322],
        "cov": [[3538.56005859, -1423.57348633, 353.845367432, 94.9736328125, -443.211456299, 307.661987305, -41.3705215454, 282.683074951, 186.014144897, 58.0748291016, -4.2049407959, -39.2419090271, -86.3847351074], [-1423.57348633, 1553.84191895, -264.026123047, 56.9097709656, 339.406433105, -240.346786499, 56.5656089783, -37.9771995544, 0.533547461033, 35.2111358643, 83.5282287598, 101.10559845, 103.121604919], [353.845367432, -264.026123047, 381.216369629, 69.0193099976, -9.31366825104, 145.922546387, 25.0473556519, 55.4620285034, 50.1675605774, 25.9527988434, -2.68599319458, 6.50494480133, 3.70474815369], [94.9736328125, 56.9097709656, 69.0193099976, 184.535552979, 123.615615845, 57.5379371643, 70.6774597168, 68.4892730713, 38.6893310547, 27.6529922485, 33.1401481628, 47.5634155273, 59.6869697571], [-443.211456299, 339.406433105, -9.31366825104, 123.615615845, 243.503143311, 26.5468578339, 93.8916091919, 28.0048675537, 16.0335426331, 31.0346279144, 50.1574020386, 62.985710144, 69.7223587036], [307.661987305, -240.346786499, 145.922546387, 57.5379371643, 26.5468578339, 225.778945923, 99.7665023804, 62.5052680969, 45.9065170288, 41.3925323486, 27.8515052795, 0.215218991041, -18.4431095123], [-41.3705215454, 56.5656089783, 25.0473556519, 70.6774597168, 93.8916091919, 99.7665023804, 149.198928833, 96.1872940063, 52.9720230103, 47.8795433044, 39.282623291, 21.0255699158, 22.7512130737], [282.683074951, -37.9771995544, 55.4620285034, 68.4892730713, 28.0048675537, 62.5052680969, 96.1872940063, 192.984268188, 126.755310059, 60.1175918579, 35.4201431274, 19.2802524567, 23.041934967], [186.014144897, 0.533547461033, 50.1675605774, 38.6893310547, 16.0335426331, 45.9065170288, 52.9720230103, 126.755310059, 133.495819092, 71.1587982178, 33.0560646057, 15.8132591248, 8.79034328461], [58.0748291016, 35.2111358643, 25.9527988434, 27.6529922485, 31.0346279144, 41.3925323486, 47.8795433044, 60.1175918579, 71.1587982178, 89.6182785034, 61.3609161377, 25.1836090088, 7.25340032578], [-4.2049407959, 83.5282287598, -2.68599319458, 33.1401481628, 50.1574020386, 27.8515052795, 39.282623291, 35.4201431274, 33.0560646057, 61.3609161377, 99.5582733154, 62.3551139832, 21.7486343384], [-39.2419090271, 101.10559845, 6.50494480133, 47.5634155273, 62.985710144, 0.215218991041, 21.0255699158, 19.2802524567, 15.8132591248, 25.1836090088, 62.3551139832, 92.712059021, 61.903553009], [-86.3847351074, 103.121604919, 3.70474815369, 59.6869697571, 69.7223587036, -18.4431095123, 22.7512130737, 23.041934967, 8.79034328461, 7.25340032578, 21.7486343384, 61.903553009, 93.6695175171]],
        "icov": [[0.000794358435087, 0.000249376200372, 0.000169910301338, -0.0012780596735, 0.00163816846907, -0.000931697082706, 0.00114483118523, -0.00131985929329, 0.000312647753162, -0.000317409576382, 0.000142201621202, -0.000653239840176, 0.000303439679556], [0.000249376200372, 0.00165955384728, 0.000176473084139, 0.000214866522583, -0.00181712547783, 0.00195939838886, -0.000797460612375, 0.000707920931745, -0.00125744414981, 0.000259816326434, -0.000712474633474, -0.000227910248213, 0.000430914369645], [0.000169910301338, 0.000176473084139, 0.0042993077077, -0.00145038729534, 0.000608325062785, -0.00343817146495, 0.00261494843289, -0.000985215418041, -2.63621786871e-005, -0.00146561185829, 0.00230050156824, -0.00142967933789, -0.000279319356196], [-0.0012780596735, 0.000214866522583, -0.00145038729534, 0.0135524235666, -0.00835350062698, 0.000666688079946, -0.000949732901063, -0.00105722679291, 0.000342372659361, 0.000860723725054, -0.000512460886966, 0.00112262892071, -0.00387537409551], [0.00163816846907, -0.00181712547783, 0.000608325062785, -0.00835350062698, 0.0164763703942, -0.00346673838794, -0.00272190663964, 0.000469623773824, 0.000384548009606, -0.00038332582335, -2.19312969421e-005, -0.00231979368255, -0.00205919146538], [-0.000931697082706, 0.00195939838886, -0.00343817146495, 0.000666688079946, -0.00346673838794, 0.0147933522239, -0.0113328574225, 0.00590243237093, -0.00394108286127, 0.00184359622654, -0.00309274974279, 0.000577377271838, 0.00405226973817], [0.00114483118523, -0.000797460612375, 0.00261494843289, -0.000949732901063, -0.00272190663964, -0.0113328574225, 0.0245422329754, -0.0146043729037, 0.00922404974699, -0.00695666810498, 0.00214183237404, 0.00093666446628, -0.00158157607075], [-0.00131985929329, 0.000707920931745, -0.000985215418041, -0.00105722679291, 0.000469623773824, 0.00590243237093, -0.0146043729037, 0.0261112917215, -0.0226009301841, 0.0100373141468, -0.00671526417136, 0.00496056675911, -0.00372266443446], [0.000312647753162, -0.00125744414981, -2.63621786871e-005, 0.000342372659361, 0.000384548009606, -0.00394108286127, 0.00922404974699, -0.0226009301841, 0.0359205752611, -0.0229485612363, 0.0118654742837, -0.00673429295421, 0.00381418922916], [-0.000317409576382, 0.000259816326434, -0.00146561185829, 0.000860723725054, -0.00038332582335, 0.00184359622654, -0.00695666810498, 0.0100373141468, -0.0229485612363, 0.0403371080756, -0.025409406051, 0.0117170801386, -0.00401410460472], [0.000142201621202, -0.000712474633474, 0.00230050156824, -0.000512460886966, -2.19312969421e-005, -0.00309274974279, 0.00214183237404, -0.00671526417136, 0.0118654742837, -0.025409406051, 0.0399895645678, -0.0280009489506, 0.0117642907426], [-0.000653239840176, -0.000227910248213, -0.00142967933789, 0.00112262892071, -0.00231979368255, 0.000577377271838, 0.00093666446628, 0.00496056675911, -0.00673429295421, 0.0117170801386, -0.0280009489506, 0.042357750237, -0.0223846901208], [0.000303439679556, 0.000430914369645, -0.000279319356196, -0.00387537409551, -0.00205919146538, 0.00405226973817, -0.00158157607075, -0.00372266443446, 0.00381418922916, -0.00401410460472, 0.0117642907426, -0.0223846901208, 0.0286070741713]]
    },
    "spectral_contrast_coeffs": {
        "mean": [-0.533152580261, -0.638561487198, -0.692980706692, -0.791331291199, -0.789292752743, -0.794056236744],
        "var": [0.0115161212161, 0.00847694091499, 0.00682632811368, 0.00147744012065, 0.00156750530005, 0.000793722283561]
    },
    "spectral_contrast_valleys": {
        "mean": [-7.83180046082, -6.72995710373, -7.81275272369, -8.56954479218, -9.36026573181, -12.8125181198],
        "var": [1.63162636757, 0.984381914139, 0.71284866333, 0.678176105022, 0.935537874699, 1.5431497097]
    }
},
"metadata": {
    "audio_properties": {
        "analysis_sample_rate": 44100,
        "bit_rate": 100755,
        "equal_loudness": 0,
        "length": 45.0612258911,
        "lossless": 0,
        "replay_gain": -6.80860137939,
        "sample_rate": 44100,
        "codec": "mp3",
        "downmix": "mix",
        "md5_encoded": "7a130213fb5b8491e87ea6cfd10bb50f"
    },
    "tags": {
        "file_name": "211.mp3"
    },
    "version": {
        "essentia": "2.1-beta2",
        "essentia_git_sha": "v2.1_beta2",
        "extractor": "music 1.0"
    }
},
"rhythm": {
    "beats_count": 63,
    "beats_loudness": {
        "mean": 0.0445751585066,
        "var": 0.000891677453183
    },
    "bpm": 84.7585296631,
    "bpm_histogram_first_peak_bpm": {
        "mean": 85,
        "var": 0
    },
    "bpm_histogram_first_peak_spread": {
        "mean": 0.283333271742,
        "var": 0
    },
    "bpm_histogram_first_peak_weight": {
        "mean": 0.693548381329,
        "var": 0
    },
    "bpm_histogram_second_peak_bpm": {
        "mean": 91,
        "var": 0
    },
    "bpm_histogram_second_peak_spread": {
        "mean": 0,
        "var": 0
    },
    "bpm_histogram_second_peak_weight": {
        "mean": 0.0322580635548,
        "var": 0
    },
    "danceability": 0.921902835369,
    "onset_rate": 2.68402528763,
    "beats_loudness_band_ratio": {
        "mean": [0.255367428064, 0.367820501328, 0.438733965158, 0.0689125061035, 0.00828860606998, 0.00384638109244],
        "var": [0.0674924552441, 0.0409288406372, 0.0609906874597, 0.0100436564535, 0.000124369529658, 6.63113605697e-005]
    },
    "beats_position": [0.66176867485, 1.3235373497, 1.98530614376, 2.65868473053, 3.33206343651, 4.01705217361, 4.71365070343, 5.41024923325, 6.10684776306, 6.81505680084, 7.52326536179, 8.23147392273, 8.93968200684, 9.64789104462, 10.3560991287, 11.0526981354, 11.749297142, 12.4691152573, 13.177324295, 13.8855323792, 14.5937414169, 15.301949501, 15.9985485077, 16.7067565918, 17.4033565521, 18.1115646362, 18.8197727203, 19.5279808044, 20.2245807648, 20.94439888, 21.640996933, 22.3375968933, 23.0341949463, 23.7424030304, 24.4506111145, 25.1472110748, 25.8554191589, 26.5752372742, 27.2834453583, 27.9916553497, 28.6998634338, 29.3964614868, 30.1046714783, 30.8244895935, 31.5326976776, 32.2409057617, 32.960723877, 33.6805419922, 34.4119720459, 35.1317901611, 35.8516082764, 36.5714263916, 37.2796363831, 37.9878463745, 38.6960525513, 39.4042625427, 40.1124725342, 40.8206787109, 41.5172767639, 42.2370948792, 42.9569168091, 43.6767349243, 44.3965530396]
},
"tonal": {
    "chords_changes_rate": 0.0462962947786,
    "chords_number_rate": 0.00720164598897,
    "chords_strength": {
        "mean": 0.510423958302,
        "var": 0.0113678937778
    },
    "hpcp_entropy": {
        "mean": 1.68467915058,
        "var": 0.365871042013
    },
    "key_strength": 0.637674033642,
    "tuning_diatonic_strength": 0.595437765121,
    "tuning_equal_tempered_deviation": 0.16169346869,
    "tuning_frequency": 434.193115234,
    "tuning_nontempered_energy_ratio": 0.867062985897,
    "hpcp": {
        "mean": [0.0157655291259, 0.0095969941467, 0.0610371567309, 0.145429193974, 0.136822894216, 0.0969382971525, 0.136879712343, 0.126425489783, 0.0496646650136, 0.0139535870403, 0.019639139995, 0.098296880722, 0.247556373477, 0.243077963591, 0.091471619904, 0.0160608403385, 0.0116057917476, 0.0383009649813, 0.172789812088, 0.221911817789, 0.10809314996, 0.102897256613, 0.13706111908, 0.157679647207, 0.18170773983, 0.0954829603434, 0.0387214794755, 0.145870700479, 0.170701339841, 0.0615905448794, 0.015196881257, 0.0289068426937, 0.162711963058, 0.422197818756, 0.382440835238, 0.115250453353],
        "var": [0.00320634804666, 0.00193235219922, 0.0248366184533, 0.0817172974348, 0.0573601685464, 0.0348667539656, 0.0646423622966, 0.046866659075, 0.0103908367455, 0.00185458688065, 0.00353494402952, 0.0298344828188, 0.106078863144, 0.0992471575737, 0.0253416523337, 0.00341236870736, 0.00244569289498, 0.00921555701643, 0.0687693059444, 0.106339968741, 0.0293325185776, 0.0425124689937, 0.0709113553166, 0.0749696567655, 0.105801820755, 0.026994375512, 0.00983337499201, 0.0590711012483, 0.0783000439405, 0.011765322648, 0.00393004110083, 0.00872100517154, 0.0437774732709, 0.141246750951, 0.121452853084, 0.0309070963413]
    },
    "chords_histogram": [32.8189315796, 0, 1.13168728352, 0, 0, 0, 0, 0, 0, 0, 0, 0, 0, 0, 0, 0, 0, 26.440328598, 0, 25.7201652527, 0.617283940315, 4.52674913406, 4.32098770142, 4.42386817932],
    "thpcp": [1, 0.905833303928, 0.272977381945, 0.037341568619, 0.0227310359478, 0.144570037723, 0.344457477331, 0.324072957039, 0.229603976011, 0.324207544327, 0.299446105957, 0.117633640766, 0.033049877733, 0.0465164408088, 0.232821851969, 0.586351633072, 0.575744271278, 0.216655835509, 0.0380410328507, 0.0274889897555, 0.0907180532813, 0.409262686968, 0.525610983372, 0.256024897099, 0.243718117476, 0.324637204409, 0.373473376036, 0.430385321379, 0.226156920195, 0.0917140692472, 0.345503211021, 0.404316008091, 0.145880773664, 0.0359946936369, 0.0684675350785, 0.385392725468],
    "chords_key": "C#",
    "chords_scale": "major",
    "key_key": "C#",
    "key_scale": "major"
}
}