{
"lowlevel": {
    "average_loudness": 0.0615418031812,
    "barkbands_crest": {
        "mean": 14.3460664749,
        "var": 29.0910549164
    },
    "barkbands_flatness_db": {
        "mean": 0.295740842819,
        "var": 0.00907342042774
    },
    "barkbands_kurtosis": {
        "mean": 14.138343811,
        "var": 660.211791992
    },
    "barkbands_skewness": {
        "mean": 1.95728504658,
        "var": 4.11321640015
    },
    "barkbands_spread": {
        "mean": 7.20569753647,
        "var": 44.4259147644
    },
    "dissonance": {
        "mean": 0.394559681416,
        "var": 0.0059857564047
    },
    "dynamic_complexity": 13.3315267563,
    "erbbands_crest": {
        "mean": 15.6217756271,
        "var": 47.710735321
    },
    "erbbands_flatness_db": {
        "mean": 0.290315359831,
        "var": 0.00564065482467
    },
    "erbbands_kurtosis": {
        "mean": 4.77842521667,
        "var": 79.0549240112
    },
    "erbbands_skewness": {
        "mean": 1.16799449921,
        "var": 1.84556007385
    },
    "erbbands_spread": {
        "mean": 17.3372554779,
        "var": 180.611633301
    },
    "hfc": {
        "mean": 4.24950933456,
        "var": 64.8151016235
    },
    "melbands_crest": {
        "mean": 17.5043563843,
        "var": 38.1713294983
    },
    "melbands_flatness_db": {
        "mean": 0.384340435266,
        "var": 0.012679444626
    },
    "melbands_kurtosis": {
        "mean": 19.9403533936,
        "var": 1313.35461426
    },
    "melbands_skewness": {
        "mean": 2.37274837494,
        "var": 5.12177562714
    },
    "melbands_spread": {
        "mean": 9.73147773743,
        "var": 116.485870361
    },
    "pitch_salience": {
        "mean": 0.463197261095,
        "var": 0.02427521348
    },
    "silence_rate_20dB": {
        "mean": 1,
        "var": 0
    },
    "silence_rate_30dB": {
        "mean": 0.985581874847,
        "var": 0.0142102539539
    },
    "silence_rate_60dB": {
        "mean": 0.599382102489,
        "var": 0.24012042582
    },
    "spectral_centroid": {
        "mean": 648.176940918,
        "var": 296168.28125
    },
    "spectral_complexity": {
        "mean": 4.24562311172,
        "var": 24.158197403
    },
    "spectral_decrease": {
        "mean": -3.06483660673e-009,
        "var": 4.02608689551e-017
    },
    "spectral_energy": {
        "mean": 0.0119528416544,
        "var": 0.000603182590567
    },
    "spectral_energyband_high": {
        "mean": 4.89428475703e-006,
        "var": 1.52039228429e-010
    },
    "spectral_energyband_low": {
        "mean": 0.00345391593874,
        "var": 0.000212016515434
    },
    "spectral_energyband_middle_high": {
        "mean": 0.00110294669867,
        "var": 8.46524926601e-006
    },
    "spectral_energyband_middle_low": {
        "mean": 0.0081656370312,
        "var": 0.00027548649814
    },
    "spectral_entropy": {
        "mean": 6.171916008,
        "var": 0.740307331085
    },
    "spectral_flux": {
        "mean": 0.0270696766675,
        "var": 0.00121763464995
    },
    "spectral_kurtosis": {
        "mean": 31.5913848877,
        "var": 1282.73120117
    },
    "spectral_rms": {
        "mean": 0.00222466746345,
        "var": 6.71216639603e-006
    },
    "spectral_rolloff": {
        "mean": 665.079162598,
        "var": 904368.625
    },
    "spectral_skewness": {
        "mean": 3.57407903671,
        "var": 4.74659442902
    },
    "spectral_spread": {
        "mean": 2124097.5,
        "var": 2.3405157417e+012
    },
    "spectral_strongpeak": {
        "mean": 0.611650586128,
        "var": 0.867637872696
    },
    "zerocrossingrate": {
        "mean": 0.025720000267,
        "var": 0.000673732778523
    },
    "barkbands": {
        "mean": [2.23646020459e-006, 0.000373642746126, 0.00238577788696, 0.00141856831033, 0.00439500669017, 0.000596060126554, 0.000210695681744, 0.000215822365135, 0.00117243465502, 0.000594082346652, 0.000185822369531, 6.84404440108e-005, 6.59595243633e-005, 3.46450724464e-005, 6.72673995723e-005, 3.55900156137e-005, 6.01791507506e-005, 4.54857945442e-005, 1.08175008791e-005, 1.11868303065e-005, 1.81554457868e-006, 5.71016869344e-007, 3.66199998325e-007, 1.59955632739e-007, 1.38179444775e-007, 7.02194071778e-008, 4.98930008419e-009],
        "var": [3.00961061628e-011, 2.9706479836e-006, 0.000150738502271, 1.97399949684e-005, 0.000144111414556, 3.3687067571e-006, 4.63338523105e-007, 1.19776802876e-006, 3.0409266401e-005, 4.82088989884e-006, 5.0588596423e-007, 5.06302910708e-008, 7.25268733959e-008, 2.16352642468e-008, 5.43942313413e-008, 1.35841782267e-008, 7.37151850672e-008, 8.26264425768e-008, 9.94777371588e-010, 4.04921296493e-009, 2.58035606771e-011, 2.71588719396e-012, 1.74336987988e-012, 2.56034912239e-013, 2.06052202753e-013, 5.89986094918e-014, 4.91466886024e-016]
    },
    "erbbands": {
        "mean": [0.00387396803126, 0.145561754704, 1.98257374763, 4.36993360519, 7.88417816162, 19.2909793854, 10.5038261414, 3.77502846718, 3.0837161541, 4.9085650444, 8.10457324982, 30.880109787, 16.189458847, 14.6897096634, 5.7167301178, 3.41674280167, 3.19238567352, 1.7520236969, 1.86632096767, 4.35221147537, 2.10344457626, 2.92837619781, 2.97279334068, 0.577838242054, 0.629091262817, 0.561458408833, 0.121503196657, 0.0506048873067, 0.0251521356404, 0.0143893249333, 0.00849410891533, 0.0037691257894, 0.00251167826355, 0.00123138038907, 0.00111778441351, 0.000436758506112, 0.000119774136692, 2.12059640035e-005, 6.16562920186e-006, 1.33255934998e-005],
        "var": [0.000150555526488, 0.36463612318, 99.2160797119, 226.622817993, 576.417724609, 3890.86865234, 836.065612793, 91.876701355, 127.112686157, 359.970306396, 946.397583008, 23781.7421875, 3099.49487305, 2989.43334961, 397.204742432, 101.589790344, 143.958938599, 50.7253723145, 25.781375885, 254.247558594, 40.3426170349, 170.373687744, 255.411651611, 2.19451713562, 3.96343755722, 13.5034160614, 0.14546276629, 0.0147293237969, 0.00556200183928, 0.00218168110587, 0.000807703472674, 0.000135441805469, 6.98652438587e-005, 1.48505550897e-005, 1.46223319462e-005, 2.23181177716e-006, 1.80174822617e-007, 6.94670054813e-009, 1.43603656744e-010, 7.3541694956e-010]
    },
    "gfcc": {
        "mean": [-287.931793213, 178.229171753, -117.324157715, 8.36389827728, -35.7492790222, -12.565489769, -25.3652515411, -5.74866008759, -18.3958244324, -13.7975559235, -16.8086414337, -15.590426445, -2.5671877861],
        "cov": [[20636.9101563, 1066.58837891, -2208.85009766, -927.014038086, -816.079772949, -1054.36291504, -256.137512207, -884.527709961, -649.35369873, -1185.36889648, -682.753723145, -242.16305542, 332.807678223], [1066.58837891, 1746.16418457, 463.870910645, -412.601470947, 210.270309448, -347.942810059, 74.4646759033, -300.040252686, 308.183044434, -89.0821456909, 119.897003174, -259.771789551, 47.7631263733], [-2208.85009766, 463.870910645, 2096.22705078, 233.976623535, 245.019256592, 145.039916992, -237.21862793, -124.262969971, 124.189102173, 129.801589966, 5.54178285599, -61.5190124512, -117.362976074], [-927.014038086, -412.601470947, 233.976623535, 590.297912598, 148.60748291, 151.093673706, 40.8865242004, 102.346427917, -119.390968323, -14.0152616501, -38.9915542603, 92.0550689697, 9.28002166748], [-816.079772949, 210.270309448, 245.019256592, 148.60748291, 417.498046875, 103.960769653, 131.471694946, 11.69942379, 23.4400939941, 9.76975727081, 16.6583652496, -0.167120695114, 4.27212572098], [-1054.36291504, -347.942810059, 145.039916992, 151.093673706, 103.960769653, 443.575012207, 64.7528839111, 155.509338379, 11.55443573, 121.582702637, 43.2783966064, 82.3384552002, -40.9883041382], [-256.137512207, 74.4646759033, -237.21862793, 40.8865242004, 131.471694946, 64.7528839111, 266.305908203, 96.8199691772, 54.6528739929, -17.5781345367, 27.7091140747, -6.70253372192, 20.7562713623], [-884.527709961, -300.040252686, -124.262969971, 102.346427917, 11.69942379, 155.509338379, 96.8199691772, 259.137573242, 40.5092773438, 78.2098693848, 8.38469791412, 54.3200378418, -16.2068347931], [-649.35369873, 308.183044434, 124.189102173, -119.390968323, 23.4400939941, 11.55443573, 54.6528739929, 40.5092773438, 275.111083984, 120.435424805, 86.525177002, -80.9174041748, -28.1516361237], [-1185.36889648, -89.0821456909, 129.801589966, -14.0152616501, 9.76975727081, 121.582702637, -17.5781345367, 78.2098693848, 120.435424805, 239.155975342, 105.51020813, 13.6519956589, -69.7759094238], [-682.753723145, 119.897003174, 5.54178285599, -38.9915542603, 16.6583652496, 43.2783966064, 27.7091140747, 8.38469791412, 86.525177002, 105.51020813, 221.341812134, 61.7108459473, -26.6233921051], [-242.16305542, -259.771789551, -61.5190124512, 92.0550689697, -0.167120695114, 82.3384552002, -6.70253372192, 54.3200378418, -80.9174041748, 13.6519956589, 61.7108459473, 174.051620483, 17.8573474884], [332.807678223, 47.7631263733, -117.362976074, 9.28002166748, 4.27212572098, -40.9883041382, 20.7562713623, -16.2068347931, -28.1516361237, -69.7759094238, -26.6233921051, 17.8573474884, 105.096992493]],
        "icov": [[0.000106612002128, -0.000160947296536, 0.000140462507261, 4.08416917708e-006, 0.000174303815584, -0.000104790276964, 8.6520514742e-005, 0.000217674052692, 5.59348118259e-005, 0.000259034277406, 0.000327667279635, -0.000186386954738, 0.000162196753081], [-0.000160947296536, 0.00254095182754, -0.000816371350084, 0.00109221891034, -0.0013862879714, 0.00113803334534, -0.000787266879342, 0.000671227870043, -0.00149891164619, 0.00111409532838, -0.0024379757233, 0.00216094171628, -0.00154062360525], [0.000140462507261, -0.000816371350084, 0.00120190228336, -0.000728922430426, -8.99300648598e-005, -0.000703109719325, 0.00144274544436, 0.000504946976434, -0.000421485980041, 0.00011638867727, 0.00111520348582, -0.000708049687091, 0.00122231070418], [4.08416917708e-006, 0.00109221891034, -0.000728922430426, 0.00319346995093, -0.0011165747419, 0.000307069363771, -0.000672555121128, -0.000653394556139, 0.000733796157874, 0.000694882241078, -0.000702089921106, 0.000357872253517, -0.000988833140582], [0.000174303815584, -0.0013862879714, -8.99300648598e-005, -0.0011165747419, 0.00473860651255, -0.00108072254807, -0.00228111981414, 0.000993484049104, 0.00102140358649, -0.000833529047668, 0.00157917989418, -0.00120969978161, 0.000391620444134], [-0.000104790276964, 0.00113803334534, -0.000703109719325, 0.000307069363771, -0.00108072254807, 0.00427335547283, -0.00114058039617, -0.00117103918456, -5.44507456652e-005, -0.00118965632282, -0.000824903487228, -0.000175635330379, -0.000225956275244], [8.6520514742e-005, -0.000787266879342, 0.00144274544436, -0.000672555121128, -0.00228111981414, -0.00114058039617, 0.00843033753335, -0.0027617525775, -0.00144333904609, 0.00269886525348, -0.000971941044554, 0.000965456769336, 0.00030632209382], [0.000217674052692, 0.000671227870043, 0.000504946976434, -0.000653394556139, 0.000993484049104, -0.00117103918456, -0.0027617525775, 0.00879741925746, -0.00265083205886, -0.000969754881226, 0.00268419436179, -0.00265943305567, 0.000810135970823], [5.59348118259e-005, -0.00149891164619, -0.000421485980041, 0.000733796157874, 0.00102140358649, -5.44507456652e-005, -0.00144333904609, -0.00265083205886, 0.00985809694976, -0.00404382776469, -0.00180512457155, 0.00378208956681, -0.00136193074286], [0.000259034277406, 0.00111409532838, 0.00011638867727, 0.000694882241078, -0.000833529047668, -0.00118965632282, 0.00269886525348, -0.000969754881226, -0.00404382776469, 0.0114142587408, -0.00338850915432, 0.000769843289163, 0.0031351307407], [0.000327667279635, -0.0024379757233, 0.00111520348582, -0.000702089921106, 0.00157917989418, -0.000824903487228, -0.000971941044554, 0.00268419436179, -0.00180512457155, -0.00338850915432, 0.0116758737713, -0.00793919246644, 0.00317119667307], [-0.000186386954738, 0.00216094171628, -0.000708049687091, 0.000357872253517, -0.00120969978161, -0.000175635330379, 0.000965456769336, -0.00265943305567, 0.00378208956681, 0.000769843289163, -0.00793919246644, 0.0142196984962, -0.00473733153194], [0.000162196753081, -0.00154062360525, 0.00122231070418, -0.000988833140582, 0.000391620444134, -0.000225956275244, 0.00030632209382, 0.000810135970823, -0.00136193074286, 0.0031351307407, 0.00317119667307, -0.00473733153194, 0.0144391600043]]
    },
    "melbands": {
        "mean": [6.59524812363e-005, 0.000769078382291, 0.000853039964568, 0.000972466135863, 0.000506099371705, 8.80987499841e-005, 4.61304298369e-005, 5.43331043446e-005, 0.000104256505438, 0.000174378816155, 7.76091692387e-005, 6.40873404336e-005, 2.1555371859e-005, 8.19485921966e-006, 1.03800130091e-005, 4.28049406764e-006, 3.29058866555e-006, 2.56380963037e-006, 5.50550112166e-006, 4.3270297283e-006, 2.38706411437e-006, 2.45642354457e-006, 5.12496535521e-006, 9.73003238869e-007, 3.77128827722e-007, 4.11939055311e-007, 5.49302342279e-007, 2.96165495683e-007, 7.32988638674e-008, 4.30125233208e-008, 2.45502747021e-008, 1.61917590447e-008, 6.45599040894e-009, 9.14242992422e-009, 5.28657873033e-009, 2.84995915756e-009, 1.96829774701e-009, 1.84600745801e-009, 1.25077259661e-009, 9.50665768329e-010],
        "var": [7.62461169757e-008, 1.38455343404e-005, 7.037510386e-006, 7.79926540417e-006, 1.83374106655e-006, 5.60057493715e-008, 2.43414657319e-008, 5.68879912066e-008, 2.16774168393e-007, 7.07507524567e-007, 8.43486347435e-008, 5.90325939243e-008, 5.81349723916e-009, 7.57262641482e-010, 1.23257359874e-009, 2.10456943539e-010, 2.25320734293e-010, 6.18066847702e-011, 3.51598833381e-010, 2.40636732762e-010, 8.93756318954e-011, 9.68283578318e-011, 1.35458000372e-009, 9.77344073727e-012, 1.12669411561e-012, 1.86450681283e-012, 5.86146322451e-012, 4.5062308919e-012, 7.90187210911e-014, 1.47221746241e-014, 3.88311539702e-015, 2.62574792638e-015, 3.73995486459e-016, 1.1522683637e-015, 3.28069968864e-016, 8.38976075739e-017, 3.89414364688e-017, 4.01389061369e-017, 1.72576974215e-017, 9.37206056498e-018]
    },
    "mfcc": {
        "mean": [-902.434204102, 165.988296509, 14.1248083115, 14.978053093, 8.7196264267, -1.08884620667, -2.31314086914, -0.66121584177, 2.52537465096, 0.556482195854, -6.69481658936, -8.65276145935, -7.17545461655],
        "cov": [[13479.7822266, 4194.99121094, -3574.5715332, 225.005279541, -904.148681641, -822.724121094, -175.82762146, -148.55480957, -260.151153564, -562.093017578, -819.904052734, -777.512207031, -710.433349609], [4194.99121094, 2650.84057617, -487.238891602, -112.988670349, -127.915878296, -251.36000061, -237.256134033, -247.998016357, -85.4909820557, -53.1148414612, -144.795562744, -194.466583252, -166.977096558], [-3574.5715332, -487.238891602, 2131.68481445, 146.912307739, 386.737030029, 389.567199707, -154.148681641, -99.2302932739, 11.5599746704, 182.47984314, 246.087432861, 137.727401733, 103.654556274], [225.005279541, -112.988670349, 146.912307739, 400.850372314, 77.747177124, 65.5820617676, 68.9271850586, 49.9180755615, 32.5239448547, -27.9052047729, -64.7057037354, -98.7867584229, -84.8975753784], [-904.148681641, -127.915878296, 386.737030029, 77.747177124, 255.445205688, 178.275741577, 61.7515830994, 28.3945407867, 21.8096790314, 43.2978248596, 54.0685272217, 54.5622558594, 59.4080276489], [-822.724121094, -251.36000061, 389.567199707, 65.5820617676, 178.275741577, 266.421661377, 105.065284729, 49.2840881348, 32.4690055847, 33.2816009521, 52.2724876404, 58.1480979919, 58.3823890686], [-175.82762146, -237.256134033, -154.148681641, 68.9271850586, 61.7515830994, 105.065284729, 249.722229004, 162.204040527, 43.4229202271, -17.6088752747, -21.2616519928, 11.5023183823, 38.2028083801], [-148.55480957, -247.998016357, -99.2302932739, 49.9180755615, 28.3945407867, 49.2840881348, 162.204040527, 205.233917236, 80.6509552002, -16.9516162872, -18.7446346283, 13.0310955048, 37.021522522], [-260.151153564, -85.4909820557, 11.5599746704, 32.5239448547, 21.8096790314, 32.4690055847, 43.4229202271, 80.6509552002, 162.701644897, 99.8582382202, 23.1995849609, 3.03629159927, 3.5275323391], [-562.093017578, -53.1148414612, 182.47984314, -27.9052047729, 43.2978248596, 33.2816009521, -17.6088752747, -16.9516162872, 99.8582382202, 184.23626709, 114.535308838, 28.0357456207, 3.05775523186], [-819.904052734, -144.795562744, 246.087432861, -64.7057037354, 54.0685272217, 52.2724876404, -21.2616519928, -18.7446346283, 23.1995849609, 114.535308838, 193.063247681, 141.559005737, 72.074798584], [-777.512207031, -194.466583252, 137.727401733, -98.7867584229, 54.5622558594, 58.1480979919, 11.5023183823, 13.0310955048, 3.03629159927, 28.0357456207, 141.559005737, 231.776290894, 182.141174316], [-710.433349609, -166.977096558, 103.654556274, -84.8975753784, 59.4080276489, 58.3823890686, 38.2028083801, 37.021522522, 3.5275323391, 3.05775523186, 72.074798584, 182.141174316, 254.702789307]],
        "icov": [[0.0013717582915, -0.00189324293751, 0.00209088576958, -0.00231960043311, 0.00279700034298, -0.00319773540832, 0.00327175529674, -0.00340209924616, 0.00348995020613, -0.00199998565949, 0.00226728711277, -0.00121433031745, 0.00124778365716], [-0.00189324293751, 0.00311916694045, -0.00276916846633, 0.00335903419182, -0.0042081377469, 0.00467124441639, -0.00438152300194, 0.00532679026946, -0.0051233721897, 0.00305264000781, -0.00317951780744, 0.00211221515201, -0.00177203782368], [0.00209088576958, -0.00276916846633, 0.00439023319632, -0.00399193214253, 0.00354724377394, -0.00653436314315, 0.00712779024616, -0.00596588850021, 0.00617519952357, -0.00377530255355, 0.00274748844095, -0.00129725865554, 0.00147786433809], [-0.00231960043311, 0.00335903419182, -0.00399193214253, 0.00772657245398, -0.00596878444776, 0.00607935478911, -0.00705924769863, 0.00682965572923, -0.00822185445577, 0.0060775782913, -0.00469619967043, 0.00391604565084, -0.00143367704004], [0.00279700034298, -0.0042081377469, 0.00354724377394, -0.00596878444776, 0.014525430277, -0.0107723250985, 0.00620670104399, -0.0078282719478, 0.00890280678868, -0.00666946405545, 0.00595814408734, -0.0038355726283, 0.00191146996804], [-0.00319773540832, 0.00467124441639, -0.00653436314315, 0.00607935478911, -0.0107723250985, 0.0185621678829, -0.01395032648, 0.0116506172344, -0.0115675916895, 0.00775140058249, -0.006355071906, 0.00271207792684, -0.00258854054846], [0.00327175529674, -0.00438152300194, 0.00712779024616, -0.00705924769863, 0.00620670104399, -0.01395032648, 0.0223345346749, -0.0187987834215, 0.014126890339, -0.00988390948623, 0.00769110256806, -0.0035372893326, 0.00240827049129], [-0.00340209924616, 0.00532679026946, -0.00596588850021, 0.00682965572923, -0.0078282719478, 0.0116506172344, -0.0187987834215, 0.0264825820923, -0.0211408492178, 0.0158354584128, -0.0109988991171, 0.00666188867763, -0.00471606431529], [0.00348995020613, -0.0051233721897, 0.00617519952357, -0.00822185445577, 0.00890280678868, -0.0115675916895, 0.014126890339, -0.0211408492178, 0.0308121182024, -0.024590741843, 0.0170140899718, -0.0102465087548, 0.00503229210153], [-0.00199998565949, 0.00305264000781, -0.00377530255355, 0.0060775782913, -0.00666946405545, 0.00775140058249, -0.00988390948623, 0.0158354584128, -0.024590741843, 0.0317295156419, -0.0242778919637, 0.0152632594109, -0.00514066638425], [0.00226728711277, -0.00317951780744, 0.00274748844095, -0.00469619967043, 0.00595814408734, -0.006355071906, 0.00769110256806, -0.0109988991171, 0.0170140899718, -0.0242778919637, 0.0328278914094, -0.0227675102651, 0.00911594368517], [-0.00121433031745, 0.00211221515201, -0.00129725865554, 0.00391604565084, -0.0038355726283, 0.00271207792684, -0.0035372893326, 0.00666188867763, -0.0102465087548, 0.0152632594109, -0.0227675102651, 0.027171548456, -0.0133633110672], [0.00124778365716, -0.00177203782368, 0.00147786433809, -0.00143367704004, 0.00191146996804, -0.00258854054846, 0.00240827049129, -0.00471606431529, 0.00503229210153, -0.00514066638425, 0.00911594368517, -0.0133633110672, 0.0126059977338]]
    },
    "spectral_contrast_coeffs": {
        "mean": [-0.630022406578, -0.742581248283, -0.7303378582, -0.807847082615, -0.816900670528, -0.792210042477],
        "var": [0.02297385782, 0.0117769772187, 0.00868862867355, 0.00456148991361, 0.00341086019762, 0.00300783966668]
    },
    "spectral_contrast_valleys": {
        "mean": [-9.28071975708, -8.9119644165, -9.83416461945, -10.1514492035, -10.7285757065, -14.3423271179],
        "var": [2.09840273857, 2.85704612732, 3.17654156685, 2.5390059948, 2.35621786118, 1.57287871838]
    }
},
"metadata": {
    "audio_properties": {
        "analysis_sample_rate": 44100,
        "bit_rate": 95569,
        "equal_loudness": 0,
        "length": 45.0612258911,
        "lossless": 0,
        "replay_gain": -5.59015846252,
        "sample_rate": 44100,
        "codec": "mp3",
        "downmix": "mix",
        "md5_encoded": "7d885905ce23e53036b34a2835e8d6e6"
    },
    "tags": {
        "file_name": "215.mp3"
    },
    "version": {
        "essentia": "2.1-beta2",
        "essentia_git_sha": "v2.1_beta2",
        "extractor": "music 1.0"
    }
},
"rhythm": {
    "beats_count": 98,
    "beats_loudness": {
        "mean": 0.0173376109451,
        "var": 0.00125404738355
    },
    "bpm": 129.46913147,
    "bpm_histogram_first_peak_bpm": {
        "mean": 129,
        "var": 0
    },
    "bpm_histogram_first_peak_spread": {
        "mean": 0.613636374474,
        "var": 0
    },
    "bpm_histogram_first_peak_weight": {
        "mean": 0.175257727504,
        "var": 0
    },
    "bpm_histogram_second_peak_bpm": {
        "mean": 136,
        "var": 0
    },
    "bpm_histogram_second_peak_spread": {
        "mean": 0.5,
        "var": 0
    },
    "bpm_histogram_second_peak_weight": {
        "mean": 0.123711340129,
        "var": 0
    },
    "danceability": 0.855368793011,
    "onset_rate": 2.4400229454,
    "beats_loudness_band_ratio": {
        "mean": [0.419434130192, 0.276257902384, 0.22619920969, 0.110409237444, 0.0316104590893, 0.00437270756811],
        "var": [0.117969200015, 0.0771632865071, 0.0756476670504, 0.0314161591232, 0.00395929347724, 9.7375450423e-005]
    },
    "beats_position": [0.452789098024, 0.917188167572, 1.369977355, 1.82276642323, 2.27555561066, 2.72834467888, 3.15791368484, 3.59909296036, 4.04027223587, 4.48145103455, 4.91102027893, 5.34058952332, 5.7701587677, 6.19972801208, 6.62929677963, 7.05886602402, 7.4884352684, 7.91800451279, 8.34757328033, 8.77714252472, 9.18349170685, 9.6014509201, 10.0310201645, 10.4025392532, 10.774058342, 11.1455783844, 11.505487442, 11.8653964996, 12.2253055573, 12.5852155685, 12.9567346573, 13.328253746, 13.7926530838, 14.2454423904, 14.7098407745, 15.1858501434, 15.6618595123, 16.1494789124, 16.6487064362, 17.1363258362, 17.600725174, 18.088344574, 18.5527439117, 19.0287532806, 19.5047607422, 19.9923801422, 20.4683895111, 20.94439888, 21.4204082489, 21.8964176178, 22.3608150482, 22.825214386, 23.2896137238, 23.7540130615, 24.2184123993, 24.6828117371, 25.158821106, 25.6116104126, 26.0643978119, 26.5171871185, 26.958366394, 27.3995456696, 27.8407249451, 28.2819042206, 28.7230834961, 29.1642627716, 29.6170520782, 30.0698413849, 30.5110206604, 30.9521980286, 31.4049873352, 31.8577766418, 32.322177887, 32.7749671936, 33.239364624, 33.7037620544, 34.1681632996, 34.5512924194, 34.9460296631, 35.329158783, 35.8051681519, 36.2811775208, 36.7571868896, 37.2564163208, 37.7440338135, 38.1968231201, 38.6612243652, 39.1024017334, 39.55519104, 40.0195922852, 40.5884780884, 41.1573677063, 41.7378692627, 42.3299751282, 42.9220848083, 43.5141944885, 44.0946922302, 44.6751937866]
},
"tonal": {
    "chords_changes_rate": 0.0833333358169,
    "chords_number_rate": 0.0185185186565,
    "chords_strength": {
        "mean": 0.494753539562,
        "var": 0.0103632528335
    },
    "hpcp_entropy": {
        "mean": 1.81452357769,
        "var": 0.597272455692
    },
    "key_strength": 0.425289392471,
    "tuning_diatonic_strength": 0.364129364491,
    "tuning_equal_tempered_deviation": 0.212207496166,
    "tuning_frequency": 447.949737549,
    "tuning_nontempered_energy_ratio": 0.872081339359,
    "hpcp": {
        "mean": [0.061901755631, 0.0622610971332, 0.110991828144, 0.177363112569, 0.171275869012, 0.149486228824, 0.162115737796, 0.146192193031, 0.105230391026, 0.0828707739711, 0.0811660587788, 0.0744179710746, 0.075641207397, 0.0837476328015, 0.12791223824, 0.180166378617, 0.124666102231, 0.0436780489981, 0.0405366569757, 0.0681611895561, 0.104864895344, 0.124018244445, 0.191393107176, 0.245396539569, 0.173179343343, 0.110741525888, 0.100106693804, 0.0914918556809, 0.0931608378887, 0.0891691073775, 0.074015557766, 0.0714264512062, 0.080942325294, 0.0772443637252, 0.0673675239086, 0.0686357617378],
        "var": [0.0255642198026, 0.0222864933312, 0.0474620647728, 0.0975984185934, 0.0839800164104, 0.0658316165209, 0.0766707211733, 0.07007727772, 0.0463526062667, 0.0366502329707, 0.0393154099584, 0.031306438148, 0.0383310951293, 0.0400669053197, 0.0504407137632, 0.102779358625, 0.0579202324152, 0.0116433314979, 0.0110149336979, 0.0315050818026, 0.0475069694221, 0.0509612560272, 0.0809522345662, 0.130173906684, 0.0742050111294, 0.0492375977337, 0.0448154583573, 0.0431497357786, 0.0454374179244, 0.04646069929, 0.0369363464415, 0.0338773131371, 0.0406794883311, 0.0374482534826, 0.0248102303594, 0.0299324486405]
    },
    "chords_histogram": [10.8024692535, 2.46913576126, 7.30452680588, 2.77777767181, 4.62962961197, 1.23456788063, 0.925925910473, 11.1111106873, 0.514403283596, 0.205761313438, 0.514403283596, 3.08641982079, 2.88065838814, 1.02880656719, 7.30452680588, 0.308641970158, 2.98353910446, 2.88065838814, 0.925925910473, 16.4609050751, 5.24691343307, 7.51028823853, 3.08641982079, 3.80658435822],
    "thpcp": [1, 0.705712258816, 0.4512758255, 0.407938480377, 0.372832715511, 0.379633873701, 0.363367408514, 0.301616132259, 0.291065424681, 0.329842984676, 0.314773648977, 0.274525165558, 0.27969327569, 0.252251952887, 0.253716289997, 0.452295809984, 0.722761273384, 0.697955489159, 0.609161913395, 0.660627663136, 0.595738589764, 0.428817749023, 0.33770146966, 0.330754697323, 0.303256005049, 0.308240711689, 0.341274708509, 0.521247088909, 0.734184682369, 0.50801897049, 0.177989676595, 0.165188387036, 0.277759373188, 0.42732834816, 0.505378961563, 0.779933989048],
    "chords_key": "E",
    "chords_scale": "minor",
    "key_key": "A",
    "key_scale": "major"
}
}