{
"lowlevel": {
    "average_loudness": 0.962779223919,
    "barkbands_crest": {
        "mean": 13.6714057922,
        "var": 23.0586986542
    },
    "barkbands_flatness_db": {
        "mean": 0.258328050375,
        "var": 0.00297191529535
    },
    "barkbands_kurtosis": {
        "mean": 3.21009659767,
        "var": 29.217628479
    },
    "barkbands_skewness": {
        "mean": 1.25918877125,
        "var": 1.07980394363
    },
    "barkbands_spread": {
        "mean": 9.96895217896,
        "var": 29.5137271881
    },
    "dissonance": {
        "mean": 0.403432130814,
        "var": 0.00260426988825
    },
    "dynamic_complexity": 2.75588154793,
    "erbbands_crest": {
        "mean": 15.1792736053,
        "var": 37.5530471802
    },
    "erbbands_flatness_db": {
        "mean": 0.288361787796,
        "var": 0.00338713079691
    },
    "erbbands_kurtosis": {
        "mean": 1.13585329056,
        "var": 12.4249572754
    },
    "erbbands_skewness": {
        "mean": 0.361732751131,
        "var": 0.641177177429
    },
    "erbbands_spread": {
        "mean": 19.3377380371,
        "var": 84.9026184082
    },
    "hfc": {
        "mean": 12.9067115784,
        "var": 133.509414673
    },
    "melbands_crest": {
        "mean": 17.3841724396,
        "var": 39.9831733704
    },
    "melbands_flatness_db": {
        "mean": 0.308968096972,
        "var": 0.00345714623109
    },
    "melbands_kurtosis": {
        "mean": 6.339179039,
        "var": 76.3515548706
    },
    "melbands_skewness": {
        "mean": 1.75915265083,
        "var": 1.69876194
    },
    "melbands_spread": {
        "mean": 14.6118879318,
        "var": 108.544067383
    },
    "pitch_salience": {
        "mean": 0.433062672615,
        "var": 0.00962005276233
    },
    "silence_rate_20dB": {
        "mean": 1,
        "var": 0
    },
    "silence_rate_30dB": {
        "mean": 0.998970687389,
        "var": 0.00102828466333
    },
    "silence_rate_60dB": {
        "mean": 0.0910962447524,
        "var": 0.082799218595
    },
    "spectral_centroid": {
        "mean": 875.913574219,
        "var": 261593.3125
    },
    "spectral_complexity": {
        "mean": 9.04683494568,
        "var": 12.7310409546
    },
    "spectral_decrease": {
        "mean": -5.5196189841e-009,
        "var": 2.05885254464e-017
    },
    "spectral_energy": {
        "mean": 0.0220029987395,
        "var": 0.000323810061673
    },
    "spectral_energyband_high": {
        "mean": 3.696703061e-005,
        "var": 1.34065869517e-009
    },
    "spectral_energyband_low": {
        "mean": 0.00244125816971,
        "var": 2.3557951863e-005
    },
    "spectral_energyband_middle_high": {
        "mean": 0.00612836191431,
        "var": 5.57783860131e-005
    },
    "spectral_energyband_middle_low": {
        "mean": 0.0136248422787,
        "var": 0.000210693237022
    },
    "spectral_entropy": {
        "mean": 6.36370944977,
        "var": 0.204736575484
    },
    "spectral_flux": {
        "mean": 0.0551899261773,
        "var": 0.000906134722754
    },
    "spectral_kurtosis": {
        "mean": 14.0729513168,
        "var": 53.1078605652
    },
    "spectral_rms": {
        "mean": 0.00424062134698,
        "var": 3.48347612089e-006
    },
    "spectral_rolloff": {
        "mean": 1066.71740723,
        "var": 924334.6875
    },
    "spectral_skewness": {
        "mean": 2.48087048531,
        "var": 0.456088006496
    },
    "spectral_spread": {
        "mean": 2355138.75,
        "var": 1.7539474391e+012
    },
    "spectral_strongpeak": {
        "mean": 1.74165081978,
        "var": 2.42253565788
    },
    "zerocrossingrate": {
        "mean": 0.0382590852678,
        "var": 0.000674880342558
    },
    "barkbands": {
        "mean": [2.45888440986e-005, 0.001562661957, 0.000641090446152, 0.000441793643404, 0.00586062949151, 0.00166865589563, 0.00202336767688, 0.00328583060764, 0.000322905398207, 0.000344094471075, 0.00331370672211, 0.000936589727644, 0.000479961803649, 0.000117887670058, 0.000239290180616, 0.000455649686046, 0.000131471606437, 5.36951120012e-005, 4.98189037899e-005, 3.72126560251e-005, 6.56414295008e-006, 2.57088777289e-006, 1.69010922946e-006, 6.59166516925e-007, 3.98978386329e-007, 2.13356273093e-007, 1.80652481863e-009],
        "var": [2.39549446945e-009, 1.54773097165e-005, 1.25204360302e-006, 1.06248796783e-006, 9.78966272669e-005, 2.88494211418e-005, 2.65394646703e-005, 3.37460078299e-005, 9.37488380259e-007, 7.97760549176e-007, 3.42495623045e-005, 1.73526802882e-006, 1.30996204462e-006, 4.8845141265e-008, 3.04229615722e-007, 4.81027541355e-007, 1.27388190663e-007, 2.38945911946e-008, 6.56375576114e-009, 1.74983327828e-009, 7.21670778692e-011, 1.99855375305e-011, 6.24759402199e-012, 1.04774207973e-012, 3.67806940503e-013, 6.99742564239e-013, 1.9166379892e-015]
    },
    "erbbands": {
        "mean": [0.0328623838723, 0.392152637243, 0.789742231369, 1.33811831474, 9.95519161224, 25.8112640381, 8.70350551605, 19.7218532562, 31.5165042877, 63.5569229126, 29.8118686676, 8.92701244354, 8.36055278778, 28.0845222473, 158.405670166, 36.8900299072, 23.3246231079, 9.76913356781, 9.23418998718, 18.9704456329, 18.3413600922, 6.03707027435, 2.86504650116, 3.34133243561, 2.26993536949, 1.49331235886, 0.686176538467, 0.225036218762, 0.106316544116, 0.0588062703609, 0.0492361858487, 0.0221907701343, 0.00977431889623, 0.00509100407362, 0.00273258774541, 0.00183054991066, 0.000163365679327, 6.67501353746e-006, 1.14180484161e-005, 2.51924939221e-005],
        "var": [0.00589663675055, 1.00727820396, 1.83992576599, 6.34757661819, 400.330444336, 2371.91821289, 217.599502563, 4426.15429688, 8109.95898438, 11339.0244141, 1874.26757813, 764.161987305, 365.806793213, 2251.77563477, 91835.4609375, 2678.19946289, 2422.61865234, 282.001403809, 244.423797607, 682.336853027, 573.554321289, 154.243942261, 56.0009231567, 82.2254104614, 14.7102594376, 2.80511069298, 0.502703368664, 0.0966870933771, 0.0358143597841, 0.0103577356786, 0.00570803275332, 0.00115647702478, 0.000257182167843, 6.40308935544e-005, 1.96283417608e-005, 4.2564341129e-005, 4.33365073604e-007, 1.89238047454e-009, 1.58068516609e-010, 4.18405282643e-010]
    },
    "gfcc": {
        "mean": [-104.249710083, 149.490249634, -160.855224609, 5.40262699127, -54.2562904358, -7.39499187469, -34.5034370422, -7.2548456192, -20.4543590546, -5.35906600952, -2.63541793823, -8.60341453552, 4.13345098495],
        "cov": [[4603.57568359, 970.028991699, 148.777526855, 178.021850586, 56.4515075684, -23.867898941, -235.967514038, -260.541717529, -195.291915894, -238.199630737, -85.5179290771, -114.153259277, -245.514068604], [970.028991699, 1313.5526123, 944.057678223, 388.467895508, 313.625030518, 80.340171814, 54.5119285583, -134.400512695, 13.6389827728, -188.144500732, -81.763092041, -83.7305450439, 7.27857875824], [148.777526855, 944.057678223, 1141.90783691, 548.341918945, 389.044403076, 219.425109863, 73.1974258423, -14.0666236877, 10.9138879776, -129.622283936, -109.762718201, -4.54017210007, -15.9769191742], [178.021850586, 388.467895508, 548.341918945, 524.817687988, 295.080352783, 178.730300903, -28.9317626953, 21.0665740967, -30.1927871704, -51.4627609253, -94.0172729492, 20.6073493958, -40.754650116], [56.4515075684, 313.625030518, 389.044403076, 295.080352783, 292.211547852, 171.18460083, 26.0490665436, 1.41079974174, -22.1458148956, -56.8891105652, -56.1622886658, 25.5086631775, -26.4598083496], [-23.867898941, 80.340171814, 219.425109863, 178.730300903, 171.18460083, 271.155517578, 86.0345153809, 47.4879150391, -30.0920238495, -45.1052474976, -9.69623661041, 65.9574737549, 0.141271978617], [-235.967514038, 54.5119285583, 73.1974258423, -28.9317626953, 26.0490665436, 86.0345153809, 171.226104736, 82.231803894, 66.5107421875, 28.8005142212, 39.1026000977, 19.8547306061, 41.8900413513], [-260.541717529, -134.400512695, -14.0666236877, 21.0665740967, 1.41079974174, 47.4879150391, 82.231803894, 171.704315186, 105.260665894, 113.823471069, 20.7451553345, 22.3103713989, 6.22217416763], [-195.291915894, 13.6389827728, 10.9138879776, -30.1927871704, -22.1458148956, -30.0920238495, 66.5107421875, 105.260665894, 191.017166138, 127.397491455, 28.3536014557, -23.3941497803, 21.1015892029], [-238.199630737, -188.144500732, -129.622283936, -51.4627609253, -56.8891105652, -45.1052474976, 28.8005142212, 113.823471069, 127.397491455, 195.317993164, 44.0717163086, -0.536030650139, -0.083077788353], [-85.5179290771, -81.763092041, -109.762718201, -94.0172729492, -56.1622886658, -9.69623661041, 39.1026000977, 20.7451553345, 28.3536014557, 44.0717163086, 96.8538131714, 18.9177246094, 6.45355558395], [-114.153259277, -83.7305450439, -4.54017210007, 20.6073493958, 25.5086631775, 65.9574737549, 19.8547306061, 22.3103713989, -23.3941497803, -0.536030650139, 18.9177246094, 86.5158615112, 16.8342990875], [-245.514068604, 7.27857875824, -15.9769191742, -40.754650116, -26.4598083496, 0.141271978617, 41.8900413513, 6.22217416763, 21.1015892029, -0.083077788353, 6.45355558395, 16.8342990875, 134.957717896]],
        "icov": [[0.000478945148643, -0.00105664518196, 0.000742969801649, -9.80529148364e-005, 0.00064160709735, -0.000661107187625, 0.000690989254508, -0.000343708845321, 0.000337870675139, -0.000127848616103, 0.000324895576341, -0.000234224266023, 0.000875253346749], [-0.00105664518196, 0.00555143645033, -0.00376791553572, -0.000212762955925, -0.00250294990838, 0.00274640857242, -0.0029099448584, 0.00328777567483, -0.00236683036201, 0.00190978602041, -0.0019473406719, 0.00254608714022, -0.00232713879086], [0.000742969801649, -0.00376791553572, 0.00519991805777, -0.00231860647909, 0.000790060963482, -0.00134190055542, -0.000116975032142, -0.000886463792995, 2.30873283726e-005, 0.000150125575601, 0.00178166583646, -0.00152939523105, 0.00180577335414], [-9.80529148364e-005, -0.000212762955925, -0.00231860647909, 0.0079174246639, -0.00405899668112, -0.00169293640647, 0.00488384626806, -0.00360431685112, 0.00162255659234, -0.00129248970188, 0.00117230019532, 0.00023149716435, -0.000533682003152], [0.00064160709735, -0.00250294990838, 0.000790060963482, -0.00405899668112, 0.0127537371591, -0.00493473885581, -0.000487002194859, 0.0017532951897, -0.000291689502774, -0.00102095329203, 0.00291566597298, -0.00219816691242, 0.00292572774924], [-0.000661107187625, 0.00274640857242, -0.00134190055542, -0.00169293640647, -0.00493473885581, 0.0113561479375, -0.00598588353023, -0.000744248565752, 0.000684226688463, 0.0028846708592, -0.00148399674799, -0.00283774011768, -0.000788265722804], [0.000690989254508, -0.0029099448584, -0.000116975032142, 0.00488384626806, -0.000487002194859, -0.00598588353023, 0.0169165320694, -0.00842986721545, -0.000577019760385, 0.00134291872382, -0.0036428780295, 0.000949051929638, -0.00192951958161], [-0.000343708845321, 0.00328777567483, -0.000886463792995, -0.00360431685112, 0.0017532951897, -0.000744248565752, -0.00842986721545, 0.0196270272136, -0.00619802530855, -0.00519775832072, 0.0026113181375, -0.00203993031755, 0.00115573429503], [0.000337870675139, -0.00236683036201, 2.30873283726e-005, 0.00162255659234, -0.000291689502774, 0.000684226688463, -0.000577019760385, -0.00619802530855, 0.0153617821634, -0.00760417338461, -0.000272905483143, 0.00346171041019, -0.00118338840548], [-0.000127848616103, 0.00190978602041, 0.000150125575601, -0.00129248970188, -0.00102095329203, 0.0028846708592, 0.00134291872382, -0.00519775832072, -0.00760417338461, 0.0156829245389, -0.0042559648864, 4.0919334424e-005, 0.000308536662487], [0.000324895576341, -0.0019473406719, 0.00178166583646, 0.00117230019532, 0.00291566597298, -0.00148399674799, -0.0036428780295, 0.0026113181375, -0.000272905483143, -0.0042559648864, 0.0175197217613, -0.00567444274202, 0.0027546279598], [-0.000234224266023, 0.00254608714022, -0.00152939523105, 0.00023149716435, -0.00219816691242, -0.00283774011768, 0.000949051929638, -0.00203993031755, 0.00346171041019, 4.0919334424e-005, -0.00567444274202, 0.0196583345532, -0.00402512028813], [0.000875253346749, -0.00232713879086, 0.00180577335414, -0.000533682003152, 0.00292572774924, -0.000788265722804, -0.00192951958161, 0.00115573429503, -0.00118338840548, 0.000308536662487, 0.0027546279598, -0.00402512028813, 0.0108557548374]]
    },
    "melbands": {
        "mean": [0.000383045669878, 0.000468745769467, 0.000350235379301, 0.00148448906839, 0.000449710263638, 0.000432121451013, 0.00042022683192, 0.000766210781876, 0.000186310629942, 4.97248583997e-005, 4.10069806094e-005, 9.00932063814e-005, 0.000428290280979, 0.000234253224335, 5.20646426594e-005, 5.69996082049e-005, 1.1901196558e-005, 1.15113807624e-005, 2.30283130804e-005, 4.08825217164e-005, 1.57167014549e-005, 7.70685710449e-006, 2.28979388339e-006, 2.18502350435e-006, 2.88904652734e-006, 1.29144052607e-006, 1.43919658058e-006, 1.09133475235e-006, 6.26791063496e-007, 1.84413352144e-007, 9.80558212405e-008, 6.36919921249e-008, 4.00632131914e-008, 2.66842121732e-008, 2.66728967802e-008, 2.86564851848e-008, 8.51976889038e-009, 6.7671956927e-009, 5.55078072395e-009, 3.98715416239e-009],
        "var": [9.08652737053e-007, 8.22388074084e-007, 4.08879799352e-007, 7.01257022229e-006, 4.80487869936e-007, 1.73593969066e-006, 1.35599168516e-006, 1.78930042694e-006, 6.35827674955e-008, 3.3026065438e-008, 1.18137819527e-008, 3.18129629306e-008, 6.24915514891e-007, 1.6628931121e-007, 2.42614248691e-008, 2.34642651975e-008, 3.27737947892e-010, 5.99623573017e-010, 3.30333294052e-009, 3.88124377082e-009, 5.44867151397e-010, 3.66113139805e-010, 2.76122510273e-011, 3.13948658737e-011, 6.61778340461e-011, 6.49033431166e-012, 5.33158326516e-012, 1.74769714759e-012, 4.95651154668e-013, 7.20837099863e-014, 2.28501604845e-014, 1.79052668417e-014, 5.18446547696e-015, 1.91246169326e-015, 1.93478164669e-015, 2.5862109695e-015, 2.15684803624e-016, 1.20313380391e-016, 1.10648569027e-016, 4.2945831049e-017]
    },
    "mfcc": {
        "mean": [-744.726501465, 175.237991333, -38.303062439, 18.3442611694, -8.5989408493, -4.36408758163, -5.21434497833, -8.76707267761, -9.43280982971, -4.89349317551, -17.7108592987, 3.6462726593, 17.2386417389],
        "cov": [[2849.60668945, 658.089782715, 125.685760498, 122.86289978, 117.850830078, 130.033416748, -50.4759674072, 51.9296607971, -259.325164795, -139.492462158, 202.203369141, -237.558349609, -586.805725098], [658.089782715, 1222.47241211, 651.676696777, 274.051300049, 227.913986206, 217.447052002, 89.3039474487, 140.695159912, 67.2474594116, -10.4991235733, 151.752349854, -230.957046509, -451.123077393], [125.685760498, 651.676696777, 679.311340332, 280.08380127, 256.092376709, 220.264801025, 121.526992798, 190.078094482, 119.226287842, 25.8429527283, 156.365951538, -160.460189819, -315.847686768], [122.86289978, 274.051300049, 280.08380127, 270.071289063, 187.232467651, 112.061759949, 44.7900428772, 77.3951339722, 55.2057685852, 27.7967262268, 106.333839417, -65.4267654419, -146.566360474], [117.850830078, 227.913986206, 256.092376709, 187.232467651, 282.103912354, 190.519821167, 90.1009368896, 127.630134583, 43.1891326904, -14.4666938782, 116.682090759, -47.3455123901, -203.710205078], [130.033416748, 217.447052002, 220.264801025, 112.061759949, 190.519821167, 228.148223877, 112.757804871, 137.818466187, 37.8302230835, -31.051109314, 90.1610794067, -47.232963562, -193.103408813], [-50.4759674072, 89.3039474487, 121.526992798, 44.7900428772, 90.1009368896, 112.757804871, 152.612106323, 118.2550354, 30.5279941559, -22.2757053375, 21.0642356873, -13.7224798203, -69.9544830322], [51.9296607971, 140.695159912, 190.078094482, 77.3951339722, 127.630134583, 137.818466187, 118.2550354, 197.010650635, 50.0109825134, -32.834274292, 69.3578186035, -17.9908618927, -132.058990479], [-259.325164795, 67.2474594116, 119.226287842, 55.2057685852, 43.1891326904, 37.8302230835, 30.5279941559, 50.0109825134, 155.943740845, 84.4771270752, 25.9773979187, -11.7422399521, 24.7551193237], [-139.492462158, -10.4991235733, 25.8429527283, 27.7967262268, -14.4666938782, -31.051109314, -22.2757053375, -32.834274292, 84.4771270752, 179.348999023, 77.78465271, 1.9221855402, 71.1680297852], [202.203369141, 151.752349854, 156.365951538, 106.333839417, 116.682090759, 90.1610794067, 21.0642356873, 69.3578186035, 25.9773979187, 77.78465271, 247.664535522, 0.768821775913, -152.138198853], [-237.558349609, -230.957046509, -160.460189819, -65.4267654419, -47.3455123901, -47.232963562, -13.7224798203, -17.9908618927, -11.7422399521, 1.9221855402, 0.768821775913, 209.606613159, 176.408065796], [-586.805725098, -451.123077393, -315.847686768, -146.566360474, -203.710205078, -193.103408813, -69.9544830322, -132.058990479, 24.7551193237, 71.1680297852, -152.138198853, 176.408065796, 491.364318848]],
        "icov": [[0.000680584809743, -0.000382291706046, 0.000557719788048, -0.000280874111922, 0.000227747688768, -0.000218456363655, 0.000572444987483, -0.000576218764763, 0.00113060628064, -0.000148691702634, -0.000297846941976, 0.000412007822888, 0.000396155635826], [-0.000382291706046, 0.00224496633746, -0.00202705757692, -0.000198467794689, 0.000613963173237, -0.000186617675354, -0.000377759337425, 0.00113549828529, -0.000703151803464, 0.000200135240448, 0.000317001075018, -0.000146846025018, 0.000832278747112], [0.000557719788048, -0.00202705757692, 0.00601886492223, -0.00244622444734, -0.000151578802615, -0.000483253708808, 0.000119876596727, -0.00239905016497, -0.00074532313738, -0.000185376527952, -0.000712876964826, 0.00157663342543, 0.000341419858159], [-0.000280874111922, -0.000198467794689, -0.00244622444734, 0.00965261179954, -0.00583378877491, 0.0017874451587, 0.0003528186935, 0.00087961013196, -0.00061119638849, -0.000111229295726, -0.0010676283855, 0.000767078308854, -0.00119938852731], [0.000227747688768, 0.000613963173237, -0.000151578802615, -0.00583378877491, 0.0131758889183, -0.00685543334112, 4.23136552854e-005, -0.000337064295309, -0.000194173640921, 0.000622817373369, -0.000642815895844, -0.00113452877849, 0.00180972053204], [-0.000218456363655, -0.000186617675354, -0.000483253708808, 0.0017874451587, -0.00685543334112, 0.0156040620059, -0.00516955414787, -0.0010901268106, -0.00212535983883, 0.00186375109479, -0.00128504890017, -0.000165641919011, 0.00155024812557], [0.000572444987483, -0.000377759337425, 0.000119876596727, 0.0003528186935, 4.23136552854e-005, -0.00516955414787, 0.0153152039275, -0.0079511217773, 0.00252810167149, -0.00194869935513, 0.00220792437904, 0.000382016616641, -0.000750148319639], [-0.000576218764763, 0.00113549828529, -0.00239905016497, 0.00087961013196, -0.000337064295309, -0.0010901268106, -0.0079511217773, 0.0158010795712, -0.00558465579525, 0.00497033586726, -0.00269220257178, -0.00156529515516, 0.000911052688025], [0.00113060628064, -0.000703151803464, -0.00074532313738, -0.00061119638849, -0.000194173640921, -0.00212535983883, 0.00252810167149, -0.00558465579525, 0.015391307883, -0.00811856705695, 0.00277742929757, 0.000671999354381, -0.000994367641397], [-0.000148691702634, 0.000200135240448, -0.000185376527952, -0.000111229295726, 0.000622817373369, 0.00186375109479, -0.00194869935513, 0.00497033586726, -0.00811856705695, 0.0153518430889, -0.00823479890823, 0.00321154529229, -0.00361431762576], [-0.000297846941976, 0.000317001075018, -0.000712876964826, -0.0010676283855, -0.000642815895844, -0.00128504890017, 0.00220792437904, -0.00269220257178, 0.00277742929757, -0.00823479890823, 0.0112272193655, -0.00474098697305, 0.00420900434256], [0.000412007822888, -0.000146846025018, 0.00157663342543, 0.000767078308854, -0.00113452877849, -0.000165641919011, 0.000382016616641, -0.00156529515516, 0.000671999354381, 0.00321154529229, -0.00474098697305, 0.0103364028037, -0.00498014735058], [0.000396155635826, 0.000832278747112, 0.000341419858159, -0.00119938852731, 0.00180972053204, 0.00155024812557, -0.000750148319639, 0.000911052688025, -0.000994367641397, -0.00361431762576, 0.00420900434256, -0.00498014735058, 0.00829639937729]]
    },
    "spectral_contrast_coeffs": {
        "mean": [-0.583252727985, -0.610795617104, -0.653597056866, -0.68694883585, -0.752104461193, -0.744721889496],
        "var": [0.0142521457747, 0.0142003335059, 0.00808887649328, 0.0036810147576, 0.00196435814723, 0.00141272391193]
    },
    "spectral_contrast_valleys": {
        "mean": [-8.55376625061, -7.76238441467, -8.29762363434, -8.75356674194, -9.0622959137, -12.6334438324],
        "var": [2.16845798492, 1.25943005085, 0.805573701859, 0.697004973888, 0.653548240662, 0.472421854734]
    }
},
"metadata": {
    "audio_properties": {
        "analysis_sample_rate": 44100,
        "bit_rate": 100756,
        "equal_loudness": 0,
        "length": 45.0873451233,
        "lossless": 0,
        "replay_gain": -2.33657455444,
        "sample_rate": 44100,
        "codec": "mp3",
        "downmix": "mix",
        "md5_encoded": "ec8b01d7232dabda227b027593e60bd8"
    },
    "tags": {
        "file_name": "216.mp3"
    },
    "version": {
        "essentia": "2.1-beta2",
        "essentia_git_sha": "v2.1_beta2",
        "extractor": "music 1.0"
    }
},
"rhythm": {
    "beats_count": 104,
    "beats_loudness": {
        "mean": 0.038690302521,
        "var": 0.000391540525015
    },
    "bpm": 140.412109375,
    "bpm_histogram_first_peak_bpm": {
        "mean": 140,
        "var": 0
    },
    "bpm_histogram_first_peak_spread": {
        "mean": 0.599999964237,
        "var": 0
    },
    "bpm_histogram_first_peak_weight": {
        "mean": 0.368932038546,
        "var": 0
    },
    "bpm_histogram_second_peak_bpm": {
        "mean": 133,
        "var": 0
    },
    "bpm_histogram_second_peak_spread": {
        "mean": 0.200000032783,
        "var": 0
    },
    "bpm_histogram_second_peak_weight": {
        "mean": 0.038834951818,
        "var": 0
    },
    "danceability": 1.48481321335,
    "onset_rate": 4.47846269608,
    "beats_loudness_band_ratio": {
        "mean": [0.152612701058, 0.324900269508, 0.369198173285, 0.165450915694, 0.050586886704, 0.00313353794627],
        "var": [0.0394097939134, 0.0819521993399, 0.0731069594622, 0.0253991670907, 0.00211688014679, 6.96233746567e-006]
    },
    "beats_position": [0.452789098024, 0.893968224525, 1.3235373497, 1.74149656296, 2.18267560005, 2.60063481331, 3.04181408882, 3.48299312592, 3.92417216301, 4.3653512001, 4.80653047562, 5.25931978226, 5.71210861206, 6.1648979187, 6.6176867485, 7.08208608627, 7.52326536179, 7.95283412933, 8.38240337372, 8.80036258698, 9.21832180023, 9.63628101349, 10.0658502579, 10.4954195023, 10.9249887466, 11.3429479599, 11.7725172043, 12.202085495, 12.6200447083, 13.0496139526, 13.4907932281, 13.9319725037, 14.3731517792, 14.7911109924, 15.2090702057, 15.6270294189, 16.0333786011, 16.4397277832, 16.8576869965, 17.2872562408, 17.7168254852, 18.1347846985, 18.5527439117, 18.970703125, 19.3886623383, 19.8298416138, 20.2594108582, 20.6889801025, 21.1185474396, 21.548116684, 21.9660758972, 22.4072551727, 22.8484344482, 23.2663936615, 23.6727428436, 24.102312088, 24.5202713013, 24.9382305145, 25.3561897278, 25.774148941, 26.1921081543, 26.6100673676, 27.0512466431, 27.4692058563, 27.8871650696, 28.3283443451, 28.7463035583, 29.1642627716, 29.593832016, 30.0117912292, 30.4413604736, 30.8825397491, 31.3237190247, 31.7416782379, 32.1596374512, 32.5892066956, 33.0187759399, 33.4367332458, 33.8546943665, 34.2842636108, 34.7138328552, 35.1434020996, 35.572971344, 35.9909286499, 36.4088897705, 36.8268470764, 37.2680282593, 37.7092056274, 38.1387748718, 38.5683441162, 38.9979133606, 39.427482605, 39.8454399109, 40.2634010315, 40.6929702759, 41.1225395203, 41.5521087646, 41.981678009, 42.4112472534, 42.8408164978, 43.2703857422, 43.6999549866, 44.129524231, 44.5590934753]
},
"tonal": {
    "chords_changes_rate": 0.0277777779847,
    "chords_number_rate": 0.00823045242578,
    "chords_strength": {
        "mean": 0.527365326881,
        "var": 0.00542518822476
    },
    "hpcp_entropy": {
        "mean": 1.32922172546,
        "var": 0.240245625377
    },
    "key_strength": 0.555730044842,
    "tuning_diatonic_strength": 0.403488695621,
    "tuning_equal_tempered_deviation": 0.0291333198547,
    "tuning_frequency": 442.293365479,
    "tuning_nontempered_energy_ratio": 0.632503509521,
    "hpcp": {
        "mean": [0.0400324873626, 0.0764013081789, 0.208655536175, 0.259355068207, 0.112144127488, 0.014724733308, 0.0106906266883, 0.0294006448239, 0.286944687366, 0.524258196354, 0.274757415056, 0.0157280061394, 0.00666576018557, 0.0148380929604, 0.0680045709014, 0.117207080126, 0.0769830793142, 0.0617759823799, 0.0780766755342, 0.0359837450087, 0.00654885265976, 0.00639826385304, 0.0234132204205, 0.0989399626851, 0.114266261458, 0.0398428216577, 0.00578211806715, 0.0029929834418, 0.00760580180213, 0.0375557430089, 0.0507340990007, 0.048299420625, 0.138242617249, 0.176409035921, 0.0825738683343, 0.0320105627179],
        "var": [0.0122446082532, 0.0387074388564, 0.0934730097651, 0.138801634312, 0.0326077267528, 0.00566361378878, 0.00306638889015, 0.00728750275448, 0.0725199282169, 0.208807170391, 0.0660711079836, 0.00276234955527, 0.00189222057816, 0.00503747956827, 0.0308532305062, 0.0776505097747, 0.0348742678761, 0.0256085470319, 0.0470183938742, 0.0111786024645, 0.00146924902219, 0.00140500557609, 0.00420044502243, 0.0536454468966, 0.0586014874279, 0.00915608275682, 0.00069242779864, 9.72852067207e-005, 0.000989075051621, 0.0177022349089, 0.0275908857584, 0.0129204457626, 0.0769382789731, 0.112113773823, 0.0294411834329, 0.00817446690053]
    },
    "chords_histogram": [41.563785553, 7.92181062698, 5.96707820892, 8.95061683655, 5.86419773102, 13.5802469254, 0, 14.5061731339, 0, 0, 0, 0, 0, 0, 0, 0, 0, 0, 1.64609050751, 0, 0, 0, 0, 0],
    "thpcp": [1, 0.524087965488, 0.0300004966557, 0.0127146514133, 0.0283030252904, 0.129715800285, 0.223567470908, 0.146841913462, 0.11783503741, 0.148927912116, 0.068637445569, 0.012491655536, 0.0122044133022, 0.0446597114205, 0.188723728061, 0.217957988381, 0.0759984701872, 0.0110291419551, 0.00570898735896, 0.014507740736, 0.0716359689832, 0.0967731177807, 0.0921290740371, 0.263691842556, 0.336492657661, 0.157506108284, 0.0610587745905, 0.0763602480292, 0.145732209086, 0.398001462221, 0.494708657265, 0.213910102844, 0.0280867964029, 0.0203919112682, 0.056080467999, 0.547334671021],
    "chords_key": "F",
    "chords_scale": "minor",
    "key_key": "F",
    "key_scale": "minor"
}
}