{
"lowlevel": {
    "average_loudness": 0.86619669199,
    "barkbands_crest": {
        "mean": 13.1689920425,
        "var": 20.1938343048
    },
    "barkbands_flatness_db": {
        "mean": 0.377274364233,
        "var": 0.00185175403021
    },
    "barkbands_kurtosis": {
        "mean": 2.17717003822,
        "var": 29.5861167908
    },
    "barkbands_skewness": {
        "mean": 0.520136713982,
        "var": 1.34607195854
    },
    "barkbands_spread": {
        "mean": 5.11105680466,
        "var": 6.07067298889
    },
    "dissonance": {
        "mean": 0.348869889975,
        "var": 0.00558215053752
    },
    "dynamic_complexity": 5.20892572403,
    "erbbands_crest": {
        "mean": 16.5083694458,
        "var": 30.6594867706
    },
    "erbbands_flatness_db": {
        "mean": 0.40455019474,
        "var": 0.00183759711217
    },
    "erbbands_kurtosis": {
        "mean": 1.83374083042,
        "var": 23.3046188354
    },
    "erbbands_skewness": {
        "mean": 0.0541533865035,
        "var": 1.20582020283
    },
    "erbbands_spread": {
        "mean": 8.52676010132,
        "var": 12.4774255753
    },
    "hfc": {
        "mean": 8.73109340668,
        "var": 157.991760254
    },
    "melbands_crest": {
        "mean": 15.0314798355,
        "var": 29.5661697388
    },
    "melbands_flatness_db": {
        "mean": 0.464194864035,
        "var": 0.00201996346004
    },
    "melbands_kurtosis": {
        "mean": 2.32903504372,
        "var": 20.7558326721
    },
    "melbands_skewness": {
        "mean": 0.710370898247,
        "var": 1.01866495609
    },
    "melbands_spread": {
        "mean": 8.69836425781,
        "var": 41.9721565247
    },
    "pitch_salience": {
        "mean": 0.479550987482,
        "var": 0.0134451482445
    },
    "silence_rate_20dB": {
        "mean": 1,
        "var": 0
    },
    "silence_rate_30dB": {
        "mean": 0.998970687389,
        "var": 0.00102828128729
    },
    "silence_rate_60dB": {
        "mean": 0.240864649415,
        "var": 0.182848736644
    },
    "spectral_centroid": {
        "mean": 553.577514648,
        "var": 134796.109375
    },
    "spectral_complexity": {
        "mean": 7.8013381958,
        "var": 12.2353343964
    },
    "spectral_decrease": {
        "mean": -3.96522414903e-009,
        "var": 2.33673675768e-017
    },
    "spectral_energy": {
        "mean": 0.0157575905323,
        "var": 0.000372934766347
    },
    "spectral_energyband_high": {
        "mean": 1.72684849531e-007,
        "var": 2.01157666913e-013
    },
    "spectral_energyband_low": {
        "mean": 0.00104300107341,
        "var": 2.55395275417e-006
    },
    "spectral_energyband_middle_high": {
        "mean": 0.00344526302069,
        "var": 7.16992144589e-005
    },
    "spectral_energyband_middle_low": {
        "mean": 0.0117802806199,
        "var": 0.000251340941759
    },
    "spectral_entropy": {
        "mean": 5.49554109573,
        "var": 0.163983479142
    },
    "spectral_flux": {
        "mean": 0.0321984216571,
        "var": 0.00104944501072
    },
    "spectral_kurtosis": {
        "mean": 111.275764465,
        "var": 1813.28735352
    },
    "spectral_rms": {
        "mean": 0.00329288654029,
        "var": 4.53019038105e-006
    },
    "spectral_rolloff": {
        "mean": 777.525146484,
        "var": 725288.5625
    },
    "spectral_skewness": {
        "mean": 7.47643327713,
        "var": 3.86585664749
    },
    "spectral_spread": {
        "mean": 906000.625,
        "var": 1.8719113216e+012
    },
    "spectral_strongpeak": {
        "mean": 1.4156537056,
        "var": 2.34710907936
    },
    "zerocrossingrate": {
        "mean": 0.0269376449287,
        "var": 0.000524672388565
    },
    "barkbands": {
        "mean": [8.95913615295e-007, 0.000206125230761, 0.000702350167558, 0.000176822824869, 0.00169874134008, 0.00431223632768, 0.00231673498638, 0.000572951568756, 0.00178886670619, 0.0016966384137, 0.00126714096405, 0.00077919679461, 0.0001061477451, 9.23193510971e-005, 2.2289903427e-005, 7.92661285232e-006, 6.93386800776e-006, 1.7823805365e-006, 1.14434806164e-006, 3.07357311158e-007, 5.02532273572e-008, 1.39576075142e-008, 4.632707995e-009, 3.6479921306e-009, 1.60533819571e-009, 5.64087276889e-010, 4.65901484059e-010],
        "var": [1.79732721761e-011, 1.55993589601e-007, 1.36995072353e-006, 6.59131131897e-008, 2.55124487012e-005, 5.41225817869e-005, 3.09392235067e-005, 1.9917854388e-006, 4.06800718338e-005, 2.25000349019e-005, 4.57432324765e-005, 1.36388944156e-005, 5.94319367053e-008, 2.91674933095e-008, 5.34642152772e-009, 3.84103582274e-010, 1.79412623647e-010, 7.48589905342e-012, 2.57294827805e-011, 3.9045261707e-013, 2.60749148645e-014, 2.08681919028e-015, 2.11216043083e-016, 7.57115966215e-017, 1.21883044939e-017, 2.96066139206e-018, 1.29957146626e-018]
    },
    "erbbands": {
        "mean": [0.00491124205291, 0.0610116422176, 0.552744209766, 0.953464984894, 0.929818332195, 8.19989013672, 8.33655834198, 43.8719596863, 48.3032646179, 24.9680938721, 9.69666862488, 27.5597000122, 73.7687606812, 41.9063034058, 47.6012535095, 39.3343887329, 7.79378890991, 5.73089885712, 1.57975625992, 0.717252552509, 0.454947203398, 0.312235563993, 0.135741084814, 0.0872398391366, 0.0339193418622, 0.014453496784, 0.00335318758152, 0.00111477472819, 0.000542697089259, 0.000214333325857, 0.000137564376928, 9.78626412689e-005, 6.51908922009e-005, 3.59601108357e-005, 1.71964311448e-005, 1.09293923742e-005, 5.8609343796e-006, 1.39932785714e-006, 7.72341263655e-006, 1.78828122444e-005],
        "var": [0.000110864421003, 0.0113880680874, 0.917700052261, 2.00802016258, 3.41252970695, 647.999267578, 281.427337646, 5902.67236328, 9885.53710938, 4244.10302734, 268.946594238, 6447.65185547, 39912.5273438, 16332.1318359, 52055.0703125, 35641.8710938, 323.852050781, 103.043731689, 18.9150695801, 6.16080856323, 0.671457588673, 0.280874282122, 0.0686964988708, 0.055009867996, 0.0146484775469, 0.00103123136796, 9.70345136011e-005, 8.59932242747e-006, 3.00973715639e-006, 3.24129018736e-007, 1.59982633363e-007, 5.19300087376e-008, 1.51925565461e-008, 2.90017698745e-009, 6.00837157805e-010, 2.00393271421e-010, 5.83882733829e-011, 4.3062246477e-012, 9.17113121557e-011, 4.86392315313e-010]
    },
    "gfcc": {
        "mean": [-237.060806274, 244.72895813, -121.859214783, -57.0848121643, -33.9248733521, -18.1950817108, -22.3651676178, -11.5947313309, -12.4347677231, -18.9176750183, 5.97319412231, -8.71719264984, 1.29112040997],
        "cov": [[7001.11181641, 1038.42822266, -1241.81921387, -560.342285156, 789.770996094, -967.84185791, 314.805755615, 55.4024124146, -243.669692993, 226.194915771, 70.1271591187, 60.8006057739, 41.7730789185], [1038.42822266, 585.984436035, 42.3091392517, -61.1420135498, 249.312576294, -80.2227630615, 10.995721817, 25.402349472, -6.2562918663, -83.4828872681, -32.6391067505, -56.8384132385, -27.2113189697], [-1241.81921387, 42.3091392517, 595.428100586, 218.457778931, -117.60459137, 256.182891846, -79.0816497803, 2.34285640717, 48.465461731, -118.672714233, -58.4193191528, -39.2638473511, -21.5975551605], [-560.342285156, -61.1420135498, 218.457778931, 303.164093018, -60.3280296326, 69.8409881592, -35.7449073792, 5.05627918243, 25.0386066437, -12.8833770752, -26.7995262146, -44.523349762, -3.33164334297], [789.770996094, 249.312576294, -117.60459137, -60.3280296326, 308.491760254, -106.560150146, 69.8944396973, 34.1557273865, -38.5856170654, -7.5757317543, 0.706501603127, 4.07443189621, 3.4966032505], [-967.84185791, -80.2227630615, 256.182891846, 69.8409881592, -106.560150146, 341.722930908, -16.2930622101, -8.38778018951, 25.8706626892, -94.9007720947, -44.8252754211, 6.29886245728, 19.4325237274], [314.805755615, 10.995721817, -79.0816497803, -35.7449073792, 69.8944396973, -16.2930622101, 110.37021637, 32.8805389404, -27.3499546051, 14.3510551453, -1.89920043945, 34.0378494263, 42.2660064697], [55.4024124146, 25.402349472, 2.34285640717, 5.05627918243, 34.1557273865, -8.38778018951, 32.8805389404, 90.0969772339, 39.4409484863, -11.5216503143, -11.2965116501, -0.280095756054, 12.6219673157], [-243.669692993, -6.2562918663, 48.465461731, 25.0386066437, -38.5856170654, 25.8706626892, -27.3499546051, 39.4409484863, 87.5121841431, 4.49528360367, -5.13348436356, -16.3267993927, -8.21881866455], [226.194915771, -83.4828872681, -118.672714233, -12.8833770752, -7.5757317543, -94.9007720947, 14.3510551453, -11.5216503143, 4.49528360367, 123.55291748, 65.7810134888, 24.4909362793, -5.76386260986], [70.1271591187, -32.6391067505, -58.4193191528, -26.7995262146, 0.706501603127, -44.8252754211, -1.89920043945, -11.2965116501, -5.13348436356, 65.7810134888, 111.178222656, 54.9589004517, -9.37383460999], [60.8006057739, -56.8384132385, -39.2638473511, -44.523349762, 4.07443189621, 6.29886245728, 34.0378494263, -0.280095756054, -16.3267993927, 24.4909362793, 54.9589004517, 99.772354126, 48.7127571106], [41.7730789185, -27.2113189697, -21.5975551605, -3.33164334297, 3.4966032505, 19.4325237274, 42.2660064697, 12.6219673157, -8.21881866455, -5.76386260986, -9.37383460999, 48.7127571106, 92.8780670166]],
        "icov": [[0.000732507032808, -0.00165694137104, 0.00111698720139, -0.000127001316287, 0.000384712358937, 0.000633199582808, -0.000240593610215, -0.000739534734748, 0.00152253150009, -0.00145330349915, 0.00141236791387, -0.00134964403696, 0.000398251751903], [-0.00165694137104, 0.00778380967677, -0.00387769239023, 0.0015487842029, -0.00409514596686, 3.40515834978e-005, -0.00013645987201, 0.00323544582352, -0.00533606531098, 0.00651966687292, -0.00530271837488, 0.00621025497094, -0.00191090558656], [0.00111698720139, -0.00387769239023, 0.00611425796524, -0.00288718543015, 0.00187718227971, -0.00124459597282, 0.000964644539636, -0.00184334698133, 0.00224119680934, -0.000912184419576, 0.00296331848949, -0.00430882163346, 0.002381705679], [-0.000127001316287, 0.0015487842029, -0.00288718543015, 0.00575167639181, -0.000923515704926, 0.000275365338894, 0.000581433239859, -0.000435669440776, 0.000184957767488, -0.00120016850997, -0.00132069620304, 0.00463190767914, -0.00280316011049], [0.000384712358937, -0.00409514596686, 0.00187718227971, -0.000923515704926, 0.00760514149442, 0.000685570470523, -0.00240622437559, -0.00275051128119, 0.00345552479848, -0.00105084676761, 0.00150258280337, -0.00270346575417, 0.00187973596621], [0.000633199582808, 3.40515834978e-005, -0.00124459597282, 0.000275365338894, 0.000685570470523, 0.0070965802297, -0.00341299362481, 0.00279550557025, -0.00223220349289, 0.0040177218616, 0.000472139421618, -0.00169634842314, 9.74542708718e-005], [-0.000240593610215, -0.00013645987201, 0.000964644539636, 0.000581433239859, -0.00240622437559, -0.00341299362481, 0.0210220627487, -0.010940277949, 0.00970281194896, -0.00727068446577, 0.00459408760071, -0.00317941745743, -0.00442305812612], [-0.000739534734748, 0.00323544582352, -0.00184334698133, -0.000435669440776, -0.00275051128119, 0.00279550557025, -0.010940277949, 0.0244890283793, -0.0175100099295, 0.00942055042833, -0.00375147955492, 0.00225341436453, -0.000519849767443], [0.00152253150009, -0.00533606531098, 0.00224119680934, 0.000184957767488, 0.00345552479848, -0.00223220349289, 0.00970281194896, -0.0175100099295, 0.0276872627437, -0.0120265576988, 0.00537156686187, -0.00170143030118, -0.000281062122667], [-0.00145330349915, 0.00651966687292, -0.000912184419576, -0.00120016850997, -0.00105084676761, 0.0040177218616, -0.00727068446577, 0.00942055042833, -0.0120265576988, 0.0256806090474, -0.0140110645443, 0.00558246532455, -0.000276537146419], [0.00141236791387, -0.00530271837488, 0.00296331848949, -0.00132069620304, 0.00150258280337, 0.000472139421618, 0.00459408760071, -0.00375147955492, 0.00537156686187, -0.0140110645443, 0.0270470213145, -0.0202861297876, 0.00969199370593], [-0.00134964403696, 0.00621025497094, -0.00430882163346, 0.00463190767914, -0.00270346575417, -0.00169634842314, -0.00317941745743, 0.00225341436453, -0.00170143030118, 0.00558246532455, -0.0202861297876, 0.0335195958614, -0.0162438992411], [0.000398251751903, -0.00191090558656, 0.002381705679, -0.00280316011049, 0.00187973596621, 9.74542708718e-005, -0.00442305812612, -0.000519849767443, -0.000281062122667, -0.000276537146419, 0.00969199370593, -0.0162438992411, 0.0219291578978]]
    },
    "melbands": {
        "mean": [5.24448551005e-005, 0.000227853670367, 0.000151976026245, 0.000290719326586, 0.000340567901731, 0.000974005030002, 0.000712221371941, 0.000233670332818, 6.7737280915e-005, 0.000230126373935, 0.000370823981939, 0.000159735514899, 0.00018772041949, 9.57476077019e-005, 4.95536769449e-005, 1.06418765426e-005, 1.03112242869e-005, 2.25411849897e-006, 1.26195050143e-006, 6.42771851744e-007, 5.43096348338e-007, 3.45352219711e-007, 2.11535478911e-007, 8.51741646102e-008, 7.19764443602e-008, 3.03504847921e-008, 1.78713310817e-008, 6.86771883807e-009, 1.82867831988e-009, 1.07305675456e-009, 5.07019703999e-010, 3.47799899991e-010, 1.51946427662e-010, 9.43490008343e-011, 7.39171640562e-011, 6.18833942423e-011, 5.06908230669e-011, 4.05925258684e-011, 2.95374939785e-011, 1.85819033771e-011],
        "var": [1.11973896821e-008, 1.42793766145e-007, 4.3816928752e-008, 6.99880331467e-007, 7.68735162637e-007, 2.88069736598e-006, 2.09499148696e-006, 3.85621632404e-007, 1.41990792457e-008, 5.66082462683e-007, 1.00250827018e-006, 2.75702319641e-007, 1.00134332115e-006, 1.79358877972e-007, 4.66658072185e-008, 3.99539401563e-010, 3.78867298645e-010, 4.10667125306e-011, 1.21964851413e-011, 6.3873502841e-012, 1.14220557925e-012, 4.27793325937e-013, 3.72257265161e-013, 2.02540349943e-014, 4.57531758248e-014, 3.96677658711e-014, 1.39376497438e-015, 3.65381426084e-016, 4.54416334805e-017, 1.29031233736e-017, 1.67715408349e-018, 1.98566463802e-018, 1.58565340623e-019, 8.35845781834e-020, 5.6667455429e-020, 3.34501499959e-020, 1.59909085834e-020, 9.50964152254e-021, 3.33622802312e-021, 1.49698657947e-021]
    },
    "mfcc": {
        "mean": [-849.716552734, 242.840164185, 9.80450344086, -30.2265586853, -4.10265779495, -9.84714317322, -5.02274227142, -0.707832217216, -9.78958511353, -9.48926830292, -3.80929112434, -3.86120772362, -3.91787791252],
        "cov": [[3731.79736328, 1850.39245605, -1440.03076172, -130.180267334, 325.440673828, -364.156738281, 23.9101219177, 84.3663711548, -187.451721191, 6.59671115875, 105.407867432, 30.6866779327, 11.0947189331], [1850.39245605, 1103.01696777, -520.588623047, -89.4981994629, 207.76109314, -102.756385803, 1.22464311123, 80.6234283447, -42.499622345, -7.90754747391, 42.6616363525, 8.02043151855, -31.1077919006], [-1440.03076172, -520.588623047, 842.35345459, 140.288208008, -69.8474273682, 209.028839111, -4.89005279541, -2.2431473732, 116.217048645, 0.476946055889, -47.7822914124, -42.0560302734, -67.0400390625], [-130.180267334, -89.4981994629, 140.288208008, 213.224777222, 49.1466293335, -20.8292160034, 15.7158555984, -13.6104021072, -22.3968791962, 21.5480136871, 10.999917984, -35.3046455383, -37.4149208069], [325.440673828, 207.76109314, -69.8474273682, 49.1466293335, 140.25982666, 20.3187561035, -0.337583601475, 34.6438713074, 0.731063604355, -3.45926189423, 6.47005844116, -10.9675569534, -23.7169647217], [-364.156738281, -102.756385803, 209.028839111, -20.8292160034, 20.3187561035, 156.153808594, 44.6543617249, 25.2615127563, 60.1589431763, -14.9125471115, -49.4483146667, -15.5553131104, -1.45304083824], [23.9101219177, 1.22464311123, -4.89005279541, 15.7158555984, -0.337583601475, 44.6543617249, 94.083984375, 40.4854621887, -4.424284935, -10.6163663864, -31.615901947, -13.1439638138, 31.200296402], [84.3663711548, 80.6234283447, -2.2431473732, -13.6104021072, 34.6438713074, 25.2615127563, 40.4854621887, 101.950553894, 72.8441085815, -11.0787477493, -33.81980896, -7.02098178864, 9.68385505676], [-187.451721191, -42.499622345, 116.217048645, -22.3968791962, 0.731063604355, 60.1589431763, -4.424284935, 72.8441085815, 152.002593994, 37.0733299255, -46.4121742249, -31.4111213684, -24.6209983826], [6.59671115875, -7.90754747391, 0.476946055889, 21.5480136871, -3.45926189423, -14.9125471115, -10.6163663864, -11.0787477493, 37.0733299255, 87.9695281982, 45.7497711182, -29.5685749054, -39.7140350342], [105.407867432, 42.6616363525, -47.7822914124, 10.999917984, 6.47005844116, -49.4483146667, -31.615901947, -33.81980896, -46.4121742249, 45.7497711182, 113.375274658, 47.0254516602, -24.0035686493], [30.6866779327, 8.02043151855, -42.0560302734, -35.3046455383, -10.9675569534, -15.5553131104, -13.1439638138, -7.02098178864, -31.4111213684, -29.5685749054, 47.0254516602, 105.889900208, 62.6053199768], [11.0947189331, -31.1077919006, -67.0400390625, -37.4149208069, -23.7169647217, -1.45304083824, 31.200296402, 9.68385505676, -24.6209983826, -39.7140350342, -24.0035686493, 62.6053199768, 125.084815979]],
        "icov": [[4.76241779327, -6.73969697952, 6.74351263046, -6.68808460236, 6.52399730682, -6.14789867401, 5.54075336456, -4.71138906479, 3.70224237442, -2.65328216553, 1.67665863037, -0.830233097076, 0.287061929703], [-6.73969697952, 9.54127311707, -9.54778862, 9.47618770599, -9.2505197525, 8.72089576721, -7.86276292801, 6.68632555008, -5.25537824631, 3.76658511162, -2.37993407249, 1.17792570591, -0.405959039927], [6.74351263046, -9.54778862, 9.57168388367, -9.51183986664, 9.29894733429, -8.78561973572, 7.93041944504, -6.75112628937, 5.30839061737, -3.80476427078, 2.40489506721, -1.19118499756, 0.412453830242], [-6.68808460236, 9.47618770599, -9.51183986664, 9.47917366028, -9.28613376617, 8.79210853577, -7.95303201675, 6.77946853638, -5.33630943298, 3.82762789726, -2.42157649994, 1.20067298412, -0.413109093904], [6.52399730682, -9.2505197525, 9.29894733429, -9.28613376617, 9.13402271271, -8.66549396515, 7.85930919647, -6.71868896484, 5.30080509186, -3.8085038662, 2.41362690926, -1.19787728786, 0.414885729551], [-6.14789867401, 8.72089576721, -8.78561973572, 8.79210853577, -8.66549396515, 8.26156997681, -7.50966501236, 6.43228197098, -5.09027099609, 3.66638851166, -2.32735157013, 1.15773844719, -0.400539189577], [5.54075336456, -7.86276292801, 7.93041944504, -7.95303201675, 7.85930919647, -7.50966501236, 6.86920690536, -5.9019985199, 4.68955755234, -3.39481425285, 2.16961097717, -1.08124780655, 0.373804658651], [-4.71138906479, 6.68632555008, -6.75112628937, 6.77946853638, -6.71868896484, 6.43228197098, -5.9019985199, 5.11452817917, -4.08244276047, 2.97483444214, -1.91516423225, 0.966434657574, -0.34300544858], [3.70224237442, -5.25537824631, 5.30839061737, -5.33630943298, 5.30080509186, -5.09027099609, 4.68955755234, -4.08244276047, 3.2964053154, -2.42828559875, 1.58591890335, -0.81143528223, 0.294128805399], [-2.65328216553, 3.76658511162, -3.80476427078, 3.82762789726, -3.8085038662, 3.66638851166, -3.39481425285, 2.97483444214, -2.42828559875, 1.83478784561, -1.2182213068, 0.640695810318, -0.23514918983], [1.67665863037, -2.37993407249, 2.40489506721, -2.42157649994, 2.41362690926, -2.32735157013, 2.16961097717, -1.91516423225, 1.58591890335, -1.2182213068, 0.842166304588, -0.455661982298, 0.176749959588], [-0.830233097076, 1.17792570591, -1.19118499756, 1.20067298412, -1.19787728786, 1.15773844719, -1.08124780655, 0.966434657574, -0.81143528223, 0.640695810318, -0.455661982298, 0.269609779119, -0.110178999603], [0.287061929703, -0.405959039927, 0.412453830242, -0.413109093904, 0.414885729551, -0.400539189577, 0.373804658651, -0.34300544858, 0.294128805399, -0.23514918983, 0.176749959588, -0.110178999603, 0.0586896799505]]
    },
    "spectral_contrast_coeffs": {
        "mean": [-0.627884507179, -0.622293770313, -0.655360639095, -0.716973304749, -0.74614149332, -0.860603451729],
        "var": [0.0082351109013, 0.00804420281202, 0.00453152740374, 0.00290453876369, 0.00352061772719, 0.00106652884278]
    },
    "spectral_contrast_valleys": {
        "mean": [-8.65119075775, -7.68275785446, -8.31365203857, -10.0788602829, -11.7714548111, -14.423871994],
        "var": [1.40084421635, 1.36717879772, 1.50920653343, 1.33934235573, 0.832114994526, 0.552192389965]
    }
},
"metadata": {
    "audio_properties": {
        "analysis_sample_rate": 44100,
        "bit_rate": 95801,
        "equal_loudness": 0,
        "length": 45.0873451233,
        "lossless": 0,
        "replay_gain": -12.0924396515,
        "sample_rate": 44100,
        "codec": "mp3",
        "downmix": "mix",
        "md5_encoded": "1de31bb5370f11fe79779bb9ef37d3a3"
    },
    "tags": {
        "file_name": "218.mp3"
    },
    "version": {
        "essentia": "2.1-beta2",
        "essentia_git_sha": "v2.1_beta2",
        "extractor": "music 1.0"
    }
},
"rhythm": {
    "beats_count": 89,
    "beats_loudness": {
        "mean": 0.0299641657621,
        "var": 0.000637426739559
    },
    "bpm": 119.934593201,
    "bpm_histogram_first_peak_bpm": {
        "mean": 120,
        "var": 0
    },
    "bpm_histogram_first_peak_spread": {
        "mean": 0.289156645536,
        "var": 0
    },
    "bpm_histogram_first_peak_weight": {
        "mean": 0.67045456171,
        "var": 0
    },
    "bpm_histogram_second_peak_bpm": {
        "mean": 110,
        "var": 0
    },
    "bpm_histogram_second_peak_spread": {
        "mean": 0.20000000298,
        "var": 0
    },
    "bpm_histogram_second_peak_weight": {
        "mean": 0.0454545468092,
        "var": 0
    },
    "danceability": 1.30163896084,
    "onset_rate": 2.30574321747,
    "beats_loudness_band_ratio": {
        "mean": [0.11698872596, 0.373861283064, 0.408037543297, 0.197317749262, 0.00229961425066, 6.04331762588e-005],
        "var": [0.0180387217551, 0.0564886331558, 0.0505449809134, 0.0711457282305, 7.11941765985e-006, 5.81991876913e-008]
    },
    "beats_position": [0.49922901392, 0.99845802784, 1.48607707024, 1.98530614376, 2.48453521729, 2.9837641716, 3.48299312592, 3.98222208023, 4.48145103455, 4.98067998886, 5.47990942001, 5.97913837433, 6.47836732864, 6.97759628296, 7.47682523727, 7.97605419159, 8.47528362274, 8.98612213135, 9.53179073334, 10.0658502579, 10.6115188599, 11.1571884155, 11.7028570175, 12.2136955261, 12.7245349884, 13.235373497, 13.7346029282, 14.2338323593, 14.7446708679, 15.2439002991, 15.7431287766, 16.2307472229, 16.7299766541, 17.2292060852, 17.7284355164, 18.2276649475, 18.7385025024, 19.2377319336, 19.7369613647, 20.2245807648, 20.7354183197, 21.246257782, 21.733877182, 22.221496582, 22.7207260132, 23.2315635681, 23.7307929993, 24.2300224304, 24.7408618927, 25.2400894165, 25.7393188477, 26.2385482788, 26.73777771, 27.2370071411, 27.7362346649, 28.2354640961, 28.7346935272, 29.2339229584, 29.7447605133, 30.2323799133, 30.7199993134, 31.2192287445, 31.7184581757, 32.2292976379, 32.7401351929, 33.239364624, 33.7385940552, 34.2262115479, 34.725440979, 35.2246704102, 35.7238998413, 36.2231292725, 36.7223587036, 37.2215881348, 37.7208137512, 38.2200431824, 38.7192726135, 39.2185020447, 39.7293434143, 40.2285690308, 40.7277984619, 41.2270278931, 41.7262573242, 42.2370948792, 42.7363243103, 43.2355537415, 43.7347831726, 44.2340126038, 44.7448501587]
},
"tonal": {
    "chords_changes_rate": 0.0380658432841,
    "chords_number_rate": 0.00925925932825,
    "chords_strength": {
        "mean": 0.452176362276,
        "var": 0.00675380928442
    },
    "hpcp_entropy": {
        "mean": 0.930146813393,
        "var": 0.50298178196
    },
    "key_strength": 0.660508573055,
    "tuning_diatonic_strength": 0.460508108139,
    "tuning_equal_tempered_deviation": 0.0261430125684,
    "tuning_frequency": 440.254241943,
    "tuning_nontempered_energy_ratio": 0.60867202282,
    "hpcp": {
        "mean": [0.203509286046, 0.104987882078, 0.0132157271728, 0.0140663282946, 0.0219927690923, 0.170543760061, 0.283512175083, 0.145045399666, 0.102691814303, 0.135370910168, 0.0551083087921, 0.0390594750643, 0.0554153695703, 0.0272034630179, 0.0694978311658, 0.126695260406, 0.065915428102, 0.0231843721122, 0.0314928144217, 0.018599525094, 0.0708178654313, 0.113776393235, 0.0527199879289, 0.00625378359109, 0.00297885411419, 0.0119836861268, 0.195906117558, 0.323605686426, 0.159337386489, 0.21407841146, 0.316387593746, 0.128801092505, 0.024592846632, 0.023819481954, 0.0116594238207, 0.10967694968],
        "var": [0.130987524986, 0.0352854393423, 0.0015155946603, 0.00228314404376, 0.00446827756241, 0.067408837378, 0.16728296876, 0.0408040322363, 0.0492399781942, 0.088301666081, 0.0144978361204, 0.0114769898355, 0.0326637998223, 0.00752146355808, 0.0257335472852, 0.0822530314326, 0.0217982772738, 0.00311054917984, 0.0077150715515, 0.00199269480072, 0.0219932496548, 0.0571742132306, 0.011619838886, 0.000407707266277, 5.44705471839e-005, 0.000769371923525, 0.0563695654273, 0.149295508862, 0.0316344350576, 0.0794145986438, 0.166800767183, 0.0292024817318, 0.00910863932222, 0.00897267367691, 0.00167084985878, 0.0388962365687]
    },
    "chords_histogram": [15.5349798203, 2.88065838814, 15.4320983887, 5.34979438782, 3.18930029869, 0, 0.925925910473, 0, 19.9588470459, 0, 0, 0, 0, 0, 0, 0.102880656719, 0, 0.925925910473, 0, 0, 0, 1.44032919407, 13.8888893127, 20.3703708649],
    "thpcp": [1, 0.492381304502, 0.661540925503, 0.977694809437, 0.398018628359, 0.0759963393211, 0.0736064985394, 0.0360297262669, 0.338921576738, 0.628880441189, 0.32443150878, 0.0408389829099, 0.0434674955904, 0.0679616257548, 0.527011036873, 0.876103818417, 0.448216468096, 0.317336261272, 0.418320566416, 0.170294627547, 0.120700828731, 0.17124350369, 0.0840636119246, 0.214760839939, 0.391511231661, 0.203690573573, 0.0716438964009, 0.0973184853792, 0.0574758909643, 0.218839988112, 0.351589590311, 0.162914276123, 0.0193253196776, 0.00920519698411, 0.0370317548513, 0.605385303497],
    "chords_key": "E",
    "chords_scale": "minor",
    "key_key": "G",
    "key_scale": "major"
}
}