{
"lowlevel": {
    "average_loudness": 0.917900323868,
    "barkbands_crest": {
        "mean": 11.1085567474,
        "var": 14.3915891647
    },
    "barkbands_flatness_db": {
        "mean": 0.278188407421,
        "var": 0.00165392097551
    },
    "barkbands_kurtosis": {
        "mean": 3.43110322952,
        "var": 36.7203063965
    },
    "barkbands_skewness": {
        "mean": 0.988090217113,
        "var": 1.26703667641
    },
    "barkbands_spread": {
        "mean": 6.2711224556,
        "var": 11.6276931763
    },
    "dissonance": {
        "mean": 0.372801214457,
        "var": 0.00308867590502
    },
    "dynamic_complexity": 2.87125062943,
    "erbbands_crest": {
        "mean": 12.9982395172,
        "var": 21.0516815186
    },
    "erbbands_flatness_db": {
        "mean": 0.31121841073,
        "var": 0.0023596289102
    },
    "erbbands_kurtosis": {
        "mean": 1.81284105778,
        "var": 15.9327573776
    },
    "erbbands_skewness": {
        "mean": 0.387062966824,
        "var": 1.12070453167
    },
    "erbbands_spread": {
        "mean": 11.6509227753,
        "var": 29.4546203613
    },
    "hfc": {
        "mean": 15.6759500504,
        "var": 218.089172363
    },
    "melbands_crest": {
        "mean": 12.9853477478,
        "var": 22.0491294861
    },
    "melbands_flatness_db": {
        "mean": 0.344376415014,
        "var": 0.00208986923099
    },
    "melbands_kurtosis": {
        "mean": 3.96492958069,
        "var": 47.8350448608
    },
    "melbands_skewness": {
        "mean": 1.16270792484,
        "var": 1.05703747272
    },
    "melbands_spread": {
        "mean": 10.5524950027,
        "var": 63.5439758301
    },
    "pitch_salience": {
        "mean": 0.533300161362,
        "var": 0.0116658490151
    },
    "silence_rate_20dB": {
        "mean": 1,
        "var": 0
    },
    "silence_rate_30dB": {
        "mean": 1,
        "var": 0
    },
    "silence_rate_60dB": {
        "mean": 0.0453141108155,
        "var": 0.0432608351111
    },
    "spectral_centroid": {
        "mean": 616.885803223,
        "var": 167552.734375
    },
    "spectral_complexity": {
        "mean": 11.3722963333,
        "var": 8.82689380646
    },
    "spectral_decrease": {
        "mean": -6.42825792596e-009,
        "var": 1.88381268979e-017
    },
    "spectral_energy": {
        "mean": 0.0256835278124,
        "var": 0.000307238457026
    },
    "spectral_energyband_high": {
        "mean": 1.29183281388e-005,
        "var": 5.15569587023e-009
    },
    "spectral_energyband_low": {
        "mean": 0.000818958389573,
        "var": 2.18810805563e-006
    },
    "spectral_energyband_middle_high": {
        "mean": 0.0067222584039,
        "var": 9.34978888836e-005
    },
    "spectral_energyband_middle_low": {
        "mean": 0.0186383482069,
        "var": 0.000166978235939
    },
    "spectral_entropy": {
        "mean": 6.15124464035,
        "var": 0.1378929317
    },
    "spectral_flux": {
        "mean": 0.0475610271096,
        "var": 0.000615806377027
    },
    "spectral_kurtosis": {
        "mean": 36.0847549438,
        "var": 350.436798096
    },
    "spectral_rms": {
        "mean": 0.0046891537495,
        "var": 3.06894844471e-006
    },
    "spectral_rolloff": {
        "mean": 892.974731445,
        "var": 785849.875
    },
    "spectral_skewness": {
        "mean": 4.27971076965,
        "var": 1.40387415886
    },
    "spectral_spread": {
        "mean": 1759500.75,
        "var": 2.40696845926e+012
    },
    "spectral_strongpeak": {
        "mean": 2.10826325417,
        "var": 4.82510375977
    },
    "zerocrossingrate": {
        "mean": 0.0318521782756,
        "var": 0.000618228048552
    },
    "barkbands": {
        "mean": [2.78529171283e-007, 0.000207356075407, 0.000357666634955, 0.000681171484757, 0.00346364825964, 0.00812161061913, 0.0015866777394, 0.00233422149904, 0.00190278654918, 0.00120311789215, 0.00161130272318, 0.00157592422329, 0.000848687195685, 0.00159338954836, 8.18622793304e-005, 5.14506646141e-005, 2.76805039903e-005, 1.17125409815e-005, 6.41872611595e-006, 5.46214914721e-006, 1.74297804278e-006, 3.02251396533e-006, 3.53974814971e-006, 1.98006159735e-006, 7.38919993637e-007, 1.36685059715e-007, 9.62851309794e-009],
        "var": [4.10524370574e-013, 6.80017876675e-007, 5.0493110848e-007, 1.65604899394e-006, 1.3517203115e-005, 8.45909889904e-005, 3.89487740904e-006, 8.82439508132e-006, 7.419454505e-006, 3.48640514858e-006, 8.66163918545e-006, 1.5037000594e-005, 7.92255832494e-006, 3.44799809682e-005, 9.73523572867e-009, 2.22972462716e-009, 1.14715981159e-009, 5.2950277496e-010, 1.28508328978e-010, 9.43593883584e-011, 3.31931253317e-011, 4.24447976766e-010, 7.75386088669e-010, 2.28041072137e-010, 5.56192175649e-011, 1.44494232389e-014, 1.6860382721e-016]
    },
    "erbbands": {
        "mean": [0.0016888519749, 0.0640788599849, 0.3653665483, 1.36345207691, 4.18126773834, 10.8766145706, 43.3663139343, 70.4056777954, 32.9647293091, 27.2139472961, 56.6721076965, 44.4878158569, 47.184715271, 61.2952957153, 47.2487678528, 66.2439727783, 42.8590888977, 90.2216567993, 17.3780021667, 4.00142669678, 2.82154178619, 1.29018104076, 0.78706496954, 0.349483907223, 0.33842793107, 0.256400823593, 0.0808234885335, 0.0724064931273, 0.100734703243, 0.11465331167, 0.100022338331, 0.053193423897, 0.0280611775815, 0.0130871264264, 0.00238617323339, 0.000674011593219, 0.000255968101555, 4.51451887784e-005, 1.38583500302e-005, 2.94274741464e-005],
        "var": [2.87521834252e-005, 0.0564966350794, 0.597765743732, 4.90335798264, 41.1247940063, 130.547744751, 3049.80029297, 8036.04638672, 1803.7442627, 969.586914063, 4089.03051758, 3854.42749023, 4386.09619141, 8906.29980469, 7156.3359375, 28773.0332031, 18457.5996094, 104087.070313, 2618.32177734, 24.9402751923, 7.17888021469, 2.84765076637, 1.62251198292, 0.192723378539, 0.375246316195, 0.250506401062, 0.0444696620107, 0.106071203947, 0.376841962337, 0.845375776291, 0.630510210991, 0.17198176682, 0.0487849973142, 0.0184259861708, 0.000250039622188, 6.74811019508e-007, 7.05403806478e-008, 2.22033436081e-009, 8.28071985981e-011, 4.13747258676e-010]
    },
    "gfcc": {
        "mean": [-107.566307068, 172.429244995, -134.21131897, -41.9108543396, -64.8312759399, -14.4978094101, -47.167339325, -14.7353038788, -25.5659046173, -12.1762094498, -10.8954610825, -10.3936290741, -5.63025951385],
        "cov": [[3979.16235352, 502.299316406, -932.143798828, -115.33694458, -219.27104187, -172.345962524, -66.1768035889, -231.872421265, -35.7729606628, -142.176651001, 167.137084961, -85.7744140625, 82.2787246704], [502.299316406, 526.346313477, 76.3020401001, -103.713432312, 234.342605591, -47.6770896912, 42.1838188171, 42.9256095886, 30.2508964539, 8.4222240448, 35.2871551514, -1.05798399448, 9.77858161926], [-932.143798828, 76.3020401001, 903.867736816, 398.128387451, 108.045791626, 102.742416382, 17.4850215912, 227.692077637, 111.174362183, 82.9065246582, -94.7601242065, 87.2074432373, -1.79699313641], [-115.33694458, -103.713432312, 398.128387451, 561.261657715, -30.2747879028, 5.30684423447, 11.4942770004, 137.042877197, 86.4466781616, 32.2485961914, -5.50165176392, 44.3059463501, 34.2047653198], [-219.27104187, 234.342605591, 108.045791626, -30.2747879028, 332.25201416, 44.8136978149, 26.2303676605, 61.1681556702, 16.9350395203, 56.0071029663, 7.04106044769, 2.35598468781, -49.0046844482], [-172.345962524, -47.6770896912, 102.742416382, 5.30684423447, 44.8136978149, 232.953231812, 34.7257156372, 13.6846475601, 33.193901062, 28.0759067535, -40.2312774658, -4.01896858215, -43.1527328491], [-66.1768035889, 42.1838188171, 17.4850215912, 11.4942770004, 26.2303676605, 34.7257156372, 102.646873474, 35.5045890808, 3.63286137581, 6.53594350815, 8.30887413025, 15.1425571442, 0.160617634654], [-231.872421265, 42.9256095886, 227.692077637, 137.042877197, 61.1681556702, 13.6846475601, 35.5045890808, 185.915222168, 58.4503288269, 15.1863002777, -48.5278587341, 28.5889644623, -10.3347568512], [-35.7729606628, 30.2508964539, 111.174362183, 86.4466781616, 16.9350395203, 33.193901062, 3.63286137581, 58.4503288269, 117.697013855, 41.420917511, -12.6857423782, -6.90526723862, 16.2128772736], [-142.176651001, 8.4222240448, 82.9065246582, 32.2485961914, 56.0071029663, 28.0759067535, 6.53594350815, 15.1863002777, 41.420917511, 97.0860366821, 19.59608078, 3.58393740654, -3.78143048286], [167.137084961, 35.2871551514, -94.7601242065, -5.50165176392, 7.04106044769, -40.2312774658, 8.30887413025, -48.5278587341, -12.6857423782, 19.59608078, 117.340240479, 22.856798172, 28.6300868988], [-85.7744140625, -1.05798399448, 87.2074432373, 44.3059463501, 2.35598468781, -4.01896858215, 15.1425571442, 28.5889644623, -6.90526723862, 3.58393740654, 22.856798172, 83.7899246216, 27.265083313], [82.2787246704, 9.77858161926, -1.79699313641, 34.2047653198, -49.0046844482, -43.1527328491, 0.160617634654, -10.3347568512, 16.2128772736, -3.78143048286, 28.6300868988, 27.265083313, 86.5826263428]],
        "icov": [[0.00111261173151, -0.00301776896231, 0.00217041629367, -0.00176455173641, 0.0022089984268, -0.00118667725474, 0.00175638112705, -2.96443558909e-005, 0.00047077954514, -0.000659110955894, 0.000492026039865, -0.0009449426434, 0.000695613911375], [-0.00301776896231, 0.0124686062336, -0.00712836999446, 0.00635403441265, -0.00912656541914, 0.00484110368416, -0.00649043172598, 0.000269542215392, -0.00326237129048, 0.00449431175366, -0.00323606957681, 0.0042109224014, -0.00335586164147], [0.00217041629367, -0.00712836999446, 0.00733421603218, -0.0052721099928, 0.00465128244832, -0.00338606885634, 0.00463666766882, -0.00128010089975, 0.00140783935785, -0.00364777515642, 0.00371471233666, -0.00466297287494, 0.00157819420565], [-0.00176455173641, 0.00635403441265, -0.0052721099928, 0.00655431160703, -0.00373623101041, 0.0026075693313, -0.00330417999066, -0.0012427464826, -0.00225152820349, 0.00243835244328, -0.00321838655509, 0.00277876807377, -0.00197948864661], [0.0022089984268, -0.00912656541914, 0.00465128244832, -0.00373623101041, 0.0109015190974, -0.00374416587874, 0.00446299603209, -0.00186406157445, 0.00269271200523, -0.00493897125125, 0.000688474450726, -0.00257563265041, 0.0044408487156], [-0.00118667725474, 0.00484110368416, -0.00338606885634, 0.0026075693313, -0.00374416587874, 0.00817508529872, -0.005268803332, 0.0027397365775, -0.0038601490669, 0.0011143431766, 0.000992257148027, 0.000165940931765, 0.00216376711614], [0.00175638112705, -0.00649043172598, 0.00463666766882, -0.00330417999066, 0.00446299603209, -0.005268803332, 0.015706172213, -0.00424076570198, 0.00328298704699, -0.00233042333275, -0.000685390259605, -0.00262990756892, 0.000168487327755], [-2.96443558909e-005, 0.000269542215392, -0.00128010089975, -0.0012427464826, -0.00186406157445, 0.0027397365775, -0.00424076570198, 0.0125312963501, -0.00531815737486, 0.00166421046015, 0.00459362426773, -0.00414423085749, 0.00313078938052], [0.00047077954514, -0.00326237129048, 0.00140783935785, -0.00225152820349, 0.00269271200523, -0.0038601490669, 0.00328298704699, -0.00531815737486, 0.016513414681, -0.00687384838238, 0.000797341577709, 0.00425487197936, -0.00519689591601], [-0.000659110955894, 0.00449431175366, -0.00364777515642, 0.00243835244328, -0.00493897125125, 0.0011143431766, -0.00233042333275, 0.00166421046015, -0.00687384838238, 0.0177406538278, -0.00592500157654, 0.00209425971843, 0.000404414895456], [0.000492026039865, -0.00323606957681, 0.00371471233666, -0.00321838655509, 0.000688474450726, 0.000992257148027, -0.000685390259605, 0.00459362426773, 0.000797341577709, -0.00592500157654, 0.0165738873184, -0.00699125416577, -0.00100673048291], [-0.0009449426434, 0.0042109224014, -0.00466297287494, 0.00277876807377, -0.00257563265041, 0.000165940931765, -0.00262990756892, -0.00414423085749, 0.00425487197936, 0.00209425971843, -0.00699125416577, 0.0210326444358, -0.00765373045579], [0.000695613911375, -0.00335586164147, 0.00157819420565, -0.00197948864661, 0.0044408487156, 0.00216376711614, 0.000168487327755, 0.00313078938052, -0.00519689591601, 0.000404414895456, -0.00100673048291, -0.00765373045579, 0.0197815354913]]
    },
    "melbands": {
        "mean": [3.57887292921e-005, 0.000157068745466, 0.000316204241244, 0.000458339403849, 0.00131879688706, 0.0015515408013, 0.000484592688736, 0.00034585504909, 0.000429456529673, 0.00028172772727, 0.000228014483582, 0.00023260373564, 0.000186101096915, 0.000191755709238, 0.000111189983727, 8.19579727249e-005, 0.000188418707694, 2.99098228425e-005, 5.45526518181e-006, 4.16545299231e-006, 3.17058083965e-006, 1.44345767694e-006, 8.98935184068e-007, 5.01429497035e-007, 2.55221237921e-007, 2.13519470549e-007, 2.78835045719e-007, 1.42624671184e-007, 4.75216133111e-008, 4.15035223966e-008, 4.17784420392e-008, 5.04251005395e-008, 7.02582312329e-008, 6.23737221872e-008, 6.24586817821e-008, 4.33160600721e-008, 2.83732486395e-008, 2.04712105045e-008, 1.58787685223e-008, 9.20019793682e-009],
        "var": [1.81270323196e-008, 1.48438118686e-007, 2.41036957505e-007, 3.07089862872e-007, 2.61883587882e-006, 3.53930158781e-006, 3.60995329629e-007, 1.71917378111e-007, 2.20830031594e-007, 1.56071152446e-007, 1.08987109115e-007, 1.30120113795e-007, 1.2816758499e-007, 2.25290747835e-007, 9.63124477948e-008, 5.96712723677e-008, 5.19685670497e-007, 8.5205993372e-009, 5.27607783851e-011, 1.8948228403e-011, 1.18083650497e-011, 3.70200788427e-012, 4.76095031454e-012, 3.90738602498e-013, 1.23699255049e-013, 1.84782798871e-013, 2.31083977908e-013, 9.70429045823e-014, 2.26325780491e-014, 1.45590360785e-014, 5.23805682802e-014, 8.29396501565e-014, 2.90337632408e-013, 2.61442804255e-013, 2.48213911447e-013, 1.36864085061e-013, 4.55452021312e-014, 2.17372726942e-014, 2.84061612936e-014, 9.06743941948e-015]
    },
    "mfcc": {
        "mean": [-756.41583252, 223.202148438, -23.1797676086, -20.7100429535, -14.1963853836, -17.4197597504, -17.2231864929, -14.3539228439, -16.4139690399, -6.68347215652, -14.4808235168, -9.89644432068, -5.66321849823],
        "cov": [[2727.43237305, 39.8652305603, -655.327514648, -65.7224807739, -254.798553467, -63.3155059814, -63.0655250549, -63.9662628174, -236.728424072, -19.2222385406, -121.540176392, -35.4102668762, -9.92026138306], [39.8652305603, 831.596923828, -179.08605957, -62.7260246277, 148.149337769, -23.5816040039, 82.2019042969, 5.82049798965, 40.5078315735, 5.25088834763, 9.07614040375, 51.0824317932, 59.3665390015], [-655.327514648, -179.08605957, 769.258178711, 268.813842773, 140.619476318, 99.5721282959, -19.3382358551, 109.331695557, 179.598388672, 65.6541213989, 55.5954170227, 40.3199806213, 28.6069984436], [-65.7224807739, -62.7260246277, 268.813842773, 441.348175049, 147.446594238, -11.0731334686, 25.0379714966, 54.6141624451, 58.621257782, 73.6986236572, 24.6701545715, 32.6382102966, 62.7031822205], [-254.798553467, 148.149337769, 140.619476318, 147.446594238, 263.830627441, 55.602848053, 36.0857086182, 58.8513145447, 64.8538589478, 68.2129058838, 74.0383224487, 36.3807792664, 23.7235355377], [-63.3155059814, -23.5816040039, 99.5721282959, -11.0731334686, 55.602848053, 160.615615845, 43.1678848267, 21.5811691284, 30.5461082458, 17.8549137115, 55.1299362183, 29.6196594238, -7.629155159], [-63.0655250549, 82.2019042969, -19.3382358551, 25.0379714966, 36.0857086182, 43.1678848267, 111.362548828, 35.6492614746, 3.27587509155, -2.80270910263, 15.2542161942, 32.2567062378, 36.4930229187], [-63.9662628174, 5.82049798965, 109.331695557, 54.6141624451, 58.8513145447, 21.5811691284, 35.6492614746, 127.437820435, 74.388923645, 21.7596378326, 11.472070694, 13.0679197311, 40.1469917297], [-236.728424072, 40.5078315735, 179.598388672, 58.621257782, 64.8538589478, 30.5461082458, 3.27587509155, 74.388923645, 165.545562744, 60.5626182556, 31.9767608643, 17.7099742889, 20.6509151459], [-19.2222385406, 5.25088834763, 65.6541213989, 73.6986236572, 68.2129058838, 17.8549137115, -2.80270910263, 21.7596378326, 60.5626182556, 113.98374176, 56.1655464172, 4.495616436, -7.24834871292], [-121.540176392, 9.07614040375, 55.5954170227, 24.6701545715, 74.0383224487, 55.1299362183, 15.2542161942, 11.472070694, 31.9767608643, 56.1655464172, 103.27722168, 30.128988266, -11.4736471176], [-35.4102668762, 51.0824317932, 40.3199806213, 32.6382102966, 36.3807792664, 29.6196594238, 32.2567062378, 13.0679197311, 17.7099742889, 4.495616436, 30.128988266, 93.0355758667, 60.4563140869], [-9.92026138306, 59.3665390015, 28.6069984436, 62.7031822205, 23.7235355377, -7.629155159, 36.4930229187, 40.1469917297, 20.6509151459, -7.24834871292, -11.4736471176, 60.4563140869, 127.220962524]],
        "icov": [[0.000706013175659, -0.000274555495707, 0.000715587462764, -0.000657802040223, 0.00092371890787, -0.00102404493373, 0.00124484568369, -0.00109922897536, 0.00104319537058, -0.000922812847421, 0.000800012785476, -0.000513189355843, 0.000196725362912], [-0.000274555495707, 0.00209141895175, 0.000212238592212, 0.00103976635728, -0.00224680779502, 0.00140300998464, -0.00193861336447, 0.00153964222409, -0.00171478709672, 0.000551331904717, 0.00038213696098, -0.000332550320309, -0.000481955474243], [0.000715587462764, 0.000212238592212, 0.00349984574132, -0.00209582410753, 0.000548232463188, -0.00252935779281, 0.00278236740269, -0.00178305688314, -0.00129841547459, 0.000291341188131, 0.000824853486847, -0.00114717637189, 0.000560297106858], [-0.000657802040223, 0.00103976635728, -0.00209582410753, 0.00516925938427, -0.00324369012378, 0.00311686657369, -0.00308314454742, 0.00187756877858, -0.000199876361876, -0.0015554871643, 0.000524845730979, 0.000430693617091, -0.00174283084925], [0.00092371890787, -0.00224680779502, 0.000548232463188, -0.00324369012378, 0.00936261378229, -0.00315079372376, 0.00259901513346, -0.00393526302651, 0.00230695656501, -0.00216575246304, -0.00254681636579, -0.000448362116003, 0.000642914150376], [-0.00102404493373, 0.00140300998464, -0.00252935779281, 0.00311686657369, -0.00315079372376, 0.0122621720657, -0.00674280803651, 0.00249848212115, -0.00210073497146, 0.0018214918673, -0.00416616303846, -0.00104779982939, 0.00133355427533], [0.00124484568369, -0.00193861336447, 0.00278236740269, -0.00308314454742, 0.00259901513346, -0.00674280803651, 0.0171535462141, -0.0067122685723, 0.00364659517072, -0.000226687145187, 0.000424087193096, -0.00252559082583, -0.00116204330698], [-0.00109922897536, 0.00153964222409, -0.00178305688314, 0.00187756877858, -0.00393526302651, 0.00249848212115, -0.0067122685723, 0.0160620380193, -0.00717949401587, 0.00203459127806, -0.000719471659977, 0.00391707010567, -0.00423324434087], [0.00104319537058, -0.00171478709672, -0.00129841547459, -0.000199876361876, 0.00230695656501, -0.00210073497146, 0.00364659517072, -0.00717949401587, 0.0144177414477, -0.00680665997788, 0.00151321315207, -0.00144243764225, 2.92415825243e-005], [-0.000922812847421, 0.000551331904717, 0.000291341188131, -0.0015554871643, -0.00216575246304, 0.0018214918673, -0.000226687145187, 0.00203459127806, -0.00680665997788, 0.0180508736521, -0.00913635734469, 0.00311997230165, 0.000134673755383], [0.000800012785476, 0.00038213696098, 0.000824853486847, 0.000524845730979, -0.00254681636579, -0.00416616303846, 0.000424087193096, -0.000719471659977, 0.00151321315207, -0.00913635734469, 0.0214758981019, -0.00807801447809, 0.00477978494018], [-0.000513189355843, -0.000332550320309, -0.00114717637189, 0.000430693617091, -0.000448362116003, -0.00104779982939, -0.00252559082583, 0.00391707010567, -0.00144243764225, 0.00311997230165, -0.00807801447809, 0.0218117851764, -0.0110117737204], [0.000196725362912, -0.000481955474243, 0.000560297106858, -0.00174283084925, 0.000642914150376, 0.00133355427533, -0.00116204330698, -0.00423324434087, 2.92415825243e-005, 0.000134673755383, 0.00477978494018, -0.0110117737204, 0.0161297433078]]
    },
    "spectral_contrast_coeffs": {
        "mean": [-0.505099058151, -0.617138266563, -0.642802894115, -0.725011944771, -0.783848762512, -0.818647444248],
        "var": [0.00932358205318, 0.00654580118135, 0.00527127273381, 0.0051170475781, 0.00146702246275, 0.000890348688699]
    },
    "spectral_contrast_valleys": {
        "mean": [-8.88243675232, -6.81979751587, -7.81528234482, -8.61203289032, -9.54103279114, -12.4105491638],
        "var": [1.54359805584, 0.998824298382, 0.955301761627, 0.877530038357, 0.720985412598, 0.571224749088]
    }
},
"metadata": {
    "audio_properties": {
        "analysis_sample_rate": 44100,
        "bit_rate": 106409,
        "equal_loudness": 0,
        "length": 45.0612258911,
        "lossless": 0,
        "replay_gain": -11.6640720367,
        "sample_rate": 44100,
        "codec": "mp3",
        "downmix": "mix",
        "md5_encoded": "94e0491f9a674ddb35e2ec0de93e49c8"
    },
    "tags": {
        "file_name": "219.mp3"
    },
    "version": {
        "essentia": "2.1-beta2",
        "essentia_git_sha": "v2.1_beta2",
        "extractor": "music 1.0"
    }
},
"rhythm": {
    "beats_count": 110,
    "beats_loudness": {
        "mean": 0.0312744937837,
        "var": 0.000355449941708
    },
    "bpm": 145.006454468,
    "bpm_histogram_first_peak_bpm": {
        "mean": 144,
        "var": 0
    },
    "bpm_histogram_first_peak_spread": {
        "mean": 0.51807230711,
        "var": 0
    },
    "bpm_histogram_first_peak_weight": {
        "mean": 0.366972476244,
        "var": 0
    },
    "bpm_histogram_second_peak_bpm": {
        "mean": 152,
        "var": 0
    },
    "bpm_histogram_second_peak_spread": {
        "mean": 0,
        "var": 0
    },
    "bpm_histogram_second_peak_weight": {
        "mean": 0.119266055524,
        "var": 0
    },
    "danceability": 0.925929546356,
    "onset_rate": 1.79674422741,
    "beats_loudness_band_ratio": {
        "mean": [0.0833265855908, 0.453863054514, 0.268981993198, 0.234380364418, 0.0134934196249, 0.000960996607319],
        "var": [0.0098774516955, 0.0483479388058, 0.0220354832709, 0.0502149537206, 0.00010201700934, 6.34995785731e-006]
    },
    "beats_position": [0.441179126501, 0.847528338432, 1.25387752056, 1.66022670269, 2.06657600403, 2.4497051239, 2.83283448219, 3.25079369545, 3.66875267029, 4.07510185242, 4.49306106567, 4.8994102478, 5.30575942993, 5.72371864319, 6.15328788757, 6.58285713196, 7.01242637634, 7.4303855896, 7.84834432602, 8.26630401611, 8.67265319824, 9.07900238037, 9.4853515625, 9.90331077576, 10.321269989, 10.7276191711, 11.1455783844, 11.5635375977, 11.9814968109, 12.3994560242, 12.8174142838, 13.235373497, 13.6533327103, 14.0712919235, 14.4892511368, 14.8956003189, 15.301949501, 15.7082986832, 16.114648819, 16.5326080322, 16.9505672455, 17.3685264587, 17.786485672, 18.1928348541, 18.6107940674, 19.0055332184, 19.4118824005, 19.8182315826, 20.2245807648, 20.6309299469, 21.0256690979, 21.43201828, 21.8383674622, 22.2447166443, 22.6626758575, 23.0922451019, 23.5218143463, 23.9165534973, 24.3112926483, 24.7060317993, 25.1123809814, 25.5187301636, 25.9366893768, 26.3082084656, 26.6797275543, 27.0512466431, 27.4227657318, 27.8058948517, 28.1890239716, 28.5605430603, 28.932062149, 29.3035831451, 29.6751022339, 30.0930614471, 30.5110206604, 30.9289798737, 31.3469390869, 31.776506424, 32.1944656372, 32.6240348816, 33.0419960022, 33.4483451843, 33.8546943665, 34.2726516724, 34.6790008545, 35.0969619751, 35.5033111572, 35.9212684631, 36.3392295837, 36.7339668274, 37.1287078857, 37.5234451294, 37.9181861877, 38.3129234314, 38.730884552, 39.1488418579, 39.5668029785, 39.9847602844, 40.3795013428, 40.7742385864, 41.1689796448, 41.5753288269, 41.9584579468, 42.3648071289, 42.771156311, 43.1775054932, 43.5838546753, 44.0018119812, 44.4081611633, 44.8145103455]
},
"tonal": {
    "chords_changes_rate": 0.00925925932825,
    "chords_number_rate": 0.00925925932825,
    "chords_strength": {
        "mean": 0.648931980133,
        "var": 0.00905501749367
    },
    "hpcp_entropy": {
        "mean": 1.40872752666,
        "var": 0.394830316305
    },
    "key_strength": 0.505190193653,
    "tuning_diatonic_strength": 0.302172869444,
    "tuning_equal_tempered_deviation": 0.0286676622927,
    "tuning_frequency": 440,
    "tuning_nontempered_energy_ratio": 0.652401745319,
    "hpcp": {
        "mean": [0.074448466301, 0.0474414937198, 0.108043886721, 0.231483981013, 0.149843245745, 0.0654734373093, 0.102275118232, 0.0608437359333, 0.0171316508204, 0.0160713493824, 0.0146066145971, 0.0940839573741, 0.183623746037, 0.149155423045, 0.233266204596, 0.294057816267, 0.12392488867, 0.0413868129253, 0.0903849601746, 0.0840916335583, 0.112167149782, 0.194004222751, 0.128540739417, 0.0766182094812, 0.147992312908, 0.139863863587, 0.160615250468, 0.212407276034, 0.118898503482, 0.119288615882, 0.204822316766, 0.124219290912, 0.039274610579, 0.0406104624271, 0.0240724626929, 0.0428307615221],
        "var": [0.0332254990935, 0.0118772294372, 0.0240017361939, 0.0974100753665, 0.0437006577849, 0.0117698647082, 0.0515163876116, 0.0175581928343, 0.0077344365418, 0.0057283770293, 0.00402368232608, 0.0282617881894, 0.106089524925, 0.0432942546904, 0.0921779200435, 0.1476213485, 0.0321989618242, 0.00926369894296, 0.0616372227669, 0.0458829589188, 0.042677462101, 0.130962029099, 0.0622404031456, 0.0262044463307, 0.0795206725597, 0.0594298057258, 0.0574344024062, 0.12509444356, 0.0448264889419, 0.0409597568214, 0.125855609775, 0.0503029599786, 0.00726901274174, 0.0131286559626, 0.00408419361338, 0.0107212597504]
    },
    "chords_histogram": [15.7407407761, 0.925925910473, 0, 14.0946502686, 0, 4.21810722351, 0, 0, 0, 13.271604538, 0, 0, 0, 0, 0, 13.9917697906, 15.4320983887, 13.7860078812, 1.23456788063, 0, 0, 0, 7.30452680588, 0],
    "thpcp": [1, 0.42143034935, 0.140743792057, 0.307371377945, 0.285969734192, 0.381445914507, 0.65974855423, 0.437127441168, 0.260554909706, 0.503276228905, 0.475633889437, 0.54620295763, 0.722331702709, 0.40433716774, 0.405663818121, 0.696537554264, 0.422431528568, 0.133560851216, 0.138103663921, 0.0818630233407, 0.145654216409, 0.253176301718, 0.16133390367, 0.367423951626, 0.787205696106, 0.509570717812, 0.222654983401, 0.347806155682, 0.206910789013, 0.0582594648004, 0.0546537041664, 0.0496725924313, 0.319950550795, 0.624447762966, 0.507231593132, 0.793266475201],
    "chords_key": "B",
    "chords_scale": "minor",
    "key_key": "B",
    "key_scale": "minor"
}
}