{
"lowlevel": {
    "average_loudness": 0.721983611584,
    "barkbands_crest": {
        "mean": 12.2602577209,
        "var": 18.2104053497
    },
    "barkbands_flatness_db": {
        "mean": 0.344542652369,
        "var": 0.0066422582604
    },
    "barkbands_kurtosis": {
        "mean": 13.2997760773,
        "var": 242.492172241
    },
    "barkbands_skewness": {
        "mean": 1.84289586544,
        "var": 4.43645429611
    },
    "barkbands_spread": {
        "mean": 5.5059170723,
        "var": 28.9203357697
    },
    "dissonance": {
        "mean": 0.421848475933,
        "var": 0.00286619644612
    },
    "dynamic_complexity": 7.33571863174,
    "erbbands_crest": {
        "mean": 12.5204677582,
        "var": 40.670715332
    },
    "erbbands_flatness_db": {
        "mean": 0.316232472658,
        "var": 0.00517628667876
    },
    "erbbands_kurtosis": {
        "mean": 7.6461186409,
        "var": 358.38180542
    },
    "erbbands_skewness": {
        "mean": 0.539892375469,
        "var": 3.97961640358
    },
    "erbbands_spread": {
        "mean": 17.7860774994,
        "var": 108.745620728
    },
    "hfc": {
        "mean": 6.67184019089,
        "var": 74.5227737427
    },
    "melbands_crest": {
        "mean": 17.6413097382,
        "var": 25.6459121704
    },
    "melbands_flatness_db": {
        "mean": 0.451803326607,
        "var": 0.00981331244111
    },
    "melbands_kurtosis": {
        "mean": 22.3918495178,
        "var": 558.860229492
    },
    "melbands_skewness": {
        "mean": 2.72880101204,
        "var": 4.82159042358
    },
    "melbands_spread": {
        "mean": 7.58657741547,
        "var": 106.722084045
    },
    "pitch_salience": {
        "mean": 0.520134210587,
        "var": 0.0174135435373
    },
    "silence_rate_20dB": {
        "mean": 1,
        "var": 0
    },
    "silence_rate_30dB": {
        "mean": 0.959341228008,
        "var": 0.0390064232051
    },
    "silence_rate_60dB": {
        "mean": 0.289243429899,
        "var": 0.205583617091
    },
    "spectral_centroid": {
        "mean": 458.13079834,
        "var": 221306.90625
    },
    "spectral_complexity": {
        "mean": 7.5784869194,
        "var": 28.680305481
    },
    "spectral_decrease": {
        "mean": -7.74500641398e-009,
        "var": 8.19178401133e-017
    },
    "spectral_energy": {
        "mean": 0.0298365633935,
        "var": 0.00121283833869
    },
    "spectral_energyband_high": {
        "mean": 6.99150359651e-006,
        "var": 2.49194359592e-010
    },
    "spectral_energyband_low": {
        "mean": 0.0178380291909,
        "var": 0.000602744054049
    },
    "spectral_energyband_middle_high": {
        "mean": 0.00118034647312,
        "var": 1.46009188029e-005
    },
    "spectral_energyband_middle_low": {
        "mean": 0.0162485111505,
        "var": 0.000340431754012
    },
    "spectral_entropy": {
        "mean": 5.98752784729,
        "var": 0.348192036152
    },
    "spectral_flux": {
        "mean": 0.0615847148001,
        "var": 0.00201404746622
    },
    "spectral_kurtosis": {
        "mean": 65.5645980835,
        "var": 3295.2265625
    },
    "spectral_rms": {
        "mean": 0.00434632133693,
        "var": 1.02183166746e-005
    },
    "spectral_rolloff": {
        "mean": 523.037780762,
        "var": 823472.1875
    },
    "spectral_skewness": {
        "mean": 5.35405683517,
        "var": 7.45954847336
    },
    "spectral_spread": {
        "mean": 1546185.75,
        "var": 2.26880546406e+012
    },
    "spectral_strongpeak": {
        "mean": 0.528421342373,
        "var": 0.313780009747
    },
    "zerocrossingrate": {
        "mean": 0.0204507671297,
        "var": 0.000634592666756
    },
    "barkbands": {
        "mean": [2.06011554837e-006, 0.00183246622328, 0.0105957090855, 0.00647309841588, 0.00691090431064, 0.0014624533942, 0.00043441526941, 0.000411354965763, 0.000492324877996, 0.000328575319145, 0.000379079661798, 0.000214008861803, 9.63189741015e-005, 6.21239087195e-005, 3.01799682347e-005, 3.41750819643e-005, 2.73732639471e-005, 2.19140838453e-005, 1.88145586435e-005, 3.51834364665e-006, 3.26858662447e-006, 8.47462047204e-007, 1.11851238671e-006, 2.523790954e-007, 1.1530256927e-007, 1.12958353782e-007, 2.30147634284e-009],
        "var": [3.87201382068e-011, 7.06186983734e-006, 0.000247741030762, 9.38456869335e-005, 0.000104206068499, 5.12394080943e-006, 7.93661683929e-007, 1.19264882414e-006, 1.89150307506e-006, 2.22791004489e-006, 3.15501824844e-006, 4.92328865676e-007, 7.66687904274e-008, 3.05944780621e-008, 6.14535666799e-009, 1.44077887398e-008, 4.86897233642e-009, 5.94634030904e-009, 4.69373828693e-009, 1.21044049783e-010, 8.90812076881e-011, 6.08474425359e-012, 1.69237748815e-011, 1.14089271884e-012, 1.48063039693e-013, 2.66409805457e-013, 8.70468959241e-017]
    },
    "erbbands": {
        "mean": [0.00946588162333, 0.692680537701, 8.82899665833, 23.6697616577, 21.3571338654, 18.2371368408, 19.3658218384, 7.48145341873, 7.83532476425, 4.7003364563, 12.2680139542, 9.80439662933, 7.61612081528, 18.0784111023, 10.4525823593, 7.04194021225, 5.1923160553, 3.4803955555, 1.8116799593, 1.95421779156, 1.72423923016, 1.416472435, 1.35789942741, 1.14509522915, 0.615168571472, 0.163734167814, 0.150799140334, 0.0879747644067, 0.034330341965, 0.0347780995071, 0.0272189229727, 0.00960666779429, 0.00303164171055, 0.00190592173021, 0.00078064732952, 0.000924302381463, 8.95957782632e-005, 7.8608345575e-006, 1.38861696541e-005, 3.27365924022e-005],
        "var": [0.000162454438396, 1.00709748268, 172.581176758, 1263.21081543, 879.438049316, 866.681030273, 905.621398926, 111.433227539, 246.097549438, 90.8173599243, 1330.328125, 554.78729248, 380.139923096, 10281.2138672, 2552.72583008, 289.793121338, 197.967987061, 90.5548858643, 23.5054988861, 36.3796882629, 31.2969417572, 13.3456897736, 16.378370285, 17.627199173, 4.9235959053, 0.222209274769, 0.193781703711, 0.0656868815422, 0.00822187401354, 0.0206327773631, 0.0075098159723, 0.000993642141111, 0.000434729590779, 6.22054067208e-005, 6.32100409348e-006, 2.00708709599e-005, 1.0806375883e-007, 1.32167332634e-009, 2.60217236647e-010, 1.45591871892e-009]
    },
    "gfcc": {
        "mean": [-225.551208496, 217.393585205, -100.803436279, -9.5207529068, -23.9909343719, -3.40288281441, -21.1966209412, -22.223236084, -22.8505363464, -21.3362617493, -10.9256563187, -13.0041303635, -8.0358133316],
        "cov": [[23640.4902344, 1813.75231934, -545.487121582, 2670.77734375, -712.41998291, -2273.99707031, -425.912078857, 321.789764404, 414.71194458, -1154.94836426, -658.25793457, -866.87097168, 33.9955253601], [1813.75231934, 1778.43969727, 265.793212891, -445.973449707, 506.505279541, -572.800354004, -110.474899292, -229.840164185, 223.75213623, -228.944976807, -138.175064087, -282.27532959, 112.698043823], [-545.487121582, 265.793212891, 1055.54296875, 60.5339279175, 142.3175354, 140.067428589, -14.836180687, -59.1684379578, 34.2334442139, -41.3888168335, -40.992893219, -49.5472946167, -25.1794395447], [2670.77734375, -445.973449707, 60.5339279175, 1192.77722168, -346.9190979, -286.120605469, 103.966415405, 84.7941207886, 61.7437438965, -126.01902771, -40.6204452515, -48.4072113037, -70.1450424194], [-712.41998291, 506.505279541, 142.3175354, -346.9190979, 553.006225586, -17.1289367676, 26.5433826447, -18.2584171295, -49.4893455505, -50.3961334229, -2.86196565628, 5.54991722107, 16.0772285461], [-2273.99707031, -572.800354004, 140.067428589, -286.120605469, -17.1289367676, 718.44732666, 91.6504058838, 3.04435992241, -145.372894287, 123.323760986, 110.912467957, 140.448822021, -13.0663900375], [-425.912078857, -110.474899292, -14.836180687, 103.966415405, 26.5433826447, 91.6504058838, 275.019989014, -41.8812179565, -81.3362808228, 25.1045799255, 38.7222328186, 51.9834976196, -4.69125652313], [321.789764404, -229.840164185, -59.1684379578, 84.7941207886, -18.2584171295, 3.04435992241, -41.8812179565, 199.065261841, -22.9453964233, 5.52200698853, 18.4160118103, 34.397315979, -36.5803146362], [414.71194458, 223.75213623, 34.2334442139, 61.7437438965, -49.4893455505, -145.372894287, -81.3362808228, -22.9453964233, 206.254699707, -43.6773910522, -47.8566703796, -55.1581993103, 7.81641292572], [-1154.94836426, -228.944976807, -41.3888168335, -126.01902771, -50.3961334229, 123.323760986, 25.1045799255, 5.52200698853, -43.6773910522, 212.234420776, 16.5382499695, 43.1883201599, 22.359462738], [-658.25793457, -138.175064087, -40.992893219, -40.6204452515, -2.86196565628, 110.912467957, 38.7222328186, 18.4160118103, -47.8566703796, 16.5382499695, 158.551223755, 59.6113357544, -19.1080703735], [-866.87097168, -282.27532959, -49.5472946167, -48.4072113037, 5.54991722107, 140.448822021, 51.9834976196, 34.397315979, -55.1581993103, 43.1883201599, 59.6113357544, 184.772750854, -36.0321922302], [33.9955253601, 112.698043823, -25.1794395447, -70.1450424194, 16.0772285461, -13.0663900375, -4.69125652313, -36.5803146362, 7.81641292572, 22.359462738, -19.1080703735, -36.0321922302, 113.61579895]],
        "icov": [[0.000164693774423, -0.00047967149294, 0.000179522059625, -0.000428595871199, 0.000390571076423, -0.000107985164504, 0.000214628249523, -0.00050169264432, 0.000510077283252, 0.000382654485293, 0.000396675255615, 1.90994728655e-006, -6.17370387772e-005], [-0.00047967149294, 0.00512270675972, -0.00134120718576, 0.00310995196924, -0.00295608234592, 0.00297254743055, -0.00157273747027, 0.00339324399829, -0.00352498912252, 0.00111503619701, -0.00151326775085, 0.00266804802231, -0.0009125531069], [0.000179522059625, -0.00134120718576, 0.00160379509907, -0.0012844769517, 0.00018041410658, -0.00134886987507, 0.000806535768788, -0.000464491749881, 0.00066845229594, -0.000137483206345, 0.000809964782093, -0.00014363254013, 0.000613902928308], [-0.000428595871199, 0.00310995196924, -0.0012844769517, 0.00380850816146, -0.000580942549277, 0.00240520341322, -0.002386322245, 0.00124036311172, -0.00232066353783, 0.00106321950443, -0.00102212664206, 0.0014108949108, -4.32401384387e-006], [0.000390571076423, -0.00295608234592, 0.00018041410658, -0.000580942549277, 0.00488662905991, -0.000717528630048, -0.000113745780254, -0.00282115093432, 0.0029769167304, 0.0011195463594, 0.00128350115847, -0.00160060054623, 9.27614746615e-005], [-0.000107985164504, 0.00297254743055, -0.00134886987507, 0.00240520341322, -0.000717528630048, 0.00450294092298, -0.0014705802314, 0.00144949462265, -0.000756432360504, 0.000989579129964, -0.00131200847682, 0.000856435159221, -0.000796609092504], [0.000214628249523, -0.00157273747027, 0.000806535768788, -0.002386322245, -0.000113745780254, -0.0014705802314, 0.00611351197585, 0.00101793964859, 0.00272194016725, -0.000845578382723, 4.92474828206e-005, -0.00157590629533, 0.000116059221909], [-0.00050169264432, 0.00339324399829, -0.000464491749881, 0.00124036311172, -0.00282115093432, 0.00144949462265, 0.00101793964859, 0.00912945345044, -0.00168290920556, -0.000715958827641, -0.00178386317566, 0.00048337210319, 0.00110439036507], [0.000510077283252, -0.00352498912252, 0.00066845229594, -0.00232066353783, 0.0029769167304, -0.000756432360504, 0.00272194016725, -0.00168290920556, 0.00955620687455, 0.000633912917692, 0.00207782536745, -0.0012995355064, 0.000276719511021], [0.000382654485293, 0.00111503619701, -0.000137483206345, 0.00106321950443, 0.0011195463594, 0.000989579129964, -0.000845578382723, -0.000715958827641, 0.000633912917692, 0.00853744614869, 0.00118397944607, 0.000707469007466, -0.00220489874482], [0.000396675255615, -0.00151326775085, 0.000809964782093, -0.00102212664206, 0.00128350115847, -0.00131200847682, 4.92474828206e-005, -0.00178386317566, 0.00207782536745, 0.00118397944607, 0.00891264807433, -0.00163322116714, 0.000631017552223], [1.90994728655e-006, 0.00266804802231, -0.00014363254013, 0.0014108949108, -0.00160060054623, 0.000856435159221, -0.00157590629533, 0.00048337210319, -0.0012995355064, 0.000707469007466, -0.00163322116714, 0.00982498936355, 0.00139911810402], [-6.17370387772e-005, -0.0009125531069, 0.000613902928308, -4.32401384387e-006, 9.27614746615e-005, -0.000796609092504, 0.000116059221909, 0.00110439036507, 0.000276719511021, -0.00220489874482, 0.000631017552223, 0.00139911810402, 0.0110789844766]]
    },
    "melbands": {
        "mean": [0.000258065178059, 0.00346914329566, 0.00373297161423, 0.00160681409761, 0.000634796801023, 0.000196721666725, 0.000105881597847, 5.53309364477e-005, 0.000111858447781, 5.67386923649e-005, 3.58241377398e-005, 7.13044937584e-005, 3.99198106606e-005, 2.26610663958e-005, 1.71664814843e-005, 8.68631195772e-006, 6.39236168354e-006, 2.86872523247e-006, 2.51834921983e-006, 2.78301490653e-006, 1.79878293238e-006, 1.42384851642e-006, 1.45456613154e-006, 1.04157186342e-006, 9.35459070206e-007, 6.8371616635e-007, 1.86688879467e-007, 8.18887997411e-008, 8.46184491365e-008, 9.55907779598e-008, 3.55552671749e-008, 2.16907150019e-008, 1.18659686521e-008, 2.31446666277e-008, 1.55084993736e-008, 1.35282061109e-008, 2.98716651415e-009, 1.85714421619e-009, 2.27985763601e-009, 1.27524035776e-009],
        "var": [1.36931333827e-007, 2.52533609455e-005, 2.66002698481e-005, 6.81929941493e-006, 8.63741036028e-007, 7.74762796141e-008, 4.33378524178e-008, 1.83343313864e-008, 1.29501216861e-007, 1.71537006821e-008, 7.69434382875e-009, 1.53073770548e-007, 2.82838303889e-008, 8.86441764436e-009, 3.20642312701e-009, 6.35615171607e-010, 3.84846599033e-010, 8.06749458904e-011, 4.10907488591e-011, 1.11125282587e-010, 3.2858674115e-011, 1.57524965294e-011, 1.3873110126e-011, 1.59632203289e-011, 1.34915412175e-011, 6.34513275255e-012, 3.80324108795e-013, 5.84140076804e-014, 5.93570128487e-014, 9.70219455991e-014, 1.31928363091e-014, 4.5223529511e-015, 2.25311992167e-015, 1.29551427705e-014, 2.33969261811e-015, 3.57120229046e-015, 1.21477666882e-016, 3.66993250373e-016, 2.38209222872e-016, 3.0544699601e-017]
    },
    "mfcc": {
        "mean": [-841.126220703, 213.612808228, 16.5869369507, 4.95061063766, 10.1844034195, 13.3940982819, 6.84527826309, 2.94181990623, -6.53398704529, -8.67845344543, -8.32256984711, -4.7097902298, -5.78583097458],
        "cov": [[12368.8085938, 4653.00390625, -1455.93640137, 1818.9720459, 95.7990875244, -893.994506836, -832.910339355, 140.051361084, 134.45489502, 238.066726685, -238.044998169, -451.119537354, -586.18371582], [4653.00390625, 3445.98925781, 7.60978889465, 262.137054443, 467.720458984, -338.543121338, -511.557373047, -128.383010864, 159.476593018, 88.754989624, -177.304031372, -299.358001709, -301.272521973], [-1455.93640137, 7.60978889465, 959.646240234, -128.879623413, 94.9192886353, 250.284454346, -13.3466501236, -59.0814399719, 35.9464149475, 40.2540931702, 7.57547473907, -20.5315227509, 19.8366851807], [1818.9720459, 262.137054443, -128.879623413, 930.854797363, 2.28942751884, -182.954650879, -47.9245529175, 80.7171630859, 22.4274368286, 58.7842178345, 52.2967185974, -67.530670166, -105.132698059], [95.7990875244, 467.720458984, 94.9192886353, 2.28942751884, 373.783538818, -35.4536323547, -79.1957702637, 38.6468811035, 43.491973877, -10.5376014709, -2.74896216393, -19.0077857971, -50.6069869995], [-893.994506836, -338.543121338, 250.284454346, -182.954650879, -35.4536323547, 318.223876953, 152.854751587, 31.6948738098, 19.8952598572, -25.2320041656, -24.5780277252, 44.9311332703, 73.6965026855], [-832.910339355, -511.557373047, -13.3466501236, -47.9245529175, -79.1957702637, 152.854751587, 385.539123535, 92.3276748657, -58.969909668, -50.7008171082, 9.11960601807, 65.1743164063, 97.1278533936], [140.051361084, -128.383010864, -59.0814399719, 80.7171630859, 38.6468811035, 31.6948738098, 92.3276748657, 221.953659058, -21.7895622253, -39.2778320313, 13.8839244843, 42.0970840454, 23.6739597321], [134.45489502, 159.476593018, 35.9464149475, 22.4274368286, 43.491973877, 19.8952598572, -58.969909668, -21.7895622253, 144.342102051, 5.25351285934, -23.6833667755, 13.5121879578, -26.2759571075], [238.066726685, 88.754989624, 40.2540931702, 58.7842178345, -10.5376014709, -25.2320041656, -50.7008171082, -39.2778320313, 5.25351285934, 163.75982666, 4.08189821243, -72.833366394, -18.8156242371], [-238.044998169, -177.304031372, 7.57547473907, 52.2967185974, -2.74896216393, -24.5780277252, 9.11960601807, 13.8839244843, -23.6833667755, 4.08189821243, 121.62827301, 5.79491996765, -20.5650959015], [-451.119537354, -299.358001709, -20.5315227509, -67.530670166, -19.0077857971, 44.9311332703, 65.1743164063, 42.0970840454, 13.5121879578, -72.833366394, 5.79491996765, 159.103012085, 58.2935142517], [-586.18371582, -301.272521973, 19.8366851807, -105.132698059, -50.6069869995, 73.6965026855, 97.1278533936, 23.6739597321, -26.2759571075, -18.8156242371, -20.5650959015, 58.2935142517, 163.004135132]],
        "icov": [[0.00100952701177, -0.0013891501585, 0.00136379792821, -0.00137972750235, 0.0013658918906, -0.00087372912094, 0.001041745767, -0.00119766779244, 0.000742892327253, -0.000775820168201, 0.000687029154506, -0.000559226202313, 0.000696203263942], [-0.0013891501585, 0.00250270892866, -0.00192085583694, 0.00185100466479, -0.00238830293529, 0.00155589298811, -0.0011809321586, 0.0016941888025, -0.00129214907065, 0.0012438420672, -4.61704767076e-005, 0.00149553758092, -0.000535011698958], [0.00136379792821, -0.00192085583694, 0.00344239291735, -0.00197056680918, 0.00130399782211, -0.00294492463581, 0.00187450193334, -0.00102261011489, 0.00123599998187, -0.0013771916274, 0.000360015605111, -0.000676132156514, 0.00075964682037], [-0.00137972750235, 0.00185100466479, -0.00197056680918, 0.00335444952361, -0.00152150471695, 0.0021534669213, -0.00173712696414, 0.000753597065341, -0.00165135739371, 0.000698040705174, -0.00134519487619, 0.00112310715485, -0.000414559472119], [0.0013658918906, -0.00238830293529, 0.00130399782211, -0.00152150471695, 0.005638203118, -0.000617141078692, 0.00152611301746, -0.00295399874449, 0.000223600116442, -0.000706425751559, 0.000306317728246, -0.000894540920854, 0.00121993152425], [-0.00087372912094, 0.00155589298811, -0.00294492463581, 0.0021534669213, -0.000617141078692, 0.00770722795278, -0.00307617057115, -7.6632713899e-005, -0.00282367412001, 0.000968426931649, 0.000805772375315, 0.00101868330967, -0.000957135576755], [0.001041745767, -0.0011809321586, 0.00187450193334, -0.00173712696414, 0.00152611301746, -0.00307617057115, 0.00564815616235, -0.0020882000681, 0.00220130640082, -0.000265883572865, 0.000587395275943, -0.000678657437675, -0.000341606297297], [-0.00119766779244, 0.0016941888025, -0.00102261011489, 0.000753597065341, -0.00295399874449, -7.6632713899e-005, -0.0020882000681, 0.00763592589647, 0.000178719259566, 0.00150559807662, -0.00111640070099, -0.00039542777813, -0.00110921612941], [0.000742892327253, -0.00129214907065, 0.00123599998187, -0.00165135739371, 0.000223600116442, -0.00282367412001, 0.00220130640082, 0.000178719259566, 0.00986803509295, -0.00136399862822, 0.00189416867215, -0.00321855512448, 0.00189949967898], [-0.000775820168201, 0.0012438420672, -0.0013771916274, 0.000698040705174, -0.000706425751559, 0.000968426931649, -0.000265883572865, 0.00150559807662, -0.00136399862822, 0.00886593386531, -0.000908973393962, 0.00435383338481, -0.00145877315663], [0.000687029154506, -4.61704767076e-005, 0.000360015605111, -0.00134519487619, 0.000306317728246, 0.000805772375315, 0.000587395275943, -0.00111640070099, 0.00189416867215, -0.000908973393962, 0.011246833019, -0.000865432317369, 0.00294566620141], [-0.000559226202313, 0.00149553758092, -0.000676132156514, 0.00112310715485, -0.000894540920854, 0.00101868330967, -0.000678657437675, -0.00039542777813, -0.00321855512448, 0.00435383338481, -0.000865432317369, 0.0112371537834, -0.00286081293598], [0.000696203263942, -0.000535011698958, 0.00075964682037, -0.000414559472119, 0.00121993152425, -0.000957135576755, -0.000341606297297, -0.00110921612941, 0.00189949967898, -0.00145877315663, 0.00294566620141, -0.00286081293598, 0.00999844539911]]
    },
    "spectral_contrast_coeffs": {
        "mean": [-0.578607857227, -0.759586155415, -0.799054682255, -0.80040448904, -0.794041574001, -0.791278839111],
        "var": [0.013177677989, 0.00572617305443, 0.00461423769593, 0.00270041893236, 0.00458344910294, 0.0072562135756]
    },
    "spectral_contrast_valleys": {
        "mean": [-8.01034832001, -7.6106300354, -8.16403388977, -9.24432277679, -10.8072090149, -14.2673435211],
        "var": [3.27520608902, 3.02194690704, 2.34570527077, 2.43085336685, 3.14887976646, 1.89058506489]
    }
},
"metadata": {
    "audio_properties": {
        "analysis_sample_rate": 44100,
        "bit_rate": 93136,
        "equal_loudness": 0,
        "length": 45.0873451233,
        "lossless": 0,
        "replay_gain": -6.98879814148,
        "sample_rate": 44100,
        "codec": "mp3",
        "downmix": "mix",
        "md5_encoded": "178abbb8a76ac2016ea1c9bb4f616144"
    },
    "tags": {
        "file_name": "220.mp3"
    },
    "version": {
        "essentia": "2.1-beta2",
        "essentia_git_sha": "v2.1_beta2",
        "extractor": "music 1.0"
    }
},
"rhythm": {
    "beats_count": 94,
    "beats_loudness": {
        "mean": 0.0418604388833,
        "var": 0.00170936551876
    },
    "bpm": 130.348129272,
    "bpm_histogram_first_peak_bpm": {
        "mean": 129,
        "var": 0
    },
    "bpm_histogram_first_peak_spread": {
        "mean": 0.46875,
        "var": 0
    },
    "bpm_histogram_first_peak_weight": {
        "mean": 0.365591406822,
        "var": 0
    },
    "bpm_histogram_second_peak_bpm": {
        "mean": 136,
        "var": 0
    },
    "bpm_histogram_second_peak_spread": {
        "mean": 0.133333295584,
        "var": 0
    },
    "bpm_histogram_second_peak_weight": {
        "mean": 0.139784947038,
        "var": 0
    },
    "danceability": 1.09257698059,
    "onset_rate": 3.94636821747,
    "beats_loudness_band_ratio": {
        "mean": [0.545385062695, 0.29574778676, 0.104127667844, 0.119517728686, 0.0160658098757, 0.00189173710532],
        "var": [0.0846908390522, 0.0339065864682, 0.0201239902526, 0.0462348014116, 0.0041848635301, 2.33101800404e-005]
    },
    "beats_position": [0.394739210606, 0.812698423862, 1.24226760864, 1.69505667686, 2.14784574509, 2.58902478218, 3.03020405769, 3.48299312592, 3.93578219414, 4.40018129349, 4.841360569, 5.2941493988, 5.73532867432, 6.17650794983, 6.60607719421, 7.04725599289, 7.50004529953, 7.94122457504, 8.39401340485, 8.84680271149, 9.287981987, 9.74077033997, 10.1935596466, 10.6579589844, 11.1223583221, 11.5867567062, 12.051156044, 12.5155553818, 12.9799547195, 13.4327430725, 13.8855323792, 14.3499317169, 14.7911109924, 15.2439002991, 15.696688652, 16.1494789124, 16.6138763428, 17.0666656494, 17.5310649872, 17.995464325, 18.4598636627, 18.9126529694, 19.3770523071, 19.853061676, 20.3174591064, 20.7818584442, 21.246257782, 21.7106571198, 22.1634464264, 22.616235733, 23.0690250397, 23.5334243774, 23.9978218079, 24.4622211456, 24.9266204834, 25.37940979, 25.8438091278, 26.3082084656, 26.7493877411, 27.1905670166, 27.6433563232, 28.0961437225, 28.537322998, 29.0017223358, 29.4661216736, 29.9305210114, 30.3949203491, 30.8593196869, 31.3237190247, 31.7881164551, 32.2525177002, 32.7169151306, 33.1697044373, 33.6224937439, 34.0636711121, 34.5512924194, 35.0389099121, 35.5265312195, 36.0025405884, 36.4901580811, 36.96616745, 37.4189567566, 37.883354187, 38.3477554321, 38.8353729248, 39.3229942322, 39.7989997864, 40.4143295288, 41.0296592712, 41.6914291382, 42.3531951904, 43.0265769958, 43.6883430481, 44.350112915]
},
"tonal": {
    "chords_changes_rate": 0.0596707835793,
    "chords_number_rate": 0.00925925932825,
    "chords_strength": {
        "mean": 0.552228987217,
        "var": 0.0102278981358
    },
    "hpcp_entropy": {
        "mean": 2.20800042152,
        "var": 0.524456322193
    },
    "key_strength": 0.684960961342,
    "tuning_diatonic_strength": 0.667817473412,
    "tuning_equal_tempered_deviation": 0.13269071281,
    "tuning_frequency": 438.477722168,
    "tuning_nontempered_energy_ratio": 0.81758671999,
    "hpcp": {
        "mean": [0.069438315928, 0.0483201183379, 0.0470390543342, 0.0663779303432, 0.0703331008554, 0.0518016777933, 0.0381973199546, 0.0340384095907, 0.0353935658932, 0.0462213233113, 0.0616155713797, 0.174935489893, 0.421112239361, 0.445456504822, 0.232028350234, 0.128920406103, 0.103993207216, 0.127934783697, 0.17325475812, 0.121138945222, 0.0526044890285, 0.034421402961, 0.0312761887908, 0.038073271513, 0.0380089879036, 0.030584698543, 0.03890639171, 0.0449877269566, 0.0430732034147, 0.066811054945, 0.110091231763, 0.185980856419, 0.338222682476, 0.372020810843, 0.225197479129, 0.111761003733],
        "var": [0.0316552743316, 0.0188820604235, 0.0197384636849, 0.0323088206351, 0.0285205412656, 0.0152206029743, 0.0107816597447, 0.00852653291076, 0.00832867901772, 0.0122970594093, 0.0190877169371, 0.056500364095, 0.147072523832, 0.14547945559, 0.0841206908226, 0.063176907599, 0.0349493809044, 0.0498278960586, 0.0821267291903, 0.049210306257, 0.018291996792, 0.0100694028661, 0.00883339997381, 0.012051791884, 0.0090645570308, 0.00574911432341, 0.0121398624033, 0.0160216540098, 0.0116410795599, 0.0223501063883, 0.0432714819908, 0.0604371353984, 0.118770942092, 0.137407615781, 0.0750083625317, 0.0462729223073]
    },
    "chords_histogram": [34.1563796997, 0, 9.36213970184, 0, 0, 5.14403295517, 0.514403283596, 10.4938268661, 0, 22.0164604187, 6.68724298477, 4.11522626877, 0, 3.80658435822, 0.823045253754, 0, 0, 0, 0, 0.514403283596, 0, 0, 2.16049385071, 0.205761313438],
    "thpcp": [1, 0.520877659321, 0.289411872625, 0.23345310986, 0.287199258804, 0.388937532902, 0.271943360567, 0.118091188371, 0.0772721990943, 0.0702115446329, 0.0854702368379, 0.0853259265423, 0.0686592236161, 0.0873404964805, 0.100992411375, 0.096694521606, 0.149983346462, 0.247142493725, 0.417506217957, 0.759272098541, 0.835145056248, 0.505543112755, 0.250890940428, 0.155881240964, 0.10847325623, 0.105597414076, 0.149011030793, 0.157889947295, 0.116288967431, 0.0857487097383, 0.0764124169946, 0.0794545933604, 0.103761695325, 0.138320058584, 0.392710596323, 0.945349872112],
    "chords_key": "C#",
    "chords_scale": "minor",
    "key_key": "C#",
    "key_scale": "minor"
}
}