{
"lowlevel": {
    "average_loudness": 0.0828725844622,
    "barkbands_crest": {
        "mean": 13.0981454849,
        "var": 25.4141273499
    },
    "barkbands_flatness_db": {
        "mean": 0.221711948514,
        "var": 0.00397178437561
    },
    "barkbands_kurtosis": {
        "mean": 4.92986965179,
        "var": 80.104850769
    },
    "barkbands_skewness": {
        "mean": 1.60214412212,
        "var": 1.67286872864
    },
    "barkbands_spread": {
        "mean": 12.01167202,
        "var": 61.2487869263
    },
    "dissonance": {
        "mean": 0.433192789555,
        "var": 0.00177696661558
    },
    "dynamic_complexity": 4.1761136055,
    "erbbands_crest": {
        "mean": 13.6814937592,
        "var": 33.4410667419
    },
    "erbbands_flatness_db": {
        "mean": 0.250519633293,
        "var": 0.00308463792317
    },
    "erbbands_kurtosis": {
        "mean": 1.01928377151,
        "var": 9.18214225769
    },
    "erbbands_skewness": {
        "mean": 0.709377586842,
        "var": 0.78080868721
    },
    "erbbands_spread": {
        "mean": 24.2474269867,
        "var": 167.568725586
    },
    "hfc": {
        "mean": 10.7044382095,
        "var": 208.013656616
    },
    "melbands_crest": {
        "mean": 16.6370506287,
        "var": 45.01354599
    },
    "melbands_flatness_db": {
        "mean": 0.26701053977,
        "var": 0.00468897353858
    },
    "melbands_kurtosis": {
        "mean": 10.4578027725,
        "var": 235.362960815
    },
    "melbands_skewness": {
        "mean": 2.24489760399,
        "var": 2.3539493084
    },
    "melbands_spread": {
        "mean": 15.9462451935,
        "var": 123.046363831
    },
    "pitch_salience": {
        "mean": 0.452929377556,
        "var": 0.0154853304848
    },
    "silence_rate_20dB": {
        "mean": 1,
        "var": 0
    },
    "silence_rate_30dB": {
        "mean": 0.975798130035,
        "var": 0.0236161071807
    },
    "silence_rate_60dB": {
        "mean": 0.159629255533,
        "var": 0.134148210287
    },
    "spectral_centroid": {
        "mean": 953.277587891,
        "var": 253700.6875
    },
    "spectral_complexity": {
        "mean": 11.184346199,
        "var": 31.3573722839
    },
    "spectral_decrease": {
        "mean": -4.50971970878e-009,
        "var": 5.60268950345e-017
    },
    "spectral_energy": {
        "mean": 0.0179916471243,
        "var": 0.000868652248755
    },
    "spectral_energyband_high": {
        "mean": 7.15109563316e-005,
        "var": 1.6698480465e-007
    },
    "spectral_energyband_low": {
        "mean": 0.00156548200175,
        "var": 3.01540185319e-005
    },
    "spectral_energyband_middle_high": {
        "mean": 0.00369548634626,
        "var": 1.64549383044e-005
    },
    "spectral_energyband_middle_low": {
        "mean": 0.0128780500963,
        "var": 0.000761504867114
    },
    "spectral_entropy": {
        "mean": 6.55255365372,
        "var": 0.277642905712
    },
    "spectral_flux": {
        "mean": 0.0364063158631,
        "var": 0.000904729415197
    },
    "spectral_kurtosis": {
        "mean": 12.5267305374,
        "var": 63.9461898804
    },
    "spectral_rms": {
        "mean": 0.00353982835077,
        "var": 5.02243892697e-006
    },
    "spectral_rolloff": {
        "mean": 1083.03662109,
        "var": 896424.25
    },
    "spectral_skewness": {
        "mean": 2.35327219963,
        "var": 0.555930256844
    },
    "spectral_spread": {
        "mean": 2722497.75,
        "var": 2.70301763994e+012
    },
    "spectral_strongpeak": {
        "mean": 1.28969860077,
        "var": 1.46447265148
    },
    "zerocrossingrate": {
        "mean": 0.0401851460338,
        "var": 0.000562373141292
    },
    "barkbands": {
        "mean": [3.24950860886e-006, 0.00127843488008, 0.000182554256753, 0.000248994241701, 0.00216865399852, 0.00339120649733, 0.00585472444072, 0.000576272024773, 0.000443755678134, 0.0008098653052, 0.00107983069029, 0.000502558192238, 0.00023034120386, 0.000230798643315, 0.000319000828313, 0.000172667350853, 0.000160565658007, 0.00016603898257, 7.41363983252e-005, 3.51108319592e-005, 8.68928054842e-006, 1.79648486665e-005, 8.72621785675e-006, 1.80179595191e-005, 7.73555893829e-006, 1.68111614585e-006, 7.99289239239e-008],
        "var": [1.30069316429e-010, 2.44132206717e-005, 6.9071040798e-007, 1.81256689302e-006, 2.79681717075e-005, 0.000182264717296, 0.000240290275542, 4.08835558119e-006, 7.56584256578e-007, 3.05395406031e-006, 4.96457050758e-006, 1.18670220672e-006, 1.46334542706e-007, 1.84488641253e-007, 2.76940454569e-007, 9.54358370109e-008, 5.9639603478e-008, 1.51055999709e-007, 1.37001272549e-008, 3.58724805416e-009, 6.8161137845e-010, 4.94805751927e-009, 6.14782091901e-009, 3.4006792049e-008, 1.02171675564e-008, 2.99987146235e-010, 1.0994619928e-012]
    },
    "erbbands": {
        "mean": [0.0291308797896, 0.311848938465, 0.309760928154, 0.562631964684, 3.65835523605, 9.28471660614, 9.81759738922, 30.851524353, 105.063468933, 28.9093284607, 11.6263742447, 9.49514198303, 15.3672609329, 53.1197052002, 17.7747402191, 22.5558319092, 13.7621612549, 8.75366210938, 16.3368034363, 14.4120073318, 9.44481754303, 9.86547756195, 9.02514648438, 6.59201955795, 2.81045937538, 1.64933538437, 0.434723943472, 0.382812976837, 0.571638226509, 0.48587462306, 0.250832587481, 0.477946281433, 0.17734439671, 0.111101657152, 0.0440899096429, 0.00982043799013, 0.00296752597205, 0.000337157747708, 2.04018051591e-005, 2.11023907468e-005],
        "var": [0.0126920491457, 1.45774495602, 1.41497397423, 6.27113485336, 152.080703735, 517.777404785, 321.478973389, 15175.1328125, 94641.1640625, 4970.81738281, 433.401885986, 372.026916504, 3042.45581055, 6177.43310547, 814.017944336, 2507.29272461, 443.846282959, 173.026168823, 700.369140625, 667.932678223, 295.66116333, 232.195098877, 596.973205566, 91.4423141479, 26.2491798401, 7.13239812851, 1.04596102238, 1.48110771179, 2.93293380737, 9.14773273468, 6.46569776535, 34.3338317871, 1.81974864006, 2.17229771614, 0.383848458529, 0.00738339917734, 0.00118934304919, 9.87793009699e-006, 1.91710771702e-008, 1.13905385124e-009]
    },
    "gfcc": {
        "mean": [-98.46925354, 132.656341553, -154.682388306, 5.83158016205, -63.5693588257, -8.37745094299, -46.5605125427, 0.0300663001835, -19.3949775696, -8.4338684082, 0.577320098877, -1.87945842743, -1.26365077496],
        "cov": [[6309.58886719, -582.527282715, -265.676116943, 224.140380859, 172.133056641, 445.823181152, -231.856613159, 187.774719238, -192.241958618, -70.341545105, -278.983032227, 224.346511841, -21.5377388], [-582.527282715, 922.5078125, 8.53164863586, -56.6600646973, 194.602340698, -50.7137527466, 159.700454712, -83.7671508789, 76.4703369141, -124.584281921, 90.4066314697, -120.886367798, 124.892044067], [-265.676116943, 8.53164863586, 850.184997559, 366.483642578, 84.9370346069, 248.232711792, 134.052459717, 108.85710144, 66.9617004395, 108.154747009, -83.6234283447, 25.4317321777, -82.3102645874], [224.140380859, -56.6600646973, 366.483642578, 526.435852051, 126.581512451, 209.424697876, 168.656890869, 125.569595337, 94.1353378296, 113.860054016, -12.0256252289, 38.0757751465, -51.5840377808], [172.133056641, 194.602340698, 84.9370346069, 126.581512451, 294.196136475, 179.523620605, 101.62588501, 58.721698761, -23.8140850067, -41.9670753479, -36.4526863098, 21.0266628265, 52.1986961365], [445.823181152, -50.7137527466, 248.232711792, 209.424697876, 179.523620605, 349.171386719, 88.7875900269, 76.1316299438, -40.7636489868, -15.4979934692, -91.8098983765, 48.4694824219, 8.69010543823], [-231.856613159, 159.700454712, 134.052459717, 168.656890869, 101.62588501, 88.7875900269, 201.840744019, 53.8218193054, 57.7051620483, 40.9534416199, 37.8776702881, 9.18810939789, 10.8650217056], [187.774719238, -83.7671508789, 108.85710144, 125.569595337, 58.721698761, 76.1316299438, 53.8218193054, 139.562805176, 24.501789093, 46.0817184448, -6.5317735672, 31.1335144043, -15.8891420364], [-192.241958618, 76.4703369141, 66.9617004395, 94.1353378296, -23.8140850067, -40.7636489868, 57.7051620483, 24.501789093, 248.695266724, 164.975601196, 133.39364624, 14.9510393143, 14.615354538], [-70.341545105, -124.584281921, 108.154747009, 113.860054016, -41.9670753479, -15.4979934692, 40.9534416199, 46.0817184448, 164.975601196, 234.772705078, 104.666015625, 28.3213195801, -25.3238964081], [-278.983032227, 90.4066314697, -83.6234283447, -12.0256252289, -36.4526863098, -91.8098983765, 37.8776702881, -6.5317735672, 133.39364624, 104.666015625, 198.557037354, 6.82769775391, 24.6606330872], [224.346511841, -120.886367798, 25.4317321777, 38.0757751465, 21.0266628265, 48.4694824219, 9.18810939789, 31.1335144043, 14.9510393143, 28.3213195801, 6.82769775391, 120.474967957, 24.501707077], [-21.5377388, 124.892044067, -82.3102645874, -51.5840377808, 52.1986961365, 8.69010543823, 10.8650217056, -15.8891420364, 14.615354538, -25.3238964081, 24.6606330872, 24.501707077, 135.267608643]],
        "icov": [[0.000261060980847, -0.00025553823798, 0.00036186928628, -0.000246734474786, 0.000170458792127, -0.000493572384585, 0.000674614857417, -0.000388107757317, 0.000126301893033, -0.000300994724967, 0.0003454167163, -0.00053532741731, 0.000233761456911], [-0.00025553823798, 0.00466076983139, -0.00162934092805, 0.00111171684694, -0.00340232043527, 0.00234180735424, -0.00359341921285, 0.00265610148199, -0.00295764300972, 0.00450321519747, -0.00210797903128, 0.0042963004671, -0.00237962487154], [0.00036186928628, -0.00162934092805, 0.00297008571215, -0.00124367175158, 0.00150073785335, -0.00215264875442, 0.00121236825362, -0.00124870985746, 0.000390084838727, -0.0022347967606, 0.00220233458094, -0.00169271347113, 0.00165468850173], [-0.000246734474786, 0.00111171684694, -0.00124367175158, 0.00471901567653, -0.00122390943579, -0.000340713537298, -0.00307875755243, -0.000344410538673, -0.00172105513047, 0.000362024904462, -6.06502107985e-005, 0.000997473369353, 0.000762218784075], [0.000170458792127, -0.00340232043527, 0.00150073785335, -0.00122390943579, 0.00892439018935, -0.00418546795845, 0.000747005979065, -0.00324165541679, 0.00228521833196, -0.00203009648249, 0.00147722475231, -0.00255609070882, -0.000434077810496], [-0.000493572384585, 0.00234180735424, -0.00215264875442, -0.000340713537298, -0.00418546795845, 0.00817084498703, -0.00286573893391, 0.00139550806489, -0.000419436313678, 0.00207305047661, 0.00031745978049, 0.00108929676935, -0.00201803143136], [0.000674614857417, -0.00359341921285, 0.00121236825362, -0.00307875755243, 0.000747005979065, -0.00286573893391, 0.0123298829421, -0.00331306923181, 0.0017907578731, -0.00283300038427, -0.000523520866409, -0.0030226863455, 0.00142425438389], [-0.000388107757317, 0.00265610148199, -0.00124870985746, -0.000344410538673, -0.00324165541679, 0.00139550806489, -0.00331306923181, 0.0121073527262, -0.00140853656922, 0.000942951242905, -0.000772224797402, 0.000937505974434, -0.000256077706581], [0.000126301893033, -0.00295764300972, 0.000390084838727, -0.00172105513047, 0.00228521833196, -0.000419436313678, 0.0017907578731, -0.00140853656922, 0.0120671996847, -0.00775309279561, -0.00243076425977, -0.00212681060657, -0.000759179703891], [-0.000300994724967, 0.00450321519747, -0.0022347967606, 0.000362024904462, -0.00203009648249, 0.00207305047661, -0.00283300038427, 0.000942951242905, -0.00775309279561, 0.0146988229826, -0.00481167947873, 0.00280629657209, -0.000480589369545], [0.0003454167163, -0.00210797903128, 0.00220233458094, -6.06502107985e-005, 0.00147722475231, 0.00031745978049, -0.000523520866409, -0.000772224797402, -0.00243076425977, -0.00481167947873, 0.0121198557317, -0.00266828853637, 0.00031475306605], [-0.00053532741731, 0.0042963004671, -0.00169271347113, 0.000997473369353, -0.00255609070882, 0.00108929676935, -0.0030226863455, 0.000937505974434, -0.00212681060657, 0.00280629657209, -0.00266828853637, 0.0143771506846, -0.00479489425197], [0.000233761456911, -0.00237962487154, 0.00165468850173, 0.000762218784075, -0.000434077810496, -0.00201803143136, 0.00142425438389, -0.000256077706581, -0.000759179703891, -0.000480589369545, 0.00031475306605, -0.00479489425197, 0.0118804881349]]
    },
    "melbands": {
        "mean": [0.000331041199388, 0.000258597545326, 0.000137876661029, 0.000541382702067, 0.00032274282421, 0.000786044984125, 0.00149087130558, 0.000241524845478, 9.33444316615e-005, 5.49851538381e-005, 7.44720819057e-005, 0.000208637269679, 9.30073510972e-005, 3.61740749213e-005, 6.48432178423e-005, 1.79441867658e-005, 1.51353688125e-005, 2.59015523625e-005, 2.68396306637e-005, 1.32815021061e-005, 9.48623255681e-006, 1.02914673334e-005, 8.36907656776e-006, 7.41690973882e-006, 5.34024229637e-006, 1.72692818978e-006, 2.12076270145e-006, 8.22563947622e-007, 2.65269164856e-007, 2.10962284086e-007, 2.24218965172e-007, 2.6755785143e-007, 4.57324517811e-007, 1.96805302721e-007, 9.59156807312e-008, 2.83038588123e-007, 2.87850014047e-007, 1.51559262918e-007, 6.14261210785e-008, 1.04573615545e-007],
        "var": [1.65920812378e-006, 8.84438065896e-007, 4.73424393022e-007, 2.09071026802e-006, 2.88005992388e-007, 1.07330288301e-005, 1.83028223546e-005, 4.35538822785e-007, 2.90902875122e-008, 1.21040866219e-008, 7.75592070568e-008, 8.96065728284e-008, 3.14897299347e-008, 6.15230133505e-009, 1.57519028932e-008, 1.26174803938e-009, 8.73030814308e-010, 2.6119881813e-009, 2.50949594438e-009, 5.98501748161e-010, 3.66896679704e-010, 2.81301232308e-010, 4.74829897623e-010, 2.02823299822e-010, 6.92563367766e-011, 8.63254606687e-012, 1.47966049135e-011, 2.41586286566e-012, 4.72083201523e-013, 3.84944924244e-013, 6.53695251141e-013, 6.21712533885e-013, 6.26709057913e-012, 2.49744756126e-012, 5.46508151233e-013, 2.06384024454e-011, 9.64448139407e-012, 1.63960110679e-012, 2.13091534435e-013, 2.40229971332e-012]
    },
    "mfcc": {
        "mean": [-735.851135254, 161.439071655, -30.2742862701, 8.53679275513, -2.17832517624, -15.8048248291, -11.4674396515, -2.68445706367, -15.532251358, -6.99400615692, -4.13941144943, -6.71318864822, 0.354788094759],
        "cov": [[5259.14697266, -534.092468262, -437.431304932, 21.4190769196, 266.919219971, 177.138183594, 19.7388706207, 250.459472656, 170.05229187, -150.346054077, -317.133453369, 104.6615448, 11.1801643372], [-534.092468262, 842.374328613, -56.0932197571, -38.9107666016, 45.8447227478, 7.13778448105, 61.9804382324, 11.5484409332, 22.4194393158, 2.78293442726, -39.9558906555, -36.4034881592, -30.2041530609], [-437.431304932, -56.0932197571, 698.975891113, 194.585525513, 88.5168075562, 154.261291504, 57.3246040344, 66.640083313, 90.884262085, 150.908676147, 140.451522827, 31.1229152679, 1.46826004982], [21.4190769196, -38.9107666016, 194.585525513, 319.336029053, 70.8270645142, 95.2084350586, 68.6033325195, 82.1055984497, 74.9240341187, 125.69506073, 116.097724915, 29.0702114105, 69.5154800415], [266.919219971, 45.8447227478, 88.5168075562, 70.8270645142, 198.919296265, 110.9141922, 76.9690551758, 96.7258834839, 77.5374603271, 39.6455116272, -23.4728908539, 19.440279007, 5.61076879501], [177.138183594, 7.13778448105, 154.261291504, 95.2084350586, 110.9141922, 245.34046936, 108.683998108, 92.2145004272, 91.5373916626, 63.0693092346, 6.39187049866, 25.5609607697, 34.0165634155], [19.7388706207, 61.9804382324, 57.3246040344, 68.6033325195, 76.9690551758, 108.683998108, 207.93081665, 115.359077454, 61.6175537109, 34.4228439331, -27.139081955, -5.2024140358, 24.8308525085], [250.459472656, 11.5484409332, 66.640083313, 82.1055984497, 96.7258834839, 92.2145004272, 115.359077454, 190.510650635, 78.156578064, 1.84984958172, -31.2046585083, 8.61477184296, 17.8494796753], [170.05229187, 22.4194393158, 90.884262085, 74.9240341187, 77.5374603271, 91.5373916626, 61.6175537109, 78.156578064, 160.146316528, 28.8681812286, -23.6795463562, 24.6038475037, 16.0422668457], [-150.346054077, 2.78293442726, 150.908676147, 125.69506073, 39.6455116272, 63.0693092346, 34.4228439331, 1.84984958172, 28.8681812286, 205.800628662, 108.120071411, 12.754899025, 57.9861068726], [-317.133453369, -39.9558906555, 140.451522827, 116.097724915, -23.4728908539, 6.39187049866, -27.139081955, -31.2046585083, -23.6795463562, 108.120071411, 235.812683105, 27.6946544647, 20.6855754852], [104.6615448, -36.4034881592, 31.1229152679, 29.0702114105, 19.440279007, 25.5609607697, -5.2024140358, 8.61477184296, 24.6038475037, 12.754899025, 27.6946544647, 132.858459473, 10.380572319], [11.1801643372, -30.2041530609, 1.46826004982, 69.5154800415, 5.61076879501, 34.0165634155, 24.8308525085, 17.8494796753, 16.0422668457, 57.9861068726, 20.6855754852, 10.380572319, 164.731216431]],
        "icov": [[0.0002943505242, 0.000213306164369, 0.000281285087112, -0.000113089081424, -0.000302321539493, -0.000204433003091, 0.000305919791572, -0.00029403922963, -0.000100544108136, -9.63712227531e-006, 0.000295989419101, -0.000149000115925, 8.8013795903e-005], [0.000213306164369, 0.00143983180169, 0.000338957353961, 0.000122776444186, -0.000575510493945, 9.71060762822e-006, -0.000282423599856, 4.42446689704e-005, -0.000318863225402, -0.000185614451766, 0.000186394681805, 0.000202399576665, 0.000310293427901], [0.000281285087112, 0.000338957353961, 0.00244274130091, -0.000585840491112, -0.000375685514882, -0.00104778993409, 0.000502333568875, -0.000492191349622, -0.000646653759759, -0.000804388080724, -0.00051769905258, -2.9119410101e-005, 0.000888246344402], [-0.000113089081424, 0.000122776444186, -0.000585840491112, 0.00613458454609, -0.00038016718463, 0.000172693398781, -0.000464544282295, -0.00161168246996, -0.00136690190993, -0.00139799737372, -0.00249059963971, 4.1996667278e-005, -0.00139608164318], [-0.000302321539493, -0.000575510493945, -0.000375685514882, -0.00038016718463, 0.00886527542025, -0.00189152976964, -3.97857256758e-005, -0.00236133276485, -0.000826495583169, -0.00150296394713, 0.00111085735261, -0.000537191925105, 0.000933172472287], [-0.000204433003091, 9.71060762822e-006, -0.00104778993409, 0.000172693398781, -0.00189152976964, 0.00761702144518, -0.00245345174335, 3.17296107823e-005, -0.00158188806381, -0.000439108815044, -0.000237760366872, -0.000466542551294, -0.000822091184091], [0.000305919791572, -0.000282423599856, 0.000502333568875, -0.000464544282295, -3.97857256758e-005, -0.00245345174335, 0.00902993790805, -0.00446194689721, 0.000119645956147, -0.00133529480081, 0.00135716842487, 0.000609568320215, -1.11608767384e-006], [-0.00029403922963, 4.42446689704e-005, -0.000492191349622, -0.00161168246996, -0.00236133276485, 3.17296107823e-005, -0.00446194689721, 0.0110948840156, -0.00165828026365, 0.00252185994759, 0.000110408589535, 0.000237884771195, -0.000498233363032], [-0.000100544108136, -0.000318863225402, -0.000646653759759, -0.00136690190993, -0.000826495583169, -0.00158188806381, 0.000119645956147, -0.00165828026365, 0.0100501803681, -0.000537805492058, 0.00201992923394, -0.00125723867677, 8.35581085994e-005], [-9.63712227531e-006, -0.000185614451766, -0.000804388080724, -0.00139799737372, -0.00150296394713, -0.000439108815044, -0.00133529480081, 0.00252185994759, -0.000537805492058, 0.00913050677627, -0.00294711487368, 0.000548315816559, -0.00219246046618], [0.000295989419101, 0.000186394681805, -0.00051769905258, -0.00249059963971, 0.00111085735261, -0.000237760366872, 0.00135716842487, 0.000110408589535, 0.00201992923394, -0.00294711487368, 0.00814770068973, -0.00143658393063, 0.000772536091972], [-0.000149000115925, 0.000202399576665, -2.9119410101e-005, 4.1996667278e-005, -0.000537191925105, -0.000466542551294, 0.000609568320215, 0.000237884771195, -0.00125723867677, 0.000548315816559, -0.00143658393063, 0.00838433764875, -0.000391783047235], [8.8013795903e-005, 0.000310293427901, 0.000888246344402, -0.00139608164318, 0.000933172472287, -0.000822091184091, -1.11608767384e-006, -0.000498233363032, 8.35581085994e-005, -0.00219246046618, 0.000772536091972, -0.000391783047235, 0.00758606335148]]
    },
    "spectral_contrast_coeffs": {
        "mean": [-0.613569438457, -0.633806467056, -0.693836152554, -0.709955453873, -0.707083046436, -0.734534025192],
        "var": [0.0129340114072, 0.0124104302377, 0.0055092824623, 0.0043056118302, 0.0038853501901, 0.00206089275889]
    },
    "spectral_contrast_valleys": {
        "mean": [-8.7203502655, -7.43418216705, -8.19731330872, -8.77196598053, -9.37976074219, -12.6405496597],
        "var": [1.53592455387, 1.05374419689, 1.06473910809, 1.13286006451, 1.10554969311, 1.09586060047]
    }
},
"metadata": {
    "audio_properties": {
        "analysis_sample_rate": 44100,
        "bit_rate": 101241,
        "equal_loudness": 0,
        "length": 45.0612258911,
        "lossless": 0,
        "replay_gain": -6.80212974548,
        "sample_rate": 44100,
        "codec": "mp3",
        "downmix": "mix",
        "md5_encoded": "862623ddddd5f5ff0f8a0b58ad0f4cb3"
    },
    "tags": {
        "file_name": "221.mp3"
    },
    "version": {
        "essentia": "2.1-beta2",
        "essentia_git_sha": "v2.1_beta2",
        "extractor": "music 1.0"
    }
},
"rhythm": {
    "beats_count": 87,
    "beats_loudness": {
        "mean": 0.020157078281,
        "var": 0.00104441412259
    },
    "bpm": 111.833106995,
    "bpm_histogram_first_peak_bpm": {
        "mean": 112,
        "var": 0
    },
    "bpm_histogram_first_peak_spread": {
        "mean": 0.47058826685,
        "var": 0
    },
    "bpm_histogram_first_peak_weight": {
        "mean": 0.104651160538,
        "var": 0
    },
    "bpm_histogram_second_peak_bpm": {
        "mean": 157,
        "var": 0
    },
    "bpm_histogram_second_peak_spread": {
        "mean": 0.33333337307,
        "var": 0
    },
    "bpm_histogram_second_peak_weight": {
        "mean": 0.0930232554674,
        "var": 0
    },
    "danceability": 0.877711832523,
    "onset_rate": 1.9963824749,
    "beats_loudness_band_ratio": {
        "mean": [0.138581857085, 0.310301303864, 0.365330696106, 0.19944819808, 0.0729946196079, 0.0177351906896],
        "var": [0.0416416972876, 0.0358874760568, 0.0853218957782, 0.0322173535824, 0.00365344178863, 0.00125566427596]
    },
    "beats_position": [0.696598649025, 1.40480720997, 2.11301589012, 2.83283448219, 3.54104304314, 4.2492518425, 4.92263031006, 5.59600877762, 6.13006782532, 6.66412687302, 7.19818592072, 7.73224496841, 8.26630401611, 8.80036258698, 9.31120204926, 9.82204055786, 10.3328800201, 10.7856683731, 11.2384576797, 11.6912469864, 12.144036293, 12.5968255997, 13.0380039215, 13.4907932281, 13.9551925659, 14.4079818726, 14.8839902878, 15.3716096878, 15.8476190567, 16.3236274719, 16.8112468719, 17.2872562408, 17.7632656097, 18.1580047607, 18.5527439117, 18.9474830627, 19.3306121826, 19.7137413025, 20.0968704224, 20.4799995422, 20.8631286621, 21.246257782, 21.6293869019, 22.0125160217, 22.3840351105, 22.7555541992, 23.1270751953, 23.4985942841, 23.9049434662, 24.3112926483, 24.7176418304, 25.1239910126, 25.5651702881, 26.0063495636, 26.4475269318, 26.9699764252, 27.4924259186, 28.014875412, 28.537322998, 29.0481624603, 29.5590019226, 30.0582313538, 30.5574588776, 31.0682983398, 31.6023578644, 32.1364173889, 32.6704750061, 33.1697044373, 33.6689338684, 34.2262115479, 34.783493042, 35.3523788452, 35.9212684631, 36.4785499573, 37.0358276367, 37.6627655029, 38.2897033691, 38.91664505, 39.5319709778, 40.124080658, 40.7045783997, 41.2966880798, 41.88879776, 42.4809074402, 43.0730133057, 43.6651229858, 44.2688446045]
},
"tonal": {
    "chords_changes_rate": 0.0637860074639,
    "chords_number_rate": 0.0185185186565,
    "chords_strength": {
        "mean": 0.430575191975,
        "var": 0.007586393971
    },
    "hpcp_entropy": {
        "mean": 1.5553933382,
        "var": 0.620876550674
    },
    "key_strength": 0.492191672325,
    "tuning_diatonic_strength": 0.307773679495,
    "tuning_equal_tempered_deviation": 0.17786885798,
    "tuning_frequency": 443.828887939,
    "tuning_nontempered_energy_ratio": 0.823603987694,
    "hpcp": {
        "mean": [0.226241186261, 0.14418771863, 0.177561029792, 0.213520571589, 0.102918244898, 0.0576690398157, 0.0870206132531, 0.109662383795, 0.157282486558, 0.142637953162, 0.0832198113203, 0.105192355812, 0.113618530333, 0.0686315000057, 0.0608755759895, 0.0752550289035, 0.0962435007095, 0.178806096315, 0.203849032521, 0.102740369737, 0.068481951952, 0.0732413455844, 0.0475454032421, 0.04906283319, 0.048423293978, 0.0469190366566, 0.0653064027429, 0.0752344503999, 0.0578952170908, 0.0549608580768, 0.0698546022177, 0.150355249643, 0.203034430742, 0.190788239241, 0.214241862297, 0.244747951627],
        "var": [0.108106017113, 0.0627608820796, 0.0694794654846, 0.120836444199, 0.0311409924179, 0.0251200720668, 0.0413785614073, 0.0310721863061, 0.0646371766925, 0.0651456862688, 0.033777628094, 0.0416691377759, 0.0544332675636, 0.0239687226713, 0.0137626584619, 0.0308956485242, 0.0488537065685, 0.0737913101912, 0.10145843029, 0.0287980102003, 0.0198733769357, 0.0248410273343, 0.0148380957544, 0.021436933428, 0.0167301818728, 0.0109048224986, 0.0144552076235, 0.0275908280164, 0.0206136181951, 0.0166362114251, 0.0300728734583, 0.066828481853, 0.119328774512, 0.080241471529, 0.0984334796667, 0.0828681364655]
    },
    "chords_histogram": [9.05349826813, 10.0823049545, 9.25925922394, 2.98353910446, 0, 2.57201647758, 1.23456788063, 7.20164632797, 1.64609050751, 0, 4.62962961197, 5.45267486572, 7.20164632797, 4.52674913406, 6.17283964157, 8.43621444702, 0.925925910473, 1.74897122383, 1.13168728352, 10.0823049545, 0, 0.308641970158, 4.93827152252, 0.411522626877],
    "thpcp": [1, 0.92438441515, 0.589127361774, 0.725485265255, 0.872410058975, 0.420507073402, 0.235626235604, 0.355551958084, 0.448062509298, 0.642630457878, 0.582795262337, 0.34002250433, 0.429798722267, 0.464226692915, 0.280417054892, 0.248727619648, 0.307479709387, 0.393235176802, 0.730572402477, 0.83289372921, 0.419780313969, 0.279806017876, 0.299252122641, 0.194262728095, 0.200462698936, 0.197849646211, 0.191703483462, 0.266831248999, 0.307395637035, 0.236550360918, 0.224561050534, 0.285414457321, 0.614326894283, 0.829565405846, 0.779529452324, 0.875357091427],
    "chords_key": "D#",
    "chords_scale": "minor",
    "key_key": "G#",
    "key_scale": "major"
}
}