{
"lowlevel": {
    "average_loudness": 0.469590246677,
    "barkbands_crest": {
        "mean": 12.9709558487,
        "var": 25.3973369598
    },
    "barkbands_flatness_db": {
        "mean": 0.254835307598,
        "var": 0.00466794893146
    },
    "barkbands_kurtosis": {
        "mean": 12.4594507217,
        "var": 374.126525879
    },
    "barkbands_skewness": {
        "mean": 2.40347552299,
        "var": 2.25594854355
    },
    "barkbands_spread": {
        "mean": 8.29654502869,
        "var": 95.612953186
    },
    "dissonance": {
        "mean": 0.416523426771,
        "var": 0.00264822342433
    },
    "dynamic_complexity": 5.70899772644,
    "erbbands_crest": {
        "mean": 11.2009706497,
        "var": 19.9665565491
    },
    "erbbands_flatness_db": {
        "mean": 0.235932022333,
        "var": 0.00426151975989
    },
    "erbbands_kurtosis": {
        "mean": 2.38989043236,
        "var": 20.4339447021
    },
    "erbbands_skewness": {
        "mean": 1.10092294216,
        "var": 0.904653251171
    },
    "erbbands_spread": {
        "mean": 26.0209064484,
        "var": 402.20123291
    },
    "hfc": {
        "mean": 8.31628417969,
        "var": 160.222198486
    },
    "melbands_crest": {
        "mean": 15.4453630447,
        "var": 29.8357639313
    },
    "melbands_flatness_db": {
        "mean": 0.32765609026,
        "var": 0.00760166579857
    },
    "melbands_kurtosis": {
        "mean": 17.5387401581,
        "var": 440.36630249
    },
    "melbands_skewness": {
        "mean": 2.81412482262,
        "var": 2.19274163246
    },
    "melbands_spread": {
        "mean": 8.95020103455,
        "var": 212.676452637
    },
    "pitch_salience": {
        "mean": 0.557676196098,
        "var": 0.0169166531414
    },
    "silence_rate_20dB": {
        "mean": 1,
        "var": 0
    },
    "silence_rate_30dB": {
        "mean": 1,
        "var": 0
    },
    "silence_rate_60dB": {
        "mean": 0.299022138119,
        "var": 0.209606945515
    },
    "spectral_centroid": {
        "mean": 565.568115234,
        "var": 311950.8125
    },
    "spectral_complexity": {
        "mean": 9.92485809326,
        "var": 40.219997406
    },
    "spectral_decrease": {
        "mean": -4.3646366521e-009,
        "var": 2.63076323493e-017
    },
    "spectral_energy": {
        "mean": 0.0172274764627,
        "var": 0.000408752879594
    },
    "spectral_energyband_high": {
        "mean": 0.0002318599727,
        "var": 1.12891802928e-006
    },
    "spectral_energyband_low": {
        "mean": 0.00219013541937,
        "var": 1.26679015011e-005
    },
    "spectral_energyband_middle_high": {
        "mean": 0.0011954063084,
        "var": 3.57600811185e-006
    },
    "spectral_energyband_middle_low": {
        "mean": 0.0140827214345,
        "var": 0.000310309551423
    },
    "spectral_entropy": {
        "mean": 6.44906759262,
        "var": 0.493044376373
    },
    "spectral_flux": {
        "mean": 0.0439676381648,
        "var": 0.00118055730127
    },
    "spectral_kurtosis": {
        "mean": 26.8314762115,
        "var": 886.055297852
    },
    "spectral_rms": {
        "mean": 0.00344159826636,
        "var": 4.96265829497e-006
    },
    "spectral_rolloff": {
        "mean": 679.397583008,
        "var": 1542959.125
    },
    "spectral_skewness": {
        "mean": 3.57396292686,
        "var": 4.25795888901
    },
    "spectral_spread": {
        "mean": 3238152,
        "var": 4.8280329257e+012
    },
    "spectral_strongpeak": {
        "mean": 0.708513140678,
        "var": 0.538067996502
    },
    "zerocrossingrate": {
        "mean": 0.0291083976626,
        "var": 0.00115858390927
    },
    "barkbands": {
        "mean": [7.29141902411e-007, 0.000269970973022, 0.00147159665357, 0.0012236185139, 0.00719285570085, 0.00231042737141, 0.00176204938907, 0.00110661878716, 0.000423637480708, 0.000168388767634, 0.000234150604228, 8.65751208039e-005, 8.34576349007e-005, 7.19534727978e-005, 8.36502877064e-005, 0.000107616615423, 0.000212467464735, 8.77607380971e-005, 7.86421878729e-005, 4.17952942371e-005, 4.06084327551e-005, 6.59548968542e-005, 3.82370490115e-005, 3.70171073882e-005, 2.18634013436e-005, 5.8078303482e-006, 6.640103134e-009],
        "var": [5.17639880612e-012, 2.28443099104e-007, 8.4892999439e-006, 7.60358670959e-006, 0.000138268253068, 1.66330046341e-005, 2.12417035073e-005, 8.6450827439e-006, 7.43638906897e-007, 1.23394102047e-007, 2.49050259526e-007, 5.91008131323e-008, 3.72137947124e-008, 3.24596314272e-008, 5.15340374818e-008, 8.99691769973e-008, 2.61535632262e-007, 5.39438644864e-008, 3.92463554988e-008, 2.40998847545e-008, 6.21208400275e-008, 4.15406518073e-008, 1.54131463148e-008, 1.85970392863e-007, 1.69315548249e-008, 1.52633850004e-009, 1.46347540477e-014]
    },
    "erbbands": {
        "mean": [0.00160920224153, 0.10809905082, 1.38815557957, 3.00417160988, 12.7083740234, 29.7985019684, 17.4851016998, 20.2529735565, 29.1956481934, 21.3642654419, 21.8085536957, 10.4152860641, 6.36276340485, 6.95109701157, 8.05199337006, 3.54008436203, 4.00488710403, 3.71732735634, 3.792791605, 5.37862825394, 6.70210266113, 11.9415073395, 6.26270437241, 3.58672690392, 3.90980291367, 1.83134257793, 1.79013347626, 1.65545511246, 2.46145272255, 2.05958223343, 0.859605014324, 0.489272594452, 0.794232606888, 0.339300274849, 0.115704737604, 0.0412268452346, 0.00771788274869, 0.000322224659612, 1.82668973139e-005, 2.06065160455e-005],
        "var": [7.64811647969e-006, 0.0315033495426, 6.4094748497, 23.6226596832, 526.909057617, 2747.22851563, 910.082214355, 1482.92358398, 5322.08300781, 2374.60888672, 4325.94140625, 471.189086914, 143.306976318, 216.628494263, 261.639251709, 50.9757652283, 76.7838821411, 69.7230758667, 88.7114181519, 215.209121704, 328.765869141, 806.045349121, 218.459884644, 67.8564834595, 150.027542114, 42.5885238647, 84.0965652466, 99.5699996948, 59.7904014587, 43.4201660156, 8.48944473267, 21.9687137604, 93.5798187256, 5.61584234238, 0.473687857389, 0.0909579545259, 0.00204538600519, 3.51647759089e-006, 3.48930995209e-009, 6.10286043923e-010]
    },
    "gfcc": {
        "mean": [-130.412338257, 152.704940796, -96.6660079956, 4.41231298447, -72.4859085083, -0.494727492332, -51.3543739319, -10.3843212128, -27.0693302155, -12.9355611801, -19.6221885681, -6.24346256256, -7.84070301056],
        "cov": [[14072.5771484, -4051.48730469, -1266.22436523, 2519.3828125, -992.056335449, -492.480987549, -616.038757324, 708.162719727, -450.325958252, 203.521820068, -565.91619873, 710.590148926, -813.143981934], [-4051.48730469, 2600.3449707, 146.538818359, -1282.29711914, 632.409545898, 22.8120422363, 258.23550415, -261.501281738, 280.686248779, -184.657272339, 294.55368042, -322.878326416, 300.641723633], [-1266.22436523, 146.538818359, 635.157958984, -109.341011047, -16.2351551056, 236.395278931, 71.8286056519, 11.564909935, 13.3280582428, 37.914478302, 24.5993080139, -4.03700637817, 49.9086837769], [2519.3828125, -1282.29711914, -109.341011047, 927.696838379, -274.387695313, -4.47170686722, -109.828796387, 145.760299683, -84.1833648682, 40.258102417, -157.389511108, 192.009124756, -134.542938232], [-992.056335449, 632.409545898, -16.2351551056, -274.387695313, 350.738952637, -33.9287109375, 45.6456947327, -35.4954910278, 89.9724273682, -49.6067657471, 47.8062324524, -52.5431480408, 70.7537765503], [-492.480987549, 22.8120422363, 236.395278931, -4.47170686722, -33.9287109375, 302.214660645, 90.6459732056, 8.6732301712, 8.50722503662, 54.5168113708, 26.459400177, -12.7057313919, 49.2576713562], [-616.038757324, 258.23550415, 71.8286056519, -109.828796387, 45.6456947327, 90.6459732056, 160.99230957, -6.87621068954, 17.6046848297, 14.7161254883, 52.8575897217, -26.5132389069, 38.5091438293], [708.162719727, -261.501281738, 11.564909935, 145.760299683, -35.4954910278, 8.6732301712, -6.87621068954, 145.955459595, -10.8026227951, 46.4956741333, -11.7648229599, 53.6577835083, -69.3506851196], [-450.325958252, 280.686248779, 13.3280582428, -84.1833648682, 89.9724273682, 8.50722503662, 17.6046848297, -10.8026227951, 114.591941833, -24.1326236725, 18.1821136475, -29.2539863586, 31.0781402588], [203.521820068, -184.657272339, 37.914478302, 40.258102417, -49.6067657471, 54.5168113708, 14.7161254883, 46.4956741333, -24.1326236725, 124.8385849, 11.5149183273, 5.02017354965, -33.8230285645], [-565.91619873, 294.55368042, 24.5993080139, -157.389511108, 47.8062324524, 26.459400177, 52.8575897217, -11.7648229599, 18.1821136475, 11.5149183273, 121.562187195, -49.7493553162, 26.4869537354], [710.590148926, -322.878326416, -4.03700637817, 192.009124756, -52.5431480408, -12.7057313919, -26.5132389069, 53.6577835083, -29.2539863586, 5.02017354965, -49.7493553162, 118.04650116, -54.1044540405], [-813.143981934, 300.641723633, 49.9086837769, -134.542938232, 70.7537765503, 49.2576713562, 38.5091438293, -69.3506851196, 31.0781402588, -33.8230285645, 26.4869537354, -54.1044540405, 128.14515686]],
        "icov": [[0.000394488859456, -0.000592098396737, 0.000695965194609, -0.000859950261656, 0.000620429695118, -0.000191165352589, 0.000812389072962, -0.0010403203778, 0.000967400381342, -0.000465366232675, 0.000799271161668, -0.000683439779095, 0.000830976234283], [-0.000592098396737, 0.00471287127584, -0.00130539038219, 0.00419018184766, -0.00311933411285, 0.000593385600951, -0.00337542500347, 0.00259370566346, -0.00492524867877, 0.00367563171312, -0.00385801680386, 0.00240606442094, -0.00201604911126], [0.000695965194609, -0.00130539038219, 0.00362475030124, -0.00112882128451, 0.00153445464093, -0.00220619956963, 0.0017643236788, -0.00240186252631, 0.00181579974014, -0.000978012685664, 0.00180310825817, -0.00211613974534, 0.00108799419831], [-0.000859950261656, 0.00419018184766, -0.00112882128451, 0.00652822153643, -0.0017866139533, 2.57639931078e-005, -0.00285457889549, 0.00175053591374, -0.00487886043265, 0.00336633296683, -0.00229371478781, 0.000260663975496, -0.00255594402552], [0.000620429695118, -0.00311933411285, 0.00153445464093, -0.0017866139533, 0.00708675151691, 0.000290386204142, 0.00187098537572, -0.00326363299973, 0.000884951325133, -0.00180164875928, 0.00275054224767, -0.00276190601289, 4.00785893362e-006], [-0.000191165352589, 0.000593385600951, -0.00220619956963, 2.57639931078e-005, 0.000290386204142, 0.00653189513832, -0.00306816748343, 0.000421427073888, -0.00140985823236, -0.00170245743357, -0.000718818919268, 0.000696856819559, -0.00290454807691], [0.000812389072962, -0.00337542500347, 0.0017643236788, -0.00285457889549, 0.00187098537572, -0.00306816748343, 0.0119516886771, -0.00320707261562, 0.0040294858627, -0.00291817868128, 0.000577669183258, -0.00289518921636, 0.00111966778059], [-0.0010403203778, 0.00259370566346, -0.00240186252631, 0.00175053591374, -0.00326363299973, 0.000421427073888, -0.00320707261562, 0.0148040633649, -0.00466108648106, -0.000772493775003, -0.0041998680681, -0.000220021422138, 0.00240419921465], [0.000967400381342, -0.00492524867877, 0.00181579974014, -0.00487886043265, 0.000884951325133, -0.00140985823236, 0.0040294858627, -0.00466108648106, 0.0172169543803, -0.00204388261773, 0.00429629487917, -0.000848024210427, 0.00222297036089], [-0.000465366232675, 0.00367563171312, -0.000978012685664, 0.00336633296683, -0.00180164875928, -0.00170245743357, -0.00291817868128, -0.000772493775003, -0.00204388261773, 0.0141962897032, -0.00397755904123, 0.00377700966783, 0.00110650958959], [0.000799271161668, -0.00385801680386, 0.00180310825817, -0.00229371478781, 0.00275054224767, -0.000718818919268, 0.000577669183258, -0.0041998680681, 0.00429629487917, -0.00397755904123, 0.0158535912633, 0.000527964846697, 0.00217795372009], [-0.000683439779095, 0.00240606442094, -0.00211613974534, 0.000260663975496, -0.00276190601289, 0.000696856819559, -0.00289518921636, -0.000220021422138, -0.000848024210427, 0.00377700966783, 0.000527964846697, 0.0175661426038, 0.00163436180446], [0.000830976234283, -0.00201604911126, 0.00108799419831, -0.00255594402552, 4.00785893362e-006, -0.00290454807691, 0.00111966778059, 0.00240419921465, 0.00222297036089, 0.00110650958959, 0.00217795372009, 0.00163436180446, 0.0167708955705]]
    },
    "melbands": {
        "mean": [3.88605185435e-005, 0.000522477144841, 0.000712242734153, 0.00169401930179, 0.000761658593547, 0.000455051718745, 0.000428259430919, 0.000233737548115, 0.000160629788297, 5.84024601267e-005, 2.99901239487e-005, 2.65555481747e-005, 3.22445739585e-005, 1.05269446067e-005, 9.81587800197e-006, 7.45669467506e-006, 6.71323095958e-006, 6.12886606177e-006, 5.4120346249e-006, 8.08525055618e-006, 7.61576256991e-006, 1.25668402688e-005, 9.31515478442e-006, 3.50337768396e-006, 2.66989741249e-006, 3.47066725226e-006, 1.74369165507e-006, 1.11731128527e-006, 1.14140004825e-006, 1.04035871118e-006, 8.9826983185e-007, 1.41773546147e-006, 1.27371367853e-006, 1.09355892164e-006, 5.32096862571e-007, 2.35246417901e-007, 3.16860081284e-007, 5.62423792871e-007, 4.48908224371e-007, 2.46211442345e-007],
        "var": [4.85889062318e-009, 8.99221731743e-007, 1.44217858633e-006, 8.937488019e-006, 1.51757194544e-006, 7.29580733605e-007, 1.16079525014e-006, 2.81526126855e-007, 2.30995553352e-007, 1.40008227234e-008, 3.38170713654e-009, 3.24178639488e-009, 4.31164881576e-009, 8.63047910915e-010, 4.64786875654e-010, 2.55481191758e-010, 2.64637090019e-010, 2.87127432941e-010, 2.55522852877e-010, 5.07574871023e-010, 4.69402294812e-010, 9.42028788309e-010, 5.65549496123e-010, 8.52316828226e-011, 4.4110982228e-011, 1.04235516052e-010, 5.82505432778e-011, 2.17418288234e-011, 2.96943233891e-011, 4.86668517985e-011, 3.20299342604e-011, 2.41648107774e-011, 1.26460300565e-011, 1.51638597512e-011, 3.3096429243e-012, 1.2506847771e-012, 1.30595066011e-011, 4.90913351636e-011, 2.22888252993e-011, 1.97570735813e-012]
    },
    "mfcc": {
        "mean": [-774.347595215, 178.957092285, 27.8815422058, 3.86874985695, -3.10811066628, -2.16486263275, -16.7973423004, -5.41364383698, -8.81854534149, -15.6439990997, -6.14847040176, -12.1611909866, -4.99380731583],
        "cov": [[11849.5791016, -3662.66210938, -1360.10742188, 2032.26342773, -251.932998657, -532.726074219, -512.452453613, 420.320068359, -202.197509766, -443.503448486, 440.523925781, -267.251373291, 405.207336426], [-3662.66210938, 2352.42944336, 110.290481567, -852.336303711, 190.024230957, 82.5078048706, 150.738342285, -69.2028121948, 53.4252662659, 154.63482666, -58.1054878235, 111.646705627, -79.3702011108], [-1360.10742188, 110.290481567, 698.628173828, -218.522171021, 10.170832634, 152.453308105, 135.121047974, -8.84231567383, 71.3833694458, 78.9171981812, -46.3822288513, 92.4752655029, -64.7257995605], [2032.26342773, -852.336303711, -218.522171021, 608.23236084, -22.6894645691, -88.3474731445, -123.913787842, 113.054489136, -14.4511833191, -116.005104065, 49.7807998657, -65.9276046753, 85.866569519], [-251.932998657, 190.024230957, 10.170832634, -22.6894645691, 193.659790039, 24.0139923096, -16.1609401703, 29.5722427368, 36.5279083252, 25.6710910797, -29.1066894531, 24.3473033905, 13.9151945114], [-532.726074219, 82.5078048706, 152.453308105, -88.3474731445, 24.0139923096, 189.712478638, 80.97240448, 8.50853824615, 64.4130935669, 50.3540687561, -39.4318733215, 43.7380332947, -19.3442363739], [-512.452453613, 150.738342285, 135.121047974, -123.913787842, -16.1609401703, 80.97240448, 190.191329956, -5.89066267014, 14.3843679428, 68.490562439, 0.466299980879, 47.5235404968, -8.71992301941], [420.320068359, -69.2028121948, -8.84231567383, 113.054489136, 29.5722427368, 8.50853824615, -5.89066267014, 149.602722168, 27.4151477814, -19.9409046173, 21.297750473, 14.8489494324, 42.7525672913], [-202.197509766, 53.4252662659, 71.3833694458, -14.4511833191, 36.5279083252, 64.4130935669, 14.3843679428, 27.4151477814, 116.38999939, 16.7466506958, -27.2923755646, 28.2103176117, 1.04911959171], [-443.503448486, 154.63482666, 78.9171981812, -116.005104065, 25.6710910797, 50.3540687561, 68.490562439, -19.9409046173, 16.7466506958, 139.093688965, -7.03224754333, 36.6137275696, 4.44970941544], [440.523925781, -58.1054878235, -46.3822288513, 49.7807998657, -29.1066894531, -39.4318733215, 0.466299980879, 21.297750473, -27.2923755646, -7.03224754333, 121.993583679, 8.44928455353, 19.8170967102], [-267.251373291, 111.646705627, 92.4752655029, -65.9276046753, 24.3473033905, 43.7380332947, 47.5235404968, 14.8489494324, 28.2103176117, 36.6137275696, 8.44928455353, 108.627380371, 3.85203671455], [405.207336426, -79.3702011108, -64.7257995605, 85.866569519, 13.9151945114, -19.3442363739, -8.71992301941, 42.7525672913, 1.04911959171, 4.44970941544, 19.8170967102, 3.85203671455, 94.6323776245]],
        "icov": [[0.000372832262656, 0.000394656322896, 0.000431434164057, -0.00031268291059, 1.31471938403e-006, 0.000200697671971, 5.78157487325e-005, -0.00040843829629, -1.20734785014e-005, 7.65518052503e-005, -0.000673568283673, -5.50491749891e-005, -0.000316110032145], [0.000394656322896, 0.00152403768152, 0.000838132633362, 0.00145145028364, -0.000833115598653, 0.000551167118829, -0.000161600240972, -0.00101397477556, -0.000310281204293, 0.000241421177634, -0.000808730255812, -0.000180889866897, -0.000308205431793], [0.000431434164057, 0.000838132633362, 0.00272877980024, 0.000503951974679, -7.70117985667e-005, -0.000353577896021, -0.000628399662673, -0.00097830966115, -0.000564187357668, -7.03760670149e-005, -0.000462438445538, -0.0010688387556, 0.00073776365025], [-0.00031268291059, 0.00145145028364, 0.000503951974679, 0.00596803799272, -0.000920312129892, 0.000358300312655, 0.000494141771924, -0.00210260367021, -0.000657388358377, 0.00149021786638, -5.10308163939e-005, 0.000787093187682, -0.00139441702049], [1.31471938403e-006, -0.000833115598653, -7.70117985667e-005, -0.000920312129892, 0.00696131726727, -0.000398748816224, 0.00164510100149, -0.000962095160503, -0.000798058055807, -0.00141377025284, 0.00155554665253, -0.00103561230935, -0.000649157853331], [0.000200697671971, 0.000551167118829, -0.000353577896021, 0.000358300312655, -0.000398748816224, 0.00924371369183, -0.00254625198431, -0.00107354472857, -0.00339287542738, -0.000971977598965, 0.00142037332989, -0.000865262933075, 0.00105561409146], [5.78157487325e-005, -0.000161600240972, -0.000628399662673, 0.000494141771924, 0.00164510100149, -0.00254625198431, 0.00857709161937, -0.000573044177145, 0.00105596531648, -0.00236803595908, -0.000795512925833, -0.00126527214888, -0.000656711577903], [-0.00040843829629, -0.00101397477556, -0.00097830966115, -0.00210260367021, -0.000962095160503, -0.00107354472857, -0.000573044177145, 0.0105410320684, -0.00155994680244, 0.00145445507951, -0.000714720168617, -0.000884864246473, -0.00262120715342], [-1.20734785014e-005, -0.000310281204293, -0.000564187357668, -0.000657388358377, -0.000798058055807, -0.00339287542738, 0.00105596531648, -0.00155994680244, 0.0121714659035, -0.000253331585554, 0.00177912099753, -0.00153985980432, -0.000205002666917], [7.65518052503e-005, 0.000241421177634, -7.03760670149e-005, 0.00149021786638, -0.00141377025284, -0.000971977598965, -0.00236803595908, 0.00145445507951, -0.000253331585554, 0.0107776233926, -0.000617786252405, -0.000972182548139, -0.00272672763094], [-0.000673568283673, -0.000808730255812, -0.000462438445538, -5.10308163939e-005, 0.00155554665253, 0.00142037332989, -0.000795512925833, -0.000714720168617, 0.00177912099753, -0.000617786252405, 0.0115675358102, -0.00208874722011, -8.09564589872e-005], [-5.50491749891e-005, -0.000180889866897, -0.0010688387556, 0.000787093187682, -0.00103561230935, -0.000865262933075, -0.00126527214888, -0.000884864246473, -0.00153985980432, -0.000972182548139, -0.00208874722011, 0.0128288166597, -0.00112466874998], [-0.000316110032145, -0.000308205431793, 0.00073776365025, -0.00139441702049, -0.000649157853331, 0.00105561409146, -0.000656711577903, -0.00262120715342, -0.000205002666917, -0.00272672763094, -8.09564589872e-005, -0.00112466874998, 0.0150602664798]]
    },
    "spectral_contrast_coeffs": {
        "mean": [-0.514191269875, -0.702792465687, -0.753417849541, -0.775025486946, -0.782941877842, -0.785204768181],
        "var": [0.00986678060144, 0.0046941624023, 0.00259683211334, 0.00194480153732, 0.00460318289697, 0.00517637468874]
    },
    "spectral_contrast_valleys": {
        "mean": [-8.41758537292, -7.14209413528, -8.30483913422, -9.26696968079, -9.84825801849, -12.112279892],
        "var": [1.31913352013, 1.21543836594, 1.27773809433, 1.50322031975, 2.56384301186, 2.21546363831]
    }
},
"metadata": {
    "audio_properties": {
        "analysis_sample_rate": 44100,
        "bit_rate": 103617,
        "equal_loudness": 0,
        "length": 45.0873451233,
        "lossless": 0,
        "replay_gain": -8.36692428589,
        "sample_rate": 44100,
        "codec": "mp3",
        "downmix": "mix",
        "md5_encoded": "0d760cc713bbf5e8cd4ab523961808f1"
    },
    "tags": {
        "file_name": "222.mp3"
    },
    "version": {
        "essentia": "2.1-beta2",
        "essentia_git_sha": "v2.1_beta2",
        "extractor": "music 1.0"
    }
},
"rhythm": {
    "beats_count": 88,
    "beats_loudness": {
        "mean": 0.0185022037476,
        "var": 0.000442240270786
    },
    "bpm": 149.121734619,
    "bpm_histogram_first_peak_bpm": {
        "mean": 148,
        "var": 0
    },
    "bpm_histogram_first_peak_spread": {
        "mean": 0.481481432915,
        "var": 0
    },
    "bpm_histogram_first_peak_weight": {
        "mean": 0.160919547081,
        "var": 0
    },
    "bpm_histogram_second_peak_bpm": {
        "mean": 99,
        "var": 0
    },
    "bpm_histogram_second_peak_spread": {
        "mean": 0.333333343267,
        "var": 0
    },
    "bpm_histogram_second_peak_weight": {
        "mean": 0.160919547081,
        "var": 0
    },
    "danceability": 0.954033851624,
    "onset_rate": 2.50527882576,
    "beats_loudness_band_ratio": {
        "mean": [0.296679824591, 0.527013838291, 0.166820496321, 0.0417249239981, 0.0144513705745, 0.0222763586789],
        "var": [0.0307428780943, 0.0362515710294, 0.0140269435942, 0.00164888543077, 0.000462910364149, 0.00510204490274]
    },
    "beats_position": [0.53405892849, 1.07972788811, 1.62539684772, 2.19428563118, 2.76317453384, 3.32045340538, 3.87773227692, 4.42340135574, 4.98067998886, 5.54956912994, 6.10684776306, 6.65251684189, 7.19818592072, 7.75546455383, 8.31274318695, 8.87002277374, 9.43891143799, 10.0078001022, 10.5302495956, 11.0526981354, 11.5635375977, 12.1324262619, 12.7013149261, 13.2702035904, 13.8507022858, 14.4428119659, 15.0233106613, 15.6270294189, 16.2307472229, 16.8576869965, 17.4730148315, 18.0767345428, 18.6688423157, 19.272562027, 19.8762817383, 20.4683895111, 21.0721092224, 21.6642169952, 22.2679367065, 22.8716545105, 23.4869842529, 24.102312088, 24.7060317993, 25.3445796967, 25.9831295013, 26.6216773987, 27.22539711, 27.8291149139, 28.3051242828, 28.7695236206, 29.2339229584, 29.6983222961, 30.1046714783, 30.5110206604, 30.9289798737, 31.358549118, 31.7881164551, 32.1944656372, 32.6008148193, 32.9955558777, 33.3902931213, 33.7966423035, 34.2029914856, 34.5977325439, 34.9924697876, 35.3872108459, 35.7819480896, 36.1766891479, 36.5714263916, 36.96616745, 37.3725166321, 37.7788658142, 38.1736030579, 38.57995224, 38.9746932983, 39.3810424805, 39.7873916626, 40.216960907, 40.6465301514, 41.0760993958, 41.5172767639, 41.9584579468, 42.3880271912, 42.8175964355, 43.2355537415, 43.6419029236, 44.0482521057, 44.4546012878]
},
"tonal": {
    "chords_changes_rate": 0.0977366268635,
    "chords_number_rate": 0.0164609048516,
    "chords_strength": {
        "mean": 0.429259687662,
        "var": 0.0098044835031
    },
    "hpcp_entropy": {
        "mean": 1.67888069153,
        "var": 0.504413485527
    },
    "key_strength": 0.570508778095,
    "tuning_diatonic_strength": 0.449443936348,
    "tuning_equal_tempered_deviation": 0.0742248371243,
    "tuning_frequency": 437.465789795,
    "tuning_nontempered_energy_ratio": 0.656188666821,
    "hpcp": {
        "mean": [0.235769510269, 0.14420799911, 0.0833137482405, 0.106605298817, 0.135810628533, 0.277851432562, 0.437710344791, 0.278920292854, 0.0914047732949, 0.0889181569219, 0.0659449771047, 0.0679594501853, 0.0829757601023, 0.0550325103104, 0.0585215389729, 0.0870583131909, 0.0611515268683, 0.0600343607366, 0.0972033441067, 0.0671443119645, 0.0678751096129, 0.124721430242, 0.0925624594092, 0.0620028376579, 0.0721483379602, 0.0487413965166, 0.0707985684276, 0.11015316844, 0.0767273157835, 0.0758252590895, 0.111835792661, 0.092144690454, 0.0928975790739, 0.119549937546, 0.111010618508, 0.178790941834],
        "var": [0.118729516864, 0.051607824862, 0.0382491797209, 0.0496563278139, 0.0624378062785, 0.0867213383317, 0.176602631807, 0.0842091664672, 0.0318727605045, 0.042752020061, 0.0292458422482, 0.0304067339748, 0.0347248762846, 0.0178847238421, 0.0218064766377, 0.0412750393152, 0.0176430139691, 0.016423933208, 0.0451231449842, 0.0218203831464, 0.0196474678814, 0.0526674240828, 0.0329452641308, 0.0239768028259, 0.0281069166958, 0.0123235313222, 0.0227179694921, 0.0498826019466, 0.0237170346081, 0.0296612866223, 0.0503154732287, 0.0390923544765, 0.0459787473083, 0.0684905573726, 0.0493134222925, 0.0679489597678]
    },
    "chords_histogram": [10.6995887756, 10.0823049545, 10.0823049545, 1.95473253727, 1.02880656719, 0, 0, 0.308641970158, 1.13168728352, 2.46913576126, 0.925925910473, 0.617283940315, 0, 3.70370364189, 1.23456788063, 11.0082302094, 0.102880656719, 13.1687240601, 7.09876537323, 12.1399173737, 0, 4.01234579086, 6.79012346268, 1.44032919407],
    "thpcp": [1, 0.637225747108, 0.208824798465, 0.203143835068, 0.150658935308, 0.155261233449, 0.189567744732, 0.125728145242, 0.1336992383, 0.198894798756, 0.139707744122, 0.137155458331, 0.222072303295, 0.153398960829, 0.155068546534, 0.284940570593, 0.21146966517, 0.141652673483, 0.164831236005, 0.111355364323, 0.161747530103, 0.251657664776, 0.175292447209, 0.173231586814, 0.255501836538, 0.210515215993, 0.212235286832, 0.273125678301, 0.253616631031, 0.40846863389, 0.538642764091, 0.329459875822, 0.190339908004, 0.243552163243, 0.310275107622, 0.634783804417],
    "chords_key": "E",
    "chords_scale": "minor",
    "key_key": "E",
    "key_scale": "major"
}
}