{
"lowlevel": {
    "average_loudness": 0.793161869049,
    "barkbands_crest": {
        "mean": 13.1036882401,
        "var": 27.9531173706
    },
    "barkbands_flatness_db": {
        "mean": 0.487383872271,
        "var": 0.0021007922478
    },
    "barkbands_kurtosis": {
        "mean": 3.27108812332,
        "var": 42.4025039673
    },
    "barkbands_skewness": {
        "mean": -0.163682088256,
        "var": 1.82317686081
    },
    "barkbands_spread": {
        "mean": 2.26347327232,
        "var": 2.52553582191
    },
    "dissonance": {
        "mean": 0.320727109909,
        "var": 0.00875983200967
    },
    "dynamic_complexity": 4.39614057541,
    "erbbands_crest": {
        "mean": 17.0374698639,
        "var": 54.0668182373
    },
    "erbbands_flatness_db": {
        "mean": 0.487128823996,
        "var": 0.00216315942816
    },
    "erbbands_kurtosis": {
        "mean": 5.01675319672,
        "var": 98.9478149414
    },
    "erbbands_skewness": {
        "mean": -0.105168327689,
        "var": 1.07269370556
    },
    "erbbands_spread": {
        "mean": 4.74845170975,
        "var": 8.82606506348
    },
    "hfc": {
        "mean": 7.15458536148,
        "var": 83.6748275757
    },
    "melbands_crest": {
        "mean": 15.0569429398,
        "var": 43.4034957886
    },
    "melbands_flatness_db": {
        "mean": 0.626056671143,
        "var": 0.00236298376694
    },
    "melbands_kurtosis": {
        "mean": 1.65863478184,
        "var": 11.8100986481
    },
    "melbands_skewness": {
        "mean": 0.114298090339,
        "var": 1.38594257832
    },
    "melbands_spread": {
        "mean": 4.41625022888,
        "var": 34.8931236267
    },
    "pitch_salience": {
        "mean": 0.541927933693,
        "var": 0.0209722463042
    },
    "silence_rate_20dB": {
        "mean": 1,
        "var": 0
    },
    "silence_rate_30dB": {
        "mean": 0.993309319019,
        "var": 0.00664594955742
    },
    "silence_rate_60dB": {
        "mean": 0.187339171767,
        "var": 0.152242764831
    },
    "spectral_centroid": {
        "mean": 408.859283447,
        "var": 133845.265625
    },
    "spectral_complexity": {
        "mean": 7.36181163788,
        "var": 3.49077248573
    },
    "spectral_decrease": {
        "mean": -4.50178250233e-009,
        "var": 2.69071182634e-017
    },
    "spectral_energy": {
        "mean": 0.0176397077739,
        "var": 0.00041560761747
    },
    "spectral_energyband_high": {
        "mean": 8.58303916829e-009,
        "var": 3.37223774516e-016
    },
    "spectral_energyband_low": {
        "mean": 0.0016499592457,
        "var": 3.78174377147e-006
    },
    "spectral_energyband_middle_high": {
        "mean": 0.000153454369865,
        "var": 5.68169298276e-008
    },
    "spectral_energyband_middle_low": {
        "mean": 0.0166978072375,
        "var": 0.000379713717848
    },
    "spectral_entropy": {
        "mean": 4.96513080597,
        "var": 0.129334300756
    },
    "spectral_flux": {
        "mean": 0.030491322279,
        "var": 0.0010040840134
    },
    "spectral_kurtosis": {
        "mean": 374.276641846,
        "var": 18035.0253906
    },
    "spectral_rms": {
        "mean": 0.00362339825369,
        "var": 4.08042615163e-006
    },
    "spectral_rolloff": {
        "mean": 542.549316406,
        "var": 677710.25
    },
    "spectral_skewness": {
        "mean": 15.5228433609,
        "var": 8.42573833466
    },
    "spectral_spread": {
        "mean": 590337.25,
        "var": 1.79424329728e+012
    },
    "spectral_strongpeak": {
        "mean": 1.161460042,
        "var": 1.54061925411
    },
    "zerocrossingrate": {
        "mean": 0.0195315014571,
        "var": 0.000497102504596
    },
    "barkbands": {
        "mean": [2.83185181615e-006, 0.00028231437318, 0.000526912568603, 0.0011657436844, 0.00347740482539, 0.00197976920754, 0.00533607602119, 0.0043121590279, 0.000370504363673, 0.000106522165879, 4.95627318742e-005, 1.28368428705e-005, 4.09700851378e-006, 1.10701212179e-005, 9.35639889121e-007, 7.13450106105e-007, 1.75455582507e-007, 7.0793987561e-008, 1.53375694367e-008, 3.57381013671e-009, 2.07070649516e-009, 9.67484314884e-010, 7.0655936657e-010, 6.66950161765e-010, 6.66293464846e-010, 6.78602063431e-010, 6.64047372645e-010],
        "var": [7.35138408481e-011, 5.34976265953e-007, 4.07379985745e-007, 1.42331350617e-006, 1.51080321302e-005, 1.40657602969e-005, 0.000144405741594, 0.000107659216155, 1.57451822247e-007, 3.5330653958e-008, 1.10370024231e-008, 7.43998529451e-010, 1.17789542009e-010, 1.18789544867e-009, 4.97645587932e-012, 7.62657558634e-012, 3.45499453699e-013, 9.32962406874e-014, 3.07131224411e-015, 1.17229280491e-016, 5.34876788558e-017, 4.08104237659e-018, 2.31607821139e-018, 2.13487044294e-018, 1.99575045123e-018, 1.87571785895e-018, 1.8002785735e-018]
    },
    "erbbands": {
        "mean": [0.00243467814289, 0.0835135355592, 0.460300624371, 3.0803771019, 5.08383369446, 14.7019109726, 16.3542556763, 16.7756328583, 56.7660484314, 82.7729949951, 103.526809692, 15.0380096436, 7.60588693619, 2.83820033073, 1.68496918678, 0.464890658855, 0.25665089488, 0.539947032928, 0.158024802804, 0.0530436038971, 0.0357015952468, 0.0121690575033, 0.00562268635258, 0.00101004412863, 0.000702639459632, 0.000250671932008, 0.000126744242152, 5.78358522034e-005, 4.32556989836e-005, 3.40025799233e-005, 2.80486692645e-005, 2.40988247242e-005, 2.08245110116e-005, 1.773936674e-005, 1.45751855598e-005, 1.091071681e-005, 6.34903153696e-006, 1.2994272538e-006, 8.36630442791e-006, 1.96860255528e-005],
        "var": [3.53107679985e-005, 0.0439847745001, 0.483056008816, 8.8601064682, 32.6395301819, 303.204772949, 470.376342773, 1441.34082031, 23894.4414063, 29740.1171875, 75219.921875, 889.408996582, 65.4076690674, 31.6157779694, 10.4826335907, 0.59139508009, 0.355490118265, 3.26287984848, 0.361274749041, 0.0546077340841, 0.0229442082345, 0.00159236742184, 0.000522747635841, 8.22013498691e-006, 8.25337247079e-006, 6.5020628881e-007, 2.37739442355e-007, 1.29884352162e-008, 6.70856881158e-009, 3.82130194154e-009, 2.23966245549e-009, 1.47673440143e-009, 9.33370825074e-010, 5.7000137943e-010, 3.29105964703e-010, 1.68363434305e-010, 5.47218277636e-011, 2.8213787643e-012, 9.43865818837e-011, 5.20953336025e-010]
    },
    "gfcc": {
        "mean": [-296.982208252, 279.348175049, -44.4246520996, -85.3872146606, -48.9597167969, -29.8564033508, -34.2413368225, -17.2092914581, -8.88108825684, -18.1335945129, -13.1049022675, -21.2578105927, -8.22294807434],
        "cov": [[5104.85253906, 494.983306885, -408.953857422, 101.304244995, 158.476898193, -291.415008545, 30.9935646057, 184.600128174, 145.965026855, 72.3871383667, 65.4512023926, -77.1375732422, -7.28895807266], [494.983306885, 441.698547363, -2.09300684929, -93.0822067261, 127.372238159, 7.06936073303, -51.8220481873, -56.3316383362, -63.3856773376, -34.6678085327, 25.0713825226, 6.85576868057, 33.5848503113], [-408.953857422, -2.09300684929, 261.578552246, -35.5753479004, -156.230911255, 35.6518936157, 51.4196777344, -20.9774665833, -30.80402565, -6.28809928894, 19.8907966614, 25.0870857239, 11.424287796], [101.304244995, -93.0822067261, -35.5753479004, 159.30456543, 52.9305610657, 18.0247707367, 28.8834819794, 20.4880599976, 12.4461460114, 25.5019073486, 15.2004699707, 17.7039203644, 5.34778308868], [158.476898193, 127.372238159, -156.230911255, 52.9305610657, 260.591461182, 12.5991678238, -49.9453086853, 8.51335144043, 4.3570227623, 4.1489610672, 11.0125045776, -4.16455554962, 12.2057390213], [-291.415008545, 7.06936073303, 35.6518936157, 18.0247707367, 12.5991678238, 76.9611053467, 15.8161439896, -32.5342941284, -23.4132003784, -1.42278027534, -7.88666200638, 5.45277452469, 11.8733911514], [30.9935646057, -51.8220481873, 51.4196777344, 28.8834819794, -49.9453086853, 15.8161439896, 69.6296844482, 35.2881164551, 4.30440187454, 2.45518660545, -3.83827972412, -4.58474683762, 0.777491688728], [184.600128174, -56.3316383362, -20.9774665833, 20.4880599976, 8.51335144043, -32.5342941284, 35.2881164551, 88.4205780029, 52.502986908, -3.03729772568, -19.5143852234, -19.4211902618, -17.4962882996], [145.965026855, -63.3856773376, -30.80402565, 12.4461460114, 4.3570227623, -23.4132003784, 4.30440187454, 52.502986908, 68.6464080811, 22.0926895142, -20.8520450592, -24.4819221497, -17.7503032684], [72.3871383667, -34.6678085327, -6.28809928894, 25.5019073486, 4.1489610672, -1.42278027534, 2.45518660545, -3.03729772568, 22.0926895142, 56.5225524902, 33.5644645691, -0.677887320518, -3.00766181946], [65.4512023926, 25.0713825226, 19.8907966614, 15.2004699707, 11.0125045776, -7.88666200638, -3.83827972412, -19.5143852234, -20.8520450592, 33.5644645691, 69.4288101196, 34.4515190125, 6.60540819168], [-77.1375732422, 6.85576868057, 25.0870857239, 17.7039203644, -4.16455554962, 5.45277452469, -4.58474683762, -19.4211902618, -24.4819221497, -0.677887320518, 34.4515190125, 45.8951187134, 18.1163349152], [-7.28895807266, 33.5848503113, 11.424287796, 5.34778308868, 12.2057390213, 11.8733911514, 0.777491688728, -17.4962882996, -17.7503032684, -3.00766181946, 6.60540819168, 18.1163349152, 28.2305831909]],
        "icov": [[0.00072328891838, -0.00175668217707, 0.0018954097759, -0.00170899101067, 0.00177709828131, 0.00152987008914, -0.00186303094961, 0.00122663099319, -0.00402231980115, 0.00300711835735, -0.0041667255573, 0.0032684833277, -0.00209818710573], [-0.00175668217707, 0.00957628618926, -0.00588927604258, 0.0068581122905, -0.00799642316997, -0.00270682270639, 0.00328222499229, 0.00123205594718, 0.00693791452795, 0.000831469660625, 0.00203678198159, -0.000777219247539, -0.00101996015292], [0.0018954097759, -0.00588927604258, 0.0150370812044, -0.00481379311532, 0.0130744921044, -0.00545336678624, -0.00399563042447, 0.00075066939462, -0.0161503665149, 0.0178209077567, -0.0253743436188, 0.0150648448616, -0.0124481562525], [-0.00170899101067, 0.0068581122905, -0.00481379311532, 0.0181520022452, -0.0128804333508, 0.00152878533117, -0.00986518058926, 0.00299027678557, 0.0113211274147, -0.0185583662242, 0.0232105236501, -0.0263592042029, 0.0135860210285], [0.00177709828131, -0.00799642316997, 0.0130744921044, -0.0128804333508, 0.0263778548688, -0.017984021455, 0.0234322175384, -0.022051429376, -0.00755088822916, 0.019210351631, -0.036697730422, 0.0339868143201, -0.0269567556679], [0.00152987008914, -0.00270682270639, -0.00545336678624, 0.00152878533117, -0.017984021455, 0.0503237359226, -0.0428402349353, 0.0394372306764, -0.0048970640637, -0.0185668487102, 0.0387579202652, -0.0311397816986, 0.023621622473], [-0.00186303094961, 0.00328222499229, -0.00399563042447, -0.00986518058926, 0.0234322175384, -0.0428402349353, 0.0913113430142, -0.0803461447358, 0.0518490634859, -0.0167437680066, -0.0127827282995, 0.0351657122374, -0.0340826101601], [0.00122663099319, 0.00123205594718, 0.00075066939462, 0.00299027678557, -0.022051429376, 0.0394372306764, -0.0803461447358, 0.109914496541, -0.0876843631268, 0.0579263791442, -0.0213356688619, -0.00618116604164, 0.0212595537305], [-0.00402231980115, 0.00693791452795, -0.0161503665149, 0.0113211274147, -0.00755088822916, -0.0048970640637, 0.0518490634859, -0.0876843631268, 0.146309792995, -0.127140119672, 0.112844713032, -0.0570518784225, 0.0333084277809], [0.00300711835735, 0.000831469660625, 0.0178209077567, -0.0185583662242, 0.019210351631, -0.0185668487102, -0.0167437680066, 0.0579263791442, -0.127140119672, 0.173047333956, -0.166222602129, 0.113781638443, -0.0636723414063], [-0.0041667255573, 0.00203678198159, -0.0253743436188, 0.0232105236501, -0.036697730422, 0.0387579202652, -0.0127827282995, -0.0213356688619, 0.112844713032, -0.166222602129, 0.204740390182, -0.153173074126, 0.0927004814148], [0.0032684833277, -0.000777219247539, 0.0150648448616, -0.0263592042029, 0.0339868143201, -0.0311397816986, 0.0351657122374, -0.00618116604164, -0.0570518784225, 0.113781638443, -0.153173074126, 0.161688014865, -0.0974013954401], [-0.00209818710573, -0.00101996015292, -0.0124481562525, 0.0135860210285, -0.0269567556679, 0.023621622473, -0.0340826101601, 0.0212595537305, 0.0333084277809, -0.0636723414063, 0.0927004814148, -0.0974013954401, 0.109367206693]]
    },
    "melbands": {
        "mean": [4.98027984577e-005, 0.000202845665626, 0.000531774247065, 0.000678208831232, 0.000607407768257, 0.000352258968633, 0.000950580113567, 0.00085903564468, 0.000734631670639, 5.44616268598e-005, 3.62241153198e-005, 1.06585212052e-005, 7.14373754818e-006, 1.67814289398e-006, 5.67159247566e-007, 7.94647291968e-007, 9.38434254749e-007, 2.87232694518e-007, 5.98805911523e-008, 5.022280547e-008, 4.12378788894e-008, 1.12784892536e-008, 7.12360392896e-009, 2.46376608004e-009, 6.17978668238e-010, 6.08634920241e-010, 2.33631364255e-010, 1.48911064035e-010, 7.316747902e-011, 4.23836833685e-011, 2.61378019922e-011, 2.16926043101e-011, 1.62805845194e-011, 1.3884787417e-011, 1.1461191371e-011, 9.8468264792e-012, 8.62877911484e-012, 7.6335743282e-012, 6.76948904918e-012, 6.08268513683e-012],
        "var": [1.62309632401e-008, 1.21540850273e-007, 2.51739692203e-007, 5.88713760408e-007, 6.05681123034e-007, 6.2452960492e-007, 5.81937274546e-006, 2.69118959295e-006, 4.20708420279e-006, 4.01789668203e-009, 1.63649060969e-009, 5.84219839173e-010, 2.3232836488e-010, 1.44101831162e-011, 9.10209949946e-013, 5.34914734035e-012, 9.66162219673e-012, 1.86016848626e-012, 3.35424809943e-014, 6.00935046082e-014, 3.96949251355e-014, 2.11844274185e-015, 8.94389288786e-016, 1.24614719576e-016, 3.08586986023e-018, 5.14522388312e-018, 1.10551634212e-018, 2.95201347725e-019, 8.38044014312e-020, 1.78200714897e-020, 2.86283554739e-021, 2.10811724896e-021, 1.19641244971e-021, 8.99299109545e-022, 6.0194686443e-022, 4.56226811943e-022, 3.56784975228e-022, 2.75033464219e-022, 2.21931614239e-022, 1.69022271564e-022]
    },
    "mfcc": {
        "mean": [-894.244934082, 253.40234375, 79.8291091919, -19.0646877289, -26.0911922455, -14.6704711914, -15.8154983521, -14.8096122742, -7.38564825058, -2.77044701576, -3.33784580231, -5.73024225235, -7.86883211136],
        "cov": [[1407.24914551, 1035.42614746, -249.209899902, -191.414916992, 259.421966553, 89.757598877, -142.740905762, -24.1922092438, 97.574256897, 64.2638626099, 29.1035614014, 41.2931213379, 47.1296386719], [1035.42614746, 824.028564453, -88.391998291, -142.637771606, 136.120529175, 58.4293937683, -90.547454834, -23.6193466187, 62.8072242737, 43.6117248535, 10.768910408, 17.2475967407, 31.4990272522], [-249.209899902, -88.391998291, 201.290802002, 53.1016616821, -126.270957947, -36.3790550232, 53.5307731628, 5.67795133591, -32.3645362854, -18.6747055054, -17.9996395111, -25.1333999634, -9.37833690643], [-191.414916992, -142.637771606, 53.1016616821, 72.9559783936, -9.01106929779, -12.9395952225, 31.5238780975, 21.1490783691, -12.9531421661, -10.7686166763, 2.28466296196, -0.497944384813, 1.56483697891], [259.421966553, 136.120529175, -126.270957947, -9.01106929779, 151.319335938, 75.0995101929, -21.8523101807, -2.13637804985, 23.8086357117, 14.1388759613, 12.3397760391, 16.150188446, 12.8300914764], [89.757598877, 58.4293937683, -36.3790550232, -12.9395952225, 75.0995101929, 89.2493438721, 28.4157409668, -14.2538690567, -12.6261959076, -5.06949329376, -9.27753067017, -13.0296812057, -5.58299016953], [-142.740905762, -90.547454834, 53.5307731628, 31.5238780975, -21.8523101807, 28.4157409668, 70.3194351196, 20.2285556793, -30.6400203705, -25.8100547791, -16.5790748596, -23.1058616638, -14.3432159424], [-24.1922092438, -23.6193466187, 5.67795133591, 21.1490783691, -2.13637804985, -14.2538690567, 20.2285556793, 47.241268158, 28.6006889343, 1.80628335476, -2.86746001244, 0.509626507759, -1.61469244957], [97.574256897, 62.8072242737, -32.3645362854, -12.9531421661, 23.8086357117, -12.6261959076, -30.6400203705, 28.6006889343, 72.4815979004, 45.348323822, 11.9744691849, 11.4232673645, 6.09588050842], [64.2638626099, 43.6117248535, -18.6747055054, -10.7686166763, 14.1388759613, -5.06949329376, -25.8100547791, 1.80628335476, 45.348323822, 52.3528823853, 30.0893516541, 12.7573900223, 2.07450246811], [29.1035614014, 10.768910408, -17.9996395111, 2.28466296196, 12.3397760391, -9.27753067017, -16.5790748596, -2.86746001244, 11.9744691849, 30.0893516541, 43.4130744934, 31.4735050201, 4.20153141022], [41.2931213379, 17.2475967407, -25.1333999634, -0.497944384813, 16.150188446, -13.0296812057, -23.1058616638, 0.509626507759, 11.4232673645, 12.7573900223, 31.4735050201, 43.2764587402, 20.5427207947], [47.1296386719, 31.4990272522, -9.37833690643, 1.56483697891, 12.8300914764, -5.58299016953, -14.3432159424, -1.61469244957, 6.09588050842, 2.07450246811, 4.20153141022, 20.5427207947, 32.52734375]],
        "icov": [[-737.145996094, 1025.70153809, -975.587463379, 893.293518066, -782.212097168, 649.519042969, -505.599487305, 363.774017334, -237.241424561, 135.98085022, -65.6062850952, 24.3409366608, -5.44552755356], [1025.70153809, -1407.4732666, 1285.07556152, -1102.30053711, 885.732177734, -663.832214355, 460.953308105, -293.689849854, 169.129745483, -85.8057403564, 36.8187561035, -12.2667045593, 2.50061011314], [-975.587463379, 1285.07556152, -1025.51574707, 666.133117676, -291.553466797, -20.8948383331, 221.106796265, -298.527282715, 277.020874023, -199.720108032, 113.194641113, -47.1153259277, 11.4275407791], [893.293518066, -1102.30053711, 666.133117676, -79.6273803711, -497.346893311, 924.393371582, -1118.12231445, 1075.95922852, -862.156860352, 574.051330566, -309.877044678, 125.005111694, -29.7249336243], [-782.212097168, 885.732177734, -291.553466797, -497.346893311, 1253.15258789, -1778.33374023, 1959.64978027, -1802.24829102, 1407.48022461, -922.460571289, 492.806732178, -197.430099487, 46.7237129211], [649.519042969, -663.832214355, -20.8948402405, 924.393371582, -1778.33374023, 2351.56640625, -2513.49560547, 2274.74829102, -1759.92553711, 1146.8861084, -610.511474609, 244.061203003, -57.7104377747], [-505.599487305, 460.953308105, 221.106796265, -1118.12231445, 1959.64978027, -2513.49560547, 2649.33422852, -2379.95776367, 1833.66101074, -1192.14978027, 633.852050781, -253.287094116, 59.9371528625], [363.774017334, -293.689849854, -298.527282715, 1075.95922852, -1802.24829102, 2274.74829102, -2379.95776367, 2129.95581055, -1637.98046875, 1064.15759277, -565.826660156, 226.260269165, -53.6295089722], [-237.241424561, 169.129745483, 277.020874023, -862.156860352, 1407.48022461, -1759.92553711, 1833.66101074, -1637.98046875, 1258.98999023, -818.203613281, 435.509277344, -174.450653076, 41.4857978821], [135.98085022, -85.8057403564, -199.720108032, 574.051330566, -922.460571289, 1146.8861084, -1192.14978027, 1064.15759277, -818.203613281, 532.341491699, -283.886535645, 114.020057678, -27.2427616119], [-65.6062850952, 36.8187561035, 113.194641113, -309.877044678, 492.806732178, -610.511474609, 633.852050781, -565.826660156, 435.509277344, -283.886535645, 151.885910034, -61.274887085, 14.7582206726], [24.3409366608, -12.2667045593, -47.1153259277, 125.005111694, -197.430099487, 244.061203003, -253.287094116, 226.260269165, -174.450653076, 114.020057678, -61.274887085, 24.9068508148, -6.07335758209], [-5.44552755356, 2.50061011314, 11.4275407791, -29.7249336243, 46.7237129211, -57.7104377747, 59.9371528625, -53.6295089722, 41.4857978821, -27.2427616119, 14.7582206726, -6.07335758209, 1.54866242409]]
    },
    "spectral_contrast_coeffs": {
        "mean": [-0.529558777809, -0.647134184837, -0.713023841381, -0.753726303577, -0.804445624352, -0.93727594614],
        "var": [0.00377484620549, 0.00573580386117, 0.00234760064632, 0.00129308109172, 0.00204153987579, 0.000933083880227]
    },
    "spectral_contrast_valleys": {
        "mean": [-8.41693782806, -6.88766098022, -8.86684608459, -11.2622890472, -13.2576379776, -14.6782140732],
        "var": [1.28006291389, 1.07312035561, 0.904283940792, 0.825043916702, 0.649089276791, 1.31577694416]
    }
},
"metadata": {
    "audio_properties": {
        "analysis_sample_rate": 44100,
        "bit_rate": 80553,
        "equal_loudness": 0,
        "length": 45.0873451233,
        "lossless": 0,
        "replay_gain": -8.52330780029,
        "sample_rate": 44100,
        "codec": "mp3",
        "downmix": "mix",
        "md5_encoded": "0f3612e0094fd4704feea51405d5af35"
    },
    "tags": {
        "file_name": "223.mp3"
    },
    "version": {
        "essentia": "2.1-beta2",
        "essentia_git_sha": "v2.1_beta2",
        "extractor": "music 1.0"
    }
},
"rhythm": {
    "beats_count": 74,
    "beats_loudness": {
        "mean": 0.0373508632183,
        "var": 0.000885628978722
    },
    "bpm": 99.9803848267,
    "bpm_histogram_first_peak_bpm": {
        "mean": 99,
        "var": 0
    },
    "bpm_histogram_first_peak_spread": {
        "mean": 0.397260278463,
        "var": 0
    },
    "bpm_histogram_first_peak_weight": {
        "mean": 0.602739691734,
        "var": 0
    },
    "bpm_histogram_second_peak_bpm": {
        "mean": 0,
        "var": 0
    },
    "bpm_histogram_second_peak_spread": {
        "mean": 0,
        "var": 0
    },
    "bpm_histogram_second_peak_weight": {
        "mean": 0,
        "var": 0
    },
    "danceability": 1.15140295029,
    "onset_rate": 1.04201853275,
    "beats_loudness_band_ratio": {
        "mean": [0.221563264728, 0.344194978476, 0.471018254757, 0.00931688398123, 0.000319522892823, 3.18623369822e-006],
        "var": [0.0147194908932, 0.031893402338, 0.0535164214671, 5.56940467504e-005, 4.66044696168e-007, 5.159508671e-012]
    },
    "beats_position": [0.568888902664, 1.14938771725, 1.75310659409, 2.34521532059, 2.93732428551, 3.52943301201, 4.13315200806, 4.73687076569, 5.34058952332, 5.93269824982, 6.52480697632, 7.14013576508, 7.73224496841, 8.33596324921, 8.93968200684, 9.54340076447, 10.1471195221, 10.7508392334, 11.3429479599, 11.9350566864, 12.538775444, 13.1424942017, 13.7462129593, 14.3383216858, 14.9420404434, 15.545759201, 16.1378688812, 16.7415866852, 17.3336963654, 17.9258041382, 18.5411338806, 19.1448516846, 19.7369613647, 20.3406791687, 20.9327888489, 21.5248966217, 22.128616333, 22.7323360443, 23.3360538483, 23.9397735596, 24.5318813324, 25.1239910126, 25.7393188477, 26.3546485901, 26.9467563629, 27.5388660431, 28.142583847, 28.7463035583, 29.3384113312, 29.9305210114, 30.5342407227, 31.1379585266, 31.7416782379, 32.3453979492, 32.9491157532, 33.5412254333, 34.1333312988, 34.7370529175, 35.3407707214, 35.9444885254, 36.5365982056, 37.1403160095, 37.7440338135, 38.3361434937, 38.9398651123, 39.5319709778, 40.1356925964, 40.7394104004, 41.3431282043, 41.9352378845, 42.5389556885, 43.1426734924, 43.7580032349, 44.3849411011]
},
"tonal": {
    "chords_changes_rate": 0.0246913582087,
    "chords_number_rate": 0.00514403311536,
    "chords_strength": {
        "mean": 0.534926533699,
        "var": 0.00876572169363
    },
    "hpcp_entropy": {
        "mean": 1.51430153847,
        "var": 0.19699677825
    },
    "key_strength": 0.674787759781,
    "tuning_diatonic_strength": 0.489026784897,
    "tuning_equal_tempered_deviation": 0.000952915521339,
    "tuning_frequency": 440.763122559,
    "tuning_nontempered_energy_ratio": 0.574723005295,
    "hpcp": {
        "mean": [0.346574038267, 0.15903544426, 0.00593192689121, 0.00497308559716, 0.0120358839631, 0.302882164717, 0.536644279957, 0.246514514089, 0.00461305817589, 0.00341289280914, 0.00378877855837, 0.0444400049746, 0.082945741713, 0.0536386370659, 0.315879106522, 0.586749255657, 0.290656268597, 0.00775637896731, 0.00185265182517, 0.00203697755933, 0.0220519918948, 0.0388400144875, 0.0224740244448, 0.0113980500028, 0.0146220717579, 0.0167481619865, 0.126565918326, 0.207380235195, 0.103076159954, 0.110034316778, 0.151653170586, 0.0579631999135, 0.00504805380479, 0.00513808755204, 0.0168500095606, 0.204321563244],
        "var": [0.172778606415, 0.038388479501, 0.00267985160463, 0.00127224787138, 0.0024359493982, 0.0610820949078, 0.184102892876, 0.0421276539564, 0.00071090523852, 0.000849549192935, 0.000674223643728, 0.012352084741, 0.0442073084414, 0.0144090391695, 0.0336807481945, 0.109101273119, 0.0310049839318, 0.000888377428055, 0.000492307473905, 0.000144568315591, 0.00769532751292, 0.0211053732783, 0.00524817826226, 0.000962439691648, 0.0010480665369, 0.00099444470834, 0.0351382791996, 0.100270017982, 0.020203538239, 0.0175634361804, 0.0313737541437, 0.00662799598649, 0.000930760521442, 0.00108909525443, 0.00429128296673, 0.0643099397421]
    },
    "chords_histogram": [22.8395061493, 43.8271598816, 29.2181072235, 0, 3.08641982079, 0, 0, 0, 0, 0, 0, 0, 0, 0, 0, 0, 0, 0, 0, 1.02880656719, 0, 0, 0, 0],
    "thpcp": [1, 0.495367079973, 0.0132192391902, 0.0031574848108, 0.00347163202241, 0.0375833325088, 0.0661952495575, 0.038302604109, 0.019425759092, 0.0249204784632, 0.0285439845175, 0.215706989169, 0.35343927145, 0.175673276186, 0.187532097101, 0.258463323116, 0.0987870022655, 0.00860342569649, 0.00875687133521, 0.0287175644189, 0.348226368427, 0.590668022633, 0.271044999361, 0.0101098157465, 0.00847565755248, 0.0205128230155, 0.516203761101, 0.914605796337, 0.420136034489, 0.00786206033081, 0.005816611927, 0.00645723612979, 0.0757393464446, 0.141364887357, 0.0914166271687, 0.538354516029],
    "chords_key": "B",
    "chords_scale": "minor",
    "key_key": "G",
    "key_scale": "major"
}
}