{
"lowlevel": {
    "average_loudness": 0.912662804127,
    "barkbands_crest": {
        "mean": 8.48704528809,
        "var": 11.7598791122
    },
    "barkbands_flatness_db": {
        "mean": 0.130179986358,
        "var": 0.00121014670003
    },
    "barkbands_kurtosis": {
        "mean": 1.26184105873,
        "var": 3.94764995575
    },
    "barkbands_skewness": {
        "mean": 0.680297017097,
        "var": 0.421545565128
    },
    "barkbands_spread": {
        "mean": 17.0771446228,
        "var": 50.1237220764
    },
    "dissonance": {
        "mean": 0.451543360949,
        "var": 0.000976844807155
    },
    "dynamic_complexity": 2.58539748192,
    "erbbands_crest": {
        "mean": 8.8441400528,
        "var": 12.1196126938
    },
    "erbbands_flatness_db": {
        "mean": 0.193226277828,
        "var": 0.00174820912071
    },
    "erbbands_kurtosis": {
        "mean": 1.15402841568,
        "var": 3.91368174553
    },
    "erbbands_skewness": {
        "mean": 0.423423618078,
        "var": 0.314516216516
    },
    "erbbands_spread": {
        "mean": 22.7600688934,
        "var": 98.1937026978
    },
    "hfc": {
        "mean": 23.688243866,
        "var": 298.182373047
    },
    "melbands_crest": {
        "mean": 9.84414386749,
        "var": 14.1031446457
    },
    "melbands_flatness_db": {
        "mean": 0.162788972259,
        "var": 0.00133626488969
    },
    "melbands_kurtosis": {
        "mean": 2.79064035416,
        "var": 11.7002191544
    },
    "melbands_skewness": {
        "mean": 1.03182399273,
        "var": 0.63275885582
    },
    "melbands_spread": {
        "mean": 26.4934577942,
        "var": 150.752883911
    },
    "pitch_salience": {
        "mean": 0.531225800514,
        "var": 0.0079497192055
    },
    "silence_rate_20dB": {
        "mean": 1,
        "var": 0
    },
    "silence_rate_30dB": {
        "mean": 0.998970687389,
        "var": 0.00102827860974
    },
    "silence_rate_60dB": {
        "mean": 0.031909417361,
        "var": 0.030891481787
    },
    "spectral_centroid": {
        "mean": 1483.70874023,
        "var": 348208.59375
    },
    "spectral_complexity": {
        "mean": 18.1662368774,
        "var": 48.9508209229
    },
    "spectral_decrease": {
        "mean": -5.110021295e-009,
        "var": 1.57034945337e-017
    },
    "spectral_energy": {
        "mean": 0.0214349962771,
        "var": 0.000268603325821
    },
    "spectral_energyband_high": {
        "mean": 0.000492437684443,
        "var": 3.55027566457e-007
    },
    "spectral_energyband_low": {
        "mean": 0.00119696650654,
        "var": 1.01600662674e-005
    },
    "spectral_energyband_middle_high": {
        "mean": 0.0117669226602,
        "var": 9.24429259612e-005
    },
    "spectral_energyband_middle_low": {
        "mean": 0.00855962000787,
        "var": 6.98784133419e-005
    },
    "spectral_entropy": {
        "mean": 7.28976964951,
        "var": 0.104351103306
    },
    "spectral_flux": {
        "mean": 0.0761275216937,
        "var": 0.00130814383738
    },
    "spectral_kurtosis": {
        "mean": 6.73805809021,
        "var": 8.71100711823
    },
    "spectral_rms": {
        "mean": 0.00426115002483,
        "var": 2.75478669209e-006
    },
    "spectral_rolloff": {
        "mean": 1860.54260254,
        "var": 916185.4375
    },
    "spectral_skewness": {
        "mean": 1.98883056641,
        "var": 0.181402951479
    },
    "spectral_spread": {
        "mean": 3913753.5,
        "var": 2.70085914624e+012
    },
    "spectral_strongpeak": {
        "mean": 1.93952953815,
        "var": 2.36500573158
    },
    "zerocrossingrate": {
        "mean": 0.0730172693729,
        "var": 0.000660912250169
    },
    "barkbands": {
        "mean": [3.33592761308e-005, 0.000489572994411, 0.000370546826161, 0.000515394029208, 0.0013137498172, 0.00223654462025, 0.0015598781174, 0.00052177492762, 0.00197926675901, 0.00264839362353, 0.00143085047603, 0.00245357723907, 0.000827542098705, 0.00190581264906, 0.00104319665115, 0.000721331045497, 0.000182701536687, 0.000140113072121, 0.000495613669045, 0.000152833366883, 0.000158922892297, 5.19828099641e-005, 7.74813597673e-005, 4.18087583967e-005, 6.48389614071e-005, 1.74064425664e-005, 5.20934804626e-007],
        "var": [2.77300831186e-008, 4.52207996204e-006, 9.17974546155e-007, 1.01277385056e-006, 3.07685104417e-006, 1.16935489132e-005, 6.16775514573e-006, 9.44425721627e-007, 1.29198497234e-005, 1.16421433631e-005, 9.27318069444e-006, 1.78511982085e-005, 1.80686197382e-006, 4.85892860524e-006, 1.88257104128e-006, 1.00818579085e-006, 7.84940397125e-008, 4.76144492723e-008, 9.04354862996e-007, 5.27271062367e-008, 8.51055688145e-008, 4.14314493824e-009, 7.34330374286e-009, 1.69529179583e-009, 3.98410948677e-009, 6.39424735382e-010, 1.44916186256e-012]
    },
    "erbbands": {
        "mean": [0.0141574982554, 0.109796307981, 0.333028763533, 1.3637291193, 2.77511191368, 4.42320585251, 15.5372200012, 14.3070392609, 14.044216156, 24.0620326996, 12.6145114899, 30.606294632, 89.3377456665, 91.73097229, 68.3021316528, 64.367980957, 39.184589386, 74.5716171265, 71.991065979, 40.151638031, 49.0042991638, 12.1854066849, 8.35374641418, 28.4313697815, 11.2825536728, 6.12092065811, 10.1974725723, 2.77547049522, 2.18313646317, 1.31035137177, 1.93971133232, 1.39370441437, 0.783103108406, 0.960253715515, 0.275570452213, 0.0658660978079, 0.0345633663237, 0.00514606479555, 0.000115087706945, 3.05018693325e-005],
        "var": [0.00465416070074, 0.236500576138, 1.10669744015, 5.8397192955, 22.3544235229, 41.3021697998, 562.642700195, 476.30368042, 396.770690918, 1619.53308105, 382.285858154, 2212.98217773, 10316.9091797, 17715.890625, 8022.42041016, 10878.046875, 3433.56665039, 8792.44628906, 6045.78466797, 2082.89331055, 4700.94140625, 193.743911743, 130.860946655, 2866.15161133, 277.6512146, 76.7627487183, 449.702972412, 15.5091991425, 8.04781150818, 2.85130834579, 6.54929351807, 1.54700469971, 0.611665666103, 1.03537845612, 0.0846783742309, 0.00979872979224, 0.00318015599623, 7.12492110324e-005, 2.97527336102e-008, 5.1166176851e-010]
    },
    "gfcc": {
        "mean": [-1.77230679989, 69.723449707, -152.268859863, -5.9253821373, -69.2579116821, 13.4563560486, -50.9601364136, 3.15184020996, -37.2403182983, 0.964273989201, -18.4545021057, -3.6622402668, -5.64944982529],
        "cov": [[4898.32617188, 382.198577881, -118.540481567, 170.377090454, -96.2538070679, -10.7630710602, -56.5614356995, -53.2314949036, -126.84375, 1.41839087009, -191.014862061, 46.1673240662, -96.483581543], [382.198577881, 586.624755859, 219.24899292, 157.314300537, 125.985671997, 0.746616065502, 9.53798103333, -7.76691198349, 52.9806632996, -22.6953983307, 3.41406393051, -20.8382339478, 4.83422994614], [-118.540481567, 219.24899292, 585.310119629, 189.721328735, 97.281791687, 67.326751709, -12.3115282059, -4.54263973236, 10.9511184692, 71.0163726807, -2.89669895172, 20.4335823059, -52.8453941345], [170.377090454, 157.314300537, 189.721328735, 437.619842529, 105.551643372, -7.54442548752, 25.510974884, -5.08606290817, -30.3533840179, 8.15878868103, 46.4148826599, -26.3957500458, -68.6409988403], [-96.2538070679, 125.985671997, 97.281791687, 105.551643372, 256.88949585, 98.2191925049, 76.3815917969, 9.63854789734, -18.4358310699, -4.63381767273, 0.0845851749182, 18.8885173798, 27.7904415131], [-10.7630710602, 0.746616065502, 67.326751709, -7.54442548752, 98.2191925049, 179.788879395, 60.8295249939, 24.2764606476, 2.39239382744, -7.7872595787, -2.00528311729, -3.86466622353, 11.2851934433], [-56.5614356995, 9.53798103333, -12.3115282059, 25.510974884, 76.3815917969, 60.8295249939, 122.357727051, 25.2453174591, 1.91340875626, -3.52271008492, 1.68810260296, -3.71817946434, 0.892824947834], [-53.2314949036, -7.76691198349, -4.54263973236, -5.08606290817, 9.63854789734, 24.2764606476, 25.2453174591, 72.4630126953, 29.7151985168, 11.0408620834, 14.2355222702, -6.38463544846, 8.44998168945], [-126.84375, 52.9806632996, 10.9511184692, -30.3533840179, -18.4358310699, 2.39239382744, 1.91340875626, 29.7151985168, 105.707336426, 27.6179504395, 10.9340629578, -6.84382724762, 9.06964492798], [1.41839087009, -22.6953983307, 71.0163726807, 8.15878868103, -4.63381767273, -7.7872595787, -3.52271008492, 11.0408620834, 27.6179504395, 99.8085403442, 21.8956413269, 11.2222824097, 2.96112680435], [-191.014862061, 3.41406393051, -2.89669895172, 46.4148826599, 0.0845851749182, -2.00528311729, 1.68810260296, 14.2355222702, 10.9340629578, 21.8956413269, 93.4979095459, 21.907749176, 3.47479367256], [46.1673240662, -20.8382339478, 20.4335823059, -26.3957500458, 18.8885173798, -3.86466622353, -3.71817946434, -6.38463544846, -6.84382724762, 11.2222824097, 21.907749176, 90.9031143188, 37.4096336365], [-96.483581543, 4.83422994614, -52.8453941345, -68.6409988403, 27.7904415131, 11.2851934433, 0.892824947834, 8.44998168945, 9.06964492798, 2.96112680435, 3.47479367256, 37.4096336365, 91.4181442261]],
        "icov": [[0.000471828010632, -0.000931699178182, 0.00092155195307, -0.000520319619682, 0.000826008501463, -0.00103111611679, 0.000458244554466, -0.000543838657904, 0.00103797391057, -0.00133888085838, 0.00189467612654, -0.00175197783392, 0.00119656231254], [-0.000931699178182, 0.00484697520733, -0.00317865959369, 0.000646177155431, -0.00304951798171, 0.00345809292048, -0.00106183311436, 0.00212251604535, -0.00437491899356, 0.00490056909621, -0.00441637961194, 0.00511986808851, -0.00392954749987], [0.00092155195307, -0.00317865959369, 0.00536015955731, -0.00205031433143, 0.00159216532484, -0.00422402750701, 0.0025522611104, -0.00148043117952, 0.00239729695022, -0.00573817407712, 0.00556054711342, -0.00603931955993, 0.00505713419989], [-0.000520319619682, 0.000646177155431, -0.00205031433143, 0.00478140218183, -0.00279702106491, 0.00277605163865, -0.00101552694105, 0.000500925816596, 0.000131285167299, 0.00181563931983, -0.0048166597262, 0.00350137869827, 0.000971197499894], [0.000826008501463, -0.00304951798171, 0.00159216532484, -0.00279702106491, 0.00956264045089, -0.00519602233544, -0.00218956707977, -0.000896082201507, 0.00369016034529, -0.00304347416386, 0.00473050773144, -0.00481197191402, -0.000786258082371], [-0.00103111611679, 0.00345809292048, -0.00422402750701, 0.00277605163865, -0.00519602233544, 0.0119422581047, -0.00395974610001, 0.000153095679707, -0.00298776826821, 0.00558511447161, -0.00578862801194, 0.00657462654635, -0.0038535236381], [0.000458244554466, -0.00106183311436, 0.0025522611104, -0.00101552694105, -0.00218956707977, -0.00395974610001, 0.0128243099898, -0.0037348147016, 0.000868099741638, -0.00217224960215, 0.0026910007, -0.00257748109289, 0.00356373866089], [-0.000543838657904, 0.00212251604535, -0.00148043117952, 0.000500925816596, -0.000896082201507, 0.000153095679707, -0.0037348147016, 0.0190439354628, -0.00613833591342, 0.00159765616991, -0.00493151973933, 0.00472108507529, -0.00382342166267], [0.00103797391057, -0.00437491899356, 0.00239729695022, 0.000131285167299, 0.00369016034529, -0.00298776826821, 0.000868099741638, -0.00613833591342, 0.0161887239665, -0.00705863954499, 0.00352760683745, -0.0030485407915, 0.00235311291181], [-0.00133888085838, 0.00490056909621, -0.00573817407712, 0.00181563931983, -0.00304347416386, 0.00558511447161, -0.00217224960215, 0.00159765616991, -0.00705863954499, 0.0184906367213, -0.00880606099963, 0.00612019980326, -0.00558509025723], [0.00189467612654, -0.00441637961194, 0.00556054711342, -0.0048166597262, 0.00473050773144, -0.00578862801194, 0.0026910007, -0.00493151973933, 0.00352760683745, -0.00880606099963, 0.02221769467, -0.0124443741515, 0.00572025123984], [-0.00175197783392, 0.00511986808851, -0.00603931955993, 0.00350137869827, -0.00481197191402, 0.00657462654635, -0.00257748109289, 0.00472108507529, -0.0030485407915, 0.00612019980326, -0.0124443741515, 0.0238683968782, -0.0119319921359], [0.00119656231254, -0.00392954749987, 0.00505713419989, 0.000971197499894, -0.000786258082371, -0.0038535236381, 0.00356373866089, -0.00382342166267, 0.00235311291181, -0.00558509025723, 0.00572025123984, -0.0119319921359, 0.0217080581933]]
    },
    "melbands": {
        "mean": [0.000133721216116, 0.0001709357457, 0.0002584377944, 0.000263687048573, 0.000458491034806, 0.000350396439899, 0.000257042091107, 0.000237910935539, 8.89874208951e-005, 0.000247177493293, 0.000467195815872, 0.000387577572837, 0.00019073401927, 0.000328040739987, 5.18932756677e-005, 0.000114585054689, 0.000141087351949, 0.000123755511595, 0.000103409503936, 2.26483189181e-005, 6.12518342678e-005, 1.04510081655e-005, 6.64002618578e-006, 7.99996905698e-006, 2.59953758359e-005, 1.38902041726e-005, 4.64516097054e-006, 3.34842548e-006, 9.12725317903e-006, 1.8132269588e-006, 1.27452301513e-006, 1.41102714224e-006, 7.75063142555e-007, 7.58532166856e-007, 9.06553793811e-007, 1.56660871653e-006, 6.05747516147e-007, 5.41652354968e-007, 6.26773896784e-007, 9.22502636058e-007],
        "var": [3.52010488314e-007, 3.37402013884e-007, 1.97818607717e-007, 1.72781156493e-007, 4.34259249005e-007, 2.70824870086e-007, 1.43425879173e-007, 1.48525757027e-007, 1.93596569886e-008, 1.85732375257e-007, 2.88731655473e-007, 2.71065488278e-007, 5.99066183327e-008, 3.49960174617e-007, 8.86393980437e-009, 2.7326695573e-008, 3.63620387134e-008, 2.73051767863e-008, 1.99216572128e-008, 6.6605498894e-010, 7.71757946438e-009, 2.19206819363e-010, 1.21246609974e-010, 1.68268260436e-010, 2.56005550092e-009, 6.06716676899e-010, 4.36482829047e-011, 2.99332225673e-011, 4.20583790017e-010, 7.31729433989e-012, 2.85373591077e-012, 3.8547329391e-012, 1.68448360729e-012, 1.1672906565e-012, 2.30166948868e-012, 3.70753254486e-012, 3.96022895467e-013, 3.32809978578e-013, 8.33884773298e-013, 1.21024718025e-012]
    },
    "mfcc": {
        "mean": [-641.483581543, 115.888038635, -29.2173614502, -16.3931655884, -8.0790977478, -5.93713474274, -0.130751624703, -11.4239807129, -8.7376241684, 0.130702540278, -12.7928800583, -13.8979606628, -6.17948579788],
        "cov": [[2871.47753906, 153.029067993, 54.3519020081, 224.172180176, -22.8387584686, 46.3173027039, -44.2820930481, 18.7430438995, 57.9219741821, -152.907440186, 98.1449661255, -93.2753143311, 28.3195266724], [153.029067993, 512.053588867, 115.831993103, 45.4557037354, 98.7741165161, 37.0702819824, -22.981212616, 27.3653182983, 50.9572715759, 5.03060913086, -26.0495433807, 24.7185287476, -11.9529953003], [54.3519020081, 115.831993103, 406.344787598, 132.435241699, 110.241073608, 62.8342437744, 5.95489454269, -10.6674938202, 4.0683465004, -7.32720088959, 65.8802108765, 61.7733306885, -15.5776777267], [224.172180176, 45.4557037354, 132.435241699, 365.375488281, 118.793968201, 51.5378761292, 32.3662834167, -2.34401273727, -30.4961719513, -38.9229011536, 70.4387817383, 35.7356338501, 24.6778831482], [-22.8387584686, 98.7741165161, 110.241073608, 118.793968201, 188.570358276, 85.0054473877, 64.8597793579, 23.0083007813, 21.3674106598, 0.235137760639, -6.74547529221, 27.183057785, 14.5387544632], [46.3173027039, 37.0702819824, 62.8342437744, 51.5378761292, 85.0054473877, 149.733413696, 89.0133590698, 44.6109771729, 19.9628105164, 24.5062408447, 10.8266944885, -24.069480896, 0.590182244778], [-44.2820930481, -22.981212616, 5.95489454269, 32.3662834167, 64.8597793579, 89.0133590698, 169.18347168, 42.780456543, 16.2598991394, 13.7958030701, 6.40123748779, -31.5921039581, -0.213986113667], [18.7430438995, 27.3653182983, -10.6674938202, -2.34401273727, 23.0083007813, 44.6109771729, 42.780456543, 114.621261597, 0.0185944307595, 36.5891723633, -18.0881195068, -7.72009515762, -2.18519043922], [57.9219741821, 50.9572715759, 4.0683465004, -30.4961719513, 21.3674106598, 19.9628105164, 16.2598991394, 0.0185944307595, 117.184593201, -9.95807647705, -8.83532238007, -6.35482692719, 12.8974647522], [-152.907440186, 5.03060913086, -7.32720088959, -38.9229011536, 0.235137760639, 24.5062408447, 13.7958030701, 36.5891723633, -9.95807647705, 160.181945801, 8.86366844177, -5.28368473053, -41.2474632263], [98.1449661255, -26.0495433807, 65.8802108765, 70.4387817383, -6.74547529221, 10.8266944885, 6.40123748779, -18.0881195068, -8.83532238007, 8.86366844177, 133.451095581, 1.82042968273, -21.6010227203], [-93.2753143311, 24.7185287476, 61.7733306885, 35.7356338501, 27.183057785, -24.069480896, -31.5921039581, -7.72009515762, -6.35482692719, -5.28368473053, 1.82042968273, 138.606445313, 26.1528511047], [28.3195266724, -11.9529953003, -15.5776777267, 24.6778831482, 14.5387544632, 0.590182244778, -0.213986113667, -2.18519043922, 12.8974647522, -41.2474632263, -21.6010227203, 26.1528511047, 102.95400238]],
        "icov": [[0.00044181177509, -0.000135228096042, 1.54326608026e-005, -0.000317953963531, 0.000324805325363, -0.000231714235269, 0.000295176403597, -0.000283067201963, -0.000262257410213, 0.000419748888817, -0.000267628405709, 0.00036211265251, -5.57301391382e-005], [-0.000135228096042, 0.00258117681369, -0.000460225099232, -2.10037305806e-005, -0.00125777220819, -4.91849677928e-005, 0.00105996744242, -0.000609465816524, -0.000990755390376, -0.00010445863154, 0.000702795397956, -8.39343847474e-005, 0.000690480868798], [1.54326608026e-005, -0.000460225099232, 0.0038202572614, -0.000297364254948, -0.00144193263259, -0.00139351375401, 0.000761436996982, 0.000524562899955, 0.000106355713797, 0.000472362793516, -0.00159454520326, -0.00143907393795, 0.00102288986091], [-0.000317953963531, -2.10037305806e-005, -0.000297364254948, 0.00488827936351, -0.00311643164605, 7.68296449678e-005, -0.00011654519767, 6.9181631261e-005, 0.0019987989217, 0.00084307405632, -0.00243515986949, -0.000388788612327, -0.00101560156327], [0.000324805325363, -0.00125777220819, -0.00144193263259, -0.00311643164605, 0.0117903733626, -0.00379790435545, -0.00233499985188, 0.000417181523517, -0.00141886714846, -0.000159437273396, 0.0028499562759, -0.00166031147819, -0.000212174098124], [-0.000231714235269, -4.91849677928e-005, -0.00139351375401, 7.68296449678e-005, -0.00379790435545, 0.0136860013008, -0.00445313798264, -0.00243244459853, -0.000748496153392, -0.0016278331168, -0.000771573162638, 0.00255458545871, -0.00114347203635], [0.000295176403597, 0.00105996744242, 0.000761436996982, -0.00011654519767, -0.00233499985188, -0.00445313798264, 0.0102512165904, -0.00210638786666, -0.000864690984599, 0.0006649189163, -0.000931860355195, 0.00154478172772, 0.000303668668494], [-0.000283067201963, -0.000609465816524, 0.000524562899955, 6.9181631261e-005, 0.000417181523517, -0.00243244459853, -0.00210638786666, 0.0116439275444, 0.000958503456786, -0.00245243660174, 0.00188463099767, -0.000693818437867, -0.000263267225819], [-0.000262257410213, -0.000990755390376, 0.000106355713797, 0.0019987989217, -0.00141886714846, -0.000748496153392, -0.000864690984599, 0.000958503456786, 0.0103013319895, 0.000526252784766, -0.000552549317945, 0.000231701909797, -0.0015371410409], [0.000419748888817, -0.00010445863154, 0.000472362793516, 0.00084307405632, -0.000159437273396, -0.0016278331168, 0.0006649189163, -0.00245243660174, 0.000526252784766, 0.00846250075847, -0.00129542092327, -0.000549570133444, 0.00291527365334], [-0.000267628405709, 0.000702795397956, -0.00159454520326, -0.00243515986949, 0.0028499562759, -0.000771573162638, -0.000931860355195, 0.00188463099767, -0.000552549317945, -0.00129542092327, 0.0107924109325, -0.000369839370251, 0.00204622885212], [0.00036211265251, -8.39343847474e-005, -0.00143907393795, -0.000388788612327, -0.00166031147819, 0.00255458545871, 0.00154478172772, -0.000693818437867, 0.000231701909797, -0.000549570133444, -0.000369839370251, 0.009829768911, -0.00284940446727], [-5.57301391382e-005, 0.000690480868798, 0.00102288986091, -0.00101560156327, -0.000212174098124, -0.00114347203635, 0.000303668668494, -0.000263267225819, -0.0015371410409, 0.00291527365334, 0.00204622885212, -0.00284940446727, 0.0127520207316]]
    },
    "spectral_contrast_coeffs": {
        "mean": [-0.597104489803, -0.723943531513, -0.688559234142, -0.706648349762, -0.741675198078, -0.722980380058],
        "var": [0.00646926416084, 0.003755700076, 0.00647112587467, 0.00366077292711, 0.00227145291865, 0.00254519772716]
    },
    "spectral_contrast_valleys": {
        "mean": [-8.70014953613, -6.82157325745, -7.04906368256, -7.67269563675, -7.96984910965, -11.0262727737],
        "var": [1.68737828732, 1.3200032711, 1.05014264584, 1.01251018047, 1.08436632156, 0.999388158321]
    }
},
"metadata": {
    "audio_properties": {
        "analysis_sample_rate": 44100,
        "bit_rate": 110924,
        "equal_loudness": 0,
        "length": 45.0873451233,
        "lossless": 0,
        "replay_gain": -11.579668045,
        "sample_rate": 44100,
        "codec": "mp3",
        "downmix": "mix",
        "md5_encoded": "9be1ccc0be3e5ddcfb032af1e38c8725"
    },
    "tags": {
        "file_name": "224.mp3"
    },
    "version": {
        "essentia": "2.1-beta2",
        "essentia_git_sha": "v2.1_beta2",
        "extractor": "music 1.0"
    }
},
"rhythm": {
    "beats_count": 74,
    "beats_loudness": {
        "mean": 0.0370892994106,
        "var": 0.000330373819452
    },
    "bpm": 99.7698669434,
    "bpm_histogram_first_peak_bpm": {
        "mean": 99,
        "var": 0
    },
    "bpm_histogram_first_peak_spread": {
        "mean": 0.457142859697,
        "var": 0
    },
    "bpm_histogram_first_peak_weight": {
        "mean": 0.520547926426,
        "var": 0
    },
    "bpm_histogram_second_peak_bpm": {
        "mean": 94,
        "var": 0
    },
    "bpm_histogram_second_peak_spread": {
        "mean": 0,
        "var": 0
    },
    "bpm_histogram_second_peak_weight": {
        "mean": 0.0410958901048,
        "var": 0
    },
    "danceability": 1.59156548977,
    "onset_rate": 3.25907945633,
    "beats_loudness_band_ratio": {
        "mean": [0.121760770679, 0.181653901935, 0.18340267241, 0.319491386414, 0.158661216497, 0.0770215019584],
        "var": [0.011822514236, 0.0139143820852, 0.00948142725974, 0.0198595970869, 0.00694131851196, 0.00533543573692]
    },
    "beats_position": [0.626938760281, 1.25387752056, 1.88081634045, 2.51936507225, 3.14630389214, 3.7732424736, 4.41179132462, 5.05034017563, 5.67727899551, 6.28099775314, 6.87310647964, 7.47682523727, 8.06893444061, 8.67265319824, 9.27637195587, 9.86848068237, 10.4605894089, 11.0526981354, 11.6331968307, 12.2369155884, 12.840634346, 13.4559631348, 14.0596818924, 14.6750106812, 15.2671203613, 15.870839119, 16.4629478455, 17.0550556183, 17.6471652985, 18.2508831024, 18.8546028137, 19.458322525, 20.0504302979, 20.642539978, 21.246257782, 21.8499774933, 22.4536952972, 23.0574150085, 23.6611328125, 24.2532424927, 24.8453502655, 25.4490699768, 26.0527877808, 26.6565074921, 27.2486171722, 27.8523349762, 28.4560546875, 29.0597724915, 29.6634922028, 30.2555999756, 30.8593196869, 31.4630374908, 32.0551452637, 32.6472549438, 33.2509727478, 33.8546943665, 34.4584121704, 35.0505218506, 35.6426315308, 36.2579574585, 36.8500671387, 37.4537849426, 38.0575065613, 38.6844444275, 39.2649421692, 39.8686599731, 40.4723815918, 41.0644874573, 41.6565971375, 42.2603149414, 42.8524246216, 43.4445343018, 44.0482521057, 44.6519737244]
},
"tonal": {
    "chords_changes_rate": 0.0576131679118,
    "chords_number_rate": 0.00617283955216,
    "chords_strength": {
        "mean": 0.478943228722,
        "var": 0.00460643135011
    },
    "hpcp_entropy": {
        "mean": 2.07933616638,
        "var": 0.416401088238
    },
    "key_strength": 0.705493748188,
    "tuning_diatonic_strength": 0.608059823513,
    "tuning_equal_tempered_deviation": 0.0838657319546,
    "tuning_frequency": 441.527557373,
    "tuning_nontempered_energy_ratio": 0.705331385136,
    "hpcp": {
        "mean": [0.0525353737175, 0.11909276247, 0.275067180395, 0.4436596632, 0.326489984989, 0.0966150835156, 0.0373853966594, 0.0275765042752, 0.0369180589914, 0.0564389042556, 0.106192827225, 0.318624049425, 0.486192017794, 0.281198620796, 0.0696668103337, 0.0567757822573, 0.0502995438874, 0.100583717227, 0.275382965803, 0.281456589699, 0.116636112332, 0.0639168173075, 0.0757948979735, 0.0927599817514, 0.0924295932055, 0.116289824247, 0.227585405111, 0.316926211119, 0.192841663957, 0.0760340616107, 0.10430829972, 0.159532919526, 0.325077146292, 0.442983329296, 0.260025948286, 0.0603642761707],
        "var": [0.0117413643748, 0.0330790244043, 0.0651566386223, 0.119447603822, 0.0790287330747, 0.0140826152638, 0.00524386903271, 0.00427061505616, 0.00644253194332, 0.0152381649241, 0.0146331768483, 0.0455919355154, 0.12083850801, 0.0481544174254, 0.0122570814565, 0.0136228622869, 0.0115039171651, 0.0180341377854, 0.0866334214807, 0.102062538266, 0.0286271050572, 0.0279246922582, 0.0157615430653, 0.0229882095009, 0.0219920426607, 0.0391276404262, 0.0584243126214, 0.11951252073, 0.0484302453697, 0.0170035231858, 0.0432779639959, 0.0428755804896, 0.0763166993856, 0.131558701396, 0.0586521551013, 0.0134345302358]
    },
    "chords_histogram": [2.16049385071, 0, 0, 1.85185182095, 3.60082316399, 0, 0, 0, 0, 0, 0, 0, 0, 0, 0, 0, 0, 11.2139921188, 0, 0, 0, 9.36213970184, 71.8106994629, 0],
    "thpcp": [1, 0.578369498253, 0.143290728331, 0.116776458919, 0.103456132114, 0.206880643964, 0.566407859325, 0.578900039196, 0.239897221327, 0.131464138627, 0.155894979835, 0.190788775682, 0.190109238029, 0.239184975624, 0.468097776175, 0.651853978634, 0.396636843681, 0.156386896968, 0.214541360736, 0.328127384186, 0.668618857861, 0.911128342152, 0.534821510315, 0.124157272279, 0.108054786921, 0.244950056076, 0.565758347511, 0.912519454956, 0.671524763107, 0.198717951775, 0.0768943056464, 0.0567193701863, 0.0759330838919, 0.116083569825, 0.218417465687, 0.655346095562],
    "chords_key": "F#",
    "chords_scale": "major",
    "key_key": "C#",
    "key_scale": "major"
}
}