{
"lowlevel": {
    "average_loudness": 0.670629918575,
    "barkbands_crest": {
        "mean": 11.2154140472,
        "var": 24.5345439911
    },
    "barkbands_flatness_db": {
        "mean": 0.37503656745,
        "var": 0.0200163740665
    },
    "barkbands_kurtosis": {
        "mean": 4.62965679169,
        "var": 68.4002685547
    },
    "barkbands_skewness": {
        "mean": 0.59909683466,
        "var": 2.40011525154
    },
    "barkbands_spread": {
        "mean": 7.03417778015,
        "var": 50.8325195313
    },
    "dissonance": {
        "mean": 0.366585165262,
        "var": 0.00983499828726
    },
    "dynamic_complexity": 2.60148024559,
    "erbbands_crest": {
        "mean": 14.7623271942,
        "var": 53.1891937256
    },
    "erbbands_flatness_db": {
        "mean": 0.395203024149,
        "var": 0.0156213659793
    },
    "erbbands_kurtosis": {
        "mean": 4.17791700363,
        "var": 59.5720787048
    },
    "erbbands_skewness": {
        "mean": 0.170276165009,
        "var": 2.47098660469
    },
    "erbbands_spread": {
        "mean": 10.5982713699,
        "var": 66.8343582153
    },
    "hfc": {
        "mean": 11.8212203979,
        "var": 200.302261353
    },
    "melbands_crest": {
        "mean": 14.4129953384,
        "var": 29.0416984558
    },
    "melbands_flatness_db": {
        "mean": 0.472837567329,
        "var": 0.0246474184096
    },
    "melbands_kurtosis": {
        "mean": 5.03295278549,
        "var": 79.0766906738
    },
    "melbands_skewness": {
        "mean": 0.911318957806,
        "var": 2.30956912041
    },
    "melbands_spread": {
        "mean": 10.2387771606,
        "var": 113.920646667
    },
    "pitch_salience": {
        "mean": 0.539671719074,
        "var": 0.0159555114806
    },
    "silence_rate_20dB": {
        "mean": 1,
        "var": 0
    },
    "silence_rate_30dB": {
        "mean": 0.999485313892,
        "var": 0.000514399784151
    },
    "silence_rate_60dB": {
        "mean": 0.040658775717,
        "var": 0.0390071198344
    },
    "spectral_centroid": {
        "mean": 621.790039063,
        "var": 265165.75
    },
    "spectral_complexity": {
        "mean": 11.6911993027,
        "var": 60.8075141907
    },
    "spectral_decrease": {
        "mean": -5.824871252e-009,
        "var": 2.5302781613e-017
    },
    "spectral_energy": {
        "mean": 0.0230566076934,
        "var": 0.000403135549277
    },
    "spectral_energyband_high": {
        "mean": 1.99498026632e-005,
        "var": 2.45188402914e-009
    },
    "spectral_energyband_low": {
        "mean": 0.00542279938236,
        "var": 6.91154127708e-005
    },
    "spectral_energyband_middle_high": {
        "mean": 0.00508161820471,
        "var": 6.49755020277e-005
    },
    "spectral_energyband_middle_low": {
        "mean": 0.0128913959488,
        "var": 8.14161903691e-005
    },
    "spectral_entropy": {
        "mean": 5.590321064,
        "var": 1.02981221676
    },
    "spectral_flux": {
        "mean": 0.0537774078548,
        "var": 0.00143815891352
    },
    "spectral_kurtosis": {
        "mean": 154.570281982,
        "var": 19721.5566406
    },
    "spectral_rms": {
        "mean": 0.00433325348422,
        "var": 3.71714872927e-006
    },
    "spectral_rolloff": {
        "mean": 745.838317871,
        "var": 755737.4375
    },
    "spectral_skewness": {
        "mean": 8.4954624176,
        "var": 25.6848087311
    },
    "spectral_spread": {
        "mean": 1158268.75,
        "var": 3.06748902605e+012
    },
    "spectral_strongpeak": {
        "mean": 1.19222676754,
        "var": 1.54999566078
    },
    "zerocrossingrate": {
        "mean": 0.0276108849794,
        "var": 0.000575614336412
    },
    "barkbands": {
        "mean": [0.00140778929926, 0.00259404419921, 0.00108758220449, 0.00113304355182, 0.00353247462772, 0.0036073201336, 0.00187380076386, 0.00129225652199, 0.00136521435343, 0.00214196788147, 0.000136251794174, 0.000958622491453, 0.000305083784042, 0.000883969827555, 0.000332148105372, 6.97690047673e-005, 0.000104667160485, 0.000104052000097, 7.25752397557e-005, 3.76076277462e-005, 8.23995833343e-006, 4.78123956782e-006, 1.78277593932e-006, 8.13785675291e-007, 5.33751119747e-007, 2.23883418471e-007, 5.71868996602e-009],
        "var": [7.95465439296e-006, 2.26584015763e-005, 3.86411193176e-006, 4.80550761495e-006, 1.64723223861e-005, 1.21050525195e-005, 2.95923700833e-006, 2.814497293e-006, 3.80144911105e-006, 1.77268811967e-005, 4.33043432224e-008, 6.26982455287e-006, 6.84645442561e-007, 7.87472799857e-006, 1.20387380775e-006, 3.58153364743e-008, 7.34898577548e-008, 9.70513198695e-008, 6.1589865652e-008, 9.01774743767e-009, 4.43652697912e-010, 1.89718338262e-010, 2.24400532878e-011, 6.73630422277e-012, 4.51246028391e-012, 1.04233169405e-012, 7.35593057549e-016]
    },
    "erbbands": {
        "mean": [0.13912717998, 0.341553628445, 1.11267507076, 2.79805469513, 7.95522737503, 12.3806095123, 15.0676393509, 32.0948257446, 28.3075618744, 30.5017642975, 28.7288074493, 26.3632183075, 35.4258460999, 78.544090271, 19.6476039886, 34.2999000549, 17.1355018616, 44.60181427, 26.5262336731, 9.82773590088, 4.36547994614, 4.45676755905, 4.96123456955, 5.97782945633, 3.98693323135, 1.1963570118, 0.436389386654, 0.227278620005, 0.186768129468, 0.0833452939987, 0.041721470654, 0.019835870713, 0.0119253583252, 0.00725498050451, 0.00310794240795, 0.0013884085929, 0.000357715209248, 3.62382670573e-005, 1.21635375763e-005, 2.62049379671e-005],
        "var": [0.0764050036669, 0.454044282436, 4.1996049881, 21.030620575, 121.080604553, 256.510406494, 262.262756348, 1030.95739746, 966.457885742, 1145.2911377, 1736.33483887, 1072.13342285, 2141.93603516, 25752.5117188, 1453.99902344, 6952.35253906, 2044.77453613, 20209.71875, 6650.76953125, 713.774475098, 90.9417190552, 130.050582886, 197.82585144, 395.957214355, 117.272575378, 7.79390716553, 1.38907384872, 0.304726868868, 0.309731453657, 0.0526816286147, 0.0122598856688, 0.00340280518867, 0.00174710946158, 0.000815313658677, 0.000145988640725, 3.82239013561e-005, 2.59902390098e-006, 2.85896621932e-008, 1.50989984404e-010, 5.39452260639e-010]
    },
    "gfcc": {
        "mean": [-192.024597168, 227.645706177, -104.405921936, -42.2595672607, -51.8673057556, -19.4232788086, -26.2680568695, -19.8399410248, -7.99122524261, -9.1367521286, -0.3492166996, -12.3834123611, -0.880701005459],
        "cov": [[18986.3632813, -2385.57226563, -3987.64111328, 5514.71875, 1108.45593262, 1613.92578125, 799.067443848, 1363.16577148, -801.952758789, -339.734008789, 31.8736896515, 285.083404541, 22.1678256989], [-2385.57226563, 1576.41967773, 1002.75891113, -906.843383789, 46.979057312, -254.87008667, 121.866348267, -233.057067871, 54.3034362793, -341.124725342, -149.300369263, -113.110046387, -19.1821498871], [-3987.64111328, 1002.75891113, 1393.13659668, -1236.84729004, -168.258926392, -305.932373047, -102.971511841, -272.863220215, 95.5777053833, -87.5058288574, -121.352119446, -65.4889526367, -40.0859794617], [5514.71875, -906.843383789, -1236.84729004, 2236.20751953, 557.995727539, 508.36807251, 108.026420593, 320.874267578, -125.410835266, 87.4890594482, 143.835891724, 47.9827728271, -39.4127388], [1108.45593262, 46.979057312, -168.258926392, 557.995727539, 469.430633545, 197.912445068, -62.589969635, -25.1182289124, -5.80437660217, 102.508338928, 87.2753295898, 4.2250328064, -37.3339805603], [1613.92578125, -254.87008667, -305.932373047, 508.36807251, 197.912445068, 351.846282959, 161.154785156, 146.315383911, -126.600418091, -83.1531295776, -21.434223175, 72.2120666504, 26.2193889618], [799.067443848, 121.866348267, -102.971511841, 108.026420593, -62.589969635, 161.154785156, 492.694519043, 288.928863525, -171.539031982, -424.048583984, -185.690505981, 57.0338134766, 70.3885269165], [1363.16577148, -233.057067871, -272.863220215, 320.874267578, -25.1182289124, 146.315383911, 288.928863525, 362.371307373, -88.5137252808, -213.948669434, -114.361572266, 65.1656417847, 32.2518157959], [-801.952758789, 54.3034362793, 95.5777053833, -125.410835266, -5.80437660217, -126.600418091, -171.539031982, -88.5137252808, 219.844589233, 220.699890137, 94.3338699341, -36.1512680054, -22.2020454407], [-339.734008789, -341.124725342, -87.5058288574, 87.4890594482, 102.508338928, -83.1531295776, -424.048583984, -213.948669434, 220.699890137, 584.398376465, 263.28213501, -52.7332878113, -68.4418945313], [31.8736896515, -149.300369263, -121.352119446, 143.835891724, 87.2753295898, -21.434223175, -185.690505981, -114.361572266, 94.3338699341, 263.28213501, 196.61491394, 0.302062660456, -34.3730278015], [285.083404541, -113.110046387, -65.4889526367, 47.9827728271, 4.2250328064, 72.2120666504, 57.0338134766, 65.1656417847, -36.1512680054, -52.7332878113, 0.302062660456, 113.356948853, 47.0544128418], [22.1678256989, -19.1821498871, -40.0859794617, -39.4127388, -37.3339805603, 26.2193889618, 70.3885269165, 32.2518157959, -22.2020454407, -68.4418945313, -34.3730278015, 47.0544128418, 93.7616729736]],
        "icov": [[0.000908605346922, -0.00218587764539, 0.00194050488062, -0.0017244493356, 0.00185064680409, -0.00152302824426, 0.00180998549331, -0.00237204111181, 0.00300537911244, -0.00227345409803, 0.00169180170633, -0.00158476247452, 0.000530322373379], [-0.00218587764539, 0.00895182602108, -0.00610261317343, 0.0047919973731, -0.00757487397641, 0.00536003382877, -0.0063429013826, 0.00784437451512, -0.00973204057664, 0.00929916556925, -0.00564222270623, 0.00625229114667, -0.00142077007331], [0.00194050488062, -0.00610261317343, 0.00664864992723, -0.00301499338821, 0.00441700033844, -0.00356768723577, 0.00437677558511, -0.00475553097203, 0.00658190250397, -0.00612047407776, 0.00591669976711, -0.00514549668878, 0.00281655695289], [-0.0017244493356, 0.0047919973731, -0.00301499338821, 0.00493970979005, -0.00516792666167, 0.00246155261993, -0.00328758219257, 0.00385011825711, -0.00603510718793, 0.00543461181223, -0.00435246992856, 0.004215054214, -0.000599918537773], [0.00185064680409, -0.00757487397641, 0.00441700033844, -0.00516792666167, 0.0109639139846, -0.00722285080701, 0.00608527939767, -0.00569385569543, 0.00737849948928, -0.00717172399163, 0.00361118209548, -0.00478498730808, 0.00174178322777], [-0.00152302824426, 0.00536003382877, -0.00356768723577, 0.00246155261993, -0.00722285080701, 0.0116871315986, -0.007084867917, 0.00527791446075, -0.00299464911222, 0.00247719045728, -0.000863102381118, 2.1457725552e-007, -0.000892218551598], [0.00180998549331, -0.0063429013826, 0.00437677558511, -0.00328758219257, 0.00608527939767, -0.007084867917, 0.0149264344946, -0.0111394533888, 0.00715354736894, 4.52675558336e-005, 0.000288754090434, -0.000623893400189, -0.00205999822356], [-0.00237204111181, 0.00784437451512, -0.00475553097203, 0.00385011825711, -0.00569385569543, 0.00527791446075, -0.0111394533888, 0.0168282687664, -0.0114261852577, 0.00598298478872, 0.00084611098282, 0.000345119682606, 0.00238054827787], [0.00300537911244, -0.00973204057664, 0.00658190250397, -0.00603510718793, 0.00737849948928, -0.00299464911222, 0.00715354736894, -0.0114261852577, 0.0217993631959, -0.0138768460602, 0.00518952356651, -0.00570660317317, -0.000290255178697], [-0.00227345409803, 0.00929916556925, -0.00612047407776, 0.00543461181223, -0.00717172399163, 0.00247719045728, 4.52675558336e-005, 0.00598298478872, -0.0138768460602, 0.0202117655426, -0.0142103545368, 0.0104467580095, -0.00251708831638], [0.00169180170633, -0.00564222270623, 0.00591669976711, -0.00435246992856, 0.00361118209548, -0.000863102381118, 0.000288754090434, 0.00084611098282, 0.00518952356651, -0.0142103545368, 0.0240821745247, -0.0124557446688, 0.00625251373276], [-0.00158476247452, 0.00625229114667, -0.00514549668878, 0.004215054214, -0.00478498730808, 2.1457725552e-007, -0.000623893400189, 0.000345119682606, -0.00570660317317, 0.0104467580095, -0.0124557446688, 0.0215790625662, -0.009451309219], [0.000530322373379, -0.00142077007331, 0.00281655695289, -0.000599918537773, 0.00174178322777, -0.000892218551598, -0.00205999822356, 0.00238054827787, -0.000290255178697, -0.00251708831638, 0.00625251373276, -0.009451309219, 0.0180011708289]]
    },
    "melbands": {
        "mean": [0.00102874927688, 0.000539094326086, 0.000590780866332, 0.00082587992074, 0.000516513711773, 0.000748903432395, 0.000411346642068, 0.000314047327265, 0.000207697579754, 0.000184390708455, 0.000178990914719, 0.000341090664733, 3.91211251554e-005, 0.000129323612782, 3.78228141926e-005, 3.18470411003e-005, 9.49661043705e-005, 4.58573449578e-005, 1.66577501659e-005, 8.18995704321e-006, 5.03293949805e-006, 4.74838816444e-006, 4.26155520472e-006, 6.13423799223e-006, 4.6393138291e-006, 2.42367354986e-006, 2.43836893787e-006, 4.16413683979e-007, 3.18555265721e-007, 1.09900398115e-007, 1.56636303927e-007, 1.32070198333e-007, 4.88750124816e-008, 4.5264549442e-008, 2.52850682614e-008, 1.68240674725e-008, 9.49815781581e-009, 7.94843746377e-009, 8.27431545503e-009, 5.4409845518e-009],
        "var": [3.80618030249e-006, 9.46073214436e-007, 8.75534226452e-007, 1.16486512525e-006, 2.79177584162e-007, 5.31311684426e-007, 1.78090928671e-007, 1.07162705376e-007, 9.84632322343e-008, 6.03132761512e-008, 5.60865167643e-008, 4.99101815876e-007, 3.69996544514e-009, 1.23421358467e-007, 8.6501161789e-009, 5.52438539358e-009, 9.99467602014e-008, 1.89058209088e-008, 2.63003685497e-009, 5.08863284843e-010, 1.23084958892e-010, 1.36256075867e-010, 1.83790399566e-010, 3.29287735967e-010, 2.74826772451e-010, 4.49514835077e-011, 4.0981530669e-011, 1.26058896394e-012, 8.06963003364e-013, 1.16971983857e-013, 1.51561258661e-013, 1.84152538596e-013, 1.64299234889e-014, 1.7904067443e-014, 4.9979289167e-015, 2.14945600618e-015, 9.70683875686e-016, 8.77410513358e-016, 8.66773791244e-016, 5.55308712171e-016]
    },
    "mfcc": {
        "mean": [-815.662597656, 231.460281372, 23.8930263519, -10.5698852539, -14.0514669418, -8.38695430756, -12.366402626, -11.9476976395, -11.03855896, -1.79522013664, -1.36969459057, -5.57658433914, -5.22023105621],
        "cov": [[14339.2128906, -519.016967773, -4668.57324219, 2443.24267578, 1184.93554688, 1216.86108398, 1320.11584473, 1599.14794922, 409.422119141, 488.107696533, 221.466522217, -77.6540527344, 247.334533691], [-519.016967773, 1586.77648926, 636.166992188, -357.884307861, 42.4940109253, -29.0145072937, 179.944793701, 383.630981445, 333.359558105, -98.2448196411, -273.226806641, -126.459564209, -123.384513855], [-4668.57324219, 636.166992188, 1964.75793457, -907.690917969, -384.518768311, -386.312988281, -332.365142822, -340.217987061, 21.1421947479, -200.312774658, -176.541763306, -47.4756546021, -148.837081909], [2443.24267578, -357.884307861, -907.690917969, 739.144775391, 381.018829346, 308.908203125, 153.617614746, 91.1962203979, -75.9183502197, 141.499633789, 160.576980591, 82.5030670166, 109.244026184], [1184.93554688, 42.4940109253, -384.518768311, 381.018829346, 547.240722656, 345.453369141, 38.5877494812, -125.702804565, -152.383682251, 62.8250808716, 165.572906494, 112.087005615, 79.3644943237], [1216.86108398, -29.0145072937, -386.312988281, 308.908203125, 345.453369141, 409.972961426, 146.613876343, -48.4181785583, -125.864875793, 53.1543235779, 116.824989319, 37.139705658, 23.5287456512], [1320.11584473, 179.944793701, -332.365142822, 153.617614746, 38.5877494812, 146.613876343, 332.702301025, 376.93572998, 158.295516968, 10.028263092, -102.494529724, -114.374588013, -33.3561134338], [1599.14794922, 383.630981445, -340.217987061, 91.1962203979, -125.702804565, -48.4181785583, 376.93572998, 759.116943359, 460.908447266, -4.76141548157, -269.124694824, -204.637191772, -33.1118202209], [409.422119141, 333.359558105, 21.1421947479, -75.9183502197, -152.383682251, -125.864875793, 158.295516968, 460.908447266, 390.404754639, 15.9112548828, -214.623092651, -150.829025269, -34.0379295349], [488.107696533, -98.2448196411, -200.312774658, 141.499633789, 62.8250808716, 53.1543235779, 10.028263092, -4.76141548157, 15.9112548828, 111.455711365, 73.1061019897, 10.9282064438, 26.1042423248], [221.466522217, -273.226806641, -176.541763306, 160.576980591, 165.572906494, 116.824989319, -102.494529724, -269.124694824, -214.623092651, 73.1061019897, 240.249435425, 152.322280884, 48.7083892822], [-77.6540527344, -126.459564209, -47.4756546021, 82.5030670166, 112.087005615, 37.139705658, -114.374588013, -204.637191772, -150.829025269, 10.9282064438, 152.322280884, 183.032424927, 84.2752151489], [247.334533691, -123.384513855, -148.837081909, 109.244026184, 79.3644943237, 23.5287456512, -33.3561134338, -33.1118202209, -34.0379295349, 26.1042423248, 48.7083892822, 84.2752151489, 135.056671143]],
        "icov": [[0.000691273366101, -0.000186146222404, 0.00116960552987, -0.000554379483219, -0.000157439208124, -0.000362492515706, -0.000222204951569, -0.000725627818611, -0.000378620461561, 0.000470221013529, -0.000954436429311, 0.000303125212668, 0.00019300194981], [-0.000186146222404, 0.00180560350418, -0.000927504501306, 0.00158213730901, -0.00181297166273, -0.000153343469719, 0.000290403870167, -0.00212590279989, 0.00171914685052, -0.00311165372841, 0.00367407477461, -0.00324568501674, 0.00206610816531], [0.00116960552987, -0.000927504501306, 0.00379829597659, -0.000332273892127, 0.000168272628798, -0.000223582290346, -0.0010042109061, 0.00193869520444, -0.00363093614578, 0.00357763655484, -0.00263161794282, 0.00141446979251, 9.25661879592e-005], [-0.000554379483219, 0.00158213730901, -0.000332273892127, 0.00721243442968, -0.00328197632916, -0.000800885958597, 0.00218450208195, -0.00569935888052, 0.00712498510256, -0.00951913557947, 0.00672439998016, -0.00542063824832, 0.00206376519054], [-0.000157439208124, -0.00181297166273, 0.000168272628798, -0.00328197632916, 0.00758659746498, -0.00397117575631, 0.00106140004937, 0.00350062618963, -0.00379995186813, 0.00540128163993, -0.00479223998263, 0.00300436629914, -0.00332182412967], [-0.000362492515706, -0.000153343469719, -0.000223582290346, -0.000800885958597, -0.00397117575631, 0.0107720093802, -0.00893852487206, 0.00650203088298, -0.00274646049365, 0.00285459728912, -0.00343444710597, 0.00287137087435, -0.00102838652674], [-0.000222204951569, 0.000290403870167, -0.0010042109061, 0.00218450208195, 0.00106140004937, -0.00893852487206, 0.0216769631952, -0.0187166854739, 0.015773743391, -0.0110721057281, 0.00863444712013, -0.00285107968375, 0.00427756039426], [-0.000725627818611, -0.00212590279989, 0.00193869520444, -0.00569935888052, 0.00350062618963, 0.00650203088298, -0.0187166854739, 0.0323084630072, -0.0313833914697, 0.0250269826502, -0.014845777303, 0.0109264953062, -0.00796886906028], [-0.000378620461561, 0.00171914685052, -0.00363093614578, 0.00712498510256, -0.00379995186813, -0.00274646049365, 0.015773743391, -0.0313833914697, 0.0430619940162, -0.0364627353847, 0.0275164991617, -0.0146328629926, 0.00851975753903], [0.000470221013529, -0.00311165372841, 0.00357763655484, -0.00951913557947, 0.00540128163993, 0.00285459728912, -0.0110721057281, 0.0250269826502, -0.0364627353847, 0.0514725260437, -0.0385059826076, 0.0256148576736, -0.013566210866], [-0.000954436429311, 0.00367407477461, -0.00263161794282, 0.00672439998016, -0.00479223998263, -0.00343444710597, 0.00863444712013, -0.014845777303, 0.0275164991617, -0.0385059826076, 0.0474742092192, -0.03060365282, 0.0150248054415], [0.000303125212668, -0.00324568501674, 0.00141446979251, -0.00542063824832, 0.00300436629914, 0.00287137087435, -0.00285107968375, 0.0109264953062, -0.0146328629926, 0.0256148576736, -0.03060365282, 0.0336293168366, -0.0164541248232], [0.00019300194981, 0.00206610816531, 9.25661879592e-005, 0.00206376519054, -0.00332182412967, -0.00102838652674, 0.00427756039426, -0.00796886906028, 0.00851975753903, -0.013566210866, 0.0150248054415, -0.0164541248232, 0.0182229783386]]
    },
    "spectral_contrast_coeffs": {
        "mean": [-0.585924863815, -0.676040351391, -0.697379350662, -0.735915005207, -0.794925868511, -0.819010198116],
        "var": [0.0102493865415, 0.0088417660445, 0.0138888424262, 0.00627639889717, 0.00458436878398, 0.0066848131828]
    },
    "spectral_contrast_valleys": {
        "mean": [-8.32513237, -6.71013784409, -8.19337272644, -9.73935317993, -10.9087715149, -13.8849840164],
        "var": [3.60866498947, 1.68995141983, 2.40294647217, 3.23270249367, 4.10881519318, 1.95281648636]
    }
},
"metadata": {
    "audio_properties": {
        "analysis_sample_rate": 44100,
        "bit_rate": 92379,
        "equal_loudness": 0,
        "length": 45.0873451233,
        "lossless": 0,
        "replay_gain": -7.40244674683,
        "sample_rate": 44100,
        "codec": "mp3",
        "downmix": "mix",
        "md5_encoded": "b28ea22db44d58b7dc881254bf27dc73"
    },
    "tags": {
        "file_name": "225.mp3"
    },
    "version": {
        "essentia": "2.1-beta2",
        "essentia_git_sha": "v2.1_beta2",
        "extractor": "music 1.0"
    }
},
"rhythm": {
    "beats_count": 74,
    "beats_loudness": {
        "mean": 0.02752051875,
        "var": 0.000381964462576
    },
    "bpm": 99.9371032715,
    "bpm_histogram_first_peak_bpm": {
        "mean": 99,
        "var": 0
    },
    "bpm_histogram_first_peak_spread": {
        "mean": 0.338028162718,
        "var": 0
    },
    "bpm_histogram_first_peak_weight": {
        "mean": 0.643835663795,
        "var": 0
    },
    "bpm_histogram_second_peak_bpm": {
        "mean": 91,
        "var": 0
    },
    "bpm_histogram_second_peak_spread": {
        "mean": 0.5,
        "var": 0
    },
    "bpm_histogram_second_peak_weight": {
        "mean": 0.0136986300349,
        "var": 0
    },
    "danceability": 0.939173877239,
    "onset_rate": 2.74915552139,
    "beats_loudness_band_ratio": {
        "mean": [0.260192126036, 0.4068749547, 0.299542576075, 0.127020865679, 0.0145549355075, 0.0013062962098],
        "var": [0.049661103636, 0.0465999916196, 0.0490043945611, 0.02922831662, 0.000831716577522, 7.14331963536e-006]
    },
    "beats_position": [0.650158703327, 1.31192743778, 1.95047616959, 2.55419492722, 3.15791368484, 3.75002264977, 4.3653512001, 4.96907043457, 5.5727891922, 6.17650794983, 6.78022670746, 7.38394546509, 7.97605419159, 8.56816291809, 9.16027164459, 9.76399040222, 10.3560991287, 10.9482088089, 11.5635375977, 12.1672563553, 12.7593650818, 13.3630838394, 13.966802597, 14.5705213547, 15.1742401123, 15.7779588699, 16.3700675964, 16.9737873077, 17.5775051117, 18.1696147919, 18.7617225647, 19.365442276, 19.96916008, 20.5728797913, 21.1765975952, 21.7803173065, 22.3724250793, 22.9645347595, 23.5682544708, 24.1719722748, 24.7756919861, 25.37940979, 25.9831295013, 26.5752372742, 27.1673469543, 27.7594547272, 28.3515644073, 28.9552822113, 29.5590019226, 30.1627197266, 30.7664394379, 31.3701572418, 31.9738769531, 32.5659866333, 33.1580963135, 33.750202179, 34.3423118591, 34.9460296631, 35.5613594055, 36.1766891479, 36.7804069519, 37.3725166321, 37.976234436, 38.57995224, 39.1836738586, 39.7757797241, 40.3795013428, 40.9832191467, 41.5753288269, 42.1674385071, 42.771156311, 43.374874115, 43.9785919189, 44.5823135376]
},
"tonal": {
    "chords_changes_rate": 0.0637860074639,
    "chords_number_rate": 0.00617283955216,
    "chords_strength": {
        "mean": 0.453419685364,
        "var": 0.00850152783096
    },
    "hpcp_entropy": {
        "mean": 1.70773732662,
        "var": 0.66825312376
    },
    "key_strength": 0.615638256073,
    "tuning_diatonic_strength": 0.462567716837,
    "tuning_equal_tempered_deviation": 0.29457834363,
    "tuning_frequency": 434.193115234,
    "tuning_nontempered_energy_ratio": 0.974239170551,
    "hpcp": {
        "mean": [0.24707685411, 0.416823089123, 0.219504371285, 0.0291018243879, 0.0143981119618, 0.0192854907364, 0.16334977746, 0.287827461958, 0.162940502167, 0.0344597548246, 0.0181401725858, 0.0244792178273, 0.134918257594, 0.248146682978, 0.154484704137, 0.113638706505, 0.178231030703, 0.115574456751, 0.0478310622275, 0.0331693477929, 0.0238585881889, 0.116991959512, 0.267476558685, 0.283469885588, 0.238677203655, 0.138052880764, 0.0430122762918, 0.16130527854, 0.248315706849, 0.154051214457, 0.187380179763, 0.370713591576, 0.258710682392, 0.0603110641241, 0.0484629496932, 0.049366556108],
        "var": [0.0643085241318, 0.167395949364, 0.0567904785275, 0.00352591788396, 0.0020881940145, 0.00244911434129, 0.037458140403, 0.114501670003, 0.0505001582205, 0.00934152305126, 0.00461754249409, 0.00467013102025, 0.0305698458105, 0.110729672015, 0.0486352443695, 0.0313220396638, 0.0790360569954, 0.031436227262, 0.0132758561522, 0.00857302173972, 0.00563595211133, 0.021586401388, 0.0916037037969, 0.0781556963921, 0.104659222066, 0.0390011146665, 0.00916168745607, 0.0444825738668, 0.106549106538, 0.0425593219697, 0.0438577383757, 0.143646284938, 0.0761186853051, 0.00781244365498, 0.00716954097152, 0.00628013210371]
    },
    "chords_histogram": [20.5761318207, 19.0329227448, 12.0370368958, 0, 0, 0, 0, 0, 0, 0, 0, 0, 0, 0, 0, 0, 0, 9.67078208923, 0, 0, 0.720164597034, 30.5555553436, 7.40740728378, 0],
    "thpcp": [1, 0.526612818241, 0.0698181688786, 0.0345425009727, 0.0462678074837, 0.39189234376, 0.690526664257, 0.390910446644, 0.0826723724604, 0.0435200743377, 0.0587280765176, 0.323682308197, 0.595328569412, 0.370624154806, 0.272630542517, 0.427593946457, 0.277274608612, 0.114751473069, 0.0795765593648, 0.0572391226888, 0.280675321817, 0.641702830791, 0.680072426796, 0.572610318661, 0.331202566624, 0.103190727532, 0.386987388134, 0.595734059811, 0.369584172964, 0.449543654919, 0.889378726482, 0.620672643185, 0.144692227244, 0.116267427802, 0.118435271084, 0.592761933804],
    "chords_key": "E",
    "chords_scale": "minor",
    "key_key": "D",
    "key_scale": "major"
}
}