{
"lowlevel": {
    "average_loudness": 0.321794033051,
    "barkbands_crest": {
        "mean": 14.8512325287,
        "var": 33.2807159424
    },
    "barkbands_flatness_db": {
        "mean": 0.283788830042,
        "var": 0.0163843259215
    },
    "barkbands_kurtosis": {
        "mean": 17.4931812286,
        "var": 455.878692627
    },
    "barkbands_skewness": {
        "mean": 1.12960863113,
        "var": 8.73033905029
    },
    "barkbands_spread": {
        "mean": 8.88961410522,
        "var": 134.058410645
    },
    "dissonance": {
        "mean": 0.402334213257,
        "var": 0.0064410394989
    },
    "dynamic_complexity": 12.7748270035,
    "erbbands_crest": {
        "mean": 16.3144702911,
        "var": 80.7380981445
    },
    "erbbands_flatness_db": {
        "mean": 0.285215348005,
        "var": 0.0281775016338
    },
    "erbbands_kurtosis": {
        "mean": 8.80940437317,
        "var": 301.007476807
    },
    "erbbands_skewness": {
        "mean": 0.592302441597,
        "var": 2.70795154572
    },
    "erbbands_spread": {
        "mean": 25.6378479004,
        "var": 737.003540039
    },
    "hfc": {
        "mean": 12.1561002731,
        "var": 246.790603638
    },
    "melbands_crest": {
        "mean": 18.3862285614,
        "var": 43.65574646
    },
    "melbands_flatness_db": {
        "mean": 0.374652683735,
        "var": 0.0178618188947
    },
    "melbands_kurtosis": {
        "mean": 25.8566837311,
        "var": 987.95300293
    },
    "melbands_skewness": {
        "mean": 1.69685482979,
        "var": 12.0997238159
    },
    "melbands_spread": {
        "mean": 8.90679550171,
        "var": 152.654006958
    },
    "pitch_salience": {
        "mean": 0.489285856485,
        "var": 0.0274978205562
    },
    "silence_rate_20dB": {
        "mean": 1,
        "var": 0
    },
    "silence_rate_30dB": {
        "mean": 0.922245085239,
        "var": 0.0717086642981
    },
    "silence_rate_60dB": {
        "mean": 0.435118436813,
        "var": 0.245791867375
    },
    "spectral_centroid": {
        "mean": 760.358276367,
        "var": 327163.5
    },
    "spectral_complexity": {
        "mean": 7.2507724762,
        "var": 46.6696510315
    },
    "spectral_decrease": {
        "mean": -8.65827320951e-009,
        "var": 1.26890233885e-016
    },
    "spectral_energy": {
        "mean": 0.0337809026241,
        "var": 0.0018868970219
    },
    "spectral_energyband_high": {
        "mean": 0.000401236349717,
        "var": 7.91954107626e-007
    },
    "spectral_energyband_low": {
        "mean": 0.017536945641,
        "var": 0.000957148615271
    },
    "spectral_energyband_middle_high": {
        "mean": 0.0018596991431,
        "var": 1.04006012407e-005
    },
    "spectral_energyband_middle_low": {
        "mean": 0.0158676411957,
        "var": 0.000502784911077
    },
    "spectral_entropy": {
        "mean": 6.37018013,
        "var": 1.29954624176
    },
    "spectral_flux": {
        "mean": 0.0728442519903,
        "var": 0.0052281091921
    },
    "spectral_kurtosis": {
        "mean": 66.4226455688,
        "var": 5615.20654297
    },
    "spectral_rms": {
        "mean": 0.0042109801434,
        "var": 1.5224623894e-005
    },
    "spectral_rolloff": {
        "mean": 849.306884766,
        "var": 1910997
    },
    "spectral_skewness": {
        "mean": 4.97353935242,
        "var": 12.463517189
    },
    "spectral_spread": {
        "mean": 3669930,
        "var": 1.11911884554e+013
    },
    "spectral_strongpeak": {
        "mean": 0.753569483757,
        "var": 0.757302761078
    },
    "zerocrossingrate": {
        "mean": 0.0458257719874,
        "var": 0.00159895617981
    },
    "barkbands": {
        "mean": [0.000299510691548, 0.00803032144904, 0.00740183563903, 0.00404795305803, 0.00557398190722, 0.00313894310966, 0.00148342933971, 0.000678243814036, 0.000781752343755, 0.000488313904498, 0.000217107517528, 0.000555599166546, 0.000303759006783, 0.00018656582688, 4.6124914661e-005, 3.22790729115e-005, 2.21040172619e-005, 3.17267622449e-005, 3.78754084522e-005, 4.00690842071e-005, 3.87427171518e-005, 4.50718944194e-005, 5.84708759561e-005, 5.03727387695e-005, 6.93491601851e-005, 0.000111772489618, 9.66417519521e-006],
        "var": [3.56984827476e-007, 0.000317662459565, 0.000218081462663, 6.52676608297e-005, 0.000153021115693, 3.58682991646e-005, 8.55195139593e-006, 3.78819618163e-006, 4.62858679384e-006, 2.24684004024e-006, 2.83900561726e-007, 4.36384243585e-006, 1.56711848831e-006, 2.79632644151e-007, 6.66482868894e-009, 3.26586446775e-009, 1.45064038559e-009, 4.45165326823e-009, 6.13124528925e-009, 6.89831791689e-009, 6.49147446907e-009, 1.10693960664e-008, 1.74081460358e-008, 1.44815235359e-008, 2.56585934721e-008, 8.7594337117e-008, 2.08511008459e-009]
    },
    "erbbands": {
        "mean": [0.237553834915, 1.80674862862, 7.32181692123, 11.8610677719, 19.1268882751, 18.1782226563, 19.7837619781, 22.0875072479, 24.3240680695, 18.7094535828, 11.6919221878, 20.7557010651, 12.5155982971, 13.9673376083, 11.4050207138, 28.7388572693, 16.0347175598, 11.7637271881, 3.81629896164, 2.05983090401, 1.74993848801, 1.26449596882, 1.6451215744, 1.66752028465, 2.24298858643, 1.98862802982, 1.29371511936, 1.7735875845, 1.79931426048, 1.33088243008, 1.71793079376, 1.09901642799, 0.83595263958, 0.597210943699, 0.615850627422, 0.640423834324, 0.140428632498, 0.0277598276734, 0.000994601636194, 6.0432281316e-005],
        "var": [0.256258189678, 17.9483375549, 220.362884521, 472.059692383, 1168.22302246, 2520.08154297, 1544.01818848, 1745.08764648, 2257.77612305, 2222.19165039, 823.300048828, 3535.18237305, 2798.69262695, 643.159362793, 741.656738281, 11638.6933594, 3404.34301758, 1022.67572021, 44.2778091431, 12.5156002045, 9.44887447357, 4.52011489868, 10.7978286743, 11.6454057693, 23.9081020355, 17.6311340332, 6.6399474144, 17.3490219116, 20.2759361267, 7.23834657669, 16.43567276, 5.78324985504, 4.32900333405, 2.26515889168, 2.08850812912, 3.08063340187, 0.156731590629, 0.0119227003306, 1.61373664014e-005, 9.57009582692e-009]
    },
    "gfcc": {
        "mean": [-230.930831909, 146.762115479, -94.5299911499, -17.4958553314, -38.658290863, 18.151556015, -22.4779949188, -6.94340848923, -25.7012901306, -8.4147644043, -14.3007545471, -1.16220903397, -7.2986497879],
        "cov": [[72701.3671875, -5163.32128906, 5057.86279297, 7046.15332031, -4225.27734375, -997.710571289, -4398.25097656, 1188.07495117, -1452.29394531, 2990.89575195, -712.190002441, 108.747055054, -2324.13183594], [-5163.32128906, 5389.63134766, -1652.88354492, -2306.34741211, 1500.0645752, 49.304901123, 997.605285645, -747.92401123, 552.134277344, -807.894165039, 502.745391846, -412.07131958, 543.106750488], [5057.86279297, -1652.88354492, 2141.8125, 1862.23876953, -759.063903809, -172.110290527, -661.42199707, 295.945068359, -183.067565918, 450.81060791, -190.807327271, 32.2501373291, -374.944732666], [7046.15332031, -2306.34741211, 1862.23876953, 2248.41064453, -923.643249512, -159.256820679, -846.687133789, 370.888061523, -301.017730713, 581.836669922, -178.03503418, 65.0801086426, -458.33026123], [-4225.27734375, 1500.0645752, -759.063903809, -923.643249512, 889.598022461, 178.83001709, 541.55291748, -223.034454346, 195.051773071, -288.819030762, 234.98526001, -77.3941574097, 210.762420654], [-997.710571289, 49.304901123, -172.110290527, -159.256820679, 178.83001709, 278.623840332, 205.522445679, 8.23566150665, 6.17549514771, -36.5671806335, 4.26639509201, 49.5534133911, 18.0007762909], [-4398.25097656, 997.605285645, -661.42199707, -846.687133789, 541.55291748, 205.522445679, 635.979064941, -73.2355575562, 155.471450806, -318.8465271, 82.5054092407, 6.65910577774, 232.895263672], [1188.07495117, -747.92401123, 295.945068359, 370.888061523, -223.034454346, 8.23566150665, -73.2355575562, 264.047271729, -46.2266349792, 90.8327713013, -101.645553589, 78.4967727661, -38.6118049622], [-1452.29394531, 552.134277344, -183.067565918, -301.017730713, 195.051773071, 6.17549514771, 155.471450806, -46.2266349792, 175.410293579, -68.4769744873, 33.2424621582, -59.8380851746, 84.3919754028], [2990.89575195, -807.894165039, 450.81060791, 581.836669922, -288.819030762, -36.5671806335, -318.8465271, 90.8327713013, -68.4769744873, 316.712890625, -44.4056854248, 24.6382865906, -199.684036255], [-712.190002441, 502.745391846, -190.807327271, -178.03503418, 234.98526001, 4.26639509201, 82.5054092407, -101.645553589, 33.2424621582, -44.4056854248, 181.55619812, -28.1939220428, 44.6734619141], [108.747055054, -412.07131958, 32.2501373291, 65.0801086426, -77.3941574097, 49.5534133911, 6.65910577774, 78.4967727661, -59.8380851746, 24.6382865906, -28.1939220428, 142.889846802, -1.98991453648], [-2324.13183594, 543.106750488, -374.944732666, -458.33026123, 210.762420654, 18.0007762909, 232.895263672, -38.6118049622, 84.3919754028, -199.684036255, 44.6734619141, -1.98991453648, 215.674850464]],
        "icov": [[5.77559731028e-005, -0.000223878902034, 8.67509661475e-005, -8.2526319602e-005, 6.66674095555e-005, 2.02908213396e-005, 0.000181000243174, -0.000373502407456, 0.000448927195976, -0.000513415609021, 0.000218323330046, -0.000124273414258, 0.00013504542585], [-0.000223878902034, 0.00172263919376, -0.000554622441996, 0.000690824876074, -0.000388900312828, -0.000118823329103, -0.000659176672343, 0.00222552171908, -0.00281432457268, 0.00318798446096, -0.0019073872827, 0.00147885305341, -0.000284801295493], [8.67509661475e-005, -0.000554622441996, 0.0021017040126, -0.00208208453842, 8.32408186398e-005, 0.000540804350749, -8.25380702736e-005, -0.000300324289128, -0.000137439084938, -0.000612767180428, 0.00137420662213, -0.000836658233311, 0.000663552200422], [-8.2526319602e-005, 0.000690824876074, -0.00208208453842, 0.00366401625797, 0.000279116036836, -0.000780839007348, 0.00105005002115, -0.00124216300901, 0.000565499009099, 0.000428698287578, -0.00224646506831, 0.00163999199867, 0.000630046997685], [6.66674095555e-005, -0.000388900312828, 8.32408186398e-005, 0.000279116036836, 0.0048661888577, -0.00139291735832, -0.00182561785914, 0.000154912864673, -0.000826814211905, -0.000126320781419, -0.00359378242865, 0.000777491659392, 0.000753752479795], [2.02908213396e-005, -0.000118823329103, 0.000540804350749, -0.000780839007348, -0.00139291735832, 0.00676923524588, -0.00334783294238, 0.000353266281309, 0.0018039799761, -0.00243019359186, 0.0021846506279, -0.00164718541782, 0.000849675852805], [0.000181000243174, -0.000659176672343, -8.25380702736e-005, 0.00105005002115, -0.00182561785914, -0.00334783294238, 0.00904098898172, -0.00354780163616, -0.0013293211814, 0.00331578636542, 0.000382707570679, -0.00183944997843, 0.000857658102177], [-0.000373502407456, 0.00222552171908, -0.000300324289128, -0.00124216300901, 0.000154912864673, 0.000353266281309, -0.00354780163616, 0.0114995231852, -0.00456117093563, 0.00236453698017, 0.000731217267457, -0.00107376277447, -0.00326942186803], [0.000448927195976, -0.00281432457268, -0.000137439084938, 0.000565499009099, -0.000826814211905, 0.0018039799761, -0.0013293211814, -0.00456117093563, 0.0176366697997, -0.0110839055851, 0.00452131824568, 0.00294451671652, -0.00390881020576], [-0.000513415609021, 0.00318798446096, -0.000612767180428, 0.000428698287578, -0.000126320781419, -0.00243019359186, 0.00331578636542, 0.00236453698017, -0.0110839055851, 0.0200823266059, -0.00601571146399, -0.000336841185344, 0.00762764969841], [0.000218323330046, -0.0019073872827, 0.00137420662213, -0.00224646506831, -0.00359378242865, 0.0021846506279, 0.000382707570679, 0.000731217267457, 0.00452131824568, -0.00601571146399, 0.0136184776202, -0.00249257939868, -0.00236458564177], [-0.000124273414258, 0.00147885305341, -0.000836658233311, 0.00163999199867, 0.000777491659392, -0.00164718541782, -0.00183944997843, -0.00107376277447, 0.00294451671652, -0.000336841185344, -0.00249257939868, 0.0132295181975, -0.00268644839525], [0.00013504542585, -0.000284801295493, 0.000663552200422, 0.000630046997685, 0.000753752479795, 0.000849675852805, 0.000857658102177, -0.00326942186803, -0.00390881020576, 0.00762764969841, -0.00236458564177, -0.00268644839525, 0.0160391721874]]
    },
    "melbands": {
        "mean": [0.00211451202631, 0.00342798884958, 0.00231955247, 0.00149938871618, 0.000633840390947, 0.000547906209249, 0.000338724174071, 0.000191647108295, 9.37789518503e-005, 0.000128804822452, 5.88439761486e-005, 5.75890589971e-005, 3.07131704176e-005, 6.51094014756e-005, 4.66941382911e-005, 3.13397649734e-005, 2.15724576265e-005, 6.28667430647e-006, 3.30062243847e-006, 2.32678507928e-006, 1.99185683414e-006, 1.28811188915e-006, 1.26433849346e-006, 1.5801281279e-006, 1.29802685933e-006, 1.413815653e-006, 1.71320550635e-006, 1.22050767004e-006, 7.43540567782e-007, 8.75864259342e-007, 1.03917341221e-006, 9.82861138255e-007, 8.99670112631e-007, 7.17022487606e-007, 1.00763611499e-006, 9.48773390519e-007, 5.89764283632e-007, 5.91935304328e-007, 5.36025822839e-007, 4.96380607728e-007],
        "var": [2.02682313102e-005, 4.72164283565e-005, 1.51334461407e-005, 1.20935183077e-005, 1.3640153611e-006, 1.05767458081e-006, 4.25595260367e-007, 2.57090164268e-007, 5.69857583343e-008, 1.43804825825e-007, 6.7966148265e-008, 1.19961480749e-008, 5.50507994745e-009, 5.02338544095e-008, 2.47154048338e-008, 1.78946155671e-008, 4.10388212302e-009, 1.3669393395e-010, 3.79156497865e-011, 1.62690538125e-011, 1.32206866982e-011, 4.8443029102e-012, 5.60845900971e-012, 1.1571680246e-011, 7.23877251543e-012, 9.23178981177e-012, 1.42572906606e-011, 6.67664361298e-012, 2.27776044553e-012, 3.2685974153e-012, 6.7724831819e-012, 6.38836726574e-012, 4.41400388462e-012, 2.056368964e-012, 6.40209109684e-012, 4.82154897605e-012, 1.97413678286e-012, 2.26956799708e-012, 1.78497223512e-012, 1.7061577845e-012]
    },
    "mfcc": {
        "mean": [-825.748474121, 141.990570068, 23.8178405762, -9.40360641479, -2.00881481171, 13.706495285, 9.77544975281, 5.01376676559, -2.88136434555, -3.66218447685, -6.92903614044, -6.29890346527, -2.97801136971],
        "cov": [[34026.5, 3633.7043457, 2651.83081055, 3730.56176758, 1058.34985352, -504.441955566, -1542.66784668, -1229.37854004, -1083.50183105, 339.561248779, 692.780761719, 342.300628662, -129.427810669], [3633.7043457, 4280.70507813, 172.816452026, -317.850585938, 251.615875244, 311.993164063, 67.4393310547, -50.4395675659, -64.8822860718, -21.4256439209, 49.8540115356, 73.6123962402, 36.5502281189], [2651.83081055, 172.816452026, 699.457519531, 772.785583496, 201.215179443, -51.015171051, -201.349029541, -117.40007782, -106.007247925, 58.1143569946, 103.871337891, 26.8806018829, -48.5050468445], [3730.56176758, -317.850585938, 772.785583496, 1285.02441406, 376.549224854, -182.343948364, -328.887084961, -229.156387329, -184.157318115, 84.6216506958, 163.56451416, 74.8477249146, -45.4065856934], [1058.34985352, 251.615875244, 201.215179443, 376.549224854, 266.059234619, 15.310338974, -43.9565963745, -109.037887573, -78.2801895142, 23.9484233856, 74.2460708618, 59.7720489502, 6.76131391525], [-504.441955566, 311.993164063, -51.015171051, -182.343948364, 15.310338974, 283.862731934, 143.743972778, 104.498428345, 1.14429724216, -7.03626012802, 40.8435821533, 47.5114364624, 15.1244325638], [-1542.66784668, 67.4393310547, -201.349029541, -328.887084961, -43.9565963745, 143.743972778, 315.672637939, 184.529998779, 101.281814575, -40.8489265442, -67.6356124878, 13.8781738281, 67.0209350586], [-1229.37854004, -50.4395675659, -117.40007782, -229.156387329, -109.037887573, 104.498428345, 184.529998779, 282.01776123, 160.060791016, -32.1313400269, -85.183013916, -7.46894979477, 63.8955574036], [-1083.50183105, -64.8822860718, -106.007247925, -184.157318115, -78.2801895142, 1.14429724216, 101.281814575, 160.060791016, 176.36126709, 30.002073288, -68.9685821533, -49.8532562256, 21.6329555511], [339.561248779, -21.4256439209, 58.1143569946, 84.6216506958, 23.9484233856, -7.03626012802, -40.8489265442, -32.1313400269, 30.002073288, 110.605415344, 69.7315063477, -24.5859031677, -59.0245666504], [692.780761719, 49.8540115356, 103.871337891, 163.56451416, 74.2460708618, 40.8435821533, -67.6356124878, -85.183013916, -68.9685821533, 69.7315063477, 149.53112793, 55.2035446167, -49.4220619202], [342.300628662, 73.6123962402, 26.8806018829, 74.8477249146, 59.7720489502, 47.5114364624, 13.8781738281, -7.46894979477, -49.8532562256, -24.5859031677, 55.2035446167, 121.210014343, 61.7735519409], [-129.427810669, 36.5502281189, -48.5050468445, -45.4065856934, 6.76131391525, 15.1244325638, 67.0209350586, 63.8955574036, 21.6329555511, -59.0245666504, -49.4220619202, 61.7735519409, 117.084281921]],
        "icov": [[7.48275488149e-005, -9.65941580944e-005, 2.1270923753e-005, -0.000238227017689, 0.000247062504059, 4.54982691735e-005, 7.71699924371e-005, -9.57436932367e-005, 0.000536107982043, -0.0005281305057, 0.000169536026078, 1.69796057889e-005, -0.000285464280751], [-9.65941580944e-005, 0.000522489717696, -0.000769668957219, 0.00130122364499, -0.00149674830027, -3.10343284582e-006, 0.000289807125228, -0.000234450460994, -0.000272968376521, 0.000376472366042, -3.81479330827e-005, -0.000137437018566, 0.000261411536485], [2.1270923753e-005, -0.000769668957219, 0.00641785701737, -0.00578410876915, 0.00385677884333, -0.00247921841219, -0.000385478866519, 0.0018051629886, -0.00212307251059, 0.00146419683006, -0.000287328264676, 0.00111483759247, 0.000433394336142], [-0.000238227017689, 0.00130122364499, -0.00578410876915, 0.00922953430563, -0.00926033966243, 0.00454251142219, 0.00258703832515, -0.00612806901336, 0.00527984788641, -0.00302496692166, -2.18276763917e-005, -0.00103917473461, 0.000363485567505], [0.000247062504059, -0.00149674830027, 0.00385677884333, -0.00926033966243, 0.0164159797132, -0.00529491528869, -0.00415585655719, 0.0100798485801, -0.00626494502649, 0.00213203439489, -0.00040683845873, -0.000674843380693, -0.00222242227755], [4.54982691735e-005, -3.10343284582e-006, -0.00247921841219, 0.00454251142219, -0.00529491528869, 0.0107003198937, -0.00111479556654, -0.00950988288969, 0.0099133066833, -0.00430521927774, -0.00302831921726, 3.95375318476e-005, 0.00023615254031], [7.71699924371e-005, 0.000289807125228, -0.000385478866519, 0.00258703832515, -0.00415585655719, -0.00111479556654, 0.00859676953405, -0.00479331519455, 0.00164164463058, -0.00184946740046, 0.00215895241126, -0.000910109141842, -0.000926879351027], [-9.57436932367e-005, -0.000234450460994, 0.0018051629886, -0.00612806901336, 0.0100798485801, -0.00950988288969, -0.00479331519455, 0.0239852759987, -0.0239509642124, 0.0135074518621, -0.00136623159051, -0.00212075235322, 0.000416337890783], [0.000536107982043, -0.000272968376521, -0.00212307251059, 0.00527984788641, -0.00626494502649, 0.0099133066833, 0.00164164463058, -0.0239509642124, 0.0423628501594, -0.0304811745882, 0.0108287809417, 0.00348387518898, -0.0074024987407], [-0.0005281305057, 0.000376472366042, 0.00146419683006, -0.00302496692166, 0.00213203439489, -0.00430521927774, -0.00184946740046, 0.0135074518621, -0.0304811745882, 0.0430905483663, -0.0241540130228, 0.00901118759066, 0.00525726145133], [0.000169536026078, -3.81479330827e-005, -0.000287328264676, -2.18276763917e-005, -0.00040683845873, -0.00302831921726, 0.00215895241126, -0.00136623159051, 0.0108287809417, -0.0241540130228, 0.0369971357286, -0.023729801178, 0.0139555251226], [1.69796057889e-005, -0.000137437018566, 0.00111483759247, -0.00103917473461, -0.000674843380693, 3.95375318476e-005, -0.000910109141842, -0.00212075235322, 0.00348387518898, 0.00901118759066, -0.023729801178, 0.0344991013408, -0.0224864855409], [-0.000285464280751, 0.000261411536485, 0.000433394336142, 0.000363485567505, -0.00222242227755, 0.00023615254031, -0.000926879351027, 0.000416337890783, -0.0074024987407, 0.00525726145133, 0.0139555251226, -0.0224864855409, 0.0306379664689]]
    },
    "spectral_contrast_coeffs": {
        "mean": [-0.662912368774, -0.779109060764, -0.761706113815, -0.784019649029, -0.815252661705, -0.820020794868],
        "var": [0.0172248780727, 0.00992061849684, 0.00614468613639, 0.00591851677746, 0.00380244734697, 0.0036199267488]
    },
    "spectral_contrast_valleys": {
        "mean": [-8.78371238708, -8.30874252319, -8.59733486176, -9.9031457901, -10.9520072937, -13.2215843201],
        "var": [7.04719114304, 6.7726984024, 4.95777082443, 6.02801465988, 9.38332653046, 9.63728904724]
    }
},
"metadata": {
    "audio_properties": {
        "analysis_sample_rate": 44100,
        "bit_rate": 94746,
        "equal_loudness": 0,
        "length": 45.0612258911,
        "lossless": 0,
        "replay_gain": -9.64499473572,
        "sample_rate": 44100,
        "codec": "mp3",
        "downmix": "mix",
        "md5_encoded": "80f706e110ebdab7d380ec6609990fee"
    },
    "tags": {
        "file_name": "226.mp3"
    },
    "version": {
        "essentia": "2.1-beta2",
        "essentia_git_sha": "v2.1_beta2",
        "extractor": "music 1.0"
    }
},
"rhythm": {
    "beats_count": 74,
    "beats_loudness": {
        "mean": 0.0366265587509,
        "var": 0.00142396939918
    },
    "bpm": 99.678276062,
    "bpm_histogram_first_peak_bpm": {
        "mean": 99,
        "var": 0
    },
    "bpm_histogram_first_peak_spread": {
        "mean": 0.476190507412,
        "var": 0
    },
    "bpm_histogram_first_peak_weight": {
        "mean": 0.452054798603,
        "var": 0
    },
    "bpm_histogram_second_peak_bpm": {
        "mean": 108,
        "var": 0
    },
    "bpm_histogram_second_peak_spread": {
        "mean": 0.428571432829,
        "var": 0
    },
    "bpm_histogram_second_peak_weight": {
        "mean": 0.0547945201397,
        "var": 0
    },
    "danceability": 0.873353004456,
    "onset_rate": 2.99457359314,
    "beats_loudness_band_ratio": {
        "mean": [0.270814985037, 0.216279938817, 0.12647099793, 0.399081230164, 0.010525777936, 0.027547121048],
        "var": [0.0921523794532, 0.0568517334759, 0.0246214680374, 0.18914270401, 0.000201437534997, 0.0096876565367]
    },
    "beats_position": [0.557278871536, 1.13777780533, 1.72988653183, 2.32199549675, 2.92571425438, 3.52943301201, 4.13315200806, 4.73687076569, 5.32897949219, 5.92108821869, 6.52480697632, 7.12852573395, 7.72063493729, 8.32435321808, 8.91646194458, 9.52018165588, 10.1239004135, 10.7392292023, 11.3661680222, 11.9466667175, 12.5271654129, 13.1192741394, 13.7113828659, 14.2802715302, 14.8607711792, 15.4180498123, 15.9985485077, 16.5558280945, 17.1363258362, 17.693605423, 18.2741031647, 18.8313827515, 19.4234924316, 19.9923801422, 20.5728797913, 21.1417675018, 21.7222671509, 22.3375968933, 22.9529247284, 23.5798625946, 24.2068023682, 24.8221302032, 25.4258499146, 26.0295696259, 26.6332874298, 27.2370071411, 27.8407249451, 28.4444446564, 29.0365524292, 29.6286621094, 30.2323799133, 30.8360996246, 31.4398174286, 32.0319252014, 32.6356468201, 33.2277526855, 33.8314743042, 34.4351921082, 35.0389099121, 35.6426315308, 36.2463493347, 36.8500671387, 37.4537849426, 38.0807266235, 38.7076644897, 39.3462142944, 39.9615402222, 40.5768699646, 41.192199707, 41.830745697, 42.4692955017, 43.0962333679, 43.7231750488, 44.350112915]
},
"tonal": {
    "chords_changes_rate": 0.047325104475,
    "chords_number_rate": 0.00720164598897,
    "chords_strength": {
        "mean": 0.523446023464,
        "var": 0.00583024136722
    },
    "hpcp_entropy": {
        "mean": 1.96751856804,
        "var": 0.540250301361
    },
    "key_strength": 0.544834375381,
    "tuning_diatonic_strength": 0.50118803978,
    "tuning_equal_tempered_deviation": 0.0687448903918,
    "tuning_frequency": 441.272583008,
    "tuning_nontempered_energy_ratio": 0.698285937309,
    "hpcp": {
        "mean": [0.407650858164, 0.223804011941, 0.045952886343, 0.0333670414984, 0.0412078946829, 0.0755906701088, 0.110471941531, 0.123656384647, 0.171864181757, 0.182995960116, 0.0921321585774, 0.0283025633544, 0.0213486459106, 0.0238447636366, 0.0917069539428, 0.179862558842, 0.142777085304, 0.105963207781, 0.0993107035756, 0.0549941658974, 0.0630143135786, 0.0909026116133, 0.0904862210155, 0.149213925004, 0.199216783047, 0.122427947819, 0.054414447397, 0.0393394231796, 0.0373345278203, 0.101682245731, 0.154047846794, 0.143820032477, 0.136912450194, 0.121157519519, 0.124760247767, 0.28368511796],
        "var": [0.1700386554, 0.0624514967203, 0.0187787078321, 0.0100311515853, 0.0177724249661, 0.0356151647866, 0.0569436475635, 0.0581778511405, 0.0811643525958, 0.0883542522788, 0.0306424237788, 0.0084724323824, 0.00526647176594, 0.00767635880038, 0.0267893485725, 0.104466482997, 0.0508667863905, 0.0527451559901, 0.0534642897546, 0.0167192108929, 0.021507397294, 0.0414327941835, 0.0334168896079, 0.0527706593275, 0.0897598192096, 0.0393461287022, 0.0173257403076, 0.0113304732367, 0.00913771800697, 0.0367942154408, 0.0804060921073, 0.0499866381288, 0.0582313835621, 0.0541077181697, 0.0623489543796, 0.0837358385324]
    },
    "chords_histogram": [17.9012336731, 0, 5.34979438782, 8.12757205963, 0, 2.26337456703, 0, 0, 0, 3.49794244766, 0, 0.205761313438, 0, 0, 0, 0, 0.308641970158, 0.617283940315, 0, 0, 0, 0, 38.5802459717, 23.148147583],
    "thpcp": [1, 0.549009025097, 0.112726084888, 0.0818520113826, 0.101086243987, 0.185429930687, 0.270996451378, 0.303338944912, 0.4215965271, 0.448903650045, 0.226007521152, 0.0694284439087, 0.0523699261248, 0.058493103832, 0.22496445477, 0.441217184067, 0.35024356842, 0.259936183691, 0.2436170578, 0.134905070066, 0.154579132795, 0.222991347313, 0.221969902515, 0.366033643484, 0.488694638014, 0.300325512886, 0.133482977748, 0.0965027362108, 0.0915845707059, 0.249434635043, 0.377891629934, 0.352801978588, 0.335857123137, 0.297209024429, 0.306046813726, 0.695902168751],
    "chords_key": "D",
    "chords_scale": "minor",
    "key_key": "A",
    "key_scale": "minor"
}
}