{
"lowlevel": {
    "average_loudness": 0.500139474869,
    "barkbands_crest": {
        "mean": 11.0823745728,
        "var": 23.5049800873
    },
    "barkbands_flatness_db": {
        "mean": 0.203974381089,
        "var": 0.00477762334049
    },
    "barkbands_kurtosis": {
        "mean": 4.63694095612,
        "var": 275.804992676
    },
    "barkbands_skewness": {
        "mean": 0.97334343195,
        "var": 0.865213692188
    },
    "barkbands_spread": {
        "mean": 13.6968240738,
        "var": 60.4158401489
    },
    "dissonance": {
        "mean": 0.448144108057,
        "var": 0.00204445677809
    },
    "dynamic_complexity": 6.54458332062,
    "erbbands_crest": {
        "mean": 12.7117710114,
        "var": 33.0258674622
    },
    "erbbands_flatness_db": {
        "mean": 0.269189476967,
        "var": 0.00513106258586
    },
    "erbbands_kurtosis": {
        "mean": 2.50180149078,
        "var": 82.8262176514
    },
    "erbbands_skewness": {
        "mean": 0.702124774456,
        "var": 0.96793371439
    },
    "erbbands_spread": {
        "mean": 21.3052654266,
        "var": 110.441864014
    },
    "hfc": {
        "mean": 14.4198055267,
        "var": 341.50793457
    },
    "melbands_crest": {
        "mean": 12.7540302277,
        "var": 29.6063117981
    },
    "melbands_flatness_db": {
        "mean": 0.243778184056,
        "var": 0.00415240274742
    },
    "melbands_kurtosis": {
        "mean": 5.93337202072,
        "var": 79.504776001
    },
    "melbands_skewness": {
        "mean": 1.33511519432,
        "var": 0.776521623135
    },
    "melbands_spread": {
        "mean": 20.1931190491,
        "var": 180.098007202
    },
    "pitch_salience": {
        "mean": 0.515270709991,
        "var": 0.013703878969
    },
    "silence_rate_20dB": {
        "mean": 1,
        "var": 0
    },
    "silence_rate_30dB": {
        "mean": 0.994853317738,
        "var": 0.00512030860409
    },
    "silence_rate_60dB": {
        "mean": 0.273803383112,
        "var": 0.198835879564
    },
    "spectral_centroid": {
        "mean": 1438.70080566,
        "var": 555617
    },
    "spectral_complexity": {
        "mean": 11.8378791809,
        "var": 54.6670951843
    },
    "spectral_decrease": {
        "mean": -4.16576595441e-009,
        "var": 2.44546170826e-017
    },
    "spectral_energy": {
        "mean": 0.0170304495841,
        "var": 0.000405431608669
    },
    "spectral_energyband_high": {
        "mean": 0.00014337466564,
        "var": 7.46564836618e-008
    },
    "spectral_energyband_low": {
        "mean": 0.00100868544541,
        "var": 2.44524244408e-006
    },
    "spectral_energyband_middle_high": {
        "mean": 0.00638837786391,
        "var": 0.000147758080857
    },
    "spectral_energyband_middle_low": {
        "mean": 0.00965149328113,
        "var": 0.000143768338603
    },
    "spectral_entropy": {
        "mean": 6.48609018326,
        "var": 0.194667816162
    },
    "spectral_flux": {
        "mean": 0.041505202651,
        "var": 0.00103458261583
    },
    "spectral_kurtosis": {
        "mean": 10.7665376663,
        "var": 89.8630981445
    },
    "spectral_rms": {
        "mean": 0.00340301753022,
        "var": 5.03456885781e-006
    },
    "spectral_rolloff": {
        "mean": 1544.14294434,
        "var": 1262975.125
    },
    "spectral_skewness": {
        "mean": 2.07800674438,
        "var": 0.689466834068
    },
    "spectral_spread": {
        "mean": 2606731.25,
        "var": 3.43157532262e+012
    },
    "spectral_strongpeak": {
        "mean": 1.72341120243,
        "var": 3.5423207283
    },
    "zerocrossingrate": {
        "mean": 0.0572176165879,
        "var": 0.000811328704003
    },
    "barkbands": {
        "mean": [4.96688044223e-005, 0.000408681778936, 0.000423429824878, 0.000319518730976, 0.00310614379123, 0.00304639339447, 0.00103169691283, 0.000618823454715, 0.00138775887899, 0.00160777778365, 0.000444288656581, 0.00126499845646, 0.000915283570066, 0.000959180004429, 0.000134041154524, 0.000275744765531, 3.62063728971e-005, 0.000164165016031, 0.000336429482559, 0.000368297973182, 4.71627317893e-005, 6.17586847511e-005, 1.62698233908e-005, 4.91979380968e-006, 1.54588849455e-006, 2.67665569709e-007, 1.41055886971e-008],
        "var": [6.10235151299e-009, 3.62708334478e-007, 8.93851108685e-007, 4.14142306226e-007, 2.26237043535e-005, 3.04736167891e-005, 3.65001210412e-006, 2.10392681765e-006, 5.14986959388e-006, 8.54177560541e-005, 2.70138548331e-006, 8.93199739949e-006, 1.18355019367e-005, 3.85276007364e-006, 2.71438267418e-007, 4.90353613714e-007, 5.41037152857e-008, 8.91426594762e-008, 8.88875376859e-007, 9.95812911242e-007, 8.43570635567e-009, 2.93601818413e-008, 1.84648696333e-009, 1.33343489028e-010, 1.12921963447e-011, 5.6338473383e-013, 2.16664992798e-015]
    },
    "erbbands": {
        "mean": [0.00507864635438, 0.117855302989, 0.476860105991, 0.833572745323, 2.08047032356, 13.664855957, 23.8300247192, 23.5227108002, 18.9177761078, 9.74517440796, 14.2847881317, 19.8095569611, 45.2392311096, 51.7976074219, 29.8351306915, 50.3290481567, 42.932559967, 61.0436553955, 6.70009231567, 8.22495079041, 18.6305713654, 2.43675780296, 7.44173431396, 17.3451843262, 23.5603046417, 11.6914949417, 2.98482275009, 1.52644205093, 2.79713988304, 0.526884257793, 0.334015548229, 0.165233492851, 0.0654237493873, 0.0210868809372, 0.00833670888096, 0.00180007831659, 0.000425282778451, 5.37102605449e-005, 1.07887317427e-005, 2.03999716177e-005],
        "var": [5.63764479011e-005, 0.0297985915095, 0.832018375397, 2.6720597744, 9.7397441864, 489.561096191, 1380.19750977, 2258.58081055, 1154.54333496, 220.926315308, 1382.95922852, 817.049560547, 9086.57226563, 94830.6640625, 3580.02075195, 15265.6953125, 28534.3417969, 15273.2236328, 118.420005798, 1218.88977051, 2125.82324219, 42.5632095337, 156.482910156, 2870.92211914, 2041.90490723, 2844.94506836, 30.9135303497, 10.1510438919, 63.9838562012, 1.61872565746, 1.66885507107, 0.118285082281, 0.0288413595408, 0.00251173740253, 0.000341522827512, 1.95824050024e-005, 1.73425257799e-006, 2.10787689525e-008, 1.57198837281e-010, 5.71733216326e-010]
    },
    "gfcc": {
        "mean": [-125.151679993, 126.340515137, -178.04725647, 11.0534448624, -72.5157623291, -4.40708065033, -21.5614681244, -10.5216169357, -28.9648170471, -8.568318367, 3.52226901054, -9.16780376434, 1.66917443275],
        "cov": [[21967.7421875, 2576.8293457, 3100.37084961, 2910.90039063, 33.661529541, -223.460784912, -1045.73571777, -266.421020508, -90.1984481812, 300.009277344, -305.653656006, -61.8405075073, -689.657836914], [2576.8293457, 1564.35668945, 766.668395996, 379.307037354, 220.193847656, -199.439285278, -105.456794739, -182.66053772, 131.850112915, -61.9538879395, 71.9995574951, -100.044250488, -33.0533828735], [3100.37084961, 766.668395996, 1131.55053711, 622.306945801, 72.1002044678, -48.13671875, -271.535614014, -64.7250900269, 65.6680755615, 49.9692001343, -109.943748474, 35.0508575439, -142.916015625], [2910.90039063, 379.307037354, 622.306945801, 836.614196777, 37.0001792908, 38.619342804, -228.795349121, -66.6210784912, -2.98183131218, 40.0605430603, -54.8658447266, -0.245036020875, -155.875076294], [33.661529541, 220.193847656, 72.1002044678, 37.0001792908, 149.569992065, -11.0074729919, 27.8891124725, -24.8923473358, 16.6596832275, -7.61619234085, 31.8152542114, -20.1362228394, -13.326757431], [-223.460784912, -199.439285278, -48.13671875, 38.619342804, -11.0074729919, 148.751403809, 1.94706189632, 4.52418279648, -7.02142906189, -2.11499643326, -47.6034469604, 47.3621025085, 10.8717718124], [-1045.73571777, -105.456794739, -271.535614014, -228.795349121, 27.8891124725, 1.94706189632, 193.194351196, 6.50160980225, -44.5382575989, -21.3488368988, 61.475315094, -24.752779007, 60.2756004333], [-266.421020508, -182.66053772, -64.7250900269, -66.6210784912, -24.8923473358, 4.52418279648, 6.50160980225, 105.130645752, 0.417293488979, -3.87529039383, -12.4501533508, 0.511931478977, -4.71373081207], [-90.1984481812, 131.850112915, 65.6680755615, -2.98183131218, 16.6596832275, -7.02142906189, -44.5382575989, 0.417293488979, 115.854385376, -19.7030544281, -30.561208725, 9.54026603699, 17.0918579102], [300.009277344, -61.9538879395, 49.9692001343, 40.0605430603, -7.61619234085, -2.11499643326, -21.3488368988, -3.87529039383, -19.7030544281, 100.2266922, 11.6591558456, -18.0435314178, -45.0652999878], [-305.653656006, 71.9995574951, -109.943748474, -54.8658447266, 31.8152542114, -47.6034469604, 61.475315094, -12.4501533508, -30.561208725, 11.6591558456, 135.253326416, -27.5052680969, -5.29894113541], [-61.8405075073, -100.044250488, 35.0508575439, -0.245036020875, -20.1362228394, 47.3621025085, -24.752779007, 0.511931478977, 9.54026603699, -18.0435314178, -27.5052680969, 128.858612061, 12.3899002075], [-689.657836914, -33.0533828735, -142.916015625, -155.875076294, -13.326757431, 10.8717718124, 60.2756004333, -4.71373081207, 17.0918579102, -45.0652999878, -5.29894113541, 12.3899002075, 122.67288208]],
        "icov": [[0.000129303356516, -0.000278669205727, 5.34049795533e-005, -0.000295487552648, 0.000212150262087, 0.000115954593639, 0.000135535781737, -0.000239149565459, 0.000442917575128, -0.000365410611266, 0.000373428250896, -0.000166951213032, 0.000112632151286], [-0.000278669205727, 0.0035806777887, -0.00215106317773, 0.000568298855796, -0.00208032294177, 0.00151777802967, -0.000489699537866, 0.00375144788995, -0.00311551080085, 0.0035292878747, -0.00301833217964, 0.00241779489443, -0.00100549682975], [5.34049795533e-005, -0.00215106317773, 0.00362391094677, -0.00125781854149, -3.67590691894e-005, 0.000533392070793, 0.00118499237578, -0.00194737990387, 0.0013716975227, -0.00280010001734, 0.00325954775326, -0.00247445842251, 0.00080692244228], [-0.000295487552648, 0.000568298855796, -0.00125781854149, 0.00379209523089, -0.000602143234573, -0.00227169063874, 0.00197528256103, 0.001640720875, 0.000186587538337, 0.00192506448366, -0.00161242671311, 0.00152693712153, 0.00153070990928], [0.000212150262087, -0.00208032294177, -3.67590691894e-005, -0.000602143234573, 0.0106123685837, -0.0018442835426, -0.00317516783252, -0.000657655182295, -0.000927786226384, -0.0005817838246, -0.000539239030331, -0.000151797910803, 0.00258299731649], [0.000115954593639, 0.00151777802967, 0.000533392070793, -0.00227169063874, -0.0018442835426, 0.0117602255195, -0.00172110588755, 0.00136710633524, -0.000363623083103, -0.000580741616432, 0.00375725748017, -0.00299463607371, -0.00124660390429], [0.000135535781737, -0.000489699537866, 0.00118499237578, 0.00197528256103, -0.00317516783252, -0.00172110588755, 0.0132873449475, -0.000428148225183, 0.00533610954881, 0.000712265609764, -0.00225967378356, 0.00156320689712, -0.00295446487144], [-0.000239149565459, 0.00375144788995, -0.00194737990387, 0.001640720875, -0.000657655182295, 0.00136710633524, -0.000428148225183, 0.0151288527995, -0.00354038947262, 0.00473440159112, -0.00176499621011, 0.0029447847046, 0.00194033258595], [0.000442917575128, -0.00311551080085, 0.0013716975227, 0.000186587538337, -0.000927786226384, -0.000363623083103, 0.00533610954881, -0.00354038947262, 0.0151790576056, -0.00170597084798, 0.00432765483856, -0.00182570226025, -0.00171103538014], [-0.000365410611266, 0.0035292878747, -0.00280010001734, 0.00192506448366, -0.0005817838246, -0.000580741616432, 0.000712265609764, 0.00473440159112, -0.00170597084798, 0.0168754924089, -0.0049042054452, 0.00466163828969, 0.00365520827472], [0.000373428250896, -0.00301833217964, 0.00325954775326, -0.00161242671311, -0.000539239030331, 0.00375725748017, -0.00225967378356, -0.00176499621011, 0.00432765483856, -0.0049042054452, 0.015040082857, -0.0029573100619, 0.0022293869406], [-0.000166951213032, 0.00241779489443, -0.00247445842251, 0.00152693712153, -0.000151797910803, -0.00299463607371, 0.00156320689712, 0.0029447847046, -0.00182570226025, 0.00466163828969, -0.0029573100619, 0.011851195246, -0.00099355680868], [0.000112632151286, -0.00100549682975, 0.00080692244228, 0.00153070990928, 0.00258299731649, -0.00124660390429, -0.00295446487144, 0.00194033258595, -0.00171103538014, 0.00365520827472, 0.0022293869406, -0.00099355680868, 0.0150942867622]]
    },
    "melbands": {
        "mean": [8.26871182653e-005, 0.000223828174057, 0.000159268674906, 0.000498950539622, 0.000852421857417, 0.000557841209229, 0.000252676720265, 0.000102624762803, 0.000106922459963, 0.000165935984114, 0.000238397580688, 0.000226643896895, 8.34716483951e-005, 0.000157651287736, 9.18022051337e-005, 0.00011826967966, 0.000101610668935, 7.27177211957e-006, 8.62512479216e-006, 1.37107745104e-005, 2.10938233067e-005, 1.53849248363e-006, 1.0686768519e-006, 1.24569742184e-005, 1.43518464029e-005, 1.24366342789e-005, 2.16355529119e-005, 4.14118267145e-006, 2.39620430875e-006, 1.97712466843e-007, 1.16403396078e-006, 2.38083839577e-006, 1.43945882769e-007, 3.50660684489e-007, 1.79447539495e-007, 1.98331619572e-007, 5.56057848655e-008, 5.48557359537e-008, 2.20475300239e-008, 1.39096352214e-008],
        "var": [1.40629285994e-008, 1.42857956575e-007, 8.0377589029e-008, 6.00076930368e-007, 1.62125240877e-006, 1.0925072047e-006, 2.0580931448e-007, 2.63303316927e-008, 8.42431617798e-008, 6.91462958002e-008, 3.09606747351e-007, 1.97787380785e-006, 5.61617099493e-008, 1.39913069575e-007, 1.23022772414e-007, 7.27554265723e-008, 4.36778222479e-008, 2.2687784984e-010, 1.27485766388e-009, 1.42115375024e-009, 2.77552159034e-009, 8.41402433838e-011, 3.61110238933e-011, 5.03900421389e-010, 2.70742761543e-009, 6.0537097557e-010, 2.15789830449e-009, 1.04151598457e-009, 2.22483663437e-011, 9.97296754728e-013, 4.87792401957e-012, 4.955828109e-011, 2.29231607654e-012, 7.42052036137e-013, 1.21548940617e-012, 1.56871789322e-013, 1.76123459079e-014, 2.54336109736e-014, 5.65565423541e-015, 1.37702442697e-015]
    },
    "mfcc": {
        "mean": [-753.275939941, 149.063446045, -31.9093799591, 1.18201875687, -28.8290634155, -2.12409520149, 7.20934295654, -4.6689043045, -20.9748210907, 5.00517177582, -7.48027324677, -13.7015371323, 3.02116560936],
        "cov": [[15208.3603516, 3100.94238281, 1530.73156738, 2885.9519043, 548.595458984, 865.147827148, -604.77947998, -255.238143921, -759.684082031, 465.161407471, 435.211120605, -457.369415283, -1035.55249023], [3100.94238281, 1691.10754395, 357.963226318, 768.225769043, 220.351974487, 141.469146729, -196.309158325, -88.4991455078, -180.966125488, 26.4078845978, 104.434555054, -47.6324386597, -229.241287231], [1530.73156738, 357.963226318, 541.095581055, 414.128936768, 150.937744141, 143.635162354, -162.334854126, -24.9209899902, -56.6551513672, 53.2637329102, 63.9934501648, -82.0283126831, -165.903594971], [2885.9519043, 768.225769043, 414.128936768, 803.589538574, 190.962600708, 214.566390991, -122.237480164, -66.7430267334, -202.931091309, 94.3376541138, 131.368972778, -98.4212417603, -246.655609131], [548.595458984, 220.351974487, 150.937744141, 190.962600708, 173.090438843, 81.5864181519, -68.8657531738, 3.36637043953, -32.6921234131, 3.22605061531, 30.1326370239, -9.05410003662, -29.0882587433], [865.147827148, 141.469146729, 143.635162354, 214.566390991, 81.5864181519, 205.423934937, -26.7868461609, -8.09159755707, -41.5661811829, 37.2426147461, 15.9208545685, -69.1244354248, -58.0033226013], [-604.77947998, -196.309158325, -162.334854126, -122.237480164, -68.8657531738, -26.7868461609, 194.327026367, 15.8615102768, -11.9188337326, -5.89029836655, -19.2216835022, 19.0010242462, 38.8523788452], [-255.238143921, -88.4991455078, -24.9209899902, -66.7430267334, 3.36637043953, -8.09159755707, 15.8615102768, 103.562896729, 32.3399505615, -36.7872657776, -32.1577453613, 3.28031373024, 36.459903717], [-759.684082031, -180.966125488, -56.6551513672, -202.931091309, -32.6921234131, -41.5661811829, -11.9188337326, 32.3399505615, 140.671630859, -14.8866100311, -61.1591720581, -10.771027565, 46.6215858459], [465.161407471, 26.4078845978, 53.2637329102, 94.3376541138, 3.22605061531, 37.2426147461, -5.89029836655, -36.7872657776, -14.8866100311, 132.257110596, 54.0986633301, -84.8925170898, -95.6683044434], [435.211120605, 104.434555054, 63.9934501648, 131.368972778, 30.1326370239, 15.9208545685, -19.2216835022, -32.1577453613, -61.1591720581, 54.0986633301, 135.793899536, -5.26181030273, -102.125556946], [-457.369415283, -47.6324386597, -82.0283126831, -98.4212417603, -9.05410003662, -69.1244354248, 19.0010242462, 3.28031373024, -10.771027565, -84.8925170898, -5.26181030273, 195.420684814, 92.6988143921], [-1035.55249023, -229.241287231, -165.903594971, -246.655609131, -29.0882587433, -58.0033226013, 38.8523788452, 36.459903717, 46.6215858459, -95.6683044434, -102.125556946, 92.6988143921, 266.281585693]],
        "icov": [[0.000270103424555, -0.000125089500216, 1.70527346199e-005, -0.000649657798931, 0.000413689267589, -0.000322437554132, 0.000459872127976, -0.000235927873291, 0.000490857171826, -0.000436574133346, 0.000371060712496, -0.000116585702926, 0.000231841346249], [-0.000125089500216, 0.00128361128736, 0.000379536300898, -0.000973842514213, -0.000706778140739, 0.000617913901806, 0.000357658951543, 0.000635399483144, -0.000284190260572, 0.000911053619348, 0.000199559144676, 7.27556616766e-005, 0.00029948138399], [1.70527346199e-005, 0.000379536300898, 0.00424937484786, -0.00172861700412, -0.00119215657469, -0.000581284868531, 0.00215402268805, -2.7035624953e-005, -0.000624446198344, 0.000400864897529, 0.000464411306893, 0.000131312874146, 0.00125768710859], [-0.000649657798931, -0.000973842514213, -0.00172861700412, 0.00778496591374, -0.0023919516243, -0.00122029858176, -0.000679751043208, 0.000378021475626, 0.00418482208624, -1.56156766025e-005, -0.000416363967815, 0.000607480760664, 0.00118017604109], [0.000413689267589, -0.000706778140739, -0.00119215657469, -0.0023919516243, 0.0111173978075, -0.0028764733579, 0.00202644942328, -0.0021669245325, -0.000469793245429, -0.000337582721841, -0.00165775069036, -0.000981951947324, -0.00170214276295], [-0.000322437554132, 0.000617913901806, -0.000581284868531, -0.00122029858176, -0.0028764733579, 0.00873215682805, -0.00149467040319, 0.000477549940115, -0.000521591748111, 0.000231870784773, 0.00072157883551, 0.002074921038, -0.00074488343671], [0.000459872127976, 0.000357658951543, 0.00215402268805, -0.000679751043208, 0.00202644942328, -0.00149467040319, 0.00918148458004, -0.00177029846236, 0.00427827611566, -0.0015585240908, 0.00195941654965, -0.000549734744709, 0.00124111084733], [-0.000235927873291, 0.000635399483144, -2.7035624953e-005, 0.000378021475626, -0.0021669245325, 0.000477549940115, -0.00177029846236, 0.0126633355394, -0.00267081730999, 0.00444142986089, 8.52918601595e-005, 0.00165366008878, -0.000125117148855], [0.000490857171826, -0.000284190260572, -0.000624446198344, 0.00418482208624, -0.000469793245429, -0.000521591748111, 0.00427827611566, -0.00267081730999, 0.0174084380269, -0.00270362128504, 0.00596934976056, 0.00104350433685, 0.00263495836407], [-0.000436574133346, 0.000911053619348, 0.000400864897529, -1.56156766025e-005, -0.000337582721841, 0.000231870784773, -0.0015585240908, 0.00444142986089, -0.00270362128504, 0.0162231065333, -0.00502607319504, 0.00561532331631, 0.00137417169753], [0.000371060712496, 0.000199559144676, 0.000464411306893, -0.000416363967815, -0.00165775069036, 0.00072157883551, 0.00195941654965, 8.52918601595e-005, 0.00596934976056, -0.00502607319504, 0.0153420958668, -0.0030652564019, 0.00529729994014], [-0.000116585702926, 7.27556616766e-005, 0.000131312874146, 0.000607480760664, -0.000981951947324, 0.002074921038, -0.000549734744709, 0.00165366008878, 0.00104350433685, 0.00561532331631, -0.0030652564019, 0.00937202014029, -0.00215122080408], [0.000231841346249, 0.00029948138399, 0.00125768710859, 0.00118017604109, -0.00170214276295, -0.00074488343671, 0.00124111084733, -0.000125117148855, 0.00263495836407, 0.00137417169753, 0.00529729994014, -0.00215122080408, 0.00909239333123]]
    },
    "spectral_contrast_coeffs": {
        "mean": [-0.608814716339, -0.756859838963, -0.711302995682, -0.704762518406, -0.649635434151, -0.687274098396],
        "var": [0.0052991528064, 0.00583584560081, 0.00516760768369, 0.0037179782521, 0.00446027331054, 0.00471803545952]
    },
    "spectral_contrast_valleys": {
        "mean": [-9.15901088715, -7.3250670433, -7.74994039536, -9.01481533051, -10.0519104004, -13.5506763458],
        "var": [5.31365299225, 2.8215842247, 1.90169072151, 2.15911054611, 1.68651807308, 1.3049441576]
    }
},
"metadata": {
    "audio_properties": {
        "analysis_sample_rate": 44100,
        "bit_rate": 95914,
        "equal_loudness": 0,
        "length": 45.0873451233,
        "lossless": 0,
        "replay_gain": -6.38304710388,
        "sample_rate": 44100,
        "codec": "mp3",
        "downmix": "mix",
        "md5_encoded": "d1150e16a0bb0d986304b72c69c64465"
    },
    "tags": {
        "file_name": "227.mp3"
    },
    "version": {
        "essentia": "2.1-beta2",
        "essentia_git_sha": "v2.1_beta2",
        "extractor": "music 1.0"
    }
},
"rhythm": {
    "beats_count": 129,
    "beats_loudness": {
        "mean": 0.0214528758079,
        "var": 0.000474501750432
    },
    "bpm": 172.265579224,
    "bpm_histogram_first_peak_bpm": {
        "mean": 172,
        "var": 0
    },
    "bpm_histogram_first_peak_spread": {
        "mean": 0,
        "var": 0
    },
    "bpm_histogram_first_peak_weight": {
        "mean": 0.3828125,
        "var": 0
    },
    "bpm_histogram_second_peak_bpm": {
        "mean": 178,
        "var": 0
    },
    "bpm_histogram_second_peak_spread": {
        "mean": 0,
        "var": 0
    },
    "bpm_histogram_second_peak_weight": {
        "mean": 0.3203125,
        "var": 0
    },
    "danceability": 0.91820961237,
    "onset_rate": 1.70713686943,
    "beats_loudness_band_ratio": {
        "mean": [0.0672028064728, 0.268837481737, 0.181646540761, 0.387523859739, 0.061543982476, 0.0564116202295],
        "var": [0.00529646128416, 0.0545068196952, 0.0209323130548, 0.0972875356674, 0.00855146814138, 0.00361555698328]
    },
    "beats_position": [0.371519267559, 0.743038535118, 1.09133780003, 1.43963718414, 1.77632653713, 2.11301589012, 2.46131515503, 2.80961441994, 3.14630389214, 3.48299312592, 3.8196823597, 4.15637159348, 4.5046710968, 4.85297060013, 5.20126962662, 5.53795909882, 5.87464857101, 6.2229475975, 6.5596370697, 6.8963265419, 7.24462556839, 7.59292507172, 7.92961454391, 8.26630401611, 8.60299301147, 8.93968200684, 9.27637195587, 9.61306095123, 9.96135997772, 10.3096599579, 10.6579589844, 10.9946479797, 11.3313379288, 11.6796369553, 12.0163259506, 12.3530158997, 12.7013149261, 13.0496139526, 13.3863039017, 13.722992897, 14.0596818924, 14.3847618103, 14.7214508057, 15.0697498322, 15.4180498123, 15.7663488388, 16.114648819, 16.4629478455, 16.7996368408, 17.1363258362, 17.4730148315, 17.8097057343, 18.1463947296, 18.483083725, 18.8313827515, 19.179681778, 19.5279808044, 19.8762817383, 20.2245807648, 20.5844898224, 20.94439888, 21.2926979065, 21.640996933, 21.9892959595, 22.3375968933, 22.6858959198, 23.0458049774, 23.405714035, 23.7656230927, 24.1255321503, 24.4854412079, 24.8337402344, 25.1936511993, 25.553560257, 25.9134693146, 26.2733783722, 26.6332874298, 26.9931964874, 27.353105545, 27.7014045715, 28.0613155365, 28.4212245941, 28.7811336517, 29.1526527405, 29.5125617981, 29.8724708557, 30.2323799133, 30.5922889709, 30.9521980286, 31.3121089935, 31.6720180511, 32.0435371399, 32.4150543213, 32.7865753174, 33.1348762512, 33.4831733704, 33.8314743042, 34.1797714233, 34.5164604187, 34.8531494141, 35.2014503479, 35.5613594055, 35.9212684631, 36.269569397, 36.6178665161, 36.96616745, 37.3144645691, 37.6511573792, 37.976234436, 38.2897033691, 38.6147842407, 38.9514732361, 39.2881622314, 39.6364631653, 39.9731521606, 40.309841156, 40.6581382751, 41.006439209, 41.3663482666, 41.7146492004, 42.0629463196, 42.4112472534, 42.7595443726, 43.0962333679, 43.432926178, 43.7463951111, 44.071472168, 44.4081611633, 44.7448501587]
},
"tonal": {
    "chords_changes_rate": 0.0442386828363,
    "chords_number_rate": 0.0102880662307,
    "chords_strength": {
        "mean": 0.429800093174,
        "var": 0.00637500593439
    },
    "hpcp_entropy": {
        "mean": 1.89539504051,
        "var": 0.277496963739
    },
    "key_strength": 0.604862451553,
    "tuning_diatonic_strength": 0.41857239604,
    "tuning_equal_tempered_deviation": 0.0555488839746,
    "tuning_frequency": 441.272583008,
    "tuning_nontempered_energy_ratio": 0.726758003235,
    "hpcp": {
        "mean": [0.17213255167, 0.0934817418456, 0.0453310906887, 0.0417582094669, 0.030331203714, 0.203425899148, 0.312717348337, 0.138827115297, 0.0242952909321, 0.0248407833278, 0.0919478908181, 0.358637839556, 0.426977425814, 0.161308094859, 0.0647801682353, 0.116803042591, 0.0722163021564, 0.069552756846, 0.119199611247, 0.0822901204228, 0.195309191942, 0.293016046286, 0.136871367693, 0.0361182615161, 0.0288723688573, 0.0230169631541, 0.198509246111, 0.33874168992, 0.177125543356, 0.0441772788763, 0.0259052868932, 0.0363905020058, 0.190122812986, 0.271200746298, 0.128603994846, 0.107662498951],
        "var": [0.069045484066, 0.0194107703865, 0.00432019634172, 0.00350137706846, 0.00209930585697, 0.0537913218141, 0.124059200287, 0.0272932294756, 0.00487559009343, 0.00765903200954, 0.0154089238495, 0.119149461389, 0.143637657166, 0.0397163592279, 0.0169028770179, 0.0664692297578, 0.0237545259297, 0.0212416537106, 0.0725115761161, 0.0209156814963, 0.0477376654744, 0.111216127872, 0.0232655983418, 0.0109421303496, 0.00721581140533, 0.00127988355234, 0.0558942221105, 0.166936814785, 0.0392976105213, 0.00377940619364, 0.00146549090277, 0.00484472280368, 0.0374088585377, 0.0910651609302, 0.0287424828857, 0.0244365334511]
    },
    "chords_histogram": [4.83539104462, 5.24691343307, 15.7407407761, 0, 0.823045253754, 0, 0, 4.01234579086, 0, 3.39506173134, 0, 0, 0, 0, 0, 0, 0, 0.411522626877, 1.54320991039, 3.18930029869, 0, 20.9876537323, 29.732509613, 10.0823049545],
    "thpcp": [1, 0.377790689468, 0.151718020439, 0.273557901382, 0.169133767486, 0.16289563477, 0.279170751572, 0.192727103829, 0.457422763109, 0.686256527901, 0.320558786392, 0.0845905616879, 0.0676203668118, 0.0539067462087, 0.464917421341, 0.793348014355, 0.414835840464, 0.103465139866, 0.060671325773, 0.0852281674743, 0.445276021957, 0.635164141655, 0.301196247339, 0.252150326967, 0.403142035007, 0.218938365579, 0.106167420745, 0.0977995693684, 0.071037016809, 0.476432442665, 0.732397854328, 0.325139224529, 0.0569006465375, 0.0581782124937, 0.21534602344, 0.839945673943],
    "chords_key": "A",
    "chords_scale": "major",
    "key_key": "E",
    "key_scale": "major"
}
}