{
"lowlevel": {
    "average_loudness": 0.946437776089,
    "barkbands_crest": {
        "mean": 16.9386692047,
        "var": 20.0629501343
    },
    "barkbands_flatness_db": {
        "mean": 0.262824118137,
        "var": 0.00323064951226
    },
    "barkbands_kurtosis": {
        "mean": 17.9350357056,
        "var": 989.637878418
    },
    "barkbands_skewness": {
        "mean": 3.07527112961,
        "var": 4.88310909271
    },
    "barkbands_spread": {
        "mean": 9.2118730545,
        "var": 36.2407150269
    },
    "dissonance": {
        "mean": 0.445235311985,
        "var": 0.000909811875317
    },
    "dynamic_complexity": 1.70615971088,
    "erbbands_crest": {
        "mean": 14.444849968,
        "var": 25.8805141449
    },
    "erbbands_flatness_db": {
        "mean": 0.214510545135,
        "var": 0.00263565941714
    },
    "erbbands_kurtosis": {
        "mean": -0.0459968261421,
        "var": 1.0463424921
    },
    "erbbands_skewness": {
        "mean": 0.613524436951,
        "var": 0.402461469173
    },
    "erbbands_spread": {
        "mean": 36.4812316895,
        "var": 231.180847168
    },
    "hfc": {
        "mean": 18.2269458771,
        "var": 77.5593185425
    },
    "melbands_crest": {
        "mean": 19.9994220734,
        "var": 28.788854599
    },
    "melbands_flatness_db": {
        "mean": 0.330198258162,
        "var": 0.004816042725
    },
    "melbands_kurtosis": {
        "mean": 40.0760498047,
        "var": 3920.86499023
    },
    "melbands_skewness": {
        "mean": 4.22137546539,
        "var": 8.02505207062
    },
    "melbands_spread": {
        "mean": 8.96769618988,
        "var": 80.268409729
    },
    "pitch_salience": {
        "mean": 0.350903987885,
        "var": 0.0164200197905
    },
    "silence_rate_20dB": {
        "mean": 1,
        "var": 0
    },
    "silence_rate_30dB": {
        "mean": 0.74768280983,
        "var": 0.188651189208
    },
    "silence_rate_60dB": {
        "mean": 0.00205973233096,
        "var": 0.00205553858541
    },
    "spectral_centroid": {
        "mean": 694.934631348,
        "var": 218893.703125
    },
    "spectral_complexity": {
        "mean": 11.1688976288,
        "var": 21.7151165009
    },
    "spectral_decrease": {
        "mean": -1.878648348e-008,
        "var": 2.28740347434e-016
    },
    "spectral_energy": {
        "mean": 0.072557747364,
        "var": 0.00330929411575
    },
    "spectral_energyband_high": {
        "mean": 0.000155476969667,
        "var": 6.41469384277e-008
    },
    "spectral_energyband_low": {
        "mean": 0.0474863536656,
        "var": 0.00323094124906
    },
    "spectral_energyband_middle_high": {
        "mean": 0.00454275356606,
        "var": 1.23066702145e-005
    },
    "spectral_energyband_middle_low": {
        "mean": 0.0207431428134,
        "var": 0.000191638551769
    },
    "spectral_entropy": {
        "mean": 6.85736751556,
        "var": 0.273153603077
    },
    "spectral_flux": {
        "mean": 0.0626789629459,
        "var": 0.00422683078796
    },
    "spectral_kurtosis": {
        "mean": 6.5485086441,
        "var": 15.2846546173
    },
    "spectral_rms": {
        "mean": 0.00787023827434,
        "var": 8.84748897079e-006
    },
    "spectral_rolloff": {
        "mean": 509.477966309,
        "var": 835947.5
    },
    "spectral_skewness": {
        "mean": 1.80148923397,
        "var": 0.183268100023
    },
    "spectral_spread": {
        "mean": 3753397,
        "var": 2.16194796749e+012
    },
    "spectral_strongpeak": {
        "mean": 1.41623532772,
        "var": 0.69632935524
    },
    "zerocrossingrate": {
        "mean": 0.0232323314995,
        "var": 0.000605179695413
    },
    "barkbands": {
        "mean": [9.13858530112e-005, 0.0378167442977, 0.00928386300802, 0.000534448190592, 0.00580059038475, 0.0116952164099, 0.00244945148006, 5.63214962312e-005, 5.24529314134e-005, 0.000850526499562, 0.0011199178407, 0.000467910780571, 0.000576133083086, 0.000139527750434, 0.00054242456099, 0.000382446538424, 0.000279875210254, 0.000124156373204, 0.000111488938273, 5.64200236113e-005, 4.13478010159e-005, 3.04472359858e-005, 2.55273389485e-005, 1.71128740476e-005, 9.97196912067e-006, 2.09322024602e-006, 4.96400165417e-009],
        "var": [1.28528379051e-008, 0.00245592533611, 0.000256242405158, 7.3942032941e-007, 0.000113358793897, 0.000158617651323, 4.54582950624e-005, 5.01338170977e-008, 1.19373302354e-008, 1.87279738384e-006, 4.38837741967e-006, 1.34704623633e-006, 1.26422912672e-006, 2.47405367304e-008, 4.72692647691e-007, 1.12800513818e-007, 1.09753017341e-007, 5.75493892541e-008, 2.82013630226e-008, 4.76109551784e-009, 3.23182902662e-009, 4.08897049553e-009, 2.61619303998e-009, 1.28882493566e-009, 3.42394723685e-010, 1.81069412936e-011, 2.64887319639e-016]
    },
    "erbbands": {
        "mean": [0.52615904808, 10.1668863297, 16.4720802307, 3.71579647064, 2.68995380402, 24.6026229858, 63.6928634644, 104.567344666, 53.8498001099, 12.8362197876, 1.33540582657, 1.46307337284, 11.3471422195, 58.4640731812, 22.9710426331, 20.680809021, 24.9901008606, 13.1716518402, 13.9305801392, 32.8236846924, 18.7769699097, 13.3447875977, 7.11332702637, 5.51986885071, 5.47988319397, 2.78210401535, 1.86563527584, 1.48263442516, 1.11995637417, 0.911934018135, 0.718796670437, 0.426206231117, 0.254279226065, 0.136441230774, 0.0570271983743, 0.0165487993509, 0.00265431590378, 0.00013461249182, 3.7642857933e-005, 8.0436191638e-005],
        "var": [0.661690235138, 170.058609009, 534.410095215, 20.4664077759, 25.5673427582, 2131.43261719, 5255.31445313, 17848.4648438, 15466.2939453, 2264.98974609, 8.61761665344, 6.40812063217, 230.999649048, 7708.77978516, 780.838439941, 1720.68225098, 2408.86230469, 279.375946045, 196.577987671, 1850.53295898, 194.990829468, 243.713256836, 190.50328064, 48.9317741394, 65.2593765259, 13.4460163116, 5.92631053925, 5.10162639618, 4.81864070892, 4.75854110718, 2.11568140984, 0.780425548553, 0.273759365082, 0.0631436407566, 0.0118695218116, 0.00111238309182, 3.17849626299e-005, 1.27417024487e-007, 7.31352423067e-010, 3.86445053735e-009]
    },
    "gfcc": {
        "mean": [-30.7130279541, 126.46005249, -119.739707947, 52.8755073547, -30.4397068024, 20.4849472046, -39.2169685364, -5.25488042831, -19.8673591614, -3.52736878395, 4.35652685165, 9.05907344818, 14.0758085251],
        "cov": [[3872.18603516, 41.7864570618, 20.5351448059, 190.523757935, -194.599685669, 261.794586182, -81.1750335693, 119.741226196, -121.608924866, 106.63860321, -72.6790237427, 90.9018783569, -35.0989608765], [41.7864570618, 635.118286133, 7.86029911041, 34.5401039124, 275.503265381, -66.2357025146, 61.6472396851, -158.678573608, 56.1232528687, -133.77507019, 93.6131286621, -26.3903980255, 188.026641846], [20.5351448059, 7.86029911041, 656.815429688, 303.317657471, 208.598678589, 284.79473877, 217.752624512, 85.2870483398, 12.9335641861, 3.62513494492, -80.865737915, -87.6100616455, -70.2952728271], [190.523757935, 34.5401039124, 303.317657471, 250.88269043, 158.293212891, 173.225112915, 133.28729248, 55.5401000977, 30.0891513824, 12.4576253891, -28.2452144623, -80.2408294678, -57.0277671814], [-194.599685669, 275.503265381, 208.598678589, 158.293212891, 331.410461426, 184.177780151, 189.48777771, -28.2240028381, 18.575553894, -95.6019287109, -39.7417182922, -110.02066803, 69.3411636353], [261.794586182, -66.2357025146, 284.79473877, 173.225112915, 184.177780151, 403.044036865, 240.354064941, 89.8441467285, -81.4367370605, -87.1496810913, -188.148956299, -115.973815918, 7.60722398758], [-81.1750335693, 61.6472396851, 217.752624512, 133.28729248, 189.48777771, 240.354064941, 240.814086914, 60.6774215698, -12.0304288864, -82.3555679321, -100.45072937, -103.316139221, 4.61997127533], [119.741226196, -158.678573608, 85.2870483398, 55.5401000977, -28.2240028381, 89.8441467285, 60.6774215698, 133.211532593, 18.3441028595, 38.1790466309, -35.1758003235, 7.05916547775, -62.2012290955], [-121.608924866, 56.1232528687, 12.9335641861, 30.0891513824, 18.575553894, -81.4367370605, -12.0304288864, 18.3441028595, 123.111801147, 88.0411529541, 95.8704986572, -8.23926448822, -63.1149978638], [106.63860321, -133.77507019, 3.62513494492, 12.4576253891, -95.6019287109, -87.1496810913, -82.3555679321, 38.1790466309, 88.0411529541, 200.051986694, 104.718940735, -0.0699256882071, -165.189163208], [-72.6790237427, 93.6131286621, -80.865737915, -28.2452144623, -39.7417182922, -188.148956299, -100.45072937, -35.1758003235, 95.8704986572, 104.718940735, 201.074478149, 83.8218460083, -36.7960777283], [90.9018783569, -26.3903980255, -87.6100616455, -80.2408294678, -110.02066803, -115.973815918, -103.316139221, 7.05916547775, -8.23926448822, -0.0699256882071, 83.8218460083, 207.390823364, 100.555984497], [-35.0989608765, 188.026641846, -70.2952728271, -57.0277671814, 69.3411636353, 7.60722398758, 4.61997127533, -62.2012290955, -63.1149978638, -165.189163208, -36.7960777283, 100.555984497, 274.343353271]],
        "icov": [[0.00101448595524, -0.00331190205179, 0.0010653763311, -0.00229382817633, 0.00303763709962, -0.00276043941267, 0.00150049384683, -0.00128478312399, 0.00171277264599, -0.00251465383917, 0.0018645884702, -0.00156285695266, 0.000890865921974], [-0.00331190205179, 0.0178070217371, -0.00384894455783, 0.00740451784804, -0.0134023940191, 0.0106768142432, -0.00583775015548, 0.00777996284887, -0.00807597115636, 0.0117802554742, -0.010824312456, 0.00768659403548, -0.0061554168351], [0.0010653763311, -0.00384894455783, 0.00542527949437, -0.00665373867378, 0.00288051599637, -0.00320392334834, -0.000668772496283, 0.000608281872701, 0.00139528221916, -0.00441803736612, 0.00492204353213, -0.00497263111174, 0.00243480526842], [-0.00229382817633, 0.00740451784804, -0.00665373867378, 0.0183353628963, -0.0103117031977, 0.00326499436051, -0.000132463988848, -0.00105298531707, -0.00472823437303, 0.00702686468139, -0.00771977566183, 0.00601402763277, -0.00107901566662], [0.00303763709962, -0.0134023940191, 0.00288051599637, -0.0103117031977, 0.0248608589172, -0.0133592700586, -6.30413123872e-005, 0.000162220443599, 0.000769154459704, -0.00610752077773, 0.00252419780008, -0.000850200827699, -0.000556936080102], [-0.00276043941267, 0.0106768142432, -0.00320392334834, 0.00326499436051, -0.0133592700586, 0.0235913526267, -0.0128479497507, -0.000396195886424, 0.00553119182587, -2.28892131418e-005, 0.000522578600794, 0.00482528470457, -0.00540383346379], [0.00150049384683, -0.00583775015548, -0.000668772496283, -0.000132463988848, -6.30413123872e-005, -0.0128479497507, 0.0252555850893, -0.0111148264259, -0.00172550731804, 0.00747313629836, -0.00170353555586, 0.00250836391933, 0.00437585450709], [-0.00128478312399, 0.00777996284887, 0.000608281872701, -0.00105298531707, 0.000162220443599, -0.000396195886424, -0.0111148264259, 0.0285174977034, -0.0155392484739, 0.00208851415664, 0.00613305345178, -0.00988325942308, 0.00319106527604], [0.00171277264599, -0.00807597115636, 0.00139528221916, -0.00472823437303, 0.000769154459704, 0.00553119182587, -0.00172550731804, -0.0155392484739, 0.0336945690215, -0.0160037148744, -0.0040918700397, 0.0044935811311, -0.00279348180629], [-0.00251465383917, 0.0117802554742, -0.00441803736612, 0.00702686468139, -0.00610752077773, -2.28892131418e-005, 0.00747313629836, 0.00208851415664, -0.0160037148744, 0.034031920135, -0.0161949805915, 0.00689621502534, 0.00593496207148], [0.0018645884702, -0.010824312456, 0.00492204353213, -0.00771977566183, 0.00252419780008, 0.000522578600794, -0.00170353555586, 0.00613305345178, -0.0040918700397, -0.0161949805915, 0.0336619280279, -0.0209466554224, 0.00958015397191], [-0.00156285695266, 0.00768659403548, -0.00497263111174, 0.00601402763277, -0.000850200827699, 0.00482528470457, 0.00250836391933, -0.00988325942308, 0.0044935811311, 0.00689621502534, -0.0209466554224, 0.0264745950699, -0.0150211732835], [0.000890865921974, -0.0061554168351, 0.00243480526842, -0.00107901566662, -0.000556936080102, -0.00540383346379, 0.00437585450709, 0.00319106527604, -0.00279348180629, 0.00593496207148, 0.00958015397191, -0.0150211732835, 0.0190393999219]]
    },
    "melbands": {
        "mean": [0.00805097725242, 0.0110825803131, 0.000653477443848, 0.000772091618273, 0.00217079347931, 0.00230151158758, 0.000733833760023, 9.50831090449e-005, 6.89380749463e-006, 9.32707280299e-006, 5.47397903574e-005, 0.000230608391576, 9.54433635343e-005, 5.24988208781e-005, 6.94352202117e-005, 4.3734889914e-005, 2.10692178371e-005, 1.46041429616e-005, 4.56804154965e-005, 4.10306820413e-005, 1.81177420018e-005, 1.7562031644e-005, 5.5315699683e-006, 5.93610593569e-006, 4.06409571951e-006, 4.75286606161e-006, 2.43814361056e-006, 1.74696856448e-006, 1.17647834941e-006, 1.01568991795e-006, 7.92933519733e-007, 6.28501197752e-007, 5.6511476032e-007, 4.83023768538e-007, 4.28350347192e-007, 3.40975788049e-007, 2.30164516779e-007, 1.84348706966e-007, 1.48060067318e-007, 1.03011714714e-007],
        "var": [0.00012366885494, 0.000182143368875, 7.81423977969e-007, 1.90435298464e-006, 5.82181792197e-006, 7.39159213481e-006, 2.86773229163e-006, 1.76674646468e-007, 2.54044424386e-010, 3.11471154424e-010, 6.42342001811e-009, 1.1864031535e-007, 2.07088852733e-008, 1.83080288707e-008, 2.54367229502e-008, 5.14069453672e-009, 7.48169026732e-010, 2.46462433795e-010, 3.66149510711e-009, 1.85243076434e-009, 3.52734202957e-010, 4.53409948475e-010, 1.97381722078e-010, 9.71008135009e-011, 2.67789887487e-011, 5.88073201246e-011, 1.28534466057e-011, 5.7745891402e-012, 2.38654820732e-012, 1.9144746552e-012, 1.71282703732e-012, 1.56869883836e-012, 1.39004942539e-012, 1.41046896385e-012, 7.91910428292e-013, 4.22381259742e-013, 2.75965339989e-013, 1.51757038468e-013, 8.69786759435e-014, 3.51704850952e-014]
    },
    "mfcc": {
        "mean": [-673.089660645, 139.236068726, -7.84490442276, 41.0009803772, 31.2309131622, 26.4453277588, 6.73241329193, 5.94793558121, -5.86162853241, -7.2503323555, -13.9658746719, -3.27723574638, 9.75835895538],
        "cov": [[1997.00268555, -143.018310547, 230.621963501, -114.506698608, -76.5222473145, 10.6529741287, 58.3249778748, 28.4454841614, 27.818572998, 44.0225334167, 39.3550949097, 13.258228302, 0.0768488124013], [-143.018310547, 542.479370117, -94.2727203369, 135.224472046, 155.662567139, 119.817230225, 33.0975494385, 23.9703273773, -5.47507715225, -9.85165596008, -74.2247848511, -92.1942977905, -31.1173706055], [230.621963501, -94.2727203369, 445.67590332, 105.229431152, 74.2240600586, 135.427322388, 149.039535522, 107.873054504, 103.624237061, 106.975997925, 108.906745911, 24.0206623077, -46.3762435913], [-114.506698608, 135.224472046, 105.229431152, 187.554824829, 100.957191467, 52.7074584961, 20.7801399231, 6.79066848755, -2.61480712891, 16.4574756622, 43.7677230835, 69.7374343872, 52.7472114563], [-76.5222473145, 155.662567139, 74.2240600586, 100.957191467, 159.722167969, 129.973571777, 82.0816268921, 45.9627075195, 51.0305671692, 56.4994773865, 5.87876939774, -55.864276886, -44.8315353394], [10.6529741287, 119.817230225, 135.427322388, 52.7074584961, 129.973571777, 263.03616333, 203.657180786, 116.626464844, 122.942008972, 160.75491333, 36.5784912109, -145.379516602, -176.829269409], [58.3249778748, 33.0975494385, 149.039535522, 20.7801399231, 82.0816268921, 203.657180786, 235.399078369, 152.89151001, 140.552947998, 151.730422974, 43.4955940247, -124.700492859, -163.874542236], [28.4454841614, 23.9703273773, 107.873054504, 6.79066848755, 45.9627075195, 116.626464844, 152.89151001, 192.504135132, 142.426193237, 79.9836044312, -4.96889638901, -114.33215332, -125.963279724], [27.818572998, -5.47507715225, 103.624237061, -2.61480712891, 51.0305671692, 122.942008972, 140.552947998, 142.426193237, 172.772003174, 125.819801331, 17.6732120514, -128.710357666, -160.422225952], [44.0225334167, -9.85165596008, 106.975997925, 16.4574756622, 56.4994773865, 160.75491333, 151.730422974, 79.9836044312, 125.819801331, 225.064620972, 112.943031311, -83.185043335, -170.09286499], [39.3550949097, -74.2247848511, 108.906745911, 43.7677230835, 5.87876939774, 36.5784912109, 43.4955940247, -4.96889638901, 17.6732120514, 112.943031311, 188.253967285, 132.406143188, 16.7470054626], [13.258228302, -92.1942977905, 24.0206623077, 69.7374343872, -55.864276886, -145.379516602, -124.700492859, -114.33215332, -128.710357666, -83.185043335, 132.406143188, 368.125183105, 289.376861572], [0.0768488124013, -31.1173706055, -46.3762435913, 52.7472114563, -44.8315353394, -176.829269409, -163.874542236, -125.963279724, -160.422225952, -170.09286499, 16.7470054626, 289.376861572, 352.982727051]],
        "icov": [[0.000620236678515, -0.000254954502452, -0.000660474877805, 0.000847581599373, 0.000236930980464, 0.000136579808895, -0.000111761008156, 0.000113190762931, 0.00012723445252, -0.000402737903642, 0.000226717806072, -3.32868949044e-005, -0.000268734671408], [-0.000254954502452, 0.00421732896939, 0.00219598039985, -0.00323511217721, -0.00189504981972, -0.00232703075744, 0.000971006636973, -0.00135314115323, 0.00135027174838, 0.000791625527199, 0.000440374598838, 0.000549794465769, 0.000228790173423], [-0.000660474877805, 0.00219598039985, 0.00546001456678, -0.00413624476641, -0.000179519352969, -0.00203210045584, -0.000987946870737, -0.000764855998568, -0.00145603506826, 0.00253319554031, -0.00225653173402, 0.000398517993744, 9.60798861342e-005], [0.000847581599373, -0.00323511217721, -0.00413624476641, 0.0151988305151, -0.0070684030652, 0.00172628660221, 0.00137873145286, -0.00102313037496, 0.00175563676748, -0.00258400803432, 0.00120575213805, -0.00408451911062, -1.39542298712e-005], [0.000236930980464, -0.00189504981972, -0.000179519352969, -0.0070684030652, 0.0195123236626, -0.00817752536386, 0.000684683443978, 0.00289841089398, -0.00481247948483, 0.0015575849684, -0.00103030691389, 0.00391200557351, -0.00399543903768], [0.000136579808895, -0.00232703075744, -0.00203210045584, 0.00172628660221, -0.00817752536386, 0.0224508550018, -0.012871703133, 0.00189643912017, 0.00305834133178, -0.00553905311972, 0.00104177498724, 0.000770885846578, 0.00221859104931], [-0.000111761008156, 0.000971006636973, -0.000987946870737, 0.00137873145286, 0.000684683443978, -0.012871703133, 0.0237696897238, -0.010588908568, 0.00122394983191, -0.00350276427343, -0.000811667821836, 0.000322857638821, -0.000712680455763], [0.000113190762931, -0.00135314115323, -0.000764855998568, -0.00102313037496, 0.00289841089398, 0.00189643912017, -0.010588908568, 0.0209158435464, -0.015017580241, 0.00617053965107, 0.000117335795949, 0.000409953587223, -0.00039418914821], [0.00012723445252, 0.00135027174838, -0.00145603506826, 0.00175563676748, -0.00481247948483, 0.00305834133178, 0.00122394983191, -0.015017580241, 0.0275828111917, -0.0107955634594, 0.00360872945748, -0.000266035669483, 0.00317589915358], [-0.000402737903642, 0.000791625527199, 0.00253319554031, -0.00258400803432, 0.0015575849684, -0.00553905311972, -0.00350276427343, 0.00617053965107, -0.0107955634594, 0.0259296372533, -0.0169153455645, 0.00517937494442, 0.00293255550787], [0.000226717806072, 0.000440374598838, -0.00225653173402, 0.00120575213805, -0.00103030691389, 0.00104177498724, -0.000811667821836, 0.000117335795949, 0.00360872945748, -0.0169153455645, 0.0277539230883, -0.0170212462544, 0.00574456248432], [-3.32868949044e-005, 0.000549794465769, 0.000398517993744, -0.00408451911062, 0.00391200557351, 0.000770885846578, 0.000322857638821, 0.000409953587223, -0.000266035669483, 0.00517937494442, -0.0170212462544, 0.0223579779267, -0.0132563058287], [-0.000268734671408, 0.000228790173423, 9.60798861342e-005, -1.39542298712e-005, -0.00399543903768, 0.00221859104931, -0.000712680455763, -0.00039418914821, 0.00317589915358, 0.00293255550787, 0.00574456248432, -0.0132563058287, 0.0164518933743]]
    },
    "spectral_contrast_coeffs": {
        "mean": [-0.588984251022, -0.583788454533, -0.714388072491, -0.724989056587, -0.789859652519, -0.759575724602],
        "var": [0.00495882891119, 0.02109310776, 0.00709192408249, 0.0030796204228, 0.00128306949046, 0.000558412226383]
    },
    "spectral_contrast_valleys": {
        "mean": [-7.37784576416, -7.89452505112, -8.01830196381, -7.99900388718, -7.93470430374, -10.8679304123],
        "var": [1.54400897026, 0.903371810913, 0.871133029461, 0.859596550465, 0.743696331978, 0.822597920895]
    }
},
"metadata": {
    "audio_properties": {
        "analysis_sample_rate": 44100,
        "bit_rate": 103501,
        "equal_loudness": 0,
        "length": 45.0612258911,
        "lossless": 0,
        "replay_gain": -5.52655601501,
        "sample_rate": 44100,
        "codec": "mp3",
        "downmix": "mix",
        "md5_encoded": "d1eac58d6a3edad66e77627d298a9889"
    },
    "tags": {
        "file_name": "228.mp3"
    },
    "version": {
        "essentia": "2.1-beta2",
        "essentia_git_sha": "v2.1_beta2",
        "extractor": "music 1.0"
    }
},
"rhythm": {
    "beats_count": 60,
    "beats_loudness": {
        "mean": 0.169894650578,
        "var": 0.00310744997114
    },
    "bpm": 80.1468811035,
    "bpm_histogram_first_peak_bpm": {
        "mean": 81,
        "var": 0
    },
    "bpm_histogram_first_peak_spread": {
        "mean": 0.0877193585038,
        "var": 0
    },
    "bpm_histogram_first_peak_weight": {
        "mean": 0.881355941296,
        "var": 0
    },
    "bpm_histogram_second_peak_bpm": {
        "mean": 86,
        "var": 0
    },
    "bpm_histogram_second_peak_spread": {
        "mean": 0,
        "var": 0
    },
    "bpm_histogram_second_peak_weight": {
        "mean": 0.0338983051479,
        "var": 0
    },
    "danceability": 1.12679696083,
    "onset_rate": 4.3698592186,
    "beats_loudness_band_ratio": {
        "mean": [0.873159348965, 0.093587897718, 0.012661492452, 0.0186176039279, 0.00830259360373, 0.00192172056995],
        "var": [0.0102583700791, 0.00632439879701, 0.000701196666341, 0.000317768630339, 8.11084828456e-005, 8.58634757606e-006]
    },
    "beats_position": [0.673378646374, 1.369977355, 2.06657600403, 2.77478456497, 3.50621318817, 4.2492518425, 4.99229001999, 5.73532867432, 6.47836732864, 7.24462556839, 7.98766422272, 8.74231243134, 9.49696159363, 10.2399997711, 10.9946479797, 11.749297142, 12.4923353195, 13.2469835281, 14.0016326904, 14.7446708679, 15.4877090454, 16.2307472229, 16.9737873077, 17.7284355164, 18.483083725, 19.2377319336, 19.9923801422, 20.7354183197, 21.5016784668, 22.2447166443, 22.9993648529, 23.7540130615, 24.497051239, 25.2400894165, 25.9947395325, 26.7493877411, 27.4924259186, 28.2354640961, 28.9785022736, 29.7331504822, 30.476190567, 31.2308387756, 31.9854869843, 32.7401351929, 33.5063934326, 34.2494316101, 34.9924697876, 35.7471199036, 36.5017662048, 37.244808197, 37.9878463745, 38.7424926758, 39.4971427917, 40.2401809692, 40.9832191467, 41.7262573242, 42.4692955017, 43.2355537415, 43.9902038574, 44.7448501587]
},
"tonal": {
    "chords_changes_rate": 0.0823045298457,
    "chords_number_rate": 0.0113168722019,
    "chords_strength": {
        "mean": 0.388536214828,
        "var": 0.00441707065329
    },
    "hpcp_entropy": {
        "mean": 1.66616356373,
        "var": 0.271064221859
    },
    "key_strength": 0.646989405155,
    "tuning_diatonic_strength": 0.439935475588,
    "tuning_equal_tempered_deviation": 0.0315621718764,
    "tuning_frequency": 440.508636475,
    "tuning_nontempered_energy_ratio": 0.622391343117,
    "hpcp": {
        "mean": [0.0620775260031, 0.0371985808015, 0.0481571815908, 0.0894612967968, 0.0509033314884, 0.00893826968968, 0.00794494710863, 0.0125943627208, 0.0953810960054, 0.165995106101, 0.08990740031, 0.017286516726, 0.0157967079431, 0.0195088516921, 0.0698908343911, 0.152710258961, 0.130861461163, 0.183672875166, 0.256624162197, 0.119414031506, 0.015222299844, 0.0107523091137, 0.0195059888065, 0.170977890491, 0.250305145979, 0.101002261043, 0.0267134215683, 0.0336383655667, 0.0250319130719, 0.0768883526325, 0.129338815808, 0.0750465467572, 0.0468210913241, 0.107979632914, 0.0929770469666, 0.0503943525255],
        "var": [0.0367241837084, 0.0120068443939, 0.0120994821191, 0.0412338934839, 0.0127930464223, 0.0010640117107, 0.000401043624151, 0.000864289759193, 0.031201897189, 0.099069185555, 0.0352698080242, 0.00428935326636, 0.00666842516512, 0.0121034607291, 0.0241830367595, 0.0976645201445, 0.0696373432875, 0.0843508541584, 0.172441840172, 0.0442941300571, 0.00507054105401, 0.0035965514835, 0.00536564737558, 0.0876905545592, 0.174074590206, 0.0302599798888, 0.00750370137393, 0.0127668064088, 0.0101707205176, 0.0356385223567, 0.0886408388615, 0.0352953374386, 0.020593283698, 0.0787897184491, 0.0599971115589, 0.0186051875353]
    },
    "chords_histogram": [22.4279842377, 1.23456788063, 2.05761313438, 2.05761313438, 11.0082302094, 6.37860059738, 1.85185182095, 0, 0, 0, 1.23456788063, 0, 0, 0, 0, 0, 0, 0, 0, 0, 0, 24.4855976105, 2.16049385071, 25.1028804779],
    "thpcp": [1, 0.46532651782, 0.059317484498, 0.0418990515172, 0.0760099440813, 0.666257977486, 0.975376367569, 0.393580466509, 0.104095503688, 0.131080269814, 0.0975430905819, 0.29961463809, 0.504000902176, 0.292437583208, 0.182450056076, 0.420769542456, 0.362308233976, 0.19637414813, 0.241900548339, 0.144953534007, 0.187656462193, 0.348608225584, 0.198357522488, 0.0348301939666, 0.0309594664723, 0.0490770712495, 0.371676206589, 0.646841287613, 0.350346595049, 0.0673612207174, 0.0615558102727, 0.076021105051, 0.272347062826, 0.595073580742, 0.509934306145, 0.71572715044],
    "chords_key": "C",
    "chords_scale": "minor",
    "key_key": "D#",
    "key_scale": "major"
}
}