{
"lowlevel": {
    "average_loudness": 0.876499533653,
    "barkbands_crest": {
        "mean": 13.1594934464,
        "var": 21.4312114716
    },
    "barkbands_flatness_db": {
        "mean": 0.202537924051,
        "var": 0.00312223052606
    },
    "barkbands_kurtosis": {
        "mean": 4.05791664124,
        "var": 61.1055488586
    },
    "barkbands_skewness": {
        "mean": 1.44155263901,
        "var": 1.76203691959
    },
    "barkbands_spread": {
        "mean": 18.5601444244,
        "var": 87.2424697876
    },
    "dissonance": {
        "mean": 0.459477931261,
        "var": 0.00106990605127
    },
    "dynamic_complexity": 2.8213596344,
    "erbbands_crest": {
        "mean": 13.405295372,
        "var": 45.3903007507
    },
    "erbbands_flatness_db": {
        "mean": 0.222818180919,
        "var": 0.0033516434487
    },
    "erbbands_kurtosis": {
        "mean": 1.51475000381,
        "var": 12.3132944107
    },
    "erbbands_skewness": {
        "mean": 0.410200029612,
        "var": 0.728212952614
    },
    "erbbands_spread": {
        "mean": 28.5631923676,
        "var": 262.765960693
    },
    "hfc": {
        "mean": 16.0785560608,
        "var": 195.325302124
    },
    "melbands_crest": {
        "mean": 19.3214740753,
        "var": 45.3030662537
    },
    "melbands_flatness_db": {
        "mean": 0.258529931307,
        "var": 0.00590567057952
    },
    "melbands_kurtosis": {
        "mean": 12.8662929535,
        "var": 421.082214355
    },
    "melbands_skewness": {
        "mean": 2.47726249695,
        "var": 4.05437469482
    },
    "melbands_spread": {
        "mean": 21.2943134308,
        "var": 216.791107178
    },
    "pitch_salience": {
        "mean": 0.43741646409,
        "var": 0.0143974497914
    },
    "silence_rate_20dB": {
        "mean": 1,
        "var": 0
    },
    "silence_rate_30dB": {
        "mean": 0.964487910271,
        "var": 0.0342515148222
    },
    "silence_rate_60dB": {
        "mean": 0.0344827584922,
        "var": 0.0332943014801
    },
    "spectral_centroid": {
        "mean": 1552.48461914,
        "var": 513099.5
    },
    "spectral_complexity": {
        "mean": 15.9202260971,
        "var": 71.3518753052
    },
    "spectral_decrease": {
        "mean": -8.88168827373e-009,
        "var": 6.22098914423e-017
    },
    "spectral_energy": {
        "mean": 0.0349798984826,
        "var": 0.000939885445405
    },
    "spectral_energyband_high": {
        "mean": 0.000434120971477,
        "var": 5.24582333128e-007
    },
    "spectral_energyband_low": {
        "mean": 0.0213099271059,
        "var": 0.000532480247784
    },
    "spectral_energyband_middle_high": {
        "mean": 0.00677697686478,
        "var": 3.19089085679e-005
    },
    "spectral_energyband_middle_low": {
        "mean": 0.00751355104148,
        "var": 0.000113646186946
    },
    "spectral_entropy": {
        "mean": 7.24294281006,
        "var": 0.281614243984
    },
    "spectral_flux": {
        "mean": 0.0738794878125,
        "var": 0.00314986542799
    },
    "spectral_kurtosis": {
        "mean": 5.44753313065,
        "var": 39.2568244934
    },
    "spectral_rms": {
        "mean": 0.00530231790617,
        "var": 6.01212877882e-006
    },
    "spectral_rolloff": {
        "mean": 1109.2076416,
        "var": 1367369
    },
    "spectral_skewness": {
        "mean": 1.30840861797,
        "var": 0.480543971062
    },
    "spectral_spread": {
        "mean": 3112066.75,
        "var": 2.80966201344e+012
    },
    "spectral_strongpeak": {
        "mean": 0.946632266045,
        "var": 1.45980572701
    },
    "zerocrossingrate": {
        "mean": 0.0447256080806,
        "var": 0.000926685635932
    },
    "barkbands": {
        "mean": [0.000893651740626, 0.0152639048174, 0.00417053373531, 0.00163102452643, 0.00139056390617, 0.00159102387261, 0.000979414093308, 0.00111144967377, 0.000647106848191, 0.00157895812299, 0.00280958879739, 0.000409649655921, 0.000318898586556, 0.000196437555132, 0.000289317948045, 0.000180541464943, 0.000375891278964, 0.000156503665494, 0.000475860055303, 0.000175195280463, 0.000164061711985, 9.991722618e-005, 4.24156314693e-005, 1.97025783564e-005, 7.65702952776e-006, 6.11011216733e-007, 7.16930799172e-008],
        "var": [1.75085187948e-006, 0.000321420870023, 4.61085110146e-005, 1.03691172626e-005, 1.80663555511e-005, 1.26621089294e-005, 5.28108375875e-006, 3.98086149289e-006, 5.75233627842e-007, 6.19446518613e-006, 7.29744351702e-006, 5.18141803241e-007, 6.4703112912e-007, 2.33585950582e-007, 3.25857541839e-007, 6.83854821659e-008, 7.88251441008e-007, 8.52897201753e-008, 2.32523257182e-006, 1.62918325941e-007, 1.28715711867e-007, 5.09322966025e-008, 9.42120070846e-009, 2.42631226222e-009, 3.9742148461e-010, 6.49835307093e-012, 8.43760879308e-013]
    },
    "erbbands": {
        "mean": [0.627404212952, 2.67814612389, 4.95044517517, 5.35254096985, 4.93500614166, 4.79765558243, 7.76700210571, 13.4077224731, 13.6059455872, 15.8015460968, 25.0811138153, 19.0835151672, 17.0555286407, 70.18699646, 123.373100281, 22.2063274384, 14.92664814, 11.5188903809, 14.5914335251, 12.3184480667, 10.5370512009, 15.9824743271, 12.4050979614, 13.2416276932, 27.2735443115, 8.77905654907, 7.44383382797, 5.94263553619, 3.63417124748, 2.01190567017, 1.1691211462, 0.49442589283, 0.278640985489, 0.120703041553, 0.0387223958969, 0.00660622911528, 0.000527989992406, 0.000110004708404, 2.88753290079e-005, 4.0277838707e-005],
        "var": [0.590334892273, 11.045372963, 58.881275177, 91.6756210327, 92.5663223267, 400.456451416, 238.869155884, 992.675292969, 1143.21582031, 1030.66125488, 2236.88964844, 514.459960938, 416.361663818, 9461.78417969, 15749.2792969, 962.141235352, 1067.51745605, 868.712341309, 980.325256348, 462.10748291, 267.949584961, 1168.44970703, 593.969299316, 540.943786621, 9597.40722656, 402.30859375, 301.154205322, 106.656806946, 60.451587677, 19.9678249359, 11.9144268036, 1.49052524567, 0.48108240962, 0.108005821705, 0.0110400011763, 0.000504761585034, 3.61198181054e-006, 6.15039482454e-007, 1.86803443825e-008, 1.2153986706e-009]
    },
    "gfcc": {
        "mean": [-48.4820480347, 139.678741455, -154.847702026, 46.8232307434, -49.2972755432, 11.8497095108, -1.0487869978, 9.1731967926, -12.1845006943, -9.08325099945, -0.125229254365, -0.766140341759, 9.14357185364],
        "cov": [[6403.45605469, -319.910949707, 561.07635498, 589.406188965, -674.95690918, 668.940795898, -530.016845703, 148.040374756, 48.4089279175, 235.032531738, 156.327606201, -75.8495330811, -281.452392578], [-319.910949707, 1175.5402832, 172.440261841, -170.83442688, 459.344329834, -296.216400146, 186.743057251, -120.747299194, 19.9398326874, -175.950042725, 7.75387907028, -38.122959137, 52.7530403137], [561.07635498, 172.440261841, 968.572387695, 246.027099609, 99.8064117432, 233.712554932, -142.842208862, 57.3602714539, -2.5173766613, -13.5602807999, 58.4024047852, -68.3083267212, -154.282730103], [589.406188965, -170.83442688, 246.027099609, 518.267944336, 9.76936149597, 150.708633423, 13.9041490555, -4.05689716339, 71.6248855591, 133.95123291, 22.3613109589, -103.59135437, -66.3755722046], [-674.95690918, 459.344329834, 99.8064117432, 9.76936149597, 466.146850586, -123.748458862, 190.718612671, -55.5284080505, -53.0607261658, -59.0523147583, -21.5607299805, -4.08505058289, 41.2563209534], [668.940795898, -296.216400146, 233.712554932, 150.708633423, -123.748458862, 362.131988525, -50.9149246216, 104.242973328, 58.3674850464, 52.0395584106, 76.5370635986, 8.17135620117, -45.4629554749], [-530.016845703, 186.743057251, -142.842208862, 13.9041490555, 190.718612671, -50.9149246216, 323.92175293, 33.4978141785, 61.5753898621, -2.25641345978, 18.7454528809, 23.2250957489, 97.1690979004], [148.040374756, -120.747299194, 57.3602714539, -4.05689716339, -55.5284080505, 104.242973328, 33.4978141785, 179.786102295, 69.0309448242, 10.421005249, 41.7722473145, 28.0001773834, 7.48764753342], [48.4089279175, 19.9398326874, -2.5173766613, 71.6248855591, -53.0607261658, 58.3674850464, 61.5753898621, 69.0309448242, 212.798141479, 58.7981910706, 64.6707382202, -3.79303741455, 17.3859596252], [235.032531738, -175.950042725, -13.5602807999, 133.95123291, -59.0523147583, 52.0395584106, -2.25641345978, 10.421005249, 58.7981910706, 180.47946167, 37.2242584229, -23.9836902618, -5.44645738602], [156.327606201, 7.75387907028, 58.4024047852, 22.3613109589, -21.5607299805, 76.5370635986, 18.7454528809, 41.7722473145, 64.6707382202, 37.2242584229, 187.87588501, 48.8438873291, 8.49462223053], [-75.8495330811, -38.122959137, -68.3083267212, -103.59135437, -4.08505058289, 8.17135620117, 23.2250957489, 28.0001773834, -3.79303741455, -23.9836902618, 48.8438873291, 177.765701294, 52.8257255554], [-281.452392578, 52.7530403137, -154.282730103, -66.3755722046, 41.2563209534, -45.4629554749, 97.1690979004, 7.48764753342, 17.3859596252, -5.44645738602, 8.49462223053, 52.8257255554, 144.164962769]],
        "icov": [[0.000419653748395, -0.00092196429614, 0.00036743353121, -0.000729339197278, 0.000890006311238, -0.000911479990464, 0.000564252841286, -0.000679417629726, 0.00086358509725, -0.000633680319879, 0.000150940337335, -0.00041725859046, 0.000342828716384], [-0.00092196429614, 0.00497807888314, -0.00193201482762, 0.00271402834915, -0.00377019960433, 0.00370461330749, -0.00179467035923, 0.00319925160147, -0.00399882299826, 0.00321186054498, -0.00137966359034, 0.00207828264683, -0.00122554588597], [0.00036743353121, -0.00193201482762, 0.00280889845453, -0.00175286084414, 9.77981981123e-005, -0.00239168060943, 0.00210546539165, -0.00201898836531, 0.00144479912706, -0.000481237919303, 1.43303202549e-006, -0.000533668266144, 0.00152987730689], [-0.000729339197278, 0.00271402834915, -0.00175286084414, 0.00527124479413, -0.00232584634796, 0.00106844492257, -0.00210383161902, 0.00298067182302, -0.00286096287891, -0.000413324509282, -0.000286608265014, 0.00237018382177, -0.000122392055346], [0.000890006311238, -0.00377019960433, 9.77981981123e-005, -0.00232584634796, 0.00753212394193, -0.00162018695846, -0.00177006446756, -0.00129448168445, 0.00434654392302, -0.00193338817917, 0.000948196160607, -0.00170545454603, 0.000716633279808], [-0.000911479990464, 0.00370461330749, -0.00239168060943, 0.00106844492257, -0.00162018695846, 0.00802921596915, -0.00171022757422, 0.000450354826171, -0.00277282157913, 0.00230963854119, -0.00185610819608, 0.000875579775311, -0.000867470691446], [0.000564252841286, -0.00179467035923, 0.00210546539165, -0.00210383161902, -0.00177006446756, -0.00171022757422, 0.00777983246371, -0.00314982747659, -0.000107907333586, -0.000676797586493, 2.70600830845e-005, -0.000589307805058, -0.00186821341049], [-0.000679417629726, 0.00319925160147, -0.00201898836531, 0.00298067182302, -0.00129448168445, 0.000450354826171, -0.00314982747659, 0.0105769522488, -0.00442909123376, 0.00208555464633, -0.000688581785653, 0.000662868376821, -0.000788681034464], [0.00086358509725, -0.00399882299826, 0.00144479912706, -0.00286096287891, 0.00434654392302, -0.00277282157913, -0.000107907333586, -0.00442909123376, 0.0103136282414, -0.00364615255967, -0.000651879759971, -0.000920236576349, 0.000556737533771], [-0.000633680319879, 0.00321186054498, -0.000481237919303, -0.000413324509282, -0.00193338817917, 0.00230963854119, -0.000676797586493, 0.00208555464633, -0.00364615255967, 0.010181851685, -0.00215394981205, 0.00185080291703, -0.00121512438636], [0.000150940337335, -0.00137966359034, 1.43303202549e-006, -0.000286608265014, 0.000948196160607, -0.00185610819608, 2.70600830845e-005, -0.000688581785653, -0.000651879759971, -0.00215394981205, 0.00763909611851, -0.0026980584953, 0.000365708168829], [-0.00041725859046, 0.00207828264683, -0.000533668266144, 0.00237018382177, -0.00170545454603, 0.000875579775311, -0.000589307805058, 0.000662868376821, -0.000920236576349, 0.00185080291703, -0.0026980584953, 0.00876583810896, -0.00280015659519], [0.000342828716384, -0.00122554588597, 0.00152987730689, -0.000122392055346, 0.000716633279808, -0.000867470691446, -0.00186821341049, -0.000788681034464, 0.000556737533771, -0.00121512438636, 0.000365708168829, -0.00280015659519, 0.0113481236622]]
    },
    "melbands": {
        "mean": [0.00475498335436, 0.00287821306847, 0.00092258467339, 0.00036830449244, 0.000253648817306, 0.000299792271107, 0.000205242235097, 0.000180056202225, 0.000199163638172, 0.00010336698324, 8.4102335677e-005, 0.000277828134131, 0.000393479916966, 0.000132109285914, 3.48122812284e-005, 2.72885663435e-005, 2.0218996724e-005, 2.20390265895e-005, 1.82803796633e-005, 1.60680046974e-005, 1.15882330647e-005, 1.47382879732e-005, 2.02722767426e-005, 8.00068301032e-006, 8.82873246155e-006, 2.48175911111e-005, 8.53833353176e-006, 5.55712313144e-006, 4.40230633103e-006, 4.57513215224e-006, 3.39697430718e-006, 2.42733335654e-006, 1.20954598515e-006, 1.0226857512e-006, 7.70683698192e-007, 2.9627534559e-007, 3.21217612509e-007, 1.91351716694e-007, 1.58773048042e-007, 8.16478120669e-008],
        "var": [3.22263949784e-005, 1.4042667317e-005, 2.45633395934e-006, 1.32041634515e-006, 2.45871916604e-007, 4.76900197555e-007, 2.56831469869e-007, 1.21262544894e-007, 1.2314524156e-007, 1.63296700606e-008, 1.1245870013e-008, 1.7972196531e-007, 1.37830156177e-007, 2.70771725042e-008, 7.66346097691e-009, 4.75626427132e-009, 2.76581468839e-009, 2.32379293585e-009, 1.5971338696e-009, 4.86308604497e-010, 4.65504329528e-010, 7.88703602428e-010, 3.48863515853e-009, 1.58389162896e-010, 3.23326004859e-010, 9.26776699828e-009, 2.84801043859e-010, 3.57676971374e-010, 9.67078153669e-011, 1.76319653322e-010, 3.37917471782e-011, 3.9404392943e-011, 1.21640718331e-011, 4.24162874962e-012, 8.70833700289e-012, 3.13011850597e-013, 1.16835837879e-012, 1.69262458325e-013, 5.45600782435e-013, 4.61892351623e-014]
    },
    "mfcc": {
        "mean": [-675.500305176, 152.573760986, -30.967376709, 38.9215812683, -12.8858823776, 9.6981048584, 14.2075862885, 18.7068653107, 11.305103302, 1.07610476017, -1.62010836601, -0.280058979988, 7.11620426178],
        "cov": [[4446.9296875, -982.520812988, 998.654296875, -171.833099365, 100.661270142, 284.010559082, -228.573318481, -98.8084335327, -249.679046631, 158.691741943, 200.402084351, 341.264373779, 129.470092773], [-982.520812988, 1544.4329834, -238.144302368, 150.490814209, 156.079421997, -123.981620789, 129.259307861, 64.8854217529, 46.5505447388, -149.589675903, -121.941490173, -130.197372437, -49.7889480591], [998.654296875, -238.144302368, 971.795715332, -35.6224784851, 263.570892334, 123.729354858, -46.1006851196, 77.908996582, -140.168441772, 118.492156982, 71.0444869995, 124.305847168, 72.6803817749], [-171.833099365, 150.490814209, -35.6224784851, 402.602813721, 78.8784484863, 120.468955994, 79.9454421997, -66.5065383911, 77.6928329468, 30.3890132904, 60.7257575989, -30.1697273254, -34.4733848572], [100.661270142, 156.079421997, 263.570892334, 78.8784484863, 259.639678955, 75.4940414429, 49.7771987915, 23.0714588165, -54.4099960327, 9.87163257599, 20.259475708, 10.0205163956, 3.16690349579], [284.010559082, -123.981620789, 123.729354858, 120.468955994, 75.4940414429, 211.189529419, 59.8875427246, -17.5156955719, -7.25437259674, 42.201625824, 57.1846046448, 38.7931098938, 8.65113544464], [-228.573318481, 129.259307861, -46.1006851196, 79.9454421997, 49.7771987915, 59.8875427246, 199.161880493, 47.3900566101, 50.4457511902, -8.85630226135, 5.29998254776, -23.0902938843, 13.5245819092], [-98.8084335327, 64.8854217529, 77.908996582, -66.5065383911, 23.0714588165, -17.5156955719, 47.3900566101, 232.188201904, 25.020816803, 9.40390491486, -12.7344093323, 0.0627073049545, 63.3803253174], [-249.679046631, 46.5505447388, -140.168441772, 77.6928329468, -54.4099960327, -7.25437259674, 50.4457511902, 25.020816803, 205.930160522, 39.574344635, 2.29436588287, -11.2644109726, -56.2824897766], [158.691741943, -149.589675903, 118.492156982, 30.3890132904, 9.87163257599, 42.201625824, -8.85630226135, 9.40390491486, 39.574344635, 183.964294434, 73.4479675293, 54.4957313538, 13.7279405594], [200.402084351, -121.941490173, 71.0444869995, 60.7257575989, 20.259475708, 57.1846046448, 5.29998254776, -12.7344093323, 2.29436588287, 73.4479675293, 155.095611572, 31.1322078705, 38.4132385254], [341.264373779, -130.197372437, 124.305847168, -30.1697273254, 10.0205163956, 38.7931098938, -23.0902938843, 0.0627073049545, -11.2644109726, 54.4957313538, 31.1322078705, 170.301712036, 47.2281227112], [129.470092773, -49.7889480591, 72.6803817749, -34.4733848572, 3.16690349579, 8.65113544464, 13.5245819092, 63.3803253174, -56.2824897766, 13.7279405594, 38.4132385254, 47.2281227112, 155.448822021]],
        "icov": [[0.000397460971726, 6.86057319399e-005, -0.000332563882694, 0.000161972828209, 0.000190988910617, -0.000419712276198, 0.000260803644778, 0.000179288515938, 7.40362011129e-005, 0.000178617716301, -0.000245794159127, -0.000356376782293, -1.39320236485e-005], [6.86057319399e-005, 0.00105844368227, 0.000254098296864, -0.000486546690809, -0.000997471623123, 0.000883395667188, -0.000301168038277, -0.000261992536252, -2.23793767873e-006, 0.000398548319936, 0.000416224414948, 7.99575173005e-006, 1.80576753337e-005], [-0.000332563882694, 0.000254098296864, 0.00242141215131, 6.53477327432e-005, -0.00233553443104, -2.47668231168e-005, 0.000522241811268, -0.000901764840819, 0.000701000390109, -0.00102582992986, 0.000263905385509, -0.00035422979272, -1.27109819914e-006], [0.000161972828209, -0.000486546690809, 6.53477327432e-005, 0.00457701878622, -0.000985501334071, -0.00252195796929, -4.79272675875e-005, 0.00171627954114, -0.0019781475421, -0.000145745652844, -0.00117366469931, 0.00097508408362, -0.000550999538973], [0.000190988910617, -0.000997471623123, -0.00233553443104, -0.000985501334071, 0.00824592448771, -0.00127844524104, -0.00151325867046, -0.000479797745356, 0.00219686282799, 0.000250236742431, -0.000671663321555, -0.000283906731056, 0.00165086006746], [-0.000419712276198, 0.000883395667188, -2.47668231168e-005, -0.00252195796929, -0.00127844524104, 0.00901905540377, -0.00290888082236, -0.000143896075315, 0.00118635664694, -0.000301203224808, -0.000689831038471, -0.00124125077855, 0.000924387655687], [0.000260803644778, -0.000301168038277, 0.000522241811268, -4.79272675875e-005, -0.00151325867046, -0.00290888082236, 0.00792641378939, -0.000992007669993, -0.00213977810927, 0.000699917203747, 0.000101993442513, 0.000788749253843, -0.00176231481601], [0.000179288515938, -0.000261992536252, -0.000901764840819, 0.00171627954114, -0.000479797745356, -0.000143896075315, -0.000992007669993, 0.00678293453529, -0.00256813713349, -0.000230811434449, 0.00081797002349, 0.00105893437285, -0.00352578400634], [7.40362011129e-005, -2.23793767873e-006, 0.000701000390109, -0.0019781475421, 0.00219686282799, 0.00118635664694, -0.00213977810927, -0.00256813713349, 0.00917654857039, -0.00226485775784, -0.000345449720044, -0.00151567114517, 0.00436202762648], [0.000178617716301, 0.000398548319936, -0.00102582992986, -0.000145745652844, 0.000250236742431, -0.000301203224808, 0.000699917203747, -0.000230811434449, -0.00226485775784, 0.00856319908053, -0.00309937028214, -0.00154052267317, 0.000128743500682], [-0.000245794159127, 0.000416224414948, 0.000263905385509, -0.00117366469931, -0.000671663321555, -0.000689831038471, 0.000101993442513, 0.00081797002349, -0.000345449720044, -0.00309937028214, 0.00989153143018, 0.000557895516977, -0.00280112260953], [-0.000356376782293, 7.99575173005e-006, -0.00035422979272, 0.00097508408362, -0.000283906731056, -0.00124125077855, 0.000788749253843, 0.00105893437285, -0.00151567114517, -0.00154052267317, 0.000557895516977, 0.00851980876178, -0.0028833297547], [-1.39320236485e-005, 1.80576753337e-005, -1.27109819914e-006, -0.000550999538973, 0.00165086006746, 0.000924387655687, -0.00176231481601, -0.00352578400634, 0.00436202762648, 0.000128743500682, -0.00280112260953, -0.0028833297547, 0.0109707359225]]
    },
    "spectral_contrast_coeffs": {
        "mean": [-0.700869679451, -0.73726952076, -0.693115651608, -0.787253499031, -0.756234765053, -0.673660993576],
        "var": [0.00562858162448, 0.00436179153621, 0.00645315600559, 0.00228628749028, 0.00325357238762, 0.00314677413553]
    },
    "spectral_contrast_valleys": {
        "mean": [-7.3309636116, -7.04715490341, -7.36587762833, -7.94356918335, -7.90491199493, -11.8835277557],
        "var": [1.76418864727, 1.38222968578, 1.13898444176, 1.21177828312, 1.23913931847, 1.97569727898]
    }
},
"metadata": {
    "audio_properties": {
        "analysis_sample_rate": 44100,
        "bit_rate": 112536,
        "equal_loudness": 0,
        "length": 45.0873451233,
        "lossless": 0,
        "replay_gain": -11.3163204193,
        "sample_rate": 44100,
        "codec": "mp3",
        "downmix": "mix",
        "md5_encoded": "8a59caf778fdf96d7dd30322fcf58702"
    },
    "tags": {
        "file_name": "229.mp3"
    },
    "version": {
        "essentia": "2.1-beta2",
        "essentia_git_sha": "v2.1_beta2",
        "extractor": "music 1.0"
    }
},
"rhythm": {
    "beats_count": 107,
    "beats_loudness": {
        "mean": 0.060983709991,
        "var": 0.00201182882302
    },
    "bpm": 143.949554443,
    "bpm_histogram_first_peak_bpm": {
        "mean": 144,
        "var": 0
    },
    "bpm_histogram_first_peak_spread": {
        "mean": 0.133333295584,
        "var": 0
    },
    "bpm_histogram_first_peak_weight": {
        "mean": 0.858490586281,
        "var": 0
    },
    "bpm_histogram_second_peak_bpm": {
        "mean": 126,
        "var": 0
    },
    "bpm_histogram_second_peak_spread": {
        "mean": 0,
        "var": 0
    },
    "bpm_histogram_second_peak_weight": {
        "mean": 0.00943396240473,
        "var": 0
    },
    "danceability": 1.17452037334,
    "onset_rate": 3.81334447861,
    "beats_loudness_band_ratio": {
        "mean": [0.618597507477, 0.0607091113925, 0.0789557471871, 0.175401613116, 0.0420132987201, 0.0398694202304],
        "var": [0.100672662258, 0.00549376895651, 0.0124330595136, 0.0453002937138, 0.00180485250894, 0.00409950781614]
    },
    "beats_position": [0.452789098024, 0.9287981987, 1.35836732388, 1.78793644905, 2.20589566231, 2.62385487556, 3.04181408882, 3.45977306366, 3.86612248421, 4.28408145905, 4.7020406723, 5.11999988556, 5.52634906769, 5.94430828094, 6.3622674942, 6.78022670746, 7.19818592072, 7.61614513397, 8.03410434723, 8.45206356049, 8.87002277374, 9.287981987, 9.70594120026, 10.1239004135, 10.5418596268, 10.95981884, 11.3777770996, 11.7957363129, 12.202085495, 12.6200447083, 13.0263938904, 13.4443531036, 13.8623123169, 14.2802715302, 14.6982307434, 15.1161899567, 15.5341491699, 15.9521083832, 16.3700675964, 16.7880268097, 17.2059860229, 17.6239452362, 18.0419044495, 18.4598636627, 18.8662128448, 19.2841720581, 19.6905212402, 20.1084804535, 20.5264396667, 20.94439888, 21.3623580933, 21.7803173065, 22.1982765198, 22.616235733, 23.0341949463, 23.4521541595, 23.8701133728, 24.2880725861, 24.7060317993, 25.1239910126, 25.5419502258, 25.9599094391, 26.3662586212, 26.7842178345, 27.1905670166, 27.6085262299, 28.0264854431, 28.4444446564, 28.8624038696, 29.2803630829, 29.6983222961, 30.1162815094, 30.5342407227, 30.9521980286, 31.3701572418, 31.7881164551, 32.2060775757, 32.6240348816, 33.0419960022, 33.4599533081, 33.8779144287, 34.2958717346, 34.7138328552, 35.1317901611, 35.5381393433, 35.9444885254, 36.362449646, 36.7804069519, 37.1983680725, 37.6163253784, 38.034286499, 38.4522438049, 38.8702049255, 39.2881622314, 39.7061233521, 40.124080658, 40.5420417786, 40.9599990845, 41.3663482666, 41.7843093872, 42.2022666931, 42.6202278137, 43.0265769958, 43.4445343018, 43.8624954224, 44.2804527283, 44.6984100342]
},
"tonal": {
    "chords_changes_rate": 0.0339506156743,
    "chords_number_rate": 0.00925925932825,
    "chords_strength": {
        "mean": 0.520720362663,
        "var": 0.00824665743858
    },
    "hpcp_entropy": {
        "mean": 1.83842384815,
        "var": 0.341716706753
    },
    "key_strength": 0.631791651249,
    "tuning_diatonic_strength": 0.521772623062,
    "tuning_equal_tempered_deviation": 0.201692521572,
    "tuning_frequency": 434.193115234,
    "tuning_nontempered_energy_ratio": 0.973905026913,
    "hpcp": {
        "mean": [0.402587562799, 0.351540893316, 0.136012509465, 0.0374389588833, 0.028372772038, 0.0301576834172, 0.106499262154, 0.138545289636, 0.06604077667, 0.170461326838, 0.231309384108, 0.0900251120329, 0.028732124716, 0.031496360898, 0.037827052176, 0.0996889024973, 0.123762816191, 0.0650159493089, 0.0287166256458, 0.023412598297, 0.0457539670169, 0.145090818405, 0.161738440394, 0.104627005756, 0.113974809647, 0.0687822699547, 0.0154509898275, 0.0142099475488, 0.0145343691111, 0.0440362989902, 0.155418694019, 0.192296996713, 0.130757302046, 0.128105118871, 0.187050268054, 0.279608160257],
        "var": [0.131758466363, 0.12308883667, 0.0337555259466, 0.0147279547527, 0.00851032789797, 0.00883437786251, 0.0333684533834, 0.0560041517019, 0.00809748005122, 0.0566197484732, 0.107835754752, 0.0161060914397, 0.00993962865323, 0.011451356113, 0.0130529254675, 0.0369890369475, 0.0544736124575, 0.0190168749541, 0.00883568264544, 0.00628033047542, 0.00857750140131, 0.0374874509871, 0.0480196177959, 0.027991220355, 0.0735712274909, 0.0203733090311, 0.00126871548127, 0.0011362626683, 0.00215994589962, 0.00983140151948, 0.0784887596965, 0.101968750358, 0.0576249025762, 0.0693763121963, 0.0876568853855, 0.126756861806]
    },
    "chords_histogram": [54.6296310425, 2.05761313438, 13.6831274033, 4.83539104462, 0, 1.02880656719, 0, 4.21810722351, 0, 1.23456788063, 0, 0, 0, 0, 0, 0, 0.514403283596, 0, 0, 0, 0, 0, 12.7572011948, 5.04115247726],
    "thpcp": [1, 0.873203575611, 0.337845772505, 0.0929958149791, 0.0704760253429, 0.0749096274376, 0.264536887407, 0.344137042761, 0.164040774107, 0.423414289951, 0.574556708336, 0.223616227508, 0.0713686347008, 0.0782348066568, 0.0939598158002, 0.247620418668, 0.307418376207, 0.161495178938, 0.0713301375508, 0.0581552945077, 0.113649725914, 0.360395669937, 0.401747226715, 0.259886324406, 0.283105641603, 0.170850455761, 0.0383792035282, 0.0352965407073, 0.0361023806036, 0.109383158386, 0.386049419641, 0.477652609348, 0.324792206287, 0.318204373121, 0.46462008357, 0.694527566433],
    "chords_key": "A",
    "chords_scale": "minor",
    "key_key": "A",
    "key_scale": "minor"
}
}