{
"lowlevel": {
    "average_loudness": 0.955710589886,
    "barkbands_crest": {
        "mean": 9.85715293884,
        "var": 9.11715316772
    },
    "barkbands_flatness_db": {
        "mean": 0.192105576396,
        "var": 0.00480796396732
    },
    "barkbands_kurtosis": {
        "mean": 9.32601928711,
        "var": 59.5389099121
    },
    "barkbands_skewness": {
        "mean": 2.10382461548,
        "var": 1.3599408865
    },
    "barkbands_spread": {
        "mean": 10.3748321533,
        "var": 54.5902748108
    },
    "dissonance": {
        "mean": 0.445648759604,
        "var": 0.00180211092811
    },
    "dynamic_complexity": 2.22045111656,
    "erbbands_crest": {
        "mean": 10.3572530746,
        "var": 19.04529953
    },
    "erbbands_flatness_db": {
        "mean": 0.182513788342,
        "var": 0.00531956832856
    },
    "erbbands_kurtosis": {
        "mean": 3.01853990555,
        "var": 11.2017822266
    },
    "erbbands_skewness": {
        "mean": 1.10119462013,
        "var": 0.820229172707
    },
    "erbbands_spread": {
        "mean": 27.8383712769,
        "var": 343.295776367
    },
    "hfc": {
        "mean": 13.989107132,
        "var": 135.197219849
    },
    "melbands_crest": {
        "mean": 12.7213659286,
        "var": 14.2569913864
    },
    "melbands_flatness_db": {
        "mean": 0.283590197563,
        "var": 0.00666523166001
    },
    "melbands_kurtosis": {
        "mean": 14.6744174957,
        "var": 181.876678467
    },
    "melbands_skewness": {
        "mean": 2.42056488991,
        "var": 1.77417528629
    },
    "melbands_spread": {
        "mean": 9.52616119385,
        "var": 44.9446525574
    },
    "pitch_salience": {
        "mean": 0.640254318714,
        "var": 0.00820230785757
    },
    "silence_rate_20dB": {
        "mean": 1,
        "var": 0
    },
    "silence_rate_30dB": {
        "mean": 0.989706635475,
        "var": 0.0101874154061
    },
    "silence_rate_60dB": {
        "mean": 0.00154400407337,
        "var": 0.00154162046965
    },
    "spectral_centroid": {
        "mean": 574.180175781,
        "var": 178203.953125
    },
    "spectral_complexity": {
        "mean": 12.4493055344,
        "var": 10.4141864777
    },
    "spectral_decrease": {
        "mean": -8.6929112797e-009,
        "var": 5.30936430992e-017
    },
    "spectral_energy": {
        "mean": 0.0340779386461,
        "var": 0.000797732849605
    },
    "spectral_energyband_high": {
        "mean": 0.000365245417925,
        "var": 3.55188035428e-007
    },
    "spectral_energyband_low": {
        "mean": 0.0111956512555,
        "var": 0.000289695541142
    },
    "spectral_energyband_middle_high": {
        "mean": 0.00256055919454,
        "var": 1.26542427097e-005
    },
    "spectral_energyband_middle_low": {
        "mean": 0.0213673319668,
        "var": 0.000338333979016
    },
    "spectral_entropy": {
        "mean": 6.98223686218,
        "var": 0.349424034357
    },
    "spectral_flux": {
        "mean": 0.0981479883194,
        "var": 0.00288739730604
    },
    "spectral_kurtosis": {
        "mean": 15.6983108521,
        "var": 740.291625977
    },
    "spectral_rms": {
        "mean": 0.00530919712037,
        "var": 5.0591092986e-006
    },
    "spectral_rolloff": {
        "mean": 621.261047363,
        "var": 596043.6875
    },
    "spectral_skewness": {
        "mean": 2.78786706924,
        "var": 2.27612757683
    },
    "spectral_spread": {
        "mean": 4545012.5,
        "var": 5.61687507763e+012
    },
    "spectral_strongpeak": {
        "mean": 0.815023779869,
        "var": 0.902431070805
    },
    "zerocrossingrate": {
        "mean": 0.0400171987712,
        "var": 0.000861782638822
    },
    "barkbands": {
        "mean": [0.000341891078278, 0.00742919603363, 0.00230881734751, 0.00379787781276, 0.00667879730463, 0.00507138855755, 0.00266040116549, 0.00119426194578, 0.00129914004356, 0.00105762353633, 0.000453413871583, 0.000727704900783, 0.000123221339891, 0.000365671468899, 4.53856337117e-005, 3.43169631378e-005, 2.42029072979e-005, 3.4501463233e-005, 3.89355300285e-005, 4.49875660706e-005, 4.15392569266e-005, 4.35505608039e-005, 5.69152434764e-005, 4.85309501528e-005, 5.61186643608e-005, 9.47470107349e-005, 4.79392247144e-006],
        "var": [3.6706632045e-007, 0.000158932438353, 1.35777527248e-005, 3.50217269443e-005, 4.00309545512e-005, 5.95736673858e-005, 1.45003541547e-005, 4.83532585349e-006, 6.09836251897e-006, 5.42111592949e-006, 1.03561876585e-006, 5.06407377543e-006, 1.22061962315e-007, 6.95868266121e-007, 2.58500199024e-009, 1.89928472949e-009, 8.99386010111e-010, 2.21912177523e-009, 3.43963679761e-009, 4.46158487932e-009, 4.24716617431e-009, 4.86810280975e-009, 9.58375689919e-009, 8.08469202696e-009, 9.5339522943e-009, 4.09723810435e-008, 5.37835942449e-010]
    },
    "erbbands": {
        "mean": [0.269476652145, 1.42546665668, 2.80156970024, 7.03856229782, 21.9377861023, 21.7400016785, 35.7227668762, 31.6934928894, 39.707824707, 32.2870864868, 30.1325492859, 27.5958118439, 38.2179832458, 15.6247701645, 21.325302124, 32.7789573669, 8.76988792419, 19.3371391296, 5.66024255753, 2.09870743752, 1.91982913017, 1.41452264786, 1.77445232868, 1.81146240234, 2.34767436981, 2.20216536522, 1.42333817482, 1.83988010883, 1.68881118298, 1.33067655563, 1.67450928688, 1.08703649044, 0.78088837862, 0.470130503178, 0.518319249153, 0.568431138992, 0.11021913588, 0.0173812564462, 0.000542717636563, 5.30995894223e-005],
        "var": [0.246887713671, 5.59727907181, 19.0972080231, 99.5137329102, 754.008728027, 553.299255371, 3799.65209961, 2045.75744629, 3365.11987305, 2779.48583984, 2534.40795898, 2475.76757813, 7199.31005859, 505.847290039, 2624.19311523, 12088.2041016, 499.360443115, 1940.39904785, 75.2978897095, 5.60653591156, 6.28948068619, 2.89130353928, 5.35473012924, 6.25060272217, 14.290722847, 11.1706323624, 4.72489118576, 9.49967002869, 9.12844467163, 3.77539348602, 9.28788852692, 3.23100066185, 2.27542638779, 0.804174661636, 0.870342075825, 1.47904670238, 0.0726963952184, 0.0045029046014, 4.44241641162e-006, 3.75763065108e-009]
    },
    "gfcc": {
        "mean": [-28.7656974792, 127.198692322, -77.0774154663, 7.90861272812, -70.0912017822, 11.7072696686, -37.572883606, 3.2731013298, -29.6828479767, 5.01171064377, -15.6391401291, 0.812325119972, -13.8300991058],
        "cov": [[6403.42675781, -2510.01220703, 383.333648682, 634.457580566, -481.443756104, 221.909423828, -564.774353027, 312.765441895, -457.430664063, 393.333557129, -403.710662842, 325.629180908, -286.472167969], [-2510.01220703, 2594.05883789, -355.051696777, -615.997009277, 549.23651123, -107.052978516, 470.84072876, -322.725158691, 371.597900391, -375.388214111, 359.28616333, -286.233703613, 251.58833313], [383.333648682, -355.051696777, 514.318725586, 183.846893311, 72.2413253784, 102.728546143, 49.384677887, 66.5055084229, -22.943731308, 99.6364746094, -99.9739456177, 130.232467651, -79.4160079956], [634.457580566, -615.997009277, 183.846893311, 431.684631348, -62.2611503601, 35.9813194275, -94.2216491699, 155.058029175, -77.254196167, 97.6871185303, -34.4661903381, 36.3923377991, -42.7101173401], [-481.443756104, 549.23651123, 72.2413253784, -62.2611503601, 349.485748291, 36.1623916626, 177.657165527, -58.0745315552, 102.949676514, -55.0639610291, 100.142349243, -53.7778434753, 20.9497566223], [221.909423828, -107.052978516, 102.728546143, 35.9813194275, 36.1623916626, 169.945983887, 58.593460083, 14.1215486526, -14.2512369156, 47.1673812866, -41.0905685425, 48.2014007568, -45.3263435364], [-564.774353027, 470.84072876, 49.384677887, -94.2216491699, 177.657165527, 58.593460083, 236.761428833, -4.67162466049, 89.7080535889, -64.0282211304, 73.1173095703, -21.9750576019, 36.234161377], [312.765441895, -322.725158691, 66.5055084229, 155.058029175, -58.0745315552, 14.1215486526, -4.67162466049, 150.201568604, -30.1640644073, 37.9921684265, -21.3297023773, 25.9319038391, -7.85073757172], [-457.430664063, 371.597900391, -22.943731308, -77.254196167, 102.949676514, -14.2512369156, 89.7080535889, -30.1640644073, 113.543502808, -34.4649620056, 54.315776825, -40.49559021, 30.6556396484], [393.333557129, -375.388214111, 99.6364746094, 97.6871185303, -55.0639610291, 47.1673812866, -64.0282211304, 37.9921684265, -34.4649620056, 126.795059204, -44.9529800415, 51.8505973816, -66.7444763184], [-403.710662842, 359.28616333, -99.9739456177, -34.4661903381, 100.142349243, -41.0905685425, 73.1173095703, -21.3297023773, 54.315776825, -44.9529800415, 132.374893188, -59.4015007019, 57.3962097168], [325.629180908, -286.233703613, 130.232467651, 36.3923377991, -53.7778434753, 48.2014007568, -21.9750576019, 25.9319038391, -40.49559021, 51.8505973816, -59.4015007019, 119.208831787, -41.2307548523], [-286.472167969, 251.58833313, -79.4160079956, -42.7101173401, 20.9497566223, -45.3263435364, 36.234161377, -7.85073757172, 30.6556396484, -66.7444763184, 57.3962097168, -41.2307548523, 96.2905197144]],
        "icov": [[0.000299434934277, 3.21467159665e-005, 1.91053804883e-005, 3.74806950276e-005, -0.000233130995184, -0.00033652127604, 0.000624748819973, -0.000454977649497, 0.000491223821882, -9.577471792e-005, 0.0001437022147, -0.000229703786317, 5.25667273905e-005], [3.21467159665e-005, 0.00303311087191, -0.000538314518053, 0.00127686536871, -0.000375957315555, -0.000607011490501, -0.00132589158602, 0.00282556191087, -0.00349413231015, 0.00349031575024, -0.00292814569548, 0.00209792004898, -0.00100608554203], [1.91053804883e-005, -0.000538314518053, 0.00615563755855, -0.00332288001664, -0.00262082647532, 0.0025426922366, -0.00405478104949, 0.0011727072997, 0.000948603788856, -0.00418234383687, 0.00685921544209, -0.00505439843982, -0.00099896453321], [3.74806950276e-005, 0.00127686536871, -0.00332288001664, 0.00731080211699, -0.000348445959389, -0.00283648911864, 0.00473774829879, -0.00512649025768, -0.000314725592034, 0.00203838339075, -0.00569598702714, 0.00360077572986, 0.000267470895778], [-0.000233130995184, -0.000375957315555, -0.00262082647532, -0.000348445959389, 0.00793483667076, -0.00140509009361, -0.00215428695083, 0.00228503951803, -0.0022991062142, 0.00217755045742, -0.00501746591181, 0.00276584899984, 0.00299824238755], [-0.00033652127604, -0.000607011490501, 0.0025426922366, -0.00283648911864, -0.00140509009361, 0.0128988325596, -0.00898207258433, 0.00308071170002, 0.00344589026645, -0.00666239392012, 0.00730495294556, -0.00287078903057, 0.000133743858896], [0.000624748819973, -0.00132589158602, -0.00405478104949, 0.00473774829879, -0.00215428695083, -0.00898207258433, 0.0197137203068, -0.00983502715826, -0.00321964779869, 0.00673372484744, -0.00745323905721, -0.000512354949024, 0.00201654760167], [-0.000454977649497, 0.00282556191087, 0.0011727072997, -0.00512649025768, 0.00228503951803, 0.00308071170002, -0.00983502715826, 0.018071366474, -0.00277212867513, -0.000303074339172, 0.000977679970674, 0.000829037162475, -0.00347089860588], [0.000491223821882, -0.00349413231015, 0.000948603788856, -0.000314725592034, -0.0022991062142, 0.00344589026645, -0.00321964779869, -0.00277212867513, 0.0221953354776, -0.00846991408616, 0.00420267274603, -0.000182594434591, -0.00117901200429], [-9.577471792e-005, 0.00349031575024, -0.00418234383687, 0.00203838339075, 0.00217755045742, -0.00666239392012, 0.00673372484744, -0.000303074339172, -0.00846991408616, 0.0252283103764, -0.011299578473, 0.0013328717323, 0.00937156751752], [0.0001437022147, -0.00292814569548, 0.00685921544209, -0.00569598702714, -0.00501746591181, 0.00730495294556, -0.00745323905721, 0.000977679970674, 0.00420267274603, -0.011299578473, 0.0262724272907, -0.0031631400343, -0.00756157841533], [-0.000229703786317, 0.00209792004898, -0.00505439843982, 0.00360077572986, 0.00276584899984, -0.00287078903057, -0.000512354949024, 0.000829037162475, -0.000182594434591, 0.0013328717323, -0.0031631400343, 0.0185190849006, 0.000368136184989], [5.25667273905e-005, -0.00100608554203, -0.00099896453321, 0.000267470895778, 0.00299824238755, 0.000133743858896, 0.00201654760167, -0.00347089860588, -0.00117901200429, 0.00937156751752, -0.00756157841533, 0.000368136184989, 0.0223701056093]]
    },
    "melbands": {
        "mean": [0.00217414018698, 0.00161438167561, 0.00176266697235, 0.00166410394013, 0.00108640117105, 0.000816938001662, 0.000590405135881, 0.00032459673821, 0.000262368732365, 0.000169957420439, 0.000188607358723, 6.1141763581e-005, 5.95428246015e-005, 8.2496626419e-005, 5.6534561736e-005, 9.17079614737e-006, 4.20515716542e-005, 1.01004170574e-005, 3.21222637467e-006, 2.41837210524e-006, 2.16638613892e-006, 1.42784267609e-006, 1.37715937853e-006, 1.71241936187e-006, 1.42116243751e-006, 1.42723683894e-006, 1.92329275706e-006, 1.33367109356e-006, 7.80784773724e-007, 1.02081276054e-006, 1.06544666778e-006, 9.29831855956e-007, 8.39192011881e-007, 7.26517271232e-007, 9.90857301986e-007, 9.25320193801e-007, 5.6961619066e-007, 5.65026766708e-007, 4.40019931602e-007, 3.87421721371e-007],
        "var": [1.4897957044e-005, 5.90823401581e-006, 6.30250906397e-006, 2.56335101767e-006, 2.87830175694e-006, 1.42099895584e-006, 6.68702625717e-007, 3.32899162458e-007, 2.56498111639e-007, 9.69625872926e-008, 1.80014012585e-007, 1.11990576812e-008, 1.80007155848e-008, 5.54193277935e-008, 3.5447438762e-008, 7.95662313813e-010, 9.99594185203e-009, 2.64851057752e-010, 1.29718093905e-011, 8.40982491979e-012, 8.85930478284e-012, 3.23664857936e-012, 2.84310530847e-012, 5.977687529e-012, 4.01123405325e-012, 5.52384917321e-012, 9.33462682151e-012, 4.08663033968e-012, 1.3215729509e-012, 3.21656872145e-012, 3.70523577098e-012, 2.97556575733e-012, 1.83678831693e-012, 1.14128780211e-012, 4.04526715944e-012, 2.52863593779e-012, 1.05872136145e-012, 1.21461022663e-012, 7.26841655439e-013, 6.01774814875e-013]
    },
    "mfcc": {
        "mean": [-686.392578125, 167.139053345, 36.4358520508, 8.98747158051, -7.75090885162, 3.04888701439, -1.53514397144, -1.41259479523, -8.60468673706, 0.15036816895, -1.74651479721, -2.8555264473, -2.39791321754],
        "cov": [[4359.02587891, -2173.03027344, 284.18347168, 302.462249756, 87.9836959839, -98.9387207031, -90.881439209, -132.564620972, -68.0130157471, 0.497135221958, -47.9264183044, -105.766273499, -82.2910232544], [-2173.03027344, 2224.17163086, -281.082489014, -355.941589355, 48.0161895752, 158.5440979, 123.242416382, 133.328582764, 51.7734489441, -19.9053421021, 34.6617088318, 63.1514091492, 50.8102760315], [284.18347168, -281.082489014, 282.857757568, 132.203262329, -0.277456372976, 76.4435501099, -16.479801178, 50.6887588501, 8.5516872406, 26.4368515015, 18.5604934692, -12.4880638123, -19.2759552002], [302.462249756, -355.941589355, 132.203262329, 265.947570801, 85.7105560303, -22.6468734741, 31.146062851, 0.0874020904303, 11.5005025864, 22.63920784, 14.7697296143, 16.6218147278, 17.404882431], [87.9836959839, 48.0161895752, -0.277456372976, 85.7105560303, 157.808502197, 13.8364515305, 61.5051422119, -11.6492834091, 17.6294384003, 10.1233167648, 20.2233524323, 20.6350193024, 17.3035621643], [-98.9387207031, 158.5440979, 76.4435501099, -22.6468734741, 13.8364515305, 226.406738281, 9.09837055206, 86.6558151245, -15.1930332184, 26.0734939575, 48.7936668396, 1.0925809145, -21.4022254944], [-90.881439209, 123.242416382, -16.479801178, 31.146062851, 61.5051422119, 9.09837055206, 160.24357605, 37.3847846985, 40.6207275391, 15.5084695816, 3.45132493973, 45.9955177307, 46.3148765564], [-132.564620972, 133.328582764, 50.6887588501, 0.0874020904303, -11.6492834091, 86.6558151245, 37.3847846985, 137.546905518, 36.9969940186, 6.41349554062, 8.08173274994, 20.3294792175, 22.8827476501], [-68.0130157471, 51.7734489441, 8.5516872406, 11.5005025864, 17.6294384003, -15.1930332184, 40.6207275391, 36.9969940186, 71.4675979614, 20.5616970062, -2.133020401, 11.427189827, 18.576631546], [0.497135221958, -19.9053421021, 26.4368515015, 22.63920784, 10.1233167648, 26.0734939575, 15.5084695816, 6.41349554062, 20.5616970062, 63.8230247498, 26.6747932434, -2.96176958084, -13.7509508133], [-47.9264183044, 34.6617088318, 18.5604934692, 14.7697296143, 20.2233524323, 48.7936668396, 3.45132493973, 8.08173274994, -2.133020401, 26.6747932434, 67.3104934692, 20.7832965851, -3.98819375038], [-105.766273499, 63.1514091492, -12.4880638123, 16.6218147278, 20.6350193024, 1.0925809145, 45.9955177307, 20.3294792175, 11.427189827, -2.96176958084, 20.7832965851, 68.557182312, 44.1179771423], [-82.2910232544, 50.8102760315, -19.2759552002, 17.404882431, 17.3035621643, -21.4022254944, 46.3148765564, 22.8827476501, 18.576631546, -13.7509508133, -3.98819375038, 44.1179771423, 78.1000366211]],
        "icov": [[0.000520737608895, 0.000581457046792, -0.000161353891599, 0.00049348938046, -0.000827882962767, 7.33905399102e-005, -0.00012751056056, -0.000254823942669, 0.000312837510137, 0.000132042536279, 8.57120976434e-005, 0.0003842805163, 0.000110548156954], [0.000581457046792, 0.00142899062485, 0.000270715536317, 0.00161145045422, -0.00158549135085, -0.000202570954571, -0.000366621970898, -0.000907980836928, 8.74528705026e-005, 0.000358352932381, -0.000219492838369, 0.000271980039543, 4.73410000268e-005], [-0.000161353891599, 0.000270715536317, 0.00692862598225, -0.00393768539652, 0.00207181740552, -0.00287375878543, 0.000794303254224, -0.000898537109606, -0.00210406444967, 0.000317283003824, -0.000106420506199, 0.000643936044071, 0.000974286405835], [0.00049348938046, 0.00161145045422, -0.00393768539652, 0.00991394277662, -0.00635428680107, 0.00325604318641, -0.000462107709609, -0.00249768840149, 0.00309465220198, -0.00241830339655, -0.000537399493624, -0.000573268625885, -0.00126915855799], [-0.000827882962767, -0.00158549135085, 0.00207181740552, -0.00635428680107, 0.0132560878992, -0.00358873512596, -0.00296636600979, 0.00549549097195, -0.00494957901537, 0.00294431578368, -0.0023022943642, 0.000389463675674, -0.000326714391122], [7.33905399102e-005, -0.000202570954571, -0.00287375878543, 0.00325604318641, -0.00358873512596, 0.0114118847996, -0.000695447903126, -0.00826749764383, 0.00807126611471, -0.00325381034054, -0.00473253242671, 0.00149614817929, 0.00195180019364], [-0.00012751056056, -0.000366621970898, 0.000794303254224, -0.000462107709609, -0.00296636600979, -0.000695447903126, 0.0111235165969, -0.00113896036055, -0.00242113694549, -0.0036601559259, 0.00379989226349, -0.00524801434949, -0.00230288878083], [-0.000254823942669, -0.000907980836928, -0.000898537109606, -0.00249768840149, 0.00549549097195, -0.00826749764383, -0.00113896036055, 0.0175492279232, -0.010643651709, 0.00392660079524, 0.00185893184971, -0.00178967346437, -0.00296354643069], [0.000312837510137, 8.74528705026e-005, -0.00210406444967, 0.00309465220198, -0.00494957901537, 0.00807126611471, -0.00242113694549, -0.010643651709, 0.0274088326842, -0.0110786026344, 0.00190536607988, 0.00112506339792, -0.00208171829581], [0.000132042536279, 0.000358352932381, 0.000317283003824, -0.00241830339655, 0.00294431578368, -0.00325381034054, -0.0036601559259, 0.00392660079524, -0.0110786026344, 0.0270111020654, -0.0106111411005, 0.00439583696425, 0.00436521181837], [8.57120976434e-005, -0.000219492838369, -0.000106420506199, -0.000537399493624, -0.0023022943642, -0.00473253242671, 0.00379989226349, 0.00185893184971, 0.00190536607988, -0.0106111411005, 0.0273407455534, -0.0129761844873, 0.00314653711393], [0.0003842805163, 0.000271980039543, 0.000643936044071, -0.000573268625885, 0.000389463675674, 0.00149614817929, -0.00524801434949, -0.00178967346437, 0.00112506339792, 0.00439583696425, -0.0129761844873, 0.0318195521832, -0.0136559428647], [0.000110548156954, 4.73410000268e-005, 0.000974286405835, -0.00126915855799, -0.000326714391122, 0.00195180019364, -0.00230288878083, -0.00296354643069, -0.00208171829581, 0.00436521181837, 0.00314653711393, -0.0136559428647, 0.0253927987069]]
    },
    "spectral_contrast_coeffs": {
        "mean": [-0.614187777042, -0.735091090202, -0.775475144386, -0.803705811501, -0.833401918411, -0.780159473419],
        "var": [0.00591338332742, 0.00407062564045, 0.00433761673048, 0.00315528316423, 0.000728571612854, 0.00193699914962]
    },
    "spectral_contrast_valleys": {
        "mean": [-6.90967464447, -6.06648826599, -7.1369304657, -8.22078418732, -8.48050498962, -10.8968696594],
        "var": [1.0766428709, 0.795318543911, 0.705097079277, 0.817849695683, 1.20632302761, 1.93924343586]
    }
},
"metadata": {
    "audio_properties": {
        "analysis_sample_rate": 44100,
        "bit_rate": 106728,
        "equal_loudness": 0,
        "length": 45.0873451233,
        "lossless": 0,
        "replay_gain": -7.7578086853,
        "sample_rate": 44100,
        "codec": "mp3",
        "downmix": "mix",
        "md5_encoded": "4566cd82f539ad67195b176ddcfa23a3"
    },
    "tags": {
        "file_name": "233.mp3"
    },
    "version": {
        "essentia": "2.1-beta2",
        "essentia_git_sha": "v2.1_beta2",
        "extractor": "music 1.0"
    }
},
"rhythm": {
    "beats_count": 75,
    "beats_loudness": {
        "mean": 0.0573235079646,
        "var": 0.000514665676747
    },
    "bpm": 100.05116272,
    "bpm_histogram_first_peak_bpm": {
        "mean": 99,
        "var": 0
    },
    "bpm_histogram_first_peak_spread": {
        "mean": 0.366197168827,
        "var": 0
    },
    "bpm_histogram_first_peak_weight": {
        "mean": 0.608108103275,
        "var": 0
    },
    "bpm_histogram_second_peak_bpm": {
        "mean": 110,
        "var": 0
    },
    "bpm_histogram_second_peak_spread": {
        "mean": 0.333333343267,
        "var": 0
    },
    "bpm_histogram_second_peak_weight": {
        "mean": 0.0270270276815,
        "var": 0
    },
    "danceability": 1.50688910484,
    "onset_rate": 3.94636821747,
    "beats_loudness_band_ratio": {
        "mean": [0.483154654503, 0.331849604845, 0.161612033844, 0.0467495284975, 0.00707566970959, 0.0311037860811],
        "var": [0.0729010850191, 0.0535823889077, 0.0163310784847, 0.00128993869293, 3.81697827834e-005, 0.000639180885628]
    },
    "beats_position": [0.53405892849, 1.09133780003, 1.63700675964, 2.18267560005, 2.76317453384, 3.36689329147, 3.97061228752, 4.5627207756, 5.15482997894, 5.78176879883, 6.3622674942, 6.96598625183, 7.56970500946, 8.16181373596, 8.75392246246, 9.36925125122, 9.96135997772, 10.5650787354, 11.1687984467, 11.7609071732, 12.3646259308, 12.9799547195, 13.572063446, 14.1757822037, 14.7678909302, 15.3716096878, 15.9753284454, 16.5674381256, 17.1595458984, 17.7632656097, 18.3669834137, 18.970703125, 19.574420929, 20.1781406403, 20.7702484131, 21.3623580933, 21.9660758972, 22.5697956085, 23.1735134125, 23.7656230927, 24.3577327728, 24.9614505768, 25.5651702881, 26.168888092, 26.7726078033, 27.3763256073, 27.9800453186, 28.5837631226, 29.1874828339, 29.7679805756, 30.3717002869, 30.9754180908, 31.5791378021, 32.1828575134, 32.7865753174, 33.3786849976, 33.9707946777, 34.5745124817, 35.1782302856, 35.7819480896, 36.3856697083, 36.9777755737, 37.5814971924, 38.1736030579, 38.7773246765, 39.3810424805, 39.9731521606, 40.5652618408, 41.1689796448, 41.761089325, 42.3648071289, 42.9685249329, 43.5722427368, 44.164352417, 44.7680702209]
},
"tonal": {
    "chords_changes_rate": 0.102880656719,
    "chords_number_rate": 0.0102880662307,
    "chords_strength": {
        "mean": 0.46527197957,
        "var": 0.0169447697699
    },
    "hpcp_entropy": {
        "mean": 2.27083611488,
        "var": 0.407123506069
    },
    "key_strength": 0.646427571774,
    "tuning_diatonic_strength": 0.579110920429,
    "tuning_equal_tempered_deviation": 0.164790287614,
    "tuning_frequency": 441.782684326,
    "tuning_nontempered_energy_ratio": 0.786137104034,
    "hpcp": {
        "mean": [0.170101508498, 0.138469874859, 0.189253821969, 0.270508140326, 0.210843235254, 0.0858266577125, 0.0400340594351, 0.0680073648691, 0.149005115032, 0.16918182373, 0.0896325185895, 0.0556609220803, 0.0518891215324, 0.0431648381054, 0.105277635157, 0.153921157122, 0.176504477859, 0.302019059658, 0.294626355171, 0.11665636301, 0.0448360182345, 0.0517226457596, 0.0962046384811, 0.221183136106, 0.31137150526, 0.284481316805, 0.222259327769, 0.137482360005, 0.0981797203422, 0.211037755013, 0.290554195642, 0.324323058128, 0.340545862913, 0.249463051558, 0.173693060875, 0.171703144908],
        "var": [0.0568985119462, 0.0468562915921, 0.0599739179015, 0.104281067848, 0.064279705286, 0.0190284829587, 0.00714624347165, 0.00989791564643, 0.0344458930194, 0.0581589490175, 0.0187206305563, 0.00744572328404, 0.00744152721018, 0.00389411696233, 0.0347818806767, 0.0715145990252, 0.0408230870962, 0.0946170762181, 0.103763870895, 0.0202265847474, 0.00958220753819, 0.0131525667384, 0.0267534013838, 0.0720513984561, 0.106389053166, 0.088275231421, 0.080410413444, 0.046338301152, 0.0223189499229, 0.0576394982636, 0.0826742872596, 0.0811159238219, 0.110254742205, 0.0959500819445, 0.0630488470197, 0.060614220798]
    },
    "chords_histogram": [32.0987663269, 3.08641982079, 1.54320991039, 0, 0.720164597034, 0, 4.01234579086, 0, 12.1399173737, 0, 0, 0, 0, 0, 0, 0, 0, 0, 0, 2.36625504494, 7.51028823853, 9.67078208923, 9.67078208923, 17.1810703278],
    "thpcp": [1, 0.732538759708, 0.510043084621, 0.504199743271, 0.499496608973, 0.406611531973, 0.555736660957, 0.794336915016, 0.619133174419, 0.252026736736, 0.11755849421, 0.199701040983, 0.43754786253, 0.496796011925, 0.263202488422, 0.163446187973, 0.15237043798, 0.12675191462, 0.309143781662, 0.451983630657, 0.518298685551, 0.886867523193, 0.865159094334, 0.342556983232, 0.131659269333, 0.151881590486, 0.282501280308, 0.649495899677, 0.914330601692, 0.835368573666, 0.652656078339, 0.403711736202, 0.288301020861, 0.61970436573, 0.853201389313, 0.95236235857],
    "chords_key": "D#",
    "chords_scale": "major",
    "key_key": "D#",
    "key_scale": "major"
}
}