{
"lowlevel": {
    "average_loudness": 0.853479802608,
    "barkbands_crest": {
        "mean": 14.9287223816,
        "var": 21.5673046112
    },
    "barkbands_flatness_db": {
        "mean": 0.445978432894,
        "var": 0.0016464201035
    },
    "barkbands_kurtosis": {
        "mean": 7.46195793152,
        "var": 53.2828636169
    },
    "barkbands_skewness": {
        "mean": 1.86736142635,
        "var": 1.20772564411
    },
    "barkbands_spread": {
        "mean": 2.68998193741,
        "var": 2.47985243797
    },
    "dissonance": {
        "mean": 0.347243517637,
        "var": 0.00458813691512
    },
    "dynamic_complexity": 2.81316900253,
    "erbbands_crest": {
        "mean": 13.0893659592,
        "var": 16.3879623413
    },
    "erbbands_flatness_db": {
        "mean": 0.438756227493,
        "var": 0.000737109745387
    },
    "erbbands_kurtosis": {
        "mean": 1.61687219143,
        "var": 8.58671855927
    },
    "erbbands_skewness": {
        "mean": 1.04648685455,
        "var": 0.649362146854
    },
    "erbbands_spread": {
        "mean": 9.16348266602,
        "var": 11.7835006714
    },
    "hfc": {
        "mean": 7.37748098373,
        "var": 57.0654754639
    },
    "melbands_crest": {
        "mean": 16.7494430542,
        "var": 23.2163658142
    },
    "melbands_flatness_db": {
        "mean": 0.573541760445,
        "var": 0.00214791786857
    },
    "melbands_kurtosis": {
        "mean": 8.97200679779,
        "var": 69.655090332
    },
    "melbands_skewness": {
        "mean": 2.06619048119,
        "var": 1.01810061932
    },
    "melbands_spread": {
        "mean": 4.11558103561,
        "var": 23.3816184998
    },
    "pitch_salience": {
        "mean": 0.518766880035,
        "var": 0.0165673308074
    },
    "silence_rate_20dB": {
        "mean": 1,
        "var": 0
    },
    "silence_rate_30dB": {
        "mean": 0.977354586124,
        "var": 0.0221320707351
    },
    "silence_rate_60dB": {
        "mean": 0.0205867215991,
        "var": 0.020162537694
    },
    "spectral_centroid": {
        "mean": 355.905395508,
        "var": 62628.3085938
    },
    "spectral_complexity": {
        "mean": 8.78744220734,
        "var": 4.76853513718
    },
    "spectral_decrease": {
        "mean": -5.9358096216e-009,
        "var": 4.09406559087e-017
    },
    "spectral_energy": {
        "mean": 0.0230722744018,
        "var": 0.00061600364279
    },
    "spectral_energyband_high": {
        "mean": 1.63361413286e-008,
        "var": 4.45886666704e-016
    },
    "spectral_energyband_low": {
        "mean": 0.0012068572687,
        "var": 7.09893265594e-006
    },
    "spectral_energyband_middle_high": {
        "mean": 0.000563506095205,
        "var": 2.59935404756e-007
    },
    "spectral_energyband_middle_low": {
        "mean": 0.0216849222779,
        "var": 0.000592775177211
    },
    "spectral_entropy": {
        "mean": 5.13196706772,
        "var": 0.0984597876668
    },
    "spectral_flux": {
        "mean": 0.0378323458135,
        "var": 0.000624630600214
    },
    "spectral_kurtosis": {
        "mean": 238.746231079,
        "var": 5133.07666016
    },
    "spectral_rms": {
        "mean": 0.00432952819392,
        "var": 3.7647478166e-006
    },
    "spectral_rolloff": {
        "mean": 470.547943115,
        "var": 366900.4375
    },
    "spectral_skewness": {
        "mean": 11.6736240387,
        "var": 6.65267181396
    },
    "spectral_spread": {
        "mean": 612215.3125,
        "var": 924242214912
    },
    "spectral_strongpeak": {
        "mean": 1.027556777,
        "var": 0.496718108654
    },
    "zerocrossingrate": {
        "mean": 0.0170828066766,
        "var": 0.000253539474215
    },
    "barkbands": {
        "mean": [2.03152521863e-005, 0.000335434073349, 0.000512079161126, 0.00146454770584, 0.0111956838518, 0.00574430963024, 0.0014951871708, 0.00112521334086, 0.000568733783439, 0.000131512497319, 0.00025419233134, 7.48011152609e-005, 9.52155824052e-005, 3.33109092026e-005, 1.72824384208e-005, 3.40336214322e-006, 9.7339864169e-007, 8.40150136128e-008, 1.82461228349e-008, 7.39590966248e-009, 3.722097075e-009, 2.75638778469e-009, 2.06019135085e-009, 1.80540271622e-009, 1.20997722952e-009, 7.9844103551e-010, 9.01475394333e-010],
        "var": [6.34532648647e-010, 6.31686418728e-007, 2.12408644984e-006, 3.92396650568e-005, 0.000127895749756, 0.000187118625036, 9.07003868633e-006, 1.85614794646e-006, 5.9085726889e-007, 2.69885980231e-008, 1.24529620393e-007, 1.05873105838e-008, 3.49300250946e-008, 5.31617150301e-009, 1.23193699686e-009, 6.85697332248e-011, 1.19970890861e-011, 2.52699963954e-014, 1.70660844075e-015, 1.31410901664e-016, 2.52278142341e-017, 1.04256909692e-017, 6.8827887245e-018, 7.10291720193e-018, 4.98538363745e-018, 3.58452597313e-018, 3.59549811037e-018]
    },
    "erbbands": {
        "mean": [0.0042000990361, 0.0970886424184, 0.546177625656, 2.43777012825, 10.3743429184, 42.9726104736, 78.6909637451, 33.3025512695, 21.1701393127, 23.1383457184, 22.919675827, 15.3012533188, 7.97890281677, 5.31053256989, 8.30911827087, 3.46112537384, 4.81919288635, 1.51386404037, 1.81271135807, 0.393083482981, 0.145484536886, 0.0640765950084, 0.00878287479281, 0.00161464139819, 0.000745754863601, 0.000367433502106, 0.00019446189981, 0.000140329895657, 0.000111222238047, 8.61398657435e-005, 6.67528292979e-005, 5.5015898397e-005, 3.85831954191e-005, 2.86017857434e-005, 1.95315151359e-005, 1.37167589855e-005, 7.88367196947e-006, 1.55730231199e-006, 1.07536297946e-005, 2.55261202255e-005],
        "var": [3.06860783894e-005, 0.0579495988786, 1.76487767696, 67.9927520752, 534.778686523, 2264.29956055, 27228.0390625, 2963.22875977, 1998.63269043, 964.211486816, 900.14074707, 379.363800049, 76.4223861694, 45.6902542114, 116.707473755, 15.8674669266, 70.9479293823, 5.04415559769, 10.6094799042, 0.431465446949, 0.149080574512, 0.05539149791, 0.000409226311604, 8.11275822343e-006, 2.44628677137e-006, 4.41973412535e-007, 7.00901949813e-008, 3.22750146609e-008, 1.56740185275e-008, 1.00752277632e-008, 6.43577635628e-009, 5.00101871026e-009, 2.43850739601e-009, 1.35902389342e-009, 5.89001958318e-010, 2.67345312555e-010, 8.38588087859e-011, 4.05733346226e-012, 1.32909294681e-010, 7.50298545515e-010]
    },
    "gfcc": {
        "mean": [-243.823348999, 272.038970947, -78.5206832886, -82.6511306763, -34.8311500549, -18.2473602295, -40.2478523254, -34.6301422119, -11.3986606598, -15.7254686356, -6.74628829956, -10.8959093094, 4.24081516266],
        "cov": [[2404.66552734, 167.2368927, -100.038330078, -49.3217086792, -26.6451873779, -5.43787765503, -116.585258484, -62.2626457214, -29.837474823, -23.9463329315, 50.7483825684, -5.25152015686, -23.5196075439], [167.2368927, 220.255859375, 65.4218292236, -7.96625328064, 32.6158714294, 16.2149009705, 57.9355163574, 24.361541748, 2.30857944489, -13.0080318451, -4.2741818428, -16.0131607056, -28.1990737915], [-100.038330078, 65.4218292236, 560.517333984, 208.23991394, -96.2802429199, 55.4407844543, 133.326721191, 19.6512069702, -34.0828514099, -8.0245141983, 13.1688051224, -35.0309715271, -59.0309715271], [-49.3217086792, -7.96625328064, 208.23991394, 237.086181641, 46.7021102905, 52.7954788208, 60.0388450623, 37.167427063, 23.433637619, 8.5801897049, -2.27448058128, -24.4302330017, -37.2453346252], [-26.6451873779, 32.6158714294, -96.2802429199, 46.7021102905, 188.192932129, 24.6894016266, -50.0089759827, -9.46645355225, 28.5978546143, 18.9760322571, -6.71111869812, 8.31137752533, 29.5498104095], [-5.43787765503, 16.2149009705, 55.4407844543, 52.7954788208, 24.6894016266, 78.6516265869, 40.7658882141, -1.6158645153, -5.86283397675, 1.85850143433, 6.17415332794, -15.6723108292, -18.3143024445], [-116.585258484, 57.9355163574, 133.326721191, 60.0388450623, -50.0089759827, 40.7658882141, 131.893249512, 62.0321350098, -13.0928049088, -19.4722633362, 1.17474973202, -16.2912902832, -52.1280517578], [-62.2626457214, 24.361541748, 19.6512069702, 37.167427063, -9.46645355225, -1.6158645153, 62.0321350098, 88.3684463501, 35.3694763184, -7.14800214767, -5.16916894913, 7.25018930435, -18.2362098694], [-29.837474823, 2.30857944489, -34.0828514099, 23.433637619, 28.5978546143, -5.86283397675, -13.0928049088, 35.3694763184, 64.2671661377, 26.8391838074, -4.30158996582, 10.638425827, 14.5961608887], [-23.9463329315, -13.0080318451, -8.0245141983, 8.5801897049, 18.9760322571, 1.85850143433, -19.4722633362, -7.14800214767, 26.8391838074, 44.5968971252, 14.6886758804, 1.63264107704, 13.3219976425], [50.7483825684, -4.2741818428, 13.1688051224, -2.27448058128, -6.71111869812, 6.17415332794, 1.17474973202, -5.16916894913, -4.30158996582, 14.6886758804, 37.3445167542, 14.2792863846, -1.4794216156], [-5.25152015686, -16.0131607056, -35.0309715271, -24.4302330017, 8.31137752533, -15.6723108292, -16.2912902832, 7.25018930435, 10.638425827, 1.63264107704, 14.2792863846, 49.2644042969, 35.7526664734], [-23.5196075439, -28.1990737915, -59.0309715271, -37.2453346252, 29.5498104095, -18.3143024445, -52.1280517578, -18.2362098694, 14.5961608887, 13.3219976425, -1.4794216156, 35.7526664734, 71.8617172241]],
        "icov": [[0.000693675247021, -0.00156431237701, 0.000575668876991, -0.00119273585733, 0.0015515225241, -0.00113503937609, 0.00303076859564, -0.0013107561972, 0.0015595506411, 9.13620606298e-005, -0.000973580754362, -0.000219498149818, 0.000161952368217], [-0.00156431237701, 0.0127705624327, -0.00439655221999, 0.00914666429162, -0.0106630865484, 0.00613422971219, -0.0156911425292, 0.0081693790853, -0.0136361159384, 0.00753678381443, -0.00219000456855, 0.0054370299913, 0.000889648741577], [0.000575668876991, -0.00439655221999, 0.00607330957428, -0.00769117288291, 0.00625475915149, -0.00116819876712, 0.00155822525267, 0.00015084464394, 0.00561787234619, -0.00276033231057, -0.000568234012462, -0.00104311655741, -0.00235733948648], [-0.00119273585733, 0.00914666429162, -0.00769117288291, 0.0173933394253, -0.012149724178, 0.00177570467349, -0.0102626048028, 0.00335735897534, -0.0137187400833, 0.00547044305131, -0.000582454900723, 0.00462175579742, 0.00421279668808], [0.0015515225241, -0.0106630865484, 0.00625475915149, -0.012149724178, 0.0189942419529, -0.0105636073276, 0.0184829682112, -0.00931700784713, 0.0138011723757, -0.00869350973517, 0.00431813951582, -0.00623874692246, -0.00229399092495], [-0.00113503937609, 0.00613422971219, -0.00116819876712, 0.00177570467349, -0.0105636073276, 0.0285290013999, -0.0256355311722, 0.0193939991295, -0.0162248741835, 0.00982432160527, -0.010285477154, 0.0105461617932, -0.00404782779515], [0.00303076859564, -0.0156911425292, 0.00155822525267, -0.0102626048028, 0.0184829682112, -0.0256355311722, 0.0594388507307, -0.043692458421, 0.0401597134769, -0.0184312555939, 0.00947839953005, -0.0121507411823, 0.0101910335943], [-0.0013107561972, 0.0081693790853, 0.00015084464394, 0.00335735897534, -0.00931700784713, 0.0193939991295, -0.043692458421, 0.0581751354039, -0.0490570813417, 0.0265463516116, -0.00882321037352, 0.000492517196108, 0.00109958555549], [0.0015595506411, -0.0136361159384, 0.00561787234619, -0.0137187400833, 0.0138011723757, -0.0162248741835, 0.0401597134769, -0.0490570813417, 0.0781385451555, -0.0515197440982, 0.0276435948908, -0.0199283901602, 0.00370015460066], [9.13620606298e-005, 0.00753678381443, -0.00276033231057, 0.00547044305131, -0.00869350973517, 0.00982432160527, -0.0184312555939, 0.0265463516116, -0.0515197440982, 0.0715397819877, -0.0433305576444, 0.0306980777532, -0.0159623995423], [-0.000973580754362, -0.00219000456855, -0.000568234012462, -0.000582454900723, 0.00431813951582, -0.010285477154, 0.00947839953005, -0.00882321037352, 0.0276435948908, -0.0433305576444, 0.0657461807132, -0.040950126946, 0.0224379170686], [-0.000219498149818, 0.0054370299913, -0.00104311655741, 0.00462175579742, -0.00623874692246, 0.0105461617932, -0.0121507411823, 0.000492517196108, -0.0199283901602, 0.0306980777532, -0.040950126946, 0.0637784078717, -0.0340529903769], [0.000161952368217, 0.000889648741577, -0.00235733948648, 0.00421279668808, -0.00229399092495, -0.00404782779515, 0.0101910335943, 0.00109958555549, 0.00370015460066, -0.0159623995423, 0.0224379170686, -0.0340529903769, 0.0417595840991]]
    },
    "melbands": {
        "mean": [6.35073083686e-005, 0.000232970967772, 0.000691015738994, 0.00159157626331, 0.00286525231786, 0.000794152671006, 0.000312879215926, 0.000242044552579, 0.000167714766576, 9.23199913814e-005, 3.65331288776e-005, 1.86312390724e-005, 3.34871983796e-005, 9.3252338047e-006, 1.12719935714e-005, 8.09439825389e-006, 2.38619418269e-006, 3.43560191141e-006, 9.09385789782e-007, 3.10281166094e-007, 1.13538774826e-007, 8.13087766005e-008, 9.6959915652e-009, 3.30329519294e-009, 9.65595603475e-010, 5.86453996476e-010, 3.4266814386e-010, 2.09781636507e-010, 1.21070556358e-010, 8.86000023348e-011, 7.38961808411e-011, 6.02828759133e-011, 4.87362199209e-011, 4.02489361284e-011, 3.3104907704e-011, 2.899035699e-011, 2.5616515853e-011, 1.91706338304e-011, 1.4716441607e-011, 1.30785599364e-011],
        "var": [1.5422630284e-008, 3.36483765295e-007, 5.22614982401e-006, 2.73521641247e-006, 2.24270024773e-005, 2.21417599278e-006, 4.53599540151e-007, 9.6195250876e-008, 4.97564300872e-008, 1.72964185197e-008, 1.82507597923e-009, 6.13905426494e-010, 2.22021467877e-009, 1.13949842617e-010, 2.87585871783e-010, 4.02879507533e-010, 1.33701678201e-011, 4.80044996809e-011, 2.69661788559e-012, 5.1045940478e-013, 1.24402441473e-013, 1.05425332364e-013, 2.74316569817e-016, 5.57020380469e-017, 4.2962524381e-018, 1.06983218409e-018, 5.29499661695e-019, 1.4252417597e-019, 3.2242010706e-020, 2.26086394428e-020, 7.79071497321e-021, 5.06176091018e-021, 3.62077431681e-021, 2.49700300653e-021, 1.81478559438e-021, 1.77167950821e-021, 1.41169135381e-021, 8.3634381888e-022, 6.65156307147e-022, 5.19543640717e-022]
    },
    "mfcc": {
        "mean": [-857.396789551, 268.593841553, 45.7171859741, -40.5182571411, -7.81627225876, 6.12699556351, -16.8698577881, -22.557094574, -11.7471456528, -10.1760263443, -12.7033472061, -9.76555347443, -6.78079652786],
        "cov": [[693.982727051, 436.734405518, -262.428710938, -155.075393677, 135.4815979, 17.9606189728, -101.38419342, -11.4819774628, 3.55330038071, -57.11536026, -15.7470808029, 38.7250671387, 3.11972975731], [436.734405518, 376.792877197, 19.9730453491, -37.8422889709, 33.8649215698, 16.076341629, -0.186743855476, 19.3810844421, -5.24124002457, -29.6703052521, 3.10024309158, 33.571434021, 27.9081554413], [-262.428710938, 19.9730453491, 454.063354492, 211.711090088, -113.137939453, 2.20483851433, 152.918701172, 65.7552337646, -2.61559176445, 35.767829895, 30.5085372925, 10.3198022842, 59.1493415833], [-155.075393677, -37.8422889709, 211.711090088, 187.217453003, 43.8777885437, 20.9098339081, 53.2581214905, 42.0082855225, 28.6083450317, 26.791759491, 12.2174291611, 15.9479265213, 44.5192070007], [135.4815979, 33.8649215698, -113.137939453, 43.8777885437, 187.360366821, 73.2834854126, -52.0931587219, -17.3336963654, 27.4142169952, 2.50935387611, -5.32984209061, 11.3901500702, -2.2120153904], [17.9606189728, 16.076341629, 2.20483851433, 20.9098339081, 73.2834854126, 91.0664138794, 40.6781578064, -15.5827713013, -18.6050128937, 10.6607294083, 17.9856967926, -7.99122095108, -25.0125694275], [-101.38419342, -0.186743855476, 152.918701172, 53.2581214905, -52.0931587219, 40.6781578064, 123.236450195, 49.9876060486, -19.9935874939, 9.42472743988, 32.0518264771, 4.57029628754, 0.350982010365], [-11.4819774628, 19.3810844421, 65.7552337646, 42.0082855225, -17.3336963654, -15.5827713013, 49.9876060486, 84.5678024292, 46.1885147095, -0.43768337369, 3.10743165016, 32.6103096008, 38.8798866272], [3.55330038071, -5.24124002457, -2.61559176445, 28.6083450317, 27.4142169952, -18.6050128937, -19.9935874939, 46.1885147095, 73.6292419434, 22.020111084, -10.3010101318, 20.3828582764, 36.6059455872], [-57.11536026, -29.6703052521, 35.767829895, 26.791759491, 2.50935387611, 10.6607294083, 9.42472743988, -0.43768337369, 22.020111084, 45.8376464844, 25.5190544128, -3.95740842819, -1.82989311218], [-15.7470808029, 3.10024309158, 30.5085372925, 12.2174291611, -5.32984209061, 17.9856967926, 32.0518264771, 3.10743165016, -10.3010101318, 25.5190544128, 48.2454719543, 20.8511810303, -5.90642881393], [38.7250671387, 33.571434021, 10.3198022842, 15.9479265213, 11.3901500702, -7.99122095108, 4.57029628754, 32.6103096008, 20.3828582764, -3.95740842819, 20.8511810303, 61.0676841736, 46.5514259338], [3.11972975731, 27.9081554413, 59.1493415833, 44.5192070007, -2.2120153904, -25.0125694275, 0.350982010365, 38.8798866272, 36.6059455872, -1.82989311218, -5.90642881393, 46.5514259338, 76.0163269043]],
        "icov": [[1589.21911621, -2171.69702148, 1957.64892578, -1641.8026123, 1274.92260742, -909.915649414, 590.529724121, -343.004394531, 174.20223999, -74.4859771729, 25.1342182159, -5.8897600174, 0.621528446674], [-2171.69702148, 2976.56542969, -2708.03662109, 2308.02075195, -1836.31713867, 1356.66552734, -923.522644043, 572.846923828, -318.539733887, 154.754745483, -62.9264564514, 19.6599807739, -3.78358244896], [1957.64892578, -2708.03662109, 2532.95141602, -2260.65454102, 1918.36315918, -1539.61437988, 1158.55041504, -807.813354492, 512.517578125, -287.861419678, 136.793319702, -50.2549667358, 11.6205892563], [-1641.8026123, 2308.02075195, -2260.65454102, 2163.55712891, -1999.93908691, 1762.39038086, -1457.2043457, 1111.8815918, -766.089477539, 462.986694336, -234.428497314, 90.8442230225, -22.0680885315], [1274.92260742, -1836.31713867, 1918.36315918, -1999.93908691, 2020.83825684, -1932.77319336, 1713.70544434, -1384.86853027, 999.073852539, -626.206726074, 326.312744141, -129.311004639, 32.0216903687], [-909.915649414, 1356.66552734, -1539.61437988, 1762.39038086, -1932.77319336, 1971.78381348, -1835.16931152, 1537.59692383, -1139.50134277, 728.828552246, -385.697387695, 154.660079956, -38.693649292], [590.529724121, -923.522644043, 1158.55041504, -1457.2043457, 1713.70544434, -1835.16931152, 1765.98596191, -1514.75830078, 1141.69897461, -739.43347168, 395.072296143, -159.616394043, 40.2234077454], [-343.004394531, 572.846923828, -807.813354492, 1111.8815918, -1384.86853027, 1537.59692383, -1514.75830078, 1320.33825684, -1006.69976807, 657.700744629, -353.853607178, 143.789657593, -36.4584579468], [174.20223999, -318.539733887, 512.517578125, -766.089477539, 999.073852539, -1139.50134277, 1141.69897461, -1006.69976807, 774.102355957, -509.122467041, 275.484771729, -112.532440186, 28.7051944733], [-74.4859771729, 154.754745483, -287.861419678, 462.986694336, -626.206726074, 728.828552246, -739.43347168, 657.700744629, -509.122467041, 336.772186279, -183.193084717, 75.2384567261, -19.337223053], [25.1342182159, -62.9264564514, 136.793319702, -234.428497314, 326.312744141, -385.697387695, 395.072296143, -353.853607178, 275.484771729, -183.193084717, 100.230392456, -41.426990509, 10.7558727264], [-5.8897600174, 19.6599807739, -50.2549667358, 90.8442230225, -129.311004639, 154.660079956, -159.616394043, 143.789657593, -112.532440186, 75.2384567261, -41.426990509, 17.2870521545, -4.55884504318], [0.621528446674, -3.78358244896, 11.6205892563, -22.0680885315, 32.0216903687, -38.693649292, 40.2234077454, -36.4584579468, 28.7051944733, -19.337223053, 10.7558727264, -4.55884504318, 1.25932168961]]
    },
    "spectral_contrast_coeffs": {
        "mean": [-0.460326194763, -0.6639290452, -0.692852437496, -0.704309940338, -0.811444878578, -0.888635158539],
        "var": [0.00611760374159, 0.00529685663059, 0.00413014553487, 0.00303923385218, 0.00120677705854, 0.00162492808886]
    },
    "spectral_contrast_valleys": {
        "mean": [-8.37863063812, -6.82097005844, -8.45606517792, -10.1639595032, -12.2536773682, -14.5097208023],
        "var": [0.77665668726, 0.561936974525, 0.510043799877, 0.439880460501, 0.250790894032, 0.850437998772]
    }
},
"metadata": {
    "audio_properties": {
        "analysis_sample_rate": 44100,
        "bit_rate": 86259,
        "equal_loudness": 0,
        "length": 45.0873451233,
        "lossless": 0,
        "replay_gain": -7.21655654907,
        "sample_rate": 44100,
        "codec": "mp3",
        "downmix": "mix",
        "md5_encoded": "d4991ec5dc46013ea2d2e97981d2f919"
    },
    "tags": {
        "file_name": "238.mp3"
    },
    "version": {
        "essentia": "2.1-beta2",
        "essentia_git_sha": "v2.1_beta2",
        "extractor": "music 1.0"
    }
},
"rhythm": {
    "beats_count": 73,
    "beats_loudness": {
        "mean": 0.0313204005361,
        "var": 0.00132220552769
    },
    "bpm": 98.0126342773,
    "bpm_histogram_first_peak_bpm": {
        "mean": 98,
        "var": 0
    },
    "bpm_histogram_first_peak_spread": {
        "mean": 0.0281690265983,
        "var": 0
    },
    "bpm_histogram_first_peak_weight": {
        "mean": 0.95833337307,
        "var": 0
    },
    "bpm_histogram_second_peak_bpm": {
        "mean": 105,
        "var": 0
    },
    "bpm_histogram_second_peak_spread": {
        "mean": 0,
        "var": 0
    },
    "bpm_histogram_second_peak_weight": {
        "mean": 0.0138888889924,
        "var": 0
    },
    "danceability": 1.04477262497,
    "onset_rate": 2.59396123886,
    "beats_loudness_band_ratio": {
        "mean": [0.195116370916, 0.651180148125, 0.182002425194, 0.0307061541826, 0.00328581826761, 3.52114852831e-006],
        "var": [0.0440928786993, 0.037977360189, 0.0130645567551, 0.000833977246657, 3.0203782444e-005, 8.54830529279e-012]
    },
    "beats_position": [0.545668900013, 1.11455774307, 1.72988653183, 2.34521532059, 2.96054410934, 3.5758728981, 4.17959165573, 4.79492044449, 5.41024923325, 6.025578022, 6.64090681076, 7.24462556839, 7.85995435715, 8.47528362274, 9.07900238037, 9.682721138, 10.2980499268, 10.9133787155, 11.5403175354, 12.1556463242, 12.7593650818, 13.3746938705, 13.9784126282, 14.5821313858, 15.1974601746, 15.8127889633, 16.4281177521, 17.0434455872, 17.6471652985, 18.2624931335, 18.877822876, 19.4815406799, 20.0968704224, 20.7121982574, 21.3159179688, 21.9312477112, 22.5465755463, 23.1619052887, 23.7772331238, 24.3925609589, 24.9962806702, 25.6116104126, 26.2269382477, 26.8422679901, 27.4459857941, 28.0497055054, 28.6650333405, 29.2803630829, 29.8840808868, 30.4994106293, 31.1147384644, 31.7300682068, 32.3453979492, 32.960723877, 33.5760536194, 34.1797714233, 34.8067131042, 35.422039032, 36.0373687744, 36.6410865784, 37.244808197, 37.848526001, 38.4638557434, 39.0791816711, 39.6829032898, 40.2982292175, 40.91355896, 41.5172767639, 42.1326065063, 42.7479362488, 43.3632659912, 43.9785919189, 44.5823135376]
},
"tonal": {
    "chords_changes_rate": 0.0390946492553,
    "chords_number_rate": 0.00925925932825,
    "chords_strength": {
        "mean": 0.457751244307,
        "var": 0.00623414758593
    },
    "hpcp_entropy": {
        "mean": 1.36241257191,
        "var": 0.471120804548
    },
    "key_strength": 0.748069941998,
    "tuning_diatonic_strength": 0.477453351021,
    "tuning_equal_tempered_deviation": 0.0308243371546,
    "tuning_frequency": 438.477722168,
    "tuning_nontempered_energy_ratio": 0.598905742168,
    "hpcp": {
        "mean": [0.0513106770813, 0.0341568477452, 0.0135001372546, 0.0272154528648, 0.0252912901342, 0.0912470519543, 0.196111693978, 0.135241746902, 0.2660356462, 0.515431106091, 0.285256952047, 0.0195745360106, 0.0121217463166, 0.0117822643369, 0.116862356663, 0.233664646745, 0.128831714392, 0.0236107539386, 0.0488378293812, 0.0372139923275, 0.0601168088615, 0.159606263041, 0.124935358763, 0.113117426634, 0.216557785869, 0.136490538716, 0.02649686113, 0.0307350475341, 0.0297074392438, 0.110222168267, 0.197752073407, 0.113349087536, 0.0326053276658, 0.0341033712029, 0.017038077116, 0.0226070638746],
        "var": [0.011908236891, 0.00600502779707, 0.00234773452394, 0.015910230577, 0.0107377599925, 0.019725240767, 0.104088544846, 0.0581195391715, 0.0525459311903, 0.189970061183, 0.0639750063419, 0.00593140767887, 0.00521049508825, 0.00298189697787, 0.034783218056, 0.118066266179, 0.0355353467166, 0.00414314726368, 0.027975236997, 0.0158830638975, 0.0131975263357, 0.0868605226278, 0.0586011148989, 0.0310308858752, 0.113414563239, 0.0498066619039, 0.00634395657107, 0.0133317559958, 0.00837313663214, 0.040005993098, 0.0999068394303, 0.0371835902333, 0.0122746899724, 0.0192747861147, 0.00442328536883, 0.00214469945058]
    },
    "chords_histogram": [21.3991775513, 0, 25.6172847748, 3.08641982079, 0.102880656719, 0, 0, 0, 0, 0, 0, 0, 0, 0, 0, 17.3868312836, 3.80658435822, 2.36625504494, 0, 0, 0.925925910473, 3.18930029869, 16.1522636414, 5.96707820892],
    "thpcp": [1, 0.553433716297, 0.0379770174623, 0.023517685011, 0.0228590480983, 0.226727411151, 0.453338265419, 0.24994944036, 0.0458077788353, 0.0947514176369, 0.0721997395158, 0.11663403362, 0.309655874968, 0.242390021682, 0.219461783767, 0.420148849487, 0.264808505774, 0.0514071844518, 0.0596297867596, 0.0576361007988, 0.213844612241, 0.383663445711, 0.219911232591, 0.0632583647966, 0.0661647543311, 0.0330559723079, 0.0438604950905, 0.0995490476489, 0.0662685036659, 0.0261919330806, 0.0528013408184, 0.0490682274103, 0.177030548453, 0.380480915308, 0.262385696173, 0.516142010689],
    "chords_key": "G",
    "chords_scale": "major",
    "key_key": "C",
    "key_scale": "major"
}
}