{
"lowlevel": {
    "average_loudness": 0.475342899561,
    "barkbands_crest": {
        "mean": 19.1730518341,
        "var": 25.1067047119
    },
    "barkbands_flatness_db": {
        "mean": 0.531897187233,
        "var": 0.00323289888911
    },
    "barkbands_kurtosis": {
        "mean": 13.3505907059,
        "var": 549.495300293
    },
    "barkbands_skewness": {
        "mean": 0.74874651432,
        "var": 2.55182480812
    },
    "barkbands_spread": {
        "mean": 1.39043390751,
        "var": 1.71305608749
    },
    "dissonance": {
        "mean": 0.207286849618,
        "var": 0.0104703642428
    },
    "dynamic_complexity": 6.07612037659,
    "erbbands_crest": {
        "mean": 20.9574279785,
        "var": 46.6054458618
    },
    "erbbands_flatness_db": {
        "mean": 0.528898179531,
        "var": 0.00221353326924
    },
    "erbbands_kurtosis": {
        "mean": 6.7941198349,
        "var": 125.966636658
    },
    "erbbands_skewness": {
        "mean": 0.986378848553,
        "var": 2.19260215759
    },
    "erbbands_spread": {
        "mean": 3.31435513496,
        "var": 6.18322038651
    },
    "hfc": {
        "mean": 5.32305955887,
        "var": 80.6142730713
    },
    "melbands_crest": {
        "mean": 21.6037082672,
        "var": 40.794670105
    },
    "melbands_flatness_db": {
        "mean": 0.657764315605,
        "var": 0.00331852003001
    },
    "melbands_kurtosis": {
        "mean": 6.92719841003,
        "var": 91.1691665649
    },
    "melbands_skewness": {
        "mean": 0.588041841984,
        "var": 1.36848127842
    },
    "melbands_spread": {
        "mean": 2.85823249817,
        "var": 29.7586078644
    },
    "pitch_salience": {
        "mean": 0.400363236666,
        "var": 0.0270697753876
    },
    "silence_rate_20dB": {
        "mean": 1,
        "var": 0
    },
    "silence_rate_30dB": {
        "mean": 0.991250634193,
        "var": 0.00867265276611
    },
    "silence_rate_60dB": {
        "mean": 0.424601137638,
        "var": 0.244317978621
    },
    "spectral_centroid": {
        "mean": 433.587982178,
        "var": 166383.828125
    },
    "spectral_complexity": {
        "mean": 3.76428198814,
        "var": 3.02630186081
    },
    "spectral_decrease": {
        "mean": -3.17610560074e-009,
        "var": 2.73324859672e-017
    },
    "spectral_energy": {
        "mean": 0.0124701708555,
        "var": 0.000421860342612
    },
    "spectral_energyband_high": {
        "mean": 5.01375785333e-009,
        "var": 4.53330339305e-016
    },
    "spectral_energyband_low": {
        "mean": 0.000123651494505,
        "var": 1.47672352568e-007
    },
    "spectral_energyband_middle_high": {
        "mean": 7.24159472156e-005,
        "var": 1.87368911497e-008
    },
    "spectral_energyband_middle_low": {
        "mean": 0.0122966002673,
        "var": 0.000410535751143
    },
    "spectral_entropy": {
        "mean": 4.32115459442,
        "var": 0.241369709373
    },
    "spectral_flux": {
        "mean": 0.020413344726,
        "var": 0.000844846072141
    },
    "spectral_kurtosis": {
        "mean": 371.964660645,
        "var": 24643.6054688
    },
    "spectral_rms": {
        "mean": 0.00276126223616,
        "var": 4.54145219919e-006
    },
    "spectral_rolloff": {
        "mean": 536.534851074,
        "var": 521217.71875
    },
    "spectral_skewness": {
        "mean": 16.1403846741,
        "var": 8.52398490906
    },
    "spectral_spread": {
        "mean": 723591.75,
        "var": 2.82498904883e+012
    },
    "spectral_strongpeak": {
        "mean": 1.28455007076,
        "var": 1.53315627575
    },
    "zerocrossingrate": {
        "mean": 0.0200484301895,
        "var": 0.000364849722246
    },
    "barkbands": {
        "mean": [1.83745135018e-006, 5.70932170376e-005, 5.31777841388e-005, 0.000102054247691, 0.00153623183724, 0.00293852039613, 0.00464286794886, 0.00266040698625, 0.000389718858059, 5.06875621795e-005, 2.69424999715e-005, 5.44669228475e-006, 2.81260213342e-006, 2.05068545256e-006, 1.35465668905e-007, 1.38363844826e-007, 3.16071258055e-008, 1.25060655165e-008, 5.18156184626e-009, 1.72549974309e-009, 8.9394636138e-010, 7.04626801351e-010, 5.74273850695e-010, 5.45602341084e-010, 5.54099821581e-010, 5.84190085196e-010, 5.02358987742e-010],
        "var": [5.68555237612e-011, 3.37697123598e-008, 3.55223868098e-008, 9.89063480006e-008, 2.05428605113e-005, 7.46074219933e-005, 0.000178865142516, 9.2624759418e-005, 3.47587331362e-007, 1.44397018786e-008, 4.30856594846e-009, 2.79844786233e-010, 7.08098094049e-011, 7.56436580041e-011, 9.17640868348e-014, 3.21260650461e-013, 1.68850834194e-014, 4.90611308632e-015, 2.807740049e-016, 4.7072016394e-017, 1.63580094652e-017, 1.05823631131e-017, 7.17152852502e-018, 6.48752543187e-018, 5.66363203508e-018, 5.19141116698e-018, 3.47914481746e-018]
    },
    "erbbands": {
        "mean": [0.000486111588543, 0.0168770533055, 0.0707739368081, 0.159117951989, 1.40892183781, 7.28675508499, 6.5546708107, 37.7186126709, 55.5830764771, 86.07396698, 23.5151767731, 8.2393951416, 7.06359004974, 1.39351332188, 0.621185362339, 0.204190716147, 0.137164220214, 0.110088869929, 0.0411310978234, 0.00806026905775, 0.00667101610452, 0.00197959295474, 0.00112838333007, 0.000348154339008, 0.000191198443645, 8.24732633191e-005, 5.11250000272e-005, 3.55086231139e-005, 3.06757465296e-005, 2.557461994e-005, 2.19922985707e-005, 1.87120131159e-005, 1.60284362209e-005, 1.35032369144e-005, 1.09728734969e-005, 8.14008581074e-006, 4.7137632464e-006, 1.00075408227e-006, 5.94224638917e-006, 1.39440699058e-005],
        "var": [2.17058300223e-006, 0.00300344475545, 0.0587425269186, 0.171170309186, 13.1574983597, 551.90020752, 273.546295166, 11343.1982422, 25251.3671875, 48737.0898438, 6636.04443359, 203.133148193, 71.4395141602, 8.78748607635, 2.03546595573, 0.230621159077, 0.138326972723, 0.159809187055, 0.0439080148935, 0.000314489210723, 0.000725432299078, 6.38383789919e-005, 2.86536142085e-005, 9.85746623883e-007, 3.81929964988e-007, 7.5819954759e-008, 3.79842859388e-008, 2.19474749485e-008, 1.48719641047e-008, 9.32191035474e-009, 5.93853588526e-009, 3.76805386892e-009, 1.96388305618e-009, 1.0360263758e-009, 5.03216468495e-010, 2.16115889073e-010, 6.66309576958e-011, 4.28809331793e-012, 9.54900325478e-011, 5.28073251793e-010]
    },
    "gfcc": {
        "mean": [-362.811309814, 252.526626587, -44.4368972778, -97.1032867432, -69.8915405273, -30.2782211304, -31.1937789917, -17.3646507263, -4.17270755768, -7.44579696655, -3.89364147186, -12.2043008804, -0.541456758976],
        "cov": [[5585.50683594, 489.107116699, -507.719268799, -145.01802063, 207.840072632, -289.174560547, 120.828292847, 253.848953247, 140.941604614, -15.3663444519, 153.034072876, -97.4496536255, -103.465156555], [489.107116699, 533.96887207, 56.0264167786, -79.0624389648, 121.117401123, 64.0724639893, 13.7947692871, -54.6308517456, -93.7524642944, -152.313980103, -147.983734131, -122.982666016, 6.0141954422], [-507.719268799, 56.0264167786, 274.11920166, 45.4764137268, -75.4460067749, 34.6642341614, -4.45372056961, -94.7520675659, -91.2857971191, -32.6768074036, -19.6319408417, 14.0181865692, 56.4559669495], [-145.01802063, -79.0624389648, 45.4764137268, 175.254638672, 47.9896240234, 41.4298477173, 6.71811151505, -5.6103925705, -22.6192893982, 7.95529651642, 6.78081035614, 29.7455978394, 13.2595176697], [207.840072632, 121.117401123, -75.4460067749, 47.9896240234, 208.785110474, 48.092048645, -5.31009578705, 26.606212616, 10.4748544693, -19.9777984619, -4.0529499054, -6.52151203156, -6.69992446899], [-289.174560547, 64.0724639893, 34.6642341614, 41.4298477173, 48.092048645, 95.7203903198, 17.5289936066, -23.6565971375, -30.9350280762, -20.8015174866, -43.4304695129, -12.8629655838, 2.85798740387], [120.828292847, 13.7947692871, -4.45372056961, 6.71811151505, -5.31009578705, 17.5289936066, 64.5929870605, 40.9960327148, 4.12425470352, -8.66473960876, -4.80882358551, -1.65533053875, 4.14572715759], [253.848953247, -54.6308517456, -94.7520675659, -5.6103925705, 26.606212616, -23.6565971375, 40.9960327148, 107.636940002, 73.9906921387, 27.046453476, 27.0294570923, 14.7007770538, -16.778219223], [140.941604614, -93.7524642944, -91.2857971191, -22.6192893982, 10.4748544693, -30.9350280762, 4.12425470352, 73.9906921387, 105.702232361, 69.2775726318, 43.1435012817, 6.4060087204, -31.6802654266], [-15.3663444519, -152.313980103, -32.6768074036, 7.95529651642, -19.9777984619, -20.8015174866, -8.66473960876, 27.046453476, 69.2775726318, 104.91734314, 94.8375473022, 41.9070549011, -21.8761901855], [153.034072876, -147.983734131, -19.6319408417, 6.78081035614, -4.0529499054, -43.4304695129, -4.80882358551, 27.0294570923, 43.1435012817, 94.8375473022, 164.715042114, 118.921302795, 25.936630249], [-97.4496536255, -122.982666016, 14.0181865692, 29.7455978394, -6.52151203156, -12.8629655838, -1.65533053875, 14.7007770538, 6.4060087204, 41.9070549011, 118.921302795, 154.469909668, 82.9898300171], [-103.465156555, 6.0141954422, 56.4559669495, 13.2595176697, -6.69992446899, 2.85798740387, 4.14572715759, -16.778219223, -31.6802654266, -21.8761901855, 25.936630249, 82.9898300171, 100.989700317]],
        "icov": [[0.00054196245037, -0.00123177014757, 0.00119268312119, -0.00110554334242, 0.000501065165736, 0.00169702200219, -0.00107562437188, 0.000182335235877, -0.000410215288866, 0.000773950305302, -0.00224018213339, 0.00127405312378, -0.000265993061475], [-0.00123177014757, 0.00955362152308, -0.00459497515112, 0.00654594181105, -0.00528011796996, -0.00651300093159, 0.0015556741273, 0.000372679438442, 0.000265944865532, 0.00686962809414, 7.48584570829e-005, 0.00463878177106, -0.00254927505739], [0.00119268312119, -0.00459497515112, 0.0109858540818, -0.00605932297185, 0.0062276176177, 0.000784326519351, -0.00154003559146, 0.00324544403702, 0.000314447941491, 0.00187301903497, -0.0089010829106, 0.00650669261813, -0.00541347917169], [-0.00110554334242, 0.00654594181105, -0.00605932297185, 0.0145334396511, -0.00924975425005, -0.00102842634078, -0.0018776882207, -0.00207867682911, 0.0100486790761, -0.0114065697417, 0.0148518653587, -0.00828023441136, 0.0027753286995], [0.000501065165736, -0.00528011796996, 0.0062276176177, -0.00924975425005, 0.018794151023, -0.0151283768937, 0.0147130051628, -0.00834780465811, -0.00865317322314, 0.0200599692762, -0.025717092678, 0.016200138256, -0.0068321111612], [0.00169702200219, -0.00651300093159, 0.000784326519351, -0.00102842634078, -0.0151283768937, 0.0468923598528, -0.031664211303, 0.0183055754751, 0.0104235000908, -0.0369889624417, 0.0406368710101, -0.0329274050891, 0.0157128609717], [-0.00107562437188, 0.0015556741273, -0.00154003559146, -0.0018776882207, 0.0147130051628, -0.031664211303, 0.053480617702, -0.0393261015415, 0.0092136869207, 0.0172840692103, -0.0289163552225, 0.0299524664879, -0.0174970924854], [0.000182335235877, 0.000372679438442, 0.00324544403702, -0.00207867682911, -0.00834780465811, 0.0183055754751, -0.0393261015415, 0.0580965839326, -0.0369174405932, 0.0120502822101, 0.0124906282872, -0.0247264746577, 0.0169586446136], [-0.000410215288866, 0.000265944865532, 0.000314447941491, 0.0100486790761, -0.00865317322314, 0.0104235000908, 0.0092136869207, -0.0369174405932, 0.0692709311843, -0.0634027644992, 0.0328231193125, -0.00644785026088, -0.00444710953161], [0.000773950305302, 0.00686962809414, 0.00187301903497, -0.0114065697417, 0.0200599692762, -0.0369889624417, 0.0172840692103, 0.0120502822101, -0.0634027644992, 0.118612825871, -0.0890597105026, 0.0465113036335, -0.00503982463852], [-0.00224018213339, 7.48584570829e-005, -0.0089010829106, 0.0148518653587, -0.025717092678, 0.0406368710101, -0.0289163552225, 0.0124906282872, 0.0328231193125, -0.0890597105026, 0.109802693129, -0.0805089399219, 0.0300964992493], [0.00127405312378, 0.00463878177106, 0.00650669261813, -0.00828023441136, 0.016200138256, -0.0329274050891, 0.0299524664879, -0.0247264746577, -0.00644785026088, 0.0465113036335, -0.0805089399219, 0.0884386226535, -0.0487988255918], [-0.000265993061475, -0.00254927505739, -0.00541347917169, 0.0027753286995, -0.0068321111612, 0.0157128609717, -0.0174970924854, 0.0169586446136, -0.00444710953161, -0.00503982463852, 0.0300964992493, -0.0487988255918, 0.0449659079313]]
    },
    "melbands": {
        "mean": [9.81171251624e-006, 3.24842767441e-005, 5.37826235814e-005, 0.000299660168821, 0.000285607442493, 0.000776980130468, 0.000896391400602, 0.000926416018046, 0.000124753525597, 5.841904931e-005, 3.43836945831e-005, 4.90577212986e-006, 2.33045602727e-006, 9.85992187452e-007, 3.00538971487e-007, 3.07958458734e-007, 1.96150338638e-007, 8.58386215441e-008, 1.39388349751e-008, 9.2122123263e-009, 6.60847865319e-009, 1.70379688136e-009, 1.41342892945e-009, 6.07061956259e-010, 2.43172176839e-010, 1.84922285817e-010, 7.42309269608e-011, 4.3378415443e-011, 3.24342011582e-011, 2.06029117378e-011, 1.71851907704e-011, 1.50112092895e-011, 1.26898665187e-011, 1.07050583675e-011, 9.37143852103e-012, 8.05686246885e-012, 7.03094396939e-012, 6.27136840722e-012, 5.55959705356e-012, 5.03613990788e-012],
        "var": [9.5126517774e-010, 1.19439942381e-008, 2.44434517072e-008, 8.83594623247e-007, 5.45234740912e-007, 4.52641188531e-006, 6.04818524153e-006, 6.21654544375e-006, 2.28046602047e-007, 1.01096651051e-008, 1.78332215661e-009, 1.45059783629e-010, 2.72189510514e-011, 6.73727306583e-012, 1.76143030283e-012, 1.30707966152e-012, 7.48749044537e-013, 2.29526358857e-013, 1.07769854764e-015, 1.74222871729e-015, 9.116074569e-016, 6.2203015917e-017, 4.79550250804e-017, 8.55097958227e-018, 6.22234414879e-019, 5.67734172655e-019, 1.02954886307e-019, 2.3047528228e-020, 1.6633907416e-020, 9.35911080692e-021, 6.51899142438e-021, 4.82297026554e-021, 3.37920728569e-021, 2.49396792415e-021, 1.86442915388e-021, 1.49796299995e-021, 1.14559839733e-021, 8.16630071262e-022, 6.04684123419e-022, 4.84828055845e-022]
    },
    "mfcc": {
        "mean": [-940.814086914, 213.347457886, 78.2849121094, -17.0110988617, -38.5059776306, -26.7654342651, -19.0256938934, -16.820602417, -11.2788114548, -4.21459817886, -2.15819501877, -4.59324836731, -5.0639500618],
        "cov": [[1433.50048828, 1226.33276367, -71.8793640137, -390.141479492, 11.1494541168, 177.18939209, 45.9452857971, 7.94812202454, 74.9159469604, 81.0631790161, 37.2141532898, 22.3390674591, 17.362071991], [1226.33276367, 1081.42248535, -7.4736828804, -322.965026855, -11.8391628265, 149.108978271, 51.9273872375, 6.52011346817, 56.1001434326, 62.0495262146, 15.2630519867, -8.14640617371, -11.1814527512], [-71.8793640137, -7.4736828804, 107.161659241, 68.5110168457, -12.9387750626, -9.69652462006, 18.6559562683, 3.96323513985, -18.2841339111, -24.9227256775, -35.6905975342, -47.4158935547, -44.3228683472], [-390.141479492, -322.965026855, 68.5110168457, 191.057357788, 64.2606735229, -27.0041179657, -6.986723423, 6.26006412506, -26.1109848022, -44.1305809021, -29.4548397064, -15.838924408, -12.9728889465], [11.1494541168, -11.8391628265, -12.9387750626, 64.2606735229, 107.481575012, 59.9492988586, 8.97750377655, 1.74862277508, -0.829931557178, -7.6829867363, 1.32503592968, 13.9515094757, 10.8959054947], [177.18939209, 149.108978271, -9.69652462006, -27.0041179657, 59.9492988586, 95.7506027222, 51.1043968201, 6.14566802979, 0.104506239295, 6.6344742775, 2.4882338047, -6.29252290726, -12.2983083725], [45.9452857971, 51.9273872375, 18.6559562683, -6.986723423, 8.97750377655, 51.1043968201, 65.0540313721, 37.4688949585, 5.48419141769, -9.74730873108, -18.8275318146, -24.519153595, -20.9434776306], [7.94812202454, 6.52011346817, 3.96323513985, 6.26006412506, 1.74862277508, 6.14566802979, 37.4688949585, 64.2259063721, 45.5383453369, -1.63691616058, -28.7795085907, -20.4696788788, -0.23295623064], [74.9159469604, 56.1001434326, -18.2841339111, -26.1109848022, -0.829931557178, 0.104506239295, 5.48419141769, 45.5383453369, 71.6061553955, 42.0311851501, -4.62054681778, -16.7540245056, -0.370676517487], [81.0631790161, 62.0495262146, -24.9227256775, -44.1305809021, -7.6829867363, 6.6344742775, -9.74730873108, -1.63691616058, 42.0311851501, 69.7032089233, 48.7603111267, 7.3989238739, -11.4507980347], [37.2141532898, 15.2630519867, -35.6905975342, -29.4548397064, 1.32503592968, 2.4882338047, -18.8275318146, -28.7795085907, -4.62054681778, 48.7603111267, 85.0982513428, 65.9357452393, 20.6731624603], [22.3390674591, -8.14640617371, -47.4158935547, -15.838924408, 13.9515094757, -6.29252290726, -24.519153595, -20.4696788788, -16.7540245056, 7.3989238739, 65.9357452393, 104.543823242, 82.5737228394], [17.362071991, -11.1814527512, -44.3228683472, -12.9728889465, 10.8959054947, -12.2983083725, -20.9434776306, -0.23295623064, -0.370676517487, -11.4507980347, 20.6731624603, 82.5737228394, 108.323997498]],
        "icov": [[939.605285645, -1340.37780762, 1360.34350586, -1352.91345215, 1280.91345215, -1126.95727539, 903.661071777, -648.635864258, 408.161529541, -218.386260986, 94.6891860962, -30.1559391022, 5.38887310028], [-1340.37780762, 1912.40722656, -1941.38684082, 1930.57434082, -1826.25634766, 1603.87145996, -1282.50146484, 917.111206055, -574.399475098, 305.608428955, -131.644058228, 41.607635498, -7.36595773697], [1360.34350586, -1941.38684082, 1971.65124512, -1960.54992676, 1852.56945801, -1623.04296875, 1292.83300781, -919.604492188, 572.073608398, -301.853668213, 128.748458862, -40.2126197815, 7.01487350464], [-1352.91345215, 1930.57434082, -1960.54992676, 1950.6817627, -1846.3125, 1622.30200195, -1297.67834473, 927.980529785, -580.923400879, 308.68069458, -132.63494873, 41.7424163818, -7.32662248611], [1280.91345215, -1826.25634766, 1852.56945801, -1846.3125, 1759.48291016, -1566.15454102, 1276.97412109, -936.00378418, 603.495361328, -331.618133545, 147.839660645, -48.4373664856, 8.89411354065], [-1126.95727539, 1603.87145996, -1623.04296875, 1622.30200195, -1566.15454102, 1428.46252441, -1205.9486084, 922.508178711, -624.084777832, 360.955200195, -169.600524902, 58.6273040771, -11.396979332], [903.661071777, -1282.50146484, 1292.83300781, -1297.67834473, 1276.97412109, -1205.9486084, 1066.88049316, -860.641296387, 615.078491211, -375.369903564, 185.568664551, -67.3248062134, 13.7478981018], [-648.635864258, 917.111206055, -919.604492188, 927.980529785, -936.00378418, 922.508178711, -860.641296387, 733.606323242, -552.31439209, 353.342559814, -182.152832031, 68.6669540405, -14.5649356842], [408.161529541, -574.399475098, 572.073608398, -580.923400879, 603.495361328, -624.084777832, 615.078491211, -552.31439209, 435.290252686, -289.650054932, 154.482147217, -60.067035675, 13.1447486877], [-218.386260986, 305.608428955, -301.853668213, 308.68069458, -331.618133545, 360.955200195, -375.369903564, 353.342559814, -289.650054932, 199.28894043, -109.434547424, 43.7593574524, -9.86798000336], [94.6891860962, -131.644058228, 128.748458862, -132.63494873, 147.839660645, -169.600524902, 185.568664551, -182.152832031, 154.482147217, -109.434547424, 61.7360191345, -25.3819904327, 5.91742753983], [-30.1559391022, 41.607635498, -40.2126197815, 41.7424163818, -48.4373664856, 58.6273040771, -67.3248062134, 68.6669540405, -60.067035675, 43.7593574524, -25.3819904327, 10.7899951935, -2.62803196907], [5.38887310028, -7.36595773697, 7.01487350464, -7.32662248611, 8.89411354065, -11.396979332, 13.7478981018, -14.5649356842, 13.1447486877, -9.86798000336, 5.91742753983, -2.62803196907, 0.692009091377]]
    },
    "spectral_contrast_coeffs": {
        "mean": [-0.599786520004, -0.537688136101, -0.613186359406, -0.730239987373, -0.856465697289, -0.930670619011],
        "var": [0.0130517389625, 0.00940023455769, 0.00597409019247, 0.00161493616179, 0.00194125936832, 0.000950698158704]
    },
    "spectral_contrast_valleys": {
        "mean": [-9.51393985748, -8.46642589569, -10.3434419632, -12.6053323746, -13.7813558578, -14.9761714935],
        "var": [1.02712881565, 0.957604527473, 0.834889233112, 0.858568668365, 0.729555487633, 1.36037969589]
    }
},
"metadata": {
    "audio_properties": {
        "analysis_sample_rate": 44100,
        "bit_rate": 87139,
        "equal_loudness": 0,
        "length": 45.0873451233,
        "lossless": 0,
        "replay_gain": -10.7126636505,
        "sample_rate": 44100,
        "codec": "mp3",
        "downmix": "mix",
        "md5_encoded": "511abfe282a5d8950e59d3bcaf61d993"
    },
    "tags": {
        "file_name": "239.mp3"
    },
    "version": {
        "essentia": "2.1-beta2",
        "essentia_git_sha": "v2.1_beta2",
        "extractor": "music 1.0"
    }
},
"rhythm": {
    "beats_count": 74,
    "beats_loudness": {
        "mean": 0.0263786856085,
        "var": 0.00116178428289
    },
    "bpm": 99.9136352539,
    "bpm_histogram_first_peak_bpm": {
        "mean": 99,
        "var": 0
    },
    "bpm_histogram_first_peak_spread": {
        "mean": 0.499999970198,
        "var": 0
    },
    "bpm_histogram_first_peak_weight": {
        "mean": 0.38356167078,
        "var": 0
    },
    "bpm_histogram_second_peak_bpm": {
        "mean": 108,
        "var": 0
    },
    "bpm_histogram_second_peak_spread": {
        "mean": 0.545454502106,
        "var": 0
    },
    "bpm_histogram_second_peak_weight": {
        "mean": 0.0684931501746,
        "var": 0
    },
    "danceability": 1.15081143379,
    "onset_rate": 0.953336119652,
    "beats_loudness_band_ratio": {
        "mean": [0.0613577254117, 0.46875551343, 0.512057423592, 0.00649299984798, 6.83521284373e-005, 1.92653851627e-006],
        "var": [0.0112972585484, 0.0995341390371, 0.126635029912, 5.92373908148e-005, 4.69562388972e-009, 1.30660770831e-012]
    },
    "beats_position": [0.650158703327, 1.30031740665, 1.95047616959, 2.60063481331, 3.20435357094, 3.79646253586, 4.45823097229, 5.13160991669, 5.78176879883, 6.37387752533, 6.96598625183, 7.58131504059, 8.19664382935, 8.77714252472, 9.36925125122, 9.96135997772, 10.5650787354, 11.1687984467, 11.7957363129, 12.3994560242, 13.0147848129, 13.6185035706, 14.2106122971, 14.7911109924, 15.3716096878, 15.9404983521, 16.5558280945, 17.1595458984, 17.7632656097, 18.3669834137, 18.9823131561, 19.5860309601, 20.2013607025, 20.8166885376, 21.43201828, 22.0241260529, 22.616235733, 23.1967334747, 23.7772331238, 24.3577327728, 24.9498405457, 25.5651702881, 26.1804981232, 26.7842178345, 27.3879356384, 28.014875412, 28.6302032471, 29.2223129272, 29.8144207001, 30.4065303802, 30.9870281219, 31.5791378021, 32.1828575134, 32.7865753174, 33.3670730591, 33.9707946777, 34.5745124817, 35.1666221619, 35.7587280273, 36.362449646, 36.96616745, 37.5931053162, 38.2200431824, 38.8005447388, 39.3578224182, 39.9151000977, 40.4723815918, 41.0180473328, 41.5637168884, 42.1093864441, 42.6666641235, 43.2239456177, 43.7928352356, 44.3617210388]
},
"tonal": {
    "chords_changes_rate": 0.0462962947786,
    "chords_number_rate": 0.00720164598897,
    "chords_strength": {
        "mean": 0.419411063194,
        "var": 0.00894715730101
    },
    "hpcp_entropy": {
        "mean": 0.67014336586,
        "var": 0.409564763308
    },
    "key_strength": 0.624588608742,
    "tuning_diatonic_strength": 0.387740254402,
    "tuning_equal_tempered_deviation": 0.002057030797,
    "tuning_frequency": 439.745910645,
    "tuning_nontempered_energy_ratio": 0.602073252201,
    "hpcp": {
        "mean": [0.00168136076536, 0.00489655090496, 0.159301847219, 0.328272461891, 0.185323402286, 0.0142450276762, 0.00355021446012, 0.0108170928434, 0.155823990703, 0.285144686699, 0.14312684536, 0.0276660658419, 0.0484511256218, 0.0274475496262, 0.00244593759999, 0.0011315230513, 0.000792756211013, 0.000822004745714, 0.000788005010691, 0.000872320379131, 0.000959469063673, 0.000668051303364, 0.00338003621437, 0.0943430289626, 0.179566502571, 0.0942648500204, 0.123608022928, 0.236970871687, 0.123278386891, 0.00864886585623, 0.00857850443572, 0.00657150754705, 0.057638283819, 0.120048984885, 0.0680888667703, 0.00355243706144],
        "var": [0.00069507578155, 0.00122660794295, 0.0444655194879, 0.177895307541, 0.0586013905704, 0.00269434577785, 0.00119785952847, 0.00269794650376, 0.0638158395886, 0.192264661193, 0.0528422743082, 0.00942376628518, 0.0364323407412, 0.0120958881453, 0.000365780026186, 2.90532552754e-005, 7.12922928869e-006, 1.64487883012e-005, 8.69394534675e-006, 2.14099982259e-005, 2.45796400122e-005, 4.25819735028e-006, 0.000327068497427, 0.042164798826, 0.137376740575, 0.0404578186572, 0.0355015583336, 0.137289389968, 0.0373601578176, 0.00153524882626, 0.000578243867494, 0.000465113698738, 0.0244168154895, 0.0940255746245, 0.0326627008617, 0.000287909817416]
    },
    "chords_histogram": [2.67489719391, 5.04115247726, 26.1316871643, 0, 4.73251008987, 0, 0, 0, 0, 12.448559761, 0, 0.102880656719, 0, 0, 0, 0, 0.720164597034, 0, 0, 0, 0, 0, 26.440328598, 21.707818985],
    "thpcp": [1, 0.564541399479, 0.0433939173818, 0.0108148409054, 0.0329515710473, 0.474678844213, 0.868622004986, 0.436000168324, 0.0842777565122, 0.147594243288, 0.0836120992899, 0.00745093729347, 0.00344690214843, 0.00241493363865, 0.00250403210521, 0.00240046018735, 0.00265730591491, 0.00292278267443, 0.00203505135141, 0.0102964350954, 0.28739246726, 0.547004461288, 0.287154316902, 0.376540958881, 0.721872508526, 0.375536799431, 0.0263466071337, 0.0261322688311, 0.0200184546411, 0.175580620766, 0.365699231625, 0.20741571486, 0.0108216116205, 0.00512184528634, 0.0149161182344, 0.485273271799],
    "chords_key": "D#",
    "chords_scale": "minor",
    "key_key": "A#",
    "key_scale": "minor"
}
}