{
"lowlevel": {
    "average_loudness": 0.950266599655,
    "barkbands_crest": {
        "mean": 12.1210689545,
        "var": 21.3015460968
    },
    "barkbands_flatness_db": {
        "mean": 0.17185510695,
        "var": 0.00195933156647
    },
    "barkbands_kurtosis": {
        "mean": 9.61364746094,
        "var": 146.648086548
    },
    "barkbands_skewness": {
        "mean": 2.10299801826,
        "var": 2.23636126518
    },
    "barkbands_spread": {
        "mean": 13.3487024307,
        "var": 95.245010376
    },
    "dissonance": {
        "mean": 0.443003416061,
        "var": 0.00156876025721
    },
    "dynamic_complexity": 1.75374805927,
    "erbbands_crest": {
        "mean": 13.8954286575,
        "var": 31.2314281464
    },
    "erbbands_flatness_db": {
        "mean": 0.197655260563,
        "var": 0.00127721799072
    },
    "erbbands_kurtosis": {
        "mean": 2.63265371323,
        "var": 19.9857463837
    },
    "erbbands_skewness": {
        "mean": 1.06314325333,
        "var": 1.42122614384
    },
    "erbbands_spread": {
        "mean": 29.4276199341,
        "var": 185.73588562
    },
    "hfc": {
        "mean": 16.2968292236,
        "var": 179.91746521
    },
    "melbands_crest": {
        "mean": 15.6898956299,
        "var": 25.3047389984
    },
    "melbands_flatness_db": {
        "mean": 0.236281007528,
        "var": 0.00366426678374
    },
    "melbands_kurtosis": {
        "mean": 16.9251003265,
        "var": 381.988464355
    },
    "melbands_skewness": {
        "mean": 2.60832476616,
        "var": 2.53525829315
    },
    "melbands_spread": {
        "mean": 16.5229034424,
        "var": 232.417312622
    },
    "pitch_salience": {
        "mean": 0.507322847843,
        "var": 0.0134221632034
    },
    "silence_rate_20dB": {
        "mean": 1,
        "var": 0
    },
    "silence_rate_30dB": {
        "mean": 1,
        "var": 0
    },
    "silence_rate_60dB": {
        "mean": 0.0159547086805,
        "var": 0.0156995654106
    },
    "spectral_centroid": {
        "mean": 1081.04492188,
        "var": 520949.75
    },
    "spectral_complexity": {
        "mean": 14.0046319962,
        "var": 59.5382385254
    },
    "spectral_decrease": {
        "mean": -6.39346486864e-009,
        "var": 1.32313354058e-017
    },
    "spectral_energy": {
        "mean": 0.0256085917354,
        "var": 0.000203503543162
    },
    "spectral_energyband_high": {
        "mean": 0.000290640833555,
        "var": 4.75743007655e-007
    },
    "spectral_energyband_low": {
        "mean": 0.00591263873503,
        "var": 7.79739930294e-005
    },
    "spectral_energyband_middle_high": {
        "mean": 0.00461791595444,
        "var": 3.3305848774e-005
    },
    "spectral_energyband_middle_low": {
        "mean": 0.0163634624332,
        "var": 0.000119988784718
    },
    "spectral_entropy": {
        "mean": 7.20113134384,
        "var": 0.132388487458
    },
    "spectral_flux": {
        "mean": 0.0637997314334,
        "var": 0.00120941433124
    },
    "spectral_kurtosis": {
        "mean": 4.60118865967,
        "var": 3.96883177757
    },
    "spectral_rms": {
        "mean": 0.00478756194934,
        "var": 2.06321715268e-006
    },
    "spectral_rolloff": {
        "mean": 1105.19714355,
        "var": 1440514
    },
    "spectral_skewness": {
        "mean": 1.47514498234,
        "var": 0.139308944345
    },
    "spectral_spread": {
        "mean": 3871791.75,
        "var": 2.4912616489e+012
    },
    "spectral_strongpeak": {
        "mean": 1.52377533913,
        "var": 1.39894175529
    },
    "zerocrossingrate": {
        "mean": 0.0441229827702,
        "var": 0.000904838670976
    },
    "barkbands": {
        "mean": [1.05788485598e-005, 0.000817334163003, 0.00358490459621, 0.00249033630826, 0.00221035606228, 0.00593730388209, 0.00347643275745, 0.00119998236187, 0.000674481852911, 0.000938884913921, 0.000934094365221, 0.000369409593986, 0.000256604893366, 0.000429697887739, 0.000257697422057, 0.000181232986506, 0.000769348000176, 0.000382380589144, 0.000331628369167, 0.000129540028865, 9.98745963443e-005, 6.99320444255e-005, 3.42749990523e-005, 1.28907122416e-005, 4.46920330432e-006, 3.89724073102e-006, 1.02773708477e-006],
        "var": [1.06049291571e-009, 2.60391630036e-006, 4.61048184661e-005, 1.84908476513e-005, 1.2318077097e-005, 8.07651449577e-005, 1.82030398719e-005, 5.04235822518e-006, 3.56432201443e-006, 7.67273650126e-006, 4.17322144131e-006, 4.98770475588e-007, 5.80257847105e-007, 2.01012585421e-006, 4.5656418024e-007, 2.12559598367e-007, 5.29922817805e-006, 9.38074776968e-007, 2.80114988982e-007, 1.21493656025e-007, 9.54597609848e-008, 2.0019133018e-008, 8.81079564863e-009, 1.18718790354e-009, 4.05870337339e-011, 7.77992947842e-012, 3.83702970655e-013]
    },
    "erbbands": {
        "mean": [0.00510530918837, 0.302442014217, 3.36390137672, 7.22025680542, 7.91296434402, 7.07682132721, 14.4054584503, 60.9920730591, 44.5785827637, 54.5949211121, 23.7943325043, 10.4399404526, 31.3356933594, 38.8426856995, 32.8019065857, 13.2413845062, 11.9977846146, 17.8277282715, 19.4482898712, 10.3596849442, 15.1824083328, 44.2883453369, 25.9920692444, 16.3004703522, 13.4187803268, 6.26579141617, 4.45494556427, 3.8087348938, 2.81519246101, 1.09150600433, 1.08944916725, 0.454076170921, 0.155993118882, 0.0620582215488, 0.0273193456233, 0.0121340109035, 0.00783659331501, 0.00297160469927, 9.84500074992e-005, 3.15958677675e-005],
        "var": [7.15223068255e-005, 0.318522304296, 41.1089134216, 129.899963379, 148.762542725, 200.305740356, 616.640258789, 9659.02539063, 1993.83630371, 6901.33398438, 1713.96520996, 517.256408691, 9190.81738281, 11915.3525391, 4349.18359375, 469.462493896, 1132.94677734, 3327.48974609, 3453.69165039, 688.195983887, 1428.18481445, 17233.8320313, 4597.36181641, 695.633544922, 556.865905762, 232.526107788, 215.22203064, 98.5247344971, 35.9537162781, 2.09936881065, 11.364859581, 2.64975166321, 0.0687701925635, 0.00770839303732, 0.00241478229873, 0.000201695234864, 2.78731749859e-005, 2.02011369765e-006, 3.04139446961e-009, 2.66201560795e-010]
    },
    "gfcc": {
        "mean": [-23.3613872528, 95.8815460205, -120.872817993, 25.3926239014, -66.0666503906, -12.5215024948, -32.7162284851, -1.76324558258, -23.7668151855, -1.20117330551, -14.1405563354, 4.62532806396, -19.6001987457],
        "cov": [[3568.49047852, 313.787780762, -677.405517578, 138.086929321, -62.3140525818, 8.87288379669, -188.053131104, 34.7094192505, -13.347410202, -56.5166320801, 21.0279655457, -8.12271308899, -78.3363571167], [313.787780762, 543.195495605, 437.931488037, 73.2561645508, 66.3735046387, -13.4593763351, 14.9258403778, -115.101615906, -127.775138855, -135.969894409, -34.8252983093, 12.5811910629, 58.6438751221], [-677.405517578, 437.931488037, 1042.35388184, 198.023361206, 55.2078437805, 0.792917251587, 31.1923389435, -199.952011108, -212.910461426, -125.222885132, -103.781555176, 17.8733272552, 107.227134705], [138.086929321, 73.2561645508, 198.023361206, 326.797698975, 143.876068115, 21.1970596313, -79.0504608154, -79.3245925903, -39.8752174377, -50.6573219299, -18.5855121613, -26.1763420105, -9.79718780518], [-62.3140525818, 66.3735046387, 55.2078437805, 143.876068115, 222.218719482, 66.636505127, -31.2168636322, -16.5041160583, 18.1958694458, -17.6836986542, -15.9556312561, -4.89441680908, -23.7209205627], [8.87288379669, -13.4593763351, 0.792917251587, 21.1970596313, 66.636505127, 172.654846191, 89.0169906616, 45.0606994629, 23.1836090088, 3.51252365112, -25.5489902496, -15.5799665451, -6.44119310379], [-188.053131104, 14.9258403778, 31.1923389435, -79.0504608154, -31.2168636322, 89.0169906616, 252.005828857, 119.472938538, -19.3440761566, -3.08258938789, -22.7089748383, -21.749961853, 21.5565624237], [34.7094192505, -115.101615906, -199.952011108, -79.3245925903, -16.5041160583, 45.0606994629, 119.472938538, 184.073944092, 81.04662323, 45.6336135864, -4.26934766769, -24.759645462, -19.8431167603], [-13.347410202, -127.775138855, -212.910461426, -39.8752174377, 18.1958694458, 23.1836090088, -19.3440761566, 81.04662323, 183.422180176, 102.373985291, 27.966758728, -19.4523277283, -48.4758872986], [-56.5166320801, -135.969894409, -125.222885132, -50.6573219299, -17.6836986542, 3.51252365112, -3.08258938789, 45.6336135864, 102.373985291, 163.877456665, 63.5986328125, -3.40626192093, -46.1591911316], [21.0279655457, -34.8252983093, -103.781555176, -18.5855121613, -15.9556312561, -25.5489902496, -22.7089748383, -4.26934766769, 27.966758728, 63.5986328125, 120.156402588, 39.8042144775, -29.6115283966], [-8.12271308899, 12.5811910629, 17.8733272552, -26.1763420105, -4.89441680908, -15.5799665451, -21.749961853, -24.759645462, -19.4523277283, -3.40626192093, 39.8042144775, 85.4760971069, 39.6424674988], [-78.3363571167, 58.6438751221, 107.227134705, -9.79718780518, -23.7209205627, -6.44119310379, 21.5565624237, -19.8431167603, -48.4758872986, -46.1591911316, -29.6115283966, 39.6424674988, 124.724235535]],
        "icov": [[0.00117411674, -0.00288077327423, 0.00223230267875, -0.00232915929519, 0.00265126558952, -0.00146283057984, 0.00159679970238, -0.00139251409564, 0.00167546863668, -0.00200151465833, 0.00245094322599, -0.00209697708488, 0.00107986165676], [-0.00288077327423, 0.0109036760405, -0.00698088109493, 0.00694934092462, -0.00818556267768, 0.00421148492023, -0.00444398028776, 0.00431960634887, -0.00461035268381, 0.00795477349311, -0.00836802832782, 0.00681070936844, -0.00327200535685], [0.00223230267875, -0.00698088109493, 0.00682125193998, -0.00597144756466, 0.00561734382063, -0.00248799752444, 0.00143250613473, -0.000484767835587, 0.00409618811682, -0.00588337471709, 0.00754134356976, -0.00564944930375, 0.00196687271819], [-0.00232915929519, 0.00694934092462, -0.00597144756466, 0.0111729092896, -0.00915833376348, 0.00232031103224, -0.000874557124916, 0.00252961018123, -0.00250822352245, 0.00610229512677, -0.00817423779517, 0.00882001686841, -0.00324789201841], [0.00265126558952, -0.00818556267768, 0.00561734382063, -0.00915833376348, 0.0147515889257, -0.00631093513221, 0.00443916628137, -0.00372595828958, 0.0024103205651, -0.00499302661046, 0.0078996932134, -0.00827761832625, 0.0046802861616], [-0.00146283057984, 0.00421148492023, -0.00248799752444, 0.00232031103224, -0.00631093513221, 0.0114970197901, -0.0070592276752, 0.00366029608995, -0.00397957535461, 0.00238720932975, -0.000881748041138, 0.00139366928488, -0.000697376497556], [0.00159679970238, -0.00444398028776, 0.00143250613473, -0.000874557124916, 0.00443916628137, -0.0070592276752, 0.0138575807214, -0.0109419971704, 0.00674749631435, -0.00283278897405, 0.000259866239503, 0.00113779481035, -0.000589815084822], [-0.00139251409564, 0.00431960634887, -0.000484767835587, 0.00252961018123, -0.00372595828958, 0.00366029608995, -0.0109419971704, 0.0176908504218, -0.00753826228902, 0.00242134765722, 0.000156863869051, 0.00147373182699, -0.000568987452425], [0.00167546863668, -0.00461035268381, 0.00409618811682, -0.00250822352245, 0.0024103205651, -0.00397957535461, 0.00674749631435, -0.00753826228902, 0.01571393013, -0.00932767335325, 0.00398146593943, -0.00111356982961, 0.00134344573598], [-0.00200151465833, 0.00795477349311, -0.00588337471709, 0.00610229512677, -0.00499302661046, 0.00238720932975, -0.00283278897405, 0.00242134765722, -0.00932767335325, 0.0184422824532, -0.0122277317569, 0.00675990385935, -0.00126314908266], [0.00245094322599, -0.00836802832782, 0.00754134356976, -0.00817423779517, 0.0078996932134, -0.000881748041138, 0.000259866239503, 0.000156863869051, 0.00398146593943, -0.0122277317569, 0.024880958721, -0.0171701312065, 0.00817196536809], [-0.00209697708488, 0.00681070936844, -0.00564944930375, 0.00882001686841, -0.00827761832625, 0.00139366928488, 0.00113779481035, 0.00147373182699, -0.00111356982961, 0.00675990385935, -0.0171701312065, 0.0281733889133, -0.0113963074982], [0.00107986165676, -0.00327200535685, 0.00196687271819, -0.00324789201841, 0.0046802861616, -0.000697376497556, -0.000589815084822, -0.000568987452425, 0.00134344573598, -0.00126314908266, 0.00817196536809, -0.0113963074982, 0.0147708803415]]
    },
    "melbands": {
        "mean": [0.000122088633361, 0.00129868416116, 0.00127599260304, 0.000542501104064, 0.000463471078547, 0.00128735625185, 0.000742519099731, 0.000532267207745, 0.000149805317051, 7.95824089437e-005, 0.000148734703544, 0.000146927646711, 0.00012402937864, 5.00440182805e-005, 2.63389702013e-005, 2.53610069194e-005, 3.48615540133e-005, 3.58155957656e-005, 1.70701550815e-005, 9.2030977612e-006, 1.98786801775e-005, 4.66696837975e-005, 3.77974611183e-005, 1.42597973536e-005, 1.27928178699e-005, 1.37044135045e-005, 5.33009870196e-006, 3.84131817555e-006, 2.75221077572e-006, 2.43321073867e-006, 2.16281250687e-006, 1.77454342065e-006, 9.749956007e-007, 4.46662738796e-007, 6.17180091922e-007, 5.3629020158e-007, 1.86168890082e-007, 1.14394531181e-007, 7.05267524381e-008, 4.61642812866e-008],
        "var": [5.50918919373e-008, 5.73567194806e-006, 3.19945547744e-006, 8.08045911072e-007, 5.81895051255e-007, 4.00175804316e-006, 5.02240766309e-007, 6.28185603091e-007, 8.144385788e-008, 4.39179537182e-008, 2.11708851339e-007, 1.95207519482e-007, 7.06311453769e-008, 8.57112514296e-009, 5.28950083734e-009, 5.92012394662e-009, 1.43396654551e-008, 1.44011744752e-008, 1.5811310039e-009, 8.62328763951e-010, 2.69421840393e-009, 2.14808082433e-008, 1.29607897748e-008, 1.0108475168e-009, 5.2294552022e-010, 5.1048765215e-010, 2.02571320829e-010, 1.01093126925e-010, 8.7952180261e-011, 7.93088025808e-011, 2.42666269024e-011, 1.53767693023e-011, 3.60135142194e-012, 1.88655270876e-013, 3.05740328888e-012, 4.93873908783e-012, 3.14862637915e-013, 3.19719057273e-014, 1.68172733497e-014, 3.78417178438e-015]
    },
    "mfcc": {
        "mean": [-666.600769043, 127.348358154, -5.11392593384, 33.3645935059, -13.9435567856, -3.20026421547, -9.18459033966, -0.055960405618, -10.9092073441, -6.89127397537, -5.37106180191, -1.60418462753, 3.38046097755],
        "cov": [[1896.63476563, 2.65075278282, -564.794372559, -20.9836845398, 103.384414673, -60.9669799805, -116.990028381, 57.220615387, -75.268081665, -0.918952703476, 151.688262939, 130.721435547, -65.0716781616], [2.65075278282, 599.451843262, 371.993164063, 76.2210769653, 18.2759799957, 35.303527832, 82.8585128784, 26.0760498047, -14.9883060455, -73.1075134277, -113.908370972, -139.902084351, -47.8762512207], [-564.794372559, 371.993164063, 766.0703125, 196.504943848, 21.1606731415, 120.739501953, 113.200286865, -20.1035175323, -5.01674747467, -71.1061859131, -191.543685913, -199.251541138, -77.6060028076], [-20.9836845398, 76.2210769653, 196.504943848, 244.638092041, 132.332626343, 59.4149932861, 24.5333347321, -16.5114116669, -28.7052631378, -38.1539421082, -46.6359710693, -61.4187278748, -44.6085243225], [103.384414673, 18.2759799957, 21.1606731415, 132.332626343, 279.510009766, 111.046005249, -70.1175384521, -14.1628684998, -29.4305057526, -48.4221954346, 32.631362915, 17.6906890869, -44.8002967834], [-60.9669799805, 35.303527832, 120.739501953, 59.4149932861, 111.046005249, 159.804656982, 41.9090232849, -0.950629532337, 6.88667154312, -12.4738149643, -3.69560337067, -0.0657589808106, -9.90789031982], [-116.990028381, 82.8585128784, 113.200286865, 24.5333347321, -70.1175384521, 41.9090232849, 195.687973022, 77.7253494263, 41.5268173218, 21.3260650635, -54.0292663574, -48.8446426392, 25.8893089294], [57.220615387, 26.0760498047, -20.1035175323, -16.5114116669, -14.1628684998, -0.950629532337, 77.7253494263, 137.343383789, 75.3182830811, 17.6478404999, -9.63167190552, -13.5133666992, -8.35702228546], [-75.268081665, -14.9883060455, -5.01674747467, -28.7052631378, -29.4305057526, 6.88667154312, 41.5268173218, 75.3182830811, 165.043716431, 89.5172271729, -13.8830413818, -12.1225090027, 7.78226661682], [-0.918952703476, -73.1075134277, -71.1061859131, -38.1539421082, -48.4221954346, -12.4738149643, 21.3260650635, 17.6478404999, 89.5172271729, 146.126113892, 71.1577911377, 39.7664375305, 27.9206905365], [151.688262939, -113.908370972, -191.543685913, -46.6359710693, 32.631362915, -3.69560337067, -54.0292663574, -9.63167190552, -13.8830413818, 71.1577911377, 192.297637939, 140.68687439, 24.1007728577], [130.721435547, -139.902084351, -199.251541138, -61.4187278748, 17.6906890869, -0.0657589808106, -48.8446426392, -13.5133666992, -12.1225090027, 39.7664375305, 140.68687439, 202.243057251, 93.7882156372], [-65.0716781616, -47.8762512207, -77.6060028076, -44.6085243225, -44.8002967834, -9.90789031982, 25.8893089294, -8.35702228546, 7.78226661682, 27.9206905365, 24.1007728577, 93.7882156372, 155.847167969]],
        "icov": [[0.00101257453207, -0.000793877756223, 0.00130082457326, -0.000824155926239, 0.000442194024799, -0.0006542087649, 0.000723205972463, -0.00101922254544, 0.00113627361134, -0.00093354989076, 0.000888516020495, -0.000958755612373, 0.00105157960206], [-0.000793877756223, 0.00339669827372, -0.00247629336081, 0.00154694332741, -0.00146037025843, 0.00172227679286, -0.00153356220108, 0.000529352750164, -0.00094281026395, 0.00179134681821, -0.00162983126938, 0.00203943625093, -0.00135462009348], [0.00130082457326, -0.00247629336081, 0.0051590250805, -0.00338694802485, 0.00269531249069, -0.00385089963675, 0.00146702863276, -0.00063706736546, 0.0013526941184, -0.00143215630669, 0.00261245411821, -0.000745773024391, 0.00186792120803], [-0.000824155926239, 0.00154694332741, -0.00338694802485, 0.00997585896403, -0.00724197970703, 0.00448171654716, -0.00482584955171, 0.00287063373253, 5.6689230405e-005, -0.000271837605396, 0.000113626032544, 0.000983048579656, -0.000104623446532], [0.000442194024799, -0.00146037025843, 0.00269531249069, -0.00724197970703, 0.0130567196757, -0.00991849042475, 0.00797146465629, -0.00410440890118, 0.000307159585645, 0.00196344591677, -0.00159613939468, 0.000268417439656, 0.000301933992887], [-0.0006542087649, 0.00172227679286, -0.00385089963675, 0.00448171654716, -0.00991849042475, 0.0165865216404, -0.00926721375436, 0.00580479297787, -0.00377568462864, 0.00226094690152, -0.00132867519278, -0.00192366703413, 0.000821765337605], [0.000723205972463, -0.00153356220108, 0.00146702863276, -0.00482584955171, 0.00797146465629, -0.00926721375436, 0.0160984899849, -0.0107490634546, 0.00504417205229, -0.00456501357257, 0.0020692544058, 0.00231050048023, -0.00351275806315], [-0.00101922254544, 0.000529352750164, -0.00063706736546, 0.00287063373253, -0.00410440890118, 0.00580479297787, -0.0107490634546, 0.0185734834522, -0.0111967083067, 0.00751611124724, -0.00378861557692, -0.000237174957874, 0.00215344503522], [0.00113627361134, -0.00094281026395, 0.0013526941184, 5.6689230405e-005, 0.000307159585645, -0.00377568462864, 0.00504417205229, -0.0111967083067, 0.0195958130062, -0.0155558874831, 0.00947705749422, -0.00247068610042, 0.00111420440953], [-0.00093354989076, 0.00179134681821, -0.00143215630669, -0.000271837605396, 0.00196344591677, 0.00226094690152, -0.00456501357257, 0.00751611124724, -0.0155558874831, 0.0231130197644, -0.0141199100763, 0.00540383066982, -0.00319338263944], [0.000888516020495, -0.00162983126938, 0.00261245411821, 0.000113626032544, -0.00159613939468, -0.00132867519278, 0.0020692544058, -0.00378861557692, 0.00947705749422, -0.0141199100763, 0.0221293214709, -0.0141157684848, 0.00724258553237], [-0.000958755612373, 0.00203943625093, -0.000745773024391, 0.000983048579656, 0.000268417439656, -0.00192366703413, 0.00231050048023, -0.000237174957874, -0.00247068610042, 0.00540383066982, -0.0141157684848, 0.0210656933486, -0.0116445431486], [0.00105157960206, -0.00135462009348, 0.00186792120803, -0.000104623446532, 0.000301933992887, 0.000821765337605, -0.00351275806315, 0.00215344503522, 0.00111420440953, -0.00319338263944, 0.00724258553237, -0.0116445431486, 0.0145818246529]]
    },
    "spectral_contrast_coeffs": {
        "mean": [-0.582072556019, -0.601054430008, -0.741851806641, -0.797059953213, -0.783730864525, -0.722716927528],
        "var": [0.00948870927095, 0.00768639845774, 0.00722487922758, 0.00295713939704, 0.00362188532017, 0.00109934317879]
    },
    "spectral_contrast_valleys": {
        "mean": [-8.13853740692, -7.12240076065, -7.59836959839, -8.0665435791, -7.63994932175, -10.7918539047],
        "var": [1.1354265213, 1.10521447659, 0.929733335972, 0.947046339512, 0.867955505848, 0.585219144821]
    }
},
"metadata": {
    "audio_properties": {
        "analysis_sample_rate": 44100,
        "bit_rate": 109541,
        "equal_loudness": 0,
        "length": 45.0873451233,
        "lossless": 0,
        "replay_gain": -11.2211208344,
        "sample_rate": 44100,
        "codec": "mp3",
        "downmix": "mix",
        "md5_encoded": "fe705422d58bc4ae29a4a312371f3274"
    },
    "tags": {
        "file_name": "24.mp3"
    },
    "version": {
        "essentia": "2.1-beta2",
        "essentia_git_sha": "v2.1_beta2",
        "extractor": "music 1.0"
    }
},
"rhythm": {
    "beats_count": 71,
    "beats_loudness": {
        "mean": 0.0370720289648,
        "var": 0.000266166985966
    },
    "bpm": 94.7110290527,
    "bpm_histogram_first_peak_bpm": {
        "mean": 94,
        "var": 0
    },
    "bpm_histogram_first_peak_spread": {
        "mean": 0.612903237343,
        "var": 0
    },
    "bpm_histogram_first_peak_weight": {
        "mean": 0.342857152224,
        "var": 0
    },
    "bpm_histogram_second_peak_bpm": {
        "mean": 99,
        "var": 0
    },
    "bpm_histogram_second_peak_spread": {
        "mean": 0.142857134342,
        "var": 0
    },
    "bpm_histogram_second_peak_weight": {
        "mean": 0.0857142880559,
        "var": 0
    },
    "danceability": 1.1184335947,
    "onset_rate": 3.08171463013,
    "beats_loudness_band_ratio": {
        "mean": [0.351191163063, 0.257201164961, 0.214419603348, 0.110505178571, 0.0906600132585, 0.0292932353914],
        "var": [0.0545870177448, 0.0434352867305, 0.0317299365997, 0.0197615772486, 0.0209969058633, 0.000804088835139]
    },
    "beats_position": [0.615328788757, 1.25387752056, 1.89242625237, 2.53097510338, 3.09986400604, 3.69197273254, 4.29569149017, 4.8994102478, 5.50312900543, 6.13006782532, 6.76861667633, 7.4303855896, 8.08054447174, 8.71909236908, 9.35764122009, 9.99619007111, 10.623128891, 11.2384576797, 11.8421764374, 12.4691152573, 13.1192741394, 13.7578229904, 14.3963718414, 15.0233106613, 15.6734695435, 16.3004074097, 16.9273471832, 17.5542850494, 18.181224823, 18.8197727203, 19.458322525, 20.0852603912, 20.7121982574, 21.339138031, 21.9660758972, 22.6046257019, 23.2315635681, 23.8701133728, 24.5086612701, 25.1472110748, 25.774148941, 26.4010887146, 27.0396366119, 27.6781845093, 28.3051242828, 28.932062149, 29.5590019226, 30.1975498199, 30.8360996246, 31.4630374908, 32.0899772644, 32.7285270691, 33.3670730591, 34.0172348022, 34.6673927307, 35.329158783, 35.9677085876, 36.5946464539, 37.2215881348, 37.8601341248, 38.4986839294, 39.1140136719, 39.7293434143, 40.3562812805, 40.9832191467, 41.5985488892, 42.2138786316, 42.8175964355, 43.4213142395, 44.071472168, 44.6868019104]
},
"tonal": {
    "chords_changes_rate": 0.0627572014928,
    "chords_number_rate": 0.0102880662307,
    "chords_strength": {
        "mean": 0.50612694025,
        "var": 0.0120880138129
    },
    "hpcp_entropy": {
        "mean": 1.65231084824,
        "var": 0.534653425217
    },
    "key_strength": 0.683774113655,
    "tuning_diatonic_strength": 0.501497983932,
    "tuning_equal_tempered_deviation": 0.0580734796822,
    "tuning_frequency": 450.805023193,
    "tuning_nontempered_energy_ratio": 0.717222213745,
    "hpcp": {
        "mean": [0.127109527588, 0.109988428652, 0.163982599974, 0.247814118862, 0.165846243501, 0.0829893425107, 0.109143808484, 0.0877831652761, 0.0495086573064, 0.0418975129724, 0.0435391627252, 0.12767714262, 0.230487182736, 0.154459282756, 0.053084153682, 0.0634096488357, 0.0636719241738, 0.0534651651978, 0.0725754052401, 0.0745908692479, 0.0668597668409, 0.100338831544, 0.108897261322, 0.0952820405364, 0.0967023223639, 0.0822635740042, 0.166517019272, 0.299022018909, 0.221454933286, 0.0817916542292, 0.0591336637735, 0.0645482242107, 0.0927930399776, 0.146575331688, 0.133010342717, 0.110420443118],
        "var": [0.0685993731022, 0.0495882071555, 0.0661182627082, 0.135918363929, 0.0716708675027, 0.0289875064045, 0.0659961029887, 0.0402141846716, 0.0124126411974, 0.0122850732878, 0.0142438104376, 0.0454651713371, 0.12483433634, 0.0604027099907, 0.0129709495232, 0.0313978902996, 0.0303424280137, 0.018307203427, 0.0343480780721, 0.0352557785809, 0.0191399417818, 0.0511132664979, 0.0518900230527, 0.03449530527, 0.0406648591161, 0.0311537049711, 0.0493062399328, 0.142155081034, 0.0824811011553, 0.0268120560795, 0.0178775303066, 0.0226265452802, 0.0333001203835, 0.0666684955359, 0.0502184890211, 0.0479540526867]
    },
    "chords_histogram": [37.7572021484, 7.92181062698, 9.56790161133, 0, 0, 0, 0, 0, 0.102880656719, 0, 0, 0.411522626877, 0, 0.720164597034, 0, 1.74897122383, 2.16049385071, 15.5349798203, 0, 2.26337456703, 4.32098770142, 0, 13.5802469254, 3.90946507454],
    "thpcp": [1, 0.740597426891, 0.27353054285, 0.197756886482, 0.215864449739, 0.310321748257, 0.49018239975, 0.444817900658, 0.369271934032, 0.425084173679, 0.367827177048, 0.548396408558, 0.828748703003, 0.55462884903, 0.277535885572, 0.365002572536, 0.293567568064, 0.165568605065, 0.140115141869, 0.14560520649, 0.426982402802, 0.770803391933, 0.516548216343, 0.177525907755, 0.212056785822, 0.212933897972, 0.178800091147, 0.242709234357, 0.249449416995, 0.223594799638, 0.335556656122, 0.364178061485, 0.318645566702, 0.323395311832, 0.275108754635, 0.556872069836],
    "chords_key": "F#",
    "chords_scale": "major",
    "key_key": "F#",
    "key_scale": "major"
}
}