{
"lowlevel": {
    "average_loudness": 0.888564288616,
    "barkbands_crest": {
        "mean": 9.32709312439,
        "var": 16.457359314
    },
    "barkbands_flatness_db": {
        "mean": 0.158906310797,
        "var": 0.00413814559579
    },
    "barkbands_kurtosis": {
        "mean": 1.99758946896,
        "var": 9.86342811584
    },
    "barkbands_skewness": {
        "mean": 1.01463317871,
        "var": 0.813721418381
    },
    "barkbands_spread": {
        "mean": 19.926322937,
        "var": 128.404800415
    },
    "dissonance": {
        "mean": 0.437621414661,
        "var": 0.00306386989541
    },
    "dynamic_complexity": 5.00084543228,
    "erbbands_crest": {
        "mean": 9.96593570709,
        "var": 33.5834236145
    },
    "erbbands_flatness_db": {
        "mean": 0.19562278688,
        "var": 0.00532226497307
    },
    "erbbands_kurtosis": {
        "mean": 0.781988441944,
        "var": 6.55170297623
    },
    "erbbands_skewness": {
        "mean": 0.375327289104,
        "var": 0.273251622915
    },
    "erbbands_spread": {
        "mean": 36.4805603027,
        "var": 462.989257813
    },
    "hfc": {
        "mean": 24.0352458954,
        "var": 337.405853271
    },
    "melbands_crest": {
        "mean": 12.1202840805,
        "var": 21.392156601
    },
    "melbands_flatness_db": {
        "mean": 0.191778555512,
        "var": 0.00468951603398
    },
    "melbands_kurtosis": {
        "mean": 6.88752794266,
        "var": 48.8297538757
    },
    "melbands_skewness": {
        "mean": 1.80195963383,
        "var": 1.7292021513
    },
    "melbands_spread": {
        "mean": 22.3921432495,
        "var": 134.210235596
    },
    "pitch_salience": {
        "mean": 0.588337361813,
        "var": 0.0084161311388
    },
    "silence_rate_20dB": {
        "mean": 1,
        "var": 0
    },
    "silence_rate_30dB": {
        "mean": 1,
        "var": 0
    },
    "silence_rate_60dB": {
        "mean": 0.164179101586,
        "var": 0.137224525213
    },
    "spectral_centroid": {
        "mean": 1383.4597168,
        "var": 382839.03125
    },
    "spectral_complexity": {
        "mean": 19.653629303,
        "var": 177.906112671
    },
    "spectral_decrease": {
        "mean": -6.45720366066e-009,
        "var": 2.56089426644e-017
    },
    "spectral_energy": {
        "mean": 0.0265510361642,
        "var": 0.000418642506702
    },
    "spectral_energyband_high": {
        "mean": 0.00160800397862,
        "var": 2.84962561636e-006
    },
    "spectral_energyband_low": {
        "mean": 0.00433320691809,
        "var": 6.26338078291e-005
    },
    "spectral_energyband_middle_high": {
        "mean": 0.00555711565539,
        "var": 1.92344159586e-005
    },
    "spectral_energyband_middle_low": {
        "mean": 0.0157034788281,
        "var": 0.000188052930753
    },
    "spectral_entropy": {
        "mean": 7.27072572708,
        "var": 0.583470106125
    },
    "spectral_flux": {
        "mean": 0.0670225322247,
        "var": 0.00273223710246
    },
    "spectral_kurtosis": {
        "mean": 5.52701759338,
        "var": 49.5664978027
    },
    "spectral_rms": {
        "mean": 0.00448141852394,
        "var": 5.82038364882e-006
    },
    "spectral_rolloff": {
        "mean": 1559.37390137,
        "var": 1505450.125
    },
    "spectral_skewness": {
        "mean": 1.50717532635,
        "var": 0.707321345806
    },
    "spectral_spread": {
        "mean": 4189425.5,
        "var": 3.67758698086e+012
    },
    "spectral_strongpeak": {
        "mean": 1.17050600052,
        "var": 1.21767377853
    },
    "zerocrossingrate": {
        "mean": 0.0637286156416,
        "var": 0.000940883008298
    },
    "barkbands": {
        "mean": [2.6162388167e-005, 0.00156035390683, 0.0021871724166, 0.00153181317728, 0.0039474023506, 0.00386126851663, 0.00235614459962, 0.00132905761711, 0.00254914257675, 0.000541785964742, 0.00131681910716, 0.00103510543704, 0.00111241813283, 0.000283747154754, 0.000246522424277, 0.000178010057425, 0.000165799210663, 0.000247317744652, 0.000264175963821, 0.000584646244533, 0.000424716155976, 0.000381088641006, 0.000254860700807, 0.000117341784062, 4.14500173065e-005, 6.67617860017e-006, 5.34275805819e-008],
        "var": [1.91295388419e-008, 1.21133525681e-005, 1.98580291908e-005, 1.03244665297e-005, 3.61067031918e-005, 1.8747870854e-005, 9.45486954151e-006, 4.18240415456e-006, 8.04145020084e-006, 5.46180046967e-007, 1.53987923568e-006, 2.11669294004e-006, 5.37667983735e-006, 1.08987727288e-007, 1.90062408478e-007, 8.73091323683e-008, 6.61380852307e-008, 6.92942805358e-008, 9.78046088562e-008, 4.05896685152e-007, 2.24239357749e-007, 2.01968219926e-007, 9.06007713297e-008, 1.88254034583e-008, 2.78399703291e-009, 7.15818862518e-011, 1.6003135774e-014]
    },
    "erbbands": {
        "mean": [0.0206013526767, 0.458662867546, 2.44589924812, 3.55433273315, 8.52026462555, 16.8657283783, 21.2386703491, 31.5029525757, 25.1194114685, 42.0666275024, 40.1055831909, 53.8214111328, 26.1873035431, 35.2029190063, 40.9057579041, 43.7683906555, 56.4168624878, 15.4273414612, 9.40432834625, 15.8206548691, 9.89761543274, 10.2520627975, 12.6644420624, 13.8894920349, 15.8730363846, 30.4963283539, 20.4683265686, 16.2094688416, 12.7208147049, 10.5801258087, 7.10153484344, 2.73225617409, 1.88983678818, 0.666558325291, 0.212179645896, 0.0521843992174, 0.00963135808706, 0.00078763498459, 3.71920250473e-005, 3.46786800947e-005],
        "var": [0.00332484650426, 0.938432216644, 23.5450000763, 40.855255127, 198.751983643, 913.979614258, 619.685852051, 1362.02404785, 1164.44177246, 3555.38842773, 2683.06713867, 3739.6730957, 1010.934021, 991.650817871, 1574.09069824, 2689.81298828, 12947.5566406, 345.473815918, 138.588058472, 751.744445801, 307.240570068, 266.123352051, 185.040649414, 255.163818359, 293.1746521, 1236.96826172, 511.110900879, 330.992797852, 248.274734497, 146.931869507, 78.0443267822, 10.1633138657, 5.2304854393, 0.73160213232, 0.0675345733762, 0.004591638688, 0.000125649516121, 9.79225205811e-007, 1.14987008804e-009, 6.84658496564e-010]
    },
    "gfcc": {
        "mean": [-47.0684013367, 99.1849899292, -144.673141479, 22.0778102875, -86.3588104248, 10.4969339371, -30.0232391357, -2.49536585808, -28.4756374359, 0.162183895707, -5.45932245255, -0.815302252769, -10.7476644516],
        "cov": [[27317.5039063, -2409.96801758, 1913.55737305, 2709.79052734, -2279.16333008, 96.424079895, -681.945678711, 707.834838867, -583.624755859, -141.666732788, -1439.63830566, -132.31628418, -216.881454468], [-2409.96801758, 924.673706055, -119.324768066, -190.637405396, 375.71295166, -61.4720458984, 114.477722168, -138.11869812, 75.737739563, -90.4735870361, 169.15586853, -77.8762588501, 79.618560791], [1913.55737305, -119.324768066, 886.575012207, 790.772094727, -221.42489624, 59.9371986389, -53.5866775513, 136.473709106, -106.884468079, -38.7651824951, -217.727615356, -156.460494995, -34.9409103394], [2709.79052734, -190.637405396, 790.772094727, 976.139892578, -215.981079102, 138.833557129, -71.8015365601, 169.915344238, -102.902267456, -43.9911651611, -234.614685059, -155.885192871, -23.9702033997], [-2279.16333008, 375.71295166, -221.42489624, -215.981079102, 486.251739502, 120.280387878, 119.779289246, -42.4874687195, 119.1092453, 20.4414634705, 141.459716797, 20.2509708405, 16.2901439667], [96.424079895, -61.4720458984, 59.9371986389, 138.833557129, 120.280387878, 207.080810547, 55.2974357605, 65.1835327148, 43.5106887817, 44.1204605103, -7.81670093536, 4.42492103577, -15.9863128662], [-681.945678711, 114.477722168, -53.5866775513, -71.8015365601, 119.779289246, 55.2974357605, 124.586151123, 19.207113266, 65.527885437, 25.3949623108, 69.8393936157, 22.1122570038, 8.58500003815], [707.834838867, -138.11869812, 136.473709106, 169.915344238, -42.4874687195, 65.1835327148, 19.207113266, 139.344223022, 32.4350624084, 60.5686988831, -50.9801826477, -21.8775997162, -35.5454902649], [-583.624755859, 75.737739563, -106.884468079, -102.902267456, 119.1092453, 43.5106887817, 65.527885437, 32.4350624084, 112.71295166, 58.7604408264, 58.0692596436, 20.5090637207, -4.09931516647], [-141.666732788, -90.4735870361, -38.7651824951, -43.9911651611, 20.4414634705, 44.1204605103, 25.3949623108, 60.5686988831, 58.7604408264, 117.636207581, 31.8931999207, 19.593662262, -30.8350429535], [-1439.63830566, 169.15586853, -217.727615356, -234.614685059, 141.459716797, -7.81670093536, 69.8393936157, -50.9801826477, 58.0692596436, 31.8931999207, 172.324188232, 57.8081474304, 20.2464733124], [-132.31628418, -77.8762588501, -156.460494995, -155.885192871, 20.2509708405, 4.42492103577, 22.1122570038, -21.8775997162, 20.5090637207, 19.593662262, 57.8081474304, 123.12878418, 44.2921524048], [-216.881454468, 79.618560791, -34.9409103394, -23.9702033997, 16.2901439667, -15.9863128662, 8.58500003815, -35.5454902649, -4.09931516647, -30.8350429535, 20.2464733124, 44.2921524048, 106.802139282]],
        "icov": [[0.00012515290291, -0.000192420193343, 0.000263963098405, -0.000359326048056, 0.000481062103063, -0.000104399674456, 2.37827152887e-005, -0.000163648204762, -1.28450856209e-005, 5.70039264858e-006, 0.000827884359751, -0.00075177004328, 0.000413903500885], [-0.000192420193343, 0.00437749689445, -0.000953597016633, 0.000538237567525, -0.00311450753361, 0.00233552139252, -0.00161433790345, 0.00197668117471, -0.00193589029368, 0.00207577669062, -0.00386426900513, 0.00618026359007, -0.0035384632647], [0.000263963098405, -0.000953597016633, 0.00558827258646, -0.00468584708869, 0.00115472555626, 0.00137973204255, -0.00236029643565, -6.54614705127e-005, 0.00198434386402, -0.00187979917973, 0.00382933486253, -0.00138410297222, 0.00160332885571], [-0.000359326048056, 0.000538237567525, -0.00468584708869, 0.00703639071435, -0.000425997306593, -0.00365967769176, 0.00267325295135, -0.00302722677588, 0.000377777265385, 0.00267368368804, -0.00336643215269, 0.00431953324005, -0.00315667362884], [0.000481062103063, -0.00311450753361, 0.00115472555626, -0.000425997306593, 0.00822321791202, -0.00539712840691, 0.000521512702107, 4.18270246882e-005, -0.00248986855149, 0.000752330524847, 0.00233090575784, -0.00351431174204, 0.0026279357262], [-0.000104399674456, 0.00233552139252, 0.00137973204255, -0.00365967769176, -0.00539712840691, 0.0124366963282, -0.00493231462315, 0.000764008611441, 0.000161657269928, -0.00265224766918, 0.00135018560104, -0.000341427978128, 0.000138547417009], [2.37827152887e-005, -0.00161433790345, -0.00236029643565, 0.00267325295135, 0.000521512702107, -0.00493231462315, 0.0180201567709, -0.00572228943929, -0.00495421001688, 0.0040638637729, -0.00563781661913, -0.00184811442159, -0.00027292969753], [-0.000163648204762, 0.00197668117471, -6.54614705127e-005, -0.00302722677588, 4.18270246882e-005, 0.000764008611441, -0.00572228943929, 0.0208466053009, -0.00632450962439, -0.00752158463001, 0.0037081562914, 0.00198437599465, 0.00105909642298], [-1.28450856209e-005, -0.00193589029368, 0.00198434386402, 0.000377777265385, -0.00248986855149, 0.000161657269928, -0.00495421001688, -0.00632450962439, 0.023376353085, -0.00783695559949, 0.000967187283095, -0.0010783666512, -0.000253168487689], [5.70039264858e-006, 0.00207577669062, -0.00187979917973, 0.00267368368804, 0.000752330524847, -0.00265224766918, 0.0040638637729, -0.00752158463001, -0.00783695559949, 0.0204164199531, -0.00699059572071, 0.000975787057541, 0.00162170093972], [0.000827884359751, -0.00386426900513, 0.00382933486253, -0.00336643215269, 0.00233090575784, 0.00135018560104, -0.00563781661913, 0.0037081562914, 0.000967187283095, -0.00699059572071, 0.0223914179951, -0.0110533228144, 0.00495108962059], [-0.00075177004328, 0.00618026359007, -0.00138410297222, 0.00431953324005, -0.00351431174204, -0.000341427978128, -0.00184811442159, 0.00198437599465, -0.0010783666512, 0.000975787057541, -0.0110533228144, 0.0260173082352, -0.012777293101], [0.000413903500885, -0.0035384632647, 0.00160332885571, -0.00315667362884, 0.0026279357262, 0.000138547417009, -0.00027292969753, 0.00105909642298, -0.000253168487689, 0.00162170093972, 0.00495108962059, -0.012777293101, 0.0174706671387]]
    },
    "melbands": {
        "mean": [0.000304990826407, 0.0010578497313, 0.000787592842244, 0.000916700810194, 0.000767891237047, 0.000723400327843, 0.000405181956012, 0.000424220372224, 0.000379997276468, 0.000312207615934, 0.000122158162412, 0.00013287703041, 0.000165755613125, 0.000104715683847, 0.000161576332175, 7.42035263102e-005, 2.51344990829e-005, 1.45477333717e-005, 2.19213870878e-005, 1.38409095598e-005, 1.12149409688e-005, 1.02592057374e-005, 9.51203037403e-006, 1.36403632496e-005, 1.09380334834e-005, 9.52814571065e-006, 1.48103872561e-005, 2.18121149373e-005, 1.2565790712e-005, 1.02260428321e-005, 9.3598073363e-006, 7.35210869607e-006, 6.84772521709e-006, 5.34723130841e-006, 4.80786320622e-006, 2.26678980653e-006, 1.34762035486e-006, 1.47871321587e-006, 8.01887722446e-007, 5.07261688654e-007],
        "var": [5.43929047581e-007, 4.26902442996e-006, 1.67453515587e-006, 1.94461676983e-006, 8.94349909686e-007, 6.73719625865e-007, 2.82742206537e-007, 3.53199254732e-007, 2.1859986532e-007, 1.22857017004e-007, 2.5291692296e-008, 1.48113548093e-008, 2.83849352911e-008, 3.16555279767e-008, 6.77304896612e-008, 2.25018244038e-008, 1.04464026318e-009, 4.03460737042e-010, 1.69421365825e-009, 5.92378424091e-010, 5.30541111043e-010, 3.75820097265e-010, 1.30205887738e-010, 2.20164927955e-010, 1.8105997257e-010, 1.2370571234e-010, 2.53143284112e-010, 6.94749036079e-010, 1.94547267185e-010, 1.37697825364e-010, 1.18303408736e-010, 9.07129649175e-011, 6.79202735721e-011, 3.8934515334e-011, 4.01161118213e-011, 7.57314957273e-012, 2.83386053339e-012, 3.33496598393e-012, 1.08875365321e-012, 4.41981168461e-013]
    },
    "mfcc": {
        "mean": [-673.844543457, 113.524848938, -3.23119831085, 8.31902980804, -26.8456439972, 3.14376950264, 0.462380319834, -0.738100171089, -14.3627290726, -4.13906860352, -1.48900723457, 1.41403400898, -0.358246386051],
        "cov": [[22914.7148438, -1567.39794922, 2055.33618164, 2144.31225586, -1008.08276367, -330.698059082, -657.204772949, 98.4988021851, 609.95892334, 31.8506088257, -683.55255127, -257.25994873, -237.141891479], [-1567.39794922, 856.506896973, -426.058837891, -219.803115845, 58.0213661194, -2.86974906921, 43.1634063721, -19.4013271332, -107.555084229, -31.8504638672, 52.0047035217, -3.89007568359, -6.46408843994], [2055.33618164, -426.058837891, 1180.94775391, 577.176940918, 41.412399292, -43.7084922791, 57.5277328491, -24.9818344116, 180.497589111, 64.9554443359, -101.916275024, -75.492729187, -24.0418682098], [2144.31225586, -219.803115845, 577.176940918, 485.31942749, 42.9381561279, 2.54445695877, 9.55032444, 21.513961792, 114.210166931, 1.89189887047, -113.816917419, -53.7782325745, -51.3184661865], [-1008.08276367, 58.0213661194, 41.412399292, 42.9381561279, 310.169403076, 135.227493286, 100.661201477, 34.3939704895, 44.7600059509, 6.57775402069, 28.2490348816, -3.42199420929, -5.42567062378], [-330.698059082, -2.86974906921, -43.7084922791, 2.54445695877, 135.227493286, 166.321731567, 64.2594451904, 57.7235641479, 29.608089447, 5.87012910843, 11.0466222763, 16.9157562256, 6.41492033005], [-657.204772949, 43.1634063721, 57.5277328491, 9.55032444, 100.661201477, 64.2594451904, 115.829101563, 33.2747344971, 16.2108726501, 22.0080623627, 24.9447460175, 14.7606401443, 15.3132486343], [98.4988021851, -19.4013271332, -24.9818344116, 21.513961792, 34.3939704895, 57.7235641479, 33.2747344971, 85.7612075806, 35.9075622559, 16.9547176361, 7.75893545151, 16.7181034088, 9.78872013092], [609.95892334, -107.555084229, 180.497589111, 114.210166931, 44.7600059509, 29.608089447, 16.2108726501, 35.9075622559, 140.642700195, 54.4392242432, 3.64067625999, 4.26022911072, 13.4774675369], [31.8506088257, -31.8504638672, 64.9554443359, 1.89189887047, 6.57775402069, 5.87012910843, 22.0080623627, 16.9547176361, 54.4392242432, 104.728874207, 64.5386276245, 38.1004714966, 47.141494751], [-683.55255127, 52.0047035217, -101.916275024, -113.816917419, 28.2490348816, 11.0466222763, 24.9447460175, 7.75893545151, 3.64067625999, 64.5386276245, 120.911880493, 57.7666168213, 45.9966049194], [-257.25994873, -3.89007568359, -75.492729187, -53.7782325745, -3.42199420929, 16.9157562256, 14.7606401443, 16.7181034088, 4.26022911072, 38.1004714966, 57.7666168213, 91.3338470459, 57.398765564], [-237.141891479, -6.46408843994, -24.0418682098, -51.3184661865, -5.42567062378, 6.41492033005, 15.3132486343, 9.78872013092, 13.4774675369, 47.141494751, 45.9966049194, 57.398765564, 89.5647964478]],
        "icov": [[0.000162565265782, 3.35852564604e-005, 0.00014312507119, -0.000841322646011, 0.000591871503275, -0.000271208380582, 0.000621705141384, -9.45914871409e-005, -0.000303265784169, -0.000146408710862, 2.60823180724e-005, 0.000157176982611, -4.28947714681e-005], [3.35852564604e-005, 0.00169807334896, 0.000863536901306, -0.00050094112521, -0.000219957801164, 0.000648159184493, -0.00120571861044, 0.000560979591683, 0.000421310804086, -0.000113845555461, -0.000423371879151, 0.000936132972129, -0.000144646051922], [0.00014312507119, 0.000863536901306, 0.00350548070855, -0.00424848590046, 0.000880517472979, 0.000672939582728, -0.00244688056409, 0.00279560056515, -0.00135041889735, -0.00113145017531, -0.000499487912748, 0.0023485631682, -0.00138392613735], [-0.000841322646011, -0.00050094112521, -0.00424848590046, 0.0122305629775, -0.00448247324675, 0.00182717572898, -0.000930936366785, -0.00271925027482, 0.000394821166992, -0.000336997676641, 0.00539576122537, -0.00415444094688, 0.00366697320715], [0.000591871503275, -0.000219957801164, 0.000880517472979, -0.00448247324675, 0.00920601002872, -0.0057054948993, -0.0015418974217, 0.00209019496106, -0.00302941724658, 0.00195336248726, -0.00368797313422, 0.00285323988646, -0.000286074675387], [-0.000271208380582, 0.000648159184493, 0.000672939582728, 0.00182717572898, -0.0057054948993, 0.0134831136093, -0.00367741379887, -0.0049947607331, -9.14659176487e-005, 0.000113176603918, 0.00246542436071, -0.00225709797814, 0.000554108410142], [0.000621705141384, -0.00120571861044, -0.00244688056409, -0.000930936366785, -0.0015418974217, -0.00367741379887, 0.0193512048572, -0.00589510146528, 0.00168621551711, -0.00201352615841, -3.08019334625e-005, -0.00116507732309, -0.000556889281143], [-9.45914871409e-005, 0.000560979591683, 0.00279560056515, -0.00271925027482, 0.00209019496106, -0.0049947607331, -0.00589510146528, 0.0203028190881, -0.00436334079131, -0.000626964494586, -0.000301264226437, -0.000432969245594, -0.000325502682244], [-0.000303265784169, 0.000421310804086, -0.00135041889735, 0.000394821166992, -0.00302941724658, -9.14659176487e-005, 0.00168621551711, -0.00436334079131, 0.0146168339998, -0.00659791333601, 0.00104126986116, 0.000370614929125, -0.000396233022911], [-0.000146408710862, -0.000113845555461, -0.00113145017531, -0.000336997676641, 0.00195336248726, 0.000113176603918, -0.00201352615841, -0.000626964494586, -0.00659791333601, 0.0246350485831, -0.0132222343236, 0.00138146895915, -0.00643819198012], [2.60823180724e-005, -0.000423371879151, -0.000499487912748, 0.00539576122537, -0.00368797313422, 0.00246542436071, -3.08019334625e-005, -0.000301264226437, 0.00104126986116, -0.0132222343236, 0.024356668815, -0.00958154350519, 0.00306888879277], [0.000157176982611, 0.000936132972129, 0.0023485631682, -0.00415444094688, 0.00285323988646, -0.00225709797814, -0.00116507732309, -0.000432969245594, 0.000370614929125, 0.00138146895915, -0.00958154350519, 0.0251414887607, -0.0126596996561], [-4.28947714681e-005, -0.000144646051922, -0.00138392613735, 0.00366697320715, -0.000286074675387, 0.000554108410142, -0.000556889281143, -0.000325502682244, -0.000396233022911, -0.00643819198012, 0.00306888879277, -0.0126596996561, 0.022829843685]]
    },
    "spectral_contrast_coeffs": {
        "mean": [-0.6240888834, -0.677770555019, -0.710287749767, -0.721701562405, -0.751038432121, -0.707028925419],
        "var": [0.0149575602263, 0.0100108701736, 0.00870641879737, 0.00924348738045, 0.00336053199135, 0.00194307335187]
    },
    "spectral_contrast_valleys": {
        "mean": [-8.42896842957, -7.11775636673, -7.77299928665, -8.61257839203, -8.37520599365, -11.117389679],
        "var": [3.09926247597, 3.72036242485, 3.16555547714, 2.91652679443, 4.37142944336, 5.62282419205]
    }
},
"metadata": {
    "audio_properties": {
        "analysis_sample_rate": 44100,
        "bit_rate": 102620,
        "equal_loudness": 0,
        "length": 45.0873451233,
        "lossless": 0,
        "replay_gain": -13.3738212585,
        "sample_rate": 44100,
        "codec": "mp3",
        "downmix": "mix",
        "md5_encoded": "98b60009f231234c500cbd7d8b34520f"
    },
    "tags": {
        "file_name": "240.mp3"
    },
    "version": {
        "essentia": "2.1-beta2",
        "essentia_git_sha": "v2.1_beta2",
        "extractor": "music 1.0"
    }
},
"rhythm": {
    "beats_count": 109,
    "beats_loudness": {
        "mean": 0.0267498102039,
        "var": 0.000365745683666
    },
    "bpm": 129.351135254,
    "bpm_histogram_first_peak_bpm": {
        "mean": 129,
        "var": 0
    },
    "bpm_histogram_first_peak_spread": {
        "mean": 0.280000001192,
        "var": 0
    },
    "bpm_histogram_first_peak_weight": {
        "mean": 0.333333343267,
        "var": 0
    },
    "bpm_histogram_second_peak_bpm": {
        "mean": 191,
        "var": 0
    },
    "bpm_histogram_second_peak_spread": {
        "mean": 0,
        "var": 0
    },
    "bpm_histogram_second_peak_weight": {
        "mean": 0.12037037313,
        "var": 0
    },
    "danceability": 0.89879745245,
    "onset_rate": 4.1015625,
    "beats_loudness_band_ratio": {
        "mean": [0.137778013945, 0.218854010105, 0.215862885118, 0.34322360158, 0.0425256751478, 0.0741158872843],
        "var": [0.0213694106787, 0.02361167036, 0.0112538225949, 0.0766782611609, 0.00048567308113, 0.00410399027169]
    },
    "beats_position": [0.441179126501, 0.893968224525, 1.3235373497, 1.74149656296, 2.15945577621, 2.60063481331, 3.04181408882, 3.50621318817, 3.97061228752, 4.43501138687, 4.8994102478, 5.36380958557, 5.8282084465, 6.28099775314, 6.73378658295, 7.19818592072, 7.66258478165, 8.12698364258, 8.59138298035, 9.05578231812, 9.52018165588, 9.96135997772, 10.4141492844, 10.8901586533, 11.354557991, 11.8189563751, 12.2833557129, 12.7477550507, 13.2121543884, 13.6533327103, 14.1061220169, 14.5705213547, 15.0233106613, 15.4877090454, 15.9521083832, 16.4281177521, 16.904127121, 17.3685264587, 17.8329238892, 18.2973232269, 18.7617225647, 19.2261219025, 19.6905212402, 20.154920578, 20.6193199158, 21.0721092224, 21.5248966217, 21.9892959595, 22.4536952972, 22.918094635, 23.3824939728, 23.8468933105, 24.3112926483, 24.7756919861, 25.2400894165, 25.7160987854, 26.1921081543, 26.6681175232, 27.1557369232, 27.6665763855, 28.1658039093, 28.4676647186, 28.7811336517, 29.0946025848, 29.4080715179, 29.7215423584, 30.0466213226, 30.3600902557, 30.6735591888, 30.9870281219, 31.3237190247, 31.6720180511, 32.0203170776, 32.3686180115, 32.7169151306, 33.0419960022, 33.3670730591, 33.6805419922, 33.99401474, 34.3074836731, 34.6093406677, 34.9228096008, 35.2246704102, 35.5265312195, 35.8400001526, 36.1534690857, 36.4785499573, 36.8036270142, 37.1287078857, 37.4653968811, 37.8020858765, 38.1387748718, 38.4638557434, 38.823764801, 39.1720619202, 39.5319709778, 39.8802719116, 40.2285690308, 40.5884780884, 40.9483909607, 41.3083000183, 41.6914291382, 42.0745582581, 42.4576873779, 42.8756446838, 43.281993866, 43.6999549866, 44.1063041687, 44.5126533508]
},
"tonal": {
    "chords_changes_rate": 0.0411522649229,
    "chords_number_rate": 0.00925925932825,
    "chords_strength": {
        "mean": 0.519980669022,
        "var": 0.00746737746522
    },
    "hpcp_entropy": {
        "mean": 1.57388985157,
        "var": 0.464801371098
    },
    "key_strength": 0.755078732967,
    "tuning_diatonic_strength": 0.540923774242,
    "tuning_equal_tempered_deviation": 0.0839187726378,
    "tuning_frequency": 443.060424805,
    "tuning_nontempered_energy_ratio": 0.679893791676,
    "hpcp": {
        "mean": [0.0545361861587, 0.0491854809225, 0.157276779413, 0.216027095914, 0.123230025172, 0.242760792375, 0.34139034152, 0.154925182462, 0.0366082973778, 0.0353990271688, 0.0461661741138, 0.0966169461608, 0.144035756588, 0.0981346741319, 0.0581847280264, 0.0575461089611, 0.0584508702159, 0.245529219508, 0.348605185747, 0.192294389009, 0.264284849167, 0.336994320154, 0.154393061996, 0.0888495966792, 0.0813093855977, 0.0461256578565, 0.14422634244, 0.21375657618, 0.118898384273, 0.0568285621703, 0.0545873567462, 0.053053829819, 0.143468976021, 0.223268702626, 0.145099803805, 0.0674562305212],
        "var": [0.019118912518, 0.0104179130867, 0.0484082847834, 0.0891433060169, 0.01844047755, 0.0752509459853, 0.139844551682, 0.0291919801384, 0.00757878506556, 0.00654023839161, 0.0124820042402, 0.0253737661988, 0.0649992227554, 0.0269901398569, 0.0184441227466, 0.0264878496528, 0.0109931193292, 0.0716869160533, 0.128483891487, 0.0331277102232, 0.0860104858875, 0.148610383272, 0.0363964736462, 0.0462565496564, 0.0381445735693, 0.00748063903302, 0.0545411631465, 0.110352300107, 0.0338461026549, 0.0144920777529, 0.0145798446611, 0.0128235444427, 0.0380165837705, 0.109231568873, 0.0565488487482, 0.0246599763632]
    },
    "chords_histogram": [33.7448577881, 11.3168725967, 14.5061731339, 5.45267486572, 7.20164632797, 0, 0, 0, 0, 0, 17.9012336731, 0, 0, 0, 0, 1.64609050751, 0, 2.36625504494, 0, 0, 0, 0, 0, 5.86419773102],
    "thpcp": [1, 0.551610827446, 0.758120834827, 0.966693341732, 0.442888021469, 0.254871696234, 0.233242049813, 0.132314890623, 0.413724035025, 0.613176703453, 0.341068893671, 0.163016974926, 0.156587913632, 0.152188867331, 0.411551475525, 0.640462934971, 0.416229605675, 0.19350323081, 0.156441122293, 0.141092225909, 0.45116019249, 0.619689822197, 0.353494524956, 0.696377456188, 0.979303658009, 0.444414436817, 0.105013631284, 0.101544752717, 0.13243111968, 0.27715292573, 0.41317731142, 0.281506627798, 0.16690723598, 0.165075317025, 0.167670682073, 0.704318881035],
    "chords_key": "E",
    "chords_scale": "major",
    "key_key": "E",
    "key_scale": "major"
}
}