{
"lowlevel": {
    "average_loudness": 0.957934856415,
    "barkbands_crest": {
        "mean": 10.6472263336,
        "var": 9.48556804657
    },
    "barkbands_flatness_db": {
        "mean": 0.235253736377,
        "var": 0.00299677951261
    },
    "barkbands_kurtosis": {
        "mean": 5.92378377914,
        "var": 23.0983161926
    },
    "barkbands_skewness": {
        "mean": 1.97487068176,
        "var": 0.57901006937
    },
    "barkbands_spread": {
        "mean": 7.17774391174,
        "var": 12.1637544632
    },
    "dissonance": {
        "mean": 0.433773428202,
        "var": 0.00118036952335
    },
    "dynamic_complexity": 2.16463756561,
    "erbbands_crest": {
        "mean": 10.5380067825,
        "var": 17.9786682129
    },
    "erbbands_flatness_db": {
        "mean": 0.266367137432,
        "var": 0.00194340525195
    },
    "erbbands_kurtosis": {
        "mean": 0.723379433155,
        "var": 2.78760051727
    },
    "erbbands_skewness": {
        "mean": 0.906122505665,
        "var": 0.262320309877
    },
    "erbbands_spread": {
        "mean": 21.119966507,
        "var": 54.0455093384
    },
    "hfc": {
        "mean": 13.3353967667,
        "var": 60.2234687805
    },
    "melbands_crest": {
        "mean": 13.2676382065,
        "var": 13.7877187729
    },
    "melbands_flatness_db": {
        "mean": 0.307608962059,
        "var": 0.00393238384277
    },
    "melbands_kurtosis": {
        "mean": 9.13894271851,
        "var": 39.2513580322
    },
    "melbands_skewness": {
        "mean": 2.25685286522,
        "var": 0.710730731487
    },
    "melbands_spread": {
        "mean": 9.34222698212,
        "var": 45.1962165833
    },
    "pitch_salience": {
        "mean": 0.593631386757,
        "var": 0.00742688961327
    },
    "silence_rate_20dB": {
        "mean": 1,
        "var": 0
    },
    "silence_rate_30dB": {
        "mean": 1,
        "var": 0
    },
    "silence_rate_60dB": {
        "mean": 0.0288214106113,
        "var": 0.0279907118529
    },
    "spectral_centroid": {
        "mean": 623.984191895,
        "var": 161588.3125
    },
    "spectral_complexity": {
        "mean": 15.9768400192,
        "var": 21.405008316
    },
    "spectral_decrease": {
        "mean": -6.89321488778e-009,
        "var": 1.45369796185e-017
    },
    "spectral_energy": {
        "mean": 0.0272260867059,
        "var": 0.000226209609536
    },
    "spectral_energyband_high": {
        "mean": 3.62411992683e-005,
        "var": 1.35596822659e-009
    },
    "spectral_energyband_low": {
        "mean": 0.00101347628515,
        "var": 1.61627144735e-006
    },
    "spectral_energyband_middle_high": {
        "mean": 0.00281632202677,
        "var": 3.38658969667e-006
    },
    "spectral_energyband_middle_low": {
        "mean": 0.0239630136639,
        "var": 0.000193066880456
    },
    "spectral_entropy": {
        "mean": 6.57128047943,
        "var": 0.143747001886
    },
    "spectral_flux": {
        "mean": 0.0505882799625,
        "var": 0.000442340911832
    },
    "spectral_kurtosis": {
        "mean": 19.6404247284,
        "var": 276.844726563
    },
    "spectral_rms": {
        "mean": 0.00494050886482,
        "var": 2.15337649934e-006
    },
    "spectral_rolloff": {
        "mean": 704.211914063,
        "var": 713151.125
    },
    "spectral_skewness": {
        "mean": 2.78413391113,
        "var": 1.2857824564
    },
    "spectral_spread": {
        "mean": 2005030.375,
        "var": 1.80304478208e+012
    },
    "spectral_strongpeak": {
        "mean": 1.26500499249,
        "var": 0.796834230423
    },
    "zerocrossingrate": {
        "mean": 0.0295534543693,
        "var": 0.000508965342306
    },
    "barkbands": {
        "mean": [9.13074472919e-006, 0.000169615901541, 0.000452435691841, 0.00111468753312, 0.00667375139892, 0.0074415570125, 0.00361476931721, 0.00260838842951, 0.00201007933356, 0.000853043224197, 0.000460973795271, 0.000313353433739, 0.00032469429425, 0.00029350418481, 0.000296324578812, 0.000168403072166, 0.000176998641109, 0.000106786304968, 8.64972898853e-005, 3.50145382981e-005, 9.89666477835e-006, 3.51943776877e-006, 1.23174936562e-006, 5.85575492096e-007, 4.97433120472e-007, 3.83165911444e-007, 1.88494340136e-008],
        "var": [2.7441229844e-010, 1.59805139788e-007, 6.64658671212e-007, 8.53041115079e-007, 1.74185661308e-005, 6.47003616905e-005, 1.39872990985e-005, 1.81016312126e-005, 2.74397571047e-005, 2.42834880737e-006, 2.41223943931e-007, 1.41835954537e-007, 1.78165322495e-007, 1.67131815942e-007, 1.39106546726e-007, 3.8025230964e-008, 5.21288789912e-008, 2.10844941506e-008, 1.01537329655e-008, 1.28303134783e-009, 1.29898050649e-010, 1.68596785838e-011, 1.96325681406e-012, 5.47307208235e-013, 4.12317478337e-013, 2.13073523127e-013, 9.15283897529e-016]
    },
    "erbbands": {
        "mean": [0.00247337855399, 0.0516316443682, 0.400691002607, 2.28367424011, 11.4822921753, 19.0047302246, 68.130241394, 44.1645317078, 56.5391464233, 48.9593467712, 55.0074920654, 58.5466690063, 30.6474971771, 18.8127689362, 19.800157547, 14.314447403, 15.4279279709, 18.4033527374, 15.6984357834, 11.9331254959, 10.3815355301, 7.01425790787, 6.03627920151, 5.60095357895, 3.35230994225, 1.90226113796, 0.724937319756, 0.251004934311, 0.124588303268, 0.068537786603, 0.031863424927, 0.0126406569034, 0.00951853580773, 0.0052273273468, 0.00390460039489, 0.00196975492872, 0.000714388326742, 0.000113078611321, 1.57574850164e-005, 3.08559538098e-005],
        "var": [1.85824865184e-005, 0.0137963676825, 0.476118385792, 3.37117195129, 67.3431396484, 195.364334106, 4954.58837891, 3084.54321289, 3780.2277832, 4041.39892578, 8812.7578125, 21211.9296875, 3945.87670898, 375.036682129, 317.969970703, 232.313049316, 356.847076416, 514.263977051, 384.64263916, 237.350967407, 120.94367981, 74.6775588989, 65.6214828491, 80.5381546021, 13.3584671021, 3.98793745041, 0.511877954006, 0.0597578734159, 0.0153058152646, 0.00998771376908, 0.00133552402258, 0.00021725356055, 0.000148281600559, 4.53462489531e-005, 2.88701994577e-005, 6.30012391412e-006, 7.98889175258e-007, 2.28881020803e-008, 7.37189406741e-011, 2.88109536228e-010]
    },
    "gfcc": {
        "mean": [-75.6245346069, 176.037490845, -149.245300293, -7.86241006851, -53.628692627, -34.3909492493, -43.6662940979, -14.2063417435, -30.0345535278, -8.44113445282, -12.4585828781, -12.1260118484, -5.72377204895],
        "cov": [[7040.09326172, -1128.14001465, -703.99005127, 514.493774414, -382.025695801, 18.965795517, -277.576019287, 312.284118652, -16.9448070526, 375.418121338, -133.270843506, 308.480102539, -159.011260986], [-1128.14001465, 1096.33166504, 132.519821167, -233.961654663, 220.830093384, -90.7524795532, 112.707061768, -149.032058716, 93.4649810791, -139.453598022, 149.722412109, -171.774383545, 141.167999268], [-703.99005127, 132.519821167, 215.537750244, -61.8736076355, 72.3447570801, 35.9381370544, 48.7253494263, -3.69374656677, -7.09184455872, -14.2300987244, 9.39932441711, -22.7890148163, 4.29368495941], [514.493774414, -233.961654663, -61.8736076355, 182.708602905, -28.5298538208, 8.28631019592, -39.6009979248, 14.6479530334, -6.30691957474, 31.4818229675, -11.9406747818, 51.8086738586, -7.75960111618], [-382.025695801, 220.830093384, 72.3447570801, -28.5298538208, 120.666397095, 12.2949743271, 33.9142189026, -23.0612564087, 21.127571106, -19.7486610413, 38.9086494446, -24.4386520386, 29.9066390991], [18.965795517, -90.7524795532, 35.9381370544, 8.28631019592, 12.2949743271, 90.9181442261, 27.1013698578, 37.7915344238, -15.5341424942, 13.4884519577, -28.4304218292, 8.63921642303, -23.8073444366], [-277.576019287, 112.707061768, 48.7253494263, -39.6009979248, 33.9142189026, 27.1013698578, 82.0569000244, 15.3262624741, 20.2290897369, -11.0399694443, 3.50093007088, -23.403547287, 3.97260212898], [312.284118652, -149.032058716, -3.69374656677, 14.6479530334, -23.0612564087, 37.7915344238, 15.3262624741, 97.8678588867, 12.9240674973, 41.1094245911, -20.265750885, 20.5047607422, -31.5505371094], [-16.9448070526, 93.4649810791, -7.09184455872, -6.30691957474, 21.127571106, -15.5341424942, 20.2290897369, 12.9240674973, 99.1753692627, 24.3881053925, 35.5244293213, -5.48865032196, 18.7276077271], [375.418121338, -139.453598022, -14.2300987244, 31.4818229675, -19.7486610413, 13.4884519577, -11.0399694443, 41.1094245911, 24.3881053925, 84.7163696289, 2.98391294479, 32.6867218018, -23.4805774689], [-133.270843506, 149.722412109, 9.39932441711, -11.9406747818, 38.9086494446, -28.4304218292, 3.50093007088, -20.265750885, 35.5244293213, 2.98391294479, 83.874130249, -1.38246285915, 33.5809288025], [308.480102539, -171.774383545, -22.7890148163, 51.8086738586, -24.4386520386, 8.63921642303, -23.403547287, 20.5047607422, -5.48865032196, 32.6867218018, -1.38246285915, 79.7555084229, -5.42076969147], [-159.011260986, 141.167999268, 4.29368495941, -7.75960111618, 29.9066390991, -23.8073444366, 3.97260212898, -31.5505371094, 18.7276077271, -23.4805774689, 33.5809288025, -5.42076969147, 67.5419616699]],
        "icov": [[0.000591993972193, -0.00140947569162, 0.00140950048808, -0.00131965300534, 0.00114624318667, -0.000534932361916, 0.0014086435549, -0.00188708631322, 0.000964589533396, -0.00226256414317, 0.00128287007101, -0.00170039280783, 0.000609640148468], [-0.00140947569162, 0.00913711078465, -0.00306566874497, 0.00638185674325, -0.00757725071162, 0.00373472948559, -0.00652189413086, 0.00729723740369, -0.00414121337235, 0.00804198347032, -0.00690203439444, 0.00956067349762, -0.00488071935251], [0.00140950048808, -0.00306566874497, 0.0103668756783, -0.00129474129062, -0.00105763995089, -0.00262610288337, 0.00115757412277, -0.0040309256874, 0.00381758599542, -0.00597130367532, 0.002811252838, -0.00404372205958, 0.00165300210938], [-0.00131965300534, 0.00638185674325, -0.00129474129062, 0.0124669708312, -0.00598073378205, 0.00118180259597, -0.00261382339522, 0.00592584069818, -0.00329059548676, 0.0054348106496, -0.00405252538621, 0.00334324105643, -0.0038592510391], [0.00114624318667, -0.00757725071162, -0.00105763995089, -0.00598073378205, 0.0215825978667, -0.0075054988265, 0.00349797005765, -0.00337348459288, 0.00154312583618, -0.00514548504725, 3.33175012202e-005, -0.0055493474938, 0.00125351862516], [-0.000534932361916, 0.00373472948559, -0.00262610288337, 0.00118180259597, -0.0075054988265, 0.0208327639848, -0.00812108814716, -0.00198377040215, 0.00195395038463, 0.00118405057583, 0.00239627342671, 0.00187520612963, 0.000283921544906], [0.0014086435549, -0.00652189413086, 0.00115757412277, -0.00261382339522, 0.00349797005765, -0.00812108814716, 0.0254365634173, -0.00975981168449, -0.00141944177449, -0.00317184091546, 0.00524365343153, -0.00408085761592, 0.00246347091161], [-0.00188708631322, 0.00729723740369, -0.0040309256874, 0.00592584069818, -0.00337348459288, -0.00198377040215, -0.00975981168449, 0.0251653697342, -0.00694647571072, 0.00349152786657, -0.00452566612512, 0.0058897389099, 0.000229136348935], [0.000964589533396, -0.00414121337235, 0.00381758599542, -0.00329059548676, 0.00154312583618, 0.00195395038463, -0.00141944177449, -0.00694647571072, 0.0184235833585, -0.0109251160175, -0.000400906457799, -0.00217035110109, -0.00173159269616], [-0.00226256414317, 0.00804198347032, -0.00597130367532, 0.0054348106496, -0.00514548504725, 0.00118405057583, -0.00317184091546, 0.00349152786657, -0.0109251160175, 0.0313857197762, -0.0102611836046, 0.00369392917491, 0.00272068427876], [0.00128287007101, -0.00690203439444, 0.002811252838, -0.00405252538621, 3.33175012202e-005, 0.00239627342671, 0.00524365343153, -0.00452566612512, -0.000400906457799, -0.0102611836046, 0.0260334294289, -0.00944194756448, -0.0019481953932], [-0.00170039280783, 0.00956067349762, -0.00404372205958, 0.00334324105643, -0.0055493474938, 0.00187520612963, -0.00408085761592, 0.0058897389099, -0.00217035110109, 0.00369392917491, -0.00944194756448, 0.0293732155114, -0.00829736143351], [0.000609640148468, -0.00488071935251, 0.00165300210938, -0.0038592510391, 0.00125351862516, 0.000283921544906, 0.00246347091161, 0.000229136348935, -0.00173159269616, 0.00272068427876, -0.0019481953932, -0.00829736143351, 0.0271293148398]]
    },
    "melbands": {
        "mean": [3.47975910699e-005, 0.000161112824571, 0.000640624668449, 0.00103804422542, 0.00204280321486, 0.00108244922012, 0.000840377702843, 0.000520919973496, 0.000440227100626, 0.00033359756344, 0.000139992116601, 7.19364761608e-005, 6.80618177284e-005, 4.17787159677e-005, 2.84899888356e-005, 3.4939377656e-005, 3.44803884218e-005, 2.38644151977e-005, 1.58191960509e-005, 1.53195542225e-005, 1.30148091557e-005, 8.37893458083e-006, 5.2854002206e-006, 5.89213914282e-006, 4.3122158786e-006, 2.76024206869e-006, 1.38306893405e-006, 1.31771946599e-006, 4.42464340722e-007, 3.08618893996e-007, 1.09321909747e-007, 7.77336524038e-008, 4.6486043459e-008, 3.2446145326e-008, 1.94923224228e-008, 1.11432276739e-008, 6.01180927262e-009, 6.69935751318e-009, 6.12347017537e-009, 3.76256936718e-009],
        "var": [5.35267652424e-009, 8.49196624131e-008, 2.11255098748e-007, 5.24531628798e-007, 3.8083412619e-006, 1.75945172032e-006, 8.4042534354e-007, 5.48670925582e-007, 5.68333234696e-007, 7.73936960741e-007, 9.28603611783e-008, 6.97325575061e-009, 4.79705875023e-009, 2.0991237637e-009, 8.6833296109e-010, 2.48709874917e-009, 2.56685472877e-009, 9.35660660062e-010, 4.49400489044e-010, 2.77237149904e-010, 2.54169213454e-010, 9.94827692447e-011, 1.09805511905e-010, 6.68657421099e-011, 6.87392989751e-011, 1.20503069329e-011, 2.1448550401e-012, 2.39171594855e-012, 1.79574887946e-013, 1.50751684898e-013, 1.42191420856e-014, 6.64593654767e-015, 4.26760271002e-015, 1.95188790058e-015, 5.89159748633e-016, 2.0991154617e-016, 5.4245243948e-017, 7.8489441172e-017, 7.74768993104e-017, 2.6871091239e-017]
    },
    "mfcc": {
        "mean": [-711.251647949, 209.653076172, -39.2769203186, 19.0602626801, -10.273566246, -18.0418682098, -13.932217598, -18.7503318787, -15.9064531326, -9.17737102509, -10.6765537262, -9.94281673431, -6.13221359253],
        "cov": [[4102.90673828, -483.199554443, -755.563476563, 537.144897461, -205.698974609, 49.5452232361, -201.704391479, 42.1160507202, 101.184967041, 120.273506165, 107.037506104, 118.027671814, 169.213607788], [-483.199554443, 863.59161377, 45.4185638428, -64.7269668579, 169.397125244, -51.389705658, 73.5832443237, -38.9591445923, -16.6301383972, 20.8471889496, 19.6481170654, 17.0483169556, -1.91750347614], [-755.563476563, 45.4185638428, 277.386932373, -143.812789917, 30.6528263092, 6.94166660309, 60.3632202148, 11.0771121979, -0.680047869682, -8.80215167999, -18.5378665924, -8.21301174164, -23.5018367767], [537.144897461, -64.7269668579, -143.812789917, 193.474624634, -11.856505394, 17.2414646149, -41.7967224121, -6.13294124603, -1.68414723873, -5.0692486763, 3.90886330605, 3.74643492699, 33.2213287354], [-205.698974609, 169.397125244, 30.6528263092, -11.856505394, 109.617843628, 4.89817905426, 27.0675621033, -9.47046089172, -12.6892232895, 0.0106913112104, -2.36479997635, 3.96622896194, 5.57007455826], [49.5452232361, -51.389705658, 6.94166660309, 17.2414646149, 4.89817905426, 73.1914138794, 12.4727039337, 11.1225662231, 9.82132720947, -1.74558579922, -6.00313329697, -2.22463417053, 10.8099555969], [-201.704391479, 73.5832443237, 60.3632202148, -41.7967224121, 27.0675621033, 12.4727039337, 89.7307434082, 17.8631038666, 0.0181541107595, 1.87032353878, -4.78695631027, -5.92297887802, -14.1009492874], [42.1160507202, -38.9591445923, 11.0771121979, -6.13294124603, -9.47046089172, 11.1225662231, 17.8631038666, 62.743927002, 22.0777988434, 11.6008768082, 7.29045629501, -1.75541055202, -4.43416595459], [101.184967041, -16.6301383972, -0.680047869682, -1.68414723873, -12.6892232895, 9.82132720947, 0.0181541107595, 22.0777988434, 62.2466926575, 27.64635849, 11.5256929398, 13.0872087479, 5.96205329895], [120.273506165, 20.8471889496, -8.80215167999, -5.0692486763, 0.0106913112104, -1.74558579922, 1.87032353878, 11.6008768082, 27.64635849, 76.4897460938, 33.6305389404, 14.3537244797, 5.28760099411], [107.037506104, 19.6481170654, -18.5378665924, 3.90886330605, -2.36479997635, -6.00313329697, -4.78695631027, 7.29045629501, 11.5256929398, 33.6305389404, 60.8002510071, 26.6070632935, 4.74031352997], [118.027671814, 17.0483169556, -8.21301174164, 3.74643492699, 3.96622896194, -2.22463417053, -5.92297887802, -1.75541055202, 13.0872087479, 14.3537244797, 26.6070632935, 77.3447418213, 39.7896537781], [169.213607788, -1.91750347614, -23.5018367767, 33.2213287354, 5.57007455826, 10.8099555969, -14.1009492874, -4.43416595459, 5.96205329895, 5.28760099411, 4.74031352997, 39.7896537781, 73.3813552856]],
        "icov": [[0.000738958944567, 0.000133860012284, 0.00142393168062, -0.000811350997537, 0.000671465415508, -0.000249639851972, 1.71595511347e-005, -0.000385759223718, -0.000355312251486, -0.000746683683246, -6.01475803705e-005, -0.00051592651289, -0.000545042043086], [0.000133860012284, 0.00201131170616, 0.000585414178204, 0.000235604529735, -0.00271321670152, 0.00151321210433, -0.00131215481088, 0.00108470523264, -0.000585549278185, -0.000263511232333, -0.000644221960101, 2.6054241971e-005, -0.000284803740215], [0.00142393168062, 0.000585414178204, 0.009382635355, 0.00306550320238, -4.18570270995e-005, -0.0013476149179, -0.00198265560903, -0.000905778317247, -0.000949820794631, -0.00074462313205, 0.000930635607801, -0.00104148918763, -0.00124964676797], [-0.000811350997537, 0.000235604529735, 0.00306550320238, 0.0105871809646, -0.00168622867204, -0.00182387034874, 0.00122101453599, 0.000283501431113, 0.0005655119312, 0.00194423540961, -0.000522822956555, 0.00221337005496, -0.00263816025108], [0.000671465415508, -0.00271321670152, -4.18570270995e-005, -0.00168622867204, 0.0153363402933, -0.00285778031684, -0.00149764714297, 0.000102078636701, 0.0025336376857, -0.00148658663966, 0.000876838457771, -0.00101316312794, -0.00150003528688], [-0.000249639851972, 0.00151321210433, -0.0013476149179, -0.00182387034874, -0.00285778031684, 0.0173099115491, -0.00349325546995, -0.000669664237648, -0.00300424313173, 0.00101934699342, 0.000383042934118, 0.00209949538112, -0.00302798044868], [1.71595511347e-005, -0.00131215481088, -0.00198265560903, 0.00122101453599, -0.00149764714297, -0.00349325546995, 0.0165638197213, -0.00515602529049, 0.0017240261659, -0.00083363277372, 0.00153435592074, -0.000836154795252, 0.00251226685941], [-0.000385759223718, 0.00108470523264, -0.000905778317247, 0.000283501431113, 0.000102078636701, -0.000669664237648, -0.00515602529049, 0.0213600024581, -0.0066383453086, 0.000336576194968, -0.00289237732068, 0.00213824468665, 0.000432787579484], [-0.000355312251486, -0.000585549278185, -0.000949820794631, 0.0005655119312, 0.0025336376857, -0.00300424313173, 0.0017240261659, -0.0066383453086, 0.0233053974807, -0.00729463482276, 0.00230153556913, -0.00348299043253, 0.000796243548393], [-0.000746683683246, -0.000263511232333, -0.00074462313205, 0.00194423540961, -0.00148658663966, 0.00101934699342, -0.00083363277372, 0.000336576194968, -0.00729463482276, 0.0211508981884, -0.0103687290102, 0.00259149330668, -0.00124769727699], [-6.01475803705e-005, -0.000644221960101, 0.000930635607801, -0.000522822956555, 0.000876838457771, 0.000383042934118, 0.00153435592074, -0.00289237732068, 0.00230153556913, -0.0103687290102, 0.0268229153007, -0.00977692194283, 0.00478246854618], [-0.00051592651289, 2.6054241971e-005, -0.00104148918763, 0.00221337005496, -0.00101316312794, 0.00209949538112, -0.000836154795252, 0.00213824468665, -0.00348299043253, 0.00259149330668, -0.00977692194283, 0.0234344769269, -0.0123881408945], [-0.000545042043086, -0.000284803740215, -0.00124964676797, -0.00263816025108, -0.00150003528688, -0.00302798044868, 0.00251226685941, 0.000432787579484, 0.000796243548393, -0.00124769727699, 0.00478246854618, -0.0123881408945, 0.0231733005494]]
    },
    "spectral_contrast_coeffs": {
        "mean": [-0.476406753063, -0.670485258102, -0.702392101288, -0.732514023781, -0.741298556328, -0.727295875549],
        "var": [0.00466468371451, 0.00433620158583, 0.00294972653501, 0.00152541918214, 0.00170335464645, 0.00293522654101]
    },
    "spectral_contrast_valleys": {
        "mean": [-8.35022926331, -6.23974895477, -7.5878739357, -8.21043682098, -8.77765369415, -12.928858757],
        "var": [1.30533611774, 1.00179684162, 0.90890789032, 0.935085535049, 1.07719731331, 0.730018377304]
    }
},
"metadata": {
    "audio_properties": {
        "analysis_sample_rate": 44100,
        "bit_rate": 102128,
        "equal_loudness": 0,
        "length": 45.0873451233,
        "lossless": 0,
        "replay_gain": -9.13311576843,
        "sample_rate": 44100,
        "codec": "mp3",
        "downmix": "mix",
        "md5_encoded": "d9fc66e173cf2efd7167d90ace7daa1a"
    },
    "tags": {
        "file_name": "241.mp3"
    },
    "version": {
        "essentia": "2.1-beta2",
        "essentia_git_sha": "v2.1_beta2",
        "extractor": "music 1.0"
    }
},
"rhythm": {
    "beats_count": 113,
    "beats_loudness": {
        "mean": 0.0380728058517,
        "var": 0.000334279902745
    },
    "bpm": 151.969650269,
    "bpm_histogram_first_peak_bpm": {
        "mean": 152,
        "var": 0
    },
    "bpm_histogram_first_peak_spread": {
        "mean": 0.0462963059545,
        "var": 0
    },
    "bpm_histogram_first_peak_weight": {
        "mean": 0.919642865658,
        "var": 0
    },
    "bpm_histogram_second_peak_bpm": {
        "mean": 157,
        "var": 0
    },
    "bpm_histogram_second_peak_spread": {
        "mean": 0,
        "var": 0
    },
    "bpm_histogram_second_peak_weight": {
        "mean": 0.0357142873108,
        "var": 0
    },
    "danceability": 1.21098780632,
    "onset_rate": 1.30806589127,
    "beats_loudness_band_ratio": {
        "mean": [0.164830088615, 0.491295963526, 0.339261710644, 0.0674656182528, 0.0276950169355, 0.00331226643175],
        "var": [0.0189876891673, 0.0323990136385, 0.0393304154277, 0.00176593940705, 0.000707592058461, 9.5491823231e-006]
    },
    "beats_position": [0.371519267559, 0.766258478165, 1.14938771725, 1.54412698746, 1.93886613846, 2.33360528946, 2.72834467888, 3.12308382988, 3.51782298088, 3.90095233917, 4.29569149017, 4.69043064117, 5.08516979218, 5.47990942001, 5.87464857101, 6.26938772202, 6.66412687302, 7.05886602402, 7.45360517502, 7.84834432602, 8.24308395386, 8.63782310486, 9.03256225586, 9.42730140686, 9.82204055786, 10.2167797089, 10.6115188599, 11.0062580109, 11.4009971619, 11.7957363129, 12.1904764175, 12.5852155685, 12.9799547195, 13.3746938705, 13.7694330215, 14.1641721725, 14.5589113235, 14.9536504745, 15.3483896255, 15.7431287766, 16.1378688812, 16.5326080322, 16.9273471832, 17.3220863342, 17.7168254852, 18.1115646362, 18.5063037872, 18.9010429382, 19.2957820892, 19.6905212402, 20.0852603912, 20.4799995422, 20.8747386932, 21.2694778442, 21.6642169952, 22.0589561462, 22.4536952972, 22.8484344482, 23.2431735992, 23.6379127502, 24.0326519012, 24.4273910522, 24.8221302032, 25.2168693542, 25.6116104126, 26.0063495636, 26.4010887146, 26.7958278656, 27.1905670166, 27.5853061676, 27.9800453186, 28.3747844696, 28.7695236206, 29.1642627716, 29.5590019226, 29.9537410736, 30.3484802246, 30.7432193756, 31.1379585266, 31.5326976776, 31.9274368286, 32.322177887, 32.7169151306, 33.111656189, 33.5063934326, 33.901134491, 34.2958717346, 34.690612793, 35.0853500366, 35.480091095, 35.8748283386, 36.269569397, 36.6759185791, 37.0822677612, 37.4770050049, 37.8601341248, 38.2548751831, 38.6496124268, 39.0327415466, 39.427482605, 39.8222198486, 40.216960907, 40.6116981506, 41.006439209, 41.4011802673, 41.795917511, 42.1906585693, 42.585395813, 42.9801368713, 43.374874115, 43.7812232971, 44.1875724792, 44.5939216614]
},
"tonal": {
    "chords_changes_rate": 0.0123456791043,
    "chords_number_rate": 0.00514403311536,
    "chords_strength": {
        "mean": 0.538508236408,
        "var": 0.00670470669866
    },
    "hpcp_entropy": {
        "mean": 1.47914528847,
        "var": 0.337589889765
    },
    "key_strength": 0.780086696148,
    "tuning_diatonic_strength": 0.554024100304,
    "tuning_equal_tempered_deviation": 0.0256012063473,
    "tuning_frequency": 440.508636475,
    "tuning_nontempered_energy_ratio": 0.599981188774,
    "hpcp": {
        "mean": [0.344035446644, 0.170613154769, 0.0181596595794, 0.00848368741572, 0.00660137459636, 0.0769153907895, 0.140832930803, 0.0860263556242, 0.128921985626, 0.194671422243, 0.0877255126834, 0.0116239227355, 0.00996621698141, 0.024414094165, 0.344188451767, 0.540403783321, 0.225527867675, 0.0121539244428, 0.00557731790468, 0.0103841926903, 0.165987402201, 0.291001349688, 0.14619654417, 0.0907057821751, 0.138719305396, 0.0655014663935, 0.017483741045, 0.0228690039366, 0.0384277738631, 0.284269928932, 0.401640206575, 0.15176281333, 0.00997335836291, 0.00554157653823, 0.011450022459, 0.194072842598],
        "var": [0.145492747426, 0.0350229330361, 0.00190917402506, 0.000425211008405, 0.000313522090437, 0.0134675111622, 0.0497601106763, 0.014195535332, 0.0405081920326, 0.0907775983214, 0.0191093757749, 0.0006991479313, 0.00042998031131, 0.000934609270189, 0.0708617046475, 0.164269864559, 0.0330398231745, 0.000840521592181, 0.000168787679286, 0.000638795492705, 0.0483528412879, 0.135161072016, 0.0342456586659, 0.0233666952699, 0.0629198998213, 0.0159360747784, 0.00153337733354, 0.0020056150388, 0.00269707245752, 0.0803771615028, 0.151655465364, 0.0249706096947, 0.000483062845888, 0.000129616833874, 0.00088480458362, 0.0484659336507]
    },
    "chords_histogram": [26.851852417, 0, 0, 0, 0, 0, 0, 0, 0, 0, 0, 0, 0, 0, 0, 0, 0, 0, 0, 41.0493812561, 0, 1.54320991039, 27.9835395813, 2.57201647758],
    "thpcp": [1, 0.417332142591, 0.0224904511124, 0.0103206494823, 0.0192156173289, 0.307154417038, 0.538488745689, 0.270532041788, 0.167848169804, 0.256695657969, 0.121208377182, 0.0323531068861, 0.0423183627427, 0.0711093693972, 0.526032447815, 0.743222415447, 0.280832260847, 0.0184553824365, 0.0102545106784, 0.0211879014969, 0.359125614166, 0.636626660824, 0.315714210272, 0.0336038731039, 0.0156987942755, 0.0122156338766, 0.142329484224, 0.260606855154, 0.159189030528, 0.238566026092, 0.360233277082, 0.162333264947, 0.0215096995234, 0.0184421669692, 0.0451775044203, 0.636909782887],
    "chords_key": "D",
    "chords_scale": "minor",
    "key_key": "G",
    "key_scale": "major"
}
}