{
"lowlevel": {
    "average_loudness": 0.320930480957,
    "barkbands_crest": {
        "mean": 9.36984825134,
        "var": 15.6350784302
    },
    "barkbands_flatness_db": {
        "mean": 0.203734979033,
        "var": 0.00148210139014
    },
    "barkbands_kurtosis": {
        "mean": -0.197661414742,
        "var": 2.23535466194
    },
    "barkbands_skewness": {
        "mean": -0.0735487937927,
        "var": 0.547125518322
    },
    "barkbands_spread": {
        "mean": 17.1671104431,
        "var": 42.1152763367
    },
    "dissonance": {
        "mean": 0.450518578291,
        "var": 0.000681693956722
    },
    "dynamic_complexity": 4.71060371399,
    "erbbands_crest": {
        "mean": 12.4176387787,
        "var": 26.2169933319
    },
    "erbbands_flatness_db": {
        "mean": 0.28624022007,
        "var": 0.00140609650407
    },
    "erbbands_kurtosis": {
        "mean": 1.03661060333,
        "var": 5.21887588501
    },
    "erbbands_skewness": {
        "mean": -0.506334841251,
        "var": 0.4154971838
    },
    "erbbands_spread": {
        "mean": 19.2225379944,
        "var": 64.5014266968
    },
    "hfc": {
        "mean": 16.3222446442,
        "var": 311.38381958
    },
    "melbands_crest": {
        "mean": 11.9419298172,
        "var": 24.1651477814
    },
    "melbands_flatness_db": {
        "mean": 0.205694690347,
        "var": 0.00128209125251
    },
    "melbands_kurtosis": {
        "mean": 0.327090293169,
        "var": 4.99089860916
    },
    "melbands_skewness": {
        "mean": 0.589316189289,
        "var": 0.713938951492
    },
    "melbands_spread": {
        "mean": 33.8347244263,
        "var": 196.410797119
    },
    "pitch_salience": {
        "mean": 0.52434271574,
        "var": 0.0110204620287
    },
    "silence_rate_20dB": {
        "mean": 1,
        "var": 0
    },
    "silence_rate_30dB": {
        "mean": 1,
        "var": 0
    },
    "silence_rate_60dB": {
        "mean": 0.309989690781,
        "var": 0.213897049427
    },
    "spectral_centroid": {
        "mean": 1846.26013184,
        "var": 267231.875
    },
    "spectral_complexity": {
        "mean": 13.5133886337,
        "var": 41.6265907288
    },
    "spectral_decrease": {
        "mean": -2.90753954246e-009,
        "var": 1.11341852259e-017
    },
    "spectral_energy": {
        "mean": 0.0124541921541,
        "var": 0.000197917484911
    },
    "spectral_energyband_high": {
        "mean": 0.000116049013741,
        "var": 2.82747070202e-008
    },
    "spectral_energyband_low": {
        "mean": 0.000111852088594,
        "var": 3.54558125082e-008
    },
    "spectral_energyband_middle_high": {
        "mean": 0.00702912872657,
        "var": 6.69564760756e-005
    },
    "spectral_energyband_middle_low": {
        "mean": 0.00538416672498,
        "var": 6.89621883794e-005
    },
    "spectral_entropy": {
        "mean": 6.80124521255,
        "var": 0.0917754247785
    },
    "spectral_flux": {
        "mean": 0.039660230279,
        "var": 0.00116623868234
    },
    "spectral_kurtosis": {
        "mean": 8.67585659027,
        "var": 19.4923267365
    },
    "spectral_rms": {
        "mean": 0.00300902640447,
        "var": 3.09622100758e-006
    },
    "spectral_rolloff": {
        "mean": 2264.76293945,
        "var": 910117.8125
    },
    "spectral_skewness": {
        "mean": 1.55173015594,
        "var": 0.188431978226
    },
    "spectral_spread": {
        "mean": 2348875.5,
        "var": 1.76621092864e+012
    },
    "spectral_strongpeak": {
        "mean": 2.00327777863,
        "var": 3.44625020027
    },
    "zerocrossingrate": {
        "mean": 0.0724843740463,
        "var": 0.000586302252486
    },
    "barkbands": {
        "mean": [1.74473413495e-007, 3.18434240398e-006, 6.75068513374e-005, 6.96548231645e-005, 0.000460206734715, 0.00125384505372, 0.0017669898225, 0.00135857472196, 0.000149786952534, 0.000390507950215, 0.000896165613085, 0.000442007003585, 0.000194440362975, 0.00159976666328, 0.00117517681792, 0.000703879981302, 0.000809004879557, 0.000308397138724, 0.000649295165204, 6.94103364367e-005, 6.57584387227e-005, 1.17867912195e-005, 3.85453085983e-006, 2.79425171357e-006, 1.71725923792e-006, 3.2741181144e-007, 6.31982954857e-009],
        "var": [6.79178664264e-014, 1.71118310494e-011, 1.77222716502e-008, 2.26374687884e-008, 1.28536851207e-006, 9.55728228291e-006, 1.50196910909e-005, 2.55581999227e-005, 3.97632021532e-007, 2.19326193474e-006, 5.23816379427e-006, 6.05863874625e-007, 8.97053155313e-007, 1.08693666334e-005, 4.61361241832e-006, 3.69370377484e-006, 2.19353501052e-006, 1.87275531971e-007, 1.46967033743e-006, 1.48424463831e-008, 1.16226539504e-008, 6.46454723086e-010, 1.70070291183e-010, 2.72990130501e-010, 1.51453016795e-010, 7.11583786686e-012, 3.02926023465e-015]
    },
    "erbbands": {
        "mean": [6.46851985948e-005, 0.00169583864044, 0.0468359701335, 0.199997231364, 0.275181800127, 2.177267313, 2.56088447571, 11.9170341492, 27.5813179016, 33.7914352417, 13.8749704361, 4.0407333374, 14.8160715103, 6.424741745, 44.742729187, 23.7966690063, 11.5266504288, 83.6412277222, 33.2800865173, 81.344909668, 39.8969039917, 38.4378967285, 23.4579105377, 23.0427303314, 25.6248912811, 3.52505493164, 2.35540938377, 2.49239969254, 0.737705051899, 0.200031831861, 0.102625377476, 0.0726927444339, 0.0395516902208, 0.0219528730959, 0.011290660128, 0.00254428596236, 0.000476531276945, 4.87395845994e-005, 8.96578603715e-006, 1.5820714907e-005],
        "var": [3.98223676257e-009, 5.08600305693e-006, 0.00777474790812, 0.115655109286, 0.768306016922, 33.1871299744, 27.7680568695, 848.341125488, 4684.92724609, 4913.83203125, 4110.78076172, 166.908325195, 3537.38720703, 250.777679443, 13440.8242188, 1610.82177734, 1480.52026367, 28762.4433594, 2956.27050781, 21068.9707031, 6669.37695313, 3914.69506836, 832.254638672, 1948.76184082, 2302.34814453, 22.2494277954, 11.626868248, 17.2203178406, 1.70534074306, 0.25076186657, 0.153713703156, 0.107070468366, 0.0828272849321, 0.0235888492316, 0.00747372815385, 0.000385066930903, 2.16616390389e-005, 1.61963271239e-007, 1.61944652133e-010, 3.04640729309e-010]
    },
    "gfcc": {
        "mean": [-108.865844727, 93.1888580322, -213.152328491, 5.57734060287, -59.5130233765, -21.3490447998, -46.4208106995, -6.3412733078, -13.3179111481, 9.41314601898, -0.657922804356, -4.02924346924, -4.42121458054],
        "cov": [[5987.85888672, -33.4874916077, -802.16583252, -33.2223968506, -733.351135254, -714.457824707, -809.60723877, -151.647872925, -442.794616699, -589.13873291, 8.60451889038, -134.834182739, 240.818084717], [-33.4874916077, 639.973632813, 310.268798828, 230.231216431, 153.454971313, -6.02665328979, 24.999124527, -18.9220676422, -81.5071029663, -110.783927917, -35.7399902344, -194.31288147, -160.135528564], [-802.16583252, 310.268798828, 606.653381348, 264.548187256, 197.646316528, 68.1908493042, 22.1129455566, 40.7241210938, -152.313430786, -77.6991348267, -114.500701904, -88.1771240234, -177.051818848], [-33.2223968506, 230.231216431, 264.548187256, 309.362487793, 134.460693359, -31.8429508209, -70.3467330933, 2.44360041618, -145.279174805, -122.321754456, -61.3858108521, -95.3052978516, -84.9227905273], [-733.351135254, 153.454971313, 197.646316528, 134.460693359, 298.483825684, 104.676269531, 58.5317840576, 47.3190460205, 10.1934318542, 60.1628952026, -31.4578819275, -62.1241836548, -97.1568756104], [-714.457824707, -6.02665328979, 68.1908493042, -31.8429508209, 104.676269531, 259.003234863, 204.846618652, 9.03189659119, 69.1491622925, 117.648231506, -9.21916866302, 32.4032402039, -55.9773445129], [-809.60723877, 24.999124527, 22.1129455566, -70.3467330933, 58.5317840576, 204.846618652, 297.694366455, 21.5364017487, 117.040924072, 136.924179077, 0.360481739044, 73.6618881226, -34.2158737183], [-151.647872925, -18.9220676422, 40.7241210938, 2.44360041618, 47.3190460205, 9.03189659119, 21.5364017487, 131.499252319, 54.4028663635, 34.0943031311, -17.4502773285, -19.2137012482, -21.4086017609], [-442.794616699, -81.5071029663, -152.313430786, -145.279174805, 10.1934318542, 69.1491622925, 117.040924072, 54.4028663635, 264.488861084, 180.884918213, 72.6671218872, 48.4578170776, 36.107624054], [-589.13873291, -110.783927917, -77.6991348267, -122.321754456, 60.1628952026, 117.648231506, 136.924179077, 34.0943031311, 180.884918213, 236.695800781, 52.0539665222, 66.6956176758, 13.2934589386], [8.60451889038, -35.7399902344, -114.500701904, -61.3858108521, -31.4578819275, -9.21916866302, 0.360481739044, -17.4502773285, 72.6671218872, 52.0539665222, 110.554718018, 29.5948352814, 38.4058074951], [-134.834182739, -194.31288147, -88.1771240234, -95.3052978516, -62.1241836548, 32.4032402039, 73.6618881226, -19.2137012482, 48.4578170776, 66.6956176758, 29.5948352814, 213.244934082, 86.4721755981], [240.818084717, -160.135528564, -177.051818848, -84.9227905273, -97.1568756104, -55.9773445129, -34.2158737183, -21.4086017609, 36.107624054, 13.2934589386, 38.4058074951, 86.4721755981, 149.136016846]],
        "icov": [[0.0008439666708, -0.00120342324954, 0.00189023115672, -0.000281354790786, 0.0016193393385, -0.000591642514337, 0.00219370657578, -0.00107491842937, 0.00129721162375, -0.000210994621739, 0.000844800670166, -0.000765844946727, 0.000541956804227], [-0.00120342324954, 0.00601749680936, -0.00404584174976, -0.000591400137637, -0.0033024372533, 0.00316793518141, -0.00623326608911, 0.00370417186059, -0.00319604668766, 0.00242019118741, -0.0027883851435, 0.0040503568016, 0.000331594812451], [0.00189023115672, -0.00404584174976, 0.00872259680182, -0.00242318352684, 0.00340833468363, -0.00238526496105, 0.00575061142445, -0.0039398856461, 0.00447923829779, -0.00147006846964, 0.0037442825269, -0.00357844191603, 0.00381505140103], [-0.000281354790786, -0.000591400137637, -0.00242318352684, 0.00876766908914, -0.00384446512908, 0.000880018342286, -0.000130248896312, 0.000230103221838, 0.0011831499869, 0.00250274967402, -0.00056671287166, 0.000368530047126, -0.000813230522908], [0.0016193393385, -0.0033024372533, 0.00340833468363, -0.00384446512908, 0.0106504652649, -0.00388677045703, 0.00583920720965, -0.00364346988499, 0.0025201884564, -0.00418455945328, 0.00231150537729, -0.00130904000252, 0.00191906560212], [-0.000591642514337, 0.00316793518141, -0.00238526496105, 0.000880018342286, -0.00388677045703, 0.0123652182519, -0.00935087259859, 0.00339846475981, -0.000380801444408, -0.000784416915849, -0.000952889793552, 0.00227315421216, 0.00156741729006], [0.00219370657578, -0.00623326608911, 0.00575061142445, -0.000130248896312, 0.00583920720965, -0.00935087259859, 0.0174141284078, -0.00440151290968, 0.00169987173285, -0.00256189773791, 0.00478138681501, -0.00654895370826, 0.00255794962868], [-0.00107491842937, 0.00370417186059, -0.0039398856461, 0.000230103221838, -0.00364346988499, 0.00339846475981, -0.00440151290968, 0.0126339532435, -0.00596178881824, 0.001336677582, 0.00100355560426, 0.00295685674064, 0.000223941431614], [0.00129721162375, -0.00319604668766, 0.00447923829779, 0.0011831499869, 0.0025201884564, -0.000380801444408, 0.00169987173285, -0.00596178881824, 0.0140700042248, -0.00692014535889, -0.00175479985774, -0.000643544655759, -0.000466628262075], [-0.000210994621739, 0.00242019118741, -0.00147006846964, 0.00250274967402, -0.00418455945328, -0.000784416915849, -0.00256189773791, 0.001336677582, -0.00692014535889, 0.0142896957695, -0.00263518281281, -0.000206322190934, 0.000402857898735], [0.000844800670166, -0.0027883851435, 0.0037442825269, -0.00056671287166, 0.00231150537729, -0.000952889793552, 0.00478138681501, 0.00100355560426, -0.00175479985774, -0.00263518281281, 0.0153138274327, -0.00248231715523, 0.000308903719997], [-0.000765844946727, 0.0040503568016, -0.00357844191603, 0.000368530047126, -0.00130904000252, 0.00227315421216, -0.00654895370826, 0.00295685674064, -0.000643544655759, -0.000206322190934, -0.00248231715523, 0.0110053988174, -0.00509800808504], [0.000541956804227, 0.000331594812451, 0.00381505140103, -0.000813230522908, 0.00191906560212, 0.00156741729006, 0.00255794962868, 0.000223941431614, -0.000466628262075, 0.000402857898735, 0.000308903719997, -0.00509800808504, 0.0156632829458]]
    },
    "melbands": {
        "mean": [6.66022629048e-007, 1.78671816684e-005, 3.41832819686e-005, 7.58575770305e-005, 0.000102679463453, 0.000303924025502, 0.000403805926908, 0.000384166400181, 8.51564909681e-005, 2.43195627263e-005, 7.23400517018e-005, 1.62641536008e-005, 0.000121280223539, 8.81275118445e-005, 3.32584495482e-005, 1.84672881005e-005, 0.000187274170457, 4.76685636386e-005, 9.30694150156e-005, 8.7961780082e-005, 4.20443248004e-005, 3.98017291445e-005, 3.91920366383e-005, 9.03407635633e-006, 1.89969723579e-005, 2.73960322374e-005, 6.57172131469e-006, 1.41135330978e-006, 1.36459459554e-006, 1.61591560754e-006, 1.5043934809e-006, 4.23966525886e-007, 1.53672544911e-007, 8.77089405549e-008, 5.26972065984e-008, 6.13550312778e-008, 3.81855258524e-008, 2.94693354164e-008, 2.03251140363e-008, 1.78197687717e-008],
        "var": [6.0097901048e-013, 1.16814957707e-009, 3.72539687987e-009, 4.41326761802e-008, 4.41850005473e-008, 5.88028115089e-007, 8.78625769474e-007, 9.15035172966e-007, 1.76046967226e-007, 7.5769293062e-009, 8.60448281514e-008, 3.38639205566e-009, 9.9540038434e-008, 2.88282500094e-008, 1.80140400374e-008, 3.51936724208e-009, 1.50783861841e-007, 8.06556066379e-009, 3.46830724141e-008, 3.34678418312e-008, 9.90909310161e-009, 6.62491039805e-009, 2.61090238318e-009, 1.47688819507e-010, 1.53802637293e-009, 3.03805292035e-009, 1.61621785399e-010, 4.44522977455e-012, 4.01095432909e-012, 7.71468045696e-012, 8.26177147528e-012, 6.84032962651e-013, 1.34016672e-013, 5.61373186434e-014, 5.04921964157e-014, 5.9505514665e-014, 3.43271248828e-014, 4.36462592956e-014, 2.65088430672e-014, 1.54747752562e-014]
    },
    "mfcc": {
        "mean": [-729.062133789, 120.55406189, -86.7475814819, 13.1992778778, -14.6438360214, -16.0659751892, -23.7141036987, -21.676820755, -8.36588478088, -6.93339776993, -1.85467553139, 5.62822437286, 5.44814395905],
        "cov": [[4697.01513672, -217.034423828, -448.053161621, -9.47494411469, -156.625259399, -710.555847168, -500.544464111, -151.575942993, -694.210754395, -407.396118164, -428.823699951, -519.490112305, -164.652236938], [-217.034423828, 534.098571777, 219.878112793, 216.431884766, 148.721054077, 32.658115387, 103.483665466, 33.6120491028, -64.5144119263, 60.4855918884, 20.8441123962, -66.2653121948, -93.7805709839], [-448.053161621, 219.878112793, 390.240966797, 184.666595459, 95.0366363525, 80.6624221802, 121.499908447, 72.0244522095, -43.0333213806, -0.19655610621, -8.82231712341, -56.2581367493, -67.4665145874], [-9.47494411469, 216.431884766, 184.666595459, 354.866729736, 202.672119141, -47.6915893555, 46.9794845581, 31.7427577972, -103.886550903, -30.6492443085, -68.9783935547, -130.410766602, -68.5332336426], [-156.625259399, 148.721054077, 95.0366363525, 202.672119141, 308.804412842, -35.8326339722, 41.5109558105, 0.958944022655, -61.4672431946, 47.5752105713, -6.5334239006, -99.3981704712, -48.5250701904], [-710.555847168, 32.658115387, 80.6624221802, -47.6915893555, -35.8326339722, 270.85635376, 125.527938843, 38.4405250549, 109.894271851, 48.0079154968, 67.8884353638, 104.285217285, 6.37691545486], [-500.544464111, 103.483665466, 121.499908447, 46.9794845581, 41.5109558105, 125.527938843, 178.92767334, 47.8096122742, 41.9614906311, 43.9281845093, 41.2506332397, 10.2121257782, -32.3712501526], [-151.575942993, 33.6120491028, 72.0244522095, 31.7427577972, 0.958944022655, 38.4405250549, 47.8096122742, 117.789093018, 19.0487537384, -10.0303325653, 1.58755373955, 3.06011486053, 2.25292444229], [-694.210754395, -64.5144119263, -43.0333213806, -103.886550903, -61.4672431946, 109.894271851, 41.9614906311, 19.0487537384, 300.075439453, 84.3628921509, 86.8513946533, 179.921554565, 90.5832824707], [-407.396118164, 60.4855918884, -0.19655610621, -30.6492443085, 47.5752105713, 48.0079154968, 43.9281845093, -10.0303325653, 84.3628921509, 194.014602661, 101.329956055, 52.3529396057, 0.759111642838], [-428.823699951, 20.8441123962, -8.82231712341, -68.9783935547, -6.5334239006, 67.8884353638, 41.2506332397, 1.58755373955, 86.8513946533, 101.329956055, 152.953109741, 96.3280410767, 11.1176223755], [-519.490112305, -66.2653121948, -56.2581367493, -130.410766602, -99.3981704712, 104.285217285, 10.2121257782, 3.06011486053, 179.921554565, 52.3529396057, 96.3280410767, 250.124710083, 93.2389831543], [-164.652236938, -93.7805709839, -67.4665145874, -68.5332336426, -48.5250701904, 6.37691545486, -32.3712501526, 2.25292444229, 90.5832824707, 0.759111642838, 11.1176223755, 93.2389831543, 144.279602051]],
        "icov": [[0.000803706410807, -0.000181943512871, 0.000684256548993, 0.000258362910245, 0.000514727726113, 0.000923513784073, 0.000698127783835, -0.000144585312228, 0.000914178323001, 0.000328545109369, 0.000801359710749, 0.000439552910393, 0.000611325667705], [-0.000181943512871, 0.00323255104013, -0.000982218771242, -0.00149608938955, -0.000121866374684, -0.000122694633319, -0.000721828604583, 4.88758960273e-005, 0.000306814326905, -0.00106694980059, -0.000636643439066, -0.000510365702212, 0.000717136717867], [0.000684256548993, -0.000982218771242, 0.00539071764797, -0.00150596024469, 0.000697568873875, -0.000197974950424, -0.000800371984951, -0.00152808439452, 0.00114794215187, 0.000502838403918, 0.000705312122591, 0.000431910477346, 0.000978677882813], [0.000258362910245, -0.00149608938955, -0.00150596024469, 0.00756355188787, -0.00339115550742, 0.00131470768247, -0.000175559296622, -0.00064712530002, 0.000130549698952, 0.00132826226763, 0.00231558596715, 0.000439845985966, 0.00043135121814], [0.000514727726113, -0.000121866374684, 0.000697568873875, -0.00339115550742, 0.00664119655266, 0.000871083233505, -0.000158321316121, 0.000608044152614, 0.000722441938706, -0.00174784031697, -0.000468078622362, 0.00180102151353, -0.000198524430743], [0.000923513784073, -0.000122694633319, -0.000197974950424, 0.00131470768247, 0.000871083233505, 0.0084542715922, -0.00367469200864, -0.000290337746264, 0.000353008595994, 0.000534622755367, 0.000911021023057, -0.00175359472632, 0.00144404440653], [0.000698127783835, -0.000721828604583, -0.000800371984951, -0.000175559296622, -0.000158321316121, -0.00367469200864, 0.0122888218611, -0.00218083336949, -0.000410098844441, -0.000291039468721, -0.000636807468254, 0.00189032952767, 0.00185673986562], [-0.000144585312228, 4.88758960273e-005, -0.00152808439452, -0.00064712530002, 0.000608044152614, -0.000290337746264, -0.00218083336949, 0.010650456883, -0.0009909379296, 0.00115118862595, -0.000601734267548, 0.000531709869392, -0.00127459899522], [0.000914178323001, 0.000306814326905, 0.00114794215187, 0.000130549698952, 0.000722441938706, 0.000353008595994, -0.000410098844441, -0.0009909379296, 0.00823097117245, -0.00170915073249, 0.00110254762694, -0.00303074507974, -0.00129271997139], [0.000328545109369, -0.00106694980059, 0.000502838403918, 0.00132826226763, -0.00174784031697, 0.000534622755367, -0.000291039468721, 0.00115118862595, -0.00170915073249, 0.00974366813898, -0.00478121312335, 0.0011245746864, 0.000516210857313], [0.000801359710749, -0.000636643439066, 0.000705312122591, 0.00231558596715, -0.000468078622362, 0.000911021023057, -0.000636807468254, -0.000601734267548, 0.00110254762694, -0.00478121312335, 0.014571685344, -0.00395726971328, 0.00236669066362], [0.000439552910393, -0.000510365702212, 0.000431910477346, 0.000439845985966, 0.00180102151353, -0.00175359472632, 0.00189032952767, 0.000531709869392, -0.00303074507974, 0.0011245746864, -0.00395726971328, 0.0111804874614, -0.00334360823035], [0.000611325667705, 0.000717136717867, 0.000978677882813, 0.00043135121814, -0.000198524430743, 0.00144404440653, 0.00185673986562, -0.00127459899522, -0.00129271997139, 0.000516210857313, 0.00236669066362, -0.00334360823035, 0.0118504883721]]
    },
    "spectral_contrast_coeffs": {
        "mean": [-0.630765616894, -0.592994630337, -0.667433261871, -0.632223010063, -0.661198675632, -0.678153514862],
        "var": [0.0208065584302, 0.00678754923865, 0.00419103307649, 0.00320322113112, 0.00283525371924, 0.00279632862657]
    },
    "spectral_contrast_valleys": {
        "mean": [-10.2678794861, -8.32316303253, -8.64959812164, -8.7540512085, -8.87776184082, -12.6238050461],
        "var": [0.676066040993, 1.31006395817, 0.964412212372, 1.24861204624, 1.19258236885, 1.13706099987]
    }
},
"metadata": {
    "audio_properties": {
        "analysis_sample_rate": 44100,
        "bit_rate": 108312,
        "equal_loudness": 0,
        "length": 45.0612258911,
        "lossless": 0,
        "replay_gain": -11.5065593719,
        "sample_rate": 44100,
        "codec": "mp3",
        "downmix": "mix",
        "md5_encoded": "c65538b3b61b791c9f5d03886653d3f2"
    },
    "tags": {
        "file_name": "244.mp3"
    },
    "version": {
        "essentia": "2.1-beta2",
        "essentia_git_sha": "v2.1_beta2",
        "extractor": "music 1.0"
    }
},
"rhythm": {
    "beats_count": 93,
    "beats_loudness": {
        "mean": 0.0152237247676,
        "var": 0.000274962629192
    },
    "bpm": 120.211326599,
    "bpm_histogram_first_peak_bpm": {
        "mean": 120,
        "var": 0
    },
    "bpm_histogram_first_peak_spread": {
        "mean": 0.400000035763,
        "var": 0
    },
    "bpm_histogram_first_peak_weight": {
        "mean": 0.293478250504,
        "var": 0
    },
    "bpm_histogram_second_peak_bpm": {
        "mean": 152,
        "var": 0
    },
    "bpm_histogram_second_peak_spread": {
        "mean": 0.411764681339,
        "var": 0
    },
    "bpm_histogram_second_peak_weight": {
        "mean": 0.108695648611,
        "var": 0
    },
    "danceability": 0.868795514107,
    "onset_rate": 1.26437556744,
    "beats_loudness_band_ratio": {
        "mean": [0.0235777385533, 0.157352760434, 0.254441529512, 0.327509015799, 0.264891952276, 0.0562270432711],
        "var": [0.00118471926544, 0.0192866828293, 0.0246945880353, 0.0545085221529, 0.0176234263927, 0.00337962852791]
    },
    "beats_position": [0.394739210606, 0.801088392735, 1.20743763447, 1.60217678547, 2.00852608681, 2.41487526894, 2.80961441994, 3.21596360207, 3.62231278419, 4.01705217361, 4.43501138687, 4.841360569, 5.23609972, 5.630838871, 6.01396799088, 6.40870714188, 6.79183673859, 7.17496585846, 7.56970500946, 7.96444416046, 8.35918331146, 8.75392246246, 9.26476192474, 9.77560043335, 10.2864398956, 10.7972784042, 11.3081178665, 11.8305664063, 12.3297958374, 12.8290243149, 13.328253746, 13.8390922546, 14.3383216858, 14.8259410858, 15.3251695633, 15.8127889633, 16.3120174408, 16.7996368408, 17.2756462097, 17.7632656097, 18.2624931335, 18.7617225647, 19.2609519958, 19.760181427, 20.2594108582, 20.758638382, 21.246257782, 21.733877182, 22.221496582, 22.7207260132, 23.219953537, 23.7191829681, 24.2068023682, 24.7060317993, 25.2052612305, 25.7044887543, 26.2153282166, 26.7726078033, 27.3298854828, 27.8871650696, 28.5141029358, 29.1410427094, 29.7447605133, 30.3484802246, 30.9521980286, 31.474647522, 31.9970970154, 32.5195465088, 32.9839439392, 33.4483451843, 33.9243545532, 34.3887519836, 34.8531494141, 35.3059387207, 35.7587280273, 36.2231292725, 36.6875267029, 37.1403160095, 37.5698852539, 38.0110664368, 38.4522438049, 38.9398651123, 39.4390907288, 39.9383201599, 40.4491615295, 40.9599990845, 41.4592285156, 41.9584579468, 42.4576873779, 42.9569168091, 43.4561424255, 43.9553718567, 44.4546012878]
},
"tonal": {
    "chords_changes_rate": 0.0246913582087,
    "chords_number_rate": 0.00617283955216,
    "chords_strength": {
        "mean": 0.574448466301,
        "var": 0.00533629162237
    },
    "hpcp_entropy": {
        "mean": 1.28367459774,
        "var": 0.502317845821
    },
    "key_strength": 0.844903051853,
    "tuning_diatonic_strength": 0.646005153656,
    "tuning_equal_tempered_deviation": 0.0312167685479,
    "tuning_frequency": 441.527557373,
    "tuning_nontempered_energy_ratio": 0.6208512187,
    "hpcp": {
        "mean": [0.066038608551, 0.0653668045998, 0.0858754813671, 0.0837782770395, 0.0942549705505, 0.235972553492, 0.25551122427, 0.142661049962, 0.332010567188, 0.494214296341, 0.261078387499, 0.0513983666897, 0.0236171521246, 0.0237616449594, 0.103053353727, 0.153615280986, 0.0805215016007, 0.033619441092, 0.0347988717258, 0.0501573495567, 0.129267990589, 0.143997967243, 0.0908696055412, 0.0725889727473, 0.0376946032047, 0.0152865983546, 0.0224539749324, 0.0299191046506, 0.0434896461666, 0.367216050625, 0.638266980648, 0.340659439564, 0.0655253976583, 0.0465805828571, 0.0539634823799, 0.0674979016185],
        "var": [0.0206132922322, 0.015824040398, 0.0334117561579, 0.0402806848288, 0.0260689500719, 0.0746428370476, 0.0846517011523, 0.0491219609976, 0.0815240964293, 0.140225976706, 0.056777998805, 0.0171092152596, 0.00539110973477, 0.00458996649832, 0.0173541009426, 0.0318355895579, 0.0106760282069, 0.00930097233504, 0.00782849639654, 0.0107005545869, 0.0352881960571, 0.0469769835472, 0.0239862687886, 0.0113510349765, 0.00367187452503, 0.00173703592736, 0.00493050133809, 0.00987190194428, 0.0115781566128, 0.052161436528, 0.123228751123, 0.0467503219843, 0.0248633436859, 0.010206126608, 0.0114791588858, 0.0169056244195]
    },
    "chords_histogram": [74.7942352295, 4.01234579086, 6.37860059738, 0, 0, 0, 0, 0, 0, 0, 0, 1.44032919407, 0, 0, 0, 0, 0, 5.65843629837, 0, 7.71604919434, 0, 0, 0, 0],
    "thpcp": [1, 0.533725619316, 0.102661423385, 0.0729797780514, 0.0845468789339, 0.105751827359, 0.103465497494, 0.102412953973, 0.134544759989, 0.13125897944, 0.147673264146, 0.369708240032, 0.400320291519, 0.223513126373, 0.520175039768, 0.774306535721, 0.409042596817, 0.0805280059576, 0.0370019972324, 0.0372283793986, 0.161458075047, 0.240675583482, 0.126156464219, 0.0526730082929, 0.0545208714902, 0.078583650291, 0.202529653907, 0.225607737899, 0.142369270325, 0.113728225231, 0.0590577349067, 0.023950163275, 0.0351795963943, 0.0468755327165, 0.0681370794773, 0.575332999229],
    "chords_key": "C",
    "chords_scale": "major",
    "key_key": "C",
    "key_scale": "major"
}
}