{
"lowlevel": {
    "average_loudness": 0.789468586445,
    "barkbands_crest": {
        "mean": 14.1960334778,
        "var": 25.0849514008
    },
    "barkbands_flatness_db": {
        "mean": 0.257302135229,
        "var": 0.00352130457759
    },
    "barkbands_kurtosis": {
        "mean": 23.3286933899,
        "var": 1302.58789063
    },
    "barkbands_skewness": {
        "mean": 3.23247766495,
        "var": 3.74467611313
    },
    "barkbands_spread": {
        "mean": 6.19754600525,
        "var": 17.5430736542
    },
    "dissonance": {
        "mean": 0.432612895966,
        "var": 0.00121983676217
    },
    "dynamic_complexity": 2.44665551186,
    "erbbands_crest": {
        "mean": 9.91973876953,
        "var": 12.8425264359
    },
    "erbbands_flatness_db": {
        "mean": 0.201084733009,
        "var": 0.0007312373491
    },
    "erbbands_kurtosis": {
        "mean": 2.66318130493,
        "var": 19.0287036896
    },
    "erbbands_skewness": {
        "mean": 1.18008077145,
        "var": 0.847372293472
    },
    "erbbands_spread": {
        "mean": 28.4864063263,
        "var": 95.8622360229
    },
    "hfc": {
        "mean": 10.8060884476,
        "var": 52.0937385559
    },
    "melbands_crest": {
        "mean": 19.5545005798,
        "var": 32.66588974
    },
    "melbands_flatness_db": {
        "mean": 0.354160010815,
        "var": 0.00499974703416
    },
    "melbands_kurtosis": {
        "mean": 34.423500061,
        "var": 1583.04431152
    },
    "melbands_skewness": {
        "mean": 3.79079055786,
        "var": 3.11487102509
    },
    "melbands_spread": {
        "mean": 6.24000263214,
        "var": 46.7921409607
    },
    "pitch_salience": {
        "mean": 0.438476324081,
        "var": 0.0200936757028
    },
    "silence_rate_20dB": {
        "mean": 1,
        "var": 0
    },
    "silence_rate_30dB": {
        "mean": 0.880535542965,
        "var": 0.105192773044
    },
    "silence_rate_60dB": {
        "mean": 0.00205973233096,
        "var": 0.00205553858541
    },
    "spectral_centroid": {
        "mean": 445.494232178,
        "var": 203644.265625
    },
    "spectral_complexity": {
        "mean": 10.5674562454,
        "var": 9.45553874969
    },
    "spectral_decrease": {
        "mean": -1.3048648384e-008,
        "var": 1.21325068602e-016
    },
    "spectral_energy": {
        "mean": 0.0502287223935,
        "var": 0.00177484482992
    },
    "spectral_energyband_high": {
        "mean": 8.22316433187e-005,
        "var": 2.53597831623e-009
    },
    "spectral_energyband_low": {
        "mean": 0.0361358895898,
        "var": 0.00151067960542
    },
    "spectral_energyband_middle_high": {
        "mean": 0.00160593993496,
        "var": 3.7495478864e-006
    },
    "spectral_energyband_middle_low": {
        "mean": 0.0138671630993,
        "var": 0.000111628403829
    },
    "spectral_entropy": {
        "mean": 6.56699752808,
        "var": 0.17253215611
    },
    "spectral_flux": {
        "mean": 0.0805032476783,
        "var": 0.000839225831442
    },
    "spectral_kurtosis": {
        "mean": 8.37975692749,
        "var": 19.99650383
    },
    "spectral_rms": {
        "mean": 0.00645795324817,
        "var": 7.29839075575e-006
    },
    "spectral_rolloff": {
        "mean": 419.198516846,
        "var": 715784.25
    },
    "spectral_skewness": {
        "mean": 2.23654985428,
        "var": 0.286667555571
    },
    "spectral_spread": {
        "mean": 3449253,
        "var": 2.5648341975e+012
    },
    "spectral_strongpeak": {
        "mean": 0.78621250391,
        "var": 0.273539453745
    },
    "zerocrossingrate": {
        "mean": 0.0190112888813,
        "var": 0.000547129136976
    },
    "barkbands": {
        "mean": [1.00152083178e-005, 0.00441650254652, 0.0303167253733, 0.00304869236425, 0.00451843393967, 0.00267516868189, 0.00236655306071, 0.000402366335038, 0.000723873556126, 0.000260381639237, 0.000189582482562, 0.000451855943538, 0.000312205491355, 0.000194283042219, 0.00011596717377, 4.6829758503e-005, 3.70072484657e-005, 2.79838386632e-005, 2.52046502283e-005, 1.94995136553e-005, 4.39729556092e-005, 1.92247734958e-005, 3.52624670086e-006, 1.12930774776e-006, 1.11782935619e-006, 6.54604264128e-007, 4.15721927993e-008],
        "var": [8.64372518006e-010, 2.04038624361e-005, 0.00123150984291, 1.46758648043e-005, 2.93406865239e-005, 7.65194090491e-006, 7.82766255725e-006, 2.15040722651e-006, 3.85804742109e-006, 2.55580602015e-007, 3.51132456444e-007, 6.22829929853e-007, 2.56527073361e-007, 4.15062714865e-007, 5.7009536647e-008, 8.54846859966e-009, 1.81791524057e-008, 5.2053938937e-009, 2.31619057267e-009, 3.47598450023e-010, 1.54867185742e-009, 2.21376070253e-010, 1.45856417222e-011, 4.66076667278e-013, 3.45732177696e-013, 1.98529560846e-013, 2.00334049344e-015]
    },
    "erbbands": {
        "mean": [0.037502117455, 1.90383243561, 27.6715145111, 23.3427429199, 14.9772863388, 13.4004383087, 19.2775020599, 21.6840438843, 36.2438812256, 19.5927314758, 10.1563129425, 17.9857673645, 11.1364841461, 5.8151307106, 13.3162574768, 16.8737621307, 15.7497987747, 9.74576282501, 6.25696849823, 5.55467319489, 2.79605722427, 2.06123900414, 1.53798794746, 1.47379553318, 0.9884070158, 0.881910264492, 1.80606555939, 1.53878903389, 0.887965202332, 0.238890469074, 0.0742016732693, 0.0268479064107, 0.0184185244143, 0.0094386190176, 0.00932045839727, 0.00347067369148, 0.00121367222164, 0.00022166215058, 2.81963602902e-005, 5.52673554921e-005],
        "var": [0.00107319070958, 3.55689048767, 1024.43432617, 568.324279785, 538.887939453, 324.783721924, 672.699584961, 618.849243164, 1922.28930664, 609.158691406, 1613.21691895, 3232.7590332, 404.95602417, 95.3627090454, 1442.88757324, 747.610107422, 494.445861816, 608.676513672, 259.201843262, 166.878433228, 28.8518829346, 44.4285392761, 17.8402824402, 10.2775726318, 2.81532454491, 0.727594077587, 4.18961429596, 1.01761639118, 0.633974134922, 0.0245324205607, 0.0048383497633, 0.000456200679764, 0.000100309312984, 3.37087258231e-005, 2.9278015063e-005, 6.36167078483e-006, 7.4047926546e-007, 1.35588980044e-008, 4.05526640046e-010, 2.0998645045e-009]
    },
    "gfcc": {
        "mean": [-55.8387107849, 153.439086914, -84.6374969482, 33.7605285645, -55.0827026367, 2.07390856743, -19.8908481598, -17.640745163, -22.7637348175, 10.6123542786, -20.9165344238, -7.00832653046, -14.2216644287],
        "cov": [[3468.12304688, 500.187530518, -788.617980957, -43.4162635803, 187.484268188, -11.9314374924, -144.50958252, -8.30431461334, -62.8032722473, -59.7357940674, 19.2875156403, 36.328918457, 7.92211484909], [500.187530518, 227.180160522, 11.1560506821, -47.1904792786, 16.0610160828, -13.6868963242, 25.7934360504, -28.9913673401, 12.0842943192, -12.6615829468, 17.2540206909, -32.0856590271, 2.62017917633], [-788.617980957, 11.1560506821, 802.238830566, 192.50428772, -116.485443115, 18.5510845184, 136.129211426, -50.3768463135, 67.6062850952, 16.0617866516, -58.6675872803, -120.28352356, -29.2755851746], [-43.4162635803, -47.1904792786, 192.50428772, 180.335037231, 38.7191886902, -6.70069599152, 4.63210344315, -3.96585965157, 18.9859790802, -8.21413612366, -26.761472702, -30.0678443909, 2.72402143478], [187.484268188, 16.0610160828, -116.485443115, 38.7191886902, 200.030654907, 15.0146389008, -35.8006439209, -1.4305729866, 14.8122558594, -24.3247509003, 15.2260551453, 0.246858805418, 15.9530582428], [-11.9314374924, -13.6868963242, 18.5510845184, -6.70069599152, 15.0146389008, 80.3056945801, 29.0584945679, -11.4257516861, 4.21362829208, 13.6248884201, -0.863490879536, -5.88926458359, -8.1677646637], [-144.50958252, 25.7934360504, 136.129211426, 4.63210344315, -35.8006439209, 29.0584945679, 107.988288879, 20.3557777405, 6.63213634491, -9.265376091, -5.03257465363, -25.8260421753, -8.01542472839], [-8.30431461334, -28.9913673401, -50.3768463135, -3.96585965157, -1.4305729866, -11.4257516861, 20.3557777405, 83.9224014282, 22.5891056061, -19.4959144592, -11.9715480804, 10.1995677948, 2.14283752441], [-62.8032722473, 12.0842943192, 67.6062850952, 18.9859790802, 14.8122558594, 4.21362829208, 6.63213634491, 22.5891056061, 72.283996582, 17.0822944641, -16.0150547028, -25.6446743011, -9.04202365875], [-59.7357940674, -12.6615829468, 16.0617866516, -8.21413612366, -24.3247509003, 13.6248884201, -9.265376091, -19.4959144592, 17.0822944641, 81.0657653809, 16.8207073212, -12.7159280777, -14.2104158401], [19.2875156403, 17.2540206909, -58.6675872803, -26.761472702, 15.2260551453, -0.863490879536, -5.03257465363, -11.9715480804, -16.0150547028, 16.8207073212, 64.2622146606, 22.0513820648, -8.29569149017], [36.328918457, -32.0856590271, -120.28352356, -30.0678443909, 0.246858805418, -5.88926458359, -25.8260421753, 10.1995677948, -25.6446743011, -12.7159280777, 22.0513820648, 77.9244232178, 13.7715587616], [7.92211484909, 2.62017917633, -29.2755851746, 2.72402143478, 15.9530582428, -8.1677646637, -8.01542472839, 2.14283752441, -9.04202365875, -14.2104158401, -8.29569149017, 13.7715587616, 53.5236701965]],
        "icov": [[0.00167164125014, -0.0058488775976, 0.0025040358305, -0.00430952524766, 0.00116703624371, -0.00270619569346, 0.00200671656057, -0.00178582174703, 0.00218988023698, -0.000711341097485, 0.0022896793671, -0.000682772370055, 0.00195069552865], [-0.0058488775976, 0.0278228800744, -0.00801016390324, 0.0174485035241, -0.00453341053799, 0.0127417882904, -0.0107627939433, 0.0118581326678, -0.0120394257829, 0.00575371459126, -0.0107380691916, 0.00588115863502, -0.00824033655226], [0.0025040358305, -0.00801016390324, 0.00829052645713, -0.0105466600507, 0.00478955125436, -0.00312358909287, -0.00209140544757, 0.00300820032135, -0.0017439131625, 0.000704854552168, 0.00318426452577, 0.00105686229654, 0.00286917225458], [-0.00430952524766, 0.0174485035241, -0.0105466600507, 0.0228171292692, -0.00803436711431, 0.00918715726584, -0.0029876139015, 0.00264901318587, -0.00322012556717, 0.00118173623923, -0.00379766640253, 0.00224533840083, -0.00529958680272], [0.00116703624371, -0.00453341053799, 0.00478955125436, -0.00803436711431, 0.0110781695694, -0.0061142295599, 0.00325238681398, 0.00111566006672, -0.0044126897119, 0.00541101349518, -0.00415179366246, 0.00318536907434, -0.00148667732719], [-0.00270619569346, 0.0127417882904, -0.00312358909287, 0.00918715726584, -0.0061142295599, 0.0238865222782, -0.0137175405398, 0.0104141607881, -0.00591560034081, -0.0025448477827, 0.000533641781658, -0.00124719343148, -0.000674376962706], [0.00200671656057, -0.0107627939433, -0.00209140544757, -0.0029876139015, 0.00325238681398, -0.0137175405398, 0.0253899674863, -0.0158686302602, 0.00972301140428, 0.0013585294364, -0.00166827137582, 0.00332476920448, 0.00150207499973], [-0.00178582174703, 0.0118581326678, 0.00300820032135, 0.00264901318587, 0.00111566006672, 0.0104141607881, -0.0158686302602, 0.0298653058708, -0.0184995848686, 0.00774886738509, -0.00111346226186, -0.00114743818995, -0.00206626649015], [0.00218988023698, -0.0120394257829, -0.0017439131625, -0.00322012556717, -0.0044126897119, -0.00591560034081, 0.00972301140428, -0.0184995848686, 0.0320437066257, -0.0116115594283, 0.0096418634057, 0.000184344040463, 0.00586191099137], [-0.000711341097485, 0.00575371459126, 0.000704854552168, 0.00118173623923, 0.00541101349518, -0.0025448477827, 0.0013585294364, 0.00774886738509, -0.0116115594283, 0.0223285220563, -0.0111937029287, 0.0067185102962, -0.00145591807086], [0.0022896793671, -0.0107380691916, 0.00318426452577, -0.00379766640253, -0.00415179366246, 0.000533641781658, -0.00166827137582, -0.00111346226186, 0.0096418634057, -0.0111937029287, 0.0301499459893, -0.011250063777, 0.00945991836488], [-0.000682772370055, 0.00588115863502, 0.00105686229654, 0.00224533840083, 0.00318536907434, -0.00124719343148, 0.00332476920448, -0.00114743818995, 0.000184344040463, 0.0067185102962, -0.011250063777, 0.0247271265835, -0.00660997629166], [0.00195069552865, -0.00824033655226, 0.00286917225458, -0.00529958680272, -0.00148667732719, -0.000674376962706, 0.00150207499973, -0.00206626649015, 0.00586191099137, -0.00145591807086, 0.00945991836488, -0.00660997629166, 0.0250555928797]]
    },
    "melbands": {
        "mean": [0.000708602368832, 0.010437511839, 0.00416099792346, 0.00101570156403, 0.000623913249001, 0.000497105414979, 0.000552422832698, 0.000180069851922, 8.46457478474e-005, 0.000113326597784, 5.19551686011e-005, 2.21850314119e-005, 3.36891607731e-005, 5.22472728335e-005, 4.16417387896e-005, 2.61523055087e-005, 1.85680510185e-005, 1.06706293082e-005, 9.70880137174e-006, 4.05288074035e-006, 3.35859090228e-006, 2.23336769523e-006, 1.71942258476e-006, 1.09734196485e-006, 1.22956782889e-006, 8.61586215706e-007, 5.2481613011e-007, 5.77186142436e-007, 1.06484901607e-006, 1.08509584607e-006, 8.23360551294e-007, 5.57521843803e-007, 2.17457809981e-007, 1.09464259879e-007, 4.37062510628e-008, 2.23763176876e-008, 1.31400463843e-008, 1.36466073997e-008, 9.33907617906e-009, 7.34646921074e-009],
        "var": [4.72267458917e-007, 0.000136284710607, 1.6405056158e-005, 2.08459982787e-006, 5.72344902139e-007, 2.94143973179e-007, 3.98592277406e-007, 5.60659110249e-008, 1.01646477901e-007, 1.27479154344e-007, 9.47599332335e-009, 1.61057300829e-009, 9.431632364e-009, 1.02682422565e-008, 6.20251316974e-009, 1.80032477815e-009, 3.24736948443e-009, 1.53082047039e-009, 5.1573678661e-010, 7.55999290947e-011, 5.45348731451e-011, 5.28711761871e-011, 4.54018142526e-011, 7.76757130838e-012, 7.9283168572e-012, 2.59452507222e-012, 5.83788117674e-013, 3.43707782504e-013, 1.417334132e-012, 1.35303443796e-012, 2.63872230273e-013, 2.96746080399e-013, 2.82496499338e-014, 1.53469986421e-014, 2.1926754388e-015, 7.74169108489e-016, 8.07628643676e-017, 5.93813771162e-017, 3.75512436441e-017, 2.95536942138e-017]
    },
    "mfcc": {
        "mean": [-711.918884277, 182.955200195, 24.6845836639, 44.8038864136, -14.0402364731, 25.9101161957, -1.95530641079, -11.1245231628, 2.9179251194, -6.3028459549, 3.93610596657, 3.60909748077, -3.47257399559],
        "cov": [[1751.59594727, 301.727050781, -848.862243652, -80.0772171021, 205.895233154, -52.1040420532, 5.53347921371, 52.6823158264, -93.3537597656, -69.3173522949, -75.4287643433, -43.692325592, 60.7145042419], [301.727050781, 296.928924561, 2.37637782097, -28.6461429596, -21.0912265778, 15.5065612793, 12.8853282928, -9.60966110229, 2.01067662239, -6.36540699005, 17.3568077087, 18.7161865234, 10.8701286316], [-848.862243652, 2.37637782097, 784.513061523, 151.093765259, -105.492706299, 89.6572952271, 15.0761175156, -26.8966197968, 98.5166702271, 70.3140258789, 64.8711013794, 35.7121086121, -76.0402908325], [-80.0772171021, -28.6461429596, 151.093765259, 175.501434326, 60.0204849243, 22.0563697815, 0.179524376988, 5.95034122467, 26.5489463806, 14.1852388382, 10.2970380783, -7.11407470703, -26.0473861694], [205.895233154, -21.0912265778, -105.492706299, 60.0204849243, 161.936035156, 27.2696857452, -16.4632034302, 3.83594155312, 3.55498099327, -2.95983242989, -8.56455993652, -6.25249099731, -4.86246490479], [-52.1040420532, 15.5065612793, 89.6572952271, 22.0563697815, 27.2696857452, 98.6906814575, 16.0333538055, -17.6499061584, 8.42535591125, 9.72932434082, 12.433016777, 2.28845477104, -10.8969688416], [5.53347921371, 12.8853282928, 15.0761175156, 0.179524376988, -16.4632034302, 16.0333538055, 80.85496521, 12.9095878601, -3.69327354431, 2.84934878349, -10.1515636444, 0.229195088148, 3.21955323219], [52.6823158264, -9.60966110229, -26.8966197968, 5.95034122467, 3.83594155312, -17.6499061584, 12.9095878601, 103.206581116, 17.2466201782, 0.172394707799, -10.6122159958, -11.6367321014, 1.27723014355], [-93.3537597656, 2.01067662239, 98.5166702271, 26.5489463806, 3.55498099327, 8.42535591125, -3.69327354431, 17.2466201782, 92.6346588135, 36.8940391541, 2.15492486954, 0.00428838469088, -20.1723747253], [-69.3173522949, -6.36540699005, 70.3140258789, 14.1852388382, -2.95983242989, 9.72932434082, 2.84934878349, 0.172394707799, 36.8940391541, 84.8926239014, 25.5797386169, -6.11303472519, -22.931344986], [-75.4287643433, 17.3568077087, 64.8711013794, 10.2970380783, -8.56455993652, 12.433016777, -10.1515636444, -10.6122159958, 2.15492486954, 25.5797386169, 83.0807342529, 24.596036911, -18.479473114], [-43.692325592, 18.7161865234, 35.7121086121, -7.11407470703, -6.25249099731, 2.28845477104, 0.229195088148, -11.6367321014, 0.00428838469088, -6.11303472519, 24.596036911, 85.2196655273, 14.5189981461], [60.7145042419, 10.8701286316, -76.0402908325, -26.0473861694, -4.86246490479, -10.8969688416, 3.21955323219, 1.27723014355, -20.1723747253, -22.931344986, -18.479473114, 14.5189981461, 83.0380020142]],
        "icov": [[0.00264785485342, -0.00304355891421, 0.00294642872177, -0.0013091515284, -0.00124737387523, -0.00030524272006, -0.000159731513122, -0.00077996449545, 0.000612310890574, -0.00064749509329, 0.00107978645246, -1.33432704388e-005, 0.000867535010912], [-0.00304355891421, 0.00711995642632, -0.00324436416849, 0.00195490382612, 0.00182819471229, -0.000325669563608, -0.000416247203248, 0.00117428821977, -0.00142436649185, 0.00141567573883, -0.00224264385179, -0.0003092471743, -0.00140213314444], [0.00294642872177, -0.00324436416849, 0.00657651433721, -0.00476156035438, 0.00254030618817, -0.00326048419811, 0.000330524751917, -0.000383834616514, -0.0013451956911, -0.00120359787252, 0.000896080164239, -0.00144746783189, 0.00230638240464], [-0.0013091515284, 0.00195490382612, -0.00476156035438, 0.011231306009, -0.00590694788843, 0.00261671701446, -0.00127698830329, -0.000130298634758, -8.57382910908e-005, 0.00117822096217, -0.00146406586282, 0.00189640710596, -0.000439805677161], [-0.00124737387523, 0.00182819471229, 0.00254030618817, -0.00590694788843, 0.0131758628413, -0.00582401407883, 0.003141279798, 9.82417113846e-005, -0.00186958676204, -0.000261010281974, 0.000769931939431, -0.00188257184345, 0.00100426061545], [-0.00030524272006, -0.000325669563608, -0.00326048419811, 0.00261671701446, -0.00582401407883, 0.0151515956968, -0.00411653937772, 0.00239466293715, 0.000343898194842, 0.000554516736884, -0.00186457345262, 0.00168412423227, -0.00060176756233], [-0.000159731513122, -0.000416247203248, 0.000330524751917, -0.00127698830329, 0.003141279798, -0.00411653937772, 0.0148327760398, -0.00261751329526, 0.00194777175784, -0.00204763328657, 0.00326526793651, -0.00139149883762, 5.99518789386e-005], [-0.00077996449545, 0.00117428821977, -0.000383834616514, -0.000130298634758, 9.82417113846e-005, 0.00239466293715, -0.00261751329526, 0.0115065565333, -0.00343839707784, 0.00121368234977, -0.000674904498737, 0.00140215200372, -0.000626777647994], [0.000612310890574, -0.00142436649185, -0.0013451956911, -8.57382910908e-005, -0.00186958676204, 0.000343898194842, 0.00194777175784, -0.00343839707784, 0.0165784750134, -0.00664825877175, 0.00384500063956, -0.00130969146267, 0.00166917033494], [-0.00064749509329, 0.00141567573883, -0.00120359787252, 0.00117822096217, -0.000261010281974, 0.000554516736884, -0.00204763328657, 0.00121368234977, -0.00664825877175, 0.0173601191491, -0.0061218040064, 0.00294329412282, 0.0009757631924], [0.00107978645246, -0.00224264385179, 0.000896080164239, -0.00146406586282, 0.000769931939431, -0.00186457345262, 0.00326526793651, -0.000674904498737, 0.00384500063956, -0.0061218040064, 0.0179575737566, -0.00571362953633, 0.00378840276971], [-1.33432704388e-005, -0.0003092471743, -0.00144746783189, 0.00189640710596, -0.00188257184345, 0.00168412423227, -0.00139149883762, 0.00140215200372, -0.00130969146267, 0.00294329412282, -0.00571362953633, 0.0151063529775, -0.00395542476326], [0.000867535010912, -0.00140213314444, 0.00230638240464, -0.000439805677161, 0.00100426061545, -0.00060176756233, 5.99518789386e-005, -0.000626777647994, 0.00166917033494, 0.0009757631924, 0.00378840276971, -0.00395542476326, 0.0157627593726]]
    },
    "spectral_contrast_coeffs": {
        "mean": [-0.566265523434, -0.714540421963, -0.737428605556, -0.744922757149, -0.803422033787, -0.682393372059],
        "var": [0.00589019712061, 0.0046126046218, 0.00412265304476, 0.00390634080395, 0.00166533212177, 0.000754513370339]
    },
    "spectral_contrast_valleys": {
        "mean": [-6.90895652771, -6.5140042305, -8.08940792084, -8.76498317719, -8.81404399872, -11.9489126205],
        "var": [1.00814938545, 0.958493590355, 0.969509065151, 0.829890012741, 0.727116465569, 0.475906819105]
    }
},
"metadata": {
    "audio_properties": {
        "analysis_sample_rate": 44100,
        "bit_rate": 107202,
        "equal_loudness": 0,
        "length": 45.0612258911,
        "lossless": 0,
        "replay_gain": -5.74251556396,
        "sample_rate": 44100,
        "codec": "mp3",
        "downmix": "mix",
        "md5_encoded": "db952e5c90d0a3e331ccac0eeefd60a4"
    },
    "tags": {
        "file_name": "246.mp3"
    },
    "version": {
        "essentia": "2.1-beta2",
        "essentia_git_sha": "v2.1_beta2",
        "extractor": "music 1.0"
    }
},
"rhythm": {
    "beats_count": 84,
    "beats_loudness": {
        "mean": 0.0536368750036,
        "var": 0.00193694781046
    },
    "bpm": 122.378868103,
    "bpm_histogram_first_peak_bpm": {
        "mean": 123,
        "var": 0
    },
    "bpm_histogram_first_peak_spread": {
        "mean": 0.428571492434,
        "var": 0
    },
    "bpm_histogram_first_peak_weight": {
        "mean": 0.144578307867,
        "var": 0
    },
    "bpm_histogram_second_peak_bpm": {
        "mean": 133,
        "var": 0
    },
    "bpm_histogram_second_peak_spread": {
        "mean": 0.272727310658,
        "var": 0
    },
    "bpm_histogram_second_peak_weight": {
        "mean": 0.096385538578,
        "var": 0
    },
    "danceability": 0.840817987919,
    "onset_rate": 1.57492399216,
    "beats_loudness_band_ratio": {
        "mean": [0.687265098095, 0.181962773204, 0.117435969412, 0.043548244983, 0.00902197603136, 0.00382822891697],
        "var": [0.0439866892993, 0.0163913331926, 0.00948463566601, 0.0030294242315, 0.000148247389006, 1.21913535622e-005]
    },
    "beats_position": [0.46439909935, 0.952018141747, 1.43963718414, 1.92725622654, 2.42648530006, 2.91410422325, 3.41333317757, 3.90095233917, 4.38857126236, 4.87619018555, 5.36380958557, 5.83981847763, 6.33904743195, 6.82666635513, 7.31428575516, 7.8251247406, 8.33596324921, 8.84680271149, 9.34603118896, 9.84526062012, 10.3328800201, 10.8321084976, 11.3197278976, 11.8189563751, 12.3762359619, 12.933514595, 13.5024032593, 14.0712919235, 14.6169614792, 15.1626300812, 15.7199087143, 16.2771873474, 16.8809070587, 17.4962348938, 18.1463947296, 18.7965526581, 19.3422222137, 19.8994998932, 20.45677948, 20.9211788177, 21.3855781555, 21.8383674622, 22.2911567688, 22.7671642303, 23.219953537, 23.6727428436, 24.102312088, 24.5318813324, 24.984670639, 25.4142398834, 25.8554191589, 26.2849884033, 26.7029476166, 27.132516861, 27.5620861053, 27.9916553497, 28.4444446564, 28.897233963, 29.3500213623, 29.9305210114, 30.5226306915, 31.1147384644, 31.7648983002, 32.391834259, 33.0187759399, 33.6457138062, 34.2610435486, 34.8763694763, 35.5033111572, 36.1070289612, 36.7107467651, 37.3841247559, 38.0575065613, 38.6844444275, 39.3229942322, 39.9731521606, 40.5536499023, 41.134147644, 41.703037262, 42.2719268799, 42.8408164978, 43.4097061157, 43.9785919189, 44.5358734131]
},
"tonal": {
    "chords_changes_rate": 0.0771604925394,
    "chords_number_rate": 0.0113168722019,
    "chords_strength": {
        "mean": 0.512428939342,
        "var": 0.00480548851192
    },
    "hpcp_entropy": {
        "mean": 2.04972696304,
        "var": 0.327175229788
    },
    "key_strength": 0.670226931572,
    "tuning_diatonic_strength": 0.693243682384,
    "tuning_equal_tempered_deviation": 0.178561761975,
    "tuning_frequency": 441.527557373,
    "tuning_nontempered_energy_ratio": 0.778573870659,
    "hpcp": {
        "mean": [0.0726897865534, 0.144282117486, 0.437276929617, 0.644822478294, 0.409893602133, 0.166425913572, 0.110211730003, 0.0635634586215, 0.0323720425367, 0.0368320718408, 0.0405605658889, 0.0236941445619, 0.0144510054961, 0.0250434018672, 0.0653805583715, 0.0753539055586, 0.0424639135599, 0.0280301310122, 0.0225231610239, 0.0175607725978, 0.0159262437373, 0.0172126572579, 0.0381956212223, 0.125984057784, 0.25043296814, 0.249024987221, 0.162258341908, 0.10307366401, 0.0603134557605, 0.0414805933833, 0.0356062613428, 0.0413680486381, 0.0430726408958, 0.0363390296698, 0.0403398238122, 0.0538775809109],
        "var": [0.023056043312, 0.045753531158, 0.0997192338109, 0.170638456941, 0.0966783985496, 0.0849705263972, 0.0616234056652, 0.0340011306107, 0.0104642054066, 0.00916151329875, 0.0095873689279, 0.00373555230908, 0.00165518559515, 0.00439908495173, 0.0156604144722, 0.0181863568723, 0.00765847088769, 0.00359662831761, 0.00236868718639, 0.00238059298135, 0.0017901181709, 0.00288610276766, 0.00639668060467, 0.028004931286, 0.0960220992565, 0.0928932800889, 0.0611353255808, 0.0446504503489, 0.0189135968685, 0.0088057583198, 0.00721427612007, 0.0115138767287, 0.0153298443183, 0.00948543939739, 0.0128486771137, 0.0183344259858]
    },
    "chords_histogram": [18.7242794037, 1.33744859695, 28.8065853119, 0, 1.02880656719, 0, 0, 8.53909492493, 1.02880656719, 19.1358032227, 3.70370364189, 7.09876537323, 8.02469158173, 0, 0, 0, 0, 1.02880656719, 0.617283940315, 0.720164597034, 0, 0, 0.205761313438, 0],
    "thpcp": [1, 0.635668933392, 0.25809571147, 0.17091794312, 0.098575130105, 0.0502030290663, 0.0571197085083, 0.0629019141197, 0.0367452204227, 0.0224108286202, 0.0388376675546, 0.10139311105, 0.116859920323, 0.0658536478877, 0.0434695333242, 0.0349292419851, 0.0272335000336, 0.0246986486018, 0.0266936365515, 0.0592343211174, 0.195377901196, 0.388375073671, 0.386191546917, 0.25163257122, 0.159848123789, 0.093534976244, 0.064328700304, 0.0552187040448, 0.064154163003, 0.0667976737022, 0.0563550926745, 0.062559582293, 0.0835541263223, 0.112728372216, 0.223754793406, 0.67813539505],
    "chords_key": "A#",
    "chords_scale": "minor",
    "key_key": "D#",
    "key_scale": "minor"
}
}