{
"lowlevel": {
    "average_loudness": 0.902204334736,
    "barkbands_crest": {
        "mean": 12.1689577103,
        "var": 24.321554184
    },
    "barkbands_flatness_db": {
        "mean": 0.181516826153,
        "var": 0.00372639787383
    },
    "barkbands_kurtosis": {
        "mean": 8.14228820801,
        "var": 127.7317276
    },
    "barkbands_skewness": {
        "mean": 2.10239458084,
        "var": 2.0298345089
    },
    "barkbands_spread": {
        "mean": 13.1679849625,
        "var": 52.5032310486
    },
    "dissonance": {
        "mean": 0.435664474964,
        "var": 0.00136381573975
    },
    "dynamic_complexity": 3.64910125732,
    "erbbands_crest": {
        "mean": 11.9062156677,
        "var": 23.2091293335
    },
    "erbbands_flatness_db": {
        "mean": 0.20047929883,
        "var": 0.00521480990574
    },
    "erbbands_kurtosis": {
        "mean": 1.63205766678,
        "var": 6.95655155182
    },
    "erbbands_skewness": {
        "mean": 0.934128761292,
        "var": 0.777651190758
    },
    "erbbands_spread": {
        "mean": 31.3996982574,
        "var": 222.469009399
    },
    "hfc": {
        "mean": 9.55513858795,
        "var": 100.963951111
    },
    "melbands_crest": {
        "mean": 15.5121479034,
        "var": 39.3222541809
    },
    "melbands_flatness_db": {
        "mean": 0.239076539874,
        "var": 0.00406345445663
    },
    "melbands_kurtosis": {
        "mean": 16.8837013245,
        "var": 524.883117676
    },
    "melbands_skewness": {
        "mean": 2.65837788582,
        "var": 3.23775219917
    },
    "melbands_spread": {
        "mean": 14.683216095,
        "var": 83.1455459595
    },
    "pitch_salience": {
        "mean": 0.502360403538,
        "var": 0.0114717558026
    },
    "silence_rate_20dB": {
        "mean": 1,
        "var": 0
    },
    "silence_rate_30dB": {
        "mean": 0.990221321583,
        "var": 0.00968291889876
    },
    "silence_rate_60dB": {
        "mean": 0.137416362762,
        "var": 0.118534654379
    },
    "spectral_centroid": {
        "mean": 896.382019043,
        "var": 199221.4375
    },
    "spectral_complexity": {
        "mean": 11.4163665771,
        "var": 13.9506378174
    },
    "spectral_decrease": {
        "mean": -4.31405622336e-009,
        "var": 2.80044742619e-017
    },
    "spectral_energy": {
        "mean": 0.017148906365,
        "var": 0.000430919521023
    },
    "spectral_energyband_high": {
        "mean": 0.000218497574679,
        "var": 7.74920465574e-008
    },
    "spectral_energyband_low": {
        "mean": 0.00139987131115,
        "var": 1.34573556352e-005
    },
    "spectral_energyband_middle_high": {
        "mean": 0.00194134027697,
        "var": 7.39451979825e-006
    },
    "spectral_energyband_middle_low": {
        "mean": 0.0139899132773,
        "var": 0.000353324256139
    },
    "spectral_entropy": {
        "mean": 6.81122970581,
        "var": 0.164569139481
    },
    "spectral_flux": {
        "mean": 0.0438369065523,
        "var": 0.000533869955689
    },
    "spectral_kurtosis": {
        "mean": 9.61139011383,
        "var": 123.930076599
    },
    "spectral_rms": {
        "mean": 0.00356992753223,
        "var": 3.98625616072e-006
    },
    "spectral_rolloff": {
        "mean": 955.433410645,
        "var": 672853.6875
    },
    "spectral_skewness": {
        "mean": 2.14274525642,
        "var": 0.59929972887
    },
    "spectral_spread": {
        "mean": 3935711.75,
        "var": 3.35583379456e+012
    },
    "spectral_strongpeak": {
        "mean": 1.10286831856,
        "var": 0.885179340839
    },
    "zerocrossingrate": {
        "mean": 0.0501102730632,
        "var": 0.000639785139356
    },
    "barkbands": {
        "mean": [1.20846868867e-006, 0.000155689544044, 0.000872407574207, 0.00103325780947, 0.00697267474607, 0.00140369113069, 0.000796502165031, 0.00125987606589, 0.00245766201988, 0.000838761799969, 0.00019112645532, 0.000120806282212, 0.000120534365124, 0.000102873382275, 0.000244885653956, 3.17106678267e-005, 9.56631556619e-005, 0.000106368497654, 0.000101843696029, 4.71285311505e-005, 2.88841984002e-005, 4.83782423544e-005, 4.40791263827e-005, 3.20920589729e-005, 2.45157407335e-005, 1.5060271835e-005, 1.25666747408e-006],
        "var": [6.3847252138e-012, 1.22422875393e-007, 8.01748592494e-006, 2.80210088022e-006, 0.000211030070204, 3.36733501172e-006, 1.56489056735e-006, 6.1601208472e-006, 2.39845630858e-005, 3.19056357512e-006, 7.30802653948e-008, 1.92681124389e-008, 3.69835042591e-008, 8.47922905223e-008, 3.53826067112e-007, 1.76239334237e-009, 3.93695174239e-008, 3.25903464216e-008, 2.67717243929e-008, 3.24499915827e-009, 1.81775516861e-009, 3.66514751882e-009, 9.055293404e-009, 3.70525676807e-009, 1.94332128167e-009, 6.05865024816e-010, 8.10526732536e-012]
    },
    "erbbands": {
        "mean": [0.00128186505754, 0.058264747262, 0.729529559612, 2.47104763985, 13.6277933121, 29.0517539978, 8.23098468781, 13.0266389847, 8.49890327454, 30.785243988, 15.2783355713, 67.1178817749, 23.4344024658, 28.9489059448, 11.2498579025, 5.19759273529, 5.72982883453, 7.19869089127, 15.8438129425, 2.7575674057, 1.7562328577, 4.07922840118, 7.77534580231, 4.54929304123, 4.97771644592, 2.38526844978, 1.6832420826, 1.40352737904, 1.39881920815, 1.29633593559, 1.669231534, 0.855875134468, 0.397524863482, 0.257120013237, 0.158387377858, 0.0693534389138, 0.0335875414312, 0.00577773340046, 0.000157389920787, 2.38357933995e-005],
        "var": [4.44943543698e-006, 0.0147366868332, 4.06407308578, 24.7626209259, 728.00567627, 3741.96044922, 105.777908325, 300.18963623, 112.282623291, 2234.40917969, 445.233825684, 17749.9492188, 1615.99768066, 4267.87255859, 224.036560059, 37.9207267761, 72.3158950806, 277.350067139, 1397.74987793, 18.5702724457, 2.91971826553, 56.4622612, 210.129745483, 72.9141693115, 69.4792709351, 6.93947410583, 4.95137071609, 3.51362490654, 3.45643544197, 3.59495329857, 17.9008235931, 4.27725791931, 0.360072880983, 0.154165893793, 0.0897093936801, 0.0135208601132, 0.00401754304767, 0.000108164327685, 8.53126280731e-008, 6.64131805106e-010]
    },
    "gfcc": {
        "mean": [-64.0804443359, 109.457130432, -123.738098145, 8.90649032593, -78.7773895264, -8.99302577972, -39.5567932129, -4.88278722763, -31.7778377533, -13.6634979248, -22.1859340668, -8.26157283783, -16.3531093597],
        "cov": [[7680.08300781, -2909.13793945, 1666.78063965, 555.182617188, -1353.91430664, 416.441864014, -816.33215332, 813.685791016, -480.397766113, 258.487426758, -503.105865479, 347.236663818, -581.899963379], [-2909.13793945, 3096.36767578, -1470.24914551, -154.08883667, 846.134643555, -133.698348999, 687.887329102, -732.555969238, 563.605163574, -391.448028564, 474.85824585, -506.905426025, 434.767852783], [1666.78063965, -1470.24914551, 1153.09375, 145.868606567, -407.962463379, 162.390548706, -360.718933105, 318.658721924, -308.679016113, 204.798568726, -306.033294678, 218.903640747, -252.73878479], [555.182617188, -154.08883667, 145.868606567, 258.77947998, -66.3877639771, 106.450256348, -55.3169250488, 26.4582424164, -8.42524528503, -1.47621190548, 13.9237947464, 19.2692012787, -48.832698822], [-1353.91430664, 846.134643555, -407.962463379, -66.3877639771, 516.616577148, -16.5900859833, 221.138473511, -214.990524292, 94.6757736206, -89.5514373779, 90.0673828125, -134.841842651, 133.580657959], [416.441864014, -133.698348999, 162.390548706, 106.450256348, -16.5900859833, 249.385314941, -38.063709259, 71.8050842285, 10.8171491623, 8.34744930267, -41.0660095215, -14.2622394562, -25.5116176605], [-816.33215332, 687.887329102, -360.718933105, -55.3169250488, 221.138473511, -38.063709259, 239.790802002, -148.274200439, 130.035583496, -89.5915603638, 103.383117676, -104.976036072, 96.4196624756], [813.685791016, -732.555969238, 318.658721924, 26.4582424164, -214.990524292, 71.8050842285, -148.274200439, 280.481781006, -102.624946594, 94.0885620117, -110.427688599, 127.361557007, -96.691116333], [-480.397766113, 563.605163574, -308.679016113, -8.42524528503, 94.6757736206, 10.8171491623, 130.035583496, -102.624946594, 224.013381958, -59.4306869507, 112.297454834, -104.569480896, 56.7434005737], [258.487426758, -391.448028564, 204.798568726, -1.47621190548, -89.5514373779, 8.34744930267, -89.5915603638, 94.0885620117, -59.4306869507, 124.226989746, -55.1865882874, 62.2838935852, -51.6190414429], [-503.105865479, 474.85824585, -306.033294678, 13.9237947464, 90.0673828125, -41.0660095215, 103.383117676, -110.427688599, 112.297454834, -55.1865882874, 165.845062256, -41.7533912659, 63.1837501526], [347.236663818, -506.905426025, 218.903640747, 19.2692012787, -134.841842651, -14.2622394562, -104.976036072, 127.361557007, -104.569480896, 62.2838935852, -41.7533912659, 183.524993896, -54.2777442932], [-581.899963379, 434.767852783, -252.73878479, -48.832698822, 133.580657959, -25.5116176605, 96.4196624756, -96.691116333, 56.7434005737, -51.6190414429, 63.1837501526, -54.2777442932, 143.480422974]],
        "icov": [[0.000435225054389, -0.000421725271735, 0.00022290860943, -0.000642095983494, 0.000961019133683, -0.000302778673358, 0.000467769772513, -0.0005855068448, 0.000664495455567, -3.46322449332e-005, 0.00092222285457, 3.33708958351e-005, 0.000890904455446], [-0.000421725271735, 0.00492825731635, -0.000654918432701, 0.00140980526339, -0.00265782070346, 0.00051842170069, -0.00293662212789, 0.00363706541248, -0.00380026479252, 0.00332003319636, -0.00475227227435, 0.00328362453729, -0.00429423199967], [0.00022290860943, -0.000654918432701, 0.00428186310455, -0.00146946124732, 0.00166680826806, -0.00181463372428, 0.000901804480236, 0.000793596031144, 0.00227424013428, -0.00262794550508, 0.00508962990716, -0.00184229714796, 0.00320210773498], [-0.000642095983494, 0.00140980526339, -0.00146946124732, 0.00725249340758, -0.00157319568098, -0.00198632758111, -5.17311455042e-005, 0.00195034756325, -0.00111943925731, 0.00215609371662, -0.00578268291429, 0.00055586110102, -0.000560373475309], [0.000961019133683, -0.00265782070346, 0.00166680826806, -0.00157319568098, 0.00707520963624, -0.00213335477747, -0.000801640562713, -0.000274491816526, 0.00423672050238, -0.00249412911944, 0.00467953737825, -0.00109686236829, 0.00269065098837], [-0.000302778673358, 0.00051842170069, -0.00181463372428, -0.00198632758111, -0.00213335477747, 0.00733028305694, 0.000162833704962, -0.00255523924716, -0.0029956526123, 0.00151498406194, -0.000380760116968, 0.00220477650873, -0.00248172762804], [0.000467769772513, -0.00293662212789, 0.000901804480236, -5.17311455042e-005, -0.000801640562713, 0.000162833704962, 0.0136371850967, -0.00227247783914, -0.000475655047921, 0.00103037583176, 0.00165350863244, -0.000941756821703, 0.00192041171249], [-0.0005855068448, 0.00363706541248, 0.000793596031144, 0.00195034756325, -0.000274491816526, -0.00255523924716, -0.00227247783914, 0.0127030797303, -0.0028235798236, -0.00062413996784, 0.000201500733965, -0.00231318781152, -0.00151652342174], [0.000664495455567, -0.00380026479252, 0.00227424013428, -0.00111943925731, 0.00423672050238, -0.0029956526123, -0.000475655047921, -0.0028235798236, 0.0139860957861, -0.0036409215536, 0.000130035594339, 0.00100794690661, 0.00525813410059], [-3.46322449332e-005, 0.00332003319636, -0.00262794550508, 0.00215609371662, -0.00249412911944, 0.00151498406194, 0.00103037583176, -0.00062413996784, -0.0036409215536, 0.0164351407439, -0.00458035804331, 0.0020230053924, -0.00248256442137], [0.00092222285457, -0.00475227227435, 0.00508962990716, -0.00578268291429, 0.00467953737825, -0.000380760116968, 0.00165350863244, 0.000201500733965, 0.000130035594339, -0.00458035804331, 0.0233840700239, -0.00774886831641, 0.00480961659923], [3.33708958351e-005, 0.00328362453729, -0.00184229714796, 0.00055586110102, -0.00109686236829, 0.00220477650873, -0.000941756821703, -0.00231318781152, 0.00100794690661, 0.0020230053924, -0.00774886831641, 0.0141820730641, -0.00327682774514], [0.000890904455446, -0.00429423199967, 0.00320210773498, -0.000560373475309, 0.00269065098837, -0.00248172762804, 0.00192041171249, -0.00151652342174, 0.00525813410059, -0.00248256442137, 0.00480961659923, -0.00327682774514, 0.0174557007849]]
    },
    "melbands": {
        "mean": [2.53034540947e-005, 0.000283839588519, 0.000566922128201, 0.00193026766647, 0.000401662226068, 0.000282100663753, 0.000136757167638, 0.000347913970472, 9.45265564951e-005, 0.000457293732325, 0.000109084961878, 0.000125410690089, 2.93968278129e-005, 2.09910849662e-005, 8.32589284983e-006, 1.34725269163e-005, 1.28083811433e-005, 2.4556169592e-005, 8.37086099637e-006, 2.87584134639e-006, 1.76322419065e-006, 2.90977254735e-006, 9.68277709035e-006, 4.45282012151e-006, 3.42489875038e-006, 3.97665280616e-006, 1.91282924789e-006, 1.51263316184e-006, 1.23895370052e-006, 7.6966745155e-007, 8.66448147008e-007, 9.55176005846e-007, 6.07517506523e-007, 5.95330902797e-007, 1.27101679936e-006, 4.23684610951e-007, 4.78509377899e-007, 3.19412691852e-007, 1.79899245722e-007, 2.27667200647e-007],
        "var": [2.79385914403e-009, 6.14803468579e-007, 8.63358195602e-007, 1.70719085872e-005, 3.06769209146e-007, 1.36780840876e-007, 3.75526454377e-008, 3.3052859294e-007, 1.59756154972e-008, 8.53153551361e-007, 3.44547004261e-008, 8.36184881337e-008, 1.51579793162e-009, 4.2446676729e-010, 1.24761617704e-010, 4.93200313922e-010, 1.40357059308e-009, 3.3608544836e-009, 3.64651003837e-010, 1.51740443127e-011, 3.98299926027e-012, 2.18869714019e-011, 4.05697586636e-010, 4.97263966115e-011, 5.58408805307e-011, 5.30804948606e-011, 5.28907603478e-012, 3.01372815592e-012, 2.90584830503e-012, 1.9253658997e-012, 2.1614136262e-012, 2.02433968026e-012, 7.84247124706e-013, 9.48994789002e-013, 1.26591740562e-011, 8.17223567463e-013, 1.29209663802e-012, 3.17723224032e-013, 8.14892790291e-014, 1.37358914932e-013]
    },
    "mfcc": {
        "mean": [-706.306213379, 140.711257935, 3.62359261513, 9.39308547974, -17.8591938019, -11.8351812363, -9.9430847168, -2.6422059536, -10.6588668823, -5.71012306213, -9.06869983673, -13.4326839447, -13.1355381012],
        "cov": [[4530.36962891, -1307.1517334, 877.241699219, 420.986602783, -305.369140625, -220.006790161, -184.436553955, 156.228149414, -99.2569274902, 5.70265865326, 92.1288375854, 154.014907837, -134.099380493], [-1307.1517334, 1544.77416992, -656.454528809, -100.787155151, 95.3737564087, 276.531433105, 100.659065247, 21.6548442841, 13.7810277939, 199.96786499, 68.2630157471, -178.587188721, -179.933441162], [877.241699219, -656.454528809, 629.960327148, 64.4484481812, -32.1212348938, -63.9263572693, -38.8911399841, -24.6196460724, 14.2003993988, -95.0753326416, -19.7656612396, 106.245986938, 60.9983634949], [420.986602783, -100.787155151, 64.4484481812, 221.242874146, -46.0817527771, 8.98906517029, -8.02723884583, -1.975066185, -37.9669418335, -38.2642669678, 19.6295413971, 52.9809684753, 6.77055931091], [-305.369140625, 95.3737564087, -32.1212348938, -46.0817527771, 217.454696655, 103.096748352, 55.7100448608, 14.4625062943, 18.155582428, 40.5399627686, -9.99720287323, -45.7485809326, -20.23320961], [-220.006790161, 276.531433105, -63.9263572693, 8.98906517029, 103.096748352, 219.500076294, 53.9729270935, 35.1142463684, 0.748313307762, 67.3964080811, 28.4460506439, -45.4761428833, -54.2099304199], [-184.436553955, 100.659065247, -38.8911399841, -8.02723884583, 55.7100448608, 53.9729270935, 104.298347473, 15.9529190063, 9.83076000214, 12.1941289902, -14.1598062515, -30.0010528564, -13.632856369], [156.228149414, 21.6548442841, -24.6196460724, -1.975066185, 14.4625062943, 35.1142463684, 15.9529190063, 130.133804321, 6.32858133316, 38.6301803589, 35.4873771667, -15.9366073608, -46.6252059937], [-99.2569274902, 13.7810277939, 14.2003993988, -37.9669418335, 18.155582428, 0.748313307762, 9.83076000214, 6.32858133316, 84.3573455811, 23.48579216, -17.1813697815, 1.11287903786, 17.217338562], [5.70265865326, 199.96786499, -95.0753326416, -38.2642669678, 40.5399627686, 67.3964080811, 12.1941289902, 38.6301803589, 23.48579216, 186.83543396, 43.7712173462, -84.5528945923, -78.6494140625], [92.1288375854, 68.2630157471, -19.7656612396, 19.6295413971, -9.99720287323, 28.4460506439, -14.1598062515, 35.4873771667, -17.1813697815, 43.7712173462, 114.287826538, 13.9602937698, -38.7533454895], [154.014907837, -178.587188721, 106.245986938, 52.9809684753, -45.7485809326, -45.4761428833, -30.0010528564, -15.9366073608, 1.11287903786, -84.5528945923, 13.9602937698, 144.993774414, 63.2764282227], [-134.099380493, -179.933441162, 60.9983634949, 6.77055931091, -20.23320961, -54.2099304199, -13.632856369, -46.6252059937, 17.217338562, -78.6494140625, -38.7533454895, 63.2764282227, 139.91607666]],
        "icov": [[0.000616979610641, 0.000286360504106, -0.000588615017477, -0.000856627768371, 0.000433840352343, 0.000300753541524, 0.000404929567594, -0.000644283893052, 0.000324159307638, -0.000641250982881, 0.000239866538323, -0.000147711514728, 0.000994569156319], [0.000286360504106, 0.0019988133572, 0.00135737482924, 3.03881256514e-006, 0.000821912311949, -0.00170641823206, -0.000308897288051, 0.000860252243001, -0.000822904810775, -0.000170014493051, -0.000452275155112, 7.6133866969e-005, 0.00181331089698], [-0.000588615017477, 0.00135737482924, 0.00389886368066, 0.000744298158679, -0.000124940634123, -0.00166538660415, -0.000348112254869, 0.00163828162476, -0.00175831490196, 0.00117294455413, -0.000440896459622, -0.000705810554791, 0.000367159198504], [-0.000856627768371, 3.03881256514e-006, 0.000744298158679, 0.00711793918163, 0.000801056448836, -0.00201799254864, -0.0012208968401, 0.00110008206684, 0.00180228322279, 0.000994184054434, -0.000545826798771, -0.00171442003921, -0.000943198858295], [0.000433840352343, 0.000821912311949, -0.000124940634123, 0.000801056448836, 0.00738120125607, -0.00328356516548, -0.00180602259934, -9.3788785307e-006, -0.000454116467154, -0.000618636549916, 0.000593281583861, 0.000540601438843, 0.000732563436031], [0.000300753541524, -0.00170641823206, -0.00166538660415, -0.00201799254864, -0.00328356516548, 0.00937667675316, -0.00140831852332, -0.00180035480298, 0.00124538096134, -0.00163059227634, -0.000547478150111, -8.33666581457e-006, 0.000120731172501], [0.000404929567594, -0.000308897288051, -0.000348112254869, -0.0012208968401, -0.00180602259934, -0.00140831852332, 0.0131084574386, -0.00192820117809, -0.000920269929338, 0.00088552152738, 0.00193067884538, 0.00150015822146, 0.00049688864965], [-0.000644283893052, 0.000860252243001, 0.00163828162476, 0.00110008206684, -9.3788785307e-006, -0.00180035480298, -0.00192820117809, 0.0109287211671, -0.00252799037844, 0.000696825736668, -0.00294999592006, 6.8572240707e-005, 0.00233110086992], [0.000324159307638, -0.000822904810775, -0.00175831490196, 0.00180228322279, -0.000454116467154, 0.00124538096134, -0.000920269929338, -0.00252799037844, 0.0166973304003, -0.00506714638323, 0.0037164518144, -0.00304587674327, -0.00307964161038], [-0.000641250982881, -0.000170014493051, 0.00117294455413, 0.000994184054434, -0.000618636549916, -0.00163059227634, 0.00088552152738, 0.000696825736668, -0.00506714638323, 0.0116902915761, -0.0043844752945, 0.00530004547909, 0.0017881100066], [0.000239866538323, -0.000452275155112, -0.000440896459622, -0.000545826798771, 0.000593281583861, -0.000547478150111, 0.00193067884538, -0.00294999592006, 0.0037164518144, -0.0043844752945, 0.0137539952993, -0.00502771046013, 0.00210699788295], [-0.000147711514728, 7.6133866969e-005, -0.000705810554791, -0.00171442003921, 0.000540601438843, -8.33666581457e-006, 0.00150015822146, 6.8572240707e-005, -0.00304587674327, 0.00530004547909, -0.00502771046013, 0.014030396007, -0.00379270128906], [0.000994569156319, 0.00181331089698, 0.000367159198504, -0.000943198858295, 0.000732563436031, 0.000120731172501, 0.00049688864965, 0.00233110086992, -0.00307964161038, 0.0017881100066, 0.00210699788295, -0.00379270128906, 0.0149787226692]]
    },
    "spectral_contrast_coeffs": {
        "mean": [-0.526004195213, -0.733210265636, -0.700938403606, -0.740622460842, -0.725995004177, -0.699217617512],
        "var": [0.00853355880827, 0.00498631317168, 0.00419245427474, 0.00236668949947, 0.00197966070846, 0.00184935086872]
    },
    "spectral_contrast_valleys": {
        "mean": [-8.53536319733, -6.83116817474, -7.76705741882, -8.93755626678, -9.17312431335, -12.2448692322],
        "var": [1.05087161064, 0.702782154083, 0.537498295307, 0.596092045307, 0.863208532333, 2.01478838921]
    }
},
"metadata": {
    "audio_properties": {
        "analysis_sample_rate": 44100,
        "bit_rate": 98498,
        "equal_loudness": 0,
        "length": 45.0873451233,
        "lossless": 0,
        "replay_gain": -5.88526916504,
        "sample_rate": 44100,
        "codec": "mp3",
        "downmix": "mix",
        "md5_encoded": "cccfed02582f3addb70baeaccd7e3c07"
    },
    "tags": {
        "file_name": "247.mp3"
    },
    "version": {
        "essentia": "2.1-beta2",
        "essentia_git_sha": "v2.1_beta2",
        "extractor": "music 1.0"
    }
},
"rhythm": {
    "beats_count": 99,
    "beats_loudness": {
        "mean": 0.0260901972651,
        "var": 0.000886757508852
    },
    "bpm": 133.266281128,
    "bpm_histogram_first_peak_bpm": {
        "mean": 133,
        "var": 0
    },
    "bpm_histogram_first_peak_spread": {
        "mean": 0.295918345451,
        "var": 0
    },
    "bpm_histogram_first_peak_weight": {
        "mean": 0.704081654549,
        "var": 0
    },
    "bpm_histogram_second_peak_bpm": {
        "mean": 0,
        "var": 0
    },
    "bpm_histogram_second_peak_spread": {
        "mean": 0,
        "var": 0
    },
    "bpm_histogram_second_peak_weight": {
        "mean": 0,
        "var": 0
    },
    "danceability": 1.12336742878,
    "onset_rate": 3.50295615196,
    "beats_loudness_band_ratio": {
        "mean": [0.161438435316, 0.452720671892, 0.280534178019, 0.0959700644016, 0.0426762849092, 0.0204101670533],
        "var": [0.0277625210583, 0.0691694766283, 0.0526280924678, 0.0137780262157, 0.00386612233706, 0.000714907655492]
    },
    "beats_position": [0.429569154978, 0.870748281479, 1.3235373497, 1.764716506, 2.20589566231, 2.65868473053, 3.11147379875, 3.56426286697, 4.01705217361, 4.46984100342, 4.92263031006, 5.36380958557, 5.80498838425, 6.25777769089, 6.71056699753, 7.16335582733, 7.61614513397, 8.06893444061, 8.52172279358, 8.96290206909, 9.4040813446, 9.85687065125, 10.3096599579, 10.7624483109, 11.2152376175, 11.656416893, 12.0975961685, 12.538775444, 12.9915647507, 13.4443531036, 13.8971424103, 14.3499317169, 14.8027210236, 15.2671203613, 15.7199087143, 16.1726989746, 16.6254863739, 17.0782756805, 17.5310649872, 17.9722442627, 18.4134235382, 18.8662128448, 19.3190021515, 19.7717914581, 20.2245807648, 20.6773700714, 21.1301574707, 21.5713367462, 22.0125160217, 22.4653053284, 22.918094635, 23.3592739105, 23.8120632172, 24.2648525238, 24.7176418304, 25.158821106, 25.6116104126, 26.0643978119, 26.5171871185, 26.9699764252, 27.4227657318, 27.8755550385, 28.3283443451, 28.7695236206, 29.2107028961, 29.6634922028, 30.1162815094, 30.5690689087, 31.0218582153, 31.4630374908, 31.9158267975, 32.3686180115, 32.8097953796, 33.2625846863, 33.7153739929, 34.1681632996, 34.6209526062, 35.0737419128, 35.5265312195, 35.9677085876, 36.4088897705, 36.8616790771, 37.3144645691, 37.755645752, 38.2084350586, 38.6612243652, 39.1024017334, 39.5435829163, 39.9963722229, 40.4491615295, 40.9019508362, 41.3663482666, 41.8191375732, 42.2835350037, 42.7479362488, 43.2007255554, 43.6535148621, 44.1063041687, 44.5590934753]
},
"tonal": {
    "chords_changes_rate": 0.042181070894,
    "chords_number_rate": 0.00514403311536,
    "chords_strength": {
        "mean": 0.654796898365,
        "var": 0.0035519443918
    },
    "hpcp_entropy": {
        "mean": 1.76197528839,
        "var": 0.421727567911
    },
    "key_strength": 0.712726473808,
    "tuning_diatonic_strength": 0.610031962395,
    "tuning_equal_tempered_deviation": 0.0630528405309,
    "tuning_frequency": 442.03793335,
    "tuning_nontempered_energy_ratio": 0.699465870857,
    "hpcp": {
        "mean": [0.553247690201, 0.292973935604, 0.0545320063829, 0.0134529368952, 0.0266086999327, 0.0913075059652, 0.10678909719, 0.0911071375012, 0.266809493303, 0.340054422617, 0.15443302691, 0.0468648821115, 0.0242127887905, 0.0146416043863, 0.0425501652062, 0.0634432733059, 0.0415671952069, 0.0202558673918, 0.0125002171844, 0.0178099926561, 0.138517126441, 0.252819895744, 0.21145349741, 0.308049708605, 0.402854084969, 0.193999439478, 0.0294503476471, 0.0241107773036, 0.043123729527, 0.116886518896, 0.129655092955, 0.0511205308139, 0.0123015101999, 0.0100467260927, 0.0670706480742, 0.368731439114],
        "var": [0.154090166092, 0.0808027014136, 0.0125189572573, 0.00149744667578, 0.00280054332688, 0.0255222544074, 0.0372053273022, 0.0205237288028, 0.0851475223899, 0.124056302011, 0.0336521454155, 0.0112742064521, 0.00317069585435, 0.000742862757761, 0.00274888263084, 0.00864763837308, 0.00383020844311, 0.00125841458794, 0.000544257112779, 0.00131303840317, 0.0354697667062, 0.10666628927, 0.0575860366225, 0.0743371471763, 0.135355859995, 0.0478810742497, 0.00350545346737, 0.00257930834778, 0.00985998939723, 0.0467477813363, 0.0459601916373, 0.00637787394226, 0.00123588985298, 0.000783577910624, 0.0102959722281, 0.0932371690869]
    },
    "chords_histogram": [69.2386856079, 20.0617275238, 0, 0, 0, 0, 0, 0, 0.102880656719, 0, 5.86419773102, 0.102880656719, 0, 0, 0, 0, 0, 0, 1.23456788063, 0, 0, 0, 0, 3.39506173134],
    "thpcp": [1, 0.529552936554, 0.0985670760274, 0.0243162997067, 0.0480954572558, 0.165039107203, 0.193022221327, 0.164676934481, 0.482260465622, 0.614651322365, 0.279139041901, 0.0847086831927, 0.0437648259103, 0.0264648273587, 0.0769097954035, 0.114674270153, 0.0751330628991, 0.0366126559675, 0.0225942507386, 0.0321917161345, 0.250370919704, 0.45697414875, 0.382204025984, 0.556802511215, 0.728162229061, 0.350655674934, 0.0532317571342, 0.0435804389417, 0.0779465138912, 0.211273401976, 0.234352707863, 0.092400804162, 0.0222350861877, 0.0181595440954, 0.121230781078, 0.666485249996],
    "chords_key": "F",
    "chords_scale": "major",
    "key_key": "F",
    "key_scale": "major"
}
}