{
"lowlevel": {
    "average_loudness": 0.968855202198,
    "barkbands_crest": {
        "mean": 9.93389701843,
        "var": 14.1117200851
    },
    "barkbands_flatness_db": {
        "mean": 0.14171397686,
        "var": 0.00220244866796
    },
    "barkbands_kurtosis": {
        "mean": 8.6070728302,
        "var": 281.315887451
    },
    "barkbands_skewness": {
        "mean": 2.06351041794,
        "var": 4.24106359482
    },
    "barkbands_spread": {
        "mean": 27.4304676056,
        "var": 256.58605957
    },
    "dissonance": {
        "mean": 0.478473812342,
        "var": 0.000292908225674
    },
    "dynamic_complexity": 2.17369008064,
    "erbbands_crest": {
        "mean": 7.98858451843,
        "var": 12.1193466187
    },
    "erbbands_flatness_db": {
        "mean": 0.145268112421,
        "var": 0.0016536640469
    },
    "erbbands_kurtosis": {
        "mean": -0.00737063167617,
        "var": 1.58633708954
    },
    "erbbands_skewness": {
        "mean": -0.369597017765,
        "var": 0.434198766947
    },
    "erbbands_spread": {
        "mean": 48.2902755737,
        "var": 590.231018066
    },
    "hfc": {
        "mean": 23.8153877258,
        "var": 328.438049316
    },
    "melbands_crest": {
        "mean": 19.3652305603,
        "var": 43.5648536682
    },
    "melbands_flatness_db": {
        "mean": 0.2156855762,
        "var": 0.00485500181094
    },
    "melbands_kurtosis": {
        "mean": 36.8781890869,
        "var": 3723.79321289
    },
    "melbands_skewness": {
        "mean": 4.19399785995,
        "var": 11.0148868561
    },
    "melbands_spread": {
        "mean": 28.044095993,
        "var": 544.595458984
    },
    "pitch_salience": {
        "mean": 0.450146406889,
        "var": 0.0229572094977
    },
    "silence_rate_20dB": {
        "mean": 1,
        "var": 0
    },
    "silence_rate_30dB": {
        "mean": 1,
        "var": 0
    },
    "silence_rate_60dB": {
        "mean": 0.00205867225304,
        "var": 0.00205448735505
    },
    "spectral_centroid": {
        "mean": 1760.77648926,
        "var": 762746.0625
    },
    "spectral_complexity": {
        "mean": 21.942358017,
        "var": 193.73828125
    },
    "spectral_decrease": {
        "mean": -7.68082486502e-009,
        "var": 1.59518852911e-017
    },
    "spectral_energy": {
        "mean": 0.0311493203044,
        "var": 0.000252454279689
    },
    "spectral_energyband_high": {
        "mean": 0.00124924664851,
        "var": 2.57151327787e-006
    },
    "spectral_energyband_low": {
        "mean": 0.0171348676085,
        "var": 0.000103779690107
    },
    "spectral_energyband_middle_high": {
        "mean": 0.00669400766492,
        "var": 3.63457183994e-005
    },
    "spectral_energyband_middle_low": {
        "mean": 0.00701141776517,
        "var": 8.98425059859e-005
    },
    "spectral_entropy": {
        "mean": 7.65286254883,
        "var": 0.0670585483313
    },
    "spectral_flux": {
        "mean": 0.0977722480893,
        "var": 0.00186627742369
    },
    "spectral_kurtosis": {
        "mean": 3.69139814377,
        "var": 3.88387274742
    },
    "spectral_rms": {
        "mean": 0.00534773105755,
        "var": 1.79140067758e-006
    },
    "spectral_rolloff": {
        "mean": 1651.53051758,
        "var": 2571571.5
    },
    "spectral_skewness": {
        "mean": 1.15943968296,
        "var": 0.170878246427
    },
    "spectral_spread": {
        "mean": 4080789.25,
        "var": 3.38048057344e+012
    },
    "spectral_strongpeak": {
        "mean": 0.616562068462,
        "var": 0.479164391756
    },
    "zerocrossingrate": {
        "mean": 0.0574076026678,
        "var": 0.001351718558
    },
    "barkbands": {
        "mean": [0.00010106699483, 0.00862377043813, 0.00760342041031, 0.00146208750084, 0.00207241228782, 0.00145619711839, 0.000907887821086, 0.000320414663292, 0.000548242533114, 0.000952271453571, 0.000658001168631, 0.000455622881418, 0.00041293023969, 0.000397012743633, 0.000623463653028, 0.000837544794194, 0.000822234142106, 0.000788753211964, 0.000728614628315, 0.000285975605948, 0.000737261783797, 0.000228255885304, 5.4338001064e-005, 3.43907704519e-005, 1.66835543496e-005, 1.84853106475e-005, 2.00020667762e-006],
        "var": [3.47065878259e-008, 4.01466350013e-005, 2.79277592199e-005, 4.98247800351e-006, 1.86393554031e-005, 9.91547676676e-006, 7.4742902143e-006, 4.1063552203e-007, 1.87718092093e-006, 4.44758370577e-006, 1.9425199298e-006, 6.89500609496e-007, 5.07836375618e-007, 5.50409083644e-007, 1.05871879441e-006, 1.28935062094e-006, 9.93221419776e-007, 7.17431987596e-007, 8.98364874047e-007, 1.14521697014e-007, 1.315089321e-006, 1.15179048521e-007, 4.87959539441e-009, 2.82530510098e-009, 1.21323617819e-009, 1.15157472447e-009, 1.62263986969e-011]
    },
    "erbbands": {
        "mean": [0.0875280499458, 2.47587251663, 9.83534145355, 5.65000534058, 7.06224966049, 5.75827693939, 6.89004516602, 13.5825014114, 13.5951251984, 10.4612646103, 7.38270425797, 11.8769302368, 25.0338230133, 26.7491512299, 32.0470314026, 16.6441059113, 18.3541145325, 19.7197704315, 26.4230804443, 43.3808097839, 43.1699676514, 45.1914863586, 46.7388801575, 42.6687698364, 27.7322463989, 13.759264946, 17.7783794403, 34.5313644409, 10.657289505, 2.39902019501, 1.52977979183, 0.96280002594, 0.458647370338, 0.225072056055, 0.104417540133, 0.0623456463218, 0.0375340022147, 0.0081886453554, 0.00022395925771, 4.2722793296e-005],
        "var": [0.00958223082125, 3.24795484543, 47.9691925049, 32.7832641602, 175.450775146, 171.293258667, 233.047103882, 970.144836426, 1079.65209961, 1629.33654785, 191.561782837, 755.206237793, 3505.01928711, 2897.89672852, 4754.07080078, 641.368835449, 822.203491211, 1152.81201172, 1400.69726563, 5112.09228516, 2625.01245117, 2537.18017578, 2549.24267578, 3243.10302734, 1102.52001953, 258.228820801, 586.362243652, 3134.37646484, 255.741531372, 9.90037631989, 4.09542798996, 2.05960011482, 0.589640498161, 0.169723391533, 0.0549714192748, 0.0163327865303, 0.00470791291445, 0.000217158565647, 1.64582459661e-007, 4.93905694121e-010]
    },
    "gfcc": {
        "mean": [10.5268001556, 85.7767791748, -119.069015503, 56.5030899048, -36.365070343, 11.372551918, -24.6506843567, 10.4513206482, -20.7977523804, 2.54346418381, -22.2175598145, 4.71234083176, -13.9596672058],
        "cov": [[4342.94433594, 194.397354126, -1068.0345459, 30.1881790161, -170.427871704, -86.234046936, -26.7498970032, -98.213470459, -101.717033386, -21.2284870148, -89.7065658569, 49.5628623962, 25.3604812622], [194.397354126, 577.241027832, -160.507995605, -65.3915328979, 8.19559288025, -116.27191925, -29.5305728912, -90.2081756592, 37.84192276, -55.410572052, 10.5591306686, -28.093372345, 79.5464706421], [-1068.0345459, -160.507995605, 1262.05041504, -11.3664646149, 73.3390808105, 133.322998047, -141.613723755, 208.009399414, 38.9725074768, 83.7844467163, 33.1172332764, -22.4447116852, -153.283050537], [30.1881790161, -65.3915328979, -11.3664646149, 264.276092529, -1.94315838814, 49.8601341248, 47.2462234497, -34.0803337097, -11.258272171, -12.2675924301, 21.4166412354, -32.7883796692, 10.3689556122], [-170.427871704, 8.19559288025, 73.3390808105, -1.94315838814, 210.580947876, 40.3892555237, 50.8838386536, 33.3536109924, 12.6062660217, 8.83869838715, -35.3390769958, 24.5824871063, -13.0531797409], [-86.234046936, -116.27191925, 133.322998047, 49.8601341248, 40.3892555237, 175.253662109, 49.0793838501, 79.1848220825, 7.03065490723, -15.8694190979, 17.4460048676, -19.9380741119, -24.1152954102], [-26.7498970032, -29.5305728912, -141.613723755, 47.2462234497, 50.8838386536, 49.0793838501, 181.647155762, 5.07424879074, -28.5876579285, -30.5520572662, -37.7952270508, 4.22818517685, 19.8378067017], [-98.213470459, -90.2081756592, 208.009399414, -34.0803337097, 33.3536109924, 79.1848220825, 5.07424879074, 153.668670654, 42.5113792419, 12.4046525955, 3.63468289375, -5.02393722534, -38.8835449219], [-101.717033386, 37.84192276, 38.9725074768, -11.258272171, 12.6062660217, 7.03065490723, -28.5876579285, 42.5113792419, 87.5409317017, 25.2381324768, 23.1926498413, -12.231967926, -3.2837126255], [-21.2284870148, -55.410572052, 83.7844467163, -12.2675924301, 8.83869838715, -15.8694190979, -30.5520572662, 12.4046525955, 25.2381324768, 87.4621353149, 15.4482421875, 9.85130310059, -27.5436229706], [-89.7065658569, 10.5591306686, 33.1172332764, 21.4166412354, -35.3390769958, 17.4460048676, -37.7952270508, 3.63468289375, 23.1926498413, 15.4482421875, 85.6230010986, 5.66232252121, -3.68116497993], [49.5628623962, -28.093372345, -22.4447116852, -32.7883796692, 24.5824871063, -19.9380741119, 4.22818517685, -5.02393722534, -12.231967926, 9.85130310059, 5.66232252121, 63.022277832, 11.5231790543], [25.3604812622, 79.5464706421, -153.283050537, 10.3689556122, -13.0531797409, -24.1152954102, 19.8378067017, -38.8835449219, -3.2837126255, -27.5436229706, -3.68116497993, 11.5231790543, 78.6238174438]],
        "icov": [[0.000546971452422, -0.000869899522513, 0.0008519681287, -0.000814036873635, 0.000864546163939, -0.00105283351149, 0.00112284894567, -0.00109225872438, 0.00100125267636, -0.000993242720142, 0.00176383368671, -0.00185713195242, 0.00151776208077], [-0.000869899522513, 0.00503366626799, -0.00176140887197, 0.00287670665421, -0.00312210363336, 0.0043394244276, -0.00235657137819, 0.0035446533002, -0.00345232151449, 0.00433516036719, -0.00547144329175, 0.00695367110893, -0.00536607066169], [0.0008519681287, -0.00176140887197, 0.00284736789763, -0.00178303057328, 0.00105944101233, -0.00241055176593, 0.00325560639612, -0.00354290986434, 0.0026981048286, -0.00250027817674, 0.00306999031454, -0.00313762831502, 0.0039969002828], [-0.000814036873635, 0.00287670665421, -0.00178303057328, 0.00709145423025, -0.00237211678177, 0.00140280311462, -0.00356507720426, 0.00464215734974, -0.0018495444674, 0.00221767951734, -0.00592397106811, 0.00760840252042, -0.00452032499015], [0.000864546163939, -0.00312210363336, 0.00105944101233, -0.00237211678177, 0.00919811148196, -0.00481271510944, 0.000547693984117, -0.0014896702487, -0.000908855872694, -0.00300784991123, 0.0081989094615, -0.00957516953349, 0.00512974383309], [-0.00105283351149, 0.0043394244276, -0.00241055176593, 0.00140280311462, -0.00481271510944, 0.0150781925768, -0.0053344569169, -0.0018823472783, -0.00106163625605, 0.00615201657638, -0.0100720999762, 0.0100543126464, -0.00452883634716], [0.00112284894567, -0.00235657137819, 0.00325560639612, -0.00356507720426, 0.000547693984117, -0.0053344569169, 0.0119323441759, -0.00447966856882, 0.00486111920327, -0.00233250693418, 0.00745170516893, -0.00552692404017, 0.00261272070929], [-0.00109225872438, 0.0035446533002, -0.00354290986434, 0.00464215734974, -0.0014896702487, -0.0018823472783, -0.00447966856882, 0.017565427348, -0.0105269737542, 0.00456915283576, -0.00254492484964, 0.0029608567711, -0.0011527746683], [0.00100125267636, -0.00345232151449, 0.0026981048286, -0.0018495444674, -0.000908855872694, -0.00106163625605, 0.00486111920327, -0.0105269737542, 0.0227283146232, -0.00849917065352, -0.00149279402103, 0.00252831191756, -0.000703856931068], [-0.000993242720142, 0.00433516036719, -0.00250027817674, 0.00221767951734, -0.00300784991123, 0.00615201657638, -0.00233250693418, 0.00456915283576, -0.00849917065352, 0.0202912539244, -0.00633353600278, 0.00215560919605, 0.00114419625606], [0.00176383368671, -0.00547144329175, 0.00306999031454, -0.00592397106811, 0.0081989094615, -0.0100720999762, 0.00745170516893, -0.00254492484964, -0.00149279402103, -0.00633353600278, 0.0262898113579, -0.0160576701164, 0.00816948805004], [-0.00185713195242, 0.00695367110893, -0.00313762831502, 0.00760840252042, -0.00957516953349, 0.0100543126464, -0.00552692404017, 0.0029608567711, 0.00252831191756, 0.00215560919605, -0.0160576701164, 0.0349881835282, -0.0142226899043], [0.00151776208077, -0.00536607066169, 0.0039969002828, -0.00452032499015, 0.00512974383309, -0.00452883634716, 0.00261272070929, -0.0011527746683, -0.000703856931068, 0.00114419625606, 0.00816948805004, -0.0142226899043, 0.0271183401346]]
    },
    "melbands": {
        "mean": [0.00153011537623, 0.00468187080696, 0.00107365252916, 0.000501657603309, 0.00023155490635, 0.000299890583847, 0.000203875184525, 0.000102055535535, 5.66702292417e-005, 8.03269213066e-005, 0.000129550782731, 0.000111645444122, 9.8068609077e-005, 6.15260723862e-005, 4.02992445743e-005, 3.94463240809e-005, 3.60006924893e-005, 3.96134746552e-005, 5.00879214087e-005, 6.54683899484e-005, 4.73442778457e-005, 4.75348388136e-005, 4.40337753389e-005, 3.71358146367e-005, 3.56875534635e-005, 2.12762097362e-005, 1.34484926093e-005, 8.39091990201e-006, 8.98247799341e-006, 1.65337460203e-005, 2.11797942029e-005, 6.5220833676e-006, 2.09247104976e-006, 9.64883952292e-007, 8.50976334732e-007, 7.97345649062e-007, 5.12046597123e-007, 3.36202873541e-007, 2.42473788603e-007, 1.73077978616e-007],
        "var": [1.4589214743e-006, 9.9414264696e-006, 1.087691885e-006, 1.17580316328e-006, 2.53853585264e-007, 4.34861448184e-007, 2.62752337221e-007, 1.42151890259e-007, 1.45039358301e-008, 3.70090269541e-008, 9.4270077966e-008, 5.76913059547e-008, 4.25242028257e-008, 1.41545291044e-008, 9.36615762726e-009, 3.60697227642e-009, 5.30447685776e-009, 4.11491729579e-009, 7.23979676209e-009, 1.10351319194e-008, 3.63940810821e-009, 3.22867976799e-009, 2.94103053022e-009, 1.79909731557e-009, 2.90914048406e-009, 6.64668597938e-010, 2.93779833793e-010, 1.11984616025e-010, 1.47516596161e-010, 6.71310007583e-010, 1.24900867426e-009, 1.03703060028e-010, 1.09551829414e-011, 1.64646551601e-012, 1.30755324103e-012, 1.3738828868e-012, 6.45737369825e-013, 3.5733018649e-013, 1.63474214634e-013, 1.13347658624e-013]
    },
    "mfcc": {
        "mean": [-630.270690918, 110.589889526, -11.8986530304, 49.975025177, 10.6438598633, 15.4535312653, 4.57238006592, 11.5192937851, 9.55806922913, -0.915524542332, 1.35036313534, 3.46105241776, -3.19241547585],
        "cov": [[2837.33398438, -40.5806808472, -967.63482666, 2.45593595505, -347.724822998, 8.68910884857, -79.2105789185, -94.1716766357, 6.18217611313, -193.541824341, -66.1757965088, -43.912273407, -139.812332153], [-40.5806808472, 608.966674805, -40.9237060547, -24.550075531, 40.7874107361, -58.0784683228, -78.6640930176, -37.2203979492, 5.07742357254, -14.6092729568, -10.5877838135, -49.9382896423, -6.47488212585], [-967.63482666, -40.9237060547, 923.165771484, -25.2540855408, 246.352432251, -47.380607605, 31.5055160522, 56.6094589233, -84.203453064, 183.090881348, 58.5420227051, 45.6650924683, 70.3770828247], [2.45593595505, -24.550075531, -25.2540855408, 179.801345825, -6.86135196686, 58.3769187927, 25.0201854706, -20.1240901947, 21.3012275696, -36.0992355347, -10.2838544846, 6.9181303978, 9.79473590851], [-347.724822998, 40.7874107361, 246.352432251, -6.86135196686, 231.106704712, -4.77479600906, -6.73068904877, 42.0574607849, -10.9369544983, 77.7179641724, 46.1835823059, 20.4323501587, 25.9709892273], [8.68910884857, -58.0784683228, -47.380607605, 58.3769187927, -4.77479600906, 119.358108521, 65.064239502, 17.6550350189, 24.7339000702, -16.2159042358, -6.71410512924, 2.15186095238, -0.188793867826], [-79.2105789185, -78.6640930176, 31.5055160522, 25.0201854706, -6.73068904877, 65.064239502, 135.620880127, 70.455329895, 35.5549354553, 7.53750228882, 1.44927918911, 1.42281091213, 1.646042943], [-94.1716766357, -37.2203979492, 56.6094589233, -20.1240901947, 42.0574607849, 17.6550350189, 70.455329895, 126.224082947, 39.2998542786, 38.5369796753, 10.3366117477, -3.04699516296, 0.0973747298121], [6.18217611313, 5.07742357254, -84.203453064, 21.3012275696, -10.9369544983, 24.7339000702, 35.5549354553, 39.2998542786, 102.221984863, 13.9506254196, -3.62957382202, -18.1274013519, -3.94750189781], [-193.541824341, -14.6092729568, 183.090881348, -36.0992355347, 77.7179641724, -16.2159042358, 7.53750228882, 38.5369796753, 13.9506254196, 118.877410889, 43.9411697388, 7.87437582016, 1.96915471554], [-66.1757965088, -10.5877838135, 58.5420227051, -10.2838544846, 46.1835823059, -6.71410512924, 1.44927918911, 10.3366117477, -3.62957382202, 43.9411697388, 77.2905654907, 36.8152732849, 1.02658820152], [-43.912273407, -49.9382896423, 45.6650924683, 6.9181303978, 20.4323501587, 2.15186095238, 1.42281091213, -3.04699516296, -18.1274013519, 7.87437582016, 36.8152732849, 77.2860183716, 27.1530818939], [-139.812332153, -6.47488212585, 70.3770828247, 9.79473590851, 25.9709892273, -0.188793867826, 1.646042943, 0.0973747298121, -3.94750189781, 1.96915471554, 1.02658820152, 27.1530818939, 73.8042831421]],
        "icov": [[0.00061435851967, 6.50779766147e-005, 0.000617767451331, -9.59155731834e-005, 0.000315681158099, 7.82903662184e-005, 0.000193672443856, -0.000142519624205, 0.000518865243066, -0.000238666805672, 0.000123622972751, -0.00017500235117, 0.000574946519919], [6.50779766147e-005, 0.00201936159283, 0.000104706465208, 0.000134735659231, -0.000690989079885, 0.000635227072053, 0.000713752408046, 0.000371397269191, -0.000519214430824, 0.000758791982662, -0.000516204047017, 0.00155163451564, -0.000200608265004], [0.000617767451331, 0.000104706465208, 0.00331418891437, -0.000895888544619, -0.00126882269979, 0.0013800583547, -0.00162410363555, 6.36827098788e-005, 0.00348726566881, -0.00418197130784, 0.00148093677126, -0.000236005173065, -0.00101144984365], [-9.59155731834e-005, 0.000134735659231, -0.000895888544619, 0.00784832518548, -0.000628879352007, -0.00325107178651, -0.000306057103444, 0.00239479215816, -0.00305733946152, 0.00334920431487, -0.000299954670481, -0.000646001659334, -0.00015155885194], [0.000315681158099, -0.000690989079885, -0.00126882269979, -0.000628879352007, 0.00811437610537, -0.00201147445478, 0.00315402215347, -0.00317530124448, 0.000713613582775, -0.00161395850591, -0.00278599420562, 0.000308017537463, -0.00108924892265], [7.82903662184e-005, 0.000635227072053, 0.0013800583547, -0.00325107178651, -0.00201147445478, 0.0145248277113, -0.00726897874847, 0.00177116098348, -0.000110038687126, -0.000202197756153, 0.00141007767525, -0.000559394131415, 0.000409978150856], [0.000193672443856, 0.000713752408046, -0.00162410363555, -0.000306057103444, 0.00315402215347, -0.00726897874847, 0.0166777502745, -0.00815562997013, -0.00219300016761, 0.00225282972679, -0.00183371407911, 0.000339110556524, 0.000252487458056], [-0.000142519624205, 0.000371397269191, 6.36827098788e-005, 0.00239479215816, -0.00317530124448, 0.00177116098348, -0.00815562997013, 0.0152883240953, -0.00398884899914, -0.00162174867, 0.00109258259181, -1.17585750559e-005, 0.000486714969156], [0.000518865243066, -0.000519214430824, 0.00348726566881, -0.00305733946152, 0.000713613582775, -0.000110038687126, -0.00219300016761, -0.00398884899914, 0.0171199925244, -0.00707726553082, 0.000926271139178, 0.00292571238242, -0.00216420041397], [-0.000238666805672, 0.000758791982662, -0.00418197130784, 0.00334920431487, -0.00161395850591, -0.000202197756153, 0.00225282972679, -0.00162174867, -0.00707726553082, 0.0208762083203, -0.00883178692311, 0.00260291015729, 0.00190674653277], [0.000123622972751, -0.000516204047017, 0.00148093677126, -0.000299954670481, -0.00278599420562, 0.00141007767525, -0.00183371407911, 0.00109258259181, 0.000926271139178, -0.00883178692311, 0.0243792477995, -0.0123551795259, 0.00433159433305], [-0.00017500235117, 0.00155163451564, -0.000236005173065, -0.000646001659334, 0.000308017537463, -0.000559394131415, 0.000339110556524, -1.17585750559e-005, 0.00292571238242, 0.00260291015729, -0.0123551795259, 0.023179044947, -0.00827081128955], [0.000574946519919, -0.000200608265004, -0.00101144984365, -0.00015155885194, -0.00108924892265, 0.000409978150856, 0.000252487458056, 0.000486714969156, -0.00216420041397, 0.00190674653277, 0.00433159433305, -0.00827081128955, 0.0187995824963]]
    },
    "spectral_contrast_coeffs": {
        "mean": [-0.625956535339, -0.766436338425, -0.776492655277, -0.780206203461, -0.769070148468, -0.677410781384],
        "var": [0.00389361334965, 0.0053617968224, 0.00581736909226, 0.00433475943282, 0.00231304788031, 0.00530111324042]
    },
    "spectral_contrast_valleys": {
        "mean": [-7.13510560989, -6.94055986404, -7.38423538208, -7.52374744415, -7.18037080765, -10.5305662155],
        "var": [1.11277341843, 1.10823106766, 1.08591651917, 1.13303756714, 1.11573386192, 0.781289935112]
    }
},
"metadata": {
    "audio_properties": {
        "analysis_sample_rate": 44100,
        "bit_rate": 110455,
        "equal_loudness": 0,
        "length": 45.0873451233,
        "lossless": 0,
        "replay_gain": -9.38527297974,
        "sample_rate": 44100,
        "codec": "mp3",
        "downmix": "mix",
        "md5_encoded": "334161d5a9fd971d03b12051c1243998"
    },
    "tags": {
        "file_name": "25.mp3"
    },
    "version": {
        "essentia": "2.1-beta2",
        "essentia_git_sha": "v2.1_beta2",
        "extractor": "music 1.0"
    }
},
"rhythm": {
    "beats_count": 107,
    "beats_loudness": {
        "mean": 0.0340313538909,
        "var": 0.000176722518518
    },
    "bpm": 143.560455322,
    "bpm_histogram_first_peak_bpm": {
        "mean": 144,
        "var": 0
    },
    "bpm_histogram_first_peak_spread": {
        "mean": 0.427083343267,
        "var": 0
    },
    "bpm_histogram_first_peak_weight": {
        "mean": 0.518867909908,
        "var": 0
    },
    "bpm_histogram_second_peak_bpm": {
        "mean": 136,
        "var": 0
    },
    "bpm_histogram_second_peak_spread": {
        "mean": 0.142857149243,
        "var": 0
    },
    "bpm_histogram_second_peak_weight": {
        "mean": 0.0566037744284,
        "var": 0
    },
    "danceability": 1.2336139679,
    "onset_rate": 3.6359796524,
    "beats_loudness_band_ratio": {
        "mean": [0.593167006969, 0.126269176602, 0.0705194547772, 0.0790693685412, 0.117119573057, 0.0690512731671],
        "var": [0.0414798632264, 0.0106968032196, 0.00434545148164, 0.004711559508, 0.00856444891542, 0.00559405656531]
    },
    "beats_position": [0.441179126501, 0.893968224525, 1.3235373497, 1.764716506, 2.19428563118, 2.62385487556, 3.04181408882, 3.45977306366, 3.88934230804, 4.31891155243, 4.74848079681, 5.18965959549, 5.630838871, 6.06040811539, 6.47836732864, 6.91954612732, 7.36072540283, 7.79029464722, 8.20825386047, 8.63782310486, 9.05578231812, 9.47374153137, 9.89170074463, 10.321269989, 10.7508392334, 11.1687984467, 11.5867567062, 12.0163259506, 12.445895195, 12.8754644394, 13.3050336838, 13.722992897, 14.1409521103, 14.5705213547, 14.9768705368, 15.3948297501, 15.8011789322, 16.2191371918, 16.6487064362, 17.0898857117, 17.4962348938, 17.9141941071, 18.3205432892, 18.7385025024, 19.1564617157, 19.5860309601, 20.0039901733, 20.4335594177, 20.851518631, 21.2694778442, 21.6874370575, 22.1053962708, 22.5117454529, 22.918094635, 23.3244438171, 23.7307929993, 24.1487522125, 24.5667114258, 24.984670639, 25.4026298523, 25.8205890656, 26.2385482788, 26.6565074921, 27.0860767365, 27.5040359497, 27.921995163, 28.3515644073, 28.7695236206, 29.1758728027, 29.5822219849, 30.0001811981, 30.4181404114, 30.8360996246, 31.2540588379, 31.6720180511, 32.0899772644, 32.5079345703, 32.9258956909, 33.3438529968, 33.7618141174, 34.1797714233, 34.5977325439, 35.0156898499, 35.4336509705, 35.8400001526, 36.2463493347, 36.6643066406, 37.0822677612, 37.5002250671, 37.9181861877, 38.3361434937, 38.7541046143, 39.1720619202, 39.5900230408, 39.9963722229, 40.402721405, 40.8206787109, 41.2386398315, 41.6449890137, 42.0513381958, 42.4460754395, 42.8408164978, 43.2355537415, 43.6419029236, 44.0482521057, 44.4546012878, 44.86095047]
},
"tonal": {
    "chords_changes_rate": 0.115226335824,
    "chords_number_rate": 0.0174897126853,
    "chords_strength": {
        "mean": 0.477179437876,
        "var": 0.00704773049802
    },
    "hpcp_entropy": {
        "mean": 2.48336267471,
        "var": 0.827243804932
    },
    "key_strength": 0.523797690868,
    "tuning_diatonic_strength": 0.592078387737,
    "tuning_equal_tempered_deviation": 0.161671578884,
    "tuning_frequency": 439.238189697,
    "tuning_nontempered_energy_ratio": 0.852616727352,
    "hpcp": {
        "mean": [0.0920583382249, 0.083533808589, 0.0718042850494, 0.0655667185783, 0.0625224262476, 0.0610968843102, 0.059460375458, 0.0657784566283, 0.098894238472, 0.126625716686, 0.104275397956, 0.0764334127307, 0.0791219472885, 0.0769634246826, 0.0816963911057, 0.0948232263327, 0.0822598412633, 0.0635264143348, 0.0525465011597, 0.0509464144707, 0.0622137375176, 0.0835820287466, 0.112487651408, 0.138308241963, 0.139014869928, 0.130573108792, 0.163887605071, 0.257346689701, 0.31079262495, 0.350969076157, 0.363413244486, 0.244155526161, 0.139021456242, 0.108477041125, 0.098552390933, 0.0953167453408],
        "var": [0.0315223708749, 0.0249432548881, 0.0206920355558, 0.0153549853712, 0.01613705419, 0.0163621753454, 0.0152366301045, 0.0171564612538, 0.0346258208156, 0.0640718489885, 0.0451661162078, 0.0242964569479, 0.0330397859216, 0.02411028184, 0.0247773788869, 0.0350914597511, 0.0246841479093, 0.0140124931931, 0.00849515758455, 0.0106240455061, 0.0143918860704, 0.0286487229168, 0.0479444526136, 0.0528762936592, 0.0531005710363, 0.0491055399179, 0.0650441646576, 0.117614917457, 0.136564314365, 0.123568788171, 0.154801174998, 0.0864913836122, 0.0462737157941, 0.0369792543352, 0.0339972004294, 0.0328214839101]
    },
    "chords_histogram": [6.89300394058, 19.0329227448, 3.39506173134, 1.33744859695, 1.13168728352, 0, 0, 2.36625504494, 1.95473253727, 13.5802469254, 0.205761313438, 2.26337456703, 4.93827152252, 0, 1.95473253727, 0, 4.32098770142, 3.08641982079, 9.15637874603, 0.514403283596, 0, 9.15637874603, 6.58436203003, 8.12757205963],
    "thpcp": [1, 0.671839952469, 0.382543712854, 0.298495024443, 0.271185457706, 0.262281984091, 0.253315865993, 0.229859009385, 0.197583019733, 0.180419176817, 0.172042235732, 0.168119579554, 0.163616418839, 0.18100181222, 0.27212613821, 0.348434507847, 0.286933392286, 0.210320934653, 0.217718943954, 0.211779356003, 0.22480301559, 0.260923981667, 0.22635345161, 0.174804896116, 0.144591599703, 0.140188649297, 0.171192824841, 0.229991704226, 0.309530973434, 0.380581170321, 0.382525593042, 0.359296500683, 0.450967609882, 0.708137869835, 0.855204463005, 0.965757548809],
    "chords_key": "D",
    "chords_scale": "major",
    "key_key": "B",
    "key_scale": "minor"
}
}