{
"lowlevel": {
    "average_loudness": 0.923907577991,
    "barkbands_crest": {
        "mean": 11.1485357285,
        "var": 19.8856258392
    },
    "barkbands_flatness_db": {
        "mean": 0.162062823772,
        "var": 0.00177005352452
    },
    "barkbands_kurtosis": {
        "mean": 2.40922045708,
        "var": 23.0062980652
    },
    "barkbands_skewness": {
        "mean": 0.961059510708,
        "var": 0.962636232376
    },
    "barkbands_spread": {
        "mean": 17.5843105316,
        "var": 62.5763587952
    },
    "dissonance": {
        "mean": 0.454374581575,
        "var": 0.00100729020778
    },
    "dynamic_complexity": 2.67996692657,
    "erbbands_crest": {
        "mean": 13.9500341415,
        "var": 53.1817131042
    },
    "erbbands_flatness_db": {
        "mean": 0.206712961197,
        "var": 0.00133135402575
    },
    "erbbands_kurtosis": {
        "mean": 1.52674376965,
        "var": 14.3761796951
    },
    "erbbands_skewness": {
        "mean": 0.552847206593,
        "var": 0.70688688755
    },
    "erbbands_spread": {
        "mean": 27.8470039368,
        "var": 246.851608276
    },
    "hfc": {
        "mean": 26.5455493927,
        "var": 299.990936279
    },
    "melbands_crest": {
        "mean": 14.6285905838,
        "var": 28.7972164154
    },
    "melbands_flatness_db": {
        "mean": 0.205986350775,
        "var": 0.00292034540325
    },
    "melbands_kurtosis": {
        "mean": 6.36126804352,
        "var": 134.353164673
    },
    "melbands_skewness": {
        "mean": 1.54888141155,
        "var": 2.29691934586
    },
    "melbands_spread": {
        "mean": 24.3999404907,
        "var": 164.434555054
    },
    "pitch_salience": {
        "mean": 0.492313683033,
        "var": 0.0134470621124
    },
    "silence_rate_20dB": {
        "mean": 1,
        "var": 0
    },
    "silence_rate_30dB": {
        "mean": 1,
        "var": 0
    },
    "silence_rate_60dB": {
        "mean": 0.0144107053056,
        "var": 0.0142032597214
    },
    "spectral_centroid": {
        "mean": 1353.16564941,
        "var": 322356.84375
    },
    "spectral_complexity": {
        "mean": 20.2568187714,
        "var": 50.1235923767
    },
    "spectral_decrease": {
        "mean": -7.28740534583e-009,
        "var": 1.39677255015e-017
    },
    "spectral_energy": {
        "mean": 0.0299121197313,
        "var": 0.000240005232627
    },
    "spectral_energyband_high": {
        "mean": 0.000599811261054,
        "var": 3.03750510966e-007
    },
    "spectral_energyband_low": {
        "mean": 0.00472825067118,
        "var": 2.3039712687e-005
    },
    "spectral_energyband_middle_high": {
        "mean": 0.0158841051161,
        "var": 0.000208311917959
    },
    "spectral_energyband_middle_low": {
        "mean": 0.0102193001658,
        "var": 4.35013898823e-005
    },
    "spectral_entropy": {
        "mean": 7.30968999863,
        "var": 0.113863632083
    },
    "spectral_flux": {
        "mean": 0.0749822035432,
        "var": 0.0011599106947
    },
    "spectral_kurtosis": {
        "mean": 5.07354974747,
        "var": 13.5459098816
    },
    "spectral_rms": {
        "mean": 0.00518042920157,
        "var": 2.34572780755e-006
    },
    "spectral_rolloff": {
        "mean": 1324.58190918,
        "var": 1050104.25
    },
    "spectral_skewness": {
        "mean": 1.43722295761,
        "var": 0.223150223494
    },
    "spectral_spread": {
        "mean": 3474874.75,
        "var": 1.97013825126e+012
    },
    "spectral_strongpeak": {
        "mean": 2.7578496933,
        "var": 6.4078130722
    },
    "zerocrossingrate": {
        "mean": 0.052427534014,
        "var": 0.000685193575919
    },
    "barkbands": {
        "mean": [3.78670983991e-006, 0.00134399381932, 0.00264579290524, 0.00127847166732, 0.0039681699127, 0.00124158186372, 0.000482481264044, 0.000905173248611, 0.00124451494776, 0.00924982875586, 0.00215960200876, 0.000323038198985, 0.000228791177506, 0.000529934943188, 0.00213797995821, 0.000406419858336, 0.000394218863221, 0.000233344369917, 0.000370334077161, 0.000344512547599, 0.000291889737127, 6.19352140347e-005, 2.70541131613e-005, 2.10761299968e-005, 1.25309852592e-005, 5.48924117538e-006, 1.72673040311e-007],
        "var": [4.99297408973e-011, 3.5066266264e-006, 9.20652473724e-006, 3.2050079426e-006, 1.25504848256e-005, 1.81880716354e-006, 2.94344715712e-007, 2.08473920793e-006, 8.96725669008e-006, 0.000144002624438, 3.03800206893e-005, 5.18481670042e-007, 1.58529005034e-007, 8.4744618789e-007, 1.26444192574e-005, 5.09214714839e-007, 8.09415666936e-007, 4.86429669877e-008, 1.41869691106e-007, 1.3763749962e-007, 9.82326966437e-008, 5.21823162458e-009, 1.59463731109e-009, 1.07701969565e-009, 3.39349603973e-010, 1.45190873213e-010, 1.16126823869e-012]
    },
    "erbbands": {
        "mean": [0.0088593037799, 0.433922320604, 2.8604221344, 3.89746499062, 7.51191329956, 15.3368883133, 14.5458087921, 7.91748094559, 7.31526851654, 8.14775657654, 25.5569114685, 28.956243515, 130.845458984, 329.841003418, 56.2260093689, 12.8118057251, 11.1437644958, 22.0652217865, 87.3661270142, 71.8302764893, 23.5161552429, 19.0641098022, 11.8995218277, 14.8805751801, 21.1776390076, 16.489730835, 14.3419971466, 8.49991035461, 2.42957687378, 1.13687217236, 0.738447248936, 0.489779412746, 0.318561792374, 0.130318105221, 0.0982228368521, 0.039009872824, 0.00608515786007, 0.000959269586019, 4.13561210735e-005, 3.69668086933e-005],
        "var": [0.000122553872643, 0.342447400093, 11.9848823547, 18.2985744476, 62.3153190613, 325.580963135, 231.541046143, 107.984375, 78.4669342041, 82.6799087524, 1979.81555176, 3316.11328125, 34488.3867188, 257477.1875, 8329.82421875, 255.660018921, 354.826599121, 587.979125977, 19230.1015625, 19799.8105469, 824.939453125, 1758.58239746, 109.831848145, 204.270812988, 529.720581055, 295.928253174, 246.364608765, 82.0914840698, 6.64237642288, 2.57254052162, 1.19887363911, 0.599622607231, 0.242513448, 0.0519579052925, 0.0173459146172, 0.0045117191039, 0.000360402918886, 1.52348811753e-005, 1.23993704193e-008, 3.87199078355e-010]
    },
    "gfcc": {
        "mean": [-5.92768383026, 115.392616272, -146.803833008, 32.7752380371, -58.1082878113, 3.61193227768, -28.8069248199, 2.01987481117, -32.2869567871, -9.75720977783, -28.045873642, -11.6219329834, 2.52243947983],
        "cov": [[5482.89794922, -1023.36749268, -529.597167969, -166.176498413, -353.827056885, 394.585693359, -44.5976486206, 272.577880859, -386.06362915, 180.267486572, -497.894439697, -4.19131040573, 146.478179932], [-1023.36749268, 1028.35339355, 84.1432266235, 97.9956741333, 204.450241089, -220.877655029, 31.462846756, -135.850997925, 216.666641235, -140.612731934, 260.33883667, -34.7698440552, -72.045753479], [-529.597167969, 84.1432266235, 356.71697998, 51.9769821167, 34.9817962646, 37.9301643372, 0.19410392642, 7.37072610855, 31.3511791229, 3.3861618042, 42.4227256775, 27.3416519165, -48.2195587158], [-166.176498413, 97.9956741333, 51.9769821167, 344.345611572, 24.704908371, -23.9161109924, 9.0598526001, -32.4426078796, 97.1383361816, -3.1670024395, 71.6753616333, -11.5227518082, -54.2210197449], [-353.827056885, 204.450241089, 34.9817962646, 24.704908371, 188.072937012, -12.6472253799, 56.6778564453, -3.99905133247, 51.225944519, -32.0344238281, 39.1746253967, 4.77456855774, -17.2325668335], [394.585693359, -220.877655029, 37.9301643372, -23.9161109924, -12.6472253799, 192.630783081, 48.394115448, 59.4217720032, -58.472202301, 27.5588912964, -53.7076263428, 13.8819894791, 19.3803348541], [-44.5976486206, 31.462846756, 0.19410392642, 9.0598526001, 56.6778564453, 48.394115448, 164.749740601, 46.7911758423, 9.00562572479, -24.4498806, 0.2031994313, 18.8620700836, 17.635925293], [272.577880859, -135.850997925, 7.37072610855, -32.4426078796, -3.99905133247, 59.4217720032, 46.7911758423, 110.466812134, -6.25726652145, 19.5041790009, -41.42395401, 13.7532939911, 15.8458614349], [-386.06362915, 216.666641235, 31.3511791229, 97.1383361816, 51.225944519, -58.472202301, 9.00562572479, -6.25726652145, 143.323623657, -13.7111635208, 71.0546264648, -13.5168151855, -30.9429683685], [180.267486572, -140.612731934, 3.3861618042, -3.1670024395, -32.0344238281, 27.5588912964, -24.4498806, 19.5041790009, -13.7111635208, 99.7441177368, -22.4008274078, -4.23275375366, -0.678878247738], [-497.894439697, 260.33883667, 42.4227256775, 71.6753616333, 39.1746253967, -53.7076263428, 0.2031994313, -41.42395401, 71.0546264648, -22.4008274078, 157.617019653, 26.8270263672, -45.8984413147], [-4.19131040573, -34.7698440552, 27.3416519165, -11.5227518082, 4.77456855774, 13.8819894791, 18.8620700836, 13.7532939911, -13.5168151855, -4.23275375366, 26.8270263672, 82.5856781006, 4.50610113144], [146.478179932, -72.045753479, -48.2195587158, -54.2210197449, -17.2325668335, 19.3803348541, 17.635925293, 15.8458614349, -30.9429683685, -0.678878247738, -45.8984413147, 4.50610113144, 95.7100219727]],
        "icov": [[0.00065535842441, -0.00121666712221, 0.00121645443141, -0.000774369458668, 0.00104513170663, -0.00135476200376, 0.000840684515424, -0.00170579808764, 0.00144401274156, -0.000999504118226, 0.00255384109914, -0.00140737940092, 0.000596078054514], [-0.00121666712221, 0.00664680590853, -0.00308448355645, 0.0026400340721, -0.00410400703549, 0.00453485082835, -0.00267574400641, 0.00546132680029, -0.00531075615436, 0.00480200955644, -0.00965925306082, 0.00591863319278, -0.00185500620864], [0.00121645443141, -0.00308448355645, 0.00576857570559, -0.00182463473175, 0.00188810389955, -0.00404004519805, 0.00231435615569, -0.00368837243877, 0.0025221821852, -0.00239021191373, 0.00543083110824, -0.00436353357509, 0.00263954489492], [-0.000774369458668, 0.0026400340721, -0.00182463473175, 0.00525593804196, -0.00130324449856, 0.00146767264232, -0.00198816857301, 0.00412198388949, -0.00507713714615, 0.00161489378661, -0.00462540704757, 0.00273805391043, 0.000405735656386], [0.00104513170663, -0.00410400703549, 0.00188810389955, -0.00130324449856, 0.00975531991571, -0.00318095576949, -0.000626780616585, -0.00284780655056, 0.00141180749051, -0.00190816866234, 0.00629740813747, -0.00392381288111, 0.00215927697718], [-0.00135476200376, 0.00453485082835, -0.00404004519805, 0.00146767264232, -0.00318095576949, 0.0119715621695, -0.00417674332857, 0.00162031606305, -0.000695821305271, 0.00191521737725, -0.00678441487253, 0.00452975928783, -0.00189061020501], [0.000840684515424, -0.00267574400641, 0.00231435615569, -0.00198816857301, -0.000626780616585, -0.00417674332857, 0.01054493431, -0.00632147025317, 0.0024163487833, 0.000368615379557, 0.00378466583788, -0.00352384336293, -0.000659991521388], [-0.00170579808764, 0.00546132680029, -0.00368837243877, 0.00412198388949, -0.00284780655056, 0.00162031606305, -0.00632147025317, 0.0203279927373, -0.00930098816752, 0.0018363102572, -0.00499462615699, 0.00222695269622, -0.00133702566382], [0.00144401274156, -0.00531075615436, 0.0025221821852, -0.00507713714615, 0.00141180749051, -0.000695821305271, 0.0024163487833, -0.00930098816752, 0.0184492822737, -0.00396877434105, 0.00364967575297, -0.00112027127761, 0.00141597306356], [-0.000999504118226, 0.00480200955644, -0.00239021191373, 0.00161489378661, -0.00190816866234, 0.00191521737725, 0.000368615379557, 0.0018363102572, -0.00396877434105, 0.0154849747196, -0.00662461575121, 0.00472683366388, -0.000820971559733], [0.00255384109914, -0.00965925306082, 0.00543083110824, -0.00462540704757, 0.00629740813747, -0.00678441487253, 0.00378466583788, -0.00499462615699, 0.00364967575297, -0.00662461575121, 0.0276774391532, -0.014733706601, 0.00667294859886], [-0.00140737940092, 0.00591863319278, -0.00436353357509, 0.00273805391043, -0.00392381288111, 0.00452975928783, -0.00352384336293, 0.00222695269622, -0.00112027127761, 0.00472683366388, -0.014733706601, 0.0213062632829, -0.00377860222943], [0.000596078054514, -0.00185500620864, 0.00263954489492, 0.000405735656386, 0.00215927697718, -0.00189061020501, -0.000659991521388, -0.00133702566382, 0.00141597306356, -0.000820971559733, 0.00667294859886, -0.00377860222943, 0.0146437911317]]
    },
    "melbands": {
        "mean": [0.000213176492252, 0.0011967868777, 0.000745387747884, 0.000859902414959, 0.000546610739548, 0.000190215097973, 0.000107827123429, 9.49269815465e-005, 0.000216555505176, 0.000178320755367, 0.000669510045554, 0.00141333171632, 0.000230246063438, 4.60186965938e-005, 2.32298789342e-005, 2.41204998019e-005, 4.08396117564e-005, 0.000117643241538, 0.000164759316249, 4.19908828917e-005, 2.63695328613e-005, 2.43182239501e-005, 9.37484492169e-006, 1.1916989024e-005, 1.14015147119e-005, 1.55133911903e-005, 1.34121783049e-005, 1.03937009044e-005, 1.04874206954e-005, 5.64191077501e-006, 4.52215681435e-006, 1.42084832078e-006, 7.41666440263e-007, 5.67339100144e-007, 4.46798452458e-007, 3.43515807799e-007, 2.74163966196e-007, 2.46440265528e-007, 1.41995187164e-007, 9.8258588821e-008],
        "var": [8.19310983502e-008, 2.07959647014e-006, 5.2547454743e-007, 7.56107226607e-007, 2.79254834368e-007, 5.19512326491e-008, 1.56860995304e-008, 1.29446577901e-008, 1.63453648838e-007, 1.81600796623e-007, 1.00220029253e-006, 4.54998007626e-006, 2.09586602296e-007, 1.19270975318e-008, 9.41218658568e-010, 1.83335679971e-009, 2.91747270786e-009, 4.24219273043e-008, 9.8308369445e-008, 5.75644198975e-009, 1.74769443362e-009, 3.95051769075e-009, 1.15304578385e-010, 1.77230508047e-010, 1.60991581177e-010, 3.04212405267e-010, 2.56007937072e-010, 1.4897928724e-010, 1.78654493976e-010, 3.01034926153e-011, 2.95076289791e-011, 2.53180050709e-012, 1.24762450805e-012, 7.25770030012e-013, 4.67040523009e-013, 2.80324130878e-013, 2.13426742642e-013, 1.4938493964e-013, 6.11350976353e-014, 3.35980599082e-014]
    },
    "mfcc": {
        "mean": [-638.754455566, 138.271347046, -26.0753517151, 31.3064403534, -9.63226222992, 4.13381099701, 2.84456086159, 0.593632876873, 7.43357896805, 3.44558548927, -18.5884799957, -15.1719751358, -11.3600378036],
        "cov": [[3287.93237305, -947.727905273, -220.151412964, -309.937011719, -247.977355957, 51.3860702515, 150.740814209, -52.0819740295, 268.252868652, 220.343765259, -281.917175293, -239.549301147, -150.387695313], [-947.727905273, 892.785827637, -7.42574739456, 99.7296981812, 140.399368286, -49.0258102417, -40.0551452637, 45.789768219, -104.588523865, -80.3083953857, 109.469833374, 109.524467468, 68.0436935425], [-220.151412964, -7.42574739456, 322.829956055, 40.4020652771, 47.0119400024, 31.188873291, -11.6645145416, 18.7723999023, -16.5502281189, -25.5692653656, 64.9647293091, 49.0047912598, 28.6785354614], [-309.937011719, 99.7296981812, 40.4020652771, 290.557830811, 47.6264839172, 41.1344490051, -53.1231422424, 37.5634651184, -40.9907913208, -1.88679468632, 91.2638473511, 40.7007751465, 30.9188194275], [-247.977355957, 140.399368286, 47.0119400024, 47.6264839172, 145.178985596, 17.7774219513, -16.7329654694, 22.6159420013, -25.8539943695, -15.5246829987, 49.9337692261, 34.9338874817, 27.3951721191], [51.3860702515, -49.0258102417, 31.188873291, 41.1344490051, 17.7774219513, 117.227676392, 35.7713661194, 30.3602600098, -2.62165784836, 12.2575235367, 25.9250545502, 1.45505547523, -10.1332931519], [150.740814209, -40.0551452637, -11.6645145416, -53.1231422424, -16.7329654694, 35.7713661194, 135.192443848, 37.2152671814, 41.3753509521, 11.0271692276, -19.7817707062, -14.1494693756, -17.6316623688], [-52.0819740295, 45.789768219, 18.7723999023, 37.5634651184, 22.6159420013, 30.3602600098, 37.2152671814, 141.124130249, 13.4770154953, -6.25749158859, 34.4079971313, 18.9789466858, 12.5811319351], [268.252868652, -104.588523865, -16.5502281189, -40.9907913208, -25.8539943695, -2.62165784836, 41.3753509521, 13.4770154953, 151.19241333, 56.8182296753, -58.7971839905, -42.9403190613, -22.4609851837], [220.343765259, -80.3083953857, -25.5692653656, -1.88679468632, -15.5246829987, 12.2575235367, 11.0271692276, -6.25749158859, 56.8182296753, 103.904670715, -11.9450683594, -32.3895263672, -18.0380439758], [-281.917175293, 109.469833374, 64.9647293091, 91.2638473511, 49.9337692261, 25.9250545502, -19.7817707062, 34.4079971313, -58.7971839905, -11.9450683594, 141.711517334, 71.9769592285, 32.8325691223], [-239.549301147, 109.524467468, 49.0047912598, 40.7007751465, 34.9338874817, 1.45505547523, -14.1494693756, 18.9789466858, -42.9403190613, -32.3895263672, 71.9769592285, 116.937759399, 40.4543533325], [-150.387695313, 68.0436935425, 28.6785354614, 30.9188194275, 27.3951721191, -10.1332931519, -17.6316623688, 12.5811319351, -22.4609851837, -18.0380439758, 32.8325691223, 40.4543533325, 73.087348938]],
        "icov": [[0.000580463616643, 0.000404622056521, 0.000213322447962, 0.000279124680674, 0.000214677813346, -0.000224765055464, -0.000113741938549, -9.06882269192e-005, -0.000173787630047, -0.000619792961515, 0.000350391637767, 8.35150349303e-005, 8.24394446681e-005], [0.000404622056521, 0.00194728199858, 0.000576741877012, -8.36246690596e-005, -0.00116187159438, 0.000918861944228, -0.000356283941073, -0.00035034341272, 0.000320721766911, 0.0001339437149, -0.000182128569577, -0.000551210308913, -0.000115472692414], [0.000213322447962, 0.000576741877012, 0.00386436586268, 0.000227066193474, -0.000734122528229, -0.000833415833768, 0.000301184365526, 0.000123055375298, -0.000867203925736, 0.000950275105424, -0.00137222954072, -0.000556100159883, -0.000607024820056], [0.000279124680674, -8.36246690596e-005, 0.000227066193474, 0.00521324435249, 0.000101476434793, -0.00205263402313, 0.00230997917242, -0.000937748234719, -0.000268659146968, -0.000630686059594, -0.00219783117063, 0.000518035376444, -0.000783890311141], [0.000214677813346, -0.00116187159438, -0.000734122528229, 0.000101476434793, 0.00953696668148, -0.00195655156858, 0.00101334252395, -0.000432960863691, -0.000439481809735, -0.000105188293674, -0.00108631420881, 0.000175405046321, -0.00152855657507], [-0.000224765055464, 0.000918861944228, -0.000833415833768, -0.00205263402313, -0.00195655156858, 0.0123758791015, -0.00385120953433, -0.00119408534374, 0.00174583541229, -0.0010987810092, -0.00130104692653, 0.000234889099374, 0.00232293899171], [-0.000113741938549, -0.000356283941073, 0.000301184365526, 0.00230997917242, 0.00101334252395, -0.00385120953433, 0.0109145091847, -0.00258525414392, -0.00223849527538, 0.000654149393085, -4.47657930636e-006, -0.000252624129644, 0.000781884475145], [-9.06882269192e-005, -0.00035034341272, 0.000123055375298, -0.000937748234719, -0.000432960863691, -0.00119408534374, -0.00258525414392, 0.00928439106792, -0.00210085511208, 0.00159179989714, -0.00214755511843, 0.000108439220639, -0.00108521629591], [-0.000173787630047, 0.000320721766911, -0.000867203925736, -0.000268659146968, -0.000439481809735, 0.00174583541229, -0.00223849527538, -0.00210085511208, 0.0114984791726, -0.00552566628903, 0.00427797902375, -6.9316738518e-005, 0.000312690390274], [-0.000619792961515, 0.0001339437149, 0.000950275105424, -0.000630686059594, -0.000105188293674, -0.0010987810092, 0.000654149393085, 0.00159179989714, -0.00552566628903, 0.0148840993643, -0.00391078554094, 0.00259976275265, 0.000557912397198], [0.000350391637767, -0.000182128569577, -0.00137222954072, -0.00219783117063, -0.00108631420881, -0.00130104692653, -4.47657930636e-006, -0.00214755511843, 0.00427797902375, -0.00391078554094, 0.0157358851284, -0.00615731952712, -0.000357156794053], [8.35150349303e-005, -0.000551210308913, -0.000556100159883, 0.000518035376444, 0.000175405046321, 0.000234889099374, -0.000252624129644, 0.000108439220639, -6.9316738518e-005, 0.00259976275265, -0.00615731952712, 0.0152174923569, -0.00446536811069], [8.24394446681e-005, -0.000115472692414, -0.000607024820056, -0.000783890311141, -0.00152855657507, 0.00232293899171, 0.000781884475145, -0.00108521629591, 0.000312690390274, 0.000557912397198, -0.000357156794053, -0.00446536811069, 0.0186654850841]]
    },
    "spectral_contrast_coeffs": {
        "mean": [-0.575016021729, -0.740522921085, -0.679211378098, -0.738394320011, -0.75684851408, -0.705253362656],
        "var": [0.00503488210961, 0.00386141985655, 0.00813287403435, 0.0035239784047, 0.00205349503085, 0.00208798563108]
    },
    "spectral_contrast_valleys": {
        "mean": [-7.5695400238, -6.76692295074, -7.19206285477, -7.65906238556, -7.56277608871, -10.9767742157],
        "var": [1.04202151299, 0.852230489254, 0.897533476353, 0.890390634537, 1.0016027689, 1.32323801517]
    }
},
"metadata": {
    "audio_properties": {
        "analysis_sample_rate": 44100,
        "bit_rate": 112294,
        "equal_loudness": 0,
        "length": 45.0873451233,
        "lossless": 0,
        "replay_gain": -19.0917854309,
        "sample_rate": 44100,
        "codec": "mp3",
        "downmix": "mix",
        "md5_encoded": "7566483952aaa54324eb7f83d0897b7f"
    },
    "tags": {
        "file_name": "253.mp3"
    },
    "version": {
        "essentia": "2.1-beta2",
        "essentia_git_sha": "v2.1_beta2",
        "extractor": "music 1.0"
    }
},
"rhythm": {
    "beats_count": 79,
    "beats_loudness": {
        "mean": 0.0346420109272,
        "var": 0.000224186762352
    },
    "bpm": 106.516891479,
    "bpm_histogram_first_peak_bpm": {
        "mean": 108,
        "var": 0
    },
    "bpm_histogram_first_peak_spread": {
        "mean": 0.476190507412,
        "var": 0
    },
    "bpm_histogram_first_peak_weight": {
        "mean": 0.423076927662,
        "var": 0
    },
    "bpm_histogram_second_peak_bpm": {
        "mean": 103,
        "var": 0
    },
    "bpm_histogram_second_peak_spread": {
        "mean": 0.199999988079,
        "var": 0
    },
    "bpm_histogram_second_peak_weight": {
        "mean": 0.153846159577,
        "var": 0
    },
    "danceability": 0.881546616554,
    "onset_rate": 2.23923134804,
    "beats_loudness_band_ratio": {
        "mean": [0.243605479598, 0.2305200845, 0.146060362458, 0.295461833477, 0.108629733324, 0.0384688824415],
        "var": [0.0240086633712, 0.0340212546289, 0.0165818929672, 0.0558334961534, 0.00885034352541, 0.00074348563794]
    },
    "beats_position": [0.568888902664, 1.14938771725, 1.72988653183, 2.32199549675, 2.90249419212, 3.49460315704, 4.08671188354, 4.66721057892, 5.24770975113, 5.8282084465, 6.40870714188, 6.98920631409, 7.55809497833, 8.12698364258, 8.6958732605, 9.26476192474, 9.82204055786, 10.379319191, 10.9365987778, 11.505487442, 12.0743761063, 12.6316547394, 13.2005443573, 13.7578229904, 14.3034915924, 14.8607711792, 15.4180498123, 15.9637184143, 16.50938797, 17.0666656494, 17.6239452362, 18.181224823, 18.7501125336, 19.3073921204, 19.853061676, 20.4103393555, 20.9676189423, 21.5248966217, 22.0821762085, 22.6510658264, 23.2315635681, 23.800453186, 24.369342804, 24.9266204834, 25.4955101013, 26.0643978119, 26.6332874298, 27.1905670166, 27.7594547272, 28.3283443451, 28.9088420868, 29.4893417358, 30.0466213226, 30.6038990021, 31.1611785889, 31.7184581757, 32.2757377625, 32.8214035034, 33.3786849976, 33.935962677, 34.5164604187, 35.0853500366, 35.6542396545, 36.1999092102, 36.7571868896, 37.3144645691, 37.883354187, 38.4522438049, 39.0095214844, 39.5668029785, 40.124080658, 40.6929702759, 41.2618598938, 41.8191375732, 42.3764152527, 42.9220848083, 43.4793624878, 44.0482521057, 44.6055335999]
},
"tonal": {
    "chords_changes_rate": 0.0668724253774,
    "chords_number_rate": 0.0144032919779,
    "chords_strength": {
        "mean": 0.516150593758,
        "var": 0.0134428674355
    },
    "hpcp_entropy": {
        "mean": 1.90448331833,
        "var": 0.434017270803
    },
    "key_strength": 0.629579484463,
    "tuning_diatonic_strength": 0.628768205643,
    "tuning_equal_tempered_deviation": 0.106659382582,
    "tuning_frequency": 446.142181396,
    "tuning_nontempered_energy_ratio": 0.789767861366,
    "hpcp": {
        "mean": [0.360542923212, 0.247165903449, 0.193039834499, 0.21912381053, 0.14461171627, 0.0898614153266, 0.0844687074423, 0.0657308697701, 0.0844320729375, 0.113465793431, 0.0888492688537, 0.05090630427, 0.0464031659067, 0.0673753172159, 0.139222741127, 0.191077232361, 0.14435569942, 0.0813481882215, 0.0540598332882, 0.0491894260049, 0.0471613369882, 0.040722284466, 0.0411663800478, 0.0631232112646, 0.0944638475776, 0.0825022831559, 0.0538960061967, 0.0596633069217, 0.10894497484, 0.229209378362, 0.281535536051, 0.239565297961, 0.185617268085, 0.129385322332, 0.135455563664, 0.268811404705],
        "var": [0.147160202265, 0.0764810964465, 0.0691478773952, 0.10376509279, 0.0501945465803, 0.0286800395697, 0.0330772250891, 0.015873234719, 0.0292758774012, 0.0498804785311, 0.0283572971821, 0.0100001338869, 0.0119850793853, 0.0184531062841, 0.0386847667396, 0.0640012025833, 0.0530730262399, 0.0313227847219, 0.0181937348098, 0.0155094256625, 0.0111026205122, 0.0107975061983, 0.0131931565702, 0.0174897667021, 0.0379573442042, 0.0296294782311, 0.015820318833, 0.019649900496, 0.0341943688691, 0.096069663763, 0.111418776214, 0.101492546499, 0.0889268368483, 0.053497903049, 0.056652430445, 0.0950214788318]
    },
    "chords_histogram": [35.9053497314, 0.411522626877, 10.2880659103, 3.70370364189, 4.11522626877, 5.04115247726, 0.514403283596, 5.04115247726, 0, 21.3991775513, 4.01234579086, 2.26337456703, 1.33744859695, 0, 0, 0, 0, 0, 1.02880656719, 1.85185182095, 0.308641970158, 1.33744859695, 0.308641970158, 1.13168728352],
    "thpcp": [1, 0.685538053513, 0.535414278507, 0.607760667801, 0.401094317436, 0.249239161611, 0.234281972051, 0.182310804725, 0.234180361032, 0.314708143473, 0.246431872249, 0.141193464398, 0.128703579307, 0.186871826649, 0.386147469282, 0.529970824718, 0.400384217501, 0.225626915693, 0.14994007349, 0.136431545019, 0.130806446075, 0.112947121263, 0.114178858697, 0.175078213215, 0.262004435062, 0.228827908635, 0.149485692382, 0.165481835604, 0.302169233561, 0.635733962059, 0.780865490437, 0.664457082748, 0.51482707262, 0.35886245966, 0.37569886446, 0.745573937893],
    "chords_key": "G",
    "chords_scale": "minor",
    "key_key": "G",
    "key_scale": "minor"
}
}