{
"lowlevel": {
    "average_loudness": 0.969949066639,
    "barkbands_crest": {
        "mean": 11.4640045166,
        "var": 17.8759994507
    },
    "barkbands_flatness_db": {
        "mean": 0.399047166109,
        "var": 0.00194919120986
    },
    "barkbands_kurtosis": {
        "mean": 0.565009832382,
        "var": 6.73885345459
    },
    "barkbands_skewness": {
        "mean": 0.219089493155,
        "var": 1.30020296574
    },
    "barkbands_spread": {
        "mean": 9.91962242126,
        "var": 16.8713302612
    },
    "dissonance": {
        "mean": 0.424145579338,
        "var": 0.00196544919163
    },
    "dynamic_complexity": 2.86362171173,
    "erbbands_crest": {
        "mean": 15.7634496689,
        "var": 41.646320343
    },
    "erbbands_flatness_db": {
        "mean": 0.434727370739,
        "var": 0.00177187065128
    },
    "erbbands_kurtosis": {
        "mean": 1.54781734943,
        "var": 17.5334701538
    },
    "erbbands_skewness": {
        "mean": -0.732364118099,
        "var": 0.880671799183
    },
    "erbbands_spread": {
        "mean": 13.7577104568,
        "var": 50.6978263855
    },
    "hfc": {
        "mean": 22.4977035522,
        "var": 639.442443848
    },
    "melbands_crest": {
        "mean": 12.7641010284,
        "var": 19.2807579041
    },
    "melbands_flatness_db": {
        "mean": 0.48623418808,
        "var": 0.00257555581629
    },
    "melbands_kurtosis": {
        "mean": 1.28652536869,
        "var": 13.6760625839
    },
    "melbands_skewness": {
        "mean": 0.716734409332,
        "var": 1.38311839104
    },
    "melbands_spread": {
        "mean": 18.4521427155,
        "var": 89.193901062
    },
    "pitch_salience": {
        "mean": 0.474176287651,
        "var": 0.00836715754122
    },
    "silence_rate_20dB": {
        "mean": 1,
        "var": 0
    },
    "silence_rate_30dB": {
        "mean": 0.998970150948,
        "var": 0.00102881155908
    },
    "silence_rate_60dB": {
        "mean": 0.0442842431366,
        "var": 0.0423227883875
    },
    "spectral_centroid": {
        "mean": 901.884216309,
        "var": 265045.6875
    },
    "spectral_complexity": {
        "mean": 13.582903862,
        "var": 22.2287101746
    },
    "spectral_decrease": {
        "mean": -5.78486947234e-009,
        "var": 2.08302855241e-017
    },
    "spectral_energy": {
        "mean": 0.0238740388304,
        "var": 0.00037623901153
    },
    "spectral_energyband_high": {
        "mean": 7.99607278168e-008,
        "var": 7.70247242181e-014
    },
    "spectral_energyband_low": {
        "mean": 0.000834505422972,
        "var": 2.99749831356e-006
    },
    "spectral_energyband_middle_high": {
        "mean": 0.013947901316,
        "var": 0.000303176027955
    },
    "spectral_energyband_middle_low": {
        "mean": 0.0102950390428,
        "var": 4.99040033901e-005
    },
    "spectral_entropy": {
        "mean": 6.09709310532,
        "var": 0.0941896215081
    },
    "spectral_flux": {
        "mean": 0.0690510720015,
        "var": 0.00217206543311
    },
    "spectral_kurtosis": {
        "mean": 73.359375,
        "var": 985.66418457
    },
    "spectral_rms": {
        "mean": 0.00445850612596,
        "var": 3.41348459187e-006
    },
    "spectral_rolloff": {
        "mean": 1307.53588867,
        "var": 769229.6875
    },
    "spectral_skewness": {
        "mean": 4.79514932632,
        "var": 3.58528375626
    },
    "spectral_spread": {
        "mean": 909909.1875,
        "var": 2.50257919181e+012
    },
    "spectral_strongpeak": {
        "mean": 3.04512929916,
        "var": 9.60164928436
    },
    "zerocrossingrate": {
        "mean": 0.0445947609842,
        "var": 0.000618581892923
    },
    "barkbands": {
        "mean": [6.04232113233e-008, 8.04953106126e-006, 0.000451545987744, 0.000934242794756, 0.00278649432585, 0.0020573399961, 0.00123937299941, 0.00056902464712, 0.00130741833709, 0.0019616605714, 0.00182882079389, 0.00354680395685, 0.00167762837373, 0.00379058904946, 0.00121226417832, 0.000304673943901, 0.000172379965079, 2.05356936931e-005, 4.99513407703e-006, 1.34905221216e-007, 6.31625463043e-009, 3.52905993317e-009, 2.08565342774e-009, 1.29262389681e-009, 1.25912913429e-009, 1.24036347859e-009, 1.09414233229e-009],
        "var": [9.63169380542e-015, 3.34462069151e-010, 1.34878666813e-006, 2.61294394477e-006, 1.22371293401e-005, 4.18438685301e-006, 1.59522403465e-006, 1.24159453208e-006, 5.96019071963e-006, 1.5038454876e-005, 1.68391088664e-005, 0.000116871669888, 2.81781067315e-005, 0.000108051033749, 1.71690226125e-005, 4.38421494664e-007, 9.11096194045e-008, 8.97389329513e-010, 9.95014695637e-011, 9.67420655845e-014, 4.56254805258e-015, 3.34629894933e-015, 9.34865816962e-016, 2.7096062528e-016, 2.64758544161e-016, 2.48536327974e-016, 1.08374437765e-016]
    },
    "erbbands": {
        "mean": [0.000175997367478, 0.00817778706551, 0.3178576231, 2.1464164257, 9.8011598587, 6.14215755463, 6.56635284424, 16.7491588593, 27.5181674957, 8.47406959534, 16.5907821655, 30.5395393372, 75.2119903564, 47.0572166443, 81.0285339355, 164.583374023, 94.1063308716, 182.210769653, 80.4331054688, 57.0992088318, 13.0343790054, 8.05445957184, 1.56471037865, 0.68289911747, 0.0818699225783, 0.0106667168438, 0.00116011744831, 0.00036036685924, 0.000209094549064, 0.000137641298352, 8.54070312926e-005, 5.87736649322e-005, 4.71369166917e-005, 3.78193471988e-005, 2.9184642699e-005, 2.07987923204e-005, 1.18982407002e-005, 4.09982521887e-006, 1.3019907783e-005, 2.84163234028e-005],
        "var": [9.64280246762e-008, 0.000294946075883, 0.579380989075, 10.9265241623, 207.237869263, 79.0917816162, 67.5602111816, 343.785186768, 1005.26849365, 127.625976563, 810.286499023, 2819.12939453, 20259.9902344, 6531.56640625, 29005.2050781, 257213.03125, 55602.1328125, 229874.25, 50220.3632813, 21468.4824219, 509.689605713, 155.105804443, 4.45004653931, 0.970213413239, 0.0121865654364, 0.0003307259758, 1.08079839265e-005, 6.56673182675e-006, 5.44766317034e-006, 2.67433028966e-006, 4.07564073157e-007, 1.34074710445e-007, 7.09737051352e-008, 3.47350486152e-008, 1.33712774186e-008, 4.24141521904e-009, 9.29705645802e-010, 1.18245926939e-010, 1.2979139985e-010, 5.70651026433e-010]
    },
    "gfcc": {
        "mean": [-191.425674438, 240.793243408, -176.955551147, -85.7477722168, 13.907084465, -33.8198165894, -53.4501724243, -18.5098686218, -24.8527679443, -32.0021133423, -7.78229999542, -17.9429073334, -10.9684906006],
        "cov": [[4962.17236328, 430.459472656, -659.337768555, -172.894210815, 102.557197571, -85.6582260132, 13.6213169098, -23.8705749512, -60.9478416443, -13.5982322693, 10.6962223053, -160.897079468, -162.590072632], [430.459472656, 1020.38244629, 589.366577148, 79.3520126343, 47.9015731812, -158.152420044, -213.597747803, -144.838302612, -92.4783706665, 10.4264879227, 166.856246948, 3.60116529465, -143.496032715], [-659.337768555, 589.366577148, 786.205627441, 205.173217773, 33.1032371521, 4.22447633743, -133.386001587, -127.940246582, -41.397403717, 16.8856964111, 86.0058898926, 1.50757491589, -102.777130127], [-172.894210815, 79.3520126343, 205.173217773, 224.012359619, 101.778160095, 52.3357391357, 22.9743518829, -6.34484767914, -4.12201309204, -17.9131565094, -41.6787338257, -34.3651885986, -12.7439069748], [102.557197571, 47.9015731812, 33.1032371521, 101.778160095, 202.699890137, 115.032279968, 58.502166748, 19.535779953, 11.6503915787, -33.9448852539, -79.7681045532, -75.7054595947, -8.18571853638], [-85.6582260132, -158.152420044, 4.22447633743, 52.3357391357, 115.032279968, 213.809509277, 105.216400146, 32.3521308899, 51.5345802307, -18.8026542664, -108.75920105, -65.158531189, -2.58249330521], [13.6213169098, -213.597747803, -133.386001587, 22.9743518829, 58.502166748, 105.216400146, 165.59197998, 105.034912109, 22.5129165649, -33.6889915466, -72.758934021, -29.8440494537, 31.6334724426], [-23.8705749512, -144.838302612, -127.940246582, -6.34484767914, 19.535779953, 32.3521308899, 105.034912109, 123.418670654, 47.6564178467, -26.3260974884, -53.23387146, -8.21083068848, 41.0191078186], [-60.9478416443, -92.4783706665, -41.397403717, -4.12201309204, 11.6503915787, 51.5345802307, 22.5129165649, 47.6564178467, 101.901695251, 42.6400566101, -46.5397949219, -31.1845684052, 10.1853160858], [-13.5982322693, 10.4264879227, 16.8856964111, -17.9131565094, -33.9448852539, -18.8026542664, -33.6889915466, -26.3260974884, 42.6400566101, 112.278488159, 80.0087356567, -4.97598171234, -53.9717979431], [10.6962223053, 166.856246948, 86.0058898926, -41.6787338257, -79.7681045532, -108.75920105, -72.758934021, -53.23387146, -46.5397949219, 80.0087356567, 190.90423584, 78.2156295776, -81.6107788086], [-160.897079468, 3.60116529465, 1.50757491589, -34.3651885986, -75.7054595947, -65.158531189, -29.8440494537, -8.21083068848, -31.1845684052, -4.97598171234, 78.2156295776, 108.517333984, 33.0229949951], [-162.590072632, -143.496032715, -102.777130127, -12.7439069748, -8.18571853638, -2.58249330521, 31.6334724426, 41.0191078186, 10.1853160858, -53.9717979431, -81.6107788086, 33.0229949951, 147.699768066]],
        "icov": [[0.000435368914623, -0.000831806333736, 0.00120441976469, -0.000493544212077, 0.000578225124627, -0.000391738227336, -0.000580167688895, 0.00104388757609, -0.000829131808132, 0.00111464306246, -0.000983944628388, 0.00111009634566, -1.19932406051e-006], [-0.000831806333736, 0.005363389384, -0.00482960836962, 0.00248516094871, -0.00416145473719, 0.00402722833678, 0.00190852943342, -0.000847467046697, -0.00125923054293, 0.00294801034033, -0.00286626513116, 0.00122039322741, 0.000122679150081], [0.00120441976469, -0.00482960836962, 0.00845675449818, -0.00659657362849, 0.00611076876521, -0.00705077173188, 0.00128368067089, 0.00358163681813, -0.00490247178823, 0.00800189003348, -0.00995575170964, 0.00744231138378, -0.00300794607028], [-0.000493544212077, 0.00248516094871, -0.00659657362849, 0.0126510970294, -0.00897214468569, 0.00832264311612, -0.0045479577966, -0.00122120743617, 0.00720185833052, -0.0130269285291, 0.017910990864, -0.0128417788073, 0.00684487912804], [0.000578225124627, -0.00416145473719, 0.00611076876521, -0.00897214468569, 0.0175625532866, -0.0133434413001, 0.00355775514618, -0.000228649325436, -0.00461206957698, 0.013347688131, -0.0178751442581, 0.0180600583553, -0.00860611628741], [-0.000391738227336, 0.00402722833678, -0.00705077173188, 0.00832264311612, -0.0133434413001, 0.0290713422, -0.0227283239365, 0.017883669585, -0.00969504192472, -0.00628496520221, 0.0223839040846, -0.0181253999472, 0.0137557219714], [-0.000580167688895, 0.00190852943342, 0.00128368067089, -0.0045479577966, 0.00355775514618, -0.0227283239365, 0.0453005619347, -0.0427073799074, 0.0299846120179, -0.0129038495943, -0.00157935917377, 0.00649715727195, -0.00543367350474], [0.00104388757609, -0.000847467046697, 0.00358163681813, -0.00122120743617, -0.000228649325436, 0.017883669585, -0.0427073799074, 0.0637006089091, -0.056628882885, 0.0462148785591, -0.0307813938707, 0.014331153594, -0.00495092011988], [-0.000829131808132, -0.00125923054293, -0.00490247178823, 0.00720185833052, -0.00461206957698, -0.00969504192472, 0.0299846120179, -0.056628882885, 0.0865918919444, -0.0846659988165, 0.0742233470082, -0.0417010076344, 0.0173795018345], [0.00111464306246, 0.00294801034033, 0.00800189003348, -0.0130269285291, 0.013347688131, -0.00628496520221, -0.0129038495943, 0.0462148785591, -0.0846659988165, 0.115425407887, -0.11149713397, 0.0735453888774, -0.0309398248792], [-0.000983944628388, -0.00286626513116, -0.00995575170964, 0.017910990864, -0.0178751442581, 0.0223839040846, -0.00157935917377, -0.0307813938707, 0.0742233470082, -0.11149713397, 0.138881266117, -0.0969290360808, 0.0515859499574], [0.00111009634566, 0.00122039322741, 0.00744231138378, -0.0128417788073, 0.0180600583553, -0.0181253999472, 0.00649715727195, 0.014331153594, -0.0417010076344, 0.0735453888774, -0.0969290360808, 0.0849707275629, -0.0410144366324], [-1.19932406051e-006, 0.000122679150081, -0.00300794607028, 0.00684487912804, -0.00860611628741, 0.0137557219714, -0.00543367350474, -0.00495092011988, 0.0173795018345, -0.0309398248792, 0.0515859499574, -0.0410144366324, 0.0328574106097]]
    },
    "melbands": {
        "mean": [1.28644069264e-006, 0.000115377115435, 0.000589172006585, 0.000649798370432, 0.000205295043997, 0.000438974035205, 0.000375150179025, 8.42569716042e-005, 0.000145020589116, 0.000197398505406, 0.000370488472981, 0.000164231591043, 0.000277370592812, 0.000394617585698, 0.000276707403827, 0.000200064285309, 0.00037358517875, 0.000148559702211, 0.000104063845356, 3.68111286662e-005, 1.29165809994e-005, 1.035832247e-005, 2.10059647543e-006, 9.60252009463e-007, 5.30043564595e-007, 6.43336051098e-008, 1.27119728077e-008, 4.34724167775e-009, 2.90082652343e-010, 1.49975157293e-010, 1.10353261251e-010, 8.34508157022e-011, 5.53106067891e-011, 4.97154643841e-011, 3.07847983216e-011, 2.01116952953e-011, 1.67000146351e-011, 1.47693836328e-011, 1.30465993911e-011, 1.1619987958e-011],
        "var": [9.79042107802e-012, 8.67340759214e-008, 6.63925163735e-007, 7.70859458044e-007, 6.01245915277e-008, 2.31208616697e-007, 1.77358842279e-007, 1.65982747546e-008, 5.34789599271e-008, 1.18542743621e-007, 5.07562447183e-007, 9.65932258623e-008, 4.03851998954e-007, 1.41150803756e-006, 5.03255705553e-007, 4.79921482111e-007, 1.06551192403e-006, 1.87358494941e-007, 1.13253832978e-007, 8.91500739897e-009, 5.46766687481e-010, 3.32253558e-010, 1.09735623366e-011, 2.14745040326e-012, 7.42700117986e-013, 1.06947210013e-014, 5.99764283495e-016, 1.21358036713e-016, 4.37787365786e-018, 1.94357437973e-018, 2.33534490222e-018, 1.97183355779e-018, 9.0226441714e-019, 8.55467346069e-019, 1.59891220672e-019, 6.41558116545e-020, 4.43895942098e-020, 3.56314446582e-020, 2.83892328261e-020, 2.26885350733e-020]
    },
    "mfcc": {
        "mean": [-793.597717285, 247.316635132, -64.5617141724, -51.4562149048, 28.6311340332, -10.361907959, -25.1041259766, -5.81598424911, -19.177148819, -21.2082462311, -10.3655633926, -18.2589645386, -18.0488491058],
        "cov": [[1880.38085938, 1032.29187012, -637.809570313, -45.7876663208, 196.075622559, -243.331665039, 18.9774150848, 82.9657745361, -210.233230591, -6.04775524139, 187.185089111, 67.2154006958, 8.16779136658], [1032.29187012, 860.97052002, 70.6886444092, 73.9550704956, 141.178482056, -51.2320098877, -45.4822998047, -63.5904426575, -206.673690796, -87.4787445068, 140.1978302, 118.788970947, -22.5144996643], [-637.809570313, 70.6886444092, 892.310668945, 244.328735352, -15.5499982834, 192.538269043, -67.804107666, -188.57333374, -80.8239822388, -128.165588379, -12.0597105026, 107.197174072, -23.4813728333], [-45.7876663208, 73.9550704956, 244.328735352, 184.847854614, 67.723815918, 42.2108535767, 16.9507637024, -21.9861068726, -32.9496879578, -23.6105804443, 8.34575366974, 28.4431858063, 0.952348768711], [196.075622559, 141.178482056, -15.5499982834, 67.723815918, 157.469818115, 88.2246322632, 27.9416656494, 33.1205062866, 40.092830658, 51.4929618835, 41.315196991, -18.7196025848, -57.1189460754], [-243.331665039, -51.2320098877, 192.538269043, 42.2108535767, 88.2246322632, 204.348800659, 50.6891098022, -6.48178529739, 80.9554748535, 55.7013473511, 13.8910398483, -15.5749530792, -68.7730407715], [18.9774150848, -45.4822998047, -67.804107666, 16.9507637024, 27.9416656494, 50.6891098022, 123.58392334, 103.045936584, 50.8935279846, 42.134147644, 6.98566532135, -13.5891857147, 9.25615406036], [82.9657745361, -63.5904426575, -188.57333374, -21.9861068726, 33.1205062866, -6.48178529739, 103.045936584, 194.365020752, 148.784973145, 62.6073493958, -34.6142730713, -65.8258056641, 5.13108444214], [-210.233230591, -206.673690796, -80.8239822388, -32.9496879578, 40.092830658, 80.9554748535, 50.8935279846, 148.784973145, 280.214508057, 161.925750732, -73.7202072144, -146.827209473, -65.9838867188], [-6.04775524139, -87.4787445068, -128.165588379, -23.6105804443, 51.4929618835, 55.7013473511, 42.134147644, 62.6073493958, 161.925750732, 194.221481323, 49.0972595215, -90.0001220703, -87.8749923706], [187.185089111, 140.1978302, -12.0597105026, 8.34575366974, 41.315196991, 13.8910398483, 6.98566532135, -34.6142730713, -73.7202072144, 49.0972595215, 197.531433105, 131.556472778, -34.9840087891], [67.2154006958, 118.788970947, 107.197174072, 28.4431858063, -18.7196025848, -15.5749530792, -13.5891857147, -65.8258056641, -146.827209473, -90.0001220703, 131.556472778, 242.086959839, 104.060096741], [8.16779136658, -22.5144996643, -23.4813728333, 0.952348768711, -57.1189460754, -68.7730407715, 9.25615406036, 5.13108444214, -65.9838867188, -87.8749923706, -34.9840087891, 104.060096741, 190.544296265]],
        "icov": [[0.151720076799, -0.216077700257, 0.221873268485, -0.231117844582, 0.238220781088, -0.234705716372, 0.223829656839, -0.199213027954, 0.163633704185, -0.122315481305, 0.0765463039279, -0.0389986857772, 0.0132598299533], [-0.216077700257, 0.312637597322, -0.325145423412, 0.345474183559, -0.363761037588, 0.359405070543, -0.340000033379, 0.299275517464, -0.242071777582, 0.180120110512, -0.112362682819, 0.056503828615, -0.018706265837], [0.221873268485, -0.325145423412, 0.356380790472, -0.396055430174, 0.429974675179, -0.440550297499, 0.424623131752, -0.374245584011, 0.30421435833, -0.222819373012, 0.140627935529, -0.071820050478, 0.0249324776232], [-0.231117844582, 0.345474183559, -0.396055430174, 0.473728567362, -0.5430945158, 0.589784026146, -0.605345249176, 0.562391102314, -0.476337343454, 0.362453103065, -0.23426681757, 0.120861247182, -0.0429290346801], [0.238220781088, -0.363761037588, 0.429974675179, -0.5430945158, 0.687703430653, -0.802995324135, 0.882139265537, -0.878371357918, 0.784872114658, -0.624373793602, 0.417554140091, -0.219418302178, 0.0799745693803], [-0.234705716372, 0.359405070543, -0.440550297499, 0.589784026146, -0.802995324135, 1.03468441963, -1.21764492989, 1.27936208248, -1.1960940361, 0.978376567364, -0.673456430435, 0.358635395765, -0.129771128297], [0.223829656839, -0.340000033379, 0.424623131752, -0.605345249176, 0.882139265537, -1.21764492989, 1.53428053856, -1.67387545109, 1.60677289963, -1.34578156471, 0.94039106369, -0.508712947369, 0.18732149899], [-0.199213027954, 0.299275517464, -0.374245584011, 0.562391102314, -0.878371357918, 1.27936208248, -1.67387545109, 1.89543962479, -1.85656118393, 1.57705307007, -1.11746609211, 0.610545754433, -0.230512037873], [0.163633704185, -0.242071777582, 0.30421435833, -0.476337343454, 0.784872114658, -1.1960940361, 1.60677289963, -1.85656118393, 1.85863316059, -1.59810876846, 1.14535272121, -0.628720462322, 0.240027233958], [-0.122315481305, 0.180120110512, -0.222819373012, 0.362453103065, -0.624373793602, 0.978376567364, -1.34578156471, 1.57705307007, -1.59810876846, 1.40142571926, -1.0153208971, 0.566199064255, -0.216609343886], [0.0765463039279, -0.112362682819, 0.140627935529, -0.23426681757, 0.417554140091, -0.673456430435, 0.94039106369, -1.11746609211, 1.14535272121, -1.0153208971, 0.761671066284, -0.434444695711, 0.173935517669], [-0.0389986857772, 0.056503828615, -0.071820050478, 0.120861247182, -0.219418302178, 0.358635395765, -0.508712947369, 0.610545754433, -0.628720462322, 0.566199064255, -0.434444695711, 0.259841740131, -0.107438720763], [0.0132598299533, -0.018706265837, 0.0249324776232, -0.0429290346801, 0.0799745693803, -0.129771128297, 0.18732149899, -0.230512037873, 0.240027233958, -0.216609343886, 0.173935517669, -0.107438720763, 0.0538326539099]]
    },
    "spectral_contrast_coeffs": {
        "mean": [-0.464461296797, -0.665241062641, -0.686123132706, -0.697353243828, -0.544188082218, -0.945321857929],
        "var": [0.00878360681236, 0.00632633036003, 0.00475302059203, 0.00346920615993, 0.00333401025273, 0.000931019661948]
    },
    "spectral_contrast_valleys": {
        "mean": [-9.66839599609, -7.38428688049, -7.41699743271, -7.85663223267, -12.2685108185, -14.3963756561],
        "var": [1.37379527092, 1.44861447811, 1.23199486732, 1.29989326, 1.3089132309, 1.31864917278]
    }
},
"metadata": {
    "audio_properties": {
        "analysis_sample_rate": 44100,
        "bit_rate": 102087,
        "equal_loudness": 0,
        "length": 45.0612258911,
        "lossless": 0,
        "replay_gain": -11.2463245392,
        "sample_rate": 44100,
        "codec": "mp3",
        "downmix": "mix",
        "md5_encoded": "b07b81e3b9de56475bee9ec92cd6382c"
    },
    "tags": {
        "file_name": "254.mp3"
    },
    "version": {
        "essentia": "2.1-beta2",
        "essentia_git_sha": "v2.1_beta2",
        "extractor": "music 1.0"
    }
},
"rhythm": {
    "beats_count": 79,
    "beats_loudness": {
        "mean": 0.0329951345921,
        "var": 0.00024579607998
    },
    "bpm": 107.027549744,
    "bpm_histogram_first_peak_bpm": {
        "mean": 108,
        "var": 0
    },
    "bpm_histogram_first_peak_spread": {
        "mean": 0.484848499298,
        "var": 0
    },
    "bpm_histogram_first_peak_weight": {
        "mean": 0.435897439718,
        "var": 0
    },
    "bpm_histogram_second_peak_bpm": {
        "mean": 103,
        "var": 0
    },
    "bpm_histogram_second_peak_spread": {
        "mean": 0.222222208977,
        "var": 0
    },
    "bpm_histogram_second_peak_weight": {
        "mean": 0.089743591845,
        "var": 0
    },
    "danceability": 1.3636636734,
    "onset_rate": 4.94659233093,
    "beats_loudness_band_ratio": {
        "mean": [0.19098764658, 0.239196106791, 0.237391889095, 0.39594578743, 0.114270620048, 0.000157801798196],
        "var": [0.0342855937779, 0.0288461316377, 0.0158338956535, 0.038063429296, 0.0197484549135, 1.1156245705e-007]
    },
    "beats_position": [0.615328788757, 1.25387752056, 1.8575963974, 2.47292518616, 3.11147379875, 3.7151927948, 4.29569149017, 4.86458063126, 5.4334692955, 6.01396799088, 6.58285713196, 7.1517457962, 7.73224496841, 8.3011341095, 8.87002277374, 9.45052146912, 10.0194101334, 10.5882987976, 11.1687984467, 11.749297142, 12.3065757751, 12.8754644394, 13.4443531036, 14.0132427216, 14.5821313858, 15.1394100189, 15.7082986832, 16.2655773163, 16.8344669342, 17.4033565521, 17.9722442627, 18.5295238495, 19.0868015289, 19.6440811157, 20.2245807648, 20.7934684753, 21.3623580933, 21.9196376801, 22.4769153595, 23.0341949463, 23.5914726257, 24.1487522125, 24.7176418304, 25.286529541, 25.8438091278, 26.4010887146, 26.9467563629, 27.5040359497, 28.0497055054, 28.6069831848, 29.1642627716, 29.7215423584, 30.2788200378, 30.8360996246, 31.3933773041, 31.9506568909, 32.5079345703, 33.053604126, 33.5992736816, 34.1565513611, 34.7138328552, 35.2711105347, 35.8283882141, 36.3740577698, 36.9197273254, 37.4653968811, 38.0226745605, 38.57995224, 39.1256217957, 39.6829032898, 40.2401809692, 40.7858505249, 41.3315200806, 41.88879776, 42.4344673157, 42.9801368713, 43.5374145508, 44.0946922302, 44.6519737244]
},
"tonal": {
    "chords_changes_rate": 0.0257201641798,
    "chords_number_rate": 0.00308641977608,
    "chords_strength": {
        "mean": 0.553210675716,
        "var": 0.0051646111533
    },
    "hpcp_entropy": {
        "mean": 1.41115534306,
        "var": 0.382314324379
    },
    "key_strength": 0.739865481853,
    "tuning_diatonic_strength": 0.582255005836,
    "tuning_equal_tempered_deviation": 0.0391723848879,
    "tuning_frequency": 444.341888428,
    "tuning_nontempered_energy_ratio": 0.649365246296,
    "hpcp": {
        "mean": [0.128518968821, 0.0583078488708, 0.0456342846155, 0.0725093409419, 0.0458543971181, 0.127997994423, 0.202582925558, 0.102964989841, 0.0475002005696, 0.0544342957437, 0.0305440500379, 0.0521232374012, 0.0780547335744, 0.0525197386742, 0.153065919876, 0.244103983045, 0.119389116764, 0.0222081001848, 0.0216024890542, 0.028404654935, 0.117507196963, 0.147880092263, 0.0595496296883, 0.0377780348063, 0.0392635948956, 0.0206553526223, 0.0863306075335, 0.131515309215, 0.0899866819382, 0.339749634266, 0.585679233074, 0.310363709927, 0.0349647179246, 0.0108857089654, 0.0206753034145, 0.0923017337918],
        "var": [0.0651222988963, 0.0151248779148, 0.0154605666175, 0.0432751737535, 0.010570526123, 0.0361376740038, 0.0938836410642, 0.0257950797677, 0.018262160942, 0.0246235076338, 0.0101258670911, 0.0198224149644, 0.0479398146272, 0.0131647028029, 0.060295227915, 0.135233595967, 0.0365860834718, 0.00374227343127, 0.00336006656289, 0.00346393627115, 0.0555437393486, 0.0748981535435, 0.0117239458486, 0.016287503764, 0.0214255824685, 0.00280482787639, 0.0359475128353, 0.0685217604041, 0.0158663913608, 0.0787699222565, 0.171216949821, 0.0766643956304, 0.00460946885869, 0.000918270205148, 0.00264276377857, 0.0340389385819]
    },
    "chords_histogram": [65.9465026855, 0, 0, 0, 0, 0, 0, 0, 0, 0, 0, 0, 0, 0, 0, 0, 0, 0.411522626877, 0, 0, 0, 0, 20.9876537323, 12.6543207169],
    "thpcp": [1, 0.529920995235, 0.0596994310617, 0.0185864698142, 0.0353014096618, 0.157597750425, 0.219435766339, 0.0995559468865, 0.0779168531299, 0.123803846538, 0.0782926827669, 0.218546241522, 0.345893979073, 0.175804406404, 0.081102758646, 0.0929421633482, 0.0521514974535, 0.0889962166548, 0.133272156119, 0.0896732136607, 0.261347711086, 0.416787832975, 0.203847274184, 0.0379185378551, 0.0368845053017, 0.0484986566007, 0.200634047389, 0.252493321896, 0.101676180959, 0.0645029470325, 0.0670394152403, 0.0352673456073, 0.147402539849, 0.224551767111, 0.153644993901, 0.580095052719],
    "chords_key": "G",
    "chords_scale": "major",
    "key_key": "G",
    "key_scale": "major"
}
}