{
"lowlevel": {
    "average_loudness": 0.97751802206,
    "barkbands_crest": {
        "mean": 7.81544971466,
        "var": 11.7866325378
    },
    "barkbands_flatness_db": {
        "mean": 0.119074232876,
        "var": 0.000784521515016
    },
    "barkbands_kurtosis": {
        "mean": 0.881761968136,
        "var": 6.04031705856
    },
    "barkbands_skewness": {
        "mean": 0.833474934101,
        "var": 0.563024938107
    },
    "barkbands_spread": {
        "mean": 23.417514801,
        "var": 74.030380249
    },
    "dissonance": {
        "mean": 0.47281473875,
        "var": 0.000351493043127
    },
    "dynamic_complexity": 0.942401528358,
    "erbbands_crest": {
        "mean": 8.3575553894,
        "var": 12.9992008209
    },
    "erbbands_flatness_db": {
        "mean": 0.167416870594,
        "var": 0.000875904166605
    },
    "erbbands_kurtosis": {
        "mean": 0.272951453924,
        "var": 1.1799685955
    },
    "erbbands_skewness": {
        "mean": 0.212012574077,
        "var": 0.255213886499
    },
    "erbbands_spread": {
        "mean": 29.7358360291,
        "var": 105.38936615
    },
    "hfc": {
        "mean": 30.9724178314,
        "var": 213.947479248
    },
    "melbands_crest": {
        "mean": 11.3384237289,
        "var": 20.9891967773
    },
    "melbands_flatness_db": {
        "mean": 0.15632006526,
        "var": 0.00136505998671
    },
    "melbands_kurtosis": {
        "mean": 4.27938652039,
        "var": 33.8921165466
    },
    "melbands_skewness": {
        "mean": 1.60340225697,
        "var": 0.954525470734
    },
    "melbands_spread": {
        "mean": 30.0876407623,
        "var": 182.389862061
    },
    "pitch_salience": {
        "mean": 0.593317449093,
        "var": 0.0072680702433
    },
    "silence_rate_20dB": {
        "mean": 1,
        "var": 0
    },
    "silence_rate_30dB": {
        "mean": 1,
        "var": 0
    },
    "silence_rate_60dB": {
        "mean": 0.00205867225304,
        "var": 0.00205448735505
    },
    "spectral_centroid": {
        "mean": 1565.33862305,
        "var": 377368.5625
    },
    "spectral_complexity": {
        "mean": 29.4508495331,
        "var": 46.5297431946
    },
    "spectral_decrease": {
        "mean": -8.38554470306e-009,
        "var": 7.59718160617e-018
    },
    "spectral_energy": {
        "mean": 0.0344582647085,
        "var": 0.000120336975669
    },
    "spectral_energyband_high": {
        "mean": 0.000793617917225,
        "var": 8.61570185862e-007
    },
    "spectral_energyband_low": {
        "mean": 0.00741167226806,
        "var": 3.64920233551e-005
    },
    "spectral_energyband_middle_high": {
        "mean": 0.0128231346607,
        "var": 7.33629567549e-005
    },
    "spectral_energyband_middle_low": {
        "mean": 0.0146459043026,
        "var": 0.000107738211227
    },
    "spectral_entropy": {
        "mean": 7.66322469711,
        "var": 0.0460489802063
    },
    "spectral_flux": {
        "mean": 0.106582142413,
        "var": 0.000992163200863
    },
    "spectral_kurtosis": {
        "mean": 4.21432685852,
        "var": 3.13962507248
    },
    "spectral_rms": {
        "mean": 0.0057206065394,
        "var": 8.92526486496e-007
    },
    "spectral_rolloff": {
        "mean": 1643.98803711,
        "var": 1068592.125
    },
    "spectral_skewness": {
        "mean": 1.430580616,
        "var": 0.07582873106
    },
    "spectral_spread": {
        "mean": 3777083,
        "var": 2.87392320717e+012
    },
    "spectral_strongpeak": {
        "mean": 1.34632468224,
        "var": 2.39187145233
    },
    "zerocrossingrate": {
        "mean": 0.0617777556181,
        "var": 0.000693809415679
    },
    "barkbands": {
        "mean": [0.000103989979834, 0.00370025238954, 0.0028510526754, 0.00164130178746, 0.00484824366868, 0.00191912718583, 0.00216124323197, 0.00174903019797, 0.0015494809486, 0.00257305335253, 0.00211397767998, 0.00129374896642, 0.00185375125147, 0.00124215579126, 0.00118664570618, 0.000652555085253, 0.000609884853475, 0.000565594644286, 0.00082276010653, 0.00036528336932, 0.000263696158072, 0.00012823882571, 0.00012117971346, 9.37172444537e-005, 3.77427277272e-005, 1.05019325929e-005, 9.84883357091e-008],
        "var": [5.84588768504e-008, 1.55208872457e-005, 1.21588764159e-005, 2.97560359286e-006, 6.44336614641e-005, 4.9827372095e-006, 6.27107647233e-006, 1.13077976494e-005, 3.41228474099e-006, 1.41470845847e-005, 6.10570123172e-006, 2.6742038699e-006, 7.38759536034e-006, 4.46545845989e-006, 5.00019177707e-006, 8.76574119957e-007, 3.76251364287e-007, 2.46561711492e-007, 5.42044347185e-007, 1.78432031817e-007, 1.66968220583e-007, 1.95829485961e-008, 3.08230134749e-008, 2.51388829753e-008, 2.89038948331e-009, 3.88203552637e-010, 2.24854721431e-013]
    },
    "erbbands": {
        "mean": [0.0609219409525, 1.00642156601, 3.38511562347, 4.47557640076, 13.6946401596, 14.6910219193, 12.172744751, 17.1706123352, 22.8747463226, 48.7504920959, 25.7737808228, 38.6430702209, 65.0267868042, 78.0162277222, 86.9721374512, 62.925819397, 91.5193252563, 69.9509506226, 65.3611526489, 49.9696083069, 32.7635002136, 33.322177887, 30.5424308777, 39.6826515198, 35.4111442566, 17.5604019165, 10.7153673172, 10.1887426376, 4.54028844833, 3.5238339901, 3.42751383781, 2.61389541626, 1.09581911564, 0.575620830059, 0.184126228094, 0.0671092644334, 0.0153854805976, 0.00109459494706, 4.73608088214e-005, 4.36672235082e-005],
        "var": [0.0047226822935, 1.12083828449, 15.0497789383, 15.4643888474, 499.946746826, 614.508422852, 165.437438965, 412.184020996, 802.62902832, 4451.85400391, 1242.81652832, 2441.47338867, 10962.9511719, 9872.53613281, 8269.21777344, 5207.55761719, 16744.3183594, 12464.3671875, 14576.3427734, 5687.57275391, 1549.76843262, 1162.06262207, 802.66986084, 1086.53063965, 1211.81152344, 369.563598633, 168.327697754, 270.732940674, 21.1149349213, 34.3564834595, 20.0844764709, 22.4679794312, 2.82772779465, 0.710169315338, 0.0635450705886, 0.0116239385679, 0.00138916587457, 1.21870580188e-005, 5.92296212076e-009, 1.88986534755e-010]
    },
    "gfcc": {
        "mean": [41.3899230957, 104.620178223, -146.212738037, 35.1019859314, -62.4576797485, 20.2150382996, -35.73021698, 10.3256216049, -27.8218345642, -1.82176399231, -9.47627353668, -5.67734766006, -10.4010066986],
        "cov": [[3404.04345703, -21.4316997528, -300.449127197, 87.6916351318, -170.001846313, 104.886871338, -85.5961685181, 65.4819869995, -100.162818909, 56.8000526428, -81.7246780396, 21.9978713989, -68.6333389282], [-21.4316997528, 443.051574707, -18.601776123, 20.7565097809, 46.4111289978, -67.8071365356, -2.46361041069, -41.6135902405, 24.8124732971, -69.3268203735, 43.8346366882, -18.8726291656, 49.5550270081], [-300.449127197, -18.601776123, 383.206848145, 57.3488578796, -3.29686021805, 9.93254470825, -45.3228034973, 2.20060443878, -9.98783588409, 9.82174682617, -47.6248321533, 54.8268203735, -17.8219070435], [87.6916351318, 20.7565097809, 57.3488578796, 197.553359985, 62.6778450012, 42.7285346985, 2.93005180359, 0.433923751116, 34.6911773682, 4.38762903214, -15.5713014603, -3.99341392517, 9.95441246033], [-170.001846313, 46.4111289978, -3.29686021805, 62.6778450012, 225.959854126, 46.7184677124, 32.4301605225, 2.37306189537, 9.37131023407, 17.4769763947, -8.41921329498, -17.1509723663, 6.65188503265], [104.886871338, -67.8071365356, 9.93254470825, 42.7285346985, 46.7184677124, 125.246330261, 55.1287994385, 27.4086513519, 3.96374130249, 18.7463226318, -3.05525612831, 2.13149404526, -1.17598080635], [-85.5961685181, -2.46361041069, -45.3228034973, 2.93005180359, 32.4301605225, 55.1287994385, 108.241874695, 34.0496292114, 13.5276575089, 8.23933601379, 24.1524028778, -1.99223029613, 10.9209947586], [65.4819869995, -41.6135902405, 2.20060443878, 0.433923751116, 2.37306189537, 27.4086513519, 34.0496292114, 91.8128356934, 26.9991817474, 20.7246341705, 5.86135387421, 12.5354614258, 0.289121687412], [-100.162818909, 24.8124732971, -9.98783588409, 34.6911773682, 9.37131023407, 3.96374130249, 13.5276575089, 26.9991817474, 83.9978256226, 17.9175338745, 13.448513031, -2.13181877136, 3.92701983452], [56.8000526428, -69.3268203735, 9.82174682617, 4.38762903214, 17.4769763947, 18.7463226318, 8.23933601379, 20.7246341705, 17.9175338745, 71.7310333252, 11.9802837372, 8.15755844116, -14.7906904221], [-81.7246780396, 43.8346366882, -47.6248321533, -15.5713014603, -8.41921329498, -3.05525612831, 24.1524028778, 5.86135387421, 13.448513031, 11.9802837372, 70.0704956055, 8.65779304504, 11.1736869812], [21.9978713989, -18.8726291656, 54.8268203735, -3.99341392517, -17.1509723663, 2.13149404526, -1.99223029613, 12.5354614258, -2.13181877136, 8.15755844116, 8.65779304504, 63.1112442017, 12.4888763428], [-68.6333389282, 49.5550270081, -17.8219070435, 9.95441246033, 6.65188503265, -1.17598080635, 10.9209947586, 0.289121687412, 3.92701983452, -14.7906904221, 11.1736869812, 12.4888763428, 57.4198913574]],
        "icov": [[0.000856579805259, -0.00132217258215, 0.00176093948539, -0.00110986898653, 0.00138452625833, -0.00168197636958, 0.00144295941573, -0.00136620749254, 0.00216826796532, -0.00218897056766, 0.00240752473474, -0.00184708239976, 0.00166259845719], [-0.00132217258215, 0.0062104309909, -0.00349570508115, 0.00155780173372, -0.00356958201155, 0.00472096446902, -0.00251415232196, 0.00311070610769, -0.00500125577673, 0.00745843257755, -0.00719597749412, 0.00439402833581, -0.00461463630199], [0.00176093948539, -0.00349570508115, 0.00758329965174, -0.00336236855946, 0.00311783212237, -0.0040572360158, 0.00402534892783, -0.0030504562892, 0.00505718868226, -0.00544446287677, 0.00781043386087, -0.00799500197172, 0.00533454213291], [-0.00110986898653, 0.00155780173372, -0.00336236855946, 0.00855929031968, -0.00312211574055, -0.000434899935499, -0.000754073553253, 0.00282528204843, -0.00621557096019, 0.00323471892625, -0.00219379505143, 0.00331183033995, -0.00375163392164], [0.00138452625833, -0.00356958201155, 0.00311783212237, -0.00312211574055, 0.00821705535054, -0.00435505621135, 0.00111343176104, -0.00191029312555, 0.00438895029947, -0.0066442610696, 0.00602121511474, -0.00192287040409, 0.00223613646813], [-0.00168197636958, 0.00472096446902, -0.0040572360158, -0.000434899935499, -0.00435505621135, 0.0170778427273, -0.00934791658074, 0.00165517884307, -0.00293506355956, 0.00404077582061, -0.00452476413921, 0.00377183058299, -0.00334307225421], [0.00144295941573, -0.00251415232196, 0.00402534892783, -0.000754073553253, 0.00111343176104, -0.00934791658074, 0.0181288644671, -0.00629000505432, 0.00311990524642, -0.00240412470885, -0.000290801777737, -0.00214663986117, 0.00122869573534], [-0.00136620749254, 0.00311070610769, -0.0030504562892, 0.00282528204843, -0.00191029312555, 0.00165517884307, -0.00629000505432, 0.0173584688455, -0.0083451801911, 0.00198000110686, -0.00275834836066, 0.000421169679612, -0.00286418711767], [0.00216826796532, -0.00500125577673, 0.00505718868226, -0.00621557096019, 0.00438895029947, -0.00293506355956, 0.00311990524642, -0.0083451801911, 0.022068746388, -0.0102407997474, 0.00502636702731, -0.00341229420155, 0.00405203877017], [-0.00218897056766, 0.00745843257755, -0.00544446287677, 0.00323471892625, -0.0066442610696, 0.00404077582061, -0.00240412470885, 0.00198000110686, -0.0102407997474, 0.0280556473881, -0.0133790532127, 0.00342272198759, -0.000217908775085], [0.00240752473474, -0.00719597749412, 0.00781043386087, -0.00219379505143, 0.00602121511474, -0.00452476413921, -0.000290801777737, -0.00275834836066, 0.00502636702731, -0.0133790532127, 0.0292441938072, -0.0104857608676, 0.00397133780643], [-0.00184708239976, 0.00439402833581, -0.00799500197172, 0.00331183033995, -0.00192287040409, 0.00377183058299, -0.00214663986117, 0.000421169679612, -0.00341229420155, 0.00342272198759, -0.0104857608676, 0.0272374674678, -0.0111180869862], [0.00166259845719, -0.00461463630199, 0.00533454213291, -0.00375163392164, 0.00223613646813, -0.00334307225421, 0.00122869573534, -0.00286418711767, 0.00405203877017, -0.000217908775085, 0.00397133780643, -0.0111180869862, 0.0264568813145]]
    },
    "melbands": {
        "mean": [0.000816169893369, 0.00166351057123, 0.0010016473243, 0.00118839438073, 0.0004428854445, 0.000374117982574, 0.000371001369786, 0.00052915897686, 0.000190570994164, 0.000240216846578, 0.000324146618368, 0.000310686562443, 0.000315536599373, 0.000158211711096, 0.00018042694137, 0.000181354640517, 0.000122647223179, 0.000100503428257, 8.05939780548e-005, 5.29283679498e-005, 3.63117796951e-005, 3.49211222783e-005, 2.96098205581e-005, 2.69603642664e-005, 3.24301108776e-005, 3.26580957335e-005, 1.73137541424e-005, 9.95121990854e-006, 6.1363621171e-006, 7.50083609091e-006, 5.31722707819e-006, 2.88088426714e-006, 1.67535404216e-006, 2.03921194952e-006, 1.93466280507e-006, 1.83258441666e-006, 1.50511914399e-006, 7.7455428027e-007, 6.32824367131e-007, 4.38146741999e-007],
        "var": [7.77287482379e-007, 2.71153726317e-006, 7.98169082827e-007, 4.36774189438e-006, 2.16464414393e-007, 1.92967206658e-007, 2.13257010273e-007, 6.28191287433e-007, 5.72592142589e-008, 9.50126590737e-008, 2.96223930718e-007, 1.81991325121e-007, 1.22338448705e-007, 2.68147495319e-008, 6.05973582424e-008, 6.91974051392e-008, 5.37587006022e-008, 3.51058346837e-008, 1.77960064462e-008, 7.45320694051e-009, 2.12014095169e-009, 1.73223313471e-009, 7.912631661e-010, 5.79498449227e-010, 8.62754145903e-010, 1.10861519964e-009, 3.80790371457e-010, 1.41528733177e-010, 6.10292996694e-011, 2.20357385117e-010, 5.44379263889e-011, 8.45119026843e-012, 6.61623750578e-012, 1.27826993782e-011, 6.05808198745e-012, 8.80011775256e-012, 8.32477142776e-012, 1.8404680991e-012, 6.81613836553e-013, 5.59743874515e-013]
    },
    "mfcc": {
        "mean": [-585.906921387, 123.093444824, -18.6786670685, 16.6206226349, -1.35936272144, 3.72233724594, 6.4170923233, 5.74756908417, -5.99629211426, 3.31128644943, -1.48914408684, -0.184322148561, -3.64297795296],
        "cov": [[1149.5168457, -109.593551636, -45.8508491516, -28.3295764923, -44.5272979736, 15.337182045, 30.8418292999, 6.75090646744, 17.5467796326, 32.4357681274, -1.72371339798, 9.10885429382, 0.807591438293], [-109.593551636, 412.599151611, -30.9394817352, 32.6241073608, 32.8946647644, -30.3150043488, -8.15155792236, -0.962260305882, -26.1927700043, -39.2953147888, -8.94348907471, -19.5298099518, 2.07500529289], [-45.8508491516, -30.9394817352, 323.421936035, 36.2612609863, -1.20839238167, 6.24318122864, -56.6108436584, 16.1205291748, 1.48238062859, -41.3727340698, -6.83559656143, 14.6013031006, -9.80851364136], [-28.3295764923, 32.6241073608, 36.2612609863, 158.733169556, 79.0830154419, 38.7934112549, -17.9195404053, 2.63647294044, 28.7373371124, -8.49270629883, 7.39126348495, 11.2380189896, -4.01454591751], [-44.5272979736, 32.8946647644, -1.20839238167, 79.0830154419, 149.425537109, 52.2451057434, 3.31337451935, 2.74526023865, 30.7148513794, 9.66183948517, 5.42923784256, 2.65120983124, 0.386665999889], [15.337182045, -30.3150043488, 6.24318122864, 38.7934112549, 52.2451057434, 117.237319946, 34.7691879272, 9.77752304077, 22.9350452423, 11.9657115936, 6.56980514526, 10.0683202744, -4.65723276138], [30.8418292999, -8.15155792236, -56.6108436584, -17.9195404053, 3.31337451935, 34.7691879272, 116.838859558, 20.8925189972, 8.93526363373, 24.488697052, 2.62262654305, -2.36580705643, 12.0899333954], [6.75090646744, -0.962260305882, 16.1205291748, 2.63647294044, 2.74526023865, 9.77752304077, 20.8925189972, 72.7967758179, 29.1600799561, 2.65677523613, 7.95651006699, 11.7025060654, 4.26230335236], [17.5467796326, -26.1927700043, 1.48238062859, 28.7373371124, 30.7148513794, 22.9350452423, 8.93526363373, 29.1600799561, 79.8446121216, 24.3477344513, 8.81889724731, 10.097322464, 5.31447410583], [32.4357681274, -39.2953147888, -41.3727340698, -8.49270629883, 9.66183948517, 11.9657115936, 24.488697052, 2.65677523613, 24.3477344513, 72.8266067505, 19.6910839081, 8.07526302338, 11.0455217361], [-1.72371339798, -8.94348907471, -6.83559656143, 7.39126348495, 5.42923784256, 6.56980514526, 2.62262654305, 7.95651006699, 8.81889724731, 19.6910839081, 53.3272361755, 25.0901622772, 5.87026548386], [9.10885429382, -19.5298099518, 14.6013031006, 11.2380189896, 2.65120983124, 10.0683202744, -2.36580705643, 11.7025060654, 10.097322464, 8.07526302338, 25.0901622772, 57.5721321106, 18.9984283447], [0.807591438293, 2.07500529289, -9.80851364136, -4.01454591751, 0.386665999889, -4.65723276138, 12.0899333954, 4.26230335236, 5.31447410583, 11.0455217361, 5.87026548386, 18.9984283447, 49.1860694885]],
        "icov": [[0.000920324062463, 0.000179634313099, 0.000124232654343, -3.29419453919e-005, 0.000340358965332, -0.000127006918774, -0.00010397018923, -1.12370153147e-005, -0.000147067737998, -0.000255860941252, 0.000268384173978, -0.000203798554139, 0.000131259846967], [0.000179634313099, 0.00294148176908, 0.000478147296235, -0.000658537668642, -0.000866944319569, 0.000987038598396, -0.000161093033967, -0.000626215070952, 0.000953680253588, 0.00150817562826, -0.000377962627681, 0.000969105225522, -0.000662246427964], [0.000124232654343, 0.000478147296235, 0.00389536423609, -0.00067457894329, 0.000376286101528, -0.000612620846368, 0.00177840795368, -0.00133628759068, 0.000131962326122, 0.00171248067636, 0.000547476287466, -0.000839676358737, 0.000177397349034], [-3.29419453919e-005, -0.000658537668642, -0.00067457894329, 0.0098677854985, -0.00415006652474, -0.00150063214824, 0.00125040556304, 0.00102903007064, -0.00260115857236, 0.00192752329167, -0.000909974507522, -0.00131181115285, 0.000656712451018], [0.000340358965332, -0.000866944319569, 0.000376286101528, -0.00415006652474, 0.010900799185, -0.00360245257616, 0.000577005033847, 0.000647002190817, -0.00203462992795, -0.00130395335145, 5.51742341486e-005, 0.00116735650226, -0.00080221646931], [-0.000127006918774, 0.000987038598396, -0.000612620846368, -0.00150063214824, -0.00360245257616, 0.012740040198, -0.00450851162896, 0.000521302688867, -0.000978175899945, 3.00103984046e-005, 0.000214997417061, -0.00248135975562, 0.00304517103359], [-0.00010397018923, -0.000161093033967, 0.00177840795368, 0.00125040556304, 0.000577005033847, -0.00450851162896, 0.0125086531043, -0.0041200038977, 0.00132732582279, -0.0026354866568, 0.000522909569554, 0.00234636990353, -0.00320410775021], [-1.12370153147e-005, -0.000626215070952, -0.00133628759068, 0.00102903007064, 0.000647002190817, 0.000521302688867, -0.0041200038977, 0.0186146609485, -0.0076482933946, 0.00276446901262, -0.00169121811632, -0.00269950553775, 0.000738123198971], [-0.000147067737998, 0.000953680253588, 0.000131962326122, -0.00260115857236, -0.00203462992795, -0.000978175899945, 0.00132732582279, -0.0076482933946, 0.0192803051323, -0.00599222583696, 0.00107072701212, -4.46650956292e-005, -0.000812005251646], [-0.000255860941252, 0.00150817562826, 0.00171248067636, 0.00192752329167, -0.00130395335145, 3.00103984046e-005, -0.0026354866568, 0.00276446901262, -0.00599222583696, 0.0209961421788, -0.00697488198057, 0.00120943249203, -0.00284155108966], [0.000268384173978, -0.000377962627681, 0.000547476287466, -0.000909974507522, 5.51742341486e-005, 0.000214997417061, 0.000522909569554, -0.00169121811632, 0.00107072701212, -0.00697488198057, 0.026606598869, -0.0115412557498, 0.00281745637767], [-0.000203798554139, 0.000969105225522, -0.000839676358737, -0.00131181115285, 0.00116735650226, -0.00248135975562, 0.00234636990353, -0.00269950553775, -4.46650956292e-005, 0.00120943249203, -0.0115412557498, 0.0275322347879, -0.0104228295386], [0.000131259846967, -0.000662246427964, 0.000177397349034, 0.000656712451018, -0.00080221646931, 0.00304517103359, -0.00320410775021, 0.000738123198971, -0.000812005251646, -0.00284155108966, 0.00281745637767, -0.0104228295386, 0.0258794445544]]
    },
    "spectral_contrast_coeffs": {
        "mean": [-0.629925370216, -0.751262485981, -0.746321976185, -0.757484674454, -0.763052880764, -0.72355735302],
        "var": [0.00631192652509, 0.00394933624193, 0.00293998699635, 0.00329538015649, 0.00123438821174, 0.00124052073807]
    },
    "spectral_contrast_valleys": {
        "mean": [-7.05938673019, -6.1741232872, -6.49120283127, -7.00657844543, -6.98360157013, -10.1009092331],
        "var": [1.01482832432, 0.916263520718, 0.958064973354, 0.835981488228, 0.829992473125, 0.756310641766]
    }
},
"metadata": {
    "audio_properties": {
        "analysis_sample_rate": 44100,
        "bit_rate": 106077,
        "equal_loudness": 0,
        "length": 45.0873451233,
        "lossless": 0,
        "replay_gain": -16.0063896179,
        "sample_rate": 44100,
        "codec": "mp3",
        "downmix": "mix",
        "md5_encoded": "c4f3df9775e0a479ea5a21f489af78ce"
    },
    "tags": {
        "file_name": "257.mp3"
    },
    "version": {
        "essentia": "2.1-beta2",
        "essentia_git_sha": "v2.1_beta2",
        "extractor": "music 1.0"
    }
},
"rhythm": {
    "beats_count": 72,
    "beats_loudness": {
        "mean": 0.0375214740634,
        "var": 8.56018305058e-005
    },
    "bpm": 96.8836593628,
    "bpm_histogram_first_peak_bpm": {
        "mean": 96,
        "var": 0
    },
    "bpm_histogram_first_peak_spread": {
        "mean": 0.57746475935,
        "var": 0
    },
    "bpm_histogram_first_peak_weight": {
        "mean": 0.422535210848,
        "var": 0
    },
    "bpm_histogram_second_peak_bpm": {
        "mean": 0,
        "var": 0
    },
    "bpm_histogram_second_peak_spread": {
        "mean": 0,
        "var": 0
    },
    "bpm_histogram_second_peak_weight": {
        "mean": 0,
        "var": 0
    },
    "danceability": 1.40719151497,
    "onset_rate": 2.83783793449,
    "beats_loudness_band_ratio": {
        "mean": [0.404091894627, 0.306080311537, 0.193964213133, 0.15627630055, 0.0818757116795, 0.0365577824414],
        "var": [0.023140385747, 0.0248487666249, 0.0146885067225, 0.0100326985121, 0.00378520507365, 0.000559979176614]
    },
    "beats_position": [0.626938760281, 1.25387752056, 1.88081634045, 2.50775504112, 3.13469386101, 3.76163268089, 4.38857126236, 5.00390005112, 5.630838871, 6.24616765976, 6.87310647964, 7.50004529953, 8.12698364258, 8.75392246246, 9.35764122009, 9.96135997772, 10.5766887665, 11.1920175552, 11.7957363129, 12.3994560242, 13.0147848129, 13.6301136017, 14.2338323593, 14.8491611481, 15.4644899368, 16.0798187256, 16.6951465607, 17.3220863342, 17.9490242004, 18.5643539429, 19.179681778, 19.8066215515, 20.4219493866, 21.037279129, 21.6642169952, 22.2911567688, 22.9064846039, 23.5218143463, 24.1255321503, 24.7292518616, 25.3329696655, 25.9366893768, 26.5520172119, 27.1673469543, 27.7826747894, 28.3980045319, 29.0249423981, 29.6402721405, 30.2555999756, 30.870929718, 31.4862575531, 32.1131973267, 32.7401351929, 33.3670730591, 33.99401474, 34.6209526062, 35.2478904724, 35.8632202148, 36.4785499573, 37.1054878235, 37.7440338135, 38.3709754944, 39.0095214844, 39.6364631653, 40.251789093, 40.8671188354, 41.4824485779, 42.0977783203, 42.7247161865, 43.3516540527, 43.9785919189, 44.6055335999]
},
"tonal": {
    "chords_changes_rate": 0.0596707835793,
    "chords_number_rate": 0.00720164598897,
    "chords_strength": {
        "mean": 0.537849605083,
        "var": 0.0084593212232
    },
    "hpcp_entropy": {
        "mean": 2.341609478,
        "var": 0.423639833927
    },
    "key_strength": 0.808265805244,
    "tuning_diatonic_strength": 0.656661868095,
    "tuning_equal_tempered_deviation": 0.080345518887,
    "tuning_frequency": 443.572570801,
    "tuning_nontempered_energy_ratio": 0.75594574213,
    "hpcp": {
        "mean": [0.327197879553, 0.2395221591, 0.140753209591, 0.11288690567, 0.107527457178, 0.159812062979, 0.274102449417, 0.254857242107, 0.168882116675, 0.147422462702, 0.122906520963, 0.153829112649, 0.187078163028, 0.152960598469, 0.154027611017, 0.168193385005, 0.12430088222, 0.104203619063, 0.108479835093, 0.1292244941, 0.264865040779, 0.395934313536, 0.282118916512, 0.126417919993, 0.0941772311926, 0.0875458195806, 0.127552598715, 0.165965557098, 0.149456769228, 0.164714887738, 0.201757356524, 0.217895373702, 0.257186055183, 0.26483091712, 0.234836280346, 0.280989319086],
        "var": [0.0931762382388, 0.0613970346749, 0.0350885130465, 0.0289918333292, 0.0286384467036, 0.0394315645099, 0.0770809575915, 0.0643351078033, 0.0501937828958, 0.0576575696468, 0.0410125143826, 0.0495504327118, 0.0594761297107, 0.042053386569, 0.0409608483315, 0.0521521158516, 0.0309398435056, 0.0288589783013, 0.0327564179897, 0.0325231850147, 0.0629279389977, 0.107131779194, 0.0659411922097, 0.03145487234, 0.0261732377112, 0.0190756935626, 0.0346471183002, 0.0576083622873, 0.0463316477835, 0.043570779264, 0.0584108680487, 0.0737500488758, 0.0881295204163, 0.0789598077536, 0.0689820721745, 0.0790090933442]
    },
    "chords_histogram": [19.3415641785, 0.205761313438, 20.267490387, 0.308641970158, 0.514403283596, 0, 0, 0, 0, 0, 0, 0.102880656719, 0, 0, 0, 0, 0, 23.7654323578, 1.44032919407, 17.3868312836, 0.205761313438, 1.95473253727, 14.5061731339, 0],
    "thpcp": [1, 0.712539672852, 0.31929013133, 0.237860739231, 0.221111983061, 0.322155952454, 0.419174462557, 0.377478688955, 0.416015684605, 0.509572803974, 0.550332129002, 0.649567484856, 0.668875873089, 0.593119323254, 0.709686696529, 0.826394379139, 0.604954302311, 0.355496376753, 0.285115242004, 0.271579027176, 0.403632760048, 0.692292749882, 0.643685638905, 0.426540732384, 0.372340708971, 0.31042149663, 0.388521790504, 0.472497969866, 0.386328220367, 0.389023154974, 0.424801230431, 0.313943177462, 0.263184100389, 0.27398443222, 0.32637861371, 0.668962061405],
    "chords_key": "A",
    "chords_scale": "minor",
    "key_key": "A",
    "key_scale": "major"
}
}