{
"lowlevel": {
    "average_loudness": 0.736329853535,
    "barkbands_crest": {
        "mean": 9.69857501984,
        "var": 14.5654764175
    },
    "barkbands_flatness_db": {
        "mean": 0.12227126956,
        "var": 0.00244070077315
    },
    "barkbands_kurtosis": {
        "mean": 3.45764565468,
        "var": 18.5120735168
    },
    "barkbands_skewness": {
        "mean": 1.51730632782,
        "var": 0.744349122047
    },
    "barkbands_spread": {
        "mean": 17.0670604706,
        "var": 57.6615638733
    },
    "dissonance": {
        "mean": 0.46130490303,
        "var": 0.000593488861341
    },
    "dynamic_complexity": 3.30968236923,
    "erbbands_crest": {
        "mean": 8.48136901855,
        "var": 19.7941131592
    },
    "erbbands_flatness_db": {
        "mean": 0.159971415997,
        "var": 0.00261719943956
    },
    "erbbands_kurtosis": {
        "mean": 0.273478388786,
        "var": 2.69878768921
    },
    "erbbands_skewness": {
        "mean": 0.496895462275,
        "var": 0.264560312033
    },
    "erbbands_spread": {
        "mean": 34.0347862244,
        "var": 183.08430481
    },
    "hfc": {
        "mean": 14.1346387863,
        "var": 263.618652344
    },
    "melbands_crest": {
        "mean": 12.4534759521,
        "var": 23.237121582
    },
    "melbands_flatness_db": {
        "mean": 0.184944957495,
        "var": 0.00269493786618
    },
    "melbands_kurtosis": {
        "mean": 8.47341918945,
        "var": 63.801574707
    },
    "melbands_skewness": {
        "mean": 2.17703723907,
        "var": 1.22102558613
    },
    "melbands_spread": {
        "mean": 18.8232727051,
        "var": 89.5760879517
    },
    "pitch_salience": {
        "mean": 0.63442927599,
        "var": 0.00832412298769
    },
    "silence_rate_20dB": {
        "mean": 1,
        "var": 0
    },
    "silence_rate_30dB": {
        "mean": 0.998970687389,
        "var": 0.00102827663068
    },
    "silence_rate_60dB": {
        "mean": 0.0283067412674,
        "var": 0.02750528045
    },
    "spectral_centroid": {
        "mean": 1054.78393555,
        "var": 267818.3125
    },
    "spectral_complexity": {
        "mean": 16.8147201538,
        "var": 39.5436286926
    },
    "spectral_decrease": {
        "mean": -4.27234425615e-009,
        "var": 1.67826095454e-017
    },
    "spectral_energy": {
        "mean": 0.0174068752676,
        "var": 0.000281872489722
    },
    "spectral_energyband_high": {
        "mean": 0.000287657312583,
        "var": 1.33560931204e-007
    },
    "spectral_energyband_low": {
        "mean": 0.00134195748251,
        "var": 3.59633327207e-006
    },
    "spectral_energyband_middle_high": {
        "mean": 0.00498390616849,
        "var": 6.39847639832e-005
    },
    "spectral_energyband_middle_low": {
        "mean": 0.0115303909406,
        "var": 0.000156237598276
    },
    "spectral_entropy": {
        "mean": 7.50416755676,
        "var": 0.133815407753
    },
    "spectral_flux": {
        "mean": 0.064182408154,
        "var": 0.00177020521369
    },
    "spectral_kurtosis": {
        "mean": 6.23475313187,
        "var": 16.7819480896
    },
    "spectral_rms": {
        "mean": 0.00377901294269,
        "var": 2.70137093139e-006
    },
    "spectral_rolloff": {
        "mean": 1223.14855957,
        "var": 982245
    },
    "spectral_skewness": {
        "mean": 1.84577178955,
        "var": 0.198441386223
    },
    "spectral_spread": {
        "mean": 4170806.75,
        "var": 3.59177466675e+012
    },
    "spectral_strongpeak": {
        "mean": 1.1582545042,
        "var": 2.92453289032
    },
    "zerocrossingrate": {
        "mean": 0.0566913895309,
        "var": 0.000880495470483
    },
    "barkbands": {
        "mean": [7.44681383367e-005, 0.00039540763828, 0.000478111673146, 0.000840198714286, 0.00366273778491, 0.00218882318586, 0.00158985098824, 0.00104173913132, 0.00143412360922, 0.00167179189157, 0.00032827569521, 0.00067868566839, 0.000574562465772, 0.000590383133385, 0.000573118333705, 0.000375762989279, 0.000269939162536, 0.000178599206265, 0.00011614838877, 9.99831681838e-005, 6.08070949966e-005, 4.31374537584e-005, 3.34934993589e-005, 3.78256263502e-005, 2.61066288658e-005, 3.85635648854e-005, 4.23090023105e-006],
        "var": [7.69901262743e-008, 5.76830132104e-007, 5.74607383896e-007, 1.05534093109e-006, 2.40128756559e-005, 1.15515176731e-005, 1.30158114189e-005, 4.41982365373e-006, 4.47283673566e-005, 2.49987660936e-005, 3.9279154862e-007, 2.71852263722e-006, 4.06916069551e-006, 6.11950599705e-006, 4.07257357438e-006, 2.87535249299e-006, 3.5426862155e-007, 5.54906129935e-008, 1.7155860732e-008, 1.83273964893e-008, 7.62700835821e-009, 2.89396218101e-009, 2.36628805439e-009, 4.30571134302e-009, 3.47396955647e-009, 9.27117582705e-009, 2.56228122053e-010]
    },
    "erbbands": {
        "mean": [0.0114849070087, 0.0906688943505, 0.456114709377, 1.94507682323, 6.88038015366, 14.9920797348, 12.4578742981, 19.7609481812, 26.7330856323, 17.3568286896, 22.6096363068, 35.3639030457, 56.9337730408, 28.4659805298, 16.9587478638, 32.2933349609, 25.8440341949, 24.5947551727, 37.9552383423, 23.514585495, 21.1302623749, 14.9462909698, 10.4903821945, 7.54934167862, 5.55500364304, 4.25909042358, 3.16115474701, 1.99259150028, 1.51798319817, 1.33383524418, 0.923668086529, 0.72258490324, 0.654131054878, 0.306393504143, 0.188383817673, 0.137490808964, 0.0749613493681, 0.0170000493526, 0.00048842956312, 3.16635014315e-005],
        "var": [0.00108585529961, 0.0205032378435, 0.407511085272, 5.43966293335, 52.6347961426, 683.001098633, 181.49446106, 1197.41137695, 3472.47558594, 966.912841797, 2088.56640625, 35515.3085938, 35092.0195313, 3664.31689453, 1202.79333496, 6127.11572266, 6139.51855469, 5745.02246094, 23820.3671875, 6560.92041016, 9189.48632813, 1306.28405762, 218.809860229, 75.1478118896, 38.9631271362, 29.7430496216, 21.7366523743, 6.48206043243, 3.8590734005, 3.39490151405, 1.72924911976, 1.09012532234, 1.7414264679, 0.519986927509, 0.184042975307, 0.135965228081, 0.036129463464, 0.00222083320841, 2.69212046078e-006, 1.60603297328e-009]
    },
    "gfcc": {
        "mean": [-17.2365665436, 96.1744308472, -124.226837158, 10.5673494339, -62.610710144, 0.0352712720633, -48.0939941406, 1.73066818714, -31.5038795471, -5.19559383392, -21.0470638275, 1.01142537594, -12.1975870132],
        "cov": [[6669.09472656, -1457.6583252, -114.419914246, -15.4678907394, -331.129180908, 139.977401733, -353.532775879, 165.843505859, -263.110137939, 377.652862549, -159.138656616, 317.560546875, -225.161682129], [-1457.6583252, 1367.51184082, -385.920288086, 74.2666549683, 119.619186401, -96.1246871948, 173.08241272, -133.852752686, 185.013290405, -232.614974976, 160.831665039, -251.08996582, 159.596679688], [-114.419914246, -385.920288086, 650.309997559, 16.9719600677, 89.5919265747, 29.9087677002, -24.1576061249, 59.9537239075, -79.2060699463, 79.5273284912, -107.812232971, 138.329711914, -73.088508606], [-15.4678907394, 74.2666549683, 16.9719600677, 248.173171997, -13.8615274429, 29.3423118591, -3.43205070496, 1.06269550323, 27.4890022278, -13.250079155, 21.5618438721, -18.7259788513, 49.6965675354], [-331.129180908, 119.619186401, 89.5919265747, -13.8615274429, 206.801223755, 8.16729259491, 35.3436050415, 19.2034454346, 15.7902498245, -9.17998981476, -9.33449554443, 8.92415618896, -5.85697841644], [139.977401733, -96.1246871948, 29.9087677002, 29.3423118591, 8.16729259491, 107.248146057, 22.2981071472, 21.4738407135, -18.3269882202, 15.5228691101, -5.03394269943, 9.23902416229, -2.92419838905], [-353.532775879, 173.08241272, -24.1576061249, -3.43205070496, 35.3436050415, 22.2981071472, 124.008247375, 12.0190229416, 22.8284187317, -24.8744716644, 18.610994339, -34.6314201355, 17.4635620117], [165.843505859, -133.852752686, 59.9537239075, 1.06269550323, 19.2034454346, 21.4738407135, 12.0190229416, 97.5180664063, -1.59352481365, 33.5089950562, -28.1817626953, 34.2418823242, -18.4853057861], [-263.110137939, 185.013290405, -79.2060699463, 27.4890022278, 15.7902498245, -18.3269882202, 22.8284187317, -1.59352481365, 102.837463379, -12.8136787415, 34.6339263916, -38.5505905151, 39.5359840393], [377.652862549, -232.614974976, 79.5273284912, -13.250079155, -9.17998981476, 15.5228691101, -24.8744716644, 33.5089950562, -12.8136787415, 99.8525466919, -7.99117231369, 58.0466003418, -36.910861969], [-159.138656616, 160.831665039, -107.812232971, 21.5618438721, -9.33449554443, -5.03394269943, 18.610994339, -28.1817626953, 34.6339263916, -7.99117231369, 85.1716690063, -20.7333164215, 30.6771697998], [317.560546875, -251.08996582, 138.329711914, -18.7259788513, 8.92415618896, 9.23902416229, -34.6314201355, 34.2418823242, -38.5505905151, 58.0466003418, -20.7333164215, 105.969718933, -26.8353157043], [-225.161682129, 159.596679688, -73.088508606, 49.6965675354, -5.85697841644, -2.92419838905, 17.4635620117, -18.4853057861, 39.5359840393, -36.910861969, 30.6771697998, -26.8353157043, 79.054107666]],
        "icov": [[0.000336265948135, -0.000208850266063, 0.000539108819794, -0.000219489636947, 0.000355942785973, -0.000457913440187, 0.000585944682825, -0.000182202842552, 0.000480817252537, -0.00105942878872, 0.000898359168787, -0.000939684803598, 0.000450471881777], [-0.000208850266063, 0.00364104402252, -0.000429711653851, -0.000121432312881, -0.00211988715455, 0.00254285195842, -0.00250122626312, 0.00129643466789, -0.00196467083879, 0.00439107324928, -0.00414144899696, 0.00422868225724, -0.0013984272955], [0.000539108819794, -0.000429711653851, 0.00394072616473, -0.00147261889651, -0.000419304473326, -0.000650906993542, -3.23298736475e-005, 0.00067532871617, 0.00100831675809, -0.00237518106587, 0.00477304542437, -0.00509522529319, 0.00188695860561], [-0.000219489636947, -0.000121432312881, -0.00147261889651, 0.00558577245101, 0.000428426166764, -0.00159639155027, 0.0013829000527, -0.00114636914805, -0.000572361634113, 0.000451284198789, -0.00196635071188, 0.00240844860673, -0.00377622619271], [0.000355942785973, -0.00211988715455, -0.000419304473326, 0.000428426166764, 0.0073167369701, -0.00216881372035, 0.000467861507786, -0.00140014744829, -0.0006207919796, -0.00114872714039, 0.00257688364945, -0.00383920478635, 0.0021385170985], [-0.000457913440187, 0.00254285195842, -0.000650906993542, -0.00159639155027, -0.00216881372035, 0.0136536918581, -0.00484945252538, -0.000623487459961, 0.00181179016363, 0.00124787376262, -0.00339440209791, 0.00429957639426, -0.00231293286197], [0.000585944682825, -0.00250122626312, -3.23298736475e-005, 0.0013829000527, 0.000467861507786, -0.00484945252538, 0.0139510817826, -0.00467090168968, 0.00157321884762, -0.00233311252668, -2.1444993763e-005, 0.000885307614226, -6.6895292548e-005], [-0.000182202842552, 0.00129643466789, 0.00067532871617, -0.00114636914805, -0.00140014744829, -0.000623487459961, -0.00467090168968, 0.016179934144, -0.00424977904186, -0.00109489343595, 0.00475654331967, -0.00370807130821, 0.0014068413293], [0.000480817252537, -0.00196467083879, 0.00100831675809, -0.000572361634113, -0.0006207919796, 0.00181179016363, 0.00157321884762, -0.00424977904186, 0.0183592550457, -0.00775734521449, -0.000870481540915, 0.00351550919004, -0.00596491247416], [-0.00105942878872, 0.00439107324928, -0.00237518106587, 0.000451284198789, -0.00114872714039, 0.00124787376262, -0.00233311252668, -0.00109489343595, -0.00775734521449, 0.0270474813879, -0.0100902868435, -0.0018405134324, 0.00565748708323], [0.000898359168787, -0.00414144899696, 0.00477304542437, -0.00196635071188, 0.00257688364945, -0.00339440209791, -2.1444993763e-005, 0.00475654331967, -0.000870481540915, -0.0100902868435, 0.0264514386654, -0.0102287260816, -0.000261738314293], [-0.000939684803598, 0.00422868225724, -0.00509522529319, 0.00240844860673, -0.00383920478635, 0.00429957639426, 0.000885307614226, -0.00370807130821, 0.00351550919004, -0.0018405134324, -0.0102287260816, 0.0292069762945, -0.00735995545983], [0.000450471881777, -0.0013984272955, 0.00188695860561, -0.00377622619271, 0.0021385170985, -0.00231293286197, -6.6895292548e-005, 0.0014068413293, -0.00596491247416, 0.00565748708323, -0.000261738314293, -0.00735995545983, 0.0245186984539]]
    },
    "melbands": {
        "mean": [0.000107767795271, 0.000200090231374, 0.000421293574618, 0.00087036046898, 0.000472490093671, 0.000442227144958, 0.000384478073101, 0.000196126231458, 0.000168954065884, 0.000235488943872, 0.000284115056274, 0.000122210782138, 4.64453260065e-005, 7.86570526543e-005, 7.36785586923e-005, 4.9573063734e-005, 4.44445759058e-005, 6.73752292641e-005, 3.40841070283e-005, 2.91897431453e-005, 2.23142433242e-005, 1.47441660374e-005, 1.34212850753e-005, 7.7275244621e-006, 5.99409804636e-006, 4.06912477047e-006, 3.91724552173e-006, 2.51763481174e-006, 2.23974120672e-006, 1.38579810027e-006, 1.07665459836e-006, 8.66057064286e-007, 7.77410150476e-007, 7.15524322459e-007, 5.69165536035e-007, 4.07301172345e-007, 4.47773686574e-007, 4.94137793794e-007, 3.49101384245e-007, 2.27212524351e-007],
        "var": [6.33010799334e-008, 7.84713876101e-008, 1.97686361503e-007, 1.57009037594e-006, 3.19275699212e-007, 5.48103457731e-007, 7.08368872893e-007, 1.3447915137e-007, 1.24819010239e-007, 1.50296523316e-006, 8.82545350578e-007, 8.86552200541e-008, 8.31235258403e-009, 3.75447122281e-008, 5.44581766349e-008, 3.08379739522e-008, 2.57165755357e-008, 9.64403099601e-008, 1.42891991572e-008, 1.16422675944e-008, 9.13597730801e-009, 1.07770337099e-009, 8.30097934834e-010, 1.34981151256e-010, 5.31956978467e-011, 2.47406001935e-011, 3.21257881408e-011, 1.20909619122e-011, 1.19236183427e-011, 5.86816055817e-012, 1.77588466935e-012, 1.40235663793e-012, 1.05466449376e-012, 1.1557725263e-012, 7.80350285258e-013, 2.8608175941e-013, 5.2896456746e-013, 9.93229153437e-013, 7.12371839035e-013, 3.02762020099e-013]
    },
    "mfcc": {
        "mean": [-658.797912598, 133.769134521, -9.8103723526, 10.2278146744, -0.651576817036, -6.93311786652, -8.6670999527, -2.12902235985, -7.36367177963, -6.95000171661, -10.1485462189, -6.12304735184, -5.28398275375],
        "cov": [[4017.36376953, -936.367919922, -190.567016602, -10.7491512299, -137.728485107, -19.1002426147, -80.8811721802, -118.347229004, -113.951881409, 8.68923377991, 25.8381175995, 77.7113342285, 9.63195419312], [-936.367919922, 862.588317871, -137.820007324, 43.0760726929, 43.9069786072, 1.51664459705, 28.6288356781, 38.0146827698, 10.8957672119, 28.7514419556, 20.383769989, -35.1287193298, -24.0006580353], [-190.567016602, -137.820007324, 334.219604492, 53.1513519287, 28.7996368408, 40.087802887, 11.3441762924, 11.7032957077, 30.3851795197, -33.5129356384, -8.19233894348, 3.332934618, 17.4056034088], [-10.7491512299, 43.0760726929, 53.1513519287, 156.74520874, 43.6151885986, 17.6056785583, 5.82111787796, 6.13153600693, 21.104598999, -1.24770116806, -10.5681152344, 7.00955152512, 18.7529201508], [-137.728485107, 43.9069786072, 28.7996368408, 43.6151885986, 148.630599976, 18.9501171112, 5.78020572662, 21.491941452, 24.2375507355, -5.95026636124, -4.08363246918, -4.22109937668, 13.732339859], [-19.1002426147, 1.51664459705, 40.087802887, 17.6056785583, 18.9501171112, 84.3256378174, 28.7939472198, 7.78648805618, 1.48088097572, 7.37575149536, 3.91526842117, -4.75621318817, -6.51012229919], [-80.8811721802, 28.6288356781, 11.3441762924, 5.82111787796, 5.78020572662, 28.7939472198, 90.7090301514, 35.4701385498, 8.25204944611, 9.48569774628, 7.71430206299, -3.77699422836, -5.88067913055], [-118.347229004, 38.0146827698, 11.7032957077, 6.13153600693, 21.491941452, 7.78648805618, 35.4701385498, 66.9679412842, 32.5466842651, 7.83899450302, 2.19176292419, -1.35427486897, -1.50341236591], [-113.951881409, 10.8957672119, 30.3851795197, 21.104598999, 24.2375507355, 1.48088097572, 8.25204944611, 32.5466842651, 78.7849807739, 20.7286434174, -2.70669603348, -0.862337946892, 2.41159534454], [8.68923377991, 28.7514419556, -33.5129356384, -1.24770116806, -5.95026636124, 7.37575149536, 9.48569774628, 7.83899450302, 20.7286434174, 61.6425819397, 16.1881465912, 1.26514625549, -7.48802661896], [25.8381175995, 20.383769989, -8.19233894348, -10.5681152344, -4.08363246918, 3.91526842117, 7.71430206299, 2.19176292419, -2.70669603348, 16.1881465912, 49.4828109741, 15.0674114227, 0.708281040192], [77.7113342285, -35.1287193298, 3.332934618, 7.00955152512, -4.22109937668, -4.75621318817, -3.77699422836, -1.35427486897, -0.862337946892, 1.26514625549, 15.0674114227, 48.5397071838, 19.4089927673], [9.63195419312, -24.0006580353, 17.4056034088, 18.7529201508, 13.732339859, -6.51012229919, -5.88067913055, -1.50341236591, 2.41159534454, -7.48802661896, 0.708281040192, 19.4089927673, 48.7966423035]],
        "icov": [[0.000422867713496, 0.000537689018529, 0.000463408941869, -0.000401935656555, 0.000161442745593, -0.000135956783197, 0.000170435116161, 0.000122017598187, 0.000349912937963, -7.33102060622e-005, -0.000358036893886, -0.000199775080546, 0.000187006007764], [0.000537689018529, 0.00211691530421, 0.00127105298452, -0.00120536726899, -8.60542422743e-005, -8.27574622235e-005, 0.000146295104059, -0.000574108504225, 0.00053837406449, -0.000100569261122, -0.00144108664244, 0.000978233292699, 0.000547824660316], [0.000463408941869, 0.00127105298452, 0.00470736017451, -0.00154236366507, 0.000286464695819, -0.00212237238884, 8.83669199538e-005, 0.00010061141802, -0.00183025188744, 0.00302706705406, -0.0013498372864, 0.000407747080317, -0.000490303733386], [-0.000401935656555, -0.00120536726899, -0.00154236366507, 0.00853971857578, -0.00175171566661, -0.000940762984101, -0.000624719308689, 0.00115895364434, -0.00165172549896, -0.000605871668085, 0.00287569337524, -0.00158794084564, -0.00233884411864], [0.000161442745593, -8.60542422743e-005, 0.000286464695819, -0.00175171566661, 0.00843712035567, -0.00198850012384, 0.00106812384911, -0.00200987514108, -0.00161350646522, 0.00168516347185, -0.000678797368892, 0.0015547350049, -0.00234625209123], [-0.000135956783197, -8.27574622235e-005, -0.00212237238884, -0.000940762984101, -0.00198850012384, 0.0154141923413, -0.00459370110184, 0.00101273227483, 0.00194316392299, -0.00285408040509, -0.000372733105905, 0.000719057803508, 0.00238377647474], [0.000170435116161, 0.000146295104059, 8.83669199538e-005, -0.000624719308689, 0.00106812384911, -0.00459370110184, 0.0162139553577, -0.00908744335175, 0.00239156954922, -0.0010586141143, -0.00179279444274, 0.00106259319, 0.00033018249087], [0.000122017598187, -0.000574108504225, 0.00010061141802, 0.00115895364434, -0.00200987514108, 0.00101273227483, -0.00908744335175, 0.025042321533, -0.00933191459626, 0.00152181601152, -0.000102902602521, -0.00137556437403, 0.000832722929772], [0.000349912937963, 0.00053837406449, -0.00183025188744, -0.00165172549896, -0.00161350646522, 0.00194316392299, 0.00239156954922, -0.00933191459626, 0.0206873081625, -0.00856713484973, 0.00262422510423, 1.99116948352e-005, -0.000185697543202], [-7.33102060622e-005, -0.000100569261122, 0.00302706705406, -0.000605871668085, 0.00168516347185, -0.00285408040509, -0.0010586141143, 0.00152181601152, -0.00856713484973, 0.0234599784017, -0.00738920643926, 0.000423739606049, 0.0021445308812], [-0.000358036893886, -0.00144108664244, -0.0013498372864, 0.00287569337524, -0.000678797368892, -0.000372733105905, -0.00179279444274, -0.000102902602521, 0.00262422510423, -0.00738920643926, 0.0270842239261, -0.00951321888715, 0.000787465134636], [-0.000199775080546, 0.000978233292699, 0.000407747080317, -0.00158794084564, 0.0015547350049, 0.000719057803508, 0.00106259319, -0.00137556437403, 1.99116948352e-005, 0.000423739606049, -0.00951321888715, 0.0293126199394, -0.0107275778428], [0.000187006007764, 0.000547824660316, -0.000490303733386, -0.00233884411864, -0.00234625209123, 0.00238377647474, 0.00033018249087, 0.000832722929772, -0.000185697543202, 0.0021445308812, 0.000787465134636, -0.0107275778428, 0.0274369865656]]
    },
    "spectral_contrast_coeffs": {
        "mean": [-0.573324203491, -0.728874564171, -0.774133145809, -0.798479795456, -0.794090926647, -0.757483005524],
        "var": [0.00515074189752, 0.00399512378499, 0.00462645059451, 0.00345081673004, 0.000933640403673, 0.000938651384786]
    },
    "spectral_contrast_valleys": {
        "mean": [-7.92496299744, -6.59718513489, -7.0857334137, -7.57646608353, -7.76506185532, -10.7682247162],
        "var": [1.08936655521, 1.0956953764, 0.960438668728, 0.966572701931, 1.13912403584, 1.31093657017]
    }
},
"metadata": {
    "audio_properties": {
        "analysis_sample_rate": 44100,
        "bit_rate": 107042,
        "equal_loudness": 0,
        "length": 45.0873451233,
        "lossless": 0,
        "replay_gain": -6.46248626709,
        "sample_rate": 44100,
        "codec": "mp3",
        "downmix": "mix",
        "md5_encoded": "e0166d3b8d3a9a7d4d04c2e4f5c3be6f"
    },
    "tags": {
        "file_name": "260.mp3"
    },
    "version": {
        "essentia": "2.1-beta2",
        "essentia_git_sha": "v2.1_beta2",
        "extractor": "music 1.0"
    }
},
"rhythm": {
    "beats_count": 103,
    "beats_loudness": {
        "mean": 0.0239965841174,
        "var": 0.000416985276388
    },
    "bpm": 144.444824219,
    "bpm_histogram_first_peak_bpm": {
        "mean": 144,
        "var": 0
    },
    "bpm_histogram_first_peak_spread": {
        "mean": 0.50746268034,
        "var": 0
    },
    "bpm_histogram_first_peak_weight": {
        "mean": 0.323529422283,
        "var": 0
    },
    "bpm_histogram_second_peak_bpm": {
        "mean": 133,
        "var": 0
    },
    "bpm_histogram_second_peak_spread": {
        "mean": 0.458333343267,
        "var": 0
    },
    "bpm_histogram_second_peak_weight": {
        "mean": 0.127450987697,
        "var": 0
    },
    "danceability": 1.10156667233,
    "onset_rate": 3.48078536987,
    "beats_loudness_band_ratio": {
        "mean": [0.215599089861, 0.343739926815, 0.236515671015, 0.161308765411, 0.0895126387477, 0.0339109450579],
        "var": [0.0351445674896, 0.0318625867367, 0.0303665567189, 0.0221898052841, 0.00953749474138, 0.000764450756833]
    },
    "beats_position": [0.441179126501, 0.893968224525, 1.35836732388, 1.8111563921, 2.26394557953, 2.71673464775, 3.1811337471, 3.63392281532, 4.08671188354, 4.53950119019, 5.00390005112, 5.46829938889, 5.93269824982, 6.3622674942, 6.78022670746, 7.20979595184, 7.6277551651, 8.04571437836, 8.46367359161, 8.893242836, 9.32281208038, 9.75238037109, 10.1819496155, 10.5999088287, 11.0294780731, 11.4590473175, 11.8770065308, 12.3297958374, 12.7709751129, 13.2237634659, 13.6765527725, 14.117732048, 14.5705213547, 15.1161899567, 15.6618595123, 16.2075271606, 16.7531967163, 17.298866272, 17.8445339203, 18.3785934448, 18.9242630005, 19.3770523071, 19.8298416138, 20.2942390442, 20.758638382, 21.1765975952, 21.5945568085, 22.0241260529, 22.4536952972, 22.8948745728, 23.3360538483, 23.7540130615, 24.1719722748, 24.589931488, 25.0078907013, 25.4142398834, 25.8205890656, 26.2269382477, 26.6332874298, 27.0512466431, 27.4692058563, 27.8871650696, 28.3051242828, 28.7230834961, 29.1294326782, 29.5357818604, 29.9537410736, 30.3717002869, 30.7896595001, 31.2076187134, 31.6139678955, 32.0203170776, 32.4382743835, 32.8446235657, 33.2509727478, 33.6573219299, 34.0636711121, 34.4700202942, 34.8763694763, 35.2943305969, 35.7122879028, 36.118637085, 36.5249862671, 36.9313354492, 37.3376846313, 37.7440338135, 38.1619949341, 38.5683441162, 38.9863014221, 39.3926506042, 39.7989997864, 40.216960907, 40.6116981506, 41.0296592712, 41.4476165771, 41.8539657593, 42.2603149414, 42.678276062, 43.0962333679, 43.4909744263, 43.8857116699, 44.3036727905, 44.7216300964]
},
"tonal": {
    "chords_changes_rate": 0.0812757238746,
    "chords_number_rate": 0.0154320988804,
    "chords_strength": {
        "mean": 0.527155458927,
        "var": 0.0120973475277
    },
    "hpcp_entropy": {
        "mean": 1.89140999317,
        "var": 0.623655319214
    },
    "key_strength": 0.732904732227,
    "tuning_diatonic_strength": 0.559900283813,
    "tuning_equal_tempered_deviation": 0.154580682516,
    "tuning_frequency": 435.700531006,
    "tuning_nontempered_energy_ratio": 0.843334436417,
    "hpcp": {
        "mean": [0.3137627244, 0.289308339357, 0.152836501598, 0.130409032106, 0.126165941358, 0.106929935515, 0.0997541695833, 0.087448336184, 0.0964515656233, 0.128759965301, 0.11940023303, 0.0898030847311, 0.0861648842692, 0.0911392793059, 0.136928617954, 0.26139202714, 0.253596752882, 0.120925217867, 0.0790677592158, 0.0850603953004, 0.115742504597, 0.167643755674, 0.148926749825, 0.121626026928, 0.160958990455, 0.151511207223, 0.113743185997, 0.10927592963, 0.0983523130417, 0.135708138347, 0.228599876165, 0.198279425502, 0.122379295528, 0.118138074875, 0.111696690321, 0.171170577407],
        "var": [0.125734850764, 0.103530414402, 0.0498547628522, 0.0518336556852, 0.0561157986522, 0.0376501381397, 0.0311855841428, 0.0288862735033, 0.0300480928272, 0.0545524656773, 0.0483333021402, 0.0237287599593, 0.0226893033832, 0.0273531638086, 0.0357987619936, 0.0899941250682, 0.0882279574871, 0.0305428970605, 0.0257372688502, 0.0310446470976, 0.0384993366897, 0.0629611313343, 0.051665853709, 0.0320209302008, 0.065547965467, 0.0616121850908, 0.0354297123849, 0.0361285991967, 0.035842616111, 0.0440800189972, 0.117005839944, 0.0865762159228, 0.0369893200696, 0.0453932099044, 0.0431013256311, 0.0571438111365]
    },
    "chords_histogram": [14.5061731339, 6.99588489532, 15.9465017319, 5.45267486572, 1.23456788063, 2.36625504494, 0, 13.7860078812, 2.26337456703, 1.44032919407, 0.205761313438, 0, 0, 0, 4.32098770142, 0, 1.64609050751, 0, 0, 2.26337456703, 0.617283940315, 1.54320991039, 21.5020580292, 3.90946507454],
    "thpcp": [1, 0.922060906887, 0.487108528614, 0.415629446507, 0.402106225491, 0.340798735619, 0.317928671837, 0.278708487749, 0.307402879, 0.410373687744, 0.380543082952, 0.286213368177, 0.27461796999, 0.290471971035, 0.436408162117, 0.833088219166, 0.808243751526, 0.385403394699, 0.251998573542, 0.271097838879, 0.368885457516, 0.534301042557, 0.474647670984, 0.387636959553, 0.512995898724, 0.482884675264, 0.362513393164, 0.348275691271, 0.313460797071, 0.432518362999, 0.728575646877, 0.631940662861, 0.390037715435, 0.376520425081, 0.355990946293, 0.545541465282],
    "chords_key": "G",
    "chords_scale": "minor",
    "key_key": "D",
    "key_scale": "minor"
}
}