{
"lowlevel": {
    "average_loudness": 0.8375659585,
    "barkbands_crest": {
        "mean": 11.8843994141,
        "var": 18.0065402985
    },
    "barkbands_flatness_db": {
        "mean": 0.210988640785,
        "var": 0.00324191246182
    },
    "barkbands_kurtosis": {
        "mean": 5.46352577209,
        "var": 88.9368209839
    },
    "barkbands_skewness": {
        "mean": 1.50691318512,
        "var": 1.6837990284
    },
    "barkbands_spread": {
        "mean": 13.1079950333,
        "var": 149.893692017
    },
    "dissonance": {
        "mean": 0.439373373985,
        "var": 0.00176325056236
    },
    "dynamic_complexity": 3.89008545876,
    "erbbands_crest": {
        "mean": 11.4589395523,
        "var": 27.0467987061
    },
    "erbbands_flatness_db": {
        "mean": 0.236809998751,
        "var": 0.00230619474314
    },
    "erbbands_kurtosis": {
        "mean": 1.31547188759,
        "var": 11.5921525955
    },
    "erbbands_skewness": {
        "mean": 0.460222065449,
        "var": 0.938739657402
    },
    "erbbands_spread": {
        "mean": 26.5410060883,
        "var": 243.632797241
    },
    "hfc": {
        "mean": 13.5922584534,
        "var": 625.914306641
    },
    "melbands_crest": {
        "mean": 15.1334953308,
        "var": 27.6894397736
    },
    "melbands_flatness_db": {
        "mean": 0.268595993519,
        "var": 0.00586906820536
    },
    "melbands_kurtosis": {
        "mean": 11.1001853943,
        "var": 410.037597656
    },
    "melbands_skewness": {
        "mean": 2.168810606,
        "var": 2.61857867241
    },
    "melbands_spread": {
        "mean": 18.5981388092,
        "var": 548.619567871
    },
    "pitch_salience": {
        "mean": 0.540186703205,
        "var": 0.0133273722604
    },
    "silence_rate_20dB": {
        "mean": 1,
        "var": 0
    },
    "silence_rate_30dB": {
        "mean": 0.986618638039,
        "var": 0.0132024502382
    },
    "silence_rate_60dB": {
        "mean": 0.136387035251,
        "var": 0.117785438895
    },
    "spectral_centroid": {
        "mean": 951.015258789,
        "var": 555850.8125
    },
    "spectral_complexity": {
        "mean": 11.6134843826,
        "var": 35.6957015991
    },
    "spectral_decrease": {
        "mean": -4.49432491223e-009,
        "var": 3.10569493933e-017
    },
    "spectral_energy": {
        "mean": 0.0181954596192,
        "var": 0.000506382551976
    },
    "spectral_energyband_high": {
        "mean": 0.000347095308825,
        "var": 5.80508913117e-006
    },
    "spectral_energyband_low": {
        "mean": 0.00218048668467,
        "var": 1.39540634336e-005
    },
    "spectral_energyband_middle_high": {
        "mean": 0.00466387346387,
        "var": 0.00017059482343
    },
    "spectral_energyband_middle_low": {
        "mean": 0.0128079438582,
        "var": 0.000278880936094
    },
    "spectral_entropy": {
        "mean": 6.90524244308,
        "var": 0.257474213839
    },
    "spectral_flux": {
        "mean": 0.0638694018126,
        "var": 0.00224168319255
    },
    "spectral_kurtosis": {
        "mean": 10.5091314316,
        "var": 64.0464477539
    },
    "spectral_rms": {
        "mean": 0.0036928798072,
        "var": 4.11428482039e-006
    },
    "spectral_rolloff": {
        "mean": 1204.48352051,
        "var": 2503657.5
    },
    "spectral_skewness": {
        "mean": 2.04567718506,
        "var": 0.593054413795
    },
    "spectral_spread": {
        "mean": 2815126,
        "var": 3.22183417037e+012
    },
    "spectral_strongpeak": {
        "mean": 1.2149759531,
        "var": 2.63778042793
    },
    "zerocrossingrate": {
        "mean": 0.0422703810036,
        "var": 0.00183384667616
    },
    "barkbands": {
        "mean": [6.0513830249e-006, 0.000264396629063, 0.000724296842236, 0.00292580272071, 0.00371448812075, 0.000875398283824, 0.000418821815401, 0.00111327564809, 0.00267449906096, 0.00201441487297, 0.000727863924112, 0.000409014086472, 0.000285531918053, 0.000472184590762, 0.000447565922514, 0.000311393727316, 0.000155951696797, 0.000179583861609, 8.70998119353e-005, 7.60581388022e-005, 4.87585093651e-005, 6.5745167376e-005, 6.78402284393e-005, 8.60905274749e-005, 3.63742110494e-005, 6.88966565576e-006, 8.92180622714e-008],
        "var": [1.45372858196e-009, 2.24537245685e-007, 1.3522271729e-006, 4.2321789806e-005, 3.27513553202e-005, 9.91644083115e-006, 1.38204120503e-006, 2.31849680858e-005, 6.89675216563e-005, 0.000118400872452, 1.08585609269e-005, 2.62892604042e-006, 6.74996840644e-007, 4.46256171927e-006, 3.31384262608e-006, 6.65375466724e-007, 1.34384336548e-007, 1.15244105814e-007, 2.27048779777e-008, 2.12522692777e-008, 3.20844044666e-008, 3.60819115031e-007, 2.92842685212e-007, 7.61468697874e-007, 1.13085810938e-007, 2.42510833637e-009, 1.69396777421e-012]
    },
    "erbbands": {
        "mean": [0.0039041955024, 0.0824121236801, 0.681408762932, 5.49582958221, 13.4092617035, 11.0895280838, 9.19552707672, 6.03537225723, 5.49980449677, 10.4642162323, 38.8322753906, 56.3332633972, 75.0278549194, 42.3420181274, 20.097864151, 17.8019428253, 15.4201631546, 26.3700008392, 21.5163726807, 17.9534168243, 16.1737213135, 10.2611303329, 11.2430028915, 5.19822120667, 4.32904624939, 3.44055962563, 2.48772382736, 1.60180461407, 2.24616217613, 2.6107583046, 1.72370553017, 1.96633374691, 1.27836918831, 0.56569904089, 0.17111107707, 0.0473530031741, 0.00934799667448, 0.000995592214167, 3.33583448082e-005, 2.31033827731e-005],
        "var": [6.87807478243e-005, 0.0170841179788, 0.997235059738, 125.69342041, 587.665893555, 281.902587891, 685.770446777, 475.377044678, 270.122344971, 1354.08203125, 21849.1425781, 30036.7988281, 98084.5078125, 64312.3203125, 3939.35253906, 5044.99658203, 1616.6574707, 14431.140625, 7347.95166016, 3388.80151367, 1822.72436523, 570.938598633, 413.629577637, 70.7567367554, 51.7197875977, 47.9796676636, 43.1961364746, 79.1862945557, 458.993041992, 524.287902832, 175.770645142, 431.73538208, 150.400695801, 26.3455066681, 2.67749381065, 0.146236270666, 0.00398102868348, 6.1473059759e-005, 3.6368557943e-008, 1.00092334421e-009]
    },
    "gfcc": {
        "mean": [-94.5338439941, 149.878570557, -142.986358643, 20.8084869385, -53.3084526062, -5.43953704834, -35.1543769836, 0.335943847895, -26.1973381042, -25.8915538788, -16.6282348633, -20.4083557129, -8.04841518402],
        "cov": [[7572.24462891, -1836.48681641, -746.217224121, 71.2013092041, -762.41229248, 525.794799805, -334.431427002, 193.821472168, -237.816986084, 224.678253174, -352.314208984, -63.284488678, -111.967170715], [-1836.48681641, 2447.49902344, -165.047119141, -392.45513916, 529.921936035, -536.428161621, 329.732574463, -258.100524902, 162.313217163, -400.938995361, 238.163223267, -145.602508545, 29.8869247437], [-746.217224121, -165.047119141, 862.858032227, 195.284042358, -10.7888593674, 44.300567627, -53.5385246277, 27.262588501, -23.8415241241, 84.2110748291, -33.6293983459, 105.780792236, -49.4838600159], [71.2013092041, -392.45513916, 195.284042358, 365.611236572, -38.4824028015, 66.8530502319, -64.4389953613, 35.3141403198, 21.2927570343, 48.1279258728, -23.5655784607, 31.3964748383, 28.8930053711], [-762.41229248, 529.921936035, -10.7888593674, -38.4824028015, 362.277709961, -112.518417358, -4.86086034775, -41.2328987122, 78.3518981934, -67.94480896, 18.9632396698, -20.3212432861, 23.037322998], [525.794799805, -536.428161621, 44.300567627, 66.8530502319, -112.518417358, 294.119720459, -26.1838722229, 50.4881782532, -55.0991325378, 90.7949066162, -46.6220474243, 28.2886943817, -7.99791240692], [-334.431427002, 329.732574463, -53.5385246277, -64.4389953613, -4.86086034775, -26.1838722229, 344.684020996, -48.3463745117, -45.2425498962, -59.1239547729, 32.0783309937, -32.7470932007, -6.47226715088], [193.821472168, -258.100524902, 27.262588501, 35.3141403198, -41.2328987122, 50.4881782532, -48.3463745117, 147.819412231, 4.53395938873, 54.9139251709, -20.3684806824, 3.96802759171, 0.0995571166277], [-237.816986084, 162.313217163, -23.8415241241, 21.2927570343, 78.3518981934, -55.0991325378, -45.2425498962, 4.53395938873, 155.973922729, -21.9035720825, 20.934797287, -33.9300117493, 10.632522583], [224.678253174, -400.938995361, 84.2110748291, 48.1279258728, -67.94480896, 90.7949066162, -59.1239547729, 54.9139251709, -21.9035720825, 187.097503662, -27.9663600922, 34.6678314209, -21.7339782715], [-352.314208984, 238.163223267, -33.6293983459, -23.5655784607, 18.9632396698, -46.6220474243, 32.0783309937, -20.3684806824, 20.934797287, -27.9663600922, 139.230819702, 4.51245927811, 16.7016220093], [-63.284488678, -145.602508545, 105.780792236, 31.3964748383, -20.3212432861, 28.2886943817, -32.7470932007, 3.96802759171, -33.9300117493, 34.6678314209, 4.51245927811, 130.435668945, 9.69390678406], [-111.967170715, 29.8869247437, -49.4838600159, 28.8930053711, 23.037322998, -7.99791240692, -6.47226715088, 0.0995571166277, 10.632522583, -21.7339782715, 16.7016220093, 9.69390678406, 91.6808547974]],
        "icov": [[0.000276973529253, -0.000159241317306, 0.000368457782315, -0.000213047998841, 0.000558223109692, -0.000331703951815, 0.000366960244719, -0.000155266490765, 0.000268033792963, -9.66094667092e-005, 0.00063057790976, 1.29605923576e-005, 0.000342821906088], [-0.000159241317306, 0.0024845644366, -0.000784018950071, 0.00168367987499, -0.00225262460299, 0.00200933893211, -0.0014689801028, 0.0013923792867, -0.000926930515561, 0.00205002282746, -0.00247189332731, 0.00105739175342, -0.000390101165976], [0.000368457782315, -0.000784018950071, 0.00221495307051, -0.00151956256013, 0.000971196626779, -0.000732209067792, 0.000746703066397, -0.000596306577791, 0.000673159549478, -0.000852069118991, 0.00148056261241, -0.00138887763023, 0.00172247714363], [-0.000213047998841, 0.00168367987499, -0.00151956256013, 0.00483827479184, -0.00127261201851, 0.00086308241589, -0.000843317655381, 0.000832338642795, -0.00163609092124, 0.00111431325786, -0.00148172106128, 0.000712169334292, -0.00217082886957], [0.000558223109692, -0.00225262460299, 0.000971196626779, -0.00127261201851, 0.00626030331478, -0.0013461188646, 0.00184016674757, -0.000778978457674, -0.000346389366314, -0.00126531033311, 0.00326695176773, -0.000840034743305, 1.54693607328e-005], [-0.000331703951815, 0.00200933893211, -0.000732209067792, 0.00086308241589, -0.0013461188646, 0.00650240015239, -0.00142869912088, 0.000525741197634, 0.00010478519107, 0.000173184555024, -0.00145694881212, 0.000556218554266, -0.000687753374223], [0.000366960244719, -0.0014689801028, 0.000746703066397, -0.000843317655381, 0.00184016674757, -0.00142869912088, 0.00466513773426, -0.000230610792642, 0.00208979449235, -0.00038735292037, 0.00114478368778, 0.000461924879346, 0.000746810983401], [-0.000155266490765, 0.0013923792867, -0.000596306577791, 0.000832338642795, -0.000778978457674, 0.000525741197634, -0.000230610792642, 0.00894636753947, -0.00128424249124, -0.000631567556411, -0.000990028609522, 0.00113559421152, -0.000952574482653], [0.000268033792963, -0.000926930515561, 0.000673159549478, -0.00163609092124, -0.000346389366314, 0.00010478519107, 0.00208979449235, -0.00128424249124, 0.00929942727089, -0.000576785299927, -5.65796872252e-005, 0.00197934778407, 0.000339360558428], [-9.66094667092e-005, 0.00205002282746, -0.000852069118991, 0.00111431325786, -0.00126531033311, 0.000173184555024, -0.00038735292037, -0.000631567556411, -0.000576785299927, 0.00936154276133, -0.00172469089739, -0.00032682044548, 0.00134394853376], [0.00063057790976, -0.00247189332731, 0.00148056261241, -0.00148172106128, 0.00326695176773, -0.00145694881212, 0.00114478368778, -0.000990028609522, -5.65796872252e-005, -0.00172469089739, 0.0115383341908, -0.00208757561632, -0.000307640671963], [1.29605923576e-005, 0.00105739175342, -0.00138887763023, 0.000712169334292, -0.000840034743305, 0.000556218554266, 0.000461924879346, 0.00113559421152, 0.00197934778407, -0.00032682044548, -0.00208757561632, 0.0104640554637, -0.00204511219636], [0.000342821906088, -0.000390101165976, 0.00172247714363, -0.00217082886957, 1.54693607328e-005, -0.000687753374223, 0.000746810983401, -0.000952574482653, 0.000339360558428, 0.00134394853376, -0.000307640671963, -0.00204511219636, 0.0136084686965]]
    },
    "melbands": {
        "mean": [5.56332815904e-005, 0.000255167426076, 0.0012451846851, 0.000895801291335, 0.000355679454515, 0.000143318509799, 8.46336624818e-005, 0.000124242360471, 0.000381897611078, 0.000346279179212, 0.00037055145367, 0.000170354091097, 7.99729969003e-005, 3.90959248762e-005, 4.88133991894e-005, 3.09141287289e-005, 5.05888056068e-005, 3.06975307467e-005, 3.24743014062e-005, 2.14192859858e-005, 1.64281918842e-005, 9.24844243855e-006, 1.13351215987e-005, 8.27759049571e-006, 3.68337532564e-006, 3.37736969414e-006, 2.87289890366e-006, 2.15116597246e-006, 1.59078354045e-006, 1.22231460864e-006, 8.11687755231e-007, 1.17375827813e-006, 1.44418777381e-006, 1.48311607973e-006, 9.01563623756e-007, 1.13771295673e-006, 1.1856823221e-006, 8.37991933622e-007, 8.37985624003e-007, 3.44256335438e-007],
        "var": [1.0691526775e-008, 1.32352752757e-007, 5.39600659977e-006, 1.87843932054e-006, 6.28788143331e-007, 2.53016594343e-007, 5.78422110209e-008, 2.39732770524e-007, 2.02368232749e-006, 1.06927143406e-006, 2.62282924268e-006, 1.27814359985e-006, 9.22795138081e-008, 1.88048794314e-008, 3.52570665996e-008, 8.95864005201e-009, 6.00191043532e-008, 1.66526064049e-008, 1.63205271519e-008, 3.95425558963e-009, 2.03701500112e-009, 5.45997747015e-010, 4.95611995888e-010, 3.10415915195e-010, 3.9044354555e-011, 4.35285696376e-011, 2.67158378753e-011, 2.4940534013e-011, 1.49062307636e-011, 2.28458189866e-011, 2.95838076259e-011, 1.3199860649e-010, 1.78318318445e-010, 1.74663311592e-010, 4.59522420115e-011, 1.14762442605e-010, 1.78095496683e-010, 7.33463567659e-011, 6.23926882382e-011, 9.69695244241e-012]
    },
    "mfcc": {
        "mean": [-726.891601563, 170.492980957, -22.4483680725, 21.2948589325, 2.73094129562, -10.9815444946, -0.327325135469, 7.25919008255, -7.41689777374, 2.50770497322, -11.861571312, -12.4100971222, -13.2540712357],
        "cov": [[5518.21972656, -1528.67675781, -544.450195313, -217.107681274, -488.25567627, 180.651885986, -162.731658936, -37.0666999817, 28.8060359955, 189.804077148, -166.908599854, 68.2566680908, -177.84463501], [-1528.67675781, 2246.86010742, -362.575836182, -1.61502885818, 78.5039978027, -194.309829712, 68.5956192017, 103.130256653, -135.091842651, -88.0390548706, 74.7963256836, -115.806022644, 31.6085033417], [-544.450195313, -362.575836182, 808.31463623, 99.1199493408, 51.8324127197, 65.6252746582, 30.7045993805, -12.8595333099, 32.7943725586, -63.9729957581, 48.7093315125, 13.5085821152, 69.8535766602], [-217.107681274, -1.61502885818, 99.1199493408, 258.450592041, 60.7771568298, -12.4419937134, -7.89242744446, -1.60514426231, 34.2324409485, -9.34222221375, -3.12275195122, -9.71397304535, 35.9241752625], [-488.25567627, 78.5039978027, 51.8324127197, 60.7771568298, 431.024902344, -48.0077781677, -129.508575439, -12.9660148621, 8.62198829651, 48.9303359985, -31.3650550842, -14.9683828354, 22.9692077637], [180.651885986, -194.309829712, 65.6252746582, -12.4419937134, -48.0077781677, 203.578460693, 39.5605697632, -1.99699151516, 30.3793048859, -23.1220169067, 24.9685249329, -0.663107037544, -17.8376464844], [-162.731658936, 68.5956192017, 30.7045993805, -7.89242744446, -129.508575439, 39.5605697632, 227.1512146, 21.1537418365, 18.9100952148, -40.6577377319, 23.4718170166, 26.2203845978, -5.44850730896], [-37.0666999817, 103.130256653, -12.8595333099, -1.60514426231, -12.9660148621, -1.99699151516, 21.1537418365, 124.045501709, -6.60735559464, -16.6340179443, -6.16078948975, -22.6021289825, 15.4078950882], [28.8060359955, -135.091842651, 32.7943725586, 34.2324409485, 8.62198829651, 30.3793048859, 18.9100952148, -6.60735559464, 134.125518799, 7.8895778656, 9.88514900208, -6.1986579895, -15.2609367371], [189.804077148, -88.0390548706, -63.9729957581, -9.34222221375, 48.9303359985, -23.1220169067, -40.6577377319, -16.6340179443, 7.8895778656, 163.515792847, -12.0212364197, 29.6979236603, -29.5061073303], [-166.908599854, 74.7963256836, 48.7093315125, -3.12275195122, -31.3650550842, 24.9685249329, 23.4718170166, -6.16078948975, 9.88514900208, -12.0212364197, 111.307472229, -1.72848665714, -0.768121302128], [68.2566680908, -115.806022644, 13.5085821152, -9.71397304535, -14.9683828354, -0.663107037544, 26.2203845978, -22.6021289825, -6.1986579895, 29.6979236603, -1.72848665714, 124.216850281, 18.9340591431], [-177.84463501, 31.6085033417, 69.8535766602, 35.9241752625, 22.9692077637, -17.8376464844, -5.44850730896, 15.4078950882, -15.2609367371, -29.5061073303, -0.768121302128, 18.9340591431, 116.102432251]],
        "icov": [[0.000345652661053, 0.000212884173379, 0.000239928587689, 6.35952455923e-005, 0.00044046601397, -0.000201075381483, 0.00038497231435, -0.000109055814391, 2.95681074931e-005, -0.0002026201837, 0.000330263195792, -3.49541915057e-005, 0.000182263494935], [0.000212884173379, 0.000839339918457, 0.000513284641784, -4.63181095256e-005, -6.71358429827e-005, 0.000474052882055, -0.000282156834146, -0.000392528192606, 0.000657806638628, 0.000195358574274, -0.000586867157836, 0.000571635551751, -3.292958354e-005], [0.000239928587689, 0.000513284641784, 0.00184389145579, -0.000407773972256, -0.000133639056003, -0.000287427945295, -0.000159851260833, -2.22587823373e-005, 0.0001696813124, 0.000451223459095, -0.000713276327588, 0.000118319680041, -0.000664739520289], [6.35952455923e-005, -4.63181095256e-005, -0.000407773972256, 0.00453268317506, -0.000334303680575, 0.000264098023763, -1.37182069011e-005, 0.000227168347919, -0.00128700397909, -5.74619043618e-005, 0.000401007389883, 0.000468422600534, -0.00122871808708], [0.00044046601397, -6.71358429827e-005, -0.000133639056003, -0.000334303680575, 0.00379209523089, -0.000184520555194, 0.00224693119526, 7.51554180169e-005, -0.000611483235843, -0.00110516848508, 0.00132819998544, -4.56317611679e-005, -0.000151279207785], [-0.000201075381483, 0.000474052882055, -0.000287427945295, 0.000264098023763, -0.000184520555194, 0.00627306429669, -0.00104940519668, -0.000212722487049, -0.000590835232288, 0.00102833856363, -0.00156184553634, 0.00038801485789, 0.00074348290218], [0.00038497231435, -0.000282156834146, -0.000159851260833, -1.37182069011e-005, 0.00224693119526, -0.00104940519668, 0.00684621278197, -0.00109799334314, -0.00131154921837, 0.000791052763816, 0.000374693307094, -0.00224367761984, 0.00102520012297], [-0.000109055814391, -0.000392528192606, -2.22587823373e-005, 0.000227168347919, 7.51554180169e-005, -0.000212722487049, -0.00109799334314, 0.00915360450745, 5.00689384353e-005, -7.33238048269e-005, 0.000928792404011, 0.00191908725537, -0.00174980622251], [2.95681074931e-005, 0.000657806638628, 0.0001696813124, -0.00128700397909, -0.000611483235843, -0.000590835232288, -0.00131154921837, 5.00689384353e-005, 0.00903108343482, -0.000435819005361, -0.0010939311469, 0.00107140420005, 0.00101870263461], [-0.0002026201837, 0.000195358574274, 0.000451223459095, -5.74619043618e-005, -0.00110516848508, 0.00102833856363, 0.000791052763816, -7.33238048269e-005, -0.000435819005361, 0.00810817070305, -0.000454419176094, -0.00236893747933, 0.00219286279753], [0.000330263195792, -0.000586867157836, -0.000713276327588, 0.000401007389883, 0.00132819998544, -0.00156184553634, 0.000374693307094, 0.000928792404011, -0.0010939311469, -0.000454419176094, 0.0109404828399, -0.000203569565201, 0.000208638739423], [-3.49541915057e-005, 0.000571635551751, 0.000118319680041, 0.000468422600534, -4.56317611679e-005, 0.00038801485789, -0.00224367761984, 0.00191908725537, 0.00107140420005, -0.00236893747933, -0.000203569565201, 0.0105035481974, -0.00289210793562], [0.000182263494935, -3.292958354e-005, -0.000664739520289, -0.00122871808708, -0.000151279207785, 0.00074348290218, 0.00102520012297, -0.00174980622251, 0.00101870263461, 0.00219286279753, 0.000208638739423, -0.00289210793562, 0.0112700713798]]
    },
    "spectral_contrast_coeffs": {
        "mean": [-0.552931964397, -0.728745877743, -0.728128015995, -0.760034561157, -0.758728325367, -0.757499098778],
        "var": [0.0072088688612, 0.00861112680286, 0.00735782366246, 0.00676798541099, 0.0030436932575, 0.00253710476682]
    },
    "spectral_contrast_valleys": {
        "mean": [-8.10016441345, -7.25024461746, -7.77136707306, -8.37757492065, -8.61758422852, -12.2379379272],
        "var": [0.99750483036, 1.06159389019, 1.103484869, 1.00193798542, 1.13246941566, 1.84369385242]
    }
},
"metadata": {
    "audio_properties": {
        "analysis_sample_rate": 44100,
        "bit_rate": 101635,
        "equal_loudness": 0,
        "length": 45.0873451233,
        "lossless": 0,
        "replay_gain": -1.97860145569,
        "sample_rate": 44100,
        "codec": "mp3",
        "downmix": "mix",
        "md5_encoded": "23896e8640c026c9b6bbd30286226219"
    },
    "tags": {
        "file_name": "264.mp3"
    },
    "version": {
        "essentia": "2.1-beta2",
        "essentia_git_sha": "v2.1_beta2",
        "extractor": "music 1.0"
    }
},
"rhythm": {
    "beats_count": 103,
    "beats_loudness": {
        "mean": 0.0287559162825,
        "var": 0.000802292604931
    },
    "bpm": 178.205825806,
    "bpm_histogram_first_peak_bpm": {
        "mean": 178,
        "var": 0
    },
    "bpm_histogram_first_peak_spread": {
        "mean": 0,
        "var": 0
    },
    "bpm_histogram_first_peak_weight": {
        "mean": 0.225490197539,
        "var": 0
    },
    "bpm_histogram_second_peak_bpm": {
        "mean": 185,
        "var": 0
    },
    "bpm_histogram_second_peak_spread": {
        "mean": 0,
        "var": 0
    },
    "bpm_histogram_second_peak_weight": {
        "mean": 0.176470592618,
        "var": 0
    },
    "danceability": 1.23492443562,
    "onset_rate": 4.38978052139,
    "beats_loudness_band_ratio": {
        "mean": [0.36157605052, 0.2548584342, 0.234325617552, 0.158989951015, 0.0662737041712, 0.0223855786026],
        "var": [0.0672735720873, 0.0408738180995, 0.0403800643981, 0.0380428284407, 0.00994691252708, 0.00948085729033]
    },
    "beats_position": [0.684988677502, 1.35836732388, 2.02013611794, 2.67029476166, 3.34367346764, 4.01705217361, 4.67882061005, 5.34058952332, 6.01396799088, 6.67573690414, 7.33750534058, 7.98766422272, 8.64943313599, 9.31120204926, 9.97297000885, 10.6347389221, 11.2965078354, 11.9814968109, 12.6664848328, 13.3514738083, 13.9087524414, 14.4544210434, 14.9768705368, 15.4993190765, 16.0217685699, 16.5558280945, 17.0898857117, 17.6123352051, 18.1231746674, 18.6456241608, 19.1680717468, 19.6905212402, 20.2129707336, 20.7470283508, 21.0953292847, 21.4436283112, 21.7919273376, 22.1518363953, 22.5001354218, 22.8368244171, 23.1851234436, 23.5218143463, 23.8468933105, 24.1835823059, 24.5202713013, 24.8569602966, 25.1936511993, 25.5303401947, 25.8670291901, 26.2153282166, 26.563627243, 26.9003162384, 27.2370071411, 27.5736961365, 27.9103851318, 28.2586841583, 28.6069831848, 28.9668922424, 29.3500213623, 29.6983222961, 30.081451416, 30.4645805359, 30.8477096558, 31.2076187134, 31.567527771, 31.9274368286, 32.2757377625, 32.6240348816, 32.9839439392, 33.3438529968, 33.6921539307, 34.0404510498, 34.3771438599, 34.7138328552, 35.0505218506, 35.3872108459, 35.7238998413, 36.0605888367, 36.3856697083, 36.7107467651, 37.0358276367, 37.3609046936, 37.6859855652, 38.0226745605, 38.3477554321, 38.6612243652, 38.9863014221, 39.3113822937, 39.6364631653, 39.9615402222, 40.2866210938, 40.6233100891, 40.9483909607, 41.2734680176, 41.5985488892, 41.923625946, 42.2487068176, 42.5737876892, 42.9104766846, 43.2471656799, 43.5838546753, 43.9437637329, 44.3152809143]
},
"tonal": {
    "chords_changes_rate": 0.0720164626837,
    "chords_number_rate": 0.00925925932825,
    "chords_strength": {
        "mean": 0.549374401569,
        "var": 0.00662596570328
    },
    "hpcp_entropy": {
        "mean": 1.81902217865,
        "var": 0.527350306511
    },
    "key_strength": 0.577043116093,
    "tuning_diatonic_strength": 0.488011419773,
    "tuning_equal_tempered_deviation": 0.0416612140834,
    "tuning_frequency": 444.085327148,
    "tuning_nontempered_energy_ratio": 0.716009318829,
    "hpcp": {
        "mean": [0.0566156841815, 0.0714230835438, 0.140951797366, 0.221440583467, 0.152911677957, 0.0562957189977, 0.047477748245, 0.0637995377183, 0.141327992082, 0.220340758562, 0.158742710948, 0.06978007406, 0.0550021603703, 0.0545612424612, 0.0973605141044, 0.150256678462, 0.134454876184, 0.138499706984, 0.184577032924, 0.187053784728, 0.183550983667, 0.138245895505, 0.089362680912, 0.131709933281, 0.140538021922, 0.0862632989883, 0.0698724389076, 0.0787350162864, 0.111048288643, 0.280994236469, 0.370966672897, 0.203016370535, 0.0646592006087, 0.0400121882558, 0.0384369678795, 0.045429520309],
        "var": [0.0125136924908, 0.0194974672049, 0.0420893914998, 0.117575377226, 0.0618099048734, 0.0130059840158, 0.014544447884, 0.0226143524051, 0.0462862178683, 0.0910170152783, 0.0460437908769, 0.0205656532198, 0.0204658154398, 0.0164462178946, 0.0262722857296, 0.049457591027, 0.0428977683187, 0.0586226023734, 0.0964402928948, 0.084171205759, 0.0808754563332, 0.0544433705509, 0.0311970915645, 0.0651371702552, 0.0748351514339, 0.0334937162697, 0.0315963216126, 0.0397898107767, 0.0402838662267, 0.097087405622, 0.148580536246, 0.0654568746686, 0.0236247554421, 0.0112792700529, 0.0105221197009, 0.0113492049277]
    },
    "chords_histogram": [19.7530860901, 14.9176950455, 16.0493831635, 4.62962961197, 0.102880656719, 3.29218101501, 0.102880656719, 33.6419754028, 0, 1.44032919407, 2.05761313438, 0, 0, 0, 0, 0, 0, 3.49794244766, 0.514403283596, 0, 0, 0, 0, 0],
    "thpcp": [1, 0.547263085842, 0.17429921031, 0.107859253883, 0.103612996638, 0.122462540865, 0.152616634965, 0.192532345653, 0.379958122969, 0.596928536892, 0.412197887897, 0.151754111052, 0.127983868122, 0.171981856227, 0.380972206593, 0.593963742256, 0.427916377783, 0.188103348017, 0.148267120123, 0.147078558803, 0.262450844049, 0.405040919781, 0.362444609404, 0.373348116875, 0.49755692482, 0.504233419895, 0.494791030884, 0.372663915157, 0.240891396999, 0.355045199394, 0.378842711449, 0.232536524534, 0.188352331519, 0.212242826819, 0.299348413944, 0.757464885712],
    "chords_key": "C",
    "chords_scale": "major",
    "key_key": "C",
    "key_scale": "minor"
}
}