{
"lowlevel": {
    "average_loudness": 0.869724750519,
    "barkbands_crest": {
        "mean": 13.2947750092,
        "var": 41.9451217651
    },
    "barkbands_flatness_db": {
        "mean": 0.18253429234,
        "var": 0.00444802548736
    },
    "barkbands_kurtosis": {
        "mean": 5.72672224045,
        "var": 51.3624801636
    },
    "barkbands_skewness": {
        "mean": 1.82029366493,
        "var": 1.52010273933
    },
    "barkbands_spread": {
        "mean": 12.4591989517,
        "var": 76.4495697021
    },
    "dissonance": {
        "mean": 0.447249442339,
        "var": 0.00150745175779
    },
    "dynamic_complexity": 4.56679964066,
    "erbbands_crest": {
        "mean": 13.1757421494,
        "var": 42.0865440369
    },
    "erbbands_flatness_db": {
        "mean": 0.236122682691,
        "var": 0.00325708510354
    },
    "erbbands_kurtosis": {
        "mean": 2.30265974998,
        "var": 12.2601461411
    },
    "erbbands_skewness": {
        "mean": 1.19280767441,
        "var": 0.837130665779
    },
    "erbbands_spread": {
        "mean": 21.3707141876,
        "var": 120.534698486
    },
    "hfc": {
        "mean": 16.3348045349,
        "var": 264.445495605
    },
    "melbands_crest": {
        "mean": 16.6452159882,
        "var": 54.3696746826
    },
    "melbands_flatness_db": {
        "mean": 0.195647209883,
        "var": 0.004879782442
    },
    "melbands_kurtosis": {
        "mean": 11.2596111298,
        "var": 169.78565979
    },
    "melbands_skewness": {
        "mean": 2.34108877182,
        "var": 2.1943590641
    },
    "melbands_spread": {
        "mean": 17.6472797394,
        "var": 247.403396606
    },
    "pitch_salience": {
        "mean": 0.57100301981,
        "var": 0.035911694169
    },
    "silence_rate_20dB": {
        "mean": 1,
        "var": 0
    },
    "silence_rate_30dB": {
        "mean": 1,
        "var": 0
    },
    "silence_rate_60dB": {
        "mean": 0.249099329114,
        "var": 0.187049165368
    },
    "spectral_centroid": {
        "mean": 1380.31738281,
        "var": 445358.3125
    },
    "spectral_complexity": {
        "mean": 11.4889345169,
        "var": 63.3225402832
    },
    "spectral_decrease": {
        "mean": -4.54335324918e-009,
        "var": 2.11349080195e-017
    },
    "spectral_energy": {
        "mean": 0.0186292678118,
        "var": 0.000351984635927
    },
    "spectral_energyband_high": {
        "mean": 0.000187251600437,
        "var": 2.41277273716e-008
    },
    "spectral_energyband_low": {
        "mean": 2.29149536608e-005,
        "var": 5.42879829979e-009
    },
    "spectral_energyband_middle_high": {
        "mean": 0.00752505101264,
        "var": 0.000146430145833
    },
    "spectral_energyband_middle_low": {
        "mean": 0.0124995969236,
        "var": 0.000195932050701
    },
    "spectral_entropy": {
        "mean": 7.55807685852,
        "var": 0.157112881541
    },
    "spectral_flux": {
        "mean": 0.0667517408729,
        "var": 0.00195793132298
    },
    "spectral_kurtosis": {
        "mean": 5.61898469925,
        "var": 4.25199127197
    },
    "spectral_rms": {
        "mean": 0.00363525352441,
        "var": 4.95986068927e-006
    },
    "spectral_rolloff": {
        "mean": 1706.80065918,
        "var": 2028112.25
    },
    "spectral_skewness": {
        "mean": 1.69044113159,
        "var": 0.0960854068398
    },
    "spectral_spread": {
        "mean": 3911100.75,
        "var": 2.05910101197e+012
    },
    "spectral_strongpeak": {
        "mean": 1.95232522488,
        "var": 3.1463508606
    },
    "zerocrossingrate": {
        "mean": 0.068899422884,
        "var": 0.00211888086051
    },
    "barkbands": {
        "mean": [9.7912710828e-008, 3.60593844562e-007, 3.9761825974e-006, 5.3023944929e-005, 0.000258296000538, 0.00013926588872, 0.00479840068147, 0.00139210419729, 0.00356050231494, 0.00445970753208, 0.000770711456425, 0.000623391591944, 0.000627530855127, 0.000581975036766, 0.000442423770437, 0.00025572674349, 0.00017375475727, 0.000136782124173, 0.000124295096612, 8.23569280328e-005, 6.22674779152e-005, 3.65170126315e-005, 1.83731226571e-005, 1.0395569916e-005, 5.03474711877e-006, 1.15869906949e-005, 4.2711496917e-007],
        "var": [8.86223670946e-014, 2.23222633954e-012, 1.98930857898e-010, 3.24367874782e-008, 3.5730593595e-007, 1.64423340721e-007, 0.000104215825559, 9.66645620792e-006, 6.92351313774e-005, 0.000123244652059, 3.46228148373e-006, 2.27746863857e-006, 1.45894284742e-006, 1.26284419366e-006, 6.2478864038e-007, 1.82805536042e-007, 6.70510118539e-008, 2.36528272524e-008, 1.87312991784e-008, 9.44901135114e-009, 4.81613993131e-009, 1.10930653552e-009, 1.25528767936e-010, 3.05672154255e-011, 7.81111373499e-012, 2.62200070683e-011, 1.60761771191e-013]
    },
    "erbbands": {
        "mean": [1.22831570479e-005, 0.000156338268425, 0.00417310232297, 0.0919425264001, 0.459873378277, 1.09427142143, 0.739561319351, 2.30920004845, 45.8201408386, 60.9403457642, 38.2098197937, 91.3383331299, 162.383102417, 55.5559272766, 28.4497470856, 26.7086715698, 30.8933563232, 29.031867981, 25.1063346863, 20.4371681213, 12.4828596115, 9.80688381195, 7.98370409012, 6.86553955078, 5.14417552948, 3.9766740799, 2.9183204174, 2.16270565987, 1.41082346439, 0.79881888628, 0.496059596539, 0.280269056559, 0.139225333929, 0.0637942254543, 0.0329765602946, 0.0306748505682, 0.0266002882272, 0.00422240421176, 8.79431900103e-005, 2.45818446274e-005],
        "var": [1.85018755872e-009, 2.88447807861e-007, 0.000185024255188, 0.0890648216009, 1.62293815613, 5.67726659775, 4.8865904808, 19.2482147217, 9481.57714844, 16857.8007813, 7657.02636719, 48568.84375, 145412.546875, 9447.89355469, 3697.33251953, 4825.28320313, 3295.68505859, 2497.81591797, 1402.21130371, 1175.15930176, 337.980773926, 191.588729858, 83.3704986572, 57.5349235535, 29.9349308014, 24.7046890259, 10.8993520737, 5.39647245407, 1.84613287449, 0.311444491148, 0.092913068831, 0.0236871913075, 0.00551167549565, 0.00133947143331, 0.000432616507169, 0.000290199677693, 0.000159412084031, 5.21301353729e-006, 2.0311139437e-009, 4.96158281127e-010]
    },
    "gfcc": {
        "mean": [-69.8447341919, 24.4222412109, -184.327163696, -36.6563911438, -94.7963256836, -19.1847877502, -45.4847297668, -1.54987108707, -30.8325214386, -0.684722661972, -32.9258117676, -4.08386564255, -26.184627533],
        "cov": [[4620.20166016, 1074.98840332, -879.463439941, -399.735534668, -92.5137939453, -146.166976929, 44.6369667053, -107.406448364, 72.0095367432, -78.6497879028, -8.00463485718, -84.4599685669, 59.6220664978], [1074.98840332, 845.611938477, 59.3671607971, -71.2574234009, 62.1340179443, -31.8767223358, 24.7825775146, -70.2500991821, 3.65383958817, -67.0886459351, 25.0575351715, -27.8915596008, 18.0160217285], [-879.463439941, 59.3671607971, 658.154968262, 297.768280029, 35.9993591309, 39.7616996765, -89.7566223145, -17.7370185852, -95.6406173706, 8.76234531403, 7.38290119171, 45.7173538208, -65.9802703857], [-399.735534668, -71.2574234009, 297.768280029, 353.239227295, 111.611717224, 53.1277694702, -56.1073455811, -24.3942947388, -72.1659927368, -19.5663909912, -34.4783706665, 8.56620597839, -32.0861206055], [-92.5137939453, 62.1340179443, 35.9993591309, 111.611717224, 159.8019104, 76.3596115112, 26.5076675415, -20.1814060211, -17.1708316803, -34.5583572388, -24.4670581818, -16.5599517822, 1.41671526432], [-146.166976929, -31.8767223358, 39.7616996765, 53.1277694702, 76.3596115112, 156.421951294, 79.2829360962, 6.48512983322, -70.6031036377, -73.269569397, -68.9281921387, -27.5157699585, 0.0760568752885], [44.6369667053, 24.7825775146, -89.7566223145, -56.1073455811, 26.5076675415, 79.2829360962, 144.820571899, 29.3271389008, -21.6830463409, -80.2799224854, -60.7244415283, -40.1409759521, 22.9386405945], [-107.406448364, -70.2500991821, -17.7370185852, -24.3942947388, -20.1814060211, 6.48512983322, 29.3271389008, 68.0671615601, 19.0624961853, -3.21449923515, -19.4622898102, -10.2149438858, -0.938529253006], [72.0095367432, 3.65383958817, -95.6406173706, -72.1659927368, -17.1708316803, -70.6031036377, -21.6830463409, 19.0624961853, 123.937660217, 87.3494949341, 64.4083862305, 5.19613409042, -2.40405750275], [-78.6497879028, -67.0886459351, 8.76234531403, -19.5663909912, -34.5583572388, -73.269569397, -80.2799224854, -3.21449923515, 87.3494949341, 158.198455811, 119.162796021, 43.234992981, -32.9398994446], [-8.00463485718, 25.0575351715, 7.38290119171, -34.4783706665, -24.4670581818, -68.9281921387, -60.7244415283, -19.4622898102, 64.4083862305, 119.162796021, 151.805358887, 64.2919616699, -15.9658536911], [-84.4599685669, -27.8915596008, 45.7173538208, 8.56620597839, -16.5599517822, -27.5157699585, -40.1409759521, -10.2149438858, 5.19613409042, 43.234992981, 64.2919616699, 74.7055435181, 11.6078720093], [59.6220664978, 18.0160217285, -65.9802703857, -32.0861206055, 1.41671526432, 0.0760568752885, 22.9386405945, -0.938529253006, -2.40405750275, -32.9398994446, -15.9658536911, 11.6078720093, 70.0249252319]],
        "icov": [[0.000839783402625, -0.00160326308105, 0.00203630421311, -0.00114395678975, 0.00156523683108, -0.000510306388605, 0.000457230053144, 0.000111615547212, 0.00051078456454, -0.000842751935124, 0.00115244148765, -0.00103415769991, 0.000967873493209], [-0.00160326308105, 0.00512548210099, -0.00498841097578, 0.00361775956117, -0.00450823362917, 0.00228645233437, -0.00106144556776, 0.00168081664015, -0.00179441366345, 0.00442667771131, -0.00434607965872, 0.00387853058055, -0.00215036398731], [0.00203630421311, -0.00498841097578, 0.00864862371236, -0.00591051438823, 0.00562144070864, -0.00260220561177, 0.0020221718587, -0.00142836314626, 0.00279059913009, -0.00301571749151, 0.00326031004079, -0.00494042271748, 0.0044375048019], [-0.00114395678975, 0.00361775956117, -0.00591051438823, 0.0100965816528, -0.00869815424085, 0.00276949000545, 0.00149974739179, 0.000400112679927, 0.00155269179959, 0.00114147551358, -6.59812985759e-006, 0.00185084424447, -0.000930541893467], [0.00156523683108, -0.00450823362917, 0.00562144070864, -0.00869815424085, 0.0180916357785, -0.00952680129558, 0.000836692284793, 0.003586177947, -0.00569475442171, 0.00112549506593, 0.00031735750963, -0.0016350701917, 0.00123397097923], [-0.000510306388605, 0.00228645233437, -0.00260220561177, 0.00276949000545, -0.00952680129558, 0.0187856294215, -0.00852861907333, -0.000930174603127, 0.00894025340676, -0.00327873066999, 0.00234605115838, 0.0007836233126, 0.000786619551945], [0.000457230053144, -0.00106144556776, 0.0020221718587, 0.00149974739179, 0.000836692284793, -0.00852861907333, 0.0182051789016, -0.00556190544739, -0.00244519696571, 0.00810283888131, -0.00374882412143, 0.00368699245155, -0.00130775175057], [0.000111615547212, 0.00168081664015, -0.00142836314626, 0.000400112679927, 0.003586177947, -0.000930174603127, -0.00556190544739, 0.0235196519643, -0.00884711369872, 0.00123062252533, 0.00483282003552, -0.0023265092168, 0.0021383529529], [0.00051078456454, -0.00179441366345, 0.00279059913009, 0.00155269179959, -0.00569475442171, 0.00894025340676, -0.00244519696571, -0.00884711369872, 0.0273399483413, -0.0164808724076, 0.000178796210093, 0.00556130520999, -0.00353958457708], [-0.000842751935124, 0.00442667771131, -0.00301571749151, 0.00114147551358, 0.00112549506593, -0.00327873066999, 0.00810283888131, 0.00123062252533, -0.0164808724076, 0.0350882858038, -0.0193027555943, 0.00254105799831, 0.00572063913569], [0.00115244148765, -0.00434607965872, 0.00326031004079, -6.59812985759e-006, 0.00031735750963, 0.00234605115838, -0.00374882412143, 0.00483282003552, 0.000178796210093, -0.0193027555943, 0.0313778482378, -0.0194793920964, 0.00579908676445], [-0.00103415769991, 0.00387853058055, -0.00494042271748, 0.00185084424447, -0.0016350701917, 0.0007836233126, 0.00368699245155, -0.0023265092168, 0.00556130520999, 0.00254105799831, -0.0194793920964, 0.0351490341127, -0.0140127399936], [0.000967873493209, -0.00215036398731, 0.0044375048019, -0.000930541893467, 0.00123397097923, 0.000786619551945, -0.00130775175057, 0.0021383529529, -0.00353958457708, 0.00572063913569, 0.00579908676445, -0.0140127399936, 0.0244103800505]]
    },
    "melbands": {
        "mean": [9.43942524145e-008, 1.02335354768e-006, 2.3298580345e-005, 6.14403033978e-005, 2.93832617899e-005, 3.46639826603e-005, 0.000843669986352, 0.000597222940996, 0.000334341748385, 0.00056902016513, 0.000815604638774, 0.000242031688686, 0.000101588542748, 6.85076520313e-005, 6.26022811048e-005, 6.51468653814e-005, 5.57883322472e-005, 4.20025535277e-005, 3.63143990398e-005, 2.03401050385e-005, 1.3267187569e-005, 1.04525252027e-005, 8.73031331139e-006, 5.83344490224e-006, 5.63617186344e-006, 4.18695390181e-006, 3.06426250063e-006, 2.53229632108e-006, 1.85821374998e-006, 1.54996087076e-006, 1.14219812986e-006, 8.62485990183e-007, 5.5888949646e-007, 3.93014829569e-007, 3.02367539007e-007, 2.08809481705e-007, 1.56274026608e-007, 1.05271944051e-007, 6.68960709049e-008, 4.84733959638e-008],
        "var": [1.46903078894e-013, 1.33918752823e-011, 6.02474692357e-009, 1.97784650879e-008, 6.520431306e-009, 8.8466114434e-009, 3.17621811519e-006, 1.34965341658e-006, 7.46474540847e-007, 1.82683402272e-006, 3.86701321986e-006, 2.35065868992e-007, 6.04186993769e-008, 2.08525090528e-008, 2.0006693191e-008, 1.70956226953e-008, 1.15186242766e-008, 4.89662532743e-009, 5.47872369694e-009, 1.35331656992e-009, 4.06114808449e-010, 2.67358857275e-010, 1.22047386086e-010, 4.78158519723e-011, 4.37894234762e-011, 2.19828877324e-011, 1.25232029607e-011, 1.1449284229e-011, 4.54891376303e-012, 3.81937190208e-012, 1.44297659758e-012, 8.77233073508e-013, 1.96692786841e-013, 7.4341601668e-014, 4.08311486835e-014, 1.41910595552e-014, 8.36208713221e-015, 3.66675184207e-015, 1.51084208011e-015, 9.64436160667e-016]
    },
    "mfcc": {
        "mean": [-702.52532959, 79.076385498, -63.5562019348, -28.2790164948, -47.1043014526, -25.9362411499, -27.2441978455, -13.7890043259, -12.5716781616, -4.67292928696, -8.93063831329, -9.81709861755, -13.1040229797],
        "cov": [[3043.71972656, 976.152954102, -675.489624023, -200.698104858, -179.820373535, -5.50289487839, -51.6909713745, 6.73226499557, 58.7723503113, 36.9234008789, -31.1009616852, -67.0817260742, -88.6741943359], [976.152954102, 786.2578125, -0.0394018702209, -53.0589637756, -25.0390968323, 9.17271900177, 7.59743785858, 21.5534801483, -12.1587057114, -13.846077919, -19.1459255219, -17.2822036743, -22.0407180786], [-675.489624023, -0.0394018702209, 540.487792969, 198.743255615, 123.91153717, 39.5788650513, 43.5614509583, 1.84093761444, -55.0881729126, -53.3662376404, -13.5397663116, 24.4788379669, 34.4043998718], [-200.698104858, -53.0589637756, 198.743255615, 244.714691162, 139.299499512, 52.6453742981, 12.4193019867, -5.30161142349, -19.563911438, -16.1984481812, -9.16085338593, 15.203371048, 20.2548942566], [-179.820373535, -25.0390968323, 123.91153717, 139.299499512, 180.244186401, 82.282081604, 28.904291153, -1.27800345421, -13.0655784607, -9.58924007416, 2.09034872055, 18.0234012604, 31.8402366638], [-5.50289487839, 9.17271900177, 39.5788650513, 52.6453742981, 82.282081604, 135.916687012, 85.848526001, 42.2976303101, 17.2001113892, 0.147528097034, -15.5244636536, -13.0614147186, -16.7875213623], [-51.6909713745, 7.59743785858, 43.5614509583, 12.4193019867, 28.904291153, 85.848526001, 137.90675354, 85.1281356812, 33.8135910034, -4.52797365189, -23.1108283997, -35.3836517334, -39.9304084778], [6.73226499557, 21.5534801483, 1.84093761444, -5.30161142349, -1.27800345421, 42.2976303101, 85.1281356812, 114.066558838, 61.2332992554, 10.0592832565, -28.8293819427, -48.923500061, -50.9539146423], [58.7723503113, -12.1587057114, -55.0881729126, -19.563911438, -13.0655784607, 17.2001113892, 33.8135910034, 61.2332992554, 97.3552474976, 41.2521820068, -13.7462425232, -46.6774902344, -44.2533493042], [36.9234008789, -13.846077919, -53.3662376404, -16.1984481812, -9.58924007416, 0.147528097034, -4.52797365189, 10.0592832565, 41.2521820068, 73.924118042, 33.1880149841, -3.02207660675, -12.754658699], [-31.1009616852, -19.1459255219, -13.5397663116, -9.16085338593, 2.09034872055, -15.5244636536, -23.1108283997, -28.8293819427, -13.7462425232, 33.1880149841, 86.4535522461, 66.3483047485, 41.7182884216], [-67.0817260742, -17.2822036743, 24.4788379669, 15.203371048, 18.0234012604, -13.0614147186, -35.3836517334, -48.923500061, -46.6774902344, -3.02207660675, 66.3483047485, 125.719299316, 96.1539230347], [-88.6741943359, -22.0407180786, 34.4043998718, 20.2548942566, 31.8402366638, -16.7875213623, -39.9304084778, -50.9539146423, -44.2533493042, -12.754658699, 41.7182884216, 96.1539230347, 129.163375854]],
        "icov": [[0.00118097057566, -0.00151962169912, 0.00171461491846, -0.00116025051102, 0.0009391947533, -0.000636963639408, 9.64421124081e-005, 0.000558167521376, -0.000423811929068, 0.000416492606746, -1.68390251929e-005, 0.000106311461423, 3.46107226505e-005], [-0.00151962169912, 0.00329659250565, -0.00234016473405, 0.00197288487107, -0.00120112707373, 0.000431591062807, 0.000384064362152, -0.00138130667619, 0.00115106836893, -0.000553490186576, 0.000235517072724, -0.000187474739505, 0.000162444877787], [0.00171461491846, -0.00234016473405, 0.00553746521473, -0.00392187433317, 0.000892352720257, 0.000216936721699, -0.00143224152271, 0.000569984433241, 0.000563354580663, 0.00152444746345, -0.000186593126273, 0.000265209964709, -0.000285477668513], [-0.00116025051102, 0.00197288487107, -0.00392187433317, 0.0105423731729, -0.00704954657704, 0.00065128155984, 0.00158577552065, -0.000964164268225, 0.000533143756911, -0.00136527477298, 0.00226707267575, -0.00203961622901, 0.00169783772435], [0.0009391947533, -0.00120112707373, 0.000892352720257, -0.00704954657704, 0.0152159230784, -0.00831958930939, 0.00148733111564, 0.000943408464082, -0.000510884739924, 0.0012533525005, -0.00273520918563, 0.00339421327226, -0.00438722781837], [-0.000636963639408, 0.000431591062807, 0.000216936721699, 0.00065128155984, -0.00831958930939, 0.0190167464316, -0.0115171633661, 0.00224506808445, -2.78572151728e-005, -0.00294632837176, 0.00402876129374, -0.0037060866598, 0.00248132576235], [9.64421124081e-005, 0.000384064362152, -0.00143224152271, 0.00158577552065, 0.00148733111564, -0.0115171633661, 0.022581351921, -0.0134442839772, 0.00151678442489, 0.00361248734407, -0.00333517207764, 0.00176788354293, 0.000715855800081], [0.000558167521376, -0.00138130667619, 0.000569984433241, -0.000964164268225, 0.000943408464082, 0.00224506808445, -0.0134442839772, 0.0254749879241, -0.0116064921021, 0.00114523305092, 0.0025401187595, -0.000844789552502, 0.00204451009631], [-0.000423811929068, 0.00115106836893, 0.000563354580663, 0.000533143756911, -0.000510884739924, -2.78572151728e-005, 0.00151678442489, -0.0116064921021, 0.0251590739936, -0.013007491827, 0.0034541755449, 0.00345475133508, -0.000667726737447], [0.000416492606746, -0.000553490186576, 0.00152444746345, -0.00136527477298, 0.0012533525005, -0.00294632837176, 0.00361248734407, 0.00114523305092, -0.013007491827, 0.0293837971985, -0.0166669841856, 0.00479707913473, 0.00113335147034], [-1.68390251929e-005, 0.000235517072724, -0.000186593126273, 0.00226707267575, -0.00273520918563, 0.00402876129374, -0.00333517207764, 0.0025401187595, 0.0034541755449, -0.0166669841856, 0.0314378216863, -0.0177079960704, 0.00345773948357], [0.000106311461423, -0.000187474739505, 0.000265209964709, -0.00203961622901, 0.00339421327226, -0.0037060866598, 0.00176788354293, -0.000844789552502, 0.00345475133508, 0.00479707913473, -0.0177079960704, 0.0306572914124, -0.0162604991347], [3.46107226505e-005, 0.000162444877787, -0.000285477668513, 0.00169783772435, -0.00438722781837, 0.00248132576235, 0.000715855800081, 0.00204451009631, -0.000667726737447, 0.00113335147034, 0.00345773948357, -0.0162604991347, 0.020906496793]]
    },
    "spectral_contrast_coeffs": {
        "mean": [-0.536635935307, -0.678270936012, -0.740121424198, -0.799065709114, -0.821985602379, -0.739276170731],
        "var": [0.00724464422092, 0.0172304157168, 0.010960875079, 0.00346969580278, 0.000840459135361, 0.00130966177676]
    },
    "spectral_contrast_valleys": {
        "mean": [-11.2820358276, -7.48750638962, -7.22484493256, -7.55361843109, -7.60360527039, -10.7652139664],
        "var": [1.09308421612, 1.27458488941, 1.16505503654, 0.979467511177, 0.728612780571, 0.451336115599]
    }
},
"metadata": {
    "audio_properties": {
        "analysis_sample_rate": 44100,
        "bit_rate": 109170,
        "equal_loudness": 0,
        "length": 45.0873451233,
        "lossless": 0,
        "replay_gain": -1.63596725464,
        "sample_rate": 44100,
        "codec": "mp3",
        "downmix": "mix",
        "md5_encoded": "835c3891abc29e356cda72bc37751686"
    },
    "tags": {
        "file_name": "265.mp3"
    },
    "version": {
        "essentia": "2.1-beta2",
        "essentia_git_sha": "v2.1_beta2",
        "extractor": "music 1.0"
    }
},
"rhythm": {
    "beats_count": 86,
    "beats_loudness": {
        "mean": 0.0226679574698,
        "var": 0.000388144137105
    },
    "bpm": 117.638618469,
    "bpm_histogram_first_peak_bpm": {
        "mean": 117,
        "var": 0
    },
    "bpm_histogram_first_peak_spread": {
        "mean": 0.417910456657,
        "var": 0
    },
    "bpm_histogram_first_peak_weight": {
        "mean": 0.458823531866,
        "var": 0
    },
    "bpm_histogram_second_peak_bpm": {
        "mean": 112,
        "var": 0
    },
    "bpm_histogram_second_peak_spread": {
        "mean": 0.533333301544,
        "var": 0
    },
    "bpm_histogram_second_peak_weight": {
        "mean": 0.0823529437184,
        "var": 0
    },
    "danceability": 1.23026621342,
    "onset_rate": 3.85768580437,
    "beats_loudness_band_ratio": {
        "mean": [0.0368606336415, 0.0570617727935, 0.517558932304, 0.285778105259, 0.121667355299, 0.054486181587],
        "var": [0.00471099605784, 0.00841674115509, 0.0698703676462, 0.0557423122227, 0.0122794285417, 0.00545287318528]
    },
    "beats_position": [0.545668900013, 1.10294783115, 1.67183673382, 2.2523355484, 2.80961441994, 3.36689329147, 3.9125623703, 4.446621418, 4.98067998886, 5.51473903656, 6.06040811539, 6.59446716309, 7.1517457962, 7.69741487503, 8.2198638916, 8.75392246246, 9.25315189362, 9.75238037109, 10.2516098022, 10.7624483109, 11.261677742, 11.7841272354, 12.294965744, 12.7941951752, 13.3050336838, 13.7926530838, 14.3034915924, 14.8143310547, 15.3251695633, 15.8243989944, 16.3352375031, 16.8344669342, 17.3453063965, 17.8445339203, 18.3437633514, 18.8546028137, 19.365442276, 19.8762817383, 20.3871192932, 20.8979587555, 21.4087982178, 21.9196376801, 22.430475235, 22.9297046661, 23.4289340973, 23.9281635284, 24.4273910522, 24.9382305145, 25.4490699768, 25.948299408, 26.4475269318, 26.958366394, 27.4692058563, 27.9800453186, 28.4908847809, 29.0017223358, 29.5125617981, 30.0234012604, 30.5458488464, 31.0682983398, 31.5791378021, 32.0899772644, 32.6008148193, 33.111656189, 33.6224937439, 34.1333312988, 34.63256073, 35.1434020996, 35.6658477783, 36.1766891479, 36.6875267029, 37.2099761963, 37.7324256897, 38.2432632446, 38.7541046143, 39.2649421692, 39.7757797241, 40.2982292175, 40.8206787109, 41.3431282043, 41.88879776, 42.4228553772, 42.9569168091, 43.4793624878, 44.0018119812, 44.5126533508]
},
"tonal": {
    "chords_changes_rate": 0.0751028805971,
    "chords_number_rate": 0.0144032919779,
    "chords_strength": {
        "mean": 0.55992859602,
        "var": 0.0124955885112
    },
    "hpcp_entropy": {
        "mean": 1.85743093491,
        "var": 0.914491057396
    },
    "key_strength": 0.576898097992,
    "tuning_diatonic_strength": 0.493574380875,
    "tuning_equal_tempered_deviation": 0.119613960385,
    "tuning_frequency": 453.416503906,
    "tuning_nontempered_energy_ratio": 0.813751339912,
    "hpcp": {
        "mean": [0.315648078918, 0.223992094398, 0.172024175525, 0.169031172991, 0.137434244156, 0.121535971761, 0.116536341608, 0.116446577013, 0.158365175128, 0.183559924364, 0.137284561992, 0.0946267321706, 0.0889558270574, 0.103293702006, 0.128076300025, 0.131626546383, 0.10782662034, 0.0881065651774, 0.0895043462515, 0.117253758013, 0.178691014647, 0.192691043019, 0.158848956227, 0.197911962867, 0.207028672099, 0.134940102696, 0.0934635028243, 0.0935205668211, 0.136629119515, 0.23479861021, 0.281474858522, 0.196413382888, 0.106423862278, 0.0876059085131, 0.125386238098, 0.252247184515],
        "var": [0.134598612785, 0.0750240683556, 0.0663160458207, 0.0714175105095, 0.0466523952782, 0.0379218645394, 0.0381893888116, 0.036621581763, 0.0609813965857, 0.0768485441804, 0.0506119430065, 0.0279450435191, 0.0265737008303, 0.035779543221, 0.0500597916543, 0.0494402386248, 0.0361722335219, 0.0279963463545, 0.0277097616345, 0.0427458547056, 0.0645122826099, 0.0759064927697, 0.0480861924589, 0.0800272226334, 0.0900016650558, 0.0467212982476, 0.0317065939307, 0.031156655401, 0.0469614453614, 0.0935370475054, 0.121334120631, 0.0748800709844, 0.0332130938768, 0.0256757065654, 0.0385515578091, 0.0963969230652]
    },
    "chords_histogram": [19.4444446564, 38.8888893127, 4.32098770142, 2.16049385071, 0, 0, 1.23456788063, 1.02880656719, 1.95473253727, 0.514403283596, 3.18930029869, 3.49794244766, 0, 0.205761313438, 0, 0, 0, 0, 1.02880656719, 0, 3.49794244766, 13.4773664474, 2.36625504494, 3.18930029869],
    "thpcp": [1, 0.709626019001, 0.544987261295, 0.535505175591, 0.43540340662, 0.385036319494, 0.369197070599, 0.368912667036, 0.501714348793, 0.581533491611, 0.434929192066, 0.299785554409, 0.28181964159, 0.327243238688, 0.405756622553, 0.417004108429, 0.341603904963, 0.279129117727, 0.283557385206, 0.371469885111, 0.566108345985, 0.610461652279, 0.503247022629, 0.627001941204, 0.655884444714, 0.427501738071, 0.296100348234, 0.296281129122, 0.432852685452, 0.743861973286, 0.891736328602, 0.622254312038, 0.337159872055, 0.277542978525, 0.397234290838, 0.799140572548],
    "chords_key": "A",
    "chords_scale": "minor",
    "key_key": "F",
    "key_scale": "major"
}
}