{
"lowlevel": {
    "average_loudness": 0.905922412872,
    "barkbands_crest": {
        "mean": 11.6180467606,
        "var": 13.0993700027
    },
    "barkbands_flatness_db": {
        "mean": 0.205893114209,
        "var": 0.0037230218295
    },
    "barkbands_kurtosis": {
        "mean": 14.8005552292,
        "var": 167.530227661
    },
    "barkbands_skewness": {
        "mean": 2.77474474907,
        "var": 1.62109863758
    },
    "barkbands_spread": {
        "mean": 9.99286746979,
        "var": 134.160736084
    },
    "dissonance": {
        "mean": 0.430775105953,
        "var": 0.00169081997592
    },
    "dynamic_complexity": 2.03215098381,
    "erbbands_crest": {
        "mean": 11.3814754486,
        "var": 22.2788333893
    },
    "erbbands_flatness_db": {
        "mean": 0.168725371361,
        "var": 0.00296255364083
    },
    "erbbands_kurtosis": {
        "mean": 2.83857941628,
        "var": 16.9908943176
    },
    "erbbands_skewness": {
        "mean": 1.35589873791,
        "var": 0.670487880707
    },
    "erbbands_spread": {
        "mean": 36.8874855042,
        "var": 631.176879883
    },
    "hfc": {
        "mean": 13.3755216599,
        "var": 181.665481567
    },
    "melbands_crest": {
        "mean": 15.1106815338,
        "var": 20.9064445496
    },
    "melbands_flatness_db": {
        "mean": 0.295957028866,
        "var": 0.00487747043371
    },
    "melbands_kurtosis": {
        "mean": 29.2070999146,
        "var": 647.169006348
    },
    "melbands_skewness": {
        "mean": 3.57492446899,
        "var": 3.09933996201
    },
    "melbands_spread": {
        "mean": 7.825091362,
        "var": 100.615470886
    },
    "pitch_salience": {
        "mean": 0.566690206528,
        "var": 0.0105914305896
    },
    "silence_rate_20dB": {
        "mean": 1,
        "var": 0
    },
    "silence_rate_30dB": {
        "mean": 0.95213586092,
        "var": 0.0455732680857
    },
    "silence_rate_60dB": {
        "mean": 0.00360267632641,
        "var": 0.00358959240839
    },
    "spectral_centroid": {
        "mean": 545.046142578,
        "var": 263866.40625
    },
    "spectral_complexity": {
        "mean": 10.8538341522,
        "var": 22.5602340698
    },
    "spectral_decrease": {
        "mean": -9.33096977462e-009,
        "var": 6.55147162174e-017
    },
    "spectral_energy": {
        "mean": 0.0364304743707,
        "var": 0.00097128469497
    },
    "spectral_energyband_high": {
        "mean": 0.000500006426591,
        "var": 1.21689879506e-006
    },
    "spectral_energyband_low": {
        "mean": 0.0151968877763,
        "var": 0.000570460921153
    },
    "spectral_energyband_middle_high": {
        "mean": 0.00150774198119,
        "var": 7.53134554543e-006
    },
    "spectral_energyband_middle_low": {
        "mean": 0.0208182670176,
        "var": 0.000308843620587
    },
    "spectral_entropy": {
        "mean": 6.89439582825,
        "var": 0.428578317165
    },
    "spectral_flux": {
        "mean": 0.0849936306477,
        "var": 0.00397991156206
    },
    "spectral_kurtosis": {
        "mean": 8.612449646,
        "var": 75.4717788696
    },
    "spectral_rms": {
        "mean": 0.00557528901845,
        "var": 4.4580233407e-006
    },
    "spectral_rolloff": {
        "mean": 577.447937012,
        "var": 1650626.25
    },
    "spectral_skewness": {
        "mean": 2.31014442444,
        "var": 0.875345051289
    },
    "spectral_spread": {
        "mean": 4947532,
        "var": 5.72773053235e+012
    },
    "spectral_strongpeak": {
        "mean": 0.77910387516,
        "var": 0.598441004753
    },
    "zerocrossingrate": {
        "mean": 0.0351067446172,
        "var": 0.00131588149816
    },
    "barkbands": {
        "mean": [0.00130339432508, 0.00728014251217, 0.00509796710685, 0.00332476734184, 0.0100689195096, 0.00329218688421, 0.00216562999412, 0.00130183435977, 0.000509426521603, 0.000417852774262, 0.000188927631825, 0.000237802509218, 0.00014529391774, 0.000124983518617, 0.000172442742041, 5.61321685382e-005, 6.19692727923e-005, 7.80263653724e-005, 6.35837568552e-005, 9.61915211519e-005, 6.25103857601e-005, 5.9438025346e-005, 8.14050290501e-005, 0.000104428385384, 8.44141250127e-005, 4.74637636216e-005, 3.3217447708e-006],
        "var": [3.13686068694e-005, 0.000276125589153, 2.84506677417e-005, 1.36440803544e-005, 0.000166051497217, 8.8588340077e-006, 2.63980928139e-005, 3.13868040394e-005, 3.49494075635e-006, 2.34372623709e-006, 2.74531117839e-007, 2.70994007678e-007, 1.75730477281e-007, 1.30154660383e-007, 2.77124087233e-007, 2.99152098648e-008, 3.66524481876e-008, 4.16802414804e-008, 3.94950063765e-008, 9.94899380657e-008, 2.53209773149e-008, 1.9250709471e-008, 4.98867045451e-008, 6.0539591118e-008, 4.19749355274e-008, 1.72339440496e-008, 2.81463519158e-010]
    },
    "erbbands": {
        "mean": [0.285131067038, 1.37234175205, 5.1725153923, 9.46403026581, 22.4481124878, 35.1694068909, 31.9691562653, 25.8677482605, 36.2837905884, 21.9411697388, 27.3283901215, 14.1554346085, 12.2118148804, 9.68776321411, 9.63403892517, 11.1073274612, 7.22859811783, 6.88728952408, 9.771276474, 4.9912276268, 3.10994625092, 3.27676177025, 4.06328439713, 3.77267551422, 3.62858867645, 4.68960285187, 3.08033084869, 2.24640035629, 2.13578724861, 2.0383374691, 2.46618628502, 2.28676176071, 1.63353466988, 0.971931219101, 0.574818313122, 0.276431173086, 0.070327565074, 0.0126123465598, 0.000377169926651, 5.13299892191e-005],
        "var": [0.967757284641, 4.0779967308, 23.2434253693, 74.9510726929, 1165.93591309, 2254.86621094, 820.361816406, 875.880981445, 5215.08837891, 6663.15332031, 16049.8046875, 1902.74707031, 2361.36743164, 1256.42016602, 594.033996582, 522.787597656, 403.047729492, 410.46194458, 837.8984375, 209.374099731, 54.7557945251, 114.237960815, 105.029563904, 108.517944336, 137.805541992, 283.663452148, 89.8861465454, 27.2462215424, 26.0577163696, 25.0221042633, 49.4193878174, 35.3042106628, 13.5218667984, 4.92586374283, 2.32254266739, 0.550864696503, 0.0443678312004, 0.0026316663716, 2.51277083407e-006, 2.71546540809e-009]
    },
    "gfcc": {
        "mean": [-29.851266861, 120.182434082, -73.1500244141, 29.42735672, -58.9972305298, 16.579372406, -47.6534957886, -3.57734298706, -30.3482570648, -1.118942976, -13.0186319351, -1.176851511, -8.84258937836],
        "cov": [[6089.51025391, -1689.45788574, -98.8667831421, 353.251068115, -433.219940186, 86.6338500977, -222.585968018, 429.793151855, -376.638824463, 261.302520752, -276.966217041, 22.5645313263, -303.021881104], [-1689.45788574, 1791.67199707, -268.354522705, -299.722106934, 277.595428467, -106.503547668, 121.231918335, -249.540466309, 302.965759277, -189.627975464, 235.760223389, -92.0495300293, 208.832214355], [-98.8667831421, -268.354522705, 493.459472656, 113.996421814, -29.1598701477, 140.256439209, 40.087020874, 4.18438386917, -6.62852430344, 68.4321594238, -21.7424983978, 79.3186950684, -19.7719593048], [353.251068115, -299.722106934, 113.996421814, 271.818725586, -5.26408481598, 58.4337234497, 8.83936309814, 41.7229194641, -21.5001163483, 32.2033691406, -21.0059967041, 24.9133243561, -3.61125564575], [-433.219940186, 277.595428467, -29.1598701477, -5.26408481598, 198.642532349, 13.587228775, 34.752784729, -26.9572677612, 62.1919212341, -41.1758728027, 32.2409973145, 4.12937355042, 48.9535636902], [86.6338500977, -106.503547668, 140.256439209, 58.4337234497, 13.587228775, 161.224075317, 45.8666229248, 4.49238634109, -8.26208591461, 18.1745700836, -14.8344364166, 37.6717338562, -1.0329464674], [-222.585968018, 121.231918335, 40.087020874, 8.83936309814, 34.752784729, 45.8666229248, 124.147659302, 24.7216567993, 41.9892616272, 1.11093187332, 24.6958770752, -13.2827119827, 22.3748817444], [429.793151855, -249.540466309, 4.18438386917, 41.7229194641, -26.9572677612, 4.49238634109, 24.7216567993, 198.440444946, -3.53481006622, 55.0156784058, -24.5882987976, -22.8637390137, -37.7508621216], [-376.638824463, 302.965759277, -6.62852430344, -21.5001163483, 62.1919212341, -8.26208591461, 41.9892616272, -3.53481006622, 152.504806519, -1.25903367996, 54.2723007202, -5.53458404541, 46.2735710144], [261.302520752, -189.627975464, 68.4321594238, 32.2033691406, -41.1758728027, 18.1745700836, 1.11093187332, 55.0156784058, -1.25903367996, 96.0820159912, 2.74403524399, 17.6933994293, -30.3524723053], [-276.966217041, 235.760223389, -21.7424983978, -21.0059967041, 32.2409973145, -14.8344364166, 24.6958770752, -24.5882987976, 54.2723007202, 2.74403524399, 100.314178467, 5.51516199112, 29.3410606384], [22.5645313263, -92.0495300293, 79.3186950684, 24.9133243561, 4.12937355042, 37.6717338562, -13.2827119827, -22.8637390137, -5.53458404541, 17.6933994293, 5.51516199112, 98.4364089966, 11.3984117508], [-303.021881104, 208.832214355, -19.7719593048, -3.61125564575, 48.9535636902, -1.0329464674, 22.3748817444, -37.7508621216, 46.2735710144, -30.3524723053, 29.3410606384, 11.3984117508, 81.2044448853]],
        "icov": [[0.000349818496034, -0.000219587513129, 0.000370665889932, -0.00047846644884, 0.000458005873952, -0.000398296047933, 0.000475228793221, -0.00060254620621, 0.000495305517688, -0.000645229301881, 0.000597528589424, -0.000359994213795, 0.000558043946512], [-0.000219587513129, 0.00323391938582, -0.000100234428828, 0.0022396070417, -0.0015773663763, 0.000447607162641, -0.00126872246619, 0.00247178412974, -0.00325061473995, 0.00288238888606, -0.00397047400475, 0.00271135312505, -0.00262181321159], [0.000370665889932, -0.000100234428828, 0.00374302640557, -0.00115412985906, 0.000863859138917, -0.00225810729899, -0.000429932435509, 0.000206148615689, -0.000164525903529, -0.00206600548699, 0.00124223076273, -0.00194421422202, 0.00131136982236], [-0.00047846644884, 0.0022396070417, -0.00115412985906, 0.00634245248511, -0.00171869504265, -0.000215523396037, -0.000854384095874, 0.0011729572434, -0.00175510509871, 0.00167085428257, -0.00269630551338, 0.00198738812469, -0.00340995658189], [0.000458005873952, -0.0015773663763, 0.000863859138917, -0.00171869504265, 0.0080788647756, -0.00158225395717, 0.000341227743775, -0.00178940221667, -0.000152460808749, 0.000814490660559, 0.00156333716586, -0.00221211649477, 0.000220130605157], [-0.000398296047933, 0.000447607162641, -0.00225810729899, -0.000215523396037, -0.00158225395717, 0.0106777846813, -0.004614347592, 0.0013333898969, 0.000173050415469, 0.00055031751981, 0.000912568997592, -0.00207222974859, -0.000147576429299], [0.000475228793221, -0.00126872246619, -0.000429932435509, -0.000854384095874, 0.000341227743775, -0.004614347592, 0.0132849235088, -0.0037268390879, 0.000160165131092, -0.00101534265559, -0.000765328819398, 0.00232913694344, -0.00128520454746], [-0.00060254620621, 0.00247178412974, 0.000206148615689, 0.0011729572434, -0.00178940221667, 0.0013333898969, -0.0037268390879, 0.009920200333, -0.00350655801594, -0.00145848945249, -0.00120880454779, 0.00352861732244, -0.000373910821509], [0.000495305517688, -0.00325061473995, -0.000164525903529, -0.00175510509871, -0.000152460808749, 0.000173050415469, 0.000160165131092, -0.00350655801594, 0.0139602506533, -0.00516249891371, 0.000886161171366, -0.00159557536244, -0.00147141923662], [-0.000645229301881, 0.00288238888606, -0.00206600548699, 0.00167085428257, 0.000814490660559, 0.00055031751981, -0.00101534265559, -0.00145848945249, -0.00516249891371, 0.0208320990205, -0.00737230759114, -0.000527415133547, 0.00233486923389], [0.000597528589424, -0.00397047400475, 0.00124223076273, -0.00269630551338, 0.00156333716586, 0.000912568997592, -0.000765328819398, -0.00120880454779, 0.000886161171366, -0.00737230759114, 0.019686486572, -0.00488673290238, 0.00165334332269], [-0.000359994213795, 0.00271135312505, -0.00194421422202, 0.00198738812469, -0.00221211649477, -0.00207222974859, 0.00232913694344, 0.00352861732244, -0.00159557536244, -0.000527415133547, -0.00488673290238, 0.0168667975813, -0.00628501921892], [0.000558043946512, -0.00262181321159, 0.00131136982236, -0.00340995658189, 0.000220130605157, -0.000147576429299, -0.00128520454746, -0.000373910821509, -0.00147141923662, 0.00233486923389, 0.00165334332269, -0.00628501921892, 0.0233488474041]]
    },
    "melbands": {
        "mean": [0.00226507196203, 0.00241957209073, 0.0019197728252, 0.00228114426136, 0.00118146394379, 0.000583183835261, 0.000525524606928, 0.000236324922298, 0.000204187308555, 7.89189143688e-005, 5.99853374297e-005, 4.06286417274e-005, 2.74405465461e-005, 3.20855979226e-005, 2.06722706935e-005, 1.238477671e-005, 1.28724614115e-005, 1.53398450493e-005, 9.56160238275e-006, 5.00671058035e-006, 3.36083576258e-006, 3.63506865142e-006, 2.98986128655e-006, 4.08752794101e-006, 2.93067455459e-006, 2.25516237151e-006, 2.9154546155e-006, 3.26953272634e-006, 2.10272537515e-006, 1.3912324448e-006, 1.26688939872e-006, 1.24485075048e-006, 1.08542064936e-006, 1.1487422853e-006, 1.40521444791e-006, 1.46391232647e-006, 1.35898778808e-006, 1.2101587572e-006, 9.51317190356e-007, 7.62965271406e-007],
        "var": [4.23493256676e-005, 4.86749468109e-006, 3.1894460335e-006, 1.09228449219e-005, 1.14608769763e-006, 3.93349637307e-007, 1.21243465401e-006, 8.63853529154e-007, 9.23552590848e-007, 6.29925693829e-008, 6.05168892776e-008, 2.5897085365e-008, 5.48379963661e-009, 4.9506243549e-009, 1.25651367089e-009, 1.57966861813e-009, 1.65359559379e-009, 1.89545001916e-009, 9.15462206041e-010, 2.77180889352e-010, 6.01178343218e-011, 1.99519192834e-010, 6.86146972573e-011, 1.19950799293e-010, 7.89135770618e-011, 5.57639073806e-011, 8.6063371707e-011, 1.87990609191e-010, 5.68427804826e-011, 1.2744169435e-011, 9.43032717887e-012, 9.75243757279e-012, 6.68207893531e-012, 9.04469901752e-012, 1.69777959053e-011, 1.81911048724e-011, 1.20791441086e-011, 8.49983798623e-012, 4.17121285429e-012, 3.45744570127e-012]
    },
    "mfcc": {
        "mean": [-685.727844238, 151.179595947, 39.2802009583, 19.6970348358, 13.5476016998, 11.3199625015, 0.249800533056, -3.89080238342, -9.47630882263, -5.79779052734, -6.3899064064, -3.59097456932, -5.20343542099],
        "cov": [[4048.89892578, -1663.10998535, 55.9813690186, 110.774017334, -109.774459839, -303.213409424, 146.770858765, -54.2780685425, 18.4588718414, 191.780670166, 24.0524120331, 3.50343847275, -101.758781433], [-1663.10998535, 1627.9666748, -284.182006836, -121.518676758, 82.84009552, 80.6708526611, -95.8244247437, 24.9617385864, 1.55969309807, -65.0609893799, 6.17772340775, 24.2830810547, 65.6707382202], [55.9813690186, -284.182006836, 458.884216309, 30.2200450897, -13.6728096008, 124.358428955, 35.2736129761, 23.6195793152, 16.3793964386, 0.03678458184, 33.036819458, 26.0367870331, 36.6090354919], [110.774017334, -121.518676758, 30.2200450897, 173.063308716, 35.1403999329, 6.95591259003, 6.79682636261, 13.9267587662, 12.093454361, 26.8338336945, -9.31511306763, 1.00555360317, 11.8926506042], [-109.774459839, 82.84009552, -13.6728096008, 35.1403999329, 130.737457275, 38.099521637, -9.6122674942, 27.6928520203, 16.2144603729, -9.42653846741, -6.03096389771, 11.507900238, 10.5976486206], [-303.213409424, 80.6708526611, 124.358428955, 6.95591259003, 38.099521637, 223.969345093, -4.80480527878, 38.7587013245, -5.56007385254, -54.2697639465, 6.8480219841, -26.4541702271, 31.6649417877], [146.770858765, -95.8244247437, 35.2736129761, 6.79682636261, -9.6122674942, -4.80480527878, 128.611541748, 19.4443035126, 15.8435153961, 34.8568992615, 15.1575155258, 10.6032266617, -19.2904930115], [-54.2780685425, 24.9617385864, 23.6195793152, 13.9267587662, 27.6928520203, 38.7587013245, 19.4443035126, 87.4613876343, 37.4510726929, 2.47325825691, 7.47683858871, 2.00494337082, 17.3589267731], [18.4588718414, 1.55969309807, 16.3793964386, 12.093454361, 16.2144603729, -5.56007385254, 15.8435153961, 37.4510726929, 100.029785156, 36.6711883545, 21.8194923401, 3.92220854759, 0.732032954693], [191.780670166, -65.0609893799, 0.03678458184, 26.8338336945, -9.42653846741, -54.2697639465, 34.8568992615, 2.47325825691, 36.6711883545, 121.440986633, 27.4685726166, 13.3965148926, -8.94381523132], [24.0524120331, 6.17772340775, 33.036819458, -9.31511306763, -6.03096389771, 6.8480219841, 15.1575155258, 7.47683858871, 21.8194923401, 27.4685726166, 83.0584106445, 23.8471469879, 7.44563102722], [3.50343847275, 24.2830810547, 26.0367870331, 1.00555360317, 11.507900238, -26.4541702271, 10.6032266617, 2.00494337082, 3.92220854759, 13.3965148926, 23.8471469879, 92.0741500854, 26.3461418152], [-101.758781433, 65.6707382202, 36.6090354919, 11.8926506042, 10.5976486206, 31.6649417877, -19.2904930115, 17.3589267731, 0.732032954693, -8.94381523132, 7.44563102722, 26.3461418152, 81.281578064]],
        "icov": [[0.000495333981235, 0.000510376237798, 0.000188726975466, 5.10735590069e-005, -4.28059720434e-005, 0.000319465849316, -0.000144008736243, 1.70415059983e-005, 5.98152437306e-005, -0.000327816553181, -0.000160111303558, 1.18090802061e-005, -6.71674351906e-005], [0.000510376237798, 0.00141822674777, 0.000931875605602, 0.000683561316691, -0.000373895396478, -0.000320525083225, 0.000213494538912, 1.57259296429e-006, -0.000143280703924, -0.000333199073793, -0.000258197222138, -0.00041877021431, -0.000678652955685], [0.000188726975466, 0.000931875605602, 0.00366304558702, -4.59646398667e-005, 0.000837682338897, -0.00245394208468, -0.000396773190005, 0.000356224889401, -0.000710725842509, -0.000290600553853, -0.000455956207588, -0.00159787607845, -0.000949089298956], [5.10735590069e-005, 0.000683561316691, -4.59646398667e-005, 0.00720014749095, -0.00218734284863, -0.000236284118728, 9.71760237007e-005, -0.000289573683403, 1.0601305803e-005, -0.00205965456553, 0.00134668557439, 0.000337696983479, -0.00151852238923], [-4.28059720434e-005, -0.000373895396478, 0.000837682338897, -0.00218734284863, 0.0100232772529, -0.00210908614099, 0.000908996444196, -0.00194208091125, -0.00136765243951, 0.000479647656903, 0.00124405173119, -0.00270037585869, 0.00116294249892], [0.000319465849316, -0.000320525083225, -0.00245394208468, -0.000236284118728, -0.00210908614099, 0.00864458922297, -0.000731007079594, -0.00225445255637, 0.00143378542271, 0.00273930537514, -0.00198014103808, 0.00424398295581, -0.00189170183148], [-0.000144008736243, 0.000213494538912, -0.000396773190005, 9.71760237007e-005, 0.000908996444196, -0.000731007079594, 0.00996660813689, -0.00292942300439, 0.000377536693122, -0.00232112570666, -0.00032033881871, -0.00190307514276, 0.00335635128431], [1.70415059983e-005, 1.57259296429e-006, 0.000356224889401, -0.000289573683403, -0.00194208091125, -0.00225445255637, -0.00292942300439, 0.0168404467404, -0.00605620397255, 0.000831214769278, 0.000365895044524, 0.000451285915915, -0.00329209002666], [5.98152437306e-005, -0.000143280703924, -0.000710725842509, 1.0601305803e-005, -0.00136765243951, 0.00143378542271, 0.000377536693122, -0.00605620397255, 0.0143793579191, -0.00346836796962, -0.0025175656192, 0.00121183879673, 0.00083863036707], [-0.000327816553181, -0.000333199073793, -0.000290600553853, -0.00205965456553, 0.000479647656903, 0.00273930537514, -0.00232112570666, 0.000831214769278, -0.00346836796962, 0.0126847671345, -0.00321288080886, 0.000299200852169, 5.72964854655e-005], [-0.000160111303558, -0.000258197222138, -0.000455956207588, 0.00134668557439, 0.00124405173119, -0.00198014103808, -0.00032033881871, 0.000365895044524, -0.0025175656192, -0.00321288080886, 0.0155798373744, -0.00396737782285, -5.33681713932e-007], [1.18090802061e-005, -0.00041877021431, -0.00159787607845, 0.000337696983479, -0.00270037585869, 0.00424398295581, -0.00190307514276, 0.000451285915915, 0.00121183879673, 0.000299200852169, -0.00396737782285, 0.0156996995211, -0.00552926911041], [-6.71674351906e-005, -0.000678652955685, -0.000949089298956, -0.00151852238923, 0.00116294249892, -0.00189170183148, 0.00335635128431, -0.00329209002666, 0.00083863036707, 5.72964854655e-005, -5.33681713932e-007, -0.00552926911041, 0.0172927714884]]
    },
    "spectral_contrast_coeffs": {
        "mean": [-0.584916114807, -0.638606846333, -0.758001625538, -0.788258671761, -0.813956737518, -0.791150391102],
        "var": [0.00766995223239, 0.00637683831155, 0.00294013367966, 0.00226086308248, 0.00197166972794, 0.00106706109364]
    },
    "spectral_contrast_valleys": {
        "mean": [-6.81813287735, -7.14153623581, -7.80579519272, -8.38482284546, -8.50477218628, -10.5621166229],
        "var": [1.09844708443, 0.914582014084, 0.840619683266, 0.881870448589, 1.18797707558, 1.47535383701]
    }
},
"metadata": {
    "audio_properties": {
        "analysis_sample_rate": 44100,
        "bit_rate": 109829,
        "equal_loudness": 0,
        "length": 45.0873451233,
        "lossless": 0,
        "replay_gain": -10.9429016113,
        "sample_rate": 44100,
        "codec": "mp3",
        "downmix": "mix",
        "md5_encoded": "74449e6b78a85c5f0f8a448126bebc9b"
    },
    "tags": {
        "file_name": "269.mp3"
    },
    "version": {
        "essentia": "2.1-beta2",
        "essentia_git_sha": "v2.1_beta2",
        "extractor": "music 1.0"
    }
},
"rhythm": {
    "beats_count": 123,
    "beats_loudness": {
        "mean": 0.053165756166,
        "var": 0.00082523963647
    },
    "bpm": 164.54977417,
    "bpm_histogram_first_peak_bpm": {
        "mean": 167,
        "var": 0
    },
    "bpm_histogram_first_peak_spread": {
        "mean": 0,
        "var": 0
    },
    "bpm_histogram_first_peak_weight": {
        "mean": 0.532786905766,
        "var": 0
    },
    "bpm_histogram_second_peak_bpm": {
        "mean": 161,
        "var": 0
    },
    "bpm_histogram_second_peak_spread": {
        "mean": 0.0212765708566,
        "var": 0
    },
    "bpm_histogram_second_peak_weight": {
        "mean": 0.377049177885,
        "var": 0
    },
    "danceability": 1.26277780533,
    "onset_rate": 4.03505086899,
    "beats_loudness_band_ratio": {
        "mean": [0.597860693932, 0.346802651882, 0.0900712385774, 0.0264124106616, 0.0120580820367, 0.0187125299126],
        "var": [0.0457392036915, 0.0370422489941, 0.0134849771857, 0.000955026247539, 0.0002135062241, 0.000613319862168]
    },
    "beats_position": [0.394739210606, 0.801088392735, 1.20743763447, 1.57895684242, 1.95047616959, 2.32199549675, 2.69351458549, 3.06503391266, 3.43655323982, 3.79646253586, 4.15637159348, 4.51628112793, 4.87619018555, 5.23609972, 5.59600877762, 5.9675283432, 6.32743740082, 6.6989569664, 7.05886602402, 7.41877555847, 7.77868461609, 8.13859367371, 8.498503685, 8.85841274261, 9.22993183136, 9.61306095123, 9.97297000885, 10.3328800201, 10.6811790466, 11.0526981354, 11.4242172241, 11.7841272354, 12.144036293, 12.5155553818, 12.8870744705, 13.2585935593, 13.6185035706, 13.9784126282, 14.3499317169, 14.7214508057, 15.0697498322, 15.4296598434, 15.7895689011, 16.1494789124, 16.50938797, 16.8809070587, 17.2524261475, 17.600725174, 17.9606342316, 18.3205432892, 18.6920623779, 19.0519733429, 19.4234924316, 19.7834014893, 20.1433105469, 20.5032196045, 20.8747386932, 21.2346477509, 21.5945568085, 21.9660758972, 22.3259868622, 22.6858959198, 23.0574150085, 23.4289340973, 23.800453186, 24.1603622437, 24.5202713013, 24.8801803589, 25.2400894165, 25.6116104126, 25.9715194702, 26.3314285278, 26.7029476166, 27.0744667053, 27.4343757629, 27.7942848206, 28.1658039093, 28.5257129669, 28.8856239319, 29.2571430206, 29.6054420471, 29.9653511047, 30.3252601624, 30.68516922, 31.0450782776, 31.4049873352, 31.7648983002, 32.1248054504, 32.4847145081, 32.8446235657, 33.204536438, 33.5528335571, 33.9243545532, 34.2958717346, 34.6557807922, 35.0156898499, 35.3872108459, 35.7587280273, 36.1070289612, 36.4785499573, 36.8500671387, 37.2215881348, 37.5931053162, 37.9530143738, 38.3129234314, 38.672832489, 39.0327415466, 39.3810424805, 39.7409515381, 40.1008605957, 40.4723815918, 40.8206787109, 41.192199707, 41.5521087646, 41.9120178223, 42.2835350037, 42.6550559998, 43.0265769958, 43.3980941772, 43.7696151733, 44.129524231, 44.4894332886, 44.86095047]
},
"tonal": {
    "chords_changes_rate": 0.0360082313418,
    "chords_number_rate": 0.00720164598897,
    "chords_strength": {
        "mean": 0.587558925152,
        "var": 0.00800590403378
    },
    "hpcp_entropy": {
        "mean": 2.00335383415,
        "var": 0.472075760365
    },
    "key_strength": 0.743963956833,
    "tuning_diatonic_strength": 0.504758000374,
    "tuning_equal_tempered_deviation": 0.197288155556,
    "tuning_frequency": 434.193115234,
    "tuning_nontempered_energy_ratio": 0.95216357708,
    "hpcp": {
        "mean": [0.217766717076, 0.270949870348, 0.189165532589, 0.223070427775, 0.253017425537, 0.120079480112, 0.0379961170256, 0.0286755878478, 0.043731931597, 0.124447658658, 0.136947974563, 0.053423255682, 0.0232830345631, 0.0310762859881, 0.077024936676, 0.27731642127, 0.334734767675, 0.134849488735, 0.0272643342614, 0.0155606884509, 0.0310366135091, 0.0763171315193, 0.0791755318642, 0.123234689236, 0.254583328962, 0.191098809242, 0.0401764959097, 0.0165231190622, 0.0188107639551, 0.0641236454248, 0.17048676312, 0.170282915235, 0.0818611979485, 0.0538129620254, 0.0541191101074, 0.0963394492865],
        "var": [0.0893626213074, 0.107213586569, 0.0584375038743, 0.112977296114, 0.151068747044, 0.0421590209007, 0.0119193186983, 0.00933882035315, 0.0107918996364, 0.0504237785935, 0.0584040097892, 0.0110957333818, 0.00553948944435, 0.0107910325751, 0.0195257533342, 0.0894397422671, 0.130145072937, 0.0303170084953, 0.00769930705428, 0.00523449014872, 0.00963989645243, 0.0421953126788, 0.0382716916502, 0.0358144342899, 0.132024273276, 0.0701606273651, 0.00724060460925, 0.00308334291913, 0.00509281270206, 0.0233029052615, 0.0921646654606, 0.0781914666295, 0.0297698136419, 0.0245923567563, 0.0250107180327, 0.0392789803445]
    },
    "chords_histogram": [25.5144023895, 11.8312759399, 9.77366256714, 5.45267486572, 0, 1.23456788063, 0, 0, 0, 0, 0, 0, 0, 0, 0, 0, 0, 0, 0, 0, 0, 0, 18.1069965363, 28.0864200592],
    "thpcp": [1, 0.40285474062, 0.0814505591989, 0.0464866198599, 0.0927200168371, 0.227992847562, 0.236532136798, 0.368156224489, 0.760552406311, 0.570896208286, 0.120024867356, 0.0493618249893, 0.056196026504, 0.191565543413, 0.509318947792, 0.508709967136, 0.244555413723, 0.160762995481, 0.161677584052, 0.287808328867, 0.650564968586, 0.809446454048, 0.565120637417, 0.666409492493, 0.755874335766, 0.358730226755, 0.113511115313, 0.0856665968895, 0.130646511912, 0.371779888868, 0.409123837948, 0.159598767757, 0.0695566684008, 0.0928385332227, 0.230107367039, 0.828466117382],
    "chords_key": "A#",
    "chords_scale": "major",
    "key_key": "D",
    "key_scale": "minor"
}
}