{
"lowlevel": {
    "average_loudness": 0.966247975826,
    "barkbands_crest": {
        "mean": 12.6991796494,
        "var": 21.4600505829
    },
    "barkbands_flatness_db": {
        "mean": 0.349261045456,
        "var": 0.0018869418418
    },
    "barkbands_kurtosis": {
        "mean": 4.94069766998,
        "var": 35.63463974
    },
    "barkbands_skewness": {
        "mean": 1.24773955345,
        "var": 1.05652594566
    },
    "barkbands_spread": {
        "mean": 5.73274087906,
        "var": 12.5512466431
    },
    "dissonance": {
        "mean": 0.380153357983,
        "var": 0.00308965309523
    },
    "dynamic_complexity": 3.55004954338,
    "erbbands_crest": {
        "mean": 14.168970108,
        "var": 23.060087204
    },
    "erbbands_flatness_db": {
        "mean": 0.37989076972,
        "var": 0.00105277448893
    },
    "erbbands_kurtosis": {
        "mean": 2.59073853493,
        "var": 18.5439243317
    },
    "erbbands_skewness": {
        "mean": 0.946307241917,
        "var": 1.05923688412
    },
    "erbbands_spread": {
        "mean": 10.9749593735,
        "var": 21.0714073181
    },
    "hfc": {
        "mean": 12.7841434479,
        "var": 113.62311554
    },
    "melbands_crest": {
        "mean": 15.2509450912,
        "var": 28.2693443298
    },
    "melbands_flatness_db": {
        "mean": 0.435529977083,
        "var": 0.00244941981509
    },
    "melbands_kurtosis": {
        "mean": 5.87770080566,
        "var": 41.5895347595
    },
    "melbands_skewness": {
        "mean": 1.32341587543,
        "var": 0.945678472519
    },
    "melbands_spread": {
        "mean": 9.02869319916,
        "var": 67.0736618042
    },
    "pitch_salience": {
        "mean": 0.522363007069,
        "var": 0.0133995385841
    },
    "silence_rate_20dB": {
        "mean": 1,
        "var": 0
    },
    "silence_rate_30dB": {
        "mean": 1,
        "var": 0
    },
    "silence_rate_60dB": {
        "mean": 0.145651057363,
        "var": 0.12443665415
    },
    "spectral_centroid": {
        "mean": 622.351867676,
        "var": 196981.609375
    },
    "spectral_complexity": {
        "mean": 10.7452392578,
        "var": 16.9226970673
    },
    "spectral_decrease": {
        "mean": -5.81202908023e-009,
        "var": 2.29608496647e-017
    },
    "spectral_energy": {
        "mean": 0.0230954978615,
        "var": 0.000361550366506
    },
    "spectral_energyband_high": {
        "mean": 4.33944251199e-006,
        "var": 4.94710730714e-011
    },
    "spectral_energyband_low": {
        "mean": 0.000797236454673,
        "var": 1.64936045621e-006
    },
    "spectral_energyband_middle_high": {
        "mean": 0.00359586579725,
        "var": 2.10612470255e-005
    },
    "spectral_energyband_middle_low": {
        "mean": 0.0194506254047,
        "var": 0.000303801702103
    },
    "spectral_entropy": {
        "mean": 6.02246809006,
        "var": 0.165766254067
    },
    "spectral_flux": {
        "mean": 0.0564949065447,
        "var": 0.00159841496497
    },
    "spectral_kurtosis": {
        "mean": 45.9054718018,
        "var": 641.256896973
    },
    "spectral_rms": {
        "mean": 0.00425021024421,
        "var": 4.46791682407e-006
    },
    "spectral_rolloff": {
        "mean": 796.210083008,
        "var": 743622.625
    },
    "spectral_skewness": {
        "mean": 4.27116012573,
        "var": 2.41631007195
    },
    "spectral_spread": {
        "mean": 1308197.5,
        "var": 2.65281391821e+012
    },
    "spectral_strongpeak": {
        "mean": 1.65201854706,
        "var": 1.24331474304
    },
    "zerocrossingrate": {
        "mean": 0.0289980769157,
        "var": 0.000500779948197
    },
    "barkbands": {
        "mean": [4.95153415159e-007, 0.000101085453935, 0.000546724302694, 0.000273803190794, 0.000526488118339, 0.00499498983845, 0.00798025447875, 0.00333083118312, 0.00140371813904, 0.00168344727717, 0.000577717844862, 0.000785524607636, 0.000417604547692, 0.000111361659947, 0.000179355571163, 9.87932726275e-005, 1.92584775505e-005, 3.70404268324e-005, 1.80419501703e-005, 6.74743978379e-006, 2.14709689317e-006, 6.07658705576e-008, 5.69212987855e-009, 3.81183129505e-009, 1.93039118024e-009, 1.71482039679e-009, 1.48329104555e-009],
        "var": [9.20705677497e-013, 1.38717188847e-008, 1.02789806533e-006, 1.70718749359e-007, 3.87535123991e-007, 5.73222605453e-005, 0.000118140153063, 2.72655179288e-005, 3.74838896278e-006, 1.34348792926e-005, 1.0502500345e-006, 5.17806392963e-006, 3.88886377323e-007, 1.69437626596e-007, 6.45184528025e-008, 3.44544979214e-008, 1.6072720932e-009, 3.42446138113e-009, 8.48536629849e-010, 2.18686083131e-010, 2.06007311904e-011, 2.1916638697e-014, 2.58193959411e-015, 1.89762908756e-015, 1.65044263893e-015, 1.57753840728e-015, 7.64481592671e-016]
    },
    "erbbands": {
        "mean": [0.000644641637336, 0.0382838062942, 0.470081567764, 0.918122053146, 1.32893407345, 1.63401007652, 10.9285612106, 57.4839248657, 96.9308319092, 121.25327301, 36.1654968262, 39.997013092, 52.5413627625, 31.733663559, 33.2667655945, 34.7874259949, 22.4879322052, 8.46080970764, 9.97714614868, 5.51822042465, 4.07078123093, 1.37963926792, 2.23822069168, 1.11782622337, 0.718995690346, 0.293229997158, 0.123920537531, 0.0572293996811, 0.0054808659479, 0.000457851157989, 0.000185403172509, 0.000111131979793, 7.37722220947e-005, 4.06316830777e-005, 2.71036751656e-005, 1.87899404409e-005, 1.05061953946e-005, 2.76301034319e-006, 1.1490590623e-005, 2.62262128672e-005],
        "var": [3.80585078119e-007, 0.00186277611647, 0.564778029919, 2.61996197701, 4.40974473953, 3.42716431618, 223.439407349, 8656.953125, 17690.6816406, 21150.09375, 2093.56811523, 2853.51245117, 15686.2714844, 4861.74707031, 3433.69165039, 13442.40625, 1028.34533691, 428.074890137, 219.263565063, 62.2151794434, 53.0758361816, 7.12295627594, 10.6889343262, 2.81989979744, 1.56607985497, 0.276294708252, 0.0413016416132, 0.0182871483266, 0.000111217850645, 4.29076317232e-006, 1.90931677935e-006, 9.60085571933e-007, 4.85298073727e-007, 2.12197960536e-007, 8.14425007434e-008, 2.52058853789e-008, 5.46631451215e-009, 6.68616328969e-010, 1.16156875785e-010, 4.64157018376e-010]
    },
    "gfcc": {
        "mean": [-179.286071777, 237.364486694, -168.587234497, -39.4719429016, -22.0443954468, -55.9257850647, -7.17800998688, -13.2178421021, -15.823597908, 6.37241840363, -3.38842844963, -17.2220478058, -0.499415069818],
        "cov": [[6902.69091797, -213.924911499, -1235.48547363, -424.602844238, -683.496032715, -734.105224609, -144.418579102, 66.6008758545, -8.18683242798, -65.1044082642, 131.629302979, 123.702980042, 61.4383544922], [-213.924911499, 483.552246094, 225.361557007, -10.256102562, 138.345184326, 27.2131061554, -35.2304344177, -48.425151825, -64.2948532104, -36.8750610352, -58.3479728699, -69.9129257202, 5.06687736511], [-1235.48547363, 225.361557007, 618.342651367, 48.6366157532, 92.6428909302, 125.944046021, -108.836753845, -20.3245563507, 6.62302017212, -25.0532093048, -34.787197113, -84.2377166748, -32.1105422974], [-424.602844238, -10.256102562, 48.6366157532, 202.400588989, 78.164276123, 74.066444397, 62.1764717102, -32.7617340088, -18.2898693085, -5.85379123688, -41.3025093079, -1.43622112274, 1.35662972927], [-683.496032715, 138.345184326, 92.6428909302, 78.164276123, 212.690109253, 114.108253479, 30.284444809, -25.2089996338, -38.4395141602, 5.02368116379, -27.9724788666, -23.5981559753, -8.72549915314], [-734.105224609, 27.2131061554, 125.944046021, 74.066444397, 114.108253479, 225.330841064, 61.1791610718, -37.0082359314, -18.6863670349, -10.129989624, -14.2660131454, -9.45479488373, -22.0274848938], [-144.418579102, -35.2304344177, -108.836753845, 62.1764717102, 30.284444809, 61.1791610718, 180.330413818, 25.3952884674, -36.887424469, 4.72372627258, -17.8016777039, 9.7593460083, 1.44698965549], [66.6008758545, -48.425151825, -20.3245563507, -32.7617340088, -25.2089996338, -37.0082359314, 25.3952884674, 105.10446167, 45.2933883667, 8.19711208344, 16.9727802277, -10.3775243759, -13.9833431244], [-8.18683242798, -64.2948532104, 6.62302017212, -18.2898693085, -38.4395141602, -18.6863670349, -36.887424469, 45.2933883667, 114.043663025, 43.1347045898, 3.00307250023, 1.86912608147, -8.47270774841], [-65.1044082642, -36.8750610352, -25.0532093048, -5.85379123688, 5.02368116379, -10.129989624, 4.72372627258, 8.19711208344, 43.1347045898, 76.7408828735, 31.9383678436, -8.77719020844, -16.6055660248], [131.629302979, -58.3479728699, -34.787197113, -41.3025093079, -27.9724788666, -14.2660131454, -17.8016777039, 16.9727802277, 3.00307250023, 31.9383678436, 98.0446853638, 24.3925476074, -24.3831520081], [123.702980042, -69.9129257202, -84.2377166748, -1.43622112274, -23.5981559753, -9.45479488373, 9.7593460083, -10.3775243759, 1.86912608147, -8.77719020844, 24.3925476074, 87.9001083374, 40.1173934937], [61.4383544922, 5.06687736511, -32.1105422974, 1.35662972927, -8.72549915314, -22.0274848938, 1.44698965549, -13.9833431244, -8.47270774841, -16.6055660248, -24.3831520081, 40.1173934937, 75.9619064331]],
        "icov": [[0.00050973566249, -0.000646085594781, 0.0011838702485, -0.000171583451447, 0.00140695797745, 0.000193612315343, 0.000871856522281, -0.000393613212509, 0.000432431843365, 0.000296518875984, -0.000118171825306, 7.2021750384e-005, 0.000300103303744], [-0.000646085594781, 0.00532708922401, -0.0031396613922, 0.00249018869363, -0.00590436393395, 0.00278820144013, -0.00374195002951, 0.00461198855191, -0.00256081833504, 0.00359881180339, -0.00119720643852, 0.0034465121571, -0.00185726187192], [0.0011838702485, -0.0031396613922, 0.0063376869075, -0.00221279356629, 0.0050260592252, -0.0032454431057, 0.00647947145626, -0.00435887277126, 0.00302011077292, -0.00115398096386, 0.000944346364122, 0.000937089091167, 0.000573694240302], [-0.000171583451447, 0.00249018869363, -0.00221279356629, 0.00883716531098, -0.00490941246971, 0.00250172475353, -0.00592051027343, 0.00629987334833, -0.00414254050702, 0.00374994170852, 0.000200885784579, 0.000881617190316, 0.000270040793112], [0.00140695797745, -0.00590436393395, 0.0050260592252, -0.00490941246971, 0.0174736082554, -0.00832863338292, 0.0101615181193, -0.0113155245781, 0.0128038972616, -0.0124284736812, 0.00764796789736, -0.00556199392304, 0.00288718356751], [0.000193612315343, 0.00278820144013, -0.0032454431057, 0.00250172475353, -0.00832863338292, 0.0145203266293, -0.0113551309332, 0.0131560452282, -0.0119496295229, 0.0131853707135, -0.00821312982589, 0.00457904813811, 0.000627746630926], [0.000871856522281, -0.00374195002951, 0.00647947145626, -0.00592051027343, 0.0101615181193, -0.0113551309332, 0.0230948012322, -0.0202396251261, 0.0208352431655, -0.018661852926, 0.0141525827348, -0.00956902373582, 0.00393880065531], [-0.000393613212509, 0.00461198855191, -0.00435887277126, 0.00629987334833, -0.0113155245781, 0.0131560452282, -0.0202396251261, 0.0334083996713, -0.0270534493029, 0.024708526209, -0.0183224771172, 0.0147523023188, -0.00418222416192], [0.000432431843365, -0.00256081833504, 0.00302011077292, -0.00414254050702, 0.0128038972616, -0.0119496295229, 0.0208352431655, -0.0270534493029, 0.0390633195639, -0.0329971835017, 0.023295417428, -0.0171861760318, 0.00749815721065], [0.000296518875984, 0.00359881180339, -0.00115398096386, 0.00374994170852, -0.0124284736812, 0.0131853707135, -0.018661852926, 0.024708526209, -0.0329971835017, 0.0468293577433, -0.0274603106081, 0.0206075049937, -0.0068761203438], [-0.000118171825306, -0.00119720643852, 0.000944346364122, 0.000200885784579, 0.00764796789736, -0.00821312982589, 0.0141525827348, -0.0183224771172, 0.023295417428, -0.0274603106081, 0.0339949727058, -0.0216769147664, 0.0143810790032], [7.2021750384e-005, 0.0034465121571, 0.000937089091167, 0.000881617190316, -0.00556199392304, 0.00457904813811, -0.00956902373582, 0.0147523023188, -0.0171861760318, 0.0206075049937, -0.0216769147664, 0.033580340445, -0.0184256620705], [0.000300103303744, -0.00185726187192, 0.000573694240302, 0.000270040793112, 0.00288718356751, 0.000627746630926, 0.00393880065531, -0.00418222416192, 0.00749815721065, -0.0068761203438, 0.0143810790032, -0.0184256620705, 0.0266325641423]]
    },
    "melbands": {
        "mean": [1.51031053974e-005, 0.000184833363164, 0.000174268265255, 9.74003633019e-005, 0.000336481665727, 0.00114416365977, 0.00161076302174, 0.00127565162256, 0.000225712981774, 0.000252642144915, 0.000257344450802, 0.000126814076793, 8.59798092279e-005, 0.00010415064753, 5.95418750891e-005, 4.00585886382e-005, 1.3127792954e-005, 1.42687613334e-005, 1.16231949505e-005, 7.6746018749e-006, 3.54737858288e-006, 1.18385560199e-006, 1.79602079697e-006, 1.76423839093e-006, 8.62906176735e-007, 5.18920728609e-007, 4.65629938162e-007, 1.33621000487e-007, 7.49417523593e-008, 6.1625030412e-008, 2.18617337566e-008, 2.32953589752e-009, 2.02627262191e-010, 1.23531365692e-010, 9.21090426154e-011, 6.64542587625e-011, 5.22973921113e-011, 4.26235192974e-011, 2.93703845966e-011, 1.75044024414e-011],
        "var": [2.89445467594e-010, 8.20583423433e-008, 6.37821315763e-008, 1.61568500801e-008, 2.10028147762e-007, 3.2683583413e-006, 4.77782577946e-006, 2.31735020861e-006, 8.18964593918e-008, 1.27868204913e-007, 3.97563809429e-007, 8.97411638334e-008, 2.40884006075e-008, 5.75433709571e-008, 2.43750832851e-008, 3.55887852521e-009, 2.0424981706e-009, 5.18584286624e-010, 2.34148672673e-010, 2.23649265774e-010, 3.75159972532e-011, 7.17139672299e-012, 7.837486736e-012, 1.04888502397e-011, 1.9593807913e-012, 1.31593369014e-012, 9.68727919062e-013, 6.97825315327e-014, 1.58203748631e-014, 3.46195037156e-014, 2.92669237979e-015, 2.58796623353e-017, 2.01827809483e-018, 1.05890212967e-018, 6.66097424618e-019, 4.48065229654e-019, 3.23992532168e-019, 2.51284002559e-019, 1.85018654161e-019, 1.38857607432e-019]
    },
    "mfcc": {
        "mean": [-783.441650391, 236.995910645, -37.7537651062, -6.69062614441, -6.77013015747, -22.9767189026, -3.7594370842, -17.89087677, -7.83269500732, 2.95156359673, -0.726830244064, 3.03909111023, 1.30742502213],
        "cov": [[3594.17358398, 930.326477051, -1583.01831055, 373.325195313, -571.760253906, -749.138122559, 8.96717834473, -326.260528564, 1.54738712311, -165.845809937, -207.757080078, 184.156066895, -64.4441986084], [930.326477051, 536.616760254, -169.06161499, 29.0658283234, -74.8542251587, -193.611785889, -82.4673614502, -90.1362609863, -49.4517364502, -47.7508277893, -63.4918746948, -3.93917298317, -27.67993927], [-1583.01831055, -169.06161499, 971.948791504, -157.864044189, 289.054199219, 335.578186035, -69.4201507568, 129.703353882, -32.1066322327, 67.4390640259, 81.1526260376, -138.845123291, -7.27461099625], [373.325195313, 29.0658283234, -157.864044189, 162.810409546, -46.5746459961, -93.3236465454, 18.2853088379, -42.7442970276, 12.1774625778, -12.8468351364, -24.7083683014, 17.4659156799, -29.9594306946], [-571.760253906, -74.8542251587, 289.054199219, -46.5746459961, 221.375518799, 165.204727173, -41.9231796265, 50.075630188, -13.9714384079, 9.93490505219, 23.6061687469, -39.0967025757, -4.58958721161], [-749.138122559, -193.611785889, 335.578186035, -93.3236465454, 165.204727173, 301.833282471, 70.5860214233, 70.0985336304, 7.13847446442, 9.7414894104, 25.6121444702, -49.1683654785, -14.1387348175], [8.96717834473, -82.4673614502, -69.4201507568, 18.2853088379, -41.9231796265, 70.5860214233, 181.272857666, 53.4936714172, -7.89365339279, 7.19308185577, -9.6314125061, -5.55575561523, 14.7911605835], [-326.260528564, -90.1362609863, 129.703353882, -42.7442970276, 50.075630188, 70.0985336304, 53.4936714172, 119.153625488, 31.9223232269, 3.27686333656, 6.60858392715, -28.7277851105, 17.1177139282], [1.54738712311, -49.4517364502, -32.1066322327, 12.1774625778, -13.9714384079, 7.13847446442, -7.89365339279, 31.9223232269, 105.986312866, 22.4668617249, -21.884059906, -3.80562448502, -14.9876813889], [-165.845809937, -47.7508277893, 67.4390640259, -12.8468351364, 9.93490505219, 9.7414894104, 7.19308185577, 3.27686333656, 22.4668617249, 104.848022461, 48.9008255005, -13.0657548904, 20.8754673004], [-207.757080078, -63.4918746948, 81.1526260376, -24.7083683014, 23.6061687469, 25.6121444702, -9.6314125061, 6.60858392715, -21.884059906, 48.9008255005, 103.891700745, 35.0331039429, 4.7450633049], [184.156066895, -3.93917298317, -138.845123291, 17.4659156799, -39.0967025757, -49.1683654785, -5.55575561523, -28.7277851105, -3.80562448502, -13.0657548904, 35.0331039429, 109.077842712, 46.2092628479], [-64.4441986084, -27.67993927, -7.27461099625, -29.9594306946, -4.58958721161, -14.1387348175, 14.7911605835, 17.1177139282, -14.9876813889, 20.8754673004, 4.7450633049, 46.2092628479, 130.112548828]],
        "icov": [[0.0758628174663, -0.105941824615, 0.106472909451, -0.10626898706, 0.103040277958, -0.0955009385943, 0.0876184105873, -0.0753947943449, 0.0602612644434, -0.0463124997914, 0.0318988785148, -0.0186062026769, 0.0095524424687], [-0.105941824615, 0.151510179043, -0.150454983115, 0.152604430914, -0.148821145296, 0.141715198755, -0.129021018744, 0.113239727914, -0.088955797255, 0.0698374956846, -0.0461339689791, 0.0278715174645, -0.0132626472041], [0.106472909451, -0.150454983115, 0.158511638641, -0.161170080304, 0.16108071804, -0.159858494997, 0.151726946235, -0.135530248284, 0.110977120697, -0.0874212011695, 0.0591696836054, -0.033029127866, 0.0177546814084], [-0.10626898706, 0.152604430914, -0.161170080304, 0.182551771402, -0.18127861619, 0.185037776828, -0.179160535336, 0.164541706443, -0.136212691665, 0.108558632433, -0.0752662196755, 0.0444464161992, -0.0208622310311], [0.103040277958, -0.148821145296, 0.16108071804, -0.18127861619, 0.201176121831, -0.203831061721, 0.201572850347, -0.188305526972, 0.159635126591, -0.129620164633, 0.0938652306795, -0.0569422505796, 0.0294310897589], [-0.0955009385943, 0.141715198755, -0.159858494997, 0.185037776828, -0.203831061721, 0.224424883723, -0.221785783768, 0.209419906139, -0.179506853223, 0.14872302115, -0.106520488858, 0.0646182894707, -0.0322290509939], [0.0876184105873, -0.129021018744, 0.151726946235, -0.179160535336, 0.201572850347, -0.221785783768, 0.232737362385, -0.221739992499, 0.19142639637, -0.159266710281, 0.117302186787, -0.0709644407034, 0.0374323315918], [-0.0753947943449, 0.113239727914, -0.135530248284, 0.164541706443, -0.188305526972, 0.209419906139, -0.221739992499, 0.23007415235, -0.194798767567, 0.164740279317, -0.124296799302, 0.0805753469467, -0.0448430962861], [0.0602612644434, -0.088955797255, 0.110977120697, -0.136212691665, 0.159635126591, -0.179506853223, 0.19142639637, -0.194798767567, 0.182022854686, -0.150588825345, 0.117691606283, -0.0749162733555, 0.0431971661747], [-0.0463124997914, 0.0698374956846, -0.0874212011695, 0.108558632433, -0.129620164633, 0.14872302115, -0.159266710281, 0.164740279317, -0.150588825345, 0.142853185534, -0.109902113676, 0.072894744575, -0.0420980453491], [0.0318988785148, -0.0461339689791, 0.0591696836054, -0.0752662196755, 0.0938652306795, -0.106520488858, 0.117302186787, -0.124296799302, 0.117691606283, -0.109902113676, 0.102302394807, -0.0673362016678, 0.0380893498659], [-0.0186062026769, 0.0278715174645, -0.033029127866, 0.0444464161992, -0.0569422505796, 0.0646182894707, -0.0709644407034, 0.0805753469467, -0.0749162733555, 0.072894744575, -0.0673362016678, 0.059861253947, -0.0315478220582], [0.0095524424687, -0.0132626472041, 0.0177546814084, -0.0208622310311, 0.0294310897589, -0.0322290509939, 0.0374323315918, -0.0448430962861, 0.0431971661747, -0.0420980453491, 0.0380893498659, -0.0315478220582, 0.0265099499375]]
    },
    "spectral_contrast_coeffs": {
        "mean": [-0.624484717846, -0.607065975666, -0.683406889439, -0.716180503368, -0.751457214355, -0.768781006336],
        "var": [0.00452415272593, 0.0088665811345, 0.00518668210134, 0.00274808425456, 0.00300554535352, 0.00492706382647]
    },
    "spectral_contrast_valleys": {
        "mean": [-8.70163249969, -6.98470783234, -7.85917043686, -8.83975791931, -9.99603462219, -14.4493923187],
        "var": [1.0042437315, 1.59671592712, 1.37975347042, 1.24563884735, 1.09435319901, 1.59871804714]
    }
},
"metadata": {
    "audio_properties": {
        "analysis_sample_rate": 44100,
        "bit_rate": 79614,
        "equal_loudness": 0,
        "length": 45.0873451233,
        "lossless": 0,
        "replay_gain": -13.4048137665,
        "sample_rate": 44100,
        "codec": "mp3",
        "downmix": "mix",
        "md5_encoded": "022393f7cae66890bc4aba0ec3407f98"
    },
    "tags": {
        "file_name": "270.mp3"
    },
    "version": {
        "essentia": "2.1-beta2",
        "essentia_git_sha": "v2.1_beta2",
        "extractor": "music 1.0"
    }
},
"rhythm": {
    "beats_count": 100,
    "beats_loudness": {
        "mean": 0.0368146188557,
        "var": 0.000298283062875
    },
    "bpm": 135.385574341,
    "bpm_histogram_first_peak_bpm": {
        "mean": 136,
        "var": 0
    },
    "bpm_histogram_first_peak_spread": {
        "mean": 0.244444444776,
        "var": 0
    },
    "bpm_histogram_first_peak_weight": {
        "mean": 0.686868667603,
        "var": 0
    },
    "bpm_histogram_second_peak_bpm": {
        "mean": 129,
        "var": 0
    },
    "bpm_histogram_second_peak_spread": {
        "mean": 0.166666656733,
        "var": 0
    },
    "bpm_histogram_second_peak_weight": {
        "mean": 0.0505050495267,
        "var": 0
    },
    "danceability": 1.30309092999,
    "onset_rate": 4.54497480392,
    "beats_loudness_band_ratio": {
        "mean": [0.044505763799, 0.227142006159, 0.569114923477, 0.183032363653, 0.0235018320382, 0.00119253341109],
        "var": [0.00512635940686, 0.0350643023849, 0.0653140991926, 0.0347368121147, 0.000819537497591, 1.58570492204e-006]
    },
    "beats_position": [0.441179126501, 0.882358253002, 1.3235373497, 1.8111563921, 2.31038546562, 2.7863945961, 3.22757363319, 3.69197273254, 4.15637159348, 4.59755086899, 5.0387301445, 5.47990942001, 5.92108821869, 6.37387752533, 6.82666635513, 7.26784563065, 7.72063493729, 8.17342376709, 8.6146030426, 9.05578231812, 9.49696159363, 9.93814086914, 10.379319191, 10.8321084976, 11.2848978043, 11.7260770798, 12.1672563553, 12.6316547394, 13.084444046, 13.5372333527, 13.9900226593, 14.4428119659, 14.8839902878, 15.3251695633, 15.7779588699, 16.2307472229, 16.6719264984, 17.1131057739, 17.5542850494, 17.995464325, 18.4366436005, 18.877822876, 19.3190021515, 19.7717914581, 20.2129707336, 20.6541500092, 21.0953292847, 21.548116684, 21.9892959595, 22.4420852661, 22.8948745728, 23.3360538483, 23.7772331238, 24.2184123993, 24.6595916748, 25.1007709503, 25.5419502258, 25.9831295013, 26.4243087769, 26.865486145, 27.3066654205, 27.7246246338, 28.1774139404, 28.6302032471, 29.0713825226, 29.5125617981, 29.9769611359, 30.4413604736, 30.8825397491, 31.3237190247, 31.7648983002, 32.2060775757, 32.6472549438, 33.0884361267, 33.5180053711, 33.9475746155, 34.3887519836, 34.8299331665, 35.2711105347, 35.7122879028, 36.1534690857, 36.5946464539, 37.0358276367, 37.4770050049, 37.9181861877, 38.3593635559, 38.8005447388, 39.2417221069, 39.6945114136, 40.1356925964, 40.5652618408, 41.006439209, 41.4476165771, 41.88879776, 42.3299751282, 42.771156311, 43.2123336792, 43.6535148621, 44.0946922302, 44.5358734131]
},
"tonal": {
    "chords_changes_rate": 0.047325104475,
    "chords_number_rate": 0.00720164598897,
    "chords_strength": {
        "mean": 0.4972666502,
        "var": 0.0128001542762
    },
    "hpcp_entropy": {
        "mean": 1.33667504787,
        "var": 0.368583261967
    },
    "key_strength": 0.79520881176,
    "tuning_diatonic_strength": 0.575362801552,
    "tuning_equal_tempered_deviation": 0.0188108850271,
    "tuning_frequency": 444.341888428,
    "tuning_nontempered_energy_ratio": 0.611086547375,
    "hpcp": {
        "mean": [0.373576849699, 0.25712671876, 0.102880038321, 0.173307657242, 0.108097560704, 0.0312358792871, 0.0515878945589, 0.0635131374002, 0.202836081386, 0.367360800505, 0.210965916514, 0.0250301063061, 0.0265837535262, 0.0155643541366, 0.048070140183, 0.100047416985, 0.0606768615544, 0.0109376721084, 0.00950320996344, 0.00994839984924, 0.085682451725, 0.170081421733, 0.10549569875, 0.136913493276, 0.253694653511, 0.144704088569, 0.0507635101676, 0.0730952769518, 0.0501631125808, 0.109843455255, 0.202904045582, 0.131252020597, 0.036842558533, 0.0273200795054, 0.021938636899, 0.154980763793],
        "var": [0.175847530365, 0.0929171293974, 0.0262505486608, 0.117134660482, 0.0492512844503, 0.00925075169653, 0.0312605015934, 0.0234906077385, 0.0552262403071, 0.156996443868, 0.0582446530461, 0.00368766929023, 0.0112401396036, 0.00311338948086, 0.0149024836719, 0.0625690296292, 0.0243898313493, 0.00121764314827, 0.0014219552977, 0.000677455973346, 0.0188360828906, 0.0739641562104, 0.0261970926076, 0.0391882993281, 0.120620250702, 0.0404734835029, 0.018102414906, 0.0450175218284, 0.016127705574, 0.0334044769406, 0.0962550267577, 0.0394393056631, 0.0113280499354, 0.00919072888792, 0.00512690655887, 0.036987632513]
    },
    "chords_histogram": [47.4279823303, 13.3744859695, 19.7530860901, 0.308641970158, 0.720164597034, 0, 0.823045253754, 0, 0.925925910473, 0, 0, 0, 0, 0, 0, 1.95473253727, 0, 0, 0, 0, 0, 5.14403295517, 1.64609050751, 7.92181062698],
    "thpcp": [1, 0.688283324242, 0.2753919065, 0.463914334774, 0.28935828805, 0.0836129933596, 0.138091787696, 0.170013576746, 0.542956769466, 0.98336070776, 0.564718902111, 0.0670012235641, 0.0711600631475, 0.0416630581021, 0.128675371408, 0.267809480429, 0.162421360612, 0.0292782392353, 0.025438433513, 0.0266301296651, 0.229356959462, 0.455278277397, 0.282393574715, 0.366493523121, 0.679096281528, 0.387347579002, 0.135885059834, 0.195663288236, 0.134277895093, 0.294031739235, 0.543138682842, 0.351338744164, 0.0986211001873, 0.0731310844421, 0.058725900948, 0.414856433868],
    "chords_key": "F",
    "chords_scale": "major",
    "key_key": "F",
    "key_scale": "major"
}
}