{
"lowlevel": {
    "average_loudness": 0.957623720169,
    "barkbands_crest": {
        "mean": 10.7276153564,
        "var": 14.1226348877
    },
    "barkbands_flatness_db": {
        "mean": 0.188502565026,
        "var": 0.00540909543633
    },
    "barkbands_kurtosis": {
        "mean": 6.52907514572,
        "var": 79.7384185791
    },
    "barkbands_skewness": {
        "mean": 1.84610533714,
        "var": 1.1818343401
    },
    "barkbands_spread": {
        "mean": 14.6212835312,
        "var": 457.446533203
    },
    "dissonance": {
        "mean": 0.440198749304,
        "var": 0.00130886945408
    },
    "dynamic_complexity": 2.80330204964,
    "erbbands_crest": {
        "mean": 9.95852279663,
        "var": 18.8634796143
    },
    "erbbands_flatness_db": {
        "mean": 0.182844698429,
        "var": 0.00393691239879
    },
    "erbbands_kurtosis": {
        "mean": 0.964162051678,
        "var": 3.77826094627
    },
    "erbbands_skewness": {
        "mean": 0.704679131508,
        "var": 0.336653679609
    },
    "erbbands_spread": {
        "mean": 29.1489448547,
        "var": 224.651504517
    },
    "hfc": {
        "mean": 16.4525985718,
        "var": 208.854141235
    },
    "melbands_crest": {
        "mean": 15.1315412521,
        "var": 24.3556480408
    },
    "melbands_flatness_db": {
        "mean": 0.263313353062,
        "var": 0.00942225940526
    },
    "melbands_kurtosis": {
        "mean": 12.2954521179,
        "var": 221.090789795
    },
    "melbands_skewness": {
        "mean": 2.46611452103,
        "var": 1.56501853466
    },
    "melbands_spread": {
        "mean": 15.9247503281,
        "var": 682.649475098
    },
    "pitch_salience": {
        "mean": 0.524888038635,
        "var": 0.0107760112733
    },
    "silence_rate_20dB": {
        "mean": 1,
        "var": 0
    },
    "silence_rate_30dB": {
        "mean": 0.920000016689,
        "var": 0.0735993608832
    },
    "silence_rate_60dB": {
        "mean": 0.0763636380434,
        "var": 0.0705321505666
    },
    "spectral_centroid": {
        "mean": 803.610900879,
        "var": 546794
    },
    "spectral_complexity": {
        "mean": 14.8597402573,
        "var": 56.6525382996
    },
    "spectral_decrease": {
        "mean": -1.07888595835e-008,
        "var": 9.61479009829e-017
    },
    "spectral_energy": {
        "mean": 0.0422119759023,
        "var": 0.0014175119577
    },
    "spectral_energyband_high": {
        "mean": 0.000360739039024,
        "var": 5.92929893628e-007
    },
    "spectral_energyband_low": {
        "mean": 0.0198400598019,
        "var": 0.00104471552186
    },
    "spectral_energyband_middle_high": {
        "mean": 0.00400625076145,
        "var": 3.24465581798e-005
    },
    "spectral_energyband_middle_low": {
        "mean": 0.0199761148542,
        "var": 0.000208503275644
    },
    "spectral_entropy": {
        "mean": 7.01640176773,
        "var": 0.523038804531
    },
    "spectral_flux": {
        "mean": 0.091924957931,
        "var": 0.00470330426469
    },
    "spectral_kurtosis": {
        "mean": 12.246052742,
        "var": 350.501495361
    },
    "spectral_rms": {
        "mean": 0.00576711026952,
        "var": 7.9227711467e-006
    },
    "spectral_rolloff": {
        "mean": 1217.92663574,
        "var": 7050218
    },
    "spectral_skewness": {
        "mean": 2.46511554718,
        "var": 1.79517745972
    },
    "spectral_spread": {
        "mean": 3998636.75,
        "var": 5.50476919603e+012
    },
    "spectral_strongpeak": {
        "mean": 0.893033444881,
        "var": 0.88100373745
    },
    "zerocrossingrate": {
        "mean": 0.0458588674664,
        "var": 0.0047242376022
    },
    "barkbands": {
        "mean": [0.00046470502275, 0.0117799853906, 0.00583097431809, 0.00347233773209, 0.00675143441185, 0.0040597897023, 0.00206037191674, 0.00159142375924, 0.00151091371663, 0.000866084417794, 0.000903420965187, 0.000712080276571, 0.000350164395059, 0.000401076395065, 0.000425667938543, 0.000180426097359, 0.000192136751139, 0.000143341909279, 0.000115503178677, 0.000105232029455, 6.53581664665e-005, 6.65007464704e-005, 5.02692091686e-005, 4.89161320729e-005, 4.50475272373e-005, 1.76632584044e-005, 1.16504554626e-006],
        "var": [1.72883608229e-006, 0.000528641918208, 9.40276368055e-005, 3.0985174817e-005, 8.48181807669e-005, 2.65804683295e-005, 7.34508239475e-006, 4.64635104436e-006, 2.83009535451e-006, 6.01489500696e-006, 8.31640772958e-006, 5.24609231434e-006, 2.61890136244e-007, 5.62837669804e-007, 1.590506713e-006, 1.75906308186e-007, 1.01520406304e-007, 5.40306679397e-008, 4.49571153638e-008, 6.87950176825e-008, 1.8356994147e-008, 2.11329034272e-008, 1.26693091573e-008, 1.20073107013e-008, 1.52763366401e-008, 2.14157047651e-009, 2.46603310688e-011]
    },
    "erbbands": {
        "mean": [0.350774645805, 2.5871360302, 6.67259693146, 9.66864013672, 15.6196632385, 25.5114078522, 31.3510532379, 30.5621929169, 29.3778934479, 24.1764984131, 43.0282020569, 33.7491455078, 39.2586402893, 24.129201889, 32.3137359619, 31.7150154114, 15.5372209549, 25.3862743378, 21.8590831757, 13.1394138336, 11.6867809296, 9.84111595154, 8.17414474487, 6.13584280014, 6.27194356918, 5.37080860138, 3.40628170967, 2.58639407158, 2.41283798218, 1.60691177845, 1.35800862312, 1.28186452389, 0.692005395889, 0.524580180645, 0.300768315792, 0.0978121086955, 0.0314465947449, 0.00438116071746, 0.000145451922435, 5.15015490237e-005],
        "var": [0.771967589855, 20.8495674133, 113.092330933, 189.183074951, 637.903015137, 1697.56689453, 1081.9387207, 2205.87744141, 1571.82080078, 895.719604492, 3305.05810547, 1202.43933105, 9489.63183594, 2216.96411133, 7173.73339844, 11751.7822266, 432.735107422, 2069.95166016, 4728.59277344, 565.832336426, 714.094909668, 290.192901611, 162.600204468, 94.9762954712, 151.551925659, 178.323684692, 65.7876968384, 29.7766170502, 27.510055542, 12.557264328, 8.6015920639, 8.88810157776, 2.54017925262, 2.1148223877, 0.717586636543, 0.0714114233851, 0.00728858914226, 0.000195597996935, 2.21324299332e-007, 2.04946903892e-009]
    },
    "gfcc": {
        "mean": [-55.8980827332, 123.576332092, -103.309745789, 17.2541675568, -60.8275184631, 8.43164825439, -40.719329834, 5.80581188202, -21.456987381, -1.78975379467, -14.6769199371, -5.97251367569, -10.2739953995],
        "cov": [[38953.8359375, 3915.10498047, -2281.66845703, 1452.58508301, -317.065887451, 1075.81420898, -485.968383789, 336.237060547, -483.076171875, -78.6926345825, -378.927886963, -331.666503906, -548.280273438], [3915.10498047, 2955.41601563, 198.547348022, -13.6322336197, 202.327682495, -99.2676467896, 220.704559326, -51.8060150146, 278.173217773, -229.255401611, 205.127471924, -286.212219238, 116.966316223], [-2281.66845703, 198.547348022, 823.68548584, 76.4914855957, 277.088562012, 58.1918640137, 187.874923706, 123.007629395, 141.27897644, 53.665512085, 46.3527259827, 28.2278995514, 38.8033065796], [1452.58508301, -13.6322336197, 76.4914855957, 372.513702393, 94.4266433716, 180.199752808, 80.8999938965, 84.2299804688, 55.9075241089, 40.1779594421, 1.12305307388, -14.0827455521, -20.3350887299], [-317.065887451, 202.327682495, 277.088562012, 94.4266433716, 317.928344727, 117.888015747, 152.961471558, 86.161895752, 91.1644287109, 39.593170166, 60.3841743469, 24.0743522644, 21.1295967102], [1075.81420898, -99.2676467896, 58.1918640137, 180.199752808, 117.888015747, 233.326766968, 78.8358535767, 89.0031204224, 12.915886879, 49.7738304138, 0.7172524333, 18.4469585419, -24.3339233398], [-485.968383789, 220.704559326, 187.874923706, 80.8999938965, 152.961471558, 78.8358535767, 201.280181885, 65.3978500366, 95.6490249634, -1.14888882637, 56.681060791, -12.6330127716, 36.6306419373], [336.237060547, -51.8060150146, 123.007629395, 84.2299804688, 86.161895752, 89.0031204224, 65.3978500366, 131.119598389, 29.6644058228, 32.3731536865, -6.70799160004, 35.5310554504, -1.97128283978], [-483.076171875, 278.173217773, 141.27897644, 55.9075241089, 91.1644287109, 12.915886879, 95.6490249634, 29.6644058228, 140.577865601, 12.2546977997, 58.8081817627, -31.6096038818, 32.6862030029], [-78.6926345825, -229.255401611, 53.665512085, 40.1779594421, 39.593170166, 49.7738304138, -1.14888882637, 32.3731536865, 12.2546977997, 108.916862488, 8.87606906891, 30.7373504639, -26.0487384796], [-378.927886963, 205.127471924, 46.3527259827, 1.12305307388, 60.3841743469, 0.7172524333, 56.681060791, -6.70799160004, 58.8081817627, 8.87606906891, 104.673156738, -9.20841884613, 27.3456344604], [-331.666503906, -286.212219238, 28.2278995514, -14.0827455521, 24.0743522644, 18.4469585419, -12.6330127716, 35.5310554504, -31.6096038818, 30.7373504639, -9.20841884613, 100.039833069, 7.51431798935], [-548.280273438, 116.966316223, 38.8033065796, -20.3350887299, 21.1295967102, -24.3339233398, 36.6306419373, -1.97128283978, 32.6862030029, -26.0487384796, 27.3456344604, 7.51431798935, 89.7193222046]],
        "icov": [[0.000214183048229, -0.000707517901901, 0.000633533403743, -0.00073083571624, 0.00020351249259, -0.000661194440909, 0.000478825852042, -0.000693416630384, 0.00101744628046, -0.000803925096989, 0.000766240409575, -0.000619693018962, 0.000567911542021], [-0.000707517901901, 0.00310730584897, -0.00212037540041, 0.00255003129132, -0.00122341839597, 0.00229059741832, -0.0012168175308, 0.0018865398597, -0.00400973949581, 0.00412264326587, -0.0034970829729, 0.00384686538018, -0.00203053303994], [0.000633533403743, -0.00212037540041, 0.00394050823525, -0.00215486320667, -0.000693089154083, -0.00102321186569, 0.000566397153307, -0.00287359696813, 0.0021609144751, -0.00308306305669, 0.00308654620312, -0.00213889800943, 0.00159054761752], [-0.00073083571624, 0.00255003129132, -0.00215486320667, 0.00733189797029, -0.000447647587862, -0.00130482239183, -0.00142884929664, 0.00154923496302, -0.00548809766769, 0.00290036178194, -0.00205675396137, 0.00343965669163, -0.00164765818045], [0.00020351249259, -0.00122341839597, -0.000693089154083, -0.000447647587862, 0.00764385005459, -0.00307097914629, -0.00220180861652, -0.000525183568243, 0.000190630060388, -0.00191442831419, -0.000314098637318, -0.00351743772626, 0.00105630222242], [-0.000661194440909, 0.00229059741832, -0.00102321186569, -0.00130482239183, -0.00307097914629, 0.0125548401847, -0.00404718331993, -0.00103639869485, 0.000248749071034, 0.000262730492977, -0.0023762928322, 0.00257357070222, -0.000627641449682], [0.000478825852042, -0.0012168175308, 0.000566397153307, -0.00142884929664, -0.00220180861652, -0.00404718331993, 0.0135753350332, -0.00440648850054, -0.00158639310393, 0.00191422342323, -0.00141310517211, 0.00114177551586, -0.000806044379715], [-0.000693416630384, 0.0018865398597, -0.00287359696813, 0.00154923496302, -0.000525183568243, -0.00103639869485, -0.00440648850054, 0.0172797888517, -0.00565910944715, 0.00127390050329, 0.0017730135005, -0.00420216936618, -0.000838567211758], [0.00101744628046, -0.00400973949581, 0.0021609144751, -0.00548809766769, 0.000190630060388, 0.000248749071034, -0.00158639310393, -0.00565910944715, 0.0221530161798, -0.00843106210232, -0.000342810060829, 0.00185237615369, -0.000756614143029], [-0.000803925096989, 0.00412264326587, -0.00308306305669, 0.00290036178194, -0.00191442831419, 0.000262730492977, 0.00191422342323, 0.00127390050329, -0.00843106210232, 0.0197018869221, -0.00694458000362, 0.0010806688806, 0.00228974083439], [0.000766240409575, -0.0034970829729, 0.00308654620312, -0.00205675396137, -0.000314098637318, -0.0023762928322, -0.00141310517211, 0.0017730135005, -0.000342810060829, -0.00694458000362, 0.0191959124058, -0.00514034228399, 0.00017435074551], [-0.000619693018962, 0.00384686538018, -0.00213889800943, 0.00343965669163, -0.00351743772626, 0.00257357070222, 0.00114177551586, -0.00420216936618, 0.00185237615369, 0.0010806688806, -0.00514034228399, 0.0223340950906, -0.00679445918649], [0.000567911542021, -0.00203053303994, 0.00159054761752, -0.00164765818045, 0.00105630222242, -0.000627641449682, -0.000806044379715, -0.000838567211758, -0.000756614143029, 0.00228974083439, 0.00017435074551, -0.00679445918649, 0.0175502803177]]
    },
    "melbands": {
        "mean": [0.00319050159305, 0.00353507418185, 0.00184486899525, 0.00152012263425, 0.00110774452332, 0.000692312431056, 0.000452639505966, 0.00025867295335, 0.000343134335708, 0.000209898906178, 0.000191825209185, 8.96225028555e-005, 0.000133353241836, 8.32920486573e-005, 4.63230717287e-005, 4.07367006119e-005, 4.51784544566e-005, 3.20661965816e-005, 2.61753775703e-005, 1.26118929984e-005, 1.35279060487e-005, 1.01326932054e-005, 8.63110471983e-006, 7.58965688874e-006, 4.42570035375e-006, 4.76674449601e-006, 3.36111406796e-006, 3.7941881601e-006, 2.38526058638e-006, 1.37509834985e-006, 1.61443631441e-006, 1.45944750329e-006, 1.02905096355e-006, 8.47251499181e-007, 7.42971849377e-007, 8.97301958958e-007, 7.1799502166e-007, 4.79144148358e-007, 4.48772254913e-007, 4.44531593757e-007],
        "var": [4.80092203361e-005, 2.92783515761e-005, 6.2597600845e-006, 5.71641112401e-006, 1.12942973374e-006, 1.03239688087e-006, 3.64827315025e-007, 8.22470198614e-008, 1.85564857702e-007, 5.48580842974e-008, 2.30736958429e-007, 3.34992336093e-008, 1.71429746842e-007, 7.22869586411e-008, 1.44827847492e-008, 4.6423469513e-009, 6.53945653184e-009, 1.02588932904e-008, 5.6158766526e-009, 4.95289365077e-010, 8.96303142817e-010, 4.052170266e-010, 2.48243203771e-010, 1.46161541204e-010, 5.79823723756e-011, 9.33328483943e-011, 5.01923363982e-011, 1.17886686524e-010, 4.00421119873e-011, 8.71604351194e-012, 1.49506691749e-011, 1.05253705057e-011, 5.44283194903e-012, 4.00279462354e-012, 2.73324852335e-012, 4.93142766206e-012, 2.78544396749e-012, 1.21778065063e-012, 1.54122038482e-012, 1.66688104292e-012]
    },
    "mfcc": {
        "mean": [-684.769714355, 152.33366394, 11.749546051, 14.074297905, 2.70164036751, -0.741038382053, -5.87161827087, -0.118761651218, -3.6655087471, 2.59164237976, -0.49964684248, -1.14691185951, -6.66628503799],
        "cov": [[16265.4716797, 1708.64501953, -645.364624023, 304.318756104, 162.177871704, 233.676528931, 108.043487549, 187.045028687, -19.5293693542, 33.1891937256, -109.140220642, -62.0008621216, -139.840896606], [1708.64501953, 2397.76513672, 329.065185547, 172.455627441, 181.750839233, 45.3289833069, 52.3559875488, 125.229682922, 27.6046981812, 95.9448318481, 99.4515075684, 83.8108062744, -4.35453224182], [-645.364624023, 329.065185547, 517.089355469, 143.713790894, 103.388534546, 58.9624290466, 61.7591896057, 57.9666976929, 98.9707489014, 67.7258682251, 76.0483474731, 65.5637817383, 51.4286003113], [304.318756104, 172.455627441, 143.713790894, 216.139419556, 91.1966171265, 74.5021591187, 54.845539093, 74.8742599487, 76.7500305176, 59.945350647, 29.9623794556, 41.347278595, 34.7820129395], [162.177871704, 181.750839233, 103.388534546, 91.1966171265, 181.129119873, 79.5774459839, 80.6318817139, 67.160987854, 63.5508232117, 45.9208374023, 40.7392616272, 43.998966217, 40.771320343], [233.676528931, 45.3289833069, 58.9624290466, 74.5021591187, 79.5774459839, 140.169784546, 80.5776901245, 53.5043563843, 51.3412322998, 44.8047142029, 35.3715515137, 42.7155647278, 25.0781326294], [108.043487549, 52.3559875488, 61.7591896057, 54.845539093, 80.6318817139, 80.5776901245, 140.96824646, 80.9746246338, 55.9245491028, 45.4253234863, 35.7628822327, 25.3863677979, 25.5633811951], [187.045028687, 125.229682922, 57.9666976929, 74.8742599487, 67.160987854, 53.5043563843, 80.9746246338, 142.904571533, 75.2856674194, 28.544046402, 21.2507362366, 16.4118003845, 10.9393720627], [-19.5293693542, 27.6046981812, 98.9707489014, 76.7500305176, 63.5508232117, 51.3412322998, 55.9245491028, 75.2856674194, 137.912811279, 41.930896759, 7.16147184372, 23.7705059052, 41.4139785767], [33.1891937256, 95.9448318481, 67.7258682251, 59.945350647, 45.9208374023, 44.8047142029, 45.4253234863, 28.544046402, 41.930896759, 96.0197677612, 37.7978210449, 25.261592865, 23.7074794769], [-109.140220642, 99.4515075684, 76.0483474731, 29.9623794556, 40.7392616272, 35.3715515137, 35.7628822327, 21.2507362366, 7.16147184372, 37.7978210449, 105.102722168, 29.2319068909, 4.6507897377], [-62.0008621216, 83.8108062744, 65.5637817383, 41.347278595, 43.998966217, 42.7155647278, 25.3863677979, 16.4118003845, 23.7705059052, 25.261592865, 29.2319068909, 96.1745529175, 52.1404342651], [-139.840896606, -4.35453224182, 51.4286003113, 34.7820129395, 40.771320343, 25.0781326294, 25.5633811951, 10.9393720627, 41.4139785767, 23.7074794769, 4.6507897377, 52.1404342651, 108.542411804]],
        "icov": [[8.41590881464e-005, -7.77419118094e-005, 0.000186747449334, -0.000169265214936, -6.07552510701e-006, -0.000161373318406, -2.57274550677e-005, 9.50018329604e-006, 8.79488834471e-006, 3.0451659768e-005, 0.000104049111542, 6.81304081809e-005, 6.85405611875e-005], [-7.77419118094e-005, 0.000604801229201, -0.000431167165516, 5.61063970963e-005, -0.000448920385679, 0.000418136653025, 0.000323717627907, -0.000541532412171, 0.000481184077216, -0.000406868581194, -0.000110656656034, -0.000402306846809, 0.000264042697381], [0.000186747449334, -0.000431167165516, 0.00337764178403, -0.00157597661018, -0.00020777406462, 0.000250190933002, -0.0003880460863, 0.000904085522052, -0.0016978669446, 0.000228568605962, -0.00128739466891, -0.000457462359918, 2.12683935388e-005], [-0.000169265214936, 5.61063970963e-005, -0.00157597661018, 0.0085111297667, -0.00145875662565, -0.00173644558527, 0.00184374139644, -0.00243116100319, -0.00081792648416, -0.00250233570114, 0.000611744821072, -0.000506964745, -0.000360583013389], [-6.07552510701e-006, -0.000448920385679, -0.00020777406462, -0.00145875662565, 0.0100007588044, -0.00211120140739, -0.00251266523264, -0.000429766398156, -0.00105626042932, 0.000423692516051, -0.00113548093941, -0.000418701616582, -0.00153335963842], [-0.000161373318406, 0.000418136653025, 0.000250190933002, -0.00173644558527, -0.00211120140739, 0.0139035498723, -0.00504917046055, 0.000655252952129, -0.00123102299403, -0.00117898103781, -0.00103079748806, -0.0037898090668, 0.0015424391022], [-2.57274550677e-005, 0.000323717627907, -0.0003880460863, 0.00184374139644, -0.00251266523264, -0.00504917046055, 0.015416896902, -0.00631329324096, 0.000548959418666, -0.00279626436532, -0.00121765129734, 0.00136179372203, -0.00151203828864], [9.50018329604e-006, -0.000541532412171, 0.000904085522052, -0.00243116100319, -0.000429766398156, 0.000655252952129, -0.00631329324096, 0.0145033393055, -0.00591111322865, 0.00237256847322, -0.000794337654952, -0.000109580803837, 0.00220024143346], [8.79488834471e-006, 0.000481184077216, -0.0016978669446, -0.00081792648416, -0.00105626042932, -0.00123102299403, 0.000548959418666, -0.00591111322865, 0.0143367024139, -0.00306563358754, 0.00279576890171, 0.00115166977048, -0.00322870817035], [3.0451659768e-005, -0.000406868581194, 0.000228568605962, -0.00250233570114, 0.000423692516051, -0.00117898103781, -0.00279626436532, 0.00237256847322, -0.00306563358754, 0.0162949915975, -0.00400060880929, 0.000238016829826, -0.00108316855039], [0.000104049111542, -0.000110656656034, -0.00128739466891, 0.000611744821072, -0.00113548093941, -0.00103079748806, -0.00121765129734, -0.000794337654952, 0.00279576890171, -0.00400060880929, 0.0137688368559, -0.00276139983907, 0.00211868411861], [6.81304081809e-005, -0.000402306846809, -0.000457462359918, -0.000506964745, -0.000418701616582, -0.0037898090668, 0.00136179372203, -0.000109580803837, 0.00115166977048, 0.000238016829826, -0.00276139983907, 0.0174614991993, -0.00758699746802], [6.85405611875e-005, 0.000264042697381, 2.12683935388e-005, -0.000360583013389, -0.00153335963842, 0.0015424391022, -0.00151203828864, 0.00220024143346, -0.00322870817035, -0.00108316855039, 0.00211868411861, -0.00758699746802, 0.01479357481]]
    },
    "spectral_contrast_coeffs": {
        "mean": [-0.59977221489, -0.718564212322, -0.732331633568, -0.770591497421, -0.788713872433, -0.772922039032],
        "var": [0.00991045963019, 0.00603695167229, 0.00623113894835, 0.00479819253087, 0.00372707168572, 0.00286610424519]
    },
    "spectral_contrast_valleys": {
        "mean": [-7.5792798996, -6.72338342667, -7.77393293381, -8.44947910309, -8.64504146576, -11.2290821075],
        "var": [6.07936906815, 4.41253376007, 4.086165905, 3.82548356056, 3.75235509872, 3.15328669548]
    }
},
"metadata": {
    "audio_properties": {
        "analysis_sample_rate": 44100,
        "bit_rate": 109609,
        "equal_loudness": 0,
        "length": 44.6693878174,
        "lossless": 0,
        "replay_gain": -12.066444397,
        "sample_rate": 44100,
        "codec": "mp3",
        "downmix": "mix",
        "md5_encoded": "ffde997c1b9157db107dd0fac0512fea"
    },
    "tags": {
        "file_name": "272.mp3"
    },
    "version": {
        "essentia": "2.1-beta2",
        "essentia_git_sha": "v2.1_beta2",
        "extractor": "music 1.0"
    }
},
"rhythm": {
    "beats_count": 81,
    "beats_loudness": {
        "mean": 0.0422923415899,
        "var": 0.000531493860763
    },
    "bpm": 110.22328186,
    "bpm_histogram_first_peak_bpm": {
        "mean": 110,
        "var": 0
    },
    "bpm_histogram_first_peak_spread": {
        "mean": 0.607594907284,
        "var": 0
    },
    "bpm_histogram_first_peak_weight": {
        "mean": 0.387499988079,
        "var": 0
    },
    "bpm_histogram_second_peak_bpm": {
        "mean": 115,
        "var": 0
    },
    "bpm_histogram_second_peak_spread": {
        "mean": 0,
        "var": 0
    },
    "bpm_histogram_second_peak_weight": {
        "mean": 0.0125000001863,
        "var": 0
    },
    "danceability": 1.2841976881,
    "onset_rate": 4.34132671356,
    "beats_loudness_band_ratio": {
        "mean": [0.255647629499, 0.343238145113, 0.217268034816, 0.120846763253, 0.0612016431987, 0.0565659962595],
        "var": [0.0370912998915, 0.029222773388, 0.0158154610544, 0.0101703926921, 0.00274038966745, 0.00672761723399]
    },
    "beats_position": [0.510838985443, 1.03328800201, 1.57895684242, 2.11301589012, 2.6470746994, 3.19274377823, 3.73841261864, 4.27247142792, 4.82975053787, 5.3754196167, 5.92108821869, 6.46675729752, 7.01242637634, 7.55809497833, 8.10376358032, 8.63782310486, 9.19510173798, 9.72916126251, 10.2864398956, 10.8204984665, 11.354557991, 11.900226593, 12.4575052261, 13.0031747818, 13.5604534149, 14.0945119858, 14.6517915726, 15.1858501434, 15.7199087143, 16.2771873474, 16.8344669342, 17.3685264587, 17.9141941071, 18.4598636627, 19.0171432495, 19.5512008667, 20.1084804535, 20.642539978, 21.1998176575, 21.733877182, 22.2911567688, 22.825214386, 23.3708839417, 23.9165534973, 24.4622211456, 25.0078907013, 25.5651702881, 26.0992279053, 26.6448974609, 27.1905670166, 27.7362346649, 28.2819042206, 28.8275737762, 29.3732414246, 29.9305210114, 30.4645805359, 30.9986381531, 31.5559177399, 32.0899772644, 32.6472549438, 33.1929244995, 33.7385940552, 34.2726516724, 34.8067131042, 35.3639907837, 35.9212684631, 36.4669380188, 37.0126075745, 37.5582771301, 38.1155548096, 38.6612243652, 39.1952819824, 39.7409515381, 40.2866210938, 40.8438987732, 41.4011802673, 41.9352378845, 42.4692955017, 43.0033569336, 43.5374145508, 44.071472168]
},
"tonal": {
    "chords_changes_rate": 0.0893042609096,
    "chords_number_rate": 0.0103842159733,
    "chords_strength": {
        "mean": 0.449701696634,
        "var": 0.0232712049037
    },
    "hpcp_entropy": {
        "mean": 1.43418776989,
        "var": 0.761612832546
    },
    "key_strength": 0.797567307949,
    "tuning_diatonic_strength": 0.586353361607,
    "tuning_equal_tempered_deviation": 0.0277907811105,
    "tuning_frequency": 438.477722168,
    "tuning_nontempered_energy_ratio": 0.656299769878,
    "hpcp": {
        "mean": [0.25267162919, 0.207009792328, 0.0900967717171, 0.0572788566351, 0.0584056563675, 0.114730544388, 0.205639213324, 0.15059016645, 0.0491325072944, 0.0343720652163, 0.0297246929258, 0.0504889152944, 0.072734311223, 0.0687297284603, 0.210287079215, 0.379724562168, 0.241688430309, 0.0579743273556, 0.0281678047031, 0.0297075323761, 0.126366689801, 0.237330287695, 0.176970332861, 0.0904283896089, 0.0648146867752, 0.0394262112677, 0.0934193655849, 0.144457101822, 0.0921735614538, 0.0849475339055, 0.123257003725, 0.0898482948542, 0.0620728433132, 0.0664429366589, 0.073222450912, 0.147357523441],
        "var": [0.100251324475, 0.0718728154898, 0.0251920390874, 0.0213489234447, 0.0252452287823, 0.0309710167348, 0.0985940545797, 0.0555413849652, 0.0154965911061, 0.0149853229523, 0.011920507066, 0.0165187083185, 0.0282449256629, 0.0216398891062, 0.0644232779741, 0.182318672538, 0.0813115611672, 0.0155521081761, 0.00705612776801, 0.00680558942258, 0.0462403595448, 0.123273648322, 0.0672407820821, 0.0301223322749, 0.0248641166836, 0.0130086112767, 0.0350021012127, 0.0639841929078, 0.0249040294439, 0.0322157479823, 0.0640426948667, 0.033719368279, 0.0240309499204, 0.0295154247433, 0.0295205358416, 0.0511461906135]
    },
    "chords_histogram": [22.0145378113, 0, 12.7725858688, 2.07684326172, 3.73831772804, 0, 0, 0, 0, 0, 0, 0, 0, 0, 0, 7.37279319763, 0, 1.66147458553, 0, 2.28452754021, 0, 10.6957426071, 25.6490135193, 11.734164238],
    "thpcp": [1, 0.636483550072, 0.152674689889, 0.0741795673966, 0.0782344266772, 0.332785129547, 0.625006437302, 0.466049224138, 0.238142058253, 0.170688688755, 0.103828445077, 0.246018752456, 0.38042601943, 0.242737948895, 0.223708286881, 0.324595808983, 0.236614391208, 0.163468077779, 0.174976661801, 0.192830428481, 0.388064235449, 0.665407657623, 0.545157790184, 0.237268745899, 0.150843173265, 0.153810590506, 0.302141487598, 0.541548371315, 0.396577358246, 0.129389852285, 0.0905184149742, 0.0782796144485, 0.132961943746, 0.191544920206, 0.180998906493, 0.553788483143],
    "chords_key": "G",
    "chords_scale": "major",
    "key_key": "D",
    "key_scale": "major"
}
}