{
"lowlevel": {
    "average_loudness": 0.977919578552,
    "barkbands_crest": {
        "mean": 12.2705621719,
        "var": 27.2267742157
    },
    "barkbands_flatness_db": {
        "mean": 0.168889895082,
        "var": 0.00158580718562
    },
    "barkbands_kurtosis": {
        "mean": 5.11771631241,
        "var": 42.4446220398
    },
    "barkbands_skewness": {
        "mean": 1.63749146461,
        "var": 0.99454843998
    },
    "barkbands_spread": {
        "mean": 11.583486557,
        "var": 35.7609138489
    },
    "dissonance": {
        "mean": 0.439103126526,
        "var": 0.00111625925638
    },
    "dynamic_complexity": 2.09323883057,
    "erbbands_crest": {
        "mean": 11.9722394943,
        "var": 22.463142395
    },
    "erbbands_flatness_db": {
        "mean": 0.219517290592,
        "var": 0.00100299937185
    },
    "erbbands_kurtosis": {
        "mean": 1.45206689835,
        "var": 7.08968400955
    },
    "erbbands_skewness": {
        "mean": 1.03162264824,
        "var": 0.538061201572
    },
    "erbbands_spread": {
        "mean": 23.529592514,
        "var": 68.6239547729
    },
    "hfc": {
        "mean": 13.5517396927,
        "var": 119.118309021
    },
    "melbands_crest": {
        "mean": 15.6806554794,
        "var": 39.696647644
    },
    "melbands_flatness_db": {
        "mean": 0.212659955025,
        "var": 0.0020735336002
    },
    "melbands_kurtosis": {
        "mean": 9.08596801758,
        "var": 98.1604537964
    },
    "melbands_skewness": {
        "mean": 1.970089674,
        "var": 1.17268049717
    },
    "melbands_spread": {
        "mean": 15.2624912262,
        "var": 98.4589309692
    },
    "pitch_salience": {
        "mean": 0.522037446499,
        "var": 0.0129977017641
    },
    "silence_rate_20dB": {
        "mean": 1,
        "var": 0
    },
    "silence_rate_30dB": {
        "mean": 0.997426688671,
        "var": 0.00256674992852
    },
    "silence_rate_60dB": {
        "mean": 0.00514668039978,
        "var": 0.00512034678832
    },
    "spectral_centroid": {
        "mean": 992.93359375,
        "var": 232988.296875
    },
    "spectral_complexity": {
        "mean": 15.1497688293,
        "var": 15.8812904358
    },
    "spectral_decrease": {
        "mean": -5.13195130836e-009,
        "var": 2.34552356645e-017
    },
    "spectral_energy": {
        "mean": 0.0205983538181,
        "var": 0.000369350367691
    },
    "spectral_energyband_high": {
        "mean": 0.000169879291207,
        "var": 3.05170324566e-008
    },
    "spectral_energyband_low": {
        "mean": 0.000885496090632,
        "var": 1.00615500287e-006
    },
    "spectral_energyband_middle_high": {
        "mean": 0.00385230826214,
        "var": 1.24300058815e-005
    },
    "spectral_energyband_middle_low": {
        "mean": 0.0159549731761,
        "var": 0.000315189769026
    },
    "spectral_entropy": {
        "mean": 7.01387643814,
        "var": 0.109063081443
    },
    "spectral_flux": {
        "mean": 0.06910007447,
        "var": 0.00204143626615
    },
    "spectral_kurtosis": {
        "mean": 6.80264663696,
        "var": 12.7464523315
    },
    "spectral_rms": {
        "mean": 0.00415902258828,
        "var": 2.7984724511e-006
    },
    "spectral_rolloff": {
        "mean": 1078.17700195,
        "var": 917808.9375
    },
    "spectral_skewness": {
        "mean": 1.84782755375,
        "var": 0.188819691539
    },
    "spectral_spread": {
        "mean": 3239421.25,
        "var": 1.75248100557e+012
    },
    "spectral_strongpeak": {
        "mean": 1.46428835392,
        "var": 0.953531861305
    },
    "zerocrossingrate": {
        "mean": 0.0437347218394,
        "var": 0.000591578893363
    },
    "barkbands": {
        "mean": [4.4876956963e-005, 0.000391753361328, 0.000256113038631, 0.000302627362544, 0.00120482547209, 0.00192601862364, 0.0097469324246, 0.00148060289212, 0.00115615630057, 0.00109924783465, 0.000439855008153, 0.000939607620239, 0.000266546267085, 0.000127628227347, 0.000290312804282, 0.000243405840592, 0.000259256165009, 0.00010400240717, 9.20562670217e-005, 9.07164503587e-005, 7.1314505476e-005, 3.65860869351e-005, 1.2095862985e-005, 1.10684186438e-005, 3.56901341547e-006, 1.17669469546e-006, 2.38670558872e-008],
        "var": [4.40153469228e-009, 3.46328079104e-007, 1.20043523566e-007, 2.18778552608e-007, 2.78698689726e-006, 1.06784427771e-005, 0.000257752079051, 7.20910475138e-006, 4.06850904255e-006, 2.88627484224e-006, 7.02220688709e-007, 4.19347679781e-006, 1.11940735792e-007, 2.20826645858e-008, 1.09463158537e-007, 2.03558869316e-007, 1.51153273009e-007, 1.57970116987e-008, 1.51956758287e-008, 3.27515756737e-008, 6.556616583e-009, 2.32049379711e-009, 2.53987192389e-010, 5.86068193975e-010, 3.43139613945e-011, 9.93917448344e-012, 7.01756844163e-015]
    },
    "erbbands": {
        "mean": [0.0124558890238, 0.0826326236129, 0.301595002413, 0.770353674889, 1.61976695061, 4.29838180542, 13.1334581375, 17.6322689056, 119.585075378, 95.8757553101, 28.9590396881, 25.6802482605, 24.4979915619, 41.8380050659, 25.09126091, 35.6125335693, 14.8560352325, 7.69754123688, 15.0373096466, 9.57611751556, 15.3958759308, 13.2381334305, 7.72579479218, 5.53619289398, 4.35219812393, 5.15000152588, 3.56226730347, 1.8057448864, 1.385186553, 0.781134486198, 0.300919115543, 0.235750839114, 0.178043812513, 0.0535186044872, 0.0191918574274, 0.00812207348645, 0.00153095740825, 0.000169660241227, 1.4717544218e-005, 2.4086320991e-005],
        "var": [0.000342410494341, 0.0212448593229, 0.223281338811, 1.17434418201, 3.92132759094, 44.0494689941, 510.34552002, 748.745117188, 40628.7304688, 38890.1679688, 1799.67895508, 2071.03930664, 1357.69763184, 4031.29785156, 1679.07568359, 4460.09228516, 297.058227539, 66.4974822998, 334.948242188, 131.189529419, 904.333679199, 429.693450928, 81.9311523438, 41.9232940674, 24.1287403107, 138.971984863, 18.1097793579, 4.71391391754, 3.12859392166, 1.61367213726, 0.147452846169, 0.0970529913902, 0.390239447355, 0.00934572517872, 0.00104794057552, 0.000470759754535, 1.60901909112e-005, 1.61129165122e-007, 2.49123305318e-010, 4.83379725136e-010]
    },
    "gfcc": {
        "mean": [-40.4884986877, 121.894432068, -153.122558594, 16.4471874237, -77.9356765747, -3.87729978561, -36.6978492737, 2.95980548859, -15.9066848755, 2.41970801353, -5.36162042618, -1.11540806293, -2.87976741791],
        "cov": [[3628.21777344, -101.235374451, -309.690765381, -23.3050479889, -219.83821106, 23.7023010254, -75.7338790894, 87.8558502197, -94.5155029297, 55.2820472717, -55.823600769, 103.968208313, -81.4659423828], [-101.235374451, 558.25579834, 36.9695053101, -3.60973095894, 31.5068740845, -17.217458725, 84.9563369751, -78.7884979248, 65.154548645, -57.7577629089, 69.6896591187, -76.4307632446, 81.8107833862], [-309.690765381, 36.9695053101, 231.638046265, -12.8418827057, 27.2431869507, 24.3524608612, 19.2501564026, 17.8425598145, -8.17951107025, 10.4812040329, -8.23675918579, 5.69185733795, -14.2799301147], [-23.3050479889, -3.60973095894, -12.8418827057, 228.081436157, 89.7805023193, 52.1541137695, 7.93760156631, 28.8704738617, 30.0435676575, -14.4110269547, 16.0733737946, -23.5745658875, 7.72246980667], [-219.83821106, 31.5068740845, 27.2431869507, 89.7805023193, 131.076599121, 50.3741798401, 24.2386302948, 27.9455432892, 24.5667533875, 0.856006324291, 3.80811834335, -6.29357624054, 4.31886672974], [23.7023010254, -17.217458725, 24.3524608612, 52.1541137695, 50.3741798401, 146.752029419, 55.038936615, 35.6350860596, -20.8671913147, -8.17396068573, -2.85680913925, 0.133620619774, -4.09920215607], [-75.7338790894, 84.9563369751, 19.2501564026, 7.93760156631, 24.2386302948, 55.038936615, 123.592414856, 27.1760730743, 23.7719345093, 0.711248099804, 19.3097801208, 3.78633546829, 14.6506814957], [87.8558502197, -78.7884979248, 17.8425598145, 28.8704738617, 27.9455432892, 35.6350860596, 27.1760730743, 113.646560669, 27.133348465, 22.5441970825, 2.48824381828, 13.1190214157, -16.9194946289], [-94.5155029297, 65.154548645, -8.17951107025, 30.0435676575, 24.5667533875, -20.8671913147, 23.7719345093, 27.133348465, 143.439025879, 44.9735107422, 39.3854370117, -13.0732946396, -1.11577785015], [55.2820472717, -57.7577629089, 10.4812040329, -14.4110269547, 0.856006324291, -8.17396068573, 0.711248099804, 22.5441970825, 44.9735107422, 84.6568069458, 14.3402814865, 16.7594776154, -15.0417823792], [-55.823600769, 69.6896591187, -8.23675918579, 16.0733737946, 3.80811834335, -2.85680913925, 19.3097801208, 2.48824381828, 39.3854370117, 14.3402814865, 94.7401428223, 1.07938790321, 19.5213088989], [103.968208313, -76.4307632446, 5.69185733795, -23.5745658875, -6.29357624054, 0.133620619774, 3.78633546829, 13.1190214157, -13.0732946396, 16.7594776154, 1.07938790321, 76.4634017944, 2.04548239708], [-81.4659423828, 81.8107833862, -14.2799301147, 7.72246980667, 4.31886672974, -4.09920215607, 14.6506814957, -16.9194946289, -1.11577785015, -15.0417823792, 19.5213088989, 2.04548239708, 80.6085281372]],
        "icov": [[0.000590662180912, -0.00103122193832, 0.00103161716834, -0.000663090031594, 0.00153894280083, -0.000602414598688, 0.000841902336106, -0.00121807761025, 0.000844328722451, -0.00118890020531, 0.000724632292986, -0.00145267357584, 0.00101925909985], [-0.00103122193832, 0.00634875614196, -0.00292692752555, 0.00233568274416, -0.00407491158694, 0.00193252612371, -0.00431283283979, 0.00503661902621, -0.00366259156726, 0.00519878370687, -0.00336823170073, 0.00609881198034, -0.00448992569], [0.00103161716834, -0.00292692752555, 0.00679711671546, -0.000675740477163, 0.00163488718681, -0.00147218245547, 0.00159678934142, -0.00317650451325, 0.00266211363487, -0.00346805062145, 0.00191682600416, -0.00333626382053, 0.00317276711576], [-0.000663090031594, 0.00233568274416, -0.000675740477163, 0.00799870304763, -0.00613741576672, -0.000752478139475, -0.000124102662085, 0.00113787746523, -0.00268360739574, 0.00382486358285, -0.00235377135687, 0.00385536369868, -0.00222592917271], [0.00153894280083, -0.00407491158694, 0.00163488718681, -0.00613741576672, 0.0166040081531, -0.00434300070629, 0.0027013621293, -0.00462084868923, 0.00104106008075, -0.00410011550412, 0.00359003269114, -0.00518746674061, 0.0025087906979], [-0.000602414598688, 0.00193252612371, -0.00147218245547, -0.000752478139475, -0.00434300070629, 0.0118830222636, -0.00617144769058, -0.000149640065501, 0.00247439462692, 0.00133216532413, -0.0011748772813, 0.00273802829906, -0.000333761505317], [0.000841902336106, -0.00431283283979, 0.00159678934142, -0.000124102662085, 0.0027013621293, -0.00617144769058, 0.0145923132077, -0.00493192346767, -0.000289986113785, -0.00203191675246, 0.000992161105387, -0.0048978398554, 0.000877675949596], [-0.00121807761025, 0.00503661902621, -0.00317650451325, 0.00113787746523, -0.00462084868923, -0.000149640065501, -0.00493192346767, 0.0158859249204, -0.00492607057095, 0.00275407382287, -0.00218721898273, 0.00304555799812, -0.00164561066777], [0.000844328722451, -0.00366259156726, 0.00266211363487, -0.00268360739574, 0.00104106008075, 0.00247439462692, -0.000289986113785, -0.00492607057095, 0.0141358645633, -0.00893813464791, -0.00107482052408, -0.000587953196373, 0.00319101056084], [-0.00118890020531, 0.00519878370687, -0.00346805062145, 0.00382486358285, -0.00410011550412, 0.00133216532413, -0.00203191675246, 0.00275407382287, -0.00893813464791, 0.0216296818107, -0.00422974070534, 0.00136484124232, -0.00132173195016], [0.000724632292986, -0.00336823170073, 0.00191682600416, -0.00235377135687, 0.00359003269114, -0.0011748772813, 0.000992161105387, -0.00218721898273, -0.00107482052408, -0.00422974070534, 0.0149363093078, -0.00405109440908, -0.000494188163429], [-0.00145267357584, 0.00609881198034, -0.00333626382053, 0.00385536369868, -0.00518746674061, 0.00273802829906, -0.0048978398554, 0.00304555799812, -0.000587953196373, 0.00136484124232, -0.00405109440908, 0.0216926950961, -0.00599450943992], [0.00101925909985, -0.00448992569, 0.00317276711576, -0.00222592917271, 0.0025087906979, -0.000333761505317, 0.000877675949596, -0.00164561066777, 0.00319101056084, -0.00132173195016, -0.000494188163429, -0.00599450943992, 0.0181809440255]]
    },
    "melbands": {
        "mean": [0.000107221079816, 0.00014080744586, 0.000134509522468, 0.000216870830627, 0.000394945644075, 0.000358173070708, 0.00194770679809, 0.000876013713423, 0.000200846567168, 0.00016054387379, 0.000121274606499, 0.00017517444212, 7.34930872568e-005, 0.000124691388919, 4.47721104138e-005, 2.28265962505e-005, 1.24266243802e-005, 2.14428764593e-005, 1.72060590558e-005, 1.12660936793e-005, 1.90599876078e-005, 1.28591827888e-005, 1.22607771118e-005, 4.92936442242e-006, 4.31917987953e-006, 3.66504309568e-006, 2.9727348192e-006, 3.15809552376e-006, 2.56572366197e-006, 1.37537017508e-006, 8.74781790117e-007, 7.94937193405e-007, 6.2865876771e-007, 3.56319389994e-007, 1.81083208872e-007, 1.33860908136e-007, 1.45227915027e-007, 1.47530982986e-007, 6.77944385075e-008, 3.68592907307e-008],
        "var": [2.24620695377e-008, 5.20492058342e-008, 2.85521384313e-008, 1.13058462148e-007, 4.25177404395e-007, 3.70396378457e-007, 1.04174032458e-005, 3.29185763803e-006, 9.4090545133e-008, 8.27175838936e-008, 3.52384752489e-008, 7.72831612039e-008, 1.55192232398e-008, 8.80937207626e-008, 3.59371310488e-009, 5.80851977627e-010, 2.19742404828e-010, 6.84428291819e-010, 3.57912643967e-010, 2.43655706722e-010, 1.77439141158e-009, 7.07630121166e-010, 3.77050751732e-010, 2.92879401287e-011, 3.43549494408e-011, 2.67561198891e-011, 2.0893986194e-011, 6.07782713047e-011, 1.26069016337e-011, 3.92263044963e-012, 1.36806982843e-012, 1.0538656536e-012, 1.09054096049e-012, 3.16623978555e-013, 6.84425999491e-014, 3.43078328604e-014, 3.99783321953e-014, 2.96088918357e-013, 2.71873062935e-014, 4.17558867393e-015]
    },
    "mfcc": {
        "mean": [-670.298828125, 144.775909424, -23.1695041656, 13.3893518448, -20.2416286469, -8.24481582642, -12.8473987579, -5.3253364563, -4.76454353333, -3.32500839233, -3.11578965187, 5.9444475174, 4.44923305511],
        "cov": [[1688.90112305, -206.913909912, -61.583530426, -50.0013847351, -69.9088821411, -39.040222168, 10.498913765, 39.7500343323, -7.27827835083, -17.0585479736, -24.1150379181, 14.8820066452, 61.0517883301], [-206.913909912, 516.511291504, 54.976978302, -10.766374588, -56.0160942078, 18.0247173309, -1.5145740509, -16.5786819458, -6.39789438248, 3.27790164948, 11.8910961151, -21.1778945923, -27.622713089], [-61.583530426, 54.976978302, 152.91633606, -4.76701927185, 3.13434052467, 7.52591609955, 23.8095817566, 9.19720458984, -6.52963781357, 9.47518444061, 12.6364822388, -2.39941453934, -15.06108284], [-50.0013847351, -10.766374588, -4.76701927185, 152.561080933, 66.5096969604, 20.4401626587, -3.13331055641, 13.2416152954, 15.0356712341, 19.8869838715, -0.452177971601, 9.84649753571, 21.4248580933], [-69.9088821411, -56.0160942078, 3.13434052467, 66.5096969604, 146.248153687, 28.842382431, 15.5329408646, 18.1563835144, 13.568936348, 24.7919979095, 1.00776743889, 9.36531352997, 15.763671875], [-39.040222168, 18.0247173309, 7.52591609955, 20.4401626587, 28.842382431, 113.28603363, 32.9176216125, 21.1828422546, 14.2853784561, 13.7040271759, 6.91866827011, -4.46235084534, 6.96143913269], [10.498913765, -1.5145740509, 23.8095817566, -3.13331055641, 15.5329408646, 32.9176216125, 133.136520386, 48.7759399414, 9.49574565887, 11.9109373093, -15.0703878403, -1.42446303368, -9.99457263947], [39.7500343323, -16.5786819458, 9.19720458984, 13.2416152954, 18.1563835144, 21.1828422546, 48.7759399414, 100.80531311, 25.7886962891, 12.3633470535, -0.00285889557563, 7.85189390182, 16.3321094513], [-7.27827835083, -6.39789438248, -6.52963781357, 15.0356712341, 13.568936348, 14.2853784561, 9.49574565887, 25.7886962891, 92.208442688, 21.2553501129, 6.83476352692, 20.7758769989, 22.9534816742], [-17.0585479736, 3.27790164948, 9.47518444061, 19.8869838715, 24.7919979095, 13.7040271759, 11.9109373093, 12.3633470535, 21.2553501129, 79.7044067383, 19.2894287109, 7.02772760391, 27.7677879333], [-24.1150379181, 11.8910961151, 12.6364822388, -0.452177971601, 1.00776743889, 6.91866827011, -15.0703878403, -0.00285889557563, 6.83476352692, 19.2894287109, 81.2195129395, 27.9861965179, 17.5646953583], [14.8820066452, -21.1778945923, -2.39941453934, 9.84649753571, 9.36531352997, -4.46235084534, -1.42446303368, 7.85189390182, 20.7758769989, 7.02772760391, 27.9861965179, 100.035827637, 43.8985366821], [61.0517883301, -27.622713089, -15.06108284, 21.4248580933, 15.763671875, 6.96143913269, -9.99457263947, 16.3321094513, 22.9534816742, 27.7677879333, 17.5646953583, 43.8985366821, 132.678924561]],
        "icov": [[0.000676077033859, 0.000267679541139, 0.000150410676724, 0.000103218844743, 0.000411156477639, 0.000121021817904, -6.01115425525e-005, -0.000307129783323, 0.000138866773341, 3.73505754396e-005, 0.000160333118401, 9.5538507594e-006, -0.000333108910127], [0.000267679541139, 0.00229506846517, -0.000695363327395, -0.000261677487288, 0.00121601321734, -0.000493325176649, 3.81499885407e-005, 0.000225386611419, -3.29303038598e-005, -0.000248593481956, -0.000195328830159, 0.000313318218105, 0.000154420107719], [0.000150410676724, -0.000695363327395, 0.00733774900436, 0.000280019565253, -0.000345938286046, 0.000175061330083, -0.00122568267398, -0.000501190079376, 0.00080764410086, -0.00071342010051, -0.00127719831653, -5.86281275901e-005, 0.000773095176555], [0.000103218844743, -0.000261677487288, 0.000280019565253, 0.00857263989747, -0.00360389240086, -0.000660177960526, 0.00112539180554, -0.000682223064359, -0.000314848817652, -0.000860419415403, 0.000874641409609, -0.000397947442252, -0.000572498538531], [0.000411156477639, 0.00121601321734, -0.000345938286046, -0.00360389240086, 0.0098715974018, -0.00151721388102, -0.000446002115496, -0.000474222499179, 0.000124154452351, -0.00179121340625, 0.000473744556075, -0.000439477851614, -2.57255851466e-005], [0.000121021817904, -0.000493325176649, 0.000175061330083, -0.000660177960526, -0.00151721388102, 0.0105680692941, -0.00241752644069, -0.000603752559982, -0.000967556261458, 2.46537256317e-005, -0.00155137560796, 0.00148641760461, -0.000638129655272], [-6.01115425525e-005, 3.81499885407e-005, -0.00122568267398, 0.00112539180554, -0.000446002115496, -0.00241752644069, 0.0106488279998, -0.00463366694748, 0.000413277826738, -0.00168999633752, 0.00277020526119, -0.00109376152977, 0.00154446833767], [-0.000307129783323, 0.000225386611419, -0.000501190079376, -0.000682223064359, -0.000474222499179, -0.000603752559982, -0.00463366694748, 0.0135476114228, -0.00286453985609, 0.000308293674607, -0.000515207531862, 0.000322104344377, -0.00129447353538], [0.000138866773341, -3.29303038598e-005, 0.00080764410086, -0.000314848817652, 0.000124154452351, -0.000967556261458, 0.000413277826738, -0.00286453985609, 0.0130737544969, -0.0027017374523, 0.000502371578477, -0.00223371316679, -0.000532257196028], [3.73505754396e-005, -0.000248593481956, -0.00071342010051, -0.000860419415403, -0.00179121340625, 2.46537256317e-005, -0.00168999633752, 0.000308293674607, -0.0027017374523, 0.0161316357553, -0.00375727564096, 0.00193208560813, -0.00301528652199], [0.000160333118401, -0.000195328830159, -0.00127719831653, 0.000874641409609, 0.000473744556075, -0.00155137560796, 0.00277020526119, -0.000515207531862, 0.000502371578477, -0.00375727564096, 0.0156067274511, -0.00441855192184, -8.1797634266e-006], [9.5538507594e-006, 0.000313318218105, -5.86281275901e-005, -0.000397947442252, -0.000439477851614, 0.00148641760461, -0.00109376152977, 0.000322104344377, -0.00223371316679, 0.00193208560813, -0.00441855192184, 0.0134463692084, -0.00391125725582], [-0.000333108910127, 0.000154420107719, 0.000773095176555, -0.000572498538531, -2.57255851466e-005, -0.000638129655272, 0.00154446833767, -0.00129447353538, -0.000532257196028, -0.00301528652199, -8.1797634266e-006, -0.00391125725582, 0.010233159177]]
    },
    "spectral_contrast_coeffs": {
        "mean": [-0.639591395855, -0.638635993004, -0.721829593182, -0.741415977478, -0.738661825657, -0.707530736923],
        "var": [0.00569673394784, 0.00717856781557, 0.00359956198372, 0.00196374789812, 0.00213657109998, 0.00135366560426]
    },
    "spectral_contrast_valleys": {
        "mean": [-8.12581348419, -6.6721496582, -7.32363605499, -8.2581281662, -8.34658145905, -11.6346244812],
        "var": [0.879456281662, 0.92958521843, 0.843950212002, 0.732213377953, 0.756480336189, 0.718098044395]
    }
},
"metadata": {
    "audio_properties": {
        "analysis_sample_rate": 44100,
        "bit_rate": 105824,
        "equal_loudness": 0,
        "length": 45.0873451233,
        "lossless": 0,
        "replay_gain": -7.64036369324,
        "sample_rate": 44100,
        "codec": "mp3",
        "downmix": "mix",
        "md5_encoded": "a947069756931d83720a62840a07648f"
    },
    "tags": {
        "file_name": "273.mp3"
    },
    "version": {
        "essentia": "2.1-beta2",
        "essentia_git_sha": "v2.1_beta2",
        "extractor": "music 1.0"
    }
},
"rhythm": {
    "beats_count": 89,
    "beats_loudness": {
        "mean": 0.0291372630745,
        "var": 0.000495507207233
    },
    "bpm": 118.654472351,
    "bpm_histogram_first_peak_bpm": {
        "mean": 117,
        "var": 0
    },
    "bpm_histogram_first_peak_spread": {
        "mean": 0.463414609432,
        "var": 0
    },
    "bpm_histogram_first_peak_weight": {
        "mean": 0.5,
        "var": 0
    },
    "bpm_histogram_second_peak_bpm": {
        "mean": 123,
        "var": 0
    },
    "bpm_histogram_second_peak_spread": {
        "mean": 0,
        "var": 0
    },
    "bpm_histogram_second_peak_weight": {
        "mean": 0.0681818202138,
        "var": 0
    },
    "danceability": 2.15955734253,
    "onset_rate": 4.921875,
    "beats_loudness_band_ratio": {
        "mean": [0.0585275031626, 0.187676951289, 0.486077994108, 0.189153194427, 0.070206657052, 0.0236752647907],
        "var": [0.00333519186825, 0.0361993163824, 0.0701522380114, 0.0187921170145, 0.00460158800706, 0.000346844550222]
    },
    "beats_position": [0.46439909935, 0.952018141747, 1.46285712719, 1.97369611263, 2.48453521729, 2.99537420273, 3.50621318817, 4.00544214249, 4.5046710968, 5.00390005112, 5.50312900543, 6.01396799088, 6.52480697632, 7.03564596176, 7.5464849472, 8.03410434723, 8.54494285583, 9.05578231812, 9.55501079559, 10.0658502579, 10.5766887665, 11.0759181976, 11.5751476288, 12.0743761063, 12.5736055374, 13.0728340149, 13.5836734772, 14.0829019547, 14.5937414169, 15.0813598633, 15.5805892944, 16.0914287567, 16.5790481567, 17.0898857117, 17.600725174, 18.1115646362, 18.6224040985, 19.1216316223, 19.6208610535, 20.1200904846, 20.6193199158, 21.1069393158, 21.6177768707, 22.128616333, 22.6394557953, 23.1502952576, 23.6495227814, 24.1603622437, 24.6595916748, 25.1704311371, 25.6696586609, 26.168888092, 26.6797275543, 27.1789569855, 27.6781845093, 28.1890239716, 28.6766433716, 29.1874828339, 29.6983222961, 30.2091598511, 30.7083892822, 31.2076187134, 31.7300682068, 32.2292976379, 32.7401351929, 33.2509727478, 33.750202179, 34.2494316101, 34.7602729797, 35.2711105347, 35.7703399658, 36.269569397, 36.7804069519, 37.2796363831, 37.7788658142, 38.2780952454, 38.7889328003, 39.2997741699, 39.7989997864, 40.309841156, 40.8206787109, 41.3199081421, 41.8191375732, 42.3299751282, 42.8408164978, 43.340045929, 43.8392753601, 44.350112915, 44.86095047]
},
"tonal": {
    "chords_changes_rate": 0.0401234552264,
    "chords_number_rate": 0.00411522621289,
    "chords_strength": {
        "mean": 0.530612468719,
        "var": 0.00734798656777
    },
    "hpcp_entropy": {
        "mean": 1.60533618927,
        "var": 0.465562731028
    },
    "key_strength": 0.797677516937,
    "tuning_diatonic_strength": 0.681445121765,
    "tuning_equal_tempered_deviation": 0.0571495853364,
    "tuning_frequency": 442.293365479,
    "tuning_nontempered_energy_ratio": 0.682127714157,
    "hpcp": {
        "mean": [0.715711176395, 0.536978900433, 0.121590793133, 0.0348253920674, 0.0459393449128, 0.134738370776, 0.182419627905, 0.0923090800643, 0.0333413332701, 0.0361345410347, 0.0324355587363, 0.0617309510708, 0.114192686975, 0.103400416672, 0.20746229589, 0.275928139687, 0.126123532653, 0.0329116433859, 0.0214850325137, 0.0253303963691, 0.124861113727, 0.217701047659, 0.131861850619, 0.044540990144, 0.0282627120614, 0.0191450733691, 0.095971301198, 0.155323788524, 0.0940873399377, 0.059291139245, 0.0679027661681, 0.0423153415322, 0.0253256261349, 0.0285455696285, 0.0549213141203, 0.322744518518],
        "var": [0.107823111117, 0.0995107665658, 0.0249881073833, 0.00890636537224, 0.0124448249117, 0.0569279827178, 0.0974120572209, 0.0248194132, 0.00564862042665, 0.00752050429583, 0.00598473008722, 0.00972054246813, 0.0438590869308, 0.0272923968732, 0.0723199546337, 0.111617766321, 0.0243924502283, 0.0034344047308, 0.00137310684659, 0.00316620245576, 0.0305040162057, 0.0855940133333, 0.0285017006099, 0.00860205572098, 0.0053559243679, 0.00222908356227, 0.0271141137928, 0.0610389821231, 0.0211806949228, 0.0191029459238, 0.029410880059, 0.0111891068518, 0.00372754898854, 0.00690530287102, 0.011505452916, 0.0555618330836]
    },
    "chords_histogram": [68.6213989258, 6.68724298477, 23.2510280609, 0, 0, 0, 0, 0, 0, 0, 0, 0, 0, 0, 0, 0, 0, 1.33744859695, 0, 0.102880656719, 0, 0, 0, 0],
    "thpcp": [1, 0.750273168087, 0.169888079166, 0.0486584454775, 0.0641869902611, 0.18825802207, 0.254878818989, 0.128975316882, 0.0465849004686, 0.0504876002669, 0.0453193411231, 0.086251206696, 0.159551352262, 0.144472271204, 0.289868742228, 0.385530024767, 0.176221266389, 0.0459845326841, 0.0300191380084, 0.0353919267654, 0.174457401037, 0.30417445302, 0.184238910675, 0.0622331909835, 0.0394889898598, 0.0267497189343, 0.134092226624, 0.217020213604, 0.131459921598, 0.0828422680497, 0.0948745384812, 0.0591234900057, 0.0353852584958, 0.0398842021823, 0.0767367035151, 0.450942397118],
    "chords_key": "D",
    "chords_scale": "major",
    "key_key": "D",
    "key_scale": "major"
}
}