{
"lowlevel": {
    "average_loudness": 0.817210614681,
    "barkbands_crest": {
        "mean": 10.6967792511,
        "var": 7.97047567368
    },
    "barkbands_flatness_db": {
        "mean": 0.205950409174,
        "var": 0.00423841783777
    },
    "barkbands_kurtosis": {
        "mean": 8.66038799286,
        "var": 85.9061813354
    },
    "barkbands_skewness": {
        "mean": 2.37750792503,
        "var": 1.10762751102
    },
    "barkbands_spread": {
        "mean": 15.0207872391,
        "var": 102.094421387
    },
    "dissonance": {
        "mean": 0.461232990026,
        "var": 0.000730493455194
    },
    "dynamic_complexity": 1.80189788342,
    "erbbands_crest": {
        "mean": 8.5841217041,
        "var": 13.0997772217
    },
    "erbbands_flatness_db": {
        "mean": 0.175757870078,
        "var": 0.00201993552037
    },
    "erbbands_kurtosis": {
        "mean": 0.222526878119,
        "var": 4.71235227585
    },
    "erbbands_skewness": {
        "mean": 0.24701166153,
        "var": 0.895415902138
    },
    "erbbands_spread": {
        "mean": 42.1950683594,
        "var": 230.10357666
    },
    "hfc": {
        "mean": 15.760632515,
        "var": 157.215133667
    },
    "melbands_crest": {
        "mean": 14.2754259109,
        "var": 10.7559547424
    },
    "melbands_flatness_db": {
        "mean": 0.282398283482,
        "var": 0.00585840223357
    },
    "melbands_kurtosis": {
        "mean": 23.1779975891,
        "var": 332.797393799
    },
    "melbands_skewness": {
        "mean": 3.73922348022,
        "var": 1.80935442448
    },
    "melbands_spread": {
        "mean": 12.396320343,
        "var": 119.972328186
    },
    "pitch_salience": {
        "mean": 0.542905688286,
        "var": 0.00737630901858
    },
    "silence_rate_20dB": {
        "mean": 1,
        "var": 0
    },
    "silence_rate_30dB": {
        "mean": 0.968589067459,
        "var": 0.0304254237562
    },
    "silence_rate_60dB": {
        "mean": 0.00257466523908,
        "var": 0.00256808288395
    },
    "spectral_centroid": {
        "mean": 947.100585938,
        "var": 430526.4375
    },
    "spectral_complexity": {
        "mean": 16.5602474213,
        "var": 66.6603927612
    },
    "spectral_decrease": {
        "mean": -1.08099085239e-008,
        "var": 7.33734084927e-017
    },
    "spectral_energy": {
        "mean": 0.0422286428511,
        "var": 0.00108967733104
    },
    "spectral_energyband_high": {
        "mean": 0.000317553116474,
        "var": 2.83607562324e-007
    },
    "spectral_energyband_low": {
        "mean": 0.0247424449772,
        "var": 0.000760365452152
    },
    "spectral_energyband_middle_high": {
        "mean": 0.00382554507814,
        "var": 2.07361736102e-005
    },
    "spectral_energyband_middle_low": {
        "mean": 0.0166966170073,
        "var": 0.000206213910133
    },
    "spectral_entropy": {
        "mean": 7.16365480423,
        "var": 0.247114226222
    },
    "spectral_flux": {
        "mean": 0.0876705870032,
        "var": 0.00479370867833
    },
    "spectral_kurtosis": {
        "mean": 6.23480558395,
        "var": 21.8255767822
    },
    "spectral_rms": {
        "mean": 0.00610877852887,
        "var": 3.8815123844e-006
    },
    "spectral_rolloff": {
        "mean": 684.802368164,
        "var": 1078651.875
    },
    "spectral_skewness": {
        "mean": 1.68261051178,
        "var": 0.3406855762
    },
    "spectral_spread": {
        "mean": 3634322.5,
        "var": 3.59031216538e+012
    },
    "spectral_strongpeak": {
        "mean": 0.493604540825,
        "var": 0.178785845637
    },
    "zerocrossingrate": {
        "mean": 0.0360961034894,
        "var": 0.000792516046204
    },
    "barkbands": {
        "mean": [0.000233580198255, 0.0134589746594, 0.00780324498191, 0.00633409898728, 0.00532501004636, 0.00225863815285, 0.00124048511498, 0.000603962980676, 0.000765934295487, 0.000417197210481, 0.000303912063828, 0.000293569115456, 0.000347892870195, 0.000327498593833, 0.000345196400303, 0.000660562887788, 0.000543814036064, 0.000256544182776, 0.000316478777677, 0.000121551878692, 8.29131968203e-005, 5.33594138687e-005, 5.14040075359e-005, 4.68048783659e-005, 2.42526839429e-005, 1.1311380149e-005, 4.69052338303e-007],
        "var": [1.5371276163e-007, 0.000194959153305, 0.000173578839167, 5.09433666593e-005, 6.35067044641e-005, 9.42812312132e-006, 4.51105643151e-006, 1.4093847085e-006, 1.9027432927e-006, 9.66593006524e-007, 6.42859333766e-007, 4.28284806731e-007, 6.48167258532e-007, 3.86119921814e-007, 2.32038203762e-007, 1.08952269784e-006, 7.38832170555e-007, 2.92749177788e-007, 3.26154918184e-007, 3.05761638231e-008, 1.66088334197e-008, 1.45754368575e-008, 1.27196484456e-008, 1.24444978766e-008, 2.63423727276e-009, 9.33299548755e-010, 5.46577757013e-012]
    },
    "erbbands": {
        "mean": [0.306518048048, 3.30033373833, 8.9551858902, 16.0777168274, 20.4602508545, 17.394077301, 17.1135253906, 15.9273252487, 14.8957166672, 19.2027320862, 14.283659935, 18.7733154297, 13.2560119629, 11.8401231766, 11.8687677383, 12.9228363037, 15.7093667984, 15.9069356918, 19.0154857635, 23.6872615814, 36.7049865723, 27.4781780243, 16.6993141174, 18.2052059174, 11.3528461456, 5.74130058289, 3.74560046196, 2.8147251606, 1.89062678814, 1.67548680305, 1.45075714588, 1.15693044662, 0.662344694138, 0.304623395205, 0.15859092772, 0.070131726563, 0.0165902376175, 0.00221441616304, 7.69627440604e-005, 4.97208056913e-005],
        "var": [0.0882082954049, 14.2551612854, 176.543685913, 396.716827393, 805.578186035, 517.751281738, 486.656524658, 477.23034668, 500.785247803, 1543.32653809, 683.173156738, 1062.85717773, 1073.76220703, 635.694824219, 532.219604492, 770.020874023, 1260.05859375, 903.686584473, 620.175842285, 1273.6607666, 2971.00561523, 1739.71887207, 913.404846191, 1121.43139648, 350.743927002, 61.4807052612, 26.0207138062, 27.005569458, 16.8259887695, 14.4262571335, 11.0341949463, 8.18733310699, 2.22345042229, 0.395281076431, 0.124272212386, 0.0332599207759, 0.00226782518439, 5.99537488597e-005, 5.71877976085e-008, 1.49796153259e-009]
    },
    "gfcc": {
        "mean": [-23.071603775, 143.852355957, -113.453262329, 57.2397956848, -37.5030822754, 8.21181583405, -37.1932449341, 5.31983566284, -12.8802337646, -6.36859560013, -9.68242549896, -13.3164396286, -1.0485098362],
        "cov": [[6479.19775391, -1685.52990723, -386.991485596, -20.2421569824, -491.49508667, 570.13671875, -379.318145752, 537.178466797, -500.116394043, 173.323852539, -253.331954956, 347.535888672, -511.695556641], [-1685.52990723, 1567.62841797, -282.170928955, 39.8191413879, 331.450134277, -396.71081543, 241.151016235, -325.393859863, 285.245391846, -242.153625488, 227.814208984, -307.193969727, 301.337554932], [-386.991485596, -282.170928955, 773.510681152, -79.9392623901, -155.90838623, 56.458240509, -63.7220077515, 22.3444232941, -8.34609794617, 176.840591431, -99.6102218628, 119.986236572, -61.9485473633], [-20.2421569824, 39.8191413879, -79.9392623901, 195.651168823, 70.7980575562, -19.4208049774, 0.439661949873, -31.0306301117, 35.664730072, -1.52053725719, 25.3832111359, -28.5277042389, 60.0832557678], [-491.49508667, 331.450134277, -155.90838623, 70.7980575562, 294.676849365, -105.114837646, 85.1952514648, -82.4580688477, 60.6667938232, -22.4640693665, 37.6696128845, -58.8346138, 75.3655319214], [570.13671875, -396.71081543, 56.458240509, -19.4208049774, -105.114837646, 233.52796936, -31.6541023254, 125.815872192, -75.7342224121, 22.0717353821, -19.2437591553, 64.9415054321, -87.7132263184], [-379.318145752, 241.151016235, -63.7220077515, 0.439661949873, 85.1952514648, -31.6541023254, 156.565383911, -15.4065799713, 40.9142112732, -50.0839385986, 46.0892524719, -37.7208747864, 32.93384552], [537.178466797, -325.393859863, 22.3444232941, -31.0306301117, -82.4580688477, 125.815872192, -15.4065799713, 182.310455322, -41.634437561, 19.4408512115, -31.664680481, 53.4768638611, -88.5218048096], [-500.116394043, 285.245391846, -8.34609794617, 35.664730072, 60.6667938232, -75.7342224121, 40.9142112732, -41.634437561, 156.001098633, -3.20470643044, 29.4338359833, -69.5167617798, 76.460899353], [173.323852539, -242.153625488, 176.840591431, -1.52053725719, -22.4640693665, 22.0717353821, -50.0839385986, 19.4408512115, -3.20470643044, 174.209533691, -78.5896987915, 69.7266693115, -31.4792003632], [-253.331954956, 227.814208984, -99.6102218628, 25.3832111359, 37.6696128845, -19.2437591553, 46.0892524719, -31.664680481, 29.4338359833, -78.5896987915, 148.487518311, -45.6828575134, 18.4342575073], [347.535888672, -307.193969727, 119.986236572, -28.5277042389, -58.8346138, 64.9415054321, -37.7208747864, 53.4768638611, -69.5167617798, 69.7266693115, -45.6828575134, 138.334396362, -45.5386352539], [-511.695556641, 301.337554932, -61.9485473633, 60.0832557678, 75.3655319214, -87.7132263184, 32.93384552, -88.5218048096, 76.460899353, -31.4792003632, 18.4342575073, -45.5386352539, 151.97567749]],
        "icov": [[0.000603675143793, -0.00124802277423, 0.000911563111003, -0.00113437802065, 0.000845958129503, -0.00101192272268, 0.00118610693607, -0.00108885322697, 0.00113385450095, -0.000947789929342, 0.00134106108453, -0.001574413036, 0.00203115702607], [-0.00124802277423, 0.00823707040399, -0.00249493145384, 0.00513264909387, -0.00324727664702, 0.00542969116941, -0.00514132715762, 0.00484451046214, -0.00497170072049, 0.00456672674045, -0.00632001971826, 0.00780987041071, -0.00834659766406], [0.000911563111003, -0.00249493145384, 0.00352413882501, -0.00157937908079, 0.00240634987131, -0.00213572010398, 0.00175013788976, -0.000959379773121, 0.00101499026641, -0.00318585336208, 0.00276983249933, -0.00398759543896, 0.00401164637879], [-0.00113437802065, 0.00513264909387, -0.00157937908079, 0.0102448007092, -0.00362668489106, 0.00254326709546, -0.00221103429794, 0.00295456266031, -0.00341654242948, 0.00164955435321, -0.00558071304113, 0.00599707709625, -0.00868953205645], [0.000845958129503, -0.00324727664702, 0.00240634987131, -0.00362668489106, 0.00734580727294, -0.00107309245504, -0.000346370594343, -0.00100579869468, 0.00210829661228, -0.00341014447622, 0.0028453997802, -0.00326791172847, 0.00383732141927], [-0.00101192272268, 0.00542969116941, -0.00213572010398, 0.00254326709546, -0.00107309245504, 0.0119064953178, -0.00376351131126, -0.0010711424984, -0.00125028751791, 0.00287704332732, -0.00528251286596, 0.00480055715889, -0.00514927692711], [0.00118610693607, -0.00514132715762, 0.00175013788976, -0.00221103429794, -0.000346370594343, -0.00376351131126, 0.0127740614116, -0.00465213786811, 0.00217514624819, -0.00120124570094, 0.00281958794221, -0.00517397746444, 0.00506149744615], [-0.00108885322697, 0.00484451046214, -0.000959379773121, 0.00295456266031, -0.00100579869468, -0.0010711424984, -0.00465213786811, 0.0149171948433, -0.00662011932582, 0.00417430745438, -0.00154343608301, 0.00193891115487, -0.000289885560051], [0.00113385450095, -0.00497170072049, 0.00101499026641, -0.00341654242948, 0.00210829661228, -0.00125028751791, 0.00217514624819, -0.00662011932582, 0.0164326056838, -0.00684911524877, 0.00159416580573, 0.00135648995638, -0.000127579070977], [-0.000947789929342, 0.00456672674045, -0.00318585336208, 0.00164955435321, -0.00341014447622, 0.00287704332732, -0.00120124570094, 0.00417430745438, -0.00684911524877, 0.0146467536688, 0.000699811556842, -0.00032042094972, -0.00185469957069], [0.00134106108453, -0.00632001971826, 0.00276983249933, -0.00558071304113, 0.0028453997802, -0.00528251286596, 0.00281958794221, -0.00154343608301, 0.00159416580573, 0.000699811556842, 0.0155806811526, -0.00710255512968, 0.00973688066006], [-0.001574413036, 0.00780987041071, -0.00398759543896, 0.00599707709625, -0.00326791172847, 0.00480055715889, -0.00517397746444, 0.00193891115487, 0.00135648995638, -0.00032042094972, -0.00710255512968, 0.0221684928983, -0.0113855963573], [0.00203115702607, -0.00834659766406, 0.00401164637879, -0.00868953205645, 0.00383732141927, -0.00514927692711, 0.00506149744615, -0.000289885560051, -0.000127579070977, -0.00185469957069, 0.00973688066006, -0.0113855963573, 0.0239858441055]]
    },
    "melbands": {
        "mean": [0.00329233170487, 0.00472399126738, 0.00297231366858, 0.00145733356476, 0.000590111885685, 0.000375908333808, 0.000231461031944, 0.000191812854609, 0.000127897859784, 0.000105197337689, 6.38725468889e-005, 4.79299160361e-005, 4.0784572775e-005, 3.71782116417e-005, 3.77624310204e-005, 2.79060659523e-005, 3.07246737066e-005, 3.10351861117e-005, 2.20403635467e-005, 4.48215578217e-005, 4.17246556026e-005, 2.95563222608e-005, 2.04120515264e-005, 1.26877657749e-005, 1.53197015607e-005, 1.05435165096e-005, 5.45450666323e-006, 3.27739871864e-006, 2.24169593821e-006, 2.25402664e-006, 1.39977203162e-006, 1.06372442588e-006, 9.82325218502e-007, 9.21198193282e-007, 8.85487281721e-007, 6.98999372162e-007, 7.08987272446e-007, 4.84818372115e-007, 3.2153420193e-007, 2.39418568526e-007],
        "var": [9.8515092759e-006, 3.88107655453e-005, 1.11420977191e-005, 4.2623828449e-006, 4.56972799157e-007, 2.66087056389e-007, 1.28495386775e-007, 1.45881813296e-007, 5.41761018269e-008, 3.32814629189e-008, 2.765796836e-008, 1.04393231837e-008, 8.79907258167e-009, 7.53093498673e-009, 8.49527026503e-009, 3.97079835679e-009, 3.6003076076e-009, 1.81620563033e-009, 8.99868457527e-010, 6.58930821018e-009, 4.69083083487e-009, 2.19255102962e-009, 1.39255951215e-009, 8.56357484924e-010, 8.55544357581e-010, 4.07986894269e-010, 7.15239811822e-011, 2.09076176511e-011, 9.61086852463e-012, 1.36611130394e-011, 8.23443917219e-012, 5.54043833381e-012, 5.71630286508e-012, 4.49060493651e-012, 4.39768707561e-012, 2.69562323851e-012, 3.39238663202e-012, 1.2222412752e-012, 5.42236665724e-013, 2.49870599472e-013]
    },
    "mfcc": {
        "mean": [-661.006591797, 156.754333496, -0.538000583649, 48.1168823242, 23.4454536438, 8.56616306305, -0.374661535025, 3.14577388763, 3.58725810051, 5.96929216385, -4.22451162338, 2.25620889664, -1.38945257664],
        "cov": [[4508.75488281, -1551.6574707, -200.044662476, -543.83203125, -73.4454803467, -148.376037598, 177.57371521, 343.601531982, -205.920852661, -28.4898872375, 41.1179428101, 87.2189407349, -10.0788812637], [-1551.6574707, 1257.5670166, -234.638336182, 285.898590088, 41.0643081665, 13.05610466, -22.4026031494, -115.255355835, 60.4494094849, 12.0248031616, -37.4197692871, -9.68418502808, -16.3132820129], [-200.044662476, -234.638336182, 715.47467041, -131.240112305, -58.9841423035, 9.13556575775, -83.5915985107, -29.4752998352, -4.8587603569, 2.87811636925, 55.253780365, -27.2997379303, 36.8120346069], [-543.83203125, 285.898590088, -131.240112305, 306.322265625, 63.6415519714, 55.1102409363, -35.2843475342, -108.055114746, 73.2585525513, -16.4500675201, -26.0734424591, 6.32540130615, 16.5853424072], [-73.4454803467, 41.0643081665, -58.9841423035, 63.6415519714, 126.68258667, 22.7078647614, -4.80839347839, -21.3171844482, 7.19560098648, 10.4507522583, -0.430331319571, 10.1764965057, -1.05224716663], [-148.376037598, 13.05610466, 9.13556575775, 55.1102409363, 22.7078647614, 119.526138306, -0.347253710032, -51.6921691895, 31.4633789063, -12.0088815689, -2.48400807381, -9.7803144455, 18.994852066], [177.57371521, -22.4026031494, -83.5915985107, -35.2843475342, -4.80839347839, -0.347253710032, 141.539199829, 86.7778625488, -48.172416687, -4.23775577545, 5.36252880096, 17.7249946594, -5.44220733643], [343.601531982, -115.255355835, -29.4752998352, -108.055114746, -21.3171844482, -51.6921691895, 86.7778625488, 177.390075684, -44.3242416382, 9.0640745163, 4.65471315384, 23.5388851166, -12.9320201874], [-205.920852661, 60.4494094849, -4.8587603569, 73.2585525513, 7.19560098648, 31.4633789063, -48.172416687, -44.3242416382, 146.467178345, 18.2132892609, -12.5695524216, -9.64110088348, 15.3884916306], [-28.4898872375, 12.0248031616, 2.87811636925, -16.4500675201, 10.4507522583, -12.0088815689, -4.23775577545, 9.0640745163, 18.2132892609, 87.2087402344, 24.2421550751, -3.40956950188, -11.2076931], [41.1179428101, -37.4197692871, 55.253780365, -26.0734424591, -0.430331319571, -2.48400807381, 5.36252880096, 4.65471315384, -12.5695524216, 24.2421550751, 82.0322341919, 19.7662467957, -2.34585952759], [87.2189407349, -9.68418502808, -27.2997379303, 6.32540130615, 10.1764965057, -9.7803144455, 17.7249946594, 23.5388851166, -9.64110088348, -3.40956950188, 19.7662467957, 68.7738189697, 17.1905498505], [-10.0788812637, -16.3132820129, 36.8120346069, 16.5853424072, -1.05224716663, 18.994852066, -5.44220733643, -12.9320201874, 15.3884916306, -11.2076931, -2.34585952759, 17.1905498505, 67.8739242554]],
        "icov": [[0.000540822104085, 0.000613020732999, 0.000423580553615, 0.00043806413305, 1.26536460812e-005, 0.000278577965219, -3.75528652512e-005, -0.000153982269694, 0.000152688866365, 0.000171728053829, -8.25926617836e-005, -0.000278467021417, -0.000157831964316], [0.000613020732999, 0.00177335634362, 0.000638522498775, -0.000466852245154, 0.000242722147959, 0.000685449922457, -0.000273662473774, 0.000246857933234, 0.000218076893361, -0.000194647407625, 9.45236388361e-005, -0.000214475716348, 9.80511395028e-005], [0.000423580553615, 0.000638522498775, 0.00234304531477, 0.00106488785241, 0.000512185913976, -0.000125054270029, 0.00131279544439, -0.000108696702227, 0.000307158770738, 0.00038501759991, -0.00155908009037, 0.000866985530593, -0.0014666588977], [0.00043806413305, -0.000466852245154, 0.00106488785241, 0.00700561562553, -0.00196054740809, -0.000540835200809, -0.000435324007412, 0.00271225138567, -0.00194588152226, 0.00145285006147, 0.000579817744438, -0.00166023510974, -0.000612138479482], [1.26536460812e-005, 0.000242722147959, 0.000512185913976, -0.00196054740809, 0.00963003188372, -0.00174537871499, 0.000726860482246, -2.11824662983e-005, 0.00113740516827, -0.00205673580058, 0.000296357582556, -0.00167688878719, 0.000790947233327], [0.000278577965219, 0.000685449922457, -0.000125054270029, -0.000540835200809, -0.00174537871499, 0.0120458938181, -0.00369264790788, 0.00361380493268, -0.00214902753942, 0.00168973219115, -0.000919353507925, 0.00207368517295, -0.00239034276456], [-3.75528652512e-005, -0.000273662473774, 0.00131279544439, -0.000435324007412, 0.000726860482246, -0.00369264790788, 0.0130128208548, -0.00669450312853, 0.00324665382504, 0.000224310948397, -0.00125481747091, -0.000156229900313, -0.000567278009839], [-0.000153982269694, 0.000246857933234, -0.000108696702227, 0.00271225138567, -2.11824662983e-005, 0.00361380493268, -0.00669450312853, 0.0122969448566, -0.000970814260654, -0.000964817067143, 0.0018730785232, -0.00303128594533, 0.00112042657565], [0.000152688866365, 0.000218076893361, 0.000307158770738, -0.00194588152226, 0.00113740516827, -0.00214902753942, 0.00324665382504, -0.000970814260654, 0.00982595793903, -0.00313753914088, 0.00125456403475, 0.000455711851828, -0.00173951976467], [0.000171728053829, -0.000194647407625, 0.00038501759991, 0.00145285006147, -0.00205673580058, 0.00168973219115, 0.000224310948397, -0.000964817067143, -0.00313753914088, 0.0147336609662, -0.00519390916452, 0.00207886914723, 0.00118249771185], [-8.25926617836e-005, 9.45236388361e-005, -0.00155908009037, 0.000579817744438, 0.000296357582556, -0.000919353507925, -0.00125481747091, 0.0018730785232, 0.00125456403475, -0.00519390916452, 0.0168302413076, -0.00654774252325, 0.00233046221547], [-0.000278467021417, -0.000214475716348, 0.000866985530593, -0.00166023510974, -0.00167688878719, 0.00207368517295, -0.000156229900313, -0.00303128594533, 0.000455711851828, 0.00207886914723, -0.00654774252325, 0.0206736233085, -0.00657622981817], [-0.000157831964316, 9.80511395028e-005, -0.0014666588977, -0.000612138479482, 0.000790947233327, -0.00239034276456, -0.000567278009839, 0.00112042657565, -0.00173951976467, 0.00118249771185, 0.00233046221547, -0.00657622981817, 0.0188633296639]]
    },
    "spectral_contrast_coeffs": {
        "mean": [-0.628926873207, -0.717640817165, -0.772843003273, -0.758987307549, -0.77814745903, -0.74572044611],
        "var": [0.00464178109542, 0.00516964867711, 0.00268007279374, 0.00337514304556, 0.00255614705384, 0.00165105063934]
    },
    "spectral_contrast_valleys": {
        "mean": [-6.49187326431, -6.74688959122, -7.69542503357, -7.91644239426, -7.77015781403, -11.0458593369],
        "var": [0.955061852932, 1.10650467873, 1.20371901989, 1.10337901115, 1.13627851009, 1.7687779665]
    }
},
"metadata": {
    "audio_properties": {
        "analysis_sample_rate": 44100,
        "bit_rate": 105585,
        "equal_loudness": 0,
        "length": 45.0612258911,
        "lossless": 0,
        "replay_gain": -10.0101509094,
        "sample_rate": 44100,
        "codec": "mp3",
        "downmix": "mix",
        "md5_encoded": "770c437f32b0aac2496777e7f43ee19c"
    },
    "tags": {
        "file_name": "275.mp3"
    },
    "version": {
        "essentia": "2.1-beta2",
        "essentia_git_sha": "v2.1_beta2",
        "extractor": "music 1.0"
    }
},
"rhythm": {
    "beats_count": 118,
    "beats_loudness": {
        "mean": 0.0461802110076,
        "var": 0.000467125733849
    },
    "bpm": 155.826660156,
    "bpm_histogram_first_peak_bpm": {
        "mean": 157,
        "var": 0
    },
    "bpm_histogram_first_peak_spread": {
        "mean": 0.421568632126,
        "var": 0
    },
    "bpm_histogram_first_peak_weight": {
        "mean": 0.504273533821,
        "var": 0
    },
    "bpm_histogram_second_peak_bpm": {
        "mean": 152,
        "var": 0
    },
    "bpm_histogram_second_peak_spread": {
        "mean": 0,
        "var": 0
    },
    "bpm_histogram_second_peak_weight": {
        "mean": 0.102564103901,
        "var": 0
    },
    "danceability": 1.2654081583,
    "onset_rate": 3.01675581932,
    "beats_loudness_band_ratio": {
        "mean": [0.592228055, 0.204127162695, 0.110324755311, 0.0395596697927, 0.0630233287811, 0.0293354578316],
        "var": [0.0358494445682, 0.018131153658, 0.00743464706466, 0.00233683991246, 0.00323783280328, 0.000349732930772]
    },
    "beats_position": [0.325079351664, 0.673378646374, 1.05650794506, 1.43963718414, 1.8111563921, 2.18267560005, 2.55419492722, 2.94893407822, 3.34367346764, 3.73841261864, 4.1099319458, 4.5046710968, 4.88780021667, 5.27092981339, 5.65405893326, 6.03718805313, 6.420317173, 6.80344676971, 7.18657588959, 7.56970500946, 7.95283412933, 8.33596324921, 8.71909236908, 9.10222244263, 9.49696159363, 9.8800907135, 10.2632198334, 10.6463489532, 11.0294780731, 11.412607193, 11.7957363129, 12.1672563553, 12.5503854752, 12.933514595, 13.3050336838, 13.6765527725, 14.0712919235, 14.4544210434, 14.8375511169, 15.2322902679, 15.6154193878, 15.9985485077, 16.3816776276, 16.7648067474, 17.1363258362, 17.5310649872, 17.9025840759, 18.2857131958, 18.6688423157, 19.0403633118, 19.4118824005, 19.7950115204, 20.1781406403, 20.5612697601, 20.94439888, 21.3159179688, 21.6874370575, 22.0589561462, 22.4420852661, 22.825214386, 23.1967334747, 23.5914726257, 23.9629936218, 24.3461227417, 24.7176418304, 25.0891609192, 25.4606800079, 25.8321990967, 26.2153282166, 26.5868473053, 26.958366394, 27.3414955139, 27.7246246338, 28.0961437225, 28.4792747498, 28.8624038696, 29.2339229584, 29.6170520782, 29.988571167, 30.3717002869, 30.7432193756, 31.1263484955, 31.4978675842, 31.8809967041, 32.2525177002, 32.6356468201, 33.0187759399, 33.3902931213, 33.7618141174, 34.1333312988, 34.5048522949, 34.8763694763, 35.2478904724, 35.6310195923, 36.0025405884, 36.3856697083, 36.7571868896, 37.1287078857, 37.5118370056, 37.8949661255, 38.2664833069, 38.6612243652, 39.0559616089, 39.4507026672, 39.8338317871, 40.216960907, 40.5884780884, 40.9599990845, 41.3315200806, 41.703037262, 42.0861663818, 42.4692955017, 42.8292045593, 43.1891136169, 43.5722427368, 43.9553718567, 44.3268928528, 44.7100219727]
},
"tonal": {
    "chords_changes_rate": 0.0699588507414,
    "chords_number_rate": 0.00925925932825,
    "chords_strength": {
        "mean": 0.539860725403,
        "var": 0.00708868447691
    },
    "hpcp_entropy": {
        "mean": 1.94273948669,
        "var": 0.569637596607
    },
    "key_strength": 0.813683986664,
    "tuning_diatonic_strength": 0.623503923416,
    "tuning_equal_tempered_deviation": 0.0417591258883,
    "tuning_frequency": 440.763122559,
    "tuning_nontempered_energy_ratio": 0.68577849865,
    "hpcp": {
        "mean": [0.426128566265, 0.239078015089, 0.0466809645295, 0.0295478794724, 0.0390208959579, 0.0605932362378, 0.0947374776006, 0.0890896245837, 0.0668959692121, 0.0585649870336, 0.0376106016338, 0.0299068018794, 0.0328252315521, 0.0352871529758, 0.0896788090467, 0.201525747776, 0.177115008235, 0.0691931173205, 0.0458828099072, 0.0692919418216, 0.212104052305, 0.401513934135, 0.310489743948, 0.106078870595, 0.042571939528, 0.0200219042599, 0.024186950177, 0.0353360138834, 0.0332549773157, 0.0324563570321, 0.0440727509558, 0.0580527931452, 0.0664813295007, 0.0650153309107, 0.0831685736775, 0.272353172302],
        "var": [0.187718421221, 0.0758908241987, 0.0129562774673, 0.0121633931994, 0.0154007459059, 0.0172321312129, 0.0390958301723, 0.0445173867047, 0.0241938363761, 0.0261055342853, 0.0114849759266, 0.00837711151689, 0.00961319822818, 0.00822187121958, 0.0208395067602, 0.1166132465, 0.102724187076, 0.024863794446, 0.0208653584123, 0.0269470363855, 0.0551394820213, 0.145132303238, 0.118653260171, 0.030627399683, 0.0156929679215, 0.00537396594882, 0.00764797348529, 0.0113603360951, 0.0110436500981, 0.00667849881575, 0.0127092869952, 0.0215835869312, 0.0287427064031, 0.0266085918993, 0.0320632271469, 0.091768309474]
    },
    "chords_histogram": [38.7860069275, 1.74897122383, 2.46913576126, 0.617283940315, 0.308641970158, 15.6378602982, 0, 28.6008224487, 0, 2.26337456703, 0.205761313438, 1.54320991039, 0, 0, 0, 0, 0, 0, 0.514403283596, 3.70370364189, 0, 0, 3.60082316399, 0],
    "thpcp": [1, 0.561046659946, 0.109546668828, 0.0693402960896, 0.091570712626, 0.142194733024, 0.222321346402, 0.209067478776, 0.156985417008, 0.137435019016, 0.0882611572742, 0.0701825767756, 0.0770312845707, 0.0828087031841, 0.210450127721, 0.472922414541, 0.415637493134, 0.162376150489, 0.107673630118, 0.162608072162, 0.497746616602, 0.942236602306, 0.728629291058, 0.24893631041, 0.0999039784074, 0.0469855964184, 0.0567597486079, 0.0829233601689, 0.0780397728086, 0.0761656463146, 0.103425949812, 0.136233046651, 0.156012371182, 0.152572095394, 0.195172488689, 0.639133810997],
    "chords_key": "A",
    "chords_scale": "minor",
    "key_key": "A",
    "key_scale": "minor"
}
}