{
"lowlevel": {
    "average_loudness": 0.925207853317,
    "barkbands_crest": {
        "mean": 10.2324256897,
        "var": 18.6272411346
    },
    "barkbands_flatness_db": {
        "mean": 0.163042515516,
        "var": 0.0034401260782
    },
    "barkbands_kurtosis": {
        "mean": 3.24717545509,
        "var": 53.319732666
    },
    "barkbands_skewness": {
        "mean": 1.18823480606,
        "var": 1.02742934227
    },
    "barkbands_spread": {
        "mean": 18.3621139526,
        "var": 129.47996521
    },
    "dissonance": {
        "mean": 0.454082489014,
        "var": 0.00134476949461
    },
    "dynamic_complexity": 2.7362177372,
    "erbbands_crest": {
        "mean": 11.934223175,
        "var": 36.7615356445
    },
    "erbbands_flatness_db": {
        "mean": 0.19761505723,
        "var": 0.00389957614243
    },
    "erbbands_kurtosis": {
        "mean": 1.40134131908,
        "var": 11.6711483002
    },
    "erbbands_skewness": {
        "mean": 0.541827380657,
        "var": 0.630603432655
    },
    "erbbands_spread": {
        "mean": 29.798330307,
        "var": 252.315429688
    },
    "hfc": {
        "mean": 20.102312088,
        "var": 338.443908691
    },
    "melbands_crest": {
        "mean": 13.8757619858,
        "var": 27.7222537994
    },
    "melbands_flatness_db": {
        "mean": 0.195446386933,
        "var": 0.0056966887787
    },
    "melbands_kurtosis": {
        "mean": 7.09757375717,
        "var": 156.769775391
    },
    "melbands_skewness": {
        "mean": 1.7275094986,
        "var": 1.90435326099
    },
    "melbands_spread": {
        "mean": 24.4648075104,
        "var": 281.159637451
    },
    "pitch_salience": {
        "mean": 0.523893535137,
        "var": 0.0127808107063
    },
    "silence_rate_20dB": {
        "mean": 1,
        "var": 0
    },
    "silence_rate_30dB": {
        "mean": 1,
        "var": 0
    },
    "silence_rate_60dB": {
        "mean": 0.0447761192918,
        "var": 0.0427724719048
    },
    "spectral_centroid": {
        "mean": 1351.36181641,
        "var": 549853.25
    },
    "spectral_complexity": {
        "mean": 18.2732887268,
        "var": 113.566543579
    },
    "spectral_decrease": {
        "mean": -5.26476995333e-009,
        "var": 2.04706042327e-017
    },
    "spectral_energy": {
        "mean": 0.0216938126832,
        "var": 0.000330655777361
    },
    "spectral_energyband_high": {
        "mean": 0.00086767564062,
        "var": 2.53242183135e-006
    },
    "spectral_energyband_low": {
        "mean": 0.00183651433326,
        "var": 1.01822934084e-005
    },
    "spectral_energyband_middle_high": {
        "mean": 0.00780603708699,
        "var": 9.07739959075e-005
    },
    "spectral_energyband_middle_low": {
        "mean": 0.0121806692332,
        "var": 0.000194149935851
    },
    "spectral_entropy": {
        "mean": 7.3933506012,
        "var": 0.286973446608
    },
    "spectral_flux": {
        "mean": 0.0763699412346,
        "var": 0.00197661342099
    },
    "spectral_kurtosis": {
        "mean": 5.1585817337,
        "var": 17.2227993011
    },
    "spectral_rms": {
        "mean": 0.00422783941031,
        "var": 3.29006547872e-006
    },
    "spectral_rolloff": {
        "mean": 1625.87243652,
        "var": 1956210.25
    },
    "spectral_skewness": {
        "mean": 1.50440895557,
        "var": 0.311616808176
    },
    "spectral_spread": {
        "mean": 3834684.25,
        "var": 2.88645473894e+012
    },
    "spectral_strongpeak": {
        "mean": 1.62251031399,
        "var": 3.38268709183
    },
    "zerocrossingrate": {
        "mean": 0.0637904405594,
        "var": 0.00138626957778
    },
    "barkbands": {
        "mean": [1.97242188733e-005, 7.00166710885e-005, 0.000898363883607, 0.00270184851252, 0.00409714132547, 0.000870640797075, 0.000660820282064, 0.00202162051573, 0.00155593000818, 0.00305143417791, 0.000666098494548, 0.0020774435252, 0.000229350072914, 0.000320069462759, 0.000420971860876, 0.000312696734909, 0.000216521773837, 0.000205929914955, 0.00026684810291, 0.000325176806655, 0.000330163049512, 0.000149649029481, 9.7067138995e-005, 6.17481055087e-005, 2.13582407014e-005, 4.52064741694e-005, 9.80494796465e-010],
        "var": [3.05132297207e-009, 3.35576579857e-008, 3.36965467795e-006, 1.73567968886e-005, 5.28753225808e-005, 2.46173908636e-006, 1.3868939277e-006, 3.85091407225e-005, 1.51939611897e-005, 2.40982371906e-005, 9.33187584451e-006, 3.14388998959e-005, 2.21750013907e-007, 3.35679516184e-007, 5.9640518657e-007, 1.77811315893e-007, 1.63810682352e-007, 1.40541374094e-007, 1.87230909887e-007, 3.11072483328e-007, 5.72477745209e-007, 1.09038730045e-007, 3.78214721763e-008, 1.16656400095e-008, 1.71534841886e-009, 1.6437541106e-008, 1.78410682029e-017]
    },
    "erbbands": {
        "mean": [0.00174273760058, 0.0310217402875, 0.715553224087, 5.018201828, 16.91497612, 10.2766990662, 4.9063501358, 8.40022754669, 9.37123775482, 22.7692260742, 38.1968955994, 38.38048172, 41.9965553284, 108.102813721, 48.3392105103, 87.874420166, 14.9328708649, 16.3276290894, 21.9793510437, 17.7627773285, 17.1044063568, 12.1078500748, 9.87885761261, 10.8481636047, 17.7275714874, 14.7835693359, 16.3063297272, 9.28008270264, 5.15096950531, 4.25417232513, 2.73283910751, 1.63118767738, 0.796450972557, 0.333708763123, 0.100609533489, 0.0878068655729, 0.107543885708, 0.0168556664139, 0.000286826223601, 3.60540616384e-005],
        "var": [2.97305377899e-005, 0.00343651720323, 1.766299963, 60.1893806458, 799.829345703, 530.815063477, 57.3983879089, 288.6277771, 230.863708496, 4241.50878906, 8728.75488281, 10607.9082031, 3043.22827148, 35552.046875, 25570.1074219, 54840.40625, 614.106140137, 620.985717773, 1597.57202148, 664.539550781, 392.996551514, 595.191955566, 306.980041504, 277.729370117, 1005.94238281, 640.209838867, 1294.35424805, 380.599487305, 101.58253479, 115.666877747, 26.3458957672, 8.62948894501, 2.01317381859, 0.379962831736, 0.0522991642356, 0.0574469566345, 0.0967949554324, 0.00281922169961, 7.29960845547e-007, 1.5410155374e-009]
    },
    "gfcc": {
        "mean": [-24.7350921631, 95.1602020264, -143.498382568, 15.0247240067, -69.2279434204, 0.203681185842, -29.7026748657, -7.31914567947, -35.6227989197, -15.2635211945, -30.686208725, -11.8742990494, -14.5275793076],
        "cov": [[7035.58056641, -2106.67700195, 200.77696228, -48.3755569458, -428.565490723, 191.136581421, -412.009613037, 203.457351685, -397.889526367, 356.718536377, -352.1199646, 430.793121338, -444.202301025], [-2106.67700195, 2261.84008789, -495.058807373, -104.763519287, 289.241149902, -270.961486816, 323.33404541, -258.603271484, 230.532012939, -299.072906494, 262.34854126, -422.663787842, 306.627410889], [200.77696228, -495.058807373, 814.373352051, 63.5269508362, 10.4008426666, 114.122703552, -191.025146484, 89.9812164307, -60.2490959167, 78.5244216919, -190.449874878, 113.062683105, -149.593795776], [-48.3755569458, -104.763519287, 63.5269508362, 330.672058105, 1.47525465488, 5.17216730118, -33.1994171143, -24.6296234131, 15.1088171005, -35.8227272034, -13.4276742935, -0.151680141687, -6.15879535675], [-428.565490723, 289.241149902, 10.4008426666, 1.47525465488, 225.382476807, 30.5299072266, 55.662612915, -54.9115371704, -7.72099256516, -70.0126190186, -4.58765268326, -45.6657066345, 28.3199234009], [191.136581421, -270.961486816, 114.122703552, 5.17216730118, 30.5299072266, 206.202941895, -4.58973932266, 2.9702091217, -78.6325073242, 3.10894083977, -53.1160888672, 51.5570678711, -28.4528007507], [-412.009613037, 323.33404541, -191.025146484, -33.1994171143, 55.662612915, -4.58973932266, 196.701019287, -31.6218566895, 5.17500925064, -55.0422210693, 69.3641738892, -78.7515029907, 65.7344589233], [203.457351685, -258.603271484, 89.9812164307, -24.6296234131, -54.9115371704, 2.9702091217, -31.6218566895, 142.669082642, 8.18352985382, 45.0557098389, -53.2887229919, 42.1805000305, -41.6494026184], [-397.889526367, 230.532012939, -60.2490959167, 15.1088171005, -7.72099256516, -78.6325073242, 5.17500925064, 8.18352985382, 142.671569824, -13.4681978226, 24.0001449585, -55.6748161316, 32.379737854], [356.718536377, -299.072906494, 78.5244216919, -35.8227272034, -70.0126190186, 3.10894083977, -55.0422210693, 45.0557098389, -13.4681978226, 138.989227295, -1.31952142715, 47.0085792542, -55.6773834229], [-352.1199646, 262.34854126, -190.449874878, -13.4276742935, -4.58765268326, -53.1160888672, 69.3641738892, -53.2887229919, 24.0001449585, -1.31952142715, 149.003189087, -34.7641983032, 53.6480865479], [430.793121338, -422.663787842, 113.062683105, -0.151680141687, -45.6657066345, 51.5570678711, -78.7515029907, 42.1805000305, -55.6748161316, 47.0085792542, -34.7641983032, 163.660720825, -51.4801330566], [-444.202301025, 306.627410889, -149.593795776, -6.15879535675, 28.3199234009, -28.4528007507, 65.7344589233, -41.6494026184, 32.379737854, -55.6773834229, 53.6480865479, -51.4801330566, 128.006347656]],
        "icov": [[0.000314316595905, -0.000133791938424, 0.000411044544308, -9.29385059862e-005, 0.00040293627535, -1.69348459167e-005, 0.000260874658125, 4.79914851894e-005, 0.00075732258847, -0.000569263240322, 0.000931128743105, -0.000390189728932, 0.000689511536621], [-0.000133791938424, 0.00281718350016, -0.000977912917733, 0.0013988976134, -0.00158640323207, 0.00176522170659, -0.000677645206451, 0.00159815116785, -0.00196510343812, 0.00346592161804, -0.00303874001838, 0.00365123338997, -0.0019302170258], [0.000411044544308, -0.000977912917733, 0.00306843454018, -0.000856250233483, 0.000191494444152, -0.00104076100979, 0.00168344052508, -0.00079189252574, 0.0015406915918, -0.00241552432999, 0.003628623439, -0.00161866249982, 0.00230562477373], [-9.29385059862e-005, 0.0013988976134, -0.000856250233483, 0.00407226104289, -0.000416709925048, 0.00067066133488, 0.000231495709158, 0.00149198132567, -0.00160628545564, 0.00313370069489, -0.00182930123992, 0.0018284805119, -0.000598960730713], [0.00040293627535, -0.00158640323207, 0.000191494444152, -0.000416709925048, 0.00747971981764, -0.00159103027545, -0.000775691878516, 0.00116140779573, 0.00177422433626, -0.000128392872284, 0.0031219702214, -0.00152225187048, 0.00174457125831], [-1.69348459167e-005, 0.00176522170659, -0.00104076100979, 0.00067066133488, -0.00159103027545, 0.00827564112842, -0.00189493270591, 0.00169434212148, 0.00169868860394, 0.00173744035419, 0.000337393954396, 0.000663913495373, -0.00130371795967], [0.000260874658125, -0.000677645206451, 0.00168344052508, 0.000231495709158, -0.000775691878516, -0.00189493270591, 0.0101638315246, -0.00265128770843, 0.00267413957044, 0.000814422266558, -0.0021508699283, 0.00249821832404, -0.00024067380582], [4.79914851894e-005, 0.00159815116785, -0.00079189252574, 0.00149198132567, 0.00116140779573, 0.00169434212148, -0.00265128770843, 0.0119622638449, -0.00323255010881, -0.000341739651049, 0.00295747979544, -0.000345629407093, 0.000148533887113], [0.00075732258847, -0.00196510343812, 0.0015406915918, -0.00160628545564, 0.00177422433626, 0.00169868860394, 0.00267413957044, -0.00323255010881, 0.0133655583486, -0.00290386285633, 0.00289980345406, 0.000207387944101, 0.000842680572532], [-0.000569263240322, 0.00346592161804, -0.00241552432999, 0.00313370069489, -0.000128392872284, 0.00173744035419, 0.000814422266558, -0.000341739651049, -0.00290386285633, 0.0169183257967, -0.00863843224943, 0.00447695842013, 0.000449542189017], [0.000931128743105, -0.00303874001838, 0.003628623439, -0.00182930123992, 0.0031219702214, 0.000337393954396, -0.0021508699283, 0.00295747979544, 0.00289980345406, -0.00863843224943, 0.0185525696725, -0.00597681617364, 0.00144380156416], [-0.000390189728932, 0.00365123338997, -0.00161866249982, 0.0018284805119, -0.00152225187048, 0.000663913495373, 0.00249821832404, -0.000345629407093, 0.000207387944101, 0.00447695842013, -0.00597681617364, 0.015125490725, -0.00233214139007], [0.000689511536621, -0.0019302170258, 0.00230562477373, -0.000598960730713, 0.00174457125831, -0.00130371795967, -0.00024067380582, 0.000148533887113, 0.000842680572532, 0.000449542189017, 0.00144380156416, -0.00233214139007, 0.0154296420515]]
    },
    "melbands": {
        "mean": [1.69837803696e-005, 0.000252829486271, 0.00130547804292, 0.00105089868885, 0.000206023920327, 0.000183667056262, 0.000142012824654, 0.000318016624078, 0.000279659085209, 0.000252610887401, 0.000214837578824, 0.000465560093289, 0.000114171867608, 0.000264130154392, 8.96599085536e-005, 2.61647492152e-005, 3.02099888358e-005, 3.31634655595e-005, 3.05265493807e-005, 2.16893004108e-005, 1.94377098524e-005, 1.38127161335e-005, 7.5901443779e-006, 1.02280891952e-005, 8.19686556497e-006, 1.07472751552e-005, 1.3601498722e-005, 8.92328262125e-006, 1.05443423308e-005, 8.38026062411e-006, 4.53814891443e-006, 2.8672238841e-006, 2.80003814623e-006, 2.10175085158e-006, 1.70949067524e-006, 1.15961211122e-006, 9.11666347747e-007, 5.92888000028e-007, 4.00593251015e-007, 2.36859008851e-007],
        "var": [2.35798047754e-009, 2.41978426629e-007, 3.8930302253e-006, 3.66784411199e-006, 1.24619219832e-007, 1.24195153717e-007, 5.38920943427e-008, 1.04190826278e-006, 4.11427805602e-007, 4.89325884701e-007, 8.2363747822e-008, 6.75061357924e-007, 2.32494741681e-007, 5.70850431814e-007, 3.9595580148e-008, 3.40423689238e-009, 2.49336395974e-009, 3.97895183468e-009, 3.19235504698e-009, 1.2415896089e-009, 5.64151836357e-010, 9.68709112925e-010, 1.82795278914e-010, 3.68612362855e-010, 1.8298845772e-010, 2.83281648139e-010, 7.72525932113e-010, 2.48275761061e-010, 4.08229311466e-010, 6.57706111795e-010, 1.06487180185e-010, 3.32689882587e-011, 5.59878879369e-011, 2.79164816264e-011, 1.10094910619e-011, 4.58485766713e-012, 2.67255423521e-012, 1.12874911241e-012, 5.98220908574e-013, 2.00718958056e-013]
    },
    "mfcc": {
        "mean": [-659.463378906, 126.03302002, -21.1550960541, 13.3014669418, -20.5345287323, 1.09396123886, -1.28221011162, -0.823661148548, -2.1953368187, -2.10239458084, -19.8904800415, -11.9349708557, -7.76035118103],
        "cov": [[4744.16845703, -1727.8157959, 153.96144104, -187.315155029, -127.473060608, -45.4839324951, -119.393409729, -39.8472442627, -177.929916382, -59.0048561096, 51.5003089905, 42.653427124, -110.77633667], [-1727.8157959, 1851.76452637, -392.211761475, 60.638420105, -28.3973236084, -7.78071451187, 123.229507446, -52.9788322449, 62.1739845276, 36.9044837952, -15.3775033951, -42.8995704651, 45.3734588623], [153.96144104, -392.211761475, 598.154174805, 15.7357358932, 137.218093872, 21.8320484161, -92.8832397461, 12.6020374298, 23.1186218262, -16.6336765289, 15.6043491364, -10.7597570419, -37.4429855347], [-187.315155029, 60.638420105, 15.7357358932, 250.20513916, 38.0677947998, -4.01764774323, -22.4295005798, 1.50798726082, 3.27479696274, -4.3016371727, 3.17186665535, 10.2677402496, -7.98053455353], [-127.473060608, -28.3973236084, 137.218093872, 38.0677947998, 195.876708984, 50.112903595, -24.6254367828, 22.1100673676, 21.8510169983, -19.0579833984, -23.7536945343, -15.3519287109, -20.9367656708], [-45.4839324951, -7.78071451187, 21.8320484161, -4.01764774323, 50.112903595, 165.274856567, 62.4123497009, 16.0899200439, -19.6272373199, -4.05240678787, -36.9173278809, -38.0181770325, 4.36667013168], [-119.393409729, 123.229507446, -92.8832397461, -22.4295005798, -24.6254367828, 62.4123497009, 174.519134521, 16.777721405, -8.51251602173, 1.22285354137, -22.1669864655, -9.95714473724, 4.0356554985], [-39.8472442627, -52.9788322449, 12.6020374298, 1.50798726082, 22.1100673676, 16.0899200439, 16.777721405, 111.468467712, 27.7327575684, -12.9116134644, -31.5771903992, -16.1317749023, 9.79590606689], [-177.929916382, 62.1739845276, 23.1186218262, 3.27479696274, 21.8510169983, -19.6272373199, -8.51251602173, 27.7327575684, 108.176139832, 30.4903945923, -16.7230110168, -15.047457695, -3.95581793785], [-59.0048561096, 36.9044837952, -16.6336765289, -4.3016371727, -19.0579833984, -4.05240678787, 1.22285354137, -12.9116134644, 30.4903945923, 94.4585647583, 13.7323493958, -14.5209703445, -3.87234282494], [51.5003089905, -15.3775033951, 15.6043491364, 3.17186665535, -23.7536945343, -36.9173278809, -22.1669864655, -31.5771903992, -16.7230110168, 13.7323493958, 102.308746338, 40.3549919128, -12.0541172028], [42.653427124, -42.8995704651, -10.7597570419, 10.2677402496, -15.3519287109, -38.0181770325, -9.95714473724, -16.1317749023, -15.047457695, -14.5209703445, 40.3549919128, 99.5525436401, 11.025229454], [-110.77633667, 45.3734588623, -37.4429855347, -7.98053455353, -20.9367656708, 4.36667013168, 4.0356554985, 9.79590606689, -3.95581793785, -3.87234282494, -12.0541172028, 11.025229454, 84.7964477539]],
        "icov": [[0.000369793502614, 0.000341094942996, 0.000106753599539, 0.000174501721631, 0.000190376260434, 5.35494873475e-005, 0.000100418903457, 0.000131505672471, 0.000331129180267, 9.80614204309e-005, 2.98488903354e-005, 7.08303923602e-005, 0.000403372512665], [0.000341094942996, 0.00105228472967, 0.000581523985602, -6.7387787567e-005, -0.000151359447045, 0.000246820563916, -0.000401456025429, 0.000751008396037, -0.000332684547175, 0.000223343929974, -0.000243695292738, 0.000622350547928, -0.000105641694972], [0.000106753599539, 0.000581523985602, 0.00257625454105, 7.55475921324e-005, -0.00141182250809, -0.000339197868016, 0.000814328610431, 0.000238473701756, -0.000666639243718, 0.000463865551865, -0.000902999774553, 0.000540643406566, 0.000366983615095], [0.000174501721631, -6.7387787567e-005, 7.55475921324e-005, 0.00434910552576, -0.000716270355042, 2.60995439021e-005, 0.000654966454022, -0.000232157166465, 0.000396047893446, -5.27340271219e-005, 7.93459039414e-005, -0.000667480926495, 0.000638279947452], [0.000190376260434, -0.000151359447045, -0.00141182250809, -0.000716270355042, 0.00791870523244, -0.0027864575386, 0.00155808147974, -0.000672545516863, -0.00135353102814, 0.00150308711454, 0.00117318553384, -0.000704590638634, 0.00200496474281], [5.35494873475e-005, 0.000246820563916, -0.000339197868016, 2.60995439021e-005, -0.0027864575386, 0.0096645578742, -0.00363842118531, -2.87686125375e-005, 0.00290407775901, -0.00100238726009, 0.0014674293343, 0.00277640111744, -0.00128131522797], [0.000100418903457, -0.000401456025429, 0.000814328610431, 0.000654966454022, 0.00155808147974, -0.00363842118531, 0.00827883370221, -0.0014257542789, 0.00028481107438, -9.69669126789e-005, 0.00085244566435, -0.00121929252055, 0.00139854918234], [0.000131505672471, 0.000751008396037, 0.000238473701756, -0.000232157166465, -0.000672545516863, -2.87686125375e-005, -0.0014257542789, 0.0116125596687, -0.00351567170583, 0.00233583478257, 0.00153565849178, 0.00130472483579, -0.00159351946786], [0.000331129180267, -0.000332684547175, -0.000666639243718, 0.000396047893446, -0.00135353102814, 0.00290407775901, 0.00028481107438, -0.00351567170583, 0.0137401754037, -0.00514630274847, 0.00259105931036, 0.000123818856082, 0.0010205534054], [9.80614204309e-005, 0.000223343929974, 0.000463865551865, -5.27340271219e-005, 0.00150308711454, -0.00100238726009, -9.69669126789e-005, 0.00233583478257, -0.00514630274847, 0.0137922307476, -0.00323629495688, 0.0028821285814, -7.90499252616e-005], [2.98488903354e-005, -0.000243695292738, -0.000902999774553, 7.93459039414e-005, 0.00117318553384, 0.0014674293343, 0.00085244566435, 0.00153565849178, 0.00259105931036, -0.00323629495688, 0.0146184815094, -0.00543480040506, 0.0025320420973], [7.08303923602e-005, 0.000622350547928, 0.000540643406566, -0.000667480926495, -0.000704590638634, 0.00277640111744, -0.00121929252055, 0.00130472483579, 0.000123818856082, 0.0028821285814, -0.00543480040506, 0.0144238965586, -0.00298478663899], [0.000403372512665, -0.000105641694972, 0.000366983615095, 0.000638279947452, 0.00200496474281, -0.00128131522797, 0.00139854918234, -0.00159351946786, 0.0010205534054, -7.90499252616e-005, 0.0025320420973, -0.00298478663899, 0.0140691176057]]
    },
    "spectral_contrast_coeffs": {
        "mean": [-0.508876681328, -0.739534437656, -0.718584179878, -0.776073157787, -0.78873693943, -0.715750157833],
        "var": [0.00598971452564, 0.00630368664861, 0.00516452360898, 0.00226682587527, 0.00138167652767, 0.00220420397818]
    },
    "spectral_contrast_valleys": {
        "mean": [-8.56918334961, -6.91428518295, -7.09633159637, -7.80732107162, -7.67036724091, -10.9382696152],
        "var": [0.888647258282, 1.10688924789, 1.05415320396, 1.09690582752, 1.2706233263, 2.18242001534]
    }
},
"metadata": {
    "audio_properties": {
        "analysis_sample_rate": 44100,
        "bit_rate": 107329,
        "equal_loudness": 0,
        "length": 45.0873451233,
        "lossless": 0,
        "replay_gain": -9.02289390564,
        "sample_rate": 44100,
        "codec": "mp3",
        "downmix": "mix",
        "md5_encoded": "d40c66e0cc5c1e40ff61989805fb606d"
    },
    "tags": {
        "file_name": "276.mp3"
    },
    "version": {
        "essentia": "2.1-beta2",
        "essentia_git_sha": "v2.1_beta2",
        "extractor": "music 1.0"
    }
},
"rhythm": {
    "beats_count": 118,
    "beats_loudness": {
        "mean": 0.0350772105157,
        "var": 0.000270804244792
    },
    "bpm": 155.635467529,
    "bpm_histogram_first_peak_bpm": {
        "mean": 157,
        "var": 0
    },
    "bpm_histogram_first_peak_spread": {
        "mean": 0.405940562487,
        "var": 0
    },
    "bpm_histogram_first_peak_weight": {
        "mean": 0.512820541859,
        "var": 0
    },
    "bpm_histogram_second_peak_bpm": {
        "mean": 152,
        "var": 0
    },
    "bpm_histogram_second_peak_spread": {
        "mean": 0,
        "var": 0
    },
    "bpm_histogram_second_peak_weight": {
        "mean": 0.136752143502,
        "var": 0
    },
    "danceability": 1.30891752243,
    "onset_rate": 4.76668071747,
    "beats_loudness_band_ratio": {
        "mean": [0.359412044287, 0.196590349078, 0.212595909834, 0.189458236098, 0.0602260753512, 0.0734418854117],
        "var": [0.0574590824544, 0.01367574092, 0.0379038378596, 0.0270553771406, 0.00231599085964, 0.00636227661744]
    },
    "beats_position": [0.371519267559, 0.766258478165, 1.14938771725, 1.53251695633, 1.91564619541, 2.29877543449, 2.68190479279, 3.06503391266, 3.43655323982, 3.80807256699, 4.19120168686, 4.57433080673, 4.96907043457, 5.36380958557, 5.74693870544, 6.13006782532, 6.51319694519, 6.8963265419, 7.26784563065, 7.65097475052, 8.03410434723, 8.4172334671, 8.80036258698, 9.18349170685, 9.56662082672, 9.94974994659, 10.321269989, 10.7043991089, 11.0759181976, 11.4474372864, 11.8305664063, 12.2253055573, 12.6084346771, 13.0031747818, 13.3863039017, 13.7578229904, 14.1409521103, 14.5356912613, 14.9304304123, 15.3135595322, 15.7082986832, 16.0914287567, 16.4629478455, 16.8460769653, 17.2292060852, 17.600725174, 17.9722442627, 18.3553733826, 18.7385025024, 19.1100215912, 19.4815406799, 19.853061676, 20.2361907959, 20.6193199158, 21.0140590668, 21.3971881866, 21.7803173065, 22.1518363953, 22.523355484, 22.9064846039, 23.2896137238, 23.6611328125, 24.0326519012, 24.4157810211, 24.7989120483, 25.1820411682, 25.5651702881, 25.9366893768, 26.3082084656, 26.6797275543, 27.0512466431, 27.4343757629, 27.8175048828, 28.1890239716, 28.5837631226, 28.9668922424, 29.3500213623, 29.7215423584, 30.1162815094, 30.4878005981, 30.8593196869, 31.2424488068, 31.6255779266, 31.9970970154, 32.3686180115, 32.7401351929, 33.1348762512, 33.5180053711, 33.901134491, 34.2726516724, 34.6441726685, 35.0273017883, 35.4104309082, 35.7935600281, 36.1766891479, 36.5714263916, 36.9429473877, 37.3144645691, 37.6859855652, 38.0575065613, 38.4290237427, 38.8005447388, 39.1952819824, 39.5784111023, 39.9615402222, 40.344669342, 40.7277984619, 41.1109275818, 41.4940567017, 41.8655776978, 42.2603149414, 42.6318359375, 43.0265769958, 43.3980941772, 43.7696151733, 44.1411323547, 44.5242614746, 44.9073905945]
},
"tonal": {
    "chords_changes_rate": 0.0823045298457,
    "chords_number_rate": 0.00823045242578,
    "chords_strength": {
        "mean": 0.4894143641,
        "var": 0.00544779049233
    },
    "hpcp_entropy": {
        "mean": 2.07019519806,
        "var": 0.421475082636
    },
    "key_strength": 0.609092116356,
    "tuning_diatonic_strength": 0.481871366501,
    "tuning_equal_tempered_deviation": 0.0980466604233,
    "tuning_frequency": 442.293365479,
    "tuning_nontempered_energy_ratio": 0.747120082378,
    "hpcp": {
        "mean": [0.367223531008, 0.232049718499, 0.106092751026, 0.151021018624, 0.13952820003, 0.0721814706922, 0.0473872944713, 0.0727412700653, 0.12550675869, 0.168174490333, 0.168704763055, 0.15802654624, 0.152596026659, 0.147615402937, 0.208906903863, 0.275722801685, 0.186423942447, 0.0652033761144, 0.0474086776376, 0.0785504281521, 0.110965386033, 0.0873307958245, 0.0804496854544, 0.165602982044, 0.271777361631, 0.247761249542, 0.168450295925, 0.14531981945, 0.172540053725, 0.25745883584, 0.254323899746, 0.139415070415, 0.0682729259133, 0.0789657011628, 0.100514441729, 0.233932510018],
        "var": [0.131986826658, 0.0555810928345, 0.0279602967203, 0.0405472479761, 0.0375386662781, 0.0125760901719, 0.00777417328209, 0.015177089721, 0.0330773964524, 0.0538256131113, 0.0589128807187, 0.059806831181, 0.0520640052855, 0.0452520251274, 0.0589241608977, 0.0862756073475, 0.0487611666322, 0.0136977732182, 0.011480409652, 0.0260170213878, 0.0507007241249, 0.0305608212948, 0.0255023986101, 0.0707368403673, 0.112209014595, 0.0981593132019, 0.064057521522, 0.0549407936633, 0.0627869516611, 0.0970654785633, 0.092597015202, 0.0423127561808, 0.020519239828, 0.0229324996471, 0.032667517662, 0.0558076426387]
    },
    "chords_histogram": [43.2098770142, 10.6995887756, 0.102880656719, 0.925925910473, 0, 0, 0.720164597034, 18.41563797, 10.1851854324, 3.39506173134, 0, 0, 0, 0, 0, 0, 4.42386817932, 0.617283940315, 0, 0, 0, 0, 2.67489719391, 4.62962961197],
    "thpcp": [1, 0.631903171539, 0.288905113935, 0.411250919104, 0.379954397678, 0.196560040116, 0.129042103887, 0.198084443808, 0.34177210927, 0.457962185144, 0.459406197071, 0.430327951908, 0.415539890528, 0.401976972818, 0.568882107735, 0.750830948353, 0.507657945156, 0.177557721734, 0.129100322723, 0.213903576136, 0.302173942327, 0.237813726068, 0.219075515866, 0.45095962286, 0.740086972713, 0.674687862396, 0.458713233471, 0.395725786686, 0.469850212336, 0.701095700264, 0.692558825016, 0.379646331072, 0.185916528106, 0.215034425259, 0.273714601994, 0.637030303478],
    "chords_key": "D",
    "chords_scale": "minor",
    "key_key": "D",
    "key_scale": "minor"
}
}