{
"lowlevel": {
    "average_loudness": 0.924562573433,
    "barkbands_crest": {
        "mean": 11.2230081558,
        "var": 14.0262556076
    },
    "barkbands_flatness_db": {
        "mean": 0.215646505356,
        "var": 0.00435239169747
    },
    "barkbands_kurtosis": {
        "mean": 11.6928453445,
        "var": 172.355041504
    },
    "barkbands_skewness": {
        "mean": 2.36253547668,
        "var": 1.36128163338
    },
    "barkbands_spread": {
        "mean": 8.48336219788,
        "var": 42.1208496094
    },
    "dissonance": {
        "mean": 0.424020081758,
        "var": 0.0023070757743
    },
    "dynamic_complexity": 2.89244151115,
    "erbbands_crest": {
        "mean": 11.1198158264,
        "var": 32.7185211182
    },
    "erbbands_flatness_db": {
        "mean": 0.200991198421,
        "var": 0.00384957669303
    },
    "erbbands_kurtosis": {
        "mean": 3.13941884041,
        "var": 47.0127716064
    },
    "erbbands_skewness": {
        "mean": 1.25857567787,
        "var": 0.936095833778
    },
    "erbbands_spread": {
        "mean": 27.26679039,
        "var": 215.426956177
    },
    "hfc": {
        "mean": 7.97881221771,
        "var": 50.1988677979
    },
    "melbands_crest": {
        "mean": 15.3436040878,
        "var": 32.3053970337
    },
    "melbands_flatness_db": {
        "mean": 0.280869930983,
        "var": 0.00605099461973
    },
    "melbands_kurtosis": {
        "mean": 18.8468608856,
        "var": 340.042541504
    },
    "melbands_skewness": {
        "mean": 2.88829445839,
        "var": 1.77126121521
    },
    "melbands_spread": {
        "mean": 8.79511833191,
        "var": 68.4229431152
    },
    "pitch_salience": {
        "mean": 0.585145652294,
        "var": 0.0134775973856
    },
    "silence_rate_20dB": {
        "mean": 1,
        "var": 0
    },
    "silence_rate_30dB": {
        "mean": 0.991761088371,
        "var": 0.00817093998194
    },
    "silence_rate_60dB": {
        "mean": 0.0417095795274,
        "var": 0.0399696938694
    },
    "spectral_centroid": {
        "mean": 572.096191406,
        "var": 252034.375
    },
    "spectral_complexity": {
        "mean": 11.1256437302,
        "var": 22.213760376
    },
    "spectral_decrease": {
        "mean": -5.24344878627e-009,
        "var": 2.57143585616e-017
    },
    "spectral_energy": {
        "mean": 0.0205136686563,
        "var": 0.000388251122786
    },
    "spectral_energyband_high": {
        "mean": 0.000116274663014,
        "var": 5.90183439897e-008
    },
    "spectral_energyband_low": {
        "mean": 0.00275043747388,
        "var": 1.08286221803e-005
    },
    "spectral_energyband_middle_high": {
        "mean": 0.0013269338524,
        "var": 1.87585396816e-006
    },
    "spectral_energyband_middle_low": {
        "mean": 0.0172471068799,
        "var": 0.000342867075233
    },
    "spectral_entropy": {
        "mean": 6.78401756287,
        "var": 0.428922057152
    },
    "spectral_flux": {
        "mean": 0.0577106140554,
        "var": 0.00105738290586
    },
    "spectral_kurtosis": {
        "mean": 12.5703687668,
        "var": 141.502243042
    },
    "spectral_rms": {
        "mean": 0.00407443894073,
        "var": 3.41230952472e-006
    },
    "spectral_rolloff": {
        "mean": 614.668884277,
        "var": 794836.875
    },
    "spectral_skewness": {
        "mean": 2.5896589756,
        "var": 1.00770664215
    },
    "spectral_spread": {
        "mean": 3561246.75,
        "var": 4.06088502477e+012
    },
    "spectral_strongpeak": {
        "mean": 0.781863391399,
        "var": 0.461770325899
    },
    "zerocrossingrate": {
        "mean": 0.0311539527029,
        "var": 0.000701603130437
    },
    "barkbands": {
        "mean": [8.63787408889e-006, 0.000986315775663, 0.000879409024492, 0.00246204645373, 0.00791823957115, 0.00400900002569, 0.00148833054118, 0.000441735319328, 0.000816753075924, 0.000343370978953, 0.000346461543813, 0.00017898491933, 9.93541907519e-005, 6.63160462864e-005, 6.49555440759e-005, 8.43360467115e-005, 7.1711736382e-005, 8.55399121065e-005, 3.27527377522e-005, 2.42278329097e-005, 1.95743414224e-005, 2.42766327574e-005, 1.63482472999e-005, 2.3129668989e-005, 1.28362598844e-005, 9.06263085199e-006, 8.10696731968e-010],
        "var": [2.54992582605e-009, 2.79653295365e-006, 1.71336705534e-006, 9.11615552468e-006, 9.16597928153e-005, 8.03584916866e-005, 3.25510086441e-006, 3.96368932343e-007, 2.71271892416e-006, 3.13784255468e-007, 2.88548449134e-007, 9.16740461321e-008, 3.69256376587e-008, 1.88421136471e-008, 2.86185564136e-008, 5.08492874474e-008, 1.24166978921e-008, 2.54194869598e-008, 4.05507982748e-009, 3.35508332228e-009, 1.36567335218e-009, 2.67139865784e-009, 1.91360571833e-009, 2.56639531848e-009, 1.27414834239e-009, 6.84860224087e-010, 2.49216655904e-018]
    },
    "erbbands": {
        "mean": [0.00726510630921, 0.290666908026, 1.11918568611, 4.52337551117, 16.3934135437, 24.154712677, 58.4657821655, 14.5473718643, 24.1109333038, 9.53182792664, 12.1440210342, 21.4369773865, 11.2072296143, 9.96803760529, 12.4336051941, 6.17074251175, 5.08741188049, 3.91771674156, 2.63793826103, 3.77264428139, 5.74753475189, 4.46786975861, 4.85167455673, 2.27516508102, 1.63151788712, 1.08766233921, 0.910746514797, 0.749850392342, 0.861361384392, 0.600345492363, 0.474647879601, 0.481590330601, 0.378797829151, 0.149224221706, 0.0924716219306, 0.0498258434236, 0.0154709434137, 0.000956267816946, 2.95488553093e-005, 2.42199857894e-005],
        "var": [0.000108875348815, 0.243248552084, 3.19619274139, 22.0001735687, 627.787597656, 619.176818848, 20819.4101563, 482.528198242, 967.359863281, 89.6856689453, 225.704818726, 1979.95678711, 443.809356689, 114.186820984, 281.909301758, 78.038444519, 78.693107605, 60.9455490112, 18.0604782104, 76.4707489014, 240.440719604, 50.7544288635, 74.0692138672, 15.1279010773, 14.9675779343, 5.19191026688, 3.36009907722, 1.82308983803, 3.32775592804, 2.05982637405, 1.50800645351, 1.61384284496, 0.655503690243, 0.142543882132, 0.087734721601, 0.0221305340528, 0.00236296630464, 1.18398957056e-005, 4.36365477086e-009, 5.04534691803e-010]
    },
    "gfcc": {
        "mean": [-71.2897109985, 138.936721802, -105.346382141, 19.0109844208, -69.2388000488, 0.28924331069, -47.8111991882, -1.35238933563, -29.6696834564, -17.3756523132, -16.1984500885, -4.64675283432, -6.69429111481],
        "cov": [[6520.90087891, -1449.67260742, -272.370056152, 284.148529053, -344.553100586, 287.573425293, -407.643829346, 388.457458496, -348.814941406, 335.718566895, -348.296142578, 321.153656006, -254.192443848], [-1449.67260742, 1698.01940918, -167.705490112, -134.371368408, 187.282943726, -248.745025635, 254.340698242, -331.074279785, 330.625518799, -326.738189697, 372.311889648, -247.294235229, 271.554443359], [-272.370056152, -167.705490112, 405.850891113, 43.7208824158, 29.356470108, 39.8843650818, -13.6103982925, 16.9757442474, -70.2816772461, 84.0471343994, -34.4921112061, 78.1964950562, -24.7575931549], [284.148529053, -134.371368408, 43.7208824158, 215.591201782, 44.6709213257, 74.1785736084, -5.13610601425, 25.0531024933, -13.2938194275, 17.4216823578, -8.13657951355, 24.1131706238, 2.42745709419], [-344.553100586, 187.282943726, 29.356470108, 44.6709213257, 173.037872314, 3.44966220856, 42.4300079346, -44.8303642273, 37.0467720032, -40.4400482178, 37.2895812988, -16.7455196381, 27.4993839264], [287.573425293, -248.745025635, 39.8843650818, 74.1785736084, 3.44966220856, 177.112854004, 10.7913322449, 88.3996276855, -54.6099433899, 66.2273712158, -43.6907844543, 40.3648757935, -41.7053794861], [-407.643829346, 254.340698242, -13.6103982925, -5.13610601425, 42.4300079346, 10.7913322449, 143.853347778, -25.5924854279, 64.1113357544, -37.7430419922, 70.1942672729, -26.0727310181, 32.3157920837], [388.457458496, -331.074279785, 16.9757442474, 25.0531024933, -44.8303642273, 88.3996276855, -25.5924854279, 173.365402222, -32.913143158, 88.0111236572, -88.3043518066, 35.1488494873, -73.7797088623], [-348.814941406, 330.625518799, -70.2816772461, -13.2938194275, 37.0467720032, -54.6099433899, 64.1113357544, -32.913143158, 149.550765991, -51.378036499, 76.9306106567, -68.7913208008, 49.8143539429], [335.718566895, -326.738189697, 84.0471343994, 17.4216823578, -40.4400482178, 66.2273712158, -37.7430419922, 88.0111236572, -51.378036499, 147.58744812, -55.9189071655, 70.6457138062, -60.866027832], [-348.296142578, 372.311889648, -34.4921112061, -8.13657951355, 37.2895812988, -43.6907844543, 70.1942672729, -88.3043518066, 76.9306106567, -55.9189071655, 165.384902954, -25.6786212921, 82.1614608765], [321.153656006, -247.294235229, 78.1964950562, 24.1131706238, -16.7455196381, 40.3648757935, -26.0727310181, 35.1488494873, -68.7913208008, 70.6457138062, -25.6786212921, 132.665527344, -15.1996917725], [-254.192443848, 271.554443359, -24.7575931549, 2.42745709419, 27.4993839264, -41.7053794861, 32.3157920837, -73.7797088623, 49.8143539429, -60.866027832, 82.1614608765, -15.1996917725, 108.316444397]],
        "icov": [[0.00033890909981, -0.000414679554524, 0.000525876763277, -0.000623254687525, 0.000507492106408, -0.000229874320212, 0.000822361325845, -0.000301449210383, 0.000382366299164, -0.000376030511688, 0.000330414623022, -0.000890458060894, 0.000538357009646], [-0.000414679554524, 0.00443097017705, -0.00115809717681, 0.00237342133187, -0.00193829380441, 0.0010745782638, -0.00306927016936, 0.00173860194627, -0.00290658907034, 0.00274762045592, -0.00348988478072, 0.00385234877467, -0.00332543160766], [0.000525876763277, -0.00115809717681, 0.0041507310234, -0.00156685477123, -3.34675860358e-005, 6.41320948489e-005, 0.00084749184316, -2.83604786091e-005, 0.0021698018536, -0.00299627520144, 0.00133942812681, -0.00236556865275, 0.000852845143527], [-0.000623254687525, 0.00237342133187, -0.00156685477123, 0.00788285769522, -0.00293120183051, -0.00217337789945, -0.000978687545285, 0.00088208343368, -0.0024732304737, 0.0021698877681, -0.00188488466665, 0.00213540671393, -0.00306137977168], [0.000507492106408, -0.00193829380441, -3.34675860358e-005, -0.00293120183051, 0.0089736673981, -0.00188450503629, 0.000981912016869, 0.00111218390521, -0.000700061151292, 0.000568282965105, 0.00181409111246, -0.00271815410815, 0.00245299329981], [-0.000229874320212, 0.0010745782638, 6.41320948489e-005, -0.00217337789945, -0.00188450503629, 0.0117584718391, -0.00477451039478, -0.00416322611272, 0.00422249594703, -0.00200648698956, -0.00129891384859, 0.00211636628956, -0.00136276264675], [0.000822361325845, -0.00306927016936, 0.00084749184316, -0.000978687545285, 0.000981912016869, -0.00477451039478, 0.01450456772, -0.0015321157407, -0.00202235975303, 0.000518702552654, -0.00117040937766, -0.00430662184954, 0.00388672575355], [-0.000301449210383, 0.00173860194627, -2.83604786091e-005, 0.00088208343368, 0.00111218390521, -0.00416322611272, -0.0015321157407, 0.0144709004089, -0.00543281901628, -0.00241315690801, 0.0032710749656, 0.000435921479948, 0.00205864571035], [0.000382366299164, -0.00290658907034, 0.0021698018536, -0.0024732304737, -0.000700061151292, 0.00422249594703, -0.00202235975303, -0.00543281901628, 0.0175101328641, -0.00429832935333, -0.00143154489342, 0.00341984978877, -0.00146045023575], [-0.000376030511688, 0.00274762045592, -0.00299627520144, 0.0021698877681, 0.000568282965105, -0.00200648698956, 0.000518702552654, -0.00241315690801, -0.00429832935333, 0.0176728647202, -0.00369265885092, -0.00317874155007, 0.00304293888621], [0.000330414623022, -0.00348988478072, 0.00133942812681, -0.00188488466665, 0.00181409111246, -0.00129891384859, -0.00117040937766, 0.0032710749656, -0.00143154489342, -0.00369265885092, 0.016584707424, -0.00414419407025, -0.00308852014132], [-0.000890458060894, 0.00385234877467, -0.00236556865275, 0.00213540671393, -0.00271815410815, 0.00211636628956, -0.00430662184954, 0.000435921479948, 0.00341984978877, -0.00317874155007, -0.00414419407025, 0.0177971776575, -0.00696758832783], [0.000538357009646, -0.00332543160766, 0.000852845143527, -0.00306137977168, 0.00245299329981, -0.00136276264675, 0.00388672575355, 0.00205864571035, -0.00146045023575, 0.00304293888621, -0.00308852014132, -0.00696758832783, 0.0219379086047]]
    },
    "melbands": {
        "mean": [0.000166283818544, 0.000526247429661, 0.00114681501873, 0.00141295604408, 0.00181198352948, 0.000426255166531, 0.000333643780323, 9.58498640102e-005, 0.000114796486741, 0.000120978795167, 5.31294463144e-005, 4.04647180403e-005, 5.21584661328e-005, 1.91532581084e-005, 1.18616026157e-005, 1.1438142792e-005, 6.75815726936e-006, 3.99415921493e-006, 5.35657591172e-006, 4.37527933173e-006, 6.8529238888e-006, 4.28152179666e-006, 4.74867601952e-006, 3.93975960833e-006, 1.54620556714e-006, 1.3070418845e-006, 9.7267172805e-007, 6.55460382859e-007, 6.16418105892e-007, 4.45741761723e-007, 4.378215408e-007, 5.22269772318e-007, 4.04751290262e-007, 2.96451673876e-007, 2.57099571854e-007, 2.95078478985e-007, 2.93544417218e-007, 2.96867483485e-007, 1.64935741509e-007, 1.12003782249e-007],
        "var": [7.09403593646e-008, 7.49443529457e-007, 1.76142918917e-006, 3.06462243316e-006, 1.65886685863e-005, 5.17963258062e-007, 1.79597748229e-007, 1.13303704197e-008, 2.72368652077e-008, 5.84893058431e-008, 1.08119184716e-008, 1.79381487442e-009, 6.03368688346e-009, 1.54612678216e-009, 3.62641305873e-010, 5.89436666143e-010, 2.33911334746e-010, 4.63064794842e-011, 2.8184260481e-010, 5.35964155002e-011, 3.73985009627e-010, 5.24876773988e-011, 1.12612280612e-010, 4.28857262202e-011, 8.58864195041e-012, 6.59836638453e-012, 1.04184629673e-011, 1.9135699969e-012, 1.69669324163e-012, 6.8518541535e-013, 6.93089682868e-013, 1.20824899565e-012, 9.40123629986e-013, 5.11118382861e-013, 3.83311411041e-013, 1.03047550961e-012, 5.08036700816e-013, 4.03217335822e-013, 1.49839559163e-013, 9.25568893447e-014]
    },
    "mfcc": {
        "mean": [-715.422912598, 166.868118286, 15.7393302917, 17.13372612, 0.215593323112, -7.50650787354, -8.25164413452, 2.85068655014, -7.56633138657, -12.1315088272, -10.7417116165, -5.16263341904, -11.5059709549],
        "cov": [[4591.69433594, -1403.12316895, -120.759300232, -5.48113155365, 2.34650039673, -0.444800645113, -45.1228103638, 59.2256698608, 33.7703170776, 24.5091438293, 7.37553548813, 73.0324630737, 61.0760536194], [-1403.12316895, 1365.74560547, -67.3739547729, 25.1719093323, 2.97487545013, -14.3978681564, -17.5737838745, -21.0148677826, -43.7847061157, -18.1182403564, -1.6256030798, -12.3505134583, -9.07564163208], [-120.759300232, -67.3739547729, 271.376617432, 43.3218994141, 11.4767122269, 42.6283302307, 38.8118095398, -4.1730723381, -12.3584384918, -10.4673509598, 11.8386487961, 0.221162378788, 13.3702096939], [-5.48113155365, 25.1719093323, 43.3218994141, 143.204177856, 55.7562561035, 43.0819396973, 9.86431980133, 12.1216535568, -6.98603963852, -4.74960422516, -4.56411933899, -6.28458070755, -1.31055223942], [2.34650039673, 2.97487545013, 11.4767122269, 55.7562561035, 135.450775146, 37.5674514771, 15.5200853348, 10.6155958176, 6.57844638824, -0.407387107611, 3.39571118355, -8.294090271, -8.59491539001], [-0.444800645113, -14.3978681564, 42.6283302307, 43.0819396973, 37.5674514771, 123.02293396, 53.6141052246, 24.4510707855, -6.32359266281, -7.81301784515, 9.69514274597, -3.81228470802, 4.41950750351], [-45.1228103638, -17.5737838745, 38.8118095398, 9.86431980133, 15.5200853348, 53.6141052246, 105.304847717, 34.1944465637, -1.73686730862, 0.85125631094, 18.2781467438, 3.83139419556, -0.573770284653], [59.2256698608, -21.0148677826, -4.1730723381, 12.1216535568, 10.6155958176, 24.4510707855, 34.1944465637, 81.6205368042, 23.9350395203, 11.4201231003, 15.7187204361, 5.44620037079, -4.52513742447], [33.7703170776, -43.7847061157, -12.3584384918, -6.98603963852, 6.57844638824, -6.32359266281, -1.73686730862, 23.9350395203, 81.9245300293, 26.9255981445, 10.8937616348, 12.8035354614, 1.26255643368], [24.5091438293, -18.1182403564, -10.4673509598, -4.74960422516, -0.407387107611, -7.81301784515, 0.85125631094, 11.4201231003, 26.9255981445, 107.250091553, 33.7997360229, 4.79693508148, -3.58656263351], [7.37553548813, -1.6256030798, 11.8386487961, -4.56411933899, 3.39571118355, 9.69514274597, 18.2781467438, 15.7187204361, 10.8937616348, 33.7997360229, 81.3855285645, 19.1821212769, -3.6002137661], [73.0324630737, -12.3505134583, 0.221162378788, -6.28458070755, -8.294090271, -3.81228470802, 3.83139419556, 5.44620037079, 12.8035354614, 4.79693508148, 19.1821212769, 71.5382461548, 14.3235902786], [61.0760536194, -9.07564163208, 13.3702096939, -1.31055223942, -8.59491539001, 4.41950750351, -0.573770284653, -4.52513742447, 1.26255643368, -3.58656263351, -3.6002137661, 14.3235902786, 76.8562088013]],
        "icov": [[0.000352628470864, 0.000378625671146, 0.000257841864368, -0.000105015315057, -3.33742573275e-005, -4.32825836469e-005, 0.000265205890173, -0.000276989332633, 0.000230592573644, -1.40871406984e-005, -3.64208208339e-005, -0.000284264533548, -0.000250907702139], [0.000378625671146, 0.00117171893362, 0.000516305619385, -0.000345803477103, -2.17262222577e-005, 5.34907594556e-005, 0.000288505572826, -0.000180954957614, 0.000625087006483, 8.00047055236e-005, -0.000214801635593, -0.000227878350415, -0.000246371491812], [0.000257841864368, 0.000516305619385, 0.00454600108787, -0.00141479086597, 0.00037835582043, -0.000646804401185, -0.00125893880613, 0.00102747487836, 0.000314041681122, 0.000430039595813, -0.000867741880938, 4.98441613672e-006, -0.000854963727761], [-0.000105015315057, -0.000345803477103, -0.00141479086597, 0.00953255966306, -0.00327885150909, -0.00232162512839, 0.00148012163118, -0.00143924087752, 0.000978216994554, -0.000392224086681, 0.00116071500815, -8.01798596513e-005, 0.000179367052624], [-3.33742573275e-005, -2.17262222577e-005, 0.00037835582043, -0.00327885150909, 0.00940685998648, -0.00178029248491, -0.000460530573037, 0.000501747999806, -0.00144638319034, 0.000262754503638, -0.000500108872075, 0.000913456897251, 0.000925037194975], [-4.32825836469e-005, 5.34907594556e-005, -0.000646804401185, -0.00232162512839, -0.00178029248491, 0.0124230869114, -0.00507714413106, -0.00134323048405, 0.000822330417577, 0.000897254096344, -0.000780756643508, 0.000902152562048, -0.00109315372538], [0.000265205890173, 0.000288505572826, -0.00125893880613, 0.00148012163118, -0.000460530573037, -0.00507714413106, 0.0146110923961, -0.00510939909145, 0.00172054884024, 6.59534343868e-005, -0.0014971557539, -0.000747525889892, 0.000160261100973], [-0.000276989332633, -0.000180954957614, 0.00102747487836, -0.00143924087752, 0.000501747999806, -0.00134323048405, -0.00510939909145, 0.0169557835907, -0.00498804170638, -3.6074041418e-005, -0.00150904466864, 0.000177777081262, 0.00106543011498], [0.000230592573644, 0.000625087006483, 0.000314041681122, 0.000978216994554, -0.00144638319034, 0.000822330417577, 0.00172054884024, -0.00498804170638, 0.0156630016863, -0.00325198145583, 0.000344039406627, -0.00244109821506, -0.000575263635255], [-1.40871406984e-005, 8.00047055236e-005, 0.000430039595813, -0.000392224086681, 0.000262754503638, 0.000897254096344, 6.59534343868e-005, -3.6074041418e-005, -0.00325198145583, 0.0117539362982, -0.00492654601112, 0.00117111229338, 6.81942619849e-005], [-3.64208208339e-005, -0.000214801635593, -0.000867741880938, 0.00116071500815, -0.000500108872075, -0.000780756643508, -0.0014971557539, -0.00150904466864, 0.000344039406627, -0.00492654601112, 0.0162610504776, -0.00416463147849, 0.0013655963121], [-0.000284264533548, -0.000227878350415, 4.98441613672e-006, -8.01798596513e-005, 0.000913456897251, 0.000902152562048, -0.000747525889892, 0.000177777081262, -0.00244109821506, 0.00117111229338, -0.00416463147849, 0.0164618100971, -0.00291638146155], [-0.000250907702139, -0.000246371491812, -0.000854963727761, 0.000179367052624, 0.000925037194975, -0.00109315372538, 0.000160261100973, 0.00106543011498, -0.000575263635255, 6.81942619849e-005, 0.0013655963121, -0.00291638146155, 0.014183758758]]
    },
    "spectral_contrast_coeffs": {
        "mean": [-0.546898186207, -0.694682121277, -0.750720024109, -0.795371115208, -0.793257474899, -0.76658052206],
        "var": [0.00632865354419, 0.0060526621528, 0.00255961180665, 0.0014563993318, 0.0014300433686, 0.00157392094843]
    },
    "spectral_contrast_valleys": {
        "mean": [-7.62521314621, -6.88970947266, -7.70333909988, -8.58186244965, -8.73890686035, -11.6150569916],
        "var": [1.20224905014, 1.03491830826, 1.02947974205, 1.05141270161, 1.27562630177, 1.921484828]
    }
},
"metadata": {
    "audio_properties": {
        "analysis_sample_rate": 44100,
        "bit_rate": 102457,
        "equal_loudness": 0,
        "length": 45.0612258911,
        "lossless": 0,
        "replay_gain": -12.63422966,
        "sample_rate": 44100,
        "codec": "mp3",
        "downmix": "mix",
        "md5_encoded": "4f64ed34acd481b5319146a6a5cae4ec"
    },
    "tags": {
        "file_name": "278.mp3"
    },
    "version": {
        "essentia": "2.1-beta2",
        "essentia_git_sha": "v2.1_beta2",
        "extractor": "music 1.0"
    }
},
"rhythm": {
    "beats_count": 89,
    "beats_loudness": {
        "mean": 0.0348889306188,
        "var": 0.000458377646282
    },
    "bpm": 120.220191956,
    "bpm_histogram_first_peak_bpm": {
        "mean": 120,
        "var": 0
    },
    "bpm_histogram_first_peak_spread": {
        "mean": 0.536585390568,
        "var": 0
    },
    "bpm_histogram_first_peak_weight": {
        "mean": 0.431818187237,
        "var": 0
    },
    "bpm_histogram_second_peak_bpm": {
        "mean": 126,
        "var": 0
    },
    "bpm_histogram_second_peak_spread": {
        "mean": 0,
        "var": 0
    },
    "bpm_histogram_second_peak_weight": {
        "mean": 0.0227272734046,
        "var": 0
    },
    "danceability": 1.51188147068,
    "onset_rate": 4.28113126755,
    "beats_loudness_band_ratio": {
        "mean": [0.365221828222, 0.486519366503, 0.156720250845, 0.057257629931, 0.0248225778341, 0.00715019274503],
        "var": [0.0386287868023, 0.0339184254408, 0.0122651048005, 0.00179243623279, 0.000585111847613, 8.99162405403e-005]
    },
    "beats_position": [0.53405892849, 1.06811785698, 1.6137868166, 2.17106580734, 2.69351458549, 3.20435357094, 3.7151927948, 4.20281171799, 4.69043064117, 5.18965959549, 5.6888885498, 6.18811798096, 6.68734693527, 7.19818592072, 7.6858048439, 8.17342376709, 8.66104316711, 9.14866161346, 9.63628101349, 10.1239004135, 10.6115188599, 11.0875282288, 11.5635375977, 12.051156044, 12.538775444, 13.0263938904, 13.5256233215, 14.0248527527, 14.5240812302, 15.0233106613, 15.5109291077, 15.9985485077, 16.50938797, 17.0202255249, 17.5310649872, 18.0302944183, 18.5295238495, 19.0403633118, 19.5395908356, 20.0272102356, 20.5264396667, 21.0140590668, 21.5248966217, 22.0241260529, 22.523355484, 23.0341949463, 23.5450344086, 24.0442619324, 24.5434913635, 25.0543308258, 25.5651702881, 26.076007843, 26.5868473053, 27.0976867676, 27.6085262299, 28.1077537537, 28.6069831848, 29.1178226471, 29.6170520782, 30.1162815094, 30.6271190643, 31.1379585266, 31.6487979889, 32.1480255127, 32.6588668823, 33.1580963135, 33.6573219299, 34.1565513611, 34.6441726685, 35.1434020996, 35.6426315308, 36.1302490234, 36.6294784546, 37.1287078857, 37.6279373169, 38.1155548096, 38.6147842407, 39.1024017334, 39.6016311646, 40.1008605957, 40.6000900269, 41.0877075195, 41.5869369507, 42.0861663818, 42.585395813, 43.0962333679, 43.5838546753, 44.0830841064, 44.5823135376]
},
"tonal": {
    "chords_changes_rate": 0.042181070894,
    "chords_number_rate": 0.00823045242578,
    "chords_strength": {
        "mean": 0.528611779213,
        "var": 0.00950730964541
    },
    "hpcp_entropy": {
        "mean": 1.84111273289,
        "var": 0.485883504152
    },
    "key_strength": 0.696541845798,
    "tuning_diatonic_strength": 0.531461596489,
    "tuning_equal_tempered_deviation": 0.0626493021846,
    "tuning_frequency": 436.708374023,
    "tuning_nontempered_energy_ratio": 0.683365941048,
    "hpcp": {
        "mean": [0.197014182806, 0.114243917167, 0.0230931024998, 0.014482001774, 0.0181004982442, 0.126455053687, 0.342110216618, 0.262843459845, 0.0471392832696, 0.0206573493779, 0.0213051307946, 0.0686978399754, 0.138517737389, 0.112731911242, 0.123153805733, 0.184849172831, 0.13540931046, 0.097796343267, 0.115162663162, 0.11957167089, 0.222532227635, 0.330075711012, 0.23549425602, 0.135281845927, 0.113658361137, 0.0787462368608, 0.0948390439153, 0.139064013958, 0.134553194046, 0.12826654315, 0.132471501827, 0.0957887917757, 0.141873404384, 0.219441249967, 0.153793692589, 0.141229063272],
        "var": [0.111528389156, 0.045477874577, 0.00277895783074, 0.00281707383692, 0.00330813229084, 0.022120937705, 0.152232810855, 0.0965100228786, 0.0090696727857, 0.00698970584199, 0.00461349543184, 0.0166320819408, 0.0619458295405, 0.0387899540365, 0.0379353649914, 0.106632590294, 0.0481649339199, 0.0351746045053, 0.0435815192759, 0.0343967378139, 0.0694183036685, 0.121877290308, 0.0669657886028, 0.0510729849339, 0.0484363734722, 0.0273538585752, 0.0407170280814, 0.0743618905544, 0.0609271973372, 0.0543138571084, 0.06385871768, 0.0407335422933, 0.0422072820365, 0.0910518541932, 0.0446921810508, 0.0475362464786]
    },
    "chords_histogram": [50.2057609558, 0.308641970158, 6.99588489532, 0, 0, 0, 0.102880656719, 0, 0, 0, 0, 0, 0, 0, 0, 0.411522626877, 0.102880656719, 7.92181062698, 3.90946507454, 1.85185182095, 0, 1.33744859695, 25.3086414337, 1.54320991039],
    "thpcp": [1, 0.768300533295, 0.13778975606, 0.0603821463883, 0.0622756332159, 0.200806155801, 0.404892146587, 0.329519271851, 0.359982848167, 0.540320515633, 0.395806103945, 0.285862088203, 0.336624443531, 0.349512130022, 0.65046942234, 0.96482270956, 0.688357830048, 0.39543351531, 0.332227319479, 0.23017796874, 0.277217805386, 0.406488925219, 0.393303632736, 0.374927550554, 0.387218773365, 0.279993951321, 0.414700865746, 0.641434371471, 0.449544280767, 0.412817448378, 0.575879275799, 0.333938926458, 0.0675019398332, 0.0423313938081, 0.0529083833098, 0.369632482529],
    "chords_key": "E",
    "chords_scale": "major",
    "key_key": "E",
    "key_scale": "major"
}
}