{
"lowlevel": {
    "average_loudness": 0.943138182163,
    "barkbands_crest": {
        "mean": 9.15472602844,
        "var": 12.9380645752
    },
    "barkbands_flatness_db": {
        "mean": 0.18689224124,
        "var": 0.00222914735787
    },
    "barkbands_kurtosis": {
        "mean": -0.125798001885,
        "var": 5.40994262695
    },
    "barkbands_skewness": {
        "mean": 0.477210760117,
        "var": 0.819061875343
    },
    "barkbands_spread": {
        "mean": 20.4309825897,
        "var": 48.7663955688
    },
    "dissonance": {
        "mean": 0.469707727432,
        "var": 0.00043040845776
    },
    "dynamic_complexity": 2.06804585457,
    "erbbands_crest": {
        "mean": 10.5557813644,
        "var": 15.8036785126
    },
    "erbbands_flatness_db": {
        "mean": 0.249021977186,
        "var": 0.00191538198851
    },
    "erbbands_kurtosis": {
        "mean": 0.742642939091,
        "var": 5.73296165466
    },
    "erbbands_skewness": {
        "mean": -0.778265058994,
        "var": 0.558599770069
    },
    "erbbands_spread": {
        "mean": 25.0668392181,
        "var": 97.2484588623
    },
    "hfc": {
        "mean": 22.4677963257,
        "var": 315.800537109
    },
    "melbands_crest": {
        "mean": 11.9699668884,
        "var": 21.079416275
    },
    "melbands_flatness_db": {
        "mean": 0.214733794332,
        "var": 0.00421685865149
    },
    "melbands_kurtosis": {
        "mean": 2.17232084274,
        "var": 23.8576602936
    },
    "melbands_skewness": {
        "mean": 1.34856295586,
        "var": 1.08961796761
    },
    "melbands_spread": {
        "mean": 33.6360626221,
        "var": 214.791061401
    },
    "pitch_salience": {
        "mean": 0.549497842789,
        "var": 0.0107461838052
    },
    "silence_rate_20dB": {
        "mean": 1,
        "var": 0
    },
    "silence_rate_30dB": {
        "mean": 1,
        "var": 0
    },
    "silence_rate_60dB": {
        "mean": 0.0288214106113,
        "var": 0.0279916077852
    },
    "spectral_centroid": {
        "mean": 1413.94250488,
        "var": 359990.96875
    },
    "spectral_complexity": {
        "mean": 22.5167274475,
        "var": 72.7766799927
    },
    "spectral_decrease": {
        "mean": -5.00516206259e-009,
        "var": 9.4108685706e-018
    },
    "spectral_energy": {
        "mean": 0.0209285262972,
        "var": 0.000164942845004
    },
    "spectral_energyband_high": {
        "mean": 0.000195281085325,
        "var": 2.26170271844e-007
    },
    "spectral_energyband_low": {
        "mean": 0.00121799437329,
        "var": 2.40321896854e-005
    },
    "spectral_energyband_middle_high": {
        "mean": 0.00949587579817,
        "var": 6.276651402e-005
    },
    "spectral_energyband_middle_low": {
        "mean": 0.0105548333377,
        "var": 4.36327027273e-005
    },
    "spectral_entropy": {
        "mean": 7.17458248138,
        "var": 0.181774258614
    },
    "spectral_flux": {
        "mean": 0.0617013499141,
        "var": 0.00128287193365
    },
    "spectral_kurtosis": {
        "mean": 11.648680687,
        "var": 60.200088501
    },
    "spectral_rms": {
        "mean": 0.00431206123903,
        "var": 1.82417113592e-006
    },
    "spectral_rolloff": {
        "mean": 1958.5135498,
        "var": 988756
    },
    "spectral_skewness": {
        "mean": 2.03359866142,
        "var": 0.326654493809
    },
    "spectral_spread": {
        "mean": 2467482.75,
        "var": 2.92514326118e+012
    },
    "spectral_strongpeak": {
        "mean": 1.62845957279,
        "var": 3.95861840248
    },
    "zerocrossingrate": {
        "mean": 0.0570231080055,
        "var": 0.000794633117039
    },
    "barkbands": {
        "mean": [1.85258268175e-005, 0.00027907686308, 0.000491385522764, 0.00176992150955, 0.00448751822114, 0.00101193599403, 0.00129325501621, 0.00115273660049, 0.000642311002593, 0.00045079231495, 0.000697108218446, 0.000548365991563, 0.000972184177954, 0.00119218893815, 0.00164838961791, 0.00206265412271, 0.00129051960539, 0.000473923166282, 0.000194816297153, 9.65745275607e-005, 3.94860435335e-005, 3.24501052091e-005, 3.99512027798e-005, 2.71352691925e-005, 1.25079432109e-005, 2.803854386e-006, 1.90068440986e-008],
        "var": [9.38048305699e-009, 3.74576143258e-006, 5.1780011745e-006, 5.74853038415e-006, 1.62200285558e-005, 3.58919010068e-006, 3.70872226085e-006, 2.64298523689e-006, 1.43327213209e-006, 1.48574929426e-006, 8.4671461309e-007, 1.26599161376e-006, 3.87797217627e-006, 4.65544371764e-006, 7.11327584213e-006, 6.92699359206e-006, 3.80359324481e-006, 3.75073511805e-007, 1.4190949571e-007, 3.33560947752e-008, 1.52113575069e-008, 9.07818442641e-009, 1.03928856632e-008, 4.83660578254e-009, 1.2862335641e-009, 2.54564092028e-010, 4.51895329967e-014]
    },
    "erbbands": {
        "mean": [0.00539446156472, 0.0769130662084, 0.490540802479, 3.0261528492, 15.4565448761, 12.2287788391, 8.83317661285, 8.07967662811, 13.420545578, 26.4096088409, 25.6066493988, 14.4918298721, 14.8530378342, 16.9815254211, 26.3194293976, 27.904302597, 40.2584686279, 46.6645240784, 83.607421875, 104.223197937, 101.408073425, 76.5935516357, 33.1785469055, 14.5061483383, 7.91090250015, 4.51214742661, 2.16977119446, 1.3283714056, 1.12994718552, 1.19988834858, 1.14173579216, 0.711829602718, 0.374119311571, 0.17935667932, 0.068981140852, 0.0230056978762, 0.00278667244129, 0.000182740186574, 1.78354275704e-005, 2.62172325165e-005],
        "var": [0.0010011367267, 0.288480043411, 6.15717315674, 22.950378418, 246.880081177, 241.186325073, 229.959747314, 247.223098755, 698.9140625, 1380.60778809, 1511.84912109, 661.564941406, 1882.32299805, 470.168121338, 1203.88476563, 2231.48217773, 6380.546875, 7639.80615234, 22072.34375, 18190.6445313, 16446.8398438, 11606.3300781, 1643.96228027, 515.880554199, 190.690200806, 75.2163696289, 32.0515327454, 20.3746337891, 11.8431968689, 10.7107801437, 8.32244110107, 3.18077611923, 0.995597541332, 0.224627271295, 0.0599940530956, 0.0151334097609, 0.000241458445089, 2.66966526397e-006, 1.65445923628e-009, 2.90604568187e-010]
    },
    "gfcc": {
        "mean": [-47.5871315002, 129.689758301, -175.175308228, 13.5829534531, -47.2402954102, -4.45676279068, -66.8423156738, -7.2958741188, -20.6629714966, -21.7746276855, -16.5926837921, -18.6376438141, -8.30397510529],
        "cov": [[6511.37646484, -1613.17211914, -202.710830688, 729.949401855, -731.197570801, 521.518432617, -302.641235352, 439.949462891, -292.190063477, 353.277038574, -153.877716064, 126.68862915, -176.431503296], [-1613.17211914, 1608.97583008, -56.030380249, -464.849121094, 567.172607422, -263.205963135, 213.331680298, -240.82359314, 133.174911499, -265.06362915, 26.2114639282, -135.725479126, 100.769348145], [-202.710830688, -56.030380249, 412.81817627, 110.353019714, -14.5362243652, 104.333847046, -39.7053260803, 34.0583572388, -44.1374053955, 3.48372411728, -2.60225963593, 4.46585988998, -31.9471759796], [729.949401855, -464.849121094, 110.353019714, 351.052246094, -121.253005981, 125.484931946, -85.3980407715, 81.9865036011, -27.8798503876, 51.705329895, -10.2115697861, 28.7966136932, -13.6446437836], [-731.197570801, 567.172607422, -14.5362243652, -121.253005981, 355.738769531, -76.7785186768, 106.626777649, -81.1721038818, 51.1657180786, -96.2339859009, -8.8979511261, -41.3166503906, 43.1195220947], [521.518432617, -263.205963135, 104.333847046, 125.484931946, -76.7785186768, 252.808486938, 27.322845459, 72.4144515991, -60.3697776794, 22.9150791168, -7.41673517227, -2.57117915154, -34.4135704041], [-302.641235352, 213.331680298, -39.7053260803, -85.3980407715, 106.626777649, 27.322845459, 203.598571777, 3.25225138664, 22.1539897919, -29.4889640808, -29.2062168121, -3.45403814316, 12.3403530121], [439.949462891, -240.82359314, 34.0583572388, 81.9865036011, -81.1721038818, 72.4144515991, 3.25225138664, 144.948730469, -3.17215037346, 52.9134101868, 2.86179709435, 22.2358150482, -27.8156833649], [-292.190063477, 133.174911499, -44.1374053955, -27.8798503876, 51.1657180786, -60.3697776794, 22.1539897919, -3.17215037346, 112.44039917, 5.55193853378, 2.92100811005, -9.86097049713, 22.8363952637], [353.277038574, -265.06362915, 3.48372411728, 51.705329895, -96.2339859009, 22.9150791168, -29.4889640808, 52.9134101868, 5.55193853378, 142.894714355, 22.023349762, 39.7894592285, -21.7689990997], [-153.877716064, 26.2114639282, -2.60225963593, -10.2115697861, -8.8979511261, -7.41673517227, -29.2062168121, 2.86179709435, 2.92100811005, 22.023349762, 114.754516602, 19.1013851166, 4.91479110718], [126.68862915, -135.725479126, 4.46585988998, 28.7966136932, -41.3166503906, -2.57117915154, -3.45403814316, 22.2358150482, -9.86097049713, 39.7894592285, 19.1013851166, 109.389709473, 27.6559562683], [-176.431503296, 100.769348145, -31.9471759796, -13.6446437836, 43.1195220947, -34.4135704041, 12.3403530121, -27.8156833649, 22.8363952637, -21.7689990997, 4.91479110718, 27.6559562683, 75.8037719727]],
        "icov": [[0.000845465634484, -0.00172759755515, 0.00187892268877, -0.00192755251192, 0.00137763505336, -0.00160946894903, 0.00184096791781, -0.00198055943474, 0.00225691520609, -0.00221230718307, 0.00248175347224, -0.00148606754374, 0.00123455096036], [-0.00172759755515, 0.00741721503437, -0.00502732815221, 0.00645177299157, -0.00575588317588, 0.00454512052238, -0.00523482635617, 0.00541097577661, -0.0062433197163, 0.00730618694797, -0.00714386301115, 0.00547145679593, -0.00421717111021], [0.00187892268877, -0.00502732815221, 0.00756417075172, -0.00555999809876, 0.00322719826363, -0.00503582041711, 0.00539348833263, -0.00493016978726, 0.0058515612036, -0.00543603114784, 0.00625068228692, -0.00468894140795, 0.00441578170285], [-0.00192755251192, 0.00645177299157, -0.00555999809876, 0.01086568553, -0.00487666530535, 0.00225622649305, -0.00273607228883, 0.0039161411114, -0.0068389121443, 0.00649373466149, -0.00580639066175, 0.00423557963222, -0.00501340301707], [0.00137763505336, -0.00575588317588, 0.00322719826363, -0.00487666530535, 0.00951821636409, -0.00256383279338, 0.00162954174448, -0.00291829742491, 0.00375603279099, -0.00394016318023, 0.00493566133082, -0.00298406556249, 0.0019315793179], [-0.00160946894903, 0.00454512052238, -0.00503582041711, 0.00225622649305, -0.00256383279338, 0.0109233763069, -0.0071071293205, 0.0025403057225, -0.00151667918544, 0.00488385697827, -0.00617499416694, 0.00552374403924, -0.00275315740146], [0.00184096791781, -0.00523482635617, 0.00539348833263, -0.00273607228883, 0.00162954174448, -0.0071071293205, 0.0129296900705, -0.00638676993549, 0.00400161091238, -0.00543919950724, 0.00845009088516, -0.00593594787642, 0.00327263795771], [-0.00198055943474, 0.00541097577661, -0.00493016978726, 0.0039161411114, -0.00291829742491, 0.0025403057225, -0.00638676993549, 0.015900908038, -0.00789871346205, 0.00467182928696, -0.00684833154082, 0.00254984013736, -0.000253008358413], [0.00225691520609, -0.0062433197163, 0.0058515612036, -0.0068389121443, 0.00375603279099, -0.00151667918544, 0.00400161091238, -0.00789871346205, 0.0193922668695, -0.00970620941371, 0.00702609075233, -0.00161065161228, -8.47075207275e-005], [-0.00221230718307, 0.00730618694797, -0.00543603114784, 0.00649373466149, -0.00394016318023, 0.00488385697827, -0.00543919950724, 0.00467182928696, -0.00970620941371, 0.0187374129891, -0.00928219500929, 0.00174054829404, -0.000653631694149], [0.00248175347224, -0.00714386301115, 0.00625068228692, -0.00580639066175, 0.00493566133082, -0.00617499416694, 0.00845009088516, -0.00684833154082, 0.00702609075233, -0.00928219500929, 0.0182460118085, -0.0072886548005, 0.00405648723245], [-0.00148606754374, 0.00547145679593, -0.00468894140795, 0.00423557963222, -0.00298406556249, 0.00552374403924, -0.00593594787642, 0.00254984013736, -0.00161065161228, 0.00174054829404, -0.0072886548005, 0.0183164179325, -0.0110637452453], [0.00123455096036, -0.00421717111021, 0.00441578170285, -0.00501340301707, 0.0019315793179, -0.00275315740146, 0.00327263795771, -0.000253008358413, -8.47075207275e-005, -0.000653631694149, 0.00405648723245, -0.0110637452453, 0.023267051205]]
    },
    "melbands": {
        "mean": [6.25072061666e-005, 0.000198464345885, 0.000956257455982, 0.00104025297333, 0.000354289601091, 0.000187281882972, 0.000216798478505, 0.000283521338133, 0.000195786327822, 8.04695082479e-005, 7.23920020391e-005, 6.30533904769e-005, 9.84171492746e-005, 6.38481142232e-005, 9.94523070403e-005, 7.82052084105e-005, 8.30819990369e-005, 0.000135152033181, 0.000138294824865, 0.000127448874991, 0.000121537712403, 8.0861907918e-005, 4.7537178034e-005, 1.99479964067e-005, 1.08342246676e-005, 6.57452255837e-006, 4.35247648056e-006, 2.66432289209e-006, 1.44046191508e-006, 9.73268583948e-007, 6.83080884301e-007, 6.31882414837e-007, 6.30073486718e-007, 6.78608387261e-007, 6.81165261085e-007, 5.51895311673e-007, 3.93478757132e-007, 2.76220418982e-007, 1.95358339283e-007, 1.36250832838e-007],
        "var": [1.62858370345e-007, 1.26214729335e-006, 1.18479567845e-006, 9.68722702055e-007, 2.4643597385e-007, 1.19791266684e-007, 1.37965443514e-007, 1.37650047805e-007, 9.44309945794e-008, 2.06531520774e-008, 4.85525788463e-008, 7.26974658249e-009, 1.71973528751e-008, 1.5224136618e-008, 4.14557668194e-008, 2.78260987585e-008, 2.97305398078e-008, 7.28253084503e-008, 5.34717514711e-008, 3.45922366307e-008, 2.91520443341e-008, 1.55278918612e-008, 4.65664928839e-009, 6.69020117083e-010, 3.70770136815e-010, 1.62767535561e-010, 5.71385577741e-011, 3.27981183879e-011, 1.35319516009e-011, 1.26985531465e-011, 5.50714638822e-012, 4.44132361097e-012, 2.97273468862e-012, 3.66970689947e-012, 3.03054586634e-012, 1.95763652684e-012, 1.03392522408e-012, 5.84154198537e-013, 2.78938710237e-013, 1.33569425052e-013]
    },
    "mfcc": {
        "mean": [-670.026306152, 152.726531982, -54.1171607971, 6.33527898788, 20.674041748, -10.4046449661, -22.8042831421, -6.21215248108, -11.938703537, -7.99630737305, -14.2986154556, -7.33301496506, -6.5826458931],
        "cov": [[4636.33544922, -1861.29626465, 310.025817871, 209.568984985, -216.069107056, 87.6728973389, 109.42099762, 109.07636261, -22.0832881927, 220.629745483, 152.484619141, 95.3208007813, 30.8791980743], [-1861.29626465, 1780.45349121, -363.633880615, -101.865882874, 166.128051758, -4.47603845596, 47.8683242798, -10.6911840439, 113.206573486, -115.016967773, -79.8163070679, -34.9623222351, -21.8429756165], [310.025817871, -363.633880615, 436.437683105, 12.8756961823, 35.3885307312, 38.9772491455, 20.9873390198, 28.5206127167, -64.9448471069, 37.5225448608, 30.4905185699, -11.2085266113, 2.2083106041], [209.568984985, -101.865882874, 12.8756961823, 184.390457153, 48.2347221375, 3.98799109459, -27.6295051575, 0.0307631734759, 31.1290798187, -2.23837018013, -9.99460315704, 17.8112220764, 8.195353508], [-216.069107056, 166.128051758, 35.3885307312, 48.2347221375, 195.189224243, 13.6005868912, 3.44582128525, 5.204662323, -19.3197841644, 3.08027982712, -5.30278778076, -24.0461406708, -3.59024095535], [87.6728973389, -4.47603845596, 38.9772491455, 3.98799109459, 13.6005868912, 143.4115448, 60.6106338501, 32.7411422729, 34.0848236084, 10.2088842392, -10.7758169174, -6.172062397, -9.08085155487], [109.42099762, 47.8683242798, 20.9873390198, -27.6295051575, 3.44582128525, 60.6106338501, 155.986755371, 67.1026763916, 2.52317142487, 19.5841960907, 21.7494068146, -2.45925140381, -2.64340376854], [109.07636261, -10.6911840439, 28.5206127167, 0.0307631734759, 5.204662323, 32.7411422729, 67.1026763916, 122.194198608, 43.7374153137, 7.53802251816, -0.0383501835167, 4.19954204559, 1.04960417747], [-22.0832881927, 113.206573486, -64.9448471069, 31.1290798187, -19.3197841644, 34.0848236084, 2.52317142487, 43.7374153137, 149.100570679, 8.11088466644, -23.9143638611, 12.0360765457, -0.890571117401], [220.629745483, -115.016967773, 37.5225448608, -2.23837018013, 3.08027982712, 10.2088842392, 19.5841960907, 7.53802251816, 8.11088466644, 111.207000732, 53.240020752, -6.10716104507, 0.189268529415], [152.484619141, -79.8163070679, 30.4905185699, -9.99460315704, -5.30278778076, -10.7758169174, 21.7494068146, -0.0383501835167, -23.9143638611, 53.240020752, 92.6188278198, 26.0545444489, 5.09414434433], [95.3208007813, -34.9623222351, -11.2085266113, 17.8112220764, -24.0461406708, -6.172062397, -2.45925140381, 4.19954204559, 12.0360765457, -6.10716104507, 26.0545444489, 74.5558547974, 26.5851783752], [30.8791980743, -21.8429756165, 2.2083106041, 8.195353508, -3.59024095535, -9.08085155487, -2.64340376854, 1.04960417747, -0.890571117401, 0.189268529415, 5.09414434433, 26.5851783752, 62.8899841309]],
        "icov": [[0.000442706077592, 0.00042223354103, 9.27582004806e-005, -0.00036612743861, 0.00019244660507, -7.87090830272e-005, -0.000387652631616, -0.00011390169675, -2.34660910792e-005, -0.000385556893889, -6.0408761783e-005, -0.000249039236223, 6.99587690178e-005], [0.00042223354103, 0.00146963854786, 0.000744833087083, 0.000654278963339, -0.00124577456154, 0.000270970573183, -0.00111788092181, 0.000592167954892, -0.00130472739693, 0.000775217893533, -0.00015256201732, -5.98022015765e-005, 0.000119669042761], [9.27582004806e-005, 0.000744833087083, 0.00329798413441, 0.000107720617962, -0.000909148657229, -0.00099498569034, 0.000200924740057, -0.00100825307891, 0.00115820486099, -0.000195612985408, -0.000499896123074, 0.000436624599388, -0.000214078754652], [-0.00036612743861, 0.000654278963339, 0.000107720617962, 0.00793642643839, -0.00352209527045, 0.000361395126674, 0.000698563002516, 0.0010186227737, -0.00275608222, 0.00104668852873, 0.000922879204154, -0.00202731741592, -2.74418671324e-005], [0.00019244660507, -0.00124577456154, -0.000909148657229, -0.00352209527045, 0.00811071321368, -0.00115286093205, 0.000940594414715, -0.00165300443769, 0.00295276241377, -0.00155786331743, -0.000296711659757, 0.00220968062058, -0.000536149949767], [-7.87090830272e-005, 0.000270970573183, -0.00099498569034, 0.000361395126674, -0.00115286093205, 0.00996533501893, -0.0044415416196, 0.00124359200709, -0.00297185778618, -0.00039134954568, 0.00243305135518, -0.000645235180855, 0.00132103962824], [-0.000387652631616, -0.00111788092181, 0.000200924740057, 0.000698563002516, 0.000940594414715, -0.0044415416196, 0.0119519615546, -0.00628788769245, 0.00300240586512, -0.000561703927815, -0.00278211710975, 0.00113364891149, -0.000485992641188], [-0.00011390169675, 0.000592167954892, -0.00100825307891, 0.0010186227737, -0.00165300443769, 0.00124359200709, -0.00628788769245, 0.0136456219479, -0.00543925445527, 0.00136949995067, 0.000646649568807, -0.000564510119148, -0.000137462950079], [-2.34660910792e-005, -0.00130472739693, 0.00115820486099, -0.00275608222, 0.00295276241377, -0.00297185778618, 0.00300240586512, -0.00543925445527, 0.0125070596114, -0.00470310170203, 0.00401086546481, -0.00275116879493, 0.000862643006258], [-0.000385556893889, 0.000775217893533, -0.000195612985408, 0.00104668852873, -0.00155786331743, -0.00039134954568, -0.000561703927815, 0.00136949995067, -0.00470310170203, 0.0167800709605, -0.0111488569528, 0.00664955936372, -0.00188784615602], [-6.0408761783e-005, -0.00015256201732, -0.000499896123074, 0.000922879204154, -0.000296711659757, 0.00243305135518, -0.00278211710975, 0.000646649568807, 0.00401086546481, -0.0111488569528, 0.0222365278751, -0.0106712402776, 0.00288078188896], [-0.000249039236223, -5.98022015765e-005, 0.000436624599388, -0.00202731741592, 0.00220968062058, -0.000645235180855, 0.00113364891149, -0.000564510119148, -0.00275116879493, 0.00664955936372, -0.0106712402776, 0.02267296426, -0.00833861157298], [6.99587690178e-005, 0.000119669042761, -0.000214078754652, -2.74418671324e-005, -0.000536149949767, 0.00132103962824, -0.000485992641188, -0.000137462950079, 0.000862643006258, -0.00188784615602, 0.00288078188896, -0.00833861157298, 0.0193705894053]]
    },
    "spectral_contrast_coeffs": {
        "mean": [-0.487576305866, -0.703676342964, -0.762726783752, -0.731693148613, -0.715656340122, -0.7937951684],
        "var": [0.00676930090412, 0.00498628849164, 0.0039649582468, 0.00375117710792, 0.00276964809746, 0.0016383350594]
    },
    "spectral_contrast_valleys": {
        "mean": [-8.72307682037, -6.93670225143, -7.42951345444, -7.21399974823, -7.95350646973, -11.1675071716],
        "var": [1.38357543945, 1.05672574043, 1.05056989193, 1.08576774597, 1.6443066597, 1.89722418785]
    }
},
"metadata": {
    "audio_properties": {
        "analysis_sample_rate": 44100,
        "bit_rate": 102957,
        "equal_loudness": 0,
        "length": 45.0873451233,
        "lossless": 0,
        "replay_gain": -7.28370094299,
        "sample_rate": 44100,
        "codec": "mp3",
        "downmix": "mix",
        "md5_encoded": "23f05792dad9a2bdbfbc3dc51525ee94"
    },
    "tags": {
        "file_name": "279.mp3"
    },
    "version": {
        "essentia": "2.1-beta2",
        "essentia_git_sha": "v2.1_beta2",
        "extractor": "music 1.0"
    }
},
"rhythm": {
    "beats_count": 82,
    "beats_loudness": {
        "mean": 0.0278555657715,
        "var": 0.00021952491079
    },
    "bpm": 110.805229187,
    "bpm_histogram_first_peak_bpm": {
        "mean": 112,
        "var": 0
    },
    "bpm_histogram_first_peak_spread": {
        "mean": 0.592105269432,
        "var": 0
    },
    "bpm_histogram_first_peak_weight": {
        "mean": 0.382716059685,
        "var": 0
    },
    "bpm_histogram_second_peak_bpm": {
        "mean": 105,
        "var": 0
    },
    "bpm_histogram_second_peak_spread": {
        "mean": 0,
        "var": 0
    },
    "bpm_histogram_second_peak_weight": {
        "mean": 0.0617283955216,
        "var": 0
    },
    "danceability": 1.21217465401,
    "onset_rate": 2.66047286987,
    "beats_loudness_band_ratio": {
        "mean": [0.236330538988, 0.202185764909, 0.168352425098, 0.158009439707, 0.293177485466, 0.0277064889669],
        "var": [0.0339717045426, 0.0187157355249, 0.011315616779, 0.0205393824726, 0.0202112831175, 0.00125599722378]
    },
    "beats_position": [0.510838985443, 1.03328800201, 1.5673469305, 2.10140585899, 2.6470746994, 3.1811337471, 3.7151927948, 4.2492518425, 4.79492044449, 5.34058952332, 5.88625860214, 6.44353723526, 6.98920631409, 7.52326536179, 8.08054447174, 8.62621307373, 9.18349170685, 9.74077033997, 10.3096599579, 10.866938591, 11.412607193, 11.9582767487, 12.4923353195, 13.0380039215, 13.572063446, 14.0945119858, 14.6285715103, 15.15102005, 15.6734695435, 16.2075271606, 16.7415866852, 17.2756462097, 17.8097057343, 18.3437633514, 18.877822876, 19.4234924316, 19.9807701111, 20.5380496979, 21.1069393158, 21.6642169952, 22.221496582, 22.7787742615, 23.3360538483, 23.9049434662, 24.4622211456, 25.0311107635, 25.5883903503, 26.1456680298, 26.7145576477, 27.2602272034, 27.8058948517, 28.3631744385, 28.9204521179, 29.4777317047, 30.0234012604, 30.5690689087, 31.1147384644, 31.6487979889, 32.1828575134, 32.7169151306, 33.2509727478, 33.7850341797, 34.3190917969, 34.8531494141, 35.3872108459, 35.9212684631, 36.4437179565, 36.96616745, 37.5002250671, 38.0458946228, 38.5915641785, 39.1372337341, 39.6829032898, 40.2285690308, 40.7742385864, 41.3083000183, 41.8423576355, 42.3764152527, 42.9104766846, 43.4445343018, 43.9902038574, 44.5242614746]
},
"tonal": {
    "chords_changes_rate": 0.0360082313418,
    "chords_number_rate": 0.00720164598897,
    "chords_strength": {
        "mean": 0.541731357574,
        "var": 0.00705715641379
    },
    "hpcp_entropy": {
        "mean": 1.96422588825,
        "var": 0.373980343342
    },
    "key_strength": 0.848836481571,
    "tuning_diatonic_strength": 0.605963468552,
    "tuning_equal_tempered_deviation": 0.0877069011331,
    "tuning_frequency": 455.516601563,
    "tuning_nontempered_energy_ratio": 0.694964170456,
    "hpcp": {
        "mean": [0.129523068666, 0.110171936452, 0.196319296956, 0.194506391883, 0.13604183495, 0.30429533124, 0.352757871151, 0.164978638291, 0.0794025063515, 0.0673562809825, 0.0969274565578, 0.214924320579, 0.230362415314, 0.128229185939, 0.100968264043, 0.0953017026186, 0.106440216303, 0.181861236691, 0.19612942636, 0.12375997752, 0.138103708625, 0.18004783988, 0.113146618009, 0.0611111409962, 0.0588000044227, 0.0585849657655, 0.290637165308, 0.495421051979, 0.280184000731, 0.0820642858744, 0.0702264085412, 0.0861428901553, 0.179133951664, 0.181817501783, 0.106567442417, 0.131096810102],
        "var": [0.0701630711555, 0.0283630881459, 0.0573843754828, 0.0527553297579, 0.0311387572438, 0.0900792405009, 0.116132616997, 0.0333265326917, 0.0250061303377, 0.0181957222521, 0.0184769909829, 0.0491339191794, 0.0663689300418, 0.0262244567275, 0.0273702647537, 0.0263524856418, 0.0376462712884, 0.0601644702256, 0.066022016108, 0.0330717712641, 0.0413839668036, 0.0796593502164, 0.0283592529595, 0.0113665889949, 0.0136501118541, 0.0108652049676, 0.055538341403, 0.172411471605, 0.0588667169213, 0.0293567962945, 0.0216350983828, 0.0199042353779, 0.0694034472108, 0.0744240656495, 0.0235436353832, 0.0600132010877]
    },
    "chords_histogram": [40.5349807739, 0, 22.7366256714, 0, 0, 0, 0.102880656719, 0.308641970158, 1.64609050751, 0, 0, 0, 0, 0, 0, 0.308641970158, 0, 1.23456788063, 0, 7.20164632797, 0, 0.925925910473, 21.2962970734, 3.70370364189],
    "thpcp": [1, 0.565547227859, 0.165645539761, 0.141750961542, 0.173878133297, 0.361579209566, 0.366995900869, 0.215104788542, 0.264616966248, 0.261440366507, 0.222380414605, 0.396267563105, 0.392608255148, 0.274598419666, 0.614215612411, 0.71203649044, 0.33300691843, 0.160272777081, 0.13595764339, 0.195646628737, 0.43382152915, 0.464983105659, 0.258828699589, 0.203802928329, 0.192365065217, 0.21484798193, 0.367084205151, 0.395884335041, 0.249807670712, 0.278760284185, 0.363423883915, 0.228384763002, 0.123351924121, 0.118686929345, 0.118252880871, 0.586646795273],
    "chords_key": "B",
    "chords_scale": "major",
    "key_key": "B",
    "key_scale": "major"
}
}