{
"lowlevel": {
    "average_loudness": 0.663756668568,
    "barkbands_crest": {
        "mean": 13.2835187912,
        "var": 25.5757408142
    },
    "barkbands_flatness_db": {
        "mean": 0.381939321756,
        "var": 0.00172725773882
    },
    "barkbands_kurtosis": {
        "mean": 3.18791484833,
        "var": 27.0054264069
    },
    "barkbands_skewness": {
        "mean": 0.93349134922,
        "var": 0.669157207012
    },
    "barkbands_spread": {
        "mean": 6.9627737999,
        "var": 21.9538574219
    },
    "dissonance": {
        "mean": 0.379888892174,
        "var": 0.00561104854569
    },
    "dynamic_complexity": 4.90216493607,
    "erbbands_crest": {
        "mean": 15.0463781357,
        "var": 36.1351661682
    },
    "erbbands_flatness_db": {
        "mean": 0.426461845636,
        "var": 0.00151475018356
    },
    "erbbands_kurtosis": {
        "mean": 0.868847310543,
        "var": 10.7673206329
    },
    "erbbands_skewness": {
        "mean": 0.624110281467,
        "var": 0.990619778633
    },
    "erbbands_spread": {
        "mean": 12.9127607346,
        "var": 61.7276077271
    },
    "hfc": {
        "mean": 10.1527786255,
        "var": 137.87210083
    },
    "melbands_crest": {
        "mean": 16.6698055267,
        "var": 38.1186485291
    },
    "melbands_flatness_db": {
        "mean": 0.489445865154,
        "var": 0.00190805352759
    },
    "melbands_kurtosis": {
        "mean": 4.80011463165,
        "var": 31.2124996185
    },
    "melbands_skewness": {
        "mean": 1.1639559269,
        "var": 0.660741627216
    },
    "melbands_spread": {
        "mean": 10.5786190033,
        "var": 67.9166030884
    },
    "pitch_salience": {
        "mean": 0.524361312389,
        "var": 0.0145400129259
    },
    "silence_rate_20dB": {
        "mean": 1,
        "var": 0
    },
    "silence_rate_30dB": {
        "mean": 1,
        "var": 0
    },
    "silence_rate_60dB": {
        "mean": 0.249742537737,
        "var": 0.187375292182
    },
    "spectral_centroid": {
        "mean": 683.46472168,
        "var": 134605.671875
    },
    "spectral_complexity": {
        "mean": 8.16323375702,
        "var": 8.09435939789
    },
    "spectral_decrease": {
        "mean": -3.9491121484e-009,
        "var": 1.9900637086e-017
    },
    "spectral_energy": {
        "mean": 0.0158257521689,
        "var": 0.00031959291664
    },
    "spectral_energyband_high": {
        "mean": 3.74484727672e-008,
        "var": 1.85419556736e-015
    },
    "spectral_energyband_low": {
        "mean": 0.000140983465826,
        "var": 2.52764431607e-009
    },
    "spectral_energyband_middle_high": {
        "mean": 0.00257020280696,
        "var": 1.39193407449e-005
    },
    "spectral_energyband_middle_low": {
        "mean": 0.0132897375152,
        "var": 0.00025398877915
    },
    "spectral_entropy": {
        "mean": 5.87046098709,
        "var": 0.176183849573
    },
    "spectral_flux": {
        "mean": 0.0529721416533,
        "var": 0.00136017391924
    },
    "spectral_kurtosis": {
        "mean": 104.242416382,
        "var": 2363.72631836
    },
    "spectral_rms": {
        "mean": 0.00337654328905,
        "var": 4.03869898946e-006
    },
    "spectral_rolloff": {
        "mean": 985.459655762,
        "var": 641363.6875
    },
    "spectral_skewness": {
        "mean": 6.35217142105,
        "var": 6.55311536789
    },
    "spectral_spread": {
        "mean": 816779.8125,
        "var": 1.79600778854e+012
    },
    "spectral_strongpeak": {
        "mean": 1.61624920368,
        "var": 2.162784338
    },
    "zerocrossingrate": {
        "mean": 0.0340486913919,
        "var": 0.000389685941627
    },
    "barkbands": {
        "mean": [1.39992039294e-006, 0.000120670934848, 1.15466509669e-005, 3.27016496158e-005, 0.000600292871241, 0.00100311113056, 0.00210458179936, 0.00640388019383, 0.00277777342126, 0.000617670943029, 0.000374222057872, 0.000630635477137, 0.000790069287177, 0.000189910031622, 9.9924080132e-005, 3.821808059e-005, 2.67506220553e-005, 2.36232858697e-006, 1.74061243197e-009, 2.05010208809e-009, 6.48095488387e-009, 1.59737965078e-008, 8.39615044157e-009, 8.05469857479e-010, 2.27404517439e-009, 1.82155579509e-009, 4.62227228715e-010],
        "var": [8.53289769571e-013, 1.39861178194e-009, 5.01351460347e-010, 8.35664648591e-010, 4.13528226773e-007, 1.54255110374e-006, 3.07400805468e-005, 0.000139029318234, 6.46387125016e-005, 1.71808869709e-006, 1.6245014649e-006, 4.15600379711e-006, 4.87177976538e-006, 1.04601078021e-007, 2.78650169605e-008, 1.87637727578e-009, 8.18989598361e-010, 2.73095348419e-011, 7.9105052145e-018, 6.22910304157e-018, 8.88784855586e-017, 5.54449979581e-016, 1.63579082183e-016, 2.01909079978e-018, 1.05773619791e-017, 7.05399277742e-018, 9.35854877647e-019]
    },
    "erbbands": {
        "mean": [0.00432845996693, 0.0240486543626, 0.0147827370092, 0.0575996637344, 0.311907500029, 2.45570492744, 4.90955400467, 9.57450199127, 17.9753170013, 101.345672607, 115.099731445, 66.1978530884, 25.6138629913, 11.6937541962, 19.5380535126, 30.9211215973, 37.1569824219, 10.7437410355, 7.55894517899, 3.43835997581, 2.00011467934, 1.4463660717, 0.297740250826, 0.0101255327463, 0.000754902081098, 0.000214199913898, 0.00025156501215, 0.000496529275551, 0.000566450704355, 0.000409175088862, 0.000133489971631, 3.48421599483e-005, 2.48504202318e-005, 2.11697733903e-005, 3.75112867914e-005, 2.29827492149e-005, 6.92377216183e-006, 1.63071274528e-006, 7.90602280176e-006, 1.81297818926e-005],
        "var": [1.65532901519e-006, 6.21941144345e-005, 0.00028056211886, 0.00291807483882, 0.120574168861, 8.42722129822, 28.9270038605, 149.486709595, 2418.12255859, 38986.5976563, 53618.7304688, 36175.2539063, 2337.69702148, 1575.80761719, 2897.828125, 8687.47949219, 9315.13574219, 253.237335205, 168.714096069, 16.7684230804, 3.74243283272, 2.48531556129, 0.148276627064, 0.000133194509544, 5.21698837019e-007, 3.3023496826e-008, 1.12432360311e-007, 4.879871085e-007, 6.00574821874e-007, 2.80015797216e-007, 3.52320377317e-008, 1.8353509823e-009, 1.07927866644e-009, 6.68926081193e-010, 2.45162534718e-009, 8.08145161901e-010, 6.27612892212e-011, 3.64897218344e-012, 7.92079804524e-011, 4.1881356716e-010]
    },
    "gfcc": {
        "mean": [-231.131317139, 249.384613037, -142.439300537, -83.2791061401, -11.0154342651, -12.114030838, -43.7029685974, -14.1475038528, 23.398891449, -4.27634191513, -6.52555513382, 12.4309635162, -2.76921081543],
        "cov": [[3804.25073242, -143.850540161, -296.195495605, -791.387878418, -677.447509766, -4.32407808304, 267.085723877, 283.262451172, 125.382400513, -44.0383300781, -123.738540649, -34.9019851685, -123.373062134], [-143.850540161, 305.744842529, -15.2674913406, 98.4825134277, 135.596313477, -35.4820899963, -105.941375732, -104.910980225, -15.6461086273, -11.3790712357, 14.7756071091, 30.6526165009, 39.3121261597], [-296.195495605, -15.2674913406, 222.994781494, -0.120914429426, -95.0739212036, 15.3112096786, 16.9501018524, -27.5629043579, 3.47043323517, -1.6919465065, -33.430934906, 21.3016719818, 4.84915304184], [-791.387878418, 98.4825134277, -0.120914429426, 319.329620361, 283.005004883, -77.7363052368, -191.10005188, -95.264541626, -28.3155517578, 12.2995862961, 39.6123733521, -2.85634016991, 49.807762146], [-677.447509766, 135.596313477, -95.0739212036, 283.005004883, 336.603485107, -42.9827194214, -180.330657959, -110.323822021, -34.0978317261, 23.8497810364, 61.4757118225, -15.1259241104, 39.7197113037], [-4.32407808304, -35.4820899963, 15.3112096786, -77.7363052368, -42.9827194214, 110.199264526, 89.2681045532, -6.69197702408, -29.5883388519, 1.58463060856, 1.66194534302, -4.95661020279, -18.9213352203], [267.085723877, -105.941375732, 16.9501018524, -191.10005188, -180.330657959, 89.2681045532, 209.487716675, 105.670684814, -12.1793298721, -47.8687286377, -32.0056533813, 6.79949569702, -42.3809890747], [283.262451172, -104.910980225, -27.5629043579, -95.264541626, -110.323822021, -6.69197702408, 105.670684814, 140.999420166, 35.8090553284, -41.0946388245, -42.550907135, -12.3555183411, -26.7581539154], [125.382400513, -15.6461086273, 3.47043323517, -28.3155517578, -34.0978317261, -29.5883388519, -12.1793298721, 35.8090553284, 75.6947555542, 32.3728523254, -25.2398719788, -26.6216487885, -9.16145992279], [-44.0383300781, -11.3790712357, -1.6919465065, 12.2995862961, 23.8497810364, 1.58463060856, -47.8687286377, -41.0946388245, 32.3728523254, 83.7433395386, 29.6481437683, -21.5969429016, -11.2176542282], [-123.738540649, 14.7756071091, -33.430934906, 39.6123733521, 61.4757118225, 1.66194534302, -32.0056533813, -42.550907135, -25.2398719788, 29.6481437683, 78.5874938965, 24.7254257202, -13.9635887146], [-34.9019851685, 30.6526165009, 21.3016719818, -2.85634016991, -15.1259241104, -4.95661020279, 6.79949569702, -12.3555183411, -26.6216487885, -21.5969429016, 24.7254257202, 62.6323127747, 19.9306621552], [-123.373062134, 39.3121261597, 4.84915304184, 49.807762146, 39.7197113037, -18.9213352203, -42.3809890747, -26.7581539154, -9.16145992279, -11.2176542282, -13.9635887146, 19.9306621552, 63.377117157]],
        "icov": [[0.00156713475008, -0.000600645842496, 0.00332664651796, 0.00292861112393, 0.00354984099977, -0.000405460479669, 0.00481859594584, -0.00110158114694, 0.00148204818834, 0.00055554532446, 0.00186072150245, -0.000328505906509, 0.00210431287996], [-0.000600645842496, 0.00781078869477, -0.000571364304051, 0.00194763985928, -0.00652308529243, 0.0029051064048, -0.00333498185501, 0.00984996464103, -0.00649979664013, 0.0051617748104, 0.00357186980546, -0.00594847090542, 0.00201460556127], [0.00332664651796, -0.000571364304051, 0.0261892229319, -0.0172514654696, 0.0293099097908, -0.00730123696849, 0.00337187270634, 0.0149552226067, -0.00881357770413, 0.00375744048506, 0.0127376569435, -0.00965843070298, 0.011639142409], [0.00292861112393, 0.00194763985928, -0.0172514654696, 0.0550268366933, -0.0368137583137, 0.0133230891079, 0.02332479693, -0.0224362816662, 0.0229408610612, -0.00356180570088, 0.00275162025355, 0.0022279927507, -0.00166672281921], [0.00354984099977, -0.00652308529243, 0.0293099097908, -0.0368137583137, 0.0571646466851, -0.0179182812572, 0.00839594192803, 0.012055227533, -0.0114116277546, 0.0106153972447, -0.00582676334307, 0.00726736662909, 0.00383424432948], [-0.000405460479669, 0.0029051064048, -0.00730123696849, 0.0133230891079, -0.0179182812572, 0.0355455055833, -0.0232875160873, 0.011583221145, 0.00988448876888, -0.00928544439375, 0.0037421179004, 0.00499778240919, -0.00230528833345], [0.00481859594584, -0.00333498185501, 0.00337187270634, 0.02332479693, 0.00839594192803, -0.0232875160873, 0.057140879333, -0.0338778495789, 0.0194279085845, 0.00411124527454, 0.00446117902175, -0.00382254086435, 0.0102739427239], [-0.00110158114694, 0.00984996464103, 0.0149552226067, -0.0224362816662, 0.012055227533, 0.011583221145, -0.0338778495789, 0.0578092373908, -0.0368311591446, 0.0221225935966, 0.00440976722166, -0.00459681404755, 0.00689860945567], [0.00148204818834, -0.00649979664013, -0.00881357770413, 0.0229408610612, -0.0114116277546, 0.00988448876888, 0.0194279085845, -0.0368311591446, 0.0600917004049, -0.0362501963973, 0.0178075488657, 0.00184907298535, 0.00271857040934], [0.00055554532446, 0.0051617748104, 0.00375744048506, -0.00356180570088, 0.0106153972447, -0.00928544439375, 0.00411124527454, 0.0221225935966, -0.0362501963973, 0.0519475638866, -0.0287536960095, 0.017479756847, -0.00482183182612], [0.00186072150245, 0.00357186980546, 0.0127376569435, 0.00275162025355, -0.00582676334307, 0.0037421179004, 0.00446117902175, 0.00440976722166, 0.0178075488657, -0.0287536960095, 0.0639553740621, -0.0438137054443, 0.033237747848], [-0.000328505906509, -0.00594847090542, -0.00965843070298, 0.0022279927507, 0.00726736662909, 0.00499778240919, -0.00382254086435, -0.00459681404755, 0.00184907298535, 0.017479756847, -0.0438137054443, 0.0573474019766, -0.0298477169126], [0.00210431287996, 0.00201460556127, 0.011639142409, -0.00166672281921, 0.00383424432948, -0.00230528833345, 0.0102739427239, 0.00689860945567, 0.00271857040934, -0.00482183182612, 0.033237747848, -0.0298477169126, 0.041985373944]]
    },
    "melbands": {
        "mean": [3.71055211872e-005, 1.5532163161e-005, 1.61630578077e-005, 8.03336661193e-005, 0.000175685403519, 0.000209084973903, 0.000304450921249, 0.00123922748026, 0.000935542746447, 0.00034657822107, 0.00011480764806, 4.3754986109e-005, 5.63216053706e-005, 6.30614158581e-005, 0.000119368640298, 4.707403059e-005, 1.77154670382e-005, 1.3176720131e-005, 6.44167403152e-006, 3.11261237584e-006, 2.14005513044e-006, 1.63676088505e-006, 7.05749471308e-007, 3.09105665508e-008, 7.15316555988e-011, 7.1202606311e-011, 5.84813031335e-011, 6.25034815571e-011, 1.01124948693e-010, 1.74684350318e-010, 3.69064945271e-010, 4.59571491973e-010, 6.83110304434e-011, 2.93055579803e-010, 6.67400787413e-011, 2.42964121044e-011, 9.76990016666e-012, 9.97139176784e-012, 6.83096851653e-012, 7.94959150591e-012],
        "var": [1.23788257422e-010, 6.23602905425e-011, 2.04025754624e-010, 9.58306944909e-009, 2.99986453456e-008, 7.0696522414e-008, 7.41857832054e-007, 5.50641607333e-006, 3.92715992348e-006, 1.08095173346e-006, 5.78792374029e-008, 2.54990890625e-008, 2.68808424408e-008, 3.44001271912e-008, 1.0786748561e-007, 1.31684601001e-008, 9.0235524608e-010, 6.32137397982e-010, 7.7692637046e-011, 1.45771780063e-011, 4.77648216118e-012, 3.52317090432e-012, 1.05961929769e-012, 2.86089189583e-015, 1.58404990369e-020, 1.17285834041e-020, 5.94119405351e-021, 5.94650933518e-021, 1.66881216734e-020, 1.20810529795e-019, 3.66861193263e-019, 4.87772070405e-019, 3.46286359917e-021, 1.92397428342e-019, 1.36179939779e-020, 1.39927213357e-021, 3.12367840104e-022, 3.0566025049e-022, 1.86936684255e-022, 1.71314145996e-022]
    },
    "mfcc": {
        "mean": [-833.980773926, 251.572143555, -17.8212623596, -56.0341758728, 19.4646205902, 3.16209292412, -37.4291877747, -11.0747261047, 7.99679136276, -8.40306854248, 1.42089664936, 20.070520401, 3.80552244186],
        "cov": [[885.160705566, 640.487121582, -233.81137085, -372.256622314, -203.397705078, -201.437011719, -118.06917572, 117.75629425, 107.37134552, -19.8411216736, 71.7691345215, 104.295715332, -34.0508003235], [640.487121582, 510.341644287, -97.978805542, -281.063018799, -213.53742981, -163.335922241, -59.0168190002, 92.2831192017, 71.1470184326, -13.3589487076, 42.4571990967, 66.7730178833, -11.1404275894], [-233.81137085, -97.978805542, 185.462005615, 112.985115051, -28.501083374, 15.2897062302, 48.8003196716, -26.367143631, -36.1607208252, 0.239328235388, -41.3863754272, -47.229347229, 28.4601459503], [-372.256622314, -281.063018799, 112.985115051, 260.888031006, 203.532226563, 88.067024231, -32.5184059143, -105.215881348, -53.4744720459, -2.03686285019, -61.8659210205, -76.361579895, 4.38904523849], [-203.397705078, -213.53742981, -28.501083374, 203.532226563, 297.20098877, 133.535369873, -84.6596450806, -146.165435791, -56.9140853882, 2.28617596626, -42.2359962463, -60.9186859131, -20.0544815063], [-201.437011719, -163.335922241, 15.2897062302, 88.067024231, 133.535369873, 148.578903198, 43.5771331787, -90.1691055298, -75.7143325806, -2.2132704258, -14.282289505, -29.1514816284, -2.27756023407], [-118.06917572, -59.0168190002, 48.8003196716, -32.5184059143, -84.6596450806, 43.5771331787, 139.676986694, 63.3962974548, -28.3011455536, -28.5860729218, 0.684571921825, 17.5797672272, 10.8109359741], [117.75629425, 92.2831192017, -26.367143631, -105.215881348, -146.165435791, -90.1691055298, 63.3962974548, 158.920639038, 76.7610778809, -27.2498416901, -0.383392840624, 38.9442825317, 1.12489879131], [107.37134552, 71.1470184326, -36.1607208252, -53.4744720459, -56.9140853882, -75.7143325806, -28.3011455536, 76.7610778809, 99.1932220459, 33.7369346619, -3.75473833084, -6.20319461823, -10.2645215988], [-19.8411216736, -13.3589487076, 0.239328235388, -2.03686285019, 2.28617596626, -2.2132704258, -28.5860729218, -27.2498416901, 33.7369346619, 76.0943756104, 33.4132614136, -22.7120780945, -21.3685588837], [71.7691345215, 42.4571990967, -41.3863754272, -61.8659210205, -42.2359962463, -14.282289505, 0.684571921825, -0.383392840624, -3.75473833084, 33.4132614136, 86.9942779541, 56.9827957153, -17.9092674255], [104.295715332, 66.7730178833, -47.229347229, -76.361579895, -60.9186859131, -29.1514816284, 17.5797672272, 38.9442825317, -6.20319461823, -22.7120780945, 56.9827957153, 95.0542449951, 26.9193344116], [-34.0508003235, -11.1404275894, 28.4601459503, 4.38904523849, -20.0544815063, -2.27756023407, 10.8109359741, 1.12489879131, -10.2645215988, -21.3685588837, -17.9092674255, 26.9193344116, 63.8720588684]],
        "icov": [[-469.586303711, 655.455200195, -627.670227051, 577.741394043, -508.438354492, 428.370178223, -347.655059814, 271.909118652, -201.675430298, 136.128067017, -78.6670761108, 34.8198013306, -9.9502620697], [655.455200195, -914.624328613, 875.323608398, -805.28729248, 708.714660645, -597.367675781, 484.99911499, -379.190093994, 280.851318359, -189.150863647, 109.05594635, -48.1660423279, 13.7513399124], [-627.670227051, 875.323608398, -836.575378418, 768.807983398, -676.598754883, 570.826477051, -463.789031982, 362.330413818, -267.521697998, 179.307769775, -102.823516846, 45.1909828186, -12.8576784134], [577.741394043, -805.28729248, 768.807983398, -705.85333252, 621.149291992, -524.358886719, 426.237457275, -332.742095947, 245.043258667, -163.582580566, 93.3894424438, -40.8605995178, 11.5855722427], [-508.438354492, 708.714660645, -676.598754883, 621.149291992, -546.435791016, 461.104309082, -374.634307861, 292.385894775, -215.276748657, 143.713775635, -82.0124435425, 35.8677215576, -10.1394414902], [428.370178223, -597.367675781, 570.826477051, -524.358886719, 461.104309082, -388.571380615, 315.304962158, -246.052490234, 181.502746582, -121.574256897, 69.6483535767, -30.5660800934, 8.65235710144], [-347.655059814, 484.99911499, -463.789031982, 426.237457275, -374.634307861, 315.304962158, -255.471801758, 199.283416748, -147.158462524, 98.8239746094, -56.7662239075, 24.9730606079, -7.06174325943], [271.909118652, -379.190093994, 362.330413818, -332.742095947, 292.385894775, -246.052490234, 199.283416748, -155.200119019, 114.309593201, -76.5121841431, 43.8303794861, -19.2334766388, 5.43773841858], [-201.675430298, 280.851318359, -267.521697998, 245.043258667, -215.276748657, 181.502746582, -147.158462524, 114.309593201, -83.460647583, 55.1570091248, -31.1319046021, 13.4623279572, -3.75370049477], [136.128067017, -189.150863647, 179.307769775, -163.582580566, 143.713775635, -121.574256897, 98.8239746094, -76.5121841431, 55.1570091248, -35.6752090454, 19.6275081635, -8.2469625473, 2.24111843109], [-78.6670761108, 109.05594635, -102.823516846, 93.3894424438, -82.0124435425, 69.6483535767, -56.7662239075, 43.8303794861, -31.1319046021, 19.6275081635, -10.3854045868, 4.16333770752, -1.05169892311], [34.8198013306, -48.1660423279, 45.1909828186, -40.8605995178, 35.8677215576, -30.5660800934, 24.9730606079, -19.2334766388, 13.4623279572, -8.2469625473, 4.16333770752, -1.53958058357, 0.337555259466], [-9.9502620697, 13.7513399124, -12.8576784134, 11.5855722427, -10.1394414902, 8.65235710144, -7.06174325943, 5.43773841858, -3.75370049477, 2.24111843109, -1.05169892311, 0.337555259466, -0.0235941782594]]
    },
    "spectral_contrast_coeffs": {
        "mean": [-0.65626257658, -0.64093631506, -0.740021467209, -0.756015717983, -0.565681099892, -0.853071331978],
        "var": [0.00424152053893, 0.00842787418514, 0.00771704316139, 0.00290849455632, 0.00162352214102, 0.00228673731908]
    },
    "spectral_contrast_valleys": {
        "mean": [-8.6093044281, -7.06472301483, -7.9946975708, -8.27580165863, -13.2050075531, -14.8195466995],
        "var": [0.523845672607, 0.889946341515, 0.767922401428, 0.632060527802, 0.493123322725, 1.24732661247]
    }
},
"metadata": {
    "audio_properties": {
        "analysis_sample_rate": 44100,
        "bit_rate": 98155,
        "equal_loudness": 0,
        "length": 45.0612258911,
        "lossless": 0,
        "replay_gain": -12.4260921478,
        "sample_rate": 44100,
        "codec": "mp3",
        "downmix": "mix",
        "md5_encoded": "8729de750ee55b38662b2ac0db5605c4"
    },
    "tags": {
        "file_name": "280.mp3"
    },
    "version": {
        "essentia": "2.1-beta2",
        "essentia_git_sha": "v2.1_beta2",
        "extractor": "music 1.0"
    }
},
"rhythm": {
    "beats_count": 102,
    "beats_loudness": {
        "mean": 0.0166806597263,
        "var": 0.000312066666083
    },
    "bpm": 136.499847412,
    "bpm_histogram_first_peak_bpm": {
        "mean": 136,
        "var": 0
    },
    "bpm_histogram_first_peak_spread": {
        "mean": 0.5625,
        "var": 0
    },
    "bpm_histogram_first_peak_weight": {
        "mean": 0.138613864779,
        "var": 0
    },
    "bpm_histogram_second_peak_bpm": {
        "mean": 108,
        "var": 0
    },
    "bpm_histogram_second_peak_spread": {
        "mean": 0.599999964237,
        "var": 0
    },
    "bpm_histogram_second_peak_weight": {
        "mean": 0.079207919538,
        "var": 0
    },
    "danceability": 0.850541651249,
    "onset_rate": 2.30693078041,
    "beats_loudness_band_ratio": {
        "mean": [0.0339121185243, 0.262996077538, 0.546272754669, 0.149255052209, 0.0451196394861, 4.98885356137e-006],
        "var": [0.00119032431394, 0.0531647689641, 0.0665552169085, 0.0156227722764, 0.00333617720753, 3.87426028758e-011]
    },
    "beats_position": [0.441179126501, 0.882358253002, 1.3235373497, 1.77632653713, 2.21750569344, 2.65868473053, 3.08825397491, 3.52943301201, 3.98222208023, 4.41179132462, 4.86458063126, 5.31736946106, 5.78176879883, 6.24616765976, 6.71056699753, 7.16335582733, 7.59292507172, 8.0224943161, 8.45206356049, 9.0093421936, 9.56662082672, 10.1239004135, 10.6811790466, 11.2152376175, 11.7609071732, 12.3065757751, 12.8754644394, 13.4443531036, 14.0132427216, 14.5821313858, 15.1394100189, 15.696688652, 16.2539672852, 16.7996368408, 17.3453063965, 17.9025840759, 18.4482536316, 18.9939231873, 19.574420929, 20.154920578, 20.7238082886, 21.153377533, 21.5945568085, 22.035736084, 22.4769153595, 22.918094635, 23.3476638794, 23.7888431549, 24.2300224304, 24.6595916748, 25.0891609192, 25.5303401947, 25.9715194702, 26.4010887146, 26.7958278656, 27.1673469543, 27.5620861053, 27.9684352875, 28.3515644073, 28.7346935272, 29.1294326782, 29.5125617981, 29.895690918, 30.2788200378, 30.6503391266, 31.0218582153, 31.4165973663, 31.7997264862, 32.1828575134, 32.5775947571, 32.9491157532, 33.3438529968, 33.750202179, 34.2029914856, 34.6209526062, 35.0621299744, 35.4916992188, 35.9444885254, 36.4088897705, 36.8732872009, 37.2331962585, 37.5931053162, 37.9530143738, 38.3129234314, 38.6844444275, 39.0327415466, 39.3810424805, 39.7293434143, 40.0660324097, 40.402721405, 40.7510185242, 41.099319458, 41.4360084534, 41.761089325, 42.0977783203, 42.4228553772, 42.7479362488, 43.0730133057, 43.4097061157, 43.7463951111, 44.071472168, 44.3965530396]
},
"tonal": {
    "chords_changes_rate": 0.0689300447702,
    "chords_number_rate": 0.0133744860068,
    "chords_strength": {
        "mean": 0.600091814995,
        "var": 0.0129763698205
    },
    "hpcp_entropy": {
        "mean": 1.4989989996,
        "var": 0.561644017696
    },
    "key_strength": 0.640924036503,
    "tuning_diatonic_strength": 0.671295940876,
    "tuning_equal_tempered_deviation": 0.302719920874,
    "tuning_frequency": 451.586883545,
    "tuning_nontempered_energy_ratio": 0.905970871449,
    "hpcp": {
        "mean": [0.0462777167559, 0.0470688678324, 0.0664005056024, 0.0950278863311, 0.130420804024, 0.169141933322, 0.216212138534, 0.276215463877, 0.314661592245, 0.266983956099, 0.158393487334, 0.0808645859361, 0.0671418607235, 0.0946454703808, 0.12329030782, 0.12011423707, 0.0899790897965, 0.0797374397516, 0.117495730519, 0.169330894947, 0.172509282827, 0.128457099199, 0.0953359976411, 0.0806983932853, 0.073546089232, 0.0750100314617, 0.0780582204461, 0.0936123207211, 0.119963608682, 0.117152959108, 0.0815388485789, 0.0472408421338, 0.0328415334225, 0.038617618382, 0.0493514798582, 0.0534979663789],
        "var": [0.0157055910677, 0.0174527149647, 0.0223066881299, 0.0248691458255, 0.0437016934156, 0.0750998929143, 0.0977642089128, 0.118115879595, 0.134192988276, 0.129267096519, 0.0780230611563, 0.0398194119334, 0.0305534005165, 0.0460869446397, 0.0614167079329, 0.0664290338755, 0.0449717789888, 0.0379920601845, 0.0529434904456, 0.075223274529, 0.0714350193739, 0.0490036085248, 0.0398697815835, 0.0343733429909, 0.0281717889011, 0.0282600540668, 0.0281753614545, 0.0274537317455, 0.0373659804463, 0.037905998528, 0.026669986546, 0.013519895263, 0.00931861344725, 0.0122910505161, 0.0155894085765, 0.0200335048139]
    },
    "chords_histogram": [55.8641967773, 2.36625504494, 2.98353910446, 0.925925910473, 0, 0, 0.205761313438, 0, 0, 0, 2.16049385071, 1.85185182095, 6.06995868683, 1.85185182095, 1.85185182095, 0.411522626877, 0, 2.77777767181, 0, 0, 5.45267486572, 1.54320991039, 7.40740728378, 6.27572011948],
    "thpcp": [1, 0.848479628563, 0.503377258778, 0.256989061832, 0.213377997279, 0.300784945488, 0.391818732023, 0.381725132465, 0.285955101252, 0.253406971693, 0.373403459787, 0.538136541843, 0.548237502575, 0.408238887787, 0.302979469299, 0.256460905075, 0.233730748296, 0.238383188844, 0.248070374131, 0.297501593828, 0.381246417761, 0.372314125299, 0.259131878614, 0.150132209063, 0.104370966554, 0.122727461159, 0.156839862466, 0.170017465949, 0.147071391344, 0.149585679173, 0.211021959782, 0.302000284195, 0.414479583502, 0.537536025047, 0.687125921249, 0.877817511559],
    "chords_key": "B",
    "chords_scale": "major",
    "key_key": "B",
    "key_scale": "major"
}
}