{
"lowlevel": {
    "average_loudness": 0.754489302635,
    "barkbands_crest": {
        "mean": 9.56234455109,
        "var": 17.6434288025
    },
    "barkbands_flatness_db": {
        "mean": 0.149814888835,
        "var": 0.00133103760891
    },
    "barkbands_kurtosis": {
        "mean": 2.16670441628,
        "var": 42.3876838684
    },
    "barkbands_skewness": {
        "mean": 1.07929396629,
        "var": 1.10856163502
    },
    "barkbands_spread": {
        "mean": 23.2289009094,
        "var": 116.305809021
    },
    "dissonance": {
        "mean": 0.459335803986,
        "var": 0.000972643727437
    },
    "dynamic_complexity": 3.8256418705,
    "erbbands_crest": {
        "mean": 10.4006137848,
        "var": 20.7657146454
    },
    "erbbands_flatness_db": {
        "mean": 0.197274744511,
        "var": 0.00157322629821
    },
    "erbbands_kurtosis": {
        "mean": 0.119942806661,
        "var": 4.83839702606
    },
    "erbbands_skewness": {
        "mean": 0.0528125986457,
        "var": 0.881487727165
    },
    "erbbands_spread": {
        "mean": 32.5809020996,
        "var": 116.353561401
    },
    "hfc": {
        "mean": 13.237490654,
        "var": 252.027069092
    },
    "melbands_crest": {
        "mean": 12.7467689514,
        "var": 32.2948455811
    },
    "melbands_flatness_db": {
        "mean": 0.204830333591,
        "var": 0.002165208105
    },
    "melbands_kurtosis": {
        "mean": 6.97013807297,
        "var": 188.233779907
    },
    "melbands_skewness": {
        "mean": 1.91980731487,
        "var": 1.61936497688
    },
    "melbands_spread": {
        "mean": 29.7911949158,
        "var": 397.443572998
    },
    "pitch_salience": {
        "mean": 0.521582722664,
        "var": 0.0124687440693
    },
    "silence_rate_20dB": {
        "mean": 1,
        "var": 0
    },
    "silence_rate_30dB": {
        "mean": 1,
        "var": 0
    },
    "silence_rate_60dB": {
        "mean": 0.132852733135,
        "var": 0.115202464163
    },
    "spectral_centroid": {
        "mean": 1675.31201172,
        "var": 542091.5625
    },
    "spectral_complexity": {
        "mean": 15.4464473724,
        "var": 72.4686355591
    },
    "spectral_decrease": {
        "mean": -3.71070374428e-009,
        "var": 1.31347140928e-017
    },
    "spectral_energy": {
        "mean": 0.0152057325467,
        "var": 0.000214146930375
    },
    "spectral_energyband_high": {
        "mean": 0.000193109852262,
        "var": 6.33718286736e-007
    },
    "spectral_energyband_low": {
        "mean": 0.00327343307436,
        "var": 6.42687446089e-005
    },
    "spectral_energyband_middle_high": {
        "mean": 0.00388350849971,
        "var": 2.25844323722e-005
    },
    "spectral_energyband_middle_low": {
        "mean": 0.0080783655867,
        "var": 8.34956226754e-005
    },
    "spectral_entropy": {
        "mean": 7.18244218826,
        "var": 0.106637470424
    },
    "spectral_flux": {
        "mean": 0.0509286820889,
        "var": 0.00148666964378
    },
    "spectral_kurtosis": {
        "mean": 6.57873868942,
        "var": 7.56991815567
    },
    "spectral_rms": {
        "mean": 0.0034846116323,
        "var": 2.6923266887e-006
    },
    "spectral_rolloff": {
        "mean": 1736.93591309,
        "var": 1730257.625
    },
    "spectral_skewness": {
        "mean": 1.60653972626,
        "var": 0.199545741081
    },
    "spectral_spread": {
        "mean": 3297670.25,
        "var": 2.39917622886e+012
    },
    "spectral_strongpeak": {
        "mean": 1.24731123447,
        "var": 2.64025020599
    },
    "zerocrossingrate": {
        "mean": 0.0595376268029,
        "var": 0.000904630869627
    },
    "barkbands": {
        "mean": [0.000317484897096, 0.00224015419371, 0.00058153970167, 0.000382105092285, 0.000561221910175, 0.00293346261606, 0.00210410729051, 0.000543111294974, 0.0013045175001, 0.000732660351787, 0.000215694395592, 0.000121173696243, 0.000117161835078, 0.000193258776562, 0.000479037465993, 0.000653765338939, 0.000166505822563, 0.000482223695144, 0.000583950022701, 0.000389704015106, 6.67885615258e-005, 1.2129850802e-005, 5.41329973203e-006, 8.38718733576e-006, 7.32011767468e-006, 2.78805032394e-006, 7.81153772778e-008],
        "var": [1.03640309135e-006, 4.17715709773e-005, 1.16470755529e-006, 7.50186188725e-007, 5.79504273901e-007, 2.17598535528e-005, 1.02691510619e-005, 8.53349263252e-007, 5.75454396312e-006, 1.01566115518e-006, 1.28764895635e-007, 4.23430002172e-008, 5.73127714176e-008, 1.82769852586e-007, 1.14992701583e-006, 1.1095831951e-006, 8.56852295783e-008, 7.95722257863e-007, 1.35916593536e-006, 1.71199201304e-006, 3.30156439077e-007, 1.05326469768e-009, 2.63361762953e-011, 8.19320999934e-011, 7.10479730603e-011, 4.70261225793e-011, 4.91552531643e-014]
    },
    "erbbands": {
        "mean": [0.0914089679718, 0.395629793406, 0.684740006924, 0.996907532215, 1.47676467896, 2.02716612816, 11.5034694672, 26.5936908722, 30.6775417328, 21.7624053955, 16.4436855316, 17.4313774109, 34.0198936462, 20.3557796478, 5.69721651077, 5.7280626297, 5.07282209396, 8.27731704712, 10.5489044189, 36.6225700378, 35.5788841248, 10.8416652679, 23.8138809204, 32.0471305847, 30.353433609, 12.2184677124, 4.68693780899, 1.25171411037, 0.485825330019, 0.225947991014, 0.174147516489, 0.13801908493, 0.165116518736, 0.0947456285357, 0.0485790483654, 0.0178017038852, 0.00392581149936, 0.000382876722142, 1.82739622687e-005, 1.87699261005e-005],
        "var": [0.0755762383342, 1.26292181015, 1.80090165138, 3.29225182533, 5.66425466537, 6.72744417191, 600.086975098, 2044.33569336, 2101.41601563, 1301.96252441, 1101.88549805, 801.745727539, 3419.72802734, 1050.37207031, 54.4354476929, 94.3634567261, 86.7116775513, 242.229263306, 498.757110596, 5285.72509766, 3423.94165039, 288.926940918, 1578.50732422, 2899.9375, 5737.74902344, 1710.84008789, 1048.30627441, 58.3346672058, 2.55689024925, 0.066238977015, 0.0255689285696, 0.0170354060829, 0.038923420012, 0.0112667381763, 0.00356969377026, 0.00127744860947, 0.000165490739164, 1.23616007386e-006, 8.19250500772e-010, 3.1584274085e-010]
    },
    "gfcc": {
        "mean": [-53.3216323853, 118.5258255, -139.506210327, 35.7379646301, -54.6844367981, -2.14028739929, -40.6764183044, 30.9933071136, -16.1772956848, 0.852600574493, 0.0270186290145, -4.46314811707, 3.4518840313],
        "cov": [[4833.11474609, 252.5287323, -667.743347168, -148.521484375, -80.0508041382, -483.330963135, -186.337203979, -2.59334540367, -104.244316101, 193.085205078, -112.3934021, -44.9056816101, -35.7215423584], [252.5287323, 664.939941406, -241.811981201, -39.453742981, -78.6953430176, -149.263381958, -17.6084518433, -154.648925781, 95.0249557495, -114.082939148, 96.0237426758, -154.746856689, 95.743019104], [-667.743347168, -241.811981201, 785.270996094, 4.20457315445, -30.397983551, 234.98588562, -43.8648643494, 69.714225769, -48.1142807007, 34.9158325195, -84.283241272, 114.804214478, -83.8959960938], [-148.521484375, -39.453742981, 4.20457315445, 227.218261719, 68.1521530151, 33.8762969971, 60.1004371643, 11.6291780472, -17.384645462, 7.10180139542, 38.288974762, -19.5737915039, 22.1176643372], [-80.0508041382, -78.6953430176, -30.397983551, 68.1521530151, 164.827011108, 75.002571106, 33.1390342712, -2.52751302719, 0.505491733551, 26.9395122528, -12.7028694153, 8.34752464294, -21.740644455], [-483.330963135, -149.263381958, 234.98588562, 33.8762969971, 75.002571106, 326.39251709, 23.534948349, 37.7586975098, -3.8538544178, 5.6937122345, -38.464389801, 53.5246734619, -31.0359897614], [-186.337203979, -17.6084518433, -43.8648643494, 60.1004371643, 33.1390342712, 23.534948349, 144.091323853, 26.4489116669, -5.6771068573, -5.69255924225, 20.0644302368, -14.6124124527, 13.6948623657], [-2.59334540367, -154.648925781, 69.714225769, 11.6291780472, -2.52751302719, 37.7586975098, 26.4489116669, 181.95085144, 22.0703620911, -14.0152406693, -6.67127370834, 44.8692893982, -28.3785839081], [-104.244316101, 95.0249557495, -48.1142807007, -17.384645462, 0.505491733551, -3.8538544178, -5.6771068573, 22.0703620911, 128.485046387, -11.0257329941, -0.838479042053, -18.2839164734, 27.3310375214], [193.085205078, -114.082939148, 34.9158325195, 7.10180139542, 26.9395122528, 5.6937122345, -5.69255924225, -14.0152406693, -11.0257329941, 113.33000946, -17.1299915314, 14.6690855026, -26.9862880707], [-112.3934021, 96.0237426758, -84.283241272, 38.288974762, -12.7028694153, -38.464389801, 20.0644302368, -6.67127370834, -0.838479042053, -17.1299915314, 115.110015869, -10.727437973, 19.4704647064], [-44.9056816101, -154.746856689, 114.804214478, -19.5737915039, 8.34752464294, 53.5246734619, -14.6124124527, 44.8692893982, -18.2839164734, 14.6690855026, -10.727437973, 114.259025574, -7.10859966278], [-35.7215423584, 95.743019104, -83.8959960938, 22.1176643372, -21.740644455, -31.0359897614, 13.6948623657, -28.3785839081, 27.3310375214, -26.9862880707, 19.4704647064, -7.10859966278, 113.540847778]],
        "icov": [[0.000629852642305, -0.00159060640726, 0.000843229412567, -0.000389436638216, 0.000205061034649, 0.00030354919727, 0.000779635913204, -0.0017451584572, 0.00182244600728, -0.00239435327239, 0.00203894102015, -0.00137830257881, 0.000386660540244], [-0.00159060640726, 0.00963899679482, -0.00261001149192, 0.00227078306489, -0.000188264093595, -1.46336151374e-005, -0.00170000246726, 0.00828435830772, -0.00807083211839, 0.0102930255234, -0.00885953940451, 0.00840118899941, -0.00232931296341], [0.000843229412567, -0.00261001149192, 0.00354482652619, -0.00160573830362, 0.00209330348298, -0.00116425508168, 0.00147130258847, -0.00259195547551, 0.00288963411003, -0.00380464224145, 0.00430129561573, -0.00395831139758, 0.0020702527836], [-0.000389436638216, 0.00227078306489, -0.00160573830362, 0.00751082133502, -0.00350787327625, -6.18981630396e-006, -0.00159285147674, 0.000487911718665, -0.000188095582416, 0.00159618526231, -0.00475649395958, 0.00478659709916, -0.00350624509156], [0.000205061034649, -0.000188264093595, 0.00209330348298, -0.00350787327625, 0.010226951912, -0.00226886523888, -0.000942788319662, 0.00129959138576, -0.00100470345933, -0.00170672975946, 0.0025711003691, -0.00267899455503, 0.00345751037821], [0.00030354919727, -1.46336151374e-005, -0.00116425508168, -6.18981630396e-006, -0.00226886523888, 0.00519730430096, -0.000459144474007, -0.00029481636011, -0.000100227487565, 0.000320493185427, 0.000953681359533, -0.000905260734726, 9.67730811681e-005], [0.000779635913204, -0.00170000246726, 0.00147130258847, -0.00159285147674, -0.000942788319662, -0.000459144474007, 0.00988160539418, -0.00412859721109, 0.00342849013396, -0.0029529617168, 0.00139265751932, 0.000406021281378, -0.00119411817286], [-0.0017451584572, 0.00828435830772, -0.00259195547551, 0.000487911718665, 0.00129959138576, -0.00029481636011, -0.00412859721109, 0.0155481239781, -0.0103199407458, 0.0113946460187, -0.00739530660212, 0.0029254949186, 0.00165106297936], [0.00182244600728, -0.00807083211839, 0.00288963411003, -0.000188095582416, -0.00100470345933, -0.000100227487565, 0.00342849013396, -0.0103199407458, 0.0172363836318, -0.0100201386958, 0.00792830809951, -0.00386130809784, -0.00179377803579], [-0.00239435327239, 0.0102930255234, -0.00380464224145, 0.00159618526231, -0.00170672975946, 0.000320493185427, -0.0029529617168, 0.0113946460187, -0.0100201386958, 0.0227912776172, -0.00923354271799, 0.00683702481911, 0.00025037737214], [0.00203894102015, -0.00885953940451, 0.00430129561573, -0.00475649395958, 0.0025711003691, 0.000953681359533, 0.00139265751932, -0.00739530660212, 0.00792830809951, -0.00923354271799, 0.0200639590621, -0.00937308277935, 0.00282312836498], [-0.00137830257881, 0.00840118899941, -0.00395831139758, 0.00478659709916, -0.00267899455503, -0.000905260734726, 0.000406021281378, 0.0029254949186, -0.00386130809784, 0.00683702481911, -0.00937308277935, 0.0211617015302, -0.00596661958843], [0.000386660540244, -0.00232931296341, 0.0020702527836, -0.00350624509156, 0.00345751037821, 9.67730811681e-005, -0.00119411817286, 0.00165106297936, -0.00179377803579, 0.00025037737214, 0.00282312836498, -0.00596661958843, 0.0139847835526]]
    },
    "melbands": {
        "mean": [0.000717106391676, 0.000416179798776, 0.000194194348296, 0.000115844988613, 0.000319271959597, 0.000601568317506, 0.00046099210158, 0.000197960907826, 0.000146374688484, 0.000133807930979, 0.000170451938175, 8.38985142764e-005, 2.26249503612e-005, 1.05679973785e-005, 1.8238215489e-005, 1.04308091977e-005, 1.61744283105e-005, 1.2610335034e-005, 4.44261277153e-005, 4.49446015409e-005, 4.01246688853e-005, 8.79869548953e-006, 1.27755802168e-005, 2.84554425889e-005, 2.52818917943e-005, 2.4048385967e-005, 2.0516661607e-005, 5.22551454196e-006, 3.64546303899e-006, 1.31946740112e-006, 4.31679978874e-007, 2.63925414856e-007, 2.18559762288e-007, 7.61227170187e-008, 7.68551231545e-008, 1.39465640814e-007, 5.86567274752e-008, 1.18918215719e-007, 9.10140158794e-008, 8.5404970207e-008],
        "var": [4.4960638661e-006, 8.59626084093e-007, 1.12349439974e-007, 2.42685782581e-008, 4.06617289173e-007, 9.12808729936e-007, 4.35750138195e-007, 1.0803241679e-007, 1.13082897713e-007, 5.66934055257e-008, 8.43093559411e-008, 1.96547329523e-008, 1.12233056182e-009, 2.43000841671e-010, 1.70931457877e-009, 3.07633446495e-010, 9.78222391979e-010, 1.01848296463e-009, 1.08668265497e-008, 5.95341731469e-009, 5.03230301874e-009, 2.40308078991e-010, 6.36532548892e-010, 2.75455191989e-009, 2.11073958312e-009, 3.33117999851e-009, 5.00345898047e-009, 3.50618478695e-010, 6.95478119539e-010, 9.68760280329e-011, 6.77773202146e-012, 1.02948259726e-012, 9.82175495448e-014, 7.67889661498e-015, 5.67578693802e-015, 1.90309194185e-014, 3.27833260213e-015, 1.8396261348e-014, 1.43513622346e-014, 9.61021389692e-015]
    },
    "mfcc": {
        "mean": [-687.583190918, 141.660247803, -20.3726158142, 30.9642772675, 9.99923992157, -25.1185340881, 1.07380485535, 4.35270881653, -0.350888818502, 11.8380594254, 0.507012605667, -6.70852422714, 7.75677251816],
        "cov": [[3090.38452148, 330.256408691, -766.979370117, 187.438018799, -211.573562622, -275.721374512, -142.348693848, -344.573364258, -12.681845665, -8.56931495667, -67.5627593994, 31.4597835541, 36.7187995911], [330.256408691, 503.40335083, -68.5360717773, -36.3417816162, -62.6116790771, -64.6700592041, -117.815292358, -79.0410461426, -51.7522926331, -4.8109292984, -17.3217754364, -26.0491600037, -25.4414291382], [-766.979370117, -68.5360717773, 680.259216309, -91.5102844238, 102.47454071, 76.9126205444, 11.2831926346, 98.2371139526, -3.70867729187, 13.4533367157, 33.7269020081, -51.9608650208, -45.3581733704], [187.438018799, -36.3417816162, -91.5102844238, 223.353271484, -32.266746521, -30.3337745667, 46.6398544312, -38.2691879272, -15.4492616653, 28.0640926361, -17.4655742645, -17.8684539795, 27.4432201385], [-211.573562622, -62.6116790771, 102.47454071, -32.266746521, 159.757781982, 78.6440200806, 11.5622177124, 54.5595092773, 21.6000328064, -2.15921831131, 8.16234779358, 22.5587177277, 4.85764980316], [-275.721374512, -64.6700592041, 76.9126205444, -30.3337745667, 78.6440200806, 244.093978882, 65.3959274292, -18.1297512054, 42.4674186707, -11.2934427261, -8.33015060425, 24.1181564331, -10.3341245651], [-142.348693848, -117.815292358, 11.2831926346, 46.6398544312, 11.5622177124, 65.3959274292, 167.458938599, 43.6682701111, -17.0295143127, 20.3466186523, 4.10983657837, -7.95334625244, 19.8815326691], [-344.573364258, -79.0410461426, 98.2371139526, -38.2691879272, 54.5595092773, -18.1297512054, 43.6682701111, 186.684646606, 31.5961074829, -4.11692237854, 44.5213127136, 4.16319656372, -8.25734901428], [-12.681845665, -51.7522926331, -3.70867729187, -15.4492616653, 21.6000328064, 42.4674186707, -17.0295143127, 31.5961074829, 128.448623657, 16.8602638245, -6.05422544479, 33.6092910767, -10.7313814163], [-8.56931495667, -4.8109292984, 13.4533367157, 28.0640926361, -2.15921831131, -11.2934427261, 20.3466186523, -4.11692237854, 16.8602638245, 94.5742416382, 22.4320888519, -25.0553665161, -1.67852461338], [-67.5627593994, -17.3217754364, 33.7269020081, -17.4655742645, 8.16234779358, -8.33015060425, 4.10983657837, 44.5213127136, -6.05422544479, 22.4320888519, 108.346496582, 16.5594940186, -27.9623661041], [31.4597835541, -26.0491600037, -51.9608650208, -17.8684539795, 22.5587177277, 24.1181564331, -7.95334625244, 4.16319656372, 33.6092910767, -25.0553665161, 16.5594940186, 94.763458252, 12.7148733139], [36.7187995911, -25.4414291382, -45.3581733704, 27.4432201385, 4.85764980316, -10.3341245651, 19.8815326691, -8.25734901428, -10.7313814163, -1.67852461338, -27.9623661041, 12.7148733139, 79.2751846313]],
        "icov": [[0.000671211571898, -0.000292918208288, 0.000473947147839, -0.000134434740175, -0.000424952449976, 0.0010722236475, -0.000568355899304, 0.00148794532288, -0.000948243832681, 0.000672933412716, -0.000488477060571, 0.000239072876866, 5.13931991009e-005], [-0.000292918208288, 0.00295816338621, 8.51039294503e-005, 0.000414925947553, 0.000989663298242, -0.00093573355116, 0.00248989625834, -0.000829563708976, 0.00221984693781, -0.00134228297975, 0.00105160276871, -0.000145039608469, 0.000762871990446], [0.000473947147839, 8.51039294503e-005, 0.00239061261527, 0.000410984444898, -0.00103702105116, -1.43105098687e-005, 0.000255862309132, 5.46675764781e-005, 5.3731353546e-005, -1.18634516184e-005, -0.00036934230593, 0.00147551333066, 0.00067662546644], [-0.000134434740175, 0.000414925947553, 0.000410984444898, 0.005971620325, -9.77209419943e-005, 0.00117596855853, -0.00213526724838, 0.00152413919568, -0.000364971085219, -0.000877965532709, 0.00013068872795, 0.000991662847809, -0.000964062055573], [-0.000424952449976, 0.000989663298242, -0.00103702105116, -9.77209419943e-005, 0.010774361901, -0.0052157426253, 0.00383988860995, -0.00549963116646, 0.00327993137762, -0.00315112317912, 0.00205549784005, -0.00302412221208, -0.00133370852564], [0.0010722236475, -0.00093573355116, -1.43105098687e-005, 0.00117596855853, -0.0052157426253, 0.0106510557234, -0.00721757439896, 0.00782313290983, -0.00647538062185, 0.00466110091656, -0.00210079923272, 0.000882232154254, 0.00146041845437], [-0.000568355899304, 0.00248989625834, 0.000255862309132, -0.00213526724838, 0.00383988860995, -0.00721757439896, 0.0138637097552, -0.00772239360958, 0.00733078178018, -0.00581494998187, 0.00289442599751, -0.00142005214002, -0.00139159383252], [0.00148794532288, -0.000829563708976, 5.46675764781e-005, 0.00152413919568, -0.00549963116646, 0.00782313290983, -0.00772239360958, 0.0152763957158, -0.00864966027439, 0.00682158162817, -0.00652643898502, 0.00367105007172, -0.000484346819576], [-0.000948243832681, 0.00221984693781, 5.3731353546e-005, -0.000364971085219, 0.00327993137762, -0.00647538062185, 0.00733078178018, -0.00864966027439, 0.016949724406, -0.00909498613328, 0.0070160664618, -0.00733374757692, 0.00327704427764], [0.000672933412716, -0.00134228297975, -1.18634516184e-005, -0.000877965532709, -0.00315112317912, 0.00466110091656, -0.00581494998187, 0.00682158162817, -0.00909498613328, 0.0184316914529, -0.0080676600337, 0.0078452527523, -0.00242061913013], [-0.000488477060571, 0.00105160276871, -0.00036934230593, 0.00013068872795, 0.00205549784005, -0.00210079923272, 0.00289442599751, -0.00652643898502, 0.0070160664618, -0.0080676600337, 0.0162927750498, -0.00745516037568, 0.00622321013361], [0.000239072876866, -0.000145039608469, 0.00147551333066, 0.000991662847809, -0.00302412221208, 0.000882232154254, -0.00142005214002, 0.00367105007172, -0.00733374757692, 0.0078452527523, -0.00745516037568, 0.0182943046093, -0.0050079934299], [5.13931991009e-005, 0.000762871990446, 0.00067662546644, -0.000964062055573, -0.00133370852564, 0.00146041845437, -0.00139159383252, -0.000484346819576, 0.00327704427764, -0.00242061913013, 0.00622321013361, -0.0050079934299, 0.0175175014883]]
    },
    "spectral_contrast_coeffs": {
        "mean": [-0.716197311878, -0.699414134026, -0.717032968998, -0.755402505398, -0.724359333515, -0.76514852047],
        "var": [0.00399420503527, 0.00475854054093, 0.00441690068692, 0.00236540962942, 0.00322498520836, 0.00145297823474]
    },
    "spectral_contrast_valleys": {
        "mean": [-7.69087266922, -6.92673063278, -7.96042013168, -8.16894054413, -8.09735774994, -11.4855623245],
        "var": [0.927881360054, 1.22171425819, 1.02940154076, 1.03864598274, 1.04855358601, 0.585753440857]
    }
},
"metadata": {
    "audio_properties": {
        "analysis_sample_rate": 44100,
        "bit_rate": 106840,
        "equal_loudness": 0,
        "length": 45.0612258911,
        "lossless": 0,
        "replay_gain": -8.25305557251,
        "sample_rate": 44100,
        "codec": "mp3",
        "downmix": "mix",
        "md5_encoded": "c19e7a14846d0df51c0b23ded22440a0"
    },
    "tags": {
        "file_name": "282.mp3"
    },
    "version": {
        "essentia": "2.1-beta2",
        "essentia_git_sha": "v2.1_beta2",
        "extractor": "music 1.0"
    }
},
"rhythm": {
    "beats_count": 71,
    "beats_loudness": {
        "mean": 0.0179755352437,
        "var": 0.000272997684078
    },
    "bpm": 95.4701690674,
    "bpm_histogram_first_peak_bpm": {
        "mean": 96,
        "var": 0
    },
    "bpm_histogram_first_peak_spread": {
        "mean": 0.37142854929,
        "var": 0
    },
    "bpm_histogram_first_peak_weight": {
        "mean": 0.62857145071,
        "var": 0
    },
    "bpm_histogram_second_peak_bpm": {
        "mean": 0,
        "var": 0
    },
    "bpm_histogram_second_peak_spread": {
        "mean": 0,
        "var": 0
    },
    "bpm_histogram_second_peak_weight": {
        "mean": 0,
        "var": 0
    },
    "danceability": 0.941695451736,
    "onset_rate": 3.17202997208,
    "beats_loudness_band_ratio": {
        "mean": [0.278946518898, 0.206422165036, 0.238979205489, 0.0827891901135, 0.136354416609, 0.0903320685029],
        "var": [0.0560493953526, 0.0304831378162, 0.0358703657985, 0.00543840648606, 0.012671909295, 0.0147959580645]
    },
    "beats_position": [0.626938760281, 1.27709746361, 1.91564619541, 2.55419492722, 3.20435357094, 3.85451245308, 4.5046710968, 5.15482997894, 5.80498838425, 6.44353723526, 7.08208608627, 7.70902490616, 8.33596324921, 8.96290206909, 9.57823085785, 10.2167797089, 10.8437185287, 11.4706573486, 12.0975961685, 12.7245349884, 13.3514738083, 13.9784126282, 14.5937414169, 15.2206802368, 15.8592290878, 16.4745578766, 17.0898857117, 17.7168254852, 18.3437633514, 18.9823131561, 19.6208610535, 20.247800827, 20.8747386932, 21.5016784668, 22.128616333, 22.7555541992, 23.3708839417, 23.9862117767, 24.6131515503, 25.2400894165, 25.8670291901, 26.4939670563, 27.1209068298, 27.747844696, 28.3747844696, 29.0017223358, 29.6286621094, 30.2555999756, 30.8825397491, 31.5094776154, 32.1248054504, 32.7517471313, 33.3786849976, 33.99401474, 34.6209526062, 35.2478904724, 35.8748283386, 36.4901580811, 37.1054878235, 37.7324256897, 38.3593635559, 38.9863014221, 39.6016311646, 40.2285690308, 40.8555107117, 41.4824485779, 42.1209983826, 42.7479362488, 43.374874115, 44.0018119812, 44.6287536621]
},
"tonal": {
    "chords_changes_rate": 0.0432098768651,
    "chords_number_rate": 0.0123456791043,
    "chords_strength": {
        "mean": 0.503391623497,
        "var": 0.00503673404455
    },
    "hpcp_entropy": {
        "mean": 2.12326931953,
        "var": 0.380976080894
    },
    "key_strength": 0.598046839237,
    "tuning_diatonic_strength": 0.352022409439,
    "tuning_equal_tempered_deviation": 0.225310623646,
    "tuning_frequency": 434.193115234,
    "tuning_nontempered_energy_ratio": 0.939782083035,
    "hpcp": {
        "mean": [0.142873287201, 0.142076924443, 0.110788755119, 0.233319401741, 0.343362927437, 0.226450681686, 0.160684078932, 0.161131381989, 0.0937401503325, 0.0802096128464, 0.0884106978774, 0.0713142156601, 0.0891570150852, 0.10819260031, 0.0814353227615, 0.0785419940948, 0.0810166969895, 0.0741325691342, 0.195391088724, 0.233933344483, 0.11786198616, 0.107042066753, 0.106239505112, 0.157327339053, 0.291290819645, 0.235519900918, 0.104285947978, 0.199779182673, 0.307353019714, 0.178645581007, 0.0800504162908, 0.0965073034167, 0.123190559447, 0.255197942257, 0.296519696712, 0.174329891801],
        "var": [0.045663330704, 0.0503705106676, 0.0306469183415, 0.0653446167707, 0.122540131211, 0.0615854375064, 0.0521521866322, 0.0641577467322, 0.0209065340459, 0.0141256805509, 0.0182237774134, 0.0136806732044, 0.0210728477687, 0.0433259904385, 0.022022543475, 0.0203977711499, 0.0188706964254, 0.0142128271982, 0.0747466906905, 0.105709634721, 0.0272069498897, 0.0486578047276, 0.051260907203, 0.0409913174808, 0.126604914665, 0.0834770873189, 0.0241722967476, 0.0570113174617, 0.14291639626, 0.0592902936041, 0.0215261653066, 0.0317110083997, 0.0370843112469, 0.0800475850701, 0.106794387102, 0.0527645125985]
    },
    "chords_histogram": [12.1399173737, 1.74897122383, 0.925925910473, 6.17283964157, 0, 6.27572011948, 0, 2.16049385071, 0.205761313438, 15.3292179108, 12.2427988052, 0.617283940315, 0, 0, 0, 0, 2.67489719391, 0.617283940315, 3.80658435822, 0, 0, 5.86419773102, 16.6666660309, 12.551440239],
    "thpcp": [1, 0.659508228302, 0.467971533537, 0.469274252653, 0.273006021976, 0.233600094914, 0.257484704256, 0.207693397999, 0.259658247232, 0.315096914768, 0.23716981709, 0.228743374348, 0.235950618982, 0.215901494026, 0.569051206112, 0.681300520897, 0.343257755041, 0.311746150255, 0.309408783913, 0.458195477724, 0.848346710205, 0.685921192169, 0.303719311953, 0.581830978394, 0.895125806332, 0.52028208971, 0.233136460185, 0.281065016985, 0.358776539564, 0.743230938911, 0.863575160503, 0.507713198662, 0.41609993577, 0.413780629635, 0.322657883167, 0.679512500763],
    "chords_key": "G#",
    "chords_scale": "minor",
    "key_key": "D#",
    "key_scale": "minor"
}
}