{
"lowlevel": {
    "average_loudness": 0.728188097477,
    "barkbands_crest": {
        "mean": 14.1849336624,
        "var": 27.3026599884
    },
    "barkbands_flatness_db": {
        "mean": 0.28678765893,
        "var": 0.00733174057677
    },
    "barkbands_kurtosis": {
        "mean": 25.6379261017,
        "var": 757.138183594
    },
    "barkbands_skewness": {
        "mean": 3.21597623825,
        "var": 3.91044306755
    },
    "barkbands_spread": {
        "mean": 6.16069459915,
        "var": 90.7962188721
    },
    "dissonance": {
        "mean": 0.40841755271,
        "var": 0.00416112458333
    },
    "dynamic_complexity": 3.42933678627,
    "erbbands_crest": {
        "mean": 13.5889549255,
        "var": 26.2182922363
    },
    "erbbands_flatness_db": {
        "mean": 0.270517230034,
        "var": 0.00423246715218
    },
    "erbbands_kurtosis": {
        "mean": 7.70895576477,
        "var": 70.4721450806
    },
    "erbbands_skewness": {
        "mean": 2.02433180809,
        "var": 1.47511541843
    },
    "erbbands_spread": {
        "mean": 21.3200149536,
        "var": 362.118377686
    },
    "hfc": {
        "mean": 8.95855522156,
        "var": 247.144805908
    },
    "melbands_crest": {
        "mean": 18.479183197,
        "var": 47.5814666748
    },
    "melbands_flatness_db": {
        "mean": 0.356708407402,
        "var": 0.0119725335389
    },
    "melbands_kurtosis": {
        "mean": 33.0047416687,
        "var": 1304.70361328
    },
    "melbands_skewness": {
        "mean": 3.46773552895,
        "var": 4.59283733368
    },
    "melbands_spread": {
        "mean": 7.14341402054,
        "var": 197.935745239
    },
    "pitch_salience": {
        "mean": 0.558615446091,
        "var": 0.0262120068073
    },
    "silence_rate_20dB": {
        "mean": 1,
        "var": 0
    },
    "silence_rate_30dB": {
        "mean": 0.99330586195,
        "var": 0.00664932699874
    },
    "silence_rate_60dB": {
        "mean": 0.100926876068,
        "var": 0.0907434225082
    },
    "spectral_centroid": {
        "mean": 566.157104492,
        "var": 404814.59375
    },
    "spectral_complexity": {
        "mean": 8.99124622345,
        "var": 68.8770523071
    },
    "spectral_decrease": {
        "mean": -4.74739714207e-009,
        "var": 2.90425065214e-017
    },
    "spectral_energy": {
        "mean": 0.0187303721905,
        "var": 0.000449930084869
    },
    "spectral_energyband_high": {
        "mean": 0.000378358614398,
        "var": 2.26705196837e-006
    },
    "spectral_energyband_low": {
        "mean": 0.00258092698641,
        "var": 3.88824410038e-005
    },
    "spectral_energyband_middle_high": {
        "mean": 0.00092378113186,
        "var": 5.43828991795e-006
    },
    "spectral_energyband_middle_low": {
        "mean": 0.0164062194526,
        "var": 0.000364704726962
    },
    "spectral_entropy": {
        "mean": 6.20790290833,
        "var": 0.771967411041
    },
    "spectral_flux": {
        "mean": 0.0478073358536,
        "var": 0.00129165977705
    },
    "spectral_kurtosis": {
        "mean": 21.6723880768,
        "var": 591.277038574
    },
    "spectral_rms": {
        "mean": 0.00380865344778,
        "var": 3.76770299226e-006
    },
    "spectral_rolloff": {
        "mean": 631.734741211,
        "var": 1258546.75
    },
    "spectral_skewness": {
        "mean": 3.10107111931,
        "var": 3.60778260231
    },
    "spectral_spread": {
        "mean": 2777782.75,
        "var": 2.91117072384e+012
    },
    "spectral_strongpeak": {
        "mean": 0.760869383812,
        "var": 0.35944762826
    },
    "zerocrossingrate": {
        "mean": 0.0280238743871,
        "var": 0.00106057105586
    },
    "barkbands": {
        "mean": [5.20016419614e-006, 6.26196488156e-005, 0.00100436119828, 0.00197654799558, 0.00794524885714, 0.00314826145768, 0.00199223170057, 0.00073851813795, 0.00050508370623, 0.000289445772069, 9.36534925131e-005, 5.88503971812e-005, 3.23241001752e-005, 3.49599504261e-005, 6.83443431626e-005, 5.46210321772e-005, 7.56538647693e-005, 0.000108167128928, 0.000116559487651, 8.29419950605e-005, 0.0001292629604, 0.000137498893309, 4.73092659377e-005, 1.79121743713e-005, 4.06948993259e-006, 7.03767682353e-007, 2.86187482601e-008],
        "var": [9.44320940888e-011, 6.87861945181e-009, 5.32629201189e-006, 2.38110678765e-005, 0.000200847280212, 1.78116824827e-005, 1.11989938887e-005, 3.57506633009e-006, 2.78849324786e-006, 1.05846936549e-006, 8.08945728181e-008, 2.21893312613e-008, 5.71052582998e-009, 7.45702166682e-009, 3.55785552131e-008, 3.49132704969e-008, 6.74361757547e-008, 1.62232282719e-007, 2.14246554719e-007, 1.12331719038e-007, 2.84974674969e-007, 4.7217139354e-007, 5.52799441778e-008, 4.90515761342e-009, 4.05640354639e-010, 1.62937493359e-011, 6.16367850856e-014]
    },
    "erbbands": {
        "mean": [0.000718407216482, 0.0294504333287, 0.734124958515, 5.53530883789, 10.5707044601, 28.8255443573, 39.6632995605, 20.9282283783, 31.4507541656, 20.4532489777, 14.7063322067, 11.3499479294, 10.2030620575, 6.99979925156, 3.36158633232, 2.4790790081, 1.61863386631, 1.68584096432, 3.13377737999, 3.02901387215, 3.44596171379, 4.13142061234, 5.51391172409, 6.28290843964, 5.36878252029, 3.86002254486, 4.11826705933, 6.05513238907, 5.15529108047, 2.75299167633, 1.21679580212, 0.520553290844, 0.222786605358, 0.0676219537854, 0.0197745896876, 0.00478359404951, 0.00112224149052, 0.000106763021904, 1.32586783366e-005, 2.17270680878e-005],
        "var": [1.06745187622e-006, 0.0013872932177, 2.26255059242, 186.871368408, 249.225479126, 2634.59887695, 6615.36962891, 956.559082031, 2907.28833008, 1985.96325684, 1417.26513672, 1402.22253418, 1593.53918457, 457.214050293, 81.4295272827, 45.9158325195, 12.8455038071, 17.3543586731, 55.9914054871, 90.0113983154, 131.694000244, 205.568496704, 416.523468018, 553.625549316, 494.194946289, 270.547302246, 202.030899048, 845.13684082, 640.424255371, 194.830749512, 35.4077148438, 4.51105546951, 0.758740067482, 0.115929804742, 0.00908505450934, 0.000558949541301, 4.65765806439e-005, 6.38408096165e-007, 9.05200969736e-010, 6.22794815719e-010]
    },
    "gfcc": {
        "mean": [-141.638214111, 157.21395874, -107.490280151, 26.4687957764, -73.0962295532, -28.0323143005, -47.8913726807, -22.8740215302, -25.9929580688, -12.0651903152, -14.3307914734, -14.1193962097, -1.3569996357],
        "cov": [[9679.77734375, -2305.46337891, -2145.75268555, 1023.581604, -1287.97241211, 50.398979187, 124.012130737, 420.47265625, -78.8814468384, -110.330947876, -336.39642334, 220.561050415, -152.528747559], [-2305.46337891, 1633.22216797, 658.072265625, -614.508422852, 522.812805176, -218.531646729, 0.00896445382386, -234.927215576, 110.191894531, -42.5478820801, 199.502227783, -192.657028198, 93.9912185669], [-2145.75268555, 658.072265625, 932.83380127, -198.965606689, 420.119567871, 37.1007194519, -65.9661254883, -144.227172852, -15.2100667953, 24.5766067505, 59.8114585876, -71.6005172729, -25.7308540344], [1023.581604, -614.508422852, -198.965606689, 610.700622559, -117.484283447, 97.9152908325, 56.3610572815, 72.3200531006, -25.4630432129, -19.488576889, -125.463729858, -31.4313831329, -43.8168258667], [-1287.97241211, 522.812805176, 420.119567871, -117.484283447, 534.815124512, -14.8832197189, -98.8072433472, -170.06427002, -32.1853713989, 66.4038467407, 44.0889053345, -82.5455780029, 24.6433238983], [50.398979187, -218.531646729, 37.1007194519, 97.9152908325, -14.8832197189, 211.587051392, 3.08123230934, 57.9698295593, -28.0753383636, -17.7995452881, -42.5716362, 11.5808925629, -19.2685947418], [124.012130737, 0.00896445382386, -65.9661254883, 56.3610572815, -98.8072433472, 3.08123230934, 165.975662231, 51.3248519897, 15.4053497314, -55.8048744202, -20.1779327393, 2.11376571655, -8.40774822235], [420.47265625, -234.927215576, -144.227172852, 72.3200531006, -170.06427002, 57.9698295593, 51.3248519897, 185.881744385, 49.5095176697, -36.2157745361, -41.9312667847, 10.006480217, -30.9866485596], [-78.8814468384, 110.191894531, -15.2100667953, -25.4630432129, -32.1853713989, -28.0753383636, 15.4053497314, 49.5095176697, 121.458679199, -8.90014743805, -2.76100516319, -52.2467002869, -7.89671850204], [-110.330947876, -42.5478820801, 24.5766067505, -19.488576889, 66.4038467407, -17.7995452881, -55.8048744202, -36.2157745361, -8.90014743805, 147.538314819, 17.147354126, 8.19251918793, -30.7294902802], [-336.39642334, 199.502227783, 59.8114585876, -125.463729858, 44.0889053345, -42.5716362, -20.1779327393, -41.9312667847, -2.76100516319, 17.147354126, 106.615158081, 15.8642978668, 14.8151502609], [220.561050415, -192.657028198, -71.6005172729, -31.4313831329, -82.5455780029, 11.5808925629, 2.11376571655, 10.006480217, -52.2467002869, 8.19251918793, 15.8642978668, 146.55380249, 1.93776118755], [-152.528747559, 93.9912185669, -25.7308540344, -43.8168258667, 24.6433238983, -19.2685947418, -8.40774822235, -30.9866485596, -7.89671850204, -30.7294902802, 14.8151502609, 1.93776118755, 97.1276168823]],
        "icov": [[0.000307045615045, -0.000193546788068, 0.000616701552644, -0.000332061055815, 0.00036331571755, 1.43387042044e-005, 0.000446610734798, 3.04487566609e-005, 0.000381780293537, 0.000158927679877, 0.000472765474115, -0.000224096424063, 0.000655772164464], [-0.000193546788068, 0.00497711775824, -0.00163359299768, 0.00329274591058, -0.00270650256425, 0.0019007048104, -0.00342630827799, 0.00188213586807, -0.00296519510448, 0.00231145252474, -0.00401114486158, 0.00425863498822, -0.00168294331525], [0.000616701552644, -0.00163359299768, 0.00354072451591, -0.000976803479716, -4.91019818583e-006, -0.00125826720614, 0.00158420938533, 0.000292345648631, 0.00121320958715, 0.000395870796638, 0.00151839933824, -0.0012956665596, 0.00304680201225], [-0.000332061055815, 0.00329274591058, -0.000976803479716, 0.00486806454137, -0.00182555697393, 0.000484749180032, -0.00294334394857, 0.00129857868887, -0.00112644815817, 0.00124545523431, -0.000741109077353, 0.00390086625703, -0.000714022782631], [0.00036331571755, -0.00270650256425, -4.91019818583e-006, -0.00182555697393, 0.00598730845377, -0.00123921385966, 0.00293424585834, 0.00102093338501, 0.00256817298941, -0.0022875177674, 0.00250072451308, -0.000371528178221, 0.000290596392006], [1.43387042044e-005, 0.0019007048104, -0.00125826720614, 0.000484749180032, -0.00123921385966, 0.00738968234509, -0.000509947538376, -0.00227450043894, 0.0012022171868, 0.00147081492469, -9.72648558673e-005, 0.00120876228902, -0.000367027125321], [0.000446610734798, -0.00342630827799, 0.00158420938533, -0.00294334394857, 0.00293424585834, -0.000509947538376, 0.010488181375, -0.00202420214191, 0.00217065261677, 0.00127023993991, 0.00317019922659, -0.00302943051793, 0.00268060038798], [3.04487566609e-005, 0.00188213586807, 0.000292345648631, 0.00129857868887, 0.00102093338501, -0.00227450043894, -0.00202420214191, 0.0118192620575, -0.00561963720247, 0.00212348741479, 1.10191103886e-005, 0.000677275820635, 0.00197470141575], [0.000381780293537, -0.00296519510448, 0.00121320958715, -0.00112644815817, 0.00256817298941, 0.0012022171868, 0.00217065261677, -0.00561963720247, 0.0153238205239, -0.00167753512505, 0.002390289912, 0.00285987672396, 0.00155765633099], [0.000158927679877, 0.00231145252474, 0.000395870796638, 0.00124545523431, -0.0022875177674, 0.00147081492469, 0.00127023993991, 0.00212348741479, -0.00167753512505, 0.0108421370387, -0.00241645448841, 0.000696685747243, 0.0039876550436], [0.000472765474115, -0.00401114486158, 0.00151839933824, -0.000741109077353, 0.00250072451308, -9.72648558673e-005, 0.00317019922659, 1.10191103886e-005, 0.002390289912, -0.00241645448841, 0.0171977635473, -0.00492242863402, 0.00122091744561], [-0.000224096424063, 0.00425863498822, -0.0012956665596, 0.00390086625703, -0.000371528178221, 0.00120876228902, -0.00302943051793, 0.000677275820635, 0.00285987672396, 0.000696685747243, -0.00492242863402, 0.0141931856051, -0.00184800010175], [0.000655772164464, -0.00168294331525, 0.00304680201225, -0.000714022782631, 0.000290596392006, -0.000367027125321, 0.00268060038798, 0.00197470141575, 0.00155765633099, 0.0039876550436, 0.00122091744561, -0.00184800010175, 0.015393585898]]
    },
    "melbands": {
        "mean": [1.02397389128e-005, 0.00026442669332, 0.000889480288606, 0.00152969278861, 0.00137622305192, 0.000510998361278, 0.00045140896691, 0.000203647912713, 0.000112688561785, 6.9538175012e-005, 5.03529772686e-005, 2.9571558116e-005, 1.20876311485e-005, 7.0361716098e-006, 4.94879577673e-006, 3.12007159664e-006, 3.00276656162e-006, 4.487755632e-006, 5.10905147166e-006, 3.5049329199e-006, 4.22601760874e-006, 4.15955310018e-006, 4.58004478787e-006, 5.44191470908e-006, 5.06859441884e-006, 4.25516145697e-006, 3.26057511302e-006, 2.35525453718e-006, 2.36191999647e-006, 3.03439310301e-006, 3.74367618861e-006, 3.080055194e-006, 2.24941209126e-006, 1.24061591578e-006, 7.62236652463e-007, 4.13662604615e-007, 2.75818393902e-007, 1.73095031641e-007, 8.7123957826e-008, 4.5961105144e-008],
        "var": [1.88648832666e-010, 2.91974572519e-007, 3.81666586691e-006, 6.71296174914e-006, 8.53085475683e-006, 5.60937280625e-007, 5.7313650359e-007, 2.23724683224e-007, 8.7559953954e-008, 5.74710128376e-008, 4.04337221482e-008, 8.8385077035e-009, 1.14990861277e-009, 3.03654629219e-010, 1.72464431625e-010, 5.19289958256e-011, 6.24684540207e-011, 1.14101283977e-010, 2.42063091793e-010, 1.40635322832e-010, 2.04235156565e-010, 2.19000734214e-010, 2.57764615208e-010, 4.79295547695e-010, 3.80413561762e-010, 3.22503995731e-010, 2.01771349628e-010, 1.0902802966e-010, 7.0487171655e-011, 1.38613814871e-010, 4.16737255815e-010, 2.22673920969e-010, 1.64419852733e-010, 3.98173161109e-011, 1.6189705826e-011, 3.22665288585e-012, 1.31493969359e-012, 4.69209957346e-013, 1.74772224687e-013, 6.98330146964e-014]
    },
    "mfcc": {
        "mean": [-781.960083008, 175.066619873, 15.6363945007, 37.6334838867, -9.55218791962, -7.49135017395, -19.7182235718, -20.3673324585, -13.1062116623, -14.5742025375, -12.451043129, -9.40298461914, -8.99216651917],
        "cov": [[9642.50585938, -2916.47753906, -1487.31945801, 549.100708008, -1372.46630859, -247.778320313, -314.21496582, 592.997009277, 180.605911255, 123.65512085, 24.8728179932, -118.639198303, -249.891082764], [-2916.47753906, 2008.47216797, 312.276855469, -299.871337891, 436.498199463, -38.8224868774, 71.5873336792, -312.640380859, -96.1809234619, -92.7833938599, 24.8084373474, 66.5650482178, 104.268867493], [-1487.31945801, 312.276855469, 605.315124512, -98.0824966431, 212.512161255, 53.3098220825, 55.1629753113, 20.6801185608, -20.565870285, 9.87679576874, -9.13238716125, 27.4463939667, 19.4282646179], [549.100708008, -299.871337891, -98.0824966431, 381.911804199, -29.4813365936, 75.1865386963, 18.4787197113, -13.4688024521, 41.1926879883, 34.4107971191, 0.765514612198, -25.6810512543, -36.0522041321], [-1372.46630859, 436.498199463, 212.512161255, -29.4813365936, 514.589599609, 133.884750366, 57.3877067566, -166.68711853, -42.2982788086, 1.12282788754, -28.7171344757, 4.14496850967, 48.9610671997], [-247.778320313, -38.8224868774, 53.3098220825, 75.1865386963, 133.884750366, 197.611099243, 62.1650123596, -56.5800857544, -13.3379240036, -5.52974510193, -26.727519989, -10.242102623, -0.356884807348], [-314.21496582, 71.5873336792, 55.1629753113, 18.4787197113, 57.3877067566, 62.1650123596, 122.811332703, 4.657330513, -14.1100625992, -19.2932262421, -14.2642030716, 2.90169906616, -2.32502841949], [592.997009277, -312.640380859, 20.6801185608, -13.4688024521, -166.68711853, -56.5800857544, 4.657330513, 252.774597168, 60.3668441772, 22.7601242065, -2.26417827606, -21.2000904083, -40.3393211365], [180.605911255, -96.1809234619, -20.565870285, 41.1926879883, -42.2982788086, -13.3379240036, -14.1100625992, 60.3668441772, 110.265899658, 59.7324562073, 5.06232595444, -27.7150936127, -22.467546463], [123.65512085, -92.7833938599, 9.87679576874, 34.4107971191, 1.12282788754, -5.52974510193, -19.2932262421, 22.7601242065, 59.7324562073, 145.024612427, 29.2981491089, -46.3555641174, -17.1860084534], [24.8728179932, 24.8084373474, -9.13238716125, 0.765514612198, -28.7171344757, -26.727519989, -14.2642030716, -2.26417827606, 5.06232595444, 29.2981491089, 106.80280304, 28.1408462524, -8.91002845764], [-118.639198303, 66.5650482178, 27.4463939667, -25.6810512543, 4.14496850967, -10.242102623, 2.90169906616, -21.2000904083, -27.7150936127, -46.3555641174, 28.1408462524, 108.923080444, 32.9800758362], [-249.891082764, 104.268867493, 19.4282646179, -36.0522041321, 48.9610671997, -0.356884807348, -2.32502841949, -40.3393211365, -22.467546463, -17.1860084534, -8.91002845764, 32.9800758362, 75.512550354]],
        "icov": [[0.000396869523684, 0.000259728374658, 0.000681512930896, -0.000189533137018, 0.000356034463039, -7.42242045817e-005, 0.000515833497047, -0.000491749553476, 0.00039131968515, -0.000271628174232, 0.000201588351047, -0.000263372523477, 0.000404290884035], [0.000259728374658, 0.00116655509919, 8.72994496603e-005, 0.000428059487604, -0.000225700641749, 0.000906035653315, -0.000516926695127, 0.000953216571361, -0.000333228090312, 0.000503559887875, -0.000382633297704, 0.000180686212843, -3.40602709912e-005], [0.000681512930896, 8.72994496603e-005, 0.00357368332334, -2.65906182904e-005, -0.000319721351843, -0.000694248476066, 0.000754573498853, -0.0023182539735, 0.00133812509011, -0.0013646640582, 0.000699695665389, -0.00146673200652, 0.00100214476697], [-0.000189533137018, 0.000428059487604, -2.65906182904e-005, 0.00376505847089, -2.00184149435e-005, -0.000949420209508, -0.00106451997999, 0.00148438627366, -0.00158392707817, -3.38883510267e-005, -0.000305325345835, 7.17701841495e-005, 0.000808447541203], [0.000356034463039, -0.000225700641749, -0.000319721351843, -2.00184149435e-005, 0.00423359917477, -0.00195810105652, 0.000112451969471, 0.00118812837172, 0.000347085006069, -0.00105070951395, 0.0008210328524, 0.000107204359665, -0.000639321806375], [-7.42242045817e-005, 0.000906035653315, -0.000694248476066, -0.000949420209508, -0.00195810105652, 0.00900475401431, -0.00385410897434, 0.00226737931371, -0.000408508436522, 0.00069158145925, 0.000713628076483, 0.000644934829324, 0.000471761042718], [0.000515833497047, -0.000516926695127, 0.000754573498853, -0.00106451997999, 0.000112451969471, -0.00385410897434, 0.0120351836085, -0.00334194675088, 0.00206339755096, 0.000258851621766, 0.000859855033923, -0.000906814413611, 0.00138292880729], [-0.000491749553476, 0.000953216571361, -0.0023182539735, 0.00148438627366, 0.00118812837172, 0.00226737931371, -0.00334194675088, 0.00903663411736, -0.00421525677666, 0.00121455697808, -5.00062560604e-006, 0.00100174092222, 0.000910630158614], [0.00039131968515, -0.000333228090312, 0.00133812509011, -0.00158392707817, 0.000347085006069, -0.000408508436522, 0.00206339755096, -0.00421525677666, 0.0149011388421, -0.00575253786519, 0.00146490044426, -0.00058554764837, 0.00179229921196], [-0.000271628174232, 0.000503559887875, -0.0013646640582, -3.38883510267e-005, -0.00105070951395, 0.00069158145925, 0.000258851621766, 0.00121455697808, -0.00575253786519, 0.0124358665198, -0.00504054361954, 0.0057784547098, -0.00191772927064], [0.000201588351047, -0.000382633297704, 0.000699695665389, -0.000305325345835, 0.0008210328524, 0.000713628076483, 0.000859855033923, -5.00062560604e-006, 0.00146490044426, -0.00504054361954, 0.013243118301, -0.00615939777344, 0.00390589004382], [-0.000263372523477, 0.000180686212843, -0.00146673200652, 7.17701841495e-005, 0.000107204359665, 0.000644934829324, -0.000906814413611, 0.00100174092222, -0.00058554764837, 0.0057784547098, -0.00615939777344, 0.0153304953128, -0.00655012857169], [0.000404290884035, -3.40602709912e-005, 0.00100214476697, 0.000808447541203, -0.000639321806375, 0.000471761042718, 0.00138292880729, 0.000910630158614, 0.00179229921196, -0.00191772927064, 0.00390589004382, -0.00655012857169, 0.0191201604903]]
    },
    "spectral_contrast_coeffs": {
        "mean": [-0.475333362818, -0.68690598011, -0.7750248909, -0.801719725132, -0.810281693935, -0.738019406796],
        "var": [0.00709944870323, 0.00839003175497, 0.00435337517411, 0.00282791396603, 0.0024553691037, 0.00480680260807]
    },
    "spectral_contrast_valleys": {
        "mean": [-8.5760717392, -7.06904745102, -8.67552566528, -9.25457572937, -9.24932384491, -12.5058412552],
        "var": [0.852784335613, 1.66829073429, 1.69107437134, 1.22778737545, 2.06072711945, 1.69313704967]
    }
},
"metadata": {
    "audio_properties": {
        "analysis_sample_rate": 44100,
        "bit_rate": 105539,
        "equal_loudness": 0,
        "length": 45.0612258911,
        "lossless": 0,
        "replay_gain": -10.0105056763,
        "sample_rate": 44100,
        "codec": "mp3",
        "downmix": "mix",
        "md5_encoded": "890a8c8cd5eff9567a6bf9419cf7418e"
    },
    "tags": {
        "file_name": "285.mp3"
    },
    "version": {
        "essentia": "2.1-beta2",
        "essentia_git_sha": "v2.1_beta2",
        "extractor": "music 1.0"
    }
},
"rhythm": {
    "beats_count": 88,
    "beats_loudness": {
        "mean": 0.0319196023047,
        "var": 0.00155673967674
    },
    "bpm": 114.376403809,
    "bpm_histogram_first_peak_bpm": {
        "mean": 115,
        "var": 0
    },
    "bpm_histogram_first_peak_spread": {
        "mean": 0.5625,
        "var": 0
    },
    "bpm_histogram_first_peak_weight": {
        "mean": 0.24137930572,
        "var": 0
    },
    "bpm_histogram_second_peak_bpm": {
        "mean": 144,
        "var": 0
    },
    "bpm_histogram_second_peak_spread": {
        "mean": 0.5,
        "var": 0
    },
    "bpm_histogram_second_peak_weight": {
        "mean": 0.0804597735405,
        "var": 0
    },
    "danceability": 1.1193985939,
    "onset_rate": 2.90584564209,
    "beats_loudness_band_ratio": {
        "mean": [0.247879967093, 0.612424850464, 0.16304422915, 0.0212423726916, 0.0175504665822, 0.0208089631051],
        "var": [0.0539257191122, 0.0599935650826, 0.0285017564893, 0.000696879753377, 0.000526449584868, 0.0040274229832]
    },
    "beats_position": [0.476009070873, 0.96362811327, 1.45124709606, 1.93886613846, 2.4497051239, 2.97215414047, 3.48299312592, 3.99383211136, 4.5046710968, 5.01551008224, 5.52634906769, 6.06040811539, 6.57124710083, 7.08208608627, 7.60453510284, 8.12698364258, 8.64943313599, 9.17188167572, 9.69433116913, 10.22838974, 10.7508392334, 11.2732877731, 11.807346344, 12.2833557129, 12.7709751129, 13.2585935593, 13.7578229904, 14.2570514679, 14.7214508057, 15.1858501434, 15.6386394501, 16.0914287567, 16.4977779388, 16.9157371521, 17.3336963654, 17.7400455475, 18.1580047607, 18.5643539429, 18.9939231873, 19.4118824005, 19.8414516449, 20.2710208893, 20.6889801025, 21.1069393158, 21.5248966217, 21.9544658661, 22.5001354218, 23.0458049774, 23.6030826569, 24.1487522125, 24.6828117371, 25.2052612305, 25.7277088165, 26.2385482788, 26.7609977722, 27.2834453583, 27.8175048828, 28.3399543762, 28.8507938385, 29.3732414246, 29.8724708557, 30.383310318, 30.9057598114, 31.4398174286, 31.9738769531, 32.5079345703, 33.0419960022, 33.5644454956, 34.0868911743, 34.5977325439, 35.1085700989, 35.6194114685, 36.1418571472, 36.6643066406, 37.186756134, 37.7092056274, 38.2432632446, 38.8469848633, 39.4507026672, 40.0660324097, 40.6349182129, 41.2038078308, 41.7378692627, 42.2835350037, 42.8175964355, 43.3632659912, 43.9089317322, 44.4429931641]
},
"tonal": {
    "chords_changes_rate": 0.0504115223885,
    "chords_number_rate": 0.0102880662307,
    "chords_strength": {
        "mean": 0.492647379637,
        "var": 0.00598810845986
    },
    "hpcp_entropy": {
        "mean": 1.99138939381,
        "var": 0.650015711784
    },
    "key_strength": 0.791377961636,
    "tuning_diatonic_strength": 0.565076768398,
    "tuning_equal_tempered_deviation": 0.120097436011,
    "tuning_frequency": 438.731048584,
    "tuning_nontempered_energy_ratio": 0.785983026028,
    "hpcp": {
        "mean": [0.439953058958, 0.30817848444, 0.0783181712031, 0.044964749366, 0.0587501227856, 0.0833506733179, 0.102875053883, 0.0798111185431, 0.0663576349616, 0.0882669687271, 0.090070836246, 0.0826216340065, 0.13124333322, 0.154567718506, 0.202206417918, 0.352882236242, 0.317078918219, 0.143931567669, 0.0772510766983, 0.0614686235785, 0.0562345944345, 0.0756909921765, 0.072212934494, 0.0475172437727, 0.0484278202057, 0.0515363663435, 0.080349303782, 0.126274704933, 0.102055944502, 0.0717328339815, 0.103162974119, 0.113232992589, 0.122714087367, 0.130272433162, 0.0965814217925, 0.22954235971],
        "var": [0.176116362214, 0.0917038917542, 0.0189823899418, 0.0132204033434, 0.0199042372406, 0.0268778651953, 0.0515254698694, 0.0356794968247, 0.022620016709, 0.0365560092032, 0.0397487394512, 0.0309548676014, 0.0611200742424, 0.0783082097769, 0.0584028884768, 0.148561134934, 0.11332821846, 0.0527943335474, 0.0303164757788, 0.0206653568894, 0.0170647092164, 0.0223045889288, 0.0189415011555, 0.0103271603584, 0.016306117177, 0.0170276351273, 0.0250176358968, 0.0581677630544, 0.0312886461616, 0.0141176655889, 0.0458559766412, 0.0412092395127, 0.0612798854709, 0.0671559423208, 0.0369061417878, 0.0611442476511]
    },
    "chords_histogram": [29.8353900909, 6.58436203003, 4.52674913406, 0, 0, 0, 0, 0, 0, 0, 1.02880656719, 0.925925910473, 4.73251008987, 1.85185182095, 0, 0.720164597034, 0, 16.4609050751, 4.11522626877, 11.0082302094, 0, 0, 17.6954727173, 0.514403283596],
    "thpcp": [1, 0.700480401516, 0.178014829755, 0.102203518152, 0.133537247777, 0.189453557134, 0.233831882477, 0.181408256292, 0.150828897953, 0.200628146529, 0.204728290439, 0.187796473503, 0.29831212759, 0.351327747107, 0.45960906148, 0.802090644836, 0.720710813999, 0.327152103186, 0.175589367747, 0.13971632719, 0.127819538116, 0.172043338418, 0.164137810469, 0.108005255461, 0.110074974597, 0.117140606046, 0.182631537318, 0.287018597126, 0.231970071793, 0.163046568632, 0.234486326575, 0.257375180721, 0.278925418854, 0.29610529542, 0.219526648521, 0.52174282074],
    "chords_key": "D",
    "chords_scale": "major",
    "key_key": "D",
    "key_scale": "major"
}
}