{
"lowlevel": {
    "average_loudness": 0.914699792862,
    "barkbands_crest": {
        "mean": 11.8069782257,
        "var": 13.3773860931
    },
    "barkbands_flatness_db": {
        "mean": 0.33860206604,
        "var": 0.00140068901237
    },
    "barkbands_kurtosis": {
        "mean": 2.66816496849,
        "var": 8.33094120026
    },
    "barkbands_skewness": {
        "mean": 1.04775488377,
        "var": 0.612729430199
    },
    "barkbands_spread": {
        "mean": 5.16074323654,
        "var": 3.90306258202
    },
    "dissonance": {
        "mean": 0.383128046989,
        "var": 0.0026117048692
    },
    "dynamic_complexity": 1.74814558029,
    "erbbands_crest": {
        "mean": 13.393157959,
        "var": 22.6457176208
    },
    "erbbands_flatness_db": {
        "mean": 0.370712697506,
        "var": 0.000816930376459
    },
    "erbbands_kurtosis": {
        "mean": 1.12653708458,
        "var": 3.7293009758
    },
    "erbbands_skewness": {
        "mean": 0.709746181965,
        "var": 0.298324406147
    },
    "erbbands_spread": {
        "mean": 11.2287988663,
        "var": 14.6933660507
    },
    "hfc": {
        "mean": 14.0611114502,
        "var": 80.89818573
    },
    "melbands_crest": {
        "mean": 14.6371450424,
        "var": 25.0763969421
    },
    "melbands_flatness_db": {
        "mean": 0.411216974258,
        "var": 0.00204595155083
    },
    "melbands_kurtosis": {
        "mean": 3.56538534164,
        "var": 12.3470973969
    },
    "melbands_skewness": {
        "mean": 1.21843504906,
        "var": 0.649942338467
    },
    "melbands_spread": {
        "mean": 8.19113922119,
        "var": 28.6204719543
    },
    "pitch_salience": {
        "mean": 0.564495682716,
        "var": 0.012735100463
    },
    "silence_rate_20dB": {
        "mean": 1,
        "var": 0
    },
    "silence_rate_30dB": {
        "mean": 0.993309319019,
        "var": 0.00664596818388
    },
    "silence_rate_60dB": {
        "mean": 0.0102933607996,
        "var": 0.0101873492822
    },
    "spectral_centroid": {
        "mean": 569.00958252,
        "var": 191266.96875
    },
    "spectral_complexity": {
        "mean": 12.943901062,
        "var": 8.72096920013
    },
    "spectral_decrease": {
        "mean": -6.86454670884e-009,
        "var": 1.83374212382e-017
    },
    "spectral_energy": {
        "mean": 0.0271837748587,
        "var": 0.000286206894089
    },
    "spectral_energyband_high": {
        "mean": 2.26196107178e-006,
        "var": 3.8423760701e-011
    },
    "spectral_energyband_low": {
        "mean": 0.000783159688581,
        "var": 1.16833678021e-006
    },
    "spectral_energyband_middle_high": {
        "mean": 0.00372713664547,
        "var": 1.55707566591e-005
    },
    "spectral_energyband_middle_low": {
        "mean": 0.0234565399587,
        "var": 0.000239227898419
    },
    "spectral_entropy": {
        "mean": 5.93435430527,
        "var": 0.106161370873
    },
    "spectral_flux": {
        "mean": 0.0570245869458,
        "var": 0.000987969338894
    },
    "spectral_kurtosis": {
        "mean": 59.8985977173,
        "var": 894.299072266
    },
    "spectral_rms": {
        "mean": 0.00492641609162,
        "var": 2.25113353736e-006
    },
    "spectral_rolloff": {
        "mean": 779.974365234,
        "var": 548202.3125
    },
    "spectral_skewness": {
        "mean": 5.06638622284,
        "var": 2.5901722908
    },
    "spectral_spread": {
        "mean": 1117810.375,
        "var": 2.6729995305e+012
    },
    "spectral_strongpeak": {
        "mean": 1.74444878101,
        "var": 0.943708777428
    },
    "zerocrossingrate": {
        "mean": 0.0280951447785,
        "var": 0.000368681416148
    },
    "barkbands": {
        "mean": [1.1404495126e-006, 0.000187325713341, 0.00037092299317, 0.000502329901792, 0.00483427243307, 0.00615406408906, 0.00396499130875, 0.00391292152926, 0.00296777486801, 0.00189565657638, 0.00062807102222, 0.000802143127657, 0.000152345382958, 0.000564393762033, 0.000142032367876, 5.38493804925e-005, 2.84907418973e-005, 9.59274348133e-006, 6.31417333352e-006, 3.83537280868e-006, 8.67036533236e-007, 2.80865492641e-007, 1.27829764551e-007, 3.40948993482e-008, 5.99588378947e-009, 1.40961309292e-009, 8.7655283032e-010],
        "var": [2.13436928721e-012, 1.36272561235e-007, 5.46808223589e-007, 9.57817405833e-007, 3.05795183522e-005, 6.90202941769e-005, 2.87588991341e-005, 3.36273515131e-005, 2.12768991332e-005, 1.61703173944e-005, 1.70809255451e-006, 5.86629175814e-006, 6.60154526599e-008, 9.28705787828e-007, 2.35854198394e-008, 1.34408510988e-008, 3.8187315532e-009, 2.39180425465e-010, 6.94128088341e-011, 5.18431027274e-011, 1.28729327545e-011, 5.95390707223e-013, 2.06048530018e-013, 3.53225966272e-013, 1.09957192413e-014, 3.47953882012e-016, 1.29349158536e-018]
    },
    "erbbands": {
        "mean": [0.0017388232518, 0.0594450458884, 0.394903808832, 1.13378453255, 4.52998209, 17.103313446, 38.9641799927, 61.5156402588, 51.136882782, 79.5082473755, 80.4575805664, 64.5652542114, 69.9825363159, 28.0065593719, 27.6303730011, 28.0723304749, 9.32103443146, 24.9956493378, 16.4427223206, 4.02790975571, 3.23528265953, 1.54640829563, 0.678773105145, 0.383332073689, 0.309376657009, 0.145242244005, 0.0484822466969, 0.0269888341427, 0.0142908198759, 0.00433749658987, 0.00356142013334, 0.00154308008496, 0.000327508867485, 0.00010013391875, 4.48303107987e-005, 2.22109683818e-005, 1.04418977571e-005, 2.34313324654e-006, 1.3242039131e-005, 3.07385635097e-005],
        "var": [7.43524788049e-006, 0.0124286888167, 0.509706437588, 2.77160191536, 55.7756233215, 408.270935059, 2086.17407227, 10309.3603516, 3558.45507813, 8790.03613281, 11739.4863281, 11638.8261719, 23556.9941406, 1161.32385254, 4365.13574219, 5003.45800781, 176.502288818, 1483.24755859, 723.487915039, 16.5210418701, 50.7684059143, 6.55575609207, 0.916827201843, 0.174368128181, 0.253986150026, 0.0769055634737, 0.0548990704119, 0.00299363769591, 0.00187247409485, 9.23305124161e-005, 0.000207794248126, 0.000363594037481, 1.79858325282e-005, 1.37735196404e-006, 1.55088713427e-007, 2.43111770715e-008, 2.66580590935e-010, 2.42572823807e-012, 6.67004854127e-011, 3.63953978066e-010]
    },
    "gfcc": {
        "mean": [-143.882507324, 231.879837036, -159.451293945, -40.2570152283, -42.5506210327, -43.9811096191, -21.3693599701, -28.6485424042, -7.31793260574, -11.0154209137, -5.75523471832, -12.9520168304, -3.7096581459],
        "cov": [[3160.89282227, 267.592071533, -330.269622803, 103.019668579, -223.675094604, 33.768157959, -6.55256891251, -112.726501465, -29.4132156372, -106.327041626, 12.6799688339, -56.2157096863, 25.1286563873], [267.592071533, 475.205535889, 206.623428345, -31.7244300842, 174.3230896, -69.5717849731, 26.3424301147, 23.1034793854, -51.8887367249, 3.41229605675, -36.0744895935, 2.41008067131, -10.6929140091], [-330.269622803, 206.623428345, 359.753570557, 16.3064670563, 109.960212708, 25.0341739655, 24.8755836487, 43.3564758301, -61.4040985107, -12.533290863, -12.1970767975, 16.2430057526, 15.31757164], [103.019668579, -31.7244300842, 16.3064670563, 188.774993896, 15.8340568542, 92.6268615723, 44.6713638306, 24.6573257446, 33.9744644165, -29.1619510651, 15.4644794464, -10.3592786789, -16.7619571686], [-223.675094604, 174.3230896, 109.960212708, 15.8340568542, 185.239761353, -1.84791886806, -0.533862888813, 39.2903900146, 6.82354402542, 37.352306366, 5.90414714813, 0.123902134597, -27.5988483429], [33.768157959, -69.5717849731, 25.0341739655, 92.6268615723, -1.84791886806, 152.050842285, 32.5021781921, 28.6897144318, 24.9967651367, -33.2918319702, 28.0300254822, 2.83468127251, 1.71773397923], [-6.55256891251, 26.3424301147, 24.8755836487, 44.6713638306, -0.533862888813, 32.5021781921, 89.6453170776, 35.4082183838, 4.92302560806, -10.0989198685, -17.9428539276, 4.9021859169, 5.68454408646], [-112.726501465, 23.1034793854, 43.3564758301, 24.6573257446, 39.2903900146, 28.6897144318, 35.4082183838, 90.2947006226, 38.2025604248, 3.81959056854, -7.03277444839, -13.0580997467, -8.45632743835], [-29.4132156372, -51.8887367249, -61.4040985107, 33.9744644165, 6.82354402542, 24.9967651367, 4.92302560806, 38.2025604248, 116.878311157, 51.9484901428, 5.74171113968, -19.8394050598, -30.4180297852], [-106.327041626, 3.41229605675, -12.533290863, -29.1619510651, 37.352306366, -33.2918319702, -10.0989198685, 3.81959056854, 51.9484901428, 113.140098572, 31.2755584717, -10.8500556946, -25.8896007538], [12.6799688339, -36.0744895935, -12.1970767975, 15.4644794464, 5.90414714813, 28.0300254822, -17.9428539276, -7.03277444839, 5.74171113968, 31.2755584717, 87.5928344727, 17.6684188843, -21.654214859], [-56.2157096863, 2.41008067131, 16.2430057526, -10.3592786789, 0.123902134597, 2.83468127251, 4.9021859169, -13.0580997467, -19.8394050598, -10.8500556946, 17.6684188843, 77.7823486328, 40.6887702942], [25.1286563873, -10.6929140091, 15.31757164, -16.7619571686, -27.5988483429, 1.71773397923, 5.68454408646, -8.45632743835, -30.4180297852, -25.8896007538, -21.654214859, 40.6887702942, 84.1729202271]],
        "icov": [[0.000963450991549, -0.00259205070324, 0.00168809632305, -0.00115555361845, 0.00270067644306, -0.00134252221324, 0.00130695919506, -0.00012684322428, 0.000631937640719, -0.000558510364499, -0.000469077174785, 0.000821271853056, -0.000803411297966], [-0.00259205070324, 0.0120502505451, -0.00649349624291, 0.00427502859384, -0.0119973523542, 0.00679509527981, -0.00694226333871, 0.00252625788562, -0.002894744277, 0.00440932391211, 0.000308858288918, -0.000806048570666, 0.00176706595812], [0.00168809632305, -0.00649349624291, 0.00833922065794, -0.00310895871371, 0.00469596823677, -0.00518949422985, 0.00432942714542, -0.00396525859833, 0.00627056974918, -0.0042378664948, 0.00164291029796, -0.000357905344572, -0.000952412257902], [-0.00115555361845, 0.00427502859384, -0.00310895871371, 0.0115452473983, -0.00646506482735, -0.000406666891649, -0.00753872003406, 0.00419257162139, -0.00634406972677, 0.0068294336088, -0.00363680254668, 0.00244739721529, 0.000261061679339], [0.00270067644306, -0.0119973523542, 0.00469596823677, -0.00646506482735, 0.0212750677019, -0.00728596374393, 0.0105162141845, -0.00730877509341, 0.00632277969271, -0.00969498045743, 0.00334261730313, -0.00320168980397, 0.00291816378012], [-0.00134252221324, 0.00679509527981, -0.00518949422985, -0.000406666891649, -0.00728596374393, 0.0174600556493, -0.00789405591786, 0.00240026484244, -0.00820278842002, 0.0103454701602, -0.00887776073068, 0.00333406287245, -0.00352141470648], [0.00130695919506, -0.00694226333871, 0.00432942714542, -0.00753872003406, 0.0105162141845, -0.00789405591786, 0.0237786695361, -0.0114107131958, 0.00927145872265, -0.0102059934288, 0.00997015181929, -0.0070309531875, 0.00347075471655], [-0.00012684322428, 0.00252625788562, -0.00396525859833, 0.00419257162139, -0.00730877509341, 0.00240026484244, -0.0114107131958, 0.0232560150325, -0.0130788004026, 0.00910401903093, -0.00596149312332, 0.00738035421818, -0.00445057917386], [0.000631937640719, -0.002894744277, 0.00627056974918, -0.00634406972677, 0.00632277969271, -0.00820278842002, 0.00927145872265, -0.0130788004026, 0.0258587729186, -0.0174452718347, 0.0113803073764, -0.00634867139161, 0.00731518119574], [-0.000558510364499, 0.00440932391211, -0.0042378664948, 0.0068294336088, -0.00969498045743, 0.0103454701602, -0.0102059934288, 0.00910401903093, -0.0174452718347, 0.0263294391334, -0.0151158059016, 0.00837330054492, -0.0050702621229], [-0.000469077174785, 0.000308858288918, 0.00164291029796, -0.00363680254668, 0.00334261730313, -0.00887776073068, 0.00997015181929, -0.00596149312332, 0.0113803073764, -0.0151158059016, 0.0273935515434, -0.0145652834326, 0.0127123082057], [0.000821271853056, -0.000806048570666, -0.000357905344572, 0.00244739721529, -0.00320168980397, 0.00333406287245, -0.0070309531875, 0.00738035421818, -0.00634867139161, 0.00837330054492, -0.0145652834326, 0.026706032455, -0.0160720404238], [-0.000803411297966, 0.00176706595812, -0.000952412257902, 0.000261061679339, 0.00291816378012, -0.00352141470648, 0.00347075471655, -0.00445057917386, 0.00731518119574, -0.0050702621229, 0.0127123082057, -0.0160720404238, 0.0250406283885]]
    },
    "melbands": {
        "mean": [3.28785718011e-005, 0.000161367890541, 0.000260596949374, 0.000698454678059, 0.00132749776822, 0.00128948618658, 0.000788574339822, 0.00091114488896, 0.000658653327264, 0.000391423003748, 0.000343612511642, 0.000114523427328, 7.99975168775e-005, 0.000102424732177, 3.98789925384e-005, 1.52202328536e-005, 5.40922301298e-005, 3.13430573442e-005, 9.50739467953e-006, 3.32453191731e-006, 3.55675138053e-006, 1.73272758275e-006, 7.00707744272e-007, 5.05403193074e-007, 3.01585714624e-007, 1.94435230583e-007, 2.32526076616e-007, 6.05450907187e-008, 2.96507387532e-008, 2.18181632761e-008, 1.31244393131e-008, 7.48938688844e-009, 4.96675278683e-009, 1.8570118776e-009, 2.38558861554e-009, 1.39633993257e-009, 8.16448963992e-010, 1.78841594312e-010, 1.40542896765e-010, 4.04131693388e-011],
        "var": [3.66785091188e-009, 8.31229485243e-008, 1.96477728309e-007, 7.16079455287e-007, 2.39170390159e-006, 3.88912485505e-006, 9.27452788346e-007, 1.25942631257e-006, 7.8340752907e-007, 5.0157257192e-007, 5.84809129123e-007, 2.10268336076e-008, 2.71474256408e-008, 1.21417983223e-007, 5.65798075058e-009, 1.06017705725e-009, 7.74863728736e-009, 3.62414698252e-009, 1.24570145865e-010, 3.45135343915e-011, 8.5142906614e-011, 1.32946327558e-011, 7.33217577365e-013, 6.27561804606e-013, 1.31760515042e-013, 1.11988624754e-013, 1.82552052901e-013, 2.25046116996e-014, 2.29062933579e-014, 4.6366977403e-015, 1.16151478711e-015, 6.08022695912e-016, 1.84020515064e-016, 2.22521510944e-017, 1.34052493024e-016, 7.05609083833e-017, 3.34617030621e-016, 5.22893414752e-018, 4.46932136971e-018, 1.83579476217e-019]
    },
    "mfcc": {
        "mean": [-767.207275391, 250.922119141, -32.2949562073, -14.6984148026, -8.82058048248, -20.7139472961, -14.8594150543, -18.4061737061, -12.2416620255, -3.47349190712, -4.62589931488, -8.69979858398, -5.5008854866],
        "cov": [[1316.40246582, 344.908050537, -262.189544678, 166.117111206, -159.947021484, 70.4571151733, 28.7321109772, -40.6462211609, 10.5225315094, -24.3121509552, -38.5065383911, -20.7112617493, 12.4094524384], [344.908050537, 438.287750244, 105.793327332, 26.5116653442, 78.6893692017, 6.43943834305, 37.3979606628, -1.76297569275, -6.01843881607, -18.5238647461, -14.0539751053, 2.26653552055, 8.32939147949], [-262.189544678, 105.793327332, 271.777740479, 11.9736814499, 71.3587341309, 29.7228183746, 38.4657478333, 66.7627868652, 17.2022724152, -15.2897205353, -2.62524223328, 9.81659412384, 7.47410821915], [166.117111206, 26.5116653442, 11.9736814499, 124.45690918, 13.9061746597, 33.3881340027, 38.6799240112, 19.8603343964, 25.1967391968, 2.6060667038, 11.9177865982, 9.42742443085, 7.65757274628], [-159.947021484, 78.6893692017, 71.3587341309, 13.9061746597, 181.487792969, 18.1033630371, 4.98611879349, 26.3431968689, 1.75460290909, 23.7351207733, 26.6141395569, 35.2271537781, 17.5558929443], [70.4571151733, 6.43943834305, 29.7228183746, 33.3881340027, 18.1033630371, 90.1877441406, 34.7243385315, 23.0788249969, 15.7951803207, -6.8728890419, 0.91787815094, 9.48210906982, 20.8481006622], [28.7321109772, 37.3979606628, 38.4657478333, 38.6799240112, 4.98611879349, 34.7243385315, 94.7958068848, 42.2115097046, -8.37423610687, -22.5233650208, -11.637005806, 13.5122461319, 1.69764173031], [-40.6462211609, -1.76297569275, 66.7627868652, 19.8603343964, 26.3431968689, 23.0788249969, 42.2115097046, 118.214378357, 45.145362854, -14.1707134247, -0.0960354432464, 14.4235877991, -0.570382535458], [10.5225315094, -6.01843881607, 17.2022724152, 25.1967391968, 1.75460290909, 15.7951803207, -8.37423610687, 45.145362854, 117.191810608, 45.0895309448, -7.31393957138, 7.83745002747, 15.8594264984], [-24.3121509552, -18.5238647461, -15.2897205353, 2.6060667038, 23.7351207733, -6.8728890419, -22.5233650208, -14.1707134247, 45.0895309448, 108.933364868, 40.4321098328, 4.40203332901, 9.64069747925], [-38.5065383911, -14.0539751053, -2.62524223328, 11.9177865982, 26.6141395569, 0.91787815094, -11.637005806, -0.0960354432464, -7.31393957138, 40.4321098328, 122.931266785, 34.1749191284, -21.9692592621], [-20.7112617493, 2.26653552055, 9.81659412384, 9.42742443085, 35.2271537781, 9.48210906982, 13.5122461319, 14.4235877991, 7.83745002747, 4.40203332901, 34.1749191284, 92.2576141357, 36.2273406982], [12.4094524384, 8.32939147949, 7.47410821915, 7.65757274628, 17.5558929443, 20.8481006622, 1.69764173031, -0.570382535458, 15.8594264984, 9.64069747925, -21.9692592621, 36.2273406982, 98.7793121338]],
        "icov": [[0.0191687140614, -0.0259029623121, 0.0259193703532, -0.0261759068817, 0.0256538614631, -0.0244515128434, 0.0218600146472, -0.0190037637949, 0.0156860388815, -0.0114794094115, 0.0108477342874, -0.00916175916791, 0.0043345564045], [-0.0259029623121, 0.037948500365, -0.0359896719456, 0.0351531803608, -0.0360646620393, 0.0339655950665, -0.0312290228903, 0.0274790115654, -0.0222198739648, 0.0166268497705, -0.0148562574759, 0.0130647895858, -0.00616231001914], [0.0259193703532, -0.0359896719456, 0.0401860326529, -0.0347621515393, 0.0333223454654, -0.0337362252176, 0.0289276018739, -0.027986638248, 0.0209853574634, -0.0149681642652, 0.0144175104797, -0.0117366481572, 0.0055744885467], [-0.0261759068817, 0.0351531803608, -0.0347621515393, 0.046649787575, -0.0359789989889, 0.0318908318877, -0.0351598188281, 0.0277739316225, -0.0255820881575, 0.0175050459802, -0.0176135078073, 0.0140308765694, -0.00689794169739], [0.0256538614631, -0.0360646620393, 0.0333223454654, -0.0359789989889, 0.0425117015839, -0.0344830192626, 0.0322812311351, -0.028465680778, 0.0244660675526, -0.0190531630069, 0.0152905154973, -0.015407695435, 0.00607220968232], [-0.0244515128434, 0.0339655950665, -0.0337362252176, 0.0318908318877, -0.0344830192626, 0.0468830838799, -0.0339597314596, 0.0258536078036, -0.0237613655627, 0.0179588273168, -0.0167449340224, 0.0144657138735, -0.00971264392138], [0.0218600146472, -0.0312290228903, 0.0289276018739, -0.0351598188281, 0.0322812311351, -0.0339597314596, 0.045746602118, -0.0303697939962, 0.0263403747231, -0.0167767684907, 0.017785474658, -0.0157828535885, 0.00804486405104], [-0.0190037637949, 0.0274790115654, -0.027986638248, 0.0277739316225, -0.028465680778, 0.0258536078036, -0.0303697939962, 0.0363885462284, -0.0259413477033, 0.0180382318795, -0.0140769723803, 0.0103590916842, -0.00415611220524], [0.0156860388815, -0.0222198739648, 0.0209853574634, -0.0255820881575, 0.0244660675526, -0.0237613655627, 0.0263403747231, -0.0259413477033, 0.0320445895195, -0.0204146467149, 0.0153810624033, -0.0116205820814, 0.00489284005016], [-0.0114794094115, 0.0166268497705, -0.0149681642652, 0.0175050459802, -0.0190531630069, 0.0179588273168, -0.0167767684907, 0.0180382318795, -0.0204146467149, 0.0252204723656, -0.0148935643956, 0.0105023309588, -0.00654391897842], [0.0108477342874, -0.0148562574759, 0.0144175104797, -0.0176135078073, 0.0152905154973, -0.0167449340224, 0.017785474658, -0.0140769723803, 0.0153810624033, -0.0148935643956, 0.0216758288443, -0.0137949809432, 0.00945839285851], [-0.00916175916791, 0.0130647895858, -0.0117366481572, 0.0140308765694, -0.015407695435, 0.0144657138735, -0.0157828535885, 0.0103590916842, -0.0116205820814, 0.0105023309588, -0.0137949809432, 0.0232345201075, -0.0108826411888], [0.0043345564045, -0.00616231001914, 0.0055744885467, -0.00689794169739, 0.00607220968232, -0.00971264392138, 0.00804486405104, -0.00415611220524, 0.00489284005016, -0.00654391897842, 0.00945839285851, -0.0108826411888, 0.0169680118561]]
    },
    "spectral_contrast_coeffs": {
        "mean": [-0.524918079376, -0.653627336025, -0.692610263824, -0.69592320919, -0.729459881783, -0.760376691818],
        "var": [0.00872928835452, 0.00531723443419, 0.00484981155023, 0.0023842852097, 0.00100855564233, 0.0034101807978]
    },
    "spectral_contrast_valleys": {
        "mean": [-8.54755878448, -6.22672700882, -7.53618621826, -8.7447385788, -10.2554330826, -14.2198896408],
        "var": [1.03888452053, 1.0356811285, 0.996827125549, 0.882578194141, 0.779396414757, 0.980648815632]
    }
},
"metadata": {
    "audio_properties": {
        "analysis_sample_rate": 44100,
        "bit_rate": 88899,
        "equal_loudness": 0,
        "length": 45.0873451233,
        "lossless": 0,
        "replay_gain": -6.5549030304,
        "sample_rate": 44100,
        "codec": "mp3",
        "downmix": "mix",
        "md5_encoded": "75bc211146765d40b80dac7aa18c166e"
    },
    "tags": {
        "file_name": "286.mp3"
    },
    "version": {
        "essentia": "2.1-beta2",
        "essentia_git_sha": "v2.1_beta2",
        "extractor": "music 1.0"
    }
},
"rhythm": {
    "beats_count": 86,
    "beats_loudness": {
        "mean": 0.0330463461578,
        "var": 0.000183202981134
    },
    "bpm": 115.008018494,
    "bpm_histogram_first_peak_bpm": {
        "mean": 115,
        "var": 0
    },
    "bpm_histogram_first_peak_spread": {
        "mean": 0.247058808804,
        "var": 0
    },
    "bpm_histogram_first_peak_weight": {
        "mean": 0.752941191196,
        "var": 0
    },
    "bpm_histogram_second_peak_bpm": {
        "mean": 0,
        "var": 0
    },
    "bpm_histogram_second_peak_spread": {
        "mean": 0,
        "var": 0
    },
    "bpm_histogram_second_peak_weight": {
        "mean": 0,
        "var": 0
    },
    "danceability": 1.13917970657,
    "onset_rate": 5.03272819519,
    "beats_loudness_band_ratio": {
        "mean": [0.0718798488379, 0.411271601915, 0.425777465105, 0.126667335629, 0.0162377543747, 0.000391079462133],
        "var": [0.00544565869495, 0.0385239832103, 0.039891641587, 0.0135431140661, 0.00026398486807, 1.75662250967e-007]
    },
    "beats_position": [0.510838985443, 1.02167797089, 1.54412698746, 2.06657600403, 2.58902478218, 3.11147379875, 3.62231278419, 4.15637159348, 4.67882061005, 5.20126962662, 5.71210861206, 6.24616765976, 6.76861667633, 7.2910656929, 7.80190467834, 8.33596324921, 8.85841274261, 9.38086128235, 9.89170074463, 10.4257593155, 10.9365987778, 11.4590473175, 11.9814968109, 12.5039453506, 13.0263938904, 13.5488433838, 14.0712919235, 14.5937414169, 15.1161899567, 15.6386394501, 16.1610889435, 16.6835365295, 17.2059860229, 17.7168254852, 18.2276649475, 18.7617225647, 19.2841720581, 19.8066215515, 20.3290691376, 20.851518631, 21.3739681244, 21.8964176178, 22.4072551727, 22.9413146973, 23.4637641907, 23.9862117767, 24.497051239, 25.0311107635, 25.553560257, 26.076007843, 26.5868473053, 27.1209068298, 27.6317462921, 28.1541938782, 28.6766433716, 29.199092865, 29.7215423584, 30.2439899445, 30.7664394379, 31.2888889313, 31.8113365173, 32.3337860107, 32.8562355042, 33.3786849976, 33.901134491, 34.4119720459, 34.9344215393, 35.4568710327, 35.9793205261, 36.5017662048, 37.0242156982, 37.5466651917, 38.0691146851, 38.5915641785, 39.1140136719, 39.6364631653, 40.1589126587, 40.6813583374, 41.2038078308, 41.7262573242, 42.2487068176, 42.771156311, 43.2936058044, 43.8160552979, 44.3385009766, 44.86095047]
},
"tonal": {
    "chords_changes_rate": 0.0411522649229,
    "chords_number_rate": 0.00823045242578,
    "chords_strength": {
        "mean": 0.489153504372,
        "var": 0.00596344470978
    },
    "hpcp_entropy": {
        "mean": 1.22213435173,
        "var": 0.403868377209
    },
    "key_strength": 0.776821196079,
    "tuning_diatonic_strength": 0.515464901924,
    "tuning_equal_tempered_deviation": 0.00182488525752,
    "tuning_frequency": 440.763122559,
    "tuning_nontempered_energy_ratio": 0.590885698795,
    "hpcp": {
        "mean": [0.064916446805, 0.0370969213545, 0.0967973992229, 0.183966130018, 0.100593589246, 0.0351828560233, 0.0661597624421, 0.0442484244704, 0.110437840223, 0.225926846266, 0.145080089569, 0.123265959322, 0.214390009642, 0.122065849602, 0.03360074386, 0.0544433109462, 0.0421824641526, 0.178193926811, 0.331905990839, 0.175085499883, 0.0245763491839, 0.0316904745996, 0.0236193928868, 0.132011443377, 0.245633229613, 0.133119180799, 0.0292897019535, 0.0298701319844, 0.020555973053, 0.0949059873819, 0.177873000503, 0.108775764704, 0.124870911241, 0.212280541658, 0.115574426949, 0.0459275580943],
        "var": [0.0381410494447, 0.0100206900388, 0.0235493015498, 0.087082631886, 0.0266753025353, 0.00938465259969, 0.045613758266, 0.0165968965739, 0.0275861732662, 0.12315813452, 0.0453212037683, 0.0359253920615, 0.131949514151, 0.052479930222, 0.00655479868874, 0.0251816026866, 0.011071190238, 0.0437200255692, 0.150038570166, 0.0441114902496, 0.00580655783415, 0.0168607495725, 0.0062740589492, 0.0441068075597, 0.145199298859, 0.0416788645089, 0.00964386574924, 0.0168068762869, 0.00500036822632, 0.0208058133721, 0.0733451023698, 0.0235533472151, 0.0392345376313, 0.115984164178, 0.0356558524072, 0.0129004195333]
    },
    "chords_histogram": [27.9835395813, 3.39506173134, 12.6543207169, 0, 0, 0, 7.61316871643, 0, 0, 0, 0, 0, 0, 0, 0, 0, 0, 10.1851854324, 0.102880656719, 0, 0, 16.6666660309, 2.36625504494, 19.0329227448],
    "thpcp": [1, 0.527515351772, 0.074046112597, 0.0954802706838, 0.0711629018188, 0.397737443447, 0.740068674088, 0.401074945927, 0.0882469788194, 0.0899957567453, 0.06193311885, 0.28594237566, 0.535913825035, 0.32773065567, 0.376223742962, 0.639580309391, 0.348214358091, 0.138375207782, 0.195586845279, 0.111769363284, 0.291641026735, 0.554271817207, 0.303078562021, 0.106002472341, 0.19933283329, 0.133316129446, 0.332738310099, 0.680695295334, 0.437112003565, 0.371388167143, 0.645935952663, 0.367772370577, 0.101235724986, 0.164032325149, 0.127091601491, 0.536880731583],
    "chords_key": "G#",
    "chords_scale": "major",
    "key_key": "G#",
    "key_scale": "major"
}
}