{
"lowlevel": {
    "average_loudness": 0.735865712166,
    "barkbands_crest": {
        "mean": 12.4779863358,
        "var": 20.9711456299
    },
    "barkbands_flatness_db": {
        "mean": 0.359485864639,
        "var": 0.00183778745122
    },
    "barkbands_kurtosis": {
        "mean": 3.80968141556,
        "var": 27.1212425232
    },
    "barkbands_skewness": {
        "mean": 0.924557030201,
        "var": 1.35238647461
    },
    "barkbands_spread": {
        "mean": 4.92129135132,
        "var": 7.4509267807
    },
    "dissonance": {
        "mean": 0.39119836688,
        "var": 0.00332914572209
    },
    "dynamic_complexity": 3.68023753166,
    "erbbands_crest": {
        "mean": 14.1264181137,
        "var": 40.9479446411
    },
    "erbbands_flatness_db": {
        "mean": 0.396065711975,
        "var": 0.00172092579305
    },
    "erbbands_kurtosis": {
        "mean": 2.61399555206,
        "var": 38.3638877869
    },
    "erbbands_skewness": {
        "mean": 0.639908671379,
        "var": 1.01195549965
    },
    "erbbands_spread": {
        "mean": 9.52286052704,
        "var": 19.8028850555
    },
    "hfc": {
        "mean": 9.56995201111,
        "var": 183.54864502
    },
    "melbands_crest": {
        "mean": 14.8425722122,
        "var": 30.621679306
    },
    "melbands_flatness_db": {
        "mean": 0.450339138508,
        "var": 0.00239431136288
    },
    "melbands_kurtosis": {
        "mean": 4.52308225632,
        "var": 38.2605857849
    },
    "melbands_skewness": {
        "mean": 1.05400323868,
        "var": 1.32011628151
    },
    "melbands_spread": {
        "mean": 8.18277931213,
        "var": 46.7307090759
    },
    "pitch_salience": {
        "mean": 0.544019937515,
        "var": 0.0144096110016
    },
    "silence_rate_20dB": {
        "mean": 1,
        "var": 0
    },
    "silence_rate_30dB": {
        "mean": 0.986618638039,
        "var": 0.013202493079
    },
    "silence_rate_60dB": {
        "mean": 0.162120431662,
        "var": 0.135833621025
    },
    "spectral_centroid": {
        "mean": 594.878295898,
        "var": 182124
    },
    "spectral_complexity": {
        "mean": 10.5090065002,
        "var": 18.4918231964
    },
    "spectral_decrease": {
        "mean": -4.2797050348e-009,
        "var": 2.91028112967e-017
    },
    "spectral_energy": {
        "mean": 0.0170206539333,
        "var": 0.000463769596536
    },
    "spectral_energyband_high": {
        "mean": 2.7536621019e-006,
        "var": 1.07497857837e-010
    },
    "spectral_energyband_low": {
        "mean": 0.000770143291447,
        "var": 2.14773899643e-006
    },
    "spectral_energyband_middle_high": {
        "mean": 0.00269361701794,
        "var": 3.91171124647e-005
    },
    "spectral_energyband_middle_low": {
        "mean": 0.0144626740366,
        "var": 0.000354894407792
    },
    "spectral_entropy": {
        "mean": 5.89822053909,
        "var": 0.164307117462
    },
    "spectral_flux": {
        "mean": 0.0431254170835,
        "var": 0.00127940846141
    },
    "spectral_kurtosis": {
        "mean": 82.91771698,
        "var": 2474.81152344
    },
    "spectral_rms": {
        "mean": 0.00353330769576,
        "var": 4.12125791627e-006
    },
    "spectral_rolloff": {
        "mean": 781.937988281,
        "var": 721060.25
    },
    "spectral_skewness": {
        "mean": 5.99691009521,
        "var": 5.71097660065
    },
    "spectral_spread": {
        "mean": 1056922.625,
        "var": 2.62258661786e+012
    },
    "spectral_strongpeak": {
        "mean": 1.38620936871,
        "var": 2.08570671082
    },
    "zerocrossingrate": {
        "mean": 0.0289483182132,
        "var": 0.000493044266477
    },
    "barkbands": {
        "mean": [1.36850576382e-006, 0.00011011348397, 0.000374302238924, 0.000498943962157, 0.00104522123002, 0.00448297616094, 0.00267719989643, 0.00155783642549, 0.00286020734347, 0.00170966784935, 0.00038335629506, 0.000799734611064, 0.000246664625593, 8.34460661281e-005, 0.000110125925858, 2.89901599899e-005, 2.68197018158e-005, 1.34787260322e-005, 5.03842784383e-006, 3.17141439155e-006, 1.48395099586e-006, 4.97485302731e-007, 2.44482523115e-009, 1.63946345388e-009, 1.00274921699e-009, 9.35345245701e-010, 8.76106243108e-010],
        "var": [5.98102166752e-012, 5.81029553359e-008, 5.85782288454e-007, 1.06113100173e-006, 2.74667172562e-006, 7.78171088314e-005, 3.33147945639e-005, 8.10576420918e-006, 5.05215684825e-005, 3.61252459697e-005, 6.70768486088e-007, 2.12290142372e-005, 1.56433529241e-007, 2.33751755729e-008, 8.77248425013e-008, 4.55105197972e-009, 5.96285021359e-009, 1.64803237723e-009, 2.41365011311e-010, 1.44124254198e-010, 4.21821605423e-011, 6.74691335786e-012, 1.97659161648e-015, 6.7322273939e-016, 1.44829716728e-016, 1.48574621441e-016, 5.8259058461e-017]
    },
    "erbbands": {
        "mean": [0.00122069451027, 0.0365155264735, 0.330409556627, 1.2491300106, 1.77351522446, 3.43441343307, 19.4130477905, 41.1206016541, 33.464214325, 43.3779144287, 34.9104957581, 60.3341941833, 84.9889221191, 24.7692451477, 12.7381305695, 37.0752716064, 13.4876680374, 6.09014987946, 4.69038724899, 3.94677805901, 1.92919099331, 1.26135098934, 0.820526659489, 0.41525554657, 0.248658761382, 0.120920144022, 0.0511587411165, 0.0644575878978, 0.0251919198781, 0.00256255734712, 0.000151391446707, 5.9558024077e-005, 3.67601060134e-005, 2.4273093004e-005, 1.74988108483e-005, 1.25425094666e-005, 7.12979090167e-006, 1.83309521162e-006, 8.43150974106e-006, 1.93434407265e-005],
        "var": [8.15612838778e-006, 0.00551340309903, 0.448733389378, 7.20838117599, 10.7458162308, 29.0269298553, 1203.7064209, 8785.10449219, 7038.59765625, 4976.32324219, 2560.21166992, 16690.0585938, 67691.5, 2338.89233398, 786.965698242, 54941.5976563, 573.733398438, 87.3435440063, 85.1636581421, 118.366760254, 21.0597476959, 9.2787103653, 5.23611736298, 1.52130770683, 0.864819586277, 0.167106822133, 0.025411663577, 0.108176529408, 0.015614352189, 0.000307478709146, 1.91771141544e-006, 6.01155477398e-007, 1.07074363598e-007, 2.18316866807e-008, 7.53422657596e-009, 2.55222665224e-009, 5.49817025242e-010, 6.2249858046e-011, 1.17005877209e-010, 6.04620575828e-010]
    },
    "gfcc": {
        "mean": [-207.955352783, 241.421096802, -158.59564209, -55.5533447266, -31.6513347626, -46.8832092285, -12.3082084656, -21.605091095, -13.9016075134, -4.75651597977, -12.2625579834, -10.1132240295, -0.923271000385],
        "cov": [[6910.88476563, 66.7421035767, -1075.63671875, 804.762939453, -105.489280701, -498.148468018, 286.149505615, -162.199996948, -76.3332672119, 56.5473136902, -204.861572266, -37.9864501953, -15.8363752365], [66.7421035767, 596.971740723, 282.908111572, -113.112808228, 170.972564697, 100.334518433, -61.561214447, 2.14052081108, -60.5029907227, -68.9325942993, 18.1205329895, -18.6574935913, 17.6214599609], [-1075.63671875, 282.908111572, 578.703308105, -172.72164917, 97.7180328369, 205.32875061, -106.76877594, 58.2508926392, -10.1788730621, -68.8331069946, 55.5255699158, 5.80604887009, 29.9200344086], [804.762939453, -113.112808228, -172.72164917, 464.466918945, 48.6019859314, -83.3467178345, 145.943344116, -55.5561180115, -17.6418399811, 25.3934841156, -67.8636856079, -2.93887138367, -46.1342315674], [-105.489280701, 170.972564697, 97.7180328369, 48.6019859314, 182.574417114, 77.3844528198, 2.93110346794, 18.1824302673, -33.0079536438, -24.3798141479, -0.0370865054429, -22.6178150177, 2.01162528992], [-498.148468018, 100.334518433, 205.32875061, -83.3467178345, 77.3844528198, 229.681762695, 46.4506149292, 41.2134971619, -1.84830307961, -45.93409729, -12.707326889, -19.6248474121, 4.33328437805], [286.149505615, -61.561214447, -106.76877594, 145.943344116, 2.93110346794, 46.4506149292, 226.578475952, 57.1876678467, 10.1414318085, 15.1287288666, -67.9261398315, -47.6808052063, -26.7524623871], [-162.199996948, 2.14052081108, 58.2508926392, -55.5561180115, 18.1824302673, 41.2134971619, 57.1876678467, 155.054794312, 73.3355102539, 10.3208703995, 2.60230946541, -41.8512954712, -17.5554523468], [-76.3332672119, -60.5029907227, -10.1788730621, -17.6418399811, -33.0079536438, -1.84830307961, 10.1414318085, 73.3355102539, 129.95223999, 54.7951049805, 3.6773276329, 3.19519734383, -20.6710128784], [56.5473136902, -68.9325942993, -68.8331069946, 25.3934841156, -24.3798141479, -45.93409729, 15.1287288666, 10.3208703995, 54.7951049805, 100.160858154, 47.2019462585, -2.29138875008, -12.8505325317], [-204.861572266, 18.1205329895, 55.5255699158, -67.8636856079, -0.0370865054429, -12.707326889, -67.9261398315, 2.60230946541, 3.6773276329, 47.2019462585, 102.859214783, 37.9068603516, 2.30169534683], [-37.9864501953, -18.6574935913, 5.80604887009, -2.93887138367, -22.6178150177, -19.6248474121, -47.6808052063, -41.8512954712, 3.19519734383, -2.29138875008, 37.9068603516, 91.7747497559, 41.6279678345], [-15.8363752365, 17.6214599609, 29.9200344086, -46.1342315674, 2.01162528992, 4.33328437805, -26.7524623871, -17.5554523468, -20.6710128784, -12.8505325317, 2.30169534683, 41.6279678345, 93.7410049438]],
        "icov": [[0.000357480923412, -0.000738365575671, 0.000918324687518, -0.00093867268879, 0.000938787939958, -0.000288405397441, 0.000464480224764, -0.000446970982011, 1.54251465574e-005, 0.00029792796704, -0.000327513494994, 0.000586570589803, -0.000722042866983], [-0.000738365575671, 0.00509736314416, -0.00366489076987, 0.00374899827875, -0.00606853561476, 0.00345500442199, -0.0041137682274, 0.00482802139595, -0.00304037029855, 0.00358125939965, -0.00227729184553, 0.00105393340345, 0.00104092818219], [0.000918324687518, -0.00366489076987, 0.00747029855847, -0.00459745759144, 0.00493462430313, -0.00609645200893, 0.00538759352639, -0.00409180764109, 0.000130435699248, 0.00270481850021, -0.00407615024596, 0.00335115473717, -0.00384425488301], [-0.00093867268879, 0.00374899827875, -0.00459745759144, 0.00952880643308, -0.0084673287347, 0.00621740659699, -0.00707582524046, 0.0048640393652, 0.000435953494161, -0.00360302603804, 0.00625153724104, -0.00692905671895, 0.00660524656996], [0.000938787939958, -0.00606853561476, 0.00493462430313, -0.0084673287347, 0.0171000100672, -0.00944563094527, 0.00986689701676, -0.0104838283733, 0.00809693429619, -0.00559479184449, 0.00222651171498, 0.00116444611922, -0.00307389092632], [-0.000288405397441, 0.00345500442199, -0.00609645200893, 0.00621740659699, -0.00944563094527, 0.0166377574205, -0.0146497618407, 0.0134434960783, -0.0133734317496, 0.0153068369254, -0.010828923434, 0.00696288887411, -0.00159888633061], [0.000464480224764, -0.0041137682274, 0.00538759352639, -0.00707582524046, 0.00986689701676, -0.0146497618407, 0.0263880956918, -0.0260359514505, 0.0268390886486, -0.0315963923931, 0.0302379671484, -0.0176737811416, 0.00746315810829], [-0.000446970982011, 0.00482802139595, -0.00409180764109, 0.0048640393652, -0.0104838283733, 0.0134434960783, -0.0260359514505, 0.04351612553, -0.0449848622084, 0.0480351634324, -0.0466460026801, 0.0368987768888, -0.0155357457697], [1.54251465574e-005, -0.00304037029855, 0.000130435699248, 0.000435953494161, 0.00809693429619, -0.0133734317496, 0.0268390886486, -0.0449848622084, 0.0645865648985, -0.0699970796704, 0.0660990402102, -0.0512203238904, 0.0261956118047], [0.00029792796704, 0.00358125939965, 0.00270481850021, -0.00360302603804, -0.00559479184449, 0.0153068369254, -0.0315963923931, 0.0480351634324, -0.0699970796704, 0.0985081642866, -0.0898547247052, 0.0646012052894, -0.032280895859], [-0.000327513494994, -0.00227729184553, -0.00407615024596, 0.00625153724104, 0.00222651171498, -0.010828923434, 0.0302379671484, -0.0466460026801, 0.0660990402102, -0.0898547247052, 0.0991563946009, -0.0691250264645, 0.0356169082224], [0.000586570589803, 0.00105393340345, 0.00335115473717, -0.00692905671895, 0.00116444611922, 0.00696288887411, -0.0176737811416, 0.0368987768888, -0.0512203238904, 0.0646012052894, -0.0691250264645, 0.0676349103451, -0.0338356532156], [-0.000722042866983, 0.00104092818219, -0.00384425488301, 0.00660524656996, -0.00307389092632, -0.00159888633061, 0.00746315810829, -0.0155357457697, 0.0261956118047, -0.032280895859, 0.0356169082224, -0.0338356532156, 0.0296902861446]]
    },
    "melbands": {
        "mean": [2.07697539736e-005, 0.000131166540086, 0.00022848934168, 0.000155555855599, 0.000564950634725, 0.00089276448125, 0.000550527416635, 0.000448329665232, 0.000282850727672, 0.000423365912866, 0.000413680216298, 8.94157274161e-005, 4.06406215916e-005, 8.58218772919e-005, 5.55971455469e-005, 2.6981553674e-005, 8.9481827672e-006, 6.09415519648e-006, 1.02942585727e-005, 2.09823815567e-006, 2.21942400458e-006, 1.48785704823e-006, 6.98423605172e-007, 7.33490992388e-007, 3.0269330864e-007, 1.30034862877e-007, 2.04282642358e-007, 5.03184125478e-008, 3.03346077146e-008, 3.81962976803e-008, 3.45720252426e-008, 1.4259882164e-008, 5.96790039609e-009, 6.77581116215e-011, 3.56629656362e-011, 3.11218169291e-011, 2.30633082077e-011, 1.667144027e-011, 1.45356530631e-011, 8.99435040336e-012],
        "var": [2.21755080965e-009, 6.6153120315e-008, 1.71168153429e-007, 5.71342155808e-008, 9.69287384578e-007, 3.82782081942e-006, 1.6573432049e-006, 5.35148274139e-007, 1.82580521368e-007, 9.57908014243e-007, 1.67905534454e-006, 3.530637116e-008, 6.94903246057e-009, 2.61106265498e-007, 6.95668589401e-008, 2.30775087928e-009, 2.33846081388e-010, 1.40290820627e-010, 9.85458714631e-010, 1.94220420996e-011, 3.84240382567e-011, 1.75209430298e-011, 2.38159535496e-012, 5.47256467573e-012, 9.14664828253e-013, 3.43741745137e-013, 6.10112383791e-013, 2.84074979116e-014, 8.25778264806e-015, 2.42799487113e-014, 3.84101625018e-014, 5.32315272251e-015, 1.77170027577e-015, 2.56122518004e-018, 3.35702514509e-019, 3.56457096464e-019, 1.73845292317e-019, 4.70444368482e-020, 3.88543729693e-020, 1.11516895503e-020]
    },
    "mfcc": {
        "mean": [-810.270568848, 238.482955933, -21.499256134, -26.9386177063, -12.2763786316, -17.4814720154, -13.3253946304, -12.1150360107, -5.92573690414, -9.13776397705, -2.52870678902, 0.153881713748, -6.31193113327],
        "cov": [[3703.7409668, 805.221313477, -1314.57080078, 971.205566406, -146.954681396, -177.096008301, 187.378997803, -176.808395386, 141.082611084, -119.33392334, 22.4931812286, -18.3442401886, -129.397064209], [805.221313477, 572.250976563, -36.1789970398, 65.3321075439, 102.498695374, 10.598950386, 36.3104629517, 30.5962562561, -0.496826857328, -12.8340473175, -18.4323501587, -40.1981582642, -46.708782196], [-1314.57080078, -36.1789970398, 739.796691895, -349.816680908, 105.792480469, 143.301071167, -38.3115005493, 109.083908081, -47.052280426, 41.374206543, -7.17268657684, -16.4927349091, 21.4784488678], [971.205566406, 65.3321075439, -349.816680908, 464.654632568, -21.3197002411, -42.6393127441, 84.6598052979, -58.7266693115, 46.8943824768, -45.9591255188, 27.9101715088, 27.2054157257, -32.0109062195], [-146.954681396, 102.498695374, 105.792480469, -21.3197002411, 208.478286743, 49.8855705261, -14.0669622421, 50.5566215515, -42.0132751465, -13.9955358505, -23.1915531158, -2.9372241497, 15.7766265869], [-177.096008301, 10.598950386, 143.301071167, -42.6393127441, 49.8855705261, 155.522445679, 72.0592956543, 30.8534221649, 10.6771335602, -3.74477028847, -23.2170314789, -30.3592739105, -1.99079763889], [187.378997803, 36.3104629517, -38.3115005493, 84.6598052979, -14.0669622421, 72.0592956543, 164.168243408, 53.7240104675, 33.1477622986, 30.0076255798, -1.20065331459, -18.5864009857, -28.7851867676], [-176.808395386, 30.5962562561, 109.083908081, -58.7266693115, 50.5566215515, 30.8534221649, 53.7240104675, 141.317520142, 62.1872253418, 33.2580451965, 16.2093505859, -15.4789123535, -29.1531200409], [141.082611084, -0.496826857328, -47.052280426, 46.8943824768, -42.0132751465, 10.6771335602, 33.1477622986, 62.1872253418, 138.709030151, 72.4828872681, 28.7039375305, -9.81902599335, -30.0156555176], [-119.33392334, -12.8340473175, 41.374206543, -45.9591255188, -13.9955358505, -3.74477028847, 30.0076255798, 33.2580451965, 72.4828872681, 154.958129883, 65.2533798218, 0.526693582535, 13.8796663284], [22.4931812286, -18.4323501587, -7.17268657684, 27.9101715088, -23.1915531158, -23.2170314789, -1.20065331459, 16.2093505859, 28.7039375305, 65.2533798218, 107.511413574, 53.2596588135, 9.31373119354], [-18.3442401886, -40.1981582642, -16.4927349091, 27.2054157257, -2.9372241497, -30.3592739105, -18.5864009857, -15.4789123535, -9.81902599335, 0.526693582535, 53.2596588135, 99.946182251, 51.0616226196], [-129.397064209, -46.708782196, 21.4784488678, -32.0109062195, 15.7766265869, -1.99079763889, -28.7851867676, -29.1531200409, -30.0156555176, 13.8796663284, 9.31373119354, 51.0616226196, 109.575195313]],
        "icov": [[0.1695676893, -0.240676239133, 0.247565746307, -0.256495416164, 0.259124398232, -0.255116850138, 0.246976330876, -0.229913547635, 0.201531469822, -0.163932576776, 0.127431228757, -0.0818525329232, 0.0392383374274], [-0.240676239133, 0.344221413136, -0.353126078844, 0.367871761322, -0.375043958426, 0.370399206877, -0.360563993454, 0.33670887351, -0.296352684498, 0.242064461112, -0.188731446862, 0.122246019542, -0.0579681955278], [0.247565746307, -0.353126078844, 0.3711335361, -0.387366712093, 0.399749338627, -0.403826862574, 0.396593123674, -0.37463247776, 0.333025991917, -0.273993074894, 0.213579043746, -0.139684140682, 0.0683980882168], [-0.256495416164, 0.367871761322, -0.387366712093, 0.423478454351, -0.440032452345, 0.448110252619, -0.450876384974, 0.430388569832, -0.387398958206, 0.323082149029, -0.254495978355, 0.165011003613, -0.0811839178205], [0.259124398232, -0.375043958426, 0.399749338627, -0.440032452345, 0.474262714386, -0.48560526967, 0.492933779955, -0.476892918348, 0.432857751846, -0.361720055342, 0.286895155907, -0.189211189747, 0.0929038003087], [-0.255116850138, 0.370399206877, -0.403826862574, 0.448110252619, -0.48560526967, 0.519538521767, -0.527235269547, 0.508557021618, -0.466867804527, 0.395009189844, -0.311583399773, 0.210349902511, -0.106614090502], [0.246976330876, -0.360563993454, 0.396593123674, -0.450876384974, 0.492933779955, -0.527235269547, 0.552078664303, -0.533952713013, 0.490688532591, -0.418729841709, 0.332409292459, -0.221933275461, 0.113535359502], [-0.229913547635, 0.33670887351, -0.37463247776, 0.430388569832, -0.476892918348, 0.508557021618, -0.533952713013, 0.534336090088, -0.488860726357, 0.413269728422, -0.330271780491, 0.220024049282, -0.109729558229], [0.201531469822, -0.296352684498, 0.333025991917, -0.387398958206, 0.432857751846, -0.466867804527, 0.490688532591, -0.488860726357, 0.463278770447, -0.39112830162, 0.308698266745, -0.207537144423, 0.108164094388], [-0.163932576776, 0.242064461112, -0.273993074894, 0.323082149029, -0.361720055342, 0.395009189844, -0.418729841709, 0.413269728422, -0.39112830162, 0.345007330179, -0.274297744036, 0.185003951192, -0.0968393757939], [0.127431228757, -0.188731446862, 0.213579043746, -0.254495978355, 0.286895155907, -0.311583399773, 0.332409292459, -0.330271780491, 0.308698266745, -0.274297744036, 0.233397379518, -0.156311392784, 0.0786121860147], [-0.0818525329232, 0.122246019542, -0.139684140682, 0.165011003613, -0.189211189747, 0.210349902511, -0.221933275461, 0.220024049282, -0.207537144423, 0.185003951192, -0.156311392784, 0.120266057551, -0.0607033707201], [0.0392383374274, -0.0579681955278, 0.0683980882168, -0.0811839178205, 0.0929038003087, -0.106614090502, 0.113535359502, -0.109729558229, 0.108164094388, -0.0968393757939, 0.0786121860147, -0.0607033707201, 0.0424477644265]]
    },
    "spectral_contrast_coeffs": {
        "mean": [-0.583574354649, -0.673052072525, -0.699824213982, -0.707678675652, -0.727229118347, -0.781691789627],
        "var": [0.00699603045359, 0.0070809815079, 0.00602386286482, 0.00261472235434, 0.00223200395703, 0.00674983253703]
    },
    "spectral_contrast_valleys": {
        "mean": [-9.02578830719, -6.79266452789, -7.75302028656, -9.28362464905, -11.0335674286, -14.6268596649],
        "var": [1.31499862671, 1.27054476738, 1.21253180504, 1.21855187416, 1.66486084461, 1.43933415413]
    }
},
"metadata": {
    "audio_properties": {
        "analysis_sample_rate": 44100,
        "bit_rate": 75064,
        "equal_loudness": 0,
        "length": 45.0873451233,
        "lossless": 0,
        "replay_gain": -9.32298278809,
        "sample_rate": 44100,
        "codec": "mp3",
        "downmix": "mix",
        "md5_encoded": "2d6dcbdf8f00b41c9c37bb38ad11d168"
    },
    "tags": {
        "file_name": "289.mp3"
    },
    "version": {
        "essentia": "2.1-beta2",
        "essentia_git_sha": "v2.1_beta2",
        "extractor": "music 1.0"
    }
},
"rhythm": {
    "beats_count": 115,
    "beats_loudness": {
        "mean": 0.0321288183331,
        "var": 0.000928135588765
    },
    "bpm": 154.786956787,
    "bpm_histogram_first_peak_bpm": {
        "mean": 157,
        "var": 0
    },
    "bpm_histogram_first_peak_spread": {
        "mean": 0.245901599526,
        "var": 0
    },
    "bpm_histogram_first_peak_weight": {
        "mean": 0.403508782387,
        "var": 0
    },
    "bpm_histogram_second_peak_bpm": {
        "mean": 152,
        "var": 0
    },
    "bpm_histogram_second_peak_spread": {
        "mean": 0.249999985099,
        "var": 0
    },
    "bpm_histogram_second_peak_weight": {
        "mean": 0.263157904148,
        "var": 0
    },
    "danceability": 1.04061353207,
    "onset_rate": 4.25675678253,
    "beats_loudness_band_ratio": {
        "mean": [0.0713646933436, 0.399825334549, 0.437718719244, 0.132896155119, 0.0113348355517, 0.000326794455759],
        "var": [0.00804410409182, 0.0510084219277, 0.053894456476, 0.0135558554903, 0.000117670031614, 1.5757092342e-007]
    },
    "beats_position": [0.406349211931, 0.824308395386, 1.24226760864, 1.62539684772, 1.99691605568, 2.36843538284, 2.75156450272, 3.13469386101, 3.52943301201, 3.93578219414, 4.34213161469, 4.73687076569, 5.13160991669, 5.52634906769, 5.92108821869, 6.31582736969, 6.71056699753, 7.10530614853, 7.4884352684, 7.8831744194, 8.26630401611, 8.64943313599, 9.03256225586, 9.41569137573, 9.79882049561, 10.1819496155, 10.5534696579, 10.9365987778, 11.3197278976, 11.7028570175, 12.0743761063, 12.4575052261, 12.840634346, 13.235373497, 13.6417226791, 14.0596818924, 14.4892511368, 14.9188203812, 15.3367795944, 15.7431287766, 16.1494789124, 16.5558280945, 16.9621772766, 17.3685264587, 17.786485672, 18.2044448853, 18.5991840363, 18.9939231873, 19.3770523071, 19.760181427, 20.154920578, 20.549659729, 20.94439888, 21.339138031, 21.7222671509, 22.1053962708, 22.5001354218, 22.8716545105, 23.2431735992, 23.6263027191, 24.009431839, 24.3925609589, 24.764081955, 25.1472110748, 25.5419502258, 25.9366893768, 26.3314285278, 26.7029476166, 27.0860767365, 27.4692058563, 27.8523349762, 28.2354640961, 28.6185932159, 29.0017223358, 29.3964614868, 29.7912006378, 30.1859397888, 30.5806789398, 30.9638080597, 31.3469390869, 31.7184581757, 32.1015853882, 32.4847145081, 32.8678436279, 33.2509727478, 33.6457138062, 34.0404510498, 34.4351921082, 34.818321228, 35.1898422241, 35.572971344, 35.9561004639, 36.3392295837, 36.7339668274, 37.1287078857, 37.5350570679, 37.94140625, 38.3593635559, 38.7424926758, 39.1140136719, 39.4855308533, 39.8686599731, 40.251789093, 40.6349182129, 41.006439209, 41.3663482666, 41.7378692627, 42.0977783203, 42.4460754395, 42.8292045593, 43.2239456177, 43.5838546753, 43.9553718567, 44.3385009766, 44.7216300964]
},
"tonal": {
    "chords_changes_rate": 0.0401234552264,
    "chords_number_rate": 0.0102880662307,
    "chords_strength": {
        "mean": 0.506516218185,
        "var": 0.0100432727486
    },
    "hpcp_entropy": {
        "mean": 1.36489355564,
        "var": 0.448916703463
    },
    "key_strength": 0.789633452892,
    "tuning_diatonic_strength": 0.545322716236,
    "tuning_equal_tempered_deviation": 0.00661369692534,
    "tuning_frequency": 440.763122559,
    "tuning_nontempered_energy_ratio": 0.598907589912,
    "hpcp": {
        "mean": [0.106852687895, 0.0589290596545, 0.152239263058, 0.293453961611, 0.1735175699, 0.0326572172344, 0.014795656316, 0.0106305079535, 0.0840584114194, 0.172840282321, 0.107534222305, 0.0387991108, 0.0458324104548, 0.0317770987749, 0.140013307333, 0.256854355335, 0.161514699459, 0.16979919374, 0.241849437356, 0.11052634567, 0.0361211262643, 0.0648210868239, 0.0610603131354, 0.230728268623, 0.358194261789, 0.165453985333, 0.0676526725292, 0.103291325271, 0.0569955892861, 0.115670956671, 0.202373996377, 0.106768526137, 0.0390232130885, 0.0503298118711, 0.0298415645957, 0.0661400184035],
        "var": [0.0609647221863, 0.0169119536877, 0.0349175818264, 0.118987359107, 0.0471634268761, 0.0059942076914, 0.0026061614044, 0.000768887344748, 0.0188444182277, 0.0845054239035, 0.0350509285927, 0.00935492105782, 0.0227917060256, 0.00662438943982, 0.04223485291, 0.128332361579, 0.0494599863887, 0.0512489825487, 0.13364559412, 0.0310062747449, 0.00981545168906, 0.0367117859423, 0.0162109155208, 0.0712154433131, 0.152380049229, 0.0362816564739, 0.021778434515, 0.0646493211389, 0.0195680968463, 0.0379010178149, 0.116674534976, 0.0307723246515, 0.010511489585, 0.0261987391859, 0.00761233270168, 0.0208662450314]
    },
    "chords_histogram": [44.444442749, 5.65843629837, 11.8312759399, 0, 0, 0, 0, 0, 0, 0, 0, 0, 0, 0, 0, 11.8312759399, 0.514403283596, 5.14403295517, 0.514403283596, 1.02880656719, 3.18930029869, 5.24691343307, 8.02469158173, 2.57201647758],
    "thpcp": [1, 0.461911320686, 0.188871458173, 0.288366764784, 0.159119218588, 0.322928011417, 0.564983904362, 0.298074364662, 0.108944274485, 0.140509828925, 0.0833111181855, 0.184648454189, 0.298309326172, 0.164517045021, 0.425018697977, 0.819259226322, 0.484423100948, 0.0911718010902, 0.0413062348962, 0.0296780522913, 0.234672695398, 0.482532233, 0.300212025642, 0.108318626881, 0.1279540658, 0.0887147039175, 0.390886515379, 0.717081129551, 0.450913697481, 0.474042207003, 0.67519068718, 0.308565378189, 0.100842282176, 0.180966287851, 0.170467033982, 0.644142866135],
    "chords_key": "A#",
    "chords_scale": "major",
    "key_key": "A#",
    "key_scale": "major"
}
}