{
"lowlevel": {
    "average_loudness": 0.928968787193,
    "barkbands_crest": {
        "mean": 12.1844100952,
        "var": 17.4048423767
    },
    "barkbands_flatness_db": {
        "mean": 0.330705851316,
        "var": 0.00265684863552
    },
    "barkbands_kurtosis": {
        "mean": 3.97217822075,
        "var": 32.9414749146
    },
    "barkbands_skewness": {
        "mean": 0.70742815733,
        "var": 1.34042882919
    },
    "barkbands_spread": {
        "mean": 6.14273452759,
        "var": 11.2183580399
    },
    "dissonance": {
        "mean": 0.36838388443,
        "var": 0.00502303196117
    },
    "dynamic_complexity": 2.60648846626,
    "erbbands_crest": {
        "mean": 16.4219493866,
        "var": 32.022354126
    },
    "erbbands_flatness_db": {
        "mean": 0.343355804682,
        "var": 0.00304238405079
    },
    "erbbands_kurtosis": {
        "mean": 4.04896497726,
        "var": 35.4234466553
    },
    "erbbands_skewness": {
        "mean": 0.981131792068,
        "var": 1.01141667366
    },
    "erbbands_spread": {
        "mean": 10.6592960358,
        "var": 34.7931137085
    },
    "hfc": {
        "mean": 10.465927124,
        "var": 94.6353607178
    },
    "melbands_crest": {
        "mean": 16.2725772858,
        "var": 40.1283035278
    },
    "melbands_flatness_db": {
        "mean": 0.42181456089,
        "var": 0.00370731204748
    },
    "melbands_kurtosis": {
        "mean": 6.33444833755,
        "var": 81.2735748291
    },
    "melbands_skewness": {
        "mean": 1.21482610703,
        "var": 1.60699748993
    },
    "melbands_spread": {
        "mean": 7.47733783722,
        "var": 45.6117744446
    },
    "pitch_salience": {
        "mean": 0.483745723963,
        "var": 0.0112090250477
    },
    "silence_rate_20dB": {
        "mean": 1,
        "var": 0
    },
    "silence_rate_30dB": {
        "mean": 0.976828038692,
        "var": 0.0226355083287
    },
    "silence_rate_60dB": {
        "mean": 0.023686921224,
        "var": 0.0231258105487
    },
    "spectral_centroid": {
        "mean": 475.79119873,
        "var": 185502.921875
    },
    "spectral_complexity": {
        "mean": 8.49330615997,
        "var": 5.77106380463
    },
    "spectral_decrease": {
        "mean": -9.35037025585e-009,
        "var": 1.07482247373e-016
    },
    "spectral_energy": {
        "mean": 0.0362397581339,
        "var": 0.00157765310723
    },
    "spectral_energyband_high": {
        "mean": 5.23775634065e-006,
        "var": 2.37199260233e-010
    },
    "spectral_energyband_low": {
        "mean": 0.0090055456385,
        "var": 0.00032899188227
    },
    "spectral_energyband_middle_high": {
        "mean": 0.00180746545084,
        "var": 1.79538619705e-005
    },
    "spectral_energyband_middle_low": {
        "mean": 0.0201838053763,
        "var": 0.000251230230788
    },
    "spectral_entropy": {
        "mean": 5.80437326431,
        "var": 0.284180879593
    },
    "spectral_flux": {
        "mean": 0.0963160172105,
        "var": 0.00699916202575
    },
    "spectral_kurtosis": {
        "mean": 54.1355400085,
        "var": 1270.60705566
    },
    "spectral_rms": {
        "mean": 0.00530584063381,
        "var": 7.20384741726e-006
    },
    "spectral_rolloff": {
        "mean": 565.471801758,
        "var": 674684.9375
    },
    "spectral_skewness": {
        "mean": 5.06110525131,
        "var": 3.97244572639
    },
    "spectral_spread": {
        "mean": 1507859,
        "var": 2.84172327322e+012
    },
    "spectral_strongpeak": {
        "mean": 1.14839959145,
        "var": 1.06261539459
    },
    "zerocrossingrate": {
        "mean": 0.0210564378649,
        "var": 0.000487873330712
    },
    "barkbands": {
        "mean": [0.00910224299878, 0.00356349325739, 0.00184915121645, 0.00117589032743, 0.00423825345933, 0.00566022144631, 0.00356626324356, 0.00257988832891, 0.00235616485588, 0.000928535009734, 0.000749592320062, 0.000156456400873, 0.000169801205629, 2.67262767011e-005, 2.93398006761e-005, 5.75332596782e-005, 1.36609214678e-005, 5.56654094908e-006, 3.7733998397e-006, 3.74253886548e-006, 2.16465446101e-006, 5.34224113835e-007, 3.08180631237e-007, 2.76746618511e-007, 1.33207080921e-007, 8.00081139118e-008, 6.26296081663e-009],
        "var": [0.000538939377293, 7.63440693845e-005, 1.94929925783e-005, 7.0887158472e-006, 2.19939320232e-005, 4.04312122555e-005, 7.01583339833e-005, 1.84394957614e-005, 1.57067061082e-005, 7.21896458344e-006, 8.21486355562e-006, 5.98786513706e-008, 1.60479828537e-007, 2.10835260361e-009, 3.77117892469e-009, 2.232460794e-008, 4.73588168681e-010, 6.01742197737e-011, 4.13045604664e-011, 3.69398157896e-011, 4.25867431597e-011, 7.08866212257e-012, 2.98113031656e-012, 1.44248556242e-012, 8.00621992748e-013, 5.18274876141e-013, 4.73052357987e-015]
    },
    "erbbands": {
        "mean": [0.118352547288, 0.825145959854, 2.24793076515, 2.93315410614, 6.20788526535, 12.3920059204, 53.2180137634, 33.711605072, 52.9826393127, 55.3766212463, 47.9882049561, 65.9187698364, 33.3027458191, 15.4648580551, 37.0286064148, 10.0725908279, 8.8222618103, 2.04022860527, 1.06281554699, 2.55003499985, 2.59274530411, 0.570217370987, 0.310603886843, 0.240635037422, 0.188895776868, 0.179070279002, 0.126845747232, 0.0513950698078, 0.0209022108465, 0.0128002064303, 0.00901342555881, 0.00651402166113, 0.00416080188006, 0.00183318194468, 0.000822431116831, 0.000380940997275, 0.000145418802276, 2.62965713773e-005, 1.74536853592e-005, 4.00332901336e-005],
        "var": [0.0596618764102, 4.45989561081, 27.6391620636, 46.8154792786, 123.85333252, 226.486114502, 5086.28125, 2177.26611328, 17290.2304688, 7305.88623047, 6770.21191406, 12606.2011719, 8818.22363281, 2861.96557617, 20060.9199219, 279.800201416, 396.396789551, 9.34825897217, 2.18314099312, 26.7424697876, 29.3052368164, 0.416024029255, 0.173809021711, 0.138462394476, 0.105062030256, 0.0859607979655, 0.11226439476, 0.0311268270016, 0.00898308772594, 0.00541575392708, 0.00258420291357, 0.000852178782225, 0.000358693825547, 0.000119801312394, 3.62062091881e-005, 9.96476501314e-006, 1.63358220107e-006, 6.05459788972e-008, 4.26454732638e-010, 1.87993887124e-009]
    },
    "gfcc": {
        "mean": [-151.183074951, 221.607559204, -113.419136047, -14.2384901047, -41.9771537781, -22.0526943207, -23.8992443085, -5.93632745743, -5.84215688705, -9.85611248016, 6.26118087769, -14.221364975, 9.41288471222],
        "cov": [[4745.78466797, 68.8270645142, -134.354064941, 445.580200195, -315.487548828, 178.819290161, 239.729156494, 91.9684295654, -101.796173096, 28.1401309967, -93.9154281616, -63.4470176697, 123.495307922], [68.8270645142, 613.442932129, 134.571151733, -252.597122192, 214.173690796, -58.0939903259, 74.1989746094, 66.0445022583, 52.4660758972, -108.036323547, -23.6474399567, 1.15577435493, -56.8637390137], [-134.354064941, 134.571151733, 521.629150391, 91.451210022, 145.114028931, -6.23092937469, 41.2342987061, 111.215560913, 98.6141357422, -37.2268257141, -92.8825836182, 27.4937515259, -139.423934937], [445.580200195, -252.597122192, 91.451210022, 577.850158691, 27.6292552948, 56.9868659973, -28.8537158966, -62.2136917114, -3.27102708817, 88.5606536865, 4.74579954147, -55.354675293, 5.96900510788], [-315.487548828, 214.173690796, 145.114028931, 27.6292552948, 312.167327881, -9.53618144989, -44.2345809937, -8.78850746155, 49.7582817078, -13.8706016541, -6.76254940033, 32.4317207336, -53.3619270325], [178.819290161, -58.0939903259, -6.23092937469, 56.9868659973, -9.53618144989, 188.290420532, 77.6844558716, 12.3148422241, -36.0026245117, -21.6985340118, -23.9676113129, -3.36295223236, 28.5409927368], [239.729156494, 74.1989746094, 41.2342987061, -28.8537158966, -44.2345809937, 77.6844558716, 235.640426636, 106.1014328, -14.2254447937, -59.2708015442, -60.8762397766, -28.9528331757, 7.49948406219], [91.9684295654, 66.0445022583, 111.215560913, -62.2136917114, -8.78850746155, 12.3148422241, 106.1014328, 181.459106445, 71.4723205566, -74.5815429688, -102.975662231, -27.7921772003, -36.9775047302], [-101.796173096, 52.4660758972, 98.6141357422, -3.27102708817, 49.7582817078, -36.0026245117, -14.2254447937, 71.4723205566, 145.191055298, -0.764092385769, -64.2713546753, -8.61220264435, -56.5977973938], [28.1401309967, -108.036323547, -37.2268257141, 88.5606536865, -13.8706016541, -21.6985340118, -59.2708015442, -74.5815429688, -0.764092385769, 136.804504395, 81.5075683594, -2.3055138588, -2.82059979439], [-93.9154281616, -23.6474399567, -92.8825836182, 4.74579954147, -6.76254940033, -23.9676113129, -60.8762397766, -102.975662231, -64.2713546753, 81.5075683594, 162.350830078, 32.7576560974, 26.1672039032], [-63.4470176697, 1.15577435493, 27.4937515259, -55.354675293, 32.4317207336, -3.36295223236, -28.9528331757, -27.7921772003, -8.61220264435, -2.3055138588, 32.7576560974, 108.454483032, 3.48422980309], [123.495307922, -56.8637390137, -139.423934937, 5.96900510788, -53.3619270325, 28.5409927368, 7.49948406219, -36.9775047302, -56.5977973938, -2.82059979439, 26.1672039032, 3.48422980309, 116.363479614]],
        "icov": [[0.00043013895629, -0.00104775256477, 0.000402829726227, -0.000867558002938, 0.000995416310616, -0.000339562218869, 0.000291626842227, -0.00084374868311, 0.000769455742557, -0.00114111125004, 0.00100145325996, -0.000993108376861, -3.73728980776e-005], [-0.00104775256477, 0.00714219966903, -0.00192004349083, 0.00409451918676, -0.00551262265071, 0.00216078804806, -0.00312590412796, 0.00382548640482, -0.0036472841166, 0.00625302502885, -0.00502426270396, 0.00511589413509, -0.000195045300643], [0.000402829726227, -0.00192004349083, 0.0046723051928, -0.00233400450088, 0.00053178583039, -0.000311299867462, 0.000305620400468, -0.00291595747694, 0.0013228582684, -0.00170007674024, 0.0024421014823, -0.00374763947912, 0.00389133975841], [-0.000867558002938, 0.00409451918676, -0.00233400450088, 0.00520386965945, -0.003474192461, 0.000358843477443, -0.00137446762528, 0.00361951161176, -0.00225334311835, 0.00194383435883, -0.00236436165869, 0.00492382375523, -0.00124893605243], [0.000995416310616, -0.00551262265071, 0.00053178583039, -0.003474192461, 0.00866879057139, -0.00210642279126, 0.0027466933243, -0.00163619313389, 0.00124941836111, -0.00323694688268, 0.00312626827508, -0.00455085281283, 0.000822594331112], [-0.000339562218869, 0.00216078804806, -0.000311299867462, 0.000358843477443, -0.00210642279126, 0.00777934445068, -0.00324500282295, 0.00140518322587, 0.00052514357958, 0.00183729093987, -7.77312925493e-006, 0.000517569307704, -0.000907264300622], [0.000291626842227, -0.00312590412796, 0.000305620400468, -0.00137446762528, 0.0027466933243, -0.00324500282295, 0.00923377368599, -0.0064317160286, 0.00410733558238, -0.00259447447024, 0.00216801394708, -0.0010477945907, -0.000505098083522], [-0.00084374868311, 0.00382548640482, -0.00291595747694, 0.00361951161176, -0.00163619313389, 0.00140518322587, -0.0064317160286, 0.0180160813034, -0.00842876825482, 0.00770236877725, -0.000849140284117, 0.0052276304923, 0.000251460151048], [0.000769455742557, -0.0036472841166, 0.0013228582684, -0.00225334311835, 0.00124941836111, 0.00052514357958, 0.00410733558238, -0.00842876825482, 0.0164869166911, -0.0086934864521, 0.00830714497715, -0.00388734787703, 0.00265928311273], [-0.00114111125004, 0.00625302502885, -0.00170007674024, 0.00194383435883, -0.00323694688268, 0.00183729093987, -0.00259447447024, 0.00770236877725, -0.0086934864521, 0.0213131848723, -0.0124503569677, 0.0064634992741, 0.00170428398997], [0.00100145325996, -0.00502426270396, 0.0024421014823, -0.00236436165869, 0.00312626827508, -7.77312925493e-006, 0.00216801394708, -0.000849140284117, 0.00830714497715, -0.0124503569677, 0.0187936518341, -0.00705079128966, 0.000278889259789], [-0.000993108376861, 0.00511589413509, -0.00374763947912, 0.00492382375523, -0.00455085281283, 0.000517569307704, -0.0010477945907, 0.0052276304923, -0.00388734787703, 0.0064634992741, -0.00705079128966, 0.0165176931769, -0.00231718551368], [-3.73728980776e-005, -0.000195045300643, 0.00389133975841, -0.00124893605243, 0.000822594331112, -0.000907264300622, -0.000505098083522, 0.000251460151048, 0.00265928311273, 0.00170428398997, 0.000278889259789, -0.00231718551368, 0.0153183238581]]
    },
    "melbands": {
        "mean": [0.0014660746092, 0.00117756123655, 0.000629825866781, 0.000546835246496, 0.00160673283972, 0.000825437484309, 0.000791478552856, 0.000598290760536, 0.000423337565735, 0.000360397360055, 0.000151316213305, 5.57638813916e-005, 0.000101232355519, 5.06157812197e-005, 2.17323431571e-005, 1.22658912005e-005, 2.96186749438e-006, 1.45699038967e-006, 2.08303140425e-006, 5.11653115609e-006, 2.46497279477e-006, 6.5443504127e-007, 3.16496908681e-007, 2.37548945847e-007, 1.91182479625e-007, 1.23966160004e-007, 1.40970385587e-007, 1.11867997532e-007, 8.7868606613e-008, 5.08325577186e-008, 2.18930011897e-008, 1.15802647471e-008, 9.52645518026e-009, 5.83998938097e-009, 5.18189580134e-009, 4.3833754404e-009, 3.97945054686e-009, 3.3546851963e-009, 1.91329152521e-009, 1.33320787743e-009],
        "var": [8.6803238446e-006, 7.97258417151e-006, 1.73899479705e-006, 6.60839930333e-007, 3.97071289626e-006, 1.13045052785e-006, 3.90420018448e-006, 8.60538932557e-007, 4.82772861687e-007, 3.76349902353e-007, 2.05122589136e-007, 5.45367875304e-008, 1.46824376657e-007, 2.62488217828e-008, 1.46877476848e-009, 6.41282915659e-010, 2.69198986019e-011, 4.43032589781e-012, 2.0153207228e-011, 1.77200587537e-010, 1.99783453669e-011, 9.35472294246e-013, 1.69982517645e-013, 1.25330857346e-013, 1.03485864084e-013, 5.30333731845e-014, 5.50986902317e-014, 3.63107845658e-014, 4.67730305984e-014, 2.89590772965e-014, 6.8331638633e-015, 2.51104865389e-015, 3.13865453979e-015, 1.09253570614e-015, 8.71029020073e-016, 5.44266684791e-016, 2.84812737402e-016, 2.27402750061e-016, 1.06276237893e-016, 7.07023297982e-017]
    },
    "mfcc": {
        "mean": [-792.219604492, 243.140808105, 2.80445694923, 9.22419071198, 3.36182308197, -13.3291702271, -4.00186252594, -7.80912399292, -1.85789227486, 0.122509896755, -6.24841213226, 9.91223526001, 8.01868438721],
        "cov": [[2397.56542969, 120.68170929, -267.713470459, 424.579589844, -343.884429932, 88.5518264771, 292.804443359, 14.9732532501, 137.128417969, 164.47505188, -169.125228882, -121.358009338, -72.71534729], [120.68170929, 770.232055664, 46.8995628357, -156.921554565, 14.9533195496, -126.256027222, 68.2295379639, 176.961868286, 101.430870056, -12.4984779358, -1.65090167522, -4.82377147675, 44.6886177063], [-267.713470459, 46.8995628357, 397.26260376, 72.3161392212, 91.9513092041, 4.41159486771, -85.7322921753, 133.85736084, 68.5029525757, -12.6326522827, 97.7592773438, 49.5056648254, 25.0177688599], [424.579589844, -156.921554565, 72.3161392212, 415.890777588, 86.2878036499, 81.5490493774, 14.2873601913, -50.3242645264, 15.4466791153, 62.503490448, 36.9507598877, 17.7016887665, -19.9482688904], [-343.884429932, 14.9533195496, 91.9513092041, 86.2878036499, 360.992523193, 87.7910003662, -121.170013428, -20.9827823639, -64.6272201538, -56.1689872742, 74.202331543, 62.5564422607, 35.1046562195], [88.5518264771, -126.256027222, 4.41159486771, 81.5490493774, 87.7910003662, 178.279281616, 33.5147628784, -48.945438385, -35.8028411865, -3.54639482498, -7.82752513885, -2.61024236679, 8.41587924957], [292.804443359, 68.2295379639, -85.7322921753, 14.2873601913, -121.170013428, 33.5147628784, 227.743087769, 40.9691886902, 17.024930954, 45.694694519, -71.2277679443, -57.7932853699, -17.650686264], [14.9732532501, 176.961868286, 133.85736084, -50.3242645264, -20.9827823639, -48.945438385, 40.9691886902, 259.102935791, 165.604797363, -7.47939920425, -6.87329244614, -15.8917636871, 11.2767467499], [137.128417969, 101.430870056, 68.5029525757, 15.4466791153, -64.6272201538, -35.8028411865, 17.024930954, 165.604797363, 222.720291138, 76.9012451172, -26.8449649811, -29.5097866058, -5.73813343048], [164.47505188, -12.4984779358, -12.6326522827, 62.503490448, -56.1689872742, -3.54639482498, 45.694694519, -7.47939920425, 76.9012451172, 136.329803467, 16.0605773926, -33.8260002136, -29.8383674622], [-169.125228882, -1.65090167522, 97.7592773438, 36.9507598877, 74.202331543, -7.82752513885, -71.2277679443, -6.87329244614, -26.8449649811, 16.0605773926, 129.102996826, 58.1742019653, 4.81827878952], [-121.358009338, -4.82377147675, 49.5056648254, 17.7016887665, 62.5564422607, -2.61024236679, -57.7932853699, -15.8917636871, -29.5097866058, -33.8260002136, 58.1742019653, 93.1818313599, 49.3837509155], [-72.71534729, 44.6886177063, 25.0177688599, -19.9482688904, 35.1046562195, 8.41587924957, -17.650686264, 11.2767467499, -5.73813343048, -29.8383674622, 4.81827878952, 49.3837509155, 101.010993958]],
        "icov": [[0.00146637181751, -0.00130198406987, 0.00153302692343, -0.00264110625722, 0.00273841130547, -0.00256578065455, 0.00248865527101, -0.00326988357119, 0.00310963718221, -0.00272344611585, 0.00254072598182, -0.00136021326762, 0.000708303763531], [-0.00130198406987, 0.00348395411856, -0.00165284471586, 0.0032306665089, -0.0040551093407, 0.00473955227062, -0.00503773940727, 0.00424514804035, -0.00539076561108, 0.00438169203699, -0.00403244886547, 0.00258815055713, -0.00185593112838], [0.00153302692343, -0.00165284471586, 0.00657480070367, -0.00399552984163, 0.00371384946629, -0.00437988946214, 0.00545831024647, -0.00799667835236, 0.00510584795848, -0.00371799827553, 0.000624717329629, -0.001721110777, 0.000341524399118], [-0.00264110625722, 0.0032306665089, -0.00399552984163, 0.00867816619575, -0.00671833474189, 0.00503671495244, -0.00732799200341, 0.00906797870994, -0.00886743888259, 0.00543426955119, -0.00556202884763, 0.0017540580593, -0.000495487242006], [0.00273841130547, -0.0040551093407, 0.00371384946629, -0.00671833474189, 0.0118472827598, -0.00986760016531, 0.0108576323837, -0.011131499894, 0.0117014441639, -0.00796733982861, 0.00605255784467, -0.00455432478338, 0.00161260331515], [-0.00256578065455, 0.00473955227062, -0.00437988946214, 0.00503671495244, -0.00986760016531, 0.0164573863149, -0.0122780613601, 0.0129464427009, -0.0122906481847, 0.0106554264203, -0.00761258089915, 0.00673548690975, -0.00387750286609], [0.00248865527101, -0.00503773940727, 0.00545831024647, -0.00732799200341, 0.0108576323837, -0.0122780613601, 0.0220217909664, -0.0208778567612, 0.0223338957876, -0.0195625498891, 0.0154903382063, -0.00734838843346, 0.0029933701735], [-0.00326988357119, 0.00424514804035, -0.00799667835236, 0.00906797870994, -0.011131499894, 0.0129464427009, -0.0208778567612, 0.034797552973, -0.0338262282312, 0.0277882404625, -0.01954844594, 0.0132531709969, -0.00446363305673], [0.00310963718221, -0.00539076561108, 0.00510584795848, -0.00886743888259, 0.0117014441639, -0.0122906481847, 0.0223338957876, -0.0338262282312, 0.0417557246983, -0.0335695408285, 0.0248113479465, -0.014185695909, 0.00445151142776], [-0.00272344611585, 0.00438169203699, -0.00371799827553, 0.00543426955119, -0.00796733982861, 0.0106554264203, -0.0195625498891, 0.0277882404625, -0.0335695408285, 0.0387422665954, -0.0260887369514, 0.0180194638669, -0.00457229092717], [0.00254072598182, -0.00403244886547, 0.000624717329629, -0.00556202884763, 0.00605255784467, -0.00761258089915, 0.0154903382063, -0.01954844594, 0.0248113479465, -0.0260887369514, 0.0331678204238, -0.0207658186555, 0.00805290229619], [-0.00136021326762, 0.00258815055713, -0.001721110777, 0.0017540580593, -0.00455432478338, 0.00673548690975, -0.00734838843346, 0.0132531709969, -0.014185695909, 0.0180194638669, -0.0207658186555, 0.0328760631382, -0.0136589109898], [0.000708303763531, -0.00185593112838, 0.000341524399118, -0.000495487242006, 0.00161260331515, -0.00387750286609, 0.0029933701735, -0.00446363305673, 0.00445151142776, -0.00457229092717, 0.00805290229619, -0.0136589109898, 0.0170283354819]]
    },
    "spectral_contrast_coeffs": {
        "mean": [-0.617709875107, -0.585805416107, -0.694830000401, -0.765312433243, -0.808992862701, -0.811495065689],
        "var": [0.00761159649119, 0.00767602212727, 0.00950884167105, 0.00323896016926, 0.00152379716747, 0.00142511923332]
    },
    "spectral_contrast_valleys": {
        "mean": [-7.61749649048, -7.15285539627, -8.20829486847, -9.02523803711, -9.75957107544, -13.3008184433],
        "var": [1.70975065231, 1.25040984154, 1.22886312008, 1.05273723602, 1.24091684818, 0.856816887856]
    }
},
"metadata": {
    "audio_properties": {
        "analysis_sample_rate": 44100,
        "bit_rate": 93551,
        "equal_loudness": 0,
        "length": 45.0612258911,
        "lossless": 0,
        "replay_gain": -0.341096878052,
        "sample_rate": 44100,
        "codec": "mp3",
        "downmix": "mix",
        "md5_encoded": "7df0e86ee13e55b50bc479616466e318"
    },
    "tags": {
        "file_name": "290.mp3"
    },
    "version": {
        "essentia": "2.1-beta2",
        "essentia_git_sha": "v2.1_beta2",
        "extractor": "music 1.0"
    }
},
"rhythm": {
    "beats_count": 97,
    "beats_loudness": {
        "mean": 0.0320303216577,
        "var": 0.000433922337834
    },
    "bpm": 130.054046631,
    "bpm_histogram_first_peak_bpm": {
        "mean": 129,
        "var": 0
    },
    "bpm_histogram_first_peak_spread": {
        "mean": 0.258064508438,
        "var": 0
    },
    "bpm_histogram_first_peak_weight": {
        "mean": 0.71875,
        "var": 0
    },
    "bpm_histogram_second_peak_bpm": {
        "mean": 140,
        "var": 0
    },
    "bpm_histogram_second_peak_spread": {
        "mean": 0.333333313465,
        "var": 0
    },
    "bpm_histogram_second_peak_weight": {
        "mean": 0.0208333339542,
        "var": 0
    },
    "danceability": 0.973746299744,
    "onset_rate": 6.96515655518,
    "beats_loudness_band_ratio": {
        "mean": [0.274643331766, 0.43052855134, 0.27624052763, 0.0506390184164, 0.00535963661969, 0.000478661851957],
        "var": [0.06076150015, 0.0727718919516, 0.0388653427362, 0.00566840730608, 2.58926665992e-005, 7.88299530541e-007]
    },
    "beats_position": [0.417959183455, 0.847528338432, 1.27709746361, 1.71827661991, 2.17106580734, 2.62385487556, 3.08825397491, 3.55265307426, 4.01705217361, 4.48145103455, 4.94585037231, 5.39863920212, 5.85142850876, 6.31582736969, 6.78022670746, 7.24462556839, 7.70902490616, 8.17342376709, 8.63782310486, 9.10222244263, 9.55501079559, 10.0078001022, 10.47219944, 10.9365987778, 11.4009971619, 11.8537864685, 12.3065757751, 12.7709751129, 13.235373497, 13.6997728348, 14.1641721725, 14.6285715103, 15.0929698944, 15.5573692322, 16.0217685699, 16.4745578766, 16.9273471832, 17.391746521, 17.8561439514, 18.3205432892, 18.784942627, 19.2493419647, 19.7137413025, 20.1781406403, 20.6309299469, 21.0837192535, 21.548116684, 22.0125160217, 22.4769153595, 22.9413146973, 23.405714035, 23.8701133728, 24.3229026794, 24.7756919861, 25.2400894165, 25.7044887543, 26.168888092, 26.6332874298, 27.0976867676, 27.5620861053, 28.014875412, 28.4676647186, 28.932062149, 29.3964614868, 29.8608608246, 30.3252601624, 30.778049469, 31.2424488068, 31.7068481445, 32.171245575, 32.6240348816, 33.0884361267, 33.5528335571, 34.0172348022, 34.4816322327, 34.9460296631, 35.3988189697, 35.8516082764, 36.3160095215, 36.7804069519, 37.244808197, 37.7092056274, 38.1736030579, 38.638004303, 39.1024017334, 39.5668029785, 40.0312004089, 40.4839897156, 40.9367790222, 41.4011802673, 41.8655776978, 42.3299751282, 42.7827644348, 43.2355537415, 43.6999549866, 44.164352417, 44.6287536621]
},
"tonal": {
    "chords_changes_rate": 0.0576131679118,
    "chords_number_rate": 0.0102880662307,
    "chords_strength": {
        "mean": 0.471545487642,
        "var": 0.0115662869066
    },
    "hpcp_entropy": {
        "mean": 1.34385240078,
        "var": 0.53543895483
    },
    "key_strength": 0.657308518887,
    "tuning_diatonic_strength": 0.463453441858,
    "tuning_equal_tempered_deviation": 0.0140454908833,
    "tuning_frequency": 439.745910645,
    "tuning_nontempered_energy_ratio": 0.616796910763,
    "hpcp": {
        "mean": [0.23676893115, 0.152477562428, 0.0325506515801, 0.0236338786781, 0.022024050355, 0.0566060133278, 0.103333368897, 0.0740936174989, 0.136456653476, 0.261812001467, 0.157750740647, 0.026703581214, 0.0201539043337, 0.0285469256341, 0.200591951609, 0.373760104179, 0.219462737441, 0.0428452007473, 0.0289080571383, 0.026874139905, 0.181113928556, 0.372418254614, 0.260743409395, 0.121003769338, 0.0863357931376, 0.0270534288138, 0.0202261991799, 0.0389612056315, 0.0625120028853, 0.156587913632, 0.222954422235, 0.122438751161, 0.0244278702885, 0.0139690162614, 0.0294551756233, 0.125984221697],
        "var": [0.115507818758, 0.0524288937449, 0.00964688602835, 0.00721783051267, 0.0063617574051, 0.0148454559967, 0.0483368113637, 0.023379880935, 0.0351648591459, 0.131873190403, 0.0488705150783, 0.00910523813218, 0.00725325848907, 0.0108541790396, 0.0615874603391, 0.193520054221, 0.0660344660282, 0.0126211019233, 0.0073422905989, 0.00890839565545, 0.0420472957194, 0.158098995686, 0.0791111662984, 0.0489339604974, 0.0305935759097, 0.00783316139132, 0.00338162481785, 0.0133405150846, 0.0217215158045, 0.0627738833427, 0.0953023359179, 0.041625585407, 0.00612890673801, 0.00287446263246, 0.00839096214622, 0.0400412157178]
    },
    "chords_histogram": [21.3991775513, 4.52674913406, 16.2551441193, 5.14403295517, 10.5967073441, 1.02880656719, 2.57201647758, 0, 0.411522626877, 0, 0, 0, 0, 0, 0, 0, 0, 0, 0, 4.52674913406, 0, 1.85185182095, 0, 31.6872425079],
    "thpcp": [1, 0.587175369263, 0.114632889628, 0.0773438811302, 0.0719021111727, 0.484572649002, 0.996409893036, 0.697622358799, 0.323747158051, 0.230992525816, 0.0723818019032, 0.0541154593229, 0.104241207242, 0.167251676321, 0.418953001499, 0.596517443657, 0.327586472034, 0.0653570815921, 0.0373742841184, 0.0788077041507, 0.337072402239, 0.633478343487, 0.40795570612, 0.0870896875858, 0.0632327497005, 0.0589256323874, 0.151450127363, 0.276469767094, 0.198238432407, 0.365091532469, 0.700481414795, 0.42206415534, 0.0714457780123, 0.0539220310748, 0.0763776674867, 0.536686360836],
    "chords_key": "A",
    "chords_scale": "minor",
    "key_key": "C",
    "key_scale": "major"
}
}