{
"lowlevel": {
    "average_loudness": 0.97962385416,
    "barkbands_crest": {
        "mean": 7.88991832733,
        "var": 11.1736984253
    },
    "barkbands_flatness_db": {
        "mean": 0.127612516284,
        "var": 0.00117491418496
    },
    "barkbands_kurtosis": {
        "mean": 0.85860490799,
        "var": 5.16185712814
    },
    "barkbands_skewness": {
        "mean": 0.841611623764,
        "var": 0.420037150383
    },
    "barkbands_spread": {
        "mean": 22.1272983551,
        "var": 100.59690094
    },
    "dissonance": {
        "mean": 0.468177258968,
        "var": 0.000562941713724
    },
    "dynamic_complexity": 0.889725804329,
    "erbbands_crest": {
        "mean": 8.34597969055,
        "var": 13.3794975281
    },
    "erbbands_flatness_db": {
        "mean": 0.178361475468,
        "var": 0.00133269536309
    },
    "erbbands_kurtosis": {
        "mean": 0.280015259981,
        "var": 1.42560136318
    },
    "erbbands_skewness": {
        "mean": 0.274181634188,
        "var": 0.299386203289
    },
    "erbbands_spread": {
        "mean": 28.9089050293,
        "var": 123.825569153
    },
    "hfc": {
        "mean": 32.1695861816,
        "var": 159.74029541
    },
    "melbands_crest": {
        "mean": 11.4087972641,
        "var": 18.6111164093
    },
    "melbands_flatness_db": {
        "mean": 0.163885980844,
        "var": 0.00181835214607
    },
    "melbands_kurtosis": {
        "mean": 3.78637456894,
        "var": 19.6715927124
    },
    "melbands_skewness": {
        "mean": 1.5294533968,
        "var": 0.666814208031
    },
    "melbands_spread": {
        "mean": 28.3691196442,
        "var": 195.724105835
    },
    "pitch_salience": {
        "mean": 0.613535702229,
        "var": 0.00651253014803
    },
    "silence_rate_20dB": {
        "mean": 1,
        "var": 0
    },
    "silence_rate_30dB": {
        "mean": 1,
        "var": 0
    },
    "silence_rate_60dB": {
        "mean": 0.00772002059966,
        "var": 0.00766040245071
    },
    "spectral_centroid": {
        "mean": 1458.56945801,
        "var": 427005.75
    },
    "spectral_complexity": {
        "mean": 29.2496147156,
        "var": 64.0658187866
    },
    "spectral_decrease": {
        "mean": -9.1626555232e-009,
        "var": 9.33467861874e-018
    },
    "spectral_energy": {
        "mean": 0.0374998487532,
        "var": 0.000141634023748
    },
    "spectral_energyband_high": {
        "mean": 0.000870147894602,
        "var": 1.55002760494e-006
    },
    "spectral_energyband_low": {
        "mean": 0.00739140668884,
        "var": 4.19295902248e-005
    },
    "spectral_energyband_middle_high": {
        "mean": 0.0124929929152,
        "var": 4.65617304144e-005
    },
    "spectral_energyband_middle_low": {
        "mean": 0.0182756781578,
        "var": 0.000123547550174
    },
    "spectral_entropy": {
        "mean": 7.60650157928,
        "var": 0.0856844633818
    },
    "spectral_flux": {
        "mean": 0.103818379343,
        "var": 0.000973267422523
    },
    "spectral_kurtosis": {
        "mean": 4.60852622986,
        "var": 6.00204896927
    },
    "spectral_rms": {
        "mean": 0.00594960851595,
        "var": 1.18748778277e-006
    },
    "spectral_rolloff": {
        "mean": 1673.47924805,
        "var": 1334421.375
    },
    "spectral_skewness": {
        "mean": 1.48702263832,
        "var": 0.155575767159
    },
    "spectral_spread": {
        "mean": 3656078.25,
        "var": 3.21147188019e+012
    },
    "spectral_strongpeak": {
        "mean": 1.39296114445,
        "var": 1.90515124798
    },
    "zerocrossingrate": {
        "mean": 0.0600133575499,
        "var": 0.000966998632066
    },
    "barkbands": {
        "mean": [0.000122401252156, 0.0031608811114, 0.00336551619694, 0.00159047823399, 0.00554930977523, 0.00216103205457, 0.00290935183875, 0.00194453634322, 0.00272694253363, 0.0035073987674, 0.00186883099377, 0.00126893469132, 0.0015569612151, 0.00106940593105, 0.00106234464329, 0.000633931602351, 0.000629712769296, 0.000674279464874, 0.00064344285056, 0.000295480334898, 0.000301180698443, 0.000157970469445, 0.000141453157994, 0.000109328531835, 4.05649152526e-005, 8.15328894532e-006, 6.97533195648e-008],
        "var": [1.03595091616e-007, 1.52301417984e-005, 1.77419224201e-005, 3.00101260109e-006, 6.1826685851e-005, 4.84315523863e-006, 2.01357124752e-005, 1.23362788145e-005, 8.55398775457e-006, 2.34070503211e-005, 4.90052752866e-006, 2.24475229516e-006, 5.2015880101e-006, 1.770953304e-006, 1.40802546866e-006, 6.20274931862e-007, 4.13223972373e-007, 4.6663762987e-007, 3.80046799364e-007, 1.34925187467e-007, 2.3794537185e-007, 4.60721985007e-008, 6.01387100119e-008, 4.43205614431e-008, 5.83191184234e-009, 1.89714674526e-010, 7.75799712557e-014]
    },
    "erbbands": {
        "mean": [0.0473256036639, 0.885292947292, 3.73851513863, 4.8169798851, 13.8253488541, 17.6826133728, 16.3132629395, 18.9000492096, 30.0376625061, 60.4625854492, 30.9043254852, 63.5850524902, 106.402816772, 86.0890884399, 83.6874389648, 59.4604072571, 78.2688751221, 57.4197883606, 61.4172592163, 43.1562805176, 31.458026886, 34.0403862, 37.4382171631, 35.8543357849, 26.6192474365, 14.0016794205, 10.7976331711, 12.415312767, 5.8294043541, 4.56706285477, 3.69975137711, 3.09446334839, 1.28561460972, 0.644732117653, 0.188028723001, 0.0552820079029, 0.011203084141, 0.000827620155178, 4.30794243584e-005, 4.69333608635e-005],
        "var": [0.00456104474142, 1.10742390156, 17.6511878967, 22.1944541931, 502.402587891, 646.619812012, 244.259262085, 414.642669678, 2625.55639648, 7767.21777344, 1245.23425293, 4756.43212891, 28486.1777344, 8645.16699219, 8268.2734375, 3725.9465332, 12041.0439453, 4682.30566406, 4335.41943359, 2185.08422852, 1167.17895508, 1187.7755127, 1463.23779297, 1041.64868164, 655.604003906, 293.237762451, 255.915237427, 438.036804199, 59.5216827393, 64.866607666, 38.5749702454, 35.9259643555, 6.51908349991, 1.63157331944, 0.10889403522, 0.00744288554415, 0.000524480419699, 4.33614741269e-006, 2.42330533418e-009, 2.02722741371e-010]
    },
    "gfcc": {
        "mean": [37.3581199646, 110.739570618, -149.188980103, 30.1416511536, -66.4649505615, 16.6433811188, -35.9715270996, 8.48628616333, -26.2279014587, -6.22832632065, -11.9019079208, -7.08330965042, -9.02604961395],
        "cov": [[3892.23852539, -79.7832565308, -101.787506104, 249.606109619, -147.260437012, 229.231460571, -92.1025848389, 129.699661255, -102.392799377, 83.1046295166, -136.159103394, 65.5169677734, -40.7686767578], [-79.7832565308, 742.765991211, -48.4284591675, -119.820915222, 166.845535278, -89.3677139282, 36.3132286072, -58.2572631836, 20.9178524017, -84.6560058594, 64.5097885132, -54.0489234924, 50.3204116821], [-101.787506104, -48.4284591675, 471.552581787, 76.5432434082, -7.79419803619, 67.9519805908, -42.6896324158, 29.4675598145, -15.9562969208, 47.7655410767, -39.4216690063, 48.6991615295, -38.54139328], [249.606109619, -119.820915222, 76.5432434082, 265.488037109, 32.5797348022, 47.7139472961, 6.518409729, 4.52880716324, 11.6086206436, 37.6762084961, -55.3235321045, 7.94841098785, 22.1920700073], [-147.260437012, 166.845535278, -7.79419803619, 32.5797348022, 248.494293213, 28.183713913, 46.5840873718, 15.5736951828, 6.5440530777, 0.518629252911, -21.1342525482, -2.79572916031, 24.8000183105], [229.231460571, -89.3677139282, 67.9519805908, 47.7139472961, 28.183713913, 155.962600708, 57.2959938049, 45.6646118164, -5.36611747742, 35.3549499512, -15.1615009308, 10.0190734863, 3.0336933136], [-92.1025848389, 36.3132286072, -42.6896324158, 6.518409729, 46.5840873718, 57.2959938049, 131.793273926, 30.4710979462, 12.7876148224, 4.39433574677, 4.50285673141, -6.24470853806, 18.5298404694], [129.699661255, -58.2572631836, 29.4675598145, 4.52880716324, 15.5736951828, 45.6646118164, 30.4710979462, 123.583320618, 35.8621749878, 22.3844184875, 2.17322421074, 18.4751739502, -7.09215736389], [-102.392799377, 20.9178524017, -15.9562969208, 11.6086206436, 6.5440530777, -5.36611747742, 12.7876148224, 35.8621749878, 80.2540283203, 20.4909496307, 21.335187912, -6.01266717911, 3.89046525955], [83.1046295166, -84.6560058594, 47.7655410767, 37.6762084961, 0.518629252911, 35.3549499512, 4.39433574677, 22.3844184875, 20.4909496307, 83.4570617676, 4.50414419174, 17.9999046326, -9.66254520416], [-136.159103394, 64.5097885132, -39.4216690063, -55.3235321045, -21.1342525482, -15.1615009308, 4.50285673141, 2.17322421074, 21.335187912, 4.50414419174, 93.8676986694, 7.74000597, -9.12717819214], [65.5169677734, -54.0489234924, 48.6991615295, 7.94841098785, -2.79572916031, 10.0190734863, -6.24470853806, 18.4751739502, -6.01266717911, 17.9999046326, 7.74000597, 61.1631469727, 1.52340972424], [-40.7686767578, 50.3204116821, -38.54139328, 22.1920700073, 24.8000183105, 3.0336933136, 18.5298404694, -7.09215736389, 3.89046525955, -9.66254520416, -9.12717819214, 1.52340972424, 69.4428100586]],
        "icov": [[0.000845287751872, -0.00154342711903, 0.00157778209541, -0.00128718384076, 0.00172011263203, -0.00224385899492, 0.00180295750033, -0.00165542843752, 0.00166343839373, -0.00132957426831, 0.00219167978503, -0.00199512578547, 0.00178890011739], [-0.00154342711903, 0.00583738228306, -0.0039803260006, 0.00338302925229, -0.00537213589996, 0.00557917170227, -0.00411134818569, 0.00403061555699, -0.00377372372895, 0.00436085835099, -0.00650930916891, 0.00604872312397, -0.00541283562779], [0.00157778209541, -0.0039803260006, 0.0063096312806, -0.00322453374974, 0.004000518471, -0.00600801454857, 0.00487703084946, -0.00351908290759, 0.0033790434245, -0.00362353236414, 0.00606150273234, -0.00659635290504, 0.00576383108273], [-0.00128718384076, 0.00338302925229, -0.00322453374974, 0.00747234420851, -0.00361641310155, 0.0028949228581, -0.00282205455005, 0.00386962783523, -0.004451865796, 0.000941106874961, -0.00123877718579, 0.00343311857432, -0.00492922542617], [0.00172011263203, -0.00537213589996, 0.004000518471, -0.00361641310155, 0.00966994836926, -0.00577735202387, 0.00292302318849, -0.00433276081458, 0.00368331675418, -0.00398508133367, 0.00717593962327, -0.00578649109229, 0.00416445592418], [-0.00224385899492, 0.00557917170227, -0.00600801454857, 0.0028949228581, -0.00577735202387, 0.0173772443086, -0.00949138775468, 0.00164646131452, -0.00096672703512, 0.000926742155571, -0.00709096062928, 0.00785663165152, -0.00653614848852], [0.00180295750033, -0.00411134818569, 0.00487703084946, -0.00282205455005, 0.00292302318849, -0.00949138775468, 0.0151077406481, -0.00518566276878, 0.00290362630039, -0.00271260202862, 0.00438162172213, -0.00381849124096, 0.00257574487478], [-0.00165542843752, 0.00403061555699, -0.00351908290759, 0.00386962783523, -0.00433276081458, 0.00164646131452, -0.00518566276878, 0.0158325862139, -0.0101917814463, 0.0037693544291, -0.0032662586309, 0.000205049465876, -0.0019445446087], [0.00166343839373, -0.00377372372895, 0.0033790434245, -0.004451865796, 0.00368331675418, -0.00096672703512, 0.00290362630039, -0.0101917814463, 0.022715844214, -0.00806807912886, -0.00014797791664, 0.00106247980148, 0.00148235738743], [-0.00132957426831, 0.00436085835099, -0.00362353236414, 0.000941106874961, -0.00398508133367, 0.000926742155571, -0.00271260202862, 0.0037693544291, -0.00806807912886, 0.0202239565551, -0.00588462688029, 0.000322693143971, -0.00127542123664], [0.00219167978503, -0.00650930916891, 0.00606150273234, -0.00123877718579, 0.00717593962327, -0.00709096062928, 0.00438162172213, -0.0032662586309, -0.00014797791664, -0.00588462688029, 0.0225121807307, -0.011182455346, 0.00840157456696], [-0.00199512578547, 0.00604872312397, -0.00659635290504, 0.00343311857432, -0.00578649109229, 0.00785663165152, -0.00381849124096, 0.000205049465876, 0.00106247980148, 0.000322693143971, -0.011182455346, 0.0282997768372, -0.00965463090688], [0.00178890011739, -0.00541283562779, 0.00576383108273, -0.00492922542617, 0.00416445592418, -0.00653614848852, 0.00257574487478, -0.0019445446087, 0.00148235738743, -0.00127542123664, 0.00840157456696, -0.00965463090688, 0.0231150444597]]
    },
    "melbands": {
        "mean": [0.000663912796881, 0.00173734244891, 0.00105671375059, 0.00126917276066, 0.000608429836575, 0.000407820829423, 0.000501430244185, 0.000639565987512, 0.000243175105425, 0.000408351537772, 0.000525839277543, 0.000344295258401, 0.000290563708404, 0.000161510630278, 0.000172216881765, 0.000132555243908, 0.000105718892883, 9.44829371292e-005, 6.99350712239e-005, 4.90629790875e-005, 3.50089576386e-005, 3.42729290423e-005, 3.49462025042e-005, 3.3351690945e-005, 2.86539834633e-005, 2.43412323471e-005, 1.36441467475e-005, 7.82175084169e-006, 5.89031378695e-006, 8.43012276164e-006, 6.6290954237e-006, 3.58397869604e-006, 2.28650765166e-006, 2.59334706243e-006, 2.01309535441e-006, 2.17015212911e-006, 1.77395088485e-006, 9.72550424194e-007, 6.20005835117e-007, 5.31106365997e-007],
        "var": [7.17286923191e-007, 3.09318556901e-006, 9.7755241768e-007, 4.01261468141e-006, 3.50724093323e-007, 1.89996285371e-007, 7.29481939743e-007, 9.29584132336e-007, 7.02220575022e-008, 1.87804616303e-007, 7.42640338558e-007, 1.62863585729e-007, 1.18145173644e-007, 2.8841723676e-008, 5.1753833219e-008, 2.8355454873e-008, 2.14890487626e-008, 1.06446593762e-008, 5.67663160922e-009, 4.45564207752e-009, 1.77112680078e-009, 1.37994915494e-009, 1.32440014511e-009, 1.29842481211e-009, 7.47275019641e-010, 6.72226940779e-010, 2.05310130008e-010, 1.19181664537e-010, 7.60232501951e-011, 2.46472953158e-010, 1.1098762881e-010, 2.23786163212e-011, 1.66489929482e-011, 2.25880425475e-011, 1.15624870789e-011, 1.81368774166e-011, 1.20879261462e-011, 4.70632907645e-012, 1.40089047133e-012, 1.34102830836e-012]
    },
    "mfcc": {
        "mean": [-588.621948242, 129.728820801, -20.3143501282, 13.624584198, -5.0763874054, 1.31289517879, 2.19845628738, 6.6214184761, -4.8953166008, 1.29779887199, -1.50727140903, -2.86063742638, -7.50874328613],
        "cov": [[1591.28308105, -257.959777832, 131.226135254, 67.4146881104, 43.8122901917, 96.6458053589, 58.1964263916, 45.4722747803, 108.513664246, 38.766204834, -20.9995555878, 22.2115345001, 5.76813745499], [-257.959777832, 834.223144531, -142.200454712, -20.1083641052, 72.5866394043, -35.9016799927, 36.0792770386, 18.3210277557, -31.3415126801, -36.7936096191, 16.9549465179, -27.9140987396, -8.95417404175], [131.226135254, -142.200454712, 449.868469238, 15.0214242935, 6.57737922668, 19.1841316223, -25.6258563995, -6.12183094025, -8.5410451889, 9.61693477631, -21.0063095093, 33.9028167725, 35.8594551086], [67.4146881104, -20.1083641052, 15.0214242935, 203.032241821, 60.7254333496, 48.9064712524, -9.54967880249, -11.0376625061, 51.1354942322, -3.15631532669, -15.3707017899, -10.2570323944, -0.635684192181], [43.8122901917, 72.5866394043, 6.57737922668, 60.7254333496, 155.129638672, 27.5089263916, 8.08686637878, 14.9638404846, 26.4582767487, 12.5879278183, 1.82301843166, -4.8087143898, -1.29675245285], [96.6458053589, -35.9016799927, 19.1841316223, 48.9064712524, 27.5089263916, 141.981109619, 54.7236862183, -6.92311382294, 41.4792709351, 8.93939876556, -5.84198188782, -5.80054855347, -5.16872787476], [58.1964263916, 36.0792770386, -25.6258563995, -9.54967880249, 8.08686637878, 54.7236862183, 113.04649353, 38.5383453369, 32.1324005127, 11.3136548996, 12.1490621567, 4.1310300827, -2.67706155777], [45.4722747803, 18.3210277557, -6.12183094025, -11.0376625061, 14.9638404846, -6.92311382294, 38.5383453369, 88.3717727661, 32.0066642761, 14.4089260101, 12.4212732315, 11.5662574768, 5.98963546753], [108.513664246, -31.3415126801, -8.5410451889, 51.1354942322, 26.4582767487, 41.4792709351, 32.1324005127, 32.0066642761, 123.461448669, 33.930644989, -5.71307229996, -2.06283307076, 1.22698783875], [38.766204834, -36.7936096191, 9.61693477631, -3.15631532669, 12.5879278183, 8.93939876556, 11.3136548996, 14.4089260101, 33.930644989, 73.2969818115, 21.7653865814, 5.17022848129, 5.37466192245], [-20.9995555878, 16.9549465179, -21.0063095093, -15.3707017899, 1.82301843166, -5.84198188782, 12.1490621567, 12.4212732315, -5.71307229996, 21.7653865814, 70.4011535645, 36.399723053, 5.64589452744], [22.2115345001, -27.9140987396, 33.9028167725, -10.2570323944, -4.8087143898, -5.80054855347, 4.1310300827, 11.5662574768, -2.06283307076, 5.17022848129, 36.399723053, 73.7781600952, 28.1450099945], [5.76813745499, -8.95417404175, 35.8594551086, -0.635684192181, -1.29675245285, -5.16872787476, -2.67706155777, 5.98963546753, 1.22698783875, 5.37466192245, 5.64589452744, 28.1450099945, 57.4360351563]],
        "icov": [[0.00073619192699, 0.000189503931324, -0.000137187817018, -4.46337944595e-005, -0.000150856736582, -0.00020847505948, -0.000202285955311, -0.000213039718801, -0.000350385787897, -7.69333419157e-005, 0.000318647886161, -0.000297445745673, 0.000160505456734], [0.000189503931324, 0.00154205108993, 0.000286557682557, 0.00016000206233, -0.000975834846031, 0.000560861139093, -0.000811969337519, -1.04744740383e-005, 0.000128782645334, 0.000986343249679, -0.000699118711054, 0.000885896326508, -0.000424515747], [-0.000137187817018, 0.000286557682557, 0.00274232286029, -6.01031897531e-005, -0.000242957059527, -0.000645599502604, 0.000697541283444, -0.000273428042419, 0.000862042128574, -0.000832891790196, 0.00182130665053, -0.00162350572646, -0.000980858341791], [-4.46337944595e-005, 0.00016000206233, -6.01031897531e-005, 0.00705097615719, -0.00232231640257, -0.00182071421295, 0.00190530333202, 0.00105735484976, -0.00306200608611, 0.00203158752993, -0.000294231984299, 0.000619877362624, -0.000492278137244], [-0.000150856736582, -0.000975834846031, -0.000242957059527, -0.00232231640257, 0.00833267346025, -0.0012786493171, 0.000900339509826, -0.00173769542016, 0.000117101793876, -0.00158712663688, -0.000195113985683, 0.000207243327168, 0.000348885136191], [-0.00020847505948, 0.000560861139093, -0.000645599502604, -0.00182071421295, -0.0012786493171, 0.0118425851688, -0.0070033678785, 0.00451471749693, -0.00207259948365, 0.000230337565881, 7.35143257771e-005, 0.000560235115699, 0.000471885810839], [-0.000202285955311, -0.000811969337519, 0.000697541283444, 0.00190530333202, 0.000900339509826, -0.0070033678785, 0.0154905542731, -0.00631837593392, -0.00113240210339, 0.000189850412426, -0.00151417113375, -0.000151721134898, 0.000479926500702], [-0.000213039718801, -1.04744740383e-005, -0.000273428042419, 0.00105735484976, -0.00173769542016, 0.00451471749693, -0.00631837593392, 0.0168015956879, -0.00419545779005, 2.22638427658e-005, -0.00116189953405, -0.000940502504818, -0.000814774597529], [-0.000350385787897, 0.000128782645334, 0.000862042128574, -0.00306200608611, 0.000117101793876, -0.00207259948365, -0.00113240210339, -0.00419545779005, 0.0136729218066, -0.00616865372285, 0.00387597107328, -0.00128205725923, 0.0002164215839], [-7.69333419157e-005, 0.000986343249679, -0.000832891790196, 0.00203158752993, -0.00158712663688, 0.000230337565881, 0.000189850412426, 2.22638427658e-005, -0.00616865372285, 0.0199550185353, -0.0089800003916, 0.00477411737666, -0.00249683973379], [0.000318647886161, -0.000699118711054, 0.00182130665053, -0.000294231984299, -0.000195113985683, 7.35143257771e-005, -0.00151417113375, -0.00116189953405, 0.00387597107328, -0.0089800003916, 0.0256658438593, -0.0144652109593, 0.00409433245659], [-0.000297445745673, 0.000885896326508, -0.00162350572646, 0.000619877362624, 0.000207243327168, 0.000560235115699, -0.000151721134898, -0.000940502504818, -0.00128205725923, 0.00477411737666, -0.0144652109593, 0.0257043074816, -0.0102586001158], [0.000160505456734, -0.000424515747, -0.000980858341791, -0.000492278137244, 0.000348885136191, 0.000471885810839, 0.000479926500702, -0.000814774597529, 0.0002164215839, -0.00249683973379, 0.00409433245659, -0.0102586001158, 0.0229464992881]]
    },
    "spectral_contrast_coeffs": {
        "mean": [-0.60844117403, -0.740360677242, -0.736667454243, -0.761237561703, -0.764633774757, -0.719269871712],
        "var": [0.00683901971206, 0.00464606378227, 0.00364219211042, 0.00267009134404, 0.00175244384445, 0.0018589386018]
    },
    "spectral_contrast_valleys": {
        "mean": [-7.17365884781, -6.15379047394, -6.42500638962, -7.00110912323, -7.05552768707, -10.1937637329],
        "var": [1.2266433239, 0.978006362915, 1.01283705235, 0.910968840122, 0.889093637466, 0.944912314415]
    }
},
"metadata": {
    "audio_properties": {
        "analysis_sample_rate": 44100,
        "bit_rate": 106786,
        "equal_loudness": 0,
        "length": 45.0873451233,
        "lossless": 0,
        "replay_gain": -15.5965862274,
        "sample_rate": 44100,
        "codec": "mp3",
        "downmix": "mix",
        "md5_encoded": "17f461ad41308e9ef10ba87b8d27d420"
    },
    "tags": {
        "file_name": "292.mp3"
    },
    "version": {
        "essentia": "2.1-beta2",
        "essentia_git_sha": "v2.1_beta2",
        "extractor": "music 1.0"
    }
},
"rhythm": {
    "beats_count": 71,
    "beats_loudness": {
        "mean": 0.0389603711665,
        "var": 0.000118974632642
    },
    "bpm": 94.9575500488,
    "bpm_histogram_first_peak_bpm": {
        "mean": 96,
        "var": 0
    },
    "bpm_histogram_first_peak_spread": {
        "mean": 0.434782624245,
        "var": 0
    },
    "bpm_histogram_first_peak_weight": {
        "mean": 0.557142853737,
        "var": 0
    },
    "bpm_histogram_second_peak_bpm": {
        "mean": 91,
        "var": 0
    },
    "bpm_histogram_second_peak_spread": {
        "mean": 0,
        "var": 0
    },
    "bpm_histogram_second_peak_weight": {
        "mean": 0.0142857143655,
        "var": 0
    },
    "danceability": 1.11665093899,
    "onset_rate": 3.21473813057,
    "beats_loudness_band_ratio": {
        "mean": [0.311962276697, 0.284270882607, 0.199177235365, 0.175509244204, 0.100339911878, 0.0410492829978],
        "var": [0.0168476421386, 0.0294136591256, 0.0116564948112, 0.0125861922279, 0.00401707505807, 0.00148555473424]
    },
    "beats_position": [0.638548731804, 1.28870749474, 1.93886613846, 2.60063481331, 3.25079369545, 3.90095233917, 4.55111122131, 5.18965959549, 5.81659841537, 6.45514726639, 7.08208608627, 7.70902490616, 8.32435321808, 8.93968200684, 9.56662082672, 10.1935596466, 10.8204984665, 11.4474372864, 12.0859861374, 12.7245349884, 13.3514738083, 13.9900226593, 14.6285715103, 15.2787294388, 15.9288883209, 16.5558280945, 17.1943759918, 17.8329238892, 18.4598636627, 19.0868015289, 19.7253513336, 20.363899231, 21.0024490356, 21.640996933, 22.2795467377, 22.9064846039, 23.5334243774, 24.1603622437, 24.7989120483, 25.4374599457, 26.076007843, 26.7261676788, 27.353105545, 27.9800453186, 28.5953731537, 29.2107028961, 29.8376407623, 30.476190567, 31.1031284332, 31.7416782379, 32.3686180115, 32.9955558777, 33.6224937439, 34.2494316101, 34.8763694763, 35.5033111572, 36.1302490234, 36.7571868896, 37.3841247559, 38.0110664368, 38.638004303, 39.2649421692, 39.8918800354, 40.5188217163, 41.1457595825, 41.7726974487, 42.3996353149, 43.0265769958, 43.6535148621, 44.2804527283, 44.9073905945]
},
"tonal": {
    "chords_changes_rate": 0.0792181044817,
    "chords_number_rate": 0.0113168722019,
    "chords_strength": {
        "mean": 0.509725451469,
        "var": 0.00867411401123
    },
    "hpcp_entropy": {
        "mean": 2.13354754448,
        "var": 0.51833075285
    },
    "key_strength": 0.692175924778,
    "tuning_diatonic_strength": 0.584314227104,
    "tuning_equal_tempered_deviation": 0.0348117537796,
    "tuning_frequency": 444.598632813,
    "tuning_nontempered_energy_ratio": 0.712052941322,
    "hpcp": {
        "mean": [0.324987828732, 0.216819509864, 0.105337105691, 0.0873355418444, 0.114077180624, 0.204493403435, 0.286314338446, 0.224495306611, 0.16151830554, 0.151798039675, 0.11244379729, 0.131276771426, 0.153494954109, 0.115786708891, 0.126286238432, 0.147050261497, 0.105806112289, 0.0875559002161, 0.0929427072406, 0.115251734853, 0.251966774464, 0.366587102413, 0.239752322435, 0.0871080011129, 0.0634096711874, 0.0763582512736, 0.157525807619, 0.220998883247, 0.189846515656, 0.213650837541, 0.250963270664, 0.208638548851, 0.20722553134, 0.209344506264, 0.170649364591, 0.249999120831],
        "var": [0.100988812745, 0.0556713156402, 0.0262004435062, 0.0197916459292, 0.0338759757578, 0.0698486566544, 0.0988632813096, 0.0525695644319, 0.0554257407784, 0.0583867765963, 0.0354766510427, 0.0305074490607, 0.0401068590581, 0.0240087732673, 0.026569634676, 0.0442784950137, 0.0246541071683, 0.0197228621691, 0.0279817413539, 0.0274866968393, 0.0549778491259, 0.103535354137, 0.049313839525, 0.0162508245558, 0.00999847427011, 0.0146257104352, 0.0448123291135, 0.0802527815104, 0.0633318945765, 0.068027831614, 0.0907136574388, 0.0719324275851, 0.0760113075376, 0.0683183372021, 0.0478393994272, 0.0718146935105]
    },
    "chords_histogram": [21.5020580292, 3.49794244766, 7.71604919434, 5.04115247726, 1.54320991039, 0, 0, 0, 0, 0, 0, 0, 0, 0, 0, 0, 0, 14.1975307465, 5.45267486572, 18.7242794037, 0, 2.88065838814, 17.7983531952, 1.64609050751],
    "thpcp": [1, 0.654011905193, 0.23761883378, 0.172973006964, 0.208294972777, 0.429709076881, 0.602855026722, 0.517875611782, 0.58281058073, 0.684593856335, 0.569137752056, 0.565283179283, 0.57106345892, 0.465508371592, 0.681963741779, 0.886522829533, 0.591454267502, 0.287345379591, 0.23823954165, 0.311187118292, 0.55783033371, 0.781026780605, 0.612392783165, 0.440600067377, 0.414084494114, 0.306731462479, 0.358105272055, 0.418713450432, 0.31585046649, 0.344491779804, 0.401133209467, 0.288624763489, 0.238840639591, 0.253535121679, 0.314391136169, 0.687331259251],
    "chords_key": "A",
    "chords_scale": "major",
    "key_key": "A",
    "key_scale": "major"
}
}