{
"lowlevel": {
    "average_loudness": 0.907301127911,
    "barkbands_crest": {
        "mean": 10.071762085,
        "var": 13.0800971985
    },
    "barkbands_flatness_db": {
        "mean": 0.333495825529,
        "var": 0.00117085687816
    },
    "barkbands_kurtosis": {
        "mean": 1.43778729439,
        "var": 6.63412904739
    },
    "barkbands_skewness": {
        "mean": 0.518756687641,
        "var": 0.664506971836
    },
    "barkbands_spread": {
        "mean": 8.27599334717,
        "var": 22.5015773773
    },
    "dissonance": {
        "mean": 0.405952006578,
        "var": 0.00263721705414
    },
    "dynamic_complexity": 2.55082082748,
    "erbbands_crest": {
        "mean": 12.8246250153,
        "var": 23.2920684814
    },
    "erbbands_flatness_db": {
        "mean": 0.369263827801,
        "var": 0.000895718461834
    },
    "erbbands_kurtosis": {
        "mean": 1.34610831738,
        "var": 7.08193778992
    },
    "erbbands_skewness": {
        "mean": 0.224841788411,
        "var": 0.749339878559
    },
    "erbbands_spread": {
        "mean": 12.2576818466,
        "var": 35.8785514832
    },
    "hfc": {
        "mean": 14.4750881195,
        "var": 202.832870483
    },
    "melbands_crest": {
        "mean": 11.1061267853,
        "var": 13.2531175613
    },
    "melbands_flatness_db": {
        "mean": 0.419474482536,
        "var": 0.0017202134477
    },
    "melbands_kurtosis": {
        "mean": 1.78361010551,
        "var": 8.09965801239
    },
    "melbands_skewness": {
        "mean": 0.748380541801,
        "var": 0.631219625473
    },
    "melbands_spread": {
        "mean": 13.8075523376,
        "var": 101.26473999
    },
    "pitch_salience": {
        "mean": 0.556064963341,
        "var": 0.0109709613025
    },
    "silence_rate_20dB": {
        "mean": 1,
        "var": 0
    },
    "silence_rate_30dB": {
        "mean": 0.998456001282,
        "var": 0.00154162035324
    },
    "silence_rate_60dB": {
        "mean": 0.0545548126101,
        "var": 0.0515780448914
    },
    "spectral_centroid": {
        "mean": 717.426940918,
        "var": 217024.421875
    },
    "spectral_complexity": {
        "mean": 12.805970192,
        "var": 13.7982025146
    },
    "spectral_decrease": {
        "mean": -5.95714588769e-009,
        "var": 2.10151587366e-017
    },
    "spectral_energy": {
        "mean": 0.0237965621054,
        "var": 0.00033453249489
    },
    "spectral_energyband_high": {
        "mean": 5.57519615541e-006,
        "var": 2.62783544924e-010
    },
    "spectral_energyband_low": {
        "mean": 0.00198980490677,
        "var": 7.84674466558e-006
    },
    "spectral_energyband_middle_high": {
        "mean": 0.00567863788456,
        "var": 4.77301655337e-005
    },
    "spectral_energyband_middle_low": {
        "mean": 0.0173717457801,
        "var": 0.000217515073018
    },
    "spectral_entropy": {
        "mean": 6.17374181747,
        "var": 0.0899813771248
    },
    "spectral_flux": {
        "mean": 0.0637118667364,
        "var": 0.00104862265289
    },
    "spectral_kurtosis": {
        "mean": 49.6669158936,
        "var": 775.107055664
    },
    "spectral_rms": {
        "mean": 0.00445936992764,
        "var": 3.33018010679e-006
    },
    "spectral_rolloff": {
        "mean": 1015.14038086,
        "var": 865108.3125
    },
    "spectral_skewness": {
        "mean": 4.31216621399,
        "var": 2.70477175713
    },
    "spectral_spread": {
        "mean": 1139557.75,
        "var": 1.7926216745e+012
    },
    "spectral_strongpeak": {
        "mean": 1.79161298275,
        "var": 3.72391653061
    },
    "zerocrossingrate": {
        "mean": 0.0343847498298,
        "var": 0.000626394350547
    },
    "barkbands": {
        "mean": [1.68468147876e-006, 0.000686001440044, 0.000824580085464, 0.000826477480587, 0.00417735986412, 0.00223355554044, 0.00434863753617, 0.00277948123403, 0.00147915747948, 0.00212480383925, 0.00168181443587, 0.00086029258091, 0.000338805140927, 0.000307041918859, 0.000337465375196, 0.000167072445038, 0.000581513100769, 2.61716741079e-005, 7.62181389291e-006, 4.5186029638e-006, 1.81462667115e-006, 7.11785901331e-007, 1.03519193217e-009, 9.0968166333e-010, 7.72160335671e-010, 7.44625860971e-010, 7.98722310513e-010],
        "var": [1.00929499133e-011, 1.32039042455e-006, 2.26429619943e-006, 2.12229724639e-006, 2.90963380394e-005, 9.16233784665e-006, 3.38921709044e-005, 1.76106914296e-005, 6.43362136543e-006, 8.95193261385e-006, 1.04328637462e-005, 4.78310948893e-006, 1.88828482806e-006, 8.68941299359e-007, 1.14432293685e-006, 4.29794539514e-007, 1.41956388688e-005, 3.97372978966e-008, 1.4144158067e-010, 1.41258685304e-010, 9.28501719955e-011, 9.79790033828e-012, 1.61161484716e-017, 9.99814778036e-018, 1.79597309841e-018, 1.58137515055e-018, 1.79653082494e-018]
    },
    "erbbands": {
        "mean": [0.00933625083417, 0.196113139391, 0.822453677654, 2.25773382187, 5.7439198494, 16.4356136322, 19.8208332062, 17.1776180267, 38.2973022461, 77.0896911621, 67.6503677368, 37.1058158875, 78.3611755371, 58.463924408, 47.2495880127, 38.7766189575, 18.6242923737, 16.0095996857, 17.5407848358, 16.3659095764, 15.8204469681, 22.955789566, 3.65751957893, 0.594871878624, 0.322419315577, 0.277262628078, 0.0948153883219, 0.0572403222322, 0.029480619356, 0.00246255518869, 0.000130547850858, 4.82554532937e-005, 3.52533497789e-005, 2.74181020359e-005, 2.16926437133e-005, 1.60592771863e-005, 9.39299570746e-006, 2.5112003641e-006, 1.19269525385e-005, 2.72436482192e-005],
        "var": [0.000231739104493, 0.100684940815, 1.65953552723, 14.7770280838, 123.463798523, 471.173339844, 791.782897949, 676.977844238, 2615.03491211, 8916.05859375, 11098.8125, 3081.93139648, 12788.546875, 13827.5, 4688.26025391, 8414.57226563, 4496.67089844, 677.313415527, 5403.78515625, 1041.5435791, 8829.15722656, 22053.8378906, 817.35168457, 1.21311724186, 0.303702950478, 0.603815078735, 0.247605845332, 0.0502872914076, 0.00746192317456, 4.02027908422e-005, 6.84743923784e-008, 7.24632220894e-009, 3.63171914763e-009, 8.0572498673e-010, 3.68103492132e-010, 1.8067410068e-010, 5.98835772636e-011, 7.43768154704e-012, 8.58226198441e-011, 4.40662173418e-010]
    },
    "gfcc": {
        "mean": [-152.635787964, 245.154876709, -163.802032471, -33.8354301453, -17.9001522064, -43.8292007446, -4.9795832634, -18.1164474487, -9.99451732635, -4.26812314987, -16.1346988678, -7.13396596909, 4.77843427658],
        "cov": [[4763.28515625, 415.720855713, -429.292114258, 174.128112793, -218.083602905, -244.781661987, 167.472991943, -19.8288135529, -7.03222084045, -135.376968384, -167.120986938, 72.4964599609, -67.9952392578], [415.720855713, 545.897094727, 284.081848145, -90.9364013672, -0.080570615828, -27.1187934875, 16.6211566925, 28.0634040833, -69.8575210571, -46.6784591675, 30.2668609619, -26.8570022583, -20.8248462677], [-429.292114258, 284.081848145, 526.770263672, -26.6388568878, -37.0767059326, 36.6685829163, 5.02423238754, 57.9714355469, -48.8086357117, -62.8078308105, 41.5679550171, -12.4571218491, -34.604183197], [174.128112793, -90.9364013672, -26.6388568878, 254.570953369, 39.930973053, -25.2759380341, 38.9819869995, 1.97133827209, 33.7742042542, -18.174238205, -50.6555747986, 37.2141151428, 3.97463297844], [-218.083602905, -0.080570615828, -37.0767059326, 39.930973053, 188.135040283, 44.0605659485, -63.1628570557, -5.60370349884, -17.9446697235, 13.5773563385, 23.6411533356, -2.70190167427, 32.7956428528], [-244.781661987, -27.1187934875, 36.6685829163, -25.2759380341, 44.0605659485, 142.752319336, 46.8768959045, 2.17822408676, -0.317947715521, 8.34621715546, 27.2383918762, 15.9858055115, -3.30421257019], [167.472991943, 16.6211566925, 5.02423238754, 38.9819869995, -63.1628570557, 46.8768959045, 177.321975708, 53.1849975586, 17.2898139954, -12.1849155426, -19.2119655609, 21.5361824036, -28.8836021423], [-19.8288135529, 28.0634040833, 57.9714355469, 1.97133827209, -5.60370349884, 2.17822408676, 53.1849975586, 115.033439636, 43.5725288391, -19.1437168121, 0.756156504154, 10.1488189697, -14.3086090088], [-7.03222084045, -69.8575210571, -48.8086357117, 33.7742042542, -17.9446697235, -0.317947715521, 17.2898139954, 43.5725288391, 108.114501953, 39.2930030823, -21.4008369446, 18.8866062164, -0.754775524139], [-135.376968384, -46.6784591675, -62.8078308105, -18.174238205, 13.5773563385, 8.34621715546, -12.1849155426, -19.1437168121, 39.2930030823, 103.406059265, 47.3137741089, -20.2514667511, 9.69760227203], [-167.120986938, 30.2668609619, 41.5679550171, -50.6555747986, 23.6411533356, 27.2383918762, -19.2119655609, 0.756156504154, -21.4008369446, 47.3137741089, 104.219215393, 23.7633171082, -6.99720335007], [72.4964599609, -26.8570022583, -12.4571218491, 37.2141151428, -2.70190167427, 15.9858055115, 21.5361824036, 10.1488189697, 18.8866062164, -20.2514667511, 23.7633171082, 98.3784484863, 17.4607429504], [-67.9952392578, -20.8248462677, -34.604183197, 3.97463297844, 32.7956428528, -3.30421257019, -28.8836021423, -14.3086090088, -0.754775524139, 9.69760227203, -6.99720335007, 17.4607429504, 74.4435348511]],
        "icov": [[0.000460088427644, -0.00099504168611, 0.00103514455259, -0.000747009355109, 0.00107066996861, -0.000357648648787, 0.000635824690107, -0.000692043511663, 0.000883906381205, -0.000416737631895, 0.000801684276666, -0.000732854590751, 0.000599562597927], [-0.00099504168611, 0.00605448242277, -0.00474150991067, 0.00429153256118, -0.00588939990848, 0.0052551929839, -0.00585531583056, 0.00510158017278, -0.00485743582249, 0.00461862888187, -0.0044878711924, 0.00321351923048, -0.00193827191833], [0.00103514455259, -0.00474150991067, 0.00714664068073, -0.00486337766051, 0.00672225374728, -0.0052552386187, 0.00478402338922, -0.00415738904849, 0.00144739868119, 0.00345538230613, -0.00324311247095, 0.00236554048024, -0.000231953978073], [-0.000747009355109, 0.00429153256118, -0.00486337766051, 0.0105849420652, -0.00936741009355, 0.00769258197397, -0.00747614633292, 0.00578538095579, -0.00370132224634, -0.000681681383867, 0.00392503570765, -0.00405237916857, 0.00174256460741], [0.00107066996861, -0.00588939990848, 0.00672225374728, -0.00936741009355, 0.0189118664712, -0.0135820191354, 0.0153162302449, -0.0147251440212, 0.0151274241507, -0.0112143559381, 0.00757598271593, -0.00423249369487, 0.000452355801826], [-0.000357648648787, 0.0052551929839, -0.0052552386187, 0.00769258197397, -0.0135820191354, 0.0208667870611, -0.0178465545177, 0.0176793392748, -0.019673762843, 0.0187960732728, -0.0170018188655, 0.00902752764523, -0.00469018006697], [0.000635824690107, -0.00585531583056, 0.00478402338922, -0.00747614633292, 0.0153162302449, -0.0178465545177, 0.0293484237045, -0.0300631877035, 0.0369471907616, -0.0399684309959, 0.0364908762276, -0.0253613460809, 0.0145943816751], [-0.000692043511663, 0.00510158017278, -0.00415738904849, 0.00578538095579, -0.0147251440212, 0.0176793392748, -0.0300631877035, 0.0505297407508, -0.0609519816935, 0.065750643611, -0.0581879243255, 0.0401556417346, -0.0201977044344], [0.000883906381205, -0.00485743582249, 0.00144739868119, -0.00370132224634, 0.0151274241507, -0.019673762843, 0.0369471907616, -0.0609519816935, 0.099654905498, -0.107297539711, 0.0968525856733, -0.069550909102, 0.0358057580888], [-0.000416737631895, 0.00461862888187, 0.00345538230613, -0.000681681383867, -0.0112143559381, 0.0187960732728, -0.0399684309959, 0.065750643611, -0.107297539711, 0.13859026134, -0.121912635863, 0.0875508338213, -0.045676857233], [0.000801684276666, -0.0044878711924, -0.00324311247095, 0.00392503570765, 0.00757598271593, -0.0170018188655, 0.0364908762276, -0.0581879243255, 0.0968525856733, -0.121912635863, 0.122645363212, -0.0839798226953, 0.0447302162647], [-0.000732854590751, 0.00321351923048, 0.00236554048024, -0.00405237916857, -0.00423249369487, 0.00902752764523, -0.0253613460809, 0.0401556417346, -0.069550909102, 0.0875508338213, -0.0839798226953, 0.0711120218039, -0.0349941179156], [0.000599562597927, -0.00193827191833, -0.000231953978073, 0.00174256460741, 0.000452355801826, -0.00469018006697, 0.0145943816751, -0.0201977044344, 0.0358057580888, -0.045676857233, 0.0447302162647, -0.0349941179156, 0.0333359539509]]
    },
    "melbands": {
        "mean": [0.000142377699376, 0.000385210674722, 0.000464197190013, 0.000745412951801, 0.000764587835874, 0.000395452225348, 0.000704223755747, 0.000778891087975, 0.000511678576004, 0.000213423976675, 0.000381734455004, 0.000213772145798, 0.000199406669708, 0.000106834973849, 6.21442886768e-005, 2.83227709588e-005, 3.0570281524e-005, 2.65188846242e-005, 2.24319137487e-005, 1.61125317391e-005, 2.49340191658e-005, 3.29231697833e-005, 6.88419277139e-006, 7.57644158966e-007, 3.77472218815e-007, 2.86901098434e-007, 1.51525100023e-007, 1.85372812211e-007, 4.20297538994e-008, 6.4833464819e-008, 2.30466739026e-008, 2.02401810867e-008, 5.23893017856e-009, 2.18029067023e-011, 1.61669445192e-011, 1.35847513794e-011, 1.18825175394e-011, 1.04016985997e-011, 8.80820937021e-012, 7.09185488112e-012],
        "var": [5.61867459226e-008, 3.20643380292e-007, 5.67744621094e-007, 8.95465291251e-007, 1.13612713903e-006, 3.42203804848e-007, 9.00701650153e-007, 8.35724165427e-007, 6.37874620679e-007, 1.03452109101e-007, 3.14150526037e-007, 1.93785041347e-007, 1.00065747688e-007, 7.46525543605e-008, 2.76806417787e-008, 7.62237561958e-009, 2.93155988373e-009, 1.60780970759e-008, 2.52495291342e-009, 1.62590174657e-009, 2.88310069152e-008, 5.30920800657e-008, 5.51280976424e-009, 1.69972792351e-012, 2.95103514108e-013, 2.78219152361e-013, 6.83704191894e-014, 3.34714135748e-013, 8.4725161728e-014, 1.33803463643e-013, 1.05862838434e-014, 5.47584565785e-015, 2.3263683134e-016, 6.43510367804e-021, 3.62351637208e-021, 1.96756480339e-021, 1.84891386284e-021, 1.44538341375e-021, 7.55065346735e-022, 1.47943352818e-022]
    },
    "mfcc": {
        "mean": [-764.613586426, 249.725296021, -37.0115089417, -7.91109228134, -0.660003960133, -13.5233917236, -7.06172895432, -7.36203718185, 3.99207305908, -3.87202191353, -6.24024295807, -4.0476603508, -0.0153760574758],
        "cov": [[2252.83886719, 638.077819824, -568.593994141, 499.698944092, -291.975921631, -118.631942749, 79.0817718506, -14.0439805984, 184.290786743, -186.546981812, 37.8224639893, 76.0783538818, -82.4114685059], [638.077819824, 570.958374023, 152.511520386, 56.6763191223, -43.0100097656, -83.9576568604, 46.1951065063, 78.1845779419, -35.6148223877, -56.1475372314, 25.6754570007, 2.87356424332, -34.6323509216], [-568.593994141, 152.511520386, 526.85333252, -86.3112869263, 43.3539924622, -23.0163173676, 12.5230894089, 107.216003418, -88.2245788574, 26.4204082489, 38.1470298767, -50.1997032166, -16.076259613], [499.698944092, 56.6763191223, -86.3112869263, 300.955749512, -32.220539093, -41.1038169861, 15.3757038116, 8.66597175598, 82.5837402344, -57.8174285889, 3.45078206062, 30.6295032501, -29.0156707764], [-291.975921631, -43.0100097656, 43.3539924622, -32.220539093, 221.000457764, 57.6797332764, -34.0412979126, -12.4627723694, -34.3836326599, 14.7077236176, -60.8609542847, 19.266658783, 39.06067276], [-118.631942749, -83.9576568604, -23.0163173676, -41.1038169861, 57.6797332764, 130.255065918, 36.7669906616, -27.4196720123, -3.72016000748, 4.29471683502, -11.8764848709, -7.3864774704, 8.93240737915], [79.0817718506, 46.1951065063, 12.5230894089, 15.3757038116, -34.0412979126, 36.7669906616, 126.498214722, 51.9259338379, -27.5340995789, -5.77465724945, 22.9172954559, 1.05348229408, -13.334148407], [-14.0439805984, 78.1845779419, 107.216003418, 8.66597175598, -12.4627723694, -27.4196720123, 51.9259338379, 159.515869141, 43.6349601746, -42.6944160461, 29.4705696106, 21.7660541534, -11.9202709198], [184.290786743, -35.6148223877, -88.2245788574, 82.5837402344, -34.3836326599, -3.72016000748, -27.5340995789, 43.6349601746, 159.184387207, 2.52047252655, -16.2664661407, 22.0243110657, -1.73566460609], [-186.546981812, -56.1475372314, 26.4204082489, -57.8174285889, 14.7077236176, 4.29471683502, -5.77465724945, -42.6944160461, 2.52047252655, 135.369232178, 20.6662425995, -53.5017204285, 15.1163702011], [37.8224639893, 25.6754570007, 38.1470298767, 3.45078206062, -60.8609542847, -11.8764848709, 22.9172954559, 29.4705696106, -16.2664661407, 20.6662425995, 124.666366577, 19.770450592, -37.7681922913], [76.0783538818, 2.87356424332, -50.1997032166, 30.6295032501, 19.266658783, -7.3864774704, 1.05348229408, 21.7660541534, 22.0243110657, -53.5017204285, 19.770450592, 144.246826172, 33.9223136902], [-82.4114685059, -34.6323509216, -16.076259613, -29.0156707764, 39.06067276, 8.93240737915, -13.334148407, -11.9202709198, -1.73566460609, 15.1163702011, -37.7681922913, 33.9223136902, 113.681404114]],
        "icov": [[41.5490531921, -57.6155853271, 54.2273292542, -49.0613937378, 42.5297317505, -35.1614341736, 27.6155643463, -20.5358543396, 14.3440694809, -9.19536685944, 5.30883693695, -2.60835933685, 0.933626770973], [-57.6155853271, 79.8984222412, -75.2008972168, 68.0406188965, -58.9880027771, 48.7763900757, -38.3153419495, 28.4985790253, -19.9115829468, 12.7706375122, -7.37609863281, 3.62689518929, -1.3002229929], [54.2273292542, -75.2008972168, 70.7901611328, -64.0578613281, 55.5470428467, -45.9455680847, 36.1087532043, -26.8759403229, 18.7914390564, -12.0628442764, 6.97488641739, -3.43496704102, 1.23725366592], [-49.0613937378, 68.0406188965, -64.0578613281, 57.9906463623, -50.3036613464, 41.6339378357, -32.7453155518, 24.3965892792, -17.0816802979, 10.9852304459, -6.36580228806, 3.14566016197, -1.14037513733], [42.5297317505, -58.9880027771, 55.5470428467, -50.3036613464, 43.6706809998, -36.1708679199, 28.4796066284, -21.2487792969, 14.9042882919, -9.60922241211, 5.58804416656, -2.77464485168, 1.01585185528], [-35.1614341736, 48.7763900757, -45.9455680847, 41.6339378357, -36.1708679199, 30.0062236786, -23.6597309113, 17.6893005371, -12.4383172989, 8.04734516144, -4.69670295715, 2.34685397148, -0.87158626318], [27.6155643463, -38.3153419495, 36.1087532043, -32.7453155518, 28.4796066284, -23.6597309113, 18.7057323456, -14.0211629868, 9.89223766327, -6.42773914337, 3.77047991753, -1.89861655235, 0.717736065388], [-20.5358543396, 28.4985790253, -26.8759403229, 24.3965892792, -21.2487792969, 17.6893005371, -14.0211629868, 10.5591449738, -7.47910356522, 4.889295578, -2.88822460175, 1.4673409462, -0.566982150078], [14.3440694809, -19.9115829468, 18.7914390564, -17.0816802979, 14.9042882919, -12.4383172989, 9.89223766327, -7.47910356522, 5.33373975754, -3.50707674026, 2.08896946907, -1.07460105419, 0.424837887287], [-9.19536685944, 12.7706375122, -12.0628442764, 10.9852304459, -9.60922241211, 8.04734516144, -6.42773914337, 4.889295578, -3.50707674026, 2.33963680267, -1.40523827076, 0.736041903496, -0.300574690104], [5.30883693695, -7.37609863281, 6.97488641739, -6.36580228806, 5.58804416656, -4.69670295715, 3.77047991753, -2.88822460175, 2.08896946907, -1.40523827076, 0.865478038788, -0.457001894712, 0.194096937776], [-2.60835933685, 3.62689518929, -3.43496704102, 3.14566016197, -2.77464485168, 2.34685397148, -1.89861655235, 1.4673409462, -1.07460105419, 0.736041903496, -0.457001894712, 0.256118297577, -0.111252948642], [0.933626770973, -1.3002229929, 1.23725366592, -1.14037513733, 1.01585185528, -0.87158626318, 0.717736065388, -0.566982150078, 0.424837887287, -0.300574690104, 0.194096937776, -0.111252948642, 0.0617197081447]]
    },
    "spectral_contrast_coeffs": {
        "mean": [-0.593685507774, -0.672460436821, -0.709368169308, -0.734578251839, -0.721067965031, -0.745174348354],
        "var": [0.00783016905189, 0.00502307526767, 0.00399170815945, 0.00298895058222, 0.00354402582161, 0.00578638818115]
    },
    "spectral_contrast_valleys": {
        "mean": [-7.89386129379, -6.61766719818, -7.19628095627, -8.43300056458, -10.04134655, -14.4330129623],
        "var": [1.15371966362, 1.14858531952, 0.99692684412, 0.850687205791, 0.957638442516, 1.2173511982]
    }
},
"metadata": {
    "audio_properties": {
        "analysis_sample_rate": 44100,
        "bit_rate": 79024,
        "equal_loudness": 0,
        "length": 45.0873451233,
        "lossless": 0,
        "replay_gain": -9.2798576355,
        "sample_rate": 44100,
        "codec": "mp3",
        "downmix": "mix",
        "md5_encoded": "8cccfa3b819861920a31ad185e69f881"
    },
    "tags": {
        "file_name": "294.mp3"
    },
    "version": {
        "essentia": "2.1-beta2",
        "essentia_git_sha": "v2.1_beta2",
        "extractor": "music 1.0"
    }
},
"rhythm": {
    "beats_count": 74,
    "beats_loudness": {
        "mean": 0.0368660092354,
        "var": 0.000394283997593
    },
    "bpm": 100.020439148,
    "bpm_histogram_first_peak_bpm": {
        "mean": 99,
        "var": 0
    },
    "bpm_histogram_first_peak_spread": {
        "mean": 0.461538434029,
        "var": 0
    },
    "bpm_histogram_first_peak_weight": {
        "mean": 0.479452073574,
        "var": 0
    },
    "bpm_histogram_second_peak_bpm": {
        "mean": 92,
        "var": 0
    },
    "bpm_histogram_second_peak_spread": {
        "mean": 0.375,
        "var": 0
    },
    "bpm_histogram_second_peak_weight": {
        "mean": 0.0684931501746,
        "var": 0
    },
    "danceability": 1.28398120403,
    "onset_rate": 4.4562921524,
    "beats_loudness_band_ratio": {
        "mean": [0.153846248984, 0.253851890564, 0.415251731873, 0.194518908858, 0.0528477206826, 0.000536389532499],
        "var": [0.0148661956191, 0.0162430573255, 0.0226238314062, 0.0141341239214, 0.0107112629339, 5.37968389835e-007]
    },
    "beats_position": [0.638548731804, 1.27709746361, 1.89242625237, 2.50775504112, 3.13469386101, 3.7732424736, 4.42340135574, 5.08516979218, 5.74693870544, 6.39709758759, 7.04725599289, 7.6858048439, 8.28952407837, 8.893242836, 9.49696159363, 10.1122903824, 10.7276191711, 11.3429479599, 11.9582767487, 12.5619955063, 13.177324295, 13.7810430527, 14.3963718414, 15.0000905991, 15.6154193878, 16.2307472229, 16.8344669342, 17.4497947693, 18.0419044495, 18.6224040985, 19.2145118713, 19.8182315826, 20.3987293243, 20.9792289734, 21.5597267151, 22.1518363953, 22.7439460754, 23.3360538483, 23.9165534973, 24.5086612701, 25.1007709503, 25.681268692, 26.2733783722, 26.865486145, 27.4575958252, 28.0497055054, 28.6534233093, 29.2571430206, 29.8608608246, 30.4645805359, 31.0566883087, 31.6720180511, 32.2757377625, 32.8562355042, 33.4599533081, 34.0636711121, 34.690612793, 35.2943305969, 35.8980484009, 36.4901580811, 37.0822677612, 37.6627655029, 38.2432632446, 38.823764801, 39.4042625427, 39.9963722229, 40.6000900269, 41.192199707, 41.795917511, 42.3996353149, 43.0149650574, 43.6302947998, 44.2456245422, 44.8377304077]
},
"tonal": {
    "chords_changes_rate": 0.0534979440272,
    "chords_number_rate": 0.00925925932825,
    "chords_strength": {
        "mean": 0.539317667484,
        "var": 0.0147842159495
    },
    "hpcp_entropy": {
        "mean": 1.46560955048,
        "var": 0.432828426361
    },
    "key_strength": 0.699345290661,
    "tuning_diatonic_strength": 0.482400208712,
    "tuning_equal_tempered_deviation": 0.00859852880239,
    "tuning_frequency": 440,
    "tuning_nontempered_energy_ratio": 0.613920688629,
    "hpcp": {
        "mean": [0.160481721163, 0.110909953713, 0.0968359559774, 0.162774279714, 0.107017710805, 0.21378262341, 0.418992757797, 0.264428138733, 0.113471478224, 0.142179563642, 0.0800674408674, 0.0696783736348, 0.116824120283, 0.0832465216517, 0.167614459991, 0.319932371378, 0.206666454673, 0.0610487274826, 0.0555611737072, 0.0415608249605, 0.0903617218137, 0.163793370128, 0.0993860885501, 0.0213168058544, 0.0163810718805, 0.0133988549933, 0.0558318793774, 0.118596285582, 0.0936852544546, 0.191384866834, 0.335148513317, 0.184787839651, 0.0295567512512, 0.0280936788768, 0.0233286265284, 0.0763006284833],
        "var": [0.0731091946363, 0.0325352214277, 0.0301013886929, 0.107000157237, 0.0361253246665, 0.0465539544821, 0.163223266602, 0.0662464126945, 0.0378842912614, 0.0954275429249, 0.0266536492854, 0.020500510931, 0.0642045065761, 0.0263676010072, 0.0362388156354, 0.137672349811, 0.0655396133661, 0.0142129957676, 0.0291414316744, 0.0116286538541, 0.0266207959503, 0.0868502780795, 0.0335192084312, 0.00306692183949, 0.00371726718731, 0.00155972654466, 0.0138189774007, 0.0552745759487, 0.028032084927, 0.045281432569, 0.134256720543, 0.0413709320128, 0.00393765419722, 0.0108269695193, 0.00602662051097, 0.0177102070302]
    },
    "chords_histogram": [40.6378593445, 12.7572011948, 0.514403283596, 0, 5.76131677628, 0, 0, 0.823045253754, 1.44032919407, 0, 0, 0, 0, 0, 0.102880656719, 0.720164597034, 1.74897122383, 15.4320983887, 0, 0, 0, 9.05349826813, 1.64609050751, 9.36213970184],
    "thpcp": [1, 0.631104290485, 0.270819664001, 0.339336574078, 0.19109505415, 0.166299715638, 0.278821349144, 0.198682487011, 0.400041431189, 0.763574957848, 0.493245899677, 0.145703539252, 0.132606521249, 0.099192224443, 0.215664163232, 0.390921711922, 0.23720240593, 0.0508763119578, 0.03909631446, 0.031978726387, 0.133252605796, 0.28305092454, 0.22359636426, 0.45677369833, 0.799890935421, 0.44102871418, 0.0705423951149, 0.0670505091548, 0.0556778758764, 0.182104885578, 0.383017897606, 0.264706134796, 0.231116056442, 0.388489484787, 0.255416601896, 0.510229885578],
    "chords_key": "G",
    "chords_scale": "major",
    "key_key": "G",
    "key_scale": "major"
}
}