{
"lowlevel": {
    "average_loudness": 0.773692905903,
    "barkbands_crest": {
        "mean": 11.793800354,
        "var": 14.0120239258
    },
    "barkbands_flatness_db": {
        "mean": 0.21790266037,
        "var": 0.0033201163169
    },
    "barkbands_kurtosis": {
        "mean": 14.2338428497,
        "var": 206.424911499
    },
    "barkbands_skewness": {
        "mean": 2.68293714523,
        "var": 2.018866539
    },
    "barkbands_spread": {
        "mean": 9.51136016846,
        "var": 54.2264595032
    },
    "dissonance": {
        "mean": 0.43350738287,
        "var": 0.0011015473865
    },
    "dynamic_complexity": 3.55763030052,
    "erbbands_crest": {
        "mean": 11.500415802,
        "var": 18.4736289978
    },
    "erbbands_flatness_db": {
        "mean": 0.187757760286,
        "var": 0.00173421099316
    },
    "erbbands_kurtosis": {
        "mean": 2.31021738052,
        "var": 16.6075878143
    },
    "erbbands_skewness": {
        "mean": 1.19422590733,
        "var": 1.05904328823
    },
    "erbbands_spread": {
        "mean": 34.4363327026,
        "var": 338.406738281
    },
    "hfc": {
        "mean": 10.984869957,
        "var": 528.481750488
    },
    "melbands_crest": {
        "mean": 15.5401201248,
        "var": 25.3014640808
    },
    "melbands_flatness_db": {
        "mean": 0.295442610979,
        "var": 0.00498082442209
    },
    "melbands_kurtosis": {
        "mean": 29.9934844971,
        "var": 1382.17492676
    },
    "melbands_skewness": {
        "mean": 3.53134417534,
        "var": 3.8322827816
    },
    "melbands_spread": {
        "mean": 9.67243480682,
        "var": 116.730247498
    },
    "pitch_salience": {
        "mean": 0.531744539738,
        "var": 0.0132570490241
    },
    "silence_rate_20dB": {
        "mean": 0.999485075474,
        "var": 0.000514646468218
    },
    "silence_rate_30dB": {
        "mean": 0.975798130035,
        "var": 0.0236170850694
    },
    "silence_rate_60dB": {
        "mean": 0.0690010264516,
        "var": 0.0642395988107
    },
    "spectral_centroid": {
        "mean": 681.588439941,
        "var": 296871.3125
    },
    "spectral_complexity": {
        "mean": 9.88156509399,
        "var": 34.9355926514
    },
    "spectral_decrease": {
        "mean": -6.29414032005e-009,
        "var": 4.60754325007e-017
    },
    "spectral_energy": {
        "mean": 0.0247518457472,
        "var": 0.000751607643906
    },
    "spectral_energyband_high": {
        "mean": 0.000172890126123,
        "var": 4.90934326081e-007
    },
    "spectral_energyband_low": {
        "mean": 0.00768589135259,
        "var": 8.61895387061e-005
    },
    "spectral_energyband_middle_high": {
        "mean": 0.00326536316425,
        "var": 0.000144282908877
    },
    "spectral_energyband_middle_low": {
        "mean": 0.0142015628517,
        "var": 0.000290627358481
    },
    "spectral_entropy": {
        "mean": 6.72849321365,
        "var": 0.248440012336
    },
    "spectral_flux": {
        "mean": 0.0676688700914,
        "var": 0.00209074374288
    },
    "spectral_kurtosis": {
        "mean": 7.98213768005,
        "var": 24.1059894562
    },
    "spectral_rms": {
        "mean": 0.00439552171156,
        "var": 4.8275737754e-006
    },
    "spectral_rolloff": {
        "mean": 616.713562012,
        "var": 1020985.3125
    },
    "spectral_skewness": {
        "mean": 2.10297107697,
        "var": 0.352204114199
    },
    "spectral_spread": {
        "mean": 3901066.25,
        "var": 3.62272469811e+012
    },
    "spectral_strongpeak": {
        "mean": 0.807573080063,
        "var": 1.3350353241
    },
    "zerocrossingrate": {
        "mean": 0.0305341724306,
        "var": 0.000729134015273
    },
    "barkbands": {
        "mean": [4.47214915766e-006, 0.00351234665141, 0.00381488073617, 0.00183477066457, 0.00633551040664, 0.00251055625267, 0.00102855451405, 0.000352536473656, 0.00173752987757, 0.000994163216092, 0.000310019851895, 0.000500877213199, 0.000323468673741, 0.000593019125517, 0.00019146190607, 0.000179533890332, 0.000112347137474, 0.000110682507511, 8.97728386917e-005, 0.000105472012365, 4.91743776365e-005, 1.41492610055e-005, 1.5253120182e-005, 1.72231557372e-005, 9.63436195889e-006, 4.30323416367e-006, 1.76352244807e-007],
        "var": [6.74144212676e-011, 2.12525319512e-005, 3.26166809828e-005, 1.10404344014e-005, 7.63586722314e-005, 1.34649662868e-005, 3.54467420038e-006, 1.21368520922e-006, 5.8978148445e-005, 7.72753046476e-005, 2.2924152745e-006, 6.14337977822e-006, 3.39042640007e-006, 1.24291809698e-005, 3.44039904121e-007, 5.65022162391e-007, 1.10463290071e-007, 9.36847186495e-008, 7.48239088466e-008, 2.68260947678e-007, 3.65703378691e-008, 1.40915312752e-009, 5.19613685412e-009, 2.13863549092e-009, 4.92455576317e-010, 8.69995742114e-011, 2.6307509773e-013]
    },
    "erbbands": {
        "mean": [0.037360444665, 1.04456162453, 4.67850446701, 4.11716413498, 19.0122928619, 18.0483894348, 14.9150714874, 25.409620285, 20.205947876, 6.77395439148, 13.4142808914, 40.0349655151, 37.4241294861, 19.2174377441, 15.6035385132, 18.0601024628, 15.5556554794, 28.3013267517, 17.4247455597, 10.1337718964, 8.10444164276, 7.10906028748, 6.45479774475, 5.42219638824, 3.78091406822, 4.62628221512, 3.83763360977, 0.889251947403, 0.514537572861, 0.461663454771, 0.430301487446, 0.359683990479, 0.277725666761, 0.139178872108, 0.0519961453974, 0.0219917614013, 0.00764460768551, 0.000962266232818, 3.58392862836e-005, 2.88595219899e-005],
        "var": [0.00277993269265, 1.84863340855, 47.4012565613, 24.9173412323, 1086.15197754, 664.095397949, 258.609283447, 1852.78942871, 1155.50891113, 211.787994385, 2759.91308594, 40511.1523438, 96722.2109375, 10846.6171875, 5354.82080078, 8274.99707031, 5881.01464844, 31213.1757813, 8310.73828125, 1581.9864502, 409.842529297, 363.538482666, 287.173248291, 198.044418335, 175.427993774, 505.804016113, 396.555053711, 7.16390371323, 1.4086227417, 3.90156912804, 3.54367136955, 1.38140165806, 0.500112116337, 0.105717524886, 0.0157630890608, 0.00254358001985, 0.000277796498267, 4.64874619865e-006, 3.81671227956e-009, 1.07724162923e-009]
    },
    "gfcc": {
        "mean": [-71.2151260376, 130.213424683, -98.030128479, 39.4630775452, -50.3574638367, -0.410967975855, -44.7763023376, 1.63099491596, -28.5845470428, -5.33325862885, -9.74750232697, -5.09473371506, -5.57912254333],
        "cov": [[7421.38330078, -359.605499268, -455.277038574, -159.950012207, -215.356201172, 428.464355469, -100.17313385, 107.991409302, -292.957885742, -46.0229492188, -410.193206787, -173.463653564, -108.525558472], [-359.605499268, 993.878967285, -105.067947388, 34.4994392395, 175.640380859, -158.502532959, 143.108840942, -57.5167808533, 189.716323853, -99.6840515137, 214.417388916, -102.597396851, 138.111175537], [-455.277038574, -105.067947388, 1051.65148926, 226.679550171, 69.8094024658, 133.629837036, -106.332885742, -50.2778625488, -18.7239189148, 47.2441062927, -27.0843658447, 151.698501587, -40.8605537415], [-159.950012207, 34.4994392395, 226.679550171, 304.905456543, 90.7735137939, 45.5546073914, 10.2761907578, -17.9502067566, 61.4503669739, -35.8222122192, 7.77888202667, 17.1931781769, 38.7242927551], [-215.356201172, 175.640380859, 69.8094024658, 90.7735137939, 248.181106567, 58.9675331116, 71.6748428345, -7.48565340042, 26.9277896881, -21.2557106018, 18.4692230225, -22.4627361298, 12.9178037643], [428.464355469, -158.502532959, 133.629837036, 45.5546073914, 58.9675331116, 310.668792725, 59.3785476685, -20.5489578247, -74.9142837524, -26.8923034668, -68.868522644, -28.4492053986, -35.6062889099], [-100.17313385, 143.108840942, -106.332885742, 10.2761907578, 71.6748428345, 59.3785476685, 206.570571899, 17.823841095, 11.4010686874, -26.9006137848, 17.7182254791, -60.6474151611, 25.1192264557], [107.991409302, -57.5167808533, -50.2778625488, -17.9502067566, -7.48565340042, -20.5489578247, 17.823841095, 126.708717346, 48.1265983582, 25.3322296143, -12.2644424438, -14.2592668533, 9.47093963623], [-292.957885742, 189.716323853, -18.7239189148, 61.4503669739, 26.9277896881, -74.9142837524, 11.4010686874, 48.1265983582, 178.95614624, -2.98497581482, 58.5514183044, -24.2634983063, 57.0881309509], [-46.0229492188, -99.6840515137, 47.2441062927, -35.8222122192, -21.2557106018, -26.8923034668, -26.9006137848, 25.3322296143, -2.98497581482, 97.6693496704, 0.798649251461, 31.5854663849, -27.7360439301], [-410.193206787, 214.417388916, -27.0843658447, 7.77888202667, 18.4692230225, -68.868522644, 17.7182254791, -12.2644424438, 58.5514183044, 0.798649251461, 148.278564453, 23.8197956085, 37.8816986084], [-173.463653564, -102.597396851, 151.698501587, 17.1931781769, -22.4627361298, -28.4492053986, -60.6474151611, -14.2592668533, -24.2634983063, 31.5854663849, 23.8197956085, 144.668609619, -2.0770201683], [-108.525558472, 138.111175537, -40.8605537415, 38.7242927551, 12.9178037643, -35.6062889099, 25.1192264557, 9.47093963623, 57.0881309509, -27.7360439301, 37.8816986084, -2.0770201683, 101.027206421]],
        "icov": [[0.000238451306359, -0.000453093118267, 0.000242308306042, -0.000236520121689, 0.000376335228793, -0.00056086940458, 0.00045740569476, -0.000569155730773, 0.000496216642205, -0.000258438900346, 0.00076402007835, -0.000162067022757, 0.000116888542834], [-0.000453093118267, 0.00452179601416, -0.00120983063243, 0.0018970182864, -0.00260189804249, 0.00285687413998, -0.00223754602484, 0.00338898575865, -0.0028313996736, 0.00282101286575, -0.00474578840658, 0.00292109604925, -0.00209257518873], [0.000242308306042, -0.00120983063243, 0.00201668241061, -0.00156230165157, 0.000510292302351, -0.0016862063203, 0.00132794713136, -0.000663704879116, 0.000562964123674, -0.00152219494339, 0.00167825096287, -0.00209286087193, 0.000992870307527], [-0.000236520121689, 0.0018970182864, -0.00156230165157, 0.0060783890076, -0.00229764240794, 0.000854998012073, -0.00110678374767, 0.00223717326298, -0.0032842818182, 0.00281299534254, -0.00129296712112, 0.000564319954719, -0.00202402658761], [0.000376335228793, -0.00260189804249, 0.000510292302351, -0.00229764240794, 0.00682810042053, -0.00236638705246, -0.000135175141622, -0.00181011622772, 0.00130462506786, -0.0014853538014, 0.00220690830611, -0.00109427049756, 0.00154952867888], [-0.00056086940458, 0.00285687413998, -0.0016862063203, 0.000854998012073, -0.00236638705246, 0.00719491345808, -0.0032525639981, 0.00239058933221, -0.000311442825478, 0.00280083320104, -0.00203886814415, 0.00260684615932, -0.000331752176862], [0.00045740569476, -0.00223754602484, 0.00132794713136, -0.00110678374767, -0.000135175141622, -0.0032525639981, 0.00854051671922, -0.00327743380331, 0.00257882638834, -0.00119882856961, 0.00102339033037, 0.000814662780613, -0.00058709748555], [-0.000569155730773, 0.00338898575865, -0.000663704879116, 0.00223717326298, -0.00181011622772, 0.00239058933221, -0.00327743380331, 0.0135608445853, -0.00630748877302, -0.00111931527499, -0.00110907165799, 0.00164252973627, -0.00204617343843], [0.000496216642205, -0.0028313996736, 0.000562964123674, -0.0032842818182, 0.00130462506786, -0.000311442825478, 0.00257882638834, -0.00630748877302, 0.012704138644, -0.00234290515073, -9.92503919406e-005, 0.0016148671275, -0.00218775123358], [-0.000258438900346, 0.00282101286575, -0.00152219494339, 0.00281299534254, -0.0014853538014, 0.00280083320104, -0.00119882856961, -0.00111931527499, -0.00234290515073, 0.0161286331713, -0.00345286494121, -0.000645935942885, 0.00278533971868], [0.00076402007835, -0.00474578840658, 0.00167825096287, -0.00129296712112, 0.00220690830611, -0.00203886814415, 0.00102339033037, -0.00110907165799, -9.92503919406e-005, -0.00345286494121, 0.0154833924025, -0.00559896510094, 0.000518956105225], [-0.000162067022757, 0.00292109604925, -0.00209286087193, 0.000564319954719, -0.00109427049756, 0.00260684615932, 0.000814662780613, 0.00164252973627, 0.0016148671275, -0.000645935942885, -0.00559896510094, 0.0130503522232, -0.00325019774027], [0.000116888542834, -0.00209257518873, 0.000992870307527, -0.00202402658761, 0.00154952867888, -0.000331752176862, -0.00058709748555, -0.00204617343843, -0.00218775123358, 0.00278533971868, 0.000518956105225, -0.00325019774027, 0.0158242378384]]
    },
    "melbands": {
        "mean": [0.00065467384411, 0.00211236183532, 0.00121616199613, 0.00146955170203, 0.000568838615436, 0.000541401212104, 0.000276341132121, 6.9667941716e-005, 0.000144374615047, 0.000248443597229, 0.000184855627595, 8.18053231342e-005, 4.46090234618e-005, 5.52811470698e-005, 4.20482501795e-005, 3.55562224286e-005, 5.44587164768e-005, 3.09369243041e-005, 1.57465874508e-005, 1.32956129164e-005, 8.02193517302e-006, 6.8607682806e-006, 7.10518224878e-006, 4.81899860461e-006, 4.45934529125e-006, 2.98427585221e-006, 2.80555650534e-006, 3.18806337418e-006, 2.98226996165e-006, 1.04857394945e-006, 3.24368102156e-007, 2.87626221507e-007, 2.63130601752e-007, 2.62003680973e-007, 2.64693426288e-007, 2.08779241007e-007, 2.28116221024e-007, 2.10291815961e-007, 1.46684712377e-007, 1.09679604066e-007],
        "var": [7.04845263044e-007, 8.36919844005e-006, 3.26642839354e-006, 5.13182294526e-006, 3.16980674597e-007, 7.58730550388e-007, 2.23131848998e-007, 3.4389657344e-008, 4.99720954394e-007, 1.31685089855e-006, 2.4758805921e-006, 2.01857858428e-007, 4.81669566454e-008, 7.89168623783e-008, 4.05620035338e-008, 4.80757229582e-008, 1.21478933579e-007, 3.89063288253e-008, 2.67795940978e-009, 5.41977307478e-009, 3.42955802646e-010, 3.96917443357e-010, 5.5567073165e-010, 1.44015202541e-010, 1.49782505843e-010, 1.11659792523e-010, 1.16804357853e-010, 3.13141207409e-010, 3.09731906789e-010, 1.19796377679e-011, 9.99161690884e-013, 4.34837279031e-013, 6.21163493905e-013, 1.9547007242e-012, 1.72601809147e-012, 5.14225272606e-013, 5.92856764115e-013, 3.03726499246e-013, 1.37377536105e-013, 6.70419665963e-014]
    },
    "mfcc": {
        "mean": [-720.346008301, 155.490402222, 15.5425081253, 38.5886497498, 14.7157211304, -1.56607949734, 2.38308286667, -2.24558591843, -8.49910831451, -3.3841650486, -9.45218372345, -1.55375444889, -2.8672952652],
        "cov": [[5832.78320313, -366.485748291, -479.664611816, -486.177520752, -129.111129761, 97.9076690674, 136.757843018, 54.6497383118, 141.117538452, 217.275054932, -87.1067352295, -140.661911011, -469.380493164], [-366.485748291, 851.893249512, -115.114402771, 120.74697876, 39.6585540771, -33.3169021606, 28.4107475281, 17.9211845398, -25.2007446289, 33.8943634033, 47.0255470276, 15.5313529968, 41.1028633118], [-479.664611816, -115.114402771, 751.385864258, 134.624603271, 186.683761597, 177.541488647, -45.7715301514, 15.5130577087, 9.45012760162, -125.292259216, 11.8065958023, 10.6970672607, 35.5617866516], [-486.177520752, 120.74697876, 134.624603271, 313.753936768, 89.5078659058, -4.66529035568, -53.3536872864, 17.322479248, 25.8376331329, -15.2731285095, -5.76361608505, 26.1568698883, 95.6317977905], [-129.111129761, 39.6585540771, 186.683761597, 89.5078659058, 248.987380981, 98.0906600952, -18.3417186737, 34.0067977905, 20.7297420502, -12.1668634415, 4.98296451569, 16.1646213531, -5.20820474625], [97.9076690674, -33.3169021606, 177.541488647, -4.66529035568, 98.0906600952, 272.48236084, 101.489524841, 47.7386512756, 21.9444637299, -45.3660812378, 2.80115938187, -1.04267048836, -40.0928611755], [136.757843018, 28.4107475281, -45.7715301514, -53.3536872864, -18.3417186737, 101.489524841, 202.890487671, 46.2621765137, 20.3040161133, 23.0816345215, 6.75997638702, -4.28340101242, -23.9804191589], [54.6497383118, 17.9211845398, 15.5130577087, 17.322479248, 34.0067977905, 47.7386512756, 46.2621765137, 109.007095337, 37.9044113159, 12.635225296, -2.36273622513, 14.141787529, -7.59183263779], [141.117538452, -25.2007446289, 9.45012760162, 25.8376331329, 20.7297420502, 21.9444637299, 20.3040161133, 37.9044113159, 129.353759766, 51.6967315674, -11.9000730515, 3.74712085724, -13.0413312912], [217.275054932, 33.8943634033, -125.292259216, -15.2731285095, -12.1668634415, -45.3660812378, 23.0816345215, 12.635225296, 51.6967315674, 174.151046753, 22.2058391571, -5.74696588516, -37.5338745117], [-87.1067352295, 47.0255470276, 11.8065958023, -5.76361608505, 4.98296451569, 2.80115938187, 6.75997638702, -2.36273622513, -11.9000730515, 22.2058391571, 90.4248199463, 11.5464544296, -10.3084278107], [-140.661911011, 15.5313529968, 10.6970672607, 26.1568698883, 16.1646213531, -1.04267048836, -4.28340101242, 14.141787529, 3.74712085724, -5.74696588516, 11.5464544296, 96.7498779297, 33.5787162781], [-469.380493164, 41.1028633118, 35.5617866516, 95.6317977905, -5.20820474625, -40.0928611755, -23.9804191589, -7.59183263779, -13.0413312912, -37.5338745117, -10.3084278107, 33.5787162781, 162.306030273]],
        "icov": [[0.000259456253843, 5.31791083631e-005, 0.00011113655637, 0.000169243197888, 4.52431850135e-005, -0.00011153108062, 5.0344853662e-005, -6.4343905251e-005, -0.000160418232554, -0.000134131332743, 0.000276810489595, 8.90921874088e-005, 0.000546368013602], [5.31791083631e-005, 0.00143410125747, 0.000393437425373, -0.000652157119475, -0.000363726197975, 0.000160070791026, -0.000402877485612, -0.000170763349161, 0.000430696905823, -7.42597840144e-005, -0.000685930775944, 0.00011027281289, 7.92514569525e-008], [0.00011113655637, 0.000393437425373, 0.0023390899878, -0.000539415515959, -0.00095989665715, -0.00123725202866, 0.000694445043337, 0.000129926789668, -0.00044518566574, 0.00115433195606, -0.000793032813817, 0.000357437907951, -9.38003067859e-005], [0.000169243197888, -0.000652157119475, -0.000539415515959, 0.00530043523759, -0.00116971565876, 8.79938088474e-005, 0.00109939300455, -0.00059105863329, -0.00119670189451, -0.000396371237002, 0.000526680843905, 0.000104247672425, -0.002407213673], [4.52431850135e-005, -0.000363726197975, -0.00095989665715, -0.00116971565876, 0.00637304363772, -0.0021808554884, 0.00159767118748, -0.00112094520591, 0.000123650228488, -0.000928664929233, 0.000295079633361, -0.000727286271285, 0.000936265918426], [-0.00011153108062, 0.000160070791026, -0.00123725202866, 8.79938088474e-005, -0.0021808554884, 0.00757339643314, -0.00403852341697, -0.000664471706841, -0.000626120716333, 0.00216863141395, -0.000296978425467, -3.15305842378e-005, 0.00146805273835], [5.0344853662e-005, -0.000402877485612, 0.000694445043337, 0.00109939300455, 0.00159767118748, -0.00403852341697, 0.0081817060709, -0.00233904994093, -0.000157700807904, -0.00132937787566, -0.000236222229432, 0.000396162911784, -0.000816268322524], [-6.4343905251e-005, -0.000170763349161, 0.000129926789668, -0.00059105863329, -0.00112094520591, -0.000664471706841, -0.00233904994093, 0.0121101811528, -0.00265396828763, 9.46373693296e-005, 0.000432940578321, -0.00169066514354, 0.000383615872124], [-0.000160418232554, 0.000430696905823, -0.00044518566574, -0.00119670189451, 0.000123650228488, -0.000626120716333, -0.000157700807904, -0.00265396828763, 0.010843812488, -0.00369970058091, 0.00198010983877, -0.000514406419825, 0.000179436785402], [-0.000134131332743, -7.42597840144e-005, 0.00115433195606, -0.000396371237002, -0.000928664929233, 0.00216863141395, -0.00132937787566, 9.46373693296e-005, -0.00369970058091, 0.0091790901497, -0.00280432077125, 0.000409006723203, 0.00148814183194], [0.000276810489595, -0.000685930775944, -0.000793032813817, 0.000526680843905, 0.000295079633361, -0.000296978425467, -0.000236222229432, 0.000432940578321, 0.00198010983877, -0.00280432077125, 0.0132225882262, -0.00201978813857, 0.00152737298049], [8.90921874088e-005, 0.00011027281289, 0.000357437907951, 0.000104247672425, -0.000727286271285, -3.15305842378e-005, 0.000396162911784, -0.00169066514354, -0.000514406419825, 0.000409006723203, -0.00201978813857, 0.0119197741151, -0.00250274431892], [0.000546368013602, 7.92514569525e-008, -9.38003067859e-005, -0.002407213673, 0.000936265918426, 0.00146805273835, -0.000816268322524, 0.000383615872124, 0.000179436785402, 0.00148814183194, 0.00152737298049, -0.00250274431892, 0.010443514213]]
    },
    "spectral_contrast_coeffs": {
        "mean": [-0.59707224369, -0.649464845657, -0.728978514671, -0.742076516151, -0.761389791965, -0.777133882046],
        "var": [0.00515811610967, 0.0104034673423, 0.0078381607309, 0.00492870528251, 0.00348642398603, 0.00179467687849]
    },
    "spectral_contrast_valleys": {
        "mean": [-7.31097126007, -7.5494799614, -8.53600597382, -8.99815559387, -8.82135868073, -11.5401077271],
        "var": [1.39324688911, 1.06241977215, 1.23401546478, 1.21624791622, 1.20004606247, 1.52523481846]
    }
},
"metadata": {
    "audio_properties": {
        "analysis_sample_rate": 44100,
        "bit_rate": 111488,
        "equal_loudness": 0,
        "length": 45.0612258911,
        "lossless": 0,
        "replay_gain": -6.8711643219,
        "sample_rate": 44100,
        "codec": "mp3",
        "downmix": "mix",
        "md5_encoded": "c7c2a6cafcf1219b6404fb3ac0e103ef"
    },
    "tags": {
        "file_name": "296.mp3"
    },
    "version": {
        "essentia": "2.1-beta2",
        "essentia_git_sha": "v2.1_beta2",
        "extractor": "music 1.0"
    }
},
"rhythm": {
    "beats_count": 63,
    "beats_loudness": {
        "mean": 0.0512575358152,
        "var": 0.00331317191012
    },
    "bpm": 85.2110595703,
    "bpm_histogram_first_peak_bpm": {
        "mean": 85,
        "var": 0
    },
    "bpm_histogram_first_peak_spread": {
        "mean": 0.483870983124,
        "var": 0
    },
    "bpm_histogram_first_peak_weight": {
        "mean": 0.516129016876,
        "var": 0
    },
    "bpm_histogram_second_peak_bpm": {
        "mean": 0,
        "var": 0
    },
    "bpm_histogram_second_peak_spread": {
        "mean": 0,
        "var": 0
    },
    "bpm_histogram_second_peak_weight": {
        "mean": 0,
        "var": 0
    },
    "danceability": 1.39419639111,
    "onset_rate": 4.90222787857,
    "beats_loudness_band_ratio": {
        "mean": [0.437987953424, 0.45013821125, 0.130222484469, 0.0776080936193, 0.0356836430728, 0.0132501181215],
        "var": [0.0409627407789, 0.0442597121, 0.014285530895, 0.013495221734, 0.00344800460152, 0.000324079854181]
    },
    "beats_position": [0.696598649025, 1.40480720997, 2.10140585899, 2.7863945961, 3.48299312592, 4.17959165573, 4.87619018555, 5.5727891922, 6.25777769089, 6.94276618958, 7.61614513397, 8.28952407837, 8.96290206909, 9.65950107574, 10.3560991287, 11.0526981354, 11.7376871109, 12.4226751328, 13.1076641083, 13.7926530838, 14.4892511368, 15.1742401123, 15.8592290878, 16.5442180634, 17.2292060852, 17.9258041382, 18.6107940674, 19.2957820892, 20.0039901733, 20.7005901337, 21.4087982178, 22.128616333, 22.8484344482, 23.5682544708, 24.2764625549, 24.984670639, 25.681268692, 26.3778686523, 27.0976867676, 27.8058948517, 28.5141029358, 29.2339229584, 29.9537410736, 30.6735591888, 31.3817672729, 32.0899772644, 32.8097953796, 33.5180053711, 34.2262115479, 34.9344215393, 35.6426315308, 36.3508377075, 37.059047699, 37.755645752, 38.4522438049, 39.1604537964, 39.8686599731, 40.5884780884, 41.3199081421, 42.0513381958, 42.7943763733, 43.5374145508, 44.2804527283]
},
"tonal": {
    "chords_changes_rate": 0.0524691343307,
    "chords_number_rate": 0.0113168722019,
    "chords_strength": {
        "mean": 0.610516667366,
        "var": 0.0147876339033
    },
    "hpcp_entropy": {
        "mean": 1.82056152821,
        "var": 0.597628295422
    },
    "key_strength": 0.744599580765,
    "tuning_diatonic_strength": 0.701321780682,
    "tuning_equal_tempered_deviation": 0.0666801333427,
    "tuning_frequency": 443.828887939,
    "tuning_nontempered_energy_ratio": 0.761557400227,
    "hpcp": {
        "mean": [0.0985301285982, 0.0734939575195, 0.0793379023671, 0.0815936923027, 0.0471482537687, 0.0245586521924, 0.0262380260974, 0.0409542545676, 0.0959822535515, 0.152725964785, 0.140148624778, 0.171814262867, 0.192300334573, 0.0937515795231, 0.025591654703, 0.0181921515614, 0.0296912901103, 0.0659611150622, 0.0823538303375, 0.0613009445369, 0.0452586598694, 0.0504164770246, 0.0907708704472, 0.185706079006, 0.21634054184, 0.161341056228, 0.191208183765, 0.201086491346, 0.134739816189, 0.111787639558, 0.110904082656, 0.147220090032, 0.256961047649, 0.31173530221, 0.249735355377, 0.159601464868],
        "var": [0.0432800874114, 0.0288952235132, 0.0347994938493, 0.0438142754138, 0.0159968379885, 0.00575248384848, 0.00906015280634, 0.0137791745365, 0.0307212006301, 0.0557192414999, 0.0401265732944, 0.0736125409603, 0.112410783768, 0.0335833020508, 0.0084860958159, 0.00469350861385, 0.00581583753228, 0.0195915643126, 0.0266809426248, 0.0217482093722, 0.018976258114, 0.0225059092045, 0.0394867658615, 0.0841764509678, 0.0959225669503, 0.0551986284554, 0.0983381718397, 0.113834343851, 0.0621497407556, 0.0553277768195, 0.0469526574016, 0.0624991171062, 0.104201056063, 0.115185834467, 0.0954813435674, 0.069683291018]
    },
    "chords_histogram": [29.6296291351, 30.3497943878, 8.84773635864, 0, 0.617283940315, 0, 0, 2.05761313438, 4.21810722351, 1.64609050751, 1.13168728352, 0, 0, 0, 2.57201647758, 0.720164597034, 0, 0, 0, 0.205761313438, 2.26337456703, 12.551440239, 0.514403283596, 2.67489719391],
    "thpcp": [1, 0.80111348629, 0.511977493763, 0.316069841385, 0.235757574439, 0.254504054785, 0.261740297079, 0.15124450624, 0.078780464828, 0.0841676443815, 0.131375089288, 0.307896643877, 0.489921957254, 0.449575722218, 0.551154315472, 0.616870582104, 0.300740987062, 0.0820941850543, 0.0583576895297, 0.0952451974154, 0.211593344808, 0.264178723097, 0.196644216776, 0.145182982087, 0.161728486419, 0.291179299355, 0.595717191696, 0.693987965584, 0.517557859421, 0.613367140293, 0.645055234432, 0.432225078344, 0.358597934246, 0.35576364398, 0.472259908915, 0.824292421341],
    "chords_key": "F",
    "chords_scale": "minor",
    "key_key": "C#",
    "key_scale": "major"
}
}