{
"lowlevel": {
    "average_loudness": 0.928327322006,
    "barkbands_crest": {
        "mean": 18.9620342255,
        "var": 19.8196163177
    },
    "barkbands_flatness_db": {
        "mean": 0.434428930283,
        "var": 0.0065210913308
    },
    "barkbands_kurtosis": {
        "mean": 47.3501548767,
        "var": 2833.98364258
    },
    "barkbands_skewness": {
        "mean": 4.07350635529,
        "var": 4.99833059311
    },
    "barkbands_spread": {
        "mean": 1.90909588337,
        "var": 14.2739915848
    },
    "dissonance": {
        "mean": 0.372973799706,
        "var": 0.0026320728939
    },
    "dynamic_complexity": 1.9626789093,
    "erbbands_crest": {
        "mean": 14.4844465256,
        "var": 18.1707954407
    },
    "erbbands_flatness_db": {
        "mean": 0.309848546982,
        "var": 0.00298900483176
    },
    "erbbands_kurtosis": {
        "mean": 15.4992599487,
        "var": 257.105194092
    },
    "erbbands_skewness": {
        "mean": 2.84828090668,
        "var": 2.20896482468
    },
    "erbbands_spread": {
        "mean": 13.9414262772,
        "var": 158.198669434
    },
    "hfc": {
        "mean": 10.4542751312,
        "var": 79.7128219604
    },
    "melbands_crest": {
        "mean": 23.347743988,
        "var": 19.7395248413
    },
    "melbands_flatness_db": {
        "mean": 0.537092804909,
        "var": 0.00963332969695
    },
    "melbands_kurtosis": {
        "mean": 45.1274757385,
        "var": 1363.45678711
    },
    "melbands_skewness": {
        "mean": 3.69535803795,
        "var": 3.33104848862
    },
    "melbands_spread": {
        "mean": 2.19182491302,
        "var": 57.1418151855
    },
    "pitch_salience": {
        "mean": 0.31996396184,
        "var": 0.0187469962984
    },
    "silence_rate_20dB": {
        "mean": 1,
        "var": 0
    },
    "silence_rate_30dB": {
        "mean": 0.800205945969,
        "var": 0.159875899553
    },
    "silence_rate_60dB": {
        "mean": 0.00360453152098,
        "var": 0.00359142106026
    },
    "spectral_centroid": {
        "mean": 236.865463257,
        "var": 164559.453125
    },
    "spectral_complexity": {
        "mean": 4.94438743591,
        "var": 5.43565034866
    },
    "spectral_decrease": {
        "mean": -1.7989297163e-008,
        "var": 1.75774622853e-016
    },
    "spectral_energy": {
        "mean": 0.0688439384103,
        "var": 0.00256075058132
    },
    "spectral_energyband_high": {
        "mean": 2.36664072872e-005,
        "var": 7.54845714823e-008
    },
    "spectral_energyband_low": {
        "mean": 0.0592756569386,
        "var": 0.00249122153036
    },
    "spectral_energyband_middle_high": {
        "mean": 0.000595584628172,
        "var": 8.86457382876e-006
    },
    "spectral_energyband_middle_low": {
        "mean": 0.0120353549719,
        "var": 8.31380311865e-005
    },
    "spectral_entropy": {
        "mean": 5.00138044357,
        "var": 0.360069394112
    },
    "spectral_flux": {
        "mean": 0.0911788791418,
        "var": 0.00420142803341
    },
    "spectral_kurtosis": {
        "mean": 52.3560142517,
        "var": 986.087158203
    },
    "spectral_rms": {
        "mean": 0.00766065670177,
        "var": 8.47905994306e-006
    },
    "spectral_rolloff": {
        "mean": 247.144119263,
        "var": 731241.625
    },
    "spectral_skewness": {
        "mean": 5.40877342224,
        "var": 3.68603491783
    },
    "spectral_spread": {
        "mean": 1876723.625,
        "var": 2.06649648742e+012
    },
    "spectral_strongpeak": {
        "mean": 1.11303186417,
        "var": 0.977058410645
    },
    "zerocrossingrate": {
        "mean": 0.0098392944783,
        "var": 0.000542432186194
    },
    "barkbands": {
        "mean": [1.55404723046e-005, 0.00555555615574, 0.0506213977933, 0.00387588841841, 0.0063808420673, 0.00147018325515, 0.000207498072996, 3.27367342834e-005, 6.50533038424e-005, 4.81462375319e-005, 7.0839865657e-005, 9.85791666608e-006, 5.94632510911e-005, 1.24048929138e-005, 0.000335478922352, 2.35481584241e-005, 2.18784825847e-005, 4.9844456953e-006, 4.28236580774e-006, 7.88155648479e-006, 4.83405528939e-006, 8.85625286173e-006, 3.80447158932e-006, 1.87662180906e-006, 9.80409367912e-007, 1.57647860988e-007, 3.44886643688e-008],
        "var": [5.91141668949e-009, 9.55496216193e-005, 0.00180085422471, 2.16218722926e-005, 4.0517985326e-005, 2.69117776952e-006, 5.636858873e-007, 4.9608273045e-009, 1.43069707192e-008, 1.81690253953e-008, 2.45336906346e-007, 2.40641145899e-010, 3.4561125517e-008, 1.03359598658e-009, 4.98751160194e-006, 3.38533756583e-009, 2.60268357977e-008, 4.12515188675e-010, 1.50771242713e-010, 2.30878427487e-009, 4.20585166694e-009, 2.07056256585e-008, 1.94075422399e-009, 2.42612346879e-010, 2.23392054854e-010, 3.81000613003e-012, 3.71643769361e-013]
    },
    "erbbands": {
        "mean": [0.0440389625728, 2.60456895828, 43.8979301453, 41.5983848572, 8.09416294098, 26.9847774506, 32.9439811707, 7.29340839386, 2.13765668869, 3.06176018715, 0.751542806625, 1.40394079685, 1.35561919212, 2.74628067017, 1.38584971428, 0.604209423065, 1.71832799911, 1.19169819355, 5.30471372604, 16.9441318512, 2.17481732368, 1.08720648289, 0.324601858854, 0.23320607841, 0.259916126728, 0.299970597029, 0.175653547049, 0.209279477596, 0.238390818238, 0.323860049248, 0.136888384819, 0.0450625829399, 0.0334085188806, 0.0140469428152, 0.00509539991617, 0.00125617778394, 0.000260948727373, 7.49382088543e-005, 3.40876649716e-005, 7.50261096982e-005],
        "var": [0.00432288786396, 11.149096489, 1474.74523926, 1112.17248535, 121.71913147, 578.382568359, 2136.23925781, 71.0165481567, 15.9310894012, 163.364196777, 1.21433913708, 6.21008253098, 5.26817131042, 156.335510254, 56.6447677612, 1.15239012241, 24.4638977051, 21.1879329681, 521.110168457, 14277.2626953, 57.6423912048, 43.0663223267, 1.23129820824, 0.499515503645, 1.03017199039, 2.33646011353, 0.560853600502, 10.5763530731, 10.8662338257, 28.2964324951, 3.59615445137, 0.207805350423, 0.0844499021769, 0.0500778257847, 0.00442659016699, 0.000173801759956, 9.13008898351e-006, 1.70934788457e-006, 2.88321366781e-009, 3.02066860414e-009]
    },
    "gfcc": {
        "mean": [-161.476623535, 196.220657349, -62.4515724182, 44.0978813171, -14.4656915665, -6.13248729706, -27.7391529083, -27.4476966858, -14.2884426117, -20.3857860565, -11.8467664719, -20.4845523834, 2.12565112114],
        "cov": [[4598.26318359, -267.471038818, -930.577453613, 221.137863159, -368.877868652, 314.004638672, -314.008056641, -13.4694986343, 61.1149940491, 85.4127120972, -36.2943229675, 52.1047363281, 92.0508270264], [-267.471038818, 671.308044434, 150.077301025, -241.003799438, 189.51385498, -209.95791626, 113.129074097, -55.6495933533, 4.54143047333, -41.7043800354, 34.1547164917, -43.6426124573, -5.16604089737], [-930.577453613, 150.077301025, 816.809143066, 50.4471549988, 256.705322266, -93.6458358765, 145.285842896, 37.5921592712, -46.3301849365, -91.4821548462, -30.2574100494, -7.97919797897, -101.369972229], [221.137863159, -241.003799438, 50.4471549988, 284.9480896, -17.8580474854, 65.2146148682, 5.66325426102, 10.3108568192, 12.8133354187, -15.1177005768, -28.7735385895, -22.4704914093, 9.10965061188], [-368.877868652, 189.51385498, 256.705322266, -17.8580474854, 325.788757324, -65.3614196777, 102.784469604, 9.2483959198, 4.52421951294, -17.8939876556, -29.6898021698, -40.2263641357, -37.1210784912], [314.004638672, -209.95791626, -93.6458358765, 65.2146148682, -65.3614196777, 166.769012451, -37.5820579529, -9.25768566132, 8.81798458099, 29.367269516, 5.36605501175, 4.63403558731, 2.24157047272], [-314.008056641, 113.129074097, 145.285842896, 5.66325426102, 102.784469604, -37.5820579529, 159.441680908, 9.34323883057, -23.7285804749, -21.9660263062, -0.763269841671, -30.0886726379, -23.5382061005], [-13.4694986343, -55.6495933533, 37.5921592712, 10.3108568192, 9.2483959198, -9.25768566132, 9.34323883057, 105.81842804, 11.0421133041, -32.6813697815, -24.3153591156, 9.26554679871, -14.625743866], [61.1149940491, 4.54143047333, -46.3301849365, 12.8133354187, 4.52421951294, 8.81798458099, -23.7285804749, 11.0421133041, 101.799560547, 17.9761619568, -32.6468505859, -21.3328723907, 14.8338346481], [85.4127120972, -41.7043800354, -91.4821548462, -15.1177005768, -17.8939876556, 29.367269516, -21.9660263062, -32.6813697815, 17.9761619568, 87.4341812134, 10.6170778275, -17.3186168671, 10.6638584137], [-36.2943229675, 34.1547164917, -30.2574100494, -28.7735385895, -29.6898021698, 5.36605501175, -0.763269841671, -24.3153591156, -32.6468505859, 10.6170778275, 86.3421096802, 16.9128875732, -15.9082689285], [52.1047363281, -43.6426124573, -7.97919797897, -22.4704914093, -40.2263641357, 4.63403558731, -30.0886726379, 9.26554679871, -21.3328723907, -17.3186168671, 16.9128875732, 80.2261581421, -3.98245668411], [92.0508270264, -5.16604089737, -101.369972229, 9.10965061188, -37.1210784912, 2.24157047272, -23.5382061005, -14.625743866, 14.8338346481, 10.6638584137, -15.9082689285, -3.98245668411, 74.623878479]],
        "icov": [[0.000529561832082, -0.00138854619581, 0.00063860847149, -0.0013881707564, 0.000274149293546, -0.00147993559949, 0.000982034602202, -0.000893744349014, 0.000908257963601, -0.000897631747648, 0.00124950904865, -0.000907635258045, 0.000768675061408], [-0.00138854619581, 0.0103866821155, -0.00187533407006, 0.00838400609791, -0.00248497677967, 0.00882047135383, -0.00480711972341, 0.00675551733002, -0.00582823203877, 0.00730144558474, -0.0070355636999, 0.00569061515853, -0.00391341047361], [0.00063860847149, -0.00187533407006, 0.00305954855867, -0.0024331479799, -0.000782121147495, -0.0012801757548, 0.000561978609767, -0.000877056329045, 0.0017219647998, -4.61498530058e-005, 0.00243902695365, -0.00172159192152, 0.00328271766193], [-0.0013881707564, 0.00838400609791, -0.0024331479799, 0.0114548429847, -0.00137497764081, 0.00516776693985, -0.00433196360245, 0.00533952191472, -0.00499372603372, 0.00708596222103, -0.00504584750161, 0.00625000009313, -0.00433196499944], [0.000274149293546, -0.00248497677967, -0.000782121147495, -0.00137497764081, 0.00572705827653, -0.00130139442626, -0.000812594604213, -0.00124993920326, 0.000633789866697, -0.00228772708215, 0.002921391977, -5.81116328249e-005, 0.00180250033736], [-0.00147993559949, 0.00882047135383, -0.0012801757548, 0.00516776693985, -0.00130139442626, 0.0158531684428, -0.00371083826758, 0.00590173061937, -0.00507206749171, 0.00369152007625, -0.00612395117059, 0.00409392639995, -0.00167736352887], [0.000982034602202, -0.00480711972341, 0.000561978609767, -0.00433196360245, -0.000812594604213, -0.00371083826758, 0.0121072754264, -0.00388097739778, 0.00504075735807, -0.00220617721789, 0.00248736119829, 0.000844644499011, 0.00240218825638], [-0.000893744349014, 0.00675551733002, -0.000877056329045, 0.00533952191472, -0.00124993920326, 0.00590173061937, -0.00388097739778, 0.0165570676327, -0.0055865906179, 0.00868482887745, -0.00119305134285, 0.0020024322439, 0.000670733919833], [0.000908257963601, -0.00582823203877, 0.0017219647998, -0.00499372603372, 0.000633789866697, -0.00507206749171, 0.00504075735807, -0.0055865906179, 0.0165135655552, -0.00638858787715, 0.00806317664683, -0.000444151257398, 0.00171313039027], [-0.000897631747648, 0.00730144558474, -4.61498530058e-005, 0.00708596222103, -0.00228772708215, 0.00369152007625, -0.00220617721789, 0.00868482887745, -0.00638858787715, 0.0218706913292, -0.0065521132201, 0.00762877613306, -0.00240267347544], [0.00124950904865, -0.0070355636999, 0.00243902695365, -0.00504584750161, 0.002921391977, -0.00612395117059, 0.00248736119829, -0.00119305134285, 0.00806317664683, -0.0065521132201, 0.0216559544206, -0.00637390092015, 0.00769867282361], [-0.000907635258045, 0.00569061515853, -0.00172159192152, 0.00625000009313, -5.81116328249e-005, 0.00409392639995, 0.000844644499011, 0.0020024322439, -0.000444151257398, 0.00762877613306, -0.00637390092015, 0.0203045420349, -0.00235811271705], [0.000768675061408, -0.00391341047361, 0.00328271766193, -0.00433196499944, 0.00180250033736, -0.00167736352887, 0.00240218825638, 0.000670733919833, 0.00171313039027, -0.00240267347544, 0.00769867282361, -0.00235811271705, 0.0205238927156]]
    },
    "melbands": {
        "mean": [0.000847004295792, 0.016572335735, 0.00661661615595, 0.00103507132735, 0.00128775718622, 0.000174599539605, 3.49359252141e-005, 2.78311817965e-005, 4.81724282508e-006, 9.94190304482e-006, 7.51509878683e-006, 1.15170496429e-005, 7.44820090404e-006, 1.09069731025e-006, 3.09325582748e-006, 4.94009827889e-006, 1.41678322052e-006, 3.75402601094e-006, 3.22501255141e-005, 7.2800066846e-006, 1.7968238808e-006, 1.36636447223e-006, 2.9479392083e-007, 3.00427529965e-007, 1.75691539539e-007, 1.40276583238e-007, 2.96794326005e-007, 1.68246060639e-007, 1.24342903973e-007, 9.25307119815e-008, 1.45875972635e-007, 1.12913255634e-007, 2.11037814779e-007, 1.33935003532e-007, 7.32694900307e-008, 5.26263903566e-008, 2.0623700081e-008, 2.35848265362e-008, 1.76972694277e-008, 1.0193519806e-008],
        "var": [2.33768241742e-006, 0.000210580517887, 2.76937244053e-005, 9.70326027527e-007, 2.6493819405e-006, 4.33091571495e-008, 8.57430038081e-009, 1.24188757056e-008, 4.5454959241e-011, 3.5338504345e-010, 1.80613107803e-010, 2.2692827617e-009, 2.34439090363e-009, 3.41259681104e-012, 6.74911168619e-011, 4.20898454978e-010, 3.37527401861e-011, 5.51595401299e-011, 5.06055783944e-008, 1.87563831133e-009, 4.96894886348e-011, 1.00787031498e-010, 8.41477007432e-013, 1.84941558595e-012, 2.67721771401e-013, 2.49579924869e-013, 3.63249946615e-012, 6.0704729004e-013, 4.04839464903e-013, 1.68615975674e-013, 8.24586145892e-012, 2.17905034294e-012, 1.30387090014e-011, 4.08029426219e-012, 1.05290461679e-012, 4.21970455539e-013, 3.34731157722e-014, 4.75671172102e-014, 4.41157730464e-014, 3.66370311638e-014]
    },
    "mfcc": {
        "mean": [-819.972229004, 212.710357666, 36.2999992371, 54.4078636169, 37.0941390991, 23.0746212006, 3.16955065727, -5.06835889816, -0.983436346054, -0.416533321142, -15.1317214966, -11.9141159058, -8.93228435516],
        "cov": [[3124.02001953, -538.327941895, -692.75390625, -61.9258766174, -241.44354248, 170.379669189, -337.37512207, -78.6637496948, 13.1733894348, 108.161445618, -186.888046265, 9.88775444031, 160.371688843], [-538.327941895, 750.111938477, 112.446182251, -45.9562454224, 103.319061279, -100.476898193, 101.905815125, -21.5104179382, 2.7698996067, -39.5898246765, 81.59815979, -27.8545837402, -61.5616836548], [-692.75390625, 112.446182251, 435.355773926, 87.3862915039, 73.5283889771, -8.58637046814, 84.0252761841, 89.2389831543, -24.8981609344, -45.6834945679, 60.9860534668, 7.80917406082, -41.1393165588], [-61.9258766174, -45.9562454224, 87.3862915039, 218.886428833, 57.5924835205, 35.5956382751, 60.3506584167, 51.7920951843, 36.7848739624, 5.58289146423, -2.26341199875, 6.04461288452, -9.50796222687], [-241.44354248, 103.319061279, 73.5283889771, 57.5924835205, 183.438461304, 1.50468707085, 25.8673305511, 34.3198738098, 34.8279876709, -15.1244535446, 29.2200260162, -3.7673728466, -5.92193365097], [170.379669189, -100.476898193, -8.58637046814, 35.5956382751, 1.50468707085, 158.131072998, 6.1916475296, -29.2807712555, 22.6592845917, 32.6866989136, -22.4497623444, 17.3704147339, 18.0315628052], [-337.37512207, 101.905815125, 84.0252761841, 60.3506584167, 25.8673305511, 6.1916475296, 177.046127319, 28.1613140106, -20.2733516693, -7.33518743515, 36.5591621399, 1.89927721024, -30.8915424347], [-78.6637496948, -21.5104179382, 89.2389831543, 51.7920951843, 34.3198738098, -29.2807712555, 28.1613140106, 146.93989563, 22.2382221222, -30.1624488831, 28.199426651, -6.51188135147, -13.8789978027], [13.1733894348, 2.7698996067, -24.8981609344, 36.7848739624, 34.8279876709, 22.6592845917, -20.2733516693, 22.2382221222, 147.496658325, 42.4512901306, -46.9585914612, -4.84265232086, 23.2035579681], [108.161445618, -39.5898246765, -45.6834945679, 5.58289146423, -15.1244535446, 32.6866989136, -7.33518743515, -30.1624488831, 42.4512901306, 127.976524353, -55.8849372864, -1.92161774635, 38.0164871216], [-186.888046265, 81.59815979, 60.9860534668, -2.26341199875, 29.2200260162, -22.4497623444, 36.5591621399, 28.199426651, -46.9585914612, -55.8849372864, 140.298156738, 7.53534173965, -31.0567703247], [9.88775444031, -27.8545837402, 7.80917406082, 6.04461288452, -3.7673728466, 17.3704147339, 1.89927721024, -6.51188135147, -4.84265232086, -1.92161774635, 7.53534173965, 69.2407989502, 3.02184891701], [160.371688843, -61.5616836548, -41.1393165588, -9.50796222687, -5.92193365097, 18.0315628052, -30.8915424347, -13.8789978027, 23.2035579681, 38.0164871216, -31.0567703247, 3.02184891701, 98.068939209]],
        "icov": [[0.00081917521311, -0.000141235635965, 0.00122313853353, -0.000563600624446, 0.000621831568424, -0.0010022635106, 0.00128024874721, -0.000971306522842, 0.000814468308818, -6.49982612231e-005, 0.000334361277055, -6.13185111433e-005, -0.000541883928236], [-0.000141235635965, 0.00220574694686, -0.000690665387083, 0.000993295805529, -0.00116234656889, 0.0015482516028, -0.00153050513472, 0.00165296543855, -0.0012100165477, 9.81311677606e-005, -0.000823078153189, 0.000617769605014, 0.000787697383203], [0.00122313853353, -0.000690665387083, 0.00505312439054, -0.00164999987464, 0.000388601300074, -0.00191897072364, 0.00150921335444, -0.00315447687171, 0.00220413901843, 6.39243444311e-005, 0.000346765184077, -0.000574419857003, -0.000487472629175], [-0.000563600624446, 0.000993295805529, -0.00164999987464, 0.00713883992285, -0.0020535083022, -0.000133900670335, -0.00304484390654, -0.000338421174092, -0.00192453945056, -0.000113378562673, 0.000325016968418, -0.000202313662157, 0.00104721321259], [0.000621831568424, -0.00116234656889, 0.000388601300074, -0.0020535083022, 0.00785134639591, -0.00132665596902, 0.00139545870479, -0.00133612845093, -0.00102185597643, 0.000618275487795, -0.00100298691541, 0.000279636937194, -0.00113824033178], [-0.0010022635106, 0.0015482516028, -0.00191897072364, -0.000133900670335, -0.00132665596902, 0.00968347862363, -0.00272468663752, 0.00397994881496, -0.00245558540337, -0.000800918322057, -0.000665916944854, -0.00119533366524, 0.00035475063487], [0.00128024874721, -0.00153050513472, 0.00150921335444, -0.00304484390654, 0.00139545870479, -0.00272468663752, 0.0100576914847, -0.00284338579513, 0.00305959675461, -0.00137966591865, -0.000317020982038, -0.000292008102406, 0.000354070536559], [-0.000971306522842, 0.00165296543855, -0.00315447687171, -0.000338421174092, -0.00133612845093, 0.00397994881496, -0.00284338579513, 0.011768666096, -0.00415718229488, 0.00189742969815, -0.00213398574851, 0.00126358633861, 0.000760658585932], [0.000814468308818, -0.0012100165477, 0.00220413901843, -0.00192453945056, -0.00102185597643, -0.00245558540337, 0.00305959675461, -0.00415718229488, 0.0111454799771, -0.00243668747135, 0.00314351613633, -0.000172485000803, -0.00127988529857], [-6.49982612231e-005, 9.81311677606e-005, 6.39243444311e-005, -0.000113378562673, 0.000618275487795, -0.000800918322057, -0.00137966591865, 0.00189742969815, -0.00243668747135, 0.0113642141223, 0.00260981381871, 0.000486107514007, -0.0028150586877], [0.000334361277055, -0.000823078153189, 0.000346765184077, 0.000325016968418, -0.00100298691541, -0.000665916944854, -0.000317020982038, -0.00213398574851, 0.00314351613633, 0.00260981381871, 0.0107950596139, -0.00142935581971, 0.000480713584693], [-6.13185111433e-005, 0.000617769605014, -0.000574419857003, -0.000202313662157, 0.000279636937194, -0.00119533366524, -0.000292008102406, 0.00126358633861, -0.000172485000803, 0.000486107514007, -0.00142935581971, 0.015403855592, -0.00052392546786], [-0.000541883928236, 0.000787697383203, -0.000487472629175, 0.00104721321259, -0.00113824033178, 0.00035475063487, 0.000354070536559, 0.000760658585932, -0.00127988529857, -0.0028150586877, 0.000480713584693, -0.00052392546786, 0.0131222410128]]
    },
    "spectral_contrast_coeffs": {
        "mean": [-0.486710429192, -0.623990178108, -0.728079855442, -0.745862424374, -0.780861973763, -0.767894506454],
        "var": [0.00545144453645, 0.00699520297348, 0.00454563973472, 0.00518638174981, 0.00255643250421, 0.00302221952006]
    },
    "spectral_contrast_valleys": {
        "mean": [-7.19868421555, -8.58161735535, -9.66719913483, -9.8498878479, -10.4887037277, -13.4085636139],
        "var": [1.01953172684, 0.744947612286, 0.639083504677, 0.599646627903, 0.60246950388, 0.542335271835]
    }
},
"metadata": {
    "audio_properties": {
        "analysis_sample_rate": 44100,
        "bit_rate": 99892,
        "equal_loudness": 0,
        "length": 45.0612258911,
        "lossless": 0,
        "replay_gain": -10.5407905579,
        "sample_rate": 44100,
        "codec": "mp3",
        "downmix": "mix",
        "md5_encoded": "9a922999261e4967e8f30d5f79c7b153"
    },
    "tags": {
        "file_name": "299.mp3"
    },
    "version": {
        "essentia": "2.1-beta2",
        "essentia_git_sha": "v2.1_beta2",
        "extractor": "music 1.0"
    }
},
"rhythm": {
    "beats_count": 121,
    "beats_loudness": {
        "mean": 0.0733193233609,
        "var": 0.00211579562165
    },
    "bpm": 163.159240723,
    "bpm_histogram_first_peak_bpm": {
        "mean": 161,
        "var": 0
    },
    "bpm_histogram_first_peak_spread": {
        "mean": 0.194805204868,
        "var": 0
    },
    "bpm_histogram_first_peak_weight": {
        "mean": 0.516666650772,
        "var": 0
    },
    "bpm_histogram_second_peak_bpm": {
        "mean": 167,
        "var": 0
    },
    "bpm_histogram_second_peak_spread": {
        "mean": 0,
        "var": 0
    },
    "bpm_histogram_second_peak_weight": {
        "mean": 0.241666659713,
        "var": 0
    },
    "danceability": 1.12559258938,
    "onset_rate": 5.19059419632,
    "beats_loudness_band_ratio": {
        "mean": [0.824417173862, 0.159638658166, 0.00747395958751, 0.00402438174933, 0.00624224357307, 0.000649471592624],
        "var": [0.0310414806008, 0.0267374813557, 0.000387740612496, 0.000160000112373, 0.000878847844433, 2.80473523162e-005]
    },
    "beats_position": [0.394739210606, 0.789478421211, 1.18421769142, 1.57895684242, 1.98530614376, 2.39165520668, 2.77478456497, 3.15791368484, 3.51782298088, 3.87773227692, 4.2492518425, 4.63238096237, 5.01551008224, 5.38702917099, 5.75854873657, 6.13006782532, 6.5015873909, 6.87310647964, 7.24462556839, 7.61614513397, 7.98766422272, 8.37079334259, 8.75392246246, 9.12544155121, 9.49696159363, 9.86848068237, 10.2399997711, 10.5999088287, 10.9482088089, 11.3081178665, 11.6680269241, 12.0279359818, 12.3994560242, 12.7709751129, 13.1424942017, 13.5024032593, 13.8623123169, 14.2338323593, 14.6053514481, 14.9768705368, 15.3483896255, 15.7199087143, 16.0914287567, 16.4745578766, 16.8460769653, 17.2175960541, 17.5775051117, 17.9490242004, 18.3205432892, 18.6920623779, 19.0635814667, 19.4234924316, 19.7834014893, 20.154920578, 20.5264396667, 20.8747386932, 21.246257782, 21.6177768707, 21.9776859283, 22.3375968933, 22.7091159821, 23.0806350708, 23.4405441284, 23.800453186, 24.1603622437, 24.5086612701, 24.8801803589, 25.2400894165, 25.6116104126, 25.9715194702, 26.3546485901, 26.7261676788, 27.0976867676, 27.4692058563, 27.8407249451, 28.1890239716, 28.5605430603, 28.9204521179, 29.291973114, 29.6751022339, 30.0466213226, 30.4065303802, 30.7664394379, 31.1147384644, 31.4630374908, 31.8113365173, 32.171245575, 32.5311546326, 32.8910636902, 33.239364624, 33.5992736816, 33.9707946777, 34.3423118591, 34.725440979, 35.0969619751, 35.4568710327, 35.8283882141, 36.1999092102, 36.5714263916, 36.9429473877, 37.3144645691, 37.6859855652, 38.0575065613, 38.4290237427, 38.8005447388, 39.1720619202, 39.5435829163, 39.9267120361, 40.309841156, 40.6813583374, 41.0644874573, 41.4476165771, 41.8075294495, 42.1674385071, 42.5157356262, 42.8872566223, 43.2471656799, 43.6302947998, 44.0018119812, 44.3733329773, 44.7448501587]
},
"tonal": {
    "chords_changes_rate": 0.0606995895505,
    "chords_number_rate": 0.00925925932825,
    "chords_strength": {
        "mean": 0.422121167183,
        "var": 0.00814657099545
    },
    "hpcp_entropy": {
        "mean": 1.54338085651,
        "var": 0.29823961854
    },
    "key_strength": 0.561617732048,
    "tuning_diatonic_strength": 0.49628791213,
    "tuning_equal_tempered_deviation": 0.0404415763915,
    "tuning_frequency": 451.586883545,
    "tuning_nontempered_energy_ratio": 0.611550152302,
    "hpcp": {
        "mean": [0.0312843434513, 0.0907013639808, 0.520061135292, 0.849582314491, 0.4292062819, 0.0334712304175, 0.00775425089523, 0.00475812284276, 0.0231991447508, 0.0525651983917, 0.0484734587371, 0.0420613959432, 0.0601841211319, 0.0428314618766, 0.00902768410742, 0.00238515227102, 0.00292527279817, 0.016149552539, 0.0409155786037, 0.0330592468381, 0.0114132929593, 0.0109204445034, 0.0119923911989, 0.0157241467386, 0.0200240816921, 0.0157570801675, 0.0193439889699, 0.0369891785085, 0.0444144047797, 0.0396599136293, 0.0285375062376, 0.0168582443148, 0.0174267590046, 0.0214386880398, 0.0203621592373, 0.0216332469136],
        "var": [0.0181301850826, 0.0430166758597, 0.0718228816986, 0.0922786146402, 0.0660530030727, 0.0123450076208, 0.00415892433375, 0.00204973830841, 0.00612733606249, 0.0245714206249, 0.0187524966896, 0.0167315416038, 0.0313279926777, 0.0195969454944, 0.00139296369161, 0.000322398991557, 0.000248827709584, 0.00303251575679, 0.0135728903115, 0.00757578434423, 0.00136510829907, 0.00176947470754, 0.00245475862175, 0.00345215504058, 0.00404983153567, 0.00398316094652, 0.00927334837615, 0.020396515727, 0.0212909132242, 0.0195498373359, 0.0133132794872, 0.0088647743687, 0.0105306478217, 0.0107016535476, 0.0108177969232, 0.0148244993761]
    },
    "chords_histogram": [3.39506173134, 2.98353910446, 50.7201652527, 2.77777767181, 1.95473253727, 10.0823049545, 1.95473253727, 4.42386817932, 0, 21.0905342102, 0, 0.617283940315, 0, 0, 0, 0, 0, 0, 0, 0, 0, 0, 0, 0],
    "thpcp": [1, 0.505196809769, 0.039397276938, 0.00912713352591, 0.00560054369271, 0.0273065306246, 0.0618718117476, 0.0570556335151, 0.0495083220303, 0.0708396583796, 0.0504147298634, 0.0106260264292, 0.00280744116753, 0.00344318943098, 0.0190088152885, 0.0481596402824, 0.0389123521745, 0.0134340049699, 0.012853898108, 0.0141156315804, 0.0185080915689, 0.0235693249851, 0.0185468550771, 0.0227688234299, 0.0435380749404, 0.0522779300809, 0.0466816611588, 0.033590041101, 0.0198429785669, 0.0205121487379, 0.0252343863249, 0.0239672586322, 0.0254633910954, 0.0368232056499, 0.106759950519, 0.612137436867],
    "chords_key": "A#",
    "chords_scale": "minor",
    "key_key": "D#",
    "key_scale": "minor"
}
}