{
"lowlevel": {
    "average_loudness": 0.577544152737,
    "barkbands_crest": {
        "mean": 16.4145030975,
        "var": 22.0571365356
    },
    "barkbands_flatness_db": {
        "mean": 0.308675020933,
        "var": 0.00793173722923
    },
    "barkbands_kurtosis": {
        "mean": 56.4764137268,
        "var": 4976.37109375
    },
    "barkbands_skewness": {
        "mean": 5.28849554062,
        "var": 8.73776721954
    },
    "barkbands_spread": {
        "mean": 4.01916074753,
        "var": 22.605047226
    },
    "dissonance": {
        "mean": 0.452052801847,
        "var": 0.00081067730207
    },
    "dynamic_complexity": 3.1124548912,
    "erbbands_crest": {
        "mean": 9.94591236115,
        "var": 16.3368854523
    },
    "erbbands_flatness_db": {
        "mean": 0.18442389369,
        "var": 0.0026953087654
    },
    "erbbands_kurtosis": {
        "mean": 1.25661325455,
        "var": 10.2347297668
    },
    "erbbands_skewness": {
        "mean": 1.13232052326,
        "var": 0.670048058033
    },
    "erbbands_spread": {
        "mean": 40.6878128052,
        "var": 227.507354736
    },
    "hfc": {
        "mean": 12.1243095398,
        "var": 145.265380859
    },
    "melbands_crest": {
        "mean": 19.6072444916,
        "var": 16.4863243103
    },
    "melbands_flatness_db": {
        "mean": 0.416523694992,
        "var": 0.0094263041392
    },
    "melbands_kurtosis": {
        "mean": 76.4674682617,
        "var": 3060.40454102
    },
    "melbands_skewness": {
        "mean": 5.73968839645,
        "var": 4.18294620514
    },
    "melbands_spread": {
        "mean": 3.23951125145,
        "var": 45.4385108948
    },
    "pitch_salience": {
        "mean": 0.413181513548,
        "var": 0.0199552476406
    },
    "silence_rate_20dB": {
        "mean": 0.921730160713,
        "var": 0.0721428990364
    },
    "silence_rate_30dB": {
        "mean": 0.68125641346,
        "var": 0.217144936323
    },
    "silence_rate_60dB": {
        "mean": 0.00205973233096,
        "var": 0.00205553858541
    },
    "spectral_centroid": {
        "mean": 413.962921143,
        "var": 190573.296875
    },
    "spectral_complexity": {
        "mean": 9.12615871429,
        "var": 19.6005039215
    },
    "spectral_decrease": {
        "mean": -2.90038144612e-008,
        "var": 1.20599111074e-015
    },
    "spectral_energy": {
        "mean": 0.110566772521,
        "var": 0.0174389835447
    },
    "spectral_energyband_high": {
        "mean": 0.00012021229486,
        "var": 9.76079022053e-008
    },
    "spectral_energyband_low": {
        "mean": 0.100814722478,
        "var": 0.0167275834829
    },
    "spectral_energyband_middle_high": {
        "mean": 0.00082094949903,
        "var": 6.55014275708e-007
    },
    "spectral_energyband_middle_low": {
        "mean": 0.0124615980312,
        "var": 0.00026960845571
    },
    "spectral_entropy": {
        "mean": 6.56996774673,
        "var": 0.349769443274
    },
    "spectral_flux": {
        "mean": 0.0730364918709,
        "var": 0.0042298915796
    },
    "spectral_kurtosis": {
        "mean": 10.6146478653,
        "var": 73.6075134277
    },
    "spectral_rms": {
        "mean": 0.00908560492098,
        "var": 2.53215021075e-005
    },
    "spectral_rolloff": {
        "mean": 219.155288696,
        "var": 746701.5625
    },
    "spectral_skewness": {
        "mean": 2.31413269043,
        "var": 0.593348145485
    },
    "spectral_spread": {
        "mean": 3363555.25,
        "var": 3.44777713254e+012
    },
    "spectral_strongpeak": {
        "mean": 0.598819792271,
        "var": 0.292979687452
    },
    "zerocrossingrate": {
        "mean": 0.0144980810583,
        "var": 0.000614913355093
    },
    "barkbands": {
        "mean": [0.00204244209453, 0.0761701315641, 0.0189637821168, 0.0058689173311, 0.00452710175887, 0.00149529520422, 0.000224670031457, 9.39260353334e-005, 0.000226232557907, 8.84974579094e-005, 0.000296211626846, 6.44737665425e-005, 7.99089757493e-005, 7.34767236281e-005, 5.78301151108e-005, 3.39114449162e-005, 3.56686177838e-005, 3.78963050025e-005, 4.82467403344e-005, 3.32130948664e-005, 3.42674065905e-005, 1.97396439034e-005, 1.59870050993e-005, 1.25823007693e-005, 1.24759917526e-005, 8.8800852609e-006, 9.97256506707e-007],
        "var": [3.30271313942e-006, 0.0126534560695, 0.00135668506846, 0.000133266163175, 3.76449752366e-005, 1.23628124129e-005, 2.17940481662e-007, 1.85698851851e-008, 9.10402988552e-008, 1.4474614396e-008, 1.09681906224e-007, 1.29287460737e-008, 9.26573129334e-009, 6.41498498766e-009, 6.17128304015e-009, 4.23242152436e-009, 5.3332684935e-009, 4.88765117268e-009, 1.22213599241e-008, 3.82669185228e-009, 7.62741869664e-009, 3.82216480688e-009, 1.90736182404e-009, 1.58443858034e-009, 1.77940828738e-009, 1.35993549755e-009, 2.60573333744e-011]
    },
    "erbbands": {
        "mean": [2.15894675255, 17.0605354309, 25.0271148682, 21.6414413452, 17.2354221344, 13.7139616013, 12.7725801468, 11.1650066376, 4.12881231308, 1.97523093224, 2.97631406784, 4.71068286896, 3.32137465477, 5.89015674591, 9.89844226837, 2.88748431206, 3.61607408524, 4.36442756653, 2.77120900154, 2.79296970367, 1.78353476524, 2.02358198166, 2.19063806534, 2.21665716171, 2.28263115883, 1.5623395443, 1.48636877537, 1.07196414471, 0.708728253841, 0.614340722561, 0.421430170536, 0.263070225716, 0.21352314949, 0.146706700325, 0.0874225571752, 0.0381620712578, 0.0178548395634, 0.00351726589724, 0.000156311478349, 0.000122477009427],
        "var": [8.51681041718, 719.167480469, 1601.40405273, 1368.51037598, 779.196838379, 390.563598633, 495.879394531, 763.145690918, 75.7976074219, 7.30540513992, 22.4440727234, 32.8455047607, 30.5331859589, 42.2588195801, 110.74861908, 21.4407119751, 18.2212905884, 22.3354873657, 14.5602931976, 17.7442169189, 8.35610771179, 18.0788269043, 16.0278682709, 19.0519332886, 31.6315193176, 8.22389602661, 12.9733133316, 9.16313457489, 5.5292930603, 3.17419409752, 1.2347022295, 0.589514613152, 0.493444532156, 0.229482859373, 0.0926866233349, 0.0211206134409, 0.00564923416823, 0.000288975366857, 3.07025118218e-007, 2.09390105255e-008]
    },
    "gfcc": {
        "mean": [-71.0494003296, 162.010131836, -83.7953796387, 54.2695045471, -21.129945755, 16.2985553741, -9.45956802368, -3.79277634621, -18.0483283997, -7.70633888245, -3.17500662804, -6.36943483353, 2.28640508652],
        "cov": [[5707.80664063, -1677.03051758, 488.081207275, 305.854431152, -613.077087402, 565.87689209, -619.545837402, 376.25881958, -385.289337158, 247.826385498, -375.243408203, 237.505874634, -283.484436035], [-1677.03051758, 1719.02844238, -497.125732422, -104.267524719, 398.108581543, -442.410827637, 441.912414551, -313.310943604, 302.08303833, -236.108184814, 267.628448486, -226.376586914, 224.57383728], [488.081207275, -497.125732422, 621.679992676, -20.8472137451, 75.850730896, 190.403137207, -62.2661514282, 115.978118896, -63.7450561523, 97.5935058594, -95.3200378418, 73.9202041626, -82.1510009766], [305.854431152, -104.267524719, -20.8472137451, 183.219284058, -37.4980354309, 44.380241394, 7.0874838829, -34.7617378235, 0.975401997566, -7.8257484436, 5.53136444092, -18.0597667694, 4.33185482025], [-613.077087402, 398.108581543, 75.850730896, -37.4980354309, 332.207366943, -58.226272583, 197.48614502, -71.3075561523, 88.7219390869, -47.9468650818, 56.7496452332, -45.7912063599, 49.2958297729], [565.87689209, -442.410827637, 190.403137207, 44.380241394, -58.226272583, 268.383728027, -54.6626930237, 100.594833374, -51.4915618896, 28.6377868652, -75.2312469482, 36.2265014648, -64.8153381348], [-619.545837402, 441.912414551, -62.2661514282, 7.0874838829, 197.48614502, -54.6626930237, 273.760894775, -78.5145721436, 118.956565857, -76.9822311401, 65.0097961426, -75.4962005615, 64.8671951294], [376.25881958, -313.310943604, 115.978118896, -34.7617378235, -71.3075561523, 100.594833374, -78.5145721436, 138.424545288, -41.9573936462, 42.417388916, -63.3958129883, 42.1451950073, -54.118927002], [-385.289337158, 302.08303833, -63.7450561523, 0.975401997566, 88.7219390869, -51.4915618896, 118.956565857, -41.9573936462, 147.895050049, -35.7417068481, 34.6055641174, -57.351020813, 37.4411506653], [247.826385498, -236.108184814, 97.5935058594, -7.8257484436, -47.9468650818, 28.6377868652, -76.9822311401, 42.417388916, -35.7417068481, 90.8161849976, -28.9274711609, 44.282081604, -28.6322555542], [-375.243408203, 267.628448486, -95.3200378418, 5.53136444092, 56.7496452332, -75.2312469482, 65.0097961426, -63.3958129883, 34.6055641174, -28.9274711609, 103.108291626, -25.1297168732, 45.0502738953], [237.505874634, -226.376586914, 73.9202041626, -18.0597667694, -45.7912063599, 36.2265014648, -75.4962005615, 42.1451950073, -57.351020813, 44.282081604, -25.1297168732, 92.2006607056, -7.85131883621], [-283.484436035, 224.57383728, -82.1510009766, 4.33185482025, 49.2958297729, -64.8153381348, 64.8671951294, -54.118927002, 37.4411506653, -28.6322555542, 45.0502738953, -7.85131883621, 93.2415618896]],
        "icov": [[0.000537881918717, -0.00125300022773, -0.000149727944518, -0.00178535107989, 0.000499530695379, -0.000948182714637, 0.000604100583587, -0.00110509397928, 0.00106106861494, -0.00127480656374, 0.00174987362698, -0.00124954874627, 0.000851125922054], [-0.00125300022773, 0.00918777380139, 0.00106036278885, 0.00818614754826, -0.00285116396844, 0.00568955251947, -0.00246404646896, 0.00568717438728, -0.00601198012009, 0.00832407921553, -0.00861684326082, 0.00774852605537, -0.00512100802734], [-0.000149727944518, 0.00106036278885, 0.00347653147765, 0.000843105197418, -0.00263673183508, -0.000866187270731, 2.10010293813e-005, -2.58875115833e-005, -0.000279148633126, -0.00157940376084, 0.000196101042093, 9.22635881579e-005, 0.000317102647386], [-0.00178535107989, 0.00818614754826, 0.000843105197418, 0.0158595740795, -0.00100107199978, 0.00272471574135, -0.00317184557207, 0.00958258006722, -0.00573802739382, 0.00695876870304, -0.00900746881962, 0.0087559055537, -0.00541642075405], [0.000499530695379, -0.00285116396844, -0.00263673183508, -0.00100107199978, 0.00832102820277, -0.00114345469046, -0.00345845520496, 0.000298910861602, 0.00132798287086, -0.00157006771769, 0.00161677144933, -0.00260921078734, 0.00147838029079], [-0.000948182714637, 0.00568955251947, -0.000866187270731, 0.00272471574135, -0.00114345469046, 0.0111208939925, -0.0028275384102, -0.00020508171292, -0.00314443418756, 0.00727160461247, -0.00408987794071, 0.00379012175836, -0.00150203309022], [0.000604100583587, -0.00246404646896, 2.10010293813e-005, -0.00317184557207, -0.00345845520496, -0.0028275384102, 0.0113697862253, -0.00173320772592, -0.0018282221863, 0.000550664786715, 0.00164135766681, 0.000212907383684, -0.000987560953945], [-0.00110509397928, 0.00568717438728, -2.58875115833e-005, 0.00958258006722, 0.000298910861602, -0.00020508171292, -0.00173320772592, 0.019987642765, -0.00512539548799, 0.00385388196446, -0.00271417247131, 0.00258133071475, -0.000248890573857], [0.00106106861494, -0.00601198012009, -0.000279148633126, -0.00573802739382, 0.00132798287086, -0.00314443418756, -0.0018282221863, -0.00512539548799, 0.0161680206656, -0.00724198622629, 0.00639960123226, -0.00026304871426, 0.00130542856641], [-0.00127480656374, 0.00832407921553, -0.00157940376084, 0.00695876870304, -0.00157006771769, 0.00727160461247, 0.000550664786715, 0.00385388196446, -0.00724198622629, 0.0269326847047, -0.00844668410718, 0.00144673686009, -0.00251946598291], [0.00174987362698, -0.00861684326082, 0.000196101042093, -0.00900746881962, 0.00161677144933, -0.00408987794071, 0.00164135766681, -0.00271417247131, 0.00639960123226, -0.00844668410718, 0.0251729432493, -0.00749747734517, 0.00229290593415], [-0.00124954874627, 0.00774852605537, 9.22635881579e-005, 0.0087559055537, -0.00260921078734, 0.00379012175836, 0.000212907383684, 0.00258133071475, -0.00026304871426, 0.00144673686009, -0.00749747734517, 0.0271038860083, -0.0109681496397], [0.000851125922054, -0.00512100802734, 0.000317102647386, -0.00541642075405, 0.00147838029079, -0.00150203309022, -0.000987560953945, -0.000248890573857, 0.00130542856641, -0.00251946598291, 0.00229290593415, -0.0109681496397, 0.0215651839972]]
    },
    "melbands": {
        "mean": [0.0208967551589, 0.0168330781162, 0.00369584839791, 0.00113429152407, 0.000480730814161, 0.000257797160884, 5.37537380296e-005, 1.95766151592e-005, 2.91797041427e-005, 2.85190490104e-005, 1.55426823767e-005, 2.13148960029e-005, 4.18192539655e-005, 8.17920499685e-006, 8.03324201115e-006, 7.89819841884e-006, 8.07045762485e-006, 4.26561564382e-006, 4.06377557738e-006, 3.14568410431e-006, 1.82206690624e-006, 1.93529467651e-006, 2.44444868258e-006, 1.6748717826e-006, 1.78599066203e-006, 1.83575582469e-006, 1.31577621687e-006, 9.67738856161e-007, 8.55613222939e-007, 1.00133490832e-006, 4.97670214372e-007, 3.94886598087e-007, 3.74547255433e-007, 3.31161373879e-007, 2.49258562235e-007, 1.98796541895e-007, 1.46970592141e-007, 1.47696638919e-007, 1.38366175406e-007, 1.18161786133e-007],
        "var": [0.000950322893914, 0.000488786550704, 3.77051837859e-005, 2.62198022938e-006, 5.76189961521e-007, 3.96721446805e-007, 1.42931417813e-008, 6.82157552667e-010, 2.28385532708e-009, 1.23649401829e-009, 7.55708773337e-010, 6.05715644308e-010, 2.14522821729e-009, 1.85024232047e-010, 1.92990817771e-010, 8.42512587473e-011, 7.63544644178e-011, 3.67076612162e-011, 3.34350949704e-011, 3.41731747067e-011, 9.55606861003e-012, 1.61731808501e-011, 2.81780206807e-011, 7.36585965833e-012, 1.43955247028e-011, 1.54529687657e-011, 1.14907926924e-011, 2.83827518779e-012, 5.18062112306e-012, 5.00422533273e-012, 2.88579685322e-012, 2.21748053947e-012, 1.0936530544e-012, 9.82662735904e-013, 4.61610188008e-013, 2.75984394843e-013, 2.15541248586e-013, 2.53372084598e-013, 2.01183254084e-013, 1.54311716942e-013]
    },
    "mfcc": {
        "mean": [-721.86340332, 180.453186035, 16.5258255005, 51.5092124939, 19.6777992249, 27.48179245, 21.3736572266, 12.0117101669, 3.17371797562, 4.46600961685, -1.98339855671, -3.20158314705, -0.561021387577],
        "cov": [[3454.35791016, -1489.42578125, 519.743347168, -146.43057251, -45.1089515686, 10.4983634949, -166.84552002, 38.4230651855, -56.2325286865, -56.9371871948, 2.10265374184, 12.7353429794, -107.040794373], [-1489.42578125, 1346.98596191, -364.641601563, 167.783721924, 17.925535202, -10.3756818771, 74.8014297485, -15.7465620041, 59.8892593384, 32.4012451172, 22.4783363342, -10.1432781219, 43.9052886963], [519.743347168, -364.641601563, 375.665740967, -62.0704078674, 75.5327987671, 41.7233886719, 12.5829763412, 22.4872989655, 16.5252761841, 6.62356996536, -1.36957359314, 35.096786499, 8.01290416718], [-146.43057251, 167.783721924, -62.0704078674, 176.901168823, -9.92657470703, 45.7984085083, 17.9117851257, -10.5510902405, 0.538191914558, 7.89155578613, -5.53459835052, 6.34120464325, 6.01909685135], [-45.1089515686, 17.925535202, 75.5327987671, -9.92657470703, 140.95513916, 28.230424881, 41.380065918, 8.00317001343, 16.7248630524, 0.388284385204, 1.56202352047, 21.625629425, 5.28206777573], [10.4983634949, -10.3756818771, 41.7233886719, 45.7984085083, 28.230424881, 157.723632813, 44.7249412537, 51.0160865784, 40.8728141785, 15.410326004, 7.98626089096, 34.551574707, 11.7120857239], [-166.84552002, 74.8014297485, 12.5829763412, 17.9117851257, 41.380065918, 44.7249412537, 124.247520447, 33.5923728943, 14.2376031876, 16.2881374359, -7.06354618073, -2.33778595924, 19.0030899048], [38.4230651855, -15.7465620041, 22.4872989655, -10.5510902405, 8.00317001343, 51.0160865784, 33.5923728943, 106.622207642, 49.7653961182, 17.0217323303, 16.8360824585, 8.40144634247, -6.0310087204], [-56.2325286865, 59.8892593384, 16.5252761841, 0.538191914558, 16.7248630524, 40.8728141785, 14.2376031876, 49.7653961182, 108.158927917, 25.4825611115, 1.46463739872, 23.6871032715, 10.1843223572], [-56.9371871948, 32.4012451172, 6.62356996536, 7.89155578613, 0.388284385204, 15.410326004, 16.2881374359, 17.0217323303, 25.4825611115, 65.1809997559, 21.31772995, -2.64475154877, -0.506374597549], [2.10265374184, 22.4783363342, -1.36957359314, -5.53459835052, 1.56202352047, 7.98626089096, -7.06354618073, 16.8360824585, 1.46463739872, 21.31772995, 68.3325119019, 9.0517911911, -11.3112945557], [12.7353429794, -10.1432781219, 35.096786499, 6.34120464325, 21.625629425, 34.551574707, -2.33778595924, 8.40144634247, 23.6871032715, -2.64475154877, 9.0517911911, 69.5872879028, 13.8724555969], [-107.040794373, 43.9052886963, 8.01290416718, 6.01909685135, 5.28206777573, 11.7120857239, 19.0030899048, -6.0310087204, 10.1843223572, -0.506374597549, -11.3112945557, 13.8724555969, 73.5380630493]],
        "icov": [[0.000637538614683, 0.000571615761146, -0.000444178906037, -0.00027192971902, 0.000189665850485, 2.19976882363e-005, 0.000466989469714, -0.000231991143664, -7.85291340435e-005, 0.000398267584387, -0.00021050721989, 0.000168835002114, 0.000449929531896], [0.000571615761146, 0.00186060753185, 0.000888757756911, -0.00115485896822, -0.000539295608178, 0.000568987918086, -0.000278333202004, 0.000234294682741, -0.00114892970305, 0.000282308465103, -0.000990285654552, 0.000257835257798, -0.000281786633423], [-0.000444178906037, 0.000888757756911, 0.00495580071583, 0.000696829578374, -0.00238606263883, -0.000373733579181, -0.00049010530347, 0.000173164153239, -0.000328191032168, -0.00125200476032, 0.000258734216914, -0.00121328677051, -0.00109693326522], [-0.00027192971902, -0.00115485896822, 0.000696829578374, 0.00791066791862, 0.000886527996045, -0.00323004857637, -0.00045473294449, 0.00172700011171, 0.00109262869228, -0.00120666367002, 0.00146801967639, -0.0007940348587, 0.00049613264855], [0.000189665850485, -0.000539295608178, -0.00238606263883, 0.000886527996045, 0.00988142937422, -0.000607181806117, -0.0031879991293, 0.00149970245548, -0.000891803880222, 0.0015432513319, -0.000616560922936, -0.00190852792002, 0.00151856581215], [2.19976882363e-005, 0.000568987918086, -0.000373733579181, -0.00323004857637, -0.000607181806117, 0.0104805817828, -0.00227847951464, -0.00341388233937, -0.00133511656895, -0.000282853579847, -0.000577753642574, -0.00348572409712, -0.00056772120297], [0.000466989469714, -0.000278333202004, -0.00049010530347, -0.00045473294449, -0.0031879991293, -0.00227847951464, 0.012644005008, -0.00428169872612, 0.00240564718843, -0.00259436713532, 0.00275537790731, 0.00244455551729, -0.00247844960541], [-0.000231991143664, 0.000234294682741, 0.000173164153239, 0.00172700011171, 0.00149970245548, -0.00341388233937, -0.00428169872612, 0.016162795946, -0.00684377364814, 0.0011622060556, -0.00400658743456, 0.00140101031866, 0.00230542337522], [-7.85291340435e-005, -0.00114892970305, -0.000328191032168, 0.00109262869228, -0.000891803880222, -0.00133511656895, 0.00240564718843, -0.00684377364814, 0.015695521608, -0.00584977911785, 0.00442391913384, -0.00415354175493, -0.00113819947001], [0.000398267584387, 0.000282308465103, -0.00125200476032, -0.00120666367002, 0.0015432513319, -0.000282853579847, -0.00259436713532, 0.0011622060556, -0.00584977911785, 0.0211972594261, -0.00772076845169, 0.00386741291732, 0.000385244988138], [-0.00021050721989, -0.000990285654552, 0.000258734216914, 0.00146801967639, -0.000616560922936, -0.000577753642574, 0.00275537790731, -0.00400658743456, 0.00442391913384, -0.00772076845169, 0.0197020489722, -0.00415191473439, 0.00238004955463], [0.000168835002114, 0.000257835257798, -0.00121328677051, -0.0007940348587, -0.00190852792002, -0.00348572409712, 0.00244455551729, 0.00140101031866, -0.00415354175493, 0.00386741291732, -0.00415191473439, 0.0200685914606, -0.00335812661797], [0.000449929531896, -0.000281786633423, -0.00109693326522, 0.00049613264855, 0.00151856581215, -0.00056772120297, -0.00247844960541, 0.00230542337522, -0.00113819947001, 0.000385244988138, 0.00238004955463, -0.00335812661797, 0.0164711996913]]
    },
    "spectral_contrast_coeffs": {
        "mean": [-0.668036222458, -0.724728345871, -0.747933387756, -0.779151320457, -0.776808142662, -0.736252069473],
        "var": [0.00409485120326, 0.00614530732855, 0.00275146425702, 0.00175754842348, 0.00171717780177, 0.00222612847574]
    },
    "spectral_contrast_valleys": {
        "mean": [-6.07735443115, -7.48832464218, -8.19197940826, -8.65520954132, -8.93199157715, -12.115571022],
        "var": [0.948394954205, 0.893500030041, 0.865760147572, 0.884774446487, 1.09145927429, 1.94800591469]
    }
},
"metadata": {
    "audio_properties": {
        "analysis_sample_rate": 44100,
        "bit_rate": 103888,
        "equal_loudness": 0,
        "length": 45.0612258911,
        "lossless": 0,
        "replay_gain": -3.05327606201,
        "sample_rate": 44100,
        "codec": "mp3",
        "downmix": "mix",
        "md5_encoded": "d6cc3167544f09c2689324bc712010a1"
    },
    "tags": {
        "file_name": "3.mp3"
    },
    "version": {
        "essentia": "2.1-beta2",
        "essentia_git_sha": "v2.1_beta2",
        "extractor": "music 1.0"
    }
},
"rhythm": {
    "beats_count": 72,
    "beats_loudness": {
        "mean": 0.163859784603,
        "var": 0.0287458170205
    },
    "bpm": 96.081413269,
    "bpm_histogram_first_peak_bpm": {
        "mean": 96,
        "var": 0
    },
    "bpm_histogram_first_peak_spread": {
        "mean": 0.238805964589,
        "var": 0
    },
    "bpm_histogram_first_peak_weight": {
        "mean": 0.718309879303,
        "var": 0
    },
    "bpm_histogram_second_peak_bpm": {
        "mean": 103,
        "var": 0
    },
    "bpm_histogram_second_peak_spread": {
        "mean": 0.25,
        "var": 0
    },
    "bpm_histogram_second_peak_weight": {
        "mean": 0.0422535203397,
        "var": 0
    },
    "danceability": 0.838701784611,
    "onset_rate": 2.95020961761,
    "beats_loudness_band_ratio": {
        "mean": [0.888405740261, 0.0925285294652, 0.0136648034677, 0.0144711695611, 0.00662359502167, 0.00812404509634],
        "var": [0.0177228488028, 0.0114256562665, 0.000383136823075, 0.000323298503645, 0.000122888726764, 0.000221833193791]
    },
    "beats_position": [0.568888902664, 1.14938771725, 1.71827661991, 2.29877543449, 2.87927436829, 3.49460315704, 4.1099319458, 4.72526073456, 5.36380958557, 5.99074840546, 6.6176867485, 7.24462556839, 7.87156438828, 8.48689365387, 9.10222244263, 9.72916126251, 10.3560991287, 10.9830379486, 11.6099767685, 12.2369155884, 12.8638544083, 13.4907932281, 14.117732048, 14.7330608368, 15.3599996567, 15.9869384766, 16.6138763428, 17.2408161163, 17.8677539825, 18.483083725, 19.1100215912, 19.7369613647, 20.363899231, 20.9908390045, 21.6177768707, 22.2331066132, 22.8484344482, 23.4753742218, 24.102312088, 24.7292518616, 25.3561897278, 25.9831295013, 26.6100673676, 27.2370071411, 27.8639450073, 28.4908847809, 29.1178226471, 29.7331504822, 30.3484802246, 30.9754180908, 31.6023578644, 32.2292976379, 32.8562355042, 33.4831733704, 34.1101112366, 34.7370529175, 35.3639907837, 35.9909286499, 36.6178665161, 37.244808197, 37.8601341248, 38.4754638672, 39.1024017334, 39.7293434143, 40.3562812805, 40.9832191467, 41.6101570129, 42.2370948792, 42.8640365601, 43.4793624878, 44.0946922302, 44.7216300964]
},
"tonal": {
    "chords_changes_rate": 0.0483539104462,
    "chords_number_rate": 0.00925925932825,
    "chords_strength": {
        "mean": 0.46530637145,
        "var": 0.010878729634
    },
    "hpcp_entropy": {
        "mean": 2.01102685928,
        "var": 0.287048786879
    },
    "key_strength": 0.748154222965,
    "tuning_diatonic_strength": 0.504237294197,
    "tuning_equal_tempered_deviation": 0.223001673818,
    "tuning_frequency": 434.193115234,
    "tuning_nontempered_energy_ratio": 0.931341588497,
    "hpcp": {
        "mean": [0.247270599008, 0.236518472433, 0.0691356509924, 0.0181769058108, 0.0116535229608, 0.0195805784315, 0.0750003531575, 0.104758925736, 0.0871125534177, 0.134009510279, 0.1158118397, 0.0334455519915, 0.0196728613228, 0.0206986088306, 0.0234882570803, 0.0686800926924, 0.098949238658, 0.0585304684937, 0.0384273082018, 0.0484251864254, 0.0603895820677, 0.203146323562, 0.306389778852, 0.29643034935, 0.31631976366, 0.167463496327, 0.0106515986845, 0.00965602509677, 0.0159917380661, 0.0341303981841, 0.145007252693, 0.178593531251, 0.0754691511393, 0.0396615825593, 0.0400576926768, 0.0848928391933],
        "var": [0.154107734561, 0.144611179829, 0.0230326186866, 0.00937595684081, 0.00520569132641, 0.00407860334963, 0.0196070335805, 0.0351151227951, 0.0249823853374, 0.0896321833134, 0.0719334483147, 0.00971306301653, 0.00889175757766, 0.0108862733468, 0.0113852340728, 0.0346472524107, 0.0690018832684, 0.0221092142165, 0.0159017443657, 0.0261305291206, 0.0241151489317, 0.0695363506675, 0.157805874944, 0.130805879831, 0.160925239325, 0.0542746633291, 0.00191941612866, 0.000980929355137, 0.00399807840586, 0.0073585123755, 0.0780607163906, 0.117464847863, 0.0240669511259, 0.0139946611598, 0.0142859481275, 0.0268043819815]
    },
    "chords_histogram": [10.6995887756, 16.6666660309, 28.1893005371, 7.61316871643, 0, 3.70370364189, 0, 6.79012346268, 0, 16.563785553, 0, 0.308641970158, 0, 0, 0, 0, 6.68724298477, 0, 0, 0, 0, 0.925925910473, 1.85185182095, 0],
    "thpcp": [1, 0.529412031174, 0.033673517406, 0.0305261518806, 0.0505556091666, 0.107898406684, 0.458419829607, 0.564598083496, 0.23858499527, 0.12538446486, 0.126636698842, 0.268376648426, 0.781710863113, 0.747719526291, 0.218562543392, 0.0574637055397, 0.0368409566581, 0.0619012154639, 0.23710295558, 0.3311804533, 0.27539396286, 0.423652023077, 0.366122692823, 0.10573336482, 0.0621929578483, 0.0654357150197, 0.0742547884583, 0.217122361064, 0.312813967466, 0.185035765171, 0.121482476592, 0.153089344501, 0.190913081169, 0.642218232155, 0.968607783318, 0.93712246418],
    "chords_key": "E",
    "chords_scale": "minor",
    "key_key": "A",
    "key_scale": "minor"
}
}