{
"lowlevel": {
    "average_loudness": 0.697902739048,
    "barkbands_crest": {
        "mean": 10.2187366486,
        "var": 24.2530345917
    },
    "barkbands_flatness_db": {
        "mean": 0.139589428902,
        "var": 0.00205567339435
    },
    "barkbands_kurtosis": {
        "mean": 4.44851350784,
        "var": 164.12310791
    },
    "barkbands_skewness": {
        "mean": 1.50909650326,
        "var": 1.73813724518
    },
    "barkbands_spread": {
        "mean": 21.9762172699,
        "var": 124.899909973
    },
    "dissonance": {
        "mean": 0.470454126596,
        "var": 0.000624769891147
    },
    "dynamic_complexity": 2.59417557716,
    "erbbands_crest": {
        "mean": 8.95243740082,
        "var": 31.11054039
    },
    "erbbands_flatness_db": {
        "mean": 0.170060545206,
        "var": 0.00163474283181
    },
    "erbbands_kurtosis": {
        "mean": 0.552474796772,
        "var": 10.487745285
    },
    "erbbands_skewness": {
        "mean": 0.371999889612,
        "var": 0.754388093948
    },
    "erbbands_spread": {
        "mean": 40.701751709,
        "var": 328.106994629
    },
    "hfc": {
        "mean": 17.9654808044,
        "var": 225.846817017
    },
    "melbands_crest": {
        "mean": 13.008928299,
        "var": 21.4582805634
    },
    "melbands_flatness_db": {
        "mean": 0.171460211277,
        "var": 0.0031532633584
    },
    "melbands_kurtosis": {
        "mean": 11.8590650558,
        "var": 293.790374756
    },
    "melbands_skewness": {
        "mean": 2.49040436745,
        "var": 2.21677875519
    },
    "melbands_spread": {
        "mean": 24.5885620117,
        "var": 207.676986694
    },
    "pitch_salience": {
        "mean": 0.584871351719,
        "var": 0.0132349701598
    },
    "silence_rate_20dB": {
        "mean": 1,
        "var": 0
    },
    "silence_rate_30dB": {
        "mean": 0.989706635475,
        "var": 0.0101875308901
    },
    "silence_rate_60dB": {
        "mean": 0.00257334019989,
        "var": 0.0025667718146
    },
    "spectral_centroid": {
        "mean": 1417.17858887,
        "var": 409141.4375
    },
    "spectral_complexity": {
        "mean": 19.1806488037,
        "var": 40.5091743469
    },
    "spectral_decrease": {
        "mean": -5.57188872818e-009,
        "var": 2.35005767426e-017
    },
    "spectral_energy": {
        "mean": 0.0226591136307,
        "var": 0.000377929740353
    },
    "spectral_energyband_high": {
        "mean": 0.000538447173312,
        "var": 1.07757053058e-007
    },
    "spectral_energyband_low": {
        "mean": 0.00224724458531,
        "var": 2.98645068142e-006
    },
    "spectral_energyband_middle_high": {
        "mean": 0.00560874538496,
        "var": 4.71098901471e-005
    },
    "spectral_energyband_middle_low": {
        "mean": 0.0150435743853,
        "var": 0.000299526756862
    },
    "spectral_entropy": {
        "mean": 7.62218570709,
        "var": 0.123943641782
    },
    "spectral_flux": {
        "mean": 0.0778740793467,
        "var": 0.00170833070297
    },
    "spectral_kurtosis": {
        "mean": 3.26780581474,
        "var": 5.77375507355
    },
    "spectral_rms": {
        "mean": 0.00439966563135,
        "var": 2.74937701761e-006
    },
    "spectral_rolloff": {
        "mean": 1538.37670898,
        "var": 1448836.5
    },
    "spectral_skewness": {
        "mean": 1.21844089031,
        "var": 0.152610838413
    },
    "spectral_spread": {
        "mean": 4048926.5,
        "var": 1.84919772365e+012
    },
    "spectral_strongpeak": {
        "mean": 1.29069387913,
        "var": 2.54270505905
    },
    "zerocrossingrate": {
        "mean": 0.0616649203002,
        "var": 0.000929164118133
    },
    "barkbands": {
        "mean": [4.17755545641e-005, 0.000420418247813, 0.00105908431578, 0.00210341950879, 0.00560396397486, 0.00205683032982, 0.000776729197241, 0.000946210755501, 0.00340100820176, 0.000494265113957, 0.00132909405511, 0.000611414026935, 0.000820039480459, 0.000802463444415, 0.000401688157581, 0.000316494551953, 0.000307084002998, 0.000219613662921, 0.000234163948335, 0.000298100028886, 0.000192588500795, 6.27243498457e-005, 7.95062442194e-005, 6.47531123832e-005, 1.22391256809e-005, 3.43186707141e-006, 2.12574011726e-008],
        "var": [1.88947950619e-008, 4.56086070244e-007, 9.67045934885e-007, 1.21392768051e-005, 3.77189353458e-005, 1.54275421664e-005, 2.54187625615e-006, 2.15469081013e-005, 0.000150029998622, 1.1954070942e-006, 1.04576629383e-005, 2.07342645808e-006, 3.66738163393e-006, 3.00988199342e-006, 5.19391960552e-007, 1.26155228486e-007, 1.71874319221e-007, 6.83747884977e-008, 3.2020025742e-008, 5.69249678506e-008, 1.31014417093e-008, 2.07815320508e-009, 5.82926018566e-009, 5.41590416958e-009, 2.29476396219e-010, 5.8804877634e-011, 8.52748979692e-015]
    },
    "erbbands": {
        "mean": [0.0071690864861, 0.127745226026, 1.04422175884, 3.99069499969, 9.93459033966, 25.9772548676, 16.3131465912, 19.110086441, 11.7591562271, 12.9885425568, 33.8771476746, 87.8076553345, 26.4098854065, 27.2109260559, 52.1886444092, 27.6172351837, 42.480922699, 29.4988365173, 38.628452301, 21.13671875, 17.0987930298, 15.9927682877, 10.9339017868, 13.6459417343, 12.6397275925, 13.6683473587, 9.41390037537, 5.97288179398, 2.51921677589, 2.08612656593, 2.24250483513, 1.65104854107, 0.838338553905, 0.225529909134, 0.0577127374709, 0.0222401488572, 0.00485181715339, 0.000320323568303, 2.1117291908e-005, 2.77857106994e-005],
        "var": [0.00023329265241, 0.0303422193974, 0.899091362953, 24.7467403412, 281.52835083, 989.38684082, 329.815887451, 1587.40649414, 761.192077637, 576.290771484, 21030.6445313, 127488.4375, 3360.79711914, 2794.3762207, 15841.6181641, 3592.80151367, 9918.38867188, 3444.64086914, 7000.70263672, 1191.17370605, 267.041748047, 341.326507568, 170.685043335, 124.289794922, 90.5582351685, 115.304702759, 37.2530326843, 13.9716396332, 3.00814580917, 3.56024909019, 5.25253391266, 3.41645693779, 0.992941915989, 0.0588855594397, 0.0062297899276, 0.0019698748365, 0.000146510705235, 7.5684465628e-007, 4.67334837495e-010, 5.0427029219e-010]
    },
    "gfcc": {
        "mean": [-3.85357284546, 100.663459778, -143.145751953, 42.3652267456, -73.6561584473, 6.83191585541, -44.8807945251, -5.19686555862, -34.0528526306, -10.5177021027, -16.882314682, -11.766623497, -5.38781738281],
        "cov": [[3631.01538086, -12.8992986679, -566.720397949, -55.0467987061, -218.211517334, 231.873977661, -70.7403869629, 41.8764953613, -89.877784729, -1.93871247768, -19.2275886536, -30.3574581146, -88.0381164551], [-12.8992986679, 555.334106445, -33.0471305847, -110.269271851, 89.067489624, -170.642562866, 56.0340957642, -84.0906295776, 31.8400325775, -20.1062755585, 25.7359752655, -55.0913162231, 56.9511604309], [-566.720397949, -33.0471305847, 457.190612793, 92.0655517578, -35.7840766907, -68.9796295166, -72.9920349121, 37.5212516785, -10.7635192871, 24.7711200714, -20.8956356049, 51.1935195923, -4.33041954041], [-55.0467987061, -110.269271851, 92.0655517578, 262.877410889, -16.9354400635, 35.1196670532, -40.38123703, 30.9578418732, 22.1856594086, 6.02041530609, 8.47559261322, 20.5889663696, 14.6220579147], [-218.211517334, 89.067489624, -35.7840766907, -16.9354400635, 188.902145386, 16.1741523743, 36.546131134, -32.8788032532, 0.396681159735, 29.6536216736, 7.48532772064, 17.4681682587, 20.1090068817], [231.873977661, -170.642562866, -68.9796295166, 35.1196670532, 16.1741523743, 199.978302002, 48.7370033264, 33.5504570007, -9.39638805389, 16.1011505127, 28.1533164978, 21.1158027649, -23.1381568909], [-70.7403869629, 56.0340957642, -72.9920349121, -40.38123703, 36.546131134, 48.7370033264, 155.983627319, 51.780128479, 34.7000808716, 5.06623888016, 5.25959205627, -11.7122373581, -0.0451742298901], [41.8764953613, -84.0906295776, 37.5212516785, 30.9578418732, -32.8788032532, 33.5504570007, 51.780128479, 121.387260437, 46.468372345, 18.2413253784, -22.053276062, 4.60212135315, -12.0253686905], [-89.877784729, 31.8400325775, -10.7635192871, 22.1856594086, 0.396681159735, -9.39638805389, 34.7000808716, 46.468372345, 92.5156402588, 16.1059932709, 4.59257221222, -21.6519794464, 4.82970714569], [-1.93871247768, -20.1062755585, 24.7711200714, 6.02041530609, 29.6536216736, 16.1011505127, 5.06623888016, 18.2413253784, 16.1059932709, 71.8714675903, 5.68469333649, 18.9525947571, -6.8761138916], [-19.2275886536, 25.7359752655, -20.8956356049, 8.47559261322, 7.48532772064, 28.1533164978, 5.25959205627, -22.053276062, 4.59257221222, 5.68469333649, 67.3577880859, 12.9624977112, 3.52201271057], [-30.3574581146, -55.0913162231, 51.1935195923, 20.5889663696, 17.4681682587, 21.1158027649, -11.7122373581, 4.60212135315, -21.6519794464, 18.9525947571, 12.9624977112, 66.3576049805, 10.4410848618], [-88.0381164551, 56.9511604309, -4.33041954041, 14.6220579147, 20.1090068817, -23.1381568909, -0.0451742298901, -12.0253686905, 4.82970714569, -6.8761138916, 3.52201271057, 10.4410848618, 52.8196144104]],
        "icov": [[0.000894021184649, -0.00186640827451, 0.00169955368619, -0.000375596631784, 0.00166571442969, -0.0020974795334, 0.00219613034278, -0.00174107449129, 0.0012225919636, -0.000803086091764, 0.00168810773175, -0.00157964404207, 0.00178170728032], [-0.00186640827451, 0.00886011403054, -0.00417711632326, 0.00176659296267, -0.00512329814956, 0.00837138388306, -0.0074986689724, 0.00575787108392, -0.00287684309296, 0.00164369028062, -0.00685010431334, 0.00717897899449, -0.0070586996153], [0.00169955368619, -0.00417711632326, 0.00657754577696, -0.00183825765271, 0.00349234323949, -0.00270900479518, 0.0054066660814, -0.00508830277249, 0.00306666246615, -0.00211321562529, 0.00384660903364, -0.00588905392215, 0.00506677059457], [-0.000375596631784, 0.00176659296267, -0.00183825765271, 0.00554097723216, -0.00108041462954, -0.000264951930149, 0.000787325203419, -6.60240548314e-005, -0.00237738224678, 0.00108365598135, -0.00190189969726, 0.00137793598697, -0.00372163485736], [0.00166571442969, -0.00512329814956, 0.00349234323949, -0.00108041462954, 0.0113667706028, -0.00601171888411, 0.00208036764525, 0.000924274499994, 0.00107625662349, -0.00506946537644, 0.00652184244245, -0.00645066378638, 0.00221897056326], [-0.0020974795334, 0.00837138388306, -0.00270900479518, -0.000264951930149, -0.00601171888411, 0.0165319461375, -0.00931932777166, 0.00262370938435, 0.000266530463705, 0.00123004626948, -0.0101648941636, 0.00480170082301, -0.00268650311045], [0.00219613034278, -0.0074986689724, 0.0054066660814, 0.000787325203419, 0.00208036764525, -0.00931932777166, 0.0183699075133, -0.0119571443647, 0.0020232074894, -0.000278820516542, 0.00377242197283, -0.00388096575625, 0.00468429690227], [-0.00174107449129, 0.00575787108392, -0.00508830277249, -6.60240548314e-005, 0.000924274499994, 0.00262370938435, -0.0119571443647, 0.0244609098881, -0.0121358791366, -0.00051560474094, 0.0047194682993, -0.00135024799965, -0.00215812213719], [0.0012225919636, -0.00287684309296, 0.00306666246615, -0.00237738224678, 0.00107625662349, 0.000266530463705, 0.0020232074894, -0.0121358791366, 0.0222391076386, -0.00586323952302, -0.00402858341113, 0.00724316574633, -0.000964954262599], [-0.000803086091764, 0.00164369028062, -0.00211321562529, 0.00108365598135, -0.00506946537644, 0.00123004626948, -0.000278820516542, -0.00051560474094, -0.00586323952302, 0.019886828959, -0.00233610533178, -0.00437407754362, 0.00291257491335], [0.00168810773175, -0.00685010431334, 0.00384660903364, -0.00190189969726, 0.00652184244245, -0.0101648941636, 0.00377242197283, 0.0047194682993, -0.00402858341113, -0.00233610533178, 0.0266677942127, -0.0122185628861, 0.00588474003598], [-0.00157964404207, 0.00717897899449, -0.00588905392215, 0.00137793598697, -0.00645066378638, 0.00480170082301, -0.00388096575625, -0.00135024799965, 0.00724316574633, -0.00437407754362, -0.0122185628861, 0.0321671701968, -0.0137647585943], [0.00178170728032, -0.0070586996153, 0.00506677059457, -0.00372163485736, 0.00221897056326, -0.00268650311045, 0.00468429690227, -0.00215812213719, -0.000964954262599, 0.00291257491335, 0.00588474003598, -0.0137647585943, 0.0312455222011]]
    },
    "melbands": {
        "mean": [9.10060698516e-005, 0.000407791085308, 0.000904232088942, 0.0012360077817, 0.000782066432294, 0.000410889711929, 0.000172336178366, 0.000141629032441, 0.000335015938617, 0.000529806187842, 0.000107349580503, 9.45063002291e-005, 0.00019568373682, 7.79213951319e-005, 7.81385315349e-005, 8.05094168754e-005, 5.16541404068e-005, 7.40422692616e-005, 2.7594724088e-005, 2.36218602367e-005, 2.01980165002e-005, 1.71044666786e-005, 1.29810605358e-005, 9.61478144745e-006, 1.1364243619e-005, 8.25547158456e-006, 1.11931231004e-005, 8.31802117318e-006, 5.9876629166e-006, 4.75212436868e-006, 3.0152200452e-006, 1.51486347022e-006, 9.21602747894e-007, 1.28699343804e-006, 1.3188991943e-006, 1.17292711366e-006, 9.57669499257e-007, 6.30857812212e-007, 3.46027690057e-007, 1.44099402632e-007],
        "var": [2.6012754617e-008, 1.49605781985e-007, 1.88108106158e-006, 1.70593602888e-006, 7.36653873901e-007, 7.16828878922e-007, 1.5129977271e-007, 1.10313614243e-007, 1.8136449853e-006, 4.61406489194e-006, 5.45651239747e-008, 4.07880307307e-008, 2.41058813799e-007, 3.04148279895e-008, 2.59362966659e-008, 3.35296732601e-008, 1.26216699314e-008, 3.08853103093e-008, 2.75406075723e-009, 1.13031606297e-009, 4.46507941732e-010, 4.0617609276e-010, 4.21081114421e-010, 1.44210157704e-010, 8.60796295354e-011, 4.83401617346e-011, 9.4414025209e-011, 4.44328254745e-011, 1.95060599617e-011, 9.04618914499e-012, 4.52035544413e-012, 1.18163313335e-012, 7.90166597518e-013, 1.59154612232e-012, 2.09761201464e-012, 1.59592890119e-012, 1.44991820199e-012, 6.53286073241e-013, 1.57294289356e-013, 2.78244021248e-014]
    },
    "mfcc": {
        "mean": [-629.246459961, 113.988548279, -10.7426538467, 25.7373600006, -5.99572324753, 2.07108402252, -2.50100779533, -5.59434509277, -9.60869884491, -2.52646398544, -17.7117767334, -4.97597932816, -10.1943969727],
        "cov": [[1780.33398438, -213.233688354, -240.033035278, -266.165466309, -70.4856719971, 67.5004196167, 62.4576187134, 76.777015686, -45.6513710022, 81.8851089478, 38.2805938721, 50.6345329285, -39.0028457642], [-213.233688354, 688.179931641, -133.607681274, 46.9957427979, -30.6466808319, -36.6379013062, -8.71766662598, -93.5704650879, 22.5518360138, -68.2730560303, 29.8458023071, -0.0083576394245, -28.8145771027], [-240.033035278, -133.607681274, 412.319519043, 91.8552322388, 23.2032299042, -59.3755226135, -49.1703834534, 11.4669151306, -20.1689414978, -1.22350680828, -21.399433136, -16.5871944427, 35.7964553833], [-266.165466309, 46.9957427979, 91.8552322388, 196.005508423, 45.2279472351, -21.6696109772, -34.2881698608, -18.2080097198, 34.2700271606, -5.42806005478, -20.894618988, -12.1607561111, 29.0004501343], [-70.4856719971, -30.6466808319, 23.2032299042, 45.2279472351, 121.995758057, 40.9552536011, -7.02373123169, -14.9399366379, -14.8106451035, -8.00918579102, -13.7801542282, -7.1897110939, 15.1129522324], [67.5004196167, -36.6379013062, -59.3755226135, -21.6696109772, 40.9552536011, 117.744995117, 58.240776062, 10.7243413925, -11.6378126144, 2.80563855171, 7.5432806015, 12.6676750183, 8.00784683228], [62.4576187134, -8.71766662598, -49.1703834534, -34.2881698608, -7.02373123169, 58.240776062, 101.180198669, 39.9530029297, 7.48758935928, 4.25126791, 12.5028333664, 18.9692630768, 2.81036162376], [76.777015686, -93.5704650879, 11.4669151306, -18.2080097198, -14.9399366379, 10.7243413925, 39.9530029297, 95.9519577026, 30.2545318604, 37.3310585022, 10.3599214554, 17.3676948547, 6.42408847809], [-45.6513710022, 22.5518360138, -20.1689414978, 34.2700271606, -14.8106451035, -11.6378126144, 7.48758935928, 30.2545318604, 102.077041626, 44.1128234863, 17.8249511719, 6.11058092117, 10.3849782944], [81.8851089478, -68.2730560303, -1.22350680828, -5.42806005478, -8.00918579102, 2.80563855171, 4.25126791, 37.3310585022, 44.1128234863, 87.494644165, 31.3341464996, 18.5559196472, 2.3342051506], [38.2805938721, 29.8458023071, -21.399433136, -20.894618988, -13.7801542282, 7.5432806015, 12.5028333664, 10.3599214554, 17.8249511719, 31.3341464996, 71.2670669556, 31.9884548187, -0.186619669199], [50.6345329285, -0.0083576394245, -16.5871944427, -12.1607561111, -7.1897110939, 12.6676750183, 18.9692630768, 17.3676948547, 6.11058092117, 18.5559196472, 31.9884548187, 58.2301445007, 16.8552131653], [-39.0028457642, -28.8145771027, 35.7964553833, 29.0004501343, 15.1129522324, 8.00784683228, 2.81036162376, 6.42408847809, 10.3849782944, 2.3342051506, -0.186619669199, 16.8552131653, 57.5792541504]],
        "icov": [[0.000809215882327, 0.000136250862852, 0.000374908966478, 0.000708784151357, 0.000209258054383, -0.000140600895975, 0.000167370162671, -0.000298655650113, 0.000560988846701, -0.000759470975026, 0.000232446123846, -0.000313437281875, 3.81599202228e-005], [0.000136250862852, 0.0023863890674, 0.000731789390557, -0.000781123933848, 0.000373666814994, 0.000897118705325, -0.000800242181867, 0.00200286577456, -0.00115277024452, 0.00214840145782, -0.00167803850491, -0.000514006998856, 0.00108359951992], [0.000374908966478, 0.000731789390557, 0.0038373414427, -0.00139536545612, -0.000142750388477, 0.00195813016035, 0.000360457721399, -0.00123822991736, 0.00221329554915, -0.000409009924624, -0.000783753406722, 0.00116344820708, -0.00190270890016], [0.000708784151357, -0.000781123933848, -0.00139536545612, 0.00905035994947, -0.0026721523609, 0.000168467246112, 0.0014209948713, 0.000729706604034, -0.00355534558184, -0.000315124198096, 0.00249380874448, -0.000403327780077, -0.00229428778403], [0.000209258054383, 0.000373666814994, -0.000142750388477, -0.0026721523609, 0.0121764503419, -0.00605458579957, 0.00267076655291, 0.000639476114884, 0.00172819709405, -0.000443753146101, 0.000661630416289, 0.000971857400145, -0.00136834639125], [-0.000140600895975, 0.000897118705325, 0.00195813016035, 0.000168467246112, -0.00605458579957, 0.01709411107, -0.00984513573349, 0.00204521697015, 0.00222273357213, -0.00127910892479, -0.00135800905991, 0.000326217443217, -0.0019332888769], [0.000167370162671, -0.000800242181867, 0.000360457721399, 0.0014209948713, 0.00267076655291, -0.00984513573349, 0.0197378881276, -0.00790774915367, -0.00135710055474, 0.00350979878567, -0.000171985011548, -0.00226369872689, 0.000124788304674], [-0.000298655650113, 0.00200286577456, -0.00123822991736, 0.000729706604034, 0.000639476114884, 0.00204521697015, -0.00790774915367, 0.0192182138562, -0.00446324469522, -0.00371866952628, 0.00177735998295, -0.00302835693583, 0.000839778687805], [0.000560988846701, -0.00115277024452, 0.00221329554915, -0.00355534558184, 0.00172819709405, 0.00222273357213, -0.00135710055474, -0.00446324469522, 0.0181386042386, -0.00883894599974, -0.00160676985979, 0.00386574817821, -0.00403069052845], [-0.000759470975026, 0.00214840145782, -0.000409009924624, -0.000315124198096, -0.000443753146101, -0.00127910892479, 0.00350979878567, -0.00371866952628, -0.00883894599974, 0.0227628946304, -0.0074474462308, -0.00239521032199, 0.00286004273221], [0.000232446123846, -0.00167803850491, -0.000783753406722, 0.00249380874448, 0.000661630416289, -0.00135800905991, -0.000171985011548, 0.00177735998295, -0.00160676985979, -0.0074474462308, 0.0238843932748, -0.0112577015534, 0.00233881920576], [-0.000313437281875, -0.000514006998856, 0.00116344820708, -0.000403327780077, 0.000971857400145, 0.000326217443217, -0.00226369872689, -0.00302835693583, 0.00386574817821, -0.00239521032199, -0.0112577015534, 0.0287921596318, -0.00990676041692], [3.81599202228e-005, 0.00108359951992, -0.00190270890016, -0.00229428778403, -0.00136834639125, -0.0019332888769, 0.000124788304674, 0.000839778687805, -0.00403069052845, 0.00286004273221, 0.00233881920576, -0.00990676041692, 0.0243207886815]]
    },
    "spectral_contrast_coeffs": {
        "mean": [-0.546860933304, -0.739111721516, -0.756951332092, -0.782923281193, -0.801019489765, -0.718847990036],
        "var": [0.00800438411534, 0.0041939127259, 0.00603182055056, 0.00356542086229, 0.000925312459003, 0.00110735394992]
    },
    "spectral_contrast_valleys": {
        "mean": [-7.74666500092, -6.67331981659, -7.16147613525, -7.48304462433, -7.16851806641, -10.3654117584],
        "var": [0.940861999989, 0.847131729126, 0.781760513783, 0.734444260597, 0.720079898834, 0.73881649971]
    }
},
"metadata": {
    "audio_properties": {
        "analysis_sample_rate": 44100,
        "bit_rate": 106634,
        "equal_loudness": 0,
        "length": 45.0873451233,
        "lossless": 0,
        "replay_gain": -10.6898708344,
        "sample_rate": 44100,
        "codec": "mp3",
        "downmix": "mix",
        "md5_encoded": "10a1b3f3567d791a7e22c9e93c1bb4cc"
    },
    "tags": {
        "file_name": "300.mp3"
    },
    "version": {
        "essentia": "2.1-beta2",
        "essentia_git_sha": "v2.1_beta2",
        "extractor": "music 1.0"
    }
},
"rhythm": {
    "beats_count": 116,
    "beats_loudness": {
        "mean": 0.0263373181224,
        "var": 0.00029710427043
    },
    "bpm": 155.242767334,
    "bpm_histogram_first_peak_bpm": {
        "mean": 157,
        "var": 0
    },
    "bpm_histogram_first_peak_spread": {
        "mean": 0.374999970198,
        "var": 0
    },
    "bpm_histogram_first_peak_weight": {
        "mean": 0.434782594442,
        "var": 0
    },
    "bpm_histogram_second_peak_bpm": {
        "mean": 152,
        "var": 0
    },
    "bpm_histogram_second_peak_spread": {
        "mean": 0.249999985099,
        "var": 0
    },
    "bpm_histogram_second_peak_weight": {
        "mean": 0.182608693838,
        "var": 0
    },
    "danceability": 1.00601351261,
    "onset_rate": 3.34776186943,
    "beats_loudness_band_ratio": {
        "mean": [0.254150599241, 0.336582243443, 0.160998791456, 0.153488814831, 0.0891798660159, 0.0546942539513],
        "var": [0.0259162802249, 0.0402748696506, 0.0255685336888, 0.0252186078578, 0.00599286472425, 0.00167977088131]
    },
    "beats_position": [0.394739210606, 0.801088392735, 1.20743763447, 1.59056687355, 1.97369611263, 2.35682535172, 2.73995471001, 3.12308382988, 3.50621318817, 3.88934230804, 4.28408145905, 4.66721057892, 5.0387301445, 5.39863920212, 5.7701587677, 6.15328788757, 6.53641700745, 6.90793657303, 7.27945566177, 7.65097475052, 8.03410434723, 8.40562343597, 8.77714252472, 9.16027164459, 9.54340076447, 9.92653083801, 10.2980499268, 10.6695690155, 11.0410881042, 11.412607193, 11.7725172043, 12.144036293, 12.5155553818, 12.8986845016, 13.2818136215, 13.6533327103, 14.0248527527, 14.3963718414, 14.7795009613, 15.1742401123, 15.5573692322, 15.9404983521, 16.3236274719, 16.6951465607, 17.0782756805, 17.4614048004, 17.8561439514, 18.2508831024, 18.6456241608, 19.0403633118, 19.4118824005, 19.7834014893, 20.1665306091, 20.549659729, 20.9327888489, 21.3159179688, 21.7106571198, 22.1053962708, 22.5117454529, 22.9297046661, 23.3592739105, 23.7424030304, 24.1255321503, 24.497051239, 24.8685703278, 25.2400894165, 25.6232185364, 26.0063495636, 26.3894786835, 26.7726078033, 27.1557369232, 27.527256012, 27.9103851318, 28.2819042206, 28.6534233093, 29.0249423981, 29.3964614868, 29.7912006378, 30.1859397888, 30.5806789398, 30.9754180908, 31.3701572418, 31.753288269, 32.1364173889, 32.5195465088, 32.9026756287, 33.2858047485, 33.6689338684, 34.0404510498, 34.4119720459, 34.7951011658, 35.1782302856, 35.572971344, 35.9677085876, 36.362449646, 36.7571868896, 37.151927948, 37.5350570679, 37.9181861877, 38.3013153076, 38.6960525513, 39.0791816711, 39.462310791, 39.8454399109, 40.2401809692, 40.6233100891, 41.006439209, 41.3779602051, 41.7726974487, 42.1906585693, 42.6086158752, 43.0149650574, 43.4213142395, 43.8276634216, 44.2340126038, 44.6519737244]
},
"tonal": {
    "chords_changes_rate": 0.0730452686548,
    "chords_number_rate": 0.0102880662307,
    "chords_strength": {
        "mean": 0.513129353523,
        "var": 0.00538861518726
    },
    "hpcp_entropy": {
        "mean": 2.2747964859,
        "var": 0.577949166298
    },
    "key_strength": 0.790360987186,
    "tuning_diatonic_strength": 0.641518354416,
    "tuning_equal_tempered_deviation": 0.105961874127,
    "tuning_frequency": 444.598632813,
    "tuning_nontempered_energy_ratio": 0.751254737377,
    "hpcp": {
        "mean": [0.220795676112, 0.12416921556, 0.0773201882839, 0.093055203557, 0.147165983915, 0.403314381838, 0.521608114243, 0.272228598595, 0.100680179894, 0.0705733373761, 0.0606651902199, 0.0828316584229, 0.0974235013127, 0.0944614037871, 0.104904823005, 0.107316099107, 0.102900318801, 0.123343534768, 0.123643018305, 0.128759995103, 0.222855418921, 0.29353120923, 0.245836928487, 0.171854645014, 0.147121265531, 0.143270090222, 0.166225105524, 0.175033941865, 0.117685176432, 0.0728901252151, 0.0590092390776, 0.0663655549288, 0.111325316131, 0.132878869772, 0.136563211679, 0.20785073936],
        "var": [0.0962685272098, 0.0318740233779, 0.0154863009229, 0.0218954868615, 0.0336638353765, 0.107857756317, 0.155366793275, 0.0572016499937, 0.0274740140885, 0.0169873740524, 0.011328346096, 0.0137668903917, 0.0167988575995, 0.0221779830754, 0.0315054953098, 0.0328763052821, 0.0286244414747, 0.0343448296189, 0.0320586226881, 0.0352223515511, 0.0788023099303, 0.104632332921, 0.0880767181516, 0.0644142925739, 0.0676850304008, 0.0597306080163, 0.0518017634749, 0.0455311238766, 0.0301536340266, 0.0178741775453, 0.0143720023334, 0.012031711638, 0.0279807057232, 0.0369458906353, 0.0354039594531, 0.0863828212023]
    },
    "chords_histogram": [39.1975326538, 0, 26.5432090759, 0, 0, 1.54320991039, 0, 0, 0, 0, 1.64609050751, 0, 0.925925910473, 4.83539104462, 0, 1.74897122383, 0, 4.52674913406, 0, 9.25925922394, 4.83539104462, 0, 4.01234579086, 0.925925910473],
    "thpcp": [1, 0.521902561188, 0.193018808961, 0.135299533606, 0.116304151714, 0.158800557256, 0.186775282025, 0.181096494198, 0.201118081808, 0.205740854144, 0.197275146842, 0.236467823386, 0.237041980028, 0.246851980686, 0.427246838808, 0.562742769718, 0.471305787563, 0.329470813274, 0.282053261995, 0.274669975042, 0.31867814064, 0.335565984249, 0.225619912148, 0.139741167426, 0.113129451871, 0.127232596278, 0.213427111506, 0.254748463631, 0.26181191206, 0.398480653763, 0.423298001289, 0.23805077374, 0.148234248161, 0.178400605917, 0.282138973475, 0.773213386536],
    "chords_key": "E",
    "chords_scale": "major",
    "key_key": "E",
    "key_scale": "major"
}
}