{
"lowlevel": {
    "average_loudness": 0.611897468567,
    "barkbands_crest": {
        "mean": 13.0854902267,
        "var": 16.1311912537
    },
    "barkbands_flatness_db": {
        "mean": 0.247627347708,
        "var": 0.00452658440918
    },
    "barkbands_kurtosis": {
        "mean": 17.6116676331,
        "var": 347.23928833
    },
    "barkbands_skewness": {
        "mean": 2.47492146492,
        "var": 3.6994228363
    },
    "barkbands_spread": {
        "mean": 6.21806049347,
        "var": 54.1677894592
    },
    "dissonance": {
        "mean": 0.390856832266,
        "var": 0.00385757815093
    },
    "dynamic_complexity": 3.79190206528,
    "erbbands_crest": {
        "mean": 13.5040121078,
        "var": 36.2061233521
    },
    "erbbands_flatness_db": {
        "mean": 0.23442094028,
        "var": 0.00433131493628
    },
    "erbbands_kurtosis": {
        "mean": 5.43065452576,
        "var": 35.9776496887
    },
    "erbbands_skewness": {
        "mean": 1.37155604362,
        "var": 1.10273885727
    },
    "erbbands_spread": {
        "mean": 21.6553878784,
        "var": 368.826293945
    },
    "hfc": {
        "mean": 9.55466365814,
        "var": 201.735778809
    },
    "melbands_crest": {
        "mean": 17.0941677094,
        "var": 22.0712394714
    },
    "melbands_flatness_db": {
        "mean": 0.337069094181,
        "var": 0.00562323303893
    },
    "melbands_kurtosis": {
        "mean": 26.9320640564,
        "var": 1056.69445801
    },
    "melbands_skewness": {
        "mean": 2.97781324387,
        "var": 5.34402322769
    },
    "melbands_spread": {
        "mean": 7.14214706421,
        "var": 72.393157959
    },
    "pitch_salience": {
        "mean": 0.532628893852,
        "var": 0.0127927148715
    },
    "silence_rate_20dB": {
        "mean": 1,
        "var": 0
    },
    "silence_rate_30dB": {
        "mean": 0.983015954494,
        "var": 0.0166954658926
    },
    "silence_rate_60dB": {
        "mean": 0.0669068470597,
        "var": 0.0624316036701
    },
    "spectral_centroid": {
        "mean": 490.873199463,
        "var": 247600.984375
    },
    "spectral_complexity": {
        "mean": 8.45908355713,
        "var": 12.8175458908
    },
    "spectral_decrease": {
        "mean": -5.29575938657e-009,
        "var": 3.69848565351e-017
    },
    "spectral_energy": {
        "mean": 0.020854042843,
        "var": 0.00058116071159
    },
    "spectral_energyband_high": {
        "mean": 8.40422217152e-005,
        "var": 5.90227848818e-008
    },
    "spectral_energyband_low": {
        "mean": 0.0026931988541,
        "var": 6.46489661449e-006
    },
    "spectral_energyband_middle_high": {
        "mean": 0.00409522047266,
        "var": 0.000158160299179
    },
    "spectral_energyband_middle_low": {
        "mean": 0.0164293367416,
        "var": 0.000378539640224
    },
    "spectral_entropy": {
        "mean": 6.22043132782,
        "var": 0.437098443508
    },
    "spectral_flux": {
        "mean": 0.0514487363398,
        "var": 0.00196842942387
    },
    "spectral_kurtosis": {
        "mean": 19.0304164886,
        "var": 396.232513428
    },
    "spectral_rms": {
        "mean": 0.00401832163334,
        "var": 4.1985167627e-006
    },
    "spectral_rolloff": {
        "mean": 562.067138672,
        "var": 903225.625
    },
    "spectral_skewness": {
        "mean": 3.27075791359,
        "var": 2.01417160034
    },
    "spectral_spread": {
        "mean": 3371927.75,
        "var": 5.77800136294e+012
    },
    "spectral_strongpeak": {
        "mean": 1.18635761738,
        "var": 2.77204108238
    },
    "zerocrossingrate": {
        "mean": 0.0271990001202,
        "var": 0.000669505971018
    },
    "barkbands": {
        "mean": [7.34338173061e-005, 0.000209115576581, 0.00103280157782, 0.00463959435001, 0.00590232061222, 0.0011309213005, 0.000342993851518, 0.00158765248489, 0.00117658916861, 0.0039253057912, 0.000178142901859, 0.000144968507811, 0.000122888013721, 5.43152455066e-005, 0.000120585755212, 3.26319604937e-005, 2.47097777901e-005, 3.21120096487e-005, 2.82166165562e-005, 1.62586402439e-005, 1.00702281998e-005, 1.31681626954e-005, 1.18706884678e-005, 1.32530558403e-005, 1.75374680111e-005, 1.11584859042e-005, 1.44899320276e-006],
        "var": [1.46517304955e-008, 2.19386421918e-007, 1.1049207842e-006, 5.48605676158e-005, 7.38933158573e-005, 1.31308752316e-006, 3.48041851339e-007, 4.62876123493e-005, 1.2434376913e-005, 0.000184250311577, 4.09047743233e-007, 1.58460480293e-007, 6.81007605863e-008, 1.95575236006e-008, 8.23132566552e-008, 1.08539461863e-008, 5.74146641341e-009, 5.85335380165e-009, 2.91879054259e-009, 1.25154386854e-009, 6.96512014731e-010, 1.25263266426e-009, 9.69298974418e-010, 2.62758059755e-009, 5.29557953044e-009, 1.91687399287e-009, 6.51014311903e-011]
    },
    "erbbands": {
        "mean": [0.00156348827295, 0.0803067088127, 1.03089594841, 7.74008846283, 23.0430583954, 17.5136871338, 10.3754463196, 9.48764705658, 5.75154161453, 8.54263401031, 44.5700454712, 31.445476532, 107.368339539, 59.2726974487, 9.32542896271, 6.50173807144, 5.45127916336, 3.94362235069, 6.36808729172, 3.33483934402, 1.48769640923, 1.32121360302, 1.99065732956, 1.08930242062, 1.67651975155, 0.696500957012, 0.419000178576, 0.41684320569, 0.430871367455, 0.440151363611, 0.335619151592, 0.255849689245, 0.236930087209, 0.186930462718, 0.130488574505, 0.0593879334629, 0.01828905195, 0.0040071583353, 0.000161067117006, 2.6806112146e-005],
        "var": [5.75860076424e-006, 0.0224453750998, 1.2631059885, 103.962623596, 1889.92797852, 379.997070313, 101.855606079, 128.360214233, 77.9962539673, 850.657836914, 32044.7480469, 7466.28027344, 178410.265625, 40835.3632813, 613.543212891, 219.842529297, 119.220939636, 72.6324386597, 165.344772339, 133.086349487, 12.8468208313, 13.8193788528, 21.6360015869, 4.11827898026, 11.4377727509, 2.08496618271, 1.26582014561, 1.29694795609, 1.21690702438, 1.27456223965, 0.825087606907, 0.867454707623, 1.00066184998, 0.625423491001, 0.297092139721, 0.0564956404269, 0.00534462649375, 0.000346367916791, 5.98144424657e-007, 1.17557474866e-009]
    },
    "gfcc": {
        "mean": [-106.696456909, 137.171554565, -87.8690948486, 7.15609312057, -69.1317596436, 1.38395750523, -48.7930679321, -9.05689430237, -35.071144104, -18.0424594879, -22.7418689728, -16.2129192352, -19.1935501099],
        "cov": [[8932.5234375, -1732.49572754, -981.231872559, -165.508544922, -173.310836792, 417.3777771, 119.958198547, 479.096435547, -383.277435303, 153.206375122, -565.04888916, 165.747573853, -338.775360107], [-1732.49572754, 1486.34777832, -103.399871826, -278.134765625, 80.6203231812, -134.191635132, 130.40246582, -163.441116333, 184.466491699, -298.243774414, 239.89100647, -195.271469116, 104.757774353], [-981.231872559, -103.399871826, 854.061279297, 259.210388184, 60.1120071411, -11.0600423813, -133.651489258, -204.857559204, -161.417938232, 229.823150635, 51.1047134399, 67.00806427, 43.4850234985], [-165.508544922, -278.134765625, 259.210388184, 517.25982666, 51.9246330261, -78.6005020142, -173.599487305, -85.0637054443, -16.92370224, 167.866775513, 20.1038188934, 36.8767280579, 29.7470855713], [-173.310836792, 80.6203231812, 60.1120071411, 51.9246330261, 261.860046387, -26.7229728699, -61.0337104797, -76.9172210693, 0.266647070646, 54.3048171997, 8.96747589111, 6.45109176636, 8.38132476807], [417.3777771, -134.191635132, -11.0600423813, -78.6005020142, -26.7229728699, 181.602798462, 68.2766494751, 43.4404754639, -21.0108966827, -7.28252410889, -36.9953536987, 24.3074874878, -23.813709259], [119.958198547, 130.40246582, -133.651489258, -173.599487305, -61.0337104797, 68.2766494751, 260.227355957, 95.2417984009, -10.577955246, -100.009162903, 10.8274536133, -24.3878688812, -11.9300308228], [479.096435547, -163.441116333, -204.857559204, -85.0637054443, -76.9172210693, 43.4404754639, 95.2417984009, 246.189575195, 59.1432685852, -67.2403945923, -59.8226890564, 2.01695346832, -24.2384128571], [-383.277435303, 184.466491699, -161.417938232, -16.92370224, 0.266647070646, -21.0108966827, -10.577955246, 59.1432685852, 221.474914551, -106.018226624, -8.85171222687, -30.2088871002, 6.42078924179], [153.206375122, -298.243774414, 229.823150635, 167.866775513, 54.3048171997, -7.28252410889, -100.009162903, -67.2403945923, -106.018226624, 249.863449097, -6.58932876587, 40.1935119629, -3.05809092522], [-565.04888916, 239.89100647, 51.1047134399, 20.1038188934, 8.96747589111, -36.9953536987, 10.8274536133, -59.8226890564, -8.85171222687, -6.58932876587, 145.00428772, -28.9329814911, 15.660610199], [165.747573853, -195.271469116, 67.00806427, 36.8767280579, 6.45109176636, 24.3074874878, -24.3878688812, 2.01695346832, -30.2088871002, 40.1935119629, -28.9329814911, 104.695007324, -14.3144445419], [-338.775360107, 104.757774353, 43.4850234985, 29.7470855713, 8.38132476807, -23.813709259, -11.9300308228, -24.2384128571, 6.42078924179, -3.05809092522, 15.660610199, -14.3144445419, 75.8520278931]],
        "icov": [[0.000320315506542, -0.000158421331435, 0.000533512094989, -0.000286267983029, 8.99316219147e-005, -0.000495459244121, 0.000219665511395, -0.000320838560583, 0.000986703322269, -0.000244710623519, 0.00101413589437, -9.41610851442e-005, 0.00090181682026], [-0.000158421331435, 0.00312406965531, -0.000779650290497, 0.0015945363557, -0.000998233444989, 0.00151336938143, -0.00126948475372, 0.00228105601855, -0.00249569001608, 0.0022577943746, -0.00352548016235, 0.0024702528026, -0.00258951005526], [0.000533512094989, -0.000779650290497, 0.0030414222274, -0.00117643200792, 0.00048032795894, -0.00143641303293, 0.000619588710833, 0.000175267487066, 0.00256880186498, -0.00175003765617, 0.00179901416413, -0.00135119876359, 0.000912319228519], [-0.000286267983029, 0.0015945363557, -0.00117643200792, 0.0041308789514, -0.00041360189789, 0.00180861447006, 0.000340236205375, 0.0010818230221, -0.00258047669195, -0.000350977730704, -0.00277231447399, 0.000669943459798, -0.00251050130464], [8.99316219147e-005, -0.000998233444989, 0.00048032795894, -0.00041360189789, 0.00476864585653, -0.000299994222587, 0.000616564822849, 0.00061732227914, 0.000187801080756, -0.00174882612191, 0.00136616674718, -0.001049500308, 0.000773753854446], [-0.000495459244121, 0.00151336938143, -0.00143641303293, 0.00180861447006, -0.000299994222587, 0.008479565382, -0.0025672649499, 0.00114516762551, -0.00231117615476, 0.000808526296169, -0.00135858007707, -0.000178125774255, -0.001056172885], [0.000219665511395, -0.00126948475372, 0.000619588710833, 0.000340236205375, 0.000616564822849, -0.0025672649499, 0.00743840401992, -0.00325240218081, 0.00327359186485, 0.000860839325469, 0.000199813133804, -4.37175513071e-005, 0.00121030234732], [-0.000320838560583, 0.00228105601855, 0.000175267487066, 0.0010818230221, 0.00061732227914, 0.00114516762551, -0.00325240218081, 0.00882719922811, -0.00396589469165, 0.00111966126133, -0.000904447573703, 0.000973367772531, -0.00175624515396], [0.000986703322269, -0.00249569001608, 0.00256880186498, -0.00258047669195, 0.000187801080756, -0.00231117615476, 0.00327359186485, -0.00396589469165, 0.0114923967049, 0.00110201502685, 0.00513785611838, -0.000761016854085, 0.0037614107132], [-0.000244710623519, 0.0022577943746, -0.00175003765617, -0.000350977730704, -0.00174882612191, 0.000808526296169, 0.000860839325469, 0.00111966126133, 0.00110201502685, 0.00986457895488, -0.00234948261641, 0.00168294692412, -0.00102286715992], [0.00101413589437, -0.00352548016235, 0.00179901416413, -0.00277231447399, 0.00136616674718, -0.00135858007707, 0.000199813133804, -0.000904447573703, 0.00513785611838, -0.00234948261641, 0.015132477507, -0.000837089552078, 0.00480727758259], [-9.41610851442e-005, 0.0024702528026, -0.00135119876359, 0.000669943459798, -0.001049500308, -0.000178125774255, -4.37175513071e-005, 0.000973367772531, -0.000761016854085, 0.00168294692412, -0.000837089552078, 0.0139134526253, -2.52897898463e-005], [0.00090181682026, -0.00258951005526, 0.000912319228519, -0.00251050130464, 0.000773753854446, -0.001056172885, 0.00121030234732, -0.00175624515396, 0.0037614107132, -0.00102286715992, 0.00480727758259, -2.52897898463e-005, 0.0191043037921]]
    },
    "melbands": {
        "mean": [3.45457192452e-005, 0.000358797231456, 0.00192393630277, 0.00158746435773, 0.000393114343751, 0.000202421579161, 8.24382441351e-005, 0.000128044033772, 0.000368770619389, 0.000171488136402, 0.000556189799681, 0.000272243603831, 2.54203732766e-005, 1.90873743122e-005, 1.29675781864e-005, 1.12046409413e-005, 6.42350096314e-006, 9.69649045146e-006, 6.97365067026e-006, 2.91362175631e-006, 1.43998079238e-006, 1.21846323964e-006, 1.88955141311e-006, 1.59152841661e-006, 7.09788196218e-007, 1.27943860662e-006, 9.55052200879e-007, 3.51889184458e-007, 2.63925386434e-007, 2.16366615291e-007, 2.57641175949e-007, 2.42327217848e-007, 2.68560654604e-007, 2.24112270075e-007, 2.03181073744e-007, 1.61292220469e-007, 1.4842106566e-007, 1.62329953923e-007, 1.50914402752e-007, 1.6375943801e-007],
        "var": [4.83699258425e-009, 1.82827605499e-007, 9.70201017481e-006, 5.26949725099e-006, 1.29261820803e-007, 5.41542028998e-008, 1.5910865514e-008, 2.29004299968e-007, 1.86352781384e-006, 2.63829633695e-007, 4.77645244246e-006, 9.43041698065e-007, 6.4692113888e-009, 2.85076495743e-009, 1.31427446703e-009, 5.09151165673e-010, 2.51761833603e-010, 4.21389867444e-010, 5.38483202472e-010, 9.10129333009e-011, 1.39611187194e-011, 1.38144964218e-011, 3.08380647407e-011, 1.88155342001e-011, 2.2505346111e-012, 6.32019393418e-012, 5.47925333577e-012, 7.24065664197e-013, 5.45261535576e-013, 4.41186177218e-013, 5.78313493014e-013, 4.21900985285e-013, 6.10614098347e-013, 3.64541974081e-013, 3.31902392939e-013, 2.33823187592e-013, 3.58547176324e-013, 4.61846923552e-013, 4.40881760353e-013, 5.46812432573e-013]
    },
    "mfcc": {
        "mean": [-761.565246582, 172.393508911, 28.6926670074, 8.58436965942, 0.148351892829, -2.20615506172, -7.98696660995, -1.63341772556, -16.9385795593, -3.62774038315, -7.25740432739, -19.4592037201, -10.7042989731],
        "cov": [[7015.09277344, -1042.04577637, -1171.80090332, -329.472198486, -237.378005981, -44.1779708862, 176.57585144, 345.559631348, 191.455307007, 235.774963379, 119.325645447, -255.641143799, -89.139465332], [-1042.04577637, 1214.47949219, -92.0843963623, -265.792236328, -64.0895080566, -58.648147583, 25.4037456512, 136.544296265, -104.020980835, 74.5552520752, -5.421667099, -99.8525543213, -29.2747192383], [-1171.80090332, -92.0843963623, 739.092895508, 231.761383057, 34.7460823059, 130.707870483, 64.7785949707, -259.322143555, -22.3608856201, -162.760391235, -63.1529273987, 155.453887939, 54.2853507996], [-329.472198486, -265.792236328, 231.761383057, 462.842773438, 168.65852356, 75.887550354, -38.6642951965, -226.163223267, 14.6407556534, -121.439826965, -21.1440525055, 128.862731934, 77.2921981812], [-237.378005981, -64.0895080566, 34.7460823059, 168.65852356, 291.110229492, 82.4157028198, -83.5084381104, -124.981536865, 4.46327447891, -61.5952262878, 0.329747229815, 64.0622024536, 10.2800273895], [-44.1779708862, -58.648147583, 130.707870483, 75.887550354, 82.4157028198, 209.709228516, 40.4603614807, -124.693130493, -16.738035202, -74.9132461548, -7.01740264893, 54.493309021, 9.81026935577], [176.57585144, 25.4037456512, 64.7785949707, -38.6642951965, -83.5084381104, 40.4603614807, 250.590637207, -32.1828460693, -20.6048851013, -5.16342067719, -17.1451187134, 8.08348083496, 22.6984710693], [345.559631348, 136.544296265, -259.322143555, -226.163223267, -124.981536865, -124.693130493, -32.1828460693, 388.835845947, 36.2815513611, 137.884963989, 47.7073822021, -109.080314636, -27.1598720551], [191.455307007, -104.020980835, -22.3608856201, 14.6407556534, 4.46327447891, -16.738035202, -20.6048851013, 36.2815513611, 146.797561646, 23.6284275055, -3.93089580536, -0.366623014212, -10.5874156952], [235.774963379, 74.5552520752, -162.760391235, -121.439826965, -61.5952262878, -74.9132461548, -5.16342067719, 137.884963989, 23.6284275055, 183.727325439, 27.6727294922, -69.2402420044, -1.00887608528], [119.325645447, -5.421667099, -63.1529273987, -21.1440525055, 0.329747229815, -7.01740264893, -17.1451187134, 47.7073822021, -3.93089580536, 27.6727294922, 85.2962417603, -7.06948232651, -7.67476844788], [-255.641143799, -99.8525543213, 155.453887939, 128.862731934, 64.0622024536, 54.493309021, 8.08348083496, -109.080314636, -0.366623014212, -69.2402420044, -7.06948232651, 132.338790894, 33.8549346924], [-89.139465332, -29.2747192383, 54.2853507996, 77.2921981812, 10.2800273895, 9.81026935577, 22.6984710693, -27.1598720551, -10.5874156952, -1.00887608528, -7.67476844788, 33.8549346924, 122.021705627]],
        "icov": [[0.000302657223074, 0.000308253569528, 0.000522347458173, 3.56776654371e-005, 0.000190979902982, -0.000256530096522, -0.000296164100291, 3.40933147527e-005, -0.00019019638421, 2.54761962424e-005, -0.00010476733587, 0.00023023756512, 2.05240830837e-005], [0.000308253569528, 0.0013578296639, 0.000367908505723, 0.000582025444601, -0.000129546737298, -9.63305647019e-005, -0.000367018597899, -0.000144558231113, 0.000553889782168, -9.27640576265e-005, 0.000173484746483, 0.000597745063715, -3.42854073097e-005], [0.000522347458173, 0.000367908505723, 0.00325052253902, -0.000450717081549, 0.00123591371812, -0.00105357018765, -0.000571204698645, 0.000677137984894, -0.000393099879147, 0.000710787659045, 0.000642725150101, -0.00123382848687, -9.86749655567e-005], [3.56776654371e-005, 0.000582025444601, -0.000450717081549, 0.00480573112145, -0.00151496299077, 0.00067330134334, 0.00050425628433, 0.0013297382975, -0.000649348483421, 0.00100795784965, -0.000377245363779, -0.00105739047285, -0.00218056631275], [0.000190979902982, -0.000129546737298, 0.00123591371812, -0.00151496299077, 0.00608297530562, -0.00209999782965, 0.00177769258153, 0.00100296549499, -0.000415679853177, 3.99901837227e-005, -0.000232782083913, -0.00114549871068, 0.000334577489411], [-0.000256530096522, -9.63305647019e-005, -0.00105357018765, 0.00067330134334, -0.00209999782965, 0.00733648892492, -0.00118035508785, 0.0010339517612, 0.000280734908301, 0.00129876914434, -0.000911168579478, -0.00042556974222, -3.56327946065e-005], [-0.000296164100291, -0.000367018597899, -0.000571204698645, 0.00050425628433, 0.00177769258153, -0.00118035508785, 0.00552109489217, 0.000676042574923, 0.000397460447857, -0.000295600912068, 0.00068557827035, -0.000674782902934, -0.00103874446359], [3.40933147527e-005, -0.000144558231113, 0.000677137984894, 0.0013297382975, 0.00100296549499, 0.0010339517612, 0.000676042574923, 0.00544361490756, -0.00127080956008, -0.00103180657607, -0.00176415871829, 0.000949608220253, -0.00072827207623], [-0.00019019638421, 0.000553889782168, -0.000393099879147, -0.000649348483421, -0.000415679853177, 0.000280734908301, 0.000397460447857, -0.00127080956008, 0.00822718441486, -0.00139951368328, 0.00154527754057, -0.000789306417573, 0.00125425797887], [2.54761962424e-005, -9.27640576265e-005, 0.000710787659045, 0.00100795784965, 3.99901837227e-005, 0.00129876914434, -0.000295600912068, -0.00103180657607, -0.00139951368328, 0.00923887081444, -0.00171162665356, 0.00201418623328, -0.00195232965052], [-0.00010476733587, 0.000173484746483, 0.000642725150101, -0.000377245363779, -0.000232782083913, -0.000911168579478, 0.00068557827035, -0.00176415871829, 0.00154527754057, -0.00171162665356, 0.0138757396489, -0.00187393522356, 0.00100336247124], [0.00023023756512, 0.000597745063715, -0.00123382848687, -0.00105739047285, -0.00114549871068, -0.00042556974222, -0.000674782902934, 0.000949608220253, -0.000789306417573, 0.00201418623328, -0.00187393522356, 0.0139594115317, -0.00204483466223], [2.05240830837e-005, -3.42854073097e-005, -9.86749655567e-005, -0.00218056631275, 0.000334577489411, -3.56327946065e-005, -0.00103874446359, -0.00072827207623, 0.00125425797887, -0.00195232965052, 0.00100336247124, -0.00204483466223, 0.0103561040014]]
    },
    "spectral_contrast_coeffs": {
        "mean": [-0.473603278399, -0.664459586143, -0.709660768509, -0.752188682556, -0.770964503288, -0.771122038364],
        "var": [0.00732492329553, 0.00546081364155, 0.0110556697473, 0.00345859141089, 0.00353482645005, 0.00225969334133]
    },
    "spectral_contrast_valleys": {
        "mean": [-8.4800567627, -7.48330163956, -8.58878231049, -9.3623008728, -9.77203655243, -12.2074489594],
        "var": [1.72534930706, 1.15142607689, 1.34725403786, 1.38798868656, 1.60838353634, 1.64083647728]
    }
},
"metadata": {
    "audio_properties": {
        "analysis_sample_rate": 44100,
        "bit_rate": 105161,
        "equal_loudness": 0,
        "length": 45.0873451233,
        "lossless": 0,
        "replay_gain": -10.2927894592,
        "sample_rate": 44100,
        "codec": "mp3",
        "downmix": "mix",
        "md5_encoded": "ea4710ce10bfeec5cedc083e151e935c"
    },
    "tags": {
        "file_name": "301.mp3"
    },
    "version": {
        "essentia": "2.1-beta2",
        "essentia_git_sha": "v2.1_beta2",
        "extractor": "music 1.0"
    }
},
"rhythm": {
    "beats_count": 61,
    "beats_loudness": {
        "mean": 0.0394691936672,
        "var": 0.000898098107427
    },
    "bpm": 82.0242843628,
    "bpm_histogram_first_peak_bpm": {
        "mean": 82,
        "var": 0
    },
    "bpm_histogram_first_peak_spread": {
        "mean": 0.0500000119209,
        "var": 0
    },
    "bpm_histogram_first_peak_weight": {
        "mean": 0.949999988079,
        "var": 0
    },
    "bpm_histogram_second_peak_bpm": {
        "mean": 0,
        "var": 0
    },
    "bpm_histogram_second_peak_spread": {
        "mean": 0,
        "var": 0
    },
    "bpm_histogram_second_peak_weight": {
        "mean": 0,
        "var": 0
    },
    "danceability": 1.07473385334,
    "onset_rate": 3.61380910873,
    "beats_loudness_band_ratio": {
        "mean": [0.529658913612, 0.356197923422, 0.165798127651, 0.0611804313958, 0.0114351296797, 0.00765689415857],
        "var": [0.0554358400404, 0.0337344892323, 0.0387230142951, 0.0129922600463, 0.000178429560037, 0.000107947562356]
    },
    "beats_position": [0.754648506641, 1.49768710136, 2.22911548615, 2.97215414047, 3.70358276367, 4.45823097229, 5.20126962662, 5.94430828094, 6.67573690414, 7.40716552734, 8.13859367371, 8.87002277374, 9.61306095123, 10.3560991287, 11.110748291, 11.8653964996, 12.6084346771, 13.3514738083, 14.0829019547, 14.8143310547, 15.545759201, 16.2771873474, 16.99700737, 17.7168254852, 18.4598636627, 19.1912918091, 19.9227199554, 20.6657600403, 21.4087982178, 22.128616333, 22.8600444794, 23.5798625946, 24.3112926483, 25.0311107635, 25.7509288788, 26.470746994, 27.1905670166, 27.921995163, 28.6534233093, 29.3732414246, 30.1046714783, 30.8360996246, 31.5791378021, 32.2989578247, 33.0187759399, 33.7385940552, 34.4584121704, 35.1782302856, 35.9096603394, 36.6410865784, 37.3725166321, 38.1039466858, 38.8353729248, 39.5668029785, 40.2982292175, 41.041267395, 41.7726974487, 42.492515564, 43.2123336792, 43.9321517944, 44.6519737244]
},
"tonal": {
    "chords_changes_rate": 0.0401234552264,
    "chords_number_rate": 0.00925925932825,
    "chords_strength": {
        "mean": 0.570338189602,
        "var": 0.00824737083167
    },
    "hpcp_entropy": {
        "mean": 1.65767931938,
        "var": 0.306452423334
    },
    "key_strength": 0.741390764713,
    "tuning_diatonic_strength": 0.561920106411,
    "tuning_equal_tempered_deviation": 0.0472728386521,
    "tuning_frequency": 435.952270508,
    "tuning_nontempered_energy_ratio": 0.66352558136,
    "hpcp": {
        "mean": [0.340431272984, 0.224760010839, 0.0703221336007, 0.113855697215, 0.0909460559487, 0.0274459607899, 0.0269979368895, 0.0219438057393, 0.0277097113431, 0.0506471283734, 0.0435580685735, 0.0322177447379, 0.0417412482202, 0.0437045693398, 0.156681671739, 0.308020472527, 0.199259594083, 0.0399840436876, 0.0242136605084, 0.0314796455204, 0.0778345614672, 0.101377695799, 0.0830531790853, 0.243059933186, 0.350623875856, 0.18742056191, 0.0686754360795, 0.0610195361078, 0.0717328935862, 0.110656186938, 0.15745306015, 0.134046420455, 0.0818163976073, 0.0588156469166, 0.0486939027905, 0.171289712191],
        "var": [0.171125277877, 0.0873020812869, 0.015415369533, 0.0434147752821, 0.0277881417423, 0.00530407112092, 0.00816849898547, 0.00590173434466, 0.00642387196422, 0.0195674449205, 0.016800545156, 0.0114672649652, 0.0179442893714, 0.0171050615609, 0.0366950593889, 0.115674652159, 0.0591055676341, 0.0117244878784, 0.00975130684674, 0.0122457463294, 0.0429944470525, 0.0597163885832, 0.026737600565, 0.105665616691, 0.168503403664, 0.06554158777, 0.0359837152064, 0.032119538635, 0.0392071306705, 0.0557502917945, 0.0857176333666, 0.0696137025952, 0.0428818315268, 0.0338498353958, 0.0204563308507, 0.054179161787]
    },
    "chords_histogram": [23.0452671051, 2.46913576126, 2.67489719391, 0, 0, 8.95061683655, 0, 17.0781898499, 0.411522626877, 12.3456792831, 0, 0, 0, 0, 0, 0, 0, 0, 3.39506173134, 0, 0, 0, 3.18930029869, 26.440328598],
    "thpcp": [1, 0.53453451395, 0.195866405964, 0.174031317234, 0.204586446285, 0.315597981215, 0.449065417051, 0.38230830431, 0.233345195651, 0.167745694518, 0.138877883554, 0.488528370857, 0.970930099487, 0.641028821468, 0.200562879443, 0.324723184109, 0.259383529425, 0.0782774984837, 0.0769997090101, 0.0625850334764, 0.0790297314525, 0.14444860816, 0.124230183661, 0.0918869078159, 0.119048506021, 0.124648012221, 0.44686537981, 0.878492593765, 0.568300127983, 0.114036850631, 0.069058790803, 0.0897818058729, 0.221988767385, 0.289135187864, 0.236872568727, 0.693221271038],
    "chords_key": "A#",
    "chords_scale": "major",
    "key_key": "D",
    "key_scale": "minor"
}
}