{
"lowlevel": {
    "average_loudness": 0.827767908573,
    "barkbands_crest": {
        "mean": 10.9998245239,
        "var": 19.6359004974
    },
    "barkbands_flatness_db": {
        "mean": 0.13620711863,
        "var": 0.00300355791114
    },
    "barkbands_kurtosis": {
        "mean": 4.03562068939,
        "var": 46.4975967407
    },
    "barkbands_skewness": {
        "mean": 1.62453246117,
        "var": 0.848621487617
    },
    "barkbands_spread": {
        "mean": 20.1685161591,
        "var": 122.085090637
    },
    "dissonance": {
        "mean": 0.453615874052,
        "var": 0.00118185055908
    },
    "dynamic_complexity": 3.80582022667,
    "erbbands_crest": {
        "mean": 9.0669965744,
        "var": 20.5503349304
    },
    "erbbands_flatness_db": {
        "mean": 0.147841870785,
        "var": 0.00398989813402
    },
    "erbbands_kurtosis": {
        "mean": 0.368239402771,
        "var": 2.27657818794
    },
    "erbbands_skewness": {
        "mean": 0.534835875034,
        "var": 0.351951301098
    },
    "erbbands_spread": {
        "mean": 36.3118247986,
        "var": 257.503936768
    },
    "hfc": {
        "mean": 18.0870742798,
        "var": 279.803253174
    },
    "melbands_crest": {
        "mean": 14.4001817703,
        "var": 28.028837204
    },
    "melbands_flatness_db": {
        "mean": 0.20762938261,
        "var": 0.00278476509266
    },
    "melbands_kurtosis": {
        "mean": 11.3838996887,
        "var": 173.616638184
    },
    "melbands_skewness": {
        "mean": 2.50169467926,
        "var": 1.64344835281
    },
    "melbands_spread": {
        "mean": 18.7950592041,
        "var": 135.381256104
    },
    "pitch_salience": {
        "mean": 0.52053052187,
        "var": 0.013765020296
    },
    "silence_rate_20dB": {
        "mean": 1,
        "var": 0
    },
    "silence_rate_30dB": {
        "mean": 0.990221321583,
        "var": 0.00968295801431
    },
    "silence_rate_60dB": {
        "mean": 0.112197630107,
        "var": 0.0996094718575
    },
    "spectral_centroid": {
        "mean": 1182.71850586,
        "var": 339933.78125
    },
    "spectral_complexity": {
        "mean": 16.9861030579,
        "var": 66.9926681519
    },
    "spectral_decrease": {
        "mean": -8.05288724592e-009,
        "var": 4.93578737685e-017
    },
    "spectral_energy": {
        "mean": 0.0320339798927,
        "var": 0.000769088801462
    },
    "spectral_energyband_high": {
        "mean": 0.000666696461849,
        "var": 1.04384412225e-006
    },
    "spectral_energyband_low": {
        "mean": 0.0149917760864,
        "var": 0.00025137962075
    },
    "spectral_energyband_middle_high": {
        "mean": 0.00444915471599,
        "var": 2.48424203164e-005
    },
    "spectral_energyband_middle_low": {
        "mean": 0.013011473231,
        "var": 0.000188428297406
    },
    "spectral_entropy": {
        "mean": 7.50508069992,
        "var": 0.262869924307
    },
    "spectral_flux": {
        "mean": 0.078757956624,
        "var": 0.00324507988989
    },
    "spectral_kurtosis": {
        "mean": 5.03414583206,
        "var": 15.9998779297
    },
    "spectral_rms": {
        "mean": 0.00501154037192,
        "var": 6.13709016761e-006
    },
    "spectral_rolloff": {
        "mean": 1065.64196777,
        "var": 1534390.125
    },
    "spectral_skewness": {
        "mean": 1.66456699371,
        "var": 0.186971828341
    },
    "spectral_spread": {
        "mean": 4740448.5,
        "var": 3.9858035753e+012
    },
    "spectral_strongpeak": {
        "mean": 0.605242788792,
        "var": 0.492921561003
    },
    "zerocrossingrate": {
        "mean": 0.0518497899175,
        "var": 0.000952699279878
    },
    "barkbands": {
        "mean": [0.000864434929099, 0.0109762223437, 0.00209664087743, 0.00214801682159, 0.00332322600298, 0.00223112222739, 0.00145826628432, 0.0011789072305, 0.00258624041453, 0.000897048856132, 0.000409948785091, 0.000671525660437, 0.0005717871245, 0.000416145834606, 0.000377837772248, 0.000317183788866, 0.000300684216199, 0.000306668400299, 0.000176475659828, 0.000130388187245, 0.000133397057652, 0.000120644443086, 9.94964066194e-005, 9.47188964346e-005, 8.40809880174e-005, 5.40758919669e-005, 8.82931090018e-006],
        "var": [5.80455480303e-006, 0.000139018738992, 1.35856689667e-005, 2.44494221988e-005, 2.25093808695e-005, 1.08830254248e-005, 3.44389013662e-006, 2.98945519717e-006, 1.64153298101e-005, 1.9080457605e-006, 1.21605569348e-006, 4.67223480882e-006, 1.0691467196e-006, 1.06772176878e-006, 3.28378206405e-007, 2.17161371552e-007, 3.89028627978e-007, 6.67969231927e-007, 7.58796474543e-008, 2.30481980168e-008, 2.59626560251e-008, 3.81872631294e-008, 4.28192841184e-008, 7.34367517907e-008, 3.9496278248e-008, 1.40041800378e-008, 9.02962982163e-010]
    },
    "erbbands": {
        "mean": [0.309015840292, 2.42528748512, 2.95183610916, 5.54828357697, 8.45889282227, 10.0381469727, 18.4897193909, 17.9028606415, 20.1971111298, 22.5461158752, 31.4870090485, 63.0715179443, 26.9508304596, 30.136598587, 24.8863925934, 23.5906867981, 26.2058048248, 20.2523918152, 22.9758396149, 19.2585659027, 17.9247436523, 16.6670398712, 18.7074069977, 10.8431863785, 7.72956371307, 6.22497844696, 5.97959661484, 5.00480699539, 4.37996673584, 3.45689582825, 2.65729641914, 1.79542338848, 1.73622894287, 1.05320203304, 0.539010226727, 0.235707297921, 0.0999654009938, 0.0263924952596, 0.000887481728569, 5.59080690437e-005],
        "var": [0.1493255198, 7.583963871, 16.5791149139, 147.872879028, 276.57208252, 212.212783813, 645.25793457, 823.038269043, 805.034851074, 711.340026855, 2186.94384766, 10426.9345703, 2332.05273438, 2150.22509766, 3069.71875, 5455.81152344, 1611.95910645, 1830.1763916, 1858.1192627, 798.612609863, 777.248291016, 861.294799805, 2127.55834961, 346.49987793, 95.4873886108, 50.5259857178, 45.4809837341, 44.0520210266, 51.2116584778, 47.0246086121, 27.2267074585, 15.48716259, 30.1943454742, 10.8217191696, 1.12688910961, 0.199690923095, 0.0522312484682, 0.00605710921809, 7.93937306298e-006, 5.30915533759e-009]
    },
    "gfcc": {
        "mean": [-5.24451112747, 99.1785125732, -111.880195618, 26.5561256409, -56.2566986084, 13.6293926239, -33.5194740295, 16.5775089264, -17.2497177124, 9.75007629395, -15.206867218, 3.64975500107, -6.51562261581],
        "cov": [[13968.9443359, -2106.37231445, 1717.88037109, 499.10647583, -365.288482666, 984.942504883, -406.644775391, 484.650360107, -594.666687012, 205.187225342, -539.358947754, 376.758270264, -618.661682129], [-2106.37231445, 1047.58435059, -647.909118652, -160.760971069, 89.2539978027, -270.05947876, 138.168563843, -160.147232056, 171.49810791, -80.9154281616, 174.092926025, -115.542892456, 180.75743103], [1717.88037109, -647.909118652, 1072.00463867, 230.542816162, 65.8349151611, 269.047149658, -137.441894531, 91.0018844604, -232.943450928, 38.2541542053, -145.047088623, 98.698097229, -131.080795288], [499.10647583, -160.760971069, 230.542816162, 422.000579834, -37.8535919189, 116.821960449, -66.1569595337, 45.5466766357, -1.90451097488, -22.7566833496, 22.4296607971, -3.80040931702, 31.4701385498], [-365.288482666, 89.2539978027, 65.8349151611, -37.8535919189, 182.366348267, 3.95401477814, 23.959312439, 1.12994873524, 2.82683324814, 3.75808167458, 7.25703239441, 13.705493927, 12.1675481796], [984.942504883, -270.05947876, 269.047149658, 116.821960449, 3.95401477814, 238.570526123, -13.216126442, 97.1006851196, -57.7567558289, 29.5562362671, -38.1903800964, 38.2111358643, -49.4598007202], [-406.644775391, 138.168563843, -137.441894531, -66.1569595337, 23.959312439, -13.216126442, 138.854049683, -3.19136381149, 28.2404727936, -6.17000150681, 36.60779953, -5.16207885742, 16.2882289886], [484.650360107, -160.147232056, 91.0018844604, 45.5466766357, 1.12994873524, 97.1006851196, -3.19136381149, 123.79234314, 6.53980541229, 36.6787338257, -27.875825882, 23.3870487213, -24.2410354614], [-594.666687012, 171.49810791, -232.943450928, -1.90451097488, 2.82683324814, -57.7567558289, 28.2404727936, 6.53980541229, 149.127990723, 12.8783597946, 56.3562355042, -34.8719673157, 49.2710876465], [205.187225342, -80.9154281616, 38.2541542053, -22.7566833496, 3.75808167458, 29.5562362671, -6.17000150681, 36.6787338257, 12.8783597946, 78.4827041626, -2.6964840889, 19.2342014313, -17.6886882782], [-539.358947754, 174.092926025, -145.047088623, 22.4296607971, 7.25703239441, -38.1903800964, 36.60779953, -27.875825882, 56.3562355042, -2.6964840889, 113.948104858, 11.2820110321, 59.101776123], [376.758270264, -115.542892456, 98.698097229, -3.80040931702, 13.705493927, 38.2111358643, -5.16207885742, 23.3870487213, -34.8719673157, 19.2342014313, 11.2820110321, 97.7877960205, -1.65514183044], [-618.661682129, 180.75743103, -131.080795288, 31.4701385498, 12.1675481796, -49.4598007202, 16.2882289886, -24.2410354614, 49.2710876465, -17.6886882782, 59.101776123, -1.65514183044, 122.791435242]],
        "icov": [[0.000174744476681, -0.00013240914268, 5.53007703274e-005, -0.000185410492122, 0.000330687325913, -0.000417469273088, 0.000224242656259, -8.15641105874e-005, 0.000181084309588, -0.000191801140318, 0.000573543366045, -0.000699175288901, 0.000549342017621], [-0.00013240914268, 0.00332903675735, 0.0005214412231, 0.000872094242368, -0.00179735664278, 0.00103969487827, -0.000986357335933, 0.00107498804573, -0.000327118148562, 0.00145898270421, -0.00305352010764, 0.00339511269704, -0.00243769772351], [5.53007703274e-005, 0.0005214412231, 0.00286560272798, -0.0013884055661, -0.00162294087932, -0.00102618150413, 0.000951239548158, 0.000535004190169, 0.00259686843492, -0.00107387604658, 0.00134800432716, -0.00099726638291, 0.00079385319259], [-0.000185410492122, 0.000872094242368, -0.0013884055661, 0.00500568281859, 0.000663352257106, -0.00123492826242, 0.00133608258329, -0.000901437015273, -0.00160419370513, 0.00316956359893, -0.00406979443505, 0.003243036801, -0.00279845274054], [0.000330687325913, -0.00179735664278, -0.00162294087932, 0.000663352257106, 0.00796037912369, -0.00116040383, -0.000446298188763, -0.000662027567159, -0.00108248239849, -0.000352315983037, 0.00167937146034, -0.00276141776703, 0.000619792670477], [-0.000417469273088, 0.00103969487827, -0.00102618150413, -0.00123492826242, -0.00116040383, 0.0105235856026, -0.00240949192084, -0.00508991256356, 0.0018084414769, -0.000344770145603, -0.00242445943877, 0.00195215747226, -0.000326246605255], [0.000224242656259, -0.000986357335933, 0.000951239548158, 0.00133608258329, -0.000446298188763, -0.00240949192084, 0.0104723619297, -0.0015903878957, 0.000711531552952, 0.00113534973934, -0.00203536683694, -0.000710140215233, 0.00147352390923], [-8.15641105874e-005, 0.00107498804573, 0.000535004190169, -0.000901437015273, -0.000662027567159, -0.00508991256356, -0.0015903878957, 0.016411697492, -0.00496087782085, -0.00356619083323, 0.0045573269017, -0.00251937727444, -0.000475559325423], [0.000181084309588, -0.000327118148562, 0.00259686843492, -0.00160419370513, -0.00108248239849, 0.0018084414769, 0.000711531552952, -0.00496087782085, 0.0154956448823, -0.00454850262031, -0.0035180945415, 0.00371453538537, -0.000790429534391], [-0.000191801140318, 0.00145898270421, -0.00107387604658, 0.00316956359893, -0.000352315983037, -0.000344770145603, 0.00113534973934, -0.00356619083323, -0.00454850262031, 0.0188181046396, -0.00396857550368, -9.17234501685e-005, 0.000413511996157], [0.000573543366045, -0.00305352010764, 0.00134800432716, -0.00406979443505, 0.00167937146034, -0.00242445943877, -0.00203536683694, 0.0045573269017, -0.0035180945415, -0.00396857550368, 0.0223279874772, -0.0108745321631, -0.000160037641763], [-0.000699175288901, 0.00339511269704, -0.00099726638291, 0.003243036801, -0.00276141776703, 0.00195215747226, -0.000710140215233, -0.00251937727444, 0.00371453538537, -9.17234501685e-005, -0.0108745321631, 0.0207534059882, -0.00574931129813], [0.000549342017621, -0.00243769772351, 0.00079385319259, -0.00279845274054, 0.000619792670477, -0.000326246605255, 0.00147352390923, -0.000475559325423, -0.000790429534391, 0.000413511996157, -0.000160037641763, -0.00574931129813, 0.0159588586539]]
    },
    "melbands": {
        "mean": [0.00303185475059, 0.00223176926374, 0.001032360713, 0.000656297488604, 0.000617361743934, 0.000396544492105, 0.000308433140162, 0.000254631100688, 0.000303721491946, 0.000368740322301, 0.000127605555463, 0.000128741958179, 7.38295930205e-005, 8.79544168129e-005, 4.87981706101e-005, 5.2292165492e-005, 3.58689903805e-005, 3.97107614845e-005, 2.3932685508e-005, 2.31100857491e-005, 2.03630042961e-005, 1.59225837706e-005, 1.77166839421e-005, 1.67032903846e-005, 7.61990986575e-006, 6.60741216052e-006, 4.35240417573e-006, 4.05811670134e-006, 4.2110555114e-006, 2.85528494715e-006, 2.93876269097e-006, 2.63688662017e-006, 2.0375459826e-006, 1.88285366676e-006, 1.60231195423e-006, 1.21726088764e-006, 1.05574065401e-006, 1.28114572817e-006, 1.02467390661e-006, 8.57799136611e-007],
        "var": [1.09907705337e-005, 6.70584904583e-006, 4.63597689304e-006, 1.1821298358e-006, 6.75150147345e-007, 3.87963353887e-007, 1.73520902536e-007, 8.58149249439e-008, 2.19007006308e-007, 3.41431245943e-007, 5.92678119915e-008, 4.16301944028e-008, 3.1127111555e-008, 8.42997849304e-008, 5.68047786587e-009, 1.08094857509e-008, 6.93915369609e-009, 7.60184182269e-009, 1.33359867593e-009, 1.13812537172e-009, 1.41488953886e-009, 9.59470392026e-010, 9.5813446066e-010, 3.61972452012e-009, 1.97857744078e-010, 8.34933164273e-011, 3.15911637128e-011, 2.4837852261e-011, 2.35642217544e-011, 1.54073177827e-011, 1.58404834388e-011, 2.01501072772e-011, 1.31849791501e-011, 1.75443010814e-011, 9.49280584694e-012, 7.31947315258e-012, 5.92541033601e-012, 1.47306888909e-011, 1.54969335975e-011, 6.64047549587e-012]
    },
    "mfcc": {
        "mean": [-648.314819336, 128.663162231, 4.42838954926, 19.6722202301, 2.71205067635, 1.45813727379, -1.47105002403, 2.5605225563, 6.43625879288, 5.64351892471, 2.99319195747, 3.67034125328, 1.36041772366],
        "cov": [[9839.12988281, -787.880859375, 916.887268066, 10.3362998962, 124.367973328, 331.297546387, 299.833465576, 398.507324219, -9.03646469116, -61.4013366699, 176.34866333, -8.92640304565, -184.453430176], [-787.880859375, 690.729064941, -367.788726807, -79.682182312, -89.5270233154, -82.3234710693, -29.7461280823, -83.5517425537, -5.75122117996, 1.51205813885, -12.2296361923, 20.3461723328, 16.387758255], [916.887268066, -367.788726807, 650.733093262, 103.315567017, 179.393798828, 128.95854187, 105.951858521, 72.2986297607, -9.24179363251, -42.3059997559, -33.0194129944, -47.4495811462, -27.5323905945], [10.3362998962, -79.682182312, 103.315567017, 194.243087769, 55.3544158936, 7.02938127518, -8.47744750977, 0.580724895, 4.47003173828, -9.11930179596, -18.9117012024, 1.91071867943, 2.10811543465], [124.367973328, -89.5270233154, 179.393798828, 55.3544158936, 210.586074829, 54.2287864685, 27.4043827057, 18.0514450073, 20.0055446625, -9.20154380798, -27.2769546509, -8.51895141602, 16.2665252686], [331.297546387, -82.3234710693, 128.95854187, 7.02938127518, 54.2287864685, 106.235137939, 58.2771759033, 37.1307945251, -7.82078552246, -4.17220211029, 13.9376497269, -6.02154016495, -10.8425769806], [299.833465576, -29.7461280823, 105.951858521, -8.47744750977, 27.4043827057, 58.2771759033, 134.96434021, 48.8154144287, -2.54705405235, -11.7281847, -7.38153219223, -8.2834072113, 1.79796481133], [398.507324219, -83.5517425537, 72.2986297607, 0.580724895, 18.0514450073, 37.1307945251, 48.8154144287, 105.33618927, 15.8481798172, -2.6676235199, 21.2416286469, 1.95899033546, -9.1381072998], [-9.03646469116, -5.75122117996, -9.24179363251, 4.47003173828, 20.0055446625, -7.82078552246, -2.54705405235, 15.8481798172, 77.243522644, 38.2944946289, -3.35693860054, 8.60119247437, 9.73701477051], [-61.4013366699, 1.51205813885, -42.3059997559, -9.11930179596, -9.20154380798, -4.17220211029, -11.7281847, -2.6676235199, 38.2944946289, 85.0915908813, 27.7740478516, 14.207367897, -1.2239112854], [176.34866333, -12.2296361923, -33.0194129944, -18.9117012024, -27.2769546509, 13.9376497269, -7.38153219223, 21.2416286469, -3.35693860054, 27.7740478516, 92.0897598267, 37.2374954224, -13.7181053162], [-8.92640304565, 20.3461723328, -47.4495811462, 1.91071867943, -8.51895141602, -6.02154016495, -8.2834072113, 1.95899033546, 8.60119247437, 14.207367897, 37.2374954224, 82.4127502441, 33.1427764893], [-184.453430176, 16.387758255, -27.5323905945, 2.10811543465, 16.2665252686, -10.8425769806, 1.79796481133, -9.1381072998, 9.73701477051, -1.2239112854, -13.7181053162, 33.1427764893, 89.8671035767]],
        "icov": [[0.000142021672218, 4.93127809023e-005, -0.000137053371873, 5.63831745239e-005, 6.55758340145e-005, -9.83003337751e-005, -7.15826972737e-005, -0.000279896805296, -5.72970675421e-005, 0.000126903949422, -0.000182393414434, -9.30090391194e-005, 0.000202834547963], [4.93127809023e-005, 0.00234373565763, 0.00127796537708, 0.000343190768035, -0.000250531360507, 0.000391782465158, -0.00111301767174, 0.00125272315927, -0.000186231874977, 0.000610293995123, 0.000286708673229, -0.000410029140767, 0.000523039838299], [-0.000137053371873, 0.00127796537708, 0.0036991275847, -0.000872707634699, -0.00169757555705, -0.00144594558515, -0.00137777614873, 0.000310548552079, 0.000272719393251, 0.000726027414203, 0.000760866270866, 0.000613047857769, 0.000701771758031], [5.63831745239e-005, 0.000343190768035, -0.000872707634699, 0.00619173934683, -0.000963290396612, 0.000507362361532, 0.000987032079138, -1.04357613964e-005, -4.07915977121e-005, 0.000189838683582, 0.00127445440739, -0.00154384330381, 0.000626210181508], [6.55758340145e-005, -0.000250531360507, -0.00169757555705, -0.000963290396612, 0.00753598986194, -0.00318225938827, 0.000983466627076, 6.62672828184e-005, -0.00241333036683, 0.000533035025001, 0.00135009014048, -5.59025975235e-005, -0.00158270064276], [-9.83003337751e-005, 0.000391782465158, -0.00144594558515, 0.000507362361532, -0.00318225938827, 0.0173622574657, -0.00517627084628, -0.00114382780157, 0.00267078960314, -0.00110891915392, -0.00363936298527, 0.000729701423552, 0.00080080277985], [-7.15826972737e-005, -0.00111301767174, -0.00137777614873, 0.000987032079138, 0.000983466627076, -0.00517627084628, 0.0122815743089, -0.00453940639272, 0.000818153726868, -0.000492920109536, 0.00281893997453, -0.000150797786773, -0.00150849937927], [-0.000279896805296, 0.00125272315927, 0.000310548552079, -1.04357613964e-005, 6.62672828184e-005, -0.00114382780157, -0.00453940639272, 0.0156797580421, -0.00551042472944, 0.00357205281034, -0.00445192540064, 0.000687344931066, 0.000540290900972], [-5.72970675421e-005, -0.000186231874977, 0.000272719393251, -4.07915977121e-005, -0.00241333036683, 0.00267078960314, 0.000818153726868, -0.00551042472944, 0.0209384895861, -0.0108734434471, 0.00512904068455, -0.00198231567629, -0.000719502044376], [0.000126903949422, 0.000610293995123, 0.000726027414203, 0.000189838683582, 0.000533035025001, -0.00110891915392, -0.000492920109536, 0.00357205281034, -0.0108734434471, 0.0192631408572, -0.00681924866512, 0.000758231326472, 0.00062985974364], [-0.000182393414434, 0.000286708673229, 0.000760866270866, 0.00127445440739, 0.00135009014048, -0.00363936298527, 0.00281893997453, -0.00445192540064, 0.00512904068455, -0.00681924866512, 0.0211485363543, -0.0103356149048, 0.00497545162216], [-9.30090391194e-005, -0.000410029140767, 0.000613047857769, -0.00154384330381, -5.59025975235e-005, 0.000729701423552, -0.000150797786773, 0.000687344931066, -0.00198231567629, 0.000758231326472, -0.0103356149048, 0.0209091249853, -0.00878487713635], [0.000202834547963, 0.000523039838299, 0.000701771758031, 0.000626210181508, -0.00158270064276, 0.00080080277985, -0.00150849937927, 0.000540290900972, -0.000719502044376, 0.00062985974364, 0.00497545162216, -0.00878487713635, 0.0162028856575]]
    },
    "spectral_contrast_coeffs": {
        "mean": [-0.688478171825, -0.712643802166, -0.713536739349, -0.761494636536, -0.789510965347, -0.74741768837],
        "var": [0.00496050994843, 0.00548265362158, 0.00609965063632, 0.00361686456017, 0.001717258594, 0.00170466909185]
    },
    "spectral_contrast_valleys": {
        "mean": [-7.10777330399, -6.72704792023, -7.63308525085, -7.93746519089, -7.81377601624, -10.6123905182],
        "var": [2.11860251427, 1.85312831402, 1.93724894524, 1.66587948799, 1.77712583542, 3.03649663925]
    }
},
"metadata": {
    "audio_properties": {
        "analysis_sample_rate": 44100,
        "bit_rate": 105368,
        "equal_loudness": 0,
        "length": 45.0873451233,
        "lossless": 0,
        "replay_gain": -8.75385856628,
        "sample_rate": 44100,
        "codec": "mp3",
        "downmix": "mix",
        "md5_encoded": "edb9e854474bb041029e9d7155e5ae47"
    },
    "tags": {
        "file_name": "302.mp3"
    },
    "version": {
        "essentia": "2.1-beta2",
        "essentia_git_sha": "v2.1_beta2",
        "extractor": "music 1.0"
    }
},
"rhythm": {
    "beats_count": 97,
    "beats_loudness": {
        "mean": 0.04851257056,
        "var": 0.000860501837451
    },
    "bpm": 132.199462891,
    "bpm_histogram_first_peak_bpm": {
        "mean": 133,
        "var": 0
    },
    "bpm_histogram_first_peak_spread": {
        "mean": 0.467532455921,
        "var": 0
    },
    "bpm_histogram_first_peak_weight": {
        "mean": 0.427083343267,
        "var": 0
    },
    "bpm_histogram_second_peak_bpm": {
        "mean": 126,
        "var": 0
    },
    "bpm_histogram_second_peak_spread": {
        "mean": 0.40000000596,
        "var": 0
    },
    "bpm_histogram_second_peak_weight": {
        "mean": 0.09375,
        "var": 0
    },
    "danceability": 0.999044239521,
    "onset_rate": 3.99070954323,
    "beats_loudness_band_ratio": {
        "mean": [0.465311855078, 0.185494214296, 0.207857459784, 0.0870445668697, 0.0508874356747, 0.0356650389731],
        "var": [0.0565654337406, 0.0158793330193, 0.0364853478968, 0.00543601019308, 0.00352169526741, 0.00166496215388]
    },
    "beats_position": [0.476009070873, 0.940408170223, 1.39319729805, 1.84598636627, 2.29877543449, 2.73995471001, 3.1811337471, 3.63392281532, 4.08671188354, 4.53950119019, 4.99229001999, 5.44507932663, 5.89786815643, 6.35065746307, 6.82666635513, 7.30267572403, 7.77868461609, 8.25469398499, 8.74231243134, 9.21832180023, 9.682721138, 10.1355104446, 10.5882987976, 11.0294780731, 11.4822673798, 11.9350566864, 12.3994560242, 12.840634346, 13.2934236526, 13.7578229904, 14.2106122971, 14.66340065, 15.1161899567, 15.5573692322, 16.0101585388, 16.4745578766, 16.9505672455, 17.4381847382, 17.9606342316, 18.483083725, 19.0171432495, 19.4815406799, 19.9343299866, 20.3871192932, 20.8282985687, 21.2694778442, 21.7222671509, 22.1634464264, 22.616235733, 23.0806350708, 23.5450344086, 24.009431839, 24.4506111145, 24.8801803589, 25.3561897278, 25.8205890656, 26.3082084656, 26.7609977722, 27.2137870789, 27.6549663544, 28.1193637848, 28.5837631226, 29.0481624603, 29.500951767, 29.9537410736, 30.4297504425, 30.9173698425, 31.4049873352, 31.8926067352, 32.3686180115, 32.8214035034, 33.2741928101, 33.7385940552, 34.1797714233, 34.63256073, 35.0853500366, 35.5381393433, 35.9909286499, 36.4321098328, 36.8732872009, 37.3376846313, 37.790473938, 38.2432632446, 38.7076644897, 39.1720619202, 39.6248512268, 40.0776405334, 40.5420417786, 41.006439209, 41.4592285156, 41.9120178223, 42.3648071289, 42.8175964355, 43.281993866, 43.7463951111, 44.1875724792, 44.6519737244]
},
"tonal": {
    "chords_changes_rate": 0.0442386828363,
    "chords_number_rate": 0.00925925932825,
    "chords_strength": {
        "mean": 0.542872726917,
        "var": 0.0107603054494
    },
    "hpcp_entropy": {
        "mean": 1.84139239788,
        "var": 0.463406950235
    },
    "key_strength": 0.828566610813,
    "tuning_diatonic_strength": 0.624386787415,
    "tuning_equal_tempered_deviation": 0.26742914319,
    "tuning_frequency": 434.193115234,
    "tuning_nontempered_energy_ratio": 0.972636163235,
    "hpcp": {
        "mean": [0.249181494117, 0.301962405443, 0.144587829709, 0.0488439016044, 0.041587729007, 0.0581545233727, 0.148956134915, 0.198507711291, 0.123358562589, 0.0880144536495, 0.101288199425, 0.108880937099, 0.184081718326, 0.221203610301, 0.149703666568, 0.161115139723, 0.226094871759, 0.173995777965, 0.0875824987888, 0.0603241100907, 0.0750458464026, 0.246738374233, 0.331816375256, 0.198592811823, 0.12753751874, 0.0861619114876, 0.0700577944517, 0.135479643941, 0.14799465239, 0.0826727673411, 0.0433260165155, 0.0326776094735, 0.0344176702201, 0.067254729569, 0.0892460569739, 0.105283819139],
        "var": [0.0893569141626, 0.124924845994, 0.046711422503, 0.0158168002963, 0.0147647690028, 0.0196552909911, 0.052467636764, 0.0892427712679, 0.0378467552364, 0.0358644537628, 0.0431169457734, 0.0431767441332, 0.0684558600187, 0.0815091580153, 0.0473714061081, 0.0603551864624, 0.11901254952, 0.0908956378698, 0.0346360653639, 0.0208766106516, 0.0260075274855, 0.0774668976665, 0.133372366428, 0.0574460290372, 0.0639496445656, 0.0283404588699, 0.0240753460675, 0.0516572073102, 0.056279271841, 0.0210875812918, 0.010618631728, 0.00783748459071, 0.0081912567839, 0.0191435683519, 0.0292677767575, 0.0265628807247]
    },
    "chords_histogram": [47.9423866272, 10.4938268661, 1.44032919407, 0, 4.83539104462, 0, 0, 0, 0, 0, 0, 0, 0, 0, 0, 5.24691343307, 0, 8.33333301544, 0, 0, 0, 4.01234579086, 13.0658435822, 4.62962961197],
    "thpcp": [1, 0.598502159119, 0.384361743927, 0.25966745615, 0.21113422513, 0.408297032118, 0.446013718843, 0.249152168632, 0.130572274327, 0.0984809994698, 0.10372505337, 0.202686592937, 0.268962174654, 0.317295432091, 0.750962018967, 0.910028636456, 0.435746520758, 0.147201597691, 0.125333562493, 0.175261154771, 0.448911339045, 0.598245680332, 0.371767550707, 0.265250474215, 0.305253773928, 0.328136116266, 0.554769814014, 0.666644632816, 0.451164186001, 0.485555112362, 0.68138551712, 0.524373710155, 0.26394867897, 0.181799679995, 0.226166799664, 0.743599176407],
    "chords_key": "A",
    "chords_scale": "major",
    "key_key": "A",
    "key_scale": "major"
}
}