{
"lowlevel": {
    "average_loudness": 0.778054118156,
    "barkbands_crest": {
        "mean": 12.9888792038,
        "var": 20.4861392975
    },
    "barkbands_flatness_db": {
        "mean": 0.256059229374,
        "var": 0.00369043298997
    },
    "barkbands_kurtosis": {
        "mean": 6.09902715683,
        "var": 145.698791504
    },
    "barkbands_skewness": {
        "mean": 1.69517731667,
        "var": 1.87316179276
    },
    "barkbands_spread": {
        "mean": 13.2084608078,
        "var": 65.9681243896
    },
    "dissonance": {
        "mean": 0.412800580263,
        "var": 0.002428219188
    },
    "dynamic_complexity": 3.9775686264,
    "erbbands_crest": {
        "mean": 12.6766986847,
        "var": 25.5929527283
    },
    "erbbands_flatness_db": {
        "mean": 0.272930085659,
        "var": 0.00208294740878
    },
    "erbbands_kurtosis": {
        "mean": 0.743449807167,
        "var": 17.5460567474
    },
    "erbbands_skewness": {
        "mean": 0.589335918427,
        "var": 0.95386248827
    },
    "erbbands_spread": {
        "mean": 28.1399536133,
        "var": 128.88494873
    },
    "hfc": {
        "mean": 11.7318964005,
        "var": 246.134002686
    },
    "melbands_crest": {
        "mean": 17.0014247894,
        "var": 36.5181770325
    },
    "melbands_flatness_db": {
        "mean": 0.294055312872,
        "var": 0.00587083213031
    },
    "melbands_kurtosis": {
        "mean": 11.2521696091,
        "var": 206.107971191
    },
    "melbands_skewness": {
        "mean": 2.42490148544,
        "var": 2.01859021187
    },
    "melbands_spread": {
        "mean": 18.7662506104,
        "var": 243.835342407
    },
    "pitch_salience": {
        "mean": 0.471430271864,
        "var": 0.0127135878429
    },
    "silence_rate_20dB": {
        "mean": 1,
        "var": 0
    },
    "silence_rate_30dB": {
        "mean": 0.998970687389,
        "var": 0.00102828198578
    },
    "silence_rate_60dB": {
        "mean": 0.177560478449,
        "var": 0.146030455828
    },
    "spectral_centroid": {
        "mean": 1259.2689209,
        "var": 695997.625
    },
    "spectral_complexity": {
        "mean": 8.80288219452,
        "var": 16.4124660492
    },
    "spectral_decrease": {
        "mean": -3.57180263144e-009,
        "var": 1.39850681702e-017
    },
    "spectral_energy": {
        "mean": 0.0145449163392,
        "var": 0.000230541219935
    },
    "spectral_energyband_high": {
        "mean": 0.000194662017748,
        "var": 3.87875331853e-007
    },
    "spectral_energyband_low": {
        "mean": 0.00089166656835,
        "var": 3.3228952816e-006
    },
    "spectral_energyband_middle_high": {
        "mean": 0.00429305294529,
        "var": 4.92467734148e-005
    },
    "spectral_energyband_middle_low": {
        "mean": 0.00955639779568,
        "var": 0.000149988103658
    },
    "spectral_entropy": {
        "mean": 6.16500377655,
        "var": 0.315897077322
    },
    "spectral_flux": {
        "mean": 0.0364601686597,
        "var": 0.000944578321651
    },
    "spectral_kurtosis": {
        "mean": 11.168970108,
        "var": 110.747344971
    },
    "spectral_rms": {
        "mean": 0.00334122334607,
        "var": 3.02638068206e-006
    },
    "spectral_rolloff": {
        "mean": 1404.35754395,
        "var": 1609880.125
    },
    "spectral_skewness": {
        "mean": 1.96438729763,
        "var": 1.0575760603
    },
    "spectral_spread": {
        "mean": 2601991,
        "var": 2.50344610202e+012
    },
    "spectral_strongpeak": {
        "mean": 1.412114501,
        "var": 2.23953342438
    },
    "zerocrossingrate": {
        "mean": 0.0467986054718,
        "var": 0.00112081272528
    },
    "barkbands": {
        "mean": [6.51405741792e-007, 3.25194559991e-005, 0.000548467680346, 0.000583072542213, 0.00287957070395, 0.0018580541946, 0.00139138463419, 0.0024901619181, 0.000234750943491, 0.000947473105043, 0.00101602182258, 0.000296827754937, 6.41584774712e-005, 0.000307241163682, 0.000203533039894, 0.000479235430248, 0.000273664540146, 0.000190986625967, 0.000435770576587, 0.000262252724497, 2.80714666587e-005, 1.14553758976e-005, 6.16539682596e-006, 2.2361837182e-006, 7.98077792297e-007, 4.04264056897e-007, 7.577027894e-009],
        "var": [4.37481301185e-012, 8.10280198493e-009, 1.62061564879e-006, 2.54705491898e-006, 4.6634413593e-005, 1.46868915181e-005, 1.09622360469e-005, 6.55731855659e-005, 2.61179422978e-007, 4.72249757877e-006, 1.43014758578e-005, 9.13878977826e-007, 2.45338380722e-008, 5.19345576322e-007, 4.41109904159e-007, 1.46538275203e-006, 4.9445611694e-007, 5.60188539112e-007, 2.5767351417e-006, 4.00429428282e-007, 5.90725779404e-009, 1.68310876347e-009, 3.64869912062e-010, 5.69320042498e-011, 7.42410560112e-012, 1.70037757746e-012, 5.70756422607e-015]
    },
    "erbbands": {
        "mean": [0.00038358263555, 0.0170989092439, 0.409206777811, 1.6544598341, 5.84850549698, 9.96182537079, 11.4894666672, 17.5478935242, 22.4292469025, 46.8494338989, 23.7250804901, 6.53012132645, 21.1722583771, 22.7904262543, 49.5363044739, 11.7165298462, 3.87813019753, 7.79218053818, 14.9211950302, 21.7542381287, 16.3726787567, 13.3847284317, 11.1075649261, 31.5255794525, 11.3425474167, 10.657582283, 3.77978086472, 0.72624963522, 0.349157273769, 0.36444568634, 0.181099265814, 0.0665344595909, 0.0282084289938, 0.0116479769349, 0.00551138725132, 0.00265012518503, 0.000528976204805, 6.24861131655e-005, 9.42916449276e-006, 1.73441203515e-005],
        "var": [5.79512061449e-007, 0.00149759277701, 0.81799530983, 11.9838027954, 388.795959473, 480.673828125, 300.041534424, 1791.44995117, 2515.06176758, 23534.6972656, 3877.25341797, 149.882736206, 2051.26489258, 3054.43994141, 34033.3476563, 600.608032227, 55.320526123, 293.778930664, 1034.38879395, 1879.80371094, 1481.39367676, 1025.37194824, 394.804321289, 13438.3115234, 420.454925537, 815.981750488, 174.000823975, 3.55057764053, 1.00554859638, 2.69725441933, 0.323852419853, 0.0361673571169, 0.0104305678979, 0.00119705684483, 0.00048448346206, 7.92678329162e-005, 3.23808785652e-006, 1.43705463529e-007, 1.76357262127e-010, 3.29037824764e-010]
    },
    "gfcc": {
        "mean": [-121.850273132, 130.099441528, -167.701507568, 18.8561496735, -62.7488632202, -29.5259685516, -40.2121200562, -7.31392002106, -29.8769817352, -13.4918260574, -7.68586683273, -13.6765451431, -0.840566158295],
        "cov": [[6627.96630859, -709.757263184, -1260.43457031, 257.059753418, -216.451782227, -15.9958372116, -73.7046813965, 96.1954345703, -121.028381348, -134.692169189, -149.032394409, 127.770988464, 15.7004919052], [-709.757263184, 1964.98168945, 984.084106445, -139.096755981, 228.893966675, -161.785629272, -54.7853469849, -348.205963135, 9.92321586609, -134.558807373, -73.2667770386, -407.371124268, -18.4122085571], [-1260.43457031, 984.084106445, 1441.90820313, 123.942977905, 253.980560303, 180.983322144, -7.38455247879, -216.513442993, -197.870422363, -146.507598877, -213.772460938, -196.141586304, -114.412086487], [257.059753418, -139.096755981, 123.942977905, 449.890197754, 159.538894653, 166.998001099, 39.1866950989, -3.9801197052, -108.948310852, -53.7723884583, -87.1288604736, -52.8159103394, -46.5965843201], [-216.451782227, 228.893966675, 253.980560303, 159.538894653, 289.055328369, 124.257408142, 28.50041008, -61.43201828, -69.8112411499, -45.7791862488, -87.7874755859, -70.9664077759, -20.8831958771], [-15.9958372116, -161.785629272, 180.983322144, 166.998001099, 124.257408142, 271.013824463, 52.3362541199, 17.4847488403, -102.009429932, -42.5238075256, -105.832138062, -4.36059331894, -29.793182373], [-73.7046813965, -54.7853469849, -7.38455247879, 39.1866950989, 28.50041008, 52.3362541199, 179.816207886, 85.6664123535, -17.0033378601, -20.0164222717, 0.607385635376, -5.21705913544, -14.323638916], [96.1954345703, -348.205963135, -216.513442993, -3.9801197052, -61.43201828, 17.4847488403, 85.6664123535, 263.887237549, 98.6198348999, 30.8403892517, 37.8119049072, 57.9362335205, -51.3128623962], [-121.028381348, 9.92321586609, -197.870422363, -108.948310852, -69.8112411499, -102.009429932, -17.0033378601, 98.6198348999, 245.125808716, 62.0978012085, 83.8381576538, -2.01502108574, -30.4260063171], [-134.692169189, -134.558807373, -146.507598877, -53.7723884583, -45.7791862488, -42.5238075256, -20.0164222717, 30.8403892517, 62.0978012085, 160.324035645, 67.2066802979, 29.1943664551, 13.7891521454], [-149.032394409, -73.2667770386, -213.772460938, -87.1288604736, -87.7874755859, -105.832138062, 0.607385635376, 37.8119049072, 83.8381576538, 67.2066802979, 182.844985962, 53.7104377747, 11.2569885254], [127.770988464, -407.371124268, -196.141586304, -52.8159103394, -70.9664077759, -4.36059331894, -5.21705913544, 57.9362335205, -2.01502108574, 29.1943664551, 53.7104377747, 250.703216553, 45.6735305786], [15.7004919052, -18.4122085571, -114.412086487, -46.5965843201, -20.8831958771, -29.793182373, -14.323638916, -51.3128623962, -30.4260063171, 13.7891521454, 11.2569885254, 45.6735305786, 160.243896484]],
        "icov": [[0.000275299302302, -0.000285160844214, 0.000528614444192, -0.00027606045478, 0.00035450202995, -0.000108252221253, 0.000215791675146, -0.000132752204081, 0.000383973208955, 0.000146108330227, 0.000572066986933, -0.000314902339596, 0.000350163900293], [-0.000285160844214, 0.00260828016326, -0.00185033446178, 0.00116111163516, -0.00170991686173, 0.00189116748516, -0.00073815806536, 0.00159435602836, -0.00157300522551, 0.00098930275999, -0.0012117595179, 0.00268629193306, -0.00114685040899], [0.000528614444192, -0.00185033446178, 0.00294172740541, -0.00067461055005, 0.000967201078311, -0.00151870283298, 0.000638159166556, -0.000313232303597, 0.00181004032493, -5.88828115724e-005, 0.00197849213146, -0.00156810728367, 0.00209692190401], [-0.00027606045478, 0.00116111163516, -0.00067461055005, 0.0040828641504, -0.00215107481927, -0.000461111252662, -0.000188654055819, 0.000309657101752, 0.000323769520037, 0.000574022647925, -0.000851134653203, 0.0017575341044, 0.000153197019245], [0.00035450202995, -0.00170991686173, 0.000967201078311, -0.00215107481927, 0.00696310587227, -0.00264942296781, -0.000395970972022, 0.000383001606679, 0.000361292681191, -0.000535999482963, 0.00180451991037, -0.00127382937353, 0.000686992600095], [-0.000108252221253, 0.00189116748516, -0.00151870283298, -0.000461111252662, -0.00264942296781, 0.00851823203266, -0.00132447388023, -0.000188352845726, 0.000515313469805, 0.000227637472562, 0.00180909049232, 0.00088951253565, -0.00023311622499], [0.000215791675146, -0.00073815806536, 0.000638159166556, -0.000188654055819, -0.000395970972022, -0.00132447388023, 0.00820762477815, -0.00411006528884, 0.00220442330465, 0.000983058940619, -0.00104485801421, 0.000311304233037, -0.000266858376563], [-0.000132752204081, 0.00159435602836, -0.000313232303597, 0.000309657101752, 0.000383001606679, -0.000188352845726, -0.00411006528884, 0.00889989733696, -0.0039742719382, 0.000176914865733, 0.000201514019864, 2.33484097407e-005, 0.00176936842036], [0.000383973208955, -0.00157300522551, 0.00181004032493, 0.000323769520037, 0.000361292681191, 0.000515313469805, 0.00220442330465, -0.0039742719382, 0.00870911963284, -0.00132719951216, -0.000312284944812, -0.000284078909317, 0.00210618204437], [0.000146108330227, 0.00098930275999, -5.88828115724e-005, 0.000574022647925, -0.000535999482963, 0.000227637472562, 0.000983058940619, 0.000176914865733, -0.00132719951216, 0.008673902601, -0.00228536711074, 0.00105380592868, -0.000796987093054], [0.000572066986933, -0.0012117595179, 0.00197849213146, -0.000851134653203, 0.00180451991037, 0.00180909049232, -0.00104485801421, 0.000201514019864, -0.000312284944812, -0.00228536711074, 0.0109359454364, -0.00280348048545, 0.00168067589402], [-0.000314902339596, 0.00268629193306, -0.00156810728367, 0.0017575341044, -0.00127382937353, 0.00088951253565, 0.000311304233037, 2.33484097407e-005, -0.000284078909317, 0.00105380592868, -0.00280348048545, 0.00825088098645, -0.00253373989835], [0.000350163900293, -0.00114685040899, 0.00209692190401, 0.000153197019245, 0.000686992600095, -0.00023311622499, -0.000266858376563, 0.00176936842036, 0.00210618204437, -0.000796987093054, 0.00168067589402, -0.00253373989835, 0.00927764642984]]
    },
    "melbands": {
        "mean": [5.20714093e-006, 0.000153613349539, 0.000363095110515, 0.000632341951132, 0.000411186454585, 0.000402449339163, 0.0002937951067, 0.000571795564611, 0.000147555721924, 3.45271255355e-005, 0.000114748596388, 9.85999358818e-005, 0.000139689262141, 7.00187592884e-005, 1.39624926305e-005, 6.86567364028e-006, 1.68631959241e-005, 2.71772660199e-005, 1.96877172129e-005, 4.48136852356e-005, 1.18867556012e-005, 1.18906873467e-005, 1.50739660967e-005, 9.14742031455e-006, 2.95394729619e-005, 9.01969269762e-006, 7.70830683905e-006, 7.66499942984e-006, 3.23768040289e-006, 6.63943069412e-007, 3.00537777775e-007, 2.12345952377e-007, 1.88575967286e-007, 1.77097916776e-007, 1.05079124069e-007, 6.84405208062e-008, 3.3174540448e-008, 1.95239024947e-008, 1.68966600711e-008, 7.58650386956e-009],
        "var": [1.698785973e-010, 1.18919189163e-007, 6.18463104729e-007, 3.16649629895e-006, 3.54916096512e-007, 7.4565906516e-007, 4.35201030768e-007, 3.61089837497e-006, 1.27673757788e-007, 6.47480336013e-009, 6.5779325098e-008, 6.3271329509e-008, 2.84017829699e-007, 4.36831228967e-008, 9.83666148535e-010, 3.62037372303e-010, 1.27926091942e-009, 4.63596050437e-009, 4.90898699468e-009, 1.39622517992e-008, 1.4044393426e-009, 9.71510760728e-010, 1.76752945613e-009, 6.87889911699e-010, 1.33712401151e-008, 6.01487359919e-010, 2.64220256785e-010, 7.11097070116e-010, 2.01379704579e-010, 2.95761310408e-012, 1.03764804908e-012, 6.39104817245e-013, 1.06574070315e-012, 5.77984166604e-013, 1.51073435446e-013, 4.81619308508e-014, 1.18088971287e-014, 5.30509652118e-015, 5.38378291736e-015, 5.16840604992e-016]
    },
    "mfcc": {
        "mean": [-763.112365723, 150.847183228, -35.8345336914, 33.6909866333, -14.8520565033, -22.1235733032, -8.45301437378, -11.7453298569, -17.616443634, -4.49735879898, -19.0202217102, -11.0258483887, -0.759936630726],
        "cov": [[4771.87304688, -648.903259277, -1014.74328613, 243.248718262, -277.713287354, -15.1365327835, -190.705413818, 172.844909668, -54.242023468, 82.7811203003, -108.838012695, -74.6241149902, -94.1160507202], [-648.903259277, 1867.0925293, 530.191101074, -36.1273078918, 199.787185669, 84.7029647827, 76.2342910767, -251.7290802, -46.862323761, -41.8632659912, 86.2677764893, -114.104545593, -386.374786377], [-1014.74328613, 530.191101074, 1068.1763916, -13.7348642349, 165.331634521, 191.228271484, 178.193344116, 59.7461776733, 28.646188736, -72.2367019653, -33.8320121765, -115.271476746, -124.404525757], [243.248718262, -36.1273078918, -13.7348642349, 257.036956787, 60.8025665283, 40.8506126404, 44.7577285767, 28.5668754578, 18.7525634766, 22.9513626099, 4.59896612167, -1.8608237505, -13.3661575317], [-277.713287354, 199.787185669, 165.331634521, 60.8025665283, 278.065551758, 148.770507813, 68.2569961548, 5.66505432129, 16.3055419922, -8.01085281372, 3.33081960678, -43.1036529541, -52.9717063904], [-15.1365327835, 84.7029647827, 191.228271484, 40.8506126404, 148.770507813, 325.320373535, 154.870681763, 2.87057733536, 17.385892868, -19.3961429596, -62.0380363464, -159.708786011, -91.7056503296], [-190.705413818, 76.2342910767, 178.193344116, 44.7577285767, 68.2569961548, 154.870681763, 278.233612061, 43.2676620483, 39.8133354187, 32.144733429, -20.7700977325, -90.6042633057, -79.7232894897], [172.844909668, -251.7290802, 59.7461776733, 28.5668754578, 5.66505432129, 2.87057733536, 43.2676620483, 255.312240601, 71.9997177124, -6.56230449677, -7.15334701538, 57.1845245361, 85.2321243286], [-54.242023468, -46.862323761, 28.646188736, 18.7525634766, 16.3055419922, 17.385892868, 39.8133354187, 71.9997177124, 166.563354492, 20.4032897949, -13.8383712769, 44.965637207, 11.2575139999], [82.7811203003, -41.8632659912, -72.2367019653, 22.9513626099, -8.01085281372, -19.3961429596, 32.144733429, -6.56230449677, 20.4032897949, 197.024688721, 92.4000320435, -14.995470047, -89.0930480957], [-108.838012695, 86.2677764893, -33.8320121765, 4.59896612167, 3.33081960678, -62.0380363464, -20.7700977325, -7.15334701538, -13.8383712769, 92.4000320435, 203.347396851, 76.5833969116, -70.2514724731], [-74.6241149902, -114.104545593, -115.271476746, -1.8608237505, -43.1036529541, -159.708786011, -90.6042633057, 57.1845245361, 44.965637207, -14.995470047, 76.5833969116, 357.001739502, 196.942886353], [-94.1160507202, -386.374786377, -124.404525757, -13.3661575317, -52.9717063904, -91.7056503296, -79.7232894897, 85.2321243286, 11.2575139999, -89.0930480957, -70.2514724731, 196.942886353, 425.335510254]],
        "icov": [[0.000395724870032, -6.19968632236e-005, 0.000402863573981, -0.000397568801418, 0.00045734437299, -0.000431098975241, 0.000407938146964, -0.000643494538963, 0.000332094816258, -0.000188074322068, 0.00047368631931, -0.000103218517324, 0.000383850943763], [-6.19968632236e-005, 0.00100376491901, -0.00046020100126, 0.000174817061634, -0.000614157412201, 0.000451994652394, -0.000255733903032, 0.00102914404124, -0.000145876503666, 0.000631804636214, -0.000351068592863, -0.000214918327401, 0.000713527726475], [0.000402863573981, -0.00046020100126, 0.0018099101726, -0.000151647938765, 0.000187142606592, -0.00070791359758, -7.85283118603e-005, -0.00133928016294, 0.000321739178617, 0.000261712411884, 0.00046236187336, 6.48534478387e-005, 0.000412678055], [-0.000397568801418, 0.000174817061634, -0.000151647938765, 0.00473842583597, -0.00148457300384, 0.000375770760002, -0.000931148126256, 0.000309380906401, -0.000346211803844, -0.000171398947714, -0.000315293465974, -0.000147676226334, -0.000175452805706], [0.00045734437299, -0.000614157412201, 0.000187142606592, -0.00148457300384, 0.00615931814536, -0.00321561098099, 0.000940597208682, -0.00107153702993, 0.000211377206142, -0.00028085289523, -0.000110707442218, -0.000417027331423, 0.00012657121988], [-0.000431098975241, 0.000451994652394, -0.00070791359758, 0.000375770760002, -0.00321561098099, 0.00715976627544, -0.00282250717282, 0.00121629086789, -0.000878178863786, 0.00120371847879, 5.69453986827e-005, 0.00195099925622, -0.00012817386596], [0.000407938146964, -0.000255733903032, -7.85283118603e-005, -0.000931148126256, 0.000940597208682, -0.00282250717282, 0.00621700100601, -0.0016240630066, -0.000201532326173, -0.00158707483206, 0.000901249761228, 0.000109839515062, 0.000575945246965], [-0.000643494538963, 0.00102914404124, -0.00133928016294, 0.000309380906401, -0.00107153702993, 0.00121629086789, -0.0016240630066, 0.00702195847407, -0.00256158947013, 0.0010171730537, -0.00155552325305, -3.50251866621e-005, -0.00113208824769], [0.000332094816258, -0.000145876503666, 0.000321739178617, -0.000346211803844, 0.000211377206142, -0.000878178863786, -0.000201532326173, -0.00256158947013, 0.00822399742901, -0.00181934703141, 0.00252952659503, -0.00218128762208, 0.00116575218271], [-0.000188074322068, 0.000631804636214, 0.000261712411884, -0.000171398947714, -0.00028085289523, 0.00120371847879, -0.00158707483206, 0.0010171730537, -0.00181934703141, 0.00844538863748, -0.00414888933301, 0.00114743527956, 0.000927337619942], [0.00047368631931, -0.000351068592863, 0.00046236187336, -0.000315293465974, -0.000110707442218, 5.69453986827e-005, 0.000901249761228, -0.00155552325305, 0.00252952659503, -0.00414888933301, 0.00971086882055, -0.00340517819859, 0.00263497186825], [-0.000103218517324, -0.000214918327401, 6.48534478387e-005, -0.000147676226334, -0.000417027331423, 0.00195099925622, 0.000109839515062, -3.50251866621e-005, -0.00218128762208, 0.00114743527956, -0.00340517819859, 0.00628547091037, -0.00298212445341], [0.000383850943763, 0.000713527726475, 0.000412678055, -0.000175452805706, 0.00012657121988, -0.00012817386596, 0.000575945246965, -0.00113208824769, 0.00116575218271, 0.000927337619942, 0.00263497186825, -0.00298212445341, 0.00550173036754]]
    },
    "spectral_contrast_coeffs": {
        "mean": [-0.532672703266, -0.614328861237, -0.642843604088, -0.659207880497, -0.675416886806, -0.720695257187],
        "var": [0.0155726214871, 0.0121397543699, 0.00925264321268, 0.00719267129898, 0.00825118366629, 0.00370015436783]
    },
    "spectral_contrast_valleys": {
        "mean": [-9.54190349579, -8.02796268463, -9.07364749908, -9.72186279297, -9.50666046143, -13.0450668335],
        "var": [1.28411722183, 1.23884034157, 0.990832865238, 1.0242177248, 0.984309375286, 0.664411246777]
    }
},
"metadata": {
    "audio_properties": {
        "analysis_sample_rate": 44100,
        "bit_rate": 99889,
        "equal_loudness": 0,
        "length": 45.0873451233,
        "lossless": 0,
        "replay_gain": -3.33260154724,
        "sample_rate": 44100,
        "codec": "mp3",
        "downmix": "mix",
        "md5_encoded": "b4d844e39242db521c4693886feabb2c"
    },
    "tags": {
        "file_name": "304.mp3"
    },
    "version": {
        "essentia": "2.1-beta2",
        "essentia_git_sha": "v2.1_beta2",
        "extractor": "music 1.0"
    }
},
"rhythm": {
    "beats_count": 82,
    "beats_loudness": {
        "mean": 0.0188226476312,
        "var": 0.000301267195027
    },
    "bpm": 147.471740723,
    "bpm_histogram_first_peak_bpm": {
        "mean": 148,
        "var": 0
    },
    "bpm_histogram_first_peak_spread": {
        "mean": 0.52941173315,
        "var": 0
    },
    "bpm_histogram_first_peak_weight": {
        "mean": 0.0987654328346,
        "var": 0
    },
    "bpm_histogram_second_peak_bpm": {
        "mean": 82,
        "var": 0
    },
    "bpm_histogram_second_peak_spread": {
        "mean": 0.411764681339,
        "var": 0
    },
    "bpm_histogram_second_peak_weight": {
        "mean": 0.123456791043,
        "var": 0
    },
    "danceability": 1.07830023766,
    "onset_rate": 3.48078536987,
    "beats_loudness_band_ratio": {
        "mean": [0.203584596515, 0.428545594215, 0.209883898497, 0.130503416061, 0.078897960484, 0.0448066815734],
        "var": [0.066431581974, 0.0806028693914, 0.0588542968035, 0.020793216303, 0.00724752712995, 0.00727704400197]
    },
    "beats_position": [0.301859408617, 0.603718817234, 0.917188167572, 1.23065757751, 1.5673469305, 1.89242625237, 2.22911548615, 2.54258489609, 2.87927436829, 3.29723358154, 3.7151927948, 4.13315200806, 4.55111122131, 4.96907043457, 5.3754196167, 5.78176879883, 6.1648979187, 6.54802703857, 6.91954612732, 7.31428575516, 7.72063493729, 8.12698364258, 8.53333282471, 8.93968200684, 9.33442115784, 9.74077033997, 10.1355104446, 10.5418596268, 10.9249887466, 11.3081178665, 11.7028570175, 12.1904764175, 12.689704895, 13.2005443573, 13.6997728348, 14.1990022659, 14.6750106812, 15.2206802368, 15.7663488388, 16.3236274719, 16.8809070587, 17.4381847382, 18.0070743561, 18.575963974, 19.1332416534, 19.7253513336, 20.3174591064, 20.9908390045, 21.6758270264, 22.3608150482, 22.9761447906, 23.6030826569, 24.2184123993, 24.8453502655, 25.5651702881, 26.2965984344, 27.0280265808, 27.7710647583, 28.4212245941, 29.0713825226, 29.7679805756, 30.4645805359, 31.17278862, 31.8809967041, 32.5775947571, 33.2974128723, 34.0172348022, 34.7602729797, 35.5033111572, 36.211517334, 36.9197273254, 37.6511573792, 38.3825836182, 39.0559616089, 39.7293434143, 40.3911094666, 41.0528793335, 41.703037262, 42.3415870667, 42.9801368713, 43.6186828613, 44.257232666]
},
"tonal": {
    "chords_changes_rate": 0.105967074633,
    "chords_number_rate": 0.0185185186565,
    "chords_strength": {
        "mean": 0.455638229847,
        "var": 0.0121953058988
    },
    "hpcp_entropy": {
        "mean": 1.35892677307,
        "var": 0.467902451754
    },
    "key_strength": 0.675562798977,
    "tuning_diatonic_strength": 0.444697856903,
    "tuning_equal_tempered_deviation": 0.132846578956,
    "tuning_frequency": 442.548919678,
    "tuning_nontempered_energy_ratio": 0.824084937572,
    "hpcp": {
        "mean": [0.0707937479019, 0.0560599267483, 0.144577220082, 0.160027489066, 0.065466105938, 0.0441146492958, 0.0443510003388, 0.071376979351, 0.221227392554, 0.241795942187, 0.113905832171, 0.140742644668, 0.15089532733, 0.0700566098094, 0.0746499970555, 0.0691408142447, 0.0382186584175, 0.0820748433471, 0.0990100800991, 0.0498816668987, 0.0618334151804, 0.0824223682284, 0.0691907405853, 0.109206661582, 0.0887636989355, 0.0295360423625, 0.0532569028437, 0.0560494996607, 0.0409756600857, 0.0862990990281, 0.102254711092, 0.118578016758, 0.241712883115, 0.227780535817, 0.0836136713624, 0.0695526897907],
        "var": [0.0477072671056, 0.016020430252, 0.0715710222721, 0.0829756632447, 0.0147446794435, 0.0214293394238, 0.0224071145058, 0.0191447641701, 0.10691087693, 0.131286010146, 0.0388213954866, 0.0735935419798, 0.0840287655592, 0.0174162406474, 0.0414362028241, 0.0350854508579, 0.0108583243564, 0.0375693812966, 0.055542152375, 0.0157461035997, 0.0248686093837, 0.0493488758802, 0.0202469732612, 0.0725195556879, 0.046972643584, 0.00579061312601, 0.0262873601168, 0.0301744509488, 0.011213934049, 0.0487327650189, 0.0539920292795, 0.0414629727602, 0.129377990961, 0.120971143246, 0.0236170776188, 0.0421713702381]
    },
    "chords_histogram": [12.1399173737, 3.49794244766, 10.5967073441, 0.925925910473, 3.80658435822, 2.98353910446, 5.45267486572, 9.36213970184, 1.95473253727, 0.308641970158, 0, 0, 5.76131677628, 0.411522626877, 5.24691343307, 5.76131677628, 6.06995868683, 7.61316871643, 1.44032919407, 4.73251008987, 0, 1.13168728352, 2.88065838814, 7.92181062698],
    "thpcp": [1, 0.471082478762, 0.582071959972, 0.624060630798, 0.289734423161, 0.308731377125, 0.285946965218, 0.158061623573, 0.339438468218, 0.409477829933, 0.206296548247, 0.255725622177, 0.340875715017, 0.286153435707, 0.451648026705, 0.367101699114, 0.122152760625, 0.220255568624, 0.231804966927, 0.169463798404, 0.356908798218, 0.422896713018, 0.490405321121, 0.999656498432, 0.942036211491, 0.345802634954, 0.287650346756, 0.292783021927, 0.231848090887, 0.597930729389, 0.661828696728, 0.270749390125, 0.182445779443, 0.183423265815, 0.295195102692, 0.914934277534],
    "chords_key": "C",
    "chords_scale": "major",
    "key_key": "C",
    "key_scale": "major"
}
}