{
"lowlevel": {
    "average_loudness": 0.978003621101,
    "barkbands_crest": {
        "mean": 11.6634531021,
        "var": 16.0511341095
    },
    "barkbands_flatness_db": {
        "mean": 0.337590575218,
        "var": 0.00146838196088
    },
    "barkbands_kurtosis": {
        "mean": 2.20319318771,
        "var": 8.73237609863
    },
    "barkbands_skewness": {
        "mean": 0.965734362602,
        "var": 0.769970417023
    },
    "barkbands_spread": {
        "mean": 7.02845239639,
        "var": 9.34196472168
    },
    "dissonance": {
        "mean": 0.418541401625,
        "var": 0.00219773640856
    },
    "dynamic_complexity": 1.89036142826,
    "erbbands_crest": {
        "mean": 12.3718938828,
        "var": 25.5610275269
    },
    "erbbands_flatness_db": {
        "mean": 0.368996709585,
        "var": 0.000812586105894
    },
    "erbbands_kurtosis": {
        "mean": 1.05134606361,
        "var": 4.88692712784
    },
    "erbbands_skewness": {
        "mean": 0.365496993065,
        "var": 0.478237241507
    },
    "erbbands_spread": {
        "mean": 14.3012771606,
        "var": 32.3221702576
    },
    "hfc": {
        "mean": 15.8284358978,
        "var": 162.625244141
    },
    "melbands_crest": {
        "mean": 13.5608434677,
        "var": 21.2428474426
    },
    "melbands_flatness_db": {
        "mean": 0.427319675684,
        "var": 0.00180177541915
    },
    "melbands_kurtosis": {
        "mean": 3.08710336685,
        "var": 14.817814827
    },
    "melbands_skewness": {
        "mean": 1.18793702126,
        "var": 0.82644289732
    },
    "melbands_spread": {
        "mean": 11.5364875793,
        "var": 55.4333229065
    },
    "pitch_salience": {
        "mean": 0.541385412216,
        "var": 0.00989329069853
    },
    "silence_rate_20dB": {
        "mean": 1,
        "var": 0
    },
    "silence_rate_30dB": {
        "mean": 1,
        "var": 0
    },
    "silence_rate_60dB": {
        "mean": 0.00514668039978,
        "var": 0.00512035796419
    },
    "spectral_centroid": {
        "mean": 643.715942383,
        "var": 150678.9375
    },
    "spectral_complexity": {
        "mean": 14.8723621368,
        "var": 11.4968233109
    },
    "spectral_decrease": {
        "mean": -6.97521596038e-009,
        "var": 1.91291257286e-017
    },
    "spectral_energy": {
        "mean": 0.0277617853135,
        "var": 0.000306088651996
    },
    "spectral_energyband_high": {
        "mean": 3.19384389513e-006,
        "var": 4.85391171701e-011
    },
    "spectral_energyband_low": {
        "mean": 0.000911703915335,
        "var": 9.20878733268e-007
    },
    "spectral_energyband_middle_high": {
        "mean": 0.00656030839309,
        "var": 7.71378981881e-005
    },
    "spectral_energyband_middle_low": {
        "mean": 0.0215695109218,
        "var": 0.000212935832678
    },
    "spectral_entropy": {
        "mean": 6.25742578506,
        "var": 0.0908537060022
    },
    "spectral_flux": {
        "mean": 0.0601693242788,
        "var": 0.00139370723628
    },
    "spectral_kurtosis": {
        "mean": 39.5909156799,
        "var": 533.095031738
    },
    "spectral_rms": {
        "mean": 0.00494038546458,
        "var": 2.67725408776e-006
    },
    "spectral_rolloff": {
        "mean": 893.969848633,
        "var": 717500.875
    },
    "spectral_skewness": {
        "mean": 3.71008253098,
        "var": 2.037545681
    },
    "spectral_spread": {
        "mean": 1194538.5,
        "var": 1.84891618099e+012
    },
    "spectral_strongpeak": {
        "mean": 1.80227780342,
        "var": 2.81707334518
    },
    "zerocrossingrate": {
        "mean": 0.0315141193569,
        "var": 0.000501379370689
    },
    "barkbands": {
        "mean": [3.55184374712e-006, 7.61780174798e-005, 0.000352557486622, 0.000946472748183, 0.00723076565191, 0.00339215481654, 0.00352713372558, 0.0025229153689, 0.00268744584173, 0.00250929570757, 0.00108183280099, 0.0013289838098, 0.00128379871603, 0.000279922503978, 0.000187776735402, 0.00010926372488, 0.000179287366336, 3.16608930007e-005, 2.34920662479e-005, 5.39612801731e-006, 1.73451542196e-006, 1.66871814145e-007, 3.05091818475e-009, 1.72797620657e-009, 8.9037188733e-010, 7.93823562439e-010, 8.2810580615e-010],
        "var": [2.65891735712e-011, 1.35093980447e-008, 1.98572877252e-007, 1.70374823938e-006, 7.55479341024e-005, 1.45696985783e-005, 2.72155793937e-005, 1.32124314405e-005, 2.18025525101e-005, 2.91776941594e-005, 2.85030841951e-006, 7.02937950336e-006, 2.57738047367e-005, 1.33156774496e-007, 7.8457901509e-007, 1.49111389902e-008, 1.50174145119e-007, 1.72567482526e-009, 1.23137733343e-009, 8.33258947952e-011, 2.21363240238e-011, 1.85192518872e-013, 2.13348117656e-015, 1.63778359919e-016, 6.01889080533e-018, 3.01122611573e-018, 1.79287013714e-018]
    },
    "erbbands": {
        "mean": [0.00133069348522, 0.0255007520318, 0.32062214613, 2.18302297592, 11.353058815, 32.590423584, 30.1230125427, 20.0602684021, 35.4755744934, 68.2900238037, 46.7965812683, 62.9650878906, 88.7129745483, 44.8279495239, 44.1610069275, 65.1943969727, 49.1817970276, 14.485414505, 8.55468845367, 11.4570226669, 6.50814294815, 10.6772651672, 2.90040636063, 1.75240933895, 0.603568375111, 0.263565689325, 0.0753724649549, 0.0657291263342, 0.00858696363866, 0.000470268161735, 0.000116652052384, 6.75109840813e-005, 4.64436525363e-005, 3.14381031785e-005, 2.39079417952e-005, 1.78695754585e-005, 1.04896053017e-005, 2.64434061137e-006, 1.3731103536e-005, 3.16137629852e-005],
        "var": [1.34361278015e-006, 0.00146490044426, 0.131437182426, 6.8558177948, 165.558746338, 2398.36132813, 967.920227051, 328.092590332, 2197.86499023, 7879.67529297, 3797.76098633, 12264.6464844, 30003.671875, 6100.24560547, 2286.41210938, 27936.078125, 31949.8203125, 318.326293945, 169.037506104, 2239.54858398, 48.5770950317, 629.24597168, 16.636516571, 6.23330545425, 0.546638011932, 0.177372485399, 0.0126382661983, 0.0544453300536, 0.000370763591491, 9.49388686422e-006, 9.36906417337e-007, 1.42998985098e-007, 2.84393948391e-008, 2.50112575095e-009, 3.64000996012e-010, 1.63385152629e-010, 5.20224904821e-011, 5.00214973609e-012, 7.71924260623e-011, 4.03222011336e-010]
    },
    "gfcc": {
        "mean": [-142.205535889, 243.360671997, -174.431091309, -41.44871521, -16.1274700165, -59.5383071899, -14.8247146606, -18.7904758453, -28.5686283112, -13.9322805405, -12.9440412521, -12.6729812622, 2.10432577133],
        "cov": [[3451.49121094, 355.625427246, -524.766296387, 41.5707092285, -76.8347396851, -242.608886719, -62.1466712952, -133.343505859, -118.342720032, -87.5767822266, -90.4376678467, -55.1031684875, -28.1523303986], [355.625427246, 316.899749756, 27.4748897552, -49.8930168152, 65.1433639526, -43.6668319702, -31.9411258698, 4.40686798096, -25.9150428772, -8.70122623444, -0.400165498257, -35.665851593, 7.37625455856], [-524.766296387, 27.4748897552, 265.113708496, -10.4818954468, 24.494852066, 43.0275764465, -43.0437812805, 19.3496456146, -11.2049074173, -11.5858774185, 24.5618343353, -23.237487793, 2.94897723198], [41.5707092285, -49.8930168152, -10.4818954468, 158.87739563, 43.8857421875, 16.412815094, 26.8238964081, -37.5658683777, 1.60584557056, 4.38737201691, -19.9700832367, 20.0284862518, -14.8540992737], [-76.8347396851, 65.1433639526, 24.494852066, 43.8857421875, 121.281677246, 28.2185726166, -21.3893661499, -14.2641859055, -22.1411113739, 0.927695989609, 17.0465717316, 0.780088305473, -8.31675052643], [-242.608886719, -43.6668319702, 43.0275764465, 16.412815094, 28.2185726166, 126.556884766, 41.0862998962, -5.11645889282, 13.6934022903, -2.23510169983, 5.2890086174, 32.2073402405, -12.9579343796], [-62.1466712952, -31.9411258698, -43.0437812805, 26.8238964081, -21.3893661499, 41.0862998962, 124.66608429, 39.5053482056, 34.0846786499, 18.6063499451, -23.8265762329, 15.587562561, -4.2576341629], [-133.343505859, 4.40686798096, 19.3496456146, -37.5658683777, -14.2641859055, -5.11645889282, 39.5053482056, 115.994674683, 56.0639038086, 4.24117422104, 2.15822172165, -22.4809970856, -2.98653650284], [-118.342720032, -25.9150428772, -11.2049074173, 1.60584557056, -22.1411113739, 13.6934022903, 34.0846786499, 56.0639038086, 83.2773590088, 25.7154998779, -15.1589670181, 12.0339040756, 4.74690389633], [-87.5767822266, -8.70122623444, -11.5858774185, 4.38737201691, 0.927695989609, -2.23510169983, 18.6063499451, 4.24117422104, 25.7154998779, 63.2711334229, 37.5835456848, 10.1270151138, -0.51568210125], [-90.4376678467, -0.400165498257, 24.5618343353, -19.9700832367, 17.0465717316, 5.2890086174, -23.8265762329, 2.15822172165, -15.1589670181, 37.5835456848, 96.1784591675, 25.944524765, -24.9529743195], [-55.1031684875, -35.665851593, -23.237487793, 20.0284862518, 0.780088305473, 32.2073402405, 15.587562561, -22.4809970856, 12.0339040756, 10.1270151138, 25.944524765, 78.337059021, 12.1304273605], [-28.1523303986, 7.37625455856, 2.94897723198, -14.8540992737, -8.31675052643, -12.9579343796, -4.2576341629, -2.98653650284, 4.74690389633, -0.51568210125, -24.9529743195, 12.1304273605, 79.288192749]],
        "icov": [[0.000858388084453, -0.00156156148296, 0.0020667288918, -0.0015124741476, 0.00198242184706, -0.00041765376227, 0.00100924156141, -0.000176699031726, 0.000800276582595, 0.00105161650572, -0.000622729538009, 0.00075202313019, -7.50463368604e-005], [-0.00156156148296, 0.00793396215886, -0.00481956917793, 0.00625592796132, -0.00891454238445, 0.00477144075558, -0.00501053500921, 0.00374860223383, -0.00449892738834, 0.000965650135186, -7.95669766376e-005, 0.000279725820292, -1.66470526892e-005], [0.0020667288918, -0.00481956917793, 0.0108498968184, -0.00603975448757, 0.00703052477911, -0.00617021415383, 0.00664256000891, -0.00407820567489, 0.0041468963027, 0.00212675402872, -0.00329428422265, 0.00454556429759, -0.00238733971491], [-0.0015124741476, 0.00625592796132, -0.00603975448757, 0.0158770270646, -0.0127251474187, 0.00739278271794, -0.00941574200988, 0.00981186050922, -0.00861840695143, 0.00169175537303, 0.00227881106548, -0.00247207819484, 0.0034398145508], [0.00198242184706, -0.00891454238445, 0.00703052477911, -0.0127251474187, 0.0238220207393, -0.0121836457402, 0.0146234268323, -0.0140807926655, 0.017718013376, -0.0105416886508, 0.00564585532993, -0.00284639629535, 0.000733206339646], [-0.00041765376227, 0.00477144075558, -0.00617021415383, 0.00739278271794, -0.0121836457402, 0.0211018938571, -0.0169525742531, 0.0172596145421, -0.0191655643284, 0.0172260552645, -0.0111289927736, 0.00228036544286, 0.000340906699421], [0.00100924156141, -0.00501053500921, 0.00664256000891, -0.00941574200988, 0.0146234268323, -0.0169525742531, 0.0360953658819, -0.0353459827602, 0.0375639535487, -0.0389399304986, 0.0348770953715, -0.0215234849602, 0.0099506797269], [-0.000176699031726, 0.00374860223383, -0.00407820567489, 0.00981186050922, -0.0140807926655, 0.0172596145421, -0.0353459827602, 0.0589424334466, -0.0624411739409, 0.0556397326291, -0.050620239228, 0.0362080819905, -0.0141258947551], [0.000800276582595, -0.00449892738834, 0.0041468963027, -0.00861840695143, 0.017718013376, -0.0191655643284, 0.0375639535487, -0.0624411739409, 0.0867667272687, -0.0729241222143, 0.0655820742249, -0.044317971915, 0.0190761424601], [0.00105161650572, 0.000965650135186, 0.00212675402872, 0.00169175537303, -0.0105416886508, 0.0172260552645, -0.0389399304986, 0.0556397326291, -0.0729241222143, 0.0931399613619, -0.0755902454257, 0.0459693185985, -0.0236147977412], [-0.000622729538009, -7.95669766376e-005, -0.00329428422265, 0.00227881106548, 0.00564585532993, -0.0111289927736, 0.0348770953715, -0.050620239228, 0.0655820742249, -0.0755902454257, 0.0812753736973, -0.0505324006081, 0.0279667209834], [0.00075202313019, 0.000279725820292, 0.00454556429759, -0.00247207819484, -0.00284639629535, 0.00228036544286, -0.0215234849602, 0.0362080819905, -0.044317971915, 0.0459693185985, -0.0505324006081, 0.0499739944935, -0.0207055360079], [-7.50463368604e-005, -1.66470526892e-005, -0.00238733971491, 0.0034398145508, 0.000733206339646, 0.000340906699421, 0.0099506797269, -0.0141258947551, 0.0190761424601, -0.0236147977412, 0.0279667209834, -0.0207055360079, 0.024128805846]]
    },
    "melbands": {
        "mean": [1.54783283506e-005, 0.000114729111374, 0.000523239199538, 0.00168547220528, 0.00111683516297, 0.000521625741385, 0.000600530707743, 0.000739697774407, 0.000364808365703, 0.000408931693528, 0.000452855078038, 0.00018969240773, 0.000137320123031, 0.000131703563966, 0.000259305728832, 3.66365311493e-005, 2.65709077212e-005, 1.45054646055e-005, 1.70057955984e-005, 1.03079273686e-005, 6.87784540787e-006, 1.10243072413e-005, 5.48027992409e-006, 1.70740634076e-006, 1.45796764173e-006, 5.75835542804e-007, 2.85042943915e-007, 1.31991455987e-007, 4.47576944396e-008, 4.58813396165e-008, 3.09423988654e-008, 5.27545518381e-009, 2.12771453234e-010, 7.66822022547e-011, 4.40905853494e-011, 3.10118285218e-011, 2.4281873387e-011, 1.83570988271e-011, 1.33324089616e-011, 8.2068327828e-012],
        "var": [3.23965909654e-010, 2.02440944008e-008, 3.5737494386e-007, 4.73224235975e-006, 1.01614421055e-006, 2.42295158159e-007, 6.85863028593e-007, 8.90977560175e-007, 3.28281828388e-007, 5.75185936214e-007, 7.98504913746e-007, 1.43159326171e-007, 3.25822036018e-008, 4.58408280224e-008, 9.8762120615e-007, 7.79569742093e-009, 1.2705612118e-009, 3.95920435325e-010, 7.87272913527e-009, 3.65635105526e-010, 6.22904436365e-011, 5.84314041596e-010, 1.77896364306e-010, 5.5972062922e-012, 5.50631632304e-012, 7.21871672681e-013, 1.99721912186e-013, 5.29657494621e-014, 5.8393481531e-015, 2.32374917106e-014, 1.08167098393e-014, 1.45945312059e-016, 4.46628230814e-018, 2.07487213798e-018, 3.10209816157e-019, 1.00690246736e-019, 3.97065757954e-020, 1.54173767665e-020, 6.48061194033e-021, 5.41490735599e-022]
    },
    "mfcc": {
        "mean": [-750.831787109, 250.774368286, -52.7727622986, -5.66694736481, -1.13153529167, -28.4482841492, -4.33290863037, -9.16734218597, -11.051112175, -14.1721105576, -12.70657444, -4.71070718765, -8.41353797913],
        "cov": [[1364.82946777, 362.164245605, -479.247497559, 289.562011719, -83.0889358521, -100.777862549, 46.9177894592, -135.434051514, 22.4527816772, -76.492805481, -58.2101516724, 20.1685352325, -116.325630188], [362.164245605, 282.560699463, -14.4182529449, 10.2387247086, 34.5576019287, -45.3462638855, -9.8771686554, -11.4222688675, -36.8493614197, 0.681153595448, -28.8837299347, -38.689994812, -2.31845974922], [-479.247497559, -14.4182529449, 287.44039917, -101.132873535, 46.637008667, 39.2762336731, -19.4966945648, 58.3366622925, -18.7804279327, 37.6990776062, 14.6495771408, -25.9160385132, 50.6600799561], [289.562011719, 10.2387247086, -101.132873535, 172.233062744, 4.97881984711, -11.1560821533, 26.371137619, -49.3821411133, 14.8067588806, -17.2941627502, -16.0182533264, 21.580072403, -29.7881183624], [-83.0889358521, 34.5576019287, 46.637008667, 4.97881984711, 137.424758911, 43.9291038513, -14.8482017517, 13.1308393478, -43.0516815186, -8.86203479767, -10.130982399, -13.0386924744, 32.0424880981], [-100.777862549, -45.3462638855, 39.2762336731, -11.1560821533, 43.9291038513, 119.908889771, 38.4309463501, 5.88040065765, 1.50852668285, -40.8383026123, 1.42845523357, 31.030921936, 7.57034635544], [46.9177894592, -9.8771686554, -19.4966945648, 26.371137619, -14.8482017517, 38.4309463501, 76.5045700073, 16.6761188507, -2.44407963753, -10.6503753662, 7.11904621124, 32.6209068298, 2.523478508], [-135.434051514, -11.4222688675, 58.3366622925, -49.3821411133, 13.1308393478, 5.88040065765, 16.6761188507, 101.590637207, 41.3600082397, 10.8707828522, 32.4566421509, 6.80244684219, 6.29891109467], [22.4527816772, -36.8493614197, -18.7804279327, 14.8067588806, -43.0516815186, 1.50852668285, -2.44407963753, 41.3600082397, 131.32572937, 38.2993965149, -4.96546459198, -2.96748352051, -34.2387008667], [-76.492805481, 0.681153595448, 37.6990776062, -17.2941627502, -8.86203479767, -40.8383026123, -10.6503753662, 10.8707828522, 38.2993965149, 104.516525269, 15.9103212357, -39.5099563599, 7.66432094574], [-58.2101516724, -28.8837299347, 14.6495771408, -16.0182533264, -10.130982399, 1.42845523357, 7.11904621124, 32.4566421509, -4.96546459198, 15.9103212357, 93.2478713989, 47.5713386536, -5.1558303833], [20.1685352325, -38.689994812, -25.9160385132, 21.580072403, -13.0386924744, 31.030921936, 32.6209068298, 6.80244684219, -2.96748352051, -39.5099563599, 47.5713386536, 120.514404297, 40.6050949097], [-116.325630188, -2.31845974922, 50.6600799561, -29.7881183624, 32.0424880981, 7.57034635544, 2.523478508, 6.29891109467, -34.2387008667, 7.66432094574, -5.1558303833, 40.6050949097, 123.776802063]],
        "icov": [[1.27828598022, -1.80958509445, 1.82569158077, -1.82831180096, 1.79922783375, -1.72052919865, 1.59114813805, -1.37836277485, 1.12786376476, -0.877337813377, 0.612195730209, -0.346476703882, 0.162844911218], [-1.80958509445, 2.56670236588, -2.58650803566, 2.5927863121, -2.55546164513, 2.44689917564, -2.26377749443, 1.96158802509, -1.60533308983, 1.25053918362, -0.871922910213, 0.494616687298, -0.231834247708], [1.82569158077, -2.58650803566, 2.62054562569, -2.62466883659, 2.59268069267, -2.49041342735, 2.30941987038, -2.00732374191, 1.64541375637, -1.28414511681, 0.89663541317, -0.506930708885, 0.237656340003], [-1.82831180096, 2.5927863121, -2.62466883659, 2.65630817413, -2.62561058998, 2.5270113945, -2.35326552391, 2.05117988586, -1.68408930302, 1.31426632404, -0.920164346695, 0.519377112389, -0.243377491832], [1.79922783375, -2.55546164513, 2.59268069267, -2.62561058998, 2.61968588829, -2.52621245384, 2.35816502571, -2.06059885025, 1.69788634777, -1.32814776897, 0.933375775814, -0.527144610882, 0.246862322092], [-1.72052919865, 2.44689917564, -2.49041342735, 2.5270113945, -2.52621245384, 2.46027231216, -2.29857802391, 2.01140451431, -1.6614035368, 1.30823671818, -0.91824233532, 0.520349383354, -0.245212107897], [1.59114813805, -2.26377749443, 2.30941987038, -2.35326552391, 2.35816502571, -2.29857802391, 2.17358136177, -1.89978826046, 1.5709965229, -1.23810279369, 0.875562369823, -0.501547574997, 0.236126467586], [-1.37836277485, 1.96158802509, -2.00732374191, 2.05117988586, -2.06059885025, 2.01140451431, -1.89978826046, 1.68683195114, -1.39206171036, 1.09687769413, -0.78185749054, 0.444893807173, -0.211637511849], [1.12786376476, -1.60533308983, 1.64541375637, -1.68408930302, 1.69788634777, -1.6614035368, 1.5709965229, -1.39206171036, 1.16389489174, -0.917566537857, 0.653376042843, -0.374972730875, 0.181045070291], [-0.877337813377, 1.25053918362, -1.28414511681, 1.31426632404, -1.32814776897, 1.30823671818, -1.23810279369, 1.09687769413, -0.917566537857, 0.741245448589, -0.524503648281, 0.306879341602, -0.14822755754], [0.612195730209, -0.871922910213, 0.89663541317, -0.920164346695, 0.933375775814, -0.91824233532, 0.875562369823, -0.78185749054, 0.653376042843, -0.524503648281, 0.391503840685, -0.228187516332, 0.11143347621], [-0.346476703882, 0.494616687298, -0.506930708885, 0.519377112389, -0.527144610882, 0.520349383354, -0.501547574997, 0.444893807173, -0.374972730875, 0.306879341602, -0.228187516332, 0.148613601923, -0.0726422220469], [0.162844911218, -0.231834247708, 0.237656340003, -0.243377491832, 0.246862322092, -0.245212107897, 0.236126467586, -0.211637511849, 0.181045070291, -0.14822755754, 0.11143347621, -0.0726422220469, 0.0457158647478]]
    },
    "spectral_contrast_coeffs": {
        "mean": [-0.479251712561, -0.679395437241, -0.704082965851, -0.721557199955, -0.695469021797, -0.761788964272],
        "var": [0.00833353865892, 0.00431944429874, 0.00430080061778, 0.00275025493465, 0.00197567418218, 0.00578592531383]
    },
    "spectral_contrast_valleys": {
        "mean": [-8.65483665466, -6.37195491791, -7.07432603836, -8.2843875885, -9.76321125031, -14.3589830399],
        "var": [0.807583749294, 0.880677759647, 0.811687290668, 0.78399592638, 0.852741122246, 1.23546135426]
    }
},
"metadata": {
    "audio_properties": {
        "analysis_sample_rate": 44100,
        "bit_rate": 79726,
        "equal_loudness": 0,
        "length": 45.0873451233,
        "lossless": 0,
        "replay_gain": -12.2825202942,
        "sample_rate": 44100,
        "codec": "mp3",
        "downmix": "mix",
        "md5_encoded": "fc2af77d90ede2819e710f75888cf7f3"
    },
    "tags": {
        "file_name": "306.mp3"
    },
    "version": {
        "essentia": "2.1-beta2",
        "essentia_git_sha": "v2.1_beta2",
        "extractor": "music 1.0"
    }
},
"rhythm": {
    "beats_count": 78,
    "beats_loudness": {
        "mean": 0.0437839441001,
        "var": 0.000219303285121
    },
    "bpm": 104.781867981,
    "bpm_histogram_first_peak_bpm": {
        "mean": 103,
        "var": 0
    },
    "bpm_histogram_first_peak_spread": {
        "mean": 0.438596516848,
        "var": 0
    },
    "bpm_histogram_first_peak_weight": {
        "mean": 0.415584415197,
        "var": 0
    },
    "bpm_histogram_second_peak_bpm": {
        "mean": 108,
        "var": 0
    },
    "bpm_histogram_second_peak_spread": {
        "mean": 0.149999991059,
        "var": 0
    },
    "bpm_histogram_second_peak_weight": {
        "mean": 0.22077922523,
        "var": 0
    },
    "danceability": 1.55918300152,
    "onset_rate": 4.70016908646,
    "beats_loudness_band_ratio": {
        "mean": [0.143326029181, 0.446097105742, 0.327152907848, 0.16652828455, 0.0266767274588, 0.000827323354315],
        "var": [0.00978405587375, 0.0219382140785, 0.031127911061, 0.0116804502904, 0.000704218342435, 3.13376858685e-007]
    },
    "beats_position": [0.557278871536, 1.13777780533, 1.70666658878, 2.28716540337, 2.85605430603, 3.40172338486, 3.95900225639, 4.51628112793, 5.08516979218, 5.66566896439, 6.24616765976, 6.80344676971, 7.36072540283, 7.94122457504, 8.52172279358, 9.11383247375, 9.70594120026, 10.2748298645, 10.8437185287, 11.4242172241, 12.0047159195, 12.5736055374, 13.1424942017, 13.722992897, 14.3034915924, 14.8839902878, 15.4644899368, 16.0333786011, 16.6138763428, 17.1943759918, 17.7632656097, 18.3205432892, 18.9010429382, 19.4815406799, 20.062040329, 20.6309299469, 21.1998176575, 21.7803173065, 22.3375968933, 22.8948745728, 23.4405441284, 24.009431839, 24.589931488, 25.1704311371, 25.7277088165, 26.3082084656, 26.8887062073, 27.4459857941, 28.0032653809, 28.5605430603, 29.1410427094, 29.7215423584, 30.2788200378, 30.8477096558, 31.4165973663, 31.9854869843, 32.542766571, 33.0884361267, 33.6457138062, 34.2262115479, 34.8067131042, 35.3639907837, 35.9444885254, 36.5249862671, 37.0822677612, 37.6395454407, 38.2084350586, 38.7773246765, 39.3578224182, 39.9267120361, 40.4956016541, 41.0877075195, 41.6565971375, 42.2370948792, 42.8175964355, 43.4097061157, 43.9902038574, 44.5823135376]
},
"tonal": {
    "chords_changes_rate": 0.0493827164173,
    "chords_number_rate": 0.00720164598897,
    "chords_strength": {
        "mean": 0.504035234451,
        "var": 0.008749444969
    },
    "hpcp_entropy": {
        "mean": 1.4479919672,
        "var": 0.397785723209
    },
    "key_strength": 0.829723536968,
    "tuning_diatonic_strength": 0.57755446434,
    "tuning_equal_tempered_deviation": 0.00385313248262,
    "tuning_frequency": 444.341888428,
    "tuning_nontempered_energy_ratio": 0.592267453671,
    "hpcp": {
        "mean": [0.0229484271258, 0.0180169027299, 0.144020542502, 0.316587507725, 0.198240295053, 0.0499244406819, 0.0528309866786, 0.0390700213611, 0.155306696892, 0.260085225105, 0.13737615943, 0.0701823532581, 0.109651885927, 0.0607153177261, 0.0369814448059, 0.0600774548948, 0.0443994253874, 0.22493031621, 0.432101517916, 0.247692793608, 0.038645233959, 0.0198890343308, 0.0116210635751, 0.0812677741051, 0.151069611311, 0.0817002877593, 0.0264925099909, 0.0329066738486, 0.0207603480667, 0.115487001836, 0.213221505284, 0.123152382672, 0.126241222024, 0.235841646791, 0.141931474209, 0.026313284412],
        "var": [0.0115621453151, 0.00559121603146, 0.0326150730252, 0.150389030576, 0.0591073445976, 0.0144991436973, 0.0298165176064, 0.0116889243945, 0.0575672313571, 0.141112044454, 0.0358439981937, 0.0134301232174, 0.0466064587235, 0.0167851056904, 0.0125265493989, 0.0332286059856, 0.0118888663128, 0.0558285415173, 0.166439920664, 0.0648466348648, 0.00520901661366, 0.00309617142193, 0.000940415950026, 0.0242982134223, 0.0807012990117, 0.022481802851, 0.00679873349145, 0.0187772605568, 0.00441513443366, 0.0324279069901, 0.103247784078, 0.0367664769292, 0.030694199726, 0.1136803478, 0.0425419583917, 0.00548412557691]
    },
    "chords_histogram": [36.1111106873, 11.2139921188, 34.6707801819, 1.85185182095, 0.925925910473, 0, 0.823045253754, 0, 0, 0, 0, 0, 0, 0, 0, 0, 0, 0, 0, 0.925925910473, 0, 3.60082316399, 4.01234579086, 5.86419773102],
    "thpcp": [1, 0.573228240013, 0.0894355401397, 0.0460286140442, 0.0268942900002, 0.188075646758, 0.349616020918, 0.189076602459, 0.0613108463585, 0.076154962182, 0.0480450727046, 0.267268210649, 0.493452340364, 0.285007983446, 0.292156398296, 0.545801460743, 0.328467905521, 0.0608960688114, 0.0531088784337, 0.0416959933937, 0.333302557468, 0.73266929388, 0.45878174901, 0.115538686514, 0.122265219688, 0.0904186144471, 0.359421789646, 0.601907670498, 0.317925661802, 0.162420988083, 0.253764182329, 0.14051169157, 0.0855850875378, 0.139035508037, 0.102752298117, 0.520549714565],
    "chords_key": "G#",
    "chords_scale": "major",
    "key_key": "G#",
    "key_scale": "major"
}
}