{
"lowlevel": {
    "average_loudness": 0.968817353249,
    "barkbands_crest": {
        "mean": 7.763879776,
        "var": 7.89551925659
    },
    "barkbands_flatness_db": {
        "mean": 0.144775673747,
        "var": 0.000838664360344
    },
    "barkbands_kurtosis": {
        "mean": 1.53689980507,
        "var": 5.1348490715
    },
    "barkbands_skewness": {
        "mean": 0.965177893639,
        "var": 0.353923887014
    },
    "barkbands_spread": {
        "mean": 15.7645072937,
        "var": 41.7949371338
    },
    "dissonance": {
        "mean": 0.450547248125,
        "var": 0.000761820992921
    },
    "dynamic_complexity": 1.69832861423,
    "erbbands_crest": {
        "mean": 10.4090690613,
        "var": 15.5504512787
    },
    "erbbands_flatness_db": {
        "mean": 0.199572712183,
        "var": 0.000764762458857
    },
    "erbbands_kurtosis": {
        "mean": 0.796771407127,
        "var": 2.42644929886
    },
    "erbbands_skewness": {
        "mean": 0.511243999004,
        "var": 0.307871103287
    },
    "erbbands_spread": {
        "mean": 24.258272171,
        "var": 62.1244163513
    },
    "hfc": {
        "mean": 18.688495636,
        "var": 155.050720215
    },
    "melbands_crest": {
        "mean": 10.8564653397,
        "var": 16.182472229
    },
    "melbands_flatness_db": {
        "mean": 0.18891556561,
        "var": 0.00133911531884
    },
    "melbands_kurtosis": {
        "mean": 3.43488955498,
        "var": 14.6768827438
    },
    "melbands_skewness": {
        "mean": 1.35102581978,
        "var": 0.46088925004
    },
    "melbands_spread": {
        "mean": 22.0913677216,
        "var": 116.832984924
    },
    "pitch_salience": {
        "mean": 0.565809547901,
        "var": 0.00645471643656
    },
    "silence_rate_20dB": {
        "mean": 1,
        "var": 0
    },
    "silence_rate_30dB": {
        "mean": 0.998970150948,
        "var": 0.00102881493513
    },
    "silence_rate_60dB": {
        "mean": 0.00308959838003,
        "var": 0.00308004394174
    },
    "spectral_centroid": {
        "mean": 1190.70373535,
        "var": 332556.65625
    },
    "spectral_complexity": {
        "mean": 18.0581874847,
        "var": 14.2484025955
    },
    "spectral_decrease": {
        "mean": -5.86770498856e-009,
        "var": 1.48869415377e-017
    },
    "spectral_energy": {
        "mean": 0.0238411910832,
        "var": 0.000240453926381
    },
    "spectral_energyband_high": {
        "mean": 0.000299065141007,
        "var": 1.42287632343e-007
    },
    "spectral_energyband_low": {
        "mean": 0.00259722373448,
        "var": 7.46927207729e-006
    },
    "spectral_energyband_middle_high": {
        "mean": 0.00799709372222,
        "var": 4.63394353574e-005
    },
    "spectral_energyband_middle_low": {
        "mean": 0.0140798930079,
        "var": 0.000125102771563
    },
    "spectral_entropy": {
        "mean": 7.18916988373,
        "var": 0.0728324130177
    },
    "spectral_flux": {
        "mean": 0.0727081745863,
        "var": 0.000990253174677
    },
    "spectral_kurtosis": {
        "mean": 5.68990659714,
        "var": 6.12616157532
    },
    "spectral_rms": {
        "mean": 0.00461533712223,
        "var": 1.9582917048e-006
    },
    "spectral_rolloff": {
        "mean": 1353.87976074,
        "var": 930727.0625
    },
    "spectral_skewness": {
        "mean": 1.74649775028,
        "var": 0.110184393823
    },
    "spectral_spread": {
        "mean": 3427564,
        "var": 2.42783957811e+012
    },
    "spectral_strongpeak": {
        "mean": 1.60862600803,
        "var": 1.99752473831
    },
    "zerocrossingrate": {
        "mean": 0.0521259084344,
        "var": 0.00064794375794
    },
    "barkbands": {
        "mean": [9.46834916249e-006, 0.000753421976697, 0.00102561234962, 0.00159616104793, 0.00249253911898, 0.00219013891183, 0.00364717608318, 0.0022792594973, 0.00131027470343, 0.00249866582453, 0.00167026300915, 0.00121069035958, 0.000612361531239, 0.000325054134009, 0.000523948285263, 0.000380135024898, 0.000481753406348, 0.000171725288965, 0.000197990782908, 0.000253608741332, 7.99262925284e-005, 7.28659870219e-005, 2.189679617e-005, 2.0321485863e-005, 1.23288782561e-005, 3.55976885658e-006, 3.80258207144e-008],
        "var": [1.18359777534e-009, 1.44921875744e-006, 1.11782037493e-006, 1.40315678436e-005, 6.09573771726e-006, 6.84697033648e-006, 3.97944058932e-005, 1.04299124359e-005, 3.2124783047e-006, 2.03534327738e-005, 8.27456824481e-006, 3.24174561683e-006, 1.21023958854e-006, 2.11666161931e-007, 6.30507486221e-007, 7.70100655245e-007, 6.29742885394e-007, 9.50168939085e-008, 1.85590081969e-007, 1.81244104169e-007, 2.57416257199e-008, 7.96172638928e-009, 9.39507360798e-010, 7.50425444007e-010, 1.09751951971e-009, 2.54250648313e-010, 1.08953161909e-014]
    },
    "erbbands": {
        "mean": [0.00710881035775, 0.224483683705, 1.19267892838, 3.48378109932, 6.57689237595, 7.02238035202, 18.3906555176, 13.8536233902, 30.1872692108, 71.8008804321, 54.6735572815, 33.2279205322, 44.4785041809, 95.2872695923, 60.7614212036, 51.4445419312, 35.2002983093, 19.6384391785, 12.2780456543, 41.5857200623, 22.5561962128, 20.2641181946, 11.5976114273, 11.2832012177, 8.16738700867, 15.2145652771, 4.20880508423, 2.76432728767, 2.76369428635, 1.39225578308, 0.577143371105, 0.487848192453, 0.292384177446, 0.157410547137, 0.0683272257447, 0.030143994838, 0.00430130772293, 0.000472781452117, 2.3753649657e-005, 2.88142418867e-005],
        "var": [0.00014840226504, 0.123819693923, 2.0357542038, 39.160068512, 91.3284606934, 65.0483551025, 1053.54309082, 285.61050415, 2109.36889648, 20598.6308594, 5042.31152344, 2181.60791016, 3784.19702148, 30609.3554688, 7805.93994141, 4288.18652344, 3507.02832031, 586.742370605, 158.489120483, 5784.09716797, 1209.42724609, 784.655883789, 338.101654053, 477.394958496, 116.397148132, 776.831237793, 23.7463092804, 53.9333534241, 11.9693040848, 3.94052529335, 0.581587433815, 0.51249140501, 0.153532519937, 0.244522020221, 0.0288165230304, 0.0187675282359, 0.000140037154779, 9.4074999879e-007, 6.85037027104e-010, 3.3680208622e-010]
    },
    "gfcc": {
        "mean": [-7.31679105759, 119.05241394, -149.52897644, 18.3666687012, -72.9925308228, 5.0095000267, -35.6525154114, 1.83908677101, -26.7005405426, -5.72899723053, -17.2124538422, -7.20172834396, -6.9346370697],
        "cov": [[3774.13354492, -160.528030396, -278.506195068, -21.9534320831, -220.619140625, 77.1830215454, -122.414726257, 122.126113892, -131.751937866, 67.2227706909, -94.6910171509, 73.2385406494, -79.8309173584], [-160.528030396, 669.751220703, 4.13207817078, 35.47706604, 43.8310317993, -29.4348602295, 117.828811646, -87.8966293335, 113.822319031, -87.220664978, 53.3244094849, -79.347114563, 105.499076843], [-278.506195068, 4.13207817078, 292.892028809, 22.6573410034, 65.6610794067, 61.7249298096, 22.1527938843, 44.3527984619, -27.9221820831, 24.5038604736, -22.6895771027, 27.4134407043, -10.4264354706], [-21.9534320831, 35.47706604, 22.6573410034, 188.543411255, 83.7113342285, 10.8208913803, 8.99288463593, 2.06222081184, 29.8308124542, -19.7187156677, 11.5653820038, -17.1343574524, 20.6012458801], [-220.619140625, 43.8310317993, 65.6610794067, 83.7113342285, 145.860595703, 36.5235443115, 19.5108623505, 11.8238754272, 4.82382297516, -6.82356119156, 6.89544200897, 5.97983264923, 11.88326931], [77.1830215454, -29.4348602295, 61.7249298096, 10.8208913803, 36.5235443115, 115.296958923, 25.730594635, 25.3026237488, -23.3118400574, 8.19558334351, -8.90214252472, 10.1814117432, -7.07219171524], [-122.414726257, 117.828811646, 22.1527938843, 8.99288463593, 19.5108623505, 25.730594635, 103.954277039, 6.80302810669, 25.9333457947, -14.6689510345, 13.0018072128, -17.5657062531, 13.4136314392], [122.126113892, -87.8966293335, 44.3527984619, 2.06222081184, 11.8238754272, 25.3026237488, 6.80302810669, 90.2080688477, -7.76174688339, 19.6825675964, -10.7914190292, 18.5913085938, -22.909318924], [-131.751937866, 113.822319031, -27.9221820831, 29.8308124542, 4.82382297516, -23.3118400574, 25.9333457947, -7.76174688339, 111.089912415, 0.904170513153, 14.2088279724, -16.0920600891, 21.4178466797], [67.2227706909, -87.220664978, 24.5038604736, -19.7187156677, -6.82356119156, 8.19558334351, -14.6689510345, 19.6825675964, 0.904170513153, 81.9355545044, 3.6282043457, 11.7010450363, -22.1879730225], [-94.6910171509, 53.3244094849, -22.6895771027, 11.5653820038, 6.89544200897, -8.90214252472, 13.0018072128, -10.7914190292, 14.2088279724, 3.6282043457, 70.8913116455, -7.87818717957, 7.49224281311], [73.2385406494, -79.347114563, 27.4134407043, -17.1343574524, 5.97983264923, 10.1814117432, -17.5657062531, 18.5913085938, -16.0920600891, 11.7010450363, -7.87818717957, 77.5974502563, 7.95122861862], [-79.8309173584, 105.499076843, -10.4264354706, 20.6012458801, 11.88326931, -7.07219171524, 13.4136314392, -22.909318924, 21.4178466797, -22.1879730225, 7.49224281311, 7.95122861862, 100.162086487]],
        "icov": [[0.000591060030274, -0.000928100722376, 0.00110748305451, -0.00100486108568, 0.00132725690491, -0.000874922494404, 0.000776501256041, -0.00134195073042, 0.0012738800142, -0.00111134431791, 0.00102815160062, -0.00113917794079, 0.000635379459709], [-0.000928100722376, 0.00531555945054, -0.00289847282693, 0.00278005795553, -0.00305676204152, 0.0019601599779, -0.00355869461782, 0.00438930094242, -0.00467688310891, 0.00446308497339, -0.00319718685932, 0.00444674352184, -0.00335556780919], [0.00110748305451, -0.00289847282693, 0.00705697294325, -0.00241958373226, 0.0011466157157, -0.00282468833029, 0.0010428893147, -0.00415394315496, 0.0041546174325, -0.00426742294803, 0.00377890304662, -0.00383194885217, 0.00193042808678], [-0.00100486108568, 0.00278005795553, -0.00241958373226, 0.0101606734097, -0.00704245083034, 0.00145433994476, -0.000475225970149, 0.0021374009084, -0.00492058461532, 0.00436780042946, -0.00298770144582, 0.00491882441565, -0.00272732158192], [0.00132725690491, -0.00305676204152, 0.0011466157157, -0.00704245083034, 0.0141451964155, -0.0041086524725, 0.00150728691369, -0.00352445943281, 0.00362971657887, -0.00266105541959, 0.00159994873684, -0.0045663700439, 0.00174624437932], [-0.000874922494404, 0.0019601599779, -0.00282468833029, 0.00145433994476, -0.0041086524725, 0.0131252277642, -0.00486299907789, 0.000900579441804, 0.000471583509352, 0.000773818290327, -0.000564347545151, 0.00146224314813, -0.00108696147799], [0.000776501256041, -0.00355869461782, 0.0010428893147, -0.000475225970149, 0.00150728691369, -0.00486299907789, 0.0156370252371, -0.00490058772266, -0.000222220100113, -4.52561398561e-005, -0.000265360140475, 0.000234724837355, 0.000875049794558], [-0.00134195073042, 0.00438930094242, -0.00415394315496, 0.0021374009084, -0.00352445943281, 0.000900579441804, -0.00490058772266, 0.0186495520175, -0.00465991767123, 0.00188337231521, -0.00168346206192, 0.000816799583845, 0.000313551980071], [0.0012738800142, -0.00467688310891, 0.0041546174325, -0.00492058461532, 0.00362971657887, 0.000471583509352, -0.000222220100113, -0.00465991767123, 0.0163505841047, -0.00669796578586, 0.0029920800589, -0.00321266544051, 0.00100373325404], [-0.00111134431791, 0.00446308497339, -0.00426742294803, 0.00436780042946, -0.00266105541959, 0.000773818290327, -4.52561398561e-005, 0.00188337231521, -0.00669796578586, 0.0192804951221, -0.00556775461882, 0.00288884784095, -0.00023164927552], [0.00102815160062, -0.00319718685932, 0.00377890304662, -0.00298770144582, 0.00159994873684, -0.000564347545151, -0.000265360140475, -0.00168346206192, 0.0029920800589, -0.00556775461882, 0.0183554440737, -0.0027796914801, 0.00159017776605], [-0.00113917794079, 0.00444674352184, -0.00383194885217, 0.00491882441565, -0.0045663700439, 0.00146224314813, 0.000234724837355, 0.000816799583845, -0.00321266544051, 0.00288884784095, -0.0027796914801, 0.0202252343297, -0.00627254555002], [0.000635379459709, -0.00335556780919, 0.00193042808678, -0.00272732158192, 0.00174624437932, -0.00108696147799, 0.000875049794558, 0.000313551980071, 0.00100373325404, -0.00023164927552, 0.00159017776605, -0.00627254555002, 0.0145701449364]]
    },
    "melbands": {
        "mean": [0.000128979969304, 0.000513353326824, 0.000708826759364, 0.000451502855867, 0.000569429190364, 0.000349747249857, 0.00054319301853, 0.00069542019628, 0.000421334407292, 0.000185382494237, 0.000220070913201, 0.00039110056241, 0.000242868190981, 0.000123351928778, 0.000120275333757, 4.89998019475e-005, 3.61684178642e-005, 1.73537009687e-005, 3.89819942939e-005, 4.40256408183e-005, 2.66585375357e-005, 2.23748629651e-005, 1.87637597264e-005, 6.18083186055e-006, 9.63493948802e-006, 6.85686973156e-006, 7.36658512324e-006, 9.71241661318e-006, 2.39469795815e-006, 2.04405614568e-006, 1.41964778777e-006, 1.52769234774e-006, 1.41239877394e-006, 5.52018775579e-007, 3.18934382904e-007, 2.95095787806e-007, 2.84038776499e-007, 2.02054280862e-007, 1.79662421829e-007, 1.15816604307e-007],
        "var": [4.24616857231e-008, 4.33196021277e-007, 1.5840839751e-006, 2.38623954374e-007, 8.43491534397e-007, 1.74956525711e-007, 6.59095405808e-007, 1.78203981704e-006, 3.05406672396e-007, 6.89380428298e-008, 9.74617222482e-008, 5.67960796616e-007, 1.67328892076e-007, 3.97336386015e-008, 4.01820727802e-008, 6.71263800101e-009, 2.61927657341e-009, 5.04869757112e-010, 3.83555853745e-009, 7.26522175754e-009, 2.61029597937e-009, 1.34084787717e-009, 1.9755665992e-009, 1.50245649255e-010, 4.20614487684e-010, 2.22503016012e-010, 1.31766195177e-010, 3.30099697576e-010, 8.06028681299e-012, 2.3214380071e-011, 1.28954078318e-011, 3.61854339895e-012, 5.47080089564e-012, 7.62286934963e-013, 1.81348344544e-013, 1.95841186692e-013, 1.86136045813e-013, 7.30507573377e-014, 1.1919958564e-013, 1.9331633733e-013]
    },
    "mfcc": {
        "mean": [-638.421875, 143.876052856, -19.4834671021, 11.0593624115, -16.9842147827, -1.74040126801, -4.48635339737, -1.83541417122, -1.29459524155, -4.06504058838, -8.63481903076, -2.95545244217, 1.65976428986],
        "cov": [[1597.92858887, -196.223175049, 6.1176738739, -95.9101638794, -59.2053985596, -48.3799858093, 5.97611904144, 3.38451313972, -8.34486198425, 30.9419841766, -14.0262956619, -25.0645084381, 66.7650222778], [-196.223175049, 534.658935547, 17.4362316132, 52.486240387, -21.1371479034, 46.845954895, -4.62183094025, 32.3868179321, 56.444683075, -8.62195491791, -13.6952886581, 13.6958971024, 11.7739906311], [6.1176738739, 17.4362316132, 163.161727905, 10.3246202469, 32.918674469, 18.5117855072, 32.3424186707, 24.1071910858, 23.5472812653, 5.7453455925, -0.0379754677415, 6.79991769791, 8.53742408752], [-95.9101638794, 52.486240387, 10.3246202469, 161.581329346, 59.8666419983, 29.4472560883, -4.10161781311, 12.0801753998, 15.2903728485, 25.8304157257, -13.4209032059, -2.73849630356, 10.6303787231], [-59.2053985596, -21.1371479034, 32.918674469, 59.8666419983, 135.368225098, 35.8019981384, 28.4990844727, 17.7884044647, 8.17648506165, 7.31414794922, -10.41381073, 2.50635290146, 3.6797785759], [-48.3799858093, 46.845954895, 18.5117855072, 29.4472560883, 35.8019981384, 97.96484375, 26.7250328064, 14.2615680695, 20.61460495, 9.10568714142, -4.116522789, -4.92143011093, 10.4602308273], [5.97611904144, -4.62183094025, 32.3424186707, -4.10161781311, 28.4990844727, 26.7250328064, 116.359634399, 26.5494728088, -6.44030761719, 9.48331737518, 2.07420253754, 4.31946086884, -6.66766214371], [3.38451313972, 32.3868179321, 24.1071910858, 12.0801753998, 17.7884044647, 14.2615680695, 26.5494728088, 90.7967071533, 27.7814922333, -7.64706802368, 6.8117647171, 2.54849028587, 6.0436797142], [-8.34486198425, 56.444683075, 23.5472812653, 15.2903728485, 8.17648506165, 20.61460495, -6.44030761719, 27.7814922333, 93.5389556885, 7.69710874557, -19.8479557037, 8.92433834076, 17.7595348358], [30.9419841766, -8.62195491791, 5.7453455925, 25.8304157257, 7.31414794922, 9.10568714142, 9.48331737518, -7.64706802368, 7.69710874557, 89.0855789185, 10.6953477859, -15.7272386551, 9.724193573], [-14.0262956619, -13.6952886581, -0.0379754677415, -13.4209032059, -10.41381073, -4.116522789, 2.07420253754, 6.8117647171, -19.8479557037, 10.6953477859, 99.8742828369, 19.1849880219, -18.8318443298], [-25.0645084381, 13.6958971024, 6.79991769791, -2.73849630356, 2.50635290146, -4.92143011093, 4.31946086884, 2.54849028587, 8.92433834076, -15.7272386551, 19.1849880219, 90.5040969849, 8.75588607788], [66.7650222778, 11.7739906311, 8.53742408752, 10.6303787231, 3.6797785759, 10.4602308273, -6.66766214371, 6.0436797142, 17.7595348358, 9.724193573, -18.8318443298, 8.75588607788, 85.5776672363]],
        "icov": [[0.000728745537344, 0.000244462542469, -7.00935706845e-005, 0.000337026343914, 0.000247019343078, 0.000221506415983, -8.31284050946e-005, -0.000198907946469, 1.26656532302e-005, -0.000287213711999, 0.00011065909348, 0.000181531810085, -0.000631391361821], [0.000244462542469, 0.00231826049276, -0.000148084975081, -0.000793514889665, 0.00121683976613, -0.000944387691561, 4.484314195e-005, -0.00048656531726, -0.000912543269806, 0.000351461145328, 0.000179227339686, -0.000248586467933, -8.10514829936e-005], [-7.00935706845e-005, -0.000148084975081, 0.00706326775253, 0.000216794098378, -0.00138242507819, 1.05578365037e-005, -0.0015798904933, -0.000588770431932, -0.00153692439198, -6.76336712786e-005, -0.000426635408076, -0.000117966337712, -0.000435058696894], [0.000337026343914, -0.000793514889665, 0.000216794098378, 0.00881087966263, -0.00369746121578, -0.000911944662221, 0.00180260988418, -0.00108710466884, 0.000549653719645, -0.0028606376145, 0.00115714629646, -0.000307899113977, -0.00028506689705], [0.000247019343078, 0.00121683976613, -0.00138242507819, -0.00369746121578, 0.0108427265659, -0.00258822343312, -0.00154752505478, -0.000966221501585, 0.000245686620474, 0.000365539512131, 0.00100617483258, -0.000660061952658, 0.000231297352002], [0.000221506415983, -0.000944387691561, 1.05578365037e-005, -0.000911944662221, -0.00258822343312, 0.0134345665574, -0.00296769733541, 0.000624288630206, -0.00248171039857, 0.000138954797876, -0.00107593019493, 0.00175913446583, -0.00165431480855], [-8.31284050946e-005, 4.484314195e-005, -0.0015798904933, 0.00180260988418, -0.00154752505478, -0.00296769733541, 0.011526688002, -0.00377254164778, 0.00311807077378, -0.00242983456701, 0.00148526788689, -0.00162884278689, 0.00170869682916], [-0.000198907946469, -0.00048656531726, -0.000588770431932, -0.00108710466884, -0.000966221501585, 0.000624288630206, -0.00377254164778, 0.014750931412, -0.00496755214408, 0.00328803667799, -0.00312626967207, 0.00169124547392, -0.00115825422108], [1.26656532302e-005, -0.000912543269806, -0.00153692439198, 0.000549653719645, 0.000245686620474, -0.00248171039857, 0.00311807077378, -0.00496755214408, 0.0151759563014, -0.00284751900472, 0.0038552461192, -0.002625355497, -0.000621595070697], [-0.000287213711999, 0.000351461145328, -6.76336712786e-005, -0.0028606376145, 0.000365539512131, 0.000138954797876, -0.00242983456701, 0.00328803667799, -0.00284751900472, 0.0142333935946, -0.00367622543126, 0.00354463420808, -0.00211446662433], [0.00011065909348, 0.000179227339686, -0.000426635408076, 0.00115714629646, 0.00100617483258, -0.00107593019493, 0.00148526788689, -0.00312626967207, 0.0038552461192, -0.00367622543126, 0.0129773179069, -0.00406867312267, 0.00310227111913], [0.000181531810085, -0.000248586467933, -0.000117966337712, -0.000307899113977, -0.000660061952658, 0.00175913446583, -0.00162884278689, 0.00169124547392, -0.002625355497, 0.00354463420808, -0.00406867312267, 0.0132697047666, -0.00260136974975], [-0.000631391361821, -8.10514829936e-005, -0.000435058696894, -0.00028506689705, 0.000231297352002, -0.00165431480855, 0.00170869682916, -0.00115825422108, -0.000621595070697, -0.00211446662433, 0.00310227111913, -0.00260136974975, 0.0139931347221]]
    },
    "spectral_contrast_coeffs": {
        "mean": [-0.586614310741, -0.691236495972, -0.721364974976, -0.726006090641, -0.742018342018, -0.7062972188],
        "var": [0.00435082660988, 0.00436650775373, 0.00316061777994, 0.00268802139908, 0.00241816765629, 0.00161726027727]
    },
    "spectral_contrast_valleys": {
        "mean": [-7.81563854218, -6.43847942352, -6.91164302826, -7.88098096848, -8.03668022156, -11.2161083221],
        "var": [1.08690202236, 0.989722192287, 1.00202739239, 0.811168670654, 0.787254273891, 0.840627610683]
    }
},
"metadata": {
    "audio_properties": {
        "analysis_sample_rate": 44100,
        "bit_rate": 105414,
        "equal_loudness": 0,
        "length": 45.0612258911,
        "lossless": 0,
        "replay_gain": -2.43312072754,
        "sample_rate": 44100,
        "codec": "mp3",
        "downmix": "mix",
        "md5_encoded": "dfa68227f82247a8d8162d3951021cd6"
    },
    "tags": {
        "file_name": "307.mp3"
    },
    "version": {
        "essentia": "2.1-beta2",
        "essentia_git_sha": "v2.1_beta2",
        "extractor": "music 1.0"
    }
},
"rhythm": {
    "beats_count": 89,
    "beats_loudness": {
        "mean": 0.0329942815006,
        "var": 0.000349764333805
    },
    "bpm": 119.761810303,
    "bpm_histogram_first_peak_bpm": {
        "mean": 120,
        "var": 0
    },
    "bpm_histogram_first_peak_spread": {
        "mean": 0.488372117281,
        "var": 0
    },
    "bpm_histogram_first_peak_weight": {
        "mean": 0.5,
        "var": 0
    },
    "bpm_histogram_second_peak_bpm": {
        "mean": 110,
        "var": 0
    },
    "bpm_histogram_second_peak_spread": {
        "mean": 0.5,
        "var": 0
    },
    "bpm_histogram_second_peak_weight": {
        "mean": 0.0113636367023,
        "var": 0
    },
    "danceability": 1.48456466198,
    "onset_rate": 4.72477197647,
    "beats_loudness_band_ratio": {
        "mean": [0.139357253909, 0.192043170333, 0.355945914984, 0.259017139673, 0.076871663332, 0.03888008371],
        "var": [0.0114611014724, 0.0177136082202, 0.0249163974077, 0.0167128499597, 0.00510012730956, 0.00255598081276]
    },
    "beats_position": [0.510838985443, 1.05650794506, 1.59056687355, 2.10140585899, 2.60063481331, 3.11147379875, 3.61070299149, 4.1099319458, 4.60916090012, 5.10838985443, 5.61922883987, 6.13006782532, 6.62929677963, 7.12852573395, 7.6277551651, 8.12698364258, 8.6146030426, 9.12544155121, 9.62467098236, 10.1239004135, 10.6347389221, 11.1455783844, 11.6331968307, 12.1208162308, 12.6200447083, 13.1192741394, 13.6301136017, 14.1293420792, 14.6401815414, 15.1394100189, 15.6502494812, 16.1494789124, 16.6487064362, 17.1479358673, 17.6471652985, 18.1580047607, 18.6688423157, 19.179681778, 19.667301178, 20.1781406403, 20.6889801025, 21.1765975952, 21.6642169952, 22.1634464264, 22.6626758575, 23.1502952576, 23.6379127502, 24.1371421814, 24.6363716125, 25.1356010437, 25.6348285675, 26.1456680298, 26.6565074921, 27.1673469543, 27.6781845093, 28.1658039093, 28.6650333405, 29.1642627716, 29.6751022339, 30.1743297577, 30.6735591888, 31.1843986511, 31.6836280823, 32.1828575134, 32.6820869446, 33.1813163757, 33.6805419922, 34.1797714233, 34.6673927307, 35.1666221619, 35.6542396545, 36.1534690857, 36.6643066406, 37.1751480103, 37.6859855652, 38.1852149963, 38.6844444275, 39.1836738586, 39.6829032898, 40.1937408447, 40.6929702759, 41.192199707, 41.703037262, 42.1906585693, 42.7014961243, 43.2123336792, 43.6999549866, 44.1875724792, 44.6868019104]
},
"tonal": {
    "chords_changes_rate": 0.0174897126853,
    "chords_number_rate": 0.00411522621289,
    "chords_strength": {
        "mean": 0.602414131165,
        "var": 0.00654874742031
    },
    "hpcp_entropy": {
        "mean": 1.63870501518,
        "var": 0.455509901047
    },
    "key_strength": 0.803151488304,
    "tuning_diatonic_strength": 0.625102162361,
    "tuning_equal_tempered_deviation": 0.0446892976761,
    "tuning_frequency": 440.508636475,
    "tuning_nontempered_energy_ratio": 0.656659662724,
    "hpcp": {
        "mean": [0.248095914721, 0.173105329275, 0.0445736832917, 0.0315719172359, 0.0803950428963, 0.315688371658, 0.422981381416, 0.199582234025, 0.0740293338895, 0.0877280682325, 0.0582560189068, 0.0483361929655, 0.0714718177915, 0.0644039213657, 0.221594661474, 0.45046761632, 0.308877289295, 0.102377288043, 0.0855453684926, 0.0536557100713, 0.0925959944725, 0.215032100677, 0.174741238356, 0.0528257340193, 0.0247732345015, 0.0204829331487, 0.0529392100871, 0.0861030519009, 0.0944376811385, 0.249963566661, 0.435665756464, 0.275732189417, 0.0564326196909, 0.0275020245463, 0.0264160614461, 0.119264557958],
        "var": [0.0836815237999, 0.0472717918456, 0.00775763206184, 0.00493216142058, 0.015005373396, 0.0975296646357, 0.127812236547, 0.0355482175946, 0.0184166226536, 0.0400870516896, 0.0210553742945, 0.011647708714, 0.0277340169996, 0.0143349207938, 0.0440086647868, 0.141134530306, 0.0701730698347, 0.0290078371763, 0.0496702231467, 0.0189193543047, 0.0205709375441, 0.103885754943, 0.0682364776731, 0.00689104013145, 0.00231798784807, 0.0030441978015, 0.00818035844713, 0.0183808170259, 0.0231070388108, 0.0628253445029, 0.139860838652, 0.0657634884119, 0.00590489106253, 0.00461808219552, 0.00205343449488, 0.0200689658523]
    },
    "chords_histogram": [84.0534973145, 0.205761313438, 0, 0, 0, 0, 0, 0.823045253754, 0, 0, 0, 0, 0, 0, 0, 0, 0, 0, 0, 0, 0, 1.64609050751, 4.01234579086, 9.25925922394],
    "thpcp": [1, 0.685681462288, 0.227268919349, 0.189903482795, 0.119111135602, 0.205555275083, 0.477353066206, 0.387910753489, 0.117268659174, 0.0549944862723, 0.045470379293, 0.117520570755, 0.191141486168, 0.209643661976, 0.554897964001, 0.967141151428, 0.612102150917, 0.12527564168, 0.0610521696508, 0.0586414225399, 0.264757215977, 0.550751924515, 0.384279191494, 0.0989498049021, 0.0700869858265, 0.17847019434, 0.700801491737, 0.938982903957, 0.443055689335, 0.164338856936, 0.19474889338, 0.12932343781, 0.107302255929, 0.158661395311, 0.142971262336, 0.491921395063],
    "chords_key": "G",
    "chords_scale": "major",
    "key_key": "G",
    "key_scale": "major"
}
}