{
"lowlevel": {
    "average_loudness": 0.931477308273,
    "barkbands_crest": {
        "mean": 11.5729293823,
        "var": 13.0978794098
    },
    "barkbands_flatness_db": {
        "mean": 0.240637600422,
        "var": 0.00334690208547
    },
    "barkbands_kurtosis": {
        "mean": 21.4669189453,
        "var": 442.825042725
    },
    "barkbands_skewness": {
        "mean": 3.09961009026,
        "var": 2.22702693939
    },
    "barkbands_spread": {
        "mean": 7.44636201859,
        "var": 84.2854309082
    },
    "dissonance": {
        "mean": 0.435657650232,
        "var": 0.00147887214553
    },
    "dynamic_complexity": 2.28405714035,
    "erbbands_crest": {
        "mean": 11.3318548203,
        "var": 20.7323799133
    },
    "erbbands_flatness_db": {
        "mean": 0.170400962234,
        "var": 0.00305325398222
    },
    "erbbands_kurtosis": {
        "mean": 4.54127502441,
        "var": 25.4861717224
    },
    "erbbands_skewness": {
        "mean": 1.71743583679,
        "var": 0.677821278572
    },
    "erbbands_spread": {
        "mean": 34.0104370117,
        "var": 778.501098633
    },
    "hfc": {
        "mean": 11.0705862045,
        "var": 133.732284546
    },
    "melbands_crest": {
        "mean": 15.7183189392,
        "var": 19.6158676147
    },
    "melbands_flatness_db": {
        "mean": 0.332184821367,
        "var": 0.00535522308201
    },
    "melbands_kurtosis": {
        "mean": 36.4465484619,
        "var": 1132.44775391
    },
    "melbands_skewness": {
        "mean": 3.71614408493,
        "var": 3.80583024025
    },
    "melbands_spread": {
        "mean": 5.18633651733,
        "var": 39.3544769287
    },
    "pitch_salience": {
        "mean": 0.549420118332,
        "var": 0.0117713576183
    },
    "silence_rate_20dB": {
        "mean": 1,
        "var": 0
    },
    "silence_rate_30dB": {
        "mean": 0.962924838066,
        "var": 0.0356999412179
    },
    "silence_rate_60dB": {
        "mean": 0.00875386223197,
        "var": 0.00867714360356
    },
    "spectral_centroid": {
        "mean": 428.547943115,
        "var": 233608.4375
    },
    "spectral_complexity": {
        "mean": 9.14984512329,
        "var": 12.4363222122
    },
    "spectral_decrease": {
        "mean": -9.63969082335e-009,
        "var": 6.32338351615e-017
    },
    "spectral_energy": {
        "mean": 0.0373865254223,
        "var": 0.000935689022299
    },
    "spectral_energyband_high": {
        "mean": 0.000378444150556,
        "var": 9.31634929202e-007
    },
    "spectral_energyband_low": {
        "mean": 0.0177089460194,
        "var": 0.000481432740344
    },
    "spectral_energyband_middle_high": {
        "mean": 0.00062357558636,
        "var": 3.29678073285e-007
    },
    "spectral_energyband_middle_low": {
        "mean": 0.0213099420071,
        "var": 0.000450414750958
    },
    "spectral_entropy": {
        "mean": 6.71981811523,
        "var": 0.496838569641
    },
    "spectral_flux": {
        "mean": 0.079588778317,
        "var": 0.00327000091784
    },
    "spectral_kurtosis": {
        "mean": 11.7573404312,
        "var": 123.765113831
    },
    "spectral_rms": {
        "mean": 0.00562577322125,
        "var": 4.82534869661e-006
    },
    "spectral_rolloff": {
        "mean": 408.71987915,
        "var": 870122.3125
    },
    "spectral_skewness": {
        "mean": 2.67246747017,
        "var": 1.28845310211
    },
    "spectral_spread": {
        "mean": 4829453.5,
        "var": 7.1454949376e+012
    },
    "spectral_strongpeak": {
        "mean": 0.681392073631,
        "var": 0.320881873369
    },
    "zerocrossingrate": {
        "mean": 0.0283004492521,
        "var": 0.00088891555788
    },
    "barkbands": {
        "mean": [0.000183674259461, 0.0072058737278, 0.00769325112924, 0.00559767521918, 0.00955321453512, 0.00349571020342, 0.00196374231018, 0.000420468335506, 0.000250704120845, 0.000167800855706, 9.7902782727e-005, 0.000105789433292, 6.54248360661e-005, 4.71995263069e-005, 3.41570885212e-005, 3.01412492263e-005, 2.55957966147e-005, 3.002113408e-005, 2.39912496909e-005, 3.38493955496e-005, 4.48091414e-005, 5.43664136785e-005, 5.56365375814e-005, 6.6296364821e-005, 7.03630794305e-005, 6.88797663315e-005, 1.99129113199e-009],
        "var": [1.48583083615e-007, 0.00018736050697, 9.01815583347e-005, 5.18797605764e-005, 0.000264335976681, 1.4093390746e-005, 1.18097004815e-005, 4.67872041554e-007, 9.34350765647e-008, 5.85407313736e-008, 3.38691634738e-008, 1.73839627138e-008, 8.02066502104e-009, 5.01580643686e-009, 2.57473620202e-009, 2.14366480122e-009, 1.72178060698e-009, 3.12191650309e-009, 2.50791765133e-009, 5.66055113893e-009, 1.07642996738e-008, 2.08637285226e-008, 1.88795521439e-008, 3.34037260075e-008, 4.23726262966e-008, 5.04303550031e-008, 2.09532432752e-016]
    },
    "erbbands": {
        "mean": [0.173272356391, 1.7910399437, 7.51138019562, 15.3786153793, 33.4987335205, 26.21043396, 19.9728775024, 31.7701091766, 34.1746292114, 16.3100566864, 8.52151679993, 5.39210176468, 5.21746873856, 5.03847312927, 4.61613988876, 4.10520648956, 3.42582678795, 2.126070261, 2.34787845612, 1.93720960617, 1.31179094315, 1.56758236885, 1.6255491972, 1.24765741825, 1.40041136742, 1.55192840099, 1.76709759235, 1.845875144, 1.80737292767, 1.77840816975, 1.56950509548, 1.42588055134, 1.06489253044, 0.780191361904, 0.492997735739, 0.29949837923, 0.135647118092, 0.0117813795805, 0.000231013196753, 5.1656850701e-005],
        "var": [0.136425867677, 10.6156206131, 93.4663772583, 301.474700928, 3578.72094727, 1732.36987305, 616.504455566, 1185.42456055, 3126.7175293, 632.754211426, 173.16746521, 34.6090240479, 55.5580787659, 46.221282959, 53.0531730652, 20.8249492645, 22.5483283997, 5.4358291626, 15.6087903976, 7.09838485718, 3.23206162453, 6.18710565567, 8.69284343719, 5.98860454559, 9.07459068298, 11.4246101379, 17.3148345947, 19.6410598755, 22.7876815796, 18.1790294647, 14.7325277328, 15.8319578171, 8.42709159851, 4.99061012268, 2.2684636116, 0.956996023655, 0.188324585557, 0.00190677156206, 5.85152349686e-007, 2.65723976156e-009]
    },
    "gfcc": {
        "mean": [-47.7259788513, 126.120056152, -56.6058082581, 29.201385498, -56.7466506958, 13.4698038101, -43.5822029114, 0.205263003707, -27.1628456116, 2.28422427177, -16.7457904816, 3.31928253174, -12.7522535324],
        "cov": [[6146.97509766, -1426.23852539, -115.880828857, 450.719238281, -584.266052246, 71.5737533569, -265.689025879, 227.396240234, -263.246276855, 243.652511597, -158.104934692, 139.955001831, -207.930999756], [-1426.23852539, 1805.2734375, -229.434936523, -502.685913086, 355.078887939, -89.57862854, 134.061859131, -188.628677368, 243.929367065, -194.896148682, 154.709442139, -168.320373535, 138.108352661], [-115.880828857, -229.434936523, 323.18359375, 132.843658447, 21.3895664215, 50.8400268555, 22.7279376984, 30.3366603851, -32.0305252075, 17.0208492279, -41.851360321, 34.8640480042, -15.0447158813], [450.719238281, -502.685913086, 132.843658447, 330.438049316, -52.7309837341, 53.5275421143, 12.2292747498, 68.8994903564, -58.0062980652, 40.4481582642, -26.1771068573, 46.769618988, -23.9821777344], [-584.266052246, 355.078887939, 21.3895664215, -52.7309837341, 225.101257324, 17.5022716522, 57.0673522949, -22.8858013153, 54.4393806458, -53.8841362, 25.9993934631, -25.8770847321, 21.5337486267], [71.5737533569, -89.57862854, 50.8400268555, 53.5275421143, 17.5022716522, 90.7620849609, 17.8824501038, 24.8335323334, -8.74853229523, 14.8018550873, -11.1278276443, 5.48255634308, -6.55718231201], [-265.689025879, 134.061859131, 22.7279376984, 12.2292747498, 57.0673522949, 17.8824501038, 106.942756653, 18.790096283, 31.2050762177, -14.7918663025, 25.4087696075, -9.78836727142, 9.89807987213], [227.396240234, -188.628677368, 30.3366603851, 68.8994903564, -22.8858013153, 24.8335323334, 18.790096283, 98.5753326416, 6.32725954056, 44.4525260925, 0.321135550737, 34.0486068726, -15.3865718842], [-263.246276855, 243.929367065, -32.0305252075, -58.0062980652, 54.4393806458, -8.74853229523, 31.2050762177, 6.32725954056, 102.234268188, 8.05888652802, 38.5796279907, -13.2343702316, 21.2370834351], [243.652511597, -194.896148682, 17.0208492279, 40.4481582642, -53.8841362, 14.8018550873, -14.7918663025, 44.4525260925, 8.05888652802, 96.1502532959, 8.46916484833, 34.2176628113, -18.6181640625], [-158.104934692, 154.709442139, -41.851360321, -26.1771068573, 25.9993934631, -11.1278276443, 25.4087696075, 0.321135550737, 38.5796279907, 8.46916484833, 76.2391586304, 7.5266251564, 23.2798118591], [139.955001831, -168.320373535, 34.8640480042, 46.769618988, -25.8770847321, 5.48255634308, -9.78836727142, 34.0486068726, -13.2343702316, 34.2176628113, 7.5266251564, 77.7020645142, -3.8331592083], [-207.930999756, 138.108352661, -15.0447158813, -23.9821777344, 21.5337486267, -6.55718231201, 9.89807987213, -15.3865718842, 21.2370834351, -18.6181640625, 23.2798118591, -3.8331592083, 58.2805404663]],
        "icov": [[0.000341177423252, -0.000436204223661, 0.000333813310135, -0.000639117904939, 0.000690186163411, -0.000279080617474, 0.000704582897015, -0.000777901732363, 0.000736497866455, -0.00047604565043, 0.000511109479703, -0.000319476035656, 0.000817025080323], [-0.000436204223661, 0.00421928660944, -0.000373752787709, 0.00375103461556, -0.002815191634, 0.000689530395903, -0.00259404722601, 0.00351848965511, -0.00494571682066, 0.00361899309792, -0.00373215321451, 0.00275872927159, -0.00298997666687], [0.000333813310135, -0.000373752787709, 0.00483088381588, -0.0018911807565, -0.000453061220469, -0.0011205583578, -0.000593636068515, -2.43372032855e-005, 0.00100085232407, -0.00138197315391, 0.00337891699746, -0.0021052362863, 0.000386882340536], [-0.000639117904939, 0.00375103461556, -0.0018911807565, 0.00839073117822, -0.00218960060738, -0.000441086158389, -0.00341742159799, 0.00129944318905, -0.00228815316223, 0.00298199569806, -0.00367735954933, 0.00187510985415, -0.00314305932261], [0.000690186163411, -0.002815191634, -0.000453061220469, -0.00218960060738, 0.00982367992401, -0.00307616125792, 0.000701649172697, -0.00194065272808, -4.87751021865e-005, 0.00190295581706, 0.00105576682836, -0.00216534011997, 0.00356989935972], [-0.000279080617474, 0.000689530395903, -0.0011205583578, -0.000441086158389, -0.00307616125792, 0.014674352482, -0.00253207515925, -0.00119269161951, 0.00110536545981, -0.00263104448095, 0.00139771879185, 0.0020278932061, -0.00186591478996], [0.000704582897015, -0.00259404722601, -0.000593636068515, -0.00341742159799, 0.000701649172697, -0.00253207515925, 0.0164143592119, -0.00685147149488, 0.0010122237727, 0.00140520138666, -0.0025276504457, 0.000869074487127, 0.00310759549029], [-0.000777901732363, 0.00351848965511, -2.43372032855e-005, 0.00129944318905, -0.00194065272808, -0.00119269161951, -0.00685147149488, 0.0209844075143, -0.00765117676929, -0.00144839810673, -0.00108836044092, -0.00296480511315, -0.000733136897907], [0.000736497866455, -0.00494571682066, 0.00100085232407, -0.00228815316223, -4.87751021865e-005, 0.00110536545981, 0.0010122237727, -0.00765117676929, 0.0235268678516, -0.00986854266375, 0.000405875151046, 0.000576104561333, -0.000234974504565], [-0.00047604565043, 0.00361899309792, -0.00138197315391, 0.00298199569806, 0.00190295581706, -0.00263104448095, 0.00140520138666, -0.00144839810673, -0.00986854266375, 0.0230004172772, -0.00784670934081, -0.0017512163613, 0.00293859094381], [0.000511109479703, -0.00373215321451, 0.00337891699746, -0.00367735954933, 0.00105576682836, 0.00139771879185, -0.0025276504457, -0.00108836044092, 0.000405875151046, -0.00784670934081, 0.0254063364118, -0.00699700741097, -0.00332739343867], [-0.000319476035656, 0.00275872927159, -0.0021052362863, 0.00187510985415, -0.00216534011997, 0.0020278932061, 0.000869074487127, -0.00296480511315, 0.000576104561333, -0.0017512163613, -0.00699700741097, 0.0211344454437, -0.00393561413512], [0.000817025080323, -0.00298997666687, 0.000386882340536, -0.00314305932261, 0.00356989935972, -0.00186591478996, 0.00310759549029, -0.000733136897907, -0.000234974504565, 0.00293859094381, -0.00332739343867, -0.00393561413512, 0.0258095953614]]
    },
    "melbands": {
        "mean": [0.00177774566691, 0.00349623477086, 0.0032593710348, 0.00231522438116, 0.000759112532251, 0.000702792080119, 0.000494378036819, 0.000151094427565, 6.03885564487e-005, 3.23532512994e-005, 2.59353455476e-005, 2.11041060538e-005, 1.58677667059e-005, 1.27953126139e-005, 9.78902880888e-006, 5.21682795807e-006, 3.67915981769e-006, 3.85128350899e-006, 2.65349103756e-006, 2.18745435632e-006, 1.46464515183e-006, 1.54344240855e-006, 1.72164220658e-006, 1.29299223772e-006, 9.64650894275e-007, 9.09345146738e-007, 1.12172790523e-006, 1.0034037814e-006, 1.06742174921e-006, 1.09997267828e-006, 1.09198970222e-006, 1.05577157683e-006, 9.78658476924e-007, 9.964982155e-007, 9.07715332232e-007, 8.90522585451e-007, 8.65589242949e-007, 7.29276166567e-007, 7.14569239335e-007, 6.50632102861e-007],
        "var": [1.24619464259e-005, 2.13313142012e-005, 1.2432314179e-005, 1.79173312063e-005, 7.70091787672e-007, 5.57131613732e-007, 6.3165651909e-007, 5.68276625756e-008, 8.36957880779e-009, 1.3576060276e-009, 1.44469847196e-009, 9.29555044049e-010, 8.86285711488e-010, 3.15447751253e-010, 1.79020562263e-010, 5.15436165971e-011, 1.90742439204e-011, 5.4047637893e-011, 1.12906784616e-011, 1.23846878933e-011, 4.82105631458e-012, 6.76609983319e-012, 1.33760476653e-011, 5.70720380677e-012, 4.11984075327e-012, 3.54938496129e-012, 7.34744123182e-012, 5.04495490522e-012, 6.51718783107e-012, 6.95157993669e-012, 8.23207734618e-012, 9.70118430033e-012, 5.60960869769e-012, 6.21089681421e-012, 5.03668504473e-012, 5.58824167496e-012, 6.6539447563e-012, 3.89313624741e-012, 4.28804821512e-012, 3.69253412569e-012]
    },
    "mfcc": {
        "mean": [-710.203552246, 161.307601929, 50.292552948, 26.3813514709, 11.8048791885, 10.9914150238, -2.25376677513, -0.236882284284, -5.43952274323, -5.32638025284, -4.56395721436, -1.08640635014, -1.40302073956],
        "cov": [[4298.71826172, -1654.96813965, 215.053512573, 119.881919861, -197.710342407, -162.127670288, -20.8998699188, -107.506835938, -47.2105407715, -4.50062799454, 20.2858200073, 78.6062850952, 63.7835044861], [-1654.96813965, 1952.31970215, -361.478759766, -253.262863159, 107.052230835, 51.3033638, -61.057346344, 32.0607299805, 18.1680660248, 12.4299249649, 22.9516658783, -9.46103858948, -23.2371692657], [215.053512573, -361.478759766, 289.268493652, 98.6693954468, -3.82851839066, 27.344455719, 34.1432800293, 14.0139760971, 14.9745025635, 9.26445579529, -8.69485282898, -5.19049453735, -2.99877333641], [119.881919861, -253.262863159, 98.6693954468, 183.605010986, 19.5169391632, 18.8130722046, 45.330783844, 39.716583252, 10.3431453705, 2.84453463554, 3.13585209846, 8.54857540131, 0.0100581580773], [-197.710342407, 107.052230835, -3.82851839066, 19.5169391632, 121.196105957, 38.7423057556, 14.48250103, 23.5561618805, 15.963727951, -1.14628279209, 4.10947465897, 1.07243168354, -4.32558441162], [-162.127670288, 51.3033638, 27.344455719, 18.8130722046, 38.7423057556, 86.5700912476, 25.2261219025, 18.2290687561, 7.97056388855, 11.2047300339, 1.76795232296, -5.57425546646, -8.73233795166], [-20.8998699188, -61.057346344, 34.1432800293, 45.330783844, 14.48250103, 25.2261219025, 93.0591812134, 35.1108779907, 13.0402889252, 3.55847120285, 5.57903051376, 3.83940863609, -5.59053707123], [-107.506835938, 32.0607299805, 14.0139760971, 39.716583252, 23.5561618805, 18.2290687561, 35.1108779907, 86.0403289795, 22.114107132, 1.92149865627, 7.1121006012, 5.41156435013, -0.720830857754], [-47.2105407715, 18.1680660248, 14.9745025635, 10.3431453705, 15.963727951, 7.97056388855, 13.0402889252, 22.114107132, 57.9383888245, 22.1521549225, 10.7555494308, 4.22662734985, 1.5519862175], [-4.50062799454, 12.4299249649, 9.26445579529, 2.84453463554, -1.14628279209, 11.2047300339, 3.55847120285, 1.92149865627, 22.1521549225, 57.9953117371, 23.100435257, 5.69309139252, 2.00744700432], [20.2858200073, 22.9516658783, -8.69485282898, 3.13585209846, 4.10947465897, 1.76795232296, 5.57903051376, 7.1121006012, 10.7555494308, 23.100435257, 57.0243530273, 21.1776790619, 9.81579113007], [78.6062850952, -9.46103858948, -5.19049453735, 8.54857540131, 1.07243168354, -5.57425546646, 3.83940863609, 5.41156435013, 4.22662734985, 5.69309139252, 21.1776790619, 62.608291626, 26.236497879], [63.7835044861, -23.2371692657, -2.99877333641, 0.0100581580773, -4.32558441162, -8.73233795166, -5.59053707123, -0.720830857754, 1.5519862175, 2.00744700432, 9.81579113007, 26.236497879, 62.7406196594]],
        "icov": [[0.000389581138734, 0.000325991597492, 2.50819757639e-005, 8.5412269982e-005, 0.000175422406755, 0.00034601072548, 7.31962791178e-005, 0.000187023935723, 8.88164577191e-005, -4.6791134082e-005, -0.000179629292688, -0.000374375784304, -2.12536124309e-005], [0.000325991597492, 0.00113591039553, 0.00082641094923, 0.00102460000198, -0.000422827113653, -0.00032454248867, 0.00044095548219, -0.000551417819224, -7.32910193619e-005, -0.00019595665799, -0.000276570237475, -0.000305333029246, 0.000266299961368], [2.50819757639e-005, 0.00082641094923, 0.00528681883588, -0.00152456969954, 0.000401980476454, -0.00174933939707, -0.000157586371643, 0.00011703351629, -0.001204493572, -0.000514039886184, 0.000854644458741, 0.000393514666939, 5.30293436896e-005], [8.5412269982e-005, 0.00102460000198, -0.00152456969954, 0.0088919699192, -0.00146678136662, -0.000155344096129, -0.00164892792236, -0.00313222967088, 0.000774224929046, -0.000328647671267, -0.000199426242034, -0.00101551739499, 0.000359918863978], [0.000175422406755, -0.000422827113653, 0.000401980476454, -0.00146678136662, 0.0109767336398, -0.00419302703813, 0.000310755509418, -0.00053453957662, -0.00266586407088, 0.00249015935697, -0.000742680917028, -0.000451429223176, 0.000170481594978], [0.00034601072548, -0.00032454248867, -0.00174933939707, -0.000155344096129, -0.00419302703813, 0.016318436712, -0.00310004246421, -0.000651874579489, 0.00195409310982, -0.00374951818958, 0.000638218072709, 0.000836520339362, 0.000764843192883], [7.31962791178e-005, 0.00044095548219, -0.000157586371643, -0.00164892792236, 0.000310755509418, -0.00310004246421, 0.0146252345294, -0.00425760354847, -0.0011407128768, 0.000720579759218, -0.000956743548159, -0.000898636877537, 0.00145649618935], [0.000187023935723, -0.000551417819224, 0.00011703351629, -0.00313222967088, -0.00053453957662, -0.000651874579489, -0.00425760354847, 0.0168918408453, -0.00511844735593, 0.00254234112799, -0.00110878492706, -0.00052988139214, -0.000260831118794], [8.88164577191e-005, -7.32910193619e-005, -0.001204493572, 0.000774224929046, -0.00266586407088, 0.00195409310982, -0.0011407128768, -0.00511844735593, 0.0236807409674, -0.00901988428086, -1.43001798278e-005, -0.000172781117726, -0.000470093335025], [-4.6791134082e-005, -0.00019595665799, -0.000514039886184, -0.000328647671267, 0.00249015935697, -0.00374951818958, 0.000720579759218, 0.00254234112799, -0.00901988428086, 0.0250428300351, -0.00916933454573, 0.00071992049925, 0.000249054952292], [-0.000179629292688, -0.000276570237475, 0.000854644458741, -0.000199426242034, -0.000742680917028, 0.000638218072709, -0.000956743548159, -0.00110878492706, -1.43001798278e-005, -0.00916933454573, 0.0244164783508, -0.00662756571546, -0.000694057089277], [-0.000374375784304, -0.000305333029246, 0.000393514666939, -0.00101551739499, -0.000451429223176, 0.000836520339362, -0.000898636877537, -0.00052988139214, -0.000172781117726, 0.00071992049925, -0.00662756571546, 0.0223001595587, -0.00802159495652], [-2.12536124309e-005, 0.000266299961368, 5.30293436896e-005, 0.000359918863978, 0.000170481594978, 0.000764843192883, 0.00145649618935, -0.000260831118794, -0.000470093335025, 0.000249054952292, -0.000694057089277, -0.00802159495652, 0.0197730101645]]
    },
    "spectral_contrast_coeffs": {
        "mean": [-0.59855902195, -0.683111310005, -0.782429873943, -0.801203012466, -0.827318608761, -0.80052036047],
        "var": [0.00664405152202, 0.00602555833757, 0.00237074238248, 0.00183353479952, 0.00128988735378, 0.00116589618847]
    },
    "spectral_contrast_valleys": {
        "mean": [-6.71689653397, -6.86157274246, -7.95605278015, -8.73560523987, -8.77845668793, -10.7875347137],
        "var": [1.10688519478, 1.23578584194, 0.993142306805, 0.954301536083, 1.27740621567, 1.76839601994]
    }
},
"metadata": {
    "audio_properties": {
        "analysis_sample_rate": 44100,
        "bit_rate": 107806,
        "equal_loudness": 0,
        "length": 45.0612258911,
        "lossless": 0,
        "replay_gain": -11.8367195129,
        "sample_rate": 44100,
        "codec": "mp3",
        "downmix": "mix",
        "md5_encoded": "9e9e7f3601abc2da45222c8b67dee459"
    },
    "tags": {
        "file_name": "308.mp3"
    },
    "version": {
        "essentia": "2.1-beta2",
        "essentia_git_sha": "v2.1_beta2",
        "extractor": "music 1.0"
    }
},
"rhythm": {
    "beats_count": 75,
    "beats_loudness": {
        "mean": 0.057690359652,
        "var": 0.000971624162048
    },
    "bpm": 100.039024353,
    "bpm_histogram_first_peak_bpm": {
        "mean": 99,
        "var": 0
    },
    "bpm_histogram_first_peak_spread": {
        "mean": 0.263888925314,
        "var": 0
    },
    "bpm_histogram_first_peak_weight": {
        "mean": 0.716216206551,
        "var": 0
    },
    "bpm_histogram_second_peak_bpm": {
        "mean": 110,
        "var": 0
    },
    "bpm_histogram_second_peak_spread": {
        "mean": 0.5,
        "var": 0
    },
    "bpm_histogram_second_peak_weight": {
        "mean": 0.0135135138407,
        "var": 0
    },
    "danceability": 1.18356311321,
    "onset_rate": 4.21458530426,
    "beats_loudness_band_ratio": {
        "mean": [0.62282961607, 0.345129966736, 0.0861213877797, 0.0138509068638, 0.00987069867551, 0.032254550606],
        "var": [0.0327046662569, 0.02273552306, 0.007133027073, 0.000119759242807, 8.38447522256e-005, 0.0012600782793]
    },
    "beats_position": [0.522448956966, 1.05650794506, 1.60217678547, 2.18267560005, 2.7863945961, 3.3785033226, 3.98222208023, 4.57433080673, 5.17804956436, 5.78176879883, 6.38548755646, 6.98920631409, 7.58131504059, 8.17342376709, 8.77714252472, 9.38086128235, 9.98458003998, 10.5882987976, 11.1920175552, 11.7841272354, 12.3762359619, 12.9799547195, 13.5836734772, 14.1873922348, 14.7911109924, 15.3948297501, 15.9985485077, 16.5790481567, 17.1827659607, 17.786485672, 18.390203476, 18.9823131561, 19.5860309601, 20.1781406403, 20.7818584442, 21.3855781555, 21.9776859283, 22.5697956085, 23.1735134125, 23.7772331238, 24.3809528351, 24.984670639, 25.5883903503, 26.1804981232, 26.7842178345, 27.3763256073, 27.9800453186, 28.5837631226, 29.1874828339, 29.7912006378, 30.3949203491, 30.9754180908, 31.5791378021, 32.1828575134, 32.7865753174, 33.3902931213, 33.99401474, 34.5977325439, 35.2014503479, 35.7819480896, 36.3856697083, 36.96616745, 37.5698852539, 38.1736030579, 38.7773246765, 39.3810424805, 39.9847602844, 40.5884780884, 41.1805877686, 41.7726974487, 42.3764152527, 42.9801368713, 43.5838546753, 44.1875724792, 44.7912902832]
},
"tonal": {
    "chords_changes_rate": 0.0246913582087,
    "chords_number_rate": 0.00720164598897,
    "chords_strength": {
        "mean": 0.513799071312,
        "var": 0.00598482647911
    },
    "hpcp_entropy": {
        "mean": 1.70401287079,
        "var": 0.557292044163
    },
    "key_strength": 0.821794509888,
    "tuning_diatonic_strength": 0.593347132206,
    "tuning_equal_tempered_deviation": 0.0131989046931,
    "tuning_frequency": 446.142181396,
    "tuning_nontempered_energy_ratio": 0.622683346272,
    "hpcp": {
        "mean": [0.189295828342, 0.106256194413, 0.0486483760178, 0.0540708303452, 0.0786640942097, 0.219744876027, 0.34210652113, 0.208098053932, 0.0534039400518, 0.0225620809942, 0.0260596051812, 0.0877691507339, 0.133833125234, 0.0847107172012, 0.057312220335, 0.0832627937198, 0.0666593313217, 0.0527180209756, 0.0581260696054, 0.0507681183517, 0.15732870996, 0.323583364487, 0.254363805056, 0.0832943320274, 0.0297838989645, 0.036657743156, 0.175434082747, 0.267657488585, 0.15253663063, 0.0574266947806, 0.0455969944596, 0.0595301538706, 0.122656002641, 0.158341467381, 0.12195456028, 0.157312378287],
        "var": [0.102137766778, 0.0418723449111, 0.0210112929344, 0.0281598716974, 0.0339477844536, 0.0727844759822, 0.137150749564, 0.0649395808578, 0.0203629303724, 0.0101671805605, 0.0092122880742, 0.0378157384694, 0.0761606991291, 0.0345047488809, 0.0223035048693, 0.0561837628484, 0.0332547165453, 0.0173544418067, 0.020231988281, 0.0159437227994, 0.0398432761431, 0.130364060402, 0.0949633419514, 0.0257607083768, 0.0104615278542, 0.0108483005315, 0.0727583169937, 0.134718075395, 0.0521797314286, 0.0237830486149, 0.0209426432848, 0.0259077306837, 0.0585081577301, 0.0807807296515, 0.0476229339838, 0.0727955549955]
    },
    "chords_histogram": [34.7736625671, 0, 20.5761318207, 0, 1.02880656719, 0, 0, 0, 0, 0, 0, 0, 0, 0, 0, 0, 0, 0, 0, 12.3456792831, 0, 4.01234579086, 26.1316871643, 1.13168728352],
    "thpcp": [1, 0.60828435421, 0.156103253365, 0.0659504532814, 0.076173953712, 0.256555020809, 0.391203075647, 0.247615039349, 0.167527407408, 0.243382662535, 0.194849640131, 0.154098257422, 0.16990634799, 0.148398563266, 0.459882229567, 0.945855557919, 0.74352222681, 0.243474841118, 0.0870603099465, 0.107153005898, 0.512805461884, 0.782380580902, 0.445874661207, 0.167862027884, 0.133283033967, 0.174010574818, 0.358531624079, 0.462842583656, 0.356481254101, 0.459834486246, 0.553324222565, 0.310593873262, 0.142202422023, 0.158052608371, 0.229940354824, 0.642328798771],
    "chords_key": "E",
    "chords_scale": "major",
    "key_key": "E",
    "key_scale": "major"
}
}