{
"lowlevel": {
    "average_loudness": 0.970374345779,
    "barkbands_crest": {
        "mean": 10.1514644623,
        "var": 15.4323453903
    },
    "barkbands_flatness_db": {
        "mean": 0.178387418389,
        "var": 0.00660241115838
    },
    "barkbands_kurtosis": {
        "mean": 4.00355958939,
        "var": 86.0491104126
    },
    "barkbands_skewness": {
        "mean": 1.18711912632,
        "var": 2.25553417206
    },
    "barkbands_spread": {
        "mean": 22.3121566772,
        "var": 184.565139771
    },
    "dissonance": {
        "mean": 0.467704236507,
        "var": 0.000984957441688
    },
    "dynamic_complexity": 3.29803037643,
    "erbbands_crest": {
        "mean": 10.347984314,
        "var": 22.3749408722
    },
    "erbbands_flatness_db": {
        "mean": 0.198968797922,
        "var": 0.00304999062791
    },
    "erbbands_kurtosis": {
        "mean": 1.3803075552,
        "var": 16.5329627991
    },
    "erbbands_skewness": {
        "mean": -0.230983674526,
        "var": 1.50476384163
    },
    "erbbands_spread": {
        "mean": 32.9909820557,
        "var": 301.998931885
    },
    "hfc": {
        "mean": 13.9306716919,
        "var": 292.802978516
    },
    "melbands_crest": {
        "mean": 13.0404911041,
        "var": 23.8197631836
    },
    "melbands_flatness_db": {
        "mean": 0.238720402122,
        "var": 0.0117838867009
    },
    "melbands_kurtosis": {
        "mean": 10.8744049072,
        "var": 388.535369873
    },
    "melbands_skewness": {
        "mean": 2.26236915588,
        "var": 2.57353496552
    },
    "melbands_spread": {
        "mean": 31.0937633514,
        "var": 748.873291016
    },
    "pitch_salience": {
        "mean": 0.542113184929,
        "var": 0.0114597007632
    },
    "silence_rate_20dB": {
        "mean": 1,
        "var": 0
    },
    "silence_rate_30dB": {
        "mean": 1,
        "var": 0
    },
    "silence_rate_60dB": {
        "mean": 0.0627894997597,
        "var": 0.0588470213115
    },
    "spectral_centroid": {
        "mean": 1456.1895752,
        "var": 836230.375
    },
    "spectral_complexity": {
        "mean": 13.5295934677,
        "var": 44.2213668823
    },
    "spectral_decrease": {
        "mean": -3.38377459386e-009,
        "var": 6.29582053465e-018
    },
    "spectral_energy": {
        "mean": 0.0140347089618,
        "var": 0.000108886473754
    },
    "spectral_energyband_high": {
        "mean": 0.000269562355243,
        "var": 2.86242936909e-007
    },
    "spectral_energyband_low": {
        "mean": 0.00412067119032,
        "var": 3.01912186842e-005
    },
    "spectral_energyband_middle_high": {
        "mean": 0.00440003629774,
        "var": 3.77527831006e-005
    },
    "spectral_energyband_middle_low": {
        "mean": 0.00562725029886,
        "var": 4.02465047955e-005
    },
    "spectral_entropy": {
        "mean": 7.11534547806,
        "var": 0.338280707598
    },
    "spectral_flux": {
        "mean": 0.0543923377991,
        "var": 0.00127193180379
    },
    "spectral_kurtosis": {
        "mean": 10.4133434296,
        "var": 208.150192261
    },
    "spectral_rms": {
        "mean": 0.00347068323754,
        "var": 1.64674747793e-006
    },
    "spectral_rolloff": {
        "mean": 1532.48132324,
        "var": 1900068.625
    },
    "spectral_skewness": {
        "mean": 1.99681186676,
        "var": 1.42643296719
    },
    "spectral_spread": {
        "mean": 3443569,
        "var": 3.99099271578e+012
    },
    "spectral_strongpeak": {
        "mean": 1.90583920479,
        "var": 11.3001565933
    },
    "zerocrossingrate": {
        "mean": 0.059253923595,
        "var": 0.00162003259175
    },
    "barkbands": {
        "mean": [0.000201790928259, 0.00236371881329, 0.00122044642922, 0.000698827381711, 0.00165264250245, 0.00200525554828, 0.000838149047922, 0.000176758752787, 0.000195389249711, 0.000288097420707, 0.000163830874953, 3.63521539839e-005, 0.000121148055769, 0.000428008730523, 0.000233174054301, 0.000799821864348, 0.000676959520206, 0.00122098799329, 0.000380367215257, 0.000186450895853, 3.0238466934e-005, 2.89709332719e-005, 2.94989222311e-005, 3.28001660819e-005, 2.02072606044e-005, 4.75814886158e-006, 5.3042629844e-008],
        "var": [2.54094373986e-007, 1.59646442626e-005, 2.87776447294e-006, 9.72772340901e-007, 1.53009532369e-005, 7.47441163185e-006, 1.46756428876e-006, 6.56202985283e-008, 5.02342736297e-008, 1.90613150153e-007, 6.45115960651e-008, 1.67982894261e-009, 4.03307538477e-008, 1.00958561688e-006, 2.05605630299e-007, 4.46206331617e-006, 1.91010894923e-006, 1.01986515801e-005, 1.0012115581e-006, 2.22900013114e-007, 4.49453096962e-009, 4.22359125452e-009, 4.2544185952e-009, 4.10448652843e-009, 9.32012911292e-010, 1.55424728643e-010, 3.80463313578e-014]
    },
    "erbbands": {
        "mean": [0.0674369260669, 0.518383741379, 1.39029335976, 2.06818842888, 4.07057332993, 6.39396953583, 7.15798521042, 19.7046813965, 13.8652563095, 8.89128303528, 3.30057787895, 4.70886993408, 5.71225786209, 10.5964517593, 4.82401323318, 1.93018805981, 6.56090688705, 21.8209075928, 11.1431589127, 26.2489585876, 40.462272644, 31.9346446991, 61.7099189758, 42.1528930664, 13.8430671692, 10.7028675079, 2.83310842514, 0.999918937683, 1.05934023857, 0.911067068577, 0.883653283119, 0.744787693024, 0.476945608854, 0.267808794975, 0.123426936567, 0.0367923527956, 0.00543494150043, 0.000469330640044, 2.06068616535e-005, 1.81426694326e-005],
        "var": [0.0205496568233, 0.663987159729, 3.36537766457, 8.53231334686, 99.1269378662, 178.450531006, 117.555145264, 793.883178711, 455.5965271, 156.908798218, 11.1592931747, 27.8294239044, 79.0767745972, 239.649459839, 33.0888214111, 3.85921192169, 115.638404846, 2939.42749023, 288.519042969, 3541.63818359, 9658.19042969, 3208.36303711, 24053.3730469, 10234.5917969, 885.56628418, 633.040344238, 58.9066505432, 4.85120201111, 5.10450077057, 5.15514278412, 3.50567269325, 2.43877840042, 0.788604021072, 0.166192948818, 0.0444273687899, 0.00645650178194, 0.000310831033858, 2.46142144533e-006, 1.35207622876e-009, 1.91944696248e-010]
    },
    "gfcc": {
        "mean": [-69.0498886108, 131.53112793, -125.521011353, 45.3700256348, -45.6501960754, 1.92041635513, -45.9427642822, 15.4312391281, -13.9408416748, -6.21735191345, -1.04168975353, -4.69341278076, 1.49065232277],
        "cov": [[9601.84472656, -3325.77563477, -2008.06225586, 918.44543457, -457.497009277, 278.810089111, -1077.21569824, 532.683044434, -768.847961426, 58.8973846436, -391.490081787, 307.350280762, -280.741729736], [-3325.77563477, 2832.31713867, 449.9793396, -461.427154541, 302.38369751, -508.677368164, 627.894958496, -565.787719727, 586.999633789, -174.636260986, 267.393615723, -293.061462402, 256.9034729], [-2008.06225586, 449.9793396, 1066.0090332, -153.69694519, -123.147789001, 195.581863403, 207.732406616, -73.6737365723, 128.790847778, 45.6030807495, -19.9299430847, -9.49880409241, 14.7713823318], [918.44543457, -461.427154541, -153.69694519, 333.354095459, -117.450157166, 44.6377944946, -84.5642776489, 39.6061401367, -45.2879104614, -23.8609447479, -37.2863769531, -3.25592494011, -11.3851366043], [-457.497009277, 302.38369751, -123.147789001, -117.450157166, 315.167541504, -137.800552368, 84.7641983032, 15.1541919708, 26.5110282898, 13.4802865982, 71.6416244507, -11.8262424469, 1.57289063931], [278.810089111, -508.677368164, 195.581863403, 44.6377944946, -137.800552368, 357.080169678, -104.593910217, 91.3643493652, -81.2004241943, 45.3564949036, -45.5314445496, 59.1788635254, -56.2152366638], [-1077.21569824, 627.894958496, 207.732406616, -84.5642776489, 84.7641983032, -104.593910217, 262.454650879, -110.287467957, 131.359893799, -25.6823711395, 73.4749984741, -61.5511817932, 32.0716552734], [532.683044434, -565.787719727, -73.6737365723, 39.6061401367, 15.1541919708, 91.3643493652, -110.287467957, 277.898040771, -152.19694519, 61.0397186279, -15.7387218475, 79.1826477051, -51.8832015991], [-768.847961426, 586.999633789, 128.790847778, -45.2879104614, 26.5110282898, -81.2004241943, 131.359893799, -152.19694519, 224.839630127, -33.958442688, 46.3196372986, -67.9197235107, 88.2480163574], [58.8973846436, -174.636260986, 45.6030807495, -23.8609447479, 13.4802865982, 45.3564949036, -25.6823711395, 61.0397186279, -33.958442688, 101.19834137, -14.9152784348, 28.1391429901, -0.872897028923], [-391.490081787, 267.393615723, -19.9299430847, -37.2863769531, 71.6416244507, -45.5314445496, 73.4749984741, -15.7387218475, 46.3196372986, -14.9152784348, 127.117347717, -22.6348896027, -11.3193235397], [307.350280762, -293.061462402, -9.49880409241, -3.25592494011, -11.8262424469, 59.1788635254, -61.5511817932, 79.1826477051, -67.9197235107, 28.1391429901, -22.6348896027, 90.6815643311, -19.9842605591], [-280.741729736, 256.9034729, 14.7713823318, -11.3851366043, 1.57289063931, -56.2152366638, 32.0716552734, -51.8832015991, 88.2480163574, -0.872897028923, -11.3193235397, -19.9842605591, 151.804412842]],
        "icov": [[0.0005870051682, -0.000753081869334, 0.00113783043344, -0.00134862971026, 0.000655625364743, -0.000437494425569, 0.00101329036988, -0.000357551733032, 0.00054892571643, -0.00102555390913, 0.00152140087448, -0.00160347472411, 0.00122045713942], [-0.000753081869334, 0.00524984300137, -0.00239711790346, 0.00526941660792, -0.00154565263074, 0.00250751036219, -0.00377615331672, 0.00280594499782, -0.00299719627947, 0.00457854894921, -0.00552477082238, 0.00651795929298, -0.0047325976193], [0.00113783043344, -0.00239711790346, 0.00440839212388, -0.00252776197158, 0.00244727032259, -0.00256140599959, 0.00026494966005, -0.00151171721518, 0.000569072144572, -0.00346153322607, 0.00478825671598, -0.00428865430877, 0.00343765527941], [-0.00134862971026, 0.00526941660792, -0.00252776197158, 0.0102742649615, -0.000361045822501, 0.00223042420112, -0.00451474171132, 0.00173647061456, -0.00343514140695, 0.00584520911798, -0.00579069321975, 0.00862462352961, -0.00528402533382], [0.000655625364743, -0.00154565263074, 0.00244727032259, -0.000361045822501, 0.00649776449427, 0.000417860836023, -0.000241549976636, -0.00211218255572, 0.000463790347567, -0.00300397188403, 0.00114307331387, -0.00261773029342, 0.00243332493119], [-0.000437494425569, 0.00250751036219, -0.00256140599959, 0.00223042420112, 0.000417860836023, 0.00637572444975, 9.75677176029e-005, 0.000796534179244, -0.00140328146517, 0.00133444101084, -0.00334106106311, 0.00210430822335, -0.00117646483704], [0.00101329036988, -0.00377615331672, 0.00026494966005, -0.00451474171132, -0.000241549976636, 9.75677176029e-005, 0.012509226799, -0.000931735732593, 0.00089012470562, -0.00296972109936, 0.00164468726143, -0.00366459041834, 0.00408311886713], [-0.000357551733032, 0.00280594499782, -0.00151171721518, 0.00173647061456, -0.00211218255572, 0.000796534179244, -0.000931735732593, 0.00894290115684, 0.00219913083129, 0.000285170099232, -0.00452838512138, 0.000695828697644, -0.00308516062796], [0.00054892571643, -0.00299719627947, 0.000569072144572, -0.00343514140695, 0.000463790347567, -0.00140328146517, 0.00089012470562, 0.00219913083129, 0.0135587183759, -0.00207051960751, 0.000411041080952, -0.00154640839901, -0.00225337711163], [-0.00102555390913, 0.00457854894921, -0.00346153322607, 0.00584520911798, -0.00300397188403, 0.00133444101084, -0.00296972109936, 0.000285170099232, -0.00207051960751, 0.0173307545483, -0.00450780335814, 0.00522430986166, -0.00596474530175], [0.00152140087448, -0.00552477082238, 0.00478825671598, -0.00579069321975, 0.00114307331387, -0.00334106106311, 0.00164468726143, -0.00452838512138, 0.000411041080952, -0.00450780335814, 0.0186669062823, -0.00712056877092, 0.00830854754895], [-0.00160347472411, 0.00651795929298, -0.00428865430877, 0.00862462352961, -0.00261773029342, 0.00210430822335, -0.00366459041834, 0.000695828697644, -0.00154640839901, 0.00522430986166, -0.00712056877092, 0.026426108554, -0.00723648164421], [0.00122045713942, -0.0047325976193, 0.00343765527941, -0.00528402533382, 0.00243332493119, -0.00117646483704, 0.00408311886713, -0.00308516062796, -0.00225337711163, -0.00596474530175, 0.00830854754895, -0.00723648164421, 0.0146874096245]]
    },
    "melbands": {
        "mean": [0.000623855390586, 0.000746511621401, 0.000406288309023, 0.000404927966883, 0.000259382126387, 0.000423752935603, 0.000203185220016, 8.22200090624e-005, 2.5883266062e-005, 2.85199112113e-005, 2.84662874037e-005, 4.39847026428e-005, 2.01159000426e-005, 3.95539973397e-006, 7.95129017206e-006, 2.45051433012e-005, 4.03480844398e-005, 1.56540791068e-005, 2.217369547e-005, 5.34263272129e-005, 4.43679236923e-005, 2.92757140414e-005, 3.87758300349e-005, 7.80023183324e-005, 2.81574666587e-005, 1.40885258588e-005, 4.49669323643e-006, 7.82003735367e-006, 2.0906879854e-006, 6.41119868305e-007, 5.19984780567e-007, 5.93292611484e-007, 5.55677161174e-007, 4.91095192956e-007, 5.20795481407e-007, 4.62668424461e-007, 4.56665475213e-007, 3.45644991739e-007, 2.88587727937e-007, 2.03417187095e-007],
        "var": [1.41432462897e-006, 9.25258746065e-007, 2.81548381054e-007, 8.61875207647e-007, 1.37471360517e-007, 3.4821445638e-007, 9.1116078238e-008, 1.41739402437e-008, 6.50740406005e-010, 1.07676079164e-009, 2.04742867105e-009, 4.39958647291e-009, 7.37376437687e-010, 2.66093674872e-011, 1.43800846231e-010, 3.2977589548e-009, 1.04041024684e-008, 7.07592151539e-010, 2.23524243559e-009, 2.33879013933e-008, 1.0944838813e-008, 2.73081579572e-009, 1.07035216246e-008, 5.8177576534e-008, 5.72227287776e-009, 1.14144715901e-009, 6.48326739516e-011, 4.46472553373e-010, 5.47916538529e-011, 2.07783334809e-012, 1.58228367474e-012, 1.56206612315e-012, 1.77567368361e-012, 1.60564660526e-012, 1.28335319802e-012, 1.03016510253e-012, 8.91966838931e-013, 4.86393585998e-013, 2.19779787902e-013, 1.00255605684e-013]
    },
    "mfcc": {
        "mean": [-702.719055176, 145.728805542, -5.41485881805, 35.7940063477, 23.0451488495, -10.2490119934, -5.10586309433, 6.02690172195, -3.84550452232, 4.32082223892, -3.24674272537, -1.37241387367, -0.098341986537],
        "cov": [[7574.89208984, -2801.6394043, -1750.91162109, 201.750930786, 255.34413147, -406.864471436, -69.1139678955, 57.9811286926, -294.259429932, -207.615036011, -265.738830566, -124.032272339, -45.7239837646], [-2801.6394043, 2272.3996582, 142.456542969, 120.008354187, -146.097839355, 131.478729248, -128.750640869, -124.200462341, 92.376121521, 124.696784973, 34.9616165161, 22.6831912994, -41.6598930359], [-1750.91162109, 142.456542969, 1248.00598145, -200.819015503, -155.740036011, 278.055358887, -1.57628238201, 24.9282150269, 127.39666748, 34.0692214966, 34.7976226807, 69.5322418213, 1.38413870335], [201.750930786, 120.008354187, -200.819015503, 285.915130615, -22.6505222321, -60.7173728943, -22.3683338165, -21.2476291656, -11.9572839737, 43.4321212769, -42.3991584778, -20.5125789642, -3.19860768318], [255.34413147, -146.097839355, -155.740036011, -22.6505222321, 158.96685791, -53.9712142944, 36.9664459229, 21.8600254059, -7.25737190247, -14.9946393967, 20.6618556976, -9.082903862, 25.2443199158], [-406.864471436, 131.478729248, 278.055358887, -60.7173728943, -53.9712142944, 216.961975098, -39.2151222229, -19.8451347351, 35.5069999695, 15.022564888, -7.74261760712, 29.059179306, -26.9747505188], [-69.1139678955, -128.750640869, -1.57628238201, -22.3683338165, 36.9664459229, -39.2151222229, 160.205154419, 52.4761238098, -36.5408172607, -6.9655251503, 80.0227203369, -1.57984304428, 14.6725816727], [57.9811286926, -124.200462341, 24.9282150269, -21.2476291656, 21.8600254059, -19.8451347351, 52.4761238098, 99.629447937, -27.4797897339, -21.1334457397, 55.9812965393, -7.32300758362, -15.1393661499], [-294.259429932, 92.376121521, 127.39666748, -11.9572839737, -7.25737190247, 35.5069999695, -36.5408172607, -27.4797897339, 140.051498413, 25.3029689789, -84.9530334473, 26.0357894897, 62.8642501831], [-207.615036011, 124.696784973, 34.0692214966, 43.4321212769, -14.9946393967, 15.022564888, -6.9655251503, -21.1334457397, 25.3029689789, 77.6557922363, 1.86222159863, -2.81129169464, 9.54378509521], [-265.738830566, 34.9616165161, 34.7976226807, -42.3991584778, 20.6618556976, -7.74261760712, 80.0227203369, 55.9812965393, -84.9530334473, 1.86222159863, 187.364746094, -5.61489534378, -59.2182121277], [-124.032272339, 22.6831912994, 69.5322418213, -20.5125789642, -9.082903862, 29.059179306, -1.57984304428, -7.32300758362, 26.0357894897, -2.81129169464, -5.61489534378, 59.9461746216, 18.2355747223], [-45.7239837646, -41.6598930359, 1.38413870335, -3.19860768318, 25.2443199158, -26.9747505188, 14.6725816727, -15.1393661499, 62.8642501831, 9.54378509521, -59.2182121277, 18.2355747223, 110.25868988]],
        "icov": [[0.000640768907033, 0.000753367086872, 0.000774372310843, -6.47111082799e-005, 8.40510765556e-005, -0.000143481433042, 0.000560016720556, -0.00024804630084, 0.000608551083133, -6.30274153082e-005, 0.000867747294251, -0.000159084214829, 0.000526701158378], [0.000753367086872, 0.00148352060933, 0.000989407999441, -0.000317492143949, 0.000497696979437, -0.000368880719179, 0.00101649982389, 0.000300453248201, 5.53787549507e-006, -0.000381272780942, 0.000163940800121, -0.000158142429427, 0.000697155948728], [0.000774372310843, 0.000989407999441, 0.00255323876627, 0.000611008668784, 0.00155343336519, -0.0016017210437, 0.000494324427564, -0.00103147188202, -0.000786548596807, -0.000416494469391, 0.000192965104361, -0.000401281751692, 0.000380210287403], [-6.47111082799e-005, -0.000317492143949, 0.000611008668784, 0.00527321361005, 0.00101742218249, 0.00116589979734, -0.000288129027467, -0.000783783674706, 0.00110516394489, -0.00366862514056, 0.00213977019303, -0.000139979558298, 0.000841350934934], [8.40510765556e-005, 0.000497696979437, 0.00155343336519, 0.00101742218249, 0.00917684845626, 5.29705466761e-005, -0.000319927436067, -0.000836345658172, -0.00192445609719, 0.000680461875163, -0.00221727509052, 0.00113600643817, -0.00226788618602], [-0.000143481433042, -0.000368880719179, -0.0016017210437, 0.00116589979734, 5.29705466761e-005, 0.00802295748144, 0.000457100570202, 0.000931778049562, -0.000269304146059, -0.00140097562689, 0.00108898419421, -0.00245735561475, 0.00313895568252], [0.000560016720556, 0.00101649982389, 0.000494324427564, -0.000288129027467, -0.000319927436067, 0.000457100570202, 0.0111419232562, -0.00294070481323, 0.00178773864172, -0.000121227305499, -0.00389096443541, -0.000108492691652, -0.00418028188869], [-0.00024804630084, 0.000300453248201, -0.00103147188202, -0.000783783674706, -0.000836345658172, 0.000931778049562, -0.00294070481323, 0.0155210476369, -0.00196343939751, 0.00402373680845, -0.00414538010955, 0.00183440570254, 0.00118416897021], [0.000608551083133, 5.53787549507e-006, -0.000786548596807, 0.00110516394489, -0.00192445609719, -0.000269304146059, 0.00178773864172, -0.00196343939751, 0.017596906051, -0.00481261033565, 0.00770808011293, -0.00351324141957, -0.00473178224638], [-6.30274153082e-005, -0.000381272780942, -0.000416494469391, -0.00366862514056, 0.000680461875163, -0.00140097562689, -0.000121227305499, 0.00402373680845, -0.00481261033565, 0.0191741082817, -0.00509766163304, 0.00377850770019, -0.00247986777686], [0.000867747294251, 0.000163940800121, 0.000192965104361, 0.00213977019303, -0.00221727509052, 0.00108898419421, -0.00389096443541, -0.00414538010955, 0.00770808011293, -0.00509766163304, 0.0155666638166, -0.00322918687016, 0.00614526541904], [-0.000159084214829, -0.000158142429427, -0.000401281751692, -0.000139979558298, 0.00113600643817, -0.00245735561475, -0.000108492691652, 0.00183440570254, -0.00351324141957, 0.00377850770019, -0.00322918687016, 0.0211139954627, -0.00427006371319], [0.000526701158378, 0.000697155948728, 0.000380210287403, 0.000841350934934, -0.00226788618602, 0.00313895568252, -0.00418028188869, 0.00118416897021, -0.00473178224638, -0.00247986777686, 0.00614526541904, -0.00427006371319, 0.0184963569045]]
    },
    "spectral_contrast_coeffs": {
        "mean": [-0.694681346416, -0.727831482887, -0.765425682068, -0.76394110918, -0.74648308754, -0.787177443504],
        "var": [0.00539842201397, 0.00536053162068, 0.00253196037374, 0.00436555128545, 0.00597141915932, 0.00115898938384]
    },
    "spectral_contrast_valleys": {
        "mean": [-7.29092931747, -6.95193386078, -8.06914901733, -8.29947090149, -8.31811237335, -11.3574914932],
        "var": [0.915493011475, 0.977612674236, 1.09005331993, 1.36826586723, 1.93345975876, 2.35275411606]
    }
},
"metadata": {
    "audio_properties": {
        "analysis_sample_rate": 44100,
        "bit_rate": 112344,
        "equal_loudness": 0,
        "length": 45.0873451233,
        "lossless": 0,
        "replay_gain": -14.2519207001,
        "sample_rate": 44100,
        "codec": "mp3",
        "downmix": "mix",
        "md5_encoded": "7e6c7ce949b438597fb6579d811e7164"
    },
    "tags": {
        "file_name": "309.mp3"
    },
    "version": {
        "essentia": "2.1-beta2",
        "essentia_git_sha": "v2.1_beta2",
        "extractor": "music 1.0"
    }
},
"rhythm": {
    "beats_count": 82,
    "beats_loudness": {
        "mean": 0.0192507132888,
        "var": 6.30799404462e-005
    },
    "bpm": 109.97895813,
    "bpm_histogram_first_peak_bpm": {
        "mean": 110,
        "var": 0
    },
    "bpm_histogram_first_peak_spread": {
        "mean": 0.40000000596,
        "var": 0
    },
    "bpm_histogram_first_peak_weight": {
        "mean": 0.592592597008,
        "var": 0
    },
    "bpm_histogram_second_peak_bpm": {
        "mean": 115,
        "var": 0
    },
    "bpm_histogram_second_peak_spread": {
        "mean": 0,
        "var": 0
    },
    "bpm_histogram_second_peak_weight": {
        "mean": 0.0123456791043,
        "var": 0
    },
    "danceability": 1.17877388,
    "onset_rate": 4.78885126114,
    "beats_loudness_band_ratio": {
        "mean": [0.397585064173, 0.362431675196, 0.0933009162545, 0.0503094382584, 0.135471597314, 0.0567138530314],
        "var": [0.0466152615845, 0.0309083722532, 0.00523692695424, 0.00287251546979, 0.0214636679739, 0.00262030679733]
    },
    "beats_position": [0.49922901392, 1.02167797089, 1.55573689938, 2.08979582787, 2.63546490669, 3.1811337471, 3.72680258751, 4.28408145905, 4.82975053787, 5.38702917099, 5.94430828094, 6.47836732864, 7.03564596176, 7.59292507172, 8.12698364258, 8.66104316711, 9.21832180023, 9.76399040222, 10.3096599579, 10.8437185287, 11.3893871307, 11.9350566864, 12.4807252884, 13.0263938904, 13.572063446, 14.117732048, 14.6517915726, 15.1974601746, 15.7431287766, 16.2887973785, 16.8344669342, 17.3801364899, 17.9258041382, 18.483083725, 19.0403633118, 19.574420929, 20.1317005157, 20.6773700714, 21.2230377197, 21.7687072754, 22.3143768311, 22.8484344482, 23.3941040039, 23.9397735596, 24.4854412079, 25.0427207947, 25.5883903503, 26.1340579987, 26.6797275543, 27.22539711, 27.7710647583, 28.316734314, 28.8624038696, 29.3964614868, 29.9421310425, 30.4994106293, 31.0566883087, 31.6023578644, 32.1480255127, 32.6936950684, 33.239364624, 33.7850341797, 34.3190917969, 34.8763694763, 35.422039032, 35.9677085876, 36.5017662048, 37.0474357605, 37.5814971924, 38.1271629333, 38.6844444275, 39.2417221069, 39.7989997864, 40.3330612183, 40.8787307739, 41.4243965149, 41.9584579468, 42.5041275024, 43.0497932434, 43.6070747375, 44.1527442932, 44.6984100342]
},
"tonal": {
    "chords_changes_rate": 0.0390946492553,
    "chords_number_rate": 0.00925925932825,
    "chords_strength": {
        "mean": 0.478181004524,
        "var": 0.00868268683553
    },
    "hpcp_entropy": {
        "mean": 2.18453669548,
        "var": 0.441833376884
    },
    "key_strength": 0.539128124714,
    "tuning_diatonic_strength": 0.444113731384,
    "tuning_equal_tempered_deviation": 0.310738801956,
    "tuning_frequency": 434.193115234,
    "tuning_nontempered_energy_ratio": 0.95215523243,
    "hpcp": {
        "mean": [0.155612364411, 0.197459205985, 0.116516180336, 0.0957131683826, 0.118460513651, 0.106614813209, 0.166229233146, 0.217332780361, 0.133727610111, 0.0789776295424, 0.111530654132, 0.0951735079288, 0.059822384268, 0.0741174593568, 0.0746598765254, 0.0726752430201, 0.0682093650103, 0.0432029254735, 0.0610300265253, 0.0833206176758, 0.0757124051452, 0.227955088019, 0.390074282885, 0.361659258604, 0.379131615162, 0.323535621166, 0.158604338765, 0.174665734172, 0.226438716054, 0.136902377009, 0.114828079939, 0.175765216351, 0.147075414658, 0.11063119024, 0.107966311276, 0.0899269282818],
        "var": [0.0593220368028, 0.0905652716756, 0.0294211674482, 0.0310520771891, 0.0544984415174, 0.0305770132691, 0.0465878248215, 0.0711567997932, 0.0328877195716, 0.0148992501199, 0.0370658151805, 0.0387808829546, 0.0171229317784, 0.0319277308881, 0.0288164522499, 0.0206818878651, 0.0205731634051, 0.00798504240811, 0.0179237909615, 0.0300500262529, 0.0165419857949, 0.0618569254875, 0.142566621304, 0.0870475172997, 0.120851680636, 0.107645943761, 0.0490789264441, 0.0693789646029, 0.108744755387, 0.041085306555, 0.037236418575, 0.0830972418189, 0.0626586377621, 0.0349043756723, 0.0330116376281, 0.0228963121772]
    },
    "chords_histogram": [15.9465017319, 0.823045253754, 18.5185184479, 0, 0.411522626877, 0, 0, 1.95473253727, 0, 17.5925922394, 0, 2.26337456703, 8.95061683655, 0, 0.514403283596, 0, 5.96707820892, 0, 0, 0.925925910473, 0, 8.02469158173, 0, 18.1069965363],
    "thpcp": [1, 0.927154839039, 0.971947193146, 0.829420566559, 0.406600356102, 0.447775572538, 0.580501496792, 0.350964874029, 0.294374912977, 0.450594216585, 0.37704461813, 0.283615708351, 0.276783972979, 0.230537950993, 0.398930072784, 0.506209254265, 0.298702538013, 0.245371639729, 0.30368706584, 0.273319244385, 0.426147639751, 0.55715739727, 0.342826008797, 0.202468171716, 0.285921573639, 0.243988156319, 0.153361514211, 0.190008580685, 0.191399127245, 0.186311289668, 0.174862504005, 0.110755637288, 0.156457453966, 0.21360193193, 0.194097399712, 0.584388911724],
    "chords_key": "E",
    "chords_scale": "minor",
    "key_key": "A",
    "key_scale": "minor"
}
}