{
"lowlevel": {
    "average_loudness": 0.924320340157,
    "barkbands_crest": {
        "mean": 11.3629932404,
        "var": 15.8286085129
    },
    "barkbands_flatness_db": {
        "mean": 0.172389298677,
        "var": 0.0027682131622
    },
    "barkbands_kurtosis": {
        "mean": 8.99451065063,
        "var": 192.511306763
    },
    "barkbands_skewness": {
        "mean": 2.21150541306,
        "var": 2.83746767044
    },
    "barkbands_spread": {
        "mean": 21.0815124512,
        "var": 210.639068604
    },
    "dissonance": {
        "mean": 0.459685206413,
        "var": 0.000834714563098
    },
    "dynamic_complexity": 3.20782852173,
    "erbbands_crest": {
        "mean": 10.8893136978,
        "var": 26.2559013367
    },
    "erbbands_flatness_db": {
        "mean": 0.15430226922,
        "var": 0.0028484526556
    },
    "erbbands_kurtosis": {
        "mean": 0.724511504173,
        "var": 4.71548271179
    },
    "erbbands_skewness": {
        "mean": 0.283919543028,
        "var": 0.493096888065
    },
    "erbbands_spread": {
        "mean": 50.2488632202,
        "var": 1044.36535645
    },
    "hfc": {
        "mean": 13.3659658432,
        "var": 218.365371704
    },
    "melbands_crest": {
        "mean": 15.3689832687,
        "var": 15.5739297867
    },
    "melbands_flatness_db": {
        "mean": 0.242282211781,
        "var": 0.0045543150045
    },
    "melbands_kurtosis": {
        "mean": 34.5308380127,
        "var": 2374.66967773
    },
    "melbands_skewness": {
        "mean": 3.98849987984,
        "var": 7.76773834229
    },
    "melbands_spread": {
        "mean": 18.6605834961,
        "var": 278.916320801
    },
    "pitch_salience": {
        "mean": 0.496558606625,
        "var": 0.0104121416807
    },
    "silence_rate_20dB": {
        "mean": 0.999485075474,
        "var": 0.000514649262186
    },
    "silence_rate_30dB": {
        "mean": 0.951596319675,
        "var": 0.0460602380335
    },
    "silence_rate_60dB": {
        "mean": 0.042739443481,
        "var": 0.040911693126
    },
    "spectral_centroid": {
        "mean": 1112.41271973,
        "var": 500157.34375
    },
    "spectral_complexity": {
        "mean": 10.7523174286,
        "var": 49.8165664673
    },
    "spectral_decrease": {
        "mean": -6.86086565338e-009,
        "var": 1.20328679924e-016
    },
    "spectral_energy": {
        "mean": 0.0271068103611,
        "var": 0.00179059407674
    },
    "spectral_energyband_high": {
        "mean": 0.000606258690823,
        "var": 9.74814383881e-007
    },
    "spectral_energyband_low": {
        "mean": 0.015401031822,
        "var": 0.000964362756349
    },
    "spectral_energyband_middle_high": {
        "mean": 0.00319482386112,
        "var": 1.16686087495e-005
    },
    "spectral_energyband_middle_low": {
        "mean": 0.0113603556529,
        "var": 0.00057782442309
    },
    "spectral_entropy": {
        "mean": 7.45062160492,
        "var": 0.15914490819
    },
    "spectral_flux": {
        "mean": 0.0763068646193,
        "var": 0.00627961801365
    },
    "spectral_kurtosis": {
        "mean": 2.95967388153,
        "var": 5.73188495636
    },
    "spectral_rms": {
        "mean": 0.00448354100809,
        "var": 6.3435481934e-006
    },
    "spectral_rolloff": {
        "mean": 1121.30053711,
        "var": 2262617
    },
    "spectral_skewness": {
        "mean": 1.38910710812,
        "var": 0.158512219787
    },
    "spectral_spread": {
        "mean": 5758529,
        "var": 6.78822569574e+012
    },
    "spectral_strongpeak": {
        "mean": 0.651784002781,
        "var": 0.779027819633
    },
    "zerocrossingrate": {
        "mean": 0.0570846535265,
        "var": 0.00138892245013
    },
    "barkbands": {
        "mean": [0.000199453264941, 0.00703715020791, 0.00474710017443, 0.00564626976848, 0.00316771911457, 0.00133861321956, 0.0003917037684, 0.000298536935588, 0.000449560349807, 0.000301660125842, 0.000636111246422, 0.000753280241042, 0.000478718109662, 0.000203343777684, 0.000209738442209, 0.000192197781871, 0.00013504398521, 9.89905529423e-005, 0.000148634673678, 0.000129527688841, 9.60676625255e-005, 9.64193459367e-005, 9.41537000472e-005, 8.39768399601e-005, 0.000110387278255, 6.07810434303e-005, 1.70367627561e-006],
        "var": [1.30650448682e-007, 9.4118877314e-005, 0.00014574296074, 0.000351149355993, 2.28435965255e-005, 2.61263030552e-005, 1.14956856123e-006, 7.96938593339e-007, 3.09935467158e-006, 4.05848538776e-007, 1.66346092101e-006, 1.753573315e-006, 1.45082640302e-006, 2.77027055517e-007, 2.10771290199e-007, 1.52337349846e-007, 8.50702406296e-008, 8.40602041308e-008, 2.3112737324e-007, 1.34946304797e-007, 2.79765384192e-008, 2.55206611399e-008, 4.35730811432e-008, 2.0926025357e-008, 8.5393629945e-008, 6.80873100123e-008, 8.37221264538e-011]
    },
    "erbbands": {
        "mean": [0.189238399267, 1.6467410326, 4.77499294281, 14.4985780716, 12.2679700851, 13.2437343597, 7.64875793457, 12.9683294296, 4.70823764801, 7.8649020195, 7.17342281342, 9.99003505707, 9.07610988617, 20.3819694519, 18.5679340363, 33.9509391785, 21.6521987915, 15.4082736969, 9.00670337677, 13.6681880951, 9.54694366455, 6.90779829025, 5.39826202393, 6.64112663269, 7.74212169647, 6.06159734726, 4.00087833405, 3.85003972054, 3.14443325996, 3.58261466026, 2.46737623215, 1.56873953342, 1.56280219555, 1.42672371864, 0.67107796669, 0.331648379564, 0.102761767805, 0.00955865252763, 0.000277596671367, 4.11750443163e-005],
        "var": [0.0785674601793, 5.14020299911, 99.1218566895, 2322.89672852, 758.113586426, 621.706542969, 225.702850342, 3125.43139648, 160.453140259, 498.692565918, 811.071899414, 1523.75866699, 324.220489502, 1269.33886719, 1218.74365234, 3374.51293945, 2638.07714844, 1260.04760742, 450.343841553, 628.862060547, 347.374176025, 194.43737793, 243.428665161, 498.147369385, 468.984313965, 293.70614624, 95.1636734009, 33.2965507507, 25.4193439484, 50.0371551514, 34.4062194824, 7.39932107925, 8.07015323639, 9.60686969757, 5.50425100327, 1.84880554676, 0.212497636676, 0.0015196823515, 1.27759722091e-006, 4.71165906291e-009]
    },
    "gfcc": {
        "mean": [-35.3451004028, 94.5087814331, -100.839294434, 51.7373886108, -52.5111045837, 36.2828292847, -33.9753837585, 0.252895027399, -26.4982185364, -2.72523021698, -12.5228815079, -1.53504276276, -5.83137559891],
        "cov": [[5756.05615234, -453.089141846, 358.268127441, -162.322418213, -172.249603271, 1.3257598877, -238.45791626, 295.320556641, -305.168945313, 170.997085571, -387.692077637, 53.3489685059, -187.31652832], [-453.089141846, 1348.43334961, -644.311096191, -7.57948160172, 180.188873291, -86.6651306152, 199.674728394, -253.3228302, 248.886550903, -249.289260864, 193.934631348, -61.4711990356, 286.780609131], [358.268127441, -644.311096191, 1620.30236816, 228.728118896, -2.40483832359, 123.362747192, -163.537216187, 319.099731445, -110.190116882, 197.306869507, -138.05039978, 32.2051239014, -248.026184082], [-162.322418213, -7.57948160172, 228.728118896, 328.379302979, 50.0185890198, 68.4193878174, 19.8294429779, 57.6795349121, 45.4199485779, -0.637218177319, 78.6327590942, -54.4744682312, -16.3349208832], [-172.249603271, 180.188873291, -2.40483832359, 50.0185890198, 292.209716797, 125.772064209, 67.0284500122, -45.57995224, 34.7156677246, -29.3000621796, 32.375541687, 16.6367149353, 49.0385322571], [1.3257598877, -86.6651306152, 123.362747192, 68.4193878174, 125.772064209, 351.710266113, 41.6131706238, 25.0690021515, -25.0644741058, -57.0928878784, 51.6144599915, 5.26578044891, 68.1723403931], [-238.45791626, 199.674728394, -163.537216187, 19.8294429779, 67.0284500122, 41.6131706238, 185.004638672, -18.9680595398, 31.2845649719, -60.1788902283, 53.6677017212, -11.5760908127, 47.3812561035], [295.320556641, -253.3228302, 319.099731445, 57.6795349121, -45.57995224, 25.0690021515, -18.9680595398, 246.56048584, 10.7436494827, 92.2127075195, -37.0193748474, -30.3499641418, -90.3134307861], [-305.168945313, 248.886550903, -110.190116882, 45.4199485779, 34.7156677246, -25.0644741058, 31.2845649719, 10.7436494827, 207.863113403, 12.9633178711, 50.9418754578, -44.19298172, 34.4900398254], [170.997085571, -249.289260864, 197.306869507, -0.637218177319, -29.3000621796, -57.0928878784, -60.1788902283, 92.2127075195, 12.9633178711, 198.418746948, -18.5590820313, 4.62525463104, -139.375854492], [-387.692077637, 193.934631348, -138.05039978, 78.6327590942, 32.375541687, 51.6144599915, 53.6677017212, -37.0193748474, 50.9418754578, -18.5590820313, 194.554779053, -16.0951881409, 29.080783844], [53.3489685059, -61.4711990356, 32.2051239014, -54.4744682312, 16.6367149353, 5.26578044891, -11.5760908127, -30.3499641418, -44.19298172, 4.62525463104, -16.0951881409, 122.172416687, 18.5862255096], [-187.31652832, 286.780609131, -248.026184082, -16.3349208832, 49.0385322571, 68.1723403931, 47.3812561035, -90.3134307861, 34.4900398254, -139.375854492, 29.080783844, 18.5862255096, 217.845199585]],
        "icov": [[0.000289574818453, -0.000434117711848, 0.000193341023987, -0.000190547434613, 0.000225792973652, -0.000425065110903, 0.000402135337936, -0.00054431357421, 0.000690993154421, -0.000441382784629, 0.000791494152509, -0.000268217496341, 0.000320823135553], [-0.000434117711848, 0.00340814283118, -0.000676734780427, 0.0012073823018, -0.00171324878465, 0.00261878501624, -0.00168961868621, 0.00192504981533, -0.00321216951124, 0.00267605786212, -0.00322461966425, 0.00172211288009, -0.0023039248772], [0.000193341023987, -0.000676734780427, 0.0015165732475, -0.00124506757129, 0.000160129566211, -0.00105541571975, 0.00118368538097, -0.00158096512314, 0.00107325881254, -0.000632071401924, 0.00161553989165, -0.00122264074162, 0.00138613942545], [-0.000190547434613, 0.0012073823018, -0.00124506757129, 0.00523312529549, -0.00121196173131, 0.00101035833359, -0.000717639923096, 0.000354486779543, -0.00171974289697, 0.00180549779907, -0.00342865753919, 0.0024802798871, -0.00084525818238], [0.000225792973652, -0.00171324878465, 0.000160129566211, -0.00121196173131, 0.00583479786292, -0.00311897043139, -0.000756765133701, 0.00068243057467, 0.000489139172714, -0.00213579228148, 0.00232821819372, -0.00169942551292, 0.00104137358721], [-0.000425065110903, 0.00261878501624, -0.00105541571975, 0.00101035833359, -0.00311897043139, 0.00653522927314, -0.00141717051156, 0.000324327062117, -0.00124864676036, 0.00276557356119, -0.00412246398628, 0.00174989644438, -0.00347108067945], [0.000402135337936, -0.00168961868621, 0.00118368538097, -0.000717639923096, -0.000756765133701, -0.00141717051156, 0.00854058004916, -0.00270246411674, 0.00144508248195, 0.00102986674756, 0.000586260051932, -0.00109059538227, 0.00194471969735], [-0.00054431357421, 0.00192504981533, -0.00158096512314, 0.000354486779543, 0.00068243057467, 0.000324327062117, -0.00270246411674, 0.00882000848651, -0.00317437574267, -0.000842708395794, -0.000950420333538, 0.00250604026951, -0.000909948837943], [0.000690993154421, -0.00321216951124, 0.00107325881254, -0.00171974289697, 0.000489139172714, -0.00124864676036, 0.00144508248195, -0.00317437574267, 0.0103428522125, -0.00500212656334, 0.00224885600619, 0.000690798042342, -0.000630879891105], [-0.000441382784629, 0.00267605786212, -0.000632071401924, 0.00180549779907, -0.00213579228148, 0.00276557356119, 0.00102986674756, -0.000842708395794, -0.00500212656334, 0.0140661168844, -0.00371684529819, -0.00101071712561, 0.00492906756699], [0.000791494152509, -0.00322461966425, 0.00161553989165, -0.00342865753919, 0.00232821819372, -0.00412246398628, 0.000586260051932, -0.000950420333538, 0.00224885600619, -0.00371684529819, 0.0112976022065, -0.00221065501682, 0.00269871810451], [-0.000268217496341, 0.00172211288009, -0.00122264074162, 0.0024802798871, -0.00169942551292, 0.00174989644438, -0.00109059538227, 0.00250604026951, 0.000690798042342, -0.00101071712561, -0.00221065501682, 0.0118879219517, -0.00406782189384], [0.000320823135553, -0.0023039248772, 0.00138613942545, -0.00084525818238, 0.00104137358721, -0.00347108067945, 0.00194471969735, -0.000909948837943, -0.000630879891105, 0.00492906756699, 0.00269871810451, -0.00406782189384, 0.0127059267834]]
    },
    "melbands": {
        "mean": [0.00186236307491, 0.00243551470339, 0.00243824208155, 0.000884504115675, 0.000334285025019, 0.00027212666464, 7.35077192076e-005, 8.21518115117e-005, 6.22572624707e-005, 6.17442346993e-005, 4.36854279542e-005, 7.86232048995e-005, 7.46197329136e-005, 7.78382382123e-005, 6.55936237308e-005, 4.71278617624e-005, 2.56007788266e-005, 1.36794978971e-005, 1.67218040588e-005, 1.67953385244e-005, 1.06048846646e-005, 7.72717612563e-006, 4.96877964906e-006, 4.84577140014e-006, 5.34308492206e-006, 5.93948425376e-006, 5.06247579324e-006, 3.82109874408e-006, 2.51391111306e-006, 2.30597834161e-006, 2.19300818571e-006, 1.58892362379e-006, 2.10937719203e-006, 1.95801794689e-006, 1.43478007431e-006, 1.21698076327e-006, 8.4524850763e-007, 9.79292963166e-007, 1.364602781e-006, 1.13194892037e-006],
        "var": [7.04657577444e-006, 1.78954505827e-005, 5.68624891457e-005, 2.09683889807e-006, 3.30647026203e-007, 1.28396914079e-006, 3.84551732679e-008, 4.83205440105e-008, 8.43123757477e-008, 4.86838018787e-008, 8.3860616229e-009, 1.92872775528e-008, 2.5842242124e-008, 2.03933581133e-008, 1.56739954349e-008, 1.65642912719e-008, 3.90808407857e-009, 1.30095378914e-009, 1.30084742977e-009, 9.94027749002e-010, 5.91560134211e-010, 2.13792719639e-010, 3.10312525675e-010, 2.1297799635e-010, 3.80139836276e-010, 3.39318267928e-010, 2.11081555013e-010, 1.50826851009e-010, 5.23213417036e-011, 1.87763190412e-011, 1.17042651612e-011, 6.85721835217e-012, 1.62292835421e-011, 1.61529713216e-011, 1.32976581135e-011, 6.27265296996e-012, 2.15222913276e-012, 3.60855572853e-012, 6.51285362446e-012, 7.11017746416e-012]
    },
    "mfcc": {
        "mean": [-678.686035156, 111.911834717, 21.9950790405, 23.9977550507, 13.9123659134, 26.4758396149, 10.4140396118, 7.65728712082, -0.3385155797, -3.80089688301, -3.43129444122, -0.730407655239, 2.66960954666],
        "cov": [[3924.78686523, -14.0315742493, -99.597366333, -157.330444336, -79.6965332031, -204.063461304, -18.2333087921, -55.9952087402, 64.4054641724, 68.8432235718, -74.9779586792, -204.572967529, -124.2213974], [-14.0315742493, 984.258911133, -428.385284424, 25.7540721893, -52.9356079102, 95.3297119141, -86.3342971802, 42.0464248657, 45.5172729492, -90.8025436401, -107.99269104, 23.1343479156, 47.649810791], [-99.597366333, -428.385284424, 1226.43078613, 148.373443604, 272.67276001, -89.8251800537, 97.8248291016, 28.4575195313, 22.8023014069, 145.188339233, 122.429992676, 23.6589355469, -39.9242706299], [-157.330444336, 25.7540721893, 148.373443604, 319.407196045, 9.40467262268, -41.7271080017, -28.0438251495, -5.66376972198, -30.6000576019, 93.2107620239, 75.8176422119, 32.0162887573, -29.0658550262], [-79.6965332031, -52.9356079102, 272.67276001, 9.40467262268, 310.995056152, 91.3881912231, 83.5039596558, 44.7272224426, 60.9771499634, 3.41147494316, 16.8291416168, 38.7028236389, 36.5451469421], [-204.063461304, 95.3297119141, -89.8251800537, -41.7271080017, 91.3881912231, 233.40663147, 76.9448013306, 51.374294281, 34.4802474976, -96.151512146, -40.7271614075, 24.5602054596, 42.4515190125], [-18.2333087921, -86.3342971802, 97.8248291016, -28.0438251495, 83.5039596558, 76.9448013306, 238.1144104, 85.8472824097, -17.5009212494, 7.71971511841, 1.98954367638, -11.8732328415, 4.05359172821], [-55.9952087402, 42.0464248657, 28.4575195313, -5.66376972198, 44.7272224426, 51.374294281, 85.8472824097, 133.228500366, 43.0366859436, -7.87290430069, -29.3256454468, 0.0608644522727, 22.6418457031], [64.4054641724, 45.5172729492, 22.8023014069, -30.6000576019, 60.9771499634, 34.4802474976, -17.5009212494, 43.0366859436, 163.115722656, -6.1328701973, -57.4426879883, -14.0800256729, 27.2208538055], [68.8432235718, -90.8025436401, 145.188339233, 93.2107620239, 3.41147494316, -96.151512146, 7.71971511841, -7.87290430069, -6.1328701973, 252.221221924, 128.989517212, -19.576128006, -53.733707428], [-74.9779586792, -107.99269104, 122.429992676, 75.8176422119, 16.8291416168, -40.7271614075, 1.98954367638, -29.3256454468, -57.4426879883, 128.989517212, 189.828781128, 55.4114532471, -33.4906997681], [-204.572967529, 23.1343479156, 23.6589355469, 32.0162887573, 38.7028236389, 24.5602054596, -11.8732328415, 0.0608644522727, -14.0800256729, -19.576128006, 55.4114532471, 135.311538696, 53.2466239929], [-124.2213974, 47.649810791, -39.9242706299, -29.0658550262, 36.5451469421, 42.4515190125, 4.05359172821, 22.6418457031, 27.2208538055, -53.733707428, -33.4906997681, 53.2466239929, 121.892478943]],
        "icov": [[0.000301809894154, -3.96013347199e-005, 4.55101580883e-005, 0.000130442160298, -7.6578995504e-005, 0.000338525715051, -0.000133852969157, 0.000147761995322, -0.000194847001694, 3.20406288665e-005, -1.72303061845e-005, 0.000295454956358, 0.000174972126842], [-3.96013347199e-005, 0.00142524798866, 0.000447613332653, -0.000409313885029, -0.00010161290993, -0.000497771077789, 0.000711448257789, -0.000691865338013, 0.000105729101051, -0.00025273283245, 0.000814147526398, -0.000485802360345, 6.10589486314e-005], [4.55101580883e-005, 0.000447613332653, 0.00146291195415, -0.000510920595843, -0.00132831628434, 0.000951589201577, -0.000287356640911, -0.000217169319512, -0.000264065922238, 6.15953103988e-005, -0.000214598680031, -4.56969501101e-005, 0.000392583955545], [0.000130442160298, -0.000409313885029, -0.000510920595843, 0.00418050540611, 3.44338805007e-005, -8.10899437056e-005, 0.000818272412289, -0.00054205750348, 0.000881119805854, -0.00139680958819, 2.69892607321e-005, -0.00101196637843, 0.000850803917274], [-7.6578995504e-005, -0.00010161290993, -0.00132831628434, 3.44338805007e-005, 0.00582881132141, -0.00216783490032, -0.00120315735694, 0.000583318877034, -0.00183946092147, -0.000209132922464, -0.00042457334348, -0.000942616316024, -0.000912387913559], [0.000338525715051, -0.000497771077789, 0.000951589201577, -8.10899437056e-005, -0.00216783490032, 0.00813266448677, -0.00249714776874, -0.000335801800247, -0.00164071191102, 0.00319988490082, -0.00158234755509, 0.000315036915708, -4.46637272944e-007], [-0.000133852969157, 0.000711448257789, -0.000287356640911, 0.000818272412289, -0.00120315735694, -0.00249714776874, 0.00806894339621, -0.0050869951956, 0.00347487651743, -0.00131906068418, 0.000557745341212, 0.00100170599762, -4.83521871502e-005], [0.000147761995322, -0.000691865338013, -0.000217169319512, -0.00054205750348, 0.000583318877034, -0.000335801800247, -0.0050869951956, 0.0125112989917, -0.00343902013265, -0.000487306213472, 0.00122227170505, -0.000657863914967, -0.000815732521005], [-0.000194847001694, 0.000105729101051, -0.000264065922238, 0.000881119805854, -0.00183946092147, -0.00164071191102, 0.00347487651743, -0.00343902013265, 0.0100941536948, -0.00277757202275, 0.00377360382117, 0.000141864948091, -0.0009739244706], [3.20406288665e-005, -0.00025273283245, 6.15953103988e-005, -0.00139680958819, -0.000209132922464, 0.00319988490082, -0.00131906068418, -0.000487306213472, -0.00277757202275, 0.0097078261897, -0.00758233712986, 0.00400848779827, -3.33497118845e-005], [-1.72303061845e-005, 0.000814147526398, -0.000214598680031, 2.69892607321e-005, -0.00042457334348, -0.00158234755509, 0.000557745341212, 0.00122227170505, 0.00377360382117, -0.00758233712986, 0.0148934507743, -0.00779706751928, 0.00334596540779], [0.000295454956358, -0.000485802360345, -4.56969501101e-005, -0.00101196637843, -0.000942616316024, 0.000315036915708, 0.00100170599762, -0.000657863914967, 0.000141864948091, 0.00400848779827, -0.00779706751928, 0.014757332392, -0.006356889382], [0.000174972126842, 6.10589486314e-005, 0.000392583955545, 0.000850803917274, -0.000912387913559, -4.46637272944e-007, -4.83521871502e-005, -0.000815732521005, -0.0009739244706, -3.33497118845e-005, 0.00334596540779, -0.006356889382, 0.0130157126114]]
    },
    "spectral_contrast_coeffs": {
        "mean": [-0.649458110332, -0.741336345673, -0.745487272739, -0.757861375809, -0.78038007021, -0.737938582897],
        "var": [0.00729557778686, 0.00467792944983, 0.00614551687613, 0.00421585142612, 0.00258952891454, 0.00190073507838]
    },
    "spectral_contrast_valleys": {
        "mean": [-7.10376787186, -7.56881952286, -8.0129776001, -8.3121919632, -8.33185863495, -10.5711193085],
        "var": [1.36366176605, 1.22396433353, 1.1223808527, 1.09487783909, 1.0007172823, 1.24522924423]
    }
},
"metadata": {
    "audio_properties": {
        "analysis_sample_rate": 44100,
        "bit_rate": 108533,
        "equal_loudness": 0,
        "length": 45.0612258911,
        "lossless": 0,
        "replay_gain": -9.28674316406,
        "sample_rate": 44100,
        "codec": "mp3",
        "downmix": "mix",
        "md5_encoded": "fbbea1baa76bafeccf0431ffa4495b71"
    },
    "tags": {
        "file_name": "31.mp3"
    },
    "version": {
        "essentia": "2.1-beta2",
        "essentia_git_sha": "v2.1_beta2",
        "extractor": "music 1.0"
    }
},
"rhythm": {
    "beats_count": 60,
    "beats_loudness": {
        "mean": 0.0622390769422,
        "var": 0.00180475448724
    },
    "bpm": 80.278968811,
    "bpm_histogram_first_peak_bpm": {
        "mean": 81,
        "var": 0
    },
    "bpm_histogram_first_peak_spread": {
        "mean": 0.321428596973,
        "var": 0
    },
    "bpm_histogram_first_peak_weight": {
        "mean": 0.644067764282,
        "var": 0
    },
    "bpm_histogram_second_peak_bpm": {
        "mean": 76,
        "var": 0
    },
    "bpm_histogram_second_peak_spread": {
        "mean": 0,
        "var": 0
    },
    "bpm_histogram_second_peak_weight": {
        "mean": 0.0338983051479,
        "var": 0
    },
    "danceability": 1.34927678108,
    "onset_rate": 3.12766575813,
    "beats_loudness_band_ratio": {
        "mean": [0.643457651138, 0.16987606883, 0.0753740593791, 0.0595342293382, 0.0289830956608, 0.0496217496693],
        "var": [0.0489759258926, 0.0187332052737, 0.00620123557746, 0.00357960630208, 0.000711656059138, 0.00144299119711]
    },
    "beats_position": [0.754648506641, 1.50929701328, 2.27555561066, 3.03020405769, 3.79646253586, 4.53950119019, 5.2941493988, 6.04879808426, 6.80344676971, 7.5464849472, 8.28952407837, 9.03256225586, 9.79882049561, 10.5650787354, 11.3197278976, 12.0627660751, 12.8174142838, 13.5604534149, 14.3034915924, 15.0233106613, 15.7315187454, 16.4629478455, 17.1595458984, 17.8677539825, 18.5875740051, 19.2957820892, 20.0852603912, 20.851518631, 21.6177768707, 22.3724250793, 23.1270751953, 23.8701133728, 24.6131515503, 25.4026298523, 26.1804981232, 26.9467563629, 27.7246246338, 28.4792747498, 29.2571430206, 30.0117912292, 30.7664394379, 31.5094776154, 32.2757377625, 33.0187759399, 33.7618141174, 34.5048522949, 35.2478904724, 36.0025405884, 36.7571868896, 37.5002250671, 38.2432632446, 38.9746932983, 39.7061233521, 40.4259414673, 41.1457595825, 41.8771858215, 42.6202278137, 43.3632659912, 44.0946922302, 44.8261222839]
},
"tonal": {
    "chords_changes_rate": 0.0853909477592,
    "chords_number_rate": 0.0174897126853,
    "chords_strength": {
        "mean": 0.472714990377,
        "var": 0.0113717215136
    },
    "hpcp_entropy": {
        "mean": 1.87973868847,
        "var": 0.579172134399
    },
    "key_strength": 0.451685458422,
    "tuning_diatonic_strength": 0.349333375692,
    "tuning_equal_tempered_deviation": 0.139702066779,
    "tuning_frequency": 439.491973877,
    "tuning_nontempered_energy_ratio": 0.816843092442,
    "hpcp": {
        "mean": [0.110057651997, 0.0762748420238, 0.0854632779956, 0.130161955953, 0.145078122616, 0.158719092607, 0.156341955066, 0.107023730874, 0.0660899803042, 0.0533503629267, 0.068705290556, 0.173196524382, 0.213200464845, 0.12393271178, 0.101446218789, 0.163882866502, 0.177380412817, 0.123019017279, 0.0876092165709, 0.0875074639916, 0.125308468938, 0.162793412805, 0.152525112033, 0.130137547851, 0.0887592509389, 0.053458314389, 0.0802421122789, 0.0938269793987, 0.0565138198435, 0.0529898926616, 0.0738376155496, 0.0597865991294, 0.103651173413, 0.178497731686, 0.141851812601, 0.10550314188],
        "var": [0.0656308978796, 0.0260741859674, 0.0356899574399, 0.0681404843926, 0.0649675056338, 0.0683669000864, 0.0682476088405, 0.0389272868633, 0.027439661324, 0.0194271299988, 0.0213497076184, 0.0911512672901, 0.126100674272, 0.0408492162824, 0.0348399020731, 0.0864548534155, 0.0909942239523, 0.0496888197958, 0.037629429251, 0.0362888202071, 0.0519687309861, 0.0716403052211, 0.0655654072762, 0.0548642538488, 0.0296120513231, 0.0178843606263, 0.0315981432796, 0.0537777878344, 0.0221957489848, 0.0230822861195, 0.0484030693769, 0.0189515426755, 0.0347204320133, 0.10529499501, 0.0649767890573, 0.0491753667593]
    },
    "chords_histogram": [15.843621254, 11.8312759399, 16.2551441193, 0.823045253754, 4.52674913406, 3.90946507454, 3.18930029869, 3.29218101501, 2.26337456703, 1.44032919407, 0.102880656719, 0.102880656719, 3.29218101501, 2.98353910446, 9.25925922394, 1.44032919407, 0, 0, 0.102880656719, 0.308641970158, 5.24691343307, 2.88065838814, 5.04115247726, 5.86419773102],
    "thpcp": [1, 0.581296622753, 0.47582551837, 0.76867967844, 0.831988871098, 0.577010989189, 0.410924136639, 0.410446882248, 0.587749481201, 0.763569712639, 0.715407013893, 0.610399901867, 0.416318267584, 0.250742018223, 0.376369297504, 0.440088063478, 0.265073627234, 0.248544916511, 0.346329510212, 0.280424326658, 0.486167669296, 0.837229549885, 0.665344774723, 0.494854182005, 0.516216754913, 0.357761144638, 0.400858789682, 0.61051440239, 0.680477499962, 0.74445939064, 0.733309626579, 0.501986384392, 0.309989839792, 0.250235676765, 0.322256743908, 0.812364637852],
    "chords_key": "E",
    "chords_scale": "major",
    "key_key": "A",
    "key_scale": "major"
}
}