{
"lowlevel": {
    "average_loudness": 0.868693351746,
    "barkbands_crest": {
        "mean": 14.7616930008,
        "var": 26.686630249
    },
    "barkbands_flatness_db": {
        "mean": 0.29347461462,
        "var": 0.00408004084602
    },
    "barkbands_kurtosis": {
        "mean": 52.5772438049,
        "var": 4458.56933594
    },
    "barkbands_skewness": {
        "mean": 4.1101360321,
        "var": 9.78501415253
    },
    "barkbands_spread": {
        "mean": 7.06486034393,
        "var": 259.229034424
    },
    "dissonance": {
        "mean": 0.352434188128,
        "var": 0.00532241119072
    },
    "dynamic_complexity": 5.5497303009,
    "erbbands_crest": {
        "mean": 15.4144306183,
        "var": 27.3810405731
    },
    "erbbands_flatness_db": {
        "mean": 0.247349262238,
        "var": 0.00267270067707
    },
    "erbbands_kurtosis": {
        "mean": 20.1336364746,
        "var": 347.496948242
    },
    "erbbands_skewness": {
        "mean": 3.1808052063,
        "var": 4.06237220764
    },
    "erbbands_spread": {
        "mean": 20.1146850586,
        "var": 558.737365723
    },
    "hfc": {
        "mean": 8.95407962799,
        "var": 148.718780518
    },
    "melbands_crest": {
        "mean": 18.4454975128,
        "var": 31.7287960052
    },
    "melbands_flatness_db": {
        "mean": 0.383197486401,
        "var": 0.00607292167842
    },
    "melbands_kurtosis": {
        "mean": 69.8406143188,
        "var": 7264.04833984
    },
    "melbands_skewness": {
        "mean": 4.01811933517,
        "var": 9.25983905792
    },
    "melbands_spread": {
        "mean": 9.28393936157,
        "var": 877.989807129
    },
    "pitch_salience": {
        "mean": 0.550679028034,
        "var": 0.0212240405381
    },
    "silence_rate_20dB": {
        "mean": 1,
        "var": 0
    },
    "silence_rate_30dB": {
        "mean": 0.994853317738,
        "var": 0.00512025132775
    },
    "silence_rate_60dB": {
        "mean": 0.21152856946,
        "var": 0.166780784726
    },
    "spectral_centroid": {
        "mean": 478.694030762,
        "var": 605230.5
    },
    "spectral_complexity": {
        "mean": 4.52496147156,
        "var": 4.93695783615
    },
    "spectral_decrease": {
        "mean": -5.41081890404e-009,
        "var": 3.091997821e-017
    },
    "spectral_energy": {
        "mean": 0.0212338492274,
        "var": 0.000468692422146
    },
    "spectral_energyband_high": {
        "mean": 0.000300030049402,
        "var": 1.51319557062e-006
    },
    "spectral_energyband_low": {
        "mean": 0.00172484177165,
        "var": 8.78524770087e-006
    },
    "spectral_energyband_middle_high": {
        "mean": 0.000544663635083,
        "var": 4.43177123088e-006
    },
    "spectral_energyband_middle_low": {
        "mean": 0.0195675864816,
        "var": 0.000437292619608
    },
    "spectral_entropy": {
        "mean": 5.92115736008,
        "var": 0.643531560898
    },
    "spectral_flux": {
        "mean": 0.0437533855438,
        "var": 0.00138507329393
    },
    "spectral_kurtosis": {
        "mean": 10.7104415894,
        "var": 70.2698822021
    },
    "spectral_rms": {
        "mean": 0.00392181845382,
        "var": 5.33529555469e-006
    },
    "spectral_rolloff": {
        "mean": 794.753723145,
        "var": 3687623.25
    },
    "spectral_skewness": {
        "mean": 2.71018362045,
        "var": 1.1132889986
    },
    "spectral_spread": {
        "mean": 4825023,
        "var": 6.0314442793e+012
    },
    "spectral_strongpeak": {
        "mean": 0.921498537064,
        "var": 0.873006522655
    },
    "zerocrossingrate": {
        "mean": 0.0314429998398,
        "var": 0.00268665980548
    },
    "barkbands": {
        "mean": [0.000118798554468, 0.000161603617016, 0.000607672438491, 0.00230433628894, 0.0109751932323, 0.00116191187408, 0.00301435496658, 0.00114742538426, 0.000842827896122, 0.000322013598634, 8.82956446731e-005, 9.46969230426e-005, 2.06765980693e-005, 1.2504330698e-005, 8.60552154336e-006, 5.62009017813e-006, 5.91358275415e-006, 2.00119502551e-005, 1.39712774399e-005, 1.56375772349e-005, 2.07709417737e-005, 4.04111851822e-005, 8.24754388304e-005, 0.000120000288007, 2.07573721127e-005, 6.87328429194e-006, 4.97415157952e-007],
        "var": [1.77111658672e-007, 1.82499313439e-008, 2.10369307752e-006, 1.34688207254e-005, 0.000200520065846, 6.96412098478e-006, 4.36232585344e-005, 1.58564471349e-005, 9.3274484243e-006, 3.1948029573e-006, 1.8147588321e-007, 4.04027332479e-007, 2.53776644143e-008, 4.23216217627e-009, 1.57261770273e-009, 4.54060039567e-010, 7.96044674622e-010, 8.4098461528e-009, 6.78275169363e-009, 2.64366128988e-009, 8.01762567448e-009, 5.47777077031e-008, 2.16304997025e-007, 1.93496845213e-007, 1.06530979593e-008, 1.29921040593e-009, 8.93334538288e-012]
    },
    "erbbands": {
        "mean": [0.00662684254348, 0.0401313342154, 0.48557049036, 4.60030269623, 20.5670394897, 45.7480201721, 16.8861217499, 11.701461792, 33.9886627197, 42.3737030029, 24.5166416168, 20.4025917053, 12.4405755997, 7.10530853271, 3.08527803421, 3.88247561455, 1.27532851696, 0.626972258091, 0.612817466259, 0.377160310745, 0.310413986444, 0.38989341259, 1.08679986, 0.812916874886, 0.674148738384, 0.754968225956, 0.796952664852, 0.906823217869, 1.16333985329, 2.18281793594, 2.3449575901, 2.63806128502, 1.75899088383, 0.36171194911, 0.0980769842863, 0.0324882604182, 0.0131015190855, 0.0022403721232, 6.70517401886e-005, 2.62296434812e-005],
        "var": [6.28780835541e-005, 0.000819473469164, 0.937959194183, 51.3201065063, 929.86730957, 4819.88916016, 1661.40771484, 698.103942871, 6888.98876953, 10965.2509766, 6237.10107422, 5803.65185547, 2529.74951172, 2006.70861816, 173.151153564, 852.541259766, 77.5856781006, 9.0765247345, 7.82999992371, 2.07490897179, 1.03672873974, 2.57848906517, 26.2068653107, 13.9070510864, 16.4343948364, 5.8348031044, 6.91631221771, 20.8904933929, 44.3715515137, 173.043014526, 156.633895874, 97.6588668823, 46.4662971497, 3.05870461464, 0.192912772298, 0.0287910178304, 0.00526625337079, 0.000141155775054, 9.31172579044e-008, 7.01778746226e-010]
    },
    "gfcc": {
        "mean": [-145.281219482, 119.343910217, -43.914276123, 37.6196632385, -85.7510910034, 0.728193700314, -52.2192611694, -7.68375873566, -28.9063816071, -12.1380310059, -6.59553766251, -11.4375610352, -10.1948261261],
        "cov": [[8562.54882813, -1635.29907227, -598.591308594, -727.019836426, -1537.10705566, -425.19317627, -690.203674316, 831.184387207, -152.020858765, -342.42074585, -210.864776611, -437.385131836, -241.645507813], [-1635.29907227, 1729.69519043, -170.8409729, -338.253326416, 337.586791992, -59.6803588867, 261.432312012, -262.712249756, 16.3993530273, -39.0040550232, 144.329483032, -69.3194274902, 108.521659851], [-598.591308594, -170.8409729, 570.567199707, 187.926635742, -0.27914378047, 43.0051498413, -119.12878418, -94.1406478882, 1.76211345196, 21.1002006531, -23.4131679535, 60.3051643372, 10.7815570831], [-727.019836426, -338.253326416, 187.926635742, 840.848754883, 363.295166016, 38.3803482056, -48.1853218079, -201.376586914, 63.5815849304, 81.3444747925, -37.9190254211, 139.905319214, -0.208150789142], [-1537.10705566, 337.586791992, -0.27914378047, 363.295166016, 591.559387207, 95.3292999268, 119.580963135, -247.471618652, 34.2083702087, 88.9933166504, -16.9659767151, 114.888595581, 20.0475578308], [-425.19317627, -59.6803588867, 43.0051498413, 38.3803482056, 95.3292999268, 232.883377075, 110.126678467, -80.2434310913, -34.7585105896, 54.5360908508, -12.9698066711, 49.3199424744, -14.6149082184], [-690.203674316, 261.432312012, -119.12878418, -48.1853218079, 119.580963135, 110.126678467, 294.938568115, -86.7672729492, -42.2432670593, 39.2138061523, 20.9264640808, 45.8388061523, -8.50619697571], [831.184387207, -262.712249756, -94.1406478882, -201.376586914, -247.471618652, -80.2434310913, -86.7672729492, 290.136627197, 6.66385889053, -32.916015625, -20.4222335815, -68.1562271118, -14.951836586], [-152.020858765, 16.3993530273, 1.76211345196, 63.5815849304, 34.2083702087, -34.7585105896, -42.2432670593, 6.66385889053, 112.335243225, 8.51554489136, -29.1905822754, -3.22251701355, 2.47470593452], [-342.42074585, -39.0040550232, 21.1002006531, 81.3444747925, 88.9933166504, 54.5360908508, 39.2138061523, -32.916015625, 8.51554489136, 154.717025757, -4.97348833084, 20.5853366852, -4.1356010437], [-210.864776611, 144.329483032, -23.4131679535, -37.9190254211, -16.9659767151, -12.9698066711, 20.9264640808, -20.4222335815, -29.1905822754, -4.97348833084, 119.689750671, 2.78931379318, -1.32760465145], [-437.385131836, -69.3194274902, 60.3051643372, 139.905319214, 114.888595581, 49.3199424744, 45.8388061523, -68.1562271118, -3.22251701355, 20.5853366852, 2.78931379318, 131.344573975, 0.59547317028], [-241.645507813, 108.521659851, 10.7815570831, -0.208150789142, 20.0475578308, -14.6149082184, -8.50619697571, -14.951836586, 2.47470593452, -4.1356010437, -1.32760465145, 0.59547317028, 91.9849014282]],
        "icov": [[0.000753156666178, -0.000120654418424, 0.00131949118804, -0.000426017097197, 0.00187016045675, 0.000110790344479, 0.00173507304862, 0.00025027160882, 0.00185302121099, 0.000177612571861, 0.00208840169944, 0.000104495527921, 0.0017640159931], [-0.000120654418424, 0.00213354430161, -0.000539126456715, 0.00161427073181, -0.00210954248905, 0.00133441912476, -0.0018445388414, 0.00155053334311, -0.00168928329367, 0.0007399659371, -0.00239534862339, 0.00194720795844, -0.00198244210333], [0.00131949118804, -0.000539126456715, 0.00495017040521, -0.00123886065558, 0.00435067620128, -0.000648103945423, 0.0048273159191, 0.00151615112554, 0.00376453646459, -0.000222800386837, 0.00448522157967, -0.00128606881481, 0.00312278885394], [-0.000426017097197, 0.00161427073181, -0.00123886065558, 0.00355772487819, -0.00329144997522, 0.00118372321595, -0.00118874025065, 0.00169971492141, -0.0025386097841, -7.31098189135e-005, -0.0022933720611, -5.01705617353e-005, -0.00176635698881], [0.00187016045675, -0.00210954248905, 0.00435067620128, -0.00329144997522, 0.00999840907753, -0.00106018036604, 0.00515292678028, 0.00158796599135, 0.00497825723141, -0.00114784634206, 0.00760371144861, -0.00258221384138, 0.00521234469488], [0.000110790344479, 0.00133441912476, -0.000648103945423, 0.00118372321595, -0.00106018036604, 0.00741731608286, -0.00257910671644, 0.00185172539204, 0.0010315105319, -0.000983519828878, 0.000461009680294, 0.000281776825432, 0.000200276539545], [0.00173507304862, -0.0018445388414, 0.0048273159191, -0.00118874025065, 0.00515292678028, -0.00257910671644, 0.0112310294062, 0.000910276023205, 0.00648120883852, -0.000975943345111, 0.00616419780999, -0.00297669763677, 0.00570940691978], [0.00025027160882, 0.00155053334311, 0.00151615112554, 0.00169971492141, 0.00158796599135, 0.00185172539204, 0.000910276023205, 0.00823260657489, -0.00065130868461, -0.000271818367764, 0.000883983622771, 0.00102278217673, 3.62409919035e-005], [0.00185302121099, -0.00168928329367, 0.00376453646459, -0.0025386097841, 0.00497825723141, 0.0010315105319, 0.00648120883852, -0.00065130868461, 0.0165430903435, -0.000885435729288, 0.00888486672193, -0.000756585097406, 0.00563454255462], [0.000177612571861, 0.0007399659371, -0.000222800386837, -7.31098189135e-005, -0.00114784634206, -0.000983519828878, -0.000975943345111, -0.000271818367764, -0.000885435729288, 0.00813980121166, -0.000703290454112, 0.00145276775584, -5.07586482854e-005], [0.00208840169944, -0.00239534862339, 0.00448522157967, -0.0022933720611, 0.00760371144861, 0.000461009680294, 0.00616419780999, 0.000883983622771, 0.00888486672193, -0.000703290454112, 0.0175473503768, -0.00251866737381, 0.0069100218825], [0.000104495527921, 0.00194720795844, -0.00128606881481, -5.01705617353e-005, -0.00258221384138, 0.000281776825432, -0.00297669763677, 0.00102278217673, -0.000756585097406, 0.00145276775584, -0.00251866737381, 0.0131692355499, -0.00140953564551], [0.0017640159931, -0.00198244210333, 0.00312278885394, -0.00176635698881, 0.00521234469488, 0.000200276539545, 0.00570940691978, 3.62409919035e-005, 0.00563454255462, -5.07586482854e-005, 0.0069100218825, -0.00140953564551, 0.0168589297682]]
    },
    "melbands": {
        "mean": [5.82145839871e-005, 0.00017217862478, 0.00114703504369, 0.00256579765119, 0.000941610778682, 0.000267622963293, 0.000546442577615, 0.000418175652158, 0.000186039396795, 0.000121022596431, 6.06092580711e-005, 3.029441541e-005, 1.10398841571e-005, 1.07301175376e-005, 5.25041286892e-006, 2.24997234e-006, 1.02268779756e-006, 1.08781011932e-006, 6.38705557776e-007, 3.80188026838e-007, 3.35157949394e-007, 3.03389299461e-007, 8.00210386842e-007, 9.8432667528e-007, 6.20501111825e-007, 5.60403123018e-007, 4.66853293801e-007, 4.90460251967e-007, 4.90850652568e-007, 4.96201607803e-007, 5.36581467259e-007, 5.76174102207e-007, 9.43277143506e-007, 1.35011600833e-006, 1.33962839755e-006, 1.37123504373e-006, 1.75013383341e-006, 1.49729669374e-006, 5.85564407629e-007, 1.9436818377e-007],
        "var": [4.42812275736e-009, 1.29708467966e-007, 2.67383757091e-006, 1.07805708467e-005, 3.5411353565e-006, 3.98249738964e-007, 1.57219290031e-006, 1.08904396257e-006, 3.8766611965e-007, 2.11260399396e-007, 6.52812630619e-008, 4.13673149069e-008, 2.32418218005e-009, 5.63100144291e-009, 1.19909759899e-009, 3.00306196577e-010, 2.84802979811e-011, 3.16062800931e-011, 8.80316739643e-012, 2.11479206542e-012, 1.23557446826e-012, 1.57583429812e-012, 1.52568322559e-011, 2.04586226432e-011, 8.61202515551e-012, 1.522452997e-011, 4.6201948517e-012, 2.23951456338e-012, 2.24797047296e-012, 5.56547126093e-012, 8.20857704725e-012, 1.11944837081e-011, 3.22955898135e-011, 7.1813853475e-011, 5.89883836222e-011, 3.77895111037e-011, 4.25234118751e-011, 3.77450917743e-011, 5.99713638125e-012, 1.4221112352e-012]
    },
    "mfcc": {
        "mean": [-808.292419434, 143.306121826, 79.4744415283, 29.4960975647, 3.50647330284, -4.72879552841, -5.58172130585, -6.76439237595, -19.9177837372, -4.16743898392, -17.0133209229, 4.23184585571, -12.7790431976],
        "cov": [[6721.89404297, -1460.80114746, -140.979995728, -716.200622559, -559.566467285, -1415.14562988, -336.857452393, 59.3062362671, -165.190658569, 568.621887207, -381.696716309, 68.5006713867, -455.107818604], [-1460.80114746, 1781.52368164, -266.642669678, -246.036376953, -108.107284546, 66.0720443726, 168.910675049, -57.8879470825, -12.7390766144, -48.7777023315, 18.4022254944, -35.8171539307, 19.4299983978], [-140.979995728, -266.642669678, 559.517822266, 24.842300415, 31.9102897644, -16.768913269, -93.5649414063, -25.4691238403, -29.0792884827, -19.8221817017, -55.0836753845, 59.8062515259, -26.3563785553], [-716.200622559, -246.036376953, 24.842300415, 621.601196289, 285.687286377, 306.565368652, -77.2760543823, -35.1588783264, 40.6940803528, -183.167221069, 91.597038269, -22.7145786285, 125.717254639], [-559.566467285, -108.107284546, 31.9102897644, 285.687286377, 376.995941162, 168.135604858, -93.0873641968, -56.7735671997, 41.3028106689, -104.611022949, 28.9956626892, -6.61115503311, 51.3069229126], [-1415.14562988, 66.0720443726, -16.768913269, 306.565368652, 168.135604858, 718.53302002, 99.4605026245, -1.2021394968, 37.2735328674, -191.9112854, 157.257095337, -102.629821777, 130.87487793], [-336.857452393, 168.910675049, -93.5649414063, -77.2760543823, -93.0873641968, 99.4605026245, 248.959625244, 8.59905052185, -16.1647052765, -36.1911354065, 40.421245575, -4.25078821182, 20.2830410004], [59.3062362671, -57.8879470825, -25.4691238403, -35.1588783264, -56.7735671997, -1.2021394968, 8.59905052185, 165.639877319, -31.9526538849, 8.90213871002, -19.7634391785, -22.7272510529, 3.255204916], [-165.190658569, -12.7390766144, -29.0792884827, 40.6940803528, 41.3028106689, 37.2735328674, -16.1647052765, -31.9526538849, 186.078536987, -20.6747322083, 31.2404079437, -14.6996202469, 39.4344139099], [568.621887207, -48.7777023315, -19.8221817017, -183.167221069, -104.611022949, -191.9112854, -36.1911354065, 8.90213871002, -20.6747322083, 183.43119812, -46.6437835693, 8.67666530609, -75.2669754028], [-381.696716309, 18.4022254944, -55.0836753845, 91.597038269, 28.9956626892, 157.257095337, 40.421245575, -19.7634391785, 31.2404079437, -46.6437835693, 147.634048462, -15.096113205, 51.0229377747], [68.5006713867, -35.8171539307, 59.8062515259, -22.7145786285, -6.61115503311, -102.629821777, -4.25078821182, -22.7272510529, -14.6996202469, 8.67666530609, -15.096113205, 116.391448975, -10.8427658081], [-455.107818604, 19.4299983978, -26.3563785553, 125.717254639, 51.3069229126, 130.87487793, 20.2830410004, 3.255204916, 39.4344139099, -75.2669754028, 51.0229377747, -10.8427658081, 146.465820313]],
        "icov": [[0.000574665027671, 0.000556353130378, 0.000530563411303, 0.000182229763595, 0.000616561446805, 0.000689701933879, 0.000530045595951, 0.000445797428256, 0.000295868172543, 0.000123368605273, 0.000369210669305, 0.000479887792608, 0.000625958840828], [0.000556353130378, 0.00127300969325, 0.000868752889801, 0.000680005468894, 0.000665277184453, 0.000556216516998, 0.00044964090921, 0.000911824579816, 0.000454398454167, 0.000722882919945, 0.000497952452861, 0.000582281965762, 0.000438705232227], [0.000530563411303, 0.000868752889801, 0.00288697355427, 0.000510325073265, 0.000883729022462, 9.44813946262e-005, 0.00153096567374, 0.000978184631094, 0.000612144649494, 0.00104991265107, 0.00128640560433, -0.000802860013209, 0.000854236655869], [0.000182229763595, 0.000680005468894, 0.000510325073265, 0.00395461218432, -0.00120973703451, -0.000388173299143, 0.00143480463885, 0.000550022930838, 0.0005664244527, 0.00226266658865, -0.000578316976316, 9.05490524019e-005, -0.00104841473512], [0.000616561446805, 0.000665277184453, 0.000883729022462, -0.00120973703451, 0.00559814460576, 8.66118534759e-006, 0.00230265292339, 0.00173918216024, -4.54446126241e-006, 0.00144880497828, 0.0011913375929, 4.31240114267e-005, 0.00103257829323], [0.000689701933879, 0.000556216516998, 9.44813946262e-005, -0.000388173299143, 8.66118534759e-006, 0.00399192515761, -0.000622206367552, 0.000193457060959, 0.000519037945196, 0.00129624549299, -0.00153835222591, 0.00296567799523, 0.000213148901821], [0.000530045595951, 0.00044964090921, 0.00153096567374, 0.00143480463885, 0.00230265292339, -0.000622206367552, 0.0069229840301, 0.000856793660205, 0.000952359172516, 0.00228432216682, -0.00025148075656, -0.000727586972062, 0.000354102143319], [0.000445797428256, 0.000911824579816, 0.000978184631094, 0.000550022930838, 0.00173918216024, 0.000193457060959, 0.000856793660205, 0.00770804006606, 0.00153383857105, 0.000778489105869, 0.00159839214757, 0.00172082707286, -0.000546235707588], [0.000295868172543, 0.000454398454167, 0.000612144649494, 0.0005664244527, -4.54446126241e-006, 0.000519037945196, 0.000952359172516, 0.00153383857105, 0.00641396548599, 0.000444918114226, -0.00066500500543, 0.00112024205737, -0.0013288037153], [0.000123368605273, 0.000722882919945, 0.00104991265107, 0.00226266658865, 0.00144880497828, 0.00129624549299, 0.00228432216682, 0.000778489105869, 0.000444918114226, 0.0111078713089, -0.00024743998074, 0.00092086364748, 0.00227759545669], [0.000369210669305, 0.000497952452861, 0.00128640560433, -0.000578316976316, 0.0011913375929, -0.00153835222591, -0.00025148075656, 0.00159839214757, -0.00066500500543, -0.00024743998074, 0.0104981986806, -0.000610130955465, -0.000884807552211], [0.000479887792608, 0.000582281965762, -0.000802860013209, 9.05490524019e-005, 4.31240114267e-005, 0.00296567799523, -0.000727586972062, 0.00172082707286, 0.00112024205737, 0.00092086364748, -0.000610130955465, 0.0118251862004, -0.000151321699377], [0.000625958840828, 0.000438705232227, 0.000854236655869, -0.00104841473512, 0.00103257829323, 0.000213148901821, 0.000354102143319, -0.000546235707588, -0.0013288037153, 0.00227759545669, -0.000884807552211, -0.000151321699377, 0.0110041219741]]
    },
    "spectral_contrast_coeffs": {
        "mean": [-0.504326164722, -0.615426301956, -0.758569419384, -0.795373797417, -0.808290421963, -0.767647385597],
        "var": [0.013548807241, 0.0120088979602, 0.0111601315439, 0.00275701726787, 0.00183922366705, 0.00185946992133]
    },
    "spectral_contrast_valleys": {
        "mean": [-8.15015220642, -8.33735370636, -9.60878372192, -10.3481235504, -9.97816467285, -11.8918399811],
        "var": [0.763660252094, 1.15499830246, 0.936326742172, 0.890373885632, 1.42040646076, 1.87446844578]
    }
},
"metadata": {
    "audio_properties": {
        "analysis_sample_rate": 44100,
        "bit_rate": 106757,
        "equal_loudness": 0,
        "length": 45.0873451233,
        "lossless": 0,
        "replay_gain": -10.6023178101,
        "sample_rate": 44100,
        "codec": "mp3",
        "downmix": "mix",
        "md5_encoded": "c2e52a987ab3bd86d68b1fd9d7ba5858"
    },
    "tags": {
        "file_name": "310.mp3"
    },
    "version": {
        "essentia": "2.1-beta2",
        "essentia_git_sha": "v2.1_beta2",
        "extractor": "music 1.0"
    }
},
"rhythm": {
    "beats_count": 130,
    "beats_loudness": {
        "mean": 0.0280166454613,
        "var": 0.000739458366297
    },
    "bpm": 172.265716553,
    "bpm_histogram_first_peak_bpm": {
        "mean": 172,
        "var": 0
    },
    "bpm_histogram_first_peak_spread": {
        "mean": 0,
        "var": 0
    },
    "bpm_histogram_first_peak_weight": {
        "mean": 0.449612408876,
        "var": 0
    },
    "bpm_histogram_second_peak_bpm": {
        "mean": 178,
        "var": 0
    },
    "bpm_histogram_second_peak_spread": {
        "mean": 0,
        "var": 0
    },
    "bpm_histogram_second_peak_weight": {
        "mean": 0.325581401587,
        "var": 0
    },
    "danceability": 0.995189547539,
    "onset_rate": 3.30342054367,
    "beats_loudness_band_ratio": {
        "mean": [0.385217517614, 0.508442997932, 0.17306740582, 0.0105945793912, 0.00518576800823, 0.0326837413013],
        "var": [0.0573481172323, 0.0510610751808, 0.0438834242523, 0.000746861798689, 0.000498351815622, 0.0160257220268]
    },
    "beats_position": [0.406349211931, 0.801088392735, 1.17260766029, 1.53251695633, 1.88081634045, 2.22911548615, 2.58902478218, 2.94893407822, 3.29723358154, 3.64553284645, 3.99383211136, 4.34213161469, 4.69043064117, 5.05034017563, 5.41024923325, 5.75854873657, 6.11845779419, 6.47836732864, 6.82666635513, 7.17496585846, 7.52326536179, 7.87156438828, 8.2198638916, 8.56816291809, 8.91646194458, 9.27637195587, 9.62467098236, 9.97297000885, 10.3096599579, 10.6463489532, 10.9830379486, 11.3313379288, 11.6796369553, 12.0279359818, 12.3762359619, 12.7245349884, 13.0612239838, 13.3979139328, 13.7346029282, 14.0712919235, 14.4079818726, 14.7678909302, 15.1161899567, 15.4644899368, 15.8127889633, 16.1610889435, 16.4977779388, 16.8344669342, 17.1827659607, 17.5310649872, 17.8677539825, 18.2044448853, 18.5527439117, 18.9010429382, 19.2377319336, 19.5860309601, 19.9227199554, 20.2594108582, 20.5960998535, 20.9327888489, 21.2810878754, 21.6293869019, 21.9660758972, 22.3027667999, 22.6510658264, 22.9993648529, 23.3476638794, 23.6959629059, 24.0326519012, 24.369342804, 24.7060317993, 25.0427207947, 25.37940979, 25.7160987854, 26.0411777496, 26.3778686523, 26.7029476166, 27.0280265808, 27.353105545, 27.6781845093, 28.0032653809, 28.3515644073, 28.6998634338, 29.0481624603, 29.3964614868, 29.7331504822, 30.0698413849, 30.4181404114, 30.7664394379, 31.1147384644, 31.4630374908, 31.8113365173, 32.1596374512, 32.5079345703, 32.8330154419, 33.1580963135, 33.4947853088, 33.8314743042, 34.1797714233, 34.5164604187, 34.8531494141, 35.1782302856, 35.5033111572, 35.8516082764, 36.1882972717, 36.5249862671, 36.8616790771, 37.2099761963, 37.5582771301, 37.8949661255, 38.2316551208, 38.57995224, 38.91664505, 39.2649421692, 39.6016311646, 39.9383201599, 40.251789093, 40.5652618408, 40.9019508362, 41.2270278931, 41.5637168884, 41.88879776, 42.2370948792, 42.585395813, 42.9336967468, 43.2936058044, 43.6651229858, 44.0366439819, 44.3849411011, 44.7448501587]
},
"tonal": {
    "chords_changes_rate": 0.0720164626837,
    "chords_number_rate": 0.0144032919779,
    "chords_strength": {
        "mean": 0.545887231827,
        "var": 0.00769092002884
    },
    "hpcp_entropy": {
        "mean": 1.63005614281,
        "var": 0.553364753723
    },
    "key_strength": 0.797795712948,
    "tuning_diatonic_strength": 0.69063192606,
    "tuning_equal_tempered_deviation": 0.0832665637136,
    "tuning_frequency": 440.763122559,
    "tuning_nontempered_energy_ratio": 0.688825726509,
    "hpcp": {
        "mean": [0.0846099182963, 0.0611161738634, 0.0551956482232, 0.0857651680708, 0.168484672904, 0.322029948235, 0.383100271225, 0.205209553242, 0.0559114813805, 0.042295999825, 0.0386008359492, 0.0457884147763, 0.0526352077723, 0.0371694900095, 0.0200239922851, 0.0190237499774, 0.0241040587425, 0.0294371694326, 0.0315631367266, 0.0689910799265, 0.239584684372, 0.307113260031, 0.139731183648, 0.0326549708843, 0.0246283151209, 0.0256510060281, 0.0430773049593, 0.052415844053, 0.0451854243875, 0.0444052927196, 0.0472668744624, 0.0667006149888, 0.0981754884124, 0.0938324853778, 0.0823394805193, 0.0946171954274],
        "var": [0.0507657974958, 0.0346746258438, 0.0312946885824, 0.0459971316159, 0.0720033124089, 0.106708496809, 0.162211149931, 0.0633646920323, 0.027399206534, 0.0240444391966, 0.0232544764876, 0.0257350225002, 0.0298528149724, 0.0150174340233, 0.00804393459111, 0.00700626056641, 0.0121249398217, 0.0145474774763, 0.0139125660062, 0.0321039482951, 0.0951197966933, 0.144347816706, 0.0405531004071, 0.0169966742396, 0.0128030478954, 0.012831620872, 0.0223976895213, 0.0314155220985, 0.0258169379085, 0.0317719690502, 0.0320625044405, 0.042193505913, 0.0670837089419, 0.0571182258427, 0.0455594919622, 0.060975253582]
    },
    "chords_histogram": [36.8312759399, 10.2880659103, 8.33333301544, 3.18930029869, 1.74897122383, 0, 0, 1.13168728352, 0.925925910473, 1.44032919407, 0, 2.46913576126, 10.4938268661, 0.411522626877, 0.102880656719, 0.411522626877, 0, 3.29218101501, 5.24691343307, 1.13168728352, 0, 3.18930029869, 9.05349826813, 0.308641970158],
    "thpcp": [1, 0.535654962063, 0.145944774151, 0.110404513776, 0.100759096444, 0.119520708919, 0.137392774224, 0.0970228761435, 0.052268281579, 0.0496573634446, 0.0629184097052, 0.0768393352628, 0.0823887065053, 0.180086225271, 0.625383734703, 0.801652431488, 0.364737898111, 0.0852387025952, 0.064286865294, 0.0669563785195, 0.112443946302, 0.136820167303, 0.117946729064, 0.115910366178, 0.123379901052, 0.174107462168, 0.25626578927, 0.24492931366, 0.214929312468, 0.246977627277, 0.220855802298, 0.159530490637, 0.144076243043, 0.223871335387, 0.439792633057, 0.840589165688],
    "chords_key": "E",
    "chords_scale": "major",
    "key_key": "E",
    "key_scale": "major"
}
}