{
"lowlevel": {
    "average_loudness": 0.832389831543,
    "barkbands_crest": {
        "mean": 12.1204137802,
        "var": 14.3521537781
    },
    "barkbands_flatness_db": {
        "mean": 0.246881961823,
        "var": 0.00495764659718
    },
    "barkbands_kurtosis": {
        "mean": 17.1479263306,
        "var": 424.986633301
    },
    "barkbands_skewness": {
        "mean": 2.72251796722,
        "var": 2.65163850784
    },
    "barkbands_spread": {
        "mean": 8.08114528656,
        "var": 71.9520874023
    },
    "dissonance": {
        "mean": 0.426552295685,
        "var": 0.00164013158064
    },
    "dynamic_complexity": 2.86677336693,
    "erbbands_crest": {
        "mean": 11.5331506729,
        "var": 20.9200611115
    },
    "erbbands_flatness_db": {
        "mean": 0.198498740792,
        "var": 0.0021540641319
    },
    "erbbands_kurtosis": {
        "mean": 3.28859353065,
        "var": 34.839466095
    },
    "erbbands_skewness": {
        "mean": 1.26787436008,
        "var": 1.16097736359
    },
    "erbbands_spread": {
        "mean": 31.8213233948,
        "var": 552.66192627
    },
    "hfc": {
        "mean": 10.65376091,
        "var": 111.023208618
    },
    "melbands_crest": {
        "mean": 16.6243286133,
        "var": 31.0248813629
    },
    "melbands_flatness_db": {
        "mean": 0.330305606127,
        "var": 0.00728862080723
    },
    "melbands_kurtosis": {
        "mean": 35.0824165344,
        "var": 2415.80834961
    },
    "melbands_skewness": {
        "mean": 3.61229872704,
        "var": 5.160841465
    },
    "melbands_spread": {
        "mean": 7.92538022995,
        "var": 90.955116272
    },
    "pitch_salience": {
        "mean": 0.498338013887,
        "var": 0.0169553980231
    },
    "silence_rate_20dB": {
        "mean": 0.998970687389,
        "var": 0.00102827826049
    },
    "silence_rate_30dB": {
        "mean": 0.944415867329,
        "var": 0.0524948202074
    },
    "silence_rate_60dB": {
        "mean": 0.0416881106794,
        "var": 0.0399511307478
    },
    "spectral_centroid": {
        "mean": 562.603759766,
        "var": 298416.0625
    },
    "spectral_complexity": {
        "mean": 9.61657238007,
        "var": 24.086145401
    },
    "spectral_decrease": {
        "mean": -9.72362279583e-009,
        "var": 1.0943910524e-016
    },
    "spectral_energy": {
        "mean": 0.0376655012369,
        "var": 0.00160976382904
    },
    "spectral_energyband_high": {
        "mean": 0.000116841503768,
        "var": 4.1026350317e-008
    },
    "spectral_energyband_low": {
        "mean": 0.019802980125,
        "var": 0.00111232209019
    },
    "spectral_energyband_middle_high": {
        "mean": 0.00224412581883,
        "var": 1.87250188901e-005
    },
    "spectral_energyband_middle_low": {
        "mean": 0.01656774804,
        "var": 0.000266650662525
    },
    "spectral_entropy": {
        "mean": 6.63219738007,
        "var": 0.32105883956
    },
    "spectral_flux": {
        "mean": 0.0811842679977,
        "var": 0.00179868971463
    },
    "spectral_kurtosis": {
        "mean": 9.81703948975,
        "var": 92.4390411377
    },
    "spectral_rms": {
        "mean": 0.00541093945503,
        "var": 7.46859086576e-006
    },
    "spectral_rolloff": {
        "mean": 546.297546387,
        "var": 1142861.25
    },
    "spectral_skewness": {
        "mean": 2.30290007591,
        "var": 0.793225824833
    },
    "spectral_spread": {
        "mean": 3800390.5,
        "var": 5.83501296435e+012
    },
    "spectral_strongpeak": {
        "mean": 0.844405889511,
        "var": 0.863011658192
    },
    "zerocrossingrate": {
        "mean": 0.0260741692036,
        "var": 0.000858963117935
    },
    "barkbands": {
        "mean": [7.27397036826e-006, 0.0101660108194, 0.00888401828706, 0.00256751803681, 0.00845189578831, 0.00186336506158, 0.000817970896605, 0.00073687650729, 0.0014935877407, 0.000953987648245, 0.000211152888369, 0.000429064355558, 0.000169781385921, 0.000391453388147, 0.000120752352814, 6.11277719145e-005, 7.3388502642e-005, 7.28269078536e-005, 5.30973957211e-005, 5.55448823434e-005, 3.16162149829e-005, 1.21110151667e-005, 1.10537721412e-005, 1.86842808034e-005, 8.9108634711e-006, 2.3919387786e-006, 1.00173842554e-007],
        "var": [6.52649712052e-010, 0.000288244773401, 0.000309328868752, 1.5861744032e-005, 0.000109147491457, 6.48181594443e-006, 1.98231396098e-006, 2.97169185615e-006, 3.32246709149e-005, 7.04699596099e-006, 5.75333160668e-007, 1.15424654723e-006, 1.83768108286e-007, 1.2053417322e-006, 1.20066147247e-007, 1.864272825e-008, 2.28312657669e-008, 1.5406660836e-008, 8.23619394907e-009, 1.18438352459e-008, 6.58373533469e-009, 1.90401916456e-009, 9.86062342889e-010, 2.69769651062e-009, 8.75241046305e-010, 4.21852899835e-011, 1.99652618114e-013]
    },
    "erbbands": {
        "mean": [0.097761310637, 2.99760127068, 11.6993627548, 6.94561433792, 23.9685306549, 28.0546531677, 13.1792650223, 16.4170665741, 16.1710968018, 12.1079235077, 16.2735462189, 28.0107936859, 49.7200546265, 12.3050088882, 12.8418655396, 17.7306022644, 8.55657672882, 21.1270942688, 8.48268508911, 4.9447479248, 3.6143951416, 3.82402062416, 4.06840991974, 3.78612446785, 2.06769537926, 2.65990567207, 2.20829534531, 0.589002072811, 0.464898794889, 0.363251566887, 0.292763829231, 0.304528146982, 0.349795848131, 0.142901748419, 0.0432149767876, 0.0132052898407, 0.00400719232857, 0.000526993710082, 3.10163741233e-005, 4.22576595156e-005],
        "var": [0.0243090558797, 26.1053295135, 555.070251465, 68.5152587891, 1211.94189453, 1474.10107422, 242.342788696, 654.944396973, 629.336791992, 715.763000488, 1351.2166748, 10505.8603516, 19822.5761719, 1125.16174316, 1851.02783203, 1873.45373535, 396.093322754, 3408.10668945, 454.858764648, 140.560836792, 57.4830436707, 66.3060836792, 45.7677764893, 35.1637191772, 11.7721204758, 26.6050224304, 28.5153503418, 1.46024620533, 2.38413476944, 2.02985501289, 0.573374688625, 0.494330257177, 1.22667169571, 0.212577864528, 0.0214995946735, 0.00124083145056, 0.000145383150084, 2.69632346317e-006, 2.87754398087e-009, 1.92966331802e-009]
    },
    "gfcc": {
        "mean": [-70.4636230469, 142.49571228, -88.0342712402, 38.6011047363, -50.5374794006, 5.69023656845, -35.3327865601, 0.408411204815, -28.2905750275, -6.75963306427, -6.49390029907, -11.1355819702, -7.51468276978],
        "cov": [[7046.85986328, -218.286712646, -1245.56311035, -229.948165894, -215.960830688, 140.066177368, -78.9682922363, 164.395294189, -250.304153442, 72.0484924316, -160.415939331, -90.2422866821, -90.7350997925], [-218.286712646, 1138.93322754, -185.749313354, -125.579391479, 296.00189209, -209.277420044, 270.44833374, -74.313659668, 150.65246582, -101.502197266, 152.827438354, -174.943145752, 115.472045898], [-1245.56311035, -185.749313354, 1279.69543457, 362.970062256, -8.14340019226, 95.6006851196, -94.6884765625, -47.0979003906, 41.1033935547, 93.7481842041, 4.87281703949, 161.095352173, -87.5425415039], [-229.948165894, -125.579391479, 362.970062256, 398.301513672, 65.8257522583, 1.08469641209, -46.0630226135, -14.7820491791, 48.5328559875, 17.3752269745, 9.37358760834, 76.3628463745, 8.62024974823], [-215.960830688, 296.00189209, -8.14340019226, 65.8257522583, 334.938018799, -22.724565506, 122.34337616, -8.18452072144, 65.2204208374, -20.9854717255, 30.0724964142, -25.9784641266, 50.1760444641], [140.066177368, -209.277420044, 95.6006851196, 1.08469641209, -22.724565506, 265.834442139, 46.9731788635, 11.9971513748, -33.7446403503, 17.5186882019, -4.76658535004, -4.34281396866, -19.3198719025], [-78.9682922363, 270.44833374, -94.6884765625, -46.0630226135, 122.34337616, 46.9731788635, 262.983032227, 9.3867559433, 39.2848434448, -28.0978050232, 57.5764808655, -73.4296264648, 35.1703567505], [164.395294189, -74.313659668, -47.0979003906, -14.7820491791, -8.18452072144, 11.9971513748, 9.3867559433, 124.202102661, 43.0464248657, 11.6967153549, -11.03520298, 1.43623113632, 1.74373662472], [-250.304153442, 150.65246582, 41.1033935547, 48.5328559875, 65.2204208374, -33.7446403503, 39.2848434448, 43.0464248657, 152.529800415, 5.89308357239, 27.2592067719, -27.0091838837, 23.9915847778], [72.0484924316, -101.502197266, 93.7481842041, 17.3752269745, -20.9854717255, 17.5186882019, -28.0978050232, 11.6967153549, 5.89308357239, 106.951599121, 14.4822244644, 30.4600467682, -37.8635444641], [-160.415939331, 152.827438354, 4.87281703949, 9.37358760834, 30.0724964142, -4.76658535004, 57.5764808655, -11.03520298, 27.2592067719, 14.4822244644, 115.890541077, -4.881254673, 9.15573787689], [-90.2422866821, -174.943145752, 161.095352173, 76.3628463745, -25.9784641266, -4.34281396866, -73.4296264648, 1.43623113632, -27.0091838837, 30.4600467682, -4.881254673, 132.226745605, -17.5589199066], [-90.7350997925, 115.472045898, -87.5425415039, 8.62024974823, 50.1760444641, -19.3198719025, 35.1703567505, 1.74373662472, 23.9915847778, -37.8635444641, 9.15573787689, -17.5589199066, 99.3960342407]],
        "icov": [[0.000272217235761, -0.000496594992001, 0.000442970078439, -0.000483207579236, 0.000279128638795, -0.000516058702487, 0.000224989533308, -0.000607921974733, 0.000646466913167, -0.000602745509241, 0.000666771142278, -0.000205297779758, 0.000463967124233], [-0.000496594992001, 0.00469454983249, -0.00149646215141, 0.00261784344912, -0.00227085431106, 0.00373788340949, -0.00193500670139, 0.00319720897824, -0.00292911147699, 0.00286820251495, -0.00438512535766, 0.00303638493642, -0.00221076910384], [0.000442970078439, -0.00149646215141, 0.00221977499314, -0.00204375176691, 0.000882120919414, -0.00187924178317, 0.000590406300034, -0.000564581889194, 0.000551580975298, -0.00166139134672, 0.00184478284791, -0.00192849175073, 0.00198895740323], [-0.000483207579236, 0.00261784344912, -0.00204375176691, 0.00565153453499, -0.00209816382267, 0.0020568263717, -0.000374787690816, 0.00241613155231, -0.00303170457482, 0.00222413870506, -0.00281676370651, 0.000234027698752, -0.00234348373488], [0.000279128638795, -0.00227085431106, 0.000882120919414, -0.00209816382267, 0.00536932237446, -0.0013833832927, -0.00113565369975, -0.000783962022979, 0.000315773504553, -0.00154899980407, 0.00259237410501, -0.00176310597453, 7.15029600542e-005], [-0.000516058702487, 0.00373788340949, -0.00187924178317, 0.0020568263717, -0.0013833832927, 0.00763822579756, -0.0030100105796, 0.00166965858079, -0.000777044158895, 0.00167896575294, -0.00316093978472, 0.00308779859915, -0.00176448107231], [0.000224989533308, -0.00193500670139, 0.000590406300034, -0.000374787690816, -0.00113565369975, -0.0030100105796, 0.00750750675797, -0.00211180886254, 0.00107672903687, -8.29913988127e-005, -0.00111485493835, 0.00121168396436, 0.000399903336074], [-0.000607921974733, 0.00319720897824, -0.000564581889194, 0.00241613155231, -0.000783962022979, 0.00166965858079, -0.00211180886254, 0.0129705751315, -0.00682346755639, 0.00117374770343, -0.00109920499381, -0.000219647990889, -0.00157949863933], [0.000646466913167, -0.00292911147699, 0.000551580975298, -0.00303170457482, 0.000315773504553, -0.000777044158895, 0.00107672903687, -0.00682346755639, 0.0129172531888, -0.00337667018175, 0.0011423699325, 0.0018091815291, -1.98069283215e-005], [-0.000602745509241, 0.00286820251495, -0.00166139134672, 0.00222413870506, -0.00154899980407, 0.00167896575294, -8.29913988127e-005, 0.00117374770343, -0.00337667018175, 0.0146536268294, -0.00533805042505, -0.000122602141346, 0.00244577880949], [0.000666771142278, -0.00438512535766, 0.00184478284791, -0.00281676370651, 0.00259237410501, -0.00316093978472, -0.00111485493835, -0.00109920499381, 0.0011423699325, -0.00533805042505, 0.0152334785089, -0.00392373558134, 0.00165725499392], [-0.000205297779758, 0.00303638493642, -0.00192849175073, 0.000234027698752, -0.00176310597453, 0.00308779859915, 0.00121168396436, -0.000219647990889, 0.0018091815291, -0.000122602141346, -0.00392373558134, 0.0140713807195, -0.0020045354031], [0.000463967124233, -0.00221076910384, 0.00198895740323, -0.00234348373488, 7.15029600542e-005, -0.00176448107231, 0.000399903336074, -0.00157949863933, -1.98069283215e-005, 0.00244577880949, 0.00165725499392, -0.0020045354031, 0.0149444825947]]
    },
    "melbands": {
        "mean": [0.00184926728252, 0.00551025010645, 0.00179869576823, 0.00202865572646, 0.00059639941901, 0.000372856506146, 0.000234443490626, 0.000139231269713, 0.000126501559862, 0.000206343014725, 0.000247897114605, 4.66452584078e-005, 3.32013696607e-005, 5.37362793693e-005, 2.64017708105e-005, 2.04975312954e-005, 4.25053694926e-005, 1.39061103255e-005, 9.39476012718e-006, 4.75451543025e-006, 4.06072604164e-006, 3.75398644792e-006, 4.17999081037e-006, 3.53305290446e-006, 3.10161317429e-006, 1.56222949954e-006, 1.47882781221e-006, 1.81561927093e-006, 1.74119907115e-006, 5.62111097224e-007, 2.59208519537e-007, 2.77373374047e-007, 2.06157579896e-007, 2.06650227597e-007, 1.69121236127e-007, 1.5956709376e-007, 1.98606187496e-007, 2.73397404271e-007, 1.74028713218e-007, 1.0527309513e-007],
        "var": [8.34726779431e-006, 0.000109308311949, 5.126074484e-006, 7.02236184225e-006, 4.47775533985e-007, 3.06324693611e-007, 1.27292622665e-007, 9.90391981759e-008, 8.99572185631e-008, 6.09675680607e-007, 5.07173922415e-007, 2.40507347371e-008, 1.40198341825e-008, 2.01048884207e-008, 3.10886139054e-009, 2.99914448831e-009, 1.47649954485e-008, 1.57227264541e-009, 8.6611823269e-010, 1.09543027427e-010, 8.29241120215e-011, 6.63544497126e-011, 6.6262072218e-011, 4.4318146375e-011, 2.7026858182e-011, 8.15414836347e-012, 9.04739564517e-012, 1.33085348297e-011, 2.08723906214e-011, 1.43212709487e-012, 4.98903598555e-013, 7.93552777743e-013, 8.92696886464e-013, 5.90632035467e-013, 2.12952349981e-013, 1.42511260496e-013, 2.30019345585e-013, 7.78081104321e-013, 3.41014814043e-013, 1.22169418679e-013]
    },
    "mfcc": {
        "mean": [-720.895263672, 166.291778564, 25.1254901886, 36.5110244751, 12.4842472076, 3.42944693565, 9.63059234619, -0.999659538269, -8.28656101227, -0.552603960037, -4.99045085907, 3.02642273903, -6.34814977646],
        "cov": [[5489.13476563, -211.589233398, -1190.65698242, -361.987640381, -264.171630859, -170.993499756, 115.141441345, -66.3184051514, -49.4966087341, 256.162750244, -108.844337463, -31.816696167, -251.86706543], [-211.589233398, 1129.3338623, -318.146209717, 74.5774307251, -16.0699520111, -30.1300201416, 98.037612915, 5.98482656479, 27.3165550232, 108.295631409, 22.3769569397, 33.8450431824, -6.14929056168], [-1190.65698242, -318.146209717, 1139.36279297, 178.557769775, 137.560424805, 160.542053223, -72.3454589844, 4.1608247757, 4.13684940338, -170.789367676, 105.164993286, 39.502822876, 147.414993286], [-361.987640381, 74.5774307251, 178.557769775, 405.084136963, 131.85798645, 30.3201732635, -48.7787857056, 13.6049509048, 36.4180488586, -62.3605766296, -1.35964393616, 44.4135856628, 101.25151062], [-264.171630859, -16.0699520111, 137.560424805, 131.85798645, 218.914779663, 55.0021896362, -29.1608085632, 18.0200042725, 46.7303924561, -22.0509681702, -2.80205988884, 16.2840385437, 52.4117546082], [-170.993499756, -30.1300201416, 160.542053223, 30.3201732635, 55.0021896362, 208.269851685, 79.380607605, 27.4824542999, 6.85324573517, -1.20592844486, 34.8142127991, -13.4470691681, 2.1277821064], [115.141441345, 98.037612915, -72.3454589844, -48.7787857056, -29.1608085632, 79.380607605, 198.629165649, 43.3930168152, -0.799661099911, 52.6051254272, 11.6853151321, -1.34419393539, -36.5320014954], [-66.3184051514, 5.98482656479, 4.1608247757, 13.6049509048, 18.0200042725, 27.4824542999, 43.3930168152, 113.218788147, 39.1372184753, 15.8944253922, -0.985903382301, 12.203953743, 4.1190123558], [-49.4966087341, 27.3165550232, 4.13684940338, 36.4180488586, 46.7303924561, 6.85324573517, -0.799661099911, 39.1372184753, 125.958747864, 34.7852363586, -13.1894130707, 4.38568401337, 9.07894039154], [256.162750244, 108.295631409, -170.789367676, -62.3605766296, -22.0509681702, -1.20592844486, 52.6051254272, 15.8944253922, 34.7852363586, 176.888961792, 18.4611339569, -12.8211336136, -42.8030662537], [-108.844337463, 22.3769569397, 105.164993286, -1.35964393616, -2.80205988884, 34.8142127991, 11.6853151321, -0.985903382301, -13.1894130707, 18.4611339569, 112.930801392, 27.2139167786, 8.90121936798], [-31.816696167, 33.8450431824, 39.502822876, 44.4135856628, 16.2840385437, -13.4470691681, -1.34419393539, 12.203953743, 4.38568401337, -12.8211336136, 27.2139167786, 110.54360199, 48.8395080566], [-251.86706543, -6.14929056168, 147.414993286, 101.25151062, 52.4117546082, 2.1277821064, -36.5320014954, 4.1190123558, 9.07894039154, -42.8030662537, 8.90121936798, 48.8395080566, 134.549728394]],
        "icov": [[0.000270619842922, 0.000155869711307, 0.000254469283391, -2.72642478194e-006, 0.0001013591027, -2.52619588537e-006, -8.79295912455e-005, 0.000197584668058, 2.74481772067e-005, -0.000209746853216, 8.40218854137e-005, -0.000220552625251, 0.000173510736204], [0.000155869711307, 0.00120083615184, 0.000468990503578, -0.000434544403106, 8.70324874995e-005, 0.000233757629758, -0.000658728706185, 0.000392057205318, -0.000162349446327, -0.000452431238955, -0.00040333616198, -0.000263138121227, -7.94015504653e-005], [0.000254469283391, 0.000468990503578, 0.00185740692541, -0.000154606444994, -0.000119495547551, -0.000937944860198, 0.000224492003326, 0.000229609824601, -0.000356835575076, 0.000985877937637, -0.00146968266927, 9.9904340459e-005, -0.000906906614546], [-2.72642478194e-006, -0.000434544403106, -0.000154606444994, 0.00378289469518, -0.00146776344627, -0.00033527976484, 0.000527824740857, -0.000170797255123, -0.00042462858255, 0.000764715718105, 0.000332615571097, -0.00041100528324, -0.00157758698333], [0.0001013591027, 8.70324874995e-005, -0.000119495547551, -0.00146776344627, 0.00687856972218, -0.00195668986998, 0.00119236973114, -0.000128165644128, -0.00170775607694, -0.000301163760014, 0.000835016486235, -0.000417657720391, -0.000775881286245], [-2.52619588537e-006, 0.000233757629758, -0.000937944860198, -0.00033527976484, -0.00195668986998, 0.00806892570108, -0.00382447359152, -0.000438244635006, 0.000123585210531, 0.000224801988224, -0.00185312889516, 0.00198766565882, 0.000359782803571], [-8.79295912455e-005, -0.000658728706185, 0.000224492003326, 0.000527824740857, 0.00119236973114, -0.00382447359152, 0.00838710460812, -0.0026253038086, 0.000984634505585, -0.00130811473355, 0.000692792003974, -0.00117407960352, 0.00101349165197], [0.000197584668058, 0.000392057205318, 0.000229609824601, -0.000170797255123, -0.000128165644128, -0.000438244635006, -0.0026253038086, 0.0113893281668, -0.00332225579768, -0.000130928892759, 0.000361311656889, -0.00132898101583, -9.88478277577e-005], [2.74481772067e-005, -0.000162349446327, -0.000356835575076, -0.00042462858255, -0.00170775607694, 0.000123585210531, 0.000984634505585, -0.00332225579768, 0.0108197974041, -0.00297710997984, 0.00199072877876, -0.000302284694044, 8.76446501934e-005], [-0.000209746853216, -0.000452431238955, 0.000985877937637, 0.000764715718105, -0.000301163760014, 0.000224801988224, -0.00130811473355, -0.000130928892759, -0.00297710997984, 0.00893912278116, -0.0030976026319, 0.00117863109335, 0.000515383435413], [8.40218854137e-005, -0.00040333616198, -0.00146968266927, 0.000332615571097, 0.000835016486235, -0.00185312889516, 0.000692792003974, 0.000361311656889, 0.00199072877876, -0.0030976026319, 0.0124798594043, -0.00369375920855, 0.000775263994001], [-0.000220552625251, -0.000263138121227, 9.9904340459e-005, -0.00041100528324, -0.000417657720391, 0.00198766565882, -0.00117407960352, -0.00132898101583, -0.000302284694044, 0.00117863109335, -0.00369375920855, 0.012586729601, -0.00430097011849], [0.000173510736204, -7.94015504653e-005, -0.000906906614546, -0.00157758698333, -0.000775881286245, 0.000359782803571, 0.00101349165197, -9.88478277577e-005, 8.76446501934e-005, 0.000515383435413, 0.000775263994001, -0.00430097011849, 0.0121768405661]]
    },
    "spectral_contrast_coeffs": {
        "mean": [-0.593956708908, -0.685925960541, -0.737997889519, -0.761244356632, -0.782457709312, -0.78057128191],
        "var": [0.00666301744059, 0.00566978100687, 0.0111506795511, 0.00542741222307, 0.00349750113674, 0.00160682946444]
    },
    "spectral_contrast_valleys": {
        "mean": [-6.98381710052, -7.29493427277, -8.28961849213, -8.91023731232, -8.79232788086, -11.5015220642],
        "var": [1.31609725952, 1.22540009022, 1.13191092014, 1.14162504673, 1.12982451916, 1.30494260788]
    }
},
"metadata": {
    "audio_properties": {
        "analysis_sample_rate": 44100,
        "bit_rate": 109512,
        "equal_loudness": 0,
        "length": 45.0873451233,
        "lossless": 0,
        "replay_gain": -5.78742790222,
        "sample_rate": 44100,
        "codec": "mp3",
        "downmix": "mix",
        "md5_encoded": "c193aeba659bb1ca2f66cc690777631c"
    },
    "tags": {
        "file_name": "311.mp3"
    },
    "version": {
        "essentia": "2.1-beta2",
        "essentia_git_sha": "v2.1_beta2",
        "extractor": "music 1.0"
    }
},
"rhythm": {
    "beats_count": 106,
    "beats_loudness": {
        "mean": 0.0526233389974,
        "var": 0.00150337046944
    },
    "bpm": 143.340789795,
    "bpm_histogram_first_peak_bpm": {
        "mean": 144,
        "var": 0
    },
    "bpm_histogram_first_peak_spread": {
        "mean": 0.611764669418,
        "var": 0
    },
    "bpm_histogram_first_peak_weight": {
        "mean": 0.314285725355,
        "var": 0
    },
    "bpm_histogram_second_peak_bpm": {
        "mean": 136,
        "var": 0
    },
    "bpm_histogram_second_peak_spread": {
        "mean": 0.13333337009,
        "var": 0
    },
    "bpm_histogram_second_peak_weight": {
        "mean": 0.12380952388,
        "var": 0
    },
    "danceability": 1.23483717442,
    "onset_rate": 4.76668071747,
    "beats_loudness_band_ratio": {
        "mean": [0.578924000263, 0.365105211735, 0.12364885211, 0.0436469428241, 0.013851958327, 0.00529150199145],
        "var": [0.050688225776, 0.0342946313322, 0.0179308615625, 0.00661015184596, 0.000438274262706, 3.64974985132e-005]
    },
    "beats_position": [0.359909296036, 0.743038535118, 1.14938771725, 1.55573689938, 1.97369611263, 2.39165520668, 2.80961441994, 3.21596360207, 3.62231278419, 4.02866220474, 4.43501138687, 4.82975053787, 5.22448968887, 5.630838871, 6.03718805313, 6.43192720413, 6.83827638626, 7.24462556839, 7.66258478165, 8.06893444061, 8.47528362274, 8.87002277374, 9.27637195587, 9.682721138, 10.1006803513, 10.5070295334, 10.9249887466, 11.3313379288, 11.7376871109, 12.1556463242, 12.5852155685, 12.9915647507, 13.4211339951, 13.8390922546, 14.2570514679, 14.6750106812, 15.1045799255, 15.5341491699, 15.9637184143, 16.3932876587, 16.8112468719, 17.2408161163, 17.6587753296, 18.088344574, 18.5295238495, 18.970703125, 19.4118824005, 19.8414516449, 20.2710208893, 20.6889801025, 21.1185474396, 21.548116684, 21.9660758972, 22.3840351105, 22.7903842926, 23.1967334747, 23.614692688, 24.0442619324, 24.4738311768, 24.9034004211, 25.3329696655, 25.774148941, 26.2037181854, 26.6332874298, 27.0512466431, 27.4924259186, 27.9103851318, 28.3399543762, 28.7579135895, 29.1758728027, 29.6054420471, 30.0466213226, 30.4878005981, 30.9289798737, 31.3701572418, 31.7881164551, 32.2176856995, 32.6704750061, 33.0884361267, 33.5063934326, 33.9127426147, 34.3190917969, 34.725440979, 35.1434020996, 35.572971344, 36.0141487122, 36.4437179565, 36.8848991394, 37.3144645691, 37.7324256897, 38.1503829956, 38.5683441162, 38.9979133606, 39.427482605, 39.8454399109, 40.2750091553, 40.7045783997, 41.1457595825, 41.5869369507, 42.0397262573, 42.4692955017, 42.8872566223, 43.3052139282, 43.7231750488, 44.1411323547, 44.5590934753]
},
"tonal": {
    "chords_changes_rate": 0.0730452686548,
    "chords_number_rate": 0.0154320988804,
    "chords_strength": {
        "mean": 0.484491199255,
        "var": 0.00887303985655
    },
    "hpcp_entropy": {
        "mean": 1.98643195629,
        "var": 0.490739941597
    },
    "key_strength": 0.603384912014,
    "tuning_diatonic_strength": 0.543504953384,
    "tuning_equal_tempered_deviation": 0.125882282853,
    "tuning_frequency": 437.971466064,
    "tuning_nontempered_energy_ratio": 0.813735485077,
    "hpcp": {
        "mean": [0.135950803757, 0.0925867110491, 0.0860712453723, 0.134948149323, 0.13368165493, 0.0598250851035, 0.0383613221347, 0.0444902069867, 0.0580978728831, 0.095914259553, 0.104369677603, 0.0774217694998, 0.0652214661241, 0.0633599460125, 0.0844998955727, 0.140854775906, 0.143905639648, 0.105244077742, 0.0980345085263, 0.0824830383062, 0.0595434606075, 0.0528185106814, 0.0428118780255, 0.0396057441831, 0.0563322231174, 0.0656386241317, 0.112257748842, 0.194499507546, 0.196764096618, 0.2427713871, 0.329037070274, 0.260197669268, 0.168155357242, 0.160123571754, 0.183572307229, 0.183885246515],
        "var": [0.0564359277487, 0.0363503098488, 0.0305584035814, 0.0609105303884, 0.0739637315273, 0.0181557852775, 0.0133674582466, 0.0164983123541, 0.0194409862161, 0.0403468944132, 0.04294295609, 0.0286994464695, 0.0247978661209, 0.0245469417423, 0.0306757241488, 0.0642003715038, 0.0664219632745, 0.0429617501795, 0.0490516200662, 0.0430277995765, 0.0267757903785, 0.026335420087, 0.0180529672652, 0.0134397288784, 0.0245373863727, 0.0320186428726, 0.0445205532014, 0.0987689271569, 0.0790129899979, 0.0951388701797, 0.146137207747, 0.0994879826903, 0.0699760690331, 0.0755153149366, 0.0806130021811, 0.0862989276648]
    },
    "chords_histogram": [7.71604919434, 5.14403295517, 0.205761313438, 0, 0, 1.95473253727, 1.44032919407, 2.77777767181, 6.79012346268, 21.3991775513, 4.01234579086, 0, 4.62962961197, 1.13168728352, 0.205761313438, 0, 1.23456788063, 0, 0, 1.54320991039, 0.617283940315, 2.05761313438, 29.5267486572, 7.61316871643],
    "thpcp": [1, 0.790785253048, 0.511052906513, 0.486642956734, 0.557907700539, 0.558858752251, 0.413177758455, 0.281386882067, 0.261585265398, 0.410130530596, 0.40628144145, 0.181818678975, 0.116586625576, 0.13521336019, 0.176569387317, 0.291499853134, 0.317197322845, 0.235298007727, 0.198219209909, 0.192561730742, 0.256809651852, 0.428081780672, 0.437353879213, 0.31985476613, 0.297943651676, 0.250680088997, 0.180962771177, 0.160524502397, 0.130112633109, 0.120368637145, 0.171203270555, 0.199487015605, 0.34117051959, 0.591117322445, 0.597999811172, 0.737823843956],
    "chords_key": "C",
    "chords_scale": "minor",
    "key_key": "G",
    "key_scale": "minor"
}
}