{
"lowlevel": {
    "average_loudness": 0.582741558552,
    "barkbands_crest": {
        "mean": 11.6441707611,
        "var": 17.9889888763
    },
    "barkbands_flatness_db": {
        "mean": 0.187493503094,
        "var": 0.00234148302115
    },
    "barkbands_kurtosis": {
        "mean": 4.17352199554,
        "var": 43.0492630005
    },
    "barkbands_skewness": {
        "mean": 1.5851508379,
        "var": 1.17670559883
    },
    "barkbands_spread": {
        "mean": 13.3931350708,
        "var": 86.2856063843
    },
    "dissonance": {
        "mean": 0.443128407001,
        "var": 0.00129941641353
    },
    "dynamic_complexity": 4.48890590668,
    "erbbands_crest": {
        "mean": 10.3969240189,
        "var": 20.510137558
    },
    "erbbands_flatness_db": {
        "mean": 0.221335947514,
        "var": 0.00217686034739
    },
    "erbbands_kurtosis": {
        "mean": 0.516228020191,
        "var": 3.16765737534
    },
    "erbbands_skewness": {
        "mean": 0.457285225391,
        "var": 0.432799905539
    },
    "erbbands_spread": {
        "mean": 28.9389381409,
        "var": 236.609329224
    },
    "hfc": {
        "mean": 13.7477579117,
        "var": 366.867370605
    },
    "melbands_crest": {
        "mean": 14.5584630966,
        "var": 25.5620059967
    },
    "melbands_flatness_db": {
        "mean": 0.225711598992,
        "var": 0.00402677478269
    },
    "melbands_kurtosis": {
        "mean": 9.24865245819,
        "var": 136.066894531
    },
    "melbands_skewness": {
        "mean": 2.20666575432,
        "var": 1.78901672363
    },
    "melbands_spread": {
        "mean": 16.9295063019,
        "var": 187.806915283
    },
    "pitch_salience": {
        "mean": 0.572849988937,
        "var": 0.0109679019079
    },
    "silence_rate_20dB": {
        "mean": 1,
        "var": 0
    },
    "silence_rate_30dB": {
        "mean": 0.990216255188,
        "var": 0.00968793220818
    },
    "silence_rate_60dB": {
        "mean": 0.145211115479,
        "var": 0.124126307666
    },
    "spectral_centroid": {
        "mean": 890.83996582,
        "var": 319175.6875
    },
    "spectral_complexity": {
        "mean": 12.7852725983,
        "var": 33.2840957642
    },
    "spectral_decrease": {
        "mean": -4.28247748374e-009,
        "var": 2.48616296487e-017
    },
    "spectral_energy": {
        "mean": 0.0174100287259,
        "var": 0.000419317570049
    },
    "spectral_energyband_high": {
        "mean": 0.000200573878828,
        "var": 1.04373157228e-007
    },
    "spectral_energyband_low": {
        "mean": 0.000513137958478,
        "var": 1.34914466798e-006
    },
    "spectral_energyband_middle_high": {
        "mean": 0.00568987615407,
        "var": 0.000140111704241
    },
    "spectral_energyband_middle_low": {
        "mean": 0.0111455535516,
        "var": 0.00014044890122
    },
    "spectral_entropy": {
        "mean": 7.16404771805,
        "var": 0.228872001171
    },
    "spectral_flux": {
        "mean": 0.0554872043431,
        "var": 0.0014395773178
    },
    "spectral_kurtosis": {
        "mean": 7.37596511841,
        "var": 49.5482597351
    },
    "spectral_rms": {
        "mean": 0.0036049131304,
        "var": 3.98998508899e-006
    },
    "spectral_rolloff": {
        "mean": 1231.7142334,
        "var": 1477305.875
    },
    "spectral_skewness": {
        "mean": 1.94109380245,
        "var": 0.580725431442
    },
    "spectral_spread": {
        "mean": 3561052.5,
        "var": 2.78544357786e+012
    },
    "spectral_strongpeak": {
        "mean": 1.17773735523,
        "var": 2.69830012321
    },
    "zerocrossingrate": {
        "mean": 0.0466592721641,
        "var": 0.000975426868536
    },
    "barkbands": {
        "mean": [1.35728168971e-006, 6.8550092692e-005, 0.000387791515095, 0.000230972713325, 0.00339153571986, 0.00141481496394, 0.00257935374975, 0.0020749475807, 0.0011794391321, 0.00112872722093, 0.00095066439826, 0.00083643104881, 0.00082577340072, 0.00127934897318, 0.000396640331019, 0.00014500238467, 0.000131141845486, 0.00010356221901, 5.76422607992e-005, 4.57110618299e-005, 4.57148489659e-005, 6.4223917434e-005, 3.84088853025e-005, 2.44525490416e-005, 7.16209297025e-006, 6.75720627896e-007, 4.44629444374e-009],
        "var": [1.63155478711e-011, 2.74409384105e-008, 9.52539096488e-007, 6.29040997069e-008, 1.29179115902e-005, 6.20220771452e-006, 3.72562899429e-005, 3.65243577107e-005, 1.55373600137e-005, 1.89858292288e-005, 2.61430323008e-005, 6.64014896756e-006, 8.87310034159e-006, 1.54852405103e-005, 1.39962230605e-006, 1.14613449398e-007, 9.02608334741e-008, 6.29854852718e-008, 9.79769332332e-009, 1.11036486672e-008, 6.34278540801e-009, 1.45230369952e-008, 5.25082555214e-009, 2.57545251792e-009, 1.5903366124e-010, 1.56716664385e-012, 1.21839005843e-016]
    },
    "erbbands": {
        "mean": [0.000535534345545, 0.0287556704134, 0.389618963003, 0.62655299902, 5.54752779007, 13.5752573013, 11.0590105057, 10.4891328812, 24.656583786, 50.7340583801, 49.3049278259, 27.5907382965, 27.7526626587, 42.8804283142, 37.2065200806, 39.2939529419, 40.5114517212, 75.733001709, 30.6692390442, 13.0480422974, 6.6687874794, 7.75826311111, 6.41679763794, 2.65148210526, 3.32678151131, 2.06720709801, 1.96487116814, 1.73016214371, 2.39939069748, 1.80586600304, 1.01051974297, 0.732876837254, 0.246484413743, 0.120318040252, 0.0268010795116, 0.00557178119197, 0.000748161051888, 5.20591747772e-005, 1.12472816909e-005, 2.07905741263e-005],
        "var": [9.67787286754e-007, 0.0052738878876, 1.0145226717, 0.391377806664, 35.875289917, 291.336730957, 295.798919678, 431.476409912, 4166.38964844, 18816.453125, 25698.7109375, 10599.1767578, 5295.18652344, 30876.390625, 37213.625, 14050.2646484, 24000.7109375, 52198.0820313, 7331.46044922, 857.926452637, 259.370605469, 291.401672363, 233.093505859, 18.2251586914, 33.9202384949, 20.015411377, 14.7410936356, 7.1292309761, 23.5820636749, 11.4253797531, 3.8075864315, 2.62762713432, 0.178436562419, 0.0456024184823, 0.00270916544832, 0.00011131955398, 1.8354274971e-006, 8.08117661677e-009, 1.50052983927e-010, 5.92550231104e-010]
    },
    "gfcc": {
        "mean": [-74.9675827026, 125.743453979, -151.347045898, 14.3802537918, -80.9438247681, 4.87882709503, -50.5148696899, -19.9617214203, -23.0435657501, -14.9353218079, -15.1862411499, -14.121131897, -10.1815872192],
        "cov": [[6957.49902344, -1584.07873535, -1004.88708496, -82.1238632202, -875.846923828, 213.531677246, -302.159484863, 123.555038452, -215.605941772, 291.935302734, -98.5652542114, -62.5557441711, -211.996704102], [-1584.07873535, 1362.56359863, 150.06867981, -212.285675049, 441.045959473, -152.347640991, 227.509719849, -105.939651489, 114.403968811, -142.366439819, 90.9235610962, -34.8212432861, 102.039299011], [-1004.88708496, 150.06867981, 532.194213867, 145.793518066, 66.1804122925, 100.366783142, -56.0876312256, 25.7104320526, 41.4211883545, -54.6814422607, -2.41658902168, 40.3164329529, 26.2213172913], [-82.1238632202, -212.285675049, 145.793518066, 483.980834961, 10.0058860779, 13.9161396027, -97.8222045898, 1.16098821163, 4.96964216232, -74.641418457, -42.1689758301, 36.1228866577, 36.5335769653], [-875.846923828, 441.045959473, 66.1804122925, 10.0058860779, 307.471252441, -49.4008026123, 86.9589004517, -22.9997329712, 26.8206214905, -61.1976013184, 18.5864391327, -3.86122655869, 46.6929626465], [213.531677246, -152.347640991, 100.366783142, 13.9161396027, -49.4008026123, 243.85496521, 15.8367385864, 45.8842811584, -11.2443265915, -5.6215057373, -2.57491850853, 0.320813804865, -34.1984786987], [-302.159484863, 227.509719849, -56.0876312256, -97.8222045898, 86.9589004517, 15.8367385864, 236.017822266, 4.42731523514, 6.88540506363, -14.9849348068, 17.2901687622, -8.79684257507, -3.69093251228], [123.555038452, -105.939651489, 25.7104320526, 1.16098821163, -22.9997329712, 45.8842811584, 4.42731523514, 114.325691223, 20.8363418579, 20.6871051788, -12.601978302, 1.28067922592, -10.3676309586], [-215.605941772, 114.403968811, 41.4211883545, 4.96964216232, 26.8206214905, -11.2443265915, 6.88540506363, 20.8363418579, 121.839790344, 10.6981391907, -1.90376710892, -6.1936841011, 9.91952991486], [291.935302734, -142.366439819, -54.6814422607, -74.641418457, -61.1976013184, -5.6215057373, -14.9849348068, 20.6871051788, 10.6981391907, 129.379135132, 22.0163040161, -13.2344169617, -32.1970100403], [-98.5652542114, 90.9235610962, -2.41658902168, -42.1689758301, 18.5864391327, -2.57491850853, 17.2901687622, -12.601978302, -1.90376710892, 22.0163040161, 84.5716629028, 5.27026844025, -6.64214849472], [-62.5557441711, -34.8212432861, 40.3164329529, 36.1228866577, -3.86122655869, 0.320813804865, -8.79684257507, 1.28067922592, -6.1936841011, -13.2344169617, 5.27026844025, 65.0436782837, 12.537276268], [-211.996704102, 102.039299011, 26.2213172913, 36.5335769653, 46.6929626465, -34.1984786987, -3.69093251228, -10.3676309586, 9.91952991486, -32.1970100403, -6.64214849472, 12.537276268, 69.7925796509]],
        "icov": [[0.000459077651612, -0.000422065058956, 0.00107200769708, -0.000368990033166, 0.00105162069667, -0.000746021803934, 0.000652868126053, -0.000517033215147, 0.000639421632513, -0.0007326080231, 0.000623592932243, -0.000290021387627, 0.000373133545509], [-0.000422065058956, 0.00394086772576, -0.00226432923228, 0.00222591892816, -0.0037009655498, 0.00220339139923, -0.00213055382483, 0.0023123298306, -0.00312637188472, 0.00392136489972, -0.00343358726241, 0.00248854514211, -0.00209210114554], [0.00107200769708, -0.00226432923228, 0.00564634986222, -0.00192702969071, 0.00262690102682, -0.00362895941362, 0.00297781801783, -0.00210207886994, 0.00146658893209, -0.00235117529519, 0.00218172394671, -0.00273376097903, 0.0011693284614], [-0.000368990033166, 0.00222591892816, -0.00192702969071, 0.00406156806275, -0.00237736082636, 0.00130784406792, -0.00027126428904, 0.00130349770188, -0.00198079063557, 0.00349999265745, -0.00115955621004, 0.000505318690557, -0.00167158804834], [0.00105162069667, -0.0037009655498, 0.00262690102682, -0.00237736082636, 0.00946373399347, -0.0017443759134, 0.000785317679401, -0.00234444928356, 0.00283947098069, -0.002510715276, 0.00224835076369, -0.00101719913073, 0.000204708994715], [-0.000746021803934, 0.00220339139923, -0.00362895941362, 0.00130784406792, -0.0017443759134, 0.00756993889809, -0.00271186092868, -0.000257958396105, -0.00126761221327, 0.00358910579234, -0.00256647029892, 0.00208756164648, 0.00110254331958], [0.000652868126053, -0.00213055382483, 0.00297781801783, -0.00027126428904, 0.000785317679401, -0.00271186092868, 0.00736939627677, -0.00204965542071, 0.00156191084534, -0.00137040216941, 0.00158914504573, -0.00174809386954, 0.00196337490343], [-0.000517033215147, 0.0023123298306, -0.00210207886994, 0.00130349770188, -0.00234444928356, -0.000257958396105, -0.00204965542071, 0.0121264029294, -0.00380580313504, 0.000393445370719, -7.7480210166e-005, 0.000602121348493, -0.00110183120705], [0.000639421632513, -0.00312637188472, 0.00146658893209, -0.00198079063557, 0.00283947098069, -0.00126761221327, 0.00156191084534, -0.00380580313504, 0.0120827406645, -0.00481790443882, 0.00321101397276, -0.00058657041518, 0.000466473371489], [-0.0007326080231, 0.00392136489972, -0.00235117529519, 0.00349999265745, -0.002510715276, 0.00358910579234, -0.00137040216941, 0.000393445370719, -0.00481790443882, 0.0156625956297, -0.00671241851524, 0.00360034243204, 0.00114184536505], [0.000623592932243, -0.00343358726241, 0.00218172394671, -0.00115955621004, 0.00224835076369, -0.00256647029892, 0.00158914504573, -7.7480210166e-005, 0.00321101397276, -0.00671241851524, 0.0171532798558, -0.00459641823545, 0.00291744200513], [-0.000290021387627, 0.00248854514211, -0.00273376097903, 0.000505318690557, -0.00101719913073, 0.00208756164648, -0.00174809386954, 0.000602121348493, -0.00058657041518, 0.00360034243204, -0.00459641823545, 0.019387377426, -0.0042321048677], [0.000373133545509, -0.00209210114554, 0.0011693284614, -0.00167158804834, 0.000204708994715, 0.00110254331958, 0.00196337490343, -0.00110183120705, 0.000466473371489, 0.00114184536505, 0.00291744200513, -0.0042321048677, 0.0207977909595]]
    },
    "melbands": {
        "mean": [1.03487764136e-005, 0.00014280580217, 0.000217288179556, 0.000720071722753, 0.000442594377091, 0.000253454199992, 0.000419250980485, 0.000510146841407, 0.000374662544345, 0.000160907889949, 0.000134036163217, 0.000170732178958, 0.000141050011734, 7.7206583228e-005, 9.76981027634e-005, 0.000118297131849, 0.000131891545607, 4.94888190588e-005, 1.94858203031e-005, 1.29429226945e-005, 6.8598674261e-006, 7.70515453041e-006, 8.21527282824e-006, 3.90596733268e-006, 1.81254699783e-006, 2.44167267738e-006, 2.08150095204e-006, 1.19470655591e-006, 1.19762091799e-006, 1.11805400138e-006, 9.40957420426e-007, 1.36788344207e-006, 1.25119834138e-006, 8.98187181519e-007, 5.54312691747e-007, 6.04361446221e-007, 3.55131390961e-007, 1.75977305616e-007, 1.33879382247e-007, 8.86903563924e-008],
        "var": [5.28358357066e-010, 1.35958927672e-007, 3.89136154411e-008, 7.69954453972e-007, 3.12448264594e-007, 2.60731127355e-007, 1.01067689684e-006, 1.69269321759e-006, 1.60611023148e-006, 3.45171372373e-007, 1.28732267513e-007, 5.58177134735e-007, 6.21472452167e-007, 4.65130156613e-008, 1.03271830199e-007, 1.20046465213e-007, 1.63727946756e-007, 2.27292176191e-008, 2.12540363087e-009, 9.12914355222e-010, 3.57914031746e-010, 3.23460730423e-010, 4.70612326886e-010, 6.68667898829e-011, 1.1211939363e-011, 1.78958514674e-011, 2.22716792925e-011, 7.8166605133e-012, 5.85884986359e-012, 4.90946172604e-012, 2.06385256107e-012, 8.65610014222e-012, 5.57411712274e-012, 3.02035957009e-012, 1.16207195776e-012, 1.95780783079e-012, 5.53822992241e-013, 9.57366035948e-014, 5.64498094265e-014, 2.66738738844e-014]
    },
    "mfcc": {
        "mean": [-700.227233887, 144.804901123, -13.7910346985, 0.198907375336, -11.7183132172, 5.69079256058, -19.4233417511, -8.43992137909, -15.6347808838, -9.61331272125, -5.74678611755, -9.11771202087, -10.4539852142],
        "cov": [[5454.81494141, -1765.4954834, -401.729797363, -389.819488525, -560.834228516, -88.813583374, -119.153877258, -205.0625, -153.551651001, 103.278327942, 68.2373504639, 119.970367432, -186.88343811], [-1765.4954834, 1530.1829834, -166.514770508, -13.4774074554, 100.411102295, 17.46144104, 128.673812866, 53.1882286072, 61.8757019043, -30.0028476715, 59.0633811951, -20.0315437317, 55.6458129883], [-401.729797363, -166.514770508, 541.538574219, 9.859333992, 161.699996948, 40.7966041565, -42.898979187, 67.1412124634, 8.1830072403, 10.4311819077, -32.5973014832, -5.24632740021, 32.569934845], [-389.819488525, -13.4774074554, 9.859333992, 381.09942627, 111.605560303, 12.9984407425, -35.9643669128, 21.7267551422, 33.7821922302, -41.0229682922, -75.5343399048, -38.6470794678, 38.3996505737], [-560.834228516, 100.411102295, 161.699996948, 111.605560303, 292.035430908, 19.481294632, -22.936662674, 41.6567344666, 23.5631275177, -10.1150932312, -48.940612793, -18.7801074982, 27.2500019073], [-88.813583374, 17.46144104, 40.7966041565, 12.9984407425, 19.481294632, 126.051490784, 43.8827133179, 36.8655891418, 4.1818113327, 1.29651272297, 3.36246347427, -4.69711351395, 0.538222134113], [-119.153877258, 128.673812866, -42.898979187, -35.9643669128, -22.936662674, 43.8827133179, 176.960662842, 52.8593940735, -11.3125734329, 2.14029502869, 22.9144020081, 4.77459287643, -6.62467813492], [-205.0625, 53.1882286072, 67.1412124634, 21.7267551422, 41.6567344666, 36.8655891418, 52.8593940735, 153.486724854, 39.0684890747, 4.44695281982, -5.01938676834, -17.9143657684, 7.21924304962], [-153.551651001, 61.8757019043, 8.1830072403, 33.7821922302, 23.5631275177, 4.1818113327, -11.3125734329, 39.0684890747, 107.74294281, 33.6994819641, -6.33332824707, -5.00870800018, 6.56089687347], [103.278327942, -30.0028476715, 10.4311819077, -41.0229682922, -10.1150932312, 1.29651272297, 2.14029502869, 4.44695281982, 33.6994819641, 95.3308486938, 39.039150238, -0.904797494411, -11.1382713318], [68.2373504639, 59.0633811951, -32.5973014832, -75.5343399048, -48.940612793, 3.36246347427, 22.9144020081, -5.01938676834, -6.33332824707, 39.039150238, 97.8647994995, 36.6179962158, -4.76628446579], [119.970367432, -20.0315437317, -5.24632740021, -38.6470794678, -18.7801074982, -4.69711351395, 4.77459287643, -17.9143657684, -5.00870800018, -0.904797494411, 36.6179962158, 84.2891693115, 23.1293926239], [-186.88343811, 55.6458129883, 32.569934845, 38.3996505737, 27.2500019073, 0.538222134113, -6.62467813492, 7.21924304962, 6.56089687347, -11.1382713318, -4.76628446579, 23.1293926239, 75.5075912476]],
        "icov": [[0.000479962531244, 0.000501813716255, 0.000412193068769, 0.00028800603468, 0.000363647268387, -4.4864929805e-005, 0.000221987414989, -7.74639775045e-005, 0.000342797895428, -0.000435502006439, 0.000297087302897, -0.00060742610367, 0.000500598165672], [0.000501813716255, 0.0014914436033, 0.000826322822832, 0.000609579321463, -0.000321335712215, 5.31444347871e-005, -0.000460605078842, 0.000137849885505, -0.000646685250103, 0.000688623520546, -0.00110254460014, 0.000554938742425, -0.000543377071153], [0.000412193068769, 0.000826322822832, 0.00311865052208, 0.000909829046577, -0.00121261447202, -0.000769856676925, 0.000977902207524, -0.001208663336, 0.000741865718737, -0.000809231190942, 0.000567485461943, -0.000402310572099, -0.000777000444941], [0.00028800603468, 0.000609579321463, 0.000909829046577, 0.00404987391084, -0.00106072821654, -0.000533582060598, 0.000461383635411, -2.25636358664e-005, -0.00108042336069, 0.00112014834303, 0.0011455824133, 0.00130290910602, -0.00182687083725], [0.000363647268387, -0.000321335712215, -0.00121261447202, -0.00106072821654, 0.00565658556297, -0.000263058638666, 0.000780053436756, -0.000706602004357, 0.000728757120669, -0.00141067570075, 0.00246333377436, -0.00130557455122, 0.000579804880545], [-4.4864929805e-005, 5.31444347871e-005, -0.000769856676925, -0.000533582060598, -0.000263058638666, 0.00938575249165, -0.00233121635392, -0.000979818985797, -0.000228705568588, 0.000374746217858, -0.000977873569354, 0.000526314484887, 0.0002226116776], [0.000221987414989, -0.000460605078842, 0.000977902207524, 0.000461383635411, 0.000780053436756, -0.00233121635392, 0.0083929784596, -0.00346581800841, 0.00268524768762, -0.00123862014152, 0.000498858455103, -0.00171424762812, 0.00117580813821], [-7.74639775045e-005, 0.000137849885505, -0.001208663336, -2.25636358664e-005, -0.000706602004357, -0.000979818985797, -0.00346581800841, 0.00990586634725, -0.00434640655294, 0.00191212259233, -0.00163882528432, 0.00291976588778, -0.00108777079731], [0.000342797895428, -0.000646685250103, 0.000741865718737, -0.00108042336069, 0.000728757120669, -0.000228705568588, 0.00268524768762, -0.00434640655294, 0.0146362474188, -0.00783843267709, 0.00447476422414, -0.00340654095635, 0.000842177425511], [-0.000435502006439, 0.000688623520546, -0.000809231190942, 0.00112014834303, -0.00141067570075, 0.000374746217858, -0.00123862014152, 0.00191212259233, -0.00783843267709, 0.0182864367962, -0.00974700041115, 0.00553867872804, -0.000524330767803], [0.000297087302897, -0.00110254460014, 0.000567485461943, 0.0011455824133, 0.00246333377436, -0.000977873569354, 0.000498858455103, -0.00163882528432, 0.00447476422414, -0.00974700041115, 0.0206588003784, -0.00948460679501, 0.00242163450457], [-0.00060742610367, 0.000554938742425, -0.000402310572099, 0.00130290910602, -0.00130557455122, 0.000526314484887, -0.00171424762812, 0.00291976588778, -0.00340654095635, 0.00553867872804, -0.00948460679501, 0.0200598482043, -0.00799395516515], [0.000500598165672, -0.000543377071153, -0.000777000444941, -0.00182687083725, 0.000579804880545, 0.0002226116776, 0.00117580813821, -0.00108777079731, 0.000842177425511, -0.000524330767803, 0.00242163450457, -0.00799395516515, 0.0185947250575]]
    },
    "spectral_contrast_coeffs": {
        "mean": [-0.514801442623, -0.696176230907, -0.756496369839, -0.756775200367, -0.788962125778, -0.742741167545],
        "var": [0.0060477736406, 0.00809147581458, 0.00529277836904, 0.00443340139464, 0.00202046218328, 0.00239237234928]
    },
    "spectral_contrast_valleys": {
        "mean": [-8.70108699799, -7.01068305969, -7.56191110611, -8.01669788361, -8.54096698761, -11.2717342377],
        "var": [0.902192771435, 0.902611732483, 0.943812668324, 1.03327560425, 1.27314949036, 1.69871497154]
    }
},
"metadata": {
    "audio_properties": {
        "analysis_sample_rate": 44100,
        "bit_rate": 106262,
        "equal_loudness": 0,
        "length": 45.0612258911,
        "lossless": 0,
        "replay_gain": -11.4287528992,
        "sample_rate": 44100,
        "codec": "mp3",
        "downmix": "mix",
        "md5_encoded": "81d60d84bd2d6804a522eaffd7e164ea"
    },
    "tags": {
        "file_name": "312.mp3"
    },
    "version": {
        "essentia": "2.1-beta2",
        "essentia_git_sha": "v2.1_beta2",
        "extractor": "music 1.0"
    }
},
"rhythm": {
    "beats_count": 86,
    "beats_loudness": {
        "mean": 0.0251208245754,
        "var": 0.000431646825746
    },
    "bpm": 115.794006348,
    "bpm_histogram_first_peak_bpm": {
        "mean": 115,
        "var": 0
    },
    "bpm_histogram_first_peak_spread": {
        "mean": 0.48192769289,
        "var": 0
    },
    "bpm_histogram_first_peak_weight": {
        "mean": 0.505882382393,
        "var": 0
    },
    "bpm_histogram_second_peak_bpm": {
        "mean": 120,
        "var": 0
    },
    "bpm_histogram_second_peak_spread": {
        "mean": 0.5,
        "var": 0
    },
    "bpm_histogram_second_peak_weight": {
        "mean": 0.0117647061124,
        "var": 0
    },
    "danceability": 0.942566812038,
    "onset_rate": 3.61567044258,
    "beats_loudness_band_ratio": {
        "mean": [0.131464228034, 0.42828643322, 0.269391089678, 0.167382076383, 0.0756248682737, 0.0276858303696],
        "var": [0.0144078563899, 0.0637550652027, 0.0445403903723, 0.0282990131527, 0.00427753897384, 0.000844383146614]
    },
    "beats_position": [0.46439909935, 0.952018141747, 1.45124709606, 1.9620860815, 2.48453521729, 2.99537420273, 3.50621318817, 4.02866220474, 4.55111122131, 5.06195020676, 5.58439922333, 6.10684776306, 6.62929677963, 7.1517457962, 7.67419481277, 8.18503379822, 8.70748329163, 9.21832180023, 9.74077033997, 10.2632198334, 10.7856683731, 11.3081178665, 11.8305664063, 12.3414058685, 12.8638544083, 13.3746938705, 13.8855323792, 14.3963718414, 14.90721035, 15.4296598434, 15.9521083832, 16.4629478455, 16.9853973389, 17.5078449249, 18.0186843872, 18.5295238495, 19.0519733429, 19.574420929, 20.0852603912, 20.6077098846, 21.1301574707, 21.6526069641, 22.1634464264, 22.6858959198, 23.1967334747, 23.707572937, 24.2184123993, 24.7408618927, 25.2633094788, 25.774148941, 26.2849884033, 26.8074378967, 27.3298854828, 27.8407249451, 28.3747844696, 28.9088420868, 29.4429016113, 29.9653511047, 30.4878005981, 31.0218582153, 31.5326976776, 32.0435371399, 32.5543746948, 33.0768241882, 33.5992736816, 34.1101112366, 34.6209526062, 35.1317901611, 35.6426315308, 36.1534690857, 36.6643066406, 37.186756134, 37.7092056274, 38.2200431824, 38.7424926758, 39.2649421692, 39.7989997864, 40.309841156, 40.8206787109, 41.3315200806, 41.8539657593, 42.3764152527, 42.8988647461, 43.4213142395, 43.9437637329, 44.4662132263]
},
"tonal": {
    "chords_changes_rate": 0.0267489720136,
    "chords_number_rate": 0.00617283955216,
    "chords_strength": {
        "mean": 0.615867257118,
        "var": 0.00836362503469
    },
    "hpcp_entropy": {
        "mean": 1.81269848347,
        "var": 0.493890285492
    },
    "key_strength": 0.808590352535,
    "tuning_diatonic_strength": 0.693563938141,
    "tuning_equal_tempered_deviation": 0.0499814003706,
    "tuning_frequency": 441.782684326,
    "tuning_nontempered_energy_ratio": 0.673317432404,
    "hpcp": {
        "mean": [0.266357153654, 0.167398706079, 0.0680101960897, 0.0532607249916, 0.0796212181449, 0.265800029039, 0.407388627529, 0.234607726336, 0.0711989551783, 0.0546801015735, 0.0445447638631, 0.0380946621299, 0.0400240793824, 0.0592481717467, 0.19209203124, 0.338539451361, 0.221934303641, 0.0622310638428, 0.0468198284507, 0.0412148572505, 0.0589859597385, 0.104759894311, 0.0897119045258, 0.0469693131745, 0.0368167757988, 0.0329791754484, 0.0768361538649, 0.137467965484, 0.170909583569, 0.351750940084, 0.402047365904, 0.178355753422, 0.0613748058677, 0.0552024655044, 0.0810975059867, 0.193210035563],
        "var": [0.116838008165, 0.0557163208723, 0.023509375751, 0.0213621594012, 0.0282549280673, 0.0781419500709, 0.147752642632, 0.0598435588181, 0.0259705204517, 0.0217085033655, 0.0161357074976, 0.00871178042144, 0.0102307675406, 0.021664518863, 0.050135627389, 0.110503278673, 0.0559226796031, 0.014163848944, 0.0101751293987, 0.0135694667697, 0.0149885481223, 0.0404939725995, 0.0245039220899, 0.00826460402459, 0.00735874241218, 0.00651578465477, 0.0155477272347, 0.0428266003728, 0.0459346696734, 0.122773602605, 0.143993332982, 0.0445452742279, 0.0193480569869, 0.0193742960691, 0.0292043611407, 0.0736290737987]
    },
    "chords_histogram": [63.5802459717, 12.1399173737, 14.7119340897, 0, 0, 0, 0, 0, 0.411522626877, 0, 5.76131677628, 0, 0, 0, 0, 0, 0, 0, 0, 0, 0, 2.16049385071, 0, 1.23456788063],
    "thpcp": [1, 0.575881898403, 0.174769133329, 0.134220987558, 0.109342187643, 0.0935093909502, 0.0982454493642, 0.145434036851, 0.471520364285, 0.830998778343, 0.544772922993, 0.152756020427, 0.114926695824, 0.101168401539, 0.144790396094, 0.257149785757, 0.220212101936, 0.115293629467, 0.0903726145625, 0.0809526145458, 0.188606530428, 0.337436914444, 0.419524669647, 0.863428473473, 0.986889004707, 0.437802493572, 0.150654196739, 0.135503202677, 0.19906668365, 0.474264681339, 0.653815865517, 0.410906672478, 0.166941806674, 0.130736902356, 0.195442914963, 0.652448356152],
    "chords_key": "G",
    "chords_scale": "major",
    "key_key": "G",
    "key_scale": "major"
}
}