{
"lowlevel": {
    "average_loudness": 0.877076387405,
    "barkbands_crest": {
        "mean": 14.525888443,
        "var": 17.9865970612
    },
    "barkbands_flatness_db": {
        "mean": 0.273939967155,
        "var": 0.00746939936653
    },
    "barkbands_kurtosis": {
        "mean": 39.4273490906,
        "var": 1338.26745605
    },
    "barkbands_skewness": {
        "mean": 4.55940818787,
        "var": 4.00597238541
    },
    "barkbands_spread": {
        "mean": 7.63720655441,
        "var": 114.017494202
    },
    "dissonance": {
        "mean": 0.436428576708,
        "var": 0.00125311710872
    },
    "dynamic_complexity": 2.52836966515,
    "erbbands_crest": {
        "mean": 11.4900083542,
        "var": 20.7407608032
    },
    "erbbands_flatness_db": {
        "mean": 0.179755464196,
        "var": 0.00240571098402
    },
    "erbbands_kurtosis": {
        "mean": 3.31541752815,
        "var": 48.5368690491
    },
    "erbbands_skewness": {
        "mean": 1.33861410618,
        "var": 1.79062962532
    },
    "erbbands_spread": {
        "mean": 47.9847946167,
        "var": 813.628967285
    },
    "hfc": {
        "mean": 12.8671722412,
        "var": 216.098373413
    },
    "melbands_crest": {
        "mean": 23.017791748,
        "var": 33.2224807739
    },
    "melbands_flatness_db": {
        "mean": 0.362106263638,
        "var": 0.00995435006917
    },
    "melbands_kurtosis": {
        "mean": 91.4355316162,
        "var": 5682.73291016
    },
    "melbands_skewness": {
        "mean": 6.53178262711,
        "var": 7.11696577072
    },
    "melbands_spread": {
        "mean": 5.39411973953,
        "var": 104.153663635
    },
    "pitch_salience": {
        "mean": 0.388059407473,
        "var": 0.01941617392
    },
    "silence_rate_20dB": {
        "mean": 0.994850695133,
        "var": 0.00512287486345
    },
    "silence_rate_30dB": {
        "mean": 0.816683828831,
        "var": 0.149709522724
    },
    "silence_rate_60dB": {
        "mean": 0.00669412966818,
        "var": 0.00664932886139
    },
    "spectral_centroid": {
        "mean": 478.380645752,
        "var": 271881.75
    },
    "spectral_complexity": {
        "mean": 8.74047374725,
        "var": 27.44439888
    },
    "spectral_decrease": {
        "mean": -1.58961928065e-008,
        "var": 2.34552131652e-016
    },
    "spectral_energy": {
        "mean": 0.0611629225314,
        "var": 0.00342035270296
    },
    "spectral_energyband_high": {
        "mean": 0.000422109733336,
        "var": 1.9349881768e-006
    },
    "spectral_energyband_low": {
        "mean": 0.0484205819666,
        "var": 0.00293237995356
    },
    "spectral_energyband_middle_high": {
        "mean": 0.00103315163869,
        "var": 2.33042055697e-006
    },
    "spectral_energyband_middle_low": {
        "mean": 0.0153074366972,
        "var": 0.000355446565663
    },
    "spectral_entropy": {
        "mean": 6.48750495911,
        "var": 0.474368423223
    },
    "spectral_flux": {
        "mean": 0.0877369046211,
        "var": 0.0036785339471
    },
    "spectral_kurtosis": {
        "mean": 8.56779575348,
        "var": 73.294128418
    },
    "spectral_rms": {
        "mean": 0.00697437720373,
        "var": 1.10292703539e-005
    },
    "spectral_rolloff": {
        "mean": 390.534423828,
        "var": 1358831.5
    },
    "spectral_skewness": {
        "mean": 2.20715379715,
        "var": 0.789622843266
    },
    "spectral_spread": {
        "mean": 4335489.5,
        "var": 4.85981002138e+012
    },
    "spectral_strongpeak": {
        "mean": 0.799959480762,
        "var": 0.242289945483
    },
    "zerocrossingrate": {
        "mean": 0.0235327929258,
        "var": 0.000768778088968
    },
    "barkbands": {
        "mean": [5.85916568525e-005, 0.0139849483967, 0.0303811617196, 0.00725636677817, 0.00639837281778, 0.000988969579339, 0.000344940577634, 0.000174623331986, 8.50691722007e-005, 0.00011582836305, 0.00019130113651, 7.11653920007e-005, 6.88218060532e-005, 0.000123200632515, 0.000158670009114, 0.000133679219289, 7.70501646912e-005, 6.32041046629e-005, 4.48048194812e-005, 3.36423217959e-005, 8.41840592329e-005, 4.26025762863e-005, 8.93012838787e-005, 0.000137081151479, 4.16708135162e-005, 1.35668688017e-005, 1.95735182729e-007],
        "var": [8.86522002475e-008, 0.000568921677768, 0.00116985943168, 0.000228518736549, 5.29705757799e-005, 3.41032114193e-006, 3.00920476093e-007, 5.58405126583e-008, 4.35484217576e-008, 3.17881259093e-008, 1.5714228141e-007, 5.75755727539e-008, 1.6371089373e-008, 7.21765474054e-008, 1.32496595029e-007, 7.43053476526e-008, 3.00523090857e-008, 3.83129723502e-008, 1.96861833501e-008, 5.02047692308e-009, 2.4699579626e-007, 1.43450584744e-008, 1.85212641668e-007, 4.03078018962e-007, 4.53330777361e-008, 1.50834349455e-008, 2.57515059623e-012]
    },
    "erbbands": {
        "mean": [0.0763299539685, 4.68079996109, 34.095867157, 26.6740856171, 23.9463424683, 18.9284496307, 17.3303813934, 3.74546670914, 4.98577308655, 4.2705078125, 3.49866461754, 2.16994738579, 3.54705810547, 4.34269189835, 6.72571277618, 2.46906518936, 2.81732130051, 6.4148235321, 4.45163869858, 10.3713741302, 8.19040298462, 4.60997390747, 3.91778063774, 2.29996061325, 2.67891955376, 1.66735124588, 4.92395734787, 1.45948374271, 1.53793752193, 1.37622368336, 2.99127483368, 2.07954716682, 2.64721298218, 0.566278755665, 0.395410448313, 0.117291659117, 0.013162269257, 0.00122895580716, 6.32893788861e-005, 6.99864176568e-005],
        "var": [0.0141755174845, 54.7910079956, 1721.26037598, 932.198791504, 1222.5144043, 512.819824219, 851.911437988, 21.7566566467, 59.5571594238, 49.4821510315, 19.498380661, 27.8065223694, 32.9248924255, 42.8562049866, 152.9584198, 30.4142627716, 23.8796100616, 157.93170166, 87.6178283691, 605.505554199, 292.279022217, 100.964813232, 111.761787415, 29.4030170441, 91.2692565918, 16.1329879761, 1059.47363281, 18.6633243561, 17.9325485229, 17.3124160767, 224.28666687, 64.3968963623, 193.090896606, 9.7652721405, 5.45176935196, 1.10204911232, 0.00550578255206, 6.3678548031e-005, 4.00090947039e-008, 4.38375646894e-009]
    },
    "gfcc": {
        "mean": [-59.6038398743, 127.778923035, -78.95287323, 58.063747406, -39.4630317688, 21.1944026947, -43.0298080444, -3.50656747818, -22.461807251, -14.5561571121, -17.3038330078, -14.1569194794, -5.41737794876],
        "cov": [[5635.11083984, -1067.29345703, -266.402496338, 215.283889771, -551.535888672, 433.168151855, -397.36706543, 244.634918213, -255.95552063, 82.7313232422, -248.410140991, 176.877883911, -98.4618835449], [-1067.29345703, 1436.64025879, -60.2530899048, -184.140594482, 338.195648193, -363.451873779, 321.831695557, -249.565124512, 216.26473999, -118.132637024, 215.268997192, -184.438095093, 71.0000839233], [-266.402496338, -60.2530899048, 797.926147461, 108.07334137, 85.7081069946, 18.4685096741, 7.15107870102, 54.2157287598, 3.28810620308, 53.2430915833, 11.5837526321, -12.2555208206, 13.0929908752], [215.283889771, -184.140594482, 108.07334137, 247.513671875, 13.5914449692, 47.9982223511, -18.4528617859, 5.93605041504, 2.51684951782, 12.0428791046, 0.170943468809, 10.2439050674, 30.1959609985], [-551.535888672, 338.195648193, 85.7081069946, 13.5914449692, 344.759002686, -66.1912002563, 119.213218689, -47.2992172241, 53.4777603149, -2.02713418007, 55.5684013367, -40.3527526855, 12.9304132462], [433.168151855, -363.451873779, 18.4685096741, 47.9982223511, -66.1912002563, 212.748016357, -55.9555282593, 72.9632263184, -49.1607322693, 7.96008968353, -40.0234603882, 48.5491714478, -15.2006101608], [-397.36706543, 321.831695557, 7.15107870102, -18.4528617859, 119.213218689, -55.9555282593, 197.618942261, -56.7749099731, 60.0035743713, -19.1976470947, 50.0313491821, -44.401714325, 21.5523471832], [244.634918213, -249.565124512, 54.2157287598, 5.93605041504, -47.2992172241, 72.9632263184, -56.7749099731, 126.655128479, -27.0186786652, 27.2589530945, -42.8839797974, 31.7119083405, -14.6547060013], [-255.95552063, 216.26473999, 3.28810620308, 2.51684951782, 53.4777603149, -49.1607322693, 60.0035743713, -27.0186786652, 127.442359924, -19.5748844147, 36.2663497925, -28.5857200623, 6.32704257965], [82.7313232422, -118.132637024, 53.2430915833, 12.0428791046, -2.02713418007, 7.96008968353, -19.1976470947, 27.2589530945, -19.5748844147, 88.5509033203, -20.2221336365, 13.4836874008, -1.26929783821], [-248.410140991, 215.268997192, 11.5837526321, 0.170943468809, 55.5684013367, -40.0234603882, 50.0313491821, -42.8839797974, 36.2663497925, -20.2221336365, 121.925376892, -26.5440807343, 11.4928922653], [176.877883911, -184.438095093, -12.2555208206, 10.2439050674, -40.3527526855, 48.5491714478, -44.401714325, 31.7119083405, -28.5857200623, 13.4836874008, -26.5440807343, 118.323608398, -3.13991212845], [-98.4618835449, 71.0000839233, 13.0929908752, 30.1959609985, 12.9304132462, -15.2006101608, 21.5523471832, -14.6547060013, 6.32704257965, -1.26929783821, 11.4928922653, -3.13991212845, 84.0167770386]],
        "icov": [[0.000331775692757, -0.000583661545534, 0.000159607006935, -0.000670042878482, 0.000509319361299, -0.000761147239245, 0.000427540944656, -0.00048700539628, 0.000552263285499, -0.000487378361868, 0.000514547049534, -0.000235016210354, 0.000559158623219], [-0.000583661545534, 0.00568137597293, -0.000447104655905, 0.00400483934209, -0.0026115863584, 0.00486089847982, -0.00285784271546, 0.0035879209172, -0.00357773923315, 0.00364822521806, -0.00348638463765, 0.00226570595987, -0.00332840671763], [0.000159607006935, -0.000447104655905, 0.00156412331853, -0.00102399487514, -4.98436529597e-005, -0.00041048444109, 0.000231655416428, -0.00115346943494, 0.000401916971896, -0.00101375055965, 5.85797570238e-005, 9.66789666563e-005, 0.000311963405693], [-0.000670042878482, 0.00400483934209, -0.00102399487514, 0.007997517474, -0.00241367402487, 0.00215599639341, -0.00124221679289, 0.00354177458212, -0.00343424011953, 0.00222905119881, -0.00264100614004, 0.0015276708873, -0.00447573792189], [0.000509319361299, -0.0026115863584, -4.98436529597e-005, -0.00241367402487, 0.00540081597865, -0.00192064594012, -0.000539247237612, -0.00149705761578, 0.00148696789984, -0.00222501577809, 0.00105990702286, -0.000894532015081, 0.00205361447297], [-0.000761147239245, 0.00486089847982, -0.00041048444109, 0.00215599639341, -0.00192064594012, 0.0114611694589, -0.0029122447595, -8.56333135744e-005, -0.00154397566803, 0.00438210880384, -0.0028084453661, 0.000501982169226, -0.00202399422415], [0.000427540944656, -0.00285784271546, 0.000231655416428, -0.00124221679289, -0.000539247237612, -0.0029122447595, 0.00956193730235, -5.76260390517e-005, -0.000238115841057, -0.00166179251391, 0.00101597071625, 1.94116946659e-005, 0.000274234567769], [-0.00048700539628, 0.0035879209172, -0.00115346943494, 0.00354177458212, -0.00149705761578, -8.56333135744e-005, -5.76260390517e-005, 0.0146118141711, -0.00310052093118, 6.92376052029e-005, -0.000177791065653, 0.00064125075005, -0.00163476332091], [0.000552263285499, -0.00357773923315, 0.000401916971896, -0.00343424011953, 0.00148696789984, -0.00154397566803, -0.000238115841057, -0.00310052093118, 0.0126256002113, -0.000833332829643, 0.000914466392715, -0.000758246867917, 0.00273756822571], [-0.000487378361868, 0.00364822521806, -0.00101375055965, 0.00222905119881, -0.00222501577809, 0.00438210880384, -0.00166179251391, 6.92376052029e-005, -0.000833332829643, 0.0155499866232, -0.000997888855636, 0.000661006197333, -0.00226481305435], [0.000514547049534, -0.00348638463765, 5.85797570238e-005, -0.00264100614004, 0.00105990702286, -0.0028084453661, 0.00101597071625, -0.000177791065653, 0.000914466392715, -0.000997888855636, 0.0127533348277, -0.000786272867117, 0.00166855298448], [-0.000235016210354, 0.00226570595987, 9.66789666563e-005, 0.0015276708873, -0.000894532015081, 0.000501982169226, 1.94116946659e-005, 0.00064125075005, -0.000758246867917, 0.000661006197333, -0.000786272867117, 0.0110530592501, -0.00183113454841], [0.000559158623219, -0.00332840671763, 0.000311963405693, -0.00447573792189, 0.00205361447297, -0.00202399422415, 0.000274234567769, -0.00163476332091, 0.00273756822571, -0.00226481305435, 0.00166855298448, -0.00183113454841, 0.015355608426]]
    },
    "melbands": {
        "mean": [0.00208707433194, 0.0138857131824, 0.00482486607507, 0.00161079340614, 0.000609269307461, 0.000102015612356, 7.45750439819e-005, 4.45943587692e-005, 2.58644940914e-005, 1.26170407384e-005, 1.7549515178e-005, 1.65265373653e-005, 2.82302225969e-005, 9.69694610831e-006, 3.21623360833e-006, 8.39617587189e-006, 1.27631228679e-005, 6.95541211826e-006, 1.08528565761e-005, 1.17051704365e-005, 8.98358211998e-006, 4.45033128926e-006, 4.19535444962e-006, 3.25151859215e-006, 1.63286426869e-006, 1.69343809375e-006, 1.78622860858e-006, 7.78544006153e-007, 3.38310337611e-006, 1.48344929585e-006, 7.19384217973e-007, 9.30335716021e-007, 7.08104892055e-007, 7.79834238074e-007, 1.82067776677e-006, 1.51496749368e-006, 1.12548866582e-006, 1.80927031579e-006, 1.35998652695e-006, 2.34678424249e-007],
        "var": [1.25221140479e-005, 0.00030338083161, 2.9799184631e-005, 4.14955547967e-006, 7.13829479082e-007, 2.17727293972e-008, 1.3347220218e-008, 4.52223147818e-009, 1.12559361831e-009, 8.61604620983e-010, 7.99493138359e-010, 6.28203045139e-010, 3.14197046158e-009, 1.03439501409e-009, 2.23949764983e-011, 2.83920109645e-010, 6.43284314705e-010, 3.12554260251e-010, 6.32218333241e-010, 5.92119797638e-010, 4.14047962582e-010, 1.15081805196e-010, 1.05034696218e-010, 1.22394774871e-010, 1.39687940034e-011, 3.03947873814e-011, 3.16723036686e-011, 2.96771830201e-012, 4.88835139034e-010, 6.39550426507e-011, 4.72659498346e-012, 8.28857208562e-012, 4.72747795771e-012, 6.64916992993e-012, 8.88864815085e-011, 5.50530489252e-011, 2.23382892045e-011, 6.50609705e-011, 9.65973551148e-011, 1.84751693111e-012]
    },
    "mfcc": {
        "mean": [-711.041687012, 148.008209229, 31.0575942993, 43.2311134338, 30.4941940308, 21.2407913208, 1.36343157291, 7.43626356125, 0.0666222795844, 3.02012133598, -12.7473459244, -3.47406744957, -7.35759544373],
        "cov": [[3975.30029297, -1295.61743164, 28.2539310455, -362.529663086, -113.987472534, -52.3495368958, -121.653778076, 99.5664901733, -32.3199081421, 41.6258201599, -160.976303101, -24.8204441071, -45.9928321838], [-1295.61743164, 1461.6282959, -194.788330078, 219.467086792, -17.7090320587, 13.5162715912, 68.7470016479, -68.5004119873, -5.28023529053, -3.35218286514, 127.934501648, -0.585596621037, 47.6217460632], [28.2539310455, -194.788330078, 603.835632324, 53.3492584229, 76.4678421021, 6.32687044144, 27.0955543518, 11.0373563766, 26.373090744, 16.2850761414, 5.55742120743, 11.4935770035, -2.38252067566], [-362.529663086, 219.467086792, 53.3492584229, 268.042999268, 59.2454795837, 53.2063407898, 34.8802261353, -25.0671901703, 28.7043991089, -6.92464828491, 38.1281471252, 14.1509971619, 17.9996643066], [-113.987472534, -17.7090320587, 76.4678421021, 59.2454795837, 199.665313721, 32.1798477173, 40.8288993835, 12.3085565567, 12.1174249649, 7.21778821945, 16.6131839752, 18.1580524445, 5.66207313538], [-52.3495368958, 13.5162715912, 6.32687044144, 53.2063407898, 32.1798477173, 133.4140625, 36.0222625732, 22.8010501862, 17.8565692902, -10.2535581589, 20.4764499664, 6.33143472672, 9.08908748627], [-121.653778076, 68.7470016479, 27.0955543518, 34.8802261353, 40.8288993835, 36.0222625732, 150.362792969, -5.03485155106, 7.17176198959, 7.56496906281, 1.80386865139, 13.8191299438, 8.57411384583], [99.5664901733, -68.5004119873, 11.0373563766, -25.0671901703, 12.3085565567, 22.8010501862, -5.03485155106, 120.72013092, -4.9427857399, 1.22206377983, 16.9407863617, -17.6356067657, 11.7503089905], [-32.3199081421, -5.28023529053, 26.373090744, 28.7043991089, 12.1174249649, 17.8565692902, 7.17176198959, -4.9427857399, 133.377883911, -20.8676319122, 2.7973344326, 11.5112409592, 9.55213260651], [41.6258201599, -3.35218286514, 16.2850761414, -6.92464828491, 7.21778821945, -10.2535581589, 7.56496906281, 1.22206377983, -20.8676319122, 135.349563599, -17.2793006897, -4.84692192078, -1.53967249393], [-160.976303101, 127.934501648, 5.55742120743, 38.1281471252, 16.6131839752, 20.4764499664, 1.80386865139, 16.9407863617, 2.7973344326, -17.2793006897, 129.719161987, -16.8604469299, -1.20086944103], [-24.8204441071, -0.585596621037, 11.4935770035, 14.1509971619, 18.1580524445, 6.33143472672, 13.8191299438, -17.6356067657, 11.5112409592, -4.84692192078, -16.8604469299, 105.561973572, 0.593612313271], [-45.9928321838, 47.6217460632, -2.38252067566, 17.9996643066, 5.66207313538, 9.08908748627, 8.57411384583, 11.7503089905, 9.55213260651, -1.53967249393, -1.20086944103, 0.593612313271, 84.8341064453]],
        "icov": [[0.00038120674435, 0.000297309423331, 4.08637715736e-005, 0.000190229562577, 0.00015960613382, -2.37539352383e-005, 8.07810210972e-005, -0.000129994979943, 1.51736021508e-005, -0.000101912381069, 0.000109276457806, 1.41274640555e-005, 1.85293828281e-007], [0.000297309423331, 0.00121649901848, 0.000394200644223, -0.00060542486608, 0.000398790609324, 0.000287978997221, -0.000368694163626, 0.000343318504747, 0.000151411790284, -0.000212549857679, -0.000845142523758, -2.38981247094e-005, -0.000482632196508], [4.08637715736e-005, 0.000394200644223, 0.00192065536976, -0.000528623699211, -0.000454341759905, 0.000367611413822, -0.000303541397443, -0.000113246314868, -0.000267823197646, -0.000271215743851, -0.000286136084469, -7.8636156104e-005, 2.60069482465e-005], [0.000190229562577, -0.00060542486608, -0.000528623699211, 0.00546364206821, -0.00106006057467, -0.00178934051655, 9.89356412902e-005, 0.00121122575365, -0.000606490648352, 3.62091464012e-006, -0.000504805939272, -0.000165471385117, -0.00058404187439], [0.00015960613382, 0.000398790609324, -0.000454341759905, -0.00106006057467, 0.00613836804405, -0.00045407077414, -0.00118887843564, -0.000702056917362, -6.29567948636e-005, -0.000451786268968, -0.00064370315522, -0.000875265686773, -7.2914212069e-005], [-2.37539352383e-005, 0.000287978997221, 0.000367611413822, -0.00178934051655, -0.00045407077414, 0.00943509303033, -0.0019345638575, -0.00198352243751, -0.000725166988559, 0.000496819382533, -0.000922580482438, -0.000414322363213, -0.000214354295167], [8.07810210972e-005, -0.000368694163626, -0.000303541397443, 9.89356412902e-005, -0.00118887843564, -0.0019345638575, 0.00780047196895, 0.000462534022518, -8.31799934531e-006, -0.000461687974166, 0.000606028246693, -0.000508202647325, -0.000339897116646], [-0.000129994979943, 0.000343318504747, -0.000113246314868, 0.00121122575365, -0.000702056917362, -0.00198352243751, 0.000462534022518, 0.00993146002293, 0.000426431943197, -0.000218369343202, -0.00163035769947, 0.00135269900784, -0.00177086971235], [1.51736021508e-005, 0.000151411790284, -0.000267823197646, -0.000606490648352, -6.29567948636e-005, -0.000725166988559, -8.31799934531e-006, 0.000426431943197, 0.00810046494007, 0.00116721040104, 2.4060229407e-005, -0.000579770246986, -0.000818449596409], [-0.000101912381069, -0.000212549857679, -0.000271215743851, 3.62091464012e-006, -0.000451786268968, 0.000496819382533, -0.000461687974166, -0.000218369343202, 0.00116721040104, 0.00788936484605, 0.00120027782395, 0.00050168990856, 0.000134751768201], [0.000109276457806, -0.000845142523758, -0.000286136084469, -0.000504805939272, -0.00064370315522, -0.000922580482438, 0.000606028246693, -0.00163035769947, 2.4060229407e-005, 0.00120027782395, 0.0096382452175, 0.00152000261005, 0.00108398695011], [1.41274640555e-005, -2.38981247094e-005, -7.8636156104e-005, -0.000165471385117, -0.000875265686773, -0.000414322363213, -0.000508202647325, 0.00135269900784, -0.000579770246986, 0.00050168990856, 0.00152000261005, 0.0103037478402, 4.45890254923e-005], [1.85293828281e-007, -0.000482632196508, 2.60069482465e-005, -0.00058404187439, -7.2914212069e-005, -0.000214354295167, -0.000339897116646, -0.00177086971235, -0.000818449596409, 0.000134751768201, 0.00108398695011, 4.45890254923e-005, 0.0126004889607]]
    },
    "spectral_contrast_coeffs": {
        "mean": [-0.529808223248, -0.697553157806, -0.736404299736, -0.752824902534, -0.760522305965, -0.739804565907],
        "var": [0.00582471163943, 0.00492489943281, 0.00437462795526, 0.00308111053891, 0.00214448897168, 0.00202926504426]
    },
    "spectral_contrast_valleys": {
        "mean": [-7.03917598724, -7.78826665878, -8.74010181427, -8.84946250916, -8.97216892242, -11.6280612946],
        "var": [1.0709477663, 0.885903418064, 0.843801856041, 0.75332659483, 0.891877293587, 1.36869716644]
    }
},
"metadata": {
    "audio_properties": {
        "analysis_sample_rate": 44100,
        "bit_rate": 107308,
        "equal_loudness": 0,
        "length": 45.0612258911,
        "lossless": 0,
        "replay_gain": -9.56875038147,
        "sample_rate": 44100,
        "codec": "mp3",
        "downmix": "mix",
        "md5_encoded": "545ba07f898f14fe3b1481eeaca308f8"
    },
    "tags": {
        "file_name": "313.mp3"
    },
    "version": {
        "essentia": "2.1-beta2",
        "essentia_git_sha": "v2.1_beta2",
        "extractor": "music 1.0"
    }
},
"rhythm": {
    "beats_count": 73,
    "beats_loudness": {
        "mean": 0.0824550613761,
        "var": 0.00286767468788
    },
    "bpm": 98.8151168823,
    "bpm_histogram_first_peak_bpm": {
        "mean": 99,
        "var": 0
    },
    "bpm_histogram_first_peak_spread": {
        "mean": 0.384615391493,
        "var": 0
    },
    "bpm_histogram_first_peak_weight": {
        "mean": 0.555555582047,
        "var": 0
    },
    "bpm_histogram_second_peak_bpm": {
        "mean": 94,
        "var": 0
    },
    "bpm_histogram_second_peak_spread": {
        "mean": 0.40000000596,
        "var": 0
    },
    "bpm_histogram_second_peak_weight": {
        "mean": 0.0416666679084,
        "var": 0
    },
    "danceability": 1.29647040367,
    "onset_rate": 4.41422367096,
    "beats_loudness_band_ratio": {
        "mean": [0.851199269295, 0.124841339886, 0.0131120914593, 0.0118909329176, 0.0167225170881, 0.011621279642],
        "var": [0.0172681100667, 0.0125186871737, 0.00014799676137, 0.000355538330041, 0.00146849453449, 0.000286248279735]
    },
    "beats_position": [0.626938760281, 1.25387752056, 1.88081634045, 2.50775504112, 3.12308382988, 3.72680258751, 4.34213161469, 4.96907043457, 5.58439922333, 6.19972801208, 6.80344676971, 7.40716552734, 7.98766422272, 8.56816291809, 9.16027164459, 9.75238037109, 10.3444900513, 10.9365987778, 11.5519275665, 12.144036293, 12.7477550507, 13.3514738083, 13.966802597, 14.6053514481, 15.2555103302, 15.8940582275, 16.5442180634, 17.1827659607, 17.8097057343, 18.4366436005, 19.0635814667, 19.667301178, 20.2710208893, 20.8747386932, 21.4784584045, 22.0821762085, 22.6858959198, 23.2896137238, 23.8933334351, 24.4854412079, 25.0775508881, 25.6928787231, 26.2965984344, 26.9119262695, 27.527256012, 28.1541938782, 28.7695236206, 29.3848514557, 30.0117912292, 30.6271190643, 31.2308387756, 31.8345565796, 32.4382743835, 33.0419960022, 33.6457138062, 34.2610435486, 34.8763694763, 35.4916992188, 36.118637085, 36.7455787659, 37.3609046936, 37.9646263123, 38.5567321777, 39.1720619202, 39.7757797241, 40.3795013428, 40.9599990845, 41.5521087646, 42.1209983826, 42.7247161865, 43.3052139282, 43.8973236084, 44.4662132263]
},
"tonal": {
    "chords_changes_rate": 0.0288065839559,
    "chords_number_rate": 0.00720164598897,
    "chords_strength": {
        "mean": 0.517722845078,
        "var": 0.00686771376058
    },
    "hpcp_entropy": {
        "mean": 1.89252579212,
        "var": 0.447484135628
    },
    "key_strength": 0.565035820007,
    "tuning_diatonic_strength": 0.519579052925,
    "tuning_equal_tempered_deviation": 0.10975369066,
    "tuning_frequency": 435.700531006,
    "tuning_nontempered_energy_ratio": 0.718945860863,
    "hpcp": {
        "mean": [0.322382390499, 0.176367938519, 0.035000488162, 0.0186468306929, 0.0225142929703, 0.047167353332, 0.0807248800993, 0.0646083280444, 0.073344476521, 0.115510523319, 0.0675739049911, 0.0148301450536, 0.0234493277967, 0.031112337485, 0.0632215812802, 0.120831169188, 0.0907200425863, 0.0260029640049, 0.0149705968797, 0.0215245075524, 0.0814542174339, 0.134893253446, 0.0911338627338, 0.0398863777518, 0.0341501273215, 0.0332834608853, 0.0338666886091, 0.0404564812779, 0.0725913196802, 0.160662978888, 0.245334625244, 0.19883300364, 0.101361617446, 0.0762689784169, 0.0956544801593, 0.228562504053],
        "var": [0.179690241814, 0.0752253979445, 0.0157629977912, 0.00988049898297, 0.0128301270306, 0.0214770659804, 0.0421997644007, 0.0270027592778, 0.031551450491, 0.0887784212828, 0.0339124985039, 0.0027034166269, 0.00496256677434, 0.00804172456264, 0.023166840896, 0.0689152926207, 0.0402058176696, 0.00946621224284, 0.00623174663633, 0.00815800670534, 0.0403533093631, 0.0924495831132, 0.0509824827313, 0.0158435832709, 0.0143613442779, 0.0163799710572, 0.0175746995956, 0.0178897771984, 0.0347673781216, 0.0730791240931, 0.119290485978, 0.0977152511477, 0.0519858673215, 0.0402048639953, 0.0522255823016, 0.105230972171]
    },
    "chords_histogram": [36.9341545105, 0, 2.36625504494, 30.8641967773, 7.71604919434, 0, 3.39506173134, 0, 0, 0, 0, 0, 0, 0, 0, 0.205761313438, 0, 0, 0, 0, 0, 0, 8.02469158173, 10.4938268661],
    "thpcp": [1, 0.547076821327, 0.108568236232, 0.0578407235444, 0.0698372274637, 0.146308720112, 0.25040102005, 0.20040898025, 0.227507695556, 0.35830283165, 0.209607928991, 0.0460017211735, 0.0727376192808, 0.0965075567365, 0.196107432246, 0.374806970358, 0.281405091286, 0.0806587636471, 0.0464373901486, 0.0667670071125, 0.252663344145, 0.418426245451, 0.282688707113, 0.123723812401, 0.105930499732, 0.103242181242, 0.10505130142, 0.125492215157, 0.225171476603, 0.49836152792, 0.761005043983, 0.616761386395, 0.314414262772, 0.236579239368, 0.296711236238, 0.708979487419],
    "chords_key": "G",
    "chords_scale": "major",
    "key_key": "G",
    "key_scale": "major"
}
}