{
"lowlevel": {
    "average_loudness": 0.967800855637,
    "barkbands_crest": {
        "mean": 9.36812019348,
        "var": 10.6119794846
    },
    "barkbands_flatness_db": {
        "mean": 0.143286526203,
        "var": 0.00152594910469
    },
    "barkbands_kurtosis": {
        "mean": 5.74862766266,
        "var": 30.3620052338
    },
    "barkbands_skewness": {
        "mean": 1.97778940201,
        "var": 1.00457322598
    },
    "barkbands_spread": {
        "mean": 21.5948677063,
        "var": 245.961502075
    },
    "dissonance": {
        "mean": 0.452145785093,
        "var": 0.00135788612533
    },
    "dynamic_complexity": 1.85585522652,
    "erbbands_crest": {
        "mean": 7.75819635391,
        "var": 13.8708791733
    },
    "erbbands_flatness_db": {
        "mean": 0.134215846658,
        "var": 0.00243978807703
    },
    "erbbands_kurtosis": {
        "mean": 0.602230608463,
        "var": 5.34263801575
    },
    "erbbands_skewness": {
        "mean": 0.685899913311,
        "var": 0.322538584471
    },
    "erbbands_spread": {
        "mean": 52.8631286621,
        "var": 799.329345703
    },
    "hfc": {
        "mean": 23.3184223175,
        "var": 293.018188477
    },
    "melbands_crest": {
        "mean": 13.1859493256,
        "var": 15.7542333603
    },
    "melbands_flatness_db": {
        "mean": 0.202638730407,
        "var": 0.00276957568713
    },
    "melbands_kurtosis": {
        "mean": 19.7582073212,
        "var": 252.838180542
    },
    "melbands_skewness": {
        "mean": 3.27328467369,
        "var": 2.7036216259
    },
    "melbands_spread": {
        "mean": 16.7077026367,
        "var": 143.099731445
    },
    "pitch_salience": {
        "mean": 0.62196880579,
        "var": 0.00739499088377
    },
    "silence_rate_20dB": {
        "mean": 1,
        "var": 0
    },
    "silence_rate_30dB": {
        "mean": 1,
        "var": 0
    },
    "silence_rate_60dB": {
        "mean": 0.00205973233096,
        "var": 0.00205553858541
    },
    "spectral_centroid": {
        "mean": 923.168212891,
        "var": 275129.21875
    },
    "spectral_complexity": {
        "mean": 17.3491249084,
        "var": 57.8519935608
    },
    "spectral_decrease": {
        "mean": -8.04177435754e-009,
        "var": 2.12558103922e-017
    },
    "spectral_energy": {
        "mean": 0.0324665978551,
        "var": 0.000333057076205
    },
    "spectral_energyband_high": {
        "mean": 0.00127091107424,
        "var": 2.6549184895e-006
    },
    "spectral_energyband_low": {
        "mean": 0.00975223816931,
        "var": 0.000106432184111
    },
    "spectral_energyband_middle_high": {
        "mean": 0.00441181706265,
        "var": 3.98730408051e-005
    },
    "spectral_energyband_middle_low": {
        "mean": 0.0197291653603,
        "var": 0.000177601221367
    },
    "spectral_entropy": {
        "mean": 7.56372499466,
        "var": 0.237298607826
    },
    "spectral_flux": {
        "mean": 0.0900841504335,
        "var": 0.00176068069413
    },
    "spectral_kurtosis": {
        "mean": 3.64253258705,
        "var": 12.8493270874
    },
    "spectral_rms": {
        "mean": 0.00543037615716,
        "var": 2.18573200073e-006
    },
    "spectral_rolloff": {
        "mean": 1262.68884277,
        "var": 3218067.5
    },
    "spectral_skewness": {
        "mean": 1.60533964634,
        "var": 0.32652553916
    },
    "spectral_spread": {
        "mean": 6318246.5,
        "var": 6.7362137047e+012
    },
    "spectral_strongpeak": {
        "mean": 0.94157242775,
        "var": 1.15928530693
    },
    "zerocrossingrate": {
        "mean": 0.0671250969172,
        "var": 0.00182690029033
    },
    "barkbands": {
        "mean": [1.42503886309e-005, 0.00411536358297, 0.00301768048666, 0.00389023032039, 0.00719358352944, 0.00250085350126, 0.00263524660841, 0.000786682474427, 0.00246924581006, 0.001183328568, 0.000745064928196, 0.000668877910357, 0.00034767438774, 0.0005014729104, 0.000373902235879, 0.000200883441721, 0.000242285590502, 0.000131744614919, 0.000108421299956, 0.000166535581229, 0.00016561835946, 0.000176514760824, 0.000220314337639, 0.00030939388671, 0.00022363543394, 7.75876469561e-005, 2.26883202004e-007],
        "var": [4.70309124978e-010, 4.23355631938e-005, 1.59669089044e-005, 1.69578433997e-005, 5.99907070864e-005, 8.19308479549e-006, 1.22275723697e-005, 1.29887234834e-006, 2.52947720583e-005, 9.07931644178e-006, 8.72776308825e-006, 8.52411687902e-007, 5.46447722627e-007, 1.59566559432e-006, 6.39119491552e-007, 1.73334854026e-007, 1.31522156721e-007, 3.46051436395e-008, 3.38857653048e-008, 6.34271373201e-008, 5.31678345794e-008, 7.1834485027e-008, 1.07663900906e-007, 2.67159578016e-007, 1.40694226047e-007, 1.9207913482e-008, 4.04407003761e-013]
    },
    "erbbands": {
        "mean": [0.082249365747, 1.0804079771, 3.17333960533, 10.3121623993, 17.1094913483, 26.6887817383, 19.6492862701, 19.376033783, 38.8037376404, 25.4782047272, 24.1987342834, 55.5800857544, 37.6199073792, 43.7211647034, 31.4287548065, 25.4378490448, 17.9435596466, 26.8789634705, 20.2923755646, 14.7134590149, 12.9781093597, 11.7329616547, 8.10475254059, 5.07847261429, 6.68772792816, 8.2923746109, 6.85599756241, 6.1978430748, 6.26921415329, 6.25245857239, 6.19016504288, 6.83532953262, 4.78847455978, 3.03998184204, 1.26404416561, 0.527870118618, 0.0985491424799, 0.00631781714037, 0.000169471109984, 4.97826404171e-005],
        "var": [0.0165953617543, 2.85641098022, 19.1028842926, 94.4463882446, 505.653045654, 782.19909668, 351.522186279, 712.29284668, 2471.10083008, 2841.45092773, 1077.87719727, 14780.9189453, 7215.88378906, 14359.3027344, 8183.40234375, 1031.62780762, 1213.79638672, 4659.42578125, 1432.87915039, 1220.4276123, 474.899505615, 364.538146973, 133.186813354, 74.948059082, 94.7141876221, 201.787399292, 91.7255783081, 77.7252578735, 96.0153656006, 84.7420806885, 81.3426742554, 150.467468262, 59.8622360229, 29.4021587372, 4.0950512886, 0.760502636433, 0.0383480526507, 0.000111702662252, 6.08345374076e-008, 8.88203233185e-010]
    },
    "gfcc": {
        "mean": [25.4577713013, 91.2708740234, -93.461227417, 29.8115768433, -74.5619506836, 22.8440494537, -47.9026184082, 7.3702955246, -31.4416618347, 0.593968510628, -20.6821060181, -1.98881399632, -11.3154087067],
        "cov": [[4279.66992188, -650.530395508, -218.039505005, 216.000411987, -314.051422119, 106.86164856, -356.450744629, 89.6798706055, -159.005584717, 69.1841812134, -157.212982178, 45.0999526978, -88.082069397], [-650.530395508, 1145.18725586, -336.186279297, -235.258071899, 151.106262207, -111.279556274, 309.675720215, -82.7953948975, 111.706047058, -43.858581543, 84.6317367554, -125.29788208, 95.7233810425], [-218.039505005, -336.186279297, 679.393066406, 198.508117676, 34.9870872498, 127.609352112, -97.6638793945, 98.8967132568, -21.0342769623, 34.6003189087, 32.0451507568, 124.456092834, -35.9881401062], [216.000411987, -235.258071899, 198.508117676, 309.516235352, 22.3473796844, -16.5734863281, -111.027458191, 27.6363983154, -4.00761413574, 11.8474617004, -0.625267207623, 54.3633995056, 11.3432569504], [-314.051422119, 151.106262207, 34.9870872498, 22.3473796844, 156.319976807, 14.2006254196, 48.631526947, 9.36046028137, 31.92029953, 2.31726622581, 13.273440361, -3.95549321175, 25.9307346344], [106.86164856, -111.279556274, 127.609352112, -16.5734863281, 14.2006254196, 159.95501709, 32.2115516663, 49.1394767761, -14.0746383667, 14.9019384384, 14.1832885742, 20.6005744934, -19.212469101], [-356.450744629, 309.675720215, -97.6638793945, -111.027458191, 48.631526947, 32.2115516663, 250.032867432, 20.8226642609, 17.5406246185, -1.8472827673, 45.9615516663, -36.1599502563, 30.1873016357], [89.6798706055, -82.7953948975, 98.8967132568, 27.6363983154, 9.36046028137, 49.1394767761, 20.8226642609, 119.46736908, 30.4463691711, 20.3844165802, 4.25400543213, 21.4910850525, -0.419839024544], [-159.005584717, 111.706047058, -21.0342769623, -4.00761413574, 31.92029953, -14.0746383667, 17.5406246185, 30.4463691711, 100.336784363, 20.1471176147, 7.41895532608, -14.1966571808, 13.2151699066], [69.1841812134, -43.858581543, 34.6003189087, 11.8474617004, 2.31726622581, 14.9019384384, -1.8472827673, 20.3844165802, 20.1471176147, 66.0846099854, 18.9443588257, 1.63880908489, -5.06536722183], [-157.212982178, 84.6317367554, 32.0451507568, -0.625267207623, 13.273440361, 14.1832885742, 45.9615516663, 4.25400543213, 7.41895532608, 18.9443588257, 71.2424163818, 14.316860199, 6.76227760315], [45.0999526978, -125.29788208, 124.456092834, 54.3633995056, -3.95549321175, 20.6005744934, -36.1599502563, 21.4910850525, -14.1966571808, 1.63880908489, 14.316860199, 87.712059021, -1.73112332821], [-88.082069397, 95.7233810425, -35.9881401062, 11.3432569504, 25.9307346344, -19.212469101, 30.1873016357, -0.419839024544, 13.2151699066, -5.06536722183, 6.76227760315, -1.73112332821, 60.471282959]],
        "icov": [[0.00065603031544, -0.000843462301418, 0.000976743060164, -0.00108883169014, 0.00129014020786, -0.00150643952657, 0.0012637374457, -0.00136081688106, 0.00171388534363, -0.00176165555604, 0.00174416869413, -0.000948234228417, 0.000659817364067], [-0.000843462301418, 0.00427453033626, -0.00147924188059, 0.0028160517104, -0.00338572612964, 0.00385023350827, -0.00378953944892, 0.00349823245779, -0.00480855116621, 0.00476324837655, -0.00533834472299, 0.0033684859518, -0.00266918702982], [0.000976743060164, -0.00147924188059, 0.0045133898966, -0.00294612441212, 0.00121965468861, -0.00400427915156, 0.00278382957913, -0.00339836091734, 0.00321638444439, -0.00307770771906, 0.00186086294707, -0.00389371439815, 0.00251421961002], [-0.00108883169014, 0.0028160517104, -0.00294612441212, 0.00767117924988, -0.00389619497582, 0.00484680105001, -0.000926019623876, 0.00192607648205, -0.00325165921822, 0.00360075803474, -0.00474664429203, 0.0019438653253, -0.00395102845505], [0.00129014020786, -0.00338572612964, 0.00121965468861, -0.00389619497582, 0.0117473844439, -0.00500074401498, 0.00185490609147, -0.00217030826025, 0.00197336473502, -0.00423035770655, 0.00544142397121, -0.0023112364579, -0.000332138093654], [-0.00150643952657, 0.00385023350827, -0.00400427915156, 0.00484680105001, -0.00500074401498, 0.0141986561939, -0.00540747540072, 0.00114254758228, -0.00305261067115, 0.00436424277723, -0.00599017878994, 0.00327669992112, -0.000422098935815], [0.0012637374457, -0.00378953944892, 0.00278382957913, -0.000926019623876, 0.00185490609147, -0.00540747540072, 0.0114517826587, -0.00635112961754, 0.00596355320886, -0.00359352468513, 0.000277974759229, -0.000826569448691, -0.000263403897407], [-0.00136081688106, 0.00349823245779, -0.00339836091734, 0.00192607648205, -0.00217030826025, 0.00114254758228, -0.00635112961754, 0.0169048681855, -0.00982970092446, 0.00295809097588, -0.00202404637821, 0.000829980708659, -0.00267591979355], [0.00171388534363, -0.00480855116621, 0.00321638444439, -0.00325165921822, 0.00197336473502, -0.00305261067115, 0.00596355320886, -0.00982970092446, 0.0205295532942, -0.00999459903687, 0.00575920939445, -0.00202187639661, 0.0017454008339], [-0.00176165555604, 0.00476324837655, -0.00307770771906, 0.00360075803474, -0.00423035770655, 0.00436424277723, -0.00359352468513, 0.00295809097588, -0.00999459903687, 0.0257485006005, -0.013010872528, 0.00641643349081, -0.00161842408124], [0.00174416869413, -0.00533834472299, 0.00186086294707, -0.00474664429203, 0.00544142397121, -0.00599017878994, 0.000277974759229, -0.00202404637821, 0.00575920939445, -0.013010872528, 0.0279227998108, -0.00928434822708, 0.00286269094795], [-0.000948234228417, 0.0033684859518, -0.00389371439815, 0.0019438653253, -0.0023112364579, 0.00327669992112, -0.000826569448691, 0.000829980708659, -0.00202187639661, 0.00641643349081, -0.00928434822708, 0.0205852556974, -0.00433787237853], [0.000659817364067, -0.00266918702982, 0.00251421961002, -0.00395102845505, -0.000332138093654, -0.000422098935815, -0.000263403897407, -0.00267591979355, 0.0017454008339, -0.00161842408124, 0.00286269094795, -0.00433787237853, 0.0231204107404]]
    },
    "melbands": {
        "mean": [0.000999645679258, 0.00160221650731, 0.00177658442408, 0.00181950407568, 0.000706016551703, 0.000443332944997, 0.000591354037169, 0.000238029198954, 0.00023723639606, 0.000346254935721, 0.000181050083484, 0.00017851148732, 0.000112765781523, 8.07578326203e-005, 4.84561642224e-005, 3.72505855921e-005, 4.96476350236e-005, 3.04400655295e-005, 2.48633805313e-005, 1.52363973029e-005, 1.59396549861e-005, 1.37958913911e-005, 8.03486909717e-006, 6.41090491627e-006, 3.72292038264e-006, 4.32156548413e-006, 5.17491616847e-006, 5.67504775972e-006, 4.13790849052e-006, 4.22005587097e-006, 3.31431169798e-006, 3.45607372765e-006, 3.53411087417e-006, 3.46025126419e-006, 3.2491834645e-006, 4.40519306721e-006, 4.11305927628e-006, 3.46451247424e-006, 3.07576169689e-006, 2.37147423832e-006],
        "var": [2.46098511525e-006, 4.9460709306e-006, 3.20804474541e-006, 4.18152785642e-006, 4.01585225518e-007, 3.40265557952e-007, 5.57977273274e-007, 2.60687954778e-007, 1.82341054256e-007, 5.16158934261e-007, 1.75750130893e-007, 2.55446451547e-007, 1.74561137101e-007, 1.29599007082e-008, 8.80531381142e-009, 6.16831030698e-009, 1.62423958727e-008, 3.64096908179e-009, 2.99798230685e-009, 1.29680621797e-009, 6.86148360352e-010, 5.52789702901e-010, 1.59084842521e-010, 8.9726080732e-011, 5.24419119241e-011, 5.00577981843e-011, 6.10414149782e-011, 1.20075949184e-010, 3.70968533669e-011, 3.57195280298e-011, 2.57272935594e-011, 3.16245224452e-011, 2.98155528045e-011, 2.75822385765e-011, 2.08484913361e-011, 6.41541403335e-011, 5.77372281929e-011, 3.18130626009e-011, 2.76972108443e-011, 1.95043547285e-011]
    },
    "mfcc": {
        "mean": [-621.010681152, 119.510475159, 30.427066803, 10.0676460266, 1.78427600861, 4.93943405151, -2.24995136261, -0.106557011604, -2.53014993668, -2.26693439484, -7.75183200836, 0.32868206501, -3.21639275551],
        "cov": [[2262.4597168, -745.42010498, -43.0960617065, -16.9458389282, 27.1894607544, -62.7843322754, -117.777206421, -92.5710144043, -20.4009361267, -14.6042251587, -28.5272598267, -81.3009490967, -29.9949111938], [-745.42010498, 1170.81311035, -370.842834473, -64.6697006226, -208.297470093, 65.4169158936, 96.9224319458, 37.4453086853, 48.3024139404, 95.7084274292, 40.7181625366, 3.49332499504, -49.0040054321], [-43.0960617065, -370.842834473, 575.898254395, 71.8191604614, 194.825561523, -6.18222904205, 27.6950740814, 50.2116165161, -17.2319393158, -53.933719635, 0.311732411385, 70.0197296143, 89.54637146], [-16.9458389282, -64.6697006226, 71.8191604614, 246.824829102, 83.8991546631, -11.6726942062, -31.1301574707, -17.6545658112, 11.4352388382, -27.1446208954, -31.2982215881, 19.7201061249, 29.9317741394], [27.1894607544, -208.297470093, 194.825561523, 83.8991546631, 238.597839355, 2.89612269402, -42.7217521667, 2.34589862823, 8.30830764771, -20.4630279541, -17.5008239746, 32.8436546326, 36.4718818665], [-62.7843322754, 65.4169158936, -6.18222904205, -11.6726942062, 2.89612269402, 88.8970413208, 44.3017082214, 7.55367326736, -8.30045795441, 11.0589113235, 9.07637119293, -6.33481884003, -11.5342206955], [-117.777206421, 96.9224319458, 27.6950740814, -31.1301574707, -42.7217521667, 44.3017082214, 162.967544556, 50.5194473267, 5.55949640274, 23.371673584, 21.4389305115, 8.40853404999, -4.53744316101], [-92.5710144043, 37.4453086853, 50.2116165161, -17.6545658112, 2.34589862823, 7.55367326736, 50.5194473267, 100.686897278, 27.8472652435, -1.28071272373, 10.9637565613, 20.9913597107, 18.0889587402], [-20.4009361267, 48.3024139404, -17.2319393158, 11.4352388382, 8.30830764771, -8.30045795441, 5.55949640274, 27.8472652435, 88.6873855591, 36.7750930786, 3.05367588997, 14.794629097, 1.77180814743], [-14.6042251587, 95.7084274292, -53.933719635, -27.1446208954, -20.4630279541, 11.0589113235, 23.371673584, -1.28071272373, 36.7750930786, 100.185264587, 28.6470355988, -7.56889200211, -10.5511655807], [-28.5272598267, 40.7181625366, 0.311732411385, -31.2982215881, -17.5008239746, 9.07637119293, 21.4389305115, 10.9637565613, 3.05367588997, 28.6470355988, 68.1478805542, 19.2151737213, 0.521519422531], [-81.3009490967, 3.49332499504, 70.0197296143, 19.7201061249, 32.8436546326, -6.33481884003, 8.40853404999, 20.9913597107, 14.794629097, -7.56889200211, 19.2151737213, 81.9205703735, 34.804485321], [-29.9949111938, -49.0040054321, 89.54637146, 29.9317741394, 36.4718818665, -11.5342206955, -4.53744316101, 18.0889587402, 1.77180814743, -10.5511655807, 0.521519422531, 34.804485321, 77.1625900269]],
        "icov": [[0.000637188320979, 0.000510368437972, 0.000256154075032, 5.2230181609e-005, 9.98636896838e-005, 7.14158595656e-005, 8.71056763572e-005, 0.000206796728889, -0.00015011371579, -0.000144874196849, -7.87862663856e-005, 0.000306146568619, 2.04852985917e-005], [0.000510368437972, 0.00175605679397, 0.000958190648817, -0.000158062830451, 0.000745034019928, -0.000734453788027, -0.000192737206817, -0.000397350901039, -0.000170467086718, -0.000854368379805, 5.81821514061e-005, -0.000676792638842, 7.48081729398e-005], [0.000256154075032, 0.000958190648817, 0.00371198472567, -7.76810775278e-005, -0.0020453336183, 0.000322154723108, -0.00143206922803, -0.000877204176504, 0.000837620464154, 0.000528029573616, -0.000494353938848, -0.000866805086844, -0.00198586704209], [5.2230181609e-005, -0.000158062830451, -7.76810775278e-005, 0.00523034855723, -0.00143650302198, 0.000167382706422, -0.000160320050782, 0.00172715075314, -0.00142082432285, 0.00117322732694, 0.00159376987722, -0.000399549346184, -0.00136662798468], [9.98636896838e-005, 0.000745034019928, -0.0020453336183, -0.00143650302198, 0.0077495649457, -0.0025220233947, 0.0026165463496, -0.000335862510838, -0.000910685397685, -0.00114085315727, 0.00151043001097, -0.00173408025876, 0.000272329838481], [7.14158595656e-005, -0.000734453788027, 0.000322154723108, 0.000167382706422, -0.0025220233947, 0.0146911721677, -0.00414084922522, 0.000168283469975, 0.00222339411266, -0.000464398355689, -0.00113088230137, 0.00152829370927, 0.00143143499736], [8.71056763572e-005, -0.000192737206817, -0.00143206922803, -0.000160320050782, 0.0026165463496, -0.00414084922522, 0.0100805424154, -0.00436972687021, 0.00108939467464, -0.00236597261392, 5.30983670615e-005, -0.000989678199403, 0.00149448763113], [0.000206796728889, -0.000397350901039, -0.000877204176504, 0.00172715075314, -0.000335862510838, 0.000168283469975, -0.00436972687021, 0.0156476851553, -0.00632670428604, 0.00402580434456, -0.00160246749874, 0.000306453497615, -0.00299686589278], [-0.00015011371579, -0.000170467086718, 0.000837620464154, -0.00142082432285, -0.000910685397685, 0.00222339411266, 0.00108939467464, -0.00632670428604, 0.0177794061601, -0.00811495352536, 0.00326903653331, -0.00405043410137, 0.00200947467238], [-0.000144874196849, -0.000854368379805, 0.000528029573616, 0.00117322732694, -0.00114085315727, -0.000464398355689, -0.00236597261392, 0.00402580434456, -0.00811495352536, 0.0169460680336, -0.00706989457831, 0.00416379189119, -0.00160662061535], [-7.87862663856e-005, 5.81821514061e-005, -0.000494353938848, 0.00159376987722, 0.00151043001097, -0.00113088230137, 5.30983670615e-005, -0.00160246749874, 0.00326903653331, -0.00706989457831, 0.0209404285997, -0.00711532775313, 0.00148366950452], [0.000306146568619, -0.000676792638842, -0.000866805086844, -0.000399549346184, -0.00173408025876, 0.00152829370927, -0.000989678199403, 0.000306453497615, -0.00405043410137, 0.00416379189119, -0.00711532775313, 0.0197253059596, -0.00641858112067], [2.04852985917e-005, 7.48081729398e-005, -0.00198586704209, -0.00136662798468, 0.000272329838481, 0.00143143499736, 0.00149448763113, -0.00299686589278, 0.00200947467238, -0.00160662061535, 0.00148366950452, -0.00641858112067, 0.0193447638303]]
    },
    "spectral_contrast_coeffs": {
        "mean": [-0.596838474274, -0.720532000065, -0.756304740906, -0.781088471413, -0.788428127766, -0.775033831596],
        "var": [0.00654665613547, 0.00406747218221, 0.00605820631608, 0.00314763747156, 0.00136259198189, 0.00158493977506]
    },
    "spectral_contrast_valleys": {
        "mean": [-6.88789558411, -6.35322475433, -7.07290029526, -7.83421850204, -7.82739639282, -9.67264938354],
        "var": [1.02813208103, 0.847223579884, 0.828862905502, 0.901189565659, 0.967091739178, 1.40315508842]
    }
},
"metadata": {
    "audio_properties": {
        "analysis_sample_rate": 44100,
        "bit_rate": 106309,
        "equal_loudness": 0,
        "length": 45.0612258911,
        "lossless": 0,
        "replay_gain": -13.1731414795,
        "sample_rate": 44100,
        "codec": "mp3",
        "downmix": "mix",
        "md5_encoded": "b016d4eaae2f29ecbad4b8bb266cd5b7"
    },
    "tags": {
        "file_name": "314.mp3"
    },
    "version": {
        "essentia": "2.1-beta2",
        "essentia_git_sha": "v2.1_beta2",
        "extractor": "music 1.0"
    }
},
"rhythm": {
    "beats_count": 110,
    "beats_loudness": {
        "mean": 0.0513092577457,
        "var": 0.000275937316474
    },
    "bpm": 147.262252808,
    "bpm_histogram_first_peak_bpm": {
        "mean": 148,
        "var": 0
    },
    "bpm_histogram_first_peak_spread": {
        "mean": 0.266055047512,
        "var": 0
    },
    "bpm_histogram_first_peak_weight": {
        "mean": 0.733944952488,
        "var": 0
    },
    "bpm_histogram_second_peak_bpm": {
        "mean": 0,
        "var": 0
    },
    "bpm_histogram_second_peak_spread": {
        "mean": 0,
        "var": 0
    },
    "bpm_histogram_second_peak_weight": {
        "mean": 0,
        "var": 0
    },
    "danceability": 1.74078631401,
    "onset_rate": 4.81349992752,
    "beats_loudness_band_ratio": {
        "mean": [0.455236852169, 0.274519354105, 0.166617080569, 0.0789032578468, 0.0464487336576, 0.062022022903],
        "var": [0.0326184369624, 0.0184931624681, 0.013084538281, 0.0074353646487, 0.00129624549299, 0.00168816710357]
    },
    "beats_position": [0.371519267559, 0.766258478165, 1.16099774837, 1.5673469305, 1.97369611263, 2.38004541397, 2.7863945961, 3.1811337471, 3.59909296036, 4.00544214249, 4.41179132462, 4.81814050674, 5.22448968887, 5.630838871, 6.03718805313, 6.44353723526, 6.84988641739, 7.25623559952, 7.66258478165, 8.06893444061, 8.47528362274, 8.88163280487, 9.287981987, 9.70594120026, 10.1122903824, 10.5186395645, 10.9249887466, 11.3313379288, 11.749297142, 12.1556463242, 12.5619955063, 12.9683446884, 13.3746938705, 13.7810430527, 14.1873922348, 14.5937414169, 15.0000905991, 15.4064397812, 15.8127889633, 16.2191371918, 16.6254863739, 17.0434455872, 17.4614048004, 17.8677539825, 18.2741031647, 18.6920623779, 19.0984115601, 19.5047607422, 19.9227199554, 20.3174591064, 20.7238082886, 21.1301574707, 21.5365066528, 21.942855835, 22.3375968933, 22.7439460754, 23.1502952576, 23.5450344086, 23.9629936218, 24.369342804, 24.7756919861, 25.1820411682, 25.5883903503, 25.9947395325, 26.4010887146, 26.8190479279, 27.22539711, 27.6433563232, 28.0497055054, 28.4560546875, 28.8624038696, 29.2687530518, 29.6751022339, 30.081451416, 30.4878005981, 30.8941497803, 31.3004989624, 31.7184581757, 32.1248054504, 32.5311546326, 32.9491157532, 33.3554649353, 33.7618141174, 34.1681632996, 34.5745124817, 34.9808616638, 35.3872108459, 35.7935600281, 36.1999092102, 36.6178665161, 37.0358276367, 37.4305648804, 37.8253059387, 38.2316551208, 38.638004303, 39.0443534851, 39.4507026672, 39.8454399109, 40.2634010315, 40.6697502136, 41.0760993958, 41.4824485779, 41.88879776, 42.2951469421, 42.713104248, 43.1194534302, 43.5374145508, 43.9553718567, 44.3733329773, 44.7912902832]
},
"tonal": {
    "chords_changes_rate": 0.0246913582087,
    "chords_number_rate": 0.00308641977608,
    "chords_strength": {
        "mean": 0.598569273949,
        "var": 0.00490458216518
    },
    "hpcp_entropy": {
        "mean": 2.05339837074,
        "var": 0.556522846222
    },
    "key_strength": 0.848758518696,
    "tuning_diatonic_strength": 0.712818622589,
    "tuning_equal_tempered_deviation": 0.111043557525,
    "tuning_frequency": 440.508636475,
    "tuning_nontempered_energy_ratio": 0.737950444221,
    "hpcp": {
        "mean": [0.551893889904, 0.379909157753, 0.109355404973, 0.0520335920155, 0.0509176962078, 0.0776068940759, 0.103079661727, 0.0761397406459, 0.0612744837999, 0.0887212008238, 0.112765938044, 0.129552528262, 0.136521026492, 0.126390889287, 0.239276990294, 0.444966256618, 0.360717356205, 0.134364753962, 0.0718173757195, 0.0818051919341, 0.130475282669, 0.172133505344, 0.122397527099, 0.0512997955084, 0.0382006391883, 0.0439260788262, 0.0757594332099, 0.117851674557, 0.115002840757, 0.111468732357, 0.125821709633, 0.0995560884476, 0.0692923367023, 0.0631030127406, 0.102337762713, 0.326078802347],
        "var": [0.125908300281, 0.0832047387958, 0.0270602349192, 0.0127925816923, 0.0151669653133, 0.0286436937749, 0.0438738502562, 0.0218699965626, 0.0191442277282, 0.0403878204525, 0.0575019158423, 0.05336779356, 0.0434543900192, 0.0352945066988, 0.058433521539, 0.131877660751, 0.0944131687284, 0.04016469419, 0.0265136770904, 0.0327160842717, 0.0483903214335, 0.0663335621357, 0.0401637107134, 0.0144594982266, 0.0131819928065, 0.0158858429641, 0.0264632944018, 0.0398354902864, 0.0361848883331, 0.0443921610713, 0.0604938752949, 0.0390304885805, 0.0239207539707, 0.0213919691741, 0.0286396555603, 0.0758152529597]
    },
    "chords_histogram": [83.6419754028, 0.205761313438, 13.0658435822, 0, 0, 0, 0, 0, 0, 0, 0, 0, 0, 0, 0, 0, 0, 1.85185182095, 0, 0.411522626877, 0, 0, 0, 0.823045253754],
    "thpcp": [1, 0.688373565674, 0.198145702481, 0.0942818745971, 0.0922599360347, 0.140619233251, 0.186774417758, 0.137960836291, 0.111025840044, 0.16075772047, 0.204325392842, 0.234741732478, 0.247368246317, 0.229013025761, 0.433556139469, 0.806253254414, 0.653599083424, 0.243461206555, 0.130128949881, 0.148226305842, 0.23641371727, 0.311896026134, 0.221777275205, 0.0929522812366, 0.0692173615098, 0.0795915275812, 0.137271732092, 0.21354046464, 0.208378538489, 0.201974928379, 0.227981701493, 0.180389910936, 0.12555372715, 0.114339031279, 0.185430139303, 0.590836048126],
    "chords_key": "D",
    "chords_scale": "major",
    "key_key": "D",
    "key_scale": "major"
}
}