{
"lowlevel": {
    "average_loudness": 0.897134304047,
    "barkbands_crest": {
        "mean": 11.7095432281,
        "var": 23.9941196442
    },
    "barkbands_flatness_db": {
        "mean": 0.181861713529,
        "var": 0.0047457604669
    },
    "barkbands_kurtosis": {
        "mean": 4.98256015778,
        "var": 87.6626434326
    },
    "barkbands_skewness": {
        "mean": 0.912439584732,
        "var": 2.12202787399
    },
    "barkbands_spread": {
        "mean": 15.1115760803,
        "var": 121.569320679
    },
    "dissonance": {
        "mean": 0.409382790327,
        "var": 0.00400434201583
    },
    "dynamic_complexity": 3.07507109642,
    "erbbands_crest": {
        "mean": 15.5143537521,
        "var": 40.5353469849
    },
    "erbbands_flatness_db": {
        "mean": 0.217798650265,
        "var": 0.00630494160578
    },
    "erbbands_kurtosis": {
        "mean": 6.73020124435,
        "var": 183.624984741
    },
    "erbbands_skewness": {
        "mean": 0.476715236902,
        "var": 2.1052942276
    },
    "erbbands_spread": {
        "mean": 21.6467380524,
        "var": 286.935394287
    },
    "hfc": {
        "mean": 17.0896625519,
        "var": 457.214630127
    },
    "melbands_crest": {
        "mean": 13.7928647995,
        "var": 20.6693382263
    },
    "melbands_flatness_db": {
        "mean": 0.263801455498,
        "var": 0.00634480081499
    },
    "melbands_kurtosis": {
        "mean": 6.96291637421,
        "var": 179.980117798
    },
    "melbands_skewness": {
        "mean": 1.26582741737,
        "var": 2.93562865257
    },
    "melbands_spread": {
        "mean": 19.495508194,
        "var": 226.812820435
    },
    "pitch_salience": {
        "mean": 0.479347497225,
        "var": 0.014170053415
    },
    "silence_rate_20dB": {
        "mean": 1,
        "var": 0
    },
    "silence_rate_30dB": {
        "mean": 0.992276012897,
        "var": 0.0076645212248
    },
    "silence_rate_60dB": {
        "mean": 0.0242018532008,
        "var": 0.0236159861088
    },
    "spectral_centroid": {
        "mean": 955.359741211,
        "var": 313444.0625
    },
    "spectral_complexity": {
        "mean": 11.6920700073,
        "var": 36.7806930542
    },
    "spectral_decrease": {
        "mean": -5.59196511318e-009,
        "var": 3.48160683783e-017
    },
    "spectral_energy": {
        "mean": 0.0226554647088,
        "var": 0.000540680368431
    },
    "spectral_energyband_high": {
        "mean": 0.000520402449183,
        "var": 2.93225730275e-006
    },
    "spectral_energyband_low": {
        "mean": 0.00506263645366,
        "var": 0.000205076095881
    },
    "spectral_energyband_middle_high": {
        "mean": 0.00484804483131,
        "var": 2.81383145193e-005
    },
    "spectral_energyband_middle_low": {
        "mean": 0.0131080215797,
        "var": 0.000251882127486
    },
    "spectral_entropy": {
        "mean": 6.8410654068,
        "var": 0.422688275576
    },
    "spectral_flux": {
        "mean": 0.0682525187731,
        "var": 0.00246661179699
    },
    "spectral_kurtosis": {
        "mean": 13.5107688904,
        "var": 255.079528809
    },
    "spectral_rms": {
        "mean": 0.00426747603342,
        "var": 3.89154274671e-006
    },
    "spectral_rolloff": {
        "mean": 1267.25866699,
        "var": 2890129.25
    },
    "spectral_skewness": {
        "mean": 2.57341980934,
        "var": 1.28483021259
    },
    "spectral_spread": {
        "mean": 4201218.5,
        "var": 6.01896937062e+012
    },
    "spectral_strongpeak": {
        "mean": 1.72215557098,
        "var": 2.2364115715
    },
    "zerocrossingrate": {
        "mean": 0.0543503277004,
        "var": 0.0017909304006
    },
    "barkbands": {
        "mean": [0.000371809408534, 0.00258128764108, 0.0014967629686, 0.00136697886046, 0.00412182416767, 0.000816024024971, 0.00130048615392, 0.000820027373265, 0.00398624734953, 0.00247094919905, 0.000491678074468, 0.000763609248679, 0.00039628855302, 0.000293851946481, 0.000283730885712, 0.000133469671709, 0.000117666750157, 0.000167076839716, 8.36850013002e-005, 0.000132073764689, 5.64316396776e-005, 4.70395716548e-005, 6.55445619486e-005, 6.61375233904e-005, 7.05277561792e-005, 0.00014207517961, 1.22032224681e-005],
        "var": [1.89810998563e-006, 0.000108470529085, 1.05594453998e-005, 9.62701142271e-006, 4.34728972323e-005, 7.51976040192e-006, 1.23657600852e-005, 4.58172098661e-006, 7.71449849708e-005, 1.48902990986e-005, 1.52819336563e-006, 2.11683027374e-006, 7.27503561393e-007, 6.10315396443e-007, 6.2497502995e-007, 2.69166918088e-007, 7.50001376559e-008, 1.57232591391e-007, 2.98127851295e-008, 1.04379189736e-007, 4.77243773389e-008, 3.69197010741e-008, 1.26203318018e-007, 1.11488560606e-007, 5.25729504375e-008, 6.18224760274e-007, 6.51930909257e-009]
    },
    "erbbands": {
        "mean": [0.0996485799551, 0.497410267591, 1.52288711071, 3.52826404572, 9.47970104218, 14.6226072311, 10.0430898666, 6.54852962494, 12.1919765472, 23.699678421, 18.4132480621, 57.740322113, 110.893623352, 72.327796936, 22.7690124512, 37.4911689758, 19.2659721375, 19.2967281342, 12.6757669449, 12.061041832, 8.1325712204, 6.44537162781, 9.60408210754, 5.57059001923, 4.92857789993, 6.34050893784, 2.94732880592, 1.98177313805, 1.76269507408, 1.70516729355, 1.90854299068, 1.73632776737, 0.857134699821, 0.654779911041, 0.588345766068, 0.524019420147, 0.288994073868, 0.0490424744785, 0.0014107672032, 6.05968962191e-005],
        "var": [0.191431671381, 3.52692508698, 11.4635229111, 37.6280517578, 428.290405273, 626.457336426, 552.66607666, 854.184143066, 704.088317871, 4803.69238281, 2299.81225586, 12819.4980469, 38812.7851563, 15461.2324219, 2115.921875, 4888.04296875, 1364.52966309, 1879.36157227, 914.628662109, 1669.05761719, 972.306640625, 206.036056519, 520.126831055, 157.012176514, 111.034484863, 236.009399414, 74.5085906982, 78.2597351074, 66.4624557495, 37.1072387695, 134.317474365, 131.36831665, 8.82634353638, 4.48135566711, 4.75968027115, 8.77659130096, 2.62460947037, 0.0696805641055, 6.77374700899e-005, 3.5018118183e-008]
    },
    "gfcc": {
        "mean": [-47.9592437744, 109.74835968, -100.770736694, 0.698492944241, -50.3334960938, 13.5620775223, -28.9285564423, 8.86619186401, -34.6522293091, -5.78160619736, -22.3862876892, -2.34190797806, -13.0237169266],
        "cov": [[8546.61035156, -3007.32617188, 374.081665039, 540.27154541, -989.110900879, -355.689422607, -703.329956055, 655.53503418, -237.11567688, 392.528381348, -631.523864746, 194.141601563, -310.882415771], [-3007.32617188, 2645.04760742, -557.033935547, -370.757629395, 683.260925293, 195.283843994, 376.569915771, -394.546569824, 171.084182739, -296.816345215, 481.092437744, -142.143859863, 177.558898926], [374.081665039, -557.033935547, 858.547119141, 140.687179565, -212.466567993, -10.0453386307, -48.3630599976, 121.612419128, -21.7274971008, 106.060279846, -200.2368927, 47.5551872253, -21.5178546906], [540.27154541, -370.757629395, 140.687179565, 466.635925293, -78.4856109619, -67.1760787964, -99.3743743896, 61.6353530884, 62.7102546692, 59.2325172424, -64.010383606, 17.3386535645, -34.5767059326], [-989.110900879, 683.260925293, -212.466567993, -78.4856109619, 486.073944092, 162.348388672, 61.8009567261, -181.146087646, -17.1236991882, -51.1646690369, 190.859802246, 30.5285625458, 22.8246212006], [-355.689422607, 195.283843994, -10.0453386307, -67.1760787964, 162.348388672, 478.618896484, 133.659286499, -235.774978638, -142.66847229, 31.8425559998, 133.918685913, 30.0678291321, 9.04293346405], [-703.329956055, 376.569915771, -48.3630599976, -99.3743743896, 61.8009567261, 133.659286499, 302.520690918, -48.603553772, 3.48161125183, -45.9947814941, 78.1265716553, -60.9146385193, 45.4248542786], [655.53503418, -394.546569824, 121.612419128, 61.6353530884, -181.146087646, -235.774978638, -48.603553772, 345.007080078, 103.568725586, 3.13772130013, -167.725402832, -11.2260723114, 9.12806034088], [-237.11567688, 171.084182739, -21.7274971008, 62.7102546692, -17.1236991882, -142.66847229, 3.48161125183, 103.568725586, 245.752182007, -14.6993904114, -46.1455726624, -37.3654747009, 46.6587753296], [392.528381348, -296.816345215, 106.060279846, 59.2325172424, -51.1646690369, 31.8425559998, -45.9947814941, 3.13772130013, -14.6993904114, 170.058639526, -14.8663845062, 1.45071065426, -51.8272819519], [-631.523864746, 481.092437744, -200.2368927, -64.010383606, 190.859802246, 133.918685913, 78.1265716553, -167.725402832, -46.1455726624, -14.8663845062, 260.017028809, 18.8271884918, -29.894908905], [194.141601563, -142.143859863, 47.5551872253, 17.3386535645, 30.5285625458, 30.0678291321, -60.9146385193, -11.2260723114, -37.3654747009, 1.45071065426, 18.8271884918, 125.156669617, -16.268157959], [-310.882415771, 177.558898926, -21.5178546906, -34.5767059326, 22.8246212006, 9.04293346405, 45.4248542786, 9.12806034088, 46.6587753296, -51.8272819519, -29.894908905, -16.268157959, 127.901199341]],
        "icov": [[0.000283978442894, -5.4280331824e-005, 0.00025239950628, -0.000179333757842, 0.0003745694994, -0.00019456454902, 0.000311079958919, -0.000449290440883, 0.000415135058574, -0.000404396851081, 0.000505854492076, -0.00040486844955, 0.000379512668587], [-5.4280331824e-005, 0.00192029133905, -0.000457230169559, 0.000745075987652, -0.00142968154978, 0.000365546584362, -0.00038271016092, 0.00109130551573, -0.00176877703052, 0.00209928210825, -0.002668262925, 0.00219671521336, -0.00123430031817], [0.00025239950628, -0.000457230169559, 0.00204953621142, -0.000605230161455, 0.000885226589162, -0.000429481413448, -0.000156803318532, -0.000653956900351, 0.00091970973881, -0.00160283315927, 0.00237381993793, -0.00182086811401, 0.000742428470403], [-0.000179333757842, 0.000745075987652, -0.000605230161455, 0.00298183294944, -0.000610846967902, 9.98682371574e-005, 0.000345459382515, 0.000661211961415, -0.00180473970249, 0.00064137292793, -0.00118517759256, 0.00091586029157, -7.61565170251e-005], [0.0003745694994, -0.00142968154978, 0.000885226589162, -0.000610846967902, 0.00483560562134, -0.00105977477506, 0.000894362397958, -0.00065008259844, 0.0010968062561, -0.00139353482518, 0.000784297299106, -0.00268828426488, 0.000696330331266], [-0.00019456454902, 0.000365546584362, -0.000429481413448, 9.98682371574e-005, -0.00105977477506, 0.00478016026318, -0.00227138237096, 0.00263800029643, 0.00112642499153, -0.00101918948349, -0.000755103537813, -0.000643708335701, -0.00163834739942], [0.000311079958919, -0.00038271016092, -0.000156803318532, 0.000345459382515, 0.000894362397958, -0.00227138237096, 0.00608661863953, -0.00180791888852, 0.00014170340728, 0.000725661753677, -0.00120729941409, 0.00238399882801, -0.000413853034843], [-0.000449290440883, 0.00109130551573, -0.000653956900351, 0.000661211961415, -0.00065008259844, 0.00263800029643, -0.00180791888852, 0.00733738765121, -0.00261546834372, 0.00136042735539, 0.000430788641097, 0.000426954298746, -0.000830014119856], [0.000415135058574, -0.00176877703052, 0.00091970973881, -0.00180473970249, 0.0010968062561, 0.00112642499153, 0.00014170340728, -0.00261546834372, 0.00834367517382, -0.00306637445465, 0.00274422648363, -0.00145109789446, -0.000837133324239], [-0.000404396851081, 0.00209928210825, -0.00160283315927, 0.00064137292793, -0.00139353482518, -0.00101918948349, 0.000725661753677, 0.00136042735539, -0.00306637445465, 0.0109144309536, -0.00383171346039, 0.00427712965757, 0.00116210011765], [0.000505854492076, -0.002668262925, 0.00237381993793, -0.00118517759256, 0.000784297299106, -0.000755103537813, -0.00120729941409, 0.000430788641097, 0.00274422648363, -0.00383171346039, 0.0132665568963, -0.00557267852128, 0.00516247702762], [-0.00040486844955, 0.00219671521336, -0.00182086811401, 0.00091586029157, -0.00268828426488, -0.000643708335701, 0.00238399882801, 0.000426954298746, -0.00145109789446, 0.00427712965757, -0.00557267852128, 0.0138178905472, -0.00172681070399], [0.000379512668587, -0.00123430031817, 0.000742428470403, -7.61565170251e-005, 0.000696330331266, -0.00163834739942, -0.000413853034843, -0.000830014119856, -0.000837133324239, 0.00116210011765, 0.00516247702762, -0.00172681070399, 0.0125199183822]]
    },
    "melbands": {
        "mean": [0.000808574492112, 0.000742001109757, 0.000748724094592, 0.000939217221458, 0.000412317604059, 0.000139844210935, 0.000215115374885, 0.000240843044594, 0.00013620624668, 0.000492735183798, 0.000565064139664, 0.000301593478071, 7.17578077456e-005, 9.13004114409e-005, 4.84385054733e-005, 5.1094997616e-005, 3.27631169057e-005, 1.87752266356e-005, 1.95994343812e-005, 1.11332356028e-005, 9.55818632065e-006, 6.30711565464e-006, 7.49572973291e-006, 9.00991744857e-006, 3.93472146243e-006, 2.83482449959e-006, 4.65418997919e-006, 4.0827912926e-006, 1.97020153792e-006, 1.28321391912e-006, 1.08127426302e-006, 1.037686161e-006, 8.26423956823e-007, 1.00240470147e-006, 1.05462208921e-006, 1.21069763281e-006, 9.84429220807e-007, 6.1257088646e-007, 4.95168819725e-007, 5.68930545342e-007],
        "var": [1.13809128379e-005, 3.64918150808e-006, 2.15267391468e-006, 2.58888485405e-006, 7.45644342715e-007, 3.4520323311e-007, 2.52992151673e-007, 4.33582442838e-007, 1.45430746556e-007, 1.07136111183e-006, 9.86592681329e-007, 3.15130904482e-007, 3.26634754799e-008, 2.77911826885e-008, 9.0666611996e-009, 1.21922560936e-008, 7.34098737354e-009, 2.40642616944e-009, 3.64145935627e-009, 1.43755596316e-009, 1.56856860833e-009, 2.23527932275e-010, 4.14916045965e-010, 4.6043471813e-010, 1.12019601928e-010, 2.95608815204e-011, 1.55313401029e-010, 9.96853571911e-011, 3.25123886147e-011, 2.55859049225e-011, 2.85318001864e-011, 2.57616445537e-011, 9.5368209857e-012, 1.19707715962e-011, 3.34642903665e-011, 9.01844918189e-011, 3.44730320678e-011, 5.18342964037e-012, 2.19019745916e-012, 3.82984052458e-012]
    },
    "mfcc": {
        "mean": [-705.966064453, 155.162338257, 5.53588104248, 5.71515607834, 0.41681560874, 0.863601863384, 8.88161182404, 7.59243822098, -2.37376260757, 3.52016282082, -6.38486385345, -9.52928256989, -6.78793668747],
        "cov": [[6162.39355469, -2481.66040039, 293.381744385, 470.661865234, -221.280166626, -655.270019531, -516.91217041, -148.389251709, 80.9024429321, 280.618835449, -81.9314804077, -107.886642456, -85.9167098999], [-2481.66040039, 2034.77783203, -426.549072266, -369.022796631, 203.958114624, 313.3409729, 327.516357422, 126.235298157, -138.716339111, -161.835296631, 33.0282783508, 112.604469299, 105.909820557], [293.381744385, -426.549072266, 736.039855957, 148.842758179, -100.720085144, -33.8758811951, -86.164276123, -44.143989563, 139.995544434, 72.6890106201, -19.5457363129, -18.2596130371, -59.7223129272], [470.661865234, -369.022796631, 148.842758179, 450.563995361, 20.4792423248, -228.772827148, -218.564971924, -8.16243553162, 122.805557251, 100.573257446, 11.9056215286, -20.5025520325, -19.5902442932], [-221.280166626, 203.958114624, -100.720085144, 20.4792423248, 302.181335449, 76.3996734619, -11.8190021515, 15.4674577713, -15.0854730606, -114.917396545, -16.3586235046, 37.7153015137, 80.2269897461], [-655.270019531, 313.3409729, -33.8758811951, -228.772827148, 76.3996734619, 571.507873535, 306.384979248, -31.4893989563, -140.034759521, -176.317214966, 39.2344322205, 91.1564178467, 51.1905632019], [-516.91217041, 327.516357422, -86.164276123, -218.564971924, -11.8190021515, 306.384979248, 395.039276123, 23.958574295, -160.060531616, -90.4434280396, 11.6123075485, 46.180393219, 19.4546794891], [-148.389251709, 126.235298157, -44.143989563, -8.16243553162, 15.4674577713, -31.4893989563, 23.958574295, 161.575073242, 13.3120479584, -27.9011306763, -8.52059364319, -10.9239931107, 6.0137424469], [80.9024429321, -138.716339111, 139.995544434, 122.805557251, -15.0854730606, -140.034759521, -160.060531616, 13.3120479584, 295.647857666, 98.7641601563, -7.61853408813, -65.7855987549, -59.0879974365], [280.618835449, -161.835296631, 72.6890106201, 100.573257446, -114.917396545, -176.317214966, -90.4434280396, -27.9011306763, 98.7641601563, 261.036407471, 25.2159481049, -62.9194030762, -81.9617614746], [-81.9314804077, 33.0282783508, -19.5457363129, 11.9056215286, -16.3586235046, 39.2344322205, 11.6123075485, -8.52059364319, -7.61853408813, 25.2159481049, 132.837097168, 17.3568687439, -14.4493703842], [-107.886642456, 112.604469299, -18.2596130371, -20.5025520325, 37.7153015137, 91.1564178467, 46.180393219, -10.9239931107, -65.7855987549, -62.9194030762, 17.3568687439, 197.661224365, 78.3153686523], [-85.9167098999, 105.909820557, -59.7223129272, -19.5902442932, 80.2269897461, 51.1905632019, 19.4546794891, 6.0137424469, -59.0879974365, -81.9617614746, -14.4493703842, 78.3153686523, 161.525726318]],
        "icov": [[0.000355986645445, 0.000439310068032, 8.16489045974e-005, 6.4578387537e-005, -8.24832168291e-005, 0.000187269441085, 5.5396114476e-005, 8.93092135357e-007, 0.000183234355063, -0.000166711746715, 9.82711280813e-005, -0.000109542677819, -4.14238675148e-005], [0.000439310068032, 0.00129966787063, 0.00034793606028, 0.000516716856509, -0.000574598554522, 0.000212565457332, -0.000310442934278, -0.000441835087258, 3.96315444959e-005, -0.000376170646632, -7.21924807294e-005, -0.00039781263331, -0.000145276528201], [8.16489045974e-005, 0.00034793606028, 0.00185218185652, -0.000458700727904, 0.000536317646038, -0.000429397769039, 1.74786291609e-005, 0.000203293398954, -0.000726703496184, -1.46079892147e-005, 0.000507786113303, -0.000307918235194, 0.000225983982091], [6.4578387537e-005, 0.000516716856509, -0.000458700727904, 0.00382707268, -0.00113130244426, 0.000838254753035, 0.000820037152153, -0.000308199203573, -0.00024946560734, -0.000758754555136, -0.000794714025687, -0.000495896034408, -0.000107873820525], [-8.24832168291e-005, -0.000574598554522, 0.000536317646038, -0.00113130244426, 0.005169976037, -0.000939980265684, 0.000964116479736, 9.21126265894e-005, -0.00047415975132, 0.00177969690412, 0.000546275055967, 0.000351926428266, -0.00138767622411], [0.000187269441085, 0.000212565457332, -0.000429397769039, 0.000838254753035, -0.000939980265684, 0.00449788011611, -0.00279910606332, 0.0015073933173, -0.000308969523758, 0.00169195188209, -0.00141924608033, -0.000627722707577, 0.000148454884766], [5.5396114476e-005, -0.000310442934278, 1.74786291609e-005, 0.000820037152153, 0.000964116479736, -0.00279910606332, 0.00620756112039, -0.0014833335299, 0.00199979543686, -0.000705824582838, 0.000635610194877, 7.59099493735e-005, 0.000448185310233], [8.93092135357e-007, -0.000441835087258, 0.000203293398954, -0.000308199203573, 9.21126265894e-005, 0.0015073933173, -0.0014833335299, 0.00748058641329, -0.00105255341623, 0.00162760645617, -0.000103837555798, 0.00050647550961, -0.000109362728836], [0.000183234355063, 3.96315444959e-005, -0.000726703496184, -0.00024946560734, -0.00047415975132, -0.000308969523758, 0.00199979543686, -0.00105255341623, 0.00557768996805, -0.0013994629262, 0.000404903898016, 0.000697912357282, 0.000932387600187], [-0.000166711746715, -0.000376170646632, -1.46079892147e-005, -0.000758754555136, 0.00177969690412, 0.00169195188209, -0.000705824582838, 0.00162760645617, -0.0013994629262, 0.00716875633225, -0.00142257788684, 0.00056983740069, 0.00138691323809], [9.82711280813e-005, -7.21924807294e-005, 0.000507786113303, -0.000794714025687, 0.000546275055967, -0.00141924608033, 0.000635610194877, -0.000103837555798, 0.000404903898016, -0.00142257788684, 0.00871237739921, -0.00102349254303, 0.000998620758764], [-0.000109542677819, -0.00039781263331, -0.000307918235194, -0.000495896034408, 0.000351926428266, -0.000627722707577, 7.59099493735e-005, 0.00050647550961, 0.000697912357282, 0.00056983740069, -0.00102349254303, 0.00704670045525, -0.00293895835057], [-4.14238675148e-005, -0.000145276528201, 0.000225983982091, -0.000107873820525, -0.00138767622411, 0.000148454884766, 0.000448185310233, -0.000109362728836, 0.000932387600187, 0.00138691323809, 0.000998620758764, -0.00293895835057, 0.00948604289442]]
    },
    "spectral_contrast_coeffs": {
        "mean": [-0.614421784878, -0.713455855846, -0.62368029356, -0.73030936718, -0.766088366508, -0.773827910423],
        "var": [0.00767318671569, 0.00511930696666, 0.00770309334621, 0.00605096761137, 0.00371551001444, 0.0021966106724]
    },
    "spectral_contrast_valleys": {
        "mean": [-7.58470058441, -7.37201881409, -7.99085187912, -8.70108795166, -8.81889533997, -11.452829361],
        "var": [1.14554011822, 1.16139400005, 1.05119729042, 1.04041159153, 1.83654510975, 2.54756593704]
    }
},
"metadata": {
    "audio_properties": {
        "analysis_sample_rate": 44100,
        "bit_rate": 109472,
        "equal_loudness": 0,
        "length": 45.0612258911,
        "lossless": 0,
        "replay_gain": -10.0128002167,
        "sample_rate": 44100,
        "codec": "mp3",
        "downmix": "mix",
        "md5_encoded": "eb5e02776744ffca0a9126713bf4eb4e"
    },
    "tags": {
        "file_name": "316.mp3"
    },
    "version": {
        "essentia": "2.1-beta2",
        "essentia_git_sha": "v2.1_beta2",
        "extractor": "music 1.0"
    }
},
"rhythm": {
    "beats_count": 86,
    "beats_loudness": {
        "mean": 0.0374353788793,
        "var": 0.000584184192121
    },
    "bpm": 114.789550781,
    "bpm_histogram_first_peak_bpm": {
        "mean": 115,
        "var": 0
    },
    "bpm_histogram_first_peak_spread": {
        "mean": 0.569620251656,
        "var": 0
    },
    "bpm_histogram_first_peak_weight": {
        "mean": 0.40000000596,
        "var": 0
    },
    "bpm_histogram_second_peak_bpm": {
        "mean": 110,
        "var": 0
    },
    "bpm_histogram_second_peak_spread": {
        "mean": 0,
        "var": 0
    },
    "bpm_histogram_second_peak_weight": {
        "mean": 0.0352941192687,
        "var": 0
    },
    "danceability": 1.15895950794,
    "onset_rate": 3.23857593536,
    "beats_loudness_band_ratio": {
        "mean": [0.392648905516, 0.26830253005, 0.220733180642, 0.132109045982, 0.0385711081326, 0.0385685488582],
        "var": [0.0599784478545, 0.0303073618561, 0.0540914423764, 0.0191096439958, 0.00433852756396, 0.00269935722463]
    },
    "beats_position": [0.476009070873, 0.96362811327, 1.46285712719, 1.9620860815, 2.47292518616, 2.99537420273, 3.51782298088, 4.04027223587, 4.5627207756, 5.08516979218, 5.61922883987, 6.1648979187, 6.71056699753, 7.25623559952, 7.79029464722, 8.31274318695, 8.84680271149, 9.38086128235, 9.91492080688, 10.4373693466, 10.95981884, 11.4938774109, 12.0163259506, 12.538775444, 13.0496139526, 13.5604534149, 14.0712919235, 14.5821313858, 15.1161899567, 15.6386394501, 16.1610889435, 16.6719264984, 17.1827659607, 17.7052154541, 18.2392749786, 18.7617225647, 19.272562027, 19.7834014893, 20.2942390442, 20.8050785065, 21.3159179688, 21.826757431, 22.3492050171, 22.8716545105, 23.405714035, 23.9397735596, 24.4506111145, 24.9614505768, 25.4722900391, 25.9831295013, 26.5055770874, 27.0164165497, 27.5388660431, 28.0497055054, 28.5605430603, 29.0713825226, 29.593832016, 30.1162815094, 30.6503391266, 31.1843986511, 31.7184581757, 32.2525177002, 32.7865753174, 33.3090248108, 33.8314743042, 34.3423118591, 34.8647613525, 35.3872108459, 35.9212684631, 36.455329895, 36.96616745, 37.4770050049, 37.9994544983, 38.5219039917, 39.0443534851, 39.5668029785, 40.1008605957, 40.6349182129, 41.1573677063, 41.6798171997, 42.2022666931, 42.7247161865, 43.2587738037, 43.7928352356, 44.3152809143, 44.8377304077]
},
"tonal": {
    "chords_changes_rate": 0.0442386828363,
    "chords_number_rate": 0.0102880662307,
    "chords_strength": {
        "mean": 0.549706041813,
        "var": 0.0180608555675
    },
    "hpcp_entropy": {
        "mean": 1.6260881424,
        "var": 0.418031811714
    },
    "key_strength": 0.67814218998,
    "tuning_diatonic_strength": 0.575199127197,
    "tuning_equal_tempered_deviation": 0.0129953948781,
    "tuning_frequency": 440,
    "tuning_nontempered_energy_ratio": 0.658054411411,
    "hpcp": {
        "mean": [0.369438290596, 0.248012751341, 0.0952544435859, 0.0793730840087, 0.0770678594708, 0.118033468723, 0.141536548734, 0.086783580482, 0.0785310938954, 0.0966860502958, 0.0618279390037, 0.0323637910187, 0.0268259011209, 0.0440439842641, 0.19021910429, 0.334413260221, 0.203698977828, 0.037059802562, 0.0141799375415, 0.0166352875531, 0.0362398736179, 0.0481179729104, 0.0548409223557, 0.122020788491, 0.144003659487, 0.0744230300188, 0.14483460784, 0.251679033041, 0.166256517172, 0.161363333464, 0.225080609322, 0.138923630118, 0.069500297308, 0.0697800815105, 0.0792889595032, 0.218912184238],
        "var": [0.152358412743, 0.0802724733949, 0.0365515202284, 0.0399038307369, 0.0298331808299, 0.0516292303801, 0.064518712461, 0.0242120288312, 0.0299173165113, 0.0468453094363, 0.0234084948897, 0.0103217968717, 0.00768245570362, 0.00904443208128, 0.0534439198673, 0.148119166493, 0.0647021830082, 0.00488411029801, 0.00193707202561, 0.00329196918756, 0.00977779086679, 0.0132325971499, 0.00991532672197, 0.0455575175583, 0.0665209367871, 0.0206795092672, 0.0416666008532, 0.133605077863, 0.0500325076282, 0.0704635754228, 0.12111762166, 0.0525133647025, 0.0274280179292, 0.0276376400143, 0.0318613797426, 0.0641558244824]
    },
    "chords_histogram": [24.4855976105, 4.32098770142, 28.0864200592, 1.02880656719, 0, 0, 0, 0, 0.617283940315, 0, 1.85185182095, 0, 0, 0, 0, 0, 0.411522626877, 0.308641970158, 0, 23.148147583, 7.09876537323, 1.44032919407, 5.14403295517, 2.05761313438],
    "thpcp": [1, 0.671323895454, 0.257835865021, 0.214848011732, 0.208608210087, 0.319494396448, 0.383112818003, 0.234906837344, 0.21256890893, 0.261710971594, 0.167356610298, 0.0876026973128, 0.0726126730442, 0.119218789041, 0.514887332916, 0.905193805695, 0.551374852657, 0.100313916802, 0.0383824259043, 0.0450285971165, 0.098094522953, 0.130246311426, 0.148444071412, 0.330287337303, 0.389790832996, 0.201449155807, 0.392040044069, 0.681247830391, 0.450025141239, 0.43678021431, 0.60925090313, 0.376040160656, 0.188124239445, 0.18888156116, 0.214620307088, 0.592554152012],
    "chords_key": "D",
    "chords_scale": "major",
    "key_key": "G",
    "key_scale": "major"
}
}