{
"lowlevel": {
    "average_loudness": 0.979490935802,
    "barkbands_crest": {
        "mean": 8.36917495728,
        "var": 8.26721477509
    },
    "barkbands_flatness_db": {
        "mean": 0.163336709142,
        "var": 0.000946298998315
    },
    "barkbands_kurtosis": {
        "mean": 0.239177182317,
        "var": 14.0981779099
    },
    "barkbands_skewness": {
        "mean": 0.742326796055,
        "var": 0.959540724754
    },
    "barkbands_spread": {
        "mean": 34.5420570374,
        "var": 119.751686096
    },
    "dissonance": {
        "mean": 0.481916248798,
        "var": 0.000189308848348
    },
    "dynamic_complexity": 1.71684932709,
    "erbbands_crest": {
        "mean": 11.8651685715,
        "var": 31.0468330383
    },
    "erbbands_flatness_db": {
        "mean": 0.216982632875,
        "var": 0.00165987596847
    },
    "erbbands_kurtosis": {
        "mean": 1.20435500145,
        "var": 8.16864109039
    },
    "erbbands_skewness": {
        "mean": -1.08975327015,
        "var": 0.688755512238
    },
    "erbbands_spread": {
        "mean": 35.0204582214,
        "var": 214.637191772
    },
    "hfc": {
        "mean": 18.1386241913,
        "var": 175.231582642
    },
    "melbands_crest": {
        "mean": 12.8545713425,
        "var": 18.0294723511
    },
    "melbands_flatness_db": {
        "mean": 0.203536629677,
        "var": 0.00170034274925
    },
    "melbands_kurtosis": {
        "mean": 6.23155593872,
        "var": 98.3632583618
    },
    "melbands_skewness": {
        "mean": 2.17556524277,
        "var": 1.46077203751
    },
    "melbands_spread": {
        "mean": 43.2537231445,
        "var": 565.923339844
    },
    "pitch_salience": {
        "mean": 0.508888423443,
        "var": 0.0104431528598
    },
    "silence_rate_20dB": {
        "mean": 1,
        "var": 0
    },
    "silence_rate_30dB": {
        "mean": 1,
        "var": 0
    },
    "silence_rate_60dB": {
        "mean": 0.0123520325869,
        "var": 0.01219947543
    },
    "spectral_centroid": {
        "mean": 2158.09008789,
        "var": 508338.3125
    },
    "spectral_complexity": {
        "mean": 18.3535766602,
        "var": 40.9491462708
    },
    "spectral_decrease": {
        "mean": -4.1677790108e-009,
        "var": 8.98795180292e-018
    },
    "spectral_energy": {
        "mean": 0.0173753648996,
        "var": 0.00014492443006
    },
    "spectral_energyband_high": {
        "mean": 0.000274489022559,
        "var": 1.43203834568e-007
    },
    "spectral_energyband_low": {
        "mean": 0.00722984503955,
        "var": 6.55889016343e-005
    },
    "spectral_energyband_middle_high": {
        "mean": 0.00553827127442,
        "var": 1.59339524544e-005
    },
    "spectral_energyband_middle_low": {
        "mean": 0.00563737424091,
        "var": 2.80311487586e-005
    },
    "spectral_entropy": {
        "mean": 7.26118135452,
        "var": 0.104076690972
    },
    "spectral_flux": {
        "mean": 0.0701134055853,
        "var": 0.00092383264564
    },
    "spectral_kurtosis": {
        "mean": 4.79055070877,
        "var": 10.6770038605
    },
    "spectral_rms": {
        "mean": 0.00391031941399,
        "var": 1.66098459431e-006
    },
    "spectral_rolloff": {
        "mean": 2419.53320313,
        "var": 1588564.75
    },
    "spectral_skewness": {
        "mean": 0.912823498249,
        "var": 0.136565208435
    },
    "spectral_spread": {
        "mean": 2877773,
        "var": 2.89683459277e+012
    },
    "spectral_strongpeak": {
        "mean": 1.75331056118,
        "var": 9.97815799713
    },
    "zerocrossingrate": {
        "mean": 0.073720164597,
        "var": 0.00095770630287
    },
    "barkbands": {
        "mean": [6.8431829277e-005, 0.00216284301132, 0.00371883157641, 0.00169769884087, 0.00127446756233, 0.00116578955203, 0.000917256402317, 0.000231194702792, 0.000293792923912, 0.000404863239964, 0.00010622706759, 7.6511350926e-005, 7.10310050636e-005, 0.000107572377601, 0.0011048266897, 0.000559354491998, 0.000381122576073, 0.000775137625169, 0.00181470043026, 0.000257445586612, 7.5138923421e-005, 4.5746062824e-005, 3.34310898324e-005, 2.81702323264e-005, 3.35494314641e-006, 4.43329753352e-007, 6.32555208213e-009],
        "var": [2.72973785798e-008, 4.14387204728e-006, 2.5878804081e-005, 7.80354093877e-006, 4.18082117903e-006, 1.08633719265e-006, 1.30669593545e-006, 9.86557964211e-008, 1.0584811605e-007, 1.68268016409e-007, 1.64539848413e-008, 8.31547986024e-009, 7.84345122185e-009, 1.70101177588e-008, 2.86902877633e-006, 4.29796614299e-007, 2.16850651213e-007, 1.00563261185e-006, 7.69572761783e-006, 6.74413911383e-008, 1.14674447715e-008, 8.10584666056e-009, 8.59006288323e-009, 5.88460569162e-009, 1.05209972678e-010, 4.74663927955e-012, 1.03837112553e-015]
    },
    "erbbands": {
        "mean": [0.0367810502648, 0.600951969624, 3.26767587662, 6.63021945953, 3.32771587372, 5.81407880783, 6.33332014084, 9.36935329437, 14.2435846329, 7.40753173828, 6.16613149643, 6.78358745575, 6.75545454025, 14.0705766678, 3.39857792854, 3.73370480537, 3.30164027214, 5.38203287125, 11.5450172424, 74.1180877686, 35.1626701355, 20.2864151001, 40.3496551514, 52.8311424255, 99.0853118896, 14.1488285065, 5.18718004227, 1.58584463596, 1.9684278965, 0.98978471756, 0.964002907276, 0.796146214008, 0.34140431881, 0.0695298090577, 0.0118499612436, 0.00320230261423, 0.000617265643086, 5.30980396434e-005, 1.24870684886e-005, 2.18895002035e-005],
        "var": [0.0011532799108, 0.326468318701, 15.3480052948, 114.918518066, 24.5327301025, 96.6520690918, 40.9481964111, 65.5948181152, 313.967376709, 72.8828201294, 57.0438232422, 57.1244239807, 37.498260498, 206.854248047, 10.5302476883, 19.2962474823, 15.3354892731, 43.8947029114, 177.746353149, 11691.9765625, 1547.72338867, 448.613433838, 2324.34106445, 2728.27832031, 29939.40625, 176.199645996, 38.9031143188, 7.16275930405, 12.7456798553, 6.23445701599, 7.2306303978, 4.93295955658, 0.926032543182, 0.040748976171, 0.00183531199582, 0.000241392859607, 7.85843621998e-006, 4.55480915207e-008, 1.08644017394e-010, 2.16250684026e-010]
    },
    "gfcc": {
        "mean": [-44.9921684265, 135.746368408, -157.891540527, 67.949432373, -44.2086334229, -13.7598009109, -30.936498642, 10.0334863663, -10.0375852585, -15.0176334381, -1.26668381691, -15.1239213943, 2.13311767578],
        "cov": [[4390.79785156, -334.064727783, -41.9726219177, 503.843109131, -321.910400391, 314.753814697, -205.353607178, 69.3723373413, -96.7225189209, -124.535835266, -64.8439102173, -42.4592323303, -181.380630493], [-334.064727783, 531.221557617, -156.418380737, -77.5628738403, 156.66809082, -157.423309326, 72.0602874756, -62.878578186, 67.5720214844, -18.3697986603, 47.2140350342, -50.1546516418, 75.8508682251], [-41.9726219177, -156.418380737, 436.779754639, 102.260826111, -129.756195068, 246.699401855, -54.6676826477, -9.96911716461, 24.3423061371, -36.6264038086, -19.5503082275, 8.61534309387, -52.0196495056], [503.843109131, -77.5628738403, 102.260826111, 233.864456177, -14.1839141846, 108.561782837, 7.0807056427, 24.0065841675, 49.4364852905, -53.660320282, 18.1670341492, -8.06144142151, -12.0352401733], [-321.910400391, 156.66809082, -129.756195068, -14.1839141846, 216.42427063, -118.681159973, 67.8562698364, 13.5297365189, 39.6747169495, 15.3556814194, -1.93593144417, -13.217373848, 34.2800827026], [314.753814697, -157.423309326, 246.699401855, 108.561782837, -118.681159973, 289.726470947, -56.6185684204, 6.31429958344, 56.6035766602, -34.8757781982, -15.2221097946, -12.2648077011, -25.3745708466], [-205.353607178, 72.0602874756, -54.6676826477, 7.0807056427, 67.8562698364, -56.6185684204, 123.062767029, 31.5975837708, -7.02710771561, 7.97121524811, 11.958325386, 0.217028826475, 13.4884853363], [69.3723373413, -62.878578186, -9.96911716461, 24.0065841675, 13.5297365189, 6.31429958344, 31.5975837708, 79.1755065918, 11.6347169876, 8.23875617981, -5.62090873718, 8.14727878571, -6.36232805252], [-96.7225189209, 67.5720214844, 24.3423061371, 49.4364852905, 39.6747169495, 56.6035766602, -7.02710771561, 11.6347169876, 141.408325195, 6.69196033478, 6.22210741043, -16.792098999, 30.174413681], [-124.535835266, -18.3697986603, -36.6264038086, -53.660320282, 15.3556814194, -34.8757781982, 7.97121524811, 8.23875617981, 6.69196033478, 87.7936019897, -2.06736588478, 14.8489809036, 2.90151023865], [-64.8439102173, 47.2140350342, -19.5503082275, 18.1670341492, -1.93593144417, -15.2221097946, 11.958325386, -5.62090873718, 6.22210741043, -2.06736588478, 85.8028869629, 10.399066925, 13.5662546158], [-42.4592323303, -50.1546516418, 8.61534309387, -8.06144142151, -13.217373848, -12.2648077011, 0.217028826475, 8.14727878571, -16.792098999, 14.8489809036, 10.399066925, 79.3238449097, 15.4589548111], [-181.380630493, 75.8508682251, -52.0196495056, -12.0352401733, 34.2800827026, -25.3745708466, 13.4884853363, -6.36232805252, 30.174413681, 2.90151023865, 13.5662546158, 15.4589548111, 90.1626358032]],
        "icov": [[0.000949704146478, -0.0014037246583, 0.00191810785327, -0.00322706322186, 0.00128187786322, -0.00158278981689, 0.00231534056365, -0.00165926374029, 0.00222883513197, -0.00110693392344, 0.00157081440557, -0.000607306545135, 0.00152852700558], [-0.0014037246583, 0.0071592698805, -0.00310057238676, 0.00678570428863, -0.00312101235613, 0.00434067379683, -0.00615812465549, 0.00668893521652, -0.00677734101191, 0.00454219197854, -0.0043581975624, 0.00329298852012, -0.00371522875503], [0.00191810785327, -0.00310057238676, 0.0089137237519, -0.00703629758209, 0.00319058494642, -0.00711907912046, 0.00429918710142, -0.00200729351491, 0.0044853691943, -0.00197688816115, 0.00394984893501, -0.00320056010969, 0.00518620060757], [-0.00322706322186, 0.00678570428863, -0.00703629758209, 0.0186702273786, -0.00540935620666, 0.00434917630628, -0.00996920652688, 0.00572725757957, -0.0107729304582, 0.00873181130737, -0.00790740270168, 0.00243237265386, -0.00449465820566], [0.00128187786322, -0.00312101235613, 0.00319058494642, -0.00540935620666, 0.0107344752178, 0.000871568685398, 0.000461182702566, -0.00296155991964, 0.000107400599518, -0.00198450637981, 0.00443706428632, -0.00046604606905, 0.00164936389774], [-0.00158278981689, 0.00434067379683, -0.00711907912046, 0.00434917630628, 0.000871568685398, 0.0132666155696, -0.0038086429704, 0.00293431058526, -0.00826725177467, 0.00363265047781, -0.00217790156603, 0.00361912185326, -0.00382645637728], [0.00231534056365, -0.00615812465549, 0.00429918710142, -0.00996920652688, 0.000461182702566, -0.0038086429704, 0.0192406829447, -0.0111482739449, 0.00990006327629, -0.00512928562239, 0.00305409263819, -0.00142718409188, 0.00271279760636], [-0.00165926374029, 0.00668893521652, -0.00200729351491, 0.00572725757957, -0.00296155991964, 0.00293431058526, -0.0111482739449, 0.0228618439287, -0.00860729720443, 0.00291203265078, -0.00223742332309, -9.80300246738e-005, -0.000985581194982], [0.00222883513197, -0.00677734101191, 0.0044853691943, -0.0107729304582, 0.000107400599518, -0.00826725177467, 0.00990006327629, -0.00860729720443, 0.0195053126663, -0.00776697136462, 0.00369894271716, 1.22601868497e-005, 4.27286431659e-005], [-0.00110693392344, 0.00454219197854, -0.00197688816115, 0.00873181130737, -0.00198450637981, 0.00363265047781, -0.00512928562239, 0.00291203265078, -0.00776697136462, 0.018010834232, -0.00289131491445, -0.00118943874259, -0.000614629359916], [0.00157081440557, -0.0043581975624, 0.00394984893501, -0.00790740270168, 0.00443706428632, -0.00217790156603, 0.00305409263819, -0.00223742332309, 0.00369894271716, -0.00289131491445, 0.0167434252799, -0.00380798708647, 0.00212384830229], [-0.000607306545135, 0.00329298852012, -0.00320056010969, 0.00243237265386, -0.00046604606905, 0.00361912185326, -0.00142718409188, -9.80300246738e-005, 1.22601868497e-005, -0.00118943874259, -0.00380798708647, 0.017444582656, -0.0064954245463], [0.00152852700558, -0.00371522875503, 0.00518620060757, -0.00449465820566, 0.00164936389774, -0.00382645637728, 0.00271279760636, -0.000985581194982, 4.27286431659e-005, -0.000614629359916, 0.00212384830229, -0.0064954245463, 0.0183039829135]]
    },
    "melbands": {
        "mean": [0.000468968995847, 0.00148163828999, 0.00101858470589, 0.000324792315951, 0.000228077653446, 0.000217076129047, 0.000211834732909, 6.90159213264e-005, 5.4175794503e-005, 3.91508947359e-005, 3.4378736018e-005, 6.07182155363e-005, 1.27128851091e-005, 8.27939948067e-006, 9.554348253e-006, 6.0923402998e-006, 1.05142089524e-005, 8.0121881183e-006, 8.59969368321e-005, 6.72427049722e-005, 3.73676593881e-005, 1.61044372362e-005, 2.74559115496e-005, 4.84292104375e-005, 3.21202642226e-005, 0.000100991361251, 2.23755487241e-005, 6.15573981122e-006, 4.16748162024e-006, 1.07134394511e-006, 7.64203434755e-007, 1.20165225326e-006, 7.24946175978e-007, 4.92211029268e-007, 5.35845060767e-007, 5.89859212141e-007, 4.45099715307e-007, 2.77946497818e-007, 1.10666320552e-007, 3.91244903142e-008],
        "var": [1.79379355814e-007, 2.61295645032e-006, 2.35217089539e-006, 2.56992620962e-007, 5.88409214686e-008, 3.5042376112e-008, 6.92184158879e-008, 6.38455155411e-009, 4.1219547775e-009, 1.83247350627e-009, 1.00928809754e-009, 4.11739753403e-009, 1.98900909631e-010, 1.03151827358e-010, 1.24275909008e-010, 5.96710805767e-011, 1.89267393425e-010, 9.9498180528e-011, 1.66435292215e-008, 6.94735158291e-009, 2.2894930396e-009, 3.05212549678e-010, 1.1006013878e-009, 5.28807664324e-009, 1.59293900293e-009, 3.26821378849e-008, 7.72481689726e-010, 4.85652039417e-011, 3.22756023297e-011, 3.54734102335e-012, 2.18622082243e-012, 4.46866111822e-012, 3.12901354133e-012, 1.75821824547e-012, 2.35164795623e-012, 3.38469291657e-012, 1.47663554561e-012, 6.25562102119e-013, 1.10935661156e-013, 1.55640423645e-014]
    },
    "mfcc": {
        "mean": [-666.782226563, 138.798782349, -33.3059692383, 62.4136505127, 9.818983078, -11.5789213181, -2.32108879089, 8.38515090942, -2.6789021492, 11.6093931198, -8.06472873688, -8.97833347321, 3.38357400894],
        "cov": [[2448.53393555, -675.588806152, 462.690307617, 29.7643203735, 110.140800476, 151.800827026, 5.39420080185, 163.801513672, -89.7099914551, 34.541305542, -4.70466947556, 37.5403137207, -95.5741424561], [-675.588806152, 642.85748291, -357.765869141, 93.4250640869, -31.5841388702, -81.9696578979, 13.5294914246, -85.3844604492, 26.1741027832, -8.14640235901, -8.15519428253, -34.4226303101, 47.4706764221], [462.690307617, -357.765869141, 678.729431152, -147.578735352, 70.7948532104, 185.784713745, -40.9362373352, 108.965011597, -29.1873435974, 19.9251537323, -12.2089653015, 57.8391723633, -75.8014373779], [29.7643203735, 93.4250640869, -147.578735352, 204.280715942, 12.9935188293, -32.6957702637, 29.2919769287, 23.2415027618, 21.4471664429, -0.940529048443, 16.1711521149, -10.6373529434, 26.3513355255], [110.140800476, -31.5841388702, 70.7948532104, 12.9935188293, 117.436637878, 44.1945724487, -29.6492767334, 37.2172355652, 18.5865249634, 27.9037437439, -12.4653434753, 13.2167358398, -10.1706886292], [151.800827026, -81.9696578979, 185.784713745, -32.6957702637, 44.1945724487, 129.169662476, -16.1827545166, 34.7462921143, 11.4640045166, 20.2109584808, 1.51546144485, 19.379983902, -22.7261161804], [5.39420080185, 13.5294914246, -40.9362373352, 29.2919769287, -29.6492767334, -16.1827545166, 93.475440979, 9.04862976074, -17.0708560944, -4.55537652969, 8.76473236084, -13.4970264435, 6.21682691574], [163.801513672, -85.3844604492, 108.965011597, 23.2415027618, 37.2172355652, 34.7462921143, 9.04862976074, 106.439224243, 19.6255931854, 10.9731483459, 3.23132896423, 7.38879680634, -17.0713443756], [-89.7099914551, 26.1741027832, -29.1873435974, 21.4471664429, 18.5865249634, 11.4640045166, -17.0708560944, 19.6255931854, 93.9931106567, 35.6152267456, -4.86881494522, -6.01858234406, 6.78608083725], [34.541305542, -8.14640235901, 19.9251537323, -0.940529048443, 27.9037437439, 20.2109584808, -4.55537652969, 10.9731483459, 35.6152267456, 89.0165252686, 8.91213130951, -5.86792612076, -4.19452667236], [-4.70466947556, -8.15519428253, -12.2089653015, 16.1711521149, -12.4653434753, 1.51546144485, 8.76473236084, 3.23132896423, -4.86881494522, 8.91213130951, 70.3613433838, 16.5090007782, -3.9957151413], [37.5403137207, -34.4226303101, 57.8391723633, -10.6373529434, 13.2167358398, 19.379983902, -13.4970264435, 7.38879680634, -6.01858234406, -5.86792612076, 16.5090007782, 76.8727645874, 4.84081745148], [-95.5741424561, 47.4706764221, -75.8014373779, 26.3513355255, -10.1706886292, -22.7261161804, 6.21682691574, -17.0713443756, 6.78608083725, -4.19452667236, -3.9957151413, 4.84081745148, 64.8334350586]],
        "icov": [[0.000710507796612, 0.000675726332702, 5.06578326167e-005, -0.000612578121945, -9.91022825474e-005, -0.000408564141253, 7.32002226869e-005, -0.00036381825339, 0.000964563630987, -0.000472380954307, 0.000450025690952, -8.82125168573e-005, 0.000502061855514], [0.000675726332702, 0.00296859769151, 0.00109037128277, -0.00105909339618, -0.000160979179782, -0.00081882457016, 4.97097535117e-005, 0.000748648773879, 0.000548470532522, -0.000388376880437, 0.000878133403603, 4.07074594477e-006, 0.000379192235414], [5.06578326167e-005, 0.00109037128277, 0.00440046610311, 0.00160110963043, 0.000390104774851, -0.00414480827749, 0.000857691396959, -0.00292979832739, 0.00205966737121, -0.000654648640193, 0.00136974058114, -0.00149079191033, 0.00146286340896], [-0.000612578121945, -0.00105909339618, 0.00160110963043, 0.00800993014127, -0.00180052034557, 0.000440042611444, -0.001605178928, -0.00286246044561, -0.00144284695853, 0.0013359390432, -0.00224055047147, 0.000527952041011, -0.0021792629268], [-9.91022825474e-005, -0.000160979179782, 0.000390104774851, -0.00180052034557, 0.0133111206815, -0.00317747029476, 0.0041389958933, -0.00362380291335, 0.00119146110956, -0.00380865717307, 0.00361271901056, -0.00200152955949, 0.000783969881013], [-0.000408564141253, -0.00081882457016, -0.00414480827749, 0.000440042611444, -0.00317747029476, 0.0148630216718, -0.000848470546771, 0.00118861615192, -0.00325286504813, -6.73826580169e-005, -0.00189667835366, -0.00032439106144, 0.00032166953315], [7.32002226869e-005, 4.97097535117e-005, 0.000857691396959, -0.001605178928, 0.0041389958933, -0.000848470546771, 0.0141276810318, -0.00383551511914, 0.0041579711251, -0.00170637620613, -0.000274873018498, 0.00178664899431, -0.000981970690191], [-0.00036381825339, 0.000748648773879, -0.00292979832739, -0.00286246044561, -0.00362380291335, 0.00118861615192, -0.00383551511914, 0.0164679512382, -0.00523456698284, 0.00180043000728, -0.00128998106811, 0.000281503977021, 0.0017695215065], [0.000964563630987, 0.000548470532522, 0.00205966737121, -0.00144284695853, 0.00119146110956, -0.00325286504813, 0.0041579711251, -0.00523456698284, 0.0171514935791, -0.00674487231299, 0.00278099928983, 0.000153906745254, -0.000787180964835], [-0.000472380954307, -0.000388376880437, -0.000654648640193, 0.0013359390432, -0.00380865717307, -6.73826580169e-005, -0.00170637620613, 0.00180043000728, -0.00674487231299, 0.015697915107, -0.0041092983447, 0.00251269014552, -0.000423060584581], [0.000450025690952, 0.000878133403603, 0.00136974058114, -0.00224055047147, 0.00361271901056, -0.00189667835366, -0.000274873018498, -0.00128998106811, 0.00278099928983, -0.0041092983447, 0.0180248059332, -0.00539515540004, 0.0030779207591], [-8.82125168573e-005, 4.07074594477e-006, -0.00149079191033, 0.000527952041011, -0.00200152955949, -0.00032439106144, 0.00178664899431, 0.000281503977021, 0.000153906745254, 0.00251269014552, -0.00539515540004, 0.0165775418282, -0.00403931178153], [0.000502061855514, 0.000379192235414, 0.00146286340896, -0.0021792629268, 0.000783969881013, 0.00032166953315, -0.000981970690191, 0.0017695215065, -0.000787180964835, -0.000423060584581, 0.0030779207591, -0.00403931178153, 0.0198248531669]]
    },
    "spectral_contrast_coeffs": {
        "mean": [-0.659712672234, -0.739438354969, -0.776939094067, -0.735671520233, -0.710162699223, -0.736927032471],
        "var": [0.00479610404, 0.00378363463096, 0.00220459490083, 0.00316827441566, 0.00301988818683, 0.000903264328372]
    },
    "spectral_contrast_valleys": {
        "mean": [-7.34211826324, -6.80385398865, -7.6824593544, -7.93836688995, -7.53531169891, -11.3492593765],
        "var": [1.21762120724, 0.981224954128, 0.872035861015, 0.836138010025, 0.881387650967, 1.27214884758]
    }
},
"metadata": {
    "audio_properties": {
        "analysis_sample_rate": 44100,
        "bit_rate": 119895,
        "equal_loudness": 0,
        "length": 45.0873451233,
        "lossless": 0,
        "replay_gain": -13.6072025299,
        "sample_rate": 44100,
        "codec": "mp3",
        "downmix": "mix",
        "md5_encoded": "3ebfe9c22cfbf0890d98a2afcb639f97"
    },
    "tags": {
        "file_name": "318.mp3"
    },
    "version": {
        "essentia": "2.1-beta2",
        "essentia_git_sha": "v2.1_beta2",
        "extractor": "music 1.0"
    }
},
"rhythm": {
    "beats_count": 64,
    "beats_loudness": {
        "mean": 0.0314260050654,
        "var": 0.000169169696164
    },
    "bpm": 86.1876983643,
    "bpm_histogram_first_peak_bpm": {
        "mean": 86,
        "var": 0
    },
    "bpm_histogram_first_peak_spread": {
        "mean": 0.180327862501,
        "var": 0
    },
    "bpm_histogram_first_peak_weight": {
        "mean": 0.79365080595,
        "var": 0
    },
    "bpm_histogram_second_peak_bpm": {
        "mean": 80,
        "var": 0
    },
    "bpm_histogram_second_peak_spread": {
        "mean": 0,
        "var": 0
    },
    "bpm_histogram_second_peak_weight": {
        "mean": 0.0317460335791,
        "var": 0
    },
    "danceability": 1.54878866673,
    "onset_rate": 4.81102180481,
    "beats_loudness_band_ratio": {
        "mean": [0.522388875484, 0.170611172915, 0.0902078896761, 0.0345739610493, 0.133020401001, 0.075847260654],
        "var": [0.0395195707679, 0.00687540881336, 0.00704362383112, 0.000648162618745, 0.00921911746264, 0.00427829520777]
    },
    "beats_position": [0.731428563595, 1.47446703911, 2.22911548615, 2.94893407822, 3.64553284645, 4.34213161469, 5.0387301445, 5.73532867432, 6.43192720413, 7.11691617966, 7.8251247406, 8.52172279358, 9.21832180023, 9.91492080688, 10.6115188599, 11.3081178665, 12.0047159195, 12.7013149261, 13.3979139328, 14.0829019547, 14.7678909302, 15.4644899368, 16.1610889435, 16.8692970276, 17.5658950806, 18.2624931335, 18.9474830627, 19.6440811157, 20.3406791687, 21.037279129, 21.733877182, 22.430475235, 23.1154651642, 23.8236732483, 24.5202713013, 25.2168693542, 25.9134693146, 26.6100673676, 27.3066654205, 27.9916553497, 28.6766433716, 29.3732414246, 30.0698413849, 30.7664394379, 31.4630374908, 32.1596374512, 32.8562355042, 33.5528335571, 34.2494316101, 34.9460296631, 35.6426315308, 36.3508377075, 37.0358276367, 37.7324256897, 38.4290237427, 39.1256217957, 39.8222198486, 40.5304298401, 41.2154197693, 41.9120178223, 42.5970077515, 43.3052139282, 44.0018119812, 44.6984100342]
},
"tonal": {
    "chords_changes_rate": 0.0576131679118,
    "chords_number_rate": 0.00617283955216,
    "chords_strength": {
        "mean": 0.485800296068,
        "var": 0.00809908658266
    },
    "hpcp_entropy": {
        "mean": 2.10965585709,
        "var": 0.557540416718
    },
    "key_strength": 0.749961197376,
    "tuning_diatonic_strength": 0.535834610462,
    "tuning_equal_tempered_deviation": 0.0398660413921,
    "tuning_frequency": 438.477722168,
    "tuning_nontempered_energy_ratio": 0.683239936829,
    "hpcp": {
        "mean": [0.483394414186, 0.317629516125, 0.139807954431, 0.165452495217, 0.177108243108, 0.226564303041, 0.262301117182, 0.189788252115, 0.168484151363, 0.176777854562, 0.134390324354, 0.134768843651, 0.127755016088, 0.0830255448818, 0.0809983462095, 0.096576243639, 0.0861401706934, 0.0930822938681, 0.11413282156, 0.136224403977, 0.278776168823, 0.357753306627, 0.222693324089, 0.127674594522, 0.103143781424, 0.069992646575, 0.0877749919891, 0.118933007121, 0.0970949977636, 0.112859472632, 0.145653441548, 0.112416677177, 0.0905528068542, 0.0956471115351, 0.114780187607, 0.299816638231],
        "var": [0.149239867926, 0.0749483779073, 0.0315000601113, 0.0501199439168, 0.0488436035812, 0.0612444654107, 0.0879052877426, 0.0505211241543, 0.0800458341837, 0.0898986905813, 0.0584141537547, 0.0506542138755, 0.0415657423437, 0.0229430869222, 0.017123805359, 0.0236343406141, 0.0221153181046, 0.0296663809568, 0.0456613004208, 0.0396540947258, 0.0733737424016, 0.101250112057, 0.0524279735982, 0.0432406775653, 0.0401707775891, 0.0221207942814, 0.019971087575, 0.0314138047397, 0.0186421349645, 0.0235689803958, 0.0456640347838, 0.0328690595925, 0.0184412468225, 0.0209351442754, 0.0296610891819, 0.0675860866904]
    },
    "chords_histogram": [45.3703689575, 0, 12.7572011948, 0, 0, 0.514403283596, 3.70370364189, 22.6337451935, 0, 8.23045253754, 0, 0.720164597034, 0.205761313438, 0, 0, 0, 0, 0, 0, 5.45267486572, 0, 0, 0, 0.411522626877],
    "thpcp": [1, 0.657081484795, 0.289221286774, 0.342272251844, 0.366384536028, 0.468694508076, 0.542623400688, 0.392615735531, 0.348543852568, 0.365701079369, 0.278013825417, 0.278796851635, 0.26428732276, 0.171755284071, 0.167561605573, 0.199787676334, 0.178198516369, 0.192559719086, 0.236107036471, 0.281807988882, 0.576705396175, 0.740085721016, 0.460686594248, 0.264120966196, 0.213373959064, 0.144794076681, 0.181580483913, 0.246037200093, 0.20086081326, 0.233472853899, 0.301313877106, 0.232556834817, 0.187326967716, 0.197865575552, 0.237446248531, 0.620231926441],
    "chords_key": "A",
    "chords_scale": "minor",
    "key_key": "A",
    "key_scale": "minor"
}
}