{
"lowlevel": {
    "average_loudness": 0.515319406986,
    "barkbands_crest": {
        "mean": 14.8793582916,
        "var": 25.0463275909
    },
    "barkbands_flatness_db": {
        "mean": 0.322189211845,
        "var": 0.0113618467003
    },
    "barkbands_kurtosis": {
        "mean": 13.1139440536,
        "var": 540.172607422
    },
    "barkbands_skewness": {
        "mean": 2.20111298561,
        "var": 3.24248123169
    },
    "barkbands_spread": {
        "mean": 6.46302604675,
        "var": 23.255355835
    },
    "dissonance": {
        "mean": 0.356617599726,
        "var": 0.0060732034035
    },
    "dynamic_complexity": 5.52573442459,
    "erbbands_crest": {
        "mean": 14.3041934967,
        "var": 25.4356212616
    },
    "erbbands_flatness_db": {
        "mean": 0.30674919486,
        "var": 0.00716232601553
    },
    "erbbands_kurtosis": {
        "mean": 2.43136906624,
        "var": 39.5134162903
    },
    "erbbands_skewness": {
        "mean": 0.995447158813,
        "var": 1.01033222675
    },
    "erbbands_spread": {
        "mean": 19.6530132294,
        "var": 125.358360291
    },
    "hfc": {
        "mean": 6.72883415222,
        "var": 77.2934341431
    },
    "melbands_crest": {
        "mean": 20.6365833282,
        "var": 36.9734725952
    },
    "melbands_flatness_db": {
        "mean": 0.388835161924,
        "var": 0.0182600878179
    },
    "melbands_kurtosis": {
        "mean": 17.3428173065,
        "var": 545.133361816
    },
    "melbands_skewness": {
        "mean": 2.59223246574,
        "var": 3.36028718948
    },
    "melbands_spread": {
        "mean": 8.42983150482,
        "var": 55.5491485596
    },
    "pitch_salience": {
        "mean": 0.457619249821,
        "var": 0.0199454594404
    },
    "silence_rate_20dB": {
        "mean": 1,
        "var": 0
    },
    "silence_rate_30dB": {
        "mean": 0.980432569981,
        "var": 0.0191842801869
    },
    "silence_rate_60dB": {
        "mean": 0.287332653999,
        "var": 0.204772725701
    },
    "spectral_centroid": {
        "mean": 591.842346191,
        "var": 207047.1875
    },
    "spectral_complexity": {
        "mean": 6.50772380829,
        "var": 18.0904121399
    },
    "spectral_decrease": {
        "mean": -4.50055770429e-009,
        "var": 4.39106478981e-017
    },
    "spectral_energy": {
        "mean": 0.0175964478403,
        "var": 0.000659370212816
    },
    "spectral_energyband_high": {
        "mean": 6.30824433756e-005,
        "var": 3.94811614512e-008
    },
    "spectral_energyband_low": {
        "mean": 0.00394192989916,
        "var": 0.000118934396596
    },
    "spectral_energyband_middle_high": {
        "mean": 0.00184310181066,
        "var": 1.17873651106e-005
    },
    "spectral_energyband_middle_low": {
        "mean": 0.0121858930215,
        "var": 0.000375429488486
    },
    "spectral_entropy": {
        "mean": 5.75175094604,
        "var": 0.757300972939
    },
    "spectral_flux": {
        "mean": 0.0396294258535,
        "var": 0.00215040985495
    },
    "spectral_kurtosis": {
        "mean": 45.7005310059,
        "var": 3890.43359375
    },
    "spectral_rms": {
        "mean": 0.00330040138215,
        "var": 6.27466170044e-006
    },
    "spectral_rolloff": {
        "mean": 677.6640625,
        "var": 486910.28125
    },
    "spectral_skewness": {
        "mean": 4.20081949234,
        "var": 9.31211948395
    },
    "spectral_spread": {
        "mean": 2282002.75,
        "var": 2.92030565581e+012
    },
    "spectral_strongpeak": {
        "mean": 0.951911687851,
        "var": 0.870525360107
    },
    "zerocrossingrate": {
        "mean": 0.025609370321,
        "var": 0.000419945718022
    },
    "barkbands": {
        "mean": [2.9065660101e-007, 0.000332843395881, 0.00318189081736, 0.000629675982054, 0.00755940703675, 0.00207489077002, 0.000931382412091, 0.000745112251025, 0.000219722496695, 0.000339462829288, 0.000514647981618, 0.000341525708791, 0.000124406302348, 0.00023598052212, 0.000178370508365, 1.68753613252e-005, 2.98043105431e-005, 2.74367503152e-005, 3.47617205989e-005, 3.52047718479e-005, 1.91150938917e-005, 9.14790689421e-006, 4.48035507361e-006, 7.05305728843e-006, 2.29483362091e-006, 6.63337061724e-007, 2.12066897376e-008],
        "var": [1.67227473188e-012, 1.02262242763e-006, 8.7293155957e-005, 2.73055366051e-006, 0.000271777738817, 1.70197508851e-005, 4.80302333017e-006, 1.71638350821e-006, 2.27493231364e-007, 2.61649256572e-006, 3.87132649848e-006, 5.37150185664e-007, 8.16381628965e-008, 5.03538842622e-007, 9.94553374767e-007, 1.42664791092e-009, 3.79649867099e-009, 4.23494572743e-009, 1.58164716879e-008, 1.31853790108e-008, 6.65770549801e-009, 7.75682573728e-010, 2.67827648948e-010, 8.03872357569e-010, 1.20469287324e-010, 1.23256075485e-011, 1.91098950764e-014]
    },
    "erbbands": {
        "mean": [0.00210302742198, 0.168906778097, 2.96718740463, 3.27781486511, 9.90509033203, 31.1923103333, 29.5886535645, 10.4936246872, 12.930721283, 11.0889520645, 19.1458072662, 6.26308298111, 4.39539957047, 17.8455886841, 19.4268493652, 14.971288681, 6.3510928154, 10.9551124573, 10.4478654861, 5.86122465134, 1.11333608627, 1.52439951897, 1.67813789845, 2.15496993065, 1.15433561802, 1.6773648262, 1.25261056423, 0.383786529303, 0.418075501919, 0.13779348135, 0.153336018324, 0.180019289255, 0.0942775383592, 0.0379926301539, 0.0071905371733, 0.00196424056776, 0.00139145168941, 0.000260219210759, 1.34034444272e-005, 1.98814668693e-005],
        "var": [3.36258453899e-005, 0.247408032417, 75.0555801392, 64.1621932983, 669.179504395, 6256.28955078, 3821.32885742, 410.43572998, 949.794128418, 737.393066406, 1202.21960449, 133.618621826, 132.563598633, 4161.25341797, 3358.49536133, 1207.0279541, 183.917755127, 1312.31506348, 590.772705078, 2153.57739258, 9.15890216827, 10.7246255875, 13.0084505081, 39.0503196716, 10.2828502655, 28.3036212921, 27.248216629, 1.7425866127, 1.94614696503, 0.149050056934, 0.340466707945, 0.623782992363, 0.175423517823, 0.0349793881178, 0.00101149268448, 7.40110044717e-005, 6.18833582848e-005, 2.61788818534e-006, 9.89049842026e-010, 8.16389622571e-010]
    },
    "gfcc": {
        "mean": [-199.560943604, 174.220550537, -127.591201782, -7.54854249954, -49.5870399475, -11.6154327393, -28.4651641846, -19.8403491974, -24.2625083923, -14.9232130051, -3.36727380753, -16.173910141, -6.44076251984],
        "cov": [[21859.0175781, -2165.09130859, -3443.3996582, 3137.17285156, -1144.05761719, -540.315673828, -1780.046875, -792.900268555, -867.98840332, 236.41468811, 444.103027344, 17.9749336243, 270.760620117], [-2165.09130859, 3147.12744141, 874.217163086, -767.139465332, 1447.26135254, -668.111694336, 88.7556686401, -435.284515381, 184.901870728, -229.113586426, -73.9405288696, -384.04309082, -68.7080307007], [-3443.3996582, 874.217163086, 2051.98876953, -455.02230835, 641.638183594, 221.940124512, 191.613632202, 150.714691162, -25.8423938751, -18.422492981, -299.912322998, -142.046112061, -174.976074219], [3137.17285156, -767.139465332, -455.02230835, 1531.31750488, -187.128433228, -42.1826858521, -314.618255615, -140.442977905, -151.015350342, -11.0522232056, 56.3070869446, -22.0079498291, 142.629318237], [-1144.05761719, 1447.26135254, 641.638183594, -187.128433228, 1025.38891602, -268.550689697, 25.8784751892, -179.334182739, 36.2053337097, -53.1718826294, -85.5053787231, -179.983047485, -83.417755127], [-540.315673828, -668.111694336, 221.940124512, -42.1826858521, -268.550689697, 517.444824219, 147.549407959, 217.887268066, 2.32706880569, 65.8782501221, -33.0152511597, 70.8224258423, -28.3731384277], [-1780.046875, 88.7556686401, 191.613632202, -314.618255615, 25.8784751892, 147.549407959, 449.076416016, 191.489562988, 113.869255066, -24.8558654785, -76.1800308228, 38.5838737488, -45.649017334], [-792.900268555, -435.284515381, 150.714691162, -140.442977905, -179.334182739, 217.887268066, 191.489562988, 323.565856934, 55.4383811951, 39.9609298706, -55.0008430481, 75.50831604, -52.4683532715], [-867.98840332, 184.901870728, -25.8423938751, -151.015350342, 36.2053337097, 2.32706880569, 113.869255066, 55.4383811951, 219.866668701, -1.16045558453, 27.6421146393, 20.0323371887, -16.2433872223], [236.41468811, -229.113586426, -18.422492981, -11.0522232056, -53.1718826294, 65.8782501221, -24.8558654785, 39.9609298706, -1.16045558453, 124.351547241, -4.36681747437, 26.793920517, -16.8881816864], [444.103027344, -73.9405288696, -299.912322998, 56.3070869446, -85.5053787231, -33.0152511597, -76.1800308228, -55.0008430481, 27.6421146393, -4.36681747437, 174.701461792, 34.5035591125, 12.2518138885], [17.9749336243, -384.04309082, -142.046112061, -22.0079498291, -179.983047485, 70.8224258423, 38.5838737488, 75.50831604, 20.0323371887, 26.793920517, 34.5035591125, 162.838424683, -12.3868207932], [270.760620117, -68.7080307007, -174.976074219, 142.629318237, -83.417755127, -28.3731384277, -45.649017334, -52.4683532715, -16.2433872223, -16.8881816864, 12.2518138885, -12.3868207932, 131.588989258]],
        "icov": [[0.000154160676175, -0.000302820379147, 0.000292682729196, -0.000286593305646, 0.000257697101915, -0.000186164266779, 0.000397899537347, -0.000153655942995, 0.000511163030751, -0.000389139837353, 0.000208548401133, -0.000184402626473, 0.000400871271268], [-0.000302820379147, 0.00376748736016, -0.00109102914575, 0.00173373415601, -0.00305795995519, 0.00202847155742, -0.00143070041668, 0.00234672869556, -0.002908147173, 0.00316028646193, -0.00105288892519, 0.0031474053394, -0.00136054318864], [0.000292682729196, -0.00109102914575, 0.0017110198969, -0.000564260815736, 0.000232557344134, -0.00136307231151, 0.00119146716315, -0.000964789418504, 0.00142250349745, -0.000608671864029, 0.00174074200913, -0.000504935742356, 0.00148490048014], [-0.000286593305646, 0.00173373415601, -0.000564260815736, 0.00184298306704, -0.00147354323417, 0.000741722178645, -0.000436720525613, 0.000974163820501, -0.00134811806493, 0.00185073597822, -0.000478650938021, 0.00142342911568, -0.00154055468738], [0.000257697101915, -0.00305795995519, 0.000232557344134, -0.00147354323417, 0.00464028958231, -0.00062485988019, 0.000586921931244, -0.000724813435227, 0.00188902090304, -0.00291148386896, 0.000862179964315, -0.00141174555756, 0.0021473064553], [-0.000186164266779, 0.00202847155742, -0.00136307231151, 0.000741722178645, -0.00062485988019, 0.00473277410492, -0.00179177999962, 0.000138181712828, -0.0011817504419, 0.000227265220019, -0.00146886450239, 0.00167502765544, -0.000938640267123], [0.000397899537347, -0.00143070041668, 0.00119146716315, -0.000436720525613, 0.000586921931244, -0.00179177999962, 0.0055385036394, -0.00258426507935, 0.000258370942902, 0.000469847553177, 0.00233889836818, -0.00164572626818, 0.00108807208017], [-0.000153655942995, 0.00234672869556, -0.000964789418504, 0.000974163820501, -0.000724813435227, 0.000138181712828, -0.00258426507935, 0.00820564758033, -0.00273753656074, 0.000963535916526, 0.000759085989557, 0.000877104292158, 0.000945972220507], [0.000511163030751, -0.002908147173, 0.00142250349745, -0.00134811806493, 0.00188902090304, -0.0011817504419, 0.000258370942902, -0.00273753656074, 0.00890542753041, -0.00313866417855, -0.000813148391899, -0.00235627614893, 0.00127367314417], [-0.000389139837353, 0.00316028646193, -0.000608671864029, 0.00185073597822, -0.00291148386896, 0.000227265220019, 0.000469847553177, 0.000963535916526, -0.00313866417855, 0.0127127887681, 0.000339068676112, 0.00154344725888, -0.000256190600339], [0.000208548401133, -0.00105288892519, 0.00174074200913, -0.000478650938021, 0.000862179964315, -0.00146886450239, 0.00233889836818, 0.000759085989557, -0.000813148391899, 0.000339068676112, 0.00972967874259, -0.00223004538566, 0.00202584615909], [-0.000184402626473, 0.0031474053394, -0.000504935742356, 0.00142342911568, -0.00141174555756, 0.00167502765544, -0.00164572626818, 0.000877104292158, -0.00235627614893, 0.00154344725888, -0.00223004538566, 0.0115585420281, 0.000256480096141], [0.000400871271268, -0.00136054318864, 0.00148490048014, -0.00154055468738, 0.0021473064553, -0.000938640267123, 0.00108807208017, 0.000945972220507, 0.00127367314417, -0.000256190600339, 0.00202584615909, 0.000256480096141, 0.0115818437189]]
    },
    "melbands": {
        "mean": [4.54595174233e-005, 0.00108268496115, 0.000602526881266, 0.00166951364372, 0.00107028568164, 0.000253649457591, 0.000200804774067, 0.000117864859931, 0.000144444056787, 3.00683059322e-005, 2.18632558244e-005, 7.15509740985e-005, 7.77796158218e-005, 4.06001636293e-005, 2.27603613894e-005, 1.19146770885e-005, 2.21199770749e-005, 1.77852325578e-005, 1.25521410155e-005, 2.58153636423e-006, 1.02022045212e-006, 1.47694743191e-006, 1.68819178725e-006, 1.53538769609e-006, 1.83110046237e-006, 1.04682317215e-006, 8.56630094859e-007, 1.17631611829e-006, 1.06429843072e-006, 3.00215845073e-007, 1.64466939623e-007, 2.4956440825e-007, 1.51838250417e-007, 4.91711134032e-008, 8.82016450987e-008, 8.9968324346e-008, 1.17201395256e-007, 7.20925186215e-008, 4.58982363227e-008, 2.66822475226e-008],
        "var": [1.85453323809e-008, 1.001113651e-005, 1.75592617779e-006, 1.8746664864e-005, 4.227260888e-006, 2.25938180165e-007, 2.2435692415e-007, 6.45278248612e-008, 6.77062814702e-008, 3.91641785669e-009, 3.8999132812e-009, 7.7215126737e-008, 7.91626888486e-008, 7.50865858379e-009, 2.16175810586e-009, 6.98206548133e-010, 6.51883880209e-009, 1.5628944805e-009, 1.0539871198e-008, 1.61618537997e-010, 8.03419657192e-012, 1.3032754563e-011, 1.49547492445e-011, 1.28828718526e-011, 3.31496496919e-011, 1.8219896078e-011, 5.77379984101e-012, 1.70464128924e-011, 2.41665489703e-011, 1.41581234583e-012, 3.25745073276e-013, 7.16384850746e-013, 2.29744364809e-013, 2.12038858829e-014, 1.08594678931e-013, 1.88897698481e-013, 2.36980817999e-013, 1.19682692576e-013, 5.27584601711e-014, 1.78614040875e-014]
    },
    "mfcc": {
        "mean": [-819.444641113, 174.683349609, -2.27617430687, 5.5031504631, -2.63657617569, -0.38637304306, 1.83446848392, -8.73326778412, -15.1658315659, -4.3666009903, -6.1076836586, -9.3094329834, -9.17436122894],
        "cov": [[13274.6689453, 614.049255371, -2252.24926758, 967.833190918, -117.48727417, -22.645778656, -165.852249146, -748.391845703, -930.728027344, -335.21194458, -266.973205566, 0.353545129299, -166.524124146], [614.049255371, 2930.45947266, 90.5240020752, 19.9885959625, 618.579833984, 83.5009078979, -80.101020813, -293.230773926, -205.351348877, -114.176971436, -24.7355480194, -123.106948853, 31.9609127045], [-2252.24926758, 90.5240020752, 1368.15393066, 55.5565299988, 244.834014893, 208.976043701, 60.3964195251, 82.0525054932, 191.01612854, 19.2868518829, 20.9573078156, 20.3663959503, -36.8303604126], [967.833190918, 19.9885959625, 55.5565299988, 644.265441895, 209.361633301, 76.3069915771, 49.5101890564, -46.9931106567, -14.5253362656, -49.3201179504, -47.7990493774, -6.955265522, -11.5400285721], [-117.48727417, 618.579833984, 244.834014893, 209.361633301, 473.380218506, 119.630134583, 16.0463409424, -70.0827713013, -47.9681053162, -17.211473465, 7.09360599518, -20.5951900482, 4.29463291168], [-22.645778656, 83.5009078979, 208.976043701, 76.3069915771, 119.630134583, 253.584381104, 86.2919692993, -16.0242481232, 13.2535820007, 1.01723492146, -1.4002751112, -21.8334026337, -28.2022323608], [-165.852249146, -80.101020813, 60.3964195251, 49.5101890564, 16.0463409424, 86.2919692993, 198.29524231, 73.856300354, 45.3087425232, 34.5777931213, 10.673830986, -15.353887558, -21.920135498], [-748.391845703, -293.230773926, 82.0525054932, -46.9931106567, -70.0827713013, -16.0242481232, 73.856300354, 261.728515625, 143.887664795, 51.0720710754, 69.2399139404, 19.2209186554, 33.6643638611], [-930.728027344, -205.351348877, 191.01612854, -14.5253362656, -47.9681053162, 13.2535820007, 45.3087425232, 143.887664795, 297.015533447, 84.7423553467, 2.33765363693, 16.4038124084, 51.0887145996], [-335.21194458, -114.176971436, 19.2868518829, -49.3201179504, -17.211473465, 1.01723492146, 34.5777931213, 51.0720710754, 84.7423553467, 162.350540161, 25.1161880493, -12.0931520462, 28.918964386], [-266.973205566, -24.7355480194, 20.9573078156, -47.7990493774, 7.09360599518, -1.4002751112, 10.673830986, 69.2399139404, 2.33765363693, 25.1161880493, 169.170211792, 22.429189682, -15.9270334244], [0.353545129299, -123.106948853, 20.3663959503, -6.955265522, -20.5951900482, -21.8334026337, -15.353887558, 19.2209186554, 16.4038124084, -12.0931520462, 22.429189682, 116.885536194, 9.95677471161], [-166.524124146, 31.9609127045, -36.8303604126, -11.5400285721, 4.29463291168, -28.2022323608, -21.920135498, 33.6643638611, 51.0887145996, 28.918964386, -15.9270334244, 9.95677471161, 144.487136841]],
        "icov": [[0.000180413102498, -5.68494215258e-005, 0.00025827580248, -0.000320449908031, 0.000219710476813, -0.000226825024583, 8.44847818371e-005, 0.000140086340252, 0.000315737503115, -5.4788106354e-005, 0.000124762344058, -0.000224113071454, 0.000118642157759], [-5.68494215258e-005, 0.000619245576672, -3.68571782019e-005, 0.00040532159619, -0.000938688463066, 0.000229527053307, -9.96425078483e-005, 0.000470413186122, -0.000185905359103, 0.000448020116892, -0.000199686779524, 0.000607918307651, -0.000319379789289], [0.00025827580248, -3.68571782019e-005, 0.00143104151357, -0.000289618736133, -0.000329408387188, -0.000980621902272, 0.000370615947759, -1.01606956378e-005, -0.000335053162416, 0.000117985560792, 0.000253371108556, -0.000544764799997, 0.000684771279339], [-0.000320449908031, 0.00040532159619, -0.000289618736133, 0.00269919750281, -0.00175305339508, 0.000410993117839, -0.000721019634511, 0.000129878244479, -0.000917603087146, 0.000918971549254, 0.000214327767026, 0.000490025791805, -0.000194166233996], [0.000219710476813, -0.000938688463066, -0.000329408387188, -0.00175305339508, 0.00478163501248, -0.00137434178032, 0.000281510147033, 0.000182730931556, 0.00121884560212, -0.000840577529743, -0.000405244907597, -0.000586246023886, -0.000440368516138], [-0.000226825024583, 0.000229527053307, -0.000980621902272, 0.000410993117839, -0.00137434178032, 0.00633102469146, -0.00276516424492, 0.00113483075984, -0.000751003506593, 0.000505688774865, -0.000463106029201, 0.00106613629032, 0.000103166952613], [8.44847818371e-005, -9.96425078483e-005, 0.000370615947759, -0.000721019634511, 0.000281510147033, -0.00276516424492, 0.00767203699797, -0.00272673228756, 0.000356180389645, -0.00146882177796, 0.000796965730842, 0.000281663262285, 0.00164391531143], [0.000140086340252, 0.000470413186122, -1.01606956378e-005, 0.000129878244479, 0.000182730931556, 0.00113483075984, -0.00272673228756, 0.00792258419096, -0.00264585041441, 0.00091114960378, -0.00302374945022, 0.000267861789325, -0.00157691817731], [0.000315737503115, -0.000185905359103, -0.000335053162416, -0.000917603087146, 0.00121884560212, -0.000751003506593, 0.000356180389645, -0.00264585041441, 0.0067818518728, -0.00253327260725, 0.0015966463834, -0.0010796476854, -0.000906534551177], [-5.4788106354e-005, 0.000448020116892, 0.000117985560792, 0.000918971549254, -0.000840577529743, 0.000505688774865, -0.00146882177796, 0.00091114960378, -0.00253327260725, 0.00853167567402, -0.00162496534176, 0.00178620882798, -0.001484299195], [0.000124762344058, -0.000199686779524, 0.000253371108556, 0.000214327767026, -0.000405244907597, -0.000463106029201, 0.000796965730842, -0.00302374945022, 0.0015966463834, -0.00162496534176, 0.00794288888574, -0.00186619628221, 0.00178157608025], [-0.000224113071454, 0.000607918307651, -0.000544764799997, 0.000490025791805, -0.000586246023886, 0.00106613629032, 0.000281663262285, 0.000267861789325, -0.0010796476854, 0.00178620882798, -0.00186619628221, 0.010203412734, -0.00117124989629], [0.000118642157759, -0.000319379789289, 0.000684771279339, -0.000194166233996, -0.000440368516138, 0.000103166952613, 0.00164391531143, -0.00157691817731, -0.000906534551177, -0.001484299195, 0.00178157608025, -0.00117124989629, 0.00883221067488]]
    },
    "spectral_contrast_coeffs": {
        "mean": [-0.528180658817, -0.585590660572, -0.661194264889, -0.692594885826, -0.745204329491, -0.766982853413],
        "var": [0.0175469089299, 0.0157887861133, 0.0133039336652, 0.00757623324171, 0.00635391287506, 0.00816157646477]
    },
    "spectral_contrast_valleys": {
        "mean": [-9.37592983246, -8.85296440125, -9.52100276947, -10.3616018295, -10.7438592911, -13.9474010468],
        "var": [2.08380198479, 2.67977452278, 2.44858980179, 2.73830318451, 3.26264572144, 2.28494548798]
    }
},
"metadata": {
    "audio_properties": {
        "analysis_sample_rate": 44100,
        "bit_rate": 96792,
        "equal_loudness": 0,
        "length": 45.0612258911,
        "lossless": 0,
        "replay_gain": -8.76304626465,
        "sample_rate": 44100,
        "codec": "mp3",
        "downmix": "mix",
        "md5_encoded": "a864734de0d6fd8c02a8a64994960613"
    },
    "tags": {
        "file_name": "319.mp3"
    },
    "version": {
        "essentia": "2.1-beta2",
        "essentia_git_sha": "v2.1_beta2",
        "extractor": "music 1.0"
    }
},
"rhythm": {
    "beats_count": 77,
    "beats_loudness": {
        "mean": 0.0376197099686,
        "var": 0.00108353758696
    },
    "bpm": 103.720993042,
    "bpm_histogram_first_peak_bpm": {
        "mean": 103,
        "var": 0
    },
    "bpm_histogram_first_peak_spread": {
        "mean": 0.508771955967,
        "var": 0
    },
    "bpm_histogram_first_peak_weight": {
        "mean": 0.368421047926,
        "var": 0
    },
    "bpm_histogram_second_peak_bpm": {
        "mean": 108,
        "var": 0
    },
    "bpm_histogram_second_peak_spread": {
        "mean": 0.3125,
        "var": 0
    },
    "bpm_histogram_second_peak_weight": {
        "mean": 0.144736841321,
        "var": 0
    },
    "danceability": 1.1853042841,
    "onset_rate": 3.92621874809,
    "beats_loudness_band_ratio": {
        "mean": [0.167288079858, 0.466234833002, 0.145523890853, 0.196161925793, 0.0310436096042, 0.0130862863734],
        "var": [0.0350730903447, 0.0790433362126, 0.0106481993571, 0.0517469085753, 0.00105711678043, 0.000337751000188]
    },
    "beats_position": [0.66176867485, 1.31192743778, 1.90403628349, 2.46131515503, 3.04181408882, 3.59909296036, 4.15637159348, 4.72526073456, 5.30575942993, 5.87464857101, 6.47836732864, 7.07047605515, 7.65097475052, 8.2198638916, 8.80036258698, 9.35764122009, 9.93814086914, 10.5186395645, 11.0991382599, 11.7028570175, 12.3065757751, 12.8870744705, 13.4675731659, 14.0480718613, 14.6285715103, 15.1858501434, 15.7663488388, 16.3700675964, 16.9505672455, 17.5078449249, 18.0419044495, 18.5991840363, 19.179681778, 19.7253513336, 20.2942390442, 20.8747386932, 21.4436283112, 22.0125160217, 22.5697956085, 23.1386852264, 23.7191829681, 24.3112926483, 24.9266204834, 25.5187301636, 26.0992279053, 26.6797275543, 27.2718353271, 27.8639450073, 28.4444446564, 29.0249423981, 29.5822219849, 30.1511096954, 30.7199993134, 31.2540588379, 31.7881164551, 32.3105659485, 32.8794555664, 33.4483451843, 34.0404510498, 34.6441726685, 35.2478904724, 35.8283882141, 36.4088897705, 36.9893875122, 37.5698852539, 38.1503829956, 38.7076644897, 39.2881622314, 39.8686599731, 40.402721405, 40.9599990845, 41.5404968262, 42.1093864441, 42.7014961243, 43.2936058044, 43.8973236084, 44.4894332886]
},
"tonal": {
    "chords_changes_rate": 0.0668724253774,
    "chords_number_rate": 0.00720164598897,
    "chords_strength": {
        "mean": 0.491369783878,
        "var": 0.00823731441051
    },
    "hpcp_entropy": {
        "mean": 1.12975370884,
        "var": 0.709982335567
    },
    "key_strength": 0.786098062992,
    "tuning_diatonic_strength": 0.67744743824,
    "tuning_equal_tempered_deviation": 0.056348528713,
    "tuning_frequency": 437.465789795,
    "tuning_nontempered_energy_ratio": 0.682197034359,
    "hpcp": {
        "mean": [0.33655333519, 0.273722589016, 0.146872475743, 0.120203912258, 0.0763415023685, 0.0865437909961, 0.146260529757, 0.102206736803, 0.0273941736668, 0.020714757964, 0.0172834172845, 0.0347371175885, 0.0670588314533, 0.0693517923355, 0.172299012542, 0.335744917393, 0.214285209775, 0.0297003332525, 0.0123035414144, 0.0141411954537, 0.0456332266331, 0.0881193578243, 0.060003798455, 0.0148303266615, 0.0084382314235, 0.00884325988591, 0.061892721802, 0.114763841033, 0.0621390156448, 0.0135804582387, 0.0251904800534, 0.0194410514086, 0.0150042818859, 0.0213251113892, 0.0332016684115, 0.160184949636],
        "var": [0.160382911563, 0.103150002658, 0.0589130409062, 0.0561854690313, 0.0350084714592, 0.0344044938684, 0.105411671102, 0.0533711910248, 0.007545477245, 0.0078041064553, 0.00702662020922, 0.0123016117141, 0.0399083308876, 0.0352095514536, 0.0597078949213, 0.180466845632, 0.087809830904, 0.008540680632, 0.00497594196349, 0.00474807852879, 0.0144008789212, 0.0477552488446, 0.0246400237083, 0.00539411185309, 0.00385032547638, 0.00251437397674, 0.0283714067191, 0.0894727557898, 0.027810530737, 0.00335985980928, 0.0183021929115, 0.0083546275273, 0.00148692715447, 0.00347897293977, 0.0110565964133, 0.0609048046172]
    },
    "chords_histogram": [49.5884780884, 2.16049385071, 17.6954727173, 0, 0.823045253754, 0, 0, 0, 0, 0, 0, 0, 0, 0, 0, 3.29218101501, 0, 10.6995887756, 0, 0, 0.308641970158, 2.16049385071, 0.823045253754, 12.448559761],
    "thpcp": [1, 0.813311159611, 0.43640178442, 0.357161551714, 0.226833298802, 0.257147341967, 0.434583514929, 0.303686589003, 0.0813962295651, 0.0615497045219, 0.0513541698456, 0.103214301169, 0.19925172627, 0.206064790487, 0.511951565742, 0.997597932816, 0.636705040932, 0.0882485210896, 0.0365574769676, 0.0420176945627, 0.135589882731, 0.261828809977, 0.178289115429, 0.0440653078258, 0.0250724945217, 0.0262759532779, 0.183901667595, 0.340997487307, 0.184633493423, 0.0403515771031, 0.0748484060168, 0.0577651411295, 0.0445821806788, 0.0633632466197, 0.0986520275474, 0.475957095623],
    "chords_key": "D",
    "chords_scale": "major",
    "key_key": "D",
    "key_scale": "major"
}
}