{
"lowlevel": {
    "average_loudness": 0.978981256485,
    "barkbands_crest": {
        "mean": 7.94671773911,
        "var": 8.64128303528
    },
    "barkbands_flatness_db": {
        "mean": 0.147999331355,
        "var": 0.000892169191502
    },
    "barkbands_kurtosis": {
        "mean": 0.28201842308,
        "var": 9.20555496216
    },
    "barkbands_skewness": {
        "mean": 0.545632660389,
        "var": 1.05561447144
    },
    "barkbands_spread": {
        "mean": 30.505361557,
        "var": 132.62588501
    },
    "dissonance": {
        "mean": 0.480064243078,
        "var": 0.00020077789668
    },
    "dynamic_complexity": 1.55768227577,
    "erbbands_crest": {
        "mean": 10.5583524704,
        "var": 20.0490760803
    },
    "erbbands_flatness_db": {
        "mean": 0.214937493205,
        "var": 0.00223040906712
    },
    "erbbands_kurtosis": {
        "mean": 0.94052028656,
        "var": 6.89584875107
    },
    "erbbands_skewness": {
        "mean": -0.813515365124,
        "var": 1.01215028763
    },
    "erbbands_spread": {
        "mean": 32.8916549683,
        "var": 215.123138428
    },
    "hfc": {
        "mean": 19.2746868134,
        "var": 202.698852539
    },
    "melbands_crest": {
        "mean": 11.1940603256,
        "var": 15.6016139984
    },
    "melbands_flatness_db": {
        "mean": 0.184290707111,
        "var": 0.00122754997574
    },
    "melbands_kurtosis": {
        "mean": 4.33554124832,
        "var": 55.4593276978
    },
    "melbands_skewness": {
        "mean": 1.69671392441,
        "var": 1.21471142769
    },
    "melbands_spread": {
        "mean": 44.155254364,
        "var": 566.534240723
    },
    "pitch_salience": {
        "mean": 0.569385111332,
        "var": 0.00948673393577
    },
    "silence_rate_20dB": {
        "mean": 1,
        "var": 0
    },
    "silence_rate_30dB": {
        "mean": 1,
        "var": 0
    },
    "silence_rate_60dB": {
        "mean": 0.0118373651057,
        "var": 0.0116972178221
    },
    "spectral_centroid": {
        "mean": 2080.24267578,
        "var": 584411.75
    },
    "spectral_complexity": {
        "mean": 20.422542572,
        "var": 45.6974563599
    },
    "spectral_decrease": {
        "mean": -3.67645336397e-009,
        "var": 4.21199788886e-018
    },
    "spectral_energy": {
        "mean": 0.0156240416691,
        "var": 7.40202667657e-005
    },
    "spectral_energyband_high": {
        "mean": 0.000301583379041,
        "var": 4.04444932656e-007
    },
    "spectral_energyband_low": {
        "mean": 0.00415463885292,
        "var": 2.23806055146e-005
    },
    "spectral_energyband_middle_high": {
        "mean": 0.00605851551518,
        "var": 2.16020362132e-005
    },
    "spectral_energyband_middle_low": {
        "mean": 0.00579161662608,
        "var": 1.99187506951e-005
    },
    "spectral_entropy": {
        "mean": 7.30147504807,
        "var": 0.117510929704
    },
    "spectral_flux": {
        "mean": 0.0639619827271,
        "var": 0.000659130164422
    },
    "spectral_kurtosis": {
        "mean": 5.70823478699,
        "var": 13.8922386169
    },
    "spectral_rms": {
        "mean": 0.00376407126896,
        "var": 1.07473101707e-006
    },
    "spectral_rolloff": {
        "mean": 2413.67578125,
        "var": 1671674.375
    },
    "spectral_skewness": {
        "mean": 1.09090304375,
        "var": 0.144879698753
    },
    "spectral_spread": {
        "mean": 2889958.5,
        "var": 2.44170306355e+012
    },
    "spectral_strongpeak": {
        "mean": 2.04892468452,
        "var": 8.57291221619
    },
    "zerocrossingrate": {
        "mean": 0.0771021991968,
        "var": 0.00108177040238
    },
    "barkbands": {
        "mean": [7.46214427636e-005, 0.00114283838775, 0.0022965981625, 0.00100000936072, 0.000964859791566, 0.00175719684921, 0.0011961213313, 0.000479809183162, 0.000312001822749, 0.000363695638953, 0.00027484211023, 9.34087001951e-005, 0.000116907183838, 0.000178420028533, 0.00094421801623, 0.00105452595744, 0.000225599054829, 0.00104135344736, 0.00138046417851, 0.000540318258572, 5.01991198689e-005, 4.60913579445e-005, 4.41976444563e-005, 3.66088788724e-005, 7.32421904104e-006, 1.801658982e-006, 3.85555019022e-008],
        "var": [3.64531267394e-008, 3.17845410791e-006, 9.631939065e-006, 2.18762761506e-006, 5.01195017932e-006, 3.49189099325e-006, 1.37861979965e-006, 2.54346474549e-007, 8.47720613706e-008, 2.03470719384e-007, 1.43833901234e-007, 1.10553814991e-008, 1.31328636854e-008, 5.74742422543e-008, 2.70737587016e-006, 1.60541605965e-006, 1.05039369203e-007, 2.19973435378e-006, 4.29672536484e-006, 1.1059978533e-006, 1.16468710232e-008, 3.28527249849e-008, 1.75284888826e-008, 2.07514911921e-008, 1.36857136734e-009, 2.09185654909e-010, 1.31984470553e-013]
    },
    "erbbands": {
        "mean": [0.0252781268209, 0.305799514055, 2.04739689827, 3.71461725235, 3.20617580414, 3.07568788528, 3.73548364639, 18.5418109894, 19.4019508362, 16.0959625244, 9.73446273804, 6.23743677139, 9.60992050171, 14.9545974731, 6.78248357773, 4.04945468903, 5.66188001633, 8.02249622345, 14.3646526337, 66.5588607788, 65.1275100708, 16.2871017456, 47.8620376587, 62.6773376465, 72.4865951538, 20.0958766937, 3.84904575348, 1.5632109642, 1.70453047752, 1.37434220314, 1.23155486584, 0.982279062271, 0.454316437244, 0.135203376412, 0.0288346856833, 0.0112135801464, 0.00253248633817, 0.000295023084618, 1.72715463123e-005, 2.04384268727e-005],
        "var": [0.00297639286146, 0.165563046932, 6.00292205811, 29.0281925201, 31.8075847626, 62.0174102783, 22.3415927887, 440.618682861, 345.432495117, 225.02444458, 117.57926178, 30.6827774048, 69.2553253174, 383.549377441, 40.6420898438, 18.9923782349, 27.6572628021, 67.90599823, 224.393737793, 12753.5166016, 6916.34570313, 378.888183594, 4418.60009766, 5614.04833984, 13262.53125, 821.703063965, 33.1189804077, 23.842634201, 43.4492378235, 18.0307064056, 12.5121221542, 11.4540491104, 4.32258892059, 0.440378218889, 0.0240201633424, 0.00725938333198, 0.000450536928838, 6.46233684165e-006, 3.33841487787e-009, 1.44327411133e-010]
    },
    "gfcc": {
        "mean": [-37.5678672791, 124.392021179, -159.89604187, 51.243850708, -51.0985450745, -12.2550525665, -38.4006690979, 14.5868434906, -12.8215036392, -10.1736106873, -1.02067303658, -13.735200882, -5.68213319778],
        "cov": [[4170.54101563, -132.251708984, 125.087348938, 566.459533691, -217.32421875, 259.544311523, -260.615997314, 67.9184188843, 62.4272537231, -20.5435619354, -121.19367981, 23.3416614532, -56.3112792969], [-132.251708984, 605.37121582, -90.6355056763, -54.1751937866, 174.924606323, -89.8626480103, 31.593624115, -30.9767551422, 109.486839294, -24.1777477264, 57.4769744873, -28.0886192322, 50.9716110229], [125.087348938, -90.6355056763, 792.449768066, 298.087524414, -224.532058716, 296.61819458, -124.398086548, -45.3408508301, 111.397949219, 16.615644455, -77.4555282593, 89.7870483398, -21.0309104919], [566.459533691, -54.1751937866, 298.087524414, 351.318237305, -13.6180124283, 138.19682312, -58.7498054504, 19.3520793915, 74.0916671753, -12.1760778427, -7.91276979446, 19.3598594666, 2.26791524887], [-217.32421875, 174.924606323, -224.532058716, -13.6180124283, 329.124176025, -102.760887146, 58.6474456787, 48.924747467, 30.6316986084, -5.94383764267, 37.2058105469, -29.6784725189, 16.4467277527], [259.544311523, -89.8626480103, 296.61819458, 138.19682312, -102.760887146, 251.102630615, -61.0911216736, -20.3553199768, 62.9402923584, -3.35843729973, -45.0665206909, 40.7904548645, -17.5512466431], [-260.615997314, 31.593624115, -124.398086548, -58.7498054504, 58.6474456787, -61.0911216736, 124.173431396, 31.2092876434, -46.1548957825, 10.2954301834, 34.2843894958, -24.6359157562, 2.30166840553], [67.9184188843, -30.9767551422, -45.3408508301, 19.3520793915, 48.924747467, -20.3553199768, 31.2092876434, 71.7681655884, -5.29104423523, 8.71924495697, 16.7002067566, -0.891286432743, 0.0608561076224], [62.4272537231, 109.486839294, 111.397949219, 74.0916671753, 30.6316986084, 62.9402923584, -46.1548957825, -5.29104423523, 139.483108521, 8.84031677246, -12.9651021957, 17.5637130737, 21.5969047546], [-20.5435619354, -24.1777477264, 16.615644455, -12.1760778427, -5.94383764267, -3.35843729973, 10.2954301834, 8.71924495697, 8.84031677246, 62.8676757813, 5.07700872421, 1.49572706223, 7.56031370163], [-121.19367981, 57.4769744873, -77.4555282593, -7.91276979446, 37.2058105469, -45.0665206909, 34.2843894958, 16.7002067566, -12.9651021957, 5.07700872421, 85.3770980835, 8.60943603516, 10.3297271729], [23.3416614532, -28.0886192322, 89.7870483398, 19.3598594666, -29.6784725189, 40.7904548645, -24.6359157562, -0.891286432743, 17.5637130737, 1.49572706223, 8.60943603516, 69.0645141602, 5.90324306488], [-56.3112792969, 50.9716110229, -21.0309104919, 2.26791524887, 16.4467277527, -17.5512466431, 2.30166840553, 0.0608561076224, 21.5969047546, 7.56031370163, 10.3297271729, 5.90324306488, 57.6946907043]],
        "icov": [[0.000770048820414, -0.00106187479105, 0.00170209305361, -0.00234976829961, 0.00129911419936, -0.000722962256987, 0.00156056089327, -0.0014888815349, 0.00113829702605, -0.00147774827201, 0.00209300359711, -0.00135156291071, 0.00128268636763], [-0.00106187479105, 0.00509840063751, -0.0033960423898, 0.00456119515002, -0.00321967108175, 0.00213747727685, -0.00318294856697, 0.00446003396064, -0.00520264636725, 0.00460345344618, -0.00573380710557, 0.00406633643433, -0.00331279635429], [0.00170209305361, -0.0033960423898, 0.00803397968411, -0.00808716565371, 0.00478979106992, -0.00341017497703, 0.00324555346742, -0.0023907891009, 0.00243655522354, -0.00569623475894, 0.00735192047432, -0.00673950649798, 0.00458591012284], [-0.00234976829961, 0.00456119515002, -0.00808716565371, 0.0136090833694, -0.00557883735746, 0.00110088253859, -0.00313373375684, 0.00201593339443, -0.00503126392141, 0.00755204120651, -0.00991635210812, 0.008066277951, -0.00591404596344], [0.00129911419936, -0.00321967108175, 0.00478979106992, -0.00557883735746, 0.0079604042694, -0.000400468095904, 0.0013129216386, -0.00499600777403, 0.00025528453989, -0.00269834394567, 0.00472581060603, -0.00323519622907, 0.00338249839842], [-0.000722962256987, 0.00213747727685, -0.00341017497703, 0.00110088253859, -0.000400468095904, 0.00948113482445, -0.0025644255802, 0.00271353102289, -0.0044566988945, 0.00282060261816, -0.000672548951115, -0.000314095086651, 0.000668688095175], [0.00156056089327, -0.00318294856697, 0.00324555346742, -0.00313373375684, 0.0013129216386, -0.0025644255802, 0.0170186012983, -0.00803313869983, 0.00712097482756, -0.00515123084188, 0.000927716027945, 0.0009342028643, 0.00156431668438], [-0.0014888815349, 0.00446003396064, -0.0023907891009, 0.00201593339443, -0.00499600777403, 0.00271353102289, -0.00803313869983, 0.0237101130188, -0.00430316012353, 0.00115793698933, -0.00549652613699, 0.000425142294262, -0.00139942450915], [0.00113829702605, -0.00520264636725, 0.00243655522354, -0.00503126392141, 0.00025528453989, -0.0044566988945, 0.00712097482756, -0.00430316012353, 0.0172686688602, -0.00670536002144, 0.00593786826357, -0.00391865335405, -0.0011624423787], [-0.00147774827201, 0.00460345344618, -0.00569623475894, 0.00755204120651, -0.00269834394567, 0.00282060261816, -0.00515123084188, 0.00115793698933, -0.00670536002144, 0.0228430107236, -0.00740310223773, 0.00564003968611, -0.00578600121662], [0.00209300359711, -0.00573380710557, 0.00735192047432, -0.00991635210812, 0.00472581060603, -0.000672548951115, 0.000927716027945, -0.00549652613699, 0.00593786826357, -0.00740310223773, 0.0246227029711, -0.0119034890085, 0.0041520758532], [-0.00135156291071, 0.00406633643433, -0.00673950649798, 0.008066277951, -0.00323519622907, -0.000314095086651, 0.0009342028643, 0.000425142294262, -0.00391865335405, 0.00564003968611, -0.0119034890085, 0.0251476466656, -0.00661049690098], [0.00128268636763, -0.00331279635429, 0.00458591012284, -0.00591404596344, 0.00338249839842, 0.000668688095175, 0.00156431668438, -0.00139942450915, -0.0011624423787, -0.00578600121662, 0.0041520758532, -0.00661049690098, 0.0237200222909]]
    },
    "melbands": {
        "mean": [0.000267326977337, 0.000876692414749, 0.000631909584627, 0.00022257535602, 0.000127087667352, 0.000398635835154, 0.000297784979921, 0.000160370531376, 7.20097814337e-005, 3.88999469578e-005, 4.81597526232e-005, 6.10155038885e-005, 2.97207425319e-005, 1.06526849777e-005, 1.13835312732e-005, 1.20722670545e-005, 1.55994894158e-005, 1.4899593225e-005, 7.36133952159e-005, 7.7408112702e-005, 7.39485840313e-005, 1.25975293486e-005, 1.71656338352e-005, 6.64472026983e-005, 4.57471360278e-005, 6.39966965537e-005, 3.36087286996e-005, 8.79379513208e-006, 2.46939202952e-006, 1.09283575966e-006, 7.93980802882e-007, 1.02081457953e-006, 8.05011779903e-007, 7.59746058066e-007, 6.99756469658e-007, 6.9970479899e-007, 5.50979279978e-007, 3.5011134969e-007, 1.9409667118e-007, 8.67572822472e-008],
        "var": [2.34327899307e-007, 9.72597035798e-007, 6.45947579869e-007, 2.66501473334e-007, 3.76955355819e-008, 1.91759440327e-007, 7.63087726341e-008, 2.05714432155e-008, 7.49440420833e-009, 1.18616105826e-009, 1.82481174615e-009, 6.51715392763e-009, 1.04236297371e-009, 1.58887389357e-010, 1.12338069402e-010, 1.43973263866e-010, 3.29875016192e-010, 3.96058491559e-010, 1.38642057834e-008, 1.01984660716e-008, 9.82883374689e-009, 2.67112637564e-010, 6.24378715397e-010, 1.17824923151e-008, 3.42042438817e-009, 1.27559047769e-008, 4.09881417696e-009, 1.74271735931e-010, 1.68806184309e-011, 8.22326495092e-012, 9.49419449309e-012, 1.67665759748e-011, 9.24384700729e-012, 5.44790991833e-012, 3.73722884237e-012, 5.43905458866e-012, 3.79422231481e-012, 2.54949056658e-012, 1.04607175786e-012, 1.91490093638e-013]
    },
    "mfcc": {
        "mean": [-660.631103516, 136.298553467, -36.1317405701, 45.6179046631, 7.35411643982, -17.8038291931, -5.75942230225, 5.88847398758, -9.47356128693, 14.8935012817, -6.07810401917, -8.55177021027, 7.31127405167],
        "cov": [[2173.85888672, -502.793426514, 466.511322021, 175.001647949, 211.984573364, 177.350204468, -107.860374451, 108.693664551, 69.5336608887, 63.9743919373, -77.6956176758, 100.914230347, 0.619131445885], [-502.793426514, 691.161437988, -387.91217041, 25.1015281677, 23.7796573639, -82.5695877075, 12.1643791199, -29.0378074646, -1.53727555275, 36.8620033264, -17.3923835754, 1.2056350708, 59.9122962952], [466.511322021, -387.91217041, 1110.52697754, 14.5054349899, 57.613986969, 303.081573486, -194.104263306, 84.2355804443, 67.3615570068, -34.0555534363, -50.5446243286, 175.5806427, -46.5759963989], [175.001647949, 25.1015281677, 14.5054349899, 207.023193359, 95.664680481, -3.84719824791, 26.9144592285, 29.2216777802, 16.773273468, 44.5175476074, -24.533613205, 36.6179733276, 38.9899291992], [211.984573364, 23.7796573639, 57.613986969, 95.664680481, 205.206344604, 75.5743103027, -46.5243263245, 60.0506591797, 38.0157279968, 38.6628684998, -22.2535915375, 53.216632843, 24.7227287292], [177.350204468, -82.5695877075, 303.081573486, -3.84719824791, 75.5743103027, 185.38710022, -70.6029434204, 42.4018478394, 43.6351509094, 11.3965501785, -22.0658035278, 65.7641143799, -10.4863491058], [-107.860374451, 12.1643791199, -194.104263306, 26.9144592285, -46.5243263245, -70.6029434204, 159.166488647, -1.97633862495, -35.2405166626, 3.70859646797, 33.3109283447, -45.9392471313, 7.79638624191], [108.693664551, -29.0378074646, 84.2355804443, 29.2216777802, 60.0506591797, 42.4018478394, -1.97633862495, 92.7894897461, 10.1585998535, -2.33193206787, 0.0469835326076, 31.7820663452, 5.1331744194], [69.5336608887, -1.53727555275, 67.3615570068, 16.773273468, 38.0157279968, 43.6351509094, -35.2405166626, 10.1585998535, 88.494140625, 30.3154029846, -25.0442314148, 31.0431957245, 8.60529899597], [63.9743919373, 36.8620033264, -34.0555534363, 44.5175476074, 38.6628684998, 11.3965501785, 3.70859646797, -2.33193206787, 30.3154029846, 77.9028167725, -4.11325454712, 5.34966468811, 16.0172939301], [-77.6956176758, -17.3923835754, -50.5446243286, -24.533613205, -22.2535915375, -22.0658035278, 33.3109283447, 0.0469835326076, -25.0442314148, -4.11325454712, 75.3400497437, -14.3498687744, -20.041847229], [100.914230347, 1.2056350708, 175.5806427, 36.6179733276, 53.216632843, 65.7641143799, -45.9392471313, 31.7820663452, 31.0431957245, 5.34966468811, -14.3498687744, 98.6891403198, 22.9213809967], [0.619131445885, 59.9122962952, -46.5759963989, 38.9899291992, 24.7227287292, -10.4863491058, 7.79638624191, 5.1331744194, 8.60529899597, 16.0172939301, -20.041847229, 22.9213809967, 73.0105819702]],
        "icov": [[0.000720715965144, 0.000589934410527, 6.98378134985e-005, -0.000354830175638, -0.000284417794319, -7.34065615688e-005, 0.000322406063788, -0.00034552285797, 0.000233109545661, -0.000587020651437, 0.000602785497904, -0.000266444869339, 0.000169887614902], [0.000589934410527, 0.00261115119793, 0.00117011077236, -0.000303053471725, -4.29018036812e-005, -0.000212523606024, 0.000984458369203, -0.00014074248611, 0.000620014267042, -0.00102521490771, 0.001102160546, -0.00184143020306, -0.000318141421303], [6.98378134985e-005, 0.00117011077236, 0.00312722753733, -0.00138832302764, 0.00203882623464, -0.00342772924341, 0.00205543241464, -0.000867275637574, 0.000494057079777, 0.000687129504513, 0.000652294547763, -0.00313372374512, 0.00138828251511], [-0.000354830175638, -0.000303053471725, -0.00138832302764, 0.00958045292646, -0.00462878728285, 0.00409896066412, -0.0039956974797, 0.000280403008219, 0.000739150855225, -0.00352430529892, 0.00268911826424, -0.00231365463696, -0.00103654956911], [-0.000284417794319, -4.29018036812e-005, 0.00203882623464, -0.00462878728285, 0.011358554475, -0.00478775706142, 0.00409683631733, -0.00480357185006, -0.000154753943207, -0.00131206482183, -0.000717237940989, -0.000989735708572, -0.000403528334573], [-7.34065615688e-005, -0.000212523606024, -0.00342772924341, 0.00409896066412, -0.00478775706142, 0.01428209804, -0.00125797442161, -0.000897973484825, -0.00147545570508, -0.00288096978329, 0.00160883367062, -0.00208777468652, 0.00157239509281], [0.000322406063788, 0.000984458369203, 0.00205543241464, -0.0039956974797, 0.00409683631733, -0.00125797442161, 0.0119978236035, -0.00335631798953, 0.00167704303749, -0.000715073256288, -0.00331906112842, 0.00218285014853, -0.00161585630849], [-0.00034552285797, -0.00014074248611, -0.000867275637574, 0.000280403008219, -0.00480357185006, -0.000897973484825, -0.00335631798953, 0.0161096137017, -0.000715928385034, 0.00336641841568, -0.00159528921358, -0.00187203998212, -0.00036555386032], [0.000233109545661, 0.000620014267042, 0.000494057079777, 0.000739150855225, -0.000154753943207, -0.00147545570508, 0.00167704303749, -0.000715928385034, 0.0170649513602, -0.00685621518642, 0.00458340160549, -0.00390627980232, 0.00109875889029], [-0.000587020651437, -0.00102521490771, 0.000687129504513, -0.00352430529892, -0.00131206482183, -0.00288096978329, -0.000715073256288, 0.00336641841568, -0.00685621518642, 0.0201112348586, -0.00372683955356, 0.00302259298041, -0.00253906217404], [0.000602785497904, 0.001102160546, 0.000652294547763, 0.00268911826424, -0.000717237940989, 0.00160883367062, -0.00331906112842, -0.00159528921358, 0.00458340160549, -0.00372683955356, 0.0192658826709, -0.00432122172788, 0.00593365496024], [-0.000266444869339, -0.00184143020306, -0.00313372374512, -0.00231365463696, -0.000989735708572, -0.00208777468652, 0.00218285014853, -0.00187203998212, -0.00390627980232, 0.00302259298041, -0.00432122172788, 0.022657988593, -0.00781869608909], [0.000169887614902, -0.000318141421303, 0.00138828251511, -0.00103654956911, -0.000403528334573, 0.00157239509281, -0.00161585630849, -0.00036555386032, 0.00109875889029, -0.00253906217404, 0.00593365496024, -0.00781869608909, 0.0204671807587]]
    },
    "spectral_contrast_coeffs": {
        "mean": [-0.660410046577, -0.732454776764, -0.772449612617, -0.746456563473, -0.70658326149, -0.758914649487],
        "var": [0.00416043866426, 0.00385896768421, 0.00249107042328, 0.00326879718341, 0.00451773079112, 0.000655509647913]
    },
    "spectral_contrast_valleys": {
        "mean": [-7.63847637177, -6.6502161026, -7.55101394653, -7.74401712418, -7.54488897324, -11.118888855],
        "var": [1.39451885223, 0.966288805008, 0.719968378544, 0.711901307106, 0.801279366016, 1.08097696304]
    }
},
"metadata": {
    "audio_properties": {
        "analysis_sample_rate": 44100,
        "bit_rate": 119123,
        "equal_loudness": 0,
        "length": 45.0873451233,
        "lossless": 0,
        "replay_gain": -14.2965297699,
        "sample_rate": 44100,
        "codec": "mp3",
        "downmix": "mix",
        "md5_encoded": "f212f965c0b2650df11d3c21ee579f27"
    },
    "tags": {
        "file_name": "321.mp3"
    },
    "version": {
        "essentia": "2.1-beta2",
        "essentia_git_sha": "v2.1_beta2",
        "extractor": "music 1.0"
    }
},
"rhythm": {
    "beats_count": 82,
    "beats_loudness": {
        "mean": 0.0191360097378,
        "var": 5.93126751482e-005
    },
    "bpm": 110.119094849,
    "bpm_histogram_first_peak_bpm": {
        "mean": 110,
        "var": 0
    },
    "bpm_histogram_first_peak_spread": {
        "mean": 0.358024716377,
        "var": 0
    },
    "bpm_histogram_first_peak_weight": {
        "mean": 0.641975283623,
        "var": 0
    },
    "bpm_histogram_second_peak_bpm": {
        "mean": 0,
        "var": 0
    },
    "bpm_histogram_second_peak_spread": {
        "mean": 0,
        "var": 0
    },
    "bpm_histogram_second_peak_weight": {
        "mean": 0,
        "var": 0
    },
    "danceability": 1.44300639629,
    "onset_rate": 5.05489873886,
    "beats_loudness_band_ratio": {
        "mean": [0.295928150415, 0.152487158775, 0.141311228275, 0.0648247972131, 0.245328202844, 0.139982178807],
        "var": [0.0309912469238, 0.0108646377921, 0.00650741392747, 0.00286401226185, 0.0215749964118, 0.0165596045554]
    },
    "beats_position": [0.557278871536, 1.10294783115, 1.64861679077, 2.20589566231, 2.76317453384, 3.30884337425, 3.85451245308, 4.40018129349, 4.94585037231, 5.4915189743, 6.03718805313, 6.57124710083, 7.10530614853, 7.65097475052, 8.19664382935, 8.73070240021, 9.26476192474, 9.82204055786, 10.379319191, 10.9249887466, 11.4706573486, 12.0163259506, 12.5619955063, 13.1076641083, 13.6533327103, 14.1990022659, 14.7446708679, 15.2787294388, 15.8127889633, 16.3584575653, 16.904127121, 17.4497947693, 17.995464325, 18.5411338806, 19.0868015289, 19.6324710846, 20.1781406403, 20.7238082886, 21.2694778442, 21.8035373688, 22.3375968933, 22.8948745728, 23.4521541595, 24.009431839, 24.5667114258, 25.1007709503, 25.6348285675, 26.1804981232, 26.7261676788, 27.2718353271, 27.8175048828, 28.3631744385, 28.9088420868, 29.4429016113, 29.9769611359, 30.5226306915, 31.0682983398, 31.6139678955, 32.1596374512, 32.7053070068, 33.2509727478, 33.8082542419, 34.3655319214, 34.8995895386, 35.4336509705, 35.9793205261, 36.5133781433, 37.059047699, 37.6047172546, 38.1503829956, 38.6844444275, 39.2417221069, 39.7989997864, 40.344669342, 40.8903388977, 41.4360084534, 41.981678009, 42.5273475647, 43.0730133057, 43.6186828613, 44.164352417, 44.6984100342]
},
"tonal": {
    "chords_changes_rate": 0.0462962947786,
    "chords_number_rate": 0.0102880662307,
    "chords_strength": {
        "mean": 0.449329704046,
        "var": 0.00782406982034
    },
    "hpcp_entropy": {
        "mean": 2.18082642555,
        "var": 0.509894073009
    },
    "key_strength": 0.603992879391,
    "tuning_diatonic_strength": 0.477457106113,
    "tuning_equal_tempered_deviation": 0.0533700510859,
    "tuning_frequency": 439.745910645,
    "tuning_nontempered_energy_ratio": 0.685574531555,
    "hpcp": {
        "mean": [0.317312926054, 0.235399872065, 0.189408019185, 0.226515501738, 0.171957328916, 0.250101149082, 0.385930448771, 0.276657015085, 0.146069392562, 0.140816986561, 0.117884904146, 0.161280333996, 0.240984737873, 0.17168726027, 0.0832777619362, 0.0833110436797, 0.0671634674072, 0.0512507855892, 0.0520730540156, 0.0484720505774, 0.107003666461, 0.178083047271, 0.145750463009, 0.12744744122, 0.140792369843, 0.11177765578, 0.226728066802, 0.439219862223, 0.343755841255, 0.169405952096, 0.202671021223, 0.179121300578, 0.155613586307, 0.199036076665, 0.170073896646, 0.214867338538],
        "var": [0.120550684631, 0.0695874541998, 0.042612683028, 0.0787723213434, 0.0472565218806, 0.0579823590815, 0.112431786954, 0.0627185106277, 0.0450649932027, 0.044518314302, 0.0287709925324, 0.0363112203777, 0.0749129354954, 0.041605502367, 0.0180415790528, 0.0227615330368, 0.0205796323717, 0.00848578754812, 0.009292752482, 0.00835946388543, 0.0261369980872, 0.0620157234371, 0.0379048772156, 0.031528133899, 0.0350350476801, 0.0233006831259, 0.045027166605, 0.137908741832, 0.0752862989902, 0.036046013236, 0.0758735388517, 0.0615084543824, 0.032318636775, 0.0532047860324, 0.0401715748012, 0.0574696026742]
    },
    "chords_histogram": [4.62962961197, 1.74897122383, 30.9670772552, 1.33744859695, 0, 1.33744859695, 0, 9.77366256714, 0, 32.4074058533, 0, 0, 0, 0, 0, 0, 0, 0, 0, 0, 5.65843629837, 0, 9.67078208923, 2.46913576126],
    "thpcp": [1, 0.782650947571, 0.385697394609, 0.461434096098, 0.407816946507, 0.354295432568, 0.453158199787, 0.387218147516, 0.489202231169, 0.722446680069, 0.53594994545, 0.431237369776, 0.515722334385, 0.391506254673, 0.569421291351, 0.878672599792, 0.629882752895, 0.332565546036, 0.320607066154, 0.268396109343, 0.367197275162, 0.54866540432, 0.390891373158, 0.189603820443, 0.189679592848, 0.152915373445, 0.116685949266, 0.118558056653, 0.110359422863, 0.243622109294, 0.405453085899, 0.331839412451, 0.290167748928, 0.320551007986, 0.254491358995, 0.5162063241],
    "chords_key": "F#",
    "chords_scale": "major",
    "key_key": "B",
    "key_scale": "minor"
}
}