{
"lowlevel": {
    "average_loudness": 0.586158931255,
    "barkbands_crest": {
        "mean": 11.3217811584,
        "var": 15.3799686432
    },
    "barkbands_flatness_db": {
        "mean": 0.22823946178,
        "var": 0.00391571130604
    },
    "barkbands_kurtosis": {
        "mean": 10.1018657684,
        "var": 148.203948975
    },
    "barkbands_skewness": {
        "mean": 2.28246688843,
        "var": 1.78732216358
    },
    "barkbands_spread": {
        "mean": 10.231543541,
        "var": 82.9293746948
    },
    "dissonance": {
        "mean": 0.434610307217,
        "var": 0.00154899037443
    },
    "dynamic_complexity": 4.60317707062,
    "erbbands_crest": {
        "mean": 12.061419487,
        "var": 26.7820549011
    },
    "erbbands_flatness_db": {
        "mean": 0.220317110419,
        "var": 0.00234745605849
    },
    "erbbands_kurtosis": {
        "mean": 1.2039206028,
        "var": 9.02251625061
    },
    "erbbands_skewness": {
        "mean": 0.821169734001,
        "var": 0.755156993866
    },
    "erbbands_spread": {
        "mean": 31.8430995941,
        "var": 283.638916016
    },
    "hfc": {
        "mean": 8.52100086212,
        "var": 176.206604004
    },
    "melbands_crest": {
        "mean": 16.9648914337,
        "var": 37.3738822937
    },
    "melbands_flatness_db": {
        "mean": 0.302316814661,
        "var": 0.00584029080346
    },
    "melbands_kurtosis": {
        "mean": 20.2001838684,
        "var": 624.913085938
    },
    "melbands_skewness": {
        "mean": 3.06319618225,
        "var": 3.31154990196
    },
    "melbands_spread": {
        "mean": 11.3345680237,
        "var": 152.822387695
    },
    "pitch_salience": {
        "mean": 0.485875219107,
        "var": 0.014253734611
    },
    "silence_rate_20dB": {
        "mean": 1,
        "var": 0
    },
    "silence_rate_30dB": {
        "mean": 0.987641632557,
        "var": 0.012205584906
    },
    "silence_rate_60dB": {
        "mean": 0.209062814713,
        "var": 0.16535204649
    },
    "spectral_centroid": {
        "mean": 792.949829102,
        "var": 477744.46875
    },
    "spectral_complexity": {
        "mean": 9.41091632843,
        "var": 27.575717926
    },
    "spectral_decrease": {
        "mean": -4.90306950596e-009,
        "var": 3.8586671939e-017
    },
    "spectral_energy": {
        "mean": 0.0192781798542,
        "var": 0.000589661300182
    },
    "spectral_energyband_high": {
        "mean": 0.000142078832141,
        "var": 2.15866606368e-007
    },
    "spectral_energyband_low": {
        "mean": 0.00883608311415,
        "var": 0.000259773194557
    },
    "spectral_energyband_middle_high": {
        "mean": 0.00211401795968,
        "var": 2.10181951843e-005
    },
    "spectral_energyband_middle_low": {
        "mean": 0.0128394253552,
        "var": 0.000289406772936
    },
    "spectral_entropy": {
        "mean": 6.6195898056,
        "var": 0.286552548409
    },
    "spectral_flux": {
        "mean": 0.0521629527211,
        "var": 0.00179805303924
    },
    "spectral_kurtosis": {
        "mean": 11.1892566681,
        "var": 120.176071167
    },
    "spectral_rms": {
        "mean": 0.0036704398226,
        "var": 5.33585989615e-006
    },
    "spectral_rolloff": {
        "mean": 729.833557129,
        "var": 1226361.875
    },
    "spectral_skewness": {
        "mean": 2.16295957565,
        "var": 1.03181827068
    },
    "spectral_spread": {
        "mean": 2966504.75,
        "var": 3.15346282086e+012
    },
    "spectral_strongpeak": {
        "mean": 0.78570753336,
        "var": 0.954392373562
    },
    "zerocrossingrate": {
        "mean": 0.0299236960709,
        "var": 0.000730721105356
    },
    "barkbands": {
        "mean": [1.94835433831e-006, 0.00090589618776, 0.00341305462644, 0.0061085857451, 0.00168290582951, 0.00197070557624, 0.00136063515674, 0.00115770613775, 0.000316575955367, 0.000568319112062, 0.000286691851215, 0.000267823401373, 0.000227836266276, 9.26694265218e-005, 0.00013853184646, 4.97034743603e-005, 7.48813836253e-005, 5.9571073507e-005, 0.000381446589017, 0.000135356633109, 5.37244523002e-005, 1.00458400993e-005, 6.81338588038e-006, 2.70099394584e-006, 2.74304511549e-006, 1.28272688471e-006, 4.66771901131e-008],
        "var": [1.22985623421e-011, 1.3282482314e-006, 3.7767131289e-005, 0.00016116045299, 1.01004543467e-005, 1.42921489896e-005, 1.27542380142e-005, 1.51677631948e-005, 5.25054645095e-007, 4.18185845774e-006, 1.29966053919e-006, 1.2604479025e-006, 7.97064046765e-007, 1.15817769597e-007, 9.80842500553e-008, 1.46122776101e-008, 3.84131944031e-008, 2.17205116115e-008, 2.30355863096e-006, 3.34088923637e-007, 3.3437220992e-008, 8.54629977898e-010, 5.30834487478e-010, 7.0499467375e-011, 1.66175045946e-010, 3.76294446991e-011, 3.51205169276e-014]
    },
    "erbbands": {
        "mean": [0.0122506916523, 0.293225228786, 2.83890581131, 16.2627601624, 9.01930236816, 5.24322032928, 7.96399450302, 19.4774055481, 25.1863098145, 13.8008480072, 25.6287345886, 11.0245466232, 13.5555067062, 13.3300161362, 15.3617668152, 13.0961952209, 11.196059227, 5.95356559753, 8.0688457489, 4.19008207321, 2.70049929619, 3.44117188454, 3.6965649128, 10.7473964691, 20.016702652, 7.58026456833, 3.36239504814, 1.14684593678, 0.384872406721, 0.258204489946, 0.155494272709, 0.0849836468697, 0.0428498648107, 0.03847784549, 0.0142901977524, 0.00617580581456, 0.00237410631962, 0.000294970115647, 1.68275728356e-005, 2.21060035983e-005],
        "var": [0.000244734779699, 0.147802457213, 23.4291877747, 1162.36730957, 299.909057617, 84.1861419678, 172.037994385, 1867.27941895, 3477.41162109, 1684.16186523, 8940.53027344, 600.190612793, 2694.15161133, 3322.81591797, 3485.17675781, 3060.28320313, 1989.39709473, 334.304412842, 350.689819336, 137.907058716, 28.8138389587, 78.9203109741, 58.4356994629, 2577.8359375, 5937.75341797, 952.899658203, 138.307128906, 10.3068637848, 0.992621958256, 0.656682610512, 0.277899861336, 0.10356862843, 0.0188000630587, 0.0422519296408, 0.00430305860937, 0.000567226437852, 0.00021950363589, 9.98863242785e-007, 9.60364121561e-010, 7.62806928734e-010]
    },
    "gfcc": {
        "mean": [-110.557395935, 154.628952026, -119.549819946, 31.6965274811, -49.9395217896, -10.482219696, -28.5839347839, -5.26917314529, -26.988904953, -4.43841791153, -7.89531564713, -13.5974664688, -12.6797485352],
        "cov": [[9209.83496094, -1454.45605469, -760.564086914, 502.577178955, -481.371917725, 89.053527832, -0.175894245505, 312.348907471, -653.820556641, 218.40838623, -307.452636719, -128.880157471, -418.101135254], [-1454.45605469, 1591.15283203, -108.462257385, -262.488861084, 301.017974854, -110.579109192, 208.896530151, -229.43119812, 344.38381958, -280.122131348, 175.341888428, -133.655151367, 232.814743042], [-760.564086914, -108.462257385, 798.618835449, 82.5238189697, 75.6888656616, 173.66065979, 7.76297330856, 67.9895629883, -3.59997868538, 40.240436554, -82.6319961548, 80.1921234131, -38.8700256348], [502.577178955, -262.488861084, 82.5238189697, 369.520843506, 103.872817993, -5.95114421844, -10.4698467255, 31.0429363251, -73.9771194458, 47.9468269348, 7.87760829926, -47.3322372437, -43.557094574], [-481.371917725, 301.017974854, 75.6888656616, 103.872817993, 341.637695313, -33.3668060303, 51.1940689087, -40.6101875305, 46.3464851379, -31.2349758148, 56.0036048889, -62.6569824219, 36.4640960693], [89.053527832, -110.579109192, 173.66065979, -5.95114421844, -33.3668060303, 231.138565063, 57.6109924316, 43.2938232422, -25.3528404236, -9.91763687134, -70.6992797852, -0.721931278706, -35.3649177551], [-0.175894245505, 208.896530151, 7.76297330856, -10.4698467255, 51.1940689087, 57.6109924316, 197.36505127, 2.32579016685, 29.6974906921, -55.4857292175, -4.72683668137, -54.7881202698, 1.09325480461], [312.348907471, -229.43119812, 67.9895629883, 31.0429363251, -40.6101875305, 43.2938232422, 2.32579016685, 138.783477783, -39.7786827087, 42.091506958, -46.637046814, 20.688419342, -45.0388832092], [-653.820556641, 344.38381958, -3.59997868538, -73.9771194458, 46.3464851379, -25.3528404236, 29.6974906921, -39.7786827087, 193.410247803, -45.3790283203, 42.5240707397, -6.27819108963, 56.3425369263], [218.40838623, -280.122131348, 40.240436554, 47.9468269348, -31.2349758148, -9.91763687134, -55.4857292175, 42.091506958, -45.3790283203, 147.908248901, 0.467822879553, 35.4634056091, -47.0981636047], [-307.452636719, 175.341888428, -82.6319961548, 7.87760829926, 56.0036048889, -70.6992797852, -4.72683668137, -46.637046814, 42.5240707397, 0.467822879553, 154.899658203, -6.19230318069, 36.4287185669], [-128.880157471, -133.655151367, 80.1921234131, -47.3322372437, -62.6569824219, -0.721931278706, -54.7881202698, 20.688419342, -6.27819108963, 35.4634056091, -6.19230318069, 121.46546936, 0.950145304203], [-418.101135254, 232.814743042, -38.8700256348, -43.557094574, 36.4640960693, -35.3649177551, 1.09325480461, -45.0388832092, 56.3425369263, -47.0981636047, 36.4287185669, 0.950145304203, 128.026245117]],
        "icov": [[0.00023545359727, -0.000257883482846, 0.000351234921254, -0.00045075113303, 0.000322784559103, -0.000129553940496, 3.89488832298e-006, -0.000330107752234, 0.000638425350189, -0.000271591328783, 0.000410596141592, -8.80501975189e-005, 0.000450237013865], [-0.000257883482846, 0.00367209734395, -0.000959115801379, 0.00248478818685, -0.00182736048009, 0.00123325618915, -0.00171735638287, 0.00209401687607, -0.00331955542788, 0.00300250179134, -0.00198972341605, 0.00216974434443, -0.00223772646859], [0.000351234921254, -0.000959115801379, 0.00261730747297, -0.00151251000352, -0.000158067210577, -0.00182666932233, 0.000355047726771, -0.000954940915108, 0.000893055810593, -0.00112283811904, 0.00160286144819, -0.00232276157476, 0.00112777308095], [-0.00045075113303, 0.00248478818685, -0.00151251000352, 0.00594198424369, -0.00256504607387, 0.00127080571838, -0.000529115786776, 0.000938114302699, -0.00135732989293, 0.00131402956322, -0.0022315622773, 0.00329861347564, -0.00132085382938], [0.000322784559103, -0.00182736048009, -0.000158067210577, -0.00256504607387, 0.00550507381558, 0.000222547751036, -3.52302486135e-005, -0.000624056556262, 0.00147131248377, -0.00129342626315, 0.000181341805728, 0.000826657516882, 0.000549735792447], [-0.000129553940496, 0.00123325618915, -0.00182666932233, 0.00127080571838, 0.000222547751036, 0.00716668646783, -0.00232232734561, 9.9948119896e-005, -0.000593752483837, 0.00163053255528, 0.000717657676432, 0.00154478242621, -0.000171251856955], [3.89488832298e-006, -0.00171735638287, 0.000355047726771, -0.000529115786776, -3.52302486135e-005, -0.00232232734561, 0.00801403447986, -0.00192958663683, 0.000613713636994, 0.000523592578247, 0.00031896927976, 0.00146865926217, 0.00150565395597], [-0.000330107752234, 0.00209401687607, -0.000954940915108, 0.000938114302699, -0.000624056556262, 9.9948119896e-005, -0.00192958663683, 0.0111753623933, -0.00188514043111, -0.000191954226466, 0.00052807899192, -0.0001589236781, -9.35833668336e-005], [0.000638425350189, -0.00331955542788, 0.000893055810593, -0.00135732989293, 0.00147131248377, -0.000593752483837, 0.000613713636994, -0.00188514043111, 0.010821131058, -0.00201744749211, 0.000978359254077, -0.00154936627951, 0.000908091606107], [-0.000271591328783, 0.00300250179134, -0.00112283811904, 0.00131402956322, -0.00129342626315, 0.00163053255528, 0.000523592578247, -0.000191954226466, -0.00201744749211, 0.0124956825748, -0.00312610529363, -3.84564700653e-005, 0.000880515086465], [0.000410596141592, -0.00198972341605, 0.00160286144819, -0.0022315622773, 0.000181341805728, 0.000717657676432, 0.00031896927976, 0.00052807899192, 0.000978359254077, -0.00312610529363, 0.0104709230363, -0.00203641271219, 0.000471378996735], [-8.80501975189e-005, 0.00216974434443, -0.00232276157476, 0.00329861347564, 0.000826657516882, 0.00154478242621, 0.00146865926217, -0.0001589236781, -0.00154936627951, -3.84564700653e-005, -0.00203641271219, 0.0143181700259, -0.00255246227607], [0.000450237013865, -0.00223772646859, 0.00112777308095, -0.00132085382938, 0.000549735792447, -0.000171251856955, 0.00150565395597, -9.35833668336e-005, 0.000908091606107, 0.000880515086465, 0.000471378996735, -0.00255246227607, 0.0128030106425]]
    },
    "melbands": {
        "mean": [0.000184166434337, 0.00110183877405, 0.00246640550904, 0.000470003025839, 0.000252818223089, 0.000423388759373, 0.000359343539458, 0.000157565169502, 0.000189990518265, 5.77143146074e-005, 6.67440399411e-005, 5.47504569113e-005, 4.09080275858e-005, 4.0820967115e-005, 2.75771071756e-005, 1.88947178685e-005, 1.01365285445e-005, 1.25483056763e-005, 6.56121255815e-006, 5.34589935342e-006, 2.63565630121e-006, 3.37275491802e-006, 3.91433968616e-006, 3.36467564921e-006, 8.51550066727e-006, 1.66457084561e-005, 8.14605118649e-006, 4.55833605884e-006, 2.24415816774e-006, 1.21730522551e-006, 5.17289947766e-007, 2.28409987812e-007, 1.43908593486e-007, 1.44483578879e-007, 8.66975611302e-008, 8.35652755882e-008, 3.95181345425e-008, 2.81940266689e-008, 3.15388852812e-008, 3.21807149817e-008],
        "var": [5.19642817665e-008, 3.2254515645e-006, 2.39959153987e-005, 7.43593773223e-007, 1.63505845308e-007, 7.77908098826e-007, 7.12876158104e-007, 2.41425198055e-007, 4.94297466958e-007, 1.692093754e-008, 6.75973126363e-008, 6.30065457585e-008, 2.49465728075e-008, 2.16427356037e-008, 1.10173656864e-008, 3.83320752917e-009, 1.36976396892e-009, 9.54730516867e-010, 2.24262983184e-010, 1.98928165607e-010, 3.77865273793e-011, 8.60590418372e-011, 1.34112054795e-010, 7.95760818351e-011, 2.21289941926e-009, 4.91742957465e-009, 1.08004072352e-009, 4.47153952754e-010, 5.53320340935e-011, 2.54849856496e-011, 2.78810850275e-012, 4.1421027849e-013, 1.61853833829e-013, 2.481906011e-013, 9.51953834229e-014, 1.49787720747e-013, 2.25522335859e-014, 8.26381013451e-015, 1.8166527378e-014, 3.26144547567e-014]
    },
    "mfcc": {
        "mean": [-750.829406738, 174.356414795, -3.50115704536, 38.8691940308, -1.29542827606, -0.913598537445, 4.97935724258, -6.14110422134, -10.3896875381, 0.554504096508, -2.01886200905, -4.03111457825, -0.586533665657],
        "cov": [[6966.86474609, -1026.31481934, -878.426513672, 479.259185791, -655.314758301, -19.633228302, 274.483093262, -60.6854705811, -84.1657943726, 130.227783203, -43.4389877319, -22.1980743408, -65.4094848633], [-1026.31481934, 1129.93371582, 40.7411575317, -192.356582642, 135.636886597, 27.3735561371, -33.6579551697, 80.5624847412, 78.6676330566, -17.0506210327, 4.25710344315, -6.41540050507, -24.7934513092], [-878.426513672, 40.7411575317, 584.876708984, -71.6026000977, 91.2827224731, 111.651672363, 1.04247796535, 106.043609619, 76.4128723145, -4.56092786789, 26.4850769043, 3.353099823, 14.4307928085], [479.259185791, -192.356582642, -71.6026000977, 398.416015625, 88.3017272949, 3.64454746246, 88.2802810669, -55.2771949768, -44.5143852234, 47.2261238098, -22.2670326233, 2.25531625748, 41.4273834229], [-655.314758301, 135.636886597, 91.2827224731, 88.3017272949, 300.986083984, 32.6422576904, 7.40457582474, -15.71555233, -5.80980539322, 25.7784099579, -15.8954610825, -12.5531892776, 29.1804332733], [-19.633228302, 27.3735561371, 111.651672363, 3.64454746246, 32.6422576904, 165.377822876, 54.3333625793, 39.1900596619, 37.4803543091, 22.7166938782, 9.19552993774, 0.451156497002, -3.39606189728], [274.483093262, -33.6579551697, 1.04247796535, 88.2802810669, 7.40457582474, 54.3333625793, 193.236602783, 20.5223007202, 0.0555660948157, 52.5999298096, -12.582901001, 8.02276229858, 11.1301584244], [-60.6854705811, 80.5624847412, 106.043609619, -55.2771949768, -15.71555233, 39.1900596619, 20.5223007202, 148.800628662, 60.9362335205, -1.34162724018, 13.5227279663, 5.83415746689, -8.63770294189], [-84.1657943726, 78.6676330566, 76.4128723145, -44.5143852234, -5.80980539322, 37.4803543091, 0.0555660948157, 60.9362335205, 136.749893188, 10.6670732498, 11.4319200516, -6.62688732147, -26.1814422607], [130.227783203, -17.0506210327, -4.56092786789, 47.2261238098, 25.7784099579, 22.7166938782, 52.5999298096, -1.34162724018, 10.6670732498, 122.050079346, 11.1415872574, -16.3404636383, -3.24671602249], [-43.4389877319, 4.25710344315, 26.4850769043, -22.2670326233, -15.8954610825, 9.19552993774, -12.582901001, 13.5227279663, 11.4319200516, 11.1415872574, 106.33454895, 32.0124168396, -10.7972764969], [-22.1980743408, -6.41540050507, 3.353099823, 2.25531625748, -12.5531892776, 0.451156497002, 8.02276229858, 5.83415746689, -6.62688732147, -16.3404636383, 32.0124168396, 102.25176239, 23.1262283325], [-65.4094848633, -24.7934513092, 14.4307928085, 41.4273834229, 29.1804332733, -3.39606189728, 11.1301584244, -8.63770294189, -26.1814422607, -3.24671602249, -10.7972764969, 23.1262283325, 101.489608765]],
        "icov": [[0.000302086555166, 0.000147082115291, 0.000385011342587, -0.00034175242763, 0.000604830973316, -0.000240572713665, -0.000141188473208, -0.000214449042687, -4.99329235026e-006, -0.000170556668309, 7.3564282502e-005, 9.2721216788e-005, 0.00011061510304], [0.000147082115291, 0.00122959876899, 0.000465887133032, 0.000507960561663, -0.000562305620406, -0.000133112625917, -0.000132547138492, -0.0005761362263, -0.000423962221248, 6.65894694976e-005, 4.05855716963e-005, -4.31991793448e-006, 0.000142372970004], [0.000385011342587, 0.000465887133032, 0.00297806062736, 6.99895463185e-005, -0.000198826222913, -0.00151362782344, 3.94260932808e-005, -0.00156757817604, -0.000626356399152, 0.000141953962157, -0.000366676977137, 0.000288367562462, -0.000483049894683], [-0.00034175242763, 0.000507960561663, 6.99895463185e-005, 0.00419260933995, -0.00207304931246, 0.000370367721189, -0.00130795082077, 0.000869529496413, 7.63649804867e-005, -0.000307785114273, 8.37170809973e-005, -0.000200989903533, -0.000927068060264], [0.000604830973316, -0.000562305620406, -0.000198826222913, -0.00207304931246, 0.00591771444306, -0.00104349805042, 0.000384899583878, 0.000472018524306, 0.00040611307486, -0.00118238478899, 0.000689676380716, 0.000580161111429, -0.000603394175414], [-0.000240572713665, -0.000133112625917, -0.00151362782344, 0.000370367721189, -0.00104349805042, 0.00835851579905, -0.00211291527376, -0.000274170073681, -0.00119838083629, -0.000228765056818, -0.000546174473129, -1.21209941426e-005, 0.00029276998248], [-0.000141188473208, -0.000132547138492, 3.94260932808e-005, -0.00130795082077, 0.000384899583878, -0.00211291527376, 0.0075789638795, -0.00137219240423, 0.000733171764296, -0.00271580088884, 0.00155973224901, -0.00131034082733, -0.000157631526235], [-0.000214449042687, -0.0005761362263, -0.00156757817604, 0.000869529496413, 0.000472018524306, -0.000274170073681, -0.00137219240423, 0.0100085614249, -0.00309062725864, 0.000671426008921, -0.000506548734847, -0.000318873149808, -0.000310628878651], [-4.99329235026e-006, -0.000423962221248, -0.000626356399152, 7.63649804867e-005, 0.00040611307486, -0.00119838083629, 0.000733171764296, -0.00309062725864, 0.0101275872439, -0.00112664932385, 4.1783296183e-006, 0.000191374900169, 0.00198421115056], [-0.000170556668309, 6.65894694976e-005, 0.000141953962157, -0.000307785114273, -0.00118238478899, -0.000228765056818, -0.00271580088884, 0.000671426008921, -0.00112664932385, 0.010622927919, -0.00245919497684, 0.00240847468376, -6.21695144218e-005], [7.3564282502e-005, 4.05855716963e-005, -0.000366676977137, 8.37170809973e-005, 0.000689676380716, -0.000546174473129, 0.00155973224901, -0.000506548734847, 4.1783296183e-006, -0.00245919497684, 0.0117250811309, -0.00445503229275, 0.00182952778414], [9.2721216788e-005, -4.31991793448e-006, 0.000288367562462, -0.000200989903533, 0.000580161111429, -1.21209941426e-005, -0.00131034082733, -0.000318873149808, 0.000191374900169, 0.00240847468376, -0.00445503229275, 0.0124901523814, -0.0031445575878], [0.00011061510304, 0.000142372970004, -0.000483049894683, -0.000927068060264, -0.000603394175414, 0.00029276998248, -0.000157631526235, -0.000310628878651, 0.00198421115056, -6.21695144218e-005, 0.00182952778414, -0.0031445575878, 0.0120016057044]]
    },
    "spectral_contrast_coeffs": {
        "mean": [-0.593523025513, -0.674003601074, -0.743332207203, -0.743802011013, -0.750463247299, -0.735450446606],
        "var": [0.00499058002606, 0.00726333027706, 0.0046377805993, 0.0037907762453, 0.00449644587934, 0.00259677506983]
    },
    "spectral_contrast_valleys": {
        "mean": [-7.82478380203, -7.40554857254, -8.37990379333, -9.18623065948, -9.18229389191, -12.6294898987],
        "var": [1.36933386326, 1.31800639629, 1.32285416126, 1.37112545967, 1.71942842007, 1.74475419521]
    }
},
"metadata": {
    "audio_properties": {
        "analysis_sample_rate": 44100,
        "bit_rate": 110060,
        "equal_loudness": 0,
        "length": 45.0612258911,
        "lossless": 0,
        "replay_gain": -6.65811157227,
        "sample_rate": 44100,
        "codec": "mp3",
        "downmix": "mix",
        "md5_encoded": "35d0aeda9d38c5dfa5d9a6df402171fc"
    },
    "tags": {
        "file_name": "323.mp3"
    },
    "version": {
        "essentia": "2.1-beta2",
        "essentia_git_sha": "v2.1_beta2",
        "extractor": "music 1.0"
    }
},
"rhythm": {
    "beats_count": 110,
    "beats_loudness": {
        "mean": 0.0326760113239,
        "var": 0.00111476529855
    },
    "bpm": 148.154846191,
    "bpm_histogram_first_peak_bpm": {
        "mean": 148,
        "var": 0
    },
    "bpm_histogram_first_peak_spread": {
        "mean": 0.466666668653,
        "var": 0
    },
    "bpm_histogram_first_peak_weight": {
        "mean": 0.513761460781,
        "var": 0
    },
    "bpm_histogram_second_peak_bpm": {
        "mean": 140,
        "var": 0
    },
    "bpm_histogram_second_peak_spread": {
        "mean": 0,
        "var": 0
    },
    "bpm_histogram_second_peak_weight": {
        "mean": 0.0183486230671,
        "var": 0
    },
    "danceability": 0.98135882616,
    "onset_rate": 5.45677852631,
    "beats_loudness_band_ratio": {
        "mean": [0.438199967146, 0.263388693333, 0.244302436709, 0.0615393035114, 0.0292169637978, 0.0314309000969],
        "var": [0.0700868964195, 0.0453644879162, 0.0382932908833, 0.00394382607192, 0.00104722380638, 0.00439246930182]
    },
    "beats_position": [0.441179126501, 0.893968224525, 1.31192743778, 1.71827661991, 2.13623571396, 2.55419492722, 2.96054410934, 3.36689329147, 3.78485250473, 4.19120168686, 4.59755086899, 4.99229001999, 5.41024923325, 5.80498838425, 6.19972801208, 6.59446716309, 6.98920631409, 7.38394546509, 7.77868461609, 8.17342376709, 8.56816291809, 8.96290206909, 9.35764122009, 9.75238037109, 10.1471195221, 10.5418596268, 10.9482088089, 11.354557991, 11.7725172043, 12.1904764175, 12.5968255997, 13.0031747818, 13.4095239639, 13.8158731461, 14.2222223282, 14.6285715103, 15.0465307236, 15.4528799057, 15.8592290878, 16.2655773163, 16.6835365295, 17.1014957428, 17.5078449249, 17.9258041382, 18.3437633514, 18.7501125336, 19.1680717468, 19.574420929, 19.9923801422, 20.3987293243, 20.8050785065, 21.2114276886, 21.6177768707, 22.0241260529, 22.430475235, 22.825214386, 23.219953537, 23.6263027191, 24.0326519012, 24.4506111145, 24.8569602966, 25.2749195099, 25.681268692, 26.0876178741, 26.4939670563, 26.9003162384, 27.3066654205, 27.7130146027, 28.1193637848, 28.5257129669, 28.932062149, 29.3384113312, 29.7447605133, 30.1743297577, 30.6038990021, 31.0102481842, 31.4165973663, 31.8229465485, 32.2292976379, 32.6472549438, 33.0652160645, 33.4715652466, 33.8779144287, 34.2726516724, 34.6673927307, 35.0621299744, 35.4684791565, 35.8748283386, 36.269569397, 36.6643066406, 37.0822677612, 37.4886169434, 37.8949661255, 38.2897033691, 38.6960525513, 39.0791816711, 39.4855308533, 39.8918800354, 40.2866210938, 40.6813583374, 41.0760993958, 41.4824485779, 41.88879776, 42.2835350037, 42.678276062, 43.0730133057, 43.467754364, 43.8624954224, 44.2688446045, 44.6751937866]
},
"tonal": {
    "chords_changes_rate": 0.00720164598897,
    "chords_number_rate": 0.00411522621289,
    "chords_strength": {
        "mean": 0.535381317139,
        "var": 0.00546215195209
    },
    "hpcp_entropy": {
        "mean": 1.6289627552,
        "var": 0.494854599237
    },
    "key_strength": 0.769935369492,
    "tuning_diatonic_strength": 0.598188340664,
    "tuning_equal_tempered_deviation": 0.0337952449918,
    "tuning_frequency": 439.745910645,
    "tuning_nontempered_energy_ratio": 0.629436314106,
    "hpcp": {
        "mean": [0.358566880226, 0.178912073374, 0.0339427292347, 0.0179423689842, 0.0169313624501, 0.0226845871657, 0.0276892017573, 0.0225254688412, 0.0401255115867, 0.0732183307409, 0.0506783723831, 0.0323714390397, 0.0506623312831, 0.0953067168593, 0.35581111908, 0.52074110508, 0.275211244822, 0.0568211600184, 0.0236879847944, 0.0291496347636, 0.0764052942395, 0.110928915441, 0.0927488207817, 0.12302301079, 0.157633781433, 0.0845602825284, 0.0302931852639, 0.0318294242024, 0.0574726350605, 0.190284371376, 0.224549755454, 0.0898934453726, 0.0361443161964, 0.0528224371374, 0.0844943448901, 0.260033607483],
        "var": [0.121656917036, 0.0420480407774, 0.0106636881828, 0.0081126820296, 0.00762157514691, 0.00704280659556, 0.00803566537797, 0.00697944592685, 0.0102894464508, 0.0365905612707, 0.0189144369215, 0.0101036429405, 0.0217478014529, 0.0299259647727, 0.102442353964, 0.170772090554, 0.0754020288587, 0.0216974858195, 0.0087613016367, 0.00992125831544, 0.0320555120707, 0.051300752908, 0.0340582095087, 0.0447311475873, 0.0781184285879, 0.0291722994298, 0.0102375820279, 0.0146931950003, 0.0165706668049, 0.0885798707604, 0.108334936202, 0.0250477623194, 0.0113854138181, 0.032298900187, 0.0292447395623, 0.0847753509879]
    },
    "chords_histogram": [88.5802459717, 0, 0, 0, 0, 0, 0, 0.925925910473, 7.30452680588, 1.23456788063, 0, 0, 0, 0, 0, 1.95473253727, 0, 0, 0, 0, 0, 0, 0, 0],
    "thpcp": [1, 0.528499186039, 0.109115950763, 0.045488987118, 0.0559772104025, 0.146724149585, 0.213021233678, 0.178109273314, 0.236246019602, 0.302710473537, 0.162384495139, 0.0581732168794, 0.0611233189702, 0.110367000103, 0.365410685539, 0.43121188879, 0.172625988722, 0.0694093778729, 0.101437039673, 0.162257879972, 0.499352961779, 0.688570320606, 0.343572020531, 0.0651815831661, 0.0344554483891, 0.0325139723718, 0.0435621216893, 0.0531726814806, 0.0432565584779, 0.0770546272397, 0.140604093671, 0.0973197072744, 0.0621641725302, 0.0972889065742, 0.183021306992, 0.68327832222],
    "chords_key": "D",
    "chords_scale": "minor",
    "key_key": "D",
    "key_scale": "minor"
}
}