{
"lowlevel": {
    "average_loudness": 0.897685170174,
    "barkbands_crest": {
        "mean": 13.557808876,
        "var": 18.5184459686
    },
    "barkbands_flatness_db": {
        "mean": 0.268148779869,
        "var": 0.00982462149113
    },
    "barkbands_kurtosis": {
        "mean": 22.873544693,
        "var": 631.21282959
    },
    "barkbands_skewness": {
        "mean": 3.26016378403,
        "var": 3.54211258888
    },
    "barkbands_spread": {
        "mean": 9.45063114166,
        "var": 128.299346924
    },
    "dissonance": {
        "mean": 0.430953115225,
        "var": 0.00173494871706
    },
    "dynamic_complexity": 3.7903907299,
    "erbbands_crest": {
        "mean": 11.8736524582,
        "var": 22.156370163
    },
    "erbbands_flatness_db": {
        "mean": 0.208394572139,
        "var": 0.0032303892076
    },
    "erbbands_kurtosis": {
        "mean": 2.40321350098,
        "var": 28.3044204712
    },
    "erbbands_skewness": {
        "mean": 1.13009691238,
        "var": 1.30117607117
    },
    "erbbands_spread": {
        "mean": 36.3862457275,
        "var": 429.31729126
    },
    "hfc": {
        "mean": 11.2493486404,
        "var": 459.02947998
    },
    "melbands_crest": {
        "mean": 20.5132865906,
        "var": 43.4047851563
    },
    "melbands_flatness_db": {
        "mean": 0.346936225891,
        "var": 0.0141692068428
    },
    "melbands_kurtosis": {
        "mean": 49.9262237549,
        "var": 3292.42163086
    },
    "melbands_skewness": {
        "mean": 4.61107397079,
        "var": 6.07248544693
    },
    "melbands_spread": {
        "mean": 9.86864089966,
        "var": 247.804946899
    },
    "pitch_salience": {
        "mean": 0.425093024969,
        "var": 0.017238760367
    },
    "silence_rate_20dB": {
        "mean": 1,
        "var": 0
    },
    "silence_rate_30dB": {
        "mean": 0.938754498959,
        "var": 0.0574957504869
    },
    "silence_rate_60dB": {
        "mean": 0.0993309319019,
        "var": 0.0894662290812
    },
    "spectral_centroid": {
        "mean": 607.627258301,
        "var": 402748.21875
    },
    "spectral_complexity": {
        "mean": 8.26093673706,
        "var": 21.8335723877
    },
    "spectral_decrease": {
        "mean": -9.06064645534e-009,
        "var": 8.97523059228e-017
    },
    "spectral_energy": {
        "mean": 0.035217281431,
        "var": 0.00132947787642
    },
    "spectral_energyband_high": {
        "mean": 0.000403937039664,
        "var": 4.22105267717e-006
    },
    "spectral_energyband_low": {
        "mean": 0.0219456627965,
        "var": 0.00085540098371
    },
    "spectral_energyband_middle_high": {
        "mean": 0.00168070883956,
        "var": 1.10359042083e-005
    },
    "spectral_energyband_middle_low": {
        "mean": 0.0139852315187,
        "var": 0.000340010796208
    },
    "spectral_entropy": {
        "mean": 6.31591176987,
        "var": 0.591512680054
    },
    "spectral_flux": {
        "mean": 0.0537788718939,
        "var": 0.00251536513679
    },
    "spectral_kurtosis": {
        "mean": 14.1759586334,
        "var": 211.895935059
    },
    "spectral_rms": {
        "mean": 0.00513369310647,
        "var": 8.00350062491e-006
    },
    "spectral_rolloff": {
        "mean": 648.81036377,
        "var": 1699164.5
    },
    "spectral_skewness": {
        "mean": 2.64122080803,
        "var": 1.58411121368
    },
    "spectral_spread": {
        "mean": 3567036.25,
        "var": 3.92074467738e+012
    },
    "spectral_strongpeak": {
        "mean": 0.930625796318,
        "var": 1.98754703999
    },
    "zerocrossingrate": {
        "mean": 0.0302088521421,
        "var": 0.00132431206293
    },
    "barkbands": {
        "mean": [2.0087678422e-005, 0.00556607497856, 0.0135656930506, 0.00388299347833, 0.00804119836539, 0.0012836313108, 0.000483958370751, 0.00019081341452, 9.56676813075e-005, 9.54194983933e-005, 5.3649655456e-005, 0.000357252487447, 5.66146409255e-005, 0.000242367299506, 0.000528850243427, 3.80677593057e-005, 6.83528778609e-005, 0.000131685374072, 9.11314418772e-005, 4.40855583292e-005, 7.09313171683e-005, 6.43798484816e-005, 6.86289786245e-005, 0.000112901849207, 4.70021586807e-005, 1.55837660714e-005, 3.32000809067e-007],
        "var": [4.93787899458e-009, 9.96605231194e-005, 0.000367969012586, 0.000108901309432, 0.000162781390827, 5.08975426783e-006, 5.13600639351e-007, 1.37038426828e-007, 3.52141817928e-008, 5.95363474076e-008, 4.23526032023e-008, 1.23604343116e-006, 4.97966929913e-008, 4.85794600991e-007, 3.22076493831e-006, 1.74790457663e-008, 9.32312360646e-008, 2.51307739063e-007, 1.09763810485e-007, 3.41241133128e-008, 1.65121662121e-007, 1.03575104049e-007, 2.4815881261e-007, 1.18628940982e-006, 1.84080988674e-007, 1.55889381404e-008, 1.17669606697e-011]
    },
    "erbbands": {
        "mean": [0.0300642047077, 1.9002058506, 14.9907341003, 14.4640340805, 15.031920433, 34.5050773621, 19.642534256, 6.45720291138, 6.57765626907, 5.65885019302, 4.20044803619, 2.80681324005, 1.98251593113, 2.85649704933, 7.72309827805, 9.58951473236, 2.98848557472, 9.8735332489, 26.3092880249, 12.6131496429, 3.51230669022, 3.40165519714, 6.3162279129, 4.61907529831, 4.61732053757, 2.0645442009, 2.37318634987, 3.06648945808, 2.41115522385, 1.80020368099, 1.94468331337, 1.95898675919, 2.16656970978, 0.591421186924, 0.297712594271, 0.0933341085911, 0.0225656144321, 0.00317038968205, 8.93631004146e-005, 4.275369065e-005],
        "var": [0.00293261627667, 10.3701753616, 494.462982178, 754.596679688, 584.987609863, 3498.51074219, 1149.42565918, 108.674537659, 107.966491699, 95.9635162354, 64.3346557617, 26.1881561279, 30.6708812714, 28.4770870209, 458.784393311, 819.676147461, 67.5368041992, 1033.06323242, 3744.98193359, 2798.32958984, 129.514068604, 155.611206055, 549.903991699, 214.425506592, 376.053527832, 89.0891571045, 96.3950042725, 454.646636963, 204.918716431, 75.0714187622, 195.385131836, 244.555892944, 592.747619629, 19.3343334198, 10.1963853836, 0.512590289116, 0.0380357950926, 0.00116592820268, 5.11898122113e-007, 2.77723244402e-009]
    },
    "gfcc": {
        "mean": [-95.7593765259, 139.096130371, -93.5992660522, 45.3942260742, -42.5106048584, 10.9069337845, -46.0905799866, -15.4815340042, -22.3405990601, -8.35227012634, -9.88437652588, -15.8025188446, -10.3873300552],
        "cov": [[8697.27050781, -1945.69274902, -803.150939941, 444.042694092, -581.924133301, 393.274291992, -457.144195557, 216.491607666, -498.552307129, 77.5780029297, -268.669342041, 280.649932861, -211.863723755], [-1945.69274902, 2244.58178711, 329.833770752, -256.501373291, 539.126708984, -411.120819092, 381.325714111, -331.923583984, 271.181427002, -244.590820313, 288.114196777, -272.867279053, 138.042800903], [-803.150939941, 329.833770752, 906.570617676, 186.499984741, 304.209686279, 29.0201473236, 147.175430298, 25.3147621155, 58.4453239441, -16.0808544159, 29.265625, -38.213558197, -21.956943512], [444.042694092, -256.501373291, 186.499984741, 367.68447876, 72.9838409424, 100.169776917, 1.90539062023, 42.9811096191, 7.8107624054, -1.67785263062, -23.289894104, 11.797205925, -5.11325740814], [-581.924133301, 539.126708984, 304.209686279, 72.9838409424, 431.117736816, -6.57625341415, 165.28717041, -63.1244087219, 86.8067550659, -44.1879386902, 93.2334747314, -62.8467559814, 15.7670469284], [393.274291992, -411.120819092, 29.0201473236, 100.169776917, -6.57625341415, 232.150131226, -11.3806324005, 64.4560775757, -38.0016326904, 65.256477356, -40.1093864441, 56.681098938, -16.9747867584], [-457.144195557, 381.325714111, 147.175430298, 1.90539062023, 165.28717041, -11.3806324005, 217.560592651, -21.6486492157, 55.3250541687, -19.1147708893, 68.4509353638, -31.9202480316, 25.7947711945], [216.491607666, -331.923583984, 25.3147621155, 42.9811096191, -63.1244087219, 64.4560775757, -21.6486492157, 175.593704224, -32.7547225952, 46.3585128784, -34.9526176453, 49.5148353577, -34.3001747131], [-498.552307129, 271.181427002, 58.4453239441, 7.8107624054, 86.8067550659, -38.0016326904, 55.3250541687, -32.7547225952, 135.49079895, -8.32549858093, 25.7712364197, -45.4552192688, 23.2253665924], [77.5780029297, -244.590820313, -16.0808544159, -1.67785263062, -44.1879386902, 65.256477356, -19.1147708893, 46.3585128784, -8.32549858093, 136.091049194, -8.5895357132, 39.0184135437, -17.3485908508], [-268.669342041, 288.114196777, 29.265625, -23.289894104, 93.2334747314, -40.1093864441, 68.4509353638, -34.9526176453, 25.7712364197, -8.5895357132, 153.352584839, -20.5164108276, -6.01403808594], [280.649932861, -272.867279053, -38.213558197, 11.797205925, -62.8467559814, 56.681098938, -31.9202480316, 49.5148353577, -45.4552192688, 39.0184135437, -20.5164108276, 111.899093628, -20.3495788574], [-211.863723755, 138.042800903, -21.956943512, -5.11325740814, 15.7670469284, -16.9747867584, 25.7947711945, -34.3001747131, 23.2253665924, -17.3485908508, -6.01403808594, -20.3495788574, 89.6254806519]],
        "icov": [[0.000209220554098, -0.000158966722665, 0.000238129170612, -0.000422152254032, 8.98839934962e-005, -0.000230330726481, 0.000154769179062, -3.84367667721e-005, 0.000633247953374, -4.99763336848e-005, 0.00025136853219, -0.000153241926455, 0.000463280361146], [-0.000158966722665, 0.00340157817118, -0.000799549161457, 0.002136136638, -0.00149456388317, 0.00270118610933, -0.00215860526077, 0.00190578459296, -0.00249917712063, 0.00227744784206, -0.00246942648664, 0.00186305097304, -0.00221804575995], [0.000238129170612, -0.000799549161457, 0.00207220064476, -0.00145835103467, -0.000654802599456, -0.000492917606607, -4.48032042186e-005, -0.000808243174106, 0.00114771130029, -0.000632547889836, 0.00120341510046, -0.000270602409728, 0.00154371338431], [-0.000422152254032, 0.002136136638, -0.00145835103467, 0.00550904357806, -0.00137752422597, 0.000245025265031, -0.000683379475959, 0.000508069933858, -0.00292327045463, 0.0022250933107, -0.0016306390753, 0.00119043816812, -0.00230203615502], [8.98839934962e-005, -0.00149456388317, -0.000654802599456, -0.00137752422597, 0.00540281459689, -0.00200683274306, -0.000956000934821, 0.000289829768008, -6.668552669e-005, -0.00018678518245, -0.000399375421694, -0.000104077269498, 0.00126162159722], [-0.000230330726481, 0.00270118610933, -0.000492917606607, 0.000245025265031, -0.00200683274306, 0.00897762551904, -0.00231169862673, 0.00074991537258, -0.000806738622487, -0.000881573650986, -0.000583370157983, -0.000157840142492, -0.00184254173655], [0.000154769179062, -0.00215860526077, -4.48032042186e-005, -0.000683379475959, -0.000956000934821, -0.00231169862673, 0.00902385264635, -0.00204472173937, 0.00050765828928, -0.000974070688244, -0.000606195128057, -0.00116272829473, -0.000633457850199], [-3.84367667721e-005, 0.00190578459296, -0.000808243174106, 0.000508069933858, 0.000289829768008, 0.00074991537258, -0.00204472173937, 0.00907071866095, -0.000912554969545, -5.10964346176e-005, -0.000309428549372, -0.000624151900411, 0.00101984629873], [0.000633247953374, -0.00249917712063, 0.00114771130029, -0.00292327045463, -6.668552669e-005, -0.000806738622487, 0.00050765828928, -0.000912554969545, 0.0133071849123, -0.00321281841025, 0.00231284322217, 0.00109803932719, 0.00115839834325], [-4.99763336848e-005, 0.00227744784206, -0.000632547889836, 0.0022250933107, -0.00018678518245, -0.000881573650986, -0.000974070688244, -5.10964346176e-005, -0.00321281841025, 0.0113691594452, -0.00253119575791, -0.00056277110707, -0.000791605736595], [0.00025136853219, -0.00246942648664, 0.00120341510046, -0.0016306390753, -0.000399375421694, -0.000583370157983, -0.000606195128057, -0.000309428549372, 0.00231284322217, -0.00253119575791, 0.0108339712024, -0.00151471502613, 0.00390902534127], [-0.000153241926455, 0.00186305097304, -0.000270602409728, 0.00119043816812, -0.000104077269498, -0.000157840142492, -0.00116272829473, -0.000624151900411, 0.00109803932719, -0.00056277110707, -0.00151471502613, 0.0138879753649, -0.000487774697831], [0.000463280361146, -0.00221804575995, 0.00154371338431, -0.00230203615502, 0.00126162159722, -0.00184254173655, -0.000633457850199, 0.00101984629873, 0.00115839834325, -0.000791605736595, 0.00390902534127, -0.000487774697831, 0.0156156420708]]
    },
    "melbands": {
        "mean": [0.000822592759505, 0.00599488429725, 0.00238320487551, 0.00200275843963, 0.000814969709609, 0.000160000243341, 9.90051266854e-005, 5.6293731177e-005, 3.18034726661e-005, 1.42443559525e-005, 1.02211488411e-005, 1.23184499898e-005, 1.69211871253e-005, 4.72335377708e-005, 6.31988314126e-006, 9.99505573418e-006, 1.79446087714e-005, 3.84631093766e-005, 3.82933685614e-005, 3.30108559865e-006, 4.41574320575e-006, 3.53404334419e-006, 4.15807244281e-006, 7.30889905753e-006, 3.08049288833e-006, 4.00089766117e-006, 2.06335425901e-006, 1.26430222736e-006, 1.36986966481e-006, 1.79026460501e-006, 1.55534837631e-006, 1.42993178542e-006, 1.17618094464e-006, 9.38722280353e-007, 1.05088622604e-006, 1.23202767099e-006, 1.26790916966e-006, 2.0622228476e-006, 5.149022968e-007, 4.90444904244e-007],
        "var": [2.23695224122e-006, 7.90183839854e-005, 1.6872829292e-005, 1.17792042147e-005, 1.59547312251e-006, 6.67128716714e-008, 2.32049490734e-008, 9.35508559508e-009, 3.44350148396e-009, 7.72645225577e-010, 9.39383126841e-010, 6.0651661471e-010, 1.88449633676e-009, 2.56107171026e-008, 2.92499163779e-010, 1.86493975818e-009, 3.2438289832e-009, 6.9495333932e-009, 3.08873815413e-008, 1.16248545512e-010, 3.10842684925e-010, 2.01288222201e-010, 7.15438486232e-010, 8.20918166777e-010, 1.0841788578e-010, 2.93368468407e-010, 4.30560274933e-011, 6.3042661369e-011, 3.42719568003e-011, 1.35859976047e-010, 1.07198687427e-010, 1.08299022528e-010, 3.32583925677e-011, 2.73008508161e-011, 3.13222538184e-011, 2.39847114392e-010, 1.69825098428e-010, 6.23259777122e-010, 1.57967267739e-011, 2.12788484749e-011]
    },
    "mfcc": {
        "mean": [-745.112915039, 159.650512695, 20.9195823669, 36.7771873474, 23.1992664337, 19.800655365, -1.83680331707, -5.55332136154, -13.5641937256, 2.19701647758, -4.13589477539, -9.7470664978, -7.21372509003],
        "cov": [[7172.90039063, -2200.13574219, -477.879455566, -145.683349609, -256.657531738, -36.2619056702, -97.3525466919, 88.0766601563, -171.941101074, -75.0702056885, -137.450958252, -167.772903442, -74.5813217163], [-2200.13574219, 2163.59008789, 97.8765869141, 192.076416016, 147.827255249, 43.7042617798, 127.617889404, -30.7302646637, -4.93049526215, -60.7918357849, 123.708763123, 17.5638942719, 25.0136680603], [-477.879455566, 97.8765869141, 502.709747314, 153.792816162, 153.436904907, 66.9043884277, 86.0913772583, 46.5006790161, 71.2491073608, -0.39413112402, 38.22448349, 60.1936378479, 9.41356658936], [-145.683349609, 192.076416016, 153.792816162, 322.584289551, 134.048324585, 76.5678024292, 53.3511009216, 58.8563842773, 37.8304634094, -11.6715688705, 28.510383606, 22.9561061859, 20.7411575317], [-256.657531738, 147.827255249, 153.436904907, 134.048324585, 262.189025879, 98.4211349487, 80.8185806274, 48.854095459, 34.5822563171, -5.18559503555, 42.9347801208, 47.3645820618, 3.59245085716], [-36.2619056702, 43.7042617798, 66.9043884277, 76.5678024292, 98.4211349487, 220.436065674, 76.2670135498, 27.8775596619, 29.4152164459, 15.4087762833, 25.4420318604, 26.8287715912, 14.694188118], [-97.3525466919, 127.617889404, 86.0913772583, 53.3511009216, 80.8185806274, 76.2670135498, 210.649780273, 46.4392433167, -5.92776966095, 18.118976593, 48.6007804871, 41.7645721436, -0.829085707664], [88.0766601563, -30.7302646637, 46.5006790161, 58.8563842773, 48.854095459, 27.8775596619, 46.4392433167, 132.766769409, 19.6825351715, -4.73595237732, 19.7240543365, 15.4387531281, 4.94799995422], [-171.941101074, -4.93049526215, 71.2491073608, 37.8304634094, 34.5822563171, 29.4152164459, -5.92776966095, 19.6825351715, 172.902130127, -1.93119907379, -22.034406662, 29.174665451, -4.50007009506], [-75.0702056885, -60.7918357849, -0.39413112402, -11.6715688705, -5.18559503555, 15.4087762833, 18.118976593, -4.73595237732, -1.93119907379, 123.760566711, -1.85041332245, -11.0146560669, 3.39652395248], [-137.450958252, 123.708763123, 38.22448349, 28.510383606, 42.9347801208, 25.4420318604, 48.6007804871, 19.7240543365, -22.034406662, -1.85041332245, 172.359085083, 0.518428742886, 0.0916945412755], [-167.772903442, 17.5638942719, 60.1936378479, 22.9561061859, 47.3645820618, 26.8287715912, 41.7645721436, 15.4387531281, 29.174665451, -11.0146560669, 0.518428742886, 136.126251221, -2.81658411026], [-74.5813217163, 25.0136680603, 9.41356658936, 20.7411575317, 3.59245085716, 14.694188118, -0.829085707664, 4.94799995422, -4.50007009506, 3.39652395248, 0.0916945412755, -2.81658411026, 96.2643051147]],
        "icov": [[0.00024753404432, 0.000260241620708, 0.000186445948202, -0.000143745535752, 8.31393044791e-005, -8.51547592902e-005, -0.000140911419294, -0.000130385669763, 0.000190498700249, 0.000316374789691, 6.64813051117e-005, 0.000246945332037, 0.000157183938427], [0.000260241620708, 0.000820069981273, 0.00025304290466, -0.000444477453129, -8.57830964378e-005, 4.24964346166e-005, -0.000480845861603, 0.000308767164825, 0.000157156799105, 0.000620523293037, -0.000222565970034, 0.000330004288116, 3.15788165608e-005], [0.000186445948202, 0.00025304290466, 0.00289641390555, -0.000884920242243, -0.000879547209479, 0.000178536269232, -0.000676899158861, 1.13215146484e-005, -0.000664206629153, 0.000164612487424, -0.000228792065172, -0.000301851163385, -6.01853425906e-005], [-0.000143745535752, -0.000444477453129, -0.000884920242243, 0.00467914622277, -0.00141895946581, -0.000561775756069, 0.000318803533446, -0.00119634915609, -0.000328994065057, 8.34455349832e-005, 6.87083374942e-005, 0.000186665813089, -0.000727492908482], [8.31393044791e-005, -8.57830964378e-005, -0.000879547209479, -0.00141895946581, 0.00637267017737, -0.00162378710229, -0.000625170243438, -0.000740802148357, -9.58630625973e-005, 0.000308115937514, -0.000535779399797, -0.000822242465802, 0.000482277653646], [-8.51547592902e-005, 4.24964346166e-005, 0.000178536269232, -0.000561775756069, -0.00162378710229, 0.00615305872634, -0.00153480807785, 0.000296047684969, -0.000875643629115, -0.000691184424795, -0.000268260308076, -0.000190938546439, -0.000902379339095], [-0.000140911419294, -0.000480845861603, -0.000676899158861, 0.000318803533446, -0.000625170243438, -0.00153480807785, 0.0070363311097, -0.00171910924837, 0.00102852261625, -0.00138084811624, -0.000953606970143, -0.00162869412452, 0.000469905848149], [-0.000130385669763, 0.000308767164825, 1.13215146484e-005, -0.00119634915609, -0.000740802148357, 0.000296047684969, -0.00171910924837, 0.00932045839727, -0.000965147395618, 0.000480059999973, -0.000688903382979, -9.60559191299e-005, -0.000500222726259], [0.000190498700249, 0.000157156799105, -0.000664206629153, -0.000328994065057, -9.58630625973e-005, -0.000875643629115, 0.00102852261625, -0.000965147395618, 0.00695073325187, 0.000101287077996, 0.00110641517676, -0.000907024776097, 0.000732057262212], [0.000316374789691, 0.000620523293037, 0.000164612487424, 8.34455349832e-005, 0.000308115937514, -0.000691184424795, -0.00138084811624, 0.000480059999973, 0.000101287077996, 0.00903225503862, 0.000222335467697, 0.00132603594102, -0.000168129830854], [6.64813051117e-005, -0.000222565970034, -0.000228792065172, 6.87083374942e-005, -0.000535779399797, -0.000268260308076, -0.000953606970143, -0.000688903382979, 0.00110641517676, 0.000222335467697, 0.00671674124897, 0.000570881413296, 0.000259230466327], [0.000246945332037, 0.000330004288116, -0.000301851163385, 0.000186665813089, -0.000822242465802, -0.000190938546439, -0.00162869412452, -9.60559191299e-005, -0.000907024776097, 0.00132603594102, 0.000570881413296, 0.00885024201125, 0.000314828532282], [0.000157183938427, 3.15788165608e-005, -6.01853425906e-005, -0.000727492908482, 0.000482277653646, -0.000902379339095, 0.000469905848149, -0.000500222726259, 0.000732057262212, -0.000168129830854, 0.000259230466327, 0.000314828532282, 0.0108628934249]]
    },
    "spectral_contrast_coeffs": {
        "mean": [-0.535972416401, -0.667244553566, -0.733271598816, -0.722958922386, -0.750451803207, -0.741532802582],
        "var": [0.00760895898566, 0.00482352403924, 0.00428928108886, 0.00430185254663, 0.00343664269894, 0.0030450897757]
    },
    "spectral_contrast_valleys": {
        "mean": [-7.57468652725, -7.97954702377, -8.97456455231, -9.19892024994, -9.52510452271, -12.1629905701],
        "var": [1.28609454632, 1.04760241508, 0.985774993896, 1.00832676888, 1.18729484081, 1.47554969788]
    }
},
"metadata": {
    "audio_properties": {
        "analysis_sample_rate": 44100,
        "bit_rate": 104660,
        "equal_loudness": 0,
        "length": 45.0873451233,
        "lossless": 0,
        "replay_gain": -8.65439796448,
        "sample_rate": 44100,
        "codec": "mp3",
        "downmix": "mix",
        "md5_encoded": "be762877071664e08b6dd859159f5879"
    },
    "tags": {
        "file_name": "324.mp3"
    },
    "version": {
        "essentia": "2.1-beta2",
        "essentia_git_sha": "v2.1_beta2",
        "extractor": "music 1.0"
    }
},
"rhythm": {
    "beats_count": 120,
    "beats_loudness": {
        "mean": 0.0543354377151,
        "var": 0.00194449513219
    },
    "bpm": 163.364196777,
    "bpm_histogram_first_peak_bpm": {
        "mean": 161,
        "var": 0
    },
    "bpm_histogram_first_peak_spread": {
        "mean": 0.373493999243,
        "var": 0
    },
    "bpm_histogram_first_peak_weight": {
        "mean": 0.436974793673,
        "var": 0
    },
    "bpm_histogram_second_peak_bpm": {
        "mean": 167,
        "var": 0
    },
    "bpm_histogram_second_peak_spread": {
        "mean": 0,
        "var": 0
    },
    "bpm_histogram_second_peak_weight": {
        "mean": 0.243697479367,
        "var": 0
    },
    "danceability": 1.07109498978,
    "onset_rate": 2.5496199131,
    "beats_loudness_band_ratio": {
        "mean": [0.631072998047, 0.252114236355, 0.0400934480131, 0.035395309329, 0.0423231758177, 0.0326896682382],
        "var": [0.065684646368, 0.0395340546966, 0.00598636036739, 0.00506104016677, 0.00643705157563, 0.00604761205614]
    },
    "beats_position": [0.336689323187, 0.696598649025, 1.05650794506, 1.42802715302, 1.8111563921, 2.19428563118, 2.57741498947, 2.96054410934, 3.33206343651, 3.70358276367, 4.07510185242, 4.45823097229, 4.81814050674, 5.17804956436, 5.54956912994, 5.92108821869, 6.29260778427, 6.67573690414, 7.05886602402, 7.4303855896, 7.79029464722, 8.15020370483, 8.52172279358, 8.88163280487, 9.26476192474, 9.64789104462, 10.0310201645, 10.4025392532, 10.7508392334, 11.1223583221, 11.4822673798, 11.8537864685, 12.2369155884, 12.6084346771, 12.9683446884, 13.328253746, 13.6997728348, 14.0712919235, 14.4428119659, 14.8259410858, 15.1974601746, 15.5805892944, 15.9521083832, 16.3236274719, 16.6719264984, 17.031835556, 17.391746521, 17.7632656097, 18.1231746674, 18.483083725, 18.8662128448, 19.2261219025, 19.6092510223, 19.9923801422, 20.363899231, 20.7470283508, 21.1417675018, 21.5248966217, 21.9080276489, 22.2911567688, 22.6742858887, 23.0458049774, 23.4289340973, 23.7888431549, 24.1487522125, 24.5086612701, 24.89179039, 25.2633094788, 25.6348285675, 26.0063495636, 26.3778686523, 26.7493877411, 27.1209068298, 27.4924259186, 27.8639450073, 28.2354640961, 28.5953731537, 28.9668922424, 29.3268013, 29.6751022339, 30.0350112915, 30.3949203491, 30.7664394379, 31.1379585266, 31.5094776154, 31.8809967041, 32.2525177002, 32.6240348816, 32.9955558777, 33.3670730591, 33.750202179, 34.1333312988, 34.5048522949, 34.8763694763, 35.2478904724, 35.6310195923, 36.0025405884, 36.3856697083, 36.7455787659, 37.1054878235, 37.4770050049, 37.848526001, 38.2316551208, 38.6147842407, 38.9863014221, 39.369430542, 39.7409515381, 40.1124725342, 40.4723815918, 40.8322906494, 41.192199707, 41.5637168884, 41.9352378845, 42.2951469421, 42.6550559998, 43.0265769958, 43.4097061157, 43.8044433594, 44.1991844177, 44.6055335999]
},
"tonal": {
    "chords_changes_rate": 0.0586419738829,
    "chords_number_rate": 0.0102880662307,
    "chords_strength": {
        "mean": 0.440088540316,
        "var": 0.00624992558733
    },
    "hpcp_entropy": {
        "mean": 1.75086319447,
        "var": 0.499196946621
    },
    "key_strength": 0.655010521412,
    "tuning_diatonic_strength": 0.533495128155,
    "tuning_equal_tempered_deviation": 0.0909361690283,
    "tuning_frequency": 442.03793335,
    "tuning_nontempered_energy_ratio": 0.668955147266,
    "hpcp": {
        "mean": [0.371013820171, 0.162466317415, 0.0707337856293, 0.0662084966898, 0.0402145683765, 0.106010906398, 0.152489185333, 0.0967959463596, 0.0413381941617, 0.018197119236, 0.0145964408293, 0.0629014447331, 0.0971855595708, 0.0676548853517, 0.151015877724, 0.223436295986, 0.113874547184, 0.0316259153187, 0.0259316470474, 0.0311681069434, 0.0663244277239, 0.0778009444475, 0.044535998255, 0.0268733277917, 0.0302504748106, 0.0513389520347, 0.100829437375, 0.114227630198, 0.0752686262131, 0.0622676461935, 0.0668057650328, 0.0649922266603, 0.164672106504, 0.249167904258, 0.175351843238, 0.289297699928],
        "var": [0.163484781981, 0.036733429879, 0.039402268827, 0.0388188324869, 0.0136715471745, 0.0459989383817, 0.0769995301962, 0.041286315769, 0.0227128267288, 0.00665152957663, 0.0037823272869, 0.0209205206484, 0.0469542555511, 0.0209690015763, 0.0674166679382, 0.13420727849, 0.0433676540852, 0.0124232107773, 0.0100478306413, 0.0114117255434, 0.0234353356063, 0.0273697152734, 0.0142993405461, 0.0100955097005, 0.0120054455474, 0.0261442195624, 0.0490012802184, 0.059654455632, 0.0320376493037, 0.0311999730766, 0.0413596481085, 0.0334961228073, 0.0717872902751, 0.148567765951, 0.0624504722655, 0.10762488842]
    },
    "chords_histogram": [13.0658435822, 11.1111106873, 37.0370368958, 13.1687240601, 5.86419773102, 0.823045253754, 0, 0, 1.13168728352, 0.102880656719, 10.1851854324, 0.617283940315, 0.925925910473, 0, 0, 1.54320991039, 0, 1.54320991039, 0, 0.823045253754, 0, 0, 0, 2.05761313438],
    "thpcp": [1, 0.437898278236, 0.190650001168, 0.178452908993, 0.108391024172, 0.285733044147, 0.411006748676, 0.26089578867, 0.111419551075, 0.0490470118821, 0.0393420420587, 0.169539362192, 0.261945933104, 0.182351395488, 0.407035708427, 0.602231740952, 0.306928038597, 0.0852418765426, 0.069894015789, 0.0840079411864, 0.178765386343, 0.209698244929, 0.12003865093, 0.0724321454763, 0.0815346315503, 0.138374775648, 0.271767348051, 0.307879716158, 0.20287284255, 0.167831063271, 0.180062741041, 0.175174683332, 0.443843603134, 0.671586573124, 0.472628861666, 0.77974909544],
    "chords_key": "A",
    "chords_scale": "major",
    "key_key": "D",
    "key_scale": "major"
}
}