{
"lowlevel": {
    "average_loudness": 0.703352093697,
    "barkbands_crest": {
        "mean": 11.8197755814,
        "var": 15.7991676331
    },
    "barkbands_flatness_db": {
        "mean": 0.211822882295,
        "var": 0.00551349716261
    },
    "barkbands_kurtosis": {
        "mean": 11.7641792297,
        "var": 405.030303955
    },
    "barkbands_skewness": {
        "mean": 2.4021589756,
        "var": 2.93517827988
    },
    "barkbands_spread": {
        "mean": 17.2669773102,
        "var": 295.488464355
    },
    "dissonance": {
        "mean": 0.428637742996,
        "var": 0.00215247133747
    },
    "dynamic_complexity": 2.90903830528,
    "erbbands_crest": {
        "mean": 11.8545103073,
        "var": 26.4611625671
    },
    "erbbands_flatness_db": {
        "mean": 0.189271569252,
        "var": 0.00428319722414
    },
    "erbbands_kurtosis": {
        "mean": 2.32951211929,
        "var": 74.6842727661
    },
    "erbbands_skewness": {
        "mean": 0.836470425129,
        "var": 1.35356986523
    },
    "erbbands_spread": {
        "mean": 48.1987190247,
        "var": 1119.08862305
    },
    "hfc": {
        "mean": 24.4743022919,
        "var": 1251.17138672
    },
    "melbands_crest": {
        "mean": 17.6576538086,
        "var": 29.1890583038
    },
    "melbands_flatness_db": {
        "mean": 0.27466404438,
        "var": 0.00884492136538
    },
    "melbands_kurtosis": {
        "mean": 33.8570823669,
        "var": 2083.77441406
    },
    "melbands_skewness": {
        "mean": 3.86689996719,
        "var": 6.90967464447
    },
    "melbands_spread": {
        "mean": 16.1699352264,
        "var": 461.756530762
    },
    "pitch_salience": {
        "mean": 0.505499064922,
        "var": 0.0148327108473
    },
    "silence_rate_20dB": {
        "mean": 1,
        "var": 0
    },
    "silence_rate_30dB": {
        "mean": 0.971693277359,
        "var": 0.0275052972138
    },
    "silence_rate_60dB": {
        "mean": 0.0401441082358,
        "var": 0.0385311543941
    },
    "spectral_centroid": {
        "mean": 920.267883301,
        "var": 460892.09375
    },
    "spectral_complexity": {
        "mean": 11.41842556,
        "var": 28.7096862793
    },
    "spectral_decrease": {
        "mean": -7.77054065537e-009,
        "var": 5.98242363812e-017
    },
    "spectral_energy": {
        "mean": 0.0315476767719,
        "var": 0.000948960194364
    },
    "spectral_energyband_high": {
        "mean": 0.00135260156821,
        "var": 1.15372613436e-005
    },
    "spectral_energyband_low": {
        "mean": 0.0108097083867,
        "var": 0.000143879718962
    },
    "spectral_energyband_middle_high": {
        "mean": 0.00596902100369,
        "var": 0.000193728381419
    },
    "spectral_energyband_middle_low": {
        "mean": 0.0155867291614,
        "var": 0.000532421283424
    },
    "spectral_entropy": {
        "mean": 6.97599697113,
        "var": 0.502704620361
    },
    "spectral_flux": {
        "mean": 0.0721470192075,
        "var": 0.00226759607904
    },
    "spectral_kurtosis": {
        "mean": 7.04932928085,
        "var": 90.7282409668
    },
    "spectral_rms": {
        "mean": 0.00510866008699,
        "var": 4.67982999908e-006
    },
    "spectral_rolloff": {
        "mean": 1428.84606934,
        "var": 5486897.5
    },
    "spectral_skewness": {
        "mean": 1.9331035614,
        "var": 1.02963936329
    },
    "spectral_spread": {
        "mean": 5404095.5,
        "var": 7.61803780915e+012
    },
    "spectral_strongpeak": {
        "mean": 1.26928782463,
        "var": 2.226739645
    },
    "zerocrossingrate": {
        "mean": 0.0591923519969,
        "var": 0.00274208234623
    },
    "barkbands": {
        "mean": [4.77554249301e-006, 0.00140028004535, 0.00730696925893, 0.00447788555175, 0.00530716357753, 0.00152674480341, 0.00179784942884, 0.00155985855963, 0.000813060847577, 0.00203380687162, 0.00110105739441, 0.000714880297892, 0.000377148564439, 0.000360735924914, 0.000728794198949, 0.000121129916806, 0.000147486920469, 0.000230158257182, 0.000159744507982, 7.39382885513e-005, 0.000146648235386, 6.96162460372e-005, 0.000626583001576, 0.000126333688968, 0.000142540055094, 0.000191415238078, 1.1040941672e-006],
        "var": [4.19348195058e-010, 3.12131942337e-006, 0.000102176752989, 0.000116563562187, 0.000132334200316, 6.80707626088e-006, 1.09065331344e-005, 2.53483030974e-005, 3.11906387651e-006, 0.000103007732832, 1.28465617308e-005, 4.49667913927e-006, 2.10259372579e-006, 2.396032869e-006, 5.06293190483e-006, 1.29594283749e-007, 2.27058762903e-007, 2.033042108e-007, 2.0363026465e-007, 1.64550666426e-008, 1.05521166915e-007, 4.31975593074e-008, 2.47054049396e-006, 1.80217455181e-007, 2.45333183102e-007, 4.53708167925e-007, 6.66625574186e-011]
    },
    "erbbands": {
        "mean": [0.0094898166135, 0.56800442934, 7.24753141403, 11.8110170364, 18.6307315826, 17.5426387787, 10.9541482925, 13.2663059235, 23.1176204681, 27.747385025, 33.4569511414, 19.5215702057, 28.3620929718, 70.2801971436, 51.8726043701, 22.5816345215, 13.370141983, 18.7192001343, 41.4385757446, 20.7117958069, 6.51817893982, 9.03977966309, 13.5888347626, 9.52769374847, 5.84694051743, 3.37099719048, 4.72523212433, 6.55166578293, 2.76217150688, 6.523001194, 23.7776203156, 5.285592556, 1.1910597086, 0.961710751057, 1.41403734684, 1.2396478653, 0.16617192328, 0.0139278257266, 0.00036326458212, 5.64734327781e-005],
        "var": [0.000150988737005, 0.547775745392, 107.843261719, 270.66418457, 3858.45678711, 1047.38171387, 220.557159424, 566.217163086, 1942.12231445, 4103.63183594, 9326.85742188, 1854.04382324, 19017.5292969, 80732.515625, 22043.4882813, 5672.15283203, 2053.08789063, 3847.10180664, 14466.5029297, 7507.01171875, 322.312438965, 754.618530273, 673.334594727, 286.027587891, 514.360595703, 41.5324211121, 75.1201248169, 313.884521484, 59.8859405518, 280.891784668, 3699.98217773, 255.929153442, 14.5287456512, 8.404255867, 24.4553413391, 18.6085586548, 0.456536024809, 0.0047475756146, 2.49450408774e-006, 7.91751730844e-009]
    },
    "gfcc": {
        "mean": [-35.2238044739, 88.1964874268, -91.98412323, 25.6056308746, -73.8882751465, 7.75157785416, -45.5643310547, 10.6888170242, -29.8303356171, -6.28381967545, -20.5112781525, -1.93295192719, -19.1030578613],
        "cov": [[7360.28955078, -1609.88696289, -360.265808105, 264.660339355, -451.156494141, 389.68270874, -247.241760254, -66.7210464478, -387.084472656, 38.2689666748, -614.420166016, 374.647735596, -397.902557373], [-1609.88696289, 2542.88696289, 648.10369873, 326.692840576, 732.73638916, -164.642486572, 174.301010132, -193.015960693, -66.9875488281, -380.744567871, 206.864456177, -364.862884521, 186.834716797], [-360.265808105, 648.10369873, 2794.00683594, 1418.75610352, 124.07888031, 50.1924819946, -192.699523926, -179.287750244, -105.976158142, -395.524139404, -318.040618896, 224.503219604, -216.634490967], [264.660339355, 326.692840576, 1418.75610352, 1240.97888184, 132.444610596, -210.3228302, -97.7146682739, 68.8420639038, -127.471153259, -286.38684082, -128.057891846, 144.718963623, -122.647415161], [-451.156494141, 732.73638916, 124.07888031, 132.444610596, 397.232971191, -12.7624797821, 88.161491394, -28.7678871155, -22.3265571594, -127.683105469, 39.1788635254, -152.101287842, 66.4790802002], [389.68270874, -164.642486572, 50.1924819946, -210.3228302, -12.7624797821, 432.123626709, 31.0023078918, -201.606506348, -37.778263092, 39.3863334656, -151.267272949, -5.71144628525, -55.825504303], [-247.241760254, 174.301010132, -192.699523926, -97.7146682739, 88.161491394, 31.0023078918, 154.171310425, 7.64215564728, -14.7855234146, 1.42592918873, 61.9027137756, -72.3864364624, 27.4480400085], [-66.7210464478, -193.015960693, -179.287750244, 68.8420639038, -28.7678871155, -201.606506348, 7.64215564728, 286.70300293, 73.9964523315, 19.7615909576, 85.6453399658, 7.3968963623, 5.40049409866], [-387.084472656, -66.9875488281, -105.976158142, -127.471153259, -22.3265571594, -37.778263092, -14.7855234146, 73.9964523315, 182.284133911, 86.2087554932, 19.6039505005, -37.4810371399, 26.5643424988], [38.2689666748, -380.744567871, -395.524139404, -286.38684082, -127.683105469, 39.3863334656, 1.42592918873, 19.7615909576, 86.2087554932, 211.231155396, 39.0116653442, -17.8671607971, -5.23294305801], [-614.420166016, 206.864456177, -318.040618896, -128.057891846, 39.1788635254, -151.267272949, 61.9027137756, 85.6453399658, 19.6039505005, 39.0116653442, 238.29069519, -69.9293746948, 76.231300354], [374.647735596, -364.862884521, 224.503219604, 144.718963623, -152.101287842, -5.71144628525, -72.3864364624, 7.3968963623, -37.4810371399, -17.8671607971, -69.9293746948, 209.70640564, -59.1609954834], [-397.902557373, 186.834716797, -216.634490967, -122.647415161, 66.4790802002, -55.825504303, 27.4480400085, 5.40049409866, 26.5643424988, -5.23294305801, 76.231300354, -59.1609954834, 151.680740356]],
        "icov": [[0.000308700371534, -0.000110187123937, 0.000343451072695, -0.000291160657071, 0.000166654863278, -0.000243923903327, 0.000429029198131, -0.000294677825877, 0.000691232038662, -0.000275595753919, 0.000832445453852, -0.000158006441779, 0.000360107282177], [-0.000110187123937, 0.00196584127843, -0.000648836605251, 0.000540910696145, -0.0017627737252, 0.00118959124666, -0.000728578947019, 0.00202836608514, -0.000971733243205, 0.0024974104017, -0.00185246649198, 0.00177674670704, -4.94256673846e-005], [0.000343451072695, -0.000648836605251, 0.00203989772126, -0.00213831639849, 0.000886379741132, -0.00135280773975, 0.00113552587572, 0.00043407335761, -0.000775462831371, 0.000523403694388, 0.000914605625439, -0.000945929670706, 0.00110254168976], [-0.000291160657071, 0.000540910696145, -0.00213831639849, 0.00408382900059, -0.00163759849966, 0.00242215930484, -0.000590945535805, -0.000945753359701, 0.00151631631888, 0.000582595705055, 0.00013343077444, 8.65078982315e-005, 0.000289098563371], [0.000166654863278, -0.0017627737252, 0.000886379741132, -0.00163759849966, 0.00755149684846, -0.00166259275284, -0.000953463022597, -0.00109947402962, -7.46836594772e-005, 0.00115830881987, 0.00137936288957, 0.0022422617767, -0.000925240921788], [-0.000243923903327, 0.00118959124666, -0.00135280773975, 0.00242215930484, -0.00166259275284, 0.00696937739849, -0.00294131645933, 0.00335967680439, 0.000376732670702, -8.04601222626e-005, 0.00210733618587, 0.00116472598165, 0.000954047602136], [0.000429029198131, -0.000728578947019, 0.00113552587572, -0.000590945535805, -0.000953463022597, -0.00294131645933, 0.0110483346507, -0.00230011087842, 0.0024142335169, -0.000681743142195, -0.00101748388261, 0.000560284475796, 0.000868365343194], [-0.000294677825877, 0.00202836608514, 0.00043407335761, -0.000945753359701, -0.00109947402962, 0.00335967680439, -0.00230011087842, 0.0096729779616, -0.00538303609937, 0.00402074493468, -0.0034220716916, 0.00109364592936, 0.00160184083506], [0.000691232038662, -0.000971733243205, -0.000775462831371, 0.00151631631888, -7.46836594772e-005, 0.000376732670702, 0.0024142335169, -0.00538303609937, 0.012817372568, -0.00699073448777, 0.0047510988079, 0.000678606214933, -0.00155408366118], [-0.000275595753919, 0.0024974104017, 0.000523403694388, 0.000582595705055, 0.00115830881987, -8.04601222626e-005, -0.000681743142195, 0.00402074493468, -0.00699073448777, 0.0155573384836, -0.00516302324831, 0.00340910069644, 0.00254789181054], [0.000832445453852, -0.00185246649198, 0.000914605625439, 0.00013343077444, 0.00137936288957, 0.00210733618587, -0.00101748388261, -0.0034220716916, 0.0047510988079, -0.00516302324831, 0.0124764349312, -0.00072480936069, -0.00120656355284], [-0.000158006441779, 0.00177674670704, -0.000945929670706, 8.65078982315e-005, 0.0022422617767, 0.00116472598165, 0.000560284475796, 0.00109364592936, 0.000678606214933, 0.00340910069644, -0.00072480936069, 0.0111114801839, 0.000118440293591], [0.000360107282177, -4.94256673846e-005, 0.00110254168976, 0.000289098563371, -0.000925240921788, 0.000954047602136, 0.000868365343194, 0.00160184083506, -0.00155408366118, 0.00254789181054, -0.00120656355284, 0.000118440293591, 0.0109619228169]]
    },
    "melbands": {
        "mean": [0.000209379184525, 0.00268926937133, 0.00232732202858, 0.00140415830538, 0.00043302559061, 0.000297008577036, 0.000355195283191, 0.000322212465107, 0.000253078062087, 0.000110824053991, 0.00015856900427, 0.000306634348817, 0.00017946153821, 9.07419525902e-005, 2.82828932541e-005, 3.94999660784e-005, 3.08033777401e-005, 6.91578534315e-005, 4.16685397795e-005, 1.3905841115e-005, 6.04804154136e-006, 7.97906068328e-006, 1.20166814668e-005, 1.18284342534e-005, 7.20033631296e-006, 5.89919363847e-006, 2.21567643166e-006, 2.20778838411e-006, 3.16368164022e-006, 2.72672764368e-006, 4.07095831179e-006, 1.45022681863e-006, 1.20496997624e-006, 4.10005623053e-006, 1.65675664903e-005, 5.89658111494e-006, 2.26419842875e-006, 7.03085333953e-007, 7.24241942862e-007, 7.66959772136e-007],
        "var": [6.72168525284e-008, 1.42037979458e-005, 2.16228581849e-005, 9.32841430767e-006, 4.58873643083e-007, 2.83098472664e-007, 4.33181554627e-007, 7.05487934738e-007, 4.81388042317e-007, 6.32169872006e-008, 6.74630541653e-007, 1.78299762865e-006, 3.18398235777e-007, 6.81505056832e-008, 1.63797153618e-008, 2.3962687834e-008, 1.34955522313e-008, 4.76840895658e-008, 2.34200072669e-008, 3.16450821103e-009, 3.22472021308e-010, 6.61092791621e-010, 1.20519239033e-009, 4.48195092151e-010, 2.12782777509e-010, 5.96099281047e-010, 3.24462436085e-011, 1.77883315716e-011, 3.64916777351e-011, 3.28808265337e-011, 1.36968741904e-010, 1.66960542614e-011, 1.64865985447e-011, 1.14728712641e-010, 1.79511117082e-009, 2.57978360896e-010, 6.42675912488e-011, 6.60150189721e-012, 4.05745792867e-012, 6.17144182979e-012]
    },
    "mfcc": {
        "mean": [-690.212280273, 124.217475891, 26.807767868, 20.1313457489, -2.13104963303, -6.74114990234, -5.72160291672, 6.88860273361, -9.44289398193, 2.17269611359, -8.74714565277, -0.0828472301364, -7.10229682922],
        "cov": [[6005.31738281, -1569.59069824, -577.000671387, -316.732940674, -483.133636475, 252.272247314, -190.504745483, 183.003509521, -113.482452393, 0.141485184431, -214.899169922, -142.555496216, -154.557617188], [-1569.59069824, 2105.77563477, 154.22454834, 293.33026123, 439.762420654, 133.210571289, 338.917663574, -16.4412517548, -8.28561878204, 42.371421814, -89.0153961182, -207.753372192, -70.1206665039], [-577.000671387, 154.22454834, 2380.63745117, 1120.74060059, 512.676635742, 415.510070801, -182.764389038, 408.726928711, -71.033164978, -334.262969971, -123.857032776, -30.2824993134, -226.627151489], [-316.732940674, 293.33026123, 1120.74060059, 1364.05236816, 451.475158691, -141.812194824, 60.2089881897, 299.151397705, -30.8170948029, -255.26600647, -41.299861908, 123.608665466, -177.403656006], [-483.133636475, 439.762420654, 512.676635742, 451.475158691, 387.427307129, 22.0551319122, 63.5023880005, 104.034896851, 45.0908927917, -63.3871307373, -38.9647750854, -3.73280382156, -77.8166503906], [252.272247314, 133.210571289, 415.510070801, -141.812194824, 22.0551319122, 564.279968262, -24.1876010895, 63.607208252, -36.1101150513, 23.8822822571, -107.562736511, -213.198440552, -76.9376296997], [-190.504745483, 338.917663574, -182.764389038, 60.2089881897, 63.5023880005, -24.1876010895, 299.880401611, -21.7927875519, -30.4306316376, 42.9390029907, 3.7102060318, -37.3405570984, -19.1958007813], [183.003509521, -16.4412517548, 408.726928711, 299.151397705, 104.034896851, 63.607208252, -21.7927875519, 235.126358032, -12.3733053207, -82.8214416504, -52.7607879639, -15.6044006348, -81.9914474487], [-113.482452393, -8.28561878204, -71.033164978, -30.8170948029, 45.0908927917, -36.1101150513, -30.4306316376, -12.3733053207, 155.368972778, 49.92004776, 20.4867286682, 30.969625473, 26.4842166901], [0.141485184431, 42.371421814, -334.262969971, -255.26600647, -63.3871307373, 23.8822822571, 42.9390029907, -82.8214416504, 49.92004776, 188.56918335, 38.7950897217, -39.9386138916, 36.4322395325], [-214.899169922, -89.0153961182, -123.857032776, -41.299861908, -38.9647750854, -107.562736511, 3.7102060318, -52.7607879639, 20.4867286682, 38.7950897217, 149.827026367, 93.4211349487, 42.9975471497], [-142.555496216, -207.753372192, -30.2824993134, 123.608665466, -3.73280382156, -213.198440552, -37.3405570984, -15.6044006348, 30.969625473, -39.9386138916, 93.4211349487, 242.359024048, 80.2985992432], [-154.557617188, -70.1206665039, -226.627151489, -177.403656006, -77.8166503906, -76.9376296997, -19.1958007813, -81.9914474487, 26.4842166901, 36.4322395325, 42.9975471497, 80.2985992432, 164.648361206]],
        "icov": [[0.000291855132673, 0.000228401477216, 0.000233804748859, -0.000141960816109, 9.15649725357e-005, -0.000250747485552, 7.30505416868e-005, -0.000240971145104, 0.000143027224112, -6.3336941821e-005, 0.000404129183153, -2.19763005589e-005, 0.000250910088653], [0.000228401477216, 0.00106190587394, 0.000311356881866, -0.000209504622035, -0.00110869167838, -0.000294228200801, -0.000476819084724, 0.000169678867678, 0.000373091897927, -7.06382852513e-005, 0.000294691591989, 0.000764230557252, -0.000257154228166], [0.000233804748859, 0.000311356881866, 0.00178621348459, -0.00100517948158, -0.00111740489956, -0.00164287886582, 0.00108126702253, -0.000659823417664, 0.000651633716188, 0.000928221270442, -0.000341439648764, 6.36345191651e-007, 7.95382220531e-006], [-0.000141960816109, -0.000209504622035, -0.00100517948158, 0.00273569812998, -0.00114089553244, 0.00140781851951, -0.00086769554764, -0.000980863696896, 0.000181454073754, 0.000609290902503, 0.000170812985743, -0.00115443521645, 0.00122501456644], [9.15649725357e-005, -0.00110869167838, -0.00111740489956, -0.00114089553244, 0.00753172906116, 0.000350311398506, -0.0010067865951, 2.54301885434e-005, -0.00315098999999, -0.000241330315475, 0.00102327228524, -0.00055619730847, 0.00102939957287], [-0.000250747485552, -0.000294228200801, -0.00164287886582, 0.00140781851951, 0.000350311398506, 0.00448660925031, -0.000428221712355, -0.000256222207099, 1.40436504807e-005, -0.00112183648162, 0.000714612135198, 0.00207582046278, 2.64374211838e-005], [7.30505416868e-005, -0.000476819084724, 0.00108126702253, -0.00086769554764, -0.0010067865951, -0.000428221712355, 0.00532891275361, -0.000103546990431, 0.00187790498603, -0.00104626221582, -0.000529405486304, 0.000357468466973, 0.000206021868507], [-0.000240971145104, 0.000169678867678, -0.000659823417664, -0.000980863696896, 2.54301885434e-005, -0.000256222207099, -0.000103546990431, 0.00778936548159, -0.00072283227928, 0.000696032715496, 0.00100937159732, 6.73930917401e-005, 0.00130596105009], [0.000143027224112, 0.000373091897927, 0.000651633716188, 0.000181454073754, -0.00315098999999, 1.40436504807e-005, 0.00187790498603, -0.00072283227928, 0.00939801242203, -0.00310987629928, 0.000225311407121, -0.000989443156868, -0.000637950142846], [-6.3336941821e-005, -7.06382852513e-005, 0.000928221270442, 0.000609290902503, -0.000241330315475, -0.00112183648162, -0.00104626221582, 0.000696032715496, -0.00310987629928, 0.0104658398777, -0.003267476568, 0.0021788191516, -0.000593943928834], [0.000404129183153, 0.000294691591989, -0.000341439648764, 0.000170812985743, 0.00102327228524, 0.000714612135198, -0.000529405486304, 0.00100937159732, 0.000225311407121, -0.003267476568, 0.011567956768, -0.00447758333758, 0.00132693955675], [-2.19763005589e-005, 0.000764230557252, 6.36345191651e-007, -0.00115443521645, -0.00055619730847, 0.00207582046278, 0.000357468466973, 6.73930917401e-005, -0.000989443156868, 0.0021788191516, -0.00447758333758, 0.0109930075705, -0.0046706981957], [0.000250910088653, -0.000257154228166, 7.95382220531e-006, 0.00122501456644, 0.00102939957287, 2.64374211838e-005, 0.000206021868507, 0.00130596105009, -0.000637950142846, -0.000593943928834, 0.00132693955675, -0.0046706981957, 0.010869063437]]
    },
    "spectral_contrast_coeffs": {
        "mean": [-0.562009572983, -0.682742476463, -0.727051973343, -0.758268117905, -0.752146601677, -0.739405572414],
        "var": [0.0105577055365, 0.00882645510137, 0.00840768590569, 0.00775890005752, 0.00394392712042, 0.00353184249252]
    },
    "spectral_contrast_valleys": {
        "mean": [-7.93807125092, -7.03234195709, -7.98818778992, -8.86079311371, -8.64724349976, -10.9033145905],
        "var": [1.82189321518, 1.09237742424, 1.16050028801, 1.0947034359, 1.15653324127, 1.63310325146]
    }
},
"metadata": {
    "audio_properties": {
        "analysis_sample_rate": 44100,
        "bit_rate": 107441,
        "equal_loudness": 0,
        "length": 45.0873451233,
        "lossless": 0,
        "replay_gain": -8.91283035278,
        "sample_rate": 44100,
        "codec": "mp3",
        "downmix": "mix",
        "md5_encoded": "5eda2e846f0e1a3568e03808772a2da1"
    },
    "tags": {
        "file_name": "327.mp3"
    },
    "version": {
        "essentia": "2.1-beta2",
        "essentia_git_sha": "v2.1_beta2",
        "extractor": "music 1.0"
    }
},
"rhythm": {
    "beats_count": 95,
    "beats_loudness": {
        "mean": 0.0443573147058,
        "var": 0.00163198600058
    },
    "bpm": 126.601196289,
    "bpm_histogram_first_peak_bpm": {
        "mean": 126,
        "var": 0
    },
    "bpm_histogram_first_peak_spread": {
        "mean": 0.457831293344,
        "var": 0
    },
    "bpm_histogram_first_peak_weight": {
        "mean": 0.478723406792,
        "var": 0
    },
    "bpm_histogram_second_peak_bpm": {
        "mean": 136,
        "var": 0
    },
    "bpm_histogram_second_peak_spread": {
        "mean": 0.454545468092,
        "var": 0
    },
    "bpm_histogram_second_peak_weight": {
        "mean": 0.0638297870755,
        "var": 0
    },
    "danceability": 1.15850400925,
    "onset_rate": 4.25675678253,
    "beats_loudness_band_ratio": {
        "mean": [0.415822893381, 0.163864836097, 0.187870025635, 0.109528742731, 0.0617584884167, 0.117966540158],
        "var": [0.0858470126987, 0.0191031526774, 0.0379265844822, 0.0296142734587, 0.00855797808617, 0.0180221609771]
    },
    "beats_position": [0.510838985443, 0.99845802784, 1.47446703911, 1.95047616959, 2.42648530006, 2.90249419212, 3.36689329147, 3.85451245308, 4.34213161469, 4.81814050674, 5.2941493988, 5.7701587677, 6.2229475975, 6.67573690414, 7.12852573395, 7.59292507172, 8.05732440948, 8.52172279358, 8.96290206909, 9.4040813446, 9.84526062012, 10.2864398956, 10.7276191711, 11.1920175552, 11.656416893, 12.1092061996, 12.5619955063, 13.0031747818, 13.4675731659, 13.9435825348, 14.4079818726, 14.8839902878, 15.3483896255, 15.8243989944, 16.3004074097, 16.7648067474, 17.2292060852, 17.7052154541, 18.181224823, 18.6456241608, 19.1216316223, 19.5976409912, 20.062040329, 20.5264396667, 21.0024490356, 21.4784584045, 21.9544658661, 22.430475235, 22.9064846039, 23.3941040039, 23.8817234039, 24.3577327728, 24.8453502655, 25.3329696655, 25.8089790344, 26.2849884033, 26.7493877411, 27.22539711, 27.7014045715, 28.1658039093, 28.6302032471, 29.106212616, 29.5822219849, 30.0698413849, 30.5574588776, 31.0450782776, 31.5210876465, 31.9970970154, 32.4731063843, 32.9375038147, 33.4135131836, 33.8779144287, 34.3423118591, 34.8299331665, 35.3059387207, 35.7819480896, 36.2463493347, 36.7339668274, 37.2099761963, 37.6859855652, 38.1619949341, 38.638004303, 39.1140136719, 39.5900230408, 40.0544204712, 40.5188217163, 40.9948310852, 41.4708366394, 41.9468460083, 42.4228553772, 42.8988647461, 43.3632659912, 43.8392753601, 44.3036727905, 44.7680702209]
},
"tonal": {
    "chords_changes_rate": 0.0720164626837,
    "chords_number_rate": 0.00925925932825,
    "chords_strength": {
        "mean": 0.570914924145,
        "var": 0.00787241198123
    },
    "hpcp_entropy": {
        "mean": 1.73132252693,
        "var": 0.455843240023
    },
    "key_strength": 0.78749102354,
    "tuning_diatonic_strength": 0.681359410286,
    "tuning_equal_tempered_deviation": 0.0848574489355,
    "tuning_frequency": 439.745910645,
    "tuning_nontempered_energy_ratio": 0.756103992462,
    "hpcp": {
        "mean": [0.408294409513, 0.242724075913, 0.0672934427857, 0.0460288561881, 0.0519304461777, 0.0990073010325, 0.134105712175, 0.0892693176866, 0.0393733978271, 0.0337983109057, 0.0628619864583, 0.121182046831, 0.160520538688, 0.122152298689, 0.0933952331543, 0.143448919058, 0.133424580097, 0.0624358616769, 0.033559627831, 0.0426198132336, 0.0923788323998, 0.159478008747, 0.139972016215, 0.0628808960319, 0.0332853011787, 0.0658958628774, 0.145573943853, 0.142883464694, 0.0683058649302, 0.0388932339847, 0.0311127174646, 0.0348918698728, 0.0516135655344, 0.0660244077444, 0.0948157683015, 0.268202364445],
        "var": [0.190350666642, 0.0814387649298, 0.0267297457904, 0.0199101381004, 0.0223597604781, 0.0402974486351, 0.0640878155828, 0.0329907238483, 0.013228835538, 0.0116312019527, 0.0281274653971, 0.0494604669511, 0.0874485597014, 0.0516079105437, 0.029986532405, 0.0856289789081, 0.0821653455496, 0.0271975342184, 0.0102755064145, 0.0105604398996, 0.0264121182263, 0.0710232630372, 0.0741747096181, 0.0235301181674, 0.0098105026409, 0.0212684106082, 0.0731373652816, 0.0822386220098, 0.0256147775799, 0.0169695559889, 0.0124857574701, 0.0145398657769, 0.0200114678591, 0.0248810835183, 0.0352564528584, 0.0857707858086]
    },
    "chords_histogram": [9.56790161133, 17.3868312836, 58.7448577881, 1.23456788063, 0.308641970158, 1.64609050751, 0, 0, 0, 3.39506173134, 3.49794244766, 0, 0.514403283596, 0, 0, 0, 0, 2.16049385071, 0, 0, 0, 0, 0, 1.54320991039],
    "thpcp": [1, 0.594482958317, 0.164815977216, 0.112734474242, 0.12718872726, 0.242489978671, 0.328453451395, 0.218639582396, 0.096433840692, 0.0827792659402, 0.153962403536, 0.296800643206, 0.393148988485, 0.299176990986, 0.22874481976, 0.351336956024, 0.326785236597, 0.152918726206, 0.0821946784854, 0.104385003448, 0.226255446672, 0.39059561491, 0.34282130003, 0.154008716345, 0.0815227925777, 0.161393001676, 0.356541603804, 0.349952042103, 0.167295619845, 0.0952578186989, 0.0762016773224, 0.0854576230049, 0.12641261518, 0.16170784831, 0.232224017382, 0.656884729862],
    "chords_key": "A",
    "chords_scale": "major",
    "key_key": "D",
    "key_scale": "major"
}
}