{
"lowlevel": {
    "average_loudness": 0.879780948162,
    "barkbands_crest": {
        "mean": 9.90701293945,
        "var": 14.4638328552
    },
    "barkbands_flatness_db": {
        "mean": 0.152778670192,
        "var": 0.00160504889209
    },
    "barkbands_kurtosis": {
        "mean": 3.59797596931,
        "var": 19.1949005127
    },
    "barkbands_skewness": {
        "mean": 1.53196251392,
        "var": 0.870884776115
    },
    "barkbands_spread": {
        "mean": 18.5436878204,
        "var": 79.8233947754
    },
    "dissonance": {
        "mean": 0.461140483618,
        "var": 0.000791575119365
    },
    "dynamic_complexity": 3.28893113136,
    "erbbands_crest": {
        "mean": 9.25826072693,
        "var": 15.3579282761
    },
    "erbbands_flatness_db": {
        "mean": 0.175674289465,
        "var": 0.00225299480371
    },
    "erbbands_kurtosis": {
        "mean": 0.0596080422401,
        "var": 3.05525970459
    },
    "erbbands_skewness": {
        "mean": 0.378477424383,
        "var": 0.521317601204
    },
    "erbbands_spread": {
        "mean": 35.974899292,
        "var": 235.927566528
    },
    "hfc": {
        "mean": 13.9380044937,
        "var": 142.155532837
    },
    "melbands_crest": {
        "mean": 15.8494033813,
        "var": 48.6628913879
    },
    "melbands_flatness_db": {
        "mean": 0.236343756318,
        "var": 0.0022621860262
    },
    "melbands_kurtosis": {
        "mean": 10.3552808762,
        "var": 111.635795593
    },
    "melbands_skewness": {
        "mean": 2.38230752945,
        "var": 1.71363139153
    },
    "melbands_spread": {
        "mean": 18.4763221741,
        "var": 112.637962341
    },
    "pitch_salience": {
        "mean": 0.553496181965,
        "var": 0.0141411572695
    },
    "silence_rate_20dB": {
        "mean": 1,
        "var": 0
    },
    "silence_rate_30dB": {
        "mean": 1,
        "var": 0
    },
    "silence_rate_60dB": {
        "mean": 0.00874935649335,
        "var": 0.00867299363017
    },
    "spectral_centroid": {
        "mean": 1251.43725586,
        "var": 423521.0625
    },
    "spectral_complexity": {
        "mean": 15.5450334549,
        "var": 32.9026222229
    },
    "spectral_decrease": {
        "mean": -6.23814866429e-009,
        "var": 1.82340567488e-017
    },
    "spectral_energy": {
        "mean": 0.0248084198684,
        "var": 0.000290745258098
    },
    "spectral_energyband_high": {
        "mean": 0.000235038431128,
        "var": 8.29613568953e-008
    },
    "spectral_energyband_low": {
        "mean": 0.00806413870305,
        "var": 3.23732529068e-005
    },
    "spectral_energyband_middle_high": {
        "mean": 0.00408774986863,
        "var": 2.40219178522e-005
    },
    "spectral_energyband_middle_low": {
        "mean": 0.0130310384557,
        "var": 0.000183950280189
    },
    "spectral_entropy": {
        "mean": 7.38105154037,
        "var": 0.113869898021
    },
    "spectral_flux": {
        "mean": 0.0761826187372,
        "var": 0.00127537897788
    },
    "spectral_kurtosis": {
        "mean": 5.88252067566,
        "var": 21.0645675659
    },
    "spectral_rms": {
        "mean": 0.00465524848551,
        "var": 2.53203347711e-006
    },
    "spectral_rolloff": {
        "mean": 985.608459473,
        "var": 1112245.375
    },
    "spectral_skewness": {
        "mean": 1.55642712116,
        "var": 0.381736665964
    },
    "spectral_spread": {
        "mean": 3586567.5,
        "var": 3.5813392384e+012
    },
    "spectral_strongpeak": {
        "mean": 0.76269775629,
        "var": 1.44610381126
    },
    "zerocrossingrate": {
        "mean": 0.0435593128204,
        "var": 0.000736818707082
    },
    "barkbands": {
        "mean": [0.00104706443381, 0.00560173718259, 0.00102468079422, 0.000800261739641, 0.00293646170758, 0.00232721166685, 0.00260431156494, 0.00245751696639, 0.00144973979332, 0.000933356757741, 0.000386394531233, 0.00060700182803, 0.000337972538546, 0.00054373673629, 0.000480114162201, 0.000425303645898, 0.000168868878973, 8.72353339219e-005, 0.000254227197729, 0.000162501673913, 8.56755359564e-005, 2.74169924523e-005, 1.59403116413e-005, 1.34335787152e-005, 1.13886744657e-005, 1.54637891683e-005, 3.44273144037e-006],
        "var": [7.12337850928e-007, 2.17838642129e-005, 2.80354879578e-006, 1.10035284706e-006, 1.11506160465e-005, 5.97769985689e-006, 3.81111640309e-005, 3.27545276377e-005, 1.00538663901e-005, 1.81220696049e-006, 7.19278204997e-007, 2.63265656031e-006, 1.03564457277e-006, 2.43010913437e-006, 2.04290381589e-006, 8.05225624845e-007, 6.08943224734e-008, 1.55172728e-008, 1.07670572902e-007, 4.92648446482e-008, 1.57749688867e-008, 1.53863088936e-009, 7.26665339013e-010, 6.97180591036e-010, 9.53057521791e-010, 1.81856707471e-009, 1.6633448785e-010]
    },
    "erbbands": {
        "mean": [0.310828715563, 0.662842690945, 0.997583210468, 2.28638339043, 4.18777370453, 11.4581480026, 19.0847206116, 17.7558574677, 29.6920700073, 52.6638946533, 49.8373985291, 34.1328086853, 29.8959655762, 19.676115036, 18.3177890778, 26.1824989319, 16.6143569946, 22.0923347473, 29.3712329865, 23.317773819, 22.8001022339, 8.67767429352, 5.00913858414, 9.320104599, 13.6748447418, 7.71365118027, 4.4220995903, 2.39963388443, 1.11179876328, 0.593725442886, 0.439515888691, 0.301092505455, 0.216746538877, 0.131170704961, 0.0836802646518, 0.0563562363386, 0.0295552015305, 0.00914239604026, 0.000345390639268, 3.48305220541e-005],
        "var": [0.0638541355729, 0.517733693123, 2.59332847595, 7.59327602386, 32.121055603, 244.784347534, 434.748443604, 445.311218262, 4341.34619141, 18772.7773438, 9283.31152344, 4197.1640625, 1665.65661621, 1111.36767578, 1529.28527832, 4887.64257813, 1846.33886719, 3335.38842773, 6653.63964844, 4718.99951172, 1969.94702148, 149.803894043, 26.2186832428, 257.725280762, 355.477355957, 123.765228271, 39.7865371704, 11.1638822556, 2.30245923996, 0.971161842346, 0.558131814003, 0.287136495113, 0.222691908479, 0.127180039883, 0.0571337975562, 0.0266791582108, 0.00743753137067, 0.000862687709741, 1.50804896748e-006, 8.07936828551e-010]
    },
    "gfcc": {
        "mean": [-23.7789440155, 127.075286865, -120.808601379, 29.1193943024, -48.8887710571, -8.136759758, -21.8990440369, 8.81972122192, -14.817407608, 8.98704910278, -11.4390878677, 4.1849565506, -2.88944721222],
        "cov": [[4526.31152344, -369.239013672, -39.7520675659, -315.862091064, -299.699707031, 179.850692749, -344.962860107, 108.452056885, -175.839050293, 168.814575195, -134.373062134, -6.40968751907, -143.728485107], [-369.239013672, 1285.23376465, -571.693115234, 0.220463186502, 142.327957153, -264.875152588, 254.760879517, -206.901184082, 186.969589233, -115.702941895, 107.07447052, -133.06010437, 95.914604187], [-39.7520675659, -571.693115234, 626.212280273, 12.6393232346, -20.0154323578, 151.075271606, -129.888626099, 141.004074097, -102.230636597, 41.3119506836, -54.9028739929, 102.641281128, -55.1577339172], [-315.862091064, 0.220463186502, 12.6393232346, 548.13671875, -6.95041751862, -55.8180122375, 90.1161575317, 1.74203085899, -5.84631443024, -80.9543380737, 44.7858085632, -22.3612232208, 79.1590576172], [-299.699707031, 142.327957153, -20.0154323578, -6.95041751862, 271.524200439, -35.0286941528, 42.9774971008, -18.0275211334, 50.5461196899, 22.6626033783, -33.0526542664, 25.8492774963, 9.47133159637], [179.850692749, -264.875152588, 151.075271606, -55.8180122375, -35.0286941528, 275.191040039, -88.1895751953, 68.7904434204, -12.3115701675, 15.0052671432, -2.22460484505, 23.1833133698, -8.9650478363], [-344.962860107, 254.760879517, -129.888626099, 90.1161575317, 42.9774971008, -88.1895751953, 235.404968262, -36.7803230286, 16.4213142395, -21.2473526001, 60.2419624329, -3.23026895523, 22.2325801849], [108.452056885, -206.901184082, 141.004074097, 1.74203085899, -18.0275211334, 68.7904434204, -36.7803230286, 132.375396729, -14.6584043503, 29.3765144348, -8.60065364838, 38.2154121399, 2.72985553741], [-175.839050293, 186.969589233, -102.230636597, -5.84631443024, 50.5461196899, -12.3115701675, 16.4213142395, -14.6584043503, 165.130981445, -1.28747415543, 20.6567611694, -8.58873844147, 29.1347560883], [168.814575195, -115.702941895, 41.3119506836, -80.9543380737, 22.6626033783, 15.0052671432, -21.2473526001, 29.3765144348, -1.28747415543, 128.869171143, 8.74429130554, 21.5032501221, -25.2261123657], [-134.373062134, 107.07447052, -54.9028739929, 44.7858085632, -33.0526542664, -2.22460484505, 60.2419624329, -8.60065364838, 20.6567611694, 8.74429130554, 123.636886597, 1.42348325253, 15.7308979034], [-6.40968751907, -133.06010437, 102.641281128, -22.3612232208, 25.8492774963, 23.1833133698, -3.23026895523, 38.2154121399, -8.58873844147, 21.5032501221, 1.42348325253, 106.579216003, 12.1978168488], [-143.728485107, 95.914604187, -55.1577339172, 79.1590576172, 9.47133159637, -8.9650478363, 22.2325801849, 2.72985553741, 29.1347560883, -25.2261123657, 15.7308979034, 12.1978168488, 109.682670593]],
        "icov": [[0.000360904086847, -0.000299250328681, 0.000339748105034, -0.000152419059305, 0.000504026422277, -0.000288381648716, 0.000532324484084, -0.000379515200621, 0.000461665098555, -0.000671154586598, 0.00060844986001, -0.0005160360015, 0.000543053960428], [-0.000299250328681, 0.00303921080194, 0.000310062227072, 0.00120046921074, -0.00167873001192, 0.00152213289402, -0.0017093620263, 0.00146283395588, -0.00175983575173, 0.00253563350998, -0.0023916347418, 0.00284867384471, -0.00210401182994], [0.000339748105034, 0.000310062227072, 0.0037190488074, -0.000652746297419, 6.17135301582e-005, -0.000817209831439, 0.00129045988433, -0.0020318464376, 0.00132240494713, -0.000250408163993, 0.000793099810835, -0.00246110092849, 0.00198337389156], [-0.000152419059305, 0.00120046921074, -0.000652746297419, 0.00307440734468, -0.00085606740322, 0.00116732611787, -0.00142191699706, 0.000199463815079, -0.000454941618955, 0.00234658666886, -0.00188654381782, 0.00242443056777, -0.00268251053058], [0.000504026422277, -0.00167873001192, 6.17135301582e-005, -0.00085606740322, 0.00609517935663, -0.000883092579897, -5.31665364178e-006, 2.04790394491e-005, -0.000423782796133, -0.00319166830741, 0.0041218441911, -0.00319483689964, 0.00132205174305], [-0.000288381648716, 0.00152213289402, -0.000817209831439, 0.00116732611787, -0.000883092579897, 0.00577223533764, 0.000309372553602, -0.000818004773464, -0.00119940657169, 0.00200746837072, -0.00252669909969, 0.00188260502182, -0.00152337085456], [0.000532324484084, -0.0017093620263, 0.00129045988433, -0.00142191699706, -5.31665364178e-006, 0.000309372553602, 0.0079178949818, -0.00128198880702, 0.00201536272652, -0.000986503786407, -0.00129229633603, -0.00286682625301, 0.00206215796061], [-0.000379515200621, 0.00146283395588, -0.0020318464376, 0.000199463815079, 2.04790394491e-005, -0.000818004773464, -0.00128198880702, 0.0124727077782, -0.0016143755056, -0.000867179245688, -0.000488790567033, -0.000170729501406, -0.00274299830198], [0.000461665098555, -0.00175983575173, 0.00132240494713, -0.000454941618955, -0.000423782796133, -0.00119940657169, 0.00201536272652, -0.0016143755056, 0.0089067928493, -0.00163145863917, 0.000179583570571, -0.00150250573643, 0.000107701744128], [-0.000671154586598, 0.00253563350998, -0.000250408163993, 0.00234658666886, -0.00319166830741, 0.00200746837072, -0.000986503786407, -0.000867179245688, -0.00163145863917, 0.0127557590604, -0.00488415313885, 0.00188283645548, -0.000396887189709], [0.00060844986001, -0.0023916347418, 0.000793099810835, -0.00188654381782, 0.0041218441911, -0.00252669909969, -0.00129229633603, -0.000488790567033, 0.000179583570571, -0.00488415313885, 0.0136572252959, -0.00379456975497, 0.00165300234221], [-0.0005160360015, 0.00284867384471, -0.00246110092849, 0.00242443056777, -0.00319483689964, 0.00188260502182, -0.00286682625301, -0.000170729501406, -0.00150250573643, 0.00188283645548, -0.00379456975497, 0.0163147002459, -0.00557757075876], [0.000543053960428, -0.00210401182994, 0.00198337389156, -0.00268251053058, 0.00132205174305, -0.00152337085456, 0.00206215796061, -0.00274299830198, 0.000107701744128, -0.000396887189709, 0.00165300234221, -0.00557757075876, 0.0142770465463]]
    },
    "melbands": {
        "mean": [0.00206056470051, 0.000613980460912, 0.000434000452515, 0.000530889199581, 0.000665706698783, 0.000414074282162, 0.000474442145787, 0.000585152592976, 0.000394155620597, 0.000193049141672, 0.000145826721564, 7.9903707956e-005, 5.68605391891e-005, 6.89005682943e-005, 5.17864973517e-005, 3.1326791941e-005, 4.44666220574e-005, 5.11590405949e-005, 3.31121009367e-005, 3.2603769796e-005, 2.37810854742e-005, 9.23811330722e-006, 5.75882768317e-006, 4.07246670875e-006, 7.67694200476e-006, 1.03068368844e-005, 8.06468869996e-006, 4.45419436801e-006, 2.67636573881e-006, 2.32257207244e-006, 1.04816933799e-006, 6.81119672663e-007, 3.83000156035e-007, 3.08400643689e-007, 2.62956973529e-007, 2.04958624295e-007, 1.77598963091e-007, 1.62663326364e-007, 1.1411469103e-007, 1.09087366695e-007],
        "var": [2.75156708085e-006, 6.1647659777e-007, 2.57012686689e-007, 4.3354572199e-007, 5.00374540024e-007, 2.29497345572e-007, 1.09724589947e-006, 2.12928875953e-006, 5.61464560178e-007, 1.35483361419e-007, 4.20552836999e-008, 2.18498676929e-008, 1.53364787536e-008, 3.38156738167e-008, 2.0042081772e-008, 1.15260245792e-008, 1.52953294474e-008, 2.32268551059e-008, 1.04452375638e-008, 6.10432149273e-009, 1.81329196103e-009, 2.03129096876e-010, 4.50669640495e-011, 3.2250594556e-011, 2.09133252382e-010, 1.94174773482e-010, 1.34555727671e-010, 5.4997041643e-011, 1.53892627808e-011, 1.59670453942e-011, 2.1485660473e-012, 9.2175529362e-013, 3.44398202448e-013, 2.94510916305e-013, 2.06002966421e-013, 1.23139671203e-013, 1.09289510222e-013, 1.17673245822e-013, 8.86983696669e-014, 9.70991814514e-014]
    },
    "mfcc": {
        "mean": [-666.518249512, 158.775131226, -13.5685129166, 40.0563049316, -7.3721280098, -0.630957245827, -2.02593755722, -0.533458948135, 3.70720911026, 7.6552066803, -2.3076403141, 1.56538486481, 3.61111330986],
        "cov": [[2232.82177734, -173.468994141, 89.0973510742, -369.899261475, -29.2555236816, -62.2169303894, -65.9214935303, -136.691162109, -63.2322311401, 67.451713562, -27.5886554718, -16.119934082, -17.3465366364], [-173.468994141, 1098.72912598, -496.324157715, 16.4391307831, -116.477890015, 20.2579994202, -50.0818252563, -51.4804229736, 16.665599823, 32.9278259277, 35.1025543213, -8.82006549835, -8.38266658783], [89.0973510742, -496.324157715, 566.846618652, -76.372833252, 95.4526290894, -38.3676071167, 41.8781166077, 62.9039230347, -16.6184806824, -53.1904945374, 7.18440055847, 22.9539108276, -2.34781241417], [-369.899261475, 16.4391307831, -76.372833252, 566.382568359, -52.9328155518, 4.61828136444, 59.6167144775, 28.5939102173, 13.061662674, -0.534928321838, -41.6452217102, -31.2198486328, 24.916639328], [-29.2555236816, -116.477890015, 95.4526290894, -52.9328155518, 248.488433838, 29.1891613007, -38.4044876099, 19.8328132629, 50.3473777771, -4.39025259018, 2.11106753349, -7.73834991455, -5.04995107651], [-62.2169303894, 20.2579994202, -38.3676071167, 4.61828136444, 29.1891613007, 124.206321716, 14.5605239868, 13.1571016312, 8.08483028412, 11.9733915329, 4.46641778946, 6.27430057526, -7.68242263794], [-65.9214935303, -50.0818252563, 41.8781166077, 59.6167144775, -38.4044876099, 14.5605239868, 158.406768799, 21.3301410675, -18.7096157074, -18.3572425842, 16.6050796509, 3.95634293556, 13.367105484], [-136.691162109, -51.4804229736, 62.9039230347, 28.5939102173, 19.8328132629, 13.1571016312, 21.3301410675, 123.724205017, 22.7707118988, -19.1723575592, -11.8960008621, 15.0261993408, 7.63087797165], [-63.2322311401, 16.665599823, -16.6184806824, 13.061662674, 50.3473777771, 8.08483028412, -18.7096157074, 22.7707118988, 110.059768677, 6.58900165558, -20.4553642273, -10.6007881165, 8.06836414337], [67.451713562, 32.9278259277, -53.1904945374, -0.534928321838, -4.39025259018, 11.9733915329, -18.3572425842, -19.1723575592, 6.58900165558, 89.5701675415, 23.6719646454, -8.07755279541, -10.4018135071], [-27.5886554718, 35.1025543213, 7.18440055847, -41.6452217102, 2.11106753349, 4.46641778946, 16.6050796509, -11.8960008621, -20.4553642273, 23.6719646454, 106.259338379, 30.9115352631, -10.7135925293], [-16.119934082, -8.82006549835, 22.9539108276, -31.2198486328, -7.73834991455, 6.27430057526, 3.95634293556, 15.0261993408, -10.6007881165, -8.07755279541, 30.9115352631, 90.2590866089, 28.7233409882], [-17.3465366364, -8.38266658783, -2.34781241417, 24.916639328, -5.04995107651, -7.68242263794, 13.367105484, 7.63087797165, 8.06836414337, -10.4018135071, -10.7135925293, 28.7233409882, 87.3902893066]],
        "icov": [[0.000589780393057, 7.41102194297e-005, -9.1384848929e-005, 0.000384867511457, 9.2846705229e-005, 0.000186081975698, -8.41630389914e-006, 0.000525135663338, 0.000234035978792, -0.000591085117776, 0.000512958853506, -1.28123110699e-005, -3.57200369763e-005], [7.41102194297e-005, 0.00161680183373, 0.00139097787905, 0.000147921207827, 0.000393798545701, 7.50918770791e-005, 0.000316756952088, -8.51946970215e-005, -0.000298187544104, 0.000498166773468, -0.00082844204735, 0.000163800359587, 8.47634146339e-005], [-9.1384848929e-005, 0.00139097787905, 0.00360263627954, 0.000314303295454, -0.00085596810095, 0.00115041725803, -0.00056824303465, -0.00124906108249, 0.000424619269324, 0.00131231721025, -0.000743658631109, -0.000348872883478, 0.00051061110571], [0.000384867511457, 0.000147921207827, 0.000314303295454, 0.0023082755506, 0.000351857102942, 0.00016031456471, -0.000772526662331, -0.000209210309549, 2.40858953475e-005, -0.000589595118072, 0.000883652246557, 0.000724745681509, -0.000590526789892], [9.2846705229e-005, 0.000393798545701, -0.00085596810095, 0.000351857102942, 0.00565813248977, -0.00177393842023, 0.0017352073919, -8.95886551007e-005, -0.00244670454413, 0.000714886351489, -0.00127768749371, 0.00129070528783, -0.000423570891144], [0.000186081975698, 7.50918770791e-005, 0.00115041725803, 0.00016031456471, -0.00177393842023, 0.00949560757726, -0.00178744224831, -0.000901288294699, 0.000228971242905, -0.00161981943529, 0.000879830971826, -0.00169795949478, 0.00156568957027], [-8.41630389914e-006, 0.000316756952088, -0.00056824303465, -0.000772526662331, 0.0017352073919, -0.00178744224831, 0.00827091094106, -0.00109533255454, 0.00058708328288, 0.00197275052778, -0.00274980627, 0.00173386349343, -0.00171900482383], [0.000525135663338, -8.51946970215e-005, -0.00124906108249, -0.000209210309549, -8.95886551007e-005, -0.000901288294699, -0.00109533255454, 0.010489047505, -0.00206512166187, 0.00057847937569, 0.00173288898077, -0.00225682696328, 0.000503123854287], [0.000234035978792, -0.000298187544104, 0.000424619269324, 2.40858953475e-005, -0.00244670454413, 0.000228971242905, 0.00058708328288, -0.00206512166187, 0.0116371922195, -0.00176577456295, 0.00208452693187, 0.000927353743464, -0.00134217413142], [-0.000591085117776, 0.000498166773468, 0.00131231721025, -0.000589595118072, 0.000714886351489, -0.00161981943529, 0.00197275052778, 0.00057847937569, -0.00176577456295, 0.014665090479, -0.00502921687439, 0.00213814154267, 0.000269722368103], [0.000512958853506, -0.00082844204735, -0.000743658631109, 0.000883652246557, -0.00127768749371, 0.000879830971826, -0.00274980627, 0.00173288898077, 0.00208452693187, -0.00502921687439, 0.0143556492403, -0.00588635355234, 0.00292681227438], [-1.28123110699e-005, 0.000163800359587, -0.000348872883478, 0.000724745681509, 0.00129070528783, -0.00169795949478, 0.00173386349343, -0.00225682696328, 0.000927353743464, 0.00213814154267, -0.00588635355234, 0.0162640027702, -0.00624406058341], [-3.57200369763e-005, 8.47634146339e-005, 0.00051061110571, -0.000590526789892, -0.000423570891144, 0.00156568957027, -0.00171900482383, 0.000503123854287, -0.00134217413142, 0.000269722368103, 0.00292681227438, -0.00624406058341, 0.0145253380761]]
    },
    "spectral_contrast_coeffs": {
        "mean": [-0.680735468864, -0.732013106346, -0.762260556221, -0.7806250453, -0.785190939903, -0.718335211277],
        "var": [0.00594319775701, 0.00510529009625, 0.00295647000894, 0.00370930554345, 0.00159538304433, 0.00354627892375]
    },
    "spectral_contrast_valleys": {
        "mean": [-7.02751111984, -6.36251783371, -7.2776927948, -7.80736970901, -7.72702980042, -11.3408241272],
        "var": [1.00090718269, 1.09142160416, 1.01517117023, 0.89988720417, 0.864665389061, 1.57002973557]
    }
},
"metadata": {
    "audio_properties": {
        "analysis_sample_rate": 44100,
        "bit_rate": 117874,
        "equal_loudness": 0,
        "length": 45.0873451233,
        "lossless": 0,
        "replay_gain": -15.3066368103,
        "sample_rate": 44100,
        "codec": "mp3",
        "downmix": "mix",
        "md5_encoded": "d029f308bfdbfcbb3379b82d4afcb4e1"
    },
    "tags": {
        "file_name": "328.mp3"
    },
    "version": {
        "essentia": "2.1-beta2",
        "essentia_git_sha": "v2.1_beta2",
        "extractor": "music 1.0"
    }
},
"rhythm": {
    "beats_count": 88,
    "beats_loudness": {
        "mean": 0.028650669381,
        "var": 0.000287297589239
    },
    "bpm": 119.028884888,
    "bpm_histogram_first_peak_bpm": {
        "mean": 120,
        "var": 0
    },
    "bpm_histogram_first_peak_spread": {
        "mean": 0.479452043772,
        "var": 0
    },
    "bpm_histogram_first_peak_weight": {
        "mean": 0.436781615019,
        "var": 0
    },
    "bpm_histogram_second_peak_bpm": {
        "mean": 115,
        "var": 0
    },
    "bpm_histogram_second_peak_spread": {
        "mean": 0.0714285522699,
        "var": 0
    },
    "bpm_histogram_second_peak_weight": {
        "mean": 0.149425283074,
        "var": 0
    },
    "danceability": 1.05322253704,
    "onset_rate": 4.63365697861,
    "beats_loudness_band_ratio": {
        "mean": [0.400467127562, 0.220824539661, 0.238535419106, 0.0818543881178, 0.0703376084566, 0.0408651046455],
        "var": [0.04936119169, 0.0154919922352, 0.0248549412936, 0.00579877244309, 0.0056513804011, 0.00185956212226]
    },
    "beats_position": [0.49922901392, 0.99845802784, 1.50929701328, 2.02013611794, 2.53097510338, 3.04181408882, 3.54104304314, 4.04027223587, 4.53950119019, 5.05034017563, 5.56117916107, 6.08362817764, 6.60607719421, 7.12852573395, 7.65097475052, 8.18503379822, 8.70748329163, 9.21832180023, 9.72916126251, 10.22838974, 10.7508392334, 11.2732877731, 11.7957363129, 12.3181858063, 12.840634346, 13.3514738083, 13.8507022858, 14.3499317169, 14.8607711792, 15.3716096878, 15.8824491501, 16.3816776276, 16.8809070587, 17.391746521, 17.9025840759, 18.4018135071, 18.9010429382, 19.4118824005, 19.9227199554, 20.4335594177, 20.9327888489, 21.43201828, 21.942855835, 22.4653053284, 22.9877548218, 23.4753742218, 23.9629936218, 24.4622211456, 24.9614505768, 25.4722900391, 25.9715194702, 26.470746994, 26.9699764252, 27.4692058563, 27.9684352875, 28.4676647186, 28.9785022736, 29.4893417358, 29.988571167, 30.4878005981, 30.9986381531, 31.5094776154, 32.0087051392, 32.5079345703, 33.0187759399, 33.5296134949, 34.028842926, 34.5280723572, 35.0389099121, 35.5381393433, 36.0373687744, 36.5482063293, 37.0706558228, 37.5698852539, 38.0691146851, 38.5683441162, 39.0675735474, 39.5668029785, 40.0776405334, 40.5768699646, 41.0760993958, 41.5869369507, 42.0977783203, 42.5970077515, 43.0962333679, 43.6070747375, 44.1179122925, 44.6287536621]
},
"tonal": {
    "chords_changes_rate": 0.0802469104528,
    "chords_number_rate": 0.00925925932825,
    "chords_strength": {
        "mean": 0.454505175352,
        "var": 0.00918560568243
    },
    "hpcp_entropy": {
        "mean": 2.07776546478,
        "var": 0.387841880322
    },
    "key_strength": 0.603915095329,
    "tuning_diatonic_strength": 0.49896222353,
    "tuning_equal_tempered_deviation": 0.184000834823,
    "tuning_frequency": 434.193115234,
    "tuning_nontempered_energy_ratio": 0.781532347202,
    "hpcp": {
        "mean": [0.143319666386, 0.155033916235, 0.109998233616, 0.075806774199, 0.0786377713084, 0.0986685603857, 0.157618522644, 0.169188156724, 0.125892773271, 0.154416918755, 0.158805862069, 0.111415423453, 0.0866229310632, 0.0832458809018, 0.113764390349, 0.187410339713, 0.187073990703, 0.107287675142, 0.0834367573261, 0.0933800339699, 0.0990890786052, 0.144341930747, 0.160781040788, 0.378619432449, 0.609715819359, 0.322826832533, 0.0504937283695, 0.0480376705527, 0.0444588623941, 0.0623826086521, 0.151577889919, 0.197514697909, 0.137329295278, 0.111068077385, 0.119530983269, 0.117502562702],
        "var": [0.0510257966816, 0.0529203154147, 0.0358504354954, 0.0236544162035, 0.0277713332325, 0.0319907069206, 0.05634342134, 0.0608865469694, 0.0315362997353, 0.0554544441402, 0.054341878742, 0.0342811383307, 0.0289260838181, 0.0324849970639, 0.0389144644141, 0.062365539372, 0.0606475174427, 0.0315987430513, 0.0257346481085, 0.0353837795556, 0.0329537652433, 0.0382309891284, 0.0505375340581, 0.0598998852074, 0.177066847682, 0.0485329143703, 0.0158135145903, 0.0136681590229, 0.00876229256392, 0.016972379759, 0.0413766801357, 0.0679256990552, 0.0465169064701, 0.0416032895446, 0.0448811016977, 0.0424626283348]
    },
    "chords_histogram": [3.18930029869, 4.52674913406, 33.127571106, 6.48148155212, 4.83539104462, 0, 0, 0, 0.205761313438, 0, 0.308641970158, 0, 0, 0, 0, 0, 5.45267486572, 19.5473251343, 0, 0, 0.720164597034, 0.514403283596, 1.33744859695, 19.7530860901],
    "thpcp": [1, 0.529470980167, 0.0828151851892, 0.078786984086, 0.0729173496366, 0.10231423378, 0.248604163527, 0.323945492506, 0.225234925747, 0.18216368556, 0.196043759584, 0.192716926336, 0.235059782863, 0.254272431135, 0.180409014225, 0.124331325293, 0.128974467516, 0.161827132106, 0.258511453867, 0.277486920357, 0.206477791071, 0.253260463476, 0.260458827019, 0.182733371854, 0.142070993781, 0.136532261968, 0.186585918069, 0.307373255491, 0.306821614504, 0.175963416696, 0.136845320463, 0.153153374791, 0.162516817451, 0.236736401916, 0.263698339462, 0.620976865292],
    "chords_key": "C",
    "chords_scale": "major",
    "key_key": "F",
    "key_scale": "major"
}
}