{
"lowlevel": {
    "average_loudness": 0.787139475346,
    "barkbands_crest": {
        "mean": 15.552728653,
        "var": 22.2708282471
    },
    "barkbands_flatness_db": {
        "mean": 0.244663894176,
        "var": 0.00378886703402
    },
    "barkbands_kurtosis": {
        "mean": 39.4626197815,
        "var": 1170.7598877
    },
    "barkbands_skewness": {
        "mean": 4.15250444412,
        "var": 4.03912401199
    },
    "barkbands_spread": {
        "mean": 5.66120815277,
        "var": 95.2414550781
    },
    "dissonance": {
        "mean": 0.421147763729,
        "var": 0.00158679590095
    },
    "dynamic_complexity": 5.88508701324,
    "erbbands_crest": {
        "mean": 12.5034170151,
        "var": 21.2129878998
    },
    "erbbands_flatness_db": {
        "mean": 0.202339440584,
        "var": 0.00291535118595
    },
    "erbbands_kurtosis": {
        "mean": 8.33659553528,
        "var": 76.030960083
    },
    "erbbands_skewness": {
        "mean": 2.20174264908,
        "var": 1.4867464304
    },
    "erbbands_spread": {
        "mean": 24.6346282959,
        "var": 427.273406982
    },
    "hfc": {
        "mean": 6.10655021667,
        "var": 31.1641082764
    },
    "melbands_crest": {
        "mean": 16.872636795,
        "var": 21.3048229218
    },
    "melbands_flatness_db": {
        "mean": 0.332705020905,
        "var": 0.00558528397232
    },
    "melbands_kurtosis": {
        "mean": 41.0675354004,
        "var": 886.795349121
    },
    "melbands_skewness": {
        "mean": 3.85631942749,
        "var": 2.69823265076
    },
    "melbands_spread": {
        "mean": 6.37155294418,
        "var": 302.415771484
    },
    "pitch_salience": {
        "mean": 0.526745796204,
        "var": 0.0132877817377
    },
    "silence_rate_20dB": {
        "mean": 1,
        "var": 0
    },
    "silence_rate_30dB": {
        "mean": 0.99794024229,
        "var": 0.00205551320687
    },
    "silence_rate_60dB": {
        "mean": 0.146240994334,
        "var": 0.12485396862
    },
    "spectral_centroid": {
        "mean": 560.335266113,
        "var": 1629405.375
    },
    "spectral_complexity": {
        "mean": 6.26930999756,
        "var": 7.36779308319
    },
    "spectral_decrease": {
        "mean": -5.91440851849e-009,
        "var": 3.21539033821e-017
    },
    "spectral_energy": {
        "mean": 0.0228762663901,
        "var": 0.000479284644825
    },
    "spectral_energyband_high": {
        "mean": 5.0216964155e-005,
        "var": 3.590080766e-008
    },
    "spectral_energyband_low": {
        "mean": 0.00280350004323,
        "var": 1.26549402921e-005
    },
    "spectral_energyband_middle_high": {
        "mean": 0.00024150396348,
        "var": 2.93780377802e-008
    },
    "spectral_energyband_middle_low": {
        "mean": 0.0204591471702,
        "var": 0.000435340683907
    },
    "spectral_entropy": {
        "mean": 6.52534723282,
        "var": 0.593511939049
    },
    "spectral_flux": {
        "mean": 0.0469627641141,
        "var": 0.00110669538844
    },
    "spectral_kurtosis": {
        "mean": 10.9761152267,
        "var": 47.2229194641
    },
    "spectral_rms": {
        "mean": 0.00410644989461,
        "var": 5.45537704966e-006
    },
    "spectral_rolloff": {
        "mean": 720.176330566,
        "var": 6190109.5
    },
    "spectral_skewness": {
        "mean": 2.71162295341,
        "var": 0.85840088129
    },
    "spectral_spread": {
        "mean": 4570123,
        "var": 1.99500727583e+013
    },
    "spectral_strongpeak": {
        "mean": 0.690559446812,
        "var": 0.300207018852
    },
    "zerocrossingrate": {
        "mean": 0.0317299850285,
        "var": 0.00445092655718
    },
    "barkbands": {
        "mean": [3.54694784619e-005, 0.000836425228044, 0.00126555562019, 0.00254644616507, 0.01459725108, 0.00177686684765, 0.000973772490397, 0.000390640459955, 0.000139309864608, 6.54445393593e-005, 3.68956971215e-005, 2.81126503978e-005, 3.80457968276e-005, 2.63672718575e-005, 2.19743433263e-005, 1.13561254693e-005, 1.35755890369e-005, 9.83337577054e-006, 8.89760849532e-006, 1.14973800009e-005, 1.11552271846e-005, 7.70334463596e-006, 5.30468287252e-006, 4.622981578e-006, 1.24807720567e-005, 1.24464202145e-006, 1.6983630502e-008],
        "var": [1.41451845792e-008, 3.10203063236e-006, 4.0184881982e-006, 1.14987969937e-005, 0.000306145520881, 4.70117947771e-006, 2.82083806269e-006, 3.72989831021e-007, 3.78785571797e-008, 5.75124303737e-009, 1.88209781093e-009, 1.24059074125e-009, 2.57469667808e-009, 9.77857350648e-010, 5.54665480212e-010, 1.92896379425e-010, 5.35883393216e-010, 1.26963287106e-010, 1.1349200052e-010, 2.14159845413e-009, 4.06072597769e-009, 3.43627415411e-009, 5.52731249659e-010, 1.5577805712e-010, 3.63930108271e-010, 8.75269128009e-012, 8.31417418416e-016]
    },
    "erbbands": {
        "mean": [0.0150433527306, 0.231249824166, 1.27856993675, 4.84560680389, 27.684053421, 56.3170204163, 31.0102882385, 14.4978055954, 14.8344736099, 13.9050836563, 4.73054409027, 3.64076304436, 2.41658329964, 1.56102979183, 1.36044037342, 1.42277193069, 1.60559761524, 1.42207431793, 1.34246516228, 0.854271352291, 0.654223799706, 0.753787755966, 0.531552612782, 0.6090041399, 0.354813575745, 0.569155216217, 0.502435445786, 0.424210816622, 0.275577068329, 0.201798692346, 0.146875604987, 0.108057700098, 0.0771845281124, 0.162424311042, 0.0712568759918, 0.0124669214711, 0.000922675884794, 0.000107367479359, 1.44562709465e-005, 2.55117774941e-005],
        "var": [0.00171605986543, 0.201065480709, 3.57592797279, 27.5308647156, 1197.33300781, 6179.81640625, 1776.75366211, 339.07321167, 580.996154785, 398.391479492, 40.1819496155, 29.2952651978, 10.4157018661, 2.52656555176, 2.16931557655, 2.21862697601, 5.7756562233, 2.35641908646, 2.11258888245, 0.801256835461, 0.773219943047, 1.2207928896, 0.328722566366, 0.514760494232, 0.217677950859, 5.84830141068, 7.62462329865, 8.7048368454, 3.95591521263, 1.53692746162, 0.378806591034, 0.119113877416, 0.0277808774263, 0.0647993460298, 0.0135534862056, 0.000881775340531, 3.55166025656e-006, 1.29737260934e-008, 1.33716190898e-010, 5.83805392917e-010]
    },
    "gfcc": {
        "mean": [-139.792205811, 128.531616211, -72.6968688965, 22.0981636047, -60.1217384338, -0.620397567749, -59.0150947571, -3.52008795738, -37.1064300537, -5.06509113312, -13.8569869995, -10.5848798752, -7.1502623558],
        "cov": [[30989.0859375, 4908.3203125, -1948.37744141, 34.3427696228, -1773.3293457, -536.867370605, -1823.28991699, -146.378143311, -903.096191406, -447.17489624, -102.315612793, -848.998046875, 68.6453018188], [4908.3203125, 1241.15991211, -316.076721191, -220.015609741, -166.289398193, -176.865737915, -279.791809082, -85.4634017944, -92.0929412842, -141.830154419, 2.68529081345, -200.517623901, -13.6713323593], [-1948.37744141, -316.076721191, 482.324432373, -3.58602547646, 93.825012207, 20.5744838715, 35.8787651062, 53.1389427185, 14.5082826614, 12.099439621, 45.5475463867, 57.0562210083, 19.9881000519], [34.3427696228, -220.015609741, -3.58602547646, 344.056732178, 6.72990131378, 134.642471313, 119.550086975, 10.0978555679, 32.9308738708, 75.3748168945, 4.22888565063, 69.7504119873, 20.2669372559], [-1773.3293457, -166.289398193, 93.825012207, 6.72990131378, 259.107147217, 52.4396514893, 130.334609985, -16.0214920044, 60.9921455383, 20.9807319641, 6.88618373871, 55.4281959534, -14.4166202545], [-536.867370605, -176.865737915, 20.5744838715, 134.642471313, 52.4396514893, 163.060836792, 131.708938599, 19.8906135559, 38.7176094055, 51.573223114, -5.78005599976, 53.7307739258, 9.01738739014], [-1823.28991699, -279.791809082, 35.8787651062, 119.550086975, 130.334609985, 131.708938599, 320.859466553, -15.3022174835, 124.239135742, 80.4421463013, -21.0970554352, 87.068359375, -21.6170196533], [-146.378143311, -85.4634017944, 53.1389427185, 10.0978555679, -16.0214920044, 19.8906135559, -15.3022174835, 94.3774719238, 6.24052524567, 16.6325969696, 19.7760028839, 4.79456567764, 20.0882091522], [-903.096191406, -92.0929412842, 14.5082826614, 32.9308738708, 60.9921455383, 38.7176094055, 124.239135742, 6.24052524567, 119.501724243, 44.9359397888, 4.52217054367, 26.238697052, -6.37575960159], [-447.17489624, -141.830154419, 12.099439621, 75.3748168945, 20.9807319641, 51.573223114, 80.4421463013, 16.6325969696, 44.9359397888, 103.393081665, 6.97271871567, 48.3806152344, 1.39115226269], [-102.315612793, 2.68529081345, 45.5475463867, 4.22888565063, 6.88618373871, -5.78005599976, -21.0970554352, 19.7760028839, 4.52217054367, 6.97271871567, 72.9422607422, 5.50105905533, 17.4075469971], [-848.998046875, -200.517623901, 57.0562210083, 69.7504119873, 55.4281959534, 53.7307739258, 87.068359375, 4.79456567764, 26.238697052, 48.3806152344, 5.50105905533, 101.463493347, 1.78099048138], [68.6453018188, -13.6713323593, 19.9881000519, 20.2669372559, -14.4166202545, 9.01738739014, -21.6170196533, 20.0882091522, -6.37575960159, 1.39115226269, 17.4075469971, 1.78099048138, 67.2254714966]],
        "icov": [[0.000624799809884, -0.00220730691217, 0.000612549600191, -0.00165228289552, 0.001778177917, -0.000726351339836, 0.00144868949428, -0.000721740303561, 0.00161534443032, -0.000884451379534, 0.000984992017038, -0.000193442901946, 0.000310956820613], [-0.00220730691217, 0.00942150224, -0.00144463637844, 0.0062201609835, -0.006060579326, 0.00246465601958, -0.00444128317758, 0.00374923972413, -0.00604219874367, 0.00368071184494, -0.00434366846457, 0.00238685077056, -0.00104224414099], [0.000612549600191, -0.00144463637844, 0.00358499935828, -0.00124133098871, 0.00100280228071, -0.000440491974587, 0.0014549336629, -0.00169182522222, 0.00185568316374, -9.5105242508e-005, -0.000545854098164, -0.000779712689109, -2.34671697399e-005], [-0.00165228289552, 0.0062201609835, -0.00124133098871, 0.00939651858062, -0.00365402945317, -0.00149451871403, -0.00401504477486, 0.00302115851082, -0.00401585921645, 0.00100921152625, -0.00345978606492, -0.000428030121839, -0.0017831325531], [0.001778177917, -0.006060579326, 0.00100280228071, -0.00365402945317, 0.0109268957749, -0.00322596728802, 0.00281409081072, -0.000457952904981, 0.00320413382724, -0.0013381728204, 0.00167834584136, -0.00211265566759, 0.00152590486687], [-0.000726351339836, 0.00246465601958, -0.000440491974587, -0.00149451871403, -0.00322596728802, 0.0141888167709, -0.0063033727929, -0.00270118680783, 0.00049034669064, 0.000283588917227, 2.55753802776e-005, -0.000375893287128, -0.00194637535606], [0.00144868949428, -0.00444128317758, 0.0014549336629, -0.00401504477486, 0.00281409081072, -0.0063033727929, 0.013535936363, 0.00124193844385, -0.00347406649962, -0.00282069342211, 0.00442455383018, -0.00262672221288, 0.00247862865217], [-0.000721740303561, 0.00374923972413, -0.00169182522222, 0.00302115851082, -0.000457952904981, -0.00270118680783, 0.00124193844385, 0.0157955493778, -0.00431350339204, -0.000755593297072, -0.00356880226173, 0.00182606617454, -0.00248258095235], [0.00161534443032, -0.00604219874367, 0.00185568316374, -0.00401585921645, 0.00320413382724, 0.00049034669064, -0.00347406649962, -0.00431350339204, 0.0206906832755, -0.00603979639709, 0.000495252606925, 0.00196163635701, 0.000481006834889], [-0.000884451379534, 0.00368071184494, -9.5105242508e-005, 0.00100921152625, -0.0013381728204, 0.000283588917227, -0.00282069342211, -0.000755593297072, -0.00603979639709, 0.0174653939903, -0.00287516904064, -0.00434524938464, 0.000294807308819], [0.000984992017038, -0.00434366846457, -0.000545854098164, -0.00345978606492, 0.00167834584136, 2.55753802776e-005, 0.00442455383018, -0.00356880226173, 0.000495252606925, -0.00287516904064, 0.0188881773502, -0.0019515210297, -0.00257091224194], [-0.000193442901946, 0.00238685077056, -0.000779712689109, -0.000428030121839, -0.00211265566759, -0.000375893287128, -0.00262672221288, 0.00182606617454, 0.00196163635701, -0.00434524938464, -0.0019515210297, 0.0188864674419, -0.000468207581434], [0.000310956820613, -0.00104224414099, -2.34671697399e-005, -0.0017831325531, 0.00152590486687, -0.00194637535606, 0.00247862865217, -0.00248258095235, 0.000481006834889, 0.000294807308819, -0.00257091224194, -0.000468207581434, 0.0177352074534]]
    },
    "melbands": {
        "mean": [0.000182746021892, 0.000546743453015, 0.00143132696394, 0.00318955094554, 0.00149641965982, 0.000312516116537, 0.000224090355914, 0.00014062646369, 3.08530579787e-005, 2.14347965084e-005, 1.11624403871e-005, 6.08757318332e-006, 4.84081920149e-006, 3.61168781637e-006, 3.94492417399e-006, 3.090333621e-006, 2.62196112999e-006, 2.28767089538e-006, 1.41239615914e-006, 8.47326020903e-007, 7.72411283378e-007, 8.22457934646e-007, 5.33268973868e-007, 4.74134907336e-007, 5.1493105957e-007, 2.56551203393e-007, 2.58961705413e-007, 4.14749251831e-007, 3.43374608747e-007, 2.35617392264e-007, 2.59851020701e-007, 1.63011961263e-007, 1.21968824374e-007, 1.08068817894e-007, 9.01150229993e-008, 6.75065976452e-008, 6.30569800819e-008, 3.85025558103e-008, 8.78851125208e-008, 1.60199462584e-007],
        "var": [1.67913697169e-007, 6.44575379738e-007, 2.84612269752e-006, 1.59450173669e-005, 4.12149847762e-006, 1.56461638312e-007, 1.31717555973e-007, 4.17849008727e-008, 1.80684567308e-009, 1.07116771009e-009, 2.33776026315e-010, 4.46508663376e-011, 3.2314168702e-011, 2.0162711778e-011, 1.79826431523e-011, 2.39213995834e-011, 9.92871583561e-012, 6.84788684091e-012, 2.53503186325e-012, 1.04519539725e-012, 1.56125362204e-012, 2.03932877529e-012, 4.97231487755e-013, 2.94344491272e-013, 4.10395919722e-013, 1.0035844226e-013, 2.38614087256e-013, 4.25904103651e-012, 4.45738107882e-012, 2.12245086957e-012, 5.32054044919e-012, 1.4324946394e-012, 7.60634448222e-013, 3.85328542078e-013, 1.63158129043e-013, 4.37364242587e-014, 4.30551421067e-014, 1.00642743786e-014, 2.56018520457e-014, 6.48894729182e-014]
    },
    "mfcc": {
        "mean": [-780.909851074, 161.151885986, 33.4257049561, 22.6555175781, 14.9354667664, -5.67687654495, -3.49795031548, -14.2525730133, -13.3226776123, -10.1477451324, -6.62837219238, -9.50256347656, -7.55390453339],
        "cov": [[11261.6845703, 3130.15307617, 254.710739136, 136.112503052, 14.887922287, -557.362915039, -217.191848755, -483.499572754, -265.462677002, -220.920822144, -127.792266846, -194.612686157, -68.525970459], [3130.15307617, 1862.1463623, 43.2667617798, -64.4659347534, 107.594055176, -255.206176758, -113.371231079, -192.040008545, -167.083999634, -105.662811279, -55.5782203674, -118.088012695, -78.9870529175], [254.710739136, 43.2667617798, 369.536437988, 45.3397750854, 55.2339057922, -59.1060142517, 25.5962295532, -17.3912239075, -20.476360321, -35.1525497437, -1.08412885666, 2.4087741375, 6.05962371826], [136.112503052, -64.4659347534, 45.3397750854, 175.630966187, 6.01281738281, 107.610107422, 24.3392868042, 28.4952259064, 16.8135738373, 19.4770355225, 11.8792924881, 22.2512016296, 11.1202507019], [14.887922287, 107.594055176, 55.2339057922, 6.01281738281, 174.678421021, -66.3674087524, 17.5128822327, -21.4049434662, -31.4660835266, -46.4534187317, -10.5685768127, -9.42947006226, 10.0557947159], [-557.362915039, -255.206176758, -59.1060142517, 107.610107422, -66.3674087524, 316.508605957, 61.8708877563, 110.844734192, 73.0499572754, 97.7099075317, 16.4054985046, 48.5207099915, 4.3779335022], [-217.191848755, -113.371231079, 25.5962295532, 24.3392868042, 17.5128822327, 61.8708877563, 90.2583312988, 40.8669013977, 16.9959850311, 15.8466110229, 2.29039144516, 14.7932033539, 12.1157226563], [-483.499572754, -192.040008545, -17.3912239075, 28.4952259064, -21.4049434662, 110.844734192, 40.8669013977, 117.280349731, 45.8771514893, 48.7223892212, 11.002245903, 36.7196769714, -0.14727550745], [-265.462677002, -167.083999634, -20.476360321, 16.8135738373, -31.4660835266, 73.0499572754, 16.9959850311, 45.8771514893, 91.9375, 49.096912384, 13.843621254, 16.9773178101, 11.9952001572], [-220.920822144, -105.662811279, -35.1525497437, 19.4770355225, -46.4534187317, 97.7099075317, 15.8466110229, 48.7223892212, 49.096912384, 110.399772644, 19.4989871979, 26.5082836151, 3.57175183296], [-127.792266846, -55.5782203674, -1.08412885666, 11.8792924881, -10.5685768127, 16.4054985046, 2.29039144516, 11.002245903, 13.843621254, 19.4989871979, 55.8098907471, 23.0059337616, 9.9819355011], [-194.612686157, -118.088012695, 2.4087741375, 22.2512016296, -9.42947006226, 48.5207099915, 14.7932033539, 36.7196769714, 16.9773178101, 26.5082836151, 23.0059337616, 69.0056686401, 17.7178688049], [-68.525970459, -78.9870529175, 6.05962371826, 11.1202507019, 10.0557947159, 4.3779335022, 12.1157226563, -0.14727550745, 11.9952001572, 3.57175183296, 9.9819355011, 17.7178688049, 61.1944694519]],
        "icov": [[0.000218225570279, -0.000362455175491, -3.6290159187e-005, -0.000494617677759, 0.00038870316348, 0.000291416537948, -0.000152800435899, 0.000371860485757, -0.000203519404749, 1.3093042071e-005, 0.000311042094836, -0.000183122901944, -0.000142156655784], [-0.000362455175491, 0.00138214952312, 4.11247165175e-005, 0.000746850797441, -0.00100057933014, -0.000395478826249, 0.000707570521627, 1.84003583854e-005, 0.00115670403466, -0.00037925131619, -0.000378392811399, 0.000835198210552, 0.0009063204634], [-3.6290159187e-005, 4.11247165175e-005, 0.00325752259232, -0.00130617048126, -0.000380487879738, 0.00116678909399, -0.00137122836895, 6.01060673944e-005, -2.29132583627e-005, 0.000344550586306, -2.23813185585e-005, -0.000536700536031, 0.000321338506183], [-0.000494617677759, 0.000746850797441, -0.00130617048126, 0.00945880170912, -0.00191845709924, -0.00460426043719, 0.000994098954834, -8.68388960953e-005, 0.000672770082019, 0.000854016048834, -0.00179655512329, -5.21245310665e-005, -0.00060534774093], [0.00038870316348, -0.00100057933014, -0.000380487879738, -0.00191845709924, 0.00829730927944, 0.00214665080421, -0.00290293851867, -2.31611147683e-006, 0.000392988033127, 0.00184730649926, 0.00110660144128, -0.000491556536872, -0.00163526332472], [0.000291416537948, -0.000395478826249, 0.00116678909399, -0.00460426043719, 0.00214665080421, 0.00844835024327, -0.00303105195053, -0.00268980464898, -0.00137655809522, -0.00296583934687, 0.00160640163813, -0.0012158753816, 0.000706433434971], [-0.000152800435899, 0.000707570521627, -0.00137122836895, 0.000994098954834, -0.00290293851867, -0.00303105195053, 0.0160932857543, -0.00390055216849, 0.00077201728709, 3.0999435694e-005, 0.000302361440845, 0.00116674543824, -0.00234472402371], [0.000371860485757, 1.84003583854e-005, 6.01060673944e-005, -8.68388960953e-005, -2.31611147683e-006, -0.00268980464898, -0.00390055216849, 0.0176746435463, -0.00371829979122, -0.00145607348531, 0.00140305457171, -0.00549865840003, 0.00363462348469], [-0.000203519404749, 0.00115670403466, -2.29132583627e-005, 0.000672770082019, 0.000392988033127, -0.00137655809522, 0.00077201728709, -0.00371829979122, 0.0178237725049, -0.00470261182636, -0.00168507755734, 0.00270294956863, -0.00270978850313], [1.3093042071e-005, -0.00037925131619, 0.000344550586306, 0.000854016048834, 0.00184730649926, -0.00296583934687, 3.0999435694e-005, -0.00145607348531, -0.00470261182636, 0.0157115645707, -0.00261023780331, -0.00185370142572, 0.000202051975066], [0.000311042094836, -0.000378392811399, -2.23813185585e-005, -0.00179655512329, 0.00110660144128, 0.00160640163813, 0.000302361440845, 0.00140305457171, -0.00168507755734, -0.00261023780331, 0.0224167574197, -0.0066752685234, -0.00140588206705], [-0.000183122901944, 0.000835198210552, -0.000536700536031, -5.21245310665e-005, -0.000491556536872, -0.0012158753816, 0.00116674543824, -0.00549865840003, 0.00270294956863, -0.00185370142572, -0.0066752685234, 0.0224533956498, -0.00497467210516], [-0.000142156655784, 0.0009063204634, 0.000321338506183, -0.00060534774093, -0.00163526332472, 0.000706433434971, -0.00234472402371, 0.00363462348469, -0.00270978850313, 0.000202051975066, -0.00140588206705, -0.00497467210516, 0.020310362801]]
    },
    "spectral_contrast_coeffs": {
        "mean": [-0.513479232788, -0.686115086079, -0.790456295013, -0.817620098591, -0.832826852798, -0.81752705574],
        "var": [0.0201715454459, 0.00785492453724, 0.0033680354245, 0.00166697311215, 0.00129398412537, 0.00164308201056]
    },
    "spectral_contrast_valleys": {
        "mean": [-8.3222694397, -7.94910097122, -8.97540187836, -9.36910247803, -9.46488666534, -11.8332080841],
        "var": [7.01881170273, 7.31106519699, 6.30455732346, 5.9798874855, 5.69764947891, 4.40350866318]
    }
},
"metadata": {
    "audio_properties": {
        "analysis_sample_rate": 44100,
        "bit_rate": 105677,
        "equal_loudness": 0,
        "length": 45.0612258911,
        "lossless": 0,
        "replay_gain": -11.5746574402,
        "sample_rate": 44100,
        "codec": "mp3",
        "downmix": "mix",
        "md5_encoded": "7c73b684901b4fcf000fb8c4174875eb"
    },
    "tags": {
        "file_name": "329.mp3"
    },
    "version": {
        "essentia": "2.1-beta2",
        "essentia_git_sha": "v2.1_beta2",
        "extractor": "music 1.0"
    }
},
"rhythm": {
    "beats_count": 133,
    "beats_loudness": {
        "mean": 0.0295096170157,
        "var": 0.000572174612898
    },
    "bpm": 178.205841064,
    "bpm_histogram_first_peak_bpm": {
        "mean": 178,
        "var": 0
    },
    "bpm_histogram_first_peak_spread": {
        "mean": 0,
        "var": 0
    },
    "bpm_histogram_first_peak_weight": {
        "mean": 0.492424249649,
        "var": 0
    },
    "bpm_histogram_second_peak_bpm": {
        "mean": 185,
        "var": 0
    },
    "bpm_histogram_second_peak_spread": {
        "mean": 0,
        "var": 0
    },
    "bpm_histogram_second_peak_weight": {
        "mean": 0.310606062412,
        "var": 0
    },
    "danceability": 0.995839595795,
    "onset_rate": 2.75057148933,
    "beats_loudness_band_ratio": {
        "mean": [0.454865425825, 0.583610534668, 0.0703970119357, 0.0108484691009, 0.00610820576549, 0.00717758061364],
        "var": [0.0557820387185, 0.0460864268243, 0.00351102370769, 0.000168051017681, 7.32786138542e-005, 0.000828641816042]
    },
    "beats_position": [0.348299324512, 0.708208620548, 1.06811785698, 1.4164172411, 1.77632653713, 2.12462592125, 2.46131515503, 2.80961441994, 3.13469386101, 3.47138309479, 3.80807256699, 4.15637159348, 4.48145103455, 4.81814050674, 5.15482997894, 5.47990942001, 5.81659841537, 6.14167785645, 6.47836732864, 6.81505680084, 7.1517457962, 7.47682523727, 7.81351470947, 8.15020370483, 8.47528362274, 8.8119726181, 9.14866161346, 9.47374153137, 9.82204055786, 10.1471195221, 10.4838094711, 10.8204984665, 11.1687984467, 11.4938774109, 11.8189563751, 12.144036293, 12.4691152573, 12.8058052063, 13.1424942017, 13.4675731659, 13.7926530838, 14.117732048, 14.4428119659, 14.7678909302, 15.1161899567, 15.4644899368, 15.7895689011, 16.1378688812, 16.4629478455, 16.7880268097, 17.1131057739, 17.4381847382, 17.7748756409, 18.1115646362, 18.4482536316, 18.784942627, 19.1216316223, 19.458322525, 19.7950115204, 20.1317005157, 20.4799995422, 20.8050785065, 21.1417675018, 21.4784584045, 21.8035373688, 22.1402263641, 22.4769153595, 22.8019943237, 23.1502952576, 23.4869842529, 23.8236732483, 24.1603622437, 24.4854412079, 24.8221302032, 25.158821106, 25.4955101013, 25.8321990967, 26.168888092, 26.5171871185, 26.865486145, 27.2137870789, 27.5388660431, 27.8639450073, 28.1890239716, 28.5024929047, 28.8391838074, 29.1758728027, 29.5125617981, 29.8492507935, 30.1859397888, 30.5226306915, 30.8593196869, 31.2076187134, 31.5443077087, 31.8809967041, 32.2060775757, 32.5311546326, 32.8562355042, 33.1813163757, 33.5063934326, 33.8314743042, 34.1565513611, 34.4816322327, 34.8067131042, 35.1434020996, 35.4916992188, 35.8400001526, 36.1766891479, 36.5133781433, 36.8500671387, 37.186756134, 37.5118370056, 37.848526001, 38.1852149963, 38.5219039917, 38.8469848633, 39.1720619202, 39.5087509155, 39.8454399109, 40.1821289063, 40.5188217163, 40.8555107117, 41.192199707, 41.5404968262, 41.8771858215, 42.2138786316, 42.550567627, 42.8872566223, 43.2355537415, 43.5838546753, 43.9205436707, 44.2688446045, 44.6171417236]
},
"tonal": {
    "chords_changes_rate": 0.0534979440272,
    "chords_number_rate": 0.00514403311536,
    "chords_strength": {
        "mean": 0.569882035255,
        "var": 0.00757761858404
    },
    "hpcp_entropy": {
        "mean": 1.58334720135,
        "var": 0.613367199898
    },
    "key_strength": 0.798741817474,
    "tuning_diatonic_strength": 0.683779120445,
    "tuning_equal_tempered_deviation": 0.0433775112033,
    "tuning_frequency": 433.691802979,
    "tuning_nontempered_energy_ratio": 0.687147259712,
    "hpcp": {
        "mean": [0.21623930335, 0.149461641908, 0.123298332095, 0.129860326648, 0.0783207714558, 0.035059005022, 0.0430823005736, 0.0860827714205, 0.235188230872, 0.31461918354, 0.157393991947, 0.0381932742894, 0.0328318439424, 0.0472779721022, 0.100944340229, 0.113027282059, 0.0510783456266, 0.0119853345677, 0.00933313276619, 0.017499146983, 0.0452833026648, 0.0594870075583, 0.0508167892694, 0.130521118641, 0.192474260926, 0.101202532649, 0.0283084176481, 0.0274901110679, 0.0491747260094, 0.179996624589, 0.262334436178, 0.134503051639, 0.0275058019906, 0.0223515070975, 0.041564013809, 0.146554678679],
        "var": [0.13661621511, 0.0678997710347, 0.0706871822476, 0.0850836783648, 0.0415752194822, 0.0145806670189, 0.0175803359598, 0.037241153419, 0.085212007165, 0.143057361245, 0.0460262112319, 0.0163218621165, 0.012447447516, 0.016420384869, 0.0463804230094, 0.0672985464334, 0.0191231984645, 0.00308821373619, 0.0019203373231, 0.00364839681424, 0.013639790006, 0.0223911777139, 0.0185290463269, 0.050945289433, 0.0985205322504, 0.0352959223092, 0.0119754299521, 0.01346891094, 0.0216432437301, 0.0840270891786, 0.155451878905, 0.0524288229644, 0.00999645330012, 0.0113914338872, 0.017296815291, 0.0757875218987]
    },
    "chords_histogram": [32.0987663269, 0.925925910473, 33.9506187439, 1.95473253727, 0.720164597034, 0, 0, 0, 0.514403283596, 0, 0.102880656719, 0, 0, 0, 0, 0.411522626877, 0, 0.102880656719, 0.205761313438, 0, 0, 0, 2.46913576126, 26.5432090759],
    "thpcp": [1, 0.500268280506, 0.121395252645, 0.10435423255, 0.150270462036, 0.320846110582, 0.359251081944, 0.162349745631, 0.0380947366357, 0.0296648554504, 0.0556200891733, 0.143930524588, 0.18907622993, 0.161518409848, 0.414854288101, 0.611769020557, 0.321666747332, 0.089976772666, 0.0873758271337, 0.156299203634, 0.572109520435, 0.83381575346, 0.427510648966, 0.0874257013202, 0.0710430517793, 0.132108956575, 0.46581608057, 0.687304913998, 0.475055724382, 0.391897052526, 0.412753999233, 0.248938322067, 0.111433148384, 0.136934757233, 0.273609429598, 0.747533023357],
    "chords_key": "C",
    "chords_scale": "major",
    "key_key": "F",
    "key_scale": "major"
}
}