{
"lowlevel": {
    "average_loudness": 0.985622704029,
    "barkbands_crest": {
        "mean": 6.0300951004,
        "var": 3.75754737854
    },
    "barkbands_flatness_db": {
        "mean": 0.172724589705,
        "var": 0.000270010757959
    },
    "barkbands_kurtosis": {
        "mean": -0.670029878616,
        "var": 0.467630654573
    },
    "barkbands_skewness": {
        "mean": 0.563152968884,
        "var": 0.146762415767
    },
    "barkbands_spread": {
        "mean": 28.9205856323,
        "var": 41.8225517273
    },
    "dissonance": {
        "mean": 0.486191153526,
        "var": 9.36851865845e-005
    },
    "dynamic_complexity": 0.501684606075,
    "erbbands_crest": {
        "mean": 6.90973091125,
        "var": 5.46262311935
    },
    "erbbands_flatness_db": {
        "mean": 0.249481230974,
        "var": 0.000226327319979
    },
    "erbbands_kurtosis": {
        "mean": -0.937139570713,
        "var": 0.182916268706
    },
    "erbbands_skewness": {
        "mean": -0.265674442053,
        "var": 0.145185023546
    },
    "erbbands_spread": {
        "mean": 35.7415542603,
        "var": 38.6461448669
    },
    "hfc": {
        "mean": 26.3477325439,
        "var": 75.8945846558
    },
    "melbands_crest": {
        "mean": 9.25628757477,
        "var": 9.39698219299
    },
    "melbands_flatness_db": {
        "mean": 0.200894296169,
        "var": 0.000453899992863
    },
    "melbands_kurtosis": {
        "mean": 2.05939507484,
        "var": 3.13860273361
    },
    "melbands_skewness": {
        "mean": 1.47083604336,
        "var": 0.189192011952
    },
    "melbands_spread": {
        "mean": 38.2972946167,
        "var": 145.492340088
    },
    "pitch_salience": {
        "mean": 0.64995765686,
        "var": 0.00330780097283
    },
    "silence_rate_20dB": {
        "mean": 1,
        "var": 0
    },
    "silence_rate_30dB": {
        "mean": 1,
        "var": 0
    },
    "silence_rate_60dB": {
        "mean": 0.00205973233096,
        "var": 0.00205553858541
    },
    "spectral_centroid": {
        "mean": 2100.93896484,
        "var": 248516.28125
    },
    "spectral_complexity": {
        "mean": 35.1936149597,
        "var": 25.3466396332
    },
    "spectral_decrease": {
        "mean": -5.62566082607e-009,
        "var": 1.82454970703e-018
    },
    "spectral_energy": {
        "mean": 0.0236222948879,
        "var": 3.06647743855e-005
    },
    "spectral_energyband_high": {
        "mean": 0.000347302935552,
        "var": 9.40647666425e-008
    },
    "spectral_energyband_low": {
        "mean": 0.00325781968422,
        "var": 5.19487684869e-006
    },
    "spectral_energyband_middle_high": {
        "mean": 0.010058443062,
        "var": 9.96761900751e-006
    },
    "spectral_energyband_middle_low": {
        "mean": 0.0107238199562,
        "var": 1.74072574737e-005
    },
    "spectral_entropy": {
        "mean": 7.46114826202,
        "var": 0.0161098521203
    },
    "spectral_flux": {
        "mean": 0.0958095490932,
        "var": 0.000199596193852
    },
    "spectral_kurtosis": {
        "mean": 4.02614116669,
        "var": 9.03716659546
    },
    "spectral_rms": {
        "mean": 0.00476427050307,
        "var": 3.47967159087e-007
    },
    "spectral_rolloff": {
        "mean": 2599.87988281,
        "var": 1099840.125
    },
    "spectral_skewness": {
        "mean": 0.60350227356,
        "var": 0.108065493405
    },
    "spectral_spread": {
        "mean": 2262502.75,
        "var": 1.64582680166e+012
    },
    "spectral_strongpeak": {
        "mean": 1.15177094936,
        "var": 4.7078537941
    },
    "zerocrossingrate": {
        "mean": 0.0725713670254,
        "var": 0.000538852182217
    },
    "barkbands": {
        "mean": [4.36862501374e-005, 0.00153398036491, 0.00134317448828, 0.000408388645155, 0.00299704121426, 0.00322399102151, 0.00177170662209, 0.000425587495556, 0.00106965797022, 0.00282759359106, 0.000612071773503, 0.000991059001535, 0.000431726803072, 0.000586030830164, 0.000470023253001, 0.000334650685545, 0.000452783046057, 0.00149280647747, 0.00120306119788, 0.00130984943826, 8.02483627922e-005, 1.09315978989e-005, 1.80590473065e-006, 4.10327231748e-007, 9.16464983902e-008, 1.7055981516e-008, 1.08248310315e-009],
        "var": [1.97295157989e-009, 1.73831926986e-006, 1.61619095707e-006, 1.61328742365e-007, 7.16105842002e-006, 4.69161477668e-006, 1.67009238794e-006, 1.23143507835e-007, 6.39647907974e-007, 4.20039259552e-006, 2.17652569745e-007, 4.57822579847e-007, 8.50950812037e-008, 2.26729312658e-007, 2.74074949402e-007, 9.09025388296e-008, 7.76234401201e-008, 5.59779607556e-007, 8.72197801982e-007, 2.71233557214e-006, 3.59044904918e-009, 5.44918971057e-011, 1.43379091152e-012, 1.32237970574e-013, 5.78659231534e-014, 3.02990630903e-015, 5.69205520169e-018]
    },
    "erbbands": {
        "mean": [0.0297568943352, 0.398983746767, 1.48559510708, 1.70346689224, 0.938816964626, 10.8754386902, 29.915145874, 24.1872558594, 27.0503406525, 15.7939043045, 11.14016819, 21.4918422699, 71.4640960693, 69.5936203003, 25.5738487244, 39.7449073792, 21.6563587189, 25.9710578918, 26.5029201508, 21.5375766754, 20.5201625824, 31.1369972229, 77.4006729126, 77.0396957397, 55.8811798096, 61.501701355, 8.87135505676, 1.97080826759, 0.541205704212, 0.135836884379, 0.0452546104789, 0.0145442057401, 0.00469667790458, 0.00143910967745, 0.000521767127793, 0.000157361369929, 3.909183215e-005, 9.91633351077e-006, 1.47419495988e-005, 2.94989895337e-005],
        "var": [0.000724399695173, 0.126201108098, 1.93921983242, 2.24698352814, 0.303517967463, 89.0143051147, 545.466552734, 265.555328369, 396.789550781, 121.850227356, 72.6578140259, 243.065048218, 2395.98217773, 2987.49462891, 247.436630249, 762.231323242, 151.198928833, 317.174957275, 427.25100708, 526.148010254, 291.175628662, 300.836914063, 1573.33911133, 2284.92016602, 1728.47729492, 6497.19189453, 47.6559867859, 2.50558590889, 0.155406445265, 0.00539430277422, 0.000848112860695, 0.000120361022709, 2.29026572924e-005, 6.07524589213e-006, 2.63500032816e-006, 3.64592125379e-007, 7.24286985943e-009, 2.25312352109e-010, 1.42749969831e-011, 4.82855838646e-011]
    },
    "gfcc": {
        "mean": [-30.0821819305, 173.626571655, -195.486312866, 43.840675354, -42.1095428467, -34.1106529236, -1.51587736607, -6.2097659111, -18.9376583099, -12.4644260406, 9.2662820816, -5.93297290802, 5.84191036224],
        "cov": [[2669.4934082, 334.565734863, -391.610809326, 122.400062561, -83.8039016724, -64.0651245117, -19.9545555115, 13.4196081161, -68.8739395142, 6.31261253357, 9.04395484924, -17.5765514374, 14.7266654968], [334.565734863, 207.868774414, -66.702796936, 11.9692134857, 16.5118694305, -32.7187652588, 32.276550293, -39.1716384888, 26.949256897, -31.388174057, 11.0754890442, -4.21013259888, 4.21735954285], [-391.610809326, -66.702796936, 165.916213989, 3.08511805534, 8.90913105011, 32.8318443298, -13.6082611084, 32.4591636658, -15.3578443527, 7.51529312134, -3.16280817986, 10.1884212494, -4.77938079834], [122.400062561, 11.9692134857, 3.08511805534, 68.5849990845, 17.9540748596, 2.64186024666, 11.631734848, -1.76956427097, 2.8035197258, 4.54854345322, 3.46103167534, -14.0676031113, 1.11609661579], [-83.8039016724, 16.5118694305, 8.90913105011, 17.9540748596, 77.1355514526, 11.1415996552, 19.3511009216, -4.39711809158, 5.35016059875, 11.0814180374, -7.29552030563, -0.532511413097, -2.54022550583], [-64.0651245117, -32.7187652588, 32.8318443298, 2.64186024666, 11.1415996552, 70.2899169922, 3.02475547791, 22.156747818, 4.48599624634, 4.92793273926, 1.74422180653, 0.484192788601, -1.22139406204], [-19.9545555115, 32.276550293, -13.6082611084, 11.631734848, 19.3511009216, 3.02475547791, 63.8031082153, 7.54379987717, 11.8387441635, -1.7534725666, 2.990244627, -3.99667477608, -1.31784772873], [13.4196081161, -39.1716384888, 32.4591636658, -1.76956427097, -4.39711809158, 22.156747818, 7.54379987717, 67.1913604736, 0.711186230183, 9.56228637695, -1.29075598717, 6.52385568619, -4.28577804565], [-68.8739395142, 26.949256897, -15.3578443527, 2.8035197258, 5.35016059875, 4.48599624634, 11.8387441635, 0.711186230183, 57.8143081665, 6.43886947632, 4.63541126251, -1.55443739891, 1.14473843575], [6.31261253357, -31.388174057, 7.51529312134, 4.54854345322, 11.0814180374, 4.92793273926, -1.7534725666, 9.56228637695, 6.43886947632, 54.2975616455, 7.97616195679, 0.0818837955594, -1.84811961651], [9.04395484924, 11.0754890442, -3.16280817986, 3.46103167534, -7.29552030563, 1.74422180653, 2.990244627, -1.29075598717, 4.63541126251, 7.97616195679, 42.0313148499, 10.2339363098, 1.88752615452], [-17.5765514374, -4.21013259888, 10.1884212494, -14.0676031113, -0.532511413097, 0.484192788601, -3.99667477608, 6.52385568619, -1.55443739891, 0.0818837955594, 10.2339363098, 37.1614341736, 10.6122331619], [14.7266654968, 4.21735954285, -4.77938079834, 1.11609661579, -2.54022550583, -1.22139406204, -1.31784772873, -4.28577804565, 1.14473843575, -1.84811961651, 1.88752615452, 10.6122331619, 34.7708816528]],
        "icov": [[0.00393594568595, -0.00923810806125, 0.0101767592132, -0.00992548279464, 0.00668840389699, -0.00390795385465, 0.00632447842509, -0.00875124614686, 0.0109763247892, -0.00764643168077, 0.00508655933663, -0.00459117256105, 0.00104064703919], [-0.00923810806125, 0.0298123396933, -0.0223009157926, 0.022751679644, -0.0178636834025, 0.0118306335062, -0.0174128916115, 0.0230106413364, -0.0289358496666, 0.0229441151023, -0.0147810643539, 0.0109596699476, -0.00258253165521], [0.0101767592132, -0.0223009157926, 0.0343512147665, -0.0267555788159, 0.0159105807543, -0.0122836492956, 0.0179304145277, -0.0249897055328, 0.0296600013971, -0.0190570652485, 0.0132932579145, -0.0140423215926, 0.00388024188578], [-0.00992548279464, 0.022751679644, -0.0267555788159, 0.0432274229825, -0.0210845209658, 0.0103744277731, -0.0172598119825, 0.0212808214128, -0.02727028355, 0.0189307462424, -0.0170234665275, 0.0208783186972, -0.00637207459658], [0.00668840389699, -0.0178636834025, 0.0159105807543, -0.0210845209658, 0.0294552501291, -0.0104236826301, 0.0057495306246, -0.0109910266474, 0.0190227329731, -0.0188350584358, 0.0153807904571, -0.0127148097381, 0.00426487997174], [-0.00390795385465, 0.0118306335062, -0.0122836492956, 0.0103744277731, -0.0104236826301, 0.0223920829594, -0.00652566831559, 0.00426821876317, -0.0136383371428, 0.00999775435776, -0.0082480488345, 0.00722298538312, -0.00227375235409], [0.00632447842509, -0.0174128916115, 0.0179304145277, -0.0172598119825, 0.0057495306246, -0.00652566831559, 0.030509993434, -0.0193795952946, 0.0157689396292, -0.0107026118785, 0.00593357160687, -0.00496380217373, 0.0015153385466], [-0.00875124614686, 0.0230106413364, -0.0249897055328, 0.0212808214128, -0.0109910266474, 0.00426821876317, -0.0193795952946, 0.0403632670641, -0.0254756510258, 0.0144040174782, -0.00845208764076, 0.00495473854244, 0.000935952703003], [0.0109763247892, -0.0289358496666, 0.0296600013971, -0.02727028355, 0.0190227329731, -0.0136383371428, 0.0157689396292, -0.0254756510258, 0.050802834332, -0.0254325643182, 0.0137892365456, -0.0121433362365, 0.00211456371471], [-0.00764643168077, 0.0229441151023, -0.0190570652485, 0.0189307462424, -0.0188350584358, 0.00999775435776, -0.0107026118785, 0.0144040174782, -0.0254325643182, 0.0391293540597, -0.0171945709735, 0.0114724840969, -0.00207751011476], [0.00508655933663, -0.0147810643539, 0.0132932579145, -0.0170234665275, 0.0153807904571, -0.0082480488345, 0.00593357160687, -0.00845208764076, 0.0137892365456, -0.0171945709735, 0.0371924452484, -0.0176896564662, 0.00404122844338], [-0.00459117256105, 0.0109596699476, -0.0140423215926, 0.0208783186972, -0.0127148097381, 0.00722298538312, -0.00496380217373, 0.00495473854244, -0.0121433362365, 0.0114724840969, -0.0176896564662, 0.0443319752812, -0.0137981874868], [0.00104064703919, -0.00258253165521, 0.00388024188578, -0.00637207459658, 0.00426487997174, -0.00227375235409, 0.0015153385466, 0.000935952703003, 0.00211456371471, -0.00207751011476, 0.00404122844338, -0.0137981874868, 0.0335864275694]]
    },
    "melbands": {
        "mean": [0.000347160239471, 0.000716414710041, 0.000257544772467, 0.000302305357764, 0.00102329801302, 0.000561512657441, 0.000406743842177, 0.000146917489474, 8.6733030912e-005, 0.000154295543325, 0.00037119424087, 0.000304586283164, 8.28249903861e-005, 0.000100280274637, 8.32081277622e-005, 4.09620515711e-005, 4.94997730129e-005, 4.45222904091e-005, 3.96344039473e-005, 2.22007765842e-005, 2.22508006118e-005, 2.86050035356e-005, 4.80644666823e-005, 7.89883633843e-005, 6.26042383374e-005, 3.79107950721e-005, 5.84699882893e-005, 3.32168347086e-005, 5.94434823142e-006, 1.87111788819e-006, 7.54219115606e-007, 3.18341989214e-007, 1.2594530574e-007, 5.07951085638e-008, 2.71705058452e-008, 1.36382691807e-008, 6.62150201336e-009, 3.50892137568e-009, 1.66418290259e-009, 9.48762401976e-010],
        "var": [8.58310755802e-008, 3.78084223485e-007, 4.6037886392e-008, 6.45124274001e-008, 6.22012578333e-007, 1.36413007112e-007, 8.44201721861e-008, 1.03480344293e-008, 4.66244198805e-009, 1.38529374638e-008, 6.50775007216e-008, 6.28253573609e-008, 3.49441142689e-009, 5.37469091455e-009, 3.97604749125e-009, 7.4165068531e-010, 1.46195833217e-009, 1.47803658201e-009, 2.74990563653e-009, 3.83298698337e-010, 3.75970921063e-010, 3.7214584192e-010, 6.98462565563e-010, 1.82218240496e-009, 1.91692595131e-009, 1.16038090248e-009, 5.89755977387e-009, 1.97549376857e-009, 3.68147561047e-011, 3.21327578261e-012, 3.90354063092e-013, 7.12721643314e-014, 6.71833203016e-015, 1.10394005186e-015, 3.71964089694e-016, 1.01629812191e-016, 3.53940724119e-017, 1.32621338215e-017, 7.98465037588e-018, 3.89260194765e-018]
    },
    "mfcc": {
        "mean": [-642.472229004, 183.18347168, -78.5824584961, 63.4483032227, -24.8278980255, -8.66513538361, 11.2591266632, 3.01933026314, -11.7694511414, -0.0208228658885, -5.09337663651, -4.92180252075, -1.84494507313],
        "cov": [[666.531433105, 136.865493774, -82.9323348999, 83.4325408936, -17.4478702545, 8.36057949066, 14.5379991531, -3.61780548096, -12.3082084656, 21.2042713165, -17.5424995422, 1.79385077953, 2.96093726158], [136.865493774, 181.431625366, -32.4389877319, 27.0022697449, -0.450916141272, -0.324262052774, 9.94927597046, 0.0921420827508, 6.0403008461, -16.8950195313, 7.56620454788, -12.6137542725, 2.85640692711], [-82.9323348999, -32.4389877319, 107.699501038, -9.57731151581, 2.99737262726, -6.62672615051, -3.56697368622, 19.7398338318, -9.80023956299, -3.98533415794, 0.480730742216, 8.57430458069, -8.15854167938], [83.4325408936, 27.0022697449, -9.57731151581, 77.3551025391, 7.54852151871, 3.87551832199, 13.5162439346, -8.41135978699, 4.48726034164, 9.56508922577, -7.46773290634, -1.5759922266, 11.8453226089], [-17.4478702545, -0.450916141272, 2.99737262726, 7.54852151871, 54.4441223145, 15.9790534973, 2.83763790131, 0.239970177412, 3.35354423523, 2.41119003296, 1.1212464571, -1.32252120972, 2.15532970428], [8.36057949066, -0.324262052774, -6.62672615051, 3.87551832199, 15.9790534973, 55.4959373474, 8.84163379669, -7.24253082275, 5.65516614914, 7.46940565109, 2.74885392189, -0.445913910866, 2.45994734764], [14.5379991531, 9.94927597046, -3.56697368622, 13.5162439346, 2.83763790131, 8.84163379669, 55.4467849731, 12.1326961517, -0.975030004978, 7.02552461624, -3.18101787567, 2.25219917297, 8.75059604645], [-3.61780548096, 0.0921420827508, 19.7398338318, -8.41135978699, 0.239970177412, -7.24253082275, 12.1326961517, 57.0532531738, 9.4136762619, -3.40489792824, 6.12935304642, 4.76569080353, -7.86063146591], [-12.3082084656, 6.0403008461, -9.80023956299, 4.48726034164, 3.35354423523, 5.65516614914, -0.975030004978, 9.4136762619, 51.5127906799, 9.20821475983, 7.09710216522, -4.15353918076, -0.726989924908], [21.2042713165, -16.8950195313, -3.98533415794, 9.56508922577, 2.41119003296, 7.46940565109, 7.02552461624, -3.40489792824, 9.20821475983, 51.8828430176, 5.2410197258, 2.56533885002, 10.0811786652], [-17.5424995422, 7.56620454788, 0.480730742216, -7.46773290634, 1.1212464571, 2.74885392189, -3.18101787567, 6.12935304642, 7.09710216522, 5.2410197258, 45.2570343018, 12.0446643829, -4.45747613907], [1.79385077953, -12.6137542725, 8.57430458069, -1.5759922266, -1.32252120972, -0.445913910866, 2.25219917297, 4.76569080353, -4.15353918076, 2.56533885002, 12.0446643829, 41.1190834045, 11.5035619736], [2.96093726158, 2.85640692711, -8.15854167938, 11.8453226089, 2.15532970428, 2.45994734764, 8.75059604645, -7.86063146591, -0.726989924908, 10.0811786652, -4.45747613907, 11.5035619736, 46.6551437378]],
        "icov": [[0.00245911651291, -0.0016932048602, 0.0016615827335, -0.00214197323658, 0.00100223068148, -0.000673326605465, 0.000803302682471, -0.0012111698743, 0.00153010745998, -0.00179404683877, 0.00160692760255, -0.00151742890012, 0.0013556292979], [-0.0016932048602, 0.00805691629648, 0.000610804767348, -0.00110799714457, -0.000343321880791, 0.000643144012429, -0.00147783209104, 0.000211825230508, -0.00125632691197, 0.00451928982511, -0.00386332394555, 0.00370509317145, -0.00198162905872], [0.0016615827335, 0.000610804767348, 0.012259716168, -0.00167238793802, -0.000360720470781, 6.97358118487e-005, 0.00175049854442, -0.004992807284, 0.00354079832323, -0.000877434620634, 0.00142894929741, -0.00268693035468, 0.00231285765767], [-0.00214197323658, -0.00110799714457, -0.00167238793802, 0.0176859404892, -0.00294076930732, 0.00138503371272, -0.0039432561025, 0.00387401459739, -0.00298286112957, -0.00125525949989, 0.00165705406107, 0.000564918795135, -0.00288006477058], [0.00100223068148, -0.000343321880791, -0.000360720470781, -0.00294076930732, 0.0209694821388, -0.0063024549745, 0.000826342497021, -0.00147914374247, 0.000202554074349, -0.00023086060537, -0.000184507167432, 0.000791117316112, -0.000559303851333], [-0.000673326605465, 0.000643144012429, 6.97358118487e-005, 0.00138503371272, -0.0063024549745, 0.0216402262449, -0.00444817030802, 0.00446080742404, -0.00275734975003, -0.00112092867494, -0.00166646542493, 0.000193636093172, 0.000392203510273], [0.000803302682471, -0.00147783209104, 0.00175049854442, -0.0039432561025, 0.000826342497021, -0.00444817030802, 0.0226522404701, -0.00788790732622, 0.00346940010786, -0.00321143306792, 0.00254449830391, -0.000747372629121, -0.00285913096741], [-0.0012111698743, 0.000211825230508, -0.004992807284, 0.00387401459739, -0.00147914374247, 0.00446080742404, -0.00788790732622, 0.0241386257112, -0.0068215620704, 0.00244635390118, -0.00218137702905, -0.00217785965651, 0.00328045175411], [0.00153010745998, -0.00125632691197, 0.00354079832323, -0.00298286112957, 0.000202554074349, -0.00275734975003, 0.00346940010786, -0.0068215620704, 0.0238593127578, -0.00493521196768, -0.00221960712224, 0.00256021507084, 0.000287144939648], [-0.00179404683877, 0.00451928982511, -0.000877434620634, -0.00125525949989, -0.00023086060537, -0.00112092867494, -0.00321143306792, 0.00244635390118, -0.00493521196768, 0.0247785225511, -0.00545091275126, 0.00256235944107, -0.00549688143656], [0.00160692760255, -0.00386332394555, 0.00142894929741, 0.00165705406107, -0.000184507167432, -0.00166646542493, 0.00254449830391, -0.00218137702905, -0.00221960712224, -0.00545091275126, 0.028791455552, -0.0113723445684, 0.0059133656323], [-0.00151742890012, 0.00370509317145, -0.00268693035468, 0.000564918795135, 0.000791117316112, 0.000193636093172, -0.000747372629121, -0.00217785965651, 0.00256021507084, 0.00256235944107, -0.0113723445684, 0.0328537411988, -0.0107182506472], [0.0013556292979, -0.00198162905872, 0.00231285765767, -0.00288006477058, -0.000559303851333, 0.000392203510273, -0.00285913096741, 0.00328045175411, 0.000287144939648, -0.00549688143656, 0.0059133656323, -0.0107182506472, 0.0280988942832]]
    },
    "spectral_contrast_coeffs": {
        "mean": [-0.631702780724, -0.738887429237, -0.778868556023, -0.79914355278, -0.746507227421, -0.637424468994],
        "var": [0.00373129057698, 0.00289862393402, 0.00191097601783, 0.00084519101074, 0.000843893736601, 0.00102507451084]
    },
    "spectral_contrast_valleys": {
        "mean": [-7.34591341019, -6.18520641327, -6.33987855911, -7.01324224472, -6.6344203949, -12.4819612503],
        "var": [0.789172768593, 0.747538685799, 0.701193749905, 0.660349905491, 0.656659066677, 0.45249119401]
    }
},
"metadata": {
    "audio_properties": {
        "analysis_sample_rate": 44100,
        "bit_rate": 120476,
        "equal_loudness": 0,
        "length": 45.0612258911,
        "lossless": 0,
        "replay_gain": -12.2203006744,
        "sample_rate": 44100,
        "codec": "mp3",
        "downmix": "mix",
        "md5_encoded": "d0dfae6e1c86544d0f6464f6bf8ba188"
    },
    "tags": {
        "file_name": "330.mp3"
    },
    "version": {
        "essentia": "2.1-beta2",
        "essentia_git_sha": "v2.1_beta2",
        "extractor": "music 1.0"
    }
},
"rhythm": {
    "beats_count": 82,
    "beats_loudness": {
        "mean": 0.0234388317913,
        "var": 2.64069367404e-005
    },
    "bpm": 117.264427185,
    "bpm_histogram_first_peak_bpm": {
        "mean": 117,
        "var": 0
    },
    "bpm_histogram_first_peak_spread": {
        "mean": 0.40000000596,
        "var": 0
    },
    "bpm_histogram_first_peak_weight": {
        "mean": 0.185185179114,
        "var": 0
    },
    "bpm_histogram_second_peak_bpm": {
        "mean": 101,
        "var": 0
    },
    "bpm_histogram_second_peak_spread": {
        "mean": 0.565217375755,
        "var": 0
    },
    "bpm_histogram_second_peak_weight": {
        "mean": 0.123456791043,
        "var": 0
    },
    "danceability": 1.30902373791,
    "onset_rate": 0.443640559912,
    "beats_loudness_band_ratio": {
        "mean": [0.12702049315, 0.25603222847, 0.183024272323, 0.208022534847, 0.150057077408, 0.116686634719],
        "var": [0.00526557443663, 0.010253845714, 0.0046589015983, 0.00646030670032, 0.00205969950184, 0.00602268101647]
    },
    "beats_position": [0.394739210606, 0.812698423862, 1.27709746361, 1.74149656296, 2.20589566231, 2.67029476166, 3.19274377823, 3.7151927948, 4.22603178024, 4.74848079681, 5.27092981339, 5.78176879883, 6.29260778427, 6.82666635513, 7.36072540283, 7.89478445053, 8.40562343597, 8.92807197571, 9.43891143799, 9.93814086914, 10.4489793777, 10.95981884, 11.4706573486, 11.9698867798, 12.4575052261, 12.9567346573, 13.4675731659, 13.9784126282, 14.5008611679, 15.0117006302, 15.5109291077, 16.0217685699, 16.5326080322, 17.0434455872, 17.5542850494, 18.0070743561, 18.4598636627, 18.877822876, 19.3073921204, 19.7717914581, 20.247800827, 20.7238082886, 21.1998176575, 21.6874370575, 22.1634464264, 22.6394557953, 23.1154651642, 23.6030826569, 24.1487522125, 24.7060317993, 25.3097496033, 25.9134693146, 26.5055770874, 27.1092967987, 27.7014045715, 28.2935142517, 28.8856239319, 29.4777317047, 30.0698413849, 30.6619491577, 31.2540588379, 31.8577766418, 32.449886322, 33.0303840637, 33.6224937439, 34.2029914856, 34.783493042, 35.3639907837, 35.9677085876, 36.5830383301, 37.1983680725, 37.8253059387, 38.4522438049, 39.0675735474, 39.6829032898, 40.3911094666, 41.1109275818, 41.8191375732, 42.5389556885, 43.2471656799, 43.9553718567, 44.6519737244]
},
"tonal": {
    "chords_changes_rate": 0.0658436194062,
    "chords_number_rate": 0.0102880662307,
    "chords_strength": {
        "mean": 0.484710484743,
        "var": 0.0112581485882
    },
    "hpcp_entropy": {
        "mean": 3.0581111908,
        "var": 0.364358633757
    },
    "key_strength": 0.505781888962,
    "tuning_diatonic_strength": 0.534787893295,
    "tuning_equal_tempered_deviation": 0.173873350024,
    "tuning_frequency": 450.284484863,
    "tuning_nontempered_energy_ratio": 0.86787045002,
    "hpcp": {
        "mean": [0.298920959234, 0.252932488918, 0.28236669302, 0.312357544899, 0.278025954962, 0.20053088665, 0.154897287488, 0.215756833553, 0.351356953382, 0.435816079378, 0.373797267675, 0.280469834805, 0.259552180767, 0.232035934925, 0.202411770821, 0.215957865119, 0.256669402122, 0.296449273825, 0.284332871437, 0.206518769264, 0.157167553902, 0.189311355352, 0.24906077981, 0.289384871721, 0.310473501682, 0.312762528658, 0.312750816345, 0.321617394686, 0.335448145866, 0.351375967264, 0.362458080053, 0.346603512764, 0.355516552925, 0.420313775539, 0.420502454042, 0.365514427423],
        "var": [0.0432550311089, 0.0353025458753, 0.0438228659332, 0.0645175352693, 0.0564251728356, 0.0374365858734, 0.0231234263629, 0.0524324066937, 0.0849991738796, 0.1035310179, 0.0835220292211, 0.067126840353, 0.0573886744678, 0.0452555045485, 0.0361436232924, 0.0430560484529, 0.0472122952342, 0.0628810077906, 0.0653286352754, 0.0452547557652, 0.0281008575112, 0.0336182154715, 0.042559042573, 0.0451485589147, 0.0505059435964, 0.044321231544, 0.0442236959934, 0.0530333817005, 0.0546574369073, 0.0555408261716, 0.0533629842103, 0.0529042780399, 0.0517569258809, 0.0746465027332, 0.0815743431449, 0.0705483332276]
    },
    "chords_histogram": [2.77777767181, 57.7160491943, 6.89300394058, 1.54320991039, 6.89300394058, 4.01234579086, 0, 0, 4.32098770142, 0, 2.77777767181, 0.308641970158, 0, 0.205761313438, 0, 0, 0, 0, 0, 0, 0, 1.85185182095, 9.97942352295, 0.720164597034],
    "thpcp": [1, 0.857694983482, 0.643550932407, 0.595554411411, 0.532417118549, 0.464443087578, 0.495525240898, 0.588939726353, 0.680216491222, 0.652414798737, 0.473866790533, 0.360628157854, 0.43438360095, 0.571481406689, 0.664006888866, 0.712395727634, 0.717647969723, 0.717621088028, 0.737965881824, 0.769701182842, 0.806248307228, 0.831676721573, 0.795297682285, 0.815749049187, 0.9644292593, 0.964862167835, 0.838689625263, 0.685887873173, 0.580365180969, 0.647903323174, 0.716718733311, 0.637943327427, 0.460127323866, 0.355418950319, 0.495063960552, 0.806204676628],
    "chords_key": "F",
    "chords_scale": "minor",
    "key_key": "C#",
    "key_scale": "major"
}
}