{
"lowlevel": {
    "average_loudness": 0.978492975235,
    "barkbands_crest": {
        "mean": 14.071969986,
        "var": 21.5968914032
    },
    "barkbands_flatness_db": {
        "mean": 0.192199543118,
        "var": 0.0065676253289
    },
    "barkbands_kurtosis": {
        "mean": 28.3900222778,
        "var": 1133.78039551
    },
    "barkbands_skewness": {
        "mean": 4.18878746033,
        "var": 4.0658621788
    },
    "barkbands_spread": {
        "mean": 15.3316040039,
        "var": 262.517150879
    },
    "dissonance": {
        "mean": 0.467607051134,
        "var": 0.000712156237569
    },
    "dynamic_complexity": 1.30552268028,
    "erbbands_crest": {
        "mean": 6.3509054184,
        "var": 6.05389356613
    },
    "erbbands_flatness_db": {
        "mean": 0.106810793281,
        "var": 0.00196654628962
    },
    "erbbands_kurtosis": {
        "mean": -0.064931422472,
        "var": 3.93983650208
    },
    "erbbands_skewness": {
        "mean": 0.514077782631,
        "var": 0.522135734558
    },
    "erbbands_spread": {
        "mean": 69.4465255737,
        "var": 686.49017334
    },
    "hfc": {
        "mean": 28.9441375732,
        "var": 1116.90161133
    },
    "melbands_crest": {
        "mean": 17.8558502197,
        "var": 13.8883399963
    },
    "melbands_flatness_db": {
        "mean": 0.292881518602,
        "var": 0.00910962000489
    },
    "melbands_kurtosis": {
        "mean": 76.580291748,
        "var": 3012.03149414
    },
    "melbands_skewness": {
        "mean": 6.53679943085,
        "var": 5.16928243637
    },
    "melbands_spread": {
        "mean": 8.08368873596,
        "var": 110.009529114
    },
    "pitch_salience": {
        "mean": 0.486827611923,
        "var": 0.0168677363545
    },
    "silence_rate_20dB": {
        "mean": 1,
        "var": 0
    },
    "silence_rate_30dB": {
        "mean": 0.832732915878,
        "var": 0.139291554689
    },
    "silence_rate_60dB": {
        "mean": 0.00257334019989,
        "var": 0.0025667718146
    },
    "spectral_centroid": {
        "mean": 824.649291992,
        "var": 471929.875
    },
    "spectral_complexity": {
        "mean": 16.619146347,
        "var": 89.9256515503
    },
    "spectral_decrease": {
        "mean": -1.91834761409e-008,
        "var": 1.00255918133e-016
    },
    "spectral_energy": {
        "mean": 0.075028181076,
        "var": 0.00148366426583
    },
    "spectral_energyband_high": {
        "mean": 0.00197401805781,
        "var": 1.20407703434e-005
    },
    "spectral_energyband_low": {
        "mean": 0.0585222654045,
        "var": 0.00132619566284
    },
    "spectral_energyband_middle_high": {
        "mean": 0.00267680338584,
        "var": 1.38462828545e-005
    },
    "spectral_energyband_middle_low": {
        "mean": 0.0166389849037,
        "var": 0.000174765969859
    },
    "spectral_entropy": {
        "mean": 7.46046972275,
        "var": 0.404520899057
    },
    "spectral_flux": {
        "mean": 0.117578834295,
        "var": 0.00555666722357
    },
    "spectral_kurtosis": {
        "mean": 5.20156574249,
        "var": 117.722923279
    },
    "spectral_rms": {
        "mean": 0.00825896114111,
        "var": 4.98790086567e-006
    },
    "spectral_rolloff": {
        "mean": 597.41027832,
        "var": 2077609.25
    },
    "spectral_skewness": {
        "mean": 1.69797539711,
        "var": 0.783034026623
    },
    "spectral_spread": {
        "mean": 6227984.5,
        "var": 6.09413391974e+012
    },
    "spectral_strongpeak": {
        "mean": 0.569833099842,
        "var": 0.110376387835
    },
    "zerocrossingrate": {
        "mean": 0.0455785281956,
        "var": 0.00142239837442
    },
    "barkbands": {
        "mean": [0.000914508535061, 0.0383188724518, 0.0145718017593, 0.00825802143663, 0.00521081173792, 0.0014064211864, 0.00067974551348, 0.000601703941356, 0.000347543216776, 0.000481375696836, 0.000367359403754, 0.000403846614063, 0.000192045336007, 0.000174820204847, 0.000388435000787, 0.000137381881359, 0.000133543813718, 0.000183187061339, 0.000180027229362, 0.000197878413019, 0.00028686245787, 0.000287576782284, 0.000341196311638, 0.000397538125981, 0.000300579849863, 0.000234718158026, 3.05293979181e-005],
        "var": [1.02340504782e-006, 0.000925341271795, 0.000165603429195, 7.69399048295e-005, 3.30471521011e-005, 2.61374384536e-006, 7.42218844607e-007, 1.29381248826e-006, 6.17266152858e-007, 1.05687593077e-006, 8.72463431278e-007, 8.04317267011e-007, 1.7842444322e-007, 6.34238190855e-008, 1.98502576154e-007, 2.86803096827e-008, 2.17394227064e-008, 5.66260034418e-008, 7.89481333641e-008, 1.50240353491e-007, 3.98220663556e-007, 3.57044086741e-007, 5.01817510212e-007, 4.93549237035e-007, 2.87515831587e-007, 2.88355778366e-007, 8.39166069966e-009]
    },
    "erbbands": {
        "mean": [0.905728459358, 9.19902801514, 17.9507980347, 24.2729701996, 22.0806617737, 16.225528717, 14.9013128281, 9.20485210419, 7.8429889679, 12.8861083984, 12.292137146, 8.60482406616, 11.6416530609, 16.1198863983, 15.4430503845, 15.7108430862, 9.11151695251, 10.8804168701, 18.0529689789, 11.4813604355, 8.41798210144, 8.11503601074, 8.87921905518, 11.5889167786, 8.42200279236, 8.73328971863, 13.603222847, 8.9571428299, 10.5919303894, 9.36299037933, 10.1520395279, 8.97658920288, 5.75379037857, 3.17030906677, 2.35256195068, 1.18857455254, 0.393275171518, 0.084135890007, 0.00360181927681, 0.000158244351042],
        "var": [0.56189095974, 56.7905502319, 190.507598877, 491.626098633, 500.733337402, 551.988525391, 256.913360596, 135.057556152, 93.9944992065, 331.078643799, 663.052856445, 350.418426514, 507.071075439, 1497.85290527, 1435.63427734, 1150.26538086, 409.190826416, 234.438156128, 383.078491211, 166.284759521, 101.771713257, 80.1159057617, 133.331924438, 227.74647522, 202.789840698, 273.731719971, 1148.17834473, 305.75692749, 447.718048096, 452.577301025, 437.45916748, 324.438354492, 102.30506134, 32.7371482849, 19.390581131, 6.424949646, 0.870397865772, 0.0523268356919, 0.000113319634693, 4.20828669689e-008]
    },
    "gfcc": {
        "mean": [24.4707126617, 90.4097671509, -66.7285232544, 50.3571243286, -40.3638496399, 30.1596927643, -35.9356994629, 11.3036441803, -23.053150177, 1.98339641094, -17.704454422, -1.12070906162, -11.8304347992],
        "cov": [[7097.83349609, -2211.87255859, -220.090133667, 256.269927979, -750.284606934, 382.421264648, -358.217987061, 258.926513672, -488.401062012, 276.660644531, -368.8671875, 252.400741577, -281.934448242], [-2211.87255859, 1954.66467285, -191.201248169, -125.875526428, 371.957733154, -218.425354004, 206.711135864, -191.471633911, 326.478973389, -208.285903931, 312.103210449, -185.501693726, 215.392196655], [-220.090133667, -191.201248169, 499.197387695, -46.588104248, 135.848876953, 26.1088104248, 27.6522674561, 57.6509590149, -23.5454807281, 58.4781494141, -49.2806816101, 55.5272293091, -17.3629074097], [256.269927979, -125.875526428, -46.588104248, 363.595581055, -23.2177276611, 47.4630622864, -36.8541946411, -0.705892801285, 17.7234096527, -14.5507268906, -20.6456947327, -14.6223039627, 13.4812259674], [-750.284606934, 371.957733154, 135.848876953, -23.2177276611, 296.762451172, -32.4145965576, 93.188835144, -14.8605470657, 77.8891525269, -26.8104190826, 60.6612205505, -20.0097045898, 60.9983062744], [382.421264648, -218.425354004, 26.1088104248, 47.4630622864, -32.4145965576, 157.284713745, -30.6165866852, 45.7006340027, -26.6581077576, 18.309431076, -28.9490642548, 20.5141429901, -16.4386062622], [-358.217987061, 206.711135864, 27.6522674561, -36.8541946411, 93.188835144, -30.6165866852, 115.126998901, -3.78557658195, 36.9242362976, -10.2364969254, 34.4421463013, -12.9559354782, 29.794921875], [258.926513672, -191.471633911, 57.6509590149, -0.705892801285, -14.8605470657, 45.7006340027, -3.78557658195, 73.4186248779, -16.5209102631, 32.6196937561, -37.654750824, 22.8646526337, -25.1433601379], [-488.401062012, 326.478973389, -23.5454807281, 17.7234096527, 77.8891525269, -26.6581077576, 36.9242362976, -16.5209102631, 121.992286682, -27.7180480957, 62.2307891846, -39.4080123901, 43.9054374695], [276.660644531, -208.285903931, 58.4781494141, -14.5507268906, -26.8104190826, 18.309431076, -10.2364969254, 32.6196937561, -27.7180480957, 74.4726715088, -23.0717983246, 32.8325157166, -31.5342445374], [-368.8671875, 312.103210449, -49.2806816101, -20.6456947327, 60.6612205505, -28.9490642548, 34.4421463013, -37.654750824, 62.2307891846, -23.0717983246, 120.282814026, -15.2361726761, 48.7985458374], [252.400741577, -185.501693726, 55.5272293091, -14.6223039627, -20.0097045898, 20.5141429901, -12.9559354782, 22.8646526337, -39.4080123901, 32.8325157166, -15.2361726761, 67.7408065796, -8.17841148376], [-281.934448242, 215.392196655, -17.3629074097, 13.4812259674, 60.9983062744, -16.4386062622, 29.794921875, -25.1433601379, 43.9054374695, -31.5342445374, 48.7985458374, -8.17841148376, 77.6312866211]],
        "icov": [[0.000313748372719, -3.80603014491e-005, 0.000256031111348, -0.000191919200006, 0.000278638559394, -0.000269034295343, 0.000231511250604, -0.000545650196727, 0.000706482212991, -0.000574682315346, 0.00015482926392, -0.000405405968195, 2.11145015783e-005], [-3.80603014491e-005, 0.00258463458158, 0.000156015259563, 0.000926454609726, -0.000979296048172, 0.00077159574721, -0.00105341535527, 0.00195687776431, -0.00291009549983, 0.00262547214516, -0.00226527592167, 0.00230072019622, -0.00108581909444], [0.000256031111348, 0.000156015259563, 0.00347797991708, 0.000148978055222, -0.00204697810113, -0.000236145468079, 0.000271475350019, -0.00113774312194, 0.000380593031878, -0.00176759972237, 0.00147658539936, -0.00200074468739, 0.000262469198788], [-0.000191919200006, 0.000926454609726, 0.000148978055222, 0.00363430078141, -0.00049701979151, -0.000632403185591, 0.00047701242147, 0.00146418670192, -0.00241165794432, 0.00122008402832, 0.000414667796576, 0.00146628683433, -0.00156416662503], [0.000278638559394, -0.000979296048172, -0.00204697810113, -0.00049701979151, 0.00730763701722, -0.000491575803608, -0.0026459034998, -0.000781316892244, -0.000126892758999, -0.00020716538711, -0.00015111907851, -0.000293722638162, -0.00167438422795], [-0.000269034295343, 0.00077159574721, -0.000236145468079, -0.000632403185591, -0.000491575803608, 0.00914484169334, 0.00127850205172, -0.00478960480541, 8.54928566696e-006, 0.00183778977953, -0.00162507465575, 0.000754565640818, -0.000937455042731], [0.000231511250604, -0.00105341535527, 0.000271475350019, 0.00047701242147, -0.0026459034998, 0.00127850205172, 0.0137108452618, -0.00411370303482, 0.00156565371435, -0.00213567516766, -0.000251802179264, 0.000619082304183, -0.00203293096274], [-0.000545650196727, 0.00195687776431, -0.00113774312194, 0.00146418670192, -0.000781316892244, -0.00478960480541, -0.00411370303482, 0.0272501260042, -0.00784901157022, -0.00242857635021, 0.00422078743577, -0.00224451371469, 0.00264752213843], [0.000706482212991, -0.00291009549983, 0.000380593031878, -0.00241165794432, -0.000126892758999, 8.54928566696e-006, 0.00156565371435, -0.00784901157022, 0.0211176555604, -0.00453844526783, -0.00330678932369, 0.00484205922112, -0.00309583870694], [-0.000574682315346, 0.00262547214516, -0.00176759972237, 0.00122008402832, -0.00020716538711, 0.00183778977953, -0.00213567516766, -0.00242857635021, -0.00453844526783, 0.0264990013093, -0.00438679615036, -0.00488767866045, 0.00617964146659], [0.00015482926392, -0.00226527592167, 0.00147658539936, 0.000414667796576, -0.00015111907851, -0.00162507465575, -0.000251802179264, 0.00422078743577, -0.00330678932369, -0.00438679615036, 0.0180447809398, -0.00508124986663, -0.00344591261819], [-0.000405405968195, 0.00230072019622, -0.00200074468739, 0.00146628683433, -0.000293722638162, 0.000754565640818, 0.000619082304183, -0.00224451371469, 0.00484205922112, -0.00488767866045, -0.00508124986663, 0.0282047055662, -0.00769039709121], [2.11145015783e-005, -0.00108581909444, 0.000262469198788, -0.00156416662503, -0.00167438422795, -0.000937455042731, -0.00203293096274, 0.00264752213843, -0.00309583870694, 0.00617964146659, -0.00344591261819, -0.00769039709121, 0.0246729329228]]
    },
    "melbands": {
        "mean": [0.00970101729035, 0.0108135109767, 0.00423445412889, 0.00136305391788, 0.000544315262232, 0.000214613624848, 0.000124812184367, 0.000142394579598, 9.19399244594e-005, 5.09858000441e-005, 5.86175701756e-005, 6.6129177867e-005, 5.31875266461e-005, 4.82888026454e-005, 2.58950258285e-005, 1.92816078197e-005, 1.97656099772e-005, 2.55999912042e-005, 2.5900437322e-005, 8.91423132998e-006, 9.46118780121e-006, 7.77067180024e-006, 8.34440015751e-006, 8.5954216047e-006, 9.59006956691e-006, 6.25949041932e-006, 6.49862749924e-006, 5.25062432644e-006, 8.76252852322e-006, 6.62274260321e-006, 4.81131883134e-006, 6.13713245912e-006, 5.37736468686e-006, 5.32944523002e-006, 6.6175266511e-006, 4.3918657866e-006, 6.20452829025e-006, 3.9074061533e-006, 3.34163019033e-006, 2.43268232225e-006],
        "var": [6.16071483819e-005, 5.29149510839e-005, 1.33840139824e-005, 2.11988435694e-006, 3.79717647547e-007, 7.03737228491e-008, 2.46496156819e-008, 4.49864678842e-008, 4.02136386413e-008, 1.18559260187e-008, 1.31666686443e-008, 2.53347653967e-008, 1.6581600093e-008, 1.26541435108e-008, 3.42851391721e-009, 1.64378732848e-009, 8.06686273336e-010, 7.66728625035e-010, 1.2028898988e-009, 1.07609719746e-010, 1.47741041623e-010, 8.08902250737e-011, 1.17106671582e-010, 1.41462258574e-010, 1.60574428754e-010, 1.20969026463e-010, 1.52145490651e-010, 1.01994919455e-010, 4.99848495927e-010, 2.0808028911e-010, 1.00435285089e-010, 1.47691359142e-010, 1.43050557511e-010, 1.56141002905e-010, 2.07887734804e-010, 7.63031027251e-011, 2.073742289e-010, 4.75188603744e-011, 4.63637288284e-011, 1.89916832261e-011]
    },
    "mfcc": {
        "mean": [-632.076293945, 120.465072632, 37.8132858276, 33.1980705261, 25.3630180359, 19.549369812, 8.97020053864, 10.2232809067, 3.34887385368, 6.67817258835, -0.331076860428, -2.00711560249, -3.39095473289],
        "cov": [[4920.68896484, -2039.97583008, 53.8682022095, -198.023178101, -365.452209473, -36.3979034424, -19.0608711243, -55.0144233704, -64.1043167114, -115.146018982, -42.2635498047, -0.93777769804, -77.7221069336], [-2039.97583008, 1616.04870605, -144.240371704, 13.8599462509, 151.637039185, -6.04801034927, 31.7594795227, 20.8060493469, 0.790948569775, 67.7942581177, 23.2507839203, 27.1380691528, 69.0702667236], [53.8682022095, -144.240371704, 265.757446289, 16.4017028809, 41.0836601257, 19.655122757, 6.97312259674, 12.2797746658, 25.372428894, -10.0512056351, 13.6791629791, 3.92953586578, 2.09538221359], [-198.023178101, 13.8599462509, 16.4017028809, 254.572006226, 64.4861221313, 41.0587425232, -7.03590154648, 12.4021596909, 21.0852375031, 18.7268791199, -2.14776778221, -9.77474975586, -5.85030078888], [-365.452209473, 151.637039185, 41.0836601257, 64.4861221313, 176.117630005, 44.5733032227, 19.9726028442, 28.2679100037, 25.806344986, 26.2792015076, 2.88158464432, 8.97479915619, -2.34829974174], [-36.3979034424, -6.04801034927, 19.655122757, 41.0587425232, 44.5733032227, 78.3548202515, 20.9384937286, 22.3748912811, 11.4792852402, 14.9294109344, -2.73604822159, -0.809163331985, -0.979814887047], [-19.0608711243, 31.7594795227, 6.97312259674, -7.03590154648, 19.9726028442, 20.9384937286, 90.3458557129, 13.0270824432, 10.5844936371, -0.138088747859, 0.0965414047241, 7.93328809738, 2.40686511993], [-55.0144233704, 20.8060493469, 12.2797746658, 12.4021596909, 28.2679100037, 22.3748912811, 13.0270824432, 60.0319595337, 22.3707294464, 13.2426261902, -1.30510532856, -0.143322110176, -3.08577179909], [-64.1043167114, 0.790948569775, 25.372428894, 21.0852375031, 25.806344986, 11.4792852402, 10.5844936371, 22.3707294464, 64.5962905884, 21.6895751953, 3.32816267014, -7.75629234314, -2.00906300545], [-115.146018982, 67.7942581177, -10.0512056351, 18.7268791199, 26.2792015076, 14.9294109344, -0.138088747859, 13.2426261902, 21.6895751953, 61.9374008179, 5.7849946022, -3.82876849174, -1.91164934635], [-42.2635498047, 23.2507839203, 13.6791629791, -2.14776778221, 2.88158464432, -2.73604822159, 0.0965414047241, -1.30510532856, 3.32816267014, 5.7849946022, 58.2605895996, 18.2132759094, 6.0498547554], [-0.93777769804, 27.1380691528, 3.92953586578, -9.77474975586, 8.97479915619, -0.809163331985, 7.93328809738, -0.143322110176, -7.75629234314, -3.82876849174, 18.2132759094, 51.8153648376, 14.9448947906], [-77.7221069336, 69.0702667236, 2.09538221359, -5.85030078888, -2.34829974174, -0.979814887047, 2.40686511993, -3.08577179909, -2.00906300545, -1.91164934635, 6.0498547554, 14.9448947906, 45.4799079895]],
        "icov": [[0.000493280240335, 0.000595619436353, 0.0001285495091, 0.000217957916902, 0.000442046817625, -8.95658740774e-005, -0.000164220429724, -1.95205211639e-005, 0.000197136410861, -4.86330100102e-005, 0.000176725763595, -0.000389567867387, 9.99614785542e-005], [0.000595619436353, 0.00157511583529, 0.000692464585882, 0.000319833721733, -0.000422411947511, 0.000523696420714, -0.000470998260425, -0.000233142680372, 0.000622170860879, -0.00076496147085, -6.21961371507e-005, -0.000223151859245, -0.00128950236831], [0.0001285495091, 0.000692464585882, 0.00462413066998, 0.000176899862709, -0.00133709411602, -0.000471415318316, 6.83271646267e-005, -0.000146688718814, -0.00156307616271, 0.00152922456618, -0.00122185831424, 0.000132907414809, -0.00100092717912], [0.000217957916902, 0.000319833721733, 0.000176899862709, 0.00480142561719, -0.00119339849334, -0.00200612400658, 0.00098928110674, 0.000497439177707, -0.000796862412244, -0.000163486824022, 6.11132327322e-006, 0.000580422580242, 0.000139166615554], [0.000442046817625, -0.000422411947511, -0.00133709411602, -0.00119339849334, 0.00928724743426, -0.00322752306238, -0.000578646082431, -0.00112214835826, -0.00117260601837, -0.00126924226061, 0.000930466689169, -0.00273955590092, 0.00234083132818], [-8.95658740774e-005, 0.000523696420714, -0.000471415318316, -0.00200612400658, -0.00322752306238, 0.0182666573673, -0.00348845310509, -0.00439639622346, 0.00193906680215, -0.00304345879704, 0.00072558777174, 0.00100201333407, -0.00153958145529], [-0.000164220429724, -0.000470998260425, 6.83271646267e-005, 0.00098928110674, -0.000578646082431, -0.00348845310509, 0.0127779413015, -0.000947705237195, -0.00230208248831, 0.00189546355978, 0.00042745177052, -0.00191934255417, 0.000265030568698], [-1.95205211639e-005, -0.000233142680372, -0.000146688718814, 0.000497439177707, -0.00112214835826, -0.00439639622346, -0.000947705237195, 0.0216131079942, -0.00602772086859, -0.00106816971675, 0.00115236535203, -0.00132709159516, 0.00172701478004], [0.000197136410861, 0.000622170860879, -0.00156307616271, -0.000796862412244, -0.00117260601837, 0.00193906680215, -0.00230208248831, -0.00602772086859, 0.0217458494008, -0.00629357621074, -0.00144738261588, 0.00389966205694, -0.00133723393083], [-4.86330100102e-005, -0.00076496147085, 0.00152922456618, -0.000163486824022, -0.00126924226061, -0.00304345879704, 0.00189546355978, -0.00106816971675, -0.00629357621074, 0.0212465580553, -0.00247892737389, 0.00128339021467, 0.00120632234029], [0.000176725763595, -6.21961371507e-005, -0.00122185831424, 6.11132327322e-006, 0.000930466689169, 0.00072558777174, 0.00042745177052, 0.00115236535203, -0.00144738261588, -0.00247892737389, 0.0203277785331, -0.0076935980469, 0.00022875306604], [-0.000389567867387, -0.000223151859245, 0.000132907414809, 0.000580422580242, -0.00273955590092, 0.00100201333407, -0.00191934255417, -0.00132709159516, 0.00389966205694, 0.00128339021467, -0.0076935980469, 0.0258689150214, -0.00761764403433], [9.99614785542e-005, -0.00128950236831, -0.00100092717912, 0.000139166615554, 0.00234083132818, -0.00153958145529, 0.000265030568698, 0.00172701478004, -0.00133723393083, 0.00120632234029, 0.00022875306604, -0.00761764403433, 0.0268361847848]]
    },
    "spectral_contrast_coeffs": {
        "mean": [-0.642449617386, -0.742395401001, -0.791938245296, -0.784503877163, -0.789778411388, -0.758906841278],
        "var": [0.0036818687804, 0.00368501152843, 0.00281707546674, 0.00176929007284, 0.00127401854843, 0.00161116186064]
    },
    "spectral_contrast_valleys": {
        "mean": [-6.10499620438, -6.85903978348, -7.46653795242, -7.90846538544, -7.84777832031, -10.0232381821],
        "var": [1.09963202477, 1.19582760334, 1.2786295414, 1.16708910465, 1.53005433083, 2.18576836586]
    }
},
"metadata": {
    "audio_properties": {
        "analysis_sample_rate": 44100,
        "bit_rate": 113913,
        "equal_loudness": 0,
        "length": 45.0873451233,
        "lossless": 0,
        "replay_gain": -10.5068893433,
        "sample_rate": 44100,
        "codec": "mp3",
        "downmix": "mix",
        "md5_encoded": "776b2a97b5054e6afe58bfddbcced77d"
    },
    "tags": {
        "file_name": "332.mp3"
    },
    "version": {
        "essentia": "2.1-beta2",
        "essentia_git_sha": "v2.1_beta2",
        "extractor": "music 1.0"
    }
},
"rhythm": {
    "beats_count": 90,
    "beats_loudness": {
        "mean": 0.0930484309793,
        "var": 0.00132405466866
    },
    "bpm": 120.002632141,
    "bpm_histogram_first_peak_bpm": {
        "mean": 120,
        "var": 0
    },
    "bpm_histogram_first_peak_spread": {
        "mean": 0.573033690453,
        "var": 0
    },
    "bpm_histogram_first_peak_weight": {
        "mean": 0.426966279745,
        "var": 0
    },
    "bpm_histogram_second_peak_bpm": {
        "mean": 0,
        "var": 0
    },
    "bpm_histogram_second_peak_spread": {
        "mean": 0,
        "var": 0
    },
    "bpm_histogram_second_peak_weight": {
        "mean": 0,
        "var": 0
    },
    "danceability": 1.38677227497,
    "onset_rate": 5.36528730392,
    "beats_loudness_band_ratio": {
        "mean": [0.791273891926, 0.0984957292676, 0.0275895670056, 0.0197815615684, 0.0202808585018, 0.067683249712],
        "var": [0.0277251154184, 0.00555899692699, 0.00066581153078, 0.000366812979337, 0.000308122311253, 0.00463243201375]
    },
    "beats_position": [0.487619042397, 0.99845802784, 1.50929701328, 2.02013611794, 2.51936507225, 3.00698399544, 3.50621318817, 4.01705217361, 4.51628112793, 5.01551008224, 5.52634906769, 6.01396799088, 6.5015873909, 7.01242637634, 7.51165533066, 8.01088428497, 8.498503685, 9.0093421936, 9.50857162476, 10.0078001022, 10.4954195023, 11.0062580109, 11.505487442, 12.0047159195, 12.4923353195, 13.0031747818, 13.5024032593, 14.0016326904, 14.4892511368, 15.0000905991, 15.5109291077, 16.0101585388, 16.4977779388, 16.99700737, 17.5078449249, 18.0186843872, 18.5063037872, 18.9939231873, 19.5047607422, 20.0156002045, 20.5032196045, 21.0024490356, 21.5016784668, 22.0125160217, 22.5001354218, 22.9993648529, 23.4985942841, 24.009431839, 24.497051239, 25.0078907013, 25.5071201324, 26.0063495636, 26.4939670563, 27.0048065186, 27.5040359497, 28.0032653809, 28.4908847809, 29.0017223358, 29.500951767, 30.0001811981, 30.4878005981, 30.9986381531, 31.5094776154, 32.0087051392, 32.4963264465, 32.9955558777, 33.5063934326, 34.0172348022, 34.5048522949, 35.0040817261, 35.5033111572, 36.0141487122, 36.5017662048, 37.000995636, 37.5002250671, 37.9994544983, 38.4986839294, 39.0095214844, 39.5087509155, 40.0079803467, 40.4956016541, 41.006439209, 41.5056686401, 42.0048980713, 42.492515564, 43.0033569336, 43.50258255, 44.0018119812, 44.4894332886, 45.0002708435]
},
"tonal": {
    "chords_changes_rate": 0.0493827164173,
    "chords_number_rate": 0.00823045242578,
    "chords_strength": {
        "mean": 0.503079414368,
        "var": 0.00701859220862
    },
    "hpcp_entropy": {
        "mean": 2.07512426376,
        "var": 0.723145484924
    },
    "key_strength": 0.733829319477,
    "tuning_diatonic_strength": 0.491564244032,
    "tuning_equal_tempered_deviation": 0.0399284847081,
    "tuning_frequency": 440,
    "tuning_nontempered_energy_ratio": 0.67994838953,
    "hpcp": {
        "mean": [0.128701046109, 0.0668400749564, 0.0357617400587, 0.0403979197145, 0.0520821213722, 0.0795469656587, 0.10568548739, 0.121577605605, 0.179623693228, 0.200565099716, 0.128907471895, 0.0767254307866, 0.0718532279134, 0.0667715668678, 0.128922760487, 0.22698456049, 0.168271407485, 0.0545802004635, 0.0266171004623, 0.0436045974493, 0.109101653099, 0.146842330694, 0.135727018118, 0.191100731492, 0.178992733359, 0.070258423686, 0.0309526659548, 0.0337014496326, 0.0554778426886, 0.121006630361, 0.149699836969, 0.0888205692172, 0.0389243066311, 0.0348143316805, 0.0534057691693, 0.114569485188],
        "var": [0.0632286667824, 0.0234779380262, 0.0137090627104, 0.0178537014872, 0.0242200791836, 0.0304281171411, 0.046543829143, 0.0571323223412, 0.089006729424, 0.106755949557, 0.0643487870693, 0.0388586893678, 0.038252748549, 0.0329501740634, 0.0435972735286, 0.129993155599, 0.0826940461993, 0.0248404964805, 0.00990449264646, 0.0169467926025, 0.0528375729918, 0.0780696645379, 0.0504334568977, 0.0928487181664, 0.101055465639, 0.0268671605736, 0.00965587422252, 0.0139671908692, 0.0229039341211, 0.0640422850847, 0.0896618291736, 0.0420523136854, 0.0119365518913, 0.0112592140213, 0.0188825447112, 0.0540060289204]
    },
    "chords_histogram": [9.36213970184, 8.53909492493, 20.0617275238, 0, 18.3127574921, 0, 4.21810722351, 0, 0, 0, 0, 0, 0, 0, 0, 0, 0, 0, 0, 0.823045253754, 0.925925910473, 7.51028823853, 21.5020580292, 8.74485588074],
    "thpcp": [1, 0.741334140301, 0.240457773209, 0.117263928056, 0.192103803158, 0.480656713247, 0.646926522255, 0.597957074642, 0.841910719872, 0.788567900658, 0.309529513121, 0.136364638805, 0.148474633694, 0.244412407279, 0.533105134964, 0.659515500069, 0.39130666852, 0.17148438096, 0.153377532959, 0.235283702612, 0.504745721817, 0.567003548145, 0.294469684362, 0.157551422715, 0.177976503968, 0.229452267289, 0.350450992584, 0.465606510639, 0.535620570183, 0.791347622871, 0.883606791496, 0.567912936211, 0.338020473719, 0.316555559635, 0.294167876244, 0.567980289459],
    "chords_key": "F",
    "chords_scale": "major",
    "key_key": "C",
    "key_scale": "major"
}
}