{
"lowlevel": {
    "average_loudness": 0.833573102951,
    "barkbands_crest": {
        "mean": 9.7014541626,
        "var": 14.7322530746
    },
    "barkbands_flatness_db": {
        "mean": 0.336144685745,
        "var": 0.00111541512888
    },
    "barkbands_kurtosis": {
        "mean": 0.972540318966,
        "var": 7.57944536209
    },
    "barkbands_skewness": {
        "mean": 0.249949425459,
        "var": 0.923602700233
    },
    "barkbands_spread": {
        "mean": 11.6196689606,
        "var": 32.4857940674
    },
    "dissonance": {
        "mean": 0.436685800552,
        "var": 0.0021783336997
    },
    "dynamic_complexity": 3.81587672234,
    "erbbands_crest": {
        "mean": 11.911690712,
        "var": 25.1060314178
    },
    "erbbands_flatness_db": {
        "mean": 0.397907614708,
        "var": 0.00156549131498
    },
    "erbbands_kurtosis": {
        "mean": 1.00529122353,
        "var": 5.76524209976
    },
    "erbbands_skewness": {
        "mean": -0.211451977491,
        "var": 0.587885916233
    },
    "erbbands_spread": {
        "mean": 14.8319969177,
        "var": 72.6320419312
    },
    "hfc": {
        "mean": 18.6475944519,
        "var": 319.368652344
    },
    "melbands_crest": {
        "mean": 12.4512434006,
        "var": 23.8927631378
    },
    "melbands_flatness_db": {
        "mean": 0.437772125006,
        "var": 0.00166548299603
    },
    "melbands_kurtosis": {
        "mean": 1.92063546181,
        "var": 19.1104202271
    },
    "melbands_skewness": {
        "mean": 0.701816558838,
        "var": 1.30379879475
    },
    "melbands_spread": {
        "mean": 20.0692272186,
        "var": 121.57069397
    },
    "pitch_salience": {
        "mean": 0.595724105835,
        "var": 0.0100821238011
    },
    "silence_rate_20dB": {
        "mean": 1,
        "var": 0
    },
    "silence_rate_30dB": {
        "mean": 1,
        "var": 0
    },
    "silence_rate_60dB": {
        "mean": 0.0993820801377,
        "var": 0.0895043238997
    },
    "spectral_centroid": {
        "mean": 1016.03295898,
        "var": 306051.25
    },
    "spectral_complexity": {
        "mean": 15.4207000732,
        "var": 32.9853401184
    },
    "spectral_decrease": {
        "mean": -5.14991072009e-009,
        "var": 1.9048581498e-017
    },
    "spectral_energy": {
        "mean": 0.0211283285171,
        "var": 0.000322239066008
    },
    "spectral_energyband_high": {
        "mean": 6.15260589143e-008,
        "var": 4.60730654407e-015
    },
    "spectral_energyband_low": {
        "mean": 0.00147638842463,
        "var": 6.53372171655e-006
    },
    "spectral_energyband_middle_high": {
        "mean": 0.0111432038248,
        "var": 0.000170062936377
    },
    "spectral_energyband_middle_low": {
        "mean": 0.00944763608277,
        "var": 0.000118780575576
    },
    "spectral_entropy": {
        "mean": 6.35802984238,
        "var": 0.0868470594287
    },
    "spectral_flux": {
        "mean": 0.0898727029562,
        "var": 0.0025960332714
    },
    "spectral_kurtosis": {
        "mean": 64.3390579224,
        "var": 1069.5949707
    },
    "spectral_rms": {
        "mean": 0.00408592820168,
        "var": 3.91819230572e-006
    },
    "spectral_rolloff": {
        "mean": 1358.65563965,
        "var": 817705.1875
    },
    "spectral_skewness": {
        "mean": 4.20780897141,
        "var": 3.62120962143
    },
    "spectral_spread": {
        "mean": 933837.5,
        "var": 3.46831637709e+012
    },
    "spectral_strongpeak": {
        "mean": 1.78834688663,
        "var": 3.34894156456
    },
    "zerocrossingrate": {
        "mean": 0.0449734181166,
        "var": 0.000559485168196
    },
    "barkbands": {
        "mean": [1.38065233841e-005, 0.000297448947094, 0.000511325662956, 0.00142164470162, 0.00136947503779, 0.000821489607915, 0.00073105469346, 0.00173090212047, 0.00280280248262, 0.002764652716, 0.00236447993666, 0.00159854767844, 0.00200964394026, 0.000951565220021, 0.000596383120865, 0.000406891544117, 0.000681150704622, 5.50121476408e-005, 2.08711323779e-008, 9.56059054147e-009, 2.33526034066e-008, 1.55602108975e-008, 8.99517083042e-009, 1.90615301321e-009, 3.71521813314e-009, 2.42230702163e-009, 7.07840341896e-010],
        "var": [2.87451118464e-010, 3.52843898099e-007, 8.14223653833e-007, 1.3045056221e-005, 4.93606194141e-006, 3.87238333133e-006, 3.24824873132e-006, 2.20610072574e-005, 4.22666780651e-005, 3.77035248675e-005, 2.78294701275e-005, 7.59726435717e-006, 1.45612948472e-005, 7.08011248207e-006, 2.62111984739e-006, 9.53088317601e-007, 1.78327388767e-006, 4.27203765696e-008, 2.13502298828e-015, 3.87150172828e-016, 1.00823994014e-015, 3.40374260624e-016, 1.21246175424e-016, 2.71302485792e-017, 3.88521505935e-017, 2.85142028077e-017, 5.59214501859e-018]
    },
    "erbbands": {
        "mean": [0.00519074127078, 0.0833182483912, 0.480970740318, 2.90986919403, 5.42990446091, 3.79605817795, 5.51582527161, 6.74004602432, 8.6038646698, 19.438041687, 48.4089813232, 69.4696121216, 61.1996536255, 102.308921814, 94.3721313477, 66.5805969238, 96.151473999, 56.5426559448, 40.6064071655, 24.3391113281, 22.9455986023, 37.4704780579, 7.96952342987, 0.252988904715, 0.0161508005112, 0.00258458196186, 0.00124646071345, 0.00122713227756, 0.000617864250671, 0.000421493779868, 0.000272519508144, 8.52449593367e-005, 5.15428037033e-005, 4.54331529909e-005, 5.4579872085e-005, 3.11110488838e-005, 1.08363601612e-005, 3.26625922753e-006, 1.13300102385e-005, 2.4981362003e-005],
        "var": [0.000108182830445, 0.0246480684727, 0.535504043102, 45.2687263489, 113.659500122, 29.3275108337, 122.793624878, 289.196563721, 514.865234375, 2729.48046875, 14846.6386719, 26009.4980469, 19368.5527344, 50100.2734375, 32935.21875, 10940.4042969, 32189.9785156, 16640.1054688, 13841.5507813, 4191.65039063, 1568.79260254, 6300.87207031, 289.194732666, 0.260144293308, 0.000903954962268, 1.82503754331e-005, 2.59167654804e-006, 2.24212135436e-006, 3.90422172813e-007, 1.90036516301e-007, 1.06569707725e-007, 1.67667693063e-008, 8.69115091007e-009, 5.5311097924e-009, 3.88008558616e-009, 1.18482790246e-009, 1.55779958377e-010, 1.52115247481e-011, 9.36216867919e-011, 4.53578868909e-010]
    },
    "gfcc": {
        "mean": [-176.738632202, 244.085784912, -167.168884277, -67.254524231, 13.7160959244, -9.32159137726, -39.4458427429, -8.22711181641, 1.49078166485, -31.9092311859, -17.771780014, 2.70395350456, -9.31642627716],
        "cov": [[5006.80664063, 56.0451774597, -748.682312012, -419.697784424, -46.8550949097, 32.332775116, 85.6273422241, 133.584136963, -172.157730103, -183.011001587, -62.5316162109, -78.6262130737, -92.1439666748], [56.0451774597, 555.223571777, 294.392700195, 145.309249878, 59.728553772, -9.53070735931, -79.2438201904, -127.129707336, 29.3775043488, -25.6622505188, -55.5501289368, 17.9192695618, -39.8238296509], [-748.682312012, 294.392700195, 595.356689453, 189.307006836, -24.8482151031, 66.4049530029, -17.3136615753, -132.864883423, 10.5754890442, -10.7970619202, -82.8700714111, 31.4535541534, -36.3989944458], [-419.697784424, 145.309249878, 189.307006836, 296.728057861, 170.722702026, -41.2353401184, -74.3453292847, -8.99164295197, 28.946641922, 2.11342382431, -4.61995697021, -20.0437049866, -13.0786523819], [-46.8550949097, 59.728553772, -24.8482151031, 170.722702026, 215.575149536, 46.7031402588, -10.4171295166, 11.04484272, 10.8191366196, 8.96845722198, 22.8681030273, -29.3631362915, 7.32160758972], [32.332775116, -9.53070735931, 66.4049530029, -41.2353401184, 46.7031402588, 216.257263184, 136.432220459, -11.5000228882, -41.4710884094, -12.1809244156, -9.06158638, 11.8041410446, 5.48958826065], [85.6273422241, -79.2438201904, -17.3136615753, -74.3453292847, -10.4171295166, 136.432220459, 190.867538452, 83.60572052, -36.7518157959, -41.8333511353, -4.69143390656, 14.5300607681, -8.89681339264], [133.584136963, -127.129707336, -132.864883423, -8.99164295197, 11.04484272, -11.5000228882, 83.60572052, 154.414794922, 35.718914032, -7.82141685486, 7.166203022, -19.7142086029, -2.93579339981], [-172.157730103, 29.3775043488, 10.5754890442, 28.946641922, 10.8191366196, -41.4710884094, -36.7518157959, 35.718914032, 106.043266296, 64.9875488281, -0.189641550183, -23.2024784088, 4.26504516602], [-183.011001587, -25.6622505188, -10.7970619202, 2.11342382431, 8.96845722198, -12.1809244156, -41.8333511353, -7.82141685486, 64.9875488281, 89.2333755493, 38.7485809326, -8.92982769012, 8.96888065338], [-62.5316162109, -55.5501289368, -82.8700714111, -4.61995697021, 22.8681030273, -9.06158638, -4.69143390656, 7.166203022, -0.189641550183, 38.7485809326, 78.8856658936, 27.9832439423, 8.63510990143], [-78.6262130737, 17.9192695618, 31.4535541534, -20.0437049866, -29.3631362915, 11.8041410446, 14.5300607681, -19.7142086029, -23.2024784088, -8.92982769012, 27.9832439423, 66.7838897705, 27.0347614288], [-92.1439666748, -39.8238296509, -36.3989944458, -13.0786523819, 7.32160758972, 5.48958826065, -8.89681339264, -2.93579339981, 4.26504516602, 8.96888065338, 8.63510990143, 27.0347614288, 61.4058876038]],
        "icov": [[0.000445653917268, -0.00062716496177, 0.000392522662878, 0.00113678979687, -0.00060787476832, -0.000597190577537, 0.00160062592477, -0.00197806372307, 0.00191465497483, -0.000832096673548, 0.00130900018848, -0.000687293650117, 0.001107058255], [-0.00062716496177, 0.00605911109596, -0.000889627321158, -0.000830212957226, -0.00329066510312, 0.00241096946411, -0.00341611052863, 0.00898838508874, -0.0106212357059, 0.00617834739387, 0.00158726947848, -0.00609975075349, 0.00469348253682], [0.000392522662878, -0.000889627321158, 0.0211476013064, -0.0287581905723, 0.0235666725785, -0.0109829315916, -0.00979351624846, 0.0179659780115, -0.0092049613595, -0.00540223531425, 0.0159382298589, -0.0122368475422, 0.00860887952149], [0.00113678979687, -0.000830212957226, -0.0287581905723, 0.0570856183767, -0.0495992526412, 0.0186101570725, 0.0216733198613, -0.0348494462669, 0.0227368250489, -0.00248222309165, -0.0049015278928, 0.00141480180901, 0.000853049394209], [-0.00060787476832, -0.00329066510312, 0.0235666725785, -0.0495992526412, 0.0563437566161, -0.0265056509525, -0.00884177256376, 0.0220482069999, -0.0199214126915, 0.0141448965296, -0.0149255888537, 0.0175586398691, -0.0105301169679], [-0.000597190577537, 0.00241096946411, -0.0109829315916, 0.0186101570725, -0.0265056509525, 0.0328410826623, -0.0212749689817, 0.0059687467292, 0.00975975580513, -0.0160877164453, 0.00987858511508, -0.0034944366198, -0.00263053365052], [0.00160062592477, -0.00341611052863, -0.00979351624846, 0.0216733198613, -0.00884177256376, -0.0212749689817, 0.0492319092155, -0.0424101538956, 0.0171271990985, 0.00751111330464, -0.00680258963257, -0.00237687979825, 0.00677525438368], [-0.00197806372307, 0.00898838508874, 0.0179659780115, -0.0348494462669, 0.0220482069999, 0.0059687467292, -0.0424101538956, 0.0628908798099, -0.0465089529753, 0.0209876261652, -0.00300513091497, 0.000638743920717, 9.41074467846e-005], [0.00191465497483, -0.0106212357059, -0.0092049613595, 0.0227368250489, -0.0199214126915, 0.00975975580513, 0.0171271990985, -0.0465089529753, 0.0735296979547, -0.0609055384994, 0.0304112024605, -0.00688503636047, -0.000324788212311], [-0.000832096673548, 0.00617834739387, -0.00540223531425, -0.00248222309165, 0.0141448965296, -0.0160877164453, 0.00751111330464, 0.0209876261652, -0.0609055384994, 0.0907134115696, -0.0658963322639, 0.0376183651388, -0.0154439536855], [0.00130900018848, 0.00158726947848, 0.0159382298589, -0.0049015278928, -0.0149255888537, 0.00987858511508, -0.00680258963257, -0.00300513091497, 0.0304112024605, -0.0658963322639, 0.0882730260491, -0.0649159401655, 0.0348438061774], [-0.000687293650117, -0.00609975075349, -0.0122368475422, 0.00141480180901, 0.0175586398691, -0.0034944366198, -0.00237687979825, 0.000638743920717, -0.00688503636047, 0.0376183651388, -0.0649159401655, 0.0789600014687, -0.0446852073073], [0.001107058255, 0.00469348253682, 0.00860887952149, 0.000853049394209, -0.0105301169679, -0.00263053365052, 0.00677525438368, 9.41074467846e-005, -0.000324788212311, -0.0154439536855, 0.0348438061774, -0.0446852073073, 0.0458034090698]]
    },
    "melbands": {
        "mean": [6.5932792495e-005, 0.000200577429496, 0.00059952045558, 0.000334447133355, 0.000184139891644, 0.000150156003656, 0.000136028960696, 0.000239149332629, 0.000439620751422, 0.000411776622059, 0.000303572800476, 0.000419695657911, 0.000313568889396, 0.000198974346858, 0.000214366184082, 0.000172458923771, 9.75073198788e-005, 6.69611908961e-005, 3.72144095309e-005, 3.07002483169e-005, 2.58546369878e-005, 4.19705866079e-005, 2.0508423404e-005, 6.09952678587e-007, 7.50424056228e-010, 9.78017444808e-010, 4.26719271029e-010, 2.73633976589e-010, 3.95950661147e-010, 5.73855685193e-010, 6.32881691498e-010, 3.12596448726e-010, 2.26684296334e-010, 2.0430387937e-010, 1.65058383628e-010, 6.04071515031e-011, 2.59683698156e-011, 2.00075216811e-011, 1.71692365186e-011, 2.12692589235e-011],
        "var": [1.75437655514e-008, 9.20765188539e-008, 1.65290634868e-006, 3.06697984342e-007, 1.06255576782e-007, 1.37213021389e-007, 1.17135691369e-007, 4.44259740107e-007, 1.22550102333e-006, 9.56697135734e-007, 5.37969981451e-007, 8.90099613571e-007, 3.87720376693e-007, 1.20041121932e-007, 1.43098219496e-007, 1.258194402e-007, 6.71930919793e-008, 4.94874541346e-008, 1.06240038988e-008, 8.2905611265e-009, 2.23492246931e-009, 8.34846947129e-009, 2.12851491987e-009, 3.76073477915e-012, 2.75850879011e-018, 5.52436170329e-018, 6.86105682865e-019, 4.06676756566e-019, 4.92020056441e-019, 6.80553749991e-019, 7.82574484431e-019, 1.59701331023e-019, 9.85714688334e-020, 6.46359770754e-020, 5.54103347684e-020, 9.24097261335e-021, 4.54963836799e-021, 3.53013018508e-021, 3.28536267584e-021, 3.16402036908e-021]
    },
    "mfcc": {
        "mean": [-796.339111328, 263.967224121, -47.6019248962, -59.8156661987, 40.3678092957, 9.89158916473, -30.8313674927, 11.8812179565, 18.2546234131, -23.5457191467, -11.7207889557, 15.0780210495, -8.09544944763],
        "cov": [[1376.65856934, 834.028015137, -541.921020508, -360.911529541, 104.07244873, -46.5553359985, -80.104598999, 164.225097656, 60.1151237488, -164.675689697, 14.4584083557, 108.012527466, -108.841331482], [834.028015137, 635.408935547, -113.944831848, -155.627319336, 40.5088272095, 4.69185400009, -14.6951932907, 80.9318084717, 14.9246177673, -107.68132782, -17.1377391815, 48.3539390564, -50.0055465698], [-541.921020508, -113.944831848, 606.980651855, 326.258911133, -33.4068450928, 61.3330993652, 69.2448806763, -98.6596984863, -59.7240638733, 55.8953437805, -43.8597259521, -79.9002609253, 58.1416511536], [-360.911529541, -155.627319336, 326.258911133, 335.714538574, 132.257263184, 22.6910800934, -29.2043972015, -76.4500808716, -22.8824672699, 64.8488540649, -2.01450109482, -60.9860343933, 11.8216781616], [104.07244873, 40.5088272095, -33.4068450928, 132.257263184, 222.29196167, 63.839641571, -56.7065849304, -29.6269035339, 14.8258619308, 29.8546676636, 12.8693466187, -13.2863922119, -19.0955810547], [-46.5553359985, 4.69185400009, 61.3330993652, 22.6910800934, 63.839641571, 157.044036865, 105.712211609, -5.98124551773, -7.42181396484, 12.4366006851, -16.5647258759, -9.16079711914, 21.6416606903], [-80.104598999, -14.6951932907, 69.2448806763, -29.2043972015, -56.7065849304, 105.712211609, 191.208282471, 98.7282028198, -0.0759203583002, -29.0672969818, -12.2866353989, 13.8839416504, 12.8519906998], [164.225097656, 80.9318084717, -98.6596984863, -76.4500808716, -29.6269035339, -5.98124551773, 98.7282028198, 170.023269653, 65.6608963013, -43.5391998291, 4.80633687973, 37.5879936218, -24.691701889], [60.1151237488, 14.9246177673, -59.7240638733, -22.8824672699, 14.8258619308, -7.42181396484, -0.0759203583002, 65.6608963013, 91.2920532227, 45.4609527588, 9.26608276367, 1.51065313816, -6.46295309067], [-164.675689697, -107.68132782, 55.8953437805, 64.8488540649, 29.8546676636, 12.4366006851, -29.0672969818, -43.5391998291, 45.4609527588, 117.571289063, 45.8693161011, -23.1802864075, 5.51308631897], [14.4584083557, -17.1377391815, -43.8597259521, -2.01450109482, 12.8693466187, -16.5647258759, -12.2866353989, 4.80633687973, 9.26608276367, 45.8693161011, 77.8789138794, 38.0448150635, -17.1654071808], [108.012527466, 48.3539390564, -79.9002609253, -60.9860343933, -13.2863922119, -9.16079711914, 13.8839416504, 37.5879936218, 1.51065313816, -23.1802864075, 38.0448150635, 75.7115020752, 20.1292457581], [-108.841331482, -50.0055465698, 58.1416511536, 11.8216781616, -19.0955810547, 21.6416606903, 12.8519906998, -24.691701889, -6.46295309067, 5.51308631897, -17.1654071808, 20.1292457581, 73.5507049561]],
        "icov": [[1.1724613905, -1.69395625591, 1.78279280663, -1.85053813457, 1.83833563328, -1.72495830059, 1.54070341587, -1.32622349262, 1.07617354393, -0.789006710052, 0.490490078926, -0.239855244756, 0.0756880789995], [-1.69395625591, 2.46448731422, -2.62890195847, 2.77239060402, -2.79169178009, 2.64972925186, -2.39253735542, 2.08359408379, -1.71054136753, 1.26885139942, -0.795757949352, 0.391959071159, -0.123955212533], [1.78279280663, -2.62890195847, 2.91003274918, -3.18941426277, 3.32856917381, -3.26716256142, 3.03246498108, -2.70166397095, 2.25580453873, -1.69562840462, 1.08256042004, -0.544119119644, 0.178658679128], [-1.85053813457, 2.77239060402, -3.18941426277, 3.64662790298, -3.94923329353, 4.00956201553, -3.82049417496, 3.4653968811, -2.92187476158, 2.21199893951, -1.42683196068, 0.731755256653, -0.24841734767], [1.83833563328, -2.79169178009, 3.32856917381, -3.94923329353, 4.45287895203, -4.68821239471, 4.59083843231, -4.23414230347, 3.59306073189, -2.72232580185, 1.75739693642, -0.905883491039, 0.31566926837], [-1.72495830059, 2.64972925186, -3.26716256142, 4.00956201553, -4.68821239471, 5.1190867424, -5.13288879395, 4.79994010925, -4.08608913422, 3.08535909653, -1.98854017258, 1.02741920948, -0.363607674837], [1.54070341587, -2.39253735542, 3.03246498108, -3.82049417496, 4.59083843231, -5.13288879395, 5.25382947922, -4.9828877449, 4.27793693542, -3.248721838, 2.1095085144, -1.09689331055, 0.393521904945], [-1.32622349262, 2.08359408379, -2.70166397095, 3.4653968811, -4.23414230347, 4.79994010925, -4.9828877449, 4.81254529953, -4.19384908676, 3.23067688942, -2.12583351135, 1.11222016811, -0.403816610575], [1.07617354393, -1.71054136753, 2.25580453873, -2.92187476158, 3.59306073189, -4.08608913422, 4.27793693542, -4.19384908676, 3.74119186401, -2.9468524456, 1.98852360249, -1.06475377083, 0.400823533535], [-0.789006710052, 1.26885139942, -1.69562840462, 2.21199893951, -2.72232580185, 3.08535909653, -3.248721838, 3.23067688942, -2.9468524456, 2.40989899635, -1.68723189831, 0.938547194004, -0.372650295496], [0.490490078926, -0.795757949352, 1.08256042004, -1.42683196068, 1.75739693642, -1.98854017258, 2.1095085144, -2.12583351135, 1.98852360249, -1.68723189831, 1.25253486633, -0.73034542799, 0.3108895123], [-0.239855244756, 0.391959071159, -0.544119119644, 0.731755256653, -0.905883491039, 1.02741920948, -1.09689331055, 1.11222016811, -1.06475377083, 0.938547194004, -0.73034542799, 0.466097354889, -0.210314720869], [0.0756880789995, -0.123955212533, 0.178658679128, -0.24841734767, 0.31566926837, -0.363607674837, 0.393521904945, -0.403816610575, 0.400823533535, -0.372650295496, 0.3108895123, -0.210314720869, 0.117908105254]]
    },
    "spectral_contrast_coeffs": {
        "mean": [-0.614330887794, -0.733264148235, -0.725441634655, -0.748425066471, -0.479488402605, -0.843961179256],
        "var": [0.00725807994604, 0.00706930924207, 0.00756169995293, 0.0038716213312, 0.0031110716518, 0.00204893760383]
    },
    "spectral_contrast_valleys": {
        "mean": [-8.23412322998, -6.95899009705, -7.11160135269, -7.54947376251, -12.4754638672, -14.5037708282],
        "var": [1.29437470436, 1.26043593884, 1.36325883865, 1.2242603302, 0.805754721165, 1.12831509113]
    }
},
"metadata": {
    "audio_properties": {
        "analysis_sample_rate": 44100,
        "bit_rate": 103814,
        "equal_loudness": 0,
        "length": 45.0612258911,
        "lossless": 0,
        "replay_gain": -11.2433795929,
        "sample_rate": 44100,
        "codec": "mp3",
        "downmix": "mix",
        "md5_encoded": "f5fc25d1875501bf4884c5eaecf0f3d4"
    },
    "tags": {
        "file_name": "334.mp3"
    },
    "version": {
        "essentia": "2.1-beta2",
        "essentia_git_sha": "v2.1_beta2",
        "extractor": "music 1.0"
    }
},
"rhythm": {
    "beats_count": 93,
    "beats_loudness": {
        "mean": 0.030870122835,
        "var": 0.000359119148925
    },
    "bpm": 125.319107056,
    "bpm_histogram_first_peak_bpm": {
        "mean": 126,
        "var": 0
    },
    "bpm_histogram_first_peak_spread": {
        "mean": 0.535714328289,
        "var": 0
    },
    "bpm_histogram_first_peak_weight": {
        "mean": 0.423913031816,
        "var": 0
    },
    "bpm_histogram_second_peak_bpm": {
        "mean": 120,
        "var": 0
    },
    "bpm_histogram_second_peak_spread": {
        "mean": 0.250000029802,
        "var": 0
    },
    "bpm_histogram_second_peak_weight": {
        "mean": 0.0326086953282,
        "var": 0
    },
    "danceability": 1.06531822681,
    "onset_rate": 4.68040800095,
    "beats_loudness_band_ratio": {
        "mean": [0.263609617949, 0.188732296228, 0.247763186693, 0.290793627501, 0.0707238540053, 5.84041026741e-006],
        "var": [0.0450352691114, 0.0328029058874, 0.0363234505057, 0.0498600825667, 0.0085239931941, 5.15256413924e-012]
    },
    "beats_position": [0.510838985443, 1.04489791393, 1.57895684242, 2.06657600403, 2.55419492722, 3.04181408882, 3.51782298088, 3.99383211136, 4.48145103455, 4.95746040344, 5.4334692955, 5.90947818756, 6.38548755646, 6.84988641739, 7.30267572403, 7.77868461609, 8.26630401611, 8.75392246246, 9.22993183136, 9.70594120026, 10.1935596466, 10.6695690155, 11.1455783844, 11.6099767685, 12.0975961685, 12.5852155685, 13.0728340149, 13.5488433838, 14.0248527527, 14.5008611679, 14.9768705368, 15.4528799057, 15.9288883209, 16.3932876587, 16.8576869965, 17.3336963654, 17.7980957031, 18.2508831024, 18.7268924713, 19.2029018402, 19.6789112091, 20.154920578, 20.642539978, 21.1301574707, 21.6177768707, 22.1053962708, 22.5697956085, 23.0574150085, 23.5334243774, 24.009431839, 24.4854412079, 24.9498405457, 25.4258499146, 25.9134693146, 26.3894786835, 26.865486145, 27.3298854828, 27.8175048828, 28.2935142517, 28.7695236206, 29.2571430206, 29.7447605133, 30.2091598511, 30.6967792511, 31.17278862, 31.6487979889, 32.1364173889, 32.6240348816, 33.111656189, 33.5992736816, 34.0868911743, 34.5745124817, 35.0505218506, 35.5265312195, 36.0141487122, 36.5017662048, 36.9777755737, 37.4537849426, 37.94140625, 38.4290237427, 38.8934249878, 39.3578224182, 39.8222198486, 40.2982292175, 40.7742385864, 41.2502479553, 41.7494773865, 42.2370948792, 42.7247161865, 43.2355537415, 43.7347831726, 44.2340126038, 44.7216300964]
},
"tonal": {
    "chords_changes_rate": 0.0689300447702,
    "chords_number_rate": 0.0113168722019,
    "chords_strength": {
        "mean": 0.57755368948,
        "var": 0.0055080470629
    },
    "hpcp_entropy": {
        "mean": 2.01775336266,
        "var": 0.565766453743
    },
    "key_strength": 0.703303992748,
    "tuning_diatonic_strength": 0.672220408916,
    "tuning_equal_tempered_deviation": 0.180638536811,
    "tuning_frequency": 435.952270508,
    "tuning_nontempered_energy_ratio": 0.86710703373,
    "hpcp": {
        "mean": [0.295162647963, 0.280961632729, 0.1509668082, 0.093263939023, 0.098341152072, 0.0976475924253, 0.104992486537, 0.117457665503, 0.133817359805, 0.171776175499, 0.177490726113, 0.150296002626, 0.138522550464, 0.155710563064, 0.177754998207, 0.182180076838, 0.167166382074, 0.147030770779, 0.150946587324, 0.174580678344, 0.247971877456, 0.342472970486, 0.312700271606, 0.19514298439, 0.132686629891, 0.113414816558, 0.104018673301, 0.117312662303, 0.133377328515, 0.14652787149, 0.149675920606, 0.123768150806, 0.101389653981, 0.106822133064, 0.127292022109, 0.187907993793],
        "var": [0.101899191737, 0.100676782429, 0.0435472428799, 0.0320990122855, 0.0360471121967, 0.0303218327463, 0.0218829624355, 0.0300616212189, 0.032628480345, 0.0546727217734, 0.0632930099964, 0.0535863041878, 0.0390267632902, 0.0441869795322, 0.0573508180678, 0.0667745992541, 0.0628983676434, 0.0453422777355, 0.0547710731626, 0.0562036372721, 0.0731693282723, 0.104344293475, 0.0877200141549, 0.0610619783401, 0.0497086644173, 0.0421125032008, 0.0301396548748, 0.039343893528, 0.0524262860417, 0.0584004372358, 0.0622170753777, 0.0463408567011, 0.0336806178093, 0.0378135666251, 0.0437213890254, 0.0594033934176]
    },
    "chords_histogram": [22.9423866272, 9.36213970184, 3.39506173134, 1.13168728352, 0, 4.32098770142, 0, 45.3703689575, 1.23456788063, 0, 0, 0, 2.26337456703, 0, 0, 0, 0.925925910473, 0, 1.33744859695, 0.102880656719, 0, 0, 3.08641982079, 4.52674913406],
    "thpcp": [1, 0.913065552711, 0.569805502892, 0.387436807156, 0.331164270639, 0.30372813344, 0.342545747757, 0.389453589916, 0.427852362394, 0.437044471502, 0.361395388842, 0.296051561832, 0.31191405654, 0.371684879065, 0.548679769039, 0.861856758595, 0.820390701294, 0.440813779831, 0.272324949503, 0.287150114775, 0.285124957561, 0.306571602821, 0.342969149351, 0.390738457441, 0.501575887203, 0.51826196909, 0.438855081797, 0.404477328062, 0.454665273428, 0.519033670425, 0.531954586506, 0.488115549088, 0.429320812225, 0.44075474143, 0.50976485014, 0.724062621593],
    "chords_key": "A",
    "chords_scale": "major",
    "key_key": "A",
    "key_scale": "minor"
}
}