{
"lowlevel": {
    "average_loudness": 0.960078179836,
    "barkbands_crest": {
        "mean": 7.65335607529,
        "var": 6.78071212769
    },
    "barkbands_flatness_db": {
        "mean": 0.116047807038,
        "var": 0.0010094337631
    },
    "barkbands_kurtosis": {
        "mean": 2.30581259727,
        "var": 12.7405843735
    },
    "barkbands_skewness": {
        "mean": 1.29708099365,
        "var": 0.651000678539
    },
    "barkbands_spread": {
        "mean": 22.070192337,
        "var": 76.8204956055
    },
    "dissonance": {
        "mean": 0.459388256073,
        "var": 0.000604768516496
    },
    "dynamic_complexity": 1.64351117611,
    "erbbands_crest": {
        "mean": 8.4789056778,
        "var": 11.2424583435
    },
    "erbbands_flatness_db": {
        "mean": 0.147011891007,
        "var": 0.000953833747189
    },
    "erbbands_kurtosis": {
        "mean": 0.0553957596421,
        "var": 1.6153293848
    },
    "erbbands_skewness": {
        "mean": 0.338825643063,
        "var": 0.287943184376
    },
    "erbbands_spread": {
        "mean": 37.1339149475,
        "var": 189.334579468
    },
    "hfc": {
        "mean": 24.8075466156,
        "var": 208.05670166
    },
    "melbands_crest": {
        "mean": 11.9851541519,
        "var": 16.6107521057
    },
    "melbands_flatness_db": {
        "mean": 0.18234115839,
        "var": 0.00184068316594
    },
    "melbands_kurtosis": {
        "mean": 8.49429607391,
        "var": 93.7861404419
    },
    "melbands_skewness": {
        "mean": 2.21200251579,
        "var": 1.37882494926
    },
    "melbands_spread": {
        "mean": 23.3552112579,
        "var": 129.051177979
    },
    "pitch_salience": {
        "mean": 0.563814401627,
        "var": 0.00667500356212
    },
    "silence_rate_20dB": {
        "mean": 1,
        "var": 0
    },
    "silence_rate_30dB": {
        "mean": 1,
        "var": 0
    },
    "silence_rate_60dB": {
        "mean": 0.00257466523908,
        "var": 0.00256808288395
    },
    "spectral_centroid": {
        "mean": 1370.71179199,
        "var": 343901.375
    },
    "spectral_complexity": {
        "mean": 21.9212150574,
        "var": 37.7245521545
    },
    "spectral_decrease": {
        "mean": -8.28659008079e-009,
        "var": 1.10942762429e-017
    },
    "spectral_energy": {
        "mean": 0.0335255600512,
        "var": 0.000180807546712
    },
    "spectral_energyband_high": {
        "mean": 0.000718119321391,
        "var": 4.9932816637e-007
    },
    "spectral_energyband_low": {
        "mean": 0.0106593733653,
        "var": 5.83819091844e-005
    },
    "spectral_energyband_middle_high": {
        "mean": 0.00857966486365,
        "var": 5.34558130312e-005
    },
    "spectral_energyband_middle_low": {
        "mean": 0.0146438591182,
        "var": 7.20135940355e-005
    },
    "spectral_entropy": {
        "mean": 7.49341011047,
        "var": 0.0822575464845
    },
    "spectral_flux": {
        "mean": 0.094044983387,
        "var": 0.000963504251558
    },
    "spectral_kurtosis": {
        "mean": 4.18783998489,
        "var": 3.31697559357
    },
    "spectral_rms": {
        "mean": 0.00559511920437,
        "var": 1.40247254876e-006
    },
    "spectral_rolloff": {
        "mean": 1294.24755859,
        "var": 1230002
    },
    "spectral_skewness": {
        "mean": 1.51775300503,
        "var": 0.0807339698076
    },
    "spectral_spread": {
        "mean": 4353210,
        "var": 3.02011672166e+012
    },
    "spectral_strongpeak": {
        "mean": 1.06277763844,
        "var": 1.60246515274
    },
    "zerocrossingrate": {
        "mean": 0.0560987889767,
        "var": 0.00074486277299
    },
    "barkbands": {
        "mean": [0.000374440103769, 0.00479194475338, 0.00457329349592, 0.00264698639512, 0.00259669707157, 0.00232146284543, 0.00265615503304, 0.00162240618374, 0.00255535752513, 0.00219390098937, 0.00147162203211, 0.000588808790781, 0.000967574073002, 0.000486296892632, 0.000684235070366, 0.000731958891265, 0.000476021785289, 0.000278923485894, 0.000526716117747, 0.000447616825113, 0.00013382799807, 0.000128761967062, 8.95369375939e-005, 0.000100073120848, 6.18640842731e-005, 1.84266227734e-005, 7.10838548912e-007],
        "var": [3.17197600452e-006, 1.9250834157e-005, 1.72464715433e-005, 4.33288914792e-006, 3.99713053412e-006, 9.41402231547e-006, 1.37548040584e-005, 7.44683165976e-006, 1.55395009642e-005, 9.20227921597e-006, 8.74965189723e-006, 1.63784852703e-006, 2.11805854633e-006, 6.65321636006e-007, 1.87687498965e-006, 1.04094181097e-006, 2.33752146528e-007, 8.27424244676e-008, 3.03336634033e-007, 3.25648983335e-007, 2.13574118391e-008, 1.91920221937e-008, 1.3620788053e-008, 3.98523098966e-008, 1.27671651029e-008, 8.21903378689e-010, 3.84832443689e-012]
    },
    "erbbands": {
        "mean": [0.0920262411237, 1.26359188557, 5.21675872803, 6.60633039474, 8.90195941925, 9.06885623932, 14.5063152313, 19.683052063, 36.4261550903, 33.5885696411, 42.4457588196, 57.5142440796, 54.6194992065, 68.6388931274, 50.4563789368, 26.0775718689, 49.0795326233, 20.8404979706, 29.0858535767, 44.6861610413, 39.4432945251, 27.3717861176, 17.2057857513, 25.1241512299, 24.4903907776, 22.6062755585, 8.37415218353, 4.73490524292, 4.50100517273, 3.702221632, 2.37859678268, 2.00515842438, 1.65973210335, 0.908037304878, 0.302049309015, 0.117674775422, 0.0260363407433, 0.00381500227377, 0.000112235633424, 4.36580849055e-005],
        "var": [0.0103354230523, 1.33717024326, 21.2211551666, 20.5321083069, 57.0872879028, 62.2052955627, 296.679931641, 602.115844727, 3065.16894531, 2261.77563477, 4899.03417969, 8366.41699219, 5543.36376953, 7696.02148438, 9148.12207031, 2078.64892578, 5121.61035156, 896.191772461, 2688.72290039, 6673.10302734, 2581.16894531, 776.309875488, 246.086044312, 736.094177246, 853.11328125, 803.995544434, 86.8067169189, 23.833902359, 22.3960590363, 19.6841259003, 9.99092674255, 14.6331100464, 12.1305303574, 3.15899801254, 0.302929669619, 0.0303552243859, 0.00235148961656, 7.58852838771e-005, 4.90097384898e-008, 3.26586035992e-010]
    },
    "gfcc": {
        "mean": [35.5371246338, 102.078521729, -119.592529297, 36.5474510193, -59.651889801, 14.6181306839, -34.5974273682, 16.5941734314, -27.1136856079, -0.131469145417, -15.1499319077, -1.71392798424, -10.8011617661],
        "cov": [[4152.62792969, -194.032516479, -477.606292725, -12.2686538696, -248.248458862, 95.6440048218, -158.525299072, 123.073562622, -67.0818328857, 46.0605163574, -94.5972824097, -19.2977294922, -51.0052566528], [-194.032516479, 504.157531738, -72.4814682007, -18.170085907, 63.2973594666, -54.2800865173, 75.0442962646, -30.0181674957, 55.1711120605, -54.3302383423, 48.0292472839, -35.8086738586, 35.3331604004], [-477.606292725, -72.4814682007, 386.938232422, 86.3831558228, -0.358704447746, 24.2765312195, -4.67315292358, -29.5071525574, -32.0725212097, 29.6711521149, 12.3010520935, 75.0557022095, -42.8704719543], [-12.2686538696, -18.170085907, 86.3831558228, 179.078857422, 61.058921814, -4.73393964767, -37.4119148254, -9.76443195343, -4.65326929092, 10.4498472214, 0.374194085598, -5.67759370804, 10.1927518845], [-248.248458862, 63.2973594666, -0.358704447746, 61.058921814, 147.83215332, 4.16691255569, 13.3664102554, -4.34065294266, 13.8104133606, -10.2216310501, -6.90777492523, -15.3661346436, 21.2462882996], [95.6440048218, -54.2800865173, 24.2765312195, -4.73393964767, 4.16691255569, 135.164047241, 53.0341567993, -5.85448646545, -40.1969604492, -13.7292346954, 2.80990982056, 12.1379880905, -13.7047157288], [-158.525299072, 75.0442962646, -4.67315292358, -37.4119148254, 13.3664102554, 53.0341567993, 129.636413574, 1.76987147331, -20.9698162079, -24.2759647369, 14.0409240723, 16.3065605164, -9.23960208893], [123.073562622, -30.0181674957, -29.5071525574, -9.76443195343, -4.34065294266, -5.85448646545, 1.76987147331, 71.2007293701, 28.9443588257, 2.79468154907, -13.2199001312, -19.6588420868, 3.2645213604], [-67.0818328857, 55.1711120605, -32.0725212097, -4.65326929092, 13.8104133606, -40.1969604492, -20.9698162079, 28.9443588257, 94.1331787109, 16.0544281006, 0.100706093013, -31.9937095642, 7.726749897], [46.0605163574, -54.3302383423, 29.6711521149, 10.4498472214, -10.2216310501, -13.7292346954, -24.2759647369, 2.79468154907, 16.0544281006, 61.9178123474, 8.54283428192, 3.71093916893, -15.460644722], [-94.5972824097, 48.0292472839, 12.3010520935, 0.374194085598, -6.90777492523, 2.80990982056, 14.0409240723, -13.2199001312, 0.100706093013, 8.54283428192, 57.8596382141, 9.66975212097, -3.95829796791], [-19.2977294922, -35.8086738586, 75.0557022095, -5.67759370804, -15.3661346436, 12.1379880905, 16.3065605164, -19.6588420868, -31.9937095642, 3.71093916893, 9.66975212097, 79.9244384766, -6.40975427628], [-51.0052566528, 35.3331604004, -42.8704719543, 10.1927518845, 21.2462882996, -13.7047157288, -9.23960208893, 3.2645213604, 7.726749897, -15.460644722, -3.95829796791, -6.40975427628, 65.8732070923]],
        "icov": [[0.00062711891951, -0.00073142000474, 0.00133432587609, -0.000913643627428, 0.00119667791296, -0.00129963166546, 0.00146290881094, -0.00158340937924, 0.0010033006547, -0.00112892105244, 0.00131199706811, -0.00137299974449, 0.00107755151112], [-0.00073142000474, 0.0049847215414, -0.00163691921625, 0.00125902390573, -0.00227846601047, 0.00386140891351, -0.00469749607146, 0.00473927939311, -0.00395298283547, 0.00482713291422, -0.00464946450666, 0.00336166075431, -0.00221135304309], [0.00133432587609, -0.00163691921625, 0.00703559396788, -0.00424651522189, 0.0027908210177, -0.00327677279711, 0.00324586057104, -0.00296940933913, 0.00177218788303, -0.00323427212425, 0.00303325569257, -0.00680713588372, 0.00472054863349], [-0.000913643627428, 0.00125902390573, -0.00424651522189, 0.0101128872484, -0.00549821648747, 0.00188280758448, 0.000504451163579, 0.00213678088039, 0.000283417000901, 0.00104536151048, -0.00317621557042, 0.0043268003501, -0.00313899083994], [0.00119667791296, -0.00227846601047, 0.0027908210177, -0.00549821648747, 0.0118425600231, -0.00330707826652, 0.000768662313931, -0.00180039322004, 0.000143830591696, -0.00227994890884, 0.00494005344808, -0.00199362379499, 5.6006378145e-005], [-0.00129963166546, 0.00386140891351, -0.00327677279711, 0.00188280758448, -0.00330707826652, 0.0140322037041, -0.00822306983173, 0.00430987682194, 8.75328842085e-005, 0.00464386306703, -0.00434136111289, 0.00481483805925, -0.00159503985196], [0.00146290881094, -0.00469749607146, 0.00324586057104, 0.000504451163579, 0.000768662313931, -0.00822306983173, 0.0175035316497, -0.00796812027693, 0.00521459337324, -0.00122742133681, 0.00163749069907, -0.00653963722289, 0.0051403385587], [-0.00158340937924, 0.00473927939311, -0.00296940933913, 0.00213678088039, -0.00180039322004, 0.00430987682194, -0.00796812027693, 0.0240646097809, -0.00991565082222, 0.00410315720364, -0.000912532443181, 0.0068451911211, -0.00412675878033], [0.0010033006547, -0.00395298283547, 0.00177218788303, 0.000283417000901, 0.000143830591696, 8.75328842085e-005, 0.00521459337324, -0.00991565082222, 0.0203232839704, -0.00790774729103, 0.00195758440532, 0.00170416652691, 0.00124489562586], [-0.00112892105244, 0.00482713291422, -0.00323427212425, 0.00104536151048, -0.00227994890884, 0.00464386306703, -0.00122742133681, 0.00410315720364, -0.00790774729103, 0.0262800175697, -0.00846362486482, 0.00194629642647, 0.00237243389711], [0.00131199706811, -0.00464946450666, 0.00303325569257, -0.00317621557042, 0.00494005344808, -0.00434136111289, 0.00163749069907, -0.000912532443181, 0.00195758440532, -0.00846362486482, 0.0251890942454, -0.00545873586088, 0.00252002687193], [-0.00137299974449, 0.00336166075431, -0.00680713588372, 0.0043268003501, -0.00199362379499, 0.00481483805925, -0.00653963722289, 0.0068451911211, 0.00170416652691, 0.00194629642647, -0.00545873586088, 0.0231088623405, -0.0054001333192], [0.00107755151112, -0.00221135304309, 0.00472054863349, -0.00313899083994, 5.6006378145e-005, -0.00159503985196, 0.0051403385587, -0.00412675878033, 0.00124489562586, 0.00237243389711, 0.00252002687193, -0.0054001333192, 0.0213713739067]]
    },
    "melbands": {
        "mean": [0.0010825417703, 0.00241602840833, 0.00132108770777, 0.000611542665865, 0.000505530275404, 0.000446797232144, 0.000549871241674, 0.000366814929293, 0.000381809251849, 0.000337742356351, 0.000282658467768, 0.00029781027115, 0.000211975479033, 5.86242895224e-005, 0.000114429218229, 7.3129311204e-005, 3.56449381798e-005, 4.80082489958e-005, 4.99668967677e-005, 5.10737554578e-005, 4.51922824141e-005, 2.69557094725e-005, 2.13826515392e-005, 1.45605790749e-005, 2.10974940273e-005, 1.81730265467e-005, 1.76388166437e-005, 1.40288202601e-005, 6.33189711152e-006, 2.62626485892e-006, 2.62196022049e-006, 2.5414292395e-006, 2.42461283051e-006, 1.91299636754e-006, 1.37176687076e-006, 1.22368783195e-006, 1.24885434616e-006, 1.175572379e-006, 1.12629254545e-006, 6.30862984963e-007],
        "var": [1.09221377897e-006, 4.00965882363e-006, 8.03088539669e-007, 2.0486494634e-007, 2.7510492373e-007, 3.18506920394e-007, 6.6620805228e-007, 2.57913683299e-007, 4.01473499778e-007, 2.78799888065e-007, 1.59622800311e-007, 1.46369998788e-007, 1.83492716133e-007, 1.22968275562e-008, 4.45805348193e-008, 1.1197050398e-008, 3.3497071783e-009, 7.97838062283e-009, 1.07009840988e-008, 6.73568445464e-009, 3.84720699742e-009, 8.31798685486e-010, 7.08258285353e-010, 2.45517967068e-010, 6.63279042801e-010, 4.03063166177e-010, 5.67410229912e-010, 3.60603158445e-010, 7.40539574107e-011, 8.36217987216e-012, 7.92217593609e-012, 7.97238837447e-012, 8.472654002e-012, 5.76189616852e-012, 3.3896295059e-012, 4.99570827414e-012, 6.94073661392e-012, 6.51960343351e-012, 5.85804972239e-012, 1.61175142243e-012]
    },
    "mfcc": {
        "mean": [-603.312316895, 126.812210083, 0.361854672432, 24.5704574585, 1.82880377769, -1.6853685379, 5.58058977127, 7.45560836792, 0.627851545811, 2.77022647858, -1.84119510651, -2.19766068459, 3.12070846558],
        "cov": [[1999.0032959, -235.82989502, -191.015426636, -183.606948853, -34.1529693604, -96.2125167847, -45.0017051697, -18.8183307648, 16.6838226318, 151.876800537, -51.1890792847, -71.2735137939, 20.9254417419], [-235.82989502, 472.938262939, -77.4983444214, 26.2932472229, -36.4162712097, -1.46603035927, 5.21115589142, 41.1129074097, 5.63398599625, -5.40237379074, 16.5037689209, 2.87186574936, 9.89246368408], [-191.015426636, -77.4983444214, 312.946624756, 42.6679725647, -7.74132585526, 50.6494483948, 15.4191017151, 1.77298796177, -37.6887931824, -84.4603729248, 43.5734672546, 52.9641342163, -28.3669910431], [-183.606948853, 26.2932472229, 42.6679725647, 182.879470825, 78.53956604, 8.98259925842, -15.415722847, -26.653181076, 7.75293064117, -24.5382099152, -12.067946434, 34.2503929138, 16.0161876678], [-34.1529693604, -36.4162712097, -7.74132585526, 78.53956604, 157.908981323, 3.60368609428, -26.4014568329, -34.6660995483, 23.2007484436, 25.4100780487, -22.2253246307, -4.47908687592, 19.3922424316], [-96.2125167847, -1.46603035927, 50.6494483948, 8.98259925842, 3.60368609428, 126.893600464, 59.1425743103, 25.3921298981, -20.9500141144, -35.7369308472, 18.1201782227, -4.88541173935, -28.7282314301], [-45.0017051697, 5.21115589142, 15.4191017151, -15.415722847, -26.4014568329, 59.1425743103, 124.13419342, 44.2639427185, -12.8398542404, -23.9925060272, 9.22512817383, -12.9762039185, -19.4249420166], [-18.8183307648, 41.1129074097, 1.77298796177, -26.653181076, -34.6660995483, 25.3921298981, 44.2639427185, 89.2113647461, 6.2760477066, -11.4932336807, 5.57410097122, -4.52415084839, -19.7432861328], [16.6838226318, 5.63398599625, -37.6887931824, 7.75293064117, 23.2007484436, -20.9500141144, -12.8398542404, 6.2760477066, 74.0077056885, 28.9356613159, -15.6929979324, -6.24098825455, 5.96891641617], [151.876800537, -5.40237379074, -84.4603729248, -24.5382099152, 25.4100780487, -35.7369308472, -23.9925060272, -11.4932336807, 28.9356613159, 111.730155945, -13.7830400467, -20.853307724, 14.9974021912], [-51.1890792847, 16.5037689209, 43.5734672546, -12.067946434, -22.2253246307, 18.1201782227, 9.22512817383, 5.57410097122, -15.6929979324, -13.7830400467, 85.1377639771, 25.6474075317, -14.1920757294], [-71.2735137939, 2.87186574936, 52.9641342163, 34.2503929138, -4.47908687592, -4.88541173935, -12.9762039185, -4.52415084839, -6.24098825455, -20.853307724, 25.6474075317, 94.2313232422, 9.09790706635], [20.9254417419, 9.89246368408, -28.3669910431, 16.0161876678, 19.3922424316, -28.7282314301, -19.4249420166, -19.7432861328, 5.96891641617, 14.9974021912, -14.1920757294, 9.09790706635, 76.1661300659]],
        "icov": [[0.000664325896651, 0.000345962733263, 0.000226594886044, 0.000413829053286, 0.000125533464598, 0.000181433279067, 0.000108587679279, -6.75785413478e-005, 0.000210411395528, -0.000587554939557, 0.000169419217855, 8.510054613e-005, -6.28215348115e-005], [0.000345962733263, 0.00274083018303, 0.00106618087739, -0.000921272556297, 0.000914365926292, -5.4391773574e-007, 0.000491469225381, -0.00144162785728, 0.000161710820976, -1.35465379572e-005, -0.000857151579112, 0.000248877156992, -0.00054102006834], [0.000226594886044, 0.00106618087739, 0.00512314634398, -0.000696940056514, 2.25335534196e-005, -0.000753116095439, 0.000441392767243, -0.000278868013993, 0.000960973964538, 0.00243175518699, -0.00144771765918, -0.00157560955267, 0.000968672800809], [0.000413829053286, -0.000921272556297, -0.000696940056514, 0.00931171979755, -0.00439454475418, -0.000269783544354, -0.000216021871893, 0.00172661617398, -0.000791110913269, 0.00190304894932, 0.00190122600179, -0.00293054268695, -0.000410501117585], [0.000125533464598, 0.000914365926292, 2.25335534196e-005, -0.00439454475418, 0.0104849850759, -0.00229551154189, 0.00126273382921, 0.00194459641352, -0.00208915863186, -0.00263666221872, 0.000747922575101, 0.00149712292477, -0.001286585466], [0.000181433279067, -5.4391773574e-007, -0.000753116095439, -0.000269783544354, -0.00229551154189, 0.0124980490655, -0.00465655187145, -0.00138160621282, 0.00210533337668, 0.0016429690877, -0.00146803737152, 0.00114332092926, 0.00258059846237], [0.000108587679279, 0.000491469225381, 0.000441392767243, -0.000216021871893, 0.00126273382921, -0.00465655187145, 0.0124604012817, -0.00461478391662, 0.000866835995112, 0.000669643399306, -0.000275928818155, 0.00153118488379, -0.000414186593844], [-6.75785413478e-005, -0.00144162785728, -0.000278868013993, 0.00172661617398, 0.00194459641352, -0.00138160621282, -0.00461478391662, 0.016565144062, -0.00371399149299, 0.000623975007329, 0.000902362517081, -0.00087100698147, 0.00228000874631], [0.000210411395528, 0.000161710820976, 0.000960973964538, -0.000791110913269, -0.00208915863186, 0.00210533337668, 0.000866835995112, -0.00371399149299, 0.0172254350036, -0.00316381058656, 0.00145720329601, -0.000160683193826, 0.00059357151622], [-0.000587554939557, -1.35465379572e-005, 0.00243175518699, 0.00190304894932, -0.00263666221872, 0.0016429690877, 0.000669643399306, 0.000623975007329, -0.00316381058656, 0.0142627386376, -0.00111488276161, 0.000885925954208, -0.000581803906243], [0.000169419217855, -0.000857151579112, -0.00144771765918, 0.00190122600179, 0.000747922575101, -0.00146803737152, -0.000275928818155, 0.000902362517081, 0.00145720329601, -0.00111488276161, 0.0151986833662, -0.00423720944673, 0.00198864121921], [8.510054613e-005, 0.000248877156992, -0.00157560955267, -0.00293054268695, 0.00149712292477, 0.00114332092926, 0.00153118488379, -0.00087100698147, -0.000160683193826, 0.000885925954208, -0.00423720944673, 0.0144987376407, -0.00249471445568], [-6.28215348115e-005, -0.00054102006834, 0.000968672800809, -0.000410501117585, -0.001286585466, 0.00258059846237, -0.000414186593844, 0.00228000874631, 0.00059357151622, -0.000581803906243, 0.00198864121921, -0.00249471445568, 0.0161866825074]]
    },
    "spectral_contrast_coeffs": {
        "mean": [-0.654254496098, -0.70739454031, -0.704248428345, -0.727789878845, -0.741697430611, -0.743240356445],
        "var": [0.00254946108907, 0.00456038070843, 0.00461397878826, 0.00307945883833, 0.0020696062129, 0.00102554296609]
    },
    "spectral_contrast_valleys": {
        "mean": [-6.71848583221, -6.39193916321, -7.17273759842, -7.73844861984, -7.45928192139, -10.2161235809],
        "var": [0.954867780209, 1.03298592567, 0.998359084129, 0.896722972393, 0.917797625065, 0.97607755661]
    }
},
"metadata": {
    "audio_properties": {
        "analysis_sample_rate": 44100,
        "bit_rate": 107095,
        "equal_loudness": 0,
        "length": 45.0612258911,
        "lossless": 0,
        "replay_gain": -10.3177242279,
        "sample_rate": 44100,
        "codec": "mp3",
        "downmix": "mix",
        "md5_encoded": "c2a1cfce15d361d89e04822eccb0932e"
    },
    "tags": {
        "file_name": "335.mp3"
    },
    "version": {
        "essentia": "2.1-beta2",
        "essentia_git_sha": "v2.1_beta2",
        "extractor": "music 1.0"
    }
},
"rhythm": {
    "beats_count": 108,
    "beats_loudness": {
        "mean": 0.035588208586,
        "var": 0.000105689287011
    },
    "bpm": 145.237854004,
    "bpm_histogram_first_peak_bpm": {
        "mean": 144,
        "var": 0
    },
    "bpm_histogram_first_peak_spread": {
        "mean": 0.489795923233,
        "var": 0
    },
    "bpm_histogram_first_peak_weight": {
        "mean": 0.467289716005,
        "var": 0
    },
    "bpm_histogram_second_peak_bpm": {
        "mean": 152,
        "var": 0
    },
    "bpm_histogram_second_peak_spread": {
        "mean": 0,
        "var": 0
    },
    "bpm_histogram_second_peak_weight": {
        "mean": 0.0747663527727,
        "var": 0
    },
    "danceability": 1.06020402908,
    "onset_rate": 4.83568191528,
    "beats_loudness_band_ratio": {
        "mean": [0.315496474504, 0.155622899532, 0.271766126156, 0.162510842085, 0.0726235955954, 0.0524918101728],
        "var": [0.0260978713632, 0.00810127612203, 0.022316487506, 0.0128053445369, 0.00219314941205, 0.000617506506387]
    },
    "beats_position": [0.441179126501, 0.893968224525, 1.3235373497, 1.74149656296, 2.13623571396, 2.55419492722, 2.96054410934, 3.36689329147, 3.7732424736, 4.17959165573, 4.58594083786, 4.99229001999, 5.38702917099, 5.78176879883, 6.17650794983, 6.57124710083, 6.97759628296, 7.38394546509, 7.80190467834, 8.2198638916, 8.62621307373, 9.03256225586, 9.45052146912, 9.84526062012, 10.2632198334, 10.6811790466, 11.0759181976, 11.4822673798, 11.8886165619, 12.294965744, 12.7013149261, 13.1076641083, 13.5140132904, 13.9319725037, 14.3499317169, 14.7678909302, 15.1858501434, 15.5921993256, 15.9985485077, 16.4165077209, 16.8228569031, 17.2292060852, 17.6471652985, 18.0535144806, 18.4598636627, 18.877822876, 19.272562027, 19.6789112091, 20.0852603912, 20.5032196045, 20.9211788177, 21.339138031, 21.7687072754, 22.1982765198, 22.616235733, 23.0341949463, 23.4521541595, 23.8701133728, 24.2764625549, 24.6828117371, 25.1007709503, 25.5187301636, 25.9366893768, 26.3546485901, 26.7726078033, 27.1789569855, 27.5853061676, 28.0032653809, 28.409614563, 28.8159637451, 29.2339229584, 29.6518821716, 30.0698413849, 30.4878005981, 30.8941497803, 31.3004989624, 31.7184581757, 32.1364173889, 32.542766571, 32.960723877, 33.3786849976, 33.7966423035, 34.2029914856, 34.6093406677, 35.0156898499, 35.4336509705, 35.8516082764, 36.2579574585, 36.6643066406, 37.0822677612, 37.5002250671, 37.9065742493, 38.3129234314, 38.7192726135, 39.1256217957, 39.55519104, 39.9731521606, 40.3795013428, 40.7974586487, 41.2154197693, 41.6333770752, 42.0513381958, 42.4692955017, 42.8872566223, 43.3052139282, 43.7231750488, 44.129524231, 44.5474815369]
},
"tonal": {
    "chords_changes_rate": 0.0329218097031,
    "chords_number_rate": 0.00617283955216,
    "chords_strength": {
        "mean": 0.570960879326,
        "var": 0.00748190283775
    },
    "hpcp_entropy": {
        "mean": 2.03042292595,
        "var": 0.37080925703
    },
    "key_strength": 0.822835445404,
    "tuning_diatonic_strength": 0.693915903568,
    "tuning_equal_tempered_deviation": 0.0791643038392,
    "tuning_frequency": 441.527557373,
    "tuning_nontempered_energy_ratio": 0.687999069691,
    "hpcp": {
        "mean": [0.334400475025, 0.179262280464, 0.0682633072138, 0.0628334358335, 0.0776925906539, 0.226817727089, 0.38860720396, 0.265148609877, 0.0787577107549, 0.0401188544929, 0.0496735684574, 0.115933544934, 0.165438622236, 0.120314389467, 0.0676915422082, 0.0490755103528, 0.0451098196208, 0.0608588904142, 0.0817262902856, 0.140961289406, 0.364482074976, 0.442319214344, 0.244149059057, 0.138147860765, 0.121871717274, 0.111745141447, 0.167116612196, 0.234167292714, 0.19094440341, 0.107625819743, 0.0757697746158, 0.0700023397803, 0.137445241213, 0.215558812022, 0.195606544614, 0.273855298758],
        "var": [0.131842285395, 0.0476104095578, 0.0174449235201, 0.0185178518295, 0.02214676328, 0.0549176931381, 0.131397277117, 0.0818401575089, 0.0210525523871, 0.0112638594583, 0.0129890274256, 0.0281902756542, 0.051611687988, 0.0374527685344, 0.0221730265766, 0.0175017956644, 0.0137688172981, 0.0162982530892, 0.0255312602967, 0.0303788855672, 0.0762651786208, 0.102250225842, 0.054566282779, 0.0516867414117, 0.0480423308909, 0.0477286055684, 0.0566359348595, 0.0821524858475, 0.0673534944654, 0.0391124524176, 0.0309433788061, 0.0240709297359, 0.033468849957, 0.0684220194817, 0.0585610531271, 0.0900729447603]
    },
    "chords_histogram": [34.9794235229, 1.02880656719, 49.6913566589, 1.44032919407, 0, 0, 0, 0, 0, 0, 0.205761313438, 0, 0, 0, 0, 0, 0, 0.411522626877, 0, 5.86419773102, 0, 0, 0, 6.37860059738],
    "thpcp": [1, 0.551974773407, 0.312326163054, 0.275528877974, 0.252634614706, 0.377819031477, 0.529407918453, 0.431689143181, 0.243321597576, 0.171301111579, 0.158262044191, 0.310737669468, 0.487337648869, 0.442229360342, 0.619134962559, 0.756016135216, 0.405278086662, 0.154330417514, 0.142054498196, 0.175648242235, 0.512791931629, 0.87856733799, 0.599450826645, 0.178056269884, 0.0907011330128, 0.112302534282, 0.262103796005, 0.374025404453, 0.272008061409, 0.153037756681, 0.110950440168, 0.101984761655, 0.137590423226, 0.184767663479, 0.318686783314, 0.8240249753],
    "chords_key": "E",
    "chords_scale": "major",
    "key_key": "A",
    "key_scale": "major"
}
}