{
"lowlevel": {
    "average_loudness": 0.876064360142,
    "barkbands_crest": {
        "mean": 11.3530378342,
        "var": 24.8913726807
    },
    "barkbands_flatness_db": {
        "mean": 0.140001624823,
        "var": 0.00245231552981
    },
    "barkbands_kurtosis": {
        "mean": 4.46523523331,
        "var": 57.3609657288
    },
    "barkbands_skewness": {
        "mean": 1.57723724842,
        "var": 1.40317893028
    },
    "barkbands_spread": {
        "mean": 20.7228965759,
        "var": 150.346328735
    },
    "dissonance": {
        "mean": 0.448627978563,
        "var": 0.000974222668447
    },
    "dynamic_complexity": 3.34297275543,
    "erbbands_crest": {
        "mean": 10.0363197327,
        "var": 20.342256546
    },
    "erbbands_flatness_db": {
        "mean": 0.154891654849,
        "var": 0.00202216859907
    },
    "erbbands_kurtosis": {
        "mean": 0.88867020607,
        "var": 4.36372375488
    },
    "erbbands_skewness": {
        "mean": 0.50979590416,
        "var": 0.579289078712
    },
    "erbbands_spread": {
        "mean": 35.6394920349,
        "var": 270.154418945
    },
    "hfc": {
        "mean": 16.2452831268,
        "var": 344.294586182
    },
    "melbands_crest": {
        "mean": 14.9912576675,
        "var": 23.21900177
    },
    "melbands_flatness_db": {
        "mean": 0.214799672365,
        "var": 0.00400010636076
    },
    "melbands_kurtosis": {
        "mean": 12.1371803284,
        "var": 266.861663818
    },
    "melbands_skewness": {
        "mean": 2.46946668625,
        "var": 2.27537822723
    },
    "melbands_spread": {
        "mean": 21.4938468933,
        "var": 340.574523926
    },
    "pitch_salience": {
        "mean": 0.495054602623,
        "var": 0.0142183182761
    },
    "silence_rate_20dB": {
        "mean": 1,
        "var": 0
    },
    "silence_rate_30dB": {
        "mean": 1,
        "var": 0
    },
    "silence_rate_60dB": {
        "mean": 0.00823468901217,
        "var": 0.00816678069532
    },
    "spectral_centroid": {
        "mean": 1284.33251953,
        "var": 498335.59375
    },
    "spectral_complexity": {
        "mean": 14.5151824951,
        "var": 46.4619178772
    },
    "spectral_decrease": {
        "mean": -4.83842699239e-009,
        "var": 1.04872166632e-017
    },
    "spectral_energy": {
        "mean": 0.0197348147631,
        "var": 0.000180086266482
    },
    "spectral_energyband_high": {
        "mean": 0.000598024984356,
        "var": 1.99990790861e-006
    },
    "spectral_energyband_low": {
        "mean": 0.00613903068006,
        "var": 2.08143028431e-005
    },
    "spectral_energyband_middle_high": {
        "mean": 0.00449701258913,
        "var": 3.91427456634e-005
    },
    "spectral_energyband_middle_low": {
        "mean": 0.00881292764097,
        "var": 8.6955507868e-005
    },
    "spectral_entropy": {
        "mean": 7.44831705093,
        "var": 0.171902671456
    },
    "spectral_flux": {
        "mean": 0.065688110888,
        "var": 0.00150825595483
    },
    "spectral_kurtosis": {
        "mean": 4.63414669037,
        "var": 9.24166297913
    },
    "spectral_rms": {
        "mean": 0.00415138620883,
        "var": 2.01952411771e-006
    },
    "spectral_rolloff": {
        "mean": 1259.14562988,
        "var": 2070884.125
    },
    "spectral_skewness": {
        "mean": 1.59061706066,
        "var": 0.235859662294
    },
    "spectral_spread": {
        "mean": 4716201,
        "var": 3.44779548262e+012
    },
    "spectral_strongpeak": {
        "mean": 0.97300952673,
        "var": 1.62123572826
    },
    "zerocrossingrate": {
        "mean": 0.0532693974674,
        "var": 0.00140130077489
    },
    "barkbands": {
        "mean": [0.000133441761136, 0.00472356844693, 0.00115937786177, 0.000424910133006, 0.00110573298298, 0.0017720728647, 0.00236711301841, 0.00176919798832, 0.000954734336119, 0.000766454031691, 0.00035735181882, 0.00102628779132, 0.000434654968558, 0.00044788166997, 0.00038261449663, 0.00027121862513, 0.000244683527853, 0.000175409120857, 0.000372536625946, 0.000375868694391, 0.000136969872983, 9.56336298259e-005, 8.15381863504e-005, 5.39038446732e-005, 5.6294415117e-005, 4.40529147454e-005, 1.3498458884e-006],
        "var": [3.81937184102e-008, 2.11310543818e-005, 1.59197827543e-006, 2.25699196221e-007, 1.9995918592e-006, 1.00912302514e-005, 3.97875082854e-005, 2.28026219702e-005, 4.20929745815e-006, 1.69043858023e-006, 8.14859959064e-007, 1.00456172731e-005, 2.35880634136e-006, 1.63496758887e-006, 9.56587541623e-007, 4.54272736761e-007, 3.34698967208e-007, 1.58076289836e-007, 6.5567388674e-007, 1.22857534279e-006, 8.20204135721e-008, 1.3513073327e-007, 7.05140053014e-008, 4.31264766121e-008, 7.1051978523e-008, 2.59177763695e-008, 1.55246822342e-011]
    },
    "erbbands": {
        "mean": [0.0785661116242, 1.24458837509, 1.91514182091, 1.1890835762, 2.64474439621, 3.10435414314, 6.50732088089, 16.008272171, 36.7346572876, 26.8625869751, 43.2361831665, 25.1547679901, 26.8263378143, 17.8378772736, 20.0281944275, 43.151802063, 20.2264251709, 24.0310745239, 23.3619537354, 17.4258728027, 14.4412126541, 13.772860527, 10.0739345551, 12.9630069733, 23.8055438995, 16.9993515015, 6.36783695221, 5.45047283173, 3.58551573753, 2.52689361572, 2.36826753616, 1.26872992516, 0.885882616043, 0.634868681431, 0.405702680349, 0.301450759172, 0.0458691120148, 0.00585326366127, 0.000171694904566, 2.97282931569e-005],
        "var": [0.00833776500076, 1.35271763802, 2.30886054039, 0.981297373772, 9.18796157837, 24.4527053833, 220.013946533, 990.891296387, 5875.84375, 7608.77978516, 11799.375, 2416.57885742, 2072.40307617, 1027.94152832, 2612.32446289, 19709.4902344, 4108.7421875, 3599.27929688, 4580.12744141, 1796.95031738, 990.162658691, 1048.35351563, 477.149200439, 867.768737793, 2915.71826172, 2585.90795898, 125.591697693, 235.650787354, 191.120925903, 108.099914551, 49.7715568542, 16.9327106476, 14.4660797119, 10.6301784515, 3.49697089195, 1.53221774101, 0.0185702499002, 0.000220199275645, 1.87281088415e-007, 6.75018652085e-010]
    },
    "gfcc": {
        "mean": [-16.8862228394, 96.6095046997, -107.884857178, 28.8155632019, -60.5669136047, 15.837635994, -28.4836730957, 18.0163917542, -22.9346523285, 12.3135824203, -13.4429283142, -0.542293608189, -11.5614919662],
        "cov": [[5333.7734375, -919.921264648, -809.137145996, 89.2104492188, -309.171203613, -217.186660767, -202.221069336, 126.847343445, -211.609298706, 254.212783813, -111.109802246, 122.749916077, -213.738922119], [-919.921264648, 1060.96398926, -68.5562057495, -112.435798645, 132.833572388, 6.15123271942, 149.707885742, -52.7314949036, 95.0023651123, -103.8983078, 123.766944885, -131.036087036, 129.351516724], [-809.137145996, -68.5562057495, 661.038269043, 39.6106262207, -46.8599052429, 160.507461548, 11.0817403793, 3.9265704155, 36.9770622253, -23.7157497406, -32.1461982727, 99.0234909058, 21.65899086], [89.2104492188, -112.435798645, 39.6106262207, 255.126754761, 55.6742553711, -61.2763786316, -51.1424484253, 19.3896789551, 46.0019264221, 17.2813987732, -16.8560180664, 11.6791725159, 37.8521728516], [-309.171203613, 132.833572388, -46.8599052429, 55.6742553711, 232.010406494, 3.27446079254, -9.91999721527, 15.3768873215, 66.0146789551, 5.92185306549, 19.4985618591, -38.0437812805, 38.568069458], [-217.186660767, 6.15123271942, 160.507461548, -61.2763786316, 3.27446079254, 298.428192139, 79.7074203491, -2.61370134354, -16.1550865173, -42.871383667, 21.7046508789, 17.4230041504, -12.8932380676], [-202.221069336, 149.707885742, 11.0817403793, -51.1424484253, -9.91999721527, 79.7074203491, 189.834747314, 30.9223384857, -8.90759468079, -24.1319141388, 39.4721908569, -0.0630556866527, -4.55324602127], [126.847343445, -52.7314949036, 3.9265704155, 19.3896789551, 15.3768873215, -2.61370134354, 30.9223384857, 102.907119751, 33.9667625427, 6.39953136444, -10.1712970734, 8.19742965698, -4.08078336716], [-211.609298706, 95.0023651123, 36.9770622253, 46.0019264221, 66.0146789551, -16.1550865173, -8.90759468079, 33.9667625427, 127.728393555, 19.1767902374, 1.14355838299, -20.2813339233, 40.3223342896], [254.212783813, -103.8983078, -23.7157497406, 17.2813987732, 5.92185306549, -42.871383667, -24.1319141388, 6.39953136444, 19.1767902374, 127.164031982, 25.6097068787, -0.0471834726632, -9.31442832947], [-111.109802246, 123.766944885, -32.1461982727, -16.8560180664, 19.4985618591, 21.7046508789, 39.4721908569, -10.1712970734, 1.14355838299, 25.6097068787, 128.2056427, 17.2136764526, 7.35508298874], [122.749916077, -131.036087036, 99.0234909058, 11.6791725159, -38.0437812805, 17.4230041504, -0.0630556866527, 8.19742965698, -20.2813339233, -0.0471834726632, 17.2136764526, 133.821426392, -3.57522106171], [-213.738922119, 129.351516724, 21.65899086, 37.8521728516, 38.568069458, -12.8932380676, -4.55324602127, -4.08078336716, 40.3223342896, -9.31442832947, 7.35508298874, -3.57522106171, 97.3035430908]],
        "icov": [[0.000513212580699, -0.000301274150843, 0.000908881076612, -0.000556947255973, 0.000762084091548, -0.000559997104574, 0.000706182210706, -0.00100142101292, 0.000684543687385, -0.00131103373133, 0.000930766225792, -0.00103781698272, 0.00063930178294], [-0.000301274150843, 0.00309806247242, -0.000870586023666, 0.00183989619836, -0.00124412635341, 0.00154391746037, -0.00236482452601, 0.00241237063892, -0.00224758055992, 0.00351729709655, -0.00330819678493, 0.00309644639492, -0.0029820385389], [0.000908881076612, -0.000870586023666, 0.00394626799971, -0.00159741693642, 0.00207294011489, -0.00252953870222, 0.00148230348714, -0.00147614080925, 0.000129746971652, -0.00270178727806, 0.00293243536726, -0.00378687307239, 0.00107422738802], [-0.000556947255973, 0.00183989619836, -0.00159741693642, 0.00639391317964, -0.00225474429317, 0.00215009739622, -0.00088354642503, 0.00121476594359, -0.00212471839041, 0.00253757694736, -0.00201217387803, 0.00179103249684, -0.00327151478268], [0.000762084091548, -0.00124412635341, 0.00207294011489, -0.00225474429317, 0.00720449257642, -0.00204783910885, 0.0021327198483, -0.00237085111439, -0.000807711854577, -0.00240145786665, 0.00108309835196, -0.00103989278432, 0.000601741136052], [-0.000559997104574, 0.00154391746037, -0.00252953870222, 0.00215009739622, -0.00204783910885, 0.00609531858936, -0.00307360175066, 0.00210608332418, -0.000916896096896, 0.00374111579731, -0.00294430274516, 0.00241926591843, -0.000942492857575], [0.000706182210706, -0.00236482452601, 0.00148230348714, -0.00088354642503, 0.0021327198483, -0.00307360175066, 0.00968045927584, -0.00576410116628, 0.0028565521352, -0.00233575166203, 0.000522022717632, -0.00219685886987, 0.00213980162516], [-0.00100142101292, 0.00241237063892, -0.00147614080925, 0.00121476594359, -0.00237085111439, 0.00210608332418, -0.00576410116628, 0.0158737972379, -0.00669024093077, 0.00366242136806, -0.00119971367531, 0.00146753108129, -0.000668223190587], [0.000684543687385, -0.00224758055992, 0.000129746971652, -0.00212471839041, -0.000807711854577, -0.000916896096896, 0.0028565521352, -0.00669024093077, 0.0147637324408, -0.00510865869001, 0.00243164622225, -0.000554713304155, -0.00147033343092], [-0.00131103373133, 0.00351729709655, -0.00270178727806, 0.00253757694736, -0.00240145786665, 0.00374111579731, -0.00233575166203, 0.00366242136806, -0.00510865869001, 0.0154364705086, -0.00775115704164, 0.00520192785189, -0.00207775691524], [0.000930766225792, -0.00330819678493, 0.00293243536726, -0.00201217387803, 0.00108309835196, -0.00294430274516, 0.000522022717632, -0.00119971367531, 0.00243164622225, -0.00775115704164, 0.014633863233, -0.00676893210039, 0.00262249843217], [-0.00103781698272, 0.00309644639492, -0.00378687307239, 0.00179103249684, -0.00103989278432, 0.00241926591843, -0.00219685886987, 0.00146753108129, -0.000554713304155, 0.00520192785189, -0.00676893210039, 0.0140878204256, -0.00380118144676], [0.00063930178294, -0.0029820385389, 0.00107422738802, -0.00327151478268, 0.000601741136052, -0.000942492857575, 0.00213980162516, -0.000668223190587, -0.00147033343092, -0.00207775691524, 0.00262249843217, -0.00380118144676, 0.0164603870362]]
    },
    "melbands": {
        "mean": [0.00108708848711, 0.00129689357709, 0.00025390231167, 0.000204944386496, 0.000203315692488, 0.000377418997232, 0.000563477224205, 0.00030254671583, 0.000327997084241, 0.000144686637213, 0.000129649997689, 6.99754818925e-005, 5.568587585e-005, 0.000125439444673, 5.65003610973e-005, 4.85469936393e-005, 4.28871753684e-005, 3.87972468161e-005, 2.49391614489e-005, 2.07588436751e-005, 1.60974705068e-005, 1.41743930726e-005, 1.1618647477e-005, 7.83360155765e-006, 1.01597515823e-005, 1.56387686729e-005, 1.84353757504e-005, 9.48372598941e-006, 4.0114236981e-006, 3.13609484692e-006, 3.14270437229e-006, 2.10503503695e-006, 1.58395994276e-006, 1.34395884288e-006, 1.43441855016e-006, 1.03354489056e-006, 6.94465256856e-007, 5.82724169362e-007, 6.38794062979e-007, 4.96568873132e-007],
        "var": [1.31942556436e-006, 7.87229623711e-007, 4.29549764647e-008, 6.39431121385e-008, 2.02131658966e-007, 5.21469587511e-007, 1.48567687575e-006, 8.06147966159e-007, 6.37057041786e-007, 8.43002965212e-008, 5.15388762778e-008, 1.86077890874e-008, 2.00328003075e-008, 1.61774778462e-007, 3.00100992945e-008, 3.27595373051e-008, 1.27346426737e-008, 1.62413460458e-008, 3.46759154723e-009, 2.71389222206e-009, 1.40774381041e-009, 1.199565558e-009, 8.89358697798e-010, 2.90098861599e-010, 6.62953802966e-010, 1.25154697717e-009, 2.76949529976e-009, 8.56366810797e-010, 6.20506562798e-011, 4.41952099917e-011, 1.0252215743e-010, 7.55155868393e-011, 4.11062676953e-011, 3.51509168994e-011, 2.11835115421e-011, 6.76892396301e-012, 7.22302035891e-012, 4.58242211537e-012, 1.29971831908e-011, 6.87831042123e-012]
    },
    "mfcc": {
        "mean": [-662.651672363, 129.283706665, 7.5009803772, 21.7305431366, -3.79134225845, 3.25496125221, 6.52449131012, 2.1993060112, 2.91021776199, 10.5064229965, 3.80456614494, 1.96920657158, 3.22081065178],
        "cov": [[3533.60791016, -927.000915527, -674.545898438, 128.366210938, -251.104904175, -205.690979004, -109.551559448, -144.25340271, -150.383026123, 32.7127761841, -36.4240722656, 97.7345275879, 91.2564315796], [-927.000915527, 958.375305176, -50.8452720642, -79.2873840332, -1.17520880699, 26.7694339752, 102.225479126, 25.12084198, 36.1035270691, 40.408657074, 14.6030788422, -11.470410347, -11.0350923538], [-674.545898438, -50.8452720642, 641.28894043, -78.8707351685, 10.5503969193, 104.849960327, 6.1414475441, 101.069770813, 32.6975059509, -74.9559936523, 28.5234146118, -28.8232250214, -27.4849205017], [128.366210938, -79.2873840332, -78.8707351685, 315.757110596, 60.1695823669, -73.2908782959, -87.3104782104, -52.5504722595, 39.1566162109, 30.6536006927, -59.2365455627, 10.0607070923, 59.7150993347], [-251.104904175, -1.17520880699, 10.5503969193, 60.1695823669, 261.362182617, 29.9758415222, -45.0779685974, -16.5203781128, 47.2768325806, 35.0378341675, -20.3874206543, -15.9610242844, -0.891463756561], [-205.690979004, 26.7694339752, 104.849960327, -73.2908782959, 29.9758415222, 154.056060791, 53.3907775879, 30.3085899353, -4.97561502457, -7.77884721756, 29.8440799713, -5.78674602509, -22.5706138611], [-109.551559448, 102.225479126, 6.1414475441, -87.3104782104, -45.0779685974, 53.3907775879, 173.770568848, 50.534778595, -24.2838897705, -7.23047208786, 47.8660392761, 17.9521312714, -16.9705028534], [-144.25340271, 25.12084198, 101.069770813, -52.5504722595, -16.5203781128, 30.3085899353, 50.534778595, 185.615905762, 22.234249115, -44.0281791687, 24.0585575104, 14.879981041, -30.7276477814], [-150.383026123, 36.1035270691, 32.6975059509, 39.1566162109, 47.2768325806, -4.97561502457, -24.2838897705, 22.234249115, 136.15737915, 38.099697113, -10.9814710617, -18.2557983398, -6.67271471024], [32.7127761841, 40.408657074, -74.9559936523, 30.6536006927, 35.0378341675, -7.77884721756, -7.23047208786, -44.0281791687, 38.099697113, 135.226242065, 12.8049507141, -13.2723312378, -6.85008335114], [-36.4240722656, 14.6030788422, 28.5234146118, -59.2365455627, -20.3874206543, 29.8440799713, 47.8660392761, 24.0585575104, -10.9814710617, 12.8049507141, 111.958206177, 27.5702228546, -19.7335128784], [97.7345275879, -11.470410347, -28.8232250214, 10.0607070923, -15.9610242844, -5.78674602509, 17.9521312714, 14.879981041, -18.2557983398, -13.2723312378, 27.5702228546, 95.3554763794, 27.952791214], [91.2564315796, -11.0350923538, -27.4849205017, 59.7150993347, -0.891463756561, -22.5706138611, -16.9705028534, -30.7276477814, -6.67271471024, -6.85008335114, -19.7335128784, 27.952791214, 101.429588318]],
        "icov": [[0.000656321644783, 0.00065137213096, 0.000658555247355, 9.07194262254e-005, 0.000582799722906, 0.000120072647405, 0.000184095071745, -5.93767072132e-005, 0.000250141980359, -0.000281307991827, 9.35661082622e-005, -0.000267332448857, -0.000260595028521], [0.00065137213096, 0.00182075996418, 0.000769506790675, 0.000368984125089, 0.000518814718816, 0.000156139663886, -0.000541384739336, -0.00010030544945, -0.000166102021467, -0.00055706652347, 0.000272296369076, -9.81109405984e-005, -0.00044686414185], [0.000658555247355, 0.000769506790675, 0.00280244206078, 0.000249836215517, 0.000639973441139, -0.00118931604084, 0.00077351287473, -0.000807960284874, -0.000450249674032, 0.00086619425565, -0.000576182967052, 0.000607551482972, -0.000521510315593], [9.07194262254e-005, 0.000368984125089, 0.000249836215517, 0.00487585319206, -0.000685681239702, 0.00129224115517, 0.000992619432509, 0.000209396428545, -0.000906797358766, -0.000790069985669, 0.001437316183, -0.000878377701156, -0.00192462373525], [0.000582799722906, 0.000518814718816, 0.000639973441139, -0.000685681239702, 0.00525989150628, -0.00174240174238, 0.0012991966214, 5.35567924089e-005, -0.000819676963147, -0.00100166338962, 0.000546532683074, -0.000215060688788, 4.53251923318e-005], [0.000120072647405, 0.000156139663886, -0.00118931604084, 0.00129224115517, -0.00174240174238, 0.00942627340555, -0.00241547008045, 6.0058577219e-005, 0.000564241549, -0.000182339674211, -0.000757650996093, 0.000337468780344, 0.000306616042508], [0.000184095071745, -0.000541384739336, 0.00077351287473, 0.000992619432509, 0.0012991966214, -0.00241547008045, 0.00895883515477, -0.00187435105909, 0.00113159487955, -0.000517456792295, -0.00180414097849, -0.000689148844685, -0.000315880752169], [-5.93767072132e-005, -0.00010030544945, -0.000807960284874, 0.000209396428545, 5.35567924089e-005, 6.0058577219e-005, -0.00187435105909, 0.00781615078449, -0.00241711456329, 0.00263459887356, -0.000298228347674, -0.0017280895263, 0.00220552668907], [0.000250141980359, -0.000166102021467, -0.000450249674032, -0.000906797358766, -0.000819676963147, 0.000564241549, 0.00113159487955, -0.00241711456329, 0.0100514730439, -0.00332214031368, 0.000587112561334, 0.00103353429586, 1.04481305243e-005], [-0.000281307991827, -0.00055706652347, 0.00086619425565, -0.000790069985669, -0.00100166338962, -0.000182339674211, -0.000517456792295, 0.00263459887356, -0.00332214031368, 0.0107712065801, -0.00285133090802, 0.00143537623808, 0.0011131047504], [9.35661082622e-005, 0.000272296369076, -0.000576182967052, 0.001437316183, 0.000546532683074, -0.000757650996093, -0.00180414097849, -0.000298228347674, 0.000587112561334, -0.00285133090802, 0.0128173129633, -0.00452634505928, 0.00197424041107], [-0.000267332448857, -9.81109405984e-005, 0.000607551482972, -0.000878377701156, -0.000215060688788, 0.000337468780344, -0.000689148844685, -0.0017280895263, 0.00103353429586, 0.00143537623808, -0.00452634505928, 0.0143864555284, -0.00433443021029], [-0.000260595028521, -0.00044686414185, -0.000521510315593, -0.00192462373525, 4.53251923318e-005, 0.000306616042508, -0.000315880752169, 0.00220552668907, 1.04481305243e-005, 0.0011131047504, 0.00197424041107, -0.00433443021029, 0.0133750792593]]
    },
    "spectral_contrast_coeffs": {
        "mean": [-0.676778674126, -0.683287918568, -0.723747968674, -0.760246098042, -0.770236551762, -0.745374083519],
        "var": [0.00360010541044, 0.00743428105488, 0.00405073072761, 0.00403765030205, 0.00379697233438, 0.00260444055311]
    },
    "spectral_contrast_valleys": {
        "mean": [-7.38333082199, -7.02448558807, -7.62519025803, -8.19308662415, -8.03465270996, -10.6850614548],
        "var": [0.845945179462, 0.879388749599, 0.86085486412, 0.940874099731, 1.1006346941, 1.12982296944]
    }
},
"metadata": {
    "audio_properties": {
        "analysis_sample_rate": 44100,
        "bit_rate": 110028,
        "equal_loudness": 0,
        "length": 45.0873451233,
        "lossless": 0,
        "replay_gain": -13.1781024933,
        "sample_rate": 44100,
        "codec": "mp3",
        "downmix": "mix",
        "md5_encoded": "326d7cf7d51f815e97c1b6340f2fb074"
    },
    "tags": {
        "file_name": "336.mp3"
    },
    "version": {
        "essentia": "2.1-beta2",
        "essentia_git_sha": "v2.1_beta2",
        "extractor": "music 1.0"
    }
},
"rhythm": {
    "beats_count": 73,
    "beats_loudness": {
        "mean": 0.0229493491352,
        "var": 0.000157499802299
    },
    "bpm": 97.6212539673,
    "bpm_histogram_first_peak_bpm": {
        "mean": 98,
        "var": 0
    },
    "bpm_histogram_first_peak_spread": {
        "mean": 0.206349223852,
        "var": 0
    },
    "bpm_histogram_first_peak_weight": {
        "mean": 0.694444477558,
        "var": 0
    },
    "bpm_histogram_second_peak_bpm": {
        "mean": 92,
        "var": 0
    },
    "bpm_histogram_second_peak_spread": {
        "mean": 0,
        "var": 0
    },
    "bpm_histogram_second_peak_weight": {
        "mean": 0.0416666679084,
        "var": 0
    },
    "danceability": 1.15364933014,
    "onset_rate": 4.94404554367,
    "beats_loudness_band_ratio": {
        "mean": [0.428672730923, 0.172407105565, 0.237770050764, 0.0971512570977, 0.0689368769526, 0.0695520415902],
        "var": [0.0712192803621, 0.0245730467141, 0.0308185499161, 0.0134623963386, 0.005171793513, 0.00374669767916]
    },
    "beats_position": [0.615328788757, 1.24226760864, 1.86920630932, 2.49614500999, 3.11147379875, 3.73841261864, 4.38857126236, 5.02712011337, 5.67727899551, 6.31582736969, 6.9543762207, 7.60453510284, 8.24308395386, 8.85841274261, 9.4853515625, 10.1006803513, 10.71600914, 11.3313379288, 11.9466667175, 12.5619955063, 13.1657142639, 13.7810430527, 14.3963718414, 15.0117006302, 15.6270294189, 16.2307472229, 16.8460769653, 17.4614048004, 18.0651245117, 18.6804523468, 19.272562027, 19.8878898621, 20.5032196045, 21.1185474396, 21.733877182, 22.3492050171, 22.9645347595, 23.5682544708, 24.1719722748, 24.7873020172, 25.4026298523, 26.0179595947, 26.6216773987, 27.2137870789, 27.8175048828, 28.4328346252, 29.0365524292, 29.6402721405, 30.2555999756, 30.870929718, 31.4862575531, 32.1015853882, 32.7169151306, 33.332244873, 33.9475746155, 34.5629005432, 35.1782302856, 35.7819480896, 36.397277832, 37.0126075745, 37.6279373169, 38.2432632446, 38.8585929871, 39.4739227295, 40.1008605957, 40.7045783997, 41.2966880798, 41.8655776978, 42.4460754395, 43.0149650574, 43.5722427368, 44.1179122925, 44.6984100342]
},
"tonal": {
    "chords_changes_rate": 0.0648148134351,
    "chords_number_rate": 0.00823045242578,
    "chords_strength": {
        "mean": 0.558488368988,
        "var": 0.00477601448074
    },
    "hpcp_entropy": {
        "mean": 1.78244280815,
        "var": 0.471225112677
    },
    "key_strength": 0.82921397686,
    "tuning_diatonic_strength": 0.720087647438,
    "tuning_equal_tempered_deviation": 0.107317686081,
    "tuning_frequency": 442.03793335,
    "tuning_nontempered_energy_ratio": 0.737039446831,
    "hpcp": {
        "mean": [0.135199829936, 0.0858037248254, 0.0531098842621, 0.0504156127572, 0.0516033433378, 0.0640668645501, 0.0635698586702, 0.0507914274931, 0.0657764151692, 0.0721083208919, 0.0724251419306, 0.0938942879438, 0.109319314361, 0.152921721339, 0.28916361928, 0.344769567251, 0.192761600018, 0.0718458890915, 0.0578856319189, 0.0640638098121, 0.100740119815, 0.115613117814, 0.0832519754767, 0.0570110008121, 0.0462122671306, 0.0482283718884, 0.0789182111621, 0.101052604616, 0.143114194274, 0.335566073656, 0.375764012337, 0.168455228209, 0.0570814758539, 0.0495098382235, 0.0723520964384, 0.122131541371],
        "var": [0.0524908788502, 0.0276752728969, 0.0203331727535, 0.0184659752995, 0.0184780228883, 0.0141607252881, 0.0133616803214, 0.0123708415776, 0.0303785856813, 0.0346875339746, 0.028187148273, 0.0424606949091, 0.0467028170824, 0.0685233846307, 0.102453738451, 0.13228777051, 0.0681704878807, 0.0315276198089, 0.0272997617722, 0.0304587241262, 0.0448504276574, 0.0552811250091, 0.0310574620962, 0.0203614160419, 0.0176370255649, 0.0165242198855, 0.0287199690938, 0.0389318019152, 0.0532229170203, 0.122833959758, 0.14202670753, 0.0461780950427, 0.0180271305144, 0.0156620871276, 0.0304603241384, 0.052746322006]
    },
    "chords_histogram": [33.8477363586, 0, 11.3168725967, 7.92181062698, 2.77777767181, 0.925925910473, 0, 0, 2.36625504494, 0, 1.74897122383, 0, 0, 0, 0.925925910473, 0, 0, 26.3374481201, 0, 0, 0, 0, 11.4197530746, 0.411522626877],
    "thpcp": [1, 0.448300600052, 0.151907771826, 0.131757795811, 0.192546635866, 0.325021922588, 0.359799832106, 0.228344708681, 0.141338393092, 0.134168282151, 0.137329131365, 0.170497611165, 0.169174954295, 0.135168418288, 0.175047144294, 0.191897884011, 0.192741021514, 0.249875679612, 0.290925443172, 0.406962126493, 0.769535183907, 0.917516171932, 0.512985765934, 0.191199496388, 0.154047831893, 0.170489475131, 0.26809412241, 0.307674795389, 0.221553876996, 0.151720225811, 0.122982151806, 0.128347501159, 0.210020676255, 0.268925726414, 0.380861908197, 0.893023431301],
    "chords_key": "G",
    "chords_scale": "major",
    "key_key": "G",
    "key_scale": "major"
}
}