{
"lowlevel": {
    "average_loudness": 0.281762778759,
    "barkbands_crest": {
        "mean": 10.8504123688,
        "var": 13.656170845
    },
    "barkbands_flatness_db": {
        "mean": 0.217279821634,
        "var": 0.0067080562003
    },
    "barkbands_kurtosis": {
        "mean": 10.7617101669,
        "var": 314.177612305
    },
    "barkbands_skewness": {
        "mean": 1.9495818615,
        "var": 3.12389588356
    },
    "barkbands_spread": {
        "mean": 13.0807294846,
        "var": 185.98449707
    },
    "dissonance": {
        "mean": 0.42135939002,
        "var": 0.00387374591082
    },
    "dynamic_complexity": 8.483294487,
    "erbbands_crest": {
        "mean": 11.0859565735,
        "var": 20.2960453033
    },
    "erbbands_flatness_db": {
        "mean": 0.215506628156,
        "var": 0.004999905359
    },
    "erbbands_kurtosis": {
        "mean": 2.23676085472,
        "var": 22.449716568
    },
    "erbbands_skewness": {
        "mean": 0.721620380878,
        "var": 1.31312179565
    },
    "erbbands_spread": {
        "mean": 30.1444320679,
        "var": 409.040527344
    },
    "hfc": {
        "mean": 8.99168872833,
        "var": 381.712860107
    },
    "melbands_crest": {
        "mean": 15.8171415329,
        "var": 33.279914856
    },
    "melbands_flatness_db": {
        "mean": 0.28943708539,
        "var": 0.0112736597657
    },
    "melbands_kurtosis": {
        "mean": 22.974105835,
        "var": 1642.20666504
    },
    "melbands_skewness": {
        "mean": 2.81218242645,
        "var": 5.06859445572
    },
    "melbands_spread": {
        "mean": 16.8348522186,
        "var": 571.268127441
    },
    "pitch_salience": {
        "mean": 0.584140121937,
        "var": 0.0214053094387
    },
    "silence_rate_20dB": {
        "mean": 1,
        "var": 0
    },
    "silence_rate_30dB": {
        "mean": 0.986618638039,
        "var": 0.0132025172934
    },
    "silence_rate_60dB": {
        "mean": 0.406073093414,
        "var": 0.241177558899
    },
    "spectral_centroid": {
        "mean": 981.864807129,
        "var": 793657.0625
    },
    "spectral_complexity": {
        "mean": 7.31446218491,
        "var": 44.4398803711
    },
    "spectral_decrease": {
        "mean": -3.09938585907e-009,
        "var": 3.44927598728e-017
    },
    "spectral_energy": {
        "mean": 0.0125133693218,
        "var": 0.000568683142774
    },
    "spectral_energyband_high": {
        "mean": 0.000105747501948,
        "var": 2.43329509431e-007
    },
    "spectral_energyband_low": {
        "mean": 0.00173619028646,
        "var": 5.76668571739e-006
    },
    "spectral_energyband_middle_high": {
        "mean": 0.0033048405312,
        "var": 0.00017464159464
    },
    "spectral_energyband_middle_low": {
        "mean": 0.00810651481152,
        "var": 0.000272497854894
    },
    "spectral_entropy": {
        "mean": 6.89358997345,
        "var": 0.519482016563
    },
    "spectral_flux": {
        "mean": 0.0501113384962,
        "var": 0.00251363217831
    },
    "spectral_kurtosis": {
        "mean": 11.3043556213,
        "var": 162.727172852
    },
    "spectral_rms": {
        "mean": 0.00265365163796,
        "var": 5.16630052516e-006
    },
    "spectral_rolloff": {
        "mean": 1115.48132324,
        "var": 2612910.25
    },
    "spectral_skewness": {
        "mean": 2.22999453545,
        "var": 1.43602621555
    },
    "spectral_spread": {
        "mean": 3449493.75,
        "var": 4.5797170217e+012
    },
    "spectral_strongpeak": {
        "mean": 0.802531599998,
        "var": 1.73360669613
    },
    "zerocrossingrate": {
        "mean": 0.0409080684185,
        "var": 0.00194393401034
    },
    "barkbands": {
        "mean": [1.95694228751e-005, 0.000574346107896, 0.000793303363025, 0.000648624030873, 0.000877654412761, 0.00113822671119, 0.00190020317677, 0.00145502667874, 0.00149209122173, 0.00118977972306, 0.000279504136415, 0.000519673922099, 0.000524504168425, 0.000333410920575, 0.000185948199942, 0.000113382207928, 0.000122597513837, 6.98160074535e-005, 9.59082899499e-005, 0.000103351085272, 2.71231583611e-005, 1.65907658811e-005, 1.11140352601e-005, 1.45083504322e-005, 5.61520982956e-006, 1.45482874814e-006, 4.94243366234e-008],
        "var": [1.82226731482e-008, 1.48586161686e-006, 1.42892838539e-006, 1.32090121951e-006, 2.14594251702e-006, 2.08789460885e-005, 6.1449027271e-005, 2.40152039623e-005, 2.59276421275e-005, 0.000121391669381, 1.55943939717e-006, 8.33874128148e-006, 3.90555214835e-006, 1.1760163261e-006, 3.85047314921e-007, 3.20569768064e-007, 1.36260155159e-007, 3.90790937388e-008, 9.48578389171e-008, 1.40989811825e-007, 2.9289806136e-008, 9.22432263906e-009, 4.63695393194e-009, 1.11364029109e-008, 1.30197497228e-009, 3.51220476313e-011, 1.65001543787e-013]
    },
    "erbbands": {
        "mean": [0.00587692391127, 0.167579516768, 0.830664932728, 1.72027099133, 2.0160844326, 3.05441498756, 5.91449642181, 10.7388010025, 23.8556137085, 28.6303043365, 37.9139862061, 33.8222999573, 45.5659255981, 14.8442440033, 13.3078680038, 24.1514663696, 23.0109004974, 22.0940971375, 11.4729795456, 8.71418094635, 5.87705373764, 7.06205892563, 4.4369597435, 3.31678032875, 6.42402887344, 4.60749769211, 1.49929094315, 0.914770722389, 0.636004805565, 0.399504423141, 0.302298933268, 0.341741919518, 0.206276848912, 0.0894977524877, 0.0253084618598, 0.00785307586193, 0.0025966996327, 0.000360464735422, 1.45296980918e-005, 1.49856959979e-005],
        "var": [0.000533440208528, 0.114403001964, 1.80343198776, 6.21888303757, 16.8841171265, 35.6294250488, 234.087036133, 2431.56079102, 11126.5664063, 17883.7695313, 17940.2207031, 13061.5722656, 136741.96875, 7550.82128906, 3683.28466797, 19078.1777344, 6457.38818359, 5271.51757813, 1296.07543945, 900.376525879, 690.533508301, 445.3152771, 144.001815796, 84.9344711304, 548.078430176, 243.817443848, 53.395072937, 35.2325325012, 13.9791898727, 6.19516134262, 3.09939193726, 6.13660430908, 2.31107783318, 0.402176707983, 0.00909692514688, 0.000848497322295, 0.000146938691614, 5.93251024839e-006, 2.75415579232e-009, 7.8262041292e-010]
    },
    "gfcc": {
        "mean": [-166.164276123, 129.651382446, -113.933029175, 28.6627597809, -54.6166763306, 1.26078426838, -41.686668396, 2.81351351738, -25.4874477386, -4.3059592247, -5.75543117523, -17.7989501953, -10.6005105972],
        "cov": [[15960.359375, -691.061950684, -2854.70361328, -1163.11499023, -1510.6192627, -803.771728516, -639.555847168, 55.3313026428, -377.053710938, -288.241271973, -31.0994243622, -717.097106934, -260.664764404], [-691.061950684, 2283.09887695, 39.1525192261, -595.401733398, 206.30682373, -346.476928711, 138.640533447, -296.352355957, 157.273468018, -303.099182129, 325.303588867, -242.437255859, 122.02784729], [-2854.70361328, 39.1525192261, 2114.44042969, 682.140808105, 476.499908447, 318.298248291, 60.9194908142, -58.3525886536, 2.50373792648, 247.743896484, -56.1403388977, 398.076904297, -75.1423110962], [-1163.11499023, -595.401733398, 682.140808105, 911.06036377, 225.473846436, 143.884475708, -14.9833593369, 38.7548103333, 16.6326637268, 167.381439209, -78.5088348389, 236.509384155, 3.78842544556], [-1510.6192627, 206.30682373, 476.499908447, 225.473846436, 556.044799805, 141.21975708, -17.8267307281, 5.12050151825, 74.2765960693, 67.3681335449, -51.0717773438, 97.1109619141, 1.59079158306], [-803.771728516, -346.476928711, 318.298248291, 143.884475708, 141.21975708, 452.427642822, 148.798110962, 40.2057571411, -9.85893249512, 104.924201965, -107.747108459, 146.888168335, -32.9765853882], [-639.555847168, 138.640533447, 60.9194908142, -14.9833593369, -17.8267307281, 148.798110962, 437.850799561, 19.2677841187, -24.3158512115, -42.2476387024, -1.68946135044, 65.7406616211, 13.2582616806], [55.3313026428, -296.352355957, -58.3525886536, 38.7548103333, 5.12050151825, 40.2057571411, 19.2677841187, 229.702926636, -13.8235349655, 13.0954084396, -60.6604728699, 33.6847190857, -1.14040708542], [-377.053710938, 157.273468018, 2.50373792648, 16.6326637268, 74.2765960693, -9.85893249512, -24.3158512115, -13.8235349655, 167.485961914, 14.8397483826, 4.6324839592, -24.0628528595, 22.1238555908], [-288.241271973, -303.099182129, 247.743896484, 167.381439209, 67.3681335449, 104.924201965, -42.2476387024, 13.0954084396, 14.8397483826, 214.28678894, -52.3062057495, 74.643951416, -43.3964576721], [-31.0994243622, 325.303588867, -56.1403388977, -78.5088348389, -51.0717773438, -107.747108459, -1.68946135044, -60.6604728699, 4.6324839592, -52.3062057495, 201.107391357, -44.8433837891, 13.0595378876], [-717.097106934, -242.437255859, 398.076904297, 236.509384155, 97.1109619141, 146.888168335, 65.7406616211, 33.6847190857, -24.0628528595, 74.643951416, -44.8433837891, 231.928924561, -21.7359104156], [-260.664764404, 122.02784729, -75.1423110962, 3.78842544556, 1.59079158306, -32.9765853882, 13.2582616806, -1.14040708542, 22.1238555908, -43.3964576721, 13.0595378876, -21.7359104156, 110.892181396]],
        "icov": [[0.000126932907733, -6.99850716046e-005, 0.000122179757454, -4.97605324199e-005, 0.000260211381828, 1.4320918126e-005, 0.000183497118996, -5.17065745953e-005, 0.000219463589019, -1.62573257967e-006, 0.000197842222406, 9.5817798865e-005, 0.000388990185456], [-6.99850716046e-005, 0.00187087408267, -0.000662890030071, 0.00121014774777, -0.00137345597614, 0.00104467337951, -0.0010609641904, 0.00132690137252, -0.00119684415404, 0.00120349496137, -0.00156419607811, 0.000737630936783, -0.00120437389705], [0.000122179757454, -0.000662890030071, 0.0012443655869, -0.000713037326932, 0.000156380163389, -0.000377608375857, 0.000439727416961, -4.31314438174e-005, 0.000671282410622, -0.000753911677748, 0.000449432642199, -0.00117522582877, 0.00100441847462], [-4.97605324199e-005, 0.00121014774777, -0.000713037326932, 0.00260097463615, -0.00109985866584, 0.000895552453585, -0.000535090803169, 0.000710781489033, -0.000860391941387, 1.79564794962e-005, -0.000784631760325, -0.000767297344282, -0.00154659326654], [0.000260211381828, -0.00137345597614, 0.000156380163389, -0.00109985866584, 0.00394120113924, -0.00125521584414, 0.00135914899874, -0.0010855916189, 6.42750092084e-005, -0.000469458493171, 0.00162441062275, -0.000274494232144, 0.00122145412024], [1.4320918126e-005, 0.00104467337951, -0.000377608375857, 0.000895552453585, -0.00125521584414, 0.00439692568034, -0.00175329053309, 0.000757140980568, -0.000467598234536, -0.000516442756634, 0.000517196021974, -0.000800717854872, -0.000186102828593], [0.000183497118996, -0.0010609641904, 0.000439727416961, -0.000535090803169, 0.00135914899874, -0.00175329053309, 0.00372682209127, -0.000893520656973, 0.000932148308493, 0.00044828269165, 0.000657544878777, -0.00099685380701, 0.000636061828118], [-5.17065745953e-005, 0.00132690137252, -4.31314438174e-005, 0.000710781489033, -0.0010855916189, 0.000757140980568, -0.000893520656973, 0.00594714423642, -0.000558900763281, 0.000781910261139, 0.00021080764418, -0.000413709116401, -0.000914901203942], [0.000219463589019, -0.00119684415404, 0.000671282410622, -0.000860391941387, 6.42750092084e-005, -0.000467598234536, 0.000932148308493, -0.000558900763281, 0.007951810956, -0.00168782600667, 0.000988907762803, 0.000784276868217, -0.000149696730659], [-1.62573257967e-006, 0.00120349496137, -0.000753911677748, 1.79564794962e-005, -0.000469458493171, -0.000516442756634, 0.00044828269165, 0.000781910261139, -0.00168782600667, 0.00796320289373, -0.000256640720181, 0.000163090124261, 0.00148319499567], [0.000197842222406, -0.00156419607811, 0.000449432642199, -0.000784631760325, 0.00162441062275, 0.000517196021974, 0.000657544878777, 0.00021080764418, 0.000988907762803, -0.000256640720181, 0.00785048399121, -0.000397082796553, 0.001271624933], [9.5817798865e-005, 0.000737630936783, -0.00117522582877, -0.000767297344282, -0.000274494232144, -0.000800717854872, -0.00099685380701, -0.000413709116401, 0.000784276868217, 0.000163090124261, -0.000397082796553, 0.00912027992308, 0.000265921029495], [0.000388990185456, -0.00120437389705, 0.00100441847462, -0.00154659326654, 0.00122145412024, -0.000186102828593, 0.000636061828118, -0.000914901203942, -0.000149696730659, 0.00148319499567, 0.001271624933, 0.000265921029495, 0.0123452404514]]
    },
    "melbands": {
        "mean": [0.000103083431895, 0.000378421333153, 0.000313375669066, 0.000163946620887, 0.000198700639885, 0.000243969639996, 0.000373383896658, 0.0002935808443, 0.000326950685121, 0.000198137378902, 0.000227547134273, 6.3866522396e-005, 4.05485625379e-005, 5.01368231198e-005, 6.04979541095e-005, 5.2709292504e-005, 3.93322370655e-005, 1.87847417692e-005, 1.35915679493e-005, 9.61220939644e-006, 6.16562874711e-006, 7.24060555513e-006, 6.14283362665e-006, 2.64154436991e-006, 2.49163645094e-006, 4.11863402405e-006, 5.22515119883e-006, 2.47544380727e-006, 9.17655484045e-007, 6.61649266931e-007, 4.90832746891e-007, 3.82161402968e-007, 2.64840338104e-007, 2.08034080629e-007, 1.6148760551e-007, 2.03908527396e-007, 2.06805950143e-007, 1.4237237167e-007, 1.28021667933e-007, 5.67415696651e-008],
        "var": [6.03416268063e-008, 3.84635143291e-007, 2.05541837772e-007, 8.01613921908e-008, 2.05597601166e-007, 1.15048965199e-006, 2.22474227485e-006, 1.65832818766e-006, 1.47894286329e-006, 4.59762503624e-007, 3.66474478142e-006, 1.90513389953e-007, 3.42681083509e-008, 6.65954473789e-008, 8.72042278388e-008, 3.62324144021e-008, 1.80675652217e-008, 4.03746858169e-009, 2.19623719211e-009, 2.02363903412e-009, 7.07022107527e-010, 5.09184694408e-010, 3.53510054563e-010, 5.47528931916e-011, 5.38769862057e-011, 2.07383457629e-010, 4.56858745279e-010, 6.23317578108e-011, 1.7057079707e-011, 2.1053303198e-011, 1.15394794414e-011, 5.39624204696e-012, 2.29113169409e-012, 2.07694863912e-012, 1.01227273092e-012, 1.29843304077e-012, 3.07203481403e-012, 1.20339448042e-012, 1.12395162621e-012, 1.14832405737e-013]
    },
    "mfcc": {
        "mean": [-803.233093262, 149.445419312, 5.80391693115, 22.6603336334, 9.15436077118, -5.52761697769, 3.01749444008, -7.59766960144, -10.1775617599, 3.50181794167, -2.47682452202, -0.983818471432, -4.43131637573],
        "cov": [[13486.5400391, 559.364685059, -2891.77905273, -982.751953125, -1228.00952148, -1586.31213379, -399.14855957, -573.139709473, -614.373352051, 225.679611206, -402.725189209, -117.82019043, -334.457275391], [559.364685059, 2272.64794922, -213.004074097, -414.078094482, -74.1030578613, -300.983673096, -26.1485977173, -116.944244385, -221.200714111, -97.2245941162, -35.5680427551, 34.0289497375, -17.0619449615], [-2891.77905273, -213.004074097, 1715.33337402, 553.439208984, 359.555175781, 599.447875977, 128.095611572, 139.838516235, 92.6583557129, -147.131622314, 166.965545654, 83.0786590576, 171.581329346], [-982.751953125, -414.078094482, 553.439208984, 741.475708008, 305.956176758, 196.98298645, 18.9322547913, 66.4925460815, 57.0400085449, -10.0022926331, 8.59381771088, 22.3879852295, 89.9585876465], [-1228.00952148, -74.1030578613, 359.555175781, 305.956176758, 674.401855469, 202.566604614, -86.1174697876, -1.04338955879, 30.8975086212, 53.3750190735, 4.98396396637, -14.9543476105, 64.8012237549], [-1586.31213379, -300.983673096, 599.447875977, 196.98298645, 202.566604614, 651.86138916, 124.585754395, 133.094360352, 165.61618042, -43.0255584717, 157.364334106, 19.6963825226, 27.1462936401], [-399.14855957, -26.1485977173, 128.095611572, 18.9322547913, -86.1174697876, 124.585754395, 281.420806885, 132.372680664, 48.4147109985, -36.8751449585, 46.5152702332, 34.3343048096, 8.69491767883], [-573.139709473, -116.944244385, 139.838516235, 66.4925460815, -1.04338955879, 133.094360352, 132.372680664, 288.516845703, 100.622512817, -25.1684589386, 49.0981407166, -11.0465888977, 7.73681592941], [-614.373352051, -221.200714111, 92.6583557129, 57.0400085449, 30.8975086212, 165.61618042, 48.4147109985, 100.622512817, 258.036468506, 34.1143417358, 49.6094207764, -13.6659345627, -20.5620002747], [225.679611206, -97.2245941162, -147.131622314, -10.0022926331, 53.3750190735, -43.0255584717, -36.8751449585, -25.1684589386, 34.1143417358, 158.304138184, -11.3342056274, -20.711971283, -17.6905899048], [-402.725189209, -35.5680427551, 166.965545654, 8.59381771088, 4.98396396637, 157.364334106, 46.5152702332, 49.0981407166, 49.6094207764, -11.3342056274, 187.541976929, 37.8076286316, -0.969377219677], [-117.82019043, 34.0289497375, 83.0786590576, 22.3879852295, -14.9543476105, 19.6963825226, 34.3343048096, -11.0465888977, -13.6659345627, -20.711971283, 37.8076286316, 122.372955322, 25.7057991028], [-334.457275391, -17.0619449615, 171.581329346, 89.9585876465, 64.8012237549, 27.1462936401, 8.69491767883, 7.73681592941, -20.5620002747, -17.6905899048, -0.969377219677, 25.7057991028, 150.067047119]],
        "icov": [[0.000151678497787, 6.93105857863e-006, 0.000161429154105, -5.63517351111e-005, 0.00019113709277, 8.16106112325e-005, 7.10311142029e-005, 7.88040051702e-005, 0.000225758427405, -0.000112892957986, 2.49272875408e-006, 2.75037218671e-005, 9.54973002081e-005], [6.93105857863e-006, 0.000573001278099, -6.26635737717e-005, 0.000363740575267, -0.000205919990549, 0.000281078129774, -0.000125425474835, 6.95427661412e-005, 0.000257216132013, 0.000367620115867, -7.90020785644e-005, -0.000105391409306, 7.20745447325e-005], [0.000161429154105, -6.26635737717e-005, 0.00143862166442, -0.000652858521789, 2.62634184764e-005, -0.000703389756382, 2.81607008219e-005, 9.00465165614e-005, 0.000286897004116, 0.000665227591526, -0.000360684935004, -0.000176041212399, -0.000645673542749], [-5.63517351111e-005, 0.000363740575267, -0.000652858521789, 0.00233820499852, -0.000836059392896, 0.000221395283006, -0.000125129692606, -0.000247756455792, -0.000177920737769, 0.000107055166154, 0.000474708329421, -0.000340141734341, -0.000348862144165], [0.00019113709277, -0.000205919990549, 2.62634184764e-005, -0.000836059392896, 0.00265405140817, -0.000737947062589, 0.00108757382259, -1.25452925204e-005, 0.000501914008055, -0.00135133345611, 0.000393861933844, 0.000290081981802, -0.000338880927302], [8.16106112325e-005, 0.000281078129774, -0.000703389756382, 0.000221395283006, -0.000737947062589, 0.00351231568493, -0.000891046249308, 7.58964233682e-005, -0.00110164959915, 0.000652805785649, -0.00163639720995, 0.000435795111116, 0.000457160291262], [7.10311142029e-005, -0.000125425474835, 2.81607008219e-005, -0.000125129692606, 0.00108757382259, -0.000891046249308, 0.00546873779967, -0.00216572964564, 0.000217995460844, -5.77649552724e-005, 0.0002593077661, -0.00139894103631, -6.2422688643e-005], [7.88040051702e-005, 6.95427661412e-005, 9.00465165614e-005, -0.000247756455792, -1.25452925204e-005, 7.58964233682e-005, -0.00216572964564, 0.00534313265234, -0.00137490651105, 0.000764166412409, -0.0006765286671, 0.00135728961322, -0.000264368660282], [0.000225758427405, 0.000257216132013, 0.000286897004116, -0.000177920737769, 0.000501914008055, -0.00110164959915, 0.000217995460844, -0.00137490651105, 0.0060827000998, -0.00173067732248, -0.00026844709646, 0.000311741896439, 0.000926115841139], [-0.000112892957986, 0.000367620115867, 0.000665227591526, 0.000107055166154, -0.00135133345611, 0.000652805785649, -5.77649552724e-005, 0.000764166412409, -0.00173067732248, 0.00847777817398, -0.000607812718954, 0.000549872289412, 5.8951885876e-005], [2.49272875408e-006, -7.90020785644e-005, -0.000360684935004, 0.000474708329421, 0.000393861933844, -0.00163639720995, 0.0002593077661, -0.0006765286671, -0.00026844709646, -0.000607812718954, 0.00758652947843, -0.00224159425125, 0.000594742130488], [2.75037218671e-005, -0.000105391409306, -0.000176041212399, -0.000340141734341, 0.000290081981802, 0.000435795111116, -0.00139894103631, 0.00135728961322, 0.000311741896439, 0.000549872289412, -0.00224159425125, 0.00999520998448, -0.0013575986959], [9.54973002081e-005, 7.20745447325e-005, -0.000645673542749, -0.000348862144165, -0.000338880927302, 0.000457160291262, -6.2422688643e-005, -0.000264368660282, 0.000926115841139, 5.8951885876e-005, 0.000594742130488, -0.0013575986959, 0.00828320626169]]
    },
    "spectral_contrast_coeffs": {
        "mean": [-0.60877341032, -0.697663366795, -0.775862872601, -0.781419575214, -0.796688914299, -0.787999868393],
        "var": [0.0161089692265, 0.0142223890871, 0.0101083600894, 0.00569091970101, 0.00390638876706, 0.00299177225679]
    },
    "spectral_contrast_valleys": {
        "mean": [-8.85792064667, -8.21637630463, -8.94223117828, -9.23427963257, -9.27593135834, -12.413143158],
        "var": [1.73347902298, 1.99155843258, 2.07082915306, 2.23245477676, 2.37102365494, 1.92907631397]
    }
},
"metadata": {
    "audio_properties": {
        "analysis_sample_rate": 44100,
        "bit_rate": 112013,
        "equal_loudness": 0,
        "length": 45.0873451233,
        "lossless": 0,
        "replay_gain": -1.48377609253,
        "sample_rate": 44100,
        "codec": "mp3",
        "downmix": "mix",
        "md5_encoded": "eb7ae177d76d01aef837a3fdf3e83384"
    },
    "tags": {
        "file_name": "340.mp3"
    },
    "version": {
        "essentia": "2.1-beta2",
        "essentia_git_sha": "v2.1_beta2",
        "extractor": "music 1.0"
    }
},
"rhythm": {
    "beats_count": 98,
    "beats_loudness": {
        "mean": 0.018617413938,
        "var": 0.000616837118287
    },
    "bpm": 143.610122681,
    "bpm_histogram_first_peak_bpm": {
        "mean": 144,
        "var": 0
    },
    "bpm_histogram_first_peak_spread": {
        "mean": 0.5,
        "var": 0
    },
    "bpm_histogram_first_peak_weight": {
        "mean": 0.226804122329,
        "var": 0
    },
    "bpm_histogram_second_peak_bpm": {
        "mean": 136,
        "var": 0
    },
    "bpm_histogram_second_peak_spread": {
        "mean": 0.399999976158,
        "var": 0
    },
    "bpm_histogram_second_peak_weight": {
        "mean": 0.0927835032344,
        "var": 0
    },
    "danceability": 1.09094262123,
    "onset_rate": 4.19024515152,
    "beats_loudness_band_ratio": {
        "mean": [0.417534351349, 0.185200884938, 0.283924639225, 0.0892527624965, 0.0526718944311, 0.0279091112316],
        "var": [0.124085448682, 0.030166413635, 0.0699561610818, 0.011721403338, 0.00730864750221, 0.00643387390301]
    },
    "beats_position": [0.487619042397, 0.986848056316, 1.49768710136, 1.99691605568, 2.49614500999, 3.06503391266, 3.63392281532, 4.19120168686, 4.73687076569, 5.2941493988, 5.8282084465, 6.38548755646, 6.96598625183, 7.5464849472, 8.11537361145, 8.6958732605, 9.287981987, 9.8800907135, 10.4605894089, 11.0526981354, 11.656416893, 12.1788663864, 12.7013149261, 13.235373497, 13.6533327103, 14.0712919235, 14.5008611679, 14.9304304123, 15.3483896255, 15.7779588699, 16.1959171295, 16.6138763428, 17.0434455872, 17.4846248627, 17.9258041382, 18.3669834137, 18.7965526581, 19.2493419647, 19.7137413025, 20.1665306091, 20.6309299469, 21.0953292847, 21.548116684, 21.9660758972, 22.4072551727, 22.8484344482, 23.2780036926, 23.707572937, 24.1255321503, 24.5667114258, 25.0078907013, 25.3910198212, 25.774148941, 26.1456680298, 26.5171871185, 26.8887062073, 27.2834453583, 27.6781845093, 28.0845336914, 28.4908847809, 28.9088420868, 29.3151912689, 29.7215423584, 30.1278915405, 30.5342407227, 30.9521980286, 31.3701572418, 31.7881164551, 32.2060775757, 32.6240348816, 33.0652160645, 33.5180053711, 33.9591827393, 34.3771438599, 34.8067131042, 35.2246704102, 35.6542396545, 36.0838088989, 36.5017662048, 36.9197273254, 37.3260765076, 37.7324256897, 38.1387748718, 38.5683441162, 38.9863014221, 39.4042625427, 39.8222198486, 40.2285690308, 40.6465301514, 41.0644874573, 41.4708366394, 41.923625946, 42.3880271912, 42.8640365601, 43.340045929, 43.7928352356, 44.257232666, 44.7216300964]
},
"tonal": {
    "chords_changes_rate": 0.133744850755,
    "chords_number_rate": 0.0195473246276,
    "chords_strength": {
        "mean": 0.460141569376,
        "var": 0.00669027911499
    },
    "hpcp_entropy": {
        "mean": 2.01460695267,
        "var": 0.627245664597
    },
    "key_strength": 0.658559441566,
    "tuning_diatonic_strength": 0.567483901978,
    "tuning_equal_tempered_deviation": 0.18919801712,
    "tuning_frequency": 437.465789795,
    "tuning_nontempered_energy_ratio": 0.879093706608,
    "hpcp": {
        "mean": [0.102988652885, 0.101508334279, 0.1036850214, 0.126681491733, 0.136363849044, 0.126848340034, 0.115727737546, 0.106959231198, 0.155490040779, 0.240046784282, 0.192372336984, 0.100890733302, 0.0965586751699, 0.101958021522, 0.0953583940864, 0.0899207293987, 0.0950971096754, 0.095756791532, 0.0833792611957, 0.0775678902864, 0.0840830057859, 0.0849193483591, 0.0862587764859, 0.130276858807, 0.175833687186, 0.152235239744, 0.120191819966, 0.13606762886, 0.156709864736, 0.177823930979, 0.241220861673, 0.212557405233, 0.109784521163, 0.0774614885449, 0.0823162719607, 0.0939389318228],
        "var": [0.0468679368496, 0.046494320035, 0.0432897880673, 0.0559060461819, 0.0639035627246, 0.061350941658, 0.0540880039334, 0.0457173921168, 0.0569185055792, 0.102411292493, 0.0695563703775, 0.0386844500899, 0.0469201430678, 0.0518936440349, 0.0465062819421, 0.0418366864324, 0.0407150648534, 0.0498433932662, 0.0372134335339, 0.0289576146752, 0.0352983698249, 0.0339236706495, 0.031432133168, 0.0560424774885, 0.0941099226475, 0.0736968740821, 0.0449177101254, 0.0633291751146, 0.0717098638415, 0.0668443441391, 0.110300175846, 0.0827938616276, 0.0352143496275, 0.0291836392134, 0.0360621698201, 0.0423602759838]
    },
    "chords_histogram": [15.5349798203, 0.411522626877, 1.95473253727, 4.32098770142, 4.21810722351, 0.102880656719, 3.18930029869, 6.37860059738, 2.88065838814, 0.308641970158, 1.23456788063, 2.77777767181, 6.89300394058, 1.02880656719, 0, 3.29218101501, 0.205761313438, 15.9465017319, 1.64609050751, 2.46913576126, 6.48148155212, 3.18930029869, 12.0370368958, 3.49794244766],
    "thpcp": [1, 0.881173372269, 0.455120354891, 0.321122676134, 0.341248571873, 0.389431208372, 0.426947534084, 0.420810759068, 0.429834395647, 0.525168061256, 0.565307021141, 0.525859713554, 0.479758411646, 0.443407893181, 0.644596159458, 0.995132744312, 0.797494590282, 0.418250441551, 0.40029156208, 0.42267498374, 0.39531570673, 0.372773438692, 0.39423251152, 0.396967291832, 0.34565526247, 0.321563780308, 0.348572701216, 0.352039813995, 0.357592523098, 0.540072917938, 0.728932321072, 0.631103098392, 0.498264610767, 0.564079046249, 0.649653017521, 0.73718303442],
    "chords_key": "C",
    "chords_scale": "minor",
    "key_key": "C",
    "key_scale": "major"
}
}