{
"lowlevel": {
    "average_loudness": 0.963120758533,
    "barkbands_crest": {
        "mean": 10.0357217789,
        "var": 5.34668159485
    },
    "barkbands_flatness_db": {
        "mean": 0.288981318474,
        "var": 0.00568284653127
    },
    "barkbands_kurtosis": {
        "mean": 14.8305435181,
        "var": 207.635131836
    },
    "barkbands_skewness": {
        "mean": 2.79732179642,
        "var": 2.13974022865
    },
    "barkbands_spread": {
        "mean": 9.36243247986,
        "var": 80.3718261719
    },
    "dissonance": {
        "mean": 0.422780454159,
        "var": 0.000975632923655
    },
    "dynamic_complexity": 1.73052799702,
    "erbbands_crest": {
        "mean": 11.9453496933,
        "var": 17.167760849
    },
    "erbbands_flatness_db": {
        "mean": 0.218119829893,
        "var": 0.00114666752052
    },
    "erbbands_kurtosis": {
        "mean": 0.810675799847,
        "var": 5.5402469635
    },
    "erbbands_skewness": {
        "mean": 0.618367791176,
        "var": 0.898168563843
    },
    "erbbands_spread": {
        "mean": 32.7421913147,
        "var": 138.267852783
    },
    "hfc": {
        "mean": 15.0387353897,
        "var": 70.1797485352
    },
    "melbands_crest": {
        "mean": 21.4631328583,
        "var": 30.5082607269
    },
    "melbands_flatness_db": {
        "mean": 0.365488320589,
        "var": 0.00897233467549
    },
    "melbands_kurtosis": {
        "mean": 35.6912727356,
        "var": 1152.2635498
    },
    "melbands_skewness": {
        "mean": 4.15665340424,
        "var": 4.03344678879
    },
    "melbands_spread": {
        "mean": 9.22929477692,
        "var": 146.006362915
    },
    "pitch_salience": {
        "mean": 0.389973044395,
        "var": 0.0108511354774
    },
    "silence_rate_20dB": {
        "mean": 1,
        "var": 0
    },
    "silence_rate_30dB": {
        "mean": 0.797735452652,
        "var": 0.161354362965
    },
    "silence_rate_60dB": {
        "mean": 0.00205867225304,
        "var": 0.00205448735505
    },
    "spectral_centroid": {
        "mean": 565.794677734,
        "var": 318610.0625
    },
    "spectral_complexity": {
        "mean": 10.9819869995,
        "var": 7.07375240326
    },
    "spectral_decrease": {
        "mean": -1.81277961531e-008,
        "var": 2.08005788213e-016
    },
    "spectral_energy": {
        "mean": 0.0697825178504,
        "var": 0.00300594931468
    },
    "spectral_energyband_high": {
        "mean": 0.000129957756144,
        "var": 7.4587255483e-008
    },
    "spectral_energyband_low": {
        "mean": 0.0500378608704,
        "var": 0.00249892473221
    },
    "spectral_energyband_middle_high": {
        "mean": 0.00322021427564,
        "var": 1.52244947458e-005
    },
    "spectral_energyband_middle_low": {
        "mean": 0.016849514097,
        "var": 0.000172280662809
    },
    "spectral_entropy": {
        "mean": 6.03144168854,
        "var": 0.249560236931
    },
    "spectral_flux": {
        "mean": 0.0592984445393,
        "var": 0.00219806167297
    },
    "spectral_kurtosis": {
        "mean": 16.609670639,
        "var": 155.679733276
    },
    "spectral_rms": {
        "mean": 0.00771626736969,
        "var": 8.53971141623e-006
    },
    "spectral_rolloff": {
        "mean": 534.637756348,
        "var": 937019.875
    },
    "spectral_skewness": {
        "mean": 2.89874625206,
        "var": 1.04900503159
    },
    "spectral_spread": {
        "mean": 2764959.75,
        "var": 2.86821030298e+012
    },
    "spectral_strongpeak": {
        "mean": 0.939121365547,
        "var": 0.331237524748
    },
    "zerocrossingrate": {
        "mean": 0.0218083038926,
        "var": 0.000751577317715
    },
    "barkbands": {
        "mean": [1.34923375299e-005, 0.0255167074502, 0.0241286437958, 0.00183742062654, 0.0108870817348, 0.00321851857007, 0.000121783195937, 0.000425168313086, 9.8652089946e-005, 0.000391694629798, 1.22901810755e-005, 0.00121523463167, 4.26527949458e-005, 0.000686640501954, 0.000456137320725, 4.37788221461e-005, 0.000486144796014, 4.5373730245e-005, 1.0682319953e-005, 4.06397230108e-005, 3.46365413861e-005, 2.70405289484e-005, 1.59773808264e-005, 2.1166553779e-005, 4.36849450125e-006, 6.61961792048e-007, 2.08571133697e-008],
        "var": [7.1718133654e-009, 0.000683909398504, 0.000578694860451, 1.1082389392e-005, 9.33302289923e-005, 1.09762486318e-005, 1.43105607364e-008, 2.30626326925e-007, 1.90215772022e-008, 2.10295041825e-007, 4.04909744622e-010, 3.16619048135e-006, 1.0813189455e-008, 1.08412257305e-006, 8.37731477077e-007, 1.709603481e-008, 4.69317626539e-007, 7.19133375071e-009, 2.75305278574e-010, 7.65857155471e-009, 5.90904525311e-009, 5.31149835226e-009, 1.41519529429e-009, 3.63614827137e-009, 1.23160287524e-010, 5.58883625143e-012, 7.56495458995e-015]
    },
    "erbbands": {
        "mean": [0.124045357108, 7.79594707489, 34.1114044189, 8.16906356812, 22.7009353638, 27.8896884918, 63.4135932922, 10.8664865494, 2.65220046043, 8.80566978455, 4.11093235016, 2.0522005558, 13.0236434937, 5.22349262238, 7.62316083908, 58.0735321045, 5.32200193405, 40.9267158508, 12.3812847137, 25.192489624, 20.378276825, 11.9651594162, 2.83060860634, 1.00755143166, 0.715147674084, 1.46912765503, 1.65906214714, 1.82072639465, 1.06615579128, 0.298628270626, 0.583415985107, 0.696144461632, 0.106091208756, 0.0523051284254, 0.0346608646214, 0.00381723209284, 0.00160203187261, 0.000113993679406, 3.5403376387e-005, 7.68909376347e-005],
        "var": [0.0157352462411, 63.4884605408, 1172.1517334, 68.3061218262, 1596.07836914, 521.228820801, 3642.6496582, 108.223487854, 6.63176059723, 135.189605713, 11.3807182312, 5.36844921112, 222.142425537, 119.185218811, 83.9970169067, 7619.59033203, 41.0812530518, 3522.29467773, 375.868133545, 3159.79614258, 846.661071777, 256.812591553, 19.4173755646, 4.40316581726, 1.26564610004, 9.2480506897, 12.0022068024, 20.9162406921, 7.76123189926, 0.877224624157, 1.98791801929, 3.50655603409, 0.156815052032, 0.0156786572188, 0.0099160624668, 0.000137165712658, 4.19265343226e-005, 1.19886394145e-007, 6.59452714658e-010, 3.49131079602e-009]
    },
    "gfcc": {
        "mean": [-49.5134773254, 160.416366577, -104.658615112, 44.5809440613, -27.7965278625, 22.728017807, -36.9323616028, -19.1490345001, -11.8578681946, -12.7070007324, -10.100938797, -6.46130275726, 8.11780071259],
        "cov": [[4243.05517578, -634.664550781, -692.922973633, 135.386962891, -359.975921631, 380.10824585, -275.042541504, 94.7134399414, -218.104263306, 203.200195313, -155.612686157, 44.2920799255, -98.9011764526], [-634.664550781, 972.897155762, 355.737182617, -4.71256732941, 281.550964355, -290.08984375, 188.238021851, -124.017822266, 139.231140137, -225.257492065, 85.7476119995, -91.0108642578, 93.1219558716], [-692.922973633, 355.737182617, 582.172119141, 27.6895866394, 200.265731812, -129.44593811, 114.679443359, -5.40438699722, 22.5254878998, -98.9962081909, -15.4231834412, -32.6881256104, 23.1954402924], [135.386962891, -4.71256732941, 27.6895866394, 157.654022217, 16.4830741882, 20.7192077637, 37.1506004333, -32.6764945984, 42.048160553, -35.0096626282, -1.94461214542, -28.3216876984, 10.7836828232], [-359.975921631, 281.550964355, 200.265731812, 16.4830741882, 257.447631836, -55.1289596558, 95.5487594604, -29.4425525665, 35.6285247803, -72.6417694092, 5.84059858322, -30.3598499298, 28.1280498505], [380.10824585, -290.08984375, -129.44593811, 20.7192077637, -55.1289596558, 208.993499756, -18.7126369476, 15.8555107117, -28.8072357178, 43.6281890869, -30.4940776825, 7.3991932869, -7.71538305283], [-275.042541504, 188.238021851, 114.679443359, 37.1506004333, 95.5487594604, -18.7126369476, 164.121795654, -28.4673271179, 33.9242897034, -83.4647445679, -8.60333442688, -34.7101821899, 21.1390266418], [94.7134399414, -124.017822266, -5.40438699722, -32.6764945984, -29.4425525665, 15.8555107117, -28.4673271179, 88.1905288696, -38.1727752686, 26.6785392761, -18.1374435425, 20.4777450562, -19.7767848969], [-218.104263306, 139.231140137, 22.5254878998, 42.048160553, 35.6285247803, -28.8072357178, 33.9242897034, -38.1727752686, 105.559928894, -32.0681724548, 23.1502132416, -27.9095573425, 24.8462848663], [203.200195313, -225.257492065, -98.9962081909, -35.0096626282, -72.6417694092, 43.6281890869, -83.4647445679, 26.6785392761, -32.0681724548, 144.0574646, -10.698756218, 14.7667121887, -32.191204071], [-155.612686157, 85.7476119995, -15.4231834412, -1.94461214542, 5.84059858322, -30.4940776825, -8.60333442688, -18.1374435425, 23.1502132416, -10.698756218, 73.8305358887, -7.38767290115, -2.38231420517], [44.2920799255, -91.0108642578, -32.6881256104, -28.3216876984, -30.3598499298, 7.3991932869, -34.7101821899, 20.4777450562, -27.9095573425, 14.7667121887, -7.38767290115, 64.13256073, -3.44578647614], [-98.9011764526, 93.1219558716, 23.1954402924, 10.7836828232, 28.1280498505, -7.71538305283, 21.1390266418, -19.7767848969, 24.8462848663, -32.191204071, -2.38231420517, -3.44578647614, 74.3223114014]],
        "icov": [[0.00095042749308, -0.00269016227685, 0.00121595698874, -0.0028674735222, 0.000940989120863, -0.0027200540062, 0.00175340438727, -0.00171689444687, 0.00238305400126, -0.00155655900016, 0.00286614941433, -0.00104978564195, 0.00165021338034], [-0.00269016227685, 0.0144982011989, -0.00424454826862, 0.0117449201643, -0.00503902696073, 0.0133383069187, -0.00629121344537, 0.0088547244668, -0.00879845395684, 0.00923742260784, -0.0111233945936, 0.00764552736655, -0.00774715002626], [0.00121595698874, -0.00424454826862, 0.00452259881422, -0.00457463087514, -0.000168065264006, -0.00264299870469, 0.00179602613207, -0.00352125521749, 0.0037643618416, -0.00203224411234, 0.00504445564002, -0.00143571617082, 0.00248643639497], [-0.0028674735222, 0.0117449201643, -0.00457463087514, 0.0189223904163, -0.0034256929066, 0.00949839968234, -0.00605169357732, 0.00917031709105, -0.010878931731, 0.00886485073715, -0.00913224089891, 0.00760850729421, -0.00586887123063], [0.000940989120863, -0.00503902696073, -0.000168065264006, -0.0034256929066, 0.00810347869992, -0.00460218684748, 0.000231643411098, -0.00227852747776, 0.00260825688019, -0.00267227273434, 0.00329654291272, -0.00194790330715, 0.00188449083362], [-0.0027200540062, 0.0133383069187, -0.00264299870469, 0.00949839968234, -0.00460218684748, 0.0190370734781, -0.00693978974596, 0.00753220682964, -0.00702970428392, 0.00703009497374, -0.00858048163354, 0.00703608104959, -0.00774280587211], [0.00175340438727, -0.00629121344537, 0.00179602613207, -0.00605169357732, 0.000231643411098, -0.00693978974596, 0.0147178759798, -0.00288868974894, 0.00380504271016, 0.00111533864401, 0.00849646981806, 0.000510117621161, 0.00427753571421], [-0.00171689444687, 0.0088547244668, -0.00352125521749, 0.00917031709105, -0.00227852747776, 0.00753220682964, -0.00288868974894, 0.0208039525896, -0.00300983246416, 0.00532999262214, -0.00442141294479, 0.00268201483414, -0.00231169629842], [0.00238305400126, -0.00879845395684, 0.0037643618416, -0.010878931731, 0.00260825688019, -0.00702970428392, 0.00380504271016, -0.00300983246416, 0.0210545696318, -0.00544438557699, 0.00491236429662, -0.000876674253959, 0.00171881169081], [-0.00155655900016, 0.00923742260784, -0.00203224411234, 0.00886485073715, -0.00267227273434, 0.00703009497374, 0.00111533864401, 0.00532999262214, -0.00544438557699, 0.0178790576756, -0.00472674658522, 0.00676511786878, -0.00172894168645], [0.00286614941433, -0.0111233945936, 0.00504445564002, -0.00913224089891, 0.00329654291272, -0.00858048163354, 0.00849646981806, -0.00442141294479, 0.00491236429662, -0.00472674658522, 0.0270894635469, -0.00384778063744, 0.0087706707418], [-0.00104978564195, 0.00764552736655, -0.00143571617082, 0.00760850729421, -0.00194790330715, 0.00703608104959, 0.000510117621161, 0.00268201483414, -0.000876674253959, 0.00676511786878, -0.00384778063744, 0.0248118992895, -0.00534580880776], [0.00165021338034, -0.00774715002626, 0.00248643639497, -0.00586887123063, 0.00188449083362, -0.00774280587211, 0.00427753571421, -0.00231169629842, 0.00171881169081, -0.00172894168645, 0.0087706707418, -0.00534580880776, 0.0207942463458]]
    },
    "melbands": {
        "mean": [0.0037805205211, 0.0157039240003, 0.00216471287422, 0.00166167726275, 0.00211831787601, 0.000296437152429, 3.49689835275e-005, 0.000102585087006, 2.33308055613e-005, 1.71062365553e-005, 6.50345318718e-005, 2.08149740502e-005, 4.0169256863e-006, 0.000151793748955, 5.15348983754e-005, 5.47927129446e-006, 9.16367789614e-005, 1.33330559038e-005, 3.21565130434e-005, 1.61899752129e-005, 3.29795802827e-005, 1.84216805792e-005, 2.99168004858e-006, 2.05786773222e-006, 5.73021679884e-007, 4.95269887324e-007, 6.97461928212e-007, 1.08100789475e-006, 1.26953511881e-006, 8.31284978631e-007, 1.11755502985e-006, 8.16395811398e-007, 1.47636171732e-007, 1.50937538024e-007, 2.71394100082e-007, 6.07422521171e-007, 3.01855521911e-007, 5.65321762735e-008, 5.90037316783e-008, 3.79822004959e-008],
        "var": [1.49372681335e-005, 0.000250948447501, 6.46178432362e-006, 4.55434474134e-006, 3.38848781212e-006, 8.18240479816e-008, 1.33661459678e-009, 1.79676451495e-008, 3.50905166036e-010, 4.27962193461e-010, 5.31899146949e-009, 2.48712961337e-009, 3.76933900759e-011, 4.89801017522e-008, 6.19807938307e-009, 1.03945622942e-010, 1.8454757722e-008, 7.60153440194e-010, 4.88957896394e-009, 1.22823873294e-009, 2.27646834716e-009, 6.77919442804e-010, 2.09869604334e-011, 2.04873513987e-011, 2.65879982961e-012, 7.06924807321e-013, 2.06266839546e-012, 5.41898774117e-012, 8.47890941486e-012, 2.91560720879e-012, 8.55176693348e-012, 4.31248092791e-012, 5.05608738471e-013, 1.73505700367e-013, 4.91907675617e-013, 2.36059761148e-012, 7.06504678979e-013, 6.08110634873e-014, 4.243513093e-014, 8.07809731379e-015]
    },
    "mfcc": {
        "mean": [-698.794128418, 179.138717651, 7.51082181931, 37.0562019348, 30.5840644836, 33.8007011414, -4.70298194885, 1.68413925171, 5.59020996094, -2.74612593651, -17.4309177399, 11.2492523193, -6.32344341278],
        "cov": [[2558.43798828, -1033.75183105, -282.124481201, -262.665252686, -116.656654358, 51.391368866, -56.6509208679, -129.94744873, -14.8272972107, 97.5612564087, -66.3914413452, 104.352615356, 22.3301010132], [-1033.75183105, 1121.89648438, 153.23487854, 242.182983398, 121.961799622, -39.4662742615, 75.1432876587, 97.9643707275, 14.4756278992, -64.5572967529, 23.5483341217, -122.658554077, -11.4129829407], [-282.124481201, 153.23487854, 257.663757324, 83.924369812, 25.0509529114, 15.7554616928, 29.7920532227, 52.8953933716, 33.1923522949, -20.7365760803, -12.1801462173, -23.2649478912, -14.7814655304], [-262.665252686, 242.182983398, 83.924369812, 209.609802246, 35.9790382385, 30.4180431366, 19.6606063843, 47.6055412292, 21.4053821564, -13.3864622116, 6.22997903824, -34.9836883545, -6.74893045425], [-116.656654358, 121.961799622, 25.0509529114, 35.9790382385, 139.676116943, 18.7835960388, 20.8959827423, 9.17741107941, 6.82628154755, 8.27048397064, -0.04698972404, -14.5493888855, 14.0281553268], [51.391368866, -39.4662742615, 15.7554616928, 30.4180431366, 18.7835960388, 151.495758057, 8.37404727936, 15.6109781265, 45.4653282166, 18.6378765106, -24.9077854156, 32.64112854, 6.02679300308], [-56.6509208679, 75.1432876587, 29.7920532227, 19.6606063843, 20.8959827423, 8.37404727936, 105.434562683, 34.510433197, 10.0217828751, -1.08812272549, 2.86775827408, -30.2541885376, -2.11141633987], [-129.94744873, 97.9643707275, 52.8953933716, 47.6055412292, 9.17741107941, 15.6109781265, 34.510433197, 130.338973999, 15.6395454407, -23.1193294525, 2.05113720894, -36.5523376465, -24.9845275879], [-14.8272972107, 14.4756278992, 33.1923522949, 21.4053821564, 6.82628154755, 45.4653282166, 10.0217828751, 15.6395454407, 114.773841858, 14.0056304932, -51.2581558228, 6.65611553192, 23.2764911652], [97.5612564087, -64.5572967529, -20.7365760803, -13.3864622116, 8.27048397064, 18.6378765106, -1.08812272549, -23.1193294525, 14.0056304932, 90.2172088623, -22.4293174744, 8.84328174591, 21.4818706512], [-66.3914413452, 23.5483341217, -12.1801462173, 6.22997903824, -0.04698972404, -24.9077854156, 2.86775827408, 2.05113720894, -51.2581558228, -22.4293174744, 120.843490601, -30.9868717194, -40.6395263672], [104.352615356, -122.658554077, -23.2649478912, -34.9836883545, -14.5493888855, 32.64112854, -30.2541885376, -36.5523376465, 6.65611553192, 8.84328174591, -30.9868717194, 112.464004517, 14.0031642914], [22.3301010132, -11.4129829407, -14.7814655304, -6.74893045425, 14.0281553268, 6.02679300308, -2.11141633987, -24.9845275879, 23.2764911652, 21.4818706512, -40.6395263672, 14.0031642914, 104.804679871]],
        "icov": [[0.000682271143887, 0.000555810052902, 0.000412002351368, 5.04416784679e-005, 4.42062118964e-005, -0.000157447720994, -0.000162795506185, 0.000191412153072, 8.69005598361e-005, -0.000136827133247, 0.000398150266847, 0.000240143519477, 0.00015305148554], [0.000555810052902, 0.00193130550906, 0.000147274928167, -0.00129776878748, -0.000853966514114, 0.000496054650284, -0.000496711698361, 1.62951982929e-005, 4.38987945017e-006, 0.00061623257352, 0.00049190572463, 0.000915252079722, 4.99190500705e-005], [0.000412002351368, 0.000147274928167, 0.00519437948242, -0.00130430073477, -0.000298745639157, 6.09644012002e-005, -0.000693905109074, -0.000737291935366, -0.000938752142247, 0.000629785645287, 0.000850403215736, 0.000102881291241, 0.000819021835923], [5.04416784679e-005, -0.00129776878748, -0.00130430073477, 0.00746950739995, -0.000183422846021, -0.00180777406786, 0.000693429785315, -0.000894025200978, -0.000327274465235, -0.000150088875671, -0.000612003263086, 0.000872886390425, -0.000176168570761], [4.42062118964e-005, -0.000853966514114, -0.000298745639157, -0.000183422846021, 0.00853997841477, -0.00130123295821, -0.000899726233911, 0.000271670083748, 0.00046582322102, -0.00112096918747, -0.000426433311077, 0.000337717647199, -0.00126214441843], [-0.000157447720994, 0.000496054650284, 6.09644012002e-005, -0.00180777406786, -0.00130123295821, 0.00915063358843, -0.000776318076532, -0.00136188452598, -0.00295200222172, -0.00128288124688, -0.000294714409392, -0.00320868054405, 0.000520427245647], [-0.000162795506185, -0.000496711698361, -0.000693905109074, 0.000693429785315, -0.000899726233911, -0.000776318076532, 0.0114159705117, -0.00214144680649, -0.000350567570422, -0.000545470393263, -0.000320833933074, 0.00219243438914, -0.000415740592871], [0.000191412153072, 1.62951982929e-005, -0.000737291935366, -0.000894025200978, 0.000271670083748, -0.00136188452598, -0.00214144680649, 0.0108064617962, -0.000686641549692, 0.00211823149584, 0.00119428511243, 0.00270605180413, 0.00219427514821], [8.69005598361e-005, 4.38987945017e-006, -0.000938752142247, -0.000327274465235, 0.00046582322102, -0.00295200222172, -0.000350567570422, -0.000686641549692, 0.0125710051507, -0.000602520420216, 0.00438853679225, 0.000904919230379, -0.00132249563467], [-0.000136827133247, 0.00061623257352, 0.000629785645287, -0.000150088875671, -0.00112096918747, -0.00128288124688, -0.000545470393263, 0.00211823149584, -0.000602520420216, 0.0133895445615, 0.00173332868144, 0.0012632405851, -0.00121409562416], [0.000398150266847, 0.00049190572463, 0.000850403215736, -0.000612003263086, -0.000426433311077, -0.000294714409392, -0.000320833933074, 0.00119428511243, 0.00438853679225, 0.00173332868144, 0.012618987821, 0.00312397908419, 0.00354737904854], [0.000240143519477, 0.000915252079722, 0.000102881291241, 0.000872886390425, 0.000337717647199, -0.00320868054405, 0.00219243438914, 0.00270605180413, 0.000904919230379, 0.0012632405851, 0.00312397908419, 0.0131187159568, -5.35515173397e-005], [0.00015305148554, 4.99190500705e-005, 0.000819021835923, -0.000176168570761, -0.00126214441843, 0.000520427245647, -0.000415740592871, 0.00219427514821, -0.00132249563467, -0.00121409562416, 0.00354737904854, -5.35515173397e-005, 0.0121975606307]]
    },
    "spectral_contrast_coeffs": {
        "mean": [-0.532184958458, -0.573855102062, -0.630772531033, -0.669098973274, -0.682593166828, -0.681640923023],
        "var": [0.00438754586503, 0.00443902565166, 0.00444017956033, 0.00335560040548, 0.00270465807989, 0.0028942367062]
    },
    "spectral_contrast_valleys": {
        "mean": [-6.95136165619, -8.2775812149, -8.80725383759, -9.22620487213, -9.76199436188, -12.7676448822],
        "var": [1.15476572514, 0.887182354927, 0.894816458225, 0.795962870121, 0.911855459213, 0.827900230885]
    }
},
"metadata": {
    "audio_properties": {
        "analysis_sample_rate": 44100,
        "bit_rate": 97815,
        "equal_loudness": 0,
        "length": 45.0873451233,
        "lossless": 0,
        "replay_gain": -8.80197525024,
        "sample_rate": 44100,
        "codec": "mp3",
        "downmix": "mix",
        "md5_encoded": "954185ac984a220f1e4b482eeb7ea900"
    },
    "tags": {
        "file_name": "342.mp3"
    },
    "version": {
        "essentia": "2.1-beta2",
        "essentia_git_sha": "v2.1_beta2",
        "extractor": "music 1.0"
    }
},
"rhythm": {
    "beats_count": 89,
    "beats_loudness": {
        "mean": 0.0691143423319,
        "var": 0.00132277468219
    },
    "bpm": 119.391593933,
    "bpm_histogram_first_peak_bpm": {
        "mean": 120,
        "var": 0
    },
    "bpm_histogram_first_peak_spread": {
        "mean": 0.5,
        "var": 0
    },
    "bpm_histogram_first_peak_weight": {
        "mean": 0.5,
        "var": 0
    },
    "bpm_histogram_second_peak_bpm": {
        "mean": 0,
        "var": 0
    },
    "bpm_histogram_second_peak_spread": {
        "mean": 0,
        "var": 0
    },
    "bpm_histogram_second_peak_weight": {
        "mean": 0,
        "var": 0
    },
    "danceability": 1.62621295452,
    "onset_rate": 3.99070954323,
    "beats_loudness_band_ratio": {
        "mean": [0.630144000053, 0.208286643028, 0.0280091334134, 0.0819638520479, 0.0587409846485, 0.00905488617718],
        "var": [0.0440560616553, 0.0149561138824, 0.000550480443053, 0.00730737671256, 0.00453203497455, 0.000194890715647]
    },
    "beats_position": [0.487619042397, 0.99845802784, 1.49768710136, 1.99691605568, 2.50775504112, 3.01859402657, 3.51782298088, 4.01705217361, 4.51628112793, 5.01551008224, 5.51473903656, 6.01396799088, 6.52480697632, 7.03564596176, 7.53487491608, 8.03410434723, 8.53333282471, 9.03256225586, 9.52018165588, 10.0194101334, 10.5186395645, 11.0062580109, 11.5170974731, 12.0163259506, 12.5155553818, 13.0031747818, 13.5140132904, 14.0016326904, 14.5008611679, 15.0000905991, 15.4993190765, 15.9869384766, 16.4861679077, 16.99700737, 17.4962348938, 17.995464325, 18.4946937561, 18.9939231873, 19.5047607422, 20.0039901733, 20.5032196045, 20.9908390045, 21.5016784668, 22.0125160217, 22.523355484, 23.010974884, 23.5102043152, 24.009431839, 24.5202713013, 25.0311107635, 25.5303401947, 26.0295696259, 26.5287971497, 27.0280265808, 27.5388660431, 28.0497055054, 28.5489330292, 29.0481624603, 29.5590019226, 30.0466213226, 30.5574588776, 31.0682983398, 31.5791378021, 32.0899772644, 32.5775947571, 33.0884361267, 33.5876655579, 34.0868911743, 34.5977325439, 35.1085700989, 35.6194114685, 36.1302490234, 36.6294784546, 37.1403160095, 37.6511573792, 38.1619949341, 38.6612243652, 39.1720619202, 39.6829032898, 40.1937408447, 40.6929702759, 41.2038078308, 41.703037262, 42.2022666931, 42.7014961243, 43.2123336792, 43.7231750488, 44.22240448, 44.7216300964]
},
"tonal": {
    "chords_changes_rate": 0.0267489720136,
    "chords_number_rate": 0.00411522621289,
    "chords_strength": {
        "mean": 0.488986253738,
        "var": 0.00199253368191
    },
    "hpcp_entropy": {
        "mean": 1.33137965202,
        "var": 0.2284360677
    },
    "key_strength": 0.71282607317,
    "tuning_diatonic_strength": 0.566891014576,
    "tuning_equal_tempered_deviation": 0.0362154468894,
    "tuning_frequency": 434.695007324,
    "tuning_nontempered_energy_ratio": 0.615590393543,
    "hpcp": {
        "mean": [0.00913560949266, 0.00637580826879, 0.00113075121772, 0.000831494049635, 0.00098560762126, 0.0110861621797, 0.0167172458023, 0.00750079844147, 0.0864525511861, 0.178262382746, 0.0954277068377, 0.00392341054976, 0.00318668084219, 0.0038516477216, 0.122317939997, 0.289839416742, 0.176740795374, 0.00814672745764, 0.00197418965399, 0.00272485427558, 0.00721727218479, 0.0116404332221, 0.0114966407418, 0.0108633581549, 0.00934404972941, 0.00751776527613, 0.0157678201795, 0.0302815008909, 0.071842327714, 0.501069784164, 0.890818953514, 0.486402869225, 0.049733184278, 0.00953588355333, 0.00389531231485, 0.00433029374108],
        "var": [0.00064397463575, 0.000316464400385, 1.58170023496e-005, 1.93480664166e-005, 4.09598796978e-005, 0.000856874219608, 0.00188232120126, 0.000298776954878, 0.0204627793282, 0.083411604166, 0.0231305230409, 7.58751411922e-005, 9.94820438791e-005, 0.000476780784084, 0.0182050429285, 0.0924600362778, 0.0348430462182, 0.000337518198648, 0.000185189419426, 0.000248212571023, 0.00129190576263, 0.00193120317999, 0.00242619775236, 0.00461863633245, 0.00400975439698, 0.00389511161484, 0.00519525911659, 0.00980385020375, 0.0297316871583, 0.0558652281761, 0.0508082248271, 0.049650490284, 0.0176100507379, 0.00292322831228, 0.00125043804292, 0.000213289808016]
    },
    "chords_histogram": [23.8683128357, 0, 2.77777767181, 0, 0, 0, 0, 15.7407407761, 0, 57.6131706238, 0, 0, 0, 0, 0, 0, 0, 0, 0, 0, 0, 0, 0, 0],
    "thpcp": [1, 0.54601764679, 0.0558286085725, 0.0107046253979, 0.0043727317825, 0.00486102560535, 0.0102552929893, 0.00715724378824, 0.00126933900174, 0.00093340408057, 0.00110640621278, 0.0124449105933, 0.0187661536038, 0.00842011533678, 0.097048394382, 0.200110673904, 0.107123568654, 0.00440427381545, 0.00357724865898, 0.00432371534407, 0.137309536338, 0.325362861156, 0.1984025985, 0.0091452114284, 0.00221615144983, 0.00305881933309, 0.00810183957219, 0.0130671141669, 0.0129056982696, 0.0121947992593, 0.0104892803356, 0.00843916181475, 0.0177003648132, 0.0339928790927, 0.0806475058198, 0.562482178211],
    "chords_key": "G",
    "chords_scale": "major",
    "key_key": "C",
    "key_scale": "minor"
}
}