{
"lowlevel": {
    "average_loudness": 0.952692389488,
    "barkbands_crest": {
        "mean": 13.2179136276,
        "var": 19.4725246429
    },
    "barkbands_flatness_db": {
        "mean": 0.27840000391,
        "var": 0.00575156416744
    },
    "barkbands_kurtosis": {
        "mean": 9.1958360672,
        "var": 227.072494507
    },
    "barkbands_skewness": {
        "mean": 1.91276407242,
        "var": 1.87248313427
    },
    "barkbands_spread": {
        "mean": 6.7253279686,
        "var": 33.1641197205
    },
    "dissonance": {
        "mean": 0.368552327156,
        "var": 0.00359472236596
    },
    "dynamic_complexity": 3.59930801392,
    "erbbands_crest": {
        "mean": 13.6078653336,
        "var": 27.4930801392
    },
    "erbbands_flatness_db": {
        "mean": 0.257782310247,
        "var": 0.00324624055065
    },
    "erbbands_kurtosis": {
        "mean": 2.23568558693,
        "var": 17.9796524048
    },
    "erbbands_skewness": {
        "mean": 0.714504778385,
        "var": 0.917246282101
    },
    "erbbands_spread": {
        "mean": 18.4676246643,
        "var": 93.5585861206
    },
    "hfc": {
        "mean": 11.2380800247,
        "var": 280.559417725
    },
    "melbands_crest": {
        "mean": 17.8444633484,
        "var": 32.4035148621
    },
    "melbands_flatness_db": {
        "mean": 0.363848268986,
        "var": 0.00875603500754
    },
    "melbands_kurtosis": {
        "mean": 13.0716247559,
        "var": 330.271209717
    },
    "melbands_skewness": {
        "mean": 2.36090040207,
        "var": 2.22642207146
    },
    "melbands_spread": {
        "mean": 9.16718673706,
        "var": 98.0592727661
    },
    "pitch_salience": {
        "mean": 0.448780417442,
        "var": 0.0139570264146
    },
    "silence_rate_20dB": {
        "mean": 1,
        "var": 0
    },
    "silence_rate_30dB": {
        "mean": 0.989706635475,
        "var": 0.0101874200627
    },
    "silence_rate_60dB": {
        "mean": 0.0550694800913,
        "var": 0.0520353354514
    },
    "spectral_centroid": {
        "mean": 490.745269775,
        "var": 152316.46875
    },
    "spectral_complexity": {
        "mean": 8.18322181702,
        "var": 11.6668729782
    },
    "spectral_decrease": {
        "mean": -6.02408256611e-009,
        "var": 3.00550748528e-017
    },
    "spectral_energy": {
        "mean": 0.0237556006759,
        "var": 0.000479239504784
    },
    "spectral_energyband_high": {
        "mean": 0.000137425231514,
        "var": 3.04089041947e-007
    },
    "spectral_energyband_low": {
        "mean": 0.00519548123702,
        "var": 6.29583373666e-005
    },
    "spectral_energyband_middle_high": {
        "mean": 0.00496959034353,
        "var": 0.000110823573777
    },
    "spectral_energyband_middle_low": {
        "mean": 0.0147901037708,
        "var": 0.000221442314796
    },
    "spectral_entropy": {
        "mean": 5.90595293045,
        "var": 0.361078560352
    },
    "spectral_flux": {
        "mean": 0.0493465550244,
        "var": 0.00187139189802
    },
    "spectral_kurtosis": {
        "mean": 30.6475105286,
        "var": 719.197143555
    },
    "spectral_rms": {
        "mean": 0.00438910350204,
        "var": 3.91198818761e-006
    },
    "spectral_rolloff": {
        "mean": 638.315246582,
        "var": 590196.9375
    },
    "spectral_skewness": {
        "mean": 4.05530738831,
        "var": 2.86126971245
    },
    "spectral_spread": {
        "mean": 2585163.25,
        "var": 2.4696347689e+012
    },
    "spectral_strongpeak": {
        "mean": 1.18630611897,
        "var": 2.38190054893
    },
    "zerocrossingrate": {
        "mean": 0.0250345282257,
        "var": 0.000553633901291
    },
    "barkbands": {
        "mean": [1.70569219335e-005, 0.000805807823781, 0.00307104270905, 0.00284560630098, 0.00706127332523, 0.00153633207083, 0.00212080939673, 0.000785526586697, 0.000386723899283, 0.0027217802126, 0.000407902378356, 0.000953984097578, 0.000132042841869, 0.000120189848531, 0.000450263120001, 0.000103958649561, 3.82425860153e-005, 2.96919970424e-005, 2.67755112873e-005, 7.15063197276e-006, 2.07982739084e-005, 2.49195400102e-005, 3.94898306695e-005, 1.9674840587e-005, 2.08621877391e-005, 7.54921620683e-006, 1.74655170326e-007],
        "var": [1.83218606953e-009, 1.81063035143e-006, 4.45871337433e-005, 1.51534877659e-005, 0.000114146219858, 4.83348912894e-006, 4.44157485617e-005, 4.05319497077e-006, 3.65342020814e-006, 5.98031001573e-005, 3.03639922095e-006, 2.28078624787e-005, 1.21623799032e-007, 1.06954097134e-007, 5.34736682312e-006, 2.00351507829e-007, 1.77047585481e-008, 9.8837862339e-009, 9.00303831486e-009, 4.34991792586e-010, 4.94806151607e-009, 2.43752484863e-008, 4.46895853656e-008, 1.43880756198e-008, 2.23939622401e-008, 1.61733293425e-009, 1.37747734226e-012]
    },
    "erbbands": {
        "mean": [0.0080256825313, 0.291543066502, 3.17198109627, 6.65928792953, 16.3578109741, 24.272359848, 23.4447345734, 9.35697555542, 30.0039844513, 17.6342887878, 19.7424259186, 11.2448835373, 29.3190174103, 89.2525024414, 25.9194965363, 38.9738693237, 9.34329223633, 5.30113172531, 27.4365901947, 9.43884754181, 4.8678689003, 2.00074672699, 1.98586666584, 1.16209232807, 1.0915967226, 0.471268385649, 0.787759125233, 0.744374096394, 0.712662875652, 0.864486813545, 1.36090052128, 0.622283220291, 0.343827158213, 0.303789675236, 0.070016041398, 0.0482682287693, 0.00890373904258, 0.00127749878448, 4.26282931585e-005, 2.81854372588e-005],
        "var": [0.000162973461556, 0.285455822945, 47.5324516296, 54.9170722961, 813.102844238, 1619.91687012, 1252.12756348, 150.160736084, 9598.05273438, 2294.34008789, 2927.28100586, 2866.8659668, 8968.65917969, 64450.2304688, 5868.37207031, 45938.4882813, 672.779724121, 158.024917603, 19083.2832031, 1852.66210938, 314.430450439, 39.4865150452, 46.6807899475, 13.5693635941, 13.6380500793, 1.56700658798, 8.48186969757, 6.67159700394, 23.4539318085, 17.1531162262, 56.8302268982, 12.8188085556, 5.52644443512, 5.21431303024, 0.175930291414, 0.080003798008, 0.00193491438404, 4.70969825983e-005, 3.68235930637e-008, 8.10554179331e-010]
    },
    "gfcc": {
        "mean": [-110.871742249, 161.311203003, -93.6613998413, 0.872020244598, -55.3450927734, 7.7729101181, -39.6678352356, -12.7895717621, -26.5082740784, -14.8869962692, -20.3090782166, -7.52086830139, -4.81164646149],
        "cov": [[7914.48242188, -2374.45727539, -1262.10461426, 237.500762939, -768.521728516, 547.138793945, -510.732452393, 245.950744629, -357.479766846, 165.288085938, -90.4178695679, 372.557922363, -120.430595398], [-2374.45727539, 1778.67736816, 320.379394531, -343.289672852, 419.250366211, -336.783294678, 289.427276611, -251.872695923, 143.780014038, -191.90145874, 95.7905960083, -238.653198242, 139.183288574], [-1262.10461426, 320.379394531, 894.118164063, 119.095108032, 187.922622681, 2.06963586807, 49.2356033325, 70.6652297974, 30.4136810303, 27.6370010376, -19.5268115997, -9.00402259827, -37.3500404358], [237.500762939, -343.289672852, 119.095108032, 425.027618408, 36.8652038574, 73.9857635498, -14.6160411835, 64.2918243408, 0.75515216589, 36.0908737183, -21.9794330597, 19.4219474792, -35.2153930664], [-768.521728516, 419.250366211, 187.922622681, 36.8652038574, 341.01473999, -41.365196228, 90.1182479858, -8.09153556824, 45.4926834106, -21.7582263947, 9.61526584625, -43.152633667, 14.4165716171], [547.138793945, -336.783294678, 2.06963586807, 73.9857635498, -41.365196228, 233.412155151, -15.0588855743, 58.4929389954, -8.61281394958, 52.3614578247, -14.5803060532, 52.8376655579, 2.91178131104], [-510.732452393, 289.427276611, 49.2356033325, -14.6160411835, 90.1182479858, -15.0588855743, 193.301116943, -11.2458114624, 38.5869407654, -8.8869562149, 13.9509086609, -42.602306366, 35.2814407349], [245.950744629, -251.872695923, 70.6652297974, 64.2918243408, -8.09153556824, 58.4929389954, -11.2458114624, 228.41619873, 32.5206832886, 46.4952430725, -23.2840595245, 53.9245452881, -36.9996337891], [-357.479766846, 143.780014038, 30.4136810303, 0.75515216589, 45.4926834106, -8.61281394958, 38.5869407654, 32.5206832886, 140.409164429, 17.7106304169, -5.88033485413, -32.4410324097, 9.24560260773], [165.288085938, -191.90145874, 27.6370010376, 36.0908737183, -21.7582263947, 52.3614578247, -8.8869562149, 46.4952430725, 17.7106304169, 148.936889648, 11.7098331451, 36.3499298096, -28.3403320313], [-90.4178695679, 95.7905960083, -19.5268115997, -21.9794330597, 9.61526584625, -14.5803060532, 13.9509086609, -23.2840595245, -5.88033485413, 11.7098331451, 120.850135803, 22.3606128693, -7.16571998596], [372.557922363, -238.653198242, -9.00402259827, 19.4219474792, -43.152633667, 52.8376655579, -42.602306366, 53.9245452881, -32.4410324097, 36.3499298096, 22.3606128693, 137.436538696, -15.9892501831], [-120.430595398, 139.183288574, -37.3500404358, -35.2153930664, 14.4165716171, 2.91178131104, 35.2814407349, -36.9996337891, 9.24560260773, -28.3403320313, -7.16571998596, -15.9892501831, 125.97492981]],
        "icov": [[0.00033832032932, -0.000166154073668, 0.00049490982201, -0.000251247605775, 0.000347125838744, -0.000616959179752, 0.000494870531838, -0.000350749789504, 0.000673419097438, -0.000203780844458, 0.000315072858939, -0.000315752695315, 0.000199004076421], [-0.000166154073668, 0.00467008538544, -0.00180454307701, 0.00286999973468, -0.0030720194336, 0.0033473088406, -0.00294685713015, 0.00254093855619, -0.00313723622821, 0.00280460552312, -0.0031623847317, 0.00265187257901, -0.0021876192186], [0.00049490982201, -0.00180454307701, 0.00261142989621, -0.00153140351176, 0.000766305194702, -0.0018865687307, 0.0015097304713, -0.00161310750991, 0.00200952845626, -0.00142276787665, 0.00172504223883, -0.00129510345869, 0.00133852753788], [-0.000251247605775, 0.00286999973468, -0.00153140351176, 0.00455889012665, -0.00238092150539, 0.00150991289411, -0.00177210639231, 0.00130029721186, -0.00200632563792, 0.00152917508967, -0.00168924662285, 0.00183081615251, -0.000847405579407], [0.000347125838744, -0.0030720194336, 0.000766305194702, -0.00238092150539, 0.00617982493713, -0.00209193211049, 0.000873525394127, -0.00172045535874, 0.00170424906537, -0.00138717889786, 0.00179575243965, -0.00156484532636, 0.00134515599348], [-0.000616959179752, 0.0033473088406, -0.0018865687307, 0.00150991289411, -0.00209193211049, 0.00863154605031, -0.00291611161083, 0.00149753177539, -0.00273674353957, 0.000745291123167, -0.00183192105033, 0.000814899452962, -0.00276115396991], [0.000494870531838, -0.00294685713015, 0.0015097304713, -0.00177210639231, 0.000873525394127, -0.00291611161083, 0.00904571637511, -0.00220441189595, 0.00177321874071, -0.0020651135128, 0.001066978788, -0.000265452748863, -9.99865806079e-005], [-0.000350749789504, 0.00254093855619, -0.00161310750991, 0.00130029721186, -0.00172045535874, 0.00149753177539, -0.00220441189595, 0.00770034082234, -0.00406014360487, 0.00110621005297, -0.000368879787857, -0.000915351498406, 0.000193535423023], [0.000673419097438, -0.00313723622821, 0.00200952845626, -0.00200632563792, 0.00170424906537, -0.00273674353957, 0.00177321874071, -0.00406014360487, 0.0119455810636, -0.00363416527398, 0.00241351383738, 0.000354612420779, 0.000812021724414], [-0.000203780844458, 0.00280460552312, -0.00142276787665, 0.00152917508967, -0.00138717889786, 0.000745291123167, -0.0020651135128, 0.00110621005297, -0.00363416527398, 0.0101410765201, -0.00287353340536, 0.000264852249529, 0.000175253546331], [0.000315072858939, -0.0031623847317, 0.00172504223883, -0.00168924662285, 0.00179575243965, -0.00183192105033, 0.001066978788, -0.000368879787857, 0.00241351383738, -0.00287353340536, 0.0118181956932, -0.00454824184999, 0.00253544608131], [-0.000315752695315, 0.00265187257901, -0.00129510345869, 0.00183081615251, -0.00156484532636, 0.000814899452962, -0.000265452748863, -0.000915351498406, 0.000354612420779, 0.000264852249529, -0.00454824184999, 0.012411176227, -0.00178809976205], [0.000199004076421, -0.0021876192186, 0.00133852753788, -0.000847405579407, 0.00134515599348, -0.00276115396991, -9.99865806079e-005, 0.000193535423023, 0.000812021724414, 0.000175253546331, 0.00253544608131, -0.00178809976205, 0.0105971191078]]
    },
    "melbands": {
        "mean": [0.000133742112666, 0.00118630414363, 0.00140283140354, 0.00158506282605, 0.000861821870785, 0.000227929704124, 0.000447115686256, 0.000168309226865, 0.000153324537678, 5.66620437894e-005, 0.000162422933499, 0.000400142598664, 7.72504936322e-005, 0.00010948759882, 5.45861621504e-005, 1.02605908978e-005, 7.9085739344e-006, 4.15719987359e-005, 2.16516073124e-005, 8.03498096502e-006, 5.40005112271e-006, 1.9226376935e-006, 2.0659774691e-006, 1.24785321987e-006, 8.85841984655e-007, 1.22405913316e-006, 3.05495603925e-007, 2.68703217898e-007, 5.03510761973e-007, 4.82543441649e-007, 3.69254280486e-007, 4.05667009318e-007, 5.42406212389e-007, 3.90435189956e-007, 8.04738817806e-007, 6.12451685811e-007, 3.04404267126e-007, 2.27317016765e-007, 3.06408196593e-007, 2.26840697337e-007],
        "var": [4.1867448175e-008, 6.40555481368e-006, 2.43101726483e-006, 7.40036875868e-006, 1.45505339333e-006, 8.91536586778e-008, 2.2100782644e-006, 1.7795440499e-007, 1.88266739087e-007, 8.62066968921e-008, 3.01845346939e-007, 1.29812895011e-006, 7.82142635103e-008, 3.02691319121e-007, 8.68475993343e-008, 4.32994556876e-010, 4.26014112875e-010, 4.04929316744e-008, 1.01595460933e-008, 1.95076843568e-009, 5.53365409051e-010, 5.74524872121e-011, 5.07436592745e-011, 1.43794707044e-011, 9.84254691638e-012, 2.06287261578e-011, 7.39038008308e-013, 6.58354772608e-013, 5.02138218159e-012, 3.17250978092e-012, 1.56829226255e-012, 1.08324850825e-011, 1.30997166239e-011, 3.04875352394e-012, 2.09213514568e-011, 1.81037355246e-011, 5.12793930582e-012, 3.72359608425e-012, 8.57764206885e-012, 2.22859903275e-012]
    },
    "mfcc": {
        "mean": [-768.095397949, 194.193588257, 21.7332382202, 5.17673301697, 4.78244400024, 7.36092948914, -6.75096178055, -2.29962587357, -4.39781236649, -6.6468501091, -12.846321106, -13.2688837051, -8.87448215485],
        "cov": [[7145.63818359, -2255.9453125, -917.938293457, -305.60925293, -384.403778076, -15.1831655502, -141.307388306, 117.761886597, -275.991851807, -20.9395294189, -128.067459106, -123.405784607, 132.857574463], [-2255.9453125, 1644.67443848, 118.334274292, -11.6390199661, 111.278839111, -30.4820194244, 64.5070800781, -84.3211746216, 71.6559143066, -51.1124763489, -1.5333981514, 22.2963123322, -64.7910614014], [-917.938293457, 118.334274292, 621.085021973, 112.28074646, 132.538619995, 53.5340538025, 58.7231521606, 33.5390892029, 74.0815734863, 17.3987617493, 55.2354888916, 29.6869773865, 13.1870861053], [-305.60925293, -11.6390199661, 112.28074646, 325.175323486, 104.530456543, 37.3544540405, 56.2796554565, 42.3553543091, 42.3541145325, 16.4280738831, 42.6216850281, 27.7970905304, -6.10399770737], [-384.403778076, 111.278839111, 132.538619995, 104.530456543, 252.480560303, 25.9254932404, 29.9004497528, 48.5469093323, 52.7513122559, 6.41390228271, 41.94090271, 7.73382520676, 8.24066448212], [-15.1831655502, -30.4820194244, 53.5340538025, 37.3544540405, 25.9254932404, 180.038284302, 39.7671852112, -23.3472652435, 23.7007751465, 13.7091493607, -12.0628261566, -1.44401073456, -5.10842037201], [-141.307388306, 64.5070800781, 58.7231521606, 56.2796554565, 29.9004497528, 39.7671852112, 152.947113037, 25.2514533997, 7.18436908722, -0.488619029522, 12.534488678, 15.0951299667, 19.9165229797], [117.761886597, -84.3211746216, 33.5390892029, 42.3553543091, 48.5469093323, -23.3472652435, 25.2514533997, 167.667236328, 12.9061250687, 13.6680803299, 37.4154701233, -12.4951953888, 18.6471214294], [-275.991851807, 71.6559143066, 74.0815734863, 42.3541145325, 52.7513122559, 23.7007751465, 7.18436908722, 12.9061250687, 193.070556641, 70.154838562, -14.1387233734, -16.3795394897, 7.91872692108], [-20.9395294189, -51.1124763489, 17.3987617493, 16.4280738831, 6.41390228271, 13.7091493607, -0.488619029522, 13.6680803299, 70.154838562, 171.570465088, 3.1771171093, -16.8541126251, 21.9380207062], [-128.067459106, -1.5333981514, 55.2354888916, 42.6216850281, 41.94090271, -12.0628261566, 12.534488678, 37.4154701233, -14.1387233734, 3.1771171093, 209.903427124, 14.8326711655, 1.4521446228], [-123.405784607, 22.2963123322, 29.6869773865, 27.7970905304, 7.73382520676, -1.44401073456, 15.0951299667, -12.4951953888, -16.3795394897, -16.8541126251, 14.8326711655, 161.631317139, 13.3536062241], [132.857574463, -64.7910614014, 13.1870861053, -6.10399770737, 8.24066448212, -5.10842037201, 19.9165229797, 18.6471214294, 7.91872692108, 21.9380207062, 1.4521446228, 13.3536062241, 129.962356567]],
        "icov": [[0.000351947266608, 0.000427783263149, 0.000380202138331, 0.000179783804924, 7.71124978201e-005, -0.000106039165985, -2.38142347371e-005, -0.000198334964807, 0.000151037675096, 0.000109639113361, 9.75994262262e-005, 0.000125119229779, -0.000195264059585], [0.000427783263149, 0.00125478755217, 0.000384749437217, 0.00041681813309, -0.00029849895509, 0.000251516612479, -0.000522895250469, 0.000294356199447, -0.0001667329052, 0.000366675318219, 0.00011237635772, 9.60533725447e-005, 0.000172632135218], [0.000380202138331, 0.000384749437217, 0.00238549988717, -5.01292197441e-005, -0.000553819118068, -0.000482724542962, -0.000333412521286, -0.000303086533677, -0.000340650673024, 0.000178828733624, -0.000240185006987, -0.000129486448714, -0.000323985645082], [0.000179783804924, 0.00041681813309, -5.01292197441e-005, 0.00411062827334, -0.00118953408673, -0.000354960240657, -0.00107664277311, -0.000487307901494, -0.000401123776101, -9.96182425297e-005, -0.000329601345584, -0.000573553668801, 0.000622421503067], [7.71124978201e-005, -0.00029849895509, -0.000553819118068, -0.00118953408673, 0.00555195333436, -0.000642550410703, 0.000292544922559, -0.00132284220308, -0.000851945136674, 0.000467344798381, -0.000561087974347, 5.94447665208e-005, -0.000486460077809], [-0.000106039165985, 0.000251516612479, -0.000482724542962, -0.000354960240657, -0.000642550410703, 0.00668522622436, -0.00190706725698, 0.00171351642348, -0.000514123181347, -0.000366554042557, 0.000405719998525, 0.000251453573583, 0.00067884940654], [-2.38142347371e-005, -0.000522895250469, -0.000333412521286, -0.00107664277311, 0.000292544922559, -0.00190706725698, 0.00814099889249, -0.00139489176217, 0.000404027145123, 0.000230189180002, -5.492096534e-005, -0.000411975779571, -0.00141456979327], [-0.000198334964807, 0.000294356199447, -0.000303086533677, -0.000487307901494, -0.00132284220308, 0.00171351642348, -0.00139489176217, 0.00762489717454, -0.00036474596709, -0.000265235285042, -0.00092750537442, 0.000797352229711, -0.00037623103708], [0.000151037675096, -0.0001667329052, -0.000340650673024, -0.000401123776101, -0.000851945136674, -0.000514123181347, 0.000404027145123, -0.00036474596709, 0.00708336848766, -0.00267602666281, 0.000919484416954, 0.000615240482148, -0.000250935147051], [0.000109639113361, 0.000366675318219, 0.000178828733624, -9.96182425297e-005, 0.000467344798381, -0.000366554042557, 0.000230189180002, -0.000265235285042, -0.00267602666281, 0.00727443397045, -0.000360556907253, 0.000562089728191, -0.00111198460218], [9.75994262262e-005, 0.00011237635772, -0.000240185006987, -0.000329601345584, -0.000561087974347, 0.000405719998525, -5.492096534e-005, -0.00092750537442, 0.000919484416954, -0.000360556907253, 0.0053478856571, -0.000322741310811, 0.000136406408274], [0.000125119229779, 9.60533725447e-005, -0.000129486448714, -0.000573553668801, 5.94447665208e-005, 0.000251453573583, -0.000411975779571, 0.000797352229711, 0.000615240482148, 0.000562089728191, -0.000322741310811, 0.00672088889405, -0.000958308926784], [-0.000195264059585, 0.000172632135218, -0.000323985645082, 0.000622421503067, -0.000486460077809, 0.00067884940654, -0.00141456979327, -0.00037623103708, -0.000250935147051, -0.00111198460218, 0.000136406408274, -0.000958308926784, 0.00867055077106]]
    },
    "spectral_contrast_coeffs": {
        "mean": [-0.514633536339, -0.618710935116, -0.640778720379, -0.722968816757, -0.759706199169, -0.768009781837],
        "var": [0.00942833069712, 0.00680603506044, 0.00753647973761, 0.00501417415217, 0.00396025413647, 0.00351674808189]
    },
    "spectral_contrast_valleys": {
        "mean": [-8.01331996918, -7.81426477432, -8.75797843933, -9.46337890625, -10.2113523483, -12.5940818787],
        "var": [0.931338131428, 0.814667105675, 0.848706901073, 0.841160416603, 0.893083155155, 1.33576440811]
    }
},
"metadata": {
    "audio_properties": {
        "analysis_sample_rate": 44100,
        "bit_rate": 108138,
        "equal_loudness": 0,
        "length": 45.0873451233,
        "lossless": 0,
        "replay_gain": -11.0391654968,
        "sample_rate": 44100,
        "codec": "mp3",
        "downmix": "mix",
        "md5_encoded": "9dd304bc2d6296eb36033d2f9eb6d732"
    },
    "tags": {
        "file_name": "344.mp3"
    },
    "version": {
        "essentia": "2.1-beta2",
        "essentia_git_sha": "v2.1_beta2",
        "extractor": "music 1.0"
    }
},
"rhythm": {
    "beats_count": 83,
    "beats_loudness": {
        "mean": 0.0364351570606,
        "var": 0.000804184761364
    },
    "bpm": 112.457267761,
    "bpm_histogram_first_peak_bpm": {
        "mean": 112,
        "var": 0
    },
    "bpm_histogram_first_peak_spread": {
        "mean": 0.635135173798,
        "var": 0
    },
    "bpm_histogram_first_peak_weight": {
        "mean": 0.329268306494,
        "var": 0
    },
    "bpm_histogram_second_peak_bpm": {
        "mean": 105,
        "var": 0
    },
    "bpm_histogram_second_peak_spread": {
        "mean": 0.40000000596,
        "var": 0
    },
    "bpm_histogram_second_peak_weight": {
        "mean": 0.0365853644907,
        "var": 0
    },
    "danceability": 1.14564871788,
    "onset_rate": 3.43644428253,
    "beats_loudness_band_ratio": {
        "mean": [0.432898819447, 0.345911890268, 0.137793928385, 0.128024533391, 0.0282316897064, 0.00806589890271],
        "var": [0.0611460693181, 0.0477552860975, 0.0216938070953, 0.0299462154508, 0.00337092275731, 0.000297025253531]
    },
    "beats_position": [0.545668900013, 1.09133780003, 1.63700675964, 2.17106580734, 2.69351458549, 3.22757363319, 3.7732424736, 4.31891155243, 4.841360569, 5.36380958557, 5.88625860214, 6.39709758759, 6.91954612732, 7.45360517502, 8.01088428497, 8.54494285583, 9.07900238037, 9.61306095123, 10.1471195221, 10.6811790466, 11.2152376175, 11.749297142, 12.2717456818, 12.7941951752, 13.3166437149, 13.8390922546, 14.3731517792, 14.9188203812, 15.4412698746, 15.9869384766, 16.50938797, 17.0434455872, 17.5658950806, 18.088344574, 18.5991840363, 19.1100215912, 19.6324710846, 20.1665306091, 20.6889801025, 21.2230377197, 21.7454872131, 22.2679367065, 22.8136043549, 23.3708839417, 23.9397735596, 24.5202713013, 25.0891609192, 25.6696586609, 26.2385482788, 26.7958278656, 27.3414955139, 27.8871650696, 28.4212245941, 28.9668922424, 29.5241718292, 30.0582313538, 30.5806789398, 31.1031284332, 31.6255779266, 32.1596374512, 32.6936950684, 33.2277526855, 33.7618141174, 34.3074836731, 34.8531494141, 35.3755989075, 35.8980484009, 36.4204978943, 36.9429473877, 37.4770050049, 38.0110664368, 38.545124054, 39.0791816711, 39.613243103, 40.1356925964, 40.6581382751, 41.1805877686, 41.7262573242, 42.2603149414, 42.8059844971, 43.3516540527, 43.8857116699, 44.4429931641]
},
"tonal": {
    "chords_changes_rate": 0.0329218097031,
    "chords_number_rate": 0.00720164598897,
    "chords_strength": {
        "mean": 0.498138546944,
        "var": 0.00716032274067
    },
    "hpcp_entropy": {
        "mean": 1.22344863415,
        "var": 0.527429521084
    },
    "key_strength": 0.854963123798,
    "tuning_diatonic_strength": 0.663735508919,
    "tuning_equal_tempered_deviation": 0.056075245142,
    "tuning_frequency": 442.293365479,
    "tuning_nontempered_energy_ratio": 0.65212136507,
    "hpcp": {
        "mean": [0.406195312738, 0.186746612191, 0.053189214319, 0.0331926234066, 0.0247435662895, 0.0887647271156, 0.147396951914, 0.0763218849897, 0.00828386098146, 0.00601574173197, 0.00785507820547, 0.0617409572005, 0.117445446551, 0.0784290805459, 0.127090513706, 0.190326973796, 0.0871875658631, 0.0132095096633, 0.0154499430209, 0.0550283901393, 0.231820628047, 0.258383989334, 0.081561550498, 0.0179550871253, 0.0139013193548, 0.0187275893986, 0.0831676870584, 0.122522771358, 0.0668628364801, 0.0221657063812, 0.0173661503941, 0.0321489609778, 0.128095477819, 0.191688030958, 0.171200782061, 0.335444957018],
        "var": [0.161783874035, 0.0506554283202, 0.0198174715042, 0.0103815170005, 0.00858713500202, 0.0336221605539, 0.0946324765682, 0.027307908982, 0.00173095811624, 0.00197721808217, 0.00199767271988, 0.0203157365322, 0.0669553279877, 0.0276436824352, 0.0562003105879, 0.129059717059, 0.0296049136668, 0.00321995955892, 0.00515974266455, 0.0136755844578, 0.107844233513, 0.117371402681, 0.014687246643, 0.00591925531626, 0.0044369562529, 0.00504759978503, 0.0348944626749, 0.0671920180321, 0.0254332851619, 0.00794596690685, 0.00642371410504, 0.0110405916348, 0.0585353709757, 0.104665398598, 0.0532996729016, 0.131250813603]
    },
    "chords_histogram": [40.6378593445, 3.39506173134, 12.3456792831, 0.205761313438, 0.308641970158, 0, 0, 0, 0, 0, 0.411522626877, 0, 0, 0, 0, 0, 0, 4.01234579086, 0, 0, 0, 6.68724298477, 23.3539085388, 8.64197540283],
    "thpcp": [1, 0.459745854139, 0.130944922566, 0.0817159190774, 0.060915440321, 0.218527212739, 0.362872123718, 0.187894552946, 0.0203937869519, 0.0148099735379, 0.0193381812423, 0.151998206973, 0.289135396481, 0.193082183599, 0.312880307436, 0.468560248613, 0.214644446969, 0.0325200930238, 0.0380357503891, 0.135472729802, 0.570712208748, 0.636107742786, 0.200793921947, 0.0442030876875, 0.0342232398689, 0.0461048893631, 0.204748019576, 0.301635116339, 0.164607599378, 0.0545690841973, 0.042753200978, 0.0791465565562, 0.315354406834, 0.471910983324, 0.421474039555, 0.825821816921],
    "chords_key": "A",
    "chords_scale": "major",
    "key_key": "A",
    "key_scale": "major"
}
}