{
"lowlevel": {
    "average_loudness": 0.984592199326,
    "barkbands_crest": {
        "mean": 7.68103694916,
        "var": 9.99750709534
    },
    "barkbands_flatness_db": {
        "mean": 0.119275346398,
        "var": 0.00101568363607
    },
    "barkbands_kurtosis": {
        "mean": 1.19703936577,
        "var": 5.1739654541
    },
    "barkbands_skewness": {
        "mean": 0.986329317093,
        "var": 0.350524246693
    },
    "barkbands_spread": {
        "mean": 22.7117977142,
        "var": 102.912452698
    },
    "dissonance": {
        "mean": 0.469344615936,
        "var": 0.000395757291699
    },
    "dynamic_complexity": 0.919900715351,
    "erbbands_crest": {
        "mean": 7.17379713058,
        "var": 8.14623737335
    },
    "erbbands_flatness_db": {
        "mean": 0.161492526531,
        "var": 0.000907348294277
    },
    "erbbands_kurtosis": {
        "mean": 0.184384942055,
        "var": 1.58891797066
    },
    "erbbands_skewness": {
        "mean": 0.461099147797,
        "var": 0.233588263392
    },
    "erbbands_spread": {
        "mean": 32.556098938,
        "var": 146.45539856
    },
    "hfc": {
        "mean": 30.8627033234,
        "var": 248.222396851
    },
    "melbands_crest": {
        "mean": 10.6549081802,
        "var": 16.985742569
    },
    "melbands_flatness_db": {
        "mean": 0.162383958697,
        "var": 0.00195209030062
    },
    "melbands_kurtosis": {
        "mean": 4.6954240799,
        "var": 20.7684459686
    },
    "melbands_skewness": {
        "mean": 1.6850771904,
        "var": 0.559481084347
    },
    "melbands_spread": {
        "mean": 26.8259162903,
        "var": 179.300674438
    },
    "pitch_salience": {
        "mean": 0.625601410866,
        "var": 0.00681486912072
    },
    "silence_rate_20dB": {
        "mean": 1,
        "var": 0
    },
    "silence_rate_30dB": {
        "mean": 1,
        "var": 0
    },
    "silence_rate_60dB": {
        "mean": 0.00257334019989,
        "var": 0.0025667718146
    },
    "spectral_centroid": {
        "mean": 1388.99694824,
        "var": 412742.9375
    },
    "spectral_complexity": {
        "mean": 29.3180656433,
        "var": 61.9235153198
    },
    "spectral_decrease": {
        "mean": -9.11943587312e-009,
        "var": 9.53483482028e-018
    },
    "spectral_energy": {
        "mean": 0.0372182093561,
        "var": 0.000147970073158
    },
    "spectral_energyband_high": {
        "mean": 0.00112735654693,
        "var": 2.7936071092e-006
    },
    "spectral_energyband_low": {
        "mean": 0.00843909475952,
        "var": 3.8519690861e-005
    },
    "spectral_energyband_middle_high": {
        "mean": 0.00945619400591,
        "var": 2.62224202743e-005
    },
    "spectral_energyband_middle_low": {
        "mean": 0.0190186295658,
        "var": 0.000111647997983
    },
    "spectral_entropy": {
        "mean": 7.66398143768,
        "var": 0.0791377872229
    },
    "spectral_flux": {
        "mean": 0.10528998822,
        "var": 0.000908000278287
    },
    "spectral_kurtosis": {
        "mean": 4.37075185776,
        "var": 5.6768860817
    },
    "spectral_rms": {
        "mean": 0.00593302864581,
        "var": 1.10963742372e-006
    },
    "spectral_rolloff": {
        "mean": 1599.71740723,
        "var": 1704589.375
    },
    "spectral_skewness": {
        "mean": 1.53335797787,
        "var": 0.145466774702
    },
    "spectral_spread": {
        "mean": 3999481.75,
        "var": 3.08655475917e+012
    },
    "spectral_strongpeak": {
        "mean": 1.05499780178,
        "var": 1.08820557594
    },
    "zerocrossingrate": {
        "mean": 0.0603669434786,
        "var": 0.00106147048064
    },
    "barkbands": {
        "mean": [0.000162620708579, 0.00475882552564, 0.00297998427413, 0.00122974591795, 0.00549880741164, 0.0018633233849, 0.00392763270065, 0.00267427833751, 0.0032845090609, 0.00164881255478, 0.0019347978523, 0.00117914995644, 0.00104471168015, 0.000780606176704, 0.000699849217199, 0.000545711431187, 0.000544410198927, 0.000550715602003, 0.000584659865126, 0.000321275758324, 0.000370967376512, 0.000170167215401, 0.000205490068765, 0.000178548856638, 6.6423228418e-005, 1.20902941489e-005, 1.04473507179e-007],
        "var": [9.84573205187e-008, 1.9832072212e-005, 1.19854084915e-005, 2.34554590861e-006, 6.13689844613e-005, 2.27635791816e-006, 1.90080299944e-005, 1.37698380058e-005, 8.92843945621e-006, 3.53730911229e-006, 5.57717339689e-006, 1.12961674859e-006, 1.20196136777e-006, 8.6560771706e-007, 8.3030948872e-007, 4.99124098496e-007, 4.1386968519e-007, 4.54922030713e-007, 2.33214109358e-007, 2.10785827903e-007, 4.24587966563e-007, 6.09496382253e-008, 1.00518107615e-007, 1.23220686987e-007, 2.81485021958e-008, 4.83867335088e-010, 4.11605293035e-013]
    },
    "erbbands": {
        "mean": [0.0989928841591, 1.21012985706, 3.44019055367, 3.93250632286, 12.2502307892, 18.46342659, 16.6210613251, 16.0593986511, 38.1846008301, 78.9062728882, 55.4048423767, 74.0018157959, 60.2580490112, 67.5709152222, 64.1848602295, 52.4584960938, 47.8120536804, 40.939956665, 37.289150238, 39.7797546387, 27.1423625946, 33.4606666565, 29.5821914673, 29.5118465424, 25.693063736, 15.077340126, 12.3741092682, 15.084189415, 5.70072841644, 6.63754367828, 5.42282772064, 4.93934440613, 2.19242167473, 1.07490706444, 0.303950220346, 0.0829375609756, 0.0164552722126, 0.0011817883933, 5.38311724085e-005, 4.76362911286e-005],
        "var": [0.00809268094599, 1.37874364853, 13.2733316422, 13.0363445282, 470.936645508, 607.683837891, 286.869659424, 157.710205078, 1598.078125, 9426.13574219, 3985.45605469, 5005.50292969, 4428.22509766, 4010.28491211, 3790.02416992, 1912.96447754, 2633.56933594, 2159.36523438, 1863.27783203, 2873.25415039, 963.316772461, 1516.58166504, 1236.36352539, 664.349975586, 628.469238281, 441.658569336, 407.860351563, 701.510192871, 57.9519844055, 125.967285156, 66.5124359131, 81.3687057495, 25.1082458496, 8.51986694336, 0.399233698845, 0.0188079364598, 0.00112972955685, 1.21833572848e-005, 7.95829180333e-009, 2.61037941263e-010]
    },
    "gfcc": {
        "mean": [43.8490180969, 110.714118958, -137.547790527, 32.0342636108, -70.2390518188, 20.0432949066, -35.1685905457, 15.822977066, -21.0183334351, -1.18319952488, -7.95119428635, -4.68598937988, -8.99713993073],
        "cov": [[3932.37182617, -349.076599121, -255.93270874, 246.355361938, -231.391036987, 177.949813843, -162.961868286, 26.6282119751, -113.308624268, 87.5291442871, -157.779541016, 40.4955291748, -53.6844978333], [-349.076599121, 791.553955078, -93.8554611206, -151.490386963, 154.847900391, -143.916763306, 46.4133987427, -16.0596733093, 47.3449440002, -91.628578186, 123.972129822, -46.5975189209, 23.5950393677], [-255.93270874, -93.8554611206, 316.811737061, 8.34167289734, -15.7266902924, 33.408493042, -24.9447460175, -15.6485557556, -50.6168289185, 21.1401062012, -30.2651443481, 20.4799823761, -33.6394996643], [246.355361938, -151.490386963, 8.34167289734, 146.861602783, -21.4700889587, 39.0141487122, -8.62113761902, -9.20493030548, -1.48938250542, 16.1965522766, -28.2911167145, -0.868902206421, 10.3406257629], [-231.391036987, 154.847900391, -15.7266902924, -21.4700889587, 183.807678223, -26.6365795135, 2.57512569427, 17.8618087769, 26.8864307404, -11.7172260284, 9.95902252197, 2.42373204231, 3.22911262512], [177.949813843, -143.916763306, 33.408493042, 39.0141487122, -26.6365795135, 124.589485168, 34.4515037537, 16.5130004883, -6.75778102875, 22.7476024628, -14.8233585358, 3.35734057426, 1.32578039169], [-162.961868286, 46.4133987427, -24.9447460175, -8.62113761902, 2.57512569427, 34.4515037537, 103.814956665, 23.4768657684, 16.5135097504, -2.76644396782, 23.2534008026, -7.94118261337, 5.03187704086], [26.6282119751, -16.0596733093, -15.6485557556, -9.20493030548, 17.8618087769, 16.5130004883, 23.4768657684, 87.8866424561, 35.1523094177, 16.8588199615, 17.5418663025, 5.91267299652, 0.173321411014], [-113.308624268, 47.3449440002, -50.6168289185, -1.48938250542, 26.8864307404, -6.75778102875, 16.5135097504, 35.1523094177, 87.2719573975, 15.1361522675, 28.6889247894, -4.64778089523, 6.89811134338], [87.5291442871, -91.628578186, 21.1401062012, 16.1965522766, -11.7172260284, 22.7476024628, -2.76644396782, 16.8588199615, 15.1361522675, 64.3878631592, 5.90518331528, 14.6285409927, -4.61779546738], [-157.779541016, 123.972129822, -30.2651443481, -28.2911167145, 9.95902252197, -14.8233585358, 23.2534008026, 17.5418663025, 28.6889247894, 5.90518331528, 83.1589202881, 7.52086591721, 10.8300704956], [40.4955291748, -46.5975189209, 20.4799823761, -0.868902206421, 2.42373204231, 3.35734057426, -7.94118261337, 5.91267299652, -4.64778089523, 14.6285409927, 7.52086591721, 50.2738723755, 7.41320085526], [-53.6844978333, 23.5950393677, -33.6394996643, 10.3406257629, 3.22911262512, 1.32578039169, 5.03187704086, 0.173321411014, 6.89811134338, -4.61779546738, 10.8300704956, 7.41320085526, 52.5345687866]],
        "icov": [[0.0009254902252, -0.00166325992905, 0.00182780949399, -0.0018583170604, 0.00174909166526, -0.00236454792321, 0.00235164607875, -0.00171562284231, 0.00177523423918, -0.00200908794068, 0.00278962100856, -0.00242760591209, 0.00231931381859], [-0.00166325992905, 0.00708957668394, -0.0036872595083, 0.00537117570639, -0.00563441449776, 0.00675525236875, -0.00549231795594, 0.00467395968735, -0.00368772749789, 0.0069363922812, -0.0100176883861, 0.00786931067705, -0.00556699279696], [0.00182780949399, -0.0036872595083, 0.00771749392152, -0.00377441872843, 0.00348348007537, -0.00593321025372, 0.00540161225945, -0.00329329050146, 0.0054911901243, -0.005371324718, 0.0063593541272, -0.00655169086531, 0.00705803697929], [-0.0018583170604, 0.00537117570639, -0.00377441872843, 0.0132611496374, -0.00428630085662, 0.00356302340515, -0.00441809231415, 0.00549619225785, -0.00498504284769, 0.00388190057129, -0.00537968287244, 0.00721226166934, -0.00767282582819], [0.00174909166526, -0.00563441449776, 0.00348348007537, -0.00428630085662, 0.0109151406214, -0.00492839096114, 0.00510944100097, -0.00515273027122, 0.00170942302793, -0.00429209135473, 0.00874270685017, -0.00755182048306, 0.00503491098061], [-0.00236454792321, 0.00675525236875, -0.00593321025372, 0.00356302340515, -0.00492839096114, 0.0194562897086, -0.0115643804893, 0.00329357525334, -0.00326761300676, 0.00378569308668, -0.00777581799775, 0.00828535109758, -0.00784647651017], [0.00235164607875, -0.00549231795594, 0.00540161225945, -0.00441809231415, 0.00510944100097, -0.0115643804893, 0.0194193441421, -0.00678135827184, 0.00394374225289, -0.00384786073118, 0.00500591984019, -0.00504408311099, 0.00616222014651], [-0.00171562284231, 0.00467395968735, -0.00329329050146, 0.00549619225785, -0.00515273027122, 0.00329357525334, -0.00678135827184, 0.0191549379379, -0.00866426620632, 0.00283812428825, -0.00756032718346, 0.00392427528277, -0.00383114884607], [0.00177523423918, -0.00368772749789, 0.0054911901243, -0.00498504284769, 0.00170942302793, -0.00326761300676, 0.00394374225289, -0.00866426620632, 0.0212914161384, -0.00883051473647, 0.00204315804876, -0.0017283904599, 0.00384681508876], [-0.00200908794068, 0.0069363922812, -0.005371324718, 0.00388190057129, -0.00429209135473, 0.00378569308668, -0.00384786073118, 0.00283812428825, -0.00883051473647, 0.0282678287476, -0.0119049418718, 0.00251166545786, -0.00310043059289], [0.00278962100856, -0.0100176883861, 0.0063593541272, -0.00537968287244, 0.00874270685017, -0.00777581799775, 0.00500591984019, -0.00756032718346, 0.00204315804876, -0.0119049418718, 0.0311572104692, -0.0143263414502, 0.00596905453131], [-0.00242760591209, 0.00786931067705, -0.00655169086531, 0.00721226166934, -0.00755182048306, 0.00828535109758, -0.00504408311099, 0.00392427528277, -0.0017283904599, 0.00251166545786, -0.0143263414502, 0.0335434041917, -0.0122369322926], [0.00231931381859, -0.00556699279696, 0.00705803697929, -0.00767282582819, 0.00503491098061, -0.00784647651017, 0.00616222014651, -0.00383114884607, 0.00384681508876, -0.00310043059289, 0.00596905453131, -0.0122369322926, 0.0289647914469]]
    },
    "melbands": {
        "mean": [0.00114240020048, 0.00179557409137, 0.000877765007317, 0.0012266082922, 0.000627697270829, 0.000374056078726, 0.000619643193204, 0.000817041669507, 0.000456911715446, 0.00045542625594, 0.000287497940008, 0.000258977379417, 0.00025563329109, 0.000125942096929, 0.00013578843209, 9.38999801292e-005, 7.15702990419e-005, 6.06967550993e-005, 5.39144275535e-005, 4.39494033344e-005, 2.87530674541e-005, 3.45578555425e-005, 3.00057126879e-005, 2.47231600952e-005, 2.35148927459e-005, 2.34978997469e-005, 1.35136642712e-005, 8.66544360179e-006, 6.15745648247e-006, 1.17365971164e-005, 7.21194919606e-006, 3.03699539472e-006, 3.29817385136e-006, 3.70195493815e-006, 2.88464320874e-006, 3.39252392223e-006, 2.85806186184e-006, 1.67254029293e-006, 1.02394869828e-006, 8.99535734789e-007],
        "var": [1.0806006685e-006, 2.5419103622e-006, 7.30929571091e-007, 4.02186151405e-006, 3.79661486249e-007, 8.50132124697e-008, 4.07444332495e-007, 9.79614014796e-007, 2.404878785e-007, 1.83547612664e-007, 1.12758812065e-007, 6.05129386599e-008, 8.28657746865e-008, 1.10712585766e-008, 2.05621635274e-008, 1.20750076604e-008, 7.95666554865e-009, 6.41792929912e-009, 5.43461853297e-009, 3.6752707544e-009, 1.21125143249e-009, 1.74581471502e-009, 2.00248262416e-009, 7.64439178624e-010, 4.72372752025e-010, 4.2388328958e-010, 2.78693013112e-010, 1.77714482019e-010, 1.02838099147e-010, 5.75783698498e-010, 1.33886554621e-010, 1.53084021154e-011, 3.4821971695e-011, 3.94276590543e-011, 1.92302319901e-011, 3.32296204442e-011, 3.02738875635e-011, 1.50700597834e-011, 9.01294837374e-012, 7.16969148981e-012]
    },
    "mfcc": {
        "mean": [-584.617736816, 129.228744507, -7.31533908844, 12.3394536972, -4.68718671799, -1.10852634907, 1.9340004921, 8.44163799286, -3.50857591629, 5.37138032913, 1.31267774105, 2.41095590591, -2.11839580536],
        "cov": [[1680.81396484, -506.02331543, 39.4431838989, 36.459777832, 0.313682943583, 119.237831116, -19.7315807343, -33.5668792725, 52.9031219482, 27.0619449615, -49.6908912659, -1.07695019245, -33.2768173218], [-506.02331543, 873.198913574, -170.125961304, 17.7513408661, 68.0652770996, -103.456253052, 18.344461441, 39.9722290039, -65.5147094727, -32.8504905701, 58.3856277466, -12.2827243805, 19.1248149872], [39.4431838989, -170.125961304, 299.778930664, -19.5867977142, -36.046295166, 39.2680587769, 15.7617578506, -25.019443512, -13.4646539688, -8.03268051147, -28.6671123505, 5.82838630676, 6.96716880798], [36.459777832, 17.7513408661, -19.5867977142, 103.212104797, 29.5995502472, 1.75140368938, -13.6062765121, -7.33628845215, -0.700768470764, -4.18077850342, -8.62603473663, -8.74389266968, -2.04744052887], [0.313682943583, 68.0652770996, -36.046295166, 29.5995502472, 130.986114502, -3.59540104866, -15.7430114746, 5.04271793365, 5.95002222061, 2.29200077057, 7.73959684372, -7.64909982681, 1.70589673519], [119.237831116, -103.456253052, 39.2680587769, 1.75140368938, -3.59540104866, 99.0883483887, 22.4917049408, -7.31910133362, 13.4639806747, 4.03814840317, -12.5623369217, -3.19938611984, -8.0733833313], [-19.7315807343, 18.344461441, 15.7617578506, -13.6062765121, -15.7430114746, 22.4917049408, 82.3000564575, 21.4166946411, 6.6138586998, 4.61463975906, 1.90047037601, 8.86174201965, -1.3374530077], [-33.5668792725, 39.9722290039, -25.019443512, -7.33628845215, 5.04271793365, -7.31910133362, 21.4166946411, 64.6679382324, 18.152130127, 6.73419857025, 13.6060018539, 9.74591159821, 6.92507219315], [52.9031219482, -65.5147094727, -13.4646539688, -0.700768470764, 5.95002222061, 13.4639806747, 6.6138586998, 18.152130127, 66.7691345215, 24.8158569336, -1.90665864944, 7.53560066223, 2.63048291206], [27.0619449615, -32.8504905701, -8.03268051147, -4.18077850342, 2.29200077057, 4.03814840317, 4.61463975906, 6.73419857025, 24.8158569336, 56.056854248, 19.8245372772, 9.435546875, 5.16415309906], [-49.6908912659, 58.3856277466, -28.6671123505, -8.62603473663, 7.73959684372, -12.5623369217, 1.90047037601, 13.6060018539, -1.90665864944, 19.8245372772, 63.8081016541, 20.6351108551, 7.62151479721], [-1.07695019245, -12.2827243805, 5.82838630676, -8.74389266968, -7.64909982681, -3.19938611984, 8.86174201965, 9.74591159821, 7.53560066223, 9.435546875, 20.6351108551, 53.9125671387, 20.5897693634], [-33.2768173218, 19.1248149872, 6.96716880798, -2.04744052887, 1.70589673519, -8.0733833313, -1.3374530077, 6.92507219315, 2.63048291206, 5.16415309906, 7.62151479721, 20.5897693634, 51.465057373]],
        "icov": [[0.000773709558416, 0.000385709805414, 0.000175433946424, -0.000230122197536, -0.000128645115183, -0.000572061515413, 0.0001805377251, 5.73349680053e-005, -1.20620343296e-005, -0.000198425084818, 0.000283105327981, -0.00023480161326, 0.000308076327201], [0.000385709805414, 0.00203772401437, 0.000837509694975, -0.00029613613151, -0.000796608394012, 0.00110036332626, -0.00114573165774, -0.00053030543495, 0.0015266634291, 0.000879615428858, -0.00121401203796, 0.00095831049839, -0.000762299227063], [0.000175433946424, 0.000837509694975, 0.00435613375157, 0.000554734899197, 0.000286738533759, -0.000949367124122, -0.000950106419623, 0.00094594451366, 0.00169125560205, 6.38462370262e-005, 0.00135076104198, -0.000541752960999, -0.00115199491847], [-0.000230122197536, -0.00029613613151, 0.000554734899197, 0.0109307765961, -0.00214853067882, -0.000524350558408, 0.00113080686424, 0.000849316013046, 3.54536896339e-005, 0.000125880513224, 0.00161944353022, 0.000389218650525, -0.000184905045899], [-0.000128645115183, -0.000796608394012, 0.000286738533759, -0.00214853067882, 0.00905050244182, -0.000831210403703, 0.00185376859736, -0.00062386575155, -0.00143346388359, -6.10525457887e-005, -0.00110201432835, 0.00129790138453, -0.00048637657892], [-0.000572061515413, 0.00110036332626, -0.000949367124122, -0.000524350558408, -0.000831210403703, 0.0138204107061, -0.00476139271632, 0.00201785517856, -0.00182290910743, 0.000503720075358, -0.000141493859701, 0.00134821084794, 0.000653386756312], [0.0001805377251, -0.00114573165774, -0.000950106419623, 0.00113080686424, 0.00185376859736, -0.00476139271632, 0.0162912234664, -0.00551453465596, 8.73427561601e-005, -0.00154049275443, 0.00158707692754, -0.00283197150566, 0.00212120893411], [5.73349680053e-005, -0.00053030543495, 0.00094594451366, 0.000849316013046, -0.00062386575155, 0.00201785517856, -0.00551453465596, 0.0209536906332, -0.00656378781423, 0.00195369590074, -0.00320494477637, -0.000492615567055, -0.00167456676718], [-1.20620343296e-005, 0.0015266634291, 0.00169125560205, 3.54536896339e-005, -0.00143346388359, -0.00182290910743, 8.73427561601e-005, -0.00656378781423, 0.0230123475194, -0.00941299647093, 0.00497105438262, -0.00237439176999, -0.000173547130544], [-0.000198425084818, 0.000879615428858, 6.38462370262e-005, 0.000125880513224, -6.10525457887e-005, 0.000503720075358, -0.00154049275443, 0.00195369590074, -0.00941299647093, 0.0258746258914, -0.00971131771803, 0.00136213027872, -0.00190269434825], [0.000283105327981, -0.00121401203796, 0.00135076104198, 0.00161944353022, -0.00110201432835, -0.000141493859701, 0.00158707692754, -0.00320494477637, 0.00497105438262, -0.00971131771803, 0.0244446881115, -0.009003078565, 0.0017048122827], [-0.00023480161326, 0.00095831049839, -0.000541752960999, 0.000389218650525, 0.00129790138453, 0.00134821084794, -0.00283197150566, -0.000492615567055, -0.00237439176999, 0.00136213027872, -0.009003078565, 0.0269558168948, -0.00972428079695], [0.000308076327201, -0.000762299227063, -0.00115199491847, -0.000184905045899, -0.00048637657892, 0.000653386756312, 0.00212120893411, -0.00167456676718, -0.000173547130544, -0.00190269434825, 0.0017048122827, -0.00972428079695, 0.0242985486984]]
    },
    "spectral_contrast_coeffs": {
        "mean": [-0.64576292038, -0.744028031826, -0.765074670315, -0.780602216721, -0.768088161945, -0.733621716499],
        "var": [0.00571914110333, 0.00347497221082, 0.00238362024538, 0.00155980722047, 0.00150047964416, 0.00147744291462]
    },
    "spectral_contrast_valleys": {
        "mean": [-6.8417429924, -5.89329338074, -6.31354761124, -6.97982692719, -7.11963367462, -9.98156356812],
        "var": [1.00686907768, 1.00077736378, 0.934808909893, 0.917590916157, 0.946280419827, 1.04354727268]
    }
},
"metadata": {
    "audio_properties": {
        "analysis_sample_rate": 44100,
        "bit_rate": 105782,
        "equal_loudness": 0,
        "length": 45.0873451233,
        "lossless": 0,
        "replay_gain": -15.0754547119,
        "sample_rate": 44100,
        "codec": "mp3",
        "downmix": "mix",
        "md5_encoded": "6805d39c699dc375b77533257a5917e9"
    },
    "tags": {
        "file_name": "345.mp3"
    },
    "version": {
        "essentia": "2.1-beta2",
        "essentia_git_sha": "v2.1_beta2",
        "extractor": "music 1.0"
    }
},
"rhythm": {
    "beats_count": 70,
    "beats_loudness": {
        "mean": 0.0428526848555,
        "var": 6.83117468725e-005
    },
    "bpm": 94.0062561035,
    "bpm_histogram_first_peak_bpm": {
        "mean": 94,
        "var": 0
    },
    "bpm_histogram_first_peak_spread": {
        "mean": 0.507246375084,
        "var": 0
    },
    "bpm_histogram_first_peak_weight": {
        "mean": 0.492753624916,
        "var": 0
    },
    "bpm_histogram_second_peak_bpm": {
        "mean": 0,
        "var": 0
    },
    "bpm_histogram_second_peak_spread": {
        "mean": 0,
        "var": 0
    },
    "bpm_histogram_second_peak_weight": {
        "mean": 0,
        "var": 0
    },
    "danceability": 1.80515241623,
    "onset_rate": 2.83783793449,
    "beats_loudness_band_ratio": {
        "mean": [0.291204661131, 0.14621296525, 0.274296611547, 0.159071445465, 0.086181037128, 0.070957697928],
        "var": [0.0192188359797, 0.0119159221649, 0.00968615245074, 0.00811504945159, 0.00439347187057, 0.00721374480054]
    },
    "beats_position": [0.603718817234, 1.21904754639, 1.84598636627, 2.47292518616, 3.11147379875, 3.75002264977, 4.38857126236, 5.0387301445, 5.6888885498, 6.31582736969, 6.96598625183, 7.60453510284, 8.24308395386, 8.893242836, 9.54340076447, 10.1819496155, 10.8204984665, 11.4590473175, 12.0975961685, 12.7361450195, 13.3746938705, 14.0016326904, 14.6285715103, 15.2787294388, 15.9288883209, 16.5790481567, 17.2175960541, 17.8561439514, 18.5063037872, 19.1564617157, 19.7950115204, 20.4335594177, 21.0604991913, 21.6990470886, 22.3375968933, 22.9761447906, 23.614692688, 24.2532424927, 24.89179039, 25.5419502258, 26.2037181854, 26.8422679901, 27.4808158875, 28.1193637848, 28.7463035583, 29.3964614868, 30.0466213226, 30.6735591888, 31.3121089935, 31.962266922, 32.6008148193, 33.2277526855, 33.8546943665, 34.4816322327, 35.1317901611, 35.7703399658, 36.4088897705, 37.059047699, 37.6975975037, 38.3361434937, 38.9746932983, 39.613243103, 40.251789093, 40.8787307739, 41.5172767639, 42.1442184448, 42.771156311, 43.3980941772, 44.0250320435, 44.6519737244]
},
"tonal": {
    "chords_changes_rate": 0.0637860074639,
    "chords_number_rate": 0.00720164598897,
    "chords_strength": {
        "mean": 0.587816596031,
        "var": 0.00680707255378
    },
    "hpcp_entropy": {
        "mean": 2.32350206375,
        "var": 0.483835279942
    },
    "key_strength": 0.79131013155,
    "tuning_diatonic_strength": 0.667555391788,
    "tuning_equal_tempered_deviation": 0.178158029914,
    "tuning_frequency": 441.272583008,
    "tuning_nontempered_energy_ratio": 0.878459274769,
    "hpcp": {
        "mean": [0.180288821459, 0.158305212855, 0.151320591569, 0.175096049905, 0.187329605222, 0.264317393303, 0.397011935711, 0.340371340513, 0.144400298595, 0.0811677128077, 0.109535217285, 0.150615856051, 0.182613670826, 0.156039774418, 0.120227456093, 0.123918071389, 0.146807670593, 0.193799480796, 0.229930520058, 0.196733057499, 0.172779589891, 0.278487145901, 0.284252405167, 0.148372665048, 0.0806844159961, 0.0738005414605, 0.116173118353, 0.173042044044, 0.141024872661, 0.0892339497805, 0.116462521255, 0.166334554553, 0.258280426264, 0.337362498045, 0.2739828825, 0.186109602451],
        "var": [0.0555104725063, 0.0456164367497, 0.034905526787, 0.0442085564137, 0.0542023144662, 0.076703697443, 0.116539090872, 0.0821786597371, 0.0230932999402, 0.0224055759609, 0.0355154424906, 0.055849686265, 0.0624910071492, 0.0512977875769, 0.0330037660897, 0.0300370100886, 0.0342257767916, 0.0498188845813, 0.0642755776644, 0.0533646307886, 0.0415088161826, 0.0826893672347, 0.0872733592987, 0.0316596962512, 0.0156177207828, 0.00918757170439, 0.0185243040323, 0.0460191443563, 0.0311170201749, 0.0172769762576, 0.0297803245485, 0.0514533370733, 0.0854851603508, 0.103117480874, 0.0751108527184, 0.0489969886839]
    },
    "chords_histogram": [54.732509613, 17.1810703278, 6.58436203003, 0, 0, 0, 0, 0, 0, 0, 0, 0.308641970158, 0, 0, 0, 0.308641970158, 1.74897122383, 0.514403283596, 0, 1.13168728352, 0, 0.102880656719, 10.6995887756, 6.68724298477],
    "thpcp": [1, 0.857332766056, 0.363717764616, 0.204446524382, 0.27589905262, 0.37937361002, 0.459970235825, 0.393035471439, 0.302830845118, 0.312126815319, 0.369781494141, 0.488145232201, 0.579152643681, 0.495534360409, 0.435199975967, 0.701457858086, 0.715979516506, 0.373723447323, 0.203229188919, 0.185889989138, 0.292618691921, 0.435861051083, 0.355215698481, 0.224763900042, 0.293347656727, 0.418966144323, 0.650560855865, 0.849754035473, 0.690112471581, 0.468775838614, 0.454114347696, 0.398741692305, 0.381148725748, 0.441034734249, 0.471848785877, 0.665766894817],
    "chords_key": "E",
    "chords_scale": "major",
    "key_key": "E",
    "key_scale": "major"
}
}