{
"lowlevel": {
    "average_loudness": 0.563379466534,
    "barkbands_crest": {
        "mean": 9.46129703522,
        "var": 14.6409349442
    },
    "barkbands_flatness_db": {
        "mean": 0.247530132532,
        "var": 0.00322113698348
    },
    "barkbands_kurtosis": {
        "mean": 2.55533075333,
        "var": 27.4775905609
    },
    "barkbands_skewness": {
        "mean": 0.988555252552,
        "var": 0.938192009926
    },
    "barkbands_spread": {
        "mean": 12.4831018448,
        "var": 43.8881492615
    },
    "dissonance": {
        "mean": 0.432938188314,
        "var": 0.00204595620744
    },
    "dynamic_complexity": 4.94193124771,
    "erbbands_crest": {
        "mean": 11.2793340683,
        "var": 31.9456119537
    },
    "erbbands_flatness_db": {
        "mean": 0.287962734699,
        "var": 0.00229800492525
    },
    "erbbands_kurtosis": {
        "mean": 1.12024486065,
        "var": 11.823431015
    },
    "erbbands_skewness": {
        "mean": 0.500895142555,
        "var": 0.791776776314
    },
    "erbbands_spread": {
        "mean": 20.6732368469,
        "var": 113.196380615
    },
    "hfc": {
        "mean": 12.6372566223,
        "var": 168.244277954
    },
    "melbands_crest": {
        "mean": 12.2397251129,
        "var": 27.3541603088
    },
    "melbands_flatness_db": {
        "mean": 0.294154435396,
        "var": 0.00745345139876
    },
    "melbands_kurtosis": {
        "mean": 4.8917722702,
        "var": 79.8150482178
    },
    "melbands_skewness": {
        "mean": 1.3869587183,
        "var": 1.11284649372
    },
    "melbands_spread": {
        "mean": 18.543056488,
        "var": 210.219329834
    },
    "pitch_salience": {
        "mean": 0.550104677677,
        "var": 0.0139263784513
    },
    "silence_rate_20dB": {
        "mean": 1,
        "var": 0
    },
    "silence_rate_30dB": {
        "mean": 1,
        "var": 0
    },
    "silence_rate_60dB": {
        "mean": 0.196805775166,
        "var": 0.158070325851
    },
    "spectral_centroid": {
        "mean": 1021.55908203,
        "var": 994970.4375
    },
    "spectral_complexity": {
        "mean": 13.0041217804,
        "var": 38.7995223999
    },
    "spectral_decrease": {
        "mean": -4.38961000881e-009,
        "var": 1.96919245282e-017
    },
    "spectral_energy": {
        "mean": 0.0177136771381,
        "var": 0.000318758306094
    },
    "spectral_energyband_high": {
        "mean": 5.83514301979e-005,
        "var": 2.46953462124e-008
    },
    "spectral_energyband_low": {
        "mean": 0.0014541791752,
        "var": 8.28784959594e-006
    },
    "spectral_energyband_middle_high": {
        "mean": 0.00506569258869,
        "var": 4.73528853036e-005
    },
    "spectral_energyband_middle_low": {
        "mean": 0.0114561961964,
        "var": 0.000181427574717
    },
    "spectral_entropy": {
        "mean": 6.82654762268,
        "var": 0.251480787992
    },
    "spectral_flux": {
        "mean": 0.0505301840603,
        "var": 0.00129851850215
    },
    "spectral_kurtosis": {
        "mean": 14.2582244873,
        "var": 274.157104492
    },
    "spectral_rms": {
        "mean": 0.00360135105439,
        "var": 4.31190028394e-006
    },
    "spectral_rolloff": {
        "mean": 1308.86120605,
        "var": 3129224.75
    },
    "spectral_skewness": {
        "mean": 2.19818234444,
        "var": 1.25411367416
    },
    "spectral_spread": {
        "mean": 2465718.5,
        "var": 1.34413654426e+013
    },
    "spectral_strongpeak": {
        "mean": 1.35214340687,
        "var": 1.8322712183
    },
    "zerocrossingrate": {
        "mean": 0.0447945855558,
        "var": 0.00215503340587
    },
    "barkbands": {
        "mean": [6.10561187386e-007, 0.000555669772439, 0.000662035716232, 0.000550774857402, 0.000925503671169, 0.00153214391321, 0.00477376347408, 0.00210150354542, 0.00140959967393, 0.000873484299518, 0.000594779849052, 0.00133442203514, 0.000958203629125, 0.00058247090783, 0.000215639971429, 0.000170885934494, 0.000175753433723, 0.000176786983502, 4.79675363749e-005, 2.01816001208e-005, 1.33018747874e-005, 2.88591490971e-005, 6.95171229381e-006, 2.27962323152e-006, 4.33741753625e-008, 5.61303501456e-008, 9.05752139957e-010],
        "var": [7.56373175897e-012, 1.07418520656e-006, 4.35408719568e-006, 7.09384607944e-007, 1.08320671188e-006, 1.07228115667e-005, 6.63041355438e-005, 1.12134357551e-005, 6.49141156828e-006, 3.63721665053e-006, 1.38887787671e-006, 1.07954010673e-005, 4.48704167866e-006, 1.64922471413e-006, 1.76954600306e-007, 9.7019089651e-008, 9.14396238727e-008, 1.16107642611e-007, 5.97239502298e-009, 1.03787378691e-009, 1.3035760249e-009, 1.23533450136e-008, 1.90720661486e-010, 2.67201642756e-011, 1.52610630838e-013, 1.59067461351e-013, 1.3179929274e-016]
    },
    "erbbands": {
        "mean": [0.00667095463723, 0.164005592465, 0.743326365948, 1.279343009, 2.44589328766, 3.4672369957, 4.81829357147, 15.9079828262, 31.9738559723, 106.309570313, 41.4138145447, 27.4367427826, 28.6703777313, 25.0884494781, 36.9428443909, 46.522480011, 45.5967674255, 28.6876773834, 20.1916046143, 10.958147049, 8.39936733246, 10.1992263794, 10.2276563644, 4.74867773056, 1.74781656265, 1.03734886646, 0.349929600954, 0.841163575649, 1.01265859604, 0.532468318939, 0.171398028731, 0.0939316824079, 0.0102982986718, 0.000881860789377, 0.000334327924065, 0.000351918075467, 8.4127575974e-005, 5.19252125741e-006, 9.3866892712e-006, 2.06078839255e-005],
        "var": [0.000135180933285, 0.101767390966, 5.292491436, 2.96511292458, 9.66238117218, 20.6150531769, 35.3152351379, 1346.81726074, 1880.27490234, 45366.9570313, 4008.51977539, 2415.36547852, 3230.65429688, 2026.41809082, 7569.94140625, 9316.10546875, 9736.78808594, 2465.36376953, 2925.82958984, 329.535186768, 197.701156616, 276.621673584, 380.853546143, 56.3269767761, 7.14541625977, 3.0457034111, 0.279801338911, 8.19151973724, 20.0037479401, 2.05716633797, 0.103657625616, 0.0406801328063, 0.000609389215242, 1.57998583745e-005, 1.27873427118e-005, 6.9173565862e-006, 2.70577345418e-007, 4.81167439226e-010, 9.14508468952e-011, 4.26177176882e-010]
    },
    "gfcc": {
        "mean": [-132.202133179, 188.030929565, -175.442474365, 14.7195196152, -51.0895614624, -17.1190414429, -16.7166614532, -26.9945030212, 7.59438753128, -21.3988513947, 2.13436532021, -6.26078271866, -17.4671783447],
        "cov": [[17360.7636719, -422.185089111, -2560.23925781, 977.184997559, -2233.73291016, 640.817810059, -134.137695313, -358.46270752, 543.780273438, -437.773254395, 273.695098877, -166.67880249, -233.590270996], [-422.185089111, 1874.60473633, 162.007553101, -506.29296875, 774.215148926, -505.181793213, 87.1212539673, 100.20349884, -199.241714478, -105.576675415, 9.98867797852, -47.9618453979, -32.5010490417], [-2560.23925781, 162.007553101, 777.076721191, -176.707748413, 369.723999023, -137.024505615, -54.5825653076, 182.639709473, -77.2899551392, 70.8791046143, 15.5688848495, 43.448425293, -9.22577381134], [977.184997559, -506.29296875, -176.707748413, 736.532043457, -264.097412109, 187.691574097, -29.8767375946, -159.818008423, 178.701019287, -61.0578994751, -37.2642784119, 32.072719574, 93.7217407227], [-2233.73291016, 774.215148926, 369.723999023, -264.097412109, 767.725524902, -214.760742188, 20.1698112488, 114.762046814, -149.428359985, 95.6740875244, -44.5413818359, 30.7145996094, 65.6111373901], [640.817810059, -505.181793213, -137.024505615, 187.691574097, -214.760742188, 440.062469482, 73.9379348755, -55.3624305725, 82.9581832886, 13.7784976959, 18.2635288239, 32.8679199219, 63.2822875977], [-134.137695313, 87.1212539673, -54.5825653076, -29.8767375946, 20.1698112488, 73.9379348755, 287.732666016, 3.68284440041, -56.9679946899, -18.0649013519, -28.3834705353, 6.51091480255, 7.38911485672], [-358.46270752, 100.20349884, 182.639709473, -159.818008423, 114.762046814, -55.3624305725, 3.68284440041, 246.094970703, -33.9873390198, -7.72638654709, 42.5353965759, -43.7055130005, -18.572769165], [543.780273438, -199.241714478, -77.2899551392, 178.701019287, -149.428359985, 82.9581832886, -56.9679946899, -33.9873390198, 220.524002075, 37.8850288391, 21.1734981537, -1.68520534039, -1.34150755405], [-437.773254395, -105.576675415, 70.8791046143, -61.0578994751, 95.6740875244, 13.7784976959, -18.0649013519, -7.72638654709, 37.8850288391, 249.581359863, -10.2416419983, 49.4618530273, -2.14171218872], [273.695098877, 9.98867797852, 15.5688848495, -37.2642784119, -44.5413818359, 18.2635288239, -28.3834705353, 42.5353965759, 21.1734981537, -10.2416419983, 140.739974976, -6.80350923538, -12.9063119888], [-166.67880249, -47.9618453979, 43.448425293, 32.072719574, 30.7145996094, 32.8679199219, 6.51091480255, -43.7055130005, -1.68520534039, 49.4618530273, -6.80350923538, 144.167266846, 21.9395370483], [-233.590270996, -32.5010490417, -9.22577381134, 93.7217407227, 65.6111373901, 63.2822875977, 7.38911485672, -18.572769165, -1.34150755405, -2.14171218872, -12.9063119888, 21.9395370483, 143.357635498]],
        "icov": [[0.000332544615958, -0.000796950771473, 0.000768448167946, -0.000506883952767, 0.00128705054522, -0.000591718067881, 0.000593490432948, -0.000819401582703, 0.000357379234629, -0.000537840824109, -3.55027186743e-005, -0.000274377758615, 0.000311518553644], [-0.000796950771473, 0.00388482632115, -0.00122962263413, 0.00193970033433, -0.00530223781243, 0.00279258331284, -0.00221619429067, 0.00266630901024, -0.00175367807969, 0.00296409614384, -0.000881840125658, 0.00067285366822, -0.000265921087703], [0.000768448167946, -0.00122962263413, 0.00405854126438, -0.00114240380935, 0.0014776942553, -0.000912272720598, 0.00161030970048, -0.00304573844187, 0.000835721497424, -0.000934935407713, -0.000464018870844, -0.00149872165639, 0.00141165440436], [-0.000506883952767, 0.00193970033433, -0.00114240380935, 0.00354229379445, -0.00231407675892, 0.00111898221076, -0.00111277063843, 0.00248621753417, -0.00261458079331, 0.00231951917522, 0.000462293071905, 0.000126535363961, -0.00179846677929], [0.00128705054522, -0.00530223781243, 0.0014776942553, -0.00231407675892, 0.010104117915, -0.00280952616595, 0.00283101457171, -0.00425149872899, 0.00306870369241, -0.00479573151097, 0.00152813876048, -0.00118384754751, -0.00130207568873], [-0.000591718067881, 0.00279258331284, -0.000912272720598, 0.00111898221076, -0.00280952616595, 0.00553394295275, -0.00275590294041, 0.00184970081318, -0.00181681441609, 0.00151603971608, -0.00117182754911, 2.095758731e-007, -0.0019964936655], [0.000593490432948, -0.00221619429067, 0.00161030970048, -0.00111277063843, 0.00283101457171, -0.00275590294041, 0.00561169767752, -0.00219387887046, 0.00218223081902, -0.00134261744097, 0.00119511818048, -0.000771978520788, 0.000869206327479], [-0.000819401582703, 0.00266630901024, -0.00304573844187, 0.00248621753417, -0.00425149872899, 0.00184970081318, -0.00219387887046, 0.00865597371012, -0.00169885961805, 0.00244913739152, -0.00174862518907, 0.00268102437258, -0.000735309033189], [0.000357379234629, -0.00175367807969, 0.000835721497424, -0.00261458079331, 0.00306870369241, -0.00181681441609, 0.00218223081902, -0.00169885961805, 0.00817281007767, -0.00328996730968, -0.00056055013556, 0.000362059334293, 0.000934241106734], [-0.000537840824109, 0.00296409614384, -0.000934935407713, 0.00231951917522, -0.00479573151097, 0.00151603971608, -0.00134261744097, 0.00244913739152, -0.00328996730968, 0.00759793026373, -0.000143728786497, -0.00109894562047, 0.000369176937966], [-3.55027186743e-005, -0.000881840125658, -0.000464018870844, 0.000462293071905, 0.00152813876048, -0.00117182754911, 0.00119511818048, -0.00174862518907, -0.00056055013556, -0.000143728786497, 0.00884950254112, -0.000448772101663, -0.000202122871997], [-0.000274377758615, 0.00067285366822, -0.00149872165639, 0.000126535363961, -0.00118384754751, 2.095758731e-007, -0.000771978520788, 0.00268102437258, 0.000362059334293, -0.00109894562047, -0.000448772101663, 0.00887192692608, -0.000956048083026], [0.000311518553644, -0.000265921087703, 0.00141165440436, -0.00179846677929, -0.00130207568873, -0.0019964936655, 0.000869206327479, -0.000735309033189, 0.000934241106734, 0.000369176937966, -0.000202122871997, -0.000956048083026, 0.0101690329611]]
    },
    "melbands": {
        "mean": [0.000109605760372, 0.00033479128615, 0.000266509276116, 0.000212160826777, 0.000168307989952, 0.000348233268596, 0.000607812020462, 0.00102456682362, 0.000303230888676, 0.000164641183801, 0.000146553647937, 0.000105825267383, 0.000105473300209, 0.0001429758413, 0.00013905535161, 7.52371634007e-005, 4.88387122459e-005, 3.66779786418e-005, 1.48372437252e-005, 1.20232134577e-005, 9.5940713436e-006, 9.24778942135e-006, 1.29795107568e-005, 6.871815458e-006, 3.5698328702e-006, 1.46742593188e-006, 9.30518979203e-007, 5.84710335261e-007, 1.79931575417e-007, 2.66653358949e-007, 5.60784371828e-007, 5.32270519216e-007, 6.14321777448e-007, 1.90045099657e-007, 1.01658407914e-007, 7.34613365694e-008, 4.68506087259e-008, 6.37719566043e-009, 9.69170521614e-010, 3.66016689179e-010],
        "var": [3.71961235146e-008, 7.97033578692e-007, 1.14318240207e-007, 5.7400182385e-008, 3.98205983743e-008, 5.74295597744e-007, 7.70503334024e-007, 3.92614219891e-006, 2.82526173123e-007, 8.94054394962e-008, 8.79074306681e-008, 4.05706899187e-008, 4.77334403115e-008, 1.73083236632e-007, 9.85016654909e-008, 2.77095200119e-008, 8.8850562463e-009, 1.2978114583e-008, 7.51566309187e-010, 6.5393945814e-010, 2.79255896185e-010, 2.11863873667e-010, 8.99191887616e-010, 1.72941994059e-010, 3.51195461601e-011, 5.72814408753e-012, 2.26201696263e-012, 1.24974911062e-012, 8.56301588339e-014, 3.05167349723e-013, 4.55817501799e-012, 7.3082173993e-012, 4.45580855199e-012, 2.32705971463e-013, 3.98466321245e-014, 2.46431598272e-014, 1.14119004096e-014, 3.83556953187e-016, 1.89814574457e-017, 8.00021377911e-018]
    },
    "mfcc": {
        "mean": [-734.23815918, 184.596099854, -36.8180580139, 13.2146139145, -10.7653636932, 5.73998212814, -20.8087291718, 8.03633880615, -15.9796619415, -3.85728526115, 5.99873113632, 0.848046898842, -1.94736909866],
        "cov": [[7255.50146484, 180.110214233, -1193.35339355, 413.331817627, -1211.50048828, 415.401947021, -481.637664795, 439.379852295, -271.536682129, 214.793670654, -83.9459686279, 347.809997559, -186.060180664], [180.110214233, 1282.37194824, 102.09286499, -130.529632568, 222.020675659, -325.620483398, 150.28213501, 20.2064762115, -36.4563598633, -97.0623931885, 92.1696853638, 17.6576900482, -14.479886055], [-1193.35339355, 102.09286499, 473.877868652, -19.1168403625, 247.500656128, -116.778511047, 54.7567825317, -1.11821508408, 19.8150806427, -32.6030235291, 22.4507751465, 0.281229138374, 32.0785140991], [413.331817627, -130.529632568, -19.1168403625, 389.803283691, 46.9276771545, 23.6376399994, -100.383308411, 23.3415699005, 7.9948720932, 18.5713233948, -34.5319328308, -45.5580291748, 7.06559324265], [-1211.50048828, 222.020675659, 247.500656128, 46.9276771545, 542.025817871, -85.3609771729, 24.9020786285, -99.5425872803, 58.1346855164, -28.1566448212, 3.5195119381, -81.9402770996, 55.5631752014], [415.401947021, -325.620483398, -116.778511047, 23.6376399994, -85.3609771729, 412.275085449, -11.1440267563, -17.6927394867, 61.8210372925, 38.8240318298, -29.3137893677, -27.4315814972, 47.1964187622], [-481.637664795, 150.28213501, 54.7567825317, -100.383308411, 24.9020786285, -11.1440267563, 288.097839355, 54.58360672, 44.4569854736, -12.1489658356, -3.5024023056, -41.172668457, -21.7503585815], [439.379852295, 20.2064762115, -1.11821508408, 23.3415699005, -99.5425872803, -17.6927394867, 54.58360672, 219.18862915, -2.73393821716, 17.6024723053, -27.7356872559, 21.052438736, -47.7340164185], [-271.536682129, -36.4563598633, 19.8150806427, 7.9948720932, 58.1346855164, 61.8210372925, 44.4569854736, -2.73393821716, 156.859725952, 32.9723739624, -12.0143442154, -53.0845756531, 0.281825512648], [214.793670654, -97.0623931885, -32.6030235291, 18.5713233948, -28.1566448212, 38.8240318298, -12.1489658356, 17.6024723053, 32.9723739624, 157.274887085, 13.6384391785, 7.21262645721, -22.1705379486], [-83.9459686279, 92.1696853638, 22.4507751465, -34.5319328308, 3.5195119381, -29.3137893677, -3.5024023056, -27.7356872559, -12.0143442154, 13.6384391785, 171.944030762, 37.6312637329, 7.06101703644], [347.809997559, 17.6576900482, 0.281229138374, -45.5580291748, -81.9402770996, -27.4315814972, -41.172668457, 21.052438736, -53.0845756531, 7.21262645721, 37.6312637329, 169.234634399, -2.08729720116], [-186.060180664, -14.479886055, 32.0785140991, 7.06559324265, 55.5631752014, 47.1964187622, -21.7503585815, -47.7340164185, 0.281825512648, -22.1705379486, 7.06101703644, -2.08729720116, 133.009170532]],
        "icov": [[0.0015953516122, -0.00181380542926, 0.00222521624528, -0.00169601733796, 0.00204601255246, -0.00210847961716, 0.00226805103011, -0.00203015794978, 0.00131377507932, -0.00151637173258, 0.00101921218447, -0.00183679233305, 0.000784929958172], [-0.00181380542926, 0.00329921068624, -0.00213995040394, 0.00217664358206, -0.002934159711, 0.00321672740392, -0.0030887122266, 0.00196872279048, -0.00144748587627, 0.00226111034863, -0.00172991701402, 0.00189943425357, -0.000990250147879], [0.00222521624528, -0.00213995040394, 0.00636266125366, -0.00214093690738, 0.0012189791305, -0.00211423868313, 0.002647717949, -0.00358833977953, 0.00154469464906, -0.00163664994761, 0.000994587433524, -0.00325997848995, 0.000465149583761], [-0.00169601733796, 0.00217664358206, -0.00214093690738, 0.00508583337069, -0.0027579467278, 0.00229026121087, -0.00106514897197, 0.00109420844819, -0.0013389964588, 0.00143422977999, -0.000911054085009, 0.00298101920635, -0.000994353205897], [0.00204601255246, -0.002934159711, 0.0012189791305, -0.0027579467278, 0.00613314239308, -0.00249729375355, 0.00298660551198, -0.00110200059135, 0.000865851994604, -0.00218154583126, 0.00167689053342, -0.00121894897893, 0.000338525540428], [-0.00210847961716, 0.00321672740392, -0.00211423868313, 0.00229026121087, -0.00249729375355, 0.00653390586376, -0.00336758443154, 0.00274627329782, -0.00300753326155, 0.0017811692087, -0.00127688853536, 0.00253885285929, -0.00264048716053], [0.00226805103011, -0.0030887122266, 0.002647717949, -0.00106514897197, 0.00298660551198, -0.00336758443154, 0.00818289443851, -0.00428641447797, 0.000866586808115, -0.00188050733414, 0.00144040514715, -0.00115462171379, 0.00159169267863], [-0.00203015794978, 0.00196872279048, -0.00358833977953, 0.00109420844819, -0.00110200059135, 0.00274627329782, -0.00428641447797, 0.00892172008753, -0.00174796069041, 0.00127407035325, -7.19156814739e-005, 0.0014448557049, 0.000411029323004], [0.00131377507932, -0.00144748587627, 0.00154469464906, -0.0013389964588, 0.000865851994604, -0.00300753326155, 0.000866586808115, -0.00174796069041, 0.00961288623512, -0.00301827746443, 0.000933788775001, 0.000396986433771, 0.00103186059278], [-0.00151637173258, 0.00226111034863, -0.00163664994761, 0.00143422977999, -0.00218154583126, 0.0017811692087, -0.00188050733414, 0.00127407035325, -0.00301827746443, 0.00903884414583, -0.00210929545574, 0.00102916359901, 0.000513679115102], [0.00101921218447, -0.00172991701402, 0.000994587433524, -0.000911054085009, 0.00167689053342, -0.00127688853536, 0.00144040514715, -7.19156814739e-005, 0.000933788775001, -0.00210929545574, 0.00745764607564, -0.00246954336762, 0.000220023372094], [-0.00183679233305, 0.00189943425357, -0.00325997848995, 0.00298101920635, -0.00121894897893, 0.00253885285929, -0.00115462171379, 0.0014448557049, 0.000396986433771, 0.00102916359901, -0.00246954336762, 0.0102676814422, -0.00133377313614], [0.000784929958172, -0.000990250147879, 0.000465149583761, -0.000994353205897, 0.000338525540428, -0.00264048716053, 0.00159169267863, 0.000411029323004, 0.00103186059278, 0.000513679115102, 0.000220023372094, -0.00133377313614, 0.00970325618982]]
    },
    "spectral_contrast_coeffs": {
        "mean": [-0.640200555325, -0.667927980423, -0.724041759968, -0.726386964321, -0.723406434059, -0.63635379076],
        "var": [0.00684514408931, 0.00908489339054, 0.00551516516134, 0.00477927178144, 0.00231814128347, 0.0110114244744]
    },
    "spectral_contrast_valleys": {
        "mean": [-8.35429763794, -7.20161247253, -8.06479358673, -8.4708814621, -9.34010028839, -14.3069753647],
        "var": [3.88259100914, 4.38135385513, 4.11632061005, 3.75717377663, 4.60048961639, 3.14222979546]
    }
},
"metadata": {
    "audio_properties": {
        "analysis_sample_rate": 44100,
        "bit_rate": 84384,
        "equal_loudness": 0,
        "length": 45.0351028442,
        "lossless": 0,
        "replay_gain": -11.278503418,
        "sample_rate": 44100,
        "codec": "mp3",
        "downmix": "mix",
        "md5_encoded": "e55c1e629bbed9f0f3982d079caefc91"
    },
    "tags": {
        "file_name": "347.mp3"
    },
    "version": {
        "essentia": "2.1-beta2",
        "essentia_git_sha": "v2.1_beta2",
        "extractor": "music 1.0"
    }
},
"rhythm": {
    "beats_count": 112,
    "beats_loudness": {
        "mean": 0.026343235746,
        "var": 0.000355823955033
    },
    "bpm": 151.072799683,
    "bpm_histogram_first_peak_bpm": {
        "mean": 152,
        "var": 0
    },
    "bpm_histogram_first_peak_spread": {
        "mean": 0.34736841917,
        "var": 0
    },
    "bpm_histogram_first_peak_weight": {
        "mean": 0.55855858326,
        "var": 0
    },
    "bpm_histogram_second_peak_bpm": {
        "mean": 157,
        "var": 0
    },
    "bpm_histogram_second_peak_spread": {
        "mean": 0.0909091085196,
        "var": 0
    },
    "bpm_histogram_second_peak_weight": {
        "mean": 0.0900900885463,
        "var": 0
    },
    "danceability": 0.978584229946,
    "onset_rate": 2.68610048294,
    "beats_loudness_band_ratio": {
        "mean": [0.181740641594, 0.162519261241, 0.360337734222, 0.237324029207, 0.0922807827592, 0.0096657127142],
        "var": [0.0298271421343, 0.0138989267871, 0.0364345796406, 0.0349401347339, 0.006390505936, 0.000105525228719]
    },
    "beats_position": [0.429569154978, 0.835918366909, 1.24226760864, 1.64861679077, 2.0549659729, 2.4497051239, 2.85605430603, 3.25079369545, 3.64553284645, 4.05188179016, 4.446621418, 4.85297060013, 5.25931978226, 5.66566896439, 6.07201814651, 6.47836732864, 6.8963265419, 7.30267572403, 7.70902490616, 8.10376358032, 8.498503685, 8.90485286713, 9.287981987, 9.682721138, 10.077460289, 10.47219944, 10.8785486221, 11.2965078354, 11.7028570175, 12.0975961685, 12.4923353195, 12.9102945328, 13.328253746, 13.7462129593, 14.1293420792, 14.512471199, 14.90721035, 15.2903394699, 15.6850786209, 16.0914287567, 16.4861679077, 16.8692970276, 17.2640361786, 17.6471652985, 18.0419044495, 18.4366436005, 18.8313827515, 19.2261219025, 19.6208610535, 20.0156002045, 20.4219493866, 20.8166885376, 21.2230377197, 21.6177768707, 22.0125160217, 22.4072551727, 22.8136043549, 23.219953537, 23.614692688, 24.009431839, 24.4157810211, 24.8105201721, 25.2052612305, 25.5883903503, 25.9831295013, 26.3778686523, 26.7726078033, 27.1673469543, 27.5620861053, 27.9568252563, 28.3515644073, 28.7463035583, 29.1526527405, 29.5590019226, 29.9537410736, 30.3484802246, 30.7432193756, 31.1379585266, 31.5443077087, 31.9506568909, 32.3453979492, 32.7169151306, 33.111656189, 33.5063934326, 33.901134491, 34.2958717346, 34.690612793, 35.0969619751, 35.5033111572, 35.8980484009, 36.2927894592, 36.6875267029, 37.0822677612, 37.4653968811, 37.8601341248, 38.2664833069, 38.6612243652, 39.0675735474, 39.462310791, 39.8570518494, 40.251789093, 40.6581382751, 41.0644874573, 41.4708366394, 41.8655776978, 42.2603149414, 42.6550559998, 43.0381851196, 43.4213142395, 43.8160552979, 44.2107925415, 44.6055335999]
},
"tonal": {
    "chords_changes_rate": 0.0659114345908,
    "chords_number_rate": 0.00926879514009,
    "chords_strength": {
        "mean": 0.609115183353,
        "var": 0.00950261577964
    },
    "hpcp_entropy": {
        "mean": 1.91084051132,
        "var": 0.382039934397
    },
    "key_strength": 0.899523735046,
    "tuning_diatonic_strength": 0.761929571629,
    "tuning_equal_tempered_deviation": 0.0110098263249,
    "tuning_frequency": 444.598632813,
    "tuning_nontempered_energy_ratio": 0.694549500942,
    "hpcp": {
        "mean": [0.148862540722, 0.102673880756, 0.0618638060987, 0.0722149163485, 0.121917031705, 0.319238960743, 0.445549190044, 0.256300151348, 0.0720680728555, 0.0436952859163, 0.0677999407053, 0.142726123333, 0.165899112821, 0.102868154645, 0.0582919865847, 0.0567432157695, 0.0839814394712, 0.187830761075, 0.260291576385, 0.2340785712, 0.273655354977, 0.2864356637, 0.160264626145, 0.0653663352132, 0.0505217686296, 0.0653885006905, 0.140237286687, 0.186910703778, 0.113910496235, 0.048044193536, 0.0461383014917, 0.0851650610566, 0.237006336451, 0.313133567572, 0.180189967155, 0.11963493377],
        "var": [0.0744885802269, 0.0417907983065, 0.0196211785078, 0.0226613339037, 0.0424713268876, 0.0968485176563, 0.137780338526, 0.0711657330394, 0.015933085233, 0.00922422204167, 0.0274192020297, 0.0649993792176, 0.0725831910968, 0.0320337079465, 0.0176955834031, 0.0197026636451, 0.0333376675844, 0.0591235347092, 0.0849753543735, 0.0659745931625, 0.0846357122064, 0.0947520956397, 0.046002715826, 0.0223624259233, 0.0193524044007, 0.0196672976017, 0.0371577702463, 0.0538783967495, 0.0269994176924, 0.0149011695758, 0.0132997343317, 0.0291458535939, 0.077089831233, 0.130930930376, 0.0495648793876, 0.0399662740529]
    },
    "chords_histogram": [41.606590271, 22.5540676117, 13.5942325592, 0, 0, 4.01647806168, 0, 0, 5.04634380341, 0, 2.78063845634, 0, 0.411946445704, 1.13285267353, 0, 0, 0, 0, 0, 0.411946445704, 0, 3.50154471397, 4.94335746765, 0],
    "thpcp": [1, 0.575245440006, 0.161751106381, 0.0980706214905, 0.152171611786, 0.320337533951, 0.372347474098, 0.230879455805, 0.130831763148, 0.127355664968, 0.188489720225, 0.421571314335, 0.584203898907, 0.525370895863, 0.614197850227, 0.642882227898, 0.359701305628, 0.146709576249, 0.11339212209, 0.146759331226, 0.314751535654, 0.419506311417, 0.255663126707, 0.107831403613, 0.103553779423, 0.191146254539, 0.531942009926, 0.702803611755, 0.404422163963, 0.268511176109, 0.334110230207, 0.230443418026, 0.138848423958, 0.162080675364, 0.273633152246, 0.716506659985],
    "chords_key": "E",
    "chords_scale": "major",
    "key_key": "E",
    "key_scale": "major"
}
}