{
"lowlevel": {
    "average_loudness": 0.982534706593,
    "barkbands_crest": {
        "mean": 9.76649093628,
        "var": 15.7512054443
    },
    "barkbands_flatness_db": {
        "mean": 0.15235376358,
        "var": 0.00207896251231
    },
    "barkbands_kurtosis": {
        "mean": 7.9545135498,
        "var": 433.854003906
    },
    "barkbands_skewness": {
        "mean": 1.88762485981,
        "var": 2.49993538857
    },
    "barkbands_spread": {
        "mean": 24.2304267883,
        "var": 408.557373047
    },
    "dissonance": {
        "mean": 0.442579329014,
        "var": 0.00129999977071
    },
    "dynamic_complexity": 1.74490380287,
    "erbbands_crest": {
        "mean": 9.64479255676,
        "var": 16.098991394
    },
    "erbbands_flatness_db": {
        "mean": 0.150713339448,
        "var": 0.00134013954084
    },
    "erbbands_kurtosis": {
        "mean": 1.33196604252,
        "var": 20.9541397095
    },
    "erbbands_skewness": {
        "mean": 0.669084131718,
        "var": 1.04565393925
    },
    "erbbands_spread": {
        "mean": 48.06016922,
        "var": 755.764282227
    },
    "hfc": {
        "mean": 33.6374015808,
        "var": 2002.32092285
    },
    "melbands_crest": {
        "mean": 13.0765638351,
        "var": 25.5747871399
    },
    "melbands_flatness_db": {
        "mean": 0.20435321331,
        "var": 0.00440090987831
    },
    "melbands_kurtosis": {
        "mean": 20.5820446014,
        "var": 850.957641602
    },
    "melbands_skewness": {
        "mean": 3.0606572628,
        "var": 3.63647985458
    },
    "melbands_spread": {
        "mean": 24.425453186,
        "var": 722.563842773
    },
    "pitch_salience": {
        "mean": 0.595091700554,
        "var": 0.008952784352
    },
    "silence_rate_20dB": {
        "mean": 1,
        "var": 0
    },
    "silence_rate_30dB": {
        "mean": 1,
        "var": 0
    },
    "silence_rate_60dB": {
        "mean": 0.0113226966932,
        "var": 0.0111944423988
    },
    "spectral_centroid": {
        "mean": 1113.75512695,
        "var": 674179.25
    },
    "spectral_complexity": {
        "mean": 15.8090581894,
        "var": 72.4344100952
    },
    "spectral_decrease": {
        "mean": -7.26094384618e-009,
        "var": 1.13604513835e-017
    },
    "spectral_energy": {
        "mean": 0.030455486849,
        "var": 0.000210119585972
    },
    "spectral_energyband_high": {
        "mean": 0.00270627299324,
        "var": 3.10506438836e-005
    },
    "spectral_energyband_low": {
        "mean": 0.00583098083735,
        "var": 1.34508745759e-005
    },
    "spectral_energyband_middle_high": {
        "mean": 0.00562337832525,
        "var": 5.35452891199e-005
    },
    "spectral_energyband_middle_low": {
        "mean": 0.0180047005415,
        "var": 0.000116170805995
    },
    "spectral_entropy": {
        "mean": 7.45071935654,
        "var": 0.301721602678
    },
    "spectral_flux": {
        "mean": 0.0749700963497,
        "var": 0.00167470984161
    },
    "spectral_kurtosis": {
        "mean": 3.48238539696,
        "var": 15.3509893417
    },
    "spectral_rms": {
        "mean": 0.0052917371504,
        "var": 1.71013653016e-006
    },
    "spectral_rolloff": {
        "mean": 1858.73779297,
        "var": 5731672.5
    },
    "spectral_skewness": {
        "mean": 1.45941841602,
        "var": 0.445075541735
    },
    "spectral_spread": {
        "mean": 5928965.5,
        "var": 5.8019282944e+012
    },
    "spectral_strongpeak": {
        "mean": 1.27059876919,
        "var": 1.94608223438
    },
    "zerocrossingrate": {
        "mean": 0.0738704428077,
        "var": 0.00333566009067
    },
    "barkbands": {
        "mean": [1.5674464521e-005, 0.00251700123772, 0.00166023289785, 0.00356683437712, 0.00727978907526, 0.00252144294791, 0.00155170494691, 0.00141746702138, 0.00153863301966, 0.00139052653685, 0.000682077312376, 0.00135551090352, 0.000505471194629, 0.000519054709002, 0.000458347756648, 0.000158206457854, 0.000121292840049, 0.000142429955304, 0.000199536516448, 0.000292009848636, 0.000292162352707, 0.00066840701038, 0.000706795195583, 0.000517096719705, 0.000246379175223, 0.000131020264234, 3.92577447883e-007],
        "var": [3.18929438414e-010, 4.36723439634e-006, 2.70794976132e-006, 1.61712177942e-005, 6.57456257613e-005, 9.15967848414e-006, 6.87679948896e-006, 1.44259984154e-005, 8.62295655679e-006, 7.0268847594e-006, 2.40229519477e-006, 1.28560322992e-005, 1.30161458856e-006, 1.63383060681e-006, 1.21072093862e-006, 1.24452157024e-007, 7.82047493431e-008, 7.41548902283e-008, 3.27196943317e-007, 3.16290851288e-007, 3.31493680505e-007, 2.55680129158e-006, 3.5124162423e-006, 1.79556229796e-006, 6.73029092013e-007, 1.12197248825e-007, 4.63806380455e-012]
    },
    "erbbands": {
        "mean": [0.0402983278036, 0.67730474472, 2.05100464821, 7.14140558243, 14.239027977, 29.8676242828, 28.230474472, 18.0098190308, 17.3905773163, 29.479932785, 32.3018760681, 39.6887893677, 29.6538486481, 43.1072998047, 41.9126701355, 45.9157867432, 25.5509738922, 25.6860923767, 30.0792942047, 14.5962810516, 8.36924934387, 7.23418855667, 7.68549633026, 8.24422931671, 12.228014946, 13.8684158325, 10.7244243622, 14.6369037628, 23.9024200439, 22.1721839905, 18.9946155548, 16.0767230988, 5.69131994247, 3.73157858849, 1.1913588047, 0.758269608021, 0.203734457493, 0.00931827165186, 0.000262615416432, 5.65085756534e-005],
        "var": [0.000842082954478, 0.328275740147, 2.75734424591, 53.1625823975, 203.364151001, 1508.30773926, 1181.33862305, 552.573364258, 818.436096191, 5164.68457031, 4522.56201172, 6289.76904297, 3831.32348633, 5157.63427734, 8828.51464844, 11696.5712891, 2418.13549805, 4708.41845703, 4113.8515625, 873.803833008, 427.361541748, 356.077636719, 196.312149048, 571.209533691, 782.239990234, 707.820983887, 458.755004883, 861.561706543, 3502.41894531, 2850.72045898, 2975.79345703, 1622.0715332, 309.550994873, 148.471694946, 20.634344101, 3.76684141159, 0.291592627764, 0.000649082881864, 3.99688957486e-007, 3.38275363276e-009]
    },
    "gfcc": {
        "mean": [17.1251945496, 88.5358200073, -95.0510787964, 35.3977546692, -77.3172073364, 23.0698356628, -42.2232208252, 0.300670236349, -31.8948993683, 0.867564380169, -20.1043205261, -0.203008815646, -11.8361911774],
        "cov": [[5669.03222656, -1199.18066406, -521.980041504, 101.173049927, -603.388244629, 393.70703125, -89.984992981, 157.180389404, -181.552124023, 163.808334351, -78.5437011719, 145.702026367, -99.7454223633], [-1199.18066406, 1607.92370605, -321.663208008, -221.301986694, 454.395751953, -249.469833374, 114.112121582, -59.0529060364, 103.03767395, -77.838760376, 62.596446991, -177.139038086, 136.924255371], [-521.980041504, -321.663208008, 697.198913574, 164.571640015, -104.870132446, 5.55879211426, -75.3073425293, 3.35754346848, 5.37497806549, -26.3440990448, -32.5766677856, 83.7274169922, -72.6014480591], [101.173049927, -221.301986694, 164.571640015, 418.698364258, -19.4076442719, -55.4544296265, -85.6015014648, -9.33917713165, 8.48683166504, -55.337436676, 13.4869508743, -3.00248861313, 31.9434719086], [-603.388244629, 454.395751953, -104.870132446, -19.4076442719, 339.793273926, -95.732170105, 10.9674749374, -35.336265564, 22.3123245239, -8.12137413025, 9.50644207001, -47.6917610168, 70.0211105347], [393.70703125, -249.469833374, 5.55879211426, -55.4544296265, -95.732170105, 245.131271362, 86.2185440063, 20.4218997955, -3.51490306854, 37.2363243103, 1.36675822735, 48.2531890869, -45.0538215637], [-89.984992981, 114.112121582, -75.3073425293, -85.6015014648, 10.9674749374, 86.2185440063, 188.292419434, 29.7273712158, -7.79120111465, -0.256244003773, 25.2822360992, 3.35436654091, -8.14077472687], [157.180389404, -59.0529060364, 3.35754346848, -9.33917713165, -35.336265564, 20.4218997955, 29.7273712158, 135.845901489, 14.9867734909, 17.3891067505, 6.82194232941, -3.16629552841, 12.3204193115], [-181.552124023, 103.03767395, 5.37497806549, 8.48683166504, 22.3123245239, -3.51490306854, -7.79120111465, 14.9867734909, 115.46698761, 12.671546936, -6.50535058975, -12.6126117706, 8.65257930756], [163.808334351, -77.838760376, -26.3440990448, -55.337436676, -8.12137413025, 37.2363243103, -0.256244003773, 17.3891067505, 12.671546936, 103.257232666, 4.25289678574, 3.65327143669, -19.1978664398], [-78.5437011719, 62.596446991, -32.5766677856, 13.4869508743, 9.50644207001, 1.36675822735, 25.2822360992, 6.82194232941, -6.50535058975, 4.25289678574, 80.6238021851, 14.2443447113, 9.88170623779], [145.702026367, -177.139038086, 83.7274169922, -3.00248861313, -47.6917610168, 48.2531890869, 3.35436654091, -3.16629552841, -12.6126117706, 3.65327143669, 14.2443447113, 121.050598145, -8.79307842255], [-99.7454223633, 136.924255371, -72.6014480591, 31.9434719086, 70.0211105347, -45.0538215637, -8.14077472687, 12.3204193115, 8.65257930756, -19.1978664398, 9.88170623779, -8.79307842255, 94.2763061523]],
        "icov": [[0.000451839645393, -0.000273695914075, 0.000745210680179, -0.000669502653182, 0.000723682518583, -0.000681279634591, 0.000694526301231, -0.000705593032762, 0.000940569560044, -0.000693530368153, 0.00104274845216, -0.000921786471736, 0.000542574387509], [-0.000273695914075, 0.00244174315594, -0.000604366243351, 0.00197886885144, -0.00205114018172, 0.00190375500824, -0.0018006816972, 0.00146765669342, -0.00253734062426, 0.00209207646549, -0.00268269353546, 0.00275645847432, -0.00168870447669], [0.000745210680179, -0.000604366243351, 0.00340508762747, -0.00208061886951, 0.00125376251526, -0.00096649635816, 0.0016718225088, -0.00180937943514, 0.00142055063043, -0.000722238153685, 0.00277821230702, -0.00333442981355, 0.00310150068253], [-0.000669502653182, 0.00197886885144, -0.00208061886951, 0.00544059183449, -0.00182332971599, 0.0018039944116, -0.00063841015799, 0.00192937219981, -0.00299592851661, 0.00362225109711, -0.00441248249263, 0.0037649278529, -0.00329278456047], [0.000723682518583, -0.00205114018172, 0.00125376251526, -0.00182332971599, 0.00666247401386, -0.000741855008528, 0.000922243518289, -0.000176078217919, 0.00218920595944, -0.00306624406949, 0.00289943325333, -0.00200140685774, -0.00118814862799], [-0.000681279634591, 0.00190375500824, -0.00096649635816, 0.0018039944116, -0.000741855008528, 0.00870464649051, -0.00519607635215, 0.00185337546282, -0.00306029617786, 8.7002714281e-005, -0.00174679164775, 0.000613003503531, -0.000282465683995], [0.000694526301231, -0.0018006816972, 0.0016718225088, -0.00063841015799, 0.000922243518289, -0.00519607635215, 0.0102520994842, -0.00357389706187, 0.00302944681607, 0.000380572251743, 0.000200915194, -0.00211536744609, 0.00261913752183], [-0.000705593032762, 0.00146765669342, -0.00180937943514, 0.00192937219981, -0.000176078217919, 0.00185337546282, -0.00357389706187, 0.0104952268302, -0.0034117475152, -0.000109539010737, -0.00297963293269, 0.00352186453529, -0.00465728435665], [0.000940569560044, -0.00253734062426, 0.00142055063043, -0.00299592851661, 0.00218920595944, -0.00306029617786, 0.00302944681607, -0.0034117475152, 0.0129681741819, -0.00417227391154, 0.00468528177589, -0.00295060756616, 0.00160223187413], [-0.000693530368153, 0.00209207646549, -0.000722238153685, 0.00362225109711, -0.00306624406949, 8.7002714281e-005, 0.000380572251743, -0.000109539010737, -0.00417227391154, 0.0146415820345, -0.00469796266407, 0.00297430087812, 0.000944662082475], [0.00104274845216, -0.00268269353546, 0.00277821230702, -0.00441248249263, 0.00289943325333, -0.00174679164775, 0.000200915194, -0.00297963293269, 0.00468528177589, -0.00469796266407, 0.0188322607428, -0.0068939961493, 0.00204894831404], [-0.000921786471736, 0.00275645847432, -0.00333442981355, 0.0037649278529, -0.00200140685774, 0.000613003503531, -0.00211536744609, 0.00352186453529, -0.00295060756616, 0.00297430087812, -0.0068939961493, 0.0149952592328, -0.00468794861808], [0.000542574387509, -0.00168870447669, 0.00310150068253, -0.00329278456047, -0.00118814862799, -0.000282465683995, 0.00261913752183, -0.00465728435665, 0.00160223187413, 0.000944662082475, 0.00204894831404, -0.00468794861808, 0.0181135069579]]
    },
    "melbands": {
        "mean": [0.000544848910067, 0.00102633470669, 0.00140127143823, 0.00165864638984, 0.00107927410863, 0.000410419568652, 0.000272870966, 0.000327233108692, 0.000269113807008, 0.000225314375712, 0.000149402738316, 0.000187211029697, 0.000121824625239, 0.000167097576195, 6.65276311338e-005, 5.69351941522e-005, 4.38136194134e-005, 4.9741287512e-005, 2.85810292553e-005, 1.14400454549e-005, 9.72169073066e-006, 6.8014091994e-006, 7.42866177461e-006, 7.0089372457e-006, 6.45479121886e-006, 7.62593208492e-006, 1.0382527762e-005, 8.88450904313e-006, 6.44741248834e-006, 6.53463666822e-006, 9.17877787288e-006, 1.36571679832e-005, 1.3118960851e-005, 1.19758860819e-005, 9.68078984442e-006, 1.35650470838e-005, 8.29214695841e-006, 4.09477206631e-006, 3.29066915583e-006, 3.04773811877e-006],
        "var": [1.79896304076e-007, 5.21728054537e-007, 1.9028383349e-006, 4.34154435425e-006, 1.26413669932e-006, 2.62586809185e-007, 1.90808705725e-007, 6.60878299641e-007, 2.41339392915e-007, 2.08673370139e-007, 1.11204776942e-007, 1.04837930337e-007, 6.08461547813e-008, 2.4089771955e-007, 1.94995593006e-008, 2.21942340062e-008, 1.44599985319e-008, 1.1648771725e-008, 5.18747711453e-009, 4.89586537977e-010, 8.35253755049e-010, 3.09899494955e-010, 2.21133070188e-010, 1.99149766122e-010, 4.44694364665e-010, 5.07936803729e-010, 4.06533334774e-010, 3.25866028605e-010, 2.05233413597e-010, 1.65824687315e-010, 3.98116734024e-010, 1.21128373998e-009, 1.08584785607e-009, 8.62760862752e-010, 8.7538643001e-010, 1.32660005203e-009, 4.35038866042e-010, 1.61884325389e-010, 1.23044185951e-010, 1.07805223082e-010]
    },
    "mfcc": {
        "mean": [-628.678466797, 113.62109375, 31.8027496338, 15.7607660294, -5.21632623672, 12.6647777557, -2.23580932617, 0.667180120945, -7.20420455933, -1.62731325626, -6.43886995316, -5.50828409195, -3.32289838791],
        "cov": [[3822.59423828, -1330.6697998, -88.6523742676, -310.749481201, -292.915588379, 60.5160064697, 72.7964706421, 60.3908233643, -37.5552177429, 67.1385345459, 34.2103233337, 19.9064407349, 4.23258829117], [-1330.6697998, 1713.96923828, -563.987426758, 62.2456283569, 103.170593262, -47.7129707336, 50.4833145142, -67.736076355, 102.997032166, 42.0788574219, -1.91371893883, -15.854057312, 32.8996505737], [-88.6523742676, -563.987426758, 748.45513916, 32.4000854492, -2.5322663784, 9.29246616364, -68.2868347168, 91.2509841919, -51.2322769165, -54.2797431946, 25.3490657806, 27.2323360443, -0.912720501423], [-310.749481201, 62.2456283569, 32.4000854492, 375.635986328, 155.766738892, -69.4896011353, -33.0719909668, -45.7474021912, 4.74174213409, -12.0428714752, -61.3899726868, -24.0691642761, -19.3927288055], [-292.915588379, 103.170593262, -2.5322663784, 155.766738892, 231.301712036, -15.0617046356, -52.1309928894, -49.7312812805, 23.1136550903, -4.78868055344, -33.5848007202, -24.1289730072, -2.80924701691], [60.5160064697, -47.7129707336, 9.29246616364, -69.4896011353, -15.0617046356, 173.705322266, 26.0935821533, 18.6302871704, -12.1625938416, -4.08696126938, 36.3447380066, 1.41633093357, -4.64650344849], [72.7964706421, 50.4833145142, -68.2868347168, -33.0719909668, -52.1309928894, 26.0935821533, 172.713226318, 42.2635803223, -4.10743713379, 9.4800786972, 5.54732704163, 4.86281490326, 9.71074581146], [60.3908233643, -67.736076355, 91.2509841919, -45.7474021912, -49.7312812805, 18.6302871704, 42.2635803223, 135.944610596, 15.748290062, -13.0934991837, 16.8070602417, 13.3034563065, 15.2188367844], [-37.5552177429, 102.997032166, -51.2322769165, 4.74174213409, 23.1136550903, -12.1625938416, -4.10743713379, 15.748290062, 109.248092651, 38.2206916809, -6.82154607773, 0.0918328687549, -1.48123264313], [67.1385345459, 42.0788574219, -54.2797431946, -12.0428714752, -4.78868055344, -4.08696126938, 9.4800786972, -13.0934991837, 38.2206916809, 110.248168945, 17.298948288, 5.0521607399, -9.58456802368], [34.2103233337, -1.91371893883, 25.3490657806, -61.3899726868, -33.5848007202, 36.3447380066, 5.54732704163, 16.8070602417, -6.82154607773, 17.298948288, 98.9732818604, 27.5328674316, 3.75756978989], [19.9064407349, -15.854057312, 27.2323360443, -24.0691642761, -24.1289730072, 1.41633093357, 4.86281490326, 13.3034563065, 0.0918328687549, 5.0521607399, 27.5328674316, 81.0641326904, 19.816450119], [4.23258829117, 32.8996505737, -0.912720501423, -19.3927288055, -2.80924701691, -4.64650344849, 9.71074581146, 15.2188367844, -1.48123264313, -9.58456802368, 3.75756978989, 19.816450119, 74.6371994019]],
        "icov": [[0.000485449709231, 0.000507249496877, 0.000414528389229, 0.000137078808621, 0.000277923420072, 3.42648490914e-005, -4.2459632823e-005, -7.22862678231e-005, -9.02253450477e-005, -0.000244352559093, -5.65256195841e-005, 6.77254138282e-005, -0.000225883355597], [0.000507249496877, 0.00138681987301, 0.00104919972364, 3.23985950672e-005, -2.79456417047e-005, 0.000239067929215, -0.000203595423955, -1.83600641321e-005, -0.000639251433313, -4.90373313369e-005, -0.000530907593202, 0.000138230199809, -0.000603711407166], [0.000414528389229, 0.00104919972364, 0.00256708357483, -0.000261760025751, -8.71817173902e-005, 0.000126712810015, 0.000896461133379, -0.00171111442614, 0.000561441353057, 0.000221543828957, -0.000663042825181, -0.000401088153012, -0.000106270352262], [0.000137078808621, 3.23985950672e-005, -0.000261760025751, 0.00436997367069, -0.00259476201609, 0.00130883266684, -0.000476708228234, 0.000295342004392, 0.000441172334831, -3.24128700413e-006, 0.00139026052784, -0.000194898457266, 0.00108589150477], [0.000277923420072, -2.79456417047e-005, -8.71817173902e-005, -0.00259476201609, 0.00737562822178, -0.00112854363397, 0.00131067330949, 0.00170301669277, -0.00177311582956, 0.000261006440269, 0.000416332099121, 0.00121249898802, -0.00133367779199], [3.42648490914e-005, 0.000239067929215, 0.000126712810015, 0.00130883266684, -0.00112854363397, 0.00699122296646, -0.00108445598744, -0.000448746694019, 0.000492518709507, 0.000586318492424, -0.00230836076662, 0.000590945943259, 0.000904031679966], [-4.2459632823e-005, -0.000203595423955, 0.000896461133379, -0.000476708228234, 0.00131067330949, -0.00108445598744, 0.00748151820153, -0.0028169893194, 0.00132416223641, -0.00108435738366, 0.000714213063475, -8.82821477717e-005, -0.000563408539165], [-7.22862678231e-005, -1.83600641321e-005, -0.00171111442614, 0.000295342004392, 0.00170301669277, -0.000448746694019, -0.0028169893194, 0.0111190155149, -0.00378606515005, 0.00218143453822, -0.000955500174314, 0.00011317346798, -0.00157348986249], [-9.02253450477e-005, -0.000639251433313, 0.000561441353057, 0.000441172334831, -0.00177311582956, 0.000492518709507, 0.00132416223641, -0.00378606515005, 0.0127231460065, -0.00459455512464, 0.00177129067015, -0.00066083582351, 0.000720794312656], [-0.000244352559093, -4.90373313369e-005, 0.000221543828957, -3.24128700413e-006, 0.000261006440269, 0.000586318492424, -0.00108435738366, 0.00218143453822, -0.00459455512464, 0.0119025912136, -0.00274992547929, -0.000411170942243, 0.00146484689321], [-5.65256195841e-005, -0.000530907593202, -0.000663042825181, 0.00139026052784, 0.000416332099121, -0.00230836076662, 0.000714213063475, -0.000955500174314, 0.00177129067015, -0.00274992547929, 0.0139147322625, -0.00387319969013, 0.000574055069592], [6.77254138282e-005, 0.000138230199809, -0.000401088153012, -0.000194898457266, 0.00121249898802, 0.000590945943259, -8.82821477717e-005, 0.00011317346798, -0.00066083582351, -0.000411170942243, -0.00387319969013, 0.0150603801012, -0.00391898816451], [-0.000225883355597, -0.000603711407166, -0.000106270352262, 0.00108589150477, -0.00133367779199, 0.000904031679966, -0.000563408539165, -0.00157348986249, 0.000720794312656, 0.00146484689321, 0.000574055069592, -0.00391898816451, 0.0155721558258]]
    },
    "spectral_contrast_coeffs": {
        "mean": [-0.586560726166, -0.678901672363, -0.727775037289, -0.761312484741, -0.779880166054, -0.735265433788],
        "var": [0.00555417919531, 0.00444196909666, 0.00721379136667, 0.00474488316104, 0.00244971853681, 0.00183812342584]
    },
    "spectral_contrast_valleys": {
        "mean": [-7.02986812592, -6.83166503906, -7.44064950943, -8.07527256012, -7.96402406693, -9.95619392395],
        "var": [1.0531103611, 1.00535678864, 1.02866768837, 1.0683927536, 1.24592661858, 1.83907425404]
    }
},
"metadata": {
    "audio_properties": {
        "analysis_sample_rate": 44100,
        "bit_rate": 107313,
        "equal_loudness": 0,
        "length": 45.0873451233,
        "lossless": 0,
        "replay_gain": -10.7588672638,
        "sample_rate": 44100,
        "codec": "mp3",
        "downmix": "mix",
        "md5_encoded": "d1c16bdbac152a4dd2bd5d83c0b11b2c"
    },
    "tags": {
        "file_name": "348.mp3"
    },
    "version": {
        "essentia": "2.1-beta2",
        "essentia_git_sha": "v2.1_beta2",
        "extractor": "music 1.0"
    }
},
"rhythm": {
    "beats_count": 80,
    "beats_loudness": {
        "mean": 0.0453058257699,
        "var": 0.000151362532051
    },
    "bpm": 107.833564758,
    "bpm_histogram_first_peak_bpm": {
        "mean": 108,
        "var": 0
    },
    "bpm_histogram_first_peak_spread": {
        "mean": 0.337837815285,
        "var": 0
    },
    "bpm_histogram_first_peak_weight": {
        "mean": 0.620253145695,
        "var": 0
    },
    "bpm_histogram_second_peak_bpm": {
        "mean": 99,
        "var": 0
    },
    "bpm_histogram_second_peak_spread": {
        "mean": 0.400000035763,
        "var": 0
    },
    "bpm_histogram_second_peak_weight": {
        "mean": 0.0379746817052,
        "var": 0
    },
    "danceability": 1.4248290062,
    "onset_rate": 3.76900339127,
    "beats_loudness_band_ratio": {
        "mean": [0.217780306935, 0.257411897182, 0.156557932496, 0.177981674671, 0.0606013834476, 0.15981093049],
        "var": [0.0174081902951, 0.0267418734729, 0.0229322426021, 0.0226172022521, 0.00325413187966, 0.0261342413723]
    },
    "beats_position": [0.603718817234, 1.20743763447, 1.8111563921, 2.41487526894, 3.00698399544, 3.58748292923, 4.15637159348, 4.71365070343, 5.27092981339, 5.81659841537, 6.3622674942, 6.91954612732, 7.47682523727, 8.03410434723, 8.59138298035, 9.16027164459, 9.72916126251, 10.2980499268, 10.8553285599, 11.4009971619, 11.9582767487, 12.5039453506, 13.0496139526, 13.6068935394, 14.1641721725, 14.7098407745, 15.2555103302, 15.8127889633, 16.3700675964, 16.9389572144, 17.4962348938, 18.0535144806, 18.6107940674, 19.179681778, 19.7369613647, 20.2942390442, 20.851518631, 21.3971881866, 21.942855835, 22.4885253906, 23.0458049774, 23.5914726257, 24.1371421814, 24.6944217682, 25.2516994476, 25.7973690033, 26.3546485901, 26.9119262695, 27.4692058563, 28.0264854431, 28.5837631226, 29.1410427094, 29.6983222961, 30.2555999756, 30.8128795624, 31.3701572418, 31.9274368286, 32.4847145081, 33.0419960022, 33.5992736816, 34.1565513611, 34.7138328552, 35.2827186584, 35.8400001526, 36.3856697083, 36.9429473877, 37.5002250671, 38.0575065613, 38.6263923645, 39.1952819824, 39.7525634766, 40.309841156, 40.8671188354, 41.4127883911, 41.9584579468, 42.5157356262, 43.0730133057, 43.6302947998, 44.1875724792, 44.7448501587]
},
"tonal": {
    "chords_changes_rate": 0.0360082313418,
    "chords_number_rate": 0.00720164598897,
    "chords_strength": {
        "mean": 0.595832407475,
        "var": 0.0072997729294
    },
    "hpcp_entropy": {
        "mean": 1.68416368961,
        "var": 0.563336551189
    },
    "key_strength": 0.906169712543,
    "tuning_diatonic_strength": 0.706435024738,
    "tuning_equal_tempered_deviation": 0.0796898007393,
    "tuning_frequency": 444.341888428,
    "tuning_nontempered_energy_ratio": 0.689710140228,
    "hpcp": {
        "mean": [0.354449242353, 0.168186202645, 0.0520551465452, 0.0404633916914, 0.0585692822933, 0.15973341465, 0.213291674852, 0.111723661423, 0.0383470356464, 0.0329480133951, 0.0454187095165, 0.137949243188, 0.211845442653, 0.13706317544, 0.125255435705, 0.169035360217, 0.10238879174, 0.0500343479216, 0.0502527281642, 0.0932846590877, 0.356796085835, 0.48708999157, 0.226647108793, 0.041974876076, 0.0250001531094, 0.0290001183748, 0.0709798187017, 0.0862602815032, 0.047517426312, 0.0282580554485, 0.0286421775818, 0.0356866233051, 0.0831127539277, 0.110596761107, 0.127266272902, 0.298546910286],
        "var": [0.133943751454, 0.0499397814274, 0.014406112954, 0.0123591758311, 0.0196677614003, 0.05293751508, 0.0879389643669, 0.0324427112937, 0.0134160565212, 0.0128706935793, 0.0144775062799, 0.0508040003479, 0.103515945375, 0.0461098477244, 0.0539098754525, 0.108355790377, 0.0429742448032, 0.0152278365567, 0.018843267113, 0.0256081167608, 0.100097939372, 0.154101699591, 0.0482125617564, 0.0116698117927, 0.00785620044917, 0.0083055505529, 0.0305793341249, 0.0427139736712, 0.0132180880755, 0.0100011024624, 0.0118141714483, 0.0106012243778, 0.0326940305531, 0.0551404766738, 0.0326705686748, 0.101885639131]
    },
    "chords_histogram": [52.7777786255, 1.95473253727, 21.9135799408, 0, 0, 0, 0.411522626877, 0, 0, 0, 0, 0, 0, 0, 0, 0.102880656719, 0, 0, 0, 1.23456788063, 0, 4.73251008987, 12.6543207169, 4.21810722351],
    "thpcp": [1, 0.465308487415, 0.0861747860909, 0.0513255335391, 0.0595374964178, 0.145722180605, 0.177093103528, 0.0975536927581, 0.0580140352249, 0.0588026419282, 0.0732649490237, 0.170631214976, 0.227056115866, 0.261278778315, 0.612919390202, 0.727687358856, 0.345287740231, 0.106869667768, 0.083071693778, 0.120243243873, 0.327934086323, 0.437889665365, 0.229369655252, 0.078726798296, 0.0676425620914, 0.0932450070977, 0.283210992813, 0.434920549393, 0.281391888857, 0.257150501013, 0.347031056881, 0.210205078125, 0.102720953524, 0.103169292212, 0.191514223814, 0.732505500317],
    "chords_key": "A",
    "chords_scale": "major",
    "key_key": "A",
    "key_scale": "major"
}
}