{
"lowlevel": {
    "average_loudness": 0.864893972874,
    "barkbands_crest": {
        "mean": 12.6200885773,
        "var": 28.192232132
    },
    "barkbands_flatness_db": {
        "mean": 0.217398971319,
        "var": 0.0059625771828
    },
    "barkbands_kurtosis": {
        "mean": 12.1226682663,
        "var": 358.521820068
    },
    "barkbands_skewness": {
        "mean": 2.23137998581,
        "var": 2.76643466949
    },
    "barkbands_spread": {
        "mean": 11.7618322372,
        "var": 103.192260742
    },
    "dissonance": {
        "mean": 0.395736068487,
        "var": 0.00413394998759
    },
    "dynamic_complexity": 4.43396139145,
    "erbbands_crest": {
        "mean": 14.0563459396,
        "var": 30.4412612915
    },
    "erbbands_flatness_db": {
        "mean": 0.217766389251,
        "var": 0.00337328854948
    },
    "erbbands_kurtosis": {
        "mean": 3.56393909454,
        "var": 47.393661499
    },
    "erbbands_skewness": {
        "mean": 1.1429681778,
        "var": 1.35327684879
    },
    "erbbands_spread": {
        "mean": 26.6101760864,
        "var": 246.695129395
    },
    "hfc": {
        "mean": 12.5664300919,
        "var": 184.326324463
    },
    "melbands_crest": {
        "mean": 17.8304519653,
        "var": 42.516620636
    },
    "melbands_flatness_db": {
        "mean": 0.28142696619,
        "var": 0.00953391008079
    },
    "melbands_kurtosis": {
        "mean": 21.8984985352,
        "var": 1082.25366211
    },
    "melbands_skewness": {
        "mean": 2.90649366379,
        "var": 4.2719950676
    },
    "melbands_spread": {
        "mean": 13.4591283798,
        "var": 171.023757935
    },
    "pitch_salience": {
        "mean": 0.477542549372,
        "var": 0.0197581090033
    },
    "silence_rate_20dB": {
        "mean": 1,
        "var": 0
    },
    "silence_rate_30dB": {
        "mean": 1,
        "var": 0
    },
    "silence_rate_60dB": {
        "mean": 0.100360266864,
        "var": 0.0902871191502
    },
    "spectral_centroid": {
        "mean": 830.081665039,
        "var": 361266.09375
    },
    "spectral_complexity": {
        "mean": 9.01183700562,
        "var": 14.3421268463
    },
    "spectral_decrease": {
        "mean": -5.2143827034e-009,
        "var": 2.40953526903e-017
    },
    "spectral_energy": {
        "mean": 0.0208200793713,
        "var": 0.000383820297429
    },
    "spectral_energyband_high": {
        "mean": 0.00027807962033,
        "var": 1.84643837997e-007
    },
    "spectral_energyband_low": {
        "mean": 0.00146843504626,
        "var": 3.09008851218e-006
    },
    "spectral_energyband_middle_high": {
        "mean": 0.0034189124126,
        "var": 4.25416510552e-005
    },
    "spectral_energyband_middle_low": {
        "mean": 0.0162603072822,
        "var": 0.000314065691782
    },
    "spectral_entropy": {
        "mean": 6.57121992111,
        "var": 0.448071271181
    },
    "spectral_flux": {
        "mean": 0.0677809938788,
        "var": 0.00288781593554
    },
    "spectral_kurtosis": {
        "mean": 9.9786195755,
        "var": 197.889389038
    },
    "spectral_rms": {
        "mean": 0.00399753497913,
        "var": 4.33199738836e-006
    },
    "spectral_rolloff": {
        "mean": 927.390808105,
        "var": 1046814.5625
    },
    "spectral_skewness": {
        "mean": 2.2970430851,
        "var": 1.46200311184
    },
    "spectral_spread": {
        "mean": 4108055,
        "var": 2.53245181133e+012
    },
    "spectral_strongpeak": {
        "mean": 1.27645003796,
        "var": 1.74572038651
    },
    "zerocrossingrate": {
        "mean": 0.0390421450138,
        "var": 0.000832361693028
    },
    "barkbands": {
        "mean": [7.06786386218e-006, 0.000376735115424, 0.000613147800323, 0.00153543008491, 0.00314097269438, 0.00596478767693, 0.00215419312008, 0.00127337139565, 0.00190216209739, 0.000895424571354, 0.000552831857931, 0.000786371994764, 0.000612718635239, 0.000163404198247, 0.000255903607467, 7.51853003749e-005, 4.54765868199e-005, 2.93713255815e-005, 5.15477804583e-005, 0.000194499487407, 5.60503794986e-005, 4.67003374069e-005, 3.49851434294e-005, 2.44619659497e-005, 1.90230966837e-005, 8.00174620963e-006, 2.61394177414e-007],
        "var": [1.7487830628e-010, 2.56365410678e-007, 9.17946920254e-007, 8.92434127309e-006, 3.53468349203e-005, 0.000122355457279, 8.59602732817e-005, 1.625553341e-005, 4.78306537843e-005, 1.35873378895e-005, 7.37727941669e-006, 4.84511610921e-006, 4.86293811264e-006, 5.22815355453e-007, 1.32484649384e-006, 2.20072280399e-008, 7.89833087822e-009, 6.69660460417e-009, 1.96907592453e-008, 1.31245428747e-007, 1.0311558718e-008, 8.24615931094e-009, 6.44672049077e-009, 2.67556066191e-009, 3.06550074214e-009, 1.22873566877e-009, 2.82754440521e-012]
    },
    "erbbands": {
        "mean": [0.00334976986051, 0.116292566061, 0.673299908638, 2.6508243084, 6.16774272919, 8.52847480774, 40.328125, 50.1121063232, 30.2423439026, 26.0544929504, 36.9125099182, 48.4494743347, 30.5645046234, 27.5003738403, 23.9031009674, 34.924118042, 26.9996147156, 14.5147609711, 14.7487535477, 6.50187635422, 3.53737640381, 2.61143422127, 1.98784351349, 1.79043638706, 6.14838981628, 7.03651666641, 3.838504076, 2.37470030785, 1.66141664982, 1.12313055992, 1.00506722927, 0.603780448437, 0.397447019815, 0.249545842409, 0.12021394074, 0.0453384108841, 0.0125917606056, 0.0017426495906, 4.93089428346e-005, 2.55842569459e-005],
        "var": [1.52453540068e-005, 0.0235974751413, 0.930521547794, 19.8304748535, 139.142501831, 413.709533691, 7052.09277344, 13319.0234375, 11186.3857422, 13106.9726563, 13172.1181641, 31354.9628906, 17355.3769531, 10670.4082031, 5502.76806641, 8823.06542969, 8977.35644531, 1996.66870117, 3110.95410156, 658.829345703, 36.9247093201, 22.8739929199, 21.5466098785, 11.1420154572, 188.401184082, 226.6847229, 47.1729049683, 19.4234313965, 10.458741188, 7.29019069672, 6.00080776215, 1.9323400259, 0.711240053177, 0.442967623472, 0.158877208829, 0.0280265174806, 0.00408129999414, 0.000112940848339, 4.88591744841e-008, 5.81229342433e-010]
    },
    "gfcc": {
        "mean": [-78.3329544067, 115.25352478, -110.29889679, 19.5006027222, -71.2802886963, 8.97018241882, -40.2204666138, -9.94319629669, -31.5365314484, 2.89466166496, -11.9284057617, -8.01710033417, -10.7460412979],
        "cov": [[7518.07226563, -2364.43945313, -1853.41296387, -261.805206299, -892.909362793, 44.7339019775, -189.082855225, 217.680633545, -473.994628906, 477.591766357, 49.6507339478, 254.945449829, 256.769073486], [-2364.43945313, 1743.12756348, 606.123352051, 63.9367370605, 368.745941162, -139.391784668, 196.430114746, -171.087280273, 230.112884521, -348.961669922, 28.350605011, -214.897354126, -67.9846420288], [-1853.41296387, 606.123352051, 1398.75146484, 43.1966247559, 192.569747925, -106.106895447, -91.6351394653, 38.2244338989, 89.1259841919, -114.82850647, -153.39050293, 15.2729005814, -106.391029358], [-261.805206299, 63.9367370605, 43.1966247559, 599.22668457, 200.601089478, 100.262367249, -32.099067688, -130.137283325, 35.0039215088, -62.2705879211, -32.021194458, -75.6523361206, -100.418548584], [-892.909362793, 368.745941162, 192.569747925, 200.601089478, 370.455657959, 69.0129928589, -2.26395869255, -60.533115387, 57.8786964417, -75.489112854, -47.4225692749, -57.1171264648, -130.810058594], [44.7339019775, -139.391784668, -106.106895447, 100.262367249, 69.0129928589, 309.428131104, 28.3001976013, -4.70740795135, -36.8948020935, -17.11236763, -1.85120511055, -20.500957489, -87.511505127], [-189.082855225, 196.430114746, -91.6351394653, -32.099067688, -2.26395869255, 28.3001976013, 199.943756104, -5.37696886063, 1.63234531879, -56.2704925537, 17.1090507507, -39.1658706665, 6.24800443649], [217.680633545, -171.087280273, 38.2244338989, -130.137283325, -60.533115387, -4.70740795135, -5.37696886063, 189.766998291, 14.3497085571, 45.1889343262, -11.2052116394, 32.3300743103, -1.3323816061], [-473.994628906, 230.112884521, 89.1259841919, 35.0039215088, 57.8786964417, -36.8948020935, 1.63234531879, 14.3497085571, 182.331848145, -3.93966960907, -6.91327953339, -37.5873260498, -17.5737533569], [477.591766357, -348.961669922, -114.82850647, -62.2705879211, -75.489112854, -17.11236763, -56.2704925537, 45.1889343262, -3.93966960907, 191.174453735, 3.19089818001, 33.1102180481, 37.0418128967], [49.6507339478, 28.350605011, -153.39050293, -32.021194458, -47.4225692749, -1.85120511055, 17.1090507507, -11.2052116394, -6.91327953339, 3.19089818001, 154.476135254, 1.90273499489, 23.4152793884], [254.945449829, -214.897354126, 15.2729005814, -75.6523361206, -57.1171264648, -20.500957489, -39.1658706665, 32.3300743103, -37.5873260498, 33.1102180481, 1.90273499489, 149.991607666, 19.5335464478], [256.769073486, -67.9846420288, -106.391029358, -100.418548584, -130.810058594, -87.511505127, 6.24800443649, -1.3323816061, -17.5737533569, 37.0418128967, 23.4152793884, 19.5335464478, 196.962905884]],
        "icov": [[0.000411451124819, -2.72344968835e-005, 0.000508711847942, -0.000216445885599, 0.000716466456652, 8.11691134004e-005, 0.00041354514542, -0.000415254471591, 0.000704216014128, -0.000330355687765, 0.000488297606353, -0.000200959591893, 0.000201456219656], [-2.72344968835e-005, 0.00320069049485, -0.00105904426891, 0.00122842867859, -0.00221149902791, 0.0012706972193, -0.00195387029089, 0.00207953411154, -0.00256427843124, 0.00351456692442, -0.00180609140079, 0.00240833079442, -0.000547490024474], [0.000508711847942, -0.00105904426891, 0.00197833124548, -0.000569393741898, 0.00124416023027, 0.000125769191072, 0.00162329815794, -0.00146497203968, 0.00140685052611, -0.00080804497702, 0.00195772876032, -0.00122991716489, 0.000737085065339], [-0.000216445885599, 0.00122842867859, -0.000569393741898, 0.00311564374715, -0.00188647059258, -9.7048439784e-005, -0.000249392265687, 0.00239899032749, -0.00167517166119, 0.00172560778446, -0.000607792928349, 0.00163072382566, 0.000151766973431], [0.000716466456652, -0.00221149902791, 0.00124416023027, -0.00188647059258, 0.00735894637182, -0.00110098416917, 0.00206835567951, -0.00116129114758, 0.0019473930588, -0.00229755835608, 0.00268555036746, -0.00142122351099, 0.00276513397694], [8.11691134004e-005, 0.0012706972193, 0.000125769191072, -9.7048439784e-005, -0.00110098416917, 0.00484125502408, -0.00125353608746, 0.000161738047609, 0.000273845769698, 0.00127669074573, -0.000546892290004, 0.00109261076432, 0.00155287794769], [0.00041354514542, -0.00195387029089, 0.00162329815794, -0.000249392265687, 0.00206835567951, -0.00125353608746, 0.00792223867029, -0.00185917154886, 0.00198436155915, -0.000207701596082, 0.00146623537876, -0.000202798677492, 0.000150916486746], [-0.000415254471591, 0.00207953411154, -0.00146497203968, 0.00239899032749, -0.00116129114758, 0.000161738047609, -0.00185917154886, 0.00886745750904, -0.0034751126077, 0.00130712322425, -0.000992752960883, 0.00100607029162, 0.000572823337279], [0.000704216014128, -0.00256427843124, 0.00140685052611, -0.00167517166119, 0.0019473930588, 0.000273845769698, 0.00198436155915, -0.0034751126077, 0.00981586892158, -0.0038274563849, 0.00181693525519, -0.000645124528091, 0.000874862307683], [-0.000330355687765, 0.00351456692442, -0.00080804497702, 0.00172560778446, -0.00229755835608, 0.00127669074573, -0.000207701596082, 0.00130712322425, -0.0038274563849, 0.0111969253048, -0.0017867393326, 0.00227649114095, -0.00131675286684], [0.000488297606353, -0.00180609140079, 0.00195772876032, -0.000607792928349, 0.00268555036746, -0.000546892290004, 0.00146623537876, -0.000992752960883, 0.00181693525519, -0.0017867393326, 0.00910378340632, -0.00171759421937, 0.000561203458346], [-0.000200959591893, 0.00240833079442, -0.00122991716489, 0.00163072382566, -0.00142122351099, 0.00109261076432, -0.000202798677492, 0.00100607029162, -0.000645124528091, 0.00227649114095, -0.00171759421937, 0.010164545849, -0.0004744475591], [0.000201456219656, -0.000547490024474, 0.000737085065339, 0.000151766973431, 0.00276513397694, 0.00155287794769, 0.000150916486746, 0.000572823337279, 0.000874862307683, -0.00131675286684, 0.000561203458346, -0.0004744475591, 0.00793250650167]]
    },
    "melbands": {
        "mean": [6.60645528114e-005, 0.000281958928099, 0.000629053160083, 0.000418476993218, 0.00121148349717, 0.00108305679169, 0.000480383081594, 0.000268669886282, 0.000290575146209, 0.000308427755954, 0.000146270278492, 0.000112056986836, 6.88920699758e-005, 0.000102139310911, 6.13207230344e-005, 6.17875775788e-005, 2.08126457437e-005, 2.29653232964e-005, 1.54348963406e-005, 4.78602441945e-006, 4.17301862399e-006, 2.7954606594e-006, 2.14700617107e-006, 1.40944746363e-006, 1.32568584377e-006, 2.44464445132e-006, 6.84873521095e-006, 4.29816373071e-006, 3.04364948533e-006, 1.14942940854e-006, 1.53913515533e-006, 1.05902154246e-006, 6.57673808746e-007, 5.71342866351e-007, 5.62567436191e-007, 5.44062174868e-007, 3.11435769618e-007, 2.65080416284e-007, 2.55818235928e-007, 1.99633248599e-007],
        "var": [7.06481850798e-009, 1.51797749481e-007, 1.24893153952e-006, 6.84880717472e-007, 5.89817864238e-006, 5.46981209482e-006, 2.98269696941e-006, 1.10125392894e-006, 9.89846057564e-007, 1.38091900226e-006, 4.35388699316e-007, 1.85596348956e-007, 8.40528073809e-008, 6.0321319495e-008, 7.06466138922e-008, 4.80291895144e-008, 6.2886931218e-009, 7.15796488748e-009, 7.29916216358e-009, 1.55618948283e-010, 5.74059896841e-011, 3.27491714303e-011, 2.32500286385e-011, 1.4021728223e-011, 7.89195705314e-012, 5.0245849148e-011, 2.32882352291e-010, 1.06853095816e-010, 3.50163301133e-011, 4.18252151663e-012, 1.04943935486e-011, 4.76039433567e-012, 2.68976442681e-012, 2.12580148796e-012, 1.96784906079e-012, 2.46067424249e-012, 5.89069266456e-013, 3.65275707901e-013, 3.13813428368e-013, 3.65799404656e-013]
    },
    "mfcc": {
        "mean": [-727.126831055, 142.975769043, 13.6473922729, 14.6137619019, -6.5309677124, 10.6598329544, -0.918457329273, -13.7453012466, -12.1123685837, -4.26042175293, -6.24272060394, 1.57958602905, -0.116593621671],
        "cov": [[7109.28808594, -2350.1418457, -1511.86242676, -507.046264648, -785.798095703, -204.102005005, 103.494934082, -461.960235596, -140.619812012, 77.5462493896, -307.334838867, -59.9958076477, 223.983886719], [-2350.1418457, 1568.80090332, 489.11126709, 149.832550049, 185.390060425, -39.0975990295, -30.8991279602, 196.873153687, 62.5639953613, -58.155128479, 105.336288452, -12.636847496, -132.031585693], [-1511.86242676, 489.11126709, 910.700073242, 136.998901367, 177.767715454, -46.4567298889, -66.7064361572, 103.708206177, 57.9523582458, -16.5182914734, 22.2931575775, -37.6606521606, -72.0676956177], [-507.046264648, 149.832550049, 136.998901367, 444.834686279, 167.823730469, 123.308509827, -54.2660903931, 26.6817550659, 9.11681747437, -17.8512554169, 17.8475856781, 41.7566299438, -26.354095459], [-785.798095703, 185.390060425, 177.767715454, 167.823730469, 382.24609375, 128.261199951, -36.4597244263, 88.8638381958, -0.887870371342, -12.6133871078, 88.5018539429, 50.6894721985, -28.2927570343], [-204.102005005, -39.0975990295, -46.4567298889, 123.308509827, 128.261199951, 316.615081787, 32.873550415, 50.7611694336, -32.2344284058, 6.10450029373, 25.7244663239, 39.4539413452, 14.4142980576], [103.494934082, -30.8991279602, -66.7064361572, -54.2660903931, -36.4597244263, 32.873550415, 186.479248047, 22.6161956787, -36.9362792969, 6.19564437866, 8.19406986237, 8.80507469177, -12.7657670975], [-461.960235596, 196.873153687, 103.708206177, 26.6817550659, 88.8638381958, 50.7611694336, 22.6161956787, 233.747756958, -11.0620269775, -25.7287521362, 62.4759750366, 21.9075012207, -31.895980835], [-140.619812012, 62.5639953613, 57.9523582458, 9.11681747437, -0.887870371342, -32.2344284058, -36.9362792969, -11.0620269775, 184.039306641, 9.80055332184, -17.7421760559, -3.6211745739, 1.41182482243], [77.5462493896, -58.155128479, -16.5182914734, -17.8512554169, -12.6133871078, 6.10450029373, 6.19564437866, -25.7287521362, 9.80055332184, 179.118301392, -24.0393047333, -20.6644287109, 46.1197929382], [-307.334838867, 105.336288452, 22.2931575775, 17.8475856781, 88.5018539429, 25.7244663239, 8.19406986237, 62.4759750366, -17.7421760559, -24.0393047333, 186.873733521, 44.7191810608, -43.1474647522], [-59.9958076477, -12.636847496, -37.6606521606, 41.7566299438, 50.6894721985, 39.4539413452, 8.80507469177, 21.9075012207, -3.6211745739, -20.6644287109, 44.7191810608, 138.629714966, -7.96446800232], [223.983886719, -132.031585693, -72.0676956177, -26.354095459, -28.2927570343, 14.4142980576, -12.7657670975, -31.895980835, 1.41182482243, 46.1197929382, -43.1474647522, -7.96446800232, 157.689941406]],
        "icov": [[0.000451109459391, 0.000491342216264, 0.000420632248279, 7.39392135074e-006, 0.000342986226315, 0.000239368368057, 1.29981381178e-005, 6.16489851382e-005, 0.000113632224384, 4.38889692305e-005, 0.000206193872145, 9.46678992477e-005, 6.4635896706e-005], [0.000491342216264, 0.00142561958637, 0.000154527820996, -0.000170993458596, 0.000255999388173, 0.000479984213598, -2.09958288906e-005, -0.000438961811597, -9.87918465398e-005, 0.000117081595818, -8.67893049872e-006, 0.000318933220115, 0.000429733510828], [0.000420632248279, 0.000154527820996, 0.00195208296645, -0.000254212849541, -0.000298963219393, 0.000680504133925, 0.000230022225878, -0.000333032687195, -0.000132976623718, -3.55936499545e-005, 0.000469646794954, 0.000618703197688, 0.000388343236409], [7.39392135074e-006, -0.000170993458596, -0.000254212849541, 0.00314000155777, -0.000799750851002, -0.0010751724476, 0.000813230581116, 0.000376577983843, 5.07113372805e-006, 0.000118621610454, 0.000470911414595, -0.000650355475955, 0.000412982481066], [0.000342986226315, 0.000255999388173, -0.000298963219393, -0.000799750851002, 0.0046398290433, -0.00116663251538, 0.000806847121567, -0.000525508017745, 0.0001361752511, -0.000161974894581, -0.00121359794866, -0.000628225621767, 3.73728071281e-005], [0.000239368368057, 0.000479984213598, 0.000680504133925, -0.0010751724476, -0.00116663251538, 0.00466128531843, -0.00103187479544, -0.000707763363607, 0.000455881032394, -0.00016621031682, 0.000278504827293, -0.000201354865567, -0.000558331375942], [1.29981381178e-005, -2.09958288906e-005, 0.000230022225878, 0.000813230581116, 0.000806847121567, -0.00103187479544, 0.00638964120299, -0.000687338935677, 0.000977615476586, -0.000485839089379, -4.8845654419e-006, -0.00046916352585, 0.000930635316763], [6.16489851382e-005, -0.000438961811597, -0.000333032687195, 0.000376577983843, -0.000525508017745, -0.000707763363607, -0.000687338935677, 0.00566031690687, 0.0002317817125, 0.000459900737042, -0.000995355192572, -0.0002734856389, 9.25618660403e-005], [0.000113632224384, -9.87918465398e-005, -0.000132976623718, 5.07113372805e-006, 0.0001361752511, 0.000455881032394, 0.000977615476586, 0.0002317817125, 0.00595928076655, -0.000390012399293, 0.00061994092539, -0.000377269636374, 1.60272738867e-005], [4.38889692305e-005, 0.000117081595818, -3.55936499545e-005, 0.000118621610454, -0.000161974894581, -0.00016621031682, -0.000485839089379, 0.000459900737042, -0.000390012399293, 0.00625280104578, 0.000151877684402, 0.000826315314043, -0.00166290847119], [0.000206193872145, -8.67893049872e-006, 0.000469646794954, 0.000470911414595, -0.00121359794866, 0.000278504827293, -4.8845654419e-006, -0.000995355192572, 0.00061994092539, 0.000151877684402, 0.00725425314158, -0.00162446685135, 0.00140117330011], [9.46678992477e-005, 0.000318933220115, 0.000618703197688, -0.000650355475955, -0.000628225621767, -0.000201354865567, -0.00046916352585, -0.0002734856389, -0.000377269636374, 0.000826315314043, -0.00162446685135, 0.00863752048463, -0.000127498526126], [6.4635896706e-005, 0.000429733510828, 0.000388343236409, 0.000412982481066, 3.73728071281e-005, -0.000558331375942, 0.000930635316763, 9.25618660403e-005, 1.60272738867e-005, -0.00166290847119, 0.00140117330011, -0.000127498526126, 0.00787102617323]]
    },
    "spectral_contrast_coeffs": {
        "mean": [-0.601745963097, -0.640327215195, -0.694832205772, -0.729271531105, -0.73798841238, -0.746681630611],
        "var": [0.00761932320893, 0.0143383853137, 0.00993130449206, 0.00687631126493, 0.00600209413096, 0.00316673726775]
    },
    "spectral_contrast_valleys": {
        "mean": [-8.00103664398, -7.50822401047, -8.52668857574, -9.06844902039, -9.36935710907, -11.5887985229],
        "var": [0.75473511219, 0.745404183865, 0.948083102703, 0.995421409607, 1.08861875534, 1.3144954443]
    }
},
"metadata": {
    "audio_properties": {
        "analysis_sample_rate": 44100,
        "bit_rate": 115871,
        "equal_loudness": 0,
        "length": 45.0873451233,
        "lossless": 0,
        "replay_gain": -15.7024402618,
        "sample_rate": 44100,
        "codec": "mp3",
        "downmix": "mix",
        "md5_encoded": "4ee04ae94817ac323764b55cbcc64871"
    },
    "tags": {
        "file_name": "35.mp3"
    },
    "version": {
        "essentia": "2.1-beta2",
        "essentia_git_sha": "v2.1_beta2",
        "extractor": "music 1.0"
    }
},
"rhythm": {
    "beats_count": 112,
    "beats_loudness": {
        "mean": 0.0238826535642,
        "var": 0.000304409972159
    },
    "bpm": 155.01071167,
    "bpm_histogram_first_peak_bpm": {
        "mean": 157,
        "var": 0
    },
    "bpm_histogram_first_peak_spread": {
        "mean": 0.468750029802,
        "var": 0
    },
    "bpm_histogram_first_peak_weight": {
        "mean": 0.306306302547,
        "var": 0
    },
    "bpm_histogram_second_peak_bpm": {
        "mean": 152,
        "var": 0
    },
    "bpm_histogram_second_peak_spread": {
        "mean": 0.35714289546,
        "var": 0
    },
    "bpm_histogram_second_peak_weight": {
        "mean": 0.162162154913,
        "var": 0
    },
    "danceability": 0.935004115105,
    "onset_rate": 4.96621608734,
    "beats_loudness_band_ratio": {
        "mean": [0.293707311153, 0.324105411768, 0.228237599134, 0.136490747333, 0.0300552248955, 0.0252165514976],
        "var": [0.0989701673388, 0.0623790957034, 0.0511067807674, 0.0223706364632, 0.00217061932199, 0.00154380279128]
    },
    "beats_position": [0.53405892849, 1.06811785698, 1.57895684242, 2.08979582787, 2.58902478218, 3.08825397491, 3.59909296036, 4.09832191467, 4.62077093124, 5.14321994781, 5.66566896439, 6.07201814651, 6.46675729752, 6.87310647964, 7.27945566177, 7.65097475052, 8.0224943161, 8.39401340485, 8.76553249359, 9.14866161346, 9.52018165588, 9.90331077576, 10.2748298645, 10.6463489532, 11.0062580109, 11.3893871307, 11.7725172043, 12.1556463242, 12.538775444, 12.9102945328, 13.2818136215, 13.6649427414, 14.0480718613, 14.4195919037, 14.8027210236, 15.1742401123, 15.5573692322, 15.9521083832, 16.3700675964, 16.7764167786, 17.1711559296, 17.5775051117, 17.9838542938, 18.3437633514, 18.7268924713, 19.1100215912, 19.5047607422, 19.8994998932, 20.2710208893, 20.6657600403, 21.0837192535, 21.4900684357, 21.8964176178, 22.2911567688, 22.6975059509, 23.1154651642, 23.5334243774, 23.9397735596, 24.3577327728, 24.7524719238, 25.1239910126, 25.4955101013, 25.8670291901, 26.2385482788, 26.6100673676, 26.9815864563, 27.353105545, 27.7362346649, 28.1193637848, 28.4908847809, 28.8624038696, 29.2571430206, 29.6402721405, 30.0234012604, 30.4065303802, 30.7896595001, 31.1611785889, 31.5443077087, 31.9274368286, 32.3453979492, 32.7169151306, 33.0884361267, 33.4715652466, 33.8546943665, 34.2262115479, 34.5977325439, 34.9692497253, 35.329158783, 35.7122879028, 36.0838088989, 36.455329895, 36.8268470764, 37.2099761963, 37.5931053162, 37.976234436, 38.3593635559, 38.7424926758, 39.1256217957, 39.520362854, 39.9151000977, 40.309841156, 40.7045783997, 41.099319458, 41.4940567017, 41.88879776, 42.2835350037, 42.678276062, 43.0614051819, 43.4445343018, 43.8276634216, 44.2107925415, 44.5939216614]
},
"tonal": {
    "chords_changes_rate": 0.0205761324614,
    "chords_number_rate": 0.00205761310644,
    "chords_strength": {
        "mean": 0.673081219196,
        "var": 0.00847936235368
    },
    "hpcp_entropy": {
        "mean": 1.43211734295,
        "var": 0.643228173256
    },
    "key_strength": 0.726237893105,
    "tuning_diatonic_strength": 0.53389942646,
    "tuning_equal_tempered_deviation": 0.103490263224,
    "tuning_frequency": 435.197479248,
    "tuning_nontempered_energy_ratio": 0.829534113407,
    "hpcp": {
        "mean": [0.0944589674473, 0.0607066527009, 0.0957644283772, 0.202528893948, 0.173068508506, 0.0536823347211, 0.0221332665533, 0.0258109271526, 0.0415654405951, 0.0634869709611, 0.0586945302784, 0.0394803956151, 0.0417303517461, 0.102920569479, 0.251741945744, 0.249894112349, 0.115141153336, 0.0865756422281, 0.0811801478267, 0.0528695434332, 0.0459245145321, 0.0687787085772, 0.101256877184, 0.252891272306, 0.389902412891, 0.276355773211, 0.122150555253, 0.0635581016541, 0.0500946268439, 0.0689844340086, 0.0728359669447, 0.0532145909965, 0.0370113216341, 0.0294973235577, 0.0412161573768, 0.0846354663372],
        "var": [0.0313640199602, 0.0200668275356, 0.0303752366453, 0.106175608933, 0.0828401148319, 0.0169677156955, 0.00896859448403, 0.00958858523518, 0.00994967948645, 0.0230975747108, 0.0220987480134, 0.00994266569614, 0.0127017693594, 0.0387865453959, 0.134339883924, 0.127709418535, 0.0468488261104, 0.0485689677298, 0.0476749576628, 0.0275956168771, 0.0195007231086, 0.0317215695977, 0.0426101721823, 0.0967577770352, 0.172637879848, 0.101293675601, 0.0503687374294, 0.0266877468675, 0.0234904531389, 0.042155560106, 0.0391534529626, 0.0243274327368, 0.0157333537936, 0.0108256489038, 0.012073494494, 0.0245906338096]
    },
    "chords_histogram": [74.3827133179, 25.5144023895, 0, 0, 0, 0, 0, 0, 0.102880656719, 0, 0, 0, 0, 0, 0, 0, 0, 0, 0, 0, 0, 0, 0, 0],
    "thpcp": [1, 0.708781898022, 0.313284933567, 0.163010284305, 0.128479912877, 0.176927432418, 0.186805635691, 0.136481821537, 0.0949245765805, 0.075653091073, 0.105708904564, 0.217068329453, 0.242263093591, 0.15569704771, 0.245611280203, 0.519434809685, 0.443876475096, 0.137681469321, 0.0567661710083, 0.0661984309554, 0.106604725122, 0.162827849388, 0.150536462665, 0.101257123053, 0.107027679682, 0.263964951038, 0.64565372467, 0.64091449976, 0.295307606459, 0.22204439342, 0.208206325769, 0.135596856475, 0.117784634233, 0.176399797201, 0.259698003531, 0.648601472378],
    "chords_key": "A#",
    "chords_scale": "major",
    "key_key": "A#",
    "key_scale": "major"
}
}