{
"lowlevel": {
    "average_loudness": 0.966948866844,
    "barkbands_crest": {
        "mean": 11.7784938812,
        "var": 15.5454559326
    },
    "barkbands_flatness_db": {
        "mean": 0.170173898339,
        "var": 0.00355172017589
    },
    "barkbands_kurtosis": {
        "mean": 16.6348896027,
        "var": 250.323623657
    },
    "barkbands_skewness": {
        "mean": 3.11954021454,
        "var": 1.81948006153
    },
    "barkbands_spread": {
        "mean": 14.403470993,
        "var": 181.509979248
    },
    "dissonance": {
        "mean": 0.422316879034,
        "var": 0.00217323424295
    },
    "dynamic_complexity": 2.07504463196,
    "erbbands_crest": {
        "mean": 10.010140419,
        "var": 13.3612689972
    },
    "erbbands_flatness_db": {
        "mean": 0.148303493857,
        "var": 0.00196065800264
    },
    "erbbands_kurtosis": {
        "mean": 2.68926596642,
        "var": 16.2395191193
    },
    "erbbands_skewness": {
        "mean": 1.2871888876,
        "var": 0.631412863731
    },
    "erbbands_spread": {
        "mean": 42.223274231,
        "var": 611.674438477
    },
    "hfc": {
        "mean": 17.5795993805,
        "var": 200.567230225
    },
    "melbands_crest": {
        "mean": 15.9072065353,
        "var": 18.8023796082
    },
    "melbands_flatness_db": {
        "mean": 0.270597785711,
        "var": 0.00541221676394
    },
    "melbands_kurtosis": {
        "mean": 35.2707824707,
        "var": 1164.74255371
    },
    "melbands_skewness": {
        "mean": 4.11342287064,
        "var": 3.53517818451
    },
    "melbands_spread": {
        "mean": 9.60992145538,
        "var": 98.9799728394
    },
    "pitch_salience": {
        "mean": 0.575977742672,
        "var": 0.010903403163
    },
    "silence_rate_20dB": {
        "mean": 1,
        "var": 0
    },
    "silence_rate_30dB": {
        "mean": 0.996912002563,
        "var": 0.00307847326621
    },
    "silence_rate_60dB": {
        "mean": 0.00926402490586,
        "var": 0.00917821098119
    },
    "spectral_centroid": {
        "mean": 552.636352539,
        "var": 229624.328125
    },
    "spectral_complexity": {
        "mean": 12.8224391937,
        "var": 24.6091938019
    },
    "spectral_decrease": {
        "mean": -8.75268035827e-009,
        "var": 3.04725098946e-017
    },
    "spectral_energy": {
        "mean": 0.0346291251481,
        "var": 0.000462318188511
    },
    "spectral_energyband_high": {
        "mean": 0.000709243293386,
        "var": 1.07007815586e-006
    },
    "spectral_energyband_low": {
        "mean": 0.00928970333189,
        "var": 0.000114199465315
    },
    "spectral_energyband_middle_high": {
        "mean": 0.00236225547269,
        "var": 8.81020878296e-006
    },
    "spectral_energyband_middle_low": {
        "mean": 0.0244988314807,
        "var": 0.000264772825176
    },
    "spectral_entropy": {
        "mean": 6.94436168671,
        "var": 0.394033700228
    },
    "spectral_flux": {
        "mean": 0.0729081556201,
        "var": 0.00187447061762
    },
    "spectral_kurtosis": {
        "mean": 6.782746315,
        "var": 42.8340682983
    },
    "spectral_rms": {
        "mean": 0.00551561545581,
        "var": 3.36247467203e-006
    },
    "spectral_rolloff": {
        "mean": 792.98260498,
        "var": 2461548
    },
    "spectral_skewness": {
        "mean": 2.30912137032,
        "var": 0.732450902462
    },
    "spectral_spread": {
        "mean": 7081284,
        "var": 9.90184262861e+012
    },
    "spectral_strongpeak": {
        "mean": 0.8655397892,
        "var": 0.313571542501
    },
    "zerocrossingrate": {
        "mean": 0.0533606223762,
        "var": 0.00156765244901
    },
    "barkbands": {
        "mean": [0.000484585703816, 0.000797066837549, 0.00585423689336, 0.00450287479907, 0.0132094919682, 0.00427462905645, 0.000720921088941, 0.000975122733507, 0.000656436313875, 0.000328154390445, 0.000194132197066, 0.00102881353814, 0.000122254481539, 0.000189265643712, 0.000161385498359, 0.000162944183103, 0.000116157796583, 4.92459112138e-005, 3.25757209794e-005, 7.99702611403e-005, 6.44556348561e-005, 4.20885589847e-005, 6.61554731778e-005, 0.000122729281429, 0.000212195591303, 0.000170682920725, 1.06010766103e-005],
        "var": [2.13704652197e-006, 1.3296984207e-006, 7.76560118538e-005, 2.25590829359e-005, 0.000170865867403, 1.82752573892e-005, 9.17117347399e-007, 1.16227636227e-006, 8.95297262105e-007, 2.78110576346e-007, 1.29102929236e-007, 2.92587787953e-006, 3.32275682524e-008, 1.69264922079e-007, 6.08740364783e-008, 1.50798854293e-007, 1.14478588387e-007, 9.3743377505e-009, 4.3349954737e-009, 5.33219868259e-008, 5.71431044705e-008, 4.56469662069e-009, 1.234311231e-008, 3.78010724944e-008, 1.04862920125e-007, 8.29839663652e-008, 5.51075796107e-010]
    },
    "erbbands": {
        "mean": [0.0123024024069, 0.328305393457, 5.22432661057, 12.8478107452, 35.3489646912, 40.6001358032, 42.4724693298, 25.9451179504, 15.8264884949, 6.77973937988, 23.8704338074, 13.0092763901, 17.3898048401, 8.59372806549, 14.9874849319, 44.4705619812, 10.7869873047, 9.58074569702, 9.34350776672, 6.21538734436, 8.34952354431, 6.76734447479, 3.10705018044, 1.5830142498, 2.32409214973, 4.1153845787, 3.50869250298, 1.47165036201, 1.41020786762, 1.8315615654, 1.96958005428, 2.3966550827, 2.12105965614, 2.51810097694, 1.41506290436, 0.794905304909, 0.312424331903, 0.0454157702625, 0.00131090346258, 7.52325358917e-005],
        "var": [0.00050596013898, 0.248774275184, 66.116645813, 134.26159668, 1616.30273438, 2203.09375, 1826.34716797, 1380.85070801, 441.370880127, 57.5331535339, 789.590332031, 233.06980896, 751.895446777, 105.461181641, 692.776184082, 6072.22802734, 207.941192627, 308.286346436, 198.98588562, 82.0004425049, 480.669403076, 440.717132568, 44.7464103699, 7.90711069107, 26.1599311829, 136.029129028, 183.757507324, 20.5027370453, 5.61037349701, 8.54918956757, 11.2609071732, 15.9904842377, 11.3921747208, 15.2963962555, 5.32058191299, 1.91104674339, 0.286531984806, 0.00652378890663, 5.95856454311e-006, 4.74143035945e-009]
    },
    "gfcc": {
        "mean": [-4.27400541306, 88.6069488525, -63.262840271, 1.60698378086, -61.3315734863, 19.0448894501, -60.7580604553, -1.77529549599, -42.7008399963, -3.79420018196, -27.6899452209, -1.07599329948, -16.4756202698],
        "cov": [[5821.78662109, -870.880249023, -713.754760742, 297.37512207, -22.3832187653, 37.772857666, -48.9405899048, 90.2705383301, -241.682312012, 117.216804504, -182.010879517, 66.892364502, -68.2540664673], [-870.880249023, 1232.04431152, 6.51531791687, -139.164581299, 55.9265480042, -47.8157997131, -24.6410007477, -62.917591095, 105.152168274, -83.814163208, 56.2912483215, -129.772201538, 63.9537582397], [-713.754760742, 6.51531791687, 798.073974609, -133.085144043, -45.6179046631, 144.099258423, -120.200080872, -17.1238193512, 105.612190247, -19.1603946686, -2.51527118683, 68.4570388794, -79.7919769287], [297.37512207, -139.164581299, -133.085144043, 258.602172852, 42.3839683533, -56.3151130676, 82.7638702393, 21.9035339355, -44.8535461426, 31.235250473, 10.6396160126, -16.6172351837, 5.67145681381], [-22.3832187653, 55.9265480042, -45.6179046631, 42.3839683533, 132.940200806, 26.5106906891, 22.0776786804, 13.85750103, 11.1162281036, -9.54529571533, -10.1428518295, -9.75542545319, 8.69310379028], [37.772857666, -47.8157997131, 144.099258423, -56.3151130676, 26.5106906891, 142.196807861, -16.6348342896, 2.49320864677, 36.2578544617, -6.98891639709, -23.3675918579, 27.9902229309, -17.1190738678], [-48.9405899048, -24.6410007477, -120.200080872, 82.7638702393, 22.0776786804, -16.6348342896, 121.701385498, 20.3977527618, -22.1462535858, 19.7286167145, 6.85699510574, -20.6491603851, 13.8148136139], [90.2705383301, -62.917591095, -17.1238193512, 21.9035339355, 13.85750103, 2.49320864677, 20.3977527618, 85.1704101563, 27.8944721222, 10.117184639, -8.92706871033, 1.9282861948, -1.70008265972], [-241.682312012, 105.152168274, 105.612190247, -44.8535461426, 11.1162281036, 36.2578544617, -22.1462535858, 27.8944721222, 123.003356934, 13.6485948563, -8.18193435669, 5.57049751282, -1.3236219883], [117.216804504, -83.814163208, -19.1603946686, 31.235250473, -9.54529571533, -6.98891639709, 19.7286167145, 10.117184639, 13.6485948563, 80.6628036499, 13.3227577209, -3.85681843758, -2.78646373749], [-182.010879517, 56.2912483215, -2.51527118683, 10.6396160126, -10.1428518295, -23.3675918579, 6.85699510574, -8.92706871033, -8.18193435669, 13.3227577209, 80.3620071411, 5.68292617798, -7.78322267532], [66.892364502, -129.772201538, 68.4570388794, -16.6172351837, -9.75542545319, 27.9902229309, -20.6491603851, 1.9282861948, 5.57049751282, -3.85681843758, 5.68292617798, 84.414932251, -10.7264471054], [-68.2540664673, 63.9537582397, -79.7919769287, 5.67145681381, 8.69310379028, -17.1190738678, 13.8148136139, -1.70008265972, -1.3236219883, -2.78646373749, -7.78322267532, -10.7264471054, 66.2061538696]],
        "icov": [[0.000368710956536, -0.000141496551805, 0.000516339612659, -0.000564784859307, 0.000371554109734, -0.000727878534235, 0.00100403930992, -0.00057617132552, 0.000888080510776, -0.00086031248793, 0.00105577078648, -0.000571610115003, 0.000739231240004], [-0.000141496551805, 0.00191244599409, -0.000312799267704, 0.00109627330676, -0.001017629751, 0.00110035121907, -0.000727741222363, 0.00171631516423, -0.00259980862029, 0.00256537669338, -0.00243129790761, 0.00307337427512, -0.0015819844557], [0.000516339612659, -0.000312799267704, 0.00292124925181, -0.00103029352613, 0.00144806387834, -0.00274004461244, 0.00261764391325, -0.000358046760084, -0.000102499885543, -0.000804418174084, 0.00124430831056, -0.00148798595183, 0.0028586932458], [-0.000564784859307, 0.00109627330676, -0.00103029352613, 0.0075112041086, -0.00327600771561, 0.0039263824001, -0.00474533392116, 0.000679701857734, -0.000562914123293, 0.000335204269504, -0.00219784583896, 0.00165583449416, -0.00106060062535], [0.000371554109734, -0.001017629751, 0.00144806387834, -0.00327600771561, 0.0105270929635, -0.00453272042796, 0.00102978991345, -0.00175297562964, 0.000235931322095, 0.000486572738737, 0.00182208442129, -0.000693026173394, 0.000704849604517], [-0.000727878534235, 0.00110035121907, -0.00274004461244, 0.0039263824001, -0.00453272042796, 0.013314049691, -0.00419251434505, 0.0023391104769, -0.00356769771315, 0.00190726888832, 0.000197444431251, -0.000512197322678, -0.00053010310512], [0.00100403930992, -0.000727741222363, 0.00261764391325, -0.00474533392116, 0.00102978991345, -0.00419251434505, 0.0154556566849, -0.00423569511622, 0.0041036773473, -0.00421444699168, 0.00181923771743, -6.1928825744e-005, 0.000854799407534], [-0.00057617132552, 0.00171631516423, -0.000358046760084, 0.000679701857734, -0.00175297562964, 0.0023391104769, -0.00423569511622, 0.0165613032877, -0.00758089032024, 0.00280150724575, -0.00135931535624, 0.00178259471431, -0.000502200273331], [0.000888080510776, -0.00259980862029, -0.000102499885543, -0.000562914123293, 0.000235931322095, -0.00356769771315, 0.0041036773473, -0.00758089032024, 0.0168932434171, -0.00798886362463, 0.00515783717856, -0.00400189030915, 0.00130665046163], [-0.00086031248793, 0.00256537669338, -0.000804418174084, 0.000335204269504, 0.000486572738737, 0.00190726888832, -0.00421444699168, 0.00280150724575, -0.00798886362463, 0.0196067281067, -0.00718926265836, 0.00528675550595, -0.00230575865135], [0.00105577078648, -0.00243129790761, 0.00124430831056, -0.00219784583896, 0.00182208442129, 0.000197444431251, 0.00181923771743, -0.00135931535624, 0.00515783717856, -0.00718926265836, 0.0195750053972, -0.00667726434767, 0.00554218748584], [-0.000571610115003, 0.00307337427512, -0.00148798595183, 0.00165583449416, -0.000693026173394, -0.000512197322678, -6.1928825744e-005, 0.00178259471431, -0.00400189030915, 0.00528675550595, -0.00667726434767, 0.0191626530141, -0.00301385391504], [0.000739231240004, -0.0015819844557, 0.0028586932458, -0.00106060062535, 0.000704849604517, -0.00053010310512, 0.000854799407534, -0.000502200273331, 0.00130665046163, -0.00230575865135, 0.00554218748584, -0.00301385391504, 0.0206022113562]]
    },
    "melbands": {
        "mean": [0.000174450644408, 0.0019280007109, 0.00271338107996, 0.00311541906558, 0.00140757940244, 0.000632968265563, 0.000211356818909, 8.34128441056e-005, 0.000193166910321, 8.40056309244e-005, 8.44745591166e-005, 3.18920065183e-005, 3.68172259186e-005, 0.000105772443931, 6.90554006724e-005, 1.41437012644e-005, 1.79541566467e-005, 1.40230376928e-005, 1.06528423203e-005, 1.1313356481e-005, 9.05629894987e-006, 7.59208796808e-006, 4.07992320106e-006, 2.00799559025e-006, 1.13917781164e-006, 1.23182655898e-006, 3.00145393339e-006, 2.32426077673e-006, 2.43137833422e-006, 1.24624557429e-006, 7.17936245564e-007, 7.64699848332e-007, 8.44046951443e-007, 1.08504741547e-006, 1.08168455881e-006, 1.3399388763e-006, 1.45642297866e-006, 1.39813687383e-006, 1.60254444381e-006, 2.35344464272e-006],
        "var": [6.7882417909e-008, 8.86289035407e-006, 5.20538651472e-006, 1.16984265333e-005, 1.69498127889e-006, 5.73998647724e-007, 7.65795249436e-008, 1.0817863938e-008, 5.39323465887e-008, 1.33097675103e-008, 1.85496311644e-008, 1.65322078249e-009, 4.47878623078e-009, 3.07707850311e-008, 1.4991657693e-008, 3.24595267331e-010, 1.51569112816e-009, 5.72877689731e-010, 2.6605209702e-010, 4.93722784878e-010, 7.61691598683e-010, 6.49727993629e-010, 8.47528089376e-011, 2.38916872397e-011, 4.34591381979e-012, 6.6946877729e-012, 8.63503227255e-011, 3.9975259214e-011, 6.60762347615e-011, 4.84085098396e-011, 4.34259008961e-012, 1.80641580253e-012, 1.88514742011e-012, 3.21431162936e-012, 3.7016422913e-012, 6.42094277054e-012, 5.65594533014e-012, 5.32553515176e-012, 6.53677069071e-012, 1.44441316546e-011]
    },
    "mfcc": {
        "mean": [-670.558349609, 141.146850586, 42.1483917236, -5.3476858139, 17.3831634521, 3.57003426552, -2.42350673676, -7.06245136261, -7.82339811325, -11.596783638, -12.3161315918, -7.22305107117, -3.75254273415],
        "cov": [[4113.92089844, -996.750305176, -781.768676758, 273.287811279, -78.5163726807, 35.8787345886, 142.713058472, -14.1606731415, 59.9201126099, 92.8964920044, -168.362579346, 95.9201431274, 6.13417291641], [-996.750305176, 1119.46289063, 141.748779297, -135.013336182, 83.9293746948, -21.6334133148, -83.0822067261, -25.0822849274, 9.86908531189, -17.4798870087, 56.8279647827, -51.2592124939, -18.5503921509], [-781.768676758, 141.748779297, 690.420288086, -179.958023071, 114.862701416, 40.6872024536, -111.806434631, 50.9443283081, -33.8210334778, -49.266330719, 115.504882813, -59.1006355286, 2.47449016571], [273.287811279, -135.013336182, -179.958023071, 313.523254395, -73.8558425903, -17.6626586914, 90.160774231, -26.8450050354, -3.35037589073, 38.4947891235, -27.1479949951, 25.7706317902, 13.8854827881], [-78.5163726807, 83.9293746948, 114.862701416, -73.8558425903, 171.524368286, 29.0494937897, -47.2239952087, 42.12657547, 11.3891677856, -7.97128486633, 42.8556213379, -29.5116348267, -5.08597564697], [35.8787345886, -21.6334133148, 40.6872024536, -17.6626586914, 29.0494937897, 108.72946167, 5.76181459427, 11.9246244431, 16.8741970062, -5.41968393326, 8.31948375702, 2.31638264656, -6.63525724411], [142.713058472, -83.0822067261, -111.806434631, 90.160774231, -47.2239952087, 5.76181459427, 131.399017334, -9.7202091217, -10.149561882, 12.801618576, -33.9300537109, 15.1789941788, 16.2198982239], [-14.1606731415, -25.0822849274, 50.9443283081, -26.8450050354, 42.12657547, 11.9246244431, -9.7202091217, 106.163246155, 9.8908290863, -7.06987714767, 15.0423736572, -14.2671365738, -2.62392234802], [59.9201126099, 9.86908531189, -33.8210334778, -3.35037589073, 11.3891677856, 16.8741970062, -10.149561882, 9.8908290863, 117.062553406, 22.5694217682, 5.6530880928, -0.0230235662311, -23.5350532532], [92.8964920044, -17.4798870087, -49.266330719, 38.4947891235, -7.97128486633, -5.41968393326, 12.801618576, -7.06987714767, 22.5694217682, 107.148750305, 15.6213541031, -14.7540712357, -9.65537929535], [-168.362579346, 56.8279647827, 115.504882813, -27.1479949951, 42.8556213379, 8.31948375702, -33.9300537109, 15.0423736572, 5.6530880928, 15.6213541031, 117.847557068, -13.9038600922, -16.4026641846], [95.9201431274, -51.2592124939, -59.1006355286, 25.7706317902, -29.5116348267, 2.31638264656, 15.1789941788, -14.2671365738, -0.0230235662311, -14.7540712357, -13.9038600922, 89.232963562, 20.3688812256], [6.13417291641, -18.5503921509, 2.47449016571, 13.8854827881, -5.08597564697, -6.63525724411, 16.2198982239, -2.62392234802, -23.5350532532, -9.65537929535, -16.4026641846, 20.3688812256, 88.1943283081]],
        "icov": [[0.000405034486903, 0.00031418618164, 0.000404558173614, -4.94073719892e-005, -0.000262549903709, -0.000182978590601, 0.000118441646919, 1.44055875353e-005, -3.23379681504e-005, -0.000166543977684, 0.000175741093699, -7.43965647416e-005, 7.0846563176e-006], [0.00031418618164, 0.00127039873041, 0.000295447476674, 0.000237152955378, -0.000549507618416, 0.000180919290869, 0.000284447043668, 0.00057707662927, -0.000179500813829, 6.87596257194e-005, -0.000162019816344, 0.000364629318938, -8.21011508378e-006], [0.000404558173614, 0.000295447476674, 0.00279331719503, 0.000594712852035, -0.000467534904601, -0.0009300953825, 0.00108154118061, -0.000329688016791, 0.000687332067173, 0.000716379261576, -0.0016808550572, 0.00107208429836, -0.000742021366023], [-4.94073719892e-005, 0.000237152955378, 0.000594712852035, 0.00463559059426, 0.000744820921682, 0.000442747870693, -0.00218845088966, 0.000364659412298, 9.74811118795e-005, -0.000942072772887, -0.000637082906906, -0.00026814173907, -0.000337294361088], [-0.000262549903709, -0.000549507618416, -0.000467534904601, 0.000744820921682, 0.00862007588148, -0.00173448654823, 0.00143321976066, -0.00233123637736, -0.000378563738195, 0.000369808491087, -0.00174175237771, 0.00172799755819, -0.000951363996137], [-0.000182978590601, 0.000180919290869, -0.0009300953825, 0.000442747870693, -0.00173448654823, 0.0106546133757, -0.00205466966145, -5.05781063111e-005, -0.00162906816695, 0.000537427025847, -2.99711336993e-005, -0.00108617614023, 0.000954506918788], [0.000118441646919, 0.000284447043668, 0.00108154118061, -0.00218845088966, 0.00143321976066, -0.00205466966145, 0.0112660201266, -0.000622600200586, 0.00113717105705, -0.000668645719998, 0.00129054277204, 0.000305503112031, -0.00139687955379], [1.44055875353e-005, 0.00057707662927, -0.000329688016791, 0.000364659412298, -0.00233123637736, -5.05781063111e-005, -0.000622600200586, 0.0110751194879, -0.00107896595728, 0.000883035187144, -0.000542087364011, 0.00120447052177, -0.000192272607819], [-3.23379681504e-005, -0.000179500813829, 0.000687332067173, 9.74811118795e-005, -0.000378563738195, -0.00162906816695, 0.00113717105705, -0.00107896595728, 0.0100877443328, -0.00210413616151, 0.000103954560473, -0.000930574780796, 0.00224008597434], [-0.000166543977684, 6.87596257194e-005, 0.000716379261576, -0.000942072772887, 0.000369808491087, 0.000537427025847, -0.000668645719998, 0.000883035187144, -0.00210413616151, 0.0115787656978, -0.00278161559254, 0.00283166533336, -9.99221447273e-005], [0.000175741093699, -0.000162019816344, -0.0016808550572, -0.000637082906906, -0.00174175237771, -2.99711336993e-005, 0.00129054277204, -0.000542087364011, 0.000103954560473, -0.00278161559254, 0.0118910605088, -0.00114351720549, 0.00194384297356], [-7.43965647416e-005, 0.000364629318938, 0.00107208429836, -0.00026814173907, 0.00172799755819, -0.00108617614023, 0.000305503112031, 0.00120447052177, -0.000930574780796, 0.00283166533336, -0.00114351720549, 0.0140688922256, -0.00330868386663], [7.0846563176e-006, -8.21011508378e-006, -0.000742021366023, -0.000337294361088, -0.000951363996137, 0.000954506918788, -0.00139687955379, -0.000192272607819, 0.00224008597434, -9.99221447273e-005, 0.00194384297356, -0.00330868386663, 0.013390946202]]
    },
    "spectral_contrast_coeffs": {
        "mean": [-0.494628578424, -0.664757668972, -0.733913660049, -0.748318970203, -0.75098067522, -0.81446814537],
        "var": [0.00576197123155, 0.00548496842384, 0.00417523691431, 0.00310548790731, 0.00363475549966, 0.00101865374018]
    },
    "spectral_contrast_valleys": {
        "mean": [-7.51085948944, -6.91976690292, -7.72615623474, -8.42354297638, -9.15336799622, -10.1538095474],
        "var": [1.11376225948, 0.969735324383, 0.922715961933, 1.06467163563, 1.98613870144, 1.11882674694]
    }
},
"metadata": {
    "audio_properties": {
        "analysis_sample_rate": 44100,
        "bit_rate": 117646,
        "equal_loudness": 0,
        "length": 45.0873451233,
        "lossless": 0,
        "replay_gain": -13.3535671234,
        "sample_rate": 44100,
        "codec": "mp3",
        "downmix": "mix",
        "md5_encoded": "8a60b0ab0a3c8af05d1b98d0969c9954"
    },
    "tags": {
        "file_name": "350.mp3"
    },
    "version": {
        "essentia": "2.1-beta2",
        "essentia_git_sha": "v2.1_beta2",
        "extractor": "music 1.0"
    }
},
"rhythm": {
    "beats_count": 76,
    "beats_loudness": {
        "mean": 0.0469041243196,
        "var": 0.000431095337262
    },
    "bpm": 103.241401672,
    "bpm_histogram_first_peak_bpm": {
        "mean": 103,
        "var": 0
    },
    "bpm_histogram_first_peak_spread": {
        "mean": 0.408450692892,
        "var": 0
    },
    "bpm_histogram_first_peak_weight": {
        "mean": 0.560000002384,
        "var": 0
    },
    "bpm_histogram_second_peak_bpm": {
        "mean": 92,
        "var": 0
    },
    "bpm_histogram_second_peak_spread": {
        "mean": 0.5,
        "var": 0
    },
    "bpm_histogram_second_peak_weight": {
        "mean": 0.0133333336562,
        "var": 0
    },
    "danceability": 1.28609800339,
    "onset_rate": 6.03040552139,
    "beats_loudness_band_ratio": {
        "mean": [0.463861912489, 0.467995733023, 0.0891898721457, 0.0589612983167, 0.0213220212609, 0.0388084240258],
        "var": [0.0356912836432, 0.0308129470795, 0.00483577838168, 0.00540874945, 0.000451073836302, 0.00283572683111]
    },
    "beats_position": [0.626938760281, 1.26548755169, 1.91564619541, 2.53097510338, 3.13469386101, 3.73841261864, 4.34213161469, 4.92263031006, 5.50312900543, 6.08362817764, 6.65251684189, 7.23301553726, 7.81351470947, 8.39401340485, 8.97451210022, 9.54340076447, 10.1239004135, 10.7043991089, 11.2848978043, 11.8537864685, 12.4342851639, 13.0031747818, 13.5836734772, 14.1641721725, 14.7446708679, 15.3483896255, 15.9404983521, 16.5326080322, 17.1131057739, 17.693605423, 18.2741031647, 18.8546028137, 19.4351024628, 20.0156002045, 20.5960998535, 21.1882076263, 21.7803173065, 22.3608150482, 22.9413146973, 23.5218143463, 24.102312088, 24.6944217682, 25.286529541, 25.8786392212, 26.470746994, 27.0512466431, 27.6317462921, 28.2122440338, 28.7927436829, 29.3732414246, 29.9305210114, 30.4994106293, 31.0682983398, 31.6487979889, 32.2176856995, 32.7865753174, 33.3554649353, 33.9243545532, 34.5048522949, 35.0853500366, 35.6658477783, 36.2579574585, 36.8500671387, 37.4305648804, 38.0110664368, 38.5915641785, 39.1720619202, 39.7525634766, 40.344669342, 40.9367790222, 41.5056686401, 42.0745582581, 42.6434440613, 43.2239456177, 43.8044433594, 44.3849411011]
},
"tonal": {
    "chords_changes_rate": 0.0360082313418,
    "chords_number_rate": 0.00617283955216,
    "chords_strength": {
        "mean": 0.508201360703,
        "var": 0.00456007104367
    },
    "hpcp_entropy": {
        "mean": 1.54242181778,
        "var": 0.561185419559
    },
    "key_strength": 0.752372324467,
    "tuning_diatonic_strength": 0.554807007313,
    "tuning_equal_tempered_deviation": 0.0554558373988,
    "tuning_frequency": 447.432556152,
    "tuning_nontempered_energy_ratio": 0.637941360474,
    "hpcp": {
        "mean": [0.34785887599, 0.233925536275, 0.072946831584, 0.0411496534944, 0.0332124605775, 0.0314503386617, 0.0282202195376, 0.0317441523075, 0.0751317441463, 0.150544434786, 0.135410666466, 0.070475704968, 0.0442465655506, 0.0324160903692, 0.231517195702, 0.467690914869, 0.278055757284, 0.0299838054925, 0.0102651296183, 0.00813974160701, 0.0308928024024, 0.0647950991988, 0.0558593198657, 0.0507118180394, 0.0892043411732, 0.0844932645559, 0.0616060011089, 0.0576930381358, 0.0963597074151, 0.245045498013, 0.269352406263, 0.128142565489, 0.0512585453689, 0.0460750609636, 0.0734173506498, 0.210339233279],
        "var": [0.145682871342, 0.0799103975296, 0.0279210954905, 0.0187097657472, 0.0145119493827, 0.0105581721291, 0.0101208947599, 0.0117531018332, 0.0257660448551, 0.0856781676412, 0.0701741948724, 0.0233227927238, 0.0110248932615, 0.00893584359437, 0.043028626591, 0.151497676969, 0.0599401108921, 0.00621598353609, 0.00200377986766, 0.00155921978876, 0.00430268840864, 0.0153761664405, 0.0143006024882, 0.0165480319411, 0.0572468042374, 0.0490533970296, 0.0197766330093, 0.0140904067084, 0.0300742648542, 0.124987646937, 0.123676985502, 0.0482100993395, 0.0245460662991, 0.0213334448636, 0.0365240611136, 0.0693655461073]
    },
    "chords_histogram": [11.3168725967, 0, 8.23045253754, 3.70370364189, 0, 2.05761313438, 0, 25.6172847748, 0, 48.148147583, 0, 0, 0, 0, 0, 0, 0, 0, 0, 0, 0, 0, 0.925925910473, 0],
    "thpcp": [1, 0.594528853893, 0.064110301435, 0.0219485331327, 0.0174041055143, 0.0660538896918, 0.138542562723, 0.119436398149, 0.108430199325, 0.190733537078, 0.18066047132, 0.131723746657, 0.123357191682, 0.206032887101, 0.523947536945, 0.575919687748, 0.273989856243, 0.10959918797, 0.0985160470009, 0.156978353858, 0.449739843607, 0.743779420853, 0.500171244144, 0.15597230196, 0.0879847183824, 0.0710136964917, 0.0672459900379, 0.0603394657373, 0.0678742155433, 0.160644009709, 0.321888744831, 0.28953024745, 0.150688633323, 0.0946064218879, 0.0693109259009, 0.495021790266],
    "chords_key": "D",
    "chords_scale": "major",
    "key_key": "G",
    "key_scale": "minor"
}
}