{
"lowlevel": {
    "average_loudness": 0.831119418144,
    "barkbands_crest": {
        "mean": 14.4494981766,
        "var": 36.961151123
    },
    "barkbands_flatness_db": {
        "mean": 0.245696768165,
        "var": 0.00662727048621
    },
    "barkbands_kurtosis": {
        "mean": 28.8870754242,
        "var": 11319.7353516
    },
    "barkbands_skewness": {
        "mean": 1.53171920776,
        "var": 7.15652132034
    },
    "barkbands_spread": {
        "mean": 8.28419113159,
        "var": 51.3297462463
    },
    "dissonance": {
        "mean": 0.408966690302,
        "var": 0.00436409050599
    },
    "dynamic_complexity": 5.16560745239,
    "erbbands_crest": {
        "mean": 15.1511049271,
        "var": 66.1943511963
    },
    "erbbands_flatness_db": {
        "mean": 0.281216442585,
        "var": 0.00750039611012
    },
    "erbbands_kurtosis": {
        "mean": 13.6174707413,
        "var": 1066.26501465
    },
    "erbbands_skewness": {
        "mean": 1.02894198895,
        "var": 3.06295537949
    },
    "erbbands_spread": {
        "mean": 19.2692718506,
        "var": 221.064834595
    },
    "hfc": {
        "mean": 10.2264642715,
        "var": 146.930633545
    },
    "melbands_crest": {
        "mean": 17.151725769,
        "var": 50.5572319031
    },
    "melbands_flatness_db": {
        "mean": 0.286242246628,
        "var": 0.00715825334191
    },
    "melbands_kurtosis": {
        "mean": 20.14752388,
        "var": 1426.99707031
    },
    "melbands_skewness": {
        "mean": 1.54647362232,
        "var": 6.50281381607
    },
    "melbands_spread": {
        "mean": 11.4597263336,
        "var": 121.017044067
    },
    "pitch_salience": {
        "mean": 0.49503326416,
        "var": 0.0376467742026
    },
    "silence_rate_20dB": {
        "mean": 1,
        "var": 0
    },
    "silence_rate_30dB": {
        "mean": 1,
        "var": 0
    },
    "silence_rate_60dB": {
        "mean": 0.2810087502,
        "var": 0.202044725418
    },
    "spectral_centroid": {
        "mean": 895.999694824,
        "var": 325370.40625
    },
    "spectral_complexity": {
        "mean": 9.88934612274,
        "var": 64.5299377441
    },
    "spectral_decrease": {
        "mean": -3.81134235283e-009,
        "var": 1.94618409321e-017
    },
    "spectral_energy": {
        "mean": 0.0153124248609,
        "var": 0.000309780967655
    },
    "spectral_energyband_high": {
        "mean": 9.57058073254e-005,
        "var": 7.17925487947e-008
    },
    "spectral_energyband_low": {
        "mean": 9.25545318751e-005,
        "var": 3.35702097232e-008
    },
    "spectral_energyband_middle_high": {
        "mean": 0.00398362008855,
        "var": 3.67832763004e-005
    },
    "spectral_energyband_middle_low": {
        "mean": 0.0113400369883,
        "var": 0.000222291186219
    },
    "spectral_entropy": {
        "mean": 6.66018486023,
        "var": 0.514546096325
    },
    "spectral_flux": {
        "mean": 0.0489030480385,
        "var": 0.00152192171663
    },
    "spectral_kurtosis": {
        "mean": 13.401927948,
        "var": 143.838150024
    },
    "spectral_rms": {
        "mean": 0.00323203555308,
        "var": 4.49290700999e-006
    },
    "spectral_rolloff": {
        "mean": 1039.80957031,
        "var": 1051853.125
    },
    "spectral_skewness": {
        "mean": 2.49053812027,
        "var": 1.33932340145
    },
    "spectral_spread": {
        "mean": 2948859.75,
        "var": 3.32686163968e+012
    },
    "spectral_strongpeak": {
        "mean": 1.30215466022,
        "var": 1.59388160706
    },
    "zerocrossingrate": {
        "mean": 0.0401124432683,
        "var": 0.000747650337871
    },
    "barkbands": {
        "mean": [9.82685378403e-007, 6.61777994537e-006, 3.66189342458e-005, 0.000132165107061, 0.00348248216324, 0.00415797624737, 0.000796774402261, 0.000758435286116, 0.00176136964001, 0.00115061982069, 0.000585741363466, 0.000724479788914, 0.000759030226618, 0.000218067449168, 0.000136313668918, 7.25451827748e-005, 0.000170809624251, 0.000119891294162, 0.000111972018203, 5.34866339876e-005, 2.93028515443e-005, 1.88271878869e-005, 1.51342655954e-005, 6.72860232953e-006, 4.46680860477e-006, 1.55735222052e-006, 5.7273247478e-008],
        "var": [3.99944140306e-011, 8.68490945827e-010, 1.04313793159e-008, 6.92338701924e-008, 7.70878687035e-005, 6.09661728959e-005, 1.85853389212e-006, 4.55377039543e-006, 1.22374303828e-005, 4.50562265542e-006, 2.46892363975e-006, 5.50228105567e-006, 8.65003312356e-006, 2.15073910681e-007, 9.89076127667e-008, 2.69362931959e-008, 3.06613685552e-007, 1.85723692425e-007, 7.03715272721e-008, 1.81366015539e-008, 8.05747912835e-009, 4.35710667546e-009, 5.33113508894e-009, 7.45286665715e-010, 3.38717193182e-010, 8.50904277594e-011, 1.35323664167e-013]
    },
    "erbbands": {
        "mean": [9.4350616564e-005, 0.00254391506314, 0.0355652347207, 0.270355910063, 1.99722743034, 13.8201284409, 36.6718635559, 28.0963287354, 12.7101182938, 9.62519741058, 26.8148326874, 44.9682540894, 25.1418914795, 37.6637191772, 28.6106185913, 27.979642868, 34.6261825562, 15.197892189, 7.05041646957, 5.91482782364, 5.34266328812, 8.28895664215, 7.62204551697, 5.11814165115, 5.73973798752, 2.39126682281, 1.43205237389, 0.943306863308, 0.587222576141, 0.606418550014, 0.462631285191, 0.16236153245, 0.11442103982, 0.0604594945908, 0.027210008353, 0.00846236106008, 0.00266602961347, 0.000340582744684, 1.6151167074e-005, 1.81128780241e-005],
        "var": [6.21671958356e-008, 0.000103398277133, 0.0100213782862, 0.215934380889, 12.9291877747, 1477.9942627, 6042.38525391, 3225.52539063, 474.586578369, 212.631027222, 3790.54589844, 7980.52978516, 1933.13745117, 8931.21191406, 5562.75292969, 7393.93994141, 16115.0976563, 883.744812012, 171.68598938, 213.214584351, 226.812957764, 527.463745117, 603.171691895, 192.571960449, 202.359191895, 27.3045215607, 15.9756126404, 8.41549301147, 3.43681573868, 6.1517906189, 7.2439956665, 0.404360055923, 0.282290965319, 0.0486083216965, 0.01939702034, 0.00234237196855, 0.000251241610385, 4.15747854277e-006, 2.74971667658e-009, 4.39371095062e-010]
    },
    "gfcc": {
        "mean": [-140.662628174, 112.936355591, -153.142364502, -13.9134616852, -79.015953064, -14.3025636673, -44.8839759827, -12.9160070419, -38.0317268372, -11.8153543472, -13.6899137497, -5.00177240372, -6.53032493591],
        "cov": [[13857.7412109, 52.3693161011, -1598.3861084, 337.75869751, -1245.52636719, -1327.05566406, -1147.37658691, -104.918289185, -0.862972557545, -49.1547546387, -74.5901870728, -330.903533936, -263.986541748], [52.3693161011, 1016.56298828, 119.409500122, -208.653060913, -33.8656196594, -243.796707153, 48.9640655518, -55.7848358154, 56.6496315002, -95.0081100464, 14.6394414902, -102.487556458, 51.1149482727], [-1598.3861084, 119.409500122, 704.375061035, 185.053970337, 27.2870426178, 62.6273384094, -12.912776947, 6.09352684021, -12.7571735382, 26.6798095703, -52.8621444702, 53.5307197571, 86.2211151123], [337.75869751, -208.653060913, 185.053970337, 639.317565918, -67.963394165, -194.555435181, -227.162109375, -29.185585022, 34.0435295105, 197.169891357, -28.2121944427, -71.099029541, -7.9652929306], [-1245.52636719, -33.8656196594, 27.2870426178, -67.963394165, 401.282196045, 284.578460693, 125.574821472, -82.2894058228, -60.2075386047, -15.9792013168, 84.6740951538, 90.3441467285, 24.7991218567], [-1327.05566406, -243.796707153, 62.6273384094, -194.555435181, 284.578460693, 557.673339844, 239.146530151, 7.34682846069, -94.3798675537, -98.8148880005, 23.8362369537, 162.640060425, 0.815039515495], [-1147.37658691, 48.9640655518, -12.912776947, -227.162109375, 125.574821472, 239.146530151, 426.918151855, 110.413902283, -19.4914073944, -79.3829040527, -8.1659860611, 33.0733299255, 29.5186138153], [-104.918289185, -55.7848358154, 6.09352684021, -29.185585022, -82.2894058228, 7.34682846069, 110.413902283, 229.246734619, 61.1640930176, -32.8302612305, -83.7992935181, -32.2532043457, 19.4905643463], [-0.862972557545, 56.6496315002, -12.7571735382, 34.0435295105, -60.2075386047, -94.3798675537, -19.4914073944, 61.1640930176, 168.177536011, 67.6287689209, -28.3774394989, -80.6756134033, -24.8056583405], [-49.1547546387, -95.0081100464, 26.6798095703, 197.169891357, -15.9792013168, -98.8148880005, -79.3829040527, -32.8302612305, 67.6287689209, 250.81010437, 43.000289917, -70.7606506348, -73.4208984375], [-74.5901870728, 14.6394414902, -52.8621444702, -28.2121944427, 84.6740951538, 23.8362369537, -8.1659860611, -83.7992935181, -28.3774394989, 43.000289917, 146.377822876, 33.9962997437, -15.2040758133], [-330.903533936, -102.487556458, 53.5307197571, -71.099029541, 90.3441467285, 162.640060425, 33.0733299255, -32.2532043457, -80.6756134033, -70.7606506348, 33.9962997437, 185.488601685, 67.8134155273], [-263.986541748, 51.1149482727, 86.2211151123, -7.9652929306, 24.7991218567, 0.815039515495, 29.5186138153, 19.4905643463, -24.8056583405, -73.4208984375, -15.2040758133, 67.8134155273, 175.773620605]],
        "icov": [[0.00023160764249, -0.000158873706823, 0.000595821125899, -0.000210401514778, 0.00055530318059, -2.67548693955e-005, 0.000463234988274, -7.24733108655e-005, 0.000305316934828, 0.000158735914738, 2.65287690127e-005, -0.000118023504911, 0.000101483732578], [-0.000158873706823, 0.00217069429345, -0.00133587408345, 0.00108709384222, -0.000945796491578, 0.00171985500492, -0.00104255182669, 0.00115182006266, -0.000953582581133, 0.0011694857385, -0.000538219872396, 0.00124791520648, -0.000166553509189], [0.000595821125899, -0.00133587408345, 0.00375361507758, -0.00150460249279, 0.00178974634036, -0.00128138484433, 0.00147058011498, -0.000449257757282, 0.00106570846401, -0.000566997216083, 0.00107600435149, -0.00114671839401, -0.000620786275249], [-0.000210401514778, 0.00108709384222, -0.00150460249279, 0.0035789271351, -0.00121026614215, 0.00117796612903, 0.00048633775441, 0.000113844187581, 0.000332793279085, -0.00187105778605, 0.000819698849227, 0.00107157405, -0.000737992231734], [0.00055530318059, -0.000945796491578, 0.00178974634036, -0.00121026614215, 0.00678685493767, -0.00337126827799, 0.000561020569876, 0.00144018069841, 0.000457139802165, -0.000141188749694, -0.00178100692574, 0.000217524255277, -0.00125197472516], [-2.67548693955e-005, 0.00171985500492, -0.00128138484433, 0.00117796612903, -0.00337126827799, 0.00666135642678, -0.00213901046664, 0.000126352315419, -6.32552701063e-006, 0.00149645772763, 0.00083955086302, -0.00262254592963, 0.00264014559798], [0.000463234988274, -0.00104255182669, 0.00147058011498, 0.00048633775441, 0.000561020569876, -0.00213901046664, 0.00573495496064, -0.00288714515045, 0.00160304224119, -0.000606287270784, -0.000138710151077, 0.00086911598919, -0.000786949938629], [-7.24733108655e-005, 0.00115182006266, -0.000449257757282, 0.000113844187581, 0.00144018069841, 0.000126352315419, -0.00288714515045, 0.00860433094203, -0.00309148593806, 0.00111891108099, 0.00238041928969, 0.000889762071893, -0.000997547060251], [0.000305316934828, -0.000953582581133, 0.00106570846401, 0.000332793279085, 0.000457139802165, -6.32552701063e-006, 0.00160304224119, -0.00309148593806, 0.0100091435015, -0.00296517810784, 0.00110278988723, 0.00190013868269, -0.000226432239288], [0.000158735914738, 0.0011694857385, -0.000566997216083, -0.00187105778605, -0.000141188749694, 0.00149645772763, -0.000606287270784, 0.00111891108099, -0.00296517810784, 0.00904109887779, -0.00339901586995, 0.00124235695694, 0.00266709411517], [2.65287690127e-005, -0.000538219872396, 0.00107600435149, 0.000819698849227, -0.00178100692574, 0.00083955086302, -0.000138710151077, 0.00238041928969, 0.00110278988723, -0.00339901586995, 0.0116177322343, -0.00282066664658, 0.00054139905842], [-0.000118023504911, 0.00124791520648, -0.00114671839401, 0.00107157405, 0.000217524255277, -0.00262254592963, 0.00086911598919, 0.000889762071893, 0.00190013868269, 0.00124235695694, -0.00282066664658, 0.0122173866257, -0.00436260085553], [0.000101483732578, -0.000166553509189, -0.000620786275249, -0.000737992231734, -0.00125197472516, 0.00264014559798, -0.000786949938629, -0.000997547060251, -0.000226432239288, 0.00266709411517, 0.00054139905842, -0.00436260085553, 0.00938022881746]]
    },
    "melbands": {
        "mean": [1.23115273709e-006, 1.21258608488e-005, 7.42709744372e-005, 0.000475450593513, 0.00122553575784, 0.000656708609313, 0.000178875270649, 0.00010631972691, 0.000267860596068, 0.000250160897849, 0.000120469645481, 0.00015774955682, 8.76007470652e-005, 8.30328790471e-005, 9.09165901248e-005, 5.68968353036e-005, 2.45495848503e-005, 1.04779173853e-005, 9.3381777333e-006, 5.64643823964e-006, 6.80499670125e-006, 8.55958478496e-006, 8.34893126012e-006, 6.58708722767e-006, 3.64590664503e-006, 4.87302531837e-006, 2.92168601845e-006, 1.26884037854e-006, 8.77109528119e-007, 7.7395009157e-007, 4.80861217511e-007, 3.07609383299e-007, 3.9493684767e-007, 2.84093175651e-007, 3.02472926705e-007, 1.4706535012e-007, 7.92805394667e-008, 8.01697837005e-008, 6.64241781578e-008, 4.69437075878e-008],
        "var": [2.23089359486e-011, 1.46238099408e-009, 1.70768910124e-008, 1.46965794556e-006, 6.32960473013e-006, 1.57744682383e-006, 1.00209042841e-007, 3.35676020313e-008, 3.02185782175e-007, 2.53741205825e-007, 5.08353679152e-008, 1.48483621842e-007, 4.41774083981e-008, 5.60534836325e-008, 2.51673839102e-007, 3.74794737468e-008, 2.7092912358e-009, 4.04453831537e-010, 6.0009675007e-010, 1.38429476215e-010, 4.97737406846e-010, 5.52598855563e-010, 8.04828925727e-010, 8.15450207359e-010, 8.67901306378e-011, 1.59177560022e-010, 6.09198733126e-011, 8.46027414791e-012, 5.83765544585e-012, 6.40863317275e-012, 2.31634394825e-012, 1.05700940622e-012, 2.48666712221e-012, 1.49078752815e-012, 3.74363691089e-012, 4.24143359323e-013, 1.11406360753e-013, 1.46886409286e-013, 9.51757661398e-014, 2.56418794347e-014]
    },
    "mfcc": {
        "mean": [-776.974914551, 149.714706421, -28.6942996979, -5.93349981308, -23.9982738495, -16.1453437805, -10.2374181747, -13.9101877213, -18.829618454, -15.7039718628, -12.672287941, -12.9219369888, -9.45413970947],
        "cov": [[13094.0908203, -45.0172729492, -1237.77197266, 537.51348877, -845.617858887, -1077.15588379, -1183.5447998, -630.289428711, -516.795959473, -79.1193161011, 38.5130233765, -67.1020736694, -222.730636597], [-45.0172729492, 1169.50317383, -25.172958374, -131.764221191, -138.111251831, -154.603439331, -27.3407058716, 11.0816631317, -4.77091312408, -72.2800598145, 10.207239151, -34.6539955139, -39.3532371521], [-1237.77197266, -25.172958374, 652.326599121, 158.284545898, 115.789512634, 59.7056159973, 6.28439760208, -7.95948410034, 76.9814910889, 45.059803009, -82.2870254517, -67.2902069092, 24.4985561371], [537.51348877, -131.764221191, 158.284545898, 576.007202148, 1.42710483074, -87.0569381714, -162.353912354, -308.466644287, -3.2866461277, 98.7618179321, -19.9746417999, 10.7286577225, 48.6784172058], [-845.617858887, -138.111251831, 115.789512634, 1.42710483074, 360.057556152, 176.590637207, 63.0775680542, 27.8462924957, -27.1961860657, -43.6167602539, -41.5852890015, 35.2082977295, -3.32162284851], [-1077.15588379, -154.603439331, 59.7056159973, -87.0569381714, 176.590637207, 344.852386475, 197.169876099, 87.235244751, -15.9726171494, -63.6905822754, 28.3093605042, 69.7558288574, 36.9227180481], [-1183.5447998, -27.3407058716, 6.28439760208, -162.353912354, 63.0775680542, 197.169876099, 357.905792236, 198.569030762, 53.7264328003, -39.288974762, -3.54575777054, 18.0023193359, 26.9922084808], [-630.289428711, 11.0816631317, -7.95948410034, -308.466644287, 27.8462924957, 87.235244751, 198.569030762, 399.768218994, 97.7528152466, -64.6963272095, -51.9167976379, -61.3328475952, -20.7570972443], [-516.795959473, -4.77091312408, 76.9814910889, -3.2866461277, -27.1961860657, -15.9726171494, 53.7264328003, 97.7528152466, 217.919326782, 108.762535095, -31.3651561737, -52.599861145, -4.48635864258], [-79.1193161011, -72.2800598145, 45.059803009, 98.7618179321, -43.6167602539, -63.6905822754, -39.288974762, -64.6963272095, 108.762535095, 217.168121338, 65.3288497925, 1.35843241215, -4.38348674774], [38.5130233765, 10.207239151, -82.2870254517, -19.9746417999, -41.5852890015, 28.3093605042, -3.54575777054, -51.9167976379, -31.3651561737, 65.3288497925, 205.0519104, 108.340736389, -0.346908599138], [-67.1020736694, -34.6539955139, -67.2902069092, 10.7286577225, 35.2082977295, 69.7558288574, 18.0023193359, -61.3328475952, -52.599861145, 1.35843241215, 108.340736389, 187.902542114, 48.0046691895], [-222.730636597, -39.3532371521, 24.4985561371, 48.6784172058, -3.32162284851, 36.9227180481, 26.9922084808, -20.7570972443, -4.48635864258, -4.38348674774, -0.346908599138, 48.0046691895, 142.555801392]],
        "icov": [[0.000200066089747, 6.98752337485e-005, 0.000316242862027, -0.000239377448452, 0.000296968733892, 0.000187930258107, 0.000451070227427, -0.000216662403545, 0.000383550534025, 4.82138166262e-005, 0.000119241842185, -4.88014302391e-005, 0.00023083378619], [6.98752337485e-005, 0.00108743377496, -8.91394593054e-005, 0.000301850115648, 0.0002399396908, 0.000801475485787, -0.000103496880911, 0.000372170936316, -0.00034414223046, 0.000949341745581, -0.000430610380135, 6.18147751084e-005, 0.000189900601981], [0.000316242862027, -8.91394593054e-005, 0.00255278334953, -0.00103931501508, -8.53813253343e-005, -0.000350902497303, 0.000945573498029, -0.000596412806772, 0.00028769634082, -0.000421606557211, 0.000580350286327, 0.000686350162141, -2.49205677392e-005], [-0.000239377448452, 0.000301850115648, -0.00103931501508, 0.00415092520416, -0.000520158268046, 0.000277073704638, -0.000533414946403, 0.00332855130546, -0.00129017967265, -0.000333996780682, 0.000566066941246, 9.10677918e-005, -0.00110786943696], [0.000296968733892, 0.0002399396908, -8.53813253343e-005, -0.000520158268046, 0.00501944217831, -0.00223298021592, 0.00120792246889, -0.000733629800379, 0.00149369507562, -0.000601425301284, 0.002303552581, -0.00165020953864, 0.00167210528161], [0.000187930258107, 0.000801475485787, -0.000350902497303, 0.000277073704638, -0.00223298021592, 0.0073487428017, -0.00272724078968, 0.000481417169794, -0.000370130059309, 0.00245688250288, -0.00213544326834, -0.000542685156688, -0.000646892178338], [0.000451070227427, -0.000103496880911, 0.000945573498029, -0.000533414946403, 0.00120792246889, -0.00272724078968, 0.00671332143247, -0.00263499934226, 0.000366501539247, -0.000365374115063, 0.000774313521106, -0.000536683714017, -4.155206625e-005], [-0.000216662403545, 0.000372170936316, -0.000596412806772, 0.00332855130546, -0.000733629800379, 0.000481417169794, -0.00263499934226, 0.00748999090865, -0.00398561730981, 0.00251455698162, -0.000436900067143, 0.00145384727512, -0.000360891252058], [0.000383550534025, -0.00034414223046, 0.00028769634082, -0.00129017967265, 0.00149369507562, -0.000370130059309, 0.000366501539247, -0.00398561730981, 0.0111389746889, -0.00691464357078, 0.00322427833453, -5.75814956392e-005, 0.000541487417649], [4.82138166262e-005, 0.000949341745581, -0.000421606557211, -0.000333996780682, -0.000601425301284, 0.00245688250288, -0.000365374115063, 0.00251455698162, -0.00691464357078, 0.0115712126717, -0.00550367496908, 0.0012692004675, 6.27178860668e-006], [0.000119241842185, -0.000430610380135, 0.000580350286327, 0.000566066941246, 0.002303552581, -0.00213544326834, 0.000774313521106, -0.000436900067143, 0.00322427833453, -0.00550367496908, 0.0110840965062, -0.00568808615208, 0.00204557413235], [-4.88014302391e-005, 6.18147751084e-005, 0.000686350162141, 9.10677918e-005, -0.00165020953864, -0.000542685156688, -0.000536683714017, 0.00145384727512, -5.75814956392e-005, 0.0012692004675, -0.00568808615208, 0.0107099181041, -0.00337593234144], [0.00023083378619, 0.000189900601981, -2.49205677392e-005, -0.00110786943696, 0.00167210528161, -0.000646892178338, -4.155206625e-005, -0.000360891252058, 0.000541487417649, 6.27178860668e-006, 0.00204557413235, -0.00337593234144, 0.00913132540882]]
    },
    "spectral_contrast_coeffs": {
        "mean": [-0.53253698349, -0.655979514122, -0.72136336565, -0.77022755146, -0.788116931915, -0.754974484444],
        "var": [0.0172408688813, 0.0107823871076, 0.00839997455478, 0.00555702112615, 0.00447778776288, 0.00316765811294]
    },
    "spectral_contrast_valleys": {
        "mean": [-10.0624990463, -7.79412412643, -8.11920261383, -8.75617694855, -9.04975128174, -12.3013391495],
        "var": [1.1597006321, 2.32248210907, 1.98478722572, 1.63766217232, 1.77816581726, 1.47528588772]
    }
},
"metadata": {
    "audio_properties": {
        "analysis_sample_rate": 44100,
        "bit_rate": 110600,
        "equal_loudness": 0,
        "length": 45.0873451233,
        "lossless": 0,
        "replay_gain": -18.5026397705,
        "sample_rate": 44100,
        "codec": "mp3",
        "downmix": "mix",
        "md5_encoded": "b863a03c71937d1bce69953ab76fe27b"
    },
    "tags": {
        "file_name": "352.mp3"
    },
    "version": {
        "essentia": "2.1-beta2",
        "essentia_git_sha": "v2.1_beta2",
        "extractor": "music 1.0"
    }
},
"rhythm": {
    "beats_count": 95,
    "beats_loudness": {
        "mean": 0.0282188821584,
        "var": 0.000490702572279
    },
    "bpm": 128.22038269,
    "bpm_histogram_first_peak_bpm": {
        "mean": 129,
        "var": 0
    },
    "bpm_histogram_first_peak_spread": {
        "mean": 0.544303774834,
        "var": 0
    },
    "bpm_histogram_first_peak_weight": {
        "mean": 0.382978737354,
        "var": 0
    },
    "bpm_histogram_second_peak_bpm": {
        "mean": 123,
        "var": 0
    },
    "bpm_histogram_second_peak_spread": {
        "mean": 0.307692289352,
        "var": 0
    },
    "bpm_histogram_second_peak_weight": {
        "mean": 0.0957446843386,
        "var": 0
    },
    "danceability": 1.2612528801,
    "onset_rate": 3.34776186943,
    "beats_loudness_band_ratio": {
        "mean": [0.034418232739, 0.521947085857, 0.198243439198, 0.240726932883, 0.0320023186505, 0.015367411077],
        "var": [0.00259424000978, 0.0983519032598, 0.0406261049211, 0.0839365795255, 0.00220005912706, 0.00115784641821]
    },
    "beats_position": [0.441179126501, 0.893968224525, 1.34675729275, 1.8111563921, 2.27555561066, 2.72834467888, 3.20435357094, 3.64553284645, 4.1099319458, 4.57433080673, 5.05034017563, 5.53795909882, 6.03718805313, 6.52480697632, 6.98920631409, 7.45360517502, 7.91800451279, 8.38240337372, 8.84680271149, 9.31120204926, 9.77560043335, 10.2399997711, 10.71600914, 11.1804075241, 11.6448068619, 12.1092061996, 12.5619955063, 13.0147848129, 13.479183197, 13.9435825348, 14.4195919037, 14.8839902878, 15.3483896255, 15.8243989944, 16.2771873474, 16.7299766541, 17.1827659607, 17.6471652985, 18.0999546051, 18.5643539429, 19.0287532806, 19.5047607422, 19.96916008, 20.4335594177, 20.8979587555, 21.3739681244, 21.8499774933, 22.3375968933, 22.825214386, 23.3244438171, 23.800453186, 24.2764625549, 24.7524719238, 25.2633094788, 25.7625389099, 26.2617683411, 26.7493877411, 27.2137870789, 27.6897945404, 28.1658039093, 28.6418132782, 29.1178226471, 29.593832016, 30.0582313538, 30.5342407227, 30.9986381531, 31.474647522, 31.9506568909, 32.4150543213, 32.8794555664, 33.3438529968, 33.8314743042, 34.3074836731, 34.783493042, 35.2594985962, 35.7355079651, 36.2231292725, 36.6991386414, 37.1751480103, 37.6395454407, 38.1155548096, 38.5915641785, 39.0559616089, 39.5319709778, 40.0079803467, 40.4956016541, 40.9599990845, 41.4243965149, 41.88879776, 42.3648071289, 42.8408164978, 43.3168258667, 43.7928352356, 44.2804527283, 44.7564620972]
},
"tonal": {
    "chords_changes_rate": 0.0679012313485,
    "chords_number_rate": 0.0133744860068,
    "chords_strength": {
        "mean": 0.557098686695,
        "var": 0.0100675746799
    },
    "hpcp_entropy": {
        "mean": 1.60233092308,
        "var": 0.478779941797
    },
    "key_strength": 0.708435773849,
    "tuning_diatonic_strength": 0.633416831493,
    "tuning_equal_tempered_deviation": 0.119998052716,
    "tuning_frequency": 442.293365479,
    "tuning_nontempered_energy_ratio": 0.793399214745,
    "hpcp": {
        "mean": [0.196224793792, 0.129234626889, 0.0623562335968, 0.0427317656577, 0.0435054413974, 0.0639345496893, 0.0846143960953, 0.0896045938134, 0.106703445315, 0.112882338464, 0.0883060544729, 0.061993971467, 0.0577141791582, 0.0795973911881, 0.129291772842, 0.188225030899, 0.144864231348, 0.0668197274208, 0.0755000710487, 0.165421277285, 0.32840976119, 0.338404387236, 0.17452827096, 0.0858026370406, 0.0645162016153, 0.0384815186262, 0.0368606820703, 0.0471086576581, 0.0512176863849, 0.0886189267039, 0.127466350794, 0.0986967235804, 0.0655257031322, 0.0707939937711, 0.0996908247471, 0.168943941593],
        "var": [0.0860201641917, 0.0560471601784, 0.0290129389614, 0.0197328273207, 0.0167713463306, 0.0234811492264, 0.0359562858939, 0.0390520878136, 0.0534745566547, 0.0573453269899, 0.0381159484386, 0.0251619908959, 0.0205971281976, 0.0394043810666, 0.0519156605005, 0.10485548526, 0.0720880106091, 0.027362184599, 0.035663023591, 0.0699881017208, 0.132728025317, 0.139777094126, 0.0642325133085, 0.0411270819604, 0.0343988277018, 0.0111231142655, 0.0085479747504, 0.0134479431435, 0.0136031918228, 0.0306327454746, 0.0659722313285, 0.0429966039956, 0.0195732247084, 0.0243846345693, 0.0433370433748, 0.071428000927]
    },
    "chords_histogram": [19.6502056122, 11.5226335526, 11.4197530746, 6.06995868683, 0, 1.44032919407, 0, 10.8024692535, 3.39506173134, 2.98353910446, 10.4938268661, 0.102880656719, 0.205761313438, 0, 0, 0, 0, 4.21810722351, 3.08641982079, 6.37860059738, 0.205761313438, 0, 8.02469158173, 0],
    "thpcp": [1, 0.515738785267, 0.253550618887, 0.190648242831, 0.113714598119, 0.10892495513, 0.139208182693, 0.151350542903, 0.261872857809, 0.376668721437, 0.291653215885, 0.193631365895, 0.209199398756, 0.294590830803, 0.499236851931, 0.579852998257, 0.381894052029, 0.184265434742, 0.126274272799, 0.128560513258, 0.188929438591, 0.250039309263, 0.264785557985, 0.31531342864, 0.333572328091, 0.260948300362, 0.183194935322, 0.170547962189, 0.235213831067, 0.38206294179, 0.556213319302, 0.428080230951, 0.197455257177, 0.223106071353, 0.488827228546, 0.970465421677],
    "chords_key": "A",
    "chords_scale": "minor",
    "key_key": "A",
    "key_scale": "minor"
}
}