{
"lowlevel": {
    "average_loudness": 0.631690621376,
    "barkbands_crest": {
        "mean": 9.80160999298,
        "var": 13.486828804
    },
    "barkbands_flatness_db": {
        "mean": 0.274074107409,
        "var": 0.00369068654254
    },
    "barkbands_kurtosis": {
        "mean": 3.19316053391,
        "var": 39.5066299438
    },
    "barkbands_skewness": {
        "mean": 1.46331870556,
        "var": 1.22060024738
    },
    "barkbands_spread": {
        "mean": 16.4165859222,
        "var": 67.2629547119
    },
    "dissonance": {
        "mean": 0.446813970804,
        "var": 0.00106458470691
    },
    "dynamic_complexity": 5.24673223495,
    "erbbands_crest": {
        "mean": 9.80283355713,
        "var": 14.0633449554
    },
    "erbbands_flatness_db": {
        "mean": 0.28768992424,
        "var": 0.00156886025798
    },
    "erbbands_kurtosis": {
        "mean": -0.304498702288,
        "var": 2.93959760666
    },
    "erbbands_skewness": {
        "mean": -0.0495813600719,
        "var": 0.557879924774
    },
    "erbbands_spread": {
        "mean": 32.0475654602,
        "var": 108.438301086
    },
    "hfc": {
        "mean": 9.31848335266,
        "var": 196.032196045
    },
    "melbands_crest": {
        "mean": 14.8949451447,
        "var": 27.8751926422
    },
    "melbands_flatness_db": {
        "mean": 0.343492180109,
        "var": 0.00913762301207
    },
    "melbands_kurtosis": {
        "mean": 9.85764789581,
        "var": 193.449005127
    },
    "melbands_skewness": {
        "mean": 2.43258428574,
        "var": 1.97938549519
    },
    "melbands_spread": {
        "mean": 19.9421844482,
        "var": 180.812866211
    },
    "pitch_salience": {
        "mean": 0.506809473038,
        "var": 0.0127381142229
    },
    "silence_rate_20dB": {
        "mean": 1,
        "var": 0
    },
    "silence_rate_30dB": {
        "mean": 0.993309319019,
        "var": 0.00664596818388
    },
    "silence_rate_60dB": {
        "mean": 0.308800816536,
        "var": 0.213443875313
    },
    "spectral_centroid": {
        "mean": 1029.85131836,
        "var": 304992.75
    },
    "spectral_complexity": {
        "mean": 11.1363868713,
        "var": 47.7234840393
    },
    "spectral_decrease": {
        "mean": -3.66172869803e-009,
        "var": 2.7458119813e-017
    },
    "spectral_energy": {
        "mean": 0.0146654201671,
        "var": 0.000433990644524
    },
    "spectral_energyband_high": {
        "mean": 8.47076225909e-005,
        "var": 4.14951699668e-008
    },
    "spectral_energyband_low": {
        "mean": 0.0040115728043,
        "var": 8.5320614744e-005
    },
    "spectral_energyband_middle_high": {
        "mean": 0.00337909394875,
        "var": 3.22347150359e-005
    },
    "spectral_energyband_middle_low": {
        "mean": 0.00818214006722,
        "var": 0.000187815196114
    },
    "spectral_entropy": {
        "mean": 6.71077156067,
        "var": 0.203925460577
    },
    "spectral_flux": {
        "mean": 0.0439411103725,
        "var": 0.00159026274923
    },
    "spectral_kurtosis": {
        "mean": 15.3120584488,
        "var": 493.314666748
    },
    "spectral_rms": {
        "mean": 0.00310591096058,
        "var": 4.66104893349e-006
    },
    "spectral_rolloff": {
        "mean": 1204.26428223,
        "var": 911257.0625
    },
    "spectral_skewness": {
        "mean": 1.89555358887,
        "var": 1.88977062702
    },
    "spectral_spread": {
        "mean": 2074898,
        "var": 1.32099420979e+012
    },
    "spectral_strongpeak": {
        "mean": 0.688704907894,
        "var": 0.733839929104
    },
    "zerocrossingrate": {
        "mean": 0.0404984429479,
        "var": 0.000591764517594
    },
    "barkbands": {
        "mean": [8.51394474921e-007, 0.00117167644203, 0.00188477302436, 0.00206803623587, 0.00247258879244, 0.00187690905295, 0.000674946059007, 0.000559473293833, 0.000445058569312, 0.000214176179725, 0.000107146544906, 0.000588905531913, 0.000340280734235, 0.000531213008799, 0.000480775343021, 0.000367799948435, 0.000441746786237, 0.000267702242127, 6.5348976932e-005, 3.91344656236e-005, 5.12424958288e-005, 1.22991186799e-005, 2.91265837404e-006, 3.5220378436e-007, 3.45930999401e-008, 4.57238726881e-008, 2.49642861938e-009],
        "var": [6.21442654281e-012, 9.07035155251e-006, 3.92100409954e-005, 2.22776361625e-005, 5.04724339407e-005, 1.12768420877e-005, 1.68067015238e-006, 3.53002155862e-006, 1.51506446855e-006, 2.42754566671e-007, 1.97720666506e-007, 3.82015014111e-006, 9.93305661723e-007, 1.69261363681e-006, 1.66150414316e-006, 4.48022944965e-007, 1.41115401675e-006, 6.4484027007e-007, 3.02085041426e-008, 9.43158262601e-009, 2.30796697309e-008, 6.68846533713e-010, 4.30994163969e-011, 4.21165706477e-012, 3.98341543128e-013, 2.30619722538e-013, 7.47897651064e-015]
    },
    "erbbands": {
        "mean": [0.010097538121, 0.362979620695, 2.06302285194, 4.64096736908, 7.61463546753, 5.98487997055, 15.096988678, 15.0146665573, 13.1433391571, 8.09792709351, 12.7614793777, 9.56339550018, 9.83361053467, 6.09146213531, 10.8128728867, 21.7251396179, 16.9283714294, 24.9761791229, 26.712726593, 23.1508922577, 24.0486717224, 21.7629833221, 17.1038208008, 5.15559673309, 3.35866379738, 1.92814874649, 2.2724840641, 1.47045183182, 0.559981584549, 0.227423399687, 0.0738323405385, 0.0167774464935, 0.00269636558369, 0.000635788019281, 0.000218053726712, 0.000309610011755, 6.07503861829e-005, 5.48846037418e-006, 8.13562564872e-006, 1.70234779944e-005],
        "var": [0.000582986103836, 0.857909858227, 39.776134491, 90.5088806152, 765.399841309, 219.882217407, 2549.96508789, 908.0546875, 841.622070313, 355.521362305, 1622.34545898, 728.873962402, 744.378051758, 182.681884766, 1119.22802734, 4135.89941406, 1757.38635254, 4408.31054688, 4008.76196289, 2700.84838867, 2494.5456543, 2778.80639648, 2546.19165039, 187.447647095, 110.584869385, 20.1797599792, 51.8861541748, 26.2855205536, 2.012622118, 0.236731693149, 0.0296380072832, 0.00371330371127, 0.000585729663726, 0.000109567023173, 1.11465469672e-005, 9.88175543171e-006, 4.5345919375e-007, 6.73991218392e-009, 4.5616252442e-010, 5.74889524874e-010]
    },
    "gfcc": {
        "mean": [-163.355545044, 207.778045654, -173.832550049, 27.3419475555, -17.2356910706, -35.4729194641, -15.4285049438, -30.6558742523, -0.741701185703, -11.8578052521, -11.9595823288, -10.9556360245, -7.62125778198],
        "cov": [[11630.078125, -2334.99023438, -1972.48144531, 2346.93774414, -1832.22729492, 414.989013672, 549.63470459, -967.065246582, 535.52545166, -416.87197876, -114.870277405, 386.369750977, -264.282440186], [-2334.99023438, 1488.35754395, 722.140014648, -984.955566406, 1022.32684326, -219.432128906, -229.44744873, 343.109344482, -288.72668457, 112.809257507, 80.0836334229, -140.806549072, 54.7186279297], [-1972.48144531, 722.140014648, 882.811950684, -570.042297363, 575.535705566, 54.6747207642, -221.022079468, 281.403808594, -131.879776001, 3.14600539207, 47.1039123535, -59.2766876221, 42.5772094727], [2346.93774414, -984.955566406, -570.042297363, 1118.62744141, -693.268310547, 99.3838729858, 379.717987061, -319.149414063, 237.780700684, -19.5027141571, -71.9538726807, 102.236480713, -27.4678268433], [-1832.22729492, 1022.32684326, 575.535705566, -693.268310547, 960.423156738, -163.587722778, -222.694656372, 315.845855713, -256.41885376, 87.3010635376, 34.3105278015, -118.107398987, 53.5444450378], [414.989013672, -219.432128906, 54.6747207642, 99.3838729858, -163.587722778, 344.330780029, 66.7635345459, -31.5672397614, 139.000076294, -96.4234619141, -1.31676232815, 38.5526809692, -27.9438476563], [549.63470459, -229.44744873, -221.022079468, 379.717987061, -222.694656372, 66.7635345459, 404.094512939, -91.2698135376, 34.0511054993, 68.574256897, -48.4149169922, 27.671503067, 44.2791519165], [-967.065246582, 343.109344482, 281.403808594, -319.149414063, 315.845855713, -31.5672397614, -91.2698135376, 277.640472412, -72.3138809204, 3.27903175354, 72.4722061157, -35.1870765686, 11.1964788437], [535.52545166, -288.72668457, -131.879776001, 237.780700684, -256.41885376, 139.000076294, 34.0511054993, -72.3138809204, 280.799163818, -19.1062698364, -35.0623130798, 46.887966156, -47.2214050293], [-416.87197876, 112.809257507, 3.14600539207, -19.5027141571, 87.3010635376, -96.4234619141, 68.574256897, 3.27903175354, -19.1062698364, 208.291992188, 15.5696134567, -34.0856742859, 45.6505279541], [-114.870277405, 80.0836334229, 47.1039123535, -71.9538726807, 34.3105278015, -1.31676232815, -48.4149169922, 72.4722061157, -35.0623130798, 15.5696134567, 197.58442688, 27.1596050262, -42.4452972412], [386.369750977, -140.806549072, -59.2766876221, 102.236480713, -118.107398987, 38.5526809692, 27.671503067, -35.1870765686, 46.887966156, -34.0856742859, 27.1596050262, 104.539161682, -13.4159584045], [-264.282440186, 54.7186279297, 42.5772094727, -27.4678268433, 53.5444450378, -27.9438476563, 44.2791519165, 11.1964788437, -47.2214050293, 45.6505279541, -42.4452972412, -13.4159584045, 109.08278656]],
        "icov": [[0.000263802125119, -0.000464086740976, 0.000576485006604, -0.000729590596166, 0.00022578870994, -0.000623400497716, 0.000587318849284, -8.19171546027e-005, 0.00048540518037, 2.3115764634e-005, 0.000267407274805, -0.000511152029503, 0.000204314419534], [-0.000464086740976, 0.00704589718953, -0.00313118170016, 0.00535641610622, -0.00525200087577, 0.00505853863433, -0.00564281689003, 0.00390833383426, -0.00432955054566, 0.00258763227612, -0.00375420367345, 0.00291326967999, -0.000384238985134], [0.000576485006604, -0.00313118170016, 0.00464679021388, -0.0028699983377, 0.0012006390607, -0.00434845220298, 0.00385218951851, -0.00277509912848, 0.00285964459181, -0.00144505570643, 0.00206288858317, -0.00221266783774, -0.000177962894668], [-0.000729590596166, 0.00535641610622, -0.0028699983377, 0.00728029944003, -0.00321581913158, 0.00517641566694, -0.00661573885009, 0.0040839551948, -0.00504424981773, 0.00257092015818, -0.00337155140005, 0.00265029259026, -0.000575730635319], [0.00022578870994, -0.00525200087577, 0.0012006390607, -0.00321581913158, 0.00718214735389, -0.00323314266279, 0.004449413158, -0.00470912782475, 0.00449950620532, -0.00320957927033, 0.00377972773276, -0.00148207508028, 0.000806194613688], [-0.000623400497716, 0.00505853863433, -0.00434845220298, 0.00517641566694, -0.00323314266279, 0.0101096592844, -0.00698451464996, 0.00421655271202, -0.00699302041903, 0.00530200451612, -0.00446474505588, 0.00336854788475, -0.00103698763996], [0.000587318849284, -0.00564281689003, 0.00385218951851, -0.00661573885009, 0.004449413158, -0.00698451464996, 0.0105303758755, -0.00491927843541, 0.00629754876718, -0.00527497008443, 0.00485728494823, -0.0038026208058, -0.00030275984318], [-8.19171546027e-005, 0.00390833383426, -0.00277509912848, 0.0040839551948, -0.00470912782475, 0.00421655271202, -0.00491927843541, 0.0108509184793, -0.00474309641868, 0.00431636581197, -0.00572693860158, 0.00290831038728, -0.0015030305367], [0.00048540518037, -0.00432955054566, 0.00285964459181, -0.00504424981773, 0.00449950620532, -0.00699302041903, 0.00629754876718, -0.00474309641868, 0.011069284752, -0.00522735156119, 0.00571426702663, -0.00436922861263, 0.00355753814802], [2.3115764634e-005, 0.00258763227612, -0.00144505570643, 0.00257092015818, -0.00320957927033, 0.00530200451612, -0.00527497008443, 0.00431636581197, -0.00522735156119, 0.0105085037649, -0.00510369986296, 0.00397439207882, -0.00355648528785], [0.000267407274805, -0.00375420367345, 0.00206288858317, -0.00337155140005, 0.00377972773276, -0.00446474505588, 0.00485728494823, -0.00572693860158, 0.00571426702663, -0.00510369986296, 0.0107652405277, -0.00530288275331, 0.00464021041989], [-0.000511152029503, 0.00291326967999, -0.00221266783774, 0.00265029259026, -0.00148207508028, 0.00336854788475, -0.0038026208058, 0.00290831038728, -0.00436922861263, 0.00397439207882, -0.00530288275331, 0.0149634853005, -0.00211103609763], [0.000204314419534, -0.000384238985134, -0.000177962894668, -0.000575730635319, 0.000806194613688, -0.00103698763996, -0.00030275984318, -0.0015030305367, 0.00355753814802, -0.00355648528785, 0.00464021041989, -0.00211103609763, 0.0139697175473]]
    },
    "melbands": {
        "mean": [0.000203307470656, 0.000881981453858, 0.000940886093304, 0.000449518876849, 0.000485957687488, 0.000344361033058, 0.000188214602531, 9.62652557064e-005, 9.52593836701e-005, 6.07515248703e-005, 4.73084255646e-005, 2.35136158153e-005, 2.41481902776e-005, 7.47136145947e-005, 3.71156056644e-005, 3.52983297489e-005, 4.83753210574e-005, 4.24686113547e-005, 3.43677274941e-005, 2.58357486018e-005, 3.030507105e-005, 2.41110283241e-005, 1.82492058229e-005, 1.19864434964e-005, 3.21695256389e-006, 2.22936478167e-006, 2.16878015635e-006, 1.02922490441e-006, 1.57761257924e-006, 8.69156338013e-007, 8.68282938882e-007, 3.23779204336e-007, 1.95262799707e-007, 9.28135932554e-008, 4.6722853142e-008, 1.86257160806e-008, 6.16631590233e-009, 1.72746306148e-009, 8.22576950998e-010, 3.91507271047e-010],
        "var": [2.50337791385e-007, 6.37593075226e-006, 4.54571863884e-006, 1.91349931811e-006, 2.7265252811e-006, 4.39099522964e-007, 1.55227070309e-007, 6.53553442476e-008, 7.5932149457e-008, 2.93841750931e-008, 1.77799837076e-008, 2.80923861951e-009, 5.8819065174e-009, 7.4356414359e-008, 1.6735237196e-008, 8.14877321176e-009, 1.82765482748e-008, 9.58564250197e-009, 7.38910488352e-009, 2.96260194155e-009, 5.24853271955e-009, 4.08655731476e-009, 2.13152073769e-009, 1.66943692204e-009, 7.706622146e-011, 3.02706332223e-011, 6.51951270747e-011, 4.93506581087e-012, 2.55565100332e-011, 1.03906354007e-011, 1.00716292945e-011, 6.9325030742e-013, 2.01989155111e-013, 4.5149254886e-014, 1.3807428169e-014, 2.97883233989e-015, 9.70607325083e-016, 3.5298750765e-016, 1.44008822688e-016, 6.96745744308e-017]
    },
    "mfcc": {
        "mean": [-761.561706543, 188.342819214, -41.8076515198, 36.7813453674, 9.54390716553, 9.53079128265, -14.4349842072, -8.88577461243, -0.410680115223, -5.19697999954, -2.77101993561, -0.500854969025, -1.07916402817],
        "cov": [[7307.57714844, -235.773925781, -1989.20678711, 1353.00939941, -1116.49084473, 553.754821777, -340.575073242, 285.832611084, -157.617050171, -184.09312439, 33.5699882507, -62.2213935852, -107.212875366], [-235.773925781, 882.091491699, 123.80821228, -248.203384399, 482.90435791, -153.178985596, 131.684570313, 19.5876693726, -53.0327110291, -55.4254417419, 6.77800035477, 77.7447891235, -24.4440326691], [-1989.20678711, 123.80821228, 837.951416016, -382.935058594, 310.641876221, -49.0364952087, 88.5409698486, 24.6881599426, 28.4824008942, 57.7894477844, -12.0264148712, 24.49933815, 43.6352119446], [1353.00939941, -248.203384399, -382.935058594, 586.817138672, -275.165924072, 112.005310059, 2.92821097374, -19.8799095154, 49.5436553955, -17.7413806915, 19.2041110992, -15.1165113449, 16.8873882294], [-1116.49084473, 482.90435791, 310.641876221, -275.165924072, 644.552124023, -183.063110352, 43.2842750549, 4.96176671982, -45.6566886902, 11.1193294525, -3.94252824783, 63.0190734863, -39.4723510742], [553.754821777, -153.178985596, -49.0364952087, 112.005310059, -183.063110352, 298.405426025, -23.6828460693, 37.7605934143, 78.5936660767, 22.67719841, 16.4895992279, -54.4742546082, 21.5493602753], [-340.575073242, 131.684570313, 88.5409698486, 2.92821097374, 43.2842750549, -23.6828460693, 299.513977051, -7.78025388718, 13.0011367798, 36.7591667175, -11.09786129, 23.1822681427, 61.4213638306], [285.832611084, 19.5876693726, 24.6881599426, -19.8799095154, 4.96176671982, 37.7605934143, -7.78025388718, 282.849822998, -24.1431236267, -28.3453006744, 11.1539897919, -44.0729370117, -31.4875068665], [-157.617050171, -53.0327110291, 28.4824008942, 49.5436553955, -45.6566886902, 78.5936660767, 13.0011367798, -24.1431236267, 247.581054688, 40.6225776672, 1.38885819912, -36.1503105164, -12.3681259155], [-184.09312439, -55.4254417419, 57.7894477844, -17.7413806915, 11.1193294525, 22.67719841, 36.7591667175, -28.3453006744, 40.6225776672, 154.815139771, 14.4215974808, -14.0475759506, 30.3578472137], [33.5699882507, 6.77800035477, -12.0264148712, 19.2041110992, -3.94252824783, 16.4895992279, -11.09786129, 11.1539897919, 1.38885819912, 14.4215974808, 124.289665222, 24.6148319244, 3.56472921371], [-62.2213935852, 77.7447891235, 24.49933815, -15.1165113449, 63.0190734863, -54.4742546082, 23.1822681427, -44.0729370117, -36.1503105164, -14.0475759506, 24.6148319244, 176.194595337, 53.8032035828], [-107.212875366, -24.4440326691, 43.6352119446, 16.8873882294, -39.4723510742, 21.5493602753, 61.4213638306, -31.4875068665, -12.3681259155, 30.3578472137, 3.56472921371, 53.8032035828, 168.415222168]],
        "icov": [[0.00246819434687, -0.00295727560297, 0.0034124373924, -0.00327040627599, 0.0029205866158, -0.00302083673887, 0.00245607388206, -0.0025826646015, 0.00240377290174, -0.00181995239109, 0.00178394990508, -0.00183385424316, 0.00133094296325], [-0.00295727560297, 0.00606621941552, -0.00337612628937, 0.00465569272637, -0.00540259666741, 0.00342932902277, -0.00414307648316, 0.00301574124023, -0.00304163130932, 0.00340041192248, -0.00254291971214, 0.00193882489111, -0.00162633589935], [0.0034124373924, -0.00337612628937, 0.00695944810286, -0.00317459343933, 0.00287641515024, -0.00451861228794, 0.00269077671692, -0.00378950918093, 0.00280161807314, -0.00241683423519, 0.00242556026205, -0.00258926395327, 0.00117725844029], [-0.00327040627599, 0.00465569272637, -0.00317459343933, 0.00739781325683, -0.00391386402771, 0.00345310964622, -0.00403758464381, 0.00349030410871, -0.00372198969126, 0.00301730167121, -0.00276709534228, 0.00222137081437, -0.00202786875889], [0.0029205866158, -0.00540259666741, 0.00287641515024, -0.00391386402771, 0.0074145286344, -0.00237275660038, 0.00360579253174, -0.00312813883647, 0.00304844230413, -0.0033530369401, 0.00235923938453, -0.00269913510419, 0.00250441743992], [-0.00302083673887, 0.00342932902277, -0.00451861228794, 0.00345310964622, -0.00237275660038, 0.00858222693205, -0.00243205111474, 0.00244027609006, -0.00408448744565, 0.00176355580334, -0.00271747563966, 0.00322324293666, -0.00250191148371], [0.00245607388206, -0.00414307648316, 0.00269077671692, -0.00403758464381, 0.00360579253174, -0.00243205111474, 0.00691566104069, -0.00275409291498, 0.00220491876826, -0.00305315759033, 0.00243476545438, -0.00180474924855, 2.64245900325e-005], [-0.0025826646015, 0.00301574124023, -0.00378950918093, 0.00349030410871, -0.00312813883647, 0.00244027609006, -0.00275409291498, 0.00674469163641, -0.00185688748024, 0.00274080480449, -0.00250576413237, 0.00296218064614, -0.000878218794242], [0.00240377290174, -0.00304163130932, 0.00280161807314, -0.00372198969126, 0.00304844230413, -0.00408448744565, 0.00220491876826, -0.00185688748024, 0.00727815926075, -0.00282130413689, 0.00180279638153, -0.00129312451463, 0.00223990576342], [-0.00181995239109, 0.00340041192248, -0.00241683423519, 0.00301730167121, -0.0033530369401, 0.00176355580334, -0.00305315759033, 0.00274080480449, -0.00282130413689, 0.00968988612294, -0.0027936885599, 0.00261822622269, -0.00245816190727], [0.00178394990508, -0.00254291971214, 0.00242556026205, -0.00276709534228, 0.00235923938453, -0.00271747563966, 0.00243476545438, -0.00250576413237, 0.00180279638153, -0.0027936885599, 0.0101295514032, -0.00314499135129, 0.00138609297574], [-0.00183385424316, 0.00193882489111, -0.00258926395327, 0.00222137081437, -0.00269913510419, 0.00322324293666, -0.00180474924855, 0.00296218064614, -0.00129312451463, 0.00261822622269, -0.00314499135129, 0.00917693972588, -0.00370301026851], [0.00133094296325, -0.00162633589935, 0.00117725844029, -0.00202786875889, 0.00250441743992, -0.00250191148371, 2.64245900325e-005, -0.000878218794242, 0.00223990576342, -0.00245816190727, 0.00138609297574, -0.00370301026851, 0.00894176959991]]
    },
    "spectral_contrast_coeffs": {
        "mean": [-0.60044491291, -0.668262779713, -0.743887364864, -0.730752408504, -0.708496332169, -0.654346525669],
        "var": [0.00763870123774, 0.0066640698351, 0.00459871441126, 0.00445397105068, 0.00482854200527, 0.0197244454175]
    },
    "spectral_contrast_valleys": {
        "mean": [-8.23951625824, -7.74523925781, -8.45773029327, -8.58720970154, -9.46188545227, -14.843788147],
        "var": [1.05038821697, 0.903399765491, 0.95028179884, 1.02255833149, 3.03043174744, 1.4144320488]
    }
},
"metadata": {
    "audio_properties": {
        "analysis_sample_rate": 44100,
        "bit_rate": 83155,
        "equal_loudness": 0,
        "length": 45.0873451233,
        "lossless": 0,
        "replay_gain": -8.28962516785,
        "sample_rate": 44100,
        "codec": "mp3",
        "downmix": "mix",
        "md5_encoded": "1babded54e66426f45c1f68125a995c7"
    },
    "tags": {
        "file_name": "353.mp3"
    },
    "version": {
        "essentia": "2.1-beta2",
        "essentia_git_sha": "v2.1_beta2",
        "extractor": "music 1.0"
    }
},
"rhythm": {
    "beats_count": 80,
    "beats_loudness": {
        "mean": 0.0318175554276,
        "var": 0.000717803661246
    },
    "bpm": 107.398483276,
    "bpm_histogram_first_peak_bpm": {
        "mean": 108,
        "var": 0
    },
    "bpm_histogram_first_peak_spread": {
        "mean": 0.354430377483,
        "var": 0
    },
    "bpm_histogram_first_peak_weight": {
        "mean": 0.645569622517,
        "var": 0
    },
    "bpm_histogram_second_peak_bpm": {
        "mean": 0,
        "var": 0
    },
    "bpm_histogram_second_peak_spread": {
        "mean": 0,
        "var": 0
    },
    "bpm_histogram_second_peak_weight": {
        "mean": 0,
        "var": 0
    },
    "danceability": 1.05903708935,
    "onset_rate": 3.30342054367,
    "beats_loudness_band_ratio": {
        "mean": [0.38143286109, 0.235090300441, 0.127365708351, 0.141521185637, 0.149526700377, 0.016116945073],
        "var": [0.0640384927392, 0.0210885498673, 0.00712456554174, 0.0106947375461, 0.00961240008473, 0.000167209218489]
    },
    "beats_position": [0.557278871536, 1.11455774307, 1.68344664574, 2.24072551727, 2.79800438881, 3.34367346764, 3.9125623703, 4.46984100342, 5.02712011337, 5.59600877762, 6.15328788757, 6.71056699753, 7.26784563065, 7.8251247406, 8.37079334259, 8.91646194458, 9.47374153137, 10.0310201645, 10.5882987976, 11.1455783844, 11.7028570175, 12.2601356506, 12.8174142838, 13.3746938705, 13.9203624725, 14.4660310745, 15.0233106613, 15.5921993256, 16.1610889435, 16.7183666229, 17.2756462097, 17.8329238892, 18.4018135071, 18.9590930939, 19.5163707733, 20.0852603912, 20.642539978, 21.1998176575, 21.7570972443, 22.3143768311, 22.8716545105, 23.4289340973, 23.9862117767, 24.5434913635, 25.1007709503, 25.6580486298, 26.2269382477, 26.7842178345, 27.353105545, 27.9103851318, 28.4676647186, 29.0365524292, 29.593832016, 30.1627197266, 30.7199993134, 31.2888889313, 31.8577766418, 32.4150543213, 32.9723358154, 33.5296134949, 34.0985031128, 34.6557807922, 35.2130622864, 35.7703399658, 36.3160095215, 36.8732872009, 37.4189567566, 37.976234436, 38.5219039917, 39.0907936096, 39.6596832275, 40.216960907, 40.7742385864, 41.3199081421, 41.88879776, 42.4576873779, 43.0265769958, 43.5838546753, 44.1411323547, 44.6984100342]
},
"tonal": {
    "chords_changes_rate": 0.0679012313485,
    "chords_number_rate": 0.0123456791043,
    "chords_strength": {
        "mean": 0.574740886688,
        "var": 0.0113963941112
    },
    "hpcp_entropy": {
        "mean": 1.61189520359,
        "var": 0.670945465565
    },
    "key_strength": 0.818047106266,
    "tuning_diatonic_strength": 0.617254018784,
    "tuning_equal_tempered_deviation": 0.095355398953,
    "tuning_frequency": 446.399932861,
    "tuning_nontempered_energy_ratio": 0.697079181671,
    "hpcp": {
        "mean": [0.287554353476, 0.144447982311, 0.0428511351347, 0.0289253368974, 0.0300351716578, 0.0878976657987, 0.115723617375, 0.055880125612, 0.0266679730266, 0.0368113964796, 0.055019211024, 0.151421517134, 0.193301036954, 0.118274457753, 0.168141365051, 0.224871441722, 0.130944281816, 0.0553955212235, 0.0481643266976, 0.0905167609453, 0.220445901155, 0.281571865082, 0.176662176847, 0.0869289338589, 0.0611153356731, 0.0595677159727, 0.126238912344, 0.17266356945, 0.118070811033, 0.119124159217, 0.146641641855, 0.0893564671278, 0.0634471178055, 0.0859334021807, 0.125831857324, 0.24726831913],
        "var": [0.112148493528, 0.045808494091, 0.0115451132879, 0.00601082807407, 0.00666264723986, 0.0330985374749, 0.0592334009707, 0.0132607314736, 0.00833035167307, 0.0178760271519, 0.018449511379, 0.0573904551566, 0.0902822688222, 0.0317259468138, 0.0696239098907, 0.113536626101, 0.0464285388589, 0.0186607372016, 0.013031356968, 0.0325652472675, 0.08042640239, 0.115984141827, 0.0700955316424, 0.0376701392233, 0.0264751333743, 0.0263962317258, 0.0504623427987, 0.0937246084213, 0.0424742475152, 0.0502706803381, 0.0885787010193, 0.0331387966871, 0.0164228230715, 0.0261911526322, 0.0445830337703, 0.0888997167349]
    },
    "chords_histogram": [32.9218101501, 3.60082316399, 25.2057609558, 3.18930029869, 3.60082316399, 0, 0.308641970158, 0.617283940315, 0.308641970158, 0.925925910473, 1.44032919407, 0, 4.73251008987, 0.823045253754, 0, 0, 0.102880656719, 2.77777767181, 0, 0.514403283596, 3.08641982079, 11.0082302094, 2.26337456703, 2.57201647758],
    "thpcp": [1, 0.502332806587, 0.149019256234, 0.100590847433, 0.104450412095, 0.305673211813, 0.402440845966, 0.194328919053, 0.0927406325936, 0.128015443683, 0.191334992647, 0.526583969593, 0.672224342823, 0.411311656237, 0.584728956223, 0.782013714314, 0.455372273922, 0.192643657327, 0.167496427894, 0.314781397581, 0.766623437405, 0.979195296764, 0.61436098814, 0.30230435729, 0.21253490448, 0.207152888179, 0.43900886178, 0.600455403328, 0.41060346365, 0.414266586304, 0.509961485863, 0.310746341944, 0.220643907785, 0.298842281103, 0.437593281269, 0.859901130199],
    "chords_key": "D",
    "chords_scale": "major",
    "key_key": "D",
    "key_scale": "major"
}
}