{
"lowlevel": {
    "average_loudness": 0.919967710972,
    "barkbands_crest": {
        "mean": 7.66173028946,
        "var": 8.89419174194
    },
    "barkbands_flatness_db": {
        "mean": 0.14386254549,
        "var": 0.00175437366124
    },
    "barkbands_kurtosis": {
        "mean": 0.529738008976,
        "var": 5.19126224518
    },
    "barkbands_skewness": {
        "mean": 0.155213221908,
        "var": 0.665768444538
    },
    "barkbands_spread": {
        "mean": 16.6241359711,
        "var": 47.5013694763
    },
    "dissonance": {
        "mean": 0.466138899326,
        "var": 0.000861220934894
    },
    "dynamic_complexity": 2.86310768127,
    "erbbands_crest": {
        "mean": 9.08757591248,
        "var": 12.9863767624
    },
    "erbbands_flatness_db": {
        "mean": 0.221401259303,
        "var": 0.00232554832473
    },
    "erbbands_kurtosis": {
        "mean": 0.788358867168,
        "var": 3.81713914871
    },
    "erbbands_skewness": {
        "mean": -0.0756506770849,
        "var": 0.517203688622
    },
    "erbbands_spread": {
        "mean": 19.2428150177,
        "var": 95.4225540161
    },
    "hfc": {
        "mean": 22.7818107605,
        "var": 335.784301758
    },
    "melbands_crest": {
        "mean": 8.57572364807,
        "var": 9.97750854492
    },
    "melbands_flatness_db": {
        "mean": 0.162834152579,
        "var": 0.00174368475564
    },
    "melbands_kurtosis": {
        "mean": 1.01489925385,
        "var": 7.46237611771
    },
    "melbands_skewness": {
        "mean": 0.576992511749,
        "var": 0.6598072052
    },
    "melbands_spread": {
        "mean": 31.155002594,
        "var": 216.654937744
    },
    "pitch_salience": {
        "mean": 0.65622395277,
        "var": 0.0082663372159
    },
    "silence_rate_20dB": {
        "mean": 1,
        "var": 0
    },
    "silence_rate_30dB": {
        "mean": 1,
        "var": 0
    },
    "silence_rate_60dB": {
        "mean": 0.105046346784,
        "var": 0.0940095931292
    },
    "spectral_centroid": {
        "mean": 1672.84375,
        "var": 390379.3125
    },
    "spectral_complexity": {
        "mean": 22.2893924713,
        "var": 83.3452072144
    },
    "spectral_decrease": {
        "mean": -3.86165899258e-009,
        "var": 7.8859123077e-018
    },
    "spectral_energy": {
        "mean": 0.0166411586106,
        "var": 0.00014745023509
    },
    "spectral_energyband_high": {
        "mean": 0.00023008712742,
        "var": 8.70269047937e-008
    },
    "spectral_energyband_low": {
        "mean": 0.000279849075014,
        "var": 1.58446397336e-007
    },
    "spectral_energyband_middle_high": {
        "mean": 0.0110827367753,
        "var": 7.7906952356e-005
    },
    "spectral_energyband_middle_low": {
        "mean": 0.00531979743391,
        "var": 3.17116027873e-005
    },
    "spectral_entropy": {
        "mean": 7.41112518311,
        "var": 0.0860398635268
    },
    "spectral_flux": {
        "mean": 0.0613831616938,
        "var": 0.00104239024222
    },
    "spectral_kurtosis": {
        "mean": 8.96363067627,
        "var": 28.1447353363
    },
    "spectral_rms": {
        "mean": 0.0037381076254,
        "var": 2.26184511121e-006
    },
    "spectral_rolloff": {
        "mean": 2070.54931641,
        "var": 1136271.5
    },
    "spectral_skewness": {
        "mean": 1.93938302994,
        "var": 0.275741249323
    },
    "spectral_spread": {
        "mean": 2943379,
        "var": 3.22475497882e+012
    },
    "spectral_strongpeak": {
        "mean": 2.30120825768,
        "var": 5.54464387894
    },
    "zerocrossingrate": {
        "mean": 0.0739829093218,
        "var": 0.000910920149181
    },
    "barkbands": {
        "mean": [1.06879542727e-006, 0.000208467507036, 4.10462234868e-005, 0.000117598356155, 0.00140011170879, 0.00059348292416, 0.000562298810109, 0.000756305234972, 0.0010227242019, 0.00200536637567, 0.00192348740529, 0.0011629917426, 0.000868244969752, 0.000537586282007, 0.000707598170266, 0.00256204116158, 0.000901814782992, 0.000679194636177, 0.000235691579292, 0.000162810712936, 4.63830183435e-005, 4.55021727248e-005, 1.94258755073e-005, 2.81333504972e-005, 1.64523826243e-005, 3.37580459018e-005, 1.58213720169e-006],
        "var": [9.86827893706e-012, 1.3193114512e-007, 2.32187091775e-009, 1.98264427098e-008, 3.52017673322e-006, 9.62873855315e-007, 9.56473741098e-007, 1.50599839799e-006, 1.36979861054e-006, 5.65487516724e-006, 4.3217764869e-006, 2.69992028734e-006, 1.14218732961e-006, 6.63419314151e-007, 9.24637731714e-007, 1.50730129462e-005, 9.59196768235e-007, 1.60993783993e-006, 6.91576431677e-008, 4.20349373087e-008, 4.29139568325e-009, 6.77987843645e-009, 8.5784052084e-010, 1.63980784507e-009, 1.16205922662e-009, 6.81920431234e-009, 2.27672845854e-011]
    },
    "erbbands": {
        "mean": [0.00477784592658, 0.0513090901077, 0.0561857447028, 0.235586598516, 2.28072929382, 5.73682165146, 3.34862804413, 5.37956094742, 7.28996896744, 13.7670640945, 16.7003726959, 20.6952114105, 59.1057853699, 64.4922943115, 63.8240089417, 57.9275016785, 42.5368614197, 32.6500778198, 26.6066112518, 84.8756942749, 114.460494995, 54.6443405151, 44.0378875732, 14.8010025024, 12.0396881104, 7.72087478638, 1.48301339149, 2.50144505501, 1.87789869308, 0.743471682072, 0.568712234497, 0.689987540245, 0.366643726826, 0.173614442348, 0.122534550726, 0.0997941493988, 0.076819524169, 0.0111604500562, 0.000244028284214, 2.82614601019e-005],
        "var": [7.2286275099e-005, 0.00774799892679, 0.00417536543682, 0.0612144991755, 11.5678853989, 67.3526687622, 24.3024559021, 88.8460998535, 148.926254272, 853.606445313, 445.048400879, 534.67175293, 4824.79980469, 4433.51611328, 4232.70166016, 5553.36230469, 2436.34863281, 2227.74438477, 1098.76586914, 12959.3955078, 31315.7792969, 3437.97290039, 6145.97949219, 247.291183472, 175.839431763, 95.6266021729, 3.03920984268, 15.7579593658, 12.7353286743, 1.14379382133, 0.740924656391, 1.10124778748, 0.279754072428, 0.0955746769905, 0.0822689756751, 0.0602266602218, 0.0363156422973, 0.000780248548836, 3.7937385855e-007, 8.32665547623e-010]
    },
    "gfcc": {
        "mean": [-33.1094512939, 89.7797775269, -171.891906738, -1.92945992947, -56.4730415344, 0.176127865911, -43.9471359253, 5.82440090179, -29.055305481, -14.4242534637, -19.0404186249, 2.85999774933, -6.0106344223],
        "cov": [[7342.22851563, -1256.32751465, -310.887481689, -405.141906738, 113.682403564, 92.525428772, -252.23085022, 294.619506836, -252.631713867, 316.21673584, -490.50592041, 341.113220215, -261.516479492], [-1256.32751465, 1486.00085449, -240.168670654, 102.862960815, 115.240509033, 53.4002914429, 283.26776123, -34.8722343445, 207.266998291, -172.087295532, 329.22442627, -156.522583008, 206.824554443], [-310.887481689, -240.168670654, 765.658569336, 17.3044433594, -62.546875, 56.6951217651, -52.6216278076, 58.3954582214, -88.595741272, 154.603424072, -41.3469314575, 104.205284119, -113.064208984], [-405.141906738, 102.862960815, 17.3044433594, 601.641845703, -4.28295516968, 94.2253189087, 42.137840271, 26.179271698, 138.440673828, -68.8058395386, 135.384918213, -49.536239624, 117.882194519], [113.682403564, 115.240509033, -62.546875, -4.28295516968, 312.630767822, 45.809928894, 85.2551574707, 87.7473220825, 50.4517364502, 42.333114624, -4.79228162766, 46.6016349792, 30.298707962], [92.525428772, 53.4002914429, 56.6951217651, 94.2253189087, 45.809928894, 215.06098938, 109.687538147, 41.5759315491, 51.8082885742, 17.7437553406, 34.8119735718, 16.312587738, 36.1217727661], [-252.23085022, 283.26776123, -52.6216278076, 42.137840271, 85.2551574707, 109.687538147, 207.01071167, 45.5088500977, 75.1809387207, -2.27657818794, 79.4959030151, -5.52052688599, 56.3892478943], [294.619506836, -34.8722343445, 58.3954582214, 26.179271698, 87.7473220825, 41.5759315491, 45.5088500977, 137.664108276, 38.9250221252, 47.3076858521, -1.4543159008, 40.8470420837, 1.47790455818], [-252.631713867, 207.266998291, -88.595741272, 138.440673828, 50.4517364502, 51.8082885742, 75.1809387207, 38.9250221252, 162.642822266, -19.7149524689, 74.9290771484, -26.2715053558, 82.8137741089], [316.21673584, -172.087295532, 154.603424072, -68.8058395386, 42.333114624, 17.7437553406, -2.27657818794, 47.3076858521, -19.7149524689, 140.889038086, -34.8344993591, 59.1649360657, -55.2540092468], [-490.50592041, 329.22442627, -41.3469314575, 135.384918213, -4.79228162766, 34.8119735718, 79.4959030151, -1.4543159008, 74.9290771484, -34.8344993591, 173.450820923, -34.0478401184, 67.2196655273], [341.113220215, -156.522583008, 104.205284119, -49.536239624, 46.6016349792, 16.312587738, -5.52052688599, 40.8470420837, -26.2715053558, 59.1649360657, -34.0478401184, 99.6882019043, -26.8170413971], [-261.516479492, 206.824554443, -113.064208984, 117.882194519, 30.298707962, 36.1217727661, 56.3892478943, 1.47790455818, 82.8137741089, -55.2540092468, 67.2196655273, -26.8170413971, 121.616676331]],
        "icov": [[0.000379634147976, -0.000358589866664, 0.000867011898663, -0.000307333335513, 0.000541467394214, -0.000715716625564, 0.000805464340374, -0.00104933185503, 0.000661230762489, -0.00100662442856, 0.0010531040607, -0.00132605514955, 0.00046500339522], [-0.000358589866664, 0.00272904406302, -0.0016157226637, 0.00149449007586, -0.00178938079625, 0.00138289399911, -0.00245884014294, 0.00173255521804, -0.00160872167908, 0.0029398414772, -0.00431553274393, 0.00363710569218, -0.00159042596351], [0.000867011898663, -0.0016157226637, 0.00450454745442, -0.00168688618578, 0.00243390002288, -0.00252890400589, 0.0027367467992, -0.00319761317223, 0.00275729829445, -0.0047299368307, 0.00310422573239, -0.00504760863259, 0.00249436101876], [-0.000307333335513, 0.00149449007586, -0.00168688618578, 0.00366367166862, -0.00114903249778, -9.84074795269e-005, -0.000150452062371, 0.000636938028038, -0.00236741104163, 0.00286704022437, -0.00384603138082, 0.00302512012422, -0.00223689107224], [0.000541467394214, -0.00178938079625, 0.00243390002288, -0.00114903249778, 0.00632504280657, -0.00111696636304, 0.000502191367559, -0.00384334358387, 0.00120196002536, -0.00372989824973, 0.00422121537849, -0.00491661997512, 0.000223386407015], [-0.000715716625564, 0.00138289399911, -0.00252890400589, -9.84074795269e-005, -0.00111696636304, 0.00906827673316, -0.00622372655198, 0.00224222219549, -0.00194121093955, 0.00193507247604, -0.00168885278981, 0.00219195871614, -0.00208534556441], [0.000805464340374, -0.00245884014294, 0.0027367467992, -0.000150452062371, 0.000502191367559, -0.00622372655198, 0.0128271970898, -0.00426189089194, 0.00109974632505, -0.00346424453892, 0.000883921456989, -0.00343203684315, 0.000863301858772], [-0.00104933185503, 0.00173255521804, -0.00319761317223, 0.000636938028038, -0.00384334358387, 0.00224222219549, -0.00426189089194, 0.0146800549701, -0.00518112257123, 0.00193681300152, -0.00293647940271, 0.00154115131591, -0.000332882715156], [0.000661230762489, -0.00160872167908, 0.00275729829445, -0.00236741104163, 0.00120196002536, -0.00194121093955, 0.00109974632505, -0.00518112257123, 0.0144446380436, -0.00492268335074, 0.00157561688684, -0.000790145946667, -0.00427158595994], [-0.00100662442856, 0.0029398414772, -0.0047299368307, 0.00286704022437, -0.00372989824973, 0.00193507247604, -0.00346424453892, 0.00193681300152, -0.00492268335074, 0.0179223250598, -0.00561448559165, 0.00171091256198, 0.00257192063145], [0.0010531040607, -0.00431553274393, 0.00310422573239, -0.00384603138082, 0.00422121537849, -0.00168885278981, 0.000883921456989, -0.00293647940271, 0.00157561688684, -0.00561448559165, 0.0174298752099, -0.00609355606139, 0.00069212220842], [-0.00132605514955, 0.00363710569218, -0.00504760863259, 0.00302512012422, -0.00491661997512, 0.00219195871614, -0.00343203684315, 0.00154115131591, -0.000790145946667, 0.00171091256198, -0.00609355606139, 0.023629065603, -0.00462156534195], [0.00046500339522, -0.00159042596351, 0.00249436101876, -0.00223689107224, 0.000223386407015, -0.00208534556441, 0.000863301858772, -0.000332882715156, -0.00427158595994, 0.00257192063145, 0.00069212220842, -0.00462156534195, 0.0192574001849]]
    },
    "melbands": {
        "mean": [5.47868585272e-005, 4.38213937741e-005, 8.15126622911e-005, 0.00031243628473, 0.000151997475768, 0.000122964411275, 0.000114302434667, 0.000155718516908, 0.000130880056531, 0.0001458961342, 0.000298059545457, 0.000255870778346, 0.000248748488957, 0.000164448181749, 0.000112664034532, 6.72508176649e-005, 6.11503055552e-005, 3.59370133083e-005, 5.42622474313e-005, 0.000199818081455, 0.000106150750071, 5.47742056369e-005, 5.02108996443e-005, 2.5679157261e-005, 1.05441849882e-005, 8.82606946107e-006, 8.73974568094e-006, 4.02206524086e-006, 7.76432159455e-007, 8.70012513587e-007, 1.72595366621e-006, 1.17142531053e-006, 6.32272076473e-007, 3.31953032173e-007, 3.10515332558e-007, 3.80349433726e-007, 4.34295998275e-007, 2.7428922067e-007, 1.90139331835e-007, 1.28865423221e-007],
        "var": [9.31898558321e-009, 3.78839937198e-009, 9.4744558865e-009, 2.21599904648e-007, 3.53618183624e-008, 4.62276723567e-008, 3.45446764527e-008, 1.02581481087e-007, 2.4215497163e-008, 2.6571871814e-008, 1.20456149943e-007, 8.44200584993e-008, 7.31993026193e-008, 5.18241840552e-008, 1.55013193393e-008, 6.09864159173e-009, 9.16216258418e-009, 2.42301334552e-009, 5.40152456097e-009, 9.5938290201e-008, 2.79190839336e-008, 3.46772166537e-009, 8.1424209597e-009, 1.39981803926e-009, 1.59089505458e-010, 1.0080609264e-010, 1.20490131761e-010, 2.8858655049e-011, 1.14329260035e-012, 1.24072952433e-012, 8.98148742878e-012, 5.68978501467e-012, 1.02179007443e-012, 2.64406199843e-013, 2.43791667626e-013, 3.79879125118e-013, 4.35348778511e-013, 1.69279846217e-013, 9.69151584614e-014, 6.55791881302e-014]
    },
    "mfcc": {
        "mean": [-661.631896973, 130.136306763, -54.6508216858, -3.624958992, -4.4597697258, -13.1333255768, -7.92601680756, 7.55628061295, -5.18894529343, -9.34460735321, -15.4231529236, -5.82225370407, -4.02781772614],
        "cov": [[4787.69482422, -660.417541504, -525.641174316, -179.99331665, 57.0923461914, -4.24231338501, -48.4465026855, 40.2657012939, 205.762954712, -7.49812602997, 31.4173717499, -19.4843845367, -18.4869232178], [-660.417541504, 1133.71594238, -158.634552002, -84.9602966309, -14.1757087708, 8.78776836395, 146.648162842, 58.2868537903, 7.86848688126, 54.8087997437, 29.2009010315, 50.6205482483, 68.4496765137], [-525.641174316, -158.634552002, 700.683959961, 84.7869033813, -10.3908815384, 43.4934425354, 5.18319749832, -19.384929657, -80.1239852905, 23.2409992218, 29.7110099792, 28.2825183868, -8.39583969116], [-179.99331665, -84.9602966309, 84.7869033813, 318.641174316, 109.89957428, 21.6669502258, 11.1494169235, 54.8317680359, 10.0890569687, 33.7415847778, 15.1270027161, 29.0926074982, 16.9941425323], [57.0923461914, -14.1757087708, -10.3908815384, 109.89957428, 181.577651978, 25.3965435028, 16.1349945068, 49.557220459, 47.9432868958, 29.1458797455, 8.30083370209, 15.9049072266, 29.5553684235], [-4.24231338501, 8.78776836395, 43.4934425354, 21.6669502258, 25.3965435028, 172.142242432, 65.8469772339, 49.2693634033, 46.6306533813, 26.693655014, 31.524887085, 23.7055339813, 3.84034395218], [-48.4465026855, 146.648162842, 5.18319749832, 11.1494169235, 16.1349945068, 65.8469772339, 150.229522705, 62.2011756897, 24.3273906708, 32.3055763245, 34.6861839294, 28.2440662384, 25.924747467], [40.2657012939, 58.2868537903, -19.384929657, 54.8317680359, 49.557220459, 49.2693634033, 62.2011756897, 140.150009155, 68.0947189331, 24.6132144928, 20.4178314209, 40.0274505615, 16.2184104919], [205.762954712, 7.86848688126, -80.1239852905, 10.0890569687, 47.9432868958, 46.6306533813, 24.3273906708, 68.0947189331, 148.620620728, 35.1115036011, 26.0519962311, 7.57725381851, 20.7376728058], [-7.49812602997, 54.8087997437, 23.2409992218, 33.7415847778, 29.1458797455, 26.693655014, 32.3055763245, 24.6132144928, 35.1115036011, 94.4004058838, 30.5034351349, 15.4128246307, 25.3145198822], [31.4173717499, 29.2009010315, 29.7110099792, 15.1270027161, 8.30083370209, 31.524887085, 34.6861839294, 20.4178314209, 26.0519962311, 30.5034351349, 82.2355651855, 32.050327301, 14.7698583603], [-19.4843845367, 50.6205482483, 28.2825183868, 29.0926074982, 15.9049072266, 23.7055339813, 28.2440662384, 40.0274505615, 7.57725381851, 15.4128246307, 32.050327301, 83.0429382324, 31.8498878479], [-18.4869232178, 68.4496765137, -8.39583969116, 16.9941425323, 29.5553684235, 3.84034395218, 25.924747467, 16.2184104919, 20.7376728058, 25.3145198822, 14.7698583603, 31.8498878479, 81.317527771]],
        "icov": [[0.000285902118776, 0.000234383362113, 0.000221017136937, 0.000238522334257, -0.000124356898596, 7.96059030108e-005, -7.46850491851e-005, -1.76059238584e-005, -0.000228544711717, -6.66452033329e-005, -0.000162862983416, -0.000130020416691, 6.8973240559e-005], [0.000234383362113, 0.00135042145848, 0.000455107481685, 0.00055608531693, -1.35080854307e-005, 0.000349027803168, -0.00108592293691, -0.000237679603742, 0.000231866317336, -0.000615184719209, -4.00359822379e-005, -0.00044795681606, -0.000455531815533], [0.000221017136937, 0.000455107481685, 0.0019555692561, -0.000174877117388, 0.000114602611575, -0.000516265397891, -3.77659853257e-005, 3.00110750686e-005, 0.00114523805678, -0.000720620388165, -0.000660455203615, -0.000472938379971, 0.000131863387651], [0.000238522334257, 0.00055608531693, -0.000174877117388, 0.00475028157234, -0.00258346297778, 0.000185253826203, 0.000264865026111, -0.00153440539725, 0.000991377746686, -0.00109679647721, -0.000334894168191, -0.000596045574639, 0.000110057851998], [-0.000124356898596, -1.35080854307e-005, 0.000114602611575, -0.00258346297778, 0.0081610661, -0.000446523685241, 0.000361252168659, -0.00107424450107, -0.00137325760443, -0.000601476465818, 0.000770002661739, 0.000562633795198, -0.00213395780884], [7.96059030108e-005, 0.000349027803168, -0.000516265397891, 0.000185253826203, -0.000446523685241, 0.00817536655813, -0.00324039394036, -0.000195173925022, -0.00219816993922, -0.000389584864024, -0.000650368980132, -0.00129729392938, 0.00178857485298], [-7.46850491851e-005, -0.00108592293691, -3.77659853257e-005, 0.000264865026111, 0.000361252168659, -0.00324039394036, 0.0114344861358, -0.00430186418816, 0.00205648923293, -0.00100538751576, -0.00262095336802, 0.00147479400039, -0.00224089622498], [-1.76059238584e-005, -0.000237679603742, 3.00110750686e-005, -0.00153440539725, -0.00107424450107, -0.000195173925022, -0.00430186418816, 0.0138867096975, -0.00569621426985, 0.000522800895851, 0.0023003902752, -0.00578603008762, 0.00265963398851], [-0.000228544711717, 0.000231866317336, 0.00114523805678, 0.000991377746686, -0.00137325760443, -0.00219816993922, 0.00205648923293, -0.00569621426985, 0.0122489407659, -0.00248682149686, -0.0029121239204, 0.00339366635308, -0.00240253610536], [-6.66452033329e-005, -0.000615184719209, -0.000720620388165, -0.00109679647721, -0.000601476465818, -0.000389584864024, -0.00100538751576, 0.000522800895851, -0.00248682149686, 0.0145486369729, -0.0033714377787, 0.00113701086957, -0.00261707953177], [-0.000162862983416, -4.00359822379e-005, -0.000660455203615, -0.000334894168191, 0.000770002661739, -0.000650368980132, -0.00262095336802, 0.0023003902752, -0.0029121239204, -0.0033714377787, 0.0176272448152, -0.00620195502415, 0.00114577077329], [-0.000130020416691, -0.00044795681606, -0.000472938379971, -0.000596045574639, 0.000562633795198, -0.00129729392938, 0.00147479400039, -0.00578603008762, 0.00339366635308, 0.00113701086957, -0.00620195502415, 0.0197030194104, -0.00684624165297], [6.8973240559e-005, -0.000455531815533, 0.000131863387651, 0.000110057851998, -0.00213395780884, 0.00178857485298, -0.00224089622498, 0.00265963398851, -0.00240253610536, -0.00261707953177, 0.00114577077329, -0.00684624165297, 0.0174630973488]]
    },
    "spectral_contrast_coeffs": {
        "mean": [-0.583453536034, -0.755215883255, -0.726370453835, -0.736752212048, -0.73061144352, -0.742671191692],
        "var": [0.00898407399654, 0.0031999789644, 0.00396795989946, 0.00402671098709, 0.00280406815, 0.00185374042485]
    },
    "spectral_contrast_valleys": {
        "mean": [-8.78287315369, -6.98102760315, -6.96217727661, -7.41044855118, -7.82582569122, -11.1542005539],
        "var": [1.57931613922, 1.300380826, 1.39159464836, 1.37254226208, 1.27406263351, 1.30491185188]
    }
},
"metadata": {
    "audio_properties": {
        "analysis_sample_rate": 44100,
        "bit_rate": 112776,
        "equal_loudness": 0,
        "length": 45.0612258911,
        "lossless": 0,
        "replay_gain": -17.2141456604,
        "sample_rate": 44100,
        "codec": "mp3",
        "downmix": "mix",
        "md5_encoded": "667bc61713f4924a72dc7379208837d1"
    },
    "tags": {
        "file_name": "354.mp3"
    },
    "version": {
        "essentia": "2.1-beta2",
        "essentia_git_sha": "v2.1_beta2",
        "extractor": "music 1.0"
    }
},
"rhythm": {
    "beats_count": 64,
    "beats_loudness": {
        "mean": 0.0361279733479,
        "var": 0.000106187311758
    },
    "bpm": 86.0829925537,
    "bpm_histogram_first_peak_bpm": {
        "mean": 86,
        "var": 0
    },
    "bpm_histogram_first_peak_spread": {
        "mean": 0.278688549995,
        "var": 0
    },
    "bpm_histogram_first_peak_weight": {
        "mean": 0.698412716389,
        "var": 0
    },
    "bpm_histogram_second_peak_bpm": {
        "mean": 77,
        "var": 0
    },
    "bpm_histogram_second_peak_spread": {
        "mean": 0.5,
        "var": 0
    },
    "bpm_histogram_second_peak_weight": {
        "mean": 0.0158730167896,
        "var": 0
    },
    "danceability": 1.18848907948,
    "onset_rate": 2.97239160538,
    "beats_loudness_band_ratio": {
        "mean": [0.0293752662838, 0.175023421645, 0.2629378438, 0.304335981607, 0.2442997545, 0.0429605394602],
        "var": [0.000387367530493, 0.00751887774095, 0.0109762856737, 0.0105621311814, 0.0115591185167, 0.000242072434048]
    },
    "beats_position": [0.766258478165, 1.54412698746, 2.29877543449, 3.01859402657, 3.7151927948, 4.40018129349, 5.0967798233, 5.79337835312, 6.47836732864, 7.17496585846, 7.8831744194, 8.59138298035, 9.29959201813, 10.0078001022, 10.7043991089, 11.4242172241, 12.1208162308, 12.8174142838, 13.5140132904, 14.1990022659, 14.8839902878, 15.5805892944, 16.2771873474, 16.9737873077, 17.6703853607, 18.3669834137, 19.0635814667, 19.7485713959, 20.4451694489, 21.153377533, 21.8499774933, 22.523355484, 23.219953537, 23.9397735596, 24.6595916748, 25.3677997589, 26.076007843, 26.7842178345, 27.4924259186, 28.1890239716, 28.8740139008, 29.5706119537, 30.2788200378, 30.9638080597, 31.6487979889, 32.3453979492, 33.0187759399, 33.7153739929, 34.4119720459, 35.1085700989, 35.8167800903, 36.5249862671, 37.2215881348, 37.8949661255, 38.5683441162, 39.2649421692, 39.9615402222, 40.6581382751, 41.3547401428, 42.0513381958, 42.7479362488, 43.4445343018, 44.1411323547, 44.8261222839]
},
"tonal": {
    "chords_changes_rate": 0.0257201641798,
    "chords_number_rate": 0.00617283955216,
    "chords_strength": {
        "mean": 0.589373469353,
        "var": 0.00643575843424
    },
    "hpcp_entropy": {
        "mean": 2.08220338821,
        "var": 0.524922192097
    },
    "key_strength": 0.809535205364,
    "tuning_diatonic_strength": 0.654584467411,
    "tuning_equal_tempered_deviation": 0.131337031722,
    "tuning_frequency": 434.444000244,
    "tuning_nontempered_energy_ratio": 0.730486750603,
    "hpcp": {
        "mean": [0.271636843681, 0.181828796864, 0.132101818919, 0.0920102149248, 0.149758651853, 0.369783848524, 0.369359880686, 0.221912071109, 0.357644796371, 0.454966545105, 0.327697247267, 0.255357950926, 0.189723491669, 0.127119615674, 0.27934139967, 0.341515570879, 0.17931330204, 0.101878687739, 0.095646739006, 0.104106105864, 0.202411100268, 0.230035677552, 0.154451683164, 0.149067208171, 0.153568133712, 0.118723556399, 0.102374739945, 0.0868382677436, 0.0974446162581, 0.332448303699, 0.451675206423, 0.236077055335, 0.0951491221786, 0.0699908360839, 0.0824028477073, 0.218041211367],
        "var": [0.0944646820426, 0.0406029857695, 0.0438178889453, 0.0196717809886, 0.0249903779477, 0.104624196887, 0.098176650703, 0.0495006144047, 0.0764494538307, 0.123352982104, 0.06239727512, 0.0786329954863, 0.0578254833817, 0.0200890041888, 0.0712851658463, 0.0978173241019, 0.0249721668661, 0.0228463746607, 0.0183151178062, 0.0141601804644, 0.0361112616956, 0.0514585673809, 0.0206802859902, 0.0259445589036, 0.0413672067225, 0.0195396859199, 0.0157420989126, 0.0160853043199, 0.0159080866724, 0.0642936602235, 0.106889910996, 0.0402714498341, 0.0199685301632, 0.0153427971527, 0.0131376916543, 0.0649609416723]
    },
    "chords_histogram": [31.2757205963, 0.411522626877, 32.4074058533, 0, 0, 0, 0, 0, 0, 0, 0, 0, 3.70370364189, 0, 0, 1.13168728352, 0, 0, 0, 0, 0, 0, 29.9382724762, 1.13168728352],
    "thpcp": [1, 0.720266699791, 0.56126755476, 0.417005360126, 0.279404312372, 0.613982260227, 0.750638842583, 0.394124150276, 0.223925665021, 0.210228070617, 0.228821456432, 0.444892287254, 0.505610108376, 0.339479207993, 0.327644318342, 0.337537199259, 0.260950088501, 0.225015968084, 0.190867364407, 0.214179739356, 0.730709314346, 0.992765784264, 0.518888831139, 0.209134325385, 0.153837323189, 0.181118473411, 0.47924670577, 0.597047924995, 0.399653106928, 0.290355026722, 0.202235117555, 0.329164087772, 0.812771499157, 0.811839640141, 0.487754702568, 0.786090314388],
    "chords_key": "G",
    "chords_scale": "major",
    "key_key": "C",
    "key_scale": "major"
}
}