{
"lowlevel": {
    "average_loudness": 0.920081555843,
    "barkbands_crest": {
        "mean": 11.95038414,
        "var": 18.8300991058
    },
    "barkbands_flatness_db": {
        "mean": 0.231993943453,
        "var": 0.00326112424955
    },
    "barkbands_kurtosis": {
        "mean": 4.60018205643,
        "var": 37.0676231384
    },
    "barkbands_skewness": {
        "mean": 1.52457988262,
        "var": 1.05512213707
    },
    "barkbands_spread": {
        "mean": 10.383980751,
        "var": 53.4034500122
    },
    "dissonance": {
        "mean": 0.4174015522,
        "var": 0.00275069545023
    },
    "dynamic_complexity": 5.20683479309,
    "erbbands_crest": {
        "mean": 12.4055509567,
        "var": 23.0038166046
    },
    "erbbands_flatness_db": {
        "mean": 0.282011300325,
        "var": 0.00221301428974
    },
    "erbbands_kurtosis": {
        "mean": 1.81222343445,
        "var": 12.0889320374
    },
    "erbbands_skewness": {
        "mean": 0.939214348793,
        "var": 0.759591341019
    },
    "erbbands_spread": {
        "mean": 20.8985004425,
        "var": 133.722244263
    },
    "hfc": {
        "mean": 13.8437604904,
        "var": 413.671569824
    },
    "melbands_crest": {
        "mean": 14.9379425049,
        "var": 29.9222640991
    },
    "melbands_flatness_db": {
        "mean": 0.25306764245,
        "var": 0.00548740802333
    },
    "melbands_kurtosis": {
        "mean": 7.70314407349,
        "var": 61.783870697
    },
    "melbands_skewness": {
        "mean": 1.88073897362,
        "var": 1.15335297585
    },
    "melbands_spread": {
        "mean": 15.7252731323,
        "var": 263.4296875
    },
    "pitch_salience": {
        "mean": 0.571919202805,
        "var": 0.0146075049415
    },
    "silence_rate_20dB": {
        "mean": 1,
        "var": 0
    },
    "silence_rate_30dB": {
        "mean": 0.998970687389,
        "var": 0.00102827663068
    },
    "silence_rate_60dB": {
        "mean": 0.306227475405,
        "var": 0.212455064058
    },
    "spectral_centroid": {
        "mean": 1149.60192871,
        "var": 526805.5625
    },
    "spectral_complexity": {
        "mean": 10.8908901215,
        "var": 83.2729797363
    },
    "spectral_decrease": {
        "mean": -3.61984509034e-009,
        "var": 1.65893255604e-017
    },
    "spectral_energy": {
        "mean": 0.0149178039283,
        "var": 0.000289758405415
    },
    "spectral_energyband_high": {
        "mean": 0.000273038691375,
        "var": 1.00351985566e-006
    },
    "spectral_energyband_low": {
        "mean": 2.29957440752e-005,
        "var": 2.30883712149e-009
    },
    "spectral_energyband_middle_high": {
        "mean": 0.00469539314508,
        "var": 6.99197989888e-005
    },
    "spectral_energyband_middle_low": {
        "mean": 0.0101453661919,
        "var": 0.000130785279907
    },
    "spectral_entropy": {
        "mean": 6.88933467865,
        "var": 0.345292299986
    },
    "spectral_flux": {
        "mean": 0.0571367926896,
        "var": 0.00198714528233
    },
    "spectral_kurtosis": {
        "mean": 9.58417224884,
        "var": 65.0660629272
    },
    "spectral_rms": {
        "mean": 0.00317536201328,
        "var": 4.47102956969e-006
    },
    "spectral_rolloff": {
        "mean": 1383.75854492,
        "var": 1544474.5
    },
    "spectral_skewness": {
        "mean": 1.95627784729,
        "var": 0.834918856621
    },
    "spectral_spread": {
        "mean": 2860756.25,
        "var": 2.12213130854e+012
    },
    "spectral_strongpeak": {
        "mean": 1.44220304489,
        "var": 2.37185263634
    },
    "zerocrossingrate": {
        "mean": 0.04788774997,
        "var": 0.00111482653301
    },
    "barkbands": {
        "mean": [4.20155089387e-007, 1.49322318066e-006, 3.33056732416e-006, 7.99064728199e-005, 0.000398750649765, 0.00162166706286, 0.00195038376842, 0.00299111125059, 0.00271102180704, 0.000786296732258, 0.000700682227034, 0.00111288332846, 0.000785404175986, 0.000395993381971, 0.000224548217375, 0.00016799524019, 0.000247732590651, 0.0001378149027, 0.000260573229752, 0.000105171355244, 0.000109260698082, 7.7754179074e-005, 2.67548784905e-005, 1.03730899355e-005, 9.23127663555e-006, 1.20780032375e-006, 4.83875552959e-008],
        "var": [1.5614823887e-012, 1.89037483583e-011, 1.65898086935e-010, 2.88809989257e-008, 2.97243190062e-007, 9.74451177171e-006, 1.79152139026e-005, 3.28335227096e-005, 2.65515900537e-005, 4.72857664136e-006, 2.98258987641e-006, 1.68872647919e-005, 9.75549664872e-006, 1.10042151391e-006, 2.60063387714e-007, 1.12479774828e-007, 2.46817933203e-007, 8.83101165527e-008, 3.65713134443e-007, 1.268910097e-007, 9.8128538184e-008, 9.72923146492e-008, 5.51616601285e-008, 4.44398962074e-009, 4.79404782538e-009, 1.66396993406e-010, 1.67908785834e-012]
    },
    "erbbands": {
        "mean": [6.02272302785e-005, 0.000359697674867, 0.00426105083898, 0.118807755411, 0.645565211773, 1.51435935497, 6.08859539032, 14.1152267456, 19.4265937805, 56.2681083679, 64.1450042725, 60.8176574707, 34.7360572815, 22.3928699493, 31.5132656097, 46.5819015503, 40.8723983765, 21.0886211395, 12.7988948822, 11.0881004333, 10.8019666672, 13.6086339951, 7.31273460388, 12.3086471558, 11.2417707443, 5.12267112732, 3.9766087532, 4.2298116684, 3.44057631493, 1.50584590435, 0.467874109745, 0.200226545334, 0.190172448754, 0.133274003863, 0.047097120434, 0.00997939612716, 0.00160066166427, 0.000230182762607, 1.44081286635e-005, 1.83113588719e-005],
        "var": [2.34333743521e-008, 8.89700345397e-007, 9.35360076255e-005, 0.0523662604392, 1.2621062994, 5.15919399261, 124.907348633, 886.736206055, 1627.51000977, 13046.2197266, 12744.4238281, 14312.90625, 6902.24804688, 2927.21337891, 4993.93066406, 27814.8261719, 22808.9960938, 2574.35522461, 836.854980469, 521.680664063, 346.177032471, 806.728210449, 213.920318604, 678.880432129, 1008.81903076, 289.611114502, 110.119682312, 173.564666748, 187.2237854, 147.119415283, 10.1066484451, 1.41018915176, 1.66488790512, 0.925294160843, 0.128132387996, 0.0107045602053, 0.000435682974057, 1.98227771762e-005, 1.26272912127e-008, 5.08964148604e-010]
    },
    "gfcc": {
        "mean": [-137.373397827, 106.82359314, -189.566955566, -13.5553178787, -95.0715179443, -27.4389705658, -43.624458313, -6.7940363884, -24.5161876678, -5.37264966965, -11.037484169, -9.44441890717, -1.97967815399],
        "cov": [[12063.9257813, -1739.50061035, -2290.21264648, 82.9807739258, -1224.75952148, -344.978027344, 105.798484802, -276.477050781, -29.7225933075, 17.0403633118, -39.7716941833, -154.460540771, -81.0173492432], [-1739.50061035, 1529.87304688, 376.906188965, -393.605560303, 384.920196533, -215.475952148, -1.97993600368, -114.370635986, 26.3601589203, -234.275009155, 58.7832946777, -79.6134719849, 21.9904613495], [-2290.21264648, 376.906188965, 939.214233398, 118.174865723, 210.898193359, 154.142303467, -100.940574646, 60.1657791138, -27.335515976, -4.75639438629, -59.9978408813, 44.2276802063, -40.2282829285], [82.9807739258, -393.605560303, 118.174865723, 589.960998535, -39.0446853638, 56.7403030396, -73.8841781616, 22.6708488464, 45.1502227783, 31.2874526978, -92.71925354, -18.7313270569, -23.1712341309], [-1224.75952148, 384.920196533, 210.898193359, -39.0446853638, 360.483642578, -1.36561179161, -80.6401901245, 31.4093551636, 36.8644943237, -6.04569482803, 15.0659065247, -15.9713230133, -3.56074523926], [-344.978027344, -215.475952148, 154.142303467, 56.7403030396, -1.36561179161, 307.899627686, 53.2339324951, 64.1704177856, -46.9038276672, 65.181137085, -9.43547916412, 20.0169143677, -40.6565361023], [105.798484802, -1.97993600368, -100.940574646, -73.8841781616, -80.6401901245, 53.2339324951, 295.786437988, 40.2956237793, -56.9867248535, -32.0013618469, 6.20953130722, 23.8452262878, -32.6264457703], [-276.477050781, -114.370635986, 60.1657791138, 22.6708488464, 31.4093551636, 64.1704177856, 40.2956237793, 185.647384644, 10.5465364456, 42.4791145325, -10.5065193176, 18.4608211517, -5.28566169739], [-29.7225933075, 26.3601589203, -27.335515976, 45.1502227783, 36.8644943237, -46.9038276672, -56.9867248535, 10.5465364456, 142.826751709, 33.2166671753, -3.93242073059, -29.8599586487, 18.8070659637], [17.0403633118, -234.275009155, -4.75639438629, 31.2874526978, -6.04569482803, 65.181137085, -32.0013618469, 42.4791145325, 33.2166671753, 161.173980713, 22.8562583923, -3.36292386055, 3.18021821976], [-39.7716941833, 58.7832946777, -59.9978408813, -92.71925354, 15.0659065247, -9.43547916412, 6.20953130722, -10.5065193176, -3.93242073059, 22.8562583923, 122.409461975, 16.9119091034, 22.2633342743], [-154.460540771, -79.6134719849, 44.2276802063, -18.7313270569, -15.9713230133, 20.0169143677, 23.8452262878, 18.4608211517, -29.8599586487, -3.36292386055, 16.9119091034, 125.029945374, 22.4320850372], [-81.0173492432, 21.9904613495, -40.2282829285, -23.1712341309, -3.56074523926, -40.6565361023, -32.6264457703, -5.28566169739, 18.8070659637, 3.18021821976, 22.2633342743, 22.4320850372, 127.198303223]],
        "icov": [[0.000240778244915, -2.4443559596e-005, 0.000526039220858, -5.04932104377e-005, 0.00057838507928, 1.83208412636e-005, 0.000282433611574, 2.885435606e-005, 0.000110086177301, -2.52941081271e-005, 0.000165415054653, 3.99321288569e-005, 0.000358807126759], [-2.4443559596e-005, 0.00300178234465, -0.00166864867788, 0.0016007454833, -0.00221092929132, 0.00139091245364, -0.00129505887162, 0.00132131495047, -0.00116482225712, 0.003248648718, -0.00133124936838, 0.00238398602232, -0.000761667557526], [0.000526039220858, -0.00166864867788, 0.00360100693069, -0.00114651431795, 0.00154034409206, -0.00144621182699, 0.00189437693916, -0.000846499518957, 0.00120869744569, -0.00147076800931, 0.00170734454878, -0.00191394472495, 0.00148190674372], [-5.04932104377e-005, 0.0016007454833, -0.00114651431795, 0.00301860342734, -0.000789490528405, 0.000365469342796, -0.000200247755856, 0.000587355811149, -0.00132098142058, 0.00155067106243, 0.000659102224745, 0.001286874176, -0.00023962216801], [0.00057838507928, -0.00221092929132, 0.00154034409206, -0.000789490528405, 0.00672358740121, -0.000894041673746, 0.00243168021552, -0.0017268123338, 0.000122850295156, -0.00165545276832, 0.000376360461814, -0.000928870053031, 0.00166955287568], [1.83208412636e-005, 0.00139091245364, -0.00144621182699, 0.000365469342796, -0.000894041673746, 0.0054884981364, -0.001498668571, -0.000121342134662, 0.00110590772238, -0.000751085928641, -0.000549398653675, 0.00101532693952, 0.000492575811222], [0.000282433611574, -0.00129505887162, 0.00189437693916, -0.000200247755856, 0.00243168021552, -0.001498668571, 0.00567215308547, -0.00196359609254, 0.00145008706022, 8.41597939143e-005, 0.000511702324729, -0.00147558446042, 0.00188295298722], [2.885435606e-005, 0.00132131495047, -0.000846499518957, 0.000587355811149, -0.0017268123338, -0.000121342134662, -0.00196359609254, 0.00736564723775, -0.00133074400946, -0.000346252840245, 0.000451736472314, 5.87863869441e-005, -0.000539506669156], [0.000110086177301, -0.00116482225712, 0.00120869744569, -0.00132098142058, 0.000122850295156, 0.00110590772238, 0.00145008706022, -0.00133074400946, 0.00995833426714, -0.00338575313799, 0.00102533830795, 0.000787031545769, -0.00061931455275], [-2.52941081271e-005, 0.003248648718, -0.00147076800931, 0.00155067106243, -0.00165545276832, -0.000751085928641, 8.41597939143e-005, -0.000346252840245, -0.00338575313799, 0.012225641869, -0.0036624323111, 0.00287697603926, -0.000711034168489], [0.000165415054653, -0.00133124936838, 0.00170734454878, 0.000659102224745, 0.000376360461814, -0.000549398653675, 0.000511702324729, 0.000451736472314, 0.00102533830795, -0.0036624323111, 0.0112908026204, -0.00244561769068, -0.000624447187874], [3.99321288569e-005, 0.00238398602232, -0.00191394472495, 0.001286874176, -0.000928870053031, 0.00101532693952, -0.00147558446042, 5.87863869441e-005, 0.000787031545769, 0.00287697603926, -0.00244561769068, 0.0114934081212, -0.00262228981592], [0.000358807126759, -0.000761667557526, 0.00148190674372, -0.00023962216801, 0.00166955287568, 0.000492575811222, 0.00188295298722, -0.000539506669156, -0.00061931455275, -0.000711034168489, -0.000624447187874, -0.00262228981592, 0.00999281741679]]
    },
    "melbands": {
        "mean": [4.82144116631e-007, 9.9459316516e-007, 3.6573241232e-005, 7.13177214493e-005, 0.000179982263944, 0.00031878502341, 0.000334800075507, 0.000636030279566, 0.000544407521375, 0.000365447223885, 0.000163088843692, 8.48716881592e-005, 9.57794618444e-005, 9.90396292764e-005, 0.000156892536324, 5.26963522134e-005, 3.96283430746e-005, 2.1239338821e-005, 1.8570717657e-005, 1.18566185847e-005, 1.29816244225e-005, 1.57068661792e-005, 7.51623792894e-006, 6.53461893307e-006, 1.04190403363e-005, 9.73451824393e-006, 5.6909725572e-006, 2.78131301457e-006, 1.94236508833e-006, 3.08458743348e-006, 2.28648673328e-006, 2.21378672904e-006, 1.00977570128e-006, 7.9526648733e-007, 2.66615586497e-007, 1.42425093941e-007, 1.01947833286e-007, 1.33184272499e-007, 1.33649564305e-007, 1.07271546312e-007],
        "var": [1.71815578258e-012, 1.07967940144e-011, 5.17225151597e-009, 1.02662891521e-008, 9.37298239023e-008, 4.36473527543e-007, 4.59778419781e-007, 1.64088692145e-006, 1.01273769815e-006, 5.43251530871e-007, 1.720676579e-007, 4.88693885359e-008, 5.39940714361e-008, 6.22039948439e-008, 4.14428569684e-007, 5.04248944821e-008, 1.13362483845e-008, 3.2179352516e-009, 1.91595384003e-009, 6.4932542676e-010, 5.23705967481e-010, 1.07515574221e-009, 2.76198841576e-010, 2.53776555326e-010, 5.31450716768e-010, 5.69532920824e-010, 4.92433316346e-010, 8.40700148386e-011, 2.148345217e-011, 9.2757856951e-011, 5.69269388573e-011, 6.96966442892e-011, 3.43205568132e-011, 5.69725135124e-011, 3.16588357092e-012, 6.40443210617e-013, 3.68255285207e-013, 8.68740355261e-013, 9.89184103552e-013, 6.08002092683e-013]
    },
    "mfcc": {
        "mean": [-758.453369141, 133.021347046, -53.2333831787, -7.84425878525, -42.4926223755, -29.7230167389, -24.1974277496, -19.2510871887, -11.3743419647, -16.760427475, -2.48627376556, -5.95516204834, -5.72303962708],
        "cov": [[11143.3505859, -1515.984375, -1908.27600098, 124.601753235, -1402.42407227, -173.012619019, -278.171386719, -312.776947021, -19.2214450836, -161.472396851, 132.369720459, -87.5295410156, -114.277671814], [-1515.984375, 1586.07629395, 42.4298210144, -230.1146698, 169.78666687, -176.928771973, 9.56678581238, 22.1760864258, -127.067939758, -87.0317993164, -93.4888458252, -18.1556243896, -73.6460723877], [-1908.27600098, 42.4298210144, 884.643981934, 43.2395057678, 277.074127197, 128.691986084, 62.7113380432, 103.731918335, 21.493183136, 28.5261917114, -41.9327049255, 22.4931907654, 27.5871372223], [124.601753235, -230.1146698, 43.2395057678, 406.792510986, 42.6048049927, -5.24191761017, -82.2255783081, -25.5507926941, 74.5435028076, -51.2088546753, -12.2367219925, 13.2087965012, -12.9508695602], [-1402.42407227, 169.78666687, 277.074127197, 42.6048049927, 555.375732422, 31.4487609863, -62.7668304443, -28.3329105377, 5.11000490189, 75.9665527344, -24.2489204407, 16.2773399353, 36.3211021423], [-173.012619019, -176.928771973, 128.691986084, -5.24191761017, 31.4487609863, 202.046463013, 49.6279067993, 4.36179590225, 5.95574903488, 30.6425552368, 28.1992969513, -2.65670895576, 6.86044168472], [-278.171386719, 9.56678581238, 62.7113380432, -82.2255783081, -62.7668304443, 49.6279067993, 247.056518555, 92.5811309814, -2.87266755104, 31.2013492584, 29.2985782623, 21.7958927155, -4.91748952866], [-312.776947021, 22.1760864258, 103.731918335, -25.5507926941, -28.3329105377, 4.36179590225, 92.5811309814, 198.332122803, 33.7266578674, -30.2254371643, -3.43853759766, 33.9098815918, 6.44290971756], [-19.2214450836, -127.067939758, 21.493183136, 74.5435028076, 5.11000490189, 5.95574903488, -2.87266755104, 33.7266578674, 150.612503052, 38.0481338501, -3.01271533966, 23.5770149231, -1.03592216969], [-161.472396851, -87.0317993164, 28.5261917114, -51.2088546753, 75.9665527344, 30.6425552368, 31.2013492584, -30.2254371643, 38.0481338501, 175.1902771, 47.5214805603, 11.9242305756, 10.5259847641], [132.369720459, -93.4888458252, -41.9327049255, -12.2367219925, -24.2489204407, 28.1992969513, 29.2985782623, -3.43853759766, -3.01271533966, 47.5214805603, 131.093353271, 30.522611618, 6.25529146194], [-87.5295410156, -18.1556243896, 22.4931907654, 13.2087965012, 16.2773399353, -2.65670895576, 21.7958927155, 33.9098815918, 23.5770149231, 11.9242305756, 30.522611618, 114.115036011, 18.261636734], [-114.277671814, -73.6460723877, 27.5871372223, -12.9508695602, 36.3211021423, 6.86044168472, -4.91748952866, 6.44290971756, -1.03592216969, 10.5259847641, 6.25529146194, 18.261636734, 113.412322998]],
        "icov": [[0.000229550976655, 0.000189671191038, 0.000331817806, 6.46778971714e-006, 0.00037099243491, 2.01317125175e-005, 0.000220665504457, 0.000107222273073, 0.000105460756458, 3.31643059326e-005, 2.07145330933e-005, -4.30196050729e-005, 0.0001616091904], [0.000189671191038, 0.00115332542919, 0.000197188812308, 0.000646735250484, -0.000202936251299, 0.00091381178936, -2.98781342281e-005, 0.000135141526698, 0.000466605590191, 0.000632952607702, 0.000305241876049, -0.000160588562721, 0.00092121574562], [0.000331817806, 0.000197188812308, 0.00217876629904, -0.000302942935377, -0.000201046568691, -0.00100480439141, 0.000121965225844, -0.000799135537818, 0.00036549984361, -0.00020517988014, 0.000718385505024, -0.00014811976871, 8.02906724857e-005], [6.46778971714e-006, 0.000646735250484, -0.000302942935377, 0.00375615246594, -0.000598964688834, 0.000556853134185, 0.000480117305415, 0.000968448875938, -0.00198016501963, 0.00223168497905, -0.000406793085858, -0.000410195061704, 0.00091631145915], [0.00037099243491, -0.000202936251299, -0.000201046568691, -0.000598964688834, 0.00344254868105, -0.000436968723079, 0.00132495479193, 0.000267009949312, 0.000583702407312, -0.00172291696072, 0.00057856598869, -0.00047136892681, -0.000602010521106], [2.01317125175e-005, 0.00091381178936, -0.00100480439141, 0.000556853134185, -0.000436968723079, 0.00690806098282, -0.00136594241485, 0.00087011186406, -9.16514545679e-005, 0.000451815198176, -0.0012388889445, 0.00075268780347, 0.000439458381152], [0.000220665504457, -2.98781342281e-005, 0.000121965225844, 0.000480117305415, 0.00132495479193, -0.00136594241485, 0.00643406249583, -0.00281527033076, 0.00104581960477, -0.00178614538163, -0.000360692705726, -0.000558893196285, 0.000610533170402], [0.000107222273073, 0.000135141526698, -0.000799135537818, 0.000968448875938, 0.000267009949312, 0.00087011186406, -0.00281527033076, 0.00824139546603, -0.00272974721156, 0.0030177780427, -0.000284350971924, -0.00140879210085, -0.00029012322193], [0.000105460756458, 0.000466605590191, 0.00036549984361, -0.00198016501963, 0.000583702407312, -9.16514545679e-005, 0.00104581960477, -0.00272974721156, 0.00980782229453, -0.00378700229339, 0.00187293405179, -0.00140160170849, 0.000676714524161], [3.31643059326e-005, 0.000632952607702, -0.00020517988014, 0.00223168497905, -0.00172291696072, 0.000451815198176, -0.00178614538163, 0.0030177780427, -0.00378700229339, 0.00988351833075, -0.00309230107814, 0.000150643376401, 0.000219150926569], [2.07145330933e-005, 0.000305241876049, 0.000718385505024, -0.000406793085858, 0.00057856598869, -0.0012388889445, -0.000360692705726, -0.000284350971924, 0.00187293405179, -0.00309230107814, 0.0102787921205, -0.00281370268203, 7.82963397796e-005], [-4.30196050729e-005, -0.000160588562721, -0.00014811976871, -0.000410195061704, -0.00047136892681, 0.00075268780347, -0.000558893196285, -0.00140879210085, -0.00140160170849, 0.000150643376401, -0.00281370268203, 0.0106717739254, -0.00158717308659], [0.0001616091904, 0.00092121574562, 8.02906724857e-005, 0.00091631145915, -0.000602010521106, 0.000439458381152, 0.000610533170402, -0.00029012322193, 0.000676714524161, 0.000219150926569, 7.82963397796e-005, -0.00158717308659, 0.0101097961888]]
    },
    "spectral_contrast_coeffs": {
        "mean": [-0.527343809605, -0.634870171547, -0.708781898022, -0.737054347992, -0.756452083588, -0.716234564781],
        "var": [0.00967146921903, 0.0112315220758, 0.00668680528179, 0.0055771660991, 0.00326483696699, 0.00542757753283]
    },
    "spectral_contrast_valleys": {
        "mean": [-10.9114236832, -7.55860090256, -8.17165088654, -8.82092380524, -8.84992599487, -12.2676258087],
        "var": [0.762688577175, 1.76412987709, 1.92816448212, 1.73822033405, 2.17899847031, 1.79125666618]
    }
},
"metadata": {
    "audio_properties": {
        "analysis_sample_rate": 44100,
        "bit_rate": 105948,
        "equal_loudness": 0,
        "length": 45.0873451233,
        "lossless": 0,
        "replay_gain": -12.0101623535,
        "sample_rate": 44100,
        "codec": "mp3",
        "downmix": "mix",
        "md5_encoded": "a0f86a9cce99dfcd79c76f883be5987c"
    },
    "tags": {
        "file_name": "355.mp3"
    },
    "version": {
        "essentia": "2.1-beta2",
        "essentia_git_sha": "v2.1_beta2",
        "extractor": "music 1.0"
    }
},
"rhythm": {
    "beats_count": 57,
    "beats_loudness": {
        "mean": 0.0385968610644,
        "var": 0.000285766232992
    },
    "bpm": 77.4801483154,
    "bpm_histogram_first_peak_bpm": {
        "mean": 78,
        "var": 0
    },
    "bpm_histogram_first_peak_spread": {
        "mean": 0.321428537369,
        "var": 0
    },
    "bpm_histogram_first_peak_weight": {
        "mean": 0.678571462631,
        "var": 0
    },
    "bpm_histogram_second_peak_bpm": {
        "mean": 0,
        "var": 0
    },
    "bpm_histogram_second_peak_spread": {
        "mean": 0,
        "var": 0
    },
    "bpm_histogram_second_peak_weight": {
        "mean": 0,
        "var": 0
    },
    "danceability": 1.33959841728,
    "onset_rate": 3.12605571747,
    "beats_loudness_band_ratio": {
        "mean": [0.012213550508, 0.141866922379, 0.563765227795, 0.196961447597, 0.0743096768856, 0.0456649586558],
        "var": [0.000364001316484, 0.0199995245785, 0.0305955577642, 0.0213739518076, 0.00353278149851, 0.00151951424778]
    },
    "beats_position": [0.824308395386, 1.6137868166, 2.39165520668, 3.15791368484, 3.9125623703, 4.66721057892, 5.4334692955, 6.21133756638, 6.98920631409, 7.76707458496, 8.54494285583, 9.31120204926, 10.077460289, 10.8437185287, 11.5983667374, 12.3530158997, 13.1076641083, 13.8971424103, 14.6982307434, 15.4877090454, 16.2771873474, 17.0550556183, 17.8329238892, 18.6107940674, 19.3886623383, 20.154920578, 20.9211788177, 21.6990470886, 22.4653053284, 23.2431735992, 24.009431839, 24.7756919861, 25.5419502258, 26.3082084656, 27.0860767365, 27.8639450073, 28.6418132782, 29.4196815491, 30.2091598511, 30.9986381531, 31.7648983002, 32.5311546326, 33.3206329346, 34.0985031128, 34.8763694763, 35.6426315308, 36.4321098328, 37.2215881348, 38.0110664368, 38.8005447388, 39.5900230408, 40.3562812805, 41.1225395203, 41.88879776, 42.6550559998, 43.4213142395, 44.1991844177]
},
"tonal": {
    "chords_changes_rate": 0.100823044777,
    "chords_number_rate": 0.0123456791043,
    "chords_strength": {
        "mean": 0.527889668941,
        "var": 0.00910348631442
    },
    "hpcp_entropy": {
        "mean": 1.53638851643,
        "var": 0.741306006908
    },
    "key_strength": 0.677620232105,
    "tuning_diatonic_strength": 0.571206510067,
    "tuning_equal_tempered_deviation": 0.109921455383,
    "tuning_frequency": 442.548919678,
    "tuning_nontempered_energy_ratio": 0.772709965706,
    "hpcp": {
        "mean": [0.0891051888466, 0.107863791287, 0.13791769743, 0.183874979615, 0.139754369855, 0.0800866037607, 0.0839908570051, 0.0932755619287, 0.139227181673, 0.206447333097, 0.162827655673, 0.0902672335505, 0.100509598851, 0.10004478693, 0.134365200996, 0.212880849838, 0.190265357494, 0.190015673637, 0.25327026844, 0.198091074824, 0.103545077145, 0.0828948169947, 0.111291483045, 0.141472220421, 0.158564373851, 0.130088925362, 0.118767470121, 0.135489106178, 0.108436010778, 0.114657342434, 0.139230743051, 0.105691060424, 0.0671877712011, 0.0607790164649, 0.0532307401299, 0.0575671046972],
        "var": [0.0343254767358, 0.0427981726825, 0.0497569441795, 0.0797874853015, 0.058451153338, 0.0307384934276, 0.0436907671392, 0.04394133389, 0.0543836764991, 0.0946213006973, 0.0699173659086, 0.0322951339185, 0.043672401458, 0.0416009314358, 0.0455542355776, 0.100264430046, 0.0722886770964, 0.0707937479019, 0.119277074933, 0.0874581858516, 0.0478862635791, 0.030771503225, 0.0450782179832, 0.0586539506912, 0.0664747804403, 0.0505878888071, 0.0508932098746, 0.0687906816602, 0.0417540967464, 0.0430107079446, 0.0571471303701, 0.0343573875725, 0.0232855863869, 0.0194007772952, 0.016515141353, 0.0192933045328]
    },
    "chords_histogram": [10.2880659103, 0.925925910473, 28.1893005371, 1.02880656719, 2.88065838814, 1.23456788063, 0, 0, 0, 1.95473253727, 1.74897122383, 0.925925910473, 0.308641970158, 0, 0, 0, 4.52674913406, 17.4897117615, 1.95473253727, 0.720164597034, 0, 0, 8.84773635864, 16.9753093719],
    "thpcp": [1, 0.782133162022, 0.408832341433, 0.327297866344, 0.439417868853, 0.558582007885, 0.626067876816, 0.513636767864, 0.468935698271, 0.534958600998, 0.428143471479, 0.452707469463, 0.549731910229, 0.417305439711, 0.265280932188, 0.239976912737, 0.210173666477, 0.227295160294, 0.351818591356, 0.425884157419, 0.544547498226, 0.726002991199, 0.551799356937, 0.316210061312, 0.331625401974, 0.368284702301, 0.549717843533, 0.815126597881, 0.642900764942, 0.356406748295, 0.396847218275, 0.39501196146, 0.530521035194, 0.84052836895, 0.751234471798, 0.750248610973],
    "chords_key": "A#",
    "chords_scale": "major",
    "key_key": "D#",
    "key_scale": "major"
}
}