{
"lowlevel": {
    "average_loudness": 0.986876130104,
    "barkbands_crest": {
        "mean": 13.1939344406,
        "var": 7.18871450424
    },
    "barkbands_flatness_db": {
        "mean": 0.303204327822,
        "var": 0.00559726683423
    },
    "barkbands_kurtosis": {
        "mean": 27.8692569733,
        "var": 628.753051758
    },
    "barkbands_skewness": {
        "mean": 3.4917318821,
        "var": 2.66850209236
    },
    "barkbands_spread": {
        "mean": 4.15094614029,
        "var": 42.0672149658
    },
    "dissonance": {
        "mean": 0.451819628477,
        "var": 0.000834208156448
    },
    "dynamic_complexity": 0.399894475937,
    "erbbands_crest": {
        "mean": 9.0920753479,
        "var": 7.01095247269
    },
    "erbbands_flatness_db": {
        "mean": 0.191593796015,
        "var": 0.00330262770876
    },
    "erbbands_kurtosis": {
        "mean": 4.21658420563,
        "var": 15.7687520981
    },
    "erbbands_skewness": {
        "mean": 1.77448391914,
        "var": 0.683765888214
    },
    "erbbands_spread": {
        "mean": 30.8725223541,
        "var": 581.200012207
    },
    "hfc": {
        "mean": 17.8600788116,
        "var": 172.186981201
    },
    "melbands_crest": {
        "mean": 18.2785377502,
        "var": 25.8787078857
    },
    "melbands_flatness_db": {
        "mean": 0.432028472424,
        "var": 0.00889449752867
    },
    "melbands_kurtosis": {
        "mean": 50.4248809814,
        "var": 1442.59020996
    },
    "melbands_skewness": {
        "mean": 4.3528008461,
        "var": 3.60710430145
    },
    "melbands_spread": {
        "mean": 2.90206623077,
        "var": 43.2438545227
    },
    "pitch_salience": {
        "mean": 0.520520329475,
        "var": 0.0109410947189
    },
    "silence_rate_20dB": {
        "mean": 1,
        "var": 0
    },
    "silence_rate_30dB": {
        "mean": 0.580545544624,
        "var": 0.243512272835
    },
    "silence_rate_60dB": {
        "mean": 0.00205867225304,
        "var": 0.00205448735505
    },
    "spectral_centroid": {
        "mean": 369.940887451,
        "var": 316772.375
    },
    "spectral_complexity": {
        "mean": 11.1837368011,
        "var": 48.5006484985
    },
    "spectral_decrease": {
        "mean": -2.88731882847e-008,
        "var": 1.79913040545e-016
    },
    "spectral_energy": {
        "mean": 0.110594153404,
        "var": 0.00260628550313
    },
    "spectral_energyband_high": {
        "mean": 0.000442304706667,
        "var": 1.41610178161e-006
    },
    "spectral_energyband_low": {
        "mean": 0.0915910899639,
        "var": 0.00264094700105
    },
    "spectral_energyband_middle_high": {
        "mean": 0.00129555573221,
        "var": 9.29342786549e-006
    },
    "spectral_energyband_middle_low": {
        "mean": 0.0262257531285,
        "var": 0.000109603744932
    },
    "spectral_entropy": {
        "mean": 6.32290363312,
        "var": 0.602169811726
    },
    "spectral_flux": {
        "mean": 0.0972757712007,
        "var": 0.00611613458022
    },
    "spectral_kurtosis": {
        "mean": 22.2038593292,
        "var": 360.928070068
    },
    "spectral_rms": {
        "mean": 0.0101871462539,
        "var": 4.11857763538e-006
    },
    "spectral_rolloff": {
        "mean": 238.571624756,
        "var": 569357.1875
    },
    "spectral_skewness": {
        "mean": 3.38215327263,
        "var": 2.49534416199
    },
    "spectral_spread": {
        "mean": 3266571.75,
        "var": 5.44683484774e+012
    },
    "spectral_strongpeak": {
        "mean": 0.826431274414,
        "var": 0.0980310887098
    },
    "zerocrossingrate": {
        "mean": 0.015155817382,
        "var": 0.000531376514118
    },
    "barkbands": {
        "mean": [0.000565631897189, 0.0513217560947, 0.0307584125549, 0.0122552048415, 0.0108920801431, 0.00155065662693, 0.00103160506114, 0.00034697711817, 0.000125589125673, 0.000147539394675, 0.00041760187014, 0.000163970631547, 6.80899465806e-005, 7.66522061895e-005, 4.6721794206e-005, 5.81404783588e-005, 4.05742212024e-005, 0.000163134856848, 7.56329900469e-005, 8.586889453e-005, 0.000136224014568, 0.000128764149849, 5.5115971918e-005, 2.98835038848e-005, 2.81032953353e-005, 2.24996456382e-005, 1.74319586677e-006],
        "var": [4.27080522059e-007, 0.00141447072383, 0.000557545165066, 4.17896990257e-005, 3.18326892739e-005, 1.6849351141e-006, 1.47871401168e-006, 1.10578213253e-007, 1.69440195208e-008, 1.70141547073e-007, 1.86615295661e-006, 5.29061381371e-008, 8.40701996907e-009, 6.06763972399e-009, 7.49672057765e-009, 1.11892957122e-008, 8.11713096738e-009, 3.43247990031e-007, 3.87891709863e-008, 4.70084344784e-008, 2.05673686082e-007, 1.31892619493e-007, 2.15123581171e-008, 5.88887605346e-009, 3.8322101048e-009, 3.20293724876e-009, 2.98622376826e-011]
    },
    "erbbands": {
        "mean": [0.963964998722, 13.328950882, 37.1158638, 42.6505966187, 37.8849868774, 31.3481903076, 17.9775257111, 14.0847225189, 17.0529022217, 9.81974220276, 5.74838352203, 2.52625513077, 3.18366765976, 11.1789989471, 13.4248323441, 6.25351762772, 3.30540084839, 2.98437571526, 3.77124977112, 2.56340789795, 2.94023299217, 2.87792110443, 9.67553806305, 4.1264591217, 4.16031169891, 3.72305774689, 3.76355600357, 7.14973402023, 4.4840927124, 3.37752985954, 1.18370568752, 0.726022601128, 0.437225133181, 0.304934501648, 0.204470664263, 0.101828835905, 0.0415783412755, 0.00718973996118, 0.000247755611781, 0.000126182931126],
        "var": [0.546354353428, 96.967376709, 871.63482666, 345.16619873, 351.609466553, 278.96786499, 141.986831665, 175.631546021, 370.0675354, 135.642608643, 19.6495876312, 5.08978843689, 32.1746330261, 1233.17346191, 1655.67407227, 68.0472259521, 19.4841098785, 7.91181993484, 20.736120224, 22.5326652527, 21.7254104614, 49.4773139954, 1211.14111328, 130.254272461, 116.909225464, 89.4142456055, 104.563079834, 646.768798828, 161.146484375, 90.1190032959, 9.29218959808, 3.56342220306, 1.1817291975, 0.470958203077, 0.230444103479, 0.0649709403515, 0.0113128116354, 0.000371262518456, 3.12640793254e-007, 3.53591289581e-009]
    },
    "gfcc": {
        "mean": [-40.6908950806, 155.425582886, -48.9611053467, 37.8539085388, -22.5356178284, 10.2120056152, -25.2859802246, -3.29255867004, -22.4536380768, -0.841658949852, -13.1023454666, 1.34975266457, -13.188158989],
        "cov": [[6514.60400391, -2141.50927734, -693.612121582, 1031.81616211, -1103.56420898, 441.093109131, -113.257194519, 336.883056641, -350.150085449, 295.400665283, -129.788284302, 288.956939697, -123.506980896], [-2141.50927734, 1820.16577148, 197.921829224, -633.323608398, 684.192443848, -344.656951904, 50.7369537354, -259.752258301, 199.570617676, -167.879333496, 124.318557739, -187.193389893, 65.8834075928], [-693.612121582, 197.921829224, 337.553161621, -131.404373169, 133.654266357, 7.06752157211, -30.8926391602, -9.02397441864, 29.3829364777, -35.7521896362, -27.4748420715, -27.978105545, 1.22417855263], [1031.81616211, -633.323608398, -131.404373169, 319.95223999, -281.465393066, 113.694671631, -27.9304218292, 78.737197876, -68.4609603882, 66.5508728027, -29.3249759674, 42.878780365, -8.21874237061], [-1103.56420898, 684.192443848, 133.654266357, -281.465393066, 395.254730225, -142.898605347, 14.5462303162, -67.5770568848, 73.8624649048, -87.8530807495, 15.1948442459, -62.8614273071, 26.4041481018], [441.093109131, -344.656951904, 7.06752157211, 113.694671631, -142.898605347, 127.505615234, -5.76165533066, 47.0299911499, -33.5538063049, 28.5144729614, -29.2040367126, 24.7421455383, -14.2467889786], [-113.257194519, 50.7369537354, -30.8926391602, -27.9304218292, 14.5462303162, -5.76165533066, 81.9659347534, 6.04798126221, 18.6064529419, -8.58254337311, 1.75312304497, -6.90571689606, -1.14945912361], [336.883056641, -259.752258301, -9.02397441864, 78.737197876, -67.5770568848, 47.0299911499, 6.04798126221, 89.4412689209, -11.250623703, 19.548406601, -37.4240150452, 18.7652893066, -9.60638427734], [-350.150085449, 199.570617676, 29.3829364777, -68.4609603882, 73.8624649048, -33.5538063049, 18.6064529419, -11.250623703, 70.9656982422, -9.89573478699, 8.05219936371, -43.3680458069, 4.18288135529], [295.400665283, -167.879333496, -35.7521896362, 66.5508728027, -87.8530807495, 28.5144729614, -8.58254337311, 19.548406601, -9.89573478699, 62.9277458191, 13.6162872314, 10.5457649231, -9.60485553741], [-129.788284302, 124.318557739, -27.4748420715, -29.3249759674, 15.1948442459, -29.2040367126, 1.75312304497, -37.4240150452, 8.05219936371, 13.6162872314, 62.5927009583, -5.71322584152, 2.65346813202], [288.956939697, -187.193389893, -27.978105545, 42.878780365, -62.8614273071, 24.7421455383, -6.90571689606, 18.7652893066, -43.3680458069, 10.5457649231, -5.71322584152, 70.4766616821, -12.3969268799], [-123.506980896, 65.8834075928, 1.22417855263, -8.21874237061, 26.4041481018, -14.2467889786, -1.14945912361, -9.60638427734, 4.18288135529, -9.60485553741, 2.65346813202, -12.3969268799, 30.1000156403]],
        "icov": [[0.00119134504348, -0.00333658629097, 0.00163726485334, -0.00367014436051, 0.00180542666931, -0.00263131340034, 0.0013564475812, -0.00424908194691, 0.0037548977416, -0.00356506905518, 0.0036902083084, -0.00327964150347, 0.003653871594], [-0.00333658629097, 0.0162803586572, -0.00458448380232, 0.0156432855874, -0.00770173501223, 0.0116052273661, -0.00415102206171, 0.0182867869735, -0.0141208125278, 0.0142074422911, -0.0149541823193, 0.0150648364797, -0.01292222552], [0.00163726485334, -0.00458448380232, 0.00726406462491, -0.00240186857991, 0.00142127659637, -0.00700555881485, 0.0048078908585, -0.0063495170325, 0.00459821335971, -0.00485121970996, 0.00693430146202, -0.00364150549285, 0.00509787118062], [-0.00367014436051, 0.0156432855874, -0.00240186857991, 0.0278483163565, -0.00163613271434, 0.00952737405896, -0.000900420418475, 0.0130965048447, -0.0105539802462, 0.0128788091242, -0.013071144931, 0.0177691653371, -0.017461143434], [0.00180542666931, -0.00770173501223, 0.00142127659637, -0.00163613271434, 0.0141750238836, -0.000321796920616, 0.00331002217717, -0.011190706864, 0.00673947716132, -0.00185798306484, 0.00748845236376, -0.0045628156513, 0.00366045208648], [-0.00263131340034, 0.0116052273661, -0.00700555881485, 0.00952737405896, -0.000321796920616, 0.0263574197888, -0.00527519220486, 0.0110616153106, -0.00757422531024, 0.0100815137848, -0.00779745168984, 0.0119383726269, -0.00735187390819], [0.0013564475812, -0.00415102206171, 0.0048078908585, -0.000900420418475, 0.00331002217717, -0.00527519220486, 0.0172887761146, -0.00885661877692, 0.000585424364544, -0.000960589037277, 0.00330742425285, -0.00372250168584, 0.00443086773157], [-0.00424908194691, 0.0182867869735, -0.0063495170325, 0.0130965048447, -0.011190706864, 0.0110616153106, -0.00885661877692, 0.0434243753552, -0.0208971668035, 0.00973664037883, -0.00544582027942, 0.0120601691306, -0.0135961454362], [0.0037548977416, -0.0141208125278, 0.00459821335971, -0.0105539802462, 0.00673947716132, -0.00757422531024, 0.000585424364544, -0.0208971668035, 0.042965721339, -0.0160802807659, 0.0127347121015, 0.00229793204926, 0.0158242061734], [-0.00356506905518, 0.0142074422911, -0.00485121970996, 0.0128788091242, -0.00185798306484, 0.0100815137848, -0.000960589037277, 0.00973664037883, -0.0160802807659, 0.0433015227318, -0.0263627823442, 0.0147762754932, -0.00807779934257], [0.0036902083084, -0.0149541823193, 0.00693430146202, -0.013071144931, 0.00748845236376, -0.00779745168984, 0.00330742425285, -0.00544582027942, 0.0127347121015, -0.0263627823442, 0.043623149395, -0.015576611273, 0.0117083257064], [-0.00327964150347, 0.0150648364797, -0.00364150549285, 0.0177691653371, -0.0045628156513, 0.0119383726269, -0.00372250168584, 0.0120601691306, 0.00229793204926, 0.0147762754932, -0.015576611273, 0.040507953614, -0.00561888981611], [0.003653871594, -0.01292222552, 0.00509787118062, -0.017461143434, 0.00366045208648, -0.00735187390819, 0.00443086773157, -0.0135961454362, 0.0158242061734, -0.00807779934257, 0.0117083257064, -0.00561888981611, 0.0525408238173]]
    },
    "melbands": {
        "mean": [0.0117534492165, 0.0195132959634, 0.00706466194242, 0.00270804599859, 0.000710890511982, 0.000312634278089, 0.000235611441894, 9.94224392343e-005, 4.05367100029e-005, 1.50533824126e-005, 1.54059434863e-005, 4.26182814408e-005, 5.19346431247e-005, 2.192203101e-005, 1.20917347886e-005, 5.30516626895e-006, 5.67345432501e-006, 6.7871774263e-006, 3.56367672794e-006, 3.91813364331e-006, 3.08409858008e-006, 1.97282588488e-006, 6.90679780746e-006, 8.49135267345e-006, 2.58579552792e-006, 3.15794909511e-006, 3.06450056087e-006, 2.28511544265e-006, 2.23434949476e-006, 2.86967679131e-006, 4.53785833088e-006, 2.67497625828e-006, 2.10477855944e-006, 1.71102897184e-006, 6.75256217164e-007, 4.66980992542e-007, 4.122451287e-007, 2.9199154028e-007, 2.90759714972e-007, 2.46284201921e-007],
        "var": [7.69425532781e-005, 0.000180530812941, 7.47608783058e-006, 1.94348149307e-006, 2.07551138942e-007, 7.7854046765e-008, 6.73290472264e-008, 1.2715617892e-008, 1.05029873687e-009, 1.78985118393e-010, 7.43879013942e-010, 1.777505787e-008, 2.80502074901e-008, 1.31974919881e-009, 3.01791203139e-010, 5.48186357419e-011, 2.77703554596e-011, 6.58997925673e-011, 5.44886254172e-011, 6.74479846974e-011, 2.24169623836e-011, 1.72303334794e-011, 5.34554234211e-010, 9.75139746728e-010, 4.3795873178e-011, 7.20525444864e-011, 6.14130829524e-011, 3.55853402301e-011, 3.58851247328e-011, 8.23370052694e-011, 2.73883166146e-010, 6.02563207663e-011, 3.19717863295e-011, 2.56108988184e-011, 3.32527430071e-012, 1.36903162418e-012, 1.23429576022e-012, 5.57424169757e-013, 5.33324307026e-013, 3.05477268914e-013]
    },
    "mfcc": {
        "mean": [-709.255126953, 193.30166626, 37.8124198914, 46.2156677246, 23.3648757935, 23.3128356934, 10.5515375137, 7.32602930069, -1.14958155155, -3.59117913246, 2.62791466713, -2.42438864708, 3.86153078079],
        "cov": [[5551.09472656, -3168.40551758, 207.712158203, 213.570220947, -681.072387695, 34.5672683716, 97.0781021118, 54.1085929871, -18.3240451813, -94.969833374, 33.9233398438, 107.67855835, 59.2939224243], [-3168.40551758, 2541.90112305, -304.845489502, -89.0258026123, 434.179473877, -25.3089828491, -55.3810501099, -62.2952270508, -32.4728851318, 56.4278182983, -25.1033744812, -43.0984535217, 6.1271276474], [207.712158203, -304.845489502, 276.492736816, -29.1116104126, -14.3484725952, 25.9468078613, -4.73683261871, 6.64547777176, 14.6359043121, 7.86203622818, 26.6491756439, -10.2732305527, -40.159992218], [213.570220947, -89.0258026123, -29.1116104126, 80.6161117554, -13.7148399353, -13.90483284, 4.21813249588, -4.74353218079, 2.43224978447, -0.486245512962, -10.9561300278, 2.23216032982, 11.4068012238], [-681.072387695, 434.179473877, -14.3484725952, -13.7148399353, 196.058898926, -15.7798089981, -17.3421401978, -8.62115764618, 13.5987977982, 6.58537960052, -20.9746227264, -13.8544111252, 1.02458631992], [34.5672683716, -25.3089828491, 25.9468078613, -13.90483284, -15.7798089981, 45.7183761597, 6.09037494659, -2.74049711227, -8.51789855957, -3.39925932884, 5.30308246613, -3.20114946365, -2.18400859833], [97.0781021118, -55.3810501099, -4.73683261871, 4.21813249588, -17.3421401978, 6.09037494659, 43.8961639404, 9.50705909729, 0.930662155151, -6.49785327911, -4.01700735092, 2.6442053318, 0.419330567122], [54.1085929871, -62.2952270508, 6.64547777176, -4.74353218079, -8.62115764618, -2.74049711227, 9.50705909729, 64.5644454956, 27.0873031616, -10.9894170761, 3.83520007133, -8.17615222931, -21.0164413452], [-18.3240451813, -32.4728851318, 14.6359043121, 2.43224978447, 13.5987977982, -8.51789855957, 0.930662155151, 27.0873031616, 71.4485244751, 25.720790863, -4.14147090912, -14.3390741348, -9.25452136993], [-94.969833374, 56.4278182983, 7.86203622818, -0.486245512962, 6.58537960052, -3.39925932884, -6.49785327911, -10.9894170761, 25.720790863, 74.3029785156, 12.8052806854, -12.5194797516, 4.38754844666], [33.9233398438, -25.1033744812, 26.6491756439, -10.9561300278, -20.9746227264, 5.30308246613, -4.01700735092, 3.83520007133, -4.14147090912, 12.8052806854, 46.8169975281, 4.4853849411, -16.1316566467], [107.67855835, -43.0984535217, -10.2732305527, 2.23216032982, -13.8544111252, -3.20114946365, 2.6442053318, -8.17615222931, -14.3390741348, -12.5194797516, 4.4853849411, 35.4845466614, 9.83278369904], [59.2939224243, 6.1271276474, -40.159992218, 11.4068012238, 1.02458631992, -2.18400859833, 0.419330567122, -21.0164413452, -9.25452136993, 4.38754844666, -16.1316566467, 9.83278369904, 58.541343689]],
        "icov": [[0.00084334553685, 0.000875978847034, 0.000182465300895, -0.00105100462679, 0.000779672060162, -0.000296885875287, -0.000205500153243, -0.000179800728802, 0.000192787963897, 0.000144124016515, -0.000274248945061, -0.000787505239714, -0.000627331843134], [0.000875978847034, 0.00186035223305, 0.00139735534322, -0.000183983211173, -0.00116245436948, -0.000663466227707, 1.72180966729e-006, 0.000232423873967, 0.000990253407508, -0.000597820733674, -0.000656992953736, -0.000182293413673, 4.24482714152e-005], [0.000182465300895, 0.00139735534322, 0.00605797162279, 0.0017429938307, -0.00208561564796, -0.00266149174422, 0.000693944341037, 0.00156491273083, -0.000397313415306, -0.000653015507851, -0.00195351731963, 0.000994840404019, 0.00325991818681], [-0.00105100462679, -0.000183983211173, 0.0017429938307, 0.0165801551193, -0.00112483242992, 0.00435765599832, -0.000851221906487, 0.00228422437795, -0.000594067387283, -0.000552908401005, 0.00227531022392, 0.00217457907274, 0.00026649326901], [0.000779672060162, -0.00116245436948, -0.00208561564796, -0.00112483242992, 0.01092766691, 0.00244518951513, 0.00122213596478, 0.000391051755287, -0.00248724478297, 0.00174721737858, 0.00325598870404, -0.000226755670155, -0.00143684761133], [-0.000296885875287, -0.000663466227707, -0.00266149174422, 0.00435765599832, 0.00244518951513, 0.0271346271038, -0.00432436028495, 0.00192613806576, 0.00221199309453, 0.00189380836673, -0.00156290549785, 0.00546452542767, -0.00175354490057], [-0.000205500153243, 1.72180966729e-006, 0.000693944341037, -0.000851221906487, 0.00122213596478, -0.00432436028495, 0.0258561447263, -0.00429619615898, 0.00019304221496, -0.00015183922369, 0.00359468767419, -0.00248741405085, 0.00038985122228], [-0.000179800728802, 0.000232423873967, 0.00156491273083, 0.00228422437795, 0.000391051755287, 0.00192613806576, -0.00429619615898, 0.0253817215562, -0.0111528979614, 0.00797273032367, -0.00429336586967, 0.00492266472429, 0.00562356645241], [0.000192787963897, 0.000990253407508, -0.000397313415306, -0.000594067387283, -0.00248724478297, 0.00221199309453, 0.00019304221496, -0.0111528979614, 0.0244260858744, -0.0109222820029, 0.00551401358098, 0.00208457815461, 0.00151436100714], [0.000144124016515, -0.000597820733674, -0.000653015507851, -0.000552908401005, 0.00174721737858, 0.00189380836673, -0.00015183922369, 0.00797273032367, -0.0109222820029, 0.0222409199923, -0.00970018282533, 0.0073805116117, -0.00482646143064], [-0.000274248945061, -0.000656992953736, -0.00195351731963, 0.00227531022392, 0.00325598870404, -0.00156290549785, 0.00359468767419, -0.00429336586967, 0.00551401358098, -0.00970018282533, 0.0321163088083, -0.00848081335425, 0.00875381845981], [-0.000787505239714, -0.000182293413673, 0.000994840404019, 0.00217457907274, -0.000226755670155, 0.00546452542767, -0.00248741405085, 0.00492266472429, 0.00208457815461, 0.0073805116117, -0.00848081335425, 0.0383892022073, -0.00594019563869], [-0.000627331843134, 4.24482714152e-005, 0.00325991818681, 0.00026649326901, -0.00143684761133, -0.00175354490057, 0.00038985122228, 0.00562356645241, 0.00151436100714, -0.00482646143064, 0.00875381845981, -0.00594019563869, 0.0258841831237]]
    },
    "spectral_contrast_coeffs": {
        "mean": [-0.630269289017, -0.713417708874, -0.812988162041, -0.803509891033, -0.810894370079, -0.766106307507],
        "var": [0.00201728544198, 0.00376997608691, 0.00151833076961, 0.00149195222184, 0.000952206843067, 0.00235779187642]
    },
    "spectral_contrast_valleys": {
        "mean": [-5.65221691132, -6.87245130539, -7.68585538864, -8.44768714905, -8.74057102203, -11.5602350235],
        "var": [0.885471403599, 0.906061410904, 0.915171980858, 0.949524343014, 1.68005239964, 2.05398058891]
    }
},
"metadata": {
    "audio_properties": {
        "analysis_sample_rate": 44100,
        "bit_rate": 115099,
        "equal_loudness": 0,
        "length": 45.0873451233,
        "lossless": 0,
        "replay_gain": -10.1080608368,
        "sample_rate": 44100,
        "codec": "mp3",
        "downmix": "mix",
        "md5_encoded": "0a45530e1ae591fd29576272ffe0bd6a"
    },
    "tags": {
        "file_name": "356.mp3"
    },
    "version": {
        "essentia": "2.1-beta2",
        "essentia_git_sha": "v2.1_beta2",
        "extractor": "music 1.0"
    }
},
"rhythm": {
    "beats_count": 89,
    "beats_loudness": {
        "mean": 0.107733204961,
        "var": 0.000727059028577
    },
    "bpm": 120.056793213,
    "bpm_histogram_first_peak_bpm": {
        "mean": 120,
        "var": 0
    },
    "bpm_histogram_first_peak_spread": {
        "mean": 0.614457845688,
        "var": 0
    },
    "bpm_histogram_first_peak_weight": {
        "mean": 0.363636374474,
        "var": 0
    },
    "bpm_histogram_second_peak_bpm": {
        "mean": 108,
        "var": 0
    },
    "bpm_histogram_second_peak_spread": {
        "mean": 0.5,
        "var": 0
    },
    "bpm_histogram_second_peak_weight": {
        "mean": 0.0227272734046,
        "var": 0
    },
    "danceability": 2.05042552948,
    "onset_rate": 4.01287984848,
    "beats_loudness_band_ratio": {
        "mean": [0.851261854172, 0.128090381622, 0.0295773465186, 0.0112155014649, 0.00619032559916, 0.0212567579001],
        "var": [0.00399917270988, 0.00535024562851, 0.00061523297336, 4.53230677522e-005, 9.24029882299e-006, 0.00012125838839]
    },
    "beats_position": [0.510838985443, 1.02167797089, 1.54412698746, 2.10140585899, 2.67029476166, 3.22757363319, 3.76163268089, 4.26086139679, 4.76009082794, 5.24770975113, 5.75854873657, 6.25777769089, 6.7570066452, 7.24462556839, 7.75546455383, 8.26630401611, 8.75392246246, 9.24154186249, 9.75238037109, 10.2632198334, 10.7508392334, 11.2500677109, 11.749297142, 12.2601356506, 12.7477550507, 13.2585935593, 13.7578229904, 14.2570514679, 14.756280899, 15.2555103302, 15.7547388077, 16.2539672852, 16.7531967163, 17.2524261475, 17.7632656097, 18.2508831024, 18.7501125336, 19.2493419647, 19.760181427, 20.2594108582, 20.758638382, 21.246257782, 21.7570972443, 22.2679367065, 22.7555541992, 23.2431735992, 23.7540130615, 24.2648525238, 24.7524719238, 25.2400894165, 25.7509288788, 26.2617683411, 26.7493877411, 27.2486171722, 27.7594547272, 28.2586841583, 28.7463035583, 29.2571430206, 29.7679805756, 30.2555999756, 30.7548294067, 31.2540588379, 31.7648983002, 32.2525177002, 32.7517471313, 33.2509727478, 33.7618141174, 34.2610435486, 34.7602729797, 35.2478904724, 35.7587280273, 36.2579574585, 36.7571868896, 37.244808197, 37.755645752, 38.2664833069, 38.7541046143, 39.2417221069, 39.7525634766, 40.2634010315, 40.7510185242, 41.2502479553, 41.7494773865, 42.2603149414, 42.7479362488, 43.2587738037, 43.7580032349, 44.257232666, 44.7448501587]
},
"tonal": {
    "chords_changes_rate": 0.0267489720136,
    "chords_number_rate": 0.00411522621289,
    "chords_strength": {
        "mean": 0.514950156212,
        "var": 0.00789723265916
    },
    "hpcp_entropy": {
        "mean": 1.76191961765,
        "var": 0.471846878529
    },
    "key_strength": 0.739272892475,
    "tuning_diatonic_strength": 0.5139721632,
    "tuning_equal_tempered_deviation": 0.102499343455,
    "tuning_frequency": 444.085327148,
    "tuning_nontempered_energy_ratio": 0.732314407825,
    "hpcp": {
        "mean": [0.00754954526201, 0.0141215668991, 0.032454483211, 0.0376452729106, 0.0245267283171, 0.0333481319249, 0.0573786646128, 0.0528128743172, 0.0375505648553, 0.0404034666717, 0.104789227247, 0.336632341146, 0.367766827345, 0.132740944624, 0.0323722288013, 0.0294364392757, 0.0541731193662, 0.125878721476, 0.116087794304, 0.0355401858687, 0.0104929096997, 0.00511780939996, 0.0177348610014, 0.0319106988609, 0.0216563530266, 0.0144752534106, 0.117436893284, 0.241476118565, 0.154149442911, 0.0277324020863, 0.0143101895228, 0.0409998074174, 0.211932450533, 0.288286983967, 0.117292128503, 0.0110956542194],
        "var": [0.00124927994329, 0.00483196554706, 0.00785212870687, 0.00762857263908, 0.00703411642462, 0.0133326351643, 0.0445356033742, 0.0329149588943, 0.0213666930795, 0.0213109832257, 0.0388276837766, 0.164804980159, 0.162137717009, 0.03441555053, 0.0197891891003, 0.0184293873608, 0.0240418352187, 0.0815806761384, 0.0616579577327, 0.0131488274783, 0.00513749290258, 0.00176707375795, 0.00248538726009, 0.00599566521123, 0.00674668513238, 0.00556523818523, 0.0413672141731, 0.159586176276, 0.0750050395727, 0.011074738577, 0.00456425966695, 0.0142793217674, 0.0669256299734, 0.135154828429, 0.0322991982102, 0.00214870786294]
    },
    "chords_histogram": [1.95473253727, 0.411522626877, 49.8971176147, 0.102880656719, 0, 0, 0, 0, 0, 0, 0, 0, 0, 0, 0, 0, 0, 0.514403283596, 0, 0, 7.20164632797, 0, 39.9176940918, 0],
    "thpcp": [1, 0.360937774181, 0.088023789227, 0.0800410434604, 0.147302895784, 0.342278629541, 0.315655976534, 0.0966378226876, 0.0285314191133, 0.0139159085229, 0.0482231117785, 0.086768835783, 0.0588860958815, 0.0393598675728, 0.319324314594, 0.656601130962, 0.419149935246, 0.07540756464, 0.0389110408723, 0.111483156681, 0.576268553734, 0.783885240555, 0.31893068552, 0.0301703512669, 0.0205280762166, 0.0383981540799, 0.0882474482059, 0.102361798286, 0.0666909739375, 0.0906773805618, 0.15601913631, 0.143604233861, 0.102104276419, 0.109861642122, 0.28493386507, 0.915341794491],
    "chords_key": "G#",
    "chords_scale": "major",
    "key_key": "C#",
    "key_scale": "major"
}
}