{
"lowlevel": {
    "average_loudness": 0.95473408699,
    "barkbands_crest": {
        "mean": 9.93709278107,
        "var": 15.3341817856
    },
    "barkbands_flatness_db": {
        "mean": 0.157782897353,
        "var": 0.0034490772523
    },
    "barkbands_kurtosis": {
        "mean": 6.34760427475,
        "var": 116.101203918
    },
    "barkbands_skewness": {
        "mean": 1.63678324223,
        "var": 2.37158036232
    },
    "barkbands_spread": {
        "mean": 18.5680046082,
        "var": 137.59475708
    },
    "dissonance": {
        "mean": 0.459003508091,
        "var": 0.00103576655965
    },
    "dynamic_complexity": 2.03321123123,
    "erbbands_crest": {
        "mean": 9.38647079468,
        "var": 19.7732620239
    },
    "erbbands_flatness_db": {
        "mean": 0.169707983732,
        "var": 0.00326733547263
    },
    "erbbands_kurtosis": {
        "mean": 1.26865041256,
        "var": 8.62907791138
    },
    "erbbands_skewness": {
        "mean": 0.210224881768,
        "var": 1.01429367065
    },
    "erbbands_spread": {
        "mean": 33.9612388611,
        "var": 324.059631348
    },
    "hfc": {
        "mean": 20.1788902283,
        "var": 377.679840088
    },
    "melbands_crest": {
        "mean": 14.0729351044,
        "var": 26.6564598083
    },
    "melbands_flatness_db": {
        "mean": 0.220815330744,
        "var": 0.00546494079754
    },
    "melbands_kurtosis": {
        "mean": 14.7616100311,
        "var": 405.436096191
    },
    "melbands_skewness": {
        "mean": 2.56889390945,
        "var": 3.3359951973
    },
    "melbands_spread": {
        "mean": 20.9402446747,
        "var": 281.030212402
    },
    "pitch_salience": {
        "mean": 0.583183765411,
        "var": 0.0101150115952
    },
    "silence_rate_20dB": {
        "mean": 1,
        "var": 0
    },
    "silence_rate_30dB": {
        "mean": 0.999485313892,
        "var": 0.000514377199579
    },
    "silence_rate_60dB": {
        "mean": 0.0185280498117,
        "var": 0.0181847959757
    },
    "spectral_centroid": {
        "mean": 1085.87878418,
        "var": 522545.25
    },
    "spectral_complexity": {
        "mean": 17.4328365326,
        "var": 52.3421936035
    },
    "spectral_decrease": {
        "mean": -6.88592560749e-009,
        "var": 2.20195776847e-017
    },
    "spectral_energy": {
        "mean": 0.0278193615377,
        "var": 0.000340323109413
    },
    "spectral_energyband_high": {
        "mean": 0.000439774099505,
        "var": 5.72300621116e-007
    },
    "spectral_energyband_low": {
        "mean": 0.00796422082931,
        "var": 9.29961679503e-005
    },
    "spectral_energyband_middle_high": {
        "mean": 0.00606037303805,
        "var": 5.82525572099e-005
    },
    "spectral_energyband_middle_low": {
        "mean": 0.0156508777291,
        "var": 0.000198779409402
    },
    "spectral_entropy": {
        "mean": 7.28955602646,
        "var": 0.240782424808
    },
    "spectral_flux": {
        "mean": 0.0734518989921,
        "var": 0.00162676919717
    },
    "spectral_kurtosis": {
        "mean": 7.68274497986,
        "var": 35.7782669067
    },
    "spectral_rms": {
        "mean": 0.00491741439328,
        "var": 2.95983818432e-006
    },
    "spectral_rolloff": {
        "mean": 1285.47839355,
        "var": 1845276.25
    },
    "spectral_skewness": {
        "mean": 2.04217147827,
        "var": 0.362813472748
    },
    "spectral_spread": {
        "mean": 4315755,
        "var": 5.24597539635e+012
    },
    "spectral_strongpeak": {
        "mean": 1.28438842297,
        "var": 3.78496670723
    },
    "zerocrossingrate": {
        "mean": 0.0579735338688,
        "var": 0.00144686701242
    },
    "barkbands": {
        "mean": [3.43296924257e-005, 0.00332151097246, 0.002450985834, 0.00492460047826, 0.00593469664454, 0.00188299664296, 0.00125437870156, 0.000708377570845, 0.000590321025811, 0.000579824671149, 0.000524134549778, 0.000483390002046, 0.000774368061684, 0.00080704636639, 0.000484791642521, 0.000743333017454, 0.00141549971886, 0.000231715675909, 0.000189137237612, 7.54488792154e-005, 5.60004009458e-005, 4.35849615315e-005, 3.9323404053e-005, 5.34637256351e-005, 6.53959505144e-005, 0.000143892262713, 6.82970585331e-006],
        "var": [7.62760876682e-009, 2.17470806092e-005, 1.071134011e-005, 5.77014725422e-005, 6.32865485386e-005, 1.55273119162e-005, 3.95921006202e-006, 2.38423581322e-006, 1.19111814456e-006, 3.11054941449e-006, 1.48373055708e-006, 5.12730991886e-007, 1.55067277774e-006, 2.37628819377e-006, 7.22747074633e-007, 2.82249538941e-006, 1.20175727716e-005, 2.32371661468e-007, 1.02468113994e-007, 1.23289733978e-008, 5.43743450265e-009, 4.24991331016e-009, 4.16559231553e-009, 9.69556079866e-009, 9.82247527759e-009, 2.34139477584e-007, 1.12808484776e-009]
    },
    "erbbands": {
        "mean": [0.048686221242, 0.902578294277, 2.94835829735, 9.81349086761, 17.313369751, 26.2167243958, 11.9271707535, 17.7997341156, 16.5460243225, 18.2284469604, 14.7489757538, 13.2143220901, 21.9654693604, 19.0478744507, 16.1684589386, 22.2352657318, 34.2567749023, 45.5429382324, 31.8163890839, 27.9949893951, 57.5274047852, 61.0596580505, 19.9716129303, 10.8533658981, 6.65429592133, 3.61396932602, 2.07663178444, 2.41155219078, 1.44786763191, 1.58109259605, 1.11353576183, 1.09418606758, 0.837068378925, 0.640396714211, 0.518913388252, 0.512044429779, 0.309042304754, 0.0398987717927, 0.00100156338885, 6.08397058386e-005],
        "var": [0.00470385001972, 1.65289461613, 14.4533996582, 220.346954346, 496.337493896, 1994.38671875, 210.18927002, 2140.30395508, 684.812133789, 982.803894043, 839.784606934, 455.737030029, 4928.38671875, 2079.26586914, 561.747558594, 1119.7064209, 2542.27270508, 6395.625, 2612.71289063, 2085.78393555, 14524.4394531, 22465.6738281, 1806.03552246, 338.025939941, 98.3285446167, 27.4557647705, 7.17494297028, 11.9152851105, 4.48626804352, 7.78414535522, 2.6655421257, 4.35446500778, 2.17660284042, 0.916872560978, 0.7620434165, 1.39087975025, 1.4561123848, 0.0351635999978, 2.24921459449e-005, 1.4985634067e-008]
    },
    "gfcc": {
        "mean": [-8.00376224518, 104.705329895, -115.166992188, 23.7701835632, -45.875164032, 14.0731458664, -51.427154541, 3.90226173401, -27.2208347321, -2.48055171967, -19.6156654358, -2.58750247955, -13.8391723633],
        "cov": [[6035.88623047, -1364.92138672, 83.2539978027, -132.928085327, -27.5628643036, 277.045379639, -329.855621338, 398.794189453, -326.557098389, 362.64630127, -408.532562256, 256.293823242, -361.074462891], [-1364.92138672, 2008.26733398, -117.381233215, 264.816864014, 36.7402458191, -158.464645386, 266.569549561, -277.930358887, 258.622528076, -342.090911865, 325.121185303, -291.531219482, 284.662963867], [83.2539978027, -117.381233215, 1321.26977539, 0.0305560249835, -157.604309082, 138.055831909, 119.073410034, 67.0132751465, -143.867034912, 146.340026855, -173.714157104, 97.5020065308, -45.0535087585], [-132.928085327, 264.816864014, 0.0305560249835, 466.272064209, -30.0829277039, 53.6977577209, 82.8923492432, -29.2343254089, 58.6624107361, -79.0679779053, 94.6349029541, -95.6346130371, 69.9499282837], [-27.5628643036, 36.7402458191, -157.604309082, -30.0829277039, 412.677032471, 10.79322052, -14.8890190125, 12.2592258453, 59.137386322, -7.56174468994, 10.4078474045, 40.828250885, -26.4974956512], [277.045379639, -158.464645386, 138.055831909, 53.6977577209, 10.79322052, 268.356903076, 21.1111660004, 76.4832382202, -36.559677124, 56.1161880493, -58.2771110535, 1.91274869442, -11.7299194336], [-329.855621338, 266.569549561, 119.073410034, 82.8923492432, -14.8890190125, 21.1111660004, 219.268676758, -21.0297813416, 32.340637207, -35.7104110718, 40.1812171936, -51.9525794983, 40.3301811218], [398.794189453, -277.930358887, 67.0132751465, -29.2343254089, 12.2592258453, 76.4832382202, -21.0297813416, 164.657852173, -16.7101650238, 80.0976486206, -57.8581771851, 50.4786987305, -53.7568817139], [-326.557098389, 258.622528076, -143.867034912, 58.6624107361, 59.137386322, -36.559677124, 32.340637207, -16.7101650238, 142.528656006, -36.6068267822, 80.6903076172, -44.737953186, 42.4183921814], [362.64630127, -342.090911865, 146.340026855, -79.0679779053, -7.56174468994, 56.1161880493, -35.7104110718, 80.0976486206, -36.6068267822, 169.948944092, -52.4102973938, 70.1602478027, -79.8070755005], [-408.532562256, 325.121185303, -173.714157104, 94.6349029541, 10.4078474045, -58.2771110535, 40.1812171936, -57.8581771851, 80.6903076172, -52.4102973938, 156.207366943, -51.7608375549, 50.0801734924], [256.293823242, -291.531219482, 97.5020065308, -95.6346130371, 40.828250885, 1.91274869442, -51.9525794983, 50.4786987305, -44.737953186, 70.1602478027, -51.7608375549, 124.750495911, -35.9370384216], [-361.074462891, 284.662963867, -45.0535087585, 69.9499282837, -26.4974956512, -11.7299194336, 40.3301811218, -53.7568817139, 42.4183921814, -79.8070755005, 50.0801734924, -35.9370384216, 123.520324707]],
        "icov": [[0.000298458558973, -0.000237865606323, 0.000234361257753, -0.000291630160064, 0.000137674578582, -0.000102244557638, 0.000202094190172, -0.000350325630279, 0.000418696785346, -0.000361068116035, 0.000765816308558, -0.000541618035641, 0.000627498375252], [-0.000237865606323, 0.00212957174517, -0.000949857465457, 0.000846533628646, -0.000735027249902, 0.000372094626073, -0.000559149892069, 0.000741996511351, -0.00127421237994, 0.00178287853487, -0.00295340409502, 0.0032030029688, -0.0023269909434], [0.000234361257753, -0.000949857465457, 0.00173289992381, -0.000814982049633, 0.000741685216781, -0.000330493465299, -0.000753883155994, -1.73512926267e-005, 0.00103713572025, -0.00172255327925, 0.00277390191332, -0.00243621272966, 0.00103146245237], [-0.000291630160064, 0.000846533628646, -0.000814982049633, 0.00360844144598, -0.000286406342639, -0.000735089066438, -0.000360689562513, -9.06427303562e-005, -0.000788385048509, 0.00178126932587, -0.00335904723033, 0.0028363193851, -0.00158833840396], [0.000137674578582, -0.000735027249902, 0.000741685216781, -0.000286406342639, 0.00356157845818, -0.00106208387297, -0.000102900092315, 0.000330080481945, -0.0018144765636, 0.000693548936397, 0.00143788778223, -0.00377476750873, 0.00275952904485], [-0.000102244557638, 0.000372094626073, -0.000330493465299, -0.000735089066438, -0.00106208387297, 0.00574135640636, -0.00051417859504, -0.00206395215355, 0.00147510459647, -0.00199309852906, 0.00100752827711, 0.00297043588944, -0.00261224224232], [0.000202094190172, -0.000559149892069, -0.000753883155994, -0.000360689562513, -0.000102900092315, -0.00051417859504, 0.00650893477723, -0.000783593335655, 2.61416346348e-007, 5.31091427547e-005, -0.000586812733673, 0.00137025362346, -5.76790080231e-005], [-0.000350325630279, 0.000741996511351, -1.73512926267e-005, -9.06427303562e-005, 0.000330080481945, -0.00206395215355, -0.000783593335655, 0.010728248395, -0.00339424517006, -0.00116649991833, 0.00119219906628, -0.00199204101227, 0.0014596140245], [0.000418696785346, -0.00127421237994, 0.00103713572025, -0.000788385048509, -0.0018144765636, 0.00147510459647, 2.61416346348e-007, -0.00339424517006, 0.0140894167125, -0.00316160195507, -0.00219689169899, 0.00199113646522, -0.00215241732076], [-0.000361068116035, 0.00178287853487, -0.00172255327925, 0.00178126932587, 0.000693548936397, -0.00199309852906, 5.31091427547e-005, -0.00116649991833, -0.00316160195507, 0.0146631859243, -0.00441257841885, -0.00202837726101, 0.004391789902], [0.000765816308558, -0.00295340409502, 0.00277390191332, -0.00335904723033, 0.00143788778223, 0.00100752827711, -0.000586812733673, 0.00119219906628, -0.00219689169899, -0.00441257841885, 0.017905484885, -0.0046247607097, 0.00237190164626], [-0.000541618035641, 0.0032030029688, -0.00243621272966, 0.0028363193851, -0.00377476750873, 0.00297043588944, 0.00137025362346, -0.00199204101227, 0.00199113646522, -0.00202837726101, -0.0046247607097, 0.0210967678577, -0.00728304358199], [0.000627498375252, -0.0023269909434, 0.00103146245237, -0.00158833840396, 0.00275952904485, -0.00261224224232, -5.76790080231e-005, 0.0014596140245, -0.00215241732076, 0.004391789902, 0.00237190164626, -0.00728304358199, 0.0180626828223]]
    },
    "melbands": {
        "mean": [0.000687247433234, 0.00145978538785, 0.00198138970882, 0.00158814352471, 0.000558548257686, 0.00037865692866, 0.000264703005087, 0.000190535982256, 0.000112735673611, 8.73286408023e-005, 0.000106502811832, 7.13716144674e-005, 5.59654690733e-005, 5.01818794874e-005, 5.87927279412e-005, 8.65785987116e-005, 8.78837890923e-005, 5.26390467712e-005, 3.35660552082e-005, 5.20509347552e-005, 7.53180502215e-005, 7.71783015807e-005, 2.96911257465e-005, 1.03613447209e-005, 8.59168812894e-006, 6.53148754282e-006, 3.20125741382e-006, 2.09996028389e-006, 1.28623139517e-006, 1.33361493226e-006, 1.3436538211e-006, 7.81351559453e-007, 8.36411459204e-007, 8.74795944128e-007, 6.12798146449e-007, 7.17889008683e-007, 6.14853547631e-007, 5.66065409657e-007, 5.46115416e-007, 5.39442908121e-007],
        "var": [8.49398304581e-007, 3.59849741471e-006, 7.79480069468e-006, 4.48720038548e-006, 4.9576561878e-007, 8.41997007228e-007, 1.64353608056e-007, 1.18561629847e-007, 5.12840081512e-008, 2.12319442028e-008, 1.22054345297e-007, 2.87595298687e-008, 1.07464028787e-008, 4.98164798302e-009, 8.16115441893e-009, 2.1181930876e-008, 2.95678006523e-008, 7.16462045247e-009, 3.00866487279e-009, 1.34353346226e-008, 2.8297620247e-008, 4.35622666828e-008, 6.70179955975e-009, 5.0874165991e-010, 2.41331815642e-010, 1.42787545676e-010, 1.95549704901e-011, 1.09677657581e-011, 3.41715674854e-012, 3.32132628691e-012, 3.95723905033e-012, 1.38703230759e-012, 1.86171043859e-012, 2.89031840996e-012, 1.03840243695e-012, 9.23784052725e-013, 2.38126142069e-012, 1.51630400944e-012, 6.4658326436e-013, 7.37784345336e-013]
    },
    "mfcc": {
        "mean": [-652.686584473, 139.510482788, -6.44539117813, 15.4430513382, 19.0265026093, 5.86121749878, -5.70764684677, 0.477037161589, -4.84144639969, -3.64546656609, -3.9654507637, -1.83488571644, -4.05539941788],
        "cov": [[3571.51245117, -1008.13476563, -221.124053955, -184.555404663, 159.821685791, -62.3469810486, 31.834690094, 8.68160152435, 105.223503113, -8.26721000671, 120.389022827, 89.3829650879, 7.67732810974], [-1008.13476563, 1396.0670166, 89.9715423584, 148.67767334, -7.16451692581, 45.764957428, 18.0833950043, 34.6219940186, -40.0452728271, 24.8188552856, -52.6738967896, -45.6621513367, 16.5256729126], [-221.124053955, 89.9715423584, 1183.42883301, 96.6394500732, -194.76789856, 109.399230957, 148.636795044, -8.07852172852, 64.3326263428, 60.3772239685, -14.9426431656, -100.196403503, -27.8830337524], [-184.555404663, 148.67767334, 96.6394500732, 336.689361572, 3.07790732384, 32.1288566589, 25.2068061829, 41.5266036987, -30.35222435, 36.2614822388, -17.0513095856, -12.8488531113, 13.2603721619], [159.821685791, -7.16451692581, -194.76789856, 3.07790732384, 296.816986084, 43.6807022095, -20.4430274963, 40.9074249268, 32.1036300659, -23.1093788147, 30.908039093, 42.413898468, 22.0338382721], [-62.3469810486, 45.764957428, 109.399230957, 32.1288566589, 43.6807022095, 170.340988159, 77.8824081421, 18.7603626251, 40.2871894836, 20.7176914215, 0.832054555416, 3.44592785835, -5.18329238892], [31.834690094, 18.0833950043, 148.636795044, 25.2068061829, -20.4430274963, 77.8824081421, 155.189346313, 41.1512680054, 38.4972267151, 25.8588180542, 14.5785331726, -4.69840192795, -4.35430574417], [8.68160152435, 34.6219940186, -8.07852172852, 41.5266036987, 40.9074249268, 18.7603626251, 41.1512680054, 99.2632522583, 37.7893676758, 8.7080078125, 1.37191700935, 9.44048213959, 2.45630741119], [105.223503113, -40.0452728271, 64.3326263428, -30.35222435, 32.1036300659, 40.2871894836, 38.4972267151, 37.7893676758, 121.003860474, 23.2649517059, 9.01228618622, 5.10701847076, -4.64239263535], [-8.26721000671, 24.8188552856, 60.3772239685, 36.2614822388, -23.1093788147, 20.7176914215, 25.8588180542, 8.7080078125, 23.2649517059, 96.3904342651, 29.6381568909, 3.33870649338, 2.88215017319], [120.389022827, -52.6738967896, -14.9426431656, -17.0513095856, 30.908039093, 0.832054555416, 14.5785331726, 1.37191700935, 9.01228618622, 29.6381568909, 95.874786377, 41.8613700867, 12.2019395828], [89.3829650879, -45.6621513367, -100.196403503, -12.8488531113, 42.413898468, 3.44592785835, -4.69840192795, 9.44048213959, 5.10701847076, 3.33870649338, 41.8613700867, 83.8071289063, 29.5698356628], [7.67732810974, 16.5256729126, -27.8830337524, 13.2603721619, 22.0338382721, -5.18329238892, -4.35430574417, 2.45630741119, -4.64239263535, 2.88215017319, 12.2019395828, 29.5698356628, 73.4758148193]],
        "icov": [[0.00038340035826, 0.000245862669544, 2.98148588627e-005, 4.4498268835e-005, -0.000197066940018, 0.000256907718722, -0.000252423255006, 9.47220032685e-005, -0.000223012495553, 4.8646702453e-006, -0.000189512575162, -6.35265751043e-005, 9.77549279924e-006], [0.000245862669544, 0.000954370654654, -1.30620878735e-006, -0.000148817372974, -0.000162059033755, -7.23361445125e-005, -8.31954093883e-005, -0.00027920800494, 0.00025628862204, -0.000271574652288, 0.00020629609935, 0.000347944383975, -0.000313520664349], [2.98148588627e-005, -1.30620878735e-006, 0.0012941933237, -0.000370085093891, 0.000784360105172, -0.000562178669497, -0.000653038616292, 0.000493469997309, -0.000824994465802, 0.000117167335702, -0.000611549650785, 0.00145436404273, -0.000315433193464], [4.4498268835e-005, -0.000148817372974, -0.000370085093891, 0.00396811123937, -0.000408308667829, -0.0005065088626, 0.000129421445308, -0.00214004027657, 0.00226257438771, -0.00190216535702, 0.00104536872823, 0.000171215302544, -0.000686769315507], [-0.000197066940018, -0.000162059033755, 0.000784360105172, -0.000408308667829, 0.00536118401214, -0.00251486990601, 0.00200510956347, -0.00190681708045, -0.00133085588459, 0.00219792290591, -0.00229505053721, 0.000226342774113, -0.00105442013592], [0.000256907718722, -7.23361445125e-005, -0.000562178669497, -0.0005065088626, -0.00251486990601, 0.00963945686817, -0.00481634726748, 0.00222232169472, -0.00155508471653, -0.00126349623315, 0.00218326109461, -0.00214428640902, 0.00139363610651], [-0.000252423255006, -8.31954093883e-005, -0.000653038616292, 0.000129421445308, 0.00200510956347, -0.00481634726748, 0.0113679496571, -0.00460148928687, -0.000436626403825, 0.00010438526806, -0.00255985162221, 0.00126340403222, -0.000454653199995], [9.47220032685e-005, -0.00027920800494, 0.000493469997309, -0.00214004027657, -0.00190681708045, 0.00222232169472, -0.00460148928687, 0.0152260595933, -0.0045363609679, 0.000140950025525, 0.00161515641958, -0.00190120143816, 0.000778020534199], [-0.000223012495553, 0.00025628862204, -0.000824994465802, 0.00226257438771, -0.00133085588459, -0.00155508471653, -0.000436626403825, -0.0045363609679, 0.0125587228686, -0.00329316360876, 0.00125108961947, -0.000500064634252, 0.000575574347749], [4.8646702453e-006, -0.000271574652288, 0.000117167335702, -0.00190216535702, 0.00219792290591, -0.00126349623315, 0.00010438526806, 0.000140950025525, -0.00329316360876, 0.0144162587821, -0.00587305985391, 0.0014206499327, -0.000668411434162], [-0.000189512575162, 0.00020629609935, -0.000611549650785, 0.00104536872823, -0.00229505053721, 0.00218326109461, -0.00255985162221, 0.00161515641958, 0.00125108961947, -0.00587305985391, 0.017138293013, -0.00825705658644, 0.000975531351287], [-6.35265751043e-005, 0.000347944383975, 0.00145436404273, 0.000171215302544, 0.000226342774113, -0.00214428640902, 0.00126340403222, -0.00190120143816, -0.000500064634252, 0.0014206499327, -0.00825705658644, 0.0206622164696, -0.00666278228164], [9.77549279924e-006, -0.000313520664349, -0.000315433193464, -0.000686769315507, -0.00105442013592, 0.00139363610651, -0.000454653199995, 0.000778020534199, 0.000575574347749, -0.000668411434162, 0.000975531351287, -0.00666278228164, 0.0166271850467]]
    },
    "spectral_contrast_coeffs": {
        "mean": [-0.589313864708, -0.723040640354, -0.765846192837, -0.760715961456, -0.760422229767, -0.760428249836],
        "var": [0.00676899030805, 0.00535144982859, 0.00359878013842, 0.00444585084915, 0.00408822484314, 0.00125244469382]
    },
    "spectral_contrast_valleys": {
        "mean": [-7.28107500076, -6.85090970993, -7.42520952225, -7.59653663635, -7.95083332062, -10.7366304398],
        "var": [1.43194890022, 1.0876172781, 0.99922811985, 1.04461479187, 1.07129693031, 1.3256226778]
    }
},
"metadata": {
    "audio_properties": {
        "analysis_sample_rate": 44100,
        "bit_rate": 110682,
        "equal_loudness": 0,
        "length": 45.0873451233,
        "lossless": 0,
        "replay_gain": -13.2326145172,
        "sample_rate": 44100,
        "codec": "mp3",
        "downmix": "mix",
        "md5_encoded": "37f36cc19d0902b8751851a7145822d8"
    },
    "tags": {
        "file_name": "357.mp3"
    },
    "version": {
        "essentia": "2.1-beta2",
        "essentia_git_sha": "v2.1_beta2",
        "extractor": "music 1.0"
    }
},
"rhythm": {
    "beats_count": 116,
    "beats_loudness": {
        "mean": 0.0380647145212,
        "var": 0.000300011888612
    },
    "bpm": 154.520294189,
    "bpm_histogram_first_peak_bpm": {
        "mean": 157,
        "var": 0
    },
    "bpm_histogram_first_peak_spread": {
        "mean": 0.277777761221,
        "var": 0
    },
    "bpm_histogram_first_peak_weight": {
        "mean": 0.452173918486,
        "var": 0
    },
    "bpm_histogram_second_peak_bpm": {
        "mean": 152,
        "var": 0
    },
    "bpm_histogram_second_peak_spread": {
        "mean": 0,
        "var": 0
    },
    "bpm_histogram_second_peak_weight": {
        "mean": 0.373913049698,
        "var": 0
    },
    "danceability": 1.34985208511,
    "onset_rate": 3.90202713013,
    "beats_loudness_band_ratio": {
        "mean": [0.355959385633, 0.219091549516, 0.129833161831, 0.129056021571, 0.157710433006, 0.0515799410641],
        "var": [0.0532279387116, 0.0304726902395, 0.0121505372226, 0.0121188852936, 0.0367176383734, 0.00246244762093]
    },
    "beats_position": [0.394739210606, 0.789478421211, 1.18421769142, 1.57895684242, 1.9620860815, 2.34521532059, 2.73995471001, 3.12308382988, 3.50621318817, 3.90095233917, 4.29569149017, 4.66721057892, 5.06195020676, 5.4334692955, 5.8282084465, 6.19972801208, 6.59446716309, 6.98920631409, 7.38394546509, 7.77868461609, 8.17342376709, 8.55655288696, 8.93968200684, 9.32281208038, 9.70594120026, 10.0890703201, 10.47219944, 10.8553285599, 11.2384576797, 11.6215867996, 12.0047159195, 12.3994560242, 12.782585144, 13.1657142639, 13.5488433838, 13.9319725037, 14.3267116547, 14.7098407745, 15.0929698944, 15.4877090454, 15.870839119, 16.2539672852, 16.6487064362, 17.0202255249, 17.391746521, 17.7632656097, 18.1347846985, 18.5063037872, 18.877822876, 19.2609519958, 19.6440811157, 20.0388202667, 20.4103393555, 20.7934684753, 21.1765975952, 21.5713367462, 21.942855835, 22.3259868622, 22.7207260132, 23.1038551331, 23.4753742218, 23.8468933105, 24.2300224304, 24.6131515503, 25.0078907013, 25.4026298523, 25.7973690033, 26.1804981232, 26.563627243, 26.958366394, 27.353105545, 27.747844696, 28.142583847, 28.537322998, 28.932062149, 29.3268013, 29.7215423584, 30.1162815094, 30.5110206604, 30.9057598114, 31.3004989624, 31.6836280823, 32.0667572021, 32.4382743835, 32.8330154419, 33.2277526855, 33.6224937439, 34.0056228638, 34.3887519836, 34.7718811035, 35.1550102234, 35.5497512817, 35.9444885254, 36.3276176453, 36.7107467651, 37.0822677612, 37.4653968811, 37.848526001, 38.2200431824, 38.5915641785, 38.9746932983, 39.3578224182, 39.7525634766, 40.1356925964, 40.5072097778, 40.8787307739, 41.2618598938, 41.6333770752, 42.0281181335, 42.4112472534, 42.7943763733, 43.1775054932, 43.5722427368, 43.9553718567, 44.3385009766, 44.7216300964]
},
"tonal": {
    "chords_changes_rate": 0.0401234552264,
    "chords_number_rate": 0.0113168722019,
    "chords_strength": {
        "mean": 0.563858985901,
        "var": 0.00835114438087
    },
    "hpcp_entropy": {
        "mean": 2.13977837563,
        "var": 0.477812618017
    },
    "key_strength": 0.845969796181,
    "tuning_diatonic_strength": 0.633049786091,
    "tuning_equal_tempered_deviation": 0.131782755256,
    "tuning_frequency": 443.828887939,
    "tuning_nontempered_energy_ratio": 0.7697032094,
    "hpcp": {
        "mean": [0.116428539157, 0.106307893991, 0.277262359858, 0.370891004801, 0.177580907941, 0.0451081618667, 0.0367851778865, 0.0569094009697, 0.132386386395, 0.162617579103, 0.0969328656793, 0.0544330626726, 0.0455208458006, 0.060969017446, 0.162674710155, 0.212959587574, 0.207144707441, 0.253036558628, 0.195152774453, 0.0964787900448, 0.100424081087, 0.106059648097, 0.127941817045, 0.305479079485, 0.351665586233, 0.175314515829, 0.0888639166951, 0.0686571076512, 0.0846975818276, 0.164014443755, 0.165054559708, 0.0976866334677, 0.0914932489395, 0.0883429422975, 0.0681649371982, 0.100910380483],
        "var": [0.0353039726615, 0.0270224045962, 0.0862253755331, 0.149678215384, 0.0420652851462, 0.00905934721231, 0.00704083777964, 0.0118460888043, 0.043064724654, 0.0615857467055, 0.0246960707009, 0.0174070596695, 0.0140244606882, 0.0150621207431, 0.0579896494746, 0.0831883251667, 0.0681034624577, 0.11367303133, 0.0849057659507, 0.0305681470782, 0.0435829646885, 0.0417769663036, 0.0403466932476, 0.112328410149, 0.135841593146, 0.0452393516898, 0.0330427624285, 0.0250637661666, 0.0258684977889, 0.0659242644906, 0.0655108168721, 0.0248457249254, 0.033328987658, 0.0384335964918, 0.0184509158134, 0.0245142374188]
    },
    "chords_histogram": [45.6790122986, 0.308641970158, 11.3168725967, 2.57201647758, 0.102880656719, 2.05761313438, 2.16049385071, 0, 2.77777767181, 0.102880656719, 0, 0, 1.02880656719, 0, 0, 0, 0, 0, 0, 0, 5.55555534363, 3.49794244766, 13.9917697906, 8.84773635864],
    "thpcp": [1, 0.478795409203, 0.121621072292, 0.0991805642843, 0.153439685702, 0.356941491365, 0.438451141119, 0.26135134697, 0.14676296711, 0.1227337569, 0.164385274053, 0.438605159521, 0.574183762074, 0.55850559473, 0.68223965168, 0.526172816753, 0.260127067566, 0.270764410496, 0.28595906496, 0.344958007336, 0.823635697365, 0.948164224625, 0.47268474102, 0.239595770836, 0.185113966465, 0.228362455964, 0.442217379808, 0.445021748543, 0.26338365674, 0.246684998274, 0.238191112876, 0.183786973357, 0.272075563669, 0.313915789127, 0.286628395319, 0.747557520866],
    "chords_key": "A#",
    "chords_scale": "major",
    "key_key": "A#",
    "key_scale": "major"
}
}