{
"lowlevel": {
    "average_loudness": 0.893383264542,
    "barkbands_crest": {
        "mean": 8.90824794769,
        "var": 10.6839313507
    },
    "barkbands_flatness_db": {
        "mean": 0.152422219515,
        "var": 0.0013203562703
    },
    "barkbands_kurtosis": {
        "mean": 1.67772936821,
        "var": 10.958946228
    },
    "barkbands_skewness": {
        "mean": 1.02391469479,
        "var": 0.774194419384
    },
    "barkbands_spread": {
        "mean": 19.1320095062,
        "var": 153.826263428
    },
    "dissonance": {
        "mean": 0.445602297783,
        "var": 0.00142372678965
    },
    "dynamic_complexity": 3.29903173447,
    "erbbands_crest": {
        "mean": 8.99799156189,
        "var": 12.2291641235
    },
    "erbbands_flatness_db": {
        "mean": 0.20806594193,
        "var": 0.00161187665071
    },
    "erbbands_kurtosis": {
        "mean": 0.434869498014,
        "var": 5.55170440674
    },
    "erbbands_skewness": {
        "mean": 0.172055318952,
        "var": 0.745747506618
    },
    "erbbands_spread": {
        "mean": 31.0549736023,
        "var": 225.062683105
    },
    "hfc": {
        "mean": 14.9564657211,
        "var": 326.690307617
    },
    "melbands_crest": {
        "mean": 11.8588027954,
        "var": 17.882270813
    },
    "melbands_flatness_db": {
        "mean": 0.195455536246,
        "var": 0.00281776441261
    },
    "melbands_kurtosis": {
        "mean": 4.6688580513,
        "var": 24.4950275421
    },
    "melbands_skewness": {
        "mean": 1.70410525799,
        "var": 0.817869663239
    },
    "melbands_spread": {
        "mean": 28.3484954834,
        "var": 782.450256348
    },
    "pitch_salience": {
        "mean": 0.629802405834,
        "var": 0.00765526434407
    },
    "silence_rate_20dB": {
        "mean": 1,
        "var": 0
    },
    "silence_rate_30dB": {
        "mean": 0.999485075474,
        "var": 0.000514646992087
    },
    "silence_rate_60dB": {
        "mean": 0.104531407356,
        "var": 0.0936034470797
    },
    "spectral_centroid": {
        "mean": 1422.44543457,
        "var": 781204.5
    },
    "spectral_complexity": {
        "mean": 16.2651901245,
        "var": 58.1938705444
    },
    "spectral_decrease": {
        "mean": -3.58049612181e-009,
        "var": 1.30560980202e-017
    },
    "spectral_energy": {
        "mean": 0.0148702105507,
        "var": 0.000224827628699
    },
    "spectral_energyband_high": {
        "mean": 0.000468496145913,
        "var": 1.83271890819e-006
    },
    "spectral_energyband_low": {
        "mean": 0.000839992542751,
        "var": 2.10481061913e-006
    },
    "spectral_energyband_middle_high": {
        "mean": 0.00489499839023,
        "var": 6.51748487144e-005
    },
    "spectral_energyband_middle_low": {
        "mean": 0.0093022659421,
        "var": 8.11518984847e-005
    },
    "spectral_entropy": {
        "mean": 7.30930280685,
        "var": 0.178875088692
    },
    "spectral_flux": {
        "mean": 0.0558510534465,
        "var": 0.00128653878346
    },
    "spectral_kurtosis": {
        "mean": 6.13727378845,
        "var": 20.6669311523
    },
    "spectral_rms": {
        "mean": 0.00343622430228,
        "var": 2.69990346169e-006
    },
    "spectral_rolloff": {
        "mean": 1910.2557373,
        "var": 3053079.75
    },
    "spectral_skewness": {
        "mean": 1.51645374298,
        "var": 0.529949486256
    },
    "spectral_spread": {
        "mean": 3360087.5,
        "var": 3.38614078669e+012
    },
    "spectral_strongpeak": {
        "mean": 1.08595132828,
        "var": 1.31721115112
    },
    "zerocrossingrate": {
        "mean": 0.063224375248,
        "var": 0.0023100876715
    },
    "barkbands": {
        "mean": [1.97041645151e-005, 4.68205835205e-005, 0.000293770426651, 0.00107635615859, 0.00162221572828, 0.00199995422736, 0.000931579503231, 0.00168938445859, 0.00171279942151, 0.00116722565144, 0.000655789626762, 0.0005032705958, 0.000539791944902, 0.000438823888544, 0.000330993032549, 0.000146945982124, 0.00042079758714, 0.000244648690568, 0.000399927579565, 0.000226279182243, 0.000105569139123, 0.000131745342514, 0.000121113640489, 3.45002117683e-005, 9.23906191019e-006, 9.29527061544e-007, 4.3151839435e-008],
        "var": [7.34717318096e-008, 1.05407629292e-007, 2.9175095051e-007, 2.3989005058e-006, 3.80225719709e-006, 8.11595509731e-006, 4.10973552789e-006, 1.25290698634e-005, 1.62705600815e-005, 1.79845337698e-005, 2.61947366198e-006, 1.20899596823e-006, 2.13041744246e-006, 1.73859677943e-006, 6.75678279549e-007, 9.02639172295e-008, 7.5152553336e-007, 2.9475668839e-007, 1.3305310631e-006, 2.88115870717e-007, 9.76478276016e-008, 1.99227514486e-007, 2.089557114e-007, 1.79139405532e-008, 2.18523932283e-009, 6.13450306178e-012, 2.07663531316e-015]
    },
    "erbbands": {
        "mean": [0.00132666598074, 0.0150030674413, 0.251406133175, 2.14715719223, 4.9457821846, 5.01673650742, 10.3609580994, 17.6782360077, 12.5589723587, 25.3386898041, 32.4342041016, 39.1505470276, 38.9848899841, 30.5593299866, 29.3704414368, 22.8294830322, 24.9930496216, 25.7624778748, 20.0775947571, 11.2911367416, 10.6719799042, 23.5030918121, 16.7847366333, 12.9647579193, 22.8337535858, 9.68098926544, 4.23036670685, 4.76719045639, 4.76859855652, 4.23951435089, 3.21208238602, 1.32746386528, 0.35794043541, 0.152648046613, 0.0381529666483, 0.00684151239693, 0.00141824269667, 0.000221754598897, 1.52312932187e-005, 1.88495232578e-005],
        "var": [0.000309247610858, 0.00283297384158, 0.16948787868, 9.83411216736, 52.892326355, 31.853729248, 180.87109375, 829.504516602, 570.407958984, 3593.44726563, 3250.94995117, 8289.60742188, 14665.3984375, 7489.94482422, 5403.50976563, 1967.57958984, 2507.67651367, 6114.87109375, 2114.91210938, 588.004394531, 434.311126709, 2287.90673828, 1264.97741699, 1026.90380859, 3822.15991211, 546.941894531, 125.144622803, 224.834564209, 237.142303467, 278.082183838, 151.355819702, 26.8190383911, 1.94855260849, 0.546165287495, 0.0464979782701, 0.000763861287851, 8.27956318972e-006, 7.12379701895e-008, 2.23746507433e-010, 3.48353706991e-010]
    },
    "gfcc": {
        "mean": [-55.3798904419, 108.417900085, -153.392501831, 14.51055336, -74.5691680908, -10.8165512085, -42.3599739075, -9.13047409058, -33.8311882019, -10.4355688095, -18.4487457275, -7.20656251907, -17.2323722839],
        "cov": [[5095.40576172, 315.550384521, -1114.37353516, 237.62336731, -370.194396973, -124.499107361, -35.7906227112, -103.829879761, 32.5300292969, -180.50579834, 18.3029766083, -252.079147339, -74.5686950684], [315.550384521, 1066.85827637, -121.734107971, -528.906616211, 395.617340088, -238.495895386, 73.7256774902, 55.2373580933, -82.1931762695, -15.4919834137, -35.3624534607, -55.8061561584, -47.5205001831], [-1114.37353516, -121.734107971, 666.120483398, 7.03964996338, -34.8107337952, 231.765213013, -27.3564834595, -34.6554412842, -39.621131897, 88.1168899536, -46.5383605957, 96.9994354248, 16.9687614441], [237.62336731, -528.906616211, 7.03964996338, 686.063415527, -186.491638184, 76.6061325073, -78.6564483643, -117.947853088, 87.3179321289, -36.7701187134, 43.9791107178, 27.4718875885, 39.1698074341], [-370.194396973, 395.617340088, -34.8107337952, -186.491638184, 393.93145752, -153.848068237, -5.00840711594, 71.4029693604, -45.1553459167, 1.60091912746, -23.0213451385, 5.78239870071, -30.6188755035], [-124.499107361, -238.495895386, 231.765213013, 76.6061325073, -153.848068237, 350.412475586, 29.9498519897, -72.2032318115, -2.88792800903, 45.6458511353, -34.2499313354, -13.6803684235, 31.1450710297], [-35.7906227112, 73.7256774902, -27.3564834595, -78.6564483643, -5.00840711594, 29.9498519897, 174.038101196, 31.9747619629, -33.4089775085, -8.56531143188, -10.3611326218, -25.802154541, -12.6464691162], [-103.829879761, 55.2373580933, -34.6554412842, -117.947853088, 71.4029693604, -72.2032318115, 31.9747619629, 149.61114502, -4.31606149673, -16.4296131134, 5.62919521332, -19.6773719788, -23.3295249939], [32.5300292969, -82.1931762695, -39.621131897, 87.3179321289, -45.1553459167, -2.88792800903, -33.4089775085, -4.31606149673, 107.366195679, 10.9109554291, 3.7578599453, -19.3599796295, 10.0061006546], [-180.50579834, -15.4919834137, 88.1168899536, -36.7701187134, 1.60091912746, 45.6458511353, -8.56531143188, -16.4296131134, 10.9109554291, 112.132469177, -9.72493267059, 9.10393333435, 7.44779777527], [18.3029766083, -35.3624534607, -46.5383605957, 43.9791107178, -23.0213451385, -34.2499313354, -10.3611326218, 5.62919521332, 3.7578599453, -9.72493267059, 95.5094528198, 22.9589881897, 0.179510459304], [-252.079147339, -55.8061561584, 96.9994354248, 27.4718875885, 5.78239870071, -13.6803684235, -25.802154541, -19.6773719788, -19.3599796295, 9.10393333435, 22.9589881897, 119.171981812, 20.3852500916], [-74.5686950684, -47.5205001831, 16.9687614441, 39.1698074341, -30.6188755035, 31.1450710297, -12.6464691162, -23.3295249939, 10.0061006546, 7.44779777527, 0.179510459304, 20.3852500916, 75.8499679565]],
        "icov": [[0.000741063791793, -0.00122774066404, 0.00163714995142, -0.000908428104594, 0.00168669142295, -0.000955088878982, 0.00113331805915, -0.000794594932813, 0.0010149354348, -0.000290470110485, 0.000871185853612, -0.000372040522052, 0.00107239698991], [-0.00122774066404, 0.00500068813562, -0.00319421570748, 0.00345218344592, -0.0049133002758, 0.00311606796458, -0.00292258919217, 0.00391899375245, -0.00193559215404, 0.0014652418904, -0.00204834900796, 0.0025116733741, -0.00224569416605], [0.00163714995142, -0.00319421570748, 0.00657610828057, -0.00241765659302, 0.00390590424649, -0.00443661073223, 0.00340973772109, -0.00306982151233, 0.00301869539544, -0.00211661029607, 0.00330379744992, -0.00383426132612, 0.00324067077599], [-0.000908428104594, 0.00345218344592, -0.00241765659302, 0.00464102532715, -0.00298051163554, 0.00194757035933, -0.00163240230177, 0.00404958100989, -0.00303336977959, 0.00226215529256, -0.00227143638767, 0.00135574152227, -0.0017965195002], [0.00168669142295, -0.0049133002758, 0.00390590424649, -0.00298051163554, 0.00913617480546, -0.00164591800421, 0.00380111462437, -0.00446890573949, 0.0037623886019, -0.00191490817815, 0.00361304963008, -0.00225081550889, 0.00315655162558], [-0.000955088878982, 0.00311606796458, -0.00443661073223, 0.00194757035933, -0.00164591800421, 0.00788841955364, -0.0033127355855, 0.00404851837084, -0.000831804703921, 5.92067881371e-005, -0.00083020166494, 0.00410690531135, -0.00320843677036], [0.00113331805915, -0.00292258919217, 0.00340973772109, -0.00163240230177, 0.00380111462437, -0.0033127355855, 0.00930434651673, -0.00378430983983, 0.00391680793837, -0.000655077339616, 0.00200540968217, -0.00064963469049, 0.00236283708364], [-0.000794594932813, 0.00391899375245, -0.00306982151233, 0.00404958100989, -0.00446890573949, 0.00404851837084, -0.00378430983983, 0.0127613972872, -0.0030613723211, 0.00278503354639, -0.00302722118795, 0.00369158340618, -0.000757219444495], [0.0010149354348, -0.00193559215404, 0.00301869539544, -0.00303336977959, 0.0037623886019, -0.000831804703921, 0.00391680793837, -0.0030613723211, 0.0143184615299, -0.00325103080831, 0.00186044862494, 0.00172730325721, 0.000209766934859], [-0.000290470110485, 0.0014652418904, -0.00211661029607, 0.00226215529256, -0.00191490817815, 5.92067881371e-005, -0.000655077339616, 0.00278503354639, -0.00325103080831, 0.0116650508717, -0.000984662212431, 0.000631613889709, -0.000996147748083], [0.000871185853612, -0.00204834900796, 0.00330379744992, -0.00227143638767, 0.00361304963008, -0.00083020166494, 0.00200540968217, -0.00302722118795, 0.00186044862494, -0.000984662212431, 0.0140301110223, -0.00431800214574, 0.0021882627625], [-0.000372040522052, 0.0025116733741, -0.00383426132612, 0.00135574152227, -0.00225081550889, 0.00410690531135, -0.00064963469049, 0.00369158340618, 0.00172730325721, 0.000631613889709, -0.00431800214574, 0.0144493188709, -0.0043653761968], [0.00107239698991, -0.00224569416605, 0.00324067077599, -0.0017965195002, 0.00315655162558, -0.00320843677036, 0.00236283708364, -0.000757219444495, 0.000209766934859, -0.000996147748083, 0.0021882627625, -0.0043653761968, 0.0170249193907]]
    },
    "melbands": {
        "mean": [1.28454339574e-005, 8.67321505211e-005, 0.0004611981567, 0.000365003419574, 0.000335898366757, 0.000384879764169, 0.000190837221453, 0.000303683424136, 0.000246524810791, 0.000259161897702, 0.000198947978788, 0.000129860403831, 9.83857971733e-005, 5.77331666136e-005, 5.78085237066e-005, 5.50588993065e-005, 4.69967235404e-005, 3.25132314174e-005, 2.16921962419e-005, 1.00014267446e-005, 1.30835514938e-005, 2.38923166762e-005, 2.36228879658e-005, 9.12337327463e-006, 9.86179657048e-006, 1.72337640834e-005, 1.40755455504e-005, 4.6619902605e-006, 2.49196364166e-006, 2.64056393462e-006, 2.78925767816e-006, 2.82879409497e-006, 2.31840112974e-006, 2.35668267123e-006, 1.83035081136e-006, 1.54161375576e-006, 5.1992248018e-007, 2.46636687962e-007, 1.76548340391e-007, 1.10847729218e-007],
        "var": [1.72397864873e-008, 2.51389238315e-008, 3.59864600341e-007, 2.01760386176e-007, 1.57009864665e-007, 3.60585687531e-007, 1.54013932274e-007, 5.41653491837e-007, 1.90997383243e-007, 3.91340762462e-007, 4.02307080094e-007, 1.66553746794e-007, 6.04175411922e-008, 1.56022323949e-008, 1.39066740346e-008, 2.38298252242e-008, 2.28862262475e-008, 5.89262194595e-009, 2.82476553259e-009, 4.12722495069e-010, 8.1402395935e-010, 2.42227460312e-009, 3.01338420883e-009, 3.07975145386e-010, 6.6997563053e-010, 2.85858225979e-009, 1.21225285366e-009, 2.12446990555e-010, 5.02634288357e-011, 7.34386301771e-011, 8.08505623562e-011, 8.8323272307e-011, 8.11103129106e-011, 8.50030532074e-011, 4.79330949932e-011, 3.96904037414e-011, 4.49480947254e-012, 9.38205784763e-013, 7.32697973474e-013, 3.10468068355e-013]
    },
    "mfcc": {
        "mean": [-686.183227539, 137.862747192, -29.419128418, 15.4843559265, -20.4804821014, -7.12431573868, -11.9390964508, -5.61096954346, -17.4786243439, -9.751121521, -7.37495994568, -10.1602783203, -8.00652217865],
        "cov": [[3789.7421875, -412.248962402, -564.074279785, 179.127746582, -294.853149414, -20.7217445374, -167.469970703, 30.3145065308, -115.699615479, 86.3976974487, 45.2165679932, -35.6891517639, -66.9281387329], [-412.248962402, 1820.03442383, -588.991943359, -213.299911499, 112.170158386, -291.956848145, 190.603057861, -38.5927505493, 42.7975158691, -16.7176513672, 102.644340515, -96.9286575317, -61.4160346985], [-564.074279785, -588.991943359, 818.473022461, -79.4798126221, -29.8290271759, 296.280212402, -11.8581638336, -21.8703212738, 44.7846794128, -28.2433071136, -56.2290229797, 93.5885238647, 7.78187894821], [179.127746582, -213.299911499, -79.4798126221, 396.230651855, 65.2135543823, -15.7569541931, -80.1655960083, 24.6782169342, -53.7380256653, -35.3029441833, -32.6167831421, 24.003944397, 50.7140731812], [-294.853149414, 112.170158386, -29.8290271759, 65.2135543823, 255.781906128, -16.6823139191, -32.2414054871, -13.6384658813, -10.0439834595, -10.2208967209, -13.9672679901, -0.143379956484, 7.10812330246], [-20.7217445374, -291.956848145, 296.280212402, -15.7569541931, -16.6823139191, 319.81463623, 13.735162735, -53.5269546509, 55.2014732361, -24.4031600952, -35.9267082214, 72.8060760498, -26.1160144806], [-167.469970703, 190.603057861, -11.8581638336, -80.1655960083, -32.2414054871, 13.735162735, 186.034591675, 25.3809432983, 23.188287735, 4.68715572357, 25.9781398773, -4.67953586578, -12.703997612], [30.3145065308, -38.5927505493, -21.8703212738, 24.6782169342, -13.6384658813, -53.5269546509, 25.3809432983, 132.109237671, -26.4271278381, -1.42244708538, -2.1744260788, -17.3490810394, 18.1359825134], [-115.699615479, 42.7975158691, 44.7846794128, -53.7380256653, -10.0439834595, 55.2014732361, 23.188287735, -26.4271278381, 136.445877075, 29.0236358643, -1.12645053864, 15.5905208588, -29.2275981903], [86.3976974487, -16.7176513672, -28.2433071136, -35.3029441833, -10.2208967209, -24.4031600952, 4.68715572357, -1.42244708538, 29.0236358643, 111.253158569, 31.8374061584, -14.8561468124, -8.23926067352], [45.2165679932, 102.644340515, -56.2290229797, -32.6167831421, -13.9672679901, -35.9267082214, 25.9781398773, -2.1744260788, -1.12645053864, 31.8374061584, 95.6446456909, -6.62379169464, -10.4060707092], [-35.6891517639, -96.9286575317, 93.5885238647, 24.003944397, -0.143379956484, 72.8060760498, -4.67953586578, -17.3490810394, 15.5905208588, -14.8561468124, -6.62379169464, 113.384056091, 18.089214325], [-66.9281387329, -61.4160346985, 7.78187894821, 50.7140731812, 7.10812330246, -26.1160144806, -12.703997612, 18.1359825134, -29.2275981903, -8.23926067352, -10.4060707092, 18.089214325, 89.4210968018]],
        "icov": [[0.00044819508912, 0.000111814253614, 0.000522554910276, -8.06144744274e-005, 0.000552625569981, -0.000426713959314, 0.000432528642705, -0.000160969677381, 0.000433296576375, -0.000354224757757, -8.67537746672e-005, -9.34566414799e-005, 0.000455835688626], [0.000111814253614, 0.00118809635751, 0.000746389094274, 0.000551400880795, -0.000508185476065, 0.000646240310743, -0.000913003575988, 0.000592372904066, -0.000458912458271, 0.00090312800603, -0.000534351624083, 4.77603425679e-005, 0.000362674531061], [0.000522554910276, 0.000746389094274, 0.00299395807087, 0.000851966091432, 0.000333448726451, -0.00197889260016, 0.000461490853922, -0.000442586839199, 0.000256084778812, 0.000129304040456, 8.27313051559e-005, -0.000631104630884, -5.62021123187e-005], [-8.06144744274e-005, 0.000551400880795, 0.000851966091432, 0.00372919440269, -0.00103165628389, -0.00017411664885, 0.000725305988453, -0.00053094595205, 0.000304413901176, 0.00103447935544, 0.000268492090981, -0.000676168536302, -0.00126600661315], [0.000552625569981, -0.000508185476065, 0.000333448726451, -0.00103165628389, 0.00522894691676, -0.000640469312202, 0.0014026358258, 7.0853267971e-005, 0.000829070108011, -0.000832809542771, 0.000605305714998, -9.61638434092e-005, 0.000486999837449], [-0.000426713959314, 0.000646240310743, -0.00197889260016, -0.00017411664885, -0.000640469312202, 0.00710724946111, -0.00208832416683, 0.00237057590857, -0.00179501483217, 0.00153849087656, 0.00100996310357, -0.00198224140331, 0.00181815912947], [0.000432528642705, -0.000913003575988, 0.000461490853922, 0.000725305988453, 0.0014026358258, -0.00208832416683, 0.00802237726748, -0.00271542463452, -7.12978944648e-005, -0.000417104834924, -0.00139153574128, -4.6630797442e-005, -2.54423007107e-008], [-0.000160969677381, 0.000592372904066, -0.000442586839199, -0.00053094595205, 7.0853267971e-005, 0.00237057590857, -0.00271542463452, 0.00968104228377, 0.000618036661763, 0.00039383067633, 0.00069980265107, 0.000932550348807, -0.000905441003852], [0.000433296576375, -0.000458912458271, 0.000256084778812, 0.000304413901176, 0.000829070108011, -0.00179501483217, -7.12978944648e-005, 0.000618036661763, 0.0103273391724, -0.00369860720821, 0.00155406515114, -0.00151686812751, 0.00261099706404], [-0.000354224757757, 0.00090312800603, 0.000129304040456, 0.00103447935544, -0.000832809542771, 0.00153849087656, -0.000417104834924, 0.00039383067633, -0.00369860720821, 0.0122584765777, -0.00389653304592, 0.00138440029696, -0.000679295277223], [-8.67537746672e-005, -0.000534351624083, 8.27313051559e-005, 0.000268492090981, 0.000605305714998, 0.00100996310357, -0.00139153574128, 0.00069980265107, 0.00155406515114, -0.00389653304592, 0.0134348906577, -0.00135446619242, 0.00130218139384], [-9.34566414799e-005, 4.77603425679e-005, -0.000631104630884, -0.000676168536302, -9.61638434092e-005, -0.00198224140331, -4.6630797442e-005, 0.000932550348807, -0.00151686812751, 0.00138440029696, -0.00135446619242, 0.0117405420169, -0.00326666561887], [0.000455835688626, 0.000362674531061, -5.62021123187e-005, -0.00126600661315, 0.000486999837449, 0.00181815912947, -2.54423007107e-008, -0.000905441003852, 0.00261099706404, -0.000679295277223, 0.00130218139384, -0.00326666561887, 0.0147753097117]]
    },
    "spectral_contrast_coeffs": {
        "mean": [-0.524009764194, -0.671597898006, -0.727612316608, -0.756488382816, -0.749306917191, -0.721313297749],
        "var": [0.00566991558298, 0.00567260524258, 0.00602497160435, 0.00254282262176, 0.00451833428815, 0.00343786505982]
    },
    "spectral_contrast_valleys": {
        "mean": [-8.97079849243, -7.16528463364, -7.61830806732, -8.08760452271, -8.11719226837, -11.3973302841],
        "var": [1.10155427456, 1.1995549202, 1.13327991962, 1.1426012516, 1.1743812561, 1.12066805363]
    }
},
"metadata": {
    "audio_properties": {
        "analysis_sample_rate": 44100,
        "bit_rate": 111492,
        "equal_loudness": 0,
        "length": 45.0612258911,
        "lossless": 0,
        "replay_gain": -7.73822593689,
        "sample_rate": 44100,
        "codec": "mp3",
        "downmix": "mix",
        "md5_encoded": "a605aa4c314003efb198dac0f6a03a57"
    },
    "tags": {
        "file_name": "358.mp3"
    },
    "version": {
        "essentia": "2.1-beta2",
        "essentia_git_sha": "v2.1_beta2",
        "extractor": "music 1.0"
    }
},
"rhythm": {
    "beats_count": 84,
    "beats_loudness": {
        "mean": 0.024165507406,
        "var": 0.000428998610005
    },
    "bpm": 116.323425293,
    "bpm_histogram_first_peak_bpm": {
        "mean": 117,
        "var": 0
    },
    "bpm_histogram_first_peak_spread": {
        "mean": 0.471698075533,
        "var": 0
    },
    "bpm_histogram_first_peak_weight": {
        "mean": 0.337349385023,
        "var": 0
    },
    "bpm_histogram_second_peak_bpm": {
        "mean": 112,
        "var": 0
    },
    "bpm_histogram_second_peak_spread": {
        "mean": 0.15789476037,
        "var": 0
    },
    "bpm_histogram_second_peak_weight": {
        "mean": 0.192771077156,
        "var": 0
    },
    "danceability": 1.2254999876,
    "onset_rate": 3.77094459534,
    "beats_loudness_band_ratio": {
        "mean": [0.15994361043, 0.270583629608, 0.271478652954, 0.157528027892, 0.0970703437924, 0.106306530535],
        "var": [0.013400554657, 0.0241619944572, 0.0291195902973, 0.0204882901162, 0.00665631797165, 0.0274836253375]
    },
    "beats_position": [0.580498874187, 1.17260766029, 1.77632653713, 2.38004541397, 2.9837641716, 3.58748292923, 4.17959165573, 4.74848079681, 5.31736946106, 5.89786815643, 6.46675729752, 7.03564596176, 7.56970500946, 8.10376358032, 8.64943313599, 9.18349170685, 9.71755123138, 10.2399997711, 10.774058342, 11.3081178665, 11.8305664063, 12.3646259308, 12.8986845016, 13.4211339951, 13.9551925659, 14.4892511368, 15.0349206924, 15.5805892944, 16.114648819, 16.637096405, 17.1711559296, 17.693605423, 18.2276649475, 18.7617225647, 19.2957820892, 19.8298416138, 20.3522891998, 20.8747386932, 21.3855781555, 21.9080276489, 22.4188652039, 22.9413146973, 23.4637641907, 23.9862117767, 24.497051239, 25.0195007324, 25.5419502258, 26.0527877808, 26.5752372742, 27.0976867676, 27.6085262299, 28.1193637848, 28.6418132782, 29.1526527405, 29.6751022339, 30.1975498199, 30.7083892822, 31.2192287445, 31.7416782379, 32.264125824, 32.7749671936, 33.2974128723, 33.8082542419, 34.3190917969, 34.8299331665, 35.3523788452, 35.8516082764, 36.362449646, 36.8732872009, 37.3841247559, 37.8949661255, 38.4058036804, 38.91664505, 39.427482605, 39.9383201599, 40.4491615295, 40.9716110229, 41.4824485779, 42.0048980713, 42.5157356262, 43.0265769958, 43.5374145508, 44.0482521057, 44.5590934753]
},
"tonal": {
    "chords_changes_rate": 0.031893003732,
    "chords_number_rate": 0.00720164598897,
    "chords_strength": {
        "mean": 0.600092172623,
        "var": 0.0076639954932
    },
    "hpcp_entropy": {
        "mean": 1.84523427486,
        "var": 0.510491907597
    },
    "key_strength": 0.670117676258,
    "tuning_diatonic_strength": 0.49101293087,
    "tuning_equal_tempered_deviation": 0.0577478967607,
    "tuning_frequency": 440.254241943,
    "tuning_nontempered_energy_ratio": 0.67586940527,
    "hpcp": {
        "mean": [0.312546104193, 0.197590649128, 0.0889779999852, 0.0752682760358, 0.0638379976153, 0.115523941815, 0.182250142097, 0.139525800943, 0.155516520143, 0.241796001792, 0.168335095048, 0.0732569471002, 0.0648686215281, 0.0632515177131, 0.168425396085, 0.289878308773, 0.219531670213, 0.117883577943, 0.0896859169006, 0.0979624018073, 0.202128127217, 0.308700233698, 0.244311273098, 0.194660931826, 0.241994038224, 0.175550848246, 0.11740860343, 0.110441111028, 0.0783780291677, 0.130686864257, 0.200048267841, 0.142110809684, 0.0690588653088, 0.0618665441871, 0.0772868469357, 0.208635374904],
        "var": [0.0953692272305, 0.0435804463923, 0.0240495018661, 0.0208599995822, 0.0163027532399, 0.0244369786233, 0.056425627321, 0.0324594713748, 0.0472015216947, 0.0934600383043, 0.056009657681, 0.0221636313945, 0.0172897838056, 0.0164828579873, 0.0470380447805, 0.141583383083, 0.073126912117, 0.0331992693245, 0.0235944725573, 0.0330008119345, 0.0685711801052, 0.123474389315, 0.0813841149211, 0.0696316063404, 0.123284906149, 0.0766855254769, 0.0364344865084, 0.042418282479, 0.0209606532007, 0.0335972011089, 0.0774802565575, 0.0451488047838, 0.018191056326, 0.0154872434214, 0.0196699686348, 0.052108310163]
    },
    "chords_histogram": [32.3045272827, 0.308641970158, 2.57201647758, 24.6913585663, 1.23456788063, 0, 0, 4.32098770142, 0, 0, 0, 0, 0, 0, 0, 0, 0, 0, 0, 0, 0, 0, 6.17283964157, 28.3950614929],
    "thpcp": [1, 0.632196784019, 0.28468760848, 0.240822955966, 0.20425145328, 0.369622081518, 0.58311444521, 0.446416705847, 0.497579455376, 0.77363306284, 0.538592815399, 0.234387651086, 0.207548961043, 0.202374994755, 0.538881778717, 0.927473783493, 0.702397704124, 0.377171814442, 0.286952584982, 0.31343343854, 0.646714568138, 0.987695038319, 0.781680762768, 0.622823119164, 0.774266719818, 0.561679840088, 0.375652104616, 0.353359431028, 0.250772684813, 0.418136268854, 0.640060007572, 0.45468750596, 0.220955774188, 0.197943732142, 0.247281432152, 0.667534708977],
    "chords_key": "A",
    "chords_scale": "minor",
    "key_key": "A",
    "key_scale": "minor"
}
}