{
"lowlevel": {
    "average_loudness": 0.346637040377,
    "barkbands_crest": {
        "mean": 15.3580379486,
        "var": 24.0078086853
    },
    "barkbands_flatness_db": {
        "mean": 0.278420805931,
        "var": 0.00451951147988
    },
    "barkbands_kurtosis": {
        "mean": 32.2148513794,
        "var": 869.167175293
    },
    "barkbands_skewness": {
        "mean": 3.72951078415,
        "var": 3.6190366745
    },
    "barkbands_spread": {
        "mean": 5.41641950607,
        "var": 96.8485794067
    },
    "dissonance": {
        "mean": 0.440424144268,
        "var": 0.00135422195308
    },
    "dynamic_complexity": 4.20940494537,
    "erbbands_crest": {
        "mean": 9.91940784454,
        "var": 11.726398468
    },
    "erbbands_flatness_db": {
        "mean": 0.173727974296,
        "var": 0.00130535883363
    },
    "erbbands_kurtosis": {
        "mean": 4.75712966919,
        "var": 25.7257766724
    },
    "erbbands_skewness": {
        "mean": 1.74126887321,
        "var": 0.968457341194
    },
    "erbbands_spread": {
        "mean": 30.2080745697,
        "var": 208.114761353
    },
    "hfc": {
        "mean": 8.12863922119,
        "var": 348.01953125
    },
    "melbands_crest": {
        "mean": 19.0056781769,
        "var": 21.8372535706
    },
    "melbands_flatness_db": {
        "mean": 0.376490473747,
        "var": 0.00769469933584
    },
    "melbands_kurtosis": {
        "mean": 47.3973731995,
        "var": 1449.71679688
    },
    "melbands_skewness": {
        "mean": 4.0601568222,
        "var": 2.97593450546
    },
    "melbands_spread": {
        "mean": 5.32215547562,
        "var": 183.349578857
    },
    "pitch_salience": {
        "mean": 0.434286445379,
        "var": 0.0144638922065
    },
    "silence_rate_20dB": {
        "mean": 0.993824005127,
        "var": 0.00613787630573
    },
    "silence_rate_30dB": {
        "mean": 0.889861047268,
        "var": 0.0980086103082
    },
    "silence_rate_60dB": {
        "mean": 0.0226453933865,
        "var": 0.0221322830766
    },
    "spectral_centroid": {
        "mean": 457.026153564,
        "var": 433707.0625
    },
    "spectral_complexity": {
        "mean": 7.70509529114,
        "var": 65.0037994385
    },
    "spectral_decrease": {
        "mean": -1.11380664691e-008,
        "var": 2.90707372031e-016
    },
    "spectral_energy": {
        "mean": 0.0427748821676,
        "var": 0.00423905765638
    },
    "spectral_energyband_high": {
        "mean": 0.000290262105409,
        "var": 3.19048490383e-006
    },
    "spectral_energyband_low": {
        "mean": 0.0332346186042,
        "var": 0.00288553070277
    },
    "spectral_energyband_middle_high": {
        "mean": 0.000738266156986,
        "var": 6.9072207225e-006
    },
    "spectral_energyband_middle_low": {
        "mean": 0.00955749955028,
        "var": 0.000322425359627
    },
    "spectral_entropy": {
        "mean": 6.75045537949,
        "var": 0.297186970711
    },
    "spectral_flux": {
        "mean": 0.0477169714868,
        "var": 0.00472545390949
    },
    "spectral_kurtosis": {
        "mean": 8.16951370239,
        "var": 56.846534729
    },
    "spectral_rms": {
        "mean": 0.00542028574273,
        "var": 1.23520931083e-005
    },
    "spectral_rolloff": {
        "mean": 389.115814209,
        "var": 1214118.375
    },
    "spectral_skewness": {
        "mean": 2.2328248024,
        "var": 0.758562266827
    },
    "spectral_spread": {
        "mean": 4099867.25,
        "var": 3.26946625946e+012
    },
    "spectral_strongpeak": {
        "mean": 0.380986243486,
        "var": 0.0904341563582
    },
    "zerocrossingrate": {
        "mean": 0.0170843154192,
        "var": 0.000812684651464
    },
    "barkbands": {
        "mean": [0.000302227708744, 0.0260881427675, 0.00582076748833, 0.0020163950976, 0.00470275105909, 0.00202210410498, 0.000436847214587, 0.000224438321311, 0.000106896499346, 9.78850366664e-005, 8.53087403812e-005, 7.10734020686e-005, 8.73197932378e-005, 4.88989717269e-005, 5.24762726855e-005, 3.18042948493e-005, 5.39223510714e-005, 0.000119244374218, 9.36985161388e-005, 6.72236492392e-005, 7.96054155217e-005, 6.89757507644e-005, 4.15238791902e-005, 3.68101755157e-005, 1.77482797881e-005, 9.01693908872e-007, 2.70376698808e-008],
        "var": [5.82171253427e-007, 0.00180143793114, 0.000126159211504, 6.7990316893e-005, 5.10053396283e-005, 3.18442398566e-005, 1.08305016511e-006, 2.65898108864e-007, 5.38037134845e-008, 4.52642581195e-008, 5.56785195727e-008, 2.60584158696e-008, 7.09553873435e-008, 2.44474573918e-008, 5.49120358073e-008, 1.65188627221e-008, 6.40046309286e-008, 5.14368537097e-007, 2.67189761871e-007, 1.62157704153e-007, 2.28887387266e-007, 1.97183908313e-007, 6.76980036474e-008, 5.08634876439e-008, 1.07435731422e-008, 1.0385737409e-011, 1.12472100996e-014]
    },
    "erbbands": {
        "mean": [0.758555412292, 5.80223989487, 7.60885095596, 6.98297214508, 12.9016199112, 14.0592470169, 14.6786680222, 16.2683448792, 10.5015878677, 4.23771238327, 4.92280817032, 2.37089014053, 3.49718904495, 2.92917156219, 3.32120513916, 3.51721096039, 4.13366222382, 3.07314515114, 2.29874491692, 2.46746301651, 2.34818935394, 3.04426455498, 6.39710044861, 5.25624752045, 3.94426226616, 3.30079126358, 3.74639153481, 2.76567816734, 2.3545024395, 1.57247197628, 1.48033607006, 0.832822561264, 0.563111424446, 0.294527053833, 0.0721941441298, 0.00750273652375, 0.00133557920344, 0.00018366133736, 2.5289491532e-005, 4.75563028886e-005],
        "var": [1.74166476727, 88.042137146, 168.977859497, 451.026123047, 911.815124512, 402.411437988, 693.507568359, 2239.34863281, 655.758789063, 80.7733917236, 95.5730361938, 20.6120414734, 52.6703300476, 63.606010437, 65.8398895264, 65.4114227295, 132.398773193, 103.84336853, 84.8860702515, 103.066062927, 103.203109741, 230.344940186, 1534.51477051, 798.639099121, 491.463623047, 403.426574707, 523.066833496, 288.889465332, 227.378356934, 97.3243484497, 90.1485061646, 27.5968112946, 11.1383914948, 2.94807553291, 0.176387026906, 0.000747440964915, 3.44130894518e-005, 6.21988078819e-007, 1.69017744245e-009, 5.07506214831e-009]
    },
    "gfcc": {
        "mean": [-102.455917358, 141.264007568, -62.5018043518, 56.5268363953, -49.1093177795, 15.4454555511, -31.2229709625, 1.01756381989, -17.7616729736, -1.31233859062, -3.11811113358, -3.96368789673, -1.19369602203],
        "cov": [[5342.01513672, 180.134674072, -791.83984375, -253.98046875, -98.0426483154, 286.328430176, -7.63864135742, 19.5963783264, -62.4826316833, 7.18624639511, 120.732795715, 68.1080932617, -24.9295196533], [180.134674072, 908.759033203, 326.564056396, -388.206176758, 92.4113693237, -68.2741699219, 135.539855957, -101.744827271, 116.618049622, -11.5894165039, 95.4706115723, -18.4911079407, 45.178894043], [-791.83984375, 326.564056396, 612.862854004, -31.4437541962, 117.777122498, -78.4284896851, 130.09803772, -14.6210727692, 78.1288528442, 25.6329288483, 18.3221378326, -3.61329770088, -3.35037231445], [-253.98046875, -388.206176758, -31.4437541962, 401.371643066, 5.05549192429, 15.9322757721, -50.022480011, 56.1283721924, -21.1175441742, -15.8649406433, -31.7860717773, -21.8420791626, 17.1077365875], [-98.0426483154, 92.4113693237, 117.777122498, 5.05549192429, 162.151596069, 38.696056366, 68.954536438, -5.37138843536, 30.6664600372, -3.57171225548, 20.1868801117, -2.93634319305, 0.938924431801], [286.328430176, -68.2741699219, -78.4284896851, 15.9322757721, 38.696056366, 90.4960479736, 20.1581497192, 15.3548822403, -8.39106178284, -10.3638391495, 7.29756402969, 0.0524160712957, 0.489240497351], [-7.63864135742, 135.539855957, 130.09803772, -50.022480011, 68.954536438, 20.1581497192, 124.4112854, 14.2194814682, 40.1396789551, -4.55914926529, 19.4540977478, -6.27718448639, -2.69262695313], [19.5963783264, -101.744827271, -14.6210727692, 56.1283721924, -5.37138843536, 15.3548822403, 14.2194814682, 65.4331817627, 16.0894699097, 6.35073232651, -22.9180374146, -9.84484386444, -11.7111434937], [-62.4826316833, 116.618049622, 78.1288528442, -21.1175441742, 30.6664600372, -8.39106178284, 40.1396789551, 16.0894699097, 75.96509552, 10.2495422363, 20.762512207, -17.3908119202, 9.38540649414], [7.18624639511, -11.5894165039, 25.6329288483, -15.8649406433, -3.57171225548, -10.3638391495, -4.55914926529, 6.35073232651, 10.2495422363, 46.978302002, 6.70057725906, 3.40348815918, -18.3457050323], [120.732795715, 95.4706115723, 18.3221378326, -31.7860717773, 20.1868801117, 7.29756402969, 19.4540977478, -22.9180374146, 20.762512207, 6.70057725906, 74.5978469849, 17.8622436523, 29.8046207428], [68.1080932617, -18.4911079407, -3.61329770088, -21.8420791626, -2.93634319305, 0.0524160712957, -6.27718448639, -9.84484386444, -17.3908119202, 3.40348815918, 17.8622436523, 48.2906951904, 16.7234573364], [-24.9295196533, 45.178894043, -3.35037231445, 17.1077365875, 0.938924431801, 0.489240497351, -2.69262695313, -11.7111434937, 9.38540649414, -18.3457050323, 29.8046207428, 16.7234573364, 70.415184021]],
        "icov": [[0.000409155618399, -0.000875655503478, 0.000669499626383, -0.000548721174709, 0.000552917539608, -0.00140897149686, -9.98732939479e-005, -0.000604314787779, 0.000376624666387, -0.000602248182986, -0.000242935391725, -0.00127929449081, 0.000969493587036], [-0.000875655503478, 0.00720642274246, -0.00290429312736, 0.00569751951844, -0.00225135730579, 0.00532384915277, -0.000681891047861, 0.00473855063319, -0.00394104188308, 0.00434805592522, -0.00211905920878, 0.00788496341556, -0.00501869991422], [0.000669499626383, -0.00290429312736, 0.00497802952304, -0.00282828765921, -0.000580618681852, 0.000981610035524, -0.00356302247383, -1.7184036551e-005, 1.76887533598e-005, -0.00367207080126, 0.00170265126508, -0.00462932465598, 0.00230597099289], [-0.000548721174709, 0.00569751951844, -0.00282828765921, 0.0085848364979, -0.00317924423143, 0.00397985475138, 0.00247164373286, -0.00187701312825, -5.07591448695e-006, 0.00446452666074, -0.00300529575907, 0.00925288628787, -0.00603470299393], [0.000552917539608, -0.00225135730579, -0.000580618681852, -0.00317924423143, 0.0123818237334, -0.00912368949503, -0.00338803767227, 0.00400865171105, -0.00310526951216, -0.0010623941198, 0.00106512708589, -0.00467359833419, 0.00361669599079], [-0.00140897149686, 0.00532384915277, 0.000981610035524, 0.00397985475138, -0.00912368949503, 0.0261785369366, -0.00397203722969, -0.00290618254803, 0.00306104565971, 0.00493586761877, -0.00439760228619, 0.00823205336928, -0.00474607758224], [-9.98732939479e-005, -0.000681891047861, -0.00356302247383, 0.00247164373286, -0.00338803767227, -0.00397203722969, 0.018504941836, -0.00861539784819, -0.00134176586289, 0.00631406158209, -0.00466871773824, 0.00110541051254, 0.0025171097368], [-0.000604314787779, 0.00473855063319, -1.7184036551e-005, -0.00187701312825, 0.00400865171105, -0.00290618254803, -0.00861539784819, 0.0355007499456, -0.0162329562008, -0.00368656427599, 0.0120020210743, -0.00158190145157, -0.000758644775487], [0.000376624666387, -0.00394104188308, 1.76887533598e-005, -5.07591448695e-006, -0.00310526951216, 0.00306104565971, -0.00134176586289, -0.0162329562008, 0.0316944159567, -0.00708979647607, -0.0084345433861, 0.0111205484718, -0.00520956097171], [-0.000602248182986, 0.00434805592522, -0.00367207080126, 0.00446452666074, -0.0010623941198, 0.00493586761877, 0.00631406158209, -0.00368656427599, -0.00708979647607, 0.0347520299256, -0.00959544628859, -0.000493242230732, 0.00952356867492], [-0.000242935391725, -0.00211905920878, 0.00170265126508, -0.00300529575907, 0.00106512708589, -0.00439760228619, -0.00466871773824, 0.0120020210743, -0.0084345433861, -0.00959544628859, 0.0283136758953, -0.0101942261681, -0.00702025834471], [-0.00127929449081, 0.00788496341556, -0.00462932465598, 0.00925288628787, -0.00467359833419, 0.00823205336928, 0.00110541051254, -0.00158190145157, 0.0111205484718, -0.000493242230732, -0.0101942261681, 0.0420706495643, -0.0154834808782], [0.000969493587036, -0.00501869991422, 0.00230597099289, -0.00603470299393, 0.00361669599079, -0.00474607758224, 0.0025171097368, -0.000758644775487, -0.00520956097171, 0.00952356867492, -0.00702025834471, -0.0154834808782, 0.0291198194027]]
    },
    "melbands": {
        "mean": [0.00725014647469, 0.0053662690334, 0.00141760939732, 0.000977702555247, 0.0005811569863, 0.000380906712962, 0.00014288208331, 4.28267667303e-005, 3.66199601558e-005, 1.44882324093e-005, 1.72713043867e-005, 1.11420995381e-005, 1.18562975331e-005, 8.6735099103e-006, 7.9764486145e-006, 8.87605892785e-006, 5.2515238167e-006, 3.49652623299e-006, 3.9090982682e-006, 2.39735049945e-006, 2.96942403111e-006, 3.081558134e-006, 4.07142215408e-006, 6.55441090203e-006, 3.8486818994e-006, 3.60022454515e-006, 1.70437090219e-006, 2.41575298787e-006, 2.18669129026e-006, 2.2125580017e-006, 1.46698971548e-006, 1.49136269556e-006, 1.05986339349e-006, 6.697504773e-007, 9.70670271272e-007, 5.11720088525e-007, 5.18715751241e-007, 3.59201607125e-007, 3.70345560441e-007, 2.16952130927e-007],
        "var": [0.000150414591189, 6.87634310452e-005, 1.59109695232e-005, 2.94430788017e-006, 8.80837205841e-007, 1.1903948689e-006, 1.18362748935e-007, 9.75753966515e-009, 5.31486987754e-009, 8.80786554802e-010, 1.30372679319e-009, 9.58578327825e-010, 9.36726252121e-010, 3.88369447712e-010, 3.8714409456e-010, 7.05503100384e-010, 3.09114484009e-010, 1.86908696853e-010, 3.20523774189e-010, 7.04844446697e-011, 1.79938647316e-010, 2.20701151799e-010, 5.05139818863e-010, 1.77331593854e-009, 4.02328892424e-010, 4.85408879758e-010, 7.77761813286e-011, 2.44095077484e-010, 1.8222191811e-010, 1.82769091528e-010, 8.5510071246e-011, 9.83070291838e-011, 4.28692810417e-011, 1.71070119875e-011, 3.93105686891e-011, 1.05340779502e-011, 1.10002449857e-011, 4.36868380013e-012, 4.97337847988e-012, 1.5832385316e-012]
    },
    "mfcc": {
        "mean": [-755.269714355, 159.203323364, 48.7813110352, 47.1778488159, 17.2513771057, 16.5520076752, 6.59541845322, 3.53975391388, -2.57958722115, 0.73013651371, 1.81055414677, 1.07989835739, -1.23600244522],
        "cov": [[3931.55224609, -211.211486816, -679.640258789, -505.092834473, -92.94115448, 44.8283576965, 97.2265548706, 73.3569488525, -63.1637573242, -72.8152084351, -1.64160311222, 71.1070327759, 51.8986473083], [-211.211486816, 1322.75646973, 231.146408081, -207.884658813, -71.2115325928, 35.4915161133, -5.55954837799, -12.7530097961, -4.08825969696, 14.8771924973, 28.5520133972, 53.4534721375, 80.4621963501], [-679.640258789, 231.146408081, 352.037994385, 139.009216309, 11.2223920822, 1.42156887054, 2.25944471359, -1.52529513836, 23.7657718658, 34.6634788513, 27.1356906891, 9.17638683319, -0.641597092152], [-505.092834473, -207.884658813, 139.009216309, 255.567398071, 73.3997344971, 5.1336517334, 9.18688869476, 6.92165136337, 29.3736858368, 26.4258918762, 13.4856863022, -11.4557800293, -26.3754444122], [-92.94115448, -71.2115325928, 11.2223920822, 73.3997344971, 108.171157837, 39.3578147888, 19.4100151062, 12.193520546, 11.7295627594, 6.10647201538, 2.99182510376, 5.42318534851, -4.10495853424], [44.8283576965, 35.4915161133, 1.42156887054, 5.1336517334, 39.3578147888, 66.0605163574, 41.3863830566, 17.2733478546, 2.28642058372, -3.13834524155, 6.22810697556, 7.64379930496, 6.84431886673], [97.2265548706, -5.55954837799, 2.25944471359, 9.18688869476, 19.4100151062, 41.3863830566, 75.4250488281, 34.4455070496, 8.44041347504, -1.85595858097, 7.39371490479, 9.92069244385, 5.82325172424], [73.3569488525, -12.7530097961, -1.52529513836, 6.92165136337, 12.193520546, 17.2733478546, 34.4455070496, 63.3579940796, 28.9315090179, 9.43884658813, 4.39988279343, 0.152497336268, 1.47706460953], [-63.1637573242, -4.08825969696, 23.7657718658, 29.3736858368, 11.7295627594, 2.28642058372, 8.44041347504, 28.9315090179, 59.6854400635, 31.7002277374, 12.9639778137, -0.493648678064, -6.42905473709], [-72.8152084351, 14.8771924973, 34.6634788513, 26.4258918762, 6.10647201538, -3.13834524155, -1.85595858097, 9.43884658813, 31.7002277374, 51.9158554077, 28.6718273163, 7.9063372612, -7.48028612137], [-1.64160311222, 28.5520133972, 27.1356906891, 13.4856863022, 2.99182510376, 6.22810697556, 7.39371490479, 4.39988279343, 12.9639778137, 28.6718273163, 53.5677757263, 22.3057785034, 0.150254189968], [71.1070327759, 53.4534721375, 9.17638683319, -11.4557800293, 5.42318534851, 7.64379930496, 9.92069244385, 0.152497336268, -0.493648678064, 7.9063372612, 22.3057785034, 45.8196220398, 17.0035400391], [51.8986473083, 80.4621963501, -0.641597092152, -26.3754444122, -4.10495853424, 6.84431886673, 5.82325172424, 1.47706460953, -6.42905473709, -7.48028612137, 0.150254189968, 17.0035400391, 39.6963157654]],
        "icov": [[0.000494916806929, 0.00010344995826, 0.000640106503852, 0.000653978611808, 0.000147663420648, -5.62893583265e-005, -0.00043080188334, -0.000492205028422, 0.000255901279161, 3.66937929357e-005, -0.000234630118939, -0.000666915380862, 2.95317877317e-005], [0.00010344995826, 0.00158756459132, -0.00165741494857, 0.00224666204304, 0.000159889270435, -0.00136047624983, 0.00057992892107, 0.000202182243811, -0.000335210235789, -0.000417517614551, -9.12998148124e-005, -0.000277704937616, -0.0017423509853], [0.000640106503852, -0.00165741494857, 0.00693581532687, -0.00427754968405, 0.00183117948472, 0.000381873687729, -0.00102046492975, -0.000433049193816, 0.000587314658333, -0.000996913993731, -0.000557799066883, -0.00133556488436, 0.000563363078982], [0.000653978611808, 0.00224666204304, -0.00427754968405, 0.0113306427374, -0.00538127310574, 0.00157426297665, -0.00164427561685, 0.000691898167133, -0.00147469574586, -0.00047836691374, -0.00155353581067, 0.00141597655602, 0.000508366792928], [0.000147663420648, 0.000159889270435, 0.00183117948472, -0.00538127310574, 0.0169985629618, -0.0114961657673, 0.00311878649518, -0.0010463699, -0.000756372581236, -0.00113067694474, 0.00305028515868, -0.00450353557244, 0.000840277236421], [-5.62893583265e-005, -0.00136047624983, 0.000381873687729, 0.00157426297665, -0.0114961657673, 0.0322420820594, -0.0153085049242, 0.000807004864328, 0.000996755785309, 0.00277609401383, -0.00401170551777, 0.00327118393034, -0.00135031912941], [-0.00043080188334, 0.00057992892107, -0.00102046492975, -0.00164427561685, 0.00311878649518, -0.0153085049242, 0.0274718515575, -0.0114280208945, 0.000992361805402, 0.00297141913325, -0.000753600790631, -0.00412162719294, 0.000124901911477], [-0.000492205028422, 0.000202182243811, -0.000433049193816, 0.000691898167133, -0.0010463699, 0.000807004864328, -0.0114280208945, 0.0285711623728, -0.0135323638096, 0.000867978669703, 0.000446818885393, 0.00357388821431, -0.00250822654925], [0.000255901279161, -0.000335210235789, 0.000587314658333, -0.00147469574586, -0.000756372581236, 0.000996755785309, 0.000992361805402, -0.0135323638096, 0.0333100929856, -0.018229899928, 0.00230424874462, 0.00132204371039, 0.000866986927576], [3.66937929357e-005, -0.000417517614551, -0.000996913993731, -0.00047836691374, -0.00113067694474, 0.00277609401383, 0.00297141913325, 0.000867978669703, -0.018229899928, 0.0423955768347, -0.0176674108952, -0.00124591961503, 0.00503763882443], [-0.000234630118939, -9.12998148124e-005, -0.000557799066883, -0.00155353581067, 0.00305028515868, -0.00401170551777, -0.000753600790631, 0.000446818885393, 0.00230424874462, -0.0176674108952, 0.03467656672, -0.0145092848688, 0.00367925711907], [-0.000666915380862, -0.000277704937616, -0.00133556488436, 0.00141597655602, -0.00450353557244, 0.00327118393034, -0.00412162719294, 0.00357388821431, 0.00132204371039, -0.00124591961503, -0.0145092848688, 0.0371994785964, -0.0141038196161], [2.95317877317e-005, -0.0017423509853, 0.000563363078982, 0.000508366792928, 0.000840277236421, -0.00135031912941, 0.000124901911477, -0.00250822654925, 0.000866986927576, 0.00503763882443, 0.00367925711907, -0.0141038196161, 0.0365428961813]]
    },
    "spectral_contrast_coeffs": {
        "mean": [-0.65911012888, -0.713863313198, -0.808939218521, -0.844110786915, -0.850510656834, -0.792092680931],
        "var": [0.00444348528981, 0.0050660376437, 0.00231627374887, 0.00123621313833, 0.000580571417231, 0.000593639735598]
    },
    "spectral_contrast_valleys": {
        "mean": [-6.74478387833, -7.64883041382, -8.53833675385, -8.90578079224, -8.80953598022, -11.3123006821],
        "var": [1.39911627769, 1.31255030632, 1.29984438419, 1.10770499706, 1.02388608456, 0.900352537632]
    }
},
"metadata": {
    "audio_properties": {
        "analysis_sample_rate": 44100,
        "bit_rate": 105539,
        "equal_loudness": 0,
        "length": 45.0873451233,
        "lossless": 0,
        "replay_gain": -0.377239227295,
        "sample_rate": 44100,
        "codec": "mp3",
        "downmix": "mix",
        "md5_encoded": "8d487fcb9d05cb7312fbb03955e728a3"
    },
    "tags": {
        "file_name": "359.mp3"
    },
    "version": {
        "essentia": "2.1-beta2",
        "essentia_git_sha": "v2.1_beta2",
        "extractor": "music 1.0"
    }
},
"rhythm": {
    "beats_count": 104,
    "beats_loudness": {
        "mean": 0.0704097226262,
        "var": 0.00726675521582
    },
    "bpm": 139.921920776,
    "bpm_histogram_first_peak_bpm": {
        "mean": 140,
        "var": 0
    },
    "bpm_histogram_first_peak_spread": {
        "mean": 0.200000017881,
        "var": 0
    },
    "bpm_histogram_first_peak_weight": {
        "mean": 0.776699006557,
        "var": 0
    },
    "bpm_histogram_second_peak_bpm": {
        "mean": 133,
        "var": 0
    },
    "bpm_histogram_second_peak_spread": {
        "mean": 0,
        "var": 0
    },
    "bpm_histogram_second_peak_weight": {
        "mean": 0.0291262138635,
        "var": 0
    },
    "danceability": 0.88963919878,
    "onset_rate": 1.66279566288,
    "beats_loudness_band_ratio": {
        "mean": [0.749061644077, 0.18386515975, 0.0273126736283, 0.0204184092581, 0.0340367928147, 0.0456460863352],
        "var": [0.0546334758401, 0.0197898969054, 0.000580061110668, 0.00109242263716, 0.00433332053944, 0.00833960715681]
    },
    "beats_position": [0.441179126501, 0.882358253002, 1.33514738083, 1.78793644905, 2.24072551727, 2.68190479279, 3.11147379875, 3.54104304314, 3.97061228752, 4.40018129349, 4.82975053787, 5.25931978226, 5.6888885498, 6.11845779419, 6.54802703857, 6.97759628296, 7.40716552734, 7.83673477173, 8.26630401611, 8.6958732605, 9.12544155121, 9.54340076447, 9.97297000885, 10.4025392532, 10.8321084976, 11.261677742, 11.6912469864, 12.1092061996, 12.5271654129, 12.9683446884, 13.3979139328, 13.8274831772, 14.2570514679, 14.6866207123, 15.1161899567, 15.545759201, 15.9753284454, 16.4048976898, 16.8344669342, 17.2640361786, 17.693605423, 18.1231746674, 18.5527439117, 18.9823131561, 19.4118824005, 19.8298416138, 20.2710208893, 20.7005901337, 21.1301574707, 21.5597267151, 21.9892959595, 22.4072551727, 22.825214386, 23.2547836304, 23.6843528748, 24.1139221191, 24.5434913635, 24.9730606079, 25.4026298523, 25.8321990967, 26.2617683411, 26.6913375854, 27.1209068298, 27.5504760742, 27.9684352875, 28.3980045319, 28.8275737762, 29.2687530518, 29.6983222961, 30.1162815094, 30.5458488464, 30.9754180908, 31.4049873352, 31.8345565796, 32.264125824, 32.6936950684, 33.1232643127, 33.5528335571, 33.99401474, 34.4119720459, 34.8299331665, 35.2594985962, 35.6890678406, 36.118637085, 36.5482063293, 36.9777755737, 37.4073448181, 37.8253059387, 38.2548751831, 38.6844444275, 39.1140136719, 39.5435829163, 39.9847602844, 40.402721405, 40.8322906494, 41.2618598938, 41.6914291382, 42.1209983826, 42.550567627, 42.9801368713, 43.3980941772, 43.8276634216, 44.257232666, 44.6868019104]
},
"tonal": {
    "chords_changes_rate": 0.037037037313,
    "chords_number_rate": 0.00823045242578,
    "chords_strength": {
        "mean": 0.472689718008,
        "var": 0.00589631637558
    },
    "hpcp_entropy": {
        "mean": 1.70110988617,
        "var": 0.490935862064
    },
    "key_strength": 0.858784139156,
    "tuning_diatonic_strength": 0.604596793652,
    "tuning_equal_tempered_deviation": 0.0486724339426,
    "tuning_frequency": 438.731048584,
    "tuning_nontempered_energy_ratio": 0.634520232677,
    "hpcp": {
        "mean": [0.106964297593, 0.0686827674508, 0.0355698354542, 0.0239904429764, 0.0181284919381, 0.0558666177094, 0.150149196386, 0.136709883809, 0.176520511508, 0.283924818039, 0.149834364653, 0.0127610834315, 0.00674872891977, 0.00815100688487, 0.0307943932712, 0.0503263734281, 0.0300161577761, 0.00942468363792, 0.00831902306527, 0.0100708706304, 0.0562901943922, 0.161401376128, 0.132611319423, 0.0270407665521, 0.0093681300059, 0.00647478271276, 0.00954175367951, 0.0140617396683, 0.015568963252, 0.211863905191, 0.468881219625, 0.297210603952, 0.0382486619055, 0.0132016185671, 0.0222315266728, 0.0746240541339],
        "var": [0.0758958533406, 0.0346823297441, 0.0218229331076, 0.014724268578, 0.00894106831402, 0.0147680472583, 0.0723341032863, 0.070591814816, 0.0540482774377, 0.179135963321, 0.0554487109184, 0.00505359750241, 0.00227923854254, 0.00293231848627, 0.0104857021943, 0.0243675000966, 0.00882356613874, 0.0030793917831, 0.00373964873143, 0.00398006150499, 0.0159646701068, 0.106647528708, 0.0778967514634, 0.00583491381258, 0.00383548624814, 0.00215012347326, 0.00239954749122, 0.00367072736844, 0.00370185892098, 0.0388592220843, 0.187953531742, 0.0840651392937, 0.0050755715929, 0.00477103050798, 0.00788572616875, 0.0405308455229]
    },
    "chords_histogram": [28.0864200592, 11.0082302094, 43.9300422668, 0.720164597034, 4.42386817932, 0, 1.44032919407, 0, 0, 0, 0, 0, 0, 0, 0, 0, 0, 3.60082316399, 0, 3.08641982079, 0, 0, 0, 3.70370364189],
    "thpcp": [1, 0.633871853352, 0.0815743133426, 0.0281555708498, 0.047413982451, 0.159153431654, 0.228126645088, 0.146482229233, 0.075861081481, 0.0511652901769, 0.0386632941663, 0.119148761034, 0.320228636265, 0.291566133499, 0.376471698284, 0.6055367589, 0.319557189941, 0.0272160265595, 0.0143932588398, 0.0173839479685, 0.0656763240695, 0.107332885265, 0.0640165507793, 0.0201003644615, 0.0177422817796, 0.0214785113931, 0.120052143931, 0.344226568937, 0.282824963331, 0.0576708242297, 0.0199797507375, 0.0138090038672, 0.0203500445932, 0.0299899820238, 0.0332044921815, 0.451849848032],
    "chords_key": "G",
    "chords_scale": "major",
    "key_key": "C",
    "key_scale": "major"
}
}