{
"lowlevel": {
    "average_loudness": 0.972222685814,
    "barkbands_crest": {
        "mean": 12.2729825974,
        "var": 11.2561168671
    },
    "barkbands_flatness_db": {
        "mean": 0.278872877359,
        "var": 0.00713326921687
    },
    "barkbands_kurtosis": {
        "mean": 14.9543418884,
        "var": 310.414123535
    },
    "barkbands_skewness": {
        "mean": 2.67801427841,
        "var": 1.92000377178
    },
    "barkbands_spread": {
        "mean": 6.50150585175,
        "var": 39.7632141113
    },
    "dissonance": {
        "mean": 0.424987822771,
        "var": 0.0018359227106
    },
    "dynamic_complexity": 1.71057808399,
    "erbbands_crest": {
        "mean": 10.5207118988,
        "var": 17.1567726135
    },
    "erbbands_flatness_db": {
        "mean": 0.204576089978,
        "var": 0.00434441491961
    },
    "erbbands_kurtosis": {
        "mean": 3.50229883194,
        "var": 53.0721321106
    },
    "erbbands_skewness": {
        "mean": 1.23040652275,
        "var": 1.20400094986
    },
    "erbbands_spread": {
        "mean": 31.0137748718,
        "var": 433.119110107
    },
    "hfc": {
        "mean": 12.6629705429,
        "var": 80.7104644775
    },
    "melbands_crest": {
        "mean": 16.9913444519,
        "var": 19.6924552917
    },
    "melbands_flatness_db": {
        "mean": 0.373321592808,
        "var": 0.00985263288021
    },
    "melbands_kurtosis": {
        "mean": 29.7986125946,
        "var": 856.119445801
    },
    "melbands_skewness": {
        "mean": 3.61011838913,
        "var": 2.91907143593
    },
    "melbands_spread": {
        "mean": 5.29190206528,
        "var": 46.8288154602
    },
    "pitch_salience": {
        "mean": 0.51488751173,
        "var": 0.0130250602961
    },
    "silence_rate_20dB": {
        "mean": 1,
        "var": 0
    },
    "silence_rate_30dB": {
        "mean": 0.863542735577,
        "var": 0.117835268378
    },
    "silence_rate_60dB": {
        "mean": 0.00205973233096,
        "var": 0.00205553858541
    },
    "spectral_centroid": {
        "mean": 437.370178223,
        "var": 185656.6875
    },
    "spectral_complexity": {
        "mean": 10.7960863113,
        "var": 27.837846756
    },
    "spectral_decrease": {
        "mean": -1.63867337477e-008,
        "var": 1.85634483406e-016
    },
    "spectral_energy": {
        "mean": 0.0629960075021,
        "var": 0.00269282795489
    },
    "spectral_energyband_high": {
        "mean": 0.000248513271799,
        "var": 3.66162879573e-007
    },
    "spectral_energyband_low": {
        "mean": 0.0419605709612,
        "var": 0.00235911784694
    },
    "spectral_energyband_middle_high": {
        "mean": 0.00167312414851,
        "var": 4.94907862958e-006
    },
    "spectral_energyband_middle_low": {
        "mean": 0.021778954193,
        "var": 0.000328334601363
    },
    "spectral_entropy": {
        "mean": 6.44661569595,
        "var": 0.64280718565
    },
    "spectral_flux": {
        "mean": 0.0997126698494,
        "var": 0.00598572799936
    },
    "spectral_kurtosis": {
        "mean": 17.7011604309,
        "var": 448.746948242
    },
    "spectral_rms": {
        "mean": 0.00737877050415,
        "var": 7.01329554431e-006
    },
    "spectral_rolloff": {
        "mean": 327.589508057,
        "var": 585794.25
    },
    "spectral_skewness": {
        "mean": 2.96273136139,
        "var": 2.33838224411
    },
    "spectral_spread": {
        "mean": 3444382.25,
        "var": 4.56652174131e+012
    },
    "spectral_strongpeak": {
        "mean": 0.646161615849,
        "var": 0.223323270679
    },
    "zerocrossingrate": {
        "mean": 0.0198920555413,
        "var": 0.000558673054911
    },
    "barkbands": {
        "mean": [0.00119965162594, 0.0241627488285, 0.014025635086, 0.00562191661447, 0.0117477029562, 0.0026923737023, 0.000722829310689, 0.000523718539625, 0.00034545615199, 0.000230510617257, 0.00050408183597, 0.000338533340255, 8.84606342879e-005, 9.60040779319e-005, 0.000184885619092, 8.80292500369e-005, 7.05612474121e-005, 5.14456442033e-005, 3.09399365506e-005, 4.49582221336e-005, 5.1968756452e-005, 4.54544606328e-005, 3.90048335248e-005, 4.38886127085e-005, 3.35742588504e-005, 1.05483131847e-005, 1.10259202302e-006],
        "var": [6.85454051563e-006, 0.00136298721191, 0.000249048200203, 5.29684075445e-005, 0.000143942655995, 2.16498920054e-005, 8.97023483049e-007, 3.95369369244e-007, 2.94277526791e-007, 6.53816059071e-008, 1.64202049291e-006, 6.29881299119e-007, 2.04843910723e-008, 2.87447896596e-008, 1.56079465796e-007, 5.52161054657e-008, 2.48983589302e-008, 2.00224281599e-008, 5.65441249378e-009, 1.06293542856e-008, 1.73236305301e-008, 1.09187716646e-008, 1.01756159054e-008, 1.30794077791e-008, 1.20150094318e-008, 1.70858971416e-009, 4.68098407258e-011]
    },
    "erbbands": {
        "mean": [0.761251151562, 5.2217874527, 15.4789028168, 17.7233428955, 32.6207084656, 39.1892089844, 32.1074676514, 16.5066223145, 10.5010643005, 12.6054735184, 6.84430027008, 8.62529373169, 9.75326824188, 12.6176700592, 17.9466094971, 11.6426477432, 4.56355142593, 4.67616701126, 6.35657024384, 8.10841560364, 5.55825090408, 3.55441141129, 3.06041908264, 1.69938242435, 1.94658207893, 2.01972937584, 2.12013816833, 1.9337978363, 1.56745910645, 1.40045404434, 1.0910847187, 0.988743662834, 0.68198800087, 0.453937202692, 0.182039141655, 0.0588721968234, 0.0181078445166, 0.00337659544311, 0.000134424160933, 7.20987591194e-005],
        "var": [1.76668822765, 60.9381904602, 305.346862793, 309.913238525, 2093.86401367, 2019.77062988, 1555.98376465, 763.099182129, 179.343811035, 222.305526733, 49.555015564, 182.309661865, 87.0246734619, 1401.14306641, 766.447875977, 890.580810547, 46.0847396851, 71.174041748, 126.399467468, 282.273132324, 136.300064087, 47.244594574, 62.4833869934, 15.4069032669, 24.0921897888, 22.4590129852, 25.7595100403, 26.5883598328, 13.2369117737, 11.9106616974, 7.77885818481, 7.08034420013, 3.20371103287, 2.06008529663, 0.372739642859, 0.0447834096849, 0.00631332118064, 0.000328153226292, 3.37782353199e-007, 3.361926737e-009]
    },
    "gfcc": {
        "mean": [-56.3044624329, 164.514755249, -79.7436065674, 42.9152412415, -43.3002052307, 18.8651866913, -30.7225036621, -6.81215000153, -12.9492397308, -13.4801130295, -7.21036911011, -8.4828748703, 4.86647081375],
        "cov": [[6277.87841797, -2316.67651367, -434.288482666, 444.534515381, -775.34777832, 561.167419434, -567.003967285, 552.50012207, -525.02734375, 495.519439697, -324.271881104, 241.833618164, -218.30128479], [-2316.67651367, 2146.86474609, -104.848503113, -390.41293335, 499.159881592, -348.073852539, 416.911987305, -406.791931152, 444.045379639, -397.327484131, 265.983154297, -221.785369873, 204.830184937], [-434.288482666, -104.848503113, 739.708679199, 71.171585083, 86.2700500488, -78.0506057739, -12.9824352264, -8.96833705902, -67.2644119263, 54.958404541, -66.8382644653, 51.6124610901, -94.47605896], [444.534515381, -390.41293335, 71.171585083, 323.368103027, -125.588905334, 21.6517009735, -102.908538818, 46.5446014404, -56.8997612, 12.7267007828, 9.18844604492, 1.59016489983, -1.4401679039], [-775.34777832, 499.159881592, 86.2700500488, -125.588905334, 331.848388672, -60.8097496033, 139.340133667, -99.7526016235, 115.380149841, -71.4335708618, 19.2128639221, -36.555267334, 15.4656114578], [561.167419434, -348.073852539, -78.0506057739, 21.6517009735, -60.8097496033, 250.715209961, -18.5283603668, 97.3408660889, -64.5350036621, 81.481842041, -43.8492469788, -0.920996546745, -9.06195545197], [-567.003967285, 416.911987305, -12.9824352264, -102.908538818, 139.340133667, -18.5283603668, 193.794677734, -60.8294487, 102.701843262, -61.9014015198, 54.2082519531, -42.7805786133, 28.5258026123], [552.50012207, -406.791931152, -8.96833705902, 46.5446014404, -99.7526016235, 97.3408660889, -60.8294487, 158.415786743, -71.6205596924, 90.689453125, -47.9541168213, 51.5489730835, -36.0666007996], [-525.02734375, 444.045379639, -67.2644119263, -56.8997612, 115.380149841, -64.5350036621, 102.701843262, -71.6205596924, 167.592926025, -65.1638259888, 71.8455963135, -65.1694717407, 54.0929069519], [495.519439697, -397.327484131, 54.958404541, 12.7267007828, -71.4335708618, 81.481842041, -61.9014015198, 90.689453125, -65.1638259888, 181.071792603, -52.3957443237, 46.2108421326, -67.6604690552], [-324.271881104, 265.983154297, -66.8382644653, 9.18844604492, 19.2128639221, -43.8492469788, 54.2082519531, -47.9541168213, 71.8455963135, -52.3957443237, 119.871818542, -31.9884433746, 43.2244377136], [241.833618164, -221.785369873, 51.6124610901, 1.59016489983, -36.555267334, -0.920996546745, -42.7805786133, 51.5489730835, -65.1694717407, 46.2108421326, -31.9884433746, 114.450462341, -22.130695343], [-218.30128479, 204.830184937, -94.47605896, -1.4401679039, 15.4656114578, -9.06195545197, 28.5258026123, -36.0666007996, 54.0929069519, -67.6604690552, 43.2244377136, -22.130695343, 92.2549057007]],
        "icov": [[0.000463339994894, -0.000541012559552, 0.000490373582579, -0.000839668267872, 0.000487633340526, -0.000704023812432, 0.000553725112695, -0.000491706363391, 0.000392179383198, -0.000642605416942, 0.000957488140557, -0.000724550161976, 0.000948642438743], [-0.000541012559552, 0.00562640279531, -0.00130416091997, 0.00492172082886, -0.00195022928528, 0.00307198683731, -0.00246368790977, 0.00314378342591, -0.00363214872777, 0.00411738455296, -0.00477625848725, 0.00376855768263, -0.00412022788078], [0.000490373582579, -0.00130416091997, 0.00265252450481, -0.00243313703686, -0.000207673438126, -0.000165439458215, 0.000169518243638, -0.0004601055698, 0.00183561281301, -0.00183895905502, 0.00232553156093, -0.00157702760771, 0.00262772128917], [-0.000839668267872, 0.00492172082886, -0.00243313703686, 0.00933359004557, -0.000992496381514, 0.00261286366731, -5.87049289607e-005, 0.0017362923827, -0.00293821282685, 0.00478099286556, -0.00661028595641, 0.00482800090685, -0.0046559185721], [0.000487633340526, -0.00195022928528, -0.000207673438126, -0.000992496381514, 0.00713182752952, -0.00222157198004, -0.000958478543907, 0.000960076984484, -0.00238074804656, -0.00031100268825, 0.00386578659527, -0.00276215537451, 0.00320763024502], [-0.000704023812432, 0.00307198683731, -0.000165439458215, 0.00261286366731, -0.00222157198004, 0.00979306176305, -0.00406829966232, -0.00185521086678, 0.00238399789669, -0.000848621013574, -0.00182189897168, 0.00610676547512, -0.00644981814548], [0.000553725112695, -0.00246368790977, 0.000169518243638, -5.87049289607e-005, -0.000958478543907, -0.00406829966232, 0.0125130647793, -0.00158158259001, -0.00245556933805, 0.000379655364668, -0.000854410522152, -0.00201257853769, 0.00386239401996], [-0.000491706363391, 0.00314378342591, -0.0004601055698, 0.0017362923827, 0.000960076984484, -0.00185521086678, -0.00158158259001, 0.0153919821605, -0.00367269013077, 0.000125762846437, -0.000918822654057, -0.00237809750251, -0.000318634673022], [0.000392179383198, -0.00363214872777, 0.00183561281301, -0.00293821282685, -0.00238074804656, 0.00238399789669, -0.00245556933805, -0.00367269013077, 0.0199338644743, -0.00598199712113, -0.00077659386443, 0.00412832992151, -0.0039380970411], [-0.000642605416942, 0.00411738455296, -0.00183895905502, 0.00478099286556, -0.00031100268825, -0.000848621013574, 0.000379655364668, 0.000125762846437, -0.00598199712113, 0.0149317001924, -0.0038051775191, 0.000303915061522, 0.00374396541156], [0.000957488140557, -0.00477625848725, 0.00232553156093, -0.00661028595641, 0.00386578659527, -0.00182189897168, -0.000854410522152, -0.000918822654057, -0.00077659386443, -0.0038051775191, 0.0190579332411, -0.00411860225722, 0.00197387114167], [-0.000724550161976, 0.00376855768263, -0.00157702760771, 0.00482800090685, -0.00276215537451, 0.00610676547512, -0.00201257853769, -0.00237809750251, 0.00412832992151, 0.000303915061522, -0.00411860225722, 0.0174336843193, -0.0069517288357], [0.000948642438743, -0.00412022788078, 0.00262772128917, -0.0046559185721, 0.00320763024502, -0.00644981814548, 0.00386239401996, -0.000318634673022, -0.0039380970411, 0.00374396541156, 0.00197387114167, -0.0069517288357, 0.0248229391873]]
    },
    "melbands": {
        "mean": [0.00670752162114, 0.0077825980261, 0.00358216976747, 0.00274882582016, 0.00121842732187, 0.000405237806262, 0.000153393906658, 0.000142387973028, 4.50810694019e-005, 5.88362745475e-005, 4.87129400426e-005, 4.70615850645e-005, 5.81162094022e-005, 4.9043839681e-005, 1.35087084345e-005, 8.50229753269e-006, 9.14592237677e-006, 8.0328554759e-006, 1.76600296982e-005, 5.90186300542e-006, 6.76533045407e-006, 3.83678434446e-006, 3.16699220093e-006, 2.18146305997e-006, 1.26806241951e-006, 1.1933315136e-006, 1.61126149578e-006, 1.27143505324e-006, 1.27131011141e-006, 1.28188412418e-006, 1.1158625739e-006, 9.07661217298e-007, 8.14116617676e-007, 7.56910253585e-007, 6.27145539056e-007, 6.0730229734e-007, 5.95447772866e-007, 4.63758027536e-007, 4.69082351628e-007, 3.55059199819e-007],
        "var": [0.000116621282359, 8.0211662862e-005, 1.24575326481e-005, 9.79817832558e-006, 1.56698081355e-006, 4.72643534977e-007, 3.64031045308e-008, 2.73945186535e-008, 2.20717355504e-009, 9.39485733653e-009, 2.1741526357e-009, 1.90573334891e-008, 1.31568818063e-008, 1.25476757873e-008, 1.21948273701e-009, 2.45567316481e-010, 2.81723200324e-010, 2.02906982882e-010, 1.68506819609e-009, 2.53447235421e-010, 2.04406880311e-010, 6.48724199359e-011, 7.81299330788e-011, 3.46613536484e-011, 8.95942261353e-012, 9.22319165486e-012, 1.65557342141e-011, 9.40435663371e-012, 9.86762234423e-012, 1.01084514023e-011, 1.10580381657e-011, 4.70623713611e-012, 3.84683474311e-012, 3.88216628983e-012, 2.64749528724e-012, 2.63669619992e-012, 2.64435587143e-012, 1.3774260595e-012, 2.1270088555e-012, 1.27876496284e-012]
    },
    "mfcc": {
        "mean": [-706.664306641, 181.124237061, 34.8406829834, 31.8288288116, 19.6075401306, 20.2108058929, 2.92339062691, 6.89417457581, 3.6128847599, -2.39301514626, -8.88913917542, -1.71032333374, -1.19740903378],
        "cov": [[5196.92578125, -2500.96850586, -106.604286194, -212.150787354, -228.860519409, -127.086685181, -6.92464447021, -94.2764282227, -43.8473205566, 88.4193344116, -17.776424408, 11.5981206894, 56.1456794739], [-2500.96850586, 2091.7956543, -193.005233765, -31.018787384, 88.8711090088, 88.2199707031, -15.1073093414, 84.3255767822, 67.5068740845, -7.27229499817, 3.55598545074, 1.82447218895, -8.09014225006], [-106.604286194, -193.005233765, 450.360015869, 151.790634155, 34.9192123413, -9.91794967651, 7.46055412292, -29.7396354675, -46.7469940186, -30.6773223877, 32.613697052, -3.83495903015, -54.1577606201], [-212.150787354, -31.018787384, 151.790634155, 233.671722412, 61.730140686, -34.4249725342, -27.4999465942, -3.50789880753, -37.3040275574, -43.4097824097, 15.112903595, -5.70035934448, -30.9886360168], [-228.860519409, 88.8711090088, 34.9192123413, 61.730140686, 132.452011108, 31.0294532776, 0.663466095924, 5.6693520546, 12.9521512985, -8.72754001617, -10.6602191925, 9.07173442841, -1.25740373135], [-127.086685181, 88.2199707031, -9.91794967651, -34.4249725342, 31.0294532776, 130.657699585, 52.0198707581, 3.57931804657, 33.475025177, 37.91065979, -1.22662901878, 11.2741670609, 10.2268610001], [-6.92464447021, -15.1073093414, 7.46055412292, -27.4999465942, 0.663466095924, 52.0198707581, 94.0346755981, 27.0534858704, 8.39338970184, 21.5605487823, 8.42832279205, 2.65218114853, 13.4345617294], [-94.2764282227, 84.3255767822, -29.7396354675, -3.50789880753, 5.6693520546, 3.57931804657, 27.0534858704, 97.7375793457, 23.0297164917, -16.0536422729, -19.4692573547, 3.44566726685, 10.5762968063], [-43.8473205566, 67.5068740845, -46.7469940186, -37.3040275574, 12.9521512985, 33.475025177, 8.39338970184, 23.0297164917, 94.9343643188, 17.5892982483, -16.4173812866, 14.4044046402, 13.7084722519], [88.4193344116, -7.27229499817, -30.6773223877, -43.4097824097, -8.72754001617, 37.91065979, 21.5605487823, -16.0536422729, 17.5892982483, 104.239379883, 28.1993961334, 8.83116722107, 8.21578407288], [-17.776424408, 3.55598545074, 32.613697052, 15.112903595, -10.6602191925, -1.22662901878, 8.42832279205, -19.4692573547, -16.4173812866, 28.1993961334, 92.9693984985, 5.87197685242, -11.3254976273], [11.5981206894, 1.82447218895, -3.83495903015, -5.70035934448, 9.07173442841, 11.2741670609, 2.65218114853, 3.44566726685, 14.4044046402, 8.83116722107, 5.87197685242, 63.5384063721, 14.8537597656], [56.1456794739, -8.09014225006, -54.1577606201, -30.9886360168, -1.25740373135, 10.2268610001, 13.4345617294, 10.5762968063, 13.7084722519, 8.21578407288, -11.3254976273, 14.8537597656, 69.9182357788]],
        "icov": [[0.000562680186704, 0.000691045541316, 0.000260372937191, 0.00036917135003, 0.000225638519623, 0.000126792278024, 0.000264921953203, -0.000103885962744, 4.23977726314e-005, -0.000299030070892, 1.55831876327e-005, -0.000102127043647, -5.21188576386e-006], [0.000691045541316, 0.00141986669041, 0.000579301966354, 0.000511322461534, -7.34817367629e-005, -0.000362789520295, 0.000822082336526, -0.000692417263053, -3.94359158236e-005, -0.000168571990798, -0.000366413180018, -5.46419528291e-007, 0.000251538702287], [0.000260372937191, 0.000579301966354, 0.00349341728725, -0.00166908756364, -4.22432785854e-005, -0.000252925907262, -0.00110505276825, 0.000788533361629, 0.000391261273762, 0.000562305562198, -0.000516300729942, -0.000496302498505, 0.00183244911022], [0.00036917135003, 0.000511322461534, -0.00166908756364, 0.00765981618315, -0.00325280078687, 0.00115061644465, 0.00181084801443, -0.00120912794955, 0.00156417977996, 0.00120702281129, -0.00139269488864, 0.000183325988473, 0.000759890128393], [0.000225638519623, -7.34817367629e-005, -4.22432785854e-005, -0.00325280078687, 0.0105152577162, -0.0029355075676, 0.000574211706407, 0.00019520848582, -0.00118362531066, 0.000231371857808, 0.00147659855429, -0.00113161990885, -0.000501011789311], [0.000126792278024, -0.000362789520295, -0.000252925907262, 0.00115061644465, -0.0029355075676, 0.0133320502937, -0.00702144019306, 0.00247906055301, -0.00278613646515, -0.00286102876998, 0.00142355158459, -0.000920113234315, 0.000450063787866], [0.000264921953203, 0.000822082336526, -0.00110505276825, 0.00181084801443, 0.000574211706407, -0.00702144019306, 0.0178094208241, -0.00641896948218, 0.00207938277163, -0.00140691618435, -0.00246898736805, 0.00133145949803, -0.00250985170715], [-0.000103885962744, -0.000692417263053, 0.000788533361629, -0.00120912794955, 0.00019520848582, 0.00247906055301, -0.00641896948218, 0.0143002904952, -0.0033626279328, 0.0024656415917, 0.00222077057697, -0.000705465325154, -0.000331518764142], [4.23977726314e-005, -3.94359158236e-005, 0.000391261273762, 0.00156417977996, -0.00118362531066, -0.00278613646515, 0.00207938277163, -0.0033626279328, 0.014203613624, -0.00196736189537, 0.00174565974157, -0.00210499973036, -0.000370618276065], [-0.000299030070892, -0.000168571990798, 0.000562305562198, 0.00120702281129, 0.000231371857808, -0.00286102876998, -0.00140691618435, 0.0024656415917, -0.00196736189537, 0.0138071952388, -0.00436522392556, -0.000386389088817, -0.000350545422407], [1.55831876327e-005, -0.000366413180018, -0.000516300729942, -0.00139269488864, 0.00147659855429, 0.00142355158459, -0.00246898736805, 0.00222077057697, 0.00174565974157, -0.00436522392556, 0.0140419611707, -0.00213278434239, 0.00178304337896], [-0.000102127043647, -5.46419528291e-007, -0.000496302498505, 0.000183325988473, -0.00113161990885, -0.000920113234315, 0.00133145949803, -0.000705465325154, -0.00210499973036, -0.000386389088817, -0.00213278434239, 0.0176913663745, -0.00390191143379], [-5.21188576386e-006, 0.000251538702287, 0.00183244911022, 0.000759890128393, -0.000501011789311, 0.000450063787866, -0.00250985170715, -0.000331518764142, -0.000370618276065, -0.000350545422407, 0.00178304337896, -0.00390191143379, 0.0177810788155]]
    },
    "spectral_contrast_coeffs": {
        "mean": [-0.628071665764, -0.662304997444, -0.706108748913, -0.768654584885, -0.81144875288, -0.768739461899],
        "var": [0.00466355588287, 0.00523701356724, 0.00717648677528, 0.00448361132294, 0.00204529054463, 0.00210042716935]
    },
    "spectral_contrast_valleys": {
        "mean": [-6.12327051163, -7.31686687469, -8.24770832062, -8.7111787796, -8.82244300842, -11.4748182297],
        "var": [0.808378875256, 0.950066328049, 0.932727336884, 0.983881294727, 1.41284132004, 2.72092151642]
    }
},
"metadata": {
    "audio_properties": {
        "analysis_sample_rate": 44100,
        "bit_rate": 101824,
        "equal_loudness": 0,
        "length": 45.0612258911,
        "lossless": 0,
        "replay_gain": -9.90691566467,
        "sample_rate": 44100,
        "codec": "mp3",
        "downmix": "mix",
        "md5_encoded": "0497332cd07891c5226e3618358ea8f4"
    },
    "tags": {
        "file_name": "360.mp3"
    },
    "version": {
        "essentia": "2.1-beta2",
        "essentia_git_sha": "v2.1_beta2",
        "extractor": "music 1.0"
    }
},
"rhythm": {
    "beats_count": 90,
    "beats_loudness": {
        "mean": 0.0883395448327,
        "var": 0.00212506297976
    },
    "bpm": 120.553611755,
    "bpm_histogram_first_peak_bpm": {
        "mean": 120,
        "var": 0
    },
    "bpm_histogram_first_peak_spread": {
        "mean": 0.348314583302,
        "var": 0
    },
    "bpm_histogram_first_peak_weight": {
        "mean": 0.651685416698,
        "var": 0
    },
    "bpm_histogram_second_peak_bpm": {
        "mean": 0,
        "var": 0
    },
    "bpm_histogram_second_peak_spread": {
        "mean": 0,
        "var": 0
    },
    "bpm_histogram_second_peak_weight": {
        "mean": 0,
        "var": 0
    },
    "danceability": 1.30987238884,
    "onset_rate": 4.03712892532,
    "beats_loudness_band_ratio": {
        "mean": [0.719550669193, 0.242540106177, 0.0360022448003, 0.0251677986234, 0.019610805437, 0.0153859285638],
        "var": [0.0411382578313, 0.032152235508, 0.00089128210675, 0.00119282060768, 0.000794289866462, 0.00048429943854]
    },
    "beats_position": [0.53405892849, 1.04489791393, 1.53251695633, 2.03174591064, 2.53097510338, 3.03020405769, 3.52943301201, 4.01705217361, 4.51628112793, 5.01551008224, 5.51473903656, 6.01396799088, 6.51319694519, 7.01242637634, 7.51165533066, 8.01088428497, 8.498503685, 9.0093421936, 9.50857162476, 9.99619007111, 10.4954195023, 10.9946479797, 11.4938774109, 11.9814968109, 12.4807252884, 12.9799547195, 13.479183197, 13.9784126282, 14.4776411057, 14.9884805679, 15.4877090454, 15.9753284454, 16.4629478455, 16.9737873077, 17.4614048004, 17.9722442627, 18.4598636627, 18.9590930939, 19.458322525, 19.9575500488, 20.45677948, 20.9560089111, 21.4552383423, 21.942855835, 22.430475235, 22.9297046661, 23.4289340973, 23.9281635284, 24.4273910522, 24.9382305145, 25.4374599457, 25.9366893768, 26.435918808, 26.9351463318, 27.4227657318, 27.9103851318, 28.409614563, 28.9088420868, 29.4080715179, 29.9073009491, 30.3949203491, 30.9057598114, 31.4049873352, 31.9042167664, 32.391834259, 32.9026756287, 33.3902931213, 33.8895225525, 34.3887519836, 34.8879814148, 35.3872108459, 35.8748283386, 36.3740577698, 36.8732872009, 37.3841247559, 37.8717460632, 38.3593635559, 38.8585929871, 39.3578224182, 39.8570518494, 40.3562812805, 40.8671188354, 41.3547401428, 41.8539657593, 42.3531951904, 42.8524246216, 43.3516540527, 43.8392753601, 44.3385009766, 44.8377304077]
},
"tonal": {
    "chords_changes_rate": 0.0390946492553,
    "chords_number_rate": 0.00925925932825,
    "chords_strength": {
        "mean": 0.54130679369,
        "var": 0.00780418328941
    },
    "hpcp_entropy": {
        "mean": 2.07355475426,
        "var": 0.394829899073
    },
    "key_strength": 0.644091188908,
    "tuning_diatonic_strength": 0.443103045225,
    "tuning_equal_tempered_deviation": 0.415923535824,
    "tuning_frequency": 434.193115234,
    "tuning_nontempered_energy_ratio": 0.989542424679,
    "hpcp": {
        "mean": [0.0448298044503, 0.030681528151, 0.0876032337546, 0.286138117313, 0.440967798233, 0.270489573479, 0.0561123117805, 0.0140017652884, 0.010108272545, 0.0197156835347, 0.055338576436, 0.0785680785775, 0.118692614138, 0.161554768682, 0.0959080606699, 0.0225914232433, 0.0260436926037, 0.062441829592, 0.132811143994, 0.173000812531, 0.108422473073, 0.0383715592325, 0.0218724589795, 0.0712046772242, 0.140148803592, 0.110397174954, 0.0671095699072, 0.137075409293, 0.201876327395, 0.130542561412, 0.0516786649823, 0.060587707907, 0.0720203742385, 0.124500356615, 0.220680043101, 0.160360857844],
        "var": [0.0162012651563, 0.0140371061862, 0.0281410254538, 0.100580774248, 0.170162662864, 0.0810981169343, 0.0160111673176, 0.00730518205091, 0.00447019888088, 0.00559368589893, 0.00921164173633, 0.0165393073112, 0.0537845417857, 0.0954411327839, 0.0352246947587, 0.00567173957825, 0.00968735478818, 0.0257395189255, 0.064087934792, 0.0943386107683, 0.0424433909357, 0.0156603828073, 0.00870580784976, 0.0202655419707, 0.0614264756441, 0.0274392999709, 0.0209896173328, 0.0669365227222, 0.131632059813, 0.0673086047173, 0.0235318634659, 0.0217134300619, 0.027423042804, 0.0523879751563, 0.126776561141, 0.0706714689732]
    },
    "chords_histogram": [3.60082316399, 23.3539085388, 7.81893014908, 13.0658435822, 10.8024692535, 22.7366256714, 0, 2.88065838814, 0, 12.6543207169, 0, 3.08641982079, 0, 0, 0, 0, 0, 0, 0, 0, 0, 0, 0, 0],
    "thpcp": [1, 0.613399803638, 0.127248093486, 0.0317523516715, 0.0229229275137, 0.0447100289166, 0.125493466854, 0.178171917796, 0.269163906574, 0.366364091635, 0.217494472861, 0.0512314587831, 0.059060305357, 0.141601786017, 0.301181048155, 0.392320752144, 0.245873898268, 0.0870166942477, 0.04960103333, 0.16147364676, 0.317820936441, 0.250352025032, 0.152187004685, 0.310851305723, 0.457802891731, 0.296036481857, 0.117193736136, 0.137397125363, 0.163323432207, 0.2823343575, 0.500444829464, 0.36365661025, 0.101662307978, 0.0695777088404, 0.19866129756, 0.648886620998],
    "chords_key": "F#",
    "chords_scale": "major",
    "key_key": "D#",
    "key_scale": "minor"
}
}