{
"lowlevel": {
    "average_loudness": 0.966462433338,
    "barkbands_crest": {
        "mean": 14.7964487076,
        "var": 25.2769546509
    },
    "barkbands_flatness_db": {
        "mean": 0.290058553219,
        "var": 0.00534117268398
    },
    "barkbands_kurtosis": {
        "mean": 14.3077383041,
        "var": 408.128631592
    },
    "barkbands_skewness": {
        "mean": 2.16273236275,
        "var": 2.36678385735
    },
    "barkbands_spread": {
        "mean": 4.53110313416,
        "var": 15.7936477661
    },
    "dissonance": {
        "mean": 0.366870641708,
        "var": 0.00384599831887
    },
    "dynamic_complexity": 2.16316008568,
    "erbbands_crest": {
        "mean": 13.9361095428,
        "var": 24.9367713928
    },
    "erbbands_flatness_db": {
        "mean": 0.277850955725,
        "var": 0.0030634815339
    },
    "erbbands_kurtosis": {
        "mean": 3.84159708023,
        "var": 20.8740901947
    },
    "erbbands_skewness": {
        "mean": 1.28834295273,
        "var": 0.803621292114
    },
    "erbbands_spread": {
        "mean": 12.6176843643,
        "var": 40.4715957642
    },
    "hfc": {
        "mean": 10.2989263535,
        "var": 53.6270561218
    },
    "melbands_crest": {
        "mean": 18.0480880737,
        "var": 37.6563148499
    },
    "melbands_flatness_db": {
        "mean": 0.377909183502,
        "var": 0.00742644583806
    },
    "melbands_kurtosis": {
        "mean": 11.8476552963,
        "var": 215.268692017
    },
    "melbands_skewness": {
        "mean": 2.14281868935,
        "var": 1.51866519451
    },
    "melbands_spread": {
        "mean": 6.23666238785,
        "var": 52.4773483276
    },
    "pitch_salience": {
        "mean": 0.497094392776,
        "var": 0.0157075449824
    },
    "silence_rate_20dB": {
        "mean": 1,
        "var": 0
    },
    "silence_rate_30dB": {
        "mean": 0.987641632557,
        "var": 0.0122056053951
    },
    "silence_rate_60dB": {
        "mean": 0.00463439757004,
        "var": 0.00461295573041
    },
    "spectral_centroid": {
        "mean": 456.570556641,
        "var": 172514.453125
    },
    "spectral_complexity": {
        "mean": 8.55046367645,
        "var": 7.14656019211
    },
    "spectral_decrease": {
        "mean": -7.10850223129e-009,
        "var": 2.76955057595e-017
    },
    "spectral_energy": {
        "mean": 0.0277632232755,
        "var": 0.000413940142607
    },
    "spectral_energyband_high": {
        "mean": 3.73009643226e-005,
        "var": 3.49773792152e-008
    },
    "spectral_energyband_low": {
        "mean": 0.0017599320272,
        "var": 9.27049404709e-006
    },
    "spectral_energyband_middle_high": {
        "mean": 0.00195180973969,
        "var": 1.33263574753e-005
    },
    "spectral_energyband_middle_low": {
        "mean": 0.0251032710075,
        "var": 0.000401960860472
    },
    "spectral_entropy": {
        "mean": 5.76960229874,
        "var": 0.389163047075
    },
    "spectral_flux": {
        "mean": 0.0476527437568,
        "var": 0.00130634673405
    },
    "spectral_kurtosis": {
        "mean": 37.276802063,
        "var": 696.45513916
    },
    "spectral_rms": {
        "mean": 0.0049166623503,
        "var": 2.91255628326e-006
    },
    "spectral_rolloff": {
        "mean": 588.127502441,
        "var": 736437.9375
    },
    "spectral_skewness": {
        "mean": 4.62059259415,
        "var": 2.82082366943
    },
    "spectral_spread": {
        "mean": 2251877,
        "var": 2.48028725248e+012
    },
    "spectral_strongpeak": {
        "mean": 1.25700509548,
        "var": 0.66704416275
    },
    "zerocrossingrate": {
        "mean": 0.0232936814427,
        "var": 0.000590434763581
    },
    "barkbands": {
        "mean": [0.0001795792341, 0.000194225751329, 0.000530835182872, 0.00241496181116, 0.0121302995831, 0.00670740380883, 0.00162711075973, 0.000580312858801, 0.0012140374165, 0.000607618596405, 0.000656490912661, 0.000323635526001, 0.000337398232659, 3.11020266963e-005, 7.36787260394e-005, 1.80600545718e-005, 3.47362802131e-005, 2.06740005524e-005, 4.05063692597e-005, 5.52715437152e-006, 4.45724481324e-006, 5.82874417887e-006, 5.68789209865e-006, 4.0157415242e-006, 5.23769949723e-006, 9.84198777587e-006, 3.86877241354e-009],
        "var": [7.01545133097e-008, 1.02006019631e-007, 1.39933820265e-006, 1.90257396753e-005, 0.00035970468889, 5.67554525333e-005, 4.91323135066e-006, 1.40678810112e-006, 3.32869126396e-006, 1.48182175508e-006, 4.77868297821e-006, 8.93243111477e-007, 2.36183723246e-006, 7.2458177236e-009, 5.24060510543e-008, 2.66513566771e-009, 1.34027313692e-008, 3.1551563584e-009, 2.38270381203e-008, 3.33454125423e-010, 2.14823547839e-010, 1.1441630976e-009, 1.07535347293e-009, 6.8573358103e-010, 5.03970143395e-010, 8.63817017915e-009, 4.22114591748e-015]
    },
    "erbbands": {
        "mean": [0.0116692753509, 0.0309759769589, 0.485412806273, 4.57040452957, 21.4409255981, 55.027141571, 32.8554115295, 61.5530815125, 33.7920761108, 19.2570838928, 8.57449531555, 27.8464889526, 32.1535263062, 15.529712677, 27.1536560059, 11.5190486908, 15.6034173965, 3.86668848991, 2.00666832924, 3.42973208427, 1.1728053093, 1.83123147488, 1.46500658989, 2.69522666931, 0.776909291744, 0.259536296129, 0.220840916038, 0.14630651474, 0.192200884223, 0.205149769783, 0.17609539628, 0.101075448096, 0.0695081204176, 0.0655109584332, 0.0314910747111, 0.0225365273654, 0.0227729212493, 0.00348382932134, 7.52436098992e-005, 3.29177601088e-005],
        "var": [0.000457460002508, 0.00240990542807, 0.884942650795, 61.9169158936, 1090.77612305, 8913.45214844, 1817.3972168, 5708.93701172, 1563.6418457, 616.803894043, 146.737991333, 1894.67150879, 1876.09753418, 1602.7244873, 5727.52148438, 794.190307617, 5557.1484375, 69.9870223999, 23.9094600677, 99.7352981567, 11.8492422104, 37.0701828003, 14.6726818085, 95.328666687, 6.90343093872, 0.697956442833, 0.552641808987, 0.273960113525, 2.15771698952, 1.00211143494, 1.06941103935, 0.603317797184, 0.126739084721, 0.0758498385549, 0.031338237226, 0.0168294012547, 0.042735401541, 0.00420945324004, 1.29195257159e-006, 1.32977129308e-009]
    },
    "gfcc": {
        "mean": [-100.042419434, 152.222702026, -87.7627563477, -25.2276210785, -63.422908783, -15.6946725845, -47.7065010071, -6.95060873032, -34.9152183533, -10.6081895828, -16.1816558838, 5.0963602066, -10.958325386],
        "cov": [[4741.71679688, -753.302185059, -676.340698242, 420.800140381, -198.840652466, 365.656494141, -21.7430477142, 270.655395508, -203.289596558, 60.3263168335, 30.7234077454, 204.326675415, -106.426460266], [-753.302185059, 1110.54370117, 393.286682129, -270.06036377, 188.80645752, -225.149230957, 39.1414604187, -235.131439209, 28.6304912567, -153.694625854, -34.9566841125, -138.851242065, 21.2517166138], [-676.340698242, 393.286682129, 753.048950195, 9.90603351593, -9.01899719238, -51.4189529419, -38.506401062, -90.7797393799, 21.5431442261, -52.2237968445, -101.732475281, -143.711029053, 9.72836112976], [420.800140381, -270.06036377, 9.90603351593, 284.092498779, -9.50912094116, 85.801109314, -7.5400929451, 73.5634536743, -2.94245481491, 45.7832298279, 10.982925415, 9.69761180878, -16.6793193817], [-198.840652466, 188.80645752, -9.01899719238, -9.50912094116, 239.028625488, 5.81448173523, 21.4703960419, -32.1929359436, -11.8696546555, -30.4161472321, 14.5248012543, -0.212257385254, -26.4201564789], [365.656494141, -225.149230957, -51.4189529419, 85.801109314, 5.81448173523, 200.028747559, 23.8069705963, 66.096572876, -9.04123973846, 39.85389328, 7.57128763199, 41.5434989929, 4.8924741745], [-21.7430477142, 39.1414604187, -38.506401062, -7.5400929451, 21.4703960419, 23.8069705963, 127.510505676, 24.0664577484, -18.8403682709, -12.0568809509, 28.5654602051, 32.348941803, -8.72669315338], [270.655395508, -235.131439209, -90.7797393799, 73.5634536743, -32.1929359436, 66.096572876, 24.0664577484, 177.282821655, 23.1265354156, 50.9718360901, 10.9460401535, 41.1085243225, -15.4133682251], [-203.289596558, 28.6304912567, 21.5431442261, -2.94245481491, -11.8696546555, -9.04123973846, -18.8403682709, 23.1265354156, 118.101478577, 43.7574081421, -9.78360080719, -6.01661729813, 14.0534801483], [60.3263168335, -153.694625854, -52.2237968445, 45.7832298279, -30.4161472321, 39.85389328, -12.0568809509, 50.9718360901, 43.7574081421, 124.046424866, 31.0778102875, 9.27127552032, 5.46844911575], [30.7234077454, -34.9566841125, -101.732475281, 10.982925415, 14.5248012543, 7.57128763199, 28.5654602051, 10.9460401535, -9.78360080719, 31.0778102875, 104.443786621, 52.9044456482, 0.779565513134], [204.326675415, -138.851242065, -143.711029053, 9.69761180878, -0.212257385254, 41.5434989929, 32.348941803, 41.1085243225, -6.01661729813, 9.27127552032, 52.9044456482, 138.426498413, 26.2011909485], [-106.426460266, 21.2517166138, 9.72836112976, -16.6793193817, -26.4201564789, 4.8924741745, -8.72669315338, -15.4133682251, 14.0534801483, 5.46844911575, 0.779565513134, 26.2011909485, 107.105186462]],
        "icov": [[0.000549066346139, -0.00089723081328, 0.000739633338526, -0.00103785539977, 0.00107617513277, -0.00103184289765, 0.000936026743148, -0.000559916428756, 0.00136143527925, -0.000426537008025, 0.000860264757648, -0.00102042919025, 0.000889605493285], [-0.00089723081328, 0.00505955098197, -0.00249680108391, 0.00361307547428, -0.00407059770077, 0.00344703649171, -0.00351663725451, 0.00251722894609, -0.00424297805876, 0.00293107330799, -0.00306035089307, 0.00389036512934, -0.0027142111212], [0.000739633338526, -0.00249680108391, 0.0033286861144, -0.00253314292058, 0.0023796944879, -0.00200815685093, 0.00173100561369, -0.000683802703861, 0.00205498887226, -0.000823858892545, 0.00261873239651, -0.000634689175058, 0.00116353598423], [-0.00103785539977, 0.00361307547428, -0.00253314292058, 0.00758343841881, -0.00331037747674, 0.00137097330298, -0.00194215658121, 0.000425216567237, -0.00295209721662, 0.00116700364742, -0.0031528044492, 0.00323661928996, -0.00175446271896], [0.00107617513277, -0.00407059770077, 0.0023796944879, -0.00331037747674, 0.00834272056818, -0.00387528352439, 0.00258200522512, -0.00102751736995, 0.00333437742665, -0.0009114407585, 0.00172044557985, -0.00326981791295, 0.00383923854679], [-0.00103184289765, 0.00344703649171, -0.00200815685093, 0.00137097330298, -0.00387528352439, 0.00986469723284, -0.00379643728957, 0.000549062562641, -0.00203386927024, -0.000407809275202, -0.000522361835465, 0.00125751201995, -0.00296635250561], [0.000936026743148, -0.00351663725451, 0.00173100561369, -0.00194215658121, 0.00258200522512, -0.00379643728957, 0.0122824832797, -0.00351908663288, 0.00420197099447, -0.000130783591885, -0.000238718654145, -0.00392210297287, 0.00288937496953], [-0.000559916428756, 0.00251722894609, -0.000683802703861, 0.000425216567237, -0.00102751736995, 0.000549062562641, -0.00351908663288, 0.0101319523528, -0.00383728207089, -0.000692716566846, 0.000150638239575, -1.501159295e-005, 0.000506739772391], [0.00136143527925, -0.00424297805876, 0.00205498887226, -0.00295209721662, 0.00333437742665, -0.00203386927024, 0.00420197099447, -0.00383728207089, 0.0156299397349, -0.00706004723907, 0.00513976765797, -0.0042612417601, 0.00156852568034], [-0.000426537008025, 0.00293107330799, -0.000823858892545, 0.00116700364742, -0.0009114407585, -0.000407809275202, -0.000130783591885, -0.000692716566846, -0.00706004723907, 0.0153252929449, -0.00718620838597, 0.00478931469843, -0.00204079877585], [0.000860264757648, -0.00306035089307, 0.00261873239651, -0.0031528044492, 0.00172044557985, -0.000522361835465, -0.000238718654145, 0.000150638239575, 0.00513976765797, -0.00718620838597, 0.0175425857306, -0.00772886490449, 0.00263922242448], [-0.00102042919025, 0.00389036512934, -0.000634689175058, 0.00323661928996, -0.00326981791295, 0.00125751201995, -0.00392210297287, -1.501159295e-005, -0.0042612417601, 0.00478931469843, -0.00772886490449, 0.0158534105867, -0.00591732561588], [0.000889605493285, -0.0027142111212, 0.00116353598423, -0.00175446271896, 0.00383923854679, -0.00296635250561, 0.00288937496953, 0.000506739772391, 0.00156852568034, -0.00204079877585, 0.00263922242448, -0.00591732561588, 0.0130978561938]]
    },
    "melbands": {
        "mean": [8.28732954687e-005, 0.000159347866429, 0.00109519576654, 0.00305173522793, 0.00135424674954, 0.0013350630179, 0.000500497873873, 0.000195816915948, 5.62352943234e-005, 0.000201222428586, 0.000156807742314, 5.3851857956e-005, 9.43001941778e-005, 5.14384082635e-005, 2.54183614743e-005, 2.90937732643e-005, 4.84205247631e-006, 2.14706142287e-006, 6.82637437421e-006, 2.12481108974e-006, 1.20873096421e-006, 1.91379831449e-006, 1.5818529846e-006, 1.11767189992e-006, 2.51508731708e-006, 7.45969828131e-007, 2.77431638551e-007, 1.42355858657e-007, 1.37788148891e-007, 1.08622408845e-007, 7.26665803086e-008, 9.88663373391e-008, 1.26665526068e-007, 1.02066579188e-007, 1.0143014606e-007, 7.7928483222e-008, 5.94744982152e-008, 4.70378154205e-008, 5.68708919957e-008, 5.34739434954e-008],
        "var": [1.97974934224e-008, 1.14476605972e-007, 2.77601361631e-006, 2.80685671896e-005, 1.96960104404e-006, 2.44988018494e-006, 3.39206451372e-007, 7.8788950475e-008, 7.55233831029e-009, 9.73646336888e-008, 4.76670578564e-008, 2.45645530583e-008, 1.01398839547e-007, 1.84841599804e-008, 2.18818350106e-008, 1.03080060043e-008, 1.3743010896e-010, 2.34663451865e-011, 5.38975586384e-010, 2.51126723583e-011, 1.67123016814e-011, 4.579717508e-011, 2.90777991963e-011, 9.69232766962e-012, 8.94078908131e-011, 1.04985005064e-011, 8.91223780972e-013, 3.02347936184e-013, 2.2753169791e-013, 1.39835761243e-013, 8.09659685217e-014, 8.18037857505e-013, 4.24486644836e-013, 2.5877566691e-013, 2.86117619397e-013, 4.37409928156e-013, 2.08794136494e-013, 7.67813547117e-014, 5.73796449265e-014, 5.33053927333e-014]
    },
    "mfcc": {
        "mean": [-766.125427246, 206.21395874, 14.9622325897, -0.060734141618, -5.63217926025, -16.0986862183, -11.3182229996, -5.55633544922, -17.9181175232, -13.885723114, -12.2200136185, -13.8599882126, -7.45704126358],
        "cov": [[3305.8515625, -1266.98144531, -411.501586914, 98.5238876343, -17.7343254089, 98.6124572754, 228.751235962, 288.970855713, -2.91740441322, -3.88261795044, 89.1753692627, 93.0453338623, 125.804641724], [-1266.98144531, 1300.1628418, 203.440216064, 2.25805091858, 51.5260505676, -21.1180706024, -60.3840789795, -84.0418930054, -39.6204071045, -47.2559394836, -82.4596481323, -63.2196273804, -115.791687012], [-411.501586914, 203.440216064, 584.632080078, 39.2575721741, 16.3668842316, 30.5631542206, -42.5591239929, -87.9738769531, 65.8790054321, 19.2603721619, -28.5851268768, -19.2188167572, -44.4280662537], [98.5238876343, 2.25805091858, 39.2575721741, 178.534942627, 37.2617835999, 3.51908731461, 26.8079929352, 9.20939826965, -16.5905132294, 3.27928161621, 10.6218719482, 10.8900279999, -14.8363189697], [-17.7343254089, 51.5260505676, 16.3668842316, 37.2617835999, 166.788330078, 36.5530586243, -1.93742120266, 4.37536144257, 10.5188264847, 17.7005767822, 6.74264574051, -11.7363147736, 2.08498716354], [98.6124572754, -21.1180706024, 30.5631542206, 3.51908731461, 36.5530586243, 126.91999054, 28.0920963287, 2.58052229881, 2.49935245514, -4.86271572113, -7.25662183762, -2.02615761757, 5.03718137741], [228.751235962, -60.3840789795, -42.5591239929, 26.8079929352, -1.93742120266, 28.0920963287, 159.451690674, 58.1123008728, -20.4436645508, -17.163318634, 5.51285123825, 28.2145595551, 4.65557193756], [288.970855713, -84.0418930054, -87.9738769531, 9.20939826965, 4.37536144257, 2.58052229881, 58.1123008728, 165.729522705, 4.34186601639, -36.730556488, 13.4003286362, 20.9423351288, 18.3004627228], [-2.91740441322, -39.6204071045, 65.8790054321, -16.5905132294, 10.5188264847, 2.49935245514, -20.4436645508, 4.34186601639, 124.147491455, 27.0873889923, -7.36126613617, 10.7916145325, 16.9849452972], [-3.88261795044, -47.2559394836, 19.2603721619, 3.27928161621, 17.7005767822, -4.86271572113, -17.163318634, -36.730556488, 27.0873889923, 129.471481323, 32.0240974426, -4.19668865204, 18.5594921112], [89.1753692627, -82.4596481323, -28.5851268768, 10.6218719482, 6.74264574051, -7.25662183762, 5.51285123825, 13.4003286362, -7.36126613617, 32.0240974426, 133.187957764, 25.9190998077, -14.5248727798], [93.0453338623, -63.2196273804, -19.2188167572, 10.8900279999, -11.7363147736, -2.02615761757, 28.2145595551, 20.9423351288, 10.7916145325, -4.19668865204, 25.9190998077, 113.455665588, 22.1996879578], [125.804641724, -115.791687012, -44.4280662537, -14.8363189697, 2.08498716354, 5.03718137741, 4.65557193756, 18.3004627228, 16.9849452972, 18.5594921112, -14.5248727798, 22.1996879578, 120.680038452]],
        "icov": [[0.000613801181316, 0.000510579382535, 0.000180527713383, -0.000310892559355, 5.57753446628e-005, -0.000363019411452, -0.000308953400236, -0.000605166133028, 2.6518231607e-005, -6.17564219283e-005, 3.31907831423e-005, 1.64145676536e-005, 2.88975070362e-006], [0.000510579382535, 0.00141297967639, -0.00013167122961, -8.81176165421e-005, -0.000422636396252, 2.33087321249e-005, -9.19650919968e-005, -0.000322910083923, 0.000444273493486, 0.000143182754982, 0.000638218654785, 5.35753715667e-005, 0.000805431220215], [0.000180527713383, -0.00013167122961, 0.00232037412934, -0.000802101159934, 0.000245618080953, -0.000780122645665, 5.61941924389e-005, 0.000832875433844, -0.00147355627269, -1.81894066031e-007, 0.00018160646141, 8.24503076728e-005, 0.000555061327759], [-0.000310892559355, -8.81176165421e-005, -0.000802101159934, 0.00666602049023, -0.00171621190384, 0.00082430272596, -0.000804060779046, -9.82397250482e-005, 0.00132759776898, -0.00039595135604, 4.61624003947e-005, -0.000829846831039, 0.000837184721604], [5.57753446628e-005, -0.000422636396252, 0.000245618080953, -0.00171621190384, 0.00726813683286, -0.0023381987121, 0.000510749348905, -0.00060483434936, -0.000803588598501, -0.000901960127521, -0.000627686735243, 0.000910251459572, -0.000531365163624], [-0.000363019411452, 2.33087321249e-005, -0.000780122645665, 0.00082430272596, -0.0023381987121, 0.0094476994127, -0.00178933795542, 0.000849628355354, 9.1837180662e-005, 0.000715012080036, 0.000382603058824, 0.00030982811586, -0.000332656811224], [-0.000308953400236, -9.19650919968e-005, 5.61941924389e-005, -0.000804060779046, 0.000510749348905, -0.00178933795542, 0.00844011642039, -0.00235530897044, 0.00146745331585, -0.000276064354694, 0.000522608461324, -0.00171509908978, 0.000467424048111], [-0.000605166133028, -0.000322910083923, 0.000832875433844, -9.82397250482e-005, -0.00060483434936, 0.000849628355354, -0.00235530897044, 0.00912717636675, -0.00184097629972, 0.00300520122983, -0.00131832936313, 0.000120516720926, -0.00108656822704], [2.6518231607e-005, 0.000444273493486, -0.00147355627269, 0.00132759776898, -0.000803588598501, 9.1837180662e-005, 0.00146745331585, -0.00184097629972, 0.0103183854371, -0.00237096450292, 0.00141139875632, -0.00157588068396, -0.000375875330064], [-6.17564219283e-005, 0.000143182754982, -1.81894066031e-007, -0.00039595135604, -0.000901960127521, 0.000715012080036, -0.000276064354694, 0.00300520122983, -0.00237096450292, 0.0103941736743, -0.00318234437145, 0.00137051439378, -0.00220628338866], [3.31907831423e-005, 0.000638218654785, 0.00018160646141, 4.61624003947e-005, -0.000627686735243, 0.000382603058824, 0.000522608461324, -0.00131832936313, 0.00141139875632, -0.00318234437145, 0.00973216909915, -0.00260659190826, 0.00276654562913], [1.64145676536e-005, 5.35753715667e-005, 8.24503076728e-005, -0.000829846831039, 0.000910251459572, 0.00030982811586, -0.00171509908978, 0.000120516720926, -0.00157588068396, 0.00137051439378, -0.00260659190826, 0.0106709301472, -0.002283815993], [2.88975070362e-006, 0.000805431220215, 0.000555061327759, 0.000837184721604, -0.000531365163624, -0.000332656811224, 0.000467424048111, -0.00108656822704, -0.000375875330064, -0.00220628338866, 0.00276654562913, -0.002283815993, 0.0106785455719]]
    },
    "spectral_contrast_coeffs": {
        "mean": [-0.46026456356, -0.564598977566, -0.663356900215, -0.746286213398, -0.770898938179, -0.787583708763],
        "var": [0.00988977216184, 0.00741892913356, 0.00486032757908, 0.00336231244728, 0.00274910824373, 0.00274117011577]
    },
    "spectral_contrast_valleys": {
        "mean": [-8.54854488373, -7.563393116, -8.15810012817, -9.35240459442, -9.89657783508, -12.5821456909],
        "var": [1.05726909637, 0.887824952602, 0.863374352455, 0.736886203289, 0.872703611851, 0.810854017735]
    }
},
"metadata": {
    "audio_properties": {
        "analysis_sample_rate": 44100,
        "bit_rate": 106468,
        "equal_loudness": 0,
        "length": 45.0612258911,
        "lossless": 0,
        "replay_gain": -11.8549518585,
        "sample_rate": 44100,
        "codec": "mp3",
        "downmix": "mix",
        "md5_encoded": "5d78e4483f767b36a41e904902cd321c"
    },
    "tags": {
        "file_name": "361.mp3"
    },
    "version": {
        "essentia": "2.1-beta2",
        "essentia_git_sha": "v2.1_beta2",
        "extractor": "music 1.0"
    }
},
"rhythm": {
    "beats_count": 96,
    "beats_loudness": {
        "mean": 0.034017700702,
        "var": 0.000397120020352
    },
    "bpm": 129.588760376,
    "bpm_histogram_first_peak_bpm": {
        "mean": 129,
        "var": 0
    },
    "bpm_histogram_first_peak_spread": {
        "mean": 0.377777785063,
        "var": 0
    },
    "bpm_histogram_first_peak_weight": {
        "mean": 0.589473664761,
        "var": 0
    },
    "bpm_histogram_second_peak_bpm": {
        "mean": 123,
        "var": 0
    },
    "bpm_histogram_second_peak_spread": {
        "mean": 0.33333337307,
        "var": 0
    },
    "bpm_histogram_second_peak_weight": {
        "mean": 0.0210526324809,
        "var": 0
    },
    "danceability": 1.34028565884,
    "onset_rate": 3.74876260757,
    "beats_loudness_band_ratio": {
        "mean": [0.243098795414, 0.605452001095, 0.17858196795, 0.0584541745484, 0.00772657198831, 0.0047980141826],
        "var": [0.0389100909233, 0.0475314445794, 0.0175792444497, 0.00619559921324, 0.000219229317736, 0.000156932888785]
    },
    "beats_position": [0.49922901392, 0.99845802784, 1.48607707024, 1.97369611263, 2.4497051239, 2.92571425438, 3.39011335373, 3.85451245308, 4.31891155243, 4.78331041336, 5.22448968887, 5.67727899551, 6.13006782532, 6.59446716309, 7.05886602402, 7.52326536179, 7.97605419159, 8.42884349823, 8.893242836, 9.35764122009, 9.82204055786, 10.2864398956, 10.7392292023, 11.1920175552, 11.656416893, 12.1208162308, 12.5852155685, 13.0496139526, 13.5140132904, 13.9784126282, 14.4428119659, 14.90721035, 15.3599996567, 15.8243989944, 16.3004074097, 16.7648067474, 17.2292060852, 17.693605423, 18.1580047607, 18.6224040985, 19.0868015289, 19.5512008667, 20.0039901733, 20.45677948, 20.9095687866, 21.3623580933, 21.826757431, 22.2911567688, 22.7555541992, 23.2083435059, 23.6611328125, 24.1139221191, 24.5667114258, 25.0195007324, 25.4722900391, 25.9366893768, 26.4010887146, 26.8770961761, 27.353105545, 27.8175048828, 28.2819042206, 28.7463035583, 29.199092865, 29.6518821716, 30.1162815094, 30.5806789398, 31.0450782776, 31.4862575531, 31.9506568909, 32.4150543213, 32.8794555664, 33.3554649353, 33.8198623657, 34.2726516724, 34.725440979, 35.1782302856, 35.6426315308, 36.1070289612, 36.5714263916, 37.0358276367, 37.5002250671, 37.976234436, 38.4522438049, 38.91664505, 39.3926506042, 39.8686599731, 40.3330612183, 40.7974586487, 41.2618598938, 41.7262573242, 42.2022666931, 42.6666641235, 43.1426734924, 43.6070747375, 44.071472168, 44.5358734131]
},
"tonal": {
    "chords_changes_rate": 0.0555555559695,
    "chords_number_rate": 0.0133744860068,
    "chords_strength": {
        "mean": 0.483092427254,
        "var": 0.00717888679355
    },
    "hpcp_entropy": {
        "mean": 1.36462271214,
        "var": 0.335018336773
    },
    "key_strength": 0.786016583443,
    "tuning_diatonic_strength": 0.544891774654,
    "tuning_equal_tempered_deviation": 0.092485383153,
    "tuning_frequency": 446.91595459,
    "tuning_nontempered_energy_ratio": 0.70389598608,
    "hpcp": {
        "mean": [0.159890726209, 0.119218423963, 0.1770516783, 0.238112524152, 0.105087682605, 0.0255649723113, 0.0242807380855, 0.0429871790111, 0.147085890174, 0.159902483225, 0.0549400039017, 0.0174010973424, 0.0141934873536, 0.0106897894293, 0.0547774359584, 0.0979597121477, 0.0564413554966, 0.0551314130425, 0.0889325216413, 0.0596706084907, 0.0779711604118, 0.0922493636608, 0.0757325813174, 0.188139364123, 0.223808065057, 0.12155494839, 0.116855822504, 0.104675337672, 0.068237580359, 0.159540325403, 0.17064280808, 0.0576075166464, 0.0164114292711, 0.014812820591, 0.0231277272105, 0.0902506113052],
        "var": [0.102891489863, 0.0474476665258, 0.0655439272523, 0.137013599277, 0.0293196272105, 0.00837116409093, 0.0079043423757, 0.015754615888, 0.0817104056478, 0.0900923907757, 0.0106852781028, 0.00583978137001, 0.00313148344867, 0.00273921759799, 0.0199153479189, 0.0662067234516, 0.0218991469592, 0.0232775006443, 0.0662038549781, 0.0240392386913, 0.0520581863821, 0.0681051760912, 0.0187409613281, 0.0824971348047, 0.122039504349, 0.0369804315269, 0.0756365582347, 0.0671031549573, 0.0220154244453, 0.0752979069948, 0.0869849845767, 0.015374946408, 0.00820154044777, 0.00648699840531, 0.0098428921774, 0.0383371002972]
    },
    "chords_histogram": [13.4773664474, 4.73251008987, 33.436214447, 2.05761313438, 10.3909463882, 2.57201647758, 0.308641970158, 0, 6.99588489532, 0.925925910473, 0.411522626877, 0, 0, 0, 5.04115247726, 0.823045253754, 2.67489719391, 1.44032919407, 0, 0, 0, 2.77777767181, 10.3909463882, 1.54320991039],
    "thpcp": [1, 0.441336214542, 0.107365086675, 0.101971693337, 0.180533051491, 0.617715895176, 0.671541690826, 0.230731263757, 0.073079302907, 0.0596083179116, 0.0448938570917, 0.230048522353, 0.411400914192, 0.2370364815, 0.231535121799, 0.37348946929, 0.250598371029, 0.327455103397, 0.387419193983, 0.318053752184, 0.79012799263, 0.939925611019, 0.510493695736, 0.490758836269, 0.439604490995, 0.286577045918, 0.670020699501, 0.716647744179, 0.241934001446, 0.068922996521, 0.0622093304992, 0.0971294045448, 0.379025042057, 0.671492278576, 0.500681042671, 0.743563055992],
    "chords_key": "F",
    "chords_scale": "major",
    "key_key": "A#",
    "key_scale": "major"
}
}