{
"lowlevel": {
    "average_loudness": 0.976699888706,
    "barkbands_crest": {
        "mean": 14.5245437622,
        "var": 12.3685350418
    },
    "barkbands_flatness_db": {
        "mean": 0.27324321866,
        "var": 0.00530418381095
    },
    "barkbands_kurtosis": {
        "mean": 38.2927627563,
        "var": 1059.20983887
    },
    "barkbands_skewness": {
        "mean": 4.61818408966,
        "var": 2.67596244812
    },
    "barkbands_spread": {
        "mean": 5.82530736923,
        "var": 33.1302185059
    },
    "dissonance": {
        "mean": 0.453905254602,
        "var": 0.000764865952078
    },
    "dynamic_complexity": 2.09273076057,
    "erbbands_crest": {
        "mean": 10.033452034,
        "var": 16.3619251251
    },
    "erbbands_flatness_db": {
        "mean": 0.166361197829,
        "var": 0.00222514453344
    },
    "erbbands_kurtosis": {
        "mean": 2.05092477798,
        "var": 46.9160842896
    },
    "erbbands_skewness": {
        "mean": 1.09783267975,
        "var": 1.53079581261
    },
    "erbbands_spread": {
        "mean": 50.987827301,
        "var": 504.408752441
    },
    "hfc": {
        "mean": 14.0190868378,
        "var": 96.1172637939
    },
    "melbands_crest": {
        "mean": 19.6824817657,
        "var": 20.5052051544
    },
    "melbands_flatness_db": {
        "mean": 0.373143851757,
        "var": 0.00727932853624
    },
    "melbands_kurtosis": {
        "mean": 78.7100906372,
        "var": 2429.50878906
    },
    "melbands_skewness": {
        "mean": 6.22052907944,
        "var": 4.0890750885
    },
    "melbands_spread": {
        "mean": 3.92021918297,
        "var": 38.1732063293
    },
    "pitch_salience": {
        "mean": 0.442938297987,
        "var": 0.0132019165903
    },
    "silence_rate_20dB": {
        "mean": 1,
        "var": 0
    },
    "silence_rate_30dB": {
        "mean": 0.704065859318,
        "var": 0.208356529474
    },
    "silence_rate_60dB": {
        "mean": 0.00205867225304,
        "var": 0.00205448735505
    },
    "spectral_centroid": {
        "mean": 535.028808594,
        "var": 294423.875
    },
    "spectral_complexity": {
        "mean": 9.49047851563,
        "var": 20.3630714417
    },
    "spectral_decrease": {
        "mean": -2.14038244906e-008,
        "var": 1.97274317523e-016
    },
    "spectral_energy": {
        "mean": 0.0820544660091,
        "var": 0.00287458836101
    },
    "spectral_energyband_high": {
        "mean": 0.000305846100673,
        "var": 4.31375013932e-007
    },
    "spectral_energyband_low": {
        "mean": 0.0681501030922,
        "var": 0.00251331785694
    },
    "spectral_energyband_middle_high": {
        "mean": 0.00156628200784,
        "var": 3.15648253491e-006
    },
    "spectral_energyband_middle_low": {
        "mean": 0.0190820340067,
        "var": 0.00041942804819
    },
    "spectral_entropy": {
        "mean": 6.72586917877,
        "var": 0.472527205944
    },
    "spectral_flux": {
        "mean": 0.112455286086,
        "var": 0.00432085990906
    },
    "spectral_kurtosis": {
        "mean": 7.70467853546,
        "var": 53.591835022
    },
    "spectral_rms": {
        "mean": 0.00852501112968,
        "var": 7.37735399525e-006
    },
    "spectral_rolloff": {
        "mean": 224.473876953,
        "var": 572705.3125
    },
    "spectral_skewness": {
        "mean": 1.99784064293,
        "var": 0.673051178455
    },
    "spectral_spread": {
        "mean": 4098226.75,
        "var": 3.3674208215e+012
    },
    "spectral_strongpeak": {
        "mean": 0.712246894836,
        "var": 0.26226568222
    },
    "zerocrossingrate": {
        "mean": 0.0179103463888,
        "var": 0.000482623989228
    },
    "barkbands": {
        "mean": [0.00156580866314, 0.035594522953, 0.0239961277694, 0.0116427531466, 0.00528790755197, 0.00133907352574, 0.000415534188505, 0.000112683861516, 0.00015553314006, 0.000213415274629, 0.000161239353474, 0.000134326735861, 3.89750784962e-005, 9.70778273768e-005, 0.000513152510393, 0.00010679315892, 8.74673642102e-005, 0.000152756882017, 8.95109478734e-005, 8.33704252727e-005, 8.1122139818e-005, 7.19107119949e-005, 5.74429286644e-005, 2.95513909805e-005, 1.69090853888e-005, 9.24393771129e-006, 3.28140231431e-007],
        "var": [7.55878181735e-006, 0.00121152354404, 0.00066749448888, 0.000331652641762, 3.26127847075e-005, 4.68033340439e-006, 3.62755713468e-007, 2.82279124519e-008, 1.4063091669e-007, 1.30101653895e-007, 1.11493207555e-007, 1.04383325095e-007, 4.08229938742e-009, 2.92823258974e-008, 1.12167424504e-006, 3.53364022487e-008, 1.69170384368e-008, 1.20357341871e-007, 1.96578433531e-008, 1.95685245785e-008, 4.23486348211e-008, 5.67611202484e-008, 3.52672024917e-008, 8.34399394023e-009, 2.06646566525e-009, 1.46281431412e-009, 7.34006085079e-012]
    },
    "erbbands": {
        "mean": [0.941125154495, 8.30565261841, 27.4492816925, 35.193977356, 24.4873275757, 19.2581863403, 16.2774085999, 5.94437551498, 4.29780101776, 6.49129390717, 1.99806177616, 3.82326984406, 7.66385889053, 6.74907588959, 3.18121790886, 6.29165506363, 2.44624114037, 4.42535591125, 16.4319839478, 17.4491577148, 6.87389230728, 5.04183769226, 8.40310096741, 6.03095149994, 4.20274162292, 3.56718158722, 3.14013314247, 3.45533013344, 2.7586247921, 1.95135259628, 1.66759502888, 0.694012701511, 0.459324002266, 0.223859459162, 0.114504113793, 0.0561668798327, 0.0108469948173, 0.00172808940988, 8.45955000841e-005, 9.1494708613e-005],
        "var": [1.26847839355, 64.5190811157, 762.219055176, 1692.35412598, 1129.93066406, 454.396514893, 386.720367432, 61.5657653809, 28.7016220093, 97.4065628052, 3.79032278061, 122.617591858, 168.832473755, 146.525970459, 23.4672355652, 254.396438599, 13.4580965042, 38.3798904419, 817.052429199, 1346.36755371, 132.702178955, 53.5077400208, 372.448944092, 107.414741516, 45.2647743225, 31.2707576752, 32.7323760986, 110.587463379, 46.0049591064, 74.8442840576, 30.5129718781, 3.1884932518, 2.69177865982, 0.441176623106, 0.127542719245, 0.049337554723, 0.00197213352658, 5.02090442751e-005, 1.0226062841e-007, 3.59586094234e-009]
    },
    "gfcc": {
        "mean": [-36.1885566711, 132.439743042, -78.2297134399, 68.053024292, -27.5889549255, 18.6923389435, -30.1968288422, 0.520064532757, -14.1063604355, -7.09648704529, -15.1721477509, -7.74652004242, -2.6525683403],
        "cov": [[5074.53955078, -1154.14440918, -623.438781738, 380.5597229, -433.588806152, 296.276672363, -279.161987305, 214.507598877, -319.286804199, 164.364807129, -250.445800781, 154.510650635, -115.316360474], [-1154.14440918, 1166.60070801, -11.5089817047, -239.141555786, 248.32963562, -262.577880859, 150.71824646, -157.967407227, 218.168411255, -184.09588623, 165.527938843, -129.302047729, 139.412780762], [-623.438781738, -11.5089817047, 498.253601074, -9.94669628143, 78.9050750732, -4.24006795883, -5.41540336609, 2.752212286, 1.01176226139, 28.4346141815, -4.36678123474, -0.852244794369, -61.5949325562], [380.5597229, -239.141555786, -9.94669628143, 205.263427734, -72.1351394653, 55.4666442871, -14.4112205505, 12.2636327744, -28.3585357666, -1.53870487213, -21.4280509949, -9.23493480682, -14.4888877869], [-433.588806152, 248.32963562, 78.9050750732, -72.1351394653, 195.089752197, -55.2976455688, 51.4782981873, -34.3711166382, 53.8621864319, -23.0036354065, 24.6749572754, -27.6900653839, 14.536734581], [296.276672363, -262.577880859, -4.24006795883, 55.4666442871, -55.2976455688, 138.832092285, -7.53923892975, 23.8047466278, -43.3805351257, 46.9680938721, -19.6735591888, 26.3790054321, -29.3524837494], [-279.161987305, 150.71824646, -5.41540336609, -14.4112205505, 51.4782981873, -7.53923892975, 115.026931763, -10.6235303879, 46.7201080322, -35.5568351746, 28.1768245697, -26.1033916473, 5.8786110878], [214.507598877, -157.967407227, 2.752212286, 12.2636327744, -34.3711166382, 23.8047466278, -10.6235303879, 90.8567581177, -11.3472766876, 28.3468151093, -32.9561347961, 13.3348722458, -17.9364032745], [-319.286804199, 218.168411255, 1.01176226139, -28.3585357666, 53.8621864319, -43.3805351257, 46.7201080322, -11.3472766876, 129.123291016, -12.9340629578, 26.5894584656, -47.6479148865, 39.5195922852], [164.364807129, -184.09588623, 28.4346141815, -1.53870487213, -23.0036354065, 46.9680938721, -35.5568351746, 28.3468151093, -12.9340629578, 114.143844604, -7.70162916183, 31.7208766937, -21.5417900085], [-250.445800781, 165.527938843, -4.36678123474, -21.4280509949, 24.6749572754, -19.6735591888, 28.1768245697, -32.9561347961, 26.5894584656, -7.70162916183, 104.380561829, 4.37148046494, 22.5466575623], [154.510650635, -129.302047729, -0.852244794369, -9.23493480682, -27.6900653839, 26.3790054321, -26.1033916473, 13.3348722458, -47.6479148865, 31.7208766937, 4.37148046494, 90.5518798828, -2.44272398949], [-115.316360474, 139.412780762, -61.5949325562, -14.4888877869, 14.536734581, -29.3524837494, 5.8786110878, -17.9364032745, 39.5195922852, -21.5417900085, 22.5466575623, -2.44272398949, 102.300872803]],
        "icov": [[0.000554257829208, -0.00101601693314, 0.000787260825746, -0.0014125603484, 0.00017393133021, -0.00103165593464, 0.00103367387783, -0.00125989119988, 0.000904392858502, -0.000952951842919, 0.00133354181889, -0.000928612542339, 0.000816183397546], [-0.00101601693314, 0.00962400157005, -0.00166424014606, 0.00804956443608, -0.00175597157795, 0.00743867456913, -0.00405209278688, 0.00725263450295, -0.0055625885725, 0.00727099273354, -0.00822719931602, 0.00614042812958, -0.00459447270259], [0.000787260825746, -0.00166424014606, 0.0035722234752, -0.00245183240622, -0.00104463787284, -0.00149725715164, 0.00209390698001, -0.00202247546986, 0.00107499188744, -0.00190362893045, 0.00196278537624, -0.00170165160671, 0.00291353743523], [-0.0014125603484, 0.00804956443608, -0.00245183240622, 0.0138197625056, 0.000537999905646, 0.00419793836772, -0.0039000750985, 0.00672424165532, -0.00453874142841, 0.00742069678381, -0.00721953529865, 0.00735820550472, -0.00446703238413], [0.00017393133021, -0.00175597157795, -0.00104463787284, 0.000537999905646, 0.00861022528261, 0.000262013607426, -0.00216187443584, 0.000803914095741, 6.03974513069e-005, -0.0017566716997, 0.0019202765543, -0.000380847253837, 0.000327583838953], [-0.00103165593464, 0.00743867456913, -0.00149725715164, 0.00419793836772, 0.000262013607426, 0.0173909291625, -0.00675264932215, 0.00589026184753, -0.0019445954822, 0.00103700428735, -0.00552260084078, 0.00379656557925, -0.00295627955347], [0.00103367387783, -0.00405209278688, 0.00209390698001, -0.0039000750985, -0.00216187443584, -0.00675264932215, 0.0162115804851, -0.00521272281185, -0.00150743126869, 0.00152079272084, 0.00102721282747, -0.00243405788206, 0.00453786505386], [-0.00125989119988, 0.00725263450295, -0.00202247546986, 0.00672424165532, 0.000803914095741, 0.00589026184753, -0.00521272281185, 0.0204217247665, -0.00580612430349, 0.00295972661115, -0.00231239269488, 0.00314053846523, -0.00266252271831], [0.000904392858502, -0.0055625885725, 0.00107499188744, -0.00453874142841, 6.03974513069e-005, -0.0019445954822, -0.00150743126869, -0.00580612430349, 0.0180376339704, -0.00780662242323, 0.00347282947041, 0.00306555256248, -0.00219760695472], [-0.000952951842919, 0.00727099273354, -0.00190362893045, 0.00742069678381, -0.0017566716997, 0.00103700428735, 0.00152079272084, 0.00295972661115, -0.00780662242323, 0.0193759687245, -0.00759644247591, 0.00134710175917, -0.00129717681557], [0.00133354181889, -0.00822719931602, 0.00196278537624, -0.00721953529865, 0.0019202765543, -0.00552260084078, 0.00102721282747, -0.00231239269488, 0.00347282947041, -0.00759644247591, 0.0201875213534, -0.00831466261297, 0.00296343443915], [-0.000928612542339, 0.00614042812958, -0.00170165160671, 0.00735820550472, -0.000380847253837, 0.00379656557925, -0.00243405788206, 0.00314053846523, 0.00306555256248, 0.00134710175917, -0.00831466261297, 0.0211211349815, -0.00612697564065], [0.000816183397546, -0.00459447270259, 0.00291353743523, -0.00446703238413, 0.000327583838953, -0.00295627955347, 0.00453786505386, -0.00266252271831, -0.00219760695472, -0.00129717681557, 0.00296343443915, -0.00612697564065, 0.0162319112569]]
    },
    "melbands": {
        "mean": [0.00907090958208, 0.0134600335732, 0.00594698265195, 0.00148249836639, 0.000608431757428, 0.000162976793945, 7.2067246947e-005, 6.18995763944e-005, 1.45398198583e-005, 2.58000945905e-005, 3.73403163394e-005, 2.58702948486e-005, 1.39562271215e-005, 1.29441814352e-005, 1.20294407679e-005, 3.89559454561e-006, 8.34156344354e-006, 1.82274870895e-005, 4.71334133181e-005, 8.27952771942e-006, 7.06933087713e-006, 5.03146975461e-006, 6.09288827036e-006, 7.84621624916e-006, 4.48561195299e-006, 3.17481772072e-006, 2.91157766696e-006, 2.17451884055e-006, 1.96489440896e-006, 2.01231750907e-006, 1.80517929493e-006, 1.85586804946e-006, 9.61886030382e-007, 1.09773486656e-006, 1.15129773803e-006, 5.60731905352e-007, 3.63972390005e-007, 3.30731893428e-007, 2.6970565159e-007, 1.61473437288e-007],
        "var": [8.89036018634e-005, 0.000143197306897, 4.2657047743e-005, 2.70506484412e-006, 3.59955805607e-007, 5.55038823791e-008, 9.11462283426e-009, 8.4942506362e-009, 3.15129394801e-010, 5.45709610833e-009, 4.26719592994e-009, 2.13683715167e-009, 7.43955452798e-010, 1.186846732e-009, 6.52128573364e-010, 4.60873526842e-011, 1.80290088414e-010, 1.3455592196e-009, 1.25512045202e-008, 1.4543002913e-010, 1.42850814511e-010, 6.85036194437e-011, 1.85696361066e-010, 5.0072090918e-010, 7.30686691708e-011, 3.00387839602e-011, 3.23284697623e-011, 1.28605910643e-011, 1.3003926061e-011, 2.79926394564e-011, 2.74563895925e-011, 2.40693125153e-011, 1.66391015549e-011, 1.90700545633e-011, 1.9599825235e-011, 2.87159553948e-012, 8.92409356048e-013, 1.51982972648e-012, 1.16272020224e-012, 2.12251142226e-013]
    },
    "mfcc": {
        "mean": [-688.604797363, 148.713317871, 26.5366687775, 57.6201553345, 30.1625442505, 25.4745159149, 4.38946056366, 11.3309879303, 5.38040542603, 6.39715051651, -3.76186561584, -7.27059364319, -3.70447206497],
        "cov": [[3949.77709961, -1472.16589355, -263.896606445, -60.8567123413, -185.007919312, -8.38632392883, 5.8682641983, -14.030380249, 2.39302635193, -22.2703647614, -73.3790054321, -72.9087219238, -54.9848136902], [-1472.16589355, 1277.96166992, -90.7649383545, 35.5816459656, 99.6333770752, -60.1523666382, -54.5724334717, 15.1005592346, -3.97050762177, 17.5560531616, -7.01696443558, -33.0126609802, 47.4424095154], [-263.896606445, -90.7649383545, 302.745666504, 22.8394813538, 30.0670261383, 28.4843101501, 15.7191820145, -9.07398223877, -15.5580844879, -2.89001107216, 33.4269523621, 51.2360076904, -15.2293157578], [-60.8567123413, 35.5816459656, 22.8394813538, 137.802261353, 18.8785114288, 2.79855465889, -4.11641979218, 19.6614227295, 2.68506073952, 8.20368766785, 6.62958669662, -18.2429485321, -21.1008358002], [-185.007919312, 99.6333770752, 30.0670261383, 18.8785114288, 98.5877532959, 2.85858631134, -0.968249082565, -12.3889284134, 0.42329916358, 6.16513395309, -5.06421136856, -11.5886325836, 19.4338092804], [-8.38632392883, -60.1523666382, 28.4843101501, 2.79855465889, 2.85858631134, 102.361495972, 27.439163208, 4.44801092148, -8.22757148743, 1.48137903214, 1.52137053013, 22.1399879456, 7.05679893494], [5.8682641983, -54.5724334717, 15.7191820145, -4.11641979218, -0.968249082565, 27.439163208, 77.0014572144, 13.6950092316, -15.5406265259, -11.7699155807, 11.7713413239, 15.037065506, -2.87580180168], [-14.030380249, 15.1005592346, -9.07398223877, 19.6614227295, -12.3889284134, 4.44801092148, 13.6950092316, 80.6728591919, 10.3005371094, -1.96478748322, 3.86830163002, -8.50648975372, -15.8385906219], [2.39302635193, -3.97050762177, -15.5580844879, 2.68506073952, 0.42329916358, -8.22757148743, -15.5406265259, 10.3005371094, 97.1018218994, 27.3542003632, -9.60723495483, -14.2321195602, -8.36548900604], [-22.2703647614, 17.5560531616, -2.89001107216, 8.20368766785, 6.16513395309, 1.48137903214, -11.7699155807, -1.96478748322, 27.3542003632, 94.1482086182, 12.7101764679, -5.39371967316, -11.6704339981], [-73.3790054321, -7.01696443558, 33.4269523621, 6.62958669662, -5.06421136856, 1.52137053013, 11.7713413239, 3.86830163002, -9.60723495483, 12.7101764679, 94.8044281006, 28.1564731598, -30.6515693665], [-72.9087219238, -33.0126609802, 51.2360076904, -18.2429485321, -11.5886325836, 22.1399879456, 15.037065506, -8.50648975372, -14.2321195602, -5.39371967316, 28.1564731598, 98.7883605957, 7.72315645218], [-54.9848136902, 47.4424095154, -15.2293157578, -21.1008358002, 19.4338092804, 7.05679893494, -2.87580180168, -15.8385906219, -8.36548900604, -11.6704339981, -30.6515693665, 7.72315645218, 96.3363647461]],
        "icov": [[0.000586783164181, 0.000729824416339, 0.000631440314464, -2.80370622932e-005, 0.000198997586267, 0.000189638652955, 0.000233475657296, 2.49046606768e-005, 0.000249359552981, -4.19994503318e-005, 0.000257627485553, 0.000243709466304, 0.000105204700958], [0.000729824416339, 0.00186651980039, 0.00113880739082, -0.000176639689016, -0.000816985208075, 0.000677344331052, 0.000883464876097, -0.000476851157146, 0.000566104310565, -0.000183114243555, 0.00011995917157, 0.000172608401044, -0.000246833951678], [0.000631440314464, 0.00113880739082, 0.00486587360501, -0.000715462665539, -0.00170736620203, -0.00028897964512, 0.000361270504072, 0.000249875854934, 0.000559461244848, 0.000210131227504, -0.000348674919223, -0.0018603693461, 0.000941787962802], [-2.80370622932e-005, -0.000176639689016, -0.000715462665539, 0.0084412926808, -0.00165071815718, -0.000636251992546, 0.000888340582605, -0.00203911098652, 0.000378540484235, -0.000323771382682, -0.00030027324101, 0.00148122222163, 0.00165703962557], [0.000198997586267, -0.000816985208075, -0.00170736620203, -0.00165071815718, 0.0133971683681, -0.000502419949044, -0.00125126098283, 0.00247802981175, -0.00047806504881, -0.000728512590285, -4.87770412292e-005, 0.00266438396648, -0.00277017126791], [0.000189638652955, 0.000677344331052, -0.00028897964512, -0.000636251992546, -0.000502419949044, 0.0118139991537, -0.0034752569627, -0.000671489280649, 0.000571500568185, -0.00118888809811, 0.00110135378782, -0.00205761636607, -0.000967579951975], [0.000233475657296, 0.000883464876097, 0.000361270504072, 0.000888340582605, -0.00125126098283, -0.0034752569627, 0.0164478961378, -0.00327399536036, 0.0020729820244, 0.0015367945889, -0.00145331118256, -0.00094286899548, 0.000388940796256], [2.49046606768e-005, -0.000476851157146, 0.000249875854934, -0.00203911098652, 0.00247802981175, -0.000671489280649, -0.00327399536036, 0.0147035615519, -0.00204253196716, 0.000906537927222, -0.000243813687121, 0.00126877555158, 0.0014640459558], [0.000249359552981, 0.000566104310565, 0.000559461244848, 0.000378540484235, -0.00047806504881, 0.000571500568185, 0.0020729820244, -0.00204253196716, 0.0122941648588, -0.0034739067778, 0.0016713734949, 0.00050798204029, 0.000953340786509], [-4.19994503318e-005, -0.000183114243555, 0.000210131227504, -0.000323771382682, -0.000728512590285, -0.00118888809811, 0.0015367945889, 0.000906537927222, -0.0034739067778, 0.0124080944806, -0.0022137213964, 0.00050061190268, 0.000914485892281], [0.000257627485553, 0.00011995917157, -0.000348674919223, -0.00030027324101, -4.87770412292e-005, 0.00110135378782, -0.00145331118256, -0.000243813687121, 0.0016713734949, -0.0022137213964, 0.0141767710447, -0.00397070078179, 0.00451871473342], [0.000243709466304, 0.000172608401044, -0.0018603693461, 0.00148122222163, 0.00266438396648, -0.00205761636607, -0.00094286899548, 0.00126877555158, 0.00050798204029, 0.00050061190268, -0.00397070078179, 0.0140454396605, -0.00240648537874], [0.000105204700958, -0.000246833951678, 0.000941787962802, 0.00165703962557, -0.00277017126791, -0.000967579951975, 0.000388940796256, 0.0014640459558, 0.000953340786509, 0.000914485892281, 0.00451871473342, -0.00240648537874, 0.013779964298]]
    },
    "spectral_contrast_coeffs": {
        "mean": [-0.629091203213, -0.694241762161, -0.759020805359, -0.760500013828, -0.78651368618, -0.743288993835],
        "var": [0.00498079508543, 0.00518704857677, 0.00519393756986, 0.00482610566542, 0.00334852607921, 0.00180539500434]
    },
    "spectral_contrast_valleys": {
        "mean": [-6.08389997482, -7.59136390686, -8.35019779205, -8.45725345612, -8.37055206299, -11.1792888641],
        "var": [0.875184237957, 0.877934217453, 0.870238184929, 0.96990352869, 1.21189963818, 1.35277116299]
    }
},
"metadata": {
    "audio_properties": {
        "analysis_sample_rate": 44100,
        "bit_rate": 110182,
        "equal_loudness": 0,
        "length": 45.0873451233,
        "lossless": 0,
        "replay_gain": -9.09212493896,
        "sample_rate": 44100,
        "codec": "mp3",
        "downmix": "mix",
        "md5_encoded": "37ea35cc56efb6c5751a1d194892c3d4"
    },
    "tags": {
        "file_name": "364.mp3"
    },
    "version": {
        "essentia": "2.1-beta2",
        "essentia_git_sha": "v2.1_beta2",
        "extractor": "music 1.0"
    }
},
"rhythm": {
    "beats_count": 90,
    "beats_loudness": {
        "mean": 0.134789407253,
        "var": 0.00212786742486
    },
    "bpm": 120.083976746,
    "bpm_histogram_first_peak_bpm": {
        "mean": 120,
        "var": 0
    },
    "bpm_histogram_first_peak_spread": {
        "mean": 0.441860467196,
        "var": 0
    },
    "bpm_histogram_first_peak_weight": {
        "mean": 0.539325833321,
        "var": 0
    },
    "bpm_histogram_second_peak_bpm": {
        "mean": 129,
        "var": 0
    },
    "bpm_histogram_second_peak_spread": {
        "mean": 0.333333313465,
        "var": 0
    },
    "bpm_histogram_second_peak_weight": {
        "mean": 0.0224719103426,
        "var": 0
    },
    "danceability": 1.6950494051,
    "onset_rate": 5.05489873886,
    "beats_loudness_band_ratio": {
        "mean": [0.929244816303, 0.0600821860135, 0.00786552764475, 0.00468357931823, 0.0100925303996, 0.00377160450444],
        "var": [0.00277928239666, 0.00228318409063, 4.26104852522e-005, 2.83642202703e-005, 0.000214228814002, 3.52903443854e-005]
    },
    "beats_position": [0.452789098024, 0.917188167572, 1.38158726692, 1.8575963974, 2.34521532059, 2.83283448219, 3.33206343651, 3.83129239082, 4.33052158356, 4.82975053787, 5.32897949219, 5.81659841537, 6.31582736969, 6.82666635513, 7.33750534058, 7.8251247406, 8.32435321808, 8.82358264923, 9.33442115784, 9.83365058899, 10.3328800201, 10.8204984665, 11.3197278976, 11.8189563751, 12.3181858063, 12.8174142838, 13.3166437149, 13.8158731461, 14.3267116547, 14.8259410858, 15.3251695633, 15.8127889633, 16.3120174408, 16.8112468719, 17.3104763031, 17.8097057343, 18.3205432892, 18.8313827515, 19.3422222137, 19.8298416138, 20.3174591064, 20.8166885376, 21.3159179688, 21.8151473999, 22.3143768311, 22.8136043549, 23.312833786, 23.8236732483, 24.3112926483, 24.8221302032, 25.3097496033, 25.8205890656, 26.3314285278, 26.8422679901, 27.3414955139, 27.8407249451, 28.3283443451, 28.8391838074, 29.3384113312, 29.8376407623, 30.3252601624, 30.8244895935, 31.3237190247, 31.8229465485, 32.322177887, 32.8214035034, 33.3206329346, 33.8198623657, 34.3190917969, 34.8067131042, 35.3175506592, 35.8051681519, 36.3160095215, 36.8268470764, 37.3376846313, 37.8369140625, 38.3361434937, 38.8353729248, 39.334602356, 39.8222198486, 40.309841156, 40.8206787109, 41.3083000183, 41.8191375732, 42.3183670044, 42.8175964355, 43.3284339905, 43.8276634216, 44.3268928528, 44.8377304077]
},
"tonal": {
    "chords_changes_rate": 0.0606995895505,
    "chords_number_rate": 0.00823045242578,
    "chords_strength": {
        "mean": 0.510787248611,
        "var": 0.00574715388939
    },
    "hpcp_entropy": {
        "mean": 1.91284668446,
        "var": 0.465200960636
    },
    "key_strength": 0.869500875473,
    "tuning_diatonic_strength": 0.686577737331,
    "tuning_equal_tempered_deviation": 0.124053791165,
    "tuning_frequency": 442.548919678,
    "tuning_nontempered_energy_ratio": 0.771410882473,
    "hpcp": {
        "mean": [0.0503776445985, 0.081597045064, 0.179375246167, 0.224559232593, 0.120441824198, 0.0309614054859, 0.0233896374702, 0.0379210785031, 0.0801480188966, 0.0865865051746, 0.0416622832417, 0.0159659124911, 0.015891648829, 0.0261782389134, 0.0499801971018, 0.0748822391033, 0.120436362922, 0.219145566225, 0.22096773982, 0.105710238218, 0.0420837849379, 0.0348654612899, 0.086855225265, 0.162197947502, 0.130417779088, 0.0579912550747, 0.0358929932117, 0.0361365973949, 0.0595362111926, 0.114978708327, 0.135225981474, 0.107272803783, 0.122336730361, 0.1401193887, 0.0982456877828, 0.0561953559518],
        "var": [0.0256154816598, 0.0367575138807, 0.0901162549853, 0.124011985958, 0.0513134486973, 0.00945780053735, 0.00711652589962, 0.0141738634557, 0.0462103411555, 0.0556698478758, 0.0182363074273, 0.00640764459968, 0.00758931273594, 0.0142496759072, 0.0282596386969, 0.0421536974609, 0.0489372499287, 0.118312217295, 0.118334598839, 0.0444066412747, 0.0179745033383, 0.0173389837146, 0.0287720579654, 0.086960606277, 0.0656248629093, 0.0285829715431, 0.0169048253447, 0.0194482486695, 0.0307589955628, 0.0705950409174, 0.0817762166262, 0.0557361058891, 0.0636300817132, 0.0869352221489, 0.0507553368807, 0.0263575259596]
    },
    "chords_histogram": [48.5596694946, 7.81893014908, 11.1111106873, 0, 0.617283940315, 0, 0, 0, 3.70370364189, 0.514403283596, 2.26337456703, 0, 0, 0, 0, 0, 0, 0.720164597034, 0, 0, 0, 3.39506173134, 10.3909463882, 10.9053497314],
    "thpcp": [1, 0.536347687244, 0.137876346707, 0.104157984257, 0.168868929148, 0.356912583113, 0.385584264994, 0.185529142618, 0.0710988938808, 0.0707681849599, 0.116576097906, 0.222570210695, 0.333463191986, 0.536323368549, 0.975892007351, 0.984006464481, 0.470745444298, 0.187406167388, 0.15526175499, 0.386780917645, 0.722294688225, 0.580772280693, 0.258244812489, 0.159837529063, 0.160922333598, 0.265124768019, 0.512019515038, 0.602183997631, 0.477703809738, 0.544786036015, 0.623975157738, 0.437504559755, 0.250247359276, 0.224340111017, 0.363365352154, 0.798788130283],
    "chords_key": "D#",
    "chords_scale": "major",
    "key_key": "D#",
    "key_scale": "major"
}
}