{
"lowlevel": {
    "average_loudness": 0.97445589304,
    "barkbands_crest": {
        "mean": 12.9706840515,
        "var": 29.1077613831
    },
    "barkbands_flatness_db": {
        "mean": 0.186625868082,
        "var": 0.0021447299514
    },
    "barkbands_kurtosis": {
        "mean": 7.00787115097,
        "var": 65.1097412109
    },
    "barkbands_skewness": {
        "mean": 1.75059759617,
        "var": 1.08620595932
    },
    "barkbands_spread": {
        "mean": 9.42210292816,
        "var": 28.7202644348
    },
    "dissonance": {
        "mean": 0.421267300844,
        "var": 0.00185088673607
    },
    "dynamic_complexity": 2.24372792244,
    "erbbands_crest": {
        "mean": 12.859790802,
        "var": 35.5263748169
    },
    "erbbands_flatness_db": {
        "mean": 0.231406897306,
        "var": 0.00162004574668
    },
    "erbbands_kurtosis": {
        "mean": 2.79462313652,
        "var": 23.7523231506
    },
    "erbbands_skewness": {
        "mean": 1.30024433136,
        "var": 0.785427689552
    },
    "erbbands_spread": {
        "mean": 21.1795711517,
        "var": 84.2127990723
    },
    "hfc": {
        "mean": 12.7638301849,
        "var": 137.654052734
    },
    "melbands_crest": {
        "mean": 15.8349161148,
        "var": 45.8426322937
    },
    "melbands_flatness_db": {
        "mean": 0.234580025077,
        "var": 0.00259147095494
    },
    "melbands_kurtosis": {
        "mean": 10.9956092834,
        "var": 128.295547485
    },
    "melbands_skewness": {
        "mean": 2.00602984428,
        "var": 1.43738520145
    },
    "melbands_spread": {
        "mean": 12.3121643066,
        "var": 77.9939651489
    },
    "pitch_salience": {
        "mean": 0.538051307201,
        "var": 0.0168224871159
    },
    "silence_rate_20dB": {
        "mean": 1,
        "var": 0
    },
    "silence_rate_30dB": {
        "mean": 0.999485075474,
        "var": 0.000514665152878
    },
    "silence_rate_60dB": {
        "mean": 0.0169927906245,
        "var": 0.0167036689818
    },
    "spectral_centroid": {
        "mean": 872.044067383,
        "var": 210951.515625
    },
    "spectral_complexity": {
        "mean": 13.4629249573,
        "var": 20.870929718
    },
    "spectral_decrease": {
        "mean": -5.01571495448e-009,
        "var": 2.15668633898e-017
    },
    "spectral_energy": {
        "mean": 0.020088173449,
        "var": 0.000343412015354
    },
    "spectral_energyband_high": {
        "mean": 0.000143311306601,
        "var": 3.10412566762e-008
    },
    "spectral_energyband_low": {
        "mean": 0.00058999157045,
        "var": 5.57099383514e-007
    },
    "spectral_energyband_middle_high": {
        "mean": 0.00371601851657,
        "var": 2.52646368608e-005
    },
    "spectral_energyband_middle_low": {
        "mean": 0.0157531388104,
        "var": 0.000265315378783
    },
    "spectral_entropy": {
        "mean": 6.87671613693,
        "var": 0.1724755615
    },
    "spectral_flux": {
        "mean": 0.0683859214187,
        "var": 0.00201053288765
    },
    "spectral_kurtosis": {
        "mean": 7.96659755707,
        "var": 21.8373947144
    },
    "spectral_rms": {
        "mean": 0.00407557515427,
        "var": 2.98791678688e-006
    },
    "spectral_rolloff": {
        "mean": 935.439331055,
        "var": 830722.875
    },
    "spectral_skewness": {
        "mean": 2.00422334671,
        "var": 0.2884747684
    },
    "spectral_spread": {
        "mean": 3145864.75,
        "var": 1.77010717491e+012
    },
    "spectral_strongpeak": {
        "mean": 1.5261374712,
        "var": 1.4946359396
    },
    "zerocrossingrate": {
        "mean": 0.0392623879015,
        "var": 0.0005903551355
    },
    "barkbands": {
        "mean": [6.01837600698e-005, 0.000356424920028, 0.000102830112155, 0.000135143185616, 0.00161097839009, 0.00163434352726, 0.00877569895238, 0.00157731596846, 0.00193180446513, 0.00112712569535, 0.000575034937356, 0.000797205604613, 0.000352461327566, 0.000178070855327, 0.000254923012108, 0.000180669521797, 0.000104670907604, 7.88249162724e-005, 7.29112798581e-005, 7.77973909862e-005, 5.45872862858e-005, 3.12620250043e-005, 7.13768304195e-006, 7.48414049667e-006, 1.96306996258e-006, 1.2949989241e-006, 2.89178263557e-008],
        "var": [7.62469287707e-009, 3.57108490334e-007, 1.30445600988e-008, 6.18615061398e-008, 4.02975319957e-006, 4.85310692966e-006, 0.00020436149498, 1.77097845153e-005, 3.40406440955e-005, 5.10108293383e-006, 3.0916301057e-006, 9.03843920241e-006, 7.37109360216e-007, 1.60666957072e-007, 2.9282568903e-007, 1.1427040647e-007, 2.75156146756e-008, 1.54244759187e-008, 1.38990472465e-008, 2.06378540923e-008, 5.24485477271e-009, 2.66021471518e-009, 2.24619919886e-010, 1.50566725754e-010, 1.01709370093e-011, 7.96747650494e-012, 1.30500816113e-014]
    },
    "erbbands": {
        "mean": [0.0151718081906, 0.0601766556501, 0.126742556691, 0.330466747284, 1.48477625847, 6.32473182678, 11.4269123077, 18.0677070618, 125.957168579, 64.8051605225, 32.056552887, 49.165851593, 25.8335533142, 40.3149299622, 32.6166496277, 24.1718711853, 17.8420333862, 8.90184879303, 15.7616605759, 7.71317720413, 11.2328090668, 6.60261011124, 4.07012176514, 4.48926591873, 3.83976602554, 3.5662753582, 3.38879919052, 1.43410134315, 1.07069575787, 0.522526979446, 0.188700318336, 0.197679340839, 0.0938364192843, 0.0295976456255, 0.0115268565714, 0.00787700433284, 0.00160627590958, 0.000188237027032, 1.46673055497e-005, 2.33610371652e-005],
        "var": [0.000563660520129, 0.0167581941932, 0.0305016394705, 0.253933101892, 5.10463047028, 68.4897003174, 206.838729858, 472.665924072, 44454.46875, 9501.25195313, 5794.76513672, 27032.4824219, 1994.83190918, 7817.34033203, 8711.31542969, 5348.02441406, 1382.77770996, 988.660217285, 979.91204834, 208.177841187, 458.638427734, 115.854995728, 33.6402740479, 44.6326141357, 35.9088897705, 40.282989502, 21.1046943665, 3.56242156029, 3.9724946022, 0.79834485054, 0.129715010524, 0.140384107828, 0.0204824153334, 0.00246775220148, 0.000346825225279, 0.000281699671177, 1.41723912748e-005, 2.68979988505e-007, 3.4568592433e-010, 4.59228127747e-010]
    },
    "gfcc": {
        "mean": [-56.5383682251, 126.508934021, -148.499084473, 9.33906650543, -81.2662658691, -9.83141708374, -35.3914527893, -0.893907368183, -16.7090358734, 5.23021411896, -5.32028055191, 0.985455691814, 0.461558192968],
        "cov": [[4071.55078125, -183.486434937, -458.693115234, -133.302597046, -259.839172363, 11.561088562, -67.8868255615, 76.4556121826, -157.128814697, 74.216758728, -85.904258728, 79.5259780884, -106.096702576], [-183.486434937, 569.325012207, 69.416557312, 27.8100032806, 78.5610275269, 1.77416431904, 94.822265625, -30.9247055054, 132.467819214, -24.0210494995, 89.0958175659, -67.9811553955, 95.5795516968], [-458.693115234, 69.416557312, 278.16897583, 48.8350486755, 51.3160171509, 31.3961257935, 11.1711168289, 24.3088321686, 41.4118232727, 22.4412994385, 41.94713974, 37.3229179382, 8.59247207642], [-133.302597046, 27.8100032806, 48.8350486755, 204.169845581, 56.3090248108, 16.7656784058, -25.4359474182, 5.9932923317, 6.44574546814, -13.264172554, 10.2455158234, -3.53801417351, 24.8126296997], [-259.839172363, 78.5610275269, 51.3160171509, 56.3090248108, 154.836349487, 18.5939064026, -14.686507225, 15.1575860977, 42.4378166199, 38.3380012512, 12.7382574081, -11.2448329926, 17.5172271729], [11.561088562, 1.77416431904, 31.3961257935, 16.7656784058, 18.5939064026, 152.226806641, 65.06640625, 13.3863039017, -33.3970718384, -21.7228507996, -0.645476162434, -3.32353425026, -7.66043043137], [-67.8868255615, 94.822265625, 11.1711168289, -25.4359474182, -14.686507225, 65.06640625, 201.857940674, 39.6485328674, 10.1825914383, -22.9161148071, 36.9159088135, 9.9250869751, 12.9750823975], [76.4556121826, -30.9247055054, 24.3088321686, 5.9932923317, 15.1575860977, 13.3863039017, 39.6485328674, 100.895431519, 22.2277259827, 11.4653892517, 10.6099328995, 15.4481163025, 2.95650553703], [-157.128814697, 132.467819214, 41.4118232727, 6.44574546814, 42.4378166199, -33.3970718384, 10.1825914383, 22.2277259827, 170.913085938, 52.6733131409, 47.6398696899, -0.252928137779, 41.3718910217], [74.216758728, -24.0210494995, 22.4412994385, -13.264172554, 38.3380012512, -21.7228507996, -22.9161148071, 11.4653892517, 52.6733131409, 116.528930664, 21.5459880829, 11.8516635895, -2.436804533], [-85.904258728, 89.0958175659, 41.94713974, 10.2455158234, 12.7382574081, -0.645476162434, 36.9159088135, 10.6099328995, 47.6398696899, 21.5459880829, 101.001335144, 21.0272903442, 23.0959873199], [79.5259780884, -67.9811553955, 37.3229179382, -3.53801417351, -11.2448329926, -3.32353425026, 9.9250869751, 15.4481163025, -0.252928137779, 11.8516635895, 21.0272903442, 107.521766663, -2.19832897186], [-106.096702576, 95.5795516968, 8.59247207642, 24.8126296997, 17.5172271729, -7.66043043137, 12.9750823975, 2.95650553703, 41.3718910217, -2.436804533, 23.0959873199, -2.19832897186, 79.5673370361]],
        "icov": [[0.000540463428479, -0.000838550564367, 0.00110436603427, -0.00018571469991, 0.00124505313579, -0.000633978517726, 0.00077408971265, -0.00124009163119, 0.000657468452118, -0.0012664035894, 0.000459567789221, -0.00103629752994, 0.000708652078174], [-0.000838550564367, 0.00556742819026, -0.00254769134335, 0.000726759608369, -0.0037795889657, 0.00165637454484, -0.00315625336953, 0.00447585480288, -0.00322642177343, 0.00422467524186, -0.00292778131552, 0.00437761144713, -0.00363973528147], [0.00110436603427, -0.00254769134335, 0.00691631482914, -0.00116581365, 0.0020150875207, -0.00244984636083, 0.00226335041225, -0.00341446488164, 0.000972694600932, -0.00303500960581, 0.000171650346601, -0.00409641768783, 0.00246621179394], [-0.00018571469991, 0.000726759608369, -0.00116581365, 0.00629196595401, -0.00264965882525, -0.000296557758702, 0.000884369830601, 0.000176496920176, -5.05902571604e-005, 0.00228826329112, -0.00109529739711, 0.000733852619305, -0.00211826199666], [0.00124505313579, -0.0037795889657, 0.0020150875207, -0.00264965882525, 0.0127292238176, -0.00342052057385, 0.00345521792769, -0.00472372025251, 0.00126373185776, -0.00668696081266, 0.00233153114095, -0.00219330843538, 0.00169014139101], [-0.000633978517726, 0.00165637454484, -0.00244984636083, -0.000296557758702, -0.00342052057385, 0.00991078559309, -0.00446257740259, 0.00175163592212, 0.000999841606244, 0.00249010440893, -0.000399841024773, 0.0022641189862, -0.000373179267626], [0.00077408971265, -0.00315625336953, 0.00226335041225, 0.000884369830601, 0.00345521792769, -0.00446257740259, 0.00949781108648, -0.00546697154641, 0.00131487578619, -0.00113115098793, -0.00102672586218, -0.00283798738383, 0.00126869406085], [-0.00124009163119, 0.00447585480288, -0.00341446488164, 0.000176496920176, -0.00472372025251, 0.00175163592212, -0.00546697154641, 0.0160039961338, -0.00406958535314, 0.00341655989178, -0.00144728971645, 0.00254929019138, -0.00249982601963], [0.000657468452118, -0.00322642177343, 0.000972694600932, -5.05902571604e-005, 0.00126373185776, 0.000999841606244, 0.00131487578619, -0.00406958535314, 0.0113830696791, -0.00574704725295, -0.000688578002155, -0.00147523719352, -0.00151767488569], [-0.0012664035894, 0.00422467524186, -0.00303500960581, 0.00228826329112, -0.00668696081266, 0.00249010440893, -0.00113115098793, 0.00341655989178, -0.00574704725295, 0.0162653401494, -0.00403396319598, 0.00269698724151, -0.000648086541332], [0.000459567789221, -0.00292778131552, 0.000171650346601, -0.00109529739711, 0.00233153114095, -0.000399841024773, -0.00102672586218, -0.00144728971645, -0.000688578002155, -0.00403396319598, 0.0152698392048, -0.0042996131815, -0.000194468681002], [-0.00103629752994, 0.00437761144713, -0.00409641768783, 0.000733852619305, -0.00219330843538, 0.0022641189862, -0.00283798738383, 0.00254929019138, -0.00147523719352, 0.00269698724151, -0.0042996131815, 0.014498712495, -0.00285965693183], [0.000708652078174, -0.00363973528147, 0.00246621179394, -0.00211826199666, 0.00169014139101, -0.000373179267626, 0.00126869406085, -0.00249982601963, -0.00151767488569, -0.000648086541332, -0.000194468681002, -0.00285965693183, 0.018504044041]]
    },
    "melbands": {
        "mean": [0.000115732807899, 6.98522344464e-005, 6.48006243864e-005, 0.000282888824586, 0.000398519769078, 0.000388727494283, 0.00192277121823, 0.000623722968157, 0.000259733787971, 0.000288384908345, 0.000125304184621, 0.000171126564965, 0.000101662502857, 0.000105055798485, 4.01086108468e-005, 2.80570111499e-005, 1.51294252646e-005, 2.52081881627e-005, 1.40747897603e-005, 8.84295604919e-006, 1.29983063744e-005, 6.08819800618e-006, 5.15054080097e-006, 3.49924766851e-006, 3.6366252516e-006, 2.80011499854e-006, 2.7569183203e-006, 2.19284856939e-006, 2.76728610515e-006, 9.44050498219e-007, 7.74921716129e-007, 6.85910151788e-007, 4.33864755678e-007, 2.13894324474e-007, 1.00206236198e-007, 1.19173314772e-007, 1.15151003399e-007, 7.45507620081e-008, 3.74532937997e-008, 2.03578220948e-008],
        "var": [3.18841166802e-008, 1.4801357473e-008, 8.29951574133e-009, 1.61794119435e-007, 2.32735175132e-007, 3.19106590041e-007, 1.00809284049e-005, 9.5918653642e-007, 3.58346852636e-007, 8.96942481177e-007, 5.36632072112e-008, 1.43183626733e-007, 7.62037117852e-008, 1.649966066e-007, 1.16030474118e-008, 5.40812017391e-009, 2.94812463331e-009, 2.25795915298e-009, 7.60987217685e-010, 2.9975882887e-010, 7.05890290664e-010, 1.48169643222e-010, 7.85584514107e-011, 2.5295666603e-011, 3.3267499866e-011, 2.15388887281e-011, 2.73493224595e-011, 1.84160030975e-011, 1.66171434252e-011, 1.69772366738e-012, 1.35516500365e-012, 1.92033259953e-012, 6.28843548414e-013, 1.60836770876e-013, 4.15872340091e-014, 5.55745025194e-014, 4.66680594993e-014, 1.56892965145e-014, 3.70977476305e-015, 1.43714248452e-015]
    },
    "mfcc": {
        "mean": [-689.596496582, 153.838562012, -20.0201225281, 12.7881908417, -26.7881793976, -9.69649887085, -14.8004579544, -10.1050243378, -6.51922082901, -2.86472582817, -5.46241140366, 3.9065759182, 2.05051112175],
        "cov": [[2211.69091797, -263.232971191, -208.52305603, -140.684020996, -163.682479858, -68.4258728027, 46.2680587769, 13.5650014877, -32.2823066711, -20.0401344299, -22.2214794159, -21.0728931427, -20.7846736908], [-263.232971191, 510.518371582, 44.5269088745, 19.5002384186, 19.6119670868, 33.0027313232, 3.17303085327, 0.0599596314132, 48.9855461121, 60.0416259766, 44.8329467773, 6.57690000534, 39.4046669006], [-208.52305603, 44.5269088745, 217.474273682, 26.0681018829, 21.5648574829, 22.8985462189, 12.8243789673, 39.4795951843, -11.937628746, 0.675548195839, 2.94974637032, 23.3848400116, 15.6999340057], [-140.684020996, 19.5002384186, 26.0681018829, 172.623214722, 69.1587677002, -6.5183339119, -21.7838096619, -4.33067941666, 7.51999759674, 7.83274126053, -10.3717336655, 15.7729568481, 21.1193218231], [-163.682479858, 19.6119670868, 21.5648574829, 69.1587677002, 209.635513306, 16.8683261871, -37.2483711243, -46.9595031738, 8.68030929565, 26.8887310028, -8.1616268158, 9.5636844635, 12.6258687973], [-68.4258728027, 33.0027313232, 22.8985462189, -6.5183339119, 16.8683261871, 120.579322815, 27.6034107208, 8.23562240601, 3.5693552494, 1.66230106354, 12.913441658, 5.91527509689, -10.1585655212], [46.2680587769, 3.17303085327, 12.8243789673, -21.7838096619, -37.2483711243, 27.6034107208, 160.866790771, 57.1097831726, -7.81530761719, 7.83964252472, 8.6202955246, -2.26779651642, -35.0131149292], [13.5650014877, 0.0599596314132, 39.4795951843, -4.33067941666, -46.9595031738, 8.23562240601, 57.1097831726, 137.987991333, 6.42047739029, -3.40702772141, 0.280539005995, -0.31780809164, -8.99297046661], [-32.2823066711, 48.9855461121, -11.937628746, 7.51999759674, 8.68030929565, 3.5693552494, -7.81530761719, 6.42047739029, 101.957107544, 33.8298301697, 6.15554332733, 0.362082570791, 19.7514324188], [-20.0401344299, 60.0416259766, 0.675548195839, 7.83274126053, 26.8887310028, 1.66230106354, 7.83964252472, -3.40702772141, 33.8298301697, 108.337341309, 23.9526233673, -9.32807826996, 7.80614709854], [-22.2214794159, 44.8329467773, 2.94974637032, -10.3717336655, -8.1616268158, 12.913441658, 8.6202955246, 0.280539005995, 6.15554332733, 23.9526233673, 91.9026870728, 12.7080793381, 10.0020561218], [-21.0728931427, 6.57690000534, 23.3848400116, 15.7729568481, 9.5636844635, 5.91527509689, -2.26779651642, -0.31780809164, 0.362082570791, -9.32807826996, 12.7080793381, 96.6943054199, 35.2807540894], [-20.7846736908, 39.4046669006, 15.6999340057, 21.1193218231, 12.6258687973, -10.1585655212, -35.0131149292, -8.99297046661, 19.7514324188, 7.80614709854, 10.0020561218, 35.2807540894, 122.576148987]],
        "icov": [[0.000568810210098, 0.00023019015498, 0.000466410157969, 0.000282028893707, 0.000262365851086, 0.000161657721037, -0.0001335413981, -6.67003841954e-005, 0.000148020830238, -0.000173075022758, 0.000115961403935, -6.93136680638e-005, -0.000144887962961], [0.00023019015498, 0.00239917868748, -0.000260256172623, -6.82275713189e-005, 0.000196277207579, -0.000443791301223, -0.000117857285659, 0.000163212476764, -0.000675179471727, -0.000880658626556, -0.000710888125468, 0.000196275141207, -0.000599438033532], [0.000466410157969, -0.000260256172623, 0.00581615045667, -0.000226106276386, -0.000448982580565, -0.000650857866276, -1.65384535649e-005, -0.00193661008961, 0.00134388543665, -0.000248127093073, 0.000269135576673, -0.00100716215093, -0.000630559981801], [0.000282028893707, -6.82275713189e-005, -0.000226106276386, 0.00718895345926, -0.00215912377462, 0.000786481599789, 0.000336504803272, -0.000701470591594, -9.22425970202e-005, -0.000119856704259, 0.000800440786406, -0.00076757161878, -0.000629563699476], [0.000262365851086, 0.000196277207579, -0.000448982580565, -0.00215912377462, 0.00667837960646, -0.0012278566137, 0.000764246098697, 0.00202621985227, 1.15027496577e-005, -0.00178577355109, 0.000931198359467, -0.000401923694881, 0.000139774609124], [0.000161657721037, -0.000443791301223, -0.000650857866276, 0.000786481599789, -0.0012278566137, 0.00943360105157, -0.00161062658299, -1.58379389177e-005, -0.000585243920796, 0.00082859682152, -0.00112024170812, -0.000474041735288, 0.000834383943584], [-0.0001335413981, -0.000117857285659, -1.65384535649e-005, 0.000336504803272, 0.000764246098697, -0.00161062658299, 0.00839496124536, -0.00302493385971, 0.000846490205731, -0.00126722932328, -0.000275833008345, -0.000716072972864, 0.00209613679908], [-6.67003841954e-005, 0.000163212476764, -0.00193661008961, -0.000701470591594, 0.00202621985227, -1.58379389177e-005, -0.00302493385971, 0.00980908423662, -0.00145666615572, 0.000403725134674, 0.000267322204309, 0.000310567469569, 4.85184064019e-005], [0.000148020830238, -0.000675179471727, 0.00134388543665, -9.22425970202e-005, 1.15027496577e-005, -0.000585243920796, 0.000846490205731, -0.00145666615572, 0.0119316764176, -0.00345312454738, 0.000600169179961, -6.93204056006e-005, -0.00156058382709], [-0.000173075022758, -0.000880658626556, -0.000248127093073, -0.000119856704259, -0.00178577355109, 0.00082859682152, -0.00126722932328, 0.000403725134674, -0.00345312454738, 0.0121414270252, -0.00293602235615, 0.00187537493184, -0.000290554278763], [0.000115961403935, -0.000710888125468, 0.000269135576673, 0.000800440786406, 0.000931198359467, -0.00112024170812, -0.000275833008345, 0.000267322204309, 0.000600169179961, -0.00293602235615, 0.0126513419673, -0.00189149565995, -0.000569767085835], [-6.93136680638e-005, 0.000196275141207, -0.00100716215093, -0.00076757161878, -0.000401923694881, -0.000474041735288, -0.000716072972864, 0.000310567469569, -6.93204056006e-005, 0.00187537493184, -0.00189149565995, 0.0124535234645, -0.00353162479587], [-0.000144887962961, -0.000599438033532, -0.000630559981801, -0.000629563699476, 0.000139774609124, 0.000834383943584, 0.00209613679908, 4.85184064019e-005, -0.00156058382709, -0.000290554278763, -0.000569767085835, -0.00353162479587, 0.0105055840686]]
    },
    "spectral_contrast_coeffs": {
        "mean": [-0.611859321594, -0.650120437145, -0.716092884541, -0.743552625179, -0.750968515873, -0.705374956131],
        "var": [0.00694416090846, 0.00685626035556, 0.00471510784701, 0.00237693008967, 0.00183807266876, 0.00170518737286]
    },
    "spectral_contrast_valleys": {
        "mean": [-8.31531143188, -6.63742303848, -7.47825956345, -8.4279756546, -8.55517101288, -11.9189157486],
        "var": [0.914366006851, 0.953490495682, 1.00798785686, 0.867688000202, 0.90067833662, 0.794022619724]
    }
},
"metadata": {
    "audio_properties": {
        "analysis_sample_rate": 44100,
        "bit_rate": 107550,
        "equal_loudness": 0,
        "length": 45.0612258911,
        "lossless": 0,
        "replay_gain": -10.7490119934,
        "sample_rate": 44100,
        "codec": "mp3",
        "downmix": "mix",
        "md5_encoded": "26ea55a7c698bf107f8a6cbbcef31b8b"
    },
    "tags": {
        "file_name": "365.mp3"
    },
    "version": {
        "essentia": "2.1-beta2",
        "essentia_git_sha": "v2.1_beta2",
        "extractor": "music 1.0"
    }
},
"rhythm": {
    "beats_count": 84,
    "beats_loudness": {
        "mean": 0.0212358925492,
        "var": 0.000206039505429
    },
    "bpm": 112.202026367,
    "bpm_histogram_first_peak_bpm": {
        "mean": 112,
        "var": 0
    },
    "bpm_histogram_first_peak_spread": {
        "mean": 0.471428543329,
        "var": 0
    },
    "bpm_histogram_first_peak_weight": {
        "mean": 0.445783138275,
        "var": 0
    },
    "bpm_histogram_second_peak_bpm": {
        "mean": 117,
        "var": 0
    },
    "bpm_histogram_second_peak_spread": {
        "mean": 0,
        "var": 0
    },
    "bpm_histogram_second_peak_weight": {
        "mean": 0.132530122995,
        "var": 0
    },
    "danceability": 1.7552870512,
    "onset_rate": 4.85786390305,
    "beats_loudness_band_ratio": {
        "mean": [0.0367323830724, 0.242376670241, 0.445007324219, 0.210060283542, 0.0569143854082, 0.0288498606533],
        "var": [0.000992566230707, 0.0215296242386, 0.0341899693012, 0.0136207658798, 0.00164416944608, 0.000489996920805]
    },
    "beats_position": [0.49922901392, 1.02167797089, 1.53251695633, 2.04335594177, 2.55419492722, 3.03020405769, 3.50621318817, 4.01705217361, 4.53950119019, 5.06195020676, 5.59600877762, 6.13006782532, 6.66412687302, 7.18657588959, 7.72063493729, 8.25469398499, 8.77714252472, 9.29959201813, 9.82204055786, 10.3677091599, 10.9133787155, 11.4242172241, 11.9582767487, 12.4807252884, 13.0031747818, 13.5372333527, 14.0712919235, 14.6053514481, 15.1394100189, 15.6502494812, 16.1843090057, 16.6951465607, 17.2175960541, 17.7400455475, 18.2741031647, 18.7965526581, 19.3190021515, 19.8414516449, 20.363899231, 20.8747386932, 21.3855781555, 21.9196376801, 22.4536952972, 22.9877548218, 23.5218143463, 24.0790920258, 24.6131515503, 25.1472110748, 25.681268692, 26.2153282166, 26.7493877411, 27.2834453583, 27.8175048828, 28.3515644073, 28.8856239319, 29.4196815491, 29.9537410736, 30.4994106293, 31.0450782776, 31.6023578644, 32.1480255127, 32.6820869446, 33.2277526855, 33.7734222412, 34.3190917969, 34.8647613525, 35.4104309082, 35.9561004639, 36.4901580811, 37.0358276367, 37.5814971924, 38.1271629333, 38.6612243652, 39.2068939209, 39.7525634766, 40.2866210938, 40.8206787109, 41.3547401428, 41.88879776, 42.3996353149, 42.9336967468, 43.4445343018, 43.9785919189, 44.5126533508]
},
"tonal": {
    "chords_changes_rate": 0.0102880662307,
    "chords_number_rate": 0.00308641977608,
    "chords_strength": {
        "mean": 0.60460215807,
        "var": 0.00530935171992
    },
    "hpcp_entropy": {
        "mean": 1.49457216263,
        "var": 0.419924706221
    },
    "key_strength": 0.776219189167,
    "tuning_diatonic_strength": 0.618664383888,
    "tuning_equal_tempered_deviation": 0.00844313297421,
    "tuning_frequency": 442.548919678,
    "tuning_nontempered_energy_ratio": 0.616130828857,
    "hpcp": {
        "mean": [0.6985257864, 0.412803769112, 0.0673019140959, 0.033556766808, 0.0373429395258, 0.0915428996086, 0.143613606691, 0.0967290401459, 0.0477366186678, 0.0572441294789, 0.0756647586823, 0.170828312635, 0.237751111388, 0.126326441765, 0.0414676442742, 0.0502722561359, 0.0382119268179, 0.0301979668438, 0.0393982492387, 0.0571156218648, 0.21442002058, 0.33710116148, 0.188807398081, 0.0560312792659, 0.0378980711102, 0.0271044261754, 0.0591166391969, 0.086016818881, 0.054449994117, 0.0250125993043, 0.0209784526378, 0.0207772944123, 0.0744739100337, 0.123108386993, 0.111852183938, 0.387242287397],
        "var": [0.137263759971, 0.0637002959847, 0.0194284468889, 0.0112616755068, 0.0129003925249, 0.0248783323914, 0.0559035353363, 0.0325592495501, 0.0155505882576, 0.0183563325554, 0.024339903146, 0.0505343824625, 0.0903711467981, 0.0292891245335, 0.0089120157063, 0.019809640944, 0.0087622422725, 0.00617675716057, 0.0111042959616, 0.0160088147968, 0.0559639856219, 0.122414119542, 0.0427382998168, 0.00995455961674, 0.0082716550678, 0.00960063375533, 0.0223209150136, 0.036970037967, 0.0119940554723, 0.00333940726705, 0.00297563918866, 0.00290109752677, 0.0212222374976, 0.0565576702356, 0.0349584594369, 0.0605510286987]
    },
    "chords_histogram": [93.0041122437, 0, 0, 0, 0, 0, 0, 0, 0, 0, 0, 0, 0, 0, 0, 0, 0, 0.205761313438, 0, 0, 0, 0, 4.32098770142, 2.46913576126],
    "thpcp": [1, 0.590964257717, 0.0963485017419, 0.0480394102633, 0.0534596443176, 0.131051570177, 0.2055952847, 0.138475969434, 0.0683390945196, 0.0819499194622, 0.108320638537, 0.244555488229, 0.340361237526, 0.180847212672, 0.059364516288, 0.0719690769911, 0.0547036752105, 0.0432309992611, 0.0564019978046, 0.0817659497261, 0.306960791349, 0.482589423656, 0.270294100046, 0.0802136138082, 0.054254360497, 0.0388023257256, 0.0846305787563, 0.123140506446, 0.0779498666525, 0.0358076952398, 0.030032467097, 0.0297444909811, 0.106615833938, 0.176240295172, 0.160126060247, 0.554370760918],
    "chords_key": "A",
    "chords_scale": "major",
    "key_key": "A",
    "key_scale": "major"
}
}