{
"lowlevel": {
    "average_loudness": 0.0150281060487,
    "barkbands_crest": {
        "mean": 11.7609777451,
        "var": 18.5624752045
    },
    "barkbands_flatness_db": {
        "mean": 0.287295520306,
        "var": 0.00441226549447
    },
    "barkbands_kurtosis": {
        "mean": 4.42011022568,
        "var": 58.2676773071
    },
    "barkbands_skewness": {
        "mean": 1.31304824352,
        "var": 0.95126414299
    },
    "barkbands_spread": {
        "mean": 7.14706277847,
        "var": 49.7593574524
    },
    "dissonance": {
        "mean": 0.402298897505,
        "var": 0.00243361690082
    },
    "dynamic_complexity": 6.62995815277,
    "erbbands_crest": {
        "mean": 10.7322225571,
        "var": 17.3006420135
    },
    "erbbands_flatness_db": {
        "mean": 0.298099040985,
        "var": 0.00422818446532
    },
    "erbbands_kurtosis": {
        "mean": 1.03095710278,
        "var": 6.63629865646
    },
    "erbbands_skewness": {
        "mean": 0.604453444481,
        "var": 0.541228592396
    },
    "erbbands_spread": {
        "mean": 16.5736045837,
        "var": 135.354949951
    },
    "hfc": {
        "mean": 9.11946392059,
        "var": 1587.59143066
    },
    "melbands_crest": {
        "mean": 13.6638746262,
        "var": 20.0002117157
    },
    "melbands_flatness_db": {
        "mean": 0.379495710135,
        "var": 0.00748185114935
    },
    "melbands_kurtosis": {
        "mean": 6.58644914627,
        "var": 78.8870010376
    },
    "melbands_skewness": {
        "mean": 1.69946575165,
        "var": 1.02251422405
    },
    "melbands_spread": {
        "mean": 9.22152996063,
        "var": 78.3495330811
    },
    "pitch_salience": {
        "mean": 0.564885556698,
        "var": 0.0108385123312
    },
    "silence_rate_20dB": {
        "mean": 0.99433863163,
        "var": 0.00562937743962
    },
    "silence_rate_30dB": {
        "mean": 0.97272258997,
        "var": 0.0265332702547
    },
    "silence_rate_60dB": {
        "mean": 0.424601137638,
        "var": 0.244317784905
    },
    "spectral_centroid": {
        "mean": 523.324157715,
        "var": 203088.125
    },
    "spectral_complexity": {
        "mean": 8.28306770325,
        "var": 21.6552944183
    },
    "spectral_decrease": {
        "mean": -3.8835823446e-009,
        "var": 1.08117879426e-016
    },
    "spectral_energy": {
        "mean": 0.0154846888036,
        "var": 0.00181696203072
    },
    "spectral_energyband_high": {
        "mean": 4.1804400098e-005,
        "var": 5.07318631549e-008
    },
    "spectral_energyband_low": {
        "mean": 0.00170658330899,
        "var": 1.71599513124e-005
    },
    "spectral_energyband_middle_high": {
        "mean": 0.00498262001202,
        "var": 0.00109164288733
    },
    "spectral_energyband_middle_low": {
        "mean": 0.00963692739606,
        "var": 0.000461335876025
    },
    "spectral_entropy": {
        "mean": 6.0986700058,
        "var": 0.323554307222
    },
    "spectral_flux": {
        "mean": 0.0357213765383,
        "var": 0.00203666090965
    },
    "spectral_kurtosis": {
        "mean": 54.0332450867,
        "var": 2703.2421875
    },
    "spectral_rms": {
        "mean": 0.00282216956839,
        "var": 7.14237648936e-006
    },
    "spectral_rolloff": {
        "mean": 715.971435547,
        "var": 1087479.375
    },
    "spectral_skewness": {
        "mean": 4.90055799484,
        "var": 6.72102499008
    },
    "spectral_spread": {
        "mean": 1928443.625,
        "var": 3.66721289421e+012
    },
    "spectral_strongpeak": {
        "mean": 0.739415943623,
        "var": 2.75377011299
    },
    "zerocrossingrate": {
        "mean": 0.0257381759584,
        "var": 0.000734513392672
    },
    "barkbands": {
        "mean": [2.57835563389e-005, 0.0006768280291, 0.000702017103322, 0.000610671530012, 0.00405630609021, 0.00202235532925, 0.000717293936759, 0.000924267456867, 0.000388686341466, 0.00246050301939, 0.000573730794713, 0.000763404008467, 0.000962821999565, 0.000338707293849, 8.67984126671e-005, 2.83431345451e-005, 2.52091067523e-005, 4.17161463702e-005, 2.48592223215e-005, 3.17036719935e-005, 6.54599534755e-006, 6.22166180619e-006, 3.95393226427e-006, 4.0934955905e-006, 1.60585329922e-006, 2.63967194769e-007, 6.82864698121e-009],
        "var": [6.30637453369e-009, 2.86386602966e-006, 2.90418006443e-006, 4.96473694511e-006, 9.28040317376e-005, 2.63709152932e-005, 8.37276638777e-006, 1.36756052598e-005, 1.27926830373e-006, 0.000302606931655, 1.01196828837e-005, 4.39391478722e-005, 0.000145690806676, 1.11947656478e-005, 2.10249780253e-007, 1.16314149423e-008, 7.86455789381e-009, 9.2524736317e-008, 2.79213860921e-008, 7.84265878906e-008, 6.27717267054e-010, 1.6564555283e-009, 6.8062672165e-010, 1.12380704742e-009, 1.3271526933e-010, 3.39979368442e-012, 3.84701908797e-015]
    },
    "erbbands": {
        "mean": [0.0104249240831, 0.182583868504, 0.77470934391, 1.62752759457, 6.33459997177, 15.0907917023, 16.4755039215, 16.5129547119, 14.7793970108, 12.4341964722, 17.6660938263, 11.8687696457, 55.2614135742, 59.5977287292, 22.4190483093, 39.1941452026, 53.834980011, 18.9035434723, 7.68907356262, 3.53769159317, 1.46322965622, 1.39389002323, 2.11787581444, 2.40303277969, 0.672233819962, 1.5717291832, 0.618632614613, 0.23783673346, 0.216458365321, 0.176164984703, 0.107994928956, 0.089279435575, 0.0619683489203, 0.0273621212691, 0.00707854656503, 0.00153754698113, 0.000467301753815, 6.10132883594e-005, 9.09830851015e-006, 1.77893543878e-005],
        "var": [0.000891351257451, 0.207588583231, 3.14755487442, 31.235250473, 411.756591797, 1331.22399902, 2487.80664063, 1571.28979492, 2994.96655273, 1521.85986328, 7616.33154297, 881.088439941, 155157.59375, 359406.96875, 5759.13769531, 85678, 402288.90625, 28706.1621094, 2225.0012207, 453.08895874, 24.5000705719, 24.6383285522, 363.704925537, 195.849456787, 16.1685943604, 194.291061401, 15.7802095413, 1.01585996151, 1.72793507576, 2.10335659981, 0.506444633007, 0.424315392971, 0.308665335178, 0.0481731556356, 0.0018541039899, 6.92097382853e-005, 1.68926617334e-005, 2.88171577267e-007, 8.57059090364e-010, 2.55530174798e-009]
    },
    "gfcc": {
        "mean": [-198.174682617, 204.563049316, -104.551742554, -16.7357273102, -56.2083244324, 0.631599485874, -29.6730499268, -12.0780305862, -22.5807437897, -12.1681852341, -1.15755212307, -11.8061580658, 2.21162867546],
        "cov": [[12150.4912109, -2591.34448242, -2051.60888672, 1727.07995605, -453.004669189, -176.900131226, -252.040206909, 250.186401367, -690.797973633, 290.118255615, -134.864883423, 36.4846954346, 133.55317688], [-2591.34448242, 2407.44995117, 121.885765076, -1070.26379395, 793.68157959, -355.556732178, 188.563430786, -272.521453857, 346.689910889, -320.868591309, 171.194107056, -129.799926758, -51.199836731], [-2051.60888672, 121.885765076, 1193.51977539, -120.576057434, -223.148269653, 413.262237549, -71.1175918579, 7.55612802505, 63.6140861511, -2.80970835686, -75.6522674561, 57.3878135681, -53.5103988647], [1727.07995605, -1070.26379395, -120.576057434, 831.356262207, -348.308441162, 137.30305481, -25.8172168732, 110.103897095, -128.243804932, 136.020568848, -97.9722366333, 59.6445617676, 62.7568321228], [-453.004669189, 793.68157959, -223.148269653, -348.308441162, 544.680786133, -234.874588013, 55.3268661499, -67.2470779419, 105.704612732, -116.55368042, 57.4536895752, -31.0230121613, -14.0027151108], [-176.900131226, -355.556732178, 413.262237549, 137.30305481, -234.874588013, 444.574035645, -8.2708978653, 43.2631454468, -21.108915329, 45.2111091614, -56.0348701477, 29.2442874908, -13.5589857101], [-252.040206909, 188.563430786, -71.1175918579, -25.8172168732, 55.3268661499, -8.2708978653, 175.701583862, -37.4803848267, 22.7384281158, -29.6168689728, 24.2101097107, -23.1593704224, -8.26770401001], [250.186401367, -272.521453857, 7.55612802505, 110.103897095, -67.2470779419, 43.2631454468, -37.4803848267, 163.081176758, -37.1083641052, 45.5510215759, 0.951458334923, 18.7856407166, 33.3531150818], [-690.797973633, 346.689910889, 63.6140861511, -128.243804932, 105.704612732, -21.108915329, 22.7384281158, -37.1083641052, 188.29057312, -38.952671051, -1.91558158398, 16.3390464783, -33.4425048828], [290.118255615, -320.868591309, -2.80970835686, 136.020568848, -116.55368042, 45.2111091614, -29.6168689728, 45.5510215759, -38.952671051, 141.224746704, -9.07951927185, -1.7986484766, 15.0162706375], [-134.864883423, 171.194107056, -75.6522674561, -97.9722366333, 57.4536895752, -56.0348701477, 24.2101097107, 0.951458334923, -1.91558158398, -9.07951927185, 125.051025391, -21.174156189, 9.43414497375], [36.4846954346, -129.799926758, 57.3878135681, 59.6445617676, -31.0230121613, 29.2442874908, -23.1593704224, 18.7856407166, 16.3390464783, -1.7986484766, -21.174156189, 109.142715454, -7.9206571579], [133.55317688, -51.199836731, -53.5103988647, 62.7568321228, -14.0027151108, -13.5589857101, -8.26770401001, 33.3531150818, -33.4425048828, 15.0162706375, 9.43414497375, -7.9206571579, 104.05393219]],
        "icov": [[0.000254065904301, -0.000258358661085, 0.00057363830274, -0.000511586433277, 0.000100178593129, -0.000306817702949, 0.000578173261601, -0.000114515212772, 0.000759813876357, -9.02724350453e-005, 0.000217725595576, -0.000203054267331, 0.000428503000876], [-0.000258358661085, 0.00352672557347, -0.00174311618321, 0.00228445441462, -0.00213056080975, 0.00147011724766, -0.00214196695015, 0.00185514404438, -0.00344753777608, 0.00223298138008, -0.00167984270956, 0.00224460056052, -0.00217435951345], [0.00057363830274, -0.00174311618321, 0.00327475043014, -0.0011525361333, 0.00144055229612, -0.00245029851794, 0.00236479472369, -0.000849152507726, 0.00218613166362, -0.000721783668268, 0.00145964103285, -0.00157735683024, 0.00167422485538], [-0.000511586433277, 0.00228445441462, -0.0011525361333, 0.00440368009731, -0.000203355957638, 0.000894029508345, -0.00249183177948, 0.000593860284425, -0.00247037084773, 0.000430845946539, 0.000305343652144, 0.00040501327021, -0.00262016034685], [0.000100178593129, -0.00213056080975, 0.00144055229612, -0.000203355957638, 0.00497218128294, 0.000116850940685, 0.000761365925428, -0.00130985165015, 0.000824989110697, 1.01630403151e-005, 0.00109327759128, -0.00128925091121, 0.000917649187613], [-0.000306817702949, 0.00147011724766, -0.00245029851794, 0.000894029508345, 0.000116850940685, 0.00504687940702, -0.00219214474782, 0.000114402588224, -0.00169807719067, 0.000654438335914, -0.000244285562076, 0.0010091989534, -0.000760822731536], [0.000578173261601, -0.00214196695015, 0.00236479472369, -0.00249183177948, 0.000761365925428, -0.00219214474782, 0.00890243332833, 0.000165885721799, 0.00222557643428, -8.99926963029e-005, -0.000184936943697, -0.000174325730768, 0.00212569860741], [-0.000114515212772, 0.00185514404438, -0.000849152507726, 0.000593860284425, -0.00130985165015, 0.000114402588224, 0.000165885721799, 0.00890075787902, -0.00125881074928, -0.000254633516306, -0.00196603080258, 5.75508893235e-005, -0.00292144296691], [0.000759813876357, -0.00344753777608, 0.00218613166362, -0.00247037084773, 0.000824989110697, -0.00169807719067, 0.00222557643428, -0.00125881074928, 0.0114805819467, -0.00200954056345, 0.00246419198811, -0.00376708921976, 0.00388229358941], [-9.02724350453e-005, 0.00223298138008, -0.000721783668268, 0.000430845946539, 1.01630403151e-005, 0.000654438335914, -8.99926963029e-005, -0.000254633516306, -0.00200954056345, 0.0112754479051, -0.0015995366266, 0.0027733896859, -0.00117222196423], [0.000217725595576, -0.00167984270956, 0.00145964103285, 0.000305343652144, 0.00109327759128, -0.000244285562076, -0.000184936943697, -0.00196603080258, 0.00246419198811, -0.0015995366266, 0.0108993919566, -0.000597193313297, 0.000180387418368], [-0.000203054267331, 0.00224460056052, -0.00157735683024, 0.00040501327021, -0.00128925091121, 0.0010091989534, -0.000174325730768, 5.75508893235e-005, -0.00376708921976, 0.0027733896859, -0.000597193313297, 0.0122896907851, -0.000385964522138], [0.000428503000876, -0.00217435951345, 0.00167422485538, -0.00262016034685, 0.000917649187613, -0.000760822731536, 0.00212569860741, -0.00292144296691, 0.00388229358941, -0.00117222196423, 0.000180387418368, -0.000385964522138, 0.0129326321185]]
    },
    "melbands": {
        "mean": [0.000136481699883, 0.000363644125173, 0.000377350632334, 0.00078704993939, 0.000641931779683, 0.000384354731068, 0.000200888054678, 0.000145223675645, 0.000133392823045, 6.65261395625e-005, 0.000278911611531, 0.000251684628893, 7.70198748796e-005, 6.65669504087e-005, 0.000141582131619, 7.28829982108e-005, 3.55549964297e-005, 1.43820097946e-005, 6.23372079644e-006, 3.05405887957e-006, 1.49932225213e-006, 1.53953953941e-006, 1.503432145e-006, 2.05665537578e-006, 2.06988943319e-006, 3.54586433104e-007, 6.55231076507e-007, 1.13622149911e-006, 4.90637262374e-007, 1.45190611534e-007, 1.30903416107e-007, 1.28640863295e-007, 1.07929508886e-007, 8.96440326414e-008, 5.9497430982e-008, 5.94790598996e-008, 5.32418660271e-008, 4.47941701509e-008, 3.56424791903e-008, 1.92182501024e-008],
        "var": [1.18573957764e-007, 7.00802956999e-007, 1.38849043196e-006, 3.61113598046e-006, 2.80420772469e-006, 8.56819099226e-007, 5.18786634984e-007, 2.11199832734e-007, 4.26793206998e-007, 3.67335424301e-008, 4.15061595049e-006, 6.42365193926e-006, 9.923080313e-008, 1.73973830897e-007, 1.86790680345e-006, 9.48356159824e-007, 1.41749353588e-007, 1.14712985777e-008, 1.18588150411e-009, 2.81691558968e-010, 3.01624419885e-011, 3.01774299993e-011, 1.33490746235e-010, 2.56212440153e-010, 1.7251677864e-010, 2.1219469324e-012, 4.60827175031e-011, 1.007357045e-010, 1.51963459177e-011, 3.42203587515e-013, 3.72205277667e-013, 6.10528392165e-013, 7.23773471711e-013, 5.67756995931e-013, 1.58553170051e-013, 1.72923023014e-013, 1.70153076199e-013, 1.72703119709e-013, 9.69500697713e-014, 2.29204743835e-014]
    },
    "mfcc": {
        "mean": [-825.858764648, 214.070846558, 23.5552501678, -7.45139837265, -6.88921022415, 0.460120767355, 3.28640317917, -6.50215816498, -7.95238304138, -7.75857448578, -5.85838222504, -2.1653585434, -5.85812711716],
        "cov": [[7608.45605469, -410.525085449, -2380.48364258, 904.938415527, 185.198303223, -366.776702881, 173.112808228, -165.092544556, -67.8998565674, -6.44459629059, -238.628494263, 4.43183374405, -177.412322998], [-410.525085449, 1400.96496582, -247.687606812, -240.867919922, 241.196136475, -56.9413566589, -44.3636016846, 26.3764286041, -76.4396743774, -23.9801120758, 10.80818367, -28.5571975708, 65.3015365601], [-2380.48364258, -247.687606812, 1483.26977539, -288.022186279, -174.064926147, 330.04284668, -57.3129882813, 114.915336609, 57.9643859863, 13.2930297852, 68.1910858154, 5.47665834427, 50.6129417419], [904.938415527, -240.867919922, -288.022186279, 427.336700439, -8.52059268951, -96.4009170532, 44.9300727844, -45.7714080811, 45.4102745056, -21.3700828552, -25.1657524109, -2.07641863823, -29.6665725708], [185.198303223, 241.196136475, -174.064926147, -8.52059268951, 234.38168335, -22.2659854889, -47.2812995911, 24.6845817566, 9.4350976944, -13.4242115021, -12.2151327133, -2.38319396973, 14.1776542664], [-366.776702881, -56.9413566589, 330.04284668, -96.4009170532, -22.2659854889, 266.82824707, -9.64545726776, 53.9289245605, 32.1877174377, 15.0139036179, 26.7851257324, -7.70676088333, 9.05243301392], [173.112808228, -44.3636016846, -57.3129882813, 44.9300727844, -47.2812995911, -9.64545726776, 191.83996582, -6.03593587875, -18.348733902, 33.9553489685, -19.7251167297, -0.543507993221, -19.0256996155], [-165.092544556, 26.3764286041, 114.915336609, -45.7714080811, 24.6845817566, 53.9289245605, -6.03593587875, 157.098815918, 20.3737773895, -5.0179810524, -11.757267952, 1.10830676556, 31.3971633911], [-67.8998565674, -76.4396743774, 57.9643859863, 45.4102745056, 9.4350976944, 32.1877174377, -18.348733902, 20.3737773895, 139.879852295, -16.9654579163, 0.67093193531, 14.5355873108, -0.472929745913], [-6.44459629059, -23.9801120758, 13.2930297852, -21.3700828552, -13.4242115021, 15.0139036179, 33.9553489685, -5.0179810524, -16.9654579163, 120.147247314, 8.96816539764, -14.7290620804, 0.846643745899], [-238.628494263, 10.80818367, 68.1910858154, -25.1657524109, -12.2151327133, 26.7851257324, -19.7251167297, -11.757267952, 0.67093193531, 8.96816539764, 95.7852478027, 18.8514232635, -14.1916894913], [4.43183374405, -28.5571975708, 5.47665834427, -2.07641863823, -2.38319396973, -7.70676088333, -0.543507993221, 1.10830676556, 14.5355873108, -14.7290620804, 18.8514232635, 92.4967880249, 14.9049043655], [-177.412322998, 65.3015365601, 50.6129417419, -29.6665725708, 14.1776542664, 9.05243301392, -19.0256996155, 31.3971633911, -0.472929745913, 0.846643745899, -14.1916894913, 14.9049043655, 96.8880691528]],
        "icov": [[0.00039276474854, 0.00011974912195, 0.00062248314498, -0.000439186289441, -1.44929872476e-005, -0.000461334740976, 9.52667105594e-005, -0.00010109473078, 0.0002927329042, -0.000131524109747, 0.000681928067934, -0.000340889935615, 0.000430428335676], [0.00011974912195, 0.00114992668387, 0.000375173811335, 0.00059124949621, -0.0009891128866, 7.41240583011e-005, -0.000241425586864, 1.04501878013e-005, 0.000350658869138, 0.000391167122871, -0.000367443426512, 0.000500871799886, -0.000616276520304], [0.00062248314498, 0.000375173811335, 0.00222011166625, -5.38511922059e-005, 0.000750753155444, -0.00172524992377, 0.000375997857191, -0.000559873762541, 0.000108359869046, -4.79891787108e-005, 0.000593072909396, -0.000332877214532, 0.000156352994964], [-0.000439186289441, 0.00059124949621, -5.38511922059e-005, 0.0041192881763, -0.000148621882545, 0.00121568201575, -0.000882097985595, 0.000556295330171, -0.00167221226729, 0.000905596942175, -0.00089852680685, 0.00108340696897, -0.000672936090268], [-1.44929872476e-005, -0.0009891128866, 0.000750753155444, -0.000148621882545, 0.00629426818341, -0.0003799602855, 0.00159650319256, -0.00111860071775, -0.000779378635343, -0.000253507285379, 0.000707946775947, -0.000283682980807, 0.000138621704536], [-0.000461334740976, 7.41240583011e-005, -0.00172524992377, 0.00121568201575, -0.0003799602855, 0.0062542934902, -0.000508396071382, -0.000878227932844, -0.00137184211053, -0.000202160794288, -0.00192354805768, 0.00134257122409, -0.000458436843473], [9.52667105594e-005, -0.000241425586864, 0.000375997857191, -0.000882097985595, 0.00159650319256, -0.000508396071382, 0.00656586233526, -0.000565111404285, 0.000870372750796, -0.00207403441891, 0.0020729333628, -0.00123617122881, 0.00167316140141], [-0.00010109473078, 1.04501878013e-005, -0.000559873762541, 0.000556295330171, -0.00111860071775, -0.000878227932844, -0.000565111404285, 0.00789526477456, -0.000915475247893, 0.000481928669615, 0.000855561462231, 0.000233981903875, -0.0020724486094], [0.0002927329042, 0.000350658869138, 0.000108359869046, -0.00167221226729, -0.000779378635343, -0.00137184211053, 0.000870372750796, -0.000915475247893, 0.00883672758937, 0.000546222494449, 0.000871661293786, -0.00168696511537, 0.000866409915034], [-0.000131524109747, 0.000391167122871, -4.79891787108e-005, 0.000905596942175, -0.000253507285379, -0.000202160794288, -0.00207403441891, 0.000481928669615, 0.000546222494449, 0.00966943148524, -0.0019960408099, 0.00219876435585, -0.00142203003634], [0.000681928067934, -0.000367443426512, 0.000593072909396, -0.00089852680685, 0.000707946775947, -0.00192354805768, 0.0020729333628, 0.000855561462231, 0.000871661293786, -0.0019960408099, 0.0142945675179, -0.00433812523261, 0.00390018941835], [-0.000340889935615, 0.000500871799886, -0.000332877214532, 0.00108340696897, -0.000283682980807, 0.00134257122409, -0.00123617122881, 0.000233981903875, -0.00168696511537, 0.00219876435585, -0.00433812523261, 0.0131922438741, -0.00355098117143], [0.000430428335676, -0.000616276520304, 0.000156352994964, -0.000672936090268, 0.000138621704536, -0.000458436843473, 0.00167316140141, -0.0020724486094, 0.000866409915034, -0.00142203003634, 0.00390018941835, -0.00355098117143, 0.0133938845247]]
    },
    "spectral_contrast_coeffs": {
        "mean": [-0.606503009796, -0.696499586105, -0.722703874111, -0.7385237813, -0.793567597866, -0.803446292877],
        "var": [0.00786274112761, 0.00489662680775, 0.0048496038653, 0.00376297254115, 0.00435484247282, 0.00394374877214]
    },
    "spectral_contrast_valleys": {
        "mean": [-8.11456203461, -7.50053262711, -8.44556617737, -9.82106399536, -10.7689905167, -13.5487060547],
        "var": [1.19903278351, 1.1158810854, 1.35361218452, 1.55401444435, 2.20211100578, 1.95221376419]
    }
},
"metadata": {
    "audio_properties": {
        "analysis_sample_rate": 44100,
        "bit_rate": 97899,
        "equal_loudness": 0,
        "length": 45.0873451233,
        "lossless": 0,
        "replay_gain": -8.0829410553,
        "sample_rate": 44100,
        "codec": "mp3",
        "downmix": "mix",
        "md5_encoded": "58fbbdf0fb55703d51bef3007a4e467a"
    },
    "tags": {
        "file_name": "367.mp3"
    },
    "version": {
        "essentia": "2.1-beta2",
        "essentia_git_sha": "v2.1_beta2",
        "extractor": "music 1.0"
    }
},
"rhythm": {
    "beats_count": 76,
    "beats_loudness": {
        "mean": 0.0257408469915,
        "var": 0.00345151638612
    },
    "bpm": 122.223899841,
    "bpm_histogram_first_peak_bpm": {
        "mean": 123,
        "var": 0
    },
    "bpm_histogram_first_peak_spread": {
        "mean": 0.458333313465,
        "var": 0
    },
    "bpm_histogram_first_peak_weight": {
        "mean": 0.173333331943,
        "var": 0
    },
    "bpm_histogram_second_peak_bpm": {
        "mean": 96,
        "var": 0
    },
    "bpm_histogram_second_peak_spread": {
        "mean": 0.71052634716,
        "var": 0
    },
    "bpm_histogram_second_peak_weight": {
        "mean": 0.146666660905,
        "var": 0
    },
    "danceability": 0.895212352276,
    "onset_rate": 2.41659617424,
    "beats_loudness_band_ratio": {
        "mean": [0.29782769084, 0.504609525204, 0.185655817389, 0.0961929261684, 0.0113494843245, 0.00602575391531],
        "var": [0.0453428030014, 0.0371594503522, 0.0150829553604, 0.0185404494405, 0.000671622750815, 0.000454544089735]
    },
    "beats_position": [0.476009070873, 0.96362811327, 1.45124709606, 1.93886613846, 2.43809509277, 2.92571425438, 3.41333317757, 3.90095233917, 4.38857126236, 4.87619018555, 5.36380958557, 5.85142850876, 6.3622674942, 6.87310647964, 7.37233543396, 7.8831744194, 8.38240337372, 8.98612213135, 9.58984088898, 10.1935596466, 10.8088884354, 11.4242172241, 12.0743761063, 12.7245349884, 13.4327430725, 14.1525621414, 14.8491611481, 15.5341491699, 16.2307472229, 16.8692970276, 17.5078449249, 18.1463947296, 18.784942627, 19.4118824005, 20.0388202667, 20.6657600403, 21.2926979065, 21.9080276489, 22.5349655151, 23.1619052887, 23.7888431549, 24.4273910522, 25.0543308258, 25.6580486298, 26.2501583099, 26.9119262695, 27.5620861053, 28.2354640961, 28.8740139008, 29.5125617981, 30.1394996643, 30.7664394379, 31.4049873352, 32.0551452637, 32.7169151306, 33.3670730591, 33.9824028015, 34.6209526062, 35.2711105347, 35.9096603394, 36.5365982056, 37.151927948, 37.755645752, 38.3709754944, 38.8585929871, 39.3462142944, 39.8454399109, 40.3214492798, 40.7974586487, 41.2966880798, 41.7843093872, 42.2951469421, 42.7943763733, 43.2936058044, 43.7928352356, 44.2920608521]
},
"tonal": {
    "chords_changes_rate": 0.0390946492553,
    "chords_number_rate": 0.00720164598897,
    "chords_strength": {
        "mean": 0.527582943439,
        "var": 0.0073398607783
    },
    "hpcp_entropy": {
        "mean": 1.50659680367,
        "var": 0.49892231822
    },
    "key_strength": 0.866970539093,
    "tuning_diatonic_strength": 0.625728011131,
    "tuning_equal_tempered_deviation": 0.0417333878577,
    "tuning_frequency": 437.718536377,
    "tuning_nontempered_energy_ratio": 0.635540366173,
    "hpcp": {
        "mean": [0.221726134419, 0.110934749246, 0.0253844372928, 0.0147210778669, 0.0119881844148, 0.0552264861763, 0.130243971944, 0.122681848705, 0.286206126213, 0.497830837965, 0.2755600214, 0.0336134843528, 0.0207848884165, 0.0267550516874, 0.0892572626472, 0.204692646861, 0.160590052605, 0.0448009185493, 0.0254612714052, 0.0198225937784, 0.0642367303371, 0.139166295528, 0.125485867262, 0.151249095798, 0.211539939046, 0.12618149817, 0.0461592972279, 0.0472737886012, 0.0520848147571, 0.172487169504, 0.366556853056, 0.274864584208, 0.0751268491149, 0.0307361949235, 0.0386481508613, 0.154002204537],
        "var": [0.113691277802, 0.0342487134039, 0.0113003700972, 0.00474420562387, 0.00505916075781, 0.0149621078745, 0.0509793683887, 0.0421134382486, 0.0606814473867, 0.163812592626, 0.0592116676271, 0.0107736857608, 0.00858908239752, 0.0119812116027, 0.0228042509407, 0.0920174717903, 0.0582015179098, 0.0137840947136, 0.00821683276445, 0.00572849623859, 0.0157194454223, 0.0407410822809, 0.0388569422066, 0.0503822602332, 0.107393592596, 0.0511700995266, 0.0143226850778, 0.0153250154108, 0.0161473285407, 0.0451366528869, 0.148102045059, 0.0892483815551, 0.0317449122667, 0.0118175689131, 0.0127843506634, 0.0628252476454]
    },
    "chords_histogram": [35.6995887756, 0.720164597034, 17.5925922394, 0, 1.54320991039, 0, 0, 0, 0, 0, 0, 0, 0, 0, 0, 0.720164597034, 0, 1.23456788063, 0, 0, 0, 1.74897122383, 27.3662548065, 13.3744859695],
    "thpcp": [1, 0.55352139473, 0.0675198882818, 0.0417509041727, 0.0537432581186, 0.179292351007, 0.411169081926, 0.322579562664, 0.0899922549725, 0.0511444248259, 0.0398179292679, 0.129033252597, 0.279545336962, 0.252065271139, 0.303816258907, 0.424923330545, 0.253462612629, 0.0927208438516, 0.0949595421553, 0.104623518884, 0.346477478743, 0.736308038235, 0.55212444067, 0.150908380747, 0.0617402382195, 0.0776330977678, 0.309346467257, 0.445384502411, 0.222836241126, 0.0509900860488, 0.0295704416931, 0.0240808390081, 0.110934242606, 0.261622935534, 0.246432796121, 0.574906408787],
    "chords_key": "C",
    "chords_scale": "major",
    "key_key": "C",
    "key_scale": "major"
}
}