{
"lowlevel": {
    "average_loudness": 0.924637556076,
    "barkbands_crest": {
        "mean": 9.95624351501,
        "var": 18.4084014893
    },
    "barkbands_flatness_db": {
        "mean": 0.219566449523,
        "var": 0.0026824681554
    },
    "barkbands_kurtosis": {
        "mean": 3.29669713974,
        "var": 118.361427307
    },
    "barkbands_skewness": {
        "mean": 0.985993504524,
        "var": 2.23289632797
    },
    "barkbands_spread": {
        "mean": 16.6799640656,
        "var": 73.6982421875
    },
    "dissonance": {
        "mean": 0.445051461458,
        "var": 0.00178103987128
    },
    "dynamic_complexity": 3.60220694542,
    "erbbands_crest": {
        "mean": 10.9880590439,
        "var": 23.8203201294
    },
    "erbbands_flatness_db": {
        "mean": 0.253688007593,
        "var": 0.00130469724536
    },
    "erbbands_kurtosis": {
        "mean": 0.813509821892,
        "var": 6.05177354813
    },
    "erbbands_skewness": {
        "mean": -0.439227074385,
        "var": 0.711112141609
    },
    "erbbands_spread": {
        "mean": 23.1390285492,
        "var": 121.127738953
    },
    "hfc": {
        "mean": 17.0269165039,
        "var": 536.409667969
    },
    "melbands_crest": {
        "mean": 13.7739315033,
        "var": 33.3771324158
    },
    "melbands_flatness_db": {
        "mean": 0.282170981169,
        "var": 0.00574901606888
    },
    "melbands_kurtosis": {
        "mean": 9.23146057129,
        "var": 580.223571777
    },
    "melbands_skewness": {
        "mean": 1.92252385616,
        "var": 3.42036795616
    },
    "melbands_spread": {
        "mean": 24.021987915,
        "var": 236.436859131
    },
    "pitch_salience": {
        "mean": 0.518758773804,
        "var": 0.0164127033204
    },
    "silence_rate_20dB": {
        "mean": 1,
        "var": 0
    },
    "silence_rate_30dB": {
        "mean": 0.988156557083,
        "var": 0.0117031950504
    },
    "silence_rate_60dB": {
        "mean": 0.119979403913,
        "var": 0.105583414435
    },
    "spectral_centroid": {
        "mean": 1091.05395508,
        "var": 402743.71875
    },
    "spectral_complexity": {
        "mean": 13.7662200928,
        "var": 47.3357048035
    },
    "spectral_decrease": {
        "mean": -5.38081179613e-009,
        "var": 3.2508535563e-017
    },
    "spectral_energy": {
        "mean": 0.0218528471887,
        "var": 0.000532566977199
    },
    "spectral_energyband_high": {
        "mean": 5.09078490722e-005,
        "var": 5.71545921701e-009
    },
    "spectral_energyband_low": {
        "mean": 0.00739500112832,
        "var": 0.000215488893446
    },
    "spectral_energyband_middle_high": {
        "mean": 0.00841056928039,
        "var": 0.000197633708012
    },
    "spectral_energyband_middle_low": {
        "mean": 0.00693086301908,
        "var": 4.48961400252e-005
    },
    "spectral_entropy": {
        "mean": 6.8767580986,
        "var": 0.153841465712
    },
    "spectral_flux": {
        "mean": 0.0741429105401,
        "var": 0.00215652189218
    },
    "spectral_kurtosis": {
        "mean": 12.7156963348,
        "var": 78.9979705811
    },
    "spectral_rms": {
        "mean": 0.00407336605713,
        "var": 4.72751708003e-006
    },
    "spectral_rolloff": {
        "mean": 1311.609375,
        "var": 1154689.5
    },
    "spectral_skewness": {
        "mean": 2.13864850998,
        "var": 0.700136065483
    },
    "spectral_spread": {
        "mean": 2181144.75,
        "var": 2.53320940749e+012
    },
    "spectral_strongpeak": {
        "mean": 1.4438174963,
        "var": 4.83488988876
    },
    "zerocrossingrate": {
        "mean": 0.0419874116778,
        "var": 0.000783532042988
    },
    "barkbands": {
        "mean": [8.86392717803e-006, 0.0032399315387, 0.00338720995933, 0.00139207660686, 0.00162989704404, 0.000897822552361, 0.000925375614315, 0.000642043130938, 0.00108178972732, 0.000794213265181, 0.000723795383237, 0.00100401649252, 0.00135503604542, 0.00173936865758, 0.00137808476575, 0.000515864056069, 0.000695225957315, 0.000249770586379, 0.00011876662029, 3.84511004086e-005, 2.19243665924e-005, 8.27339226817e-006, 2.33641139857e-006, 1.59841727054e-006, 7.40888481232e-007, 3.78878098672e-007, 1.11326103891e-009],
        "var": [2.52553172819e-010, 3.50289374182e-005, 0.000110845547169, 9.12146697374e-006, 3.82319603887e-006, 2.25832923206e-006, 3.78979029847e-006, 2.41773727794e-006, 4.98429608342e-006, 4.81945926367e-006, 6.32711407889e-006, 6.54888117424e-006, 1.946402881e-005, 1.98152265511e-005, 1.29083746288e-005, 1.45194053403e-006, 1.88405920198e-006, 3.17274555073e-007, 1.02784319722e-007, 4.26927826425e-009, 1.431984753e-009, 1.50219114925e-010, 2.25674427062e-011, 1.82622649642e-011, 8.22257539834e-012, 1.67073223745e-012, 1.76926230319e-016]
    },
    "erbbands": {
        "mean": [0.0442259199917, 0.925260424614, 3.73940110207, 4.47400951385, 5.9709982872, 4.98343467712, 3.4157948494, 8.60655879974, 15.4145030975, 10.0395956039, 18.6725597382, 22.504907608, 29.5493354797, 23.4483966827, 27.9149265289, 43.5181808472, 61.4641265869, 95.3925704956, 78.6362228394, 46.6142692566, 34.850818634, 33.2268562317, 16.110294342, 10.282371521, 3.39880204201, 1.61788117886, 1.20870435238, 0.567567110062, 0.331876456738, 0.158193990588, 0.0564165636897, 0.0250625610352, 0.0302036684006, 0.00591321894899, 0.00702181365341, 0.00370952067897, 0.000152513151988, 7.76660272095e-006, 1.20309159684e-005, 2.57509545918e-005],
        "var": [0.00650104414672, 2.88898229599, 108.033317566, 115.0079422, 67.0675964355, 38.2214660645, 22.1092319489, 242.924453735, 1125.34887695, 626.664855957, 1336.02380371, 2816.9909668, 4519.15332031, 3047.71801758, 14791.8046875, 10976.7958984, 26708.0703125, 55684.1640625, 48007.8203125, 8863.77636719, 3412.02685547, 3777.61425781, 1201.69470215, 558.987670898, 61.7459945679, 7.02165746689, 4.37948942184, 0.681444406509, 0.228190943599, 0.0685643181205, 0.0143502186984, 0.00480719609186, 0.00616326928139, 0.000521666137502, 0.000723751436453, 0.000163156058989, 2.64648747361e-007, 6.00055893862e-010, 1.72616310135e-010, 7.41335381971e-010]
    },
    "gfcc": {
        "mean": [-96.8449630737, 170.651641846, -156.694030762, 22.3124580383, -27.1776027679, 1.48457014561, -29.0677776337, -7.41018724442, -12.6436672211, -5.53676891327, -12.9964694977, -11.2440414429, -4.88309764862],
        "cov": [[9875.51269531, -510.088317871, -2169.27319336, 88.5000457764, -346.39050293, 153.843536377, 93.2585144043, 97.472869873, 251.358825684, 167.722167969, -109.737930298, -25.7119579315, -38.5981864929], [-510.088317871, 973.186645508, 515.97277832, -40.6384811401, 165.755554199, 12.2058591843, 261.861785889, -136.462295532, 39.8980751038, -26.5080280304, 48.5086097717, -1.02245855331, 42.2695274353], [-2169.27319336, 515.97277832, 1021.70806885, 147.729827881, 210.497329712, 57.9272613525, 110.434020996, 10.0925321579, -27.4291629791, -52.7551574707, 29.4691486359, 10.0067596436, 31.4558906555], [88.5000457764, -40.6384811401, 147.729827881, 446.672546387, 105.225769043, 7.62921237946, 39.1919593811, 42.9076690674, 64.8381881714, 27.3494148254, 10.2857942581, -1.38672363758, 3.27293300629], [-346.39050293, 165.755554199, 210.497329712, 105.225769043, 212.515258789, 58.2424583435, 44.9356956482, -19.6522827148, 28.9882793427, 20.883436203, 16.0172462463, -13.0084753036, 6.59903764725], [153.843536377, 12.2058591843, 57.9272613525, 7.62921237946, 58.2424583435, 203.23677063, 115.347846985, 7.43477010727, 1.5141119957, 29.8303833008, 5.23639535904, -31.6039886475, 27.0379962921], [93.2585144043, 261.861785889, 110.434020996, 39.1919593811, 44.9356956482, 115.347846985, 310.044921875, -8.8469877243, 16.6679611206, 3.73731207848, 7.79613018036, -6.86136627197, 43.1221389771], [97.472869873, -136.462295532, 10.0925321579, 42.9076690674, -19.6522827148, 7.43477010727, -8.8469877243, 156.241287231, 6.45273351669, -25.0371685028, -13.1181020737, 21.6787605286, 1.5093998909], [251.358825684, 39.8980751038, -27.4291629791, 64.8381881714, 28.9882793427, 1.5141119957, 16.6679611206, 6.45273351669, 122.214675903, 43.3828392029, -2.60420608521, -20.0283985138, 6.3881983757], [167.722167969, -26.5080280304, -52.7551574707, 27.3494148254, 20.883436203, 29.8303833008, 3.73731207848, -25.0371685028, 43.3828392029, 131.424743652, 19.4510746002, -13.4704360962, 0.807566344738], [-109.737930298, 48.5086097717, 29.4691486359, 10.2857942581, 16.0172462463, 5.23639535904, 7.79613018036, -13.1181020737, -2.60420608521, 19.4510746002, 97.6739120483, 43.736743927, -4.32153511047], [-25.7119579315, -1.02245855331, 10.0067596436, -1.38672363758, -13.0084753036, -31.6039886475, -6.86136627197, 21.6787605286, -20.0283985138, -13.4704360962, 43.736743927, 102.915885925, 13.1099376678], [-38.5981864929, 42.2695274353, 31.4558906555, 3.27293300629, 6.59903764725, 27.0379962921, 43.1221389771, 1.5093998909, 6.3881983757, 0.807566344738, -4.32153511047, 13.1099376678, 72.9517288208]],
        "icov": [[0.000338120706147, -0.000639170175418, 0.00102924054954, -0.000508434721269, 0.000352097587893, -0.000882870808709, 0.00033172746771, -0.000492653169204, -0.0001267620828, -9.22549661482e-005, 0.000572765886318, -0.000456273526652, 0.000365779589629], [-0.000639170175418, 0.00436250632629, -0.00326159200631, 0.00220008916222, -0.00194727594499, 0.00359923928045, -0.00328789069317, 0.00312288082205, -0.00148607022129, 0.00102787616197, -0.00209880084731, 0.00108194653876, -0.00103721022606], [0.00102924054954, -0.00326159200631, 0.00507064349949, -0.00227182614617, 0.000236337466049, -0.00329144764692, 0.0018090151716, -0.00263321143575, 0.00096445530653, -1.94143922272e-005, 0.00175578868948, -0.00126497435849, 0.000780697038863], [-0.000508434721269, 0.00220008916222, -0.00227182614617, 0.00414343597367, -0.00225160620175, 0.00266949087381, -0.00185776979197, 0.00057176745031, -0.00153326650616, 3.64567822544e-005, -0.00141166069079, 0.000838788750116, -0.000549996097106], [0.000352097587893, -0.00194727594499, 0.000236337466049, -0.00225160620175, 0.00839857384562, -0.00371911725961, 0.00177825777791, 8.84556720848e-005, -0.000952704751398, -0.000664074381348, 0.000677180592902, -0.000669423199724, 0.00113061058801], [-0.000882870808709, 0.00359923928045, -0.00329144764692, 0.00266949087381, -0.00371911725961, 0.0115789594129, -0.00506566883996, 0.000697768642567, 0.00116648874246, -0.00111368205398, -0.00364303984679, 0.00483503239229, -0.00340279657394], [0.00033172746771, -0.00328789069317, 0.0018090151716, -0.00185776979197, 0.00177825777791, -0.00506566883996, 0.007112539839, -0.00158383743837, 0.000459195987787, -5.67424649489e-005, 0.0013063744409, -0.00103913946077, -0.000846418959554], [-0.000492653169204, 0.00312288082205, -0.00263321143575, 0.00057176745031, 8.84556720848e-005, 0.000697768642567, -0.00158383743837, 0.0101825660095, -0.00246914010495, 0.00239480705932, 0.000551982608158, -0.00227146805264, 0.000129166903207], [-0.0001267620828, -0.00148607022129, 0.00096445530653, -0.00153326650616, -0.000952704751398, 0.00116648874246, 0.000459195987787, -0.00246914010495, 0.0120890699327, -0.00372655130923, -3.07147201966e-005, 0.00271274964325, -0.00162626244128], [-9.22549661482e-005, 0.00102787616197, -1.94143922272e-005, 3.64567822544e-005, -0.000664074381348, -0.00111368205398, -5.67424649489e-005, 0.00239480705932, -0.00372655130923, 0.0104586677626, -0.00270978640765, 0.000887634640094, -0.000290309952106], [0.000572765886318, -0.00209880084731, 0.00175578868948, -0.00141166069079, 0.000677180592902, -0.00364303984679, 0.0013063744409, 0.000551982608158, -3.07147201966e-005, -0.00270978640765, 0.0163041800261, -0.00892024952918, 0.00393226975575], [-0.000456273526652, 0.00108194653876, -0.00126497435849, 0.000838788750116, -0.000669423199724, 0.00483503239229, -0.00103913946077, -0.00227146805264, 0.00271274964325, 0.000887634640094, -0.00892024952918, 0.0166544001549, -0.0051994160749], [0.000365779589629, -0.00103721022606, 0.000780697038863, -0.000549996097106, 0.00113061058801, -0.00340279657394, -0.000846418959554, 0.000129166903207, -0.00162626244128, -0.000290309952106, 0.00393226975575, -0.0051994160749, 0.0171597376466]]
    },
    "melbands": {
        "mean": [0.000665462750476, 0.00175955763552, 0.000839150859974, 0.000423914199928, 0.000123765974422, 0.000200930022402, 0.000222269329242, 0.00010629514145, 0.000164900484378, 0.00014411045413, 0.000145755795529, 9.1118083219e-005, 8.79569561221e-005, 8.48981289892e-005, 0.000147888436913, 0.000139805735671, 0.000186015487998, 0.000121173616208, 0.000101002726296, 3.77882097382e-005, 4.41200572823e-005, 3.90794521081e-005, 2.0037728973e-005, 1.07234882307e-005, 8.42466306494e-006, 2.9130742405e-006, 1.72383715835e-006, 8.99706094515e-007, 7.99230804205e-007, 5.5534923149e-007, 2.60508784322e-007, 1.98721053835e-007, 1.2996257226e-007, 6.97803201888e-008, 3.58530201083e-008, 1.41368330375e-008, 1.74825469657e-008, 3.05700496028e-008, 5.56371526628e-009, 4.16158396632e-009],
        "var": [1.47059176925e-006, 1.69112245203e-005, 2.87433431367e-006, 2.66855124664e-007, 2.47839455625e-008, 1.20485054822e-007, 2.00625436264e-007, 8.23280714712e-008, 9.60229158409e-008, 1.15170429638e-007, 1.21200969261e-007, 5.45124052564e-008, 1.2659839399e-007, 5.03157231435e-008, 1.52849921164e-007, 2.036946114e-007, 2.33218131029e-007, 1.31452694063e-007, 5.6259676029e-008, 9.01796237684e-009, 6.70336097741e-009, 5.97486282672e-009, 2.0609940421e-009, 5.18414144945e-010, 4.31404467705e-010, 7.97977864342e-011, 1.08849092934e-011, 2.58818205583e-012, 2.12808937139e-012, 1.43209315934e-012, 1.37384678287e-013, 8.76428175368e-014, 4.80144861316e-014, 1.55297798818e-014, 6.08100580592e-015, 1.54591919676e-015, 2.67674523904e-015, 6.28222568232e-015, 3.63977230745e-016, 3.65778499247e-016]
    },
    "mfcc": {
        "mean": [-726.865966797, 191.003234863, -46.1211776733, 25.8812847137, 11.0608482361, 13.9279489517, -3.67731714249, 0.776688277721, 2.99400901794, -2.74954724312, 2.32449960709, 0.553550720215, -5.18414449692],
        "cov": [[8163.80322266, -338.767456055, -2070.07836914, 167.675048828, -788.151184082, 224.081085205, -365.926452637, 105.069854736, 123.904472351, 232.278457642, 84.4687347412, 132.719024658, -64.0229568481], [-338.767456055, 938.27520752, 298.524871826, -27.5615615845, -16.2962188721, 110.97756958, 150.759567261, -7.82601070404, 64.9713516235, -53.2306060791, 15.8950128555, 8.41909503937, 104.448471069], [-2070.07836914, 298.524871826, 956.2578125, 87.5419464111, 246.515945435, 30.9805011749, 185.939529419, 69.0384674072, 39.9662094116, -16.6510448456, -42.2560348511, -9.45488548279, 82.2254943848], [167.675048828, -27.5615615845, 87.5419464111, 421.135192871, 66.9757003784, 54.0213394165, -15.1877574921, 31.7847080231, 56.6195068359, 9.04940986633, 25.4672298431, 35.3045349121, 45.8054885864], [-788.151184082, -16.2962188721, 246.515945435, 66.9757003784, 317.21295166, -14.6860561371, -10.5004558563, -1.82626438141, -25.7319850922, 3.10304427147, 4.5365691185, -1.85671210289, -17.8926334381], [224.081085205, 110.97756958, 30.9805011749, 54.0213394165, -14.6860561371, 238.418487549, 91.9310379028, -30.7444210052, 59.1096420288, 61.2816543579, 19.0646343231, 10.2554187775, 26.8827419281], [-365.926452637, 150.759567261, 185.939529419, -15.1877574921, -10.5004558563, 91.9310379028, 230.6927948, 55.27526474, 36.9469909668, 5.69336795807, -22.9299659729, 0.16613972187, 49.4591331482], [105.069854736, -7.82601070404, 69.0384674072, 31.7847080231, -1.82626438141, -30.7444210052, 55.27526474, 168.484237671, 33.9390983582, -16.6042327881, -18.6887245178, 4.45317363739, 10.8070049286], [123.904472351, 64.9713516235, 39.9662094116, 56.6195068359, -25.7319850922, 59.1096420288, 36.9469909668, 33.9390983582, 137.021148682, 61.5938720703, -13.5652446747, -7.46348285675, 19.0851306915], [232.278457642, -53.2306060791, -16.6510448456, 9.04940986633, 3.10304427147, 61.2816543579, 5.69336795807, -16.6042327881, 61.5938720703, 147.061859131, 14.8143091202, -14.1448259354, -13.5714321136], [84.4687347412, 15.8950128555, -42.2560348511, 25.4672298431, 4.5365691185, 19.0646343231, -22.9299659729, -18.6887245178, -13.5652446747, 14.8143091202, 91.7281951904, 25.3217411041, -12.9901094437], [132.719024658, 8.41909503937, -9.45488548279, 35.3045349121, -1.85671210289, 10.2554187775, 0.16613972187, 4.45317363739, -7.46348285675, -14.1448259354, 25.3217411041, 102.609962463, 38.3134613037], [-64.0229568481, 104.448471069, 82.2254943848, 45.8054885864, -17.8926334381, 26.8827419281, 49.4591331482, 10.8070049286, 19.0851306915, -13.5714321136, -12.9901094437, 38.3134613037, 114.900642395]],
        "icov": [[0.000563845213037, -0.000316410936648, 0.00113927060738, -0.000400019256631, 0.000610362563748, -0.000760186929256, 0.000786528980825, -0.00127041677479, 0.000516002066433, -0.00105755997356, 0.000664942723233, -0.000618558202405, 7.06274440745e-005], [-0.000316410936648, 0.00179656979162, -0.00105452595744, 0.000679628283251, -0.000211512611713, -2.16930857277e-005, -0.000800523499493, 0.00120299530681, -0.00146775133908, 0.00191762810573, -0.00154643272981, 0.000829432683531, -0.00110327347647], [0.00113927060738, -0.00105452595744, 0.00424492778257, -0.00103134813253, -0.000335460121278, -0.00106858124491, 0.000297333783237, -0.00272647337988, 0.00084092549514, -0.0021735848859, 0.00176002678927, -0.000865308218636, -0.000615884026047], [-0.000400019256631, 0.000679628283251, -0.00103134813253, 0.0035223599989, -0.00114672689233, -0.000460642419057, 0.000501667964272, 0.000250292912824, -0.00201902724802, 0.0016707747709, -0.00173799751792, 0.000266828137683, -0.00156987947412], [0.000610362563748, -0.000211512611713, -0.000335460121278, -0.00114672689233, 0.00542057072744, -0.000855926773511, 0.00165640527848, -0.00124496209901, 0.00200403039344, -0.00185060082003, 0.000824367511086, -0.0010756412521, 0.00157844810747], [-0.000760186929256, -2.16930857277e-005, -0.00106858124491, -0.000460642419057, -0.000855926773511, 0.00819909758866, -0.00448536127806, 0.00414594076574, -0.00228531169705, -0.000475635344628, -0.00192465621512, 0.000261020439211, 5.24555107404e-005], [0.000786528980825, -0.000800523499493, 0.000297333783237, 0.000501667964272, 0.00165640527848, -0.00448536127806, 0.009217065759, -0.00466418778524, 0.00135617412161, -0.00152985926252, 0.00198413617909, -0.000476207002066, -0.00149111403152], [-0.00127041677479, 0.00120299530681, -0.00272647337988, 0.000250292912824, -0.00124496209901, 0.00414594076574, -0.00466418778524, 0.0111387846991, -0.00418151635677, 0.0038646699395, -0.00138801091816, 0.000630276103038, 0.00063001626404], [0.000516002066433, -0.00146775133908, 0.00084092549514, -0.00201902724802, 0.00200403039344, -0.00228531169705, 0.00135617412161, -0.00418151635677, 0.0135990837589, -0.00683945370838, 0.00373644800857, -0.000166439131135, -0.00010759797442], [-0.00105755997356, 0.00191762810573, -0.0021735848859, 0.0016707747709, -0.00185060082003, -0.000475635344628, -0.00152985926252, 0.0038646699395, -0.00683945370838, 0.0130726965144, -0.00405671913177, 0.0025758522097, 3.76525349566e-005], [0.000664942723233, -0.00154643272981, 0.00176002678927, -0.00173799751792, 0.000824367511086, -0.00192465621512, 0.00198413617909, -0.00138801091816, 0.00373644800857, -0.00405671913177, 0.0155249154195, -0.00510526169091, 0.00342248845845], [-0.000618558202405, 0.000829432683531, -0.000865308218636, 0.000266828137683, -0.0010756412521, 0.000261020439211, -0.000476207002066, 0.000630276103038, -0.000166439131135, 0.0025758522097, -0.00510526169091, 0.0139099396765, -0.00555218523368], [7.06274440745e-005, -0.00110327347647, -0.000615884026047, -0.00156987947412, 0.00157844810747, 5.24555107404e-005, -0.00149111403152, 0.00063001626404, -0.00010759797442, 3.76525349566e-005, 0.00342248845845, -0.00555218523368, 0.0138887558132]]
    },
    "spectral_contrast_coeffs": {
        "mean": [-0.628093898296, -0.706247985363, -0.736238241196, -0.712508261204, -0.749706685543, -0.709412932396],
        "var": [0.0071324291639, 0.00821186415851, 0.00754190562293, 0.00752234645188, 0.00433368468657, 0.00387289794162]
    },
    "spectral_contrast_valleys": {
        "mean": [-7.71497249603, -7.39537382126, -7.93483829498, -8.08104419708, -8.67021083832, -12.8428401947],
        "var": [1.68373787403, 1.675085783, 1.48646473885, 1.39031004906, 1.46437251568, 1.00915372372]
    }
},
"metadata": {
    "audio_properties": {
        "analysis_sample_rate": 44100,
        "bit_rate": 101900,
        "equal_loudness": 0,
        "length": 45.0612258911,
        "lossless": 0,
        "replay_gain": -4.75161552429,
        "sample_rate": 44100,
        "codec": "mp3",
        "downmix": "mix",
        "md5_encoded": "0cd9acf043a1e20c57308a38c431d16d"
    },
    "tags": {
        "file_name": "368.mp3"
    },
    "version": {
        "essentia": "2.1-beta2",
        "essentia_git_sha": "v2.1_beta2",
        "extractor": "music 1.0"
    }
},
"rhythm": {
    "beats_count": 70,
    "beats_loudness": {
        "mean": 0.0374202616513,
        "var": 0.000640387414023
    },
    "bpm": 94.3989181519,
    "bpm_histogram_first_peak_bpm": {
        "mean": 94,
        "var": 0
    },
    "bpm_histogram_first_peak_spread": {
        "mean": 0.499999970198,
        "var": 0
    },
    "bpm_histogram_first_peak_weight": {
        "mean": 0.478260874748,
        "var": 0
    },
    "bpm_histogram_second_peak_bpm": {
        "mean": 99,
        "var": 0
    },
    "bpm_histogram_second_peak_spread": {
        "mean": 0,
        "var": 0
    },
    "bpm_histogram_second_peak_weight": {
        "mean": 0.0289855077863,
        "var": 0
    },
    "danceability": 1.46587073803,
    "onset_rate": 3.7931265831,
    "beats_loudness_band_ratio": {
        "mean": [0.314798623323, 0.184772595763, 0.187647432089, 0.219202324748, 0.166388437152, 0.0075894636102],
        "var": [0.0620531849563, 0.0202736351639, 0.0156890451908, 0.0368859320879, 0.0207263529301, 5.27885604242e-005]
    },
    "beats_position": [0.638548731804, 1.27709746361, 1.91564619541, 2.55419492722, 3.21596360207, 3.88934230804, 4.55111122131, 5.20126962662, 5.83981847763, 6.48997735977, 7.12852573395, 7.76707458496, 8.40562343597, 9.04417228699, 9.69433116913, 10.3444900513, 10.9830379486, 11.6099767685, 12.2485256195, 12.8870744705, 13.5256233215, 14.1641721725, 14.8027210236, 15.4412698746, 16.0798187256, 16.7183666229, 17.3569164276, 17.995464325, 18.6224040985, 19.2493419647, 19.8762817383, 20.5032196045, 21.1417675018, 21.7687072754, 22.3956451416, 23.0341949463, 23.6727428436, 24.3112926483, 24.9382305145, 25.5767803192, 26.2269382477, 26.865486145, 27.5040359497, 28.142583847, 28.7695236206, 29.4080715179, 30.0466213226, 30.68516922, 31.3237190247, 31.9738769531, 32.6124267578, 33.2509727478, 33.8779144287, 34.5048522949, 35.1201820374, 35.7355079651, 36.3392295837, 36.96616745, 37.5931053162, 38.2200431824, 38.8469848633, 39.4739227295, 40.0892524719, 40.7045783997, 41.3315200806, 41.9584579468, 42.5621757507, 43.1891136169, 43.8160552979, 44.4429931641]
},
"tonal": {
    "chords_changes_rate": 0.0534979440272,
    "chords_number_rate": 0.0123456791043,
    "chords_strength": {
        "mean": 0.554444551468,
        "var": 0.01511092484
    },
    "hpcp_entropy": {
        "mean": 1.92299950123,
        "var": 0.530133247375
    },
    "key_strength": 0.792578816414,
    "tuning_diatonic_strength": 0.626592338085,
    "tuning_equal_tempered_deviation": 0.0735897496343,
    "tuning_frequency": 441.017791748,
    "tuning_nontempered_energy_ratio": 0.731513559818,
    "hpcp": {
        "mean": [0.138348534703, 0.139868542552, 0.19141484797, 0.255686879158, 0.186225622892, 0.0824860110879, 0.0553498528898, 0.0547576658428, 0.0840517506003, 0.10006160289, 0.0712010264397, 0.0502509623766, 0.0557253807783, 0.0603109933436, 0.106454446912, 0.167388692498, 0.171732932329, 0.2244181633, 0.283659338951, 0.191240593791, 0.0955854952335, 0.0867626443505, 0.0964803174138, 0.141050323844, 0.175247773528, 0.12668427825, 0.0931559577584, 0.120748579502, 0.147966444492, 0.235950544477, 0.274590849876, 0.174634486437, 0.1289627105, 0.15623909235, 0.138304874301, 0.12591907382],
        "var": [0.0626339763403, 0.0630444809794, 0.069959834218, 0.0913226306438, 0.0643639713526, 0.027388131246, 0.0181787796319, 0.0167090017349, 0.0305891372263, 0.0322935245931, 0.0193932186812, 0.0139387706295, 0.0192604064941, 0.0174859445542, 0.0291375722736, 0.0555676333606, 0.0637105256319, 0.0824562013149, 0.114446595311, 0.0613795034587, 0.0332474373281, 0.0345937125385, 0.0375674515963, 0.0534985736012, 0.0687034204602, 0.0430130250752, 0.0333232581615, 0.0519148521125, 0.0578893944621, 0.0901503935456, 0.113456495106, 0.0559063591063, 0.0496236421168, 0.0762073323131, 0.0649460554123, 0.0590834394097]
    },
    "chords_histogram": [40.4320983887, 5.55555534363, 1.33744859695, 2.16049385071, 0, 4.21810722351, 0.411522626877, 0, 2.88065838814, 0, 7.92181062698, 1.02880656719, 0, 0, 0.308641970158, 0.308641970158, 0, 17.9012336731, 0, 0, 1.02880656719, 12.3456792831, 1.64609050751, 0.514403283596],
    "thpcp": [1, 0.674191057682, 0.336972862482, 0.305869162083, 0.340127408504, 0.497252523899, 0.617810666561, 0.446607112885, 0.328407853842, 0.425681650639, 0.521634340286, 0.831809520721, 0.968030333519, 0.615648627281, 0.454639405012, 0.550798356533, 0.487573832273, 0.443909496069, 0.487727761269, 0.493086338043, 0.674805402756, 0.901387155056, 0.656511545181, 0.290792495012, 0.195127904415, 0.193040236831, 0.296312302351, 0.352752715349, 0.251008927822, 0.177152499557, 0.196451768279, 0.212617695332, 0.375289767981, 0.59010463953, 0.605419635773, 0.791153788567],
    "chords_key": "D#",
    "chords_scale": "major",
    "key_key": "D#",
    "key_scale": "major"
}
}