{
"lowlevel": {
    "average_loudness": 0.315169781446,
    "barkbands_crest": {
        "mean": 13.683429718,
        "var": 18.8731327057
    },
    "barkbands_flatness_db": {
        "mean": 0.387644380331,
        "var": 0.00169668055605
    },
    "barkbands_kurtosis": {
        "mean": 14.8258256912,
        "var": 1457.70043945
    },
    "barkbands_skewness": {
        "mean": 2.20322108269,
        "var": 5.38565683365
    },
    "barkbands_spread": {
        "mean": 6.64035654068,
        "var": 41.007648468
    },
    "dissonance": {
        "mean": 0.387704282999,
        "var": 0.00564292632043
    },
    "dynamic_complexity": 8.04459095001,
    "erbbands_crest": {
        "mean": 13.1024475098,
        "var": 29.0613174438
    },
    "erbbands_flatness_db": {
        "mean": 0.38280749321,
        "var": 0.00366047071293
    },
    "erbbands_kurtosis": {
        "mean": 1.2840526104,
        "var": 11.7982711792
    },
    "erbbands_skewness": {
        "mean": 0.705551683903,
        "var": 1.08170473576
    },
    "erbbands_spread": {
        "mean": 20.3697681427,
        "var": 150.103607178
    },
    "hfc": {
        "mean": 9.08005619049,
        "var": 294.527191162
    },
    "melbands_crest": {
        "mean": 17.0734157562,
        "var": 35.470500946
    },
    "melbands_flatness_db": {
        "mean": 0.510347664356,
        "var": 0.00242536561564
    },
    "melbands_kurtosis": {
        "mean": 20.4735679626,
        "var": 1406.12744141
    },
    "melbands_skewness": {
        "mean": 2.78112816811,
        "var": 5.76741933823
    },
    "melbands_spread": {
        "mean": 9.10240650177,
        "var": 111.570037842
    },
    "pitch_salience": {
        "mean": 0.537808179855,
        "var": 0.017916964367
    },
    "silence_rate_20dB": {
        "mean": 1,
        "var": 0
    },
    "silence_rate_30dB": {
        "mean": 0.996910393238,
        "var": 0.00308004627004
    },
    "silence_rate_60dB": {
        "mean": 0.335221409798,
        "var": 0.222845420241
    },
    "spectral_centroid": {
        "mean": 638.833496094,
        "var": 311550.90625
    },
    "spectral_complexity": {
        "mean": 6.62976312637,
        "var": 17.754278183
    },
    "spectral_decrease": {
        "mean": -3.2119571447e-009,
        "var": 1.91490624358e-017
    },
    "spectral_energy": {
        "mean": 0.0129462573677,
        "var": 0.000323672400555
    },
    "spectral_energyband_high": {
        "mean": 3.41905668222e-008,
        "var": 2.96459265726e-015
    },
    "spectral_energyband_low": {
        "mean": 0.000324761902448,
        "var": 1.34348226766e-007
    },
    "spectral_energyband_middle_high": {
        "mean": 0.00396845769137,
        "var": 9.33244882617e-005
    },
    "spectral_energyband_middle_low": {
        "mean": 0.00883526913822,
        "var": 0.000113958849397
    },
    "spectral_entropy": {
        "mean": 5.75806903839,
        "var": 0.234803214669
    },
    "spectral_flux": {
        "mean": 0.042554795742,
        "var": 0.00182345509529
    },
    "spectral_kurtosis": {
        "mean": 68.8545608521,
        "var": 1865.15942383
    },
    "spectral_rms": {
        "mean": 0.00286792055704,
        "var": 4.40552275904e-006
    },
    "spectral_rolloff": {
        "mean": 737.062011719,
        "var": 1018713.1875
    },
    "spectral_skewness": {
        "mean": 4.91477060318,
        "var": 5.53746509552
    },
    "spectral_spread": {
        "mean": 1049062.25,
        "var": 2.60663069901e+012
    },
    "spectral_strongpeak": {
        "mean": 1.10543382168,
        "var": 2.92356562614
    },
    "zerocrossingrate": {
        "mean": 0.0263805128634,
        "var": 0.000653972034343
    },
    "barkbands": {
        "mean": [5.84386834817e-005, 1.13216283353e-005, 0.000124065962154, 0.000536304258276, 0.00195609941147, 0.00174628093373, 0.00104993884452, 0.00190178432968, 0.00151575147174, 0.000386724685086, 0.00132725213189, 0.00077137676999, 0.000811500882264, 0.000129218053189, 7.61662522564e-005, 0.000105835715658, 0.000284526846372, 0.000153625136591, 2.02666772253e-008, 2.37849340223e-009, 8.85871198619e-009, 1.50619001715e-008, 4.27107682555e-009, 9.06424879599e-010, 2.19623164099e-009, 1.54704749011e-009, 3.78442915894e-010],
        "var": [5.55715828909e-009, 1.55216395292e-010, 3.51690196965e-008, 5.22041659679e-007, 5.80839878239e-006, 6.97360019331e-006, 9.95821119432e-006, 3.93638110836e-005, 2.3117654564e-005, 1.42330077324e-006, 1.98130856006e-005, 1.36805128932e-005, 2.96763591905e-005, 7.21111860003e-007, 1.13693992887e-007, 1.51344949018e-007, 1.27148837237e-006, 4.22651993404e-007, 5.78135519533e-015, 5.21648251504e-017, 6.68478560792e-016, 3.81895074544e-016, 8.8449198673e-017, 2.74844076129e-018, 1.21574283232e-017, 5.37708219523e-018, 8.37642534447e-019]
    },
    "erbbands": {
        "mean": [0.0006431681104, 0.00436156056821, 0.107416532934, 0.937662601471, 3.87195134163, 6.63682842255, 13.353937149, 13.183380127, 9.97856903076, 34.2530021667, 37.1139221191, 41.8421173096, 13.8105487823, 19.5126266479, 63.3982162476, 35.4776611328, 41.7070159912, 8.60050487518, 5.5682592392, 5.83193159103, 6.38227510452, 16.0288467407, 11.1734972, 0.374035000801, 0.0178420636803, 0.00206644064747, 0.000657229684293, 0.000603268912528, 0.000576611491852, 0.000311074167257, 0.000119514159451, 3.61175116268e-005, 2.6973146305e-005, 2.1101839593e-005, 3.34691176249e-005, 1.97540430236e-005, 6.10129563938e-006, 1.58548800755e-006, 6.63940863888e-006, 1.49883089762e-005],
        "var": [3.26722897626e-007, 3.28020032612e-005, 0.0216811820865, 1.30563771725, 20.8548870087, 68.7506103516, 495.368347168, 345.816070557, 763.66229248, 10536.2333984, 19608.65625, 16886.4492188, 1373.99865723, 3856.75, 46796.8710938, 27970.671875, 68358.96875, 1605.10388184, 1055.43334961, 795.261352539, 337.424255371, 3957.84936523, 1451.23693848, 1.48884499073, 0.00319001823664, 3.85556631954e-005, 3.70831821783e-006, 1.75972684247e-006, 4.92443291478e-007, 1.45195343748e-007, 6.75257822991e-008, 3.98695387815e-009, 2.45735432003e-009, 1.37876632333e-009, 2.86593260235e-009, 7.6670286786e-010, 8.71687513837e-011, 8.65889911855e-012, 9.37713934279e-011, 4.54667387073e-010]
    },
    "gfcc": {
        "mean": [-277.935546875, 240.074462891, -130.003204346, -54.0985984802, -3.63494706154, -31.1727485657, -53.4700202942, -13.1262769699, -0.36902281642, -35.6852264404, -18.8125610352, 12.1527204514, -8.16833400726],
        "cov": [[16841.6816406, 880.915710449, -3204.07983398, -2098.99975586, -1354.09448242, -1800.82080078, -314.821014404, -204.889907837, -871.709289551, -643.762634277, 201.645767212, -101.497398376, -287.583129883], [880.915710449, 742.264099121, 325.97857666, -114.949142456, -151.728881836, -125.582626343, -198.244781494, -258.744018555, -4.12608957291, -101.193069458, -168.828079224, -0.324716567993, -28.4109191895], [-3204.07983398, 325.97857666, 1338.98205566, 442.196105957, 81.9112167358, 314.789733887, -104.695381165, -195.647018433, 190.700576782, 34.743637085, -231.221893311, 53.516872406, 60.755569458], [-2098.99975586, -114.949142456, 442.196105957, 623.219482422, 435.20791626, 114.717658997, -143.128921509, 12.604429245, 97.0654067993, 27.0997982025, -74.3640289307, -27.3329181671, 55.7224464417], [-1354.09448242, -151.728881836, 81.9112167358, 435.20791626, 464.452270508, 154.796020508, -92.0016326904, 13.3072719574, 68.5732955933, 54.9329490662, -28.5641555786, -65.491317749, 23.4373378754], [-1800.82080078, -125.582626343, 314.789733887, 114.717658997, 154.796020508, 433.881286621, 173.447616577, 17.6634521484, 69.7075271606, 98.1439361572, -6.45161962509, -6.70514965057, -6.28575086594], [-314.821014404, -198.244781494, -104.695381165, -143.128921509, -92.0016326904, 173.447616577, 306.300964355, 156.832473755, -49.7448043823, 5.49942922592, 100.259887695, 41.3422622681, -35.5738639832], [-204.889907837, -258.744018555, -195.647018433, 12.604429245, 13.3072719574, 17.6634521484, 156.832473755, 208.793197632, 3.99986958504, 7.96804618835, 79.9280929565, 15.1106929779, -4.58178758621], [-871.709289551, -4.12608957291, 190.700576782, 97.0654067993, 68.5732955933, 69.7075271606, -49.7448043823, 3.99986958504, 159.63458252, 94.4421768188, -46.6561508179, -21.2807693481, 30.6842460632], [-643.762634277, -101.193069458, 34.743637085, 27.0997982025, 54.9329490662, 98.1439361572, 5.49942922592, 7.96804618835, 94.4421768188, 122.824752808, 25.9887714386, -19.9756298065, 10.2530879974], [201.645767212, -168.828079224, -231.221893311, -74.3640289307, -28.5641555786, -6.45161962509, 100.259887695, 79.9280929565, -46.6561508179, 25.9887714386, 131.926315308, 47.0897903442, -2.15278744698], [-101.497398376, -0.324716567993, 53.516872406, -27.3329181671, -65.491317749, -6.70514965057, 41.3422622681, 15.1106929779, -21.2807693481, -19.9756298065, 47.0897903442, 100.314300537, 41.4919662476], [-287.583129883, -28.4109191895, 60.755569458, 55.7224464417, 23.4373378754, -6.28575086594, -35.5738639832, -4.58178758621, 30.6842460632, 10.2530879974, -2.15278744698, 41.4919662476, 74.9822998047]],
        "icov": [[0.000466225901619, -0.000244907627348, 0.000990260043181, 0.000402544363169, 0.000632242066786, 0.000214335494093, 0.00078117987141, 0.000280667969491, 0.000385812309105, 0.000996190006845, 0.000234262275626, 9.41572943702e-005, 0.000462455529487], [-0.000244907627348, 0.00477313250303, -0.00121433264576, 0.0018396100495, -0.00179038837086, 0.00134198693559, -0.000785626471043, 0.00447603780776, -0.00384448748082, 0.00373342330568, 0.00205952860415, -0.00318221282214, 0.00394175108522], [0.000990260043181, -0.00121433264576, 0.0150926103815, -0.0189857501537, 0.0183587558568, -0.00652330368757, -0.00433726795018, 0.0138549460098, -0.00832630787045, 0.00187085138168, 0.0119805280119, -0.0110200718045, 0.00731502380222], [0.000402544363169, 0.0018396100495, -0.0189857501537, 0.0378471538424, -0.0316346883774, 0.0102548943833, 0.0129092829302, -0.0225650109351, 0.0138427009806, 0.00185006181709, -0.0122340284288, 0.0110767660663, -0.0074062035419], [0.000632242066786, -0.00179038837086, 0.0183587558568, -0.0316346883774, 0.0349389463663, -0.0153207331896, -5.54698235646e-005, 0.0151528483257, -0.0118386866525, 0.00619946978986, 0.004910744261, -0.00410342216492, 0.00548296282068], [0.000214335494093, 0.00134198693559, -0.00652330368757, 0.0102548943833, -0.0153207331896, 0.0180236678571, -0.0135361533612, 0.00261837220751, 0.0058464021422, -0.0111426366493, 0.00644645886496, -0.000570355565287, -0.00133503985126], [0.00078117987141, -0.000785626471043, -0.00433726795018, 0.0129092829302, -5.54698235646e-005, -0.0135361533612, 0.0340285636485, -0.0248683225363, 0.00951229315251, 0.00918750278652, -0.0142948282883, 0.00527644250542, 0.00164745352231], [0.000280667969491, 0.00447603780776, 0.0138549460098, -0.0225650109351, 0.0151528483257, 0.00261837220751, -0.0248683225363, 0.0411494672298, -0.0262778773904, 0.0128727825359, 0.00540755223483, -0.00802469067276, 0.00810352154076], [0.000385812309105, -0.00384448748082, -0.00832630787045, 0.0138427009806, -0.0118386866525, 0.0058464021422, 0.00951229315251, -0.0262778773904, 0.0450399070978, -0.0380182489753, 0.0180586650968, -0.00184595608152, -0.00811242870986], [0.000996190006845, 0.00373342330568, 0.00187085138168, 0.00185006181709, 0.00619946978986, -0.0111426366493, 0.00918750278652, 0.0128727825359, -0.0380182489753, 0.0616017207503, -0.039660282433, 0.0214389450848, -0.00124951428734], [0.000234262275626, 0.00205952860415, 0.0119805280119, -0.0122340284288, 0.004910744261, 0.00644645886496, -0.0142948282883, 0.00540755223483, 0.0180586650968, -0.039660282433, 0.0617856271565, -0.0403540432453, 0.0157542899251], [9.41572943702e-005, -0.00318221282214, -0.0110200718045, 0.0110767660663, -0.00410342216492, -0.000570355565287, 0.00527644250542, -0.00802469067276, -0.00184595608152, 0.0214389450848, -0.0403540432453, 0.0495194122195, -0.0276359375566], [0.000462455529487, 0.00394175108522, 0.00731502380222, -0.0074062035419, 0.00548296282068, -0.00133503985126, 0.00164745352231, 0.00810352154076, -0.00811242870986, -0.00124951428734, 0.0157542899251, -0.0276359375566, 0.0348669476807]]
    },
    "melbands": {
        "mean": [7.75802163844e-006, 3.55584852514e-005, 0.000246669864282, 0.000385080231354, 0.000443804688985, 0.000298390048556, 0.000163690827321, 0.000391476321965, 0.000294999656035, 0.000243329428486, 5.71371674596e-005, 6.46442495054e-005, 0.000195183311007, 0.000120708704344, 8.51911609061e-005, 7.04120539012e-005, 1.03014190245e-005, 9.91522119875e-006, 6.07577203482e-006, 7.67193887441e-006, 7.71338363847e-006, 1.39199419209e-005, 2.24568939302e-005, 2.06371714739e-006, 9.87027792831e-010, 6.73985256494e-010, 1.20452398056e-010, 6.45862113791e-011, 1.04636285747e-010, 2.85642370867e-010, 2.94629459718e-010, 3.59522411841e-010, 1.65949864961e-010, 1.46501144549e-010, 6.91452797796e-011, 1.75341234587e-011, 1.11504408137e-011, 1.11734016137e-011, 8.1158257198e-012, 7.80330574462e-012],
        "var": [5.13455424012e-011, 2.74878830808e-009, 8.87752804601e-008, 1.8542682767e-007, 4.73856744065e-007, 1.85835602906e-007, 2.35392292325e-007, 1.36021924391e-006, 1.27246255488e-006, 5.78915660299e-007, 3.09247738528e-008, 5.74354039884e-008, 4.50462465551e-007, 2.22001261818e-007, 3.43218601984e-007, 2.11325925648e-007, 4.07416633763e-009, 5.23525489626e-009, 7.65692342863e-010, 1.22916521406e-009, 5.66716396033e-010, 3.46066508783e-009, 6.70979938278e-009, 7.4869173361e-011, 1.17131132202e-017, 1.04858485064e-017, 1.03439097158e-019, 4.40380844548e-020, 1.89177020347e-019, 9.68665203439e-019, 4.3968413229e-019, 2.73079927357e-019, 2.97396051761e-020, 5.64277669218e-020, 2.97939502961e-020, 3.02765512146e-021, 3.63995946452e-022, 5.33099830409e-022, 2.85230343389e-022, 3.08976924658e-022]
    },
    "mfcc": {
        "mean": [-871.688049316, 221.084823608, -2.51631379128, -21.9426269531, 28.8887424469, -7.90676212311, -33.9119148254, 4.24173879623, 5.6594877243, -28.5149269104, -15.6412401199, 8.90331363678, -6.86352586746],
        "cov": [[6630.32177734, 4454.7890625, -2139.62158203, -1974.77185059, 5.59136676788, -872.101135254, -1255.50878906, 46.5355453491, -134.69644165, -1064.79284668, -284.840911865, 316.462860107, -434.755401611], [4454.7890625, 3215.30444336, -1079.45495605, -1262.51550293, -110.994064331, -601.683837891, -851.354248047, -62.2737007141, -131.687225342, -708.923828125, -279.825622559, 127.087234497, -263.76776123], [-2139.62158203, -1079.45495605, 1305.05737305, 829.715820313, -127.930686951, 240.996154785, 364.128448486, -164.310470581, -20.7368888855, 338.36932373, -66.2109832764, -252.983352661, 172.462432861], [-1974.77185059, -1262.51550293, 829.715820313, 878.416137695, 228.788085938, 265.08782959, 240.8230896, -97.5947875977, 38.1585044861, 296.320404053, -15.5252323151, -187.369628906, 101.85471344], [5.59136676788, -110.994064331, -127.930686951, 228.788085938, 431.846038818, 131.007720947, -157.391723633, -95.9542160034, 36.1978492737, 19.4157772064, -53.3482627869, -58.023273468, -45.743724823], [-872.101135254, -601.683837891, 240.996154785, 265.08782959, 131.007720947, 283.978881836, 205.207717896, -65.0584335327, 11.7623004913, 182.718154907, 36.8647575378, -69.4366607666, 40.7397155762], [-1255.50878906, -851.354248047, 364.128448486, 240.8230896, -157.391723633, 205.207717896, 461.159820557, 134.507293701, -4.62745571136, 172.214248657, 127.056427002, -7.18084287643, 66.9692993164], [46.5355453491, -62.2737007141, -164.310470581, -97.5947875977, -95.9542160034, -65.0584335327, 134.507293701, 219.47605896, 34.8681411743, -65.2271728516, 63.4854125977, 84.0353393555, -14.0507802963], [-134.69644165, -131.687225342, -20.7368888855, 38.1585044861, 36.1978492737, 11.7623004913, -4.62745571136, 34.8681411743, 89.7923736572, 67.3053665161, 6.67345428467, -3.94866299629, 17.9083995819], [-1064.79284668, -708.923828125, 338.36932373, 296.320404053, 19.4157772064, 182.718154907, 172.214248657, -65.2271728516, 67.3053665161, 282.035522461, 86.7175292969, -72.0507888794, 59.2647743225], [-284.840911865, -279.825622559, -66.2109832764, -15.5252323151, -53.3482627869, 36.8647575378, 127.056427002, 63.4854125977, 6.67345428467, 86.7175292969, 152.676559448, 74.7954406738, -8.29495239258], [316.462860107, 127.087234497, -252.983352661, -187.369628906, -58.023273468, -69.4366607666, -7.18084287643, 84.0353393555, -3.94866299629, -72.0507888794, 74.7954406738, 134.6612854, 10.4559898376], [-434.755401611, -263.76776123, 172.462432861, 101.85471344, -45.743724823, 40.7397155762, 66.9692993164, -14.0507802963, 17.9083995819, 59.2647743225, -8.29495239258, 10.4559898376, 116.036376953]],
        "icov": [[143.459121704, -199.413803101, 189.278060913, -172.83241272, 151.572555542, -127.192733765, 101.837127686, -77.4128494263, 54.9048919678, -35.4614486694, 20.1512622833, -9.1381816864, 2.75613880157], [-199.413803101, 277.228759766, -263.222320557, 240.461685181, -210.986419678, 177.148330688, -141.928161621, 107.986442566, -76.6739349365, 49.5847358704, -28.212059021, 12.8036746979, -3.860673666], [189.278060913, -263.222320557, 250.155502319, -228.818893433, 201.078765869, -169.120193481, 135.779083252, -103.5730896, 73.7668991089, -47.8578720093, 27.3262367249, -12.4232358932, 3.75264239311], [-172.83241272, 240.461685181, -228.818893433, 209.714096069, -184.736923218, 155.823776245, -125.525131226, 96.1235275269, -68.7456130981, 44.7824745178, -25.6753826141, 11.7068195343, -3.54721426964], [151.572555542, -210.986419678, 201.078765869, -184.736923218, 163.277389526, -138.282943726, 111.918388367, -86.1356277466, 61.9051895142, -40.500415802, 23.3187885284, -10.6606903076, 3.24932909012], [-127.192733765, 177.148330688, -169.120193481, 155.823776245, -138.282943726, 117.724456787, -95.8350753784, 74.2115020752, -53.6304893494, 35.2453727722, -20.372756958, 9.34302616119, -2.86264824867], [101.837127686, -141.928161621, 135.779083252, -125.525131226, 111.918388367, -95.8350753784, 78.5549240112, -61.2780265808, 44.5954055786, -29.4904766083, 17.1411056519, -7.89696502686, 2.4359588623], [-77.4128494263, 107.986442566, -103.5730896, 96.1235275269, -86.1356277466, 74.2115020752, -61.2780265808, 48.2285041809, -35.418132782, 23.6441345215, -13.869591713, 6.43962335587, -1.99911093712], [54.9048919678, -76.6739349365, 73.7668991089, -68.7456130981, 61.9051895142, -53.6304893494, 44.5954055786, -35.418132782, 26.3009777069, -17.7632026672, 10.5503730774, -4.95170211792, 1.54809463024], [-35.4614486694, 49.5847358704, -47.8578720093, 44.7824745178, -40.500415802, 35.2453727722, -29.4904766083, 23.6441345215, -17.7632026672, 12.1894273758, -7.36135339737, 3.51461553574, -1.11411893368], [20.1512622833, -28.212059021, 27.3262367249, -25.6753826141, 23.3187885284, -20.372756958, 17.1411056519, -13.869591713, 10.5503730774, -7.36135339737, 4.55157661438, -2.22140908241, 0.724093496799], [-9.1381816864, 12.8036746979, -12.4232358932, 11.7068195343, -10.6606903076, 9.34302616119, -7.89696502686, 6.43962335587, -4.95170211792, 3.51461553574, -2.22140908241, 1.13237690926, -0.382370740175], [2.75613880157, -3.860673666, 3.75264239311, -3.54721426964, 3.24932909012, -2.86264824867, 2.4359588623, -1.99911093712, 1.54809463024, -1.11411893368, 0.724093496799, -0.382370740175, 0.149785220623]]
    },
    "spectral_contrast_coeffs": {
        "mean": [-0.527889430523, -0.650087714195, -0.720358908176, -0.77223610878, -0.5324665308, -0.855472505093],
        "var": [0.0159731321037, 0.0152299208567, 0.0150256687775, 0.0077932337299, 0.00774864200503, 0.00207729195245]
    },
    "spectral_contrast_valleys": {
        "mean": [-9.53420257568, -8.21879291534, -8.98525905609, -9.46823692322, -13.5449571609, -15.2384662628],
        "var": [1.04504454136, 2.43792247772, 1.92989194393, 1.60338532925, 1.12493419647, 1.84137487411]
    }
},
"metadata": {
    "audio_properties": {
        "analysis_sample_rate": 44100,
        "bit_rate": 94062,
        "equal_loudness": 0,
        "length": 45.0612258911,
        "lossless": 0,
        "replay_gain": -12.2251300812,
        "sample_rate": 44100,
        "codec": "mp3",
        "downmix": "mix",
        "md5_encoded": "5aefbbc9094d1ed5e7421784845ca233"
    },
    "tags": {
        "file_name": "370.mp3"
    },
    "version": {
        "essentia": "2.1-beta2",
        "essentia_git_sha": "v2.1_beta2",
        "extractor": "music 1.0"
    }
},
"rhythm": {
    "beats_count": 94,
    "beats_loudness": {
        "mean": 0.0183396302164,
        "var": 0.000459775910713
    },
    "bpm": 126.365203857,
    "bpm_histogram_first_peak_bpm": {
        "mean": 126,
        "var": 0
    },
    "bpm_histogram_first_peak_spread": {
        "mean": 0.499999970198,
        "var": 0
    },
    "bpm_histogram_first_peak_weight": {
        "mean": 0.236559137702,
        "var": 0
    },
    "bpm_histogram_second_peak_bpm": {
        "mean": 133,
        "var": 0
    },
    "bpm_histogram_second_peak_spread": {
        "mean": 0.344827592373,
        "var": 0
    },
    "bpm_histogram_second_peak_weight": {
        "mean": 0.204301074147,
        "var": 0
    },
    "danceability": 0.928300797939,
    "onset_rate": 2.72838926315,
    "beats_loudness_band_ratio": {
        "mean": [0.243401601911, 0.392953544855, 0.258473426104, 0.125366076827, 0.0462407059968, 5.34603805136e-006],
        "var": [0.0674436837435, 0.0687070265412, 0.0606705583632, 0.0306462422013, 0.00658644875512, 1.26917799187e-011]
    },
    "beats_position": [0.46439909935, 0.940408170223, 1.4164172411, 1.90403628349, 2.39165520668, 2.87927436829, 3.3785033226, 3.87773227692, 4.35374164581, 4.82975053787, 5.30575942993, 5.75854873657, 6.24616765976, 6.72217655182, 7.19818592072, 7.66258478165, 8.13859367371, 8.6146030426, 9.10222244263, 9.55501079559, 10.0078001022, 10.4605894089, 10.9249887466, 11.3661680222, 11.8189563751, 12.2717456818, 12.7245349884, 13.1657142639, 13.6185035706, 14.0945119858, 14.5589113235, 15.0000905991, 15.4412698746, 15.8940582275, 16.3352375031, 16.8112468719, 17.2756462097, 17.7516555786, 18.2276649475, 18.7036724091, 19.179681778, 19.6440811157, 20.1317005157, 20.6077098846, 21.1069393158, 21.5945568085, 22.0821762085, 22.5465755463, 23.010974884, 23.4753742218, 23.9862117767, 24.5086612701, 25.0427207947, 25.5767803192, 26.0992279053, 26.6100673676, 27.1092967987, 27.620136261, 28.1193637848, 28.6302032471, 29.1410427094, 29.6518821716, 30.1627197266, 30.68516922, 31.1960086823, 31.6371879578, 32.0899772644, 32.542766571, 33.0303840637, 33.4831733704, 33.9243545532, 34.3539237976, 34.8067131042, 35.2594985962, 35.7355079651, 36.1882972717, 36.6643066406, 37.1170959473, 37.5466651917, 37.9878463745, 38.4290237427, 38.9050331116, 39.3810424805, 39.8454399109, 40.2866210938, 40.7394104004, 41.192199707, 41.6565971375, 42.1209983826, 42.5970077515, 43.0614051819, 43.5258026123, 44.0018119812, 44.4546012878]
},
"tonal": {
    "chords_changes_rate": 0.0576131679118,
    "chords_number_rate": 0.0113168722019,
    "chords_strength": {
        "mean": 0.672139942646,
        "var": 0.00789387430996
    },
    "hpcp_entropy": {
        "mean": 1.84190118313,
        "var": 0.729672968388
    },
    "key_strength": 0.817410886288,
    "tuning_diatonic_strength": 0.786301314831,
    "tuning_equal_tempered_deviation": 0.116472654045,
    "tuning_frequency": 431.692352295,
    "tuning_nontempered_energy_ratio": 0.815509915352,
    "hpcp": {
        "mean": [0.193006411195, 0.128222480416, 0.0862123370171, 0.0750602632761, 0.081238143146, 0.114767797291, 0.126953199506, 0.137862414122, 0.215992063284, 0.261266469955, 0.184606194496, 0.0865907296538, 0.0435859076679, 0.0532753057778, 0.0906879454851, 0.110281936824, 0.0975302830338, 0.0885910689831, 0.085158534348, 0.0795474275947, 0.103796333075, 0.127533778548, 0.152669712901, 0.258696377277, 0.301519632339, 0.178389444947, 0.0693649873137, 0.0357470326126, 0.0316913761199, 0.0533250197768, 0.0739821866155, 0.0617913864553, 0.0471322126687, 0.0611848793924, 0.10113684088, 0.174130693078],
        "var": [0.0976720005274, 0.0570841133595, 0.0419438555837, 0.039012119174, 0.0353997200727, 0.0653308704495, 0.0726914182305, 0.0602797828615, 0.0840841382742, 0.105220139027, 0.0776696875691, 0.0400709174573, 0.0158772673458, 0.0243255086243, 0.0500983297825, 0.0560972616076, 0.0413151010871, 0.039835292846, 0.0422143340111, 0.0405504405499, 0.0483989976346, 0.0610073320568, 0.0533159822226, 0.0947136580944, 0.121780090034, 0.0728882029653, 0.0285400170833, 0.0138820027933, 0.0107675371692, 0.0206444319338, 0.0277659222484, 0.0255671329796, 0.0196399986744, 0.0313718207181, 0.0453246980906, 0.0794632583857]
    },
    "chords_histogram": [30.4526748657, 2.26337456703, 11.4197530746, 3.39506173134, 0, 0, 0, 0, 2.67489719391, 0, 18.8271598816, 5.55555534363, 0, 0, 0, 0, 0, 0.205761313438, 2.36625504494, 2.36625504494, 0.411522626877, 0, 18.7242794037, 1.33744859695],
    "thpcp": [1, 0.591634571552, 0.23005130887, 0.118556238711, 0.105105511844, 0.176854223013, 0.245364412665, 0.204933211207, 0.156315565109, 0.202921703458, 0.335423737764, 0.577510297298, 0.640112280846, 0.425254166126, 0.285926103592, 0.248939886689, 0.269429028034, 0.380631268024, 0.421044558287, 0.457225322723, 0.716344952583, 0.866499006748, 0.612252652645, 0.287181079388, 0.144554123282, 0.176689341664, 0.300769627094, 0.365753740072, 0.323462456465, 0.293815255165, 0.282431155443, 0.263821721077, 0.344244033098, 0.422970056534, 0.506334245205, 0.857975244522],
    "chords_key": "F",
    "chords_scale": "major",
    "key_key": "F",
    "key_scale": "major"
}
}