{
"lowlevel": {
    "average_loudness": 0.484987229109,
    "barkbands_crest": {
        "mean": 9.18282604218,
        "var": 11.4599266052
    },
    "barkbands_flatness_db": {
        "mean": 0.164324834943,
        "var": 0.00121388083789
    },
    "barkbands_kurtosis": {
        "mean": 1.49650716782,
        "var": 10.1956481934
    },
    "barkbands_skewness": {
        "mean": 0.639075756073,
        "var": 0.830677986145
    },
    "barkbands_spread": {
        "mean": 18.1413917542,
        "var": 79.5317382813
    },
    "dissonance": {
        "mean": 0.447301417589,
        "var": 0.00164448819123
    },
    "dynamic_complexity": 4.50590848923,
    "erbbands_crest": {
        "mean": 10.7275419235,
        "var": 21.00182724
    },
    "erbbands_flatness_db": {
        "mean": 0.226944580674,
        "var": 0.00260324310511
    },
    "erbbands_kurtosis": {
        "mean": 1.15091907978,
        "var": 9.39266681671
    },
    "erbbands_skewness": {
        "mean": 0.0467179715633,
        "var": 1.49473357201
    },
    "erbbands_spread": {
        "mean": 24.7807292938,
        "var": 94.7190246582
    },
    "hfc": {
        "mean": 11.5077180862,
        "var": 319.770721436
    },
    "melbands_crest": {
        "mean": 11.234249115,
        "var": 15.8852500916
    },
    "melbands_flatness_db": {
        "mean": 0.225734904408,
        "var": 0.00128297158517
    },
    "melbands_kurtosis": {
        "mean": 3.92167448997,
        "var": 30.0897846222
    },
    "melbands_skewness": {
        "mean": 1.34458231926,
        "var": 0.806042730808
    },
    "melbands_spread": {
        "mean": 26.4989757538,
        "var": 351.874755859
    },
    "pitch_salience": {
        "mean": 0.602109909058,
        "var": 0.00890523009002
    },
    "silence_rate_20dB": {
        "mean": 1,
        "var": 0
    },
    "silence_rate_30dB": {
        "mean": 1,
        "var": 0
    },
    "silence_rate_60dB": {
        "mean": 0.344827592373,
        "var": 0.225922599435
    },
    "spectral_centroid": {
        "mean": 1322.23400879,
        "var": 450229.53125
    },
    "spectral_complexity": {
        "mean": 10.3329906464,
        "var": 19.6056461334
    },
    "spectral_decrease": {
        "mean": -2.40828978981e-009,
        "var": 1.055274922e-017
    },
    "spectral_energy": {
        "mean": 0.01013323199,
        "var": 0.000189144309843
    },
    "spectral_energyband_high": {
        "mean": 2.25563853746e-005,
        "var": 8.86925921595e-010
    },
    "spectral_energyband_low": {
        "mean": 0.000520486617461,
        "var": 2.68404335202e-007
    },
    "spectral_energyband_middle_high": {
        "mean": 0.00523177068681,
        "var": 0.000104499711597
    },
    "spectral_energyband_middle_low": {
        "mean": 0.00456091715023,
        "var": 4.41518750449e-005
    },
    "spectral_entropy": {
        "mean": 6.96634197235,
        "var": 0.12019842118
    },
    "spectral_flux": {
        "mean": 0.0526130758226,
        "var": 0.00174931646325
    },
    "spectral_kurtosis": {
        "mean": 8.68782138824,
        "var": 17.3487281799
    },
    "spectral_rms": {
        "mean": 0.00268800184131,
        "var": 2.66071424448e-006
    },
    "spectral_rolloff": {
        "mean": 1518.74536133,
        "var": 1352465.875
    },
    "spectral_skewness": {
        "mean": 1.77035522461,
        "var": 0.229647293687
    },
    "spectral_spread": {
        "mean": 2707865.25,
        "var": 1.82714748109e+012
    },
    "spectral_strongpeak": {
        "mean": 1.43484413624,
        "var": 4.66878938675
    },
    "zerocrossingrate": {
        "mean": 0.0519498065114,
        "var": 0.000857600069139
    },
    "barkbands": {
        "mean": [0.000355309952283, 8.24193411972e-005, 0.000144418721902, 0.000231469341088, 0.000616424717009, 0.000821972324047, 0.00102236203384, 0.000507440709043, 0.000882121326867, 0.00117813935503, 0.000349896552507, 0.000618971360382, 0.000479481503135, 0.000145550598972, 0.000326330657117, 0.000747639103793, 0.000713513349183, 0.000632627343293, 0.000236943800701, 2.4467592084e-005, 7.93362414697e-006, 4.5319061428e-006, 1.51873564391e-006, 1.01083730897e-006, 3.56543324642e-007, 3.5636239204e-007, 3.41520873803e-008],
        "var": [3.07757431983e-007, 5.2294955033e-009, 6.90403751946e-008, 7.75001822717e-008, 4.71463124541e-007, 1.52267239173e-006, 3.8887978917e-006, 3.09585652758e-006, 1.69715513039e-005, 2.43568138103e-005, 2.05594847102e-006, 9.47824355535e-006, 1.22834653666e-005, 2.96033391578e-007, 2.25415874411e-006, 5.5060354498e-006, 4.17783803641e-006, 2.21923892241e-006, 2.89270758458e-007, 1.9919985661e-009, 1.75600450847e-010, 5.32523261598e-011, 4.97638215358e-012, 2.76781961066e-012, 1.21256655975e-013, 1.06612791241e-013, 1.37342379579e-015]
    },
    "erbbands": {
        "mean": [0.00445472728461, 0.0162243843079, 0.120616711676, 0.609666526318, 0.666634321213, 2.6227991581, 6.27830171585, 5.92397403717, 14.0308465958, 12.752448082, 12.9759292603, 18.0537071228, 36.5338020325, 25.024023056, 10.1100597382, 28.8929920197, 22.9860973358, 7.08714342117, 13.9268074036, 25.4072093964, 39.9246063232, 42.2330436707, 39.2743721008, 20.520111084, 5.96981191635, 1.12705767155, 0.391823679209, 0.300910174847, 0.184793829918, 0.0739950016141, 0.0418637916446, 0.0292873904109, 0.0118171386421, 0.00434585567564, 0.00248044077307, 0.00140679592732, 0.000670529028866, 0.000154979177751, 9.44880957832e-006, 1.25955184558e-005],
        "var": [2.30882869801e-005, 0.000172467131051, 0.0320155732334, 0.749133765697, 0.425458461046, 10.8087377548, 67.8601760864, 94.8989028931, 1088.81970215, 696.921569824, 2792.55908203, 6241.19970703, 25412.6464844, 10744.7089844, 1019.86077881, 18441.7226563, 19451.40625, 426.010345459, 4582.01757813, 5199.01953125, 15521.4287109, 14203.4111328, 9006.43261719, 1846.25756836, 108.891235352, 2.62623143196, 0.297399461269, 0.276021748781, 0.0994254946709, 0.00884199049324, 0.00442210584879, 0.00273023243062, 0.000271086086286, 2.02863830054e-005, 6.54053883409e-006, 1.82176040653e-006, 5.09943220095e-007, 1.82908195256e-008, 9.55072340658e-011, 2.92067620089e-010]
    },
    "gfcc": {
        "mean": [-104.915916443, 127.780265808, -144.221832275, 14.9622354507, -50.0872039795, -20.7562713623, -38.6755027771, 8.26305580139, -20.7216281891, -4.12816619873, -10.2834434509, 4.25354480743, -12.745300293],
        "cov": [[4368.29394531, 211.715621948, -1311.99902344, 48.3015136719, 160.702865601, -397.016052246, -176.546157837, 106.428260803, 147.888046265, -334.136352539, 1.66115176678, -33.7483139038, 37.9144477844], [211.715621948, 328.529693604, 16.8282737732, -168.235565186, -68.8445358276, 80.8503036499, 110.060562134, -67.123840332, -99.3480758667, 1.28235661983, 48.3605079651, -60.0626220703, -18.8877906799], [-1311.99902344, 16.8282737732, 710.798400879, -33.8976821899, -146.720443726, 161.244110107, 59.7455558777, -27.9269924164, -114.370002747, 151.356201172, -17.045293808, 48.994228363, -63.8403129578], [48.3015136719, -168.235565186, -33.8976821899, 356.872894287, 130.327758789, -145.935409546, -216.561248779, 53.0289115906, 153.807281494, -25.3691711426, -77.1712188721, 10.7626037598, 32.3928871155], [160.702865601, -68.8445358276, -146.720443726, 130.327758789, 175.965805054, -61.9468650818, -111.766799927, 11.2912874222, 94.3084335327, -26.6159667969, -45.9052734375, -13.9655809402, 24.2532749176], [-397.016052246, 80.8503036499, 161.244110107, -145.935409546, -61.9468650818, 224.955383301, 158.747909546, -73.605682373, -116.098922729, 89.5044784546, 25.9466972351, -18.8512363434, -19.4304218292], [-176.546157837, 110.060562134, 59.7455558777, -216.561248779, -111.766799927, 158.747909546, 282.266265869, -19.9923820496, -156.505599976, 16.4650154114, 72.1217651367, -13.8107385635, -36.2007408142], [106.428260803, -67.123840332, -27.9269924164, 53.0289115906, 11.2912874222, -73.605682373, -19.9923820496, 114.724311829, 56.1746788025, -55.412525177, -12.2627344131, 23.8704032898, 0.254603117704], [147.888046265, -99.3480758667, -114.370002747, 153.807281494, 94.3084335327, -116.098922729, -156.505599976, 56.1746788025, 191.85319519, -20.4935188293, -52.0935745239, 0.411855757236, 44.3582839966], [-334.136352539, 1.28235661983, 151.356201172, -25.3691711426, -26.6159667969, 89.5044784546, 16.4650154114, -55.412525177, -20.4935188293, 149.992385864, 1.89896404743, -5.52016544342, -15.959854126], [1.66115176678, 48.3605079651, -17.045293808, -77.1712188721, -45.9052734375, 25.9466972351, 72.1217651367, -12.2627344131, -52.0935745239, 1.89896404743, 111.854530334, 19.2347011566, -17.6903400421], [-33.7483139038, -60.0626220703, 48.994228363, 10.7626037598, -13.9655809402, -18.8512363434, -13.8107385635, 23.8704032898, 0.411855757236, -5.52016544342, 19.2347011566, 84.8138275146, 16.4983272552], [37.9144477844, -18.8877906799, -63.8403129578, 32.3928871155, 24.2532749176, -19.4304218292, -36.2007408142, 0.254603117704, 44.3582839966, -15.959854126, -17.6903400421, 16.4983272552, 92.823135376]],
        "icov": [[0.000959504395723, -0.00151511281729, 0.00242450158112, -0.000472120649647, 0.00102430337574, -0.000139061376103, 0.00088368577417, -0.000986390397884, 0.000736099726055, -0.000418111216277, 0.00138918939047, -0.00208977074362, 0.00139515218325], [-0.00151511281729, 0.00787763670087, -0.00454412493855, 0.00264803715982, -0.00133640889544, 0.000665072060656, -0.00114589463919, 0.00335515546612, -0.000542948488146, 0.00223367009312, -0.00398965645581, 0.00775455869734, -0.00329038640484], [0.00242450158112, -0.00454412493855, 0.00946335494518, -0.00253091263585, 0.00514952698722, -0.00285548041575, 0.00357374362648, -0.00402310770005, 0.00320304511115, -0.00315703451633, 0.00540728541091, -0.00795132294297, 0.00530867883936], [-0.000472120649647, 0.00264803715982, -0.00253091263585, 0.00755695300177, -0.00328957010061, 0.00191356323194, 0.00212560454383, -0.00010220342665, -0.00107132131234, 0.000561214634217, -0.000763108779211, 0.00297960289754, -0.00162341631949], [0.00102430337574, -0.00133640889544, 0.00514952698722, -0.00328957010061, 0.0127966301516, -0.00361668528058, 0.00338998110965, -0.000302712578559, -0.00111536763143, 0.000510787009262, 0.00329826911911, -0.00242966949008, 0.00290285632946], [-0.000139061376103, 0.000665072060656, -0.00285548041575, 0.00191356323194, -0.00361668528058, 0.0152956945822, -0.00759523548186, 0.00484895193949, 0.000996404094622, -0.00434004049748, 0.000742334406823, 0.00209889607504, -0.00272213574499], [0.00088368577417, -0.00114589463919, 0.00357374362648, 0.00212560454383, 0.00338998110965, -0.00759523548186, 0.0145479151979, -0.00743451016024, 0.00633564218879, 0.000537783722393, -0.00157409568783, 0.000708050909452, 0.000979332602583], [-0.000986390397884, 0.00335515546612, -0.00402310770005, -0.00010220342665, -0.000302712578559, 0.00484895193949, -0.00743451016024, 0.0197685416788, -0.00831909384578, 0.00598788587376, 0.000131414970383, -0.0013695928501, 0.00176833535079], [0.000736099726055, -0.000542948488146, 0.00320304511115, -0.00107132131234, -0.00111536763143, 0.000996404094622, 0.00633564218879, -0.00831909384578, 0.0165751948953, -0.00440097879618, 0.00123054301366, 0.0016548843123, -0.00357790896669], [-0.000418111216277, 0.00223367009312, -0.00315703451633, 0.000561214634217, 0.000510787009262, -0.00434004049748, 0.000537783722393, 0.00598788587376, -0.00440097879618, 0.0134409815073, -0.0019361237064, 0.00180441548582, 0.00113396439701], [0.00138918939047, -0.00398965645581, 0.00540728541091, -0.000763108779211, 0.00329826911911, 0.000742334406823, -0.00157409568783, 0.000131414970383, 0.00123054301366, -0.0019361237064, 0.0162489674985, -0.00971063878387, 0.00518710259348], [-0.00208977074362, 0.00775455869734, -0.00795132294297, 0.00297960289754, -0.00242966949008, 0.00209889607504, 0.000708050909452, -0.0013695928501, 0.0016548843123, 0.00180441548582, -0.00971063878387, 0.025406062603, -0.00956975854933], [0.00139515218325, -0.00329038640484, 0.00530867883936, -0.00162341631949, 0.00290285632946, -0.00272213574499, 0.000979332602583, 0.00176833535079, -0.00357790896669, 0.00113396439701, 0.00518710259348, -0.00956975854933, 0.0173944886774]]
    },
    "melbands": {
        "mean": [4.94005143992e-005, 4.81426068291e-005, 9.8239419458e-005, 0.000105326369521, 0.000203482195502, 0.00015233704471, 0.000206854616408, 0.000132907109219, 0.000118396223115, 0.000115028953587, 0.000186647564988, 0.000107575338916, 3.59257646778e-005, 4.07832485507e-005, 0.000113591209811, 2.20266338147e-005, 1.19965734484e-005, 1.95848733711e-005, 2.69214579021e-005, 5.21128131368e-005, 4.2003532144e-005, 4.58225404145e-005, 3.51468261215e-005, 3.10954637825e-005, 1.56060905283e-005, 6.2639069256e-006, 1.60893819157e-006, 4.84925408273e-007, 2.3983346864e-007, 1.96579151179e-007, 1.64786555956e-007, 1.14861684608e-007, 6.3048119614e-008, 3.19455963904e-008, 2.38905073502e-008, 2.12542641265e-008, 1.65142051145e-008, 9.19825104972e-009, 4.59735582936e-009, 3.25432480963e-009],
        "var": [2.47290121713e-009, 4.68526639708e-009, 1.51571235563e-008, 1.72144201116e-008, 5.58106982851e-008, 5.74895864247e-008, 1.95785730739e-007, 1.05086570557e-007, 3.35014249231e-007, 2.55310197872e-007, 6.6424513534e-007, 2.11002102901e-007, 1.53200101494e-008, 4.00377828669e-008, 3.8342056996e-007, 1.56168180609e-008, 1.7639132377e-009, 1.01688444332e-008, 1.38545432904e-008, 2.71847664379e-008, 1.99564560432e-008, 2.16409876685e-008, 8.14930345427e-009, 5.68638114373e-009, 1.34534139384e-009, 1.65551697351e-010, 9.29707959924e-012, 5.84842341656e-013, 1.14579935709e-013, 1.2108604321e-013, 9.50209556221e-014, 4.19050136659e-014, 9.26466765312e-015, 1.57568520508e-015, 1.47381255251e-015, 1.57415196956e-015, 9.37680295687e-016, 2.01213933935e-016, 2.39401802248e-017, 1.28450561218e-017]
    },
    "mfcc": {
        "mean": [-744.470153809, 163.34979248, -34.4758872986, 32.1729431152, -2.88572049141, -17.0465507507, -11.7984409332, 4.02756881714, -10.1290931702, -4.59410476685, 1.71099245548, -0.886744856834, -3.76843905449],
        "cov": [[2986.28979492, -94.8112564087, -1140.80859375, 255.959915161, 210.541305542, -354.704681396, -330.143371582, 236.705474854, -5.94656896591, -60.9228210449, -39.535533905, -83.9280395508, -99.5276184082], [-94.8112564087, 449.249084473, 124.076583862, -232.079833984, -199.701080322, 86.3169555664, 210.334365845, -44.5159416199, -79.9526748657, 25.6501083374, 17.0869922638, -49.6791915894, 22.3281612396], [-1140.80859375, 124.076583862, 606.418640137, -111.909934998, -148.776779175, 124.43296814, 162.254623413, -72.6714477539, -23.827375412, -4.87433815002, 18.0088062286, 49.3266983032, 47.5930671692], [255.959915161, -232.079833984, -111.909934998, 319.363800049, 237.81817627, -119.979690552, -227.418365479, 32.3344764709, 66.4755020142, -27.4131011963, -24.608423233, 40.4929122925, -22.7755870819], [210.541305542, -199.701080322, -148.776779175, 237.81817627, 342.602935791, -77.0398101807, -273.936096191, 1.87538921833, 75.3004074097, -5.48381185532, -22.2756748199, 22.8368377686, -29.481754303], [-354.704681396, 86.3169555664, 124.43296814, -119.979690552, -77.0398101807, 215.37059021, 133.786895752, -105.453414917, -2.47410655022, 36.8993186951, 8.10709762573, -1.39453458786, 5.75199604034], [-330.143371582, 210.334365845, 162.254623413, -227.418365479, -273.936096191, 133.786895752, 351.69519043, -3.3340549469, -88.999961853, 14.9753074646, 24.7140254974, -34.1672096252, 37.1586875916], [236.705474854, -44.5159416199, -72.6714477539, 32.3344764709, 1.87538921833, -105.453414917, -3.3340549469, 154.448455811, 5.83890008926, -42.8143920898, -4.3006067276, -3.27173686028, -8.07827186584], [-5.94656896591, -79.9526748657, -23.827375412, 66.4755020142, 75.3004074097, -2.47410655022, -88.999961853, 5.83890008926, 111.363044739, 29.8662452698, -31.3900661469, -2.14243268967, -11.2066144943], [-60.9228210449, 25.6501083374, -4.87433815002, -27.4131011963, -5.48381185532, 36.8993186951, 14.9753074646, -42.8143920898, 29.8662452698, 95.3744049072, 9.14722442627, -33.1608200073, 2.49895787239], [-39.535533905, 17.0869922638, 18.0088062286, -24.608423233, -22.2756748199, 8.10709762573, 24.7140254974, -4.3006067276, -31.3900661469, 9.14722442627, 92.4292602539, 25.1622142792, -20.5911846161], [-83.9280395508, -49.6791915894, 49.3266983032, 40.4929122925, 22.8368377686, -1.39453458786, -34.1672096252, -3.27173686028, -2.14243268967, -33.1608200073, 25.1622142792, 94.4677810669, 9.32408237457], [-99.5276184082, 22.3281612396, 47.5930671692, -22.7755870819, -29.481754303, 5.75199604034, 37.1586875916, -8.07827186584, -11.2066144943, 2.49895787239, -20.5911846161, 9.32408237457, 74.3530960083]],
        "icov": [[0.00186835776549, -0.00123325793538, 0.00337677146308, -0.00141060899477, 0.00160952506121, -0.000444131204858, 0.00167085998692, -0.00159957492724, 0.00116827455349, 0.000167553953361, 0.000329819828039, -1.6727937691e-005, 0.000205368196475], [-0.00123325793538, 0.00484543759376, -0.0025348009076, 0.00302946101874, -0.00117511081044, 0.00124274822883, -0.00216506631114, 0.00222177710384, 0.000142133620102, -0.000271880649962, 4.55827785117e-006, 0.000968881358858, 0.000116235583846], [0.00337677146308, -0.0025348009076, 0.00844767782837, -0.0027288927231, 0.00332451169379, -0.000995361013338, 0.0020747249946, -0.00179234915413, 0.000966471561696, 0.00116668210831, 0.000253939128015, -0.00129517295863, -0.000459138362203], [-0.00141060899477, 0.00302946101874, -0.0027288927231, 0.0107918735594, -0.00614148424938, 0.00477469805628, -0.00264049530961, 0.00313273258507, -0.00275021092966, 0.00076441548299, 0.00111375516281, -0.00236898474395, 0.00127527641598], [0.00160952506121, -0.00117511081044, 0.00332451169379, -0.00614148424938, 0.0125231463462, -0.00544172944501, 0.00963396951556, -0.00403911434114, 0.00304890982807, -0.00100406294223, -0.000279520376353, 0.00185355485883, -0.0011854278855], [-0.000444131204858, 0.00124274822883, -0.000995361013338, 0.00477469805628, -0.00544172944501, 0.0164680574089, -0.0106958691031, 0.0115962997079, -0.00728236697614, 0.00188359676395, 0.00075248448411, -0.00325181474909, 0.00376085028984], [0.00167085998692, -0.00216506631114, 0.0020747249946, -0.00264049530961, 0.00963396951556, -0.0106958691031, 0.0176295340061, -0.00996184162796, 0.00877868104726, -0.00291649950668, -0.000427936000051, 0.00358765129931, -0.00364281167276], [-0.00159957492724, 0.00222177710384, -0.00179234915413, 0.00313273258507, -0.00403911434114, 0.0115962997079, -0.00996184162796, 0.0181870795786, -0.00894009787589, 0.00718396203592, -0.00181569962297, 0.000155287722009, 0.00164316326845], [0.00116827455349, 0.000142133620102, 0.000966471561696, -0.00275021092966, 0.00304890982807, -0.00728236697614, 0.00877868104726, -0.00894009787589, 0.0213196128607, -0.0104119535536, 0.00736119877547, -0.00154833379202, 0.00226984289475], [0.000167553953361, -0.000271880649962, 0.00116668210831, 0.00076441548299, -0.00100406294223, 0.00188359676395, -0.00291649950668, 0.00718396203592, -0.0104119535536, 0.0207680538297, -0.00786962267011, 0.00807572249323, -0.00397189380601], [0.000329819828039, 4.55827785117e-006, 0.000253939128015, 0.00111375516281, -0.000279520376353, 0.00075248448411, -0.000427936000051, -0.00181569962297, 0.00736119877547, -0.00786962267011, 0.0185780953616, -0.00879580993205, 0.00808826647699], [-1.6727937691e-005, 0.000968881358858, -0.00129517295863, -0.00236898474395, 0.00185355485883, -0.00325181474909, 0.00358765129931, 0.000155287722009, -0.00154833379202, 0.00807572249323, -0.00879580993205, 0.0193498078734, -0.00636674650013], [0.000205368196475, 0.000116235583846, -0.000459138362203, 0.00127527641598, -0.0011854278855, 0.00376085028984, -0.00364281167276, 0.00164316326845, 0.00226984289475, -0.00397189380601, 0.00808826647699, -0.00636674650013, 0.0191259086132]]
    },
    "spectral_contrast_coeffs": {
        "mean": [-0.634120583534, -0.706963598728, -0.722522139549, -0.732145547867, -0.732796132565, -0.75886631012],
        "var": [0.00412441277876, 0.00513469334692, 0.00736586842686, 0.00684767588973, 0.00734689598903, 0.00119602750055]
    },
    "spectral_contrast_valleys": {
        "mean": [-8.5052947998, -7.2451376915, -8.44341754913, -8.75196456909, -8.67068862915, -12.1272668839],
        "var": [0.719376921654, 0.845099449158, 0.802175164223, 0.76143181324, 0.723025560379, 0.445252001286]
    }
},
"metadata": {
    "audio_properties": {
        "analysis_sample_rate": 44100,
        "bit_rate": 107852,
        "equal_loudness": 0,
        "length": 45.0873451233,
        "lossless": 0,
        "replay_gain": -14.0067863464,
        "sample_rate": 44100,
        "codec": "mp3",
        "downmix": "mix",
        "md5_encoded": "5adc8fdb85c48a907789575710e72945"
    },
    "tags": {
        "file_name": "371.mp3"
    },
    "version": {
        "essentia": "2.1-beta2",
        "essentia_git_sha": "v2.1_beta2",
        "extractor": "music 1.0"
    }
},
"rhythm": {
    "beats_count": 99,
    "beats_loudness": {
        "mean": 0.0150916893035,
        "var": 0.000231594807701
    },
    "bpm": 133.083480835,
    "bpm_histogram_first_peak_bpm": {
        "mean": 133,
        "var": 0
    },
    "bpm_histogram_first_peak_spread": {
        "mean": 0.488888889551,
        "var": 0
    },
    "bpm_histogram_first_peak_weight": {
        "mean": 0.469387769699,
        "var": 0
    },
    "bpm_histogram_second_peak_bpm": {
        "mean": 140,
        "var": 0
    },
    "bpm_histogram_second_peak_spread": {
        "mean": 0,
        "var": 0
    },
    "bpm_histogram_second_peak_weight": {
        "mean": 0.0714285746217,
        "var": 0
    },
    "danceability": 1.05824398994,
    "onset_rate": 3.4586148262,
    "beats_loudness_band_ratio": {
        "mean": [0.117116264999, 0.235639974475, 0.281873226166, 0.147971734405, 0.24106580019, 0.0251736138016],
        "var": [0.00877019390464, 0.0226282477379, 0.0260194744915, 0.0299299359322, 0.0526401884854, 0.000910016533453]
    },
    "beats_position": [0.452789098024, 0.905578196049, 1.35836732388, 1.8111563921, 2.2523355484, 2.69351458549, 3.14630389214, 3.59909296036, 4.05188179016, 4.5046710968, 4.96907043457, 5.4334692955, 5.89786815643, 6.3622674942, 6.82666635513, 7.27945566177, 7.74385452271, 8.20825386047, 8.66104316711, 9.13705158234, 9.6014509201, 10.0542402267, 10.4954195023, 10.9365987778, 11.3777770996, 11.8305664063, 12.294965744, 12.7361450195, 13.1889343262, 13.6301136017, 14.0829019547, 14.5356912613, 14.9884805679, 15.4296598434, 15.8824491501, 16.3468475342, 16.8112468719, 17.2640361786, 17.7284355164, 18.181224823, 18.6340141296, 19.0868015289, 19.5512008667, 20.0039901733, 20.45677948, 20.8979587555, 21.3507480621, 21.8035373688, 22.2563266754, 22.7091159821, 23.1619052887, 23.6030826569, 24.0558719635, 24.5086612701, 24.9614505768, 25.4142398834, 25.8670291901, 26.3082084656, 26.7609977722, 27.2137870789, 27.6549663544, 28.1193637848, 28.5605430603, 29.0133323669, 29.4661216736, 29.9073009491, 30.3484802246, 30.7896595001, 31.2308387756, 31.66040802, 32.0899772644, 32.5195465088, 32.9491157532, 33.3786849976, 33.8082542419, 34.2494316101, 34.690612793, 35.1317901611, 35.5845794678, 36.0373687744, 36.4901580811, 36.9429473877, 37.3957366943, 37.848526001, 38.3013153076, 38.7424926758, 39.1952819824, 39.6364631653, 40.0776405334, 40.5188217163, 40.9599990845, 41.3895683289, 41.830745697, 42.2719268799, 42.713104248, 43.1542854309, 43.6070747375, 44.0598640442, 44.5242614746]
},
"tonal": {
    "chords_changes_rate": 0.0267489720136,
    "chords_number_rate": 0.00617283955216,
    "chords_strength": {
        "mean": 0.635292112827,
        "var": 0.0132468650118
    },
    "hpcp_entropy": {
        "mean": 1.82378530502,
        "var": 0.524057805538
    },
    "key_strength": 0.867078721523,
    "tuning_diatonic_strength": 0.740860164165,
    "tuning_equal_tempered_deviation": 0.0672011077404,
    "tuning_frequency": 440.508636475,
    "tuning_nontempered_energy_ratio": 0.746632695198,
    "hpcp": {
        "mean": [0.0397366955876, 0.0468832738698, 0.142143428326, 0.308377206326, 0.269215583801, 0.106188192964, 0.053630720824, 0.0682080686092, 0.19063398242, 0.290269076824, 0.212678983808, 0.121387697756, 0.144026070833, 0.124789789319, 0.0692448019981, 0.0728896260262, 0.089636914432, 0.236593976617, 0.452959299088, 0.347792387009, 0.115125887096, 0.055671222508, 0.047573722899, 0.0922779142857, 0.16031652689, 0.153738856316, 0.0904211699963, 0.0513219125569, 0.0492032170296, 0.106645978987, 0.159702897072, 0.138174325228, 0.197320148349, 0.310307949781, 0.218918651342, 0.0709712356329],
        "var": [0.0132993236184, 0.0124553609639, 0.0353401713073, 0.100029245019, 0.0909203290939, 0.031387064606, 0.0173458438367, 0.0170084871352, 0.0592292584479, 0.104642115533, 0.073283366859, 0.0352930091321, 0.0682681947947, 0.0613074526191, 0.0223171748221, 0.0254728216678, 0.0288513451815, 0.0565163753927, 0.129407092929, 0.0883050784469, 0.0373195670545, 0.0181415434927, 0.0106280166656, 0.0260038524866, 0.0582036450505, 0.0553862899542, 0.026445588097, 0.0132188638672, 0.0144856832922, 0.028626030311, 0.0457705818117, 0.0360827744007, 0.0576174855232, 0.120554208755, 0.0755872055888, 0.0198765806854]
    },
    "chords_histogram": [65.3292160034, 1.85185182095, 24.4855976105, 0, 0.411522626877, 0, 0, 0, 0, 0, 0, 0, 0, 0, 0, 0, 0, 0, 0, 0, 0, 1.54320991039, 3.80658435822, 2.57201647758],
    "thpcp": [1, 0.767822623253, 0.254163861275, 0.122905574739, 0.105028688908, 0.203722313046, 0.353931427002, 0.339409857988, 0.199623167515, 0.113303586841, 0.108626134694, 0.235442742705, 0.352576702833, 0.305047988892, 0.435624450445, 0.685068070889, 0.483307540417, 0.156683474779, 0.0877268537879, 0.103504382074, 0.313810586929, 0.680805563927, 0.594348311424, 0.234432086349, 0.118400752544, 0.150583222508, 0.420863389969, 0.640828192234, 0.469532221556, 0.267988085747, 0.317966908216, 0.275498896837, 0.152872011065, 0.160918712616, 0.197891756892, 0.522329449654],
    "chords_key": "G#",
    "chords_scale": "major",
    "key_key": "G#",
    "key_scale": "major"
}
}