{
"lowlevel": {
    "average_loudness": 0.978443384171,
    "barkbands_crest": {
        "mean": 6.4576997757,
        "var": 8.56080150604
    },
    "barkbands_flatness_db": {
        "mean": 0.0827371031046,
        "var": 0.00040694969357
    },
    "barkbands_kurtosis": {
        "mean": -0.303948104382,
        "var": 2.54878091812
    },
    "barkbands_skewness": {
        "mean": 0.745965540409,
        "var": 0.407855302095
    },
    "barkbands_spread": {
        "mean": 36.6367034912,
        "var": 91.9615707397
    },
    "dissonance": {
        "mean": 0.485986143351,
        "var": 9.08714500838e-005
    },
    "dynamic_complexity": 0.968153715134,
    "erbbands_crest": {
        "mean": 6.45877504349,
        "var": 5.60712480545
    },
    "erbbands_flatness_db": {
        "mean": 0.142784267664,
        "var": 0.000458269554656
    },
    "erbbands_kurtosis": {
        "mean": -0.312980681658,
        "var": 0.679165422916
    },
    "erbbands_skewness": {
        "mean": -0.520680010319,
        "var": 0.240739300847
    },
    "erbbands_spread": {
        "mean": 40.5545883179,
        "var": 96.8230285645
    },
    "hfc": {
        "mean": 32.1823539734,
        "var": 125.59262085
    },
    "melbands_crest": {
        "mean": 11.5748529434,
        "var": 14.9078273773
    },
    "melbands_flatness_db": {
        "mean": 0.139862641692,
        "var": 0.0010763037717
    },
    "melbands_kurtosis": {
        "mean": 4.69910907745,
        "var": 29.563539505
    },
    "melbands_skewness": {
        "mean": 2.0247604847,
        "var": 0.732655227184
    },
    "melbands_spread": {
        "mean": 42.2748832703,
        "var": 290.373565674
    },
    "pitch_salience": {
        "mean": 0.641255259514,
        "var": 0.00534639367834
    },
    "silence_rate_20dB": {
        "mean": 1,
        "var": 0
    },
    "silence_rate_30dB": {
        "mean": 1,
        "var": 0
    },
    "silence_rate_60dB": {
        "mean": 0.00205973233096,
        "var": 0.00205553858541
    },
    "spectral_centroid": {
        "mean": 2314.64697266,
        "var": 321573.59375
    },
    "spectral_complexity": {
        "mean": 39.210609436,
        "var": 23.4741783142
    },
    "spectral_decrease": {
        "mean": -7.05656377775e-009,
        "var": 1.07590803248e-017
    },
    "spectral_energy": {
        "mean": 0.0295521430671,
        "var": 0.00016048514226
    },
    "spectral_energyband_high": {
        "mean": 0.00152773945592,
        "var": 1.21649839002e-006
    },
    "spectral_energyband_low": {
        "mean": 0.00868978071958,
        "var": 8.42946610646e-005
    },
    "spectral_energyband_middle_high": {
        "mean": 0.00844741798937,
        "var": 1.01276827991e-005
    },
    "spectral_energyband_middle_low": {
        "mean": 0.0125935394317,
        "var": 8.39349231683e-005
    },
    "spectral_entropy": {
        "mean": 7.76912927628,
        "var": 0.023718405515
    },
    "spectral_flux": {
        "mean": 0.102693647146,
        "var": 0.0012171290582
    },
    "spectral_kurtosis": {
        "mean": 4.14300775528,
        "var": 2.13250422478
    },
    "spectral_rms": {
        "mean": 0.00525390915573,
        "var": 1.22782262224e-006
    },
    "spectral_rolloff": {
        "mean": 2765.10668945,
        "var": 1837845.5
    },
    "spectral_skewness": {
        "mean": 1.09666728973,
        "var": 0.0585220493376
    },
    "spectral_spread": {
        "mean": 3654285.25,
        "var": 2.75647640371e+012
    },
    "spectral_strongpeak": {
        "mean": 0.590914785862,
        "var": 0.603861451149
    },
    "zerocrossingrate": {
        "mean": 0.0848156064749,
        "var": 0.000876218546182
    },
    "barkbands": {
        "mean": [0.000711123109795, 0.00313528487459, 0.00331042869948, 0.00293586892076, 0.00365019543096, 0.00158041750547, 0.00141988683026, 0.00147564627696, 0.00119141314644, 0.00117185839918, 0.000607270281762, 0.000474444532301, 0.00042141485028, 0.000626269436907, 0.00104780052789, 0.000590730225667, 0.0004924031673, 0.000841341272462, 0.00158717262093, 0.00151031638961, 0.00030132822576, 8.30868666526e-005, 0.0001393770508, 0.000141626907862, 6.28269044682e-005, 4.02944642701e-005, 2.32550064538e-006],
        "var": [3.7240954498e-006, 2.89314612019e-005, 9.91651904769e-006, 6.70903500577e-006, 3.35000186169e-005, 2.56157773038e-006, 5.66006747249e-006, 1.05894932858e-005, 2.4491489512e-006, 1.51307892793e-006, 1.2243965557e-006, 4.40400924617e-007, 2.25381128871e-007, 2.19760522668e-007, 5.3353619478e-007, 1.55804926294e-007, 1.3067219129e-007, 2.53120646221e-007, 6.57871055409e-007, 6.32385933841e-007, 2.41372379861e-008, 1.23851373601e-008, 9.0976151057e-008, 1.12803938634e-007, 4.18345216247e-008, 1.20011192095e-008, 2.53554191532e-011]
    },
    "erbbands": {
        "mean": [0.0917122736573, 0.718805968761, 3.36518716812, 7.81789541245, 11.5380277634, 11.7810096741, 11.6420402527, 12.820356369, 15.7602834702, 27.3473644257, 33.8655815125, 29.5690994263, 30.26820755, 37.0340118408, 22.5323925018, 19.1936073303, 17.6612510681, 36.2369995117, 29.7469921112, 65.243598938, 24.6369895935, 27.6197795868, 43.7916755676, 66.0281295776, 84.6174621582, 71.9650268555, 25.6374912262, 8.04263782501, 3.31251120567, 2.96684670448, 4.19049358368, 3.97444868088, 1.63419544697, 0.566364347935, 0.557569146156, 0.261345714331, 0.0491034388542, 0.00994957331568, 0.000256873026956, 4.52217791462e-005],
        "var": [0.0377483554184, 1.35005700588, 12.4744405746, 38.2357940674, 332.470306396, 288.597961426, 134.912994385, 193.919921875, 702.895507813, 1699.8828125, 6045.14257813, 1805.40515137, 1205.09106445, 2064.88916016, 857.268432617, 621.226013184, 424.899627686, 679.688781738, 331.323028564, 1863.99768066, 225.748245239, 301.373596191, 703.606567383, 1121.15820313, 1876.79931641, 1530.0526123, 151.345291138, 24.343290329, 15.2743339539, 31.4526252747, 89.3771286011, 88.6806030273, 18.0796279907, 2.89487957954, 3.80257678032, 0.625114023685, 0.0183115452528, 0.000381052464945, 2.36932720554e-007, 5.6557536432e-010]
    },
    "gfcc": {
        "mean": [50.8773536682, 81.173248291, -132.935913086, 43.3511238098, -52.0373764038, 1.50672626495, -34.5206604004, 16.6178970337, -34.278755188, 3.35461997986, -18.2443218231, -10.3134031296, -15.0335130692],
        "cov": [[3326.12329102, 48.384311676, -152.48135376, 55.4243736267, -206.147994995, 48.0802154541, -145.324127197, 51.8507118225, -91.8154449463, 13.0300769806, -78.3901367188, 3.37347459793, -72.9619903564], [48.384311676, 341.464050293, -101.525535583, 51.7412452698, 43.3476905823, -50.53565979, 63.9005126953, -23.3514595032, 26.6454868317, -7.32963895798, 25.1582813263, -29.5420627594, 34.3925285339], [-152.48135376, -101.525535583, 259.287231445, 2.90054321289, 10.5764389038, 44.0412788391, -24.4556369781, 20.7453613281, 11.6181106567, 20.1370372772, -12.1659917831, 23.1685409546, -12.2196111679], [55.4243736267, 51.7412452698, 2.90054321289, 154.217651367, 27.4956302643, 30.4463977814, 22.5992679596, -6.61092281342, 43.3534507751, -6.01322793961, 29.2057647705, -10.6110219955, 18.8152675629], [-206.147994995, 43.3476905823, 10.5764389038, 27.4956302643, 177.021102905, 19.547504425, 66.59815979, 32.4311256409, -21.2337646484, 29.6333179474, 9.33840179443, 12.5434093475, 16.2265090942], [48.0802154541, -50.53565979, 44.0412788391, 30.4463977814, 19.547504425, 98.7750396729, 24.5573005676, 19.3993434906, 11.3301229477, -4.61381816864, 8.14357566833, 8.93660736084, -0.0507062226534], [-145.324127197, 63.9005126953, -24.4556369781, 22.5992679596, 66.59815979, 24.5573005676, 99.0499649048, 30.9176235199, 13.1541671753, 7.97882604599, 11.3166513443, -1.39496850967, 7.13791847229], [51.8507118225, -23.3514595032, 20.7453613281, -6.61092281342, 32.4311256409, 19.3993434906, 30.9176235199, 70.0744476318, 12.7602920532, 22.8738021851, -0.824469268322, 4.20973348618, -0.0286660138518], [-91.8154449463, 26.6454868317, 11.6181106567, 43.3534507751, -21.2337646484, 11.3301229477, 13.1541671753, 12.7602920532, 87.4737167358, 16.7097244263, 17.5762634277, -6.00371170044, 2.03729009628], [13.0300769806, -7.32963895798, 20.1370372772, -6.01322793961, 29.6333179474, -4.61381816864, 7.97882604599, 22.8738021851, 16.7097244263, 56.5130577087, 12.437210083, 9.12254238129, -2.95504570007], [-78.3901367188, 25.1582813263, -12.1659917831, 29.2057647705, 9.33840179443, 8.14357566833, 11.3166513443, -0.824469268322, 17.5762634277, 12.437210083, 49.092250824, 11.8211479187, 13.1392621994], [3.37347459793, -29.5420627594, 23.1685409546, -10.6110219955, 12.5434093475, 8.93660736084, -1.39496850967, 4.20973348618, -6.00371170044, 9.12254238129, 11.8211479187, 43.9988899231, 12.0904445648], [-72.9619903564, 34.3925285339, -12.2196111679, 18.8152675629, 16.2265090942, -0.0507062226534, 7.13791847229, -0.0286660138518, 2.03729009628, -2.95504570007, 13.1392621994, 12.0904445648, 47.3338775635]],
        "icov": [[0.000965599669144, -0.00168599665631, 0.00124181888532, -0.00227292464115, 0.00227497611195, -0.00215725344606, 0.00250274152495, -0.00290076131932, 0.00303260772489, -0.00266163470224, 0.0029852099251, -0.00274424976669, 0.00235176924616], [-0.00168599665631, 0.00845223385841, -0.00162000383716, 0.00373052200302, -0.00498295994475, 0.00706530734897, -0.00807948037982, 0.00769462902099, -0.00695171114057, 0.0055149202235, -0.00683398870751, 0.00829495955259, -0.00728072831407], [0.00124181888532, -0.00162000383716, 0.00687325419858, -0.00350747420453, 0.0021311766468, -0.00483196228743, 0.00540654687211, -0.00433373823762, 0.00272260094061, -0.0048277634196, 0.0063080182299, -0.00613832706586, 0.00410448713228], [-0.00227292464115, 0.00373052200302, -0.00350747420453, 0.0161876045167, -0.0084333140403, 0.00260571576655, -0.00517255207524, 0.00925885699689, -0.0125508187339, 0.0097322743386, -0.0119394492358, 0.0109911374748, -0.00822021067142], [0.00227497611195, -0.00498295994475, 0.0021311766468, -0.0084333140403, 0.0166623760015, -0.00577672384679, -0.000321075058309, -0.00839573610574, 0.0139694381505, -0.0131521141157, 0.00879397150129, -0.00817304104567, 0.00357906660065], [-0.00215725344606, 0.00706530734897, -0.00483196228743, 0.00260571576655, -0.00577672384679, 0.0207493491471, -0.0105255665258, 0.00458549195901, -0.00796952284873, 0.0111398678273, -0.00960308406502, 0.00523943966255, -0.00478362757713], [0.00250274152495, -0.00807948037982, 0.00540654687211, -0.00517255207524, -0.000321075058309, -0.0105255665258, 0.0270060878247, -0.0145566239953, 0.00492992438376, -0.00387401296757, 0.00663985405117, -0.00799827184528, 0.00894343759865], [-0.00290076131932, 0.00769462902099, -0.00433373823762, 0.00925885699689, -0.00839573610574, 0.00458549195901, -0.0145566239953, 0.0313761904836, -0.0124778868631, 0.00114577705972, -0.00604829983786, 0.0103694917634, -0.0101253641769], [0.00303260772489, -0.00695171114057, 0.00272260094061, -0.0125508187339, 0.0139694381505, -0.00796952284873, 0.00492992438376, -0.0124778868631, 0.0290719103068, -0.0162046700716, 0.00727953482419, -0.00703161815181, 0.00738151976839], [-0.00266163470224, 0.0055149202235, -0.0048277634196, 0.0097322743386, -0.0131521141157, 0.0111398678273, -0.00387401296757, 0.00114577705972, -0.0162046700716, 0.0372653566301, -0.0169124808162, 0.0051268027164, -0.00171017716639], [0.0029852099251, -0.00683398870751, 0.0063080182299, -0.0119394492358, 0.00879397150129, -0.00960308406502, 0.00663985405117, -0.00604829983786, 0.00727953482419, -0.0169124808162, 0.0406198091805, -0.0182808451355, 0.00393632426858], [-0.00274424976669, 0.00829495955259, -0.00613832706586, 0.0109911374748, -0.00817304104567, 0.00523943966255, -0.00799827184528, 0.0103694917634, -0.00703161815181, 0.0051268027164, -0.0182808451355, 0.0420346260071, -0.0172305963933], [0.00235176924616, -0.00728072831407, 0.00410448713228, -0.00822021067142, 0.00357906660065, -0.00478362757713, 0.00894343759865, -0.0101253641769, 0.00738151976839, -0.00171017716639, 0.00393632426858, -0.0172305963933, 0.0346660874784]]
    },
    "melbands": {
        "mean": [0.000871980912052, 0.00150880485307, 0.00145182665437, 0.000880376494024, 0.000422961282311, 0.000289963034447, 0.000252762140008, 0.000306699512294, 0.000268811243586, 0.000172665182617, 0.000147397455294, 0.000153139306349, 8.03701477707e-005, 5.79916850256e-005, 3.38567406288e-005, 5.13608138135e-005, 6.83419348206e-005, 3.48838366335e-005, 9.43510749494e-005, 6.1104336055e-005, 2.21753361984e-005, 2.12204231502e-005, 4.40854928456e-005, 4.04401253036e-005, 5.44156355318e-005, 6.15320022916e-005, 5.82962129556e-005, 4.6621025831e-005, 2.01836028282e-005, 6.21564458925e-006, 3.71640430785e-006, 1.86816839687e-006, 1.35087384479e-006, 1.79710355042e-006, 2.32127786148e-006, 2.75878596767e-006, 2.29272745855e-006, 1.29713271235e-006, 5.88346722452e-007, 4.141179204e-007],
        "var": [2.58084855886e-006, 2.89728268399e-006, 1.21091920846e-006, 2.10149119084e-006, 1.63346527415e-007, 9.19365632512e-008, 1.90094510799e-007, 2.20594898792e-007, 3.07297597146e-007, 6.28160137239e-008, 3.03967730986e-008, 3.54808165071e-008, 1.60185429365e-008, 7.48299200382e-009, 1.54914392425e-009, 2.7968423133e-009, 2.64870481104e-009, 7.75585928814e-010, 4.83774797999e-009, 1.76350223313e-009, 2.60900051563e-010, 1.90482934981e-010, 1.10814990517e-009, 6.79746370302e-010, 8.9254703628e-010, 1.09804054738e-009, 1.0651612925e-009, 7.50420947604e-010, 1.21295598565e-010, 1.33510173403e-011, 8.39115409101e-012, 5.49151609602e-012, 4.62137056054e-012, 1.46277365221e-011, 3.0216301683e-011, 3.94479414412e-011, 3.12346710996e-011, 1.14329561443e-011, 3.39021215615e-012, 1.85798967357e-012]
    },
    "mfcc": {
        "mean": [-585.46862793, 109.699440002, -21.3120555878, 40.0648345947, 0.169519737363, -5.93922615051, 9.48613548279, 0.401613801718, -6.6787776947, 17.8461971283, -10.9994926453, -2.92675709724, -6.67050123215],
        "cov": [[959.794250488, 15.264339447, 124.024406433, -27.218788147, -16.5505332947, -6.04925203323, -48.2877082825, 10.9149951935, -26.6490573883, 4.21883487701, -6.25542831421, -10.650513649, -10.5015735626], [15.264339447, 303.17855835, -109.446746826, 63.1881980896, -16.8671512604, -8.07018661499, 41.1414985657, -15.6661615372, 22.0842456818, -2.20764541626, -1.1930283308, 10.7424907684, 4.90609264374], [124.024406433, -109.446746826, 247.7237854, -33.0847206116, 18.0246067047, 12.6525821686, -60.5694084167, 9.25639152527, -7.94064188004, 5.55988311768, 8.92486381531, -8.10592651367, 4.38488531113], [-27.218788147, 63.1881980896, -33.0847206116, 127.368843079, 26.9522018433, 23.3543815613, 19.7091197968, 2.70397090912, 12.4560079575, 23.359254837, 1.6848256588, 8.54159164429, 8.49651050568], [-16.5505332947, -16.8671512604, 18.0246067047, 26.9522018433, 85.4404220581, 20.0645942688, 30.2767848969, 3.49267458916, 11.2925109863, 6.00285243988, 2.20878076553, 3.60167551041, 6.19930934906], [-6.04925203323, -8.07018661499, 12.6525821686, 23.3543815613, 20.0645942688, 78.5239486694, 18.3200092316, 24.452955246, 2.37472128868, 8.06861019135, 5.60202074051, 8.8965215683, 1.80460464954], [-48.2877082825, 41.1414985657, -60.5694084167, 19.7091197968, 30.2767848969, 18.3200092316, 113.639411926, 21.4786643982, 22.0260944366, 0.196021273732, 2.6973054409, 7.4922246933, -1.31121039391], [10.9149951935, -15.6661615372, 9.25639152527, 2.70397090912, 3.49267458916, 24.452955246, 21.4786643982, 62.1540298462, 18.0589447021, 10.9528017044, 3.27122306824, 7.42608594894, 3.59437680244], [-26.6490573883, 22.0842456818, -7.94064188004, 12.4560079575, 11.2925109863, 2.37472128868, 22.0260944366, 18.0589447021, 57.3710250854, 20.9391670227, 10.5813302994, 4.13078546524, 8.28236198425], [4.21883487701, -2.20764541626, 5.55988311768, 23.359254837, 6.00285243988, 8.06861019135, 0.196021273732, 10.9528017044, 20.9391670227, 55.7950744629, 18.0391960144, 9.98829174042, 8.75866508484], [-6.25542831421, -1.1930283308, 8.92486381531, 1.6848256588, 2.20878076553, 5.60202074051, 2.6973054409, 3.27122306824, 10.5813302994, 18.0391960144, 49.8376502991, 17.2666454315, 10.3495836258], [-10.650513649, 10.7424907684, -8.10592651367, 8.54159164429, 3.60167551041, 8.8965215683, 7.4922246933, 7.42608594894, 4.13078546524, 9.98829174042, 17.2666454315, 40.2457008362, 15.5562982559], [-10.5015735626, 4.90609264374, 4.38488531113, 8.49651050568, 6.19930934906, 1.80460464954, -1.31121039391, 3.59437680244, 8.28236198425, 8.75866508484, 10.3495836258, 15.5562982559, 45.6939086914]],
        "icov": [[0.00119161361363, -0.000473577005323, -0.000693286245223, 0.000233041020692, 2.50896337093e-005, 0.000204544950975, 0.000172821310116, -0.000562053523026, 0.000782359449659, -0.000470435363241, 0.000159020841238, 0.00014946689771, 0.000247057061642], [-0.000473577005323, 0.0049669095315, 0.00143866846338, -0.00245461426675, 0.00194078672212, 0.000148842504132, -0.00119526789058, 0.00204209960066, -0.00245878030546, 0.00162601470947, 8.01437126938e-005, -0.0010675463127, -0.000308601767756], [-0.000693286245223, 0.00143866846338, 0.00633882638067, 0.00096085696714, -0.00231518223882, -0.00113928259816, 0.00342628592625, -0.00104672764428, -0.000501479604281, 0.000181682175025, -0.00140873424243, 0.00138442078605, -0.000657175201923], [0.000233041020692, -0.00245461426675, 0.00096085696714, 0.0113845579326, -0.00357352662832, -0.00273856404237, 0.000653739087284, 0.000357316079317, 0.000804601237178, -0.00496083172038, 0.00161946483422, 2.51666206168e-005, -0.000878675899003], [2.50896337093e-005, 0.00194078672212, -0.00231518223882, -0.00357352662832, 0.016481552273, -0.002392598195, -0.00550062535331, 0.00364637444727, -0.00262690591626, 0.000684373197146, 0.0010076451581, -0.000525738170836, -0.00160648825113], [0.000204544950975, 0.000148842504132, -0.00113928259816, -0.00273856404237, -0.002392598195, 0.0168927889317, -0.00141321902629, -0.00634760176763, 0.00307486066595, -0.00032547628507, -0.001078997273, -0.001946870354, 0.00117803155445], [0.000172821310116, -0.00119526789058, 0.00342628592625, 0.000653739087284, -0.00550062535331, -0.00141321902629, 0.014186128974, -0.00444094697013, -0.00285265548155, 0.00218027946539, -0.00107246311381, -0.000592347874772, 0.001819916768], [-0.000562053523026, 0.00204209960066, -0.00104672764428, 0.000357316079317, 0.00364637444727, -0.00634760176763, -0.00444094697013, 0.0232379604131, -0.0069656027481, -0.00154141953681, 0.00267443410121, -0.00323703489266, -0.000459514296381], [0.000782359449659, -0.00245878030546, -0.000501479604281, 0.000804601237178, -0.00262690591626, 0.00307486066595, -0.00285265548155, -0.0069656027481, 0.0258127003908, -0.00826639309525, -0.00268013705499, 0.00353915989399, -0.00264873774722], [-0.000470435363241, 0.00162601470947, 0.000181682175025, -0.00496083172038, 0.000684373197146, -0.00032547628507, 0.00218027946539, -0.00154141953681, -0.00826639309525, 0.0260935034603, -0.00674436893314, -0.00210819998756, -0.000531852652784], [0.000159020841238, 8.01437126938e-005, -0.00140873424243, 0.00161946483422, 0.0010076451581, -0.001078997273, -0.00107246311381, 0.00267443410121, -0.00268013705499, -0.00674436893314, 0.0269535798579, -0.00980188883841, -0.00146260787733], [0.00014946689771, -0.0010675463127, 0.00138442078605, 2.51666206168e-005, -0.000525738170836, -0.001946870354, -0.000592347874772, -0.00323703489266, 0.00353915989399, -0.00210819998756, -0.00980188883841, 0.0346331894398, -0.00941072031856], [0.000247057061642, -0.000308601767756, -0.000657175201923, -0.000878675899003, -0.00160648825113, 0.00117803155445, 0.001819916768, -0.000459514296381, -0.00264873774722, -0.000531852652784, -0.00146260787733, -0.00941072031856, 0.0265780836344]]
    },
    "spectral_contrast_coeffs": {
        "mean": [-0.62345123291, -0.774961948395, -0.78661686182, -0.774752855301, -0.76192855835, -0.721919715405],
        "var": [0.00522507587448, 0.00329984724522, 0.00171761785168, 0.00107103725895, 0.000694124377333, 0.00100501894485]
    },
    "spectral_contrast_valleys": {
        "mean": [-7.01173639297, -6.17000246048, -6.68941783905, -6.99334001541, -6.42237854004, -10.109828949],
        "var": [1.00215411186, 0.931850254536, 0.851156294346, 0.781338870525, 0.786629378796, 0.766543924809]
    }
},
"metadata": {
    "audio_properties": {
        "analysis_sample_rate": 44100,
        "bit_rate": 108864,
        "equal_loudness": 0,
        "length": 45.0612258911,
        "lossless": 0,
        "replay_gain": -15.3661994934,
        "sample_rate": 44100,
        "codec": "mp3",
        "downmix": "mix",
        "md5_encoded": "fe58677e063e0cdc5d5d3c12af0138de"
    },
    "tags": {
        "file_name": "374.mp3"
    },
    "version": {
        "essentia": "2.1-beta2",
        "essentia_git_sha": "v2.1_beta2",
        "extractor": "music 1.0"
    }
},
"rhythm": {
    "beats_count": 78,
    "beats_loudness": {
        "mean": 0.0381937809289,
        "var": 8.51330769365e-005
    },
    "bpm": 104.583862305,
    "bpm_histogram_first_peak_bpm": {
        "mean": 105,
        "var": 0
    },
    "bpm_histogram_first_peak_spread": {
        "mean": 0.459459453821,
        "var": 0
    },
    "bpm_histogram_first_peak_weight": {
        "mean": 0.519480526447,
        "var": 0
    },
    "bpm_histogram_second_peak_bpm": {
        "mean": 110,
        "var": 0
    },
    "bpm_histogram_second_peak_spread": {
        "mean": 0,
        "var": 0
    },
    "bpm_histogram_second_peak_weight": {
        "mean": 0.0389610379934,
        "var": 0
    },
    "danceability": 1.36520302296,
    "onset_rate": 3.06111979485,
    "beats_loudness_band_ratio": {
        "mean": [0.378252804279, 0.272436887026, 0.147647187114, 0.0844671577215, 0.104648947716, 0.138876974583],
        "var": [0.01470557414, 0.0169471111149, 0.00820779614151, 0.00317815318704, 0.0015554666752, 0.00486345868558]
    },
    "beats_position": [0.53405892849, 1.07972788811, 1.62539684772, 2.17106580734, 2.72834467888, 3.29723358154, 3.86612248421, 4.43501138687, 5.00390005112, 5.58439922333, 6.1648979187, 6.73378658295, 7.30267572403, 7.87156438828, 8.44045352936, 9.0093421936, 9.57823085785, 10.1471195221, 10.7276191711, 11.2965078354, 11.8770065308, 12.4575052261, 13.0380039215, 13.6068935394, 14.1757822037, 14.7446708679, 15.3135595322, 15.8824491501, 16.4513378143, 17.031835556, 17.600725174, 18.181224823, 18.7501125336, 19.3190021515, 19.8994998932, 20.4683895111, 21.037279129, 21.6061668396, 22.1750564575, 22.7555541992, 23.3360538483, 23.9165534973, 24.4854412079, 25.0659408569, 25.6348285675, 26.2037181854, 26.7726078033, 27.353105545, 27.9336051941, 28.5141029358, 29.0946025848, 29.6634922028, 30.2323799133, 30.8128795624, 31.3817672729, 31.9506568909, 32.5195465088, 33.0884361267, 33.6573219299, 34.2262115479, 34.8067131042, 35.3872108459, 35.9677085876, 36.5482063293, 37.1287078857, 37.6975975037, 38.2664833069, 38.8469848633, 39.427482605, 39.9963722229, 40.5884780884, 41.1689796448, 41.761089325, 42.3531951904, 42.9453048706, 43.5374145508, 44.129524231, 44.7216300964]
},
"tonal": {
    "chords_changes_rate": 0.0411522649229,
    "chords_number_rate": 0.00617283955216,
    "chords_strength": {
        "mean": 0.511383295059,
        "var": 0.00716224452481
    },
    "hpcp_entropy": {
        "mean": 2.67174172401,
        "var": 0.578413367271
    },
    "key_strength": 0.533077299595,
    "tuning_diatonic_strength": 0.453168988228,
    "tuning_equal_tempered_deviation": 0.288513064384,
    "tuning_frequency": 434.193115234,
    "tuning_nontempered_energy_ratio": 0.962693870068,
    "hpcp": {
        "mean": [0.215688496828, 0.270434528589, 0.221350058913, 0.183463588357, 0.207307487726, 0.199389189482, 0.289044976234, 0.417491644621, 0.328431278467, 0.192839965224, 0.137733668089, 0.108990579844, 0.13020567596, 0.138532206416, 0.124840497971, 0.186786979437, 0.292113691568, 0.270434617996, 0.172837719321, 0.122506015003, 0.12041144073, 0.229459062219, 0.332841604948, 0.295783549547, 0.2183085531, 0.139551326632, 0.095680564642, 0.133519530296, 0.169636011124, 0.183346256614, 0.220653936267, 0.238090440631, 0.230307519436, 0.252485841513, 0.241373032331, 0.185660943389],
        "var": [0.0530517250299, 0.0735787004232, 0.0426368638873, 0.0291959196329, 0.039545532316, 0.0361369214952, 0.0583645142615, 0.105904951692, 0.0749910101295, 0.0374718904495, 0.0227134395391, 0.0166303310543, 0.0217473059893, 0.0315400622785, 0.0331753604114, 0.0547812692821, 0.107034102082, 0.0922860652208, 0.0493838042021, 0.0302565693855, 0.0286307390779, 0.0530715510249, 0.0900510549545, 0.0660884380341, 0.0666391029954, 0.0296862311661, 0.0176638402045, 0.0235814731568, 0.0276075489819, 0.0291703157127, 0.0533502399921, 0.0743188410997, 0.073105558753, 0.0626116469502, 0.0465818941593, 0.0368062257767]
    },
    "chords_histogram": [20.8847732544, 5.45267486572, 0.102880656719, 17.1810703278, 0.205761313438, 13.5802469254, 0, 39.711933136, 0, 0, 0, 0, 0, 0, 0, 0, 0, 0, 0.617283940315, 0, 0, 0, 2.26337456703, 0],
    "thpcp": [1, 0.786677479744, 0.461901366711, 0.329907596111, 0.261060506105, 0.311876118183, 0.331820309162, 0.299025148153, 0.447402924299, 0.699687540531, 0.647760570049, 0.413990855217, 0.293433457613, 0.288416415453, 0.549613535404, 0.797241330147, 0.708477795124, 0.522905230522, 0.334261357784, 0.22917959094, 0.319813668728, 0.406321942806, 0.439161509275, 0.528523027897, 0.570287942886, 0.551645815372, 0.604768633842, 0.578150570393, 0.444705784321, 0.516629517078, 0.647760331631, 0.53019040823, 0.439442545176, 0.49655482173, 0.477588444948, 0.692337155342],
    "chords_key": "E",
    "chords_scale": "major",
    "key_key": "E",
    "key_scale": "minor"
}
}