{
"lowlevel": {
    "average_loudness": 0.910524725914,
    "barkbands_crest": {
        "mean": 16.4178829193,
        "var": 30.3480701447
    },
    "barkbands_flatness_db": {
        "mean": 0.302863955498,
        "var": 0.00521012488753
    },
    "barkbands_kurtosis": {
        "mean": 68.3010482788,
        "var": 6344.75488281
    },
    "barkbands_skewness": {
        "mean": 4.91958522797,
        "var": 11.8608608246
    },
    "barkbands_spread": {
        "mean": 5.39277744293,
        "var": 175.068069458
    },
    "dissonance": {
        "mean": 0.37917521596,
        "var": 0.00737750483677
    },
    "dynamic_complexity": 6.80698060989,
    "erbbands_crest": {
        "mean": 15.486205101,
        "var": 27.4255065918
    },
    "erbbands_flatness_db": {
        "mean": 0.240341052413,
        "var": 0.00399830611423
    },
    "erbbands_kurtosis": {
        "mean": 18.9499473572,
        "var": 500.089294434
    },
    "erbbands_skewness": {
        "mean": 2.96962738037,
        "var": 4.68804311752
    },
    "erbbands_spread": {
        "mean": 20.2819328308,
        "var": 433.645965576
    },
    "hfc": {
        "mean": 6.8976316452,
        "var": 85.5961227417
    },
    "melbands_crest": {
        "mean": 22.3010540009,
        "var": 43.1983375549
    },
    "melbands_flatness_db": {
        "mean": 0.396002620459,
        "var": 0.00689888233319
    },
    "melbands_kurtosis": {
        "mean": 96.3064117432,
        "var": 15522.765625
    },
    "melbands_skewness": {
        "mean": 4.94059514999,
        "var": 14.3562135696
    },
    "melbands_spread": {
        "mean": 7.5622844696,
        "var": 753.672790527
    },
    "pitch_salience": {
        "mean": 0.479124903679,
        "var": 0.0264703202993
    },
    "silence_rate_20dB": {
        "mean": 1,
        "var": 0
    },
    "silence_rate_30dB": {
        "mean": 0.997426688671,
        "var": 0.00256673619151
    },
    "silence_rate_60dB": {
        "mean": 0.296448796988,
        "var": 0.208568960428
    },
    "spectral_centroid": {
        "mean": 453.737609863,
        "var": 601794.8125
    },
    "spectral_complexity": {
        "mean": 3.64179110527,
        "var": 7.29115247726
    },
    "spectral_decrease": {
        "mean": -5.01766228567e-009,
        "var": 3.07762340719e-017
    },
    "spectral_energy": {
        "mean": 0.019563421607,
        "var": 0.000467060133815
    },
    "spectral_energyband_high": {
        "mean": 0.000110592976853,
        "var": 3.32200613684e-007
    },
    "spectral_energyband_low": {
        "mean": 0.00150819146074,
        "var": 1.04547252704e-005
    },
    "spectral_energyband_middle_high": {
        "mean": 0.000599194259848,
        "var": 6.77609386912e-006
    },
    "spectral_energyband_middle_low": {
        "mean": 0.0181754585356,
        "var": 0.000421506003477
    },
    "spectral_entropy": {
        "mean": 5.96530818939,
        "var": 0.788348317146
    },
    "spectral_flux": {
        "mean": 0.0416608676314,
        "var": 0.00140282034408
    },
    "spectral_kurtosis": {
        "mean": 12.5350093842,
        "var": 106.985221863
    },
    "spectral_rms": {
        "mean": 0.0036373892799,
        "var": 5.85568704992e-006
    },
    "spectral_rolloff": {
        "mean": 610.700134277,
        "var": 2758217.5
    },
    "spectral_skewness": {
        "mean": 2.85091471672,
        "var": 1.25005841255
    },
    "spectral_spread": {
        "mean": 4554846,
        "var": 5.67977443328e+012
    },
    "spectral_strongpeak": {
        "mean": 0.832736134529,
        "var": 0.730814397335
    },
    "zerocrossingrate": {
        "mean": 0.026240279898,
        "var": 0.00216100132093
    },
    "barkbands": {
        "mean": [0.000154848443344, 0.000142089527799, 0.000420327356551, 0.00181240204256, 0.0106965610757, 0.00089048006339, 0.0033111278899, 0.000555526523385, 0.000826301809866, 0.000299849605653, 0.000179867827683, 5.1026170695e-005, 3.82452999474e-005, 3.38445133821e-005, 7.17691727914e-006, 6.52230573905e-006, 7.33654178475e-006, 1.00724510048e-005, 3.80284473067e-006, 8.89380589797e-006, 9.47969510889e-006, 1.78746031452e-005, 1.83152369573e-005, 3.09273746097e-005, 2.23686492973e-005, 7.83175437391e-006, 3.63693573036e-007],
        "var": [1.45492219872e-006, 5.44436943528e-007, 1.00914132872e-006, 1.58132279466e-005, 0.000151407366502, 1.18253983601e-005, 6.44453466521e-005, 9.29870202526e-006, 6.87319561621e-006, 1.6108890577e-006, 2.01845227821e-006, 5.69497657921e-008, 5.41482698679e-008, 3.94197137155e-008, 4.67847705021e-010, 2.31493615943e-010, 3.47381345911e-010, 4.93040941407e-010, 1.59392568588e-010, 1.13604714524e-009, 1.58956570129e-009, 2.06929851032e-008, 1.16756773139e-008, 2.17257909441e-008, 1.95515923451e-008, 1.07551245687e-009, 2.62722417606e-012]
    },
    "erbbands": {
        "mean": [0.00694418651983, 0.0281188432127, 0.317653417587, 4.11083459854, 26.8152885437, 36.5579795837, 6.18279695511, 10.1945104599, 49.809047699, 24.6087589264, 14.4588279724, 18.2827892303, 8.76897716522, 6.95938777924, 7.82072877884, 2.03810405731, 1.68420565128, 2.16900134087, 0.699510991573, 0.331256508827, 0.374195545912, 0.426704019308, 0.567715167999, 0.287256509066, 0.287470936775, 0.416079193354, 0.301732420921, 0.459565997124, 0.585951209068, 0.649771034718, 0.510634183884, 0.588804244995, 0.531070768833, 0.30549582839, 0.129887312651, 0.0364456251264, 0.0156922582537, 0.00220255600289, 5.99378545303e-005, 2.367005618e-005],
        "var": [0.00257245008834, 0.00426710536703, 0.445163041353, 59.2017211914, 972.739501953, 2183.82788086, 251.076843262, 1233.15087891, 14157.8466797, 10952.0410156, 1799.27575684, 3409.15332031, 1460.60949707, 929.302246094, 3488.5769043, 124.550895691, 99.9751281738, 155.536895752, 7.78785467148, 0.747285068035, 0.704320192337, 1.09167361259, 1.5557769537, 0.407569855452, 1.91782617569, 1.98651874065, 0.71663838625, 5.84738492966, 22.8180427551, 26.8244132996, 7.88127040863, 9.37285232544, 5.8368806839, 3.18861079216, 0.755122840405, 0.0556206144392, 0.00272653275169, 5.07897057105e-005, 3.44507391503e-008, 6.58518961583e-010]
    },
    "gfcc": {
        "mean": [-169.26210022, 115.440734863, -49.2273750305, 31.7316493988, -63.5461997986, -6.06098461151, -55.6336975098, 0.384611666203, -32.1653594971, -12.0856313705, -18.779460907, -10.6284275055, -8.28417301178],
        "cov": [[11512.9726563, -1502.4543457, -80.4323196411, -1875.06652832, -2180.61669922, -1017.65594482, -827.406188965, 599.035461426, -575.090637207, 20.7152042389, -487.076904297, -374.164276123, -433.686004639], [-1502.4543457, 1654.89147949, -351.705566406, -238.640029907, 349.280303955, -36.96326828, 264.042694092, -268.889190674, 81.3284606934, -147.639923096, 203.077758789, -76.7122039795, 52.4698143005], [-80.4323196411, -351.705566406, 763.699768066, 152.637039185, -98.3484344482, -148.000335693, -309.24609375, 21.6630821228, -87.6265029907, -48.3338088989, -23.5261707306, 31.1004600525, 22.3580513], [-1875.06652832, -238.640029907, 152.637039185, 1190.65869141, 607.002319336, 240.707351685, -21.1876869202, -175.022674561, 161.509857178, -32.8836479187, 40.7990684509, 83.6915664673, 130.286987305], [-2180.61669922, 349.280303955, -98.3484344482, 607.002319336, 718.398254395, 263.560333252, 174.419143677, -219.246398926, 118.82800293, -0.387167185545, 60.037815094, 84.3483428955, 68.0797271729], [-1017.65594482, -36.96326828, -148.000335693, 240.707351685, 263.560333252, 466.424713135, 232.518173218, -112.227844238, 54.9722976685, 83.0585784912, 30.591791153, 59.968837738, 10.6663455963], [-827.406188965, 264.042694092, -309.24609375, -21.1876869202, 174.419143677, 232.518173218, 399.447357178, -92.2393417358, 29.9542217255, 40.2047462463, 37.7097549438, 67.9102172852, -27.4064273834], [599.035461426, -268.889190674, 21.6630821228, -175.022674561, -219.246398926, -112.227844238, -92.2393417358, 269.071228027, -31.9615402222, 22.5804843903, -29.3158550262, -19.8210105896, 11.2337932587], [-575.090637207, 81.3284606934, -87.6265029907, 161.509857178, 118.82800293, 54.9722976685, 29.9542217255, -31.9615402222, 160.618896484, 33.3681907654, 17.4621124268, 12.2125415802, 24.0504875183], [20.7152042389, -147.639923096, -48.3338088989, -32.8836479187, -0.387167185545, 83.0585784912, 40.2047462463, 22.5804843903, 33.3681907654, 171.912597656, -22.3363456726, 17.2381858826, -16.2283554077], [-487.076904297, 203.077758789, -23.5261707306, 40.7990684509, 60.037815094, 30.591791153, 37.7097549438, -29.3158550262, 17.4621124268, -22.3363456726, 137.879318237, -2.33151602745, 16.684835434], [-374.164276123, -76.7122039795, 31.1004600525, 83.6915664673, 84.3483428955, 59.968837738, 67.9102172852, -19.8210105896, 12.2125415802, 17.2381858826, -2.33151602745, 127.935691833, -9.27372550964], [-433.686004639, 52.4698143005, 22.3580513, 130.286987305, 68.0797271729, 10.6663455963, -27.4064273834, 11.2337932587, 24.0504875183, -16.2283554077, 16.684835434, -9.27372550964, 103.25945282]],
        "icov": [[0.000493673200253, -1.70095381691e-006, 0.000777992710937, -0.000241034693317, 0.00121997622773, 0.000148818318848, 0.000982993282378, 0.000274513702607, 0.00112202949822, -0.000225898547797, 0.000854055804666, 8.34329912323e-005, 0.00119392306078], [-1.70095381691e-006, 0.00238661421463, 8.59571446199e-005, 0.00185724673793, -0.00194917269982, 0.00120963249356, -0.00108932191506, 0.00180162163451, -0.00136543135159, 0.00151896430179, -0.00212370348163, 0.00151704135351, -0.00187067268416], [0.000777992710937, 8.59571446199e-005, 0.00373927759938, -0.00075795216253, 0.00224934448488, 0.000270841177553, 0.00359989330173, 0.00108031486161, 0.00318655907176, -0.000405445549404, 0.00100168888457, -0.00155579042621, 0.00159001688007], [-0.000241034693317, 0.00185724673793, -0.00075795216253, 0.0036818839144, -0.00354884355329, 0.000134275222081, -0.000476027082186, 0.00133757863659, -0.00277487863787, 0.00192101986613, -0.00182905048132, 0.000670597015414, -0.00307952123694], [0.00121997622773, -0.00194917269982, 0.00224934448488, -0.00354884355329, 0.00829819776118, -0.000895949662663, 0.00260701868683, 0.00080627319403, 0.00363406725228, -0.00187032029498, 0.00344381597824, -0.00191722484306, 0.00346169737168], [0.000148818318848, 0.00120963249356, 0.000270841177553, 0.000134275222081, -0.000895949662663, 0.00477449409664, -0.00231550866738, 0.00150929030497, 0.000112628134957, -0.00117119774222, -0.00104935793206, 0.000888110720553, -0.000859918829519], [0.000982993282378, -0.00108932191506, 0.00359989330173, -0.000476027082186, 0.00260701868683, -0.00231550866738, 0.00887947436422, 0.000605305132922, 0.00354241626337, -0.000913225812837, 0.00180240115151, -0.0035061892122, 0.00373973487876], [0.000274513702607, 0.00180162163451, 0.00108031486161, 0.00133757863659, 0.00080627319403, 0.00150929030497, 0.000605305132922, 0.00723667442799, 8.53005694808e-005, -0.000160667026648, -0.000893554592039, 9.40270110732e-005, -0.00289052911103], [0.00112202949822, -0.00136543135159, 0.00318655907176, -0.00277487863787, 0.00363406725228, 0.000112628134957, 0.00354241626337, 8.53005694808e-005, 0.0122407600284, -0.00351054756902, 0.00229589268565, -0.00125925417524, 0.0028540303465], [-0.000225898547797, 0.00151896430179, -0.000405445549404, 0.00192101986613, -0.00187032029498, -0.00117119774222, -0.000913225812837, -0.000160667026648, -0.00351054756902, 0.00871880631894, -0.000442447839305, 0.000440684263594, -0.000628480571322], [0.000854055804666, -0.00212370348163, 0.00100168888457, -0.00182905048132, 0.00344381597824, -0.00104935793206, 0.00180240115151, -0.000893554592039, 0.00229589268565, -0.000442447839305, 0.0114666372538, -0.000453265034594, 0.00267270673066], [8.34329912323e-005, 0.00151704135351, -0.00155579042621, 0.000670597015414, -0.00191722484306, 0.000888110720553, -0.0035061892122, 9.40270110732e-005, -0.00125925417524, 0.000440684263594, -0.000453265034594, 0.0117430351675, 0.000792214763351], [0.00119392306078, -0.00187067268416, 0.00159001688007, -0.00307952123694, 0.00346169737168, -0.000859918829519, 0.00373973487876, -0.00289052911103, 0.0028540303465, -0.000628480571322, 0.00267270673066, 0.000792214763351, 0.0171799436212]]
    },
    "melbands": {
        "mean": [5.93696568103e-005, 0.000111378722067, 0.00106446177233, 0.00294756959192, 0.000330427486915, 0.000228722041356, 0.000733239110559, 0.000219261681195, 0.000138511037221, 0.000101287958387, 4.28205748904e-005, 2.9600574635e-005, 2.73369205388e-005, 8.25657662062e-006, 3.4548252188e-006, 4.38020833826e-006, 3.90467539546e-006, 1.19839751278e-006, 4.45279965788e-007, 4.4347237349e-007, 4.19020864229e-007, 4.04290148026e-007, 5.1716898497e-007, 4.91957621307e-007, 1.99299279302e-007, 1.48153532109e-007, 3.22152402532e-007, 2.5348475674e-007, 1.60200173127e-007, 2.32561589542e-007, 2.79296301642e-007, 3.06256225713e-007, 3.86019991083e-007, 3.47199630824e-007, 2.72543871915e-007, 3.14840804094e-007, 3.78370373255e-007, 4.12640645209e-007, 2.80271933661e-007, 2.52998773931e-007],
        "var": [1.411426922e-007, 5.87951660691e-008, 2.5109636681e-006, 1.16297806017e-005, 3.85911391731e-007, 5.74696287003e-007, 3.04759623759e-006, 1.11680640202e-006, 1.59508473985e-007, 1.03205252344e-007, 3.72532227289e-008, 1.79465367012e-008, 4.84380322519e-008, 1.77086212361e-009, 3.79556885921e-010, 7.66038066313e-010, 5.64194690966e-010, 2.89169885953e-011, 2.10741927381e-012, 1.08514119999e-012, 9.73379471643e-013, 1.06940422229e-012, 1.51719999411e-012, 1.58362418231e-012, 2.14093879344e-013, 3.09727043275e-013, 3.2333029483e-012, 5.60591015882e-013, 1.51648875749e-013, 9.92173574202e-013, 2.60098973609e-012, 6.65624196386e-012, 1.0732422763e-011, 7.54661264035e-012, 2.43088492044e-012, 2.65938551562e-012, 3.98460778261e-012, 3.95772694131e-012, 1.43387439509e-012, 2.82948664498e-012]
    },
    "mfcc": {
        "mean": [-833.569946289, 147.221221924, 59.9078636169, 32.5542144775, 18.1752338409, -11.9814348221, -4.10660982132, -7.76368141174, -7.56601476669, -4.46902036667, -16.4731712341, -4.67784500122, -13.7149991989],
        "cov": [[8210.43457031, -151.709671021, -101.563743591, -1085.96276855, -1305.3404541, -1638.25622559, -429.150848389, -543.076782227, -122.311637878, 98.422958374, -341.661132813, 349.552734375, -562.028747559], [-151.709671021, 1572.32727051, -312.925476074, -356.034667969, -290.629089355, -140.889801025, 49.4457893372, -43.1863441467, -160.195297241, -44.0333213806, -24.5012321472, 2.57587647438, -60.4673652649], [-101.563743591, -312.925476074, 688.035705566, 110.655784607, 151.00328064, -198.634384155, -100.962158203, -84.7321166992, -39.3686485291, -66.170463562, -143.593475342, 87.8497085571, -39.7798728943], [-1085.96276855, -356.034667969, 110.655784607, 683.793518066, 476.420471191, 238.616638184, -31.0538082123, 48.6896438599, 35.299659729, -94.225151062, -9.62572002411, -63.6748886108, 81.8756332397], [-1305.3404541, -290.629089355, 151.00328064, 476.420471191, 624.642578125, 239.957626343, -28.3235588074, 13.4138250351, 30.5526180267, -26.2645511627, -38.9869995117, -42.6923484802, 71.530960083], [-1638.25622559, -140.889801025, -198.634384155, 238.616638184, 239.957626343, 958.530822754, 159.893844604, 200.819702148, 25.1079216003, -19.0424098969, 248.326400757, -222.337295532, 196.224899292], [-429.150848389, 49.4457893372, -100.962158203, -31.0538082123, -28.3235588074, 159.893844604, 228.80821228, 79.5881576538, 6.0181388855, -0.460589200258, 77.4747772217, -42.8148612976, 32.4583816528], [-543.076782227, -43.1863441467, -84.7321166992, 48.6896438599, 13.4138250351, 200.819702148, 79.5881576538, 215.486709595, -8.17938899994, -8.95006370544, 48.462184906, -66.1013793945, 67.1165771484], [-122.311637878, -160.195297241, -39.3686485291, 35.299659729, 30.5526180267, 25.1079216003, 6.0181388855, -8.17938899994, 178.067123413, 8.99555587769, 30.3534450531, -6.87644720078, 24.9068317413], [98.422958374, -44.0333213806, -66.170463562, -94.225151062, -26.2645511627, -19.0424098969, -0.460589200258, -8.95006370544, 8.99555587769, 157.585403442, 11.3499946594, -8.26338291168, 6.67644500732], [-341.661132813, -24.5012321472, -143.593475342, -9.62572002411, -38.9869995117, 248.326400757, 77.4747772217, 48.462184906, 30.3534450531, 11.3499946594, 201.706115723, -59.0290489197, 69.1931610107], [349.552734375, 2.57587647438, 87.8497085571, -63.6748886108, -42.6923484802, -222.337295532, -42.8148612976, -66.1013793945, -6.87644720078, -8.26338291168, -59.0290489197, 186.80078125, -55.1698646545], [-562.028747559, -60.4673652649, -39.7798728943, 81.8756332397, 71.530960083, 196.224899292, 32.4583816528, 67.1165771484, 24.9068317413, 6.67644500732, 69.1931610107, -55.1698646545, 151.552764893]],
        "icov": [[0.000463750882773, 0.000433886423707, 0.000449951825431, 0.000186718112673, 0.000764236378018, 0.000321653409628, 0.000445507525001, 0.000719351286534, 0.000469853897812, 0.00027518052957, 0.000362424441846, 0.00019441479526, 0.000534952851012], [0.000433886423707, 0.00140144815668, 0.00102830596734, 0.000699323485605, 0.000632880604826, 0.000395054958062, 0.00024139227753, 0.00109333521686, 0.00132794410456, 0.0010682445718, 0.000712400011253, 0.000379149714718, 0.000261677952949], [0.000449951825431, 0.00102830596734, 0.00279315444641, 0.000553166260943, 0.000185299722943, 0.000529558688868, 0.000579090148676, 0.00133798597381, 0.0013514397433, 0.00149564386811, 0.00139943975955, -0.000129604843096, 4.94419800816e-005], [0.000186718112673, 0.000699323485605, 0.000553166260943, 0.00409161578864, -0.00243932171725, 0.000293971592328, 0.000663782819174, -1.59489754878e-005, 0.000372143666027, 0.00241697859019, 6.25931934337e-005, 0.000741230498534, -0.00038459955249], [0.000764236378018, 0.000632880604826, 0.000185299722943, -0.00243932171725, 0.00554143590853, -0.000608330359682, 0.000599158171099, 0.00193392974325, 0.000402095029131, -0.000936605327297, 0.00228341831826, -0.000144723628182, 0.00052047544159], [0.000321653409628, 0.000395054958062, 0.000529558688868, 0.000293971592328, -0.000608330359682, 0.00303986878134, -0.000130160449771, -0.00043716156506, 0.000780346686952, 0.000777074426878, -0.00215457053855, 0.00172998779453, -0.000645677268039], [0.000445507525001, 0.00024139227753, 0.000579090148676, 0.000663782819174, 0.000599158171099, -0.000130160449771, 0.00622966047376, -0.000965221610386, 0.000193568164832, 0.000505692674778, -0.000998825882562, 0.00019231098122, 0.000992771121673], [0.000719351286534, 0.00109333521686, 0.00133798597381, -1.59489754878e-005, 0.00193392974325, -0.00043716156506, -0.000965221610386, 0.00817300379276, 0.00172605493572, 0.000998542644083, 0.001999018481, 0.000988709740341, -0.00117621815298], [0.000469853897812, 0.00132794410456, 0.0013514397433, 0.000372143666027, 0.000402095029131, 0.000780346686952, 0.000193568164832, 0.00172605493572, 0.00735609838739, 0.000769632868469, -0.000297439226415, 0.000310952862492, -0.000573897501454], [0.00027518052957, 0.0010682445718, 0.00149564386811, 0.00241697859019, -0.000936605327297, 0.000777074426878, 0.000505692674778, 0.000998542644083, 0.000769632868469, 0.00857142638415, 0.000172355386894, 0.000996281043626, -0.000801150104962], [0.000362424441846, 0.000712400011253, 0.00139943975955, 6.25931934337e-005, 0.00228341831826, -0.00215457053855, -0.000998825882562, 0.001999018481, -0.000297439226415, 0.000172355386894, 0.0102194864303, -0.00015913581592, -0.00168012548238], [0.00019441479526, 0.000379149714718, -0.000129604843096, 0.000741230498534, -0.000144723628182, 0.00172998779453, 0.00019231098122, 0.000988709740341, 0.000310952862492, 0.000996281043626, -0.00015913581592, 0.00791376270354, 0.000645642925519], [0.000534952851012, 0.000261677952949, 4.94419800816e-005, -0.00038459955249, 0.00052047544159, -0.000645677268039, 0.000992771121673, -0.00117621815298, -0.000573897501454, -0.000801150104962, -0.00168012548238, 0.000645642925519, 0.0109377214685]]
    },
    "spectral_contrast_coeffs": {
        "mean": [-0.50353461504, -0.646833300591, -0.776029288769, -0.815275788307, -0.822975754738, -0.785324752331],
        "var": [0.0223119407892, 0.0194359347224, 0.0107406675816, 0.00277160969563, 0.00124854175374, 0.00230975588784]
    },
    "spectral_contrast_valleys": {
        "mean": [-8.53079986572, -8.63498878479, -9.63142967224, -10.1517477036, -9.87200069427, -12.2336111069],
        "var": [0.81510913372, 1.40665686131, 1.34458243847, 1.1559034586, 1.44678330421, 1.86156201363]
    }
},
"metadata": {
    "audio_properties": {
        "analysis_sample_rate": 44100,
        "bit_rate": 107280,
        "equal_loudness": 0,
        "length": 45.0873451233,
        "lossless": 0,
        "replay_gain": -9.91431236267,
        "sample_rate": 44100,
        "codec": "mp3",
        "downmix": "mix",
        "md5_encoded": "f6f2a61afcb41bd7b540467127c7f877"
    },
    "tags": {
        "file_name": "375.mp3"
    },
    "version": {
        "essentia": "2.1-beta2",
        "essentia_git_sha": "v2.1_beta2",
        "extractor": "music 1.0"
    }
},
"rhythm": {
    "beats_count": 84,
    "beats_loudness": {
        "mean": 0.0334223546088,
        "var": 0.000843310263008
    },
    "bpm": 91.4973678589,
    "bpm_histogram_first_peak_bpm": {
        "mean": 92,
        "var": 0
    },
    "bpm_histogram_first_peak_spread": {
        "mean": 0.307692289352,
        "var": 0
    },
    "bpm_histogram_first_peak_weight": {
        "mean": 0.216867476702,
        "var": 0
    },
    "bpm_histogram_second_peak_bpm": {
        "mean": 115,
        "var": 0
    },
    "bpm_histogram_second_peak_spread": {
        "mean": 0.384615421295,
        "var": 0
    },
    "bpm_histogram_second_peak_weight": {
        "mean": 0.096385538578,
        "var": 0
    },
    "danceability": 1.18429088593,
    "onset_rate": 2.86000847816,
    "beats_loudness_band_ratio": {
        "mean": [0.391951054335, 0.493288993835, 0.197041511536, 0.0295341052115, 0.00376742333174, 0.0194554124027],
        "var": [0.0753579512239, 0.0637202933431, 0.0454617962241, 0.00917554087937, 9.62496269494e-005, 0.00822166725993]
    },
    "beats_position": [0.348299324512, 0.696598649025, 1.03328800201, 1.39319729805, 1.74149656296, 2.08979582787, 2.43809509277, 2.7863945961, 3.19274377823, 3.59909296036, 4.00544214249, 4.45823097229, 4.8994102478, 5.32897949219, 5.7701587677, 6.21133756638, 6.65251684189, 7.10530614853, 7.55809497833, 8.01088428497, 8.47528362274, 8.99773216248, 9.50857162476, 10.0078001022, 10.4838094711, 10.95981884, 11.4358272552, 11.9118366241, 12.3762359619, 12.8522443771, 13.328253746, 13.8158731461, 14.3034915924, 14.7911109924, 15.2787294388, 15.7779588699, 16.2771873474, 16.8460769653, 17.4149665833, 17.9490242004, 18.4714736938, 18.9939231873, 19.5163707733, 20.0272102356, 20.549659729, 21.0721092224, 21.6061668396, 22.1402263641, 22.6626758575, 23.1851234436, 23.7772331238, 24.3345127106, 24.8801803589, 25.4258499146, 25.9715194702, 26.5287971497, 27.0860767365, 27.6549663544, 28.3283443451, 29.0133323669, 29.686712265, 30.3252601624, 30.9754180908, 31.6255779266, 32.2757377625, 32.9142837524, 33.5644454956, 34.2146034241, 34.8647613525, 35.514919281, 36.1650772095, 36.8152389526, 37.4886169434, 38.1387748718, 38.8005447388, 39.4507026672, 40.1008605957, 40.7394104004, 41.3895683289, 42.0513381958, 42.713104248, 43.3864860535, 44.0482521057, 44.7100219727]
},
"tonal": {
    "chords_changes_rate": 0.0679012313485,
    "chords_number_rate": 0.00514403311536,
    "chords_strength": {
        "mean": 0.575053334236,
        "var": 0.00741454353556
    },
    "hpcp_entropy": {
        "mean": 1.79184734821,
        "var": 0.672896444798
    },
    "key_strength": 0.709162652493,
    "tuning_diatonic_strength": 0.808037698269,
    "tuning_equal_tempered_deviation": 0.192612782121,
    "tuning_frequency": 441.782684326,
    "tuning_nontempered_energy_ratio": 0.842830955982,
    "hpcp": {
        "mean": [0.270103394985, 0.17618060112, 0.0719581022859, 0.0542587190866, 0.132830142975, 0.147588670254, 0.07018853724, 0.0288349911571, 0.0188486799598, 0.0152687057853, 0.0161937233061, 0.0497462414205, 0.136296406388, 0.149483814836, 0.0761423557997, 0.0924946963787, 0.110718257725, 0.0582494735718, 0.0355170108378, 0.0500142835081, 0.0965445041656, 0.127218320966, 0.0875052884221, 0.044231235981, 0.0320361331105, 0.024300199002, 0.0458150394261, 0.072015427053, 0.0585527457297, 0.0406059660017, 0.0392070673406, 0.0515926964581, 0.085385248065, 0.137100115418, 0.229307800531, 0.293965965509],
        "var": [0.123009867966, 0.0858827680349, 0.0309379883111, 0.0199154391885, 0.0709478482604, 0.0802757591009, 0.0272189304233, 0.0116938808933, 0.00762620009482, 0.0049564675428, 0.00507994368672, 0.0185858551413, 0.0742619782686, 0.0840408429503, 0.0302857849747, 0.047567948699, 0.0752218738198, 0.0233023129404, 0.0166596136987, 0.0228573195636, 0.0456042401493, 0.0723322033882, 0.0372698269784, 0.025222837925, 0.0189157836139, 0.0127134304494, 0.0188702084124, 0.0354742705822, 0.0265539996326, 0.0265564955771, 0.0233411323279, 0.0322146639228, 0.055095359683, 0.0799295529723, 0.124278895557, 0.145566239953]
    },
    "chords_histogram": [61.0082321167, 0.720164597034, 1.54320991039, 12.551440239, 0, 0, 0, 0, 0, 0, 7.20164632797, 0, 0, 0, 0, 0.720164597034, 0, 0.514403283596, 0, 0, 0, 0, 15.7407407761, 0],
    "thpcp": [1, 0.918825387955, 0.599323153496, 0.244783788919, 0.184574827552, 0.451855510473, 0.502060413361, 0.238764166832, 0.0980895534158, 0.06411857903, 0.0519403852522, 0.0550870671868, 0.169224485755, 0.463646888733, 0.508507192135, 0.259017586708, 0.314644247293, 0.376636326313, 0.198150396347, 0.120820142329, 0.17013630271, 0.328420698643, 0.432765483856, 0.297671496868, 0.150463804603, 0.108979053795, 0.0826633051038, 0.155851513147, 0.244978785515, 0.199182063341, 0.138131514192, 0.133372813463, 0.175505682826, 0.290459632874, 0.466380923986, 0.780048787594],
    "chords_key": "A",
    "chords_scale": "major",
    "key_key": "A",
    "key_scale": "major"
}
}