{
"lowlevel": {
    "average_loudness": 0.957283437252,
    "barkbands_crest": {
        "mean": 14.5055856705,
        "var": 31.0138969421
    },
    "barkbands_flatness_db": {
        "mean": 0.276682972908,
        "var": 0.0219897702336
    },
    "barkbands_kurtosis": {
        "mean": 20.4516010284,
        "var": 1188.78039551
    },
    "barkbands_skewness": {
        "mean": 2.62321567535,
        "var": 5.90177488327
    },
    "barkbands_spread": {
        "mean": 10.1675539017,
        "var": 153.84262085
    },
    "dissonance": {
        "mean": 0.414084911346,
        "var": 0.00627196673304
    },
    "dynamic_complexity": 4.56751346588,
    "erbbands_crest": {
        "mean": 13.7647647858,
        "var": 53.6664733887
    },
    "erbbands_flatness_db": {
        "mean": 0.219794586301,
        "var": 0.0108233420178
    },
    "erbbands_kurtosis": {
        "mean": 5.99995422363,
        "var": 229.829299927
    },
    "erbbands_skewness": {
        "mean": 1.28944683075,
        "var": 1.60676229
    },
    "erbbands_spread": {
        "mean": 30.8267345428,
        "var": 524.283325195
    },
    "hfc": {
        "mean": 12.2855119705,
        "var": 476.48828125
    },
    "melbands_crest": {
        "mean": 19.5848464966,
        "var": 48.8380966187
    },
    "melbands_flatness_db": {
        "mean": 0.371094465256,
        "var": 0.0298554264009
    },
    "melbands_kurtosis": {
        "mean": 35.7733917236,
        "var": 2962.93334961
    },
    "melbands_skewness": {
        "mean": 3.38478851318,
        "var": 6.74774360657
    },
    "melbands_spread": {
        "mean": 9.72076225281,
        "var": 171.350372314
    },
    "pitch_salience": {
        "mean": 0.453698784113,
        "var": 0.0267047006637
    },
    "silence_rate_20dB": {
        "mean": 1,
        "var": 0
    },
    "silence_rate_30dB": {
        "mean": 0.875450313091,
        "var": 0.10903891176
    },
    "silence_rate_60dB": {
        "mean": 0.193515181541,
        "var": 0.156065657735
    },
    "spectral_centroid": {
        "mean": 673.365539551,
        "var": 429081.4375
    },
    "spectral_complexity": {
        "mean": 9.34482765198,
        "var": 118.099716187
    },
    "spectral_decrease": {
        "mean": -1.04372794851e-008,
        "var": 2.02082222115e-016
    },
    "spectral_energy": {
        "mean": 0.0405070222914,
        "var": 0.00298499898054
    },
    "spectral_energyband_high": {
        "mean": 0.000463476637378,
        "var": 1.62537924098e-006
    },
    "spectral_energyband_low": {
        "mean": 0.0284204147756,
        "var": 0.00241132895462
    },
    "spectral_energyband_middle_high": {
        "mean": 0.00227523501962,
        "var": 4.00745630031e-005
    },
    "spectral_energyband_middle_low": {
        "mean": 0.0107180308551,
        "var": 0.000277760060271
    },
    "spectral_entropy": {
        "mean": 6.65458679199,
        "var": 1.39252865314
    },
    "spectral_flux": {
        "mean": 0.104053586721,
        "var": 0.00887455139309
    },
    "spectral_kurtosis": {
        "mean": 28.5459003448,
        "var": 3930.24682617
    },
    "spectral_rms": {
        "mean": 0.00507293222472,
        "var": 1.37844272103e-005
    },
    "spectral_rolloff": {
        "mean": 680.276245117,
        "var": 1833963.875
    },
    "spectral_skewness": {
        "mean": 3.12897539139,
        "var": 9.87967586517
    },
    "spectral_spread": {
        "mean": 3875432,
        "var": 6.86982273434e+012
    },
    "spectral_strongpeak": {
        "mean": 0.519647538662,
        "var": 0.207314237952
    },
    "zerocrossingrate": {
        "mean": 0.0290146619081,
        "var": 0.00115759996697
    },
    "barkbands": {
        "mean": [0.0013036445016, 0.0205464623868, 0.00527389440686, 0.0025002642069, 0.00470943935215, 0.000981626566499, 0.000779878115281, 0.00120820791926, 0.00041066139238, 0.000391969486373, 0.000315084966132, 0.000381757010473, 0.000239270753809, 0.000217894019443, 0.000289570511086, 0.000140554242535, 0.000123049132526, 0.000104029670183, 8.76932244864e-005, 8.54594327393e-005, 0.000101057667052, 6.09293347225e-005, 6.75192277413e-005, 5.76677739446e-005, 6.291448517e-005, 5.72280405322e-005, 9.3236212706e-006],
        "var": [4.54224709756e-006, 0.00144900544547, 0.000213159219129, 4.39275099779e-005, 8.00657726359e-005, 4.35541141997e-006, 5.33023785465e-006, 5.41788267583e-006, 1.34477522806e-006, 1.22002359149e-006, 1.06471304662e-006, 1.46472893903e-006, 6.60380919726e-007, 5.27136364781e-007, 5.51553398509e-007, 2.50157995652e-007, 1.38847354947e-007, 1.00651213586e-007, 7.18173964742e-008, 5.06880120099e-008, 1.24041733329e-007, 2.12515143261e-008, 4.15431351541e-008, 2.76380713871e-008, 4.23840234021e-008, 4.54666135852e-008, 2.01026373325e-009]
    },
    "erbbands": {
        "mean": [0.726824045181, 3.99424242973, 6.64905452728, 7.88606786728, 13.8697929382, 14.6288318634, 10.1709280014, 6.94305276871, 10.5426874161, 13.482167244, 30.9137687683, 11.037147522, 11.6683559418, 12.0612487793, 13.7159051895, 16.4275455475, 11.4375457764, 11.8718395233, 14.8510351181, 10.3618783951, 8.04588699341, 6.66839122772, 5.73138380051, 5.0262503624, 4.18002128601, 4.30654859543, 4.44263315201, 3.31979417801, 2.11302495003, 2.08898973465, 1.91383588314, 1.27259731293, 0.978111565113, 0.66330909729, 0.454181730747, 0.247508943081, 0.0998978987336, 0.0276004858315, 0.00107621157076, 6.59414872644e-005],
        "var": [2.0653796196, 63.6285400391, 325.650054932, 376.266113281, 618.508972168, 1521.97912598, 337.22064209, 347.238891602, 1069.84448242, 1710.47790527, 3677.36108398, 754.787658691, 867.610839844, 1426.58666992, 1897.30664063, 2685.34375, 1416.97106934, 1406.8190918, 1283.58630371, 1029.31396484, 740.84954834, 414.457885742, 300.1144104, 264.650695801, 141.379150391, 124.845527649, 267.164154053, 130.570144653, 24.7657394409, 45.9584274292, 28.2901821136, 12.6097688675, 9.30558681488, 4.62351036072, 2.46969485283, 0.853672862053, 0.133017107844, 0.0130918249488, 2.38637858274e-005, 1.31981394702e-008]
    },
    "gfcc": {
        "mean": [-125.124465942, 143.742538452, -78.5202178955, 39.2589836121, -47.327205658, 6.71392917633, -24.0475769043, -4.40061330795, -11.0421390533, -3.04996752739, -7.5515999794, -9.26212120056, -4.12651252747],
        "cov": [[22811.3066406, -6482.87939453, -3103.03515625, 416.384490967, -965.943481445, 1600.68066406, -749.967834473, 1738.1697998, -557.258544922, 1173.92321777, -1006.38366699, 551.72052002, -1058.18054199], [-6482.87939453, 3806.09423828, 1035.30065918, -92.5763778687, 667.168884277, -607.227661133, 554.857055664, -749.917297363, 381.645843506, -578.746032715, 477.156463623, -358.299804688, 457.221160889], [-3103.03515625, 1035.30065918, 2642.88574219, 226.67918396, 197.233596802, -178.500366211, 341.346191406, -223.078674316, 128.131454468, -106.105545044, 185.14793396, 13.9040203094, 92.2118377686], [416.384490967, -92.5763778687, 226.67918396, 886.456665039, 21.6835575104, 44.2891044617, 225.851760864, -39.7768325806, 155.539871216, -65.7916030884, 144.946670532, -12.9055013657, 81.8557281494], [-965.943481445, 667.168884277, 197.233596802, 21.6835575104, 347.339202881, -57.0208244324, 133.735336304, -103.438804626, 77.8359375, -75.1642227173, 70.2299423218, -58.3584671021, 61.1933403015], [1600.68066406, -607.227661133, -178.500366211, 44.2891044617, -57.0208244324, 273.431396484, -49.55418396, 170.110244751, -45.7042770386, 108.721702576, -79.1517944336, 65.3750686646, -64.0648651123], [-749.967834473, 554.857055664, 341.346191406, 225.851760864, 133.735336304, -49.55418396, 310.914245605, -69.5459594727, 150.202331543, -83.333694458, 135.756515503, -47.6796836853, 77.2372283936], [1738.1697998, -749.917297363, -223.078674316, -39.7768325806, -103.438804626, 170.110244751, -69.5459594727, 292.262023926, -22.2735729218, 184.895858765, -116.658248901, 73.3985061646, -116.862457275], [-557.258544922, 381.645843506, 128.131454468, 155.539871216, 77.8359375, -45.7042770386, 150.202331543, -22.2735729218, 194.545806885, -13.2425022125, 98.1825866699, -64.0852890015, 50.0044822693], [1173.92321777, -578.746032715, -106.105545044, -65.7916030884, -75.1642227173, 108.721702576, -83.333694458, 184.895858765, -13.2425022125, 215.665222168, -66.9689407349, 67.7985076904, -94.6431121826], [-1006.38366699, 477.156463623, 185.14793396, 144.946670532, 70.2299423218, -79.1517944336, 135.756515503, -116.658248901, 98.1825866699, -66.9689407349, 167.540557861, -8.63765907288, 107.4347229], [551.72052002, -358.299804688, 13.9040203094, -12.9055013657, -58.3584671021, 65.3750686646, -47.6796836853, 73.3985061646, -64.0852890015, 67.7985076904, -8.63765907288, 147.531570435, 9.95944309235], [-1058.18054199, 457.221160889, 92.2118377686, 81.8557281494, 61.1933403015, -64.0648651123, 77.2372283936, -116.862457275, 50.0044822693, -94.6431121826, 107.4347229, 9.95944309235, 159.283584595]],
        "icov": [[0.000159510993399, -0.000131228094688, 0.000149442450493, -0.00027938108542, 0.000156910726218, -0.000422386889113, -8.33882222651e-005, -0.000206433716812, 0.000149531813804, -0.000201883551199, 0.000389488239307, -0.000499111891259, 0.000753854867071], [-0.000131228094688, 0.00248200399801, -0.000455100409454, 0.00177714764141, -0.00181444862392, 0.00129316467792, -0.000857190112583, 0.00117759418208, -0.00142788386438, 0.00182673567906, -0.00208720983937, 0.00321148731746, -0.00340868136846], [0.000149442450493, -0.000455100409454, 0.000691525056027, -0.000505292962771, 0.000320352119161, -0.000338930811267, -0.000591406715102, 0.000330969254719, 0.00019280948618, -0.000676397408824, 0.000880779174622, -0.00150522054173, 0.00146631360985], [-0.00027938108542, 0.00177714764141, -0.000505292962771, 0.00313988374546, -0.000926491047721, 0.000479005801026, -0.00106565479655, 0.00109138258267, -0.00201025395654, 0.00211639609188, -0.00266766455024, 0.00240907655098, -0.00287503213622], [0.000156910726218, -0.00181444862392, 0.000320352119161, -0.000926491047721, 0.00531171401963, -0.00157128833234, -0.000974972208496, 0.000436595175415, 0.000392712041503, -0.00170632952359, 0.00235691224225, -0.00188541191164, 0.00205291807652], [-0.000422386889113, 0.00129316467792, -0.000338930811267, 0.000479005801026, -0.00157128833234, 0.00808726623654, -0.000611119146924, -0.00209766393527, 0.000680754368659, 0.000387175532524, -0.000533525249921, 0.00177050102502, -0.00368880527094], [-8.33882222651e-005, -0.000857190112583, -0.000591406715102, -0.00106565479655, -0.000974972208496, -0.000611119146924, 0.00909721571952, -0.00332984095439, -0.00259906565771, 0.00324269011617, -0.00441231671721, -0.000325309869368, 0.00181012309622], [-0.000206433716812, 0.00117759418208, 0.000330969254719, 0.00109138258267, 0.000436595175415, -0.00209766393527, -0.00332984095439, 0.0155974067748, -0.00549549376592, -0.00551364663988, 0.00700365379453, -0.00351377483457, 0.000487468176289], [0.000149531813804, -0.00142788386438, 0.00019280948618, -0.00201025395654, 0.000392712041503, 0.000680754368659, -0.00259906565771, -0.00549549376592, 0.0161036904901, -0.00510640442371, -0.00512556917965, 0.00668227719143, -0.0016854199348], [-0.000201883551199, 0.00182673567906, -0.000676397408824, 0.00211639609188, -0.00170632952359, 0.000387175532524, 0.00324269011617, -0.00551364663988, -0.00510640442371, 0.0158284585923, -0.00564792472869, -0.00162913673557, 0.00283213867806], [0.000389488239307, -0.00208720983937, 0.000880779174622, -0.00266766455024, 0.00235691224225, -0.000533525249921, -0.00441231671721, 0.00700365379453, -0.00512556917965, -0.00564792472869, 0.0244433879852, -0.00864201132208, -0.00209545879625], [-0.000499111891259, 0.00321148731746, -0.00150522054173, 0.00240907655098, -0.00188541191164, 0.00177050102502, -0.000325309869368, -0.00351377483457, 0.00668227719143, -0.00162913673557, -0.00864201132208, 0.0208938419819, -0.0124280108139], [0.000753854867071, -0.00340868136846, 0.00146631360985, -0.00287503213622, 0.00205291807652, -0.00368880527094, 0.00181012309622, 0.000487468176289, -0.0016854199348, 0.00283213867806, -0.00209545879625, -0.0124280108139, 0.0233093351126]]
    },
    "melbands": {
        "mean": [0.00601072888821, 0.00419115275145, 0.00153565825894, 0.00107178965118, 0.000414305570303, 0.000168588085216, 0.00016243896971, 0.000155811678269, 0.000234588951571, 5.77442297072e-005, 5.80618652748e-005, 4.84435076942e-005, 4.54721412098e-005, 4.13431152992e-005, 3.89950073441e-005, 1.9829163648e-005, 2.22079925152e-005, 2.22573780775e-005, 1.95153697859e-005, 1.05088365672e-005, 9.07815501705e-006, 7.15487158232e-006, 5.41095505469e-006, 5.0889261729e-006, 3.93195887227e-006, 3.24009852193e-006, 2.80324707091e-006, 2.75488173429e-006, 3.00525061903e-006, 2.33912669501e-006, 1.72429122358e-006, 1.18979016861e-006, 1.12778729999e-006, 1.16616411105e-006, 1.11573103823e-006, 9.48819888436e-007, 7.05696152181e-007, 7.24771666682e-007, 5.71144425976e-007, 5.49807623429e-007],
        "var": [0.000125650214613, 9.10045273486e-005, 1.04050559457e-005, 4.23218716605e-006, 8.99010728972e-007, 2.04194577691e-007, 2.32463619909e-007, 1.64609915032e-007, 2.10807044709e-007, 2.68448623331e-008, 2.20060947242e-008, 2.39264448254e-008, 2.09394794837e-008, 1.5749472837e-008, 1.93939033721e-008, 3.71789732334e-009, 5.47183276467e-009, 3.03899616583e-009, 3.16108672571e-009, 1.35373656729e-009, 9.42471323206e-010, 4.8791010121e-010, 2.96593416493e-010, 2.37776298651e-010, 1.73845632334e-010, 9.67699947951e-011, 6.07734348956e-011, 5.0316580763e-011, 1.94662785891e-010, 8.08932851259e-011, 2.95141203144e-011, 7.85957497001e-012, 8.37648613666e-012, 1.8419826428e-011, 9.38505696768e-012, 7.44554418119e-012, 3.82124757184e-012, 5.11684965232e-012, 3.72282326494e-012, 3.15461372302e-012]
    },
    "mfcc": {
        "mean": [-766.906677246, 154.637695313, 36.4605445862, 37.0491218567, 9.38639545441, 13.0470018387, 2.04512667656, 1.65934240818, 0.171569645405, 5.62641763687, 0.908522546291, 1.30456757545, -2.11462521553],
        "cov": [[18297.0527344, -3437.9675293, -3153.40771484, -1099.24902344, -700.559265137, 89.3738250732, -164.777648926, 304.14932251, 257.379974365, 555.628295898, 209.103393555, 266.048797607, 136.20930481], [-3437.9675293, 2037.92285156, 480.401794434, 242.534378052, 215.188919067, 54.1414489746, 130.53729248, -11.3669338226, 29.4444522858, -81.0847167969, 4.78943347931, -38.8140716553, -10.8858175278], [-3153.40771484, 480.401794434, 2053.61694336, 668.427856445, 191.092483521, 121.511566162, 154.808929443, 74.6968002319, -18.74659729, -39.2501182556, 23.5402641296, -13.0564432144, 2.70268797874], [-1099.24902344, 242.534378052, 668.427856445, 731.14263916, 100.56603241, 180.794998169, 97.5779800415, 97.9596405029, 19.8300609589, 29.6900253296, 41.0895423889, 24.3804645538, 14.8886270523], [-700.559265137, 215.188919067, 191.092483521, 100.56603241, 185.444442749, 50.0839157104, 44.733543396, 0.272566556931, 12.2430286407, -24.7955112457, -7.14144229889, -14.3044919968, 1.7023178339], [89.3738250732, 54.1414489746, 121.511566162, 180.794998169, 50.0839157104, 173.897735596, 66.3906173706, 66.09034729, 8.99823188782, 27.3200130463, 8.53158187866, 6.43787670135, 9.24098300934], [-164.777648926, 130.53729248, 154.808929443, 97.5779800415, 44.733543396, 66.3906173706, 120.314872742, 56.0542945862, 22.3852119446, -7.71880960464, 5.45448446274, 0.350451797247, 7.32095098495], [304.14932251, -11.3669338226, 74.6968002319, 97.9596405029, 0.272566556931, 66.09034729, 56.0542945862, 111.580879211, 39.3146362305, 26.2256240845, 13.0889539719, 7.19004058838, 2.40034174919], [257.379974365, 29.4444522858, -18.74659729, 19.8300609589, 12.2430286407, 8.99823188782, 22.3852119446, 39.3146362305, 90.674079895, 53.472454071, 34.3773002625, 21.7561817169, 15.0421161652], [555.628295898, -81.0847167969, -39.2501182556, 29.6900253296, -24.7955112457, 27.3200130463, -7.71880960464, 26.2256240845, 53.472454071, 134.914733887, 73.4395294189, 43.3042984009, 25.4816093445], [209.103393555, 4.78943347931, 23.5402641296, 41.0895423889, -7.14144229889, 8.53158187866, 5.45448446274, 13.0889539719, 34.3773002625, 73.4395294189, 89.9948348999, 49.6938972473, 29.0784225464], [266.048797607, -38.8140716553, -13.0564432144, 24.3804645538, -14.3044919968, 6.43787670135, 0.350451797247, 7.19004058838, 21.7561817169, 43.3042984009, 49.6938972473, 76.2973098755, 44.0637397766], [136.20930481, -10.8858175278, 2.70268797874, 14.8886270523, 1.7023178339, 9.24098300934, 7.32095098495, 2.40034174919, 15.0421161652, 25.4816093445, 29.0784225464, 44.0637397766, 64.3292617798]],
        "icov": [[0.000142723496538, 0.000173059437657, 0.000146504986333, 0.000123782549053, 0.000161109041073, -0.000212588944123, -6.56017946312e-005, -0.000309908966301, -0.000126341648865, -0.000215147447307, -4.01730285375e-005, -0.000144578298205, -3.04570476146e-005], [0.000173059437657, 0.000835106126033, 0.000138513787533, 3.60425074177e-005, -0.000211289647268, -0.000237875705352, -0.000574809149839, 0.000118981886772, -0.000579760817345, 0.000250206066994, -0.000568757997826, 0.000181464027264, 3.07129630528e-005], [0.000146504986333, 0.000138513787533, 0.000941110542044, -0.00057535659289, -0.000262553017819, 0.000352030445356, -0.000648910121527, -0.000472056883154, 0.000458709226223, -0.000218191606109, -0.000312622578349, 0.000139029551065, -0.000120052070997], [0.000123782549053, 3.60425074177e-005, -0.00057535659289, 0.00278848572634, -7.92549108155e-005, -0.00223633134738, 0.000435096182628, -0.00114126887638, -8.03259099484e-005, 4.4775839342e-005, -0.000706635066308, -0.00087172864005, 0.000356789445505], [0.000161109041073, -0.000211289647268, -0.000262553017819, -7.92549108155e-005, 0.0081523694098, -0.00281648081727, -0.00104568165261, 0.00264605693519, -0.00327920145355, 0.00190894771367, -0.000538181571756, 0.00160167575814, -0.00098159420304], [-0.000212588944123, -0.000237875705352, 0.000352030445356, -0.00223633134738, -0.00281648081727, 0.0120714660734, -0.00366537342779, -0.00395839847624, 0.00464364280924, -0.00433511286974, 0.0029262190219, -4.42640084657e-005, -0.00084307679208], [-6.56017946312e-005, -0.000574809149839, -0.000648910121527, 0.000435096182628, -0.00104568165261, -0.00366537342779, 0.0150627279654, -0.00512020895258, -0.00245191296563, 0.00427453080192, -0.00227640010417, 0.000991006498225, -0.00177043338772], [-0.000309908966301, 0.000118981886772, -0.000472056883154, -0.00114126887638, 0.00264605693519, -0.00395839847624, -0.00512020895258, 0.0180792286992, -0.0066529023461, 0.000655768206343, 0.000722435070202, 0.000463276839582, 0.00201901420951], [-0.000126341648865, -0.000579760817345, 0.000458709226223, -8.03259099484e-005, -0.00327920145355, 0.00464364280924, -0.00245191296563, -0.0066529023461, 0.0199674051255, -0.00747323222458, -1.7325319277e-006, -0.00107549061067, -0.000855560938362], [-0.000215147447307, 0.000250206066994, -0.000218191606109, 4.4775839342e-005, 0.00190894771367, -0.00433511286974, 0.00427453080192, 0.000655768206343, -0.00747323222458, 0.0192756913602, -0.0126313874498, 0.00110264739487, -0.000375461153453], [-4.01730285375e-005, -0.000568757997826, -0.000312622578349, -0.000706635066308, -0.000538181571756, 0.0029262190219, -0.00227640010417, 0.000722435070202, -1.7325319277e-006, -0.0126313874498, 0.0279718767852, -0.0116046695039, 0.000300234183669], [-0.000144578298205, 0.000181464027264, 0.000139029551065, -0.00087172864005, 0.00160167575814, -4.42640084657e-005, 0.000991006498225, 0.000463276839582, -0.00107549061067, 0.00110264739487, -0.0116046695039, 0.0303869899362, -0.0153872715309], [-3.04570476146e-005, 3.07129630528e-005, -0.000120052070997, 0.000356789445505, -0.00098159420304, -0.00084307679208, -0.00177043338772, 0.00201901420951, -0.000855560938362, -0.000375461153453, 0.000300234183669, -0.0153872715309, 0.0265633258969]]
    },
    "spectral_contrast_coeffs": {
        "mean": [-0.667798876762, -0.718947827816, -0.810543298721, -0.811295449734, -0.831294596195, -0.768972396851],
        "var": [0.00915456842631, 0.0064209275879, 0.00347565859556, 0.00370638864115, 0.00184743816499, 0.00313304411247]
    },
    "spectral_contrast_valleys": {
        "mean": [-7.1402053833, -7.54435443878, -8.5298204422, -9.17283821106, -9.14301872253, -11.9386396408],
        "var": [2.02042078972, 2.17331528664, 3.01401424408, 3.53863191605, 3.63102006912, 4.25399637222]
    }
},
"metadata": {
    "audio_properties": {
        "analysis_sample_rate": 44100,
        "bit_rate": 107461,
        "equal_loudness": 0,
        "length": 45.0873451233,
        "lossless": 0,
        "replay_gain": -13.184047699,
        "sample_rate": 44100,
        "codec": "mp3",
        "downmix": "mix",
        "md5_encoded": "d734a3ed164429ddfdd663b1f541e024"
    },
    "tags": {
        "file_name": "376.mp3"
    },
    "version": {
        "essentia": "2.1-beta2",
        "essentia_git_sha": "v2.1_beta2",
        "extractor": "music 1.0"
    }
},
"rhythm": {
    "beats_count": 96,
    "beats_loudness": {
        "mean": 0.100207805634,
        "var": 0.00369379320182
    },
    "bpm": 128.989044189,
    "bpm_histogram_first_peak_bpm": {
        "mean": 129,
        "var": 0
    },
    "bpm_histogram_first_peak_spread": {
        "mean": 0.0666666850448,
        "var": 0
    },
    "bpm_histogram_first_peak_weight": {
        "mean": 0.884210526943,
        "var": 0
    },
    "bpm_histogram_second_peak_bpm": {
        "mean": 112,
        "var": 0
    },
    "bpm_histogram_second_peak_spread": {
        "mean": 0.5,
        "var": 0
    },
    "bpm_histogram_second_peak_weight": {
        "mean": 0.0105263162404,
        "var": 0
    },
    "danceability": 1.77475059032,
    "onset_rate": 4.65582752228,
    "beats_loudness_band_ratio": {
        "mean": [0.689867317677, 0.161523073912, 0.0817039757967, 0.0544131547213, 0.0304508004338, 0.016316363588],
        "var": [0.11024492234, 0.0353187024593, 0.0124714933336, 0.00759824365377, 0.00172791816294, 0.000377667020075]
    },
    "beats_position": [0.487619042397, 0.986848056316, 1.49768710136, 2.02013611794, 2.55419492722, 3.04181408882, 3.50621318817, 3.97061228752, 4.43501138687, 4.91102027893, 5.38702917099, 5.85142850876, 6.31582736969, 6.78022670746, 7.24462556839, 7.70902490616, 8.17342376709, 8.63782310486, 9.10222244263, 9.56662082672, 10.0310201645, 10.4954195023, 10.95981884, 11.4242172241, 11.8886165619, 12.3530158997, 12.8174142838, 13.2818136215, 13.7462129593, 14.2106122971, 14.6750106812, 15.1394100189, 15.6038093567, 16.0682086945, 16.5326080322, 16.99700737, 17.4614048004, 17.9258041382, 18.390203476, 18.8662128448, 19.3306121826, 19.8066215515, 20.2710208893, 20.7354183197, 21.1998176575, 21.6642169952, 22.128616333, 22.5930156708, 23.0574150085, 23.5218143463, 23.9862117767, 24.4506111145, 24.9150104523, 25.37940979, 25.8438091278, 26.3082084656, 26.7726078033, 27.2370071411, 27.7014045715, 28.1658039093, 28.6302032471, 29.0946025848, 29.5590019226, 30.0234012604, 30.4878005981, 30.9521980286, 31.4165973663, 31.8809967041, 32.357006073, 32.8330154419, 33.2974128723, 33.7618141174, 34.2262115479, 34.690612793, 35.1550102234, 35.6194114685, 36.0838088989, 36.5482063293, 37.0126075745, 37.4770050049, 37.94140625, 38.4058036804, 38.8702049255, 39.334602356, 39.7989997864, 40.2634010315, 40.7277984619, 41.192199707, 41.6565971375, 42.1209983826, 42.585395813, 43.0497932434, 43.5141944885, 43.9785919189, 44.4429931641, 44.9073905945]
},
"tonal": {
    "chords_changes_rate": 0.0288065839559,
    "chords_number_rate": 0.00308641977608,
    "chords_strength": {
        "mean": 0.564018964767,
        "var": 0.00650625256822
    },
    "hpcp_entropy": {
        "mean": 1.78746438026,
        "var": 0.855449140072
    },
    "key_strength": 0.655101001263,
    "tuning_diatonic_strength": 0.613828539848,
    "tuning_equal_tempered_deviation": 0.249611929059,
    "tuning_frequency": 434.193115234,
    "tuning_nontempered_energy_ratio": 0.937332987785,
    "hpcp": {
        "mean": [0.102887324989, 0.0884615555406, 0.0601283870637, 0.0522419586778, 0.0607880726457, 0.0696603059769, 0.11932387948, 0.16089630127, 0.119713947177, 0.065113119781, 0.0440078750253, 0.0402337498963, 0.0402204878628, 0.0515165776014, 0.0975004658103, 0.259581685066, 0.352515786886, 0.209044769406, 0.0786384120584, 0.0512894056737, 0.048317629844, 0.0629425048828, 0.0587522275746, 0.134354323149, 0.223252624273, 0.129264652729, 0.0396994538605, 0.0479571335018, 0.050354026258, 0.0656517595053, 0.171048998833, 0.236037626863, 0.168924808502, 0.112371996045, 0.0981777757406, 0.0976324751973],
        "var": [0.0394680947065, 0.030687559396, 0.0201258696616, 0.017053540796, 0.0244870074093, 0.0299038980156, 0.0512765981257, 0.0938883721828, 0.0532294288278, 0.0291389673948, 0.0140866106376, 0.0116600822657, 0.00865777861327, 0.0172646865249, 0.0312770456076, 0.0971261486411, 0.162304088473, 0.0805165246129, 0.0292113814503, 0.0196122527122, 0.0137804923579, 0.0299931187183, 0.0252011809498, 0.043661121279, 0.131953328848, 0.0408073887229, 0.0125857666135, 0.0160274524242, 0.0136438962072, 0.0202667973936, 0.0751733258367, 0.126368671656, 0.0678089931607, 0.0514937639236, 0.0454133860767, 0.0406556688249]
    },
    "chords_histogram": [60.8024673462, 14.7119340897, 0, 0, 0, 0, 0, 0, 0, 0, 0, 0, 0, 0, 0, 0, 0, 0.308641970158, 0.205761313438, 23.9711933136, 0, 0, 0, 0],
    "thpcp": [1, 0.593008220196, 0.223077699542, 0.145495340228, 0.137065157294, 0.178552299738, 0.166665524244, 0.381129950285, 0.633312404156, 0.366691797972, 0.112617522478, 0.136042505503, 0.142841905355, 0.18623778224, 0.485223650932, 0.669580280781, 0.479197859764, 0.318771541119, 0.278506040573, 0.27695915103, 0.291865855455, 0.250943541527, 0.170569345355, 0.148197501898, 0.172440707684, 0.197609037161, 0.338492304087, 0.456422954798, 0.339598834515, 0.18470980227, 0.124839447439, 0.114133186638, 0.114095568657, 0.146139770746, 0.276584684849, 0.736368954182],
    "chords_key": "G",
    "chords_scale": "major",
    "key_key": "G",
    "key_scale": "major"
}
}