{
"lowlevel": {
    "average_loudness": 0.688276052475,
    "barkbands_crest": {
        "mean": 14.0911540985,
        "var": 23.7089767456
    },
    "barkbands_flatness_db": {
        "mean": 0.223291069269,
        "var": 0.00444557145238
    },
    "barkbands_kurtosis": {
        "mean": 17.1884059906,
        "var": 749.382568359
    },
    "barkbands_skewness": {
        "mean": 3.06309318542,
        "var": 5.24013853073
    },
    "barkbands_spread": {
        "mean": 11.2173671722,
        "var": 65.9253921509
    },
    "dissonance": {
        "mean": 0.447869628668,
        "var": 0.00184984924272
    },
    "dynamic_complexity": 4.42038536072,
    "erbbands_crest": {
        "mean": 8.49548530579,
        "var": 20.3044528961
    },
    "erbbands_flatness_db": {
        "mean": 0.194793820381,
        "var": 0.0131739638746
    },
    "erbbands_kurtosis": {
        "mean": -0.208520755172,
        "var": 1.98426699638
    },
    "erbbands_skewness": {
        "mean": 0.486259490252,
        "var": 0.322762608528
    },
    "erbbands_spread": {
        "mean": 48.105922699,
        "var": 1054.13269043
    },
    "hfc": {
        "mean": 14.8778266907,
        "var": 411.410705566
    },
    "melbands_crest": {
        "mean": 17.9683990479,
        "var": 30.7069702148
    },
    "melbands_flatness_db": {
        "mean": 0.305917024612,
        "var": 0.00385967455804
    },
    "melbands_kurtosis": {
        "mean": 53.6193351746,
        "var": 6637.33105469
    },
    "melbands_skewness": {
        "mean": 4.70565414429,
        "var": 12.5159044266
    },
    "melbands_spread": {
        "mean": 9.87595272064,
        "var": 80.7322998047
    },
    "pitch_salience": {
        "mean": 0.452508866787,
        "var": 0.0216079652309
    },
    "silence_rate_20dB": {
        "mean": 1,
        "var": 0
    },
    "silence_rate_30dB": {
        "mean": 0.863612949848,
        "var": 0.11778523773
    },
    "silence_rate_60dB": {
        "mean": 0.18013381958,
        "var": 0.147686526179
    },
    "spectral_centroid": {
        "mean": 781.254455566,
        "var": 294679.875
    },
    "spectral_complexity": {
        "mean": 12.105506897,
        "var": 51.5083007813
    },
    "spectral_decrease": {
        "mean": -1.16347145251e-008,
        "var": 2.08911848769e-016
    },
    "spectral_energy": {
        "mean": 0.0452615730464,
        "var": 0.00312404683791
    },
    "spectral_energyband_high": {
        "mean": 0.00074423442129,
        "var": 2.06964068639e-006
    },
    "spectral_energyband_low": {
        "mean": 0.0348010100424,
        "var": 0.00235267356038
    },
    "spectral_energyband_middle_high": {
        "mean": 0.00156145833898,
        "var": 3.7474239889e-006
    },
    "spectral_energyband_middle_low": {
        "mean": 0.00979380402714,
        "var": 0.000264147762209
    },
    "spectral_entropy": {
        "mean": 7.02253293991,
        "var": 0.622688889503
    },
    "spectral_flux": {
        "mean": 0.0835212171078,
        "var": 0.00662634661421
    },
    "spectral_kurtosis": {
        "mean": 14.372174263,
        "var": 263.368835449
    },
    "spectral_rms": {
        "mean": 0.00543454755098,
        "var": 1.46233132909e-005
    },
    "spectral_rolloff": {
        "mean": 676.008239746,
        "var": 962040
    },
    "spectral_skewness": {
        "mean": 2.34302806854,
        "var": 1.29318368435
    },
    "spectral_spread": {
        "mean": 4419927,
        "var": 1.06149393203e+013
    },
    "spectral_strongpeak": {
        "mean": 0.606684267521,
        "var": 0.225971162319
    },
    "zerocrossingrate": {
        "mean": 0.0360280200839,
        "var": 0.000762381125242
    },
    "barkbands": {
        "mean": [0.000217876542592, 0.0203845184296, 0.0126621751115, 0.00280335335992, 0.00310815335251, 0.00139568943996, 0.000817798019852, 0.000900325248949, 0.000545370101463, 0.000331751041813, 0.000207505683647, 0.000167542806594, 0.000136328279041, 0.000166542318766, 0.000166580604855, 0.000157978094649, 0.000147810336784, 8.32262303447e-005, 8.35257014842e-005, 6.53512906865e-005, 7.22705008229e-005, 0.000104997663584, 0.000126657643705, 0.000158077062224, 0.000135142443469, 0.000104373379145, 1.05268327388e-005],
        "var": [2.95380516491e-007, 0.000695994764101, 0.000665481784381, 6.91786990501e-005, 3.56532837031e-005, 3.19796913573e-006, 3.4424012938e-006, 3.49085007656e-006, 1.13934993351e-006, 6.63783794153e-007, 1.27988130316e-007, 1.69762600422e-007, 1.41784184393e-007, 1.39244150432e-007, 6.85366430275e-008, 9.46153946302e-008, 5.85459609681e-008, 2.25607674764e-008, 1.60955906381e-008, 1.50015111444e-008, 1.81371220265e-008, 5.68484459507e-008, 8.11824847347e-008, 1.03222312475e-007, 6.50672404845e-008, 4.6719502933e-008, 8.2145928948e-010]
    },
    "erbbands": {
        "mean": [0.424270302057, 5.25087070465, 14.9270505905, 11.4079198837, 10.6267900467, 9.8338394165, 10.9533233643, 10.5808210373, 10.9972229004, 14.8077793121, 20.2168102264, 12.0086526871, 12.776802063, 7.98047828674, 6.24379396439, 7.65007209778, 6.31031560898, 9.60829162598, 7.80595302582, 8.85833454132, 8.21023654938, 7.63973283768, 4.6517033577, 4.61319637299, 3.92101836205, 3.07570433617, 2.60910439491, 4.02900886536, 3.1868929863, 2.87373566628, 4.36054754257, 2.2921602726, 3.17327404022, 1.5339987278, 0.984300613403, 0.52549546957, 0.162750422955, 0.0370532236993, 0.00113501248416, 7.7804812463e-005],
        "var": [0.255934089422, 51.000629425, 840.240905762, 611.562927246, 665.333679199, 320.976104736, 279.969299316, 199.70022583, 627.467529297, 858.437988281, 1965.6451416, 459.808288574, 1043.9876709, 166.071670532, 123.578735352, 351.11706543, 186.067321777, 482.257354736, 166.962768555, 184.220703125, 163.67276001, 155.41494751, 72.175453186, 59.3442726135, 39.1014251709, 33.4138412476, 25.7937164307, 68.4210662842, 48.3857421875, 34.1109924316, 107.34034729, 23.4747695923, 42.1693916321, 8.77041721344, 3.63926076889, 1.23496878147, 0.110093310475, 0.00723286811262, 8.15363273432e-006, 1.14493214909e-008]
    },
    "gfcc": {
        "mean": [-73.8742752075, 127.522651672, -116.749275208, 15.360206604, -48.6357421875, -1.76318883896, -39.0282020569, -0.703202426434, -15.933134079, -4.61120843887, -14.2064990997, -5.28510475159, -4.18172216415],
        "cov": [[17913.7441406, -6160.73486328, 6931.52832031, 3766.65429688, 345.149597168, 3263.98413086, -131.939575195, 2728.08618164, -252.258666992, 1715.65869141, -918.165893555, 746.119567871, -1400.47790527], [-6160.73486328, 3475.51293945, -3033.48022461, -1649.44946289, -77.8594970703, -1428.53625488, 77.3123321533, -1204.27331543, 148.59815979, -769.255004883, 406.073913574, -395.303222656, 597.491760254], [6931.52832031, -3033.48022461, 4334.92138672, 2078.17529297, 473.684417725, 1835.21252441, 117.686180115, 1458.06140137, -22.2076206207, 919.655883789, -420.060302734, 397.551208496, -698.44720459], [3766.65429688, -1649.44946289, 2078.17529297, 1292.49304199, 285.28125, 959.998168945, 67.335067749, 795.740234375, -19.5145111084, 479.297698975, -205.579681396, 191.020385742, -333.098327637], [345.149597168, -77.8594970703, 473.684417725, 285.28125, 283.875213623, 233.49772644, 70.7030181885, 153.573028564, 47.61926651, 102.188659668, -6.67403888702, 29.6244983673, -40.6567153931], [3263.98413086, -1428.53625488, 1835.21252441, 959.998168945, 233.49772644, 943.007080078, 80.0885925293, 690.838928223, 9.89882850647, 440.633789063, -170.936630249, 186.560195923, -299.597747803], [-131.939575195, 77.3123321533, 117.686180115, 67.335067749, 70.7030181885, 80.0885925293, 121.664901733, 61.7608795166, 39.7663955688, 24.4494667053, 10.2422628403, -6.8147277832, 2.60087633133], [2728.08618164, -1204.27331543, 1458.06140137, 795.740234375, 153.573028564, 690.838928223, 61.7608795166, 647.017700195, 25.3115444183, 363.31350708, -148.104171753, 140.832046509, -256.460021973], [-252.258666992, 148.59815979, -22.2076206207, -19.5145111084, 47.61926651, 9.89882850647, 39.7663955688, 25.3115444183, 129.017227173, 44.7274284363, 38.5140762329, -12.4223604202, 14.70262146], [1715.65869141, -769.255004883, 919.655883789, 479.297698975, 102.188659668, 440.633789063, 24.4494667053, 363.31350708, 44.7274284363, 318.719207764, -50.5704078674, 110.616958618, -162.349487305], [-918.165893555, 406.073913574, -420.060302734, -205.579681396, -6.67403888702, -170.936630249, 10.2422628403, -148.104171753, 38.5140762329, -50.5704078674, 133.869033813, -8.13146305084, 97.4814453125], [746.119567871, -395.303222656, 397.551208496, 191.020385742, 29.6244983673, 186.560195923, -6.8147277832, 140.832046509, -12.4223604202, 110.616958618, -8.13146305084, 124.137229919, -35.8165664673], [-1400.47790527, 597.491760254, -698.44720459, -333.098327637, -40.6567153931, -299.597747803, 2.60087633133, -256.460021973, 14.70262146, -162.349487305, 97.4814453125, -35.8165664673, 196.329650879]],
        "icov": [[0.000415310816607, -0.000592853175476, 0.000281610060483, -0.000595504185185, 0.000742027594242, -0.000765029515605, 0.00106222170871, -0.00070114643313, 0.000734970904887, -0.000987874576822, 0.00142008811235, -0.00120259448886, 0.0010181007674], [-0.000592853175476, 0.00356459571049, -0.0010158973746, 0.00196216301993, -0.00277114356868, 0.00224679359235, -0.00307489256375, 0.00224052602425, -0.0026577480603, 0.00348703283817, -0.00500523485243, 0.0051462915726, -0.00303340051323], [0.000281610060483, -0.0010158973746, 0.00258781877346, -0.00157943402883, 0.000207483462873, -0.00218791957013, 0.000635372009128, -0.000970885099377, 0.000911926152185, -0.00173400249332, 0.00329220970161, -0.00361780938692, 0.00325774564408], [-0.000595504185185, 0.00196216301993, -0.00157943402883, 0.0065943445079, -0.00345805706456, 0.000577356375288, -0.00130113738123, -0.00182138418313, 0.000737861846574, 0.000974161026534, -0.00306044798344, 0.00461867498234, -0.00373469549231], [0.000742027594242, -0.00277114356868, 0.000207483462873, -0.00345805706456, 0.00872829370201, -0.00323943677358, 0.00135283276904, -0.000253753649304, 0.000222375179874, -0.00190313567873, 0.00254807784222, -0.00310741993599, 0.00168992078397], [-0.000765029515605, 0.00224679359235, -0.00218791957013, 0.000577356375288, -0.00323943677358, 0.0109982118011, -0.00475247716531, -0.000595437420998, -0.00135215150658, 8.93610485946e-005, -0.00247031240724, 0.00157278624829, -0.00201273127459], [0.00106222170871, -0.00307489256375, 0.000635372009128, -0.00130113738123, 0.00135283276904, -0.00475247716531, 0.015953021124, -0.00491069024429, 0.00106523605064, -0.0016287623439, 0.00263224774972, -0.00107956980355, 0.000459118367871], [-0.00070114643313, 0.00224052602425, -0.000970885099377, -0.00182138418313, -0.000253753649304, -0.000595437420998, -0.00491069024429, 0.0136854378507, -0.00525463372469, 0.000714354333468, -0.00113837211393, 0.00130019069184, 0.000403168378398], [0.000734970904887, -0.0026577480603, 0.000911926152185, 0.000737861846574, 0.000222375179874, -0.00135215150658, 0.00106523605064, -0.00525463372469, 0.0156393684447, -0.00844557397068, 0.00190183566883, 0.000241816465859, -0.000123443416669], [-0.000987874576822, 0.00348703283817, -0.00173400249332, 0.000974161026534, -0.00190313567873, 8.93610485946e-005, -0.0016287623439, 0.000714354333468, -0.00844557397068, 0.0196912605315, -0.0114379329607, 0.00179141829722, 0.00144367280882], [0.00142008811235, -0.00500523485243, 0.00329220970161, -0.00306044798344, 0.00254807784222, -0.00247031240724, 0.00263224774972, -0.00113837211393, 0.00190183566883, -0.0114379329607, 0.0263981670141, -0.0130715100095, 0.00202559237368], [-0.00120259448886, 0.0051462915726, -0.00361780938692, 0.00461867498234, -0.00310741993599, 0.00157278624829, -0.00107956980355, 0.00130019069184, 0.000241816465859, 0.00179141829722, -0.0130715100095, 0.0268272031099, -0.0129575971514], [0.0010181007674, -0.00303340051323, 0.00325774564408, -0.00373469549231, 0.00168992078397, -0.00201273127459, 0.000459118367871, 0.000403168378398, -0.000123443416669, 0.00144367280882, 0.00202559237368, -0.0129575971514, 0.0224731285125]]
    },
    "melbands": {
        "mean": [0.00492114480585, 0.00768879428506, 0.00205771578476, 0.000752359512262, 0.000381123798434, 0.000244216382271, 0.00016745866742, 0.00016720216081, 0.000164386277902, 7.00928212609e-005, 6.14429591224e-005, 2.98620416288e-005, 2.09668578464e-005, 1.87525401998e-005, 1.60544786922e-005, 1.53098771989e-005, 1.86447814485e-005, 1.08956337499e-005, 1.41265873026e-005, 1.281220284e-005, 8.82827498572e-006, 9.11473125598e-006, 4.36887012256e-006, 3.93542632082e-006, 3.69591089111e-006, 3.09524193653e-006, 2.38101642935e-006, 1.94346262106e-006, 1.61590469361e-006, 1.63507650086e-006, 2.83598296846e-006, 2.04977186513e-006, 1.40736199228e-006, 1.52932830133e-006, 3.17606190947e-006, 1.12757379611e-006, 1.41407929277e-006, 2.7946366572e-006, 1.2443505284e-006, 1.35840684834e-006],
        "var": [3.44557229255e-005, 0.00016715277161, 1.9121747755e-005, 2.3966720164e-006, 3.39868336141e-007, 1.01374325823e-007, 1.44842829286e-007, 1.11063798158e-007, 1.36944663609e-007, 1.50516381581e-008, 2.55034784402e-008, 2.35845631913e-009, 1.28986488157e-009, 1.79086223628e-009, 1.50553891576e-009, 1.88112769806e-009, 1.91287274909e-009, 4.38891922805e-010, 5.56529544671e-010, 7.21341431031e-010, 2.14830625511e-010, 2.34417374401e-010, 6.44638717406e-011, 4.80220134491e-011, 4.1873157719e-011, 2.26469364095e-011, 1.99050186056e-011, 1.5213301105e-011, 9.92457765275e-012, 1.01855633303e-011, 3.8993346746e-011, 2.21993916305e-011, 8.64974411541e-012, 9.09870269405e-012, 6.30347163355e-011, 5.92718062131e-012, 8.59152506083e-012, 3.59349668078e-011, 5.42161020939e-012, 7.73943062415e-012]
    },
    "mfcc": {
        "mean": [-715.593017578, 153.855682373, 0.42852127552, 12.3402738571, 10.5191335678, -5.19510984421, -7.36909532547, -3.49765133858, -0.00737859588116, -1.74161708355, -4.29927015305, -4.71696996689, -3.45676350594],
        "cov": [[11389.6533203, -3987.96240234, 4206.65234375, 2112.05883789, 1384.92053223, 1468.3828125, 946.607788086, 1132.1138916, 982.348999023, 1002.69915771, 1002.2409668, 750.079650879, 356.968170166], [-3987.96240234, 2281.85864258, -1759.76281738, -887.610046387, -550.095397949, -621.351135254, -388.515899658, -476.456573486, -395.974853516, -402.482971191, -394.571594238, -299.466033936, -148.884262085], [4206.65234375, -1759.76281738, 2418.56542969, 1027.67858887, 823.429077148, 794.996337891, 542.704345703, 613.043579102, 527.304016113, 529.744934082, 506.618743896, 376.933685303, 199.036621094], [2112.05883789, -887.610046387, 1027.67858887, 736.59161377, 439.642272949, 396.270507813, 304.497833252, 313.741699219, 285.926696777, 283.748809814, 266.101623535, 197.271331787, 118.432228088], [1384.92053223, -550.095397949, 823.429077148, 439.642272949, 467.483032227, 349.204162598, 239.400741577, 244.879943848, 211.785903931, 209.96572876, 198.259750366, 154.171478271, 93.4454421997], [1468.3828125, -621.351135254, 794.996337891, 396.270507813, 349.204162598, 384.803100586, 241.94418335, 235.675491333, 216.066848755, 213.268829346, 194.866348267, 155.716064453, 96.243927002], [946.607788086, -388.515899658, 542.704345703, 304.497833252, 239.400741577, 241.94418335, 235.612426758, 185.2449646, 145.353729248, 148.07611084, 124.418914795, 101.355049133, 65.8390579224], [1132.1138916, -476.456573486, 613.043579102, 313.741699219, 244.879943848, 235.675491333, 185.2449646, 255.153549194, 189.49407959, 165.14352417, 154.380355835, 102.828529358, 48.3259658813], [982.348999023, -395.974853516, 527.304016113, 285.926696777, 211.785903931, 216.066848755, 145.353729248, 189.49407959, 212.090423584, 177.415405273, 143.402313232, 106.236427307, 51.5421066284], [1002.69915771, -402.482971191, 529.744934082, 283.748809814, 209.96572876, 213.268829346, 148.07611084, 165.14352417, 177.415405273, 226.780654907, 178.955368042, 116.880638123, 62.3164176941], [1002.2409668, -394.571594238, 506.618743896, 266.101623535, 198.259750366, 194.866348267, 124.418914795, 154.380355835, 143.402313232, 178.955368042, 208.259429932, 131.373962402, 65.5908889771], [750.079650879, -299.466033936, 376.933685303, 197.271331787, 154.171478271, 155.716064453, 101.355049133, 102.828529358, 106.236427307, 116.880638123, 131.373962402, 148.171691895, 89.3631057739], [356.968170166, -148.884262085, 199.036621094, 118.432228088, 93.4454421997, 96.243927002, 65.8390579224, 48.3259658813, 51.5421066284, 62.3164176941, 65.5908889771, 89.3631057739, 124.919372559]],
        "icov": [[0.000341608683812, 0.000238468404859, -0.000287813687464, -0.000312496325932, 0.000232694859733, -0.000236609615968, 0.000233815328102, -0.000109827662527, 0.000114677088277, 5.82148959438e-006, -0.000126921935589, -0.000272058328846, 0.000201414775802], [0.000238468404859, 0.00142618955579, 0.000455981091363, 0.000729092222173, -0.000839905580506, 0.00106048083398, -0.000901655526832, 0.000784314936027, -0.000898335594684, 0.000247421412496, -0.000492403516546, 0.000365963758668, -0.000172385698534], [-0.000287813687464, 0.000455981091363, 0.00245863781311, 0.000117501629575, -0.00127152854111, -0.000740548653994, -0.000449894432677, -0.000969629909378, -0.000256101513514, -0.000283652014332, -0.000504893541802, -0.000150218009367, 9.07877911231e-005], [-0.000312496325932, 0.000729092222173, 0.000117501629575, 0.00582715589553, -0.00242335349321, 0.00202766875736, -0.00340199237689, 0.001030196785, -0.00297226221301, 0.000429409818025, -0.00181845447514, 0.00107210327405, -0.00110474741086], [0.000232694859733, -0.000839905580506, -0.00127152854111, -0.00242335349321, 0.00892476271838, -0.00528690125793, 0.00070257880725, -0.00173604534939, 0.00157347274944, 5.63755702387e-006, 0.000159369243192, -0.000818145636003, 0.000205497693969], [-0.000236609615968, 0.00106048083398, -0.000740548653994, 0.00202766875736, -0.00528690125793, 0.0168954245746, -0.00764133641496, 0.00258506485261, -0.00563273765147, 0.000561507185921, -0.00179390166886, 1.12621582957e-005, -0.00185941858217], [0.000233815328102, -0.000901655526832, -0.000449894432677, -0.00340199237689, 0.00070257880725, -0.00764133641496, 0.0180183071643, -0.00836860015988, 0.0065525691025, -0.00481720641255, 0.00572472903877, -0.0023134178482, -0.000349523761543], [-0.000109827662527, 0.000784314936027, -0.000969629909378, 0.001030196785, -0.00173604534939, 0.00258506485261, -0.00836860015988, 0.0204364005476, -0.0128568308428, 0.00557688204572, -0.0066432133317, 0.00418937811628, 0.000642465951387], [0.000114677088277, -0.000898335594684, -0.000256101513514, -0.00297226221301, 0.00157347274944, -0.00563273765147, 0.0065525691025, -0.0128568308428, 0.0267550610006, -0.0134536875412, 0.00761023769155, -0.00578518118709, 0.0023253459949], [5.82148959438e-006, 0.000247421412496, -0.000283652014332, 0.000429409818025, 5.63755702387e-006, 0.000561507185921, -0.00481720641255, 0.00557688204572, -0.0134536875412, 0.0236981604248, -0.0143664227799, 0.00388834695332, -0.00124142051209], [-0.000126921935589, -0.000492403516546, -0.000504893541802, -0.00181845447514, 0.000159369243192, -0.00179390166886, 0.00572472903877, -0.0066432133317, 0.00761023769155, -0.0143664227799, 0.0249623768032, -0.0121275251731, 0.00271539809182], [-0.000272058328846, 0.000365963758668, -0.000150218009367, 0.00107210327405, -0.000818145636003, 1.12621582957e-005, -0.0023134178482, 0.00418937811628, -0.00578518118709, 0.00388834695332, -0.0121275251731, 0.0258077438921, -0.0110085168853], [0.000201414775802, -0.000172385698534, 9.07877911231e-005, -0.00110474741086, 0.000205497693969, -0.00185941858217, -0.000349523761543, 0.000642465951387, 0.0023253459949, -0.00124142051209, 0.00271539809182, -0.0110085168853, 0.0154506098479]]
    },
    "spectral_contrast_coeffs": {
        "mean": [-0.601882457733, -0.744611620903, -0.749958992004, -0.768953800201, -0.770052015781, -0.750678002834],
        "var": [0.0129519905895, 0.006905852817, 0.0053831669502, 0.00556655414402, 0.00491451052949, 0.00232082116418]
    },
    "spectral_contrast_valleys": {
        "mean": [-7.91138744354, -6.85183811188, -8.01958179474, -8.39606761932, -8.94281959534, -11.9565162659],
        "var": [5.11918926239, 1.65992450714, 1.3124370575, 1.58594667912, 3.16643691063, 6.70686531067]
    }
},
"metadata": {
    "audio_properties": {
        "analysis_sample_rate": 44100,
        "bit_rate": 106198,
        "equal_loudness": 0,
        "length": 45.0873451233,
        "lossless": 0,
        "replay_gain": -9.37651252747,
        "sample_rate": 44100,
        "codec": "mp3",
        "downmix": "mix",
        "md5_encoded": "ba93232c19f87745fdd25836c1b0a60d"
    },
    "tags": {
        "file_name": "378.mp3"
    },
    "version": {
        "essentia": "2.1-beta2",
        "essentia_git_sha": "v2.1_beta2",
        "extractor": "music 1.0"
    }
},
"rhythm": {
    "beats_count": 67,
    "beats_loudness": {
        "mean": 0.102466136217,
        "var": 0.0135482130572
    },
    "bpm": 89.8177185059,
    "bpm_histogram_first_peak_bpm": {
        "mean": 89,
        "var": 0
    },
    "bpm_histogram_first_peak_spread": {
        "mean": 0.467741906643,
        "var": 0
    },
    "bpm_histogram_first_peak_weight": {
        "mean": 0.5,
        "var": 0
    },
    "bpm_histogram_second_peak_bpm": {
        "mean": 98,
        "var": 0
    },
    "bpm_histogram_second_peak_spread": {
        "mean": 0.5,
        "var": 0
    },
    "bpm_histogram_second_peak_weight": {
        "mean": 0.0303030312061,
        "var": 0
    },
    "danceability": 0.986713647842,
    "onset_rate": 5.52048158646,
    "beats_loudness_band_ratio": {
        "mean": [0.514512002468, 0.264799535275, 0.155292257667, 0.0637397691607, 0.0282621253282, 0.00816649198532],
        "var": [0.177696198225, 0.0745839476585, 0.0382687821984, 0.00520674558356, 0.00161602371372, 0.000153119050083]
    },
    "beats_position": [0.615328788757, 1.25387752056, 1.90403628349, 2.51936507225, 3.14630389214, 3.76163268089, 4.42340135574, 5.08516979218, 5.75854873657, 6.43192720413, 7.0936961174, 7.75546455383, 8.42884349823, 9.0906124115, 9.75238037109, 10.4257593155, 11.0875282288, 11.749297142, 12.4226751328, 13.0960540771, 13.7578229904, 14.4195919037, 15.0929698944, 15.7663488388, 16.4165077209, 17.0898857117, 17.7516555786, 18.4134235382, 19.0868015289, 19.760181427, 20.4219493866, 21.0837192535, 21.7570972443, 22.430475235, 23.0922451019, 23.7540130615, 24.4273910522, 25.0891609192, 25.7509288788, 26.4243087769, 27.0976867676, 27.7826747894, 28.4908847809, 29.1758728027, 29.8608608246, 30.5458488464, 31.2308387756, 31.9042167664, 32.5775947571, 33.2509727478, 33.9243545532, 34.5861206055, 35.2478904724, 35.9212684631, 36.5946464539, 37.2564163208, 37.9181861877, 38.5915641785, 39.2533340454, 39.9151000977, 40.5884780884, 41.2502479553, 41.9120178223, 42.585395813, 43.2587738037, 43.9321517944, 44.6055335999]
},
"tonal": {
    "chords_changes_rate": 0.0545267499983,
    "chords_number_rate": 0.00617283955216,
    "chords_strength": {
        "mean": 0.469033718109,
        "var": 0.00871732831001
    },
    "hpcp_entropy": {
        "mean": 1.73242211342,
        "var": 0.563194870949
    },
    "key_strength": 0.742735087872,
    "tuning_diatonic_strength": 0.501713097095,
    "tuning_equal_tempered_deviation": 0.0615045540035,
    "tuning_frequency": 441.272583008,
    "tuning_nontempered_energy_ratio": 0.64536011219,
    "hpcp": {
        "mean": [0.0414694286883, 0.0474749058485, 0.164882540703, 0.252116680145, 0.133729279041, 0.0345284342766, 0.0295361895114, 0.0630099028349, 0.186119943857, 0.24637170136, 0.158526912332, 0.0908841788769, 0.0745138525963, 0.081965431571, 0.150928854942, 0.179061770439, 0.103059902787, 0.162421286106, 0.233617708087, 0.114189133048, 0.0267138499767, 0.0186557751149, 0.0282340589911, 0.115287318826, 0.152235001326, 0.0720786228776, 0.0269107408822, 0.0260481815785, 0.0357312746346, 0.136243075132, 0.187714368105, 0.104675292969, 0.127311199903, 0.171940341592, 0.0896478816867, 0.0339306481183],
        "var": [0.0141315469518, 0.0186567399651, 0.0520439557731, 0.12148591131, 0.0417670607567, 0.0205663666129, 0.0123845804483, 0.0290363747627, 0.0706350058317, 0.105021111667, 0.0633586347103, 0.0558912865818, 0.0448560230434, 0.0465259365737, 0.0718567594886, 0.0944922938943, 0.0404790714383, 0.0542248114944, 0.120202466846, 0.0303501281887, 0.00680004246533, 0.00328832049854, 0.00723320059478, 0.0412428304553, 0.0688744559884, 0.021640509367, 0.013847688213, 0.0142213208601, 0.0114016737789, 0.0504603125155, 0.0904171317816, 0.0298130735755, 0.0566445253789, 0.102315746248, 0.0357590988278, 0.0099920919165]
    },
    "chords_histogram": [13.0658435822, 3.39506173134, 20.3703708649, 0, 0.925925910473, 0, 0, 0, 0, 0, 0, 0, 0, 0, 0, 0, 0, 0, 0, 0.823045253754, 0, 8.53909492493, 19.9588470459, 32.9218101501],
    "thpcp": [1, 0.5304261446, 0.136954188347, 0.1171528548, 0.249923571944, 0.738229393959, 0.977213025093, 0.628783941269, 0.360484600067, 0.295553058386, 0.325109124184, 0.598646819592, 0.710233747959, 0.408778607845, 0.644230604172, 0.926625370979, 0.452921777964, 0.105958282948, 0.0739965885878, 0.111988067627, 0.457277625799, 0.603827595711, 0.285893917084, 0.106739230454, 0.103317961097, 0.141725152731, 0.540396928787, 0.744553565979, 0.415185898542, 0.504969358444, 0.681987166405, 0.355580925941, 0.134583115578, 0.164485067129, 0.188305288553, 0.653993010521],
    "chords_key": "C",
    "chords_scale": "minor",
    "key_key": "D#",
    "key_scale": "major"
}
}