{
"lowlevel": {
    "average_loudness": 0.907828569412,
    "barkbands_crest": {
        "mean": 14.0271711349,
        "var": 49.8333015442
    },
    "barkbands_flatness_db": {
        "mean": 0.247251212597,
        "var": 0.0192002933472
    },
    "barkbands_kurtosis": {
        "mean": 36.5000038147,
        "var": 6418.87402344
    },
    "barkbands_skewness": {
        "mean": 3.0764374733,
        "var": 13.5978183746
    },
    "barkbands_spread": {
        "mean": 16.5426540375,
        "var": 236.385513306
    },
    "dissonance": {
        "mean": 0.463383167982,
        "var": 0.00211097905412
    },
    "dynamic_complexity": 4.87310361862,
    "erbbands_crest": {
        "mean": 8.89429759979,
        "var": 24.6162662506
    },
    "erbbands_flatness_db": {
        "mean": 0.201249226928,
        "var": 0.00515077356249
    },
    "erbbands_kurtosis": {
        "mean": 2.35553574562,
        "var": 72.1755142212
    },
    "erbbands_skewness": {
        "mean": 0.348968565464,
        "var": 2.23662948608
    },
    "erbbands_spread": {
        "mean": 42.7253723145,
        "var": 780.756103516
    },
    "hfc": {
        "mean": 15.7262811661,
        "var": 251.798828125
    },
    "melbands_crest": {
        "mean": 17.7525272369,
        "var": 73.7670440674
    },
    "melbands_flatness_db": {
        "mean": 0.29335308075,
        "var": 0.0356522873044
    },
    "melbands_kurtosis": {
        "mean": 69.7373046875,
        "var": 22752.3007813
    },
    "melbands_skewness": {
        "mean": 4.48647975922,
        "var": 17.6565933228
    },
    "melbands_spread": {
        "mean": 24.2428722382,
        "var": 939.154663086
    },
    "pitch_salience": {
        "mean": 0.455388993025,
        "var": 0.0628199055791
    },
    "silence_rate_20dB": {
        "mean": 0.988671481609,
        "var": 0.0112001057714
    },
    "silence_rate_30dB": {
        "mean": 0.691040158272,
        "var": 0.213505879045
    },
    "silence_rate_60dB": {
        "mean": 0.22451081872,
        "var": 0.174106225371
    },
    "spectral_centroid": {
        "mean": 1314.45263672,
        "var": 1094785.5
    },
    "spectral_complexity": {
        "mean": 11.9624099731,
        "var": 129.583908081
    },
    "spectral_decrease": {
        "mean": -1.88965945114e-008,
        "var": 5.59596975285e-016
    },
    "spectral_energy": {
        "mean": 0.0727465823293,
        "var": 0.00806608516723
    },
    "spectral_energyband_high": {
        "mean": 0.000549419608433,
        "var": 7.89976070337e-007
    },
    "spectral_energyband_low": {
        "mean": 0.0607881657779,
        "var": 0.00820040982217
    },
    "spectral_energyband_middle_high": {
        "mean": 0.00252837315202,
        "var": 2.68690546363e-005
    },
    "spectral_energyband_middle_low": {
        "mean": 0.00949728116393,
        "var": 0.000340277823852
    },
    "spectral_entropy": {
        "mean": 7.30244159698,
        "var": 0.836566090584
    },
    "spectral_flux": {
        "mean": 0.0970074906945,
        "var": 0.00900972541422
    },
    "spectral_kurtosis": {
        "mean": 10.962266922,
        "var": 570.769897461
    },
    "spectral_rms": {
        "mean": 0.00655573653057,
        "var": 2.7994523407e-005
    },
    "spectral_rolloff": {
        "mean": 1619.85925293,
        "var": 4750203
    },
    "spectral_skewness": {
        "mean": 1.815310359,
        "var": 2.52580332756
    },
    "spectral_spread": {
        "mean": 3903725.75,
        "var": 5.77870600602e+012
    },
    "spectral_strongpeak": {
        "mean": 0.783557891846,
        "var": 0.618268609047
    },
    "zerocrossingrate": {
        "mean": 0.0614915043116,
        "var": 0.00367283285595
    },
    "barkbands": {
        "mean": [0.00270392606035, 0.0486760810018, 0.00882130581886, 0.00165140663739, 0.00471117952839, 0.00147751346231, 0.000749444938265, 0.000460723240394, 0.00039141511661, 0.000191302315216, 0.000127384177176, 0.00021038709383, 0.000131127191707, 0.000197806541109, 0.000518441433087, 0.000487396115204, 0.000311968004098, 0.000193998246687, 0.000126768863993, 0.000116748749861, 0.000110762841359, 0.000120742784929, 0.000145103083923, 7.89831392467e-005, 2.92935019388e-005, 5.34184027856e-006, 6.8929630892e-009],
        "var": [6.90046363161e-005, 0.00529112387449, 0.000519384804647, 1.80375627679e-005, 0.000137198105222, 1.30952976178e-005, 4.29351666753e-006, 1.4766452523e-006, 8.9191820507e-007, 1.65062800761e-007, 6.32150900515e-008, 3.62741872095e-007, 9.3259856726e-008, 1.56850447297e-007, 1.961903763e-006, 1.68807582668e-006, 5.69174289922e-007, 1.90239475728e-007, 4.97220931095e-008, 3.79232076853e-008, 3.24464295431e-008, 4.06767703964e-008, 7.83223583767e-008, 2.32012915546e-008, 2.91606738756e-009, 3.34011956982e-010, 9.51343106533e-015]
    },
    "erbbands": {
        "mean": [1.16465985775, 11.16152668, 16.6939239502, 5.16421508789, 10.584485054, 18.5297222137, 13.220615387, 10.1499843597, 10.923365593, 10.5767116547, 10.12200737, 9.32654857635, 6.66567993164, 6.14382123947, 4.11319971085, 8.87506198883, 7.28250217438, 10.1312675476, 18.3945522308, 23.124080658, 29.8025379181, 19.5368900299, 11.5119667053, 8.37143707275, 5.75134134293, 5.26695108414, 4.38852787018, 4.57453107834, 4.16397428513, 4.58928203583, 4.02843093872, 2.23940229416, 1.06348192692, 0.501006901264, 0.126482963562, 0.034660037607, 0.00908400956541, 0.000366933061741, 4.58577669633e-005, 8.16694810055e-005],
        "var": [6.07878541946, 299.690704346, 1340.79443359, 96.6811752319, 617.926513672, 2347.49731445, 1065.14074707, 578.021118164, 815.429870605, 793.068664551, 816.541809082, 521.728881836, 218.074386597, 144.260726929, 64.6423873901, 673.650390625, 256.454742432, 440.959899902, 1949.0423584, 3819.20410156, 6759.65234375, 2346.61230469, 698.292297363, 281.156494141, 87.2978820801, 76.4870147705, 50.172580719, 57.2831840515, 48.6023788452, 65.004234314, 68.5112380981, 23.020483017, 3.69403672218, 0.841433346272, 0.070939257741, 0.0106613896787, 0.00110230897553, 1.95068673747e-006, 2.9765665488e-009, 9.30182419978e-009]
    },
    "gfcc": {
        "mean": [-92.7158889771, 113.525482178, -124.933921814, 43.5644683838, -50.3972473145, 5.27233552933, -39.2163696289, 4.62450361252, -7.8463139534, -6.65778160095, -7.26180267334, -6.50969362259, -0.5407512784],
        "cov": [[15675.6933594, -1902.61706543, 1164.01708984, 1556.27380371, -1720.28198242, 1337.41796875, -641.084472656, 27.2289962769, -439.141723633, 265.338439941, -344.165466309, 121.062690735, -129.620834351], [-1902.61706543, 4651.71435547, 1359.09997559, -222.098327637, 2417.98730469, -622.522583008, 1309.56079102, 128.90776062, 764.780273438, -97.2371673584, 546.031982422, -311.565826416, 93.2838973999], [1164.01708984, 1359.09997559, 3720.99414063, 902.855407715, 673.43182373, 552.210571289, 876.098754883, 325.283538818, 485.564819336, 212.747268677, 263.034729004, 35.7124633789, -37.1077079773], [1556.27380371, -222.098327637, 902.855407715, 821.713623047, -116.339111328, 422.485443115, 169.49067688, 110.808403015, 61.7782821655, 99.0836639404, 43.5753173828, 11.4315109253, 30.2667274475], [-1720.28198242, 2417.98730469, 673.43182373, -116.339111328, 1854.97509766, -205.882461548, 869.960571289, 193.384506226, 562.238830566, -2.03602933884, 324.318450928, -135.830078125, 43.617855072], [1337.41796875, -622.522583008, 552.210571289, 422.485443115, -205.882461548, 579.533081055, 44.7956733704, 146.019470215, 57.5112457275, 120.003463745, -10.3336257935, 83.4026641846, -5.27276086807], [-641.084472656, 1309.56079102, 876.098754883, 169.49067688, 869.960571289, 44.7956733704, 735.168273926, 200.54309082, 354.569152832, 81.4459152222, 249.289505005, -44.6092376709, 39.1420211792], [27.2289962769, 128.90776062, 325.283538818, 110.808403015, 193.384506226, 146.019470215, 200.54309082, 199.725646973, 142.251113892, 80.4185180664, 61.7568855286, 43.3763618469, -8.4070110321], [-439.141723633, 764.780273438, 485.564819336, 61.7782821655, 562.238830566, 57.5112457275, 354.569152832, 142.251113892, 307.688751221, 58.0786705017, 151.552825928, -19.1780815125, 36.1127853394], [265.338439941, -97.2371673584, 212.747268677, 99.0836639404, -2.03602933884, 120.003463745, 81.4459152222, 80.4185180664, 58.0786705017, 104.091262817, 26.7254924774, 40.8265571594, -5.50807619095], [-344.165466309, 546.031982422, 263.034729004, 43.5753173828, 324.318450928, -10.3336257935, 249.289505005, 61.7568855286, 151.552825928, 26.7254924774, 160.663650513, -11.8503656387, 39.0746841431], [121.062690735, -311.565826416, 35.7124633789, 11.4315109253, -135.830078125, 83.4026641846, -44.6092376709, 43.3763618469, -19.1780815125, 40.8265571594, -11.8503656387, 96.3639907837, -4.15497779846], [-129.620834351, 93.2838973999, -37.1077079773, 30.2667274475, 43.617855072, -5.27276086807, 39.1420211792, -8.4070110321, 36.1127853394, -5.50807619095, 39.0746841431, -4.15497779846, 89.8871231079]],
        "icov": [[0.000116404371511, -0.000179945651325, 2.87227685476e-005, -0.000163364413311, 9.47113658185e-005, -0.000299838604406, 0.000198312147404, 7.87742192188e-006, 0.000224896735745, -0.000330199894961, 0.000154935507453, -3.0324981708e-005, 9.29625966819e-005], [-0.000179945651325, 0.00173646071926, -0.000401522964239, 0.000449274637504, -0.000991833861917, 0.00150156021118, -0.000999681069516, 0.000339647638611, -0.000976562732831, 0.00150683568791, -0.00140055269003, 0.00161013333127, -0.000174216431333], [2.87227685476e-005, -0.000401522964239, 0.000687126128469, -0.000608401605859, 0.00041717782733, -0.000387444102671, -0.000485105643747, 0.000471927662147, -0.000689562933985, -0.000104072416434, 0.000526976014953, -0.00101685361005, 0.000971432600636], [-0.000163364413311, 0.000449274637504, -0.000608401605859, 0.00309580308385, -4.3635671318e-005, -0.00111783389002, -0.000601064122748, -0.000585940899327, 0.00107897561975, -7.36071888241e-005, -0.000945734034758, 0.00246187555604, -0.00174595206045], [9.47113658185e-005, -0.000991833861917, 0.00041717782733, -4.3635671318e-005, 0.0029044712428, -0.000372735928977, -0.00140535947867, 0.000161235468113, -0.00266132387333, 0.000925878703129, 0.00117575551849, -0.000509958365001, 0.00113985606004], [-0.000299838604406, 0.00150156021118, -0.000387444102671, -0.00111783389002, -0.000372735928977, 0.00561860390007, -0.000738786824513, -0.000980012584478, -0.00257697259076, 0.00044789648382, 0.000166525249369, -0.000466327182949, -6.49078210699e-005], [0.000198312147404, -0.000999681069516, -0.000485105643747, -0.000601064122748, -0.00140535947867, -0.000738786824513, 0.00741427158937, -0.00301123247482, 0.00178231892642, -0.00320181855932, -0.00362089741975, 0.00144664105028, -0.000817417108919], [7.87742192188e-006, 0.000339647638611, 0.000471927662147, -0.000585940899327, 0.000161235468113, -0.000980012584478, -0.00301123247482, 0.0134782372043, -0.00546375848353, -0.00215556845069, 0.00160022603814, -0.0052241566591, 0.00361303472891], [0.000224896735745, -0.000976562732831, -0.000689562933985, 0.00107897561975, -0.00266132387333, -0.00257697259076, 0.00178231892642, -0.00546375848353, 0.0163485389203, -0.00484660919756, -0.00414660386741, 0.00305943749845, -0.00437824521214], [-0.000330199894961, 0.00150683568791, -0.000104072416434, -7.36071888241e-005, 0.000925878703129, 0.00044789648382, -0.00320181855932, -0.00215556845069, -0.00484660919756, 0.0205715820193, -0.00139719911385, -0.0040114284493, 0.00234120711684], [0.000154935507453, -0.00140055269003, 0.000526976014953, -0.000945734034758, 0.00117575551849, 0.000166525249369, -0.00362089741975, 0.00160022603814, -0.00414660386741, -0.00139719911385, 0.0179448332638, -0.00384612451307, -0.0030197002925], [-3.0324981708e-005, 0.00161013333127, -0.00101685361005, 0.00246187555604, -0.000509958365001, -0.000466327182949, 0.00144664105028, -0.0052241566591, 0.00305943749845, -0.0040114284493, -0.00384612451307, 0.0201296806335, -0.00273444526829], [9.29625966819e-005, -0.000174216431333, 0.000971432600636, -0.00174595206045, 0.00113985606004, -6.49078210699e-005, -0.000817417108919, 0.00361303472891, -0.00437824521214, 0.00234120711684, -0.0030197002925, -0.00273444526829, 0.0156545415521]]
    },
    "melbands": {
        "mean": [0.0120524447411, 0.0116223404184, 0.00105953181628, 0.00116490328219, 0.000504171883222, 0.000244610069785, 0.000166523648659, 0.000112117821118, 8.11187273939e-005, 5.63969551877e-005, 3.23497915815e-005, 2.51374240179e-005, 1.49483275891e-005, 1.58976636158e-005, 2.58288782788e-005, 1.37280276249e-005, 1.88972026081e-005, 2.26350530284e-005, 4.4727788918e-005, 2.60149408859e-005, 3.40464648616e-005, 2.03047784453e-005, 1.40361635204e-005, 7.62750869399e-006, 6.85583518134e-006, 4.08295818488e-006, 4.12713507103e-006, 3.40046767633e-006, 2.77010190075e-006, 2.42107876147e-006, 2.7740081805e-006, 2.31463695854e-006, 2.35711149799e-006, 2.59217767962e-006, 2.45131445809e-006, 1.83750501037e-006, 1.15824173008e-006, 7.70369354086e-007, 5.55720589546e-007, 3.75665536012e-007],
        "var": [0.000380519457394, 0.000434116111137, 3.80948586098e-006, 9.08118181542e-006, 1.32121795104e-006, 3.29450642766e-007, 1.90265623701e-007, 7.98247015155e-008, 5.2980738019e-008, 1.89785449578e-008, 5.14201436985e-009, 2.40231745607e-009, 8.65573335229e-010, 2.42725839428e-009, 4.58885329735e-009, 9.19627485274e-010, 1.58021629115e-009, 2.61990740213e-009, 1.59021009694e-008, 4.39196723434e-009, 9.50741707584e-009, 2.59225374499e-009, 1.15040565962e-009, 2.81616147069e-010, 1.9763810033e-010, 4.3040973563e-011, 5.47707122711e-011, 3.56224355569e-011, 2.03405781801e-011, 1.73175831314e-011, 2.18287714293e-011, 1.62578492335e-011, 1.64891190979e-011, 2.15548828786e-011, 2.50353661413e-011, 1.6635593944e-011, 6.02092551164e-012, 1.95140713484e-012, 1.02889224918e-012, 4.90325987278e-013]
    },
    "mfcc": {
        "mean": [-721.092285156, 126.130218506, -1.76863920689, 28.6065597534, 14.5610466003, 1.74335432053, -10.3608131409, 5.17104578018, -0.0844874233007, 4.56152772903, -2.49350237846, -0.830102264881, 0.592977702618],
        "cov": [[12495.109375, -2258.55175781, 549.288574219, 181.899291992, -778.654968262, 518.311706543, -263.474487305, -272.370361328, -234.90675354, -229.344177246, -292.631561279, -107.781661987, -227.000549316], [-2258.55175781, 4836.73242188, 295.190795898, 1047.43762207, 1136.36022949, 244.703369141, 736.817810059, 509.620910645, 464.306488037, 490.712280273, 520.610351563, 376.767150879, 309.557861328], [549.288574219, 295.190795898, 2522.93310547, 770.216674805, 55.6409416199, 504.879852295, 317.109313965, 274.300994873, 207.265686035, 217.638015747, 179.475082397, 206.004928589, 128.172164917], [181.899291992, 1047.43762207, 770.216674805, 787.074462891, 339.742614746, 293.571380615, 355.754943848, 228.318847656, 209.504470825, 214.030303955, 195.927459717, 165.568145752, 117.160400391], [-778.654968262, 1136.36022949, 55.6409416199, 339.742614746, 559.669067383, 188.125183105, 243.877838135, 219.317779541, 211.958374023, 185.921554565, 177.374664307, 131.646255493, 106.012283325], [518.311706543, 244.703369141, 504.879852295, 293.571380615, 188.125183105, 356.515289307, 212.135345459, 170.816925049, 166.254989624, 137.807052612, 118.254882813, 122.684280396, 84.9505767822], [-263.474487305, 736.817810059, 317.109313965, 355.754943848, 243.877838135, 212.135345459, 348.719421387, 213.502304077, 179.088531494, 177.418487549, 166.01210022, 141.998626709, 114.989677429], [-272.370361328, 509.620910645, 274.300994873, 228.318847656, 219.317779541, 170.816925049, 213.502304077, 246.717803955, 170.177749634, 153.810958862, 147.395523071, 135.208587646, 100.770812988], [-234.90675354, 464.306488037, 207.265686035, 209.504470825, 211.958374023, 166.254989624, 179.088531494, 170.177749634, 214.828262329, 156.165985107, 129.434249878, 115.879570007, 90.6677932739], [-229.344177246, 490.712280273, 217.638015747, 214.030303955, 185.921554565, 137.807052612, 177.418487549, 153.810958862, 156.165985107, 179.161270142, 137.04536438, 112.529876709, 93.1687774658], [-292.631561279, 520.610351563, 179.475082397, 195.927459717, 177.374664307, 118.254882813, 166.01210022, 147.395523071, 129.434249878, 137.04536438, 162.830307007, 121.801521301, 88.9324493408], [-107.781661987, 376.767150879, 206.004928589, 165.568145752, 131.646255493, 122.684280396, 141.998626709, 135.208587646, 115.879570007, 112.529876709, 121.801521301, 138.182037354, 88.7333068848], [-227.000549316, 309.557861328, 128.172164917, 117.160400391, 106.012283325, 84.9505767822, 114.989677429, 100.770812988, 90.6677932739, 93.1687774658, 88.9324493408, 88.7333068848, 91.8612213135]],
        "icov": [[0.000133963811095, -4.45559817308e-006, 9.35033676797e-005, -0.000206284137676, 0.000306772824842, -0.000531315279659, 0.000220572430408, -1.55805155373e-005, 0.000143021097756, -0.000125938415295, 0.00022524157248, -0.00027402388514, 0.000390188244637], [-4.45559817308e-006, 0.000586083449889, -2.27147065743e-005, -0.000303390232148, -0.000922443519812, 0.000839099229779, -0.000590248731896, 0.000328933994751, 9.39691744861e-005, 2.6834271921e-005, -0.000618239340838, -0.000184776756214, -0.000243739472353], [9.35033676797e-005, -2.27147065743e-005, 0.000884868495632, -0.00097544491291, 0.000975083326921, -0.00125904486049, 0.000711477652658, -0.00064452609513, 0.000342907413142, -0.000369691319065, 0.000316803925671, -0.000342799437931, 0.000233439772273], [-0.000206284137676, -0.000303390232148, -0.00097544491291, 0.00407183496282, -0.00132392975502, 0.000389887602068, -0.00253918301314, 0.00111204362474, -7.84509757068e-005, -0.00048401899403, -0.000496772583574, 6.97642390151e-005, 0.000788194010966], [0.000306772824842, -0.000922443519812, 0.000975083326921, -0.00132392975502, 0.00620253244415, -0.00315233040601, 0.0018204919761, -0.00218049250543, -0.00126478367019, -0.000597776612267, -0.000237682645093, 0.00109569588676, 0.00109124393202], [-0.000531315279659, 0.000839099229779, -0.00125904486049, 0.000389887602068, -0.00315233040601, 0.00969361513853, -0.00340493023396, 0.000400716147851, -0.00281966500916, 0.000892125011887, -0.000133173380163, -0.00133372086566, -0.0010894817533], [0.000220572430408, -0.000590248731896, 0.000711477652658, -0.00253918301314, 0.0018204919761, -0.00340493023396, 0.0108402529731, -0.0039873784408, 0.000394060509279, -0.00172913714778, -0.000828189367894, 0.00103426922578, -0.0022001832258], [-1.55805155373e-005, 0.000328933994751, -0.00064452609513, 0.00111204362474, -0.00218049250543, 0.000400716147851, -0.0039873784408, 0.0147698586807, -0.00343081355095, -0.000651389884297, -0.00223539280705, -0.00430041085929, -0.000366218446288], [0.000143021097756, 9.39691744861e-005, 0.000342907413142, -7.84509757068e-005, -0.00126478367019, -0.00281966500916, 0.000394060509279, -0.00343081355095, 0.0168794468045, -0.00876965839416, 0.00134338752832, -0.00202661030926, -0.000112799389171], [-0.000125938415295, 2.6834271921e-005, -0.000369691319065, -0.00048401899403, -0.000597776612267, 0.000892125011887, -0.00172913714778, -0.000651389884297, -0.00876965839416, 0.0256624873728, -0.00983470212668, 0.00285926507786, -0.00713738100603], [0.00022524157248, -0.000618239340838, 0.000316803925671, -0.000496772583574, -0.000237682645093, -0.000133173380163, -0.000828189367894, -0.00223539280705, 0.00134338752832, -0.00983470212668, 0.029425650835, -0.0138581031933, 0.000265387294348], [-0.00027402388514, -0.000184776756214, -0.000342799437931, 6.97642390151e-005, 0.00109569588676, -0.00133372086566, 0.00103426922578, -0.00430041085929, -0.00202661030926, 0.00285926507786, -0.0138581031933, 0.0326440706849, -0.0152893578634], [0.000390188244637, -0.000243739472353, 0.000233439772273, 0.000788194010966, 0.00109124393202, -0.0010894817533, -0.0022001832258, -0.000366218446288, -0.000112799389171, -0.00713738100603, 0.000265387294348, -0.0152893578634, 0.0361067503691]]
    },
    "spectral_contrast_coeffs": {
        "mean": [-0.592243254185, -0.766422986984, -0.817640662193, -0.816727638245, -0.798957943916, -0.765567243099],
        "var": [0.0156152592972, 0.00605266913772, 0.00249063619412, 0.00198541861027, 0.0024153215345, 0.00204106257297]
    },
    "spectral_contrast_valleys": {
        "mean": [-8.2439622879, -7.30722522736, -8.05552196503, -8.10463428497, -8.22255992889, -11.3086500168],
        "var": [4.20217895508, 1.85245609283, 1.62047374249, 1.86789727211, 2.15517735481, 4.42738389969]
    }
},
"metadata": {
    "audio_properties": {
        "analysis_sample_rate": 44100,
        "bit_rate": 108072,
        "equal_loudness": 0,
        "length": 45.0612258911,
        "lossless": 0,
        "replay_gain": -11.9332714081,
        "sample_rate": 44100,
        "codec": "mp3",
        "downmix": "mix",
        "md5_encoded": "ececa49ef1416d3d566f983e0e874f29"
    },
    "tags": {
        "file_name": "381.mp3"
    },
    "version": {
        "essentia": "2.1-beta2",
        "essentia_git_sha": "v2.1_beta2",
        "extractor": "music 1.0"
    }
},
"rhythm": {
    "beats_count": 112,
    "beats_loudness": {
        "mean": 0.0999122709036,
        "var": 0.00872036535293
    },
    "bpm": 151.247787476,
    "bpm_histogram_first_peak_bpm": {
        "mean": 152,
        "var": 0
    },
    "bpm_histogram_first_peak_spread": {
        "mean": 0.210000008345,
        "var": 0
    },
    "bpm_histogram_first_peak_weight": {
        "mean": 0.711711704731,
        "var": 0
    },
    "bpm_histogram_second_peak_bpm": {
        "mean": 144,
        "var": 0
    },
    "bpm_histogram_second_peak_spread": {
        "mean": 0,
        "var": 0
    },
    "bpm_histogram_second_peak_weight": {
        "mean": 0.0450450442731,
        "var": 0
    },
    "danceability": 1.13870155811,
    "onset_rate": 5.34586858749,
    "beats_loudness_band_ratio": {
        "mean": [0.576399803162, 0.18898023665, 0.0586847662926, 0.0509560629725, 0.103279337287, 0.0508387647569],
        "var": [0.148802772164, 0.053358219564, 0.00364744290709, 0.00528022414073, 0.0258424934, 0.0152875268832]
    },
    "beats_position": [0.417959183455, 0.859138309956, 1.30031740665, 1.74149656296, 2.15945577621, 2.55419492722, 2.94893407822, 3.35528349876, 3.76163268089, 4.15637159348, 4.55111122131, 4.94585037231, 5.34058952332, 5.73532867432, 6.13006782532, 6.53641700745, 6.94276618958, 7.33750534058, 7.73224496841, 8.12698364258, 8.52172279358, 8.91646194458, 9.31120204926, 9.71755123138, 10.1239004135, 10.5186395645, 10.9133787155, 11.3081178665, 11.7028570175, 12.0975961685, 12.4923353195, 12.8986845016, 13.3050336838, 13.6997728348, 14.0945119858, 14.4892511368, 14.8839902878, 15.2787294388, 15.6850786209, 16.0798187256, 16.4745578766, 16.8692970276, 17.2756462097, 17.6703853607, 18.0651245117, 18.4598636627, 18.8662128448, 19.2609519958, 19.6556911469, 20.0388202667, 20.45677948, 20.8399085999, 21.2346477509, 21.640996933, 22.035736084, 22.430475235, 22.825214386, 23.219953537, 23.6379127502, 24.0326519012, 24.4273910522, 24.8221302032, 25.2168693542, 25.6116104126, 26.0063495636, 26.4010887146, 26.8074378967, 27.1905670166, 27.5969161987, 28.0032653809, 28.3980045319, 28.7927436829, 29.1874828339, 29.5822219849, 29.9769611359, 30.3717002869, 30.7664394379, 31.1611785889, 31.567527771, 31.962266922, 32.3686180115, 32.7633552551, 33.1580963135, 33.5528335571, 33.9591827393, 34.3655319214, 34.7602729797, 35.1550102234, 35.5497512817, 35.9444885254, 36.3392295837, 36.7339668274, 37.1287078857, 37.5350570679, 37.94140625, 38.3361434937, 38.730884552, 39.1256217957, 39.520362854, 39.9151000977, 40.309841156, 40.7045783997, 41.1225395203, 41.5172767639, 41.9120178223, 42.3067550659, 42.7014961243, 43.0962333679, 43.4909744263, 43.8857116699, 44.3036727905, 44.6984100342]
},
"tonal": {
    "chords_changes_rate": 0.0679012313485,
    "chords_number_rate": 0.00720164598897,
    "chords_strength": {
        "mean": 0.462692081928,
        "var": 0.00857688579708
    },
    "hpcp_entropy": {
        "mean": 2.34853553772,
        "var": 0.683240354061
    },
    "key_strength": 0.686821579933,
    "tuning_diatonic_strength": 0.504502177238,
    "tuning_equal_tempered_deviation": 0.196056872606,
    "tuning_frequency": 434.193115234,
    "tuning_nontempered_energy_ratio": 0.833755373955,
    "hpcp": {
        "mean": [0.138560146093, 0.174180820584, 0.205444425344, 0.255867272615, 0.235709443688, 0.133504658937, 0.0793226882815, 0.0748001411557, 0.0724234655499, 0.0765712708235, 0.0915547311306, 0.107328951359, 0.135630711913, 0.136072009802, 0.0947994887829, 0.0842132419348, 0.102972380817, 0.188487380743, 0.390457838774, 0.35750117898, 0.151093170047, 0.0938602760434, 0.0925323963165, 0.152724266052, 0.229660004377, 0.170678064227, 0.0741499066353, 0.102891810238, 0.146825611591, 0.121800825, 0.102318570018, 0.0965577214956, 0.0837739482522, 0.087117806077, 0.0914949402213, 0.104566037655],
        "var": [0.0601434707642, 0.0796437039971, 0.0833583697677, 0.111687079072, 0.100974805653, 0.0410960428417, 0.0237277522683, 0.0252792630345, 0.0250700414181, 0.0229002311826, 0.0295136217028, 0.0366453230381, 0.0464368984103, 0.0528748370707, 0.0235285535455, 0.0245457757264, 0.0364613570273, 0.0597815066576, 0.166330322623, 0.143290176988, 0.0410732775927, 0.0310945156962, 0.0336528606713, 0.04604646191, 0.104946151376, 0.0655362904072, 0.0189411509782, 0.0326018258929, 0.0696197971702, 0.0384244099259, 0.0293553899974, 0.0327378436923, 0.0252993740141, 0.0279664620757, 0.0323234125972, 0.0368460975587]
    },
    "chords_histogram": [36.9341545105, 0, 29.3209877014, 4.83539104462, 0, 5.34979438782, 0, 18.2098770142, 0, 0, 0.617283940315, 2.26337456703, 1.54320991039, 0, 0, 0, 0, 0, 0, 0.514403283596, 0.308641970158, 0, 0, 0.102880656719],
    "thpcp": [1, 0.915594816208, 0.38696411252, 0.240385174751, 0.236984342337, 0.391141504049, 0.588181316853, 0.437122911215, 0.189905032516, 0.263515800238, 0.376034468412, 0.311943590641, 0.262047678232, 0.247293591499, 0.214553117752, 0.22311706841, 0.234327316284, 0.267803668976, 0.354865819216, 0.446093797684, 0.526162862778, 0.655300617218, 0.603674530983, 0.341918230057, 0.203153014183, 0.191570341587, 0.185483440757, 0.196106374264, 0.234480455518, 0.27487975359, 0.347363263369, 0.348493486643, 0.242790594697, 0.215678200126, 0.263722151518, 0.482734262943],
    "chords_key": "D#",
    "chords_scale": "minor",
    "key_key": "D#",
    "key_scale": "minor"
}
}