{
"lowlevel": {
    "average_loudness": 0.911519348621,
    "barkbands_crest": {
        "mean": 12.6574964523,
        "var": 19.2798042297
    },
    "barkbands_flatness_db": {
        "mean": 0.220838025212,
        "var": 0.00569795956835
    },
    "barkbands_kurtosis": {
        "mean": 12.4031887054,
        "var": 340.311828613
    },
    "barkbands_skewness": {
        "mean": 2.48665571213,
        "var": 2.40722846985
    },
    "barkbands_spread": {
        "mean": 11.2944440842,
        "var": 138.477020264
    },
    "dissonance": {
        "mean": 0.444656789303,
        "var": 0.00140816683415
    },
    "dynamic_complexity": 2.23078322411,
    "erbbands_crest": {
        "mean": 10.1268386841,
        "var": 20.8002815247
    },
    "erbbands_flatness_db": {
        "mean": 0.192414790392,
        "var": 0.00380649371073
    },
    "erbbands_kurtosis": {
        "mean": 1.26653134823,
        "var": 9.91695976257
    },
    "erbbands_skewness": {
        "mean": 0.814662754536,
        "var": 0.842028856277
    },
    "erbbands_spread": {
        "mean": 34.0367050171,
        "var": 384.388427734
    },
    "hfc": {
        "mean": 12.1962442398,
        "var": 258.535766602
    },
    "melbands_crest": {
        "mean": 17.6305961609,
        "var": 44.2012672424
    },
    "melbands_flatness_db": {
        "mean": 0.300634592772,
        "var": 0.00911342166364
    },
    "melbands_kurtosis": {
        "mean": 24.917142868,
        "var": 1528.85241699
    },
    "melbands_skewness": {
        "mean": 3.3579993248,
        "var": 3.72116994858
    },
    "melbands_spread": {
        "mean": 11.3591213226,
        "var": 243.616149902
    },
    "pitch_salience": {
        "mean": 0.501293301582,
        "var": 0.0148458695039
    },
    "silence_rate_20dB": {
        "mean": 1,
        "var": 0
    },
    "silence_rate_30dB": {
        "mean": 0.908389091492,
        "var": 0.0832181200385
    },
    "silence_rate_60dB": {
        "mean": 0.00926402490586,
        "var": 0.00917821098119
    },
    "spectral_centroid": {
        "mean": 769.922180176,
        "var": 543675.875
    },
    "spectral_complexity": {
        "mean": 12.8795681,
        "var": 99.1013336182
    },
    "spectral_decrease": {
        "mean": -1.0217772406e-008,
        "var": 1.24914608944e-016
    },
    "spectral_energy": {
        "mean": 0.0396704338491,
        "var": 0.00183589244261
    },
    "spectral_energyband_high": {
        "mean": 0.000465367309516,
        "var": 1.38813732065e-006
    },
    "spectral_energyband_low": {
        "mean": 0.0244627650827,
        "var": 0.00146363361273
    },
    "spectral_energyband_middle_high": {
        "mean": 0.0021431481,
        "var": 1.01735058706e-005
    },
    "spectral_energyband_middle_low": {
        "mean": 0.0144361145794,
        "var": 0.000262284331257
    },
    "spectral_entropy": {
        "mean": 6.98996591568,
        "var": 0.420230358839
    },
    "spectral_flux": {
        "mean": 0.0894094631076,
        "var": 0.00498426519334
    },
    "spectral_kurtosis": {
        "mean": 10.6183624268,
        "var": 114.428833008
    },
    "spectral_rms": {
        "mean": 0.00553474435583,
        "var": 8.06947537058e-006
    },
    "spectral_rolloff": {
        "mean": 690.766784668,
        "var": 1233164.75
    },
    "spectral_skewness": {
        "mean": 2.19120430946,
        "var": 1.15872097015
    },
    "spectral_spread": {
        "mean": 3686610.25,
        "var": 5.01715986022e+012
    },
    "spectral_strongpeak": {
        "mean": 0.627204716206,
        "var": 0.274535596371
    },
    "zerocrossingrate": {
        "mean": 0.0320144630969,
        "var": 0.00100763479713
    },
    "barkbands": {
        "mean": [0.00296887359582, 0.0150085212663, 0.00468157418072, 0.00387907912955, 0.00375246815383, 0.00505301402882, 0.000851978373248, 0.000417259318056, 0.000430548010627, 0.000579587533139, 0.000139273630339, 0.000341149687301, 0.000116218980111, 8.99068327271e-005, 0.000156555775902, 0.00015067953791, 0.000137139795697, 0.000160231924383, 0.000204931871849, 0.00016805427731, 0.000137070324854, 9.06195127754e-005, 5.51604607608e-005, 4.03110607294e-005, 4.57395981357e-005, 1.33934145197e-005, 1.14863075851e-006],
        "var": [2.73036894214e-005, 0.000806593918242, 0.000128486557514, 6.39622012386e-005, 4.19290154241e-005, 3.99263954023e-005, 2.24470909416e-006, 4.34259789017e-007, 4.02801873634e-007, 1.53593282448e-006, 1.14619922442e-007, 2.774430925e-007, 3.34126681878e-008, 3.43104424871e-008, 1.26226112229e-007, 1.48782149267e-007, 1.14759899361e-007, 2.77266167359e-007, 3.68519238236e-007, 1.96796676732e-007, 1.27709654407e-007, 6.39239488009e-008, 3.15058095168e-008, 1.46307490567e-008, 2.70875517572e-008, 1.7023106258e-009, 2.17664827135e-011]
    },
    "erbbands": {
        "mean": [0.782150566578, 1.98736143112, 4.39869403839, 10.9424629211, 14.2265148163, 9.29377555847, 28.6996326447, 40.2351875305, 15.6487569809, 9.69985389709, 8.9218082428, 11.6137428284, 7.61475467682, 20.1059494019, 9.76347827911, 13.5089902878, 5.82845020294, 4.86566877365, 7.1631731987, 8.1930770874, 8.07943534851, 7.78441286087, 9.25059509277, 9.25652122498, 10.4978713989, 7.88410758972, 6.45726251602, 4.67409515381, 3.40146875381, 2.42707896233, 1.36346065998, 0.790459811687, 0.725173711777, 0.56746584177, 0.290108263493, 0.0667064934969, 0.023607024923, 0.00512896385044, 0.00014348802506, 4.81934803247e-005],
        "var": [2.60530257225, 13.5162496567, 96.4498901367, 449.187561035, 1041.36755371, 196.64944458, 1012.57495117, 2866.58984375, 440.692138672, 377.376861572, 145.64541626, 237.249694824, 173.38835144, 2063.31982422, 307.612091064, 427.02255249, 81.2813110352, 75.124786377, 216.799224854, 491.73815918, 448.436248779, 413.45098877, 936.147827148, 646.926940918, 926.273071289, 448.348022461, 306.449584961, 138.087081909, 95.9662246704, 65.1534957886, 15.7783737183, 4.92204284668, 5.61431646347, 4.41154956818, 1.02553081512, 0.0416042655706, 0.00620754715055, 0.000365475745639, 2.46098835532e-007, 2.83203194229e-009]
    },
    "gfcc": {
        "mean": [-55.4585533142, 139.963165283, -105.559783936, 31.9649219513, -57.0799674988, 1.68557405472, -34.0776519775, -3.07215380669, -22.8624095917, -4.4914317131, -6.66468477249, -2.44009160995, -0.701568722725],
        "cov": [[7126.71191406, -2357.0534668, 407.516296387, 1030.88903809, -345.811309814, 582.801025391, -185.97756958, 573.711303711, -336.717681885, 405.00177002, -340.050140381, 279.097930908, -225.613739014], [-2357.0534668, 2496.11328125, -232.949890137, -634.591430664, 518.092712402, -278.412353516, 266.917541504, -345.12713623, 320.897857666, -328.179016113, 243.057739258, -246.004898071, 145.440612793], [407.516296387, -232.949890137, 1330.02502441, 5.65637302399, 348.378936768, 439.814849854, 169.626663208, 379.67074585, -11.8083219528, 330.762268066, -49.0559921265, 178.400253296, -115.748672485], [1030.88903809, -634.591430664, 5.65637302399, 590.492492676, -44.0901679993, 89.2090148926, 50.3733787537, 145.407272339, 33.2435760498, 103.14201355, 54.980266571, 50.6778640747, 38.1284751892], [-345.811309814, 518.092712402, 348.378936768, -44.0901679993, 465.106201172, 122.94228363, 181.045211792, 119.864837646, 123.317253113, 62.7424736023, 70.9319839478, 27.4506931305, 0.931605875492], [582.801025391, -278.412353516, 439.814849854, 89.2090148926, 122.94228363, 316.968048096, 74.3441009521, 215.293426514, -9.42083454132, 152.740966797, -32.3643379211, 81.4776077271, -35.5773544312], [-185.97756958, 266.917541504, 169.626663208, 50.3733787537, 181.045211792, 74.3441009521, 205.612854004, 80.4535598755, 93.3337249756, 23.4298210144, 65.5726699829, 29.5263690948, 41.0942573547], [573.711303711, -345.12713623, 379.67074585, 145.407272339, 119.864837646, 215.293426514, 80.4535598755, 293.65045166, 2.65988302231, 155.530288696, -14.2846393585, 111.005111694, -21.0119876862], [-336.717681885, 320.897857666, -11.8083219528, 33.2435760498, 123.317253113, -9.42083454132, 93.3337249756, 2.65988302231, 149.140106201, -1.17856740952, 79.3698654175, -23.8998756409, 53.2452697754], [405.00177002, -328.179016113, 330.762268066, 103.14201355, 62.7424736023, 152.740966797, 23.4298210144, 155.530288696, -1.17856740952, 197.397033691, 1.80961608887, 90.7472686768, -20.1700172424], [-340.050140381, 243.057739258, -49.0559921265, 54.980266571, 70.9319839478, -32.3643379211, 65.5726699829, -14.2846393585, 79.3698654175, 1.80961608887, 147.296340942, 22.7874279022, 82.0744934082], [279.097930908, -246.004898071, 178.400253296, 50.6778640747, 27.4506931305, 81.4776077271, 29.5263690948, 111.005111694, -23.8998756409, 90.7472686768, 22.7874279022, 162.513687134, 22.4684810638], [-225.613739014, 145.440612793, -115.748672485, 38.1284751892, 0.931605875492, -35.5773544312, 41.0942573547, -21.0119876862, 53.2452697754, -20.1700172424, 82.0744934082, 22.4684810638, 132.587524414]],
        "icov": [[0.000377746124286, -0.000478674337501, 0.000255994033068, -0.00103906844743, 0.000348554371158, -0.000563424488064, 0.000457420479506, -0.000291849835776, 0.0006152439164, -0.000540948472917, 0.0011728174286, -0.000822176516522, 0.000432452390669], [-0.000478674337501, 0.00402650563046, -0.000844984315336, 0.00428805174306, -0.00286038289778, 0.00131430895999, -0.00238033826463, 0.0016757985577, -0.00298883020878, 0.00369692104869, -0.00481913611293, 0.00403535272926, -0.00176406663377], [0.000255994033068, -0.000844984315336, 0.00258693611249, -0.000544837792404, -9.14879128686e-005, -0.00171463866718, -0.000582939246669, -0.000748663500417, 0.00148160243407, -0.00319527951069, 0.00144101958722, -0.00132169760764, 0.00163103546947], [-0.00103906844743, 0.00428805174306, -0.000544837792404, 0.00797553732991, -0.00214475393295, 0.00177631643601, -0.00356339337304, 0.000383351434721, -0.00377894425765, 0.00276123569347, -0.00727620674297, 0.00545213278383, -0.00206629326567], [0.000348554371158, -0.00286038289778, -9.14879128686e-005, -0.00214475393295, 0.00677007110789, -0.00133163121063, -0.000326640030835, -0.00216882978566, -0.000403073208872, -0.00209672725759, 0.00175268133171, -0.00261881412007, 0.00282206642441], [-0.000563424488064, 0.00131430895999, -0.00171463866718, 0.00177631643601, -0.00133163121063, 0.00932479184121, -0.00209431676194, -0.00254028267227, -0.00022334534151, -0.000611304829363, -0.000662719015963, 0.00258486554958, -0.00168122339528], [0.000457420479506, -0.00238033826463, -0.000582939246669, -0.00356339337304, -0.000326640030835, -0.00209431676194, 0.0124502936378, -0.00228200340644, -0.00223392643966, 0.00162384903524, 0.00199996260926, -0.00370437721722, -0.000341024016961], [-0.000291849835776, 0.0016757985577, -0.000748663500417, 0.000383351434721, -0.00216882978566, -0.00254028267227, -0.00228200340644, 0.0110351433977, -0.00171976757701, -0.000687523162924, 0.000264136091573, -0.00156285893172, -0.000621612591203], [0.0006152439164, -0.00298883020878, 0.00148160243407, -0.00377894425765, -0.000403073208872, -0.00022334534151, -0.00223392643966, -0.00171976757701, 0.017833776772, -0.00560569902882, 0.000177635767614, 0.00164419878274, -0.00133477372583], [-0.000540948472917, 0.00369692104869, -0.00319527951069, 0.00276123569347, -0.00209672725759, -0.000611304829363, 0.00162384903524, -0.000687523162924, -0.00560569902882, 0.0175225418061, -0.00629024207592, 0.000359060621122, -0.000571120821405], [0.0011728174286, -0.00481913611293, 0.00144101958722, -0.00727620674297, 0.00175268133171, -0.000662719015963, 0.00199996260926, 0.000264136091573, 0.000177635767614, -0.00629024207592, 0.0218947101384, -0.00820101983845, -0.00332749448717], [-0.000822176516522, 0.00403535272926, -0.00132169760764, 0.00545213278383, -0.00261881412007, 0.00258486554958, -0.00370437721722, -0.00156285893172, 0.00164419878274, 0.000359060621122, -0.00820101983845, 0.0162234883755, -0.00521314982325], [0.000432452390669, -0.00176406663377, 0.00163103546947, -0.00206629326567, 0.00282206642441, -0.00168122339528, -0.000341024016961, -0.000621612591203, -0.00133477372583, -0.000571120821405, -0.00332749448717, -0.00521314982325, 0.015159827657]]
    },
    "melbands": {
        "mean": [0.00534037780017, 0.00238426751457, 0.0020314338617, 0.000816838641185, 0.000904437503777, 0.000911229057238, 0.000214459651033, 9.90171320154e-005, 7.69394828239e-005, 6.49860594422e-005, 3.79739358323e-005, 8.73084209161e-005, 2.40133631451e-005, 4.52854692412e-005, 1.7841161025e-005, 1.03853490145e-005, 8.76292597241e-006, 1.06998340925e-005, 1.08945778265e-005, 1.083999814e-005, 9.08225865714e-006, 7.3702399277e-006, 9.01889870875e-006, 7.67163055571e-006, 7.40597261029e-006, 7.69796042732e-006, 6.80582161294e-006, 4.83224675918e-006, 4.24892778028e-006, 3.23393646795e-006, 2.57254305325e-006, 1.97919780476e-006, 1.55561383508e-006, 1.2867769783e-006, 8.50853950851e-007, 5.04031334003e-007, 4.75955800994e-007, 4.93486936648e-007, 5.08579375946e-007, 4.81049482914e-007],
        "var": [0.000108267464384, 2.14280753426e-005, 1.50488413055e-005, 2.53284338214e-006, 9.40745792377e-007, 1.4151095229e-006, 1.0649671367e-007, 3.76080571129e-008, 9.14780695638e-009, 8.90452600544e-009, 4.80252193569e-009, 4.02532478461e-008, 2.42102271564e-009, 4.67690952632e-009, 7.4984890519e-010, 2.4865348669e-010, 2.79914730283e-010, 4.9260856505e-010, 7.49598771943e-010, 6.8828970301e-010, 6.51613929481e-010, 3.1100300113e-010, 9.04236130417e-010, 6.45073161554e-010, 4.27470420172e-010, 5.47873413304e-010, 3.33074706704e-010, 1.78941875206e-010, 1.40486247635e-010, 7.0587043155e-011, 4.44951263334e-011, 3.19599693932e-011, 2.24677741689e-011, 2.13024008155e-011, 6.36151591474e-012, 1.79900408806e-012, 2.1429769851e-012, 2.59018804669e-012, 3.41578566647e-012, 3.45946903936e-012]
    },
    "mfcc": {
        "mean": [-698.887939453, 162.642990112, 10.0724945068, 30.6833057404, 0.88570523262, 3.61305379868, -0.756541907787, -2.46163582802, -5.11343097687, -6.34192466736, -5.6989197731, -3.1450958252, 0.152685627341],
        "cov": [[5242.46240234, -2646.81640625, 339.225952148, 520.594116211, -15.3952178955, 117.879005432, 132.270706177, 132.620635986, 161.157348633, 94.0746459961, -5.84504270554, 48.956199646, 48.0520477295], [-2646.81640625, 2691.95678711, -227.445068359, -314.579406738, 213.81892395, 62.3210639954, 25.494890213, 67.3794708252, 7.73425197601, -9.53161144257, 99.0563735962, 16.8083839417, -36.1131095886], [339.225952148, -227.445068359, 727.158081055, 43.42137146, 157.109863281, 150.889526367, 209.073760986, 112.196128845, 131.026321411, 134.094268799, 135.718948364, 103.406196594, 51.3199958801], [520.594116211, -314.579406738, 43.42137146, 362.82522583, 62.5750389099, 62.2564811707, 83.3717422485, 74.9533691406, 52.6734199524, 69.2539596558, 63.3542480469, 81.8416748047, 49.3002166748], [-15.3952178955, 213.81892395, 157.109863281, 62.5750389099, 271.735717773, 102.616043091, 135.697998047, 106.914703369, 81.8264160156, 96.8773803711, 125.762260437, 90.3568191528, 26.5784454346], [117.879005432, 62.3210639954, 150.889526367, 62.2564811707, 102.616043091, 165.269882202, 99.6407546997, 67.3101043701, 65.0747451782, 75.6135101318, 79.5274963379, 60.4533805847, 33.5688858032], [132.270706177, 25.494890213, 209.073760986, 83.3717422485, 135.697998047, 99.6407546997, 199.714279175, 123.980728149, 99.5533599854, 76.8072052002, 96.3112869263, 87.5463409424, 50.7153434753], [132.620635986, 67.3794708252, 112.196128845, 74.9533691406, 106.914703369, 67.3101043701, 123.980728149, 181.525817871, 101.463020325, 57.2057342529, 80.4989547729, 70.8624801636, 39.0322227478], [161.157348633, 7.73425197601, 131.026321411, 52.6734199524, 81.8264160156, 65.0747451782, 99.5533599854, 101.463020325, 147.846740723, 77.1535873413, 64.8050842285, 42.7845840454, 43.0703811646], [94.0746459961, -9.53161144257, 134.094268799, 69.2539596558, 96.8773803711, 75.6135101318, 76.8072052002, 57.2057342529, 77.1535873413, 146.2684021, 84.0847091675, 45.830291748, 17.4046554565], [-5.84504270554, 99.0563735962, 135.718948364, 63.3542480469, 125.762260437, 79.5274963379, 96.3112869263, 80.4989547729, 64.8050842285, 84.0847091675, 155.86100769, 81.7680740356, 18.9039478302], [48.956199646, 16.8083839417, 103.406196594, 81.8416748047, 90.3568191528, 60.4533805847, 87.5463409424, 70.8624801636, 42.7845840454, 45.830291748, 81.7680740356, 120.843818665, 44.2070465088], [48.0520477295, -36.1131095886, 51.3199958801, 49.3002166748, 26.5784454346, 33.5688858032, 50.7153434753, 39.0322227478, 43.0703811646, 17.4046554565, 18.9039478302, 44.2070465088, 81.6499328613]],
        "icov": [[0.00046329270117, 0.000468324375106, 5.05050702486e-005, -0.00021492948872, -0.000209243924473, -0.000438667600974, 6.71680973028e-005, -0.000282087712549, -0.00041237991536, 0.00025388575159, 0.00018562511832, 0.000106460225652, 0.000436900329078], [0.000468324375106, 0.00101351120975, 0.000418233859818, 0.000413379573729, -0.000686510989908, -0.000740063667763, 2.83902299998e-005, -0.000468088313937, -0.000381448218832, 0.000401622877689, -0.000162659707712, 7.66828597989e-005, 0.000505791627802], [5.05050702486e-005, 0.000418233859818, 0.00247581931762, 0.000869459938258, -8.54672834976e-005, -0.000877577520441, -0.00192785903346, 0.000483907817397, -0.000546392751858, -0.000645571388304, -0.000526799529325, -0.000457585032564, 0.000224428091315], [-0.00021492948872, 0.000413379573729, 0.000869459938258, 0.00444128410891, 3.99043310608e-005, -0.000407569285017, -0.000667736807372, -0.000586224370636, 0.000564726185985, -0.00137063814327, -0.000388715066947, -0.00176034809556, -0.0010318804998], [-0.000209243924473, -0.000686510989908, -8.54672834976e-005, 3.99043310608e-005, 0.00789568573236, -0.000610701099504, -0.00228635314852, -0.000578545907047, 0.000320409191772, -0.00178622885142, -0.00232272036374, -0.00153614103328, 0.000807930307928], [-0.000438667600974, -0.000740063667763, -0.000877577520441, -0.000407569285017, -0.000610701099504, 0.0109934872016, -0.00199246197008, 0.000636587152258, 0.000241555084358, -0.0023181384895, -0.00128108309582, -0.000342406448908, -0.00181049015373], [6.71680973028e-005, 2.83902299998e-005, -0.00192785903346, -0.000667736807372, -0.00228635314852, -0.00199246197008, 0.0147625813261, -0.00434023328125, -0.00201803515665, 0.000619374972302, -0.00029848923441, -0.00201393431053, -0.00185135204811], [-0.000282087712549, -0.000468088313937, 0.000483907817397, -0.000586224370636, -0.000578545907047, 0.000636587152258, -0.00434023328125, 0.01268151775, -0.00545248016715, 0.00146736123133, -0.00112304848153, -0.00206935708411, 0.000512740341946], [-0.00041237991536, -0.000381448218832, -0.000546392751858, 0.000564726185985, 0.000320409191772, 0.000241555084358, -0.00201803515665, -0.00545248016715, 0.0158497001976, -0.00495031569153, -0.000912148214411, 0.00338786491193, -0.00519578112289], [0.00025388575159, 0.000401622877689, -0.000645571388304, -0.00137063814327, -0.00178622885142, -0.0023181384895, 0.000619374972302, 0.00146736123133, -0.00495031569153, 0.0136228092015, -0.00361805618741, 0.000894632190466, 0.00177063362207], [0.00018562511832, -0.000162659707712, -0.000526799529325, -0.000388715066947, -0.00232272036374, -0.00128108309582, -0.00029848923441, -0.00112304848153, -0.000912148214411, -0.00361805618741, 0.015600274317, -0.00618239911273, 0.00337751139887], [0.000106460225652, 7.66828597989e-005, -0.000457585032564, -0.00176034809556, -0.00153614103328, -0.000342406448908, -0.00201393431053, -0.00206935708411, 0.00338786491193, 0.000894632190466, -0.00618239911273, 0.0188349280506, -0.00654132012278], [0.000436900329078, 0.000505791627802, 0.000224428091315, -0.0010318804998, 0.000807930307928, -0.00181049015373, -0.00185135204811, 0.000512740341946, -0.00519578112289, 0.00177063362207, 0.00337751139887, -0.00654132012278, 0.0192051399499]]
    },
    "spectral_contrast_coeffs": {
        "mean": [-0.611641943455, -0.676159262657, -0.761025846004, -0.802401006222, -0.806301116943, -0.748748898506],
        "var": [0.0148072866723, 0.00549367815256, 0.00363864703104, 0.00183439836837, 0.00162883673329, 0.00256189075299]
    },
    "spectral_contrast_valleys": {
        "mean": [-7.37111139297, -6.82262849808, -7.65365171432, -8.28289890289, -8.32291221619, -11.4260416031],
        "var": [2.47840237617, 0.954475998878, 0.912360846996, 1.06111061573, 1.85964012146, 2.46879458427]
    }
},
"metadata": {
    "audio_properties": {
        "analysis_sample_rate": 44100,
        "bit_rate": 110633,
        "equal_loudness": 0,
        "length": 45.0873451233,
        "lossless": 0,
        "replay_gain": -12.842458725,
        "sample_rate": 44100,
        "codec": "mp3",
        "downmix": "mix",
        "md5_encoded": "94090598701f4bf72838d265cc3c93b0"
    },
    "tags": {
        "file_name": "386.mp3"
    },
    "version": {
        "essentia": "2.1-beta2",
        "essentia_git_sha": "v2.1_beta2",
        "extractor": "music 1.0"
    }
},
"rhythm": {
    "beats_count": 123,
    "beats_loudness": {
        "mean": 0.0652418658137,
        "var": 0.0032102172263
    },
    "bpm": 164.039291382,
    "bpm_histogram_first_peak_bpm": {
        "mean": 161,
        "var": 0
    },
    "bpm_histogram_first_peak_spread": {
        "mean": 0,
        "var": 0
    },
    "bpm_histogram_first_peak_weight": {
        "mean": 0.50819671154,
        "var": 0
    },
    "bpm_histogram_second_peak_bpm": {
        "mean": 167,
        "var": 0
    },
    "bpm_histogram_second_peak_spread": {
        "mean": 0,
        "var": 0
    },
    "bpm_histogram_second_peak_weight": {
        "mean": 0.483606547117,
        "var": 0
    },
    "danceability": 1.36937332153,
    "onset_rate": 4.63365697861,
    "beats_loudness_band_ratio": {
        "mean": [0.590118944645, 0.245331838727, 0.0654155686498, 0.0372535400093, 0.0406567007303, 0.0723091736436],
        "var": [0.094823025167, 0.0513037852943, 0.00528826890513, 0.0019852865953, 0.00304470234551, 0.0128417415544]
    },
    "beats_position": [0.31346938014, 0.66176867485, 1.02167797089, 1.38158726692, 1.74149656296, 2.11301589012, 2.48453521729, 2.8444442749, 3.20435357094, 3.56426286697, 3.92417216301, 4.29569149017, 4.66721057892, 5.0387301445, 5.39863920212, 5.75854873657, 6.13006782532, 6.5015873909, 6.86149644852, 7.22140598297, 7.59292507172, 7.96444416046, 8.32435321808, 8.68426322937, 9.05578231812, 9.42730140686, 9.78721046448, 10.1471195221, 10.5070295334, 10.866938591, 11.2384576797, 11.6099767685, 11.9814968109, 12.3530158997, 12.7129249573, 13.084444046, 13.4443531036, 13.8158731461, 14.1757822037, 14.5356912613, 14.90721035, 15.2787294388, 15.6386394501, 15.9985485077, 16.3700675964, 16.7299766541, 17.0898857117, 17.4497947693, 17.8213157654, 18.1928348541, 18.5527439117, 18.9242630005, 19.2957820892, 19.667301178, 20.0272102356, 20.3871192932, 20.758638382, 21.1301574707, 21.4900684357, 21.8499774933, 22.221496582, 22.5930156708, 22.9645347595, 23.3360538483, 23.707572937, 24.0674819946, 24.4273910522, 24.7989120483, 25.158821106, 25.5187301636, 25.8786392212, 26.2501583099, 26.6216773987, 26.9931964874, 27.353105545, 27.7130146027, 28.0729255676, 28.4444446564, 28.8159637451, 29.1874828339, 29.5590019226, 29.9189109802, 30.2788200378, 30.6503391266, 31.0102481842, 31.3701572418, 31.7416782379, 32.1131973267, 32.4847145081, 32.8446235657, 33.204536438, 33.5760536194, 33.9475746155, 34.3074836731, 34.6673927307, 35.0389099121, 35.4104309082, 35.7703399658, 36.1302490234, 36.5017662048, 36.8732872009, 37.2331962585, 37.5931053162, 37.9646263123, 38.3361434937, 38.6960525513, 39.0559616089, 39.4158706665, 39.7757797241, 40.1473007202, 40.5188217163, 40.8903388977, 41.2618598938, 41.6217689514, 41.981678009, 42.3531951904, 42.713104248, 43.0846252441, 43.4445343018, 43.8160552979, 44.1875724792, 44.5590934753, 44.9306106567]
},
"tonal": {
    "chords_changes_rate": 0.0627572014928,
    "chords_number_rate": 0.00514403311536,
    "chords_strength": {
        "mean": 0.465548455715,
        "var": 0.00379307777621
    },
    "hpcp_entropy": {
        "mean": 1.73493134975,
        "var": 0.686841964722
    },
    "key_strength": 0.633396446705,
    "tuning_diatonic_strength": 0.498315423727,
    "tuning_equal_tempered_deviation": 0.223372042179,
    "tuning_frequency": 434.193115234,
    "tuning_nontempered_energy_ratio": 0.929061830044,
    "hpcp": {
        "mean": [0.109668456018, 0.143522903323, 0.0742488652468, 0.0281210653484, 0.0288628917187, 0.0332550294697, 0.0424852892756, 0.0501434057951, 0.0588571019471, 0.11506062001, 0.136303380132, 0.0833935439587, 0.0552845858037, 0.0492148287594, 0.0728322789073, 0.172852650285, 0.197400450706, 0.101947888732, 0.0448319911957, 0.0377138443291, 0.0625553578138, 0.255021244287, 0.410607814789, 0.387927919626, 0.365122407675, 0.197746142745, 0.0429756939411, 0.0539686530828, 0.055976614356, 0.0748910307884, 0.184950724244, 0.190730586648, 0.0803332403302, 0.0400844328105, 0.0352402627468, 0.0429418571293],
        "var": [0.0373319685459, 0.0602503530681, 0.0173619482666, 0.00581685220823, 0.00910764746368, 0.0132103916258, 0.0159191675484, 0.0193045660853, 0.0214612446725, 0.0543081499636, 0.0758173763752, 0.0307107549161, 0.0165593046695, 0.0122739914805, 0.0194736551493, 0.060507774353, 0.0804302021861, 0.0346300601959, 0.0135044939816, 0.0126917213202, 0.0180567651987, 0.0752660855651, 0.168420419097, 0.0792180523276, 0.178606450558, 0.0564015246928, 0.0142128448933, 0.0219182819128, 0.0233630891889, 0.0205568820238, 0.0864927917719, 0.088391058147, 0.0222938526422, 0.0117643559352, 0.0112041877583, 0.0172066837549]
    },
    "chords_histogram": [8.74485588074, 18.5185184479, 10.8024692535, 0.925925910473, 0, 0, 0.925925910473, 0, 27.5720157623, 0.823045253754, 0, 0, 0, 0, 0, 0, 0, 0, 0, 0, 0, 0, 0.925925910473, 30.7613162994],
    "thpcp": [1, 0.944765090942, 0.889224231243, 0.481593728065, 0.104663603008, 0.131436005235, 0.136326223612, 0.182390660048, 0.450431585312, 0.464507937431, 0.195644691586, 0.0976221859455, 0.0858246311545, 0.104581199586, 0.267088085413, 0.349537670612, 0.180826723576, 0.0684864372015, 0.0702930912375, 0.0809897631407, 0.103469267488, 0.122119948268, 0.14334140718, 0.280220240355, 0.331955164671, 0.203097805381, 0.134640857577, 0.11985848099, 0.177376747131, 0.420967757702, 0.480751812458, 0.24828530848, 0.109184458852, 0.0918488204479, 0.152348190546, 0.621082305908],
    "chords_key": "D",
    "chords_scale": "minor",
    "key_key": "F",
    "key_scale": "major"
}
}