{
"lowlevel": {
    "average_loudness": 0.829891085625,
    "barkbands_crest": {
        "mean": 15.876086235,
        "var": 27.3903694153
    },
    "barkbands_flatness_db": {
        "mean": 0.344670951366,
        "var": 0.0210609938949
    },
    "barkbands_kurtosis": {
        "mean": 39.3893432617,
        "var": 4928.25830078
    },
    "barkbands_skewness": {
        "mean": 3.7003724575,
        "var": 14.387550354
    },
    "barkbands_spread": {
        "mean": 8.02319812775,
        "var": 189.034088135
    },
    "dissonance": {
        "mean": 0.429487377405,
        "var": 0.00704067898914
    },
    "dynamic_complexity": 3.9116101265,
    "erbbands_crest": {
        "mean": 10.6557512283,
        "var": 22.5881576538
    },
    "erbbands_flatness_db": {
        "mean": 0.261177033186,
        "var": 0.0233009848744
    },
    "erbbands_kurtosis": {
        "mean": 4.06225252151,
        "var": 56.6363372803
    },
    "erbbands_skewness": {
        "mean": 1.12642192841,
        "var": 1.71527898312
    },
    "erbbands_spread": {
        "mean": 40.4051856995,
        "var": 1610.74389648
    },
    "hfc": {
        "mean": 14.9087944031,
        "var": 1353.72375488
    },
    "melbands_crest": {
        "mean": 18.9742870331,
        "var": 33.7169113159
    },
    "melbands_flatness_db": {
        "mean": 0.441722780466,
        "var": 0.0332841649652
    },
    "melbands_kurtosis": {
        "mean": 85.1382980347,
        "var": 15711.8554688
    },
    "melbands_skewness": {
        "mean": 5.08616495132,
        "var": 22.2303466797
    },
    "melbands_spread": {
        "mean": 5.83651351929,
        "var": 110.956665039
    },
    "pitch_salience": {
        "mean": 0.482551813126,
        "var": 0.0336024798453
    },
    "silence_rate_20dB": {
        "mean": 1,
        "var": 0
    },
    "silence_rate_30dB": {
        "mean": 0.922799766064,
        "var": 0.0712402462959
    },
    "silence_rate_60dB": {
        "mean": 0.215645909309,
        "var": 0.169146060944
    },
    "spectral_centroid": {
        "mean": 624.953735352,
        "var": 485225.3125
    },
    "spectral_complexity": {
        "mean": 8.43180656433,
        "var": 81.4609909058
    },
    "spectral_decrease": {
        "mean": -9.59984358673e-009,
        "var": 9.25382436084e-017
    },
    "spectral_energy": {
        "mean": 0.0375843010843,
        "var": 0.00145743030589
    },
    "spectral_energyband_high": {
        "mean": 0.00111042847857,
        "var": 1.15859247671e-005
    },
    "spectral_energyband_low": {
        "mean": 0.0298461019993,
        "var": 0.00107793498319
    },
    "spectral_energyband_middle_high": {
        "mean": 0.00128475087695,
        "var": 1.74114939e-005
    },
    "spectral_energyband_middle_low": {
        "mean": 0.00652041938156,
        "var": 0.000123544567032
    },
    "spectral_entropy": {
        "mean": 6.50747394562,
        "var": 1.79732191563
    },
    "spectral_flux": {
        "mean": 0.074046947062,
        "var": 0.00570976035669
    },
    "spectral_kurtosis": {
        "mean": 109.052444458,
        "var": 54719.1953125
    },
    "spectral_rms": {
        "mean": 0.00510917510837,
        "var": 1.05639428511e-005
    },
    "spectral_rolloff": {
        "mean": 533.301147461,
        "var": 1515109.5
    },
    "spectral_skewness": {
        "mean": 5.63697528839,
        "var": 48.9145202637
    },
    "spectral_spread": {
        "mean": 4051705,
        "var": 1.06480019702e+013
    },
    "spectral_strongpeak": {
        "mean": 0.455081433058,
        "var": 0.086874730885
    },
    "zerocrossingrate": {
        "mean": 0.0263307485729,
        "var": 0.000950302812271
    },
    "barkbands": {
        "mean": [0.000682179408614, 0.0214455667883, 0.00655923457816, 0.00214081164449, 0.00304003222845, 0.000599064223934, 0.00035001829383, 0.000169021135662, 0.000194012216525, 8.83238899405e-005, 0.000123293051729, 0.000122911776998, 0.000111755041871, 9.52857371885e-005, 0.000166939280462, 0.000147418919369, 0.000190380276763, 0.000105236256786, 9.50556132011e-005, 0.000108489148261, 0.00017098103126, 0.000190850696526, 0.000181135168532, 0.000183896685485, 0.000263722613454, 5.87147915212e-005, 7.22711934742e-009],
        "var": [1.21364735151e-006, 0.000612945586909, 0.00014942852431, 4.01540564781e-005, 2.01963630388e-005, 1.52080394855e-006, 5.68035432025e-007, 1.85954291965e-007, 3.42077925097e-007, 4.36618243782e-008, 1.34920455253e-007, 1.55967654791e-007, 8.12560756458e-008, 6.48170583872e-008, 2.87841743329e-007, 3.22797575336e-007, 8.5280686335e-007, 2.37359714106e-007, 1.49389379089e-007, 1.49407398453e-007, 3.70256884707e-007, 3.81113835601e-007, 2.67627740413e-007, 2.81385979406e-007, 7.69863220285e-007, 4.59173499223e-008, 1.49070700581e-014]
    },
    "erbbands": {
        "mean": [0.70863288641, 4.41828584671, 7.98006153107, 7.58569908142, 9.52952384949, 9.67185020447, 6.4992518425, 4.64213991165, 6.07980585098, 2.68607163429, 4.60205936432, 3.85274767876, 3.2191119194, 2.78332996368, 5.77214288712, 4.97028493881, 4.6960644722, 4.7706079483, 9.01791191101, 6.79134273529, 8.73860740662, 9.82661056519, 7.5040602684, 4.14800786972, 4.93841743469, 5.50758934021, 6.19302654266, 7.14812040329, 7.07730960846, 5.64250802994, 4.86730098724, 3.80387854576, 3.05964422226, 2.82058358192, 1.97096478939, 0.554540276527, 0.0543498620391, 0.00160567008425, 9.04304397409e-005, 5.17123989994e-005],
        "var": [0.629377067089, 34.4444160461, 168.091003418, 403.544830322, 300.185852051, 194.898254395, 112.403388977, 102.305480957, 172.23298645, 35.1568336487, 144.56300354, 123.369033813, 64.3858566284, 40.9635925293, 308.041229248, 278.815490723, 134.288467407, 163.326477051, 937.161376953, 365.918304443, 1317.79052734, 2253.90698242, 1381.67431641, 272.639099121, 346.325164795, 426.052856445, 499.323028564, 624.581848145, 577.797973633, 250.575363159, 181.194015503, 116.089424133, 81.3222808838, 86.3333129883, 47.2105255127, 3.3335249424, 0.0380479544401, 3.26672452502e-005, 6.09204775515e-008, 4.25798551973e-009]
    },
    "gfcc": {
        "mean": [-165.092468262, 152.152160645, -64.4876174927, 29.5699100494, -47.0422821045, 8.33279323578, -38.2925376892, -11.8931951523, -18.8683815002, -10.1049194336, -11.9631986618, -10.069357872, -1.91210973263],
        "cov": [[29865.7597656, -12418.3730469, -4926.42626953, 7093.19042969, 1030.25915527, 5704.87890625, -938.424072266, 2447.27880859, -687.110961914, 1882.70153809, -145.551712036, 1140.48583984, -13.198515892], [-12418.3730469, 6771.91748047, 1457.36157227, -3756.32714844, -308.574676514, -3055.76489258, 419.054199219, -1292.70703125, 298.244537354, -966.82611084, 78.0841827393, -578.162231445, 18.0996322632], [-4926.42626953, 1457.36157227, 4259.23681641, 44.8793983459, 658.678405762, 67.9255142212, 156.850021362, 220.131561279, -36.4905815125, 85.487991333, 46.3476028442, 37.288192749, 73.0114517212], [7093.19042969, -3756.32714844, 44.8793983459, 2988.17163086, 773.595825195, 2062.62182617, -104.529472351, 855.659301758, -78.4406433105, 664.037841797, 103.104804993, 347.060089111, 77.7183303833], [1030.25915527, -308.574676514, 658.678405762, 773.595825195, 1182.28637695, 727.976928711, 126.76965332, 372.530792236, -66.2273483276, 255.433258057, 111.86668396, 133.138320923, 134.134002686], [5704.87890625, -3055.76489258, 67.9255142212, 2062.62182617, 727.976928711, 1905.25524902, -59.5508384705, 817.372680664, -141.592208862, 552.346252441, 27.7378807068, 308.752716064, 75.0688781738], [-938.424072266, 419.054199219, 156.850021362, -104.529472351, 126.76965332, -59.5508384705, 200.823486328, -23.0316677094, 49.3925018311, -36.3502616882, 24.5158081055, -34.4935417175, 23.1338977814], [2447.27880859, -1292.70703125, 220.131561279, 855.659301758, 372.530792236, 817.372680664, -23.0316677094, 467.150909424, -76.4537200928, 277.545715332, -4.7969326973, 148.321212769, 38.9645729065], [-687.110961914, 298.244537354, -36.4905815125, -78.4406433105, -66.2273483276, -141.592208862, 49.3925018311, -76.4537200928, 116.536224365, -49.0196075439, 43.6487541199, -49.5737419128, 3.09352684021], [1882.70153809, -966.82611084, 85.487991333, 664.037841797, 255.433258057, 552.346252441, -36.3502616882, 277.545715332, -49.0196075439, 251.049850464, 16.3138542175, 115.891456604, 13.3512659073], [-145.551712036, 78.0841827393, 46.3476028442, 103.104804993, 111.86668396, 27.7378807068, 24.5158081055, -4.7969326973, 43.6487541199, 16.3138542175, 79.3941650391, -1.76322281361, 30.1593704224], [1140.48583984, -578.162231445, 37.288192749, 347.060089111, 133.138320923, 308.752716064, -34.4935417175, 148.321212769, -49.5737419128, 115.891456604, -1.76322281361, 110.956016541, 7.28375911713], [-13.198515892, 18.0996322632, 73.0114517212, 77.7183303833, 134.134002686, 75.0688781738, 23.1338977814, 38.9645729065, 3.09352684021, 13.3512659073, 30.1593704224, 7.28375911713, 59.1372032166]],
        "icov": [[0.000489569269121, -0.000765378179494, 0.000796560256276, -0.00111766823102, 0.000589249189943, -0.000740730611142, 0.00109761208296, -0.0010767626809, 0.00144910614472, -0.000798658758868, 0.000788114441093, -0.00120013859123, 0.00056315981783], [-0.000765378179494, 0.00545156979933, -0.00241129030474, 0.0043496270664, -0.00377959175967, 0.00430310890079, -0.00355528411455, 0.00346568226814, -0.0048076575622, 0.00317523838021, -0.00306760519743, 0.00491131702438, -0.00186672527343], [0.000796560256276, -0.00241129030474, 0.00189506600145, -0.00255418824963, 0.00159569713287, -0.00183591095265, 0.00215966068208, -0.00265260739252, 0.00317100062966, -0.00175598356873, 0.00168425648008, -0.00279379496351, 0.00126265233848], [-0.00111766823102, 0.0043496270664, -0.00255418824963, 0.00584260653704, -0.00302287284285, 0.00185980310198, -0.00314957345836, 0.00417253328487, -0.00593449035659, 0.0016745175235, -0.00392124429345, 0.0042817001231, -0.00172237167135], [0.000589249189943, -0.00377959175967, 0.00159569713287, -0.00302287284285, 0.00467348704115, -0.00319205038249, 0.00124930404127, -0.00295539619401, 0.00519537460059, -0.00303433765657, -0.000251484161709, -0.00367923057638, -0.000804182083812], [-0.000740730611142, 0.00430310890079, -0.00183591095265, 0.00185980310198, -0.00319205038249, 0.00790952984244, -0.00360510824248, -0.00110879796557, -0.002705687657, 0.00268638716079, -0.00241434480995, 0.00309176626615, -0.00193369982298], [0.00109761208296, -0.00355528411455, 0.00215966068208, -0.00314957345836, 0.00124930404127, -0.00360510824248, 0.0104486979544, -0.00314098340459, 0.000633431249298, -0.00159573426936, 0.00387484650128, -0.00277118384838, 0.0012230592547], [-0.0010767626809, 0.00346568226814, -0.00265260739252, 0.00417253328487, -0.00295539619401, -0.00110879796557, -0.00314098340459, 0.0160326901823, -0.00594842527062, -0.00396944023669, 0.00356904813088, 0.00311119039543, -0.00572975957766], [0.00144910614472, -0.0048076575622, 0.00317100062966, -0.00593449035659, 0.00519537460059, -0.002705687657, 0.000633431249298, -0.00594842527062, 0.0235614944249, -0.0023545299191, -0.007817058824, -0.000428870262112, 0.00433960463852], [-0.000798658758868, 0.00317523838021, -0.00175598356873, 0.0016745175235, -0.00303433765657, 0.00268638716079, -0.00159573426936, -0.00396944023669, -0.0023545299191, 0.0200467649847, -0.00681047700346, -0.00132869998924, 0.00476338155568], [0.000788114441093, -0.00306760519743, 0.00168425648008, -0.00392124429345, -0.000251484161709, -0.00241434480995, 0.00387484650128, 0.00356904813088, -0.007817058824, -0.00681047700346, 0.0304439645261, -0.00423015002161, -0.00910211447626], [-0.00120013859123, 0.00491131702438, -0.00279379496351, 0.0042817001231, -0.00367923057638, 0.00309176626615, -0.00277118384838, 0.00311119039543, -0.000428870262112, -0.00132869998924, -0.00423015002161, 0.026490021497, -0.00127712776884], [0.00056315981783, -0.00186672527343, 0.00126265233848, -0.00172237167135, -0.000804182083812, -0.00193369982298, 0.0012230592547, -0.00572975957766, 0.00433960463852, 0.00476338155568, -0.00910211447626, -0.00127712776884, 0.02938384749]]
    },
    "melbands": {
        "mean": [0.0061124432832, 0.00482583371922, 0.00139184331056, 0.000747040787246, 0.000255268299952, 0.000110587498057, 8.1122489064e-005, 2.8414737244e-005, 4.04867569159e-005, 2.31554604397e-005, 1.5965935745e-005, 1.06608276838e-005, 1.87541154446e-005, 1.61183361342e-005, 1.07216383185e-005, 1.02577423604e-005, 8.00873021944e-006, 1.42464550663e-005, 1.09860957309e-005, 9.49688183027e-006, 1.02091726149e-005, 9.33809951675e-006, 1.12563484436e-005, 3.7776321733e-006, 3.15471697832e-006, 4.0792128857e-006, 3.25277824231e-006, 3.69692997992e-006, 3.24753000314e-006, 4.76334207633e-006, 3.78876802642e-006, 4.11210930906e-006, 3.45268290403e-006, 3.11837061417e-006, 2.79480491372e-006, 2.70712712336e-006, 2.20872152568e-006, 2.07391394724e-006, 2.15229056266e-006, 2.54852898252e-006],
        "var": [4.41608899564e-005, 4.78297588415e-005, 1.04685341284e-005, 1.36516007387e-006, 1.50330421889e-007, 5.4307552233e-008, 3.04654896865e-008, 4.81374717864e-009, 1.32120963059e-008, 4.40457581519e-009, 1.62670954484e-009, 5.74015279753e-010, 3.23475246589e-009, 2.50707299365e-009, 1.0975189646e-009, 5.94501337048e-010, 4.68232952411e-010, 2.35260189108e-009, 1.06493813767e-009, 9.97610882791e-010, 1.92651961051e-009, 1.81520243281e-009, 3.75076014691e-009, 2.57018101246e-010, 1.54379078965e-010, 2.8844401867e-010, 1.12056169899e-010, 2.16244744333e-010, 1.35058284001e-010, 3.03437053262e-010, 1.63988933544e-010, 2.07288186616e-010, 1.16338882972e-010, 7.62439486546e-011, 5.94793797548e-011, 6.41647499022e-011, 4.05529429481e-011, 3.72503625168e-011, 4.72685050823e-011, 7.44523956375e-011]
    },
    "mfcc": {
        "mean": [-787.658203125, 148.515563965, 48.1932754517, 28.6898918152, 18.7483119965, 13.4445695877, -3.27081680298, -2.04213261604, -3.54197692871, -2.98719215393, -6.71131944656, -6.78849411011, -4.92693996429],
        "cov": [[18225.4140625, -6164.29541016, -3204.14453125, -36.3716392517, 1598.51086426, 2364.06982422, 1532.14855957, 1017.43884277, 700.91796875, 498.911376953, 403.566192627, 609.214111328, 732.349609375], [-6164.29541016, 3584.49633789, 241.171646118, -535.755187988, -719.897644043, -1094.57629395, -672.530151367, -524.975708008, -376.613006592, -318.003936768, -209.667709351, -260.735137939, -307.695159912], [-3204.14453125, 241.171646118, 2113.33154297, 763.871582031, 238.524459839, -85.8611907959, 10.7129106522, 38.2829551697, 62.0234527588, 65.7291488647, 35.5444602966, -18.8848876953, -37.9998626709], [-36.3716392517, -535.755187988, 763.871582031, 982.069274902, 650.946472168, 401.175964355, 322.005371094, 175.518569946, 173.990463257, 136.120361328, 140.133682251, 116.865097046, 118.148483276], [1598.51086426, -719.897644043, 238.524459839, 650.946472168, 1206.09875488, 779.35369873, 692.886962891, 364.296386719, 308.489013672, 187.59703064, 191.911911011, 208.52961731, 209.139633179], [2364.06982422, -1094.57629395, -85.8611907959, 401.175964355, 779.35369873, 812.126953125, 565.178527832, 344.249816895, 252.905899048, 204.086395264, 166.484909058, 184.576644897, 201.764129639], [1532.14855957, -672.530151367, 10.7129106522, 322.005371094, 692.886962891, 565.178527832, 560.144104004, 287.160858154, 253.276489258, 143.741729736, 129.423919678, 141.808563232, 149.683532715], [1017.43884277, -524.975708008, 38.2829551697, 175.518569946, 364.296386719, 344.249816895, 287.160858154, 232.983032227, 158.116882324, 112.718177795, 77.8347854614, 77.7239074707, 90.665802002], [700.91796875, -376.613006592, 62.0234527588, 173.990463257, 308.489013672, 252.905899048, 253.276489258, 158.116882324, 173.639053345, 96.4196395874, 75.8383483887, 72.7157897949, 69.6201934814], [498.911376953, -318.003936768, 65.7291488647, 136.120361328, 187.59703064, 204.086395264, 143.741729736, 112.718177795, 96.4196395874, 110.396026611, 67.7408981323, 57.9196929932, 54.3524360657], [403.566192627, -209.667709351, 35.5444602966, 140.133682251, 191.911911011, 166.484909058, 129.423919678, 77.8347854614, 75.8383483887, 67.7408981323, 81.7250366211, 63.6654434204, 55.7704582214], [609.214111328, -260.735137939, -18.8848876953, 116.865097046, 208.52961731, 184.576644897, 141.808563232, 77.7239074707, 72.7157897949, 57.9196929932, 63.6654434204, 88.5131072998, 72.1915893555], [732.349609375, -307.695159912, -37.9998626709, 118.148483276, 209.139633179, 201.764129639, 149.683532715, 90.665802002, 69.6201934814, 54.3524360657, 55.7704582214, 72.1915893555, 93.344909668]],
        "icov": [[0.000322458014125, 0.000456103123724, 0.000373228918761, 0.000178157846676, -0.000184241376701, -8.31032011774e-005, -2.84713883048e-006, -1.6614298147e-005, -4.32156084571e-005, 0.000249922246439, 1.0044184819e-005, -0.000124093989143, -0.00051017885562], [0.000456103123724, 0.00126637087669, 0.000470734055853, 0.000512052327394, -0.000855302088894, 0.000871106807608, -0.000279691652395, 0.000547232513782, 0.000519947323482, 0.000263646274107, -0.000666307401843, 0.000283487490378, -0.000272596487775], [0.000373228918761, 0.000470734055853, 0.00131135748234, -0.000669977685902, -0.000343581574271, 0.000612194591668, 4.38063289039e-005, -0.00059823540505, 5.56511295144e-005, -0.000607614114415, 0.000462722993689, -2.59644002654e-005, 1.85957142094e-005], [0.000178157846676, 0.000512052327394, -0.000669977685902, 0.00284496787935, -0.00142944790423, -0.000379465607693, 0.000677528150845, 0.00144213659223, -0.000540710869245, 0.000136096015922, -0.00200526230037, 0.00112767284736, -0.00139785767533], [-0.000184241376701, -0.000855302088894, -0.000343581574271, -0.00142944790423, 0.00491122016683, -0.00216538296081, -0.00313909794204, -0.00113667082042, 6.89161097398e-005, 0.00227749580517, -0.000398321280954, -0.00239921803586, 0.000826125498861], [-8.31032011774e-005, 0.000871106807608, 0.000612194591668, -0.000379465607693, -0.00216538296081, 0.0098121650517, -0.00454210164025, -0.00279591511935, 0.00582032836974, -0.00619956245646, -0.000371963280486, -0.000496321415994, -0.00223030429333], [-2.84713883048e-006, -0.000279691652395, 4.38063289039e-005, 0.000677528150845, -0.00313909794204, -0.00454210164025, 0.0143049042672, -0.00217209104449, -0.010657732375, 0.00523661263287, 0.000348797941115, 0.00022116737091, -0.00119704997633], [-1.6614298147e-005, 0.000547232513782, -0.00059823540505, 0.00144213659223, -0.00113667082042, -0.00279591511935, -0.00217209104449, 0.0203376170248, -0.00731832906604, -0.00659376662225, 0.00219045416452, 0.00659244693816, -0.00492500141263], [-4.32156084571e-005, 0.000519947323482, 5.56511295144e-005, -0.000540710869245, 6.89161097398e-005, 0.00582032836974, -0.010657732375, -0.00731832906604, 0.0279893558472, -0.00933284591883, -0.00384959811345, -0.00336962821893, 0.00368833146058], [0.000249922246439, 0.000263646274107, -0.000607614114415, 0.000136096015922, 0.00227749580517, -0.00619956245646, 0.00523661263287, -0.00659376662225, -0.00933284591883, 0.0330229513347, -0.0139392912388, -0.00244399858639, 0.00274429493584], [1.0044184819e-005, -0.000666307401843, 0.000462722993689, -0.00200526230037, -0.000398321280954, -0.000371963280486, 0.000348797941115, 0.00219045416452, -0.00384959811345, -0.0139392912388, 0.0419906713068, -0.0163390804082, -0.00200309650972], [-0.000124093989143, 0.000283487490378, -2.59644002654e-005, 0.00112767284736, -0.00239921803586, -0.000496321415994, 0.00022116737091, 0.00659244693816, -0.00336962821893, -0.00244399858639, -0.0163390804082, 0.0456447377801, -0.0214421059936], [-0.00051017885562, -0.000272596487775, 1.85957142094e-005, -0.00139785767533, 0.000826125498861, -0.00223030429333, -0.00119704997633, -0.00492500141263, 0.00368833146058, 0.00274429493584, -0.00200309650972, -0.0214421059936, 0.0386979170144]]
    },
    "spectral_contrast_coeffs": {
        "mean": [-0.597035586834, -0.758603870869, -0.831467032433, -0.84916883707, -0.852009892464, -0.805955410004],
        "var": [0.0143659124151, 0.00398754375055, 0.00318675930612, 0.000981501536444, 0.00159256637562, 0.00619350094348]
    },
    "spectral_contrast_valleys": {
        "mean": [-7.65026903152, -7.62280273438, -8.65130138397, -9.14936161041, -9.74762153625, -12.1435785294],
        "var": [3.482660532, 1.34584701061, 2.87676668167, 4.78697729111, 6.41957235336, 7.13107872009]
    }
},
"metadata": {
    "audio_properties": {
        "analysis_sample_rate": 44100,
        "bit_rate": 98845,
        "equal_loudness": 0,
        "length": 45.0873451233,
        "lossless": 0,
        "replay_gain": -10.1861686707,
        "sample_rate": 44100,
        "codec": "mp3",
        "downmix": "mix",
        "md5_encoded": "4aa9bd6965a4a48e512849b4d7a15afd"
    },
    "tags": {
        "file_name": "387.mp3"
    },
    "version": {
        "essentia": "2.1-beta2",
        "essentia_git_sha": "v2.1_beta2",
        "extractor": "music 1.0"
    }
},
"rhythm": {
    "beats_count": 97,
    "beats_loudness": {
        "mean": 0.0652048885822,
        "var": 0.00323797995225
    },
    "bpm": 129.831924438,
    "bpm_histogram_first_peak_bpm": {
        "mean": 129,
        "var": 0
    },
    "bpm_histogram_first_peak_spread": {
        "mean": 0.252631574869,
        "var": 0
    },
    "bpm_histogram_first_peak_weight": {
        "mean": 0.739583313465,
        "var": 0
    },
    "bpm_histogram_second_peak_bpm": {
        "mean": 123,
        "var": 0
    },
    "bpm_histogram_second_peak_spread": {
        "mean": 0,
        "var": 0
    },
    "bpm_histogram_second_peak_weight": {
        "mean": 0.0104166669771,
        "var": 0
    },
    "danceability": 1.07366406918,
    "onset_rate": 4.25675678253,
    "beats_loudness_band_ratio": {
        "mean": [0.587983965874, 0.202883452177, 0.16065095365, 0.0538111366332, 0.0205870773643, 0.0237367060035],
        "var": [0.147341281176, 0.0551056191325, 0.0447774045169, 0.00733089027926, 0.00120605854318, 0.000488017569296]
    },
    "beats_position": [0.46439909935, 0.940408170223, 1.42802715302, 1.90403628349, 2.38004541397, 2.8444442749, 3.30884337425, 3.76163268089, 4.22603178024, 4.69043064117, 5.15482997894, 5.61922883987, 6.08362817764, 6.54802703857, 7.01242637634, 7.47682523727, 7.94122457504, 8.39401340485, 8.84680271149, 9.31120204926, 9.77560043335, 10.2399997711, 10.6927890778, 11.1455783844, 11.6099767685, 12.0743761063, 12.538775444, 13.0031747818, 13.4675731659, 13.9319725037, 14.3963718414, 14.8491611481, 15.3135595322, 15.7779588699, 16.2307472229, 16.6951465607, 17.1595458984, 17.6239452362, 18.088344574, 18.5411338806, 19.0055332184, 19.4699325562, 19.9227199554, 20.3871192932, 20.851518631, 21.3159179688, 21.7803173065, 22.2447166443, 22.6975059509, 23.1502952576, 23.614692688, 24.0790920258, 24.5434913635, 25.0078907013, 25.4722900391, 25.9366893768, 26.3894786835, 26.8422679901, 27.3066654205, 27.7710647583, 28.2354640961, 28.6998634338, 29.1642627716, 29.6286621094, 30.0930614471, 30.5458488464, 30.9986381531, 31.4630374908, 31.9274368286, 32.391834259, 32.8562355042, 33.3206329346, 33.7850341797, 34.2378234863, 34.690612793, 35.1550102234, 35.6194114685, 36.0838088989, 36.5482063293, 37.0126075745, 37.4770050049, 37.9297943115, 38.3825836182, 38.8469848633, 39.3113822937, 39.7757797241, 40.2401809692, 40.7045783997, 41.1689796448, 41.6217689514, 42.0745582581, 42.5389556885, 43.0033569336, 43.467754364, 43.9321517944, 44.3965530396, 44.86095047]
},
"tonal": {
    "chords_changes_rate": 0.0925925895572,
    "chords_number_rate": 0.00925925932825,
    "chords_strength": {
        "mean": 0.485813468695,
        "var": 0.0142893204466
    },
    "hpcp_entropy": {
        "mean": 2.51671671867,
        "var": 0.944185912609
    },
    "key_strength": 0.683875501156,
    "tuning_diatonic_strength": 0.623241901398,
    "tuning_equal_tempered_deviation": 0.292429000139,
    "tuning_frequency": 434.193115234,
    "tuning_nontempered_energy_ratio": 0.953194856644,
    "hpcp": {
        "mean": [0.0817094892263, 0.0741156488657, 0.0840800479054, 0.172704517841, 0.246478617191, 0.153932794929, 0.0585427731276, 0.0463664755225, 0.0661083906889, 0.11900203675, 0.117134511471, 0.0754587426782, 0.102809436619, 0.115548923612, 0.0731206461787, 0.0466255992651, 0.0396029911935, 0.0473759323359, 0.130349263549, 0.172757402062, 0.0874244645238, 0.0275241378695, 0.0232749972492, 0.0610362626612, 0.141198396683, 0.13384655118, 0.060036662966, 0.0539468899369, 0.0766208171844, 0.0567505918443, 0.028892159462, 0.0361637584865, 0.0878153964877, 0.29093965888, 0.400532543659, 0.221635892987],
        "var": [0.0382459685206, 0.044402860105, 0.0448646210134, 0.0714625492692, 0.130951613188, 0.0619307570159, 0.0322286114097, 0.0230178125203, 0.0299035236239, 0.0567108467221, 0.0551568977535, 0.0302944537252, 0.0470412932336, 0.0567783415318, 0.0287091452628, 0.0243370458484, 0.0144270993769, 0.0148830031976, 0.0498823970556, 0.0891292393208, 0.0257399361581, 0.00847742613405, 0.00602485891432, 0.0245332438499, 0.0793402791023, 0.0613518245518, 0.0174885466695, 0.0177878923714, 0.0368725061417, 0.0220396909863, 0.0103972349316, 0.0192372370511, 0.0314087606966, 0.0977208018303, 0.174638271332, 0.07626426965]
    },
    "chords_histogram": [16.6666660309, 3.08641982079, 37.6543197632, 0, 0, 0, 6.89300394058, 0.102880656719, 5.76131677628, 0.205761313438, 0, 0, 0, 0, 0, 0, 0, 4.83539104462, 2.88065838814, 0, 0, 0, 3.90946507454, 18.0041160583],
    "thpcp": [1, 0.553353011608, 0.204002127051, 0.185042768717, 0.20992064476, 0.43118724227, 0.615377247334, 0.384320318699, 0.146162331104, 0.115762069821, 0.165051236749, 0.297109544277, 0.292446941137, 0.188396036625, 0.256681859493, 0.28848823905, 0.182558566332, 0.116409018636, 0.0988758355379, 0.118282355368, 0.325439870358, 0.431319266558, 0.21827057004, 0.0687188580632, 0.0581101290882, 0.15238776803, 0.352526664734, 0.33417147398, 0.149892091751, 0.134687900543, 0.191297352314, 0.141687840223, 0.072134360671, 0.0902891904116, 0.219246596098, 0.72638207674],
    "chords_key": "G#",
    "chords_scale": "major",
    "key_key": "C#",
    "key_scale": "major"
}
}