{
"lowlevel": {
    "average_loudness": 0.487615257502,
    "barkbands_crest": {
        "mean": 8.37901496887,
        "var": 23.6503238678
    },
    "barkbands_flatness_db": {
        "mean": 0.14756372571,
        "var": 0.00292473845184
    },
    "barkbands_kurtosis": {
        "mean": 0.450598210096,
        "var": 7.84085798264
    },
    "barkbands_skewness": {
        "mean": 0.128048762679,
        "var": 0.814266562462
    },
    "barkbands_spread": {
        "mean": 22.8253326416,
        "var": 108.998542786
    },
    "dissonance": {
        "mean": 0.47704359889,
        "var": 0.000442884425865
    },
    "dynamic_complexity": 2.5614733696,
    "erbbands_crest": {
        "mean": 10.5657138824,
        "var": 42.1980209351
    },
    "erbbands_flatness_db": {
        "mean": 0.22601467371,
        "var": 0.00361223751679
    },
    "erbbands_kurtosis": {
        "mean": 1.02512001991,
        "var": 10.299946785
    },
    "erbbands_skewness": {
        "mean": -0.142387986183,
        "var": 0.663892149925
    },
    "erbbands_spread": {
        "mean": 24.9661960602,
        "var": 154.265182495
    },
    "hfc": {
        "mean": 23.8818283081,
        "var": 401.170471191
    },
    "melbands_crest": {
        "mean": 10.5489912033,
        "var": 25.7911663055
    },
    "melbands_flatness_db": {
        "mean": 0.146137744188,
        "var": 0.0023097214289
    },
    "melbands_kurtosis": {
        "mean": 1.89493346214,
        "var": 19.5945949554
    },
    "melbands_skewness": {
        "mean": 0.863383829594,
        "var": 1.06934142113
    },
    "melbands_spread": {
        "mean": 41.1529769897,
        "var": 409.697296143
    },
    "pitch_salience": {
        "mean": 0.608418464661,
        "var": 0.0144080882892
    },
    "silence_rate_20dB": {
        "mean": 1,
        "var": 0
    },
    "silence_rate_30dB": {
        "mean": 1,
        "var": 0
    },
    "silence_rate_60dB": {
        "mean": 0.031909417361,
        "var": 0.0308914612979
    },
    "spectral_centroid": {
        "mean": 2182.64233398,
        "var": 341794.5625
    },
    "spectral_complexity": {
        "mean": 22.2146167755,
        "var": 97.3685073853
    },
    "spectral_decrease": {
        "mean": -3.86191256752e-009,
        "var": 1.12356372737e-017
    },
    "spectral_energy": {
        "mean": 0.0167419053614,
        "var": 0.000204998985282
    },
    "spectral_energyband_high": {
        "mean": 0.000606613932177,
        "var": 2.67403805765e-007
    },
    "spectral_energyband_low": {
        "mean": 0.000742366653867,
        "var": 8.26603354653e-007
    },
    "spectral_energyband_middle_high": {
        "mean": 0.0103973522782,
        "var": 0.000161286370712
    },
    "spectral_energyband_middle_low": {
        "mean": 0.0053450264968,
        "var": 4.16358125221e-005
    },
    "spectral_entropy": {
        "mean": 7.45834255219,
        "var": 0.115499161184
    },
    "spectral_flux": {
        "mean": 0.070183776319,
        "var": 0.00152865529526
    },
    "spectral_kurtosis": {
        "mean": 4.66410636902,
        "var": 7.2752790451
    },
    "spectral_rms": {
        "mean": 0.0037514551077,
        "var": 2.26013276006e-006
    },
    "spectral_rolloff": {
        "mean": 2638.02709961,
        "var": 1382126.125
    },
    "spectral_skewness": {
        "mean": 1.17494428158,
        "var": 0.125182390213
    },
    "spectral_spread": {
        "mean": 3105943.25,
        "var": 2.04348299674e+012
    },
    "spectral_strongpeak": {
        "mean": 2.44046187401,
        "var": 7.92766141891
    },
    "zerocrossingrate": {
        "mean": 0.0831171274185,
        "var": 0.000770600221585
    },
    "barkbands": {
        "mean": [4.99110174133e-005, 0.000211311853491, 0.000236976993619, 0.000615501310676, 0.00104951439425, 0.00102783413604, 0.00102929363493, 0.000567064154893, 0.000877219601534, 0.000381849618861, 0.000388585060136, 0.000975160102826, 0.00313415657729, 0.00190345186274, 0.000755619781557, 0.000468782673124, 0.000909991096705, 0.000723870063666, 0.000576377206016, 0.000502296141349, 0.000213649502257, 6.75600967952e-005, 3.59845871571e-005, 2.9048847864e-005, 8.52617085911e-006, 2.36780806517e-006, 1.48665586508e-008],
        "var": [2.42430857611e-008, 1.30237324925e-007, 1.08632576712e-007, 6.24835081453e-007, 3.38408653988e-006, 3.62794003195e-006, 4.58145404991e-006, 2.65903804575e-006, 2.15330192077e-006, 8.88684269285e-007, 6.50347487863e-007, 4.51600681117e-006, 6.97140421835e-005, 6.29697242402e-005, 9.58203145274e-007, 3.2562928709e-007, 9.65493427429e-007, 4.92318008583e-007, 2.99187320252e-007, 2.88049818664e-007, 4.53532535971e-008, 4.16942658177e-009, 2.13055595388e-009, 3.91417165346e-009, 1.73701858452e-010, 4.10137236673e-011, 5.2603354886e-015]
    },
    "erbbands": {
        "mean": [0.00745421461761, 0.043989662081, 0.245619982481, 1.19972074032, 3.05037236214, 3.56234550476, 5.06593704224, 8.60184192657, 14.0652551651, 13.6087837219, 15.5629653931, 22.9491596222, 13.6312665939, 11.0866708755, 18.0511817932, 54.8254890442, 149.259246826, 126.491752625, 42.060005188, 37.07239151, 30.6509170532, 45.5968971252, 39.1695518494, 31.40234375, 28.227191925, 23.9272384644, 14.1907138824, 5.71307754517, 2.62063550949, 1.44411051273, 0.998586773872, 0.655765712261, 0.421934038401, 0.14634694159, 0.0378918126225, 0.0165455173701, 0.00295562925749, 0.000195690183318, 1.6357493223e-005, 2.21262889681e-005],
        "var": [0.000344706350006, 0.00392818078399, 0.101362131536, 2.11204266548, 24.7442321777, 44.4453086853, 91.5603561401, 249.467010498, 837.196838379, 820.242370605, 1831.4342041, 1362.98913574, 903.896484375, 444.998291016, 1090.39794922, 10300.5673828, 153228.484375, 211875.78125, 6159.55615234, 1395.68481445, 942.500244141, 2403.85839844, 1298.05151367, 841.796630859, 614.304992676, 585.264465332, 202.089553833, 36.9812812805, 6.56436300278, 2.07944202423, 1.88980412483, 1.94677352905, 0.83816164732, 0.0492798872292, 0.00464391801506, 0.00177420733962, 6.84071783326e-005, 3.08938609805e-007, 2.80407724818e-010, 3.25227927922e-010]
    },
    "gfcc": {
        "mean": [-32.0677223206, 85.3439331055, -184.937591553, 38.565372467, -63.4495391846, 1.52613127232, -39.0127792358, 1.17070972919, -24.7219848633, -4.46120977402, -8.69675827026, -14.6871385574, -11.0402545929],
        "cov": [[5763.64111328, 636.55847168, 410.457763672, 387.568908691, -199.573318481, -112.720916748, -441.973571777, -75.8433456421, -263.089630127, 114.59980011, -26.6316165924, 251.429321289, 25.6674938202], [636.55847168, 977.258789063, 325.470306396, 251.130630493, 31.7384605408, -155.812103271, -124.17364502, -91.6479644775, 59.5229263306, -134.139160156, 123.578178406, 57.8648872375, 100.491340637], [410.457763672, 325.470306396, 951.620788574, 285.238067627, -134.566604614, -17.0490474701, -267.197631836, 92.5006103516, -24.5410938263, 20.1120624542, 2.86192131042, 149.291305542, 11.818570137], [387.568908691, 251.130630493, 285.238067627, 409.963592529, 55.042842865, 2.93020820618, -82.8626480103, 41.6309204102, 47.9279212952, -66.6654129028, 41.5847434998, 27.1587657928, 30.2556266785], [-199.573318481, 31.7384605408, -134.566604614, 55.042842865, 303.947021484, 70.2617797852, 64.6406784058, -17.9979686737, 37.1191749573, -1.1729837656, 18.824842453, -21.7309608459, -23.0571556091], [-112.720916748, -155.812103271, -17.0490474701, 2.93020820618, 70.2617797852, 153.180603027, 55.3338317871, 37.9400978088, 2.64741444588, 31.6003379822, -19.9790229797, -30.8861961365, -31.1364841461], [-441.973571777, -124.17364502, -267.197631836, -82.8626480103, 64.6406784058, 55.3338317871, 221.449371338, 6.26157522202, 25.7520313263, 9.3124666214, -7.20668697357, -60.00756073, -8.91512870789], [-75.8433456421, -91.6479644775, 92.5006103516, 41.6309204102, -17.9979686737, 37.9400978088, 6.26157522202, 196.287628174, 49.5846633911, -15.5132265091, -41.8791885376, 6.55793190002, -5.40452766418], [-263.089630127, 59.5229263306, -24.5410938263, 47.9279212952, 37.1191749573, 2.64741444588, 25.7520313263, 49.5846633911, 116.513465881, -22.7778892517, 13.8412046432, -26.6059684753, 2.75665426254], [114.59980011, -134.139160156, 20.1120624542, -66.6654129028, -1.1729837656, 31.6003379822, 9.3124666214, -15.5132265091, -22.7778892517, 129.351959229, -0.179660752416, 12.3169469833, -20.3787975311], [-26.6316165924, 123.578178406, 2.86192131042, 41.5847434998, 18.824842453, -19.9790229797, -7.20668697357, -41.8791885376, 13.8412046432, -0.179660752416, 89.9334716797, 20.4912509918, 20.3100795746], [251.429321289, 57.8648872375, 149.291305542, 27.1587657928, -21.7309608459, -30.8861961365, -60.00756073, 6.55793190002, -26.6059684753, 12.3169469833, 20.4912509918, 121.549514771, 29.4664115906], [25.6674938202, 100.491340637, 11.818570137, 30.2556266785, -23.0571556091, -31.1364841461, -8.91512870789, -5.40452766418, 2.75665426254, -20.3787975311, 20.3100795746, 29.4664115906, 84.7030105591]],
        "icov": [[0.000490558973979, -0.000928390480112, 0.00104742276017, -0.000984112615697, 0.000704599253368, -0.000593303178903, 0.00100033171475, -0.000481421331642, 0.0012366110459, -0.00157965335529, 0.00128876883537, -0.00114288658369, 0.000874703517184], [-0.000928390480112, 0.00442426139489, -0.00342536671087, 0.00190057768486, -0.00236852723174, 0.00305091356859, -0.00221193535253, 0.00228383718058, -0.00333744450472, 0.00516435410827, -0.00446512829512, 0.00306178000756, -0.00342223001644], [0.00104742276017, -0.00342536671087, 0.00561814801767, -0.00372890639119, 0.00309700635262, -0.0030164278578, 0.00428518699482, -0.0023865159601, 0.00319281988777, -0.00550633016974, 0.00428315112367, -0.00490423571318, 0.00357784586959], [-0.000984112615697, 0.00190057768486, -0.00372890639119, 0.00648985570297, -0.00277485721745, 0.000783246592619, -0.00156621902715, 0.00064911408117, -0.00329774850979, 0.00534935714677, -0.00441237771884, 0.00337930209935, -0.00306860194542], [0.000704599253368, -0.00236852723174, 0.00309700635262, -0.00277485721745, 0.00625889841467, -0.00384897761978, 0.00122199160978, -0.000102974583569, 0.000673167582136, -0.00309180421755, 0.00245356978849, -0.00355293182656, 0.00344837224111], [-0.000593303178903, 0.00305091356859, -0.0030164278578, 0.000783246592619, -0.00384897761978, 0.0122729009017, -0.00367472693324, -0.000714224705007, -0.000246759533184, 0.00108863599598, -0.00248768134043, 0.00444415118545, -0.000946892076172], [0.00100033171475, -0.00221193535253, 0.00428518699482, -0.00156621902715, 0.00122199160978, -0.00367472693324, 0.0101901562884, -0.00199558422901, 0.00178363884334, -0.00410571414977, 0.00253622513264, -0.00137838919181, 0.00103519670665], [-0.000481421331642, 0.00228383718058, -0.0023865159601, 0.00064911408117, -0.000102974583569, -0.000714224705007, -0.00199558422901, 0.00943087413907, -0.00619539432228, 0.0036886758171, 0.00205467524938, -0.00070720736403, -0.00151895161252], [0.0012366110459, -0.00333744450472, 0.00319281988777, -0.00329774850979, 0.000673167582136, -0.000246759533184, 0.00178363884334, -0.00619539432228, 0.0163197610527, -0.00435674889013, 0.000262949266471, 0.000510501035023, 0.00238225725479], [-0.00157965335529, 0.00516435410827, -0.00550633016974, 0.00534935714677, -0.00309180421755, 0.00108863599598, -0.00410571414977, 0.0036886758171, -0.00435674889013, 0.0170816741884, -0.00698622595519, 0.00298376334831, -0.00254032993689], [0.00128876883537, -0.00446512829512, 0.00428315112367, -0.00441237771884, 0.00245356978849, -0.00248768134043, 0.00253622513264, 0.00205467524938, 0.000262949266471, -0.00698622595519, 0.0207746643573, -0.00704442104325, 0.00181668647565], [-0.00114288658369, 0.00306178000756, -0.00490423571318, 0.00337930209935, -0.00355293182656, 0.00444415118545, -0.00137838919181, -0.00070720736403, 0.000510501035023, 0.00298376334831, -0.00704442104325, 0.0169048793614, -0.00682313693687], [0.000874703517184, -0.00342223001644, 0.00357784586959, -0.00306860194542, 0.00344837224111, -0.000946892076172, 0.00103519670665, -0.00151895161252, 0.00238225725479, -0.00254032993689, 0.00181668647565, -0.00682313693687, 0.0180498585105]]
    },
    "melbands": {
        "mean": [6.23325249762e-005, 0.000101068151707, 0.000268631381914, 0.000244624738116, 0.000169002523762, 0.00020042801043, 0.000219316250877, 0.000137244191137, 0.000139844574733, 0.000131420427351, 6.3613668317e-005, 4.21881231887e-005, 5.91243151575e-005, 8.5597843281e-005, 0.000254302547546, 0.000332066934789, 0.000211635197047, 6.05298118899e-005, 4.79599948449e-005, 4.0809634811e-005, 3.84008417313e-005, 5.04187592014e-005, 4.04718484788e-005, 3.46237793565e-005, 2.32819384109e-005, 2.41816123889e-005, 1.63142285601e-005, 1.56940550369e-005, 1.03256734292e-005, 5.23258950125e-006, 2.68318808594e-006, 1.6207269482e-006, 9.23163838706e-007, 7.32281137061e-007, 6.1721414113e-007, 4.26280621468e-007, 3.95408164877e-007, 3.15328577472e-007, 2.14846636482e-007, 9.24038303651e-008],
        "var": [1.72192660131e-008, 1.74985981261e-008, 1.1019151458e-007, 1.82523592684e-007, 9.00005900917e-008, 1.36623825142e-007, 2.11274937101e-007, 8.52329051781e-008, 1.18079448441e-007, 4.68379255381e-008, 2.32433094993e-008, 7.50448592157e-009, 1.40805500592e-008, 2.05833732281e-008, 4.28832777288e-007, 8.01781311566e-007, 7.03962598436e-007, 2.0822069402e-008, 2.26912622026e-009, 2.55220489187e-009, 2.4188286929e-009, 4.05110389678e-009, 2.71807087948e-009, 1.6415443449e-009, 6.76835032465e-010, 6.73276212559e-010, 2.58285365318e-010, 2.76143552469e-010, 1.34708064148e-010, 2.85216936874e-011, 1.11267106639e-011, 2.90603999198e-012, 8.91429887805e-013, 6.18654975339e-013, 6.2822755895e-013, 7.88829234138e-013, 8.18649672791e-013, 5.62924110537e-013, 1.370619113e-013, 2.07525579295e-014]
    },
    "mfcc": {
        "mean": [-649.380187988, 98.9226150513, -50.9714431763, 25.8635807037, -8.55178260803, -3.71356010437, -2.98900580406, -5.53183221817, -8.59759616852, -0.0547526627779, -1.49023008347, 3.49244737625, -4.95181703568],
        "cov": [[3625.04443359, 489.619812012, 454.714447021, 328.569610596, 138.301422119, -4.50953006744, -96.8959197998, -113.525672913, -202.647155762, -125.422195435, -281.274597168, -66.5340652466, 95.2842407227], [489.619812012, 713.968078613, 171.93586731, 152.591934204, 99.1656646729, -28.4894752502, -87.1581878662, 0.141723409295, -116.823982239, -55.8301239014, -98.2410430908, -33.5366363525, 45.4634284973], [454.714447021, 171.93586731, 987.422851563, 248.549667358, 190.104003906, -125.089187622, -150.067474365, 44.8915176392, -102.054489136, 5.94609546661, -173.434310913, 19.2085514069, 76.1693267822], [328.569610596, 152.591934204, 248.549667358, 339.523742676, 165.214706421, -3.23817801476, -50.9973487854, 65.117401123, -45.1929130554, 8.79789447784, -94.2837524414, 18.8209629059, 85.9134292603], [138.301422119, 99.1656646729, 190.104003906, 165.214706421, 274.314544678, 12.8011131287, -35.0056037903, 61.937915802, -18.1824874878, 19.8460330963, -35.8193016052, 21.7525634766, 48.9762077332], [-4.50953006744, -28.4894752502, -125.089187622, -3.23817801476, 12.8011131287, 169.479751587, 66.8855819702, -30.7116317749, 3.84697723389, -7.72646379471, 66.6450576782, 18.2153358459, -23.7919006348], [-96.8959197998, -87.1581878662, -150.067474365, -50.9973487854, -35.0056037903, 66.8855819702, 138.917678833, 0.363354474306, 44.1298828125, 6.28429269791, 55.1032295227, 10.9295434952, -22.4788341522], [-113.525672913, 0.141723409295, 44.8915176392, 65.117401123, 61.937915802, -30.7116317749, 0.363354474306, 157.813980103, 37.2035064697, 36.3394432068, -19.9683952332, 5.52284526825, 25.1728076935], [-202.647155762, -116.823982239, -102.054489136, -45.1929130554, -18.1824874878, 3.84697723389, 44.1298828125, 37.2035064697, 134.218231201, 51.2465362549, 37.5444908142, 7.06438875198, -7.96839475632], [-125.422195435, -55.8301239014, 5.94609546661, 8.79789447784, 19.8460330963, -7.72646379471, 6.28429269791, 36.3394432068, 51.2465362549, 102.123352051, 29.3185482025, 9.75018692017, -1.06123030186], [-281.274597168, -98.2410430908, -173.434310913, -94.2837524414, -35.8193016052, 66.6450576782, 55.1032295227, -19.9683952332, 37.5444908142, 29.3185482025, 175.48588562, 30.4313697815, -74.5041732788], [-66.5340652466, -33.5366363525, 19.2085514069, 18.8209629059, 21.7525634766, 18.2153358459, 10.9295434952, 5.52284526825, 7.06438875198, 9.75018692017, 30.4313697815, 93.9460678101, 21.7915058136], [95.2842407227, 45.4634284973, 76.1693267822, 85.9134292603, 48.9762077332, -23.7919006348, -22.4788341522, 25.1728076935, -7.96839475632, -1.06123030186, -74.5041732788, 21.7915058136, 127.918540955]],
        "icov": [[0.000373436632799, -0.000121787881653, -5.63928660995e-005, -0.000238570151851, -2.11742953979e-005, -0.000112420049845, -0.000128169413074, 0.00035694570397, 0.000116284179967, 9.52885020524e-005, 0.000449564278824, 0.000112554131192, 0.000104061473394], [-0.000121787881653, 0.0018990203971, 9.23075858736e-005, -0.000404782651458, -0.00033592726686, 8.14316590549e-005, 0.000519098655786, -0.000138619056088, 0.00101220188662, 0.000436677102698, 2.6117413654e-005, 0.000561284366995, -0.000118783165817], [-5.63928660995e-005, 9.23075858736e-005, 0.00172357750125, -0.000539491302334, -0.000674146518577, 0.000798619992565, 0.000648273504339, 0.000127932376927, 0.000754842360038, -0.000577286584303, 0.00111386063509, -0.000847456743941, 0.000675971212331], [-0.000238570151851, -0.000404782651458, -0.000539491302334, 0.0059491340071, -0.00182058440987, -0.00141149316914, 0.000430360960308, -0.00157488661353, 0.000928232679144, -0.00100845086854, 0.00130917166825, -0.000673950824421, -0.0016059440095], [-2.11742953979e-005, -0.00033592726686, -0.000674146518577, -0.00182058440987, 0.00594828464091, -0.00146060460247, 0.000807172385976, -0.00151070021093, -8.44001333462e-005, -0.000539951201063, -0.00065773591632, -0.000295305158943, -0.00069313403219], [-0.000112420049845, 8.14316590549e-005, 0.000798619992565, -0.00141149316914, -0.00146060460247, 0.00963648408651, -0.00377722550184, 0.00194717640989, 0.000679816119373, 0.00102592504118, -0.00272101932205, -0.000501437112689, 0.000383312260965], [-0.000128169413074, 0.000519098655786, 0.000648273504339, 0.000430360960308, 0.000807172385976, -0.00377722550184, 0.0113412830979, -0.00122477218974, -0.00235332618468, 0.00077076931484, -0.000675303046592, -0.000513312639669, 1.22659675981e-005], [0.00035694570397, -0.000138619056088, 0.000127932376927, -0.00157488661353, -0.00151070021093, 0.00194717640989, -0.00122477218974, 0.00909932143986, -0.0020822416991, -0.00143152975943, 0.000820328481495, 0.000107847816253, 1.7472782929e-005], [0.000116284179967, 0.00101220188662, 0.000754842360038, 0.000928232679144, -8.44001333462e-005, 0.000679816119373, -0.00235332618468, -0.0020822416991, 0.012470562011, -0.00477136019617, 0.00010107106209, 4.56274938188e-005, -0.000575955433305], [9.52885020524e-005, 0.000436677102698, -0.000577286584303, -0.00100845086854, -0.000539951201063, 0.00102592504118, 0.00077076931484, -0.00143152975943, -0.00477136019617, 0.0142017556354, -0.0033263002988, 0.000566376955248, -0.000603669031989], [0.000449564278824, 2.6117413654e-005, 0.00111386063509, 0.00130917166825, -0.00065773591632, -0.00272101932205, -0.000675303046592, 0.000820328481495, 0.00010107106209, -0.0033263002988, 0.0134870484471, -0.00493379170075, 0.00625347625464], [0.000112554131192, 0.000561284366995, -0.000847456743941, -0.000673950824421, -0.000295305158943, -0.000501437112689, -0.000513312639669, 0.000107847816253, 4.56274938188e-005, 0.000566376955248, -0.00493379170075, 0.0140735665336, -0.00468125473708], [0.000104061473394, -0.000118783165817, 0.000675971212331, -0.0016059440095, -0.00069313403219, 0.000383312260965, 1.22659675981e-005, 1.7472782929e-005, -0.000575955433305, -0.000603669031989, 0.00625347625464, -0.00468125473708, 0.0131924822927]]
    },
    "spectral_contrast_coeffs": {
        "mean": [-0.62957495451, -0.745734870434, -0.747843801975, -0.724436402321, -0.739588618279, -0.70053845644],
        "var": [0.00658104615286, 0.00454746047035, 0.00451009348035, 0.00503767374903, 0.00232861121185, 0.00234472705051]
    },
    "spectral_contrast_valleys": {
        "mean": [-8.56233119965, -7.04367589951, -7.53523921967, -7.64098072052, -7.28311681747, -10.8857698441],
        "var": [1.74114108086, 1.64259696007, 1.19961225986, 1.20476698875, 1.00919914246, 0.958787739277]
    }
},
"metadata": {
    "audio_properties": {
        "analysis_sample_rate": 44100,
        "bit_rate": 112411,
        "equal_loudness": 0,
        "length": 45.0873451233,
        "lossless": 0,
        "replay_gain": -15.1604404449,
        "sample_rate": 44100,
        "codec": "mp3",
        "downmix": "mix",
        "md5_encoded": "f65ea6fe99bc7387aeccc8fa2a41bfd3"
    },
    "tags": {
        "file_name": "39.mp3"
    },
    "version": {
        "essentia": "2.1-beta2",
        "essentia_git_sha": "v2.1_beta2",
        "extractor": "music 1.0"
    }
},
"rhythm": {
    "beats_count": 91,
    "beats_loudness": {
        "mean": 0.0236559733748,
        "var": 0.000181736264494
    },
    "bpm": 122.573226929,
    "bpm_histogram_first_peak_bpm": {
        "mean": 123,
        "var": 0
    },
    "bpm_histogram_first_peak_spread": {
        "mean": 0.493333339691,
        "var": 0
    },
    "bpm_histogram_first_peak_weight": {
        "mean": 0.422222226858,
        "var": 0
    },
    "bpm_histogram_second_peak_bpm": {
        "mean": 117,
        "var": 0
    },
    "bpm_histogram_second_peak_spread": {
        "mean": 0.307692319155,
        "var": 0
    },
    "bpm_histogram_second_peak_weight": {
        "mean": 0.10000000149,
        "var": 0
    },
    "danceability": 0.936483383179,
    "onset_rate": 3.56946802139,
    "beats_loudness_band_ratio": {
        "mean": [0.141714081168, 0.187406554818, 0.189579665661, 0.239036470652, 0.197468876839, 0.0936340689659],
        "var": [0.0121550848708, 0.0290990322828, 0.0139961028472, 0.0569529794157, 0.0211907159537, 0.00642337184399]
    },
    "beats_position": [0.49922901392, 1.01006805897, 1.52090704441, 2.04335594177, 2.54258489609, 3.06503391266, 3.58748292923, 4.09832191467, 4.59755086899, 5.0967798233, 5.58439922333, 6.08362817764, 6.58285713196, 7.08208608627, 7.58131504059, 8.08054447174, 8.57977294922, 9.07900238037, 9.57823085785, 10.077460289, 10.5650787354, 11.0526981354, 11.5403175354, 12.0279359818, 12.5155553818, 13.0031747818, 13.479183197, 13.966802597, 14.4544210434, 14.9536504745, 15.4412698746, 15.9288883209, 16.4165077209, 16.9273471832, 17.4149665833, 17.9141941071, 18.4134235382, 18.9010429382, 19.3886623383, 19.8762817383, 20.363899231, 20.8631286621, 21.3623580933, 21.8499774933, 22.3259868622, 22.8019943237, 23.3012237549, 23.800453186, 24.2880725861, 24.7756919861, 25.2633094788, 25.7509288788, 26.2385482788, 26.7261676788, 27.2137870789, 27.7014045715, 28.1890239716, 28.6766433716, 29.1642627716, 29.6402721405, 30.1162815094, 30.5922889709, 31.0682983398, 31.5559177399, 32.0435371399, 32.5079345703, 32.9955558777, 33.4831733704, 33.99401474, 34.5164604187, 35.0273017883, 35.5265312195, 36.0141487122, 36.5017662048, 36.9893875122, 37.4886169434, 37.9646263123, 38.4290237427, 38.9050331116, 39.3810424805, 39.8570518494, 40.3330612183, 40.8206787109, 41.3083000183, 41.8075294495, 42.3067550659, 42.8059844971, 43.3052139282, 43.8160552979, 44.3268928528, 44.8377304077]
},
"tonal": {
    "chords_changes_rate": 0.0771604925394,
    "chords_number_rate": 0.0102880662307,
    "chords_strength": {
        "mean": 0.498375654221,
        "var": 0.00811547599733
    },
    "hpcp_entropy": {
        "mean": 2.21892547607,
        "var": 0.615172326565
    },
    "key_strength": 0.564929425716,
    "tuning_diatonic_strength": 0.530921697617,
    "tuning_equal_tempered_deviation": 0.107561290264,
    "tuning_frequency": 439.745910645,
    "tuning_nontempered_energy_ratio": 0.799931108952,
    "hpcp": {
        "mean": [0.264839977026, 0.197534754872, 0.120302647352, 0.110680706799, 0.121310696006, 0.209981292486, 0.303005188704, 0.2322050035, 0.121907867491, 0.094057969749, 0.093432970345, 0.105607941747, 0.11051402241, 0.107626415789, 0.19993878901, 0.312391012907, 0.255949407816, 0.187511771917, 0.195120975375, 0.162782296538, 0.212348476052, 0.400311529636, 0.390717089176, 0.238561689854, 0.156644627452, 0.104163825512, 0.135892644525, 0.225561067462, 0.229509964585, 0.207529976964, 0.222118213773, 0.17752841115, 0.141814425588, 0.130026876926, 0.120525091887, 0.191831111908],
        "var": [0.0869178473949, 0.0584629513323, 0.033095497638, 0.0281190499663, 0.0254540368915, 0.0514228306711, 0.0922271981835, 0.0584162026644, 0.0248554162681, 0.0152062792331, 0.0146344238892, 0.017668325454, 0.0230274200439, 0.0207345131785, 0.0519460849464, 0.110408484936, 0.0831474661827, 0.0518716685474, 0.0638248994946, 0.050331544131, 0.0544818416238, 0.132113918662, 0.122000932693, 0.0729630813003, 0.0470220856369, 0.0236619561911, 0.0307045727968, 0.0769614875317, 0.0739295706153, 0.056491818279, 0.0739761814475, 0.0617210902274, 0.0360698476434, 0.0307656303048, 0.0233193542808, 0.0443321242929]
    },
    "chords_histogram": [13.0658435822, 1.33744859695, 10.9053497314, 0.102880656719, 2.16049385071, 0, 0, 0, 0, 0, 0, 0, 0, 0.102880656719, 0, 4.52674913406, 0, 0.925925910473, 2.05761313438, 36.2139930725, 13.1687240601, 14.1975307465, 1.23456788063, 0],
    "thpcp": [1, 0.976032555103, 0.595940113068, 0.391306817532, 0.260206907988, 0.339467227459, 0.563463807106, 0.573328375816, 0.518421173096, 0.554863393307, 0.44347563386, 0.354260146618, 0.324814230204, 0.301078230143, 0.479204565287, 0.661584675312, 0.493452578783, 0.300522565842, 0.276486426592, 0.303040713072, 0.524544715881, 0.756923437119, 0.580060720444, 0.304532498121, 0.234961926937, 0.233400642872, 0.263814389706, 0.276070058346, 0.26885664463, 0.499457985163, 0.780369758606, 0.639375567436, 0.468414604664, 0.487422823906, 0.406639039516, 0.530458033085],
    "chords_key": "E",
    "chords_scale": "minor",
    "key_key": "A",
    "key_scale": "major"
}
}