{
"lowlevel": {
    "average_loudness": 0.949899017811,
    "barkbands_crest": {
        "mean": 12.1874675751,
        "var": 19.2547130585
    },
    "barkbands_flatness_db": {
        "mean": 0.131769642234,
        "var": 0.00215190579183
    },
    "barkbands_kurtosis": {
        "mean": 3.76823616028,
        "var": 63.8868484497
    },
    "barkbands_skewness": {
        "mean": 1.53079164028,
        "var": 1.73336601257
    },
    "barkbands_spread": {
        "mean": 26.3156757355,
        "var": 141.775817871
    },
    "dissonance": {
        "mean": 0.483160465956,
        "var": 0.000355770229362
    },
    "dynamic_complexity": 2.83663702011,
    "erbbands_crest": {
        "mean": 7.51629781723,
        "var": 16.027885437
    },
    "erbbands_flatness_db": {
        "mean": 0.14505559206,
        "var": 0.00113220745698
    },
    "erbbands_kurtosis": {
        "mean": 0.33409640193,
        "var": 7.55885362625
    },
    "erbbands_skewness": {
        "mean": -0.315562576056,
        "var": 0.417018920183
    },
    "erbbands_spread": {
        "mean": 41.2780799866,
        "var": 323.118682861
    },
    "hfc": {
        "mean": 26.4385452271,
        "var": 342.82043457
    },
    "melbands_crest": {
        "mean": 16.3358879089,
        "var": 36.2114524841
    },
    "melbands_flatness_db": {
        "mean": 0.196112185717,
        "var": 0.0049269059673
    },
    "melbands_kurtosis": {
        "mean": 15.8555927277,
        "var": 407.730712891
    },
    "melbands_skewness": {
        "mean": 3.11025428772,
        "var": 3.3286690712
    },
    "melbands_spread": {
        "mean": 26.5491809845,
        "var": 467.810577393
    },
    "pitch_salience": {
        "mean": 0.536347210407,
        "var": 0.0176161397249
    },
    "silence_rate_20dB": {
        "mean": 1,
        "var": 0
    },
    "silence_rate_30dB": {
        "mean": 0.99330586195,
        "var": 0.00664932886139
    },
    "silence_rate_60dB": {
        "mean": 0.0952626168728,
        "var": 0.0861876606941
    },
    "spectral_centroid": {
        "mean": 1868.64697266,
        "var": 595376.75
    },
    "spectral_complexity": {
        "mean": 29.2358398438,
        "var": 226.777984619
    },
    "spectral_decrease": {
        "mean": -1.15383187449e-008,
        "var": 4.7063814071e-017
    },
    "spectral_energy": {
        "mean": 0.0459463223815,
        "var": 0.000719241797924
    },
    "spectral_energyband_high": {
        "mean": 0.00111268891487,
        "var": 2.37676999859e-006
    },
    "spectral_energyband_low": {
        "mean": 0.0278501175344,
        "var": 0.000462286785478
    },
    "spectral_energyband_middle_high": {
        "mean": 0.00757585931569,
        "var": 3.45305998053e-005
    },
    "spectral_energyband_middle_low": {
        "mean": 0.011109912768,
        "var": 8.0517558672e-005
    },
    "spectral_entropy": {
        "mean": 7.76523685455,
        "var": 0.0960078686476
    },
    "spectral_flux": {
        "mean": 0.0987082794309,
        "var": 0.00280490890145
    },
    "spectral_kurtosis": {
        "mean": 3.50595498085,
        "var": 4.17572689056
    },
    "spectral_rms": {
        "mean": 0.00624164240435,
        "var": 5.86758096688e-006
    },
    "spectral_rolloff": {
        "mean": 1625.30297852,
        "var": 2956524.25
    },
    "spectral_skewness": {
        "mean": 1.18591320515,
        "var": 0.141926422715
    },
    "spectral_spread": {
        "mean": 3954241.5,
        "var": 3.0798011433e+012
    },
    "spectral_strongpeak": {
        "mean": 0.504701256752,
        "var": 0.192622423172
    },
    "zerocrossingrate": {
        "mean": 0.064231865108,
        "var": 0.00229638372548
    },
    "barkbands": {
        "mean": [0.000888337846845, 0.0215930119157, 0.00377540918998, 0.00257792137563, 0.00374357239343, 0.00201046746224, 0.000951949972659, 0.000551059434656, 0.00108599651139, 0.000498113862704, 0.00121818215121, 0.000869896204676, 0.00078093475895, 0.000621938961558, 0.000586744688917, 0.000803587550763, 0.000700148986652, 0.000672978116199, 0.000631264527328, 0.000514673942234, 0.0002757954353, 0.000279698666418, 0.000110633467557, 0.000112701825856, 5.66530652577e-005, 3.20323269989e-005, 2.66542429017e-006],
        "var": [3.23756103171e-006, 0.000362741848221, 3.17315316352e-005, 1.31236811285e-005, 1.29815416585e-005, 1.25926744658e-005, 3.05017761093e-006, 1.03025570297e-006, 2.78749257632e-006, 5.45301929833e-007, 3.32618333232e-006, 1.44632508636e-006, 2.15931481762e-006, 4.6170140422e-007, 3.71055307369e-007, 8.88287786438e-007, 6.46821376904e-007, 9.88658939605e-007, 4.89192927944e-007, 2.75475372291e-007, 1.94913781115e-007, 2.19712049443e-007, 1.38673954098e-007, 7.78133426138e-007, 9.69129914097e-008, 2.86826047358e-008, 1.49271053851e-010]
    },
    "erbbands": {
        "mean": [0.664282679558, 4.5385799408, 5.62543869019, 7.33239555359, 10.3905687332, 11.370256424, 18.0136795044, 13.5600757599, 13.7675142288, 12.4334411621, 13.3596668243, 24.2850627899, 20.7725105286, 22.342376709, 55.1462745667, 35.5139808655, 37.1485061646, 33.8800964355, 28.6516704559, 38.5665588379, 41.7219352722, 39.2379798889, 37.7052383423, 31.3690166473, 32.4659461975, 24.5928859711, 14.7906885147, 9.36174869537, 12.7375144958, 4.5131354332, 2.99262332916, 2.68771219254, 1.69947433472, 0.812194824219, 0.310922026634, 0.169277057052, 0.0512972958386, 0.00965807400644, 0.000274620659184, 6.10664719716e-005],
        "var": [0.753026485443, 12.7862815857, 39.3597755432, 90.612411499, 168.546707153, 148.316497803, 1023.9206543, 473.5652771, 548.721069336, 489.974609375, 298.059387207, 1894.21472168, 596.608459473, 647.350891113, 7362.81152344, 2095.4777832, 5094.16064453, 1451.67346191, 816.096008301, 1651.90795898, 2317.48486328, 2024.27722168, 2685.38208008, 2124.19628906, 1117.13623047, 658.67010498, 498.509857178, 189.880813599, 606.276184082, 40.4981269836, 168.731536865, 428.043273926, 301.677947998, 32.3015785217, 1.7452737093, 1.49888455868, 0.0498212128878, 0.00156211422291, 1.43825855048e-006, 1.74033121247e-009]
    },
    "gfcc": {
        "mean": [19.6869125366, 93.7578201294, -124.755889893, 52.5493888855, -45.1988983154, 16.2894535065, -25.4534244537, 7.6911072731, -23.0073471069, 1.8355191946, -12.8047161102, 3.28155827522, -8.62254714966],
        "cov": [[7855.22119141, 1871.27941895, -151.960998535, 360.971008301, 152.87538147, 272.509674072, 109.286552429, 67.0623245239, 163.64100647, -0.606080770493, 211.751327515, 40.2378501892, 191.767059326], [1871.27941895, 1922.21203613, -18.2757282257, 227.37071228, 278.961547852, 94.2291870117, 332.038482666, -59.292263031, 316.694061279, -161.78288269, 241.012145996, -132.782318115, 229.778121948], [-151.960998535, -18.2757282257, 731.915344238, -4.66711807251, -119.229263306, 5.71944475174, 3.92724895477, 25.1989841461, -74.829460144, 65.811088562, -85.3880157471, 22.4692554474, -114.812889099], [360.971008301, 227.37071228, -4.66711807251, 211.498565674, 51.3734512329, -17.4469661713, 67.3169250488, 2.74547719955, 54.454574585, -41.8275718689, 49.8931465149, -26.7307662964, 33.8382263184], [152.87538147, 278.961547852, -119.229263306, 51.3734512329, 232.075317383, 37.5359954834, 64.0859680176, 25.1854057312, 69.5742034912, -38.9027404785, 57.4612312317, -9.0289068222, 71.1106338501], [272.509674072, 94.2291870117, 5.71944475174, -17.4469661713, 37.5359954834, 142.906158447, 24.1056613922, 13.9705219269, 28.2491359711, 6.7604265213, 14.793299675, -2.3632683754, 34.8082542419], [109.286552429, 332.038482666, 3.92724895477, 67.3169250488, 64.0859680176, 24.1056613922, 176.068237305, -17.8356132507, 84.4569778442, -33.4507408142, 40.456817627, -15.1929674149, 28.99883461], [67.0623245239, -59.292263031, 25.1989841461, 2.74547719955, 25.1854057312, 13.9705219269, -17.8356132507, 119.951171875, 6.54636287689, 9.2394361496, -4.50312709808, -2.6404235363, -0.76167422533], [163.64100647, 316.694061279, -74.829460144, 54.454574585, 69.5742034912, 28.2491359711, 84.4569778442, 6.54636287689, 208.096176147, -17.8219451904, 42.5310897827, -24.7466182709, 52.2463340759], [-0.606080770493, -161.78288269, 65.811088562, -41.8275718689, -38.9027404785, 6.7604265213, -33.4507408142, 9.2394361496, -17.8219451904, 110.488327026, -20.2666511536, 19.0152873993, -24.4925842285], [211.751327515, 241.012145996, -85.3880157471, 49.8931465149, 57.4612312317, 14.793299675, 40.456817627, -4.50312709808, 42.5310897827, -20.2666511536, 117.464775085, -10.3025722504, 62.3163604736], [40.2378501892, -132.782318115, 22.4692554474, -26.7307662964, -9.0289068222, -2.3632683754, -15.1929674149, -2.6404235363, -24.7466182709, 19.0152873993, -10.3025722504, 91.6853713989, -12.1664543152], [191.767059326, 229.778121948, -114.812889099, 33.8382263184, 71.1106338501, 34.8082542419, 28.99883461, -0.76167422533, 52.2463340759, -24.4925842285, 62.3163604736, -12.1664543152, 121.20816803]],
        "icov": [[0.000302271160763, -0.000648858258501, 0.000372120674001, -0.000662449630909, 0.000385998748243, -0.000635609205347, 0.000615974189714, -0.000444468809292, 0.000411931454437, -0.00061807181919, 0.000403094309149, -0.000895361241419, 0.000495594285894], [-0.000648858258501, 0.00293894158676, -0.00152888195589, 0.00151537661441, -0.00148504471872, 0.00135196500923, -0.00252951704897, 0.00176459900104, -0.00192446238361, 0.00240951706655, -0.00243811821565, 0.00326363858767, -0.00241934903897], [0.000372120674001, -0.00152888195589, 0.00268272985704, -0.00140868942253, 0.00142627290916, -0.00132338760886, 0.000540724839084, -0.00144039932638, 0.00149619055446, -0.00204254011624, 0.00189245899674, -0.00192934297957, 0.00242462893948], [-0.000662449630909, 0.00151537661441, -0.00140868942253, 0.00796257145703, -0.00133468059357, 0.00302284094505, -0.00284025655128, 0.000560966494959, -0.00157877849415, 0.002814614214, -0.00276450067759, 0.00308416923508, -0.00180382386316], [0.000385998748243, -0.00148504471872, 0.00142627290916, -0.00133468059357, 0.00722819380462, -0.0016330962535, -0.000137887793244, -0.0026127290912, 0.00051498983521, -0.000267889234237, 0.000431872467743, -0.00231806188822, -0.000557750870939], [-0.000635609205347, 0.00135196500923, -0.00132338760886, 0.00302284094505, -0.0016330962535, 0.00979520659894, -0.0023336422164, 0.000112989568152, -0.00128251058049, 0.000482568400912, -0.000822962494567, 0.0021258557681, -0.00366380577907], [0.000615974189714, -0.00252951704897, 0.000540724839084, -0.00284025655128, -0.000137887793244, -0.0023336422164, 0.0110775567591, 0.00039520667633, -0.00111558870412, -0.000591531163082, 0.000742430449463, -0.00282784807496, 0.00292490562424], [-0.000444468809292, 0.00176459900104, -0.00144039932638, 0.000560966494959, -0.0026127290912, 0.000112989568152, 0.00039520667633, 0.010382803157, -0.00180877419189, 0.000855846155901, -0.00105683808215, 0.00246698921546, -0.000948336557485], [0.000411931454437, -0.00192446238361, 0.00149619055446, -0.00157877849415, 0.00051498983521, -0.00128251058049, -0.00111558870412, -0.00180877419189, 0.00814799498767, -0.00237733707763, 0.00159800355323, -0.00110901310109, 0.000250798038905], [-0.00061807181919, 0.00240951706655, -0.00204254011624, 0.002814614214, -0.000267889234237, 0.000482568400912, -0.000591531163082, 0.000855846155901, -0.00237733707763, 0.0132123548537, -0.0023670559749, 0.00119909888599, -0.00111308530904], [0.000403094309149, -0.00243811821565, 0.00189245899674, -0.00276450067759, 0.000431872467743, -0.000822962494567, 0.000742430449463, -0.00105683808215, 0.00159800355323, -0.0023670559749, 0.015276494436, -0.00261454610154, -0.00293626543134], [-0.000895361241419, 0.00326363858767, -0.00192934297957, 0.00308416923508, -0.00231806188822, 0.0021258557681, -0.00282784807496, 0.00246698921546, -0.00110901310109, 0.00119909888599, -0.00261454610154, 0.0156696792692, -0.00238002929837], [0.000495594285894, -0.00241934903897, 0.00242462893948, -0.00180382386316, -0.000557750870939, -0.00366380577907, 0.00292490562424, -0.000948336557485, 0.000250798038905, -0.00111308530904, -0.00293626543134, -0.00238002929837, 0.0164642240852]]
    },
    "melbands": {
        "mean": [0.00601760391146, 0.00415877765045, 0.00131972879171, 0.000804145412985, 0.000593357312027, 0.000315794866765, 0.000215497551835, 0.000129361069412, 0.000117629038868, 0.000155927613378, 0.000100721917988, 7.80521513661e-005, 0.000186241362826, 0.000107827909233, 8.91658710316e-005, 7.52878404455e-005, 6.05492350587e-005, 4.42926975666e-005, 4.54403198091e-005, 5.69280418858e-005, 4.67930913146e-005, 3.9238260797e-005, 3.89796041418e-005, 3.22701489495e-005, 2.37335789279e-005, 2.52251793427e-005, 2.04493953788e-005, 1.5350888134e-005, 1.0030455087e-005, 6.71722591505e-006, 4.62026446257e-006, 8.06367916084e-006, 3.99246846428e-006, 2.00474050871e-006, 1.55863733653e-006, 2.02792080017e-006, 1.4632962575e-006, 1.27045188947e-006, 8.97688380519e-007, 6.08911193467e-007],
        "var": [3.86104366044e-005, 9.85281894827e-006, 2.59742046183e-006, 6.51974346511e-007, 9.08450431325e-007, 2.69583296131e-007, 1.36801133976e-007, 6.08264443258e-008, 2.62955950348e-008, 6.36577510704e-008, 1.54175747724e-008, 9.83659731446e-009, 8.01752406687e-008, 2.35975878837e-008, 2.69932503016e-008, 1.75216090526e-008, 4.61938176599e-009, 2.19179341343e-009, 2.23073426397e-009, 4.51858506167e-009, 3.14480486097e-009, 2.15714046625e-009, 3.44361095195e-009, 2.11237005665e-009, 1.60859248144e-009, 8.26186175029e-010, 4.76365558111e-010, 3.05850955673e-010, 2.17503043354e-010, 1.59267127264e-010, 5.65693325516e-011, 2.7545071779e-010, 3.35909598748e-011, 1.35481660613e-011, 4.93760136944e-011, 1.0488813984e-010, 2.06232725342e-010, 1.94654750652e-010, 6.15635598056e-011, 2.16532590469e-011]
    },
    "mfcc": {
        "mean": [-616.052978516, 115.594108582, -11.5118169785, 39.9295921326, 5.29766798019, 15.4387521744, 7.96871471405, 9.76544475555, 0.653213977814, 2.86175465584, -1.92798221111, 1.99205672741, 1.5505130291],
        "cov": [[5902.03320313, 1450.71704102, -78.1552810669, 228.716781616, 271.145996094, 226.387054443, 140.642715454, 186.704910278, 63.0798072815, 156.819976807, 77.1785812378, -6.76503801346, 84.196762085], [1450.71704102, 1332.25427246, 82.6908874512, 178.555282593, 93.8729705811, 174.684509277, 88.0660400391, 150.312255859, 86.3734436035, 109.711036682, 35.428062439, 39.3815956116, 34.0099868774], [-78.1552810669, 82.6908874512, 634.596191406, 54.4556694031, -75.0566635132, 2.74685692787, 8.7105178833, -29.1852664948, -20.4572868347, -0.35721001029, 33.9681015015, 1.44778311253, -27.1497077942], [228.716781616, 178.555282593, 54.4556694031, 240.643463135, 10.9132938385, 11.3656263351, 25.6544513702, 44.5844535828, 4.54590797424, 27.242017746, 17.5040054321, -0.265324950218, -7.13953781128], [271.145996094, 93.8729705811, -75.0566635132, 10.9132938385, 166.922439575, -5.26665830612, 23.9237480164, 32.659538269, 29.3379821777, 21.5849094391, 2.59175086021, -0.974618375301, 10.4486474991], [226.387054443, 174.684509277, 2.74685692787, 11.3656263351, -5.26665830612, 143.18800354, 12.8455610275, 23.4170589447, 23.1564006805, 23.4454669952, -0.0255525633693, 14.8964481354, 12.4998922348], [140.642715454, 88.0660400391, 8.7105178833, 25.6544513702, 23.9237480164, 12.8455610275, 132.589187622, 13.8977994919, -9.59712696075, -6.93435907364, -9.29027748108, -5.01759767532, 12.1057443619], [186.704910278, 150.312255859, -29.1852664948, 44.5844535828, 32.659538269, 23.4170589447, 13.8977994919, 133.223495483, 32.9291648865, 17.7643566132, 16.2184696198, 7.16380691528, 4.86152505875], [63.0798072815, 86.3734436035, -20.4572868347, 4.54590797424, 29.3379821777, 23.1564006805, -9.59712696075, 32.9291648865, 102.159576416, 40.1630973816, 12.2605276108, 15.8662633896, 8.93368625641], [156.819976807, 109.711036682, -0.35721001029, 27.242017746, 21.5849094391, 23.4454669952, -6.93435907364, 17.7643566132, 40.1630973816, 109.046234131, 21.2623558044, 14.1694736481, 2.66686439514], [77.1785812378, 35.428062439, 33.9681015015, 17.5040054321, 2.59175086021, -0.0255525633693, -9.29027748108, 16.2184696198, 12.2605276108, 21.2623558044, 78.1292037964, 16.0247459412, -3.20622730255], [-6.76503801346, 39.3815956116, 1.44778311253, -0.265324950218, -0.974618375301, 14.8964481354, -5.01759767532, 7.16380691528, 15.8662633896, 14.1694736481, 16.0247459412, 67.8686981201, 7.04841423035], [84.196762085, 34.0099868774, -27.1497077942, -7.13953781128, 10.4486474991, 12.4998922348, 12.1057443619, 4.86152505875, 8.93368625641, 2.66686439514, -3.20622730255, 7.04841423035, 64.1878967285]],
        "icov": [[0.000253898906521, -0.000238008287852, 4.52141575806e-005, -3.82030702895e-005, -0.000266139162704, -0.000143520388519, -2.65714970737e-005, 1.15002139864e-005, 0.000200230817427, -9.39776437008e-005, -0.000210504760616, 0.000227607029956, -0.000176120971446], [-0.000238008287852, 0.00141311041079, -0.000243298884016, -0.000491345825139, -0.00018644357624, -0.000963101978414, -0.000414881011238, -0.000733944470994, -0.000368567445548, -0.000461774034193, 0.000187012337847, -0.000434578338172, -0.000114814167318], [4.52141575806e-005, -0.000243298884016, 0.00183988141362, -0.000329689501086, 0.000783167139161, 7.5412732258e-005, -0.000252729834756, 0.000586465292145, 0.000106259423774, 8.71483280207e-005, -0.000879043596797, 0.000121819124615, 0.000596530677285], [-3.82030702895e-005, -0.000491345825139, -0.000329689501086, 0.00503894779831, 0.00017842631496, 0.000477127730846, -0.000619405414909, -0.00123802002054, 0.000615317141637, -0.000890371098649, -0.000447440281278, 0.000364807026926, 0.000709046958946], [-0.000266139162704, -0.00018644357624, 0.000783167139161, 0.00017842631496, 0.00765970209613, 0.00151656230446, -0.00123927160166, -0.000832528341562, -0.00169985694811, -0.000696089933626, 0.00010844602366, 0.000378689699573, -0.000217084292672], [-0.000143520388519, -0.000963101978414, 7.5412732258e-005, 0.000477127730846, 0.00151656230446, 0.00899305101484, -0.000425626407377, -0.00043471364188, -0.00104964873753, -0.000777000677772, 0.00101179152261, -0.0011466316646, -0.000746620411519], [-2.65714970737e-005, -0.000414881011238, -0.000252729834756, -0.000619405414909, -0.00123927160166, -0.000425626407377, 0.00865230709314, -0.000407253508456, 0.00134630897082, 0.000847698422149, 0.0010305485921, 0.000415322574554, -0.00145419337787], [1.15002139864e-005, -0.000733944470994, 0.000586465292145, -0.00123802002054, -0.000832528341562, -0.00043471364188, -0.000407253508456, 0.00981055852026, -0.00223206123337, 0.000776542001404, -0.00159446359612, 0.000140649528475, 0.000221399459406], [0.000200230817427, -0.000368567445548, 0.000106259423774, 0.000615317141637, -0.00169985694811, -0.00104964873753, 0.00134630897082, -0.00223206123337, 0.0133535657078, -0.00369602488354, -0.000391411304008, -0.00136503891554, -0.00113236811012], [-9.39776437008e-005, -0.000461774034193, 8.71483280207e-005, -0.000890371098649, -0.000696089933626, -0.000777000677772, 0.000847698422149, 0.000776542001404, -0.00369602488354, 0.0120930783451, -0.00210542185232, -0.000805129355285, 0.000346921005985], [-0.000210504760616, 0.000187012337847, -0.000879043596797, -0.000447440281278, 0.00010844602366, 0.00101179152261, 0.0010305485921, -0.00159446359612, -0.000391411304008, -0.00210542185232, 0.0151787670329, -0.00321619911119, 0.00072048016591], [0.000227607029956, -0.000434578338172, 0.000121819124615, 0.000364807026926, 0.000378689699573, -0.0011466316646, 0.000415322574554, 0.000140649528475, -0.00136503891554, -0.000805129355285, -0.00321619911119, 0.0167015120387, -0.00167471589521], [-0.000176120971446, -0.000114814167318, 0.000596530677285, 0.000709046958946, -0.000217084292672, -0.000746620411519, -0.00145419337787, 0.000221399459406, -0.00113236811012, 0.000346921005985, 0.00072048016591, -0.00167471589521, 0.0170036014169]]
    },
    "spectral_contrast_coeffs": {
        "mean": [-0.66650891304, -0.756761908531, -0.793907642365, -0.806663513184, -0.78721767664, -0.707486391068],
        "var": [0.00639817351475, 0.00428780866787, 0.00241386331618, 0.00134640338365, 0.00172281637788, 0.00261832284741]
    },
    "spectral_contrast_valleys": {
        "mean": [-6.87284612656, -6.75279521942, -6.92926168442, -7.13595628738, -6.94507360458, -10.3164234161],
        "var": [2.30421352386, 1.47754836082, 1.46700680256, 1.46945083141, 1.22544050217, 0.997012078762]
    }
},
"metadata": {
    "audio_properties": {
        "analysis_sample_rate": 44100,
        "bit_rate": 112086,
        "equal_loudness": 0,
        "length": 45.0612258911,
        "lossless": 0,
        "replay_gain": -12.1780910492,
        "sample_rate": 44100,
        "codec": "mp3",
        "downmix": "mix",
        "md5_encoded": "4569b346c651bad6da0a44beebba0a8a"
    },
    "tags": {
        "file_name": "390.mp3"
    },
    "version": {
        "essentia": "2.1-beta2",
        "essentia_git_sha": "v2.1_beta2",
        "extractor": "music 1.0"
    }
},
"rhythm": {
    "beats_count": 75,
    "beats_loudness": {
        "mean": 0.05405748263,
        "var": 0.000832629972138
    },
    "bpm": 99.6537857056,
    "bpm_histogram_first_peak_bpm": {
        "mean": 99,
        "var": 0
    },
    "bpm_histogram_first_peak_spread": {
        "mean": 0.294117629528,
        "var": 0
    },
    "bpm_histogram_first_peak_weight": {
        "mean": 0.648648619652,
        "var": 0
    },
    "bpm_histogram_second_peak_bpm": {
        "mean": 120,
        "var": 0
    },
    "bpm_histogram_second_peak_spread": {
        "mean": 0.166666671634,
        "var": 0
    },
    "bpm_histogram_second_peak_weight": {
        "mean": 0.0675675645471,
        "var": 0
    },
    "danceability": 0.968833744526,
    "onset_rate": 3.32730412483,
    "beats_loudness_band_ratio": {
        "mean": [0.553478181362, 0.121974349022, 0.0588799789548, 0.0831023454666, 0.121596440673, 0.0943678244948],
        "var": [0.0617757998407, 0.0100471908227, 0.00256603164598, 0.00472823437303, 0.032255616039, 0.0117879165336]
    },
    "beats_position": [0.638548731804, 1.25387752056, 1.88081634045, 2.48453521729, 3.08825397491, 3.69197273254, 4.29569149017, 4.88780021667, 5.47990942001, 6.08362817764, 6.68734693527, 7.27945566177, 7.87156438828, 8.47528362274, 9.07900238037, 9.682721138, 10.2864398956, 10.8901586533, 11.4938774109, 12.0975961685, 12.7013149261, 13.2934236526, 13.8971424103, 14.4892511368, 15.0929698944, 15.696688652, 16.3004074097, 16.904127121, 17.5194549561, 18.1115646362, 18.7152824402, 19.3073921204, 19.9111099243, 20.5148296356, 21.1301574707, 21.733877182, 22.3375968933, 22.9413146973, 23.5450344086, 24.1371421814, 24.7292518616, 25.3213596344, 25.9134693146, 26.5171871185, 27.1209068298, 27.7246246338, 28.3283443451, 28.9436721802, 29.5590019226, 30.1511096954, 30.7432193756, 31.3469390869, 31.9506568909, 32.5543746948, 33.146484375, 33.750202179, 34.3423118591, 34.9344215393, 35.5265312195, 36.1302490234, 36.7339668274, 37.3376846313, 37.94140625, 38.545124054, 39.1488418579, 39.7409515381, 40.3562812805, 40.9716110229, 41.5869369507, 42.0861663818, 42.585395813, 43.0962333679, 43.5954627991, 44.0946922302, 44.5939216614]
},
"tonal": {
    "chords_changes_rate": 0.0596707835793,
    "chords_number_rate": 0.00925925932825,
    "chords_strength": {
        "mean": 0.477885216475,
        "var": 0.00973386596888
    },
    "hpcp_entropy": {
        "mean": 2.43323636055,
        "var": 0.631492376328
    },
    "key_strength": 0.693800210953,
    "tuning_diatonic_strength": 0.533313333988,
    "tuning_equal_tempered_deviation": 0.203522488475,
    "tuning_frequency": 434.193115234,
    "tuning_nontempered_energy_ratio": 0.91569763422,
    "hpcp": {
        "mean": [0.115736052394, 0.128634661436, 0.10076854378, 0.0757319778204, 0.0641642585397, 0.069872841239, 0.10584371537, 0.118711329997, 0.120261728764, 0.164105221629, 0.156726613641, 0.10676574707, 0.0957888290286, 0.102901779115, 0.132889360189, 0.287997990847, 0.372340261936, 0.22951310873, 0.114058829844, 0.086920581758, 0.0796849131584, 0.0979790538549, 0.100935809314, 0.135036796331, 0.20798240602, 0.161484465003, 0.0840447321534, 0.0953917875886, 0.0907857865095, 0.0983222052455, 0.204780936241, 0.215171396732, 0.116873160005, 0.0853974074125, 0.080729201436, 0.0844571143389],
        "var": [0.039876498282, 0.0436913222075, 0.0302656050771, 0.0239171180874, 0.0204906929284, 0.0200557410717, 0.0423189103603, 0.0484551675618, 0.0403755605221, 0.0759404078126, 0.0719778239727, 0.0379287265241, 0.0375965982676, 0.0377722755075, 0.0493904426694, 0.105427607894, 0.154777258635, 0.0733931139112, 0.0431682616472, 0.0306778438389, 0.0224610771984, 0.0330628342927, 0.0348246060312, 0.0369164049625, 0.106028959155, 0.0680408552289, 0.0289834346622, 0.0310062989593, 0.0215978901833, 0.023835208267, 0.107216708362, 0.111130252481, 0.0396042466164, 0.0359081812203, 0.0361714959145, 0.0291435178369]
    },
    "chords_histogram": [19.855966568, 36.7283935547, 3.29218101501, 0, 0, 0, 0.205761313438, 0, 0, 0, 0, 0, 0, 0.514403283596, 0, 3.29218101501, 0, 0.720164597034, 0, 8.02469158173, 6.27572011948, 2.88065838814, 15.7407407761, 2.46913576126],
    "thpcp": [1, 0.616406917572, 0.306329578161, 0.233443945646, 0.214010998607, 0.263143867254, 0.271084874868, 0.3626704216, 0.558581590652, 0.433701336384, 0.225720241666, 0.256195187569, 0.243824794888, 0.264065474272, 0.54998332262, 0.577889144421, 0.313888043165, 0.229353144765, 0.216815665364, 0.226827785373, 0.310834109783, 0.345476090908, 0.270635634661, 0.203394547105, 0.172326937318, 0.187658563256, 0.284266114235, 0.318824857473, 0.322988778353, 0.440739929676, 0.420923084021, 0.286742419004, 0.257261544466, 0.276364892721, 0.356903016567, 0.773480653763],
    "chords_key": "B",
    "chords_scale": "minor",
    "key_key": "G",
    "key_scale": "major"
}
}