{
"lowlevel": {
    "average_loudness": 0.902826189995,
    "barkbands_crest": {
        "mean": 14.6024675369,
        "var": 25.4969120026
    },
    "barkbands_flatness_db": {
        "mean": 0.22522225976,
        "var": 0.00961397774518
    },
    "barkbands_kurtosis": {
        "mean": 24.4016914368,
        "var": 2814.35351563
    },
    "barkbands_skewness": {
        "mean": 3.10847568512,
        "var": 7.59168958664
    },
    "barkbands_spread": {
        "mean": 15.0394926071,
        "var": 361.62890625
    },
    "dissonance": {
        "mean": 0.435289382935,
        "var": 0.00368027132936
    },
    "dynamic_complexity": 5.80052900314,
    "erbbands_crest": {
        "mean": 11.3732233047,
        "var": 35.8266944885
    },
    "erbbands_flatness_db": {
        "mean": 0.174533322453,
        "var": 0.00559843797237
    },
    "erbbands_kurtosis": {
        "mean": 3.36373829842,
        "var": 92.5425796509
    },
    "erbbands_skewness": {
        "mean": 0.890971302986,
        "var": 2.06267809868
    },
    "erbbands_spread": {
        "mean": 39.5866203308,
        "var": 700.379516602
    },
    "hfc": {
        "mean": 24.5643730164,
        "var": 4420.60791016
    },
    "melbands_crest": {
        "mean": 21.5009288788,
        "var": 57.5291290283
    },
    "melbands_flatness_db": {
        "mean": 0.298970848322,
        "var": 0.0112765626982
    },
    "melbands_kurtosis": {
        "mean": 46.8980712891,
        "var": 10259.9414063
    },
    "melbands_skewness": {
        "mean": 4.31550121307,
        "var": 12.1067361832
    },
    "melbands_spread": {
        "mean": 14.8111391068,
        "var": 706.570556641
    },
    "pitch_salience": {
        "mean": 0.429190248251,
        "var": 0.0255936980247
    },
    "silence_rate_20dB": {
        "mean": 1,
        "var": 0
    },
    "silence_rate_30dB": {
        "mean": 0.971678674221,
        "var": 0.0275192111731
    },
    "silence_rate_60dB": {
        "mean": 0.129763126373,
        "var": 0.112925864756
    },
    "spectral_centroid": {
        "mean": 1057.83630371,
        "var": 1181410.5
    },
    "spectral_complexity": {
        "mean": 10.6977338791,
        "var": 68.6673278809
    },
    "spectral_decrease": {
        "mean": -1.10974696099e-008,
        "var": 7.34335941541e-017
    },
    "spectral_energy": {
        "mean": 0.0441123954952,
        "var": 0.00111526832916
    },
    "spectral_energyband_high": {
        "mean": 0.00165675173048,
        "var": 4.56028137705e-005
    },
    "spectral_energyband_low": {
        "mean": 0.0240922253579,
        "var": 0.000605112349149
    },
    "spectral_energyband_middle_high": {
        "mean": 0.00240551820025,
        "var": 1.57612030307e-005
    },
    "spectral_energyband_middle_low": {
        "mean": 0.0152785852551,
        "var": 0.000274835067103
    },
    "spectral_entropy": {
        "mean": 7.13974618912,
        "var": 0.643815100193
    },
    "spectral_flux": {
        "mean": 0.0815205201507,
        "var": 0.00421757809818
    },
    "spectral_kurtosis": {
        "mean": 6.94358587265,
        "var": 114.435760498
    },
    "spectral_rms": {
        "mean": 0.00581601122394,
        "var": 9.21059654502e-006
    },
    "spectral_rolloff": {
        "mean": 970.946533203,
        "var": 4617999.5
    },
    "spectral_skewness": {
        "mean": 1.85427939892,
        "var": 0.984877884388
    },
    "spectral_spread": {
        "mean": 5129164,
        "var": 6.61341759078e+012
    },
    "spectral_strongpeak": {
        "mean": 0.756505489349,
        "var": 1.76280081272
    },
    "zerocrossingrate": {
        "mean": 0.0441235788167,
        "var": 0.0037472883705
    },
    "barkbands": {
        "mean": [0.00575979845598, 0.0160417482257, 0.00330629898235, 0.00123767927289, 0.0024035742972, 0.00657731993124, 0.00240598339587, 0.00114902248606, 0.000707616622094, 0.00136455404572, 0.000378152675694, 0.000236915031564, 0.000176350848051, 0.000145983503899, 0.000146323087392, 0.000110530039819, 9.11047609407e-005, 7.68768659327e-005, 0.000101860699942, 8.78218852449e-005, 0.000161660718732, 0.0001643399155, 0.000233461192693, 0.000440908159362, 0.000464651326183, 0.000138340998092, 3.60337116945e-006],
        "var": [0.000142775243148, 0.000313363794703, 7.95728847152e-005, 9.46670206758e-006, 1.5116483155e-005, 0.000101891215309, 3.15913239319e-005, 1.67754496943e-005, 3.05438402393e-006, 1.23931158669e-005, 3.84523764296e-006, 7.273929441e-007, 4.99770010265e-007, 1.66865959272e-007, 8.90815101684e-008, 5.95960720773e-008, 4.59731914759e-008, 1.98963494569e-008, 5.78447583166e-008, 1.15834374981e-007, 3.46339447788e-007, 2.16259465446e-007, 7.58428427616e-007, 5.02522289025e-006, 8.87359510671e-006, 8.14622694634e-007, 4.48444947843e-010]
    },
    "erbbands": {
        "mean": [0.77951335907, 2.41906404495, 3.20070028305, 5.21024465561, 4.28817462921, 6.97082471848, 34.9132347107, 51.4266319275, 44.6922645569, 24.6301460266, 27.4424648285, 16.4926700592, 43.6266441345, 28.3436012268, 12.3981685638, 10.60729599, 8.47587394714, 8.41687202454, 6.97860145569, 6.98693084717, 6.1477265358, 5.07803010941, 4.24248838425, 4.44272184372, 5.31435966492, 4.63215827942, 6.15593099594, 6.14624786377, 4.65312099457, 6.33997440338, 7.63189077377, 7.03375434875, 8.48316669464, 6.22116327286, 2.74108719826, 0.690353870392, 0.262739270926, 0.0391067750752, 0.000811613106634, 8.35228784126e-005],
        "var": [0.770273089409, 9.76002693176, 49.5204124451, 197.513916016, 102.868965149, 108.966651917, 4071.70068359, 7452.60009766, 8415.80957031, 9348.45410156, 10877.3925781, 1316.37182617, 15982.9501953, 7640.90625, 1841.83776855, 1533.95141602, 900.169799805, 486.632293701, 268.914520264, 177.150619507, 156.669036865, 149.605911255, 58.8446044922, 74.6228790283, 182.650085449, 328.324645996, 496.702880859, 509.909729004, 204.095794678, 401.807525635, 685.573913574, 1136.61120605, 2297.22094727, 1484.4519043, 348.396881104, 18.1553535461, 3.27861261368, 0.0859188511968, 2.82098008029e-005, 5.1392582634e-008]
    },
    "gfcc": {
        "mean": [-75.0995101929, 97.3911361694, -90.7057266235, 29.823141098, -62.5666351318, 13.1414337158, -33.485370636, 10.1354694366, -14.5607271194, 7.36220312119, -6.93755674362, 8.77765083313, 2.52385663986],
        "cov": [[21985.7773438, -885.105834961, -597.556091309, -62.036113739, -1016.01037598, 690.243164063, -115.952644348, 219.346099854, 130.242660522, 287.668212891, 8.37365341187, 413.947418213, -116.849861145], [-885.105834961, 3687.02783203, -174.917449951, -229.680801392, 999.787719727, -401.3409729, 607.80657959, -242.845153809, 277.486877441, -307.287200928, 289.156982422, -340.713317871, 131.611862183], [-597.556091309, -174.917449951, 1107.14050293, 416.955718994, 242.785995483, 348.90713501, 3.81667685509, 122.596954346, -23.723241806, -44.4531555176, -56.5661430359, -55.5888252258, -75.1252975464], [-62.036113739, -229.680801392, 416.955718994, 999.305175781, 369.977294922, 264.543029785, 32.3734817505, 129.303939819, 1.89436256886, -80.1509552002, -180.665679932, -96.6632843018, -49.2824058533], [-1016.01037598, 999.787719727, 242.785995483, 369.977294922, 857.059143066, 83.5979385376, 305.328369141, 33.0037841797, 104.917823792, -155.753112793, -20.7660503387, -166.400817871, -2.44294714928], [690.243164063, -401.3409729, 348.90713501, 264.543029785, 83.5979385376, 462.049530029, 67.1218566895, 118.642372131, -34.4856414795, 39.0187225342, -69.7466201782, 6.31021022797, -81.7659301758], [-115.952644348, 607.80657959, 3.81667685509, 32.3734817505, 305.328369141, 67.1218566895, 306.840148926, 8.68172740936, 62.7078933716, -19.3897037506, 65.4092941284, -54.6887626648, -8.09647941589], [219.346099854, -242.845153809, 122.596954346, 129.303939819, 33.0037841797, 118.642372131, 8.68172740936, 147.029266357, 13.6332855225, 17.108915329, -40.7198028564, 22.1633739471, -14.4941654205], [130.242660522, 277.486877441, -23.723241806, 1.89436256886, 104.917823792, -34.4856414795, 62.7078933716, 13.6332855225, 132.644012451, 0.46177944541, 39.1345062256, -12.7611732483, 41.3465576172], [287.668212891, -307.287200928, -44.4531555176, -80.1509552002, -155.753112793, 39.0187225342, -19.3897037506, 17.108915329, 0.46177944541, 136.003234863, 31.5836734772, 58.5638389587, -9.46197795868], [8.37365341187, 289.156982422, -56.5661430359, -180.665679932, -20.7660503387, -69.7466201782, 65.4092941284, -40.7198028564, 39.1345062256, 31.5836734772, 176.446624756, 37.4150695801, 43.506652832], [413.947418213, -340.713317871, -55.5888252258, -96.6632843018, -166.400817871, 6.31021022797, -54.6887626648, 22.1633739471, -12.7611732483, 58.5638389587, 37.4150695801, 152.251724243, 38.7882995605], [-116.849861145, 131.611862183, -75.1252975464, -49.2824058533, -2.44294714928, -81.7659301758, -8.09647941589, -14.4941654205, 41.3465576172, -9.46197795868, 43.506652832, 38.7882995605, 134.120864868]],
        "icov": [[6.22665393166e-005, -6.36633703834e-005, 7.04360063537e-005, -4.09946151194e-005, 0.000131648092065, -0.000182968928129, 5.80761225137e-005, -4.23094570579e-005, -0.00015889244969, 2.69638239843e-005, 3.481440217e-005, -0.000198405861738, 0.000127868363052], [-6.36633703834e-005, 0.00116952019744, -0.000101665151305, 0.000341685838066, -0.000637439661659, 0.000628859852441, -0.00120545551181, 0.000840594468173, -0.000622511084657, 0.00130312913097, -0.0010659446707, 0.00154354283586, -0.000561443739571], [7.04360063537e-005, -0.000101665151305, 0.00155361043289, -0.000294498051517, -0.000252131489106, -0.00124744081404, 0.00103125011083, -0.000584533147048, 1.50868509081e-005, 0.000422127894126, -0.000895617296919, 0.000141897296999, 0.000431755732279], [-4.09946151194e-005, 0.000341685838066, -0.000294498051517, 0.00189165212214, -0.000901489285752, -0.00027707091067, 7.90615085862e-005, -0.00033705693204, -0.000135200782097, 0.000382134225219, 0.000873623997904, 0.000830907723866, -0.000512924045324], [0.000131648092065, -0.000637439661659, -0.000252131489106, -0.000901489285752, 0.003835901618, -0.000369287095964, -0.0021500447765, -0.000502852373756, -0.00120093603618, 0.00169131963048, 0.000950398680288, 5.08217417519e-005, 9.48852612055e-005], [-0.000182968928129, 0.000628859852441, -0.00124744081404, -0.00027707091067, -0.000369287095964, 0.00517152156681, -0.00241393875331, -0.00110490806401, 0.00115751370322, -0.00104962580372, 0.000688609899953, 0.000124389596749, 0.000613654556219], [5.80761225137e-005, -0.00120545551181, 0.00103125011083, 7.90615085862e-005, -0.0021500447765, -0.00241393875331, 0.00866947136819, -0.00124752626289, -8.10552301118e-005, -0.00204278179444, -0.0022047071252, -0.00042847727309, 0.00143787928391], [-4.23094570579e-005, 0.000840594468173, -0.000584533147048, -0.00033705693204, -0.000502852373756, -0.00110490806401, -0.00124752626289, 0.0110547924414, -0.00287721585482, 0.000133130073664, 0.00158062565606, -0.00167079176754, -9.55134146352e-006], [-0.00015889244969, -0.000622511084657, 1.50868509081e-005, -0.000135200782097, -0.00120093603618, 0.00115751370322, -8.10552301118e-005, -0.00287721585482, 0.011992325075, -0.00304584437981, -0.00102344772313, 0.00121391424909, -0.00313175772317], [2.69638239843e-005, 0.00130312913097, 0.000422127894126, 0.000382134225219, 0.00169131963048, -0.00104962580372, -0.00204278179444, 0.000133130073664, -0.00304584437981, 0.0136888520792, -0.00301970890723, -0.000786204705946, 0.00151519046631], [3.481440217e-005, -0.0010659446707, -0.000895617296919, 0.000873623997904, 0.000950398680288, 0.000688609899953, -0.0022047071252, 0.00158062565606, -0.00102344772313, -0.00301970890723, 0.0114249689505, -0.00369980279356, -0.00116308219731], [-0.000198405861738, 0.00154354283586, 0.000141897296999, 0.000830907723866, 5.08217417519e-005, 0.000124389596749, -0.00042847727309, -0.00167079176754, 0.00121391424909, -0.000786204705946, -0.00369980279356, 0.0137778716162, -0.00464654294774], [0.000127868363052, -0.000561443739571, 0.000431755732279, -0.000512924045324, 9.48852612055e-005, 0.000613654556219, 0.00143787928391, -9.55134146352e-006, -0.00313175772317, 0.00151519046631, -0.00116308219731, -0.00464654294774, 0.0114267105237]]
    },
    "melbands": {
        "mean": [0.00586466863751, 0.00217290315777, 0.000860627449583, 0.000346636836184, 0.00103516632225, 0.00120855437126, 0.000640682643279, 0.000240108071011, 0.000212135055335, 0.000102332720417, 0.000215767184272, 0.000113165595394, 4.50610641565e-005, 2.97511051031e-005, 2.31089707086e-005, 1.51710100909e-005, 1.59312057804e-005, 1.09448465082e-005, 9.07073172129e-006, 8.69186351338e-006, 6.95045991961e-006, 5.48021216673e-006, 3.9525352804e-006, 4.15783597418e-006, 3.34462515639e-006, 4.11244991483e-006, 2.78145739685e-006, 3.09691563416e-006, 3.28694909513e-006, 4.5248675633e-006, 3.57215526492e-006, 2.54604083239e-006, 3.08660878545e-006, 3.36954349223e-006, 4.68598454972e-006, 3.93466280002e-006, 4.1766134018e-006, 5.44896329302e-006, 6.51997788736e-006, 4.93965808346e-006],
        "var": [3.79982848244e-005, 1.14316908366e-005, 4.53428947367e-006, 4.09356971431e-007, 3.27883299178e-006, 3.82978942071e-006, 1.73855141838e-006, 8.9963435812e-007, 6.49382229767e-007, 5.48071561468e-008, 3.90067867784e-007, 1.31099909595e-007, 4.42039791437e-008, 1.09799023207e-008, 9.97949989312e-009, 1.54899104654e-009, 2.28579200012e-009, 7.64791785457e-010, 2.83141649016e-010, 3.63883978505e-010, 2.85148432644e-010, 2.1892641866e-010, 7.99969396281e-011, 6.09841691035e-011, 5.00967912986e-011, 1.11027118055e-010, 7.08796146776e-011, 1.68857386407e-010, 1.52993034908e-010, 2.48448400741e-010, 1.97327917895e-010, 6.79169845363e-011, 7.92834062291e-011, 1.50622694872e-010, 2.22626014845e-010, 3.31465244141e-010, 4.8147819065e-010, 9.17970310876e-010, 1.51514545355e-009, 1.00600650033e-009]
    },
    "mfcc": {
        "mean": [-723.520874023, 123.334144592, 26.0202465057, 21.3149909973, 3.35413765907, 5.62193775177, -2.19772028923, 3.64350533485, 2.80298805237, 2.53633141518, -1.42277467251, 1.74520766735, 2.63212823868],
        "cov": [[18853.8769531, 151.656921387, -84.4712600708, -416.038146973, -590.495788574, 134.096054077, -246.70489502, 165.944671631, 5.45736026764, 188.308929443, -8.09529304504, 61.703956604, -24.8155632019], [151.656921387, 3427.50976563, -548.890014648, 157.217330933, 149.1824646, 26.3048534393, 244.14263916, 87.6000061035, 22.8285999298, 46.1609039307, 125.1717453, 101.166244507, 27.8148384094], [-84.4712600708, -548.890014648, 941.934509277, 73.2571868896, 235.266998291, 145.825469971, 84.3688201904, 98.3491592407, 30.3166599274, 32.3774414063, 5.76535892487, 5.80477762222, 9.75525283813], [-416.038146973, 157.217330933, 73.2571868896, 640.812133789, 327.915679932, 137.697937012, 100.962203979, 119.523208618, 146.564651489, 54.6879920959, -37.7255821228, 25.5947723389, 10.4305076599], [-590.495788574, 149.1824646, 235.266998291, 327.915679932, 467.663146973, 157.174987793, 134.911102295, 156.986480713, 142.165603638, 65.4730758667, -21.4609889984, 16.8886699677, 18.0567150116], [134.096054077, 26.3048534393, 145.825469971, 137.697937012, 157.174987793, 270.280578613, 154.292922974, 99.7412109375, 71.3286590576, 70.4407119751, 25.6466884613, 7.11175537109, 7.58914422989], [-246.70489502, 244.14263916, 84.3688201904, 100.962203979, 134.911102295, 154.292922974, 255.066680908, 106.042747498, 44.7449569702, 51.2978782654, 52.5525093079, 23.1797523499, 24.5500965118], [165.944671631, 87.6000061035, 98.3491592407, 119.523208618, 156.986480713, 99.7412109375, 106.042747498, 170.260864258, 82.218460083, 40.8056335449, 5.6829996109, 18.3896427155, 18.2676086426], [5.45736026764, 22.8285999298, 30.3166599274, 146.564651489, 142.165603638, 71.3286590576, 44.7449569702, 82.218460083, 167.781051636, 52.1997070313, -22.1398220062, 16.0164604187, 22.8002090454], [188.308929443, 46.1609039307, 32.3774414063, 54.6879920959, 65.4730758667, 70.4407119751, 51.2978782654, 40.8056335449, 52.1997070313, 113.567420959, 30.239736557, -5.61719083786, -3.13826322556], [-8.09529304504, 125.1717453, 5.76535892487, -37.7255821228, -21.4609889984, 25.6466884613, 52.5525093079, 5.6829996109, -22.1398220062, 30.239736557, 109.739891052, 17.7362613678, -2.56640553474], [61.703956604, 101.166244507, 5.80477762222, 25.5947723389, 16.8886699677, 7.11175537109, 23.1797523499, 18.3896427155, 16.0164604187, -5.61719083786, 17.7362613678, 95.392829895, 44.6443901062], [-24.8155632019, 27.8148384094, 9.75525283813, 10.4305076599, 18.0567150116, 7.58914422989, 24.5500965118, 18.2676086426, 22.8002090454, -3.13826322556, -2.56640553474, 44.6443901062, 87.4843673706]],
        "icov": [[6.58929056954e-005, -1.83350075531e-005, -1.91688177438e-005, 1.81368741323e-005, 0.000173531996552, -0.000112270754471, 0.000163816657732, -0.000219393346924, 2.12827035284e-005, -0.000168929924257, 9.32606635615e-005, -9.5426934422e-005, 3.80856399715e-005], [-1.83350075531e-005, 0.000402920384659, 0.000311393028824, -1.37918796099e-005, -0.000309935887344, 0.000214176689042, -0.000421638134867, 2.26988522627e-005, 0.000141676486237, 1.96434284589e-005, -0.000316984194797, -0.000305626017507, 0.000103035068605], [-1.91688177438e-005, 0.000311393028824, 0.00155981315766, 0.000262001238298, -0.00105315167457, -0.000398290954763, -7.81209600973e-005, -0.000256077968515, 0.000616135133896, 9.37409931794e-005, -0.000275481317658, -0.000231476384215, -2.94675828627e-005], [1.81368741323e-005, -1.37918796099e-005, 0.000262001238298, 0.00268366048113, -0.00155818019994, -0.000452878855867, -3.98466145271e-005, 7.01757453498e-005, -0.000799339322839, -6.49961584713e-005, 0.000729615974706, -0.000719064555597, 0.000612115720287], [0.000173531996552, -0.000309935887344, -0.00105315167457, -0.00155818019994, 0.00568688241765, -0.000630695954897, -0.000109939159302, -0.00230495934375, -0.001430441509, -0.000782363757025, 0.00123401649762, 9.09370428417e-005, 0.000178601985681], [-0.000112270754471, 0.000214176689042, -0.000398290954763, -0.000452878855867, -0.000630695954897, 0.00726656056941, -0.00352509971708, -0.00031257190858, -0.000639027333818, -0.00162712868769, -0.000220992966206, 0.000294623983791, 0.000504110241309], [0.000163816657732, -0.000421638134867, -7.81209600973e-005, -3.98466145271e-005, -0.000109939159302, -0.00352509971708, 0.00859188567847, -0.00319523992948, 0.000967001542449, -0.000371926260414, -0.00243995897472, 0.000217857275857, -0.00166952062864], [-0.000219393346924, 2.26988522627e-005, -0.000256077968515, 7.01757453498e-005, -0.00230495934375, -0.00031257190858, -0.00319523992948, 0.0118642589077, -0.00301276263781, 0.000505214615259, -0.000165418197867, -0.00032135861693, -0.000164671626408], [2.12827035284e-005, 0.000141676486237, 0.000616135133896, -0.000799339322839, -0.001430441509, -0.000639027333818, 0.000967001542449, -0.00301276263781, 0.0111214760691, -0.00391220254824, 0.00255844043568, -0.00111979187932, -0.00169632548932], [-0.000168929924257, 1.96434284589e-005, 9.37409931794e-005, -6.49961584713e-005, -0.000782363757025, -0.00162712868769, -0.000371926260414, 0.000505214615259, -0.00391220254824, 0.0136985313147, -0.00464748032391, 0.00252601061948, 0.000330245384248], [9.32606635615e-005, -0.000316984194797, -0.000275481317658, 0.000729615974706, 0.00123401649762, -0.000220992966206, -0.00243995897472, -0.000165418197867, 0.00255844043568, -0.00464748032391, 0.0136493258178, -0.00365004967898, 0.0019842647016], [-9.5426934422e-005, -0.000305626017507, -0.000231476384215, -0.000719064555597, 9.09370428417e-005, 0.000294623983791, 0.000217857275857, -0.00032135861693, -0.00111979187932, 0.00252601061948, -0.00365004967898, 0.0155894756317, -0.00753684481606], [3.80856399715e-005, 0.000103035068605, -2.94675828627e-005, 0.000612115720287, 0.000178601985681, 0.000504110241309, -0.00166952062864, -0.000164671626408, -0.00169632548932, 0.000330245384248, 0.0019842647016, -0.00753684481606, 0.0161195602268]]
    },
    "spectral_contrast_coeffs": {
        "mean": [-0.721904337406, -0.67665553093, -0.765651226044, -0.796195089817, -0.791904330254, -0.746078133583],
        "var": [0.0105932978913, 0.0201573781669, 0.0101386224851, 0.00445335358381, 0.00359212351032, 0.00428581377491]
    },
    "spectral_contrast_valleys": {
        "mean": [-7.58608913422, -7.469871521, -8.15342998505, -8.73692131042, -8.82907962799, -11.2627887726],
        "var": [3.19064903259, 2.61926078796, 2.69754076004, 2.36984229088, 2.09495186806, 2.72159671783]
    }
},
"metadata": {
    "audio_properties": {
        "analysis_sample_rate": 44100,
        "bit_rate": 114945,
        "equal_loudness": 0,
        "length": 45.0612258911,
        "lossless": 0,
        "replay_gain": -11.5194683075,
        "sample_rate": 44100,
        "codec": "mp3",
        "downmix": "mix",
        "md5_encoded": "64ec9b66442fc9c214414201b64b876b"
    },
    "tags": {
        "file_name": "393.mp3"
    },
    "version": {
        "essentia": "2.1-beta2",
        "essentia_git_sha": "v2.1_beta2",
        "extractor": "music 1.0"
    }
},
"rhythm": {
    "beats_count": 76,
    "beats_loudness": {
        "mean": 0.0522919781506,
        "var": 0.000727494014427
    },
    "bpm": 102.018829346,
    "bpm_histogram_first_peak_bpm": {
        "mean": 101,
        "var": 0
    },
    "bpm_histogram_first_peak_spread": {
        "mean": 0.480000019073,
        "var": 0
    },
    "bpm_histogram_first_peak_weight": {
        "mean": 0.519999980927,
        "var": 0
    },
    "bpm_histogram_second_peak_bpm": {
        "mean": 0,
        "var": 0
    },
    "bpm_histogram_second_peak_spread": {
        "mean": 0,
        "var": 0
    },
    "bpm_histogram_second_peak_weight": {
        "mean": 0,
        "var": 0
    },
    "danceability": 1.11456000805,
    "onset_rate": 3.52694225311,
    "beats_loudness_band_ratio": {
        "mean": [0.530977964401, 0.257631063461, 0.137387350202, 0.04911211133, 0.0171031747013, 0.0794944092631],
        "var": [0.107912704349, 0.0644284337759, 0.0336552299559, 0.0071021639742, 0.000553032092284, 0.0431461781263]
    },
    "beats_position": [0.545668900013, 1.1261677742, 1.69505667686, 2.27555561066, 2.85605430603, 3.43655323982, 4.01705217361, 4.60916090012, 5.17804956436, 5.78176879883, 6.37387752533, 6.96598625183, 7.55809497833, 8.15020370483, 8.74231243134, 9.32281208038, 9.90331077576, 10.4954195023, 11.0875282288, 11.656416893, 12.2601356506, 12.8522443771, 13.4443531036, 14.0364627838, 14.6285715103, 15.2206802368, 15.8127889633, 16.3932876587, 16.9737873077, 17.5658950806, 18.1580047607, 18.7385025024, 19.3190021515, 19.9227199554, 20.5264396667, 21.1069393158, 21.6990470886, 22.2795467377, 22.8716545105, 23.4521541595, 24.0326519012, 24.6363716125, 25.2284793854, 25.8205890656, 26.4126987457, 26.9931964874, 27.5853061676, 28.1658039093, 28.7579135895, 29.3500213623, 29.9421310425, 30.5226306915, 31.1031284332, 31.6952381134, 32.2757377625, 32.8678436279, 33.4599533081, 34.0520629883, 34.6441726685, 35.2246704102, 35.8051681519, 36.3856697083, 36.9893875122, 37.5814971924, 38.1619949341, 38.7541046143, 39.3462142944, 39.9267120361, 40.5188217163, 41.099319458, 41.703037262, 42.2951469421, 42.8872566223, 43.4793624878, 44.071472168, 44.6635818481]
},
"tonal": {
    "chords_changes_rate": 0.0905349776149,
    "chords_number_rate": 0.0102880662307,
    "chords_strength": {
        "mean": 0.470508217812,
        "var": 0.0129696745425
    },
    "hpcp_entropy": {
        "mean": 1.69142365456,
        "var": 1.03171622753
    },
    "key_strength": 0.608760118484,
    "tuning_diatonic_strength": 0.557551145554,
    "tuning_equal_tempered_deviation": 0.185470849276,
    "tuning_frequency": 434.193115234,
    "tuning_nontempered_energy_ratio": 0.857234418392,
    "hpcp": {
        "mean": [0.124121166766, 0.105830930173, 0.0656224712729, 0.0550758168101, 0.0642135366797, 0.0849183797836, 0.157474979758, 0.209134489298, 0.163990989327, 0.145548477769, 0.112840391695, 0.0458424575627, 0.0348405502737, 0.041703492403, 0.0689965337515, 0.13161598146, 0.138003140688, 0.0871136784554, 0.0657828524709, 0.0522614009678, 0.0472134463489, 0.0801545754075, 0.0951436385512, 0.186295345426, 0.276810884476, 0.151396110654, 0.0339739583433, 0.0553145594895, 0.0709273219109, 0.0775527954102, 0.159961387515, 0.208545610309, 0.140129297972, 0.0722492784262, 0.0500209741294, 0.079514272511],
        "var": [0.0660735443234, 0.0539011657238, 0.0305646620691, 0.0273458212614, 0.0334476269782, 0.0400530025363, 0.068964317441, 0.115466922522, 0.0652394741774, 0.073323994875, 0.0583997182548, 0.0115378126502, 0.0108220186085, 0.0141288526356, 0.0261318106204, 0.0657855123281, 0.0618568584323, 0.0332809910178, 0.0254361331463, 0.0178457349539, 0.0168852284551, 0.0353980585933, 0.0482457950711, 0.065912514925, 0.164578050375, 0.0478326343, 0.0107601983473, 0.0160057581961, 0.0265245083719, 0.0265868548304, 0.0721691995859, 0.115888796747, 0.0643422305584, 0.0389379896224, 0.0213035158813, 0.0329189784825]
    },
    "chords_histogram": [9.97942352295, 12.3456792831, 37.3456802368, 11.5226335526, 1.44032919407, 0, 0.823045253754, 0, 0.925925910473, 0.308641970158, 0.617283940315, 0, 0, 0, 0, 3.49794244766, 0, 3.70370364189, 0, 0.205761313438, 1.44032919407, 10.0823049545, 5.04115247726, 0.720164597034],
    "thpcp": [1, 0.546929776669, 0.122733466327, 0.199827983975, 0.2562302351, 0.28016525507, 0.57787245512, 0.753386616707, 0.506227552891, 0.261005908251, 0.180704504251, 0.287251263857, 0.448396980762, 0.382322132587, 0.237066075206, 0.198965504766, 0.23197619617, 0.306773990393, 0.568890154362, 0.755513966084, 0.592429697514, 0.525804758072, 0.407644331455, 0.165609300137, 0.125864088535, 0.150656983256, 0.249255135655, 0.475472569466, 0.498546659946, 0.314704656601, 0.237645462155, 0.188798218966, 0.170562103391, 0.289564400911, 0.343713492155, 0.673005878925],
    "chords_key": "G",
    "chords_scale": "major",
    "key_key": "C",
    "key_scale": "major"
}
}