{
"lowlevel": {
    "average_loudness": 0.519031226635,
    "barkbands_crest": {
        "mean": 12.2092790604,
        "var": 44.8088607788
    },
    "barkbands_flatness_db": {
        "mean": 0.173804983497,
        "var": 0.00573350116611
    },
    "barkbands_kurtosis": {
        "mean": 9.85075473785,
        "var": 307.427062988
    },
    "barkbands_skewness": {
        "mean": 1.54641997814,
        "var": 6.83036231995
    },
    "barkbands_spread": {
        "mean": 26.9363002777,
        "var": 537.925415039
    },
    "dissonance": {
        "mean": 0.475612223148,
        "var": 0.00123207666911
    },
    "dynamic_complexity": 5.81283426285,
    "erbbands_crest": {
        "mean": 7.0550942421,
        "var": 11.8708429337
    },
    "erbbands_flatness_db": {
        "mean": 0.177988409996,
        "var": 0.00951694883406
    },
    "erbbands_kurtosis": {
        "mean": 1.23314666748,
        "var": 7.57780265808
    },
    "erbbands_skewness": {
        "mean": -0.436006188393,
        "var": 1.02323555946
    },
    "erbbands_spread": {
        "mean": 45.572719574,
        "var": 915.078552246
    },
    "hfc": {
        "mean": 45.8940734863,
        "var": 3747.49731445
    },
    "melbands_crest": {
        "mean": 16.8252849579,
        "var": 90.0931167603
    },
    "melbands_flatness_db": {
        "mean": 0.196645379066,
        "var": 0.0111442683265
    },
    "melbands_kurtosis": {
        "mean": 41.3928985596,
        "var": 4860.94091797
    },
    "melbands_skewness": {
        "mean": 3.81903862953,
        "var": 18.4611129761
    },
    "melbands_spread": {
        "mean": 37.6444396973,
        "var": 1701.13806152
    },
    "pitch_salience": {
        "mean": 0.502081096172,
        "var": 0.0367195606232
    },
    "silence_rate_20dB": {
        "mean": 1,
        "var": 0
    },
    "silence_rate_30dB": {
        "mean": 0.758496403694,
        "var": 0.183176830411
    },
    "silence_rate_60dB": {
        "mean": 0.272914528847,
        "var": 0.198434457183
    },
    "spectral_centroid": {
        "mean": 2389.19702148,
        "var": 1678677.5
    },
    "spectral_complexity": {
        "mean": 18.2723999023,
        "var": 228.960571289
    },
    "spectral_decrease": {
        "mean": -1.26377210918e-008,
        "var": 2.90318928015e-016
    },
    "spectral_energy": {
        "mean": 0.0518603660166,
        "var": 0.00441010762006
    },
    "spectral_energyband_high": {
        "mean": 0.00507391570136,
        "var": 5.73439610889e-005
    },
    "spectral_energyband_low": {
        "mean": 0.0384427160025,
        "var": 0.00374030740932
    },
    "spectral_energyband_middle_high": {
        "mean": 0.00285168760456,
        "var": 1.13647201943e-005
    },
    "spectral_energyband_middle_low": {
        "mean": 0.00644351914525,
        "var": 8.67379276315e-005
    },
    "spectral_entropy": {
        "mean": 7.80773305893,
        "var": 0.456842631102
    },
    "spectral_flux": {
        "mean": 0.0864299014211,
        "var": 0.00565016455948
    },
    "spectral_kurtosis": {
        "mean": 5.95003032684,
        "var": 195.652313232
    },
    "spectral_rms": {
        "mean": 0.00548817124218,
        "var": 2.04755087907e-005
    },
    "spectral_rolloff": {
        "mean": 3416.29931641,
        "var": 10039085
    },
    "spectral_skewness": {
        "mean": 1.36448824406,
        "var": 1.60692560673
    },
    "spectral_spread": {
        "mean": 5208553,
        "var": 5.79879934362e+012
    },
    "spectral_strongpeak": {
        "mean": 1.34574973583,
        "var": 6.24122619629
    },
    "zerocrossingrate": {
        "mean": 0.112875185907,
        "var": 0.00804242864251
    },
    "barkbands": {
        "mean": [0.00208068778738, 0.0331366918981, 0.00234461715445, 0.00181053369306, 0.00310781830922, 0.000497096742038, 0.000356011092663, 0.000298398459563, 0.000273763609584, 0.000198876179638, 0.000171700055944, 0.000210075071664, 0.000297852471704, 0.00017709871463, 0.000196316643269, 0.000283869041596, 0.000297610386042, 0.000344416475855, 0.000465781980893, 0.00060451135505, 0.000817236665171, 0.00114408379886, 0.0010546091944, 0.00110435660463, 0.000467972975457, 0.000110952954856, 7.34917421141e-006],
        "var": [2.3937323931e-005, 0.00298395124264, 7.46113946661e-005, 1.60334911925e-005, 3.5066910641e-005, 1.38793154747e-006, 7.54028349093e-007, 3.27334134909e-007, 4.09912814803e-007, 1.24363808141e-007, 1.90039955328e-007, 1.87755389902e-007, 3.67711521676e-007, 1.0055168076e-007, 1.31397527525e-007, 1.58300593966e-007, 2.21148042101e-007, 3.00633729466e-007, 4.00997436145e-007, 6.05564196121e-007, 1.17131958177e-006, 3.41775967172e-006, 3.05264711642e-006, 4.48502896688e-006, 1.07837718133e-006, 5.55400312408e-008, 1.06382158638e-009]
    },
    "erbbands": {
        "mean": [1.34387409687, 5.80330657959, 3.86800408363, 4.94989871979, 11.8369102478, 7.05672645569, 3.93752169609, 3.68411135674, 5.4152674675, 5.13300514221, 7.07530355453, 7.33081579208, 6.59163188934, 6.19520950317, 7.02966547012, 10.6850318909, 12.454161644, 10.5466413498, 9.89956474304, 11.2313766479, 17.5240440369, 16.7081699371, 17.810508728, 24.8800582886, 21.3551044464, 30.5005970001, 31.7292327881, 33.0777664185, 38.9194908142, 37.1366424561, 32.1547966003, 24.6564064026, 16.5835514069, 5.44356012344, 3.52295207977, 0.785855531693, 0.176511317492, 0.0267144311219, 0.000942153914366, 9.83946592896e-005],
        "var": [5.32615709305, 115.362632751, 107.620010376, 151.291366577, 600.458679199, 152.302658081, 95.057800293, 92.1157226563, 237.872161865, 117.240982056, 203.756103516, 277.280914307, 131.262252808, 199.091323853, 338.387878418, 499.844451904, 605.816101074, 312.323791504, 368.153167725, 315.103210449, 529.56036377, 574.167480469, 831.358337402, 982.389831543, 790.305236816, 1508.62927246, 1849.86486816, 1893.7520752, 3462.72827148, 4663.36669922, 3183.89453125, 2120.88061523, 1118.15258789, 88.5026626587, 84.9532928467, 2.37405610085, 0.168786615133, 0.00632342742756, 1.33190196721e-005, 1.64751821075e-008]
    },
    "gfcc": {
        "mean": [-49.5306434631, 29.722946167, -123.377006531, 42.7564430237, -73.9317932129, 15.8351926804, -40.5357322693, 12.0928945541, -23.3443660736, 1.38764572144, -15.6335868835, -1.30810189247, -9.56660652161],
        "cov": [[24250.9570313, -3321.35400391, 3707.19262695, 5047.66455078, 2268.77416992, 2877.20361328, 294.169555664, 534.590698242, -568.247436523, 672.958312988, -536.346740723, 711.441040039, -826.497680664], [-3321.35400391, 6015.69482422, 498.342773438, -2080.14208984, 732.990539551, -619.786010742, 495.630462646, -14.8987693787, 260.011047363, -204.291305542, 266.708190918, 13.3863458633, 185.616241455], [3707.19262695, 498.342773438, 2260.44873047, 893.638305664, 910.740600586, 840.558776855, 254.471725464, 216.696731567, -128.825363159, 125.401329041, -144.583099365, 241.766281128, -174.490402222], [5047.66455078, -2080.14208984, 893.638305664, 2087.02880859, 482.297149658, 925.360961914, 54.5729255676, 183.884353638, -105.743408203, 133.417190552, -132.440994263, 91.8783569336, -119.593582153], [2268.77416992, 732.990539551, 910.740600586, 482.297149658, 1016.45178223, 517.914245605, 346.921173096, 223.327484131, 62.4325485229, 106.541641235, -1.08136546612, 179.733810425, -70.8780593872], [2877.20361328, -619.786010742, 840.558776855, 925.360961914, 517.914245605, 731.500793457, 179.419494629, 213.351364136, -1.07678306103, 140.405441284, -43.4840393066, 130.527526855, -65.6622543335], [294.169555664, 495.630462646, 254.471725464, 54.5729255676, 346.921173096, 179.419494629, 307.885955811, 193.472259521, 152.520568848, 86.2227554321, 101.443099976, 70.9598007202, 46.4037780762], [534.590698242, -14.8987693787, 216.696731567, 183.884353638, 223.327484131, 213.351364136, 193.472259521, 297.93170166, 152.988571167, 132.596817017, 83.2796859741, 72.0981750488, 27.761297226], [-568.247436523, 260.011047363, -128.825363159, -105.743408203, 62.4325485229, -1.07678306103, 152.520568848, 152.988571167, 233.109863281, 67.9267730713, 130.221557617, 27.433763504, 88.6954727173], [672.958312988, -204.291305542, 125.401329041, 133.417190552, 106.541641235, 140.405441284, 86.2227554321, 132.596817017, 67.9267730713, 142.100997925, 49.4089584351, 63.6004066467, -2.56361913681], [-536.346740723, 266.708190918, -144.583099365, -132.440994263, -1.08136546612, -43.4840393066, 101.443099976, 83.2796859741, 130.221557617, 49.4089584351, 143.773361206, 14.2914276123, 75.9440383911], [711.441040039, 13.3863458633, 241.766281128, 91.8783569336, 179.733810425, 130.527526855, 70.9598007202, 72.0981750488, 27.433763504, 63.6004066467, 14.2914276123, 106.159194946, -6.26157855988], [-826.497680664, 185.616241455, -174.490402222, -119.593582153, -70.8780593872, -65.6622543335, 46.4037780762, 27.761297226, 88.6954727173, -2.56361913681, 75.9440383911, -6.26157855988, 114.725296021]],
        "icov": [[0.00021030017524, -0.00025930441916, 0.000229134704568, -0.000612148607615, 0.000276386592304, -0.000300550076645, 7.08061543264e-006, 9.396369569e-005, 0.000226801392273, -0.000674682552926, 0.000315944635076, -0.00116445159074, 0.00115495896898], [-0.00025930441916, 0.0011228028452, -0.000861604232341, 0.00156921020243, -0.00135421310551, 0.000875005032867, -0.000308208022034, 0.000111683279101, -0.000328266090946, 0.00184408389032, -0.00152219482698, 0.00260533252731, -0.00215269392356], [0.000229134704568, -0.000861604232341, 0.00176359270699, -0.00113107950892, 0.000775395194069, -0.00156609213445, -0.000185098077054, -0.000346912042005, 0.00105182849802, -0.000961799232755, 0.00156890810467, -0.00326709030196, 0.00223793764599], [-0.000612148607615, 0.00156921020243, -0.00113107950892, 0.00391829526052, -0.00190698844381, -0.000616214878391, 0.00042196107097, -0.000211679172935, -0.000510504527483, 0.00291221635416, -0.00195456272922, 0.00534047279507, -0.00418980978429], [0.000276386592304, -0.00135421310551, 0.000775395194069, -0.00190698844381, 0.00473142880946, -0.00176011095755, -0.00275726313703, 7.96609092504e-005, 6.07579931966e-005, -0.000630724651273, 0.0023066776339, -0.0055376640521, 0.0044950065203], [-0.000300550076645, 0.000875005032867, -0.00156609213445, -0.000616214878391, -0.00176011095755, 0.00724957464263, -0.00125263945665, -0.000963329104707, -1.09625134428e-005, -0.000384025857784, 0.00023496778158, 0.0015934688272, -0.00287225912325], [7.08061543264e-006, -0.000308208022034, -0.000185098077054, 0.00042196107097, -0.00275726313703, -0.00125263945665, 0.0114982733503, -0.00263523170725, -0.0021131883841, -0.00049202441005, -0.00327782751992, 0.00153315323405, -0.00184928392991], [9.396369569e-005, 0.000111683279101, -0.000346912042005, -0.000211679172935, 7.96609092504e-005, -0.000963329104707, -0.00263523170725, 0.00994618982077, -0.00414737872779, -0.00488017126918, 0.000405051832786, 0.000371009722585, 0.000754361506552], [0.000226801392273, -0.000328266090946, 0.00105182849802, -0.000510504527483, 6.07579931966e-005, -1.09625134428e-005, -0.0021131883841, -0.00414737872779, 0.013701566495, -0.00112742325291, -0.00456584384665, -0.00169432652183, -0.0025658798404], [-0.000674682552926, 0.00184408389032, -0.000961799232755, 0.00291221635416, -0.000630724651273, -0.000384025857784, -0.00049202441005, -0.00488017126918, -0.00112742325291, 0.0206869412214, -0.00739487446845, -0.00192783214152, 0.000623135769274], [0.000315944635076, -0.00152219482698, 0.00156890810467, -0.00195456272922, 0.0023066776339, 0.00023496778158, -0.00327782751992, 0.000405051832786, -0.00456584384665, -0.00739487446845, 0.021683562547, -0.00358926318586, -0.00331000844017], [-0.00116445159074, 0.00260533252731, -0.00326709030196, 0.00534047279507, -0.0055376640521, 0.0015934688272, 0.00153315323405, 0.000371009722585, -0.00169432652183, -0.00192783214152, -0.00358926318586, 0.027333850041, -0.0100905122235], [0.00115495896898, -0.00215269392356, 0.00223793764599, -0.00418980978429, 0.0044950065203, -0.00287225912325, -0.00184928392991, 0.000754361506552, -0.0025658798404, 0.000623135769274, -0.00331000844017, -0.0100905122235, 0.0248926132917]]
    },
    "melbands": {
        "mean": [0.0104881711304, 0.0039510470815, 0.0010399336461, 0.00078158226097, 0.000138318500831, 8.83384418557e-005, 8.29177006381e-005, 5.53847494302e-005, 5.5056571e-005, 4.52813947049e-005, 3.12436059176e-005, 2.37199674302e-005, 2.22211838263e-005, 2.49513668678e-005, 3.02285552607e-005, 2.53766611422e-005, 1.88043250091e-005, 1.52825105033e-005, 1.46520169437e-005, 1.48665203596e-005, 2.30965106311e-005, 1.70127805177e-005, 1.64445809787e-005, 1.51637359522e-005, 2.09937388718e-005, 1.69255508808e-005, 1.5145922589e-005, 2.14059346035e-005, 1.82805415534e-005, 2.20234160224e-005, 1.81691157195e-005, 2.09792651731e-005, 2.3333948775e-005, 1.92365332623e-005, 2.01387520065e-005, 1.39568592203e-005, 1.49807374328e-005, 1.30561547849e-005, 6.69285191179e-006, 3.70939028471e-006],
        "var": [0.000295961421216, 6.22729785391e-005, 4.74496619063e-006, 2.26722295338e-006, 1.04619097385e-007, 5.45877476554e-008, 4.92486620374e-008, 1.16643699144e-008, 1.34081483694e-008, 1.0871826106e-008, 3.0781517335e-009, 3.06195135913e-009, 3.06103498104e-009, 2.68264122028e-009, 4.89825691119e-009, 2.10795847444e-009, 1.07797615279e-009, 9.97250948487e-010, 6.43254949306e-010, 5.8760324384e-010, 1.00670349834e-009, 6.85031253944e-010, 6.70270339231e-010, 6.32117247434e-010, 7.2581224364e-010, 7.09878544836e-010, 4.02913119535e-010, 8.20595480455e-010, 7.02554625587e-010, 1.0092948699e-009, 6.39032549099e-010, 9.85026948896e-010, 1.50149737088e-009, 1.35097522058e-009, 1.4016456884e-009, 5.86328152696e-010, 8.54536885697e-010, 7.95601140524e-010, 1.5694037736e-010, 4.03592957665e-011]
    },
    "mfcc": {
        "mean": [-679.52142334, 50.1404914856, 7.20223093033, 18.7789573669, -4.49464559555, 0.61835360527, -4.3986120224, 3.40974831581, -1.57851874828, 1.15331208706, -0.788116276264, 1.05982661247, -2.90013718605],
        "cov": [[17523.1835938, -2305.64282227, 1597.15258789, 2795.06176758, 2491.30419922, 2597.12866211, 1468.63293457, 1043.97802734, 372.162811279, 419.941314697, 265.089904785, 273.755401611, 226.944778442], [-2305.64282227, 5639.67041016, 141.8959198, -695.846252441, 54.8278274536, -414.346008301, 149.68157959, 132.997146606, 114.509346008, -135.935958862, 180.981521606, 35.9211578369, 95.5471038818], [1597.15258789, 141.8959198, 1253.95288086, 415.143737793, 443.47253418, 468.648406982, 353.385894775, 219.355758667, 100.982513428, 78.1291732788, -21.0746364594, 11.4714736938, 87.7792663574], [2795.06176758, -695.846252441, 415.143737793, 817.874328613, 594.473632813, 555.457275391, 350.557312012, 271.577087402, 141.800109863, 114.178321838, 39.2923698425, 67.6945877075, 62.2009124756], [2491.30419922, 54.8278274536, 443.47253418, 594.473632813, 742.315185547, 590.570068359, 419.195922852, 343.543334961, 173.589828491, 110.921676636, 85.0689468384, 64.3549575806, 111.039398193], [2597.12866211, -414.346008301, 468.648406982, 555.457275391, 590.570068359, 660.758850098, 384.66809082, 278.121612549, 133.479568481, 99.9226989746, 36.920715332, 45.7378120422, 84.8784942627], [1468.63293457, 149.68157959, 353.385894775, 350.557312012, 419.195922852, 384.66809082, 391.088378906, 257.502319336, 162.119110107, 116.636573792, 81.1640396118, 80.2424621582, 87.5718383789], [1043.97802734, 132.997146606, 219.355758667, 271.577087402, 343.543334961, 278.121612549, 257.502319336, 278.123840332, 167.972732544, 111.524780273, 104.950660706, 79.4288711548, 111.16658783], [372.162811279, 114.509346008, 100.982513428, 141.800109863, 173.589828491, 133.479568481, 162.119110107, 167.972732544, 177.310119629, 115.250968933, 84.1977005005, 89.4366378784, 92.3345336914], [419.941314697, -135.935958862, 78.1291732788, 114.178321838, 110.921676636, 99.9226989746, 116.636573792, 111.524780273, 115.250968933, 141.072021484, 90.8445358276, 77.4756469727, 65.4060821533], [265.089904785, 180.981521606, -21.0746364594, 39.2923698425, 85.0689468384, 36.920715332, 81.1640396118, 104.950660706, 84.1977005005, 90.8445358276, 140.850708008, 80.0803146362, 65.7532501221], [273.755401611, 35.9211578369, 11.4714736938, 67.6945877075, 64.3549575806, 45.7378120422, 80.2424621582, 79.4288711548, 89.4366378784, 77.4756469727, 80.0803146362, 118.542228699, 70.3033676147], [226.944778442, 95.5471038818, 87.7792663574, 62.2009124756, 111.039398193, 84.8784942627, 87.5718383789, 111.16658783, 92.3345336914, 65.4060821533, 65.7532501221, 70.3033676147, 116.994171143]],
        "icov": [[0.000188113073818, -1.55168308993e-005, 3.44547006534e-005, -0.000333555653924, -5.4993408412e-005, -0.000557633931749, 6.28763300483e-005, 3.09687743538e-006, 0.000547336996533, -0.000151296640979, -0.000233964135987, -0.000298851664411, 0.000169694481883], [-1.55168308993e-005, 0.000407870742492, -0.000194901513169, 0.0006166837411, -0.000680050870869, 0.000794490566477, -0.000619097845629, 0.000181241455721, -0.00083825236652, 0.00152467971202, -0.000856438244227, 8.57791601447e-005, 0.000114576527267], [3.44547006534e-005, -0.000194901513169, 0.00137387553696, -0.000433281005826, 0.000336073164362, -0.000687328749336, -0.00069776707096, -0.000162427779287, 0.00113839609548, -0.00141162786167, 0.00148295646068, 0.000452116597444, -0.00106620474253], [-0.000333555653924, 0.0006166837411, -0.000433281005826, 0.00522571057081, -0.00299088237807, 0.000679285323713, -0.000179838520125, -0.000676638679579, -0.00168771727476, 0.000804017006885, 0.000944098283071, -0.00155872560572, 0.0021021226421], [-5.4993408412e-005, -0.000680050870869, 0.000336073164362, -0.00299088237807, 0.0091106267646, -0.0042662518099, -0.000927332032006, -0.00340826134197, 0.00101131375413, 0.000216446263948, -0.000691618595738, 0.00197543902323, -0.00133664510213], [-0.000557633931749, 0.000794490566477, -0.000687328749336, 0.000679285323713, -0.0042662518099, 0.0103018144146, -0.00396083993837, -0.000222658549319, -0.000758689129725, 0.00127244147006, 0.00156572344713, 0.00150391750503, -0.00155736319721], [6.28763300483e-005, -0.000619097845629, -0.00069776707096, -0.000179838520125, -0.000927332032006, -0.00396083993837, 0.0121481399983, -0.00458253966644, -0.000949864916038, -0.00318935560063, 0.00135958683677, -0.00323966401629, 0.00373301235959], [3.09687743538e-006, 0.000181241455721, -0.000162427779287, -0.000676638679579, -0.00340826134197, -0.000222658549319, -0.00458253966644, 0.0216796342283, -0.0107487579808, 0.00402138661593, -0.00777715677395, 0.00508253276348, -0.0058939801529], [0.000547336996533, -0.00083825236652, 0.00113839609548, -0.00168771727476, 0.00101131375413, -0.000758689129725, -0.000949864916038, -0.0107487579808, 0.0276049319655, -0.0145566798747, 0.00710842153057, -0.00661421241239, -0.00348804891109], [-0.000151296640979, 0.00152467971202, -0.00141162786167, 0.000804017006885, 0.000216446263948, 0.00127244147006, -0.00318935560063, 0.00402138661593, -0.0145566798747, 0.0276436284184, -0.0130095081404, -0.000233111975831, 0.000603483000305], [-0.000233964135987, -0.000856438244227, 0.00148295646068, 0.000944098283071, -0.000691618595738, 0.00156572344713, 0.00135958683677, -0.00777715677395, 0.00710842153057, -0.0130095081404, 0.0223360881209, -0.00704222684726, -0.00122741481755], [-0.000298851664411, 8.57791601447e-005, 0.000452116597444, -0.00155872560572, 0.00197543902323, 0.00150391750503, -0.00323966401629, 0.00508253276348, -0.00661421241239, -0.000233111975831, -0.00704222684726, 0.0218343343586, -0.00818350538611], [0.000169694481883, 0.000114576527267, -0.00106620474253, 0.0021021226421, -0.00133664510213, -0.00155736319721, 0.00373301235959, -0.0058939801529, -0.00348804891109, 0.000603483000305, -0.00122741481755, -0.00818350538611, 0.0210345722735]]
    },
    "spectral_contrast_coeffs": {
        "mean": [-0.628299415112, -0.782190620899, -0.798998236656, -0.809670746326, -0.777268350124, -0.736887812614],
        "var": [0.012612182647, 0.00356742413715, 0.00331324827857, 0.00171818386298, 0.00270439661108, 0.00309110898525]
    },
    "spectral_contrast_valleys": {
        "mean": [-8.9375, -7.59742546082, -8.07590198517, -8.29208755493, -7.78570270538, -9.97768878937],
        "var": [6.67329788208, 1.83197748661, 1.82461845875, 2.41761016846, 3.37600588799, 4.73093891144]
    }
},
"metadata": {
    "audio_properties": {
        "analysis_sample_rate": 44100,
        "bit_rate": 109526,
        "equal_loudness": 0,
        "length": 45.0612258911,
        "lossless": 0,
        "replay_gain": -10.7321243286,
        "sample_rate": 44100,
        "codec": "mp3",
        "downmix": "mix",
        "md5_encoded": "05980e4059b515a479c1bf1d46c50ee4"
    },
    "tags": {
        "file_name": "395.mp3"
    },
    "version": {
        "essentia": "2.1-beta2",
        "essentia_git_sha": "v2.1_beta2",
        "extractor": "music 1.0"
    }
},
"rhythm": {
    "beats_count": 116,
    "beats_loudness": {
        "mean": 0.0673649013042,
        "var": 0.00415066350251
    },
    "bpm": 172.265579224,
    "bpm_histogram_first_peak_bpm": {
        "mean": 172,
        "var": 0
    },
    "bpm_histogram_first_peak_spread": {
        "mean": 0,
        "var": 0
    },
    "bpm_histogram_first_peak_weight": {
        "mean": 0.40869563818,
        "var": 0
    },
    "bpm_histogram_second_peak_bpm": {
        "mean": 178,
        "var": 0
    },
    "bpm_histogram_second_peak_spread": {
        "mean": 0,
        "var": 0
    },
    "bpm_histogram_second_peak_weight": {
        "mean": 0.191304340959,
        "var": 0
    },
    "danceability": 1.02955424786,
    "onset_rate": 2.99457359314,
    "beats_loudness_band_ratio": {
        "mean": [0.488336771727, 0.107435405254, 0.132798627019, 0.058007620275, 0.0558801144361, 0.225281715393],
        "var": [0.162134975195, 0.0148140732199, 0.0536146871746, 0.00589028513059, 0.00627385545522, 0.0939904525876]
    },
    "beats_position": [0.371519267559, 0.766258478165, 1.16099774837, 1.50929701328, 1.8575963974, 2.20589566231, 2.55419492722, 2.90249419212, 3.23918366432, 3.5758728981, 3.92417216301, 4.27247142792, 4.60916090012, 4.94585037231, 5.2941493988, 5.64244890213, 5.97913837433, 6.31582736969, 6.66412687302, 7.01242637634, 7.36072540283, 7.69741487503, 8.03410434723, 8.38240337372, 8.73070240021, 9.06739234924, 9.4040813446, 9.75238037109, 10.1006803513, 10.4489793777, 10.7856683731, 11.1339683533, 11.4706573486, 11.807346344, 12.144036293, 12.4923353195, 12.840634346, 13.1889343262, 13.5256233215, 13.8623123169, 14.2106122971, 14.5473012924, 14.8956003189, 15.2322902679, 15.5805892944, 15.9288883209, 16.2771873474, 16.6254863739, 16.9505672455, 17.2872562408, 17.6355552673, 17.9722442627, 18.3205432892, 18.6688423157, 19.0171432495, 19.3538322449, 19.6905212402, 20.0388202667, 20.3871192932, 20.7354183197, 21.0837192535, 21.43201828, 21.7919273376, 22.1518363953, 22.5117454529, 22.8716545105, 23.2315635681, 23.6030826569, 23.9629936218, 24.3112926483, 24.6595916748, 25.0078907013, 25.3561897278, 25.7044887543, 26.0643978119, 26.4126987457, 26.7609977722, 27.1209068298, 27.4808158875, 27.8407249451, 28.1890239716, 28.537322998, 28.897233963, 29.2571430206, 29.6170520782, 29.9653511047, 30.3136501312, 30.6735591888, 31.0334682465, 31.4165973663, 31.7881164551, 32.1596374512, 32.6936950684, 33.2161445618, 33.7385940552, 34.2610435486, 34.783493042, 35.3059387207, 35.8283882141, 36.3392295837, 36.8500671387, 37.3609046936, 37.8717460632, 38.3825836182, 38.8934249878, 39.4042625427, 39.9267120361, 40.4491615295, 40.9716110229, 41.4940567017, 42.0048980713, 42.5157356262, 43.0265769958, 43.5374145508, 44.0482521057, 44.5590934753]
},
"tonal": {
    "chords_changes_rate": 0.0895061716437,
    "chords_number_rate": 0.00925925932825,
    "chords_strength": {
        "mean": 0.486695200205,
        "var": 0.0149416057393
    },
    "hpcp_entropy": {
        "mean": 2.47547292709,
        "var": 0.624028325081
    },
    "key_strength": 0.689620733261,
    "tuning_diatonic_strength": 0.512094438076,
    "tuning_equal_tempered_deviation": 0.214522480965,
    "tuning_frequency": 434.193115234,
    "tuning_nontempered_energy_ratio": 0.891617119312,
    "hpcp": {
        "mean": [0.107192240655, 0.0999852195382, 0.098054073751, 0.15464155376, 0.156414091587, 0.0994033664465, 0.109028019011, 0.12622590363, 0.144311487675, 0.203041866422, 0.193610474467, 0.11191663146, 0.0809048190713, 0.100642040372, 0.150125071406, 0.300344049931, 0.325416058302, 0.22329056263, 0.197906553745, 0.124519512057, 0.0613352991641, 0.0543585121632, 0.0485312975943, 0.104330673814, 0.214178904891, 0.179058596492, 0.0856174081564, 0.0687104538083, 0.0601906627417, 0.112303465605, 0.263342261314, 0.294478595257, 0.213950306177, 0.199206113815, 0.147544249892, 0.101195976138],
        "var": [0.0335866175592, 0.0274791307747, 0.0263238362968, 0.0517449006438, 0.0504201538861, 0.026532586664, 0.0359516963363, 0.0452383086085, 0.0523397065699, 0.070597589016, 0.063869304955, 0.0338625088334, 0.024740645662, 0.041512247175, 0.0431237183511, 0.10903146863, 0.123832248151, 0.0842664465308, 0.0862659588456, 0.0336135514081, 0.0131974769756, 0.0147569365799, 0.0130470963195, 0.0285603441298, 0.10708706826, 0.0677464455366, 0.0260638706386, 0.0254841074347, 0.0208444446325, 0.0273577980697, 0.0989355146885, 0.108004264534, 0.0703428760171, 0.0980148017406, 0.0653396248817, 0.0344335921109]
    },
    "chords_histogram": [1.44032919407, 5.34979438782, 39.4032936096, 3.70370364189, 0.514403283596, 0, 0, 0.823045253754, 0, 26.7489719391, 0, 0, 0.514403283596, 0, 3.29218101501, 0, 0, 0, 0, 2.36625504494, 0, 11.5226335526, 3.80658435822, 0.514403283596],
    "thpcp": [1, 0.686169445515, 0.608164668083, 0.382647097111, 0.188482701778, 0.167043119669, 0.149136155844, 0.320607036352, 0.658169448376, 0.55024510622, 0.263101369143, 0.211146473885, 0.184965252876, 0.345107316971, 0.809247910976, 0.9049295187, 0.657466948032, 0.612158238888, 0.453401863575, 0.310974121094, 0.329400599003, 0.307253479958, 0.301319092512, 0.475211799145, 0.48065879941, 0.305465459824, 0.33504191041, 0.387890815735, 0.443467617035, 0.62394541502, 0.594962894917, 0.343918591738, 0.248619630933, 0.309271901846, 0.461332708597, 0.92295396328],
    "chords_key": "G",
    "chords_scale": "minor",
    "key_key": "C",
    "key_scale": "minor"
}
}