{
"lowlevel": {
    "average_loudness": 0.900212824345,
    "barkbands_crest": {
        "mean": 9.98304653168,
        "var": 10.0853538513
    },
    "barkbands_flatness_db": {
        "mean": 0.176919460297,
        "var": 0.00440800702199
    },
    "barkbands_kurtosis": {
        "mean": 11.0744867325,
        "var": 140.474914551
    },
    "barkbands_skewness": {
        "mean": 2.50317358971,
        "var": 1.27827847004
    },
    "barkbands_spread": {
        "mean": 13.9824638367,
        "var": 95.2549972534
    },
    "dissonance": {
        "mean": 0.447152227163,
        "var": 0.00112225871999
    },
    "dynamic_complexity": 2.4771335125,
    "erbbands_crest": {
        "mean": 9.685090065,
        "var": 18.4524936676
    },
    "erbbands_flatness_db": {
        "mean": 0.158619642258,
        "var": 0.00210354453884
    },
    "erbbands_kurtosis": {
        "mean": 1.51130473614,
        "var": 15.0284872055
    },
    "erbbands_skewness": {
        "mean": 1.07689940929,
        "var": 0.642177820206
    },
    "erbbands_spread": {
        "mean": 43.6426277161,
        "var": 484.611297607
    },
    "hfc": {
        "mean": 13.6837711334,
        "var": 154.973754883
    },
    "melbands_crest": {
        "mean": 14.6946086884,
        "var": 24.3928012848
    },
    "melbands_flatness_db": {
        "mean": 0.258700698614,
        "var": 0.00680869352072
    },
    "melbands_kurtosis": {
        "mean": 24.1755714417,
        "var": 533.613220215
    },
    "melbands_skewness": {
        "mean": 3.38064098358,
        "var": 2.47048044205
    },
    "melbands_spread": {
        "mean": 12.0839128494,
        "var": 101.022842407
    },
    "pitch_salience": {
        "mean": 0.599279165268,
        "var": 0.011020546779
    },
    "silence_rate_20dB": {
        "mean": 1,
        "var": 0
    },
    "silence_rate_30dB": {
        "mean": 0.986096799374,
        "var": 0.0137096466497
    },
    "silence_rate_60dB": {
        "mean": 0.0200823899359,
        "var": 0.0196784771979
    },
    "spectral_centroid": {
        "mean": 893.780456543,
        "var": 384538.1875
    },
    "spectral_complexity": {
        "mean": 13.0643663406,
        "var": 51.0405235291
    },
    "spectral_decrease": {
        "mean": -7.5138313349e-009,
        "var": 3.7778188917e-017
    },
    "spectral_energy": {
        "mean": 0.0296000763774,
        "var": 0.000576871854719
    },
    "spectral_energyband_high": {
        "mean": 0.000555119360797,
        "var": 5.9661999785e-007
    },
    "spectral_energyband_low": {
        "mean": 0.0128379222006,
        "var": 0.000194464373635
    },
    "spectral_energyband_middle_high": {
        "mean": 0.00215126760304,
        "var": 1.00921488411e-005
    },
    "spectral_energyband_middle_low": {
        "mean": 0.0182044897228,
        "var": 0.000275101250736
    },
    "spectral_entropy": {
        "mean": 7.1990571022,
        "var": 0.366279006004
    },
    "spectral_flux": {
        "mean": 0.090342849493,
        "var": 0.00209842529148
    },
    "spectral_kurtosis": {
        "mean": 5.6150894165,
        "var": 44.5991859436
    },
    "spectral_rms": {
        "mean": 0.00499184522778,
        "var": 3.95962615585e-006
    },
    "spectral_rolloff": {
        "mean": 695.537109375,
        "var": 1025055.5
    },
    "spectral_skewness": {
        "mean": 1.72352278233,
        "var": 0.589543700218
    },
    "spectral_spread": {
        "mean": 4868968,
        "var": 4.7791603712e+012
    },
    "spectral_strongpeak": {
        "mean": 0.678170204163,
        "var": 0.434982091188
    },
    "zerocrossingrate": {
        "mean": 0.0426137261093,
        "var": 0.000931162619963
    },
    "barkbands": {
        "mean": [0.000269259675406, 0.00402275891975, 0.00447242101654, 0.0062188222073, 0.00549342855811, 0.00237998506054, 0.00175562046934, 0.000786236894783, 0.00136698421557, 0.000892428564839, 0.000270716845989, 0.000130225700559, 3.95517854486e-005, 2.47265415965e-005, 6.84245023876e-005, 0.000129270571051, 0.000178133879672, 0.000235523082665, 0.000247119663982, 0.00014165196626, 0.000157506059622, 8.67141861818e-005, 7.86138771218e-005, 7.03974947101e-005, 4.84725205752e-005, 3.40653896274e-005, 1.04205969365e-006],
        "var": [1.56882478564e-007, 3.08527160087e-005, 3.55514057446e-005, 8.20938876132e-005, 5.47330128029e-005, 6.29040414424e-006, 1.21589018818e-005, 1.70182568127e-006, 5.67725146539e-006, 6.11589666732e-006, 6.73393003581e-007, 7.56293303539e-008, 9.41109146169e-009, 3.48210393852e-009, 2.06973620465e-008, 8.69540173198e-008, 7.75081758775e-008, 1.43971249145e-007, 1.41164946399e-007, 4.14665066728e-008, 6.5984046671e-008, 1.61976334567e-008, 1.52615253768e-008, 1.36826745489e-008, 6.73048061728e-009, 6.88211754252e-009, 8.85261915856e-012]
    },
    "erbbands": {
        "mean": [0.174259468913, 0.720864713192, 3.55605530739, 16.7091636658, 15.1207761765, 21.7862815857, 17.5741043091, 20.4326000214, 21.673866272, 28.07188797, 18.5351867676, 30.1386547089, 28.6548595428, 27.5909690857, 8.33629798889, 5.40597677231, 1.85385620594, 1.51419210434, 2.15990757942, 5.36606454849, 7.82875394821, 10.1612176895, 12.9639263153, 12.0724096298, 10.8118982315, 6.73983240128, 7.02208948135, 5.1561126709, 3.18207216263, 2.69167613983, 2.14008235931, 1.680513978, 1.04781424999, 0.574092566967, 0.331425577402, 0.192393809557, 0.0517099015415, 0.00614744843915, 0.000161185176694, 3.94275193685e-005],
        "var": [0.065106742084, 0.931001901627, 19.3742103577, 540.808288574, 457.313262939, 1067.14416504, 447.491760254, 584.285461426, 996.321228027, 4839.38476563, 738.644287109, 3318.15234375, 1712.14416504, 6956.86572266, 280.022521973, 121.506233215, 11.7083425522, 14.8828420639, 14.2355976105, 108.70639801, 288.210479736, 229.379730225, 402.910583496, 349.04397583, 237.983428955, 95.7340164185, 132.054214478, 68.0988006592, 21.9407482147, 16.1567611694, 11.9308633804, 7.19296216965, 3.59207057953, 1.14947748184, 0.314035654068, 0.21483579278, 0.0148024214432, 0.000159879491548, 1.03587915135e-007, 1.0677284612e-009]
    },
    "gfcc": {
        "mean": [-23.1246681213, 106.997764587, -82.312286377, 45.420791626, -69.9393310547, -5.37952041626, -33.3956832886, 21.5082397461, -27.1141300201, -8.27428817749, -22.6142177582, 4.04819297791, -7.09920787811],
        "cov": [[7770.49902344, -1649.52355957, -643.006164551, 248.801971436, -535.188171387, 396.90057373, -327.915405273, 188.526748657, -367.064086914, 182.524246216, -278.222290039, 198.011932373, -225.8359375], [-1649.52355957, 1516.39575195, 87.3929977417, 10.7845849991, 317.817169189, -298.16418457, 229.528533936, -103.120658875, 150.520263672, -171.999633789, 164.084640503, -125.044136047, 175.366775513], [-643.006164551, 87.3929977417, 801.360229492, 44.3640556335, 100.893791199, 98.0216445923, -96.3346633911, -87.1222686768, -26.2835178375, -6.28870630264, -28.1940021515, -37.2275161743, -78.9972839355], [248.801971436, 10.7845849991, 44.3640556335, 221.506698608, 59.1765174866, 25.926404953, 26.0060119629, 10.146355629, -16.5639801025, -38.8265342712, -11.2136974335, -24.9117126465, 17.8505477905], [-535.188171387, 317.817169189, 100.893791199, 59.1765174866, 240.45690918, -0.869334042072, 43.120349884, -48.6779022217, 11.8150243759, -48.6948432922, 18.0282649994, -31.4858093262, 32.1330757141], [396.90057373, -298.16418457, 98.0216445923, 25.926404953, -0.869334042072, 235.318222046, -46.5942459106, -31.9811325073, -53.2214126587, 48.1751289368, -42.1269073486, -3.81135725975, -43.8674888611], [-327.915405273, 229.528533936, -96.3346633911, 26.0060119629, 43.120349884, -46.5942459106, 159.360321045, 30.4133930206, 17.3870201111, -59.4583702087, 33.6767692566, -6.66092777252, 55.5680503845], [188.526748657, -103.120658875, -87.1222686768, 10.146355629, -48.6779022217, -31.9811325073, 30.4133930206, 129.309997559, 10.448472023, -0.117672249675, 2.16117763519, 36.4945068359, 15.3924427032], [-367.064086914, 150.520263672, -26.2835178375, -16.5639801025, 11.8150243759, -53.2214126587, 17.3870201111, 10.448472023, 118.842292786, 35.8281669617, 33.7516517639, -16.4092273712, 23.2544193268], [182.524246216, -171.999633789, -6.28870630264, -38.8265342712, -48.6948432922, 48.1751289368, -59.4583702087, -0.117672249675, 35.8281669617, 145.662155151, 23.248884201, 4.03946876526, -31.3477172852], [-278.222290039, 164.084640503, -28.1940021515, -11.2136974335, 18.0282649994, -42.1269073486, 33.6767692566, 2.16117763519, 33.7516517639, 23.248884201, 103.816207886, 19.2090854645, 31.5027942657], [198.011932373, -125.044136047, -37.2275161743, -24.9117126465, -31.4858093262, -3.81135725975, -6.66092777252, 36.4945068359, -16.4092273712, 4.03946876526, 19.2090854645, 114.467697144, 15.3062171936], [-225.8359375, 175.366775513, -78.9972839355, 17.8505477905, 32.1330757141, -43.8674888611, 55.5680503845, 15.3924427032, 23.2544193268, -31.3477172852, 31.5027942657, 15.3062171936, 97.5495071411]],
        "icov": [[0.000357073615305, -0.000487258890644, 0.000497812288813, -0.000826651288662, 0.000721522781532, -0.000594027340412, 0.00072021514643, -0.000492532912176, 0.000972808513325, -0.000681810313836, 0.000940510653891, -0.000892293290235, 0.000804943032563], [-0.000487258890644, 0.00399596663192, -0.00140068202745, 0.00214066985063, -0.00311099085957, 0.00330918841064, -0.0027787417639, 0.0026716478169, -0.00300724920817, 0.00311151356436, -0.00441463012248, 0.00415037665516, -0.00367226521485], [0.000497812288813, -0.00140068202745, 0.0025287985336, -0.00160395633429, 0.000764800817706, -0.00187472300604, 0.00240145344287, -0.000721171323676, 0.00137526134495, -0.000650715781376, 0.00155828928109, -0.00183075573295, 0.00290981004946], [-0.000826651288662, 0.00214066985063, -0.00160395633429, 0.0077330796048, -0.00338722625747, 0.00116960483138, -0.00218984298408, 0.000163661155966, -0.00209893193096, 0.00323056895286, -0.00315850856714, 0.00447482941672, -0.0037563748192], [0.000721522781532, -0.00311099085957, 0.000764800817706, -0.00338722625747, 0.00882074888796, -0.0032161232084, 0.0015609357506, -0.000171700812643, 0.00208686594851, -0.00128717417829, 0.00295347138308, -0.00307617243379, 0.00190608948469], [-0.000594027340412, 0.00330918841064, -0.00187472300604, 0.00116960483138, -0.0032161232084, 0.00949863903224, -0.00348396110348, 0.00359644787386, 0.000205728574656, -0.00131333095487, -0.00120022229385, 0.00303031574003, -0.00286739226431], [0.00072021514643, -0.0027787417639, 0.00240145344287, -0.00218984298408, 0.0015609357506, -0.00348396110348, 0.0135022541508, -0.00479562394321, 0.00181894993875, 0.00226985267363, -0.000277075334452, -0.00119743985124, 0.000565792259295], [-0.000492532912176, 0.0026716478169, -0.000721171323676, 0.000163661155966, -0.000171700812643, 0.00359644787386, -0.00479562394321, 0.0128400605172, -0.00345298903994, 0.00110824964941, -0.00117356237024, -0.000730879663024, -0.00250455481], [0.000972808513325, -0.00300724920817, 0.00137526134495, -0.00209893193096, 0.00208686594851, 0.000205728574656, 0.00181894993875, -0.00345298903994, 0.0164631940424, -0.00830488931388, 0.00324732298031, -0.00116330001038, 0.000610378861893], [-0.000681810313836, 0.00311151356436, -0.000650715781376, 0.00323056895286, -0.00128717417829, -0.00131333095487, 0.00226985267363, 0.00110824964941, -0.00830488931388, 0.0165097378194, -0.00934222154319, 0.00428486941382, -0.000294806930469], [0.000940510653891, -0.00441463012248, 0.00155828928109, -0.00315850856714, 0.00295347138308, -0.00120022229385, -0.000277075334452, -0.00117356237024, 0.00324732298031, -0.00934222154319, 0.0203825328499, -0.00835706945509, 0.00173659960274], [-0.000892293290235, 0.00415037665516, -0.00183075573295, 0.00447482941672, -0.00307617243379, 0.00303031574003, -0.00119743985124, -0.000730879663024, -0.00116330001038, 0.00428486941382, -0.00835706945509, 0.0166183784604, -0.00690936390311], [0.000804943032563, -0.00367226521485, 0.00290981004946, -0.0037563748192, 0.00190608948469, -0.00286739226431, 0.000565792259295, -0.00250455481, 0.000610378861893, -0.000294806930469, 0.00173659960274, -0.00690936390311, 0.0201988629997]]
    },
    "melbands": {
        "mean": [0.00128848687746, 0.00155080005061, 0.00275350059383, 0.00129135826137, 0.000704859441612, 0.000453914573882, 0.000350184127456, 0.000272783654509, 0.000139795505675, 0.000204465366551, 0.00014405377442, 0.000118004049, 3.33839016093e-005, 1.61912994372e-005, 7.39457846066e-006, 3.41561485584e-006, 2.59260377788e-006, 2.99859084407e-006, 5.17821808899e-006, 8.79179242474e-006, 8.93996457307e-006, 9.68894255493e-006, 1.25334954646e-005, 1.14223239507e-005, 9.36458400247e-006, 1.00327843029e-005, 4.99531461173e-006, 4.31399530498e-006, 4.40735948359e-006, 4.23413302997e-006, 2.50034122473e-006, 1.79362018571e-006, 1.60444744779e-006, 1.46666559431e-006, 1.23706820432e-006, 1.14166505227e-006, 9.7868019111e-007, 7.65571769534e-007, 5.86379712786e-007, 4.46008357358e-007],
        "var": [3.35909453497e-006, 3.38318864124e-006, 1.29042946355e-005, 3.17212925438e-006, 7.51379161557e-007, 2.69787079787e-007, 2.73989371635e-007, 4.19323470169e-007, 4.12222291857e-008, 1.4608438903e-007, 4.92441891708e-008, 1.4145476257e-007, 7.92728371835e-009, 1.1046729087e-009, 2.27775270867e-010, 8.71252930912e-011, 4.78347708666e-011, 3.07363925978e-011, 1.26208848927e-010, 3.22207566184e-010, 3.62445379265e-010, 2.72270039847e-010, 5.25329779677e-010, 3.57599283518e-010, 2.42735165301e-010, 2.59779697753e-010, 5.0723054229e-011, 4.54720011644e-011, 5.591610161e-011, 6.46369763269e-011, 1.51476574339e-011, 7.61228840379e-012, 5.84826241254e-012, 5.18417730619e-012, 4.20177130936e-012, 3.83980607727e-012, 2.50481753394e-012, 1.87128351009e-012, 1.56920863022e-012, 7.03746468652e-013]
    },
    "mfcc": {
        "mean": [-674.905944824, 132.596450806, 34.0219345093, 47.7779006958, -5.26995372772, -16.0870571136, -3.33754134178, 13.4446077347, 4.97390556335, -2.85613369942, -8.61039829254, -4.55523109436, -3.18423581123],
        "cov": [[6175.55664063, -1857.88708496, -387.385406494, -288.888946533, -222.865905762, 56.5166740417, 19.6127548218, 6.15033006668, -52.6602706909, -10.606253624, -117.088829041, 71.8949127197, -24.4839706421], [-1857.88708496, 1422.80932617, 5.67042922974, 277.310577393, 79.6110992432, -53.5925941467, 28.6179008484, 25.4238052368, 14.6321926117, -4.24364042282, 38.965385437, -72.2739257813, 27.1261348724], [-387.385406494, 5.67042922974, 585.628723145, -15.0097093582, 151.925491333, 102.610244751, 4.88996362686, -30.7258472443, -33.2519645691, -3.10260128975, 2.94850897789, 1.31854605675, -19.5157299042], [-288.888946533, 277.310577393, -15.0097093582, 282.704864502, 39.6273956299, -43.3366966248, 39.6282615662, 67.2519454956, 30.4293193817, -11.0701436996, -2.6034412384, -37.5514335632, -12.3901844025], [-222.865905762, 79.6110992432, 151.925491333, 39.6273956299, 207.890151978, 97.8442687988, 17.0974712372, -17.5986690521, -8.46228694916, 2.46883559227, -12.3602581024, -19.8368701935, -8.7697763443], [56.5166740417, -53.5925941467, 102.610244751, -43.3366966248, 97.8442687988, 203.598724365, 31.8796272278, -39.0597381592, -8.93120765686, 16.0662097931, -18.008764267, -7.7016658783, 2.97562670708], [19.6127548218, 28.6179008484, 4.88996362686, 39.6282615662, 17.0974712372, 31.8796272278, 132.848342896, 40.6110038757, 7.3441901207, -16.6195640564, -15.0251550674, -9.70503044128, -10.0505304337], [6.15033006668, 25.4238052368, -30.7258472443, 67.2519454956, -17.5986690521, -39.0597381592, 40.6110038757, 134.272384644, 29.3648948669, -34.6413803101, -26.7851104736, -19.8317222595, -4.40111589432], [-52.6602706909, 14.6321926117, -33.2519645691, 30.4293193817, -8.46228694916, -8.93120765686, 7.3441901207, 29.3648948669, 83.1651687622, 15.1757316589, -5.34135389328, -11.023598671, -7.00074625015], [-10.606253624, -4.24364042282, -3.10260128975, -11.0701436996, 2.46883559227, 16.0662097931, -16.6195640564, -34.6413803101, 15.1757316589, 82.2423706055, 28.9004898071, 5.65903520584, -2.06374526024], [-117.088829041, 38.965385437, 2.94850897789, -2.6034412384, -12.3602581024, -18.008764267, -15.0251550674, -26.7851104736, -5.34135389328, 28.9004898071, 79.6906967163, 32.2987480164, 1.47695064545], [71.8949127197, -72.2739257813, 1.31854605675, -37.5514335632, -19.8368701935, -7.7016658783, -9.70503044128, -19.8317222595, -11.023598671, 5.65903520584, 32.2987480164, 77.0320281982, 23.0994377136], [-24.4839706421, 27.1261348724, -19.5157299042, -12.3901844025, -8.7697763443, 2.97562670708, -10.0505304337, -4.40111589432, -7.00074625015, -2.06374526024, 1.47695064545, 23.0994377136, 71.4645614624]],
        "icov": [[0.000301114778267, 0.00039258520701, 0.000190509017557, -0.000130666099722, 0.000147312020999, -0.000118588439364, -8.25383103802e-005, -8.06838579592e-006, 0.000292206357699, -0.000105803395854, 0.000294048280921, -4.86453827762e-005, 2.96442540275e-005], [0.00039258520701, 0.00150785583537, 0.000233902916079, -0.0010011709528, -9.13028343348e-005, 0.000116869035992, -0.000266324728727, 0.00032025371911, 0.000377848336939, 0.000101117504528, -0.000597599369939, 0.00116179813631, -0.00090459123021], [0.000190509017557, 0.000233902916079, 0.00235191802494, 0.000104921506136, -0.0013712879736, -0.000569113355596, 0.000151487518451, -0.000139560288517, 0.000770837184973, 0.000219516849029, -0.000140547635965, -0.000440813688328, 0.000732312735636], [-0.000130666099722, -0.0010011709528, 0.000104921506136, 0.00569944595918, -0.00164305232465, 0.00143674761057, -0.000947891385294, -0.00192700210027, -0.00103988591582, -0.000141051437822, -0.000760165276006, 0.00112953817006, 0.00038328426308], [0.000147312020999, -9.13028343348e-005, -0.0013712879736, -0.00164305232465, 0.00810978654772, -0.00343885179609, 0.000266709947027, 0.000673973292578, 0.000498876499478, 0.000117077026516, 0.000780578062404, 0.000534681370482, 0.000506475451402], [-0.000118588439364, 0.000116869035992, -0.000569113355596, 0.00143674761057, -0.00343885179609, 0.00831080041826, -0.00261043501087, 0.00194151594769, -0.000359869154636, -0.0016551904846, 0.00159090792295, 0.000870937481523, -0.0014043484116], [-8.25383103802e-005, -0.000266324728727, 0.000151487518451, -0.000947891385294, 0.000266709947027, -0.00261043501087, 0.00954124704003, -0.00284038716927, 0.000131046966999, 0.00107985478826, 0.00026842506486, -0.00101979402825, 0.00162628735416], [-8.06838579592e-006, 0.00032025371911, -0.000139560288517, -0.00192700210027, 0.000673973292578, 0.00194151594769, -0.00284038716927, 0.0121253672987, -0.00366400624625, 0.00384495058097, 0.00174079195131, 0.00121265358757, -0.000823228561785], [0.000292206357699, 0.000377848336939, 0.000770837184973, -0.00103988591582, 0.000498876499478, -0.000359869154636, 0.000131046966999, -0.00366400624625, 0.0152507219464, -0.00489830272272, 0.00164800987113, 0.000250836572377, 0.00109327607788], [-0.000105803395854, 0.000101117504528, 0.000219516849029, -0.000141051437822, 0.000117077026516, -0.0016551904846, 0.00107985478826, 0.00384495058097, -0.00489830272272, 0.0173373315483, -0.00643863622099, 0.00183903530706, -7.73747797211e-006], [0.000294048280921, -0.000597599369939, -0.000140547635965, -0.000760165276006, 0.000780578062404, 0.00159090792295, 0.00026842506486, 0.00174079195131, 0.00164800987113, -0.00643863622099, 0.0204370636493, -0.00906567368656, 0.00281533040106], [-4.86453827762e-005, 0.00116179813631, -0.000440813688328, 0.00112953817006, 0.000534681370482, 0.000870937481523, -0.00101979402825, 0.00121265358757, 0.000250836572377, 0.00183903530706, -0.00906567368656, 0.0208538677543, -0.00689713098109], [2.96442540275e-005, -0.00090459123021, 0.000732312735636, 0.00038328426308, 0.000506475451402, -0.0014043484116, 0.00162628735416, -0.000823228561785, 0.00109327607788, -7.73747797211e-006, 0.00281533040106, -0.00689713098109, 0.0171895883977]]
    },
    "spectral_contrast_coeffs": {
        "mean": [-0.608992576599, -0.730581998825, -0.729436159134, -0.797286272049, -0.785041093826, -0.750774860382],
        "var": [0.00598247395828, 0.00422652484849, 0.00525514921173, 0.00253319414333, 0.00225071958266, 0.00206925929524]
    },
    "spectral_contrast_valleys": {
        "mean": [-6.96361303329, -6.57680654526, -7.74714231491, -8.86664772034, -7.97147130966, -10.6275453568],
        "var": [1.20642137527, 1.18675374985, 1.25301861763, 1.36935400963, 1.60489475727, 1.89523875713]
    }
},
"metadata": {
    "audio_properties": {
        "analysis_sample_rate": 44100,
        "bit_rate": 114266,
        "equal_loudness": 0,
        "length": 45.0612258911,
        "lossless": 0,
        "replay_gain": -13.097738266,
        "sample_rate": 44100,
        "codec": "mp3",
        "downmix": "mix",
        "md5_encoded": "3fa30c786b67abf56516ca7829fa083b"
    },
    "tags": {
        "file_name": "397.mp3"
    },
    "version": {
        "essentia": "2.1-beta2",
        "essentia_git_sha": "v2.1_beta2",
        "extractor": "music 1.0"
    }
},
"rhythm": {
    "beats_count": 116,
    "beats_loudness": {
        "mean": 0.0409024916589,
        "var": 0.000780270027462
    },
    "bpm": 155.837478638,
    "bpm_histogram_first_peak_bpm": {
        "mean": 157,
        "var": 0
    },
    "bpm_histogram_first_peak_spread": {
        "mean": 0.293478250504,
        "var": 0
    },
    "bpm_histogram_first_peak_weight": {
        "mean": 0.565217375755,
        "var": 0
    },
    "bpm_histogram_second_peak_bpm": {
        "mean": 152,
        "var": 0
    },
    "bpm_histogram_second_peak_spread": {
        "mean": 0.34999999404,
        "var": 0
    },
    "bpm_histogram_second_peak_weight": {
        "mean": 0.113043479621,
        "var": 0
    },
    "danceability": 1.17660462856,
    "onset_rate": 5.50114297867,
    "beats_loudness_band_ratio": {
        "mean": [0.528458118439, 0.240987107158, 0.167979672551, 0.050841730088, 0.0315265767276, 0.0355808436871],
        "var": [0.0603520572186, 0.0144516509026, 0.0295471791178, 0.0095068924129, 0.00120809557848, 0.00115836772602]
    },
    "beats_position": [0.406349211931, 0.824308395386, 1.21904754639, 1.60217678547, 1.98530614376, 2.36843538284, 2.75156450272, 3.13469386101, 3.50621318817, 3.87773227692, 4.26086139679, 4.6439909935, 5.01551008224, 5.38702917099, 5.7701587677, 6.15328788757, 6.52480697632, 6.90793657303, 7.2910656929, 7.66258478165, 8.03410434723, 8.4172334671, 8.80036258698, 9.18349170685, 9.55501079559, 9.93814086914, 10.321269989, 10.7043991089, 11.0875282288, 11.4706573486, 11.8421764374, 12.2136955261, 12.5968255997, 12.9799547195, 13.3746938705, 13.7462129593, 14.1293420792, 14.512471199, 14.9188203812, 15.3367795944, 15.7431287766, 16.1494789124, 16.5442180634, 16.9273471832, 17.298866272, 17.6819953918, 18.0651245117, 18.4482536316, 18.8313827515, 19.2145118713, 19.5860309601, 19.96916008, 20.3406791687, 20.7121982574, 21.0953292847, 21.5016784668, 21.9080276489, 22.3259868622, 22.7323360443, 23.1038551331, 23.4753742218, 23.8585033417, 24.2416324615, 24.6131515503, 24.984670639, 25.3677997589, 25.7509288788, 26.1224479675, 26.5055770874, 26.8887062073, 27.2834453583, 27.6665763855, 28.0497055054, 28.4444446564, 28.8391838074, 29.2339229584, 29.6170520782, 30.0001811981, 30.383310318, 30.7664394379, 31.1379585266, 31.5210876465, 31.9042167664, 32.2757377625, 32.6472549438, 33.0303840637, 33.4251251221, 33.8082542419, 34.2029914856, 34.5977325439, 34.9924697876, 35.3755989075, 35.7587280273, 36.1418571472, 36.5249862671, 36.908115387, 37.2912483215, 37.6627655029, 38.0458946228, 38.4290237427, 38.8005447388, 39.1836738586, 39.5668029785, 39.9615402222, 40.344669342, 40.7277984619, 41.1109275818, 41.4940567017, 41.8655776978, 42.2487068176, 42.6318359375, 43.0149650574, 43.3980941772, 43.7696151733, 44.164352417, 44.5707015991]
},
"tonal": {
    "chords_changes_rate": 0.0524691343307,
    "chords_number_rate": 0.00925925932825,
    "chords_strength": {
        "mean": 0.565567731857,
        "var": 0.0109274983406
    },
    "hpcp_entropy": {
        "mean": 2.04884314537,
        "var": 0.574600160122
    },
    "key_strength": 0.605617523193,
    "tuning_diatonic_strength": 0.64057469368,
    "tuning_equal_tempered_deviation": 0.0818597972393,
    "tuning_frequency": 435.197479248,
    "tuning_nontempered_energy_ratio": 0.764317929745,
    "hpcp": {
        "mean": [0.197102665901, 0.154264047742, 0.0973179340363, 0.0857525244355, 0.109780550003, 0.221131429076, 0.327657938004, 0.235351637006, 0.0946835353971, 0.0618159435689, 0.0578295588493, 0.0631918087602, 0.0866989046335, 0.149929851294, 0.277642011642, 0.307449489832, 0.175839588046, 0.0783831998706, 0.0521007217467, 0.0542232505977, 0.134596988559, 0.200224682689, 0.141401842237, 0.135992273688, 0.161144539714, 0.0939366221428, 0.0826306566596, 0.144181787968, 0.121978901327, 0.109232127666, 0.169075325131, 0.150781556964, 0.10957980901, 0.112721122801, 0.128222361207, 0.166721507907],
        "var": [0.0702387094498, 0.0485503040254, 0.0329225212336, 0.0300603993237, 0.0381731167436, 0.0744693130255, 0.125236898661, 0.0762527212501, 0.0313949622214, 0.0219090916216, 0.0210882443935, 0.0201134681702, 0.0282124150544, 0.0499798022211, 0.119944006205, 0.135755926371, 0.0595057606697, 0.0296214018017, 0.0204055290669, 0.0154040753841, 0.0505076311529, 0.103442817926, 0.0496267937124, 0.0454143323004, 0.0708192959428, 0.0214960370213, 0.0178978238255, 0.0593466348946, 0.0366068556905, 0.027040541172, 0.0721200630069, 0.0541898570955, 0.0397024005651, 0.0422982387245, 0.0511068366468, 0.055677741766]
    },
    "chords_histogram": [18.41563797, 29.2181072235, 9.56790161133, 0.411522626877, 1.85185182095, 0.102880656719, 2.46913576126, 0, 0, 0, 0, 0.617283940315, 0.411522626877, 0, 0, 0, 0, 1.74897122383, 1.13168728352, 8.02469158173, 0, 0, 0, 26.0288066864],
    "thpcp": [1, 0.718284547329, 0.288970679045, 0.188659995794, 0.176493689418, 0.192859083414, 0.264601886272, 0.457580417395, 0.847353219986, 0.938324570656, 0.536655962467, 0.23922264576, 0.159009486437, 0.165487363935, 0.410785079002, 0.611078381538, 0.431553244591, 0.415043413639, 0.491807222366, 0.286691129208, 0.252185732126, 0.44003751874, 0.372275143862, 0.333372443914, 0.516011714935, 0.460179775953, 0.334433555603, 0.344020724297, 0.391329944134, 0.508827924728, 0.601550102234, 0.470808207989, 0.297010749578, 0.261713564396, 0.335046201944, 0.674885034561],
    "chords_key": "B",
    "chords_scale": "minor",
    "key_key": "G",
    "key_scale": "major"
}
}