{
"lowlevel": {
    "average_loudness": 0.711700081825,
    "barkbands_crest": {
        "mean": 13.8105459213,
        "var": 29.6224193573
    },
    "barkbands_flatness_db": {
        "mean": 0.173021405935,
        "var": 0.0032840159256
    },
    "barkbands_kurtosis": {
        "mean": 15.6410341263,
        "var": 833.551635742
    },
    "barkbands_skewness": {
        "mean": 2.6406276226,
        "var": 5.55494499207
    },
    "barkbands_spread": {
        "mean": 15.7150602341,
        "var": 147.955734253
    },
    "dissonance": {
        "mean": 0.451139301062,
        "var": 0.00111475645099
    },
    "dynamic_complexity": 2.75728487968,
    "erbbands_crest": {
        "mean": 10.5736160278,
        "var": 22.6066226959
    },
    "erbbands_flatness_db": {
        "mean": 0.140137866139,
        "var": 0.00137080310378
    },
    "erbbands_kurtosis": {
        "mean": 1.90261375904,
        "var": 17.8203830719
    },
    "erbbands_skewness": {
        "mean": 0.561382830143,
        "var": 0.711695194244
    },
    "erbbands_spread": {
        "mean": 36.7807273865,
        "var": 336.878234863
    },
    "hfc": {
        "mean": 12.1302318573,
        "var": 217.887115479
    },
    "melbands_crest": {
        "mean": 19.0962810516,
        "var": 61.7824707031
    },
    "melbands_flatness_db": {
        "mean": 0.261296063662,
        "var": 0.0056583234109
    },
    "melbands_kurtosis": {
        "mean": 36.3287658691,
        "var": 4151.39746094
    },
    "melbands_skewness": {
        "mean": 3.83313655853,
        "var": 11.0308618546
    },
    "melbands_spread": {
        "mean": 16.2408561707,
        "var": 319.405395508
    },
    "pitch_salience": {
        "mean": 0.415625482798,
        "var": 0.021889353171
    },
    "silence_rate_20dB": {
        "mean": 1,
        "var": 0
    },
    "silence_rate_30dB": {
        "mean": 0.899639725685,
        "var": 0.0902880430222
    },
    "silence_rate_60dB": {
        "mean": 0.0226453933865,
        "var": 0.022131325677
    },
    "spectral_centroid": {
        "mean": 1174.07751465,
        "var": 586791.5
    },
    "spectral_complexity": {
        "mean": 11.4518785477,
        "var": 53.4961395264
    },
    "spectral_decrease": {
        "mean": -9.60979118503e-009,
        "var": 9.93772670339e-017
    },
    "spectral_energy": {
        "mean": 0.0373698174953,
        "var": 0.00145819515456
    },
    "spectral_energyband_high": {
        "mean": 0.000520807690918,
        "var": 1.36704079523e-006
    },
    "spectral_energyband_low": {
        "mean": 0.0261543896049,
        "var": 0.00120554363821
    },
    "spectral_energyband_middle_high": {
        "mean": 0.00335457036272,
        "var": 2.00577287615e-005
    },
    "spectral_energyband_middle_low": {
        "mean": 0.00792731996626,
        "var": 0.000240601133555
    },
    "spectral_entropy": {
        "mean": 7.40489625931,
        "var": 0.156990870833
    },
    "spectral_flux": {
        "mean": 0.0708775371313,
        "var": 0.0032387888059
    },
    "spectral_kurtosis": {
        "mean": 4.59450054169,
        "var": 6.8381152153
    },
    "spectral_rms": {
        "mean": 0.00533109111711,
        "var": 8.03777857072e-006
    },
    "spectral_rolloff": {
        "mean": 822.661010742,
        "var": 1642138
    },
    "spectral_skewness": {
        "mean": 1.66933619976,
        "var": 0.221559554338
    },
    "spectral_spread": {
        "mean": 4885980,
        "var": 2.74165425766e+012
    },
    "spectral_strongpeak": {
        "mean": 0.746593952179,
        "var": 1.07542157173
    },
    "zerocrossingrate": {
        "mean": 0.0388752780855,
        "var": 0.00119248044211
    },
    "barkbands": {
        "mean": [0.00223393249325, 0.0209558717906, 0.00241660326719, 0.00108726322651, 0.00449852459133, 0.000816373096313, 0.000332821015036, 0.000690537213814, 0.000449185288744, 0.00119393225759, 0.000248648808338, 0.000767245830502, 0.000135261070682, 0.000227118973271, 0.000100954595837, 0.000153384244186, 0.000192267965758, 0.000118065050629, 0.000170175873791, 0.000127317965962, 0.000160082432558, 9.47626685956e-005, 8.0794270616e-005, 5.46111041331e-005, 3.82822108804e-005, 2.22909548029e-005, 3.53461382474e-006],
        "var": [1.24846646941e-005, 0.000978124560788, 2.46263334702e-005, 4.83250641992e-006, 0.0001780281018, 2.66959750661e-006, 6.78044500546e-007, 2.84383077087e-006, 5.52385017727e-007, 6.02160480412e-006, 5.42560599115e-007, 1.40343684052e-006, 9.27188068545e-008, 4.24930874487e-007, 2.37330965547e-007, 3.69256270005e-007, 7.05075194674e-007, 1.51462231202e-007, 2.2970215241e-007, 7.33738332315e-008, 2.15016214611e-007, 3.98498585241e-008, 3.53199141045e-008, 1.64073039599e-008, 5.63976865209e-009, 2.04003214321e-009, 1.66268832036e-010]
    },
    "erbbands": {
        "mean": [1.00053727627, 3.08489727974, 2.9914124012, 3.68198657036, 4.36448860168, 14.9954938889, 23.1067314148, 6.25717735291, 5.02827119827, 7.56979513168, 14.4677991867, 10.2840204239, 29.9571228027, 19.9988555908, 18.4886302948, 22.6234741211, 9.24520111084, 9.07674598694, 8.18449878693, 6.35189151764, 9.48459529877, 12.7337055206, 6.72328138351, 8.08148002625, 7.97680568695, 5.71430492401, 8.36230659485, 4.00704669952, 3.57327008247, 2.99702644348, 2.02619934082, 1.32410168648, 0.829997360706, 0.488032311201, 0.250440061092, 0.11479268223, 0.0360536165535, 0.00924303103238, 0.000348051456967, 4.91559076181e-005],
        "var": [2.97401881218, 15.514995575, 26.831111908, 53.4939498901, 79.8326721191, 2322.91259766, 5398.87060547, 119.56439209, 157.794937134, 273.758270264, 1003.47186279, 272.809783936, 2906.19628906, 1281.75134277, 1030.53308105, 1294.89904785, 359.355865479, 663.33782959, 1039.76464844, 506.28805542, 1495.47485352, 3098.28759766, 425.165496826, 623.075744629, 441.965667725, 150.247940063, 644.217651367, 91.3965530396, 58.2466926575, 50.7494506836, 21.0500049591, 9.55308532715, 3.89481115341, 1.07778894901, 0.219926357269, 0.0507644340396, 0.006397026591, 0.000790673948359, 1.3282344753e-006, 2.47809262e-009]
    },
    "gfcc": {
        "mean": [-22.1466789246, 91.7177505493, -89.1618499756, 33.3074264526, -52.0855522156, 25.9324302673, -19.4926986694, 18.0040283203, -26.4291324615, 5.60171508789, -12.3234500885, 8.7259979248, -9.00032711029],
        "cov": [[4897.74316406, -319.476196289, -269.255645752, 442.414825439, -106.815246582, 61.239692688, -183.738586426, 26.9612369537, 50.6910324097, 118.659637451, -49.5034217834, 35.8203887939, 74.9055023193], [-319.476196289, 717.329284668, 178.191314697, -104.320243835, 103.626579285, -70.7499923706, -23.7036571503, -67.4930038452, 2.21799707413, -61.5581703186, 16.8678264618, -54.3336029053, -20.2387752533], [-269.255645752, 178.191314697, 342.375854492, 68.1870193481, 141.895202637, 6.39906549454, 8.15400028229, -37.7244377136, 21.7216300964, 23.1807060242, 40.6797485352, -8.3016910553, 15.4022636414], [442.414825439, -104.320243835, 68.1870193481, 347.305053711, 58.9680862427, 43.0675239563, 15.5153665543, 26.5238380432, 109.057731628, 79.849861145, 39.583316803, -20.1948833466, 74.0984344482], [-106.815246582, 103.626579285, 141.895202637, 58.9680862427, 271.385253906, 61.1267662048, 3.43635582924, -19.7121124268, 55.9880104065, 40.9064064026, 46.5858840942, 5.05008411407, -31.0451087952], [61.239692688, -70.7499923706, 6.39906549454, 43.0675239563, 61.1267662048, 135.413787842, 83.2624664307, 29.7158756256, -17.2789306641, 10.6331214905, 20.764799118, 11.660068512, -0.219711229205], [-183.738586426, -23.7036571503, 8.15400028229, 15.5153665543, 3.43635582924, 83.2624664307, 164.964248657, 66.4791717529, 1.59067463875, -5.746073246, 30.065662384, 21.0759067535, 35.444355011], [26.9612369537, -67.4930038452, -37.7244377136, 26.5238380432, -19.7121124268, 29.7158756256, 66.4791717529, 122.449707031, 63.1313934326, 5.74781084061, -12.6766290665, 14.9671869278, 32.8339729309], [50.6910324097, 2.21799707413, 21.7216300964, 109.057731628, 55.9880104065, -17.2789306641, 1.59067463875, 63.1313934326, 166.304611206, 71.4353790283, 18.0630474091, -13.476392746, 37.9660186768], [118.659637451, -61.5581703186, 23.1807060242, 79.849861145, 40.9064064026, 10.6331214905, -5.746073246, 5.74781084061, 71.4353790283, 118.655502319, 66.2002563477, -2.4828979969, -2.78614521027], [-49.5034217834, 16.8678264618, 40.6797485352, 39.583316803, 46.5858840942, 20.764799118, 30.065662384, -12.6766290665, 18.0630474091, 66.2002563477, 122.663658142, 39.1814231873, 3.22503399849], [35.8203887939, -54.3336029053, -8.3016910553, -20.1948833466, 5.05008411407, 11.660068512, 21.0759067535, 14.9671869278, -13.476392746, -2.4828979969, 39.1814231873, 95.4917449951, 39.6456451416], [74.9055023193, -20.2387752533, 15.4022636414, 74.0984344482, -31.0451087952, -0.219711229205, 35.444355011, 32.8339729309, 37.9660186768, -2.78614521027, 3.22503399849, 39.6456451416, 147.237136841]],
        "icov": [[0.000312322285026, -0.000192264458747, 0.000296688929666, -0.000592675467487, 0.000187832454685, -0.000409117958043, 0.000573291443288, -0.000172414060216, 0.00033369960147, -0.000574763515033, 0.000537348852959, -0.000605323875789, 7.56476147217e-005], [-0.000192264458747, 0.00272408314049, -0.00107249524444, 0.00158404675312, -0.00106908509042, 0.00139506172854, -0.00041373030399, 0.000629413756542, -0.00128268299159, 0.00338545977138, -0.00291205919348, 0.0032111115288, -0.00088287651306], [0.000296688929666, -0.00107249524444, 0.00495740538463, -0.00152359728236, -0.00235552364029, 0.00120664178394, -0.000563178211451, 0.000254388083704, 0.00198179460131, -0.00175058166496, 0.000714088964742, -0.000207131219213, -0.000970213848632], [-0.000592675467487, 0.00158404675312, -0.00152359728236, 0.00675831455737, -0.000445628305897, -0.00162663613446, 0.000218419008888, 0.00105227576569, -0.0036231384147, 0.00146775518078, -0.00330411060713, 0.00469731260091, -0.00333659397438], [0.000187832454685, -0.00106908509042, -0.00235552364029, -0.000445628305897, 0.00872089713812, -0.00673984177411, 0.00181685946882, 0.00341876130551, -0.00591594725847, 0.00081277883146, 0.000508486817125, -0.00401507224888, 0.00346797890961], [-0.000409117958043, 0.00139506172854, 0.00120664178394, -0.00162663613446, -0.00673984177411, 0.0188260376453, -0.00856793764979, -0.00358610926196, 0.00795557443053, -0.00258836196736, 0.000408754887758, 0.00216039898805, -0.000129502615891], [0.000573291443288, -0.00041373030399, -0.000563178211451, 0.000218419008888, 0.00181685946882, -0.00856793764979, 0.0152921481058, -0.00723324669525, 0.000980049022473, 0.0028975745663, -0.00556349707767, 0.00186250533443, -0.00267501547933], [-0.000172414060216, 0.000629413756542, 0.000254388083704, 0.00105227576569, 0.00341876130551, -0.00358610926196, -0.00723324669525, 0.0205899719149, -0.0122716277838, 0.0021252615843, 0.00490455282852, -0.00521969050169, 0.00198581069708], [0.00033369960147, -0.00128268299159, 0.00198179460131, -0.0036231384147, -0.00591594725847, 0.00795557443053, 0.000980049022473, -0.0122716277838, 0.0211329348385, -0.0109060117975, 0.00210490683094, 0.00309554394335, -0.00400013010949], [-0.000574763515033, 0.00338545977138, -0.00175058166496, 0.00146775518078, 0.00081277883146, -0.00258836196736, 0.0028975745663, 0.0021252615843, -0.0109060117975, 0.0252208784223, -0.0150425666943, 0.00643960479647, 0.00108323968016], [0.000537348852959, -0.00291205919348, 0.000714088964742, -0.00330411060713, 0.000508486817125, 0.000408754887758, -0.00556349707767, 0.00490455282852, 0.00210490683094, -0.0150425666943, 0.0231196861714, -0.0131340418011, 0.00347058125772], [-0.000605323875789, 0.0032111115288, -0.000207131219213, 0.00469731260091, -0.00401507224888, 0.00216039898805, 0.00186250533443, -0.00521969050169, 0.00309554394335, 0.00643960479647, -0.0131340418011, 0.0233349949121, -0.00839261710644], [7.56476147217e-005, -0.00088287651306, -0.000970213848632, -0.00333659397438, 0.00346797890961, -0.000129502615891, -0.00267501547933, 0.00198581069708, -0.00400013010949, 0.00108323968016, 0.00347058125772, -0.00839261710644, 0.0125805055723]]
    },
    "melbands": {
        "mean": [0.00709019601345, 0.00236482731998, 0.000656681018881, 0.000560617248993, 0.00093445694074, 0.00013361791207, 7.19928211765e-005, 0.000111001492769, 0.000110091335955, 5.87993708905e-005, 0.000166094279848, 0.000104441605799, 5.08163575432e-005, 7.83492796472e-005, 4.74128501082e-005, 1.3276462596e-005, 1.67060188687e-005, 1.5291836462e-005, 7.83980340202e-006, 8.99908354768e-006, 1.00648085208e-005, 1.44747518789e-005, 6.39593963569e-006, 6.0604807004e-006, 6.55090298096e-006, 6.6904212872e-006, 4.63454716737e-006, 3.39951270689e-006, 6.44502688374e-006, 2.87238526653e-006, 1.96937435248e-006, 2.1732703317e-006, 1.59722264925e-006, 1.7467774569e-006, 1.14264241802e-006, 1.12114923922e-006, 6.71694920129e-007, 6.35983269603e-007, 4.34333912835e-007, 3.80269938205e-007],
        "var": [0.000126968181576, 7.66313223721e-006, 1.44376440403e-006, 1.89893262359e-006, 9.49826426222e-006, 5.40512736791e-008, 3.08043581754e-008, 6.60048016243e-008, 4.85305733378e-008, 9.77408820546e-009, 9.46952170011e-008, 3.98966548687e-008, 1.23143211184e-008, 1.79121908417e-008, 1.60704836105e-008, 1.34311861633e-009, 2.26695107131e-009, 3.61032514995e-009, 1.25299948195e-009, 9.02060259822e-010, 2.02591343701e-009, 4.94548535457e-009, 5.07802189187e-010, 3.962077888e-010, 4.61330917911e-010, 3.00825586663e-010, 1.31926178315e-010, 5.98033636501e-011, 4.53346638007e-010, 7.34256336288e-011, 2.12202026784e-011, 1.97046979428e-011, 1.49640109331e-011, 1.90631659763e-011, 6.83399474163e-012, 7.3655066421e-012, 2.78672896391e-012, 2.30623246195e-012, 1.02753157545e-012, 6.75131066503e-013]
    },
    "mfcc": {
        "mean": [-675.921142578, 126.739974976, 21.4018917084, 23.6884078979, 0.374889284372, 11.1192302704, 16.3456325531, 15.3881263733, 4.04130029678, 3.34150671959, 2.92578697205, 1.58180880547, 1.78668987751],
        "cov": [[2994.53613281, -648.402587891, -19.4186573029, 237.573318481, 85.7910461426, 90.3746109009, -143.512374878, -84.8592453003, 59.3209991455, 125.003181458, -80.122215271, 18.9039707184, 50.9053840637], [-648.402587891, 848.481506348, 54.8040275574, -52.0120315552, 92.86693573, -21.175567627, 7.67017269135, -6.88783502579, -80.1234741211, -79.1814880371, 35.7632369995, 1.71777999401, -44.8594703674], [-19.4186573029, 54.8040275574, 204.559463501, 85.6136322021, 21.8163986206, 29.4467658997, 24.3463401794, -16.9370937347, 8.18725776672, 9.90721130371, -5.7158741951, -3.629383564, 18.4214382172], [237.573318481, -52.0120315552, 85.6136322021, 213.320968628, 100.393234253, 66.3014068604, -31.8488464355, -25.0018539429, 36.9286613464, 61.5462112427, 18.6979961395, 50.526260376, 44.4880943298], [85.7910461426, 92.86693573, 21.8163986206, 100.393234253, 206.979614258, 90.2177352905, -18.958398819, -21.1950626373, -9.41680049896, 30.4809036255, 31.6118221283, 77.3069534302, 34.6463394165], [90.3746109009, -21.175567627, 29.4467658997, 66.3014068604, 90.2177352905, 140.073883057, 52.7625007629, 0.291681200266, -8.40092086792, 22.1110210419, 8.02213478088, 45.74817276, 50.7579154968], [-143.512374878, 7.67017269135, 24.3463401794, -31.8488464355, -18.958398819, 52.7625007629, 152.327911377, 60.7456550598, -3.5349509716, -23.5533103943, -1.0104893446, -13.9179029465, 38.5320167542], [-84.8592453003, -6.88783502579, -16.9370937347, -25.0018539429, -21.1950626373, 0.291681200266, 60.7456550598, 121.110321045, 50.2804412842, -9.44154071808, -16.893787384, -13.6458683014, 13.4595928192], [59.3209991455, -80.1234741211, 8.18725776672, 36.9286613464, -9.41680049896, -8.40092086792, -3.5349509716, 50.2804412842, 138.086334229, 56.4921379089, -10.9937925339, -14.2464914322, -6.94767808914], [125.003181458, -79.1814880371, 9.90721130371, 61.5462112427, 30.4809036255, 22.1110210419, -23.5533103943, -9.44154071808, 56.4921379089, 104.887634277, 40.3452796936, 35.8401374817, 11.3047323227], [-80.122215271, 35.7632369995, -5.7158741951, 18.6979961395, 31.6118221283, 8.02213478088, -1.0104893446, -16.893787384, -10.9937925339, 40.3452796936, 105.059837341, 64.5696105957, 17.6524162292], [18.9039707184, 1.71777999401, -3.629383564, 50.526260376, 77.3069534302, 45.74817276, -13.9179029465, -13.6458683014, -14.2464914322, 35.8401374817, 64.5696105957, 131.179153442, 54.7785263062], [50.9053840637, -44.8594703674, 18.4214382172, 44.4880943298, 34.6463394165, 50.7579154968, 38.5320167542, 13.4595928192, -6.94767808914, 11.3047323227, 17.6524162292, 54.7785263062, 134.780700684]],
        "icov": [[0.000478333764477, 0.000308686605422, 0.000143030672916, -0.000342686922522, -0.000139919036883, -0.000150285850395, 0.000329253205564, 0.000101192039438, 0.000188465070096, -0.000317726226058, 0.000459156173747, 0.00015999408788, -8.48248673719e-005], [0.000308686605422, 0.00189671618864, -0.000783337454777, 0.000498412933666, -0.00165947480127, 0.000566103495657, 0.000252775353147, -0.000342407263815, 0.00048831908498, 0.00109601439908, -0.000879520666786, 0.000470808066893, 0.000489653728437], [0.000143030672916, -0.000783337454777, 0.00720098428428, -0.00400119461119, 0.000965367595199, 0.000415029469877, -0.00263825594448, 0.00209785741754, -0.000343419262208, -0.000316220626701, 0.00132254033815, 0.000426087673986, -0.000175523906364], [-0.000342686922522, 0.000498412933666, -0.00400119461119, 0.0106008118019, -0.00296280672774, -0.0023571967613, 0.00307013536803, 0.000225076379138, -0.00209923298098, -0.00137010437902, -0.000839235377498, 8.87690330273e-005, -0.0018272229936], [-0.000139919036883, -0.00165947480127, 0.000965367595199, -0.00296280672774, 0.0108264656737, -0.00601991359144, 0.00240020826459, -0.000348481407855, 6.79412551108e-006, 0.000211829974432, -7.01130120433e-005, -0.00304608489387, 0.000408977735788], [-0.000150285850395, 0.000566103495657, 0.000415029469877, -0.0023571967613, -0.00601991359144, 0.0171166583896, -0.00877247937024, 0.00201549939811, 0.00207571359351, -0.00340667204, 0.00429723225534, -0.00291269738227, -0.00061171624111], [0.000329253205564, 0.000252775353147, -0.00263825594448, 0.00307013536803, 0.00240020826459, -0.00877247937024, 0.0154538666829, -0.00671726837754, 0.000709609419573, 0.00250054849312, -0.00441015465185, 0.00410402799025, -0.00301711331122], [0.000101192039438, -0.000342407263815, 0.00209785741754, 0.000225076379138, -0.000348481407855, 0.00201549939811, -0.00671726837754, 0.0153580484912, -0.00723898969591, 0.00264420034364, 0.00212370813824, -0.00181665236596, -0.000930723210331], [0.000188465070096, 0.00048831908498, -0.000343419262208, -0.00209923298098, 6.79412551108e-006, 0.00207571359351, 0.000709609419573, -0.00723898969591, 0.0151951685548, -0.00957606639713, 0.00308066559955, 0.00166082789656, 0.00107576977462], [-0.000317726226058, 0.00109601439908, -0.000316220626701, -0.00137010437902, 0.000211829974432, -0.00340667204, 0.00250054849312, 0.00264420034364, -0.00957606639713, 0.0217409450561, -0.00874486844987, -0.000657274620607, 0.000325122120557], [0.000459156173747, -0.000879520666786, 0.00132254033815, -0.000839235377498, -7.01130120433e-005, 0.00429723225534, -0.00441015465185, 0.00212370813824, 0.00308066559955, -0.00874486844987, 0.0191089268774, -0.0084596760571, 0.000906322558876], [0.00015999408788, 0.000470808066893, 0.000426087673986, 8.87690330273e-005, -0.00304608489387, -0.00291269738227, 0.00410402799025, -0.00181665236596, 0.00166082789656, -0.000657274620607, -0.0084596760571, 0.0171712618321, -0.00483335601166], [-8.48248673719e-005, 0.000489653728437, -0.000175523906364, -0.0018272229936, 0.000408977735788, -0.00061171624111, -0.00301711331122, -0.000930723210331, 0.00107576977462, 0.000325122120557, 0.000906322558876, -0.00483335601166, 0.0111962109804]]
    },
    "spectral_contrast_coeffs": {
        "mean": [-0.685549914837, -0.737351536751, -0.728445470333, -0.794362723827, -0.792089879513, -0.747166275978],
        "var": [0.00683700339869, 0.00300561729819, 0.00481596542522, 0.00266190827824, 0.00170219119173, 0.00110955594573]
    },
    "spectral_contrast_valleys": {
        "mean": [-7.0471072197, -7.1852889061, -7.72206830978, -8.30021286011, -8.11992359161, -10.7868347168],
        "var": [1.33689463139, 1.06134295464, 0.925970852375, 0.888507008553, 0.95226085186, 1.12933766842]
    }
},
"metadata": {
    "audio_properties": {
        "analysis_sample_rate": 44100,
        "bit_rate": 111037,
        "equal_loudness": 0,
        "length": 45.0873451233,
        "lossless": 0,
        "replay_gain": -14.3034172058,
        "sample_rate": 44100,
        "codec": "mp3",
        "downmix": "mix",
        "md5_encoded": "a67a2c0d4b581d1ca0cac2587121c465"
    },
    "tags": {
        "file_name": "399.mp3"
    },
    "version": {
        "essentia": "2.1-beta2",
        "essentia_git_sha": "v2.1_beta2",
        "extractor": "music 1.0"
    }
},
"rhythm": {
    "beats_count": 93,
    "beats_loudness": {
        "mean": 0.0438880957663,
        "var": 0.00143979734275
    },
    "bpm": 124.856552124,
    "bpm_histogram_first_peak_bpm": {
        "mean": 126,
        "var": 0
    },
    "bpm_histogram_first_peak_spread": {
        "mean": 0.421686768532,
        "var": 0
    },
    "bpm_histogram_first_peak_weight": {
        "mean": 0.521739125252,
        "var": 0
    },
    "bpm_histogram_second_peak_bpm": {
        "mean": 120,
        "var": 0
    },
    "bpm_histogram_second_peak_spread": {
        "mean": 0.22222225368,
        "var": 0
    },
    "bpm_histogram_second_peak_weight": {
        "mean": 0.0760869532824,
        "var": 0
    },
    "danceability": 1.02511167526,
    "onset_rate": 5.23226356506,
    "beats_loudness_band_ratio": {
        "mean": [0.625510334969, 0.0992890745401, 0.062639914453, 0.164925351739, 0.0374974682927, 0.0282774697989],
        "var": [0.0781052261591, 0.0143138384447, 0.00415313290432, 0.0373546853662, 0.00271402020007, 0.00283646234311]
    },
    "beats_position": [0.49922901392, 0.99845802784, 1.48607707024, 1.98530614376, 2.48453521729, 2.9837641716, 3.48299312592, 3.97061228752, 4.45823097229, 4.94585037231, 5.42185926437, 5.89786815643, 6.38548755646, 6.87310647964, 7.37233543396, 7.8831744194, 8.39401340485, 8.893242836, 9.38086128235, 9.86848068237, 10.3444900513, 10.8204984665, 11.3081178665, 11.7841272354, 12.2601356506, 12.7477550507, 13.235373497, 13.7113828659, 14.1873922348, 14.6750106812, 15.1626300812, 15.6386394501, 16.114648819, 16.5906581879, 17.0666656494, 17.5426750183, 18.0186843872, 18.5063037872, 18.9939231873, 19.4699325562, 19.9459400177, 20.4335594177, 20.9211788177, 21.3971881866, 21.8731975555, 22.3492050171, 22.825214386, 23.312833786, 23.7888431549, 24.2648525238, 24.7524719238, 25.2284793854, 25.7044887543, 26.1804981232, 26.6565074921, 27.1441268921, 27.620136261, 28.0961437225, 28.5837631226, 29.0597724915, 29.5473918915, 30.0234012604, 30.5110206604, 30.9870281219, 31.4630374908, 31.9506568909, 32.4382743835, 32.9026756287, 33.3902931213, 33.8779144287, 34.3539237976, 34.8299331665, 35.3175506592, 35.7935600281, 36.269569397, 36.7571868896, 37.2331962585, 37.7092056274, 38.1968231201, 38.672832489, 39.1488418579, 39.6364631653, 40.1124725342, 40.5884780884, 41.0760993958, 41.5521087646, 42.0281181335, 42.5157356262, 42.9917449951, 43.467754364, 43.9553718567, 44.4313812256, 44.9073905945]
},
"tonal": {
    "chords_changes_rate": 0.0216049384326,
    "chords_number_rate": 0.00720164598897,
    "chords_strength": {
        "mean": 0.545763611794,
        "var": 0.00543428957462
    },
    "hpcp_entropy": {
        "mean": 1.66135883331,
        "var": 0.346522241831
    },
    "key_strength": 0.712568759918,
    "tuning_diatonic_strength": 0.517614662647,
    "tuning_equal_tempered_deviation": 0.216032147408,
    "tuning_frequency": 434.193115234,
    "tuning_nontempered_energy_ratio": 0.969557464123,
    "hpcp": {
        "mean": [0.0310683138669, 0.022000040859, 0.0208311919123, 0.026357408613, 0.0269549824297, 0.0351703129709, 0.102306850255, 0.142107024789, 0.0909071490169, 0.0556775182486, 0.104293547571, 0.197744756937, 0.386015683413, 0.387786984444, 0.144422575831, 0.0327229686081, 0.0191422402859, 0.0205025169998, 0.065498970449, 0.0758827328682, 0.0316774584353, 0.0386735200882, 0.0470323339105, 0.126434057951, 0.218143567443, 0.118108533323, 0.0431418009102, 0.147371575236, 0.172242626548, 0.0784101113677, 0.0747053995728, 0.111657097936, 0.106232307851, 0.200388282537, 0.24821229279, 0.115834519267],
        "var": [0.0150440949947, 0.0101076578721, 0.00832665618509, 0.00720983557403, 0.00912964064628, 0.0110586220399, 0.0472929738462, 0.0833261907101, 0.0418499819934, 0.0218308493495, 0.0497728995979, 0.0921673551202, 0.130069747567, 0.144422888756, 0.0307635553181, 0.0135304145515, 0.00630738306791, 0.0051492638886, 0.0206898339093, 0.0270291790366, 0.00337059050798, 0.0052280081436, 0.0074366396293, 0.033409293741, 0.120085798204, 0.0340547859669, 0.013509798795, 0.0742079392076, 0.0998292714357, 0.0238722972572, 0.044938903302, 0.0750913694501, 0.0574761927128, 0.0712433084846, 0.117077820003, 0.0350152514875]
    },
    "chords_histogram": [6.89300394058, 3.60082316399, 29.3209877014, 0.925925910473, 13.3744859695, 9.67078208923, 0, 12.2427988052, 0, 23.9711933136, 0, 0, 0, 0, 0, 0, 0, 0, 0, 0, 0, 0, 0, 0],
    "thpcp": [1, 0.372427612543, 0.0843838751316, 0.0493627712131, 0.0528705641627, 0.168904513121, 0.195681482553, 0.0816877782345, 0.0997287705541, 0.121283940971, 0.326039969921, 0.562534511089, 0.304570645094, 0.111251287162, 0.380032300949, 0.444168150425, 0.202198922634, 0.192645460367, 0.287934094667, 0.273945003748, 0.51674836874, 0.64007383585, 0.298706561327, 0.0801169574261, 0.0567322820425, 0.0537181310356, 0.0679687783122, 0.0695097669959, 0.0906949266791, 0.263822287321, 0.36645641923, 0.234425470233, 0.143577590585, 0.268945455551, 0.509931385517, 0.995432257652],
    "chords_key": "C#",
    "chords_scale": "minor",
    "key_key": "F#",
    "key_scale": "minor"
}
}