{
"lowlevel": {
    "average_loudness": 0.977472901344,
    "barkbands_crest": {
        "mean": 10.5742559433,
        "var": 12.038020134
    },
    "barkbands_flatness_db": {
        "mean": 0.188114732504,
        "var": 0.00363551592454
    },
    "barkbands_kurtosis": {
        "mean": 5.95811128616,
        "var": 78.9602890015
    },
    "barkbands_skewness": {
        "mean": 1.97161364555,
        "var": 1.4754806757
    },
    "barkbands_spread": {
        "mean": 15.967458725,
        "var": 84.3328170776
    },
    "dissonance": {
        "mean": 0.452417582273,
        "var": 0.00082378363004
    },
    "dynamic_complexity": 2.48610973358,
    "erbbands_crest": {
        "mean": 9.89190483093,
        "var": 15.8183717728
    },
    "erbbands_flatness_db": {
        "mean": 0.181131705642,
        "var": 0.00229576858692
    },
    "erbbands_kurtosis": {
        "mean": -0.0969083458185,
        "var": 2.08348631859
    },
    "erbbands_skewness": {
        "mean": -0.0676371976733,
        "var": 0.542840659618
    },
    "erbbands_spread": {
        "mean": 35.8816490173,
        "var": 149.965866089
    },
    "hfc": {
        "mean": 17.3346385956,
        "var": 113.468658447
    },
    "melbands_crest": {
        "mean": 17.070394516,
        "var": 32.8911361694
    },
    "melbands_flatness_db": {
        "mean": 0.265190064907,
        "var": 0.00549938576296
    },
    "melbands_kurtosis": {
        "mean": 16.8662605286,
        "var": 404.764709473
    },
    "melbands_skewness": {
        "mean": 3.18461108208,
        "var": 2.72260522842
    },
    "melbands_spread": {
        "mean": 16.1467266083,
        "var": 179.026504517
    },
    "pitch_salience": {
        "mean": 0.491415530443,
        "var": 0.011257215403
    },
    "silence_rate_20dB": {
        "mean": 1,
        "var": 0
    },
    "silence_rate_30dB": {
        "mean": 0.952626168728,
        "var": 0.0451288633049
    },
    "silence_rate_60dB": {
        "mean": 0.0468589067459,
        "var": 0.0446636900306
    },
    "spectral_centroid": {
        "mean": 916.086608887,
        "var": 338137.96875
    },
    "spectral_complexity": {
        "mean": 15.5937175751,
        "var": 50.4909172058
    },
    "spectral_decrease": {
        "mean": -1.19084075934e-008,
        "var": 7.46651469722e-017
    },
    "spectral_energy": {
        "mean": 0.0465173870325,
        "var": 0.00110802496783
    },
    "spectral_energyband_high": {
        "mean": 0.000208896570257,
        "var": 1.33131564439e-007
    },
    "spectral_energyband_low": {
        "mean": 0.0271659642458,
        "var": 0.000681247387547
    },
    "spectral_energyband_middle_high": {
        "mean": 0.00461759185418,
        "var": 1.02918538687e-005
    },
    "spectral_energyband_middle_low": {
        "mean": 0.0163270439953,
        "var": 0.000166911413544
    },
    "spectral_entropy": {
        "mean": 7.12321376801,
        "var": 0.217212602496
    },
    "spectral_flux": {
        "mean": 0.0924504101276,
        "var": 0.00277177803218
    },
    "spectral_kurtosis": {
        "mean": 8.36228370667,
        "var": 41.7724761963
    },
    "spectral_rms": {
        "mean": 0.00619289139286,
        "var": 7.03082059772e-006
    },
    "spectral_rolloff": {
        "mean": 900.636535645,
        "var": 1254947.125
    },
    "spectral_skewness": {
        "mean": 2.05864977837,
        "var": 0.281805306673
    },
    "spectral_spread": {
        "mean": 3645887.25,
        "var": 3.7181348905e+012
    },
    "spectral_strongpeak": {
        "mean": 0.773810625076,
        "var": 0.449721395969
    },
    "zerocrossingrate": {
        "mean": 0.0383280664682,
        "var": 0.000905157241505
    },
    "barkbands": {
        "mean": [0.00160090019926, 0.00838304404169, 0.0154211223125, 0.00405652169138, 0.00498041231185, 0.00224036676809, 0.0033220355399, 0.00116545509081, 0.00046776846284, 0.000289180345135, 0.000143900499097, 0.000197296278202, 0.000942252750974, 0.000531551719178, 0.000950191693846, 0.000632932060398, 0.000730677100364, 0.000136190399644, 8.91218878678e-005, 6.13746669842e-005, 4.39624564024e-005, 2.19359208131e-005, 2.48519882007e-005, 3.03027045447e-005, 2.75668226095e-005, 2.45800765697e-005, 1.93519008462e-006],
        "var": [1.69624563569e-005, 0.000135391499498, 0.00029969253228, 1.96672172024e-005, 3.85519997508e-005, 1.26109098346e-005, 2.6798557883e-005, 1.01550804175e-005, 3.34455137363e-007, 1.29431782625e-007, 1.10105354167e-007, 6.64065851197e-008, 7.51227844376e-007, 8.53040319271e-007, 8.2712585936e-007, 6.45546776923e-007, 1.20840593354e-006, 3.52059856823e-008, 1.39746534344e-008, 8.84621620401e-009, 1.20126886216e-008, 1.39183975456e-009, 1.55478618868e-009, 3.06143754791e-009, 2.83024781389e-009, 7.86675435904e-009, 2.08010747516e-010]
    },
    "erbbands": {
        "mean": [0.20866599679, 2.254519701, 16.5777893066, 14.3386659622, 15.0073823929, 16.9275588989, 19.8360786438, 16.1856021881, 50.2157478333, 31.9317436218, 18.5818099976, 13.122428894, 7.24307727814, 7.8545293808, 7.9624247551, 13.2462768555, 47.5974464417, 30.9858913422, 38.7785682678, 53.6611785889, 33.2429504395, 32.3296699524, 12.5961694717, 5.62144994736, 3.92603158951, 3.23100757599, 1.99836528301, 1.45471549034, 0.783077299595, 0.871393561363, 0.676202714443, 0.52587968111, 0.556154429913, 0.368792295456, 0.15647366643, 0.0872801616788, 0.048643194139, 0.00996576528996, 0.000287876755465, 5.8773366618e-005],
        "var": [0.216541916132, 7.15088939667, 348.011291504, 196.488845825, 258.610839844, 515.579833984, 1702.90649414, 463.628540039, 5909.45458984, 2757.81665039, 1848.90759277, 256.577484131, 129.415008545, 89.7653427124, 234.73588562, 138.058898926, 1932.88635254, 2477.87646484, 1863.98779297, 3815.28759766, 2072.11157227, 2214.51245117, 358.575714111, 67.6769180298, 34.4037513733, 21.9445610046, 31.5038528442, 7.25023031235, 2.03527498245, 1.76183688641, 1.29926490784, 0.932337999344, 1.02819633484, 0.464084923267, 0.12731513381, 0.0578763410449, 0.0350036099553, 0.00290478835814, 2.86171461994e-006, 2.58001398024e-009]
    },
    "gfcc": {
        "mean": [-16.7369251251, 128.523956299, -113.808502197, 34.3139152527, -33.1089668274, 11.8003997803, -50.4485588074, 1.76659560204, -13.3412666321, 2.9878308773, -11.1717033386, -8.30661487579, -13.1465263367],
        "cov": [[7426.05810547, -996.561828613, 207.554428101, 93.7210388184, -215.872238159, 407.268768311, -362.203491211, 265.209350586, -308.562042236, 211.88848877, -342.496429443, 197.080734253, -133.730422974], [-996.561828613, 1875.85925293, -366.243133545, 66.4708099365, 329.414093018, -343.906860352, 272.309051514, -325.994293213, 292.849731445, -327.730804443, 184.773483276, -279.703430176, 102.097915649], [207.554428101, -366.243133545, 683.899658203, 33.5481300354, 65.6730041504, 103.196708679, 9.26810073853, 110.791664124, -137.008529663, 93.3620910645, -69.6423721313, 91.1401443481, -72.3991546631], [93.7210388184, 66.4708099365, 33.5481300354, 271.656616211, 39.4821205139, 18.8914546967, 33.0610198975, -0.364574849606, 26.6665859222, -62.382724762, 3.54361796379, -35.9735488892, 28.3717517853], [-215.872238159, 329.414093018, 65.6730041504, 39.4821205139, 326.027313232, -28.4529647827, 113.481254578, -45.1216812134, 57.4615287781, -31.825044632, -22.4666194916, -46.1571960449, -8.337266922], [407.268768311, -343.906860352, 103.196708679, 18.8914546967, -28.4529647827, 235.621490479, -50.6494865417, 83.412109375, -63.5115966797, 57.5369415283, -23.5416755676, 24.1583518982, -6.11540412903], [-362.203491211, 272.309051514, 9.26810073853, 33.0610198975, 113.481254578, -50.6494865417, 148.63633728, -20.8443660736, 56.4036979675, -53.0918655396, 14.3652772903, -23.3720321655, 4.34320068359], [265.209350586, -325.994293213, 110.791664124, -0.364574849606, -45.1216812134, 83.412109375, -20.8443660736, 151.502548218, -38.4790458679, 55.9079208374, -45.614654541, 65.6650695801, -9.8168296814], [-308.562042236, 292.849731445, -137.008529663, 26.6665859222, 57.4615287781, -63.5115966797, 56.4036979675, -38.4790458679, 136.951385498, -28.5554637909, 31.2470703125, -65.3316955566, 20.3009338379], [211.88848877, -327.730804443, 93.3620910645, -62.382724762, -31.825044632, 57.5369415283, -53.0918655396, 55.9079208374, -28.5554637909, 154.405990601, -18.3239269257, 36.9601325989, -46.845123291], [-342.496429443, 184.773483276, -69.6423721313, 3.54361796379, -22.4666194916, -23.5416755676, 14.3652772903, -45.614654541, 31.2470703125, -18.3239269257, 109.015434265, -13.7452106476, 28.3899879456], [197.080734253, -279.703430176, 91.1401443481, -35.9735488892, -46.1571960449, 24.1583518982, -23.3720321655, 65.6650695801, -65.3316955566, 36.9601325989, -13.7452106476, 131.603256226, 8.43913936615], [-133.730422974, 102.097915649, -72.3991546631, 28.3717517853, -8.337266922, -6.11540412903, 4.34320068359, -9.8168296814, 20.3009338379, -46.845123291, 28.3899879456, 8.43913936615, 84.2149505615]],
        "icov": [[0.000264669914031, -0.000552216835786, 0.000215246967855, -0.000461004092358, 0.000275562284514, -0.000584636698477, 0.000620600534603, -0.000141933298437, 0.00044111686293, -0.000685411388986, 0.00119790155441, -0.000960121804383, 0.000571182928979], [-0.000552216835786, 0.00459762755781, -0.000921559461858, 0.0022714457009, -0.00232964963652, 0.00313619221561, -0.00252612587065, 0.00155408785213, -0.00289932917804, 0.00552171980962, -0.00585887208581, 0.00580142810941, -0.0025356374681], [0.000215246967855, -0.000921559461858, 0.00284786033444, -0.00133461563382, -0.000367039174307, -0.000743099546526, -0.00031031187973, -0.00123429135419, 0.00325435306877, -0.00222319900058, 0.00138121587224, -0.0017828119453, 0.00183066248428], [-0.000461004092358, 0.0022714457009, -0.00133461563382, 0.00598542718217, -0.00120690756012, 0.00102114130277, -0.00148541119415, 5.28573109477e-005, -0.0025346018374, 0.00480224797502, -0.00338467024267, 0.00438555097207, -0.00262842141092], [0.000275562284514, -0.00232964963652, -0.000367039174307, -0.00120690756012, 0.0063521345146, -0.00232304260135, -0.00225053238682, 0.00161243276671, -0.000179627546459, -0.00329792825505, 0.00535721844062, -0.00264338031411, 0.000784896488767], [-0.000584636698477, 0.00313619221561, -0.000743099546526, 0.00102114130277, -0.00232304260135, 0.00907861441374, -0.000933421310037, -0.00272286939435, 0.00125747884158, 0.0020017111674, -0.0054298164323, 0.00677155470476, -0.00359115982428], [0.000620600534603, -0.00252612587065, -0.00031031187973, -0.00148541119415, -0.00225053238682, -0.000933421310037, 0.0146984644234, -0.00275115901604, -0.00258204340935, 0.00152025255375, 0.00156747468282, -0.0049481568858, 0.00434788689017], [-0.000141933298437, 0.00155408785213, -0.00123429135419, 5.28573109477e-005, 0.00161243276671, -0.00272286939435, -0.00275115901604, 0.0142714893445, -0.00401616841555, -0.000433185574366, 0.00319914310239, -0.00360686611384, -0.00141085672658], [0.00044111686293, -0.00289932917804, 0.00325435306877, -0.0025346018374, -0.000179627546459, 0.00125747884158, -0.00258204340935, -0.00401616841555, 0.018693279475, -0.00734605081379, 0.00163771107327, 0.00311499042436, -0.00185109337326], [-0.000685411388986, 0.00552171980962, -0.00222319900058, 0.00480224797502, -0.00329792825505, 0.0020017111674, 0.00152025255375, -0.000433185574366, -0.00734605081379, 0.0192460753024, -0.0086928922683, 0.00440203864127, 0.00334413442761], [0.00119790155441, -0.00585887208581, 0.00138121587224, -0.00338467024267, 0.00535721844062, -0.0054298164323, 0.00156747468282, 0.00319914310239, 0.00163771107327, -0.0086928922683, 0.0218323878944, -0.00904029328376, 7.67486271798e-005], [-0.000960121804383, 0.00580142810941, -0.0017828119453, 0.00438555097207, -0.00264338031411, 0.00677155470476, -0.0049481568858, -0.00360686611384, 0.00311499042436, 0.00440203864127, -0.00904029328376, 0.0224944911897, -0.0090121710673], [0.000571182928979, -0.0025356374681, 0.00183066248428, -0.00262842141092, 0.000784896488767, -0.00359115982428, 0.00434788689017, -0.00141085672658, -0.00185109337326, 0.00334413442761, 7.67486271798e-005, -0.0090121710673, 0.0209266785532]]
    },
    "melbands": {
        "mean": [0.00211514486, 0.00663395086303, 0.00264121638611, 0.00121725094505, 0.000680060999002, 0.00037143722875, 0.00076111080125, 0.000330456765369, 0.000140046060551, 7.03652403899e-005, 3.40276674251e-005, 3.23027525155e-005, 2.32338752539e-005, 2.34930103034e-005, 8.88753856998e-005, 6.73344256938e-005, 6.04928427492e-005, 5.75165540795e-005, 6.05861532676e-005, 6.03610169492e-005, 3.87505315302e-005, 3.59946534445e-005, 2.47030711762e-005, 5.03304408994e-006, 4.35110996477e-006, 3.0787077776e-006, 2.23928645937e-006, 2.14610690819e-006, 1.19803166854e-006, 1.17907688946e-006, 7.13379677109e-007, 4.23745035505e-007, 4.4084356432e-007, 5.04041338445e-007, 4.19740956659e-007, 2.80606997194e-007, 3.45325503304e-007, 4.16760599364e-007, 3.34477505248e-007, 3.15273268825e-007],
        "var": [1.2633510778e-005, 5.07237164129e-005, 6.36229560769e-006, 2.41848465521e-006, 1.4489703517e-006, 2.85812205902e-007, 1.41452142088e-006, 4.18070726482e-007, 9.05878039248e-008, 7.64038343704e-009, 3.2150255791e-009, 1.69188874022e-009, 2.41550668356e-009, 9.3419039171e-010, 6.20209572588e-009, 3.63109520229e-009, 1.26956045676e-008, 4.63866989264e-009, 3.62374463769e-009, 4.94088636671e-009, 3.62133412146e-009, 2.72729860917e-009, 2.04832439898e-009, 7.25682361424e-011, 4.52920687066e-011, 1.68447790438e-011, 1.19036135116e-011, 1.16597322075e-011, 1.12899758986e-011, 1.15437052278e-011, 1.35576445903e-012, 7.339036605e-013, 5.90368032238e-013, 5.13185956404e-013, 5.05595294364e-013, 2.93753330037e-013, 4.46895314808e-013, 6.87151128099e-013, 3.29106100011e-013, 3.80399731896e-013]
    },
    "mfcc": {
        "mean": [-660.419006348, 153.214401245, -4.48122739792, 26.5313167572, 32.2421722412, 9.08703994751, -7.47328853607, -5.13958120346, -0.988437771797, 2.85772609711, 2.4048166275, 6.01558542252, 1.70188438892],
        "cov": [[4582.62207031, -447.701171875, -37.3459587097, -24.1309490204, 10.847530365, 102.386291504, 1.21474957466, 14.7825088501, 117.318954468, -52.3019981384, -109.039268494, -45.9491157532, 52.5964546204], [-447.701171875, 1301.06274414, -227.281219482, 174.753768921, 58.6277313232, 79.7546539307, -15.1692972183, 42.2787208557, -29.635061264, -5.33885812759, -1.975066185, 29.8095569611, 20.2346534729], [-37.3459587097, -227.281219482, 448.413482666, -4.4448928833, 31.7434577942, -15.0094022751, 97.2932739258, 2.32625746727, -7.50023651123, -33.2894248962, 9.01997947693, 29.5871524811, -9.88923072815], [-24.1309490204, 174.753768921, -4.4448928833, 294.368530273, 50.7723884583, 53.3693962097, -6.64488697052, 59.0584144592, 15.625287056, 13.7978830338, -3.57971262932, -10.8232803345, 0.285716831684], [10.847530365, 58.6277313232, 31.7434577942, 50.7723884583, 164.431045532, 60.91173172, 48.6137771606, 9.81593418121, 42.7692184448, 18.7093830109, 17.1083011627, -9.93020629883, -10.226313591], [102.386291504, 79.7546539307, -15.0094022751, 53.3693962097, 60.91173172, 120.375427246, 32.3530387878, 7.9922208786, 17.5964012146, 31.8056049347, 10.282245636, -11.9209957123, -6.82893228531], [1.21474957466, -15.1692972183, 97.2932739258, -6.64488697052, 48.6137771606, 32.3530387878, 119.019340515, 37.0970802307, 13.5235309601, -17.7213459015, 0.0597763545811, 4.91950130463, -3.16088700294], [14.7825088501, 42.2787208557, 2.32625746727, 59.0584144592, 9.81593418121, 7.9922208786, 37.0970802307, 120.974487305, 40.7191848755, -26.6561813354, -26.0915756226, 2.03621768951, 4.9077129364], [117.318954468, -29.635061264, -7.50023651123, 15.625287056, 42.7692184448, 17.5964012146, 13.5235309601, 40.7191848755, 97.3081817627, 30.1126880646, 4.5289721489, -8.5874042511, 0.136357933283], [-52.3019981384, -5.33885812759, -33.2894248962, 13.7978830338, 18.7093830109, 31.8056049347, -17.7213459015, -26.6561813354, 30.1126880646, 96.1596221924, 43.0251731873, -2.68349647522, -8.48974323273], [-109.039268494, -1.975066185, 9.01997947693, -3.57971262932, 17.1083011627, 10.282245636, 0.0597763545811, -26.0915756226, 4.5289721489, 43.0251731873, 70.729675293, 20.5097923279, -0.574161589146], [-45.9491157532, 29.8095569611, 29.5871524811, -10.8232803345, -9.93020629883, -11.9209957123, 4.91950130463, 2.03621768951, -8.5874042511, -2.68349647522, 20.5097923279, 60.9800453186, 18.7450675964], [52.5964546204, 20.2346534729, -9.88923072815, 0.285716831684, -10.226313591, -6.82893228531, -3.16088700294, 4.9077129364, 0.136357933283, -8.48974323273, -0.574161589146, 18.7450675964, 55.3340682983]],
        "icov": [[0.000266890972853, 0.000115230315714, 5.13009472343e-005, -2.33763821598e-005, 9.56998410402e-005, -0.000446842313977, 6.85463528498e-005, 0.000279338884866, -0.00049891602248, 0.000347160705132, 0.000393080437789, -7.82229544711e-005, -0.000259783584625], [0.000115230315714, 0.00108410092071, 0.000669906032272, -0.000524822680745, -0.000367532658856, -0.000583946472034, -7.41867625038e-005, -1.95233606064e-005, 0.000391498993849, 0.000378614291549, 0.000302540342091, -0.00102188019082, -0.000119589036331], [5.13009472343e-005, 0.000669906032272, 0.00350396498106, -0.000889197050128, -0.000278953346424, 0.000806877913419, -0.00306240189821, 0.00129626062699, -9.19951344258e-005, 0.00102669768967, 3.74900446332e-005, -0.00210848986171, 0.000967616098933], [-2.33763821598e-005, -0.000524822680745, -0.000889197050128, 0.00503383995965, -0.00138921197504, -0.00151352246758, 0.00263875885867, -0.00370870670304, 0.00157972320449, -0.00123897823505, -0.000252444733633, 0.00139068625867, -0.000602345855441], [9.56998410402e-005, -0.000367532658856, -0.000278953346424, -0.00138921197504, 0.0100380908698, -0.00313089624979, -0.00316527113318, 0.00280612427741, -0.00504148891196, 0.00202399189584, -0.00205063913018, 0.00109528610483, 0.000970450812019], [-0.000446842313977, -0.000583946472034, 0.000806877913419, -0.00151352246758, -0.00313089624979, 0.0138709247112, -0.00434490619227, -0.000127360704937, 0.00196730508469, -0.00534584093839, 0.000467668432975, 0.00163344619796, 0.000313077791361], [6.85463528498e-005, -7.41867625038e-005, -0.00306240189821, 0.00263875885867, -0.00316527113318, -0.00434490619227, 0.01548355259, -0.00558302970603, 0.000970484456047, 0.00242065498605, -0.00172416528221, 0.000484927266371, -0.000153664557729], [0.000279338884866, -1.95233606064e-005, 0.00129626062699, -0.00370870670304, 0.00280612427741, -0.000127360704937, -0.00558302970603, 0.0166360512376, -0.00916158035398, 0.00531241064891, 0.00388140161522, -0.00331809953786, 0.000702868390363], [-0.00049891602248, 0.000391498993849, -9.19951344258e-005, 0.00157972320449, -0.00504148891196, 0.00196730508469, 0.000970484456047, -0.00916158035398, 0.0192009359598, -0.00878252927214, 0.000327228422975, 0.00227131252177, -0.00167529063765], [0.000347160705132, 0.000378614291549, 0.00102669768967, -0.00123897823505, 0.00202399189584, -0.00534584093839, 0.00242065498605, 0.00531241064891, -0.00878252927214, 0.0221103932709, -0.0105351908132, 0.000903958454728, 0.00210129842162], [0.000393080437789, 0.000302540342091, 3.74900446332e-005, -0.000252444733633, -0.00205063913018, 0.000467668432975, -0.00172416528221, 0.00388140161522, 0.000327228422975, -0.0105351908132, 0.0257134791464, -0.00939567852765, 0.000592249562033], [-7.82229544711e-005, -0.00102188019082, -0.00210848986171, 0.00139068625867, 0.00109528610483, 0.00163344619796, 0.000484927266371, -0.00331809953786, 0.00227131252177, 0.000903958454728, -0.00939567852765, 0.0244953688234, -0.00747246434912], [-0.000259783584625, -0.000119589036331, 0.000967616098933, -0.000602345855441, 0.000970450812019, 0.000313077791361, -0.000153664557729, 0.000702868390363, -0.00167529063765, 0.00210129842162, 0.000592249562033, -0.00747246434912, 0.0215496774763]]
    },
    "spectral_contrast_coeffs": {
        "mean": [-0.611071825027, -0.663133263588, -0.772785365582, -0.723582386971, -0.761917054653, -0.763733446598],
        "var": [0.00640038447455, 0.00791059993207, 0.00310749793425, 0.00466361641884, 0.00223614415154, 0.00156050524674]
    },
    "spectral_contrast_valleys": {
        "mean": [-6.90914344788, -7.01176309586, -7.82546949387, -7.7359790802, -8.06343269348, -11.0376224518],
        "var": [1.40876376629, 1.22876369953, 1.21742856503, 1.19359016418, 1.15597724915, 1.73433744907]
    }
},
"metadata": {
    "audio_properties": {
        "analysis_sample_rate": 44100,
        "bit_rate": 109279,
        "equal_loudness": 0,
        "length": 45.0612258911,
        "lossless": 0,
        "replay_gain": -10.3880062103,
        "sample_rate": 44100,
        "codec": "mp3",
        "downmix": "mix",
        "md5_encoded": "73318777f7f07f32538c50d82ebbcb74"
    },
    "tags": {
        "file_name": "4.mp3"
    },
    "version": {
        "essentia": "2.1-beta2",
        "essentia_git_sha": "v2.1_beta2",
        "extractor": "music 1.0"
    }
},
"rhythm": {
    "beats_count": 63,
    "beats_loudness": {
        "mean": 0.0695694983006,
        "var": 0.000986722763628
    },
    "bpm": 84.9558944702,
    "bpm_histogram_first_peak_bpm": {
        "mean": 85,
        "var": 0
    },
    "bpm_histogram_first_peak_spread": {
        "mean": 0.161290302873,
        "var": 0
    },
    "bpm_histogram_first_peak_weight": {
        "mean": 0.838709652424,
        "var": 0
    },
    "bpm_histogram_second_peak_bpm": {
        "mean": 0,
        "var": 0
    },
    "bpm_histogram_second_peak_spread": {
        "mean": 0,
        "var": 0
    },
    "bpm_histogram_second_peak_weight": {
        "mean": 0,
        "var": 0
    },
    "danceability": 1.58454442024,
    "onset_rate": 4.34767723083,
    "beats_loudness_band_ratio": {
        "mean": [0.673775911331, 0.176033079624, 0.0672705247998, 0.0417510308325, 0.0642181262374, 0.01119514741],
        "var": [0.0462383963168, 0.0248286761343, 0.00304417428561, 0.00129827705678, 0.00306976144202, 0.000408194959164]
    },
    "beats_position": [0.719818592072, 1.43963718414, 2.14784574509, 2.85605430603, 3.56426286697, 4.27247142792, 4.98067998886, 5.6888885498, 6.38548755646, 7.10530614853, 7.80190467834, 8.498503685, 9.21832180023, 9.92653083801, 10.6347389221, 11.3313379288, 12.0395460129, 12.7477550507, 13.4443531036, 14.1525621414, 14.8607711792, 15.5689792633, 16.2771873474, 16.9737873077, 17.6819953918, 18.390203476, 19.0984115601, 19.8066215515, 20.5148296356, 21.2230377197, 21.9312477112, 22.6394557953, 23.3360538483, 24.0442619324, 24.7524719238, 25.4490699768, 26.1572780609, 26.8538761139, 27.5620861053, 28.2586841583, 28.9552822113, 29.6751022339, 30.383310318, 31.0915184021, 31.8113365173, 32.5079345703, 33.204536438, 33.901134491, 34.6209526062, 35.3407707214, 36.0373687744, 36.7339668274, 37.4537849426, 38.1619949341, 38.8702049255, 39.5668029785, 40.2634010315, 40.9832191467, 41.6798171997, 42.3880271912, 43.0962333679, 43.8160552979, 44.5126533508]
},
"tonal": {
    "chords_changes_rate": 0.0339506156743,
    "chords_number_rate": 0.00514403311536,
    "chords_strength": {
        "mean": 0.593406438828,
        "var": 0.00526772066951
    },
    "hpcp_entropy": {
        "mean": 1.89592647552,
        "var": 0.604959785938
    },
    "key_strength": 0.721821844578,
    "tuning_diatonic_strength": 0.656920313835,
    "tuning_equal_tempered_deviation": 0.07545183599,
    "tuning_frequency": 439.238189697,
    "tuning_nontempered_energy_ratio": 0.72427380085,
    "hpcp": {
        "mean": [0.590567946434, 0.31380969286, 0.0798502936959, 0.0379981212318, 0.0319952405989, 0.0547791682184, 0.0879399850965, 0.0876242443919, 0.104970574379, 0.127781912684, 0.0826307535172, 0.0449934601784, 0.0427554436028, 0.0335840471089, 0.0525028556585, 0.104740098119, 0.0897401869297, 0.0367214903235, 0.0232013333589, 0.0400373227894, 0.153001978993, 0.271071106195, 0.206154063344, 0.120783887804, 0.0831025242805, 0.0324404388666, 0.0207257010043, 0.0224104207009, 0.0345865897834, 0.100708648562, 0.148491233587, 0.0932695642114, 0.046951148659, 0.0614337585866, 0.134348377585, 0.429329007864],
        "var": [0.169855222106, 0.0743154808879, 0.0278547722846, 0.0141338407993, 0.0108100427315, 0.0166328214109, 0.0300096645951, 0.0259086228907, 0.0445590615273, 0.0793551057577, 0.0396359823644, 0.016751261428, 0.0139386588708, 0.00830134563148, 0.0119517864659, 0.0521454289556, 0.0366082265973, 0.00836986210197, 0.00560213206336, 0.0101799890399, 0.0316299311817, 0.0791284739971, 0.0489504747093, 0.0563623309135, 0.0417049825191, 0.0141867883503, 0.0056171300821, 0.00853899121284, 0.0135746598244, 0.0416470579803, 0.0770379975438, 0.0353257097304, 0.0192880555987, 0.030435346067, 0.0537085197866, 0.11418299377]
    },
    "chords_histogram": [77.572013855, 3.18930029869, 0, 0.308641970158, 0, 0, 0, 13.4773664474, 3.29218101501, 2.16049385071, 0, 0, 0, 0, 0, 0, 0, 0, 0, 0, 0, 0, 0, 0],
    "thpcp": [1, 0.531369328499, 0.135209321976, 0.0643416568637, 0.0541770681739, 0.09275675565, 0.148907482624, 0.148372843862, 0.177745133638, 0.21637122333, 0.139917433262, 0.07618676126, 0.0723971650004, 0.0568673722446, 0.0889023095369, 0.177354857326, 0.151955738664, 0.0621799565852, 0.0392864756286, 0.0677946060896, 0.25907599926, 0.459000706673, 0.349077641964, 0.204521581531, 0.140716284513, 0.0549309179187, 0.035094525665, 0.0379472337663, 0.0585649609566, 0.17052847147, 0.25143802166, 0.157931983471, 0.0795016884804, 0.104024879634, 0.227490127087, 0.726976454258],
    "chords_key": "A",
    "chords_scale": "minor",
    "key_key": "A",
    "key_scale": "minor"
}
}