{
"lowlevel": {
    "average_loudness": 0.562042295933,
    "barkbands_crest": {
        "mean": 10.858338356,
        "var": 14.1553115845
    },
    "barkbands_flatness_db": {
        "mean": 0.206751152873,
        "var": 0.00411862879992
    },
    "barkbands_kurtosis": {
        "mean": 10.5172948837,
        "var": 94.5827255249
    },
    "barkbands_skewness": {
        "mean": 2.24484777451,
        "var": 1.5093511343
    },
    "barkbands_spread": {
        "mean": 9.82782840729,
        "var": 118.773925781
    },
    "dissonance": {
        "mean": 0.433848589659,
        "var": 0.0023794574663
    },
    "dynamic_complexity": 4.58220005035,
    "erbbands_crest": {
        "mean": 10.487455368,
        "var": 28.0820026398
    },
    "erbbands_flatness_db": {
        "mean": 0.190162852407,
        "var": 0.00324460864067
    },
    "erbbands_kurtosis": {
        "mean": 2.3662686348,
        "var": 20.0736846924
    },
    "erbbands_skewness": {
        "mean": 1.06789171696,
        "var": 0.796356856823
    },
    "erbbands_spread": {
        "mean": 31.2374038696,
        "var": 378.554931641
    },
    "hfc": {
        "mean": 9.31180667877,
        "var": 160.824951172
    },
    "melbands_crest": {
        "mean": 14.9730825424,
        "var": 24.6067810059
    },
    "melbands_flatness_db": {
        "mean": 0.287258893251,
        "var": 0.00534511962906
    },
    "melbands_kurtosis": {
        "mean": 20.2130012512,
        "var": 461.032928467
    },
    "melbands_skewness": {
        "mean": 2.9170794487,
        "var": 3.23566174507
    },
    "melbands_spread": {
        "mean": 9.74112796783,
        "var": 137.580780029
    },
    "pitch_salience": {
        "mean": 0.553652644157,
        "var": 0.0114877428859
    },
    "silence_rate_20dB": {
        "mean": 1,
        "var": 0
    },
    "silence_rate_30dB": {
        "mean": 0.993309319019,
        "var": 0.00664594350383
    },
    "silence_rate_60dB": {
        "mean": 0.141019046307,
        "var": 0.121130436659
    },
    "spectral_centroid": {
        "mean": 632.517883301,
        "var": 328605.0625
    },
    "spectral_complexity": {
        "mean": 10.3211526871,
        "var": 45.0517349243
    },
    "spectral_decrease": {
        "mean": -5.14072295843e-009,
        "var": 2.96499879632e-017
    },
    "spectral_energy": {
        "mean": 0.0202468633652,
        "var": 0.000464545068098
    },
    "spectral_energyband_high": {
        "mean": 0.000183528260095,
        "var": 5.21787569596e-007
    },
    "spectral_energyband_low": {
        "mean": 0.00655036466196,
        "var": 6.76198324072e-005
    },
    "spectral_energyband_middle_high": {
        "mean": 0.0018336053472,
        "var": 1.44122313941e-005
    },
    "spectral_energyband_middle_low": {
        "mean": 0.0131233250722,
        "var": 0.000262100831605
    },
    "spectral_entropy": {
        "mean": 6.91206645966,
        "var": 0.336929053068
    },
    "spectral_flux": {
        "mean": 0.0562019310892,
        "var": 0.00200828816742
    },
    "spectral_kurtosis": {
        "mean": 9.615691185,
        "var": 73.2687454224
    },
    "spectral_rms": {
        "mean": 0.00391989666969,
        "var": 4.3874374569e-006
    },
    "spectral_rolloff": {
        "mean": 654.905639648,
        "var": 1517614
    },
    "spectral_skewness": {
        "mean": 2.24704504013,
        "var": 0.731613874435
    },
    "spectral_spread": {
        "mean": 3754185.75,
        "var": 4.91441881088e+012
    },
    "spectral_strongpeak": {
        "mean": 0.82389819622,
        "var": 1.14697659016
    },
    "zerocrossingrate": {
        "mean": 0.0318604148924,
        "var": 0.00109379412606
    },
    "barkbands": {
        "mean": [6.45749096293e-005, 0.00188035727479, 0.00320521136746, 0.00239098910242, 0.00290955672972, 0.00218572560698, 0.00200140010566, 0.00148459209595, 0.00202379398979, 0.000510002544615, 0.000251660327194, 0.000397908792365, 0.000192349631106, 0.000124640922877, 0.000156671143486, 8.93163596629e-005, 7.61025585234e-005, 4.30678992416e-005, 5.34736718691e-005, 4.79995178466e-005, 4.21215663664e-005, 4.11560067732e-005, 2.53121252172e-005, 2.28490207519e-005, 1.73317312147e-005, 7.93603703642e-006, 7.83751829658e-007],
        "var": [1.04805550905e-007, 9.57329484663e-006, 1.90219470824e-005, 2.31400044868e-005, 1.20251661428e-005, 3.79601588065e-005, 3.38099125656e-005, 2.41876914515e-005, 4.18309136876e-005, 3.20698563883e-006, 6.91805439601e-007, 1.79089533958e-006, 3.63911510703e-007, 1.26719726268e-007, 8.28399890906e-008, 5.7865822356e-008, 2.64193609212e-008, 8.8012690469e-009, 1.16258398464e-008, 1.0134798778e-008, 3.83807261528e-008, 4.60644535849e-008, 1.56106523264e-008, 1.23628174364e-008, 4.82665685198e-009, 3.61101204494e-010, 6.48531358824e-012]
    },
    "erbbands": {
        "mean": [0.0295797772706, 0.533902168274, 3.17053413391, 6.75399971008, 8.15277481079, 10.6044149399, 12.309472084, 18.8464794159, 28.1929340363, 30.1072044373, 37.0721969604, 45.5110054016, 21.0315303802, 16.4572906494, 12.1257762909, 14.6572256088, 9.45488548279, 7.13821601868, 7.32441282272, 7.70032930374, 4.74488735199, 4.17599725723, 2.59903740883, 2.48690962791, 2.81206965446, 2.24104881287, 1.87815129757, 1.59347331524, 1.51423025131, 1.08431184292, 0.683478116989, 0.443108052015, 0.407460689545, 0.245877191424, 0.0914729088545, 0.0391350351274, 0.0135991750285, 0.00300765968859, 9.78347743512e-005, 2.5203313271e-005],
        "var": [0.00870283972472, 0.589243590832, 16.2027339935, 140.448562622, 116.339927673, 253.476028442, 1007.15020752, 2889.30493164, 6613.71337891, 6815.43945313, 12924.0205078, 22502.7363281, 3780.79052734, 3399.46606445, 1241.06555176, 2217.74194336, 808.445800781, 332.270996094, 262.50201416, 234.466781616, 104.174888611, 77.0592727661, 33.401058197, 23.4819526672, 33.2705955505, 21.7618961334, 34.3346099854, 78.1106262207, 50.4089698792, 47.6545562744, 9.78344917297, 3.53021001816, 4.93094205856, 1.14170849323, 0.137661188841, 0.0108570670709, 0.0010751534719, 6.33435192867e-005, 7.47414716784e-008, 7.27908511244e-010]
    },
    "gfcc": {
        "mean": [-82.7794647217, 141.6381073, -101.184936523, 28.8679389954, -55.2793960571, 2.5743393898, -35.8519020081, -1.06145179272, -19.108549118, -5.46952486038, -17.6046562195, -9.53714370728, -9.43305206299],
        "cov": [[10350.5263672, -2223.04663086, -252.820663452, -404.247039795, -813.340942383, 336.179138184, -295.906341553, 564.73223877, -497.008087158, 693.3203125, -499.771575928, 206.914962769, -543.542297363], [-2223.04663086, 2033.67578125, -528.541992188, -77.5266113281, 284.215942383, -328.89642334, 274.022003174, -322.509002686, 326.407806396, -386.134460449, 298.193206787, -252.062835693, 277.726104736], [-252.820663452, -528.541992188, 672.983459473, 19.2806663513, 33.0327186584, 114.683082581, -106.583282471, 89.8443984985, -97.6519241333, 107.453063965, -104.909217834, 115.754669189, -74.2448883057], [-404.247039795, -77.5266113281, 19.2806663513, 424.757476807, 99.5286941528, 42.1194152832, -40.4279289246, -79.0463485718, 43.7883529663, -71.4073791504, 28.9648971558, -7.52186632156, 45.1087722778], [-813.340942383, 284.215942383, 33.0327186584, 99.5286941528, 291.128479004, -8.04243469238, 31.069229126, -84.2433547974, 28.305229187, -73.2119369507, 20.8857460022, -4.7925157547, 26.1496257782], [336.179138184, -328.89642334, 114.683082581, 42.1194152832, -8.04243469238, 195.153686523, -6.80605316162, 40.8949165344, -59.8051528931, 42.5097198486, -59.5663909912, 30.847984314, -53.9398918152], [-295.906341553, 274.022003174, -106.583282471, -40.4279289246, 31.069229126, -6.80605316162, 185.845932007, -15.2343044281, 30.6734828949, -72.5894393921, 36.2034454346, -37.4953575134, 19.043182373], [564.73223877, -322.509002686, 89.8443984985, -79.0463485718, -84.2433547974, 40.8949165344, -15.2343044281, 163.137969971, -47.2474937439, 88.8058395386, -57.9292755127, 37.6786956787, -58.2603988647], [-497.008087158, 326.407806396, -97.6519241333, 43.7883529663, 28.305229187, -59.8051528931, 30.6734828949, -47.2474937439, 158.8097229, -51.6001205444, 61.04063797, -63.3026733398, 65.4598236084], [693.3203125, -386.134460449, 107.453063965, -71.4073791504, -73.2119369507, 42.5097198486, -72.5894393921, 88.8058395386, -51.6001205444, 170.990524292, -49.9163322449, 56.6572341919, -70.7467422485], [-499.771575928, 298.193206787, -104.909217834, 28.9648971558, 20.8857460022, -59.5663909912, 36.2034454346, -57.9292755127, 61.04063797, -49.9163322449, 129.81892395, -35.5492668152, 55.8015022278], [206.914962769, -252.062835693, 115.754669189, -7.52186632156, -4.7925157547, 30.847984314, -37.4953575134, 37.6786956787, -63.3026733398, 56.6572341919, -35.5492668152, 106.895042419, -25.5744895935], [-543.542297363, 277.726104736, -74.2448883057, 45.1087722778, 26.1496257782, -53.9398918152, 19.043182373, -58.2603988647, 65.4598236084, -70.7467422485, 55.8015022278, -25.5744895935, 117.863571167]],
        "icov": [[0.000261711451458, -0.000230812016525, 0.000404423422879, -0.000243321846938, 0.000538919062819, -0.000208401062991, 0.000202415249078, -0.000289202085696, 0.000453703425592, -0.000749852973968, 0.000731125997845, -0.000191482060472, 0.00061829778133], [-0.000230812016525, 0.00383309880272, -8.2484446466e-005, 0.00260792020708, -0.00272451690398, 0.00203762110323, -0.00155776622705, 0.00229251617566, -0.00272392621264, 0.00359164061956, -0.00305137620308, 0.0025500159245, -0.00255803065374], [0.000404423422879, -8.2484446466e-005, 0.00287464400753, -0.000212666942389, 5.20313687957e-006, -0.000890730938409, 0.00105912028812, -0.000982729485258, 0.000508879835252, -0.00104767514858, 0.00151002267376, -0.00155033124611, 0.000923131767195], [-0.000243321846938, 0.00260792020708, -0.000212666942389, 0.00513726379722, -0.00263946014456, -0.000162301075761, 0.000492421910167, 0.00217148265801, -0.00291654234752, 0.00416562799364, -0.00285484036431, 0.001151588629, -0.00214053504169], [0.000538919062819, -0.00272451690398, 5.20313687957e-006, -0.00263946014456, 0.00719217397273, -0.00130474928301, 0.000363373255823, 0.000271475117188, 0.00178169412538, -0.00222906051204, 0.00331005221233, -0.00280172075145, 0.00329875503667], [-0.000208401062991, 0.00203762110323, -0.000890730938409, -0.000162301075761, -0.00130474928301, 0.00859647337347, -0.00253097736277, 0.00115619914141, 1.60322324518e-005, 0.000928841589484, 0.000140521588037, 0.00184900453314, -0.000173991764314], [0.000202415249078, -0.00155776622705, 0.00105912028812, 0.000492421910167, 0.000363373255823, -0.00253097736277, 0.00886677671224, -0.00279337004758, 0.000401704135584, 0.00248086545616, -0.000294284778647, -0.000978803029284, 0.00222346000373], [-0.000289202085696, 0.00229251617566, -0.000982729485258, 0.00217148265801, 0.000271475117188, 0.00115619914141, -0.00279337004758, 0.0125177232549, -0.00209937803447, -0.000975031231064, 0.000183454205398, 0.000700197124388, -0.000432172324508], [0.000453703425592, -0.00272392621264, 0.000508879835252, -0.00291654234752, 0.00178169412538, 1.60322324518e-005, 0.000401704135584, -0.00209937803447, 0.0134801631793, -0.00501201674342, 0.00123070355039, 0.00350195588544, -0.00186094630044], [-0.000749852973968, 0.00359164061956, -0.00104767514858, 0.00416562799364, -0.00222906051204, 0.000928841589484, 0.00248086545616, -0.000975031231064, -0.00501201674342, 0.0179100241512, -0.00507494853809, -0.00160763016902, 0.00144928891677], [0.000731125997845, -0.00305137620308, 0.00151002267376, -0.00285484036431, 0.00331005221233, 0.000140521588037, -0.000294284778647, 0.000183454205398, 0.00123070355039, -0.00507494853809, 0.0158910583705, -0.00169483677018, 0.000452749576652], [-0.000191482060472, 0.0025500159245, -0.00155033124611, 0.001151588629, -0.00280172075145, 0.00184900453314, -0.000978803029284, 0.000700197124388, 0.00350195588544, -0.00160763016902, -0.00169483677018, 0.017499582842, -0.00464738858864], [0.00061829778133, -0.00255803065374, 0.000923131767195, -0.00214053504169, 0.00329875503667, -0.000173991764314, 0.00222346000373, -0.000432172324508, -0.00186094630044, 0.00144928891677, 0.000452749576652, -0.00464738858864, 0.0180603899062]]
    },
    "melbands": {
        "mean": [0.000384053128073, 0.00136741355527, 0.00121901929379, 0.000648204644676, 0.000454717344837, 0.000426235055784, 0.00043473704136, 0.00032848349656, 0.000324313004967, 0.000273205630947, 0.000100727920653, 6.81694073137e-005, 3.64990264643e-005, 4.44681936642e-005, 3.26299486915e-005, 1.5764933778e-005, 1.24473372125e-005, 1.15261782412e-005, 9.93269350147e-006, 8.64244429977e-006, 4.84882184537e-006, 4.406217613e-006, 3.14963563142e-006, 2.05343690141e-006, 1.95105280909e-006, 2.10541315937e-006, 1.75646835032e-006, 1.44287287185e-006, 1.23709821764e-006, 9.96983771984e-007, 8.81729931734e-007, 8.9489566335e-007, 7.3004036949e-007, 5.48404443634e-007, 4.1092465608e-007, 3.0420198982e-007, 2.53144548878e-007, 2.8552054232e-007, 2.72365781484e-007, 1.85746529269e-007],
        "var": [6.241864412e-007, 2.84215070678e-006, 3.694491852e-006, 6.25332063464e-007, 9.23733580294e-007, 1.40813995131e-006, 1.41394900766e-006, 8.05408888027e-007, 9.61216528594e-007, 7.93867855009e-007, 1.001712846e-007, 6.48722107144e-008, 1.14363327697e-008, 2.10493098507e-008, 1.92846716374e-008, 2.19516427258e-009, 1.11279718773e-009, 8.6785073572e-010, 3.25728194417e-010, 4.25019214267e-010, 1.11500267352e-010, 8.6467034921e-011, 5.68521237032e-011, 2.82398774504e-011, 1.51430500084e-011, 2.06425657817e-011, 1.53994716284e-011, 1.00598010824e-011, 1.03485180494e-011, 2.5303502349e-011, 2.58201567765e-011, 1.3742223505e-011, 2.2683136619e-011, 1.17132666413e-011, 3.51616565725e-012, 1.63641647975e-012, 1.24840253152e-012, 2.71330462438e-012, 1.71961761237e-012, 6.36370242526e-013]
    },
    "mfcc": {
        "mean": [-727.003601074, 166.546615601, 13.89894104, 27.6274929047, 4.7928237915, 3.54685759544, -4.70303487778, -0.9711561203, 0.763486385345, -0.00268581742421, -3.67148733139, -4.10786676407, -0.849829614162],
        "cov": [[7786.37646484, -1433.27185059, -335.0418396, -365.355987549, -688.297424316, -86.9616165161, -49.1858634949, -131.443283081, -15.3345870972, 265.847991943, 111.66645813, 157.927810669, -106.328369141], [-1433.27185059, 1522.38342285, -322.875213623, -13.3705101013, -11.9476270676, -76.825378418, -0.736073493958, 25.6287899017, -11.7410469055, 6.93122053146, -22.644449234, -52.7322463989, 19.6550197601], [-335.0418396, -322.875213623, 474.768249512, -6.30430030823, 96.281867981, 21.8161258698, 5.74367713928, -5.76238775253, 29.3238487244, -34.2814979553, 5.91240310669, 15.4819641113, 7.07380962372], [-365.355987549, -13.3705101013, -6.30430030823, 256.257629395, 121.031967163, 48.1818580627, -18.486082077, 18.1249732971, -15.5203962326, -17.2656497955, -16.882938385, -37.2097015381, 17.4985980988], [-688.297424316, -11.9476270676, 96.281867981, 121.031967163, 289.030487061, 87.0543289185, -11.848118782, 5.86015748978, -6.88100767136, -24.5068702698, -8.88522720337, -45.2754974365, 13.0505399704], [-86.9616165161, -76.825378418, 21.8161258698, 48.1818580627, 87.0543289185, 172.958236694, 30.049200058, 26.4352931976, 1.12503695488, -19.9099121094, 6.25019693375, -18.826002121, 1.80114853382], [-49.1858634949, -0.736073493958, 5.74367713928, -18.486082077, -11.848118782, 30.049200058, 133.74887085, 50.5464172363, -2.10818576813, -14.9930477142, 8.09157943726, 2.5645878315, -9.52684020996], [-131.443283081, 25.6287899017, -5.76238775253, 18.1249732971, 5.86015748978, 26.4352931976, 50.5464172363, 102.075332642, 22.2730445862, -11.3930435181, 5.60621595383, -17.1670093536, -5.5818567276], [-15.3345870972, -11.7410469055, 29.3238487244, -15.5203962326, -6.88100767136, 1.12503695488, -2.10818576813, 22.2730445862, 90.6936264038, 14.0915393829, 1.57246863842, 6.85480976105, -6.23890066147], [265.847991943, 6.93122053146, -34.2814979553, -17.2656497955, -24.5068702698, -19.9099121094, -14.9930477142, -11.3930435181, 14.0915393829, 84.9281158447, 23.1658248901, 7.24802684784, -10.6014719009], [111.66645813, -22.644449234, 5.91240310669, -16.882938385, -8.88522720337, 6.25019693375, 8.09157943726, 5.60621595383, 1.57246863842, 23.1658248901, 73.5719299316, 24.3980846405, -10.0135879517], [157.927810669, -52.7322463989, 15.4819641113, -37.2097015381, -45.2754974365, -18.826002121, 2.5645878315, -17.1670093536, 6.85480976105, 7.24802684784, 24.3980846405, 89.2466964722, 13.9775457382], [-106.328369141, 19.6550197601, 7.07380962372, 17.4985980988, 13.0505399704, 1.80114853382, -9.52684020996, -5.5818567276, -6.23890066147, -10.6014719009, -10.0135879517, 13.9775457382, 66.5226745605]],
        "icov": [[0.00027172602131, 0.000306224566884, 0.000255091959843, 0.000154653869686, 0.000505899195559, -0.000162760901731, 8.61430817167e-005, 0.000143141573062, 0.000137932453072, -0.000593993288931, -4.88770201628e-005, 4.83004498619e-007, 0.000116356743092], [0.000306224566884, 0.00118189363275, 0.000910430739168, 0.000389391323552, 0.000256478786469, 0.000329085130943, 7.00901864548e-006, -1.39374324135e-005, 1.88479843928e-005, -0.000507592572831, -0.00012483682076, 0.000481122959172, -0.000317385944072], [0.000255091959843, 0.000910430739168, 0.00321877701208, 0.000706422317307, -0.000870916584972, 0.000420217984356, -0.000213293053093, 0.000498369918205, -0.00106478866655, 0.000758692971431, -0.000530979712494, -0.000227187352721, -0.000229754703469], [0.000154653869686, 0.000389391323552, 0.000706422317307, 0.00551383011043, -0.00176380109042, -0.000420950877015, 0.00110805686563, -0.00134257844184, 0.000906702538487, -0.000194514243049, 0.000525707320776, 0.000822762493044, -0.0010296208784], [0.000505899195559, 0.000256478786469, -0.000870916584972, -0.00176380109042, 0.0067214500159, -0.00253483653069, 0.000666568812449, 0.000956687901635, 0.000385840045055, -0.000842351990286, -0.000592891825363, 0.00197346112691, -0.000386808416806], [-0.000162760901731, 0.000329085130943, 0.000420217984356, -0.000420950877015, -0.00253483653069, 0.00793761108071, -0.00165136368014, -0.00075310311513, -0.000673500588164, 0.0016563924728, -0.001399891451, 0.00090466364054, -0.000508656783495], [8.61430817167e-005, 7.00901864548e-006, -0.000213293053093, 0.00110805686563, 0.000666568812449, -0.00165136368014, 0.0103696472943, -0.00536017445847, 0.00199206266552, 0.000749463913962, 2.20080837607e-005, -0.00143183663022, 0.00142649409827], [0.000143141573062, -1.39374324135e-005, 0.000498369918205, -0.00134257844184, 0.000956687901635, -0.00075310311513, -0.00536017445847, 0.0149419531226, -0.00459715491161, 0.00176442402881, -0.00258903345093, 0.00342841306701, -0.000408142368542], [0.000137932453072, 1.88479843928e-005, -0.00106478866655, 0.000906702538487, 0.000385840045055, -0.000673500588164, 0.00199206266552, -0.00459715491161, 0.0135148828849, -0.00342556834221, 0.00199422729202, -0.0020808854606, 0.00139071082231], [-0.000593993288931, -0.000507592572831, 0.000758692971431, -0.000194514243049, -0.000842351990286, 0.0016563924728, 0.000749463913962, 0.00176442402881, -0.00342556834221, 0.0164497829974, -0.00512964464724, 0.000971529516391, 0.000870803778525], [-4.88770201628e-005, -0.00012483682076, -0.000530979712494, 0.000525707320776, -0.000592891825363, -0.001399891451, 2.20080837607e-005, -0.00258903345093, 0.00199422729202, -0.00512964464724, 0.0179959572852, -0.00591860944405, 0.00313911493868], [4.83004498619e-007, 0.000481122959172, -0.000227187352721, 0.000822762493044, 0.00197346112691, 0.00090466364054, -0.00143183663022, 0.00342841306701, -0.0020808854606, 0.000971529516391, -0.00591860944405, 0.0162465851754, -0.00500761717558], [0.000116356743092, -0.000317385944072, -0.000229754703469, -0.0010296208784, -0.000386808416806, -0.000508656783495, 0.00142649409827, -0.000408142368542, 0.00139071082231, 0.000870803778525, 0.00313911493868, -0.00500761717558, 0.0176611170173]]
    },
    "spectral_contrast_coeffs": {
        "mean": [-0.614743709564, -0.702909052372, -0.757715463638, -0.782451748848, -0.808025240898, -0.768835008144],
        "var": [0.00440433621407, 0.00815222132951, 0.00501503515989, 0.00199638307095, 0.00108210113831, 0.00148537044879]
    },
    "spectral_contrast_valleys": {
        "mean": [-7.36929702759, -7.10466003418, -8.06454086304, -8.65679454803, -8.75020694733, -11.6084756851],
        "var": [1.17807722092, 1.46180856228, 1.36374306679, 1.46939253807, 1.65873134136, 2.10100531578]
    }
},
"metadata": {
    "audio_properties": {
        "analysis_sample_rate": 44100,
        "bit_rate": 106258,
        "equal_loudness": 0,
        "length": 45.0873451233,
        "lossless": 0,
        "replay_gain": -8.59957122803,
        "sample_rate": 44100,
        "codec": "mp3",
        "downmix": "mix",
        "md5_encoded": "d92e427ade54e92d606ba19c65adbbc5"
    },
    "tags": {
        "file_name": "40.mp3"
    },
    "version": {
        "essentia": "2.1-beta2",
        "essentia_git_sha": "v2.1_beta2",
        "extractor": "music 1.0"
    }
},
"rhythm": {
    "beats_count": 93,
    "beats_loudness": {
        "mean": 0.028426034376,
        "var": 0.000556385784876
    },
    "bpm": 125.374412537,
    "bpm_histogram_first_peak_bpm": {
        "mean": 126,
        "var": 0
    },
    "bpm_histogram_first_peak_spread": {
        "mean": 0.340909063816,
        "var": 0
    },
    "bpm_histogram_first_peak_weight": {
        "mean": 0.630434811115,
        "var": 0
    },
    "bpm_histogram_second_peak_bpm": {
        "mean": 112,
        "var": 0
    },
    "bpm_histogram_second_peak_spread": {
        "mean": 0.333333313465,
        "var": 0
    },
    "bpm_histogram_second_peak_weight": {
        "mean": 0.0217391308397,
        "var": 0
    },
    "danceability": 0.983487010002,
    "onset_rate": 2.88217902184,
    "beats_loudness_band_ratio": {
        "mean": [0.564113080502, 0.225244566798, 0.195578709245, 0.0375676490366, 0.0193712189794, 0.0195123758167],
        "var": [0.0586283802986, 0.0264128018171, 0.0376798398793, 0.0020612666849, 0.000389279302908, 0.00175842933822]
    },
    "beats_position": [0.510838985443, 1.04489791393, 1.57895684242, 2.10140585899, 2.60063481331, 3.08825397491, 3.5758728981, 4.06349182129, 4.53950119019, 5.01551008224, 5.4915189743, 5.97913837433, 6.46675729752, 6.9543762207, 7.4303855896, 7.90639448166, 8.38240337372, 8.87002277374, 9.34603118896, 9.82204055786, 10.2980499268, 10.774058342, 11.261677742, 11.749297142, 12.2253055573, 12.7013149261, 13.177324295, 13.6533327103, 14.1409521103, 14.6285715103, 15.1045799255, 15.5805892944, 16.0682086945, 16.5326080322, 17.0086174011, 17.4846248627, 17.9722442627, 18.4482536316, 18.9242630005, 19.3886623383, 19.8646717072, 20.3406791687, 20.8166885376, 21.2926979065, 21.7687072754, 22.2447166443, 22.7207260132, 23.1851234436, 23.6611328125, 24.1371421814, 24.6131515503, 25.1007709503, 25.5767803192, 26.0643978119, 26.5404071808, 27.0164165497, 27.4924259186, 27.9568252563, 28.4212245941, 28.897233963, 29.3732414246, 29.8492507935, 30.3252601624, 30.8012695313, 31.2772789001, 31.753288269, 32.2292976379, 32.7169151306, 33.204536438, 33.6805419922, 34.1565513611, 34.63256073, 35.1085700989, 35.5845794678, 36.0722007751, 36.5482063293, 37.0242156982, 37.5002250671, 37.976234436, 38.4522438049, 38.9398651123, 39.427482605, 39.9151000977, 40.3911094666, 40.8671188354, 41.3431282043, 41.8191375732, 42.2951469421, 42.771156311, 43.2587738037, 43.7463951111, 44.2340126038, 44.7216300964]
},
"tonal": {
    "chords_changes_rate": 0.0617283955216,
    "chords_number_rate": 0.0102880662307,
    "chords_strength": {
        "mean": 0.511035561562,
        "var": 0.00762157794088
    },
    "hpcp_entropy": {
        "mean": 1.73943579197,
        "var": 0.648081541061
    },
    "key_strength": 0.747304737568,
    "tuning_diatonic_strength": 0.486999601126,
    "tuning_equal_tempered_deviation": 0.0773276239634,
    "tuning_frequency": 436.960693359,
    "tuning_nontempered_energy_ratio": 0.709635555744,
    "hpcp": {
        "mean": [0.151191875339, 0.101921334863, 0.0646218582988, 0.0654656812549, 0.0660977363586, 0.155056983232, 0.251525849104, 0.168859302998, 0.125279188156, 0.173926591873, 0.102446950972, 0.0378548577428, 0.0520480833948, 0.0612827427685, 0.0973296910524, 0.156548902392, 0.139179140329, 0.10657209903, 0.114310674369, 0.0939044952393, 0.124623782933, 0.205683037639, 0.153500154614, 0.0667093470693, 0.0505647398531, 0.0403663516045, 0.0778672546148, 0.146026208997, 0.145974904299, 0.177032351494, 0.238845035434, 0.146136328578, 0.0459846481681, 0.044847920537, 0.0646120980382, 0.117809206247],
        "var": [0.0792066156864, 0.0393303819001, 0.0284976307303, 0.0338976308703, 0.0266617648304, 0.0593535751104, 0.111646227539, 0.0512284375727, 0.0465351939201, 0.117964372039, 0.04214880988, 0.00994835235178, 0.0171947125345, 0.0225550252944, 0.0374708399177, 0.0720367357135, 0.059165481478, 0.0454060547054, 0.0622596517205, 0.0406182967126, 0.0414948910475, 0.0925710275769, 0.0562223345041, 0.0270849578083, 0.0233130510896, 0.0176696013659, 0.0296152308583, 0.07905510813, 0.071436829865, 0.0624647065997, 0.110531337559, 0.0516330115497, 0.0190606117249, 0.0217587631196, 0.0324099324644, 0.057754393667]
    },
    "chords_histogram": [14.4032926559, 19.7530860901, 6.17283964157, 6.58436203003, 0, 8.84773635864, 0, 3.18930029869, 0.720164597034, 16.2551441193, 1.54320991039, 0, 0, 0, 0, 0, 0, 0, 0, 0, 0.617283940315, 0, 5.24691343307, 16.6666660309],
    "thpcp": [1, 0.67133975029, 0.498076796532, 0.69148594141, 0.407301872969, 0.150500863791, 0.20692935586, 0.243643909693, 0.386957019567, 0.622396886349, 0.55333930254, 0.4237023592, 0.454468905926, 0.373339354992, 0.495471090078, 0.817741155624, 0.610275864601, 0.265218645334, 0.201031982899, 0.160485893488, 0.309579521418, 0.580561459064, 0.58035749197, 0.703833639622, 0.949584424496, 0.58099925518, 0.182822749019, 0.178303420544, 0.256880551577, 0.468378126621, 0.601098775864, 0.405212163925, 0.2569193542, 0.260274171829, 0.262787044048, 0.616465389729],
    "chords_key": "G",
    "chords_scale": "major",
    "key_key": "E",
    "key_scale": "minor"
}
}