{
"lowlevel": {
    "average_loudness": 0.855810701847,
    "barkbands_crest": {
        "mean": 11.9876718521,
        "var": 38.8792304993
    },
    "barkbands_flatness_db": {
        "mean": 0.194330453873,
        "var": 0.0168119166046
    },
    "barkbands_kurtosis": {
        "mean": 30.5203914642,
        "var": 25992.6210938
    },
    "barkbands_skewness": {
        "mean": 1.03767347336,
        "var": 19.8902931213
    },
    "barkbands_spread": {
        "mean": 20.0602493286,
        "var": 341.025543213
    },
    "dissonance": {
        "mean": 0.464950621128,
        "var": 0.00127437175252
    },
    "dynamic_complexity": 8.65523815155,
    "erbbands_crest": {
        "mean": 13.9608211517,
        "var": 58.2796592712
    },
    "erbbands_flatness_db": {
        "mean": 0.235094755888,
        "var": 0.0195770263672
    },
    "erbbands_kurtosis": {
        "mean": 5.56579732895,
        "var": 89.4757385254
    },
    "erbbands_skewness": {
        "mean": 0.0463118217885,
        "var": 2.23682641983
    },
    "erbbands_spread": {
        "mean": 27.7786750793,
        "var": 740.32409668
    },
    "hfc": {
        "mean": 12.6891565323,
        "var": 367.496246338
    },
    "melbands_crest": {
        "mean": 14.0998191833,
        "var": 48.113079071
    },
    "melbands_flatness_db": {
        "mean": 0.232070505619,
        "var": 0.0211056489497
    },
    "melbands_kurtosis": {
        "mean": 34.1783905029,
        "var": 11287.0839844
    },
    "melbands_skewness": {
        "mean": 1.69398450851,
        "var": 15.9602813721
    },
    "melbands_spread": {
        "mean": 30.7130184174,
        "var": 826.752258301
    },
    "pitch_salience": {
        "mean": 0.505902171135,
        "var": 0.0292246378958
    },
    "silence_rate_20dB": {
        "mean": 0.977857887745,
        "var": 0.0216521136463
    },
    "silence_rate_30dB": {
        "mean": 0.929969131947,
        "var": 0.0651270374656
    },
    "silence_rate_60dB": {
        "mean": 0.380020588636,
        "var": 0.235600322485
    },
    "spectral_centroid": {
        "mean": 1672.47814941,
        "var": 746642.375
    },
    "spectral_complexity": {
        "mean": 8.54222488403,
        "var": 78.3181838989
    },
    "spectral_decrease": {
        "mean": -7.17310522091e-009,
        "var": 4.36916376034e-016
    },
    "spectral_energy": {
        "mean": 0.0282238740474,
        "var": 0.00635057501495
    },
    "spectral_energyband_high": {
        "mean": 0.000552906072699,
        "var": 1.65859114531e-006
    },
    "spectral_energyband_low": {
        "mean": 0.0213818624616,
        "var": 0.00588897895068
    },
    "spectral_energyband_middle_high": {
        "mean": 0.00396129954606,
        "var": 2.74988851743e-005
    },
    "spectral_energyband_middle_low": {
        "mean": 0.00322182965465,
        "var": 0.000134062371217
    },
    "spectral_entropy": {
        "mean": 7.44674396515,
        "var": 0.772090435028
    },
    "spectral_flux": {
        "mean": 0.0880727246404,
        "var": 0.0141829624772
    },
    "spectral_kurtosis": {
        "mean": 19.7523059845,
        "var": 1062.59277344
    },
    "spectral_rms": {
        "mean": 0.00327488896437,
        "var": 1.68105834746e-005
    },
    "spectral_rolloff": {
        "mean": 2818.18798828,
        "var": 9825549
    },
    "spectral_skewness": {
        "mean": 2.50706291199,
        "var": 3.62674188614
    },
    "spectral_spread": {
        "mean": 4866766,
        "var": 9.02622714266e+012
    },
    "spectral_strongpeak": {
        "mean": 1.07937407494,
        "var": 1.21664524078
    },
    "zerocrossingrate": {
        "mean": 0.100612334907,
        "var": 0.00553206540644
    },
    "barkbands": {
        "mean": [8.40884895297e-005, 0.0152644701302, 0.00517959473655, 0.00134218134917, 0.000890873663593, 0.000175245324499, 0.000329543719999, 0.000163351680385, 0.000248701922828, 0.000268464937108, 0.000237191910855, 0.000621305138338, 0.000948035041802, 0.00142549944576, 0.000183127616765, 0.000121214725368, 5.56910054001e-005, 5.20419453096e-005, 4.81752431369e-005, 6.78334326949e-005, 8.82555032149e-005, 8.99816441233e-005, 0.000121963726997, 9.44085186347e-005, 7.02351753716e-005, 4.82906762045e-005, 4.13669658883e-006],
        "var": [5.49031113906e-008, 0.00332470517606, 0.000692364526913, 5.63466601307e-005, 1.95225402422e-005, 2.21218257934e-007, 1.97634835786e-006, 6.92569813054e-007, 4.59642365058e-007, 8.39305755562e-007, 1.97029208948e-007, 1.76011894837e-006, 2.03241256713e-006, 5.17147509527e-006, 2.1762454594e-007, 1.25410167584e-007, 2.65501061136e-008, 2.30208883067e-008, 2.03432666268e-008, 2.87060419879e-008, 5.13769720101e-008, 4.22708943404e-008, 1.18674350347e-007, 5.8134148162e-008, 2.1141275397e-008, 1.03578035038e-008, 7.67746352603e-011]
    },
    "erbbands": {
        "mean": [0.26199644804, 3.95121216774, 7.35855722427, 5.17609977722, 2.73424935341, 3.46008372307, 2.79038953781, 1.49569749832, 3.51732945442, 4.95460987091, 4.34356498718, 5.74774265289, 7.66816759109, 7.77657938004, 14.3796463013, 26.6964702606, 47.6999969482, 74.1491088867, 25.2786827087, 7.89041900635, 7.08026218414, 3.27807831764, 2.58986926079, 2.89313650131, 2.37027716637, 3.32527709007, 3.6211271286, 3.3515625, 3.20326423645, 3.25539302826, 3.39257001877, 2.35478448868, 1.41888320446, 0.821975708008, 0.507488071918, 0.248619064689, 0.0802373290062, 0.0151993418112, 0.000472167623229, 4.40842413809e-005],
        "var": [0.803627967834, 233.700241089, 1038.36230469, 787.452880859, 161.65473938, 400.365936279, 172.532897949, 16.7394104004, 246.980636597, 365.739807129, 426.24597168, 275.933990479, 578.825134277, 323.375, 670.351318359, 2372.62011719, 4997.50048828, 16535.9375, 2173.19970703, 420.063873291, 535.706481934, 86.1659622192, 43.232711792, 86.1620330811, 48.336315155, 67.6374893188, 79.1554107666, 79.2008590698, 51.2003250122, 58.9921836853, 106.345336914, 43.8659858704, 11.3832950592, 3.08702802658, 1.23805165291, 0.366215854883, 0.023748755455, 0.000804441398941, 8.08886113646e-007, 8.2484987729e-009]
    },
    "gfcc": {
        "mean": [-165.261123657, 56.6938781738, -141.397140503, -12.9030580521, -47.4795646667, 30.1841907501, -35.6224937439, -1.99486911297, -21.9099235535, 9.97751331329, -10.6748218536, -1.15276801586, -14.3152151108],
        "cov": [[42895.546875, 42.4155654907, 4870.56152344, 5288.73339844, 74.6423492432, 3715.61206055, 1160.18066406, 1031.76623535, -67.0810623169, 1472.5838623, -472.514556885, 465.299621582, -790.188720703], [42.4155654907, 3945.71875, -1313.98730469, -1150.47827148, 1309.77868652, -175.155838013, -53.5971794128, -763.951599121, 72.6158447266, -663.37878418, 250.820205688, -665.400878906, 78.4191055298], [4870.56152344, -1313.98730469, 4010.47851563, 3062.07910156, 5.33785963058, 1129.29589844, 752.974975586, 890.47644043, 51.8112373352, 559.086425781, -259.876037598, 471.59362793, -140.648834229], [5288.73339844, -1150.47827148, 3062.07910156, 2764.0925293, -64.4011917114, 932.717102051, 554.27154541, 768.620056152, 28.2667922974, 464.294189453, -246.940383911, 387.223571777, -102.793769836], [74.6423492432, 1309.77868652, 5.33785963058, -64.4011917114, 719.190490723, 182.691421509, 145.543701172, -165.170013428, 90.7586669922, -150.161224365, 101.153823853, -196.485778809, 8.42091464996], [3715.61206055, -175.155838013, 1129.29589844, 932.717102051, 182.691421509, 930.91986084, 405.272094727, 232.712417603, 93.7187805176, 344.411224365, -25.2156791687, 139.038238525, -109.745872498], [1160.18066406, -53.5971794128, 752.974975586, 554.27154541, 145.543701172, 405.272094727, 299.003967285, 186.381317139, 61.2241859436, 144.893966675, 6.9946513176, 75.5943374634, -33.3184394836], [1031.76623535, -763.951599121, 890.47644043, 768.620056152, -165.170013428, 232.712417603, 186.381317139, 369.890106201, 30.6686515808, 204.252166748, -77.325592041, 191.944473267, -24.7372455597], [-67.0810623169, 72.6158447266, 51.8112373352, 28.2667922974, 90.7586669922, 93.7187805176, 61.2241859436, 30.6686515808, 99.0893630981, 50.9912071228, 39.1691513062, 3.80080246925, 7.5235877037], [1472.5838623, -663.37878418, 559.086425781, 464.294189453, -150.161224365, 344.411224365, 144.893966675, 204.252166748, 50.9912071228, 293.600463867, -10.1529045105, 157.190933228, -53.8646430969], [-472.514556885, 250.820205688, -259.876037598, -246.940383911, 101.153823853, -25.2156791687, 6.9946513176, -77.325592041, 39.1691513062, -10.1529045105, 120.68775177, -27.8009929657, 20.080286026], [465.299621582, -665.400878906, 471.59362793, 387.223571777, -196.485778809, 139.038238525, 75.5943374634, 191.944473267, 3.80080246925, 157.190933228, -27.8009929657, 200.300643921, 5.2036614418], [-790.188720703, 78.4191055298, -140.648834229, -102.793769836, 8.42091464996, -109.745872498, -33.3184394836, -24.7372455597, 7.5235877037, -53.8646430969, 20.080286026, 5.2036614418, 79.3806304932]],
        "icov": [[6.34506286588e-005, -0.000166288664332, 0.00010155934433, -0.00016902871721, 0.000148979961523, -0.000185536060599, 0.0001645397424, -0.00010094991012, 0.00021863130678, -0.000260140863247, 5.98775950493e-005, -0.000102492544102, 0.0003165708913], [-0.000166288664332, 0.00204807007685, -0.00028702346026, 0.00024560210295, -0.0016832073452, -0.000278339255601, -0.000259003631072, 0.00119759200606, -0.000746655394323, 0.00281996862032, -0.00156526814681, 0.00250846496783, -0.0015950408997], [0.00010155934433, -0.00028702346026, 0.00251184753142, -0.00242757494561, -0.000307078269543, 0.00101767957676, -0.00293071661144, 0.00114525877871, 0.000289912684821, -0.00119492900558, 0.00174898141995, -0.00228735269047, 0.0020370290149], [-0.00016902871721, 0.00024560210295, -0.00242757494561, 0.00389012508094, -0.000474901957205, -0.00129018409643, 0.00247048563324, -0.0034430003725, 0.000741959142033, 0.000916401098948, -5.86402602494e-005, 0.00152372696903, -0.0024918213021], [0.000148979961523, -0.0016832073452, -0.000307078269543, -0.000474901957205, 0.00658911745995, -0.00170860660728, -0.0010385371279, 0.000193542175111, -0.00269825337455, 0.00222132494673, -0.00193662871607, 0.00158049084712, 0.000699316791724], [-0.000185536060599, -0.000278339255601, 0.00101767957676, -0.00129018409643, -0.00170860660728, 0.00814825017005, -0.00861480738968, 0.0059143351391, -0.00141994224396, -0.0067230053246, 0.00530436262488, -0.00417591957375, 0.00273865484633], [0.0001645397424, -0.000259003631072, -0.00293071661144, 0.00247048563324, -0.0010385371279, -0.00861480738968, 0.0212976913899, -0.0114016775042, 0.00205821916461, 0.00362585322, -0.00840808730572, 0.00474256649613, -0.00243232212961], [-0.00010094991012, 0.00119759200606, 0.00114525877871, -0.0034430003725, 0.000193542175111, 0.0059143351391, -0.0114016775042, 0.0186332985759, -0.00602825637907, -0.00267225690186, 0.00612998194993, -0.00629023415968, 0.00217969529331], [0.00021863130678, -0.000746655394323, 0.000289912684821, 0.000741959142033, -0.00269825337455, -0.00141994224396, 0.00205821916461, -0.00602825637907, 0.0199068896472, -0.00707920501009, -0.00307369767688, 0.00309958145954, -0.00441919732839], [-0.000260140863247, 0.00281996862032, -0.00119492900558, 0.000916401098948, 0.00222132494673, -0.0067230053246, 0.00362585322, -0.00267225690186, -0.00707920501009, 0.0221999064088, -0.00896826293319, 0.000446382939117, 0.00282719405368], [5.98775950493e-005, -0.00156526814681, 0.00174898141995, -5.86402602494e-005, -0.00193662871607, 0.00530436262488, -0.00840808730572, 0.00612998194993, -0.00307369767688, -0.00896826293319, 0.0209697056562, -0.00763191701844, 0.000486890145112], [-0.000102492544102, 0.00250846496783, -0.00228735269047, 0.00152372696903, 0.00158049084712, -0.00417591957375, 0.00474256649613, -0.00629023415968, 0.00309958145954, 0.000446382939117, -0.00763191701844, 0.0235102046281, -0.0110900467262], [0.0003165708913, -0.0015950408997, 0.0020370290149, -0.0024918213021, 0.000699316791724, 0.00273865484633, -0.00243232212961, 0.00217969529331, -0.00441919732839, 0.00282719405368, 0.000486890145112, -0.0110900467262, 0.0240185316652]]
    },
    "melbands": {
        "mean": [0.00342369335704, 0.00463138101622, 0.000857310078572, 0.000193095271243, 0.000125950275105, 3.41123559338e-005, 5.74394543946e-005, 4.93744737469e-005, 3.72660724679e-005, 3.46355991496e-005, 3.90136774513e-005, 3.17321500916e-005, 4.14184323745e-005, 7.62862619013e-005, 7.81058261055e-005, 0.000121067001601, 0.00013127172133, 4.52034219052e-005, 1.14381000458e-005, 7.84852909419e-006, 8.19685919851e-006, 3.43967212757e-006, 1.91108324543e-006, 2.87846637548e-006, 2.27648774853e-006, 1.73611954324e-006, 1.86231955013e-006, 2.19335220208e-006, 2.36684127231e-006, 2.00794556804e-006, 1.91831077245e-006, 1.78387199412e-006, 1.78870914169e-006, 1.83919200936e-006, 1.920727982e-006, 1.9111007532e-006, 1.28329747895e-006, 1.10214693905e-006, 7.08296227003e-007, 6.68750942623e-007],
        "var": [0.000157175571076, 0.000327183370246, 2.10356465686e-005, 7.6271993521e-007, 4.38155979054e-007, 8.53882653473e-009, 6.4214546569e-008, 3.96334343122e-008, 2.65250665876e-008, 9.16834963505e-009, 1.60144768557e-008, 6.73562139397e-009, 5.36402744444e-009, 3.27317621895e-008, 1.4539214277e-008, 2.77458678255e-008, 5.38748352596e-008, 9.59905488429e-009, 1.28531052468e-009, 4.01218586132e-010, 7.6896239376e-010, 1.0583691562e-010, 2.24541097521e-011, 7.08427275176e-011, 5.67641766924e-011, 2.63935661521e-011, 2.38434827438e-011, 3.0820516278e-011, 3.36526431721e-011, 3.12769775357e-011, 2.64230755331e-011, 1.68662028788e-011, 1.69991000443e-011, 1.92462209364e-011, 3.45555112302e-011, 3.54991903928e-011, 1.46208774254e-011, 6.92664545512e-012, 2.59290592469e-012, 2.1005178933e-012]
    },
    "mfcc": {
        "mean": [-784.209777832, 95.6359481812, -20.3569145203, -27.2815856934, 1.35815119743, 20.0781002045, 3.65954232216, -2.39158797264, -5.63481283188, 2.30769205093, 5.27934646606, 4.4746389389, -1.56864178181],
        "cov": [[24846.7539063, 524.801391602, 2041.09216309, 1518.1673584, 182.147979736, 1590.38085938, 881.90447998, 553.909912109, 356.86819458, 741.600585938, 414.08972168, 554.396057129, 337.911529541], [524.801391602, 2607.19262695, -894.59588623, -800.633850098, 402.299072266, 270.114501953, -17.3839969635, -96.4848327637, -221.266555786, -130.896560669, 24.19688797, -80.3643951416, -174.495986938], [2041.09216309, -894.59588623, 2322.1862793, 1906.92077637, 359.686828613, 525.426818848, 610.592163086, 532.59954834, 503.626098633, 343.654907227, 116.325653076, 198.954147339, 223.559234619], [1518.1673584, -800.633850098, 1906.92077637, 1818.02429199, 393.427764893, 340.070587158, 452.721832275, 453.37612915, 433.291412354, 269.423614502, 56.362285614, 106.130722046, 159.384414673], [182.147979736, 402.299072266, 359.686828613, 393.427764893, 365.16116333, 250.106948853, 166.085861206, 146.572097778, 103.529907227, 67.5222625732, 44.0945587158, 20.5956134796, 7.71488189697], [1590.38085938, 270.114501953, 525.426818848, 340.070587158, 250.106948853, 571.111633301, 353.794067383, 204.985641479, 146.850982666, 174.142578125, 142.308700562, 152.464920044, 81.4660186768], [881.90447998, -17.3839969635, 610.592163086, 452.721832275, 166.085861206, 353.794067383, 353.748840332, 217.040420532, 156.249221802, 143.113372803, 113.18221283, 122.688606262, 89.4051208496], [553.909912109, -96.4848327637, 532.59954834, 453.37612915, 146.572097778, 204.985641479, 217.040420532, 221.156524658, 163.251358032, 101.236740112, 53.8154640198, 71.6809921265, 73.9822006226], [356.86819458, -221.266555786, 503.626098633, 433.291412354, 103.529907227, 146.850982666, 156.249221802, 163.251358032, 191.045028687, 114.385932922, 37.0443840027, 54.4130897522, 65.9654006958], [741.600585938, -130.896560669, 343.654907227, 269.423614502, 67.5222625732, 174.142578125, 143.113372803, 101.236740112, 114.385932922, 141.763137817, 77.3918991089, 73.4568405151, 54.4775810242], [414.08972168, 24.19688797, 116.325653076, 56.362285614, 44.0945587158, 142.308700562, 113.18221283, 53.8154640198, 37.0443840027, 77.3918991089, 114.284255981, 81.5784225464, 36.3399353027], [554.396057129, -80.3643951416, 198.954147339, 106.130722046, 20.5956134796, 152.464920044, 122.688606262, 71.6809921265, 54.4130897522, 73.4568405151, 81.5784225464, 121.141204834, 71.6771087646], [337.911529541, -174.495986938, 223.559234619, 159.384414673, 7.71488189697, 81.4660186768, 89.4051208496, 73.9822006226, 65.9654006958, 54.4775810242, 36.3399353027, 71.6771087646, 98.2176818848]],
        "icov": [[6.86270650476e-005, -9.1072259238e-005, 6.9892310421e-005, -0.000229362965911, 0.000376325187972, -0.000288868614007, 0.00022099322814, -0.000147096870933, 0.000292659242405, -0.000344027037499, 8.77520360518e-005, -8.15349121694e-005, -4.38195493189e-005], [-9.1072259238e-005, 0.00117410626262, -0.000317092053592, 0.00131644692738, -0.00239953282289, 0.000112551751954, -0.000481519091409, -0.000233090671827, 0.000443292956334, 0.000602241780143, 3.12999363814e-005, 0.000436698232079, 0.000731715233997], [6.9892310421e-005, -0.000317092053592, 0.00539170997217, -0.00553119461983, 0.00299908267334, -0.00170154066291, -0.00154503260273, 0.000429077859735, -0.00138691719621, 0.000279079191387, 0.000759919232223, -0.00151095946785, -0.00024321876117], [-0.000229362965911, 0.00131644692738, -0.00553119461983, 0.00840583629906, -0.00641457177699, 0.00341494963504, -0.000627005822025, -0.00139747629873, -0.000104409380583, -0.00119969982188, 0.00101918890141, 0.00169222429395, 0.000495367508847], [0.000376325187972, -0.00239953282289, 0.00299908267334, -0.00641457177699, 0.0125586390495, -0.00521515728906, 0.0026789996773, -0.00219193380326, -0.000475727661978, 0.000757624919061, -0.00223948410712, 0.0015538407024, 0.000170742991031], [-0.000288868614007, 0.000112551751954, -0.00170154066291, 0.00341494963504, -0.00521515728906, 0.00933623220772, -0.0063509400934, 0.0010054676095, -0.000343636114849, -0.00339761027135, 0.00187087699305, -0.00363686936907, 0.00129182601813], [0.00022099322814, -0.000481519091409, -0.00154503260273, -0.000627005822025, 0.0026789996773, -0.0063509400934, 0.0166613664478, -0.00884118955582, 0.00331555888988, -0.000389013002859, -0.00503736454993, 0.000336354831234, -0.000923787767533], [-0.000147096870933, -0.000233090671827, 0.000429077859735, -0.00139747629873, -0.00219193380326, 0.0010054676095, -0.00884118955582, 0.0243111848831, -0.0134454295039, 0.00639898236841, -0.000671558955219, -0.000735556299333, -0.00327685661614], [0.000292659242405, 0.000443292956334, -0.00138691719621, -0.000104409380583, -0.000475727661978, -0.000343636114849, 0.00331555888988, -0.0134454295039, 0.0265428815037, -0.0147583177313, 0.0052076424472, 0.000992347951978, -0.00175294105429], [-0.000344027037499, 0.000602241780143, 0.000279079191387, -0.00119969982188, 0.000757624919061, -0.00339761027135, -0.000389013002859, 0.00639898236841, -0.0147583177313, 0.0291939321905, -0.013056001626, 0.00140617683064, -0.000618390564341], [8.77520360518e-005, 3.12999363814e-005, 0.000759919232223, 0.00101918890141, -0.00223948410712, 0.00187087699305, -0.00503736454993, -0.000671558955219, 0.0052076424472, -0.013056001626, 0.0266919210553, -0.0137559240684, 0.00399246765301], [-8.15349121694e-005, 0.000436698232079, -0.00151095946785, 0.00169222429395, 0.0015538407024, -0.00363686936907, 0.000336354831234, -0.000735556299333, 0.000992347951978, 0.00140617683064, -0.0137559240684, 0.0303400754929, -0.0136064803228], [-4.38195493189e-005, 0.000731715233997, -0.00024321876117, 0.000495367508847, 0.000170742991031, 0.00129182601813, -0.000923787767533, -0.00327685661614, -0.00175294105429, -0.000618390564341, 0.00399246765301, -0.0136064803228, 0.0235790610313]]
    },
    "spectral_contrast_coeffs": {
        "mean": [-0.691988885403, -0.804928839207, -0.7984983325, -0.749043762684, -0.812761127949, -0.808371901512],
        "var": [0.0120421815664, 0.00324696977623, 0.0029236190021, 0.00709732575342, 0.00314805447124, 0.00194169732276]
    },
    "spectral_contrast_valleys": {
        "mean": [-9.94507026672, -8.43226051331, -8.26303195953, -8.62133979797, -9.33481407166, -11.5303869247],
        "var": [9.19164276123, 3.58475017548, 3.78367710114, 3.73125696182, 4.25851392746, 5.60215234756]
    }
},
"metadata": {
    "audio_properties": {
        "analysis_sample_rate": 44100,
        "bit_rate": 110293,
        "equal_loudness": 0,
        "length": 45.0612258911,
        "lossless": 0,
        "replay_gain": -9.51743507385,
        "sample_rate": 44100,
        "codec": "mp3",
        "downmix": "mix",
        "md5_encoded": "7e6f06f995308cc6bbf7466d08998bbc"
    },
    "tags": {
        "file_name": "400.mp3"
    },
    "version": {
        "essentia": "2.1-beta2",
        "essentia_git_sha": "v2.1_beta2",
        "extractor": "music 1.0"
    }
},
"rhythm": {
    "beats_count": 108,
    "beats_loudness": {
        "mean": 0.103391982615,
        "var": 0.0156137309968
    },
    "bpm": 165.666778564,
    "bpm_histogram_first_peak_bpm": {
        "mean": 167,
        "var": 0
    },
    "bpm_histogram_first_peak_spread": {
        "mean": 0,
        "var": 0
    },
    "bpm_histogram_first_peak_weight": {
        "mean": 0.299065411091,
        "var": 0
    },
    "bpm_histogram_second_peak_bpm": {
        "mean": 178,
        "var": 0
    },
    "bpm_histogram_second_peak_spread": {
        "mean": 0,
        "var": 0
    },
    "bpm_histogram_second_peak_weight": {
        "mean": 0.196261689067,
        "var": 0
    },
    "danceability": 1.52250182629,
    "onset_rate": 4.3698592186,
    "beats_loudness_band_ratio": {
        "mean": [0.476303994656, 0.0294348336756, 0.0785492286086, 0.297634929419, 0.0759036168456, 0.0507001541555],
        "var": [0.21853582561, 0.00332228722982, 0.0144889876246, 0.11118683219, 0.00991886481643, 0.0108650885522]
    },
    "beats_position": [0.708208620548, 1.46285712719, 2.18267560005, 2.90249419212, 3.59909296036, 4.28408145905, 4.96907043457, 5.66566896439, 6.3622674942, 7.04725599289, 7.73224496841, 8.4172334671, 9.10222244263, 9.81043052673, 10.4605894089, 11.1223583221, 11.7609071732, 12.3065757751, 12.840634346, 13.3630838394, 13.7462129593, 14.1409521103, 14.5356912613, 14.90721035, 15.2787294388, 15.6502494812, 16.0217685699, 16.3816776276, 16.7415866852, 17.1014957428, 17.4730148315, 17.8329238892, 18.1928348541, 18.5527439117, 18.9126529694, 19.272562027, 19.6324710846, 19.9923801422, 20.3522891998, 20.7121982574, 21.0837192535, 21.4552383423, 21.8151473999, 22.1750564575, 22.5349655151, 22.8948745728, 23.2547836304, 23.5914726257, 23.9165534973, 24.2764625549, 24.6363716125, 24.9730606079, 25.3097496033, 25.6696586609, 26.0063495636, 26.343038559, 26.6797275543, 27.0396366119, 27.3995456696, 27.7362346649, 28.0729255676, 28.4328346252, 28.7811336517, 29.1178226471, 29.4429016113, 29.7912006378, 30.1394996643, 30.4878005981, 30.8244895935, 31.1843986511, 31.5326976776, 31.8577766418, 32.1828575134, 32.5195465088, 32.8678436279, 33.2161445618, 33.5528335571, 33.9127426147, 34.2610435486, 34.6093406677, 34.9460296631, 35.2943305969, 35.6542396545, 35.9909286499, 36.3160095215, 36.6759185791, 37.0242156982, 37.3609046936, 37.6859855652, 38.0458946228, 38.3941955566, 38.7424926758, 39.0791816711, 39.4507026672, 39.7989997864, 40.1356925964, 40.4491615295, 40.8090705872, 41.1689796448, 41.5172767639, 41.8539657593, 42.2138786316, 42.5621757507, 42.8988647461, 43.2355537415, 43.5838546753, 43.9437637329, 44.2804527283]
},
"tonal": {
    "chords_changes_rate": 0.0689300447702,
    "chords_number_rate": 0.00925925932825,
    "chords_strength": {
        "mean": 0.576069772243,
        "var": 0.0151313822716
    },
    "hpcp_entropy": {
        "mean": 2.18402647972,
        "var": 0.516229093075
    },
    "key_strength": 0.595225632191,
    "tuning_diatonic_strength": 0.578789412975,
    "tuning_equal_tempered_deviation": 0.140124619007,
    "tuning_frequency": 441.782684326,
    "tuning_nontempered_energy_ratio": 0.816283166409,
    "hpcp": {
        "mean": [0.111028343439, 0.10586823523, 0.0772447735071, 0.0600406490266, 0.0880233049393, 0.169676020741, 0.178786307573, 0.119526490569, 0.0900839269161, 0.0762092024088, 0.0680707320571, 0.0963173136115, 0.158568769693, 0.154464185238, 0.100053288043, 0.0970047861338, 0.105415441096, 0.107834935188, 0.128316894174, 0.130578830838, 0.2055593431, 0.320571571589, 0.254853993654, 0.107594922185, 0.0494410581887, 0.0591506883502, 0.19065348804, 0.374412059784, 0.32471293211, 0.172296240926, 0.134597033262, 0.134263753891, 0.169034183025, 0.232902437449, 0.201509326696, 0.117240972817],
        "var": [0.0331045389175, 0.0388419888914, 0.0327323935926, 0.0204514823854, 0.0261263437569, 0.0701028481126, 0.057474590838, 0.0337413176894, 0.0422246530652, 0.0347177870572, 0.0259830355644, 0.0221524741501, 0.0453910753131, 0.0477627329528, 0.0204771086574, 0.0205460228026, 0.0267224479467, 0.0307000316679, 0.0490187928081, 0.0391256920993, 0.0595980174839, 0.131707251072, 0.0999097153544, 0.0228885617107, 0.00860679987818, 0.0117178251967, 0.0473533347249, 0.165374591947, 0.128895521164, 0.0479610972106, 0.0456669852138, 0.0485165379941, 0.0516701489687, 0.0960538312793, 0.0797559022903, 0.0267489086837]
    },
    "chords_histogram": [9.46502017975, 0, 14.7119340897, 10.6995887756, 0.308641970158, 0, 0, 0, 0, 0, 0, 0, 0, 0, 0, 1.33744859695, 0, 17.5925922394, 0, 15.6378602982, 0, 6.68724298477, 10.2880659103, 13.271604538],
    "thpcp": [1, 0.867260873318, 0.460178136826, 0.359489053488, 0.358598917723, 0.451465636492, 0.622048437595, 0.538202047348, 0.313133537769, 0.296540498734, 0.282758623362, 0.206309527159, 0.160359814763, 0.235097408295, 0.453179895878, 0.477512151003, 0.319237828255, 0.240601032972, 0.203543663025, 0.181806996465, 0.257249504328, 0.423514068127, 0.412551313639, 0.267227739096, 0.25908562541, 0.281549274921, 0.288011372089, 0.342715710402, 0.348756998777, 0.549019038677, 0.856199920177, 0.680677831173, 0.287370353937, 0.13204985857, 0.157982856035, 0.50920766592],
    "chords_key": "E",
    "chords_scale": "minor",
    "key_key": "E",
    "key_scale": "major"
}
}