{
"lowlevel": {
    "average_loudness": 0.91007745266,
    "barkbands_crest": {
        "mean": 12.6617202759,
        "var": 34.6689033508
    },
    "barkbands_flatness_db": {
        "mean": 0.197513371706,
        "var": 0.00594011321664
    },
    "barkbands_kurtosis": {
        "mean": 12.6471738815,
        "var": 572.902709961
    },
    "barkbands_skewness": {
        "mean": 2.42335295677,
        "var": 5.06186437607
    },
    "barkbands_spread": {
        "mean": 18.8991718292,
        "var": 165.920028687
    },
    "dissonance": {
        "mean": 0.45846760273,
        "var": 0.00086816912517
    },
    "dynamic_complexity": 5.17744684219,
    "erbbands_crest": {
        "mean": 9.03694725037,
        "var": 18.055475235
    },
    "erbbands_flatness_db": {
        "mean": 0.186250910163,
        "var": 0.00448114285246
    },
    "erbbands_kurtosis": {
        "mean": -0.528173863888,
        "var": 1.58689546585
    },
    "erbbands_skewness": {
        "mean": -0.00758284935728,
        "var": 0.484153717756
    },
    "erbbands_spread": {
        "mean": 46.9208946228,
        "var": 323.263061523
    },
    "hfc": {
        "mean": 10.4610757828,
        "var": 382.723236084
    },
    "melbands_crest": {
        "mean": 17.177274704,
        "var": 44.5898590088
    },
    "melbands_flatness_db": {
        "mean": 0.262311726809,
        "var": 0.0109336748719
    },
    "melbands_kurtosis": {
        "mean": 33.5474815369,
        "var": 2677.23803711
    },
    "melbands_skewness": {
        "mean": 3.92988467216,
        "var": 8.12066459656
    },
    "melbands_spread": {
        "mean": 21.8890686035,
        "var": 411.871246338
    },
    "pitch_salience": {
        "mean": 0.444784849882,
        "var": 0.0252568703145
    },
    "silence_rate_20dB": {
        "mean": 1,
        "var": 0
    },
    "silence_rate_30dB": {
        "mean": 0.936115384102,
        "var": 0.0598035268486
    },
    "silence_rate_60dB": {
        "mean": 0.325605362654,
        "var": 0.219585195184
    },
    "spectral_centroid": {
        "mean": 1517.25939941,
        "var": 589135
    },
    "spectral_complexity": {
        "mean": 10.9685726166,
        "var": 102.753730774
    },
    "spectral_decrease": {
        "mean": -6.66183463949e-009,
        "var": 1.18971918431e-016
    },
    "spectral_energy": {
        "mean": 0.0260921474546,
        "var": 0.00178212404717
    },
    "spectral_energyband_high": {
        "mean": 0.00045090605272,
        "var": 1.40928807468e-006
    },
    "spectral_energyband_low": {
        "mean": 0.0174754690379,
        "var": 0.00117348693311
    },
    "spectral_energyband_middle_high": {
        "mean": 0.00195714319125,
        "var": 2.20286892727e-005
    },
    "spectral_energyband_middle_low": {
        "mean": 0.00744382711127,
        "var": 0.000342744373484
    },
    "spectral_entropy": {
        "mean": 7.10280275345,
        "var": 0.407630115747
    },
    "spectral_flux": {
        "mean": 0.0879073143005,
        "var": 0.00849399808794
    },
    "spectral_kurtosis": {
        "mean": 6.35550546646,
        "var": 27.39128685
    },
    "spectral_rms": {
        "mean": 0.0038414595183,
        "var": 1.06989427877e-005
    },
    "spectral_rolloff": {
        "mean": 1505.26818848,
        "var": 2597393.25
    },
    "spectral_skewness": {
        "mean": 1.57961845398,
        "var": 0.298310667276
    },
    "spectral_spread": {
        "mean": 3827564.75,
        "var": 2.67746725069e+012
    },
    "spectral_strongpeak": {
        "mean": 0.568012714386,
        "var": 0.534781575203
    },
    "zerocrossingrate": {
        "mean": 0.0533021502197,
        "var": 0.0015177387977
    },
    "barkbands": {
        "mean": [0.000523684488144, 0.0107166143134, 0.00502094160765, 0.00210070353933, 0.0029032016173, 0.00109456002247, 0.000520026311278, 0.000418292445829, 0.000364334468031, 0.000162825293955, 9.72333655227e-005, 0.000164355529705, 0.000159514631378, 0.000162184762303, 0.000463060307084, 0.000168697268236, 0.000216972111957, 0.000151073880261, 0.000191909319256, 7.92942300905e-005, 0.000101525853097, 0.000100125711469, 7.14822817827e-005, 5.84003100812e-005, 6.02372019785e-005, 1.98798770725e-005, 1.02113642697e-006],
        "var": [1.10592770852e-006, 0.000492507882882, 0.000282953988062, 6.17994592176e-005, 9.39036035561e-005, 5.0548096624e-006, 1.97481062969e-006, 7.62854597269e-007, 4.80360370148e-007, 2.12930629573e-007, 9.19663278864e-008, 3.01469953001e-007, 3.69523803556e-007, 5.0142142527e-007, 5.1593506214e-006, 1.69132718497e-007, 1.4329131659e-007, 1.06155489732e-007, 9.8805799098e-008, 4.51195774076e-008, 7.91396956856e-008, 7.99767789772e-008, 4.37138716336e-008, 4.04504305607e-008, 7.37082004321e-008, 1.00569836903e-008, 3.06307132436e-011]
    },
    "erbbands": {
        "mean": [0.29882594943, 2.42333054543, 5.840944767, 7.00552940369, 8.52256011963, 9.08946228027, 9.03376674652, 8.9876127243, 8.69664382935, 6.78155660629, 9.39889812469, 6.86612558365, 7.67574453354, 5.36392402649, 5.29949140549, 6.0799407959, 7.16660022736, 8.13427639008, 16.3116455078, 17.3390541077, 9.9825258255, 12.0469903946, 8.07147026062, 7.60823583603, 11.6195402145, 3.94508123398, 3.98843836784, 4.11349630356, 4.0659160614, 2.29501032829, 2.07848119736, 1.38210022449, 1.20514583588, 0.712362706661, 0.210050463676, 0.106639884412, 0.0250259153545, 0.0047987755388, 0.000146865029819, 3.39016660291e-005],
        "var": [0.414912998676, 27.8869819641, 300.160064697, 586.662902832, 727.594970703, 1136.76879883, 575.81842041, 299.323577881, 488.522888184, 255.418746948, 418.529083252, 244.306289673, 164.17489624, 212.988723755, 334.99105835, 333.47354126, 677.726867676, 1081.14929199, 4101.17529297, 5400.52636719, 545.321105957, 481.773620605, 263.530883789, 242.456192017, 299.292327881, 94.1712722778, 121.193313599, 118.966583252, 152.79006958, 34.7940177917, 44.4231185913, 20.3520507813, 21.8217563629, 8.65535736084, 0.609725475311, 0.310583144426, 0.00998659152538, 0.000471053965157, 3.82236180485e-007, 3.06699976527e-009]
    },
    "gfcc": {
        "mean": [-97.9830245972, 105.974502563, -124.29851532, 32.9826889038, -53.1690216064, -12.3622665405, -37.5060691833, 21.1381416321, -18.6847286224, -4.46860551834, -6.42204618454, 4.17350196838, -4.61546993256],
        "cov": [[10899.0849609, -1360.90808105, 1929.59814453, 1527.81945801, -36.6338233948, 2308.36474609, -91.1400604248, -731.254577637, 33.2532119751, 393.845977783, -720.713806152, -307.249053955, -429.391448975], [-1360.90808105, 2134.39379883, 650.474182129, 218.402389526, 888.376281738, -295.481109619, 526.179626465, 311.330322266, 378.337005615, -154.735366821, 217.111984253, -114.55645752, 165.328994751], [1929.59814453, 650.474182129, 1782.23120117, 855.292053223, 677.580871582, 877.351928711, 419.225158691, 111.049453735, 245.204406738, 152.037902832, -57.3699569702, -99.1681213379, -94.3800354004], [1527.81945801, 218.402389526, 855.292053223, 845.83996582, 267.591522217, 660.485839844, 275.095977783, -14.0291194916, 229.894668579, 74.2275924683, -5.71357011795, -104.363540649, -2.86341023445], [-36.6338233948, 888.376281738, 677.580871582, 267.591522217, 690.643493652, 128.796447754, 313.368499756, 202.106506348, 192.53578186, 21.923418045, 45.7736206055, -38.9501686096, 27.2476081848], [2308.36474609, -295.481109619, 877.351928711, 660.485839844, 128.796447754, 940.881713867, 146.42237854, -70.0854644775, 178.789794922, 164.830093384, -139.346130371, -53.5255317688, -67.5889282227], [-91.1400604248, 526.179626465, 419.225158691, 275.095977783, 313.368499756, 146.42237854, 362.682769775, 149.713989258, 116.431648254, 18.6449317932, 118.831954956, -10.9828577042, 11.0873699188], [-731.254577637, 311.330322266, 111.049453735, -14.0291194916, 202.106506348, -70.0854644775, 149.713989258, 282.748382568, 103.00012207, -12.323723793, 92.6464614868, 70.5778808594, 77.402305603], [33.2532119751, 378.337005615, 245.204406738, 229.894668579, 192.53578186, 178.789794922, 116.431648254, 103.00012207, 374.930389404, 16.2504844666, -28.8907108307, -16.0006217957, 136.405548096], [393.845977783, -154.735366821, 152.037902832, 74.2275924683, 21.923418045, 164.830093384, 18.6449317932, -12.323723793, 16.2504844666, 150.176803589, -13.2532043457, -0.048372015357, -38.6316795349], [-720.713806152, 217.111984253, -57.3699569702, -5.71357011795, 45.7736206055, -139.346130371, 118.831954956, 92.6464614868, -28.8907108307, -13.2532043457, 199.153533936, 20.2983512878, 16.8738918304], [-307.249053955, -114.55645752, -99.1681213379, -104.363540649, -38.9501686096, -53.5255317688, -10.9828577042, 70.5778808594, -16.0006217957, -0.048372015357, 20.2983512878, 129.428894043, 17.1143779755], [-429.391448975, 165.328994751, -94.3800354004, -2.86341023445, 27.2476081848, -67.5889282227, 11.0873699188, 77.402305603, 136.405548096, -38.6316795349, 16.8738918304, 17.1143779755, 152.872467041]],
        "icov": [[0.000294340599794, -0.000148254563101, 7.58257738198e-005, -0.000211794817005, 5.08128396177e-005, -0.000656907213852, 0.000202119714231, 0.000185180950211, 0.000355794356437, -0.000127553212224, 0.000586378446314, 3.97424119001e-005, 0.000203142801183], [-0.000148254563101, 0.00350431259722, -0.0013272089418, 0.000903777661733, -0.00246575335041, 0.00275603216141, -0.00245031202212, 0.00156619399786, -0.0028084712103, 0.00259879603982, -0.00183891539928, 0.00184617994819, -0.000807037926279], [7.58257738198e-005, -0.0013272089418, 0.00284462817945, -0.00124773348216, -0.000663663842715, -0.00233012577519, 0.000821720052045, -0.00129388808273, 0.00135924981441, -0.00103862478863, 0.00118258537259, -0.000426353508374, 0.0015066745691], [-0.000211794817005, 0.000903777661733, -0.00124773348216, 0.00522838719189, -0.000446693447884, -0.00156336592045, -0.00211460702121, 0.00180063955486, -0.00185363774654, 0.00195879512466, -0.00275339814834, 0.00200133631006, -0.00138579448685], [5.08128396177e-005, -0.00246575335041, -0.000663663842715, -0.000446693447884, 0.00594426691532, -0.000361474289093, -0.000331597402692, -0.00246914895251, 0.00110692845192, -0.00214638817124, 0.00238566449843, -0.000301699095871, 0.000686567625962], [-0.000656907213852, 0.00275603216141, -0.00233012577519, -0.00156336592045, -0.000361474289093, 0.00802679359913, -0.00261094095185, 0.000855216523632, -0.00320944702253, -0.000339546473697, 0.00029433297459, -6.36050317553e-005, -0.000171389518073], [0.000202119714231, -0.00245031202212, 0.000821720052045, -0.00211460702121, -0.000331597402692, -0.00261094095185, 0.00999021995813, -0.00281174341217, 0.00122382037807, -0.00117248564493, -0.00279375142418, -0.00128515693359, 0.00235316995531], [0.000185180950211, 0.00156619399786, -0.00129388808273, 0.00180063955486, -0.00246914895251, 0.000855216523632, -0.00281174341217, 0.00959359947592, -0.00206904346123, 0.00133513601031, -0.00262979930267, -0.00302425492555, -0.00296163838357], [0.000355794356437, -0.0028084712103, 0.00135924981441, -0.00185363774654, 0.00110692845192, -0.00320944702253, 0.00122382037807, -0.00206904346123, 0.00917904917151, -0.00321938167326, 0.00404551019892, -0.000670813547913, -0.00519161950797], [-0.000127553212224, 0.00259879603982, -0.00103862478863, 0.00195879512466, -0.00214638817124, -0.000339546473697, -0.00117248564493, 0.00133513601031, -0.00321938167326, 0.0112300626934, -0.00318213901483, 0.00103249773383, 0.001814260846], [0.000586378446314, -0.00183891539928, 0.00118258537259, -0.00275339814834, 0.00238566449843, 0.00029433297459, -0.00279375142418, -0.00262979930267, 0.00404551019892, -0.00318213901483, 0.0124402549118, -0.000948276428971, -0.000127489489387], [3.97424119001e-005, 0.00184617994819, -0.000426353508374, 0.00200133631006, -0.000301699095871, -6.36050317553e-005, -0.00128515693359, -0.00302425492555, -0.000670813547913, 0.00103249773383, -0.000948276428971, 0.0123470723629, -0.000878753897268], [0.000203142801183, -0.000807037926279, 0.0015066745691, -0.00138579448685, 0.000686567625962, -0.000171389518073, 0.00235316995531, -0.00296163838357, -0.00519161950797, 0.001814260846, -0.000127489489387, -0.000878753897268, 0.0152230579406]]
    },
    "melbands": {
        "mean": [0.00285550672561, 0.00319942831993, 0.00126470124815, 0.000645867316052, 0.000339186313795, 0.000202488765353, 0.000128519750433, 7.63424104662e-005, 7.18641167623e-005, 4.63232354377e-005, 3.81630416086e-005, 2.16055814235e-005, 1.55266461661e-005, 1.9912587959e-005, 1.29404024847e-005, 1.71575939021e-005, 1.41902228279e-005, 2.01343373192e-005, 4.19450952904e-005, 1.01426712718e-005, 1.17392837637e-005, 1.11984045361e-005, 1.09937700472e-005, 7.32143189452e-006, 5.23240623806e-006, 1.00361203295e-005, 4.24726522397e-006, 2.23210236072e-006, 2.4263817977e-006, 2.42849182541e-006, 2.34280378208e-006, 2.71586418421e-006, 1.37795620958e-006, 1.20754066302e-006, 1.26283850932e-006, 9.29486532186e-007, 8.06863511116e-007, 6.65103243591e-007, 1.27877353862e-006, 3.57440427479e-007],
        "var": [3.41840895999e-005, 6.1663951783e-005, 1.59611063282e-005, 4.78597712572e-006, 9.98486029857e-007, 1.60860579967e-007, 1.05121181093e-007, 3.06480849588e-008, 2.78027023626e-008, 8.70680860743e-009, 4.15479739502e-009, 3.69220742868e-009, 2.60356758375e-009, 4.82030992899e-009, 1.46244349963e-009, 4.73323336081e-009, 3.65882169007e-009, 5.63350255334e-009, 5.20442888785e-008, 5.389054758e-010, 9.32179777813e-010, 5.62440261032e-010, 2.98499502893e-010, 2.68723460151e-010, 1.43990916412e-010, 2.21204290995e-010, 7.58121135314e-011, 3.56554751002e-011, 4.77190613413e-011, 4.78177566987e-011, 3.99630502301e-011, 9.28289597968e-011, 1.35285619512e-011, 1.01997880628e-011, 1.76769848759e-011, 9.2860927281e-012, 7.11310567739e-012, 6.42526917088e-012, 4.5418273309e-011, 1.41156259858e-012]
    },
    "mfcc": {
        "mean": [-738.901489258, 133.496276855, -9.5484828949, 36.1099433899, 5.77845001221, -22.6286869049, -6.08564901352, 10.8401918411, -3.93975162506, -0.0690789297223, 1.63832986355, -2.48275494576, 3.0989947319],
        "cov": [[9891.44824219, -1910.10180664, 1691.7142334, -89.0806808472, 365.145782471, 2290.27099609, 237.44619751, -268.117492676, 403.419525146, 146.896774292, -72.7841262817, 138.763702393, -364.549957275], [-1910.10180664, 1961.85327148, 49.7915382385, 516.851257324, 431.028594971, -322.543762207, 206.683929443, 328.757354736, 195.299819946, 154.571563721, 120.135299683, 103.542778015, 156.211486816], [1691.7142334, 49.7915382385, 1295.23339844, 398.095611572, 449.98815918, 883.79699707, 349.396270752, 211.455688477, 321.885772705, 255.105957031, 137.466140747, 169.588150024, 16.6314430237], [-89.0806808472, 516.851257324, 398.095611572, 476.913543701, 268.106018066, 199.572097778, 220.474960327, 208.473205566, 154.195526123, 147.115814209, 92.117729187, 96.7492675781, 64.1533126831], [365.145782471, 431.028594971, 449.98815918, 268.106018066, 456.55581665, 301.705871582, 143.921081543, 168.339813232, 251.334671021, 149.273635864, 73.6585922241, 78.9758758545, 40.5979881287], [2290.27099609, -322.543762207, 883.79699707, 199.572097778, 301.705871582, 974.73840332, 225.332138062, 49.0557441711, 262.254486084, 191.941390991, 78.6636352539, 124.54447937, -48.8071060181], [237.44619751, 206.683929443, 349.396270752, 220.474960327, 143.921081543, 225.332138062, 376.145965576, 144.178863525, -14.7044420242, 108.657363892, 104.826019287, 49.6886520386, 46.3082313538], [-268.117492676, 328.757354736, 211.455688477, 208.473205566, 168.339813232, 49.0557441711, 144.178863525, 279.079315186, 154.031997681, 69.3755569458, 64.6325912476, 94.2239685059, 63.3763580322], [403.419525146, 195.299819946, 321.885772705, 154.195526123, 251.334671021, 262.254486084, -14.7044420242, 154.031997681, 384.734283447, 131.314849854, 29.2877082825, 108.90901947, 30.0985450745], [146.896774292, 154.571563721, 255.105957031, 147.115814209, 149.273635864, 191.941390991, 108.657363892, 69.3755569458, 131.314849854, 171.028900146, 80.1945724487, 35.559879303, 36.0014724731], [-72.7841262817, 120.135299683, 137.466140747, 92.117729187, 73.6585922241, 78.6636352539, 104.826019287, 64.6325912476, 29.2877082825, 80.1945724487, 115.929481506, 45.1619262695, 32.3534965515], [138.763702393, 103.542778015, 169.588150024, 96.7492675781, 78.9758758545, 124.54447937, 49.6886520386, 94.2239685059, 108.90901947, 35.559879303, 45.1619262695, 139.199188232, 32.3323516846], [-364.549957275, 156.211486816, 16.6314430237, 64.1533126831, 40.5979881287, -48.8071060181, 46.3082313538, 63.3763580322, 30.0985450745, 36.0014724731, 32.3534965515, 32.3323516846, 75.7407302856]],
        "icov": [[0.000321581464959, 0.000108888896648, 2.93648245133e-005, 0.000119072290545, -9.67883097474e-005, -0.000690461136401, -0.000213161256397, 0.000198570865905, -0.000152316250023, 0.000259851512965, 0.000288585200906, -9.56148869591e-005, 0.000641611870378], [0.000108888896648, 0.00132327608299, 0.000167990918271, -0.000885658431798, -0.00119038135745, 0.000918474281207, -0.000554435595404, 0.000276587408734, -0.00032157896203, -0.000269537355052, 9.5380921266e-005, -0.000601974665187, 0.000317789963447], [2.93648245133e-005, 0.000167990918271, 0.00296998443082, -0.000632520124782, -0.000806418887805, -0.00206134608015, -0.000550672179088, -0.000610987830441, 4.16493785451e-005, -0.000389906868804, -2.16455155169e-005, -0.000335694145178, -4.83599214931e-005], [0.000119072290545, -0.000885658431798, -0.000632520124782, 0.00538772856817, -0.000515847699717, -0.000526127405465, -0.000672170077451, -0.00158398610074, 0.000755837478209, -0.00176566629671, 0.000956698204391, -0.000841287255753, 0.000138367278851], [-9.67883097474e-005, -0.00119038135745, -0.000806418887805, -0.000515847699717, 0.00625063665211, -0.000941963575315, -9.84610087471e-005, -0.000415441114455, -0.00236110622063, 0.000598988321144, -0.000883760629222, 0.0021059140563, -0.000814248749521], [-0.000690461136401, 0.000918474281207, -0.00206134608015, -0.000526127405465, -0.000941963575315, 0.00676985224709, -0.00184573198203, 0.00213564862497, -0.00164165534079, -0.00191783881746, -0.000130947810248, -0.00217693904415, 0.00243874685839], [-0.000213161256397, -0.000554435595404, -0.000550672179088, -0.000672170077451, -9.84610087471e-005, -0.00184573198203, 0.00840721745044, -0.00440630875528, 0.00561180012301, -0.00258164526895, -0.00143586145714, 0.000767025514506, -0.00249907770194], [0.000198570865905, 0.000276587408734, -0.000610987830441, -0.00158398610074, -0.000415441114455, 0.00213564862497, -0.00440630875528, 0.0103754289448, -0.00527080334723, 0.00368083128706, -0.00144045380875, -0.00185245822649, -0.000776583328843], [-0.000152316250023, -0.00032157896203, 4.16493785451e-005, 0.000755837478209, -0.00236110622063, -0.00164165534079, 0.00561180012301, -0.00527080334723, 0.0106507977471, -0.00685025285929, 0.00361477490515, -0.00343140377663, -0.000587937189266], [0.000259851512965, -0.000269537355052, -0.000389906868804, -0.00176566629671, 0.000598988321144, -0.00191783881746, -0.00258164526895, 0.00368083128706, -0.00685025285929, 0.0189006477594, -0.00883680488914, 0.00593799212947, -0.00469248974696], [0.000288585200906, 9.5380921266e-005, -2.16455155169e-005, 0.000956698204391, -0.000883760629222, -0.000130947810248, -0.00143586145714, -0.00144045380875, 0.00361477490515, -0.00883680488914, 0.0179375745356, -0.00533701106906, 0.000239142100327], [-9.56148869591e-005, -0.000601974665187, -0.000335694145178, -0.000841287255753, 0.0021059140563, -0.00217693904415, 0.000767025514506, -0.00185245822649, -0.00343140377663, 0.00593799212947, -0.00533701106906, 0.0145810646936, -0.00528639554977], [0.000641611870378, 0.000317789963447, -4.83599214931e-005, 0.000138367278851, -0.000814248749521, 0.00243874685839, -0.00249907770194, -0.000776583328843, -0.000587937189266, -0.00469248974696, 0.000239142100327, -0.00528639554977, 0.0243334304541]]
    },
    "spectral_contrast_coeffs": {
        "mean": [-0.647156119347, -0.735461950302, -0.756220042706, -0.799254536629, -0.736976921558, -0.773356258869],
        "var": [0.0122895874083, 0.00386910885572, 0.00500440038741, 0.00306570902467, 0.00461872201413, 0.00205899751745]
    },
    "spectral_contrast_valleys": {
        "mean": [-8.28577899933, -7.42444086075, -8.42333698273, -8.83389854431, -8.75690078735, -11.5588636398],
        "var": [3.63980865479, 1.17610657215, 1.46129846573, 1.70776033401, 1.86115837097, 2.63015031815]
    }
},
"metadata": {
    "audio_properties": {
        "analysis_sample_rate": 44100,
        "bit_rate": 114816,
        "equal_loudness": 0,
        "length": 45.0351028442,
        "lossless": 0,
        "replay_gain": -13.4131889343,
        "sample_rate": 44100,
        "codec": "mp3",
        "downmix": "mix",
        "md5_encoded": "9c4ae70d298ca3728324495f84c41a02"
    },
    "tags": {
        "file_name": "401.mp3"
    },
    "version": {
        "essentia": "2.1-beta2",
        "essentia_git_sha": "v2.1_beta2",
        "extractor": "music 1.0"
    }
},
"rhythm": {
    "beats_count": 65,
    "beats_loudness": {
        "mean": 0.0665006116033,
        "var": 0.00346274022013
    },
    "bpm": 87.9733963013,
    "bpm_histogram_first_peak_bpm": {
        "mean": 88,
        "var": 0
    },
    "bpm_histogram_first_peak_spread": {
        "mean": 0.0625,
        "var": 0
    },
    "bpm_histogram_first_peak_weight": {
        "mean": 0.9375,
        "var": 0
    },
    "bpm_histogram_second_peak_bpm": {
        "mean": 0,
        "var": 0
    },
    "bpm_histogram_second_peak_spread": {
        "mean": 0,
        "var": 0
    },
    "bpm_histogram_second_peak_weight": {
        "mean": 0,
        "var": 0
    },
    "danceability": 1.85564351082,
    "onset_rate": 4.61742925644,
    "beats_loudness_band_ratio": {
        "mean": [0.668500125408, 0.258777230978, 0.0635131672025, 0.0298981331289, 0.0511766411364, 0.0519160032272],
        "var": [0.0469892881811, 0.0443451367319, 0.0020604012534, 0.00116632820573, 0.00167885690462, 0.00253522722051]
    },
    "beats_position": [0.719818592072, 1.4164172411, 2.10140585899, 2.7863945961, 3.45977306366, 4.13315200806, 4.82975053787, 5.51473903656, 6.19972801208, 6.87310647964, 7.5464849472, 8.23147392273, 8.91646194458, 9.58984088898, 10.2864398956, 10.9714279175, 11.656416893, 12.3297958374, 13.0031747818, 13.6881628036, 14.3731517792, 15.0465307236, 15.7315187454, 16.4165077209, 17.1014957428, 17.7748756409, 18.4598636627, 19.1448516846, 19.8298416138, 20.5032196045, 21.1882076263, 21.8731975555, 22.5465755463, 23.2315635681, 23.9165534973, 24.6015415192, 25.286529541, 25.9599094391, 26.6448974609, 27.3298854828, 28.0032653809, 28.6882534027, 29.3732414246, 30.0582313538, 30.7432193756, 31.4165973663, 32.1015853882, 32.7865753174, 33.4599533081, 34.1449432373, 34.8299331665, 35.514919281, 36.1999092102, 36.8732872009, 37.5582771301, 38.2432632446, 38.91664505, 39.6016311646, 40.2866210938, 40.9599990845, 41.6565971375, 42.3299751282, 43.0149650574, 43.6999549866, 44.3733329773]
},
"tonal": {
    "chords_changes_rate": 0.0370751805604,
    "chords_number_rate": 0.00308959838003,
    "chords_strength": {
        "mean": 0.542283713818,
        "var": 0.00382161256857
    },
    "hpcp_entropy": {
        "mean": 1.88884997368,
        "var": 0.722469806671
    },
    "key_strength": 0.702957630157,
    "tuning_diatonic_strength": 0.483447372913,
    "tuning_equal_tempered_deviation": 0.248373970389,
    "tuning_frequency": 434.193115234,
    "tuning_nontempered_energy_ratio": 0.960110604763,
    "hpcp": {
        "mean": [0.207616657019, 0.261202424765, 0.145859330893, 0.100347973406, 0.0996406525373, 0.0807060524821, 0.0809681937099, 0.0732178837061, 0.0724588483572, 0.0776388719678, 0.0646343380213, 0.0560068488121, 0.14807318151, 0.208281964064, 0.128374814987, 0.16212759912, 0.243956178427, 0.180865049362, 0.0959042534232, 0.0645374432206, 0.0869862437248, 0.125810205936, 0.0960664823651, 0.118450626731, 0.177789449692, 0.108379460871, 0.052754227072, 0.203183993697, 0.29904744029, 0.188130989671, 0.130737423897, 0.132213026285, 0.115689501166, 0.0936070531607, 0.0792022794485, 0.0910523757339],
        "var": [0.0715861171484, 0.110922679305, 0.0369862578809, 0.0502540208399, 0.0480636134744, 0.0330593325198, 0.0355582088232, 0.0291615668684, 0.0302228163928, 0.0340465120971, 0.0219167359173, 0.0154055701569, 0.0481088235974, 0.0943374931812, 0.0329013094306, 0.0586258843541, 0.116714082658, 0.0724209025502, 0.0388575606048, 0.0240986011922, 0.02499502711, 0.0358773693442, 0.0235400386155, 0.0362150631845, 0.097370326519, 0.0329598337412, 0.0181914530694, 0.0617131590843, 0.120470896363, 0.0472348928452, 0.0555729903281, 0.0666019096971, 0.0670961886644, 0.0478930994868, 0.037228051573, 0.0390346869826]
    },
    "chords_histogram": [61.0710601807, 34.2945404053, 0.102986611426, 0, 0, 0, 0, 0, 0.411946445704, 0, 0, 0, 0, 0, 0, 0, 0, 0, 0, 0, 0, 0, 0, 4.11946439743],
    "thpcp": [1, 0.629100799561, 0.437179535627, 0.442113876343, 0.38686004281, 0.313017398119, 0.264848530293, 0.304474681616, 0.694259941578, 0.873448133469, 0.487746447325, 0.335558712482, 0.333193451166, 0.269877076149, 0.27075368166, 0.244837015867, 0.242298841476, 0.259620577097, 0.216134056449, 0.18728415668, 0.495149463415, 0.696484684944, 0.429279088974, 0.542146742344, 0.815777540207, 0.604803860188, 0.320699125528, 0.2158100456, 0.290877729654, 0.420703172684, 0.321241617203, 0.396093100309, 0.594519197941, 0.362415611744, 0.176407545805, 0.679437339306],
    "chords_key": "D",
    "chords_scale": "major",
    "key_key": "D",
    "key_scale": "major"
}
}