{
"lowlevel": {
    "average_loudness": 0.881909608841,
    "barkbands_crest": {
        "mean": 15.1730670929,
        "var": 48.1442146301
    },
    "barkbands_flatness_db": {
        "mean": 0.196639001369,
        "var": 0.0142145594582
    },
    "barkbands_kurtosis": {
        "mean": 98.2735671997,
        "var": 150485.34375
    },
    "barkbands_skewness": {
        "mean": 4.67377185822,
        "var": 47.0346794128
    },
    "barkbands_spread": {
        "mean": 25.5354232788,
        "var": 826.764831543
    },
    "dissonance": {
        "mean": 0.475116640329,
        "var": 0.00068717985414
    },
    "dynamic_complexity": 6.62306642532,
    "erbbands_crest": {
        "mean": 6.91809368134,
        "var": 24.5096931458
    },
    "erbbands_flatness_db": {
        "mean": 0.125083699822,
        "var": 0.00278022210114
    },
    "erbbands_kurtosis": {
        "mean": 2.08342432976,
        "var": 33.5543479919
    },
    "erbbands_skewness": {
        "mean": 0.0618854798377,
        "var": 1.74351656437
    },
    "erbbands_spread": {
        "mean": 46.2435722351,
        "var": 690.846984863
    },
    "hfc": {
        "mean": 19.4279117584,
        "var": 963.035827637
    },
    "melbands_crest": {
        "mean": 23.0246963501,
        "var": 84.6675872803
    },
    "melbands_flatness_db": {
        "mean": 0.263701200485,
        "var": 0.0216015353799
    },
    "melbands_kurtosis": {
        "mean": 126.408462524,
        "var": 710984.375
    },
    "melbands_skewness": {
        "mean": 6.09366512299,
        "var": 45.5739059448
    },
    "melbands_spread": {
        "mean": 34.8739433289,
        "var": 3726.80273438
    },
    "pitch_salience": {
        "mean": 0.396435916424,
        "var": 0.0583192780614
    },
    "silence_rate_20dB": {
        "mean": 1,
        "var": 0
    },
    "silence_rate_30dB": {
        "mean": 0.908389091492,
        "var": 0.0832181423903
    },
    "silence_rate_60dB": {
        "mean": 0.304683476686,
        "var": 0.211851939559
    },
    "spectral_centroid": {
        "mean": 1754.60131836,
        "var": 1941031.625
    },
    "spectral_complexity": {
        "mean": 11.6381883621,
        "var": 215.215499878
    },
    "spectral_decrease": {
        "mean": -9.40826083706e-009,
        "var": 1.29141276881e-016
    },
    "spectral_energy": {
        "mean": 0.0372711271048,
        "var": 0.00195970828645
    },
    "spectral_energyband_high": {
        "mean": 0.00137074070517,
        "var": 6.20041373622e-006
    },
    "spectral_energyband_low": {
        "mean": 0.0291375983506,
        "var": 0.00150801916607
    },
    "spectral_energyband_middle_high": {
        "mean": 0.00259308214299,
        "var": 2.75902257272e-005
    },
    "spectral_energyband_middle_low": {
        "mean": 0.00488400785252,
        "var": 0.000171064646565
    },
    "spectral_entropy": {
        "mean": 7.90292215347,
        "var": 0.489078879356
    },
    "spectral_flux": {
        "mean": 0.0986041724682,
        "var": 0.00864244624972
    },
    "spectral_kurtosis": {
        "mean": 4.30503416061,
        "var": 41.5345573425
    },
    "spectral_rms": {
        "mean": 0.00464889733121,
        "var": 1.47497858052e-005
    },
    "spectral_rolloff": {
        "mean": 2055.57470703,
        "var": 12908438
    },
    "spectral_skewness": {
        "mean": 1.54576575756,
        "var": 0.582613289356
    },
    "spectral_spread": {
        "mean": 6234462,
        "var": 6.6394348585e+012
    },
    "spectral_strongpeak": {
        "mean": 0.300113976002,
        "var": 0.122045189142
    },
    "zerocrossingrate": {
        "mean": 0.0748967677355,
        "var": 0.0090091265738
    },
    "barkbands": {
        "mean": [0.00119878782425, 0.0212905947119, 0.00596262235194, 0.00163693027571, 0.00177577277645, 0.000379147852072, 0.0005166924675, 0.000267422990873, 0.000259855587501, 0.000234618390095, 0.000222894304898, 0.000357772369171, 0.000306630274281, 0.000305603432935, 0.000158371971338, 0.000241111891228, 0.000306197238388, 0.000254824146396, 0.0001567525469, 0.000157000540639, 0.000194026142708, 0.000198432899197, 0.000220955247642, 0.000253665697528, 0.000219672452658, 0.000181156166946, 1.35910122481e-005],
        "var": [4.86853105031e-006, 0.00110049755313, 0.00013796632993, 3.11892690661e-005, 2.53649632214e-005, 7.73970441514e-007, 2.89502077067e-006, 5.83516737152e-007, 4.82297082272e-007, 2.86848290898e-007, 1.69691475094e-007, 6.19085369635e-007, 5.37873063422e-007, 5.90745969475e-007, 1.12263201402e-007, 3.06287745389e-007, 5.8472528508e-007, 4.69786357371e-007, 1.57823293989e-007, 1.65889090908e-007, 1.8026481996e-007, 1.44721639117e-007, 1.83204178938e-007, 2.39767473431e-007, 1.54401789132e-007, 1.73868556885e-007, 2.31768315651e-009]
    },
    "erbbands": {
        "mean": [0.772021651268, 4.14521312714, 7.52214670181, 5.60729932785, 6.18426990509, 5.90878343582, 3.38951015472, 3.53437805176, 6.29901123047, 7.63659238815, 5.75926160812, 5.76863002777, 5.97430610657, 9.11005496979, 10.3311471939, 14.2117576599, 15.8561019897, 15.7985944748, 10.4427690506, 9.68170070648, 14.7254323959, 17.2612094879, 15.4470930099, 9.8904504776, 7.20088481903, 7.59512805939, 7.68143796921, 7.69882011414, 6.69997835159, 6.83832788467, 6.367603302, 4.72416496277, 4.61901855469, 2.70886468887, 1.43883419037, 0.866269052029, 0.30929338932, 0.0559220351279, 0.00151125399861, 8.41339642648e-005],
        "var": [1.81901335716, 40.779876709, 200.090377808, 195.92880249, 404.104614258, 255.294570923, 66.1792602539, 66.0933456421, 393.010650635, 590.759155273, 264.285827637, 240.561447144, 171.14465332, 392.544219971, 347.975738525, 910.36517334, 1586.22436523, 1464.63513184, 600.773681641, 385.682128906, 1156.80761719, 1894.07653809, 1763.80517578, 676.885681152, 321.27645874, 378.252746582, 338.442230225, 249.876205444, 159.810638428, 188.11378479, 157.555389404, 83.7770233154, 85.8193511963, 25.1545372009, 6.94296884537, 3.27086687088, 0.579666554928, 0.0260111354291, 2.14196352317e-005, 1.79581149951e-008]
    },
    "gfcc": {
        "mean": [-116.988204956, 54.8600845337, -85.3581161499, 38.8849525452, -38.1556777954, 38.0782737732, -26.4226055145, 20.692527771, -17.5189208984, 9.55601596832, -12.790189743, 8.62921047211, -9.27756023407],
        "cov": [[37235.984375, 537.563476563, -231.262161255, 895.497680664, -378.77520752, -364.312286377, -988.257263184, -224.662597656, -933.42199707, -171.824539185, -854.925170898, -79.7112197876, -829.960876465], [537.563476563, 4200.98144531, -7.20948553085, -348.22845459, 733.019958496, -190.337371826, 431.933166504, -43.6263008118, 403.974517822, -287.519805908, 262.091369629, -327.687683105, 216.158081055], [-231.262161255, -7.20948553085, 1452.74121094, 522.485717773, 159.023452759, 54.6734886169, 25.0439529419, -37.6281509399, -40.9810791016, -85.6289672852, -83.6197433472, -63.6571083069, 15.0690546036], [895.497680664, -348.22845459, 522.485717773, 525.045349121, 11.0479707718, 48.774646759, -43.7837295532, -33.7883148193, -91.9682769775, -28.3804759979, -60.1431465149, -9.8827419281, -17.5891132355], [-378.77520752, 733.019958496, 159.023452759, 11.0479707718, 572.559082031, 180.650192261, 284.628814697, 29.7573165894, 138.284851074, -29.867313385, 114.789924622, -34.7706031799, 51.5955085754], [-364.312286377, -190.337371826, 54.6734886169, 48.774646759, 180.650192261, 287.344207764, 109.567680359, 58.8473815918, 24.7574234009, 54.8143692017, 38.407749176, 44.5936470032, 20.9173221588], [-988.257263184, 431.933166504, 25.0439529419, -43.7837295532, 284.628814697, 109.567680359, 278.733764648, 67.8452072144, 152.168411255, -2.48593187332, 110.084541321, -19.1166152954, 75.0815505981], [-224.662597656, -43.6263008118, -37.6281509399, -33.7883148193, 29.7573165894, 58.8473815918, 67.8452072144, 95.5623245239, 65.4608383179, 36.2364692688, 27.556520462, 18.1509094238, 26.6057987213], [-933.42199707, 403.974517822, -40.9810791016, -91.9682769775, 138.284851074, 24.7574234009, 152.168411255, 65.4608383179, 174.583145142, 4.39834165573, 103.65839386, -20.0714492798, 84.3062515259], [-171.824539185, -287.519805908, -85.6289672852, -28.3804759979, -29.867313385, 54.8143692017, -2.48593187332, 36.2364692688, 4.39834165573, 77.7268753052, 17.6185340881, 52.6079559326, 1.92884659767], [-854.925170898, 262.091369629, -83.6197433472, -60.1431465149, 114.789924622, 38.407749176, 110.084541321, 27.556520462, 103.65839386, 17.6185340881, 114.891052246, 1.96426868439, 70.8992538452], [-79.7112197876, -327.687683105, -63.6571083069, -9.8827419281, -34.7706031799, 44.5936470032, -19.1166152954, 18.1509094238, -20.0714492798, 52.6079559326, 1.96426868439, 67.6181259155, -3.20515680313], [-829.960876465, 216.158081055, 15.0690546036, -17.5891132355, 51.5955085754, 20.9173221588, 75.0815505981, 26.6057987213, 84.3062515259, 1.92884659767, 70.8992538452, -3.20515680313, 83.4625167847]],
        "icov": [[4.75814267702e-005, -8.25769966468e-005, 5.49526666873e-005, -0.000161311341799, -1.74663855432e-005, 7.70320639276e-006, 0.000114896211016, -0.000169490784174, 1.78723239515e-005, -4.65194207209e-005, 0.000170193932718, -0.000194907537661, 0.000433602515841], [-8.25769966468e-005, 0.000911681563593, -1.40307292895e-005, 0.000717415648978, -0.000924874737393, 0.000487267185235, 0.000119002186693, 0.000316196848871, -7.75133594288e-005, 0.000920932623558, -0.00053802866023, 0.00273764855228, -0.00216761277989], [5.49526666873e-005, -1.40307292895e-005, 0.00139858014882, -0.00130494241603, -0.000658193137497, 6.97790601407e-005, 0.000173128675669, 0.000210456259083, -0.000519627064932, -0.000137663068017, 0.0025190981105, 0.000545478949789, -0.00136905815452], [-0.000161311341799, 0.000717415648978, -0.00130494241603, 0.00424713362008, -0.000417099305196, -0.000246644282015, -0.00018036372785, 4.44158940809e-005, 0.00254559866153, 0.001034842222, -0.00147998915054, 0.0024101648014, -0.00310918898322], [-1.74663855432e-005, -0.000924874737393, -0.000658193137497, -0.000417099305196, 0.00656996294856, -0.00315016554669, -0.00434749014676, 0.00227933889255, -0.00183322944213, 0.00223469594494, -0.00337345944718, -0.00343557097949, 0.00669877137989], [7.70320639276e-006, 0.000487267185235, 6.97790601407e-005, -0.000246644282015, -0.00315016554669, 0.00736982142553, -0.00109289621469, -0.00306911719963, 0.00374288554303, -0.00356022035703, 0.000586462963838, 0.000138453673571, -0.00337936799042], [0.000114896211016, 0.000119002186693, 0.000173128675669, -0.00018036372785, -0.00434749014676, -0.00109289621469, 0.0132967121899, -0.00460005737841, -0.0040899948217, 0.00260338629596, -0.00295335636474, 0.0011673879344, -0.000143781740917], [-0.000169490784174, 0.000316196848871, 0.000210456259083, 4.44158940809e-005, 0.00227933889255, -0.00306911719963, -0.00460005737841, 0.0245514381677, -0.0126542430371, -0.00830552075058, 0.0092747528106, -0.00080660416279, -0.00179665023461], [1.78723239515e-005, -7.75133594288e-005, -0.000519627064932, 0.00254559866153, -0.00183322944213, 0.00374288554303, -0.0040899948217, -0.0126542430371, 0.0290081873536, -0.00227312650532, -0.0101403128356, 0.00849149096757, -0.0113917198032], [-4.65194207209e-005, 0.000920932623558, -0.000137663068017, 0.001034842222, 0.00223469594494, -0.00356022035703, 0.00260338629596, -0.00830552075058, -0.00227312650532, 0.0402338318527, -0.0125326095149, -0.0203206464648, 0.00844372436404], [0.000170193932718, -0.00053802866023, 0.0025190981105, -0.00147998915054, -0.00337345944718, 0.000586462963838, -0.00295335636474, 0.0092747528106, -0.0101403128356, -0.0125326095149, 0.038257714361, -0.000923694169614, -0.018044134602], [-0.000194907537661, 0.00273764855228, 0.000545478949789, 0.0024101648014, -0.00343557097949, 0.000138453673571, 0.0011673879344, -0.00080660416279, 0.00849149096757, -0.0203206464648, -0.000923694169614, 0.0451257191598, -0.0129129681736], [0.000433602515841, -0.00216761277989, -0.00136905815452, -0.00310918898322, 0.00669877137989, -0.00337936799042, -0.000143781740917, -0.00179665023461, -0.0113917198032, 0.00844372436404, -0.018044134602, -0.0129129681736, 0.0450508147478]]
    },
    "melbands": {
        "mean": [0.00633606873453, 0.00445917621255, 0.00104864058085, 0.000445659272373, 0.000147268889123, 7.75896114646e-005, 9.97330789687e-005, 7.7601907833e-005, 4.63321412099e-005, 3.58707220585e-005, 2.99224484479e-005, 3.68511209672e-005, 3.1181734812e-005, 3.66235835827e-005, 3.84136910725e-005, 3.19305763696e-005, 2.92447512038e-005, 1.79483213287e-005, 1.15813954835e-005, 1.43783454405e-005, 1.73105236172e-005, 1.7234518964e-005, 1.66377867572e-005, 1.20888653328e-005, 7.64775177231e-006, 5.48817160961e-006, 4.86116960019e-006, 5.08912989972e-006, 4.61357512904e-006, 4.85751661472e-006, 4.34111734648e-006, 3.69821441382e-006, 3.89570095649e-006, 3.62749619853e-006, 3.73872376258e-006, 3.32833315042e-006, 2.71146018349e-006, 3.20861886394e-006, 2.97169844998e-006, 2.13533962778e-006],
        "var": [0.000107906314952, 4.74567423225e-005, 6.97940140526e-006, 1.70032478763e-006, 1.25916301386e-007, 3.27265681221e-008, 1.0174429832e-007, 5.87069912683e-008, 1.73032717043e-008, 8.94663276796e-009, 4.22045376425e-009, 6.63136701107e-009, 3.15660719785e-009, 5.45677680819e-009, 8.9630773914e-009, 5.98924021489e-009, 5.44038813999e-009, 1.97173966043e-009, 4.81353956694e-010, 1.07914810421e-009, 1.51685752847e-009, 1.76440939637e-009, 2.03251659947e-009, 1.14330456213e-009, 4.06748107418e-010, 2.08759870501e-010, 1.52490506333e-010, 1.7529165619e-010, 1.37134359424e-010, 1.20699034101e-010, 7.53613560445e-011, 5.02892172349e-011, 6.09514799743e-011, 5.24135561342e-011, 5.60989518728e-011, 4.48116162233e-011, 2.7596381777e-011, 4.00523503252e-011, 3.79471350176e-011, 1.6264885272e-011]
    },
    "mfcc": {
        "mean": [-761.508117676, 88.3636474609, 18.7110977173, 18.4417324066, 20.2419967651, 19.787530899, 13.5609607697, 16.263874054, 10.312084198, 5.80740499496, 6.08431196213, 8.67228126526, 4.75611019135],
        "cov": [[30476.5957031, 1819.7208252, -393.270111084, 544.110595703, 40.1663818359, -121.360343933, -429.784088135, -270.609741211, -460.839355469, -582.070373535, -482.593292236, -252.52796936, -450.472930908], [1819.7208252, 3579.60717773, -287.175445557, 101.187896729, 231.317276001, 44.9985427856, 109.770523071, 182.596206665, 124.671043396, 156.359909058, 62.2938995361, 7.544713974, 27.4770317078], [-393.270111084, -287.175445557, 1090.73815918, 422.052734375, 189.75944519, 52.3640098572, 26.0371265411, -17.4627437592, 40.1736373901, -45.4600372314, -63.348739624, -82.6993789673, -56.160572052], [544.110595703, 101.187896729, 422.052734375, 419.896820068, 135.222930908, 55.1102676392, 32.1057014465, 7.35028505325, -4.88990497589, -25.0227813721, -38.725227356, -48.7691612244, -40.8570594788], [40.1663818359, 231.317276001, 189.75944519, 135.222930908, 252.346511841, 164.727005005, 126.310539246, 80.0951004028, 50.5598258972, 24.7115745544, 21.8891563416, 10.5471754074, 19.2777557373], [-121.360343933, 44.9985427856, 52.3640098572, 55.1102676392, 164.727005005, 215.804260254, 157.845504761, 86.2279052734, 48.5462265015, 25.3762683868, 32.483833313, 30.2907180786, 30.2005176544], [-429.784088135, 109.770523071, 26.0371265411, 32.1057014465, 126.310539246, 157.845504761, 171.298171997, 98.7530136108, 64.6800994873, 48.0338096619, 45.9040794373, 34.0573310852, 39.8380889893], [-270.609741211, 182.596206665, -17.4627437592, 7.35028505325, 80.0951004028, 86.2279052734, 98.7530136108, 109.759025574, 76.7852096558, 59.9373817444, 44.9709472656, 34.2596282959, 30.9291210175], [-460.839355469, 124.671043396, 40.1736373901, -4.88990497589, 50.5598258972, 48.5462265015, 64.6800994873, 76.7852096558, 93.5526046753, 61.1864128113, 42.9666175842, 29.8235454559, 31.3626270294], [-582.070373535, 156.359909058, -45.4600372314, -25.0227813721, 24.7115745544, 25.3762683868, 48.0338096619, 59.9373817444, 61.1864128113, 73.4710922241, 46.3599891663, 29.4457321167, 31.0148715973], [-482.593292236, 62.2938995361, -63.348739624, -38.725227356, 21.8891563416, 32.483833313, 45.9040794373, 44.9709472656, 42.9666175842, 46.3599891663, 56.4206008911, 36.8078231812, 33.8591194153], [-252.52796936, 7.544713974, -82.6993789673, -48.7691612244, 10.5471754074, 30.2907180786, 34.0573310852, 34.2596282959, 29.8235454559, 29.4457321167, 36.8078231812, 48.1445388794, 33.9766807556], [-450.472930908, 27.4770317078, -56.160572052, -40.8570594788, 19.2777557373, 30.2005176544, 39.8380889893, 30.9291210175, 31.3626270294, 31.0148715973, 33.8591194153, 33.9766807556, 50.9934616089]],
        "icov": [[5.10887330165e-005, -3.36935045198e-005, 7.78260728111e-005, -7.22588738427e-005, -4.7865898523e-005, -4.29216343036e-005, 0.000126056052977, -0.000128654966829, -0.000113258720376, 0.000471118662972, 0.000217535387492, -0.000232015619986, 0.000313622265821], [-3.36935045198e-005, 0.000416028924519, 0.000263364519924, -0.00014592189109, -0.000655553129036, 0.000578877457883, -0.000119898715639, -0.000201965682209, -0.000160134994076, -0.000976598472334, 0.000138417017297, 0.00075125542935, -0.000127519349917], [7.78260728111e-005, 0.000263364519924, 0.00254533323459, -0.00184378947597, -0.00172983447555, 0.000922970415559, -0.000519482942764, 0.00247902586125, -0.00505770044401, 0.00206611002795, 0.00106070574839, 0.00169565621763, 0.000901040562894], [-7.22588738427e-005, -0.00014592189109, -0.00184378947597, 0.00498267170042, -0.00110728607979, -1.82431779194e-006, -0.00030420726398, -0.00166828965303, 0.00322667276487, -0.00160802761093, 0.000419360090746, 0.00108280545101, 0.00106471031904], [-4.7865898523e-005, -0.000655553129036, -0.00172983447555, -0.00110728607979, 0.0119659863412, -0.00779090356082, 0.000990653643385, -0.00318755838089, 0.00190982082859, 0.000348074594513, -0.00196898821741, 0.00171613285784, -0.00283441785723], [-4.29216343036e-005, 0.000578877457883, 0.000922970415559, -1.82431779194e-006, -0.00779090356082, 0.0214470829815, -0.0159224253148, 0.000210760743357, -0.000700146134477, 0.00482935691252, 0.00189949164633, -0.00519154779613, 0.0025699485559], [0.000126056052977, -0.000119898715639, -0.000519482942764, -0.00030420726398, 0.000990653643385, -0.0159224253148, 0.0287147834897, -0.0128599861637, 0.00270245340653, -0.000864785630256, -0.0046486617066, 0.00534485140815, -0.00682608783245], [-0.000128654966829, -0.000201965682209, 0.00247902586125, -0.00166828965303, -0.00318755838089, 0.000210760743357, -0.0128599861637, 0.0420700758696, -0.0211704224348, -0.00851435773075, 0.00181725760922, -0.00662828516215, 0.00738476449624], [-0.000113258720376, -0.000160134994076, -0.00505770044401, 0.00322667276487, 0.00190982082859, -0.000700146134477, 0.00270245340653, -0.0211704224348, 0.043769467622, -0.0187999438494, -0.00308814574964, -0.00224456307478, -0.00541646266356], [0.000471118662972, -0.000976598472334, 0.00206611002795, -0.00160802761093, 0.000348074594513, 0.00482935691252, -0.000864785630256, -0.00851435773075, -0.0187999438494, 0.0534076690674, -0.0200693365186, 0.00334020517766, -0.00129715981893], [0.000217535387492, 0.000138417017297, 0.00106070574839, 0.000419360090746, -0.00196898821741, 0.00189949164633, -0.0046486617066, 0.00181725760922, -0.00308814574964, -0.0200693365186, 0.0600092187524, -0.0241796020418, -0.0041288160719], [-0.000232015619986, 0.00075125542935, 0.00169565621763, 0.00108280545101, 0.00171613285784, -0.00519154779613, 0.00534485140815, -0.00662828516215, -0.00224456307478, 0.00334020517766, -0.0241796020418, 0.0612213723361, -0.022836394608], [0.000313622265821, -0.000127519349917, 0.000901040562894, 0.00106471031904, -0.00283441785723, 0.0025699485559, -0.00682608783245, 0.00738476449624, -0.00541646266356, -0.00129715981893, -0.0041288160719, -0.022836394608, 0.0467757284641]]
    },
    "spectral_contrast_coeffs": {
        "mean": [-0.72716999054, -0.823308765888, -0.841794908047, -0.844374299049, -0.839797139168, -0.803074240685],
        "var": [0.0105752302334, 0.00352964550257, 0.00251459865831, 0.00220553507097, 0.00159196893219, 0.00200974475592]
    },
    "spectral_contrast_valleys": {
        "mean": [-8.13401985168, -8.26933002472, -8.39309978485, -8.66336345673, -8.63445186615, -10.6985120773],
        "var": [4.30993461609, 4.10044527054, 3.74414992332, 3.67101979256, 3.77273631096, 3.96874809265]
    }
},
"metadata": {
    "audio_properties": {
        "analysis_sample_rate": 44100,
        "bit_rate": 129320,
        "equal_loudness": 0,
        "length": 45.0873451233,
        "lossless": 0,
        "replay_gain": -12.4715080261,
        "sample_rate": 44100,
        "codec": "mp3",
        "downmix": "mix",
        "md5_encoded": "a4519d027050842b117f8146e115756f"
    },
    "tags": {
        "file_name": "404.mp3"
    },
    "version": {
        "essentia": "2.1-beta2",
        "essentia_git_sha": "v2.1_beta2",
        "extractor": "music 1.0"
    }
},
"rhythm": {
    "beats_count": 94,
    "beats_loudness": {
        "mean": 0.0974845513701,
        "var": 0.00123745983001
    },
    "bpm": 126.037780762,
    "bpm_histogram_first_peak_bpm": {
        "mean": 126,
        "var": 0
    },
    "bpm_histogram_first_peak_spread": {
        "mean": 0.325842648745,
        "var": 0
    },
    "bpm_histogram_first_peak_weight": {
        "mean": 0.645161271095,
        "var": 0
    },
    "bpm_histogram_second_peak_bpm": {
        "mean": 133,
        "var": 0
    },
    "bpm_histogram_second_peak_spread": {
        "mean": 0.5,
        "var": 0
    },
    "bpm_histogram_second_peak_weight": {
        "mean": 0.0215053763241,
        "var": 0
    },
    "danceability": 1.66750264168,
    "onset_rate": 4.52280426025,
    "beats_loudness_band_ratio": {
        "mean": [0.854521512985, 0.029887162149, 0.00506290234625, 0.0445810928941, 0.0288869924843, 0.0490165688097],
        "var": [0.0202379319817, 0.000774813932367, 5.96142090217e-005, 0.0031311949715, 0.00106706528459, 0.00313484435901]
    },
    "beats_position": [0.417959183455, 0.859138309956, 1.30031740665, 1.75310659409, 2.20589566231, 2.67029476166, 3.13469386101, 3.61070299149, 4.08671188354, 4.57433080673, 5.05034017563, 5.52634906769, 5.99074840546, 6.47836732864, 6.94276618958, 7.4303855896, 7.89478445053, 8.38240337372, 8.84680271149, 9.33442115784, 9.79882049561, 10.2864398956, 10.7624483109, 11.2384576797, 11.7144670486, 12.1904764175, 12.6664848328, 13.1424942017, 13.6185035706, 14.0945119858, 14.5705213547, 15.0465307236, 15.5225391388, 15.9985485077, 16.4745578766, 16.9505672455, 17.426574707, 17.9025840759, 18.3785934448, 18.8546028137, 19.3306121826, 19.8066215515, 20.2826309204, 20.758638382, 21.2346477509, 21.7106571198, 22.1866664886, 22.6626758575, 23.1386852264, 23.614692688, 24.0907020569, 24.5667114258, 25.0543308258, 25.5303401947, 26.0063495636, 26.4823570251, 26.958366394, 27.4343757629, 27.9103851318, 28.3863945007, 28.8624038696, 29.3384113312, 29.8144207001, 30.290430069, 30.7664394379, 31.2424488068, 31.7184581757, 32.1944656372, 32.6704750061, 33.146484375, 33.6224937439, 34.0985031128, 34.5745124817, 35.0621299744, 35.5265312195, 36.0141487122, 36.4785499573, 36.9545555115, 37.4305648804, 37.9065742493, 38.3825836182, 38.8702049255, 39.334602356, 39.8106117249, 40.2866210938, 40.7742385864, 41.2386398315, 41.7262573242, 42.1906585693, 42.678276062, 43.1426734924, 43.6302947998, 44.0946922302, 44.5823135376]
},
"tonal": {
    "chords_changes_rate": 0.0874485597014,
    "chords_number_rate": 0.00720164598897,
    "chords_strength": {
        "mean": 0.470470488071,
        "var": 0.00622353050858
    },
    "hpcp_entropy": {
        "mean": 2.82996463776,
        "var": 0.619518756866
    },
    "key_strength": 0.591151118279,
    "tuning_diatonic_strength": 0.520069777966,
    "tuning_equal_tempered_deviation": 0.261544257402,
    "tuning_frequency": 434.193115234,
    "tuning_nontempered_energy_ratio": 0.891301631927,
    "hpcp": {
        "mean": [0.21594285965, 0.176019266248, 0.137335240841, 0.151293724775, 0.190061330795, 0.157823368907, 0.109292119741, 0.110075064003, 0.1164528355, 0.107849963009, 0.0936326533556, 0.0896254256368, 0.0861872509122, 0.077505402267, 0.0798544436693, 0.0948183313012, 0.107537358999, 0.121168449521, 0.138741791248, 0.128130018711, 0.0983802601695, 0.0911179706454, 0.0925404578447, 0.204452991486, 0.332809448242, 0.234056726098, 0.0994246602058, 0.075557500124, 0.0878455266356, 0.110093541443, 0.115074537694, 0.125151485205, 0.126556530595, 0.140753269196, 0.207516714931, 0.239694058895],
        "var": [0.0951549783349, 0.0775800868869, 0.0573471821845, 0.0603483691812, 0.0947370752692, 0.0667879357934, 0.0399511642754, 0.0452032983303, 0.0498874373734, 0.0386372283101, 0.0262127649039, 0.0274844411761, 0.0296197347343, 0.0229485537857, 0.0266792569309, 0.0357078537345, 0.0434266924858, 0.0536898188293, 0.0614007562399, 0.0538615696132, 0.0391622446477, 0.0378030538559, 0.0367075614631, 0.0613274686038, 0.172424986959, 0.0838553756475, 0.035090431571, 0.0236511211842, 0.0326186455786, 0.0536804310977, 0.0518200956285, 0.0596618652344, 0.0580896772444, 0.0536289401352, 0.101244851947, 0.111488506198]
    },
    "chords_histogram": [35.0823059082, 20.9876537323, 8.95061683655, 0, 0, 0, 0.102880656719, 0, 0, 0, 0.102880656719, 0, 0, 0, 0, 0, 0, 2.36625504494, 0.102880656719, 17.1810703278, 13.6831274033, 1.44032919407, 0, 0],
    "thpcp": [1, 0.703275501728, 0.298743516207, 0.227029308677, 0.263951420784, 0.330800533295, 0.345767050982, 0.376045465469, 0.380267232656, 0.422924488783, 0.623530089855, 0.720214128494, 0.648848354816, 0.528889000416, 0.412654280663, 0.454595655203, 0.571081519127, 0.4742154181, 0.328392475843, 0.330745011568, 0.349908441305, 0.324059188366, 0.281340122223, 0.269299536943, 0.258968770504, 0.232882216573, 0.239940434694, 0.284902751446, 0.323119908571, 0.364077538252, 0.416880577803, 0.384995132685, 0.295605361462, 0.273784220219, 0.278058379889, 0.614324510098],
    "chords_key": "A#",
    "chords_scale": "major",
    "key_key": "A#",
    "key_scale": "major"
}
}