{
"lowlevel": {
    "average_loudness": 0.97596180439,
    "barkbands_crest": {
        "mean": 15.7196855545,
        "var": 14.1952171326
    },
    "barkbands_flatness_db": {
        "mean": 0.183831200004,
        "var": 0.00342528196052
    },
    "barkbands_kurtosis": {
        "mean": 22.3014984131,
        "var": 506.573455811
    },
    "barkbands_skewness": {
        "mean": 4.12923240662,
        "var": 2.57371783257
    },
    "barkbands_spread": {
        "mean": 14.0209817886,
        "var": 131.717575073
    },
    "dissonance": {
        "mean": 0.477821171284,
        "var": 0.000261747249169
    },
    "dynamic_complexity": 1.31261515617,
    "erbbands_crest": {
        "mean": 6.83850955963,
        "var": 8.2373342514
    },
    "erbbands_flatness_db": {
        "mean": 0.103412494063,
        "var": 0.00146079924889
    },
    "erbbands_kurtosis": {
        "mean": -0.502891600132,
        "var": 0.642092049122
    },
    "erbbands_skewness": {
        "mean": 0.0544185675681,
        "var": 0.200583651662
    },
    "erbbands_spread": {
        "mean": 64.6884155273,
        "var": 309.836456299
    },
    "hfc": {
        "mean": 30.8346328735,
        "var": 513.500488281
    },
    "melbands_crest": {
        "mean": 23.0291824341,
        "var": 29.0619945526
    },
    "melbands_flatness_db": {
        "mean": 0.286516606808,
        "var": 0.00451901461929
    },
    "melbands_kurtosis": {
        "mean": 69.2854537964,
        "var": 2678.44873047
    },
    "melbands_skewness": {
        "mean": 6.85358858109,
        "var": 4.74964237213
    },
    "melbands_spread": {
        "mean": 7.61491060257,
        "var": 81.1963806152
    },
    "pitch_salience": {
        "mean": 0.364619851112,
        "var": 0.0194279458374
    },
    "silence_rate_20dB": {
        "mean": 0.997426688671,
        "var": 0.00256675225683
    },
    "silence_rate_30dB": {
        "mean": 0.569222867489,
        "var": 0.245209544897
    },
    "silence_rate_60dB": {
        "mean": 0.00308800814673,
        "var": 0.00307847349904
    },
    "spectral_centroid": {
        "mean": 1090.71105957,
        "var": 478123.6875
    },
    "spectral_complexity": {
        "mean": 21.4071025848,
        "var": 74.5037765503
    },
    "spectral_decrease": {
        "mean": -2.80949095099e-008,
        "var": 2.80034439258e-016
    },
    "spectral_energy": {
        "mean": 0.108833365142,
        "var": 0.00407746667042
    },
    "spectral_energyband_high": {
        "mean": 0.00166747136973,
        "var": 3.94322796637e-006
    },
    "spectral_energyband_low": {
        "mean": 0.0919073671103,
        "var": 0.00378311541863
    },
    "spectral_energyband_middle_high": {
        "mean": 0.00393150094897,
        "var": 4.55789404441e-006
    },
    "spectral_energyband_middle_low": {
        "mean": 0.0148301860318,
        "var": 0.00035051733721
    },
    "spectral_entropy": {
        "mean": 7.71326541901,
        "var": 0.188798084855
    },
    "spectral_flux": {
        "mean": 0.137788489461,
        "var": 0.00991229061037
    },
    "spectral_kurtosis": {
        "mean": 3.0431842804,
        "var": 3.82006764412
    },
    "spectral_rms": {
        "mean": 0.00989737547934,
        "var": 8.22105630505e-006
    },
    "spectral_rolloff": {
        "mean": 321.31048584,
        "var": 1017246
    },
    "spectral_skewness": {
        "mean": 1.45041334629,
        "var": 0.11736754328
    },
    "spectral_spread": {
        "mean": 6138488,
        "var": 4.18255837594e+012
    },
    "spectral_strongpeak": {
        "mean": 0.762052714825,
        "var": 0.201078101993
    },
    "zerocrossingrate": {
        "mean": 0.0350512042642,
        "var": 0.00101595220622
    },
    "barkbands": {
        "mean": [0.0103195738047, 0.060480594635, 0.0177076552063, 0.00781429931521, 0.00401877611876, 0.000861799286213, 0.000974024063908, 0.000388221174944, 0.000541867455468, 0.000571232754737, 0.000549875840079, 0.000474641681649, 0.000482736126287, 0.000300223560771, 0.000418526295107, 0.000320211518556, 0.000299519044347, 0.000263938127318, 0.000263543741312, 0.000244110589847, 0.000242770969635, 0.000235161292949, 0.000231005644309, 0.000275796890492, 0.000234372244449, 0.000286028021947, 3.29935282934e-005],
        "var": [0.000339415215421, 0.00264000287279, 0.000281380809611, 0.000142637145473, 9.33138289838e-005, 2.56722250924e-006, 4.18387571699e-006, 4.23546850925e-007, 7.29193288862e-007, 9.14660006401e-007, 3.78997413009e-007, 2.79115312196e-007, 3.12104788236e-007, 9.5123212418e-008, 2.00013232643e-007, 1.18523750814e-007, 9.4565280051e-008, 7.50910658098e-008, 8.86800108901e-008, 7.3289363911e-008, 7.08419491957e-008, 8.68858336389e-008, 8.79609629578e-008, 1.4136033144e-007, 1.32286146481e-007, 2.68491334054e-007, 5.02291941373e-009]
    },
    "erbbands": {
        "mean": [1.85705268383, 12.4184942245, 24.4110717773, 25.9282016754, 16.6525821686, 12.4372711182, 9.05406093597, 7.47884082794, 15.9900789261, 8.90425491333, 8.92087841034, 12.6177406311, 16.3168392181, 19.1831512451, 23.3575725555, 20.4309616089, 22.9628925323, 18.0497989655, 21.9347400665, 17.9392852783, 16.6993770599, 16.4024963379, 14.4215459824, 13.6771278381, 14.1482906342, 11.3698034286, 9.78568077087, 9.28528308868, 8.04849624634, 8.46358394623, 6.58656358719, 5.57722377777, 4.58936309814, 2.98887848854, 1.40098154545, 0.833095252514, 0.630451858044, 0.141376599669, 0.00379108847119, 0.000209239937249],
        "var": [5.25463581085, 145.357559204, 494.548370361, 1033.69116211, 1497.14538574, 644.053649902, 255.177734375, 184.119949341, 1218.68286133, 218.723831177, 259.456085205, 277.558013916, 1036.11218262, 640.998352051, 643.948608398, 448.12298584, 661.688171387, 276.600463867, 570.421325684, 312.322387695, 296.943725586, 282.753356934, 242.225860596, 195.404541016, 282.186096191, 157.144119263, 112.197555542, 113.748184204, 104.680702209, 114.272232056, 72.8885574341, 59.7767028809, 41.0723114014, 20.5876636505, 4.96954584122, 1.92690253258, 1.3937381506, 0.0812848731875, 6.1244245444e-005, 3.97242096994e-008]
    },
    "gfcc": {
        "mean": [44.6686897278, 75.4732131958, -75.7266540527, 45.5102844238, -32.8226585388, 35.9437599182, -23.482591629, 14.607966423, -21.9035758972, 7.49679422379, -16.3564491272, 4.90853595734, -14.3240785599],
        "cov": [[5453.06787109, -944.595397949, -22.5368366241, 122.641159058, -106.454208374, -58.1038398743, -302.376922607, 209.312911987, -274.052734375, 213.870483398, -144.575195313, 177.125106812, -137.021286011], [-944.595397949, 1023.16424561, -224.842254639, 11.6949129105, -25.794675827, -8.14911365509, 133.731811523, -168.401779175, 161.191986084, -143.32951355, 62.7199325562, -132.418548584, 72.2527008057], [-22.5368366241, -224.842254639, 338.302032471, -60.0540122986, 12.8710727692, -37.6029930115, 9.76198768616, 48.5108032227, -20.816783905, 42.9865226746, -19.7347888947, 55.1284866333, -2.78423023224], [122.641159058, 11.6949129105, -60.0540122986, 158.890731812, -25.4042625427, -60.3288764954, -98.9502639771, -8.13955593109, -0.319785416126, -17.0322341919, 15.4128265381, -22.846944809, 9.93944644928], [-106.454208374, -25.794675827, 12.8710727692, -25.4042625427, 287.899017334, 58.1569862366, -54.3451957703, 15.1052618027, 0.446149080992, 23.0896568298, 14.6325712204, 14.8390455246, 6.64989328384], [-58.1038398743, -8.14911365509, -37.6029930115, -60.3288764954, 58.1569862366, 339.061828613, 51.3010597229, -115.456954956, 31.7195892334, -65.6245880127, 12.4226493835, -15.4715003967, -17.0702342987], [-302.376922607, 133.731811523, 9.76198768616, -98.9502639771, -54.3451957703, 51.3010597229, 336.613525391, 33.2294692993, 1.5238096714, 35.3249702454, -14.5283384323, 7.16914176941, 5.64098787308], [209.312911987, -168.401779175, 48.5108032227, -8.13955593109, 15.1052618027, -115.456954956, 33.2294692993, 212.316726685, -37.3058204651, 68.0639648438, -16.1684875488, 31.1723537445, 16.2683429718], [-274.052734375, 161.191986084, -20.816783905, -0.319785416126, 0.446149080992, 31.7195892334, 1.5238096714, -37.3058204651, 99.8053283691, -29.7946147919, 21.0069923401, -37.4183235168, 19.4598484039], [213.870483398, -143.32951355, 42.9865226746, -17.0322341919, 23.0896568298, -65.6245880127, 35.3249702454, 68.0639648438, -29.7946147919, 129.137710571, 2.03753089905, 31.8519172668, -10.8352842331], [-144.575195313, 62.7199325562, -19.7347888947, 15.4128265381, 14.6325712204, 12.4226493835, -14.5283384323, -16.1684875488, 21.0069923401, 2.03753089905, 90.133026123, 11.3965587616, 3.79488587379], [177.125106812, -132.418548584, 55.1284866333, -22.846944809, 14.8390455246, -15.4715003967, 7.16914176941, 31.1723537445, -37.4183235168, 31.8519172668, 11.3965587616, 101.296081543, 12.5580024719], [-137.021286011, 72.2527008057, -2.78423023224, 9.93944644928, 6.64989328384, -17.0702342987, 5.64098787308, 16.2683429718, 19.4598484039, -10.8352842331, 3.79488587379, 12.5580024719, 76.3998947144]],
        "icov": [[0.000309779687086, -0.000121424876852, 0.000130287662614, -0.000262513844064, 0.000319195271004, -0.000438598508481, 0.000503963441588, -0.000400348042604, 0.000374416791601, -0.000652401708066, 0.000660949270241, -0.000651868118439, 0.000517999636941], [-0.000121424876852, 0.00342747243121, 0.0012997695012, 0.000864748319145, -0.0011335023446, 0.00280595966615, -0.0025726724416, 0.00274548493326, -0.00247058528475, 0.00314763141796, -0.00231065391563, 0.00277478224598, -0.0024590161629], [0.000130287662614, 0.0012997695012, 0.00422039907426, 0.00151552981697, -0.000209871883271, 0.00119047309272, -0.000340569909895, 0.000559357577004, -0.00129053194541, 0.000383444217732, 0.000318359961966, -0.00101329723839, -0.000314776494633], [-0.000262513844064, 0.000864748319145, 0.00151552981697, 0.0101700201631, 0.000528629170731, 0.00230764015578, 0.00169101112988, 0.00112692499533, 0.00073285488179, 0.00139549933374, -0.00286823976785, 0.00337529578246, -0.00285280053504], [0.000319195271004, -0.0011335023446, -0.000209871883271, 0.000528629170731, 0.00491276150569, -0.00254411576316, 0.00262796320021, -0.0019246567972, 0.00112452905159, -0.00293619208969, 0.000751874933485, -0.00128645834047, 0.000259027059656], [-0.000438598508481, 0.00280595966615, 0.00119047309272, 0.00230764015578, -0.00254411576316, 0.00744816614315, -0.00355901895091, 0.00463982438669, -0.00266755162738, 0.00520979659632, -0.00290075270459, 0.00251678447239, -0.00138797867112], [0.000503963441588, -0.0025726724416, -0.000340569909895, 0.00169101112988, 0.00262796320021, -0.00355901895091, 0.00686032744125, -0.00327743659727, 0.00222483999096, -0.00464504538104, 0.0026342428755, -0.00225650426, 0.0012864661403], [-0.000400348042604, 0.00274548493326, 0.000559357577004, 0.00112692499533, -0.0019246567972, 0.00463982438669, -0.00327743659727, 0.00970560312271, -0.000779324036557, 0.00103206525091, -0.00173188536428, 0.00255928141996, -0.00405094632879], [0.000374416791601, -0.00247058528475, -0.00129053194541, 0.00073285488179, 0.00112452905159, -0.00266755162738, 0.00222483999096, -0.000779324036557, 0.0172984506935, -0.00182703137398, -0.00206031859852, 0.00406890362501, -0.00305829918943], [-0.000652401708066, 0.00314763141796, 0.000383444217732, 0.00139549933374, -0.00293619208969, 0.00520979659632, -0.00464504538104, 0.00103206525091, -0.00182703137398, 0.0155267780647, -0.00431077741086, 0.00154419871978, -0.000143881974509], [0.000660949270241, -0.00231065391563, 0.000318359961966, -0.00286823976785, 0.000751874933485, -0.00290075270459, 0.0026342428755, -0.00173188536428, -0.00206031859852, -0.00431077741086, 0.0160113777965, -0.00683887396008, 0.00345831899904], [-0.000651868118439, 0.00277478224598, -0.00101329723839, 0.00337529578246, -0.00128645834047, 0.00251678447239, -0.00225650426, 0.00255928141996, 0.00406890362501, 0.00154419871978, -0.00683887396008, 0.0186149831861, -0.00751083809882], [0.000517999636941, -0.0024590161629, -0.000314776494633, -0.00285280053504, 0.000259027059656, -0.00138797867112, 0.0012864661403, -0.00405094632879, -0.00305829918943, -0.000143881974509, 0.00345831899904, -0.00751083809882, 0.0189595576376]]
    },
    "melbands": {
        "mean": [0.0167353637516, 0.0150147732347, 0.00420882832259, 0.000995500478894, 0.000380371435313, 0.00017090869369, 0.000234682986047, 8.77729980857e-005, 7.44538847357e-005, 8.28152915346e-005, 8.01702044555e-005, 7.4793548265e-005, 7.25475329091e-005, 5.84065928706e-005, 5.11012221978e-005, 4.85497184854e-005, 3.10003888444e-005, 3.34014184773e-005, 2.80791791738e-005, 2.44884322456e-005, 1.77236634045e-005, 1.77769234142e-005, 1.43494653457e-005, 1.16516457638e-005, 1.07624273369e-005, 1.04871651274e-005, 8.83545635588e-006, 7.34703007765e-006, 6.31093234915e-006, 5.59030240765e-006, 5.24996357854e-006, 4.34039247921e-006, 4.88568275614e-006, 4.52009044238e-006, 3.97308849642e-006, 3.13975829158e-006, 3.57785279448e-006, 3.2122036373e-006, 3.09563915835e-006, 2.27046712098e-006],
        "var": [0.000252696918324, 0.000186233330169, 2.48821634159e-005, 5.8575096773e-006, 5.74795365083e-007, 1.15075415863e-007, 2.47768127792e-007, 1.99935819012e-008, 1.98812912799e-008, 1.46302694404e-008, 2.55697116813e-008, 1.1722590898e-008, 6.73489797265e-009, 3.40844086288e-009, 3.05549741064e-009, 3.97378663308e-009, 9.5897734198e-010, 1.3991238168e-009, 9.27610988022e-010, 6.92558843607e-010, 3.9182154743e-010, 3.67616076469e-010, 2.42274089679e-010, 1.5163327538e-010, 1.36248734517e-010, 1.84753323751e-010, 1.10350943661e-010, 7.27995372318e-011, 5.23272120079e-011, 3.85610259002e-011, 4.05350891741e-011, 3.33425023702e-011, 4.10397479889e-011, 3.50081109934e-011, 2.86679222028e-011, 1.74931458208e-011, 2.7129590241e-011, 2.10313919058e-011, 2.13769245361e-011, 1.23640212651e-011]
    },
    "mfcc": {
        "mean": [-611.281677246, 110.926200867, 24.2900924683, 28.7587127686, 21.6988334656, 25.7710819244, 17.2401485443, 14.8606843948, 8.11443996429, 6.71127939224, 3.69008016586, 3.82123637199, 2.77272462845],
        "cov": [[3020.54858398, -772.636657715, 1.02791726589, 93.181350708, 106.632896423, -182.083267212, -24.3342895508, -120.912635803, -64.8162536621, -64.9037094116, -13.5506439209, -4.73039293289, 5.96763706207], [-772.636657715, 769.397583008, -87.9271240234, 16.0126419067, -89.157623291, 106.837028503, -7.04218769073, 50.8435058594, 40.7055549622, 39.1786231995, 4.49458169937, -5.57354688644, 2.89201211929], [1.02791726589, -87.9271240234, 281.119049072, -38.509929657, -67.6639175415, -9.17491531372, -26.6727085114, 11.4947738647, -6.92529296875, -8.14392185211, -4.46419143677, -16.3349399567, -17.119966507], [93.181350708, 16.0126419067, -38.509929657, 289.61239624, -31.2536563873, -198.024841309, -23.6106796265, -76.2079086304, 21.3225212097, -15.9612550735, 26.4003582001, 1.74181628227, 10.034324646], [106.632896423, -89.157623291, -67.6639175415, -31.2536563873, 416.559204102, 6.83453083038, -68.0168991089, -41.1877555847, -51.3914108276, -21.8496303558, -57.4552078247, 30.7627239227, -0.215560361743], [-182.083267212, 106.837028503, -9.17491531372, -198.024841309, 6.83453083038, 346.129852295, 27.2790775299, 57.0566940308, -48.594543457, 30.5606498718, -16.9885482788, -18.2037124634, -11.9521560669], [-24.3342895508, -7.04218769073, -26.6727085114, -23.6106796265, -68.0168991089, 27.2790775299, 166.166595459, 47.1158409119, 49.496509552, 7.90784597397, 41.0962409973, 10.9031686783, 25.1364440918], [-120.912635803, 50.8435058594, 11.4947738647, -76.2079086304, -41.1877555847, 57.0566940308, 47.1158409119, 111.68711853, 27.0638847351, -13.0297527313, -0.656406462193, 2.83175945282, 8.04327201843], [-64.8162536621, 40.7055549622, -6.92529296875, 21.3225212097, -51.3914108276, -48.594543457, 49.496509552, 27.0638847351, 145.879470825, 13.029917717, 1.03575086594, 1.57312965393, 0.398474603891], [-64.9037094116, 39.1786231995, -8.14392185211, -15.9612550735, -21.8496303558, 30.5606498718, 7.90784597397, -13.0297527313, 13.029917717, 111.294898987, 10.1367797852, 1.23801016808, -11.5195064545], [-13.5506439209, 4.49458169937, -4.46419143677, 26.4003582001, -57.4552078247, -16.9885482788, 41.0962409973, -0.656406462193, 1.03575086594, 10.1367797852, 78.9447631836, 10.7463817596, 8.55089950562], [-4.73039293289, -5.57354688644, -16.3349399567, 1.74181628227, 30.7627239227, -18.2037124634, 10.9031686783, 2.83175945282, 1.57312965393, 1.23801016808, 10.7463817596, 58.1083030701, 16.8490257263], [5.96763706207, 2.89201211929, -17.119966507, 10.034324646, -0.215560361743, -11.9521560669, 25.1364440918, 8.04327201843, 0.398474603891, -11.5195064545, 8.55089950562, 16.8490257263, 57.7982444763]],
        "icov": [[0.000465603516204, 0.000462050258648, 0.000141569325933, -7.93563376646e-005, 3.93883856304e-005, 3.1518007745e-005, -1.49529932969e-006, 0.000222661619773, 6.8566238042e-005, 0.000108021180495, 0.00010493992886, 9.72526759142e-005, -6.19727507001e-005], [0.000462050258648, 0.00213507167064, 0.00068911415292, -0.000840398715809, 0.000388427171856, -0.000879819970578, 0.000904826971237, -0.000798287510406, -0.000516239611898, -0.000363754545106, -1.34544188768e-005, -3.23889653373e-005, -0.000324934720993], [0.000141569325933, 0.00068911415292, 0.00436555268243, 0.000915756798349, 0.00102153478656, 0.000499761081301, 0.00115070783067, -0.000407066341722, 0.000123933597934, 0.000272723234957, -1.25755559566e-006, 0.000497630448081, 0.000656986027025], [-7.93563376646e-005, -0.000840398715809, 0.000915756798349, 0.0074733523652, 0.000646947941277, 0.00371514796279, 0.000143575220136, 0.0037668151781, -0.000219716283027, 0.000995543668978, -0.00137288286351, 0.000992479734123, -0.000678195676301], [3.93883856304e-005, 0.000388427171856, 0.00102153478656, 0.000646947941277, 0.00349391554482, 1.76382366135e-006, 0.000767735764384, 0.00115563196596, 0.000574825098738, 0.000590761308558, 0.00218340847641, -0.00220796908252, 0.00011986233585], [3.1518007745e-005, -0.000879819970578, 0.000499761081301, 0.00371514796279, 1.76382366135e-006, 0.00604230631143, -0.00131436809897, -0.000379949167836, 0.00233423663303, -0.00100013951305, 0.000615663244389, 0.00177658780012, 0.000593397009652], [-1.49529932969e-006, 0.000904826971237, 0.00115070783067, 0.000143575220136, 0.000767735764384, -0.00131436809897, 0.010250037536, -0.002826488344, -0.00326857273467, -0.000298841798212, -0.00463800691068, -0.000279136904282, -0.00333203049377], [0.000222661619773, -0.000798287510406, -0.000407066341722, 0.0037668151781, 0.00115563196596, -0.000379949167836, -0.002826488344, 0.0149624804035, -0.00207001948729, 0.00328329904005, 0.00101103645284, -0.00117785739712, -0.000822356087156], [6.8566238042e-005, -0.000516239611898, 0.000123933597934, -0.000219716283027, 0.000574825098738, 0.00233423663303, -0.00326857273467, -0.00207001948729, 0.00965649075806, -0.00155119819101, 0.00263636442833, -2.04496900551e-005, 0.0015282073291], [0.000108021180495, -0.000363754545106, 0.000272723234957, 0.000995543668978, 0.000590761308558, -0.00100013951305, -0.000298841798212, 0.00328329904005, -0.00155119819101, 0.0106624886394, -0.00128287414555, -0.00125916860998, 0.0020760812331], [0.00010493992886, -1.34544188768e-005, -1.25755559566e-006, -0.00137288286351, 0.00218340847641, 0.000615663244389, -0.00463800691068, 0.00101103645284, 0.00263636442833, -0.00128287414555, 0.0178633611649, -0.00354498415254, 0.000356417935109], [9.72526759142e-005, -3.23889653373e-005, 0.000497630448081, 0.000992479734123, -0.00220796908252, 0.00177658780012, -0.000279136904282, -0.00117785739712, -2.04496900551e-005, -0.00125916860998, -0.00354498415254, 0.0213942620903, -0.0053519657813], [-6.19727507001e-005, -0.000324934720993, 0.000656986027025, -0.000678195676301, 0.00011986233585, 0.000593397009652, -0.00333203049377, -0.000822356087156, 0.0015282073291, 0.0020760812331, 0.000356417935109, -0.0053519657813, 0.0212339423597]]
    },
    "spectral_contrast_coeffs": {
        "mean": [-0.631088793278, -0.758107841015, -0.777989387512, -0.779738724232, -0.790685653687, -0.752133727074],
        "var": [0.00955948140472, 0.00382849643938, 0.00374509370886, 0.00253526540473, 0.0018206363311, 0.00185067439452]
    },
    "spectral_contrast_valleys": {
        "mean": [-6.34141588211, -6.92963027954, -7.18467473984, -7.49316740036, -7.45559644699, -9.67913246155],
        "var": [1.07884299755, 1.05119121075, 1.00153779984, 1.028460145, 1.17610442638, 1.26844882965]
    }
},
"metadata": {
    "audio_properties": {
        "analysis_sample_rate": 44100,
        "bit_rate": 111531,
        "equal_loudness": 0,
        "length": 45.0873451233,
        "lossless": 0,
        "replay_gain": -7.41502761841,
        "sample_rate": 44100,
        "codec": "mp3",
        "downmix": "mix",
        "md5_encoded": "cfc99accf43637ef823764c53c41c1e5"
    },
    "tags": {
        "file_name": "405.mp3"
    },
    "version": {
        "essentia": "2.1-beta2",
        "essentia_git_sha": "v2.1_beta2",
        "extractor": "music 1.0"
    }
},
"rhythm": {
    "beats_count": 97,
    "beats_loudness": {
        "mean": 0.142396137118,
        "var": 0.00591348391026
    },
    "bpm": 129.856170654,
    "bpm_histogram_first_peak_bpm": {
        "mean": 129,
        "var": 0
    },
    "bpm_histogram_first_peak_spread": {
        "mean": 0.219780251384,
        "var": 0
    },
    "bpm_histogram_first_peak_weight": {
        "mean": 0.739583313465,
        "var": 0
    },
    "bpm_histogram_second_peak_bpm": {
        "mean": 136,
        "var": 0
    },
    "bpm_histogram_second_peak_spread": {
        "mean": 0,
        "var": 0
    },
    "bpm_histogram_second_peak_weight": {
        "mean": 0.03125,
        "var": 0
    },
    "danceability": 1.61091554165,
    "onset_rate": 4.32326841354,
    "beats_loudness_band_ratio": {
        "mean": [0.855583012104, 0.0494345575571, 0.0174741651863, 0.0179922282696, 0.0177414827049, 0.0545857176185],
        "var": [0.0122588956729, 0.00249436753802, 0.000235926709138, 0.000204476338695, 0.000216549131437, 0.00263681914657]
    },
    "beats_position": [0.383129239082, 0.789478421211, 1.20743763447, 1.64861679077, 2.11301589012, 2.56580495834, 3.01859402657, 3.48299312592, 3.94739222527, 4.41179132462, 4.87619018555, 5.34058952332, 5.80498838425, 6.26938772202, 6.71056699753, 7.17496585846, 7.63936471939, 8.10376358032, 8.56816291809, 9.03256225586, 9.49696159363, 9.96135997772, 10.4141492844, 10.866938591, 11.3313379288, 11.7957363129, 12.2717456818, 12.7245349884, 13.1889343262, 13.6533327103, 14.117732048, 14.5821313858, 15.0465307236, 15.5109291077, 15.9753284454, 16.4281177521, 16.8809070587, 17.3453063965, 17.7980957031, 18.2508831024, 18.7152824402, 19.179681778, 19.6440811157, 20.1084804535, 20.5728797913, 21.037279129, 21.5016784668, 21.9660758972, 22.430475235, 22.8948745728, 23.3592739105, 23.8120632172, 24.2648525238, 24.7292518616, 25.1936511993, 25.6580486298, 26.1224479675, 26.5868473053, 27.0512466431, 27.4924259186, 27.9568252563, 28.4212245941, 28.8856239319, 29.3500213623, 29.8144207001, 30.2788200378, 30.7432193756, 31.1960086823, 31.6487979889, 32.1131973267, 32.5775947571, 33.0303840637, 33.4947853088, 33.9475746155, 34.4119720459, 34.8763694763, 35.3407707214, 35.8051681519, 36.2579574585, 36.7223587036, 37.186756134, 37.6395454407, 38.1039466858, 38.5683441162, 39.0327415466, 39.4855308533, 39.9383201599, 40.402721405, 40.8671188354, 41.3315200806, 41.795917511, 42.2603149414, 42.7247161865, 43.1891136169, 43.6535148621, 44.1179122925, 44.5823135376]
},
"tonal": {
    "chords_changes_rate": 0.0411522649229,
    "chords_number_rate": 0.00411522621289,
    "chords_strength": {
        "mean": 0.48450550437,
        "var": 0.00655423011631
    },
    "hpcp_entropy": {
        "mean": 2.23620080948,
        "var": 0.507266461849
    },
    "key_strength": 0.590449750423,
    "tuning_diatonic_strength": 0.568187355995,
    "tuning_equal_tempered_deviation": 0.157707124949,
    "tuning_frequency": 434.193115234,
    "tuning_nontempered_energy_ratio": 0.836269676685,
    "hpcp": {
        "mean": [0.0512880682945, 0.0464994236827, 0.0256166104227, 0.0178429856896, 0.0174992308021, 0.017665559426, 0.0156911928207, 0.0156094171107, 0.045440889895, 0.142116233706, 0.137579664588, 0.0424639694393, 0.0190853383392, 0.0185656938702, 0.0230300221592, 0.0623190551996, 0.0870040804148, 0.0646963492036, 0.0880689695477, 0.097373560071, 0.063041433692, 0.0448469929397, 0.0304135940969, 0.264263451099, 0.646388411522, 0.454908430576, 0.0753648653626, 0.0276305284351, 0.0225881189108, 0.0248440448195, 0.0329073518515, 0.0296564046293, 0.0240976270288, 0.0267742592841, 0.0262394659221, 0.0332681797445],
        "var": [0.0206186696887, 0.0213356558233, 0.0123610561714, 0.00539159402251, 0.00533458823338, 0.00790272280574, 0.00743809621781, 0.00680973380804, 0.0108822444454, 0.0728423222899, 0.0692820996046, 0.0100904479623, 0.00826017837971, 0.00750062707812, 0.00870303437114, 0.0336417928338, 0.0663830265403, 0.0246847905219, 0.0582179911435, 0.0706207305193, 0.0373863615096, 0.0289066918194, 0.0123630100861, 0.0488803759217, 0.20162050426, 0.125634938478, 0.0189002268016, 0.0117171574384, 0.00765487924218, 0.010676946491, 0.0123566240072, 0.00950129982084, 0.0111370570958, 0.013953063637, 0.0146942213178, 0.0110625727102]
    },
    "chords_histogram": [0.102880656719, 0, 0.514403283596, 0, 10.3909463882, 0.514403283596, 0, 18.7242794037, 6.37860059738, 63.3744850159, 0, 0, 0, 0, 0, 0, 0, 0, 0, 0, 0, 0, 0, 0],
    "thpcp": [1, 0.703769445419, 0.116593778133, 0.0427460148931, 0.0349451191723, 0.038435164839, 0.050909563899, 0.0458801612258, 0.0372804142535, 0.0414213165641, 0.0405939593911, 0.0514677837491, 0.0793455839157, 0.0719372779131, 0.0396303683519, 0.0276041235775, 0.0270723160356, 0.0273296348751, 0.0242751762271, 0.0241486653686, 0.0702996701002, 0.219861969352, 0.212843641639, 0.0656941980124, 0.0295261144638, 0.0287221949548, 0.0356287658215, 0.0964111611247, 0.134600311518, 0.100088968873, 0.136247754097, 0.150642484426, 0.0975287184119, 0.0693808719516, 0.0470515787601, 0.408830732107],
    "chords_key": "F",
    "chords_scale": "major",
    "key_key": "A#",
    "key_scale": "minor"
}
}