{
"lowlevel": {
    "average_loudness": 0.978192806244,
    "barkbands_crest": {
        "mean": 16.6528339386,
        "var": 43.9840202332
    },
    "barkbands_flatness_db": {
        "mean": 0.218046307564,
        "var": 0.00976572092623
    },
    "barkbands_kurtosis": {
        "mean": 41.1714172363,
        "var": 6315.79931641
    },
    "barkbands_skewness": {
        "mean": 4.32582378387,
        "var": 19.3414955139
    },
    "barkbands_spread": {
        "mean": 23.9917049408,
        "var": 421.915710449
    },
    "dissonance": {
        "mean": 0.490169048309,
        "var": 5.8144574723e-005
    },
    "dynamic_complexity": 2.26995015144,
    "erbbands_crest": {
        "mean": 8.46636104584,
        "var": 12.7712059021
    },
    "erbbands_flatness_db": {
        "mean": 0.161456570029,
        "var": 0.00105007074308
    },
    "erbbands_kurtosis": {
        "mean": 1.09354293346,
        "var": 10.9334373474
    },
    "erbbands_skewness": {
        "mean": -0.772259831429,
        "var": 0.932123363018
    },
    "erbbands_spread": {
        "mean": 62.9994544983,
        "var": 1300.86730957
    },
    "hfc": {
        "mean": 24.09283638,
        "var": 301.499603271
    },
    "melbands_crest": {
        "mean": 21.3282108307,
        "var": 31.7908058167
    },
    "melbands_flatness_db": {
        "mean": 0.289127379656,
        "var": 0.0143992565572
    },
    "melbands_kurtosis": {
        "mean": 129.592544556,
        "var": 32226.359375
    },
    "melbands_skewness": {
        "mean": 7.7714600563,
        "var": 30.4027271271
    },
    "melbands_spread": {
        "mean": 22.9469165802,
        "var": 1025.7989502
    },
    "pitch_salience": {
        "mean": 0.357047617435,
        "var": 0.0322054065764
    },
    "silence_rate_20dB": {
        "mean": 1,
        "var": 0
    },
    "silence_rate_30dB": {
        "mean": 0.691199183464,
        "var": 0.213443249464
    },
    "silence_rate_60dB": {
        "mean": 0.0303654149175,
        "var": 0.029444295913
    },
    "spectral_centroid": {
        "mean": 2021.11425781,
        "var": 974724.375
    },
    "spectral_complexity": {
        "mean": 18.9248580933,
        "var": 158.388687134
    },
    "spectral_decrease": {
        "mean": -1.95618756749e-008,
        "var": 2.30331392946e-016
    },
    "spectral_energy": {
        "mean": 0.0760163590312,
        "var": 0.00331048900262
    },
    "spectral_energyband_high": {
        "mean": 0.00140482524876,
        "var": 2.3643062832e-006
    },
    "spectral_energyband_low": {
        "mean": 0.0666328072548,
        "var": 0.00330506474711
    },
    "spectral_energyband_middle_high": {
        "mean": 0.00478946138173,
        "var": 3.99472010031e-005
    },
    "spectral_energyband_middle_low": {
        "mean": 0.00446080369875,
        "var": 2.92052172881e-005
    },
    "spectral_entropy": {
        "mean": 7.67791414261,
        "var": 0.0970358923078
    },
    "spectral_flux": {
        "mean": 0.161403506994,
        "var": 0.00684335688129
    },
    "spectral_kurtosis": {
        "mean": 2.01180934906,
        "var": 2.40703964233
    },
    "spectral_rms": {
        "mean": 0.00788003671914,
        "var": 1.20672084449e-005
    },
    "spectral_rolloff": {
        "mean": 1247.30029297,
        "var": 3440855.25
    },
    "spectral_skewness": {
        "mean": 0.700125813484,
        "var": 0.107746481895
    },
    "spectral_spread": {
        "mean": 4070745,
        "var": 2.84566172467e+012
    },
    "spectral_strongpeak": {
        "mean": 0.642283082008,
        "var": 0.498425632715
    },
    "zerocrossingrate": {
        "mean": 0.0535071305931,
        "var": 0.00196551531553
    },
    "barkbands": {
        "mean": [0.00126011937391, 0.0530386902392, 0.0110907666385, 0.00196568621323, 0.00126835599076, 0.000625376822427, 0.000130913875182, 0.000118306445074, 0.000310831732349, 0.000119266856927, 0.000457806891063, 0.000360557896784, 0.000589014205616, 0.000322256644722, 0.000386977306334, 0.00038566623698, 0.000735936337151, 0.000710702326614, 0.000534065242391, 0.000352218456101, 0.000620025908574, 0.000315159035381, 0.000222673043027, 7.31873806217e-005, 1.26275699586e-005, 9.08454603632e-006, 7.27797981881e-008],
        "var": [1.73760702182e-006, 0.00283358013257, 0.000298690574709, 1.13071973828e-005, 4.69882297693e-006, 1.31903357214e-006, 8.96254448435e-008, 1.10058081759e-007, 8.13704161828e-007, 7.699695459e-008, 2.93767016046e-006, 2.05478113458e-006, 2.52661152444e-006, 4.43121024318e-007, 8.09638720511e-007, 6.48924185498e-007, 1.49523930304e-006, 1.40361021295e-006, 4.6677911314e-007, 1.8667364543e-007, 5.41894735306e-007, 1.15821102042e-007, 7.61454188591e-008, 2.5953685423e-008, 2.49378606654e-009, 2.23066107252e-010, 6.59436969006e-014]
    },
    "erbbands": {
        "mean": [1.34460830688, 12.3811426163, 16.3448982239, 9.37081813812, 5.46583843231, 3.48038887978, 3.48201370239, 5.65419149399, 2.14609122276, 2.56651210785, 2.53306484222, 7.34058904648, 5.53485679626, 6.11767625809, 23.9966144562, 12.7741661072, 25.2748794556, 20.8651714325, 20.6972885132, 21.3954162598, 21.6943187714, 43.4936332703, 41.2770423889, 27.5589809418, 27.9945030212, 17.1950073242, 32.9911003113, 14.5111427307, 10.5656805038, 9.99474048615, 4.59379911423, 2.98109531403, 0.606604099274, 0.162822395563, 0.085857629776, 0.0539003349841, 0.0125210676342, 0.00123288971372, 6.57657801639e-005, 8.73896133271e-005],
        "var": [1.84120488167, 164.868041992, 419.469451904, 199.78237915, 68.1692199707, 34.8394775391, 33.3302497864, 126.399162292, 9.87630462646, 65.3646469116, 31.3903617859, 425.259002686, 186.140533447, 386.357147217, 8159.70751953, 960.796447754, 4917.92578125, 1794.33374023, 2729.82202148, 1893.90344238, 1228.0090332, 5360.96533203, 5177.53662109, 1231.60766602, 1208.12280273, 438.932983398, 1692.3034668, 255.422698975, 125.11101532, 130.787322998, 33.9689979553, 27.070766449, 5.01856088638, 1.00623869896, 0.0363200008869, 0.00830454286188, 0.000393697206164, 4.80760263599e-006, 3.85007625781e-009, 3.76806896796e-009]
    },
    "gfcc": {
        "mean": [-13.7081003189, 81.676109314, -113.354278564, 98.1498565674, -32.4444961548, 24.2523860931, -13.2877779007, 2.01606035233, -9.59771633148, -0.0687987878919, -7.94225502014, 4.46743297577, -12.3285884857],
        "cov": [[5744.77929688, 347.799468994, -937.173461914, -866.917724609, -242.633453369, 138.809249878, -450.378631592, 148.633544922, -281.911804199, 81.747467041, -171.780349731, 122.73588562, -110.582298279], [347.799468994, 963.563232422, 10.2576236725, -67.9948654175, 195.897445679, -29.3643703461, 48.7401885986, -61.46900177, 182.953933716, -160.296188354, 158.254196167, -110.254226685, 151.782409668], [-937.173461914, 10.2576236725, 970.386657715, 542.946716309, 162.676803589, -117.191566467, 216.997756958, -54.8861198425, 64.4932327271, -15.4734096527, -38.838886261, -50.6089515686, -64.7418518066], [-866.917724609, -67.9948654175, 542.946716309, 626.907775879, 168.37802124, -83.1699523926, 164.999816895, -69.1160583496, 82.1137542725, -27.2411975861, 20.7576732635, -61.111907959, -21.6202735901], [-242.633453369, 195.897445679, 162.676803589, 168.37802124, 287.56842041, 59.3852424622, 101.733047485, 1.28827702999, 117.250167847, -44.2115898132, 59.1937217712, -62.6764602661, 27.2021045685], [138.809249878, -29.3643703461, -117.191566467, -83.1699523926, 59.3852424622, 201.420669556, 56.3856773376, 65.4840621948, 24.1581401825, 12.1463403702, 35.154083252, -22.8417396545, 34.6531524658], [-450.378631592, 48.7401885986, 216.997756958, 164.999816895, 101.733047485, 56.3856773376, 225.845184326, 7.18058252335, 50.3951034546, -24.1616382599, 25.2904281616, -25.7600078583, -0.0843995586038], [148.633544922, -61.46900177, -54.8861198425, -69.1160583496, 1.28827702999, 65.4840621948, 7.18058252335, 123.228889465, 37.829498291, 9.77212429047, -8.11945152283, -17.2842407227, 3.96889185905], [-281.911804199, 182.953933716, 64.4932327271, 82.1137542725, 117.250167847, 24.1581401825, 50.3951034546, 37.829498291, 172.281616211, -13.2586364746, 67.1569290161, -57.7405319214, 65.2751083374], [81.747467041, -160.296188354, -15.4734096527, -27.2411975861, -44.2115898132, 12.1463403702, -24.1616382599, 9.77212429047, -13.2586364746, 99.0011901855, -13.2927522659, 33.3080177307, -28.2231616974], [-171.780349731, 158.254196167, -38.838886261, 20.7576732635, 59.1937217712, 35.154083252, 25.2904281616, -8.11945152283, 67.1569290161, -13.2927522659, 122.496192932, -12.9981374741, 71.2392807007], [122.73588562, -110.254226685, -50.6089515686, -61.111907959, -62.6764602661, -22.8417396545, -25.7600078583, -17.2842407227, -57.7405319214, 33.3080177307, -12.9981374741, 100.825141907, -13.1858263016], [-110.582298279, 151.782409668, -64.7418518066, -21.6202735901, 27.2021045685, 34.6531524658, -0.0843995586038, 3.96889185905, 65.2751083374, -28.2231616974, 71.2392807007, -13.1858263016, 117.609970093]],
        "icov": [[0.00050745223416, -0.00130326161161, 0.000388721033232, -0.000686454179231, 8.74444085639e-005, -0.000963163911365, 0.000986581551842, -0.00141428748611, 0.00133916689083, -0.00125195342116, 0.00120379508007, -0.000994145753793, 0.000674539303873], [-0.00130326161161, 0.00700792251155, -0.00168699747883, 0.00458941282704, -0.00149361637887, 0.0043780496344, -0.00325446715578, 0.00640844274312, -0.00582458917052, 0.00686152046546, -0.00561263551936, 0.00483661703765, -0.00269633065909], [0.000388721033232, -0.00168699747883, 0.00296276505105, -0.00255217938684, -0.000321194092976, 0.000360429141438, -0.000742301170249, -0.00183418369852, 0.00161675561685, -0.00246416591108, 0.00260234321468, -0.000849373464007, 0.00057370349532], [-0.000686454179231, 0.00458941282704, -0.00255217938684, 0.00697713997215, -0.00197305879556, 0.00396297918633, -0.00300828041509, 0.00524227833375, -0.00390625745058, 0.00394836487249, -0.0042524151504, 0.00433026300743, -0.00140423013363], [8.74444085639e-005, -0.00149361637887, -0.000321194092976, -0.00197305879556, 0.00788185652345, -0.00448612403125, 0.000747040961869, 0.000895276665688, -0.00393801974133, 0.00199480238371, -0.000164663768373, -0.00133996608201, 0.00355329620652], [-0.000963163911365, 0.0043780496344, 0.000360429141438, 0.00396297918633, -0.00448612403125, 0.0140295699239, -0.00661976169795, -0.000799067725893, 0.00118709076196, -0.000615247932728, -0.00467115314677, 0.00660846009851, -0.00593888806179], [0.000986581551842, -0.00325446715578, -0.000742301170249, -0.00300828041509, 0.000747040961869, -0.00661976169795, 0.0104567892849, -0.0029195996467, 0.00118957855739, -7.86998061812e-005, 0.00167507387232, -0.0043914699927, 0.00386369391344], [-0.00141428748611, 0.00640844274312, -0.00183418369852, 0.00524227833375, 0.000895276665688, -0.000799067725893, -0.0029195996467, 0.0192759148777, -0.011836796999, 0.0071561424993, -0.00224279426038, 0.00447209598497, -0.000123681340483], [0.00133916689083, -0.00582458917052, 0.00161675561685, -0.00390625745058, -0.00393801974133, 0.00118709076196, 0.00118957855739, -0.011836796999, 0.0214363671839, -0.0108808241785, 0.00143473572098, 0.00190859683789, -0.00525426957756], [-0.00125195342116, 0.00686152046546, -0.00246416591108, 0.00394836487249, 0.00199480238371, -0.000615247932728, -7.86998061812e-005, 0.0071561424993, -0.0108808241785, 0.0224999133497, -0.00643570767716, -0.00148174946662, 0.00398588413373], [0.00120379508007, -0.00561263551936, 0.00260234321468, -0.0042524151504, -0.000164663768373, -0.00467115314677, 0.00167507387232, -0.00224279426038, 0.00143473572098, -0.00643570767716, 0.020266899839, -0.00504082068801, -0.00466459756717], [-0.000994145753793, 0.00483661703765, -0.000849373464007, 0.00433026300743, -0.00133996608201, 0.00660846009851, -0.0043914699927, 0.00447209598497, 0.00190859683789, -0.00148174946662, -0.00504082068801, 0.0192233491689, -0.00484579801559], [0.000674539303873, -0.00269633065909, 0.00057370349532, -0.00140423013363, 0.00355329620652, -0.00593888806179, 0.00386369391344, -0.000123681340483, -0.00525426957756, 0.00398588413373, -0.00466459756717, -0.00484579801559, 0.0197641868144]]
    },
    "melbands": {
        "mean": [0.0139923142269, 0.011741226539, 0.00155473616906, 0.000325662898831, 0.000121292650874, 0.000122181561892, 3.05748908431e-005, 2.81198608718e-005, 2.00679569389e-005, 4.99675661558e-005, 2.66673268925e-005, 1.96597793547e-005, 7.53246858949e-005, 4.63086544187e-005, 3.44416839653e-005, 6.51251975796e-005, 3.38813842973e-005, 3.22184496326e-005, 2.74317826552e-005, 3.00414867525e-005, 2.39993842115e-005, 4.7024419473e-005, 4.13328998548e-005, 3.0707949918e-005, 2.15193067561e-005, 1.80997685675e-005, 1.89095862879e-005, 9.27720248001e-006, 1.83684205695e-005, 1.58229195222e-005, 7.10806398274e-006, 6.58662247588e-006, 5.05451816935e-006, 5.7712754824e-006, 2.42370106207e-006, 2.52999416261e-006, 1.46089996633e-006, 4.05506341394e-007, 1.95654209278e-007, 1.10901652306e-007],
        "var": [0.000198079491383, 0.000133022418595, 4.95249878441e-006, 3.10199823161e-007, 3.80635007957e-008, 5.49530696503e-008, 2.32106489584e-009, 7.51383222308e-009, 1.81134496291e-009, 2.18128004548e-008, 4.6433306089e-009, 4.3881414058e-009, 8.00832822279e-008, 3.34427774362e-008, 6.7569190243e-009, 3.30062910336e-008, 4.81572515199e-009, 6.89224055606e-009, 3.23955595682e-009, 4.7423625027e-009, 1.45230416582e-009, 7.06374203574e-009, 5.91306914544e-009, 2.06115613466e-009, 8.53382142729e-010, 5.52554113575e-010, 5.55045509554e-010, 1.67207150903e-010, 5.24673249291e-010, 3.48340162271e-010, 6.53870707579e-011, 5.0407820279e-011, 3.18687368162e-011, 4.76544671779e-011, 9.27902806674e-012, 1.65032917887e-011, 7.23893341104e-012, 2.30128980108e-012, 1.56294064062e-012, 6.10453528005e-013]
    },
    "mfcc": {
        "mean": [-649.595458984, 88.9339828491, -2.93824529648, 78.2471160889, 10.744310379, 42.9769020081, 3.335272789, 26.9509677887, -3.38502168655, 11.8920783997, 0.270987838507, 13.0199432373, -3.27933716774],
        "cov": [[4541.45068359, 543.82989502, -820.355102539, -1172.95996094, -2.51858520508, -437.942016602, -55.4035224915, -252.034896851, -22.1140537262, -218.212310791, -108.43888855, -30.2642002106, -15.3981819153], [543.82989502, 813.589416504, -34.1954612732, -93.3288650513, 123.746551514, -37.6933898926, 0.882125675678, 19.2445526123, 47.728313446, -50.0479660034, 5.44581365585, 20.1739330292, 29.6657829285], [-820.355102539, -34.1954612732, 597.66607666, 469.567443848, 29.3273296356, 117.16582489, 36.1967926025, 62.8076400757, 24.3758926392, 88.5746459961, 29.4339733124, -14.6298475266, 1.71743953228], [-1172.95996094, -93.3288650513, 469.567443848, 832.034973145, 26.3866729736, 232.232467651, -25.2517337799, 120.369308472, -58.6613235474, 114.952178955, -3.55947995186, 1.78536629677, -20.0178813934], [-2.51858520508, 123.746551514, 29.3273296356, 26.3866729736, 289.612518311, 0.729660332203, 42.0138435364, 4.1426153183, 97.0283508301, 7.14437246323, 71.8128433228, 25.6607017517, 19.818567276], [-437.942016602, -37.6933898926, 117.16582489, 232.232467651, 0.729660332203, 214.979324341, 52.9367294312, 72.6385574341, -14.0418519974, 56.696559906, 7.39981842041, 26.5134868622, 5.71621894836], [-55.4035224915, 0.882125675678, 36.1967926025, -25.2517337799, 42.0138435364, 52.9367294312, 155.289749146, 48.1539459229, 44.1557884216, 6.2794418335, 41.0580978394, 4.85837888718, 23.6371383667], [-252.034896851, 19.2445526123, 62.8076400757, 120.369308472, 4.1426153183, 72.6385574341, 48.1539459229, 136.290496826, 29.8139419556, 41.1146202087, 20.4457969666, 12.7518854141, -16.6844882965], [-22.1140537262, 47.728313446, 24.3758926392, -58.6613235474, 97.0283508301, -14.0418519974, 44.1557884216, 29.8139419556, 131.815383911, 37.6300811768, 54.4295463562, 6.29145479202, 12.625582695], [-218.212310791, -50.0479660034, 88.5746459961, 114.952178955, 7.14437246323, 56.696559906, 6.2794418335, 41.1146202087, 37.6300811768, 94.6040878296, 37.4302787781, 9.29830741882, -8.67788696289], [-108.43888855, 5.44581365585, 29.4339733124, -3.55947995186, 71.8128433228, 7.39981842041, 41.0580978394, 20.4457969666, 54.4295463562, 37.4302787781, 87.5578613281, 25.2203807831, 7.42103099823], [-30.2642002106, 20.1739330292, -14.6298475266, 1.78536629677, 25.6607017517, 26.5134868622, 4.85837888718, 12.7518854141, 6.29145479202, 9.29830741882, 25.2203807831, 62.0056266785, 16.4684886932], [-15.3981819153, 29.6657829285, 1.71743953228, -20.0178813934, 19.818567276, 5.71621894836, 23.6371383667, -16.6844882965, 12.625582695, -8.67788696289, 7.42103099823, 16.4684886932, 74.7480545044]],
        "icov": [[0.000450120889582, -0.000269611162366, 0.000188719277503, 0.000461731426185, -0.000232761231018, 0.000422037439421, -0.000331784016453, 0.000304775807308, 0.000434607820353, -0.000624945794698, 0.000777557375841, -0.000135993745062, 0.00032823564834], [-0.000269611162366, 0.00163202127442, -0.000321243918734, 2.80014755845e-005, -0.000550947152078, -0.00028278719401, 0.000780550180934, -0.00106861756649, -0.000443572731456, 0.00131444178987, -0.000154683206347, -0.000125492864754, -0.000735494541004], [0.000188719277503, -0.000321243918734, 0.00376309803687, -0.00241546425968, 0.000751373299863, 0.000773950363509, -0.00158792291768, 0.00146456214134, -0.0016147486167, -0.000673799600918, -0.000306090514641, 0.000705338374246, 7.31840336812e-005], [0.000461731426185, 2.80014755845e-005, -0.00241546425968, 0.00491677317768, -0.00224772817455, -0.00187908159569, 0.00211897888221, -0.00251495675184, 0.00418825820088, -0.00278974929824, 0.00148921646178, 0.00109862431418, -0.000456747162389], [-0.000232761231018, -0.000550947152078, 0.000751373299863, -0.00224772817455, 0.00685390736908, -0.000465907418402, -0.000441618292825, 0.00233428948559, -0.00584155973047, 0.00421071983874, -0.00439625838771, -0.00118599797133, 0.000603871536441], [0.000422037439421, -0.00028278719401, 0.000773950363509, -0.00187908159569, -0.000465907418402, 0.010653517209, -0.0050489725545, -0.000904263171833, 0.0026051341556, -0.00556001532823, 0.00429753493518, -0.0043809954077, -0.000165210294654], [-0.000331784016453, 0.000780550180934, -0.00158792291768, 0.00211897888221, -0.000441618292825, -0.0050489725545, 0.0125862108544, -0.00482581648976, -0.00114394782577, 0.00499109085649, -0.00619001267478, 0.00442162016407, -0.00391516368836], [0.000304775807308, -0.00106861756649, 0.00146456214134, -0.00251495675184, 0.00233428948559, -0.000904263171833, -0.00482581648976, 0.0139028113335, -0.00466795638204, -0.00127465894911, 0.000972842506599, -0.00323576922528, 0.00511604640633], [0.000434607820353, -0.000443572731456, -0.0016147486167, 0.00418825820088, -0.00584155973047, 0.0026051341556, -0.00114394782577, -0.00466795638204, 0.0192873254418, -0.00965141691267, -0.000966814404819, 0.00283900252543, -0.0028140603099], [-0.000624945794698, 0.00131444178987, -0.000673799600918, -0.00278974929824, 0.00421071983874, -0.00556001532823, 0.00499109085649, -0.00127465894911, -0.00965141691267, 0.0253161098808, -0.0109928045422, 0.000946077343542, 0.00151612830814], [0.000777557375841, -0.000154683206347, -0.000306090514641, 0.00148921646178, -0.00439625838771, 0.00429753493518, -0.00619001267478, 0.000972842506599, -0.000966814404819, -0.0109928045422, 0.026153543964, -0.00880637578666, 0.00186974229291], [-0.000135993745062, -0.000125492864754, 0.000705338374246, 0.00109862431418, -0.00118599797133, -0.0043809954077, 0.00442162016407, -0.00323576922528, 0.00283900252543, 0.000946077343542, -0.00880637578666, 0.0236318316311, -0.00587315345183], [0.00032823564834, -0.000735494541004, 7.31840336812e-005, -0.000456747162389, 0.000603871536441, -0.000165210294654, -0.00391516368836, 0.00511604640633, -0.0028140603099, 0.00151612830814, 0.00186974229291, -0.00587315345183, 0.0176060143858]]
    },
    "spectral_contrast_coeffs": {
        "mean": [-0.659581243992, -0.770899295807, -0.81970012188, -0.804607689381, -0.770872473717, -0.612943410873],
        "var": [0.00628974055871, 0.00387889915146, 0.00359591585584, 0.00291552674025, 0.0016878527822, 0.00452727079391]
    },
    "spectral_contrast_valleys": {
        "mean": [-6.79393100739, -7.6226067543, -7.98209762573, -7.78186893463, -7.1020565033, -11.161904335],
        "var": [1.21306741238, 1.33942508698, 1.49925982952, 1.32578098774, 1.01216208935, 1.39588022232]
    }
},
"metadata": {
    "audio_properties": {
        "analysis_sample_rate": 44100,
        "bit_rate": 115063,
        "equal_loudness": 0,
        "length": 45.0873451233,
        "lossless": 0,
        "replay_gain": -5.67879104614,
        "sample_rate": 44100,
        "codec": "mp3",
        "downmix": "mix",
        "md5_encoded": "71050c0a7dc7d1f5d57f9dceb44aba34"
    },
    "tags": {
        "file_name": "406.mp3"
    },
    "version": {
        "essentia": "2.1-beta2",
        "essentia_git_sha": "v2.1_beta2",
        "extractor": "music 1.0"
    }
},
"rhythm": {
    "beats_count": 83,
    "beats_loudness": {
        "mean": 0.0987081155181,
        "var": 0.00451399246231
    },
    "bpm": 111.1873703,
    "bpm_histogram_first_peak_bpm": {
        "mean": 112,
        "var": 0
    },
    "bpm_histogram_first_peak_spread": {
        "mean": 0.5,
        "var": 0
    },
    "bpm_histogram_first_peak_weight": {
        "mean": 0.5,
        "var": 0
    },
    "bpm_histogram_second_peak_bpm": {
        "mean": 0,
        "var": 0
    },
    "bpm_histogram_second_peak_spread": {
        "mean": 0,
        "var": 0
    },
    "bpm_histogram_second_peak_weight": {
        "mean": 0,
        "var": 0
    },
    "danceability": 1.71195280552,
    "onset_rate": 5.63133430481,
    "beats_loudness_band_ratio": {
        "mean": [0.814949929714, 0.0459330268204, 0.00968177523464, 0.0322588831186, 0.040368963033, 0.071923866868],
        "var": [0.0472235493362, 0.00508196791634, 0.000164195284015, 0.00474243657663, 0.0026031031739, 0.00955175049603]
    },
    "beats_position": [0.557278871536, 1.11455774307, 1.66022670269, 2.19428563118, 2.73995471001, 3.28562355042, 3.83129239082, 4.3653512001, 4.8994102478, 5.44507932663, 5.97913837433, 6.51319694519, 7.04725599289, 7.59292507172, 8.12698364258, 8.66104316711, 9.2067117691, 9.75238037109, 10.2980499268, 10.8321084976, 11.3661680222, 11.9118366241, 12.445895195, 12.9799547195, 13.5256233215, 14.0712919235, 14.6053514481, 15.1394100189, 15.6734695435, 16.2191371918, 16.7648067474, 17.298866272, 17.8329238892, 18.3785934448, 18.9242630005, 19.458322525, 20.0039901733, 20.549659729, 21.0837192535, 21.6177768707, 22.1518363953, 22.6858959198, 23.2315635681, 23.7656230927, 24.3112926483, 24.8569602966, 25.4026298523, 25.9366893768, 26.470746994, 27.0048065186, 27.5504760742, 28.0961437225, 28.6302032471, 29.1758728027, 29.7215423584, 30.2439899445, 30.778049469, 31.3237190247, 31.8577766418, 32.391834259, 32.9258956909, 33.4831733704, 34.0172348022, 34.5512924194, 35.0853500366, 35.6194114685, 36.1766891479, 36.7107467651, 37.2564163208, 37.8020858765, 38.3361434937, 38.8585929871, 39.4042625427, 39.9499320984, 40.4956016541, 41.0296592712, 41.5637168884, 42.0977783203, 42.6434440613, 43.1775054932, 43.7231750488, 44.2688446045, 44.8145103455]
},
"tonal": {
    "chords_changes_rate": 0.12962962687,
    "chords_number_rate": 0.0133744860068,
    "chords_strength": {
        "mean": 0.45397272706,
        "var": 0.00447955494747
    },
    "hpcp_entropy": {
        "mean": 2.49041891098,
        "var": 0.64826387167
    },
    "key_strength": 0.634563326836,
    "tuning_diatonic_strength": 0.34264305234,
    "tuning_equal_tempered_deviation": 0.181874230504,
    "tuning_frequency": 434.193115234,
    "tuning_nontempered_energy_ratio": 0.93180513382,
    "hpcp": {
        "mean": [0.085686005652, 0.0915730819106, 0.108803510666, 0.130899891257, 0.118026323617, 0.0914400294423, 0.0802535638213, 0.0933642089367, 0.147290050983, 0.202607437968, 0.191035076976, 0.141882702708, 0.110013112426, 0.108782991767, 0.131798863411, 0.122967481613, 0.103398881853, 0.10631904006, 0.094090744853, 0.0802616178989, 0.0759575366974, 0.0688969939947, 0.0665455684066, 0.118103414774, 0.169940188527, 0.126568496227, 0.07391923666, 0.0610074512661, 0.0598080232739, 0.0668874084949, 0.0835217013955, 0.0995821282268, 0.0943437740207, 0.098651625216, 0.101146996021, 0.085782662034],
        "var": [0.0411716401577, 0.0464899986982, 0.0469487048686, 0.0655466392636, 0.0553216971457, 0.0378414206207, 0.0367684438825, 0.044469114393, 0.0728253126144, 0.107303194702, 0.0998297259212, 0.0728239417076, 0.0575695261359, 0.051384203136, 0.0643271654844, 0.0552711635828, 0.0468667149544, 0.0492693483829, 0.0412872880697, 0.0355084352195, 0.0336501561105, 0.0279669351876, 0.0268093999475, 0.0459283553064, 0.0906032696366, 0.0512108318508, 0.0301777049899, 0.0220632590353, 0.0205359682441, 0.0254325158894, 0.0355890281498, 0.0517677851021, 0.0437330231071, 0.0454796440899, 0.0516989119351, 0.0412149243057]
    },
    "chords_histogram": [4.11522626877, 0, 0.617283940315, 0, 2.36625504494, 17.1810703278, 4.11522626877, 6.89300394058, 0.823045253754, 1.74897122383, 2.05761313438, 0.102880656719, 0.205761313438, 0.102880656719, 25.1028804779, 19.4444446564, 0, 0, 0, 1.64609050751, 0.308641970158, 1.54320991039, 6.79012346268, 4.83539104462],
    "thpcp": [1, 0.942882835865, 0.700283765793, 0.542986571789, 0.536915123463, 0.650513470173, 0.606924831867, 0.510340988636, 0.52475386858, 0.464399248362, 0.396143496037, 0.374900043011, 0.340051651001, 0.328445822001, 0.582917451859, 0.838765799999, 0.624698162079, 0.364839702845, 0.301111608744, 0.295191645622, 0.330133020878, 0.412234127522, 0.491502821445, 0.465648114681, 0.486910194159, 0.499226480722, 0.423393458128, 0.422916382551, 0.451972961426, 0.537016391754, 0.646076440811, 0.582536995411, 0.45131623745, 0.396103739738, 0.460813343525, 0.726972579956],
    "chords_key": "F#",
    "chords_scale": "minor",
    "key_key": "F",
    "key_scale": "minor"
}
}