{
"lowlevel": {
    "average_loudness": 0.970383346081,
    "barkbands_crest": {
        "mean": 8.19828128815,
        "var": 8.60053157806
    },
    "barkbands_flatness_db": {
        "mean": 0.155810534954,
        "var": 0.00091852596961
    },
    "barkbands_kurtosis": {
        "mean": 2.52581906319,
        "var": 15.8369550705
    },
    "barkbands_skewness": {
        "mean": 1.47518253326,
        "var": 0.471484929323
    },
    "barkbands_spread": {
        "mean": 14.5354347229,
        "var": 21.504693985
    },
    "dissonance": {
        "mean": 0.466751217842,
        "var": 0.000457059853943
    },
    "dynamic_complexity": 1.20436251163,
    "erbbands_crest": {
        "mean": 7.25929498672,
        "var": 6.61810159683
    },
    "erbbands_flatness_db": {
        "mean": 0.193928077817,
        "var": 0.000946343061514
    },
    "erbbands_kurtosis": {
        "mean": -0.566676914692,
        "var": 0.371169090271
    },
    "erbbands_skewness": {
        "mean": 0.20507504046,
        "var": 0.202322661877
    },
    "erbbands_spread": {
        "mean": 31.5456562042,
        "var": 44.7433013916
    },
    "hfc": {
        "mean": 17.0056419373,
        "var": 50.0284919739
    },
    "melbands_crest": {
        "mean": 11.7483186722,
        "var": 11.8327217102
    },
    "melbands_flatness_db": {
        "mean": 0.22161321342,
        "var": 0.0012384239817
    },
    "melbands_kurtosis": {
        "mean": 6.99334287643,
        "var": 46.8948745728
    },
    "melbands_skewness": {
        "mean": 2.19542264938,
        "var": 0.619650423527
    },
    "melbands_spread": {
        "mean": 17.2790107727,
        "var": 61.7162590027
    },
    "pitch_salience": {
        "mean": 0.637380003929,
        "var": 0.00580648332834
    },
    "silence_rate_20dB": {
        "mean": 1,
        "var": 0
    },
    "silence_rate_30dB": {
        "mean": 0.97991758585,
        "var": 0.0196790676564
    },
    "silence_rate_60dB": {
        "mean": 0.00205973233096,
        "var": 0.00205553858541
    },
    "spectral_centroid": {
        "mean": 900.198486328,
        "var": 177286.96875
    },
    "spectral_complexity": {
        "mean": 23.0566425323,
        "var": 22.3546161652
    },
    "spectral_decrease": {
        "mean": -8.00919242039e-009,
        "var": 3.50580517947e-017
    },
    "spectral_energy": {
        "mean": 0.0317710228264,
        "var": 0.000523680762853
    },
    "spectral_energyband_high": {
        "mean": 0.000118217758427,
        "var": 1.37374351894e-008
    },
    "spectral_energyband_low": {
        "mean": 0.00496732071042,
        "var": 2.05791220651e-005
    },
    "spectral_energyband_middle_high": {
        "mean": 0.00516851665452,
        "var": 5.03800447405e-006
    },
    "spectral_energyband_middle_low": {
        "mean": 0.0234496686608,
        "var": 0.000449544022558
    },
    "spectral_entropy": {
        "mean": 7.30244731903,
        "var": 0.051141358912
    },
    "spectral_flux": {
        "mean": 0.094465456903,
        "var": 0.00189036072697
    },
    "spectral_kurtosis": {
        "mean": 7.94182062149,
        "var": 12.7931165695
    },
    "spectral_rms": {
        "mean": 0.00537008186802,
        "var": 2.15830050365e-006
    },
    "spectral_rolloff": {
        "mean": 1076.39233398,
        "var": 820083.5625
    },
    "spectral_skewness": {
        "mean": 1.89807963371,
        "var": 0.158485651016
    },
    "spectral_spread": {
        "mean": 2907569.5,
        "var": 2.05645912474e+012
    },
    "spectral_strongpeak": {
        "mean": 0.736321628094,
        "var": 0.292515933514
    },
    "zerocrossingrate": {
        "mean": 0.0404524169862,
        "var": 0.000524293980561
    },
    "barkbands": {
        "mean": [4.36798181909e-005, 0.00111339776777, 0.00196125893854, 0.00472587766126, 0.00851068459451, 0.00403532758355, 0.00255974265747, 0.00181431404781, 0.00158605561592, 0.000757921079639, 0.000469257880468, 0.00057256402215, 0.000695746275596, 0.00103921932168, 0.000361651356798, 0.000717246904969, 0.000237579297391, 0.000228896344197, 0.000164033059264, 8.62260785652e-005, 3.41615268553e-005, 1.77023666765e-005, 1.32973500513e-005, 1.30175003505e-005, 9.85376573226e-006, 2.11083261092e-006, 2.10486774677e-007],
        "var": [8.74257377603e-009, 2.69545262199e-006, 5.43298710909e-006, 2.36158393818e-005, 0.000234162958805, 1.93902978936e-005, 8.14771283331e-006, 4.31014314017e-006, 2.8766341984e-006, 6.31331943168e-007, 2.27225100957e-007, 4.69413720339e-007, 4.34594142007e-007, 7.37777384074e-007, 1.16523388272e-007, 3.96215853016e-007, 2.92447754902e-008, 3.07552312506e-008, 1.66979123861e-008, 6.15126083403e-009, 1.27548061002e-009, 6.16317330504e-010, 4.13133360855e-010, 5.78961156794e-010, 3.69868247141e-010, 1.69514107612e-011, 6.70459835653e-013]
    },
    "erbbands": {
        "mean": [0.0226029604673, 0.300755441189, 1.67366075516, 9.74063491821, 29.1064300537, 18.6953277588, 31.4124755859, 35.4445724487, 39.5916976929, 31.2944393158, 45.2438964844, 32.7939147949, 28.9547843933, 20.7337722778, 23.5431022644, 21.4407119751, 31.2548160553, 34.0137825012, 47.358505249, 21.8456401825, 41.0753746033, 15.6081142426, 12.3150033951, 10.4249105453, 7.30401182175, 3.90927243233, 1.91748988628, 0.977562963963, 0.641488432884, 0.430672466755, 0.379189163446, 0.254526853561, 0.243187993765, 0.166470736265, 0.0467531755567, 0.0132392989472, 0.0022171898745, 0.00103289040271, 3.7862911995e-005, 3.69654990209e-005],
        "var": [0.00113471015356, 0.185061857104, 3.46119713783, 82.1841049194, 3086.92749023, 885.33404541, 1268.26220703, 1710.04577637, 1643.73132324, 1456.88952637, 2469.14086914, 1168.51025391, 880.997253418, 335.979522705, 536.92565918, 412.895874023, 821.043212891, 864.990478516, 1507.4128418, 313.577697754, 1606.20751953, 102.228530884, 76.7113494873, 70.1691360474, 33.043296814, 10.6807117462, 4.29115390778, 0.995512127876, 0.794399440289, 0.35767480731, 0.385401338339, 0.221793428063, 0.229202598333, 0.148669108748, 0.00611232360825, 0.000674578011967, 2.24515588343e-005, 1.04728533188e-005, 5.15292963854e-009, 6.74780731291e-010]
    },
    "gfcc": {
        "mean": [-4.95174026489, 143.528244019, -142.610397339, 20.1508693695, -52.1315078735, -3.88433766365, -48.9496803284, -1.82214975357, -23.2904529572, -7.61017608643, -12.5495176315, -14.947259903, -7.3443479538],
        "cov": [[3336.47875977, -42.4875831604, 3.2004199028, 79.2066040039, -150.999542236, 138.024337769, -157.313476563, 95.1396484375, -113.486465454, 92.6056060791, -74.3578796387, 54.4366035461, -59.6465988159], [-42.4875831604, 551.363525391, -324.826293945, -24.5730743408, 63.4588356018, -162.645431519, 95.7190475464, -96.8299026489, 58.2127952576, -102.609306335, 82.7117233276, -92.512260437, 46.249874115], [3.2004199028, -324.826293945, 489.304962158, 27.971364975, -7.77626132965, 130.089035034, -103.910873413, 66.5703430176, -38.7491378784, 87.4028091431, -65.4095306396, 92.1624603271, -33.88438797], [79.2066040039, -24.5730743408, 27.971364975, 128.711853027, 19.0835380554, 38.1130752563, 18.4418411255, -2.30381155014, 8.93170928955, -1.1781219244, -2.1826274395, -7.76157283783, 6.72304868698], [-150.999542236, 63.4588356018, -7.77626132965, 19.0835380554, 99.0547866821, -10.8247680664, 33.9045028687, -2.9430475235, 8.00084590912, -3.44885492325, 4.49290800095, -5.04475927353, 5.87715959549], [138.024337769, -162.645431519, 130.089035034, 38.1130752563, -10.8247680664, 136.099914551, -17.9750442505, 51.5048294067, -8.78301334381, 32.7306213379, -20.0658073425, 30.1372776031, -17.0945320129], [-157.313476563, 95.7190475464, -103.910873413, 18.4418411255, 33.9045028687, -17.9750442505, 147.230911255, 8.14133739471, 8.91280651093, -31.7984886169, 18.0689640045, -23.5128955841, 4.71309518814], [95.1396484375, -96.8299026489, 66.5703430176, -2.30381155014, -2.9430475235, 51.5048294067, 8.14133739471, 97.3711395264, 9.75312042236, 29.4798202515, -18.4695281982, 23.5368976593, -12.977355957], [-113.486465454, 58.2127952576, -38.7491378784, 8.93170928955, 8.00084590912, -8.78301334381, 8.91280651093, 9.75312042236, 73.1529083252, 5.16515684128, 12.1748161316, -16.2929458618, 3.7544875145], [92.6056060791, -102.609306335, 87.4028091431, -1.1781219244, -3.44885492325, 32.7306213379, -31.7984886169, 29.4798202515, 5.16515684128, 85.376335144, 1.34121060371, 28.685918808, -17.5790214539], [-74.3578796387, 82.7117233276, -65.4095306396, -2.1826274395, 4.49290800095, -20.0658073425, 18.0689640045, -18.4695281982, 12.1748161316, 1.34121060371, 70.3450698853, -0.866421759129, 10.9366579056], [54.4366035461, -92.512260437, 92.1624603271, -7.76157283783, -5.04475927353, 30.1372776031, -23.5128955841, 23.5368976593, -16.2929458618, 28.685918808, -0.866421759129, 79.3660049438, 5.3390007019], [-59.6465988159, 46.249874115, -33.88438797, 6.72304868698, 5.87715959549, -17.0945320129, 4.71309518814, -12.977355957, 3.7544875145, -17.5790214539, 10.9366579056, 5.3390007019, 48.592414856]],
        "icov": [[0.000655568554066, -0.00133041921072, 0.000661067664623, -0.00112282275222, 0.00125453842338, -0.000883761094883, 0.0010467733955, -0.00115196406841, 0.00195260392502, -0.00147032958921, 0.00147192028817, -0.000923214538489, 0.000902865140233], [-0.00133041921072, 0.00861115101725, -0.000548801210243, 0.00328774144873, -0.00512607116252, 0.00462656235322, -0.00286010513082, 0.00394265493378, -0.00688009290025, 0.00646466109902, -0.00691804289818, 0.00419515836984, -0.00312234461308], [0.000661067664623, -0.000548801210243, 0.00530276726931, -0.00185375811998, 2.88288356387e-005, -0.00250418204814, 0.00290566496551, -0.00129992258735, 0.00266415369697, -0.00285511557013, 0.00362904369831, -0.00375802651979, 0.00213195197284], [-0.00112282275222, 0.00328774144873, -0.00185375811998, 0.0121425427496, -0.0040050172247, -0.00210758694448, -0.00363207003102, 0.00471798749641, -0.00540675688535, 0.00299213035032, -0.0029589489568, 0.00408589653671, -0.00440765544772], [0.00125453842338, -0.00512607116252, 2.88288356387e-005, -0.0040050172247, 0.0151657583192, -0.00139172363561, -0.00070667732507, -0.00237537594512, 0.00404834281653, -0.00508960336447, 0.00462589226663, -0.00263263913803, 0.00119747326244], [-0.000883761094883, 0.00462656235322, -0.00250418204814, -0.00210758694448, -0.00139172363561, 0.0157168731093, -0.00147555791773, -0.0028684460558, -0.0028050604742, 0.0033135463018, -0.0041880835779, 0.00121470331214, 0.00035614304943], [0.0010467733955, -0.00286010513082, 0.00290566496551, -0.00363207003102, -0.00070667732507, -0.00147555791773, 0.01193088945, -0.00578945223242, 0.00448961369693, 0.000189915241208, 0.000821020628791, -0.00135979277547, 0.00308526237495], [-0.00115196406841, 0.00394265493378, -0.00129992258735, 0.00471798749641, -0.00237537594512, -0.0028684460558, -0.00578945223242, 0.0191886071116, -0.00834868662059, 0.000143214434502, 0.000546307885088, -0.000796480453573, -0.00110006448813], [0.00195260392502, -0.00688009290025, 0.00266415369697, -0.00540675688535, 0.00404834281653, -0.0028050604742, 0.00448961369693, -0.00834868662059, 0.0239476263523, -0.00862087775022, 0.00383709790185, 0.000115776623716, 0.00156411458738], [-0.00147032958921, 0.00646466109902, -0.00285511557013, 0.00299213035032, -0.00508960336447, 0.0033135463018, 0.000189915241208, 0.000143214434502, -0.00862087775022, 0.0239310823381, -0.00989130884409, -0.000145371537656, 0.00300407735631], [0.00147192028817, -0.00691804289818, 0.00362904369831, -0.0029589489568, 0.00462589226663, -0.0041880835779, 0.000821020628791, 0.000546307885088, 0.00383709790185, -0.00989130884409, 0.0249691475183, -0.00701924180612, 0.000641360180452], [-0.000923214538489, 0.00419515836984, -0.00375802651979, 0.00408589653671, -0.00263263913803, 0.00121470331214, -0.00135979277547, -0.000796480453573, 0.000115776623716, -0.000145371537656, -0.00701924180612, 0.0226709526032, -0.00861973594874], [0.000902865140233, -0.00312234461308, 0.00213195197284, -0.00440765544772, 0.00119747326244, 0.00035614304943, 0.00308526237495, -0.00110006448813, 0.00156411458738, 0.00300407735631, 0.000641360180452, -0.00861973594874, 0.0279119629413]]
    },
    "melbands": {
        "mean": [0.000264964590315, 0.000723903533071, 0.00234463321976, 0.00178619276267, 0.00104353867937, 0.000781184236985, 0.000586374721024, 0.000356511533028, 0.000353923242074, 0.000202383627766, 0.000143386787386, 8.48651616252e-005, 7.45542056393e-005, 6.52031158097e-005, 6.90285887686e-005, 6.27831977908e-005, 6.26021283097e-005, 9.30065434659e-005, 2.59289827227e-005, 3.27496090904e-005, 5.12665974384e-005, 1.44457744682e-005, 1.12273828563e-005, 1.10943228719e-005, 8.19875640445e-006, 6.10547158431e-006, 4.2906804083e-006, 2.10033613257e-006, 1.26950612866e-006, 7.81567905506e-007, 5.00024725625e-007, 3.91933667743e-007, 2.84891655156e-007, 2.14811905153e-007, 2.17507945877e-007, 2.07675611819e-007, 1.34223967052e-007, 1.66790584899e-007, 1.44515240663e-007, 1.39822461165e-007],
        "var": [1.45601902091e-007, 6.62438253585e-007, 7.23227185517e-006, 1.22090914374e-005, 1.35196989959e-006, 7.67771098253e-007, 3.49558604285e-007, 1.51211168031e-007, 1.41592295222e-007, 4.59379840834e-008, 2.28175736083e-008, 6.50097131683e-009, 5.27023802377e-009, 7.25437265814e-009, 5.28675947464e-009, 3.99960020658e-009, 3.18383563958e-009, 6.83344580921e-009, 5.71887814882e-010, 6.29589047563e-010, 3.24003757157e-009, 1.13560633119e-010, 6.34140864819e-011, 9.85483777916e-011, 5.13879182262e-011, 2.87120795889e-011, 1.51494060352e-011, 3.66296836612e-012, 2.05639520169e-012, 8.00310121993e-013, 3.0088860006e-013, 3.12646067889e-013, 2.26063986324e-013, 8.71021326896e-014, 1.50752999493e-013, 1.41477094254e-013, 7.891210336e-014, 1.12957583012e-013, 8.73808404106e-014, 1.16643036918e-013]
    },
    "mfcc": {
        "mean": [-637.677001953, 169.428970337, -26.5122432709, 19.9152374268, 7.14312791824, -6.18447637558, -7.6109213829, -8.43229198456, -7.99620723724, -0.929522871971, -4.69771337509, -6.54866838455, -5.4838309288],
        "cov": [[1145.01916504, -100.765914917, 141.469024658, -8.47780227661, 28.3837127686, 20.5473594666, 53.8722915649, 7.95862197876, 24.0634765625, 13.6478147507, 40.2938041687, -0.979251742363, -5.8328461647], [-100.765914917, 481.242736816, -252.661010742, 63.4359855652, -58.9249153137, -40.9261627197, -15.6317834854, -6.18067264557, -34.9042739868, -12.864405632, -12.41726017, 7.80528736115, 3.73830795288], [141.469024658, -252.661010742, 402.242340088, -60.5425453186, 112.830657959, 35.811088562, -13.4909067154, -7.27808237076, 27.675567627, -17.7961559296, 20.9488430023, -7.39516878128, 14.077958107], [-8.47780227661, 63.4359855652, -60.5425453186, 122.90688324, -9.89506626129, 22.9287986755, 15.4714231491, 7.11900949478, 6.52105617523, 8.77128696442, -8.51612186432, -1.41471707821, -5.05292606354], [28.3837127686, -58.9249153137, 112.830657959, -9.89506626129, 122.161590576, 17.6160354614, -14.0472335815, -12.4343500137, 10.3239583969, 1.00899958611, 5.27338647842, -2.0238711834, 9.34852790833], [20.5473594666, -40.9261627197, 35.811088562, 22.9287986755, 17.6160354614, 78.3779296875, 14.6299886703, 9.36500453949, -0.825685083866, 8.25658893585, -0.592232346535, 2.83630132675, -4.18508625031], [53.8722915649, -15.6317834854, -13.4909067154, 15.4714231491, -14.0472335815, 14.6299886703, 99.3199691772, 26.2648887634, 12.1131858826, -2.53980755806, 11.8728170395, -2.48533511162, -2.33675503731], [7.95862197876, -6.18067264557, -7.27808237076, 7.11900949478, -12.4343500137, 9.36500453949, 26.2648887634, 85.292930603, 21.0654792786, 15.27115345, -5.38329839706, 4.27115440369, -2.95230317116], [24.0634765625, -34.9042739868, 27.675567627, 6.52105617523, 10.3239583969, -0.825685083866, 12.1131858826, 21.0654792786, 71.8110427856, 17.595413208, 8.22540473938, -8.09140300751, 1.75373411179], [13.6478147507, -12.864405632, -17.7961559296, 8.77128696442, 1.00899958611, 8.25658893585, -2.53980755806, 15.27115345, 17.595413208, 74.1819610596, 11.0200300217, 12.5227212906, -9.21689510345], [40.2938041687, -12.41726017, 20.9488430023, -8.51612186432, 5.27338647842, -0.592232346535, 11.8728170395, -5.38329839706, 8.22540473938, 11.0200300217, 61.6389427185, 17.2230129242, 7.41192388535], [-0.979251742363, 7.80528736115, -7.39516878128, -1.41471707821, -2.0238711834, 2.83630132675, -2.48533511162, 4.27115440369, -8.09140300751, 12.5227212906, 17.2230129242, 52.8835296631, 14.7405576706], [-5.8328461647, 3.73830795288, 14.077958107, -5.05292606354, 9.34852790833, -4.18508625031, -2.33675503731, -2.95230317116, 1.75373411179, -9.21689510345, 7.41192388535, 14.7405576706, 49.0933227539]],
        "icov": [[0.000959987693932, -2.33091559494e-005, -0.000395442621084, -5.64305883017e-005, 7.38878006814e-005, 3.68061300833e-005, -0.000534360529855, 7.35354624339e-005, -1.15533930511e-005, -0.000232729042182, -0.000400048331358, 6.51492155157e-005, 0.000189032245544], [-2.33091559494e-005, 0.00348362699151, 0.00209469581023, -0.00128247030079, -0.000463420903543, 0.0010904740775, 0.000894730153959, -0.000377190503059, 0.000854541664012, 0.00107977248263, -0.000555054692086, -5.71182899876e-005, -0.000526454357896], [-0.000395442621084, 0.00209469581023, 0.00551266642287, 0.00124190561473, -0.00340683967806, -0.00140920362901, 0.0012893617386, -0.000459457194665, -0.00103060400579, 0.00225513475016, -0.00135179143399, 0.000436228205217, -0.000563811219763], [-5.64305883017e-005, -0.00128247030079, 0.00124190561473, 0.0105019956827, -0.000298150465824, -0.0040191989392, -0.00117485004012, 0.000603391206823, -0.00204303092323, -0.00056791579118, 0.00140691932756, 3.61220809282e-005, 0.000253357022302], [7.38878006814e-005, -0.000463420903543, -0.00340683967806, -0.000298150465824, 0.011792846024, -0.0016252087662, 0.000944056955632, 0.00168714800384, -0.000886402325705, -0.00131234619766, 0.000310530595016, 0.000574701582082, -0.00168162339833], [3.68061300833e-005, 0.0010904740775, -0.00140920362901, -0.0040191989392, -0.0016252087662, 0.0163940675557, -0.00220129475929, -0.00128339522053, 0.00275185680948, -0.00171507440973, 0.000853655277751, -0.00120524398517, 0.00124954350758], [-0.000534360529855, 0.000894730153959, 0.0012893617386, -0.00117485004012, 0.000944056955632, -0.00220129475929, 0.0130258435383, -0.00384447840042, -0.00108272908255, 0.00275172293186, -0.00378781300969, 0.00147705106065, 8.27799376566e-005], [7.35354624339e-005, -0.000377190503059, -0.000459457194665, 0.000603391206823, 0.00168714800384, -0.00128339522053, -0.00384447840042, 0.0150344893336, -0.00425279792398, -0.00239934190176, 0.00369873037562, -0.00266975816339, 0.000466421653982], [-1.15533930511e-005, 0.000854541664012, -0.00103060400579, -0.00204303092323, -0.000886402325705, 0.00275185680948, -0.00108272908255, -0.00425279792398, 0.0185926109552, -0.0045428769663, -0.00264871469699, 0.00529129756615, -0.00259100506082], [-0.000232729042182, 0.00107977248263, 0.00225513475016, -0.00056791579118, -0.00131234619766, -0.00171507440973, 0.00275172293186, -0.00239934190176, -0.0045428769663, 0.0180309806019, -0.00295822997577, -0.00481423223391, 0.00471496442333], [-0.000400048331358, -0.000555054692086, -0.00135179143399, 0.00140691932756, 0.000310530595016, 0.000853655277751, -0.00378781300969, 0.00369873037562, -0.00264871469699, -0.00295822997577, 0.0209759920835, -0.00684818299487, -0.000988478772342], [6.51492155157e-005, -5.71182899876e-005, 0.000436228205217, 3.61220809282e-005, 0.000574701582082, -0.00120524398517, 0.00147705106065, -0.00266975816339, 0.00529129756615, -0.00481423223391, -0.00684818299487, 0.0258252099156, -0.00822482164949], [0.000189032245544, -0.000526454357896, -0.000563811219763, 0.000253357022302, -0.00168162339833, 0.00124954350758, 8.27799376566e-005, 0.000466421653982, -0.00259100506082, 0.00471496442333, -0.000988478772342, -0.00822482164949, 0.0246749445796]]
    },
    "spectral_contrast_coeffs": {
        "mean": [-0.536650061607, -0.738023936749, -0.779521584511, -0.780783653259, -0.774311065674, -0.760099947453],
        "var": [0.00574656156823, 0.00321507151239, 0.00198987405747, 0.0011389470892, 0.000865180976689, 0.0015937096905]
    },
    "spectral_contrast_valleys": {
        "mean": [-7.37845516205, -5.95140838623, -6.81947040558, -7.06287002563, -7.53307628632, -11.0386133194],
        "var": [1.00734901428, 0.844601809978, 0.769869446754, 0.685163080692, 0.677016496658, 0.797704875469]
    }
},
"metadata": {
    "audio_properties": {
        "analysis_sample_rate": 44100,
        "bit_rate": 110269,
        "equal_loudness": 0,
        "length": 45.0612258911,
        "lossless": 0,
        "replay_gain": -10.5621433258,
        "sample_rate": 44100,
        "codec": "mp3",
        "downmix": "mix",
        "md5_encoded": "124b3d7b1ea8356d83408ead91074d39"
    },
    "tags": {
        "file_name": "41.mp3"
    },
    "version": {
        "essentia": "2.1-beta2",
        "essentia_git_sha": "v2.1_beta2",
        "extractor": "music 1.0"
    }
},
"rhythm": {
    "beats_count": 84,
    "beats_loudness": {
        "mean": 0.043056614697,
        "var": 0.000552097160835
    },
    "bpm": 112.541687012,
    "bpm_histogram_first_peak_bpm": {
        "mean": 112,
        "var": 0
    },
    "bpm_histogram_first_peak_spread": {
        "mean": 0.301204800606,
        "var": 0
    },
    "bpm_histogram_first_peak_weight": {
        "mean": 0.698795199394,
        "var": 0
    },
    "bpm_histogram_second_peak_bpm": {
        "mean": 0,
        "var": 0
    },
    "bpm_histogram_second_peak_spread": {
        "mean": 0,
        "var": 0
    },
    "bpm_histogram_second_peak_weight": {
        "mean": 0,
        "var": 0
    },
    "danceability": 1.63258397579,
    "onset_rate": 3.61567044258,
    "beats_loudness_band_ratio": {
        "mean": [0.427913755178, 0.399378091097, 0.179411798716, 0.0821614190936, 0.0626782104373, 0.0132270175964],
        "var": [0.0186454206705, 0.0296436939389, 0.010435057804, 0.00304087530822, 0.00206168601289, 6.21180370217e-005]
    },
    "beats_position": [0.53405892849, 1.06811785698, 1.60217678547, 2.13623571396, 2.67029476166, 3.20435357094, 3.73841261864, 4.27247142792, 4.81814050674, 5.35219955444, 5.89786815643, 6.43192720413, 6.96598625183, 7.50004529953, 8.03410434723, 8.56816291809, 9.10222244263, 9.63628101349, 10.1703395844, 10.7043991089, 11.2384576797, 11.7725172043, 12.294965744, 12.8290243149, 13.3630838394, 13.9087524414, 14.4428119659, 14.9768705368, 15.5109291077, 16.0449886322, 16.5790481567, 17.1014957428, 17.6239452362, 18.1580047607, 18.6920623779, 19.2261219025, 19.760181427, 20.2942390442, 20.8282985687, 21.3623580933, 21.8848075867, 22.4072551727, 22.9297046661, 23.4521541595, 23.9862117767, 24.5202713013, 25.0427207947, 25.5651702881, 26.0992279053, 26.6332874298, 27.1673469543, 27.7014045715, 28.2238540649, 28.7463035583, 29.2803630829, 29.8144207001, 30.3484802246, 30.8825397491, 31.4049873352, 31.9274368286, 32.4614944458, 32.9955558777, 33.5296134949, 34.0636711121, 34.5977325439, 35.1317901611, 35.6658477783, 36.1999092102, 36.7339668274, 37.2680282593, 37.8020858765, 38.3361434937, 38.8585929871, 39.3810424805, 39.9034919739, 40.4491615295, 40.9948310852, 41.5288887024, 42.0629463196, 42.5970077515, 43.1426734924, 43.6883430481, 44.2456245422, 44.7912902832]
},
"tonal": {
    "chords_changes_rate": 0.0514403283596,
    "chords_number_rate": 0.00720164598897,
    "chords_strength": {
        "mean": 0.526086866856,
        "var": 0.00638298969716
    },
    "hpcp_entropy": {
        "mean": 2.1773481369,
        "var": 0.581855475903
    },
    "key_strength": 0.717023134232,
    "tuning_diatonic_strength": 0.582352817059,
    "tuning_equal_tempered_deviation": 0.063833296299,
    "tuning_frequency": 445.369720459,
    "tuning_nontempered_energy_ratio": 0.694087207317,
    "hpcp": {
        "mean": [0.133009299636, 0.0709556788206, 0.046052929014, 0.0484235174954, 0.070773281157, 0.117189861834, 0.126348540187, 0.0942882299423, 0.0803105011582, 0.0839342400432, 0.134838089347, 0.385141044855, 0.519659280777, 0.288919061422, 0.118465803564, 0.0871011614799, 0.0567208975554, 0.0904023423791, 0.128935217857, 0.134100109339, 0.236823558807, 0.298796325922, 0.194220453501, 0.115641050041, 0.0964250266552, 0.139834702015, 0.325649678707, 0.398391544819, 0.244380861521, 0.13145595789, 0.101001597941, 0.106872297823, 0.204122394323, 0.263251274824, 0.176836833358, 0.139876484871],
        "var": [0.0310987550765, 0.0093997688964, 0.0066127628088, 0.00684820767492, 0.0139298466966, 0.0319952890277, 0.033480130136, 0.0223701316863, 0.0183852966875, 0.0135743319988, 0.0280413422734, 0.081377223134, 0.127179458737, 0.0515803135931, 0.0325155928731, 0.0265578459948, 0.011157348752, 0.0199423339218, 0.0345889590681, 0.0369542762637, 0.0831275731325, 0.122496761382, 0.0626847520471, 0.0397947058082, 0.0327929854393, 0.0484884791076, 0.0935979411006, 0.135774642229, 0.0680339708924, 0.0449665300548, 0.0394288487732, 0.0371382683516, 0.0523160360754, 0.0669698193669, 0.0351882874966, 0.0335200205445]
    },
    "chords_histogram": [34.9794235229, 1.74897122383, 52.4691352844, 1.54320991039, 0, 0.925925910473, 0, 4.11522626877, 0, 1.85185182095, 0.205761313438, 0, 2.16049385071, 0, 0, 0, 0, 0, 0, 0, 0, 0, 0, 0],
    "thpcp": [1, 0.555977880955, 0.227968230844, 0.167612060905, 0.109150163829, 0.173964649439, 0.248114913702, 0.258053898811, 0.455728530884, 0.574985086918, 0.373745769262, 0.222532451153, 0.185554325581, 0.269089192152, 0.626659989357, 0.766639888287, 0.470271319151, 0.252965658903, 0.194361194968, 0.205658406019, 0.392800450325, 0.506584405899, 0.34029379487, 0.269169598818, 0.255954831839, 0.13654269278, 0.0886213928461, 0.0931832045317, 0.136191695929, 0.225512877107, 0.243137270212, 0.181442409754, 0.154544532299, 0.161517828703, 0.259474039078, 0.741141498089],
    "chords_key": "C#",
    "chords_scale": "minor",
    "key_key": "F#",
    "key_scale": "minor"
}
}