{
"lowlevel": {
    "average_loudness": 0.915646314621,
    "barkbands_crest": {
        "mean": 16.0449390411,
        "var": 33.8943099976
    },
    "barkbands_flatness_db": {
        "mean": 0.229009822011,
        "var": 0.00430157594383
    },
    "barkbands_kurtosis": {
        "mean": 15.2775402069,
        "var": 383.156311035
    },
    "barkbands_skewness": {
        "mean": 3.10454273224,
        "var": 3.45522975922
    },
    "barkbands_spread": {
        "mean": 11.0648126602,
        "var": 88.4705123901
    },
    "dissonance": {
        "mean": 0.457469791174,
        "var": 0.00117398658767
    },
    "dynamic_complexity": 3.06996226311,
    "erbbands_crest": {
        "mean": 9.08822822571,
        "var": 19.2950992584
    },
    "erbbands_flatness_db": {
        "mean": 0.177448734641,
        "var": 0.00195091729984
    },
    "erbbands_kurtosis": {
        "mean": 0.197650849819,
        "var": 5.36754846573
    },
    "erbbands_skewness": {
        "mean": 0.0936521813273,
        "var": 0.549231469631
    },
    "erbbands_spread": {
        "mean": 38.2656478882,
        "var": 299.620117188
    },
    "hfc": {
        "mean": 12.1020021439,
        "var": 293.958129883
    },
    "melbands_crest": {
        "mean": 19.2081775665,
        "var": 32.165561676
    },
    "melbands_flatness_db": {
        "mean": 0.325829029083,
        "var": 0.00613129744306
    },
    "melbands_kurtosis": {
        "mean": 35.4879379272,
        "var": 1453.56677246
    },
    "melbands_skewness": {
        "mean": 4.49792671204,
        "var": 5.48619365692
    },
    "melbands_spread": {
        "mean": 9.6902256012,
        "var": 120.333763123
    },
    "pitch_salience": {
        "mean": 0.413268119097,
        "var": 0.0213475711644
    },
    "silence_rate_20dB": {
        "mean": 0.983015954494,
        "var": 0.0166953969747
    },
    "silence_rate_30dB": {
        "mean": 0.826556861401,
        "var": 0.143359109759
    },
    "silence_rate_60dB": {
        "mean": 0.00977869238704,
        "var": 0.00968297384679
    },
    "spectral_centroid": {
        "mean": 911.625976563,
        "var": 473885.25
    },
    "spectral_complexity": {
        "mean": 13.8013381958,
        "var": 49.8472938538
    },
    "spectral_decrease": {
        "mean": -1.5858143243e-008,
        "var": 5.63559554231e-016
    },
    "spectral_energy": {
        "mean": 0.0609499774873,
        "var": 0.008236204274
    },
    "spectral_energyband_high": {
        "mean": 0.000261896057054,
        "var": 9.26366169551e-007
    },
    "spectral_energyband_low": {
        "mean": 0.0487400256097,
        "var": 0.00686536636204
    },
    "spectral_energyband_middle_high": {
        "mean": 0.00231517874636,
        "var": 7.38483686291e-006
    },
    "spectral_energyband_middle_low": {
        "mean": 0.0115817151964,
        "var": 0.000631946953945
    },
    "spectral_entropy": {
        "mean": 7.09682321548,
        "var": 0.189359486103
    },
    "spectral_flux": {
        "mean": 0.0944406762719,
        "var": 0.0082998117432
    },
    "spectral_kurtosis": {
        "mean": 8.11497116089,
        "var": 31.7869815826
    },
    "spectral_rms": {
        "mean": 0.00656356522813,
        "var": 1.63830081874e-005
    },
    "spectral_rolloff": {
        "mean": 498.675811768,
        "var": 1060927.5
    },
    "spectral_skewness": {
        "mean": 1.92863547802,
        "var": 0.5351780653
    },
    "spectral_spread": {
        "mean": 3227343.75,
        "var": 3.21483282842e+012
    },
    "spectral_strongpeak": {
        "mean": 0.489881753922,
        "var": 0.214447066188
    },
    "zerocrossingrate": {
        "mean": 0.0243188180029,
        "var": 0.000743394135498
    },
    "barkbands": {
        "mean": [0.000544168695342, 0.0397035293281, 0.0066645280458, 0.00356166879646, 0.00424010958523, 0.00149376667105, 0.00103807018604, 0.000612645584624, 0.00042463245336, 0.000347786059137, 0.000502172973938, 0.000330038456013, 0.000149109633639, 0.000197621469852, 0.000151385131176, 0.000141500990139, 0.000123412144603, 0.000169822116732, 0.000216628235648, 0.000130687389174, 9.55626528594e-005, 5.08714401803e-005, 2.27307136811e-005, 1.86126471817e-005, 1.1682760487e-005, 6.86456360199e-006, 4.12830388541e-007],
        "var": [2.40136500906e-006, 0.00453190552071, 0.000454020919278, 0.000138474730193, 0.000157629227033, 1.01421383079e-005, 9.63825368672e-006, 1.5540848608e-006, 1.97933195523e-006, 3.20791116337e-007, 9.90471789919e-007, 4.49740099384e-007, 4.38186873453e-008, 1.16588189769e-007, 5.95892721833e-008, 9.18721170251e-008, 8.95393768019e-008, 3.75471358893e-007, 3.36661997835e-007, 2.28404360314e-007, 1.32335983949e-007, 6.32370742437e-008, 1.07298046004e-008, 7.40811278988e-009, 3.00534352959e-009, 7.75195962976e-010, 4.02039252584e-012]
    },
    "erbbands": {
        "mean": [1.15457427502, 8.86996459961, 8.58802032471, 11.3620595932, 17.5364456177, 9.22373867035, 8.10775279999, 12.7276029587, 20.0202407837, 12.1344280243, 10.7379283905, 11.2621059418, 12.461183548, 10.730591774, 20.2967224121, 15.4237737656, 7.7172627449, 9.54038047791, 7.87708902359, 7.40593004227, 8.40659427643, 6.37155199051, 10.2572050095, 9.34557628632, 11.5062990189, 5.64005994797, 4.17199516296, 3.33582520485, 1.99951589108, 1.13257396221, 0.588291764259, 0.423608601093, 0.290748894215, 0.170605659485, 0.0597754642367, 0.0314203388989, 0.0127897430211, 0.00180509453639, 7.62200943427e-005, 6.84889892e-005],
        "var": [3.17540121078, 248.38911438, 612.70123291, 1197.63549805, 3726.15820313, 404.260070801, 175.547988892, 978.257202148, 3939.08129883, 491.34967041, 552.204284668, 1399.4420166, 481.679534912, 196.107254028, 2583.54101563, 1100.44677734, 75.375831604, 237.698242188, 140.429855347, 119.379310608, 317.57244873, 192.101486206, 1465.04321289, 410.92489624, 1560.91577148, 258.14465332, 215.10446167, 185.798599243, 104.978630066, 28.4840106964, 7.16597700119, 3.9565281868, 1.81218409538, 0.679390847683, 0.0696772038937, 0.0176405198872, 0.00272552995011, 6.0907612351e-005, 4.96332539512e-008, 1.01130730457e-008]
    },
    "gfcc": {
        "mean": [-50.9115371704, 149.131896973, -107.60987854, 39.1898269653, -30.4737319946, 14.8308839798, -18.6302223206, 9.69581699371, -15.1141605377, 0.0913527682424, -3.57771682739, -3.06305932999, -2.96254491806],
        "cov": [[5708.60058594, -771.44140625, 131.284423828, 689.177856445, -362.653198242, 16.1699409485, -163.436187744, 25.0975322723, -104.438011169, 214.011199951, -255.675933838, 4.0519323349, -174.514663696], [-771.44140625, 1146.94592285, -185.201446533, -257.242492676, 216.336181641, -136.855438232, 144.17741394, -54.286075592, 126.443374634, -181.722381592, 226.558197021, -92.703163147, 149.934631348], [131.284423828, -185.201446533, 543.159179688, -90.9373474121, -1.12160980701, 114.812454224, -75.5607452393, -11.6118154526, 15.3456630707, 57.9119033813, -93.7538146973, 56.3476486206, -53.8297691345], [689.177856445, -257.242492676, -90.9373474121, 429.046630859, -15.4267692566, -72.6819229126, 13.1870546341, -35.0390739441, -3.39757585526, 23.3982543945, -14.7103290558, -64.357749939, -14.8042058945], [-362.653198242, 216.336181641, -1.12160980701, -15.4267692566, 341.05859375, 28.8402557373, 112.337005615, 8.42003059387, 57.1258811951, -21.0779495239, 14.8479127884, -18.327249527, 9.20365715027], [16.1699409485, -136.855438232, 114.812454224, -72.6819229126, 28.8402557373, 226.295501709, 26.2313632965, 22.0079994202, 1.92822360992, 0.0203333310783, -43.9416618347, 12.9502038956, 3.04623746872], [-163.436187744, 144.17741394, -75.5607452393, 13.1870546341, 112.337005615, 26.2313632965, 246.479095459, 69.0830841064, 39.880443573, -41.0688323975, 52.4495697021, -40.3759040833, 37.094959259], [25.0975322723, -54.286075592, -11.6118154526, -35.0390739441, 8.42003059387, 22.0079994202, 69.0830841064, 149.050521851, 8.78688621521, -5.52990531921, 25.7905902863, 4.11251401901, 1.41276311874], [-104.438011169, 126.443374634, 15.3456630707, -3.39757585526, 57.1258811951, 1.92822360992, 39.880443573, 8.78688621521, 129.660491943, 17.6009273529, 22.3656387329, -26.1576271057, 20.1367416382], [214.011199951, -181.722381592, 57.9119033813, 23.3982543945, -21.0779495239, 0.0203333310783, -41.0688323975, -5.52990531921, 17.6009273529, 122.434928894, -39.8199119568, 24.2961444855, -39.6665153503], [-255.675933838, 226.558197021, -93.7538146973, -14.7103290558, 14.8479127884, -43.9416618347, 52.4495697021, 25.7905902863, 22.3656387329, -39.8199119568, 180.015274048, -5.23955869675, 57.7439613342], [4.0519323349, -92.703163147, 56.3476486206, -64.357749939, -18.327249527, 12.9502038956, -40.3759040833, 4.11251401901, -26.1576271057, 24.2961444855, -5.23955869675, 112.803764343, -6.01532411575], [-174.514663696, 149.934631348, -53.8297691345, -14.8042058945, 9.20365715027, 3.04623746872, 37.094959259, 1.41276311874, 20.1367416382, -39.6665153503, 57.7439613342, -6.01532411575, 95.277923584]],
        "icov": [[0.000374836759875, -0.000840922410134, -7.00641685398e-005, -0.00130504788831, 0.00064996839501, -0.000761444680393, 0.000191038881894, -0.000884472159669, 0.000581637606956, -0.000974241353106, 0.000769230478909, -0.000706515798811, 0.00062848982634], [-0.000840922410134, 0.00685238512233, 0.000265128706815, 0.00681554106995, -0.00342160533182, 0.00521251140162, -0.00126784329768, 0.00546757224947, -0.00423503667116, 0.00631601456553, -0.0046757189557, 0.00484393816441, -0.00387421483174], [-7.00641685398e-005, 0.000265128706815, 0.0025551689323, 0.000606268120464, -0.000209900201298, -0.000886238296516, 0.000486805191031, 0.000364204955986, -0.000987687963061, -1.47024366015e-005, 0.000411439716117, -0.000647772627417, 0.000758309615776], [-0.00130504788831, 0.00681554106995, 0.000606268120464, 0.0104886321351, -0.00366775062867, 0.00612127361819, -0.00177378789522, 0.00643938640133, -0.00385449710302, 0.0055921357125, -0.0046775364317, 0.00663240114227, -0.00399337336421], [0.00064996839501, -0.00342160533182, -0.000209900201298, -0.00366775062867, 0.00567007623613, -0.00295354006812, -0.00112186442129, -0.00213259528391, 0.000712680805009, -0.00266655511223, 0.00257161236368, -0.00287273456343, 0.00290087866597], [-0.000761444680393, 0.00521251140162, -0.000886238296516, 0.00612127361819, -0.00295354006812, 0.00976321753114, -0.00187683000695, 0.00362054165453, -0.00281593645923, 0.00491617852822, -0.00198487355374, 0.00380231044255, -0.00441191717982], [0.000191038881894, -0.00126784329768, 0.000486805191031, -0.00177378789522, -0.00112186442129, -0.00187683000695, 0.00697997352108, -0.00382244377397, 7.2674571129e-005, -0.000287255243165, 0.000181159703061, 0.000434601533925, -0.000365307671018], [-0.000884472159669, 0.00546757224947, 0.000364204955986, 0.00643938640133, -0.00213259528391, 0.00362054165453, -0.00382244377397, 0.0129321757704, -0.00366559717804, 0.00496423896402, -0.00494399154559, 0.00318144611083, -0.00159244099632], [0.000581637606956, -0.00423503667116, -0.000987687963061, -0.00385449710302, 0.000712680805009, -0.00281593645923, 7.2674571129e-005, -0.00366559717804, 0.0130580691621, -0.00752723962069, 0.00194270187058, 0.000107493549876, -0.000444010162028], [-0.000974241353106, 0.00631601456553, -1.47024366015e-005, 0.0055921357125, -0.00266655511223, 0.00491617852822, -0.000287255243165, 0.00496423896402, -0.00752723962069, 0.0176731068641, -0.00330675742589, 0.00145344249904, 0.000319995888276], [0.000769230478909, -0.0046757189557, 0.000411439716117, -0.0046775364317, 0.00257161236368, -0.00198487355374, 0.000181159703061, -0.00494399154559, 0.00194270187058, -0.00330675742589, 0.0115334503353, -0.00420596683398, -0.000952341593802], [-0.000706515798811, 0.00484393816441, -0.000647772627417, 0.00663240114227, -0.00287273456343, 0.00380231044255, 0.000434601533925, 0.00318144611083, 0.000107493549876, 0.00145344249904, -0.00420596683398, 0.0154070882127, -0.00420849304646], [0.00062848982634, -0.00387421483174, 0.000758309615776, -0.00399337336421, 0.00290087866597, -0.00441191717982, -0.000365307671018, -0.00159244099632, -0.000444010162028, 0.000319995888276, -0.000952341593802, -0.00420849304646, 0.0181166101247]]
    },
    "melbands": {
        "mean": [0.0112442215905, 0.00715470453724, 0.00221102917567, 0.000969156855717, 0.000312404910801, 0.000319067679811, 0.000276969396509, 0.00013202217815, 8.26033574413e-005, 6.8628884037e-005, 5.98012520641e-005, 3.82817415812e-005, 6.09948911006e-005, 4.54793553217e-005, 2.56802504737e-005, 1.71222873178e-005, 1.89527800103e-005, 1.26441855173e-005, 1.38994882946e-005, 9.35387470236e-006, 9.14017346076e-006, 6.1064770307e-006, 8.48706713441e-006, 8.93603919394e-006, 6.99012571204e-006, 9.11012193683e-006, 6.26599057796e-006, 3.16525733979e-006, 2.53786106441e-006, 2.43509771281e-006, 1.74894216798e-006, 1.0867867104e-006, 9.42783174196e-007, 5.1953026059e-007, 3.3501939356e-007, 2.92937698987e-007, 2.42934987682e-007, 1.9784376093e-007, 1.97565654503e-007, 1.25376814708e-007],
        "var": [0.000325701141264, 0.000223463706789, 3.64892475773e-005, 9.58843520493e-006, 2.79898699773e-007, 6.1022007003e-007, 6.72714861594e-007, 6.31036982668e-008, 3.17509574188e-008, 6.38604475967e-008, 1.14845208898e-008, 2.92780755196e-009, 1.87976407773e-008, 9.01313867985e-009, 2.11534700867e-009, 6.4539507072e-010, 1.09361375511e-009, 4.60249754974e-010, 4.75781636311e-010, 3.29912708263e-010, 3.93380134023e-010, 1.34114677697e-010, 1.07396103122e-009, 1.10593667557e-009, 2.45703762891e-010, 1.05217468072e-009, 7.33131721997e-010, 9.25275620012e-011, 8.11572684056e-011, 8.85365114556e-011, 5.57550255964e-011, 2.92011102798e-011, 2.77080112326e-011, 6.06443064169e-012, 2.51065813105e-012, 1.70340054995e-012, 1.44936178944e-012, 8.42508300538e-013, 9.30830716325e-013, 3.71026478855e-013]
    },
    "mfcc": {
        "mean": [-696.888305664, 174.76550293, -2.45743989944, 36.674243927, 14.62586689, 13.8909292221, 12.7721300125, 10.2783460617, 4.26102876663, 6.46909475327, 2.02837061882, 4.30586767197, 3.0044734478],
        "cov": [[3826.00048828, -1178.78137207, 344.17489624, 543.358337402, -151.003845215, 98.806854248, -106.071113586, -161.6434021, 5.1656370163, 96.505645752, 73.5755691528, -101.224510193, -118.764122009], [-1178.78137207, 1263.7244873, -177.653884888, -174.992126465, 102.120788574, -71.8803405762, 56.1702613831, 93.9897766113, 13.7738447189, -41.8507385254, -35.4857444763, 80.4987640381, 104.129180908], [344.17489624, -177.653884888, 448.346862793, -108.157447815, 5.54423952103, 23.9367179871, -57.7845916748, -34.3822021484, -1.72456634045, -23.9381790161, -5.76743841171, -6.55358505249, -20.6746120453], [543.358337402, -174.992126465, -108.157447815, 400.39654541, -12.6634702682, 17.9907608032, -9.7948513031, -44.2843284607, -19.0724563599, 35.8650665283, 44.1328926086, -16.6298713684, -27.7338180542], [-151.003845215, 102.120788574, 5.54423952103, -12.6634702682, 183.785140991, 56.0194282532, -1.34593355656, 9.65444087982, 10.5665864944, 9.15850257874, 16.9101543427, -5.05698013306, -7.1087269783], [98.806854248, -71.8803405762, 23.9367179871, 17.9907608032, 56.0194282532, 197.440750122, -0.404307156801, -12.9389228821, 42.6724014282, 26.1781749725, 20.5874347687, -30.0814743042, -29.2087001801], [-106.071113586, 56.1702613831, -57.7845916748, -9.7948513031, -1.34593355656, -0.404307156801, 175.946960449, 92.5067138672, 29.1672153473, 28.8717346191, -15.30219841, 22.5805492401, 23.7128391266], [-161.6434021, 93.9897766113, -34.3822021484, -44.2843284607, 9.65444087982, -12.9389228821, 92.5067138672, 146.290649414, 46.2521591187, 10.3001070023, -11.5629930496, 23.16614151, 30.9183673859], [5.1656370163, 13.7738447189, -1.72456634045, -19.0724563599, 10.5665864944, 42.6724014282, 29.1672153473, 46.2521591187, 110.636711121, 53.7875404358, 12.4659776688, -0.337327510118, 2.8659594059], [96.505645752, -41.8507385254, -23.9381790161, 35.8650665283, 9.15850257874, 26.1781749725, 28.8717346191, 10.3001070023, 53.7875404358, 123.931350708, 43.6948852539, -6.37477493286, -15.7067728043], [73.5755691528, -35.4857444763, -5.76743841171, 44.1328926086, 16.9101543427, 20.5874347687, -15.30219841, -11.5629930496, 12.4659776688, 43.6948852539, 92.6781234741, 7.10385608673, -12.5306863785], [-101.224510193, 80.4987640381, -6.55358505249, -16.6298713684, -5.05698013306, -30.0814743042, 22.5805492401, 23.16614151, -0.337327510118, -6.37477493286, 7.10385608673, 81.8924255371, 43.4876899719], [-118.764122009, 104.129180908, -20.6746120453, -27.7338180542, -7.1087269783, -29.2087001801, 23.7128391266, 30.9183673859, 2.8659594059, -15.7067728043, -12.5306863785, 43.4876899719, 96.1115493774]],
        "icov": [[0.000498222594615, 0.000278968451312, -0.000427962047979, -0.000646310742013, 0.000243750080699, -3.72848080588e-005, 3.78857148462e-005, 8.7241147412e-005, -0.000151627595187, -0.000169391569216, 4.81127572129e-005, 0.000172614119947, -9.08544898266e-005], [0.000278968451312, 0.00126893748529, 0.000282327877358, 9.98260293272e-005, -0.000609472917859, 0.000300599203911, 9.48001325014e-005, -0.000111281275167, -0.000266144808847, 0.00014961209672, 0.000198171823286, -0.000461741583422, -0.000614704797044], [-0.000427962047979, 0.000282327877358, 0.00319322990254, 0.0015335228527, -0.000485396129079, -0.000156384470756, 0.000645671680104, 0.00020805594977, -0.000145179743413, 0.000567389361095, 3.94162161683e-005, -0.000750325620174, 0.000426734419307], [-0.000646310742013, 9.98260293272e-005, 0.0015335228527, 0.00408972240984, -0.000279283180134, -0.000101556928712, -0.000218967004912, 0.000590226671193, 0.000868482457008, -0.000256662315223, -0.00113510340452, -0.00016989967844, 0.000276882608887], [0.000243750080699, -0.000609472917859, -0.000485396129079, -0.000279283180134, 0.00676611158997, -0.00210775248706, 0.000408475985751, -0.000863848079462, 0.000709601154085, -0.000355747033609, -0.00103684980422, 0.000430703774327, 0.000404155522119], [-3.72848080588e-005, 0.000300599203911, -0.000156384470756, -0.000101556928712, -0.00210775248706, 0.006955049932, -0.000974950555246, 0.00156531273387, -0.00323307537474, 0.00081042421516, -0.000937642878853, 0.00168654485606, 0.000603561522439], [3.78857148462e-005, 9.48001325014e-005, 0.000645671680104, -0.000218967004912, 0.000408475985751, -0.000974950555246, 0.00970354769379, -0.00590122910216, 0.00137622829061, -0.00299034593627, 0.0024947214406, -0.00173644069582, -0.000160749681527], [8.7241147412e-005, -0.000111281275167, 0.00020805594977, 0.000590226671193, -0.000863848079462, 0.00156531273387, -0.00590122910216, 0.0129439728335, -0.00514898635447, 0.00196172646247, -0.000308767776005, -0.000325578817865, -0.00127157964744], [-0.000151627595187, -0.000266144808847, -0.000145179743413, 0.000868482457008, 0.000709601154085, -0.00323307537474, 0.00137622829061, -0.00514898635447, 0.0152871906757, -0.00647137640044, 0.000656375021208, 7.53513086238e-005, -0.000754791835789], [-0.000169391569216, 0.00014961209672, 0.000567389361095, -0.000256662315223, -0.000355747033609, 0.00081042421516, -0.00299034593627, 0.00196172646247, -0.00647137640044, 0.0138074131683, -0.00556499511003, 0.00104761135299, 0.00125312351156], [4.81127572129e-005, 0.000198171823286, 3.94162161683e-005, -0.00113510340452, -0.00103684980422, -0.000937642878853, 0.0024947214406, -0.000308767776005, 0.000656375021208, -0.00556499511003, 0.0151725523174, -0.00389275490306, 0.00145835313015], [0.000172614119947, -0.000461741583422, -0.000750325620174, -0.00016989967844, 0.000430703774327, 0.00168654485606, -0.00173644069582, -0.000325578817865, 7.53513086238e-005, 0.00104761135299, -0.00389275490306, 0.0181129127741, -0.00695344805717], [-9.08544898266e-005, -0.000614704797044, 0.000426734419307, 0.000276882608887, 0.000404155522119, 0.000603561522439, -0.000160749681527, -0.00127157964744, -0.000754791835789, 0.00125312351156, 0.00145835313015, -0.00695344805717, 0.0153556838632]]
    },
    "spectral_contrast_coeffs": {
        "mean": [-0.68957722187, -0.750135302544, -0.758770704269, -0.771672487259, -0.778662919998, -0.751734495163],
        "var": [0.00558782648295, 0.0045735873282, 0.0026989269536, 0.00165826035663, 0.00217737467028, 0.00307956594042]
    },
    "spectral_contrast_valleys": {
        "mean": [-6.56340503693, -6.89816427231, -7.62985706329, -8.15208339691, -8.38191795349, -11.6073703766],
        "var": [1.15493011475, 1.07187652588, 0.939743578434, 1.00334727764, 1.34038937092, 1.32268798351]
    }
},
"metadata": {
    "audio_properties": {
        "analysis_sample_rate": 44100,
        "bit_rate": 107374,
        "equal_loudness": 0,
        "length": 45.0873451233,
        "lossless": 0,
        "replay_gain": 0.868379592896,
        "sample_rate": 44100,
        "codec": "mp3",
        "downmix": "mix",
        "md5_encoded": "5819a3654235b4ce80d8a30319ab68b7"
    },
    "tags": {
        "file_name": "410.mp3"
    },
    "version": {
        "essentia": "2.1-beta2",
        "essentia_git_sha": "v2.1_beta2",
        "extractor": "music 1.0"
    }
},
"rhythm": {
    "beats_count": 59,
    "beats_loudness": {
        "mean": 0.149985492229,
        "var": 0.0142888342962
    },
    "bpm": 79.9029464722,
    "bpm_histogram_first_peak_bpm": {
        "mean": 81,
        "var": 0
    },
    "bpm_histogram_first_peak_spread": {
        "mean": 0.105263151228,
        "var": 0
    },
    "bpm_histogram_first_peak_weight": {
        "mean": 0.879310369492,
        "var": 0
    },
    "bpm_histogram_second_peak_bpm": {
        "mean": 76,
        "var": 0
    },
    "bpm_histogram_second_peak_spread": {
        "mean": 0,
        "var": 0
    },
    "bpm_histogram_second_peak_weight": {
        "mean": 0.0172413792461,
        "var": 0
    },
    "danceability": 1.29131031036,
    "onset_rate": 3.76900339127,
    "beats_loudness_band_ratio": {
        "mean": [0.834552109241, 0.139797016978, 0.0661470592022, 0.0276977233589, 0.012872196734, 0.00916378572583],
        "var": [0.0216243993491, 0.0189795773476, 0.00721930526197, 0.00131187168881, 0.000182825824595, 0.000224550021812]
    },
    "beats_position": [0.766258478165, 1.54412698746, 2.33360528946, 3.11147379875, 3.86612248421, 4.62077093124, 5.3754196167, 6.11845779419, 6.87310647964, 7.6277551651, 8.38240337372, 9.12544155121, 9.86848068237, 10.6115188599, 11.3661680222, 12.1092061996, 12.8638544083, 13.6068935394, 14.361541748, 15.1161899567, 15.8592290878, 16.6138763428, 17.3685264587, 18.1115646362, 18.8546028137, 19.5976409912, 20.3406791687, 21.0837192535, 21.826757431, 22.5814056396, 23.3360538483, 24.0790920258, 24.8221302032, 25.5651702881, 26.3082084656, 27.0512466431, 27.8175048828, 28.5837631226, 29.3384113312, 30.0930614471, 30.8360996246, 31.5907478333, 32.3453979492, 33.0884361267, 33.8314743042, 34.5861206055, 35.3407707214, 36.0838088989, 36.8268470764, 37.5931053162, 38.3361434937, 39.0791816711, 39.8222198486, 40.5652618408, 41.3199081421, 42.0629463196, 42.8175964355, 43.560634613, 44.3268928528]
},
"tonal": {
    "chords_changes_rate": 0.091563783586,
    "chords_number_rate": 0.00925925932825,
    "chords_strength": {
        "mean": 0.436401575804,
        "var": 0.0073342951946
    },
    "hpcp_entropy": {
        "mean": 1.9493008852,
        "var": 0.516862988472
    },
    "key_strength": 0.643948256969,
    "tuning_diatonic_strength": 0.578945755959,
    "tuning_equal_tempered_deviation": 0.231600522995,
    "tuning_frequency": 434.193115234,
    "tuning_nontempered_energy_ratio": 0.911430835724,
    "hpcp": {
        "mean": [0.0410160087049, 0.0445761345327, 0.042382478714, 0.066115476191, 0.0790591463447, 0.0675231069326, 0.092400982976, 0.190054342151, 0.382263958454, 0.560705661774, 0.430705666542, 0.159444615245, 0.05445510149, 0.0269143972546, 0.0210029892623, 0.0339757539332, 0.048734202981, 0.0450578443706, 0.0520043484867, 0.0547556355596, 0.0349988266826, 0.0245237816125, 0.0242214351892, 0.0462319403887, 0.0803193449974, 0.0641941055655, 0.030344221741, 0.036123842001, 0.0552135296166, 0.0717170983553, 0.125574886799, 0.137783959508, 0.07627915591, 0.036813352257, 0.0283021852374, 0.0327673666179],
        "var": [0.0198449380696, 0.0241142679006, 0.0196901950985, 0.0264164339751, 0.0340339653194, 0.0333403684199, 0.0543163158, 0.0967659279704, 0.130151182413, 0.154487490654, 0.131793648005, 0.0574455223978, 0.0242749210447, 0.0121874017641, 0.00857486110181, 0.0112529676408, 0.0176718551666, 0.0156428273767, 0.0176870152354, 0.020339332521, 0.00940278824419, 0.00440656626597, 0.00738712027669, 0.0191109031439, 0.0514791794121, 0.0273939240724, 0.00913380924612, 0.0136221200228, 0.02689990215, 0.025963390246, 0.0475343354046, 0.0513954907656, 0.0221595540643, 0.00971324834973, 0.0122256865725, 0.0143981063738]
    },
    "chords_histogram": [23.7654323578, 1.33744859695, 35.3909454346, 6.27572011948, 0, 2.57201647758, 0.102880656719, 7.81893014908, 0, 7.51028823853, 0, 13.7860078812, 0, 0, 0, 0, 0, 0, 0, 0, 1.44032919407, 0, 0, 0],
    "thpcp": [1, 0.768149316311, 0.284364193678, 0.0971188694239, 0.0480009354651, 0.0374581366777, 0.0605946332216, 0.0869158357382, 0.0803591758013, 0.0927480384707, 0.097654864192, 0.0624192506075, 0.0437373518944, 0.0431981272995, 0.0824531391263, 0.143246889114, 0.114488065243, 0.0541179142892, 0.0644256770611, 0.0984714999795, 0.127905070782, 0.223958656192, 0.245733126998, 0.136041358113, 0.0656553953886, 0.0504760108888, 0.0584395155311, 0.0731506943703, 0.0795000642538, 0.0755877494812, 0.117914766073, 0.140999376774, 0.120425224304, 0.164794102311, 0.338955640793, 0.681755125523],
    "chords_key": "C",
    "chords_scale": "minor",
    "key_key": "F",
    "key_scale": "minor"
}
}