{
"lowlevel": {
    "average_loudness": 0.983874619007,
    "barkbands_crest": {
        "mean": 14.3106021881,
        "var": 30.64336586
    },
    "barkbands_flatness_db": {
        "mean": 0.198915183544,
        "var": 0.00660305470228
    },
    "barkbands_kurtosis": {
        "mean": 24.5055351257,
        "var": 13493.8603516
    },
    "barkbands_skewness": {
        "mean": 2.88564372063,
        "var": 10.7598924637
    },
    "barkbands_spread": {
        "mean": 22.1328754425,
        "var": 356.904602051
    },
    "dissonance": {
        "mean": 0.478791385889,
        "var": 0.000573492259718
    },
    "dynamic_complexity": 1.94712758064,
    "erbbands_crest": {
        "mean": 9.2544631958,
        "var": 19.9723567963
    },
    "erbbands_flatness_db": {
        "mean": 0.163647845387,
        "var": 0.00515933148563
    },
    "erbbands_kurtosis": {
        "mean": 2.16412401199,
        "var": 22.0107517242
    },
    "erbbands_skewness": {
        "mean": -0.436638861895,
        "var": 1.26103103161
    },
    "erbbands_spread": {
        "mean": 42.4534950256,
        "var": 711.36541748
    },
    "hfc": {
        "mean": 29.9278469086,
        "var": 784.357421875
    },
    "melbands_crest": {
        "mean": 23.2889900208,
        "var": 56.1370544434
    },
    "melbands_flatness_db": {
        "mean": 0.268143713474,
        "var": 0.00983311235905
    },
    "melbands_kurtosis": {
        "mean": 52.8514137268,
        "var": 6710.41503906
    },
    "melbands_skewness": {
        "mean": 4.97334527969,
        "var": 13.0875988007
    },
    "melbands_spread": {
        "mean": 19.7448940277,
        "var": 467.22769165
    },
    "pitch_salience": {
        "mean": 0.41495680809,
        "var": 0.020636992529
    },
    "silence_rate_20dB": {
        "mean": 1,
        "var": 0
    },
    "silence_rate_30dB": {
        "mean": 0.935118436813,
        "var": 0.0606730058789
    },
    "silence_rate_60dB": {
        "mean": 0.0247167870402,
        "var": 0.0241053216159
    },
    "spectral_centroid": {
        "mean": 1650.03857422,
        "var": 633974.8125
    },
    "spectral_complexity": {
        "mean": 17.6941299438,
        "var": 87.8960647583
    },
    "spectral_decrease": {
        "mean": -1.54189550017e-008,
        "var": 9.31002234991e-017
    },
    "spectral_energy": {
        "mean": 0.0609092600644,
        "var": 0.00137852551416
    },
    "spectral_energyband_high": {
        "mean": 0.00134802935645,
        "var": 5.07336153532e-006
    },
    "spectral_energyband_low": {
        "mean": 0.0466309972107,
        "var": 0.00104348093737
    },
    "spectral_energyband_middle_high": {
        "mean": 0.00754713546485,
        "var": 7.37212758395e-005
    },
    "spectral_energyband_middle_low": {
        "mean": 0.00554336979985,
        "var": 6.86904313625e-005
    },
    "spectral_entropy": {
        "mean": 7.57068824768,
        "var": 0.349163234234
    },
    "spectral_flux": {
        "mean": 0.117614157498,
        "var": 0.00527546228841
    },
    "spectral_kurtosis": {
        "mean": 4.71322584152,
        "var": 22.9721603394
    },
    "spectral_rms": {
        "mean": 0.00728979660198,
        "var": 6.28247380519e-006
    },
    "spectral_rolloff": {
        "mean": 1201.06030273,
        "var": 3654007
    },
    "spectral_skewness": {
        "mean": 1.50569903851,
        "var": 0.311555296183
    },
    "spectral_spread": {
        "mean": 5177895,
        "var": 9.25422216806e+012
    },
    "spectral_strongpeak": {
        "mean": 0.953642070293,
        "var": 3.72399735451
    },
    "zerocrossingrate": {
        "mean": 0.057612914592,
        "var": 0.00194434251171
    },
    "barkbands": {
        "mean": [0.00908717885613, 0.0322058722377, 0.00525542069227, 0.00205057370476, 0.00164752709679, 0.000875936879311, 0.000249732198426, 0.000292907789117, 0.000288316863589, 0.000255508348346, 0.000484384043375, 0.00096138054505, 0.000535749015398, 0.00159747991711, 0.000775016727857, 0.00080499186879, 0.000935008167289, 0.000669876171742, 0.000484060234157, 0.000157921705977, 5.65093723708e-005, 0.000135655878694, 0.000408153951867, 0.000306411937345, 0.000205735908821, 0.000178808229975, 3.27437396663e-006],
        "var": [0.000181667986908, 0.000548952317331, 4.44890793005e-005, 1.95099219127e-005, 1.37618571898e-005, 8.49902335176e-006, 2.36626675587e-007, 1.17169872738e-006, 4.85191037569e-007, 4.1114412852e-007, 1.08643962449e-006, 4.07624838772e-006, 1.79339247097e-006, 1.41270520544e-005, 1.2870422097e-006, 2.59179296336e-006, 4.04172533308e-006, 2.47186812885e-006, 1.34750803227e-006, 5.71196672183e-008, 8.39070768421e-009, 3.8713274364e-008, 5.92425294599e-007, 3.00898847172e-007, 2.01802123456e-007, 1.44944266367e-007, 6.85850404247e-011]
    },
    "erbbands": {
        "mean": [1.64949798584, 4.38775920868, 6.04749488831, 7.52441835403, 5.47445201874, 5.54897785187, 6.69135189056, 6.42816734314, 3.73398399353, 3.84232497215, 8.37901878357, 7.0515294075, 8.63974666595, 9.45831394196, 23.293428421, 42.4647789001, 29.0389118195, 80.6635971069, 39.5056495667, 52.8101730347, 51.9997558594, 41.358669281, 36.9076766968, 31.9392585754, 17.2681159973, 6.614361763, 2.82147407532, 2.48664402962, 3.752140522, 11.7140207291, 11.7727994919, 7.63417387009, 4.08614635468, 2.52082490921, 1.39939880371, 0.694241344929, 0.406964987516, 0.040077637881, 0.000862459826749, 0.000103017584479],
        "var": [1.68992400169, 19.6049575806, 49.6459999084, 155.352340698, 114.86302948, 173.678955078, 707.61138916, 398.293182373, 40.9552192688, 59.4307861328, 829.987121582, 287.856719971, 443.387908936, 351.641143799, 2647.22973633, 9986.765625, 2890.69287109, 33248.2773438, 3651.59790039, 8934.97460938, 6958.11328125, 5270.20654297, 7055.29296875, 5645.23193359, 876.350769043, 86.7138824463, 25.1104240417, 12.0584163666, 33.5136108398, 436.282623291, 497.900085449, 195.192489624, 51.174987793, 26.5154361725, 11.4326105118, 2.3400952816, 0.826032757759, 0.0069544990547, 3.05660819322e-006, 7.74663000414e-009]
    },
    "gfcc": {
        "mean": [-3.8794400692, 77.8834609985, -113.422859192, 51.3835906982, -26.144701004, 40.3198928833, -36.8497695923, 10.4305086136, -10.2923336029, -2.03769564629, -1.48530983925, 4.36579704285, -12.2353954315],
        "cov": [[7311.37060547, -1073.37597656, 825.350891113, 44.0234413147, -97.1010284424, 253.827087402, -484.940246582, 526.574951172, -328.090423584, 409.501739502, -371.803222656, 379.935943604, -335.448699951], [-1073.37597656, 2079.43579102, -422.850463867, 464.281860352, 346.292266846, -181.208496094, 459.487243652, -168.357467651, 320.569061279, -280.310302734, 343.201782227, -344.621002197, 281.580047607], [825.350891113, -422.850463867, 2441.35693359, 408.643463135, 0.190969482064, 436.549530029, 65.7900543213, 283.966430664, -16.5088996887, 183.858169556, -175.372299194, 294.844390869, -175.734451294], [44.0234413147, 464.281860352, 408.643463135, 765.760192871, 312.834259033, -17.2764053345, 176.569107056, 54.1096115112, 87.4977874756, -27.6760120392, 155.403366089, -60.9043121338, 67.6357269287], [-97.1010284424, 346.292266846, 0.190969482064, 312.834259033, 574.973022461, 25.5814685822, 83.0255126953, 31.0467987061, 55.7472915649, 9.104596138, 174.258956909, -32.5985984802, 32.7679481506], [253.827087402, -181.208496094, 436.549530029, -17.2764053345, 25.5814685822, 342.803253174, 76.223815918, 58.7298316956, -7.25191688538, 34.7371482849, -20.4660358429, 84.5089035034, -45.1081733704], [-484.940246582, 459.487243652, 65.7900543213, 176.569107056, 83.0255126953, 76.223815918, 347.417999268, 52.6222572327, 112.20035553, -66.8766555786, 105.089729309, -57.1474189758, 84.4196624756], [526.574951172, -168.357467651, 283.966430664, 54.1096115112, 31.0467987061, 58.7298316956, 52.6222572327, 252.680023193, 11.049539566, 65.1596298218, -28.9797019958, 53.6618041992, -35.7955818176], [-328.090423584, 320.569061279, -16.5088996887, 87.4977874756, 55.7472915649, -7.25191688538, 112.20035553, 11.049539566, 198.98928833, -6.97148370743, 71.7441864014, -64.6944351196, 40.3189430237], [409.501739502, -280.310302734, 183.858169556, -27.6760120392, 9.104596138, 34.7371482849, -66.8766555786, 65.1596298218, -6.97148370743, 166.091644287, -25.4692077637, 66.8653869629, -44.320690155], [-371.803222656, 343.201782227, -175.372299194, 155.403366089, 174.258956909, -20.4660358429, 105.089729309, -28.9797019958, 71.7441864014, -25.4692077637, 220.150405884, -12.9214897156, 84.0989532471], [379.935943604, -344.621002197, 294.844390869, -60.9043121338, -32.5985984802, 84.5089035034, -57.1474189758, 53.6618041992, -64.6944351196, 66.8653869629, -12.9214897156, 185.153884888, -28.8423976898], [-335.448699951, 281.580047607, -175.734451294, 67.6357269287, 32.7679481506, -45.1081733704, 84.4196624756, -35.7955818176, 40.3189430237, -44.320690155, 84.0989532471, -28.8423976898, 122.308860779]],
        "icov": [[0.000318522041198, -0.000454621214885, 0.000303094420815, -0.000427000632044, 0.00020585488528, -0.000461580231786, 0.000580532534514, -0.000719975854736, 0.000386131403502, -0.000667452986818, 0.000690806133207, -0.000957226264291, 0.000685173028614], [-0.000454621214885, 0.00254482333548, -0.000956612173468, 0.000907485722564, -0.000851255492307, 0.00142915372271, -0.0017472471809, 0.00167809135746, -0.00149201962631, 0.00238047679886, -0.0022424897179, 0.00369581324048, -0.00276172044687], [0.000303094420815, -0.000956612173468, 0.00152498448733, -0.00148543121759, 0.000520275323652, -0.00144292088225, 0.000555230537429, -0.000982908299193, 9.88922474789e-005, -0.00128224177752, 0.00222133216448, -0.0031591586303, 0.00193409982603], [-0.000427000632044, 0.000907485722564, -0.00148543121759, 0.00344248441979, -0.00132756191306, 0.00170998822432, -0.00127493403852, 0.000808520824648, -0.000197461631615, 0.00138392893132, -0.00262694479898, 0.00335240899585, -0.00203193118796], [0.00020585488528, -0.000851255492307, 0.000520275323652, -0.00132756191306, 0.00318992184475, -0.00115911453031, 0.00103866669815, -0.00111268309411, 0.000758526031859, -0.00127161154523, -0.00134783575777, -0.00063589256024, 0.00174733623862], [-0.000461580231786, 0.00142915372271, -0.00144292088225, 0.00170998822432, -0.00115911453031, 0.00583194941282, -0.00316443503834, 0.00178597064223, -0.000636904849671, 0.00147214124445, -0.00160448707175, 0.00119779352099, -0.000277620973065], [0.000580532534514, -0.0017472471809, 0.000555230537429, -0.00127493403852, 0.00103866669815, -0.00316443503834, 0.0076568084769, -0.00360838649794, -0.000355954805855, 6.95673152222e-005, 0.000211910824873, -0.000986241502687, -0.000904474989511], [-0.000719975854736, 0.00167809135746, -0.000982908299193, 0.000808520824648, -0.00111268309411, 0.00178597064223, -0.00360838649794, 0.00753650441766, -0.00154271814972, 0.000211077291169, -0.000518251152243, 0.0013492241269, -0.000784719130024], [0.000386131403502, -0.00149201962631, 9.88922474789e-005, -0.000197461631615, 0.000758526031859, -0.000636904849671, -0.000355954805855, -0.00154271814972, 0.00862814579159, -0.00302493618801, -0.00102653808426, 0.00118369690608, 0.00114589452278], [-0.000667452986818, 0.00238047679886, -0.00128224177752, 0.00138392893132, -0.00127161154523, 0.00147214124445, 6.95673152222e-005, 0.000211077291169, -0.00302493618801, 0.0113529628143, -0.00265956157818, 0.00175984913949, -0.00166638474911], [0.000690806133207, -0.0022424897179, 0.00222133216448, -0.00262694479898, -0.00134783575777, -0.00160448707175, 0.000211910824873, -0.000518251152243, -0.00102653808426, -0.00265956157818, 0.0133185563609, -0.00782175734639, -0.000454582332168], [-0.000957226264291, 0.00369581324048, -0.0031591586303, 0.00335240899585, -0.00063589256024, 0.00119779352099, -0.000986241502687, 0.0013492241269, 0.00118369690608, 0.00175984913949, -0.00782175734639, 0.0173001214862, -0.00613373983651], [0.000685173028614, -0.00276172044687, 0.00193409982603, -0.00203193118796, 0.00174733623862, -0.000277620973065, -0.000904474989511, -0.000784719130024, 0.00114589452278, -0.00166638474911, -0.000454582332168, -0.00613373983651, 0.0180244743824]]
    },
    "melbands": {
        "mean": [0.0117808710784, 0.00399354472756, 0.00124212354422, 0.000389273336623, 0.000234143255511, 0.000148649254697, 5.71855707676e-005, 4.34278845205e-005, 7.16127251508e-005, 4.01116958528e-005, 4.20166616095e-005, 3.28985952365e-005, 7.16240610927e-005, 9.39936289797e-005, 8.93860196811e-005, 6.06087996857e-005, 0.000171790816239, 6.53483075439e-005, 6.59598663333e-005, 6.63185273879e-005, 6.52605303912e-005, 5.10770041728e-005, 2.54988844972e-005, 3.75620293198e-005, 2.50430584856e-005, 1.39735784614e-005, 9.51390029513e-006, 3.19214677802e-006, 2.04784078051e-006, 9.90153807834e-007, 1.60498655077e-006, 1.80883910161e-006, 3.60630860996e-006, 7.0742803473e-006, 7.64799733588e-006, 4.75201386507e-006, 4.41622341896e-006, 3.0658891319e-006, 2.00283216145e-006, 2.10818984669e-006],
        "var": [7.68587633502e-005, 1.48099643411e-005, 3.66808126273e-006, 6.91078298587e-007, 6.82165136823e-007, 2.08071327279e-007, 1.01703205857e-008, 9.20605902621e-009, 5.0737792634e-008, 9.73768443657e-009, 1.117347459e-008, 5.15959897029e-009, 2.6599858316e-008, 4.24056452175e-008, 2.52502925235e-008, 3.27677618372e-008, 1.72274738475e-007, 1.41965283973e-008, 1.00403365622e-008, 1.85872295333e-008, 1.41875124982e-008, 1.12062821245e-008, 2.29871810475e-009, 1.18181358033e-008, 3.99392074968e-009, 1.02962049997e-009, 2.73835149001e-010, 2.1817544299e-011, 1.48567460417e-011, 3.14899582105e-012, 5.78417912525e-012, 8.77549855699e-012, 3.06730439659e-011, 1.70167491209e-010, 2.23094653862e-010, 7.38772654163e-011, 6.63245916521e-011, 2.87974331881e-011, 1.3135618461e-011, 2.02159799317e-011]
    },
    "mfcc": {
        "mean": [-646.286010742, 102.54838562, -3.35700297356, 22.4958782196, 37.8276481628, 25.4461708069, 4.98573923111, 21.786026001, -6.3461060524, 10.0238962173, 4.27226352692, 3.02499604225, 8.64923000336],
        "cov": [[4645.36767578, -563.986022949, 110.229576111, -44.1144866943, 207.153045654, -279.368652344, -5.92570495605, -81.2444992065, 31.5020027161, 100.433677673, 37.769985199, -108.309181213, -12.1262435913], [-563.986022949, 1281.09326172, -209.272857666, 303.086273193, 22.8050994873, 101.842193604, 106.885414124, 91.818397522, 61.2002296448, 91.8770599365, 25.1076927185, 62.2206497192, -10.3906736374], [110.229576111, -209.272857666, 1962.37670898, 139.585067749, 183.071777344, 239.132843018, 132.470458984, 262.169036865, 138.816314697, 23.4718742371, 157.259017944, 35.9376144409, 24.9003372192], [-44.1144866943, 303.086273193, 139.585067749, 796.999572754, 275.866912842, 76.2613372803, 172.522857666, 65.041557312, 51.317440033, 74.7080230713, 63.1067810059, 79.8804626465, 43.9886817932], [207.153045654, 22.8050994873, 183.071777344, 275.866912842, 468.711090088, 99.0456924438, 105.462738037, 50.947845459, -6.38365459442, 24.5715694427, 66.6330795288, 73.4856338501, 53.0281028748], [-279.368652344, 101.842193604, 239.132843018, 76.2613372803, 99.0456924438, 254.676879883, 96.79347229, 65.9899978638, 26.2038917542, -5.28968524933, 31.10222435, 43.9776535034, 23.8004379272], [-5.92570495605, 106.885414124, 132.470458984, 172.522857666, 105.462738037, 96.79347229, 259.375061035, 135.117080688, 47.2379226685, 16.4730625153, 36.1762733459, 61.4909744263, 23.7778682709], [-81.2444992065, 91.818397522, 262.169036865, 65.041557312, 50.947845459, 65.9899978638, 135.117080688, 222.591384888, 67.8257980347, 20.2429389954, 56.7010269165, 44.3226318359, 10.0625190735], [31.5020027161, 61.2002296448, 138.816314697, 51.317440033, -6.38365459442, 26.2038917542, 47.2379226685, 67.8257980347, 141.815490723, 70.3562469482, 44.2629814148, 18.9852142334, -10.6291942596], [100.433677673, 91.8770599365, 23.4718742371, 74.7080230713, 24.5715694427, -5.28968524933, 16.4730625153, 20.2429389954, 70.3562469482, 123.527984619, 66.3313293457, 12.299943924, -12.499253273], [37.769985199, 25.1076927185, 157.259017944, 63.1067810059, 66.6330795288, 31.10222435, 36.1762733459, 56.7010269165, 44.2629814148, 66.3313293457, 123.365493774, 55.7359619141, 5.51894903183], [-108.309181213, 62.2206497192, 35.9376144409, 79.8804626465, 73.4856338501, 43.9776535034, 61.4909744263, 44.3226318359, 18.9852142334, 12.299943924, 55.7359619141, 111.834098816, 43.0079994202], [-12.1262435913, -10.3906736374, 24.9003372192, 43.9886817932, 53.0281028748, 23.8004379272, 23.7778682709, 10.0625190735, -10.6291942596, -12.499253273, 5.51894903183, 43.0079994202, 74.3622665405]],
        "icov": [[0.000276082020719, 8.25335082482e-005, -2.95886056847e-005, 6.77330390317e-005, -0.0002204865159, 0.000373202143237, -0.000225415744353, 0.00016687803145, -0.000111015004222, -0.000189344500541, -0.000113135574793, 0.000393489492126, -0.000153202374349], [8.25335082482e-005, 0.00108172919136, 0.000194907363039, -0.000383902370231, 0.000183066731552, -0.000453878688859, 0.000115751216072, -0.000554905796889, 0.000188498044736, -0.00099453877192, 0.000616832228843, -0.000514676154125, 0.00049090210814], [-2.95886056847e-005, 0.000194907363039, 0.000807950214949, -0.000143350363942, -7.02419565641e-005, -0.000632131414022, 0.000303708045976, -0.000748564896639, -0.000571901036892, 0.000648728106171, -0.00100614421535, 0.000748713093344, -0.000237799671595], [6.77330390317e-005, -0.000383902370231, -0.000143350363942, 0.00201068003662, -0.000982034020126, 0.000431597407442, -0.00107327906881, 0.000643872714136, -0.000241514018853, -0.000705179816578, 0.000177639347385, -8.45990725793e-005, -0.000483095995151], [-0.0002204865159, 0.000183066731552, -7.02419565641e-005, -0.000982034020126, 0.00346874305978, -0.00103696226142, -0.000189110680367, -0.000151492044097, 0.00135884631891, -0.0004217341193, -0.000725200865418, -0.000804859679192, -0.000823991780635], [0.000373202143237, -0.000453878688859, -0.000632131414022, 0.000431597407442, -0.00103696226142, 0.00611307006329, -0.00183169904631, 0.000794511812273, -0.000836935942061, 0.00118440331426, -0.000568719173316, 3.72268295905e-005, -0.000684974947944], [-0.000225415744353, 0.000115751216072, 0.000303708045976, -0.00107327906881, -0.000189110680367, -0.00183169904631, 0.0075570573099, -0.00406642304733, -0.000244098089752, -0.000121944329294, 0.00155847938731, -0.00221912306733, 0.000479951180751], [0.00016687803145, -0.000554905796889, -0.000748564896639, 0.000643872714136, -0.000151492044097, 0.000794511812273, -0.00406642304733, 0.0089814690873, -0.00264290301129, 0.00203795148991, -0.00267765321769, 0.000390404253267, -0.000304177112412], [-0.000111015004222, 0.000188498044736, -0.000571901036892, -0.000241514018853, 0.00135884631891, -0.000836935942061, -0.000244098089752, -0.00264290301129, 0.0127756437287, -0.00761977443472, 0.0020825327374, -0.00229794275947, 0.00179697957356], [-0.000189344500541, -0.00099453877192, 0.000648728106171, -0.000705179816578, -0.0004217341193, 0.00118440331426, -0.000121944329294, 0.00203795148991, -0.00761977443472, 0.0185752939433, -0.0102607812732, 0.00403191288933, 0.000177683890797], [-0.000113135574793, 0.000616832228843, -0.00100614421535, 0.000177639347385, -0.000725200865418, -0.000568719173316, 0.00155847938731, -0.00267765321769, 0.0020825327374, -0.0102607812732, 0.0194937940687, -0.00966946966946, 0.00358135742135], [0.000393489492126, -0.000514676154125, 0.000748713093344, -8.45990725793e-005, -0.000804859679192, 3.72268295905e-005, -0.00221912306733, 0.000390404253267, -0.00229794275947, 0.00403191288933, -0.00966946966946, 0.0192592591047, -0.00906148552895], [-0.000153202374349, 0.00049090210814, -0.000237799671595, -0.000483095995151, -0.000823991780635, -0.000684974947944, 0.000479951180751, -0.000304177112412, 0.00179697957356, 0.000177683890797, 0.00358135742135, -0.00906148552895, 0.0198129173368]]
    },
    "spectral_contrast_coeffs": {
        "mean": [-0.687704265118, -0.759052753448, -0.780425071716, -0.752625823021, -0.74260109663, -0.764589428902],
        "var": [0.00610526604578, 0.00462328689173, 0.00481270253658, 0.00485827308148, 0.00458741607144, 0.00209364993498]
    },
    "spectral_contrast_valleys": {
        "mean": [-7.05789041519, -7.42686843872, -7.6865477562, -7.50070667267, -7.88073158264, -10.2373685837],
        "var": [2.56943249702, 1.38253331184, 1.41346633434, 1.41408646107, 1.53001987934, 2.05611586571]
    }
},
"metadata": {
    "audio_properties": {
        "analysis_sample_rate": 44100,
        "bit_rate": 118026,
        "equal_loudness": 0,
        "length": 45.0612258911,
        "lossless": 0,
        "replay_gain": -12.7074699402,
        "sample_rate": 44100,
        "codec": "mp3",
        "downmix": "mix",
        "md5_encoded": "68af5e959d264cbc5238be005ff779f2"
    },
    "tags": {
        "file_name": "415.mp3"
    },
    "version": {
        "essentia": "2.1-beta2",
        "essentia_git_sha": "v2.1_beta2",
        "extractor": "music 1.0"
    }
},
"rhythm": {
    "beats_count": 104,
    "beats_loudness": {
        "mean": 0.0996748581529,
        "var": 0.00129186408594
    },
    "bpm": 140.043609619,
    "bpm_histogram_first_peak_bpm": {
        "mean": 140,
        "var": 0
    },
    "bpm_histogram_first_peak_spread": {
        "mean": 0.378640770912,
        "var": 0
    },
    "bpm_histogram_first_peak_weight": {
        "mean": 0.621359229088,
        "var": 0
    },
    "bpm_histogram_second_peak_bpm": {
        "mean": 0,
        "var": 0
    },
    "bpm_histogram_second_peak_spread": {
        "mean": 0,
        "var": 0
    },
    "bpm_histogram_second_peak_weight": {
        "mean": 0,
        "var": 0
    },
    "danceability": 1.40528261662,
    "onset_rate": 6.38842391968,
    "beats_loudness_band_ratio": {
        "mean": [0.826994776726, 0.0258753169328, 0.0273184161633, 0.048080984503, 0.0703245550394, 0.0155675951391],
        "var": [0.0319365635514, 0.00055525067728, 0.00305889314041, 0.00738770049065, 0.0109492922202, 0.000225823168876]
    },
    "beats_position": [0.394739210606, 0.824308395386, 1.25387752056, 1.68344664574, 2.11301589012, 2.53097510338, 2.94893407822, 3.3785033226, 3.80807256699, 4.23764181137, 4.66721057892, 5.0967798233, 5.52634906769, 5.95591831207, 6.38548755646, 6.80344676971, 7.24462556839, 7.66258478165, 8.10376358032, 8.52172279358, 8.96290206909, 9.38086128235, 9.81043052673, 10.2399997711, 10.6695690155, 11.0991382599, 11.5170974731, 11.9582767487, 12.3762359619, 12.8058052063, 13.235373497, 13.6649427414, 14.0945119858, 14.5240812302, 14.9536504745, 15.3832197189, 15.8127889633, 16.242357254, 16.6719264984, 17.0898857117, 17.5310649872, 17.9490242004, 18.390203476, 18.8081626892, 19.2493419647, 19.667301178, 20.0968704224, 20.5264396667, 20.9560089111, 21.3855781555, 21.8035373688, 22.2331066132, 22.6626758575, 23.0922451019, 23.5218143463, 23.9629936218, 24.3809528351, 24.8105201721, 25.2400894165, 25.6696586609, 26.0992279053, 26.5287971497, 26.958366394, 27.3763256073, 27.8175048828, 28.2354640961, 28.6650333405, 29.0946025848, 29.5241718292, 29.9537410736, 30.383310318, 30.8128795624, 31.2308387756, 31.6720180511, 32.0899772644, 32.5311546326, 32.9491157532, 33.3786849976, 33.8082542419, 34.2494316101, 34.6673927307, 35.0969619751, 35.5265312195, 35.9561004639, 36.3856697083, 36.8036270142, 37.244808197, 37.6627655029, 38.0923347473, 38.5219039917, 38.9514732361, 39.3810424805, 39.8106117249, 40.2401809692, 40.6697502136, 41.099319458, 41.5172767639, 41.9468460083, 42.3764152527, 42.8175964355, 43.2355537415, 43.6651229858, 44.0946922302, 44.5358734131]
},
"tonal": {
    "chords_changes_rate": 0.0514403283596,
    "chords_number_rate": 0.0102880662307,
    "chords_strength": {
        "mean": 0.389360755682,
        "var": 0.00770589150488
    },
    "hpcp_entropy": {
        "mean": 2.24435663223,
        "var": 0.529982984066
    },
    "key_strength": 0.632255733013,
    "tuning_diatonic_strength": 0.442693769932,
    "tuning_equal_tempered_deviation": 0.195889398456,
    "tuning_frequency": 434.193115234,
    "tuning_nontempered_energy_ratio": 0.806465864182,
    "hpcp": {
        "mean": [0.0392953567207, 0.0546619445086, 0.0802166312933, 0.139989048243, 0.153975173831, 0.0916409790516, 0.0798359066248, 0.100176617503, 0.0804587230086, 0.0718259364367, 0.0821154117584, 0.0664251595736, 0.0523086711764, 0.0466124974191, 0.0422191470861, 0.072090215981, 0.106204599142, 0.0894802287221, 0.0973543524742, 0.0998679995537, 0.0586671680212, 0.0531856715679, 0.0449832491577, 0.319891810417, 0.62166672945, 0.345319420099, 0.0451592840254, 0.0372582934797, 0.0373425707221, 0.0356193706393, 0.101411700249, 0.161469042301, 0.099792316556, 0.0456248708069, 0.0433349758387, 0.0352033860981],
        "var": [0.0139742232859, 0.0251112245023, 0.0339511409402, 0.0444950163364, 0.0462027080357, 0.0262206252664, 0.0312431212515, 0.0417558401823, 0.0368221700191, 0.0335523299873, 0.0452883578837, 0.0222563799471, 0.017415208742, 0.0176688637584, 0.0146363331005, 0.0198169145733, 0.0420121736825, 0.0294743701816, 0.0480125211179, 0.0497579798102, 0.0171548910439, 0.0234295893461, 0.0203089956194, 0.0572713203728, 0.203820690513, 0.0618842691183, 0.0119223603979, 0.0150169851258, 0.0129663245752, 0.00771364290267, 0.0316400565207, 0.0863814726472, 0.0354781486094, 0.014396943152, 0.0149411354214, 0.0114281671122]
    },
    "chords_histogram": [13.0658435822, 0, 0.102880656719, 0, 0, 4.73251008987, 3.39506173134, 0, 0, 0, 0, 0, 0, 1.13168728352, 0.102880656719, 0, 0, 23.0452671051, 2.88065838814, 11.2139921188, 0, 4.83539104462, 26.6460914612, 8.84773635864],
    "thpcp": [1, 0.555473566055, 0.0726422742009, 0.0599329061806, 0.0600684732199, 0.0572965703905, 0.163128718734, 0.259735703468, 0.160523816943, 0.0733912065625, 0.0697077289224, 0.0566274262965, 0.063209682703, 0.0879280492663, 0.129034787416, 0.225183427334, 0.247681215405, 0.147411748767, 0.128422349691, 0.161141991615, 0.129424199462, 0.115537688136, 0.13208912313, 0.106850109994, 0.0841426253319, 0.074979878962, 0.0679128319025, 0.115962803364, 0.170838475227, 0.143936008215, 0.156602159142, 0.16064555943, 0.0943707674742, 0.0855533480644, 0.0723591074347, 0.514571249485],
    "chords_key": "D#",
    "chords_scale": "major",
    "key_key": "A#",
    "key_scale": "major"
}
}