{
"lowlevel": {
    "average_loudness": 0.948398530483,
    "barkbands_crest": {
        "mean": 14.3837594986,
        "var": 27.9728107452
    },
    "barkbands_flatness_db": {
        "mean": 0.223756939173,
        "var": 0.0080495160073
    },
    "barkbands_kurtosis": {
        "mean": 32.883266449,
        "var": 1407.68371582
    },
    "barkbands_skewness": {
        "mean": 4.34658241272,
        "var": 6.40801906586
    },
    "barkbands_spread": {
        "mean": 15.7112426758,
        "var": 301.781677246
    },
    "dissonance": {
        "mean": 0.460033148527,
        "var": 0.00106119783595
    },
    "dynamic_complexity": 3.01002144814,
    "erbbands_crest": {
        "mean": 7.75697040558,
        "var": 11.5073328018
    },
    "erbbands_flatness_db": {
        "mean": 0.13188894093,
        "var": 0.00194480270147
    },
    "erbbands_kurtosis": {
        "mean": 1.80831289291,
        "var": 29.9914932251
    },
    "erbbands_skewness": {
        "mean": 0.84767973423,
        "var": 1.24381768703
    },
    "erbbands_spread": {
        "mean": 60.6711006165,
        "var": 963.151367188
    },
    "hfc": {
        "mean": 23.5422306061,
        "var": 566.094360352
    },
    "melbands_crest": {
        "mean": 21.9343891144,
        "var": 67.4721679688
    },
    "melbands_flatness_db": {
        "mean": 0.318781793118,
        "var": 0.0119960950688
    },
    "melbands_kurtosis": {
        "mean": 87.4693069458,
        "var": 16022.4482422
    },
    "melbands_skewness": {
        "mean": 6.17103672028,
        "var": 13.5791816711
    },
    "melbands_spread": {
        "mean": 9.80212879181,
        "var": 249.014526367
    },
    "pitch_salience": {
        "mean": 0.458236664534,
        "var": 0.0315691791475
    },
    "silence_rate_20dB": {
        "mean": 1,
        "var": 0
    },
    "silence_rate_30dB": {
        "mean": 0.550180137157,
        "var": 0.247482225299
    },
    "silence_rate_60dB": {
        "mean": 0.0571281537414,
        "var": 0.0538660921156
    },
    "spectral_centroid": {
        "mean": 799.715209961,
        "var": 415911.78125
    },
    "spectral_complexity": {
        "mean": 15.2367477417,
        "var": 117.949897766
    },
    "spectral_decrease": {
        "mean": -2.25252652086e-008,
        "var": 2.16820410109e-016
    },
    "spectral_energy": {
        "mean": 0.0871507301927,
        "var": 0.00315457745455
    },
    "spectral_energyband_high": {
        "mean": 0.00114433956333,
        "var": 3.23275867231e-006
    },
    "spectral_energyband_low": {
        "mean": 0.070083886385,
        "var": 0.0028022211045
    },
    "spectral_energyband_middle_high": {
        "mean": 0.00322915357538,
        "var": 3.08753624267e-005
    },
    "spectral_energyband_middle_low": {
        "mean": 0.0141935460269,
        "var": 0.000170002531377
    },
    "spectral_entropy": {
        "mean": 7.37784719467,
        "var": 0.341998964548
    },
    "spectral_flux": {
        "mean": 0.0907414481044,
        "var": 0.00438804645091
    },
    "spectral_kurtosis": {
        "mean": 4.56951141357,
        "var": 18.4718170166
    },
    "spectral_rms": {
        "mean": 0.0084513919428,
        "var": 1.3599005797e-005
    },
    "spectral_rolloff": {
        "mean": 868.690124512,
        "var": 4611424
    },
    "spectral_skewness": {
        "mean": 1.90924727917,
        "var": 0.452343612909
    },
    "spectral_spread": {
        "mean": 7464730.5,
        "var": 1.09516035195e+013
    },
    "spectral_strongpeak": {
        "mean": 0.605786800385,
        "var": 0.235339730978
    },
    "zerocrossingrate": {
        "mean": 0.048257920891,
        "var": 0.00269406847656
    },
    "barkbands": {
        "mean": [0.00949652586132, 0.0479834936559, 0.011190418154, 0.00399710191414, 0.00529074110091, 0.0026170455385, 0.00107216427568, 0.000484801043058, 0.000552141980734, 0.000523714290466, 0.000762258772738, 0.000322767096804, 0.000300844258163, 0.000363741797628, 0.000298034079606, 0.000195720858756, 0.000295625213766, 0.000124734142446, 9.24363994272e-005, 0.00010276267858, 0.000104463717435, 9.36903452384e-005, 0.000156093883561, 0.000140060961712, 0.000481899973238, 0.000103309183032, 4.21548520535e-006],
        "var": [0.000162621247, 0.00194750935771, 0.000421190721681, 3.59270161425e-005, 3.34934302373e-005, 7.56215922593e-006, 2.42162900577e-006, 6.36697961909e-007, 6.91434763667e-007, 8.31997795103e-007, 6.38420806354e-006, 2.89256803399e-007, 3.07377661102e-007, 5.47599427136e-007, 3.75005527076e-007, 1.30209414806e-007, 3.06477005552e-007, 5.08845303671e-008, 4.16024512617e-008, 3.71921018427e-008, 5.16342915091e-008, 5.10271291887e-008, 1.29308361352e-007, 1.50410372157e-007, 6.15979843133e-007, 8.70605276759e-008, 3.40751954431e-010]
    },
    "erbbands": {
        "mean": [2.25918841362, 7.37133979797, 12.2423677444, 14.1058731079, 19.4504318237, 12.6708230972, 18.061914444, 22.5607223511, 15.5712442398, 15.5896701813, 11.0249662399, 12.5543899536, 15.9952831268, 16.9415435791, 32.2599334717, 14.6521272659, 13.6486997604, 14.6679515839, 19.4579925537, 13.4438247681, 14.5574369431, 13.8694067001, 7.46045017242, 4.96945714951, 4.53361606598, 5.02032995224, 4.50585079193, 3.98646950722, 3.39913415909, 3.40633845329, 4.88934516907, 3.40724039078, 2.20158028603, 3.50741672516, 4.44180965424, 0.581801056862, 0.187422379851, 0.0487118028104, 0.000993905239739, 0.000130336688017],
        "var": [4.86836433411, 82.6072463989, 404.932617188, 338.750366211, 606.403076172, 216.727935791, 285.098724365, 880.957580566, 273.890808105, 1178.40576172, 232.816497803, 391.010345459, 622.817932129, 1480.49768066, 10572.6640625, 669.311767578, 599.140991211, 573.038024902, 2030.39611816, 574.737548828, 496.007629395, 529.426940918, 162.811203003, 109.955383301, 92.457649231, 94.6676177979, 88.920135498, 89.2885742188, 69.6944732666, 59.5355758667, 131.326812744, 92.962852478, 29.9449901581, 33.9856719971, 55.9320869446, 0.937089800835, 0.378254354, 0.0396595597267, 1.3713595763e-005, 1.49370666946e-008]
    },
    "gfcc": {
        "mean": [-6.28428697586, 95.8548965454, -59.7791519165, 30.5063533783, -46.9625320435, 25.4343128204, -52.3739738464, 20.9749355316, -27.4202518463, 9.45978450775, -16.0771121979, 2.98177719116, 0.468889862299],
        "cov": [[7585.34130859, -32.0587158203, -1019.29498291, 163.698974609, -48.5272521973, 680.718444824, 849.439758301, -130.219421387, 72.3567352295, 53.2771453857, 13.3368024826, 36.039691925, -392.184326172], [-32.0587158203, 1577.02563477, 121.621246338, 85.7903289795, 505.427947998, 159.474578857, 251.788635254, 88.4906082153, 202.796768188, -85.7533798218, 223.326278687, -85.4333572388, 251.903884888], [-1019.29498291, 121.621246338, 1280.68591309, -76.6575393677, 85.0420227051, -28.7930335999, -74.8850097656, 212.614715576, -107.214355469, 135.332443237, -62.2152786255, 29.3065662384, 80.3969116211], [163.698974609, 85.7903289795, -76.6575393677, 368.369110107, 75.4100341797, 25.1560192108, 88.6575927734, -12.4341526031, 113.162971497, 0.099343560636, 63.4744148254, -25.3991699219, 56.3266792297], [-48.5272521973, 505.427947998, 85.0420227051, 75.4100341797, 660.172058105, 125.501914978, 56.4977378845, 184.105880737, 228.103790283, 64.6422805786, 106.906158447, 56.8208885193, 163.355285645], [680.718444824, 159.474578857, -28.7930335999, 25.1560192108, 125.501914978, 311.83493042, 166.072128296, 52.6833953857, 71.2160415649, 35.880897522, 95.4862976074, 5.19896841049, 23.868976593], [849.439758301, 251.788635254, -74.8850097656, 88.6575927734, 56.4977378845, 166.072128296, 413.682800293, -16.7023639679, 61.8566818237, 30.8398399353, 89.690246582, -0.130796954036, -5.7862739563], [-130.219421387, 88.4906082153, 212.614715576, -12.4341526031, 184.105880737, 52.6833953857, -16.7023639679, 201.371078491, 44.1650657654, 52.8408432007, 12.5853443146, 38.4129600525, 82.1363143921], [72.3567352295, 202.796768188, -107.214355469, 113.162971497, 228.103790283, 71.2160415649, 61.8566818237, 44.1650657654, 220.163116455, -4.27395915985, 72.1707611084, 32.8934822083, 62.6683082581], [53.2771453857, -85.7533798218, 135.332443237, 0.099343560636, 64.6422805786, 35.880897522, 30.8398399353, 52.8408432007, -4.27395915985, 133.668869019, 22.4756088257, 20.9929847717, 13.3166675568], [13.3368024826, 223.326278687, -62.2152786255, 63.4744148254, 106.906158447, 95.4862976074, 89.690246582, 12.5853443146, 72.1707611084, 22.4756088257, 129.991836548, 2.90560531616, 75.8048858643], [36.039691925, -85.4333572388, 29.3065662384, -25.3991699219, 56.8208885193, 5.19896841049, -0.130796954036, 38.4129600525, 32.8934822083, 20.9929847717, 2.90560531616, 80.7826004028, 16.4997386932], [-392.184326172, 251.903884888, 80.3969116211, 56.3266792297, 163.355285645, 23.868976593, -5.7862739563, 82.1363143921, 62.6683082581, 13.3166675568, 75.8048858643, 16.4997386932, 162.087936401]],
        "icov": [[0.000317427708069, -0.000252969592111, 0.000322434207192, -0.000338254554663, 7.28521190467e-005, -0.000675147341099, -0.000291805365123, -0.000157884613145, 0.000327583256876, -0.000422148150392, 0.000799703062512, -0.000787342549302, 0.000828563759569], [-0.000252969592111, 0.00241772364825, -0.000835027429275, 0.00125955045223, -0.00149384117685, 0.0010313980747, -0.00111849221867, 0.000455115310615, -0.000751036102884, 0.00303002563305, -0.00273284711875, 0.00424638623372, -0.00242267921567], [0.000322434207192, -0.000835027429275, 0.00164323998615, -0.000614510092419, 0.000443019380327, -0.000767094199546, -1.74224405782e-005, -0.00119746988639, 0.00112005963456, -0.00199735746719, 0.00221981317736, -0.00165060290601, 0.000609947077464], [-0.000338254554663, 0.00125955045223, -0.000614510092419, 0.00468210224062, -0.000260392698692, 0.00140784040559, -0.000961838290095, 0.000862394750584, -0.00306273624301, 0.000976153358351, -0.00173377548344, 0.00454008998349, -0.00306177721359], [7.28521190467e-005, -0.00149384117685, 0.000443019380327, -0.000260392698692, 0.00440145237371, -0.000722634547856, 0.000754594337195, -0.00177337613422, -0.00265319575556, -0.00282349227928, 0.00166210602038, -0.00223877327517, -0.0003269049339], [-0.000675147341099, 0.0010313980747, -0.000767094199546, 0.00140784040559, -0.000722634547856, 0.00701548112556, -0.00108536449261, -0.00164127035532, -0.00116394914221, 0.00155184662435, -0.00609475933015, 0.00324115320109, -1.41231957969e-005], [-0.000291805365123, -0.00111849221867, -1.74224405782e-005, -0.000961838290095, 0.000754594337195, -0.00108536449261, 0.00468105636537, 0.000403911195463, 1.75172010586e-006, -0.00153917109128, -0.00135750428308, -0.00189128844067, 0.00169004953932], [-0.000157884613145, 0.000455115310615, -0.00119746988639, 0.000862394750584, -0.00177337613422, -0.00164127035532, 0.000403911195463, 0.0106830270961, -0.000789700134192, -0.00138479634188, 0.0033308302518, -0.000841495406348, -0.00521820690483], [0.000327583256876, -0.000751036102884, 0.00112005963456, -0.00306273624301, -0.00265319575556, -0.00116394914221, 1.75172010586e-006, -0.000789700134192, 0.0110681150109, 0.00132134568412, -0.00129602674861, -0.00530155748129, 0.00247210799716], [-0.000422148150392, 0.00303002563305, -0.00199735746719, 0.000976153358351, -0.00282349227928, 0.00155184662435, -0.00153917109128, -0.00138479634188, 0.00132134568412, 0.0142873413861, -0.00724117364734, 0.00306281633675, -0.000425049569458], [0.000799703062512, -0.00273284711875, 0.00221981317736, -0.00173377548344, 0.00166210602038, -0.00609475933015, -0.00135750428308, 0.0033308302518, -0.00129602674861, -0.00724117364734, 0.0237483270466, -0.004092825111, -0.00642427941784], [-0.000787342549302, 0.00424638623372, -0.00165060290601, 0.00454008998349, -0.00223877327517, 0.00324115320109, -0.00189128844067, -0.000841495406348, -0.00530155748129, 0.00306281633675, -0.004092825111, 0.0237106233835, -0.00582691701129], [0.000828563759569, -0.00242267921567, 0.000609947077464, -0.00306177721359, -0.0003269049339, -1.41231957969e-005, 0.00169004953932, -0.00521820690483, 0.00247210799716, -0.000425049569458, -0.00642427941784, -0.00582691701129, 0.0184137560427]]
    },
    "melbands": {
        "mean": [0.0166943576187, 0.00748748751357, 0.00272151408717, 0.00119722203817, 0.000606674526352, 0.000502305047121, 0.000233255850617, 0.000154383771587, 8.89883740456e-005, 7.88340548752e-005, 7.91704587755e-005, 6.310743629e-005, 0.000107041909359, 4.64600561827e-005, 3.85841849493e-005, 2.64615136985e-005, 2.72599118034e-005, 3.35649783665e-005, 2.3335314836e-005, 1.38283076012e-005, 1.90542505152e-005, 1.73669031938e-005, 7.69298912928e-006, 5.34749597136e-006, 3.8596504055e-006, 3.35922027261e-006, 3.0438009162e-006, 3.42604948855e-006, 2.96618145512e-006, 2.3526329187e-006, 2.2816082037e-006, 1.93252003555e-006, 1.77531228474e-006, 1.91412118511e-006, 2.85749956674e-006, 2.58642990048e-006, 1.86304657745e-006, 1.53249823143e-006, 1.44778073263e-006, 3.44851855516e-006],
        "var": [0.000227767872275, 8.4449093265e-005, 1.09684860945e-005, 2.10917801269e-006, 3.12303598093e-007, 3.57971345011e-007, 6.37875814391e-008, 1.11115589618e-007, 1.55747432729e-008, 1.52514108009e-008, 1.58921764637e-008, 1.86660340518e-008, 1.21889485172e-007, 9.0560057231e-009, 5.70073988015e-009, 2.38185049461e-009, 2.13463069443e-009, 6.66906352365e-009, 2.45643194674e-009, 6.05461070169e-010, 9.69595070899e-010, 1.00315533658e-009, 1.78697959208e-010, 1.01999228508e-010, 7.41669781146e-011, 5.58207230439e-011, 3.43678766002e-011, 4.79098566375e-011, 4.08307034017e-011, 2.47778100121e-011, 3.44089721993e-011, 2.38408147391e-011, 1.83447996377e-011, 1.94564156453e-011, 4.48501756567e-011, 4.48402391606e-011, 3.07272783606e-011, 1.80443993081e-011, 8.83626418563e-012, 3.62189757352e-011]
    },
    "mfcc": {
        "mean": [-670.794555664, 138.223327637, 40.9943466187, 20.134103775, 28.7655963898, 4.33104419708, 3.91752338409, 0.0225435141474, 8.25865364075, -3.88195133209, -0.211957678199, -0.783452272415, 5.27572488785],
        "cov": [[7779.17333984, -583.363342285, -987.252502441, -311.834777832, -738.153808594, 831.160339355, 398.101806641, 514.235961914, -198.849090576, 562.313537598, 54.8047904968, 159.355056763, -147.137313843], [-583.363342285, 1490.95080566, 102.884811401, 91.5517654419, 397.254577637, 49.9102134705, 242.342575073, 119.34577179, 249.931121826, -31.0585594177, 150.179763794, 51.2462806702, 87.7265319824], [-987.252502441, 102.884811401, 874.199768066, 60.5302848816, -23.737569809, -97.687538147, 82.353302002, -81.0240478516, 21.233833313, -28.157535553, 0.0717660263181, -89.7688751221, 27.3446598053], [-311.834777832, 91.5517654419, 60.5302848816, 359.913879395, 96.6738128662, 6.93783998489, -10.0474691391, -3.63344025612, 85.6684951782, 10.4555625916, 10.4065523148, 29.8638706207, 34.1042556763], [-738.153808594, 397.254577637, -23.737569809, 96.6738128662, 598.274414063, -35.2540130615, -22.247013092, 41.4243583679, 209.088226318, -49.1235046387, 93.0822982788, 78.0618438721, 80.7530136108], [831.160339355, 49.9102134705, -97.687538147, 6.93783998489, -35.2540130615, 268.875640869, 114.840370178, 101.009880066, -0.209799408913, 122.366485596, 53.7162132263, 56.5823554993, 11.8587675095], [398.101806641, 242.342575073, 82.353302002, -10.0474691391, -22.247013092, 114.840370178, 272.903411865, 51.9062728882, 56.6626014709, 65.9299621582, 70.8137054443, 23.456193924, 40.1929550171], [514.235961914, 119.34577179, -81.0240478516, -3.63344025612, 41.4243583679, 101.009880066, 51.9062728882, 179.914413452, 65.5180740356, 57.7990150452, 23.2692813873, 63.9527626038, 22.2861347198], [-198.849090576, 249.931121826, 21.233833313, 85.6684951782, 209.088226318, -0.209799408913, 56.6626014709, 65.5180740356, 185.290100098, 4.00559806824, 60.7362480164, 57.660861969, 62.3470458984], [562.313537598, -31.0585594177, -28.157535553, 10.4555625916, -49.1235046387, 122.366485596, 65.9299621582, 57.7990150452, 4.00559806824, 131.860046387, 31.3840026855, 33.7262916565, 4.21887350082], [54.8047904968, 150.179763794, 0.0717660263181, 10.4065523148, 93.0822982788, 53.7162132263, 70.8137054443, 23.2692813873, 60.7362480164, 31.3840026855, 108.008415222, 37.464176178, 32.4954338074], [159.355056763, 51.2462806702, -89.7688751221, 29.8638706207, 78.0618438721, 56.5823554993, 23.456193924, 63.9527626038, 57.660861969, 33.7262916565, 37.464176178, 106.135574341, 39.1701202393], [-147.137313843, 87.7265319824, 27.3446598053, 34.1042556763, 80.7530136108, 11.8587675095, 40.1929550171, 22.2861347198, 62.3470458984, 4.21887350082, 32.4954338074, 39.1701202393, 71.8447799683]],
        "icov": [[0.000347111636074, 0.0001267655025, 0.000283338362351, 0.000107561339973, 0.000211931765079, -0.000364586885553, -0.000366045103874, -0.000601043459028, -2.67841551249e-006, -0.000563049456105, -4.32763226854e-005, 7.34359200578e-005, 0.000625310465693], [0.0001267655025, 0.00119974638801, 7.62703857617e-005, -0.00011558800179, -0.000437521928689, -0.000187337005627, -0.00111532886513, -0.000834818172734, -0.000481842987938, 0.000712444249075, -0.000643746927381, 0.000540109176654, 0.000599115272053], [0.000283338362351, 7.62703857617e-005, 0.00172899779864, -0.000199792702915, 0.00023605984461, 0.000346012442606, -0.000911483948585, -0.000263400812401, -7.67588280723e-005, -0.000839239277411, -5.54971884412e-005, 0.00158126652241, -0.000528019387275], [0.000107561339973, -0.00011558800179, -0.000199792702915, 0.00355532206595, 0.000206881988561, -0.000978563795798, 0.000813302234747, 0.00122886348981, -0.00234227557667, -0.000802635564469, 0.0011073827045, -0.000595340621658, -0.00025394311524], [0.000211931765079, -0.000437521928689, 0.00023605984461, 0.000206881988561, 0.00383499008603, -0.000688830565196, 0.00159261457156, 0.000293429184239, -0.00336983823217, 0.000829268537927, -0.00157012837008, -0.000658797915094, -0.000453571090475], [-0.000364586885553, -0.000187337005627, 0.000346012442606, -0.000978563795798, -0.000688830565196, 0.00951787177473, -0.00199067592621, -0.00248590158299, 0.00387406325899, -0.00468711508438, -0.00199307361618, -0.00107950170059, -0.000693761685397], [-0.000366045103874, -0.00111532886513, -0.000911483948585, 0.000813302234747, 0.00159261457156, -0.00199067592621, 0.00771131785586, 0.00129592558369, -0.00232129800133, -0.000502544571646, -0.00193379854318, 0.000735854497179, -0.00308705423959], [-0.000601043459028, -0.000834818172734, -0.000263400812401, 0.00122886348981, 0.000293429184239, -0.00248590158299, 0.00129592558369, 0.0115536591038, -0.00467371055856, -0.000759242742788, 0.003188688308, -0.00364433857612, -0.000277954037301], [-2.67841551249e-006, -0.000481842987938, -7.67588280723e-005, -0.00234227557667, -0.00336983823217, 0.00387406325899, -0.00232129800133, -0.00467371055856, 0.0160477031022, -0.000973983085714, -0.00256622373126, -0.00131717754994, -0.0043696234934], [-0.000563049456105, 0.000712444249075, -0.000839239277411, -0.000802635564469, 0.000829268537927, -0.00468711508438, -0.000502544571646, -0.000759242742788, -0.000973983085714, 0.0162752866745, -0.00239879800938, -0.00165848713368, 0.000914299918804], [-4.32763226854e-005, -0.000643746927381, -5.54971884412e-005, 0.0011073827045, -0.00157012837008, -0.00199307361618, -0.00193379854318, 0.003188688308, -0.00256622373126, -0.00239879800938, 0.0163684077561, -0.00237915245816, -0.00135908799712], [7.34359200578e-005, 0.000540109176654, 0.00158126652241, -0.000595340621658, -0.000658797915094, -0.00107950170059, 0.000735854497179, -0.00364433857612, -0.00131717754994, -0.00165848713368, -0.00237915245816, 0.0182501487434, -0.00682441517711], [0.000625310465693, 0.000599115272053, -0.000528019387275, -0.00025394311524, -0.000453571090475, -0.000693761685397, -0.00308705423959, -0.000277954037301, -0.0043696234934, 0.000914299918804, -0.00135908799712, -0.00682441517711, 0.0253007542342]]
    },
    "spectral_contrast_coeffs": {
        "mean": [-0.649161159992, -0.734148800373, -0.816391527653, -0.819430232048, -0.806057751179, -0.782181739807],
        "var": [0.0114953573793, 0.00522840162739, 0.00166740373243, 0.00208955886774, 0.00315965549089, 0.00151739094872]
    },
    "spectral_contrast_valleys": {
        "mean": [-6.62928628922, -6.63691616058, -7.43693399429, -7.9515376091, -8.19845867157, -10.2624740601],
        "var": [2.09795331955, 1.00898838043, 1.53469085693, 1.42533886433, 1.33433949947, 1.25226175785]
    }
},
"metadata": {
    "audio_properties": {
        "analysis_sample_rate": 44100,
        "bit_rate": 117935,
        "equal_loudness": 0,
        "length": 45.0873451233,
        "lossless": 0,
        "replay_gain": -11.2770214081,
        "sample_rate": 44100,
        "codec": "mp3",
        "downmix": "mix",
        "md5_encoded": "e8e266a20dc81cf48c621074810f977f"
    },
    "tags": {
        "file_name": "416.mp3"
    },
    "version": {
        "essentia": "2.1-beta2",
        "essentia_git_sha": "v2.1_beta2",
        "extractor": "music 1.0"
    }
},
"rhythm": {
    "beats_count": 96,
    "beats_loudness": {
        "mean": 0.108202882111,
        "var": 0.0032388579566
    },
    "bpm": 128.169143677,
    "bpm_histogram_first_peak_bpm": {
        "mean": 129,
        "var": 0
    },
    "bpm_histogram_first_peak_spread": {
        "mean": 0.439560443163,
        "var": 0
    },
    "bpm_histogram_first_peak_weight": {
        "mean": 0.536842107773,
        "var": 0
    },
    "bpm_histogram_second_peak_bpm": {
        "mean": 123,
        "var": 0
    },
    "bpm_histogram_second_peak_spread": {
        "mean": 0,
        "var": 0
    },
    "bpm_histogram_second_peak_weight": {
        "mean": 0.0105263162404,
        "var": 0
    },
    "danceability": 0.945224583149,
    "onset_rate": 4.67799854279,
    "beats_loudness_band_ratio": {
        "mean": [0.747560918331, 0.0940018519759, 0.0454370044172, 0.0710181668401, 0.0327746868134, 0.0340474061668],
        "var": [0.0698154345155, 0.00692131230608, 0.00235276552849, 0.0139577900991, 0.00158945517614, 0.00266946922056]
    },
    "beats_position": [0.406349211931, 0.824308395386, 1.25387752056, 1.69505667686, 2.14784574509, 2.61224484444, 3.07664394379, 3.55265307426, 4.01705217361, 4.48145103455, 4.94585037231, 5.42185926437, 5.89786815643, 6.3622674942, 6.82666635513, 7.2910656929, 7.75546455383, 8.23147392273, 8.6958732605, 9.16027164459, 9.63628101349, 10.1006803513, 10.5650787354, 11.0410881042, 11.5170974731, 11.9814968109, 12.445895195, 12.9219045639, 13.3979139328, 13.8623123169, 14.3267116547, 14.7911109924, 15.2671203613, 15.7431287766, 16.2075271606, 16.6719264984, 17.1363258362, 17.600725174, 18.0651245117, 18.5411338806, 19.0171432495, 19.4815406799, 19.9459400177, 20.4219493866, 20.8979587555, 21.3623580933, 21.826757431, 22.2911567688, 22.7555541992, 23.2315635681, 23.6959629059, 24.1719722748, 24.6363716125, 25.1007709503, 25.5651702881, 26.0411777496, 26.5171871185, 26.9815864563, 27.4343757629, 27.9103851318, 28.3863945007, 28.8624038696, 29.3151912689, 29.7912006378, 30.2672100067, 30.7432193756, 31.1960086823, 31.6720180511, 32.1364173889, 32.6008148193, 33.0652160645, 33.5528335571, 34.0172348022, 34.4816322327, 34.9460296631, 35.422039032, 35.8980484009, 36.362449646, 36.8152389526, 37.2912483215, 37.755645752, 38.2316551208, 38.6960525513, 39.1720619202, 39.6364631653, 40.1008605957, 40.5768699646, 41.0528793335, 41.5172767639, 41.981678009, 42.4576873779, 42.9336967468, 43.3980941772, 43.8624954224, 44.3268928528, 44.7912902832]
},
"tonal": {
    "chords_changes_rate": 0.0781892985106,
    "chords_number_rate": 0.00617283955216,
    "chords_strength": {
        "mean": 0.446502119303,
        "var": 0.00940589141101
    },
    "hpcp_entropy": {
        "mean": 2.19919872284,
        "var": 0.473853230476
    },
    "key_strength": 0.663573741913,
    "tuning_diatonic_strength": 0.436360478401,
    "tuning_equal_tempered_deviation": 0.158563241363,
    "tuning_frequency": 434.193115234,
    "tuning_nontempered_energy_ratio": 0.817766726017,
    "hpcp": {
        "mean": [0.0360210686922, 0.0346111580729, 0.0725769475102, 0.199600860476, 0.265202313662, 0.152324408293, 0.0523578375578, 0.0359427854419, 0.0626800134778, 0.0976061746478, 0.0798049047589, 0.081683434546, 0.143821924925, 0.151015013456, 0.0768305584788, 0.0347641967237, 0.0400443971157, 0.0640168488026, 0.134697541595, 0.147997945547, 0.0722974985838, 0.0270958077163, 0.0201569721103, 0.24075101316, 0.497171074152, 0.306971728802, 0.0557390488684, 0.027209578082, 0.0248986687511, 0.043696783483, 0.106267392635, 0.118605017662, 0.0651649236679, 0.0499601364136, 0.0572171248496, 0.0490975864232],
        "var": [0.0156220756471, 0.0135714160278, 0.0359885469079, 0.0874376520514, 0.136540442705, 0.0570170134306, 0.0213208906353, 0.011806438677, 0.0272429846227, 0.0527265183628, 0.0345635302365, 0.0335467644036, 0.0788379982114, 0.0902366787195, 0.031133396551, 0.00873870775104, 0.0136774647981, 0.0173983797431, 0.051575820893, 0.0606281906366, 0.0191744826734, 0.00672689592466, 0.00697586825117, 0.0517219975591, 0.186731413007, 0.0629653707147, 0.0127745987847, 0.00738670909777, 0.0078466385603, 0.0108311017975, 0.04494195804, 0.0523005202413, 0.0196885615587, 0.0165024269372, 0.0228055417538, 0.0208679139614]
    },
    "chords_histogram": [24.1769542694, 16.1522636414, 20.4732513428, 0, 16.1522636414, 0, 0, 20.8847732544, 0, 0.205761313438, 0, 0, 0, 0, 0, 0, 0, 0, 0.205761313438, 0, 0, 0, 1.74897122383, 0],
    "thpcp": [1, 0.617436826229, 0.112112410367, 0.0547288022935, 0.0500806868076, 0.0878908410668, 0.21374411881, 0.238559767604, 0.131071433425, 0.100488826632, 0.11508538574, 0.0987539067864, 0.0724520608783, 0.0696161910892, 0.145979821682, 0.401473194361, 0.533422648907, 0.306382268667, 0.105311512947, 0.0722946003079, 0.126073330641, 0.196323111653, 0.160517990589, 0.16429643333, 0.289280563593, 0.303748577833, 0.154535457492, 0.0699240118265, 0.080544501543, 0.128762215376, 0.270927965641, 0.297680109739, 0.145417749882, 0.0544999688864, 0.040543332696, 0.484241783619],
    "chords_key": "A#",
    "chords_scale": "minor",
    "key_key": "A#",
    "key_scale": "minor"
}
}