{
"lowlevel": {
    "average_loudness": 0.346287220716,
    "barkbands_crest": {
        "mean": 10.4652938843,
        "var": 14.8619775772
    },
    "barkbands_flatness_db": {
        "mean": 0.311764061451,
        "var": 0.00843397341669
    },
    "barkbands_kurtosis": {
        "mean": 1.38870799541,
        "var": 11.0804615021
    },
    "barkbands_skewness": {
        "mean": -0.160469546914,
        "var": 0.783117473125
    },
    "barkbands_spread": {
        "mean": 7.93506717682,
        "var": 30.4765472412
    },
    "dissonance": {
        "mean": 0.394696950912,
        "var": 0.00622419407591
    },
    "dynamic_complexity": 2.4187104702,
    "erbbands_crest": {
        "mean": 15.4453859329,
        "var": 27.1851062775
    },
    "erbbands_flatness_db": {
        "mean": 0.373510152102,
        "var": 0.00817715842277
    },
    "erbbands_kurtosis": {
        "mean": 2.96467018127,
        "var": 12.8094291687
    },
    "erbbands_skewness": {
        "mean": -0.316482335329,
        "var": 1.28935086727
    },
    "erbbands_spread": {
        "mean": 8.78757572174,
        "var": 55.1497917175
    },
    "hfc": {
        "mean": 16.6773414612,
        "var": 256.052734375
    },
    "melbands_crest": {
        "mean": 12.401134491,
        "var": 21.3729248047
    },
    "melbands_flatness_db": {
        "mean": 0.372269034386,
        "var": 0.0125670889392
    },
    "melbands_kurtosis": {
        "mean": 1.00537025928,
        "var": 13.6638154984
    },
    "melbands_skewness": {
        "mean": 0.12599439919,
        "var": 0.695826172829
    },
    "melbands_spread": {
        "mean": 14.4263048172,
        "var": 67.7072296143
    },
    "pitch_salience": {
        "mean": 0.543388783932,
        "var": 0.00849462673068
    },
    "silence_rate_20dB": {
        "mean": 1,
        "var": 0
    },
    "silence_rate_30dB": {
        "mean": 0.981986641884,
        "var": 0.0176888685673
    },
    "silence_rate_60dB": {
        "mean": 0.0288214106113,
        "var": 0.0279915556312
    },
    "spectral_centroid": {
        "mean": 827.590759277,
        "var": 236764.359375
    },
    "spectral_complexity": {
        "mean": 12.4004116058,
        "var": 45.0294914246
    },
    "spectral_decrease": {
        "mean": -5.60727775323e-009,
        "var": 3.27587808594e-017
    },
    "spectral_energy": {
        "mean": 0.022675819695,
        "var": 0.000524122733623
    },
    "spectral_energyband_high": {
        "mean": 0.000136730683153,
        "var": 2.75992988463e-007
    },
    "spectral_energyband_low": {
        "mean": 0.00303817423992,
        "var": 0.000119220821944
    },
    "spectral_energyband_middle_high": {
        "mean": 0.00767966266721,
        "var": 5.98475235165e-005
    },
    "spectral_energyband_middle_low": {
        "mean": 0.0126377316192,
        "var": 0.000203461488127
    },
    "spectral_entropy": {
        "mean": 6.22090339661,
        "var": 0.543584108353
    },
    "spectral_flux": {
        "mean": 0.0720064565539,
        "var": 0.00196897564456
    },
    "spectral_kurtosis": {
        "mean": 88.505531311,
        "var": 8834.53613281
    },
    "spectral_rms": {
        "mean": 0.00431378325447,
        "var": 3.51401740772e-006
    },
    "spectral_rolloff": {
        "mean": 1091.55554199,
        "var": 692588.5
    },
    "spectral_skewness": {
        "mean": 5.79261827469,
        "var": 15.326294899
    },
    "spectral_spread": {
        "mean": 1676086.375,
        "var": 4.00067657728e+012
    },
    "spectral_strongpeak": {
        "mean": 1.95697855949,
        "var": 1.49692821503
    },
    "zerocrossingrate": {
        "mean": 0.0401310399175,
        "var": 0.000578336184844
    },
    "barkbands": {
        "mean": [0.00015850388445, 0.00128261791542, 0.000840258784592, 0.00108328612987, 0.000997616676614, 0.00129504909273, 0.000497119501233, 0.00419386662543, 0.00445842975751, 0.000698321615346, 0.00245425314642, 0.00374182895757, 0.000156911060913, 0.000175036795554, 0.000204260926694, 0.000138579431223, 3.63020517398e-005, 2.64511672867e-005, 6.5182459366e-005, 8.10621277196e-005, 3.46766610164e-005, 7.50693288865e-006, 1.05939743662e-005, 2.64878894995e-006, 3.50269983755e-005, 4.48627247351e-007, 1.03292361331e-008],
        "var": [3.92991040599e-007, 8.78090431797e-005, 8.7795442596e-006, 2.66479014499e-006, 2.01348234441e-006, 4.45818932349e-006, 9.69549205365e-007, 5.45033362869e-005, 4.32904125773e-005, 1.13861517548e-006, 6.58282624499e-006, 2.12617760553e-005, 5.24634700128e-008, 2.70415029036e-007, 8.096953934e-007, 2.57728686393e-007, 7.43914663204e-009, 6.71464039925e-009, 8.26093966566e-008, 1.43360736615e-007, 2.42482869339e-008, 6.79697298445e-010, 2.16454032476e-009, 1.24266666401e-010, 7.78358923981e-008, 7.85248342045e-012, 1.46438223825e-014]
    },
    "erbbands": {
        "mean": [0.0227462779731, 0.338649988174, 0.839229464531, 3.11222076416, 1.70664143562, 3.84202384949, 7.55964422226, 13.0647888184, 5.94634199142, 44.3553237915, 91.2235336304, 112.426170349, 30.4788322449, 29.5694332123, 150.821395874, 160.968185425, 15.9911718369, 7.40248727798, 7.37093448639, 16.2344779968, 4.67074871063, 2.15962123871, 1.53909933567, 2.29697847366, 3.56298613548, 3.82901191711, 2.74718689919, 0.656535089016, 0.249209240079, 0.403692662716, 0.259427011013, 0.0789825171232, 0.0461474880576, 0.314573824406, 0.264430463314, 0.0275358781219, 0.00099732610397, 8.43418310978e-005, 1.68902752193e-005, 2.70617019851e-005],
        "var": [0.0222493615001, 6.11249780655, 13.1919317245, 24.043422699, 14.8767461777, 23.482509613, 180.708068848, 363.231506348, 168.427276611, 7428.45117188, 34489.8515625, 22300.3378906, 1518.78344727, 1164.91113281, 25648.6621094, 33945.4179688, 289.707946777, 270.563842773, 452.179290771, 5791.51269531, 179.003082275, 25.5066051483, 20.589799881, 85.8243713379, 268.628967285, 319.568572998, 169.903503418, 5.74770402908, 0.734783768654, 2.97297000885, 1.22455430031, 0.0927326381207, 0.0385437682271, 6.03305482864, 4.64216184616, 0.0445611998439, 3.13769523927e-005, 1.41091433647e-007, 1.67053004763e-009, 7.56943452362e-010]
    },
    "gfcc": {
        "mean": [-144.338562012, 204.040145874, -140.347702026, -45.3539085388, -61.9499282837, 1.23363316059, -10.588932991, -13.9078330994, -19.3992404938, -21.7469272614, -1.11888313293, -16.2680130005, -5.4391784668],
        "cov": [[9218.45117188, -2621.91235352, -1194.39624023, 2877.04394531, -766.97265625, 431.654968262, -242.572357178, 836.885986328, -2.28594398499, 248.82975769, 29.6516609192, 95.6330108643, 157.7709198], [-2621.91235352, 2213.49243164, 476.11315918, -1817.63098145, 881.335388184, -132.698684692, 187.440032959, -337.769592285, 68.8330993652, -69.8066940308, -25.8004188538, -89.9363098145, -155.979110718], [-1194.39624023, 476.11315918, 872.807800293, -585.190368652, 107.325531006, 36.6379470825, 55.2798309326, 23.2032394409, -196.137359619, 137.708221436, -92.4818344116, 57.5344734192, -93.2161331177], [2877.04394531, -1817.63098145, -585.190368652, 2082.66064453, -776.117492676, 154.007537842, -55.5419540405, 207.768783569, 34.606136322, -56.0815811157, 115.010307312, 36.1950721741, 143.751724243], [-766.97265625, 881.335388184, 107.325531006, -776.117492676, 828.959899902, 56.2851715088, 28.3602199554, 6.49405574799, 69.3710632324, 49.9528770447, -44.8451156616, -14.592250824, -70.4180450439], [431.654968262, -132.698684692, 36.6379470825, 154.007537842, 56.2851715088, 221.116333008, 1.12222182751, 82.8405609131, -1.5823674202, 23.9425888062, 18.1201705933, 9.45237255096, 21.2437229156], [-242.572357178, 187.440032959, 55.2798309326, -55.5419540405, 28.3602199554, 1.12222182751, 255.541931152, -44.3005027771, 30.3568191528, -7.11964511871, 45.6399345398, 22.9042263031, -58.8754997253], [836.885986328, -337.769592285, 23.2032394409, 207.768783569, 6.49405574799, 82.8405609131, -44.3005027771, 254.656661987, -0.134661570191, 121.964614868, -39.3000335693, 26.8221111298, 16.3301467896], [-2.28594398499, 68.8330993652, -196.137359619, 34.606136322, 69.3710632324, -1.5823674202, 30.3568191528, -0.134661570191, 204.379959106, -18.1222190857, 62.8570594788, -30.5207099915, 9.79972743988], [248.82975769, -69.8066940308, 137.708221436, -56.0815811157, 49.9528770447, 23.9425888062, -7.11964511871, 121.964614868, -18.1222190857, 164.264678955, -7.62726736069, 52.5998840332, -9.11067199707], [29.6516609192, -25.8004188538, -92.4818344116, 115.010307312, -44.8451156616, 18.1201705933, 45.6399345398, -39.3000335693, 62.8570594788, -7.62726736069, 113.551307678, 29.9167060852, 20.6069507599], [95.6330108643, -89.9363098145, 57.5344734192, 36.1950721741, -14.592250824, 9.45237255096, 22.9042263031, 26.8221111298, -30.5207099915, 52.5998840332, 29.9167060852, 94.150062561, 24.4711437225], [157.7709198, -155.979110718, -93.2161331177, 143.751724243, -70.4180450439, 21.2437229156, -58.8754997253, 16.3301467896, 9.79972743988, -9.11067199707, 20.6069507599, 24.4711437225, 97.4643783569]],
        "icov": [[0.000554644095246, -0.00108565902337, 0.00132402253803, -0.000996715505607, 0.000775127613451, -0.000966000487097, 0.000653677037917, -0.00142446102109, 0.000752081046812, -0.00109809695277, 0.00101602019276, -0.00140903610736, 0.0014659067383], [-0.00108565902337, 0.0061348574236, -0.00406945915893, 0.00408793240786, -0.0038768639788, 0.0030679225456, -0.00302473735064, 0.00451599387452, -0.00200354587287, 0.00358223961666, -0.00453257281333, 0.00637948699296, -0.00450663780794], [0.00132402253803, -0.00406945915893, 0.00632098689675, -0.00235101487488, 0.00339585659094, -0.00408344389871, 0.00184417911805, -0.00361513998359, 0.00342757604085, -0.00474326964468, 0.00455571291968, -0.00582373235375, 0.0056313672103], [-0.000996715505607, 0.00408793240786, -0.00235101487488, 0.00432779500261, -0.00146085605957, 0.00142755359411, -0.00211394974031, 0.00209748488851, -0.00134762236848, 0.0035512864124, -0.00379180326127, 0.00384444696829, -0.00316715287045], [0.000775127613451, -0.0038768639788, 0.00339585659094, -0.00146085605957, 0.00508016021922, -0.00373535300605, 0.00210915738717, -0.00326706119813, 0.000239783985307, -0.00243430398405, 0.0041124233976, -0.00546282716095, 0.00449982844293], [-0.000966000487097, 0.0030679225456, -0.00408344389871, 0.00142755359411, -0.00373535300605, 0.00918706227094, -0.00214833416976, 0.000177846566658, -0.000177974347025, 0.00370830809698, -0.00609909789637, 0.00604923162609, -0.00543099129573], [0.000653677037917, -0.00302473735064, 0.00184417911805, -0.00211394974031, 0.00210915738717, -0.00214833416976, 0.00744636449963, -0.00207930686884, -0.000278548192, -0.000526835909113, 0.000752723193727, -0.00646760314703, 0.00726498709992], [-0.00142446102109, 0.00451599387452, -0.00361513998359, 0.00209748488851, -0.00326706119813, 0.000177846566658, -0.00207930686884, 0.0155543647707, -0.00445051351562, -0.00484199915081, 0.00315228523687, 0.00428107986227, -0.00502596562728], [0.000752081046812, -0.00200354587287, 0.00342757604085, -0.00134762236848, 0.000239783985307, -0.000177974347025, -0.000278548192, -0.00445051351562, 0.0108194388449, -0.00211489736103, -0.00488566653803, 0.00323016103357, 0.000567814742681], [-0.00109809695277, 0.00358223961666, -0.00474326964468, 0.0035512864124, -0.00243430398405, 0.00370830809698, -0.000526835909113, -0.00484199915081, -0.00211489736103, 0.0182767603546, -0.00637272465974, -0.00188813148998, -0.000595383520704], [0.00101602019276, -0.00453257281333, 0.00455571291968, -0.00379180326127, 0.0041124233976, -0.00609909789637, 0.000752723193727, 0.00315228523687, -0.00488566653803, -0.00637272465974, 0.0234994795173, -0.0129055911675, 0.00344572495669], [-0.00140903610736, 0.00637948699296, -0.00582373235375, 0.00384444696829, -0.00546282716095, 0.00604923162609, -0.00646760314703, 0.00428107986227, 0.00323016103357, -0.00188813148998, -0.0129055911675, 0.0288813486695, -0.0136634064838], [0.0014659067383, -0.00450663780794, 0.0056313672103, -0.00316715287045, 0.00449982844293, -0.00543099129573, 0.00726498709992, -0.00502596562728, 0.000567814742681, -0.000595383520704, 0.00344572495669, -0.0136634064838, 0.0229869820178]]
    },
    "melbands": {
        "mean": [0.000309826718876, 0.000468968384666, 0.000469523831271, 0.000161353615113, 0.00027661563945, 0.000269552983809, 8.08113327366e-005, 0.000581076485105, 0.000769702601247, 0.000693426292855, 0.00013088437845, 0.000100622113678, 0.000368817098206, 0.000565550697502, 0.000137046052259, 1.54879162437e-005, 1.41586870086e-005, 1.29158606796e-005, 1.66402915056e-005, 1.73822281795e-005, 3.56725990969e-006, 2.32358411267e-006, 1.3608541849e-006, 1.39378857966e-006, 1.85924102425e-006, 2.459696816e-006, 2.56958242062e-006, 2.57612578025e-006, 2.06658319257e-006, 8.26746543225e-007, 2.29589375067e-007, 1.2145400774e-007, 1.63180430945e-007, 2.54402436894e-007, 1.70518816844e-007, 7.26274507201e-008, 3.7314826784e-008, 2.62746659985e-008, 2.92934014823e-008, 3.92410498762e-007],
        "var": [4.67023983219e-006, 5.38222275281e-006, 5.41942540622e-007, 8.23316952392e-008, 1.61023933742e-007, 1.66062662288e-007, 3.58461562655e-008, 1.31425258587e-006, 2.95428526442e-006, 7.74706620632e-007, 3.20726059044e-008, 1.91393176863e-008, 1.61507784924e-007, 4.00335466111e-007, 2.61194994522e-008, 4.04744820992e-010, 1.42323752783e-009, 1.58517876603e-009, 4.85173012876e-009, 5.94969007395e-009, 7.49966894142e-011, 3.27088391094e-011, 1.358289696e-011, 2.2572249625e-011, 6.13400094607e-011, 1.23545410013e-010, 1.41162276313e-010, 1.50749815409e-010, 9.98050531109e-011, 1.36949731069e-011, 5.80816211099e-013, 2.11219930435e-013, 3.72607245622e-013, 1.3702421359e-012, 5.69160604064e-013, 7.60019556512e-014, 2.56972228734e-014, 1.32288885724e-014, 2.33494000095e-014, 9.72667606181e-012]
    },
    "mfcc": {
        "mean": [-770.521484375, 223.320541382, -7.85253095627, -33.5117607117, -28.7866535187, -2.18963336945, 5.37392520905, 3.09494233131, -7.14879655838, -8.22641563416, -7.23774003983, 1.04101240635, 1.01832056046],
        "cov": [[6759.09326172, -2112.38793945, -1364.04736328, 1946.29589844, 186.84022522, -77.740486145, 105.326515198, 366.702056885, 260.983032227, 480.817687988, -39.101776123, 103.272346497, 347.685089111], [-2112.38793945, 2115.29589844, 195.555755615, -1223.4954834, 307.908691406, 120.729316711, 91.4429016113, -62.544178009, 68.9613494873, -21.0017662048, 46.8162307739, 26.7679157257, 15.6492509842], [-1364.04736328, 195.555755615, 1015.98712158, -324.687683105, -288.81854248, 41.8379936218, 60.3449783325, -84.5363082886, -90.7151184082, -195.613494873, 67.2886047363, -11.0782690048, -90.4689331055], [1946.29589844, -1223.4954834, -324.687683105, 1104.19970703, -166.725662231, -69.2029571533, 2.23236274719, 119.17124176, -31.0435848236, 81.0527801514, -47.8425445557, 13.3461112976, 49.5205917358], [186.84022522, 307.908691406, -288.81854248, -166.725662231, 415.878326416, 45.3240318298, 2.83130669594, 6.13978862762, 95.8711166382, 81.914894104, -28.9785785675, -14.8931255341, 49.187210083], [-77.740486145, 120.729316711, 41.8379936218, -69.2029571533, 45.3240318298, 184.200164795, 66.118637085, 64.8537979126, -3.88394737244, 29.365240097, -17.503156662, 24.5002422333, 28.2594299316], [105.326515198, 91.4429016113, 60.3449783325, 2.23236274719, 2.83130669594, 66.118637085, 157.671310425, 67.9402694702, 33.0071372986, -2.61373782158, 14.6944360733, 20.0094413757, 43.1525421143], [366.702056885, -62.544178009, -84.5363082886, 119.17124176, 6.13978862762, 64.8537979126, 67.9402694702, 130.699905396, 36.7856674194, 61.2470321655, -6.0001001358, 35.6051826477, 42.3579521179], [260.983032227, 68.9613494873, -90.7151184082, -31.0435848236, 95.8711166382, -3.88394737244, 33.0071372986, 36.7856674194, 131.14906311, 53.5913848877, 29.6907806396, 5.64802789688, 42.3276481628], [480.817687988, -21.0017662048, -195.613494873, 81.0527801514, 81.914894104, 29.365240097, -2.61373782158, 61.2470321655, 53.5913848877, 161.545730591, 13.1312046051, 40.0601997375, 47.2178611755], [-39.101776123, 46.8162307739, 67.2886047363, -47.8425445557, -28.9785785675, -17.503156662, 14.6944360733, -6.0001001358, 29.6907806396, 13.1312046051, 80.012260437, 31.4296665192, 17.5223522186], [103.272346497, 26.7679157257, -11.0782690048, 13.3461112976, -14.8931255341, 24.5002422333, 20.0094413757, 35.6051826477, 5.64802789688, 40.0601997375, 31.4296665192, 78.4962005615, 48.8507232666], [347.685089111, 15.6492509842, -90.4689331055, 49.5205917358, 49.187210083, 28.2594299316, 43.1525421143, 42.3579521179, 42.3276481628, 47.2178611755, 17.5223522186, 48.8507232666, 107.10333252]],
        "icov": [[0.000555370934308, 0.000226172604016, 0.000244391936576, -0.000608455622569, -0.000173176915268, 0.00015988254745, -0.000383347010938, 2.6849207643e-005, -0.000472087762319, -0.000639858597424, -5.76611182623e-006, 0.000181187919225, -0.000780019152444], [0.000226172604016, 0.0016944835661, 0.00024057723931, 0.00163579487707, -0.000435042195022, 0.000447099708254, -0.00124607980251, -0.000180168426596, 0.000306500907755, -0.000653465103824, 0.000328521913616, -0.00039841842954, -0.000584854686167], [0.000244391936576, 0.00024057723931, 0.00222327187657, 0.00033221807098, 0.00113506591879, -0.00102891575079, -0.0010872578714, 0.000861960696056, -0.000116359136882, 0.00109916529618, -0.00149100681301, -2.87363491225e-005, 0.000561669934541], [-0.000608455622569, 0.00163579487707, 0.00033221807098, 0.00441157957539, 0.000737723486964, 0.00125310954172, -0.00093733984977, -0.00169369915966, 0.00191107043065, -0.000395307230065, 0.00105811073445, 0.000257489387877, -0.000516415515449], [-0.000173176915268, -0.000435042195022, 0.00113506591879, 0.000737723486964, 0.00517269270495, -0.00149708823301, -1.70016937773e-005, 0.00215995730832, -0.0027008424513, -0.00102219090331, 0.00223333737813, 0.00136114505585, -0.0010526899714], [0.00015988254745, 0.000447099708254, -0.00102891575079, 0.00125310954172, -0.00149708823301, 0.00984174571931, -0.00265574478544, -0.00443935813382, 0.00311981723644, -0.00235580489971, 0.00302369543351, -0.000692058936693, -0.0014897629153], [-0.000383347010938, -0.00124607980251, -0.0010872578714, -0.00093733984977, -1.70016937773e-005, -0.00265574478544, 0.0124918371439, -0.00585983041674, -0.00128116970882, 0.00399270886555, -0.00284615345299, 0.00220950762741, -0.00286155613139], [2.6849207643e-005, -0.000180168426596, 0.000861960696056, -0.00169369915966, 0.00215995730832, -0.00443935813382, -0.00585983041674, 0.0192259922624, -0.00557442754507, -0.00353843392804, 0.00535048171878, -0.00625552050769, 0.00212790607475], [-0.000472087762319, 0.000306500907755, -0.000116359136882, 0.00191107043065, -0.0027008424513, 0.00311981723644, -0.00128116970882, -0.00557442754507, 0.0160475727171, -0.00207195687108, -0.00702820764855, 0.00650158245116, -0.003600374097], [-0.000639858597424, -0.000653465103824, 0.00109916529618, -0.000395307230065, -0.00102219090331, -0.00235580489971, 0.00399270886555, -0.00353843392804, -0.00207195687108, 0.013394439593, -0.00319503364153, -0.00383188412525, 0.0013498038752], [-5.76611182623e-006, 0.000328521913616, -0.00149100681301, 0.00105811073445, 0.00223333737813, 0.00302369543351, -0.00284615345299, 0.00535048171878, -0.00702820764855, -0.00319503364153, 0.0236802399158, -0.010348550044, 0.000461331917904], [0.000181187919225, -0.00039841842954, -2.87363491225e-005, 0.000257489387877, 0.00136114505585, -0.000692058936693, 0.00220950762741, -0.00625552050769, 0.00650158245116, -0.00383188412525, -0.010348550044, 0.0281670112163, -0.0115663250908], [-0.000780019152444, -0.000584854686167, 0.000561669934541, -0.000516415515449, -0.0010526899714, -0.0014897629153, -0.00286155613139, 0.00212790607475, -0.003600374097, 0.0013498038752, 0.000461331917904, -0.0115663250908, 0.0198833122849]]
    },
    "spectral_contrast_coeffs": {
        "mean": [-0.571401119232, -0.673451840878, -0.668014883995, -0.762384176254, -0.815056145191, -0.786267757416],
        "var": [0.00923061836511, 0.00601628283039, 0.00634521432221, 0.00428586965427, 0.00190551264677, 0.00649215793237]
    },
    "spectral_contrast_valleys": {
        "mean": [-8.68525505066, -6.92047452927, -7.00656080246, -8.77688121796, -9.89917850494, -13.2025918961],
        "var": [1.78852438927, 1.56426072121, 1.68510687351, 2.38994574547, 3.72659659386, 2.12608790398]
    }
},
"metadata": {
    "audio_properties": {
        "analysis_sample_rate": 44100,
        "bit_rate": 91816,
        "equal_loudness": 0,
        "length": 45.0873451233,
        "lossless": 0,
        "replay_gain": -5.54329872131,
        "sample_rate": 44100,
        "codec": "mp3",
        "downmix": "mix",
        "md5_encoded": "7561ec3d57568b5f756020072889b9e8"
    },
    "tags": {
        "file_name": "419.mp3"
    },
    "version": {
        "essentia": "2.1-beta2",
        "essentia_git_sha": "v2.1_beta2",
        "extractor": "music 1.0"
    }
},
"rhythm": {
    "beats_count": 89,
    "beats_loudness": {
        "mean": 0.0270504970104,
        "var": 0.000840089458507
    },
    "bpm": 119.773414612,
    "bpm_histogram_first_peak_bpm": {
        "mean": 120,
        "var": 0
    },
    "bpm_histogram_first_peak_spread": {
        "mean": 0.282051295042,
        "var": 0
    },
    "bpm_histogram_first_peak_weight": {
        "mean": 0.636363625526,
        "var": 0
    },
    "bpm_histogram_second_peak_bpm": {
        "mean": 115,
        "var": 0
    },
    "bpm_histogram_second_peak_spread": {
        "mean": 0,
        "var": 0
    },
    "bpm_histogram_second_peak_weight": {
        "mean": 0.0568181835115,
        "var": 0
    },
    "danceability": 1.01818239689,
    "onset_rate": 2.7269847393,
    "beats_loudness_band_ratio": {
        "mean": [0.0944564267993, 0.133578583598, 0.510423898697, 0.248158276081, 0.0141292298213, 0.00480717234313],
        "var": [0.015979539603, 0.0146549688652, 0.0383048690856, 0.0239700190723, 0.000830721925013, 0.0002095978125]
    },
    "beats_position": [0.46439909935, 0.9287981987, 1.39319729805, 1.8575963974, 2.32199549675, 2.7863945961, 3.29723358154, 3.8196823597, 4.34213161469, 4.86458063126, 5.38702917099, 5.89786815643, 6.40870714188, 6.91954612732, 7.4303855896, 7.94122457504, 8.44045352936, 8.93968200684, 9.45052146912, 9.94974994659, 10.4489793777, 10.9482088089, 11.4474372864, 11.9466667175, 12.445895195, 12.9567346573, 13.4559631348, 13.9551925659, 14.4544210434, 14.9536504745, 15.4528799057, 15.9521083832, 16.4513378143, 16.9505672455, 17.4381847382, 17.9374141693, 18.4366436005, 18.9358730316, 19.4351024628, 19.9343299866, 20.4335594177, 20.94439888, 21.4436283112, 21.942855835, 22.4420852661, 22.9413146973, 23.4289340973, 23.9397735596, 24.4390010834, 24.9382305145, 25.4374599457, 25.9366893768, 26.4475269318, 26.9467563629, 27.4459857941, 27.9452152252, 28.4444446564, 28.9436721802, 29.4429016113, 29.9421310425, 30.4413604736, 30.9405899048, 31.4398174286, 31.9390468597, 32.4266662598, 32.9375038147, 33.4367332458, 33.9475746155, 34.4468002319, 34.9460296631, 35.4336509705, 35.9328804016, 36.4321098328, 36.9313354492, 37.4305648804, 37.94140625, 38.4406356812, 38.9398651123, 39.4390907288, 39.9383201599, 40.4375495911, 40.9367790222, 41.4360084534, 41.9352378845, 42.4228553772, 42.9336967468, 43.4445343018, 43.9553718567, 44.4778213501]
},
"tonal": {
    "chords_changes_rate": 0.0462962947786,
    "chords_number_rate": 0.00411522621289,
    "chords_strength": {
        "mean": 0.469918131828,
        "var": 0.00455628661439
    },
    "hpcp_entropy": {
        "mean": 1.54985117912,
        "var": 0.512998998165
    },
    "key_strength": 0.61976993084,
    "tuning_diatonic_strength": 0.556854188442,
    "tuning_equal_tempered_deviation": 0.0346983484924,
    "tuning_frequency": 440.508636475,
    "tuning_nontempered_energy_ratio": 0.643059670925,
    "hpcp": {
        "mean": [0.0712683498859, 0.0409472472966, 0.0167598761618, 0.0187822114676, 0.0170949678868, 0.0227682907134, 0.036131054163, 0.0563052333891, 0.362743198872, 0.640609920025, 0.383668243885, 0.0990674346685, 0.0749600604177, 0.143731936812, 0.371898323298, 0.520522654057, 0.322443276644, 0.134308263659, 0.0995992943645, 0.066555455327, 0.0471687354147, 0.0587053745985, 0.0681771636009, 0.265130102634, 0.459958404303, 0.246183127165, 0.0292844753712, 0.0187280625105, 0.015608725138, 0.0166130512953, 0.0200669225305, 0.0222910363227, 0.0285294316709, 0.0308748986572, 0.0232956651598, 0.0465314462781],
        "var": [0.0102410716936, 0.00345279835165, 0.001252479502, 0.00153811601922, 0.00099450792186, 0.00234332750551, 0.00949945673347, 0.00795764103532, 0.0479668416083, 0.113187484443, 0.0649723336101, 0.0271058678627, 0.0205182135105, 0.0524997971952, 0.0919076278806, 0.152680575848, 0.0778726935387, 0.0487044118345, 0.0354502126575, 0.0230566076934, 0.00882812123746, 0.0160731784999, 0.0166560634971, 0.034927688539, 0.117045797408, 0.0395630858839, 0.00381196010858, 0.00183933484368, 0.00127113424242, 0.00221488205716, 0.00256027304567, 0.00223950576037, 0.0037462876644, 0.005936272908, 0.00550871249288, 0.00515959551558]
    },
    "chords_histogram": [26.3374481201, 0, 0, 0, 0, 0, 0, 0, 0, 0, 0, 0, 0, 0, 0, 0, 0, 12.551440239, 0, 0, 0, 0, 23.4567909241, 37.6543197632],
    "thpcp": [1, 0.598910868168, 0.154645487666, 0.117013581097, 0.224367335439, 0.580537855625, 0.812542319298, 0.503337919712, 0.209656864405, 0.155475735664, 0.103893890977, 0.0736309811473, 0.091639816761, 0.106425397098, 0.413871377707, 0.718000769615, 0.384294897318, 0.0457134284079, 0.0292347371578, 0.0243654120713, 0.0259331781417, 0.0313247144222, 0.0347965843976, 0.0445347949862, 0.0481960996985, 0.0363648198545, 0.0726361647248, 0.111250773072, 0.0639191567898, 0.026162372902, 0.0293192639947, 0.026685455814, 0.0355415828526, 0.0564010217786, 0.087893165648, 0.566246628761],
    "chords_key": "D",
    "chords_scale": "minor",
    "key_key": "F",
    "key_scale": "major"
}
}