{
"lowlevel": {
    "average_loudness": 0.96766680479,
    "barkbands_crest": {
        "mean": 9.26620101929,
        "var": 13.1297740936
    },
    "barkbands_flatness_db": {
        "mean": 0.1424048841,
        "var": 0.00110303948168
    },
    "barkbands_kurtosis": {
        "mean": 3.50175046921,
        "var": 34.0884361267
    },
    "barkbands_skewness": {
        "mean": 1.67187976837,
        "var": 0.789451539516
    },
    "barkbands_spread": {
        "mean": 18.1317443848,
        "var": 61.3382720947
    },
    "dissonance": {
        "mean": 0.473556399345,
        "var": 0.000289923977107
    },
    "dynamic_complexity": 1.72335731983,
    "erbbands_crest": {
        "mean": 7.27089881897,
        "var": 11.1638498306
    },
    "erbbands_flatness_db": {
        "mean": 0.162891700864,
        "var": 0.000699656317011
    },
    "erbbands_kurtosis": {
        "mean": -0.344944745302,
        "var": 0.81912946701
    },
    "erbbands_skewness": {
        "mean": -0.0527137182653,
        "var": 0.277492940426
    },
    "erbbands_spread": {
        "mean": 35.9189147949,
        "var": 115.382987976
    },
    "hfc": {
        "mean": 14.1615877151,
        "var": 79.146774292
    },
    "melbands_crest": {
        "mean": 14.0461235046,
        "var": 18.5621166229
    },
    "melbands_flatness_db": {
        "mean": 0.224825635552,
        "var": 0.00177855521906
    },
    "melbands_kurtosis": {
        "mean": 11.6190052032,
        "var": 152.713348389
    },
    "melbands_skewness": {
        "mean": 2.80751013756,
        "var": 1.39103674889
    },
    "melbands_spread": {
        "mean": 17.6612110138,
        "var": 113.451148987
    },
    "pitch_salience": {
        "mean": 0.598228096962,
        "var": 0.00720918504521
    },
    "silence_rate_20dB": {
        "mean": 1,
        "var": 0
    },
    "silence_rate_30dB": {
        "mean": 0.99794024229,
        "var": 0.00205552531406
    },
    "silence_rate_60dB": {
        "mean": 0.00205973233096,
        "var": 0.00205553858541
    },
    "spectral_centroid": {
        "mean": 1077.97717285,
        "var": 302813.0625
    },
    "spectral_complexity": {
        "mean": 22.2832126617,
        "var": 25.4597187042
    },
    "spectral_decrease": {
        "mean": -7.9280839671e-009,
        "var": 3.30406575424e-017
    },
    "spectral_energy": {
        "mean": 0.0312069021165,
        "var": 0.000492949096952
    },
    "spectral_energyband_high": {
        "mean": 0.000193591156858,
        "var": 3.46476667801e-007
    },
    "spectral_energyband_low": {
        "mean": 0.0129686705768,
        "var": 0.000127023973619
    },
    "spectral_energyband_middle_high": {
        "mean": 0.00428592367098,
        "var": 7.83625819167e-006
    },
    "spectral_energyband_middle_low": {
        "mean": 0.0147304050624,
        "var": 0.000383980426705
    },
    "spectral_entropy": {
        "mean": 7.45409011841,
        "var": 0.0527034476399
    },
    "spectral_flux": {
        "mean": 0.0981051027775,
        "var": 0.0024160083849
    },
    "spectral_kurtosis": {
        "mean": 6.3756070137,
        "var": 6.15897464752
    },
    "spectral_rms": {
        "mean": 0.005284009967,
        "var": 2.52502286457e-006
    },
    "spectral_rolloff": {
        "mean": 948.224731445,
        "var": 1049010.75
    },
    "spectral_skewness": {
        "mean": 1.73846304417,
        "var": 0.109628021717
    },
    "spectral_spread": {
        "mean": 3312383.25,
        "var": 2.78966330982e+012
    },
    "spectral_strongpeak": {
        "mean": 0.571257650852,
        "var": 0.542553246021
    },
    "zerocrossingrate": {
        "mean": 0.040441352874,
        "var": 0.000671437941492
    },
    "barkbands": {
        "mean": [0.00116006925236, 0.00564975850284, 0.00526546500623, 0.0026300442405, 0.00642521679401, 0.00156776770018, 0.00239459145814, 0.000784081406891, 0.00076834205538, 0.000410511362134, 0.000413080968428, 0.000740522693377, 0.000482461036881, 0.000764576019719, 0.000351513270289, 0.000266345043201, 0.000363445637049, 0.000210921440157, 0.000271902797977, 0.000136893038871, 4.49126928288e-005, 3.01944037346e-005, 3.13482196361e-005, 2.08598630707e-005, 1.67989601323e-005, 4.99412635691e-006, 3.36282795388e-007],
        "var": [2.88110391011e-006, 5.82128195674e-005, 2.73738551186e-005, 1.15237853606e-005, 0.000210805577808, 4.80926291857e-006, 3.76796815544e-005, 9.13603912522e-007, 2.00362273972e-006, 2.70280338555e-007, 1.90321898685e-007, 6.65697484692e-007, 7.13018664555e-007, 1.45863327816e-006, 9.84126273806e-008, 4.0601570106e-008, 4.05395013559e-007, 2.83912040544e-008, 9.97241897949e-008, 1.21824854205e-007, 9.66496216392e-009, 4.14370981972e-009, 2.2750443307e-008, 8.35734681459e-009, 2.0821238067e-009, 3.56942309043e-010, 9.83870537125e-013]
    },
    "erbbands": {
        "mean": [0.123662374914, 1.46225845814, 5.50717449188, 8.09268093109, 18.130651474, 21.6248245239, 10.8006734848, 13.479716301, 35.5783157349, 20.5023231506, 19.2913856506, 18.7813892365, 14.6253061295, 14.1381235123, 18.5153961182, 34.6699028015, 25.5386219025, 40.3018798828, 22.1732006073, 17.7250080109, 15.9577999115, 20.3531494141, 11.5114822388, 14.3712978363, 12.2025003433, 6.67508792877, 2.58873319626, 1.31134903431, 1.13674223423, 1.0159907341, 0.834920406342, 0.519433617592, 0.325114041567, 0.200146824121, 0.116162456572, 0.033714197576, 0.00577773619443, 0.0016506453976, 5.50117838429e-005, 3.67089887732e-005],
        "var": [0.0165382605046, 4.14235687256, 29.2990398407, 61.4719810486, 1579.10302734, 2091.54882813, 684.282165527, 230.916610718, 8386.69335938, 1645.87915039, 512.54119873, 1407.81750488, 212.526809692, 336.665161133, 337.954589844, 1302.26647949, 1557.41564941, 4449.66064453, 764.25958252, 149.731491089, 209.416656494, 1341.69995117, 71.154548645, 207.020050049, 289.127990723, 292.467407227, 65.1621932983, 6.10626125336, 5.35820770264, 10.2451229095, 18.2539787292, 7.81579637527, 1.78098571301, 0.237930744886, 0.124533504248, 0.0193642769009, 0.000616865698248, 2.21881418838e-005, 1.29974351282e-008, 6.27786211904e-010]
    },
    "gfcc": {
        "mean": [-1.60244643688, 132.37940979, -126.504562378, 33.9929504395, -39.6496086121, 13.174747467, -37.9872589111, 7.6705789566, -23.3757133484, -2.59732413292, -8.25396442413, -7.07036399841, -13.420466423],
        "cov": [[3393.69042969, -52.179851532, -176.149017334, 123.641433716, -245.280075073, -14.8072767258, -126.473220825, 40.6484985352, -148.459640503, 95.1846237183, -46.0796432495, -1.96218252182, -50.1450881958], [-52.179851532, 502.651916504, -173.117050171, -33.3623085022, 110.592765808, -32.2444343567, 29.7315292358, -31.8562660217, 82.7044754028, -89.66065979, 63.5113143921, -52.9931869507, 14.2330293655], [-176.149017334, -173.117050171, 286.318115234, 26.2825107574, 7.50267219543, 17.238740921, -12.8518362045, -10.8615846634, -39.3668174744, 23.7998371124, -31.8167190552, 42.4471931458, 14.2522935867], [123.641433716, -33.3623085022, 26.2825107574, 126.968635559, -6.24004173279, 0.379267185926, 8.04270267487, -16.7003574371, -10.0770874023, -10.2025594711, 4.19834470749, -11.5920467377, 28.7881069183], [-245.280075073, 110.592765808, 7.50267219543, -6.24004173279, 158.666534424, 26.1446819305, 39.4050483704, 16.7722072601, 23.9811401367, -26.2974720001, 5.47823047638, -11.6355447769, -4.35211515427], [-14.8072767258, -32.2444343567, 17.238740921, 0.379267185926, 26.1446819305, 107.448547363, 18.76121521, 26.628528595, 13.5059432983, 0.363381743431, -6.60075378418, 3.18922019005, -5.65195465088], [-126.473220825, 29.7315292358, -12.8518362045, 8.04270267487, 39.4050483704, 18.76121521, 82.2428588867, 9.48100471497, 10.7868175507, -9.94898891449, 5.90088891983, -9.55879402161, -3.67501282692], [40.6484985352, -31.8562660217, -10.8615846634, -16.7003574371, 16.7722072601, 26.628528595, 9.48100471497, 85.3729934692, 29.0818061829, 24.1121082306, 1.81929004192, 1.08965992928, -19.4590969086], [-148.459640503, 82.7044754028, -39.3668174744, -10.0770874023, 23.9811401367, 13.5059432983, 10.7868175507, 29.0818061829, 91.5660476685, 6.70255756378, 27.3532142639, -7.16633176804, -8.46573638916], [95.1846237183, -89.66065979, 23.7998371124, -10.2025594711, -26.2974720001, 0.363381743431, -9.94898891449, 24.1121082306, 6.70255756378, 72.42578125, 8.35059928894, 14.4179563522, -12.8466329575], [-46.0796432495, 63.5113143921, -31.8167190552, 4.19834470749, 5.47823047638, -6.60075378418, 5.90088891983, 1.81929004192, 27.3532142639, 8.35059928894, 62.5060844421, -0.148278191686, 3.23075151443], [-1.96218252182, -52.9931869507, 42.4471931458, -11.5920467377, -11.6355447769, 3.18922019005, -9.55879402161, 1.08965992928, -7.16633176804, 14.4179563522, -0.148278191686, 57.4646911621, 6.12435054779], [-50.1450881958, 14.2330293655, 14.2522935867, 28.7881069183, -4.35211515427, -5.65195465088, -3.67501282692, -19.4590969086, -8.46573638916, -12.8466329575, 3.23075151443, 6.12435054779, 54.3383178711]],
        "icov": [[0.000632268725894, -0.00113476847764, 0.000407330779126, -0.00147218001075, 0.00106903794222, -0.000549261574633, 0.000756296270993, -0.00101690052543, 0.00197028485127, -0.00169796554837, 0.00103333091829, -0.000683173711877, 0.00119039718993], [-0.00113476847764, 0.00818637665361, 0.0011903194245, 0.00488428492099, -0.00509098172188, 0.00267629302107, -0.0010119501967, 0.00431367801502, -0.00746331643313, 0.00843860115856, -0.00582594051957, 0.00354676437564, -0.00396547652781], [0.000407330779126, 0.0011903194245, 0.00573399523273, -0.0015775677748, -0.0015990404645, -0.000540111679584, 0.00116630934644, 0.0010021913331, 0.0012633028673, -0.00171251012944, 0.00174546067137, -0.00293386192061, -0.00033169798553], [-0.00147218001075, 0.00488428492099, -0.0015775677748, 0.0141397174448, -0.00268600857817, 0.00144772278145, -0.00295884069055, 0.00369853503071, -0.00546383485198, 0.00632517924532, -0.00524861598387, 0.00589448865503, -0.00836361106485], [0.00106903794222, -0.00509098172188, -0.0015990404645, -0.00268600857817, 0.0119065735489, -0.00265010283329, -0.00199104147032, -0.00451480923221, 0.00382053875364, -0.00187769264448, 0.00273432116956, -0.00109317456372, 0.00320094963536], [-0.000549261574633, 0.00267629302107, -0.000540111679584, 0.00144772278145, -0.00265010283329, 0.0119067924097, -0.00234513683245, -0.00143234385177, -0.0039380453527, 0.00368969864212, -0.000449236220447, 0.000292595243081, -0.00122602540068], [0.000756296270993, -0.0010119501967, 0.00116630934644, -0.00295884069055, -0.00199104147032, -0.00234513683245, 0.0155952339992, -0.0017583539011, 0.00223483145237, -0.000849355186801, -0.000102749982034, 0.000227230950259, 0.00237419595942], [-0.00101690052543, 0.00431367801502, 0.0010021913331, 0.00369853503071, -0.00451480923221, -0.00143234385177, -0.0017583539011, 0.0194857660681, -0.00874983891845, -0.000783827912528, -0.00111134222243, 0.0015118890442, 0.000405055907322], [0.00197028485127, -0.00746331643313, 0.0012633028673, -0.00546383485198, 0.00382053875364, -0.0039380453527, 0.00223483145237, -0.00874983891845, 0.023881662637, -0.00915679335594, -0.00015880385763, -0.00258991960436, 0.00510780559853], [-0.00169796554837, 0.00843860115856, -0.00171251012944, 0.00632517924532, -0.00187769264448, 0.00368969864212, -0.000849355186801, -0.000783827912528, -0.00915679335594, 0.0290241502225, -0.0102879349142, 0.00119575043209, -0.000871722819284], [0.00103333091829, -0.00582594051957, 0.00174546067137, -0.00524861598387, 0.00273432116956, -0.000449236220447, -0.000102749982034, -0.00111134222243, -0.00015880385763, -0.0102879349142, 0.0250498242676, -0.00459843734279, 0.00114171393216], [-0.000683173711877, 0.00354676437564, -0.00293386192061, 0.00589448865503, -0.00109317456372, 0.000292595243081, 0.000227230950259, 0.0015118890442, -0.00258991960436, 0.00119575043209, -0.00459843734279, 0.0237754099071, -0.00594021845609], [0.00119039718993, -0.00396547652781, -0.00033169798553, -0.00836361106485, 0.00320094963536, -0.00122602540068, 0.00237419595942, 0.000405055907322, 0.00510780559853, -0.000871722819284, 0.00114171393216, -0.00594021845609, 0.0266842264682]]
    },
    "melbands": {
        "mean": [0.00145959248766, 0.00263378885575, 0.00164274277631, 0.0016633910127, 0.000427994411439, 0.000297880731523, 0.00054870225722, 0.000200724884053, 0.000153348504682, 0.000112502624688, 7.01476601535e-005, 5.5153392168e-005, 6.3367158873e-005, 8.24038579594e-005, 6.64635808789e-005, 5.08187877131e-005, 7.98332184786e-005, 3.66697495338e-005, 2.26648335229e-005, 2.16299285967e-005, 1.77360452653e-005, 2.32190759561e-005, 1.1691081454e-005, 1.08753811219e-005, 1.17746203614e-005, 9.66955485637e-006, 7.28050781618e-006, 3.62884497918e-006, 1.68295537151e-006, 9.58557848207e-007, 6.74588193306e-007, 6.44513193038e-007, 5.82462291732e-007, 5.68992902572e-007, 4.86473709316e-007, 4.17833376787e-007, 2.78203543758e-007, 2.32307669989e-007, 1.77821149805e-007, 1.65211531566e-007],
        "var": [2.90209209197e-006, 7.00731106917e-006, 3.44081081494e-006, 1.36248145282e-005, 8.91750914889e-007, 1.1865004268e-007, 1.90908258446e-006, 1.2501139679e-007, 3.63838523754e-008, 4.92347993486e-008, 5.20767118317e-009, 6.3429257402e-009, 4.22823065449e-009, 8.83167317056e-009, 7.52093320955e-009, 5.63293367506e-009, 1.85479578363e-008, 2.80196688074e-009, 3.19227505541e-010, 1.9341872548e-010, 3.82787995745e-010, 2.25252749786e-009, 1.53346432774e-010, 8.31682014923e-011, 1.67087704783e-010, 1.65790381423e-010, 1.88594279082e-010, 1.37546057877e-010, 4.46710307633e-011, 4.95039469486e-012, 1.41280997318e-012, 1.75530358477e-012, 1.99328227535e-012, 4.30822435019e-012, 5.52551060462e-012, 8.28553892163e-012, 1.81269127313e-012, 1.10379977727e-012, 3.8201351262e-013, 1.30783120336e-013]
    },
    "mfcc": {
        "mean": [-639.234863281, 157.766189575, -16.506521225, 26.4293079376, 16.4880161285, 6.08934545517, 4.92452335358, 5.74126005173, -6.60373544693, 2.44978165627, 4.57050657272, -2.63707756996, 1.34265458584],
        "cov": [[1209.78747559, -162.24710083, 83.4816818237, 72.8704986572, -106.75403595, -47.3884506226, 8.7578754425, -82.4962615967, -44.1536712646, 17.2492084503, -7.22587394714, 16.4857692719, 20.7861003876], [-162.24710083, 463.598205566, -160.845657349, -10.9963788986, 68.173500061, -5.00504636765, -10.7776155472, 51.9362449646, -6.91828966141, -2.04713702202, 29.8143672943, 3.55361127853, -8.67354869843], [83.4816818237, -160.845657349, 223.403793335, 20.0327854156, -3.63900613785, 19.8903198242, 1.89674448967, -36.3540267944, 7.0588145256, -31.6167373657, -33.7408943176, -1.15440893173, 3.58744096756], [72.8704986572, -10.9963788986, 20.0327854156, 125.292098999, -2.48905396461, 4.21614122391, 11.3431940079, -17.3978481293, -6.38512086868, -3.92380619049, -26.6897735596, -22.3867893219, 4.38327646255], [-106.75403595, 68.173500061, -3.63900613785, -2.48905396461, 115.922775269, 10.5191745758, 12.1645479202, 23.5042610168, 19.3895835876, 8.92018318176, 9.40203762054, -2.91566443443, 0.755751729012], [-47.3884506226, -5.00504636765, 19.8903198242, 4.21614122391, 10.5191745758, 78.3166351318, 18.7818660736, 14.9180707932, 7.12641620636, -4.73327302933, -11.2661142349, -3.81695842743, -10.6190490723], [8.7578754425, -10.7776155472, 1.89674448967, 11.3431940079, 12.1645479202, 18.7818660736, 84.8196716309, 8.73044776917, 12.1618003845, 0.161431640387, 1.27389776707, -20.1832427979, 4.08272266388], [-82.4962615967, 51.9362449646, -36.3540267944, -17.3978481293, 23.5042610168, 14.9180707932, 8.73044776917, 82.3252868652, 15.8872041702, 15.8302125931, 8.7869386673, 8.17425537109, -5.40916633606], [-44.1536712646, -6.91828966141, 7.0588145256, -6.38512086868, 19.3895835876, 7.12641620636, 12.1618003845, 15.8872041702, 60.148021698, 8.56766033173, 8.4619436264, -2.08458042145, 0.927571713924], [17.2492084503, -2.04713702202, -31.6167373657, -3.92380619049, 8.92018318176, -4.73327302933, 0.161431640387, 15.8302125931, 8.56766033173, 68.6522827148, 22.9581069946, 11.5357446671, -1.11911058426], [-7.22587394714, 29.8143672943, -33.7408943176, -26.6897735596, 9.40203762054, -11.2661142349, 1.27389776707, 8.7869386673, 8.4619436264, 22.9581069946, 72.2989883423, 22.3271255493, 7.30210065842], [16.4857692719, 3.55361127853, -1.15440893173, -22.3867893219, -2.91566443443, -3.81695842743, -20.1832427979, 8.17425537109, -2.08458042145, 11.5357446671, 22.3271255493, 67.3482971191, 13.5053310394], [20.7861003876, -8.67354869843, 3.58744096756, 4.38327646255, 0.755751729012, -10.6190490723, 4.08272266388, -5.40916633606, 0.927571713924, -1.11911058426, 7.30210065842, 13.5053310394, 56.1326522827]],
        "icov": [[0.00105367565993, 6.65677289362e-005, -0.000356800184818, -0.000520207395311, 0.00075742212357, 0.000549043063074, -0.000479370297398, 0.000551816192456, 0.000492865918204, -0.00060620624572, -7.94431471149e-005, -0.000433688051999, -4.03098893003e-005], [6.65677289362e-005, 0.00354060647078, 0.00248876749538, -0.000494099513162, -0.0020266410429, -4.6851906518e-005, 0.000690155604389, -0.00103244662751, 0.000724970654119, 0.00191679154523, -0.000775203341618, -0.000222325208597, 0.000451269588666], [-0.000356800184818, 0.00248876749538, 0.00758283166215, -0.000457570917206, -0.0020184405148, -0.00163930340204, 0.000523547001649, 0.00176660239231, -0.00139141560066, 0.00323757226579, 0.00166948512197, -0.00148394610733, 0.000144405246829], [-0.000520207395311, -0.000494099513162, -0.000457570917206, 0.00972742307931, -0.00029965347494, -0.000583051296417, -0.000714716152288, 0.00141078059096, 0.000459204253275, -0.00140135106631, 0.00309957307763, 0.0024890685454, -0.0015699978685], [0.00075742212357, -0.0020266410429, -0.0020184405148, -0.00029965347494, 0.0114453323185, -0.000267047289526, -0.00116512738168, -0.00125666125678, -0.00212791352533, -0.00203074980527, -0.00076076464029, 0.000759907299653, -0.000771390565205], [0.000549043063074, -4.6851906518e-005, -0.00163930340204, -0.000583051296417, -0.000267047289526, 0.0156122613698, -0.00363341579214, -0.00251922151074, -0.000288171984721, 0.000459606468212, 0.00201448053122, -0.00163342512678, 0.00306320702657], [-0.000479370297398, 0.000690155604389, 0.000523547001649, -0.000714716152288, -0.00116512738168, -0.00363341579214, 0.0148219633847, -0.00166385737248, -0.00171329791192, 0.000605022418313, -0.0022038531024, 0.00532674882561, -0.00255809118971], [0.000551816192456, -0.00103244662751, 0.00176660239231, 0.00141078059096, -0.00125666125678, -0.00251922151074, -0.00166385737248, 0.0167271513492, -0.0030774876941, -0.00280906632543, 0.00155436969362, -0.00266125192866, 0.00111924787052], [0.000492865918204, 0.000724970654119, -0.00139141560066, 0.000459204253275, -0.00212791352533, -0.000288171984721, -0.00171329791192, -0.0030774876941, 0.0197883863002, -0.00172327761538, -0.00226312642917, 0.00150882638991, -0.000645201303996], [-0.00060620624572, 0.00191679154523, 0.00323757226579, -0.00140135106631, -0.00203074980527, 0.000459606468212, 0.000605022418313, -0.00280906632543, -0.00172327761538, 0.019272737205, -0.00464696343988, -0.00206487230025, 0.00173678959254], [-7.94431471149e-005, -0.000775203341618, 0.00166948512197, 0.00309957307763, -0.00076076464029, 0.00201448053122, -0.0022038531024, 0.00155436969362, -0.00226312642917, -0.00464696343988, 0.0198080893606, -0.00526841776446, -0.00110213446897], [-0.000433688051999, -0.000222325208597, -0.00148394610733, 0.0024890685454, 0.000759907299653, -0.00163342512678, 0.00532674882561, -0.00266125192866, 0.00150882638991, -0.00206487230025, -0.00526841776446, 0.0208438895643, -0.00533212581649], [-4.03098893003e-005, 0.000451269588666, 0.000144405246829, -0.0015699978685, -0.000771390565205, 0.00306320702657, -0.00255809118971, 0.00111924787052, -0.000645201303996, 0.00173678959254, -0.00110213446897, -0.00533212581649, 0.0203683115542]]
    },
    "spectral_contrast_coeffs": {
        "mean": [-0.633205533028, -0.753646612167, -0.786481797695, -0.791620016098, -0.766316413879, -0.767992258072],
        "var": [0.00508744688705, 0.00390035146847, 0.00178645842243, 0.00112965656444, 0.00125502771698, 0.00115222018212]
    },
    "spectral_contrast_valleys": {
        "mean": [-6.70923233032, -6.38086223602, -6.93038511276, -7.19070911407, -7.60330247879, -10.8011026382],
        "var": [0.875836372375, 0.867278575897, 0.810041129589, 0.75153696537, 0.816806077957, 0.77127635479]
    }
},
"metadata": {
    "audio_properties": {
        "analysis_sample_rate": 44100,
        "bit_rate": 109557,
        "equal_loudness": 0,
        "length": 45.0612258911,
        "lossless": 0,
        "replay_gain": -9.66981124878,
        "sample_rate": 44100,
        "codec": "mp3",
        "downmix": "mix",
        "md5_encoded": "22127dc29fcc1905cae57d510fb084ae"
    },
    "tags": {
        "file_name": "42.mp3"
    },
    "version": {
        "essentia": "2.1-beta2",
        "essentia_git_sha": "v2.1_beta2",
        "extractor": "music 1.0"
    }
},
"rhythm": {
    "beats_count": 81,
    "beats_loudness": {
        "mean": 0.0387903265655,
        "var": 0.000208083467442
    },
    "bpm": 109.233757019,
    "bpm_histogram_first_peak_bpm": {
        "mean": 110,
        "var": 0
    },
    "bpm_histogram_first_peak_spread": {
        "mean": 0.521739125252,
        "var": 0
    },
    "bpm_histogram_first_peak_weight": {
        "mean": 0.41249999404,
        "var": 0
    },
    "bpm_histogram_second_peak_bpm": {
        "mean": 105,
        "var": 0
    },
    "bpm_histogram_second_peak_spread": {
        "mean": 0.100000023842,
        "var": 0
    },
    "bpm_histogram_second_peak_weight": {
        "mean": 0.11249999702,
        "var": 0
    },
    "danceability": 1.26897037029,
    "onset_rate": 2.52875113487,
    "beats_loudness_band_ratio": {
        "mean": [0.524050354958, 0.314556717873, 0.0868799239397, 0.0645751804113, 0.0392652265728, 0.0251211561263],
        "var": [0.0512924417853, 0.0493830852211, 0.00667449785396, 0.00250117690302, 0.000854122044984, 0.000398415810196]
    },
    "beats_position": [0.510838985443, 1.03328800201, 1.5673469305, 2.10140585899, 2.6470746994, 3.20435357094, 3.76163268089, 4.31891155243, 4.87619018555, 5.45668935776, 6.01396799088, 6.57124710083, 7.12852573395, 7.6858048439, 8.24308395386, 8.78875255585, 9.34603118896, 9.90331077576, 10.4489793777, 10.9830379486, 11.5287075043, 12.0743761063, 12.6200447083, 13.1657142639, 13.7113828659, 14.2570514679, 14.8027210236, 15.3483896255, 15.8940582275, 16.4397277832, 16.99700737, 17.5426750183, 18.088344574, 18.6340141296, 19.179681778, 19.7137413025, 20.2594108582, 20.8050785065, 21.3623580933, 21.8964176178, 22.430475235, 22.9645347595, 23.4985942841, 24.0558719635, 24.6015415192, 25.1472110748, 25.7044887543, 26.2617683411, 26.8074378967, 27.353105545, 27.9103851318, 28.4676647186, 29.0133323669, 29.5590019226, 30.1046714783, 30.6503391266, 31.1843986511, 31.7184581757, 32.2525177002, 32.7981834412, 33.3438529968, 33.901134491, 34.4468002319, 34.9808616638, 35.514919281, 36.0605888367, 36.6062583923, 37.151927948, 37.7092056274, 38.2780952454, 38.8469848633, 39.4042625427, 39.9615402222, 40.5188217163, 41.0877075195, 41.6565971375, 42.2254867554, 42.7943763733, 43.3632659912, 43.9321517944, 44.5010414124]
},
"tonal": {
    "chords_changes_rate": 0.042181070894,
    "chords_number_rate": 0.0102880662307,
    "chords_strength": {
        "mean": 0.567887842655,
        "var": 0.013902310282
    },
    "hpcp_entropy": {
        "mean": 2.49409103394,
        "var": 0.381528139114
    },
    "key_strength": 0.70210647583,
    "tuning_diatonic_strength": 0.714026033878,
    "tuning_equal_tempered_deviation": 0.223447337747,
    "tuning_frequency": 447.174194336,
    "tuning_nontempered_energy_ratio": 0.950330138206,
    "hpcp": {
        "mean": [0.32722428441, 0.192681029439, 0.133402124047, 0.120569437742, 0.154434368014, 0.201680019498, 0.184051409364, 0.139554142952, 0.110631793737, 0.0822681635618, 0.0741147771478, 0.0718521103263, 0.0660321787, 0.13435934484, 0.257062643766, 0.242291793227, 0.135127007961, 0.0856964215636, 0.0782547965646, 0.117453247309, 0.184544235468, 0.169637575746, 0.102732934058, 0.0666558668017, 0.0423412099481, 0.0633407458663, 0.139959275723, 0.170552253723, 0.205556169152, 0.276982486248, 0.21830534935, 0.113246463239, 0.0876903384924, 0.129396960139, 0.267651617527, 0.390898346901],
        "var": [0.10787268728, 0.0746301487088, 0.054894875735, 0.0483112558722, 0.0543182529509, 0.0691705048084, 0.0651809126139, 0.0549976117909, 0.0408823937178, 0.0255710296333, 0.0182397421449, 0.016236320138, 0.0139102265239, 0.0355398245156, 0.0654265061021, 0.0653280690312, 0.0472442433238, 0.032926954329, 0.0237493440509, 0.0305012352765, 0.0648604258895, 0.0570108965039, 0.0273302197456, 0.0179128237069, 0.0129055911675, 0.0140643296763, 0.0373021699488, 0.0535541884601, 0.0663967356086, 0.102883905172, 0.0754813104868, 0.036224398762, 0.029256792739, 0.0440529733896, 0.0934868380427, 0.130443453789]
    },
    "chords_histogram": [2.05761313438, 0.308641970158, 1.64609050751, 4.21810722351, 0, 0.823045253754, 0, 0.308641970158, 43.8271598816, 1.95473253727, 25.9259262085, 0, 1.44032919407, 0, 5.55555534363, 1.54320991039, 0, 0, 0, 0, 0.205761313438, 0.308641970158, 9.87654304504, 0],
    "thpcp": [1, 0.837108373642, 0.492918521166, 0.341270625591, 0.30844193697, 0.395075529814, 0.515939831734, 0.470842123032, 0.357008785009, 0.283019334078, 0.21045923233, 0.189601153135, 0.183812782168, 0.168924167752, 0.343719393015, 0.657620191574, 0.619833230972, 0.345683246851, 0.21922942996, 0.200192198157, 0.30047005415, 0.472102880478, 0.433968514204, 0.262812405825, 0.170519694686, 0.108317703009, 0.16203892231, 0.358045190573, 0.436308443546, 0.525855839252, 0.708579301834, 0.558470904827, 0.289708226919, 0.224330291152, 0.331024587154, 0.684709012508],
    "chords_key": "F#",
    "chords_scale": "major",
    "key_key": "D",
    "key_scale": "major"
}
}