{
"lowlevel": {
    "average_loudness": 0.958571016788,
    "barkbands_crest": {
        "mean": 10.1536417007,
        "var": 26.296005249
    },
    "barkbands_flatness_db": {
        "mean": 0.20511290431,
        "var": 0.0120547218248
    },
    "barkbands_kurtosis": {
        "mean": 4.54426145554,
        "var": 75.3394241333
    },
    "barkbands_skewness": {
        "mean": 1.12695622444,
        "var": 2.55983161926
    },
    "barkbands_spread": {
        "mean": 21.8302707672,
        "var": 435.740844727
    },
    "dissonance": {
        "mean": 0.423215776682,
        "var": 0.00390863604844
    },
    "dynamic_complexity": 3.23668456078,
    "erbbands_crest": {
        "mean": 10.838757515,
        "var": 36.8420829773
    },
    "erbbands_flatness_db": {
        "mean": 0.222173720598,
        "var": 0.0121233100072
    },
    "erbbands_kurtosis": {
        "mean": 2.26305890083,
        "var": 32.9435844421
    },
    "erbbands_skewness": {
        "mean": 0.539808571339,
        "var": 1.46008729935
    },
    "erbbands_spread": {
        "mean": 31.1107597351,
        "var": 725.977233887
    },
    "hfc": {
        "mean": 23.3005657196,
        "var": 1465.92553711
    },
    "melbands_crest": {
        "mean": 13.6394691467,
        "var": 45.3094940186
    },
    "melbands_flatness_db": {
        "mean": 0.285670489073,
        "var": 0.017314504832
    },
    "melbands_kurtosis": {
        "mean": 14.581196785,
        "var": 1567.85900879
    },
    "melbands_skewness": {
        "mean": 2.06271743774,
        "var": 6.02519845963
    },
    "melbands_spread": {
        "mean": 22.710351944,
        "var": 785.757995605
    },
    "pitch_salience": {
        "mean": 0.554856002331,
        "var": 0.0221728142351
    },
    "silence_rate_20dB": {
        "mean": 1,
        "var": 0
    },
    "silence_rate_30dB": {
        "mean": 1,
        "var": 0
    },
    "silence_rate_60dB": {
        "mean": 0.0720535218716,
        "var": 0.0668601468205
    },
    "spectral_centroid": {
        "mean": 1167.73510742,
        "var": 862235.5625
    },
    "spectral_complexity": {
        "mean": 13.0036029816,
        "var": 111.621810913
    },
    "spectral_decrease": {
        "mean": -5.05040009813e-009,
        "var": 1.46238153848e-017
    },
    "spectral_energy": {
        "mean": 0.0211747754365,
        "var": 0.000261843379121
    },
    "spectral_energyband_high": {
        "mean": 0.00156025018077,
        "var": 1.45082321978e-005
    },
    "spectral_energyband_low": {
        "mean": 0.00490614166483,
        "var": 4.35772126366e-005
    },
    "spectral_energyband_middle_high": {
        "mean": 0.00306542287581,
        "var": 2.01841394301e-005
    },
    "spectral_energyband_middle_low": {
        "mean": 0.0120043633506,
        "var": 0.000140367919812
    },
    "spectral_entropy": {
        "mean": 6.94539546967,
        "var": 1.16773152351
    },
    "spectral_flux": {
        "mean": 0.0685520917177,
        "var": 0.00219320436008
    },
    "spectral_kurtosis": {
        "mean": 18.4851989746,
        "var": 811.517883301
    },
    "spectral_rms": {
        "mean": 0.00417952146381,
        "var": 3.1899444366e-006
    },
    "spectral_rolloff": {
        "mean": 1899.12219238,
        "var": 7136018.5
    },
    "spectral_skewness": {
        "mean": 2.66027355194,
        "var": 3.51731204987
    },
    "spectral_spread": {
        "mean": 4871258,
        "var": 1.37461917286e+013
    },
    "spectral_strongpeak": {
        "mean": 0.924820244312,
        "var": 0.585571587086
    },
    "zerocrossingrate": {
        "mean": 0.0658453404903,
        "var": 0.00301464949735
    },
    "barkbands": {
        "mean": [0.000188739883015, 0.00365793169476, 0.000745545956306, 0.000872185570188, 0.0022373967804, 0.00289742136374, 0.00208724406548, 0.00251907831989, 0.00130820437334, 0.000414942449424, 0.000350787187926, 0.000616451492533, 0.000348748842953, 0.00033436564263, 0.0001443366491, 0.00017889458104, 0.000219259120058, 0.000171622887137, 0.00020919018425, 0.000213280000025, 0.000212316022953, 0.000171869789483, 0.000273336539976, 0.000301127467537, 0.000314740085742, 0.000165671837749, 2.01257498702e-005],
        "var": [9.33393380365e-008, 3.28754103975e-005, 2.06996537599e-006, 2.50115635936e-006, 6.95428661857e-006, 1.3812558791e-005, 7.90325975686e-006, 1.3772730199e-005, 3.25011183122e-006, 7.0061742008e-007, 4.91830803639e-007, 6.59083866594e-007, 1.81124306664e-007, 2.81950406134e-007, 1.43338809266e-007, 4.47162364026e-007, 6.92828791671e-007, 3.42420520383e-007, 6.32700391634e-007, 4.88852663239e-007, 5.28503562691e-007, 2.13600387156e-007, 5.32606691195e-007, 6.57218890865e-007, 7.32784485535e-007, 1.75335387098e-007, 3.21680371229e-009]
    },
    "erbbands": {
        "mean": [0.113095626235, 0.775384783745, 0.957898676395, 2.00006008148, 4.44851493835, 7.17730522156, 11.1260738373, 35.1861610413, 29.7969856262, 45.7616539001, 39.9431800842, 31.7162399292, 18.2419433594, 12.2540817261, 14.833732605, 21.9416866302, 19.6045608521, 18.294342041, 11.0048704147, 8.2433681488, 9.47896289825, 12.9881629944, 9.61453914642, 9.19295120239, 12.2524204254, 9.83472728729, 8.41109752655, 8.00671958923, 7.03223466873, 7.62221670151, 7.41030740738, 6.26610040665, 4.8870844841, 4.18382787704, 1.84306561947, 0.772884249687, 0.315502166748, 0.0581864453852, 0.002058430342, 7.45086726965e-005],
        "var": [0.032549213618, 1.51360952854, 1.87860786915, 16.9460048676, 35.304473877, 77.5751495361, 178.054458618, 2090.10668945, 1881.47253418, 4168.47509766, 2347.58862305, 2152.20751953, 646.286621094, 557.061645508, 691.011047363, 769.632446289, 419.067443848, 710.455322266, 788.639038086, 714.861816406, 1045.6829834, 2146.64794922, 1028.35192871, 1425.60644531, 2103.05419922, 1076.29821777, 875.52532959, 680.670349121, 344.549591064, 422.337402344, 394.823394775, 274.41986084, 181.694915771, 145.652038574, 22.6037101746, 3.75032567978, 0.730656683445, 0.0207396745682, 3.26285589836e-005, 1.82880839361e-008]
    },
    "gfcc": {
        "mean": [-67.9462509155, 102.140647888, -100.390602112, 4.92508602142, -47.5821456909, 13.2583150864, -33.7285079956, 3.54793524742, -21.3561763763, 11.1051673889, -5.76893663406, 3.00321817398, -15.3545913696],
        "cov": [[15988.5869141, -3572.49829102, 1400.87402344, 1491.40393066, -3052.48632813, -205.971710205, -838.042663574, 762.32244873, -133.868347168, 335.940460205, -1063.7277832, -107.951148987, -135.811340332], [-3572.49829102, 6595.97900391, -953.610107422, -1711.84716797, 527.634887695, -1293.15539551, 313.132415771, -618.268798828, 525.569213867, -462.828430176, 392.064605713, -384.689361572, 575.251464844], [1400.87402344, -953.610107422, 2005.47387695, 573.587219238, -74.6901550293, 579.405029297, -156.847488403, 123.164894104, -163.084136963, 162.05607605, -211.479934692, 31.1270847321, -222.309753418], [1491.40393066, -1711.84716797, 573.587219238, 1383.71325684, 308.298828125, 506.756835938, -49.8411941528, 175.984786987, -186.887649536, 21.350944519, -110.771499634, 114.404182434, -173.0131073], [-3052.48632813, 527.634887695, -74.6901550293, 308.298828125, 1426.15722656, 394.947174072, 198.01864624, -110.9322052, -93.4630966187, -134.443313599, 250.376449585, 110.738449097, -77.3831329346], [-205.971710205, -1293.15539551, 579.405029297, 506.756835938, 394.947174072, 779.372802734, 108.824676514, 134.598678589, -152.597503662, 118.368789673, -54.5662651062, 88.1845550537, -172.931243896], [-838.042663574, 313.132415771, -156.847488403, -49.8411941528, 198.01864624, 108.824676514, 282.281158447, 55.1004867554, 89.8682174683, -10.3088302612, 48.2642936707, -37.2281990051, 23.6615600586], [762.32244873, -618.268798828, 123.164894104, 175.984786987, -110.9322052, 134.598678589, 55.1004867554, 310.164398193, 80.7788848877, 80.0131225586, -69.4973907471, 53.381729126, -60.4248847961], [-133.868347168, 525.569213867, -163.084136963, -186.887649536, -93.4630966187, -152.597503662, 89.8682174683, 80.7788848877, 236.566589355, 55.2349586487, 35.8945617676, -66.4090881348, 62.6891212463], [335.940460205, -462.828430176, 162.05607605, 21.350944519, -134.443313599, 118.368789673, -10.3088302612, 80.0131225586, 55.2349586487, 239.651428223, 42.1965675354, -17.2193088531, -106.518974304], [-1063.7277832, 392.064605713, -211.479934692, -110.771499634, 250.376449585, -54.5662651062, 48.2642936707, -69.4973907471, 35.8945617676, 42.1965675354, 238.017272949, 53.6622200012, -33.0194396973], [-107.951148987, -384.689361572, 31.1270847321, 114.404182434, 110.738449097, 88.1845550537, -37.2281990051, 53.381729126, -66.4090881348, -17.2193088531, 53.6622200012, 205.00579834, 1.2164119482], [-135.811340332, 575.251464844, -222.309753418, -173.0131073, -77.3831329346, -172.931243896, 23.6615600586, -60.4248847961, 62.6891212463, -106.518974304, -33.0194396973, 1.2164119482, 217.198364258]],
        "icov": [[0.000243464412051, -0.00021260145877, 0.000117530318676, -0.000438132759882, 0.000549076648895, -0.00010875674343, 0.000411842367612, -0.000436898495536, 0.000363833096344, -0.000364635459846, 0.000608417729381, -0.000178788468475, 0.000238885477302], [-0.00021260145877, 0.00112955353688, -0.000656589632854, 0.000961185956839, -0.00109143881127, 0.00116679247003, -0.000870903430041, 0.000793645973317, -0.00123111926951, 0.00141896144487, -0.00171361630782, 0.00147098302841, -0.00139268359635], [0.000117530318676, -0.000656589632854, 0.0012102543842, -0.000632502662484, 0.000703448720742, -0.00130914628971, 0.00102159485687, -8.87506030267e-005, 0.000230454345001, -0.000890834839083, 0.0016661293339, -0.00105365528725, 0.00137548102066], [-0.000438132759882, 0.000961185956839, -0.000632502662484, 0.00230485782959, -0.00162004504818, 0.000482025236124, -0.000648550223559, 0.000362872087862, -0.000769038742874, 0.00150818075053, -0.0015102919424, 0.00111662549898, -0.00092712341575], [0.000549076648895, -0.00109143881127, 0.000703448720742, -0.00162004504818, 0.00350519572385, -0.00249350210652, 0.00120405107737, -0.00065441231709, 0.00049538037274, 0.000968668668065, -0.000309559138259, -0.00108186714351, 0.00190491462126], [-0.00010875674343, 0.00116679247003, -0.00130914628971, 0.000482025236124, -0.00249350210652, 0.00628880178556, -0.0039159595035, 0.000275342987152, 0.00197928445414, -0.00279681105167, 0.00164723058697, -9.69959583017e-005, -0.0011842752574], [0.000411842367612, -0.000870903430041, 0.00102159485687, -0.000648550223559, 0.00120405107737, -0.0039159595035, 0.00855871662498, -0.00321326521225, -0.00114060530905, 0.00164826307446, -0.001702939393, 0.00243248371407, -0.000557012739591], [-0.000436898495536, 0.000793645973317, -8.87506030267e-005, 0.000362872087862, -0.00065441231709, 0.000275342987152, -0.00321326521225, 0.0105431275442, -0.00771568715572, 0.000532061909325, 0.00423670653254, -0.00561258615926, 0.00425568595529], [0.000363833096344, -0.00123111926951, 0.000230454345001, -0.000769038742874, 0.00049538037274, 0.00197928445414, -0.00114060530905, -0.00771568715572, 0.0152919525281, -0.00635642604902, -0.00129260134418, 0.00374576589093, -0.00490693794563], [-0.000364635459846, 0.00141896144487, -0.000890834839083, 0.00150818075053, 0.000968668668065, -0.00279681105167, 0.00164826307446, 0.000532061909325, -0.00635642604902, 0.0135832987726, -0.00796354841441, 0.00376140139997, 0.00165468512569], [0.000608417729381, -0.00171361630782, 0.0016661293339, -0.0015102919424, -0.000309559138259, 0.00164723058697, -0.001702939393, 0.00423670653254, -0.00129260134418, -0.00796354841441, 0.0176691897213, -0.0100145358592, 0.00719645386562], [-0.000178788468475, 0.00147098302841, -0.00105365528725, 0.00111662549898, -0.00108186714351, -9.69959583017e-005, 0.00243248371407, -0.00561258615926, 0.00374576589093, 0.00376140139997, -0.0100145358592, 0.0138043733314, -0.00732199847698], [0.000238885477302, -0.00139268359635, 0.00137548102066, -0.00092712341575, 0.00190491462126, -0.0011842752574, -0.000557012739591, 0.00425568595529, -0.00490693794563, 0.00165468512569, 0.00719645386562, -0.00732199847698, 0.0134545238689]]
    },
    "melbands": {
        "mean": [0.00103463151027, 0.000706805265509, 0.000427687016781, 0.000398028409109, 0.000413603032939, 0.000712957058568, 0.000450691150036, 0.000562598695979, 0.000277246523183, 0.000204552168725, 8.77987986314e-005, 5.11880971317e-005, 4.27682207373e-005, 4.98418703501e-005, 6.81103338138e-005, 4.35527763329e-005, 3.02190856019e-005, 1.88922622328e-005, 1.06821844383e-005, 1.10416385724e-005, 1.12237148642e-005, 1.40001584441e-005, 1.01951054603e-005, 7.60811053624e-006, 7.1952313192e-006, 8.06899788586e-006, 9.17003944778e-006, 6.00856628807e-006, 4.77390767628e-006, 5.47395075046e-006, 4.33765353591e-006, 4.20839432991e-006, 3.04267928186e-006, 4.78599213238e-006, 4.26373117079e-006, 3.85840348827e-006, 3.82649022868e-006, 3.23488779941e-006, 3.71452506442e-006, 3.45979287886e-006],
        "var": [2.62733442469e-006, 9.53416417815e-007, 5.05513924054e-007, 2.43582519488e-007, 2.49496764582e-007, 8.25551865091e-007, 3.56472099838e-007, 6.51359471249e-007, 1.13380714595e-007, 9.50631289243e-008, 1.69869931455e-008, 9.67729008039e-009, 5.90170179393e-009, 5.63437074774e-009, 1.07564384066e-008, 3.58097795861e-009, 2.20365659054e-009, 2.52109577659e-009, 7.17802706163e-010, 1.57556712121e-009, 1.76125758422e-009, 2.40916064875e-009, 1.42685618876e-009, 6.29926666385e-010, 9.66281610282e-010, 1.08855613412e-009, 9.38268907014e-010, 4.54362047986e-010, 2.65587662973e-010, 3.78533093759e-010, 2.10201273054e-010, 1.17971410418e-010, 6.92476284647e-011, 1.75337758201e-010, 1.39253844567e-010, 1.02550794245e-010, 1.1001036887e-010, 8.07954120274e-011, 1.20689763738e-010, 1.00442751338e-010]
    },
    "mfcc": {
        "mean": [-723.703063965, 141.051559448, 13.7471218109, 7.15546560287, 3.53907895088, 6.1455411911, 3.19411325455, -2.40811824799, -7.00745296478, -1.31801354885, 8.61916255951, 12.4499444962, 0.939762294292],
        "cov": [[14828.1640625, -2821.58105469, 746.652954102, 456.069458008, -1195.03552246, -1091.93029785, -1116.14208984, -488.744415283, 505.788848877, 694.512084961, -725.192321777, -1127.34643555, 109.911987305], [-2821.58105469, 5923.25439453, -823.084655762, -479.61630249, -465.425689697, -676.50390625, -434.828552246, -353.230560303, -93.4273376465, -155.368240356, -143.926361084, -113.216712952, -102.339523315], [746.652954102, -823.084655762, 1679.32568359, 176.789642334, 256.6043396, 285.752380371, 127.423667908, 12.6453123093, 20.2362136841, 107.847129822, 74.4388504028, -43.624420166, -53.2456588745], [456.069458008, -479.61630249, 176.789642334, 593.595825195, 351.849761963, 224.946716309, 151.166046143, 124.373161316, 21.6160793304, -13.5698308945, 25.0839271545, 31.8827953339, -40.4777526855], [-1195.03552246, -465.425689697, 256.6043396, 351.849761963, 725.344360352, 461.407928467, 375.864044189, 258.574462891, -44.881313324, -134.095336914, 123.649032593, 168.75831604, -37.4174385071], [-1091.93029785, -676.50390625, 285.752380371, 224.946716309, 461.407928467, 561.851013184, 397.288116455, 185.77041626, -23.7560520172, -31.8971004486, 114.08404541, 127.415267944, -34.1954727173], [-1116.14208984, -434.828552246, 127.423667908, 151.166046143, 375.864044189, 397.288116455, 392.309906006, 212.637619019, -21.7119941711, -62.0380706787, 113.337867737, 150.053771973, -2.30381584167], [-488.744415283, -353.230560303, 12.6453123093, 124.373161316, 258.574462891, 185.77041626, 212.637619019, 267.395050049, 95.4563674927, -59.8664016724, 10.4298362732, 120.126365662, 77.1717071533], [505.788848877, -93.4273376465, 20.2362136841, 21.6160793304, -44.881313324, -23.7560520172, -21.7119941711, 95.4563674927, 243.71697998, 143.577758789, -75.033744812, -74.818939209, 59.1480369568], [694.512084961, -155.368240356, 107.847129822, -13.5698308945, -134.095336914, -31.8971004486, -62.0380706787, -59.8664016724, 143.577758789, 314.664245605, 114.973831177, -123.839042664, -83.153213501], [-725.192321777, -143.926361084, 74.4388504028, 25.0839271545, 123.649032593, 114.08404541, 113.337867737, 10.4298362732, -75.033744812, 114.973831177, 346.413543701, 177.813476563, -80.7102966309], [-1127.34643555, -113.216712952, -43.624420166, 31.8827953339, 168.75831604, 127.415267944, 150.053771973, 120.126365662, -74.818939209, -123.839042664, 177.813476563, 378.546142578, 164.621414185], [109.911987305, -102.339523315, -53.2456588745, -40.4777526855, -37.4174385071, -34.1954727173, -2.30381584167, 77.1717071533, 59.1480369568, -83.153213501, -80.7102966309, 164.621414185, 286.581970215]],
        "icov": [[0.000208681973163, 0.000115787879622, -7.21696196706e-005, -0.000357261858881, 0.000115290102258, 0.000335742777679, 0.000205111777177, -0.000118375275633, 0.000302204891341, -0.000348623463651, 6.13717202214e-005, 0.000608156784438, -0.000509503937792], [0.000115787879622, 0.000307171605527, 2.68616640824e-005, -8.37389161461e-005, -8.75324840308e-005, 0.000571967451833, -0.000194493986783, 0.000657312048133, -0.000485790951643, 0.000289692601655, -2.1946751076e-005, 0.000161265590577, 2.22025828407e-005], [-7.21696196706e-005, 2.68616640824e-005, 0.000762533803936, 0.000119582480693, -0.000349289155565, -0.000493354105856, 0.000122139535961, 0.000473506574053, -0.000225534196943, 2.27488490054e-005, -0.000207217235584, 9.56627845881e-005, -9.53225026024e-005], [-0.000357261858881, -8.37389161461e-005, 0.000119582480693, 0.00327525450848, -0.0018776046345, -0.000470201019198, 0.000144870806253, -0.000103809172288, 0.000125908656628, -0.00113351701293, 0.00175616366323, -0.00233398377895, 0.00180022534914], [0.000115290102258, -8.75324840308e-005, -0.000349289155565, -0.0018776046345, 0.00586049817502, -0.00306555069983, 0.000797108106781, -0.00262517039664, -0.00139312120155, 0.00495159393176, -0.00456192903221, 0.00314598274417, -0.000660531455651], [0.000335742777679, 0.000571967451833, -0.000493354105856, -0.000470201019198, -0.00306555069983, 0.0107308821753, -0.0089350361377, 0.00350023177452, 0.00117902341299, -0.00499289855361, 0.00534298131242, -0.00319239287637, 0.00142970413435], [0.000205111777177, -0.000194493986783, 0.000122139535961, 0.000144870806253, 0.000797108106781, -0.0089350361377, 0.0165225658566, -0.0100316405296, 0.00471293041483, -0.000361124839401, -0.00268662115559, 0.00259274290875, -0.00155633559916], [-0.000118375275633, 0.000657312048133, 0.000473506574053, -0.000103809172288, -0.00262517039664, 0.00350023177452, -0.0100316405296, 0.0217675361782, -0.0177076552063, 0.0114739350975, -0.00474911602214, -0.000806035066489, 0.000595507619437], [0.000302204891341, -0.000485790951643, -0.000225534196943, 0.000125908656628, -0.00139312120155, 0.00117902341299, 0.00471293041483, -0.0177076552063, 0.0298785306513, -0.0262122247368, 0.0173019524664, -0.00555749284104, -0.0012555741705], [-0.000348623463651, 0.000289692601655, 2.27488490054e-005, -0.00113351701293, 0.00495159393176, -0.00499289855361, -0.000361124839401, 0.0114739350975, -0.0262122247368, 0.0351252630353, -0.027780637145, 0.016510810703, -0.00466706324369], [6.13717202214e-005, -2.1946751076e-005, -0.000207217235584, 0.00175616366323, -0.00456192903221, 0.00534298131242, -0.00268662115559, -0.00474911602214, 0.0173019524664, -0.027780637145, 0.0308624766767, -0.0222845673561, 0.0113384295255], [0.000608156784438, 0.000161265590577, 9.56627845881e-005, -0.00233398377895, 0.00314598274417, -0.00319239287637, 0.00259274290875, -0.000806035066489, -0.00555749284104, 0.016510810703, -0.0222845673561, 0.0248230900615, -0.0148172602057], [-0.000509503937792, 2.22025828407e-005, -9.53225026024e-005, 0.00180022534914, -0.000660531455651, 0.00142970413435, -0.00155633559916, 0.000595507619437, -0.0012555741705, -0.00466706324369, 0.0113384295255, -0.0148172602057, 0.0144504839554]]
    },
    "spectral_contrast_coeffs": {
        "mean": [-0.653209984303, -0.688919246197, -0.743942558765, -0.721321761608, -0.795400798321, -0.787358283997],
        "var": [0.0141878202558, 0.0151811335236, 0.0102580394596, 0.00745571497828, 0.00277117826045, 0.00240670633502]
    },
    "spectral_contrast_valleys": {
        "mean": [-7.93781805038, -7.38363790512, -8.26881217957, -8.70591068268, -8.75950622559, -11.1523656845],
        "var": [2.60424089432, 2.80588626862, 2.6112909317, 2.42924213409, 2.96664094925, 4.57849550247]
    }
},
"metadata": {
    "audio_properties": {
        "analysis_sample_rate": 44100,
        "bit_rate": 112510,
        "equal_loudness": 0,
        "length": 45.0873451233,
        "lossless": 0,
        "replay_gain": -11.1019515991,
        "sample_rate": 44100,
        "codec": "mp3",
        "downmix": "mix",
        "md5_encoded": "b7f34b3b5f0cebe534d2d0913cf971db"
    },
    "tags": {
        "file_name": "420.mp3"
    },
    "version": {
        "essentia": "2.1-beta2",
        "essentia_git_sha": "v2.1_beta2",
        "extractor": "music 1.0"
    }
},
"rhythm": {
    "beats_count": 67,
    "beats_loudness": {
        "mean": 0.0283514410257,
        "var": 0.000133626759634
    },
    "bpm": 90.0159988403,
    "bpm_histogram_first_peak_bpm": {
        "mean": 89,
        "var": 0
    },
    "bpm_histogram_first_peak_spread": {
        "mean": 0.5,
        "var": 0
    },
    "bpm_histogram_first_peak_weight": {
        "mean": 0.484848499298,
        "var": 0
    },
    "bpm_histogram_second_peak_bpm": {
        "mean": 82,
        "var": 0
    },
    "bpm_histogram_second_peak_spread": {
        "mean": 0,
        "var": 0
    },
    "bpm_histogram_second_peak_weight": {
        "mean": 0.0303030312061,
        "var": 0
    },
    "danceability": 1.29173469543,
    "onset_rate": 3.8355152607,
    "beats_loudness_band_ratio": {
        "mean": [0.436490356922, 0.177474886179, 0.124605678022, 0.0557204186916, 0.110113583505, 0.118674740195],
        "var": [0.0434327684343, 0.0265279058367, 0.0197936967015, 0.00163209252059, 0.0153349675238, 0.0175453387201]
    },
    "beats_position": [0.684988677502, 1.39319729805, 2.10140585899, 2.82122445107, 3.55265307426, 4.21442174911, 4.88780021667, 5.54956912994, 6.2229475975, 6.8963265419, 7.55809497833, 8.2198638916, 8.893242836, 9.56662082672, 10.22838974, 10.8901586533, 11.5635375977, 12.2253055573, 12.8870744705, 13.5604534149, 14.2338323593, 14.8956003189, 15.5573692322, 16.2307472229, 16.8925170898, 17.5542850494, 18.2276649475, 18.8894329071, 19.5512008667, 20.2245807648, 20.8979587555, 21.548116684, 22.221496582, 22.8948745728, 23.5682544708, 24.2184123993, 24.89179039, 25.553560257, 26.2153282166, 26.8887062073, 27.5620861053, 28.2122440338, 28.8856239319, 29.5590019226, 30.2323799133, 30.8825397491, 31.5559177399, 32.2176856995, 32.8910636902, 33.5528335571, 34.2262115479, 34.8763694763, 35.5497512817, 36.2231292725, 36.8965072632, 37.5466651917, 38.2200431824, 38.8818130493, 39.55519104, 40.216960907, 40.8903388977, 41.5521087646, 42.2138786316, 42.8872566223, 43.560634613, 44.22240448, 44.8841705322]
},
"tonal": {
    "chords_changes_rate": 0.0679012313485,
    "chords_number_rate": 0.00617283955216,
    "chords_strength": {
        "mean": 0.475505799055,
        "var": 0.00686213327572
    },
    "hpcp_entropy": {
        "mean": 1.91378855705,
        "var": 0.426648139954
    },
    "key_strength": 0.742916584015,
    "tuning_diatonic_strength": 0.491737991571,
    "tuning_equal_tempered_deviation": 0.0149411801249,
    "tuning_frequency": 440.508636475,
    "tuning_nontempered_energy_ratio": 0.593949973583,
    "hpcp": {
        "mean": [0.0669685006142, 0.0733773335814, 0.235154032707, 0.377831637859, 0.208938241005, 0.0484224930406, 0.0377060733736, 0.0390886925161, 0.120550602674, 0.208857238293, 0.146059513092, 0.230648651719, 0.406432718039, 0.246606439352, 0.0639431849122, 0.0639853775501, 0.0756646171212, 0.203892737627, 0.270160704851, 0.121340915561, 0.0268337223679, 0.0252685267478, 0.0457472503185, 0.278870046139, 0.45898771286, 0.26068508625, 0.188495710492, 0.272715777159, 0.147477433085, 0.0302956942469, 0.0275286417454, 0.0297503732145, 0.126396358013, 0.217505604029, 0.128257244825, 0.0521595142782],
        "var": [0.0387505292892, 0.0299942605197, 0.0561421439052, 0.128308936954, 0.0441380552948, 0.0195316039026, 0.015147508122, 0.0169928949326, 0.0396370068192, 0.123889625072, 0.0578760839999, 0.0455824993551, 0.129441455007, 0.0517650470138, 0.0284500773996, 0.0325786545873, 0.032792519778, 0.0679317936301, 0.114657513797, 0.0270032081753, 0.00709827244282, 0.00619881320745, 0.00953726936132, 0.0539770238101, 0.118420988321, 0.0559333600104, 0.0474095754325, 0.104458719492, 0.0355330780149, 0.00520781660452, 0.00433934852481, 0.00617302162573, 0.0398358553648, 0.113634236157, 0.0455345660448, 0.0203226469457]
    },
    "chords_histogram": [41.872428894, 16.0493831635, 2.05761313438, 6.79012346268, 0, 0, 0, 0, 0, 0.102880656719, 0, 0, 0, 0, 0, 0, 0, 0, 0, 0, 0, 0, 12.551440239, 20.5761318207],
    "thpcp": [1, 0.567956566811, 0.410677015781, 0.594167947769, 0.321310192347, 0.0660054609179, 0.0599768608809, 0.0648173615336, 0.275380700827, 0.473881095648, 0.279435038567, 0.113640330732, 0.145904779434, 0.159867748618, 0.512331843376, 0.823184669018, 0.455215334892, 0.105498448014, 0.082150503993, 0.085162833333, 0.26264449954, 0.455038845539, 0.318220973015, 0.502515971661, 0.885498046875, 0.537283301353, 0.1393135041, 0.139405429363, 0.16485106945, 0.444222658873, 0.58860117197, 0.264366358519, 0.058462832123, 0.0550527311862, 0.099669881165, 0.60757625103],
    "chords_key": "A#",
    "chords_scale": "minor",
    "key_key": "A#",
    "key_scale": "minor"
}
}