{
"lowlevel": {
    "average_loudness": 0.0135149220005,
    "barkbands_crest": {
        "mean": 12.496011734,
        "var": 19.4115276337
    },
    "barkbands_flatness_db": {
        "mean": 0.25228151679,
        "var": 0.00353457592428
    },
    "barkbands_kurtosis": {
        "mean": 5.13175153732,
        "var": 49.3178596497
    },
    "barkbands_skewness": {
        "mean": 1.60030019283,
        "var": 1.11009478569
    },
    "barkbands_spread": {
        "mean": 8.7752161026,
        "var": 31.5961227417
    },
    "dissonance": {
        "mean": 0.422707945108,
        "var": 0.00202474975958
    },
    "dynamic_complexity": 9.57501983643,
    "erbbands_crest": {
        "mean": 10.9367761612,
        "var": 21.2846946716
    },
    "erbbands_flatness_db": {
        "mean": 0.266174674034,
        "var": 0.0027116399724
    },
    "erbbands_kurtosis": {
        "mean": 0.816592097282,
        "var": 8.15986537933
    },
    "erbbands_skewness": {
        "mean": 0.473126113415,
        "var": 0.883330702782
    },
    "erbbands_spread": {
        "mean": 19.5281524658,
        "var": 71.6876678467
    },
    "hfc": {
        "mean": 5.59186458588,
        "var": 140.599395752
    },
    "melbands_crest": {
        "mean": 15.0488214493,
        "var": 23.0627384186
    },
    "melbands_flatness_db": {
        "mean": 0.341805577278,
        "var": 0.0056061274372
    },
    "melbands_kurtosis": {
        "mean": 7.87350845337,
        "var": 67.0299987793
    },
    "melbands_skewness": {
        "mean": 2.04322099686,
        "var": 1.12554955482
    },
    "melbands_spread": {
        "mean": 11.6900548935,
        "var": 119.374809265
    },
    "pitch_salience": {
        "mean": 0.514518678188,
        "var": 0.0129468832165
    },
    "silence_rate_20dB": {
        "mean": 1,
        "var": 0
    },
    "silence_rate_30dB": {
        "mean": 0.981471955776,
        "var": 0.0181847717613
    },
    "silence_rate_60dB": {
        "mean": 0.544004142284,
        "var": 0.24806471169
    },
    "spectral_centroid": {
        "mean": 669.612548828,
        "var": 371179.5625
    },
    "spectral_complexity": {
        "mean": 7.44827604294,
        "var": 43.5916557312
    },
    "spectral_decrease": {
        "mean": -3.7032841238e-009,
        "var": 6.86114686726e-017
    },
    "spectral_energy": {
        "mean": 0.0144842388108,
        "var": 0.00104282295797
    },
    "spectral_energyband_high": {
        "mean": 2.47512684837e-006,
        "var": 8.63916577165e-011
    },
    "spectral_energyband_low": {
        "mean": 0.00411704974249,
        "var": 0.000209021294722
    },
    "spectral_energyband_middle_high": {
        "mean": 0.00176490691956,
        "var": 1.52091506607e-005
    },
    "spectral_energyband_middle_low": {
        "mean": 0.00888987910002,
        "var": 0.000396948686102
    },
    "spectral_entropy": {
        "mean": 6.27698898315,
        "var": 0.171590819955
    },
    "spectral_flux": {
        "mean": 0.0280382595956,
        "var": 0.00127155636437
    },
    "spectral_kurtosis": {
        "mean": 31.664188385,
        "var": 465.320007324
    },
    "spectral_rms": {
        "mean": 0.00258200592361,
        "var": 7.46421301301e-006
    },
    "spectral_rolloff": {
        "mean": 823.33380127,
        "var": 956585.4375
    },
    "spectral_skewness": {
        "mean": 3.83159303665,
        "var": 2.16758227348
    },
    "spectral_spread": {
        "mean": 2075495.875,
        "var": 3.24606518886e+012
    },
    "spectral_strongpeak": {
        "mean": 0.497066646814,
        "var": 0.329539328814
    },
    "zerocrossingrate": {
        "mean": 0.0305978693068,
        "var": 0.000773956999183
    },
    "barkbands": {
        "mean": [7.66720802403e-007, 0.00225541228428, 0.00165107205976, 0.000611154129729, 0.00344816921279, 0.00286479992792, 0.000820533430669, 0.000736659276299, 0.000236012638197, 0.000405020720791, 0.000257067324128, 0.000398212258006, 0.000307409121888, 0.000263606751105, 0.000112454436021, 6.60423611407e-005, 2.17352953769e-005, 1.67104153661e-005, 7.26414600649e-006, 2.73511864179e-006, 9.5838697689e-007, 2.58530519659e-007, 9.44916180856e-008, 3.84751182025e-008, 3.40080816841e-008, 3.45981554517e-008, 3.0563325204e-009],
        "var": [9.28181403265e-012, 0.000105256985989, 2.1475900212e-005, 3.83300357498e-006, 6.00791099714e-005, 0.000118299896712, 3.96760424337e-006, 2.79251503343e-006, 3.96782866119e-007, 8.94700121989e-007, 6.14682960531e-007, 1.0194959259e-006, 6.33502395431e-007, 5.96421500632e-007, 1.32827949528e-007, 5.55379173761e-008, 4.91161378235e-009, 1.94020746136e-008, 8.03432154139e-010, 1.33267424873e-010, 4.11268311074e-011, 5.717488657e-013, 3.66104092571e-013, 5.91184527954e-015, 7.56197610447e-016, 6.69991785152e-016, 2.66163136546e-016]
    },
    "erbbands": {
        "mean": [0.0159166827798, 0.662449121475, 2.22025513649, 1.66962790489, 5.32265615463, 12.7355337143, 19.6848602295, 24.4241847992, 9.96297740936, 17.4245910645, 14.186299324, 6.80270910263, 11.2374296188, 10.8469209671, 10.3563966751, 17.1816253662, 17.2229213715, 12.2168693542, 9.14673423767, 6.39248514175, 1.89022743702, 1.28573060036, 0.96059679985, 0.465659976006, 0.313623249531, 0.136157363653, 0.0667356327176, 0.0193172153085, 0.00918241683394, 0.00453788181767, 0.00296563049778, 0.0010512053268, 0.000551550823729, 0.000373256334569, 0.000281460059341, 0.000164311844856, 6.01313004154e-005, 1.17926592793e-005, 7.1945455602e-006, 1.61829502758e-005],
        "var": [0.00533466646448, 8.49913406372, 50.186126709, 15.2306632996, 272.810455322, 975.156860352, 2881.58740234, 8658.1875, 499.164886475, 2199.30908203, 1338.92456055, 296.952331543, 722.387695313, 837.921081543, 702.397277832, 1819.04504395, 1853.73327637, 1145.41210938, 746.112609863, 423.237701416, 31.0286521912, 23.2779159546, 68.8504714966, 3.24757361412, 1.80808961391, 0.239776447415, 0.120592467487, 0.009311969392, 0.00104416860268, 0.000161561954883, 0.000329676200636, 6.42825625619e-006, 5.19135028298e-007, 1.20637253076e-007, 4.03065243404e-008, 1.10333457926e-008, 2.85960455315e-009, 3.15300147102e-010, 2.3778107261e-010, 1.29090049761e-009]
    },
    "gfcc": {
        "mean": [-207.312194824, 170.784988403, -119.893806458, -17.1647987366, -45.1677398682, -10.3947381973, -38.2271652222, -10.1451511383, -28.8100185394, -2.57229495049, -12.0943498611, -8.92989349365, -12.3553981781],
        "cov": [[9131.23242188, 4122.68164063, -1188.87963867, -560.80859375, 1137.54382324, -196.115585327, 320.332092285, -638.889831543, 398.265991211, -299.842315674, 588.050231934, -505.683929443, 626.288757324], [4122.68164063, 2941.85766602, 194.743057251, -601.639465332, 876.130249023, 192.149307251, 228.571746826, -317.198425293, 256.553649902, -84.4822158813, 509.648925781, -215.709396362, 370.863647461], [-1188.87963867, 194.743057251, 948.589782715, -66.2909164429, 34.0275611877, 205.511550903, -6.74657058716, 90.5527038574, -54.6373138428, 86.7597808838, 70.2527770996, 141.736923218, -46.2087059021], [-560.80859375, -601.639465332, -66.2909164429, 467.058624268, -98.5821609497, -142.741226196, -2.58610129356, 115.872367859, -53.4184684753, -36.5739746094, -128.099441528, 61.0052223206, -21.6280670166], [1137.54382324, 876.130249023, 34.0275611877, -98.5821609497, 548.144958496, 195.543655396, 157.107055664, 7.67891645432, 149.179504395, 35.2180519104, 192.684707642, -32.4032516479, 111.319786072], [-196.115585327, 192.149307251, 205.511550903, -142.741226196, 195.543655396, 331.145507813, 100.549224854, 62.5265464783, 66.717956543, 89.4077682495, 69.8845672607, 22.6252384186, -28.2728710175], [320.332092285, 228.571746826, -6.74657058716, -2.58610129356, 157.107055664, 100.549224854, 142.285110474, 47.1606674194, 63.1860046387, 16.9782943726, 58.9099578857, -5.71682882309, 27.0576095581], [-638.889831543, -317.198425293, 90.5527038574, 115.872367859, 7.67891645432, 62.5265464783, 47.1606674194, 183.759613037, 14.9024038315, 54.7618408203, -27.2546386719, 79.873840332, -54.6782531738], [398.265991211, 256.553649902, -54.6373138428, -53.4184684753, 149.179504395, 66.717956543, 63.1860046387, 14.9024038315, 113.059913635, 31.3797988892, 61.8000564575, -17.7435531616, 35.9059829712], [-299.842315674, -84.4822158813, 86.7597808838, -36.5739746094, 35.2180519104, 89.4077682495, 16.9782943726, 54.7618408203, 31.3797988892, 102.094161987, 31.6475315094, 37.0793151855, -50.8148002625], [588.050231934, 509.648925781, 70.2527770996, -128.099441528, 192.684707642, 69.8845672607, 58.9099578857, -27.2546386719, 61.8000564575, 31.6475315094, 172.749084473, 4.76887369156, 56.6294326782], [-505.683929443, -215.709396362, 141.736923218, 61.0052223206, -32.4032516479, 22.6252384186, -5.71682882309, 79.873840332, -17.7435531616, 37.0793151855, 4.76887369156, 116.310966492, -16.600440979], [626.288757324, 370.863647461, -46.2087059021, -21.6280670166, 111.319786072, -28.2728710175, 27.0576095581, -54.6782531738, 35.9059829712, -50.8148002625, 56.6294326782, -16.600440979, 131.395095825]],
        "icov": [[0.0017370111309, -0.00423064641654, 0.0033749723807, -0.00184489786625, 0.00134650536347, -0.000141649579746, 2.81760026155e-006, 0.000508373545017, 0.00107217591722, -0.00193982291967, 0.00206544040702, -0.00249761901796, 0.00133567897137], [-0.00423064641654, 0.0134381046519, -0.00982168968767, 0.00636559585109, -0.00594716146588, 0.00191352982074, -0.00155289971735, 0.000553096353542, -0.00417138077319, 0.00760047789663, -0.00847909413278, 0.00920916814357, -0.00527291651815], [0.0033749723807, -0.00982168968767, 0.00909901969135, -0.00449083698913, 0.00396157661453, -0.00229608593509, 0.00154999049846, -0.000321687606629, 0.00452838232741, -0.00539489882067, 0.00485527329147, -0.0077303564176, 0.00339939445257], [-0.00184489786625, 0.00636559585109, -0.00449083698913, 0.00779203465208, -0.00442854966968, 0.00389442639425, -0.00283246557228, -0.00158245989587, -0.000760740833357, 0.004110859707, -0.0004919753992, 0.00234174891375, -0.00264980178326], [0.00134650536347, -0.00594716146588, 0.00396157661453, -0.00442854966968, 0.00898370798677, -0.0040865088813, 0.000784381234553, -0.00204235268757, -0.000212789396755, -0.00379434647039, -4.1963201511e-005, -0.00177465809975, -8.513830835e-005], [-0.000141649579746, 0.00191352982074, -0.00229608593509, 0.00389442639425, -0.0040865088813, 0.00906144268811, -0.00522452965379, 0.000859201187268, -0.00109518424142, -0.00147094251588, 0.00181262532715, 0.000302162545267, 0.000940491328947], [2.81760026155e-006, -0.00155289971735, 0.00154999049846, -0.00283246557228, 0.000784381234553, -0.00522452965379, 0.0163281299174, -0.00598974712193, -0.00161858391948, 0.00153644254897, -0.00300308223814, 0.00218212790787, -0.000588674447499], [0.000508373545017, 0.000553096353542, -0.000321687606629, -0.00158245989587, -0.00204235268757, 0.000859201187268, -0.00598974712193, 0.0162139646709, -0.00444305827841, -0.000479824258946, 0.00254103331827, -0.00769390258938, 0.00449936371297], [0.00107217591722, -0.00417138077319, 0.00452838232741, -0.000760740833357, -0.000212789396755, -0.00109518424142, -0.00161858391948, -0.00444305827841, 0.0221714153886, -0.0109571907669, 0.00234111351892, 0.00105243118014, -0.00461265305057], [-0.00193982291967, 0.00760047789663, -0.00539489882067, 0.004110859707, -0.00379434647039, -0.00147094251588, 0.00153644254897, -0.000479824258946, -0.0109571907669, 0.0294841378927, -0.0104150427505, 0.000192831299501, 0.00786494277418], [0.00206544040702, -0.00847909413278, 0.00485527329147, -0.0004919753992, -4.1963201511e-005, 0.00181262532715, -0.00300308223814, 0.00254103331827, 0.00234111351892, -0.0104150427505, 0.0229860227555, -0.011673822999, 0.00176628911868], [-0.00249761901796, 0.00920916814357, -0.0077303564176, 0.00234174891375, -0.00177465809975, 0.000302162545267, 0.00218212790787, -0.00769390258938, 0.00105243118014, 0.000192831299501, -0.011673822999, 0.0269582401961, -0.0102796927094], [0.00133567897137, -0.00527291651815, 0.00339939445257, -0.00264980178326, -8.513830835e-005, 0.000940491328947, -0.000588674447499, 0.00449936371297, -0.00461265305057, 0.00786494277418, 0.00176628911868, -0.0102796927094, 0.0213965605944]]
    },
    "melbands": {
        "mean": [0.000379214354325, 0.00112558680121, 0.000411003944464, 0.000604200584348, 0.000765990349464, 0.000542996043805, 0.00014796735195, 0.000182051255251, 0.000104282538814, 3.58898432751e-005, 5.57631756237e-005, 4.39931354776e-005, 3.81390527764e-005, 3.52660099452e-005, 5.13770864927e-005, 2.52830395766e-005, 2.41412417381e-005, 1.69954473677e-005, 7.48893944547e-006, 7.18472892913e-006, 1.34399419949e-006, 1.30174259994e-006, 1.2942837202e-006, 5.0603659929e-007, 3.69516129695e-007, 2.4812089805e-007, 1.41321677916e-007, 7.91338621298e-008, 5.08955437795e-008, 2.01853005422e-008, 8.02002730893e-009, 6.42376951632e-009, 2.65248401021e-009, 2.15683471083e-009, 1.9690762354e-009, 8.30262969487e-010, 5.42120348612e-010, 4.17890277937e-010, 2.92024626702e-010, 2.86610180034e-010],
        "var": [3.04245031657e-006, 1.60602030519e-005, 1.04806952095e-006, 1.86677550573e-006, 3.86088959203e-006, 4.28294197263e-006, 1.09094031586e-007, 2.14616861172e-007, 7.45381427691e-008, 8.79577655155e-009, 1.80048367326e-008, 1.46105412213e-008, 1.24446382088e-008, 8.05174327212e-009, 1.6006010739e-008, 3.88732823708e-009, 5.19362819418e-009, 2.78832557044e-009, 4.42762299047e-010, 6.62382482197e-010, 1.59917842857e-011, 2.20123103772e-011, 9.92769547126e-011, 1.21143711382e-011, 2.21638441107e-012, 1.17434870422e-012, 3.87865060165e-013, 7.58616802189e-014, 5.16994521466e-014, 3.430478693e-014, 4.9588707452e-016, 6.05473920834e-016, 2.46424780716e-017, 9.15985929023e-017, 1.96460808551e-016, 6.68961268656e-018, 2.07556366097e-018, 4.24172065961e-019, 8.03145135021e-020, 1.11057036397e-019]
    },
    "mfcc": {
        "mean": [-852.13684082, 205.904434204, -5.62793731689, -2.36782932281, 0.605661273003, -4.78781986237, -2.03298044205, -12.1004323959, -13.2375898361, -4.79138565063, -5.37066507339, -7.05041646957, -1.88140177727],
        "cov": [[7930.13037109, 4129.57275391, -1884.73181152, 3.19967412949, 534.998352051, 385.920288086, 246.419921875, -177.486206055, -39.9356880188, 112.630561829, 29.6633663177, 64.7037277222, -73.4663238525], [4129.57275391, 3163.35888672, -419.507110596, -370.437286377, 571.097106934, 443.337158203, 265.951934814, -36.3306388855, -79.2530059814, 63.221496582, 115.508796692, 148.122817993, 27.8490600586], [-1884.73181152, -419.507110596, 927.775512695, -89.3752822876, -18.1432113647, 22.7304363251, -3.42234396935, 60.4639091492, -42.943687439, -61.4150772095, -3.21663689613, 4.70654535294, 38.3500442505], [3.19967412949, -370.437286377, -89.3752822876, 391.796783447, -33.2679519653, -146.75328064, -17.2779541016, 14.74421978, 31.0268745422, -21.8281116486, -74.7547836304, -64.1744308472, -10.3813199997], [534.998352051, 571.097106934, -18.1432113647, -33.2679519653, 300.558929443, 155.536865234, 118.325088501, 83.9882888794, 31.1214179993, 45.9803619385, 76.0283279419, 88.7019195557, 54.5015068054], [385.920288086, 443.337158203, 22.7304363251, -146.75328064, 155.536865234, 219.741638184, 98.3768768311, 42.9878997803, 31.796957016, 43.766418457, 75.3367385864, 68.8513793945, 23.1843452454], [246.419921875, 265.951934814, -3.42234396935, -17.2779541016, 118.325088501, 98.3768768311, 136.160003662, 81.7659759521, 27.4583473206, 42.8958129883, 51.0773429871, 48.6393508911, 37.8333778381], [-177.486206055, -36.3306388855, 60.4639091492, 14.74421978, 83.9882888794, 42.9878997803, 81.7659759521, 143.652313232, 73.5356445313, 26.6694965363, 39.7650375366, 35.5222396851, 40.5849075317], [-39.9356880188, -79.2530059814, -42.943687439, 31.0268745422, 31.1214179993, 31.796957016, 27.4583473206, 73.5356445313, 113.937934875, 42.1961479187, 11.4036712646, 23.2638664246, 14.8879823685], [112.630561829, 63.221496582, -61.4150772095, -21.8281116486, 45.9803619385, 43.766418457, 42.8958129883, 26.6694965363, 42.1961479187, 75.4380722046, 51.1235809326, 22.9334125519, 16.1096477509], [29.6633663177, 115.508796692, -3.21663689613, -74.7547836304, 76.0283279419, 75.3367385864, 51.0773429871, 39.7650375366, 11.4036712646, 51.1235809326, 130.118225098, 77.6800994873, 14.6171369553], [64.7037277222, 148.122817993, 4.70654535294, -64.1744308472, 88.7019195557, 68.8513793945, 48.6393508911, 35.5222396851, 23.2638664246, 22.9334125519, 77.6800994873, 126.652885437, 58.2903175354], [-73.4663238525, 27.8490600586, 38.3500442505, -10.3813199997, 54.5015068054, 23.1843452454, 37.8333778381, 40.5849075317, 14.8879823685, 16.1096477509, 14.6171369553, 58.2903175354, 92.7540206909]],
        "icov": [[0.0531371794641, -0.0751577019691, 0.0731994584203, -0.0735357999802, 0.0690598264337, -0.0673146247864, 0.0626366734505, -0.0567062273622, 0.0512076951563, -0.041164342314, 0.0312350634485, -0.0257059503347, 0.0118303121999], [-0.0751577019691, 0.107169091702, -0.103148534894, 0.104754380882, -0.0992805957794, 0.0950457975268, -0.0900572836399, 0.0815712884068, -0.0723429247737, 0.0590146444738, -0.0437994152308, 0.0365685783327, -0.0164299160242], [0.0731994584203, -0.103148534894, 0.102385990322, -0.100820586085, 0.094857878983, -0.0935402289033, 0.0864966511726, -0.0792709887028, 0.0718004703522, -0.0554894544184, 0.0431819446385, -0.0350888445973, 0.0157377384603], [-0.0735357999802, 0.104754380882, -0.100820586085, 0.10742226243, -0.0989837348461, 0.0984381213784, -0.0916389599442, 0.0823801383376, -0.0756266415119, 0.0611842237413, -0.044009771198, 0.0387652479112, -0.0170123800635], [0.0690598264337, -0.0992805957794, 0.094857878983, -0.0989837348461, 0.100531607866, -0.0930176377296, 0.0847157537937, -0.0808589011431, 0.0711996629834, -0.05813703686, 0.0418243855238, -0.0376242212951, 0.0149360336363], [-0.0673146247864, 0.0950457975268, -0.0935402289033, 0.0984381213784, -0.0930176377296, 0.101664863527, -0.0898806154728, 0.0809776484966, -0.0756561085582, 0.0584756322205, -0.0450490936637, 0.0363020040095, -0.015414330177], [0.0626366734505, -0.0900572836399, 0.0864966511726, -0.0916389599442, 0.0847157537937, -0.0898806154728, 0.101706832647, -0.0868756994605, 0.0756020247936, -0.064698882401, 0.043978203088, -0.037927608937, 0.0158539842814], [-0.0567062273622, 0.0815712884068, -0.0792709887028, 0.0823801383376, -0.0808589011431, 0.0809776484966, -0.0868756994605, 0.0930288508534, -0.0792048797011, 0.0634176656604, -0.0477801375091, 0.0404501780868, -0.0216006748378], [0.0512076951563, -0.0723429247737, 0.0718004703522, -0.0756266415119, 0.0711996629834, -0.0756561085582, 0.0756020247936, -0.0792048797011, 0.0833814069629, -0.0647459849715, 0.047518119216, -0.0404005199671, 0.0207850113511], [-0.041164342314, 0.0590146444738, -0.0554894544184, 0.0611842237413, -0.05813703686, 0.0584756322205, -0.064698882401, 0.0634176656604, -0.0647459849715, 0.0749094933271, -0.0473324842751, 0.0383724495769, -0.0216205213219], [0.0312350634485, -0.0437994152308, 0.0431819446385, -0.044009771198, 0.0418243855238, -0.0450490936637, 0.043978203088, -0.0477801375091, 0.047518119216, -0.0473324842751, 0.0476315058768, -0.0356095582247, 0.0202293768525], [-0.0257059503347, 0.0365685783327, -0.0350888445973, 0.0387652479112, -0.0376242212951, 0.0363020040095, -0.037927608937, 0.0404501780868, -0.0404005199671, 0.0383724495769, -0.0356095582247, 0.0416917279363, -0.022457530722], [0.0118303121999, -0.0164299160242, 0.0157377384603, -0.0170123800635, 0.0149360336363, -0.015414330177, 0.0158539842814, -0.0216006748378, 0.0207850113511, -0.0216205213219, 0.0202293768525, -0.022457530722, 0.0260790083557]]
    },
    "spectral_contrast_coeffs": {
        "mean": [-0.565874874592, -0.72088944912, -0.75584846735, -0.729497790337, -0.768660545349, -0.804457366467],
        "var": [0.0132913161069, 0.00537016615272, 0.00358804920688, 0.00271312822588, 0.0024344290141, 0.00161148351617]
    },
    "spectral_contrast_valleys": {
        "mean": [-9.32962608337, -7.71865749359, -8.76479244232, -9.80567741394, -10.7929077148, -13.6997089386],
        "var": [3.14211773872, 2.21288084984, 2.1919426918, 2.3387799263, 1.16567611694, 0.428356260061]
    }
},
"metadata": {
    "audio_properties": {
        "analysis_sample_rate": 44100,
        "bit_rate": 105075,
        "equal_loudness": 0,
        "length": 45.0873451233,
        "lossless": 0,
        "replay_gain": -4.66211128235,
        "sample_rate": 44100,
        "codec": "mp3",
        "downmix": "mix",
        "md5_encoded": "99f692548740c3f174b5999ce013f2ea"
    },
    "tags": {
        "file_name": "422.mp3"
    },
    "version": {
        "essentia": "2.1-beta2",
        "essentia_git_sha": "v2.1_beta2",
        "extractor": "music 1.0"
    }
},
"rhythm": {
    "beats_count": 101,
    "beats_loudness": {
        "mean": 0.0170768816024,
        "var": 0.0012044768082
    },
    "bpm": 154.609191895,
    "bpm_histogram_first_peak_bpm": {
        "mean": 157,
        "var": 0
    },
    "bpm_histogram_first_peak_spread": {
        "mean": 0.433333337307,
        "var": 0
    },
    "bpm_histogram_first_peak_weight": {
        "mean": 0.170000001788,
        "var": 0
    },
    "bpm_histogram_second_peak_bpm": {
        "mean": 152,
        "var": 0
    },
    "bpm_histogram_second_peak_spread": {
        "mean": 0,
        "var": 0
    },
    "bpm_histogram_second_peak_weight": {
        "mean": 0.129999995232,
        "var": 0
    },
    "danceability": 0.77026450634,
    "onset_rate": 0.665118217468,
    "beats_loudness_band_ratio": {
        "mean": [0.280798375607, 0.392705470324, 0.194155246019, 0.123485162854, 0.0465434081852, 0.00789598096162],
        "var": [0.0556786544621, 0.0612792298198, 0.0199787374586, 0.0153643731028, 0.0104673262686, 0.000483910640469]
    },
    "beats_position": [0.371519267559, 0.766258478165, 1.16099774837, 1.54412698746, 1.92725622654, 2.31038546562, 2.70512461662, 3.08825397491, 3.45977306366, 3.83129239082, 4.20281171799, 4.57433080673, 4.95746040344, 5.35219955444, 5.74693870544, 6.10684776306, 6.45514726639, 6.81505680084, 7.17496585846, 7.55809497833, 7.94122457504, 8.32435321808, 8.70748329163, 9.0906124115, 9.47374153137, 9.85687065125, 10.2399997711, 10.6115188599, 10.9830379486, 11.354557991, 11.7260770798, 12.0975961685, 12.4923353195, 12.8870744705, 13.2818136215, 13.722992897, 14.1641721725, 14.6053514481, 15.1394100189, 15.6618595123, 16.1843090057, 16.7183666229, 17.2524261475, 17.7748756409, 18.3205432892, 18.8662128448, 19.458322525, 20.0504302979, 20.642539978, 21.2230377197, 21.8035373688, 22.3956451416, 22.9877548218, 23.5798625946, 24.1835823059, 24.7873020172, 25.4374599457, 26.0876178741, 26.73777771, 27.2370071411, 27.747844696, 28.2470741272, 28.7579135895, 29.2571430206, 29.7679805756, 30.2788200378, 30.7896595001, 31.2540588379, 31.7068481445, 32.1596374512, 32.6124267578, 33.0652160645, 33.5180053711, 33.9707946777, 34.4351921082, 34.8763694763, 35.3175506592, 35.7587280273, 36.1999092102, 36.6410865784, 37.0822677612, 37.4653968811, 37.848526001, 38.2432632446, 38.638004303, 39.0327415466, 39.427482605, 39.8222198486, 40.1705207825, 40.5188217163, 40.8671188354, 41.2038078308, 41.5521087646, 41.9120178223, 42.2835350037, 42.6550559998, 43.0265769958, 43.3980941772, 43.7812232971, 44.164352417, 44.5126533508]
},
"tonal": {
    "chords_changes_rate": 0.0339506156743,
    "chords_number_rate": 0.0123456791043,
    "chords_strength": {
        "mean": 0.511397480965,
        "var": 0.0114043140784
    },
    "hpcp_entropy": {
        "mean": 1.9222921133,
        "var": 0.404673695564
    },
    "key_strength": 0.760892510414,
    "tuning_diatonic_strength": 0.530789196491,
    "tuning_equal_tempered_deviation": 0.15137770772,
    "tuning_frequency": 436.456176758,
    "tuning_nontempered_energy_ratio": 0.875145971775,
    "hpcp": {
        "mean": [0.24478726089, 0.234890803695, 0.0568062700331, 0.00814186315984, 0.00553538836539, 0.0324384942651, 0.143931135535, 0.15792670846, 0.158835306764, 0.383539438248, 0.327957570553, 0.111428789794, 0.069176800549, 0.0203485805541, 0.0312140788883, 0.128890410066, 0.132276296616, 0.0472821183503, 0.0303508173674, 0.0252403765917, 0.0916014686227, 0.285563588142, 0.263025075197, 0.127633854747, 0.193192228675, 0.152473434806, 0.0412711575627, 0.0393466353416, 0.0422893725336, 0.0591348558664, 0.158942505717, 0.154144838452, 0.0441983751953, 0.0138754695654, 0.0121529996395, 0.065244063735],
        "var": [0.115612000227, 0.105154879391, 0.00812788214535, 0.000488862919156, 0.000571476412006, 0.00323621276766, 0.0578064136207, 0.0692918971181, 0.0263161621988, 0.183938294649, 0.129564121366, 0.0394305661321, 0.0349888913333, 0.00176660751458, 0.00241466169246, 0.0438875369728, 0.0503889657557, 0.00559650920331, 0.00875305570662, 0.0113846547902, 0.0272587314248, 0.123588971794, 0.104209423065, 0.0350807867944, 0.122532717884, 0.0778460949659, 0.0171714406461, 0.0143532082438, 0.0178301502019, 0.0176033824682, 0.0666026771069, 0.059830006212, 0.00823407992721, 0.000901364488527, 0.000748054764699, 0.0133035397157]
    },
    "chords_histogram": [8.02469158173, 27.6748962402, 10.6995887756, 12.6543207169, 8.84773635864, 3.60082316399, 1.02880656719, 0, 4.52674913406, 3.90946507454, 5.45267486572, 0, 0.617283940315, 0, 0, 0, 0, 0, 0, 6.37860059738, 0, 0, 0, 6.58436203003],
    "thpcp": [1, 0.855081737041, 0.290527582169, 0.180364236236, 0.0530547276139, 0.0813842713833, 0.336055159569, 0.344883173704, 0.12327837199, 0.0791334956884, 0.0658090785146, 0.238831937313, 0.744548201561, 0.685783624649, 0.332778960466, 0.503708899021, 0.397543042898, 0.107606031001, 0.102588236332, 0.110260821879, 0.154181942344, 0.414409816265, 0.401900887489, 0.115238152444, 0.0361774265766, 0.0316864401102, 0.170110449195, 0.638232290745, 0.612429320812, 0.148110643029, 0.021228229627, 0.0144323837012, 0.0845766887069, 0.375270754099, 0.411761313677, 0.414130300283],
    "chords_key": "A",
    "chords_scale": "minor",
    "key_key": "F",
    "key_scale": "major"
}
}