{
"lowlevel": {
    "average_loudness": 0.954602777958,
    "barkbands_crest": {
        "mean": 11.9535083771,
        "var": 23.4708099365
    },
    "barkbands_flatness_db": {
        "mean": 0.120370142162,
        "var": 0.00202346593142
    },
    "barkbands_kurtosis": {
        "mean": 4.74068784714,
        "var": 109.772445679
    },
    "barkbands_skewness": {
        "mean": 1.65297484398,
        "var": 2.0919816494
    },
    "barkbands_spread": {
        "mean": 33.9212646484,
        "var": 311.54574585
    },
    "dissonance": {
        "mean": 0.470808655024,
        "var": 0.000500545836985
    },
    "dynamic_complexity": 3.51459503174,
    "erbbands_crest": {
        "mean": 8.0021905899,
        "var": 13.5639266968
    },
    "erbbands_flatness_db": {
        "mean": 0.123790822923,
        "var": 0.000921767321415
    },
    "erbbands_kurtosis": {
        "mean": -0.205571815372,
        "var": 1.56699955463
    },
    "erbbands_skewness": {
        "mean": 0.0433978065848,
        "var": 0.557863771915
    },
    "erbbands_spread": {
        "mean": 49.0118942261,
        "var": 262.225372314
    },
    "hfc": {
        "mean": 13.330324173,
        "var": 289.687530518
    },
    "melbands_crest": {
        "mean": 17.5397148132,
        "var": 39.4896430969
    },
    "melbands_flatness_db": {
        "mean": 0.168188855052,
        "var": 0.00390580482781
    },
    "melbands_kurtosis": {
        "mean": 16.5601902008,
        "var": 422.966339111
    },
    "melbands_skewness": {
        "mean": 3.09333133698,
        "var": 3.08278632164
    },
    "melbands_spread": {
        "mean": 32.0969390869,
        "var": 610.988098145
    },
    "pitch_salience": {
        "mean": 0.512791514397,
        "var": 0.0225809980184
    },
    "silence_rate_20dB": {
        "mean": 1,
        "var": 0
    },
    "silence_rate_30dB": {
        "mean": 1,
        "var": 0
    },
    "silence_rate_60dB": {
        "mean": 0.22645393014,
        "var": 0.17517451942
    },
    "spectral_centroid": {
        "mean": 1975.39819336,
        "var": 712726.875
    },
    "spectral_complexity": {
        "mean": 13.5383424759,
        "var": 205.977661133
    },
    "spectral_decrease": {
        "mean": -3.68886121649e-009,
        "var": 2.15524472861e-017
    },
    "spectral_energy": {
        "mean": 0.0151317100972,
        "var": 0.000342853483744
    },
    "spectral_energyband_high": {
        "mean": 0.000943290593568,
        "var": 1.90958417079e-006
    },
    "spectral_energyband_low": {
        "mean": 0.00726883905008,
        "var": 0.000133170062327
    },
    "spectral_energyband_middle_high": {
        "mean": 0.00249423622154,
        "var": 1.44673595059e-005
    },
    "spectral_energyband_middle_low": {
        "mean": 0.00441009039059,
        "var": 9.54245770117e-005
    },
    "spectral_entropy": {
        "mean": 7.87701511383,
        "var": 0.116319157183
    },
    "spectral_flux": {
        "mean": 0.0692529156804,
        "var": 0.00386585411616
    },
    "spectral_kurtosis": {
        "mean": 2.74718856812,
        "var": 3.02304244041
    },
    "spectral_rms": {
        "mean": 0.0032471800223,
        "var": 4.21847107646e-006
    },
    "spectral_rolloff": {
        "mean": 2038.93786621,
        "var": 3952211
    },
    "spectral_skewness": {
        "mean": 1.17186582088,
        "var": 0.10060814023
    },
    "spectral_spread": {
        "mean": 5383225.5,
        "var": 3.8993830871e+012
    },
    "spectral_strongpeak": {
        "mean": 0.398390412331,
        "var": 0.370361804962
    },
    "zerocrossingrate": {
        "mean": 0.0691766142845,
        "var": 0.0019422081532
    },
    "barkbands": {
        "mean": [0.00101040664595, 0.00499531254172, 0.00137542490847, 0.000715278438292, 0.00129422859754, 0.000825097318739, 0.000495041662361, 0.000482981180539, 0.00040472636465, 0.000378869939595, 0.00021670870774, 0.000114248330647, 0.000177987341885, 0.000150649197167, 0.000153343236889, 0.000162200522027, 0.000289198505925, 0.000338767335052, 0.000418231560616, 0.000367658532923, 0.000321460393025, 0.000165184581419, 0.000100680561445, 9.052362293e-005, 6.06131288805e-005, 2.61142540694e-005, 7.76158458393e-007],
        "var": [3.56784789801e-006, 5.77228165639e-005, 2.99640832964e-005, 8.97239351616e-006, 1.91838316823e-005, 5.94661059949e-006, 6.8347708293e-007, 8.77600655258e-007, 5.46172032045e-007, 5.97520909196e-007, 2.37385435753e-007, 3.82723577275e-008, 1.20427927186e-007, 8.06421098787e-008, 9.8086921696e-008, 8.79810642118e-008, 4.39058140955e-007, 5.54305017886e-007, 9.06245588794e-007, 4.74506720138e-007, 2.99617170185e-007, 7.15227272963e-008, 2.86825123652e-008, 1.68742602114e-008, 5.59079182949e-009, 9.39945121736e-010, 3.76024862289e-012]
    },
    "erbbands": {
        "mean": [0.14847907424, 1.0945931673, 1.78068399429, 2.14957880974, 3.05489969254, 4.49546051025, 6.18192148209, 6.24813222885, 6.26639127731, 9.91724777222, 10.3970804214, 9.81709003448, 12.2477340698, 9.26782035828, 7.94912385941, 5.7015247345, 8.37884807587, 8.62774276733, 5.59120988846, 10.2395238876, 10.4298791885, 15.2296075821, 17.9007911682, 22.0419559479, 19.1827316284, 18.0433692932, 15.0442638397, 10.402053833, 6.28068161011, 3.79532456398, 2.91449189186, 2.09414362907, 1.33852088451, 0.690156579018, 0.422271430492, 0.169738784432, 0.0398361645639, 0.0049979868345, 0.000123907258967, 2.36677624343e-005],
        "var": [0.0401427261531, 3.62631797791, 33.1812019348, 75.7057800293, 116.234947205, 247.29888916, 441.3152771, 321.287384033, 147.804870605, 319.908569336, 356.142272949, 336.983978271, 608.301635742, 394.082183838, 235.675033569, 81.6129989624, 256.623443604, 248.413696289, 109.7029953, 451.809082031, 377.342834473, 1247.54492188, 1558.69616699, 2355.97998047, 1744.09973145, 1139.04248047, 709.340393066, 307.220581055, 97.8691177368, 36.1483726501, 23.164358139, 9.67949581146, 4.13319730759, 0.882593989372, 0.256287127733, 0.0400113873184, 0.00269575510174, 6.94783302606e-005, 3.62470125026e-008, 5.461007202e-010]
    },
    "gfcc": {
        "mean": [-42.2987785339, 61.7927398682, -112.121498108, 46.767665863, -64.9256362915, 19.7632656097, -32.4197845459, 22.4537773132, -20.9526805878, 13.6031570435, -13.7827033997, 5.80975532532, -7.33929252625],
        "cov": [[9042.95996094, -161.904525757, -458.055236816, 454.223236084, 73.7412948608, -33.3909301758, 96.6562576294, 157.704589844, -247.922927856, 58.7233657837, -103.264526367, 81.3431777954, -82.7429580688], [-161.904525757, 1341.70678711, -35.1493721008, 195.968109131, 176.097808838, -43.0048408508, 118.957672119, -102.32460022, 57.0746955872, -45.8600158691, 139.739837646, -75.6152267456, 114.377929688], [-458.055236816, -35.1493721008, 501.823150635, -0.978283286095, 51.2729454041, 44.1096458435, -36.2489814758, -5.56019258499, 56.0857925415, 1.28795170784, -20.204782486, -15.4766731262, -54.8758735657], [454.223236084, 195.968109131, -0.978283286095, 452.197662354, 106.71912384, 66.811088562, 132.961837769, 72.6565322876, -9.07413387299, -2.33381414413, 35.1619377136, -36.3412322998, 44.587802887], [73.7412948608, 176.097808838, 51.2729454041, 106.71912384, 248.499465942, 13.1499137878, 110.209136963, 45.4464263916, 14.3109169006, 13.5082044601, -10.9952964783, 6.88015317917, -7.26323318481], [-33.3909301758, -43.0048408508, 44.1096458435, 66.811088562, 13.1499137878, 128.82258606, 59.4323234558, 42.9789161682, 42.9570388794, 2.48075866699, 19.3766078949, -6.72404432297, 22.0755386353], [96.6562576294, 118.957672119, -36.2489814758, 132.961837769, 110.209136963, 59.4323234558, 151.65826416, 78.0901184082, 29.5973033905, 0.43771931529, 12.041302681, -1.7634036541, 32.324546814], [157.704589844, -102.32460022, -5.56019258499, 72.6565322876, 45.4464263916, 42.9789161682, 78.0901184082, 105.404273987, 33.6183280945, 18.0748100281, -18.2203788757, 12.6350498199, 1.03774178028], [-247.922927856, 57.0746955872, 56.0857925415, -9.07413387299, 14.3109169006, 42.9570388794, 29.5973033905, 33.6183280945, 93.2412872314, 23.4556350708, 25.2397861481, -11.8742055893, 9.30677223206], [58.7233657837, -45.8600158691, 1.28795170784, -2.33381414413, 13.5082044601, 2.48075866699, 0.43771931529, 18.0748100281, 23.4556350708, 62.766960144, 19.7947273254, 13.6060714722, -16.4029598236], [-103.264526367, 139.739837646, -20.204782486, 35.1619377136, -10.9952964783, 19.3766078949, 12.041302681, -18.2203788757, 25.2397861481, 19.7947273254, 77.471824646, 4.72834730148, 27.2526168823], [81.3431777954, -75.6152267456, -15.4766731262, -36.3412322998, 6.88015317917, -6.72404432297, -1.7634036541, 12.6350498199, -11.8742055893, 13.6060714722, 4.72834730148, 52.5501594543, 6.41841697693], [-82.7429580688, 114.377929688, -54.8758735657, 44.587802887, -7.26323318481, 22.0755386353, 32.324546814, 1.03774178028, 9.30677223206, -16.4029598236, 27.2526168823, 6.41841697693, 71.9226913452]],
        "icov": [[0.000149485087604, -0.000121034732729, 0.000150717125507, -0.00020123689319, 0.000133081513923, -0.000206754455576, 0.000103561869764, -0.000191755665583, 0.000327772431774, -0.000239130065893, 0.000386603001971, -0.000446407648269, 0.000433723325841], [-0.000121034732729, 0.00224502733909, -0.000197794914129, -8.96987330634e-005, -0.00163832318503, 0.00251444941387, -0.00170934165362, 0.00276926252991, -0.00189266656525, 0.00175847695209, -0.00334318354726, 0.00281566148624, -0.0023522649426], [0.000150717125507, -0.000197794914129, 0.00333223654889, -0.00130862696096, -0.000816744519398, -0.00189440394752, 0.00219512940384, 0.00169850315433, -0.00359479896724, 0.00155746238306, 0.00211365660653, -0.00275650131516, 0.00359502155334], [-0.00020123689319, -8.96987330634e-005, -0.00130862696096, 0.00582155771554, -0.00176884816028, -0.000405824539484, -3.23493877659e-005, -0.00713612139225, 0.00735579198226, -0.00103138643317, -0.0060652513057, 0.00871735904366, -0.00429969560355], [0.000133081513923, -0.00163832318503, -0.000816744519398, -0.00176884816028, 0.010088740848, 0.000294729834422, -0.00881861150265, 0.00473615853116, -0.00150777737144, -0.00374513259158, 0.00765158934519, -0.0074348305352, 0.00516050774604], [-0.000206754455576, 0.00251444941387, -0.00189440394752, -0.000405824539484, 0.000294729834422, 0.0152643555775, -0.00625082058832, 0.000800194626208, -0.00460707163438, 0.00275873416103, -0.00568080227822, 0.00388775649481, -0.00425705732778], [0.000103561869764, -0.00170934165362, 0.00219512940384, -3.23493877659e-005, -0.00881861150265, -0.00625082058832, 0.0282193105668, -0.0199092850089, 0.00406726170331, 0.00447297841311, -0.00615233555436, 0.00495109567419, -0.00445185042918], [-0.000191755665583, 0.00276926252991, 0.00169850315433, -0.00713612139225, 0.00473615853116, 0.000800194626208, -0.0199092850089, 0.0425571016967, -0.0209857672453, -0.00399737991393, 0.0188715290278, -0.0176962390542, 0.00589433591813], [0.000327772431774, -0.00189266656525, -0.00359479896724, 0.00735579198226, -0.00150777737144, -0.00460707163438, 0.00406726170331, -0.0209857672453, 0.0326836630702, -0.00903412606567, -0.0117969214916, 0.0172945540398, -0.00754227908328], [-0.000239130065893, 0.00175847695209, 0.00155746238306, -0.00103138643317, -0.00374513259158, 0.00275873416103, 0.00447297841311, -0.00399737991393, -0.00903412606567, 0.0301934648305, -0.0131175946444, -0.00518559943885, 0.00906680338085], [0.000386603001971, -0.00334318354726, 0.00211365660653, -0.0060652513057, 0.00765158934519, -0.00568080227822, -0.00615233555436, 0.0188715290278, -0.0117969214916, -0.0131175946444, 0.0383470915258, -0.0183916725218, 0.00178915052675], [-0.000446407648269, 0.00281566148624, -0.00275650131516, 0.00871735904366, -0.0074348305352, 0.00388775649481, 0.00495109567419, -0.0176962390542, 0.0172945540398, -0.00518559943885, -0.0183916725218, 0.0438348501921, -0.0167761761695], [0.000433723325841, -0.0023522649426, 0.00359502155334, -0.00429969560355, 0.00516050774604, -0.00425705732778, -0.00445185042918, 0.00589433591813, -0.00754227908328, 0.00906680338085, 0.00178915052675, -0.0167761761695, 0.0311585795134]]
    },
    "melbands": {
        "mean": [0.00142784719355, 0.0011446508579, 0.000396830029786, 0.000270027288934, 0.000219672627281, 0.000146384118125, 9.78098032647e-005, 0.000107141604531, 8.45481044962e-005, 5.8149555116e-005, 6.03031148785e-005, 3.68350411009e-005, 3.03423530568e-005, 1.39775665957e-005, 1.74198248715e-005, 1.61259085871e-005, 1.64997145475e-005, 8.32325076772e-006, 1.06674015115e-005, 1.34155561682e-005, 1.22205638036e-005, 1.4950489458e-005, 1.76722605829e-005, 1.65790715982e-005, 1.79063572432e-005, 1.51962403834e-005, 1.26773475131e-005, 1.15101411211e-005, 9.64151968219e-006, 8.21257253847e-006, 5.19774994245e-006, 3.55127735929e-006, 2.97996257359e-006, 1.78956793206e-006, 1.74604360836e-006, 1.43754095916e-006, 1.17347838113e-006, 1.00156591998e-006, 6.77999082654e-007, 5.5726792425e-007],
        "var": [3.68867040379e-006, 7.21626975064e-006, 2.30865521189e-006, 8.82468953023e-007, 5.4236880942e-007, 1.74329414904e-007, 3.18907957819e-008, 3.91207741757e-008, 2.20217621916e-008, 1.06964668234e-008, 1.51183101593e-008, 7.38396188638e-009, 4.75452743842e-009, 5.40782474356e-010, 9.57363632814e-010, 9.00185259667e-010, 1.10350018012e-009, 2.60611004999e-010, 4.55534804322e-010, 5.89353676972e-010, 6.07725869628e-010, 1.2083936074e-009, 1.91007298866e-009, 1.22387988633e-009, 1.64928348756e-009, 1.29027766249e-009, 5.77081826769e-010, 4.93844687366e-010, 3.02089075976e-010, 2.26298993433e-010, 7.03910679745e-011, 3.23692808668e-011, 2.55444432967e-011, 8.32003216322e-012, 8.70642013345e-012, 5.59993761431e-012, 3.02100358618e-012, 2.57233253795e-012, 9.91377119286e-013, 5.92851776785e-013]
    },
    "mfcc": {
        "mean": [-682.196350098, 87.9500427246, 9.22638988495, 30.6104278564, -1.16752684116, 4.6486697197, 3.07315063477, 6.22977018356, 4.99790859222, 7.13034629822, 4.42793083191, 5.49433803558, 1.87520492077],
        "cov": [[7086.12890625, -221.211730957, -402.826416016, 541.373657227, -113.723594666, 48.0748023987, 216.66178894, 112.160972595, 5.90481424332, -51.1032371521, -58.37525177, 92.7219696045, -78.9612884521], [-221.211730957, 1046.73291016, -91.3592376709, 150.719390869, 64.4301452637, 70.4477767944, 9.43945884705, -15.1773786545, -25.7125854492, -23.8745632172, 2.88635230064, 26.7835617065, -7.37472295761], [-402.826416016, -91.3592376709, 450.704620361, -93.4286499023, 87.8124465942, 18.5848922729, -28.7587585449, -11.4620513916, 4.27890777588, 33.0505867004, 22.2960014343, -18.0138168335, 30.9059696198], [541.373657227, 150.719390869, -93.4286499023, 390.806671143, 40.3118438721, 79.3073883057, 121.819152832, 77.0546264648, 46.1843833923, 18.1763439178, 11.1650590897, 33.1688156128, -12.6508464813], [-113.723594666, 64.4301452637, 87.8124465942, 40.3118438721, 94.6961669922, 40.9557571411, 19.3505992889, 19.3202457428, 23.273601532, 20.6466159821, 15.3979911804, 7.4020318985, 11.2825469971], [48.0748023987, 70.4477767944, 18.5848922729, 79.3073883057, 40.9557571411, 81.919052124, 58.5821456909, 33.6938858032, 22.2158527374, 25.0806255341, 8.81806850433, 5.24644470215, 8.84524822235], [216.66178894, 9.43945884705, -28.7587585449, 121.819152832, 19.3505992889, 58.5821456909, 103.372436523, 68.8009109497, 44.0007858276, 20.4605770111, 7.6957359314, 7.6428976059, 3.78173112869], [112.160972595, -15.1773786545, -11.4620513916, 77.0546264648, 19.3202457428, 33.6938858032, 68.8009109497, 98.2500839233, 67.5422134399, 30.134349823, 5.35089874268, 2.95329332352, 7.26227998734], [5.90481424332, -25.7125854492, 4.27890777588, 46.1843833923, 23.273601532, 22.2158527374, 44.0007858276, 67.5422134399, 89.1943588257, 48.0825462341, 10.8347091675, -1.56827020645, 12.6724939346], [-51.1032371521, -23.8745632172, 33.0505867004, 18.1763439178, 20.6466159821, 25.0806255341, 20.4605770111, 30.134349823, 48.0825462341, 73.7277603149, 31.4807300568, 4.61542510986, 8.41946220398], [-58.37525177, 2.88635230064, 22.2960014343, 11.1650590897, 15.3979911804, 8.81806850433, 7.6957359314, 5.35089874268, 10.8347091675, 31.4807300568, 59.216999054, 29.7338352203, 5.72464132309], [92.7219696045, 26.7835617065, -18.0138168335, 33.1688156128, 7.4020318985, 5.24644470215, 7.6428976059, 2.95329332352, -1.56827020645, 4.61542510986, 29.7338352203, 65.1299743652, 21.490354538], [-78.9612884521, -7.37472295761, 30.9059696198, -12.6508464813, 11.2825469971, 8.84524822235, 3.78173112869, 7.26227998734, 12.6724939346, 8.41946220398, 5.72464132309, 21.490354538, 52.6659660339]],
        "icov": [[0.000182227449841, 7.1321890573e-005, 2.77606450254e-005, -0.000195016429643, 0.000181092502316, 4.1972973122e-005, -0.000246385025093, -3.86583678846e-006, 0.000100996694528, -4.81026836496e-005, 0.000384445243981, -0.000451299390988, 0.000318195670843], [7.1321890573e-005, 0.00124154577497, 0.000419798365328, -0.000510732119437, -0.000714977446478, -0.00149502535351, 0.00122964242473, 6.47048218525e-005, 0.000106162042357, 0.000692704226822, -8.93233664101e-005, -0.000251474237302, 0.000194829641259], [2.77606450254e-005, 0.000419798365328, 0.00354550709017, 0.000521263573319, -0.00365631375462, -0.000276499398751, 0.000929998117499, -0.000415226997575, 0.00152260891628, -0.000920795020647, -0.00119807978626, 0.00216115498915, -0.00200558989309], [-0.000195016429643, -0.000510732119437, 0.000521263573319, 0.00519068352878, -0.00150176847819, -0.000487814773805, -0.00484263664111, 0.000261690584011, -0.000562915869523, -0.000115704366181, 0.000882868713234, -0.00242583220825, 0.00234019127674], [0.000181092502316, -0.000714977446478, -0.00365631375462, -0.00150176847819, 0.0194065533578, -0.00876883417368, 0.00385413039476, -0.000155913061462, -0.00535391643643, 0.00283102854155, -0.0020443960093, -0.0018204676453, 0.000817067513708], [4.1972973122e-005, -0.00149502535351, -0.000276499398751, -0.000487814773805, -0.00876883417368, 0.0319845117629, -0.0186054594815, 0.00174546567723, 0.00782259274274, -0.0105769922957, 0.0037856339477, 0.00171550526284, -0.00380218424834], [-0.000246385025093, 0.00122964242473, 0.000929998117499, -0.00484263664111, 0.00385413039476, -0.0186054594815, 0.036036349833, -0.0152893895283, -0.00225425884128, 0.00614199228585, -0.00517439283431, 0.00225848681293, -0.000885018147528], [-3.86583678846e-006, 6.47048218525e-005, -0.000415226997575, 0.000261690584011, -0.000155913061462, 0.00174546567723, -0.0152893895283, 0.0324622355402, -0.0191802885383, 0.00202001654543, 0.00236402614973, -0.00229660212062, 0.00164398911875], [0.000100996694528, 0.000106162042357, 0.00152260891628, -0.000562915869523, -0.00535391643643, 0.00782259274274, -0.00225425884128, -0.0191802885383, 0.0368882752955, -0.0180687848479, 0.00309803639539, 0.00449242116883, -0.00637995498255], [-4.81026836496e-005, 0.000692704226822, -0.000920795020647, -0.000115704366181, 0.00283102854155, -0.0105769922957, 0.00614199228585, 0.00202001654543, -0.0180687848479, 0.0327483303845, -0.0158329084516, 0.00367165077478, 0.00032294227276], [0.000384445243981, -8.93233664101e-005, -0.00119807978626, 0.000882868713234, -0.0020443960093, 0.0037856339477, -0.00517439283431, 0.00236402614973, 0.00309803639539, -0.0158329084516, 0.0338778719306, -0.0172711871564, 0.00647753151134], [-0.000451299390988, -0.000251474237302, 0.00216115498915, -0.00242583220825, -0.0018204676453, 0.00171550526284, 0.00225848681293, -0.00229660212062, 0.00449242116883, 0.00367165077478, -0.0172711871564, 0.0303521472961, -0.0144821936265], [0.000318195670843, 0.000194829641259, -0.00200558989309, 0.00234019127674, 0.000817067513708, -0.00380218424834, -0.000885018147528, 0.00164398911875, -0.00637995498255, 0.00032294227276, 0.00647753151134, -0.0144821936265, 0.0282202996314]]
    },
    "spectral_contrast_coeffs": {
        "mean": [-0.709135651588, -0.745576858521, -0.777920424938, -0.79569965601, -0.801055252552, -0.731208205223],
        "var": [0.00804453995079, 0.00520226079971, 0.00545910466462, 0.00355712859891, 0.00219378760085, 0.00424167187884]
    },
    "spectral_contrast_valleys": {
        "mean": [-7.93273639679, -7.4552731514, -8.03351688385, -8.36951637268, -7.78254699707, -10.4614362717],
        "var": [1.78671181202, 1.50704050064, 1.41790401936, 1.36910033226, 1.6982935667, 1.39533817768]
    }
},
"metadata": {
    "audio_properties": {
        "analysis_sample_rate": 44100,
        "bit_rate": 111191,
        "equal_loudness": 0,
        "length": 45.0873451233,
        "lossless": 0,
        "replay_gain": -15.4637889862,
        "sample_rate": 44100,
        "codec": "mp3",
        "downmix": "mix",
        "md5_encoded": "5b02fe23352a0dadf8faf86075401ead"
    },
    "tags": {
        "file_name": "425.mp3"
    },
    "version": {
        "essentia": "2.1-beta2",
        "essentia_git_sha": "v2.1_beta2",
        "extractor": "music 1.0"
    }
},
"rhythm": {
    "beats_count": 89,
    "beats_loudness": {
        "mean": 0.0411578528583,
        "var": 0.000625458080322
    },
    "bpm": 120.022346497,
    "bpm_histogram_first_peak_bpm": {
        "mean": 120,
        "var": 0
    },
    "bpm_histogram_first_peak_spread": {
        "mean": 0.459770083427,
        "var": 0
    },
    "bpm_histogram_first_peak_weight": {
        "mean": 0.534090936184,
        "var": 0
    },
    "bpm_histogram_second_peak_bpm": {
        "mean": 115,
        "var": 0
    },
    "bpm_histogram_second_peak_spread": {
        "mean": 0,
        "var": 0
    },
    "bpm_histogram_second_peak_weight": {
        "mean": 0.0113636367023,
        "var": 0
    },
    "danceability": 1.58323955536,
    "onset_rate": 4.03505086899,
    "beats_loudness_band_ratio": {
        "mean": [0.619626283646, 0.0768995732069, 0.0874119624496, 0.0431250445545, 0.085172303021, 0.112653441727],
        "var": [0.0634099841118, 0.00345070520416, 0.0066626239568, 0.00102397205774, 0.00765060307458, 0.0109672900289]
    },
    "beats_position": [0.568888902664, 1.09133780003, 1.60217678547, 2.10140585899, 2.60063481331, 3.09986400604, 3.59909296036, 4.08671188354, 4.58594083786, 5.08516979218, 5.58439922333, 6.08362817764, 6.58285713196, 7.0936961174, 7.59292507172, 8.10376358032, 8.60299301147, 9.10222244263, 9.6014509201, 10.1006803513, 10.6115188599, 11.0991382599, 11.6099767685, 12.0975961685, 12.6084346771, 13.0960540771, 13.6068935394, 14.0945119858, 14.6053514481, 15.1045799255, 15.6038093567, 16.1030387878, 16.602268219, 17.1014957428, 17.600725174, 18.0999546051, 18.5991840363, 19.0984115601, 19.5976409912, 20.1084804535, 20.6077098846, 21.1069393158, 21.6061668396, 22.1053962708, 22.6046257019, 23.1038551331, 23.614692688, 24.102312088, 24.6015415192, 25.1007709503, 25.6116104126, 26.0992279053, 26.6100673676, 27.0976867676, 27.6085262299, 28.0961437225, 28.6069831848, 29.0946025848, 29.6054420471, 30.0930614471, 30.6038990021, 31.1031284332, 31.6023578644, 32.1015853882, 32.6124267578, 33.111656189, 33.5992736816, 34.1101112366, 34.5977325439, 35.1085700989, 35.5961914063, 36.1070289612, 36.6062583923, 37.1054878235, 37.6047172546, 38.1039466858, 38.6147842407, 39.1024017334, 39.6016311646, 40.1008605957, 40.6000900269, 41.099319458, 41.5869369507, 42.0861663818, 42.585395813, 43.0962333679, 43.5838546753, 44.0946922302, 44.5939216614]
},
"tonal": {
    "chords_changes_rate": 0.0534979440272,
    "chords_number_rate": 0.00925925932825,
    "chords_strength": {
        "mean": 0.510741829872,
        "var": 0.00772839505225
    },
    "hpcp_entropy": {
        "mean": 1.81025850773,
        "var": 1.10490810871
    },
    "key_strength": 0.774236917496,
    "tuning_diatonic_strength": 0.546590983868,
    "tuning_equal_tempered_deviation": 0.0747814700007,
    "tuning_frequency": 440.254241943,
    "tuning_nontempered_energy_ratio": 0.694259405136,
    "hpcp": {
        "mean": [0.196053609252, 0.130113273859, 0.0688782334328, 0.0560724809766, 0.0623189695179, 0.150133937597, 0.220670223236, 0.168580323458, 0.172208189964, 0.210084989667, 0.157487154007, 0.100637815893, 0.0772362649441, 0.0649691671133, 0.123556807637, 0.171145096421, 0.11407738924, 0.0657260343432, 0.0510328635573, 0.0486247986555, 0.155076190829, 0.227226182818, 0.149238079786, 0.120737731457, 0.0917686074972, 0.0381955653429, 0.0652284696698, 0.085468351841, 0.0689485296607, 0.135914102197, 0.198837965727, 0.129663750529, 0.0742900669575, 0.0699718594551, 0.0763899162412, 0.15003234148],
        "var": [0.10475807637, 0.0492401085794, 0.0246673058718, 0.0170193929225, 0.0175282489508, 0.0468455553055, 0.0992024987936, 0.0596102923155, 0.0740661621094, 0.101929359138, 0.066455103457, 0.0361766628921, 0.026524618268, 0.0216370895505, 0.0412334278226, 0.0692254751921, 0.0347354672849, 0.0217324662954, 0.0176759790629, 0.0124357072636, 0.0538423880935, 0.1097073704, 0.0426165834069, 0.0641590580344, 0.0387018471956, 0.00835799612105, 0.0200800802559, 0.0329469405115, 0.0162233132869, 0.0406262762845, 0.0870619863272, 0.0415607728064, 0.0284933149815, 0.0268310159445, 0.0318345054984, 0.0645357593894]
    },
    "chords_histogram": [21.6049385071, 14.0946502686, 10.9053497314, 17.4897117615, 3.39506173134, 0, 2.67489719391, 0, 0, 0, 0, 0, 0, 0, 0, 0, 0, 1.02880656719, 0, 0, 0, 3.80658435822, 0.514403283596, 24.4855976105],
    "thpcp": [1, 0.656782031059, 0.53135484457, 0.403864592314, 0.168094918132, 0.287064045668, 0.376137793064, 0.30343568325, 0.59814453125, 0.875066280365, 0.570637345314, 0.32694324851, 0.307939231396, 0.336184471846, 0.660277545452, 0.862812578678, 0.572615683079, 0.303126305342, 0.246769458055, 0.274259626865, 0.660724639893, 0.971147894859, 0.741905391216, 0.75787127018, 0.924563288689, 0.693085432053, 0.442897081375, 0.339909166098, 0.285922884941, 0.543761312962, 0.753192663193, 0.502043306828, 0.289253801107, 0.224590599537, 0.213992938399, 0.682475030422],
    "chords_key": "A",
    "chords_scale": "minor",
    "key_key": "C",
    "key_scale": "major"
}
}