{
"lowlevel": {
    "average_loudness": 0.977206230164,
    "barkbands_crest": {
        "mean": 10.3787336349,
        "var": 12.7496061325
    },
    "barkbands_flatness_db": {
        "mean": 0.189955696464,
        "var": 0.00345222023316
    },
    "barkbands_kurtosis": {
        "mean": 2.52197885513,
        "var": 21.0137195587
    },
    "barkbands_skewness": {
        "mean": 1.16481089592,
        "var": 1.09197568893
    },
    "barkbands_spread": {
        "mean": 18.7479572296,
        "var": 133.0546875
    },
    "dissonance": {
        "mean": 0.397196233273,
        "var": 0.00395532604307
    },
    "dynamic_complexity": 1.10145831108,
    "erbbands_crest": {
        "mean": 12.0267915726,
        "var": 15.1305532455
    },
    "erbbands_flatness_db": {
        "mean": 0.195916935802,
        "var": 0.00417865300551
    },
    "erbbands_kurtosis": {
        "mean": 3.73181557655,
        "var": 16.2488307953
    },
    "erbbands_skewness": {
        "mean": 0.775461852551,
        "var": 0.801873326302
    },
    "erbbands_spread": {
        "mean": 30.0539455414,
        "var": 816.954406738
    },
    "hfc": {
        "mean": 23.52850914,
        "var": 623.014160156
    },
    "melbands_crest": {
        "mean": 16.745098114,
        "var": 39.8401870728
    },
    "melbands_flatness_db": {
        "mean": 0.26187607646,
        "var": 0.005212334916
    },
    "melbands_kurtosis": {
        "mean": 9.11658477783,
        "var": 233.734237671
    },
    "melbands_skewness": {
        "mean": 1.96571362019,
        "var": 2.5416560173
    },
    "melbands_spread": {
        "mean": 18.3050308228,
        "var": 89.2427749634
    },
    "pitch_salience": {
        "mean": 0.460260748863,
        "var": 0.010934760794
    },
    "silence_rate_20dB": {
        "mean": 1,
        "var": 0
    },
    "silence_rate_30dB": {
        "mean": 0.959855914116,
        "var": 0.0385316051543
    },
    "silence_rate_60dB": {
        "mean": 0.00154400407337,
        "var": 0.00154162046965
    },
    "spectral_centroid": {
        "mean": 966.606750488,
        "var": 350368.71875
    },
    "spectral_complexity": {
        "mean": 13.7817811966,
        "var": 40.5081939697
    },
    "spectral_decrease": {
        "mean": -1.07099200619e-008,
        "var": 5.04942478766e-017
    },
    "spectral_energy": {
        "mean": 0.0425558462739,
        "var": 0.00079302553786
    },
    "spectral_energyband_high": {
        "mean": 0.00136579736136,
        "var": 7.22942786524e-006
    },
    "spectral_energyband_low": {
        "mean": 0.0220604240894,
        "var": 0.000450930325314
    },
    "spectral_energyband_middle_high": {
        "mean": 0.00448699016124,
        "var": 1.02462545328e-005
    },
    "spectral_energyband_middle_low": {
        "mean": 0.0154538573697,
        "var": 0.000164934826898
    },
    "spectral_entropy": {
        "mean": 7.20140123367,
        "var": 0.455906242132
    },
    "spectral_flux": {
        "mean": 0.0888272300363,
        "var": 0.00315946829505
    },
    "spectral_kurtosis": {
        "mean": 7.40409421921,
        "var": 73.1460342407
    },
    "spectral_rms": {
        "mean": 0.00618015835062,
        "var": 3.3235689898e-006
    },
    "spectral_rolloff": {
        "mean": 988.270141602,
        "var": 1382407.375
    },
    "spectral_skewness": {
        "mean": 2.03229141235,
        "var": 1.16770291328
    },
    "spectral_spread": {
        "mean": 5165397.5,
        "var": 7.41502038835e+012
    },
    "spectral_strongpeak": {
        "mean": 0.739747643471,
        "var": 0.76652765274
    },
    "zerocrossingrate": {
        "mean": 0.0447391793132,
        "var": 0.000968461972661
    },
    "barkbands": {
        "mean": [0.00258661573753, 0.0144371166825, 0.00454326439649, 0.00145283748861, 0.00153239199426, 0.0028252529446, 0.00227409927174, 0.00275439885445, 0.00382327334955, 0.00177393143531, 0.0017305057263, 0.000597069738433, 0.000283567234874, 6.59053184791e-005, 0.000111260531412, 5.10485479026e-005, 6.43468956696e-005, 9.66892912402e-005, 0.000111770095828, 0.000164944576682, 0.0002078365942, 0.000380956305889, 0.000192928200704, 0.000307339534629, 0.000160252660862, 2.58062154899e-005, 4.42252058974e-007],
        "var": [1.2556677575e-005, 0.000154992245371, 0.000124027355923, 1.22803985505e-005, 6.08486880083e-006, 6.4333427872e-005, 5.43496207683e-006, 4.07315746997e-006, 1.86465313163e-005, 3.82651023756e-006, 1.6150064539e-006, 1.75648983713e-006, 1.24481360331e-007, 1.36991884503e-008, 8.17916202323e-007, 2.73309286314e-008, 1.40418601191e-008, 2.58700850964e-007, 6.14148660816e-008, 1.15203050655e-007, 3.74962638716e-007, 9.5028292435e-007, 1.29229604795e-007, 3.29015449552e-007, 8.19815468844e-008, 3.08126058002e-009, 5.71906020805e-012]
    },
    "erbbands": {
        "mean": [0.668987452984, 2.24117660522, 4.8757481575, 5.50293016434, 5.24945640564, 5.19084453583, 8.07305431366, 30.6891727448, 35.882900238, 52.2777633667, 51.1856498718, 99.4647369385, 51.1370124817, 39.8286209106, 89.0883789063, 32.0704116821, 14.3808259964, 4.15765476227, 5.11370563507, 3.93025779724, 3.36467719078, 3.46282410622, 5.14993524551, 5.16081428528, 6.77532434464, 6.9503531456, 8.31112670898, 8.58868408203, 11.9534063339, 11.9338722229, 5.17267847061, 5.764523983, 5.04153680801, 2.15277981758, 1.00946640968, 0.17079988122, 0.04546636343, 0.00439656153321, 0.000135098176543, 5.68088435102e-005],
        "var": [0.436099916697, 4.96870088577, 86.3245239258, 251.757919312, 55.4469642639, 79.9871902466, 569.394165039, 6872.81152344, 1779.37316895, 1164.06359863, 1532.22644043, 13495.3310547, 4553.12207031, 1171.52416992, 4225.63378906, 4146.88964844, 233.633956909, 46.9452056885, 1503.73461914, 560.24597168, 94.0369644165, 64.3541030884, 968.270690918, 185.826385498, 191.705795288, 208.005020142, 262.428985596, 949.137817383, 765.710327148, 928.530761719, 104.771316528, 104.93976593, 94.887260437, 15.8206033707, 3.12137198448, 0.0928809270263, 0.0164081081748, 0.000242646769038, 1.50740021354e-007, 1.9667341089e-009]
    },
    "gfcc": {
        "mean": [-5.51628303528, 121.718963623, -90.1942214966, 22.6118946075, -87.4847640991, 29.9368000031, -12.1449079514, 24.8938407898, -18.5470581055, 3.44819068909, 0.428757250309, 0.093276463449, -5.93486022949],
        "cov": [[5404.72314453, -2183.94311523, 243.007003784, 1088.52685547, -530.894165039, 245.290817261, -647.463684082, 50.4011039734, -164.257461548, 410.323242188, -408.227233887, 267.397125244, -228.966552734], [-2183.94311523, 2114.36352539, -415.791320801, -810.442199707, 393.972076416, -194.08744812, 472.919708252, -58.6367797852, 114.722991943, -342.110717773, 362.125915527, -253.845657349, 176.657028198], [243.007003784, -415.791320801, 427.788909912, 184.915328979, -112.34197998, 89.3407745361, -125.327972412, -3.94679331779, -20.8953323364, 87.8098144531, -52.1389122009, 53.4676895142, -45.5491294861], [1088.52685547, -810.442199707, 184.915328979, 489.067901611, -140.240066528, 57.8709793091, -228.349975586, -3.04552340508, -55.2877655029, 144.818710327, -114.058097839, 87.3721008301, -44.2594604492], [-530.894165039, 393.972076416, -112.34197998, -140.240066528, 223.432830811, -75.5189208984, 76.5118865967, -28.3585014343, 40.3492927551, -61.902179718, 77.3657226563, -27.1018371582, 34.1145858765], [245.290817261, -194.08744812, 89.3407745361, 57.8709793091, -75.5189208984, 128.949172974, -12.2501211166, 33.3840141296, -8.549908638, 35.3219184875, -21.3657150269, 15.5251216888, -17.7872886658], [-647.463684082, 472.919708252, -125.327972412, -228.349975586, 76.5118865967, -12.2501211166, 246.125198364, 46.9826927185, 26.0515613556, -97.2751464844, 82.8298950195, -42.8308105469, 36.6873779297], [50.4011039734, -58.6367797852, -3.94679331779, -3.04552340508, -28.3585014343, 33.3840141296, 46.9826927185, 84.0111694336, 20.9091281891, 5.52679252625, -12.7488689423, 6.65120029449, 12.3126249313], [-164.257461548, 114.722991943, -20.8953323364, -55.2877655029, 40.3492927551, -8.549908638, 26.0515613556, 20.9091281891, 72.9268493652, -7.39855003357, 10.2354335785, -16.4483566284, 25.1133422852], [410.323242188, -342.110717773, 87.8098144531, 144.818710327, -61.902179718, 35.3219184875, -97.2751464844, 5.52679252625, -7.39855003357, 104.38445282, -39.8735580444, 40.4085884094, -32.7370567322], [-408.227233887, 362.125915527, -52.1389122009, -114.058097839, 77.3657226563, -21.3657150269, 82.8298950195, -12.7488689423, 10.2354335785, -39.8735580444, 125.522697449, -26.7206916809, 31.9677505493], [267.397125244, -253.845657349, 53.4676895142, 87.3721008301, -27.1018371582, 15.5251216888, -42.8308105469, 6.65120029449, -16.4483566284, 40.4085884094, -26.7206916809, 91.3863220215, -10.9632101059], [-228.966552734, 176.657028198, -45.5491294861, -44.2594604492, 34.1145858765, -17.7872886658, 36.6873779297, 12.3126249313, 25.1133422852, -32.7370567322, 31.9677505493, -10.9632101059, 77.6581878662]],
        "icov": [[0.000592107593548, -0.00076488032937, 0.000672897032928, -0.0012370251352, 0.000580252090003, -0.000773781444877, 0.0011115311645, -0.000972425215878, 0.000256211584201, -0.000576539721806, 0.00111374130938, -0.00137904274743, 0.00139326532371], [-0.00076488032937, 0.00699730729684, -0.00105652189814, 0.00529975164682, -0.0017142262077, 0.00289792125113, -0.00390155892819, 0.005032136105, -0.00224444363266, 0.00518294237554, -0.00865472108126, 0.00812139734626, -0.00568982213736], [0.000672897032928, -0.00105652189814, 0.00424159830436, -0.0019584747497, 0.00144950789399, -0.00268484000117, 0.00216856435873, -0.0004968951107, -0.000554514117539, -0.00100511743221, 0.000890618015546, -0.00266036181711, 0.00257501145825], [-0.0012370251352, 0.00529975164682, -0.0019584747497, 0.0101600941271, -0.00177127006464, 0.00265617179684, -0.00111184455454, 0.00309954443946, 0.00128076365218, 0.00028686207952, -0.00532285589725, 0.00576565321535, -0.00692916475236], [0.000580252090003, -0.0017142262077, 0.00144950789399, -0.00177127006464, 0.00928487535566, 0.00148799351882, 0.000848680036142, 0.00127470633015, -0.00410439586267, 0.000691438268404, -0.000998277566396, -0.00383293093182, 0.00259864260443], [-0.000773781444877, 0.00289792125113, -0.00268484000117, 0.00265617179684, 0.00148799351882, 0.0134427836165, -0.00328563991934, -0.0011975755915, -0.000481260707602, 0.000420900410973, -0.00459791626781, 0.00419896561652, -0.00194854044821], [0.0011115311645, -0.00390155892819, 0.00216856435873, -0.00111184455454, 0.000848680036142, -0.00328563991934, 0.0154663324356, -0.0115360766649, 0.00230042170733, 0.00365408277139, 0.000538925814908, -0.00572718912736, 0.00595389958471], [-0.000972425215878, 0.005032136105, -0.0004968951107, 0.00309954443946, 0.00127470633015, -0.0011975755915, -0.0115360766649, 0.0259730461985, -0.00789273437113, -0.000291142612696, -0.00216343579814, 0.004504554905, -0.00838537979871], [0.000256211584201, -0.00224444363266, -0.000554514117539, 0.00128076365218, -0.00410439586267, -0.000481260707602, 0.00230042170733, -0.00789273437113, 0.022525049746, -0.00748897157609, 0.00551348738372, 0.00107861065771, -0.0044353697449], [-0.000576539721806, 0.00518294237554, -0.00100511743221, 0.00028686207952, 0.000691438268404, 0.000420900410973, 0.00365408277139, -0.000291142612696, -0.00748897157609, 0.028898043558, -0.010529095307, 0.00146116304677, 0.00334089319222], [0.00111374130938, -0.00865472108126, 0.000890618015546, -0.00532285589725, -0.000998277566396, -0.00459791626781, 0.000538925814908, -0.00216343579814, 0.00551348738372, -0.010529095307, 0.0251857936382, -0.00856779050082, 0.00213534152135], [-0.00137904274743, 0.00812139734626, -0.00266036181711, 0.00576565321535, -0.00383293093182, 0.00419896561652, -0.00572718912736, 0.004504554905, 0.00107861065771, 0.00146116304677, -0.00856779050082, 0.0246940944344, -0.00889774877578], [0.00139326532371, -0.00568982213736, 0.00257501145825, -0.00692916475236, 0.00259864260443, -0.00194854044821, 0.00595389958471, -0.00838537979871, -0.0044353697449, 0.00334089319222, 0.00213534152135, -0.00889774877578, 0.0251257065684]]
    },
    "melbands": {
        "mean": [0.00486339721829, 0.00269295205362, 0.000965539366007, 0.000408330059145, 0.000263357040239, 0.00063075881917, 0.000523712311406, 0.000610016344581, 0.000498528475873, 0.000566344766412, 0.000236778141698, 0.000153753207996, 0.000242845126195, 0.000141340002301, 5.29598219146e-005, 1.67783509823e-005, 6.99208703736e-006, 7.22385721019e-006, 7.78201865614e-006, 3.70564430341e-006, 4.09897802456e-006, 3.56752025255e-006, 4.27322038377e-006, 4.53617121821e-006, 4.06783692597e-006, 4.43026692665e-006, 5.49293508811e-006, 4.49994695373e-006, 5.17276339451e-006, 5.25037057741e-006, 4.883560905e-006, 5.7993165683e-006, 9.01598650671e-006, 5.32375952389e-006, 2.73400769402e-006, 2.89115359919e-006, 3.76759908249e-006, 3.96961286242e-006, 2.38939583141e-006, 1.6861253016e-006],
        "var": [1.92824936676e-005, 1.54552271852e-005, 5.56008035346e-006, 4.20438936999e-007, 5.17373337061e-007, 2.96897269436e-006, 3.69227365127e-007, 1.74170708078e-007, 1.96974056621e-007, 4.20982956939e-007, 1.13314897021e-007, 2.34846879721e-008, 3.04424112585e-008, 3.14608818996e-008, 6.31391516848e-009, 4.08833522592e-010, 1.30832344958e-010, 2.69719824253e-009, 3.41316530594e-009, 2.17903819988e-010, 1.15300768933e-010, 3.98761683396e-011, 6.17172868367e-010, 4.8299803046e-010, 1.01476056724e-010, 1.01901168059e-010, 1.30124383491e-010, 1.13311290906e-010, 9.59937060396e-011, 1.96462776603e-010, 4.00255828481e-010, 1.59209603834e-010, 7.1498851284e-010, 1.38115976989e-010, 3.217692085e-011, 2.731352991e-011, 4.72383486494e-011, 6.55405035799e-011, 1.92407773741e-011, 1.05610476961e-011]
    },
    "mfcc": {
        "mean": [-651.853637695, 145.071395874, 43.6924438477, 6.21803569794, -24.2823524475, -1.88842487335, 14.7557048798, 17.2813167572, 4.59519004822, 4.84229755402, 6.67180776596, 11.8701496124, 9.32634735107],
        "cov": [[3965.48876953, -2550.64770508, 553.418579102, 478.358520508, 248.398178101, 255.750274658, -370.462585449, -298.19229126, 13.9869632721, -47.2666168213, 13.7741966248, -76.1758651733, -30.3779945374], [-2550.64770508, 2455.68920898, -633.346557617, -364.539337158, -162.107070923, -207.791137695, 312.23550415, 234.999313354, -35.1738967896, 28.4531574249, -15.8765592575, 80.516456604, 44.1238861084], [553.418579102, -633.346557617, 555.621459961, 61.6862449646, 43.498790741, 82.5569076538, -72.9305267334, -63.1523551941, 2.65106511116, -13.9260721207, 23.2468528748, -3.70636463165, -11.2963085175], [478.358520508, -364.539337158, 61.6862449646, 207.966720581, 66.2247238159, 28.0694980621, -54.0972900391, -61.4112014771, -12.4012966156, -16.2479667664, -18.2671813965, -20.6090049744, 4.68389129639], [248.398178101, -162.107070923, 43.498790741, 66.2247238159, 158.759613037, 40.9040145874, -65.2627258301, -69.0346984863, -19.1646823883, -8.7168302536, -13.1578321457, 1.76941096783, 10.691160202], [255.750274658, -207.791137695, 82.5569076538, 28.0694980621, 40.9040145874, 82.5067596436, -20.6504211426, -36.5711097717, -19.3766307831, -17.9693813324, 9.33843517303, 5.87143087387, 4.76914644241], [-370.462585449, 312.23550415, -72.9305267334, -54.0972900391, -65.2627258301, -20.6504211426, 134.112823486, 68.872543335, -9.34341907501, -1.17581665516, 3.84857845306, 28.2112903595, 13.8256568909], [-298.19229126, 234.999313354, -63.1523551941, -61.4112014771, -69.0346984863, -36.5711097717, 68.872543335, 125.84425354, 41.4664154053, 17.4316310883, -4.17168903351, -1.45555984974, 8.53767681122], [13.9869632721, -35.1738967896, 2.65106511116, -12.4012966156, -19.1646823883, -19.3766307831, -9.34341907501, 41.4664154053, 91.7643966675, 35.0401382446, -4.62821531296, -22.9407081604, -16.0266418457], [-47.2666168213, 28.4531574249, -13.9260721207, -16.2479667664, -8.7168302536, -17.9693813324, -1.17581665516, 17.4316310883, 35.0401382446, 64.2671890259, 18.4507389069, -10.8461208344, -12.853304863], [13.7741966248, -15.8765592575, 23.2468528748, -18.2671813965, -13.1578321457, 9.33843517303, 3.84857845306, -4.17168903351, -4.62821531296, 18.4507389069, 58.2601928711, 21.7514858246, -2.84444642067], [-76.1758651733, 80.516456604, -3.70636463165, -20.6090049744, 1.76941096783, 5.87143087387, 28.2112903595, -1.45555984974, -22.9407081604, -10.8461208344, 21.7514858246, 71.8790893555, 27.1391162872], [-30.3779945374, 44.1238861084, -11.2963085175, 4.68389129639, 10.691160202, 4.76914644241, 13.8256568909, 8.53767681122, -16.0266418457, -12.853304863, -2.84444642067, 27.1391162872, 55.9775543213]],
        "icov": [[0.000855874968693, 0.000768741418142, 0.000239684130065, -0.000491245416924, -0.000111016001028, -0.000584667548537, 0.000346939807059, 7.97810644144e-005, -0.000157079863129, 0.000139248586493, -0.000206713957596, -0.00011573638767, -4.62476346001e-005], [0.000768741418142, 0.00181037955917, 0.000893437478226, 0.000844354857691, -0.000769268895965, 0.00109422532842, -0.0011383483652, -0.000400399381761, 0.000717208604328, -3.95471979573e-005, 9.20906313695e-005, -0.000302645756165, -0.000156600464834], [0.000239684130065, 0.000893437478226, 0.00277765304781, 0.000319400569424, -0.000108609790914, -0.00119200325571, 3.16314290103e-005, 5.19032482771e-006, -0.000245867791818, 0.000437278155005, -0.000687558960635, -0.000311525072902, 0.000219437337364], [-0.000491245416924, 0.000844354857691, 0.000319400569424, 0.0082093430683, -0.0019877969753, 0.00192709313706, -0.00159936829004, 0.00168711983133, 0.000655088515487, 0.000425895414082, 0.00133718189318, 0.00201498181559, -0.00182504649274], [-0.000111016001028, -0.000769268895965, -0.000108609790914, -0.0019877969753, 0.0112742288038, -0.00469327531755, 0.00429437868297, 0.00318410177715, 0.000253543228609, -0.00293410313316, 0.00417694682255, -0.00225288281217, -0.00190579611808], [-0.000584667548537, 0.00109422532842, -0.00119200325571, 0.00192709313706, -0.00469327531755, 0.0210477095097, -0.00364733953029, 0.00127046077978, 0.00147103017662, 0.00467332080007, -0.00458256481215, 0.00153400027193, -0.00125371653121], [0.000346939807059, -0.0011383483652, 3.16314290103e-005, -0.00159936829004, 0.00429437868297, -0.00364733953029, 0.0165532585233, -0.0066537540406, 0.00345846405253, -0.0010024276562, 0.0016520320205, -0.00517722824588, 0.000996731454507], [7.97810644144e-005, -0.000400399381761, 5.19032482771e-006, 0.00168711983133, 0.00318410177715, 0.00127046077978, -0.0066537540406, 0.0186162833124, -0.00826859846711, 3.51296876033e-005, 0.000593590026256, 0.00309552019462, -0.00552343763411], [-0.000157079863129, 0.000717208604328, -0.000245867791818, 0.000655088515487, 0.000253543228609, 0.00147103017662, 0.00345846405253, -0.00826859846711, 0.0199689324945, -0.00895328260958, 0.00408518221229, 9.33820047067e-005, 0.00330187240615], [0.000139248586493, -3.95471979573e-005, 0.000437278155005, 0.000425895414082, -0.00293410313316, 0.00467332080007, -0.0010024276562, 3.51296876033e-005, -0.00895328260958, 0.0261564590037, -0.0121572921053, 0.00478615611792, 0.00106816808693], [-0.000206713957596, 9.20906313695e-005, -0.000687558960635, 0.00133718189318, 0.00417694682255, -0.00458256481215, 0.0016520320205, 0.000593590026256, 0.00408518221229, -0.0121572921053, 0.0278817545623, -0.0106779029593, 0.00363046489656], [-0.00011573638767, -0.000302645756165, -0.000311525072902, 0.00201498181559, -0.00225288281217, 0.00153400027193, -0.00517722824588, 0.00309552019462, 9.33820047067e-005, 0.00478615611792, -0.0106779029593, 0.0245812255889, -0.0102839395404], [-4.62476346001e-005, -0.000156600464834, 0.000219437337364, -0.00182504649274, -0.00190579611808, -0.00125371653121, 0.000996731454507, -0.00552343763411, 0.00330187240615, 0.00106816808693, 0.00363046489656, -0.0102839395404, 0.0255876556039]]
    },
    "spectral_contrast_coeffs": {
        "mean": [-0.698252677917, -0.689020395279, -0.653962910175, -0.784511804581, -0.803210496902, -0.782451570034],
        "var": [0.00440265936777, 0.00280971871689, 0.00562606845051, 0.00252009485848, 0.000994367641397, 0.00157729140483]
    },
    "spectral_contrast_valleys": {
        "mean": [-6.85707855225, -6.2683801651, -7.3562541008, -8.54915809631, -8.22217941284, -10.0970201492],
        "var": [0.882835507393, 0.863300561905, 0.769875586033, 1.07315099239, 1.37365353107, 1.92642128468]
    }
},
"metadata": {
    "audio_properties": {
        "analysis_sample_rate": 44100,
        "bit_rate": 110303,
        "equal_loudness": 0,
        "length": 45.0873451233,
        "lossless": 0,
        "replay_gain": -13.3351974487,
        "sample_rate": 44100,
        "codec": "mp3",
        "downmix": "mix",
        "md5_encoded": "7e06bf3218213cdb07186dd2c0871ce2"
    },
    "tags": {
        "file_name": "426.mp3"
    },
    "version": {
        "essentia": "2.1-beta2",
        "essentia_git_sha": "v2.1_beta2",
        "extractor": "music 1.0"
    }
},
"rhythm": {
    "beats_count": 89,
    "beats_loudness": {
        "mean": 0.0845350325108,
        "var": 0.00194602133706
    },
    "bpm": 119.935638428,
    "bpm_histogram_first_peak_bpm": {
        "mean": 120,
        "var": 0
    },
    "bpm_histogram_first_peak_spread": {
        "mean": 0.114942535758,
        "var": 0
    },
    "bpm_histogram_first_peak_weight": {
        "mean": 0.875,
        "var": 0
    },
    "bpm_histogram_second_peak_bpm": {
        "mean": 112,
        "var": 0
    },
    "bpm_histogram_second_peak_spread": {
        "mean": 0,
        "var": 0
    },
    "bpm_histogram_second_peak_weight": {
        "mean": 0.0113636367023,
        "var": 0
    },
    "danceability": 1.74066722393,
    "onset_rate": 5.47614002228,
    "beats_loudness_band_ratio": {
        "mean": [0.618118405342, 0.145633146167, 0.151402264833, 0.025351235643, 0.0122175700963, 0.0656333938241],
        "var": [0.0287184659392, 0.00432873843238, 0.0159420054406, 0.00140847614966, 0.000585386704188, 0.00156140408944]
    },
    "beats_position": [0.545668900013, 1.07972788811, 1.59056687355, 2.08979582787, 2.58902478218, 3.08825397491, 3.59909296036, 4.09832191467, 4.59755086899, 5.0967798233, 5.59600877762, 6.09523820877, 6.59446716309, 7.0936961174, 7.59292507172, 8.09215450287, 8.59138298035, 9.0906124115, 9.58984088898, 10.0890703201, 10.5882987976, 11.0991382599, 11.5983667374, 12.0975961685, 12.5968255997, 13.0960540771, 13.5952835083, 14.0945119858, 14.5937414169, 15.0929698944, 15.5921993256, 16.0914287567, 16.5906581879, 17.0898857117, 17.5891151428, 18.088344574, 18.5875740051, 19.0868015289, 19.5976409912, 20.0968704224, 20.5960998535, 21.0953292847, 21.5945568085, 22.0937862396, 22.5930156708, 23.0922451019, 23.5914726257, 24.102312088, 24.6015415192, 25.1007709503, 25.6000003815, 26.0992279053, 26.5984573364, 27.0976867676, 27.5969161987, 28.0961437225, 28.5953731537, 29.0946025848, 29.593832016, 30.0930614471, 30.5922889709, 31.0915184021, 31.5907478333, 32.0899772644, 32.5892066956, 33.0884361267, 33.5876655579, 34.0868911743, 34.5977325439, 35.0969619751, 35.5961914063, 36.0954170227, 36.5946464539, 37.1054878235, 37.5931053162, 38.0923347473, 38.5915641785, 39.1024017334, 39.6016311646, 40.1008605957, 40.6000900269, 41.099319458, 41.5985488892, 42.0977783203, 42.5970077515, 43.0962333679, 43.5954627991, 44.0946922302, 44.6055335999]
},
"tonal": {
    "chords_changes_rate": 0.0411522649229,
    "chords_number_rate": 0.00205761310644,
    "chords_strength": {
        "mean": 0.653032243252,
        "var": 0.00265482277609
    },
    "hpcp_entropy": {
        "mean": 1.91194343567,
        "var": 0.269326388836
    },
    "key_strength": 0.703395366669,
    "tuning_diatonic_strength": 0.640174865723,
    "tuning_equal_tempered_deviation": 0.179060429335,
    "tuning_frequency": 434.193115234,
    "tuning_nontempered_energy_ratio": 0.853361904621,
    "hpcp": {
        "mean": [0.425014317036, 0.336986988783, 0.100711174309, 0.0369910746813, 0.0373889803886, 0.0289660543203, 0.027309704572, 0.0289204083383, 0.0646020546556, 0.239428907633, 0.279175728559, 0.114700399339, 0.0449858419597, 0.0318816080689, 0.0247958227992, 0.0434786602855, 0.0512049980462, 0.0354399830103, 0.0262259114534, 0.0342505015433, 0.0861443281174, 0.20339871943, 0.218482062221, 0.270158350468, 0.434084266424, 0.296562314034, 0.0792486816645, 0.0452264770865, 0.0351866260171, 0.0498932562768, 0.0942200794816, 0.0946590378881, 0.0577058084309, 0.0721382424235, 0.142124682665, 0.26553067565],
        "var": [0.140369579196, 0.0938284993172, 0.0231471471488, 0.015701521188, 0.0195525400341, 0.0122927939519, 0.0112686632201, 0.0097994832322, 0.0142620764673, 0.046132158488, 0.062150914222, 0.018036197871, 0.00729093933478, 0.00756010646001, 0.00786316953599, 0.0163946673274, 0.0200754646212, 0.0062582376413, 0.00428738677874, 0.0111994957551, 0.0298988763243, 0.0823703706264, 0.0917364060879, 0.0609532706439, 0.203962102532, 0.0979884341359, 0.030954182148, 0.0222031790763, 0.0130298724398, 0.0137034701183, 0.0339424870908, 0.0364375710487, 0.0153960753232, 0.0238227788359, 0.0651033744216, 0.115320362151]
    },
    "chords_histogram": [32.8189315796, 0, 0, 0, 0, 0, 0, 0, 0, 0, 0, 0, 0, 0, 0, 0, 0, 0, 0, 0, 0, 0, 0, 67.1810684204],
    "thpcp": [1, 0.683190643787, 0.182565197349, 0.104188241065, 0.0810594335198, 0.11493910104, 0.2170548141, 0.218066036701, 0.132936879992, 0.16618488729, 0.32741266489, 0.611703038216, 0.979105532169, 0.776317000389, 0.232008352876, 0.0852163434029, 0.0861330032349, 0.066729106009, 0.0629133731127, 0.0666239485145, 0.1488237679, 0.551572442055, 0.643137156963, 0.264235317707, 0.103633895516, 0.0734456628561, 0.0571221411228, 0.100161798298, 0.117960959673, 0.0816430971026, 0.0604166351259, 0.0789028853178, 0.198450699449, 0.468569666147, 0.503317177296, 0.622363865376],
    "chords_key": "F",
    "chords_scale": "major",
    "key_key": "A",
    "key_scale": "minor"
}
}