{
"lowlevel": {
    "average_loudness": 0.957789301872,
    "barkbands_crest": {
        "mean": 15.451423645,
        "var": 30.3154277802
    },
    "barkbands_flatness_db": {
        "mean": 0.129822641611,
        "var": 0.0031824556645
    },
    "barkbands_kurtosis": {
        "mean": 16.7163333893,
        "var": 820.973754883
    },
    "barkbands_skewness": {
        "mean": 3.25158834457,
        "var": 4.43403911591
    },
    "barkbands_spread": {
        "mean": 26.1260185242,
        "var": 315.456787109
    },
    "dissonance": {
        "mean": 0.469624072313,
        "var": 0.000363288505469
    },
    "dynamic_complexity": 1.90206444263,
    "erbbands_crest": {
        "mean": 7.01068639755,
        "var": 13.742351532
    },
    "erbbands_flatness_db": {
        "mean": 0.0781699344516,
        "var": 0.000258027983364
    },
    "erbbands_kurtosis": {
        "mean": -0.496521174908,
        "var": 0.440512090921
    },
    "erbbands_skewness": {
        "mean": 0.281949371099,
        "var": 0.238919913769
    },
    "erbbands_spread": {
        "mean": 60.515914917,
        "var": 145.273574829
    },
    "hfc": {
        "mean": 42.5462684631,
        "var": 1912.11022949
    },
    "melbands_crest": {
        "mean": 25.8257446289,
        "var": 50.4389877319
    },
    "melbands_flatness_db": {
        "mean": 0.224719420075,
        "var": 0.00524328881875
    },
    "melbands_kurtosis": {
        "mean": 49.1840820313,
        "var": 3445.74169922
    },
    "melbands_skewness": {
        "mean": 5.30522012711,
        "var": 6.99094963074
    },
    "melbands_spread": {
        "mean": 16.1082725525,
        "var": 237.93800354
    },
    "pitch_salience": {
        "mean": 0.34176248312,
        "var": 0.0205687731504
    },
    "silence_rate_20dB": {
        "mean": 1,
        "var": 0
    },
    "silence_rate_30dB": {
        "mean": 0.693614840508,
        "var": 0.212513685226
    },
    "silence_rate_60dB": {
        "mean": 0.00205973233096,
        "var": 0.00205553858541
    },
    "spectral_centroid": {
        "mean": 1702.72302246,
        "var": 428295.75
    },
    "spectral_complexity": {
        "mean": 24.0298652649,
        "var": 105.016639709
    },
    "spectral_decrease": {
        "mean": -2.12552215828e-008,
        "var": 2.40156339859e-016
    },
    "spectral_energy": {
        "mean": 0.0840811729431,
        "var": 0.00355136650614
    },
    "spectral_energyband_high": {
        "mean": 0.00324983755127,
        "var": 2.2999036446e-005
    },
    "spectral_energyband_low": {
        "mean": 0.064985729754,
        "var": 0.00317067932338
    },
    "spectral_energyband_middle_high": {
        "mean": 0.00411409977823,
        "var": 9.53743256105e-006
    },
    "spectral_energyband_middle_low": {
        "mean": 0.0114706587046,
        "var": 0.000110719687655
    },
    "spectral_entropy": {
        "mean": 7.93632984161,
        "var": 0.0749785751104
    },
    "spectral_flux": {
        "mean": 0.139169558883,
        "var": 0.00556810246781
    },
    "spectral_kurtosis": {
        "mean": 2.65703296661,
        "var": 0.97978079319
    },
    "spectral_rms": {
        "mean": 0.00850870087743,
        "var": 9.6324374681e-006
    },
    "spectral_rolloff": {
        "mean": 1004.0123291,
        "var": 3141322.5
    },
    "spectral_skewness": {
        "mean": 1.43369305134,
        "var": 0.063836067915
    },
    "spectral_spread": {
        "mean": 7080496.5,
        "var": 2.26591637504e+012
    },
    "spectral_strongpeak": {
        "mean": 0.473093688488,
        "var": 0.134451016784
    },
    "zerocrossingrate": {
        "mean": 0.0657650977373,
        "var": 0.00197384180501
    },
    "barkbands": {
        "mean": [0.0108673786744, 0.0525819286704, 0.00228573591448, 0.00112234055996, 0.00257078791037, 0.00227556680329, 0.0015013894299, 0.00144689867739, 0.00149283267092, 0.00127918261569, 0.000607861322351, 0.000203576913918, 0.000234346021898, 0.000368625071133, 0.000320122868288, 0.000277887098491, 0.000369537301594, 0.000349636829924, 0.000481530238176, 0.000373870192561, 0.000482128787553, 0.000441474694526, 0.000562167086173, 0.000584384310059, 0.000508809811436, 0.000439636874944, 5.15479550813e-005],
        "var": [0.000165475445101, 0.00253648590297, 4.1302126192e-005, 5.88786633671e-006, 1.97867193492e-005, 1.33907433337e-005, 2.32156799029e-006, 6.18698413746e-006, 7.75487660576e-006, 6.7683731686e-006, 9.39368078434e-007, 4.74465728928e-008, 7.02125007024e-008, 1.60765765145e-007, 1.0398213135e-007, 1.05943172457e-007, 1.17797320343e-007, 1.01232245697e-007, 1.81325077619e-007, 2.24411422778e-007, 4.50992217793e-007, 6.31515604255e-007, 1.42645694723e-006, 1.12821976472e-006, 4.81912422856e-007, 1.31685027327e-007, 1.81409987032e-009]
    },
    "erbbands": {
        "mean": [2.6229133606, 7.41970252991, 3.96148633957, 3.18462920189, 5.1988902092, 9.60104084015, 12.7386837006, 18.889421463, 21.6599197388, 38.9322662354, 19.956697464, 41.6428031921, 49.0668945313, 15.1779136658, 22.970785141, 10.9946813583, 11.5398864746, 17.8017864227, 15.0515155792, 18.0343170166, 17.3119163513, 17.5576438904, 17.3857288361, 25.741065979, 21.844575882, 20.239402771, 20.947845459, 16.0560722351, 15.8500232697, 16.292142868, 16.3001403809, 12.3182134628, 9.40656280518, 5.86070585251, 3.6768257618, 1.94837880135, 0.753686308861, 0.185625225306, 0.00593558559194, 0.000229155877605],
        "var": [5.68096017838, 76.9760894775, 70.1027679443, 49.8340835571, 87.6571502686, 324.752227783, 801.308288574, 827.000793457, 483.374206543, 3137.6652832, 568.145324707, 5987.03710938, 10428.6777344, 280.501739502, 990.511901855, 117.945350647, 151.906051636, 399.732452393, 229.900787354, 355.328460693, 405.336547852, 289.906097412, 238.673965454, 496.684753418, 480.628387451, 522.503723145, 744.874816895, 762.683105469, 864.646728516, 1031.63745117, 1130.26904297, 580.303894043, 273.479156494, 86.9602813721, 18.8808364868, 3.53613710403, 0.384432792664, 0.0163076836616, 1.9562228772e-005, 1.70819376422e-008]
    },
    "gfcc": {
        "mean": [69.7466049194, 47.9398803711, -73.1407165527, 31.0133037567, -48.489200592, 19.019159317, -27.6776695251, 28.9550151825, -16.8379764557, 19.9264984131, -12.0716571808, 13.4228372574, -9.82185459137],
        "cov": [[4857.91552734, -259.086853027, -315.675415039, 177.615966797, -373.264801025, 117.688873291, -168.307540894, 30.4071407318, -73.5858306885, 18.2321186066, -50.6194496155, 65.1134414673, 0.354790747166], [-259.086853027, 324.982421875, 141.520523071, 22.485168457, 130.554214478, 22.6231384277, 101.069541931, 56.3320159912, 33.593421936, 9.6690530777, 0.286384671926, -13.5433444977, -4.80406808853], [-315.675415039, 141.520523071, 181.043243408, 49.5176811218, 99.4613265991, 40.4160499573, 51.5804634094, 14.7217388153, 15.7736349106, -5.72554779053, 11.380569458, 0.00374680384994, -4.28713130951], [177.615966797, 22.485168457, 49.5176811218, 118.828956604, 23.9324970245, 50.3422279358, 13.4920930862, 1.68318605423, 10.1811351776, 3.54868817329, 9.51244354248, 7.68449115753, 10.0721006393], [-373.264801025, 130.554214478, 99.4613265991, 23.9324970245, 162.172424316, 32.0418319702, 47.7641410828, 21.5022354126, 15.201631546, 8.19997787476, 20.5083808899, 0.558346450329, -3.69133067131], [117.688873291, 22.6231384277, 40.4160499573, 50.3422279358, 32.0418319702, 97.0405273438, 37.9280319214, 17.7720165253, 18.9076156616, -11.1303262711, 1.67164027691, 9.19341087341, 6.18452453613], [-168.307540894, 101.069541931, 51.5804634094, 13.4920930862, 47.7641410828, 37.9280319214, 134.533813477, 71.1771240234, 41.9486885071, 4.25112438202, -15.7629623413, -15.2542819977, 0.377924025059], [30.4071407318, 56.3320159912, 14.7217388153, 1.68318605423, 21.5022354126, 17.7720165253, 71.1771240234, 83.7193374634, 43.315788269, 9.35108852386, -2.23578453064, -3.01634883881, -1.30020809174], [-73.5858306885, 33.593421936, 15.7736349106, 10.1811351776, 15.201631546, 18.9076156616, 41.9486885071, 43.315788269, 69.4433898926, 26.664144516, 3.10715055466, -0.105913423002, 2.94356226921], [18.2321186066, 9.6690530777, -5.72554779053, 3.54868817329, 8.19997787476, -11.1303262711, 4.25112438202, 9.35108852386, 26.664144516, 66.1147155762, 34.7217903137, 1.09683763981, -2.71672201157], [-50.6194496155, 0.286384671926, 11.380569458, 9.51244354248, 20.5083808899, 1.67164027691, -15.7629623413, -2.23578453064, 3.10715055466, 34.7217903137, 68.0092391968, 29.9058952332, 5.19198036194], [65.1134414673, -13.5433444977, 0.00374680384994, 7.68449115753, 0.558346450329, 9.19341087341, -15.2542819977, -3.01634883881, -0.105913423002, 1.09683763981, 29.9058952332, 52.822265625, 19.6339015961], [0.354790747166, -4.80406808853, -4.28713130951, 10.0721006393, -3.69133067131, 6.18452453613, 0.377924025059, -1.30020809174, 2.94356226921, -2.71672201157, 5.19198036194, 19.6339015961, 44.0438575745]],
        "icov": [[0.000482523610117, -0.000410818698583, 0.0006197069888, -0.000883339031134, 0.00105659547262, -0.00125847687013, 0.00123162311502, -0.00170647457708, 0.00163652875926, -0.00155439856462, 0.00148912146688, -0.00111100438517, 0.000532421749085], [-0.000410818698583, 0.00683140009642, -0.00391816720366, 0.00101494661067, -0.00371839175932, 0.00264858803712, -0.00313565181568, -0.000267371506197, -0.000847763672937, 0.000106378669443, 8.6716543592e-005, 0.00106945028529, -0.000953322800342], [0.0006197069888, -0.00391816720366, 0.0127139249817, -0.00427261041477, -0.00209505809471, -0.0020013381727, -0.000482673203805, 0.00151489838026, -0.00037470771349, 0.00249808491208, -0.0014129485935, -0.00111616402864, 0.00277980929241], [-0.000883339031134, 0.00101494661067, -0.00427261041477, 0.0137956459075, -0.00119763752446, -0.00381876435131, -0.00114863424096, 0.00339886546135, -0.00237623392604, 9.11004608497e-005, -0.00236032437533, 0.00255029182881, -0.0036010639742], [0.00105659547262, -0.00371839175932, -0.00209505809471, -0.00119763752446, 0.0137449130416, -0.00473528495058, 0.00195666169748, -0.00343141029589, 0.00404849788174, -0.00335478410125, -0.000384567363653, -0.00129552313592, 0.00150000408757], [-0.00125847687013, 0.00264858803712, -0.0020013381727, -0.00381876435131, -0.00473528495058, 0.020540393889, -0.00784323457628, 0.00586021644995, -0.00874239299446, 0.0102825704962, -0.00584692461416, 0.000560813001357, -0.000405507569667], [0.00123162311502, -0.00313565181568, -0.000482673203805, -0.00114863424096, 0.00195666169748, -0.00784323457628, 0.0221335906535, -0.017208000645, 0.00443243095651, -0.00670589553192, 0.00844274740666, 0.000527707044967, -0.00150920310989], [-0.00170647457708, -0.000267371506197, 0.00151489838026, 0.00339886546135, -0.00343141029589, 0.00586021644995, -0.017208000645, 0.034857403487, -0.0183714982122, 0.0104870880023, -0.00953539088368, 0.00218434049748, 0.00144597876351], [0.00163652875926, -0.000847763672937, -0.00037470771349, -0.00237623392604, 0.00404849788174, -0.00874239299446, 0.00443243095651, -0.0183714982122, 0.0345978662372, -0.0205907505006, 0.0130018955097, -0.00678181042895, -0.000704039237462], [-0.00155439856462, 0.000106378669443, 0.00249808491208, 9.11004608497e-005, -0.00335478410125, 0.0102825704962, -0.00670589553192, 0.0104870880023, -0.0205907505006, 0.0390052050352, -0.0268035791814, 0.0131785012782, -4.44423531007e-005], [0.00148912146688, 8.6716543592e-005, -0.0014129485935, -0.00236032437533, -0.000384567363653, -0.00584692461416, 0.00844274740666, -0.00953539088368, 0.0130018955097, -0.0268035791814, 0.040989972651, -0.0224804207683, 0.00350164272822], [-0.00111100438517, 0.00106945028529, -0.00111616402864, 0.00255029182881, -0.00129552313592, 0.000560813001357, 0.000527707044967, 0.00218434049748, -0.00678181042895, 0.0131785012782, -0.0224804207683, 0.0379236824811, -0.0136831086129], [0.000532421749085, -0.000953322800342, 0.00277980929241, -0.0036010639742, 0.00150000408757, -0.000405507569667, -0.00150920310989, 0.00144597876351, -0.000704039237462, -4.44423531007e-005, 0.00350164272822, -0.0136831086129, 0.0296599417925]]
    },
    "melbands": {
        "mean": [0.0189011506736, 0.00447679124773, 0.00061106053181, 0.000528209668119, 0.000470646016765, 0.000439859199105, 0.000325499946484, 0.000425516627729, 0.000180737013579, 0.000239296321524, 0.000234401377384, 5.18544766237e-005, 8.66923946887e-005, 3.09265124088e-005, 2.71752596746e-005, 1.95913216885e-005, 3.68537730537e-005, 2.45479823207e-005, 2.07645643968e-005, 2.38570119109e-005, 1.97459103219e-005, 1.75707573362e-005, 1.84411619557e-005, 1.79052076419e-005, 2.04260686587e-005, 1.80142633326e-005, 1.23696527226e-005, 1.29902373374e-005, 1.33262246891e-005, 1.07668665805e-005, 9.28824647417e-006, 9.07022786123e-006, 8.47238698043e-006, 9.13230996957e-006, 9.59882345342e-006, 8.63235709403e-006, 6.99593010722e-006, 6.68242955726e-006, 5.82131997362e-006, 4.66014716949e-006],
        "var": [0.00028763548471, 3.72346221411e-005, 1.50895789375e-006, 7.79079130098e-007, 9.80032837106e-007, 4.35903587004e-007, 1.04631844522e-007, 4.22006564804e-007, 6.07487820048e-008, 1.90880044215e-007, 2.53342676615e-007, 3.18068438254e-009, 1.98895389047e-008, 7.9877471304e-010, 7.64014962407e-010, 4.65050109533e-010, 1.80277492934e-009, 6.90174417617e-010, 5.27570265252e-010, 5.23118659501e-010, 6.46222964029e-010, 3.648001623e-010, 3.15760667613e-010, 2.77430717288e-010, 3.64622415594e-010, 3.89094506614e-010, 2.21001036915e-010, 2.30922461708e-010, 3.16319220817e-010, 2.72861955253e-010, 2.79869988296e-010, 2.91996427038e-010, 2.44238629321e-010, 3.6808556203e-010, 4.00297794911e-010, 3.29444610481e-010, 1.83950771282e-010, 1.53946355663e-010, 8.50637615901e-011, 6.16802164899e-011]
    },
    "mfcc": {
        "mean": [-590.108032227, 95.1709442139, 26.9816970825, 25.7147789001, 10.0454530716, 2.07778286934, 6.9435133934, 9.04689598083, 8.48369121552, 11.2692699432, 8.13572216034, 6.43287181854, 6.12721920013],
        "cov": [[2740.46337891, -469.406707764, 80.1485137939, -65.6023330688, -107.544273376, 5.78058862686, -99.3131027222, -20.8097419739, -51.1019592285, -30.5100097656, -51.9338302612, -28.6790370941, -33.131565094], [-469.406707764, 393.815155029, 32.4678649902, 73.9060440063, 56.1334571838, 13.7163772583, 75.5434341431, 53.0586051941, 60.3138809204, 41.1757011414, 50.8235092163, 22.9042377472, 6.13015604019], [80.1485137939, 32.4678649902, 116.804199219, 33.3796920776, 22.0290260315, 41.9907875061, 17.6567764282, 32.4810142517, 11.6853971481, 4.18913316727, 13.3078889847, 2.82151079178, -7.96196556091], [-65.6023330688, 73.9060440063, 33.3796920776, 90.0939025879, 29.0338878632, 20.2896118164, 30.6339759827, 13.7078914642, 20.2640228271, 15.4108057022, 13.4746160507, 15.8059949875, 7.93767499924], [-107.544273376, 56.1334571838, 22.0290260315, 29.0338878632, 114.614013672, 42.5378417969, 20.9779281616, 9.84574222565, -18.7578868866, -9.20348167419, 6.86060428619, 2.59347033501, 9.83197784424], [5.78058862686, 13.7163772583, 41.9907875061, 20.2896118164, 42.5378417969, 84.0317382813, 26.2952194214, 21.386346817, 9.31265735626, 0.935626327991, 14.5152444839, -0.0949668288231, -6.26299285889], [-99.3131027222, 75.5434341431, 17.6567764282, 30.6339759827, 20.9779281616, 26.2952194214, 77.0783615112, 34.9263687134, 17.9767436981, 17.167673111, 12.4112997055, 11.5301361084, 4.33256340027], [-20.8097419739, 53.0586051941, 32.4810142517, 13.7078914642, 9.84574222565, 21.386346817, 34.9263687134, 101.537536621, 52.0161552429, 17.2251529694, 22.3134231567, -0.507122218609, -13.9182453156], [-51.1019592285, 60.3138809204, 11.6853971481, 20.2640228271, -18.7578868866, 9.31265735626, 17.9767436981, 52.0161552429, 96.2493362427, 44.9672584534, 22.6396045685, 7.33945322037, -12.5331373215], [-30.5100097656, 41.1757011414, 4.18913316727, 15.4108057022, -9.20348167419, 0.935626327991, 17.167673111, 17.2251529694, 44.9672584534, 66.6761703491, 25.0696353912, 12.6992769241, 3.63045120239], [-51.9338302612, 50.8235092163, 13.3078889847, 13.4746160507, 6.86060428619, 14.5152444839, 12.4112997055, 22.3134231567, 22.6396045685, 25.0696353912, 65.9878158569, 27.1891517639, 0.126354023814], [-28.6790370941, 22.9042377472, 2.82151079178, 15.8059949875, 2.59347033501, -0.0949668288231, 11.5301361084, -0.507122218609, 7.33945322037, 12.6992769241, 27.1891517639, 61.55103302, 19.8147697449], [-33.131565094, 6.13015604019, -7.96196556091, 7.93767499924, 9.83197784424, -6.26299285889, 4.33256340027, -13.9182453156, -12.5331373215, 3.63045120239, 0.126354023814, 19.8147697449, 53.4247093201]],
        "icov": [[0.000499402638525, 0.000566710834391, -0.000508983212058, -7.7904725913e-005, 0.000305471388856, -6.75638657412e-005, 0.000251276884228, -0.000203938063351, 0.00021826964803, -0.000226541887969, 0.000120982665976, -7.31559630367e-005, 0.000136201066198], [0.000566710834391, 0.00485581392422, -0.0010448822286, -0.00152008596342, -0.00189201091416, 0.00250177341513, -0.00299701071344, 0.000413728237618, -0.00218898337334, 0.000263786147116, -0.00237640598789, 0.000787627883255, 3.87605577998e-005], [-0.000508983212058, -0.0010448822286, 0.0126917194575, -0.00378991989419, 0.000813840888441, -0.00547399930656, 0.00180961214937, -0.00366055569611, 0.00231333379634, -0.000447167200036, 0.000221228357987, -0.000513884006068, 0.00113006320316], [-7.7904725913e-005, -0.00152008596342, -0.00378991989419, 0.0166831314564, -0.00296921585687, 0.000265186856268, -0.00375201320276, 0.00281897000968, -0.00364480027929, -0.000209045232623, 0.000672043242957, -0.00211047730409, -0.00136091152672], [0.000305471388856, -0.00189201091416, 0.000813840888441, -0.00296921585687, 0.0143615705892, -0.00744413677603, 0.00167503370903, -0.00279330043122, 0.00614922959358, -3.13007149089e-005, 0.000723852077499, 0.000232713078731, -0.00205359235406], [-6.75638657412e-005, 0.00250177341513, -0.00547399930656, 0.000265186856268, -0.00744413677603, 0.020908171311, -0.0067330300808, 0.00215812912211, -0.00459075765684, 0.00289527559653, -0.00472073676065, 0.00236375210807, 0.00160590431187], [0.000251276884228, -0.00299701071344, 0.00180961214937, -0.00375201320276, 0.00167503370903, -0.0067330300808, 0.0224692970514, -0.0077068968676, 0.00504802726209, -0.00503207650036, 0.0041671008803, -0.00337740289979, -0.000831713026855], [-0.000203938063351, 0.000413728237618, -0.00366055569611, 0.00281897000968, -0.00279330043122, 0.00215812912211, -0.0077068968676, 0.019008981064, -0.0112254843116, 0.00455178134143, -0.00457874499261, 0.00295956991613, 0.00117638066877], [0.00021826964803, -0.00218898337334, 0.00231333379634, -0.00364480027929, 0.00614922959358, -0.00459075765684, 0.00504802726209, -0.0112254843116, 0.0253825522959, -0.0132134985179, 0.00259594083764, -0.00228051724844, 0.00396133773029], [-0.000226541887969, 0.000263786147116, -0.000447167200036, -0.000209045232623, -3.13007149089e-005, 0.00289527559653, -0.00503207650036, 0.00455178134143, -0.0132134985179, 0.0265873745084, -0.00766641367227, 0.00153174391016, -0.00372377340682], [0.000120982665976, -0.00237640598789, 0.000221228357987, 0.000672043242957, 0.000723852077499, -0.00472073676065, 0.0041671008803, -0.00457874499261, 0.00259594083764, -0.00766641367227, 0.0251623857766, -0.0109722753987, 0.00320337619632], [-7.31559630367e-005, 0.000787627883255, -0.000513884006068, -0.00211047730409, 0.000232713078731, 0.00236375210807, -0.00337740289979, 0.00295956991613, -0.00228051724844, 0.00153174391016, -0.0109722753987, 0.0246327575296, -0.0083687743172], [0.000136201066198, 3.87605577998e-005, 0.00113006320316, -0.00136091152672, -0.00205359235406, 0.00160590431187, -0.000831713026855, 0.00117638066877, 0.00396133773029, -0.00372377340682, 0.00320337619632, -0.0083687743172, 0.0243873614818]]
    },
    "spectral_contrast_coeffs": {
        "mean": [-0.734569370747, -0.741440117359, -0.763217031956, -0.787532508373, -0.747438728809, -0.751872241497],
        "var": [0.0047888061963, 0.00314889196306, 0.0032064691186, 0.00147460808512, 0.00155862164684, 0.000898641010281]
    },
    "spectral_contrast_valleys": {
        "mean": [-6.42025470734, -6.31427621841, -7.07695817947, -7.56776857376, -7.46003341675, -9.42007064819],
        "var": [1.08183729649, 0.970575332642, 0.889723777771, 0.895433425903, 1.04295742512, 1.17520689964]
    }
},
"metadata": {
    "audio_properties": {
        "analysis_sample_rate": 44100,
        "bit_rate": 106502,
        "equal_loudness": 0,
        "length": 45.0612258911,
        "lossless": 0,
        "replay_gain": -8.54291343689,
        "sample_rate": 44100,
        "codec": "mp3",
        "downmix": "mix",
        "md5_encoded": "b08aa24536df6153d9369ac5663bf455"
    },
    "tags": {
        "file_name": "427.mp3"
    },
    "version": {
        "essentia": "2.1-beta2",
        "essentia_git_sha": "v2.1_beta2",
        "extractor": "music 1.0"
    }
},
"rhythm": {
    "beats_count": 59,
    "beats_loudness": {
        "mean": 0.106286406517,
        "var": 0.00355443917215
    },
    "bpm": 79.8388137817,
    "bpm_histogram_first_peak_bpm": {
        "mean": 80,
        "var": 0
    },
    "bpm_histogram_first_peak_spread": {
        "mean": 0.155172407627,
        "var": 0
    },
    "bpm_histogram_first_peak_weight": {
        "mean": 0.844827592373,
        "var": 0
    },
    "bpm_histogram_second_peak_bpm": {
        "mean": 0,
        "var": 0
    },
    "bpm_histogram_second_peak_spread": {
        "mean": 0,
        "var": 0
    },
    "bpm_histogram_second_peak_weight": {
        "mean": 0,
        "var": 0
    },
    "danceability": 1.26765263081,
    "onset_rate": 3.32730412483,
    "beats_loudness_band_ratio": {
        "mean": [0.673521280289, 0.0857254117727, 0.0781910270452, 0.0284576099366, 0.0296132899821, 0.129241377115],
        "var": [0.0668841898441, 0.00611402466893, 0.00752033153549, 0.000575302867219, 0.000783250026871, 0.016616858542]
    },
    "beats_position": [0.777868449688, 1.5673469305, 2.34521532059, 3.09986400604, 3.85451245308, 4.58594083786, 5.34058952332, 6.09523820877, 6.84988641739, 7.59292507172, 8.33596324921, 9.07900238037, 9.84526062012, 10.5882987976, 11.3429479599, 12.0859861374, 12.840634346, 13.5952835083, 14.3499317169, 15.0929698944, 15.8476190567, 16.5906581879, 17.3453063965, 18.0999546051, 18.8546028137, 19.5976409912, 20.3406791687, 21.0953292847, 21.8499774933, 22.5814056396, 23.3360538483, 24.0907020569, 24.8453502655, 25.6000003815, 26.3546485901, 27.0976867676, 27.8407249451, 28.5953731537, 29.3500213623, 30.0930614471, 30.8477096558, 31.6023578644, 32.3686180115, 33.111656189, 33.8546943665, 34.5861206055, 35.3407707214, 36.0838088989, 36.8500671387, 37.5931053162, 38.3361434937, 39.0791816711, 39.8454399109, 40.6000900269, 41.3547401428, 42.1093864441, 42.8640365601, 43.6186828613, 44.3733329773]
},
"tonal": {
    "chords_changes_rate": 0.0339506156743,
    "chords_number_rate": 0.00514403311536,
    "chords_strength": {
        "mean": 0.561904549599,
        "var": 0.00241557694972
    },
    "hpcp_entropy": {
        "mean": 2.05181956291,
        "var": 0.417530566454
    },
    "key_strength": 0.618440151215,
    "tuning_diatonic_strength": 0.52218401432,
    "tuning_equal_tempered_deviation": 0.158842906356,
    "tuning_frequency": 434.193115234,
    "tuning_nontempered_energy_ratio": 0.886588275433,
    "hpcp": {
        "mean": [0.188921883702, 0.160130918026, 0.103989191353, 0.066586099565, 0.0410983152688, 0.0365194939077, 0.069913931191, 0.0829090625048, 0.0682391151786, 0.108687534928, 0.11550142616, 0.0593006275594, 0.0326220914721, 0.0284447763115, 0.0331014618278, 0.0403682403266, 0.035940181464, 0.0253064744174, 0.0201994776726, 0.0172708611935, 0.0284849517047, 0.0883915051818, 0.104777529836, 0.279643446207, 0.474737763405, 0.240144208074, 0.0131551856175, 0.0122671928257, 0.0136108370498, 0.034160554409, 0.120832443237, 0.151472479105, 0.106085330248, 0.107527285814, 0.12973318994, 0.161813572049],
        "var": [0.0939253643155, 0.0765124484897, 0.0511890053749, 0.0358496420085, 0.0193416271359, 0.0147244362161, 0.0206189751625, 0.0280466564, 0.0219407770783, 0.0434661954641, 0.0464494265616, 0.0236892402172, 0.0105711985379, 0.00972447171807, 0.0146937733516, 0.0143239712343, 0.00861846189946, 0.00731084728613, 0.00425929948688, 0.00284614856355, 0.00417692074552, 0.0166353899986, 0.0238387417048, 0.0724675655365, 0.232403963804, 0.0585631392896, 0.00335273006931, 0.00162255729083, 0.000938432058319, 0.00454393588006, 0.0377174429595, 0.0545683912933, 0.0475289598107, 0.0609345547855, 0.0731732472777, 0.09206366539]
    },
    "chords_histogram": [7.51028823853, 9.87654304504, 64.4032897949, 13.8888893127, 0, 0, 0, 0, 0, 0, 0, 0, 0, 0, 0, 0, 0, 4.32098770142, 0, 0, 0, 0, 0, 0],
    "thpcp": [1, 0.50584602356, 0.0277104265988, 0.0258399341255, 0.0286702215672, 0.071956679225, 0.254524618387, 0.319065570831, 0.223460897803, 0.226498275995, 0.273273378611, 0.340848326683, 0.39794999361, 0.337303936481, 0.219045549631, 0.140258699656, 0.0865705609322, 0.0769256129861, 0.147268533707, 0.174641817808, 0.143740653992, 0.228942260146, 0.24329520762, 0.124912388623, 0.0687160268426, 0.0599168166518, 0.0697257816792, 0.0850327163935, 0.0757053345442, 0.0533062182367, 0.0425487048924, 0.0363797917962, 0.0600014440715, 0.18619017303, 0.220706120133, 0.589048266411],
    "chords_key": "C",
    "chords_scale": "major",
    "key_key": "F",
    "key_scale": "major"
}
}