{
"lowlevel": {
    "average_loudness": 0.915482163429,
    "barkbands_crest": {
        "mean": 12.3010807037,
        "var": 21.4165649414
    },
    "barkbands_flatness_db": {
        "mean": 0.219517290592,
        "var": 0.00612799450755
    },
    "barkbands_kurtosis": {
        "mean": 18.7893218994,
        "var": 1248.94921875
    },
    "barkbands_skewness": {
        "mean": 2.64530420303,
        "var": 6.72065162659
    },
    "barkbands_spread": {
        "mean": 13.5678405762,
        "var": 167.628189087
    },
    "dissonance": {
        "mean": 0.455969035625,
        "var": 0.00141692301258
    },
    "dynamic_complexity": 4.44928455353,
    "erbbands_crest": {
        "mean": 10.2341480255,
        "var": 21.4866867065
    },
    "erbbands_flatness_db": {
        "mean": 0.18381935358,
        "var": 0.00520546687767
    },
    "erbbands_kurtosis": {
        "mean": 2.27697324753,
        "var": 27.2757968903
    },
    "erbbands_skewness": {
        "mean": 0.749918401241,
        "var": 1.43533301353
    },
    "erbbands_spread": {
        "mean": 43.3937225342,
        "var": 771.445556641
    },
    "hfc": {
        "mean": 12.9391803741,
        "var": 230.363983154
    },
    "melbands_crest": {
        "mean": 16.3073291779,
        "var": 35.7749519348
    },
    "melbands_flatness_db": {
        "mean": 0.289659172297,
        "var": 0.00846239924431
    },
    "melbands_kurtosis": {
        "mean": 47.1864089966,
        "var": 6781.77685547
    },
    "melbands_skewness": {
        "mean": 4.04639053345,
        "var": 11.6678371429
    },
    "melbands_spread": {
        "mean": 13.8094158173,
        "var": 389.737182617
    },
    "pitch_salience": {
        "mean": 0.515260577202,
        "var": 0.024063648656
    },
    "silence_rate_20dB": {
        "mean": 0.998970687389,
        "var": 0.001028277562
    },
    "silence_rate_30dB": {
        "mean": 0.876479685307,
        "var": 0.108264423907
    },
    "silence_rate_60dB": {
        "mean": 0.110138960183,
        "var": 0.0980086326599
    },
    "spectral_centroid": {
        "mean": 1078.36755371,
        "var": 1457572.5
    },
    "spectral_complexity": {
        "mean": 11.5769424438,
        "var": 78.7925186157
    },
    "spectral_decrease": {
        "mean": -1.12597247082e-008,
        "var": 2.60413609249e-016
    },
    "spectral_energy": {
        "mean": 0.0436703599989,
        "var": 0.00381414708681
    },
    "spectral_energyband_high": {
        "mean": 0.000456564332126,
        "var": 7.38860421734e-007
    },
    "spectral_energyband_low": {
        "mean": 0.0300674345344,
        "var": 0.00339148100466
    },
    "spectral_energyband_middle_high": {
        "mean": 0.00189536006656,
        "var": 1.45084795804e-005
    },
    "spectral_energyband_middle_low": {
        "mean": 0.0125366458669,
        "var": 0.000234913386521
    },
    "spectral_entropy": {
        "mean": 7.28812551498,
        "var": 0.383816003799
    },
    "spectral_flux": {
        "mean": 0.121207423508,
        "var": 0.00987717323005
    },
    "spectral_kurtosis": {
        "mean": 5.51406574249,
        "var": 64.3494415283
    },
    "spectral_rms": {
        "mean": 0.00544152967632,
        "var": 1.29949930852e-005
    },
    "spectral_rolloff": {
        "mean": 1197.71679688,
        "var": 5538708
    },
    "spectral_skewness": {
        "mean": 1.71572291851,
        "var": 1.0411939621
    },
    "spectral_spread": {
        "mean": 5043793.5,
        "var": 5.93986270003e+012
    },
    "spectral_strongpeak": {
        "mean": 0.563480913639,
        "var": 0.347617328167
    },
    "zerocrossingrate": {
        "mean": 0.0557467415929,
        "var": 0.00545815657824
    },
    "barkbands": {
        "mean": [0.000280035659671, 0.01919185929, 0.00941925402731, 0.00233370112255, 0.00296815601178, 0.00265736388974, 0.00242126826197, 0.00147808028851, 0.000474775151815, 0.00041824253276, 9.17801226024e-005, 0.000135860347655, 0.000190639082575, 0.000178179034265, 0.000249879027251, 0.000208665864193, 0.000234958919464, 0.000130734842969, 0.000100501834822, 9.63622806012e-005, 0.00014188507339, 0.000129468462546, 7.13643530617e-005, 4.0525705117e-005, 2.20045203605e-005, 4.78713673147e-006, 6.88428727358e-008],
        "var": [2.99600969811e-007, 0.00193136837333, 0.000413086410845, 2.27996497415e-005, 1.79510079761e-005, 2.24889190577e-005, 3.21837796946e-005, 2.69586489594e-005, 1.29644161007e-006, 9.69868324319e-007, 2.79285501392e-008, 8.02775588227e-008, 2.19352997988e-007, 3.20038168411e-007, 9.22720289509e-007, 8.00015129698e-007, 3.98404790758e-006, 1.56905883841e-007, 9.39906001918e-008, 7.53100692918e-008, 2.18881766045e-007, 8.74638175219e-008, 1.82935586679e-008, 3.01196978469e-009, 1.2724882259e-009, 9.15770514975e-011, 4.73889794051e-014]
    },
    "erbbands": {
        "mean": [0.373814880848, 4.90516376495, 11.9080104828, 8.83960056305, 10.2042446136, 8.60015201569, 12.8480520248, 24.5095367432, 36.8874855042, 35.3936347961, 21.469121933, 11.5002040863, 15.2652788162, 6.40555953979, 4.1730761528, 5.71902561188, 8.5649766922, 9.30015468597, 11.0767621994, 13.5716962814, 11.6124773026, 13.1915607452, 8.30435752869, 5.12877035141, 5.09671974182, 4.5669927597, 4.79780006409, 6.1225104332, 4.72515535355, 3.17583322525, 1.95129585266, 1.06555902958, 0.576310575008, 0.320768028498, 0.120233856142, 0.0356044359505, 0.00634772190824, 0.000471253006253, 3.40707338182e-005, 4.97308610647e-005],
        "var": [0.627900421619, 131.452392578, 621.677001953, 301.886169434, 288.552886963, 181.141021729, 391.449432373, 2374.76538086, 8524.52734375, 8587.36132813, 3626.09399414, 806.106750488, 1364.32836914, 160.803970337, 57.3678741455, 135.782974243, 406.944580078, 617.611755371, 1501.90637207, 3773.54980469, 2643.55175781, 12362.8984375, 686.77355957, 216.095932007, 228.686737061, 153.138595581, 234.482162476, 390.358428955, 118.327789307, 46.9757957458, 12.3507127762, 2.54856157303, 0.59494137764, 0.228307619691, 0.0564046911895, 0.0055943634361, 0.000148804334458, 9.07984883725e-007, 1.49131929028e-009, 4.57649873553e-009]
    },
    "gfcc": {
        "mean": [-70.5496520996, 101.147903442, -87.2783889771, 53.2067489624, -62.5858192444, 25.0026817322, -36.0471420288, 5.36084270477, -10.2106151581, 4.09723186493, -11.3100376129, -2.89310145378, -7.32774591446],
        "cov": [[17683.8964844, 7504.07128906, 118.451545715, -863.066467285, -494.45324707, -1049.69592285, 42.2131233215, -453.138519287, 28.9479370117, -200.726074219, 65.503288269, -201.38722229, -73.0239715576], [7504.07128906, 6842.16210938, 937.809448242, -1371.42089844, -219.296218872, -852.933227539, 150.195541382, -467.471832275, 176.478240967, -248.208145142, 225.936080933, -295.487426758, 57.3117637634], [118.451545715, 937.809448242, 1796.02648926, -154.09828186, -161.450897217, 108.832885742, -129.571014404, 56.8198432922, -145.27355957, -36.4361495972, -18.660446167, -14.9925384521, -42.3282814026], [-863.066467285, -1371.42089844, -154.09828186, 1140.28796387, 104.715171814, 12.455288887, 5.56286478043, -38.3586921692, -17.530921936, -82.5882492065, -79.3086776733, -43.6686935425, -11.8509969711], [-494.45324707, -219.296218872, -161.450897217, 104.715171814, 617.575805664, 143.253631592, -48.8882217407, -5.43036699295, 26.2749004364, -2.01452302933, -20.1641731262, -6.26205873489, -20.8822727203], [-1049.69592285, -852.933227539, 108.832885742, 12.455288887, 143.253631592, 589.024536133, -15.1029653549, 40.5480728149, -118.537467957, 27.8325481415, -14.7061271667, 14.582192421, -15.4557199478], [42.2131233215, 150.195541382, -129.571014404, 5.56286478043, -48.8882217407, -15.1029653549, 294.222076416, 9.53504085541, 41.7853736877, -36.3496932983, 23.8374996185, -33.698425293, 12.2887649536], [-453.138519287, -467.471832275, 56.8198432922, -38.3586921692, -5.43036699295, 40.5480728149, 9.53504085541, 233.598144531, 30.2608280182, 15.472899437, -32.0825881958, 51.5283737183, 2.2804312706], [28.9479370117, 176.478240967, -145.27355957, -17.530921936, 26.2749004364, -118.537467957, 41.7853736877, 30.2608280182, 188.80897522, 11.2104701996, 16.6238002777, -34.8015403748, 16.9799404144], [-200.726074219, -248.208145142, -36.4361495972, -82.5882492065, -2.01452302933, 27.8325481415, -36.3496932983, 15.472899437, 11.2104701996, 136.000244141, 20.431892395, 24.7045345306, -21.5679626465], [65.503288269, 225.936080933, -18.660446167, -79.3086776733, -20.1641731262, -14.7061271667, 23.8374996185, -32.0825881958, 16.6238002777, 20.431892395, 132.359573364, 1.54100775719, 14.5216283798], [-201.38722229, -295.487426758, -14.9925384521, -43.6686935425, -6.26205873489, 14.582192421, -33.698425293, 51.5283737183, -34.8015403748, 24.7045345306, 1.54100775719, 127.703704834, 16.1693439484], [-73.0239715576, 57.3117637634, -42.3282814026, -11.8509969711, -20.8822727203, -15.4557199478, 12.2887649536, 2.2804312706, 16.9799404144, -21.5679626465, 14.5216283798, 16.1693439484, 99.8570327759]],
        "icov": [[0.000196160151972, -0.000464008684503, 0.000278391758911, -0.000429931795225, 0.000209521575016, -0.0002588382049, 0.000175386143383, -0.000509673380293, 0.000320075254422, -0.00052767287707, 0.000335395714501, -0.000442775781266, 0.000325077155139], [-0.000464008684503, 0.00174121686723, -0.00103830732405, 0.00186923134606, -0.000701186771039, 0.00142273376696, -0.000638287689071, 0.00230256817304, -0.00102177599911, 0.00239248364232, -0.00120909151156, 0.00190736947116, -0.000899944687262], [0.000278391758911, -0.00103830732405, 0.00129510636907, -0.00100957346149, 0.000607349036727, -0.000912239600439, 0.000732951273676, -0.00170537678059, 0.00108945299871, -0.00108971970621, 0.000613238371443, -0.000738748232834, 0.000773056061007], [-0.000429931795225, 0.00186923134606, -0.00100957346149, 0.00305947591551, -0.000847019837238, 0.00163047865499, -0.000648170360364, 0.00267373747192, -0.000938378914725, 0.00319022336043, -0.000787156925071, 0.00233163614757, -0.000772599247284], [0.000209521575016, -0.000701186771039, 0.000607349036727, -0.000847019837238, 0.00222837971523, -0.0012018425623, 0.000739510694984, -0.000692031986546, -0.000382258789614, -0.000512338650879, 0.000611939351074, -0.000919892045204, 0.000931666290853], [-0.0002588382049, 0.00142273376696, -0.000912239600439, 0.00163047865499, -0.0012018425623, 0.00366318365559, -0.000784373318311, 0.00133513228502, 0.00110336951911, 0.00133135914803, -0.00103118061088, 0.00228561554104, -0.000937542354222], [0.000175386143383, -0.000638287689071, 0.000732951273676, -0.000648170360364, 0.000739510694984, -0.000784373318311, 0.00430482719094, -0.00137468311004, -0.000229889075854, 0.000481157709146, -0.000460910581751, 0.000276122416835, 0.00042856176151], [-0.000509673380293, 0.00230256817304, -0.00170537678059, 0.00267373747192, -0.000692031986546, 0.00133513228502, -0.00137468311004, 0.00893155392259, -0.0035413436126, 0.00316867581569, 0.000181161682121, -0.000400478806114, -0.000747607205994], [0.000320075254422, -0.00102177599911, 0.00108945299871, -0.000938378914725, -0.000382258789614, 0.00110336951911, -0.000229889075854, -0.0035413436126, 0.00903796497732, -0.002886664588, -0.000166800367879, 0.00233935890719, -0.00114392128307], [-0.00052767287707, 0.00239248364232, -0.00108971970621, 0.00319022336043, -0.000512338650879, 0.00133135914803, 0.000481157709146, 0.00316867581569, -0.002886664588, 0.0128965079784, -0.00314032682218, 0.000877045327798, 0.00171604240313], [0.000335395714501, -0.00120909151156, 0.000613238371443, -0.000787156925071, 0.000611939351074, -0.00103118061088, -0.000460910581751, 0.000181161682121, -0.000166800367879, -0.00314032682218, 0.00977057591081, -0.00199000490829, -0.000621869403403], [-0.000442775781266, 0.00190736947116, -0.000738748232834, 0.00233163614757, -0.000919892045204, 0.00228561554104, 0.000276122416835, -0.000400478806114, 0.00233935890719, 0.000877045327798, -0.00199000490829, 0.0131018338725, -0.00335885467939], [0.000325077155139, -0.000899944687262, 0.000773056061007, -0.000772599247284, 0.000931666290853, -0.000937542354222, 0.00042856176151, -0.000747607205994, -0.00114392128307, 0.00171604240313, -0.000621869403403, -0.00335885467939, 0.0122180823237]]
    },
    "melbands": {
        "mean": [0.00447117164731, 0.00660428963602, 0.00166143884417, 0.000676672148984, 0.000433244073065, 0.000566661299672, 0.000533870712388, 0.000388249551179, 0.000150046238559, 6.87310093781e-005, 7.62764830142e-005, 2.75366419373e-005, 1.29203772303e-005, 1.44254599945e-005, 1.54238823598e-005, 2.08973051485e-005, 1.63799377333e-005, 1.69397080754e-005, 1.98081033886e-005, 1.55739926413e-005, 1.31782799144e-005, 1.46513948494e-005, 1.01648302007e-005, 5.3566900533e-006, 3.96923678636e-006, 3.76238790523e-006, 3.5673824641e-006, 2.83053691419e-006, 2.78329457615e-006, 3.34356650455e-006, 3.59117188964e-006, 2.71126509688e-006, 2.34979597735e-006, 1.50887615291e-006, 1.17165245683e-006, 8.38561220462e-007, 5.83635141993e-007, 4.28093443361e-007, 3.07178709136e-007, 2.54052082482e-007],
        "var": [0.000100080229458, 0.000186795470654, 8.54835252539e-006, 1.02261981283e-006, 3.78242560828e-007, 1.22797462154e-006, 1.70892974438e-006, 1.3143412616e-006, 1.62074613286e-007, 3.00343927506e-008, 3.42694370659e-008, 3.55259599516e-009, 5.59587876037e-010, 8.80342188037e-010, 9.25152010556e-010, 2.95234370284e-009, 2.27163909905e-009, 4.14540446414e-009, 6.70842448258e-009, 5.67854963052e-009, 4.38629310651e-009, 2.30252599209e-008, 1.80404280403e-009, 2.48669945746e-010, 1.48899337304e-010, 1.28253727083e-010, 1.35202932183e-010, 6.30280064251e-011, 8.20451553918e-011, 1.85574638989e-010, 1.18064225063e-010, 4.22860288452e-011, 3.33098687522e-011, 1.14208529786e-011, 5.13920069695e-012, 1.96063955002e-012, 7.50294899994e-013, 3.63562966624e-013, 1.88259726818e-013, 1.60300429614e-013]
    },
    "mfcc": {
        "mean": [-710.830078125, 123.903892517, 37.4536437988, 29.9041194916, 8.16230010986, 17.5209770203, -6.20332622528, 4.54641056061, 1.89843928814, 3.51604628563, 6.12502098083, 2.05491232872, -0.388791382313],
        "cov": [[12299.8945313, 3452.01538086, -805.261352539, 670.420959473, -383.71661377, 46.9984130859, -132.075195313, -6.62654876709, -15.7297859192, 257.411254883, -205.819763184, 259.520111084, 7.40684747696], [3452.01538086, 4465.27197266, 280.23046875, -324.935974121, -88.9745025635, -143.011291504, -9.73457145691, -79.7137069702, -16.0610485077, 140.390625, 38.423084259, 109.379638672, 2.65572452545], [-805.261352539, 280.23046875, 1492.16894531, -84.7652740479, 59.3147735596, -29.1164150238, 143.410598755, 38.9760169983, -0.907528579235, -55.1080169678, 15.9395141602, -22.9854469299, 8.50800228119], [670.420959473, -324.935974121, -84.7652740479, 842.528808594, 13.9727449417, -7.86775779724, -101.093643188, 15.6975822449, 32.597492218, 0.493285179138, -38.0781593323, -15.1490335464, 4.4013504982], [-383.71661377, -88.9745025635, 59.3147735596, 13.9727449417, 575.50982666, 142.623825073, 49.132106781, 4.7484087944, 21.9733867645, -27.4267063141, 10.4505319595, 13.9606399536, -12.2952718735], [46.9984130859, -143.011291504, -29.1164150238, -7.86775779724, 142.623825073, 335.990203857, 127.318199158, -4.91605949402, -15.9204349518, -8.94141864777, 8.84416770935, -13.1302995682, -9.53580665588], [-132.075195313, -9.73457145691, 143.410598755, -101.093643188, 49.132106781, 127.318199158, 241.364151001, 57.0276565552, -13.8527555466, -13.7871780396, 2.59595274925, 3.32351779938, -11.4993982315], [-6.62654876709, -79.7137069702, 38.9760169983, 15.6975822449, 4.7484087944, -4.91605949402, 57.0276565552, 160.204711914, 59.0718650818, -9.69862174988, -10.1692419052, 18.7129974365, -18.6625270844], [-15.7297859192, -16.0610485077, -0.907528579235, 32.597492218, 21.9733867645, -15.9204349518, -13.8527555466, 59.0718650818, 133.587661743, 41.0793800354, -9.55599689484, -4.65390062332, 3.57426810265], [257.411254883, 140.390625, -55.1080169678, 0.493285179138, -27.4267063141, -8.94141864777, -13.7871780396, -9.69862174988, 41.0793800354, 120.651390076, 14.9232645035, -2.66783714294, 10.5600662231], [-205.819763184, 38.423084259, 15.9395141602, -38.0781593323, 10.4505319595, 8.84416770935, 2.59595274925, -10.1692419052, -9.55599689484, 14.9232645035, 110.415420532, 19.4213809967, -3.5370452404], [259.520111084, 109.379638672, -22.9854469299, -15.1490335464, 13.9606399536, -13.1302995682, 3.32351779938, 18.7129974365, -4.65390062332, -2.66783714294, 19.4213809967, 114.918334961, 24.740562439], [7.40684747696, 2.65572452545, 8.50800228119, 4.4013504982, -12.2952718735, -9.53580665588, -11.4993982315, -18.6625270844, 3.57426810265, 10.5600662231, -3.5370452404, 24.740562439, 81.2066726685]],
        "icov": [[0.000151195083163, -0.000122887242469, 6.70858207741e-005, -0.000151752799866, 0.000100998120615, -0.000154085821123, 5.05444331793e-005, -6.49335706839e-005, 0.000125014063087, -0.000242718699155, 0.000365964981029, -0.000341574777849, 0.000126922794152], [-0.000122887242469, 0.000358980963938, -0.000120615906781, 0.000207645702176, -6.78053984302e-005, 0.000215753971133, -5.26439253008e-005, 0.000225314870477, -6.26248220215e-005, -0.000158418755746, -0.000226136340643, -5.03723349539e-005, 8.91003292054e-005], [6.70858207741e-005, -0.000120615906781, 0.00081200018758, -8.20831482997e-005, -6.01237916271e-005, 0.0002741063945, -0.000609858660027, -3.07029440592e-005, -9.46491272771e-005, 0.000377413583919, -9.68193417066e-005, 0.000257906212937, -0.000280834326986], [-0.000151752799866, 0.000207645702176, -8.20831482997e-005, 0.00148784311023, -0.000138041665195, -7.35893918318e-005, 0.000712645531166, -0.000273871497484, -0.000168923914316, 0.000138327202876, 3.96911236749e-005, 0.000386198255001, -0.000183039956028], [0.000100998120615, -6.78053984302e-005, -6.01237916271e-005, -0.000138041665195, 0.00212570559233, -0.00101761019323, 7.09310625098e-005, 0.000341089471476, -0.000751931744162, 0.000460621493403, 0.000108183921839, -0.000773984764237, 0.000511283520609], [-0.000154085821123, 0.000215753971133, 0.0002741063945, -7.35893918318e-005, -0.00101761019323, 0.00466865999624, -0.00278757512569, 0.00110506929923, -0.000122561337776, 0.000249743519817, -0.000741946045309, 0.000892271462362, -9.55972936936e-005], [5.05444331793e-005, -5.26439253008e-005, -0.000609858660027, 0.000712645531166, 7.09310625098e-005, -0.00278757512569, 0.00712428800762, -0.00326230586506, 0.00189566949848, -0.000675327260979, 0.000471916253446, -0.000118238669529, 2.58643067355e-005], [-6.49335706839e-005, 0.000225314870477, -3.07029440592e-005, -0.000273871497484, 0.000341089471476, 0.00110506929923, -0.00326230586506, 0.0103777516633, -0.00551730813459, 0.00200618850067, 0.000402906443924, -0.00248525990173, 0.0028776936233], [0.000125014063087, -6.26248220215e-005, -9.46491272771e-005, -0.000168923914316, -0.000751931744162, -0.000122561337776, 0.00189566949848, -0.00551730813459, 0.0118788201362, -0.00469120638445, 0.00116180919576, 0.00111714622471, -0.00132059038151], [-0.000242718699155, -0.000158418755746, 0.000377413583919, 0.000138327202876, 0.000460621493403, 0.000249743519817, -0.000675327260979, 0.00200618850067, -0.00469120638445, 0.0114157060161, -0.00247538276017, 0.00123504828662, -0.00131733028684], [0.000365964981029, -0.000226136340643, -9.68193417066e-005, 3.96911236749e-005, 0.000108183921839, -0.000741946045309, 0.000471916253446, 0.000402906443924, 0.00116180919576, -0.00247538276017, 0.0109458211809, -0.00303823081776, 0.00174383516423], [-0.000341574777849, -5.03723349539e-005, 0.000257906212937, 0.000386198255001, -0.000773984764237, 0.000892271462362, -0.000118238669529, -0.00248525990173, 0.00111714622471, 0.00123504828662, -0.00303823081776, 0.0117948967963, -0.0045510167256], [0.000126922794152, 8.91003292054e-005, -0.000280834326986, -0.000183039956028, 0.000511283520609, -9.55972936936e-005, 2.58643067355e-005, 0.0028776936233, -0.00132059038151, -0.00131733028684, 0.00174383516423, -0.0045510167256, 0.0147622041404]]
    },
    "spectral_contrast_coeffs": {
        "mean": [-0.671396195889, -0.742745995522, -0.798304617405, -0.807523310184, -0.811607956886, -0.747444629669],
        "var": [0.00868689082563, 0.00788793619722, 0.00400781212375, 0.00285275070928, 0.00223251804709, 0.00540282716975]
    },
    "spectral_contrast_valleys": {
        "mean": [-7.24862337112, -7.22417402267, -8.18850326538, -8.48555469513, -8.53229522705, -10.7500619888],
        "var": [4.41557741165, 5.00274991989, 3.6147544384, 2.670586586, 2.14735269547, 1.33863723278]
    }
},
"metadata": {
    "audio_properties": {
        "analysis_sample_rate": 44100,
        "bit_rate": 114191,
        "equal_loudness": 0,
        "length": 45.0873451233,
        "lossless": 0,
        "replay_gain": -10.0396633148,
        "sample_rate": 44100,
        "codec": "mp3",
        "downmix": "mix",
        "md5_encoded": "9705dd9ae823bd2ee5a2d20c878a0aff"
    },
    "tags": {
        "file_name": "428.mp3"
    },
    "version": {
        "essentia": "2.1-beta2",
        "essentia_git_sha": "v2.1_beta2",
        "extractor": "music 1.0"
    }
},
"rhythm": {
    "beats_count": 87,
    "beats_loudness": {
        "mean": 0.0910520851612,
        "var": 0.0070369723253
    },
    "bpm": 116.86415863,
    "bpm_histogram_first_peak_bpm": {
        "mean": 117,
        "var": 0
    },
    "bpm_histogram_first_peak_spread": {
        "mean": 0.342857152224,
        "var": 0
    },
    "bpm_histogram_first_peak_weight": {
        "mean": 0.534883737564,
        "var": 0
    },
    "bpm_histogram_second_peak_bpm": {
        "mean": 112,
        "var": 0
    },
    "bpm_histogram_second_peak_spread": {
        "mean": 0.166666686535,
        "var": 0
    },
    "bpm_histogram_second_peak_weight": {
        "mean": 0.11627907306,
        "var": 0
    },
    "danceability": 1.2089869976,
    "onset_rate": 5.18792247772,
    "beats_loudness_band_ratio": {
        "mean": [0.758492588997, 0.143151134253, 0.0715506523848, 0.0220318026841, 0.039089102298, 0.0215248074383],
        "var": [0.0432083643973, 0.0173418298364, 0.00880914554, 0.00143085187301, 0.00774342985824, 0.00145359616727]
    },
    "beats_position": [0.545668900013, 1.11455774307, 1.64861679077, 2.18267560005, 2.70512461662, 3.22757363319, 3.73841261864, 4.2492518425, 4.76009082794, 5.28253936768, 5.80498838425, 6.31582736969, 6.82666635513, 7.33750534058, 7.85995435715, 8.35918331146, 8.893242836, 9.4040813446, 9.91492080688, 10.4257593155, 10.95981884, 11.4706573486, 11.9814968109, 12.4923353195, 13.0031747818, 13.5256233215, 14.0480718613, 14.5473012924, 15.0697498322, 15.5805892944, 16.0914287567, 16.602268219, 17.1363258362, 17.6471652985, 18.1580047607, 18.6688423157, 19.1912918091, 19.7021312714, 20.2129707336, 20.7121982574, 21.1882076263, 21.6758270264, 22.1634464264, 22.6742858887, 23.1735134125, 23.6843528748, 24.195192337, 24.7176418304, 25.2284793854, 25.7509288788, 26.2617683411, 26.7726078033, 27.2834453583, 27.8058948517, 28.316734314, 28.8391838074, 29.3500213623, 29.8608608246, 30.3717002869, 30.8941497803, 31.4049873352, 31.9274368286, 32.4382743835, 32.9491157532, 33.4599533081, 33.99401474, 34.5048522949, 35.0389099121, 35.572971344, 36.1070289612, 36.6526985168, 37.186756134, 37.7324256897, 38.2432632446, 38.7541046143, 39.2649421692, 39.7873916626, 40.309841156, 40.8206787109, 41.3315200806, 41.8423576355, 42.3648071289, 42.8872566223, 43.3980941772, 43.9089317322, 44.4197731018, 44.9422225952]
},
"tonal": {
    "chords_changes_rate": 0.138888895512,
    "chords_number_rate": 0.0154320988804,
    "chords_strength": {
        "mean": 0.453783631325,
        "var": 0.0084331817925
    },
    "hpcp_entropy": {
        "mean": 2.32894325256,
        "var": 0.490675121546
    },
    "key_strength": 0.463767647743,
    "tuning_diatonic_strength": 0.450182706118,
    "tuning_equal_tempered_deviation": 0.198019936681,
    "tuning_frequency": 442.548919678,
    "tuning_nontempered_energy_ratio": 0.878045856953,
    "hpcp": {
        "mean": [0.198615431786, 0.134882926941, 0.121366046369, 0.12978617847, 0.122376605868, 0.122944124043, 0.13127489388, 0.12083568424, 0.119529239833, 0.128309682012, 0.102699607611, 0.071525529027, 0.0701125264168, 0.0751829445362, 0.0889917910099, 0.120813779533, 0.135176733136, 0.126014918089, 0.126599788666, 0.129841759801, 0.124097913504, 0.119502529502, 0.125265061855, 0.138278052211, 0.12771807611, 0.112112388015, 0.111745685339, 0.119438573718, 0.131206646562, 0.136973559856, 0.138850659132, 0.137725800276, 0.124596722424, 0.109564714134, 0.140556931496, 0.207047596574],
        "var": [0.102572605014, 0.0542339794338, 0.0488520525396, 0.0517304502428, 0.0473525896668, 0.0482611097395, 0.0518730990589, 0.0451863892376, 0.0497147329152, 0.0637182965875, 0.0426204428077, 0.0216229297221, 0.0249707046896, 0.0282748211175, 0.0350045822561, 0.0549631714821, 0.0700017362833, 0.0583147630095, 0.0575152114034, 0.056720469147, 0.0496771559119, 0.0566471628845, 0.0555001571774, 0.0612574778497, 0.0527199022472, 0.0522557981312, 0.0516917556524, 0.0560842193663, 0.0558978877962, 0.0553929321468, 0.0529035553336, 0.0613571740687, 0.0513402074575, 0.0398109741509, 0.0532255992293, 0.104957416654]
    },
    "chords_histogram": [0, 8.43621444702, 4.01234579086, 3.08641982079, 26.7489719391, 1.13168728352, 0.205761313438, 4.11522626877, 6.89300394058, 12.3456792831, 5.76131677628, 4.93827152252, 0.720164597034, 0, 0, 8.53909492493, 2.46913576126, 0.102880656719, 0.102880656719, 2.67489719391, 2.05761313438, 0, 5.65843629837, 0],
    "thpcp": [1, 0.959274291992, 0.65145856142, 0.586174607277, 0.626842260361, 0.591055452824, 0.593796432018, 0.634032428265, 0.583613097668, 0.577303171158, 0.619711041451, 0.496019303799, 0.345454514027, 0.338629990816, 0.363119125366, 0.429813206196, 0.583507299423, 0.652877569199, 0.608627796173, 0.611452579498, 0.627110660076, 0.599368989468, 0.577174186707, 0.605006098747, 0.66785633564, 0.616853713989, 0.541481256485, 0.539710104465, 0.576865315437, 0.633702814579, 0.661555886269, 0.670621931553, 0.665189087391, 0.601778149605, 0.529176473618, 0.67886286974],
    "chords_key": "B",
    "chords_scale": "minor",
    "key_key": "A",
    "key_scale": "minor"
}
}