{
"lowlevel": {
    "average_loudness": 0.589362382889,
    "barkbands_crest": {
        "mean": 12.2319488525,
        "var": 12.488155365
    },
    "barkbands_flatness_db": {
        "mean": 0.540034770966,
        "var": 0.00787838362157
    },
    "barkbands_kurtosis": {
        "mean": 4.12052202225,
        "var": 24.8493041992
    },
    "barkbands_skewness": {
        "mean": 1.20643520355,
        "var": 0.866899907589
    },
    "barkbands_spread": {
        "mean": 2.65811562538,
        "var": 4.12482023239
    },
    "dissonance": {
        "mean": 0.296016991138,
        "var": 0.00528019480407
    },
    "dynamic_complexity": 1.70485854149,
    "erbbands_crest": {
        "mean": 11.979341507,
        "var": 16.0712413788
    },
    "erbbands_flatness_db": {
        "mean": 0.449317574501,
        "var": 0.00357495993376
    },
    "erbbands_kurtosis": {
        "mean": 0.758703291416,
        "var": 4.92738723755
    },
    "erbbands_skewness": {
        "mean": 0.76737421751,
        "var": 0.438249230385
    },
    "erbbands_spread": {
        "mean": 9.57244491577,
        "var": 23.4997558594
    },
    "hfc": {
        "mean": 9.38333320618,
        "var": 34.1277084351
    },
    "melbands_crest": {
        "mean": 16.078458786,
        "var": 20.2922592163
    },
    "melbands_flatness_db": {
        "mean": 0.702225625515,
        "var": 0.0108275962994
    },
    "melbands_kurtosis": {
        "mean": 7.96178722382,
        "var": 53.0585327148
    },
    "melbands_skewness": {
        "mean": 1.88486945629,
        "var": 0.88931363821
    },
    "melbands_spread": {
        "mean": 3.19510436058,
        "var": 40.72889328
    },
    "pitch_salience": {
        "mean": 0.56261485815,
        "var": 0.0115067949519
    },
    "silence_rate_20dB": {
        "mean": 0.999485313892,
        "var": 0.000514398212545
    },
    "silence_rate_30dB": {
        "mean": 0.925887823105,
        "var": 0.0686198025942
    },
    "silence_rate_60dB": {
        "mean": 0.00205867225304,
        "var": 0.00205448735505
    },
    "spectral_centroid": {
        "mean": 261.464141846,
        "var": 135620
    },
    "spectral_complexity": {
        "mean": 7.96912002563,
        "var": 4.93981552124
    },
    "spectral_decrease": {
        "mean": -1.34583908462e-008,
        "var": 9.55279059528e-017
    },
    "spectral_energy": {
        "mean": 0.0516461879015,
        "var": 0.00139605230652
    },
    "spectral_energyband_high": {
        "mean": 5.24291685622e-008,
        "var": 4.42340019051e-014
    },
    "spectral_energyband_low": {
        "mean": 0.0303031466901,
        "var": 0.00119758374058
    },
    "spectral_energyband_middle_high": {
        "mean": 0.000601498235483,
        "var": 1.00123861557e-006
    },
    "spectral_energyband_middle_low": {
        "mean": 0.0259866341949,
        "var": 0.000288064591587
    },
    "spectral_entropy": {
        "mean": 4.88230133057,
        "var": 0.305280596018
    },
    "spectral_flux": {
        "mean": 0.0692167952657,
        "var": 0.00152445945423
    },
    "spectral_kurtosis": {
        "mean": 440.233764648,
        "var": 75643.2578125
    },
    "spectral_rms": {
        "mean": 0.00676072947681,
        "var": 4.67905829282e-006
    },
    "spectral_rolloff": {
        "mean": 305.222412109,
        "var": 699029.75
    },
    "spectral_skewness": {
        "mean": 16.3580036163,
        "var": 34.6169891357
    },
    "spectral_spread": {
        "mean": 585754.3125,
        "var": 1.95264262963e+012
    },
    "spectral_strongpeak": {
        "mean": 0.838476061821,
        "var": 0.254932582378
    },
    "zerocrossingrate": {
        "mean": 0.0108972415328,
        "var": 0.000492400082294
    },
    "barkbands": {
        "mean": [0.000163436954608, 0.0087465941906, 0.0162365250289, 0.00956744980067, 0.0110059147701, 0.00220181141049, 0.00207607424818, 0.000551659963094, 0.000437807582784, 0.000366365391528, 0.000138060451718, 9.27926012082e-005, 3.38702557201e-005, 1.73591197381e-005, 5.9176254581e-006, 3.0555986541e-006, 8.68354277372e-007, 4.21365513148e-007, 1.58667987193e-007, 4.99843650914e-008, 1.65832503285e-008, 5.54142598475e-009, 2.99494740119e-009, 2.29045094002e-009, 2.16947038112e-009, 2.14695750067e-009, 2.11221173885e-009],
        "var": [9.61115347309e-008, 4.47527927463e-005, 0.000887252157554, 8.89850052772e-005, 0.000100808843854, 7.30123247195e-006, 7.99296776677e-006, 6.02123918725e-007, 4.31276760082e-007, 5.12426083787e-007, 5.49970344821e-008, 5.55605659258e-008, 1.36934090733e-008, 4.91994489593e-009, 5.10859632374e-010, 1.27115734605e-010, 9.15928530937e-012, 2.13615453451e-012, 3.21209367698e-013, 3.33185559763e-014, 3.25187489275e-015, 8.12726101187e-016, 4.83032290754e-016, 4.73891005308e-016, 4.64370990256e-016, 4.27175814778e-016, 1.99093426656e-016]
    },
    "erbbands": {
        "mean": [0.230536848307, 2.27438020706, 15.0238399506, 28.6374053955, 37.5262527466, 36.6950263977, 18.4837265015, 20.5719089508, 32.8296813965, 16.3933467865, 11.175983429, 10.8707733154, 11.8258266449, 6.95417976379, 5.09784507751, 3.65257930756, 1.73091673851, 1.05771505833, 0.55889248848, 0.252430945635, 0.113679081202, 0.0507824793458, 0.0283632129431, 0.0136044351384, 0.00496237073094, 0.00234001269564, 0.00103550660424, 0.000493813538924, 0.000233367551118, 0.000146925391164, 0.000100059136457, 7.51809275243e-005, 6.04264823778e-005, 5.02912371303e-005, 4.05598329962e-005, 3.01127311104e-005, 1.75540480996e-005, 2.73285900221e-006, 2.34687195189e-005, 5.63521352888e-005],
        "var": [0.051871843636, 3.72206306458, 729.907104492, 647.86895752, 1523.24841309, 1371.69921875, 500.293273926, 834.97479248, 1927.44689941, 604.322570801, 274.815612793, 312.677032471, 487.283203125, 132.533813477, 100.512069702, 84.9959487915, 28.3848896027, 14.8744382858, 4.16556119919, 0.796615004539, 0.165519297123, 0.029398759827, 0.0104089993984, 0.00227605155669, 0.000282622379018, 7.08521474735e-005, 1.17447088996e-005, 3.38632935382e-006, 1.13938267532e-006, 6.41906751753e-007, 3.70651775938e-007, 2.39538110236e-007, 1.16321935195e-007, 6.05584560276e-008, 2.34506831731e-008, 6.62935750739e-009, 1.70784530962e-009, 1.83328352499e-010, 2.86529994176e-010, 1.64787894441e-009]
    },
    "gfcc": {
        "mean": [-250.482162476, 286.670135498, 9.27054691315, -51.1773948669, -38.8898162842, -2.86204266548, -2.67019629478, -15.1518564224, -18.1178779602, -18.4431247711, -3.12793564796, -11.5368232727, -2.69950819016],
        "cov": [[5100.93896484, 277.910827637, -2584.73071289, 186.819259644, 839.624145508, -209.753234863, -213.307525635, -46.8817329407, 90.7583847046, 110.361984253, -52.448009491, -108.834770203, -60.4051246643], [277.910827637, 438.084533691, 158.2605896, -340.634033203, -85.1394271851, 72.7142715454, -10.8363723755, -57.6307182312, -14.5769004822, 0.379417449236, 27.740064621, -0.630446076393, 12.1385030746], [-2584.73071289, 158.2605896, 2536.13598633, -173.95552063, -880.165466309, 171.905960083, 221.047927856, 56.0357627869, -83.9933166504, -124.168960571, 49.7114295959, 59.0668754578, 4.28634166718], [186.819259644, -340.634033203, -173.95552063, 470.308868408, 115.376274109, -155.950454712, 13.4786872864, 92.7666473389, 37.1662750244, -6.64472770691, -33.8047790527, -1.03955113888, -4.96002483368], [839.624145508, -85.1394271851, -880.165466309, 115.376274109, 454.371826172, -19.1309185028, -88.675163269, -4.72847938538, 48.5536499023, 40.8578300476, -30.3036193848, -41.9690361023, -12.3147468567], [-209.753234863, 72.7142715454, 171.905960083, -155.950454712, -19.1309185028, 182.719406128, 63.7549057007, -24.8055686951, -21.1275959015, 2.25194215775, 22.8168907166, 5.29615783691, -11.9889068604], [-213.307525635, -10.8363723755, 221.047927856, 13.4786872864, -88.675163269, 63.7549057007, 113.628921509, 53.2119789124, -1.22439277172, -10.6737890244, 11.221157074, 17.4003391266, -1.73438358307], [-46.8817329407, -57.6307182312, 56.0357627869, 92.7666473389, -4.72847938538, -24.8055686951, 53.2119789124, 103.586273193, 59.0198974609, 1.88444912434, -12.1461496353, 0.191739559174, 0.0620918609202], [90.7583847046, -14.5769004822, -83.9933166504, 37.1662750244, 48.5536499023, -21.1275959015, -1.22439277172, 59.0198974609, 78.2564849854, 38.2037162781, -4.1885175705, -10.5378217697, -4.70447492599], [110.361984253, 0.379417449236, -124.168960571, -6.64472770691, 40.8578300476, 2.25194215775, -10.6737890244, 1.88444912434, 38.2037162781, 56.5674858093, 28.9277324677, 0.517833769321, -11.7711029053], [-52.448009491, 27.740064621, 49.7114295959, -33.8047790527, -30.3036193848, 22.8168907166, 11.221157074, -12.1461496353, -4.1885175705, 28.9277324677, 50.7927894592, 29.3992938995, -3.78221654892], [-108.834770203, -0.630446076393, 59.0668754578, -1.03955113888, -41.9690361023, 5.29615783691, 17.4003391266, 0.191739559174, -10.5378217697, 0.517833769321, 29.3992938995, 47.094039917, 24.3975982666], [-60.4051246643, 12.1385030746, 4.28634166718, -4.96002483368, -12.3147468567, -11.9889068604, -1.73438358307, 0.0620918609202, -4.70447492599, -11.7711029053, -3.78221654892, 24.3975982666, 40.500213623]],
        "icov": [[0.00102435913868, -0.0031131436117, 0.00177248404361, -0.0031396637205, 0.00209035840817, -0.002660529688, 0.00255489465781, -0.00202709925361, 0.00140927464236, -9.59103854257e-005, 0.00038881925866, 0.000415741436882, 0.00177100335713], [-0.0031131436117, 0.0178614873439, -0.00575104588643, 0.0164787787944, -0.0089083854109, 0.0151464641094, -0.0172655656934, 0.0185969043523, -0.0219129547477, 0.0202316790819, -0.0211303643882, 0.0115406410769, -0.0119533576071], [0.00177248404361, -0.00575104588643, 0.00576373841614, -0.0081236185506, 0.00942354183644, -0.00965418480337, 0.0074741221033, -0.00341968215071, -0.00357937905937, 0.0110792228952, -0.0109051615, 0.00974421668798, -0.000988817657344], [-0.0031396637205, 0.0164787787944, -0.0081236185506, 0.0228373929858, -0.0155289480463, 0.0234532989562, -0.0212554167956, 0.0123585509136, -0.00811906997114, 0.00123129133135, 0.00191323959734, -0.00786214508116, -0.000343738152878], [0.00209035840817, -0.0089083854109, 0.00942354183644, -0.0155289480463, 0.0215072967112, -0.0220102015883, 0.0206799581647, -0.0112205222249, -0.00147529796232, 0.0116765433922, -0.0145452879369, 0.0178447011858, -0.00507027702406], [-0.002660529688, 0.0151464641094, -0.00965418480337, 0.0234532989562, -0.0220102015883, 0.0397415906191, -0.0401771813631, 0.0325764864683, -0.0217944961041, 0.00900962110609, -0.00240984442644, -0.00786670576781, 0.0032884653192], [0.00255489465781, -0.0172655656934, 0.0074741221033, -0.0212554167956, 0.0206799581647, -0.0401771813631, 0.0654775127769, -0.0663745030761, 0.0611060410738, -0.044055223465, 0.0289175920188, -0.013054728508, 0.0077502084896], [-0.00202709925361, 0.0185969043523, -0.00341968215071, 0.0123585509136, -0.0112205222249, 0.0325764864683, -0.0663745030761, 0.113880343735, -0.128675252199, 0.109672285616, -0.0736463591456, 0.0335943885148, -0.0136936316267], [0.00140927464236, -0.0219129547477, -0.00357937905937, -0.00811906997114, -0.00147529796232, -0.0217944961041, 0.0611060410738, -0.128675252199, 0.19498975575, -0.195582941175, 0.151471734047, -0.0786283314228, 0.0312847532332], [-9.59103854257e-005, 0.0202316790819, 0.0110792228952, 0.00123129133135, 0.0116765433922, 0.00900962110609, -0.044055223465, 0.109672285616, -0.195582941175, 0.256400436163, -0.224507465959, 0.131683215499, -0.0515566729009], [0.00038881925866, -0.0211303643882, -0.0109051615, 0.00191323959734, -0.0145452879369, -0.00240984442644, 0.0289175920188, -0.0736463591456, 0.151471734047, -0.224507465959, 0.270908385515, -0.192254841328, 0.0979750305414], [0.000415741436882, 0.0115406410769, 0.00974421668798, -0.00786214508116, 0.0178447011858, -0.00786670576781, -0.013054728508, 0.0335943885148, -0.0786283314228, 0.131683215499, -0.192254841328, 0.185816079378, -0.103097938001], [0.00177100335713, -0.0119533576071, -0.000988817657344, -0.000343738152878, -0.00507027702406, 0.0032884653192, 0.0077502084896, -0.0136936316267, 0.0312847532332, -0.0515566729009, 0.0979750305414, -0.103097938001, 0.0906683951616]]
    },
    "melbands": {
        "mean": [0.00222118268721, 0.00623959442601, 0.00529301678762, 0.0028632520698, 0.000794964085799, 0.000472370302305, 0.000460068840766, 0.000155457732035, 9.21479877434e-005, 6.43883831799e-005, 5.85719644732e-005, 2.98036247841e-005, 1.66937988979e-005, 1.24713906189e-005, 5.46049977856e-006, 3.41160557582e-006, 1.81800123755e-006, 1.03410775409e-006, 4.44675066547e-007, 2.52186168836e-007, 1.08692098877e-007, 5.2334844014e-008, 3.60468455085e-008, 1.80590280507e-008, 1.0508872883e-008, 4.24425117274e-009, 2.50757348219e-009, 1.29038957297e-009, 7.13081982351e-010, 3.79111020354e-010, 2.39111119793e-010, 1.26839719283e-010, 8.82632925081e-011, 6.46025941076e-011, 4.79649757412e-011, 3.73084514671e-011, 3.04812529384e-011, 2.54635687535e-011, 2.23760471957e-011, 2.001292361e-011],
        "var": [3.06491074298e-006, 9.7682030173e-005, 2.10805428651e-005, 6.64415620122e-006, 7.5962742585e-007, 3.53511012463e-007, 3.72171399476e-007, 5.94176547963e-008, 2.25620677696e-008, 1.17355938301e-008, 1.30396404785e-008, 2.62501065329e-009, 1.01630537319e-009, 8.7419682604e-010, 2.158763307e-010, 1.69869424083e-010, 5.12283097887e-011, 1.63282876803e-011, 3.06295266927e-012, 8.96539027913e-013, 1.94063935386e-013, 3.21271194327e-014, 2.27150062133e-014, 4.78531432958e-015, 1.45148899918e-015, 2.10075089703e-016, 9.2048764444e-017, 2.09829235081e-017, 6.45781889454e-018, 1.75054785469e-018, 9.55499279822e-019, 3.84183854554e-019, 2.47777247901e-019, 1.77599632472e-019, 1.2593532728e-019, 1.02382386851e-019, 8.27475489517e-020, 5.6512152269e-020, 4.78979967675e-020, 4.12713721009e-020]
    },
    "mfcc": {
        "mean": [-876.827392578, 276.684692383, 106.845474243, 7.75714206696, -11.7900257111, 1.41927802563, 14.7699670792, 10.7392625809, -1.64618468285, -7.41996717453, -6.16978502274, -2.6885266304, -0.294990688562],
        "cov": [[2462.39819336, 816.988098145, -1907.21899414, -670.318359375, 565.786743164, 219.53666687, -108.823387146, -202.819351196, -89.1355667114, 139.295898438, 140.562438965, 8.87267875671, -81.0026245117], [816.988098145, 502.058685303, -352.894287109, -301.593170166, 26.1854496002, 83.1584701538, 11.9084177017, -63.0932350159, -55.9664802551, 19.7998752594, 52.2606391907, 22.2225284576, -18.1025657654], [-1907.21899414, -352.894287109, 1901.84130859, 540.79498291, -634.213256836, -214.81048584, 130.559738159, 176.301681519, 53.6904563904, -136.354400635, -111.913650513, 15.2489862442, 78.6488723755], [-670.318359375, -301.593170166, 540.79498291, 431.195892334, -33.5453453064, -152.091201782, -37.1655197144, 75.4129333496, 76.7787780762, -10.6709499359, -54.0086669922, -17.3594875336, 25.2748126984], [565.786743164, 26.1854496002, -634.213256836, -33.5453453064, 355.430328369, 73.5090789795, -98.56690979, -56.5418815613, 23.2617416382, 70.9797821045, 33.077545166, -19.3250999451, -28.6540470123], [219.53666687, 83.1584701538, -214.81048584, -152.091201782, 73.5090789795, 132.395462036, 44.6747703552, -30.12433815, -32.133228302, 4.9236497879, 23.2019252777, 7.89812803268, -10.3403511047], [-108.823387146, 11.9084177017, 130.559738159, -37.1655197144, -98.56690979, 44.6747703552, 111.550094604, 48.5644569397, -20.7113342285, -36.2738494873, -9.19113254547, 17.521736145, 18.4373016357], [-202.819351196, -63.0932350159, 176.301681519, 75.4129333496, -56.5418815613, -30.12433815, 48.5644569397, 88.672744751, 51.6198806763, -10.0406837463, -23.2264194489, 3.09717726707, 26.5325813293], [-89.1355667114, -55.9664802551, 53.6904563904, 76.7787780762, 23.2617416382, -32.133228302, -20.7113342285, 51.6198806763, 87.3314361572, 45.8541183472, -4.54663705826, -12.3196144104, 7.42074108124], [139.295898438, 19.7998752594, -136.354400635, -10.6709499359, 70.9797821045, 4.9236497879, -36.2738494873, -10.0406837463, 45.8541183472, 72.4777832031, 39.3117599487, -3.9333627224, -14.6449279785], [140.562438965, 52.2606391907, -111.913650513, -54.0086669922, 33.077545166, 23.2019252777, -9.19113254547, -23.2264194489, -4.54663705826, 39.3117599487, 58.1033744812, 34.273059845, 0.609347224236], [8.87267875671, 22.2225284576, 15.2489862442, -17.3594875336, -19.3250999451, 7.89812803268, 17.521736145, 3.09717726707, -12.3196144104, -3.9333627224, 34.273059845, 63.3533592224, 44.3125152588], [-81.0026245117, -18.1025657654, 78.6488723755, 25.2748126984, -28.6540470123, -10.3403511047, 18.4373016357, 26.5325813293, 7.42074108124, -14.6449279785, 0.609347224236, 44.3125152588, 63.448841095]],
        "icov": [[0.673194110394, -1.25363171101, 2.08466744423, -3.22259116173, 4.37445640564, -5.24164485931, 5.60758972168, -5.38518476486, 4.62027168274, -3.50236606598, 2.2494134903, -1.12925243378, 0.363462209702], [-1.25363171101, 2.37452435493, -4.012758255, 6.26727247238, -8.54473400116, 10.2653617859, -10.9971933365, 10.5693235397, -9.06857013702, 6.87219381332, -4.41250801086, 2.21232390404, -0.711453616619], [2.08466744423, -4.012758255, 6.92533111572, -10.9256353378, 14.9770870209, -18.0363826752, 19.3525981903, -18.6148834229, 15.9760169983, -12.1065349579, 7.771463871, -3.89556598663, 1.25254738331], [-3.22259116173, 6.26727247238, -10.9256353378, 17.3418769836, -23.8311061859, 28.7495689392, -30.8758068085, 29.7213687897, -25.5252170563, 19.3518657684, -12.4256591797, 6.22873544693, -2.00350737572], [4.37445640564, -8.54473400116, 14.9770870209, -23.8311061859, 32.8123893738, -39.6170883179, 42.5895004272, -41.0264778137, 35.2600708008, -26.7634849548, 17.2067089081, -8.63411331177, 2.78053689003], [-5.24164485931, 10.2653617859, -18.0363826752, 28.7495689392, -39.6170883179, 47.8918113708, -51.5225028992, 49.6795845032, -42.7421188354, 32.4847412109, -20.9201202393, 10.5133962631, -3.39221858978], [5.60758972168, -10.9971933365, 19.3525981903, -30.8758068085, 42.5895004272, -51.5225028992, 55.5084686279, -53.5895042419, 46.1734275818, -35.1519088745, 22.6843719482, -11.424495697, 3.69592118263], [-5.38518476486, 10.5693235397, -18.6148834229, 29.7213687897, -41.0264778137, 49.6795845032, -53.5895042419, 51.8512878418, -44.771270752, 34.1758995056, -22.1126689911, 11.1653079987, -3.6275908947], [4.62027168274, -9.06857013702, 15.9760169983, -25.5252170563, 35.2600708008, -42.7421188354, 46.1734275818, -44.771270752, 38.8037719727, -29.7484512329, 19.33228302, -9.79152202606, 3.18663907051], [-3.50236606598, 6.87219381332, -12.1065349579, 19.3518657684, -26.7634849548, 32.4847412109, -35.1519088745, 34.1758995056, -29.7484512329, 22.9787883759, -15.0523891449, 7.68051433563, -2.51833677292], [2.2494134903, -4.41250801086, 7.771463871, -12.4256591797, 17.2067089081, -20.9201202393, 22.6843719482, -22.1126689911, 19.33228302, -15.0523891449, 9.99774837494, -5.16835403442, 1.72402989864], [-1.12925243378, 2.21232390404, -3.89556598663, 6.22873544693, -8.63411331177, 10.5133962631, -11.424495697, 11.1653079987, -9.79152202606, 7.68051433563, -5.16835403442, 2.74161958694, -0.945129394531], [0.363462209702, -0.711453616619, 1.25254738331, -2.00350737572, 2.78053689003, -3.39221858978, 3.69592118263, -3.6275908947, 3.18663907051, -2.51833677292, 1.72402989864, -0.945129394531, 0.357689350843]]
    },
    "spectral_contrast_coeffs": {
        "mean": [-0.573328018188, -0.666601419449, -0.689756929874, -0.77280241251, -0.885928452015, -0.912666141987],
        "var": [0.00466233910993, 0.0051422896795, 0.00574775366113, 0.00469946069643, 0.00230401637964, 0.00329965446144]
    },
    "spectral_contrast_valleys": {
        "mean": [-6.4432258606, -7.03241443634, -8.84665393829, -11.4093904495, -12.7021560669, -14.3978395462],
        "var": [0.812809169292, 0.971007764339, 1.79588675499, 3.21701455116, 1.95493519306, 1.02060902119]
    }
},
"metadata": {
    "audio_properties": {
        "analysis_sample_rate": 44100,
        "bit_rate": 77560,
        "equal_loudness": 0,
        "length": 45.0873451233,
        "lossless": 0,
        "replay_gain": 0.129379272461,
        "sample_rate": 44100,
        "codec": "mp3",
        "downmix": "mix",
        "md5_encoded": "e1f280ea5040a48b7ed3e5704106f721"
    },
    "tags": {
        "file_name": "429.mp3"
    },
    "version": {
        "essentia": "2.1-beta2",
        "essentia_git_sha": "v2.1_beta2",
        "extractor": "music 1.0"
    }
},
"rhythm": {
    "beats_count": 130,
    "beats_loudness": {
        "mean": 0.078364059329,
        "var": 0.00206017494202
    },
    "bpm": 172.265548706,
    "bpm_histogram_first_peak_bpm": {
        "mean": 172,
        "var": 0
    },
    "bpm_histogram_first_peak_spread": {
        "mean": 0,
        "var": 0
    },
    "bpm_histogram_first_peak_weight": {
        "mean": 0.728682160378,
        "var": 0
    },
    "bpm_histogram_second_peak_bpm": {
        "mean": 178,
        "var": 0
    },
    "bpm_histogram_second_peak_spread": {
        "mean": 0,
        "var": 0
    },
    "bpm_histogram_second_peak_weight": {
        "mean": 0.240310072899,
        "var": 0
    },
    "danceability": 1.01206934452,
    "onset_rate": 5.36528730392,
    "beats_loudness_band_ratio": {
        "mean": [0.715391993523, 0.261185646057, 0.0961173549294, 0.00938136689365, 9.78509197012e-005, 2.32453589888e-006],
        "var": [0.0274333693087, 0.0249744355679, 0.00785467866808, 0.000149002167745, 2.57808807191e-007, 5.52648864172e-011]
    },
    "beats_position": [0.394739210606, 0.754648506641, 1.10294783115, 1.45124709606, 1.78793644905, 2.13623571396, 2.48453521729, 2.83283448219, 3.1811337471, 3.51782298088, 3.85451245308, 4.20281171799, 4.55111122131, 4.88780021667, 5.22448968887, 5.5727891922, 5.92108821869, 6.26938772202, 6.6176867485, 6.96598625183, 7.31428575516, 7.65097475052, 7.98766422272, 8.33596324921, 8.68426322937, 9.03256225586, 9.38086128235, 9.72916126251, 10.077460289, 10.4141492844, 10.7624483109, 11.0991382599, 11.4474372864, 11.7957363129, 12.144036293, 12.4923353195, 12.8290243149, 13.1657142639, 13.5140132904, 13.8623123169, 14.2106122971, 14.5473012924, 14.8956003189, 15.2322902679, 15.5805892944, 15.9288883209, 16.2771873474, 16.6254863739, 16.9737873077, 17.3220863342, 17.6587753296, 17.995464325, 18.3437633514, 18.6920623779, 19.0403633118, 19.3886623383, 19.7137413025, 20.062040329, 20.4103393555, 20.758638382, 21.1069393158, 21.4552383423, 21.8035373688, 22.1402263641, 22.4769153595, 22.825214386, 23.1735134125, 23.5218143463, 23.8701133728, 24.2184123993, 24.5551013947, 24.89179039, 25.2400894165, 25.5883903503, 25.9366893768, 26.2849884033, 26.6216773987, 26.958366394, 27.3066654205, 27.6549663544, 28.0032653809, 28.3515644073, 28.6998634338, 29.0481624603, 29.3732414246, 29.7215423584, 30.0698413849, 30.4181404114, 30.7664394379, 31.1147384644, 31.4514274597, 31.7881164551, 32.1364173889, 32.4847145081, 32.8214035034, 33.1580963135, 33.5063934326, 33.8546943665, 34.2029914856, 34.5512924194, 34.8995895386, 35.2478904724, 35.5961914063, 35.9444885254, 36.2811775208, 36.6178665161, 36.96616745, 37.3144645691, 37.6511573792, 37.9878463745, 38.3361434937, 38.6844444275, 39.0327415466, 39.3810424805, 39.7293434143, 40.0776405334, 40.402721405, 40.7510185242, 41.099319458, 41.4476165771, 41.795917511, 42.1326065063, 42.4809074402, 42.8292045593, 43.1658935547, 43.5141944885, 43.8624954224, 44.2107925415, 44.5590934753, 44.9073905945]
},
"tonal": {
    "chords_changes_rate": 0.0154320988804,
    "chords_number_rate": 0.00720164598897,
    "chords_strength": {
        "mean": 0.668976306915,
        "var": 0.0060722026974
    },
    "hpcp_entropy": {
        "mean": 1.59821033478,
        "var": 0.355631053448
    },
    "key_strength": 0.839088022709,
    "tuning_diatonic_strength": 0.67171806097,
    "tuning_equal_tempered_deviation": 0.0426752977073,
    "tuning_frequency": 438.984558105,
    "tuning_nontempered_energy_ratio": 0.712517678738,
    "hpcp": {
        "mean": [0.013704017736, 0.019766330719, 0.14158219099, 0.254669934511, 0.140812605619, 0.014711455442, 0.0103549752384, 0.0451726578176, 0.176746934652, 0.211534172297, 0.0877898260951, 0.0676412880421, 0.114638030529, 0.0735839828849, 0.018802113831, 0.016683196649, 0.0456680431962, 0.197299137712, 0.268164664507, 0.119145572186, 0.0154221914709, 0.00581655651331, 0.015666294843, 0.128198131919, 0.191149443388, 0.0810099244118, 0.00562495319173, 0.00196521589532, 0.00491797318682, 0.0293204244226, 0.0615997239947, 0.0895461365581, 0.204527065158, 0.32945010066, 0.246210873127, 0.0778678879142],
        "var": [0.00382559769787, 0.00465454580262, 0.0531753562391, 0.148631304502, 0.0514665618539, 0.00294202612713, 0.00465000513941, 0.0194861963391, 0.0920327603817, 0.117645032704, 0.0221973042935, 0.0284126624465, 0.0868328362703, 0.0403922125697, 0.00557918893173, 0.00778867304325, 0.0149641893804, 0.0834457203746, 0.142543151975, 0.0364119894803, 0.00516540650278, 0.00229968526401, 0.00195799255744, 0.0561821348965, 0.117019586265, 0.0236231666058, 0.000989836873487, 0.000473201915156, 0.000967315863818, 0.0106719033793, 0.0282347779721, 0.0315099470317, 0.0761010348797, 0.148488551378, 0.113179579377, 0.0275015924126]
    },
    "chords_histogram": [35.9053497314, 2.57201647758, 20.6790122986, 0, 0, 0, 0, 0, 0, 0, 1.44032919407, 0, 0, 0, 0, 0, 0, 0, 0, 0, 0, 11.9341564178, 11.8312759399, 15.6378602982],
    "thpcp": [1, 0.747338891029, 0.236357152462, 0.0415966399014, 0.0599979497492, 0.429753065109, 0.773015201092, 0.427417099476, 0.0446545779705, 0.0314310900867, 0.137115329504, 0.536490738392, 0.642082571983, 0.266473829746, 0.205315724015, 0.347967803478, 0.223353952169, 0.0570712052286, 0.0506395250559, 0.13861900568, 0.598874092102, 0.813976585865, 0.36164984107, 0.0468119196594, 0.0176553484052, 0.0475528612733, 0.389127612114, 0.580207586288, 0.245894372463, 0.0170737635344, 0.00596513971686, 0.0149278240278, 0.0889980718493, 0.186977401376, 0.271804839373, 0.62081348896],
    "chords_key": "G#",
    "chords_scale": "major",
    "key_key": "G#",
    "key_scale": "major"
}
}