{
"lowlevel": {
    "average_loudness": 0.975493371487,
    "barkbands_crest": {
        "mean": 10.2421455383,
        "var": 14.353767395
    },
    "barkbands_flatness_db": {
        "mean": 0.150346919894,
        "var": 0.00111015350558
    },
    "barkbands_kurtosis": {
        "mean": 0.937785327435,
        "var": 5.59328746796
    },
    "barkbands_skewness": {
        "mean": 1.16593682766,
        "var": 0.476458132267
    },
    "barkbands_spread": {
        "mean": 22.1968860626,
        "var": 57.30443573
    },
    "dissonance": {
        "mean": 0.475188940763,
        "var": 0.000301163643599
    },
    "dynamic_complexity": 0.581753134727,
    "erbbands_crest": {
        "mean": 8.69981861115,
        "var": 12.1734676361
    },
    "erbbands_flatness_db": {
        "mean": 0.181947559118,
        "var": 0.00100284011569
    },
    "erbbands_kurtosis": {
        "mean": 0.570753276348,
        "var": 0.855106115341
    },
    "erbbands_skewness": {
        "mean": -0.210385650396,
        "var": 0.150678262115
    },
    "erbbands_spread": {
        "mean": 26.3128070831,
        "var": 67.9728240967
    },
    "hfc": {
        "mean": 37.1483154297,
        "var": 257.281738281
    },
    "melbands_crest": {
        "mean": 14.1317577362,
        "var": 13.9067592621
    },
    "melbands_flatness_db": {
        "mean": 0.221387252212,
        "var": 0.00203183316626
    },
    "melbands_kurtosis": {
        "mean": 6.005879879,
        "var": 39.6215057373
    },
    "melbands_skewness": {
        "mean": 2.20682263374,
        "var": 0.900374889374
    },
    "melbands_spread": {
        "mean": 23.2055454254,
        "var": 115.087654114
    },
    "pitch_salience": {
        "mean": 0.52179723978,
        "var": 0.00753226876259
    },
    "silence_rate_20dB": {
        "mean": 1,
        "var": 0
    },
    "silence_rate_30dB": {
        "mean": 0.954170942307,
        "var": 0.0437286868691
    },
    "silence_rate_60dB": {
        "mean": 0.00154479919001,
        "var": 0.00154241069686
    },
    "spectral_centroid": {
        "mean": 1278.02758789,
        "var": 217782.546875
    },
    "spectral_complexity": {
        "mean": 31.5236873627,
        "var": 32.1525535583
    },
    "spectral_decrease": {
        "mean": -1.75905636723e-008,
        "var": 3.41795396621e-017
    },
    "spectral_energy": {
        "mean": 0.0697602108121,
        "var": 0.000489982718136
    },
    "spectral_energyband_high": {
        "mean": 0.000771484803408,
        "var": 2.75345632872e-006
    },
    "spectral_energyband_low": {
        "mean": 0.0409578382969,
        "var": 0.00053022155771
    },
    "spectral_energyband_middle_high": {
        "mean": 0.0158345326781,
        "var": 4.18808194809e-005
    },
    "spectral_energyband_middle_low": {
        "mean": 0.0177135020494,
        "var": 5.99321174377e-005
    },
    "spectral_entropy": {
        "mean": 7.57518196106,
        "var": 0.0555990040302
    },
    "spectral_flux": {
        "mean": 0.132399126887,
        "var": 0.0018476031255
    },
    "spectral_kurtosis": {
        "mean": 5.41342353821,
        "var": 7.90305662155
    },
    "spectral_rms": {
        "mean": 0.00813881028444,
        "var": 1.81852726655e-006
    },
    "spectral_rolloff": {
        "mean": 1195.42468262,
        "var": 878248.9375
    },
    "spectral_skewness": {
        "mean": 1.52421379089,
        "var": 0.0772530511022
    },
    "spectral_spread": {
        "mean": 3118136.5,
        "var": 2.30072254464e+012
    },
    "spectral_strongpeak": {
        "mean": 0.745763421059,
        "var": 0.874018073082
    },
    "zerocrossingrate": {
        "mean": 0.0423653125763,
        "var": 0.000632781360764
    },
    "barkbands": {
        "mean": [0.000527367752511, 0.0261811632663, 0.00884279794991, 0.0069800647907, 0.00273466599174, 0.0017137407558, 0.00157882482745, 0.00144834246021, 0.00274968706071, 0.00221984833479, 0.00345338135958, 0.00257672765292, 0.00204045022838, 0.00172885006759, 0.00128568382934, 0.00102866592351, 0.000710091437213, 0.00067285541445, 0.000406487000873, 0.000190367398318, 0.000267733179498, 0.00016939706984, 0.000143301906064, 4.70126324217e-005, 5.51212033315e-005, 7.60133161748e-006, 1.17136316646e-007],
        "var": [3.42171830425e-007, 0.000365834130207, 5.71880300413e-005, 3.42686216754e-005, 7.12197197572e-006, 2.0428285552e-006, 5.03881392433e-006, 3.55094880433e-006, 5.99959457759e-006, 8.1607777247e-006, 1.66223981068e-005, 8.70989697432e-006, 4.50869947599e-006, 2.43348836193e-006, 1.8421127379e-006, 6.50032347949e-007, 2.55579152508e-007, 2.55328473031e-007, 1.8955449832e-007, 4.21279366947e-008, 3.37140562578e-007, 1.9040510324e-007, 1.35300894044e-007, 1.59687356671e-008, 3.20837401091e-008, 6.30413055092e-010, 1.73609512725e-013]
    },
    "erbbands": {
        "mean": [0.652219772339, 6.11476230621, 10.079199791, 22.3744564056, 10.7394351959, 9.45215892792, 12.349653244, 14.4625806808, 22.7108039856, 23.0762252808, 38.2641983032, 55.0638122559, 68.8423614502, 93.8629150391, 139.727462769, 112.200744629, 90.4751968384, 76.7363433838, 82.2572021484, 64.9042205811, 53.6188774109, 42.8605194092, 38.0247039795, 26.0451850891, 17.5852966309, 9.31962013245, 7.8542599678, 11.5874700546, 6.60783100128, 4.55460500717, 4.26500463486, 1.28300487995, 0.703460216522, 0.434173226357, 0.448053628206, 0.106397077441, 0.0069979224354, 0.000642290047836, 6.02278960287e-005, 8.23414811748e-005],
        "var": [0.259358793497, 22.2446632385, 59.4571800232, 325.113525391, 76.2731018066, 106.289497375, 113.99016571, 179.731582642, 1387.71386719, 872.910888672, 1930.06652832, 2795.96044922, 5624.71142578, 8187.09179688, 23998.5546875, 12700.5253906, 10350.6748047, 5224.05810547, 6535.58300781, 3040.93945313, 1475.82702637, 833.89050293, 785.633239746, 434.571533203, 480.087463379, 95.6576080322, 166.848632813, 773.094055176, 267.870391846, 134.540634155, 124.357040405, 10.5038337708, 4.01163673401, 2.0381166935, 2.24117851257, 0.118268094957, 0.000550591386855, 4.92403160024e-006, 6.99649449487e-009, 6.55597465204e-010]
    },
    "gfcc": {
        "mean": [43.2289161682, 140.258041382, -145.489944458, 39.9652023315, -37.7674179077, 25.6962909698, -18.9164848328, 6.13826465607, -12.3418140411, -7.01087760925, -8.58103084564, -3.21778917313, -7.03676509857],
        "cov": [[3049.37084961, -455.639465332, -20.7362880707, 220.589370728, -282.417541504, 283.145172119, -170.010910034, 112.199653625, -185.899505615, 134.997131348, -142.088134766, 75.491569519, -46.5429878235], [-455.639465332, 855.727355957, -230.975830078, -117.136283875, 247.061599731, -243.535339355, 151.052734375, -119.394416809, 163.715499878, -179.200302124, 127.776107788, -105.99697876, 33.5357818604], [-20.7362880707, -230.975830078, 236.952697754, 66.1823806763, -46.0185470581, 79.3458480835, -33.9845962524, 42.0259857178, -48.8126373291, 60.0097923279, -54.2538642883, 28.3714065552, -10.489938736], [220.589370728, -117.136283875, 66.1823806763, 101.68094635, -18.7936306, 66.0281600952, -9.47398376465, 12.4256162643, -19.7530097961, 20.1142978668, -14.8745536804, 1.31485152245, 0.230893939734], [-282.417541504, 247.061599731, -46.0185470581, -18.7936306, 182.599456787, -53.2722206116, 77.2568893433, -35.8926506042, 47.6245346069, -57.6171112061, 38.8822174072, -33.6646385193, -1.25941514969], [283.145172119, -243.535339355, 79.3458480835, 66.0281600952, -53.2722206116, 138.434280396, -28.8361625671, 41.9827384949, -58.2794723511, 51.9600524902, -38.3882789612, 24.3846149445, -4.53514862061], [-170.010910034, 151.052734375, -33.9845962524, -9.47398376465, 77.2568893433, -28.8361625671, 92.7603988647, -4.32691287994, 38.9646110535, -45.1858901978, 30.7153377533, -16.9764652252, 4.16797971725], [112.199653625, -119.394416809, 42.0259857178, 12.4256162643, -35.8926506042, 41.9827384949, -4.32691287994, 67.4704208374, -8.41063213348, 28.1699714661, -26.2260055542, 18.2505073547, -3.10273075104], [-185.899505615, 163.715499878, -48.8126373291, -19.7530097961, 47.6245346069, -58.2794723511, 38.9646110535, -8.41063213348, 84.3219299316, -19.6706695557, 33.5260391235, -25.3124027252, 9.47615718842], [134.997131348, -179.200302124, 60.0097923279, 20.1142978668, -57.6171112061, 51.9600524902, -45.1858901978, 28.1699714661, -19.6706695557, 86.6980743408, -14.6245679855, 27.9998664856, -10.5410938263], [-142.088134766, 127.776107788, -54.2538642883, -14.8745536804, 38.8822174072, -38.3882789612, 30.7153377533, -26.2260055542, 33.5260391235, -14.6245679855, 71.6252746582, -2.42750597, 7.39433288574], [75.491569519, -105.99697876, 28.3714065552, 1.31485152245, -33.6646385193, 24.3846149445, -16.9764652252, 18.2505073547, -25.3124027252, 27.9998664856, -2.42750597, 54.3133430481, 6.37409925461], [-46.5429878235, 33.5357818604, -10.489938736, 0.230893939734, -1.25941514969, -4.53514862061, 4.16797971725, -3.10273075104, 9.47615718842, -10.5410938263, 7.39433288574, 6.37409925461, 40.5598373413]],
        "icov": [[0.0010746368207, -0.00212244014256, 0.00204760022461, -0.00345703377388, 0.00145121628884, -0.00142607802991, 0.000934015668463, -0.00167218653951, 0.00203352957033, -0.00188263936434, 0.00254450086504, -0.00244909781031, 0.00215562013909], [-0.00212244014256, 0.0110225351527, -0.00378368562087, 0.00911123305559, -0.00579135632142, 0.00639796303585, -0.00317556131631, 0.00581632368267, -0.00735074235126, 0.00825346633792, -0.00857249181718, 0.00960797071457, -0.00735755451024], [0.00204760022461, -0.00378368562087, 0.0112622370943, -0.0103839104995, 0.0016940998612, -0.0013664746657, 0.000675202871207, -0.00432632770389, 0.00578837655485, -0.00744337867945, 0.00881134811789, -0.00607550842687, 0.00401100562885], [-0.00345703377388, 0.00911123305559, -0.0103839104995, 0.0289546828717, -0.00482242973521, -0.00370214693248, -0.00308396550827, 0.00884575489908, -0.0103829661384, 0.00972565356642, -0.0115783605725, 0.0127153182402, -0.00885489676148], [0.00145121628884, -0.00579135632142, 0.0016940998612, -0.00482242973521, 0.0136419758201, -0.00408129114658, -0.00465539935976, 0.000795155297965, 0.00197035656311, -0.00228423322551, 0.00401619309559, -0.00398188503459, 0.00626537576318], [-0.00142607802991, 0.00639796303585, -0.0013664746657, -0.00370214693248, -0.00408129114658, 0.024701109156, -0.00557801127434, -0.00351308356039, 0.00773507729173, -0.00419669691473, -0.00288970721886, 0.00765472371131, -0.00789310596883], [0.000934015668463, -0.00317556131631, 0.000675202871207, -0.00308396550827, -0.00465539935976, -0.00557801127434, 0.0260192863643, -0.00899798981845, -0.00427026627585, 0.00930342450738, -0.00426230579615, -0.00452255038545, 0.00466257799417], [-0.00167218653951, 0.00581632368267, -0.00432632770389, 0.00884575489908, 0.000795155297965, -0.00351308356039, -0.00899798981845, 0.030615825206, -0.0125013757497, 0.00164125941228, 0.00397509988397, -0.00155337655451, -0.00213190796785], [0.00203352957033, -0.00735074235126, 0.00578837655485, -0.0103829661384, 0.00197035656311, 0.00773507729173, -0.00427026627585, -0.0125013757497, 0.0343005880713, -0.0154222846031, 0.000937103468459, 0.00495278136805, -0.00259509333409], [-0.00188263936434, 0.00825346633792, -0.00744337867945, 0.00972565356642, -0.00228423322551, -0.00419669691473, 0.00930342450738, 0.00164125941228, -0.0154222846031, 0.0346960537136, -0.0124731594697, -0.000744083023164, 0.00267560500652], [0.00254450086504, -0.00857249181718, 0.00881134811789, -0.0115783605725, 0.00401619309559, -0.00288970721886, -0.00426230579615, 0.00397509988397, 0.000937103468459, -0.0124731594697, 0.0340175703168, -0.0157530438155, 0.00570965697989], [-0.00244909781031, 0.00960797071457, -0.00607550842687, 0.0127153182402, -0.00398188503459, 0.00765472371131, -0.00452255038545, -0.00155337655451, 0.00495278136805, -0.000744083023164, -0.0157530438155, 0.0405209586024, -0.0161665901542], [0.00215562013909, -0.00735755451024, 0.00401100562885, -0.00885489676148, 0.00626537576318, -0.00789310596883, 0.00466257799417, -0.00213190796785, -0.00259509333409, 0.00267560500652, 0.00570965697989, -0.0161665901542, 0.0357708483934]]
    },
    "melbands": {
        "mean": [0.00677172327414, 0.00662218919024, 0.00335878692567, 0.000668608699925, 0.000429575215094, 0.000329882575897, 0.00033031613566, 0.000266719929641, 0.000321532192174, 0.000366052816389, 0.000348617555574, 0.000364510313375, 0.00050112203462, 0.000356906210072, 0.000248845026363, 0.000152908745804, 0.000137974959216, 0.000142921024235, 9.42535480135e-005, 6.94556802046e-005, 6.36575859971e-005, 4.24221325375e-005, 3.80396704713e-005, 3.10914547299e-005, 2.00163667614e-005, 1.59756400535e-005, 8.45780323289e-006, 5.47234822079e-006, 3.6306905713e-006, 7.87752742326e-006, 5.83800328968e-006, 3.69542544831e-006, 3.05725120597e-006, 2.45170122071e-006, 3.06891774926e-006, 1.0360631677e-006, 6.56496752072e-007, 4.56624832168e-007, 5.18030105923e-007, 2.91991000267e-007],
        "var": [2.37018448388e-005, 2.05988253583e-005, 6.44006104267e-006, 4.48269531717e-007, 1.29162330609e-007, 8.63758344849e-008, 2.51488359027e-007, 1.02228177923e-007, 1.05177683452e-007, 1.22308975392e-007, 1.48105257836e-007, 1.66122987366e-007, 4.08269528407e-007, 1.75838835048e-007, 4.8830077759e-008, 3.16005817069e-008, 1.92817761757e-008, 2.27236753858e-008, 1.05191926281e-008, 3.615955535e-009, 3.15136383655e-009, 1.06834763258e-009, 8.43554004426e-010, 6.02619287804e-010, 2.88739754328e-010, 4.25719265396e-010, 1.04186506644e-010, 3.57750704061e-011, 2.57725837199e-011, 3.14261894285e-010, 2.21871632178e-010, 8.66151594892e-011, 7.3234321385e-011, 4.02806572819e-011, 6.59591756214e-011, 6.96841456066e-012, 2.878721133e-012, 1.60200921539e-012, 2.79401805511e-012, 1.01212278576e-012]
    },
    "mfcc": {
        "mean": [-586.052429199, 156.979354858, -29.5027637482, 25.4346904755, 6.0465502739, 21.2277927399, 6.24797487259, 19.8661327362, 2.72886681557, 5.43905067444, 2.25951552391, 2.06902289391, 0.191886112094],
        "cov": [[1278.34875488, -531.432495117, 269.235046387, -51.9549980164, -10.622209549, 80.2695083618, 34.4102172852, -21.2515869141, 39.2112579346, -53.6967697144, 24.841342926, 4.89462804794, -13.4129171371], [-531.432495117, 823.468139648, -321.016387939, 99.8083877563, 32.9372940063, -60.917881012, -15.6670856476, 45.8048820496, -41.3792495728, 68.2001647949, -32.7802047729, -17.1394309998, 3.01504826546], [269.235046387, -321.016387939, 262.205780029, -20.1531200409, -8.06648254395, 34.6434135437, 5.37690210342, -23.8196716309, 35.2652015686, -32.2167892456, 21.2360954285, 8.11226654053, -8.19390392303], [-51.9549980164, 99.8083877563, -20.1531200409, 73.4111328125, 24.4643440247, 6.0340294838, 9.09401607513, 11.4479837418, 1.70056700706, 16.8857250214, -1.0205334425, -1.61939704418, 1.17901074886], [-10.622209549, 32.9372940063, -8.06648254395, 24.4643440247, 64.1621170044, 24.3931522369, 18.2312278748, 2.1113243103, 4.5025639534, 11.323928833, 1.42534935474, -3.19702410698, 0.133599340916], [80.2695083618, -60.917881012, 34.6434135437, 6.0340294838, 24.3931522369, 65.2873077393, 28.6374797821, -2.25720071793, 4.37683343887, -1.92104160786, 3.81328248978, 3.59846258163, -3.48643779755], [34.4102172852, -15.6670856476, 5.37690210342, 9.09401607513, 18.2312278748, 28.6374797821, 68.8743286133, 24.3145866394, 4.169734478, -2.94952011108, 1.84769797325, 0.689477324486, 1.51126158237], [-21.2515869141, 45.8048820496, -23.8196716309, 11.4479837418, 2.1113243103, -2.25720071793, 24.3145866394, 59.5171546936, 14.7538614273, 6.33213233948, -4.7157330513, -3.12712001801, -2.51011538506], [39.2112579346, -41.3792495728, 35.2652015686, 1.70056700706, 4.5025639534, 4.37683343887, 4.169734478, 14.7538614273, 55.5303192139, 11.8186864853, 4.80001974106, -2.83154439926, -6.32902622223], [-53.6967697144, 68.2001647949, -32.2167892456, 16.8857250214, 11.323928833, -1.92104160786, -2.94952011108, 6.33213233948, 11.8186864853, 50.8046684265, 7.91987133026, -3.42322921753, -2.81623673439], [24.841342926, -32.7802047729, 21.2360954285, -1.0205334425, 1.42534935474, 3.81328248978, 1.84769797325, -4.7157330513, 4.80001974106, 7.91987133026, 38.6636734009, 17.1326198578, 5.11810112], [4.89462804794, -17.1394309998, 8.11226654053, -1.61939704418, -3.19702410698, 3.59846258163, 0.689477324486, -3.12712001801, -2.83154439926, -3.42322921753, 17.1326198578, 50.3748512268, 19.7371768951], [-13.4129171371, 3.01504826546, -8.19390392303, 1.17901074886, 0.133599340916, -3.48643779755, 1.51126158237, -2.51011538506, -6.32902622223, -2.81623673439, 5.11810112, 19.7371768951, 44.7004203796]],
        "icov": [[0.00113944231998, 0.000476654298836, -0.000426224491093, 9.46259024204e-006, 0.000165482371813, -0.000730255967937, -0.000102007914393, -0.000127960476675, -0.000120818825962, 0.000315936136758, -0.000198757858016, 0.00022020432516, 9.8511663964e-005], [0.000476654298836, 0.00327986944467, 0.0027449359186, -0.00295907794498, -0.000567451061215, 0.00114796170965, 0.000520532834344, -0.000837448576931, 0.00082756835036, -0.00116964289919, 0.000808151555248, -0.000170230501681, 0.000555735663511], [-0.000426224491093, 0.0027449359186, 0.00900874193758, -0.00286902463995, 0.000732550397515, -0.00126324908342, 0.000535231898539, 0.00213666399941, -0.00424206117168, 0.00353076425381, -0.00247020157985, 2.2856220312e-005, 0.00130973290652], [9.46259024204e-006, -0.00295907794498, -0.00286902463995, 0.0198908373713, -0.00519112544134, -0.00115645269398, -0.000658098433632, -0.0021016295068, 0.000667345360853, -0.00342425727285, 0.000527120486367, -0.000216181215364, -0.00110471900553], [0.000165482371813, -0.000567451061215, 0.000732550397515, -0.00519112544134, 0.0222928170115, -0.00750265270472, -0.0032691443339, 0.00276887440123, -0.00209810887463, -0.00196047569625, -0.000869010051247, 0.00224186643027, -0.00133762415498], [-0.000730255967937, 0.00114796170965, -0.00126324908342, -0.00115645269398, -0.00750265270472, 0.0250775720924, -0.00903694052249, 0.00354529288597, 0.000955178576987, -0.00165872846264, 0.00203574053012, -0.00332038896158, 0.0032491076272], [-0.000102007914393, 0.000520532834344, 0.000535231898539, -0.000658098433632, -0.0032691443339, -0.00903694052249, 0.0232549812645, -0.0107319550589, 0.00167934724595, 0.00278556230478, -0.00234536221251, 0.00138386653271, -0.00196341052651], [-0.000127960476675, -0.000837448576931, 0.00213666399941, -0.0021016295068, 0.00276887440123, 0.00354529288597, -0.0107319550589, 0.0253405831754, -0.0084293615073, 0.000373671849957, 0.00247206259519, -0.000905259279534, 0.00146595679689], [-0.000120818825962, 0.00082756835036, -0.00424206117168, 0.000667345360853, -0.00209810887463, 0.000955178576987, 0.00167934724595, -0.0084293615073, 0.0255564656109, -0.00834608823061, 0.000124172292999, 0.000477538938867, 0.00153095927089], [0.000315936136758, -0.00116964289919, 0.00353076425381, -0.00342425727285, -0.00196047569625, -0.00165872846264, 0.00278556230478, 0.000373671849957, -0.00834608823061, 0.0291654579341, -0.00958644784987, 0.0032382728532, 0.00103810022119], [-0.000198757858016, 0.000808151555248, -0.00247020157985, 0.000527120486367, -0.000869010051247, 0.00203574053012, -0.00234536221251, 0.00247206259519, 0.000124172292999, -0.00958644784987, 0.0356081277132, -0.0122790951282, 0.000556939572562], [0.00022020432516, -0.000170230501681, 2.2856220312e-005, -0.000216181215364, 0.00224186643027, -0.00332038896158, 0.00138386653271, -0.000905259279534, 0.000477538938867, 0.0032382728532, -0.0122790951282, 0.0289472751319, -0.0113797644153], [9.8511663964e-005, 0.000555735663511, 0.00130973290652, -0.00110471900553, -0.00133762415498, 0.0032491076272, -0.00196341052651, 0.00146595679689, 0.00153095927089, 0.00103810022119, 0.000556939572562, -0.0113797644153, 0.0282816234976]]
    },
    "spectral_contrast_coeffs": {
        "mean": [-0.666212320328, -0.753351151943, -0.734205424786, -0.765560269356, -0.766398608685, -0.706878364086],
        "var": [0.00303705222905, 0.00310123292729, 0.00263879913837, 0.00135883118492, 0.0007527746493, 0.000728898099624]
    },
    "spectral_contrast_valleys": {
        "mean": [-6.20458269119, -6.12830352783, -6.2904047966, -6.64154529572, -7.03139305115, -10.5781021118],
        "var": [0.803561627865, 0.719022631645, 0.690146386623, 0.640472650528, 0.64649194479, 0.966314852238]
    }
},
"metadata": {
    "audio_properties": {
        "analysis_sample_rate": 44100,
        "bit_rate": 121340,
        "equal_loudness": 0,
        "length": 45.0612258911,
        "lossless": 0,
        "replay_gain": -16.5092773438,
        "sample_rate": 44100,
        "codec": "mp3",
        "downmix": "mix",
        "md5_encoded": "54955ec904ea71dcf7d1666a5ecb22b7"
    },
    "tags": {
        "file_name": "43.mp3"
    },
    "version": {
        "essentia": "2.1-beta2",
        "essentia_git_sha": "v2.1_beta2",
        "extractor": "music 1.0"
    }
},
"rhythm": {
    "beats_count": 84,
    "beats_loudness": {
        "mean": 0.078876554966,
        "var": 0.000557569146622
    },
    "bpm": 112.380142212,
    "bpm_histogram_first_peak_bpm": {
        "mean": 112,
        "var": 0
    },
    "bpm_histogram_first_peak_spread": {
        "mean": 0.512500047684,
        "var": 0
    },
    "bpm_histogram_first_peak_weight": {
        "mean": 0.469879508018,
        "var": 0
    },
    "bpm_histogram_second_peak_bpm": {
        "mean": 117,
        "var": 0
    },
    "bpm_histogram_second_peak_spread": {
        "mean": 0,
        "var": 0
    },
    "bpm_histogram_second_peak_weight": {
        "mean": 0.0240963846445,
        "var": 0
    },
    "danceability": 1.48375344276,
    "onset_rate": 2.52875113487,
    "beats_loudness_band_ratio": {
        "mean": [0.537311673164, 0.0781664773822, 0.0936769843102, 0.157422602177, 0.0849207043648, 0.0693286061287],
        "var": [0.0430764742196, 0.00216390215792, 0.00415171170607, 0.00922620482743, 0.00259058875963, 0.0050195325166]
    },
    "beats_position": [0.557278871536, 1.13777780533, 1.67183673382, 2.20589566231, 2.73995471001, 3.27401351929, 3.80807256699, 4.35374164581, 4.88780021667, 5.4334692955, 5.9675283432, 6.52480697632, 7.05886602402, 7.59292507172, 8.11537361145, 8.64943313599, 9.18349170685, 9.71755123138, 10.2399997711, 10.774058342, 11.3081178665, 11.8421764374, 12.387845993, 12.933514595, 13.4675731659, 14.0016326904, 14.5356912613, 15.0697498322, 15.6038093567, 16.1378688812, 16.6603164673, 17.1827659607, 17.7284355164, 18.2741031647, 18.8081626892, 19.365442276, 19.9111099243, 20.45677948, 20.9908390045, 21.5248966217, 22.0705661774, 22.616235733, 23.1502952576, 23.6843528748, 24.2300224304, 24.7756919861, 25.3097496033, 25.8438091278, 26.3894786835, 26.9351463318, 27.4575958252, 27.9800453186, 28.5257129669, 29.0713825226, 29.6054420471, 30.1394996643, 30.6967792511, 31.2308387756, 31.753288269, 32.2757377625, 32.8097953796, 33.3438529968, 33.8663024902, 34.3887519836, 34.9228096008, 35.4568710327, 35.9909286499, 36.5249862671, 37.0358276367, 37.5466651917, 38.0807266235, 38.6147842407, 39.1372337341, 39.6596832275, 40.1821289063, 40.7045783997, 41.2270278931, 41.7494773865, 42.2719268799, 42.7943763733, 43.3168258667, 43.8392753601, 44.3617210388, 44.8841705322]
},
"tonal": {
    "chords_changes_rate": 0.09465020895,
    "chords_number_rate": 0.0164609048516,
    "chords_strength": {
        "mean": 0.460817724466,
        "var": 0.00676178513095
    },
    "hpcp_entropy": {
        "mean": 2.06194591522,
        "var": 0.42901301384
    },
    "key_strength": 0.662621200085,
    "tuning_diatonic_strength": 0.554247915745,
    "tuning_equal_tempered_deviation": 0.114215709269,
    "tuning_frequency": 453.678466797,
    "tuning_nontempered_energy_ratio": 0.804043114185,
    "hpcp": {
        "mean": [0.0740986019373, 0.0620509721339, 0.0866604521871, 0.106598690152, 0.0979881882668, 0.136642590165, 0.15598911047, 0.137057095766, 0.154097244143, 0.182133555412, 0.208726659417, 0.301992505789, 0.379282981157, 0.304502785206, 0.180542320013, 0.107703827322, 0.0792439877987, 0.137631699443, 0.196170017123, 0.151629045606, 0.107805751264, 0.115055896342, 0.106656067073, 0.0861677154899, 0.0688098520041, 0.055365473032, 0.096896700561, 0.114363484085, 0.0814942419529, 0.083304092288, 0.0934731513262, 0.102843031287, 0.177882179618, 0.214594215155, 0.138128533959, 0.0843089446425],
        "var": [0.0299154669046, 0.0244581624866, 0.0204868391156, 0.0181868821383, 0.0230311639607, 0.053429685533, 0.0568874403834, 0.0532317571342, 0.0658433139324, 0.0830155387521, 0.0857157409191, 0.0918046534061, 0.138578757644, 0.123958326876, 0.0738959088922, 0.0491102188826, 0.0288456175476, 0.0394285693765, 0.0628444254398, 0.0565023832023, 0.0380540750921, 0.0382453240454, 0.0389930978417, 0.0267280805856, 0.0183783564717, 0.00981981493533, 0.0292962305248, 0.0345956124365, 0.0241714268923, 0.0270177070051, 0.0355753675103, 0.031673733145, 0.0572083108127, 0.071487903595, 0.0427497588098, 0.0257697328925]
    },
    "chords_histogram": [22.6337451935, 2.36625504494, 7.61316871643, 1.02880656719, 4.42386817932, 16.9753093719, 4.11522626877, 9.25925922394, 2.98353910446, 12.8600826263, 6.17283964157, 0.823045253754, 0, 3.08641982079, 0, 0.102880656719, 0, 0.102880656719, 1.13168728352, 2.16049385071, 0, 0, 1.13168728352, 1.02880656719],
    "thpcp": [1, 0.802837967873, 0.47600954771, 0.28396692872, 0.208931043744, 0.362873375416, 0.517212808132, 0.39977812767, 0.284235656261, 0.303351074457, 0.281204462051, 0.227185815573, 0.181420877576, 0.145974054933, 0.25547337532, 0.301525473595, 0.214863955975, 0.219635725021, 0.246446996927, 0.271151185036, 0.468995928764, 0.565789222717, 0.364183306694, 0.222285076976, 0.195364952087, 0.163600727916, 0.228484943509, 0.281053185463, 0.258351147175, 0.360265552998, 0.411273688078, 0.36135840416, 0.40628567338, 0.48020491004, 0.550319075584, 0.796219527721],
    "chords_key": "C#",
    "chords_scale": "minor",
    "key_key": "C#",
    "key_scale": "minor"
}
}