{
"lowlevel": {
    "average_loudness": 0.938465476036,
    "barkbands_crest": {
        "mean": 12.2770490646,
        "var": 29.9660720825
    },
    "barkbands_flatness_db": {
        "mean": 0.186415076256,
        "var": 0.00424544606358
    },
    "barkbands_kurtosis": {
        "mean": 4.28277873993,
        "var": 176.590744019
    },
    "barkbands_skewness": {
        "mean": 0.996665477753,
        "var": 3.35880970955
    },
    "barkbands_spread": {
        "mean": 22.8381824493,
        "var": 233.311355591
    },
    "dissonance": {
        "mean": 0.472909867764,
        "var": 0.000753782398533
    },
    "dynamic_complexity": 2.88405299187,
    "erbbands_crest": {
        "mean": 12.8591861725,
        "var": 41.0469703674
    },
    "erbbands_flatness_db": {
        "mean": 0.220671713352,
        "var": 0.00653029792011
    },
    "erbbands_kurtosis": {
        "mean": 3.33830952644,
        "var": 39.8532752991
    },
    "erbbands_skewness": {
        "mean": -0.271929562092,
        "var": 1.26034796238
    },
    "erbbands_spread": {
        "mean": 25.0736541748,
        "var": 438.862518311
    },
    "hfc": {
        "mean": 23.9386196136,
        "var": 733.151672363
    },
    "melbands_crest": {
        "mean": 17.7417430878,
        "var": 75.6855316162
    },
    "melbands_flatness_db": {
        "mean": 0.223567843437,
        "var": 0.00553564727306
    },
    "melbands_kurtosis": {
        "mean": 13.44028759,
        "var": 1317.88183594
    },
    "melbands_skewness": {
        "mean": 2.05770754814,
        "var": 6.91371965408
    },
    "melbands_spread": {
        "mean": 29.7932319641,
        "var": 428.030273438
    },
    "pitch_salience": {
        "mean": 0.492350071669,
        "var": 0.029800157994
    },
    "silence_rate_20dB": {
        "mean": 1,
        "var": 0
    },
    "silence_rate_30dB": {
        "mean": 0.968074142933,
        "var": 0.0309061836451
    },
    "silence_rate_60dB": {
        "mean": 0.0463439747691,
        "var": 0.0441985093057
    },
    "spectral_centroid": {
        "mean": 1716.37194824,
        "var": 595568.6875
    },
    "spectral_complexity": {
        "mean": 16.1174049377,
        "var": 100.435241699
    },
    "spectral_decrease": {
        "mean": -7.01640168188e-009,
        "var": 5.42215865825e-017
    },
    "spectral_energy": {
        "mean": 0.0286528095603,
        "var": 0.000837983854581
    },
    "spectral_energyband_high": {
        "mean": 0.000826472765766,
        "var": 2.51704841503e-006
    },
    "spectral_energyband_low": {
        "mean": 0.0129149053246,
        "var": 0.000550541037228
    },
    "spectral_energyband_middle_high": {
        "mean": 0.00935166142881,
        "var": 0.000133017616463
    },
    "spectral_energyband_middle_low": {
        "mean": 0.0058639398776,
        "var": 0.000117714931548
    },
    "spectral_entropy": {
        "mean": 7.500415802,
        "var": 0.216259822249
    },
    "spectral_flux": {
        "mean": 0.104193627834,
        "var": 0.00399217894301
    },
    "spectral_kurtosis": {
        "mean": 7.14981651306,
        "var": 48.08203125
    },
    "spectral_rms": {
        "mean": 0.00481710303575,
        "var": 4.74944727102e-006
    },
    "spectral_rolloff": {
        "mean": 1693.91479492,
        "var": 3002444.75
    },
    "spectral_skewness": {
        "mean": 1.62599170208,
        "var": 0.371957987547
    },
    "spectral_spread": {
        "mean": 3670635.5,
        "var": 4.69104695706e+012
    },
    "spectral_strongpeak": {
        "mean": 1.47802579403,
        "var": 4.9283657074
    },
    "zerocrossingrate": {
        "mean": 0.0610487349331,
        "var": 0.00168543308973
    },
    "barkbands": {
        "mean": [0.00193417852279, 0.00903995055705, 0.00190371309873, 0.00118923711125, 0.0016589590814, 0.0010762893362, 0.000496702967212, 0.000398358824896, 0.000488275283715, 0.00085054495139, 0.000638440949842, 0.00121316604782, 0.000704391917679, 0.0031905323267, 0.00118860113434, 0.00055326562142, 0.000609247304965, 0.000329017871991, 0.000246192270424, 0.000196788983885, 0.000243855974986, 0.000148099134094, 0.000123272970086, 0.000109661443275, 8.34422389744e-005, 3.16126715916e-005, 7.03163186699e-006],
        "var": [1.51436861415e-005, 0.000360112870112, 5.8674489992e-005, 2.43837876042e-005, 2.13110361074e-005, 4.32555043517e-006, 1.28245983433e-006, 6.12240455666e-007, 6.30546139746e-007, 3.84594659408e-006, 2.77789990832e-006, 5.20679031979e-006, 3.14038902616e-006, 3.20763901982e-005, 6.3919992499e-006, 2.26551128435e-006, 1.91902995539e-006, 6.40365044546e-007, 3.64657665841e-007, 1.32164331035e-007, 2.02737979293e-007, 9.32313000135e-008, 1.09060472653e-007, 6.63176322746e-008, 2.71125024653e-008, 1.05417505836e-008, 1.20565724071e-009]
    },
    "erbbands": {
        "mean": [0.309134066105, 1.84539318085, 2.41170048714, 3.44920396805, 4.4592461586, 5.55401182175, 7.56096363068, 8.42977237701, 7.94646167755, 7.90573501587, 8.99761676788, 10.8479089737, 30.0304489136, 18.052230835, 30.4061183929, 54.3086662292, 37.5144615173, 171.441894531, 66.4180679321, 50.372718811, 35.2123565674, 28.8705043793, 17.9621925354, 17.3671379089, 10.504981041, 9.65873241425, 6.06242084503, 12.5857753754, 6.05154848099, 3.33787512779, 3.40620946884, 2.90470576286, 1.42558956146, 1.30055522919, 0.395016252995, 0.140514686704, 0.0546304322779, 0.018156953156, 0.000743131269701, 4.88608820888e-005],
        "var": [0.306429445744, 19.5083408356, 69.3605499268, 192.701629639, 245.915420532, 248.149078369, 242.200668335, 308.76159668, 254.379440308, 278.537414551, 270.720092773, 313.035980225, 5355.51464844, 1546.22338867, 5204.98193359, 10223.8027344, 5722.86181641, 87400.5078125, 11892.8886719, 10115.7060547, 6419.56689453, 3694.91894531, 1742.21398926, 2121.9597168, 538.115539551, 324.734313965, 189.493118286, 498.949157715, 129.164871216, 86.4750213623, 84.833152771, 47.2996292114, 10.8172464371, 6.22979354858, 0.77779763937, 0.161625027657, 0.0401934087276, 0.00610697083175, 1.27821913338e-005, 4.95658580846e-009]
    },
    "gfcc": {
        "mean": [-42.9935455322, 91.4173431396, -154.604431152, 32.3603858948, -38.5685653687, 26.0207214355, -30.6779880524, 0.401817977428, -17.8291397095, 5.96266794205, -2.71507787704, -4.25588417053, 0.95290851593],
        "cov": [[8788.86621094, -1222.68762207, 1649.59143066, 773.151489258, -746.142333984, 746.517333984, -304.957885742, 299.108886719, -408.087615967, 489.673278809, -295.877990723, 304.007263184, -269.567901611], [-1222.68762207, 2632.11181641, -464.450286865, 28.8334693909, 325.728759766, -398.061767578, 132.345596313, -249.163330078, 211.549713135, -297.272979736, 301.094268799, -226.926849365, 276.896026611], [1649.59143066, -464.450286865, 2406.96142578, 988.648681641, -119.605369568, 720.17980957, 41.3806419373, 194.585388184, -234.720535278, 352.975372314, -73.7872848511, 161.278213501, -85.819519043], [773.151489258, 28.8334693909, 988.648681641, 1144.74572754, 173.513442993, 587.672485352, 131.743667603, 90.7314071655, -88.8484268188, 170.519332886, 74.72240448, -31.9822673798, 57.3397865295], [-746.142333984, 325.728759766, -119.605369568, 173.513442993, 574.179077148, 163.820480347, 161.604217529, -36.1569290161, 88.6930160522, -70.8789672852, 92.3549804688, -63.7166481018, 31.7794456482], [746.517333984, -398.061767578, 720.17980957, 587.672485352, 163.820480347, 720.042419434, 235.415176392, 162.22454834, -66.9221572876, 198.103546143, 5.57714223862, -7.96752977371, -29.4312934875], [-304.957885742, 132.345596313, 41.3806419373, 131.743667603, 161.604217529, 235.415176392, 315.967437744, 141.561950684, 64.9576644897, -13.0793685913, 41.0998420715, -36.5556106567, 19.8004131317], [299.108886719, -249.163330078, 194.585388184, 90.7314071655, -36.1569290161, 162.22454834, 141.561950684, 259.987670898, 79.0838317871, 74.8707580566, -38.0787811279, 22.9455070496, -23.3842201233], [-408.087615967, 211.549713135, -234.720535278, -88.8484268188, 88.6930160522, -66.9221572876, 64.9576644897, 79.0838317871, 232.255966187, 49.2425804138, 47.0777626038, -64.1070098877, 26.403553009], [489.673278809, -297.272979736, 352.975372314, 170.519332886, -70.8789672852, 198.103546143, -13.0793685913, 74.8707580566, 49.2425804138, 285.49887085, 53.6962928772, 13.8187160492, -34.2895851135], [-295.877990723, 301.094268799, -73.7872848511, 74.72240448, 92.3549804688, 5.57714223862, 41.0998420715, -38.0787811279, 47.0777626038, 53.6962928772, 197.328903198, 12.894200325, 56.9369087219], [304.007263184, -226.926849365, 161.278213501, -31.9822673798, -63.7166481018, -7.96752977371, -36.5556106567, 22.9455070496, -64.1070098877, 13.8187160492, 12.894200325, 166.362106323, 10.3978281021], [-269.567901611, 276.896026611, -85.819519043, 57.3397865295, 31.7794456482, -29.4312934875, 19.8004131317, -23.3842201233, 26.403553009, -34.2895851135, 56.9369087219, 10.3978281021, 148.787841797]],
        "icov": [[0.00022706798336, -0.000222566202865, 0.00015316659119, -0.000139483148814, 0.000209771023947, -0.000400416436605, 0.00044839840848, -0.000303947919747, 0.000225836323807, -0.000341330072843, 0.000495984102599, -0.000644830055535, 0.000472763116704], [-0.000222566202865, 0.00142365868669, -0.000706552120391, 0.000151303218445, -9.46835498326e-005, 0.00105288263876, -0.00101606035605, 0.00110806932207, -0.00119437591638, 0.00188666232862, -0.00230365246534, 0.00236346013844, -0.00161754305009], [0.00015316659119, -0.000706552120391, 0.00141333881766, -0.000887367117684, 0.000187724974239, -0.000683668185957, 0.000424605153967, -0.000582978886086, 0.00104250677396, -0.00180836569052, 0.00193493091501, -0.00224714051001, 0.00124095671345], [-0.000139483148814, 0.000151303218445, -0.000887367117684, 0.00257188850082, -0.000577641709242, -0.0011037584627, 0.000816093641333, -0.000801711576059, 0.000695150869433, 0.000708764826413, -0.00175323639996, 0.00229014828801, -0.00181597226765], [0.000209771023947, -9.46835498326e-005, 0.000187724974239, -0.000577641709242, 0.0038195871748, -0.00224404945038, -0.000134568821522, 0.00212441361509, -0.00327542750165, 0.00256446679123, -0.000819562701508, -0.00128150987439, 0.00155466794968], [-0.000400416436605, 0.00105288263876, -0.000683668185957, -0.0011037584627, -0.00224404945038, 0.00740585941821, -0.00502842897549, -0.000153411951032, 0.00330961821601, -0.00357910920866, 0.000340645114193, 0.00268836715259, -0.00179494055919], [0.00044839840848, -0.00101606035605, 0.000424605153967, 0.000816093641333, -0.000134568821522, -0.00502842897549, 0.0103681879118, -0.00565285654739, -0.000259535765508, 0.00311064184643, -0.00203049508855, 4.59288457932e-005, 0.000936304975767], [-0.000303947919747, 0.00110806932207, -0.000582978886086, -0.000801711576059, 0.00212441361509, -0.000153411951032, -0.00565285654739, 0.0117957694456, -0.00713603571057, 0.00124202959705, 0.00178361625876, -0.0026094801724, 0.000534351973329], [0.000225836323807, -0.00119437591638, 0.00104250677396, 0.000695150869433, -0.00327542750165, 0.00330961821601, -0.000259535765508, -0.00713603571057, 0.0141915762797, -0.00766540039331, 0.00142923882231, 0.00302010052837, -0.0018103675684], [-0.000341330072843, 0.00188666232862, -0.00180836569052, 0.000708764826413, 0.00256446679123, -0.00357910920866, 0.00311064184643, 0.00124202959705, -0.00766540039331, 0.013539744541, -0.00801084842533, 0.00292564579286, 0.000421545933932], [0.000495984102599, -0.00230365246534, 0.00193493091501, -0.00175323639996, -0.000819562701508, 0.000340645114193, -0.00203049508855, 0.00178361625876, 0.00142923882231, -0.00801084842533, 0.0139181474224, -0.00716668646783, 0.000845356029458], [-0.000644830055535, 0.00236346013844, -0.00224714051001, 0.00229014828801, -0.00128150987439, 0.00268836715259, 4.59288457932e-005, -0.0026094801724, 0.00302010052837, 0.00292564579286, -0.00716668646783, 0.0148607613519, -0.00551388133317], [0.000472763116704, -0.00161754305009, 0.00124095671345, -0.00181597226765, 0.00155466794968, -0.00179494055919, 0.000936304975767, 0.000534351973329, -0.0018103675684, 0.000421545933932, 0.000845356029458, -0.00551388133317, 0.0117559088394]]
    },
    "melbands": {
        "mean": [0.00280703650787, 0.0017037197249, 0.000630298396572, 0.000355220894562, 0.000270395772532, 0.000195769229322, 0.000119216201711, 8.59702195157e-005, 7.63562857173e-005, 7.10754320608e-005, 0.00014874113549, 6.65285333525e-005, 9.04053085833e-005, 0.000144473247929, 9.50884787017e-005, 7.97399989096e-005, 0.00037124476512, 9.3953749456e-005, 0.000109901979158, 4.01776669605e-005, 4.22525954491e-005, 3.45023145201e-005, 1.69821105374e-005, 1.6080613932e-005, 1.42593235068e-005, 7.21600190445e-006, 7.88781471783e-006, 5.8766836446e-006, 3.05764683617e-006, 5.55436599825e-006, 7.75335138314e-006, 4.22958464696e-006, 1.30745968363e-006, 2.10716143556e-006, 2.10424718716e-006, 1.70923919995e-006, 1.82853602837e-006, 1.06713821424e-006, 7.85666031788e-007, 1.2095791817e-006],
        "var": [2.7272686566e-005, 2.01024122362e-005, 5.90927720623e-006, 1.17541617328e-006, 3.48690178953e-007, 1.53422192284e-007, 6.20158999709e-008, 3.23332827179e-008, 1.98261886908e-008, 1.37690765456e-008, 1.31946492843e-007, 2.34430359569e-008, 5.91309792242e-008, 7.08636989089e-008, 3.90504943937e-008, 3.91799055421e-008, 4.35104226426e-007, 3.25792868239e-008, 6.67371509167e-008, 1.31704425144e-008, 1.02148840497e-008, 6.08771033583e-009, 1.34470701241e-009, 1.89700699593e-009, 1.60440360997e-009, 4.13210493599e-010, 1.98182525946e-010, 1.29944485727e-010, 6.46679723659e-011, 1.09526124281e-010, 1.87135390517e-010, 5.52317011571e-011, 1.95261255082e-011, 3.58631804809e-011, 3.38018744939e-011, 2.02754098233e-011, 1.84275216614e-011, 7.08759786971e-012, 2.74063345802e-012, 5.29548453698e-012]
    },
    "mfcc": {
        "mean": [-672.541442871, 116.175811768, -36.5284423828, 14.1451158524, 12.3800497055, 18.8458862305, 9.56393432617, -1.38462173939, 1.31696462631, 1.24726676941, 4.56094455719, 3.44224882126, -3.5084297657],
        "cov": [[5975.16259766, -1108.92089844, 1521.46081543, 140.119552612, -50.8813667297, 223.413635254, 105.537590027, -42.682144165, 13.9214715958, 33.5996627808, -58.7196846008, 123.964942932, 38.3058624268], [-1108.92089844, 2120.09985352, -642.960266113, 94.5150680542, -32.9057807922, -222.452331543, -169.547790527, -14.7668838501, -104.404579163, -107.830352783, -27.5081806183, -92.7618255615, -31.6190738678], [1521.46081543, -642.960266113, 2311.84033203, 525.073547363, 277.779724121, 466.165130615, 409.895446777, -30.1745548248, 141.18788147, 65.291595459, 83.9837875366, 166.693130493, 88.100692749], [140.119552612, 94.5150680542, 525.073547363, 535.821838379, 275.845550537, 238.398925781, 182.291000366, 14.0089473724, 47.5292320251, 8.38854026794, 34.7632293701, 64.0702590942, 43.5123329163], [-50.8813667297, -32.9057807922, 277.779724121, 275.845550537, 404.125244141, 294.099700928, 185.145812988, 29.3198490143, 44.1218795776, 24.3935985565, 62.2865715027, 62.6985816956, 26.4351997375], [223.413635254, -222.452331543, 466.165130615, 238.398925781, 294.099700928, 482.93460083, 339.104949951, 64.2584915161, 88.822227478, 63.4073028564, 89.2583236694, 93.6707992554, 43.5558853149], [105.537590027, -169.547790527, 409.895446777, 182.291000366, 185.145812988, 339.104949951, 419.671051025, 146.362319946, 109.9920578, 39.6862106323, 99.0843048096, 83.7172317505, 25.8070869446], [-42.682144165, -14.7668838501, -30.1745548248, 14.0089473724, 29.3198490143, 64.2584915161, 146.362319946, 265.556488037, 105.216156006, 35.9156837463, 11.5022535324, -0.609117388725, -8.50289916992], [13.9214715958, -104.404579163, 141.18788147, 47.5292320251, 44.1218795776, 88.822227478, 109.9920578, 105.216156006, 221.063262939, 133.450271606, 61.876739502, 44.9411964417, 19.1794452667], [33.5996627808, -107.830352783, 65.291595459, 8.38854026794, 24.3935985565, 63.4073028564, 39.6862106323, 35.9156837463, 133.450271606, 193.917617798, 107.368553162, 69.2859115601, 28.7035160065], [-58.7196846008, -27.5081806183, 83.9837875366, 34.7632293701, 62.2865715027, 89.2583236694, 99.0843048096, 11.5022535324, 61.876739502, 107.368553162, 174.930297852, 110.939041138, 41.102771759], [123.964942932, -92.7618255615, 166.693130493, 64.0702590942, 62.6985816956, 93.6707992554, 83.7172317505, -0.609117388725, 44.9411964417, 69.2859115601, 110.939041138, 138.398010254, 71.6441116333], [38.3058624268, -31.6190738678, 88.100692749, 43.5123329163, 26.4351997375, 43.5558853149, 25.8070869446, -8.50289916992, 19.1794452667, 28.7035160065, 41.102771759, 71.6441116333, 100.410354614]],
        "icov": [[0.000231581434491, 6.6266162321e-005, -0.000150725536514, 3.27835255121e-006, 0.000166617523064, -0.000141040931339, 0.000157471687999, -9.80078693829e-005, 0.000138522227644, -9.16118879104e-005, 0.000308918242808, -0.000406498700613, 0.000195206259377], [6.6266162321e-005, 0.000632751383819, 0.000139871670399, -0.000454254739452, 7.93810540927e-005, 0.000164554541698, 0.000169449966052, -9.62778431131e-005, 2.85729784082e-005, 0.000377036689315, -0.000575362239033, 0.000479337119032, -0.000115614486276], [-0.000150725536514, 0.000139871670399, 0.00085115688853, -0.000640280311927, 0.000166535624885, -7.82237548265e-005, -0.000564803020097, 0.000552240759134, -0.000384929880966, 0.00012152823183, 0.00016803717881, -0.000217656299355, -6.04859596933e-005], [3.27835255121e-006, -0.000454254739452, -0.000640280311927, 0.00382710620761, -0.00210873316973, 0.000171316380147, -0.000544696697034, 0.000210042795516, -0.000177876805537, -9.22366816667e-005, 0.00106787320692, -0.000607910566032, -0.00054536369862], [0.000166617523064, 7.93810540927e-005, 0.000166535624885, -0.00210873316973, 0.0060103032738, -0.00368306110613, 0.00147284998093, -0.000414850423113, -0.000197137982468, 0.00109707925003, -0.00121671881061, -0.000379484670702, 0.000823608948849], [-0.000141040931339, 0.000164554541698, -7.82237548265e-005, 0.000171316380147, -0.00368306110613, 0.00829187501222, -0.0058313338086, 0.00147528736852, 0.000892614480108, -0.00266949925572, 0.00189919245895, -0.000111939269118, -0.00100844900589], [0.000157471687999, 0.000169449966052, -0.000564803020097, -0.000544696697034, 0.00147284998093, -0.0058313338086, 0.00967893656343, -0.00369034265168, -0.00193197606131, 0.00443201558664, -0.00441580312327, -0.00038634086377, 0.00125183258206], [-9.80078693829e-005, -9.62778431131e-005, 0.000552240759134, 0.000210042795516, -0.000414850423113, 0.00147528736852, -0.00369034265168, 0.00649101799354, -0.00246716337278, -0.000434636516729, 0.00151931191795, 0.000506165146362, 1.13456953841e-005], [0.000138522227644, 2.85729784082e-005, -0.000384929880966, -0.000177876805537, -0.000197137982468, 0.000892614480108, -0.00193197606131, -0.00246716337278, 0.0108185894787, -0.00793399754912, 0.00239876424894, -0.000227217460633, -0.000294938887237], [-9.16118879104e-005, 0.000377036689315, 0.00012152823183, -9.22366816667e-005, 0.00109707925003, -0.00266949925572, 0.00443201558664, -0.000434636516729, -0.00793399754912, 0.0151466596872, -0.00836780294776, 0.000565446796827, -1.22338979054e-005], [0.000308918242808, -0.000575362239033, 0.00016803717881, 0.00106787320692, -0.00121671881061, 0.00189919245895, -0.00441580312327, 0.00151931191795, 0.00239876424894, -0.00836780294776, 0.0190317574888, -0.0129265291616, 0.0032173495274], [-0.000406498700613, 0.000479337119032, -0.000217656299355, -0.000607910566032, -0.000379484670702, -0.000111939269118, -0.00038634086377, 0.000506165146362, -0.000227217460633, 0.000565446796827, -0.0129265291616, 0.0251627098769, -0.0117296660319], [0.000195206259377, -0.000115614486276, -6.04859596933e-005, -0.00054536369862, 0.000823608948849, -0.00100844900589, 0.00125183258206, 1.13456953841e-005, -0.000294938887237, -1.22338979054e-005, 0.0032173495274, -0.0117296660319, 0.0171495769173]]
    },
    "spectral_contrast_coeffs": {
        "mean": [-0.685644805431, -0.752363622189, -0.759827077389, -0.753502547741, -0.771670281887, -0.72254383564],
        "var": [0.0107227489352, 0.00785870384425, 0.00457797944546, 0.00495890015736, 0.0033331871964, 0.00176132575143]
    },
    "spectral_contrast_valleys": {
        "mean": [-7.99558925629, -7.46778059006, -7.45280456543, -7.38879966736, -7.77118682861, -10.9496603012],
        "var": [2.77047038078, 1.62238276005, 1.35948085785, 1.12704253197, 1.1770080328, 2.20397472382]
    }
},
"metadata": {
    "audio_properties": {
        "analysis_sample_rate": 44100,
        "bit_rate": 115803,
        "equal_loudness": 0,
        "length": 45.0612258911,
        "lossless": 0,
        "replay_gain": -14.6105060577,
        "sample_rate": 44100,
        "codec": "mp3",
        "downmix": "mix",
        "md5_encoded": "2a1d5477a76a9c8b228f5ac278edfe3f"
    },
    "tags": {
        "file_name": "431.mp3"
    },
    "version": {
        "essentia": "2.1-beta2",
        "essentia_git_sha": "v2.1_beta2",
        "extractor": "music 1.0"
    }
},
"rhythm": {
    "beats_count": 102,
    "beats_loudness": {
        "mean": 0.0595261640847,
        "var": 0.00210394780152
    },
    "bpm": 143.488189697,
    "bpm_histogram_first_peak_bpm": {
        "mean": 144,
        "var": 0
    },
    "bpm_histogram_first_peak_spread": {
        "mean": 0.199999943376,
        "var": 0
    },
    "bpm_histogram_first_peak_weight": {
        "mean": 0.712871313095,
        "var": 0
    },
    "bpm_histogram_second_peak_bpm": {
        "mean": 94,
        "var": 0
    },
    "bpm_histogram_second_peak_spread": {
        "mean": 0.333333313465,
        "var": 0
    },
    "bpm_histogram_second_peak_weight": {
        "mean": 0.039603959769,
        "var": 0
    },
    "danceability": 1.34691941738,
    "onset_rate": 4.61386156082,
    "beats_loudness_band_ratio": {
        "mean": [0.388274908066, 0.08080047369, 0.091636814177, 0.240685462952, 0.167503371835, 0.0713175162673],
        "var": [0.135742351413, 0.0133951390162, 0.0189170297235, 0.0416819155216, 0.0317209549248, 0.00506384111941]
    },
    "beats_position": [0.626938760281, 1.26548755169, 1.90403628349, 2.53097510338, 3.15791368484, 3.79646253586, 4.43501138687, 4.93424034119, 5.4334692955, 5.93269824982, 6.3622674942, 6.79183673859, 7.22140598297, 7.65097475052, 8.08054447174, 8.498503685, 8.92807197571, 9.34603118896, 9.77560043335, 10.1935596466, 10.6115188599, 11.0294780731, 11.4474372864, 11.8653964996, 12.2833557129, 12.689704895, 13.0960540771, 13.5140132904, 13.9435825348, 14.3499317169, 14.7678909302, 15.1858501434, 15.6038093567, 16.0217685699, 16.4397277832, 16.8576869965, 17.2756462097, 17.693605423, 18.1115646362, 18.5295238495, 18.9474830627, 19.365442276, 19.7834014893, 20.2013607025, 20.6193199158, 21.0256690979, 21.43201828, 21.8499774933, 22.2679367065, 22.6858959198, 23.1038551331, 23.5218143463, 23.9397735596, 24.3577327728, 24.7756919861, 25.1936511993, 25.6116104126, 26.0295696259, 26.4475269318, 26.865486145, 27.2834453583, 27.7014045715, 28.1077537537, 28.5257129669, 28.9552822113, 29.3732414246, 29.7679805756, 30.1859397888, 30.6038990021, 31.0218582153, 31.4398174286, 31.8577766418, 32.2757377625, 32.6936950684, 33.111656189, 33.5296134949, 33.9475746155, 34.3655319214, 34.783493042, 35.2014503479, 35.6194114685, 36.0373687744, 36.4321098328, 36.8500671387, 37.2680282593, 37.6859855652, 38.1039466858, 38.5219039917, 38.9398651123, 39.3578224182, 39.7757797241, 40.1937408447, 40.6116981506, 41.0296592712, 41.4476165771, 41.8655776978, 42.2835350037, 42.7014961243, 43.1078453064, 43.5258026123, 43.9553718567, 44.3617210388]
},
"tonal": {
    "chords_changes_rate": 0.0730452686548,
    "chords_number_rate": 0.00823045242578,
    "chords_strength": {
        "mean": 0.511379003525,
        "var": 0.0059712389484
    },
    "hpcp_entropy": {
        "mean": 2.14500355721,
        "var": 0.496793925762
    },
    "key_strength": 0.725058794022,
    "tuning_diatonic_strength": 0.635585844517,
    "tuning_equal_tempered_deviation": 0.201309531927,
    "tuning_frequency": 434.193115234,
    "tuning_nontempered_energy_ratio": 0.875693023205,
    "hpcp": {
        "mean": [0.0969941839576, 0.0904294773936, 0.108095861971, 0.182359710336, 0.187497913837, 0.131098777056, 0.131867229939, 0.13985581696, 0.166654229164, 0.234128713608, 0.223097637296, 0.134667262435, 0.0984905064106, 0.100326396525, 0.135721608996, 0.190558031201, 0.185419127345, 0.135056450963, 0.137572586536, 0.142690479755, 0.10797906667, 0.0997551009059, 0.0931454971433, 0.169699206948, 0.25627502799, 0.17198844254, 0.0896397456527, 0.0935943648219, 0.104003898799, 0.175253584981, 0.404039442539, 0.448934137821, 0.215199813247, 0.103269375861, 0.102757774293, 0.100785709918],
        "var": [0.0344793349504, 0.0281766057014, 0.0299251321703, 0.0706324577332, 0.0808012932539, 0.0364226363599, 0.0488739684224, 0.0520954467356, 0.0605415739119, 0.0854615345597, 0.0775953605771, 0.04146887362, 0.029161721468, 0.0323840416968, 0.0446330346167, 0.0539568699896, 0.0519217029214, 0.0347028821707, 0.0365632735193, 0.0404501184821, 0.0271853078157, 0.0286540724337, 0.0272034499794, 0.0491082146764, 0.130006089807, 0.0457179732621, 0.0276865102351, 0.0276463925838, 0.0326349511743, 0.0418854914606, 0.108554698527, 0.13713568449, 0.0468584522605, 0.0337513573468, 0.0379019975662, 0.0359922759235]
    },
    "chords_histogram": [28.9094657898, 4.52674913406, 20.5761318207, 3.18930029869, 0.720164597034, 0.308641970158, 0, 16.6666660309, 1.74897122383, 21.2962970734, 0, 0, 0, 0, 0, 0, 0, 0, 0, 0, 0, 0, 2.05761313438, 0],
    "thpcp": [1, 0.479357212782, 0.230032354593, 0.228892758489, 0.224499985576, 0.21605437994, 0.201431497931, 0.24078334868, 0.406205922365, 0.41765126586, 0.292022287846, 0.293734014034, 0.311528593302, 0.371221989393, 0.521521270275, 0.496949583292, 0.299971103668, 0.219387426972, 0.223476871848, 0.302319645882, 0.424467682838, 0.413020789623, 0.300837993622, 0.306442707777, 0.317842781544, 0.240523174405, 0.222204312682, 0.207481428981, 0.378004670143, 0.570852160454, 0.383103966713, 0.199672371149, 0.208481281996, 0.231668502092, 0.390377044678, 0.89999717474],
    "chords_key": "C",
    "chords_scale": "minor",
    "key_key": "C",
    "key_scale": "minor"
}
}