{
"lowlevel": {
    "average_loudness": 0.92132383585,
    "barkbands_crest": {
        "mean": 12.8907651901,
        "var": 23.6060333252
    },
    "barkbands_flatness_db": {
        "mean": 0.237895458937,
        "var": 0.0120501350611
    },
    "barkbands_kurtosis": {
        "mean": 37.9031066895,
        "var": 9496.94433594
    },
    "barkbands_skewness": {
        "mean": 2.93832349777,
        "var": 14.1699647903
    },
    "barkbands_spread": {
        "mean": 15.3771114349,
        "var": 493.288391113
    },
    "dissonance": {
        "mean": 0.437683135271,
        "var": 0.00401014368981
    },
    "dynamic_complexity": 6.51437044144,
    "erbbands_crest": {
        "mean": 10.9888401031,
        "var": 30.4759864807
    },
    "erbbands_flatness_db": {
        "mean": 0.187772929668,
        "var": 0.00889405421913
    },
    "erbbands_kurtosis": {
        "mean": 2.71745657921,
        "var": 21.3009529114
    },
    "erbbands_skewness": {
        "mean": 0.659914195538,
        "var": 1.60594892502
    },
    "erbbands_spread": {
        "mean": 40.2472114563,
        "var": 1086.5078125
    },
    "hfc": {
        "mean": 15.8018436432,
        "var": 1137.49780273
    },
    "melbands_crest": {
        "mean": 19.557882309,
        "var": 71.027671814
    },
    "melbands_flatness_db": {
        "mean": 0.301100045443,
        "var": 0.0202179811895
    },
    "melbands_kurtosis": {
        "mean": 80.1030960083,
        "var": 38965.2890625
    },
    "melbands_skewness": {
        "mean": 4.42824363708,
        "var": 24.462802887
    },
    "melbands_spread": {
        "mean": 21.7581672668,
        "var": 1355.20458984
    },
    "pitch_salience": {
        "mean": 0.493553549051,
        "var": 0.0364012606442
    },
    "silence_rate_20dB": {
        "mean": 1,
        "var": 0
    },
    "silence_rate_30dB": {
        "mean": 0.91438883543,
        "var": 0.0782805085182
    },
    "silence_rate_60dB": {
        "mean": 0.25322329998,
        "var": 0.189102306962
    },
    "spectral_centroid": {
        "mean": 1771.88806152,
        "var": 5027163
    },
    "spectral_complexity": {
        "mean": 8.18721008301,
        "var": 133.865783691
    },
    "spectral_decrease": {
        "mean": -9.47336342705e-009,
        "var": 1.36653479742e-016
    },
    "spectral_energy": {
        "mean": 0.037187948823,
        "var": 0.00204176316038
    },
    "spectral_energyband_high": {
        "mean": 0.00104481528979,
        "var": 8.10194615042e-006
    },
    "spectral_energyband_low": {
        "mean": 0.0258054099977,
        "var": 0.00157836696599
    },
    "spectral_energyband_middle_high": {
        "mean": 0.00208890927024,
        "var": 3.9832368202e-005
    },
    "spectral_energyband_middle_low": {
        "mean": 0.00902071967721,
        "var": 0.000216045213165
    },
    "spectral_entropy": {
        "mean": 7.26879501343,
        "var": 0.983039617538
    },
    "spectral_flux": {
        "mean": 0.0867670401931,
        "var": 0.00746536813676
    },
    "spectral_kurtosis": {
        "mean": 6.81762123108,
        "var": 120.82157135
    },
    "spectral_rms": {
        "mean": 0.00471382588148,
        "var": 1.40608199217e-005
    },
    "spectral_rolloff": {
        "mean": 3068.46679688,
        "var": 22426692
    },
    "spectral_skewness": {
        "mean": 1.83071434498,
        "var": 1.36195528507
    },
    "spectral_spread": {
        "mean": 6246681.5,
        "var": 3.68749198705e+013
    },
    "spectral_strongpeak": {
        "mean": 0.505089879036,
        "var": 0.302566736937
    },
    "zerocrossingrate": {
        "mean": 0.101911775768,
        "var": 0.0179411116987
    },
    "barkbands": {
        "mean": [0.00393129792064, 0.0159341152757, 0.00519208936021, 0.00312612322159, 0.00390322506428, 0.00082700146595, 0.000743301294278, 0.000233188620768, 0.000148010294652, 0.000117967843835, 9.49236637098e-005, 0.000512930913828, 0.000324697466567, 0.000199072237592, 0.0001407572272, 0.000228778691962, 8.00731577328e-005, 0.000191158003872, 0.000146791760926, 0.000157606598805, 0.000220754984184, 0.000149631712702, 0.000148322302266, 0.00013402858167, 0.000159201226779, 0.000121031866001, 2.19248213398e-005],
        "var": [6.50606452837e-005, 0.000800939276814, 0.000224841729505, 5.5542546761e-005, 5.97231410211e-005, 2.04626144296e-006, 2.40642907556e-006, 2.31221861213e-007, 1.14519970396e-007, 2.0616828067e-007, 4.88188263148e-008, 4.8140209401e-006, 2.38442498812e-006, 1.22197172914e-006, 2.73972204923e-007, 1.42482201682e-006, 6.68789112979e-008, 5.07833931351e-007, 3.04523950945e-007, 2.13234059743e-007, 3.55884964165e-007, 1.82197723575e-007, 1.70177600012e-007, 1.88325842032e-007, 2.00651044224e-007, 1.30771539375e-007, 1.00371888578e-008]
    },
    "erbbands": {
        "mean": [0.715503633022, 2.56576490402, 6.29064178467, 7.71597671509, 18.3440303802, 7.82511997223, 2.47664117813, 7.22867298126, 15.5667047501, 3.44571971893, 6.06545829773, 4.00952291489, 3.68750071526, 3.35070323944, 7.12332248688, 23.0852909088, 16.3393363953, 12.8545398712, 7.22246313095, 8.68826770782, 12.1000556946, 5.21735906601, 8.6756067276, 10.6972770691, 6.132999897, 7.18890571594, 9.25573158264, 7.65634536743, 5.44860601425, 5.24419307709, 3.79834032059, 3.13778471947, 1.96679115295, 1.37297952175, 1.30155861378, 0.539005160332, 0.237931013107, 0.0623513050377, 0.00183921528514, 8.3487277152e-005],
        "var": [2.02404117584, 23.511510849, 228.161224365, 444.110198975, 1113.4979248, 343.482727051, 29.4881000519, 166.793029785, 919.180725098, 74.4335403442, 147.840026855, 60.3787727356, 179.285217285, 132.066452026, 445.647094727, 10278.4638672, 4747.72851563, 3724.53808594, 539.704711914, 1659.40002441, 3598.53540039, 344.790527344, 954.850158691, 1769.53491211, 369.563293457, 430.686706543, 621.52545166, 447.20135498, 238.889602661, 205.182601929, 123.662216187, 110.320732117, 39.1579322815, 14.964474678, 12.9068870544, 2.32297515869, 0.666725158691, 0.0533147156239, 5.37126179552e-005, 2.92135240443e-008]
    },
    "gfcc": {
        "mean": [-180.522964478, 52.0364570618, -68.4596328735, 40.8181114197, -53.9646377563, 18.1103801727, -27.2152423859, -1.0505450964, -27.0149059296, 6.52055931091, -18.8427677155, 0.917400300503, -13.0268754959],
        "cov": [[72107.3125, 14907.5673828, -828.718444824, -157.212036133, -1058.6003418, -25.3012046814, -1265.64685059, 189.260025024, -624.994934082, 248.711303711, 352.699127197, 148.272521973, -397.595794678], [14907.5673828, 12563.5136719, 1608.51269531, -1548.578125, 484.008453369, -357.502105713, 39.063331604, -304.508026123, 450.544403076, -532.98815918, 754.064941406, -219.605407715, 311.004302979], [-828.718444824, 1608.51269531, 1447.29821777, -43.7037658691, 166.707427979, 33.1203155518, 258.419158936, 192.553726196, 192.504669189, -21.285358429, 126.959503174, -44.1989631653, 27.1903533936], [-157.212036133, -1548.578125, -43.7037658691, 860.067016602, 155.93359375, 192.684341431, 133.201324463, 237.546173096, 14.1914358139, 123.903839111, -49.96534729, 32.6183509827, -36.5831565857], [-1058.6003418, 484.008453369, 166.707427979, 155.93359375, 633.229431152, 85.6747436523, 203.889419556, 120.448890686, 218.326263428, -19.2373199463, 175.477462769, -10.9556035995, 66.586517334], [-25.3012046814, -357.502105713, 33.1203155518, 192.684341431, 85.6747436523, 206.850387573, 104.921928406, 88.8096160889, 25.4381008148, 48.3414001465, -11.895986557, -12.7042913437, -19.8996562958], [-1265.64685059, 39.063331604, 258.419158936, 133.201324463, 203.889419556, 104.921928406, 324.721221924, 108.259414673, 132.580612183, 12.5951309204, 81.3401107788, -24.6292667389, 48.9580230713], [189.260025024, -304.508026123, 192.553726196, 237.546173096, 120.448890686, 88.8096160889, 108.259414673, 251.502746582, 91.0817871094, 72.7840499878, 30.5650234222, 17.5209465027, -14.0182752609], [-624.994934082, 450.544403076, 192.504669189, 14.1914358139, 218.326263428, 25.4381008148, 132.580612183, 91.0817871094, 209.810150146, 24.0312538147, 101.132385254, -27.7083358765, 50.07421875], [248.711303711, -532.98815918, -21.285358429, 123.903839111, -19.2373199463, 48.3414001465, 12.5951309204, 72.7840499878, 24.0312538147, 154.881652832, 0.200857192278, 24.7137527466, -36.6803245544], [352.699127197, 754.064941406, 126.959503174, -49.96534729, 175.477462769, -11.895986557, 81.3401107788, 30.5650234222, 101.132385254, 0.200857192278, 182.78012085, 24.4583454132, 51.7219390869], [148.272521973, -219.605407715, -44.1989631653, 32.6183509827, -10.9556035995, -12.7042913437, -24.6292667389, 17.5209465027, -27.7083358765, 24.7137527466, 24.4583454132, 84.9067382813, 11.1218805313], [-397.595794678, 311.004302979, 27.1903533936, -36.5831565857, 66.586517334, -19.8996562958, 48.9580230713, -14.0182752609, 50.07421875, -36.6803245544, 51.7219390869, 11.1218805313, 92.1226425171]],
        "icov": [[4.80957824038e-005, -0.000131537715788, 0.000133579524118, -0.000112661509775, 6.72008682159e-005, -3.84525119443e-005, 3.55455485987e-005, -0.000224649294978, 0.000226393720368, -0.000266404793365, 0.000127647028421, -0.000160210183822, 0.000176069312147], [-0.000131537715788, 0.000567429990042, -0.000548489566427, 0.000477433204651, -0.000127902196255, -7.80723985372e-006, 0.000244713708526, 0.000675013870932, -0.000689164444339, 0.00114282942377, -0.00124501762912, 0.0010305083124, -0.000664191436954], [0.000133579524118, -0.000548489566427, 0.00150473590475, -0.000253568927292, 0.000357938261004, 0.000175965382368, -0.000815896783024, -0.00147688167635, 0.000309728377033, -0.000614289310761, 0.000780837901402, -0.000720662123058, 0.0011072056368], [-0.000112661509775, 0.000477433204651, -0.000253568927292, 0.002594135236, -0.000838950916659, -0.000701785495039, -0.00030601763865, -0.00112858228385, 0.00061317847576, -3.98001429858e-005, 9.16716162465e-005, 0.000552058743779, -0.00101460551377], [6.72008682159e-005, -0.000127902196255, 0.000357938261004, -0.000838950916659, 0.00359761971049, -0.000967723783106, -0.000153529952513, -0.000178683243576, -0.002673701616, 0.00174968014471, -0.00223592226394, -0.000495617685374, 0.000993188004941], [-3.84525119443e-005, -7.80723985372e-006, 0.000175965382368, -0.000701785495039, -0.000967723783106, 0.00796375051141, -0.00249371584505, -0.000964392558672, 0.00130481820088, -0.00153411773499, 0.00136472051963, 0.00131407415029, 0.000883086991962], [3.55455485987e-005, 0.000244713708526, -0.000815896783024, -0.00030601763865, -0.000153529952513, -0.00249371584505, 0.00667513161898, -0.000522193382494, -0.00106676248834, 0.000499902351294, -0.0024586757645, 0.0024895563256, -0.00274931942113], [-0.000224649294978, 0.000675013870932, -0.00147688167635, -0.00112858228385, -0.000178683243576, -0.000964392558672, -0.000522193382494, 0.00971788167953, -0.00497473450378, 0.000772320374381, -0.000380058481824, -0.00251476489939, 0.00194501026999], [0.000226393720368, -0.000689164444339, 0.000309728377033, 0.00061317847576, -0.002673701616, 0.00130481820088, -0.00106676248834, -0.00497473450378, 0.0157365743071, -0.0062409369275, -0.00172941060737, 0.00646860618144, -0.00536857079715], [-0.000266404793365, 0.00114282942377, -0.000614289310761, -3.98001429858e-005, 0.00174968014471, -0.00153411773499, 0.000499902351294, 0.000772320374381, -0.0062409369275, 0.0134526854381, -0.00338293123059, -0.00245013996027, 0.00435723597184], [0.000127647028421, -0.00124501762912, 0.000780837901402, 9.16716162465e-005, -0.00223592226394, 0.00136472051963, -0.0024586757645, -0.000380058481824, -0.00172941060737, -0.00338293123059, 0.0153360441327, -0.00774075835943, -0.00036301871296], [-0.000160210183822, 0.0010305083124, -0.000720662123058, 0.000552058743779, -0.000495617685374, 0.00131407415029, 0.0024895563256, -0.00251476489939, 0.00646860618144, -0.00245013996027, -0.00774075835943, 0.0215521361679, -0.00754973152652], [0.000176069312147, -0.000664191436954, 0.0011072056368, -0.00101460551377, 0.000993188004941, 0.000883086991962, -0.00274931942113, 0.00194501026999, -0.00536857079715, 0.00435723597184, -0.00036301871296, -0.00754973152652, 0.0201258901507]]
    },
    "melbands": {
        "mean": [0.00537840137258, 0.00330991763622, 0.00175335258245, 0.00104623800144, 9.02125611901e-005, 0.000185104407137, 0.000215910709812, 3.17899102811e-005, 4.67004429083e-005, 2.36918222072e-005, 1.79607486643e-005, 1.33962630571e-005, 1.61986517924e-005, 5.20929170307e-005, 4.59220973426e-005, 3.47904715454e-005, 2.28462431551e-005, 1.11851004476e-005, 1.01820451164e-005, 1.31287988552e-005, 1.47267428474e-005, 4.60136197944e-006, 6.97874020261e-006, 8.35367882246e-006, 8.98855796549e-006, 4.69331962449e-006, 4.31831222159e-006, 4.76669583804e-006, 5.83369046581e-006, 5.43929900232e-006, 4.11817018175e-006, 2.87631587526e-006, 3.16381192533e-006, 3.08980452246e-006, 2.31608009926e-006, 2.1059354367e-006, 1.60140211847e-006, 1.42834733197e-006, 1.04272100998e-006, 1.20488175526e-006],
        "var": [9.96606686385e-005, 4.44500874437e-005, 1.39707326525e-005, 4.15687554778e-006, 4.74257468852e-008, 1.15504739995e-007, 1.75208313635e-007, 6.62852883693e-009, 8.92936213859e-009, 2.4238744345e-009, 4.76916017789e-009, 2.39522846002e-009, 1.82058801368e-009, 4.79141029075e-008, 3.82266662768e-008, 3.57650620231e-008, 1.72562479861e-008, 1.37232081254e-009, 1.55048207606e-009, 4.88915041785e-009, 5.22780263523e-009, 2.40678116326e-010, 7.38435312897e-010, 8.82478701225e-010, 1.360107027e-009, 2.41389352951e-010, 1.75960065962e-010, 1.89706514386e-010, 2.67796951281e-010, 2.12323922333e-010, 1.41670800091e-010, 7.24276333353e-011, 9.66550589565e-011, 7.17945008999e-011, 4.47129104575e-011, 5.28517229981e-011, 2.7449454168e-011, 2.2132226607e-011, 1.03299365589e-011, 1.23645642336e-011]
    },
    "mfcc": {
        "mean": [-800.524536133, 98.2695083618, 34.7430610657, 28.449760437, 0.0188786759973, 18.6159343719, 4.23119735718, 0.378980368376, 1.08479082584, -4.27138710022, -1.32398533821, 4.90024757385, 2.94190406799],
        "cov": [[29606.1289063, 6946.46533203, 817.052978516, 1537.26757813, 1224.09057617, 533.205810547, 510.373962402, 163.839141846, -307.482940674, 150.469436646, 282.40914917, 16.1970119476, 193.611251831], [6946.46533203, 7660.93115234, 919.960144043, 103.416168213, 631.861755371, 287.982025146, 250.955200195, 243.987213135, -112.843200684, -13.3213434219, -3.30005717278, 40.5226631165, 185.448776245], [817.052978516, 919.960144043, 1057.54504395, 192.817565918, 4.74834680557, 72.2724304199, 147.953460693, 111.496360779, 108.596488953, 80.2538604736, 58.8093223572, 99.3438415527, 3.00572061539], [1537.26757813, 103.416168213, 192.817565918, 527.287231445, 200.947128296, 121.232002258, 167.953323364, 134.780319214, 88.9222717285, 114.582893372, 109.351043701, 52.328754425, 42.5637702942], [1224.09057617, 631.861755371, 4.74834680557, 200.947128296, 386.105133057, 66.735206604, 108.126731873, 114.743980408, 26.0377426147, 105.012031555, 83.4728393555, 18.1893806458, 35.3730926514], [533.205810547, 287.982025146, 72.2724304199, 121.232002258, 66.735206604, 193.614273071, 81.592086792, 40.1094856262, 43.7984199524, 32.649105072, 31.4894332886, 38.3824310303, 25.6528644562], [510.373962402, 250.955200195, 147.953460693, 167.953323364, 108.126731873, 81.592086792, 188.970321655, 115.176513672, 48.3138656616, 73.1038360596, 72.161819458, 34.2770423889, 35.110622406], [163.839141846, 243.987213135, 111.496360779, 134.780319214, 114.743980408, 40.1094856262, 115.176513672, 160.444625854, 61.3082466125, 73.936920166, 56.7916717529, 29.8375453949, 20.5512275696], [-307.482940674, -112.843200684, 108.596488953, 88.9222717285, 26.0377426147, 43.7984199524, 48.3138656616, 61.3082466125, 132.511566162, 87.190536499, 47.5566864014, 36.9699745178, -0.120574526489], [150.469436646, -13.3213434219, 80.2538604736, 114.582893372, 105.012031555, 32.649105072, 73.1038360596, 73.936920166, 87.190536499, 165.640350342, 120.059242249, 45.0897941589, 1.93828511238], [282.40914917, -3.30005717278, 58.8093223572, 109.351043701, 83.4728393555, 31.4894332886, 72.161819458, 56.7916717529, 47.5566864014, 120.059242249, 149.853775024, 59.5537490845, 17.4437351227], [16.1970119476, 40.5226631165, 99.3438415527, 52.328754425, 18.1893806458, 38.3824310303, 34.2770423889, 29.8375453949, 36.9699745178, 45.0897941589, 59.5537490845, 79.1444244385, 24.8051128387], [193.611251831, 185.448776245, 3.00572061539, 42.5637702942, 35.3730926514, 25.6528644562, 35.110622406, 20.5512275696, -0.120574526489, 1.93828511238, 17.4437351227, 24.8051128387, 64.4323806763]],
        "icov": [[6.12469011685e-005, -5.37018167961e-005, 4.60032606497e-006, -0.000214976244024, -4.1778828745e-005, -2.05898468266e-005, -3.60989179171e-005, 0.00019336049445, 0.000204017167562, -3.11890289595e-005, -6.15386088612e-005, 5.11646612722e-005, 9.97368770186e-005], [-5.37018167961e-005, 0.000278315739706, -0.000294628815027, 0.000433361536125, -0.00038727853098, -0.000330743670929, 0.000199719128432, -0.000427182705607, 0.000209150923183, 8.11488207546e-005, 9.76063456619e-005, 0.000269166514045, -0.000672592490446], [4.60032606497e-006, -0.000294628815027, 0.00165999494493, -0.00059818092268, 0.000800504931249, 0.000667538493872, -0.00120551616419, 0.000226778633078, -0.000763438816648, -0.00019014319696, 0.000772537954617, -0.00225704396144, 0.00169528496917], [-0.000214976244024, 0.000433361536125, -0.00059818092268, 0.00428342213854, -0.0012367379386, -0.00110719283111, -0.000751122308429, -0.00134088599589, -0.00135353044607, 0.000688500411343, -0.000960778153967, 0.00083569920389, -0.00153112155385], [-4.1778828745e-005, -0.00038727853098, 0.000800504931249, -0.0012367379386, 0.00527995638549, -0.000169067599927, -5.92991955273e-006, -0.00188445986714, 0.00142789317761, -0.0031781506259, 0.000375859031919, 0.000600597646553, -0.00044191716006], [-2.05898468266e-005, -0.000330743670929, 0.000667538493872, -0.00110719283111, -0.000169067599927, 0.00805086549371, -0.00347270071507, 0.00229798769578, -0.00258436938748, 0.000922433799133, 0.00121823081281, -0.00364667316899, 0.000802442664281], [-3.60989179171e-005, 0.000199719128432, -0.00120551616419, -0.000751122308429, -5.92991955273e-006, -0.00347270071507, 0.0137234358117, -0.00713717285544, 0.00144281540997, -0.000489522470161, -0.00307947443798, 0.00360722653568, -0.0042673884891], [0.00019336049445, -0.000427182705607, 0.000226778633078, -0.00134088599589, -0.00188445986714, 0.00229798769578, -0.00713717285544, 0.0149622755125, -0.00336270174012, -0.00069697375875, 0.000963260012213, -0.00155582570005, 0.00111305795144], [0.000204017167562, 0.000209150923183, -0.000763438816648, -0.00135353044607, 0.00142789317761, -0.00258436938748, 0.00144281540997, -0.00336270174012, 0.0171083044261, -0.0104597415775, 0.00527091650292, -0.00280311517417, 0.000244909868343], [-3.11890289595e-005, 8.11488207546e-005, -0.00019014319696, 0.000688500411343, -0.0031781506259, 0.000922433799133, -0.000489522470161, -0.00069697375875, -0.0104597415775, 0.0244053099304, -0.0158484671265, 0.00216473592445, 0.00398432137445], [-6.15386088612e-005, 9.76063456619e-005, 0.000772537954617, -0.000960778153967, 0.000375859031919, 0.00121823081281, -0.00307947443798, 0.000963260012213, 0.00527091650292, -0.0158484671265, 0.0232312586159, -0.0108537236229, -0.000442202144768], [5.11646612722e-005, 0.000269166514045, -0.00225704396144, 0.00083569920389, 0.000600597646553, -0.00364667316899, 0.00360722653568, -0.00155582570005, -0.00280311517417, 0.00216473592445, -0.0108537236229, 0.026504278183, -0.00905802845955], [9.97368770186e-005, -0.000672592490446, 0.00169528496917, -0.00153112155385, -0.00044191716006, 0.000802442664281, -0.0042673884891, 0.00111305795144, 0.000244909868343, 0.00398432137445, -0.000442202144768, -0.00905802845955, 0.0234696418047]]
    },
    "spectral_contrast_coeffs": {
        "mean": [-0.637654781342, -0.737350225449, -0.795385539532, -0.832932889462, -0.829988062382, -0.763870716095],
        "var": [0.0192920286208, 0.0124018806964, 0.00734989019111, 0.00354038085788, 0.00243831099942, 0.00390415708534]
    },
    "spectral_contrast_valleys": {
        "mean": [-9.30190753937, -9.37662315369, -9.86971855164, -10.0193824768, -9.65571880341, -11.7106752396],
        "var": [18.0125923157, 16.5764732361, 13.788523674, 12.5663061142, 12.0675430298, 9.42028522491]
    }
},
"metadata": {
    "audio_properties": {
        "analysis_sample_rate": 44100,
        "bit_rate": 117301,
        "equal_loudness": 0,
        "length": 44.9828567505,
        "lossless": 0,
        "replay_gain": -13.088312149,
        "sample_rate": 44100,
        "codec": "mp3",
        "downmix": "mix",
        "md5_encoded": "34d4422534a72a37af2cd81bcc01fdb9"
    },
    "tags": {
        "file_name": "435.mp3"
    },
    "version": {
        "essentia": "2.1-beta2",
        "essentia_git_sha": "v2.1_beta2",
        "extractor": "music 1.0"
    }
},
"rhythm": {
    "beats_count": 68,
    "beats_loudness": {
        "mean": 0.0494721792638,
        "var": 0.00200189091265
    },
    "bpm": 91.9960250854,
    "bpm_histogram_first_peak_bpm": {
        "mean": 92,
        "var": 0
    },
    "bpm_histogram_first_peak_spread": {
        "mean": 0.0149253606796,
        "var": 0
    },
    "bpm_histogram_first_peak_weight": {
        "mean": 0.98507463932,
        "var": 0
    },
    "bpm_histogram_second_peak_bpm": {
        "mean": 0,
        "var": 0
    },
    "bpm_histogram_second_peak_spread": {
        "mean": 0,
        "var": 0
    },
    "bpm_histogram_second_peak_weight": {
        "mean": 0,
        "var": 0
    },
    "danceability": 1.19799780846,
    "onset_rate": 4.97774744034,
    "beats_loudness_band_ratio": {
        "mean": [0.445996582508, 0.14872393012, 0.0537651441991, 0.0669831261039, 0.0723865628242, 0.282395124435],
        "var": [0.141582995653, 0.0373334996402, 0.00349632347934, 0.00961194373667, 0.00978335551918, 0.107143580914]
    },
    "beats_position": [0.638548731804, 1.28870749474, 1.93886613846, 2.58902478218, 3.23918366432, 3.88934230804, 4.55111122131, 5.20126962662, 5.85142850876, 6.5015873909, 7.1517457962, 7.80190467834, 8.46367359161, 9.11383247375, 9.77560043335, 10.4257593155, 11.0759181976, 11.7260770798, 12.3762359619, 13.0263938904, 13.6765527725, 14.3267116547, 14.9768705368, 15.6270294189, 16.2771873474, 16.9389572144, 17.5891151428, 18.2508831024, 18.9010429382, 19.5512008667, 20.2013607025, 20.851518631, 21.5016784668, 22.1518363953, 22.8019943237, 23.4521541595, 24.102312088, 24.764081955, 25.4258499146, 26.076007843, 26.7261676788, 27.3763256073, 28.0264854431, 28.6766433716, 29.3268013, 29.9769611359, 30.6271190643, 31.2772789001, 31.9274368286, 32.5775947571, 33.2277526855, 33.8779144287, 34.539680481, 35.1898422241, 35.8516082764, 36.5017662048, 37.1635360718, 37.8253059387, 38.4754638672, 39.1256217957, 39.7757797241, 40.4259414673, 41.0760993958, 41.7262573242, 42.3764152527, 43.0149650574, 43.6767349243, 44.3385009766]
},
"tonal": {
    "chords_changes_rate": 0.0288659799844,
    "chords_number_rate": 0.00412371149287,
    "chords_strength": {
        "mean": 0.469910621643,
        "var": 0.0395115055144
    },
    "hpcp_entropy": {
        "mean": 1.93887197971,
        "var": 0.76354777813
    },
    "key_strength": 0.388219296932,
    "tuning_diatonic_strength": 0.473958075047,
    "tuning_equal_tempered_deviation": 0.206065431237,
    "tuning_frequency": 434.193115234,
    "tuning_nontempered_energy_ratio": 0.886423647404,
    "hpcp": {
        "mean": [0.101641081274, 0.102883778512, 0.0592028722167, 0.033460535109, 0.0348040536046, 0.0435684770346, 0.0439068861306, 0.0346187949181, 0.0324721485376, 0.0408291555941, 0.0472641550004, 0.062735170126, 0.100632667542, 0.138530477881, 0.157314926386, 0.171125292778, 0.165858596563, 0.137654900551, 0.103204779327, 0.0575853809714, 0.0249670743942, 0.0244993977249, 0.0304229725152, 0.165200442076, 0.328675061464, 0.211864963174, 0.0531172603369, 0.0410171039402, 0.046189840883, 0.0986044332385, 0.268628150225, 0.315767854452, 0.151508376002, 0.0536500811577, 0.0442957803607, 0.0605103783309],
        "var": [0.0596172735095, 0.063017219305, 0.0293622519821, 0.0140605336055, 0.0156032908708, 0.0229618679732, 0.0219695344567, 0.0142363058403, 0.0112865185365, 0.0160587839782, 0.0150033989921, 0.0175645835698, 0.0389704369009, 0.0709815919399, 0.0917286574841, 0.0952766314149, 0.0827567130327, 0.0674860104918, 0.0472515448928, 0.0180435199291, 0.00557165313512, 0.00796206947416, 0.0101456865668, 0.0489758215845, 0.179484024644, 0.0793778821826, 0.0194270927459, 0.0161116626114, 0.018305638805, 0.0348550342023, 0.127657324076, 0.161787927151, 0.0502516180277, 0.0205378923565, 0.0200637020171, 0.027411988005]
    },
    "chords_histogram": [0, 0, 0.412371128798, 0.309278339148, 32.4742279053, 0, 0, 0.206185564399, 0, 47.6288642883, 0, 0, 0, 3.60824751854, 0, 0, 0, 0, 0.721649467945, 14.639175415, 0, 0, 0, 0],
    "thpcp": [1, 0.644603073597, 0.161610260606, 0.124795302749, 0.140533447266, 0.300005823374, 0.817306160927, 0.960729598999, 0.460967063904, 0.163231372833, 0.134770736098, 0.184103950858, 0.30924487114, 0.313025802374, 0.180125847459, 0.101804301143, 0.105891980231, 0.13255789876, 0.133587524295, 0.105328328907, 0.0987971201539, 0.124223463237, 0.143802076578, 0.19087292254, 0.306176751852, 0.42148154974, 0.478633582592, 0.520651876926, 0.504627883434, 0.418817609549, 0.314002454281, 0.175204589963, 0.0759627893567, 0.0745398774743, 0.0925624594092, 0.502625405788],
    "chords_key": "G",
    "chords_scale": "major",
    "key_key": "C",
    "key_scale": "minor"
}
}