{
"lowlevel": {
    "average_loudness": 0.981293797493,
    "barkbands_crest": {
        "mean": 8.13246059418,
        "var": 7.19290113449
    },
    "barkbands_flatness_db": {
        "mean": 0.129981130362,
        "var": 0.000327899964759
    },
    "barkbands_kurtosis": {
        "mean": 0.55772459507,
        "var": 1.59877371788
    },
    "barkbands_skewness": {
        "mean": 1.05174469948,
        "var": 0.196988686919
    },
    "barkbands_spread": {
        "mean": 22.9390277863,
        "var": 21.3505630493
    },
    "dissonance": {
        "mean": 0.467109948397,
        "var": 0.000302981177811
    },
    "dynamic_complexity": 0.679770231247,
    "erbbands_crest": {
        "mean": 8.0593328476,
        "var": 10.8461036682
    },
    "erbbands_flatness_db": {
        "mean": 0.175570592284,
        "var": 0.000300790736219
    },
    "erbbands_kurtosis": {
        "mean": -0.197572857141,
        "var": 0.51573163271
    },
    "erbbands_skewness": {
        "mean": 0.0129941096529,
        "var": 0.150975003839
    },
    "erbbands_spread": {
        "mean": 29.0343170166,
        "var": 37.0938034058
    },
    "hfc": {
        "mean": 32.3633117676,
        "var": 66.885307312
    },
    "melbands_crest": {
        "mean": 13.397767067,
        "var": 16.3607444763
    },
    "melbands_flatness_db": {
        "mean": 0.198814734817,
        "var": 0.000614307122305
    },
    "melbands_kurtosis": {
        "mean": 4.36987400055,
        "var": 9.38225650787
    },
    "melbands_skewness": {
        "mean": 1.90790498257,
        "var": 0.320167928934
    },
    "melbands_spread": {
        "mean": 24.5123958588,
        "var": 68.3012542725
    },
    "pitch_salience": {
        "mean": 0.542124390602,
        "var": 0.00455829920247
    },
    "silence_rate_20dB": {
        "mean": 1,
        "var": 0
    },
    "silence_rate_30dB": {
        "mean": 0.999485313892,
        "var": 0.00051439931849
    },
    "silence_rate_60dB": {
        "mean": 0.00205867225304,
        "var": 0.00205448735505
    },
    "spectral_centroid": {
        "mean": 1330.15429688,
        "var": 196105.203125
    },
    "spectral_complexity": {
        "mean": 28.5753993988,
        "var": 10.87018013
    },
    "spectral_decrease": {
        "mean": -1.43434659705e-008,
        "var": 1.17082262372e-017
    },
    "spectral_energy": {
        "mean": 0.057071056217,
        "var": 0.000175083128852
    },
    "spectral_energyband_high": {
        "mean": 0.000437104754383,
        "var": 2.44172397856e-008
    },
    "spectral_energyband_low": {
        "mean": 0.0250206366181,
        "var": 0.000116029965284
    },
    "spectral_energyband_middle_high": {
        "mean": 0.012297667563,
        "var": 2.49813856499e-005
    },
    "spectral_energyband_middle_low": {
        "mean": 0.0211884249002,
        "var": 6.66904088575e-005
    },
    "spectral_entropy": {
        "mean": 7.47369241714,
        "var": 0.0182509738952
    },
    "spectral_flux": {
        "mean": 0.104175366461,
        "var": 0.000343923486071
    },
    "spectral_kurtosis": {
        "mean": 4.49123048782,
        "var": 2.94905853271
    },
    "spectral_rms": {
        "mean": 0.00740528153256,
        "var": 8.40867244278e-007
    },
    "spectral_rolloff": {
        "mean": 1215.68615723,
        "var": 788334.5625
    },
    "spectral_skewness": {
        "mean": 1.42611098289,
        "var": 0.0476416908205
    },
    "spectral_spread": {
        "mean": 3146043.5,
        "var": 2.35009789133e+012
    },
    "spectral_strongpeak": {
        "mean": 0.689510464668,
        "var": 1.33162844181
    },
    "zerocrossingrate": {
        "mean": 0.0448482446373,
        "var": 0.000506341981236
    },
    "barkbands": {
        "mean": [0.0026360405609, 0.016289267689, 0.00463535450399, 0.00311611196958, 0.00369185372256, 0.00441592000425, 0.00386384665035, 0.00301355146803, 0.00221958640032, 0.00212311022915, 0.00147695560008, 0.00136058020871, 0.0016170834424, 0.00110672111623, 0.00204055383801, 0.000879951578099, 0.00100004952401, 0.000444915989647, 0.000524244562257, 0.000309878669214, 0.000159700794029, 7.48272868805e-005, 4.10565444326e-005, 2.14259198401e-005, 6.82779000272e-006, 1.59456863003e-006, 6.10589765415e-008],
        "var": [3.38425616064e-006, 8.43800444272e-005, 1.04236532934e-005, 5.25694667886e-006, 1.37394727062e-005, 1.76723024197e-005, 1.3895712982e-005, 9.84646612778e-006, 1.1432827705e-005, 7.50197659727e-006, 3.59974433195e-006, 3.52784059032e-006, 4.48847004009e-006, 2.20757442548e-006, 2.45448813985e-006, 5.6481979982e-007, 7.34210004794e-007, 1.30161694756e-007, 1.00121120283e-007, 3.25450066896e-008, 6.26249319069e-009, 1.17085963147e-009, 5.18240728109e-010, 1.89922466642e-010, 4.83358318648e-011, 4.16414732557e-012, 6.12025180698e-015]
    },
    "erbbands": {
        "mean": [0.722424268723, 2.61438369751, 5.46323347092, 8.62338542938, 11.2267198563, 11.8916721344, 16.2111301422, 41.9472808838, 54.857963562, 71.1392364502, 57.6025161743, 62.5166816711, 53.9782447815, 58.0515022278, 68.2190093994, 73.5462265015, 80.8176574707, 68.0156860352, 84.9351119995, 93.7141723633, 47.0012779236, 41.9521560669, 31.3421497345, 28.050825119, 21.6235752106, 17.7396450043, 8.45070171356, 4.7365193367, 2.75521230698, 1.93846023083, 1.15452432632, 0.555210828781, 0.262448787689, 0.109976150095, 0.0349843204021, 0.0119036464021, 0.00233239750378, 0.000250684184721, 3.62932987628e-005, 6.61270169076e-005],
        "var": [0.200473368168, 2.93865466118, 14.2796974182, 27.4415397644, 106.42376709, 215.782333374, 270.556640625, 2065.49951172, 2313.8828125, 6843.63574219, 3542.66796875, 8741.74609375, 5621.24365234, 6000.79736328, 7602.23535156, 8970.93554688, 10774.2099609, 6364.70410156, 7107.44042969, 6890.66308594, 970.079650879, 1096.71179199, 405.363800049, 267.231201172, 187.915588379, 112.362197876, 16.5860939026, 5.64394617081, 1.43019497395, 1.00028467178, 0.416621476412, 0.112690411508, 0.040304671973, 0.010952427052, 0.00149466830771, 0.000221957685426, 7.79424044595e-006, 1.08223993323e-007, 9.91112539261e-011, 2.14433318324e-010]
    },
    "gfcc": {
        "mean": [45.6954612732, 138.868408203, -146.072097778, 42.3337402344, -47.6771087646, 13.5224075317, -25.5287799835, 6.92303085327, -9.07214927673, 4.20862913132, -3.66708612442, -4.61028242111, -5.14247512817],
        "cov": [[3072.62890625, 264.081054688, -333.925354004, 90.7509994507, -143.301132202, 45.8357048035, -100.734397888, 41.7419967651, -43.041343689, 23.1702270508, -27.491815567, -14.2715063095, -24.3889751434], [264.081054688, 174.387588501, -62.0955619812, 9.19580364227, 10.2877674103, -21.6890335083, 37.7740249634, -28.8050136566, 24.6176567078, -16.7073402405, 21.2177848816, -12.0385026932, 11.2016677856], [-333.925354004, -62.0955619812, 138.507873535, -5.14640045166, -7.29014110565, -4.76282405853, -24.804725647, 8.99889469147, -10.3068294525, 10.9116487503, -1.0771831274, 18.5529270172, 9.62925052643], [90.7509994507, 9.19580364227, -5.14640045166, 55.5196609497, 13.9023084641, -3.2616314888, -8.52408218384, -11.8422870636, 5.94814443588, -4.5284576416, 6.74708938599, -3.16177845001, 0.00464644748718], [-143.301132202, 10.2877674103, -7.29014110565, 13.9023084641, 65.1731033325, 8.8743429184, 18.4808101654, -14.9819107056, 6.63993310928, -5.95526361465, -3.05996441841, -2.97359704971, -2.38998293877], [45.8357048035, -21.6890335083, -4.76282405853, -3.2616314888, 8.8743429184, 53.8119659424, 13.3223972321, 6.20589876175, -6.42887306213, -7.47578048706, -6.54430961609, -2.88491129875, 5.21601867676], [-100.734397888, 37.7740249634, -24.804725647, -8.52408218384, 18.4808101654, 13.3223972321, 82.8220367432, 10.0625429153, 19.9229660034, -14.7481803894, -0.158474698663, -8.5151758194, -3.64200091362], [41.7419967651, -28.8050136566, 8.99889469147, -11.8422870636, -14.9819107056, 6.20589876175, 10.0625429153, 59.5029335022, 7.09519815445, 1.41266489029, -11.9259681702, -4.65965652466, 0.922289609909], [-43.041343689, 24.6176567078, -10.3068294525, 5.94814443588, 6.63993310928, -6.42887306213, 19.9229660034, 7.09519815445, 58.1512184143, 7.59067344666, 10.086766243, -5.20579099655, -6.37575674057], [23.1702270508, -16.7073402405, 10.9116487503, -4.5284576416, -5.95526361465, -7.47578048706, -14.7481803894, 1.41266489029, 7.59067344666, 53.7684326172, 15.6182184219, 3.87974286079, -6.9407248497], [-27.491815567, 21.2177848816, -1.0771831274, 6.74708938599, -3.05996441841, -6.54430961609, -0.158474698663, -11.9259681702, 10.086766243, 15.6182184219, 56.5629463196, 15.8967838287, 6.42318153381], [-14.2715063095, -12.0385026932, 18.5529270172, -3.16177845001, -2.97359704971, -2.88491129875, -8.5151758194, -4.65965652466, -5.20579099655, 3.87974286079, 15.8967838287, 46.9914627075, 14.4427585602], [-24.3889751434, 11.2016677856, 9.62925052643, 0.00464644748718, -2.38998293877, 5.21601867676, -3.64200091362, 0.922289609909, -6.37575674057, -6.9407248497, 6.42318153381, 14.4427585602, 49.8046722412]],
        "icov": [[0.00222681625746, -0.00637834379449, 0.00455508101732, -0.00557959359139, 0.00523841846734, -0.00620810966939, 0.00512346066535, -0.00522319227457, 0.00310988817364, -0.00389958242886, 0.00410960800946, -0.00462683476508, 0.00368418265134], [-0.00637834379449, 0.0291556864977, -0.00961286853999, 0.016142392531, -0.0143567612395, 0.0231676213443, -0.0189752839506, 0.0200692862272, -0.0115692690015, 0.0137733658776, -0.0147795081139, 0.0167335923761, -0.0152064086869], [0.00455508101732, -0.00961286853999, 0.0187242086977, -0.0109599390998, 0.0103892032057, -0.0105083370581, 0.0111727062613, -0.0108695430681, 0.00624249177054, -0.00846015661955, 0.00837523210794, -0.0112934904173, 0.00520587386563], [-0.00557959359139, 0.016142392531, -0.0109599390998, 0.0356934145093, -0.0181207861751, 0.0163030028343, -0.00809613335878, 0.0150458887219, -0.010864383541, 0.0136098638177, -0.0139544978738, 0.0143802249804, -0.00955943018198], [0.00523841846734, -0.0143567612395, 0.0103892032057, -0.0181207861751, 0.0322118736804, -0.0173144061118, 0.00666525773704, -0.00591812748462, 0.00550092710182, -0.00972596649081, 0.0127128530294, -0.0113911228254, 0.00875588692725], [-0.00620810966939, 0.0231676213443, -0.0105083370581, 0.0163030028343, -0.0173144061118, 0.0410809218884, -0.019353594631, 0.0145154213533, -0.00637930817902, 0.0128380237147, -0.0121166901663, 0.0156054897234, -0.0150281749666], [0.00512346066535, -0.0189752839506, 0.0111727062613, -0.00809613335878, 0.00666525773704, -0.019353594631, 0.0312051288784, -0.0173255447298, 0.00268639018759, -0.00439533544704, 0.00775046553463, -0.0105424532667, 0.0113557791337], [-0.00522319227457, 0.0200692862272, -0.0108695430681, 0.0150458887219, -0.00591812748462, 0.0145154213533, -0.0173255447298, 0.0361202135682, -0.0122790038586, 0.00844707526267, -0.00567154679447, 0.0134515464306, -0.0122755393386], [0.00310988817364, -0.0115692690015, 0.00624249177054, -0.010864383541, 0.00550092710182, -0.00637930817902, 0.00268639018759, -0.0122790038586, 0.0269749257714, -0.00956062693149, 0.00274931150489, -0.00548759195954, 0.00763255544007], [-0.00389958242886, 0.0137733658776, -0.00846015661955, 0.0136098638177, -0.00972596649081, 0.0128380237147, -0.00439533544704, 0.00844707526267, -0.00956062693149, 0.0314170047641, -0.0153481876478, 0.00934871099889, -0.00323931290768], [0.00410960800946, -0.0147795081139, 0.00837523210794, -0.0139544978738, 0.0127128530294, -0.0121166901663, 0.00775046553463, -0.00567154679447, 0.00274931150489, -0.0153481876478, 0.033124294132, -0.0171041432768, 0.00517046544701], [-0.00462683476508, 0.0167335923761, -0.0112934904173, 0.0143802249804, -0.0113911228254, 0.0156054897234, -0.0105424532667, 0.0134515464306, -0.00548759195954, 0.00934871099889, -0.0171041432768, 0.0383801609278, -0.0153717491776], [0.00368418265134, -0.0152064086869, 0.00520587386563, -0.00955943018198, 0.00875588692725, -0.0150281749666, 0.0113557791337, -0.0122755393386, 0.00763255544007, -0.00323931290768, 0.00517046544701, -0.0153717491776, 0.0316652841866]]
    },
    "melbands": {
        "mean": [0.00531435618177, 0.00306367967278, 0.0015754228225, 0.000838349631522, 0.0005679645692, 0.00093699345598, 0.00083332369104, 0.000747373735067, 0.000447615428129, 0.000364542996977, 0.000260092521785, 0.000232770005823, 0.000213664185139, 0.00018776228535, 0.000184605203685, 0.000132940564072, 0.000128841522383, 0.000126547020045, 0.000108923770313, 0.000111704866868, 4.71292405564e-005, 4.24443278462e-005, 4.14038004237e-005, 2.64315694949e-005, 2.10330308619e-005, 2.02843530133e-005, 9.99845360639e-006, 1.17309527923e-005, 5.18096339874e-006, 3.85218163501e-006, 2.74983199233e-006, 1.55522081968e-006, 1.3063681763e-006, 9.739098914e-007, 7.59640670367e-007, 3.79199889267e-007, 2.99129624182e-007, 1.96708725753e-007, 1.37159062774e-007, 7.85898066624e-008],
        "var": [9.01701514522e-006, 3.73135389964e-006, 8.8025177547e-007, 8.32731245737e-007, 2.98923509945e-007, 9.06705338366e-007, 5.19950219768e-007, 7.07495530605e-007, 2.15700111994e-007, 3.09691387201e-007, 1.38620990242e-007, 1.18902129032e-007, 6.89299284318e-008, 5.26218215668e-008, 4.40227125864e-008, 2.06352641641e-008, 3.3356815976e-008, 1.76613053071e-008, 5.99539484725e-009, 9.36249566763e-009, 1.65858671242e-009, 1.206241107e-009, 1.94138749521e-009, 7.08023861762e-010, 2.40011510666e-010, 2.14208525917e-010, 3.50118753434e-011, 4.90830882882e-011, 8.38525689856e-012, 6.73948223617e-012, 3.78688313346e-012, 5.3760809823e-013, 4.96426576062e-013, 3.39560817615e-013, 2.1861246808e-013, 5.47228041147e-014, 3.44192447981e-014, 2.7573876884e-014, 1.42241429681e-014, 7.0045923204e-015]
    },
    "mfcc": {
        "mean": [-582.095581055, 153.038696289, -25.58710289, 31.2183208466, 1.78716278076, 12.211769104, -0.775417745113, 4.9017701149, 0.535485625267, 9.47703266144, 2.23029279709, 5.53602647781, 5.64282655716],
        "cov": [[808.404418945, 106.491096497, -12.7307920456, 5.07739639282, 8.74145889282, -9.03035354614, -3.90063285828, -3.0748898983, -1.96094048023, 14.7901630402, 11.1564149857, -5.18638801575, -3.9545071125], [106.491096497, 178.866043091, -38.5846405029, 25.1566066742, -24.9017620087, 18.5373764038, 1.57367265224, 3.6718776226, 3.61717176437, 0.54175978899, 0.291768163443, 12.1119699478, 5.58693361282], [-12.7307920456, -38.5846405029, 106.701026917, -11.0896749496, 9.73651695251, -28.7073516846, -7.59233808517, -8.52136325836, -9.69625377655, -6.62808799744, -6.6151676178, -10.3786697388, -2.19092297554], [5.07739639282, 25.1566066742, -11.0896749496, 65.6347885132, 7.46361351013, 8.10818958282, -12.5090723038, -6.70560073853, -6.99385261536, -1.15428984165, 2.78978323936, 7.0339641571, 4.78024864197], [8.74145889282, -24.9017620087, 9.73651695251, 7.46361351013, 58.3258628845, 6.59211683273, -5.78865098953, -10.533867836, -6.21271562576, -6.90760040283, -6.84974718094, -7.60975074768, 0.461428284645], [-9.03035354614, 18.5373764038, -28.7073516846, 8.10818958282, 6.59211683273, 65.482963562, 5.45949268341, 2.86394095421, -5.68884849548, -0.360828757286, -1.99872815609, 2.68643260002, 0.28057923913], [-3.90063285828, 1.57367265224, -7.59233808517, -12.5090723038, -5.78865098953, 5.45949268341, 53.0793304443, 9.89917469025, 5.53248310089, -5.04477405548, -2.92639923096, -6.37662029266, -2.27423191071], [-3.0748898983, 3.6718776226, -8.52136325836, -6.70560073853, -10.533867836, 2.86394095421, 9.89917469025, 63.5311698914, 20.2265415192, 5.48643159866, -6.99843215942, -3.03170847893, -8.2616519928], [-1.96094048023, 3.61717176437, -9.69625377655, -6.99385261536, -6.21271562576, -5.68884849548, 5.53248310089, 20.2265415192, 53.6943359375, 16.5247554779, -0.652776062489, -9.97725868225, -10.1028690338], [14.7901630402, 0.54175978899, -6.62808799744, -1.15428984165, -6.90760040283, -0.360828757286, -5.04477405548, 5.48643159866, 16.5247554779, 48.8606147766, 13.5791692734, -1.62212431431, -8.02869224548], [11.1564149857, 0.291768163443, -6.6151676178, 2.78978323936, -6.84974718094, -1.99872815609, -2.92639923096, -6.99843215942, -0.652776062489, 13.5791692734, 46.5637779236, 17.0871391296, -1.83690464497], [-5.18638801575, 12.1119699478, -10.3786697388, 7.0339641571, -7.60975074768, 2.68643260002, -6.37662029266, -3.03170847893, -9.97725868225, -1.62212431431, 17.0871391296, 54.2059593201, 17.8202171326], [-3.9545071125, 5.58693361282, -2.19092297554, 4.78024864197, 0.461428284645, 0.28057923913, -2.27423191071, -8.2616519928, -10.1028690338, -8.02869224548, -1.83690464497, 17.8202171326, 45.1229133606]],
        "icov": [[0.00141211145092, -0.0010828950908, 5.1408969739e-005, 0.000341994164046, -0.000824564427603, 0.000569691299461, 2.91037158604e-005, -0.000104254766484, 0.000404791528126, -0.00049120298354, -0.000444456905825, 0.000380905956263, 4.60780429421e-005], [-0.0010828950908, 0.00776713248342, 0.00152253592387, -0.00286155869253, 0.00385461188853, -0.00172416632995, -0.000139529089211, 0.000453233136795, -0.00101062876638, 0.000755539920647, 0.00127967493609, -0.00101892522071, -0.000269617332378], [5.1408969739e-005, 0.00152253592387, 0.0121300825849, 0.00132699275855, -0.00122534786351, 0.00491613522172, 0.00133833137807, 0.000449142360594, 0.00256180460565, 0.00054801593069, 0.00113214750309, 0.00154798990116, 0.000501865812112], [0.000341994164046, -0.00286155869253, 0.00132699275855, 0.0180856585503, -0.00328011484817, -0.000683692109305, 0.00388798397034, 0.000444745237473, 0.0015315124765, 4.87479992444e-005, -0.000965214509051, -0.000576124875806, -0.000612266710959], [-0.000824564427603, 0.00385461188853, -0.00122534786351, -0.00328011484817, 0.0214521549642, -0.00381938042119, 0.00171162281185, 0.00295476126485, -0.0005071653286, 0.00239235744812, 0.00221773795784, 0.00219412776642, -0.000294010853395], [0.000569691299461, -0.00172416632995, 0.00491613522172, -0.000683692109305, -0.00381938042119, 0.0190487802029, -0.00195915275253, -0.00131660688203, 0.00377217470668, -0.00141735875513, 0.00117572071031, -0.000338849262334, 0.000929412664846], [2.91037158604e-005, -0.000139529089211, 0.00133833137807, 0.00388798397034, 0.00171162281185, -0.00195915275253, 0.0215360745788, -0.00233346410096, -0.00130717211869, 0.00373356812634, -0.00106693280395, 0.00289420853369, -0.000488994352054], [-0.000104254766484, 0.000453233136795, 0.000449142360594, 0.000444745237473, 0.00295476126485, -0.00131660688203, -0.00233346410096, 0.0195753443986, -0.00649723736569, -0.000517062318977, 0.00424206955358, -0.00227775773965, 0.00287941889837], [0.000404791528126, -0.00101062876638, 0.00256180460565, 0.0015315124765, -0.0005071653286, 0.00377217470668, -0.00130717211869, -0.00649723736569, 0.0256328657269, -0.00758185004815, 0.000583616667427, 0.00346545595676, 0.00189424131531], [-0.00049120298354, 0.000755539920647, 0.00054801593069, 4.87479992444e-005, 0.00239235744812, -0.00141735875513, 0.00373356812634, -0.000517062318977, -0.00758185004815, 0.0265805721283, -0.0078631201759, 0.00195189705119, 0.00190366187599], [-0.000444456905825, 0.00127967493609, 0.00113214750309, -0.000965214509051, 0.00221773795784, 0.00117572071031, -0.00106693280395, 0.00424206955358, 0.000583616667427, -0.0078631201759, 0.0290634185076, -0.0104550160468, 0.00469644321129], [0.000380905956263, -0.00101892522071, 0.00154798990116, -0.000576124875806, 0.00219412776642, -0.000338849262334, 0.00289420853369, -0.00227775773965, 0.00346545595676, 0.00195189705119, -0.0104550160468, 0.0268713068217, -0.0099103525281], [4.60780429421e-005, -0.000269617332378, 0.000501865812112, -0.000612266710959, -0.000294010853395, 0.000929412664846, -0.000488994352054, 0.00287941889837, 0.00189424131531, 0.00190366187599, 0.00469644321129, -0.0099103525281, 0.0276559982449]]
    },
    "spectral_contrast_coeffs": {
        "mean": [-0.704030752182, -0.707478106022, -0.742145895958, -0.728840768337, -0.734220445156, -0.687650203705],
        "var": [0.00301311444491, 0.00363259389997, 0.00246827001683, 0.00156592845451, 0.000897455960512, 0.00102140812669]
    },
    "spectral_contrast_valleys": {
        "mean": [-6.17730236053, -5.9385008812, -6.52469396591, -6.94401264191, -7.26314353943, -10.8100290298],
        "var": [0.875954926014, 0.905767142773, 0.821994364262, 0.768160223961, 0.721348166466, 0.617425501347]
    }
},
"metadata": {
    "audio_properties": {
        "analysis_sample_rate": 44100,
        "bit_rate": 109013,
        "equal_loudness": 0,
        "length": 45.0873451233,
        "lossless": 0,
        "replay_gain": -8.11903762817,
        "sample_rate": 44100,
        "codec": "mp3",
        "downmix": "mix",
        "md5_encoded": "2e02e574094e414117a36a211d34271a"
    },
    "tags": {
        "file_name": "437.mp3"
    },
    "version": {
        "essentia": "2.1-beta2",
        "essentia_git_sha": "v2.1_beta2",
        "extractor": "music 1.0"
    }
},
"rhythm": {
    "beats_count": 116,
    "beats_loudness": {
        "mean": 0.0564613305032,
        "var": 0.000163229531609
    },
    "bpm": 155.737335205,
    "bpm_histogram_first_peak_bpm": {
        "mean": 157,
        "var": 0
    },
    "bpm_histogram_first_peak_spread": {
        "mean": 0.370786517859,
        "var": 0
    },
    "bpm_histogram_first_peak_weight": {
        "mean": 0.486956506968,
        "var": 0
    },
    "bpm_histogram_second_peak_bpm": {
        "mean": 152,
        "var": 0
    },
    "bpm_histogram_second_peak_spread": {
        "mean": 0.315789490938,
        "var": 0
    },
    "bpm_histogram_second_peak_weight": {
        "mean": 0.113043479621,
        "var": 0
    },
    "danceability": 1.35617923737,
    "onset_rate": 0.0221706088632,
    "beats_loudness_band_ratio": {
        "mean": [0.468495637178, 0.130982488394, 0.203088805079, 0.134634166956, 0.0866374745965, 0.0193643458188],
        "var": [0.0151102449745, 0.00653595197946, 0.0108116390184, 0.00763266161084, 0.00174790376332, 7.72042330937e-005]
    },
    "beats_position": [0.417959183455, 0.835918366909, 1.25387752056, 1.67183673382, 2.08979582787, 2.50775504112, 2.91410422325, 3.29723358154, 3.69197273254, 4.08671188354, 4.48145103455, 4.86458063126, 5.24770975113, 5.64244890213, 6.03718805313, 6.420317173, 6.80344676971, 7.18657588959, 7.56970500946, 7.95283412933, 8.32435321808, 8.6958732605, 9.07900238037, 9.45052146912, 9.83365058899, 10.2167797089, 10.5999088287, 10.9830379486, 11.354557991, 11.7260770798, 12.0975961685, 12.4691152573, 12.8522443771, 13.235373497, 13.6068935394, 13.9784126282, 14.3499317169, 14.7214508057, 15.1045799255, 15.4877090454, 15.870839119, 16.2539672852, 16.637096405, 17.0202255249, 17.391746521, 17.7632656097, 18.1347846985, 18.5063037872, 18.877822876, 19.2609519958, 19.6324710846, 20.0156002045, 20.3987293243, 20.7818584442, 21.1882076263, 21.5945568085, 22.0125160217, 22.3956451416, 22.7787742615, 23.1619052887, 23.5450344086, 23.9397735596, 24.3112926483, 24.6828117371, 25.0659408569, 25.4490699768, 25.8321990967, 26.2153282166, 26.5984573364, 26.9815864563, 27.3763256073, 27.7710647583, 28.1541938782, 28.537322998, 28.9088420868, 29.2803630829, 29.6518821716, 30.0350112915, 30.4181404114, 30.8012695313, 31.1843986511, 31.5559177399, 31.9274368286, 32.2989578247, 32.6704750061, 33.053604126, 33.4367332458, 33.8198623657, 34.2262115479, 34.63256073, 35.0389099121, 35.4336509705, 35.8283882141, 36.2231292725, 36.6178665161, 37.0126075745, 37.3841247559, 37.755645752, 38.1271629333, 38.4986839294, 38.8818130493, 39.2649421692, 39.6364631653, 40.0195922852, 40.402721405, 40.7858505249, 41.1573677063, 41.5404968262, 41.9120178223, 42.2951469421, 42.6550559998, 43.0381851196, 43.4213142395, 43.8044433594, 44.1875724792, 44.5707015991]
},
"tonal": {
    "chords_changes_rate": 0.0133744860068,
    "chords_number_rate": 0.00617283955216,
    "chords_strength": {
        "mean": 0.595902621746,
        "var": 0.00912525784224
    },
    "hpcp_entropy": {
        "mean": 2.05063056946,
        "var": 0.339710861444
    },
    "key_strength": 0.775343835354,
    "tuning_diatonic_strength": 0.591296255589,
    "tuning_equal_tempered_deviation": 0.185900047421,
    "tuning_frequency": 434.193115234,
    "tuning_nontempered_energy_ratio": 0.949246764183,
    "hpcp": {
        "mean": [0.220931231976, 0.242757096887, 0.0825052633882, 0.0160999875516, 0.0127271004021, 0.0238256007433, 0.12023037672, 0.161848634481, 0.110341571271, 0.21121917665, 0.232258707285, 0.081272251904, 0.0220208968967, 0.0173795484006, 0.023985940963, 0.161907508969, 0.232998177409, 0.0979199558496, 0.0132491756231, 0.00871655158699, 0.0270905718207, 0.14214964211, 0.177603960037, 0.21221549809, 0.380906283855, 0.282091856003, 0.0662453398108, 0.0420357584953, 0.0510244853795, 0.0998678132892, 0.388589590788, 0.49693647027, 0.226208880544, 0.0562716014683, 0.031506717205, 0.0659095868468],
        "var": [0.0837354212999, 0.0836410075426, 0.0100181307644, 0.0019892139826, 0.00426586158574, 0.00362647417933, 0.0212941467762, 0.0372333563864, 0.0168069191277, 0.0598954893649, 0.0664971470833, 0.0102363228798, 0.00112933991477, 0.00104023644235, 0.00089338584803, 0.0324758216739, 0.0658144429326, 0.0127074969932, 0.000316119374475, 0.00020943954587, 0.00114694715012, 0.0357592441142, 0.054380517453, 0.0378864705563, 0.200043767691, 0.124348938465, 0.00978074222803, 0.00698881456628, 0.011257680133, 0.0168174300343, 0.127000689507, 0.185548946261, 0.0655341893435, 0.0154961040244, 0.00875489041209, 0.016788918525]
    },
    "chords_histogram": [20.7818927765, 14.9176950455, 17.4897117615, 0, 0, 0, 0, 0, 0, 0, 0, 0, 0, 0, 0, 0, 0, 0, 0, 0, 0, 21.6049385071, 5.04115247726, 20.1646099091],
    "thpcp": [1, 0.45520684123, 0.113237015903, 0.0634019002318, 0.132631823421, 0.444586485624, 0.488507300615, 0.166027784348, 0.032398480922, 0.0256111212075, 0.0479449629784, 0.241943150759, 0.325692802668, 0.22204361856, 0.425042629242, 0.467381089926, 0.163546562195, 0.0443133041263, 0.0349733792245, 0.048267621547, 0.325811296701, 0.468869149685, 0.197047233582, 0.026661708951, 0.0175405759364, 0.0545151606202, 0.286051928997, 0.357397705317, 0.427047550678, 0.766508996487, 0.567661821842, 0.13330745697, 0.0845898017287, 0.102678082883, 0.200966969132, 0.781970381737],
    "chords_key": "D",
    "chords_scale": "minor",
    "key_key": "C",
    "key_scale": "major"
}
}