{
"lowlevel": {
    "average_loudness": 0.952446222305,
    "barkbands_crest": {
        "mean": 11.6896390915,
        "var": 14.8528184891
    },
    "barkbands_flatness_db": {
        "mean": 0.208633825183,
        "var": 0.00321358349174
    },
    "barkbands_kurtosis": {
        "mean": 6.43932914734,
        "var": 65.0307540894
    },
    "barkbands_skewness": {
        "mean": 1.69824147224,
        "var": 1.36088585854
    },
    "barkbands_spread": {
        "mean": 10.9277677536,
        "var": 73.7921676636
    },
    "dissonance": {
        "mean": 0.425178587437,
        "var": 0.00252214865759
    },
    "dynamic_complexity": 1.75054562092,
    "erbbands_crest": {
        "mean": 12.2960643768,
        "var": 28.6512470245
    },
    "erbbands_flatness_db": {
        "mean": 0.218082368374,
        "var": 0.00258675403893
    },
    "erbbands_kurtosis": {
        "mean": 2.67288422585,
        "var": 43.1318588257
    },
    "erbbands_skewness": {
        "mean": 0.789336979389,
        "var": 0.933593690395
    },
    "erbbands_spread": {
        "mean": 25.1083011627,
        "var": 213.385375977
    },
    "hfc": {
        "mean": 16.1641464233,
        "var": 203.69128418
    },
    "melbands_crest": {
        "mean": 16.562286377,
        "var": 34.8148651123
    },
    "melbands_flatness_db": {
        "mean": 0.284987181425,
        "var": 0.004242004361
    },
    "melbands_kurtosis": {
        "mean": 10.5307426453,
        "var": 173.441513062
    },
    "melbands_skewness": {
        "mean": 2.15744352341,
        "var": 2.02416992188
    },
    "melbands_spread": {
        "mean": 13.076921463,
        "var": 149.122512817
    },
    "pitch_salience": {
        "mean": 0.482759326696,
        "var": 0.0152243301272
    },
    "silence_rate_20dB": {
        "mean": 1,
        "var": 0
    },
    "silence_rate_30dB": {
        "mean": 0.994335711002,
        "var": 0.00563232740387
    },
    "silence_rate_60dB": {
        "mean": 0.00308959838003,
        "var": 0.00308004394174
    },
    "spectral_centroid": {
        "mean": 747.169494629,
        "var": 357506.96875
    },
    "spectral_complexity": {
        "mean": 12.3908338547,
        "var": 23.1701011658
    },
    "spectral_decrease": {
        "mean": -8.38420533e-009,
        "var": 3.04956047773e-017
    },
    "spectral_energy": {
        "mean": 0.033110037446,
        "var": 0.000466511351988
    },
    "spectral_energyband_high": {
        "mean": 0.000212665792787,
        "var": 2.01091495455e-007
    },
    "spectral_energyband_low": {
        "mean": 0.00793580152094,
        "var": 0.000186118995771
    },
    "spectral_energyband_middle_high": {
        "mean": 0.00387021969073,
        "var": 4.56129382655e-005
    },
    "spectral_energyband_middle_low": {
        "mean": 0.0238464213908,
        "var": 0.000316887395456
    },
    "spectral_entropy": {
        "mean": 6.74126720428,
        "var": 0.299447804689
    },
    "spectral_flux": {
        "mean": 0.0761849880219,
        "var": 0.00229131546803
    },
    "spectral_kurtosis": {
        "mean": 10.1027545929,
        "var": 42.0014877319
    },
    "spectral_rms": {
        "mean": 0.00540061853826,
        "var": 3.13584291689e-006
    },
    "spectral_rolloff": {
        "mean": 843.241394043,
        "var": 1058628.125
    },
    "spectral_skewness": {
        "mean": 2.38646054268,
        "var": 0.534211814404
    },
    "spectral_spread": {
        "mean": 3526143.25,
        "var": 2.88188871475e+012
    },
    "spectral_strongpeak": {
        "mean": 1.24820804596,
        "var": 1.6146479845
    },
    "zerocrossingrate": {
        "mean": 0.033910151571,
        "var": 0.000671991263516
    },
    "barkbands": {
        "mean": [0.000102160331153, 0.00297484267503, 0.00227858498693, 0.00717562623322, 0.0053746108897, 0.00297068199143, 0.00234658853151, 0.00389090762474, 0.00178619520739, 0.000717035902198, 0.000868712319061, 0.000485961791128, 0.00042428940651, 0.000345059350366, 0.000231210244237, 0.000130030239234, 0.000247163523454, 7.40480536479e-005, 0.000371122267097, 0.000125323422253, 3.50338086719e-005, 3.65439045709e-005, 5.82170978305e-005, 2.3781805794e-005, 2.60752422037e-005, 9.91989873e-006, 3.45474944652e-007],
        "var": [5.2005432849e-008, 0.000104630860733, 1.38197319757e-005, 0.000112928821181, 3.99007694796e-005, 1.34294523377e-005, 2.58730979112e-005, 5.70722659177e-005, 1.51073872985e-005, 2.32792317547e-005, 1.17327299449e-005, 1.67107418747e-006, 1.03737329482e-006, 4.45218375944e-007, 6.68686595873e-007, 1.31435399453e-007, 7.5539799127e-007, 3.37079519852e-008, 4.09543827118e-006, 1.66399658497e-007, 6.55093002067e-009, 8.46384473618e-009, 3.67780366162e-008, 3.146577221e-009, 7.62808216592e-009, 1.03153008357e-009, 3.61768557819e-012]
    },
    "erbbands": {
        "mean": [0.07947678864, 0.711779296398, 2.4169049263, 12.8918819427, 27.410692215, 13.8338022232, 18.8916511536, 24.2443885803, 27.6815738678, 45.9147834778, 91.1769866943, 47.6651229858, 25.9795417786, 21.4497928619, 38.5929336548, 18.092590332, 21.8447246552, 18.617565155, 9.96472454071, 15.6718215942, 10.7861881256, 8.52267932892, 4.77135848999, 5.77932834625, 26.3054561615, 5.61747646332, 1.54637038708, 1.55522477627, 1.44033479691, 0.995100021362, 1.62857615948, 0.937536120415, 0.358548372984, 0.343960762024, 0.144551485777, 0.0540256537497, 0.0169082749635, 0.00202313042246, 7.24518758943e-005, 3.97168769268e-005],
        "var": [0.0848188921809, 5.35549879074, 16.0925254822, 325.8621521, 1485.28955078, 577.333740234, 870.333496094, 1024.17272949, 1103.84106445, 10836.8886719, 30077.3886719, 10992.7314453, 27245.6015625, 6228.71972656, 19299.3515625, 1641.7298584, 1845.0723877, 992.933044434, 367.562530518, 4297.77441406, 913.063232422, 691.259765625, 128.073928833, 260.821655273, 21385.7890625, 306.044372559, 16.5064144135, 12.0897932053, 15.8168077469, 5.71681690216, 27.988658905, 9.55434989929, 0.708478212357, 2.00530457497, 0.244370907545, 0.028394991532, 0.00383003451861, 6.95030903444e-005, 6.06317271945e-008, 6.88746282229e-010]
    },
    "gfcc": {
        "mean": [-37.4084739685, 131.253570557, -110.543792725, 10.80768013, -69.9059677124, 1.01163244247, -40.1657104492, 2.54190802574, -23.873550415, 0.217865616083, -12.4693470001, -12.434378624, -16.9995040894],
        "cov": [[4766.63232422, -688.119140625, -125.853263855, 456.705627441, -98.4280319214, 370.893768311, -101.030891418, 230.716918945, -125.833526611, 107.99723053, -123.043304443, 117.9192276, -152.235626221], [-688.119140625, 1039.11132813, -161.225799561, -287.400665283, 111.498207092, -115.248954773, 94.5551605225, -201.86265564, 55.5002174377, -127.14957428, 49.8590545654, -168.932067871, 103.334907532], [-125.853263855, -161.225799561, 506.927947998, 181.099075317, 4.08199214935, 42.947063446, 46.730014801, 169.782516479, 55.2181358337, 39.3010826111, 18.2283649445, 58.0399932861, -89.4813232422], [456.705627441, -287.400665283, 181.099075317, 374.57144165, 27.757900238, 73.0450057983, -19.2741832733, 156.483276367, 80.6382904053, 68.640586853, 47.4952545166, 66.9716339111, -20.1815414429], [-98.4280319214, 111.498207092, 4.08199214935, 27.757900238, 231.238616943, 66.0895614624, 9.36594390869, -29.4153823853, 45.5486221313, 23.6624965668, -19.2858943939, 13.3143587112, 7.10932588577], [370.893768311, -115.248954773, 42.947063446, 73.0450057983, 66.0895614624, 262.472351074, 58.8438186646, 16.8790645599, 9.01306438446, 39.1634674072, -22.8365898132, 60.5927848816, 9.99687576294], [-101.030891418, 94.5551605225, 46.730014801, -19.2741832733, 9.36594390869, 58.8438186646, 194.058700562, 59.4731750488, -26.9754180908, -16.2818450928, 28.066947937, -25.2425670624, 7.76880073547], [230.716918945, -201.86265564, 169.782516479, 156.483276367, -29.4153823853, 16.8790645599, 59.4731750488, 286.349121094, 76.1464538574, 49.5772743225, 69.4935531616, 99.3179168701, 7.12730503082], [-125.833526611, 55.5002174377, 55.2181358337, 80.6382904053, 45.5486221313, 9.01306438446, -26.9754180908, 76.1464538574, 217.452636719, 70.3546829224, 20.4584312439, 101.713592529, 65.5281906128], [107.99723053, -127.14957428, 39.3010826111, 68.640586853, 23.6624965668, 39.1634674072, -16.2818450928, 49.5772743225, 70.3546829224, 182.984649658, 34.8771705627, 59.0770187378, 29.5070075989], [-123.043304443, 49.8590545654, 18.2283649445, 47.4952545166, -19.2858943939, -22.8365898132, 28.066947937, 69.4935531616, 20.4584312439, 34.8771705627, 162.842605591, 24.1996479034, 19.7905502319], [117.9192276, -168.932067871, 58.0399932861, 66.9716339111, 13.3143587112, 60.5927848816, -25.2425670624, 99.3179168701, 101.713592529, 59.0770187378, 24.1996479034, 241.751937866, 56.1929740906], [-152.235626221, 103.334907532, -89.4813232422, -20.1815414429, 7.10932588577, 9.99687576294, 7.76880073547, 7.12730503082, 65.5281906128, 29.5070075989, 19.7905502319, 56.1929740906, 153.802032471]],
        "icov": [[0.000469002290629, -0.000549302436411, 0.000715447415132, -0.000865944894031, 0.000594049924985, -0.000787773635238, 0.000596790574491, -0.000953788869083, 0.000911975337658, -0.000612844654825, 0.000930106209125, -0.000474990840303, 0.000956584117375], [-0.000549302436411, 0.00389358284883, -0.00140306272078, 0.00286547094584, -0.00230255443603, 0.00168457638938, -0.00223102048039, 0.00307700317353, -0.00394243374467, 0.00294122262858, -0.00341825210489, 0.00273676263168, -0.00307757849805], [0.000715447415132, -0.00140306272078, 0.0044367685914, -0.00249338336289, 0.00127583171707, -0.00126752874348, 0.000266378017841, -0.00283042038791, 0.00115392659791, -0.00155455758795, 0.0022533654701, -0.00155736308079, 0.00413172412664], [-0.000865944894031, 0.00286547094584, -0.00249338336289, 0.00728539703414, -0.00245487154461, 0.000343255407643, -2.81991942757e-005, 0.000653510796838, -0.003951812163, 0.00210969615728, -0.00397922005504, 0.00290600326844, -0.00248547410592], [0.000594049924985, -0.00230255443603, 0.00127583171707, -0.00245487154461, 0.00675190892071, -0.00240799342282, 0.000822566624265, -0.000910768285394, 0.00103699939791, -0.00215141056105, 0.00268923793919, -0.00162142352201, 0.00261753238738], [-0.000787773635238, 0.00168457638938, -0.00126752874348, 0.000343255407643, -0.00240799342282, 0.00723144970834, -0.00400874158368, 0.00323567935266, -0.0012445054017, 0.000472389103379, -0.000612436619122, -0.000690337503329, -0.0021395215299], [0.000596790574491, -0.00223102048039, 0.000266378017841, -2.81991942757e-005, 0.000822566624265, -0.00400874158368, 0.00961064826697, -0.00509751494974, 0.00354425236583, -0.000755744811613, 0.000723399745766, 0.000651560199913, 0.000518061395269], [-0.000953788869083, 0.00307700317353, -0.00283042038791, 0.000653510796838, -0.000910768285394, 0.00323567935266, -0.00509751494974, 0.0104734059423, -0.00454236380756, 0.00224212324247, -0.0043370379135, -1.01551922853e-005, -0.00290154246613], [0.000911975337658, -0.00394243374467, 0.00115392659791, -0.003951812163, 0.00103699939791, -0.0012445054017, 0.00354425236583, -0.00454236380756, 0.0121447620913, -0.00448954571038, 0.00422743428499, -0.00445192167535, 0.00053828075761], [-0.000612844654825, 0.00294122262858, -0.00155455758795, 0.00210969615728, -0.00215141056105, 0.000472389103379, -0.000755744811613, 0.00224212324247, -0.00448954571038, 0.0093358727172, -0.00414564181119, 0.00192196771968, -0.00325437518768], [0.000930106209125, -0.00341825210489, 0.0022533654701, -0.00397922005504, 0.00268923793919, -0.000612436619122, 0.000723399745766, -0.0043370379135, 0.00422743428499, -0.00414564181119, 0.0112213650718, -0.00293683563359, 0.00270935660228], [-0.000474990840303, 0.00273676263168, -0.00155736308079, 0.00290600326844, -0.00162142352201, -0.000690337503329, 0.000651560199913, -1.01551922853e-005, -0.00445192167535, 0.00192196771968, -0.00293683563359, 0.00882622227073, -0.00406507728621], [0.000956584117375, -0.00307757849805, 0.00413172412664, -0.00248547410592, 0.00261753238738, -0.0021395215299, 0.000518061395269, -0.00290154246613, 0.00053828075761, -0.00325437518768, 0.00270935660228, -0.00406507728621, 0.0132520841435]]
    },
    "melbands": {
        "mean": [0.000790316727944, 0.00112200190779, 0.00292183924466, 0.00147597212344, 0.000589876144659, 0.00053762155585, 0.000446633843239, 0.000549252144992, 0.000745524128433, 0.000252032506978, 0.000121964032587, 8.05610179668e-005, 0.000133216773975, 6.34335156064e-005, 4.2911095079e-005, 4.16128168581e-005, 3.62123137165e-005, 1.69350532815e-005, 1.76383400685e-005, 1.52200063894e-005, 1.52217426148e-005, 1.12432089736e-005, 4.34795902038e-006, 4.49755816589e-006, 3.25537780554e-006, 1.81474806595e-005, 1.28000001496e-005, 1.98108045879e-006, 9.66607785813e-007, 6.87312365244e-007, 9.79639139587e-007, 9.05060289824e-007, 5.21416041011e-007, 5.46283160929e-007, 7.74986347096e-007, 1.23399877339e-006, 3.40201580684e-007, 2.3012812278e-007, 2.9582625416e-007, 2.7194690233e-007],
        "var": [7.91144975665e-006, 5.38877475265e-006, 1.50405830937e-005, 3.28655801241e-006, 7.16493957498e-007, 4.54622266943e-007, 4.66162305202e-007, 1.41762609474e-006, 1.93904611479e-006, 3.48451521859e-007, 7.08693619345e-007, 1.1080171447e-007, 2.68892819122e-007, 2.88152328665e-008, 1.54513681849e-008, 6.10443873228e-009, 4.56974547092e-009, 1.32757427274e-009, 4.08601863455e-009, 3.76295217208e-009, 2.67212363347e-009, 1.5137583409e-009, 3.03162578374e-010, 1.78465880962e-010, 6.11282482965e-011, 1.06240065634e-008, 3.55304363708e-009, 3.41389590208e-011, 9.86574190398e-012, 2.53827514562e-012, 5.13058606016e-012, 7.3800193387e-012, 1.62246886933e-012, 1.95341724567e-012, 6.4114408227e-012, 3.15261983186e-011, 7.33019547838e-013, 3.29635217776e-013, 1.0766729305e-012, 1.25165622224e-012]
    },
    "mfcc": {
        "mean": [-685.952514648, 164.106658936, 7.69411230087, 11.2330312729, -8.79906368256, -5.82464313507, -6.90049123764, -8.19287014008, -10.5474376678, 2.54996871948, 2.67265439034, -1.28613185883, -1.33118891716],
        "cov": [[2888.22753906, -889.633361816, 91.6605834961, 73.3873214722, 180.964630127, 215.230072021, 130.670593262, 170.505081177, 64.8745346069, 117.389259338, 7.8341588974, -18.2113113403, 56.6657409668], [-889.633361816, 1060.15625, -227.856948853, -123.803421021, -83.2490921021, 6.26427984238, -0.762024581432, -101.688339233, 23.1211338043, -95.7332000732, -27.1587982178, 5.33495092392, -53.2576179504], [91.6605834961, -227.856948853, 458.77154541, 139.401062012, 44.4327659607, -59.8687210083, 27.7716217041, 137.987136841, 24.9872398376, 77.6351623535, 71.9234313965, 66.8634033203, 30.7840957642], [73.3873214722, -123.803421021, 139.401062012, 235.26789856, 86.7219085693, -55.6128044128, -27.6089057922, 52.467590332, 6.27815294266, 77.8050765991, 56.475856781, 29.4230594635, 60.4553222656], [180.964630127, -83.2490921021, 44.4327659607, 86.7219085693, 220.9584198, 71.2457962036, -45.3138084412, 28.755613327, 32.3534660339, 29.3741760254, 42.1765441895, 42.8903427124, 26.5285186768], [215.230072021, 6.26427984238, -59.8687210083, -55.6128044128, 71.2457962036, 282.600860596, -0.986581861973, -18.6942882538, 57.0215873718, -14.2316656113, -20.5766983032, 29.5630683899, -9.41933917999], [130.670593262, -0.762024581432, 27.7716217041, -27.6089057922, -45.3138084412, -0.986581861973, 250.32913208, 33.361579895, -15.0921239853, 35.0784645081, 15.5340242386, -23.553319931, -3.93799829483], [170.505081177, -101.688339233, 137.987136841, 52.467590332, 28.755613327, -18.6942882538, 33.361579895, 242.075454712, 65.9074478149, 5.43288993835, -0.168998122215, 64.3798980713, 57.7040786743], [64.8745346069, 23.1211338043, 24.9872398376, 6.27815294266, 32.3534660339, 57.0215873718, -15.0921239853, 65.9074478149, 171.516189575, 11.6607151031, -4.74960231781, 28.3834838867, 23.4169025421], [117.389259338, -95.7332000732, 77.6351623535, 77.8050765991, 29.3741760254, -14.2316656113, 35.0784645081, 5.43288993835, 11.6607151031, 177.62588501, 59.7764396667, -20.6063022614, 27.5181007385], [7.8341588974, -27.1587982178, 71.9234313965, 56.475856781, 42.1765441895, -20.5766983032, 15.5340242386, -0.168998122215, -4.74960231781, 59.7764396667, 137.146835327, 26.3125247955, 6.26649427414], [-18.2113113403, 5.33495092392, 66.8634033203, 29.4230594635, 42.8903427124, 29.5630683899, -23.553319931, 64.3798980713, 28.3834838867, -20.6063022614, 26.3125247955, 153.729873657, 34.8230552673], [56.6657409668, -53.2576179504, 30.7840957642, 60.4553222656, 26.5285186768, -9.41933917999, -3.93799829483, 57.7040786743, 23.4169025421, 27.5181007385, 6.26649427414, 34.8230552673, 130.174560547]],
        "icov": [[0.000561751483474, 0.000458568829345, 0.000195949949557, -1.0781382116e-005, -0.000242360925768, -0.000365419691661, -0.000291774369543, -0.000305750436382, -6.86690982548e-005, -0.000118475953059, 2.72508514172e-005, 0.00017140241107, 4.16371840402e-005], [0.000458568829345, 0.00154674472287, 0.000651059614029, 9.85345541267e-005, 7.55537766963e-005, -8.13986334833e-005, -0.000387331499951, 0.000137257884489, -0.000564209825825, 0.000276856735582, -0.000186075267266, -0.000312853342621, 0.000275237311143], [0.000195949949557, 0.000651059614029, 0.00371779501438, -0.00135384686291, 0.000265987182502, 0.000269058335107, -0.000343296153005, -0.00157225225121, -0.000167979189428, -0.000719954667147, -0.000819408742245, -0.00104835326783, 0.0010847520316], [-1.0781382116e-005, 9.85345541267e-005, -0.00135384686291, 0.00789283402264, -0.00250405888073, 0.00161429832224, 0.000881638145074, -0.000102527323179, 0.000377693941118, -0.00190403813031, -0.000649745576084, -7.2057118814e-005, -0.00221605133265], [-0.000242360925768, 7.55537766963e-005, 0.000265987182502, -0.00250405888073, 0.00706658000126, -0.00205490691587, 0.00115830521099, -0.000368793553207, -0.000240626977757, 0.000113763620902, -0.00164113775827, -0.000595131423324, 0.000103599915747], [-0.000365419691661, -8.13986334833e-005, 0.000269058335107, 0.00161429832224, -0.00205490691587, 0.00532891787589, -0.000426853628596, 0.00119809887838, -0.00157923833467, -0.000255129038123, 0.00100466178264, -0.00145676149987, 0.000252147088759], [-0.000291774369543, -0.000387331499951, -0.000343296153005, 0.000881638145074, 0.00115830521099, -0.000426853628596, 0.00500115845352, -0.00126277888194, 0.000942246872, -0.00108386692591, -0.00088854925707, 0.000855822640005, -4.21431686846e-005], [-0.000305750436382, 0.000137257884489, -0.00157225225121, -0.000102527323179, -0.000368793553207, 0.00119809887838, -0.00126277888194, 0.00718632433563, -0.00233801174909, 0.000960575533099, 0.0013081029756, -0.00192760617938, -0.00178303814027], [-6.86690982548e-005, -0.000564209825825, -0.000167979189428, 0.000377693941118, -0.000240626977757, -0.00157923833467, 0.000942246872, -0.00233801174909, 0.00764313852414, -0.00107810366899, 0.000307447917294, 1.19380010801e-005, -0.000501956208609], [-0.000118475953059, 0.000276856735582, -0.000719954667147, -0.00190403813031, 0.000113763620902, -0.000255129038123, -0.00108386692591, 0.000960575533099, -0.00107810366899, 0.00868675671518, -0.00292384810746, 0.00228235451505, -0.00139306287747], [2.72508514172e-005, -0.000186075267266, -0.000819408742245, -0.000649745576084, -0.00164113775827, 0.00100466178264, -0.00088854925707, 0.0013081029756, 0.000307447917294, -0.00292384810746, 0.0104051465169, -0.00236277724616, 0.000901896914002], [0.00017140241107, -0.000312853342621, -0.00104835326783, -7.2057118814e-005, -0.000595131423324, -0.00145676149987, 0.000855822640005, -0.00192760617938, 1.19380010801e-005, 0.00228235451505, -0.00236277724616, 0.00953977555037, -0.0019478603499], [4.16371840402e-005, 0.000275237311143, 0.0010847520316, -0.00221605133265, 0.000103599915747, 0.000252147088759, -4.21431686846e-005, -0.00178303814027, -0.000501956208609, -0.00139306287747, 0.000901896914002, -0.0019478603499, 0.0101978052408]]
    },
    "spectral_contrast_coeffs": {
        "mean": [-0.50741481781, -0.687935113907, -0.711843311787, -0.754415273666, -0.781213223934, -0.769232988358],
        "var": [0.0152312051505, 0.00496535608545, 0.00582358893007, 0.00417258078232, 0.00342933111824, 0.00133414636366]
    },
    "spectral_contrast_valleys": {
        "mean": [-8.14204788208, -6.32205533981, -7.8221950531, -8.31588077545, -8.40682697296, -11.1407518387],
        "var": [1.46310281754, 0.880527317524, 0.945209980011, 0.856893241405, 0.850673139095, 1.16652393341]
    }
},
"metadata": {
    "audio_properties": {
        "analysis_sample_rate": 44100,
        "bit_rate": 111517,
        "equal_loudness": 0,
        "length": 45.0612258911,
        "lossless": 0,
        "replay_gain": -7.83526420593,
        "sample_rate": 44100,
        "codec": "mp3",
        "downmix": "mix",
        "md5_encoded": "fb5a63df92d7a636e926d18f1b2eece1"
    },
    "tags": {
        "file_name": "44.mp3"
    },
    "version": {
        "essentia": "2.1-beta2",
        "essentia_git_sha": "v2.1_beta2",
        "extractor": "music 1.0"
    }
},
"rhythm": {
    "beats_count": 74,
    "beats_loudness": {
        "mean": 0.0394115708768,
        "var": 0.000457984686363
    },
    "bpm": 118.26436615,
    "bpm_histogram_first_peak_bpm": {
        "mean": 117,
        "var": 0
    },
    "bpm_histogram_first_peak_spread": {
        "mean": 0.411764681339,
        "var": 0
    },
    "bpm_histogram_first_peak_weight": {
        "mean": 0.273972600698,
        "var": 0
    },
    "bpm_histogram_second_peak_bpm": {
        "mean": 88,
        "var": 0
    },
    "bpm_histogram_second_peak_spread": {
        "mean": 0.333333343267,
        "var": 0
    },
    "bpm_histogram_second_peak_weight": {
        "mean": 0.273972600698,
        "var": 0
    },
    "danceability": 1.21491992474,
    "onset_rate": 5.47896099091,
    "beats_loudness_band_ratio": {
        "mean": [0.375327169895, 0.216833427548, 0.280743896961, 0.108899243176, 0.0517696030438, 0.0264556966722],
        "var": [0.0743810012937, 0.0203847512603, 0.0384065173566, 0.0269442219287, 0.0046120272018, 0.000967793981545]
    },
    "beats_position": [0.708208620548, 1.42802715302, 2.14784574509, 2.86766433716, 3.59909296036, 4.31891155243, 5.02712011337, 5.72371864319, 6.40870714188, 7.0936961174, 7.77868461609, 8.46367359161, 9.14866161346, 9.82204055786, 10.5186395645, 11.1920175552, 11.8770065308, 12.5619955063, 13.2469835281, 13.9319725037, 14.6053514481, 15.2787294388, 15.9637184143, 16.637096405, 17.3220863342, 17.995464325, 18.6688423157, 19.3422222137, 20.0388202667, 20.7470283508, 21.4552383423, 22.1634464264, 22.8716545105, 23.5682544708, 24.2648525238, 24.9382305145, 25.4490699768, 25.9599094391, 26.470746994, 26.9699764252, 27.4808158875, 27.9916553497, 28.5024929047, 29.0017223358, 29.5241718292, 30.0466213226, 30.5806789398, 31.1379585266, 31.6952381134, 32.2292976379, 32.7401351929, 33.2509727478, 33.7618141174, 34.2610435486, 34.7718811035, 35.2827186584, 35.7819480896, 36.2811775208, 36.7920188904, 37.3028564453, 37.8020858765, 38.3013153076, 38.8005447388, 39.3113822937, 39.8222198486, 40.3330612183, 40.8438987732, 41.3431282043, 41.8423576355, 42.3531951904, 42.8640365601, 43.374874115, 43.8741035461, 44.3733329773]
},
"tonal": {
    "chords_changes_rate": 0.0565843619406,
    "chords_number_rate": 0.00925925932825,
    "chords_strength": {
        "mean": 0.492169946432,
        "var": 0.00893294718117
    },
    "hpcp_entropy": {
        "mean": 1.78147244453,
        "var": 0.372653275728
    },
    "key_strength": 0.791477739811,
    "tuning_diatonic_strength": 0.556341409683,
    "tuning_equal_tempered_deviation": 0.21665866673,
    "tuning_frequency": 442.804626465,
    "tuning_nontempered_energy_ratio": 0.907410562038,
    "hpcp": {
        "mean": [0.213072180748, 0.285165607929, 0.150392949581, 0.10972700268, 0.121392443776, 0.0941033437848, 0.102437451482, 0.0873170346022, 0.0630129277706, 0.0691673010588, 0.0999149829149, 0.103496968746, 0.0661370158195, 0.0474400259554, 0.0975557714701, 0.294517040253, 0.406572371721, 0.221168890595, 0.0515907332301, 0.0319269448519, 0.0489581860602, 0.100901864469, 0.116016440094, 0.166712164879, 0.278582185507, 0.244747117162, 0.116710484028, 0.0429785139859, 0.0212951805443, 0.0715187340975, 0.16494525969, 0.158185243607, 0.0905627086759, 0.0478468500078, 0.0268166512251, 0.0590452179313],
        "var": [0.0750960633159, 0.122274927795, 0.0412596017122, 0.062121078372, 0.0771472677588, 0.0318158455193, 0.0368434265256, 0.0368828251958, 0.0297248158604, 0.025490546599, 0.0281952302903, 0.033385001123, 0.0213810000569, 0.0170815158635, 0.037562943995, 0.0874693542719, 0.145905986428, 0.0662605836987, 0.0160878784955, 0.0114322099835, 0.0194078888744, 0.0400795899332, 0.0400782227516, 0.048324406147, 0.138797387481, 0.0861470326781, 0.0374566167593, 0.0121852029115, 0.00418556760997, 0.0226578023285, 0.0892096683383, 0.0616112686694, 0.0230199322104, 0.00925553496927, 0.0095389271155, 0.0160617679358]
    },
    "chords_histogram": [44.9588470459, 1.54320991039, 4.21810722351, 0, 1.54320991039, 5.76131677628, 0, 11.3168725967, 0, 2.46913576126, 0, 0, 0, 0, 0, 0, 0, 0, 0.205761313438, 0, 0, 0.102880656719, 8.64197540283, 19.2386837006],
    "thpcp": [1, 0.543984055519, 0.126891881227, 0.0785270854831, 0.120416902006, 0.248176887631, 0.285352498293, 0.410043030977, 0.68519705534, 0.601976752281, 0.287059545517, 0.105709381402, 0.0523773431778, 0.175906524062, 0.40569716692, 0.38907033205, 0.222746834159, 0.1176834777, 0.0659578815103, 0.145226836205, 0.524069488049, 0.701389551163, 0.369904488325, 0.269883066416, 0.298575252295, 0.23145532608, 0.251953780651, 0.214763820171, 0.154985755682, 0.170122981071, 0.245749562979, 0.254559755325, 0.162669718266, 0.116682857275, 0.239946871996, 0.724390208721],
    "chords_key": "D",
    "chords_scale": "minor",
    "key_key": "D",
    "key_scale": "minor"
}
}