{
"lowlevel": {
    "average_loudness": 0.529006958008,
    "barkbands_crest": {
        "mean": 13.688668251,
        "var": 33.5580253601
    },
    "barkbands_flatness_db": {
        "mean": 0.257058590651,
        "var": 0.00593745755032
    },
    "barkbands_kurtosis": {
        "mean": 19.9373893738,
        "var": 3813.05493164
    },
    "barkbands_skewness": {
        "mean": 2.274132967,
        "var": 11.9322223663
    },
    "barkbands_spread": {
        "mean": 13.8568716049,
        "var": 73.8078842163
    },
    "dissonance": {
        "mean": 0.46979573369,
        "var": 0.000482618983369
    },
    "dynamic_complexity": 3.59018516541,
    "erbbands_crest": {
        "mean": 12.2964754105,
        "var": 37.8190383911
    },
    "erbbands_flatness_db": {
        "mean": 0.245177000761,
        "var": 0.00337154907174
    },
    "erbbands_kurtosis": {
        "mean": 4.62249708176,
        "var": 108.904632568
    },
    "erbbands_skewness": {
        "mean": -0.890987932682,
        "var": 1.64445590973
    },
    "erbbands_spread": {
        "mean": 26.0639972687,
        "var": 225.579483032
    },
    "hfc": {
        "mean": 19.7385826111,
        "var": 845.089111328
    },
    "melbands_crest": {
        "mean": 19.7301025391,
        "var": 60.4214782715
    },
    "melbands_flatness_db": {
        "mean": 0.346564501524,
        "var": 0.00899670366198
    },
    "melbands_kurtosis": {
        "mean": 31.8184661865,
        "var": 3890.64892578
    },
    "melbands_skewness": {
        "mean": 3.51589989662,
        "var": 11.8359413147
    },
    "melbands_spread": {
        "mean": 16.6330757141,
        "var": 216.964797974
    },
    "pitch_salience": {
        "mean": 0.412660598755,
        "var": 0.0279449224472
    },
    "silence_rate_20dB": {
        "mean": 0.963954687119,
        "var": 0.0347461923957
    },
    "silence_rate_30dB": {
        "mean": 0.759526252747,
        "var": 0.182645320892
    },
    "silence_rate_60dB": {
        "mean": 0.00205973233096,
        "var": 0.00205553858541
    },
    "spectral_centroid": {
        "mean": 966.196289063,
        "var": 316963.8125
    },
    "spectral_complexity": {
        "mean": 14.5566425323,
        "var": 21.1943454742
    },
    "spectral_decrease": {
        "mean": -1.77003709467e-008,
        "var": 7.67948445584e-016
    },
    "spectral_energy": {
        "mean": 0.0685955584049,
        "var": 0.0111287645996
    },
    "spectral_energyband_high": {
        "mean": 3.34719370585e-005,
        "var": 4.3569565733e-009
    },
    "spectral_energyband_low": {
        "mean": 0.0545483604074,
        "var": 0.0109820691869
    },
    "spectral_energyband_middle_high": {
        "mean": 0.00995525531471,
        "var": 0.000368931941921
    },
    "spectral_energyband_middle_low": {
        "mean": 0.00466066179797,
        "var": 2.45639384957e-005
    },
    "spectral_entropy": {
        "mean": 6.8535194397,
        "var": 0.0969790741801
    },
    "spectral_flux": {
        "mean": 0.088888771832,
        "var": 0.00881397072226
    },
    "spectral_kurtosis": {
        "mean": 14.2097024918,
        "var": 78.9993515015
    },
    "spectral_rms": {
        "mean": 0.00671005249023,
        "var": 2.18976474571e-005
    },
    "spectral_rolloff": {
        "mean": 817.243469238,
        "var": 983237.1875
    },
    "spectral_skewness": {
        "mean": 2.37833237648,
        "var": 0.520614147186
    },
    "spectral_spread": {
        "mean": 2200809,
        "var": 2.54247226573e+012
    },
    "spectral_strongpeak": {
        "mean": 1.51909065247,
        "var": 9.01777839661
    },
    "zerocrossingrate": {
        "mean": 0.0304657835513,
        "var": 0.000792169535998
    },
    "barkbands": {
        "mean": [0.00286582461558, 0.0464146845043, 0.00477452296764, 0.00133866199758, 0.00127935817, 0.0010238646064, 0.000417204049882, 0.0002012050536, 0.000209946723771, 0.000400222488679, 0.000247266347287, 0.000643611710984, 0.00334193650633, 0.00443156063557, 0.00049908447545, 0.000230533842114, 0.00016104921815, 1.90989412658e-005, 4.65503617306e-005, 2.86553549813e-005, 1.41297823575e-005, 4.29326019002e-006, 1.05237836578e-006, 5.99026691361e-007, 4.27272539127e-007, 3.04955051433e-007, 3.251757974e-008],
        "var": [4.86032004119e-005, 0.00928322877735, 0.000158994007506, 7.33891829441e-006, 1.92876723304e-006, 3.58320630767e-006, 3.78811904511e-007, 1.28028887048e-007, 2.26801205372e-007, 1.18180025765e-006, 1.19092696593e-007, 1.06812717604e-006, 4.96713983011e-005, 0.000136515503982, 7.10854635599e-007, 1.43513787521e-007, 7.989028461e-008, 1.07776354508e-009, 5.15280706992e-009, 1.23272181352e-009, 1.88452031757e-009, 8.8104697149e-011, 3.68237688605e-012, 1.37561208084e-012, 1.22770272681e-012, 8.69014875251e-013, 2.49697831856e-013]
    },
    "erbbands": {
        "mean": [1.70880711079, 8.77212142944, 7.94988441467, 4.44231939316, 5.51940059662, 3.32754826546, 4.50029087067, 9.63140678406, 7.08780097961, 5.28778505325, 4.38959884644, 4.43855524063, 13.107583046, 9.08610534668, 11.8183345795, 37.7959365845, 135.243728638, 289.344085693, 38.2343292236, 23.8867359161, 15.1810073853, 7.41652727127, 1.46250557899, 1.12006640434, 3.03863549232, 1.50176334381, 0.889427185059, 0.348001778126, 0.132757037878, 0.0495284684002, 0.032610706985, 0.014914309606, 0.00884903687984, 0.00498533062637, 0.00310700200498, 0.00156151398551, 0.000485044787638, 0.000108843130874, 3.64578518202e-005, 7.61234259699e-005],
        "var": [11.93679142, 404.518341064, 353.051544189, 117.217124939, 48.926235199, 19.120677948, 36.4855613708, 441.829681396, 128.881622314, 64.8263549805, 55.7560653687, 74.8481445313, 1353.58288574, 231.648895264, 199.233062744, 3349.74169922, 80583.6953125, 534409.4375, 5213.49365234, 1985.4263916, 573.473022461, 109.636199951, 3.32762384415, 1.95328819752, 23.7973670959, 3.0337369442, 6.8874502182, 0.495104789734, 0.0550501868129, 0.00815875269473, 0.00330851902254, 0.000802108086646, 0.000307843787596, 0.000139857002068, 7.11678221705e-005, 1.79653798114e-005, 2.64128652816e-006, 3.52874621967e-007, 1.14558549313e-008, 1.30754154171e-008]
    },
    "gfcc": {
        "mean": [-75.9511642456, 165.588195801, -134.011947632, 24.1725177765, -8.7392578125, 18.3587150574, -17.7798156738, -10.3562040329, -14.9262723923, 12.5195426941, -0.504260778427, -11.1498718262, -0.408990293741],
        "cov": [[3411.62573242, 189.135116577, -491.277404785, -45.0520553589, 70.3137588501, 181.448638916, -92.2222747803, -75.9976959229, -0.591171979904, 102.899795532, -48.627281189, -33.2216148376, -49.0507202148], [189.135116577, 585.487243652, 12.3358421326, 14.6281862259, -114.075012207, -251.640563965, -129.44090271, 4.1943602562, -10.5386800766, -174.593093872, -59.7107849121, -63.6085586548, -26.1739730835], [-491.277404785, 12.3358421326, 790.362854004, 78.5603637695, 148.656616211, 104.680046082, 233.350204468, 212.536895752, 27.1100921631, -13.0931854248, 17.8355083466, 47.3086280823, 43.5075950623], [-45.0520553589, 14.6281862259, 78.5603637695, 314.026947021, -93.0790939331, -135.575744629, -22.7616195679, 2.50303435326, -27.2080078125, -92.6518096924, -11.0681886673, -29.8252258301, -45.4590454102], [70.3137588501, -114.075012207, 148.656616211, -93.0790939331, 354.903045654, 291.838745117, 211.101760864, 11.7982759476, 61.2326049805, 114.405128479, 72.8693847656, -3.5207297802, 64.525100708], [181.448638916, -251.640563965, 104.680046082, -135.575744629, 291.838745117, 404.722290039, 239.33934021, 19.4054584503, 64.9633560181, 163.22076416, 92.4506530762, 27.3321685791, 87.2213973999], [-92.2222747803, -129.44090271, 233.350204468, -22.7616195679, 211.101760864, 239.33934021, 316.504516602, 132.23500061, 95.0607528687, 118.532058716, 87.2301940918, 22.8756427765, 81.069480896], [-75.9976959229, 4.1943602562, 212.536895752, 2.50303435326, 11.7982759476, 19.4054584503, 132.23500061, 255.048950195, 77.5015640259, 14.2740325928, 2.10353708267, 50.7318992615, 26.6995601654], [-0.591171979904, -10.5386800766, 27.1100921631, -27.2080078125, 61.2326049805, 64.9633560181, 95.0607528687, 77.5015640259, 124.726631165, 49.7286300659, 30.703458786, 18.7325725555, 41.7567939758], [102.899795532, -174.593093872, -13.0931854248, -92.6518096924, 114.405128479, 163.22076416, 118.532058716, 14.2740325928, 49.7286300659, 185.545532227, 72.9912414551, 24.7368068695, 45.1758117676], [-48.627281189, -59.7107849121, 17.8355083466, -11.0681886673, 72.8693847656, 92.4506530762, 87.2301940918, 2.10353708267, 30.703458786, 72.9912414551, 115.616157532, 28.2482318878, 42.7883224487], [-33.2216148376, -63.6085586548, 47.3086280823, -29.8252258301, -3.5207297802, 27.3321685791, 22.8756427765, 50.7318992615, 18.7325725555, 24.7368068695, 28.2482318878, 92.3983306885, 35.388923645], [-49.0507202148, -26.1739730835, 43.5075950623, -45.4590454102, 64.525100708, 87.2213973999, 81.069480896, 26.6995601654, 41.7567939758, 45.1758117676, 42.7883224487, 35.388923645, 96.028793335]],
        "icov": [[0.000545852526557, -0.00097749568522, 0.000535774801392, -0.000856642029248, 6.46854678052e-005, -0.00149931607302, 0.000514021550771, -0.000369411282009, 0.000340220867656, -0.00113401934505, 0.000928472727537, -0.000790499267168, 0.000614380522165], [-0.00097749568522, 0.00571078341454, -0.0014056180371, 0.0034507275559, -0.001066639903, 0.00585585087538, -0.000676626281347, 0.000324172840919, -0.00173573719803, 0.00531581602991, -0.00344611471519, 0.00465381285176, -0.00271887797862], [0.000535774801392, -0.0014056180371, 0.0029033080209, -0.00162054016255, -0.000919449492358, -0.00149757717736, -0.00101592403371, -0.00174694310408, 0.00193401437718, -0.000577059690841, 0.0016116485931, -0.00213738833554, 0.000629475747701], [-0.000856642029248, 0.0034507275559, -0.00162054016255, 0.00721694435924, 0.000398562173359, 0.00542567670345, -0.00286270910874, 0.00138642953243, -0.0011477896478, 0.00533599033952, -0.00401947973296, 0.00364622497, -7.48568782001e-005], [6.46854678052e-005, -0.001066639903, -0.000919449492358, 0.000398562173359, 0.00878700707108, -0.0054525253363, -0.00199013552628, 0.00187188235577, -0.0012119502062, -0.000414230220485, -0.000110682092782, 0.00137789396103, 0.000818766944576], [-0.00149931607302, 0.00585585087538, -0.00149757717736, 0.00542567670345, -0.0054525253363, 0.0162123236805, -0.00555767770857, 0.00245677842759, -0.000762539741118, 0.00355864828452, -0.00356709258631, 0.00276110647246, -0.00374626694247], [0.000514021550771, -0.000676626281347, -0.00101592403371, -0.00286270910874, -0.00199013552628, -0.00555767770857, 0.0143883004785, -0.00558179896325, -0.00167579285335, -0.00340170273557, -0.00250678998418, 0.00350234657526, -0.00287125748582], [-0.000369411282009, 0.000324172840919, -0.00174694310408, 0.00138642953243, 0.00187188235577, 0.00245677842759, -0.00558179896325, 0.00963555090129, -0.0041197896935, 0.00096275069518, 0.00209904019721, -0.00385250290856, 0.00171443622094], [0.000340220867656, -0.00173573719803, 0.00193401437718, -0.0011477896478, -0.0012119502062, -0.000762539741118, -0.00167579285335, -0.0041197896935, 0.0138874715194, -0.00275129801594, 0.000708809588104, -0.00097099802224, -0.00235421024263], [-0.00113401934505, 0.00531581602991, -0.000577059690841, 0.00533599033952, -0.000414230220485, 0.00355864828452, -0.00340170273557, 0.00096275069518, -0.00275129801594, 0.0162299461663, -0.00704806670547, 0.00335191958584, -0.00122637406457], [0.000928472727537, -0.00344611471519, 0.0016116485931, -0.00401947973296, -0.000110682092782, -0.00356709258631, -0.00250678998418, 0.00209904019721, 0.000708809588104, -0.00704806670547, 0.0175653267652, -0.00709440279752, -0.000455807865364], [-0.000790499267168, 0.00465381285176, -0.00213738833554, 0.00364622497, 0.00137789396103, 0.00276110647246, 0.00350234657526, -0.00385250290856, -0.00097099802224, 0.00335191958584, -0.00709440279752, 0.0208085905761, -0.00742219900712], [0.000614380522165, -0.00271887797862, 0.000629475747701, -7.48568782001e-005, 0.000818766944576, -0.00374626694247, -0.00287125748582, 0.00171443622094, -0.00235421024263, -0.00122637406457, -0.000455807865364, -0.00742219900712, 0.0190044660121]]
    },
    "melbands": {
        "mean": [0.0140774343163, 0.00682163564488, 0.000861011329107, 0.000309910654323, 0.000152674416313, 0.000208750963793, 0.000105572580651, 5.31713048986e-005, 3.27879206452e-005, 3.00386327581e-005, 6.66051055305e-005, 3.62740574928e-005, 3.87120708183e-005, 6.82781246724e-005, 0.000150239342474, 0.000494352774695, 0.000495102780405, 4.97374021506e-005, 2.91041505989e-005, 2.33697501244e-005, 1.73422740772e-005, 9.5574559964e-006, 1.74786805474e-006, 1.04626224129e-006, 6.79092920564e-007, 2.44531497628e-006, 1.33747232667e-006, 9.16211945423e-007, 6.48366210498e-007, 3.13830497589e-007, 1.69806682493e-007, 8.40201010988e-008, 5.08691613277e-008, 1.78693770891e-008, 1.96029805721e-008, 1.1294196689e-008, 8.86443629611e-009, 6.50875309205e-009, 4.94561769315e-009, 3.89048393501e-009],
        "var": [0.000825392315164, 0.000225206968025, 3.05158755509e-006, 1.25989814137e-007, 3.48634152658e-008, 1.85778219475e-007, 2.68203148579e-008, 6.85842937997e-009, 3.03110114785e-009, 4.59768134675e-009, 3.51952209598e-008, 4.34561320262e-009, 2.90249890789e-009, 1.19356480255e-008, 9.4642409465e-008, 1.30224657369e-006, 1.551465175e-006, 1.15365086373e-008, 2.0224875108e-009, 1.79048709192e-009, 8.22814427703e-010, 2.49433029786e-010, 7.41724910658e-012, 4.2393827164e-012, 1.2748311521e-012, 1.52270401149e-011, 2.88321601837e-012, 1.72287759146e-012, 4.05639324214e-012, 6.98260405659e-013, 1.26526000506e-013, 3.00352902543e-014, 1.91007267918e-014, 1.92616456876e-015, 1.40816432272e-015, 3.69797379414e-016, 4.00184765807e-016, 1.69455465899e-016, 1.18313323844e-016, 9.86191460763e-017]
    },
    "mfcc": {
        "mean": [-719.776489258, 199.427658081, -37.6919212341, 25.7015857697, 19.11652565, 34.9654159546, 17.7556495667, -10.1346282959, 1.93886530399, 11.3128833771, 0.223613902926, 7.8878827095, 6.96981191635],
        "cov": [[1595.63012695, 13.0489177704, -421.767364502, -119.358703613, 16.6682109833, 116.670585632, -137.208847046, -127.10749054, -34.9850273132, -54.87449646, 6.60752534866, 83.6501617432, -46.326259613], [13.0489177704, 553.283447266, 74.7628326416, 15.1151723862, 44.0407485962, -134.026306152, -50.0084648132, 39.507900238, 23.1422920227, -29.2864131927, 4.63303899765, -39.3036575317, -49.7145957947], [-421.767364502, 74.7628326416, 492.81072998, 192.475082397, 21.0242671967, -113.57900238, 72.3645782471, 152.355392456, 46.5409927368, 35.4011726379, 4.55858421326, -63.9844589233, 3.99053859711], [-119.358703613, 15.1151723862, 192.475082397, 368.770690918, -27.3475837708, -189.493469238, -82.1142044067, 40.8987312317, -49.2010269165, -41.6955909729, 5.81823205948, -90.2502593994, -47.5758361816], [16.6682109833, 44.0407485962, 21.0242671967, -27.3475837708, 124.538597107, 88.6811981201, 58.1531143188, 30.1969928741, 27.192899704, 14.5599822998, -3.71901893616, 26.5364170074, 11.2214097977], [116.670585632, -134.026306152, -113.57900238, -189.493469238, 88.6811981201, 396.034667969, 209.414642334, -47.9993133545, 43.9709587097, 85.9492874146, 15.6302556992, 77.2757339478, 68.8584747314], [-137.208847046, -50.0084648132, 72.3645782471, -82.1142044067, 58.1531143188, 209.414642334, 280.289733887, 62.1664123535, 90.0173721313, 129.499267578, 35.7212562561, 47.7323188782, 86.1542282104], [-127.10749054, 39.507900238, 152.355392456, 40.8987312317, 30.1969928741, -47.9993133545, 62.1664123535, 171.833633423, 91.751373291, 37.1440887451, 28.7052459717, 9.26252841949, 17.5324077606], [-34.9850273132, 23.1422920227, 46.5409927368, -49.2010269165, 27.192899704, 43.9709587097, 90.0173721313, 91.751373291, 189.222869873, 71.6257095337, 62.0999603271, 48.5806388855, 21.8655033112], [-54.87449646, -29.2864131927, 35.4011726379, -41.6955909729, 14.5599822998, 85.9492874146, 129.499267578, 37.1440887451, 71.6257095337, 136.337402344, 45.2977256775, 26.2828197479, 55.1244735718], [6.60752534866, 4.63303899765, 4.55858421326, 5.81823205948, -3.71901893616, 15.6302556992, 35.7212562561, 28.7052459717, 62.0999603271, 45.2977256775, 125.023735046, 28.3256587982, -3.35520744324], [83.6501617432, -39.3036575317, -63.9844589233, -90.2502593994, 26.5364170074, 77.2757339478, 47.7323188782, 9.26252841949, 48.5806388855, 26.2828197479, 28.3256587982, 117.547561646, 36.4776725769], [-46.326259613, -49.7145957947, 3.99053859711, -47.5758361816, 11.2214097977, 68.8584747314, 86.1542282104, 17.5324077606, 21.8655033112, 55.1244735718, -3.35520744324, 36.4776725769, 107.61026001]],
        "icov": [[0.000903089239728, -0.000193454849068, 0.000688692438416, -0.000288257579086, 9.35297703109e-006, -0.000595361751039, 0.000750754261389, -0.000230146644753, 1.05254330265e-005, -0.000261296459939, 6.97622017469e-005, -0.000496184860822, 0.00026493211044], [-0.000193454849068, 0.00246545160189, -0.000318445381708, 0.000854052253999, -0.00190120260231, 0.00175318203401, -0.00064624712104, 0.000549062562641, -0.000420737895183, 0.000326473935274, -0.000445496698376, 0.000987357925624, 0.000519140681718], [0.000688692438416, -0.000318445381708, 0.0045620072633, -0.00174912076909, -0.000402275793022, 0.000440032628831, -0.00124485045671, -0.0025237952359, 2.90702610073e-005, -0.000419012707425, 0.000708814768586, 0.000863273104187, 0.000313298398396], [-0.000288257579086, 0.000854052253999, -0.00174912076909, 0.0052502239123, -0.00113647640683, 0.00215215864591, -0.000264299596893, 0.00024870922789, 0.00104309036396, 0.000556939747185, -0.00171118543949, 0.00227955239825, 0.000245649483986], [9.35297703109e-006, -0.00190120260231, -0.000402275793022, -0.00113647640683, 0.0128532694653, -0.00485885934904, 0.00062831788091, -0.00335322297178, 0.000287895061774, 0.000663338927552, 0.0019156250637, -0.0024539148435, 0.000943508173805], [-0.000595361751039, 0.00175318203401, 0.000440032628831, 0.00215215864591, -0.00485885934904, 0.0093977516517, -0.00665612658486, 0.00428656022996, -0.00043115625158, 0.000740067625884, -0.000667541753501, 0.00029732400435, 0.000199487898499], [0.000750754261389, -0.00064624712104, -0.00124485045671, -0.000264299596893, 0.00062831788091, -0.00665612658486, 0.0133732557297, -0.00321925547905, -0.000254352256889, -0.00599882705137, 9.83086429187e-005, -0.000278189429082, -0.00281269405968], [-0.000230146644753, 0.000549062562641, -0.0025237952359, 0.00024870922789, -0.00335322297178, 0.00428656022996, -0.00321925547905, 0.0132126174867, -0.00479939533398, 0.00112437910866, -0.000638275349047, -0.000404986203648, -0.00109380285721], [1.05254330265e-005, -0.000420737895183, 2.90702610073e-005, 0.00104309036396, 0.000287895061774, -0.00043115625158, -0.000254352256889, -0.00479939533398, 0.0103391893208, -0.002814874053, -0.00238166446798, -0.00216783746146, 0.00150339643005], [-0.000261296459939, 0.000326473935274, -0.000419012707425, 0.000556939747185, 0.000663338927552, 0.000740067625884, -0.00599882705137, 0.00112437910866, -0.002814874053, 0.0165244918317, -0.00376221071929, 0.00190918170847, -0.00428043259308], [6.97622017469e-005, -0.000445496698376, 0.000708814768586, -0.00171118543949, 0.0019156250637, -0.000667541753501, 9.83086429187e-005, -0.000638275349047, -0.00238166446798, -0.00376221071929, 0.01164517086, -0.00305352685973, 0.00310341129079], [-0.000496184860822, 0.000987357925624, 0.000863273104187, 0.00227955239825, -0.0024539148435, 0.00029732400435, -0.000278189429082, -0.000404986203648, -0.00216783746146, 0.00190918170847, -0.00305352685973, 0.0143350306898, -0.00391931459308], [0.00026493211044, 0.000519140681718, 0.000313298398396, 0.000245649483986, 0.000943508173805, 0.000199487898499, -0.00281269405968, -0.00109380285721, 0.00150339643005, -0.00428043259308, 0.00310341129079, -0.00391931459308, 0.0152602698654]]
    },
    "spectral_contrast_coeffs": {
        "mean": [-0.641723573208, -0.739051759243, -0.772705852985, -0.731025874615, -0.753979682922, -0.742952167988],
        "var": [0.00616597989574, 0.00303193740547, 0.00229622796178, 0.00406790524721, 0.00201393710449, 0.00143442407716]
    },
    "spectral_contrast_valleys": {
        "mean": [-7.26066255569, -7.22648382187, -7.53567886353, -7.58052301407, -8.85542964935, -12.5037984848],
        "var": [1.09128534794, 1.05584192276, 0.947768986225, 1.03682744503, 0.809166312218, 0.596625208855]
    }
},
"metadata": {
    "audio_properties": {
        "analysis_sample_rate": 44100,
        "bit_rate": 107600,
        "equal_loudness": 0,
        "length": 45.0612258911,
        "lossless": 0,
        "replay_gain": -8.16655921936,
        "sample_rate": 44100,
        "codec": "mp3",
        "downmix": "mix",
        "md5_encoded": "77964db58c19d43ebf02f8e065437fec"
    },
    "tags": {
        "file_name": "442.mp3"
    },
    "version": {
        "essentia": "2.1-beta2",
        "essentia_git_sha": "v2.1_beta2",
        "extractor": "music 1.0"
    }
},
"rhythm": {
    "beats_count": 92,
    "beats_loudness": {
        "mean": 0.105312086642,
        "var": 0.0191342234612
    },
    "bpm": 123.177307129,
    "bpm_histogram_first_peak_bpm": {
        "mean": 123,
        "var": 0
    },
    "bpm_histogram_first_peak_spread": {
        "mean": 0.49180328846,
        "var": 0
    },
    "bpm_histogram_first_peak_weight": {
        "mean": 0.340659350157,
        "var": 0
    },
    "bpm_histogram_second_peak_bpm": {
        "mean": 136,
        "var": 0
    },
    "bpm_histogram_second_peak_spread": {
        "mean": 0.235294103622,
        "var": 0
    },
    "bpm_histogram_second_peak_weight": {
        "mean": 0.142857149243,
        "var": 0
    },
    "danceability": 1.16403186321,
    "onset_rate": 1.95201838017,
    "beats_loudness_band_ratio": {
        "mean": [0.680275022984, 0.0949973016977, 0.0389971770346, 0.16952547431, 0.0393368452787, 0.00507568148896],
        "var": [0.0775792971253, 0.00859388150275, 0.00162313657347, 0.0561762154102, 0.00180095585529, 6.52712478768e-005]
    },
    "beats_position": [0.49922901392, 0.99845802784, 1.49768710136, 1.99691605568, 2.49614500999, 2.97215414047, 3.45977306366, 3.93578219414, 4.42340135574, 4.91102027893, 5.39863920212, 5.88625860214, 6.3622674942, 6.84988641739, 7.33750534058, 7.8251247406, 8.32435321808, 8.82358264923, 9.33442115784, 9.84526062012, 10.3444900513, 10.8437185287, 11.3429479599, 11.8421764374, 12.3414058685, 12.840634346, 13.3398637772, 13.8158731461, 14.3034915924, 14.7911109924, 15.2787294388, 15.7779588699, 16.3468475342, 16.904127121, 17.4614048004, 18.0186843872, 18.575963974, 19.1332416534, 19.6092510223, 20.0852603912, 20.549659729, 20.9908390045, 21.4436283112, 21.8964176178, 22.3375968933, 22.7787742615, 23.219953537, 23.6611328125, 24.102312088, 24.5434913635, 24.984670639, 25.4258499146, 25.8670291901, 26.3082084656, 26.7493877411, 27.1905670166, 27.620136261, 28.0497055054, 28.537322998, 29.0249423981, 29.5125617981, 30.0001811981, 30.4878005981, 30.9754180908, 31.4630374908, 31.9274368286, 32.4150543213, 32.9026756287, 33.3670730591, 33.843082428, 34.3307037354, 34.8067131042, 35.2827186584, 35.7587280273, 36.2463493347, 36.7339668274, 37.2099761963, 37.6859855652, 38.1736030579, 38.6612243652, 39.1256217957, 39.613243103, 40.1008605957, 40.5768699646, 41.0528793335, 41.5288887024, 42.0048980713, 42.492515564, 42.9801368713, 43.4445343018, 43.9321517944, 44.4197731018]
},
"tonal": {
    "chords_changes_rate": 0.0380658432841,
    "chords_number_rate": 0.00823045242578,
    "chords_strength": {
        "mean": 0.487010776997,
        "var": 0.014162665233
    },
    "hpcp_entropy": {
        "mean": 1.81196534634,
        "var": 0.376286953688
    },
    "key_strength": 0.448133528233,
    "tuning_diatonic_strength": 0.41025698185,
    "tuning_equal_tempered_deviation": 0.253980696201,
    "tuning_frequency": 434.193115234,
    "tuning_nontempered_energy_ratio": 0.971380531788,
    "hpcp": {
        "mean": [0.164234995842, 0.196106001735, 0.102365195751, 0.0374456942081, 0.0221436284482, 0.0195481292903, 0.0634260252118, 0.0971445441246, 0.0558760091662, 0.0220765713602, 0.0202802568674, 0.0210110712796, 0.0333717316389, 0.0411401279271, 0.0342356450856, 0.0794166922569, 0.128504082561, 0.0829758942127, 0.0350534282625, 0.0298396963626, 0.0449562780559, 0.135913714767, 0.225066646934, 0.236031681299, 0.196626037359, 0.0980129614472, 0.0917224436998, 0.336503893137, 0.396839588881, 0.175795733929, 0.0681036114693, 0.0431124642491, 0.0248495936394, 0.025970896706, 0.0357652418315, 0.0653746724129],
        "var": [0.0892369747162, 0.112092077732, 0.0468622334301, 0.0156150031835, 0.0114112282172, 0.00699658738449, 0.0149485906586, 0.0259702224284, 0.0140708843246, 0.0113924713805, 0.0103456573561, 0.0105396416038, 0.00890030898154, 0.00764376297593, 0.00882147531956, 0.0292379837483, 0.0641431286931, 0.0293979290873, 0.0135673526675, 0.0125013682991, 0.0188806373626, 0.0544133558869, 0.10900246352, 0.0960730835795, 0.118805281818, 0.0371883697808, 0.0321799963713, 0.122819513083, 0.158888563514, 0.0594741143286, 0.0298403855413, 0.0143822208047, 0.00531697226688, 0.00480960588902, 0.00810728035867, 0.0280825216323]
    },
    "chords_histogram": [3.80658435822, 0.308641970158, 12.551440239, 0, 9.46502017975, 0, 2.77777767181, 0, 0, 0, 0, 0, 0, 0, 0, 0.411522626877, 0, 0, 0, 8.95061683655, 0, 14.5061731339, 27.7777786255, 19.4444446564],
    "thpcp": [1, 0.44298940897, 0.171614959836, 0.108639523387, 0.062618739903, 0.0654443204403, 0.0901251882315, 0.164738282561, 0.413857400417, 0.494169443846, 0.257951080799, 0.0943597778678, 0.0557999499142, 0.0492595247924, 0.159827873111, 0.244795501232, 0.140802502632, 0.0556309707463, 0.0511044189334, 0.0529460050166, 0.0840937569737, 0.103669412434, 0.0862707421184, 0.200122907758, 0.323818713427, 0.20909178257, 0.0883314833045, 0.0751933455467, 0.113285772502, 0.342490315437, 0.567147672176, 0.59477853775, 0.495479881763, 0.24698382616, 0.231132298708, 0.847959458828],
    "chords_key": "D",
    "chords_scale": "major",
    "key_key": "A",
    "key_scale": "major"
}
}