{
"lowlevel": {
    "average_loudness": 0.972911715508,
    "barkbands_crest": {
        "mean": 11.6690120697,
        "var": 10.6171865463
    },
    "barkbands_flatness_db": {
        "mean": 0.30029129982,
        "var": 0.00208898750134
    },
    "barkbands_kurtosis": {
        "mean": 4.20808887482,
        "var": 45.2662849426
    },
    "barkbands_skewness": {
        "mean": 1.41576635838,
        "var": 1.01211583614
    },
    "barkbands_spread": {
        "mean": 6.55942821503,
        "var": 8.85323238373
    },
    "dissonance": {
        "mean": 0.421440273523,
        "var": 0.00203789956868
    },
    "dynamic_complexity": 1.23419249058,
    "erbbands_crest": {
        "mean": 13.3692092896,
        "var": 21.6164226532
    },
    "erbbands_flatness_db": {
        "mean": 0.253650248051,
        "var": 0.00181385560427
    },
    "erbbands_kurtosis": {
        "mean": 5.72474145889,
        "var": 79.6979751587
    },
    "erbbands_skewness": {
        "mean": 1.18043231964,
        "var": 1.34835970402
    },
    "erbbands_spread": {
        "mean": 11.6828022003,
        "var": 32.2811088562
    },
    "hfc": {
        "mean": 14.6050662994,
        "var": 62.4752349854
    },
    "melbands_crest": {
        "mean": 18.8820037842,
        "var": 40.9091300964
    },
    "melbands_flatness_db": {
        "mean": 0.407328784466,
        "var": 0.00271011237055
    },
    "melbands_kurtosis": {
        "mean": 5.40298318863,
        "var": 62.0325698853
    },
    "melbands_skewness": {
        "mean": 1.60531711578,
        "var": 1.10410761833
    },
    "melbands_spread": {
        "mean": 7.14886140823,
        "var": 46.4628372192
    },
    "pitch_salience": {
        "mean": 0.462328195572,
        "var": 0.0112371947616
    },
    "silence_rate_20dB": {
        "mean": 0.999485075474,
        "var": 0.000514667190146
    },
    "silence_rate_30dB": {
        "mean": 0.832131803036,
        "var": 0.139690473676
    },
    "silence_rate_60dB": {
        "mean": 0.00205973233096,
        "var": 0.00205553858541
    },
    "spectral_centroid": {
        "mean": 433.903747559,
        "var": 187780.625
    },
    "spectral_complexity": {
        "mean": 10.7018537521,
        "var": 8.6840133667
    },
    "spectral_decrease": {
        "mean": -2.25349054972e-008,
        "var": 1.1168910268e-016
    },
    "spectral_energy": {
        "mean": 0.0863763839006,
        "var": 0.00161863665562
    },
    "spectral_energyband_high": {
        "mean": 3.67955835827e-005,
        "var": 1.93611295884e-008
    },
    "spectral_energyband_low": {
        "mean": 0.0477729141712,
        "var": 0.0011160132708
    },
    "spectral_energyband_middle_high": {
        "mean": 0.00143224198837,
        "var": 4.82022051074e-006
    },
    "spectral_energyband_middle_low": {
        "mean": 0.0295764077455,
        "var": 0.000406702572946
    },
    "spectral_entropy": {
        "mean": 6.32486724854,
        "var": 0.1609634161
    },
    "spectral_flux": {
        "mean": 0.153230398893,
        "var": 0.00240583973937
    },
    "spectral_kurtosis": {
        "mean": 28.8811511993,
        "var": 283.583984375
    },
    "spectral_rms": {
        "mean": 0.00894304737449,
        "var": 4.29172496297e-006
    },
    "spectral_rolloff": {
        "mean": 397.664245605,
        "var": 743028.125
    },
    "spectral_skewness": {
        "mean": 3.94905757904,
        "var": 1.24348819256
    },
    "spectral_spread": {
        "mean": 1997014,
        "var": 2.77235918438e+012
    },
    "spectral_strongpeak": {
        "mean": 0.40971493721,
        "var": 0.591951429844
    },
    "zerocrossingrate": {
        "mean": 0.0156571827829,
        "var": 0.000563661684282
    },
    "barkbands": {
        "mean": [0.028378047049, 0.0243992190808, 0.00280525791459, 0.00440264772624, 0.0061210244894, 0.0100487414747, 0.00442875968292, 0.00104008556809, 0.00260138441809, 0.00141728005838, 0.000198523368454, 0.000122520126752, 0.000165098288562, 4.59505390609e-005, 7.5545423897e-005, 4.88716832479e-005, 1.11481613203e-005, 1.73000953509e-005, 1.11731042125e-005, 3.20663139064e-006, 3.89863953387e-006, 3.32921513291e-006, 1.70279474787e-006, 1.43176157508e-006, 6.42152713226e-007, 1.44074201671e-005, 9.47678017837e-006],
        "var": [0.000472499436, 0.000502295733895, 1.18869784274e-005, 1.93437936105e-005, 0.000214175743167, 0.000162771801115, 1.55463894771e-005, 3.22249047713e-006, 2.22225771722e-005, 9.73361784418e-006, 1.06475717132e-007, 2.93192297107e-008, 7.60171161573e-008, 2.61171306803e-009, 4.03862756571e-008, 3.69178021487e-009, 1.48966936009e-010, 4.54784931936e-010, 1.46996401162e-010, 1.25305208917e-011, 7.80077946683e-011, 1.24898369425e-010, 8.00984452376e-012, 4.34019556406e-011, 1.28637649578e-012, 6.70242528145e-009, 1.05037809561e-008]
    },
    "erbbands": {
        "mean": [1.25774407387, 3.49122738838, 4.29305839539, 11.1014547348, 9.18372249603, 25.7803497314, 65.9708175659, 78.6484375, 77.9537506104, 28.8935604095, 39.3544654846, 60.4621963501, 55.8854560852, 17.8042221069, 10.158200264, 4.5336022377, 7.83912611008, 3.23452186584, 3.31634163857, 3.53322458267, 2.23573374748, 0.647507309914, 0.945443272591, 0.647587239742, 0.422834873199, 0.156321465969, 0.194804027677, 0.112679049373, 0.125155687332, 0.081091478467, 0.0451439023018, 0.0235539637506, 0.0303824804723, 0.00807702820748, 0.00556154549122, 0.0408417358994, 0.0276354532689, 0.0173519272357, 0.00064607168315, 0.000104607221147],
        "var": [1.84298956394, 14.0833959579, 22.5606975555, 112.078659058, 170.021011353, 7244.16113281, 8952.71777344, 13842.765625, 4580.08154297, 703.97479248, 5012.84765625, 13649.3671875, 13350.0019531, 1962.27380371, 327.51550293, 27.0256786346, 177.086700439, 13.6808385849, 39.7559967041, 37.2730407715, 7.25668811798, 0.473408192396, 1.29117131233, 0.684839785099, 0.201052963734, 0.0351830236614, 0.25472509861, 0.0192005075514, 0.197663187981, 0.0298757646233, 0.00653610518202, 0.00178213359322, 0.0382877774537, 0.000226659292821, 0.00010827837832, 0.0652104541659, 0.0240349061787, 0.0242391098291, 3.60983613064e-005, 1.00089936339e-008]
    },
    "gfcc": {
        "mean": [-62.9262771606, 186.80267334, -73.9049072266, 1.85351359844, -40.7960243225, -5.60758399963, -21.0076255798, 4.95001649857, -5.22353553772, 4.40022373199, -4.87976408005, 3.59208703041, -0.909762561321],
        "cov": [[3232.30517578, -8.28638744354, -206.28225708, -10.0863466263, -111.3463974, 38.0199966431, -52.8336105347, 57.2432289124, -91.8114929199, 71.4835357666, -156.346542358, 118.495620728, -111.38318634], [-8.28638744354, 747.888183594, -182.246749878, -67.4406509399, 32.7139205933, -6.43955421448, 72.7331161499, -9.97736930847, 81.7583007813, -146.162078857, 110.07686615, -213.897735596, 133.386810303], [-206.28225708, -182.246749878, 447.173706055, 10.8583583832, -23.4446811676, -59.4522895813, -11.7486848831, -20.0581798553, -54.8023376465, 35.4704170227, -83.1479797363, 106.164070129, -50.0001678467], [-10.0863466263, -67.4406509399, 10.8583583832, 266.078735352, -30.4239997864, 9.10678768158, -69.0449829102, -35.2653808594, 22.9293746948, -27.9552898407, 55.1486129761, -16.8702831268, 40.7593040466], [-111.3463974, 32.7139205933, -23.4446811676, -30.4239997864, 197.413467407, -26.9514808655, 32.4214172363, -5.07155609131, -16.2119617462, 18.4568138123, 12.2605829239, 15.3592891693, -29.7643089294], [38.0199966431, -6.43955421448, -59.4522895813, 9.10678768158, -26.9514808655, 141.026290894, 34.3226089478, 17.7549228668, 15.6280441284, -12.7657213211, 9.09136104584, -47.2623252869, -4.22320318222], [-52.8336105347, 72.7331161499, -11.7486848831, -69.0449829102, 32.4214172363, 34.3226089478, 110.353210449, 20.926897049, 14.4296016693, -20.1611938477, -10.1458482742, -28.1482601166, -3.73565292358], [57.2432289124, -9.97736930847, -20.0581798553, -35.2653808594, -5.07155609131, 17.7549228668, 20.926897049, 81.9407577515, 9.61731910706, -2.36405134201, -26.4063453674, -10.4940671921, -8.60562133789], [-91.8114929199, 81.7583007813, -54.8023376465, 22.9293746948, -16.2119617462, 15.6280441284, 14.4296016693, 9.61731910706, 109.524101257, 16.7936534882, 49.3446960449, -70.7088394165, 28.0489654541], [71.4835357666, -146.162078857, 35.4704170227, -27.9552898407, 18.4568138123, -12.7657213211, -20.1611938477, -2.36405134201, 16.7936534882, 119.032333374, 2.60778880119, 64.3132781982, -54.1194763184], [-156.346542358, 110.07686615, -83.1479797363, 55.1486129761, 12.2605829239, 9.09136104584, -10.1458482742, -26.4063453674, 49.3446960449, 2.60778880119, 147.221908569, -29.7347049713, 57.689414978], [118.495620728, -213.897735596, 106.164070129, -16.8702831268, 15.3592891693, -47.2623252869, -28.1482601166, -10.4940671921, -70.7088394165, 64.3132781982, -29.7347049713, 171.34463501, -40.3994102478], [-111.38318634, 133.386810303, -50.0001678467, 40.7593040466, -29.7643089294, -4.22320318222, -3.73565292358, -8.60562133789, 28.0489654541, -54.1194763184, 57.689414978, -40.3994102478, 105.168380737]],
        "icov": [[0.000491147104185, -0.000643482257146, 0.000521906476934, -0.000602672982495, 0.000527770433109, -0.000217309672735, -2.82373366645e-005, -0.000301726337057, 0.000452417792985, -0.000882228545379, 0.000922752951737, -0.000854535668623, 0.000523874768987], [-0.000643482257146, 0.00465175602585, -0.000663123792037, 0.0028996441979, -0.0014258766314, 0.00169062369969, -0.000315055716783, 0.00125098996796, -0.00120647228323, 0.00417133048177, -0.00328311300837, 0.00438955193385, -0.00230948580429], [0.000521906476934, -0.000663123792037, 0.0037154937163, -0.00144077104051, 0.00132016313728, 0.000904933549464, -0.0012290913146, 0.000551907869522, 0.000676070514601, -0.00136525859125, 0.00248202937655, -0.00220221444033, 0.00103978102561], [-0.000602672982495, 0.0028996441979, -0.00144077104051, 0.00795197486877, -0.00158558459952, -0.00080034788698, 0.00462823174894, 0.00228267605416, -0.00405844533816, 0.00651522632688, -0.00367963849567, 0.00149560067803, -0.00118443230167], [0.000527770433109, -0.0014258766314, 0.00132016313728, -0.00158558459952, 0.00748555874452, 0.00205746293068, -0.0034958391916, -0.000371099362383, 0.00317109539174, -0.0028862983454, -0.000565960304812, -0.00073519529542, 0.00335319363512], [-0.000217309672735, 0.00169062369969, 0.000904933549464, -0.00080034788698, 0.00205746293068, 0.0108007686213, -0.00477279536426, -0.00112535315566, 0.00249660667032, -0.000419597839937, -0.00248795188963, 0.00464639021084, 0.00138825085014], [-2.82373366645e-005, -0.000315055716783, -0.0012290913146, 0.00462823174894, -0.0034958391916, -0.00477279536426, 0.0161776728928, -0.000766679528169, -0.00608812645078, 0.00638266094029, 0.000364314764738, -0.00210572523065, 0.00122198602185], [-0.000301726337057, 0.00125098996796, 0.000551907869522, 0.00228267605416, -0.000371099362383, -0.00112535315566, -0.000766679528169, 0.0153706772253, -0.00395715236664, 0.00253772106953, 0.00245200283825, -7.74464861024e-005, -0.000461686169729], [0.000452417792985, -0.00120647228323, 0.000676070514601, -0.00405844533816, 0.00317109539174, 0.00249660667032, -0.00608812645078, -0.00395715236664, 0.0248131621629, -0.0161024238914, -0.00201812479645, 0.0112522197887, -0.00511328782886], [-0.000882228545379, 0.00417133048177, -0.00136525859125, 0.00651522632688, -0.0028862983454, -0.000419597839937, 0.00638266094029, 0.00253772106953, -0.0161024238914, 0.0284968875349, -0.00661016628146, -0.00750112067908, 0.00990511476994], [0.000922752951737, -0.00328311300837, 0.00248202937655, -0.00367963849567, -0.000565960304812, -0.00248795188963, 0.000364314764738, 0.00245200283825, -0.00201812479645, -0.00661016628146, 0.0157551020384, -0.00393320294097, -0.00531566701829], [-0.000854535668623, 0.00438955193385, -0.00220221444033, 0.00149560067803, -0.00073519529542, 0.00464639021084, -0.00210572523065, -7.74464861024e-005, 0.0112522197887, -0.00750112067908, -0.00393320294097, 0.0199565775692, -0.00523906899616], [0.000523874768987, -0.00230948580429, 0.00103978102561, -0.00118443230167, 0.00335319363512, 0.00138825085014, 0.00122198602185, -0.000461686169729, -0.00511328782886, 0.00990511476994, -0.00531566701829, -0.00523906899616, 0.0223205517977]]
    },
    "melbands": {
        "mean": [0.0106506422162, 0.00314993225038, 0.0017403785605, 0.00111157470383, 0.00200454308651, 0.00181810790673, 0.00112910370808, 0.000251018296694, 0.000380457116989, 0.000370896130335, 0.000265604321612, 7.08726729499e-005, 3.12087795464e-005, 1.80999886652e-005, 9.3101116363e-006, 1.81758023245e-005, 4.34529283666e-006, 4.65663606519e-006, 6.72758824294e-006, 3.6160995478e-006, 2.36643791141e-006, 6.37655773517e-007, 6.15640090018e-007, 8.83895495463e-007, 4.76254058412e-007, 4.8528033858e-007, 1.21848870549e-007, 9.48364373698e-008, 1.50957873757e-007, 7.25953412939e-008, 6.01579515092e-008, 6.37709689499e-008, 7.4187738619e-008, 3.67574273241e-008, 2.79021250549e-008, 1.66300360149e-008, 1.18532224036e-008, 2.6513683693e-008, 8.90940299314e-009, 5.82327208676e-009],
        "var": [8.43913585413e-005, 1.20241629702e-005, 2.52910876952e-006, 1.38781233545e-005, 7.46179875932e-006, 5.86492433285e-006, 9.23179300116e-007, 5.95938232095e-008, 5.35420724646e-007, 4.90212983095e-007, 3.24049580058e-007, 3.86026819399e-008, 2.84829004826e-009, 6.95933588535e-010, 1.28131491528e-010, 1.16044140963e-009, 2.68114922625e-011, 5.06569161618e-011, 3.68258812333e-010, 2.15494549288e-011, 8.62935417567e-012, 4.7612906456e-013, 5.06786778341e-013, 1.18562657522e-012, 4.27241250191e-013, 3.05092241618e-013, 1.85820173674e-014, 1.3186356507e-014, 2.64988199569e-013, 7.67111577033e-015, 6.36959035456e-015, 2.8280376901e-014, 1.28860355546e-013, 4.00166104612e-015, 2.86097638737e-015, 7.74222630383e-016, 4.13991376377e-016, 3.57435367654e-014, 6.25907902473e-016, 1.18555442918e-016]
    },
    "mfcc": {
        "mean": [-726.635864258, 231.551452637, 19.6599178314, 25.6573047638, 1.77155745029, 1.70269501209, -4.89433145523, 4.20663022995, 2.74347090721, 5.87722730637, 4.88529682159, 1.36851680279, 4.00687885284],
        "cov": [[1257.94909668, -162.505554199, -138.460418701, -23.243970871, -37.5352783203, 36.3769035339, -14.5583677292, 44.750415802, 16.6266441345, 16.6253032684, -0.202759459615, -9.5540304184, -13.942779541], [-162.505554199, 703.334472656, -94.6462783813, -78.2755355835, -12.6710252762, -60.6726913452, 73.6387405396, 17.7726306915, 42.7206878662, 46.2449913025, 9.70551109314, -23.6056194305, -37.0336532593], [-138.460418701, -94.6462783813, 370.441589355, 53.8232460022, -36.0572547913, 9.93041133881, -49.7330856323, -7.24603033066, -3.24780035019, -17.5186977386, -18.4123821259, -21.8020801544, -23.7722530365], [-23.243970871, -78.2755355835, 53.8232460022, 183.275405884, 68.9542160034, -1.06602156162, -35.8979492188, -23.268825531, -29.8734455109, -47.6574859619, -23.6926422119, 3.65366244316, 16.5902004242], [-37.5352783203, -12.6710252762, -36.0572547913, 68.9542160034, 107.69078064, 10.6599912643, 4.95935297012, -17.8685359955, -20.9524745941, -11.845202446, -1.04475331306, 13.5184192657, 17.9484882355], [36.3769035339, -60.6726913452, 9.93041133881, -1.06602156162, 10.6599912643, 86.4053726196, 14.4490261078, -3.88113427162, -8.97667884827, -6.44164896011, 13.3958444595, 14.3263196945, 13.9355535507], [-14.5583677292, 73.6387405396, -49.7330856323, -35.8979492188, 4.95935297012, 14.4490261078, 87.6334991455, 39.8637962341, 5.26113986969, -0.371553093195, -6.77091217041, 4.30656528473, -5.06303548813], [44.750415802, 17.7726306915, -7.24603033066, -23.268825531, -17.8685359955, -3.88113427162, 39.8637962341, 76.6167755127, 24.7435970306, 1.01161658764, -10.3285417557, -20.5821380615, -23.2024097443], [16.6266441345, 42.7206878662, -3.24780035019, -29.8734455109, -20.9524745941, -8.97667884827, 5.26113986969, 24.7435970306, 68.2862472534, 43.246421814, 13.217634201, -20.2591876984, -29.1800365448], [16.6253032684, 46.2449913025, -17.5186977386, -47.6574859619, -11.845202446, -6.44164896011, -0.371553093195, 1.01161658764, 43.246421814, 82.1094894409, 32.3942604065, 3.98636293411, -15.9119653702], [-0.202759459615, 9.70551109314, -18.4123821259, -23.6926422119, -1.04475331306, 13.3958444595, -6.77091217041, -10.3285417557, 13.217634201, 32.3942604065, 61.4381370544, 24.3206634521, 13.6201620102], [-9.5540304184, -23.6056194305, -21.8020801544, 3.65366244316, 13.5184192657, 14.3263196945, 4.30656528473, -20.5821380615, -20.2591876984, 3.98636293411, 24.3206634521, 65.47605896, 43.7073326111], [-13.942779541, -37.0336532593, -23.7722530365, 16.5902004242, 17.9484882355, 13.9355535507, -5.06303548813, -23.2024097443, -29.1800365448, -15.9119653702, 13.6201620102, 43.7073326111, 68.7945175171]],
        "icov": [[0.000964816834312, 0.000200629016035, 0.00060774886515, -0.000199535585125, 0.0005369153223, -0.000662775419187, 0.000763400224969, -0.000879347906448, 0.000245806179009, -0.000443465949502, 0.000312844087603, -8.57088816701e-005, 0.000309660477797], [0.000200629016035, 0.00196786387824, 0.000270730990451, 0.000141427342896, 0.000149520754348, 0.00151075096801, -0.00225358246826, 0.00117425166536, -0.000431993918028, -0.000367722852388, -0.000695706577972, 0.000892335374374, 0.0003471209493], [0.00060774886515, 0.000270730990451, 0.00386722572148, -0.00158417341299, 0.00230379565619, -0.00151339592412, 0.00198860350065, -0.000713806657586, 0.000579856627155, -0.000402131670853, 0.00074275402585, -0.00013928412227, 0.00169277773239], [-0.000199535585125, 0.000141427342896, -0.00158417341299, 0.0109335407615, -0.00746668688953, 0.000847453251481, 0.00424315221608, -0.000261697365204, -0.00211846502498, 0.00527948467061, 0.00226742192172, -0.00189159519505, -7.2567803727e-005], [0.0005369153223, 0.000149520754348, 0.00230379565619, -0.00746668688953, 0.0159404519945, -0.00159700121731, -0.00384051655419, 0.00227179075591, 0.00324696558528, -0.00345671549439, -0.00088715471793, 0.00132050307002, -0.000651374051813], [-0.000662775419187, 0.00151075096801, -0.00151339592412, 0.000847453251481, -0.00159700121731, 0.0154697485268, -0.00616363389418, 0.00296417833306, -0.000344666390447, 0.00227184966207, -0.00505024986342, 0.000643455889076, -0.00124895444605], [0.000763400224969, -0.00225358246826, 0.00198860350065, 0.00424315221608, -0.00384051655419, -0.00616363389418, 0.0244408883154, -0.0131680499762, 0.000995644251816, 0.00124476326164, 0.00589877227321, -0.00753925088793, 0.00254587084055], [-0.000879347906448, 0.00117425166536, -0.000713806657586, -0.000261697365204, 0.00227179075591, 0.00296417833306, -0.0131680499762, 0.0246828123927, -0.00806772150099, 0.00404820265248, -0.000778037763666, 0.0041465065442, 0.00146682537161], [0.000245806179009, -0.000431993918028, 0.000579856627155, -0.00211846502498, 0.00324696558528, -0.000344666390447, 0.000995644251816, -0.00806772150099, 0.0316040739417, -0.0150962080806, -0.00402004830539, 0.00689462991431, 0.00343254208565], [-0.000443465949502, -0.000367722852388, -0.000402131670853, 0.00527948467061, -0.00345671549439, 0.00227184966207, 0.00124476326164, 0.00404820265248, -0.0150962080806, 0.0275617856532, -0.00772925838828, -0.00665356870741, 0.00592783978209], [0.000312844087603, -0.000695706577972, 0.00074275402585, 0.00226742192172, -0.00088715471793, -0.00505024986342, 0.00589877227321, -0.000778037763666, -0.00402004830539, -0.00772925838828, 0.0281388759613, -0.00894997734576, -0.00255278334953], [-8.57088816701e-005, 0.000892335374374, -0.00013928412227, -0.00189159519505, 0.00132050307002, 0.000643455889076, -0.00753925088793, 0.0041465065442, 0.00689462991431, -0.00665356870741, -0.00894997734576, 0.0346495173872, -0.0176166910678], [0.000309660477797, 0.0003471209493, 0.00169277773239, -7.2567803727e-005, -0.000651374051813, -0.00124895444605, 0.00254587084055, 0.00146682537161, 0.00343254208565, 0.00592783978209, -0.00255278334953, -0.0176166910678, 0.0310180336237]]
    },
    "spectral_contrast_coeffs": {
        "mean": [-0.683859705925, -0.664200544357, -0.763517141342, -0.840444505215, -0.828847289085, -0.780901670456],
        "var": [0.00482333125547, 0.00565977720544, 0.00516722630709, 0.00150167744141, 0.000661380006932, 0.00097449158784]
    },
    "spectral_contrast_valleys": {
        "mean": [-6.28903388977, -6.09570598602, -7.17732524872, -8.05265808105, -8.90828323364, -12.198390007],
        "var": [0.962024986744, 1.00084280968, 0.892739713192, 0.875487923622, 0.761488258839, 0.705187678337]
    }
},
"metadata": {
    "audio_properties": {
        "analysis_sample_rate": 44100,
        "bit_rate": 107685,
        "equal_loudness": 0,
        "length": 45.0612258911,
        "lossless": 0,
        "replay_gain": -2.07061767578,
        "sample_rate": 44100,
        "codec": "mp3",
        "downmix": "mix",
        "md5_encoded": "4f592fbe74c97d0166d07142f0eea3f8"
    },
    "tags": {
        "file_name": "444.mp3"
    },
    "version": {
        "essentia": "2.1-beta2",
        "essentia_git_sha": "v2.1_beta2",
        "extractor": "music 1.0"
    }
},
"rhythm": {
    "beats_count": 82,
    "beats_loudness": {
        "mean": 0.0941502675414,
        "var": 0.00365361315198
    },
    "bpm": 126.361793518,
    "bpm_histogram_first_peak_bpm": {
        "mean": 126,
        "var": 0
    },
    "bpm_histogram_first_peak_spread": {
        "mean": 0.454545497894,
        "var": 0
    },
    "bpm_histogram_first_peak_weight": {
        "mean": 0.148148149252,
        "var": 0
    },
    "bpm_histogram_second_peak_bpm": {
        "mean": 105,
        "var": 0
    },
    "bpm_histogram_second_peak_spread": {
        "mean": 0.565217375755,
        "var": 0
    },
    "bpm_histogram_second_peak_weight": {
        "mean": 0.123456791043,
        "var": 0
    },
    "danceability": 0.990931034088,
    "onset_rate": 1.24219357967,
    "beats_loudness_band_ratio": {
        "mean": [0.677866220474, 0.211103782058, 0.126099944115, 0.0144045744091, 0.00252062315121, 0.00059046613751],
        "var": [0.02837825194, 0.0231016222388, 0.00814723130316, 0.000335995457135, 1.17052186397e-005, 3.73351167582e-006]
    },
    "beats_position": [0.545668900013, 1.11455774307, 1.67183673382, 2.22911548615, 2.7863945961, 3.34367346764, 3.90095233917, 4.46984100342, 5.0387301445, 5.60761880875, 6.18811798096, 6.7570066452, 7.32589578629, 7.89478445053, 8.47528362274, 9.10222244263, 9.74077033997, 10.379319191, 11.0294780731, 11.6680269241, 12.3065757751, 12.9451246262, 13.5372333527, 14.1293420792, 14.7214508057, 15.301949501, 15.8824491501, 16.4513378143, 17.0202255249, 17.5891151428, 18.1115646362, 18.6340141296, 19.1564617157, 19.6208610535, 20.0968704224, 20.5728797913, 21.0604991913, 21.548116684, 22.035736084, 22.5349655151, 23.0341949463, 23.5450344086, 24.0558719635, 24.5551013947, 25.0543308258, 25.5187301636, 25.9831295013, 26.4475269318, 26.9119262695, 27.3763256073, 27.8523349762, 28.3283443451, 28.804353714, 29.2803630829, 29.7563705444, 30.2323799133, 30.7083892822, 31.1843986511, 31.6720180511, 32.1480255127, 32.6240348816, 33.1348762512, 33.6457138062, 34.1565513611, 34.6673927307, 35.1782302856, 35.7122879028, 36.2347373962, 36.7571868896, 37.2912483215, 37.8253059387, 38.3593635559, 38.9746932983, 39.5900230408, 40.1937408447, 40.7858505249, 41.3895683289, 41.9932861328, 42.5970077515, 43.2007255554, 43.8160552979, 44.4197731018]
},
"tonal": {
    "chords_changes_rate": 0.0534979440272,
    "chords_number_rate": 0.00720164598897,
    "chords_strength": {
        "mean": 0.390725016594,
        "var": 0.00426044082269
    },
    "hpcp_entropy": {
        "mean": 1.86534655094,
        "var": 0.54432284832
    },
    "key_strength": 0.587867200375,
    "tuning_diatonic_strength": 0.423724412918,
    "tuning_equal_tempered_deviation": 0.0423724576831,
    "tuning_frequency": 434.193115234,
    "tuning_nontempered_energy_ratio": 0.672297775745,
    "hpcp": {
        "mean": [0.0369829498231, 0.0405360795557, 0.0695114806294, 0.126297101378, 0.119208618999, 0.0561649948359, 0.0217135865241, 0.0175887532532, 0.0192282423377, 0.0181328784674, 0.0172871109098, 0.0188948530704, 0.0186305940151, 0.0217095315456, 0.0543356016278, 0.168461337686, 0.278564035892, 0.392937064171, 0.497156411409, 0.346453011036, 0.117768839002, 0.0478858277202, 0.0334841571748, 0.321265012026, 0.623116314411, 0.342380940914, 0.102883212268, 0.18239274621, 0.132593095303, 0.0622691474855, 0.0780256614089, 0.0972915589809, 0.151057049632, 0.1181165874, 0.0279208682477, 0.0206907764077],
        "var": [0.00474271085113, 0.00520585756749, 0.00964759569615, 0.0286209154874, 0.0356462039053, 0.01596012339, 0.00287459907122, 0.00150662451051, 0.00154707662296, 0.00135994143784, 0.00311919976957, 0.00304818572477, 0.00302420370281, 0.00542858242989, 0.012049891986, 0.0608733184636, 0.097170561552, 0.0958107337356, 0.133645310998, 0.10483340919, 0.0371800400317, 0.0106087811291, 0.00613540830091, 0.0385184809566, 0.141326844692, 0.0486711375415, 0.0244313627481, 0.0590729229152, 0.0326845422387, 0.00877539534122, 0.0185082480311, 0.0192252732813, 0.0415856353939, 0.0277863815427, 0.00234304415062, 0.00180757243652]
    },
    "chords_histogram": [9.87654304504, 0, 0, 0, 1.44032919407, 0.925925910473, 17.5925922394, 28.3950614929, 0, 24.4855976105, 8.12757205963, 9.15637874603, 0, 0, 0, 0, 0, 0, 0, 0, 0, 0, 0, 0],
    "thpcp": [1, 0.549465537071, 0.165110766888, 0.292710602283, 0.212790280581, 0.0999318212271, 0.125218451023, 0.156137079, 0.242421910167, 0.189557850361, 0.0448084361851, 0.033205319196, 0.0593516007066, 0.0650537908077, 0.111554585397, 0.202686235309, 0.191310375929, 0.0901356488466, 0.0348467640579, 0.0282270777971, 0.0308581907302, 0.0291003100574, 0.0277429912239, 0.0303231552243, 0.0298990625888, 0.0348402559757, 0.0871997773647, 0.270352959633, 0.447049826384, 0.630599856377, 0.79785490036, 0.55600053072, 0.188999772072, 0.0768489390612, 0.0537366084754, 0.515577912331],
    "chords_key": "D#",
    "chords_scale": "major",
    "key_key": "D#",
    "key_scale": "minor"
}
}