{
"lowlevel": {
    "average_loudness": 0.601901888847,
    "barkbands_crest": {
        "mean": 17.9973583221,
        "var": 27.5258827209
    },
    "barkbands_flatness_db": {
        "mean": 0.591820120811,
        "var": 0.00670015439391
    },
    "barkbands_kurtosis": {
        "mean": 18.6796188354,
        "var": 2005.62756348
    },
    "barkbands_skewness": {
        "mean": 2.02210330963,
        "var": 4.93963527679
    },
    "barkbands_spread": {
        "mean": 1.50963592529,
        "var": 4.49131202698
    },
    "dissonance": {
        "mean": 0.227332696319,
        "var": 0.00727206654847
    },
    "dynamic_complexity": 5.90016937256,
    "erbbands_crest": {
        "mean": 20.0786094666,
        "var": 39.3441162109
    },
    "erbbands_flatness_db": {
        "mean": 0.530806362629,
        "var": 0.002741424134
    },
    "erbbands_kurtosis": {
        "mean": 7.79335308075,
        "var": 130.764633179
    },
    "erbbands_skewness": {
        "mean": 1.236997962,
        "var": 1.75621581078
    },
    "erbbands_spread": {
        "mean": 4.27031326294,
        "var": 13.8403196335
    },
    "hfc": {
        "mean": 7.25852918625,
        "var": 201.683410645
    },
    "melbands_crest": {
        "mean": 21.2145938873,
        "var": 38.4707145691
    },
    "melbands_flatness_db": {
        "mean": 0.679370880127,
        "var": 0.00718421209604
    },
    "melbands_kurtosis": {
        "mean": 9.05135154724,
        "var": 144.300308228
    },
    "melbands_skewness": {
        "mean": 1.47960567474,
        "var": 2.10129261017
    },
    "melbands_spread": {
        "mean": 2.80436968803,
        "var": 41.3034286499
    },
    "pitch_salience": {
        "mean": 0.397089421749,
        "var": 0.0200230199844
    },
    "silence_rate_20dB": {
        "mean": 1,
        "var": 0
    },
    "silence_rate_30dB": {
        "mean": 0.989191949368,
        "var": 0.0106910364702
    },
    "silence_rate_60dB": {
        "mean": 0.300566136837,
        "var": 0.210224822164
    },
    "spectral_centroid": {
        "mean": 394.270172119,
        "var": 139014.921875
    },
    "spectral_complexity": {
        "mean": 4.36541414261,
        "var": 6.65903711319
    },
    "spectral_decrease": {
        "mean": -3.61388230452e-009,
        "var": 2.60636537733e-017
    },
    "spectral_energy": {
        "mean": 0.0142979715019,
        "var": 0.000421042059315
    },
    "spectral_energyband_high": {
        "mean": 6.23472473649e-008,
        "var": 3.04427842527e-013
    },
    "spectral_energyband_low": {
        "mean": 1.31383903863e-005,
        "var": 1.48026912949e-009
    },
    "spectral_energyband_middle_high": {
        "mean": 0.00223000021651,
        "var": 5.78018843953e-005
    },
    "spectral_energyband_middle_low": {
        "mean": 0.0121657457203,
        "var": 0.000217226188397
    },
    "spectral_entropy": {
        "mean": 4.18935489655,
        "var": 0.465669691563
    },
    "spectral_flux": {
        "mean": 0.0185193419456,
        "var": 0.00106120307464
    },
    "spectral_kurtosis": {
        "mean": 292.879180908,
        "var": 18205.25
    },
    "spectral_rms": {
        "mean": 0.0030664652586,
        "var": 4.54602695754e-006
    },
    "spectral_rolloff": {
        "mean": 505.135620117,
        "var": 693673.8125
    },
    "spectral_skewness": {
        "mean": 13.8251104355,
        "var": 13.0788164139
    },
    "spectral_spread": {
        "mean": 728562.5,
        "var": 1.93247418778e+012
    },
    "spectral_strongpeak": {
        "mean": 1.19643962383,
        "var": 1.30499839783
    },
    "zerocrossingrate": {
        "mean": 0.0188459474593,
        "var": 0.000482663395815
    },
    "barkbands": {
        "mean": [2.3064104937e-007, 5.86083956478e-007, 1.74145930032e-006, 0.000123098070617, 0.00184017175343, 0.00533864134923, 0.00266486243345, 0.00096915528411, 0.000975533970632, 0.000763048359659, 0.000714515568689, 0.000400262797484, 0.000335208635079, 0.000124648024212, 2.90969619527e-005, 1.40735037348e-005, 2.26691076932e-006, 5.13709380812e-007, 2.04957601113e-007, 1.07346366462e-007, 1.7544161679e-008, 5.62301671891e-009, 1.35497046916e-009, 8.48011938448e-010, 6.29846841349e-010, 4.3570586028e-010, 4.49103643163e-010],
        "var": [1.27019846464e-012, 1.63693589933e-011, 1.43507344896e-010, 7.98937520585e-008, 4.36285381511e-006, 6.94656264386e-005, 4.52128224424e-005, 1.61538409884e-005, 2.12200175156e-005, 9.87716521195e-006, 1.16930241347e-005, 5.96704421696e-006, 4.96139500683e-006, 6.35333663013e-007, 4.74933052885e-008, 8.80213857357e-009, 3.09677533616e-010, 1.15215649521e-011, 2.86086866003e-012, 1.81035590165e-012, 1.51668703096e-014, 1.03841612416e-015, 1.3686383508e-016, 8.14978772076e-017, 5.24324710181e-017, 1.58885761958e-018, 1.41794928373e-018]
    },
    "erbbands": {
        "mean": [1.52915581566e-005, 0.000285476911813, 0.00444459263235, 0.176021143794, 2.15437626839, 6.81592941284, 18.6076049805, 50.0730018616, 52.778755188, 23.3692550659, 25.2625312805, 20.7473545074, 16.7574386597, 30.117937088, 22.5638256073, 21.5716953278, 17.6619186401, 7.98788452148, 2.5160279274, 1.1429694891, 0.778185904026, 0.113026820123, 0.0401593632996, 0.0140631329268, 0.0101893069223, 0.00431800819933, 0.0013909174595, 0.00052107690135, 0.000203263116418, 0.000124103666167, 4.57762071164e-005, 3.0177010558e-005, 2.1759826268e-005, 1.65402489074e-005, 1.296404389e-005, 9.01622115634e-006, 5.1704055295e-006, 1.18318200748e-006, 6.93821993991e-006, 1.61438620125e-005],
        "var": [1.28312671599e-009, 1.88426690784e-006, 0.000173680789885, 0.126711934805, 11.439699173, 69.7176055908, 537.965332031, 7419.04345703, 11430.6074219, 7794.33154297, 10043.2919922, 8033.25683594, 4369.22607422, 15050.7578125, 15085.8896484, 14844.5625, 11393.3222656, 2010.48999023, 273.978515625, 62.8363494873, 23.2564563751, 0.436664640903, 0.055589094758, 0.00685781240463, 0.0082024326548, 0.00295550771989, 0.000196337350644, 7.15861960998e-006, 1.54491647208e-006, 4.28312148415e-007, 1.07966918961e-007, 5.08337620886e-008, 1.94411580168e-008, 7.37777172688e-009, 2.79362044608e-009, 2.75792944038e-010, 6.68106195367e-011, 5.35482075348e-012, 1.07071580768e-010, 5.57238533094e-010]
    },
    "gfcc": {
        "mean": [-361.538696289, 224.728897095, -73.1171569824, -83.9189529419, -75.1788406372, -60.0496444702, -48.6527137756, -42.1419296265, -25.5436306, -20.0320014954, -6.47402095795, -6.61969518661, 5.82262659073],
        "cov": [[13372.0556641, 1312.35327148, -4522.47558594, -3144.78564453, 811.407348633, 1383.95446777, 599.40423584, 101.892585754, -94.6701126099, 102.304695129, 17.3337802887, -205.830429077, -211.349884033], [1312.35327148, 629.25793457, 66.4087295532, -237.03338623, 33.7638435364, 131.285064697, 70.3707580566, -20.9715576172, -40.4431152344, -134.672119141, -213.207000732, -164.057678223, -35.880443573], [-4522.47558594, 66.4087295532, 2520.50854492, 1352.01257324, -499.763824463, -565.833435059, -182.06729126, -64.3884048462, -43.6384124756, -256.688171387, -258.154449463, -79.3064422607, 37.1185646057], [-3144.78564453, -237.03338623, 1352.01257324, 1536.7845459, -35.2013168335, -493.270965576, -167.373260498, -54.2348365784, 5.96937942505, -120.664550781, -215.308181763, -113.799385071, -25.2918777466], [811.407348633, 33.7638435364, -499.763824463, -35.2013168335, 344.027709961, 136.998626709, -29.6203460693, -19.6314353943, 17.428653717, 43.6156845093, -23.1571464539, -81.5188293457, -63.6618995667], [1383.95446777, 131.285064697, -565.833435059, -493.270965576, 136.998626709, 330.972442627, 107.696388245, 10.9719877243, 15.359582901, 39.3530235291, -4.53046703339, -44.9205513, -42.7946739197], [599.40423584, 70.3707580566, -182.06729126, -167.373260498, -29.6203460693, 107.696388245, 164.375854492, 56.9745941162, -5.3276925087, -3.96085596085, -32.4764175415, -26.2637786865, -2.01339030266], [101.892585754, -20.9715576172, -64.3884048462, -54.2348365784, -19.6314353943, 10.9719877243, 56.9745941162, 95.0400390625, 33.6521644592, -30.2026481628, -33.3312911987, -8.92715072632, 20.342912674], [-94.6701126099, -40.4431152344, -43.6384124756, 5.96937942505, 17.428653717, 15.359582901, -5.3276925087, 33.6521644592, 96.2376327515, 41.7482910156, -49.3498153687, -45.5356254578, 4.25884866714], [102.304695129, -134.672119141, -256.688171387, -120.664550781, 43.6156845093, 39.3530235291, -3.96085596085, -30.2026481628, 41.7482910156, 189.157394409, 136.691009521, -11.1139287949, -46.1758232117], [17.3337802887, -213.207000732, -258.154449463, -215.308181763, -23.1571464539, -4.53046703339, -32.4764175415, -33.3312911987, -49.3498153687, 136.691009521, 340.381103516, 194.986541748, -42.3599700928], [-205.830429077, -164.057678223, -79.3064422607, -113.799385071, -81.5188293457, -44.9205513, -26.2637786865, -8.92715072632, -45.5356254578, -11.1139287949, 194.986541748, 265.007324219, 71.1869354248], [-211.349884033, -35.880443573, 37.1185646057, -25.2918777466, -63.6618995667, -42.7946739197, -2.01339030266, 20.342912674, 4.25884866714, -46.1758232117, -42.3599700928, 71.1869354248, 122.636116028]],
        "icov": [[0.000655845622532, -0.00141028757207, 0.00150203087833, -0.000197662433493, 0.0010715717217, -0.000417084462242, 0.000528203265276, -0.000696378410794, 0.00123835797422, -0.000388500018744, 0.000923136889469, -0.000512006634381, 0.00118396407925], [-0.00141028757207, 0.00890137348324, -0.00490209739655, 0.00463675521314, -0.00611071521416, 0.00514658493921, -0.00651616835967, 0.00889455527067, -0.00508696818724, 0.00695199565962, -0.000779290101491, 0.00354350497946, 0.00012341295951], [0.00150203087833, -0.00490209739655, 0.00609812932089, -0.00348546961322, 0.00729506509379, -0.00341475848109, 0.00465917307884, -0.00289496569894, 0.00343200261705, -0.000463321455754, 0.000729912193492, 7.82087154221e-005, 0.00165493448731], [-0.000197662433493, 0.00463675521314, -0.00348546961322, 0.00690962933004, -0.00726975407451, 0.00857753586024, -0.00645897490904, 0.00611976068467, -0.00239585898817, 0.00219722487964, 0.00453148176894, -0.00156645313837, 0.00497912894934], [0.0010715717217, -0.00611071521416, 0.00729506509379, -0.00726975407451, 0.0162581950426, -0.0106266802177, 0.0129920374602, -0.00921697355807, 0.00824824534357, -0.00576007319614, 0.00267605297267, -0.00101095135324, 0.00188128626905], [-0.000417084462242, 0.00514658493921, -0.00341475848109, 0.00857753586024, -0.0106266802177, 0.0185277108103, -0.0138489045203, 0.0129048777744, -0.00864644441754, 0.00675560440868, 0.00230395398103, -9.55438054007e-007, 0.00581071479246], [0.000528203265276, -0.00651616835967, 0.00465917307884, -0.00645897490904, 0.0129920374602, -0.0138489045203, 0.0280960258096, -0.0275573972613, 0.0236890055239, -0.0230262689292, 0.0166828278452, -0.0124717419967, 0.00671498849988], [-0.000696378410794, 0.00889455527067, -0.00289496569894, 0.00611976068467, -0.00921697355807, 0.0129048777744, -0.0275573972613, 0.0493142083287, -0.0378739126027, 0.0407627820969, -0.0286385938525, 0.0247695427388, -0.012980138883], [0.00123835797422, -0.00508696818724, 0.00343200261705, -0.00239585898817, 0.00824824534357, -0.00864644441754, 0.0236890055239, -0.0378739126027, 0.0517412535846, -0.0445884913206, 0.0404852293432, -0.0278063584119, 0.0185882393271], [-0.000388500018744, 0.00695199565962, -0.000463321455754, 0.00219722487964, -0.00576007319614, 0.00675560440868, -0.0230262689292, 0.0407627820969, -0.0445884913206, 0.0599408261478, -0.049913007766, 0.0409479252994, -0.0227065663785], [0.000923136889469, -0.000779290101491, 0.000729912193492, 0.00453148176894, 0.00267605297267, 0.00230395398103, 0.0166828278452, -0.0286385938525, 0.0404852293432, -0.049913007766, 0.0621925406158, -0.0467217862606, 0.0376973897219], [-0.000512006634381, 0.00354350497946, 7.82087154221e-005, -0.00156645313837, -0.00101095135324, -9.55438054007e-007, -0.0124717419967, 0.0247695427388, -0.0278063584119, 0.0409479252994, -0.0467217862606, 0.0436091013253, -0.0300995446742], [0.00118396407925, 0.00012341295951, 0.00165493448731, 0.00497912894934, 0.00188128626905, 0.00581071479246, 0.00671498849988, -0.012980138883, 0.0185882393271, -0.0227065663785, 0.0376973897219, -0.0300995446742, 0.0373223237693]]
    },
    "melbands": {
        "mean": [1.13199426721e-007, 6.52956600788e-007, 7.48176753405e-005, 0.000306202418869, 0.00059210031759, 0.00111051264685, 0.00077142304508, 0.000229999393923, 0.00022893428104, 0.000116649694974, 8.07639880804e-005, 0.000120216602227, 7.96893364168e-005, 5.45729708392e-005, 4.77403445984e-005, 2.68436469923e-005, 1.48417775563e-005, 3.94157996197e-006, 1.67321979916e-006, 1.29506918256e-006, 7.42101917695e-007, 1.08493260598e-007, 5.35225872511e-008, 1.79222148233e-008, 1.0292816377e-008, 8.34539015671e-009, 5.2396282868e-009, 2.31252306193e-009, 1.03096464699e-009, 4.65434940589e-010, 2.19173124094e-010, 1.16292066255e-010, 8.70712946188e-011, 4.74647682269e-011, 2.10532424827e-011, 1.57247444232e-011, 1.16955776661e-011, 9.02513046935e-012, 7.10123236256e-012, 5.83177343222e-012],
        "var": [4.46335920697e-013, 2.10459653177e-011, 2.14427711143e-008, 1.61505170126e-007, 4.79914433527e-007, 3.53307541445e-006, 2.62591538558e-006, 9.69404709394e-007, 1.08850917968e-006, 2.46675938342e-007, 1.10841462231e-007, 2.64962579877e-007, 1.7606581082e-007, 8.92906655281e-008, 5.78215022529e-008, 3.06849585741e-008, 9.53173628915e-009, 1.04306718818e-009, 1.22569190908e-010, 6.65878185924e-011, 2.20132002904e-011, 6.40791239515e-013, 9.82093705947e-014, 1.32779715906e-014, 4.13489636411e-015, 5.85079749745e-015, 3.97486261773e-015, 8.86886482697e-016, 1.29247910389e-016, 7.94358085847e-018, 1.47613306462e-018, 6.39208678036e-019, 2.27085816016e-019, 7.97407861991e-020, 3.49957143522e-020, 2.96557206609e-020, 1.44293450677e-020, 9.35916492909e-021, 6.36211872147e-021, 4.41721838414e-021]
    },
    "mfcc": {
        "mean": [-954.532653809, 181.403762817, 43.9267311096, -26.7563686371, -38.438785553, -39.9037628174, -41.9829788208, -41.072429657, -37.798866272, -33.7079048157, -28.244802475, -21.3591442108, -14.8632202148],
        "cov": [[5865.5390625, 3507.35595703, -2648.08374023, -2420.69262695, -146.410491943, 448.602539063, 314.968994141, 271.167999268, 308.160461426, 282.661468506, 201.274810791, 156.189300537, 103.866706848], [3507.35595703, 2398.7565918, -1173.50561523, -1454.57543945, -270.666900635, 174.52482605, 145.989151001, 156.394790649, 192.675033569, 157.140335083, 87.4419708252, 23.7087516785, -53.9887161255], [-2648.08374023, -1173.50561523, 1915.3494873, 1351.21728516, -103.010452271, -377.389221191, -213.224716187, -112.704391479, -99.1679153442, -128.609710693, -152.776489258, -206.683761597, -258.941650391], [-2420.69262695, -1454.57543945, 1351.21728516, 1515.95861816, 318.838775635, -220.325485229, -168.605743408, -83.7308044434, -70.4753875732, -90.7490158081, -121.390808105, -146.644668579, -143.272033691], [-146.410491943, -270.666900635, -103.010452271, 318.838775635, 404.477081299, 164.44543457, 3.66524624825, -8.45610237122, 17.4154148102, 19.7749557495, 2.26861953735, 2.28890943527, 23.4586524963], [448.602539063, 174.52482605, -377.389221191, -220.325485229, 164.44543457, 251.240753174, 114.362365723, 0.274163454771, 0.622416675091, 43.3870239258, 65.4638595581, 74.1696090698, 78.8348922729], [314.968994141, 145.989151001, -213.224716187, -168.605743408, 3.66524624825, 114.362365723, 135.527191162, 58.4027175903, -3.39908051491, 15.2445135117, 54.1590423584, 63.5505142212, 56.3355140686], [271.167999268, 156.394790649, -112.704391479, -83.7308044434, -8.45610237122, 0.274163454771, 58.4027175903, 129.507507324, 105.381248474, 34.2595787048, 7.11638307571, -5.10534143448, -23.8977508545], [308.160461426, 192.675033569, -99.1679153442, -70.4753875732, 17.4154148102, 0.622416675091, -3.39908051491, 105.381248474, 213.024627686, 153.33442688, 19.0942516327, -46.2993621826, -70.9847488403], [282.661468506, 157.140335083, -128.609710693, -90.7490158081, 19.7749557495, 43.3870239258, 15.2445135117, 34.2595787048, 153.33442688, 199.03062439, 91.5774383545, -1.96804153919, -28.6637020111], [201.274810791, 87.4419708252, -152.776489258, -121.390808105, 2.26861953735, 65.4638595581, 54.1590423584, 7.11638307571, 19.0942516327, 91.5774383545, 123.693351746, 89.397315979, 50.6935501099], [156.189300537, 23.7087516785, -206.683761597, -146.644668579, 2.28890943527, 74.1696090698, 63.5505142212, -5.10534143448, -46.2993621826, -1.96804153919, 89.397315979, 147.970870972, 140.615814209], [103.866706848, -53.9887161255, -258.941650391, -143.272033691, 23.4586524963, 78.8348922729, 56.3355140686, -23.8977508545, -70.9847488403, -28.6637020111, 50.6935501099, 140.615814209, 201.227310181]],
        "icov": [[0.472090244293, -0.674695134163, 0.700431406498, -0.728960633278, 0.754054665565, -0.763105273247, 0.735615134239, -0.668866336346, 0.556962668896, -0.41847217083, 0.282130300999, -0.166132211685, 0.0651744827628], [-0.674695134163, 0.968149185181, -1.01169526577, 1.06501698494, -1.1123701334, 1.13570392132, -1.10241556168, 1.00612354279, -0.840925633907, 0.632789611816, -0.427212387323, 0.251241624355, -0.0971586555243], [0.700431406498, -1.01169526577, 1.08462536335, -1.17237925529, 1.2606306076, -1.31608760357, 1.30130827427, -1.20248544216, 1.01711082458, -0.77197766304, 0.526912391186, -0.312486290932, 0.123985774815], [-0.728960633278, 1.06501698494, -1.17237925529, 1.31340885162, -1.45834124088, 1.5641708374, -1.57656729221, 1.4766408205, -1.26185321808, 0.965277373791, -0.663155257702, 0.393748253584, -0.153250873089], [0.754054665565, -1.1123701334, 1.2606306076, -1.45834124088, 1.67463839054, -1.84218490124, 1.89218318462, -1.79735445976, 1.5528267622, -1.19900548458, 0.830679535866, -0.494364380836, 0.192677363753], [-0.763105273247, 1.13570392132, -1.31608760357, 1.5641708374, -1.84218490124, 2.08135223389, -2.17717194557, 2.10012292862, -1.83568513393, 1.43112421036, -0.999912917614, 0.597991108894, -0.232679203153], [0.735615134239, -1.10241556168, 1.30130827427, -1.57656729221, 1.89218318462, -2.17717194557, 2.3322725296, -2.28326869011, 2.02223610878, -1.59301900864, 1.11897921562, -0.67677885294, 0.262301266193], [-0.668866336346, 1.00612354279, -1.20248544216, 1.4766408205, -1.79735445976, 2.10012292862, -2.28326869011, 2.29442882538, -2.06559419632, 1.65199971199, -1.1762843132, 0.714862644672, -0.278902709484], [0.556962668896, -0.840925633907, 1.01711082458, -1.26185321808, 1.5528267622, -1.83568513393, 2.02223610878, -2.06559419632, 1.90364778042, -1.54821002483, 1.12087738514, -0.689805090427, 0.274637341499], [-0.41847217083, 0.632789611816, -0.77197766304, 0.965277373791, -1.19900548458, 1.43112421036, -1.59301900864, 1.65199971199, -1.54821002483, 1.29012918472, -0.956262052059, 0.598175525665, -0.23853610456], [0.282130300999, -0.427212387323, 0.526912391186, -0.663155257702, 0.830679535866, -0.999912917614, 1.11897921562, -1.1762843132, 1.12087738514, -0.956262052059, 0.745571136475, -0.48152923584, 0.195411503315], [-0.166132211685, 0.251241624355, -0.312486290932, 0.393748253584, -0.494364380836, 0.597991108894, -0.67677885294, 0.714862644672, -0.689805090427, 0.598175525665, -0.48152923584, 0.339839756489, -0.14517942071], [0.0651744827628, -0.0971586555243, 0.123985774815, -0.153250873089, 0.192677363753, -0.232679203153, 0.262301266193, -0.278902709484, 0.274637341499, -0.23853610456, 0.195411503315, -0.14517942071, 0.0729573145509]]
    },
    "spectral_contrast_coeffs": {
        "mean": [-0.393371999264, -0.483882427216, -0.664534747601, -0.778742134571, -0.829682767391, -0.888698935509],
        "var": [0.0147843752056, 0.0122651942074, 0.0100939106196, 0.00742093427107, 0.0020883907564, 0.00274309981614]
    },
    "spectral_contrast_valleys": {
        "mean": [-11.632106781, -9.20057964325, -10.5307607651, -11.7967157364, -13.1097774506, -15.0454502106],
        "var": [1.64487957954, 2.89616894722, 3.25946593285, 2.8622303009, 1.43818974495, 1.52551603317]
    }
},
"metadata": {
    "audio_properties": {
        "analysis_sample_rate": 44100,
        "bit_rate": 82663,
        "equal_loudness": 0,
        "length": 45.0873451233,
        "lossless": 0,
        "replay_gain": -11.9348163605,
        "sample_rate": 44100,
        "codec": "mp3",
        "downmix": "mix",
        "md5_encoded": "6d1d49ec0787a57566573ea0f41e1eaf"
    },
    "tags": {
        "file_name": "445.mp3"
    },
    "version": {
        "essentia": "2.1-beta2",
        "essentia_git_sha": "v2.1_beta2",
        "extractor": "music 1.0"
    }
},
"rhythm": {
    "beats_count": 99,
    "beats_loudness": {
        "mean": 0.0231788735837,
        "var": 0.000915735436138
    },
    "bpm": 148.170501709,
    "bpm_histogram_first_peak_bpm": {
        "mean": 148,
        "var": 0
    },
    "bpm_histogram_first_peak_spread": {
        "mean": 0.578947365284,
        "var": 0
    },
    "bpm_histogram_first_peak_weight": {
        "mean": 0.163265302777,
        "var": 0
    },
    "bpm_histogram_second_peak_bpm": {
        "mean": 157,
        "var": 0
    },
    "bpm_histogram_second_peak_spread": {
        "mean": 0.388888895512,
        "var": 0
    },
    "bpm_histogram_second_peak_weight": {
        "mean": 0.112244896591,
        "var": 0
    },
    "danceability": 0.978658795357,
    "onset_rate": 1.75147807598,
    "beats_loudness_band_ratio": {
        "mean": [0.0631111115217, 0.676643133163, 0.278302401304, 0.0790960639715, 0.00196351972409, 1.11026020022e-005],
        "var": [0.0126411952078, 0.0936295315623, 0.0610123500228, 0.0189498178661, 6.7269684223e-005, 3.75663306018e-010]
    },
    "beats_position": [0.487619042397, 0.975238084793, 1.47446703911, 1.97369611263, 2.48453521729, 2.97215414047, 3.48299312592, 3.99383211136, 4.5627207756, 5.14321994781, 5.73532867432, 6.31582736969, 6.88471651077, 7.45360517502, 8.0224943161, 8.59138298035, 9.14866161346, 9.70594120026, 10.2748298645, 10.8437185287, 11.4009971619, 11.9814968109, 12.538775444, 13.1192741394, 13.6881628036, 14.2918815613, 14.8491611481, 15.2903394699, 15.696688652, 16.1030387878, 16.5674381256, 17.0550556183, 17.5542850494, 17.9722442627, 18.3669834137, 18.7501125336, 19.1332416534, 19.5279808044, 19.9227199554, 20.3058490753, 20.6773700714, 21.0488891602, 21.43201828, 21.8151473999, 22.221496582, 22.616235733, 22.9993648529, 23.3824939728, 23.800453186, 24.195192337, 24.6015415192, 25.0078907013, 25.4258499146, 25.8438091278, 26.2385482788, 26.6100673676, 27.0048065186, 27.3995456696, 27.7710647583, 28.142583847, 28.537322998, 28.932062149, 29.3151912689, 29.7099323273, 30.0930614471, 30.4645805359, 30.8128795624, 31.1843986511, 31.5791378021, 31.962266922, 32.3453979492, 32.7517471313, 33.1580963135, 33.5644454956, 33.9707946777, 34.4003639221, 34.818321228, 35.2246704102, 35.7122879028, 36.1999092102, 36.6875267029, 37.1751480103, 37.6627655029, 38.1503829956, 38.6263923645, 39.0443534851, 39.462310791, 39.8686599731, 40.2634010315, 40.6697502136, 41.0760993958, 41.4824485779, 41.88879776, 42.2951469421, 42.713104248, 43.1310653687, 43.560634613, 43.9902038574, 44.4197731018]
},
"tonal": {
    "chords_changes_rate": 0.0596707835793,
    "chords_number_rate": 0.0144032919779,
    "chords_strength": {
        "mean": 0.424078404903,
        "var": 0.0108722560108
    },
    "hpcp_entropy": {
        "mean": 0.742266356945,
        "var": 0.357713311911
    },
    "key_strength": 0.630825340748,
    "tuning_diatonic_strength": 0.412340432405,
    "tuning_equal_tempered_deviation": 0.00168437534012,
    "tuning_frequency": 437.971466064,
    "tuning_nontempered_energy_ratio": 0.583277761936,
    "hpcp": {
        "mean": [0.229306921363, 0.130074292421, 0.0458240732551, 0.102347463369, 0.0619895793498, 0.00536528648809, 0.00811348948628, 0.00564196705818, 0.0662280470133, 0.132757440209, 0.0676886737347, 0.0299616698176, 0.0780312791467, 0.0537777580321, 0.0893872231245, 0.175765812397, 0.0960674136877, 0.0246904157102, 0.0480238571763, 0.0288038421422, 0.0390938706696, 0.0901777744293, 0.0535924322903, 0.136662006378, 0.271077036858, 0.13713593781, 0.0378661490977, 0.0747819170356, 0.0389339700341, 0.0957690477371, 0.190259173512, 0.0972060859203, 0.00822643842548, 0.0135874710977, 0.00792237743735, 0.103125981987],
        "var": [0.129835724831, 0.0441379249096, 0.0123438034207, 0.0578768476844, 0.0203774068505, 0.000671499350574, 0.00394380325451, 0.00170647422783, 0.0202204212546, 0.0792614296079, 0.0203277673572, 0.00849982351065, 0.0578808411956, 0.0268394052982, 0.0323926508427, 0.119844786823, 0.0389186218381, 0.0101494165137, 0.0408103875816, 0.0153350494802, 0.0131086912006, 0.0717264264822, 0.0256185606122, 0.0470820665359, 0.185645282269, 0.047245759517, 0.0128553174436, 0.0518815144897, 0.0139318816364, 0.0320460386574, 0.125476866961, 0.0328351929784, 0.00312042562291, 0.00900776777416, 0.00274430937134, 0.0257520265877]
    },
    "chords_histogram": [9.67078208923, 4.52674913406, 28.3950614929, 7.71604919434, 6.79012346268, 0, 2.88065838814, 3.80658435822, 9.87654304504, 0, 4.83539104462, 0, 0, 0, 0.102880656719, 0, 0, 4.52674913406, 0.411522626877, 3.18930029869, 1.13168728352, 2.67489719391, 0, 9.46502017975],
    "thpcp": [1, 0.50589287281, 0.139687776566, 0.275869607925, 0.143626958132, 0.353290885687, 0.701863825321, 0.358592092991, 0.0303472355008, 0.0501240193844, 0.0292255580425, 0.380430519581, 0.845910549164, 0.479842543602, 0.169044464827, 0.377558588982, 0.228678822517, 0.0197924785316, 0.0299305673689, 0.0208131503314, 0.244314491749, 0.489740639925, 0.249702721834, 0.110528245568, 0.287856459618, 0.19838552177, 0.329748421907, 0.648398041725, 0.354391545057, 0.0910826548934, 0.177159443498, 0.106257036328, 0.144216835499, 0.332664757967, 0.197701856494, 0.50414454937],
    "chords_key": "F",
    "chords_scale": "major",
    "key_key": "A#",
    "key_scale": "major"
}
}