{
"lowlevel": {
    "average_loudness": 0.972780883312,
    "barkbands_crest": {
        "mean": 11.0224819183,
        "var": 11.7052221298
    },
    "barkbands_flatness_db": {
        "mean": 0.2272259444,
        "var": 0.0082226479426
    },
    "barkbands_kurtosis": {
        "mean": 17.3192119598,
        "var": 559.513122559
    },
    "barkbands_skewness": {
        "mean": 2.83805894852,
        "var": 3.63329863548
    },
    "barkbands_spread": {
        "mean": 15.3840780258,
        "var": 232.701843262
    },
    "dissonance": {
        "mean": 0.455673366785,
        "var": 0.00176906760316
    },
    "dynamic_complexity": 2.31396818161,
    "erbbands_crest": {
        "mean": 10.2435064316,
        "var": 23.2826976776
    },
    "erbbands_flatness_db": {
        "mean": 0.180050551891,
        "var": 0.00373059045523
    },
    "erbbands_kurtosis": {
        "mean": 3.61492609978,
        "var": 90.1382522583
    },
    "erbbands_skewness": {
        "mean": 0.812008559704,
        "var": 2.41288590431
    },
    "erbbands_spread": {
        "mean": 47.8671760559,
        "var": 901.306396484
    },
    "hfc": {
        "mean": 15.6403913498,
        "var": 294.788360596
    },
    "melbands_crest": {
        "mean": 15.5229187012,
        "var": 16.6283893585
    },
    "melbands_flatness_db": {
        "mean": 0.299876868725,
        "var": 0.0126697607338
    },
    "melbands_kurtosis": {
        "mean": 47.1548995972,
        "var": 3262.07104492
    },
    "melbands_skewness": {
        "mean": 4.44350814819,
        "var": 7.23209285736
    },
    "melbands_spread": {
        "mean": 13.7639684677,
        "var": 389.733978271
    },
    "pitch_salience": {
        "mean": 0.571365475655,
        "var": 0.00986076425761
    },
    "silence_rate_20dB": {
        "mean": 1,
        "var": 0
    },
    "silence_rate_30dB": {
        "mean": 0.996910393238,
        "var": 0.00308004417457
    },
    "silence_rate_60dB": {
        "mean": 0.0401647798717,
        "var": 0.0385518223047
    },
    "spectral_centroid": {
        "mean": 925.345703125,
        "var": 709005.8125
    },
    "spectral_complexity": {
        "mean": 12.1616888046,
        "var": 99.7894058228
    },
    "spectral_decrease": {
        "mean": -9.45023792553e-009,
        "var": 4.74472023588e-017
    },
    "spectral_energy": {
        "mean": 0.0370859764516,
        "var": 0.000710241496563
    },
    "spectral_energyband_high": {
        "mean": 0.000679193355609,
        "var": 1.87730756807e-006
    },
    "spectral_energyband_low": {
        "mean": 0.0210200734437,
        "var": 0.000389686785638
    },
    "spectral_energyband_middle_high": {
        "mean": 0.00262043438852,
        "var": 2.13803159568e-005
    },
    "spectral_energyband_middle_low": {
        "mean": 0.0163520127535,
        "var": 0.000252261641435
    },
    "spectral_entropy": {
        "mean": 7.1245059967,
        "var": 0.611420154572
    },
    "spectral_flux": {
        "mean": 0.100058987737,
        "var": 0.00392049830407
    },
    "spectral_kurtosis": {
        "mean": 7.27654981613,
        "var": 173.627670288
    },
    "spectral_rms": {
        "mean": 0.00559169799089,
        "var": 4.91437822348e-006
    },
    "spectral_rolloff": {
        "mean": 908.728088379,
        "var": 2491258.25
    },
    "spectral_skewness": {
        "mean": 1.79571056366,
        "var": 1.32045209408
    },
    "spectral_spread": {
        "mean": 4687612,
        "var": 5.07354965606e+012
    },
    "spectral_strongpeak": {
        "mean": 0.635800659657,
        "var": 0.770179688931
    },
    "zerocrossingrate": {
        "mean": 0.0428787358105,
        "var": 0.00143508054316
    },
    "barkbands": {
        "mean": [0.000207196455449, 0.00949102081358, 0.00776463141665, 0.00648216623813, 0.00624112226069, 0.00130268593784, 0.00132526177913, 0.000650388887152, 0.0003063887998, 8.54376557982e-005, 1.11148538053e-005, 0.000106178733404, 0.000234895531321, 0.000465822464321, 0.00040759408148, 0.000362831866369, 0.000338815472787, 0.000222083195695, 0.000291959557217, 0.000204678624868, 0.000157731759828, 0.000175813125679, 0.000102316997072, 7.7975950262e-005, 5.2251136367e-005, 1.7500758986e-005, 1.62392296943e-007],
        "var": [2.18926714979e-007, 7.43291602703e-005, 0.000127138671814, 6.22434017714e-005, 8.97457575775e-005, 4.67006339022e-006, 7.0773871812e-006, 1.70991677351e-006, 4.13974163394e-007, 5.78462469036e-008, 5.24436327698e-010, 6.34812948874e-008, 5.953991149e-007, 2.91175001621e-006, 1.69539725903e-006, 1.44246621403e-006, 8.157035154e-007, 2.99619500765e-007, 7.21031597095e-007, 2.74178518112e-007, 1.38842295883e-007, 1.09388849978e-007, 1.36759268798e-007, 3.19972954799e-008, 4.03794757631e-008, 1.85888693327e-009, 1.52000916194e-012]
    },
    "erbbands": {
        "mean": [0.197435393929, 2.41704320908, 7.96462392807, 17.6383895874, 23.9389533997, 19.1898097992, 10.6946296692, 10.0088663101, 15.7338275909, 21.802690506, 11.2261743546, 7.94636297226, 3.91061043739, 1.24467456341, 0.813402235508, 5.43764686584, 10.8881044388, 23.913438797, 20.6903705597, 22.2249488831, 19.1387672424, 18.05443573, 13.0507793427, 14.4483327866, 13.7022066116, 9.51738929749, 7.22707700729, 5.78891706467, 6.33990192413, 4.88510036469, 2.67846655846, 2.05889725685, 1.02548193932, 0.593419194221, 0.326680123806, 0.15717035532, 0.0146198915318, 0.00126484513748, 5.38631356903e-005, 4.48576975032e-005],
        "var": [0.0467083267868, 5.0656952858, 100.753707886, 485.504943848, 899.733764648, 1023.41162109, 405.98815918, 265.452178955, 836.598022461, 2644.79443359, 510.977508545, 283.877044678, 86.328956604, 8.81458282471, 2.21952748299, 144.124511719, 1256.09216309, 7901.87353516, 2236.73999023, 5824.06054688, 3944.53564453, 2191.54345703, 961.495788574, 1705.53820801, 1285.80493164, 597.043273926, 361.536804199, 134.811828613, 161.723480225, 132.425796509, 101.822410583, 14.8341274261, 12.463804245, 8.27826023102, 1.17789137363, 0.136374309659, 0.00171651272103, 2.87217171717e-005, 1.84591701924e-008, 1.0206109291e-009]
    },
    "gfcc": {
        "mean": [-47.7341003418, 107.728820801, -85.7930145264, 68.6431884766, -50.7377624512, 12.3911266327, -50.8032569885, -1.8618260622, -12.1997051239, 4.65234088898, -17.4369792938, -16.4780273438, -16.0437145233],
        "cov": [[8867.75, -2026.72753906, -1187.83325195, 675.340759277, -258.901367188, 486.92175293, -388.25177002, 417.922271729, -590.616638184, 216.648468018, -466.509429932, 322.188018799, -220.369552612], [-2026.72753906, 2348.2512207, 420.413787842, -435.248718262, 255.911773682, -323.274871826, 288.330688477, -335.281890869, 469.307983398, -162.21875, 364.904022217, -340.75100708, 185.470031738], [-1187.83325195, 420.413787842, 1263.3425293, 356.469116211, 164.237380981, 35.7448310852, 142.063613892, 14.6023826599, 137.73260498, -5.65981149673, 20.7317447662, -42.9753265381, 8.82483863831], [675.340759277, -435.248718262, 356.469116211, 881.006958008, 349.420318604, 134.166259766, 97.6342391968, 158.843673706, -83.0114440918, -62.2184715271, -59.9934425354, 32.5187339783, 47.824344635], [-258.901367188, 255.911773682, 164.237380981, 349.420318604, 787.478637695, 156.130462646, 168.054229736, -17.0227069855, 31.1689834595, -75.2464523315, 23.4420051575, 2.69488668442, 38.3874778748], [486.92175293, -323.274871826, 35.7448310852, 134.166259766, 156.130462646, 322.011291504, 29.7981319427, 45.5517730713, -82.5638656616, 26.0939807892, -64.3897323608, 57.5102310181, -29.8146305084], [-388.25177002, 288.330688477, 142.063613892, 97.6342391968, 168.054229736, 29.7981319427, 230.904525757, 41.3210830688, 56.8337440491, -67.3083343506, 34.8917617798, -43.4029426575, 34.3034286499], [417.922271729, -335.281890869, 14.6023826599, 158.843673706, -17.0227069855, 45.5517730713, 41.3210830688, 216.80255127, -12.514040947, 32.5159301758, -78.3746414185, 44.7853355408, -31.4383792877], [-590.616638184, 469.307983398, 137.73260498, -83.0114440918, 31.1689834595, -82.5638656616, 56.8337440491, -12.514040947, 216.899124146, 26.5457801819, 83.120765686, -85.9411621094, 27.9799060822], [216.648468018, -162.21875, -5.65981149673, -62.2184715271, -75.2464523315, 26.0939807892, -67.3083343506, 32.5159301758, 26.5457801819, 137.232315063, -1.26747488976, 30.1131572723, -49.0188140869], [-466.509429932, 364.904022217, 20.7317447662, -59.9934425354, 23.4420051575, -64.3897323608, 34.8917617798, -78.3746414185, 83.120765686, -1.26747488976, 155.94380188, -53.090511322, 42.4985923767], [322.188018799, -340.75100708, -42.9753265381, 32.5187339783, 2.69488668442, 57.5102310181, -43.4029426575, 44.7853355408, -85.9411621094, 30.1131572723, -53.090511322, 142.278869629, -21.4415531158], [-220.369552612, 185.470031738, 8.82483863831, 47.824344635, 38.3874778748, -29.8146305084, 34.3034286499, -31.4383792877, 27.9799060822, -49.0188140869, 42.4985923767, -21.4415531158, 98.5277404785]],
        "icov": [[0.00030097051058, -0.000544698617887, 0.000478810427012, -0.000694874557666, 0.000326414679876, -0.00042488676263, 0.000438276096247, -0.000364520295989, 0.000691780762281, -0.000707835773937, 0.000693184614647, -0.000360591569915, 0.000542181136552], [-0.000544698617887, 0.00373641843908, -0.00158354651649, 0.00275875721127, -0.00146971608046, 0.00169738277327, -0.00221307110041, 0.00223541655578, -0.00381535151973, 0.00296310870908, -0.00292750075459, 0.0026376019232, -0.00248458259739], [0.000478810427012, -0.00158354651649, 0.00211584684439, -0.00229648058303, 0.00105487660039, -0.00102410174441, 0.000328253663611, 1.2577878806e-005, 0.000445331766969, -0.00166713248473, 0.0020028075669, -0.00155390647706, 0.0019879010506], [-0.000694874557666, 0.00275875721127, -0.00229648058303, 0.00496926903725, -0.00237185438164, 0.00140888115857, -0.000943459745031, -0.000937640725169, -0.000928314751945, 0.00279348017648, -0.00303498934954, 0.00295138219371, -0.003969124984], [0.000326414679876, -0.00146971608046, 0.00105487660039, -0.00237185438164, 0.00294787297025, -0.0017140165437, -0.000371016561985, 0.000748164718971, -5.1452047046e-005, -0.000504494120833, 0.00141523592174, -0.00221613328904, 0.00192508718465], [-0.00042488676263, 0.00169738277327, -0.00102410174441, 0.00140888115857, -0.0017140165437, 0.0056484406814, -0.00244928291067, 0.00130623474251, 0.000284575042315, -0.00103970500641, -0.000180716393515, 0.00110488815699, -0.00137074256781], [0.000438276096247, -0.00221307110041, 0.000328253663611, -0.000943459745031, -0.000371016561985, -0.00244928291067, 0.0100921625271, -0.00556862633675, 0.00137747474946, 0.00299144070596, -0.00101433508098, -0.000149630461237, 0.00118964421563], [-0.000364520295989, 0.00223541655578, 1.2577878806e-005, -0.000937640725169, 0.000748164718971, 0.00130623474251, -0.00556862633675, 0.0115912137553, -0.0053025437519, -0.000974286056589, 0.00303716235794, -0.00126402964815, 0.000607790367212], [0.000691780762281, -0.00381535151973, 0.000445331766969, -0.000928314751945, -5.1452047046e-005, 0.000284575042315, 0.00137747474946, -0.0053025437519, 0.0155805554241, -0.00816172361374, 0.000612688076217, 0.00282530602999, -0.00105989410076], [-0.000707835773937, 0.00296310870908, -0.00166713248473, 0.00279348017648, -0.000504494120833, -0.00103970500641, 0.00299144070596, -0.000974286056589, -0.00816172361374, 0.0178745090961, -0.00623312452808, -0.00126188818831, 0.00378652103245], [0.000693184614647, -0.00292750075459, 0.0020028075669, -0.00303498934954, 0.00141523592174, -0.000180716393515, -0.00101433508098, 0.00303716235794, 0.000612688076217, -0.00623312452808, 0.0147381881252, -0.00144465838093, -0.000875445199199], [-0.000360591569915, 0.0026376019232, -0.00155390647706, 0.00295138219371, -0.00221613328904, 0.00110488815699, -0.000149630461237, -0.00126402964815, 0.00282530602999, -0.00126188818831, -0.00144465838093, 0.0137938521802, -0.00402361387387], [0.000542181136552, -0.00248458259739, 0.0019879010506, -0.003969124984, 0.00192508718465, -0.00137074256781, 0.00118964421563, 0.000607790367212, -0.00105989410076, 0.00378652103245, -0.000875445199199, -0.00402361387387, 0.0180893670768]]
    },
    "melbands": {
        "mean": [0.00225007580593, 0.00399711262435, 0.00326432916336, 0.00164897472132, 0.000425527687185, 0.00023171765497, 0.000254307495197, 0.000221358641284, 8.10487472336e-005, 4.57947317045e-005, 1.81141840585e-005, 5.23928656548e-006, 1.62628032285e-006, 8.85449480847e-006, 2.02193568839e-005, 2.40671524807e-005, 4.89301710331e-005, 3.22794840031e-005, 2.98605755233e-005, 2.79231589957e-005, 2.1664378437e-005, 1.93784035218e-005, 1.42832723213e-005, 1.04401588032e-005, 1.19534188343e-005, 1.03304646473e-005, 8.69453924679e-006, 5.75233525524e-006, 4.61396120954e-006, 3.81190352527e-006, 3.19598530041e-006, 3.46864021594e-006, 3.49918082065e-006, 2.42676833295e-006, 1.56837393206e-006, 1.3353619579e-006, 1.17526803933e-006, 7.07629851604e-007, 6.07110052897e-007, 4.57898067907e-007],
        "var": [4.31907074017e-006, 1.77796409844e-005, 1.22642113638e-005, 5.84353983868e-006, 5.67300844523e-007, 1.45738084711e-007, 2.18861572421e-007, 2.48191497576e-007, 2.73195777112e-008, 9.94868987192e-009, 2.06940975467e-009, 1.82260040393e-010, 1.02312481404e-011, 3.93290205958e-010, 4.15919654273e-009, 5.63153124133e-009, 4.00683610735e-008, 5.64190205665e-009, 1.35822864067e-008, 9.29940924266e-009, 6.18705442434e-009, 2.75106626368e-009, 1.50185808234e-009, 7.00862035075e-010, 1.35605193741e-009, 9.26266952028e-010, 5.89567450415e-010, 2.20062176814e-010, 1.71445024844e-010, 8.11243919263e-011, 4.21460019662e-011, 4.99862269632e-011, 4.78820490202e-011, 4.75020196788e-011, 5.03317422462e-011, 1.12812805972e-011, 4.295912584e-012, 4.57001233731e-012, 1.2035359688e-011, 5.60274526426e-012]
    },
    "mfcc": {
        "mean": [-693.217224121, 121.05266571, 30.1879043579, 52.797328949, 25.098236084, 18.3766918182, -14.4801158905, -6.4411907196, -4.00193834305, 10.6090497971, 8.52181243896, -0.997608721256, -8.20522785187],
        "cov": [[7546.89501953, -2300.70629883, -1081.82971191, 5.20285654068, -117.960121155, 17.4077854156, 131.249725342, 143.804550171, 6.49241399765, -36.0520057678, -198.278869629, -98.4214248657, -94.471244812], [-2300.70629883, 2282.85839844, 281.093841553, -188.381347656, 25.1180286407, -8.54880905151, -114.92351532, -162.287918091, -16.4128684998, 64.9730148315, 147.724411011, 81.4034423828, 44.8492546082], [-1081.82971191, 281.093841553, 1040.88476563, 240.206314087, 12.7619953156, 26.6510829926, -5.25464057922, 0.388655006886, 61.5755310059, 42.805393219, 73.4789733887, 33.6633720398, 33.7390365601], [5.20285654068, -188.381347656, 240.206314087, 706.224731445, 319.419708252, 107.641548157, 173.905349731, 173.115158081, 118.523948669, 59.2211112976, -29.9175186157, -4.68666982651, -5.78706359863], [-117.960121155, 25.1180286407, 12.7619953156, 319.419708252, 479.485412598, 236.360855103, 158.510192871, 102.240158081, 67.0095062256, 52.5685386658, 9.17722606659, -4.2344121933, 1.66679775715], [17.4077854156, -8.54880905151, 26.6510829926, 107.641548157, 236.360855103, 299.797149658, 135.156448364, 93.2610702515, 20.4687995911, 18.4025344849, 3.69845247269, -11.6595830917, -20.9479064941], [131.249725342, -114.92351532, -5.25464057922, 173.905349731, 158.510192871, 135.156448364, 254.419708252, 129.839248657, 60.0011634827, 14.8196496964, -17.178817749, -10.3151016235, -17.2133274078], [143.804550171, -162.287918091, 0.388655006886, 173.115158081, 102.240158081, 93.2610702515, 129.839248657, 220.265426636, 81.7037353516, 23.126083374, -23.9852371216, -22.5962104797, -10.1911115646], [6.49241399765, -16.4128684998, 61.5755310059, 118.523948669, 67.0095062256, 20.4687995911, 60.0011634827, 81.7037353516, 146.443756104, 55.6796455383, 16.6630573273, 8.30616283417, 2.51908421516], [-36.0520057678, 64.9730148315, 42.805393219, 59.2211112976, 52.5685386658, 18.4025344849, 14.8196496964, 23.126083374, 55.6796455383, 103.671340942, 45.5129776001, 18.6992435455, 13.5435590744], [-198.278869629, 147.724411011, 73.4789733887, -29.9175186157, 9.17722606659, 3.69845247269, -17.178817749, -23.9852371216, 16.6630573273, 45.5129776001, 107.727989197, 50.0867156982, 19.5824337006], [-98.4214248657, 81.4034423828, 33.6633720398, -4.68666982651, -4.2344121933, -11.6595830917, -10.3151016235, -22.5962104797, 8.30616283417, 18.6992435455, 50.0867156982, 87.2905960083, 32.320892334], [-94.471244812, 44.8492546082, 33.7390365601, -5.78706359863, 1.66679775715, -20.9479064941, -17.2133274078, -10.1911115646, 2.51908421516, 13.5435590744, 19.5824337006, 32.320892334, 66.2358093262]],
        "icov": [[0.000224962132052, 0.000200195005164, 0.000195650281967, -4.90535603603e-005, 0.000147787461174, -0.000120995071484, -2.6315334253e-005, 8.73890676303e-005, -6.00968051003e-005, -0.000178453716217, 8.60508444021e-005, -3.41779341397e-005, 7.59933900554e-005], [0.000200195005164, 0.000708671519533, 1.68529768416e-005, 0.000177724694367, -0.000113883608719, -6.06789253652e-005, 5.24497954757e-005, 0.000310990581056, -5.21637848578e-005, -0.000326558627421, -0.000271058030194, -0.000159963063197, 8.47332921694e-005], [0.000195650281967, 1.68529768416e-005, 0.00148099311627, -0.000938053126447, 0.000915533106308, -0.000755821471103, 0.000175821201992, 0.000494335254189, -0.000521579058841, 0.000220394591452, -0.00095978268655, 0.000482732721139, -0.000686055806], [-4.90535603603e-005, 0.000177724694367, -0.000938053126447, 0.0032773190178, -0.00239190110005, 0.00154243945144, -0.000562829955015, -0.0013428425882, -0.000193518368178, -0.000874445773661, 0.00173955480568, -0.00117547728587, 0.00101444986649], [0.000147787461174, -0.000113883608719, 0.000915533106308, -0.00239190110005, 0.00571594480425, -0.00388398370706, -0.000563542882446, 0.00130099907983, -0.000798740889877, -0.000443251250545, -0.000928694498725, 0.00123153266031, -0.00191128242295], [-0.000120995071484, -6.06789253652e-005, -0.000755821471103, 0.00154243945144, -0.00388398370706, 0.00740366987884, -0.00177961820737, -0.00206954125315, 0.00182204053272, -0.000304685701849, -0.000206174314371, -0.000510947662406, 0.00234989495948], [-2.6315334253e-005, 5.24497954757e-005, 0.000175821201992, -0.000562829955015, -0.000563542882446, -0.00177961820737, 0.00711772078648, -0.0024021374993, -0.000961229787208, 0.00070532085374, 0.000389771012124, -0.00084168248577, 0.000907542649657], [8.73890676303e-005, 0.000310990581056, 0.000494335254189, -0.0013428425882, 0.00130099907983, -0.00206954125315, -0.0024021374993, 0.00896367896348, -0.00353923276998, -4.76153654745e-005, 0.000517888518516, 0.00191068765707, -0.00132854992989], [-6.00968051003e-005, -5.21637848578e-005, -0.000521579058841, -0.000193518368178, -0.000798740889877, 0.00182204053272, -0.000961229787208, -0.00353923276998, 0.0115387756377, -0.00472933147103, -0.000172897300217, -0.00104206311516, 0.0010881627677], [-0.000178453716217, -0.000326558627421, 0.000220394591452, -0.000874445773661, -0.000443251250545, -0.000304685701849, 0.00070532085374, -4.76153654745e-005, -0.00472933147103, 0.0157075747848, -0.00633473042399, 0.00143776391633, -0.00199198187329], [8.60508444021e-005, -0.000271058030194, -0.00095978268655, 0.00173955480568, -0.000928694498725, -0.000206174314371, 0.000389771012124, 0.000517888518516, -0.000172897300217, -0.00633473042399, 0.0175100341439, -0.00820222124457, 0.00121377885807], [-3.41779341397e-005, -0.000159963063197, 0.000482732721139, -0.00117547728587, 0.00123153266031, -0.000510947662406, -0.00084168248577, 0.00191068765707, -0.00104206311516, 0.00143776391633, -0.00820222124457, 0.0189770217985, -0.00749592157081], [7.59933900554e-005, 8.47332921694e-005, -0.000686055806, 0.00101444986649, -0.00191128242295, 0.00234989495948, 0.000907542649657, -0.00132854992989, 0.0010881627677, -0.00199198187329, 0.00121377885807, -0.00749592157081, 0.0200742390007]]
    },
    "spectral_contrast_coeffs": {
        "mean": [-0.601562082767, -0.736724615097, -0.773069620132, -0.801734924316, -0.816582977772, -0.735625207424],
        "var": [0.00761418417096, 0.00669193454087, 0.00395064707845, 0.00396345509216, 0.00222795968875, 0.0031234503258]
    },
    "spectral_contrast_valleys": {
        "mean": [-6.94387960434, -7.09731626511, -8.83778381348, -8.10891532898, -8.02604293823, -10.7988834381],
        "var": [1.83820819855, 1.34965157509, 1.32764792442, 1.50368010998, 1.85209214687, 2.05669760704]
    }
},
"metadata": {
    "audio_properties": {
        "analysis_sample_rate": 44100,
        "bit_rate": 111834,
        "equal_loudness": 0,
        "length": 45.0612258911,
        "lossless": 0,
        "replay_gain": -13.830821991,
        "sample_rate": 44100,
        "codec": "mp3",
        "downmix": "mix",
        "md5_encoded": "64f5c6429819fafe9a73d032b9fc713a"
    },
    "tags": {
        "file_name": "448.mp3"
    },
    "version": {
        "essentia": "2.1-beta2",
        "essentia_git_sha": "v2.1_beta2",
        "extractor": "music 1.0"
    }
},
"rhythm": {
    "beats_count": 78,
    "beats_loudness": {
        "mean": 0.0502798892558,
        "var": 0.00031376152765
    },
    "bpm": 105.008735657,
    "bpm_histogram_first_peak_bpm": {
        "mean": 105,
        "var": 0
    },
    "bpm_histogram_first_peak_spread": {
        "mean": 0.350649356842,
        "var": 0
    },
    "bpm_histogram_first_peak_weight": {
        "mean": 0.649350643158,
        "var": 0
    },
    "bpm_histogram_second_peak_bpm": {
        "mean": 0,
        "var": 0
    },
    "bpm_histogram_second_peak_spread": {
        "mean": 0,
        "var": 0
    },
    "bpm_histogram_second_peak_weight": {
        "mean": 0,
        "var": 0
    },
    "danceability": 1.2174987793,
    "onset_rate": 5.81169128418,
    "beats_loudness_band_ratio": {
        "mean": [0.664668083191, 0.241253480315, 0.0457825250924, 0.0217237602919, 0.0419776365161, 0.0480613820255],
        "var": [0.0636474937201, 0.0501253306866, 0.00203685392626, 0.00069989048643, 0.00224234769121, 0.0026173053775]
    },
    "beats_position": [0.53405892849, 1.10294783115, 1.67183673382, 2.22911548615, 2.79800438881, 3.36689329147, 3.94739222527, 4.52789115906, 5.0967798233, 5.66566896439, 6.24616765976, 6.81505680084, 7.38394546509, 7.95283412933, 8.52172279358, 9.0906124115, 9.65950107574, 10.2399997711, 10.8088884354, 11.3777770996, 11.9582767487, 12.5155553818, 13.084444046, 13.6533327103, 14.2338323593, 14.8143310547, 15.3832197189, 15.9521083832, 16.5209980011, 17.0898857117, 17.6703853607, 18.2276649475, 18.8081626892, 19.3770523071, 19.9459400177, 20.5148296356, 21.0837192535, 21.6526069641, 22.221496582, 22.7903842926, 23.3708839417, 23.9397735596, 24.5086612701, 25.0775508881, 25.6580486298, 26.2385482788, 26.8074378967, 27.3763256073, 27.9452152252, 28.5141029358, 29.0829925537, 29.6518821716, 30.2207698822, 30.8012695313, 31.3701572418, 31.9506568909, 32.5311546326, 33.1000442505, 33.6689338684, 34.2378234863, 34.8067131042, 35.3755989075, 35.9444885254, 36.5249862671, 37.1054878235, 37.6743774414, 38.2432632446, 38.8005447388, 39.3810424805, 39.9499320984, 40.5188217163, 41.0877075195, 41.6565971375, 42.2370948792, 42.7943763733, 43.374874115, 43.9553718567, 44.5358734131]
},
"tonal": {
    "chords_changes_rate": 0.0977366268635,
    "chords_number_rate": 0.0123456791043,
    "chords_strength": {
        "mean": 0.48282840848,
        "var": 0.00848369114101
    },
    "hpcp_entropy": {
        "mean": 2.39047837257,
        "var": 0.761164665222
    },
    "key_strength": 0.816082596779,
    "tuning_diatonic_strength": 0.696180701256,
    "tuning_equal_tempered_deviation": 0.0675127133727,
    "tuning_frequency": 437.971466064,
    "tuning_nontempered_energy_ratio": 0.793582320213,
    "hpcp": {
        "mean": [0.134006887674, 0.120492510498, 0.115944907069, 0.151343047619, 0.130601331592, 0.0862010270357, 0.0880790799856, 0.100311182439, 0.182991340756, 0.263231605291, 0.178047150373, 0.0838853344321, 0.0802056863904, 0.0771668925881, 0.0811435505748, 0.113782726228, 0.11636929214, 0.111515454948, 0.116827309132, 0.0906109139323, 0.0787854120135, 0.0908368825912, 0.105226770043, 0.177474573255, 0.215492874384, 0.130973100662, 0.0709795504808, 0.063917003572, 0.0651023983955, 0.134983152151, 0.21609531343, 0.15629760921, 0.0743574649096, 0.0718346014619, 0.0754479020834, 0.100847043097],
        "var": [0.0638164952397, 0.0489731989801, 0.0433413386345, 0.0780668631196, 0.0600973293185, 0.0285614952445, 0.0375437289476, 0.040640104562, 0.0717788785696, 0.141148149967, 0.0684760138392, 0.0348186567426, 0.039442487061, 0.0367945022881, 0.0306070875376, 0.053116671741, 0.0483503863215, 0.0435713641346, 0.0601237788796, 0.0373703427613, 0.0318672694266, 0.0383747108281, 0.039947155863, 0.0735189914703, 0.10565777123, 0.0460730940104, 0.0295539367944, 0.0253694299608, 0.0241017639637, 0.0458041392267, 0.10610101372, 0.0536783710122, 0.0250354595482, 0.0325063019991, 0.0323674157262, 0.0441813692451]
    },
    "chords_histogram": [27.4691352844, 1.85185182095, 10.8024692535, 3.80658435822, 9.56790161133, 0, 0, 0, 0, 0, 0, 0, 0, 0, 0, 0.411522626877, 0, 12.0370368958, 3.60082316399, 17.1810703278, 5.24691343307, 1.13168728352, 1.13168728352, 5.76131677628],
    "thpcp": [1, 0.676389694214, 0.318675011396, 0.304696261883, 0.293152093887, 0.308259159327, 0.432253271341, 0.442079484463, 0.423640072346, 0.443819463253, 0.344225049019, 0.299300730228, 0.345083504915, 0.399749755859, 0.674214541912, 0.818643629551, 0.497558414936, 0.269646763802, 0.242816597223, 0.247319832444, 0.512792348862, 0.820932269096, 0.593764603138, 0.282479256392, 0.272895038128, 0.286621749401, 0.383111447096, 0.50908356905, 0.457743316889, 0.440467268229, 0.574942529202, 0.496146082878, 0.327472180128, 0.334606766701, 0.381075739861, 0.69517236948],
    "chords_key": "F",
    "chords_scale": "major",
    "key_key": "F",
    "key_scale": "major"
}
}