{
"lowlevel": {
    "average_loudness": 0.0518311224878,
    "barkbands_crest": {
        "mean": 11.251452446,
        "var": 18.5456428528
    },
    "barkbands_flatness_db": {
        "mean": 0.209522455931,
        "var": 0.0076884967275
    },
    "barkbands_kurtosis": {
        "mean": 2.29879546165,
        "var": 17.3093395233
    },
    "barkbands_skewness": {
        "mean": 0.917421877384,
        "var": 0.790117561817
    },
    "barkbands_spread": {
        "mean": 13.8203544617,
        "var": 100.543693542
    },
    "dissonance": {
        "mean": 0.422585725784,
        "var": 0.00355710764416
    },
    "dynamic_complexity": 7.02985191345,
    "erbbands_crest": {
        "mean": 14.4805278778,
        "var": 47.2617797852
    },
    "erbbands_flatness_db": {
        "mean": 0.269482910633,
        "var": 0.00716616772115
    },
    "erbbands_kurtosis": {
        "mean": 2.33374595642,
        "var": 27.3493671417
    },
    "erbbands_skewness": {
        "mean": 0.460553497076,
        "var": 1.31801879406
    },
    "erbbands_spread": {
        "mean": 18.2923946381,
        "var": 107.847236633
    },
    "hfc": {
        "mean": 6.88369274139,
        "var": 98.7620697021
    },
    "melbands_crest": {
        "mean": 15.3124475479,
        "var": 34.5073394775
    },
    "melbands_flatness_db": {
        "mean": 0.264161854982,
        "var": 0.0103590767831
    },
    "melbands_kurtosis": {
        "mean": 3.75030946732,
        "var": 36.6339759827
    },
    "melbands_skewness": {
        "mean": 1.1659964323,
        "var": 0.994487643242
    },
    "melbands_spread": {
        "mean": 21.9254264832,
        "var": 328.235687256
    },
    "pitch_salience": {
        "mean": 0.498835802078,
        "var": 0.0107132103294
    },
    "silence_rate_20dB": {
        "mean": 1,
        "var": 0
    },
    "silence_rate_30dB": {
        "mean": 0.995365619659,
        "var": 0.00461332639679
    },
    "silence_rate_60dB": {
        "mean": 0.528836250305,
        "var": 0.249163582921
    },
    "spectral_centroid": {
        "mean": 1155.9654541,
        "var": 424298.4375
    },
    "spectral_complexity": {
        "mean": 7.53192567825,
        "var": 21.6042785645
    },
    "spectral_decrease": {
        "mean": -2.77089062806e-009,
        "var": 2.37015220745e-017
    },
    "spectral_energy": {
        "mean": 0.0110823633149,
        "var": 0.000370529160136
    },
    "spectral_energyband_high": {
        "mean": 1.8954197003e-005,
        "var": 2.9116600242e-009
    },
    "spectral_energyband_low": {
        "mean": 0.000133902067319,
        "var": 3.00586364688e-008
    },
    "spectral_energyband_middle_high": {
        "mean": 0.0023036848288,
        "var": 9.90125226963e-006
    },
    "spectral_energyband_middle_low": {
        "mean": 0.00901976134628,
        "var": 0.000312252406729
    },
    "spectral_entropy": {
        "mean": 6.81476593018,
        "var": 0.605177819729
    },
    "spectral_flux": {
        "mean": 0.0371093675494,
        "var": 0.000960382632911
    },
    "spectral_kurtosis": {
        "mean": 21.5698013306,
        "var": 491.159851074
    },
    "spectral_rms": {
        "mean": 0.00249724881724,
        "var": 4.57580154034e-006
    },
    "spectral_rolloff": {
        "mean": 1420.08239746,
        "var": 1223899.875
    },
    "spectral_skewness": {
        "mean": 2.87966442108,
        "var": 1.96177399158
    },
    "spectral_spread": {
        "mean": 2826157.5,
        "var": 4.21146709197e+012
    },
    "spectral_strongpeak": {
        "mean": 1.14746546745,
        "var": 1.23776888847
    },
    "zerocrossingrate": {
        "mean": 0.0538909621537,
        "var": 0.00103120610584
    },
    "barkbands": {
        "mean": [3.77207641122e-007, 3.40868655258e-006, 2.90250100079e-005, 0.000318421953125, 0.00190046825446, 0.00156260281801, 0.00120394991245, 0.00260356348008, 0.000869186886121, 0.00108562840614, 0.000533781771082, 0.000211326172575, 0.000128203668282, 0.000148559745867, 5.38212407264e-005, 0.000186545206816, 0.000160745694302, 5.14232815476e-005, 8.62961951498e-006, 8.06595653557e-006, 4.63533342554e-006, 2.79397909253e-006, 2.18696754928e-006, 2.17252932089e-006, 1.98795009965e-006, 8.07300864381e-007, 5.28389030308e-008],
        "var": [1.0753660332e-012, 8.6645253472e-011, 3.10885406307e-009, 3.94018144334e-007, 3.08689450321e-005, 3.34646065312e-005, 1.53611490532e-005, 6.26675537205e-005, 4.84901647724e-006, 4.33450441051e-006, 1.56312523814e-006, 1.54372628458e-006, 8.43436254172e-008, 2.50336114505e-007, 3.22067243985e-008, 1.36224628022e-007, 1.15638776776e-007, 1.99279241997e-008, 5.79314984872e-010, 6.52897513831e-010, 1.33687061421e-010, 1.20762344569e-010, 1.11832050564e-010, 1.01009416109e-010, 1.17446122272e-010, 1.29893266282e-011, 1.47317037448e-014]
    },
    "erbbands": {
        "mean": [0.000118015537737, 0.00123566412367, 0.0281929969788, 0.553916394711, 2.98291230202, 7.50005626678, 8.46432685852, 14.3850688934, 11.8337011337, 60.7839050293, 23.8248920441, 25.6736774445, 29.4375171661, 25.2999038696, 27.3775424957, 7.61000919342, 6.92483520508, 7.84302806854, 4.79601860046, 5.46748113632, 7.8275384903, 8.08737564087, 3.96895551682, 0.599325120449, 0.397303193808, 0.384132176638, 0.234557598829, 0.162224933505, 0.102349802852, 0.0790587738156, 0.0573510862887, 0.0411464869976, 0.0393967032433, 0.0220514759421, 0.0142116928473, 0.00458160648122, 0.00135294313077, 0.00022186813294, 1.13089627121e-005, 1.29096670207e-005],
        "var": [1.14787347627e-007, 6.17401838099e-006, 0.00190681207459, 0.829933464527, 74.9082107544, 579.330078125, 795.800720215, 2576.19677734, 1619.79589844, 28052.8574219, 3920.07666016, 4047.75195313, 4820.02978516, 2522.97094727, 4770.57617188, 1811.92004395, 260.251342773, 583.921691895, 157.058151245, 96.6550369263, 170.47869873, 334.379302979, 72.0251159668, 2.80030274391, 1.20528173447, 1.5202870369, 0.408018112183, 0.140123143792, 0.190794467926, 0.14158052206, 0.0605461932719, 0.0218179244548, 0.0505457744002, 0.0108139626682, 0.00799458939582, 0.000418520910898, 4.18126110162e-005, 3.81645719472e-007, 2.65812927225e-010, 4.69404681791e-010]
    },
    "gfcc": {
        "mean": [-152.248596191, 122.889884949, -160.025360107, -19.7506408691, -62.710559845, -15.9309148788, -44.037322998, -5.92903280258, -25.37865448, -21.7336711884, -32.3028717041, -8.75613021851, -9.6369562149],
        "cov": [[4358.24023438, 861.348327637, -281.930023193, -108.356719971, -160.70098877, -311.745330811, -65.785949707, -237.375747681, 13.0546979904, -21.1272697449, 109.315139771, -18.6980400085, -27.2316608429], [861.348327637, 4075.77734375, -994.285400391, -1186.11169434, 250.737335205, -1333.29431152, 374.529541016, -965.813964844, 1000.62731934, -233.64352417, 419.41015625, -235.822113037, 693.407165527], [-281.930023193, -994.285400391, 516.753723145, 363.801605225, -41.4931793213, 341.675262451, -95.7661514282, 206.812911987, -290.551483154, 85.6356277466, -96.1549072266, 61.213760376, -194.045013428], [-108.356719971, -1186.11169434, 363.801605225, 575.965270996, -3.188403368, 342.67565918, -139.354721069, 241.979034424, -288.658416748, 68.5253829956, -130.120742798, 67.734085083, -207.728607178], [-160.70098877, 250.737335205, -41.4931793213, -3.188403368, 160.319152832, -62.9038963318, 33.4967727661, -51.6583747864, 88.7476348877, -40.3843688965, -20.3364276886, -17.7970905304, 40.2706718445], [-311.745330811, -1333.29431152, 341.675262451, 342.67565918, -62.9038963318, 569.722595215, -79.0591964722, 336.397644043, -358.829193115, 63.3625450134, -170.876815796, 62.2065849304, -240.673141479], [-65.785949707, 374.529541016, -95.7661514282, -139.354721069, 33.4967727661, -79.0591964722, 151.031646729, -68.4453277588, 84.4280471802, -51.1059455872, 32.5949020386, -11.0075674057, 56.8782920837], [-237.375747681, -965.813964844, 206.812911987, 241.979034424, -51.6583747864, 336.397644043, -68.4453277588, 324.94644165, -205.657669067, 20.3516597748, -130.794311523, 57.2459220886, -183.223068237], [13.0546979904, 1000.62731934, -290.551483154, -288.658416748, 88.7476348877, -358.829193115, 84.4280471802, -205.657669067, 397.458068848, -20.8549995422, 76.6757736206, -87.8000869751, 156.2237854], [-21.1272697449, -233.64352417, 85.6356277466, 68.5253829956, -40.3843688965, 63.3625450134, -51.1059455872, 20.3516597748, -20.8549995422, 131.695907593, 7.07580089569, -38.8458518982, -66.5358428955], [109.315139771, 419.41015625, -96.1549072266, -130.120742798, -20.3364276886, -170.876815796, 32.5949020386, -130.794311523, 76.6757736206, 7.07580089569, 137.503692627, 0.376491695642, 68.3039016724], [-18.6980400085, -235.822113037, 61.213760376, 67.734085083, -17.7970905304, 62.2065849304, -11.0075674057, 57.2459220886, -87.8000869751, -38.8458518982, 0.376491695642, 117.678474426, -11.188700676], [-27.2316608429, 693.407165527, -194.045013428, -207.728607178, 40.2706718445, -240.673141479, 56.8782920837, -183.223068237, 156.2237854, -66.5358428955, 68.3039016724, -11.188700676, 215.787719727]],
        "icov": [[0.00040636700578, -0.000747969606891, 0.000465319812065, -0.000555548409466, 0.000813895487227, -2.65589333139e-005, 0.000422143290052, -2.3849090212e-005, 0.000768103054725, -0.000421015982283, 0.000793541548774, -0.000636490411125, 0.00105530791916], [-0.000747969606891, 0.00627192296088, -0.00135651021264, 0.00419299630448, -0.00321228872053, 0.00307054677978, -0.00211262213998, 0.00513790827245, -0.00426302989945, 0.00510936556384, -0.00343251717277, 0.00421322323382, -0.00252165016718], [0.000465319812065, -0.00135651021264, 0.00540342507884, -0.00221227179281, 0.000544482085388, -0.000560812535696, 0.000189459024114, -0.000154952154844, 0.00302427890711, -0.00334005965851, 0.00201324000955, -0.00234763510525, 0.00226008077152], [-0.000555548409466, 0.00419299630448, -0.00221227179281, 0.00778099056333, -0.00443751504645, 0.00280960532837, 0.000364720792277, 0.00274684024043, -0.00101185787935, 0.0018728779396, -0.000564040034078, 0.00136597990058, -0.000285422342131], [0.000813895487227, -0.00321228872053, 0.000544482085388, -0.00443751504645, 0.0123915467411, -0.00233253021725, 0.000282797671389, 0.00105963856913, -0.0012686267728, 0.00151839235332, 0.00465887691826, -0.00165288511198, 0.00238020438701], [-2.65589333139e-005, 0.00307054677978, -0.000560812535696, 0.00280960532837, -0.00233253021725, 0.0124381240457, -0.00359160965309, -0.00128071778454, 0.00447469763458, -0.00229119719006, 0.00474409293383, 0.000853966746945, 0.00109388260171], [0.000422143290052, -0.00211262213998, 0.000189459024114, 0.000364720792277, 0.000282797671389, -0.00359160965309, 0.0113756880164, -9.3782939075e-005, -0.000539477739949, 0.00307034887373, -0.00146879185922, -0.000618378748186, 0.00199685618281], [-2.3849090212e-005, 0.00513790827245, -0.000154952154844, 0.00274684024043, 0.00105963856913, -0.00128071778454, -9.3782939075e-005, 0.0178112536669, -0.00517796166241, 0.00735772913322, 0.0025277051609, -3.70222041965e-005, 0.00472911493853], [0.000768103054725, -0.00426302989945, 0.00302427890711, -0.00101185787935, -0.0012686267728, 0.00447469763458, -0.000539477739949, -0.00517796166241, 0.0136237302795, -0.00856195576489, 0.00597221404314, -0.00198936904781, 0.00201756390743], [-0.000421015982283, 0.00510936556384, -0.00334005965851, 0.0018728779396, 0.00151839235332, -0.00229119719006, 0.00307034887373, 0.00735772913322, -0.00856195576489, 0.0222727991641, -0.00928857922554, 0.0101127363741, 0.0014579197159], [0.000793541548774, -0.00343251717277, 0.00201324000955, -0.000564040034078, 0.00465887691826, 0.00474409293383, -0.00146879185922, 0.0025277051609, 0.00597221404314, -0.00928857922554, 0.0221657902002, -0.00888079591095, 0.00468826247379], [-0.000636490411125, 0.00421322323382, -0.00234763510525, 0.00136597990058, -0.00165288511198, 0.000853966746945, -0.000618378748186, -3.70222041965e-005, -0.00198936904781, 0.0101127363741, -0.00888079591095, 0.0179668720812, -0.00472159264609], [0.00105530791916, -0.00252165016718, 0.00226008077152, -0.000285422342131, 0.00238020438701, 0.00109388260171, 0.00199685618281, 0.00472911493853, 0.00201756390743, 0.0014579197159, 0.00468826247379, -0.00472159264609, 0.0161529742181]]
    },
    "melbands": {
        "mean": [9.14437805477e-007, 7.6293258644e-006, 0.000162784228451, 0.000364037463441, 0.000350398709998, 0.000320115417708, 0.000184635835467, 0.000707342347596, 0.000153073095134, 0.000155133733642, 0.000139421244967, 9.86404338619e-005, 7.83434516052e-005, 4.30215113738e-005, 1.26064905999e-005, 1.1440554772e-005, 1.62816431839e-005, 8.22029778647e-006, 2.77557887784e-006, 1.65615656442e-005, 6.75534283801e-006, 8.5278552433e-006, 8.67116068548e-006, 5.87987869949e-007, 4.03806865279e-007, 2.89794769515e-007, 2.58205346881e-007, 2.58946130316e-007, 1.57796904432e-007, 1.29954344175e-007, 7.97496113591e-008, 6.20071531898e-008, 4.43057288635e-008, 4.48458834512e-008, 3.49828361834e-008, 2.64451536225e-008, 2.36860842051e-008, 2.79827858662e-008, 2.45735627402e-008, 1.63186779645e-008],
        "var": [7.06865642408e-012, 2.09217851377e-010, 1.39572975399e-007, 1.02980470729e-006, 1.28944759581e-006, 1.35175150717e-006, 3.77993842449e-007, 3.90608738599e-006, 1.44298155647e-007, 1.52428995648e-007, 1.16583919407e-007, 4.43922871796e-008, 3.41967307804e-008, 3.00774338768e-008, 2.72382383315e-009, 6.16350748217e-010, 2.91792523477e-009, 4.86041096259e-010, 6.38276237419e-011, 1.13684706093e-009, 1.43270839637e-010, 6.75132449945e-010, 4.16609774456e-010, 2.96377766079e-012, 2.09032530868e-012, 6.24328767938e-013, 9.12813010942e-013, 6.2032247828e-013, 2.23173422017e-013, 1.10151071478e-013, 3.11524996066e-014, 8.14561702052e-014, 3.74025185552e-014, 7.08050900355e-014, 2.60212248341e-014, 9.89519135576e-015, 6.87366728477e-015, 2.50856244279e-014, 2.21282292213e-014, 5.02895573356e-015]
    },
    "mfcc": {
        "mean": [-791.119628906, 162.925231934, -36.9797897339, -14.6236362457, -12.7537555695, -18.0141582489, -20.8970336914, -5.75756978989, 3.14628005028, -15.8820610046, -20.9003810883, -6.87307834625, -11.578915596],
        "cov": [[2580.24511719, 832.696899414, -50.573764801, 44.3836936951, -123.813819885, -63.3919219971, -134.575668335, -206.082809448, -174.252914429, -104.115898132, 45.4368438721, 66.0838851929, -34.0760154724], [832.696899414, 3607.79589844, -489.166229248, -511.958557129, -230.246688843, -281.89831543, -721.941955566, -513.749023438, 258.201599121, -183.020111084, -187.910980225, 241.745361328, 163.786331177], [-50.573764801, -489.166229248, 232.014816284, 113.511688232, 37.091217041, 49.3528289795, 106.891471863, 44.2769203186, -78.3443222046, 19.0705184937, 31.066947937, -42.1457595825, -7.68163728714], [44.3836936951, -511.958557129, 113.511688232, 265.601531982, 97.3519897461, 44.720287323, 83.0123519897, 27.0795059204, -59.7659988403, 13.5080003738, 20.5827636719, -43.0848312378, -26.7162036896], [-123.813819885, -230.246688843, 37.091217041, 97.3519897461, 129.600891113, 52.7548141479, 21.6200428009, 27.0466938019, 14.7624635696, 6.7945356369, 13.7659254074, -12.1628980637, -40.6205406189], [-63.3919219971, -281.89831543, 49.3528289795, 44.720287323, 52.7548141479, 114.741477966, 77.3051071167, 32.0280914307, -3.56480121613, 16.4507732391, 14.3933563232, -22.5042705536, -10.3350458145], [-134.575668335, -721.941955566, 106.891471863, 83.0123519897, 21.6200428009, 77.3051071167, 285.782470703, 151.608535767, -98.8603439331, 40.0292739868, 8.41847515106, -108.124710083, -35.1282539368], [-206.082809448, -513.749023438, 44.2769203186, 27.0795059204, 27.0466938019, 32.0280914307, 151.608535767, 246.123657227, 13.7047319412, -42.9611663818, 28.3482036591, -13.244764328, -75.6032791138], [-174.252914429, 258.201599121, -78.3443222046, -59.7659988403, 14.7624635696, -3.56480121613, -98.8603439331, 13.7047319412, 180.556900024, 6.48353242874, -34.1614189148, 58.7717552185, 23.0525226593], [-104.115898132, -183.020111084, 19.0705184937, 13.5080003738, 6.7945356369, 16.4507732391, 40.0292739868, -42.9611663818, 6.48353242874, 165.302703857, 0.0036840622779, -71.9912185669, 61.5556373596], [45.4368438721, -187.910980225, 31.066947937, 20.5827636719, 13.7659254074, 14.3933563232, 8.41847515106, 28.3482036591, -34.1614189148, 0.0036840622779, 151.494979858, 57.9504013062, -93.9744644165], [66.0838851929, 241.745361328, -42.1457595825, -43.0848312378, -12.1628980637, -22.5042705536, -108.124710083, -13.244764328, 58.7717552185, -71.9912185669, 57.9504013062, 195.154266357, -2.41861414909], [-34.0760154724, 163.786331177, -7.68163728714, -26.7162036896, -40.6205406189, -10.3350458145, -35.1282539368, -75.6032791138, 23.0525226593, 61.5556373596, -93.9744644165, -2.41861414909, 224.632110596]],
        "icov": [[0.00055834959494, -0.000235997926211, 0.000111915869638, -0.000658668403048, 0.000735131849069, -0.00048095692182, 0.000206017721212, -0.000129557316541, 0.000813407066744, -0.000159901799634, 2.45775991061e-005, -0.000230422214372, 0.000249826727668], [-0.000235997926211, 0.00120161951054, 0.000520453555509, 0.00130894221365, -0.00010088703857, 0.000973227259237, 0.000613941519987, 0.00184734689537, -0.00116765731946, 0.00152994960081, 0.000299526756862, 0.00038932505413, -0.000164092532941], [0.000111915869638, 0.000520453555509, 0.00707789696753, -0.00155135896057, 0.000224321309361, -0.00114906358067, 1.91175386135e-005, -8.70582243806e-006, 0.0017365035601, 0.00048821765813, -0.000879364146385, 0.000300876621623, -0.00099384598434], [-0.000658668403048, 0.00130894221365, -0.00155135896057, 0.00861846469343, -0.00597282452509, 0.00255373748951, -0.000861389213242, 0.00256584002636, -0.000722114811651, 0.00209363712929, -0.000192457591766, 0.000824366055895, -0.000887301401235], [0.000735131849069, -0.00010088703857, 0.000224321309361, -0.00597282452509, 0.0161054395139, -0.00672600790858, 0.00353847513907, -0.00156166800298, -0.000249903154327, -0.00196382123977, 0.00201002298854, -0.00051403127145, 0.0035121885594], [-0.00048095692182, 0.000973227259237, -0.00114906358067, 0.00255373748951, -0.00672600790858, 0.0165886636823, -0.00729850120842, 0.00555081432685, -0.00622297637165, 0.00447204615921, -0.00397473946214, 0.00177307752892, -0.00247490988113], [0.000206017721212, 0.000613941519987, 1.91175386135e-005, -0.000861389213242, 0.00353847513907, -0.00729850120842, 0.0162694398314, -0.00941654574126, 0.00909116957337, -0.00593362702057, 0.0052665011026, 0.000272469682386, 0.00206002569757], [-0.000129557316541, 0.00184734689537, -8.70582243806e-006, 0.00256584002636, -0.00156166800298, 0.00555081432685, -0.00941654574126, 0.0153244026005, -0.00976833235472, 0.00911776721478, -0.00419192295521, 0.00222791871056, -0.000629440241028], [0.000813407066744, -0.00116765731946, 0.0017365035601, -0.000722114811651, -0.000249903154327, -0.00622297637165, 0.00909116957337, -0.00976833235472, 0.0176197011024, -0.00944735202938, 0.00806268397719, -0.00612296722829, 0.00283851032145], [-0.000159901799634, 0.00152994960081, 0.00048821765813, 0.00209363712929, -0.00196382123977, 0.00447204615921, -0.00593362702057, 0.00911776721478, -0.00944735202938, 0.0173241924495, -0.00946097075939, 0.00841560028493, -0.00652782386169], [2.45775991061e-005, 0.000299526756862, -0.000879364146385, -0.000192457591766, 0.00201002298854, -0.00397473946214, 0.0052665011026, -0.00419192295521, 0.00806268397719, -0.00946097075939, 0.0189246721566, -0.00973893143237, 0.00890310667455], [-0.000230422214372, 0.00038932505413, 0.000300876621623, 0.000824366055895, -0.00051403127145, 0.00177307752892, 0.000272469682386, 0.00222791871056, -0.00612296722829, 0.00841560028493, -0.00973893143237, 0.0132193928584, -0.00503910565749], [0.000249826727668, -0.000164092532941, -0.00099384598434, -0.000887301401235, 0.0035121885594, -0.00247490988113, 0.00206002569757, -0.000629440241028, 0.00283851032145, -0.00652782386169, 0.00890310667455, -0.00503910565749, 0.0102691557258]]
    },
    "spectral_contrast_coeffs": {
        "mean": [-0.500657260418, -0.729373455048, -0.717697024345, -0.750132620335, -0.75082552433, -0.777838945389],
        "var": [0.00662864139304, 0.0100796744227, 0.00797796715051, 0.00882671307772, 0.00713954865932, 0.0020335172303]
    },
    "spectral_contrast_valleys": {
        "mean": [-10.381893158, -7.61122608185, -7.9968791008, -8.89938545227, -9.63844585419, -12.6145057678],
        "var": [1.12782204151, 1.50141406059, 1.0428674221, 0.882649481297, 1.53814637661, 1.903642416]
    }
},
"metadata": {
    "audio_properties": {
        "analysis_sample_rate": 44100,
        "bit_rate": 97166,
        "equal_loudness": 0,
        "length": 45.0612258911,
        "lossless": 0,
        "replay_gain": 5.10016822815,
        "sample_rate": 44100,
        "codec": "mp3",
        "downmix": "mix",
        "md5_encoded": "506f3c7e66bc1bb925285f232d7ffbae"
    },
    "tags": {
        "file_name": "449.mp3"
    },
    "version": {
        "essentia": "2.1-beta2",
        "essentia_git_sha": "v2.1_beta2",
        "extractor": "music 1.0"
    }
},
"rhythm": {
    "beats_count": 93,
    "beats_loudness": {
        "mean": 0.0125710293651,
        "var": 0.000391854264308
    },
    "bpm": 126.025886536,
    "bpm_histogram_first_peak_bpm": {
        "mean": 126,
        "var": 0
    },
    "bpm_histogram_first_peak_spread": {
        "mean": 0.377049207687,
        "var": 0
    },
    "bpm_histogram_first_peak_weight": {
        "mean": 0.413043469191,
        "var": 0
    },
    "bpm_histogram_second_peak_bpm": {
        "mean": 133,
        "var": 0
    },
    "bpm_histogram_second_peak_spread": {
        "mean": 0.153846114874,
        "var": 0
    },
    "bpm_histogram_second_peak_weight": {
        "mean": 0.119565218687,
        "var": 0
    },
    "danceability": 0.981238186359,
    "onset_rate": 2.55093312263,
    "beats_loudness_band_ratio": {
        "mean": [0.106161043048, 0.191332414746, 0.355719327927, 0.275212794542, 0.118479542434, 0.0154228722677],
        "var": [0.0133292023093, 0.0404409319162, 0.0567643158138, 0.0494606420398, 0.0212491247803, 0.000872262637131]
    },
    "beats_position": [0.487619042397, 0.975238084793, 1.45124709606, 1.92725622654, 2.40326523781, 2.87927436829, 3.34367346764, 3.80807256699, 4.28408145905, 4.76009082794, 5.23609972, 5.70049858093, 6.17650794983, 6.64090681076, 7.11691617966, 7.58131504059, 8.05732440948, 8.53333282471, 9.0093421936, 9.4853515625, 9.96135997772, 10.4373693466, 10.9133787155, 11.3893871307, 11.8537864685, 12.3181858063, 12.7941951752, 13.2702035904, 13.7462129593, 14.2222223282, 14.6982307434, 15.1742401123, 15.6502494812, 16.1262588501, 16.602268219, 17.0782756805, 17.5658950806, 18.0419044495, 18.5179138184, 18.9939231873, 19.4699325562, 19.9459400177, 20.4219493866, 20.8979587555, 21.3855781555, 21.8731975555, 22.3608150482, 22.8484344482, 23.3476638794, 23.8468933105, 24.3345127106, 24.8221302032, 25.3097496033, 25.7973690033, 26.2849884033, 26.7842178345, 27.2834453583, 27.7826747894, 28.3399543762, 28.897233963, 29.4545116425, 29.988571167, 30.5226306915, 31.0566883087, 31.5791378021, 32.1015853882, 32.6240348816, 33.111656189, 33.5876655579, 34.0636711121, 34.5164604187, 34.9808616638, 35.4336509705, 35.9096603394, 36.3856697083, 36.8500671387, 37.2912483215, 37.755645752, 38.2200431824, 38.638004303, 39.0675735474, 39.4855308533, 39.9034919739, 40.3562812805, 40.8090705872, 41.2618598938, 41.703037262, 42.1558265686, 42.6086158752, 43.0614051819, 43.5141944885, 43.9669837952, 44.4197731018]
},
"tonal": {
    "chords_changes_rate": 0.0545267499983,
    "chords_number_rate": 0.0113168722019,
    "chords_strength": {
        "mean": 0.518909692764,
        "var": 0.0122912013903
    },
    "hpcp_entropy": {
        "mean": 1.66502261162,
        "var": 0.51475840807
    },
    "key_strength": 0.57030659914,
    "tuning_diatonic_strength": 0.344805926085,
    "tuning_equal_tempered_deviation": 0.10378100723,
    "tuning_frequency": 442.293365479,
    "tuning_nontempered_energy_ratio": 0.76214325428,
    "hpcp": {
        "mean": [0.258548825979, 0.318923324347, 0.145754516125, 0.0474804192781, 0.0413835123181, 0.094338901341, 0.146696105599, 0.107567436993, 0.240824609995, 0.40017619729, 0.223111897707, 0.0419643260539, 0.0277938637882, 0.0319238267839, 0.0482424162328, 0.0558712743223, 0.101933501661, 0.229485735297, 0.22628980875, 0.100648321211, 0.106269925833, 0.225572645664, 0.208315983415, 0.120484374464, 0.114980123937, 0.0819654241204, 0.0420552939177, 0.0320480428636, 0.0460738055408, 0.169775679708, 0.234971389174, 0.113813504577, 0.0291206594557, 0.0245915800333, 0.0326262265444, 0.0783621072769],
        "var": [0.0865223407745, 0.13843780756, 0.0462942868471, 0.0167344268411, 0.0103961667046, 0.0264859292656, 0.0667057707906, 0.0248811766505, 0.05663889274, 0.166287720203, 0.0518961548805, 0.00726955384016, 0.00769306859002, 0.00741028599441, 0.0139383319765, 0.0152566675097, 0.0281430706382, 0.124929212034, 0.108393989503, 0.0346043780446, 0.0237863715738, 0.0952846929431, 0.0726974979043, 0.029570762068, 0.0468503832817, 0.0265438891947, 0.0128324106336, 0.00872767157853, 0.00807865802199, 0.0505641140044, 0.104736603796, 0.0258106477559, 0.00574456946924, 0.00356435589492, 0.00626855203882, 0.0162074565887]
    },
    "chords_histogram": [11.2139921188, 18.1069965363, 15.9465017319, 2.46913576126, 5.45267486572, 6.68724298477, 8.64197540283, 0, 4.32098770142, 0, 0, 0, 0, 0, 0, 0, 0, 0.102880656719, 0.411522626877, 6.17283964157, 4.52674913406, 0, 0, 15.9465017319],
    "thpcp": [1, 0.55753415823, 0.104864619672, 0.0694540664554, 0.0797744244337, 0.120552934706, 0.139616683125, 0.254721552134, 0.573461711407, 0.565475404263, 0.251510024071, 0.265557825565, 0.563683331013, 0.52056068182, 0.30107831955, 0.287323743105, 0.204823330045, 0.105091944337, 0.0800848305225, 0.115133799613, 0.424252331257, 0.587169826031, 0.284408479929, 0.0727695971727, 0.0614518821239, 0.0815296545625, 0.19581900537, 0.64608746767, 0.79695725441, 0.36422586441, 0.118648782372, 0.103413231671, 0.235743403435, 0.366578787565, 0.268800199032, 0.601796448231],
    "chords_key": "A",
    "chords_scale": "minor",
    "key_key": "F",
    "key_scale": "major"
}
}