{
"lowlevel": {
    "average_loudness": 0.978691935539,
    "barkbands_crest": {
        "mean": 10.1022338867,
        "var": 17.6851119995
    },
    "barkbands_flatness_db": {
        "mean": 0.23176304996,
        "var": 0.00163064652588
    },
    "barkbands_kurtosis": {
        "mean": 2.18694615364,
        "var": 18.3068981171
    },
    "barkbands_skewness": {
        "mean": 0.978808760643,
        "var": 1.01664400101
    },
    "barkbands_spread": {
        "mean": 14.5860614777,
        "var": 50.589176178
    },
    "dissonance": {
        "mean": 0.459044933319,
        "var": 0.00104531261604
    },
    "dynamic_complexity": 1.28902447224,
    "erbbands_crest": {
        "mean": 11.0916423798,
        "var": 36.0059356689
    },
    "erbbands_flatness_db": {
        "mean": 0.281100988388,
        "var": 0.00268051144667
    },
    "erbbands_kurtosis": {
        "mean": 0.0606978461146,
        "var": 2.35844826698
    },
    "erbbands_skewness": {
        "mean": 0.281125694513,
        "var": 0.391328722239
    },
    "erbbands_spread": {
        "mean": 23.6347999573,
        "var": 156.390579224
    },
    "hfc": {
        "mean": 26.519329071,
        "var": 216.433654785
    },
    "melbands_crest": {
        "mean": 13.7100658417,
        "var": 30.2323074341
    },
    "melbands_flatness_db": {
        "mean": 0.291653841734,
        "var": 0.00276248203591
    },
    "melbands_kurtosis": {
        "mean": 5.71900892258,
        "var": 76.73387146
    },
    "melbands_skewness": {
        "mean": 1.55237269402,
        "var": 1.81139683723
    },
    "melbands_spread": {
        "mean": 20.4064121246,
        "var": 136.027603149
    },
    "pitch_salience": {
        "mean": 0.598888516426,
        "var": 0.0118490643799
    },
    "silence_rate_20dB": {
        "mean": 1,
        "var": 0
    },
    "silence_rate_30dB": {
        "mean": 1,
        "var": 0
    },
    "silence_rate_60dB": {
        "mean": 0.00205867225304,
        "var": 0.00205448735505
    },
    "spectral_centroid": {
        "mean": 1104.05761719,
        "var": 359045.5625
    },
    "spectral_complexity": {
        "mean": 26.35820961,
        "var": 57.5197181702
    },
    "spectral_decrease": {
        "mean": -9.3771364007e-009,
        "var": 6.55267293615e-018
    },
    "spectral_energy": {
        "mean": 0.0377968661487,
        "var": 0.000106289786345
    },
    "spectral_energyband_high": {
        "mean": 8.78260761965e-005,
        "var": 5.34399013929e-008
    },
    "spectral_energyband_low": {
        "mean": 0.00816019531339,
        "var": 6.33860690868e-005
    },
    "spectral_energyband_middle_high": {
        "mean": 0.0143213048577,
        "var": 0.000180977120181
    },
    "spectral_energyband_middle_low": {
        "mean": 0.0169957540929,
        "var": 0.000121798286273
    },
    "spectral_entropy": {
        "mean": 7.05877590179,
        "var": 0.113523930311
    },
    "spectral_flux": {
        "mean": 0.0912274941802,
        "var": 0.000911692215595
    },
    "spectral_kurtosis": {
        "mean": 14.7808008194,
        "var": 145.525527954
    },
    "spectral_rms": {
        "mean": 0.0060105943121,
        "var": 7.47642275201e-007
    },
    "spectral_rolloff": {
        "mean": 1234.05224609,
        "var": 1017204.0625
    },
    "spectral_skewness": {
        "mean": 1.89510416985,
        "var": 0.986157178879
    },
    "spectral_spread": {
        "mean": 1813805.5,
        "var": 2.79028590182e+012
    },
    "spectral_strongpeak": {
        "mean": 1.99177598953,
        "var": 3.98325419426
    },
    "zerocrossingrate": {
        "mean": 0.0385149121284,
        "var": 0.000647743348964
    },
    "barkbands": {
        "mean": [2.68052099273e-005, 0.00463356403634, 0.00192349008285, 0.00388672295958, 0.0036627354566, 0.00310405949131, 0.00258799572475, 0.00123628950678, 0.00223056436516, 0.00631728023291, 0.00232124142349, 0.000655418436509, 0.000560809799936, 0.000810207333416, 0.000910435046535, 0.00130011187866, 0.000641116930638, 0.00045518760453, 0.000405902625062, 6.75042829243e-005, 5.23883427377e-005, 5.90351419305e-006, 7.98348423814e-007, 2.65207717121e-007, 8.84027357984e-008, 2.41791600075e-008, 3.86220477822e-009],
        "var": [2.2450332704e-009, 3.59727564501e-005, 5.2413688536e-006, 3.61125785275e-005, 1.91653562069e-005, 2.08647525142e-005, 2.28184107982e-005, 2.51484220826e-006, 7.3028109e-006, 0.000101162717328, 2.01436614589e-005, 7.76533738645e-007, 5.01382714901e-007, 6.02922000326e-007, 7.70932444993e-007, 1.81299151336e-006, 4.8404183417e-007, 4.59667035102e-007, 3.29994321646e-007, 2.05425951805e-008, 2.38869706237e-008, 2.05790787189e-010, 6.68242327792e-012, 1.98580518349e-013, 2.77507305872e-014, 1.62080550668e-014, 6.62736153865e-015]
    },
    "erbbands": {
        "mean": [0.0833035632968, 1.19217479229, 2.60801291466, 7.4398188591, 13.4925031662, 12.4601421356, 17.2836742401, 28.2315616608, 17.3283042908, 62.145324707, 25.2702598572, 41.917881012, 80.2697906494, 248.380249023, 94.1489105225, 32.4862594604, 28.5317306519, 33.9190406799, 40.3212051392, 73.0048294067, 57.4797363281, 36.5831451416, 28.7773704529, 21.7695102692, 14.4371528625, 3.1426255703, 2.22744560242, 1.84103631973, 0.291719168425, 0.0497687794268, 0.0246388819069, 0.00841453578323, 0.0036774429027, 0.00134484050795, 0.00052488129586, 0.000179214359378, 4.60414448753e-005, 1.14819331429e-005, 2.024114292e-005, 4.40047879238e-005],
        "var": [0.0172208528966, 2.25664281845, 7.57846212387, 112.76865387, 347.632293701, 356.499664307, 545.86529541, 2572.14257813, 261.776245117, 17739.7617188, 771.395446777, 1928.59460449, 9294.13085938, 174505.921875, 29771.4140625, 1582.83117676, 1420.13500977, 979.771972656, 1179.86828613, 4847.90869141, 3519.29125977, 1382.92456055, 1701.23327637, 1014.99645996, 442.934692383, 36.0600662231, 38.9944267273, 29.4280719757, 0.442765086889, 0.017750903964, 0.00771589949727, 0.000354403047822, 3.23827989632e-005, 4.71740804642e-006, 1.18707305319e-006, 3.03213653297e-007, 5.02417307757e-008, 6.22931928262e-009, 3.08760489398e-010, 1.46411965884e-010]
    },
    "gfcc": {
        "mean": [-49.2952880859, 198.492080688, -172.569213867, 12.7195692062, -19.9570980072, -17.449131012, -14.7855443954, -1.95587062836, -9.85767936707, -19.7306499481, -8.36993217468, -10.491312027, 4.53973245621],
        "cov": [[3130.89331055, 111.898857117, -659.558898926, 341.445617676, -219.318984985, -150.857055664, 18.9538784027, -53.2916374207, -88.2666168213, 22.0113391876, -68.4737319946, -47.4316825867, -45.9842262268], [111.898857117, 533.150939941, 175.565048218, -270.4269104, 117.698326111, 60.6109046936, -124.146568298, 21.8043174744, 102.626647949, 8.96692085266, 73.1536254883, -1.84187829494, 27.8962631226], [-659.558898926, 175.565048218, 967.791259766, 133.047241211, -172.551956177, 114.439468384, -220.442504883, -39.4111785889, 11.0623273849, 155.230117798, 79.0565719604, -72.0146865845, 5.78489971161], [341.445617676, -270.4269104, 133.047241211, 691.721496582, -180.323913574, -106.706985474, 162.546081543, -111.478668213, -136.729904175, 88.9503555298, -62.2255630493, -82.9199295044, -5.82171487808], [-219.318984985, 117.698326111, -172.551956177, -180.323913574, 296.194610596, 94.4656448364, 74.2534561157, 76.4809570313, 41.6055297852, -86.8372955322, 4.50082159042, 52.002155304, 37.1839408875], [-150.857055664, 60.6109046936, 114.439468384, -106.706985474, 94.4656448364, 180.391525269, -18.5629310608, 44.4595832825, 39.7980270386, -22.9962902069, 24.6768455505, 26.2737388611, 23.1268672943], [18.9538784027, -124.146568298, -220.442504883, 162.546081543, 74.2534561157, -18.5629310608, 238.644378662, 6.70910978317, -49.8941650391, -52.2314834595, -56.9637489319, 7.19496059418, 22.2815074921], [-53.2916374207, 21.8043174744, -39.4111785889, -111.478668213, 76.4809570313, 44.4595832825, 6.70910978317, 101.301200867, 58.2959403992, -6.245408535, 21.3083248138, 20.3707084656, 2.17949819565], [-88.2666168213, 102.626647949, 11.0623273849, -136.729904175, 41.6055297852, 39.7980270386, -49.8941650391, 58.2959403992, 127.649238586, 35.6969833374, 46.8908958435, 25.0515232086, -4.7872710228], [22.0113391876, 8.96692085266, 155.230117798, 88.9503555298, -86.8372955322, -22.9962902069, -52.2314834595, -6.245408535, 35.6969833374, 120.228897095, 43.9126777649, -18.5537242889, -14.3149280548], [-68.4737319946, 73.1536254883, 79.0565719604, -62.2255630493, 4.50082159042, 24.6768455505, -56.9637489319, 21.3083248138, 46.8908958435, 43.9126777649, 76.4744720459, 26.1039562225, 0.879296600819], [-47.4316825867, -1.84187829494, -72.0146865845, -82.9199295044, 52.002155304, 26.2737388611, 7.19496059418, 20.3707084656, 25.0515232086, -18.5537242889, 26.1039562225, 69.3645706177, 24.3668498993], [-45.9842262268, 27.8962631226, 5.78489971161, -5.82171487808, 37.1839408875, 23.1268672943, 22.2815074921, 2.17949819565, -4.7872710228, -14.3149280548, 0.879296600819, 24.3668498993, 54.1494178772]],
        "icov": [[0.00170209130738, -0.00376170431264, 0.00355080817826, -0.00313961063512, 0.00346177956089, -0.00306527502835, 0.00311345933005, -0.00393886584789, 0.00337241240777, -0.00153589004185, 0.00287899677642, -0.00288409553468, 0.00161905656569], [-0.00376170431264, 0.0128285614774, -0.00872189085931, 0.00847881473601, -0.0099605191499, 0.00821253657341, -0.00680162897334, 0.0118762869388, -0.0105894152075, 0.00465402659029, -0.0103252092376, 0.0119091123343, -0.00720423553139], [0.00355080817826, -0.00872189085931, 0.0101012373343, -0.00751589844003, 0.00827443692833, -0.0090494081378, 0.00850270688534, -0.00882805883884, 0.00836128089577, -0.00487605761737, 0.00534520903602, -0.00440673483536, 0.00200742087327], [-0.00313961063512, 0.00847881473601, -0.00751589844003, 0.0107735581696, -0.00623878790066, 0.00637159543112, -0.00990061927587, 0.0102573782206, -0.00475703459233, -0.00113966269419, -0.00556990131736, 0.008445719257, -0.00428099557757], [0.00346177956089, -0.0099605191499, 0.00827443692833, -0.00623878790066, 0.015727898106, -0.00927033368498, 0.00392533140257, -0.0116284582764, 0.00726968003437, -0.000372487294953, 0.00559430010617, -0.00773150520399, 0.00246087415144], [-0.00306527502835, 0.00821253657341, -0.0090494081378, 0.00637159543112, -0.00927033368498, 0.015905726701, -0.00606695516035, 0.00651961704716, -0.00880957115442, 0.00633883429691, -0.00690828589723, 0.00509749213234, -0.00466024922207], [0.00311345933005, -0.00680162897334, 0.00850270688534, -0.00990061927587, 0.00392533140257, -0.00606695516035, 0.0169057678431, -0.0103691611439, 0.0068083149381, -0.00130769994576, 0.00849294569343, -0.00664189318195, 0.000638897472527], [-0.00393886584789, 0.0118762869388, -0.00882805883884, 0.0102573782206, -0.0116284582764, 0.00651961704716, -0.0103691611439, 0.0287776943296, -0.0153233380988, 0.00335482694209, -0.0111024938524, 0.0118638752028, -0.00473444256932], [0.00337241240777, -0.0105894152075, 0.00836128089577, -0.00475703459233, 0.00726968003437, -0.00880957115442, 0.0068083149381, -0.0153233380988, 0.0263025909662, -0.0128631116822, 0.00757563719526, -0.0117587950081, 0.00759355165064], [-0.00153589004185, 0.00465402659029, -0.00487605761737, -0.00113966269419, -0.000372487294953, 0.00633883429691, -0.00130769994576, 0.00335482694209, -0.0128631116822, 0.0264627672732, -0.0157878156751, 0.00840289331973, -0.003018344054], [0.00287899677642, -0.0103252092376, 0.00534520903602, -0.00556990131736, 0.00559430010617, -0.00690828589723, 0.00849294569343, -0.0111024938524, 0.00757563719526, -0.0157878156751, 0.039125803858, -0.0234867613763, 0.00908498838544], [-0.00288409553468, 0.0119091123343, -0.00440673483536, 0.008445719257, -0.00773150520399, 0.00509749213234, -0.00664189318195, 0.0118638752028, -0.0117587950081, 0.00840289331973, -0.0234867613763, 0.041303884238, -0.0188413485885], [0.00161905656569, -0.00720423553139, 0.00200742087327, -0.00428099557757, 0.00246087415144, -0.00466024922207, 0.000638897472527, -0.00473444256932, 0.00759355165064, -0.003018344054, 0.00908498838544, -0.0188413485885, 0.0313115641475]]
    },
    "melbands": {
        "mean": [0.00104582728818, 0.00149354094174, 0.00157056702301, 0.00090756098507, 0.000599675578997, 0.000596964615397, 0.000327619694872, 0.00059142668033, 0.000188125210116, 0.000294584897347, 0.000406976236263, 0.00104870123323, 0.000346662156517, 9.56719304668e-005, 6.49317662464e-005, 5.55639635422e-005, 6.62358797854e-005, 6.58257558825e-005, 7.62420968385e-005, 0.000111045359517, 5.53146164748e-005, 3.86213396268e-005, 3.14348217216e-005, 1.86685138033e-005, 1.78686659638e-005, 1.39489829962e-005, 4.9428776947e-006, 1.47999583078e-006, 1.41140810683e-006, 1.35116692945e-006, 9.11983306651e-007, 1.6335674502e-007, 3.64859253921e-008, 1.78022663277e-008, 1.42901690481e-008, 8.92552431964e-009, 3.81701203978e-009, 2.73177214183e-009, 1.6282321047e-009, 9.23579879242e-010],
        "var": [2.1335515612e-006, 2.55120198744e-006, 4.59584407508e-006, 1.11253962132e-006, 5.69153201013e-007, 1.01963883026e-006, 1.54001313035e-007, 1.51114522851e-006, 4.70297756294e-008, 1.21252142549e-007, 2.60450235601e-007, 3.18097318086e-006, 5.0104250704e-007, 1.79348180751e-008, 5.62983171193e-009, 4.64050575744e-009, 4.03998434706e-009, 3.78631748177e-009, 5.81050185744e-009, 1.3343481875e-008, 3.72701380869e-009, 1.84633486278e-009, 2.22743290479e-009, 7.61076479616e-010, 8.22225232344e-010, 3.459665332e-010, 9.58464418943e-011, 1.13693108747e-011, 1.6898741087e-011, 1.70090348056e-011, 7.2373699915e-012, 1.27321073064e-013, 7.99150344153e-015, 2.59763278528e-015, 2.78249285558e-015, 9.02328740359e-016, 4.64873783719e-017, 1.89698934607e-017, 6.73337715841e-018, 2.69157002622e-018]
    },
    "mfcc": {
        "mean": [-677.500732422, 224.670394897, -69.6830062866, 31.34283638, 6.04176664352, -4.62735557556, 1.24304175377, 8.59282588959, 7.20382785797, -2.14715790749, -3.78581786156, -9.72873020172, -5.46687746048],
        "cov": [[1459.60314941, -331.215026855, -468.801422119, 437.361450195, -348.712280273, 35.0852813721, 9.85355091095, -52.3522186279, -1.16708242893, -33.8028717041, -4.31133365631, 24.0177288055, -60.2069129944], [-331.215026855, 815.330444336, 68.1130828857, -502.10256958, 330.553314209, -96.4373168945, -108.194160461, 45.0422744751, -10.7062988281, 14.8654727936, 74.296875, 4.32459974289, 107.893188477], [-468.801422119, 68.1130828857, 960.058837891, 133.894271851, 41.2701530457, 88.0225906372, -51.3456535339, -214.141189575, -116.312240601, 89.4885025024, -71.2303161621, 171.73008728, -12.64204216], [437.361450195, -502.10256958, 133.894271851, 708.067871094, -294.384094238, 99.9839096069, 143.86517334, -162.030700684, 11.9216356277, 8.03425502777, -77.6446533203, 65.7398452759, -118.426696777], [-348.712280273, 330.553314209, 41.2701530457, -294.384094238, 294.135955811, -8.7608833313, -34.2404441833, 88.4799728394, 6.13277387619, 24.4534893036, 36.6125106812, -23.8130970001, 61.6554870605], [35.0852813721, -96.4373168945, 88.0225906372, 99.9839096069, -8.7608833313, 123.86492157, 58.5466537476, 1.12337243557, 14.7363357544, 5.66632556915, -33.3228302002, 13.8490142822, -12.5968437195], [9.85355091095, -108.194160461, -51.3456535339, 143.86517334, -34.2404441833, 58.5466537476, 161.0884552, 34.3886489868, 48.9157905579, -6.85038614273, -41.3394851685, -27.1272411346, -44.1167526245], [-52.3522186279, 45.0422744751, -214.141189575, -162.030700684, 88.4799728394, 1.12337243557, 34.3886489868, 181.311721802, 61.6205444336, -8.97304725647, 31.8606433868, -79.2155227661, 22.9666728973], [-1.16708242893, -10.7062988281, -116.312240601, 11.9216356277, 6.13277387619, 14.7363357544, 48.9157905579, 61.6205444336, 91.125, 11.1692342758, 5.91413450241, -32.9963645935, -10.4518547058], [-33.8028717041, 14.8654727936, 89.4885025024, 8.03425502777, 24.4534893036, 5.66632556915, -6.85038614273, -8.97304725647, 11.1692342758, 72.2863006592, 26.5015964508, 25.0329971313, 5.38720035553], [-4.31133365631, 74.296875, -71.2303161621, -77.6446533203, 36.6125106812, -33.3228302002, -41.3394851685, 31.8606433868, 5.91413450241, 26.5015964508, 94.3630142212, 15.1306886673, 33.1942749023], [24.0177288055, 4.32459974289, 171.73008728, 65.7398452759, -23.8130970001, 13.8490142822, -27.1272411346, -79.2155227661, -32.9963645935, 25.0329971313, 15.1306886673, 113.702850342, 23.3239593506], [-60.2069129944, 107.893188477, -12.64204216, -118.426696777, 61.6554870605, -12.5968437195, -44.1167526245, 22.9666728973, -10.4518547058, 5.38720035553, 33.1942749023, 23.3239593506, 78.4883041382]],
        "icov": [[0.00246709166095, -0.00181182357483, 0.00267276866361, -0.00235853367485, 0.00264415889978, -0.00259865773842, 0.00315474718809, -0.00260018627159, 0.00339904194698, -0.00293189100921, 0.00233494630083, -0.00233210367151, 0.00165421306156], [-0.00181182357483, 0.00501760235056, -0.00244628591463, 0.00360510777682, -0.00482421927154, 0.00362059287727, -0.00349618471228, 0.00488809077069, -0.00466428371146, 0.0038785757497, -0.00319843110628, 0.00160786497872, -0.00227890699171], [0.00267276866361, -0.00244628591463, 0.00571454036981, -0.00276040099561, 0.0019590666052, -0.00435985019431, 0.00430516293272, -0.00221528927796, 0.00608838396147, -0.00658330880105, 0.005509971641, -0.00531850475818, 0.00351064628921], [-0.00235853367485, 0.00360510777682, -0.00276040099561, 0.0077328379266, -0.00112942396663, 0.00150380795822, -0.00643428275362, 0.00683376286179, -0.00515143712983, 0.00291138188913, -0.00359625718556, 0.00115432299208, 0.000262538756942], [0.00264415889978, -0.00482421927154, 0.0019590666052, -0.00112942396663, 0.0125515488908, -0.00491827679798, 0.0028050262481, -0.00613200524822, 0.00504915509373, -0.0059253918007, 0.00254777166992, -0.000664705527015, 0.000192256600712], [-0.00259865773842, 0.00362059287727, -0.00435985019431, 0.00150380795822, -0.00491827679798, 0.0161980316043, -0.00638054078445, 0.000880159728695, -0.00562087679282, 0.00416194088757, 1.50248606587e-005, 0.000478902744362, -0.00396720925346], [0.00315474718809, -0.00349618471228, 0.00430516293272, -0.00643428275362, 0.0028050262481, -0.00638054078445, 0.0175289101899, -0.00858127418905, 0.00234954082407, -0.00442757783458, 0.00778274936602, -0.00435005920008, 0.00596517557278], [-0.00260018627159, 0.00488809077069, -0.00221528927796, 0.00683376286179, -0.00613200524822, 0.000880159728695, -0.00858127418905, 0.022183785215, -0.0105186486617, 0.00563415838405, -0.00895673595369, 0.0099170980975, -0.00606254348531], [0.00339904194698, -0.00466428371146, 0.00608838396147, -0.00515143712983, 0.00504915509373, -0.00562087679282, 0.00234954082407, -0.0105186486617, 0.0257634036243, -0.0119255315512, 0.00544090708718, -0.00337084685452, 0.00470702489838], [-0.00293189100921, 0.0038785757497, -0.00658330880105, 0.00291138188913, -0.0059253918007, 0.00416194088757, -0.00442757783458, 0.00563415838405, -0.0119255315512, 0.0271281916648, -0.0123981907964, 0.00248071621172, -0.00200668419711], [0.00233494630083, -0.00319843110628, 0.005509971641, -0.00359625718556, 0.00254777166992, 1.50248606587e-005, 0.00778274936602, -0.00895673595369, 0.00544090708718, -0.0123981907964, 0.0242649000138, -0.00954960752279, 0.00079671072308], [-0.00233210367151, 0.00160786497872, -0.00531850475818, 0.00115432299208, -0.000664705527015, 0.000478902744362, -0.00435005920008, 0.0099170980975, -0.00337084685452, 0.00248071621172, -0.00954960752279, 0.0244111791253, -0.0116966115311], [0.00165421306156, -0.00227890699171, 0.00351064628921, 0.000262538756942, 0.000192256600712, -0.00396720925346, 0.00596517557278, -0.00606254348531, 0.00470702489838, -0.00200668419711, 0.00079671072308, -0.0116966115311, 0.026346500963]]
    },
    "spectral_contrast_coeffs": {
        "mean": [-0.638095736504, -0.733205497265, -0.735953986645, -0.789693713188, -0.69623374939, -0.703454434872],
        "var": [0.00624491041526, 0.00619037263095, 0.00751917483285, 0.00239092158154, 0.00724768685177, 0.00590926920995]
    },
    "spectral_contrast_valleys": {
        "mean": [-6.97426176071, -6.32543182373, -6.50721359253, -6.86303663254, -8.17462348938, -12.7375230789],
        "var": [1.1032204628, 1.02931106091, 0.975332558155, 0.947124004364, 1.4821447134, 0.592314064503]
    }
},
"metadata": {
    "audio_properties": {
        "analysis_sample_rate": 44100,
        "bit_rate": 120921,
        "equal_loudness": 0,
        "length": 45.0873451233,
        "lossless": 0,
        "replay_gain": -15.9769124985,
        "sample_rate": 44100,
        "codec": "mp3",
        "downmix": "mix",
        "md5_encoded": "73f4c66309bb6ef854925cf45ae6ffea"
    },
    "tags": {
        "file_name": "45.mp3"
    },
    "version": {
        "essentia": "2.1-beta2",
        "essentia_git_sha": "v2.1_beta2",
        "extractor": "music 1.0"
    }
},
"rhythm": {
    "beats_count": 69,
    "beats_loudness": {
        "mean": 0.0337612964213,
        "var": 8.50362266647e-005
    },
    "bpm": 92.5375061035,
    "bpm_histogram_first_peak_bpm": {
        "mean": 92,
        "var": 0
    },
    "bpm_histogram_first_peak_spread": {
        "mean": 0.352941155434,
        "var": 0
    },
    "bpm_histogram_first_peak_weight": {
        "mean": 0.647058844566,
        "var": 0
    },
    "bpm_histogram_second_peak_bpm": {
        "mean": 0,
        "var": 0
    },
    "bpm_histogram_second_peak_spread": {
        "mean": 0,
        "var": 0
    },
    "bpm_histogram_second_peak_weight": {
        "mean": 0,
        "var": 0
    },
    "danceability": 1.37038207054,
    "onset_rate": 2.1062078476,
    "beats_loudness_band_ratio": {
        "mean": [0.383764266968, 0.168401986361, 0.149077504873, 0.213820457458, 0.119171075523, 0.0135885672644],
        "var": [0.0454314537346, 0.0131387235597, 0.0160184837878, 0.034635335207, 0.00574661558494, 0.000322453095578]
    },
    "beats_position": [0.615328788757, 1.24226760864, 1.86920630932, 2.49614500999, 3.12308382988, 3.76163268089, 4.38857126236, 5.0387301445, 5.6888885498, 6.33904743195, 7.00081634521, 7.65097475052, 8.3011341095, 8.93968200684, 9.58984088898, 10.2399997711, 10.866938591, 11.5170974731, 12.1904764175, 12.8522443771, 13.5024032593, 14.1525621414, 14.8143310547, 15.4644899368, 16.114648819, 16.7648067474, 17.4149665833, 18.0535144806, 18.7036724091, 19.3538322449, 20.0156002045, 20.6657600403, 21.3159179688, 21.9660758972, 22.616235733, 23.2663936615, 23.9165534973, 24.5783214569, 25.2400894165, 25.9018592834, 26.563627243, 27.1905670166, 27.8291149139, 28.4676647186, 29.106212616, 29.7563705444, 30.4181404114, 31.0682983398, 31.7068481445, 32.3453979492, 33.0303840637, 33.7153739929, 34.3655319214, 35.0156898499, 35.6658477783, 36.2927894592, 36.9545555115, 37.6163253784, 38.2664833069, 38.91664505, 39.55519104, 40.1937408447, 40.8438987732, 41.4940567017, 42.1558265686, 42.7943763733, 43.432926178, 44.071472168, 44.7216300964]
},
"tonal": {
    "chords_changes_rate": 0.0679012313485,
    "chords_number_rate": 0.0123456791043,
    "chords_strength": {
        "mean": 0.482637703419,
        "var": 0.00908884964883
    },
    "hpcp_entropy": {
        "mean": 2.06963324547,
        "var": 0.609733462334
    },
    "key_strength": 0.545133948326,
    "tuning_diatonic_strength": 0.528569400311,
    "tuning_equal_tempered_deviation": 0.173904001713,
    "tuning_frequency": 442.03793335,
    "tuning_nontempered_energy_ratio": 0.789935827255,
    "hpcp": {
        "mean": [0.333396375179, 0.23027600348, 0.0832809060812, 0.0653796419501, 0.0745177268982, 0.207407265902, 0.374693006277, 0.299323171377, 0.167930006981, 0.118306711316, 0.0746462866664, 0.0718592405319, 0.075046800077, 0.067184381187, 0.094862818718, 0.151928156614, 0.131593599916, 0.103877365589, 0.110192246735, 0.0986490547657, 0.119428187609, 0.170854464173, 0.215945765376, 0.232103079557, 0.190823718905, 0.162914514542, 0.223690226674, 0.246037915349, 0.152616068721, 0.0775281861424, 0.0640441551805, 0.082953505218, 0.101744197309, 0.0831548050046, 0.0895663574338, 0.208281204104],
        "var": [0.130805507302, 0.0834583416581, 0.0149392466992, 0.010011495091, 0.0109284054488, 0.0447992943227, 0.149824246764, 0.0814155563712, 0.0545322075486, 0.0312593765557, 0.0206393934786, 0.0186875667423, 0.0162177812308, 0.0146097820252, 0.0211193971336, 0.047012142837, 0.0392284840345, 0.0314179323614, 0.0368562042713, 0.0288316961378, 0.0427161827683, 0.0603114515543, 0.0680913031101, 0.0932430997491, 0.0714579299092, 0.0580655187368, 0.0702044963837, 0.0868184193969, 0.0424888804555, 0.0266772806644, 0.0169804021716, 0.0185960140079, 0.0305148549378, 0.020175749436, 0.0137755153701, 0.0516770333052]
    },
    "chords_histogram": [3.18930029869, 1.54320991039, 5.65843629837, 5.24691343307, 14.0946502686, 22.7366256714, 0.205761313438, 1.85185182095, 0, 22.2222213745, 0.617283940315, 4.21810722351, 0, 0, 0, 0, 0, 0, 4.93827152252, 1.85185182095, 0, 0.102880656719, 11.0082302094, 0.514403283596],
    "thpcp": [1, 0.798849105835, 0.448180258274, 0.31574305892, 0.199219852686, 0.191781640053, 0.200288772583, 0.179305136204, 0.253174781799, 0.405473679304, 0.351203769445, 0.277233272791, 0.294086754322, 0.263279676437, 0.318736106157, 0.455985188484, 0.576327204704, 0.619448661804, 0.509280145168, 0.434794664383, 0.59699600935, 0.656638681889, 0.407309621572, 0.206911221147, 0.170924335718, 0.221390590072, 0.271540164948, 0.221927821636, 0.239039316773, 0.555871605873, 0.889785408974, 0.61457246542, 0.222264379263, 0.174488559365, 0.198876753449, 0.553539216518],
    "chords_key": "D",
    "chords_scale": "major",
    "key_key": "A",
    "key_scale": "minor"
}
}