{
"lowlevel": {
    "average_loudness": 0.948960185051,
    "barkbands_crest": {
        "mean": 19.933588028,
        "var": 30.4707889557
    },
    "barkbands_flatness_db": {
        "mean": 0.512983262539,
        "var": 0.0257386211306
    },
    "barkbands_kurtosis": {
        "mean": 85.0945510864,
        "var": 43044.515625
    },
    "barkbands_skewness": {
        "mean": 3.59387564659,
        "var": 23.7060317993
    },
    "barkbands_spread": {
        "mean": 2.63762426376,
        "var": 24.3652019501
    },
    "dissonance": {
        "mean": 0.358487337828,
        "var": 0.00746289035305
    },
    "dynamic_complexity": 4.23049783707,
    "erbbands_crest": {
        "mean": 17.5184822083,
        "var": 38.3687667847
    },
    "erbbands_flatness_db": {
        "mean": 0.348706781864,
        "var": 0.0060766111128
    },
    "erbbands_kurtosis": {
        "mean": 29.078622818,
        "var": 2075.86376953
    },
    "erbbands_skewness": {
        "mean": 2.36173701286,
        "var": 8.41420841217
    },
    "erbbands_spread": {
        "mean": 9.96728420258,
        "var": 108.115524292
    },
    "hfc": {
        "mean": 8.74323940277,
        "var": 174.161895752
    },
    "melbands_crest": {
        "mean": 25.6073760986,
        "var": 62.3221893311
    },
    "melbands_flatness_db": {
        "mean": 0.644380927086,
        "var": 0.0355579741299
    },
    "melbands_kurtosis": {
        "mean": 43.9894371033,
        "var": 8597.14160156
    },
    "melbands_skewness": {
        "mean": 3.29736709595,
        "var": 11.266831398
    },
    "melbands_spread": {
        "mean": 3.00380015373,
        "var": 50.3114356995
    },
    "pitch_salience": {
        "mean": 0.249181583524,
        "var": 0.0398912839592
    },
    "silence_rate_20dB": {
        "mean": 0.997941315174,
        "var": 0.00205445359461
    },
    "silence_rate_30dB": {
        "mean": 0.614513635635,
        "var": 0.23688480258
    },
    "silence_rate_60dB": {
        "mean": 0.128152340651,
        "var": 0.111726395786
    },
    "spectral_centroid": {
        "mean": 315.379699707,
        "var": 249405.234375
    },
    "spectral_complexity": {
        "mean": 3.5944416523,
        "var": 17.4782981873
    },
    "spectral_decrease": {
        "mean": -2.32721646398e-008,
        "var": 3.76479675275e-016
    },
    "spectral_energy": {
        "mean": 0.0886274203658,
        "var": 0.00546735385433
    },
    "spectral_energyband_high": {
        "mean": 3.80171877623e-005,
        "var": 2.13942058735e-007
    },
    "spectral_energyband_low": {
        "mean": 0.0816836282611,
        "var": 0.0050501790829
    },
    "spectral_energyband_middle_high": {
        "mean": 0.000399202166591,
        "var": 1.07781715997e-005
    },
    "spectral_energyband_middle_low": {
        "mean": 0.00891223549843,
        "var": 0.000427827704698
    },
    "spectral_entropy": {
        "mean": 5.23707056046,
        "var": 1.1469835043
    },
    "spectral_flux": {
        "mean": 0.117427147925,
        "var": 0.0178564079106
    },
    "spectral_kurtosis": {
        "mean": 90.9854354858,
        "var": 6836.02050781
    },
    "spectral_rms": {
        "mean": 0.00821940600872,
        "var": 1.89069360204e-005
    },
    "spectral_rolloff": {
        "mean": 241.72694397,
        "var": 596446
    },
    "spectral_skewness": {
        "mean": 7.11226558685,
        "var": 11.681227684
    },
    "spectral_spread": {
        "mean": 1683050.75,
        "var": 3.9770366935e+012
    },
    "spectral_strongpeak": {
        "mean": 0.664442718029,
        "var": 0.15884745121
    },
    "zerocrossingrate": {
        "mean": 0.00930222310126,
        "var": 0.000454873865237
    },
    "barkbands": {
        "mean": [0.0053473059088, 0.0627431571484, 0.0111993644387, 0.00417722389102, 0.00176427536644, 0.000752837571781, 0.00110138463788, 0.000902423867956, 0.000192882609554, 6.43734601908e-005, 4.4147229346e-005, 3.99488344556e-005, 4.90038255521e-005, 2.85267706204e-005, 3.37610545103e-005, 2.96019061352e-005, 5.36134793947e-005, 2.51851142821e-005, 2.5103065127e-005, 2.90064945148e-005, 1.71425435838e-005, 4.67494919576e-006, 1.34582478495e-006, 5.49467984001e-007, 5.6891389022e-007, 1.75296705152e-007, 6.25587004421e-009],
        "var": [7.70328115323e-005, 0.00322101241909, 0.0011530497577, 0.000202988667297, 3.21238476317e-005, 4.00227327191e-006, 1.57503072842e-005, 4.39499808635e-006, 6.1077622604e-007, 1.22166667893e-007, 1.01694681121e-007, 5.68459341821e-008, 2.43500863917e-007, 7.16508878895e-008, 1.22665539948e-007, 1.22404898661e-007, 4.31734832773e-007, 7.8352158539e-008, 9.95089806111e-008, 1.34165873078e-007, 5.77017473802e-008, 2.93073143531e-009, 1.61510069208e-010, 1.72443084118e-011, 8.47812878929e-012, 8.27144613653e-013, 5.90863608346e-016]
    },
    "erbbands": {
        "mean": [2.22295117378, 12.2181596756, 14.6106529236, 15.7610368729, 8.41374015808, 5.71665096283, 4.60301446915, 7.53358983994, 11.8641843796, 16.2744140625, 22.0369758606, 5.73901510239, 2.30233311653, 1.82018077374, 1.8454079628, 1.65457463264, 2.35309648514, 1.3886796236, 1.77991771698, 1.76987838745, 1.52864480019, 3.24106311798, 1.35774707794, 1.72200322151, 1.23075962067, 1.27365660667, 1.01050007343, 0.451550453901, 0.187376484275, 0.0839079245925, 0.0304206945002, 0.0170733574778, 0.00801905803382, 0.00777640286833, 0.00317939999513, 0.0010314915562, 0.00030608655652, 3.77141477657e-005, 4.03442754759e-005, 9.60027682595e-005],
        "var": [4.08755588531, 187.726852417, 1019.28253174, 2510.64355469, 681.679382324, 338.847076416, 138.43359375, 498.664703369, 2465.11694336, 2682.11938477, 2211.58276367, 341.700500488, 136.475509644, 126.297019958, 151.390762329, 106.622467041, 559.850402832, 146.700042725, 313.328735352, 348.325408936, 306.778564453, 1596.48278809, 236.073547363, 446.680419922, 253.905792236, 253.364852905, 188.33694458, 37.7311134338, 4.93854904175, 0.751888632774, 0.0833014026284, 0.0238847900182, 0.00227572000585, 0.00151910702698, 0.000269081123406, 2.80212589132e-005, 2.46084891842e-006, 4.11638758635e-008, 1.13391374068e-009, 6.42125463912e-009]
    },
    "gfcc": {
        "mean": [-247.208007813, 193.341278076, -31.0921783447, 5.35541057587, -14.3830299377, 7.18867444992, -5.07274723053, 13.550951004, 8.76545810699, 3.77533888817, 7.5411491394, -12.0954761505, -4.34441614151],
        "cov": [[8444.81933594, 1039.39477539, -2101.56713867, -391.127258301, -699.325134277, -553.290344238, -297.417907715, 44.2710647583, -156.140274048, 81.7048568726, -119.878913879, -148.116043091, -290.079650879], [1039.39477539, 1466.30737305, 9.55563545227, -531.956298828, 94.9979553223, -253.382232666, 175.162902832, -113.45665741, 166.59815979, -58.2580680847, 69.890045166, -166.966888428, -64.3750152588], [-2101.56713867, 9.55563545227, 3488.99414063, 1166.34985352, 1384.82995605, 610.78704834, 458.859893799, -313.919372559, 69.8179626465, -226.104019165, -37.7711486816, 47.8788452148, 113.473457336], [-391.127258301, -531.956298828, 1166.34985352, 1249.88781738, 809.932678223, 238.81211853, 200.44758606, -219.049728394, -94.7217941284, -119.444480896, -64.7775039673, 105.8565979, 149.305267334], [-699.325134277, 94.9979553223, 1384.82995605, 809.932678223, 1141.15148926, 309.620117188, 406.815429688, -146.738006592, 99.0944213867, -134.795059204, 20.4110736847, 41.7117958069, 105.207710266], [-553.290344238, -253.382232666, 610.78704834, 238.81211853, 309.620117188, 342.463104248, 146.300689697, 47.0203475952, 49.1970481873, -25.527551651, -16.8063335419, 21.8433666229, -7.60634374619], [-297.417907715, 175.162902832, 458.859893799, 200.44758606, 406.815429688, 146.300689697, 395.692382813, 55.867515564, 209.747360229, 40.0052909851, 57.7421417236, -28.1377925873, 7.01445293427], [44.2710647583, -113.45665741, -313.919372559, -219.049728394, -146.738006592, 47.0203475952, 55.867515564, 242.937835693, 125.566970825, 117.791717529, 49.741519928, -17.8159255981, -60.8797836304], [-156.140274048, 166.59815979, 69.8179626465, -94.7217941284, 99.0944213867, 49.1970481873, 209.747360229, 125.566970825, 232.829620361, 107.433425903, 95.8857116699, -14.8782052994, -7.52653837204], [81.7048568726, -58.2580680847, -226.104019165, -119.444480896, -134.795059204, -25.527551651, 40.0052909851, 117.791717529, 107.433425903, 146.723083496, 78.8399124146, 29.8543052673, 3.72724795341], [-119.878913879, 69.890045166, -37.7711486816, -64.7775039673, 20.4110736847, -16.8063335419, 57.7421417236, 49.741519928, 95.8857116699, 78.8399124146, 111.240997314, 46.1893081665, 48.4084320068], [-148.116043091, -166.966888428, 47.8788452148, 105.8565979, 41.7117958069, 21.8433666229, -28.1377925873, -17.8159255981, -14.8782052994, 29.8543052673, 46.1893081665, 107.461227417, 81.5550689697], [-290.079650879, -64.3750152588, 113.473457336, 149.305267334, 105.207710266, -7.60634374619, 7.01445293427, -60.8797836304, -7.52653837204, 3.72724795341, 48.4084320068, 81.5550689697, 121.517150879]],
        "icov": [[0.000272226374364, -0.000657826894894, 0.000225339870667, -0.00058749737218, 0.000100294266304, -0.000203736242838, 0.000281548564089, -0.000359537341865, 0.000358715100447, -0.000674153328873, 0.000524539558683, -0.000828790711239, 0.000906981062144], [-0.000657826894894, 0.00433785608038, -0.000705996644683, 0.00329471519217, -0.00127705780324, 0.00260367547162, -0.00178151309956, 0.00369156780653, -0.00217618024908, 0.00310097471811, -0.00342431548052, 0.00415301509202, -0.00109326979145], [0.000225339870667, -0.000705996644683, 0.000982623896562, -0.00079440465197, -0.000304339831928, -0.00140514480881, 0.000584229826927, 0.000768518948462, -0.000219897294301, -0.000747621175833, 0.000229711498832, -0.000377413933165, 0.000920336635318], [-0.00058749737218, 0.00329471519217, -0.00079440465197, 0.00522336317226, -0.00265397783369, 0.00185594637878, -0.0022283308208, 0.0030501561705, 0.000730496190954, -0.000711422180757, 0.000877866637893, 0.00241933157668, -0.00316870003007], [0.000100294266304, -0.00127705780324, -0.000304339831928, -0.00265397783369, 0.00493004871532, -0.0012604596559, -0.00195952714421, -0.00127033097669, -0.000939080666285, 0.00505998171866, -0.00224654236808, -0.00250044674613, 0.000597107980866], [-0.000203736242838, 0.00260367547162, -0.00140514480881, 0.00185594637878, -0.0012604596559, 0.0091192657128, -0.00252405111678, -0.00213973526843, -0.00147987017408, 0.00440578022972, 0.00123837287538, -0.00353313260712, 0.00231165718287], [0.000281548564089, -0.00178151309956, 0.000584229826927, -0.0022283308208, -0.00195952714421, -0.00252405111678, 0.0110738901421, -0.000568630115595, -0.00728012621403, -0.00315556651913, 0.002399393823, 0.00314157269895, -0.00088331499137], [-0.000359537341865, 0.00369156780653, 0.000768518948462, 0.0030501561705, -0.00127033097669, -0.00213973526843, -0.000568630115595, 0.0164032373577, -0.00521173607558, -0.00423634797335, -0.00397183327004, 0.00420068530366, 0.00441890908405], [0.000358715100447, -0.00217618024908, -0.000219897294301, 0.000730496190954, -0.000939080666285, -0.00147987017408, -0.00728012621403, -0.00521173607558, 0.0246732197702, -0.0111278640106, -0.00666758464649, 0.00446691876277, -0.000931420188863], [-0.000674153328873, 0.00310097471811, -0.000747621175833, -0.000711422180757, 0.00505998171866, 0.00440578022972, -0.00315556651913, -0.00423634797335, -0.0111278640106, 0.0323852300644, -0.0118609601632, -0.00783587340266, 0.00386179541238], [0.000524539558683, -0.00342431548052, 0.000229711498832, 0.000877866637893, -0.00224654236808, 0.00123837287538, 0.002399393823, -0.00397183327004, -0.00666758464649, -0.0118609601632, 0.0361467674375, -0.0115875815973, -0.00863283500075], [-0.000828790711239, 0.00415301509202, -0.000377413933165, 0.00241933157668, -0.00250044674613, -0.00353313260712, 0.00314157269895, 0.00420068530366, 0.00446691876277, -0.00783587340266, -0.0115875815973, 0.0374493263662, -0.0185322314501], [0.000906981062144, -0.00109326979145, 0.000920336635318, -0.00316870003007, 0.000597107980866, 0.00231165718287, -0.00088331499137, 0.00441890908405, -0.000931420188863, 0.00386179541238, -0.00863283500075, -0.0185322314501, 0.0304423160851]]
    },
    "melbands": {
        "mean": [0.0188497304916, 0.0109180398285, 0.00252931960858, 0.000473857246106, 0.00017742550699, 0.000157521455549, 0.000200863869395, 0.000169663573615, 0.000169413237018, 2.55215472862e-005, 1.08061030915e-005, 7.35955563869e-006, 6.31550256003e-006, 4.5267565838e-006, 4.97376777275e-006, 4.46391732112e-006, 2.41746784013e-006, 2.8325907806e-006, 2.80591666524e-006, 2.046340569e-006, 1.6825097191e-006, 3.43350575349e-006, 2.02445335162e-006, 1.05470269318e-006, 1.455786105e-006, 8.5041699549e-007, 9.82735173238e-007, 7.90094588865e-007, 7.64364585848e-007, 3.11760345539e-007, 2.53675494832e-007, 1.11626157207e-007, 5.93642859315e-008, 3.89035044179e-008, 1.56362798265e-008, 1.75136012359e-008, 7.11556547017e-009, 5.05592101518e-009, 6.11057648925e-009, 6.65557697843e-009],
        "var": [0.000259098043898, 0.000232909907936, 6.08304872003e-005, 2.21666141442e-006, 2.31392419892e-007, 2.1411537432e-007, 6.14889302142e-007, 2.80347649095e-007, 1.30905249307e-007, 1.02488524334e-008, 3.26468874157e-009, 2.05572248113e-009, 2.06856287654e-009, 6.88059498266e-010, 1.78511594395e-009, 1.93152760453e-009, 4.7565767991e-010, 7.96405885684e-010, 8.680079433e-010, 5.95315019503e-010, 4.07193972984e-010, 1.7561962995e-009, 6.26980245499e-010, 1.34026789667e-010, 3.24209575853e-010, 1.17216875095e-010, 1.71844885544e-010, 9.12511177731e-011, 1.08076686489e-010, 1.80578711706e-011, 1.20939811984e-011, 1.73377382329e-012, 4.10050221859e-013, 1.51009413307e-013, 2.2209512197e-014, 3.1396922822e-014, 3.09810029634e-015, 8.43315796105e-016, 1.17134248688e-015, 1.08343836053e-015]
    },
    "mfcc": {
        "mean": [-899.077453613, 211.48135376, 63.738067627, 24.8232345581, 21.9289875031, 12.2460689545, 11.8998832703, 11.5355615616, 11.7412004471, 16.2954216003, 19.1700992584, 17.4287338257, 10.7203454971],
        "cov": [[6940.21386719, 1470.68334961, -2307.2668457, -808.723937988, -723.818481445, -933.99407959, -570.369506836, -384.266296387, -320.846191406, -53.5086860657, -27.0598545074, 4.94540691376, -24.5630321503], [1470.68334961, 1707.08068848, -144.956039429, -407.493927002, -179.032424927, -194.855484009, -158.558288574, -86.8030166626, -43.9367370605, 39.4620437622, 108.262115479, 99.0712280273, 8.89336299896], [-2307.2668457, -144.956039429, 1756.82104492, 827.938781738, 596.260437012, 691.581481934, 400.295776367, 211.389053345, 138.674697876, 14.1951990128, -39.8754463196, -69.6702880859, -39.265499115], [-808.723937988, -407.493927002, 827.938781738, 1197.078125, 699.417114258, 610.824035645, 403.779510498, 193.060531616, 84.5812759399, -16.5680217743, -142.519454956, -148.550704956, -62.7643928528], [-723.818481445, -179.032424927, 596.260437012, 699.417114258, 653.926025391, 478.457366943, 307.248687744, 206.020477295, 83.6097335815, -15.6421098709, -79.1920089722, -91.9298477173, -50.0711364746], [-933.99407959, -194.855484009, 691.581481934, 610.824035645, 478.457366943, 567.196533203, 327.057403564, 216.344909668, 137.675292969, 16.1506710052, -43.0206260681, -52.759021759, -29.2199726105], [-570.369506836, -158.558288574, 400.295776367, 403.779510498, 307.248687744, 327.057403564, 259.351898193, 165.244659424, 102.624343872, 44.634967804, -1.93694674969, -13.9044284821, -3.92555212975], [-384.266296387, -86.8030166626, 211.389053345, 193.060531616, 206.020477295, 216.344909668, 165.244659424, 171.658218384, 113.68572998, 59.9903144836, 40.5802688599, 27.0572452545, 15.9963855743], [-320.846191406, -43.9367370605, 138.674697876, 84.5812759399, 83.6097335815, 137.675292969, 102.624343872, 113.68572998, 129.262313843, 91.0198898315, 77.0229415894, 66.1252288818, 38.7017822266], [-53.5086860657, 39.4620437622, 14.1951990128, -16.5680217743, -15.6421098709, 16.1506710052, 44.634967804, 59.9903144836, 91.0198898315, 125.802932739, 115.903038025, 93.2970504761, 58.7066688538], [-27.0598545074, 108.262115479, -39.8754463196, -142.519454956, -79.1920089722, -43.0206260681, -1.93694674969, 40.5802688599, 77.0229415894, 115.903038025, 159.097610474, 131.3699646, 73.819984436], [4.94540691376, 99.0712280273, -69.6702880859, -148.550704956, -91.9298477173, -52.759021759, -13.9044284821, 27.0572452545, 66.1252288818, 93.2970504761, 131.3699646, 136.156585693, 82.567565918], [-24.5630321503, 8.89336299896, -39.265499115, -62.7643928528, -50.0711364746, -29.2199726105, -3.92555212975, 15.9963855743, 38.7017822266, 58.7066688538, 73.819984436, 82.567565918, 78.5765075684]],
        "icov": [[0.000431244523497, -0.000380653305911, 0.000624255626462, -0.000389681255911, 0.000221349124331, -0.000114291535283, 0.000224254967179, -0.000294077588478, 0.000825996045023, -0.000676769413985, 0.000296109879855, 4.57746682514e-005, 0.000120706572488], [-0.000380653305911, 0.00107639771886, -0.000620569218881, 0.000627937610261, -0.000505001284182, -0.000204593190574, 0.000288794923108, 0.000374747469323, 0.000294197292533, -0.000278158084257, -5.23196613358e-005, -0.00145566987339, 0.00113258243073], [0.000624255626462, -0.000620569218881, 0.00211497582495, -0.000741855881643, 0.000259739928879, -0.0015787477605, -0.000242748021265, 0.000819773471449, 0.000924660533201, -0.000239585191594, -0.00107521133032, 0.000846040959004, -2.62169996859e-005], [-0.000389681255911, 0.000627937610261, -0.000741855881643, 0.00412558810785, -0.0027444565203, -0.00101322471164, -0.00293982657604, 0.0036572702229, -0.000269638665486, -0.00268061924726, 0.00237737293355, 0.000861353590153, -0.00128823891282], [0.000221349124331, -0.000505001284182, 0.000259739928879, -0.0027444565203, 0.00714988773689, -0.00191671645734, 0.000498801702634, -0.00649670418352, 0.00374149554409, 0.00123561231885, -0.0010910378769, 0.00109069794416, 0.000367720465874], [-0.000114291535283, -0.000204593190574, -0.0015787477605, -0.00101322471164, -0.00191671645734, 0.0127588445321, -0.00750170834363, 0.000377345160814, -0.0106511749327, 0.00799642130733, -0.000824815127999, 0.00171903229784, -0.000298923929222], [0.000224254967179, 0.000288794923108, -0.000242748021265, -0.00293982657604, 0.000498801702634, -0.00750170834363, 0.0261360313743, -0.014620971866, 0.00825631991029, -0.0107213091105, 0.00491665722802, -0.00321392039768, 0.00208007404581], [-0.000294077588478, 0.000374747469323, 0.000819773471449, 0.0036572702229, -0.00649670418352, 0.000377345160814, -0.014620971866, 0.0346859209239, -0.0221701078117, 0.00777492811903, -0.00731122866273, 0.00541003094986, -0.00230008689687], [0.000825996045023, 0.000294197292533, 0.000924660533201, -0.000269638665486, 0.00374149554409, -0.0106511749327, 0.00825631991029, -0.0221701078117, 0.0506244264543, -0.0284800492227, 0.0118060158566, -0.0172365475446, 0.00718529382721], [-0.000676769413985, -0.000278158084257, -0.000239585191594, -0.00268061924726, 0.00123561231885, 0.00799642130733, -0.0107213091105, 0.00777492811903, -0.0284800492227, 0.0511388555169, -0.0333333797753, 0.0153845893219, -0.00982864201069], [0.000296109879855, -5.23196613358e-005, -0.00107521133032, 0.00237737293355, -0.0010910378769, -0.000824815127999, 0.00491665722802, -0.00731122866273, 0.0118060158566, -0.0333333797753, 0.0582252368331, -0.0436509624124, 0.0124490512535], [4.57746682514e-005, -0.00145566987339, 0.000846040959004, 0.000861353590153, 0.00109069794416, 0.00171903229784, -0.00321392039768, 0.00541003094986, -0.0172365475446, 0.0153845893219, -0.0436509624124, 0.0712471231818, -0.0354997068644], [0.000120706572488, 0.00113258243073, -2.62169996859e-005, -0.00128823891282, 0.000367720465874, -0.000298923929222, 0.00208007404581, -0.00230008689687, 0.00718529382721, -0.00982864201069, 0.0124490512535, -0.0354997068644, 0.0417007878423]]
    },
    "spectral_contrast_coeffs": {
        "mean": [-0.62574416399, -0.729391217232, -0.861683666706, -0.852635860443, -0.85449308157, -0.857417166233],
        "var": [0.0149334268644, 0.00732178194448, 0.00138157140464, 0.00138746749144, 0.00138100609183, 0.00236384151503]
    },
    "spectral_contrast_valleys": {
        "mean": [-7.8692908287, -8.00082492828, -9.11931228638, -10.1727304459, -11.1033554077, -13.7732143402],
        "var": [2.01451277733, 2.50559091568, 2.14537620544, 1.83054363728, 1.81581258774, 1.05074381828]
    }
},
"metadata": {
    "audio_properties": {
        "analysis_sample_rate": 44100,
        "bit_rate": 102424,
        "equal_loudness": 0,
        "length": 45.0873451233,
        "lossless": 0,
        "replay_gain": -8.7520904541,
        "sample_rate": 44100,
        "codec": "mp3",
        "downmix": "mix",
        "md5_encoded": "99a9a406f0f5037fb3d60f23538209b3"
    },
    "tags": {
        "file_name": "450.mp3"
    },
    "version": {
        "essentia": "2.1-beta2",
        "essentia_git_sha": "v2.1_beta2",
        "extractor": "music 1.0"
    }
},
"rhythm": {
    "beats_count": 93,
    "beats_loudness": {
        "mean": 0.138943359256,
        "var": 0.0062793190591
    },
    "bpm": 124.962936401,
    "bpm_histogram_first_peak_bpm": {
        "mean": 126,
        "var": 0
    },
    "bpm_histogram_first_peak_spread": {
        "mean": 0.406593382359,
        "var": 0
    },
    "bpm_histogram_first_peak_weight": {
        "mean": 0.586956501007,
        "var": 0
    },
    "bpm_histogram_second_peak_bpm": {
        "mean": 120,
        "var": 0
    },
    "bpm_histogram_second_peak_spread": {
        "mean": 0,
        "var": 0
    },
    "bpm_histogram_second_peak_weight": {
        "mean": 0.0108695654199,
        "var": 0
    },
    "danceability": 1.1900216341,
    "onset_rate": 4.2789273262,
    "beats_loudness_band_ratio": {
        "mean": [0.951370835304, 0.0223063249141, 0.0292260441929, 0.00171596754808, 0.00148973031901, 0.000225887866691],
        "var": [0.00971764884889, 0.00108455203008, 0.00536195375025, 2.28269436775e-005, 2.87714392471e-005, 5.8956175053e-007]
    },
    "beats_position": [0.522448956966, 1.02167797089, 1.50929701328, 1.99691605568, 2.47292518616, 2.94893407822, 3.42494320869, 3.9125623703, 4.38857126236, 4.85297060013, 5.34058952332, 5.8282084465, 6.31582736969, 6.79183673859, 7.26784563065, 7.75546455383, 8.23147392273, 8.70748329163, 9.19510173798, 9.67111110687, 10.1471195221, 10.623128891, 11.110748291, 11.5867567062, 12.0743761063, 12.538775444, 13.0263938904, 13.5140132904, 13.9900226593, 14.4660310745, 14.9536504745, 15.4296598434, 15.9056682587, 16.3816776276, 16.8576869965, 17.3453063965, 17.8329238892, 18.3089332581, 18.784942627, 19.272562027, 19.7485713959, 20.2245807648, 20.7005901337, 21.1765975952, 21.6642169952, 22.1518363953, 22.6278457642, 23.1038551331, 23.5914726257, 24.0674819946, 24.5434913635, 25.0311107635, 25.5071201324, 25.9831295013, 26.470746994, 26.9467563629, 27.4227657318, 27.9103851318, 28.3863945007, 28.8624038696, 29.3500213623, 29.8376407623, 30.3136501312, 30.7896595001, 31.2772789001, 31.753288269, 32.2292976379, 32.7053070068, 33.1813163757, 33.6689338684, 34.1449432373, 34.6209526062, 35.1085700989, 35.5961914063, 36.0722007751, 36.5482063293, 37.0242156982, 37.5002250671, 37.9878463745, 38.4638557434, 38.9398651123, 39.427482605, 39.9034919739, 40.3795013428, 40.8555107117, 41.3315200806, 41.8191375732, 42.3067550659, 42.7827644348, 43.2587738037, 43.7463951111, 44.2340126038, 44.7216300964]
},
"tonal": {
    "chords_changes_rate": 0.0761316865683,
    "chords_number_rate": 0.0102880662307,
    "chords_strength": {
        "mean": 0.495898574591,
        "var": 0.00571073126048
    },
    "hpcp_entropy": {
        "mean": 1.78169035912,
        "var": 0.561969161034
    },
    "key_strength": 0.676170527935,
    "tuning_diatonic_strength": 0.457482606173,
    "tuning_equal_tempered_deviation": 0.255286663771,
    "tuning_frequency": 434.193115234,
    "tuning_nontempered_energy_ratio": 0.907749533653,
    "hpcp": {
        "mean": [0.107900112867, 0.102601252496, 0.109474897385, 0.117940194905, 0.120178245008, 0.119518212974, 0.0831684842706, 0.0535611435771, 0.0576929487288, 0.0720323175192, 0.0623659454286, 0.0443028397858, 0.0481611639261, 0.0582726635039, 0.0935259386897, 0.197389230132, 0.256884455681, 0.174149677157, 0.081728965044, 0.0401635505259, 0.0194499287754, 0.0201408565044, 0.0207656379789, 0.14837884903, 0.286798298359, 0.163569808006, 0.0239174868912, 0.0185205545276, 0.0155172580853, 0.0172581635416, 0.0451676435769, 0.0661322399974, 0.0597068741918, 0.0523125529289, 0.0561917163432, 0.0823518410325],
        "var": [0.0664091929793, 0.0501402579248, 0.0576466284692, 0.0743318200111, 0.0552443787456, 0.0695605948567, 0.0363820493221, 0.0246049556881, 0.0311775524169, 0.0474636368454, 0.0370464958251, 0.0229000039399, 0.0251029562205, 0.028624759987, 0.0444664396346, 0.104611717165, 0.140919446945, 0.0788491889834, 0.0481267981231, 0.0164334960282, 0.00540785491467, 0.00790002197027, 0.00790629722178, 0.049316201359, 0.173248633742, 0.0583132691681, 0.00565466564149, 0.00759216491133, 0.0052502299659, 0.00365319265984, 0.0241040214896, 0.0428418777883, 0.0330903567374, 0.0299225226045, 0.0322874262929, 0.0466892980039]
    },
    "chords_histogram": [33.2304534912, 27.4691352844, 7.92181062698, 0, 0, 0, 2.77777767181, 0, 0, 0.823045253754, 1.13168728352, 2.05761313438, 0, 0, 0, 0, 0, 0.411522626877, 0.514403283596, 2.98353910446, 1.74897122383, 7.30452680588, 0, 11.6255140305],
    "thpcp": [1, 0.570330440998, 0.0833948031068, 0.0645769312978, 0.0541051253676, 0.0601752661169, 0.157489225268, 0.230587974191, 0.208184197545, 0.182401895523, 0.195927649736, 0.287142008543, 0.376222997904, 0.357747077942, 0.38171389699, 0.411230444908, 0.419034034014, 0.416732639074, 0.289989471436, 0.18675544858, 0.201162099838, 0.251160204411, 0.217455774546, 0.154473856091, 0.167926952243, 0.203183442354, 0.326103538275, 0.688251078129, 0.895697295666, 0.607220053673, 0.284970194101, 0.140041097999, 0.0678174495697, 0.0702265575528, 0.072405025363, 0.517363071442],
    "chords_key": "A#",
    "chords_scale": "major",
    "key_key": "A#",
    "key_scale": "major"
}
}