{
"lowlevel": {
    "average_loudness": 0.762035608292,
    "barkbands_crest": {
        "mean": 11.2403793335,
        "var": 17.7259063721
    },
    "barkbands_flatness_db": {
        "mean": 0.275528550148,
        "var": 0.0153362536803
    },
    "barkbands_kurtosis": {
        "mean": 11.9708375931,
        "var": 662.72857666
    },
    "barkbands_skewness": {
        "mean": 2.04240822792,
        "var": 2.44827222824
    },
    "barkbands_spread": {
        "mean": 7.39157629013,
        "var": 25.7017345428
    },
    "dissonance": {
        "mean": 0.435749739408,
        "var": 0.00176223379094
    },
    "dynamic_complexity": 4.33533906937,
    "erbbands_crest": {
        "mean": 9.07747173309,
        "var": 10.81665802
    },
    "erbbands_flatness_db": {
        "mean": 0.225612565875,
        "var": 0.0057711773552
    },
    "erbbands_kurtosis": {
        "mean": 1.59894406796,
        "var": 9.25669956207
    },
    "erbbands_skewness": {
        "mean": 0.952848017216,
        "var": 0.461783856153
    },
    "erbbands_spread": {
        "mean": 23.9304180145,
        "var": 187.897232056
    },
    "hfc": {
        "mean": 11.3373022079,
        "var": 172.966491699
    },
    "melbands_crest": {
        "mean": 17.3394241333,
        "var": 53.604019165
    },
    "melbands_flatness_db": {
        "mean": 0.372811466455,
        "var": 0.0218502301723
    },
    "melbands_kurtosis": {
        "mean": 23.7566280365,
        "var": 2781.50439453
    },
    "melbands_skewness": {
        "mean": 2.83591580391,
        "var": 4.53334236145
    },
    "melbands_spread": {
        "mean": 7.74227142334,
        "var": 55.9870681763
    },
    "pitch_salience": {
        "mean": 0.547522246838,
        "var": 0.0241374727339
    },
    "silence_rate_20dB": {
        "mean": 0.959341228008,
        "var": 0.0390053763986
    },
    "silence_rate_30dB": {
        "mean": 0.862583637238,
        "var": 0.118534877896
    },
    "silence_rate_60dB": {
        "mean": 0.00308800814673,
        "var": 0.00307847349904
    },
    "spectral_centroid": {
        "mean": 498.487487793,
        "var": 182380.0625
    },
    "spectral_complexity": {
        "mean": 11.5887804031,
        "var": 42.5941390991
    },
    "spectral_decrease": {
        "mean": -1.5541425924e-008,
        "var": 7.31040943672e-016
    },
    "spectral_energy": {
        "mean": 0.059685125947,
        "var": 0.0105786863714
    },
    "spectral_energyband_high": {
        "mean": 0.000118425530673,
        "var": 7.36652481237e-008
    },
    "spectral_energyband_low": {
        "mean": 0.0407894328237,
        "var": 0.00921091996133
    },
    "spectral_energyband_middle_high": {
        "mean": 0.0020557094831,
        "var": 9.52247592068e-006
    },
    "spectral_energyband_middle_low": {
        "mean": 0.0164550226182,
        "var": 0.000300002691802
    },
    "spectral_entropy": {
        "mean": 6.63779973984,
        "var": 0.53812277317
    },
    "spectral_flux": {
        "mean": 0.110863387585,
        "var": 0.0134796947241
    },
    "spectral_kurtosis": {
        "mean": 34.8918800354,
        "var": 3064.08764648
    },
    "spectral_rms": {
        "mean": 0.00616066483781,
        "var": 2.02755654755e-005
    },
    "spectral_rolloff": {
        "mean": 451.289276123,
        "var": 768276
    },
    "spectral_skewness": {
        "mean": 3.66138291359,
        "var": 7.07679367065
    },
    "spectral_spread": {
        "mean": 2728261.25,
        "var": 3.57818905395e+012
    },
    "spectral_strongpeak": {
        "mean": 0.542729616165,
        "var": 0.491790622473
    },
    "zerocrossingrate": {
        "mean": 0.020804097876,
        "var": 0.000609477458056
    },
    "barkbands": {
        "mean": [0.00760380597785, 0.028498724103, 0.00505266617984, 0.00309263775125, 0.0063436254859, 0.00243817246519, 0.0012399610132, 0.00198485981673, 0.00114324758761, 0.000517115578987, 0.000437576178228, 0.000379726814572, 0.000174547662027, 0.000176909932634, 0.000270522286883, 5.83698456467e-005, 4.86962962896e-005, 4.25316502515e-005, 4.32035667473e-005, 4.45807781944e-005, 2.59681091848e-005, 2.09335212276e-005, 1.51738395289e-005, 1.95408229047e-005, 9.88337887975e-006, 2.23798610932e-006, 4.8442149847e-008],
        "var": [0.000578453065827, 0.00566607387736, 0.000193363666767, 2.37308631768e-005, 5.45833318029e-005, 1.46988650158e-005, 5.79476272833e-006, 3.11779767799e-005, 3.71035389435e-006, 7.32387263724e-007, 1.057202212e-006, 5.95006099502e-007, 1.30105817675e-007, 1.45905204363e-007, 6.18059004864e-007, 1.07328874677e-008, 7.90888687874e-009, 7.84451170688e-009, 7.97807597763e-009, 9.45502698357e-009, 3.01350477905e-009, 2.18562723475e-009, 1.51160028938e-009, 6.64355859215e-009, 1.34678568298e-009, 1.09734998865e-010, 9.9493865566e-014]
    },
    "erbbands": {
        "mean": [1.18923938274, 4.77971601486, 7.4856595993, 7.26058626175, 14.9539070129, 23.0436248779, 23.3603420258, 20.0405540466, 15.385342598, 42.6481552124, 25.4445724487, 29.2197475433, 18.2892436981, 13.939948082, 21.8794250488, 14.6714439392, 8.72661590576, 10.4927749634, 17.4669265747, 4.89367723465, 2.78863406181, 2.70881652832, 2.50554633141, 2.23632097244, 2.0395219326, 2.21783041954, 1.25736391544, 1.00490903854, 0.82211369276, 0.518212676048, 0.436940640211, 0.413723051548, 0.305559545755, 0.140196025372, 0.0546391010284, 0.0172063708305, 0.0029358046595, 0.000312540476443, 3.50618247467e-005, 6.58270873828e-005],
        "var": [7.50446414948, 291.512115479, 582.208007813, 128.161468506, 425.010223389, 968.130981445, 909.153869629, 1072.77954102, 562.108276367, 12831.9599609, 2525.65209961, 2518.5065918, 938.247680664, 477.28729248, 2520.18139648, 829.34161377, 310.803833008, 463.451751709, 2684.23657227, 58.9327888489, 26.0962104797, 23.4530544281, 23.6933383942, 18.9196491241, 17.1575260162, 24.5828552246, 7.33393096924, 4.5843706131, 3.24566555023, 1.50324559212, 1.31820785999, 3.16007375717, 1.40154147148, 0.275556266308, 0.0431936196983, 0.00700739305466, 0.000236507723457, 2.17328692997e-006, 3.66221164505e-009, 1.24008678881e-008]
    },
    "gfcc": {
        "mean": [-98.8531265259, 181.509063721, -89.8474197388, 21.2383327484, -48.0899353027, 8.69612693787, -24.3652248383, -1.776055336, -11.4024562836, -6.10520410538, -3.28742432594, -9.37727165222, 4.1565284729],
        "cov": [[15705.9306641, -4619.41113281, -2752.53222656, 1680.9239502, -2235.70947266, 1283.70996094, -1187.9876709, 645.934204102, -904.349731445, 390.421478271, -358.917816162, 23.1332454681, -248.691680908], [-4619.41113281, 2703.36962891, 749.696655273, -937.274597168, 905.991088867, -627.311340332, 455.686798096, -386.900878906, 472.986816406, -226.400924683, 201.220123291, -90.8364639282, 148.331100464], [-2752.53222656, 749.696655273, 1189.14794922, -165.260925293, 532.919555664, -159.971054077, 310.373168945, -42.4160766602, 161.958374023, -20.1908416748, 61.3931274414, 15.7134227753, 8.18914985657], [1680.9239502, -937.274597168, -165.260925293, 636.745056152, -227.969604492, 225.98739624, -63.314655304, 128.690200806, -130.935272217, 37.3169021606, -30.389087677, 4.22941541672, 1.43249833584], [-2235.70947266, 905.991088867, 532.919555664, -227.969604492, 587.802124023, -207.266494751, 281.04989624, -104.921363831, 208.392745972, -66.7379302979, 85.7140274048, -10.3810796738, 43.9630050659], [1283.70996094, -627.311340332, -159.971054077, 225.98739624, -207.266494751, 262.740966797, -100.456535339, 93.7519607544, -88.190071106, 41.5797653198, -36.356388092, -2.45261836052, -23.8175029755], [-1187.9876709, 455.686798096, 310.373168945, -63.314655304, 281.04989624, -100.456535339, 247.514602661, -46.4279937744, 114.249542236, -36.2475204468, 61.9286994934, -6.30724620819, 30.391450882], [645.934204102, -386.900878906, -42.4160766602, 128.690200806, -104.921363831, 93.7519607544, -46.4279937744, 123.719749451, -56.2926445007, 42.3542480469, -27.2317199707, 21.4560756683, -24.5041122437], [-904.349731445, 472.986816406, 161.958374023, -130.935272217, 208.392745972, -88.190071106, 114.249542236, -56.2926445007, 205.351791382, -26.140712738, 65.6008377075, -28.9476833344, 37.706199646], [390.421478271, -226.400924683, -20.1908416748, 37.3169021606, -66.7379302979, 41.5797653198, -36.2475204468, 42.3542480469, -26.140712738, 91.8374023438, -6.36702251434, 21.2953262329, -23.4296398163], [-358.917816162, 201.220123291, 61.3931274414, -30.389087677, 85.7140274048, -36.356388092, 61.9286994934, -27.2317199707, 65.6008377075, -6.36702251434, 88.5083007813, 0.00604582065716, 34.0486412048], [23.1332454681, -90.8364639282, 15.7134227753, 4.22941541672, -10.3810796738, -2.45261836052, -6.30724620819, 21.4560756683, -28.9476833344, 21.2953262329, 0.00604582065716, 85.1575241089, 1.72554814816], [-248.691680908, 148.331100464, 8.18914985657, 1.43249833584, 43.9630050659, -23.8175029755, 30.391450882, -24.5041122437, 37.706199646, -23.4296398163, 34.0486412048, 1.72554814816, 82.0881500244]],
        "icov": [[0.000270530261332, -0.000351210328517, 0.000382037193049, -0.000572890392505, 0.000361946673365, -0.000672165653668, 0.000296020880342, -0.000424239085987, 0.000175316352397, -0.000600390660111, 0.000100033197668, -0.000137200215249, 0.000510497193318], [-0.000351210328517, 0.00497821578756, -0.00100308784749, 0.00426356168464, -0.00190705130808, 0.00417187344283, -0.00159146683291, 0.00343034579419, -0.00180194643326, 0.0041809650138, -0.0018937215209, 0.00269619654864, -0.00343902595341], [0.000382037193049, -0.00100308784749, 0.00218709697947, -0.00114002043847, -0.000608631002251, -0.00138850312214, -0.000375118834199, -0.00138714339118, 0.000601419771556, -0.00174194190186, 0.000673485978041, -0.00070117006544, 0.00138151203282], [-0.000572890392505, 0.00426356168464, -0.00114002043847, 0.00668661622331, -0.00146637810394, 0.00237835478038, -0.00265745469369, 0.00158126803581, -0.000440132600488, 0.00401605619118, -0.00185953301843, 0.00281268986873, -0.00445080921054], [0.000361946673365, -0.00190705130808, -0.000608631002251, -0.00146637810394, 0.007098199334, -0.00080548209371, -0.00266163423657, -0.000652286747936, -0.00151321152225, -0.000607296940871, 0.000608073256444, -0.00153483054601, 0.00168611959089], [-0.000672165653668, 0.00417187344283, -0.00138850312214, 0.00237835478038, -0.00080548209371, 0.0115186115727, -0.000755537708756, 0.000432618224295, -0.00166125327814, 0.00342793483287, -0.00164719007444, 0.00347719574347, -0.00294389342889], [0.000296020880342, -0.00159146683291, -0.000375118834199, -0.00265745469369, -0.00266163423657, -0.000755537708756, 0.0110486233607, -0.001480273786, -0.000378868222469, -0.000432023662142, -0.00206145970151, -0.00078178284457, 0.00145240244456], [-0.000424239085987, 0.00343034579419, -0.00138714339118, 0.00158126803581, -0.000652286747936, 0.000432618224295, -0.001480273786, 0.0169360991567, -0.00150162097998, -0.000134449393954, 0.000458097696537, -0.000952477217652, -0.000813137448858], [0.000175316352397, -0.00180194643326, 0.000601419771556, -0.000440132600488, -0.00151321152225, -0.00166125327814, -0.000378868222469, -0.00150162097998, 0.0107806203887, -0.00255528814159, -0.00308033684269, 0.00237715174444, -0.000698269228451], [-0.000600390660111, 0.0041809650138, -0.00174194190186, 0.00401605619118, -0.000607296940871, 0.00342793483287, -0.000432023662142, -0.000134449393954, -0.00255528814159, 0.0189295355231, -0.00400310195982, -0.000839219603222, 0.000424204627052], [0.000100033197668, -0.0018937215209, 0.000673485978041, -0.00185953301843, 0.000608073256444, -0.00164719007444, -0.00206145970151, 0.000458097696537, -0.00308033684269, -0.00400310195982, 0.0186056047678, -0.00229473621584, -0.00361007358879], [-0.000137200215249, 0.00269619654864, -0.00070117006544, 0.00281268986873, -0.00153483054601, 0.00347719574347, -0.00078178284457, -0.000952477217652, 0.00237715174444, -0.000839219603222, -0.00229473621584, 0.0158430766314, -0.00414341269061], [0.000510497193318, -0.00343902595341, 0.00138151203282, -0.00445080921054, 0.00168611959089, -0.00294389342889, 0.00145240244456, -0.000813137448858, -0.000698269228451, 0.000424204627052, -0.00361007358879, -0.00414341269061, 0.0193713735789]]
    },
    "melbands": {
        "mean": [0.00931638572365, 0.00489935278893, 0.001573287067, 0.00133915885817, 0.000936962082051, 0.000442058779299, 0.000235554107348, 0.000492546183523, 0.000186371893506, 0.000181353971129, 8.7304659246e-005, 5.50253098481e-005, 6.19613056188e-005, 5.61349916097e-005, 2.40672416112e-005, 1.60482686624e-005, 1.95137290575e-005, 2.84272719e-005, 1.06762854557e-005, 5.02925740875e-006, 2.72283750746e-006, 2.68213420895e-006, 2.67563950729e-006, 2.07899779525e-006, 1.76671005647e-006, 1.63152333243e-006, 1.33217929488e-006, 1.52026552769e-006, 8.77016304912e-007, 5.6467382592e-007, 5.83868654758e-007, 5.00691214711e-007, 3.37358471825e-007, 2.66144809302e-007, 2.54871849847e-007, 2.19217483277e-007, 2.73643024684e-007, 2.18143810571e-007, 1.65931496099e-007, 1.0287772767e-007],
        "var": [0.000482660951093, 0.000290074851364, 4.96937263961e-006, 2.79670030068e-006, 1.3185925809e-006, 5.00423368521e-007, 1.50634477336e-007, 1.85065300684e-006, 1.12463204971e-007, 1.06444737469e-007, 2.23722640413e-008, 8.21741341639e-009, 1.90754079199e-008, 1.21300951506e-008, 2.1522716942e-009, 1.11594855579e-009, 1.92132376675e-009, 7.25205806518e-009, 5.5098481333e-010, 7.2252370753e-011, 2.91081464487e-011, 2.64410160433e-011, 2.51825001824e-011, 1.98434168402e-011, 1.27939577335e-011, 1.34754932907e-011, 7.94795392695e-012, 1.27089345991e-011, 3.5907431542e-012, 1.64467235404e-012, 1.72585502747e-012, 1.2670143797e-012, 6.15086486518e-013, 4.32712703559e-013, 4.62200536091e-013, 4.51229060627e-013, 1.99195195928e-012, 6.66178700745e-013, 4.04997135004e-013, 1.52108401287e-013]
    },
    "mfcc": {
        "mean": [-736.286743164, 193.073822021, 30.3194255829, 18.8002243042, 6.04441976547, 9.30158805847, 3.01760292053, 2.44470906258, 2.01015424728, 3.31779980659, -0.235409751534, -1.84643244743, -2.0153799057],
        "cov": [[12258.4023438, -2924.33911133, -2280.98046875, 95.5972747803, -708.455932617, -215.395446777, -123.953514099, -190.35043335, -293.25479126, -55.1191596985, -159.241104126, -65.5203552246, -172.1771698], [-2924.33911133, 1653.68713379, 372.149932861, -201.651138306, 220.925689697, 40.7547111511, -74.6581573486, 17.9243602753, 82.7139816284, 19.1053409576, 45.276638031, 32.5048065186, 3.69054579735], [-2280.98046875, 372.149932861, 944.639038086, 38.4615478516, 134.683319092, 75.1184005737, 80.2929763794, 40.498752594, 67.0457687378, 23.0701370239, 49.8038330078, 44.0230064392, 64.1376419067], [95.5972747803, -201.651138306, 38.4615478516, 370.080505371, 53.0922851563, 57.7556533813, 104.314071655, 60.3010902405, 33.113193512, 24.9110794067, 14.4994726181, -18.1371860504, 38.0372009277], [-708.455932617, 220.925689697, 134.683319092, 53.0922851563, 172.170928955, 48.5321998596, 25.4134101868, 38.6919708252, 44.7541313171, 20.6862697601, 31.7039813995, 14.0540399551, 16.1072864532], [-215.395446777, 40.7547111511, 75.1184005737, 57.7556533813, 48.5321998596, 106.398208618, 43.1479034424, 28.9642181396, 23.1084899902, 18.0066986084, 17.326965332, 6.61458301544, 23.87865448], [-123.953514099, -74.6581573486, 80.2929763794, 104.314071655, 25.4134101868, 43.1479034424, 130.724960327, 43.9897346497, 10.9589958191, 12.4061737061, 7.87197875977, 0.24407184124, 21.4194049835], [-190.35043335, 17.9243602753, 40.498752594, 60.3010902405, 38.6919708252, 28.9642181396, 43.9897346497, 90.9460449219, 27.9501876831, 5.72183513641, 15.3016138077, 4.05628538132, 10.9856891632], [-293.25479126, 82.7139816284, 67.0457687378, 33.113193512, 44.7541313171, 23.1084899902, 10.9589958191, 27.9501876831, 71.8844070435, 20.1937351227, 16.4170284271, 5.2669711113, 1.80286073685], [-55.1191596985, 19.1053409576, 23.0701370239, 24.9110794067, 20.6862697601, 18.0066986084, 12.4061737061, 5.72183513641, 20.1937351227, 75.7621536255, 29.0012664795, 2.9473285675, 9.9085149765], [-159.241104126, 45.276638031, 49.8038330078, 14.4994726181, 31.7039813995, 17.326965332, 7.87197875977, 15.3016138077, 16.4170284271, 29.0012664795, 67.1313781738, 19.8659267426, 4.292552948], [-65.5203552246, 32.5048065186, 44.0230064392, -18.1371860504, 14.0540399551, 6.61458301544, 0.24407184124, 4.05628538132, 5.2669711113, 2.9473285675, 19.8659267426, 66.214553833, 15.1745328903], [-172.1771698, 3.69054579735, 64.1376419067, 38.0372009277, 16.1072864532, 23.87865448, 21.4194049835, 10.9856891632, 1.80286073685, 9.9085149765, 4.292552948, 15.1745328903, 71.4894256592]],
        "icov": [[0.000275132362731, 0.000335604097927, 0.000474645086797, -6.40402868157e-005, 0.00031917024171, -0.000152551772771, 0.000110045562906, 0.000135426962515, 0.000159277886269, -0.000174770495505, 6.23284868198e-005, -0.000373320362996, 0.000274517777143], [0.000335604097927, 0.00134040776175, 0.000344774802215, 0.000561225751881, -0.000729815859813, -0.000286407652311, 0.00062779977452, 7.64607320889e-005, -0.00027674640296, -0.000200045207748, 6.05616405664e-005, -0.000276593811577, 0.000281183456536], [0.000474645086797, 0.000344774802215, 0.00224520056508, 3.29355279973e-005, 0.000136563001433, -0.000386514584534, -0.000737282971386, 0.000645249325316, -0.000518382352311, 7.97542961664e-005, -0.000402966368711, -0.000946643354837, -0.000459251197753], [-6.40402868157e-005, 0.000561225751881, 3.29355279973e-005, 0.00443909037858, -0.00130268186331, -0.000422934885137, -0.00221007713117, -0.000838924723212, -0.00134117761627, -0.000119917807751, -0.000399153039325, 0.00184712558985, -0.00166645238642], [0.00031917024171, -0.000729815859813, 0.000136563001433, -0.00130268186331, 0.0101007828489, -0.00208263169043, 0.000206938770134, -0.00118131481577, -0.00206633657217, -0.000214144965867, -0.00167479901575, -0.00103432009928, 0.000318225298543], [-0.000152551772771, -0.000286407652311, -0.000386514584534, -0.000422934885137, -0.00208263169043, 0.0131460009143, -0.00269973860122, -0.000846886367071, -0.00145941635128, -0.00074824510375, -0.000948150467593, 0.000360903854016, -0.00264270999469], [0.000110045562906, 0.00062779977452, -0.000737282971386, -0.00221007713117, 0.000206938770134, -0.00269973860122, 0.0124294264242, -0.00402025831863, 0.00195450126193, -0.00117140053771, 0.00103730196133, -0.000286873051664, -6.94638802088e-005], [0.000135426962515, 7.64607320889e-005, 0.000645249325316, -0.000838924723212, -0.00118131481577, -0.000846886367071, -0.00402025831863, 0.0159099586308, -0.00441528996453, 0.00224041496404, -0.00221656938083, -0.000147367289173, -0.000536404724699], [0.000159277886269, -0.00027674640296, -0.000518382352311, -0.00134117761627, -0.00206633657217, -0.00145941635128, 0.00195450126193, -0.00441528996453, 0.0202503763139, -0.00415758648887, 0.000345169915818, -0.00107444974128, 0.00289539410733], [-0.000174770495505, -0.000200045207748, 7.97542961664e-005, -0.000119917807751, -0.000214144965867, -0.00074824510375, -0.00117140053771, 0.00224041496404, -0.00415758648887, 0.0175997726619, -0.00746557535604, 0.00217805290595, -0.00246203062125], [6.23284868198e-005, 6.05616405664e-005, -0.000402966368711, -0.000399153039325, -0.00167479901575, -0.000948150467593, 0.00103730196133, -0.00221656938083, 0.000345169915818, -0.00746557535604, 0.0215524993837, -0.00594771513715, 0.0024391610641], [-0.000373320362996, -0.000276593811577, -0.000946643354837, 0.00184712558985, -0.00103432009928, 0.000360903854016, -0.000286873051664, -0.000147367289173, -0.00107444974128, 0.00217805290595, -0.00594771513715, 0.0190617572516, -0.00476100156084], [0.000274517777143, 0.000281183456536, -0.000459251197753, -0.00166645238642, 0.000318225298543, -0.00264270999469, -6.94638802088e-005, -0.000536404724699, 0.00289539410733, -0.00246203062125, 0.0024391610641, -0.00476100156084, 0.0179800093174]]
    },
    "spectral_contrast_coeffs": {
        "mean": [-0.649607896805, -0.765252053738, -0.792284607887, -0.821384251118, -0.821340024471, -0.779543757439],
        "var": [0.00632812874392, 0.00477690715343, 0.0031895400025, 0.00255998922512, 0.00147408479825, 0.0022143824026]
    },
    "spectral_contrast_valleys": {
        "mean": [-6.65735673904, -6.54677248001, -7.46571159363, -8.39154720306, -9.13432788849, -12.1705961227],
        "var": [1.03215813637, 1.17981362343, 1.4142280817, 1.68975567818, 2.6321542263, 3.69954180717]
    }
},
"metadata": {
    "audio_properties": {
        "analysis_sample_rate": 44100,
        "bit_rate": 106861,
        "equal_loudness": 0,
        "length": 45.0873451233,
        "lossless": 0,
        "replay_gain": -9.62699890137,
        "sample_rate": 44100,
        "codec": "mp3",
        "downmix": "mix",
        "md5_encoded": "d951b2bce91872ee6a33efff4119baaf"
    },
    "tags": {
        "file_name": "451.mp3"
    },
    "version": {
        "essentia": "2.1-beta2",
        "essentia_git_sha": "v2.1_beta2",
        "extractor": "music 1.0"
    }
},
"rhythm": {
    "beats_count": 60,
    "beats_loudness": {
        "mean": 0.227227196097,
        "var": 0.0216672327369
    },
    "bpm": 80.1633071899,
    "bpm_histogram_first_peak_bpm": {
        "mean": 80,
        "var": 0
    },
    "bpm_histogram_first_peak_spread": {
        "mean": 0.0508474707603,
        "var": 0
    },
    "bpm_histogram_first_peak_weight": {
        "mean": 0.94915252924,
        "var": 0
    },
    "bpm_histogram_second_peak_bpm": {
        "mean": 0,
        "var": 0
    },
    "bpm_histogram_second_peak_spread": {
        "mean": 0,
        "var": 0
    },
    "bpm_histogram_second_peak_weight": {
        "mean": 0,
        "var": 0
    },
    "danceability": 1.17237102985,
    "onset_rate": 5.05489873886,
    "beats_loudness_band_ratio": {
        "mean": [0.868639349937, 0.0809727013111, 0.0464108996093, 0.0133058661595, 0.00548063684255, 0.00101768935565],
        "var": [0.0406409986317, 0.0110840201378, 0.0100060068071, 0.000907162437215, 0.000239200031501, 5.2122991292e-006]
    },
    "beats_position": [0.719818592072, 1.43963718414, 2.17106580734, 2.90249419212, 3.64553284645, 4.38857126236, 5.14321994781, 5.88625860214, 6.64090681076, 7.38394546509, 8.13859367371, 8.893242836, 9.63628101349, 10.379319191, 11.1339683533, 11.8770065308, 12.6316547394, 13.3863039017, 14.1409521103, 14.8839902878, 15.6270294189, 16.3700675964, 17.1247158051, 17.8793640137, 18.6224040985, 19.365442276, 20.1200904846, 20.8747386932, 21.6177768707, 22.3608150482, 23.1154651642, 23.8701133728, 24.6131515503, 25.3677997589, 26.1224479675, 26.865486145, 27.620136261, 28.3747844696, 29.1294326782, 29.8840808868, 30.6271190643, 31.3817672729, 32.1364173889, 32.8910636902, 33.6341018677, 34.3887519836, 35.1317901611, 35.8864402771, 36.6410865784, 37.3957366943, 38.1503829956, 38.8934249878, 39.6364631653, 40.3911094666, 41.1457595825, 41.88879776, 42.6318359375, 43.374874115, 44.129524231, 44.8841705322]
},
"tonal": {
    "chords_changes_rate": 0.0411522649229,
    "chords_number_rate": 0.00720164598897,
    "chords_strength": {
        "mean": 0.509633123875,
        "var": 0.00421686237678
    },
    "hpcp_entropy": {
        "mean": 1.97314274311,
        "var": 0.518317759037
    },
    "key_strength": 0.724416434765,
    "tuning_diatonic_strength": 0.660091161728,
    "tuning_equal_tempered_deviation": 0.186559006572,
    "tuning_frequency": 434.193115234,
    "tuning_nontempered_energy_ratio": 0.797003030777,
    "hpcp": {
        "mean": [0.106527149677, 0.103073850274, 0.0640745460987, 0.058874655515, 0.0644383504987, 0.0503958016634, 0.0401226729155, 0.0389131121337, 0.0601355656981, 0.209610268474, 0.336752295494, 0.207843959332, 0.0596557669342, 0.0344823747873, 0.0326644964516, 0.0590515844524, 0.0771577060223, 0.0665263310075, 0.0649259164929, 0.0627760738134, 0.05764413625, 0.0749829486012, 0.0869927629828, 0.363086640835, 0.694426774979, 0.473537415266, 0.155713379383, 0.0919162556529, 0.0549389608204, 0.0399324595928, 0.0655513554811, 0.0788071602583, 0.0601323358715, 0.0487252734601, 0.0481397882104, 0.0674575418234],
        "var": [0.0347644165158, 0.039723765105, 0.0202962066978, 0.0254067219794, 0.034397393465, 0.0193747226149, 0.0135586094111, 0.0144412051886, 0.0148741453886, 0.0608800500631, 0.114372707903, 0.0553661584854, 0.0136087900028, 0.00785531662405, 0.00621904805303, 0.0222618747503, 0.0359436944127, 0.0231198333204, 0.0183357559144, 0.0245587807149, 0.0208602752537, 0.0287776384503, 0.0322011299431, 0.0493749752641, 0.146557494998, 0.0767502039671, 0.0502478592098, 0.0394148975611, 0.0236791390926, 0.00924645271152, 0.0225964821875, 0.0310584176332, 0.0230171456933, 0.0188026670367, 0.0205394830555, 0.0188091509044]
    },
    "chords_histogram": [50.6172828674, 3.39506173134, 0.205761313438, 0, 0, 0, 0, 0, 0.205761313438, 0, 0, 0, 0, 0, 0, 2.88065838814, 2.77777767181, 28.3950614929, 0, 0, 0, 0, 2.67489719391, 8.84773635864],
    "thpcp": [1, 0.681911230087, 0.224232971668, 0.132362782955, 0.0791141167283, 0.0575042031705, 0.0943963527679, 0.113485194743, 0.0865927636623, 0.0701661780477, 0.0693230554461, 0.0971413329244, 0.153402999043, 0.148430123925, 0.0922696962953, 0.0847816616297, 0.0927935838699, 0.072571799159, 0.0577781200409, 0.0560363084078, 0.0865974202752, 0.301846474409, 0.484935641289, 0.299302905798, 0.0859064906836, 0.0496558845043, 0.0470380708575, 0.0850364416838, 0.111109927297, 0.0958003550768, 0.0934956967831, 0.0903998464346, 0.0830096676946, 0.107978194952, 0.125272765756, 0.522858083248],
    "chords_key": "F",
    "chords_scale": "major",
    "key_key": "F",
    "key_scale": "major"
}
}