{
"lowlevel": {
    "average_loudness": 0.932624340057,
    "barkbands_crest": {
        "mean": 9.82333469391,
        "var": 11.8864889145
    },
    "barkbands_flatness_db": {
        "mean": 0.233222976327,
        "var": 0.00888895709068
    },
    "barkbands_kurtosis": {
        "mean": 5.66098833084,
        "var": 54.4293861389
    },
    "barkbands_skewness": {
        "mean": 1.77146947384,
        "var": 1.16986167431
    },
    "barkbands_spread": {
        "mean": 10.8059425354,
        "var": 56.0487937927
    },
    "dissonance": {
        "mean": 0.442821145058,
        "var": 0.00157872762065
    },
    "dynamic_complexity": 3.75782680511,
    "erbbands_crest": {
        "mean": 9.52080154419,
        "var": 16.1606788635
    },
    "erbbands_flatness_db": {
        "mean": 0.227814331651,
        "var": 0.00484854076058
    },
    "erbbands_kurtosis": {
        "mean": 0.577123522758,
        "var": 3.00635504723
    },
    "erbbands_skewness": {
        "mean": 0.548368453979,
        "var": 0.335109293461
    },
    "erbbands_spread": {
        "mean": 26.7957515717,
        "var": 176.777664185
    },
    "hfc": {
        "mean": 12.9541912079,
        "var": 224.231384277
    },
    "melbands_crest": {
        "mean": 14.0563726425,
        "var": 28.7106494904
    },
    "melbands_flatness_db": {
        "mean": 0.309539586306,
        "var": 0.015501155518
    },
    "melbands_kurtosis": {
        "mean": 12.0100374222,
        "var": 283.466918945
    },
    "melbands_skewness": {
        "mean": 2.45242381096,
        "var": 1.98677992821
    },
    "melbands_spread": {
        "mean": 12.821264267,
        "var": 137.76449585
    },
    "pitch_salience": {
        "mean": 0.556745290756,
        "var": 0.0121171781793
    },
    "silence_rate_20dB": {
        "mean": 1,
        "var": 0
    },
    "silence_rate_30dB": {
        "mean": 0.967575907707,
        "var": 0.0313731729984
    },
    "silence_rate_60dB": {
        "mean": 0.165208443999,
        "var": 0.137915059924
    },
    "spectral_centroid": {
        "mean": 740.401062012,
        "var": 384221.46875
    },
    "spectral_complexity": {
        "mean": 14.3468866348,
        "var": 83.9425125122
    },
    "spectral_decrease": {
        "mean": -9.28071663964e-009,
        "var": 6.41833260082e-017
    },
    "spectral_energy": {
        "mean": 0.0362025424838,
        "var": 0.000974585476797
    },
    "spectral_energyband_high": {
        "mean": 0.000222802278586,
        "var": 4.68467391102e-007
    },
    "spectral_energyband_low": {
        "mean": 0.0189424995333,
        "var": 0.000492872961331
    },
    "spectral_energyband_middle_high": {
        "mean": 0.00248370994814,
        "var": 1.06463239717e-005
    },
    "spectral_energyband_middle_low": {
        "mean": 0.0173756945878,
        "var": 0.000238269538386
    },
    "spectral_entropy": {
        "mean": 6.8519077301,
        "var": 0.521155655384
    },
    "spectral_flux": {
        "mean": 0.0657585114241,
        "var": 0.00338676455431
    },
    "spectral_kurtosis": {
        "mean": 22.0303974152,
        "var": 831.343139648
    },
    "spectral_rms": {
        "mean": 0.00529357790947,
        "var": 7.29759267415e-006
    },
    "spectral_rolloff": {
        "mean": 788.904418945,
        "var": 1000200.4375
    },
    "spectral_skewness": {
        "mean": 2.82294559479,
        "var": 3.05133509636
    },
    "spectral_spread": {
        "mean": 2740132,
        "var": 4.23312647782e+012
    },
    "spectral_strongpeak": {
        "mean": 0.69900894165,
        "var": 0.391482740641
    },
    "zerocrossingrate": {
        "mean": 0.0305712316185,
        "var": 0.000824919261504
    },
    "barkbands": {
        "mean": [6.71952875564e-005, 0.00891237426549, 0.00729312328622, 0.00360745610669, 0.00425604451448, 0.00371178914793, 0.00276203500107, 0.0019234494539, 0.000806877622381, 0.000682404846884, 0.000218506698729, 0.000375151983462, 0.000203634219361, 0.000405328173656, 0.000142824050272, 0.00015398474352, 0.000150123159983, 0.000147899845615, 0.000134681904456, 5.50483855477e-005, 5.2249415603e-005, 4.52187705378e-005, 2.84174384433e-005, 1.89519614651e-005, 2.20562142204e-005, 2.18327095354e-005, 3.89624619856e-006],
        "var": [6.91776946837e-008, 0.000274946069112, 5.85020934523e-005, 2.83291665255e-005, 1.91458293557e-005, 2.28482895182e-005, 1.7001739252e-005, 1.80149363587e-005, 3.33230764227e-006, 1.58918487614e-006, 9.05387551597e-008, 3.3437760294e-007, 1.32738037451e-007, 2.36031766576e-007, 6.67689050715e-008, 1.33166196292e-007, 1.92351080841e-007, 2.40516726535e-007, 2.34131150023e-007, 2.76998903814e-008, 2.61462940188e-008, 2.05608507997e-008, 8.10331268752e-009, 3.91828969271e-009, 6.08217964881e-009, 6.19909235056e-009, 2.96470376027e-010]
    },
    "erbbands": {
        "mean": [0.182961389422, 2.28592038155, 7.6062579155, 12.6694669724, 10.382185936, 12.9699192047, 24.177148819, 27.8133010864, 46.1181564331, 36.6998405457, 42.3942756653, 18.7002944946, 24.8527317047, 16.5680236816, 10.2939538956, 17.5833911896, 9.96919059753, 22.1000328064, 10.121055603, 8.18850326538, 8.32429599762, 7.86999797821, 7.21709632874, 8.43880367279, 5.34373378754, 2.65586709976, 2.28016638756, 2.03603315353, 1.58406472206, 1.19130074978, 0.777087450027, 0.479667425156, 0.309934824705, 0.249469056726, 0.147154152393, 0.0757322311401, 0.0451574996114, 0.0123291742057, 0.000396408227971, 4.85084055981e-005],
        "var": [0.254620432854, 13.8768749237, 65.8334960938, 250.065933228, 149.28742981, 247.65246582, 889.292602539, 1754.96130371, 4600.12011719, 4703.71582031, 11132.3808594, 1163.24316406, 2913.33520508, 738.575744629, 157.637527466, 799.45324707, 222.311721802, 856.318786621, 231.989776611, 337.294189453, 433.994171143, 539.531677246, 432.606750488, 1025.43640137, 356.483551025, 61.1861190796, 54.0417137146, 39.3218803406, 26.2110347748, 14.0122184753, 6.00320005417, 2.65800333023, 1.06494116783, 0.718649566174, 0.305949240923, 0.0722068324685, 0.0287864468992, 0.0023443850223, 2.65411813416e-006, 3.42455486191e-009]
    },
    "gfcc": {
        "mean": [-79.297416687, 170.966278076, -122.484848022, 15.4507827759, -43.9571838379, -3.79101705551, -34.2268371582, -10.2391195297, -15.9015636444, -7.03864002228, -5.46760320663, -9.80276012421, -8.54798793793],
        "cov": [[10816.5351563, -2344.95898438, 1279.17980957, 367.843475342, -447.434417725, 520.975280762, 64.0364151001, 1008.35986328, -164.165786743, 755.458984375, -633.990966797, 658.266174316, -490.973236084], [-2344.95898438, 3940.28564453, 558.002563477, -801.946044922, 1503.51794434, -684.844726563, 553.273376465, -287.483551025, 598.491882324, -121.690620422, 378.167633057, -286.171173096, 141.26953125], [1279.17980957, 558.002563477, 1598.2545166, -252.429992676, 699.772766113, 79.1900558472, 335.293609619, 356.596557617, 264.124542236, 366.322540283, -118.324645996, 172.920776367, -172.194992065], [367.843475342, -801.946044922, -252.429992676, 492.511199951, -293.004669189, 131.955307007, -81.2724914551, 11.7914133072, -128.614929199, -19.7887878418, -23.9090442657, 5.25723266602, -1.24248301983], [-447.434417725, 1503.51794434, 699.772766113, -293.004669189, 963.27734375, -225.917404175, 341.881866455, 46.0144119263, 281.486602783, 117.154571533, 68.7167358398, -44.3379478455, -51.0541992188], [520.975280762, -684.844726563, 79.1900558472, 131.955307007, -225.917404175, 263.963623047, -69.9744567871, 77.7226638794, -86.1999816895, 46.2437286377, -80.4085235596, 61.3892860413, -26.7724914551], [64.0364151001, 553.273376465, 335.293609619, -81.2724914551, 341.881866455, -69.9744567871, 239.092483521, 77.5306243896, 127.527404785, 58.7843933105, 20.3722991943, -5.38919210434, -31.2741107941], [1008.35986328, -287.483551025, 356.596557617, 11.7914133072, 46.0144119263, 77.7226638794, 77.5306243896, 228.663253784, 32.1264305115, 138.193283081, -103.269813538, 90.7173233032, -92.7757568359], [-164.165786743, 598.491882324, 264.124542236, -128.614929199, 281.486602783, -86.1999816895, 127.527404785, 32.1264305115, 177.084915161, 43.7731437683, 34.453704834, -25.5343666077, -1.11346948147], [755.458984375, -121.690620422, 366.322540283, -19.7887878418, 117.154571533, 46.2437286377, 58.7843933105, 138.193283081, 43.7731437683, 176.146621704, -56.3623428345, 75.1251983643, -85.4763717651], [-633.990966797, 378.167633057, -118.324645996, -23.9090442657, 68.7167358398, -80.4085235596, 20.3722991943, -103.269813538, 34.453704834, -56.3623428345, 127.520248413, -44.1581497192, 57.3605194092], [658.266174316, -286.171173096, 172.920776367, 5.25723266602, -44.3379478455, 61.3892860413, -5.38919210434, 90.7173233032, -25.5343666077, 75.1251983643, -44.1581497192, 119.278739929, -22.5486602783], [-490.973236084, 141.26953125, -172.194992065, -1.24248301983, -51.0541992188, -26.7724914551, -31.2741107941, -92.7757568359, -1.11346948147, -85.4763717651, 57.3605194092, -22.5486602783, 107.718063354]],
        "icov": [[0.000287843024125, -0.000582307809964, 0.000162264186656, -0.00048050339683, 0.000578179315198, -0.000172078536707, 0.000122278972412, -0.000756001274567, 0.000558598199859, -0.000926034350414, 0.00100953958463, -0.0011566010071, 0.000436390284449], [-0.000582307809964, 0.00472637824714, -0.000782607239671, 0.00310103269294, -0.00373040465638, 0.00232598278672, -0.00210220948793, 0.00373919424601, -0.00478158332407, 0.00440716929734, -0.00472564296797, 0.0041358275339, -0.00181780161802], [0.000162264186656, -0.000782607239671, 0.00271121622063, -9.77832896751e-005, -0.000587587943301, -0.00201381347142, -0.000435536843725, -0.00108157237992, -0.000918811711017, -0.00268872478046, 0.00164876342751, -0.00284940423444, 0.000644406653009], [-0.00048050339683, 0.00310103269294, -9.77832896751e-005, 0.0051044090651, -0.00215775705874, 0.000368484877981, -0.00204206607305, 0.00151636381634, -0.0013872704003, 0.00215455307625, -0.00418265536427, 0.00423546973616, -0.00176320050377], [0.000578179315198, -0.00373040465638, -0.000587587943301, -0.00215775705874, 0.00701237795874, 2.23946663027e-005, -0.00148727197666, -0.000841819914058, 0.00255048554391, -0.00469035282731, 0.00407627550885, -0.00257591111585, 0.00233038561419], [-0.000172078536707, 0.00232598278672, -0.00201381347142, 0.000368484877981, 2.23946663027e-005, 0.00890789646655, -0.00064623093931, 0.00103778683115, 2.89323497782e-006, 0.00118122948334, -0.000499848101754, 0.00266443286091, -0.00235768035054], [0.000122278972412, -0.00210220948793, -0.000435536843725, -0.00204206607305, -0.00148727197666, -0.00064623093931, 0.0130112199113, -0.00739915529266, 0.000436190486653, 0.00117137876805, -0.00167611322831, -8.88178183232e-005, 0.000941807113122], [-0.000756001274567, 0.00373919424601, -0.00108157237992, 0.00151636381634, -0.000841819914058, 0.00103778683115, -0.00739915529266, 0.0221877582371, -0.00894652213901, 0.000661986297928, 0.00437192292884, -0.0033380810637, 0.00416549714282], [0.000558598199859, -0.00478158332407, -0.000918811711017, -0.0013872704003, 0.00255048554391, 2.89323497782e-006, 0.000436190486653, -0.00894652213901, 0.0222057439387, -0.00796297285706, 0.00121615256649, 0.00389072461985, -0.00495949434116], [-0.000926034350414, 0.00440716929734, -0.00268872478046, 0.00215455307625, -0.00469035282731, 0.00118122948334, 0.00117137876805, 0.000661986297928, -0.00796297285706, 0.0244579128921, -0.0071140662767, -0.00164422090165, 0.00747642759234], [0.00100953958463, -0.00472564296797, 0.00164876342751, -0.00418265536427, 0.00407627550885, -0.000499848101754, -0.00167611322831, 0.00437192292884, 0.00121615256649, -0.0071140662767, 0.023350354284, -0.00758092477918, -0.00118069350719], [-0.0011566010071, 0.0041358275339, -0.00284940423444, 0.00423546973616, -0.00257591111585, 0.00266443286091, -8.88178183232e-005, -0.0033380810637, 0.00389072461985, -0.00164422090165, -0.00758092477918, 0.0259234979749, -0.0104623995721], [0.000436390284449, -0.00181780161802, 0.000644406653009, -0.00176320050377, 0.00233038561419, -0.00235768035054, 0.000941807113122, 0.00416549714282, -0.00495949434116, 0.00747642759234, -0.00118069350719, -0.0104623995721, 0.0233660247177]]
    },
    "melbands": {
        "mean": [0.00209144619294, 0.00379971158691, 0.00207177666016, 0.00078327517258, 0.000800924550276, 0.00068553944584, 0.000684043101501, 0.000377104384825, 0.000313218246447, 0.00011263389024, 0.000123208985315, 6.70232402626e-005, 3.21815132338e-005, 4.3252024625e-005, 2.81756001641e-005, 2.83164226857e-005, 4.13952948293e-005, 1.68579590536e-005, 9.74688828137e-006, 1.14292515718e-005, 9.78487696557e-006, 8.78617902345e-006, 6.25149459665e-006, 6.74607781548e-006, 6.94903610565e-006, 4.89916646984e-006, 2.22380117521e-006, 1.65212441061e-006, 1.53784856138e-006, 1.17698698432e-006, 1.19295225431e-006, 9.24563607896e-007, 7.82385882303e-007, 5.868192261e-007, 4.20248397859e-007, 4.26096960382e-007, 2.37712299622e-007, 2.04053918651e-007, 2.24619668643e-007, 2.05817229926e-007],
        "var": [2.11977621802e-005, 1.69801769516e-005, 5.66638254895e-006, 7.19381887393e-007, 9.1052748985e-007, 9.95279265226e-007, 9.76766955318e-007, 5.00444912177e-007, 6.31691023045e-007, 5.57098474019e-008, 7.2843242549e-008, 1.35789273159e-008, 1.74519698692e-009, 4.40127934098e-009, 1.53280443893e-009, 2.15885309629e-009, 2.77395462156e-009, 6.81709300121e-010, 3.59269697325e-010, 7.90124021766e-010, 6.7529515313e-010, 7.22088333571e-010, 2.81838774541e-010, 4.85894491309e-010, 7.33870797465e-010, 3.42752909388e-010, 5.02966730764e-011, 2.34884403594e-011, 2.90493167715e-011, 1.19372237789e-011, 1.46561148634e-011, 9.21344597837e-012, 6.2538411949e-012, 3.55514901372e-012, 1.68626245779e-012, 2.11974274938e-012, 6.65748706163e-013, 4.67094516277e-013, 6.03446600415e-013, 5.10820715154e-013]
    },
    "mfcc": {
        "mean": [-714.81652832, 192.219421387, -7.13447904587, 19.1070213318, 7.79813861847, 4.67832231522, -5.29415655136, -3.48165130615, -9.15345478058, -3.90333271027, 1.81017422676, -0.745421886444, -4.55017375946],
        "cov": [[7149.78808594, -1772.39941406, 467.726806641, 369.998046875, -386.675567627, -48.5914344788, 80.8297119141, 239.352523804, 359.769470215, 214.766937256, 158.133743286, 5.36256313324, 167.681091309], [-1772.39941406, 3638.53100586, 293.950439453, 26.5527267456, 773.025268555, -28.8987236023, 128.768234253, 51.9758300781, 213.768066406, 206.401306152, 326.012298584, 159.89352417, 149.554275513], [467.726806641, 293.950439453, 712.383422852, 18.4756660461, 193.18397522, 101.755912781, 65.525932312, 106.806686401, 185.864334106, 142.604400635, 131.307434082, 93.0736846924, 89.3095703125], [369.998046875, 26.5527267456, 18.4756660461, 307.423858643, 70.7174453735, 15.0703754425, 76.4186782837, 26.0006542206, 53.1804428101, 48.1136779785, 56.9278030396, 34.9366645813, 33.942024231], [-386.675567627, 773.025268555, 193.18397522, 70.7174453735, 354.133789063, 57.675163269, 69.897819519, 29.0687408447, 88.6663589478, 93.2743759155, 120.133377075, 57.2731246948, 48.2162284851], [-48.5914344788, -28.8987236023, 101.755912781, 15.0703754425, 57.675163269, 117.50112915, 38.5234146118, 11.2956876755, 13.8324565887, 16.957780838, 8.91639518738, 8.86895847321, 2.22175860405], [80.8297119141, 128.768234253, 65.525932312, 76.4186782837, 69.897819519, 38.5234146118, 117.186759949, 43.6195449829, 38.2815666199, 41.0733757019, 54.6798324585, 27.4120407104, 14.6612348557], [239.352523804, 51.9758300781, 106.806686401, 26.0006542206, 29.0687408447, 11.2956876755, 43.6195449829, 87.8530578613, 69.1735076904, 36.653049469, 35.0918769836, 19.2119312286, 22.5154037476], [359.769470215, 213.768066406, 185.864334106, 53.1804428101, 88.6663589478, 13.8324565887, 38.2815666199, 69.1735076904, 156.58291626, 96.5247802734, 72.1328659058, 30.7493152618, 41.0608444214], [214.766937256, 206.401306152, 142.604400635, 48.1136779785, 93.2743759155, 16.957780838, 41.0733757019, 36.653049469, 96.5247802734, 114.673461914, 91.4408340454, 29.9396572113, 25.1381721497], [158.133743286, 326.012298584, 131.307434082, 56.9278030396, 120.133377075, 8.91639518738, 54.6798324585, 35.0918769836, 72.1328659058, 91.4408340454, 142.061843872, 59.8159980774, 33.7566795349], [5.36256313324, 159.89352417, 93.0736846924, 34.9366645813, 57.2731246948, 8.86895847321, 27.4120407104, 19.2119312286, 30.7493152618, 29.9396572113, 59.8159980774, 73.3237380981, 34.8874092102], [167.681091309, 149.554275513, 89.3095703125, 33.942024231, 48.2162284851, 2.22175860405, 14.6612348557, 22.5154037476, 41.0608444214, 25.1381721497, 33.7566795349, 34.8874092102, 68.0424499512]],
        "icov": [[0.000276585837128, 0.000154844266945, -0.000101285862911, -0.000217862179852, 0.000374900177121, 0.000157231639605, -2.67480731964e-006, -0.000129142703372, -0.000495012907777, 9.08729780349e-005, -0.000697068520822, 0.000694965652656, -0.000753171101678], [0.000154844266945, 0.000733038468752, 0.000136090180604, 0.000326948385919, -0.00122058065608, 0.000846058595926, -0.000287244620267, 0.000232023507124, -0.000690944259986, 0.000385949446354, -0.00085196638247, 0.000230510064284, -0.000933230272494], [-0.000101285862911, 0.000136090180604, 0.0030297418125, 0.000936832802836, -0.000837295723613, -0.00192835729104, 0.000652193208225, -0.00121700449381, -0.001442192588, -0.00120926159434, 0.000188330901437, -0.00205739680678, -0.00129655841738], [-0.000217862179852, 0.000326948385919, 0.000936832802836, 0.00480581633747, -0.00135102623608, 0.000306907400955, -0.00274203973822, 0.00113343505654, -0.00108326773625, -0.000351929600583, 0.000294894794933, -0.00147722824477, -0.00125072244555], [0.000374900177121, -0.00122058065608, -0.000837295723613, -0.00135102623608, 0.00833998247981, -0.00302503025159, -0.000291602162179, 0.00090685026953, -0.000859316380229, -0.000582420849241, -0.00282958545722, 0.00152181915473, -0.00115927122533], [0.000157231639605, 0.000846058595926, -0.00192835729104, 0.000306907400955, -0.00302503025159, 0.013018312864, -0.0044053774327, 0.00128240580671, 0.000773978070356, -0.000676055555232, 0.00246788817458, 5.11536090926e-005, 0.000906432862394], [-2.67480731964e-006, -0.000287244620267, 0.000652193208225, -0.00274203973822, -0.000291602162179, -0.0044053774327, 0.0156721770763, -0.00734208803624, 0.00253102416173, -0.00145545124542, -0.0028501895722, -0.00089464627672, 0.00143588206265], [-0.000129142703372, 0.000232023507124, -0.00121700449381, 0.00113343505654, 0.00090685026953, 0.00128240580671, -0.00734208803624, 0.0223901569843, -0.009920777753, 0.00490579521284, -0.00121723569464, 0.00012986685033, -0.000959515222348], [-0.000495012907777, -0.000690944259986, -0.001442192588, -0.00108326773625, -0.000859316380229, 0.000773978070356, 0.00253102416173, -0.009920777753, 0.0220676697791, -0.0147457700223, 0.00485885934904, -0.000299640872981, -0.00163305527531], [9.08729780349e-005, 0.000385949446354, -0.00120926159434, -0.000351929600583, -0.000582420849241, -0.000676055555232, -0.00145545124542, 0.00490579521284, -0.0147457700223, 0.0323474369943, -0.0160817261785, 0.00593690527603, 0.00169766799081], [-0.000697068520822, -0.00085196638247, 0.000188330901437, 0.000294894794933, -0.00282958545722, 0.00246788817458, -0.0028501895722, -0.00121723569464, 0.00485885934904, -0.0160817261785, 0.025808699429, -0.0131735978648, 0.00309728947468], [0.000694965652656, 0.000230510064284, -0.00205739680678, -0.00147722824477, 0.00152181915473, 5.11536090926e-005, -0.00089464627672, 0.00012986685033, -0.000299640872981, 0.00593690527603, -0.0131735978648, 0.028655635193, -0.00988179910928], [-0.000753171101678, -0.000933230272494, -0.00129655841738, -0.00125072244555, -0.00115927122533, 0.000906432862394, 0.00143588206265, -0.000959515222348, -0.00163305527531, 0.00169766799081, 0.00309728947468, -0.00988179910928, 0.0256180763245]]
    },
    "spectral_contrast_coeffs": {
        "mean": [-0.581801354885, -0.700093686581, -0.7661216259, -0.769620537758, -0.784591436386, -0.76264667511],
        "var": [0.00514546083286, 0.0043887142092, 0.00291913887486, 0.00197680271231, 0.00150110886898, 0.00156300258823]
    },
    "spectral_contrast_valleys": {
        "mean": [-7.46127510071, -6.70706748962, -7.56826019287, -8.18259906769, -8.74064445496, -12.0687513351],
        "var": [2.78704929352, 1.64053070545, 1.39371871948, 1.32467126846, 2.0690202713, 2.74369072914]
    }
},
"metadata": {
    "audio_properties": {
        "analysis_sample_rate": 44100,
        "bit_rate": 108332,
        "equal_loudness": 0,
        "length": 45.0873451233,
        "lossless": 0,
        "replay_gain": -11.6882076263,
        "sample_rate": 44100,
        "codec": "mp3",
        "downmix": "mix",
        "md5_encoded": "aba1c003f75afe74bee08c14d2eeee87"
    },
    "tags": {
        "file_name": "452.mp3"
    },
    "version": {
        "essentia": "2.1-beta2",
        "essentia_git_sha": "v2.1_beta2",
        "extractor": "music 1.0"
    }
},
"rhythm": {
    "beats_count": 74,
    "beats_loudness": {
        "mean": 0.0700690895319,
        "var": 0.00173486652784
    },
    "bpm": 99.7659454346,
    "bpm_histogram_first_peak_bpm": {
        "mean": 99,
        "var": 0
    },
    "bpm_histogram_first_peak_spread": {
        "mean": 0.24657535553,
        "var": 0
    },
    "bpm_histogram_first_peak_weight": {
        "mean": 0.75342464447,
        "var": 0
    },
    "bpm_histogram_second_peak_bpm": {
        "mean": 0,
        "var": 0
    },
    "bpm_histogram_second_peak_spread": {
        "mean": 0,
        "var": 0
    },
    "bpm_histogram_second_peak_weight": {
        "mean": 0,
        "var": 0
    },
    "danceability": 1.08413887024,
    "onset_rate": 3.30342054367,
    "beats_loudness_band_ratio": {
        "mean": [0.420965373516, 0.26798287034, 0.208044603467, 0.0891259238124, 0.0575543940067, 0.0389853194356],
        "var": [0.0642996057868, 0.0312666073442, 0.0146931214258, 0.00605496717617, 0.00337293720804, 0.00172503455542]
    },
    "beats_position": [0.603718817234, 1.21904754639, 1.83437633514, 2.4497051239, 3.06503391266, 3.68036270142, 4.29569149017, 4.8994102478, 5.50312900543, 6.09523820877, 6.6989569664, 7.2910656929, 7.89478445053, 8.498503685, 9.10222244263, 9.70594120026, 10.2980499268, 10.8901586533, 11.4938774109, 12.0975961685, 12.6780948639, 13.2818136215, 13.8855323792, 14.4892511368, 15.0929698944, 15.696688652, 16.3004074097, 16.904127121, 17.4962348938, 18.0999546051, 18.6920623779, 19.2957820892, 19.8994998932, 20.5032196045, 21.1069393158, 21.6990470886, 22.2911567688, 22.8948745728, 23.4985942841, 24.102312088, 24.6944217682, 25.286529541, 25.8902492523, 26.4939670563, 27.0976867676, 27.7014045715, 28.2935142517, 28.8856239319, 29.4893417358, 30.0930614471, 30.6967792511, 31.3004989624, 31.9042167664, 32.5079345703, 33.0884361267, 33.6921539307, 34.2958717346, 34.8995895386, 35.4916992188, 36.0838088989, 36.6875267029, 37.2912483215, 37.8949661255, 38.4986839294, 39.0907936096, 39.6829032898, 40.2866210938, 40.8903388977, 41.4940567017, 42.0977783203, 42.7014961243, 43.3052139282, 43.9089317322, 44.5126533508]
},
"tonal": {
    "chords_changes_rate": 0.037037037313,
    "chords_number_rate": 0.00411522621289,
    "chords_strength": {
        "mean": 0.533204495907,
        "var": 0.0134236523882
    },
    "hpcp_entropy": {
        "mean": 1.80560815334,
        "var": 0.556519627571
    },
    "key_strength": 0.786396503448,
    "tuning_diatonic_strength": 0.661242902279,
    "tuning_equal_tempered_deviation": 0.0890073850751,
    "tuning_frequency": 439.238189697,
    "tuning_nontempered_energy_ratio": 0.779536426067,
    "hpcp": {
        "mean": [0.121950119734, 0.106541700661, 0.0417080372572, 0.0312365312129, 0.0367819294333, 0.0796020254493, 0.185548886657, 0.177556291223, 0.170800045133, 0.267217934132, 0.179113730788, 0.0516145564616, 0.0434228926897, 0.0459069795907, 0.1416772753, 0.401952326298, 0.364334911108, 0.103126704693, 0.04021345824, 0.0310255475342, 0.026084125042, 0.0317476131022, 0.0294384807348, 0.0391628630459, 0.0475144460797, 0.0290604215115, 0.0461706481874, 0.111780777574, 0.105131573975, 0.198003143072, 0.474386274815, 0.380022019148, 0.0879022404552, 0.0262257289141, 0.0193833764642, 0.0497799441218],
        "var": [0.0322208292782, 0.0233353152871, 0.0115328673273, 0.0131885465235, 0.0161124337465, 0.0226074699312, 0.073411911726, 0.0762913003564, 0.0499872528017, 0.154626205564, 0.0767006725073, 0.017949251458, 0.0200005695224, 0.0209979023784, 0.0323408618569, 0.150645628572, 0.130004957318, 0.0225491374731, 0.011168461293, 0.00800843629986, 0.00537684746087, 0.00463735871017, 0.00374904228374, 0.0115764727816, 0.0244916249067, 0.0105530293658, 0.00873717851937, 0.0322820544243, 0.0283466037363, 0.0400560684502, 0.162618011236, 0.108336150646, 0.0201704893261, 0.00841616280377, 0.00539561919868, 0.00802703853697]
    },
    "chords_histogram": [61.6255149841, 0.720164597034, 12.0370368958, 0, 0, 0, 0, 0, 0, 0, 0, 0, 0, 0, 0, 11.0082302094, 0, 0.411522626877, 0, 0, 0, 0, 14.1975307465, 0],
    "thpcp": [1, 0.801081418991, 0.185296759009, 0.0552834905684, 0.0408599004149, 0.104935467243, 0.25706923008, 0.224588498473, 0.0879199951887, 0.0658461973071, 0.0775358229876, 0.167800024152, 0.391134589911, 0.374286323786, 0.360044240952, 0.563291847706, 0.377569377422, 0.108802802861, 0.0915348827839, 0.0967713072896, 0.298653811216, 0.847310185432, 0.768013179302, 0.217389732599, 0.0847694352269, 0.065401442349, 0.0549849905074, 0.0669235512614, 0.06205592677, 0.082554794848, 0.100159823895, 0.061258982867, 0.0973271131516, 0.235632404685, 0.221615970135, 0.417388021946],
    "chords_key": "G",
    "chords_scale": "major",
    "key_key": "G",
    "key_scale": "major"
}
}