{
"lowlevel": {
    "average_loudness": 0.889876663685,
    "barkbands_crest": {
        "mean": 12.4423217773,
        "var": 19.0141811371
    },
    "barkbands_flatness_db": {
        "mean": 0.247192159295,
        "var": 0.0150750689209
    },
    "barkbands_kurtosis": {
        "mean": 23.9770736694,
        "var": 1558.77600098
    },
    "barkbands_skewness": {
        "mean": 3.00575780869,
        "var": 7.3312625885
    },
    "barkbands_spread": {
        "mean": 22.6171207428,
        "var": 774.124145508
    },
    "dissonance": {
        "mean": 0.454211294651,
        "var": 0.00223461724818
    },
    "dynamic_complexity": 3.38623261452,
    "erbbands_crest": {
        "mean": 9.26024055481,
        "var": 17.7690563202
    },
    "erbbands_flatness_db": {
        "mean": 0.172843039036,
        "var": 0.0072896531783
    },
    "erbbands_kurtosis": {
        "mean": 4.59524059296,
        "var": 137.726348877
    },
    "erbbands_skewness": {
        "mean": 0.957819104195,
        "var": 2.92449140549
    },
    "erbbands_spread": {
        "mean": 58.5506210327,
        "var": 1802.63354492
    },
    "hfc": {
        "mean": 24.0611629486,
        "var": 1535.8762207
    },
    "melbands_crest": {
        "mean": 17.3515415192,
        "var": 26.5467720032
    },
    "melbands_flatness_db": {
        "mean": 0.326679438353,
        "var": 0.0230749901384
    },
    "melbands_kurtosis": {
        "mean": 78.9786148071,
        "var": 13565.4472656
    },
    "melbands_skewness": {
        "mean": 5.52363348007,
        "var": 16.0813026428
    },
    "melbands_spread": {
        "mean": 16.5845317841,
        "var": 698.259033203
    },
    "pitch_salience": {
        "mean": 0.483433187008,
        "var": 0.0213804133236
    },
    "silence_rate_20dB": {
        "mean": 1,
        "var": 0
    },
    "silence_rate_30dB": {
        "mean": 0.934122502804,
        "var": 0.0615381784737
    },
    "silence_rate_60dB": {
        "mean": 0.00874935649335,
        "var": 0.00867264997214
    },
    "spectral_centroid": {
        "mean": 992.201293945,
        "var": 1099456
    },
    "spectral_complexity": {
        "mean": 11.1415338516,
        "var": 150.330688477
    },
    "spectral_decrease": {
        "mean": -9.0033989153e-009,
        "var": 1.11140820901e-016
    },
    "spectral_energy": {
        "mean": 0.0361633598804,
        "var": 0.00163745018654
    },
    "spectral_energyband_high": {
        "mean": 0.00227331882343,
        "var": 1.66904101206e-005
    },
    "spectral_energyband_low": {
        "mean": 0.020552944392,
        "var": 0.0014177353587
    },
    "spectral_energyband_middle_high": {
        "mean": 0.00123445573263,
        "var": 6.40676717012e-006
    },
    "spectral_energyband_middle_low": {
        "mean": 0.010410958901,
        "var": 0.000146890582982
    },
    "spectral_entropy": {
        "mean": 7.01676845551,
        "var": 1.40613472462
    },
    "spectral_flux": {
        "mean": 0.0874225571752,
        "var": 0.00549093261361
    },
    "spectral_kurtosis": {
        "mean": 16.0872612,
        "var": 1653.80859375
    },
    "spectral_rms": {
        "mean": 0.00525340158492,
        "var": 7.68307472754e-006
    },
    "spectral_rolloff": {
        "mean": 1525.26269531,
        "var": 7596341
    },
    "spectral_skewness": {
        "mean": 2.29832458496,
        "var": 6.04730129242
    },
    "spectral_spread": {
        "mean": 5885385.5,
        "var": 1.0750925996e+013
    },
    "spectral_strongpeak": {
        "mean": 0.357429325581,
        "var": 2.15432262421
    },
    "zerocrossingrate": {
        "mean": 0.0551511533558,
        "var": 0.00370063027367
    },
    "barkbands": {
        "mean": [0.00537784956396, 0.0119074815884, 0.00498302746564, 0.00386888021603, 0.00479864608496, 0.00075700704474, 0.00061980454484, 0.000212357161217, 0.000122255456517, 0.000113953414257, 5.9596466599e-005, 4.96906068292e-005, 6.51679947623e-005, 6.5961983637e-005, 6.6677275754e-005, 0.000104138722236, 0.000137921000714, 0.000149202096509, 0.000311529729515, 0.00031938723987, 0.000412954454077, 0.000413223751821, 0.000316437100992, 0.000369977002265, 0.000290496915113, 0.000267795840045, 1.96836094801e-006],
        "var": [4.23407109338e-005, 0.00108521105722, 6.10576607869e-005, 3.10373870889e-005, 6.00935563853e-005, 1.46052934724e-006, 1.30857836211e-006, 4.20384793642e-007, 1.03878349478e-007, 1.09010898086e-007, 2.29858230227e-008, 2.66565027829e-008, 3.93565358081e-008, 2.85759877983e-008, 2.52347778229e-008, 7.79360078695e-008, 1.13172042404e-007, 1.41476846238e-007, 7.11106679319e-007, 5.55945575798e-007, 8.13432620816e-007, 5.81751010031e-007, 2.98505483443e-007, 4.43921209126e-007, 2.92696768156e-007, 2.16023431676e-006, 4.83588932787e-011]
    },
    "erbbands": {
        "mean": [0.433578550816, 2.38923025131, 5.59239625931, 9.691157341, 14.6490240097, 18.3844909668, 8.00555324554, 5.41780042648, 6.37830543518, 10.4304466248, 4.0471868515, 3.13151693344, 2.71668148041, 3.54638934135, 2.22063660622, 2.28203225136, 3.0557653904, 3.39098668098, 3.36524987221, 4.0330324173, 6.94602298737, 7.44719934464, 7.88236999512, 14.019367218, 14.5139436722, 13.8626708984, 20.3851203918, 14.0374927521, 15.5588827133, 10.5899448395, 8.87453556061, 7.75827360153, 6.09171104431, 3.82007169724, 1.78064227104, 1.38883662224, 0.465282171965, 0.0183149259537, 0.000517759064678, 7.40037139622e-005],
        "var": [1.66437351704, 39.7087287903, 79.4348449707, 213.757080078, 513.042419434, 932.91015625, 257.520324707, 80.8227081299, 204.760162354, 385.800109863, 151.72744751, 60.5691642761, 86.7251663208, 80.2897338867, 27.5770835876, 52.2118263245, 80.1117019653, 71.9949188232, 71.1113052368, 98.7904891968, 312.874572754, 313.771209717, 358.754333496, 1419.2265625, 1572.1973877, 878.681945801, 2406.01757813, 744.885070801, 850.67791748, 328.833984375, 240.405578613, 215.975891113, 122.173950195, 50.7336082458, 11.5125246048, 46.5154571533, 6.86479568481, 0.00316647696309, 2.99218572763e-006, 1.90751361373e-008]
    },
    "gfcc": {
        "mean": [-75.6950073242, 90.8081970215, -55.2094650269, 57.658821106, -52.496257782, 12.8648958206, -44.6352348328, 3.71843647957, -29.200258255, -4.01834392548, -21.0278968811, -8.41262149811, -12.5234422684],
        "cov": [[16847.2675781, -6675.95849609, -1883.50952148, 2189.16821289, -2303.40307617, 591.813903809, -637.314147949, 719.798278809, -428.361480713, 980.028808594, -277.705169678, 795.371520996, -427.052886963], [-6675.95849609, 4597.86621094, 593.360351563, -1465.25244141, 984.738037109, -535.4609375, 361.801452637, -410.360198975, 401.683959961, -457.437408447, 346.186920166, -405.337280273, 349.49029541], [-1883.50952148, 593.360351563, 1181.09631348, -267.367675781, 108.634017944, -57.126159668, -1.84896230698, 0.912276625633, 49.243522644, 75.1534576416, 46.8746986389, 20.0747318268, 46.8733291626], [2189.16821289, -1465.25244141, -267.367675781, 1085.90612793, -224.530059814, 181.685073853, 18.3823337555, 186.653594971, -4.57740783691, 104.502159119, -6.97311306, 83.5612792969, -60.3411712646], [-2303.40307617, 984.738037109, 108.634017944, -224.530059814, 635.94921875, 54.8992652893, 197.746582031, -89.1015701294, 46.6164932251, -185.807128906, 18.6461906433, -146.999282837, 62.8329391479], [591.813903809, -535.4609375, -57.126159668, 181.685073853, 54.8992652893, 398.141418457, 91.4720458984, 77.1061553955, -88.7997131348, -13.2510976791, -62.2015151978, 8.13297748566, -37.768032074], [-637.314147949, 361.801452637, -1.84896230698, 18.3823337555, 197.746582031, 91.4720458984, 237.175323486, 24.7103633881, 50.2040786743, -87.8583602905, 35.4973144531, -56.2060089111, 45.6451683044], [719.798278809, -410.360198975, 0.912276625633, 186.653594971, -89.1015701294, 77.1061553955, 24.7103633881, 152.899978638, 2.68867707253, 60.6483459473, -26.491771698, 41.8675537109, -17.2315349579], [-428.361480713, 401.683959961, 49.243522644, -4.57740783691, 46.6164932251, -88.7997131348, 50.2040786743, 2.68867707253, 144.887008667, 6.36347389221, 83.7287445068, -38.1650466919, 35.8209953308], [980.028808594, -457.437408447, 75.1534576416, 104.502159119, -185.807128906, -13.2510976791, -87.8583602905, 60.6483459473, 6.36347389221, 194.300186157, 18.5258026123, 84.7740097046, -39.6536979675], [-277.705169678, 346.186920166, 46.8746986389, -6.97311306, 18.6461906433, -62.2015151978, 35.4973144531, -26.491771698, 83.7287445068, 18.5258026123, 134.779830933, -0.489777565002, 55.0824127197], [795.371520996, -405.337280273, 20.0747318268, 83.5612792969, -146.999282837, 8.13297748566, -56.2060089111, 41.8675537109, -38.1650466919, 84.7740097046, -0.489777565002, 117.225028992, -5.10811948776], [-427.052886963, 349.49029541, 46.8733291626, -60.3411712646, 62.8329391479, -37.768032074, 45.6451683044, -17.2315349579, 35.8209953308, -39.6536979675, 55.0824127197, -5.10811948776, 96.867805481]],
        "icov": [[0.000331844028551, -7.35455178074e-005, 0.000473711785162, -0.000262877962086, 0.00067529163789, -0.0003655468754, 3.13752898364e-005, -0.00025976129109, 0.000221403941396, -0.000917414727155, 0.000360913574696, -0.00068278145045, -4.8591173254e-006], [-7.35455178074e-005, 0.00277640065178, -0.000645849970169, 0.00243514031172, -0.00131543411408, 0.00159365474246, -0.00102388230152, 0.000762693234719, -0.0026784921065, 0.0025758955162, -0.00332619738765, 0.00310068018734, -0.00231921649538], [0.000473711785162, -0.000645849970169, 0.00180225132499, -0.000555541482754, 0.000839826127049, -0.000829505152069, 0.000346371351043, -0.000762235955335, 0.000637078424916, -0.0025309950579, 0.00118787959218, -0.00176854338497, -6.94511209076e-006], [-0.000262877962086, 0.00243514031172, -0.000555541482754, 0.00364345964044, -0.00133581890259, 0.00113444356248, -0.000898190308362, -0.000486927368911, -0.00273842387833, 0.00288132671267, -0.00371180125512, 0.00264297821559, -0.00131869793404], [0.00067529163789, -0.00131543411408, 0.000839826127049, -0.00133581890259, 0.00514028826728, -0.00188358768355, -0.00130979623646, 0.000527583470102, 0.00126290007029, -0.00202539958991, 0.00265064788982, -0.000662274891511, 0.000288687529974], [-0.0003655468754, 0.00159365474246, -0.000829505152069, 0.00113444356248, -0.00188358768355, 0.00565919606015, -0.00266529037617, -0.000936473545153, 0.00204236106947, 0.0018533973489, -0.00257594371215, 0.00293495226651, -0.000112676054414], [3.13752898364e-005, -0.00102388230152, 0.000346371351043, -0.000898190308362, -0.00130979623646, -0.00266529037617, 0.00958197750151, -0.00367891788483, -0.00121534091886, 0.00228846166283, -0.00124916597269, -0.000786138814874, -0.000198769354029], [-0.00025976129109, 0.000762693234719, -0.000762235955335, -0.000486927368911, 0.000527583470102, -0.000936473545153, -0.00367891788483, 0.0137178404257, -0.00508567038924, -0.00215212139301, 0.00537231191993, -0.00124471611343, -0.00248582987115], [0.000221403941396, -0.0026784921065, 0.000637078424916, -0.00273842387833, 0.00126290007029, 0.00204236106947, -0.00121534091886, -0.00508567038924, 0.0200610551983, -0.00540844211355, -0.00544271152467, 0.00425982754678, 0.00195799791254], [-0.000917414727155, 0.0025758955162, -0.0025309950579, 0.00288132671267, -0.00202539958991, 0.0018533973489, 0.00228846166283, -0.00215212139301, -0.00540844211355, 0.0176570247859, -0.00806899927557, -0.00168148812372, 0.00398435723037], [0.000360913574696, -0.00332619738765, 0.00118787959218, -0.00371180125512, 0.00265064788982, -0.00257594371215, -0.00124916597269, 0.00537231191993, -0.00544271152467, -0.00806899927557, 0.0223727189004, -0.00657651526853, -0.00483375694603], [-0.00068278145045, 0.00310068018734, -0.00176854338497, 0.00264297821559, -0.000662274891511, 0.00293495226651, -0.000786138814874, -0.00124471611343, 0.00425982754678, -0.00168148812372, -0.00657651526853, 0.0235965121537, -0.00725166406482], [-4.8591173254e-006, -0.00231921649538, -6.94511209076e-006, -0.00131869793404, 0.000288687529974, -0.000112676054414, -0.000198769354029, -0.00248582987115, 0.00195799791254, 0.00398435723037, -0.00483375694603, -0.00725166406482, 0.020544860512]]
    },
    "melbands": {
        "mean": [0.00374492979608, 0.00298275984824, 0.00183299346827, 0.00130820169579, 0.000354774296284, 0.000124246944324, 0.000105540282675, 9.96896196739e-005, 2.8828608265e-005, 1.77065903699e-005, 1.33333996928e-005, 1.47523014675e-005, 8.31237412058e-006, 5.2849200074e-006, 6.52519429423e-006, 6.34720981907e-006, 6.36200502413e-006, 5.31010755367e-006, 5.08990751769e-006, 5.96668269282e-006, 8.71004067449e-006, 8.07320884633e-006, 6.54076029605e-006, 7.58079204388e-006, 1.18226180348e-005, 1.15870825539e-005, 8.81587766344e-006, 9.18632576941e-006, 1.39351923281e-005, 9.86170198303e-006, 7.63246862334e-006, 9.22885647014e-006, 7.18077899364e-006, 5.48511661691e-006, 5.09245592184e-006, 5.01743897985e-006, 4.5523947847e-006, 4.25907592216e-006, 3.82826419809e-006, 3.07546110889e-006],
        "var": [0.000104308834125, 2.80584408756e-005, 6.26254495728e-006, 3.97960593546e-006, 4.779341225e-007, 4.15186391933e-008, 4.94585918887e-008, 3.94548891336e-008, 8.37324254377e-009, 2.04987982144e-009, 2.16975082346e-009, 1.45526546369e-009, 4.43991704513e-010, 3.32206900877e-010, 3.66097541171e-010, 3.67377045452e-010, 2.69377631312e-010, 1.91088436741e-010, 1.53157375671e-010, 2.62497301673e-010, 5.20590515141e-010, 4.19121154449e-010, 2.13162196228e-010, 4.84449091953e-010, 1.0550379459e-009, 1.07425368601e-009, 6.87311874081e-010, 3.73569897238e-010, 1.28063704086e-009, 4.54534132555e-010, 2.20963192188e-010, 3.16157072744e-010, 1.7081031034e-010, 8.75751901552e-011, 7.89446771843e-011, 9.08101718822e-011, 7.79805039985e-011, 5.97721247497e-011, 5.222632396e-011, 3.61324060949e-011]
    },
    "mfcc": {
        "mean": [-729.099853516, 111.694915771, 56.3172149658, 47.5497055054, 22.1391162872, 11.7083873749, 2.13263249397, 1.48720645905, 0.160170316696, -2.17442655563, -2.62666344643, -3.47926735878, -4.3196144104],
        "cov": [[15695.2998047, -6408.10107422, -880.015686035, 268.467346191, -980.295532227, -233.524215698, -266.900695801, -253.865341187, -182.655456543, 109.528129578, 14.6704721451, 203.145874023, 114.407188416], [-6408.10107422, 4343.046875, 217.877426147, -430.378936768, 208.709075928, -99.7163925171, -62.8030166626, -43.4486732483, 5.13734817505, -53.2153282166, 13.600985527, -33.993270874, 10.3516712189], [-880.015686035, 217.877426147, 840.293579102, 73.6924285889, 26.8081302643, -63.850769043, -36.1312446594, -60.1611976624, -11.2791662216, -21.7618598938, 61.0572357178, 35.2638282776, 84.3301315308], [268.467346191, -430.378936768, 73.6924285889, 494.93536377, 54.1278343201, -18.0905952454, -14.8351945877, 30.1694812775, 14.3301696777, 45.4950447083, 44.3045539856, 41.5826683044, 23.6470623016], [-980.295532227, 208.709075928, 26.8081302643, 54.1278343201, 226.014541626, 103.394508362, 74.4321365356, 58.3624076843, 40.0006446838, 5.34689664841, 10.5080842972, -20.6095790863, -13.7890644073], [-233.524215698, -99.7163925171, -63.850769043, -18.0905952454, 103.394508362, 212.761886597, 149.98727417, 88.9829864502, 37.8442230225, 17.489566803, -4.58394956589, -8.0316324234, -18.6621208191], [-266.900695801, -62.8030166626, -36.1312446594, -14.8351945877, 74.4321365356, 149.98727417, 204.969039917, 131.131408691, 69.9791641235, 21.186548233, -7.03395318985, -19.9382152557, -18.7511997223], [-253.865341187, -43.4486732483, -60.1611976624, 30.1694812775, 58.3624076843, 88.9829864502, 131.131408691, 166.290084839, 81.8770370483, 28.0008087158, -13.1220531464, -33.2970695496, -28.5248470306], [-182.655456543, 5.13734817505, -11.2791662216, 14.3301696777, 40.0006446838, 37.8442230225, 69.9791641235, 81.8770370483, 96.6872329712, 37.3807182312, 3.33475208282, -18.4433422089, -9.94948387146], [109.528129578, -53.2153282166, -21.7618598938, 45.4950447083, 5.34689664841, 17.489566803, 21.186548233, 28.0008087158, 37.3807182312, 68.0154342651, 27.4161262512, 18.2228031158, -1.75982117653], [14.6704721451, 13.600985527, 61.0572357178, 44.3045539856, 10.5080842972, -4.58394956589, -7.03395318985, -13.1220531464, 3.33475208282, 27.4161262512, 67.0044708252, 39.7302436829, 22.3567695618], [203.145874023, -33.993270874, 35.2638282776, 41.5826683044, -20.6095790863, -8.0316324234, -19.9382152557, -33.2970695496, -18.4433422089, 18.2228031158, 39.7302436829, 80.4351882935, 34.0138893127], [114.407188416, 10.3516712189, 84.3301315308, 23.6470623016, -13.7890644073, -18.6621208191, -18.7511997223, -28.5248470306, -9.94948387146, -1.75982117653, 22.3567695618, 34.0138893127, 66.1226577759]],
        "icov": [[0.000311884155963, 0.000431382009992, 0.000273933081189, 0.000167715770658, 0.000715399219189, 0.000116818235256, 9.29400339373e-005, 0.000134910835186, 0.000108963708044, -0.000338816258591, -0.000196838576812, -6.84389233356e-005, -0.000640656042378], [0.000431382009992, 0.000903802167159, 0.000325922766933, 0.00061764131533, 0.000417272967752, 0.000603196152952, 0.0001888997067, 3.04528148263e-005, 0.000210397513001, -0.000502321461681, -0.000344833126292, -0.000204689320526, -0.00096029281849], [0.000273933081189, 0.000325922766933, 0.00177101662848, -6.14057935309e-005, 0.000394706614316, 0.000598778773565, -0.000410385720897, 0.000659375044052, -0.000288010953227, 0.000666489941068, -0.00143845716957, 0.000412164605223, -0.00209359428845], [0.000167715770658, 0.00061764131533, -6.14057935309e-005, 0.00311779859476, -0.00130519387312, 0.00129019340966, 0.000876220001373, -0.0017688908847, 0.00110092025716, -0.00181198026985, -0.000411601416999, -0.00118808040861, -0.000978463562205], [0.000715399219189, 0.000417272967752, 0.000394706614316, -0.00130519387312, 0.00960307754576, -0.00443829875439, 0.000959754630458, 0.000738198345061, -0.00219948519953, 0.00182609236799, -0.00313228764571, 0.00221407646313, -0.000361399172107], [0.000116818235256, 0.000603196152952, 0.000598778773565, 0.00129019340966, -0.00443829875439, 0.0131158344448, -0.0085154986009, -6.52839808026e-005, 0.00354687334038, -0.00264941272326, 0.00135128758848, -0.00215864437632, -7.17079383321e-005], [9.29400339373e-005, 0.0001888997067, -0.000410385720897, 0.000876220001373, 0.000959754630458, -0.0085154986009, 0.0170441381633, -0.00841400958598, -0.00315609411336, 0.00174723414239, -0.000723427918274, -0.000716458016541, -0.000795153900981], [0.000134910835186, 3.04528148263e-005, 0.000659375044052, -0.0017688908847, 0.000738198345061, -6.52839808026e-005, -0.00841400958598, 0.0183675922453, -0.00833276845515, -0.000427949125879, 0.00149479240645, 0.00253619858995, 0.00215130508877], [0.000108963708044, 0.000210397513001, -0.000288010953227, 0.00110092025716, -0.00219948519953, 0.00354687334038, -0.00315609411336, -0.00833276845515, 0.0243091564626, -0.0118695599958, 0.000158244351042, 0.00447045359761, -0.00320643465966], [-0.000338816258591, -0.000502321461681, 0.000666489941068, -0.00181198026985, 0.00182609236799, -0.00264941272326, 0.00174723414239, -0.000427949125879, -0.0118695599958, 0.0281685050577, -0.00932172033936, -0.00487969629467, 0.00503237871453], [-0.000196838576812, -0.000344833126292, -0.00143845716957, -0.000411601416999, -0.00313228764571, 0.00135128758848, -0.000723427918274, 0.00149479240645, 0.000158244351042, -0.00932172033936, 0.027647966519, -0.00967402942479, -0.00205179327168], [-6.84389233356e-005, -0.000204689320526, 0.000412164605223, -0.00118808040861, 0.00221407646313, -0.00215864437632, -0.000716458016541, 0.00253619858995, 0.00447045359761, -0.00487969629467, -0.00967402942479, 0.0244573075324, -0.00797420926392], [-0.000640656042378, -0.00096029281849, -0.00209359428845, -0.000978463562205, -0.000361399172107, -7.17079383321e-005, -0.000795153900981, 0.00215130508877, -0.00320643465966, 0.00503237871453, -0.00205179327168, -0.00797420926392, 0.0244563706219]]
    },
    "spectral_contrast_coeffs": {
        "mean": [-0.527795374393, -0.734987318516, -0.816947638988, -0.838762104511, -0.827157616615, -0.784393250942],
        "var": [0.00860926229507, 0.00551529927179, 0.00371959246695, 0.00145844649523, 0.00206820527092, 0.00289212516509]
    },
    "spectral_contrast_valleys": {
        "mean": [-7.77576208115, -7.70901060104, -8.68821239471, -8.86633396149, -8.49651527405, -10.5933084488],
        "var": [1.74584400654, 1.6316113472, 1.6243622303, 1.92545866966, 3.31167531013, 4.43256092072]
    }
},
"metadata": {
    "audio_properties": {
        "analysis_sample_rate": 44100,
        "bit_rate": 111891,
        "equal_loudness": 0,
        "length": 45.0873451233,
        "lossless": 0,
        "replay_gain": -14.1642799377,
        "sample_rate": 44100,
        "codec": "mp3",
        "downmix": "mix",
        "md5_encoded": "d65d1adb5475c7ee686b8a7744a2b753"
    },
    "tags": {
        "file_name": "453.mp3"
    },
    "version": {
        "essentia": "2.1-beta2",
        "essentia_git_sha": "v2.1_beta2",
        "extractor": "music 1.0"
    }
},
"rhythm": {
    "beats_count": 86,
    "beats_loudness": {
        "mean": 0.0557605102658,
        "var": 0.00256942445412
    },
    "bpm": 115.046455383,
    "bpm_histogram_first_peak_bpm": {
        "mean": 115,
        "var": 0
    },
    "bpm_histogram_first_peak_spread": {
        "mean": 0.357142835855,
        "var": 0
    },
    "bpm_histogram_first_peak_weight": {
        "mean": 0.635294139385,
        "var": 0
    },
    "bpm_histogram_second_peak_bpm": {
        "mean": 120,
        "var": 0
    },
    "bpm_histogram_second_peak_spread": {
        "mean": 0,
        "var": 0
    },
    "bpm_histogram_second_peak_weight": {
        "mean": 0.0117647061124,
        "var": 0
    },
    "danceability": 1.18947780132,
    "onset_rate": 4.89970445633,
    "beats_loudness_band_ratio": {
        "mean": [0.525140583515, 0.369421929121, 0.0372585318983, 0.0103448480368, 0.0190457124263, 0.120840258896],
        "var": [0.0710579827428, 0.0592503882945, 0.00112730031833, 0.000114077258331, 0.000704067060724, 0.0255788620561]
    },
    "beats_position": [0.476009070873, 0.975238084793, 1.48607707024, 2.00852608681, 2.51936507225, 3.04181408882, 3.56426286697, 4.08671188354, 4.60916090012, 5.13160991669, 5.65405893326, 6.17650794983, 6.6989569664, 7.22140598297, 7.74385452271, 8.26630401611, 8.78875255585, 9.31120204926, 9.83365058899, 10.3560991287, 10.8785486221, 11.4009971619, 11.9234466553, 12.445895195, 12.9567346573, 13.479183197, 14.0016326904, 14.5356912613, 15.0465307236, 15.5573692322, 16.0914287567, 16.6254863739, 17.1363258362, 17.6587753296, 18.181224823, 18.7152824402, 19.2261219025, 19.7369613647, 20.2594108582, 20.7934684753, 21.3159179688, 21.8383674622, 22.3492050171, 22.8716545105, 23.405714035, 23.9165534973, 24.4390010834, 24.9614505768, 25.4955101013, 26.0063495636, 26.5287971497, 27.0512466431, 27.5736961365, 28.0961437225, 28.6185932159, 29.1410427094, 29.6751022339, 30.1859397888, 30.6967792511, 31.2308387756, 31.7416782379, 32.2757377625, 32.7865753174, 33.3206329346, 33.843082428, 34.3655319214, 34.8879814148, 35.4104309082, 35.9212684631, 36.4437179565, 36.96616745, 37.4886169434, 38.0110664368, 38.5219039917, 39.0443534851, 39.5668029785, 40.1008605957, 40.6116981506, 41.134147644, 41.6565971375, 42.1790466309, 42.7014961243, 43.2239456177, 43.7463951111, 44.2688446045, 44.7912902832]
},
"tonal": {
    "chords_changes_rate": 0.0298353917897,
    "chords_number_rate": 0.00411522621289,
    "chords_strength": {
        "mean": 0.5425786376,
        "var": 0.00528742978349
    },
    "hpcp_entropy": {
        "mean": 2.35095643997,
        "var": 1.12797570229
    },
    "key_strength": 0.766904532909,
    "tuning_diatonic_strength": 0.631023108959,
    "tuning_equal_tempered_deviation": 0.228759884834,
    "tuning_frequency": 434.193115234,
    "tuning_nontempered_energy_ratio": 0.967521369457,
    "hpcp": {
        "mean": [0.496184051037, 0.603594899178, 0.255978405476, 0.0774076581001, 0.0588835850358, 0.0763655751944, 0.15311281383, 0.170701771975, 0.0797255858779, 0.0372272580862, 0.0407068505883, 0.0412404984236, 0.0460450090468, 0.0470230877399, 0.0460202917457, 0.0963356420398, 0.138010129333, 0.0980568081141, 0.0507179833949, 0.0441725701094, 0.0803933814168, 0.295397251844, 0.388013631105, 0.196729883552, 0.0913003385067, 0.0546524114907, 0.0234425049275, 0.0248415134847, 0.0289615504444, 0.0361762344837, 0.0520890206099, 0.0602891966701, 0.0464570820332, 0.0353058353066, 0.0430103614926, 0.123535178602],
        "var": [0.133127272129, 0.173135280609, 0.0566758178174, 0.0363211594522, 0.0246111210436, 0.0351679623127, 0.0690817162395, 0.086209654808, 0.0255511980504, 0.0158733483404, 0.0183244962245, 0.0143846683204, 0.0167725123465, 0.0173122957349, 0.0133410738781, 0.0399265214801, 0.0750416740775, 0.0434653051198, 0.0154143944383, 0.0157952457666, 0.0315338559449, 0.0733974352479, 0.121090836823, 0.0401863195002, 0.0545663647354, 0.0241625495255, 0.0101333921775, 0.00906275957823, 0.00927636772394, 0.0162041541189, 0.0252531263977, 0.0315231345594, 0.0204528532922, 0.0124665852636, 0.0176161844283, 0.0362317413092]
    },
    "chords_histogram": [71.1934127808, 0, 0.102880656719, 0, 0, 0, 0, 0, 0, 0, 0, 0, 0, 0, 0, 1.54320991039, 0, 21.3991775513, 0, 0.308641970158, 4.52674913406, 0, 0.925925910473, 0],
    "thpcp": [1, 0.424089729786, 0.128244385123, 0.0975548103452, 0.126517921686, 0.253668159246, 0.282808512449, 0.132084593177, 0.0616758987308, 0.0674406811595, 0.0683247968554, 0.0762846246362, 0.0779050439596, 0.0762436687946, 0.159603148699, 0.228646948934, 0.162454664707, 0.084026530385, 0.0731824785471, 0.133190959692, 0.489396542311, 0.642837822437, 0.325930327177, 0.151260957122, 0.0905448496342, 0.0388381443918, 0.0411559380591, 0.0479817688465, 0.0599346272647, 0.086297981441, 0.0998835414648, 0.0769673213363, 0.0584926009178, 0.0712570026517, 0.204665705562, 0.822048127651],
    "chords_key": "A",
    "chords_scale": "major",
    "key_key": "A",
    "key_scale": "major"
}
}