{
"lowlevel": {
    "average_loudness": 0.974996745586,
    "barkbands_crest": {
        "mean": 13.5369615555,
        "var": 29.6406211853
    },
    "barkbands_flatness_db": {
        "mean": 0.193639367819,
        "var": 0.0091708637774
    },
    "barkbands_kurtosis": {
        "mean": 52.8109817505,
        "var": 7094.86230469
    },
    "barkbands_skewness": {
        "mean": 4.96248674393,
        "var": 13.7453565598
    },
    "barkbands_spread": {
        "mean": 13.1165552139,
        "var": 183.139373779
    },
    "dissonance": {
        "mean": 0.470028162003,
        "var": 0.000474895758089
    },
    "dynamic_complexity": 3.151232481,
    "erbbands_crest": {
        "mean": 6.60559415817,
        "var": 7.74896764755
    },
    "erbbands_flatness_db": {
        "mean": 0.105580583215,
        "var": 0.000629873829894
    },
    "erbbands_kurtosis": {
        "mean": 0.167657762766,
        "var": 7.69772386551
    },
    "erbbands_skewness": {
        "mean": 0.476256579161,
        "var": 0.449209630489
    },
    "erbbands_spread": {
        "mean": 57.5850296021,
        "var": 523.349853516
    },
    "hfc": {
        "mean": 9.90981960297,
        "var": 565.596740723
    },
    "melbands_crest": {
        "mean": 23.3603973389,
        "var": 112.306999207
    },
    "melbands_flatness_db": {
        "mean": 0.278799951077,
        "var": 0.0117617389187
    },
    "melbands_kurtosis": {
        "mean": 136.239730835,
        "var": 41991.3007813
    },
    "melbands_skewness": {
        "mean": 7.59156847,
        "var": 34.9393310547
    },
    "melbands_spread": {
        "mean": 10.7143955231,
        "var": 186.132461548
    },
    "pitch_salience": {
        "mean": 0.392269104719,
        "var": 0.0566255636513
    },
    "silence_rate_20dB": {
        "mean": 0.994335711002,
        "var": 0.00563227664679
    },
    "silence_rate_30dB": {
        "mean": 0.774459302425,
        "var": 0.17467430234
    },
    "silence_rate_60dB": {
        "mean": 0.0442842431366,
        "var": 0.0423228256404
    },
    "spectral_centroid": {
        "mean": 1062.58984375,
        "var": 306708.5
    },
    "spectral_complexity": {
        "mean": 9.85169887543,
        "var": 63.8764915466
    },
    "spectral_decrease": {
        "mean": -1.40551748018e-008,
        "var": 4.25871145811e-016
    },
    "spectral_energy": {
        "mean": 0.0539463534951,
        "var": 0.00629069050774
    },
    "spectral_energyband_high": {
        "mean": 0.000425134028774,
        "var": 1.10574853807e-006
    },
    "spectral_energyband_low": {
        "mean": 0.0466104447842,
        "var": 0.00509667722508
    },
    "spectral_energyband_middle_high": {
        "mean": 0.00160074874293,
        "var": 3.38469835697e-005
    },
    "spectral_energyband_middle_low": {
        "mean": 0.00575121259317,
        "var": 0.000334167154506
    },
    "spectral_entropy": {
        "mean": 7.75789546967,
        "var": 0.143598228693
    },
    "spectral_flux": {
        "mean": 0.104585379362,
        "var": 0.0146245341748
    },
    "spectral_kurtosis": {
        "mean": 3.04127550125,
        "var": 4.83950853348
    },
    "spectral_rms": {
        "mean": 0.00576377892867,
        "var": 1.94094591279e-005
    },
    "spectral_rolloff": {
        "mean": 562.64642334,
        "var": 1341665.875
    },
    "spectral_skewness": {
        "mean": 1.45733189583,
        "var": 0.172728821635
    },
    "spectral_spread": {
        "mean": 5690043.5,
        "var": 1.87245684326e+012
    },
    "spectral_strongpeak": {
        "mean": 0.284893929958,
        "var": 0.0857921764255
    },
    "zerocrossingrate": {
        "mean": 0.0334638617933,
        "var": 0.00094739056658
    },
    "barkbands": {
        "mean": [0.0101735508069, 0.0296314135194, 0.00639250362292, 0.00285221054219, 0.00117437634617, 0.000514014391229, 0.000663094979245, 0.000225542040425, 0.000266892224317, 0.000176699773874, 0.000143874160131, 0.000143145123729, 0.000102052596048, 0.000129835330881, 0.000341701816069, 0.000334199983627, 8.8667118689e-005, 8.56865008245e-005, 5.27885822521e-005, 5.46980299987e-005, 8.87414134922e-005, 9.21108876355e-005, 9.42360347835e-005, 7.15339920134e-005, 3.8777696318e-005, 1.31899123517e-005, 8.20953573566e-007],
        "var": [0.00020410734578, 0.00223723286763, 0.000686625018716, 0.00014730465773, 6.8738409027e-006, 1.1941693856e-006, 6.61925423628e-006, 1.16906960557e-007, 4.54643270587e-007, 1.05419026397e-007, 6.70355291277e-008, 6.46782893909e-008, 1.02238310262e-007, 2.24593250664e-007, 3.48770004166e-006, 3.83053384212e-006, 5.65837048327e-008, 1.40037826668e-007, 1.63437583467e-008, 1.99247978117e-008, 5.65711921752e-008, 6.81079370679e-008, 7.22615354221e-008, 2.35518733405e-008, 7.43562766914e-009, 9.02309837958e-010, 8.09409050201e-012]
    },
    "erbbands": {
        "mean": [1.58051145077, 3.80376935005, 6.96341180801, 9.74143981934, 6.05718374252, 3.50526833534, 3.59149360657, 4.43401432037, 9.78756904602, 6.9557518959, 4.63010549545, 6.10072135925, 5.81049203873, 5.07103300095, 6.08282423019, 6.38842916489, 4.79414081573, 6.42280769348, 12.3472166061, 19.9738922119, 15.0193529129, 5.63198184967, 5.11093568802, 3.2390859127, 2.82654094696, 2.46772360802, 2.71904635429, 3.96737670898, 3.19806408882, 2.7113070488, 2.78749346733, 2.02734303474, 0.952251970768, 0.578474283218, 0.195655927062, 0.0720249935985, 0.022319862619, 0.00330906943418, 0.000121131524793, 6.26152104815e-005],
        "var": [5.3065328598, 97.293838501, 737.167419434, 1631.01586914, 428.871673584, 46.2923355103, 36.6976242065, 130.562606812, 1557.39379883, 345.118896484, 33.1022148132, 233.774169922, 205.113464355, 80.794342041, 88.981628418, 130.215179443, 149.216171265, 574.278747559, 4066.57470703, 12302.0478516, 7101.83544922, 319.72479248, 508.078674316, 79.4644699097, 55.6377639771, 35.2241592407, 56.1242866516, 106.327835083, 75.7784805298, 48.1295166016, 71.3448638916, 23.240146637, 4.65591573715, 1.70188856125, 0.204205870628, 0.0287436041981, 0.0025255731307, 7.33855049475e-005, 8.69029506134e-008, 8.43828829034e-009]
    },
    "gfcc": {
        "mean": [-48.8993415833, 88.2246246338, -83.9615707397, 42.4151573181, -54.1987571716, 27.4932537079, -27.744058609, 15.4167051315, -15.9580106735, 7.22601461411, -11.927321434, 4.86627006531, -7.69247102737],
        "cov": [[5836.99609375, -538.65234375, -470.883850098, -115.674110413, -164.545303345, 244.057113647, -405.192596436, 5.27527427673, -57.758605957, 41.6142501831, -201.708511353, 55.2652854919, -171.957489014], [-538.65234375, 535.91973877, 133.029968262, -10.0933408737, 151.728164673, -74.053817749, 110.641479492, 6.01575899124, 36.6928443909, -22.0655822754, 58.0446281433, -31.4744243622, 65.2459945679], [-470.883850098, 133.029968262, 390.62310791, 195.329666138, 127.622238159, 53.2578964233, 143.545303345, 22.2813072205, 79.1190490723, -10.2791519165, 53.7671775818, -23.5172424316, 48.2433319092], [-115.674110413, -10.0933408737, 195.329666138, 345.346496582, 105.894470215, 80.9746780396, 78.4219360352, -3.4983689785, 74.5291061401, -16.4017791748, 44.523563385, -25.0766429901, 68.8534698486], [-164.545303345, 151.728164673, 127.622238159, 105.894470215, 301.90536499, 89.2080230713, 144.46156311, 62.3642807007, 129.766998291, 42.0521888733, 88.6540527344, 15.5013504028, 89.764793396], [244.057113647, -74.053817749, 53.2578964233, 80.9746780396, 89.2080230713, 139.509475708, 57.9608078003, 39.4186096191, 74.9029693604, 26.2523517609, 38.4309539795, 6.95971441269, 37.0559616089], [-405.192596436, 110.641479492, 143.545303345, 78.4219360352, 144.46156311, 57.9608078003, 192.708984375, 69.9832611084, 131.827880859, 43.7071151733, 111.777000427, 28.732170105, 91.1161422729], [5.27527427673, 6.01575899124, 22.2813072205, -3.4983689785, 62.3642807007, 39.4186096191, 69.9832611084, 83.7094421387, 73.2401733398, 48.3217391968, 52.5988845825, 32.7557411194, 34.3978996277], [-57.758605957, 36.6928443909, 79.1190490723, 74.5291061401, 129.766998291, 74.9029693604, 131.827880859, 73.2401733398, 178.440551758, 67.7097625732, 109.082740784, 32.7343063354, 94.8041229248], [41.6142501831, -22.0655822754, -10.2791519165, -16.4017791748, 42.0521888733, 26.2523517609, 43.7071151733, 48.3217391968, 67.7097625732, 69.6904602051, 53.6864585876, 37.5549736023, 31.1318721771], [-201.708511353, 58.0446281433, 53.7671775818, 44.523563385, 88.6540527344, 38.4309539795, 111.777000427, 52.5988845825, 109.082740784, 53.6864585876, 133.96156311, 51.1259613037, 87.9086990356], [55.2652854919, -31.4744243622, -23.5172424316, -25.0766429901, 15.5013504028, 6.95971441269, 28.732170105, 32.7557411194, 32.7343063354, 37.5549736023, 51.1259613037, 66.8610992432, 39.736618042], [-171.957489014, 65.2459945679, 48.2433319092, 68.8534698486, 89.764793396, 37.0559616089, 91.1161422729, 34.3978996277, 94.8041229248, 31.1318721771, 87.9086990356, 39.736618042, 118.564491272]],
        "icov": [[0.000324573746184, -0.00031131983269, 0.000232628852245, -0.000191891987924, 0.000151355925482, -0.00110775767826, 0.00102370174136, -5.28639684489e-005, -0.000764460011851, 7.44092903915e-005, 0.000606671208516, -0.00128034467343, 0.000690109562129], [-0.00031131983269, 0.00500394124538, -0.00124521937687, 0.00211174576543, -0.00285823550075, 0.00536273699254, -0.00181878753938, -0.000839441490825, 0.00205860147253, 0.00198911456391, -0.003166383598, 0.00689411489293, -0.00392689090222], [0.000232628852245, -0.00124521937687, 0.00545810209587, -0.00270531210117, 0.000345823355019, -0.0013401376782, -0.00332906609401, 0.000291634816676, -0.000732310931198, 0.0010436270386, 0.00126328330953, -0.00141538947355, 0.00285282335244], [-0.000191891987924, 0.00211174576543, -0.00270531210117, 0.00637439265847, -0.00142339523882, 0.00024449249031, 0.000401354365749, 0.00126534921583, -3.73670918634e-005, 0.00252396659926, -0.00220582820475, 0.00499967671931, -0.00438868626952], [0.000151355925482, -0.00285823550075, 0.000345823355019, -0.00142339523882, 0.00768817029893, -0.00459749810398, -0.00149473757483, -0.000186272183782, -0.00180517451372, -0.00199981685728, 0.00230953563005, -0.00243080337532, 0.000368041743059], [-0.00110775767826, 0.00536273699254, -0.0013401376782, 0.00024449249031, -0.00459749810398, 0.018717251718, -0.00364046054892, -0.00358994258568, 0.000812358164694, 0.00135079782922, -0.00338655197993, 0.00953300110996, -0.00437261210755], [0.00102370174136, -0.00181878753938, -0.00332906609401, 0.000401354365749, -0.00149473757483, -0.00364046054892, 0.0230963118374, -0.00679197628051, -0.00697799306363, 0.00361598236486, -0.00563143845648, -0.0028117550537, -0.00015448872], [-5.28639684489e-005, -0.000839441490825, 0.000291634816676, 0.00126534921583, -0.000186272183782, -0.00358994258568, -0.00679197628051, 0.0282795391977, -0.00461971340701, -0.00951878074557, 0.00320351403207, -0.00761963007972, 0.0041817324236], [-0.000764460011851, 0.00205860147253, -0.000732310931198, -3.73670918634e-005, -0.00180517451372, 0.000812358164694, -0.00697799306363, -0.00461971340701, 0.0252806451172, -0.0121129341424, -0.00707466946915, 0.0128179369494, -0.0101905819029], [7.44092903915e-005, 0.00198911456391, 0.0010436270386, 0.00252396659926, -0.00199981685728, 0.00135079782922, 0.00361598236486, -0.00951878074557, -0.0121129341424, 0.0400487519801, -0.00650938367471, -0.00907789450139, 0.00523606222123], [0.000606671208516, -0.003166383598, 0.00126328330953, -0.00220582820475, 0.00230953563005, -0.00338655197993, -0.00563143845648, 0.00320351403207, -0.00707466946915, -0.00650938367471, 0.0288329329342, -0.0148987928405, -0.00292105739936], [-0.00128034467343, 0.00689411489293, -0.00141538947355, 0.00499967671931, -0.00243080337532, 0.00953300110996, -0.0028117550537, -0.00761963007972, 0.0128179369494, -0.00907789450139, -0.0148987928405, 0.0453235283494, -0.0167550183833], [0.000690109562129, -0.00392689090222, 0.00285282335244, -0.00438868626952, 0.000368041743059, -0.00437261210755, -0.00015448872, 0.0041817324236, -0.0101905819029, 0.00523606222123, -0.00292105739936, -0.0167550183833, 0.0275321267545]]
    },
    "melbands": {
        "mean": [0.0111515950412, 0.0040710051544, 0.00161111494526, 0.000320229155477, 0.000126658807858, 0.000101294259366, 0.000146007951116, 6.87320134602e-005, 3.81403806387e-005, 3.77698415832e-005, 2.8769396522e-005, 2.07027624128e-005, 1.93688883883e-005, 1.6983201931e-005, 1.42814242281e-005, 9.72014458966e-006, 1.20734912343e-005, 1.68486585608e-005, 2.78669213003e-005, 2.66293718596e-005, 1.46472793858e-005, 5.50456070414e-006, 4.67886911792e-006, 4.06784829465e-006, 2.45451951741e-006, 1.91511230696e-006, 2.07533275898e-006, 1.51432300299e-006, 1.35057450734e-006, 2.4158512133e-006, 2.29761030823e-006, 1.92747552319e-006, 1.56566125042e-006, 1.42025885452e-006, 1.56115925165e-006, 1.59049784543e-006, 1.1142940366e-006, 6.86445844167e-007, 4.99802240483e-007, 4.94000857998e-007],
        "var": [0.000252686964814, 0.000182948424481, 4.19534553657e-005, 6.9378944545e-007, 4.27092388122e-008, 6.51611529179e-008, 3.46490338643e-007, 2.83244485644e-008, 2.00915062365e-009, 1.04655972777e-008, 4.98844476837e-009, 1.3720303782e-009, 1.1288919799e-009, 9.05284236463e-010, 5.56886092795e-010, 1.20457188668e-009, 1.99354710517e-009, 6.88804613347e-009, 2.39919604184e-008, 2.32121593058e-008, 6.46826014972e-009, 2.76118544695e-010, 2.76677458722e-010, 3.04241160043e-010, 4.17454161517e-011, 2.07518151968e-011, 3.89196001815e-011, 1.20706014628e-011, 1.02859552473e-011, 6.09520003914e-011, 3.36551203572e-011, 3.18132360733e-011, 1.67415265678e-011, 1.21290963384e-011, 2.12356052881e-011, 2.49807119435e-011, 5.31286689989e-012, 2.51764646457e-012, 1.15860847392e-012, 1.34395402793e-012]
    },
    "mfcc": {
        "mean": [-698.303955078, 117.268615723, 29.6779117584, 25.4101982117, 8.76268768311, 14.5364837646, 6.05635738373, 11.4781761169, 7.22752809525, 5.73290300369, 3.354783535, 6.70079135895, 3.10938835144],
        "cov": [[5059.72753906, -578.731567383, -335.653564453, -417.424163818, 105.679794312, 38.281337738, -259.643127441, -70.1063690186, -65.6110916138, -25.9751834869, -77.6332397461, -86.4840545654, -1.68689274788], [-578.731567383, 604.614929199, -39.4730987549, 39.5495109558, 10.4095182419, -42.5697135925, 64.1090393066, 17.8685722351, 26.24908638, 26.5045528412, 10.4938631058, 18.6431789398, 30.1530628204], [-335.653564453, -39.4730987549, 326.377746582, 144.356384277, 25.4558563232, 63.7648544312, 45.6537742615, 41.6567687988, 26.01745224, 16.8581695557, 17.163766861, 6.14316558838, -15.3363828659], [-417.424163818, 39.5495109558, 144.356384277, 247.973312378, 86.7653808594, 76.1753158569, 64.1808929443, 45.2421340942, 44.9144859314, 30.2163677216, 13.6458959579, 18.9081630707, 7.3226890564], [105.679794312, 10.4095182419, 25.4558563232, 86.7653808594, 164.026580811, 100.090820313, 50.4491157532, 45.349571228, 55.6096954346, 51.0571861267, 22.4495391846, 16.1593551636, 19.9283084869], [38.281337738, -42.5697135925, 63.7648544312, 76.1753158569, 100.090820313, 123.229499817, 51.8357582092, 47.392124176, 54.0886726379, 49.1026535034, 25.9414863586, 19.4853458405, 15.5729846954], [-259.643127441, 64.1090393066, 45.6537742615, 64.1808929443, 50.4491157532, 51.8357582092, 89.1760787964, 51.6526412964, 34.7986717224, 32.8231201172, 26.5943584442, 28.6927986145, 21.91497612], [-70.1063690186, 17.8685722351, 41.6567687988, 45.2421340942, 45.349571228, 47.392124176, 51.6526412964, 73.4179382324, 47.1804237366, 42.3386077881, 35.3676757813, 34.6363945007, 24.7021884918], [-65.6110916138, 26.24908638, 26.01745224, 44.9144859314, 55.6096954346, 54.0886726379, 34.7986717224, 47.1804237366, 79.319190979, 56.1609115601, 37.1382904053, 28.2019805908, 20.0475597382], [-25.9751834869, 26.5045528412, 16.8581695557, 30.2163677216, 51.0571861267, 49.1026535034, 32.8231201172, 42.3386077881, 56.1609115601, 84.2172470093, 48.5677566528, 33.9256515503, 20.8715648651], [-77.6332397461, 10.4938631058, 17.163766861, 13.6458959579, 22.4495391846, 25.9414863586, 26.5943584442, 35.3676757813, 37.1382904053, 48.5677566528, 66.5559844971, 48.1187934875, 24.6194667816], [-86.4840545654, 18.6431789398, 6.14316558838, 18.9081630707, 16.1593551636, 19.4853458405, 28.6927986145, 34.6363945007, 28.2019805908, 33.9256515503, 48.1187934875, 76.1090927124, 43.1303329468], [-1.68689274788, 30.1530628204, -15.3363828659, 7.3226890564, 19.9283084869, 15.5729846954, 21.91497612, 24.7021884918, 20.0475597382, 20.8715648651, 24.6194667816, 43.1303329468, 60.4554367065]],
        "icov": [[0.000354127318133, 0.000180442511919, 0.000106049657916, 0.00057059363462, -0.000633586023469, -0.000368207576685, 0.00120523048099, -0.000627180794254, 0.00040758762043, -0.000199183094082, 0.00037848635111, 0.00015232648002, -0.000328452704707], [0.000180442511919, 0.00237910728902, 0.000299641978927, -0.000115377224574, -0.000807700154837, 0.00270760199055, -0.00217414624058, 0.000742800242733, -0.000958008458838, -0.00112232903484, 0.000858589657582, 0.000480017391965, -0.00102514016908], [0.000106049657916, 0.000299641978927, 0.00497540878132, -0.00262173521332, 0.00193834409583, -0.00234681437723, 0.000111143948743, -0.00204629544169, 0.000751794781536, 0.000661348749418, -0.00142733380198, 0.000674997398164, 0.00181671406608], [0.00057059363462, -0.000115377224574, -0.00262173521332, 0.00831880699843, -0.00372222834267, -0.000855588179547, -0.000260909961071, -0.000331878429279, -0.000878411810845, 0.000282389053609, 0.00298238173127, -0.00179884454701, 0.00034093708382], [-0.000633586023469, -0.000807700154837, 0.00193834409583, -0.00372222834267, 0.0155751667917, -0.00937142129987, -0.00218096072786, 0.000239489032538, -0.0018341653049, -0.00146938231774, -0.000277717364952, 0.00211881077848, -0.000982626341283], [-0.000368207576685, 0.00270760199055, -0.00234681437723, -0.000855588179547, -0.00937142129987, 0.02517513372, -0.00802749488503, 0.00109045766294, -0.00585070345551, -0.00379256554879, 0.00184888450895, 0.000415007787524, -0.000583382847253], [0.00120523048099, -0.00217414624058, 0.000111143948743, -0.000260909961071, -0.00218096072786, -0.00802749488503, 0.0295828692615, -0.0151292951778, 0.00530213909224, 0.000619956117589, -0.000292988610454, -0.000788730743807, -0.00186755496543], [-0.000627180794254, 0.000742800242733, -0.00204629544169, -0.000331878429279, 0.000239489032538, 0.00109045766294, -0.0151292951778, 0.0360834784806, -0.0111381281167, -0.00178768741898, -0.00289528584108, -0.00353957503103, -0.00247120368294], [0.00040758762043, -0.000958008458838, 0.000751794781536, -0.000878411810845, -0.0018341653049, -0.00585070345551, 0.00530213909224, -0.0111381281167, 0.0324381887913, -0.0115784015507, -0.0029920313973, 0.00143260555342, -0.00103601056617], [-0.000199183094082, -0.00112232903484, 0.000661348749418, 0.000282389053609, -0.00146938231774, -0.00379256554879, 0.000619956117589, -0.00178768741898, -0.0115784015507, 0.03157472983, -0.015408067964, 0.00115250633098, 0.00104594312143], [0.00037848635111, 0.000858589657582, -0.00142733380198, 0.00298238173127, -0.000277717364952, 0.00184888450895, -0.000292988610454, -0.00289528584108, -0.0029920313973, -0.015408067964, 0.0422605834901, -0.0198487117887, 0.00302577530965], [0.00015232648002, 0.000480017391965, 0.000674997398164, -0.00179884454701, 0.00211881077848, 0.000415007787524, -0.000788730743807, -0.00353957503103, 0.00143260555342, 0.00115250633098, -0.0198487117887, 0.0365028642118, -0.0177510976791], [-0.000328452704707, -0.00102514016908, 0.00181671406608, 0.00034093708382, -0.000982626341283, -0.000583382847253, -0.00186755496543, -0.00247120368294, -0.00103601056617, 0.00104594312143, 0.00302577530965, -0.0177510976791, 0.031038030982]]
    },
    "spectral_contrast_coeffs": {
        "mean": [-0.723669290543, -0.795675814152, -0.810899138451, -0.825937271118, -0.827972888947, -0.772988796234],
        "var": [0.00840768124908, 0.00249772891402, 0.00232650991529, 0.00130957399961, 0.000741142139304, 0.00074137118645]
    },
    "spectral_contrast_valleys": {
        "mean": [-7.0429110527, -7.04329061508, -7.78176212311, -8.27996635437, -8.24814033508, -10.4587774277],
        "var": [0.933705508709, 0.812001764774, 0.850892364979, 0.976414382458, 0.7929033041, 1.1539157629]
    }
},
"metadata": {
    "audio_properties": {
        "analysis_sample_rate": 44100,
        "bit_rate": 113909,
        "equal_loudness": 0,
        "length": 45.0612258911,
        "lossless": 0,
        "replay_gain": -9.25179100037,
        "sample_rate": 44100,
        "codec": "mp3",
        "downmix": "mix",
        "md5_encoded": "431a0809663aa72a0ff255c964121819"
    },
    "tags": {
        "file_name": "454.mp3"
    },
    "version": {
        "essentia": "2.1-beta2",
        "essentia_git_sha": "v2.1_beta2",
        "extractor": "music 1.0"
    }
},
"rhythm": {
    "beats_count": 74,
    "beats_loudness": {
        "mean": 0.174750104547,
        "var": 0.00577096501365
    },
    "bpm": 99.9794769287,
    "bpm_histogram_first_peak_bpm": {
        "mean": 99,
        "var": 0
    },
    "bpm_histogram_first_peak_spread": {
        "mean": 0.305555582047,
        "var": 0
    },
    "bpm_histogram_first_peak_weight": {
        "mean": 0.684931516647,
        "var": 0
    },
    "bpm_histogram_second_peak_bpm": {
        "mean": 94,
        "var": 0
    },
    "bpm_histogram_second_peak_spread": {
        "mean": 0,
        "var": 0
    },
    "bpm_histogram_second_peak_weight": {
        "mean": 0.0136986300349,
        "var": 0
    },
    "danceability": 2.00343036652,
    "onset_rate": 5.52332496643,
    "beats_loudness_band_ratio": {
        "mean": [0.911451816559, 0.0287300534546, 0.0122740734369, 0.0150426514447, 0.0204342678189, 0.0169857107103],
        "var": [0.0302219837904, 0.00391611969098, 0.000633438234217, 0.00208030687645, 0.0033620975446, 0.00131400313694]
    },
    "beats_position": [0.638548731804, 1.27709746361, 1.88081634045, 2.48453521729, 3.08825397491, 3.69197273254, 4.28408145905, 4.87619018555, 5.47990942001, 6.08362817764, 6.68734693527, 7.2910656929, 7.89478445053, 8.48689365387, 9.07900238037, 9.682721138, 10.2864398956, 10.8901586533, 11.4938774109, 12.0975961685, 12.689704895, 13.2818136215, 13.8855323792, 14.4892511368, 15.0929698944, 15.696688652, 16.2887973785, 16.8809070587, 17.4846248627, 18.088344574, 18.6920623779, 19.2957820892, 19.8878898621, 20.4799995422, 21.0837192535, 21.6874370575, 22.2911567688, 22.8948745728, 23.4985942841, 24.102312088, 24.6944217682, 25.286529541, 25.8902492523, 26.4939670563, 27.0976867676, 27.6897945404, 28.2819042206, 28.8856239319, 29.4893417358, 30.0930614471, 30.6967792511, 31.3004989624, 31.8926067352, 32.4847145081, 33.0884361267, 33.6921539307, 34.2958717346, 34.8879814148, 35.480091095, 36.0838088989, 36.6875267029, 37.2912483215, 37.8949661255, 38.4986839294, 39.0907936096, 39.6829032898, 40.2866210938, 40.8903388977, 41.4940567017, 42.0977783203, 42.6898841858, 43.281993866, 43.8857116699, 44.4894332886]
},
"tonal": {
    "chords_changes_rate": 0.0679012313485,
    "chords_number_rate": 0.0102880662307,
    "chords_strength": {
        "mean": 0.490518301725,
        "var": 0.00679708225653
    },
    "hpcp_entropy": {
        "mean": 2.23335981369,
        "var": 0.527687013149
    },
    "key_strength": 0.730880200863,
    "tuning_diatonic_strength": 0.473649382591,
    "tuning_equal_tempered_deviation": 0.173475056887,
    "tuning_frequency": 434.193115234,
    "tuning_nontempered_energy_ratio": 0.871474325657,
    "hpcp": {
        "mean": [0.137668564916, 0.166324049234, 0.114056423306, 0.0850875601172, 0.0791245028377, 0.0758821442723, 0.114998362958, 0.142356529832, 0.172101154923, 0.266228973866, 0.248744741082, 0.140566721559, 0.114884361625, 0.115147680044, 0.101690642536, 0.142169192433, 0.141402482986, 0.0755448192358, 0.0804230794311, 0.0887661352754, 0.067242436111, 0.0946406945586, 0.0990877002478, 0.258705824614, 0.436973333359, 0.238097056746, 0.0412290431559, 0.0419729873538, 0.0450232774019, 0.0514314807951, 0.0914186164737, 0.101500838995, 0.0798556059599, 0.098826482892, 0.0970873385668, 0.0797623693943],
        "var": [0.0534700341523, 0.0726907998323, 0.0422129370272, 0.0321768224239, 0.0350490547717, 0.0283906199038, 0.051964327693, 0.068796031177, 0.0754996314645, 0.12919190526, 0.107128709555, 0.0577941611409, 0.0536132194102, 0.0582472719252, 0.0455816499889, 0.0637282952666, 0.0696890428662, 0.0269066877663, 0.0305478684604, 0.0364304892719, 0.0161260720342, 0.0302708353847, 0.0311498045921, 0.0575035102665, 0.196671232581, 0.0506051853299, 0.00841809343547, 0.0115010272712, 0.0111687593162, 0.0103740468621, 0.029479527846, 0.0339486226439, 0.0281573608518, 0.0464078038931, 0.0439295209944, 0.0252498798072]
    },
    "chords_histogram": [18.8271598816, 19.2386837006, 7.09876537323, 1.23456788063, 12.9629631042, 0, 0, 0.205761313438, 0.720164597034, 0, 2.77777767181, 0, 1.74897122383, 0, 0, 0, 0, 4.42386817932, 23.2510280609, 6.79012346268, 0, 0, 0.720164597034, 0],
    "thpcp": [1, 0.544877767563, 0.0943513959646, 0.0960538908839, 0.103034384549, 0.117699354887, 0.209208682179, 0.232281535864, 0.182747095823, 0.226161360741, 0.222181379795, 0.182533726096, 0.315050274134, 0.380627453327, 0.261014610529, 0.194720253348, 0.181073978543, 0.173653945327, 0.263170212507, 0.325778543949, 0.393848180771, 0.609256803989, 0.569244682789, 0.321682602167, 0.262909322977, 0.263511925936, 0.232715904713, 0.325349807739, 0.323595225811, 0.172881990671, 0.184045732021, 0.203138560057, 0.153882235289, 0.21658231318, 0.226759150624, 0.592040300369],
    "chords_key": "G#",
    "chords_scale": "major",
    "key_key": "F",
    "key_scale": "major"
}
}