{
"lowlevel": {
    "average_loudness": 0.962004721165,
    "barkbands_crest": {
        "mean": 12.8082609177,
        "var": 35.978187561
    },
    "barkbands_flatness_db": {
        "mean": 0.132319539785,
        "var": 0.0024120346643
    },
    "barkbands_kurtosis": {
        "mean": 1.13100099564,
        "var": 27.5405006409
    },
    "barkbands_skewness": {
        "mean": 0.901256024837,
        "var": 1.67555093765
    },
    "barkbands_spread": {
        "mean": 42.0411872864,
        "var": 340.558349609
    },
    "dissonance": {
        "mean": 0.488853424788,
        "var": 9.30261667236e-005
    },
    "dynamic_complexity": 1.82326841354,
    "erbbands_crest": {
        "mean": 7.31621217728,
        "var": 7.33031606674
    },
    "erbbands_flatness_db": {
        "mean": 0.169165894389,
        "var": 0.00208110548556
    },
    "erbbands_kurtosis": {
        "mean": 1.46987104416,
        "var": 3.0300848484
    },
    "erbbands_skewness": {
        "mean": -0.689473092556,
        "var": 0.249438717961
    },
    "erbbands_spread": {
        "mean": 27.4069366455,
        "var": 112.953483582
    },
    "hfc": {
        "mean": 36.9018440247,
        "var": 859.750488281
    },
    "melbands_crest": {
        "mean": 18.8972358704,
        "var": 47.8939628601
    },
    "melbands_flatness_db": {
        "mean": 0.173375755548,
        "var": 0.00418386701494
    },
    "melbands_kurtosis": {
        "mean": 11.3493852615,
        "var": 371.973388672
    },
    "melbands_skewness": {
        "mean": 2.68435120583,
        "var": 4.15878343582
    },
    "melbands_spread": {
        "mean": 45.6512756348,
        "var": 729.529663086
    },
    "pitch_salience": {
        "mean": 0.406977951527,
        "var": 0.0220926702023
    },
    "silence_rate_20dB": {
        "mean": 1,
        "var": 0
    },
    "silence_rate_30dB": {
        "mean": 0.998970687389,
        "var": 0.00102828547824
    },
    "silence_rate_60dB": {
        "mean": 0.0746268630028,
        "var": 0.0690577551723
    },
    "spectral_centroid": {
        "mean": 2673.1550293,
        "var": 309713.5625
    },
    "spectral_complexity": {
        "mean": 27.907875061,
        "var": 102.38848877
    },
    "spectral_decrease": {
        "mean": -8.05277000637e-009,
        "var": 2.32831523186e-017
    },
    "spectral_energy": {
        "mean": 0.0337400883436,
        "var": 0.000354319548933
    },
    "spectral_energyband_high": {
        "mean": 0.00266780005768,
        "var": 9.79339256446e-006
    },
    "spectral_energyband_low": {
        "mean": 0.0209769438952,
        "var": 0.000339115882525
    },
    "spectral_energyband_middle_high": {
        "mean": 0.00863870885223,
        "var": 3.2827945688e-005
    },
    "spectral_energyband_middle_low": {
        "mean": 0.00175855820999,
        "var": 2.23914526032e-006
    },
    "spectral_entropy": {
        "mean": 7.85070753098,
        "var": 0.0820124074817
    },
    "spectral_flux": {
        "mean": 0.0952007248998,
        "var": 0.00162762589753
    },
    "spectral_kurtosis": {
        "mean": 3.3214635849,
        "var": 4.17848014832
    },
    "spectral_rms": {
        "mean": 0.00546182179824,
        "var": 3.08569133267e-006
    },
    "spectral_rolloff": {
        "mean": 2633.90551758,
        "var": 3366697
    },
    "spectral_skewness": {
        "mean": 1.03035092354,
        "var": 0.0612221248448
    },
    "spectral_spread": {
        "mean": 3895231.25,
        "var": 3.62198912205e+012
    },
    "spectral_strongpeak": {
        "mean": 0.578846633434,
        "var": 1.43462157249
    },
    "zerocrossingrate": {
        "mean": 0.0834501087666,
        "var": 0.0017478747759
    },
    "barkbands": {
        "mean": [0.000957975222263, 0.0183155797422, 0.00152735761367, 0.000302970671328, 0.00034118941403, 0.000249466247624, 0.00014894513879, 0.000204845855478, 0.00035937235225, 0.000411647080909, 0.000575817131903, 0.000576059392188, 0.0007084904355, 0.000797324348241, 0.00116198020987, 0.000889778661076, 0.00125000381377, 0.0010767520871, 0.000928208522964, 0.000670865701977, 0.000828288146295, 0.000590697280131, 0.000336498691468, 0.000285365793388, 0.000183985554031, 5.92262294958e-005, 1.42019121085e-006],
        "var": [8.14121563053e-007, 0.000304489571135, 4.26846418122e-006, 3.88703682574e-007, 1.43201745573e-007, 7.89048186789e-008, 2.32946675283e-008, 7.23739148611e-008, 2.12525037568e-007, 1.52204847836e-006, 9.09432458229e-007, 4.57966478962e-007, 7.24464484847e-007, 1.17415663681e-006, 1.23947518205e-006, 1.12050156531e-006, 2.37321955865e-006, 2.36414757637e-006, 8.4376591758e-007, 7.80245557053e-007, 8.64142521095e-007, 9.49694708652e-007, 3.50370868318e-007, 3.46979362575e-007, 3.13404598273e-007, 3.18781232522e-008, 5.78748299285e-011]
    },
    "erbbands": {
        "mean": [0.632937073708, 3.59347915649, 2.88450193405, 1.38599491119, 0.942121326923, 1.25770521164, 1.25284433365, 2.17588067055, 2.16143918037, 3.12843990326, 5.04164981842, 9.6901216507, 10.2352924347, 16.1222400665, 26.3787441254, 26.1522407532, 31.2930164337, 45.4169082642, 60.2572593689, 49.1036949158, 51.6818771362, 59.1174850464, 64.5542755127, 51.306438446, 44.8390922546, 34.4799690247, 36.026222229, 27.4248466492, 20.7651844025, 15.3230142593, 9.56343746185, 6.65910482407, 4.41837024689, 2.42761540413, 1.11663091183, 0.375355988741, 0.0862692371011, 0.00922306533903, 0.000246719748247, 5.44563699805e-005],
        "var": [0.443411022425, 12.8364105225, 9.02914237976, 5.40544939041, 1.84425508976, 1.96920990944, 3.49976825714, 7.06670045853, 4.68986749649, 16.0005531311, 40.3504943848, 143.840179443, 192.412017822, 4075.78637695, 1340.55664063, 914.903686523, 1115.26660156, 2940.04174805, 3460.87426758, 2322.65698242, 3131.49926758, 3790.60791016, 6081.98974609, 2848.14599609, 2682.98901367, 1847.60974121, 1611.00610352, 943.333435059, 1072.8470459, 937.685546875, 299.074493408, 180.939163208, 110.539527893, 45.0114326477, 13.6434326172, 1.2828899622, 0.0703470036387, 0.00125025992747, 7.40104042052e-007, 1.95453830898e-009]
    },
    "gfcc": {
        "mean": [15.7647857666, 67.9869537354, -151.904983521, 64.9199752808, -36.5455322266, 32.7028121948, -19.2964401245, 16.7137584686, -12.2711343765, 9.55707454681, -9.08012676239, 1.57659697533, -4.75396156311],
        "cov": [[6650.62646484, -1683.98156738, 1074.17541504, 620.532714844, -234.678344727, 1211.40844727, -212.294525146, 686.549072266, -152.204803467, 254.484634399, -122.131729126, 286.60067749, -179.454360962], [-1683.98156738, 1406.02563477, -754.882202148, -152.94317627, 75.7802581787, -591.194763184, 136.937957764, -345.915527344, 112.77671814, -170.207733154, 109.180839539, -197.658935547, 107.25087738], [1074.17541504, -754.882202148, 984.651428223, 195.51348877, 29.3000946045, 543.026977539, -35.881023407, 326.633300781, -33.2282752991, 106.966659546, -45.7357673645, 130.073226929, -107.241249084], [620.532714844, -152.94317627, 195.51348877, 320.152526855, 83.8783340454, 255.493713379, 47.3826599121, 110.476844788, 57.8994026184, 31.9061012268, 43.4459075928, 19.0034160614, 41.5168266296], [-234.678344727, 75.7802581787, 29.3000946045, 83.8783340454, 215.539840698, 80.6247406006, 104.541694641, 22.6615219116, 60.6184310913, 38.2724761963, 25.653678894, 14.206990242, 29.2104244232], [1211.40844727, -591.194763184, 543.026977539, 255.493713379, 80.6247406006, 570.789001465, 49.3605232239, 258.414245605, 16.8344707489, 102.021789551, 8.0696516037, 98.8635864258, -18.6960468292], [-212.294525146, 136.937957764, -35.881023407, 47.3826599121, 104.541694641, 49.3605232239, 161.140441895, 6.23284387589, 53.1777496338, 21.3439846039, 25.0936546326, -6.5963716507, 36.4627075195], [686.549072266, -345.915527344, 326.633300781, 110.476844788, 22.6615219116, 258.414245605, 6.23284387589, 197.230712891, 6.08475637436, 49.4952735901, -8.99145412445, 62.5765609741, -30.7623386383], [-152.204803467, 112.77671814, -33.2282752991, 57.8994026184, 60.6184310913, 16.8344707489, 53.1777496338, 6.08475637436, 88.9080581665, 6.11856174469, 33.4333457947, -8.50996208191, 33.8029899597], [254.484634399, -170.207733154, 106.966659546, 31.9061012268, 38.2724761963, 102.021789551, 21.3439846039, 49.4952735901, 6.11856174469, 95.024055481, -6.02858066559, 28.9714012146, -11.5706739426], [-122.131729126, 109.180839539, -45.7357673645, 43.4459075928, 25.653678894, 8.0696516037, 25.0936546326, -8.99145412445, 33.4333457947, -6.02858066559, 85.73412323, -7.90262126923, 23.7874622345], [286.60067749, -197.658935547, 130.073226929, 19.0034160614, 14.206990242, 98.8635864258, -6.5963716507, 62.5765609741, -8.50996208191, 28.9714012146, -7.90262126923, 92.6276016235, -5.89416313171], [-179.454360962, 107.25087738, -107.241249084, 41.5168266296, 29.2104244232, -18.6960468292, 36.4627075195, -30.7623386383, 33.8029899597, -11.5706739426, 23.7874622345, -5.89416313171, 76.0530090332]],
        "icov": [[0.000591263058595, -0.000540032109711, 0.000799545610789, -0.00106016546488, 0.00109814235475, -0.00137842982076, 0.000858386280015, -0.00125199498143, 0.000889226968866, -0.00111170811579, 0.00105293362867, -0.0010813124245, 0.0012067775242], [-0.000540032109711, 0.00375970173627, -0.000864404079039, 0.00109544256702, -0.00193122320343, 0.00344155007042, -0.0030504334718, 0.00281745544635, -0.00276091857813, 0.00389803154394, -0.00315478444099, 0.00337099656463, -0.00113505055197], [0.000799545610789, -0.000864404079039, 0.00438609207049, -0.00174324354157, 0.00123755540699, -0.00381227978505, 0.00204508844763, -0.00390301900916, 0.00147802953143, -0.00156024645548, 0.00229906756431, -0.0023538263049, 0.0044744675979], [-0.00106016546488, 0.00109544256702, -0.00174324354157, 0.00877055060118, -0.003150499193, -0.000242350797635, -0.000365588522982, 0.00121040211525, -0.0033726724796, 0.00273380381986, -0.00347111443989, 0.00431269640103, -0.00614206958562], [0.00109814235475, -0.00193122320343, 0.00123755540699, -0.003150499193, 0.0103286812082, -0.00309400027618, -0.00181924970821, -0.00153480097651, -0.000511197373271, -0.00455446867272, 0.00259421113878, -0.0042142518796, 0.00269956467673], [-0.00137842982076, 0.00344155007042, -0.00381227978505, -0.000242350797635, -0.00309400027618, 0.0120850102976, -0.00519314827397, -0.000327526562614, -0.00155940570403, 0.00224540685304, -0.00482028815895, 0.0029241128359, -0.00406368821859], [0.000858386280015, -0.0030504334718, 0.00204508844763, -0.000365588522982, -0.00181924970821, -0.00519314827397, 0.0136510077864, -0.00340930651873, 4.80733469885e-005, -0.00445322319865, 0.00282901385799, -0.00127557152882, -0.00077377341222], [-0.00125199498143, 0.00281745544635, -0.00390301900916, 0.00121040211525, -0.00153480097651, -0.000327526562614, -0.00340930651873, 0.0201641712338, -0.00614726031199, 0.00405874010175, -0.00212813750841, -0.000100053708593, 0.00121550157201], [0.000889226968866, -0.00276091857813, 0.00147802953143, -0.0033726724796, -0.000511197373271, -0.00155940570403, 4.80733469885e-005, -0.00614726031199, 0.0217652264982, -0.00428053596988, -0.00118433707394, -0.00106923037674, -0.00281714927405], [-0.00111170811579, 0.00389803154394, -0.00156024645548, 0.00273380381986, -0.00455446867272, 0.00224540685304, -0.00445322319865, 0.00405874010175, -0.00428053596988, 0.0191263817251, -0.00270624971017, 0.00202962849289, 8.15107341623e-005], [0.00105293362867, -0.00315478444099, 0.00229906756431, -0.00347111443989, 0.00259421113878, -0.00482028815895, 0.00282901385799, -0.00212813750841, -0.00118433707394, -0.00270624971017, 0.0182233676314, -0.0037133586593, 0.00179873628076], [-0.0010813124245, 0.00337099656463, -0.0023538263049, 0.00431269640103, -0.0042142518796, 0.0029241128359, -0.00127557152882, -0.000100053708593, -0.00106923037674, 0.00202962849289, -0.0037133586593, 0.0197885129601, -0.00659102806821], [0.0012067775242, -0.00113505055197, 0.0044744675979, -0.00614206958562, 0.00269956467673, -0.00406368821859, -0.00077377341222, 0.00121550157201, -0.00281714927405, 8.15107341623e-005, 0.00179873628076, -0.00659102806821, 0.0262771174312]]
    },
    "melbands": {
        "mean": [0.00540152844042, 0.00271424720995, 0.00022389338119, 8.1116311776e-005, 4.49790277344e-005, 4.91487553518e-005, 3.3357860957e-005, 3.60573249054e-005, 4.29074098065e-005, 6.00737548666e-005, 4.89114681841e-005, 6.1464990722e-005, 7.75777589297e-005, 7.69548641983e-005, 4.61243689642e-005, 8.26156465337e-005, 8.69900250109e-005, 9.19057056308e-005, 7.1910348197e-005, 7.08164225216e-005, 5.90152048972e-005, 6.26665423624e-005, 5.99768391112e-005, 6.07745569141e-005, 3.87642758142e-005, 3.29326976498e-005, 2.53723464994e-005, 2.22925373237e-005, 2.02702212846e-005, 2.2860502213e-005, 1.35204190883e-005, 1.24509706438e-005, 1.01878122223e-005, 7.49625269236e-006, 5.55112683287e-006, 4.69936412628e-006, 3.7661038732e-006, 3.19083414979e-006, 2.55284021478e-006, 1.8697124915e-006],
        "var": [2.8153817766e-005, 6.31049169897e-006, 1.29139991145e-007, 9.00214569555e-009, 3.4908591573e-009, 3.30271610061e-009, 1.06076980533e-009, 2.25649787744e-009, 3.23337201458e-009, 5.30611421468e-009, 4.67837679707e-009, 6.933857577e-008, 1.36579600962e-008, 7.25091142684e-009, 2.39659114776e-009, 1.13736193796e-008, 1.48635326269e-008, 7.98202037799e-009, 4.74960337726e-009, 6.95452895272e-009, 5.89053072986e-009, 4.10439104925e-009, 1.09477520382e-008, 1.2334858468e-008, 1.7553659637e-009, 1.28139099331e-009, 1.25943955265e-009, 9.11135222825e-010, 4.94144114516e-010, 8.93477458686e-010, 2.47723452862e-010, 4.77609840566e-010, 3.98236860155e-010, 2.15717221863e-010, 1.0932275224e-010, 8.35268174071e-011, 6.24742688138e-011, 6.37954133964e-011, 4.41900613324e-011, 3.14704963478e-011]
    },
    "mfcc": {
        "mean": [-608.431640625, 81.2190551758, -32.4191398621, 37.1036643982, 11.9330654144, 24.2367229462, 11.5619411469, 13.2705793381, 11.6060972214, 9.86977767944, 7.63977909088, 7.75069141388, 1.56409132481],
        "cov": [[3696.93237305, -1367.46740723, 1118.69042969, -191.903244019, 341.12878418, 320.651428223, 234.840927124, 418.780853271, 70.7282485962, 260.172210693, 64.4627532959, 56.9806289673, 68.3627624512], [-1367.46740723, 1087.13037109, -603.642578125, 155.079208374, -205.388458252, -170.688323975, -119.696792603, -197.963821411, -47.2203712463, -122.566299438, -13.7108106613, -36.2863883972, -43.5838317871], [1118.69042969, -603.642578125, 818.440917969, -112.154678345, 223.066040039, 127.948936462, 131.71182251, 231.431289673, 32.6766624451, 118.507904053, 61.5117263794, 22.7490386963, 47.7153091431], [-191.903244019, 155.079208374, -112.154678345, 183.218643188, 12.2318820953, 39.0609703064, 1.20074307919, -9.87117862701, 29.6509418488, 6.62714147568, 10.6057472229, 16.6322803497, -5.99272298813], [341.12878418, -205.388458252, 223.066040039, 12.2318820953, 190.263046265, 107.905921936, 68.9042892456, 110.843200684, 33.567741394, 65.4010772705, 34.38489151, 39.6836090088, 16.537946701], [320.651428223, -170.688323975, 127.948936462, 39.0609703064, 107.905921936, 232.207366943, 110.398239136, 102.033439636, 87.0480804443, 79.3650131226, 31.9654426575, 73.0190353394, 12.5687713623], [234.840927124, -119.696792603, 131.71182251, 1.20074307919, 68.9042892456, 110.398239136, 128.751174927, 89.5999298096, 38.2841148376, 63.9133491516, 27.5186042786, 33.8557701111, 17.5743350983], [418.780853271, -197.963821411, 231.431289673, -9.87117862701, 110.843200684, 102.033439636, 89.5999298096, 181.115097046, 53.4603805542, 58.2645645142, 35.9141159058, 35.2205924988, 16.9250392914], [70.7282485962, -47.2203712463, 32.6766624451, 29.6509418488, 33.567741394, 87.0480804443, 38.2841148376, 53.4603805542, 103.002990723, 35.1158370972, 8.64924430847, 36.5920829773, 2.99016451836], [260.172210693, -122.566299438, 118.507904053, 6.62714147568, 65.4010772705, 79.3650131226, 63.9133491516, 58.2645645142, 35.1158370972, 117.058563232, 26.3775959015, 18.1666259766, 18.107635498], [64.4627532959, -13.7108106613, 61.5117263794, 10.6057472229, 34.38489151, 31.9654426575, 27.5186042786, 35.9141159058, 8.64924430847, 26.3775959015, 70.0907211304, 19.4531879425, 4.17935419083], [56.9806289673, -36.2863883972, 22.7490386963, 16.6322803497, 39.6836090088, 73.0190353394, 33.8557701111, 35.2205924988, 36.5920829773, 18.1666259766, 19.4531879425, 74.8241043091, 11.2642297745], [68.3627624512, -43.5838317871, 47.7153091431, -5.99272298813, 16.537946701, 12.5687713623, 17.5743350983, 16.9250392914, 2.99016451836, 18.107635498, 4.17935419083, 11.2642297745, 59.8738288879]],
        "icov": [[0.000644997518975, 0.000491889135446, -0.000396732182708, -3.01655654766e-005, 0.000362662482075, -0.000400856515625, 0.000326927925926, -0.00063880631933, 0.000488240038976, -0.000517577398568, 0.000173199616256, 5.10300087626e-005, 0.000113812660857], [0.000491889135446, 0.00229001184925, 0.000666368054226, -0.00120589439757, 0.000799490895588, 0.000653151771985, -0.000239271306782, -0.000253295496805, 0.000268691801466, 0.000167912148754, -0.000988248270005, 1.62530577654e-005, 0.000239204673562], [-0.000396732182708, 0.000666368054226, 0.00343476119451, 0.000973697984591, -0.00186334666796, 0.000674056413118, -0.000598772778176, -0.00150198931806, -1.37800398079e-005, -4.5190408855e-005, -0.00130737246946, 0.00115705060307, -0.000840311986394], [-3.01655654766e-005, -0.00120589439757, 0.000973697984591, 0.00778572633862, -0.00198397017084, -0.00167220656294, 0.000829493801575, 0.00030736104236, -0.001499837148, -0.000433007866377, -0.000811127189081, 0.000644654443022, -0.000130198066472], [0.000362662482075, 0.000799490895588, -0.00186334666796, -0.00198397017084, 0.0116000296548, -0.00251050596125, 0.00139266659971, -0.00367409479804, 0.00250056502409, -0.00205696932971, -0.000409003114328, -0.0021518219728, 0.000337594829034], [-0.000400856515625, 0.000653151771985, 0.000674056413118, -0.00167220656294, -0.00251050596125, 0.0131194563583, -0.00644678808749, 0.000876925594639, -0.00510883517563, -0.00126427493524, 6.3300904003e-005, -0.00561567675322, 0.00150193856098], [0.000326927925926, -0.000239271306782, -0.000598772778176, 0.000829493801575, 0.00139266659971, -0.00644678808749, 0.0177609305829, -0.00526832230389, 0.0023101454135, -0.00421901512891, -0.000541242770851, -0.000106378654891, -0.0015242237132], [-0.00063880631933, -0.000253295496805, -0.00150198931806, 0.00030736104236, -0.00367409479804, 0.000876925594639, -0.00526832230389, 0.0142582627013, -0.00468007847667, 0.00178848963697, -0.00209732423536, -7.91984639363e-005, -2.65064154519e-005], [0.000488240038976, 0.000268691801466, -1.37800398079e-005, -0.001499837148, 0.00250056502409, -0.00510883517563, 0.0023101454135, -0.00468007847667, 0.0169634893537, -0.00279682222754, 0.0022938628681, -0.003452623263, 0.00101372983772], [-0.000517577398568, 0.000167912148754, -4.5190408855e-005, -0.000433007866377, -0.00205696932971, -0.00126427493524, -0.00421901512891, 0.00178848963697, -0.00279682222754, 0.0147829661146, -0.00293483422138, 0.00287967245094, -0.00239580404013], [0.000173199616256, -0.000988248270005, -0.00130737246946, -0.000811127189081, -0.000409003114328, 6.3300904003e-005, -0.000541242770851, -0.00209732423536, 0.0022938628681, -0.00293483422138, 0.0185188744217, -0.00404092529789, 0.0011355773313], [5.10300087626e-005, 1.62530577654e-005, 0.00115705060307, 0.000644654443022, -0.0021518219728, -0.00561567675322, -0.000106378654891, -7.91984639363e-005, -0.003452623263, 0.00287967245094, -0.00404092529789, 0.0221360735595, -0.00365810282528], [0.000113812660857, 0.000239204673562, -0.000840311986394, -0.000130198066472, 0.000337594829034, 0.00150193856098, -0.0015242237132, -2.65064154519e-005, 0.00101372983772, -0.00239580404013, 0.0011355773313, -0.00365810282528, 0.0187318306416]]
    },
    "spectral_contrast_coeffs": {
        "mean": [-0.710758626461, -0.793455243111, -0.781435310841, -0.743899941444, -0.74975168705, -0.688009023666],
        "var": [0.00330868922174, 0.00205065053888, 0.00215891725384, 0.0022778394632, 0.00153374846559, 0.00240643462166]
    },
    "spectral_contrast_valleys": {
        "mean": [-7.34944486618, -7.2784204483, -7.20542192459, -7.23757123947, -6.90815114975, -10.0349082947],
        "var": [1.46761918068, 0.958883881569, 0.996850848198, 0.911568939686, 0.996425509453, 2.25086855888]
    }
},
"metadata": {
    "audio_properties": {
        "analysis_sample_rate": 44100,
        "bit_rate": 112837,
        "equal_loudness": 0,
        "length": 45.0873451233,
        "lossless": 0,
        "replay_gain": -13.6506767273,
        "sample_rate": 44100,
        "codec": "mp3",
        "downmix": "mix",
        "md5_encoded": "3b70aa4988b2afaa40f6001b6fdd80b0"
    },
    "tags": {
        "file_name": "455.mp3"
    },
    "version": {
        "essentia": "2.1-beta2",
        "essentia_git_sha": "v2.1_beta2",
        "extractor": "music 1.0"
    }
},
"rhythm": {
    "beats_count": 89,
    "beats_loudness": {
        "mean": 0.0342586264014,
        "var": 0.000396208663005
    },
    "bpm": 120.049255371,
    "bpm_histogram_first_peak_bpm": {
        "mean": 120,
        "var": 0
    },
    "bpm_histogram_first_peak_spread": {
        "mean": 0.379310339689,
        "var": 0
    },
    "bpm_histogram_first_peak_weight": {
        "mean": 0.613636374474,
        "var": 0
    },
    "bpm_histogram_second_peak_bpm": {
        "mean": 115,
        "var": 0
    },
    "bpm_histogram_second_peak_spread": {
        "mean": 0,
        "var": 0
    },
    "bpm_histogram_second_peak_weight": {
        "mean": 0.0113636367023,
        "var": 0
    },
    "danceability": 1.06679475307,
    "onset_rate": 4.63365697861,
    "beats_loudness_band_ratio": {
        "mean": [0.554196596146, 0.0331498607993, 0.0434763766825, 0.0873833745718, 0.149055525661, 0.148491919041],
        "var": [0.0641110315919, 0.00295028090477, 0.00492398021743, 0.00390736060217, 0.0118216061965, 0.0151417832822]
    },
    "beats_position": [0.46439909935, 0.952018141747, 1.43963718414, 1.95047616959, 2.43809509277, 2.93732428551, 3.43655323982, 3.94739222527, 4.446621418, 4.94585037231, 5.44507932663, 5.94430828094, 6.44353723526, 6.94276618958, 7.44199514389, 7.94122457504, 8.42884349823, 8.93968200684, 9.45052146912, 9.96135997772, 10.4489793777, 10.95981884, 11.4474372864, 11.9466667175, 12.445895195, 12.9567346573, 13.4559631348, 13.9551925659, 14.4544210434, 14.9536504745, 15.4412698746, 15.9404983521, 16.4397277832, 16.9389572144, 17.4381847382, 17.9490242004, 18.4366436005, 18.9358730316, 19.4351024628, 19.9343299866, 20.4335594177, 20.94439888, 21.4436283112, 21.942855835, 22.4420852661, 22.9529247284, 23.4521541595, 23.9513835907, 24.4506111145, 24.9498405457, 25.4490699768, 25.9599094391, 26.4475269318, 26.958366394, 27.4459857941, 27.9452152252, 28.4444446564, 28.9436721802, 29.4429016113, 29.9421310425, 30.4413604736, 30.9405899048, 31.4398174286, 31.9390468597, 32.4382743835, 32.9491157532, 33.4483451843, 33.9475746155, 34.4351921082, 34.9344215393, 35.4336509705, 35.9444885254, 36.4437179565, 36.9545555115, 37.4537849426, 37.9530143738, 38.4522438049, 38.9514732361, 39.4507026672, 39.9383201599, 40.4259414673, 40.91355896, 41.4127883911, 41.923625946, 42.4344673157, 42.9336967468, 43.4445343018, 43.9553718567, 44.4778213501]
},
"tonal": {
    "chords_changes_rate": 0.0864197537303,
    "chords_number_rate": 0.0102880662307,
    "chords_strength": {
        "mean": 0.503046929836,
        "var": 0.00714299082756
    },
    "hpcp_entropy": {
        "mean": 2.28036189079,
        "var": 0.365033745766
    },
    "key_strength": 0.656991481781,
    "tuning_diatonic_strength": 0.548541545868,
    "tuning_equal_tempered_deviation": 0.275941967964,
    "tuning_frequency": 434.193115234,
    "tuning_nontempered_energy_ratio": 0.950918018818,
    "hpcp": {
        "mean": [0.136665254831, 0.183904007077, 0.137328892946, 0.0931951999664, 0.076656639576, 0.0584490522742, 0.0755133628845, 0.0903984308243, 0.0952174216509, 0.192912265658, 0.242687746882, 0.138053819537, 0.0646452829242, 0.0592752210796, 0.0718499720097, 0.145520836115, 0.204687952995, 0.191425859928, 0.23700517416, 0.200750559568, 0.080090045929, 0.0771834626794, 0.0933485552669, 0.133778005838, 0.211416378617, 0.167572379112, 0.0667501986027, 0.0448803864419, 0.0461842156947, 0.0620130598545, 0.186137676239, 0.254350990057, 0.163327515125, 0.110246516764, 0.107914738357, 0.0935171023011],
        "var": [0.0442230291665, 0.0668228641152, 0.0490322336555, 0.0360244289041, 0.0241526216269, 0.0198111981153, 0.0252273827791, 0.0313018225133, 0.0282674171031, 0.0836834087968, 0.100973553956, 0.0452785380185, 0.021916301921, 0.0209459662437, 0.0222316663712, 0.0431607328355, 0.0825968980789, 0.0587813295424, 0.12802118063, 0.116123780608, 0.0279452446848, 0.0231342557818, 0.0317575037479, 0.0312413387001, 0.0780869871378, 0.040275387466, 0.00897862575948, 0.00615898054093, 0.00918355677277, 0.0138661107048, 0.0724191069603, 0.111826173961, 0.0575485415757, 0.0487769693136, 0.056838709861, 0.0452935397625]
    },
    "chords_histogram": [10.3909463882, 0.925925910473, 7.92181062698, 4.93827152252, 5.55555534363, 23.0452671051, 18.41563797, 6.37860059738, 0, 15.6378602982, 0, 0, 0, 0, 0, 0, 0, 0, 0, 0, 0, 0, 5.55555534363, 1.23456788063],
    "thpcp": [1, 0.64213436842, 0.433442443609, 0.424274891615, 0.36766949296, 0.537309706211, 0.723032414913, 0.539918839931, 0.366403907537, 0.301381319761, 0.229796826839, 0.296886444092, 0.355408221483, 0.374354422092, 0.758449018002, 0.954145073891, 0.542768955231, 0.254157781601, 0.233044981956, 0.282483547926, 0.572126090527, 0.804746031761, 0.752605140209, 0.931803643703, 0.789265871048, 0.314880013466, 0.303452581167, 0.367006838322, 0.525958240032, 0.831199347973, 0.658823370934, 0.262433409691, 0.176450610161, 0.18157671392, 0.243808999658, 0.731814265251],
    "chords_key": "F",
    "chords_scale": "major",
    "key_key": "C",
    "key_scale": "minor"
}
}