{
"lowlevel": {
    "average_loudness": 0.979870796204,
    "barkbands_crest": {
        "mean": 14.9868402481,
        "var": 39.841884613
    },
    "barkbands_flatness_db": {
        "mean": 0.194271117449,
        "var": 0.00716490484774
    },
    "barkbands_kurtosis": {
        "mean": 29.7779521942,
        "var": 2256.92431641
    },
    "barkbands_skewness": {
        "mean": 3.77229619026,
        "var": 11.3376665115
    },
    "barkbands_spread": {
        "mean": 31.5686817169,
        "var": 986.42401123
    },
    "dissonance": {
        "mean": 0.472117871046,
        "var": 0.000854913145304
    },
    "dynamic_complexity": 4.53951787949,
    "erbbands_crest": {
        "mean": 7.67963552475,
        "var": 13.4680595398
    },
    "erbbands_flatness_db": {
        "mean": 0.110781811178,
        "var": 0.00156240945216
    },
    "erbbands_kurtosis": {
        "mean": 1.64137804508,
        "var": 31.914680481
    },
    "erbbands_skewness": {
        "mean": 0.11797747016,
        "var": 2.09055638313
    },
    "erbbands_spread": {
        "mean": 81.0393218994,
        "var": 2144.75561523
    },
    "hfc": {
        "mean": 31.6022186279,
        "var": 3531.06884766
    },
    "melbands_crest": {
        "mean": 22.5412788391,
        "var": 68.4159393311
    },
    "melbands_flatness_db": {
        "mean": 0.2745629251,
        "var": 0.0131048662588
    },
    "melbands_kurtosis": {
        "mean": 137.987991333,
        "var": 47648.9570313
    },
    "melbands_skewness": {
        "mean": 7.79618930817,
        "var": 38.9617271423
    },
    "melbands_spread": {
        "mean": 23.5025424957,
        "var": 1420.49633789
    },
    "pitch_salience": {
        "mean": 0.416639775038,
        "var": 0.0426180586219
    },
    "silence_rate_20dB": {
        "mean": 1,
        "var": 0
    },
    "silence_rate_30dB": {
        "mean": 0.928975820541,
        "var": 0.0659790039063
    },
    "silence_rate_60dB": {
        "mean": 0.0710241869092,
        "var": 0.0659789592028
    },
    "spectral_centroid": {
        "mean": 1615.0802002,
        "var": 1496109.875
    },
    "spectral_complexity": {
        "mean": 9.26814174652,
        "var": 163.942596436
    },
    "spectral_decrease": {
        "mean": -8.40140756964e-009,
        "var": 1.12981688193e-016
    },
    "spectral_energy": {
        "mean": 0.0345752760768,
        "var": 0.0018581621116
    },
    "spectral_energyband_high": {
        "mean": 0.00301822344773,
        "var": 3.62187020073e-005
    },
    "spectral_energyband_low": {
        "mean": 0.0232802927494,
        "var": 0.00131468381733
    },
    "spectral_energyband_middle_high": {
        "mean": 0.00184025405906,
        "var": 3.10322320729e-005
    },
    "spectral_energyband_middle_low": {
        "mean": 0.0068032424897,
        "var": 0.00018684360839
    },
    "spectral_entropy": {
        "mean": 7.89294481277,
        "var": 0.440077483654
    },
    "spectral_flux": {
        "mean": 0.102479144931,
        "var": 0.00561888795346
    },
    "spectral_kurtosis": {
        "mean": 1.8401529789,
        "var": 10.3380050659
    },
    "spectral_rms": {
        "mean": 0.00495116878301,
        "var": 9.21792343433e-006
    },
    "spectral_rolloff": {
        "mean": 2241.3269043,
        "var": 11901647
    },
    "spectral_skewness": {
        "mean": 1.16865229607,
        "var": 0.441511303186
    },
    "spectral_spread": {
        "mean": 8355176.5,
        "var": 9.98206183834e+012
    },
    "spectral_strongpeak": {
        "mean": 0.363933622837,
        "var": 0.40450450778
    },
    "zerocrossingrate": {
        "mean": 0.0797873660922,
        "var": 0.00466423807666
    },
    "barkbands": {
        "mean": [0.00164133275393, 0.0195792745799, 0.00172648718581, 0.00132886448409, 0.00375092984177, 0.00108160998207, 0.000158489332534, 0.000188942009117, 0.000230449557421, 0.000191370287212, 0.000139335985295, 0.000194732187083, 0.00015778359375, 0.000181555835297, 0.000171668783878, 0.000178632253665, 0.000125320497318, 0.000126327562612, 0.000233614540775, 0.000290181487799, 0.000379022269044, 0.000449512910563, 0.000615146127529, 0.000455890520243, 0.000713104440365, 0.000280240463326, 5.46595583728e-006],
        "var": [5.15387773703e-006, 0.00110490852967, 1.4331301827e-005, 1.73786193045e-005, 8.41127184685e-005, 2.92663844448e-006, 9.59801269573e-008, 4.39889362269e-007, 1.22905714761e-006, 7.50797539695e-007, 4.2294888658e-007, 7.15829401088e-007, 2.46811055149e-007, 2.69993137181e-007, 1.94590043634e-007, 1.90345645024e-007, 1.27541554207e-007, 1.42034139117e-007, 5.6926188563e-007, 1.03332627077e-006, 1.46898184994e-006, 9.81977564152e-007, 2.5339838885e-006, 7.70220708546e-007, 1.50388768816e-006, 2.48126411861e-007, 1.67817634789e-010]
    },
    "erbbands": {
        "mean": [0.68933069706, 3.84417510033, 2.88740372658, 3.63547277451, 8.07461547852, 13.9451532364, 11.5571899414, 7.08346605301, 2.97430205345, 2.37399482727, 4.92449235916, 5.17904424667, 5.61183738708, 5.71154069901, 6.8082690239, 7.8125834465, 7.12746429443, 9.20599460602, 8.638215065, 10.4618082047, 8.81002902985, 6.99443817139, 6.62444877625, 8.42529773712, 15.0698280334, 12.9775266647, 15.3668270111, 14.3460855484, 16.7497558594, 12.4540710449, 18.7492542267, 12.1068973541, 7.74579048157, 9.98731040955, 4.2355427742, 1.79697203636, 0.372402340174, 0.0468150265515, 0.00105623283889, 8.91846284503e-005],
        "var": [0.996954083443, 59.4443244934, 49.8586845398, 77.8324813843, 505.320922852, 1133.87194824, 283.830413818, 143.075210571, 22.3735198975, 61.5949440002, 311.993530273, 537.757385254, 614.219299316, 636.717468262, 976.623779297, 946.682556152, 514.846496582, 806.90612793, 556.022644043, 611.848327637, 502.925445557, 378.155914307, 393.111206055, 623.766479492, 2803.21875, 2066.42749023, 2256.65966797, 2081.22290039, 1326.90539551, 717.867370605, 2586.6328125, 716.89251709, 203.402557373, 301.472961426, 64.1968078613, 10.3686304092, 0.589846730232, 0.00467229727656, 2.40212489189e-006, 1.379786152e-008]
    },
    "gfcc": {
        "mean": [-44.5021858215, 46.4521484375, -53.1875457764, 54.2754249573, -52.620262146, 34.5136108398, -41.7598876953, 14.2231588364, -21.2614440918, 14.4398956299, -16.0038223267, 9.40465736389, -2.40552306175],
        "cov": [[10795.7900391, -1516.99951172, -874.929077148, 453.201690674, -622.086303711, 109.772758484, -418.693023682, -222.011520386, -714.517944336, -187.652130127, -430.259033203, -160.493896484, -333.076690674], [-1516.99951172, 2151.30566406, -30.4388160706, -246.835464478, -198.857299805, -503.316741943, -12.2246131897, -152.441177368, 184.15272522, -182.95602417, 71.4080810547, -59.6768035889, 160.191635132], [-874.929077148, -30.4388160706, 1710.79650879, 126.945075989, 183.167404175, 44.4819831848, -19.6905841827, 215.6355896, 10.3731765747, 21.2778511047, -18.7079429626, 3.31222605705, -61.7429046631], [453.201690674, -246.835464478, 126.945075989, 411.184173584, 140.432769775, 134.018417358, 62.7048187256, 30.4045352936, 34.0823402405, -18.6193122864, 32.7569656372, -4.81700372696, -44.1576461792], [-622.086303711, -198.857299805, 183.167404175, 140.432769775, 390.567626953, 200.016677856, 101.855186462, 76.7724304199, 56.9901504517, 71.8297195435, 26.0961151123, 20.0319347382, -10.5448074341], [109.772758484, -503.316741943, 44.4819831848, 134.018417358, 200.016677856, 305.330841064, 81.1173629761, 51.8764190674, 44.6405029297, 79.0675582886, 4.00150442123, 33.792881012, -20.6885528564], [-418.693023682, -12.2246131897, -19.6905841827, 62.7048187256, 101.855186462, 81.1173629761, 161.018081665, 76.4388961792, 69.4206542969, 28.8646888733, 58.2298622131, 10.2044944763, 6.80553388596], [-222.011520386, -152.441177368, 215.6355896, 30.4045352936, 76.7724304199, 51.8764190674, 76.4388961792, 165.157333374, 32.898891449, 55.1882781982, 49.1376876831, 13.704996109, -5.50291538239], [-714.517944336, 184.15272522, 10.3731765747, 34.0823402405, 56.9901504517, 44.6405029297, 69.4206542969, 32.898891449, 183.824356079, 49.730758667, 57.6980934143, 26.9381389618, 48.7886390686], [-187.652130127, -182.95602417, 21.2778511047, -18.6193122864, 71.8297195435, 79.0675582886, 28.8646888733, 55.1882781982, 49.730758667, 107.745513916, 26.4285087585, 37.7171936035, 8.25636577606], [-430.259033203, 71.4080810547, -18.7079429626, 32.7569656372, 26.0961151123, 4.00150442123, 58.2298622131, 49.1376876831, 57.6980934143, 26.4285087585, 101.199249268, 22.3772678375, 33.1224327087], [-160.493896484, -59.6768035889, 3.31222605705, -4.81700372696, 20.0319347382, 33.792881012, 10.2044944763, 13.704996109, 26.9381389618, 37.7171936035, 22.3772678375, 64.5970306396, 17.5505924225], [-333.076690674, 160.191635132, -61.7429046631, -44.1576461792, -10.5448074341, -20.6885528564, 6.80553388596, -5.50291538239, 48.7886390686, 8.25636577606, 33.1224327087, 17.5505924225, 77.999458313]],
        "icov": [[0.000262635410763, -0.000176392422873, 0.000219559893594, -0.000686751736794, 0.000669180706609, -0.00058980518952, 0.000452951382613, -0.000575883255806, 0.00100210588425, -0.000587976188399, 0.000870466174092, 0.000161291012773, 0.000152158274432], [-0.000176392422873, 0.0018600813346, -0.000441602518549, 0.00125874544028, -0.00124723638874, 0.00309169106185, -0.00127585569862, 0.00203016516753, -0.00307614426129, 0.00269575952552, -0.00124191481154, 0.000410226319218, -0.00123051588889], [0.000219559893594, -0.000441602518549, 0.00112336291932, -0.000843491929118, 0.000213764782529, -0.000754205451813, 0.00160353071988, -0.00250910106115, 0.000786007323768, -0.000118832955195, 0.00140002463013, -0.00032780849142, 0.000768322381191], [-0.000686751736794, 0.00125874544028, -0.000843491929118, 0.00620085932314, -0.00290256273001, 0.000924745749217, -0.00114511616994, 0.00240621902049, -0.00486167753115, 0.00592098245397, -0.00519788824022, -0.00015159031318, 0.0021032106597], [0.000669180706609, -0.00124723638874, 0.000213764782529, -0.00290256273001, 0.00674751307815, -0.00466518476605, -0.000291964854114, -0.00174455274828, 0.00400894554332, -0.00449667684734, 0.002805583179, 0.00100953376386, 7.21179021639e-005], [-0.00058980518952, 0.00309169106185, -0.000754205451813, 0.000924745749217, -0.00466518476605, 0.0125422310084, -0.00468851998448, 0.00413473555818, -0.0056650727056, 0.000774004787672, 0.000217493274249, -0.00141278852243, -0.001857774565], [0.000452951382613, -0.00127585569862, 0.00160353071988, -0.00114511616994, -0.000291964854114, -0.00468851998448, 0.0145280510187, -0.00736172078177, -0.000458384718513, 0.00197140406817, -0.00243103923276, 0.000636604614556, 0.00307267461903], [-0.000575883255806, 0.00203016516753, -0.00250910106115, 0.00240621902049, -0.00174455274828, 0.00413473555818, -0.00736172078177, 0.0160704217851, -0.0025410365779, -0.00260930112563, -0.00655719870701, 0.00184213544708, -0.000379974284442], [0.00100210588425, -0.00307614426129, 0.000786007323768, -0.00486167753115, 0.00400894554332, -0.0056650727056, -0.000458384718513, -0.0025410365779, 0.0165885072201, -0.00977709610015, 0.0029555761721, 0.000235982981394, -0.00328253931366], [-0.000587976188399, 0.00269575952552, -0.000118832955195, 0.00592098245397, -0.00449667684734, 0.000774004787672, 0.00197140406817, -0.00260930112563, -0.00977709610015, 0.0250372327864, -0.00511696515605, -0.00648085819557, 0.00154854147695], [0.000870466174092, -0.00124191481154, 0.00140002463013, -0.00519788824022, 0.002805583179, 0.000217493274249, -0.00243103923276, -0.00655719870701, 0.0029555761721, -0.00511696515605, 0.0223974045366, -0.00316562713124, -0.00548609811813], [0.000161291012773, 0.000410226319218, -0.00032780849142, -0.00015159031318, 0.00100953376386, -0.00141278852243, 0.000636604614556, 0.00184213544708, 0.000235982981394, -0.00648085819557, -0.00316562713124, 0.0219959840178, -0.00372950057499], [0.000152158274432, -0.00123051588889, 0.000768322381191, 0.0021032106597, 7.21179021639e-005, -0.001857774565, 0.00307267461903, -0.000379974284442, -0.00328253931366, 0.00154854147695, -0.00548609811813, -0.00372950057499, 0.022076651454]]
    },
    "melbands": {
        "mean": [0.00592933828011, 0.00279642664827, 0.000703353027347, 0.000875925354194, 0.000444333825726, 0.000167215213878, 4.08869418607e-005, 2.79061823676e-005, 4.29286883445e-005, 3.11143630825e-005, 2.77372510027e-005, 2.29398883675e-005, 2.13038238144e-005, 2.29826346185e-005, 1.68140886672e-005, 1.62550422829e-005, 1.72088857653e-005, 1.40584652399e-005, 1.32515160658e-005, 1.35907648655e-005, 9.65898652794e-006, 7.20099660612e-006, 6.51506570648e-006, 5.80869618716e-006, 6.40768848825e-006, 1.04916271084e-005, 1.15831635412e-005, 7.40382120057e-006, 9.25517542782e-006, 9.9900235e-006, 7.50419167161e-006, 9.19362810237e-006, 9.15888631425e-006, 5.99045461058e-006, 9.88955162029e-006, 1.17004974527e-005, 5.89469436818e-006, 5.13362647325e-006, 5.51271477889e-006, 9.46229829424e-006],
        "var": [8.3132974396e-005, 3.74815754185e-005, 2.91586729873e-006, 5.99968916504e-006, 4.38944937287e-007, 7.60698739555e-008, 4.53634863007e-009, 9.98658755691e-009, 2.6830122124e-008, 2.03752232864e-008, 1.53364023703e-008, 1.08417115285e-008, 1.02280433012e-008, 1.08853095426e-008, 2.94769253451e-009, 2.88657453495e-009, 2.76659117837e-009, 1.53856383189e-009, 1.08362918638e-009, 1.05604280876e-009, 6.93710811017e-010, 3.97050808898e-010, 4.96054475274e-010, 2.72818378999e-010, 3.6804623238e-010, 1.25635402082e-009, 1.97392080459e-009, 6.2161348291e-010, 7.49316331206e-010, 1.21659871066e-009, 5.48880163542e-010, 4.50432247057e-010, 3.58764046249e-010, 1.92535681842e-010, 7.57236662263e-010, 9.68594204842e-010, 1.31587060692e-010, 9.62640800406e-011, 9.19056289406e-011, 2.78978756763e-010]
    },
    "mfcc": {
        "mean": [-704.174743652, 81.1117706299, 54.9515609741, 29.8503036499, 24.0912952423, 20.2034339905, 4.86500883102, 2.93809866905, 7.71320724487, 3.34837627411, 2.24517703056, -0.47553473711, 3.54663109779],
        "cov": [[9756.70019531, -1860.04760742, -808.787963867, -94.5313796997, -467.492584229, 91.1388702393, -21.604352951, -142.487136841, -414.386077881, -142.648666382, -308.965148926, -289.394134521, -328.491760254], [-1860.04760742, 1924.93603516, 211.254745483, 88.184928894, -152.084579468, -304.331390381, -257.729034424, -97.5630950928, 10.7730569839, -93.9072341919, -42.997631073, -51.5233154297, -18.3032398224], [-808.787963867, 211.254745483, 1155.16162109, 208.778289795, 227.809463501, -115.370124817, 34.4783325195, 50.1582641602, 49.8133049011, 11.0955104828, 40.4861907959, 14.1815319061, -30.762172699], [-94.5313796997, 88.184928894, 208.778289795, 294.953338623, 95.4345855713, 0.217854201794, 35.1191711426, 77.1886978149, -12.1082258224, 17.9347343445, 21.1126594543, 23.4457149506, 1.32625436783], [-467.492584229, -152.084579468, 227.809463501, 95.4345855713, 325.937591553, 131.553833008, 120.032974243, 48.758644104, 91.5641021729, 25.7777900696, 62.7237663269, 40.6865730286, 38.7182884216], [91.1388702393, -304.331390381, -115.370124817, 0.217854201794, 131.553833008, 283.975189209, 50.2152938843, 65.6489257813, 47.6119728088, 33.4244728088, 49.9020004272, 5.17702150345, 49.9244384766], [-21.604352951, -257.729034424, 34.4783325195, 35.1191711426, 120.032974243, 50.2152938843, 215.071990967, 61.6029548645, 51.2680702209, 36.3970680237, 36.9113693237, 59.5732574463, 5.68497228622], [-142.487136841, -97.5630950928, 50.1582641602, 77.1886978149, 48.758644104, 65.6489257813, 61.6029548645, 122.438034058, 26.8716545105, 41.8545875549, 40.6730804443, 33.5498771667, 27.5970916748], [-414.386077881, 10.7730569839, 49.8133049011, -12.1082258224, 91.5641021729, 47.6119728088, 51.2680702209, 26.8716545105, 119.716896057, 37.8689689636, 52.620513916, 36.9211769104, 41.0267028809], [-142.648666382, -93.9072341919, 11.0955104828, 17.9347343445, 25.7777900696, 33.4244728088, 36.3970680237, 41.8545875549, 37.8689689636, 73.1772079468, 38.5687522888, 39.2989425659, 27.2901210785], [-308.965148926, -42.997631073, 40.4861907959, 21.1126594543, 62.7237663269, 49.9020004272, 36.9113693237, 40.6730804443, 52.620513916, 38.5687522888, 86.4311065674, 43.5787239075, 47.2959442139], [-289.394134521, -51.5233154297, 14.1815319061, 23.4457149506, 40.6865730286, 5.17702150345, 59.5732574463, 33.5498771667, 36.9211769104, 39.2989425659, 43.5787239075, 84.4917221069, 32.5424804688], [-328.491760254, -18.3032398224, -30.762172699, 1.32625436783, 38.7182884216, 49.9244384766, 5.68497228622, 27.5970916748, 41.0267028809, 27.2901210785, 47.2959442139, 32.5424804688, 75.7687301636]],
        "icov": [[0.000205506585189, 0.000240582201513, 7.30810861569e-005, -0.000249452365097, 0.000303952023387, -9.50779867708e-005, -2.91700616799e-005, 0.000199896865524, 2.98999184452e-005, 0.000135185648105, 5.60606786166e-005, 0.000390673376387, 0.000552157114726], [0.000240582201513, 0.00115786795504, 8.04293813417e-005, -0.000850471493322, 0.000555769016501, 0.000679064367432, 0.000948072585743, 0.00025762320729, -0.00125312176533, 0.00125076819677, -2.35973620875e-005, 0.000448826875072, 0.000523861788679], [7.30810861569e-005, 8.04293813417e-005, 0.00149285176303, -0.000467679172289, -0.00145109998994, 0.00134540977888, 0.000657038821373, -0.000757151981816, -0.000237888569245, -0.000221739363042, -0.000848908617627, 0.000713236164302, 0.00146429857705], [-0.000249452365097, -0.000850471493322, -0.000467679172289, 0.00610677571967, -0.00268541579135, 0.000744265096728, 0.000248824770097, -0.00401117093861, 0.0034363695886, -0.00127846456598, -0.000232505146414, -0.00109408563003, -4.47187012469e-005], [0.000303952023387, 0.000555769016501, -0.00145109998994, -0.00268541579135, 0.00873880647123, -0.00389166665263, -0.00309024122544, 0.00334236607887, -0.0037658768706, 0.00287587218918, -0.000150565421791, -2.97370625049e-005, -0.000866926100571], [-9.50779867708e-005, 0.000679064367432, 0.00134540977888, 0.000744265096728, -0.00389166665263, 0.00791388936341, 0.00141054566484, -0.00368007738143, -0.000336260825861, -0.000710616528522, -0.00177844148129, 0.00355577631854, -0.00168528803624], [-2.91700616799e-005, 0.000948072585743, 0.000657038821373, 0.000248824770097, -0.00309024122544, 0.00141054566484, 0.00970596820116, -0.00356266950257, -0.0022967197001, 0.000737339665648, -0.000116854018415, -0.00481945555657, 0.00470498111099], [0.000199896865524, 0.00025762320729, -0.000757151981816, -0.00401117093861, 0.00334236607887, -0.00368007738143, -0.00356266950257, 0.0160190295428, -0.000204318683245, -0.00352700008079, -0.00142001034692, 4.75601191283e-005, -0.00191179220565], [2.98999184452e-005, -0.00125312176533, -0.000237888569245, 0.0034363695886, -0.0037658768706, -0.000336260825861, -0.0022967197001, -0.000204318683245, 0.0175178926438, -0.0055659818463, -0.00373600563034, 1.01825253296e-005, -0.00309015274979], [0.000135185648105, 0.00125076819677, -0.000221739363042, -0.00127846456598, 0.00287587218918, -0.000710616528522, 0.000737339665648, -0.00352700008079, -0.0055659818463, 0.0248551480472, -0.00328911282122, -0.00620960025117, -0.000169757229742], [5.60606786166e-005, -2.35973620875e-005, -0.000848908617627, -0.000232505146414, -0.000150565421791, -0.00177844148129, -0.000116854018415, -0.00142001034692, -0.00373600563034, -0.00328911282122, 0.02516566962, -0.00531283579767, -0.00854782108217], [0.000390673376387, 0.000448826875072, 0.000713236164302, -0.00109408563003, -2.97370625049e-005, 0.00355577631854, -0.00481945555657, 4.75601191283e-005, 1.01825253296e-005, -0.00620960025117, -0.00531283579767, 0.0242579560727, -0.00474389083683], [0.000552157114726, 0.000523861788679, 0.00146429857705, -4.47187012469e-005, -0.000866926100571, -0.00168528803624, 0.00470498111099, -0.00191179220565, -0.00309015274979, -0.000169757229742, -0.00854782108217, -0.00474389083683, 0.0273180454969]]
    },
    "spectral_contrast_coeffs": {
        "mean": [-0.701464056969, -0.755565285683, -0.838573932648, -0.848614633083, -0.830384910107, -0.774196147919],
        "var": [0.00882388371974, 0.0050406800583, 0.00217210245319, 0.000844944792334, 0.000936806143727, 0.00247367052361]
    },
    "spectral_contrast_valleys": {
        "mean": [-7.16881608963, -7.71384906769, -8.35221576691, -8.37469577789, -8.28834056854, -9.89801597595],
        "var": [1.59390318394, 1.62689733505, 1.71656012535, 1.86664569378, 1.92956626415, 2.1284468174]
    }
},
"metadata": {
    "audio_properties": {
        "analysis_sample_rate": 44100,
        "bit_rate": 118279,
        "equal_loudness": 0,
        "length": 45.0873451233,
        "lossless": 0,
        "replay_gain": -7.63128852844,
        "sample_rate": 44100,
        "codec": "mp3",
        "downmix": "mix",
        "md5_encoded": "a3036ad7e6fd9c9a30a454201921550a"
    },
    "tags": {
        "file_name": "458.mp3"
    },
    "version": {
        "essentia": "2.1-beta2",
        "essentia_git_sha": "v2.1_beta2",
        "extractor": "music 1.0"
    }
},
"rhythm": {
    "beats_count": 67,
    "beats_loudness": {
        "mean": 0.0963410437107,
        "var": 0.00258687278256
    },
    "bpm": 90.0236663818,
    "bpm_histogram_first_peak_bpm": {
        "mean": 91,
        "var": 0
    },
    "bpm_histogram_first_peak_spread": {
        "mean": 0.460317462683,
        "var": 0
    },
    "bpm_histogram_first_peak_weight": {
        "mean": 0.515151500702,
        "var": 0
    },
    "bpm_histogram_second_peak_bpm": {
        "mean": 96,
        "var": 0
    },
    "bpm_histogram_second_peak_spread": {
        "mean": 0.666666686535,
        "var": 0
    },
    "bpm_histogram_second_peak_weight": {
        "mean": 0.0151515156031,
        "var": 0
    },
    "danceability": 1.61619436741,
    "onset_rate": 5.98606395721,
    "beats_loudness_band_ratio": {
        "mean": [0.557829797268, 0.206639319658, 0.0279114190489, 0.056088257581, 0.0519253350794, 0.157262504101],
        "var": [0.123109586537, 0.032452467829, 0.000761318311561, 0.00389899290167, 0.00317971012555, 0.0122633259743]
    },
    "beats_position": [0.603718817234, 1.20743763447, 1.82276642323, 2.4497051239, 3.11147379875, 3.78485250473, 4.446621418, 5.10838985443, 5.78176879883, 6.45514726639, 7.11691617966, 7.77868461609, 8.45206356049, 9.10222244263, 9.77560043335, 10.4489793777, 11.1223583221, 11.7725172043, 12.445895195, 13.1192741394, 13.7810430527, 14.4428119659, 15.1161899567, 15.7779588699, 16.4513378143, 17.1131057739, 17.7748756409, 18.4366436005, 19.1100215912, 19.7834014893, 20.4451694489, 21.1069393158, 21.7803173065, 22.4536952972, 23.1154651642, 23.7772331238, 24.4506111145, 25.1123809814, 25.774148941, 26.4475269318, 27.1092967987, 27.7710647583, 28.4444446564, 29.1178226471, 29.7795906067, 30.4413604736, 31.1147384644, 31.776506424, 32.4382743835, 33.111656189, 33.7734222412, 34.4351921082, 35.1085700989, 35.7819480896, 36.4437179565, 37.1054878235, 37.7788658142, 38.4522438049, 39.1140136719, 39.7757797241, 40.4491615295, 41.1109275818, 41.7726974487, 42.4460754395, 43.1194534302, 43.7696151733, 44.4429931641]
},
"tonal": {
    "chords_changes_rate": 0.0925925895572,
    "chords_number_rate": 0.0102880662307,
    "chords_strength": {
        "mean": 0.415755212307,
        "var": 0.00748585397378
    },
    "hpcp_entropy": {
        "mean": 2.78050303459,
        "var": 0.652620613575
    },
    "key_strength": 0.692547559738,
    "tuning_diatonic_strength": 0.401753783226,
    "tuning_equal_tempered_deviation": 0.191205114126,
    "tuning_frequency": 434.193115234,
    "tuning_nontempered_energy_ratio": 0.899661064148,
    "hpcp": {
        "mean": [0.162149757147, 0.133806884289, 0.0931019037962, 0.0957801640034, 0.111352853477, 0.0979841351509, 0.0938035547733, 0.121311143041, 0.181822478771, 0.270556598902, 0.247689068317, 0.138336092234, 0.0892922580242, 0.0646658465266, 0.0648296996951, 0.120500259101, 0.137850478292, 0.0930448770523, 0.0788584798574, 0.0772639587522, 0.0820381715894, 0.0919227674603, 0.0793394595385, 0.154780179262, 0.239294394851, 0.133786320686, 0.0280182417482, 0.0236756540835, 0.0251906123012, 0.0448327586055, 0.100014127791, 0.128790020943, 0.113789111376, 0.125121548772, 0.147380620241, 0.159656509757],
        "var": [0.0857222601771, 0.0632484257221, 0.0372336320579, 0.0415175482631, 0.0576153993607, 0.0464758351445, 0.0446500591934, 0.0547212399542, 0.0767960995436, 0.109661959112, 0.0987858846784, 0.0573955252767, 0.0434799268842, 0.0245369058102, 0.0208695344627, 0.0504596978426, 0.0662371739745, 0.0297249238938, 0.0306052193046, 0.0302692819387, 0.03178306669, 0.0310961659998, 0.0267162565142, 0.0467611029744, 0.141833946109, 0.0413259789348, 0.00598299503326, 0.00614436715841, 0.00644776411355, 0.0115931332111, 0.0334727615118, 0.0520078726113, 0.0556014068425, 0.0666166245937, 0.0840031430125, 0.0868585333228]
    },
    "chords_histogram": [4.73251008987, 18.1069965363, 9.97942352295, 0, 13.5802469254, 0, 0, 0, 0, 0, 0, 0.411522626877, 0, 0, 0, 0, 6.99588489532, 3.29218101501, 8.33333301544, 18.3127574921, 0, 13.9917697906, 0.720164597034, 1.54320991039],
    "thpcp": [1, 0.915479660034, 0.511301875114, 0.330031722784, 0.239010423422, 0.239616036415, 0.445379108191, 0.509507000446, 0.343901723623, 0.291467577219, 0.285574108362, 0.303220003843, 0.339754313231, 0.293245345354, 0.572080612183, 0.884452283382, 0.494485527277, 0.103557780385, 0.0875072106719, 0.0931066274643, 0.165705651045, 0.369660645723, 0.47601878643, 0.42057415843, 0.462459802628, 0.544731199741, 0.590103924274, 0.599319159985, 0.494561523199, 0.344112485647, 0.354011565447, 0.411569535732, 0.362157613039, 0.346705853939, 0.448376208544, 0.672031223774],
    "chords_key": "C",
    "chords_scale": "minor",
    "key_key": "F",
    "key_scale": "major"
}
}