{
"lowlevel": {
    "average_loudness": 0.921500563622,
    "barkbands_crest": {
        "mean": 11.1331453323,
        "var": 13.9806585312
    },
    "barkbands_flatness_db": {
        "mean": 0.20106524229,
        "var": 0.00504854414612
    },
    "barkbands_kurtosis": {
        "mean": 12.1730194092,
        "var": 341.936859131
    },
    "barkbands_skewness": {
        "mean": 2.27745461464,
        "var": 3.2010614872
    },
    "barkbands_spread": {
        "mean": 14.0668716431,
        "var": 191.931442261
    },
    "dissonance": {
        "mean": 0.442047446966,
        "var": 0.00177188788075
    },
    "dynamic_complexity": 4.19626235962,
    "erbbands_crest": {
        "mean": 12.3840990067,
        "var": 32.3255653381
    },
    "erbbands_flatness_db": {
        "mean": 0.209611311555,
        "var": 0.00584782194346
    },
    "erbbands_kurtosis": {
        "mean": 3.39887833595,
        "var": 82.1456604004
    },
    "erbbands_skewness": {
        "mean": 0.878610491753,
        "var": 2.5901055336
    },
    "erbbands_spread": {
        "mean": 33.3413963318,
        "var": 540.363525391
    },
    "hfc": {
        "mean": 12.3554725647,
        "var": 238.969406128
    },
    "melbands_crest": {
        "mean": 16.3649482727,
        "var": 40.837688446
    },
    "melbands_flatness_db": {
        "mean": 0.27559491992,
        "var": 0.00621037557721
    },
    "melbands_kurtosis": {
        "mean": 25.2590560913,
        "var": 1416.80529785
    },
    "melbands_skewness": {
        "mean": 3.12327289581,
        "var": 4.49185037613
    },
    "melbands_spread": {
        "mean": 15.1796627045,
        "var": 275.396881104
    },
    "pitch_salience": {
        "mean": 0.569932997227,
        "var": 0.0159433614463
    },
    "silence_rate_20dB": {
        "mean": 1,
        "var": 0
    },
    "silence_rate_30dB": {
        "mean": 0.993820786476,
        "var": 0.00614098040387
    },
    "silence_rate_60dB": {
        "mean": 0.138002052903,
        "var": 0.118956506252
    },
    "spectral_centroid": {
        "mean": 846.40222168,
        "var": 409448.34375
    },
    "spectral_complexity": {
        "mean": 10.3341913223,
        "var": 42.1000175476
    },
    "spectral_decrease": {
        "mean": -4.97165464353e-009,
        "var": 2.77072897746e-017
    },
    "spectral_energy": {
        "mean": 0.0198848359287,
        "var": 0.00043412836385
    },
    "spectral_energyband_high": {
        "mean": 0.000258220155956,
        "var": 8.0665557789e-007
    },
    "spectral_energyband_low": {
        "mean": 0.00390111282468,
        "var": 6.14924501861e-005
    },
    "spectral_energyband_middle_high": {
        "mean": 0.00302491476759,
        "var": 3.43001338479e-005
    },
    "spectral_energyband_middle_low": {
        "mean": 0.0132141420618,
        "var": 0.000293786462862
    },
    "spectral_entropy": {
        "mean": 6.99865245819,
        "var": 0.393868505955
    },
    "spectral_flux": {
        "mean": 0.071196436882,
        "var": 0.00220342539251
    },
    "spectral_kurtosis": {
        "mean": 11.6548156738,
        "var": 184.350219727
    },
    "spectral_rms": {
        "mean": 0.00386750814505,
        "var": 4.4422577048e-006
    },
    "spectral_rolloff": {
        "mean": 1043.30834961,
        "var": 2042984.75
    },
    "spectral_skewness": {
        "mean": 2.26994395256,
        "var": 1.03146338463
    },
    "spectral_spread": {
        "mean": 3945353,
        "var": 6.3509233664e+012
    },
    "spectral_strongpeak": {
        "mean": 1.01982522011,
        "var": 1.40636503696
    },
    "zerocrossingrate": {
        "mean": 0.0443978905678,
        "var": 0.00142799969763
    },
    "barkbands": {
        "mean": [0.000439140247181, 0.00176939065568, 0.001207415713, 0.000806348631158, 0.00485566677526, 0.00435048248619, 0.00125577847939, 0.000709545856807, 0.00112426443957, 0.000285217713099, 0.000198506924789, 0.000250125973253, 0.000265876675257, 0.000530083605554, 0.000385887891753, 0.000753614585847, 0.000283560424577, 8.92921307241e-005, 4.03081030527e-005, 4.63053656858e-005, 3.87739673897e-005, 3.97025760321e-005, 4.16640868934e-005, 4.5464199502e-005, 4.4198888645e-005, 2.49778859143e-005, 3.27537759404e-006],
        "var": [3.06812921735e-006, 2.45614628511e-005, 3.89787737731e-006, 1.54934411967e-006, 7.30816973373e-005, 5.40419168829e-005, 1.18132074931e-005, 6.88081854605e-006, 1.89297206816e-005, 8.64005301082e-007, 4.26998269631e-007, 6.99916313351e-007, 7.86064333624e-007, 3.13383316097e-006, 1.60885031164e-006, 3.77909350391e-006, 9.15240150334e-007, 4.61963516329e-008, 1.02601331875e-008, 8.30749868896e-008, 8.36332318954e-008, 2.27840466493e-008, 2.63490758101e-008, 2.16515019247e-008, 1.18737997212e-008, 4.15553946809e-009, 8.91101567535e-011]
    },
    "erbbands": {
        "mean": [0.0833590850234, 0.280053019524, 1.15699315071, 2.5121884346, 2.91836547852, 14.7601442337, 49.3394775391, 28.8149852753, 26.9259052277, 10.0241155624, 19.4681625366, 18.7908725739, 19.7413482666, 9.90163707733, 7.8245267868, 11.4734611511, 13.1686954498, 22.1211452484, 22.4472637177, 31.1492805481, 37.3043212891, 15.7707643509, 5.82423782349, 3.14288306236, 1.90017998219, 1.97085356712, 1.91637766361, 1.24563312531, 1.3694999218, 1.66989243031, 1.04440200329, 0.852175176144, 0.843402445316, 0.533792316914, 0.286245107651, 0.110082469881, 0.0428670011461, 0.0114701231942, 0.000351226568455, 3.0948609492e-005],
        "var": [0.0803332552314, 0.404732406139, 3.82669758797, 13.1414937973, 22.6774482727, 634.975891113, 10531.2382813, 3047.37158203, 4460.57714844, 545.85546875, 7247.62548828, 3571.76855469, 9792.90527344, 901.812316895, 648.72076416, 1509.54760742, 1925.09143066, 3827.00317383, 5552.70898438, 8088.67285156, 9595.95214844, 2122.22143555, 193.515060425, 50.8336868286, 32.2879295349, 139.263015747, 504.659942627, 16.5572910309, 28.2276973724, 33.4309921265, 20.6548042297, 9.04794502258, 7.12554264069, 1.99871051311, 0.48680588603, 0.0962969362736, 0.0126128382981, 0.000804673822131, 8.7345273414e-007, 1.15421361357e-009]
    },
    "gfcc": {
        "mean": [-82.4560470581, 122.803192139, -107.225524902, 23.7598819733, -51.553188324, -1.91554737091, -54.3758811951, -4.91288566589, -18.9801597595, -3.83478856087, -14.6705522537, 0.210997596383, -3.18495392799],
        "cov": [[8829.16601563, -2486.72338867, 344.76272583, -224.750823975, -571.780883789, 307.49697876, -200.66847229, 516.034423828, -237.200912476, 581.645996094, -323.511779785, 463.21697998, -302.963165283], [-2486.72338867, 2597.9519043, -1069.20825195, -494.469238281, 459.799133301, -382.992797852, 199.2237854, -283.370178223, 364.425933838, -496.411621094, 243.537200928, -290.76675415, 277.521514893], [344.76272583, -1069.20825195, 1757.66870117, 452.587280273, -394.078521729, 149.820678711, 57.587852478, 194.26020813, -399.614257813, 273.37512207, -31.5201797485, 210.108657837, -95.4444885254], [-224.750823975, -494.469238281, 452.587280273, 659.929016113, 12.0569982529, 117.096138, -49.1296768188, 22.3724193573, -111.515022278, 87.6200561523, 2.85540890694, 31.3339958191, -42.6402282715], [-571.780883789, 459.799133301, -394.078521729, 12.0569982529, 528.911132813, 32.1516036987, -55.1770858765, -78.2607574463, 173.193283081, -38.3997917175, 29.9891357422, -71.837600708, 30.9320411682], [307.49697876, -382.992797852, 149.820678711, 117.096138, 32.1516036987, 333.834350586, 60.8234672546, 82.6441497803, -19.8623428345, 105.31678009, -69.6488647461, 7.06048536301, -48.6749572754], [-200.66847229, 199.2237854, 57.587852478, -49.1296768188, -55.1770858765, 60.8234672546, 321.691802979, 113.034225464, -15.8488950729, -42.1335372925, 10.5943422318, -5.11145591736, 24.3144836426], [516.034423828, -283.370178223, 194.26020813, 22.3724193573, -78.2607574463, 82.6441497803, 113.034225464, 230.893432617, -21.2220802307, 66.2062530518, -30.0768070221, 57.0020523071, -39.3760185242], [-237.200912476, 364.425933838, -399.614257813, -111.515022278, 173.193283081, -19.8623428345, -15.8488950729, -21.2220802307, 253.752380371, -38.5501899719, 18.9942321777, -61.355758667, 24.0584278107], [581.645996094, -496.411621094, 273.37512207, 87.6200561523, -38.3997917175, 105.31678009, -42.1335372925, 66.2062530518, -38.5501899719, 230.741256714, -20.1133174896, 60.809715271, -71.7575073242], [-323.511779785, 243.537200928, -31.5201797485, 2.85540890694, 29.9891357422, -69.6488647461, 10.5943422318, -30.0768070221, 18.9942321777, -20.1133174896, 134.225616455, 5.98024272919, 37.2470169067], [463.21697998, -290.76675415, 210.108657837, 31.3339958191, -71.837600708, 7.06048536301, -5.11145591736, 57.0020523071, -61.355758667, 60.809715271, 5.98024272919, 139.209945679, -10.3867063522], [-302.963165283, 277.521514893, -95.4444885254, -42.6402282715, 30.9320411682, -48.6749572754, 24.3144836426, -39.3760185242, 24.0584278107, -71.7575073242, 37.2470169067, -10.3867063522, 123.517044067]],
        "icov": [[0.000223774623009, 6.32369483355e-005, 0.000177260997589, 0.00012521338067, 0.000127618113765, -3.30208567902e-005, 0.0001823141356, -0.000346439977875, 0.000152436172357, -0.000320084043778, 0.000261703447904, -0.00049194181338, 5.97597863816e-005], [6.32369483355e-005, 0.00214539864101, -0.000216877495404, 0.000867515103891, -0.00108245573938, 0.00100941327401, -0.00144248642027, 0.000949482026044, -0.00113414635416, 0.00196018139832, -0.00203689397313, 0.00199783034623, -0.00113592506386], [0.000177260997589, -0.000216877495404, 0.00152695807628, -0.000584147812333, 0.000618638354354, -0.000111689470941, 0.000130032407469, -0.000770317448769, 0.00157811306417, -0.00145784649067, 0.00041406150558, -0.00125288590789, 4.56865273009e-005], [0.00012521338067, 0.000867515103891, -0.000584147812333, 0.00252778478898, -0.000817711290438, -0.000294271623716, 7.64638170949e-005, 0.000157550588483, 8.46368639031e-005, 0.000856266822666, -0.00128880608827, 0.00094688788522, -0.000147562590428], [0.000127618113765, -0.00108245573938, 0.000618638354354, -0.000817711290438, 0.00354306353256, -0.00126811896916, 0.00117554538883, -0.000238583728787, -0.00073829642497, -0.00126582325902, 0.000711027707439, -0.00117923435755, 0.000341227190802], [-3.30208567902e-005, 0.00100941327401, -0.000111689470941, -0.000294271623716, -0.00126811896916, 0.00527476752177, -0.00204585609026, 6.19161364739e-005, -0.000448821752798, -0.00104933080729, 0.00123196304776, 0.00160267588217, -0.000477094319649], [0.0001823141356, -0.00144248642027, 0.000130032407469, 7.64638170949e-005, 0.00117554538883, -0.00204585609026, 0.00609063077718, -0.00381714198738, 0.00138830044307, 9.24430150917e-006, 0.000296583661111, -0.000749768398236, -0.000118874493637], [-0.000346439977875, 0.000949482026044, -0.000770317448769, 0.000157550588483, -0.000238583728787, 6.19161364739e-005, -0.00381714198738, 0.0085827158764, -0.00233600544743, 0.000588806753512, -0.000216087995796, -0.000731842592359, 0.000848409021273], [0.000152436172357, -0.00113414635416, 0.00157811306417, 8.46368639031e-005, -0.00073829642497, -0.000448821752798, 0.00138830044307, -0.00233600544743, 0.00818884279579, -0.00226740236394, 0.000576985999942, -4.76282002637e-005, 7.0568479714e-005], [-0.000320084043778, 0.00196018139832, -0.00145784649067, 0.000856266822666, -0.00126582325902, -0.00104933080729, 9.24430150917e-006, 0.000588806753512, -0.00226740236394, 0.0104354154319, -0.00345336971804, 0.0010437524179, 0.00170242669992], [0.000261703447904, -0.00203689397313, 0.00041406150558, -0.00128880608827, 0.000711027707439, 0.00123196304776, 0.000296583661111, -0.000216087995796, 0.000576985999942, -0.00345336971804, 0.0121118016541, -0.00387522159144, -0.000823208596557], [-0.00049194181338, 0.00199783034623, -0.00125288590789, 0.00094688788522, -0.00117923435755, 0.00160267588217, -0.000749768398236, -0.000731842592359, -4.76282002637e-005, 0.0010437524179, -0.00387522159144, 0.013752264902, -0.00255481386557], [5.97597863816e-005, -0.00113592506386, 4.56865273009e-005, -0.000147562590428, 0.000341227190802, -0.000477094319649, -0.000118874493637, 0.000848409021273, 7.0568479714e-005, 0.00170242669992, -0.000823208596557, -0.00255481386557, 0.0118083069101]]
    },
    "melbands": {
        "mean": [0.000605600362178, 0.000523917842656, 0.000413249712437, 0.000475360895507, 0.00156319874804, 0.000684912200086, 0.000379220728064, 0.000105288389022, 0.000165932884556, 0.000133125737193, 9.69991888269e-005, 3.74970913981e-005, 2.54300975939e-005, 2.56281964539e-005, 3.12396477966e-005, 2.83905555989e-005, 4.37881244579e-005, 3.93262598664e-005, 3.10044633807e-005, 5.20503272128e-005, 4.07369625464e-005, 1.77440851985e-005, 7.37164282327e-006, 3.72900649381e-006, 2.44545549322e-006, 1.30012358568e-006, 1.62365302003e-006, 1.16728153898e-006, 1.37084214202e-006, 8.35733033e-007, 6.41065980744e-007, 7.58888461405e-007, 7.99816064045e-007, 9.62323724707e-007, 5.94797086251e-007, 5.3252614407e-007, 5.10791892339e-007, 6.08708262462e-007, 5.15525471201e-007, 4.38590461727e-007],
        "var": [3.65801452062e-006, 8.11041161342e-007, 3.29421197875e-007, 7.78255696332e-007, 9.90520766209e-006, 1.54315637246e-006, 8.23530001526e-007, 8.96014853424e-008, 6.71414227327e-007, 2.06717245987e-007, 2.38953646203e-007, 1.42491671795e-008, 6.71434774446e-009, 6.29852747736e-009, 1.1914135456e-008, 7.65556507076e-009, 1.66943365798e-008, 2.11625632573e-008, 9.7496721807e-009, 2.00273770901e-008, 1.2962468432e-008, 3.34773098132e-009, 3.89059534589e-010, 8.82856426854e-011, 3.35464780954e-011, 1.68934900791e-011, 2.33529567212e-011, 7.32089180944e-011, 3.70124098037e-010, 1.88124116979e-011, 3.60618956571e-012, 8.98746441852e-012, 9.88772345251e-012, 1.08635617863e-011, 7.85629027111e-012, 5.62719705902e-012, 2.87066247509e-012, 3.99419343086e-012, 2.23327064307e-012, 1.55619430103e-012]
    },
    "mfcc": {
        "mean": [-728.630187988, 154.070983887, 3.78296375275, 21.9797172546, 16.0669231415, 0.364360153675, -16.6355743408, -6.82924365997, -4.74726438522, -8.7201499939, -6.47499513626, -5.27927017212, -1.64558839798],
        "cov": [[6629.53857422, -1585.19458008, -86.9741821289, -364.318481445, -326.641723633, -104.196350098, -98.6208572388, 0.240600332618, 122.085739136, 98.3516082764, 183.82635498, 50.0304298401, 46.6255683899], [-1585.19458008, 2213.52075195, -974.543884277, -283.152893066, 35.4778862, -149.902648926, -153.612579346, 93.9214172363, 48.2366485596, -91.2706298828, -31.8963603973, 16.4344501495, -66.1348876953], [-86.9741821289, -974.543884277, 1687.42700195, 338.411743164, -221.613388062, -42.1329460144, 353.679412842, -44.4395103455, -99.3863601685, 25.8087692261, -74.4658508301, -35.796787262, 64.7838058472], [-364.318481445, -283.152893066, 338.411743164, 465.441436768, 100.926712036, 22.9064350128, 83.1876525879, -4.88144445419, -71.4885406494, 0.533896565437, -15.0413131714, -33.1701202393, 24.6013641357], [-326.641723633, 35.4778862, -221.613388062, 100.926712036, 462.692840576, 150.680328369, -102.651252747, -50.2246513367, -9.18815040588, 23.4807033539, 34.9896392822, -2.64969158173, -8.50818157196], [-104.196350098, -149.902648926, -42.1329460144, 22.9064350128, 150.680328369, 273.72833252, 28.8513126373, -22.7420425415, 33.4356994629, 53.4087257385, 29.1151065826, -1.03935563564, 8.25660610199], [-98.6208572388, -153.612579346, 353.679412842, 83.1876525879, -102.651252747, 28.8513126373, 318.411621094, 63.5313110352, 19.5607948303, 40.46326828, -28.0111351013, 2.30002903938, 34.8708648682], [0.240600332618, 93.9214172363, -44.4395103455, -4.88144445419, -50.2246513367, -22.7420425415, 63.5313110352, 192.046142578, 73.0478744507, 10.5242567062, 2.96900439262, 28.0974349976, 5.13083314896], [122.085739136, 48.2366485596, -99.3863601685, -71.4885406494, -9.18815040588, 33.4356994629, 19.5607948303, 73.0478744507, 171.038787842, 55.1658325195, 21.6049919128, 25.6246299744, -6.31735706329], [98.3516082764, -91.2706298828, 25.8087692261, 0.533896565437, 23.4807033539, 53.4087257385, 40.46326828, 10.5242567062, 55.1658325195, 132.865600586, 50.2629814148, 3.24496006966, 2.84233593941], [183.82635498, -31.8963603973, -74.4658508301, -15.0413131714, 34.9896392822, 29.1151065826, -28.0111351013, 2.96900439262, 21.6049919128, 50.2629814148, 131.471343994, 31.1183357239, 2.36294555664], [50.0304298401, 16.4344501495, -35.796787262, -33.1701202393, -2.64969158173, -1.03935563564, 2.30002903938, 28.0974349976, 25.6246299744, 3.24496006966, 31.1183357239, 102.809432983, 33.5071716309], [46.6255683899, -66.1348876953, 64.7838058472, 24.6013641357, -8.50818157196, 8.25660610199, 34.8708648682, 5.13083314896, -6.31735706329, 2.84233593941, 2.36294555664, 33.5071716309, 92.0829162598]],
        "icov": [[0.000248848402407, 0.000273487938102, 0.000133229739731, 0.000212676168303, 0.000118468298751, 0.000223617011216, 2.31343346968e-005, -1.3941987163e-005, -0.000113600886834, 8.31462421047e-006, -0.000266342627583, 0.00011294145952, -0.000139533920446], [0.000273487938102, 0.000993196852505, 0.000549331190996, 0.000412276684074, -7.55053542889e-006, 0.000680213968735, -0.000219567693421, -0.000192244973732, -9.55182840698e-005, 0.00024833259522, -8.27646581456e-005, 0.000119749209261, 5.47260788153e-005], [0.000133229739731, 0.000549331190996, 0.00132067070808, -0.000407091254601, 0.000436396454461, 0.000475741602713, -0.00100914866198, 0.000456729409052, 0.000207724748179, -0.000140025033033, 0.000218814544496, 1.9438459276e-005, -0.000133050984005], [0.000212676168303, 0.000412276684074, -0.000407091254601, 0.00341059919447, -0.0011338692857, 0.000484825315652, -0.00046414040844, -0.000810801866464, 0.000984156969935, 0.000124707032228, -0.000377896532882, 0.00108537857886, -0.000685252656695], [0.000118468298751, -7.55053542889e-006, 0.000436396454461, -0.0011338692857, 0.00361557863653, -0.00178047770169, 0.0011011485476, 0.000469843012979, 0.000142526361742, -0.000463292613858, -0.000155583067681, -0.0003686848504, 0.000143270459375], [0.000223617011216, 0.000680213968735, 0.000475741602713, 0.000484825315652, -0.00178047770169, 0.00569345289841, -0.0013459387701, 0.000832901569083, -0.00106691510882, -0.000766555545852, -0.000568895193283, 0.000556327227969, -0.000538023014087], [2.31343346968e-005, -0.000219567693421, -0.00100914866198, -0.00046414040844, 0.0011011485476, -0.0013459387701, 0.00552755501121, -0.00174526474439, 4.19438292738e-005, -0.00159747712314, 0.0011518385727, -7.2388080298e-005, -0.00106001982931], [-1.3941987163e-005, -0.000192244973732, 0.000456729409052, -0.000810801866464, 0.000469843012979, 0.000832901569083, -0.00174526474439, 0.00754293100908, -0.00317263300531, 0.000712375564035, -0.000154581095558, -0.00132341322023, 0.000219516179641], [-0.000113600886834, -9.55182840698e-005, 0.000207724748179, 0.000984156969935, 0.000142526361742, -0.00106691510882, 4.19438292738e-005, -0.00317263300531, 0.00937086716294, -0.00356705952436, 0.00080746691674, -0.00151764496695, 0.00113408733159], [8.31462421047e-006, 0.00024833259522, -0.000140025033033, 0.000124707032228, -0.000463292613858, -0.000766555545852, -0.00159747712314, 0.000712375564035, -0.00356705952436, 0.0116223460063, -0.00433278921992, 0.00169336330146, -0.000277943065157], [-0.000266342627583, -8.27646581456e-005, 0.000218814544496, -0.000377896532882, -0.000155583067681, -0.000568895193283, 0.0011518385727, -0.000154581095558, 0.00080746691674, -0.00433278921992, 0.010791326873, -0.00349247083068, 0.000814555154648], [0.00011294145952, 0.000119749209261, 1.9438459276e-005, 0.00108537857886, -0.0003686848504, 0.000556327227969, -7.2388080298e-005, -0.00132341322023, -0.00151764496695, 0.00169336330146, -0.00349247083068, 0.0134519767016, -0.00521930679679], [-0.000139533920446, 5.47260788153e-005, -0.000133050984005, -0.000685252656695, 0.000143270459375, -0.000538023014087, -0.00106001982931, 0.000219516179641, 0.00113408733159, -0.000277943065157, 0.000814555154648, -0.00521930679679, 0.0136617682874]]
    },
    "spectral_contrast_coeffs": {
        "mean": [-0.591210246086, -0.685506045818, -0.797776997089, -0.794237554073, -0.777668058872, -0.769136607647],
        "var": [0.00932261627167, 0.00768045522273, 0.00569061329588, 0.00506623694673, 0.00611904077232, 0.00186361558735]
    },
    "spectral_contrast_valleys": {
        "mean": [-7.83471155167, -7.1815123558, -8.02004432678, -8.17902565002, -8.71795558929, -11.5124759674],
        "var": [1.15840089321, 1.09925210476, 1.12739372253, 1.17450320721, 1.17289566994, 1.98095285892]
    }
},
"metadata": {
    "audio_properties": {
        "analysis_sample_rate": 44100,
        "bit_rate": 113322,
        "equal_loudness": 0,
        "length": 45.0612258911,
        "lossless": 0,
        "replay_gain": -10.6129684448,
        "sample_rate": 44100,
        "codec": "mp3",
        "downmix": "mix",
        "md5_encoded": "7786c592c3817e0128b989e54677c5a6"
    },
    "tags": {
        "file_name": "46.mp3"
    },
    "version": {
        "essentia": "2.1-beta2",
        "essentia_git_sha": "v2.1_beta2",
        "extractor": "music 1.0"
    }
},
"rhythm": {
    "beats_count": 67,
    "beats_loudness": {
        "mean": 0.0381608866155,
        "var": 0.000495477870572
    },
    "bpm": 90.0665893555,
    "bpm_histogram_first_peak_bpm": {
        "mean": 89,
        "var": 0
    },
    "bpm_histogram_first_peak_spread": {
        "mean": 0.461538463831,
        "var": 0
    },
    "bpm_histogram_first_peak_weight": {
        "mean": 0.424242436886,
        "var": 0
    },
    "bpm_histogram_second_peak_bpm": {
        "mean": 96,
        "var": 0
    },
    "bpm_histogram_second_peak_spread": {
        "mean": 0.428571432829,
        "var": 0
    },
    "bpm_histogram_second_peak_weight": {
        "mean": 0.121212124825,
        "var": 0
    },
    "danceability": 1.38637459278,
    "onset_rate": 4.34767723083,
    "beats_loudness_band_ratio": {
        "mean": [0.309547066689, 0.459686934948, 0.115096978843, 0.0407727323472, 0.0708992034197, 0.0403792671859],
        "var": [0.0670936107635, 0.0815134868026, 0.0152114862576, 0.00252720573917, 0.016964122653, 0.00309109082446]
    },
    "beats_position": [0.673378646374, 1.35836732388, 2.04335594177, 2.73995471001, 3.43655323982, 4.1099319458, 4.79492044449, 5.47990942001, 6.15328788757, 6.83827638626, 7.52326536179, 8.20825386047, 8.893242836, 9.58984088898, 10.2748298645, 10.9482088089, 11.6215867996, 12.294965744, 12.9683446884, 13.6533327103, 14.3267116547, 14.9884805679, 15.6502494812, 16.3236274719, 16.99700737, 17.6703853607, 18.3437633514, 19.0171432495, 19.6789112091, 20.3406791687, 20.9908390045, 21.640996933, 22.2795467377, 22.9297046661, 23.5798625946, 24.2300224304, 24.89179039, 25.553560257, 26.2153282166, 26.8887062073, 27.5620861053, 28.2354640961, 28.9088420868, 29.5590019226, 30.2323799133, 30.9173698425, 31.5791378021, 32.2176856995, 32.8678436279, 33.5180053711, 34.1681632996, 34.8067131042, 35.4336509705, 36.0838088989, 36.7339668274, 37.3725166321, 38.034286499, 38.672832489, 39.3113822937, 39.9615402222, 40.5884780884, 41.2154197693, 41.8423576355, 42.4692955017, 43.0962333679, 43.7231750488, 44.350112915]
},
"tonal": {
    "chords_changes_rate": 0.0853909477592,
    "chords_number_rate": 0.00925925932825,
    "chords_strength": {
        "mean": 0.514685332775,
        "var": 0.00517914956436
    },
    "hpcp_entropy": {
        "mean": 2.33162641525,
        "var": 0.589715898037
    },
    "key_strength": 0.674193561077,
    "tuning_diatonic_strength": 0.661500275135,
    "tuning_equal_tempered_deviation": 0.236143454909,
    "tuning_frequency": 434.193115234,
    "tuning_nontempered_energy_ratio": 0.916631340981,
    "hpcp": {
        "mean": [0.160858213902, 0.160503551364, 0.13222399354, 0.0934253633022, 0.0722392126918, 0.0851829126477, 0.110534466803, 0.10052831471, 0.0771123096347, 0.0876827761531, 0.0967391952872, 0.0944331437349, 0.129002466798, 0.29757681489, 0.485273629427, 0.388048022985, 0.179666951299, 0.110035672784, 0.0841924473643, 0.0715033188462, 0.08888271451, 0.111307904124, 0.101783320308, 0.122216805816, 0.153456449509, 0.0970830619335, 0.0638944879174, 0.135402396321, 0.149617284536, 0.0987957865, 0.128618583083, 0.142759874463, 0.104168877006, 0.0993721485138, 0.106596261263, 0.129003077745],
        "var": [0.0591231323779, 0.0556049160659, 0.0479277856648, 0.0325129441917, 0.0229751951993, 0.0296807605773, 0.0492667816579, 0.041189905256, 0.0249881371856, 0.0278469529003, 0.034578692168, 0.034481331706, 0.0421072356403, 0.0858283638954, 0.148639768362, 0.11517137289, 0.0550641827285, 0.0373340323567, 0.0316109173, 0.0228293128312, 0.0361578054726, 0.048990059644, 0.0477281399071, 0.0387568846345, 0.0817844569683, 0.029637625441, 0.0180507730693, 0.055836122483, 0.0654698312283, 0.0270177274942, 0.051140576601, 0.0600324943662, 0.0307186674327, 0.0377864204347, 0.0412385314703, 0.0460622794926]
    },
    "chords_histogram": [31.6872425079, 12.448559761, 6.27572011948, 0, 0, 0, 0, 16.7695465088, 0, 3.39506173134, 0, 0, 0, 0, 1.74897122383, 0.925925910473, 0.205761313438, 0.308641970158, 0, 0.205761313438, 0.205761313438, 8.23045253754, 9.97942352295, 7.61316871643],
    "thpcp": [1, 0.79964786768, 0.37023845315, 0.226749747992, 0.173494786024, 0.147346392274, 0.183159992099, 0.22937142849, 0.209744185209, 0.251851320267, 0.316226631403, 0.20005838573, 0.13166692853, 0.279022783041, 0.308315306902, 0.203587785363, 0.265043407679, 0.294184297323, 0.214660078287, 0.204775497317, 0.219662174582, 0.265835732222, 0.331479400396, 0.330748558044, 0.272473067045, 0.192520990968, 0.148862838745, 0.175535842776, 0.22777761519, 0.207157999277, 0.158904805779, 0.18068729341, 0.199349790812, 0.1945977211, 0.265834480524, 0.613214492798],
    "chords_key": "F#",
    "chords_scale": "minor",
    "key_key": "F#",
    "key_scale": "minor"
}
}