{
"lowlevel": {
    "average_loudness": 0.626596152782,
    "barkbands_crest": {
        "mean": 10.0367002487,
        "var": 8.68877792358
    },
    "barkbands_flatness_db": {
        "mean": 0.256611764431,
        "var": 0.0121469888836
    },
    "barkbands_kurtosis": {
        "mean": 2.31203198433,
        "var": 6.21586513519
    },
    "barkbands_skewness": {
        "mean": 1.23279881477,
        "var": 0.407569080591
    },
    "barkbands_spread": {
        "mean": 8.80906391144,
        "var": 25.6259689331
    },
    "dissonance": {
        "mean": 0.429673224688,
        "var": 0.00214364263229
    },
    "dynamic_complexity": 3.1034283638,
    "erbbands_crest": {
        "mean": 10.375451088,
        "var": 16.4159488678
    },
    "erbbands_flatness_db": {
        "mean": 0.281351864338,
        "var": 0.0110803758726
    },
    "erbbands_kurtosis": {
        "mean": 0.843000113964,
        "var": 2.96680784225
    },
    "erbbands_skewness": {
        "mean": 0.532517433167,
        "var": 0.321163833141
    },
    "erbbands_spread": {
        "mean": 17.3879680634,
        "var": 89.0812759399
    },
    "hfc": {
        "mean": 15.7878866196,
        "var": 131.52923584
    },
    "melbands_crest": {
        "mean": 13.8667945862,
        "var": 19.544172287
    },
    "melbands_flatness_db": {
        "mean": 0.322622001171,
        "var": 0.0138409873471
    },
    "melbands_kurtosis": {
        "mean": 3.69678997993,
        "var": 14.3777704239
    },
    "melbands_skewness": {
        "mean": 1.4436109066,
        "var": 0.569236338139
    },
    "melbands_spread": {
        "mean": 11.7019386292,
        "var": 52.68309021
    },
    "pitch_salience": {
        "mean": 0.582142949104,
        "var": 0.0076777623035
    },
    "silence_rate_20dB": {
        "mean": 1,
        "var": 0
    },
    "silence_rate_30dB": {
        "mean": 0.993309319019,
        "var": 0.00664597563446
    },
    "silence_rate_60dB": {
        "mean": 0.0905815735459,
        "var": 0.0823767483234
    },
    "spectral_centroid": {
        "mean": 663.406494141,
        "var": 208092.078125
    },
    "spectral_complexity": {
        "mean": 15.5877504349,
        "var": 33.8881378174
    },
    "spectral_decrease": {
        "mean": -8.4245268539e-009,
        "var": 4.77035489393e-017
    },
    "spectral_energy": {
        "mean": 0.0332281440496,
        "var": 0.000730513536837
    },
    "spectral_energyband_high": {
        "mean": 0.00014188165369,
        "var": 7.53196403025e-008
    },
    "spectral_energyband_low": {
        "mean": 0.00754012772813,
        "var": 0.000194004678633
    },
    "spectral_energyband_middle_high": {
        "mean": 0.00417873263359,
        "var": 1.21070488603e-005
    },
    "spectral_energyband_middle_low": {
        "mean": 0.021768193692,
        "var": 0.000203978910577
    },
    "spectral_entropy": {
        "mean": 6.62681388855,
        "var": 0.388300597668
    },
    "spectral_flux": {
        "mean": 0.0724475681782,
        "var": 0.00103046081495
    },
    "spectral_kurtosis": {
        "mean": 44.4008026123,
        "var": 3287.00268555
    },
    "spectral_rms": {
        "mean": 0.00518558267504,
        "var": 5.52742631044e-006
    },
    "spectral_rolloff": {
        "mean": 814.617553711,
        "var": 716758.3125
    },
    "spectral_skewness": {
        "mean": 3.94137358665,
        "var": 7.29554653168
    },
    "spectral_spread": {
        "mean": 2270305.5,
        "var": 4.29384269824e+012
    },
    "spectral_strongpeak": {
        "mean": 0.883820831776,
        "var": 0.544007599354
    },
    "zerocrossingrate": {
        "mean": 0.0312303975224,
        "var": 0.000546380237211
    },
    "barkbands": {
        "mean": [0.000992245855741, 0.00581493461505, 0.000652527960483, 0.000426386279287, 0.00737534882501, 0.00372480624355, 0.00255590188317, 0.00436687236652, 0.00267412909307, 0.00154331780504, 0.000438590883277, 0.000646391592454, 0.000489393481985, 0.000395875395043, 0.000528901757207, 0.000130151369376, 0.000178483533091, 5.10673999088e-005, 8.05712043075e-005, 4.10932443629e-005, 4.86673088744e-005, 2.69872653007e-005, 1.99346413865e-005, 9.82494839263e-006, 8.94518780115e-006, 6.45699810775e-006, 3.31868989178e-007],
        "var": [4.58587010144e-006, 0.000135846537887, 1.78783125193e-006, 6.08527045642e-007, 4.59975672129e-005, 1.57507347467e-005, 9.25810218178e-006, 2.34167691815e-005, 2.6342635465e-005, 3.89788556276e-006, 2.44952758521e-007, 7.79454978783e-007, 8.63480011049e-007, 4.58288099026e-007, 4.54484904822e-007, 7.67849144268e-008, 5.37612905305e-008, 5.51426904138e-009, 1.10714273305e-008, 3.76946029945e-009, 6.39769970334e-009, 3.60592844473e-009, 2.64322408405e-009, 7.31312177482e-010, 7.81510078873e-010, 6.16153017496e-010, 3.3404117146e-012]
    },
    "erbbands": {
        "mean": [0.329570114613, 0.651154756546, 0.863801836967, 0.980445384979, 9.1397895813, 32.4948043823, 34.9677696228, 23.4320430756, 36.9083786011, 43.9918251038, 108.112236023, 79.6176757813, 47.641544342, 40.189163208, 16.3769855499, 31.7487068176, 20.3416233063, 29.509552002, 30.211517334, 11.7501068115, 8.54539012909, 6.3020939827, 3.56733727455, 3.43206572533, 4.02597904205, 1.98685872555, 2.21732568741, 1.46844959259, 0.94792252779, 0.801073729992, 0.546822249889, 0.278198182583, 0.142141267657, 0.0838893577456, 0.0723014175892, 0.0377216078341, 0.0101426802576, 0.0012103698682, 5.57862040296e-005, 3.87861473428e-005],
        "var": [0.473946332932, 1.59435534477, 2.85557889938, 2.35158514977, 137.970733643, 1152.77392578, 2336.10009766, 527.869262695, 1765.70056152, 2119.90771484, 14876.2636719, 21492.2148438, 5349.96289063, 1368.80175781, 268.06854248, 1911.79003906, 720.840454102, 2846.91137695, 1495.2322998, 213.856231689, 134.883270264, 56.2657089233, 25.1464939117, 26.3137798309, 26.8183670044, 8.40651416779, 15.1256103516, 6.25874948502, 4.20276689529, 4.08221626282, 1.98497498035, 0.601659715176, 0.153799548745, 0.0662711262703, 0.0583433322608, 0.0224968157709, 0.0013782735914, 2.18056629819e-005, 4.41901093495e-008, 1.00286312588e-009]
    },
    "gfcc": {
        "mean": [-85.1177215576, 171.990722656, -139.351486206, -25.0912494659, -66.616569519, -20.2397708893, -35.0588989258, -13.6002254486, -22.6054592133, -7.0652923584, -15.7440814972, -10.5349988937, -4.16529273987],
        "cov": [[18780.7617188, -5552.87109375, 379.243682861, 5288.56689453, -546.917663574, 2883.68017578, -331.445007324, 1536.87915039, 602.669555664, 1590.57116699, -92.8419494629, 704.993896484, -405.667572021], [-5552.87109375, 2728.78833008, -329.500396729, -1971.45373535, 293.813476563, -1094.2545166, 261.567626953, -566.711608887, -108.851867676, -600.580322266, 140.971618652, -271.589813232, 246.994338989], [379.243682861, -329.500396729, 377.756347656, 215.217483521, 68.8325653076, 219.684036255, 43.3832054138, 176.980209351, 18.4006195068, 117.473709106, -13.6960868835, 105.018676758, -41.5384902954], [5288.56689453, -1971.45373535, 215.217483521, 1960.44799805, -87.5927963257, 1033.2833252, -50.5437164307, 536.552978516, 255.719467163, 548.825134277, 3.06381726265, 245.285934448, -115.872009277], [-546.917663574, 293.813476563, 68.8325653076, -87.5927963257, 186.92755127, -6.13083839417, 107.720855713, 4.22898817062, 44.2958641052, -3.65803265572, 47.8920936584, 22.9613666534, 41.7953796387], [2883.68017578, -1094.2545166, 219.684036255, 1033.2833252, -6.13083839417, 654.949035645, 24.3030261993, 360.103881836, 147.952316284, 330.916351318, 6.89062595367, 172.418212891, -68.5641403198], [-331.445007324, 261.567626953, 43.3832054138, -50.5437164307, 107.720855713, 24.3030261993, 171.483398438, 67.5694198608, 82.9787063599, 2.07361578941, 64.1281280518, 23.1109199524, 52.8706245422], [1536.87915039, -566.711608887, 176.980209351, 536.552978516, 4.22898817062, 360.103881836, 67.5694198608, 286.776092529, 120.28918457, 199.802185059, 10.0226373672, 109.826179504, -27.9635829926], [602.669555664, -108.851867676, 18.4006195068, 255.719467163, 44.2958641052, 147.952316284, 82.9787063599, 120.28918457, 143.419677734, 98.1092147827, 52.2481307983, 40.0833282471, 24.3690719604], [1590.57116699, -600.580322266, 117.473709106, 548.825134277, -3.65803265572, 330.916351318, 2.07361578941, 199.802185059, 98.1092147827, 223.922409058, 14.9554338455, 97.5611724854, -43.0761184692], [-92.8419494629, 140.971618652, -13.6960868835, 3.06381726265, 47.8920936584, 6.89062595367, 64.1281280518, 10.0226373672, 52.2481307983, 14.9554338455, 79.5123291016, 16.2005386353, 38.353302002], [704.993896484, -271.589813232, 105.018676758, 245.285934448, 22.9613666534, 172.418212891, 23.1109199524, 109.826179504, 40.0833282471, 97.5611724854, 16.2005386353, 96.4217147827, -2.2075343132], [-405.667572021, 246.994338989, -41.5384902954, -115.872009277, 41.7953796387, -68.5641403198, 52.8706245422, -27.9635829926, 24.3690719604, -43.0761184692, 38.353302002, -2.2075343132, 86.224822998]],
        "icov": [[0.000432043190813, -0.000896999146789, 0.000621310027782, -0.000933541101404, 0.00111452641431, -0.000988806481473, 0.000978935859166, -0.000742253731005, 0.000505709962454, -0.00111281394493, 0.000883638393134, -0.0010983152315, 0.000359414756531], [-0.000896999146789, 0.00734737701714, -0.000730109284632, 0.00433017453179, -0.00635598320514, 0.00471558561549, -0.00572696654126, 0.00249289348722, -0.0025026013609, 0.00532169407234, -0.00583033822477, 0.00522485887632, -0.00255594099872], [0.000621310027782, -0.000730109284632, 0.00724428053945, 3.38288555213e-005, -0.00192058156244, -0.00199179258198, 0.00191509281285, -0.0057772770524, 0.0034649935551, -0.001273846603, 0.00155080889817, -0.00479171518236, 0.00242096511647], [-0.000933541101404, 0.00433017453179, 3.38288555213e-005, 0.00784339569509, -0.00374626601115, -0.00404100958258, -0.000445929705165, 0.0023573609069, -0.00454090721905, 0.00282352254726, -0.00377274444327, 0.00418892502785, -0.00211965688504], [0.00111452641431, -0.00635598320514, -0.00192058156244, -0.00374626601115, 0.0176963359118, -0.00590323191136, -0.00273222196847, 0.00532253971323, 1.66396257555e-005, -0.00794132612646, 0.00623383047059, -0.00649849930778, 0.000709186599124], [-0.000988806481473, 0.00471558561549, -0.00199179258198, -0.00404100958258, -0.00590323191136, 0.0234310403466, -0.00822099391371, -0.00405558757484, 0.0029082482215, -0.00119553878903, -0.00288228155114, -0.000444845674792, 0.000520317640621], [0.000978935859166, -0.00572696654126, 0.00191509281285, -0.000445929705165, -0.00273222196847, -0.00822099391371, 0.0287089310586, -0.0141062196344, -0.00504852365702, 0.00613611517474, -0.00485215289518, -0.00298561877571, 0.000517165462952], [-0.000742253731005, 0.00249289348722, -0.0057772770524, 0.0023573609069, 0.00532253971323, -0.00405558757484, -0.0141062196344, 0.0273705665022, -0.00874428078532, -0.00550096388906, 0.00651813764125, -0.000999390031211, -0.0017289245734], [0.000505709962454, -0.0025026013609, 0.0034649935551, -0.00454090721905, 1.66396257555e-005, 0.0029082482215, -0.00504852365702, -0.00874428078532, 0.0262174326926, -0.0110221821815, -0.00347319361754, 0.00375146674924, -0.00359582155943], [-0.00111281394493, 0.00532169407234, -0.001273846603, 0.00282352254726, -0.00794132612646, -0.00119553878903, 0.00613611517474, -0.00550096388906, -0.0110221821815, 0.034474670887, -0.012005565688, -0.00199831207283, 0.00568006420508], [0.000883638393134, -0.00583033822477, 0.00155080889817, -0.00377274444327, 0.00623383047059, -0.00288228155114, -0.00485215289518, 0.00651813764125, -0.00347319361754, -0.012005565688, 0.0319184921682, -0.00941000226885, -0.00314340973273], [-0.0010983152315, 0.00522485887632, -0.00479171518236, 0.00418892502785, -0.00649849930778, -0.000444845674792, -0.00298561877571, -0.000999390031211, 0.00375146674924, -0.00199831207283, -0.00941000226885, 0.0337035022676, -0.00952050834894], [0.000359414756531, -0.00255594099872, 0.00242096511647, -0.00211965688504, 0.000709186599124, 0.000520317640621, 0.000517165462952, -0.0017289245734, -0.00359582155943, 0.00568006420508, -0.00314340973273, -0.00952050834894, 0.023128490895]]
    },
    "melbands": {
        "mean": [0.00213298760355, 0.000541943765711, 0.000309471652145, 0.00154289207421, 0.00124131748453, 0.000573972531129, 0.000579721701797, 0.00052490842063, 0.000843441288453, 0.000456438749097, 0.000223888710025, 0.000165719684446, 5.41240078746e-005, 7.57741654525e-005, 4.67065547127e-005, 5.58275460207e-005, 5.33011079824e-005, 4.31112348451e-005, 2.92752447422e-005, 1.24241296362e-005, 1.02908279587e-005, 7.86173495726e-006, 4.44708302894e-006, 2.32034767578e-006, 2.69181828116e-006, 3.33070420311e-006, 1.77576066562e-006, 1.18866626053e-006, 1.62041453677e-006, 9.70448240878e-007, 7.95221296812e-007, 5.26682242707e-007, 4.90953141252e-007, 4.19407200525e-007, 3.19413402394e-007, 2.5335921805e-007, 1.37229278607e-007, 1.02709122984e-007, 7.93171324176e-008, 6.44643023406e-008],
        "var": [1.92116312974e-005, 8.14089389678e-007, 2.39725466145e-007, 2.69064730674e-006, 2.04887965083e-006, 3.13898169679e-007, 4.30476518432e-007, 2.98550048683e-007, 9.36876006108e-007, 7.76194667651e-007, 1.27433111174e-007, 2.51597551681e-008, 3.59976937148e-009, 9.86845183348e-009, 3.14747361507e-009, 1.18438023833e-008, 9.6498666835e-009, 3.23466786689e-009, 1.57593249561e-009, 6.90291157568e-010, 2.10382378185e-010, 1.03995589917e-010, 4.56637505586e-011, 1.0450292541e-011, 1.99100319564e-011, 1.99718488275e-011, 5.83103357266e-012, 3.74170833206e-012, 9.77903522048e-012, 2.44113214885e-012, 2.1969836974e-012, 1.42555943178e-012, 1.32076283504e-012, 1.23381155553e-012, 7.18389811614e-013, 4.61603194904e-013, 1.68124452619e-013, 8.0986182116e-014, 6.20383600177e-014, 4.18281403437e-014]
    },
    "mfcc": {
        "mean": [-711.094909668, 194.992889404, -12.4242324829, -9.22148036957, -23.1823997498, -10.1685972214, -17.698797226, -12.457857132, -9.90132904053, -4.1895570755, -8.77448177338, -8.59914302826, -8.41687488556],
        "cov": [[12051.5810547, -2836.23022461, -719.176330566, 3090.02856445, 983.140380859, 1497.59875488, 595.333862305, 695.808898926, 736.957275391, 1174.56738281, 782.215698242, 656.804748535, 504.796966553], [-2836.23022461, 1498.40307617, -51.5407333374, -798.377624512, -253.480743408, -462.249603271, -141.185440063, -164.64163208, -189.348999023, -304.809051514, -177.379638672, -156.645233154, -134.433883667], [-719.176330566, -51.5407333374, 414.677032471, -249.887008667, 8.6863489151, -32.976852417, 21.6375656128, 50.7533187866, -2.20547008514, -41.1545753479, -9.46692085266, -11.2589473724, 7.25711584091], [3090.02856445, -798.377624512, -249.887008667, 987.016174316, 269.332519531, 439.259521484, 177.040893555, 189.590118408, 227.9659729, 335.657043457, 214.444595337, 193.655975342, 148.777709961], [983.140380859, -253.480743408, 8.6863489151, 269.332519531, 172.645858765, 179.567382813, 77.328453064, 89.1359481812, 79.5015563965, 109.166603088, 79.8452835083, 68.7166900635, 63.5336952209], [1497.59875488, -462.249603271, -32.976852417, 439.259521484, 179.567382813, 316.33782959, 112.197563171, 127.688423157, 127.468902588, 179.620040894, 121.459068298, 113.412086487, 92.4155273438], [595.333862305, -141.185440063, 21.6375656128, 177.040893555, 77.328453064, 112.197563171, 119.48575592, 92.7843933105, 73.3923721313, 79.8140716553, 72.6169509888, 64.0945663452, 45.8169937134], [695.808898926, -164.64163208, 50.7533187866, 189.590118408, 89.1359481812, 127.688423157, 92.7843933105, 160.770111084, 106.906059265, 113.221549988, 83.0408401489, 71.7197189331, 67.0997848511], [736.957275391, -189.348999023, -2.20547008514, 227.9659729, 79.5015563965, 127.468902588, 73.3923721313, 106.906059265, 138.941970825, 128.270385742, 80.2549285889, 66.3672027588, 63.8573226929], [1174.56738281, -304.809051514, -41.1545753479, 335.657043457, 109.166603088, 179.620040894, 79.8140716553, 113.221549988, 128.270385742, 190.520507813, 115.871665955, 92.1848297119, 73.8122558594], [782.215698242, -177.379638672, -9.46692085266, 214.444595337, 79.8452835083, 121.459068298, 72.6169509888, 83.0408401489, 80.2549285889, 115.871665955, 127.421157837, 87.6156768799, 50.2650947571], [656.804748535, -156.645233154, -11.2589473724, 193.655975342, 68.7166900635, 113.412086487, 64.0945663452, 71.7197189331, 66.3672027588, 92.1848297119, 87.6156768799, 97.9303131104, 55.558429718], [504.796966553, -134.433883667, 7.25711584091, 148.777709961, 63.5336952209, 92.4155273438, 45.8169937134, 67.0997848511, 63.8573226929, 73.8122558594, 50.2650947571, 55.558429718, 80.0213851929]],
        "icov": [[0.000571194046643, 0.000299762032228, 0.000446181715233, -0.000967599451542, -0.000815380131826, 0.000100445016869, 2.21986920224e-005, -0.000503973453306, 0.000687550345901, -0.000819363514893, -0.000515068240929, 0.000190764476429, -1.66728864315e-006], [0.000299762032228, 0.00201071565971, 0.00187783373985, 0.00123117829207, -0.00140393408947, 0.00172103382647, -0.00063450273592, -0.00113393180072, -0.000324769644067, 0.000570470816456, -0.000511407968588, -0.000600519997533, -6.00419807597e-005], [0.000446181715233, 0.00187783373985, 0.00598336476833, 0.0032924131956, -0.00309854000807, 0.000709266925696, -0.00139060453512, -0.0029858010821, -0.000356286298484, 0.000399733777158, -0.000842861656565, -0.000347379856976, -0.000696806062479], [-0.000967599451542, 0.00123117829207, 0.0032924131956, 0.00844734627753, -0.00139199430123, -0.00158410612494, -0.00202380912378, 0.000786344695371, -0.00240030931309, -0.00149946718011, 0.00118127814494, -0.00211382540874, -0.000373662274797], [-0.000815380131826, -0.00140393408947, -0.00309854000807, -0.00139199430123, 0.0178451053798, -0.00732324132696, -0.00091565225739, 0.000139861658681, 0.000880953564774, 0.00150813465007, -0.00145855895244, 0.00302465585992, -0.00292761693709], [0.000100445016869, 0.00172103382647, 0.000709266925696, -0.00158410612494, -0.00732324132696, 0.0149639910087, -0.0019286358729, -0.000924437656067, -4.90851780341e-005, -0.00226229196414, 0.00139755161945, -0.00367875071242, -0.000647182518151], [2.21986920224e-005, -0.00063450273592, -0.00139060453512, -0.00202380912378, -0.00091565225739, -0.0019286358729, 0.0197221618146, -0.00642248382792, -0.00239772396162, 0.00465714978054, -0.00356657383963, -0.00327434181236, 0.00186177319847], [-0.000503973453306, -0.00113393180072, -0.0029858010821, 0.000786344695371, 0.000139861658681, -0.000924437656067, -0.00642248382792, 0.01982389763, -0.00684403954074, -0.00298753823154, 0.000198604931938, -0.000392625195673, -0.00354081601836], [0.000687550345901, -0.000324769644067, -0.000356286298484, -0.00240030931309, 0.000880953564774, -4.90851780341e-005, -0.00239772396162, -0.00684403954074, 0.0258592832834, -0.0130983367562, 7.91011188994e-005, 0.00290439138189, -0.00453885504976], [-0.000819363514893, 0.000570470816456, 0.000399733777158, -0.00149946718011, 0.00150813465007, -0.00226229196414, 0.00465714978054, -0.00298753823154, -0.0130983367562, 0.0304328557104, -0.0101406881586, 9.22224571696e-005, -0.00118049455341], [-0.000515068240929, -0.000511407968588, -0.000842861656565, 0.00118127814494, -0.00145855895244, 0.00139755161945, -0.00356657383963, 0.000198604931938, 7.91011188994e-005, -0.0101406881586, 0.0288968160748, -0.017316095531, 0.00485155917704], [0.000190764476429, -0.000600519997533, -0.000347379856976, -0.00211382540874, 0.00302465585992, -0.00367875071242, -0.00327434181236, -0.000392625195673, 0.00290439138189, 9.22224571696e-005, -0.017316095531, 0.0363280884922, -0.0109477611259], [-1.66728864315e-006, -6.00419807597e-005, -0.000696806062479, -0.000373662274797, -0.00292761693709, -0.000647182518151, 0.00186177319847, -0.00354081601836, -0.00453885504976, -0.00118049455341, 0.00485155917704, -0.0109477611259, 0.027403537184]]
    },
    "spectral_contrast_coeffs": {
        "mean": [-0.493070989847, -0.728877902031, -0.752800107002, -0.76682549715, -0.781646311283, -0.745212614536],
        "var": [0.0138986418024, 0.0032121532131, 0.00262344884686, 0.00273440754972, 0.00169303966686, 0.00412216596305]
    },
    "spectral_contrast_valleys": {
        "mean": [-8.51536941528, -5.98923969269, -6.82342672348, -8.08251190186, -9.08588695526, -12.5880784988],
        "var": [3.2152428627, 1.13339865208, 0.993653714657, 1.27481687069, 2.53972673416, 3.88748335838]
    }
},
"metadata": {
    "audio_properties": {
        "analysis_sample_rate": 44100,
        "bit_rate": 102564,
        "equal_loudness": 0,
        "length": 45.0873451233,
        "lossless": 0,
        "replay_gain": -10.8429374695,
        "sample_rate": 44100,
        "codec": "mp3",
        "downmix": "mix",
        "md5_encoded": "3a05db5b3ef0d27d93cde545f881df36"
    },
    "tags": {
        "file_name": "460.mp3"
    },
    "version": {
        "essentia": "2.1-beta2",
        "essentia_git_sha": "v2.1_beta2",
        "extractor": "music 1.0"
    }
},
"rhythm": {
    "beats_count": 87,
    "beats_loudness": {
        "mean": 0.0331399403512,
        "var": 0.000706042046659
    },
    "bpm": 114.094848633,
    "bpm_histogram_first_peak_bpm": {
        "mean": 115,
        "var": 0
    },
    "bpm_histogram_first_peak_spread": {
        "mean": 0.448979616165,
        "var": 0
    },
    "bpm_histogram_first_peak_weight": {
        "mean": 0.313953489065,
        "var": 0
    },
    "bpm_histogram_second_peak_bpm": {
        "mean": 129,
        "var": 0
    },
    "bpm_histogram_second_peak_spread": {
        "mean": 0.4375,
        "var": 0
    },
    "bpm_histogram_second_peak_weight": {
        "mean": 0.104651160538,
        "var": 0
    },
    "danceability": 0.962919950485,
    "onset_rate": 2.43876695633,
    "beats_loudness_band_ratio": {
        "mean": [0.17872209847, 0.395256668329, 0.366643965244, 0.108472406864, 0.0233650039881, 0.00775571959093],
        "var": [0.0328932926059, 0.0323372073472, 0.0217053405941, 0.00470813270658, 0.000552073295694, 0.000102885569504]
    },
    "beats_position": [0.568888902664, 1.1261677742, 1.68344664574, 2.2523355484, 2.82122445107, 3.39011335373, 3.92417216301, 4.43501138687, 4.96907043457, 5.47990942001, 6.00235795975, 6.52480697632, 7.04725599289, 7.56970500946, 8.09215450287, 8.60299301147, 9.12544155121, 9.64789104462, 10.1703395844, 10.6927890778, 11.2152376175, 11.749297142, 12.3065757751, 12.8522443771, 13.4095239639, 13.966802597, 14.512471199, 15.0465307236, 15.5805892944, 16.1494789124, 16.7183666229, 17.298866272, 17.8445339203, 18.3669834137, 18.8894329071, 19.4118824005, 19.9343299866, 20.45677948, 20.9792289734, 21.4900684357, 22.0125160217, 22.5465755463, 23.0690250397, 23.5914726257, 24.1139221191, 24.6363716125, 25.1472110748, 25.681268692, 26.2153282166, 26.73777771, 27.2602272034, 27.7942848206, 28.3283443451, 28.8624038696, 29.3964614868, 29.9305210114, 30.4645805359, 30.9986381531, 31.5210876465, 32.0435371399, 32.5543746948, 33.0768241882, 33.5992736816, 34.1333312988, 34.6093406677, 35.0853500366, 35.5613594055, 36.0257606506, 36.4901580811, 36.9545555115, 37.4189567566, 37.883354187, 38.3361434937, 38.8121528625, 39.2765541077, 39.7525634766, 40.216960907, 40.6813583374, 41.1457595825, 41.5985488892, 42.0048980713, 42.4112472534, 42.8292045593, 43.2355537415, 43.6419029236, 44.0482521057, 44.4546012878]
},
"tonal": {
    "chords_changes_rate": 0.0226337444037,
    "chords_number_rate": 0.00411522621289,
    "chords_strength": {
        "mean": 0.588745772839,
        "var": 0.00832744129002
    },
    "hpcp_entropy": {
        "mean": 1.81475412846,
        "var": 0.355577737093
    },
    "key_strength": 0.688501536846,
    "tuning_diatonic_strength": 0.538073182106,
    "tuning_equal_tempered_deviation": 0.260870993137,
    "tuning_frequency": 434.193115234,
    "tuning_nontempered_energy_ratio": 0.972532629967,
    "hpcp": {
        "mean": [0.13603630662, 0.191061124206, 0.117470182478, 0.249243125319, 0.464096337557, 0.300366252661, 0.0776203870773, 0.0498835928738, 0.0327333770692, 0.0822006836534, 0.104583829641, 0.0513301864266, 0.0186769738793, 0.0136344758794, 0.0772271677852, 0.407165586948, 0.525871276855, 0.206040993333, 0.026359975338, 0.0159778818488, 0.017904015258, 0.0473465099931, 0.0697574391961, 0.117046758533, 0.221345886588, 0.197276026011, 0.0757299140096, 0.0395753644407, 0.0605715401471, 0.116959601641, 0.29281976819, 0.362231403589, 0.178108468652, 0.039016854018, 0.0173585116863, 0.0279150586575],
        "var": [0.0314217805862, 0.0588658824563, 0.0243532806635, 0.0518385469913, 0.15277890861, 0.0817980915308, 0.0156379379332, 0.0127436369658, 0.00382149242796, 0.0379905179143, 0.0515073090792, 0.00858381669968, 0.00143314385787, 0.000651850074064, 0.00920530688018, 0.0904524028301, 0.124733939767, 0.0334477946162, 0.00201996066608, 0.000902669911738, 0.000800053472631, 0.00675534224138, 0.0140109965578, 0.0334469564259, 0.101241275668, 0.0435947477818, 0.00850210525095, 0.0065984246321, 0.013553859666, 0.0236414019018, 0.0711337551475, 0.113030590117, 0.0389947146177, 0.00568000832573, 0.00252799899317, 0.00245216768235]
    },
    "chords_histogram": [71.6049346924, 20.4732513428, 5.24691343307, 0, 0, 2.67489719391, 0, 0, 0, 0, 0, 0, 0, 0, 0, 0, 0, 0, 0, 0, 0, 0, 0, 0],
    "thpcp": [1, 0.39180880785, 0.0501262880862, 0.030383637175, 0.0340463854373, 0.0900344103575, 0.132651165128, 0.222576826811, 0.42091268301, 0.37514129281, 0.144008457661, 0.0752567499876, 0.115183204412, 0.222411081195, 0.556827843189, 0.688821434975, 0.338692128658, 0.0741946846247, 0.0330090522766, 0.0530834458768, 0.258687466383, 0.363323003054, 0.223382011056, 0.473962247372, 0.882528424263, 0.571178257465, 0.147603392601, 0.094858944416, 0.0622459873557, 0.156313315034, 0.198877245188, 0.09760979563, 0.0355162471533, 0.0259274020791, 0.146855652332, 0.774268567562],
    "chords_key": "G",
    "chords_scale": "minor",
    "key_key": "G",
    "key_scale": "minor"
}
}