{
"lowlevel": {
    "average_loudness": 0.936410188675,
    "barkbands_crest": {
        "mean": 15.0893602371,
        "var": 26.6462135315
    },
    "barkbands_flatness_db": {
        "mean": 0.235088244081,
        "var": 0.00314090889879
    },
    "barkbands_kurtosis": {
        "mean": 18.6814498901,
        "var": 3042.31030273
    },
    "barkbands_skewness": {
        "mean": 3.15070676804,
        "var": 6.1330499649
    },
    "barkbands_spread": {
        "mean": 15.9939632416,
        "var": 147.968688965
    },
    "dissonance": {
        "mean": 0.469300419092,
        "var": 0.000530813995283
    },
    "dynamic_complexity": 3.379997015,
    "erbbands_crest": {
        "mean": 6.33464336395,
        "var": 10.2748727798
    },
    "erbbands_flatness_db": {
        "mean": 0.179997682571,
        "var": 0.000879012979567
    },
    "erbbands_kurtosis": {
        "mean": -0.473573595285,
        "var": 0.233270227909
    },
    "erbbands_skewness": {
        "mean": 0.267976731062,
        "var": 0.273077875376
    },
    "erbbands_spread": {
        "mean": 50.6741294861,
        "var": 190.319839478
    },
    "hfc": {
        "mean": 14.2419958115,
        "var": 254.26651001
    },
    "melbands_crest": {
        "mean": 22.5146350861,
        "var": 47.4654121399
    },
    "melbands_flatness_db": {
        "mean": 0.284443557262,
        "var": 0.00530925346538
    },
    "melbands_kurtosis": {
        "mean": 40.5153121948,
        "var": 2285.51855469
    },
    "melbands_skewness": {
        "mean": 4.74252462387,
        "var": 6.30185842514
    },
    "melbands_spread": {
        "mean": 14.3554296494,
        "var": 268.534332275
    },
    "pitch_salience": {
        "mean": 0.400660008192,
        "var": 0.0226031057537
    },
    "silence_rate_20dB": {
        "mean": 1,
        "var": 0
    },
    "silence_rate_30dB": {
        "mean": 1,
        "var": 0
    },
    "silence_rate_60dB": {
        "mean": 0.0437467843294,
        "var": 0.0418331958354
    },
    "spectral_centroid": {
        "mean": 1290.94543457,
        "var": 592723.1875
    },
    "spectral_complexity": {
        "mean": 17.5316524506,
        "var": 217.454437256
    },
    "spectral_decrease": {
        "mean": -7.90839660425e-009,
        "var": 1.1180322879e-017
    },
    "spectral_energy": {
        "mean": 0.0311398971826,
        "var": 0.000182053758181
    },
    "spectral_energyband_high": {
        "mean": 0.000765596341807,
        "var": 1.23264351259e-006
    },
    "spectral_energyband_low": {
        "mean": 0.0200538169593,
        "var": 6.85849081492e-005
    },
    "spectral_energyband_middle_high": {
        "mean": 0.00313443574123,
        "var": 1.93452979147e-005
    },
    "spectral_energyband_middle_low": {
        "mean": 0.00716298259795,
        "var": 4.325151167e-005
    },
    "spectral_entropy": {
        "mean": 7.53244256973,
        "var": 0.152513861656
    },
    "spectral_flux": {
        "mean": 0.0521875806153,
        "var": 0.00201700278558
    },
    "spectral_kurtosis": {
        "mean": 1.38658511639,
        "var": 2.30731654167
    },
    "spectral_rms": {
        "mean": 0.0053115519695,
        "var": 2.1677553832e-006
    },
    "spectral_rolloff": {
        "mean": 754.805480957,
        "var": 1684478.875
    },
    "spectral_skewness": {
        "mean": 0.883315622807,
        "var": 0.113764896989
    },
    "spectral_spread": {
        "mean": 3827583,
        "var": 2.45751034675e+012
    },
    "spectral_strongpeak": {
        "mean": 0.463614672422,
        "var": 0.0725746005774
    },
    "zerocrossingrate": {
        "mean": 0.0277063790709,
        "var": 0.00111183233093
    },
    "barkbands": {
        "mean": [0.00125327974092, 0.015737818554, 0.00311730662361, 0.000479814159917, 0.00258152210154, 0.00143856252544, 0.00124493637122, 0.000849484524224, 0.000520951813087, 0.00027895232779, 0.000313833967084, 0.000359821249731, 0.00029128708411, 0.0002847732394, 0.000296653335681, 0.000298154423945, 0.000285502668703, 0.000312489137286, 0.000287911301712, 0.000323054206092, 0.000247816671617, 0.000177466718014, 0.000136563423439, 2.19461926463e-005, 2.492548834e-009, 1.1057710303e-009, 8.39682157139e-010],
        "var": [5.17521812071e-006, 5.67146562389e-005, 1.95547272597e-005, 2.27602171776e-007, 1.20807135318e-005, 6.11675159234e-006, 4.72180181532e-006, 2.67669088316e-006, 7.29111377495e-007, 1.62736483844e-007, 4.46766307505e-007, 4.10072914292e-007, 1.29571247953e-007, 2.02077941935e-007, 2.59384250967e-007, 3.21924716218e-007, 2.99281509797e-007, 3.29309727931e-007, 2.70666845381e-007, 4.37068280235e-007, 1.68564852743e-007, 6.36423962419e-008, 3.4325768894e-008, 1.65020697107e-009, 1.13629875193e-017, 2.55090093202e-018, 1.60222082577e-018]
    },
    "erbbands": {
        "mean": [0.506036937237, 3.20668268204, 4.94828987122, 1.83968055248, 3.8798930645, 9.5781545639, 10.7570819855, 14.7352542877, 15.693819046, 21.2416973114, 16.3699073792, 11.1715726852, 10.5097618103, 10.0613613129, 13.7207403183, 13.1370306015, 13.7964344025, 13.5911273956, 16.5770015717, 15.1934690475, 16.8589916229, 16.4428539276, 16.7368793488, 16.0863513947, 13.9805021286, 15.5917749405, 11.4430618286, 8.88714885712, 6.52515649796, 5.15286159515, 3.7543554306, 1.20652604103, 0.0632545351982, 0.00236393464729, 0.000272940349532, 6.85947525199e-005, 2.4386739824e-005, 7.13689996701e-006, 1.6965512259e-005, 3.60389531124e-005],
        "var": [0.19809384644, 3.62183070183, 34.9936447144, 3.14175891876, 26.7385120392, 295.595031738, 273.648681641, 756.071411133, 566.646362305, 1536.67407227, 787.943237305, 298.538085938, 244.78894043, 363.463775635, 479.543304443, 485.687469482, 274.413574219, 389.560302734, 683.280639648, 832.702636719, 967.235412598, 1030.88964844, 880.850158691, 955.551513672, 608.028320313, 1048.0032959, 385.366241455, 222.321716309, 96.0373077393, 46.6678695679, 28.4857139587, 3.6591258049, 0.0102064460516, 1.22549517982e-005, 1.25340164914e-007, 5.37717115279e-009, 4.41047504074e-010, 6.03361874352e-011, 7.90679674512e-011, 2.74541139822e-010]
    },
    "gfcc": {
        "mean": [-57.9220504761, 153.581542969, -150.364486694, 78.9046478271, -62.6500015259, 6.9371881485, -4.46797037125, -23.5539207458, 20.329656601, -19.33452034, 13.2028932571, -6.08153104782, -4.44381141663],
        "cov": [[9591.19335938, 548.05267334, -1262.95349121, 407.673187256, -346.78125, -37.4448776245, -37.0904998779, -75.6367340088, 0.660255014896, -23.5242729187, -24.8288784027, -17.8174495697, 68.5252609253], [548.05267334, 599.401000977, 274.672271729, 29.8267498016, 154.645050049, 13.799328804, 99.934928894, -9.37252521515, 29.316942215, -72.2566757202, 20.2029495239, -15.483549118, 24.2522735596], [-1262.95349121, 274.672271729, 760.66394043, 119.116294861, 216.878433228, 151.450119019, 49.6413459778, 60.5464096069, 43.2596511841, -49.9184379578, 66.50050354, -8.96252346039, 14.6665267944], [407.673187256, 29.8267498016, 119.116294861, 175.649353027, 76.1729888916, 74.4246826172, 23.6258678436, 18.5947933197, 17.0881481171, 6.42024993896, 18.3205432892, 13.5639677048, 6.83118915558], [-346.78125, 154.645050049, 216.878433228, 76.1729888916, 212.235137939, 73.9397277832, 101.387741089, 0.115794382989, 6.01449966431, 8.02551937103, 19.6414699554, 32.9817466736, 20.4173221588], [-37.4448776245, 13.799328804, 151.450119019, 74.4246826172, 73.9397277832, 153.929016113, 42.7682914734, 15.5354547501, -3.23774027824, 2.14014959335, 41.3366508484, 16.1821956635, 27.2452926636], [-37.0904998779, 99.934928894, 49.6413459778, 23.6258678436, 101.387741089, 42.7682914734, 107.579109192, 23.519525528, -0.874446570873, -7.0291762352, -3.58851623535, 13.0002326965, 11.0843400955], [-75.6367340088, -9.37252521515, 60.5464096069, 18.5947933197, 0.115794382989, 15.5354547501, 23.519525528, 61.8858032227, 36.2425727844, -5.85797595978, -13.8916530609, -12.2656593323, -1.2951939106], [0.660255014896, 29.316942215, 43.2596511841, 17.0881481171, 6.01449966431, -3.23774027824, -0.874446570873, 36.2425727844, 74.2572097778, 28.027053833, -1.81675088406, -17.9734745026, -6.29871368408], [-23.5242729187, -72.2566757202, -49.9184379578, 6.42024993896, 8.02551937103, 2.14014959335, -7.0291762352, -5.85797595978, 28.027053833, 70.0426177979, 24.2848491669, -1.43742251396, -7.44166231155], [-24.8288784027, 20.2029495239, 66.50050354, 18.3205432892, 19.6414699554, 41.3366508484, -3.58851623535, -13.8916530609, -1.81675088406, 24.2848491669, 73.6011123657, 25.073513031, 8.65761089325], [-17.8174495697, -15.483549118, -8.96252346039, 13.5639677048, 32.9817466736, 16.1821956635, 13.0002326965, -12.2656593323, -17.9734745026, -1.43742251396, 25.073513031, 73.0838165283, 39.603729248], [68.5252609253, 24.2522735596, 14.6665267944, 6.83118915558, 20.4173221588, 27.2452926636, 11.0843400955, -1.2951939106, -6.29871368408, -7.44166231155, 8.65761089325, 39.603729248, 63.7341194153]],
        "icov": [[0.000623718951829, -0.00212310557254, 0.00215151556768, -0.002505161101, 0.000676163530443, -0.00108619430102, 0.00203265435994, -0.00245363404974, 0.00162513775285, -0.000884492939804, -0.000158376366016, 0.000180430477485, -0.000278235733276], [-0.00212310557254, 0.0142271080986, -0.00788677763194, 0.00766418129206, -0.00407559843734, 0.00797169469297, -0.0155095448717, 0.0204622149467, -0.0176204033196, 0.0175057668239, -0.00793233793229, 0.00749176321551, -0.00440173083916], [0.00215151556768, -0.00788677763194, 0.0136005980894, -0.00745359389111, -0.00877254921943, -0.00546533614397, 0.0174483265728, -0.0185978971422, 0.00598291633651, 0.00470569590107, -0.0080489879474, 0.00590144470334, -0.00134187540971], [-0.002505161101, 0.00766418129206, -0.00745359389111, 0.0189330074936, -0.0079129235819, -6.57607142784e-006, -0.00200311723165, 0.00411659898236, -0.00599305843934, 0.00345380650833, 0.00101428723428, -0.0025486133527, 0.00368967326358], [0.000676163530443, -0.00407559843734, -0.00877254921943, -0.0079129235819, 0.0350372232497, -0.00193867937196, -0.0261202920228, 0.0205262675881, -0.000186278863112, -0.0202333591878, 0.0172288697213, -0.0157519411296, 0.00332196778618], [-0.00108619430102, 0.00797169469297, -0.00546533614397, -6.57607142784e-006, -0.00193867937196, 0.0177034754306, -0.0123292384669, 0.0084818219766, -0.005348933395, 0.00825774110854, -0.0107986731455, 0.00857216585428, -0.00866166036576], [0.00203265435994, -0.0155095448717, 0.0174483265728, -0.00200311723165, -0.0261202920228, -0.0123292384669, 0.0568196289241, -0.0515588112175, 0.0271977633238, -0.00818266067654, -0.000442887510872, -0.000354612391675, 0.0046374052763], [-0.00245363404974, 0.0204622149467, -0.0185978971422, 0.00411659898236, 0.0205262675881, 0.0084818219766, -0.0515588112175, 0.0828408673406, -0.0492917858064, 0.0241134185344, 0.00268833199516, 0.00276440894231, -0.0049996948801], [0.00162513775285, -0.0176204033196, 0.00598291633651, -0.00599305843934, -0.000186278863112, -0.005348933395, 0.0271977633238, -0.0492917858064, 0.0569979697466, -0.0411924831569, 0.0134401265532, -0.00700695207343, 0.00418932922184], [-0.000884492939804, 0.0175057668239, 0.00470569590107, 0.00345380650833, -0.0202333591878, 0.00825774110854, -0.00818266067654, 0.0241134185344, -0.0411924831569, 0.0667224153876, -0.0356229804456, 0.0244927760214, -0.00895950756967], [-0.000158376366016, -0.00793233793229, -0.0080489879474, 0.00101428723428, 0.0172288697213, -0.0107986731455, -0.000442887510872, 0.00268833199516, 0.0134401265532, -0.0356229804456, 0.0445310696959, -0.0269334856421, 0.0120168561116], [0.000180430477485, 0.00749176321551, 0.00590144470334, -0.0025486133527, -0.0157519411296, 0.00857216585428, -0.000354612391675, 0.00276440894231, -0.00700695207343, 0.0244927760214, -0.0269334856421, 0.0429921075702, -0.023519013077], [-0.000278235733276, -0.00440173083916, -0.00134187540971, 0.00368967326358, 0.00332196778618, -0.00866166036576, 0.0046374052763, -0.0049996948801, 0.00418932922184, -0.00895950756967, 0.0120168561116, -0.023519013077, 0.0316580310464]]
    },
    "melbands": {
        "mean": [0.00441093510017, 0.00326860859059, 0.000389956403524, 0.000470775703434, 0.000417860283051, 0.000309911061777, 0.000251101650065, 0.000233807120821, 0.000116963514301, 7.20501411706e-005, 5.26659860043e-005, 4.07772422477e-005, 4.32425913459e-005, 4.25391735916e-005, 2.7538930226e-005, 3.34323813149e-005, 2.3925487767e-005, 2.71133976639e-005, 2.22836388275e-005, 2.05021169677e-005, 1.89488328033e-005, 1.7251328245e-005, 1.51517260747e-005, 1.47561095218e-005, 1.28464525915e-005, 1.04789196484e-005, 9.95725895336e-006, 1.06580000647e-005, 7.4953454714e-006, 5.80316236665e-006, 4.87948545924e-006, 3.73147304344e-006, 3.28874557454e-006, 2.66441907115e-006, 2.28476028497e-006, 1.51864719555e-006, 4.18912634359e-007, 1.99300309589e-008, 2.58925034191e-011, 1.85572425482e-011],
        "var": [7.31465888748e-006, 7.29206021788e-006, 1.15852223814e-007, 5.54637551886e-007, 3.8523467083e-007, 3.11810936182e-007, 1.46151080571e-007, 1.6511549461e-007, 3.95592287816e-008, 1.47935521611e-008, 6.45089182072e-009, 5.34065902613e-009, 7.47647899146e-009, 5.62545299232e-009, 2.27663310426e-009, 1.68983382842e-009, 1.47654244387e-009, 1.93524596348e-009, 1.59922897147e-009, 1.65317826095e-009, 1.26281085588e-009, 1.16405085571e-009, 7.09741709848e-010, 8.05921662739e-010, 6.34569286007e-010, 3.3585551007e-010, 3.44715117562e-010, 5.54019996546e-010, 1.82256598702e-010, 8.8615878524e-011, 7.04986347078e-011, 3.49680319423e-011, 2.0740766743e-011, 1.51204292143e-011, 9.97899592819e-012, 6.05786948382e-012, 5.11389487614e-013, 1.40852801749e-015, 1.41587875372e-021, 7.38135659646e-022]
    },
    "mfcc": {
        "mean": [-672.748046875, 141.28427124, -10.9946041107, 61.0097312927, -17.3338260651, 36.28673172, -19.6820201874, 24.6565074921, -14.68978405, 16.9944896698, -2.84248709679, 12.6341676712, 0.680073916912],
        "cov": [[7481.82177734, 645.610168457, -1327.80078125, 622.457092285, -787.420654297, 421.721832275, -532.677307129, 274.557006836, -307.458740234, 243.69644165, -345.759277344, 62.8986740112, -71.0621261597], [645.610168457, 640.24597168, 114.97467041, 86.8938903809, 66.4744796753, 28.1002883911, 64.1268844604, 71.1530761719, 40.5446166992, 7.19230890274, 1.36354839802, -44.4316215515, 4.23226833344], [-1327.80078125, 114.97467041, 632.252990723, -31.7508239746, 297.21307373, -23.5591335297, 132.843780518, 44.5646514893, 47.2505874634, 22.0381946564, 60.396774292, 30.2151145935, -19.8497676849], [622.457092285, 86.8938903809, -31.7508239746, 171.847000122, 10.2097892761, 71.2005310059, -21.5451412201, 54.7464485168, -1.19707214832, 29.2045536041, -2.99935173988, 5.01815319061, 9.18942832947], [-787.420654297, 66.4744796753, 297.21307373, 10.2097892761, 217.72756958, 35.5629692078, 107.765098572, 12.960105896, 50.2523498535, -11.9185314178, 47.9416160583, 14.329082489, 11.4950122833], [421.721832275, 28.1002883911, -23.5591335297, 71.2005310059, 35.5629692078, 151.905914307, 47.3652496338, 37.9311218262, -21.4378108978, 23.2305774689, -16.63164711, 34.4256668091, 9.86410808563], [-532.677307129, 64.1268844604, 132.843780518, -21.5451412201, 107.765098572, 47.3652496338, 180.895431519, 29.7285060883, 38.794380188, -22.3646450043, 26.2118148804, -16.7561130524, 15.1311235428], [274.557006836, 71.1530761719, 44.5646514893, 54.7464485168, 12.960105896, 37.9311218262, 29.7285060883, 108.805549622, 30.795255661, 13.3408117294, -19.6834144592, -2.46632313728, -5.48315048218], [-307.458740234, 40.5446166992, 47.2505874634, -1.19707214832, 50.2523498535, -21.4378108978, 38.794380188, 30.795255661, 109.124732971, 8.00335121155, 15.5331792831, -28.688615799, 8.636510849], [243.69644165, 7.19230890274, 22.0381946564, 29.2045536041, -11.9185314178, 23.2305774689, -22.3646450043, 13.3408117294, 8.00335121155, 102.95451355, 18.1303081512, 11.6433839798, -36.2779579163], [-345.759277344, 1.36354839802, 60.396774292, -2.99935173988, 47.9416160583, -16.63164711, 26.2118148804, -19.6834144592, 15.5331792831, 18.1303081512, 120.23538208, 12.1064834595, -28.6038742065], [62.8986740112, -44.4316215515, 30.2151145935, 5.01815319061, 14.329082489, 34.4256668091, -16.7561130524, -2.46632313728, -28.688615799, 11.6433839798, 12.1064834595, 72.0056991577, 7.57283401489], [-71.0621261597, 4.23226833344, -19.8497676849, 9.18942832947, 11.4950122833, 9.86410808563, 15.1311235428, -5.48315048218, 8.636510849, -36.2779579163, -28.6038742065, 7.57283401489, 83.1896133423]],
        "icov": [[0.0130925932899, -0.0163116641343, 0.0188713222742, -0.0182875748724, 0.0143393576145, -0.0153762549162, 0.0164473094046, -0.0218360219151, 0.0191564001143, -0.0156827196479, 0.0171944908798, -0.0145916407928, 0.0123604331166], [-0.0163116641343, 0.022274069488, -0.0241717286408, 0.0218283142895, -0.017300054431, 0.0187758207321, -0.0207249931991, 0.026800820604, -0.0240104310215, 0.0197483897209, -0.0216639917344, 0.0197081994265, -0.0156837459654], [0.0188713222742, -0.0241717286408, 0.0392702557147, -0.0236354470253, 0.0009671493317, -0.0106200575829, 0.0216639973223, -0.0392422229052, 0.0358645580709, -0.0306658372283, 0.0282237362117, -0.0251264236867, 0.0188251305372], [-0.0182875748724, 0.0218283142895, -0.0236354470253, 0.0380814447999, -0.0263230036944, 0.0177838224918, -0.0172080416232, 0.0228608045727, -0.0229466613382, 0.0183804202825, -0.0270126610994, 0.0249182563275, -0.0215716771781], [0.0143393576145, -0.017300054431, 0.0009671493317, -0.0263230036944, 0.056476674974, -0.0357483811677, 0.016485536471, -0.00890903826803, 0.00340601196513, -0.00228532333858, 0.0122548388317, -0.0141177652404, 0.0132654868066], [-0.0153762549162, 0.0187758207321, -0.0106200575829, 0.0177838224918, -0.0357483811677, 0.0436642095447, -0.0282418411225, 0.0182999838144, -0.0117988465354, 0.00777510134503, -0.0124806053936, 0.00600375328213, -0.0127054806799], [0.0164473094046, -0.0207249931991, 0.0216639973223, -0.0172080416232, 0.016485536471, -0.0282418411225, 0.0346772484481, -0.0308760032058, 0.0230835787952, -0.0168750174344, 0.0164704658091, -0.0098883965984, 0.0117103215307], [-0.0218360219151, 0.026800820604, -0.0392422229052, 0.0228608045727, -0.00890903826803, 0.0182999838144, -0.0308760032058, 0.0579376369715, -0.0437342748046, 0.0323486104608, -0.025613149628, 0.0215934645385, -0.0155345024541], [0.0191564001143, -0.0240104310215, 0.0358645580709, -0.0229466613382, 0.00340601196513, -0.0117988465354, 0.0230835787952, -0.0437342748046, 0.0500522516668, -0.0329169780016, 0.0248382985592, -0.0164427328855, 0.0130110708997], [-0.0156827196479, 0.0197483897209, -0.0306658372283, 0.0183804202825, -0.00228532333858, 0.00777510134503, -0.0168750174344, 0.0323486104608, -0.0329169780016, 0.0387508347631, -0.0238321032375, 0.0169183705002, -0.00857173185796], [0.0171944908798, -0.0216639917344, 0.0282237362117, -0.0270126610994, 0.0122548388317, -0.0124806053936, 0.0164704658091, -0.025613149628, 0.0248382985592, -0.0238321032375, 0.037291649729, -0.0267933644354, 0.0229007508606], [-0.0145916407928, 0.0197081994265, -0.0251264236867, 0.0249182563275, -0.0141177652404, 0.00600375328213, -0.0098883965984, 0.0215934645385, -0.0164427328855, 0.0169183705002, -0.0267933644354, 0.043494630605, -0.0218413863331], [0.0123604331166, -0.0156837459654, 0.0188251305372, -0.0215716771781, 0.0132654868066, -0.0127054806799, 0.0117103215307, -0.0155345024541, 0.0130110708997, -0.00857173185796, 0.0229007508606, -0.0218413863331, 0.0315451808274]]
    },
    "spectral_contrast_coeffs": {
        "mean": [-0.681333959103, -0.735461711884, -0.779150366783, -0.788492441177, -0.789248526096, -0.517594695091],
        "var": [0.0125408340245, 0.0067794485949, 0.00512172328308, 0.0028536261525, 0.00206299684942, 0.00448505114764]
    },
    "spectral_contrast_valleys": {
        "mean": [-7.09579086304, -6.89174699783, -7.7555642128, -7.99224710464, -7.80771064758, -13.4545984268],
        "var": [1.98721182346, 1.55441904068, 1.60058486462, 1.75719380379, 1.87376642227, 1.02471268177]
    }
},
"metadata": {
    "audio_properties": {
        "analysis_sample_rate": 44100,
        "bit_rate": 115181,
        "equal_loudness": 0,
        "length": 45.0873451233,
        "lossless": 0,
        "replay_gain": -10.2817077637,
        "sample_rate": 44100,
        "codec": "mp3",
        "downmix": "mix",
        "md5_encoded": "5882fc2365aa5d327e395f5367c09108"
    },
    "tags": {
        "file_name": "461.mp3"
    },
    "version": {
        "essentia": "2.1-beta2",
        "essentia_git_sha": "v2.1_beta2",
        "extractor": "music 1.0"
    }
},
"rhythm": {
    "beats_count": 103,
    "beats_loudness": {
        "mean": 0.0361112691462,
        "var": 0.000205109201488
    },
    "bpm": 137.653427124,
    "bpm_histogram_first_peak_bpm": {
        "mean": 136,
        "var": 0
    },
    "bpm_histogram_first_peak_spread": {
        "mean": 0.517241358757,
        "var": 0
    },
    "bpm_histogram_first_peak_weight": {
        "mean": 0.411764711142,
        "var": 0
    },
    "bpm_histogram_second_peak_bpm": {
        "mean": 144,
        "var": 0
    },
    "bpm_histogram_second_peak_spread": {
        "mean": 0,
        "var": 0
    },
    "bpm_histogram_second_peak_weight": {
        "mean": 0.127450987697,
        "var": 0
    },
    "danceability": 1.19563829899,
    "onset_rate": 2.35008454323,
    "beats_loudness_band_ratio": {
        "mean": [0.688667237759, 0.124503150582, 0.0853260010481, 0.0401441976428, 0.0429920963943, 0.0368859320879],
        "var": [0.0543212294579, 0.0105437282473, 0.0118288323283, 0.00164707878139, 0.00346206803806, 0.00237700599246]
    },
    "beats_position": [0.429569154978, 0.893968224525, 1.35836732388, 1.8111563921, 2.26394557953, 2.71673464775, 3.15791368484, 3.58748292923, 4.01705217361, 4.45823097229, 4.8994102478, 5.31736946106, 5.75854873657, 6.19972801208, 6.64090681076, 7.05886602402, 7.4884352684, 7.91800451279, 8.35918331146, 8.77714252472, 9.21832180023, 9.65950107574, 10.1006803513, 10.5186395645, 10.9482088089, 11.3777770996, 11.8189563751, 12.2485256195, 12.6780948639, 13.1076641083, 13.5372333527, 13.9784126282, 14.4079818726, 14.8375511169, 15.2787294388, 15.7082986832, 16.1378688812, 16.5790481567, 17.0086174011, 17.4381847382, 17.8793640137, 18.2973232269, 18.7385025024, 19.1680717468, 19.5976409912, 20.0388202667, 20.4683895111, 20.8979587555, 21.339138031, 21.7687072754, 22.1982765198, 22.6394557953, 23.0690250397, 23.5102043152, 23.9513835907, 24.3809528351, 24.8105201721, 25.2400894165, 25.681268692, 26.0992279053, 26.5404071808, 26.9815864563, 27.4227657318, 27.8407249451, 28.2702941895, 28.6998634338, 29.1410427094, 29.5590019226, 30.0001811981, 30.4413604736, 30.8825397491, 31.3004989624, 31.7416782379, 32.171245575, 32.6008148193, 33.0187759399, 33.4599533081, 33.901134491, 34.3423118591, 34.7602729797, 35.2014503479, 35.6310195923, 36.0722007751, 36.4901580811, 36.9197273254, 37.3609046936, 37.8020858765, 38.2316551208, 38.6612243652, 39.0907936096, 39.520362854, 39.9615402222, 40.3911094666, 40.8206787109, 41.2502479553, 41.6798171997, 42.1209983826, 42.5389556885, 42.9801368713, 43.4213142395, 43.8508834839, 44.2804527283, 44.7216300964]
},
"tonal": {
    "chords_changes_rate": 0.0288065839559,
    "chords_number_rate": 0.00617283955216,
    "chords_strength": {
        "mean": 0.520166873932,
        "var": 0.00604557618499
    },
    "hpcp_entropy": {
        "mean": 1.93833780289,
        "var": 0.574887812138
    },
    "key_strength": 0.605385124683,
    "tuning_diatonic_strength": 0.526004910469,
    "tuning_equal_tempered_deviation": 0.198795378208,
    "tuning_frequency": 434.193115234,
    "tuning_nontempered_energy_ratio": 0.909951686859,
    "hpcp": {
        "mean": [0.0347005613148, 0.0361814014614, 0.044457886368, 0.0971623063087, 0.107169173658, 0.0587348677218, 0.0860547572374, 0.130415424705, 0.0878785252571, 0.0508726127446, 0.0513237044215, 0.0787248164415, 0.221660926938, 0.223039910197, 0.0727637410164, 0.0344375185668, 0.0340242795646, 0.0306757055223, 0.0412807799876, 0.0405809991062, 0.0258979257196, 0.022496143356, 0.0219308901578, 0.175430104136, 0.385840803385, 0.261184960604, 0.0706590935588, 0.187217801809, 0.261478334665, 0.120714955032, 0.0299555771053, 0.0273683220148, 0.0375798791647, 0.096272341907, 0.115390971303, 0.0585374720395],
        "var": [0.0119928829372, 0.0151093639433, 0.0145169179887, 0.0507549196482, 0.0554517172277, 0.0177515111864, 0.0393134616315, 0.095161691308, 0.0401301123202, 0.0155529230833, 0.016973644495, 0.0240110121667, 0.119035445154, 0.107912771404, 0.014197750017, 0.0135501204059, 0.0143771739677, 0.013110560365, 0.0124149629846, 0.011811058037, 0.00626482209191, 0.00712008029222, 0.00706262746826, 0.0507655479014, 0.202572971582, 0.0938747748733, 0.0217914246023, 0.07471396029, 0.154939815402, 0.0381693318486, 0.0112127307802, 0.0100598456338, 0.0134780621156, 0.0394951589406, 0.0597237460315, 0.0187409184873]
    },
    "chords_histogram": [13.271604538, 15.123456955, 39.8148155212, 15.2263374329, 0, 0, 0, 0, 0, 0, 2.46913576126, 0, 0, 0, 0, 0, 0, 0, 0, 0, 0, 0.720164597034, 13.3744859695, 0],
    "thpcp": [1, 0.676924169064, 0.183130174875, 0.485220342875, 0.677684485912, 0.312862068415, 0.0776371434331, 0.0709316432476, 0.0973973721266, 0.249513119459, 0.299063682556, 0.15171405673, 0.0899349153042, 0.0937728732824, 0.115223392844, 0.2518196702, 0.27775490284, 0.152225658298, 0.223031774163, 0.338003188372, 0.227758511901, 0.131848707795, 0.1330178231, 0.20403444767, 0.574488043785, 0.57806199789, 0.188584879041, 0.089253179729, 0.0881821736693, 0.0795035287738, 0.10698915273, 0.105175502598, 0.0671207532287, 0.0583042092621, 0.0568392202258, 0.454669654369],
    "chords_key": "C#",
    "chords_scale": "major",
    "key_key": "F#",
    "key_scale": "major"
}
}