{
"lowlevel": {
    "average_loudness": 0.944985389709,
    "barkbands_crest": {
        "mean": 14.3184909821,
        "var": 38.5633125305
    },
    "barkbands_flatness_db": {
        "mean": 0.162206962705,
        "var": 0.00305043417029
    },
    "barkbands_kurtosis": {
        "mean": 11.4192695618,
        "var": 313.594573975
    },
    "barkbands_skewness": {
        "mean": 2.48227286339,
        "var": 3.89375758171
    },
    "barkbands_spread": {
        "mean": 25.5298538208,
        "var": 593.389770508
    },
    "dissonance": {
        "mean": 0.447485804558,
        "var": 0.000862741551828
    },
    "dynamic_complexity": 1.21071171761,
    "erbbands_crest": {
        "mean": 8.66028213501,
        "var": 11.1686372757
    },
    "erbbands_flatness_db": {
        "mean": 0.121562674642,
        "var": 0.00167778530158
    },
    "erbbands_kurtosis": {
        "mean": 1.27009034157,
        "var": 7.29203271866
    },
    "erbbands_skewness": {
        "mean": 0.567896783352,
        "var": 0.425149708986
    },
    "erbbands_spread": {
        "mean": 52.8727416992,
        "var": 1098.95495605
    },
    "hfc": {
        "mean": 53.8300056458,
        "var": 3890.59643555
    },
    "melbands_crest": {
        "mean": 17.2157287598,
        "var": 41.7941932678
    },
    "melbands_flatness_db": {
        "mean": 0.249024316669,
        "var": 0.00531733734533
    },
    "melbands_kurtosis": {
        "mean": 39.4676055908,
        "var": 3612.70800781
    },
    "melbands_skewness": {
        "mean": 4.27619314194,
        "var": 9.22021198273
    },
    "melbands_spread": {
        "mean": 17.6005916595,
        "var": 383.973480225
    },
    "pitch_salience": {
        "mean": 0.402901679277,
        "var": 0.0240279994905
    },
    "silence_rate_20dB": {
        "mean": 1,
        "var": 0
    },
    "silence_rate_30dB": {
        "mean": 0.667524456978,
        "var": 0.221932038665
    },
    "silence_rate_60dB": {
        "mean": 0.00102933612652,
        "var": 0.00102828990202
    },
    "spectral_centroid": {
        "mean": 1104.65185547,
        "var": 479850.3125
    },
    "spectral_complexity": {
        "mean": 18.1127128601,
        "var": 76.7463760376
    },
    "spectral_decrease": {
        "mean": -2.08386605749e-008,
        "var": 2.10087265802e-016
    },
    "spectral_energy": {
        "mean": 0.0835324674845,
        "var": 0.00293196272105
    },
    "spectral_energyband_high": {
        "mean": 0.00387942628004,
        "var": 3.93821756006e-005
    },
    "spectral_energyband_low": {
        "mean": 0.0602728575468,
        "var": 0.0032841975335
    },
    "spectral_energyband_middle_high": {
        "mean": 0.00547594297677,
        "var": 2.22009621211e-005
    },
    "spectral_energyband_middle_low": {
        "mean": 0.0161396488547,
        "var": 6.48559216643e-005
    },
    "spectral_entropy": {
        "mean": 7.6109161377,
        "var": 0.295586943626
    },
    "spectral_flux": {
        "mean": 0.119293838739,
        "var": 0.00445332098752
    },
    "spectral_kurtosis": {
        "mean": 3.2687420845,
        "var": 8.23383331299
    },
    "spectral_rms": {
        "mean": 0.00854068621993,
        "var": 8.55185771798e-006
    },
    "spectral_rolloff": {
        "mean": 1798.69384766,
        "var": 10145708
    },
    "spectral_skewness": {
        "mean": 1.56531870365,
        "var": 0.343358159065
    },
    "spectral_spread": {
        "mean": 7254688.5,
        "var": 8.92572742451e+012
    },
    "spectral_strongpeak": {
        "mean": 0.741157233715,
        "var": 0.202701419592
    },
    "zerocrossingrate": {
        "mean": 0.065993860364,
        "var": 0.00416049547493
    },
    "barkbands": {
        "mean": [0.000471983978059, 0.052325937897, 0.0063219005242, 0.00234413798898, 0.00454289279878, 0.00142147135921, 0.0009385686717, 0.00190128618851, 0.0026940763928, 0.00254940171726, 0.00161746807862, 0.000639622623567, 0.000588249415159, 0.000177629699465, 0.000146210528328, 0.000118520547403, 0.000336849829182, 0.00017854142061, 0.000221976501052, 0.000257493316894, 0.000343715044437, 0.000415191607317, 0.000482418312458, 0.00061044091126, 0.00114655308425, 0.000703044817783, 3.69027584384e-005],
        "var": [1.29574061702e-006, 0.00269887875766, 0.000122138342704, 1.42691424116e-005, 1.42902381413e-005, 2.3316736133e-006, 1.17996830795e-006, 3.13616283165e-006, 7.058752999e-006, 7.64754531701e-006, 3.06068932332e-006, 5.49204571598e-007, 7.32705018436e-007, 6.33915959725e-008, 5.07518187476e-008, 2.95235764725e-008, 2.5542323101e-007, 1.61166951784e-007, 3.39423678497e-007, 3.34918524914e-007, 4.45532350568e-007, 7.95532344e-007, 7.54617019538e-007, 8.72004193297e-007, 4.90697266287e-006, 2.87083298645e-006, 1.22575221084e-008]
    },
    "erbbands": {
        "mean": [1.10446798801, 12.7689476013, 13.0035085678, 6.8890748024, 9.547539711, 15.6157932281, 14.5335664749, 15.671421051, 15.6444787979, 33.3553581238, 32.5234107971, 69.7123260498, 106.700637817, 26.7696628571, 71.5390319824, 30.5351657867, 28.0796546936, 14.4562740326, 8.32402229309, 6.70727300644, 11.4604215622, 13.8438282013, 10.5051794052, 10.8968687057, 11.2200880051, 12.6932954788, 16.3823471069, 10.8466482162, 14.4925899506, 15.6599435806, 13.4141788483, 10.5953073502, 11.1552505493, 9.46602630615, 9.9839553833, 5.0548787117, 0.902497291565, 0.100509099662, 0.0042989179492, 0.000221615235205],
        "var": [1.60539293289, 172.825164795, 353.709594727, 175.52041626, 102.395591736, 275.148590088, 105.577659607, 312.002990723, 322.889923096, 988.468505859, 704.591186523, 5845.26953125, 13033.1064453, 1197.29956055, 7677.44775391, 1001.97839355, 1441.24511719, 267.778015137, 100.214347839, 121.528373718, 171.875366211, 702.73651123, 422.707305908, 956.569030762, 720.299804688, 792.142578125, 1158.73254395, 421.180450439, 932.997741699, 1004.61376953, 552.730529785, 278.759643555, 296.051849365, 298.069610596, 392.391143799, 152.63583374, 4.26409864426, 0.0547976642847, 0.000141295007779, 8.5946325612e-008]
    },
    "gfcc": {
        "mean": [55.7155418396, 79.9910202026, -72.3699798584, 25.9847431183, -61.0526733398, 31.7623157501, -26.9301948547, 26.6244087219, -27.6620750427, 9.73206233978, -18.5217094421, 2.5672082901, -7.94246816635],
        "cov": [[3242.9699707, -1069.11767578, 224.346466064, 109.681358337, -311.233703613, 353.808563232, -8.0874671936, 7.15945053101, -61.2590904236, 122.036087036, -12.2528781891, 186.577224731, -159.371444702], [-1069.11767578, 1598.12585449, -547.688354492, -218.17048645, 238.581451416, -117.523986816, 140.560928345, -28.1415023804, 12.3082551956, -34.5243225098, 176.272003174, -180.993011475, 168.972793579], [224.346466064, -547.688354492, 598.977050781, 10.6166086197, 9.57901191711, 148.498779297, 8.12376785278, 48.6115379333, 1.71522068977, 76.5032119751, -42.5596542358, 75.5594100952, -72.979347229], [109.681358337, -218.17048645, 10.6166086197, 427.653686523, 64.4613342285, -19.5618305206, -48.0335540771, 28.6542243958, 179.542053223, -65.1135177612, -69.6084899902, 32.7923088074, -40.6501846313], [-311.233703613, 238.581451416, 9.57901191711, 64.4613342285, 166.326828003, -20.5342559814, 37.9197692871, 20.1659069061, 77.3374481201, -7.77848005295, 7.02040243149, -17.4814281464, 12.5043106079], [353.808563232, -117.523986816, 148.498779297, -19.5618305206, -20.5342559814, 255.148925781, 94.981262207, 17.3407363892, -5.09318494797, 73.1798934937, 99.6594390869, 29.0244445801, -11.3060321808], [-8.0874671936, 140.560928345, 8.12376785278, -48.0335540771, 37.9197692871, 94.981262207, 126.752853394, -1.20712578297, 17.2617454529, 39.7780227661, 75.1761550903, 7.92030477524, 16.3513813019], [7.15945053101, -28.1415023804, 48.6115379333, 28.6542243958, 20.1659069061, 17.3407363892, -1.20712578297, 70.2588272095, 29.3110046387, 2.54546880722, -7.68453645706, -3.17793297768, 6.34110355377], [-61.2590904236, 12.3082551956, 1.71522068977, 179.542053223, 77.3374481201, -5.09318494797, 17.2617454529, 29.3110046387, 175.019195557, -1.71815419197, -19.111322403, 12.6440658569, -22.8395195007], [122.036087036, -34.5243225098, 76.5032119751, -65.1135177612, -7.77848005295, 73.1798934937, 39.7780227661, 2.54546880722, -1.71815419197, 85.9215164185, 62.1059379578, 8.12241268158, -17.0074539185], [-12.2528781891, 176.272003174, -42.5596542358, -69.6084899902, 7.02040243149, 99.6594390869, 75.1761550903, -7.68453645706, -19.111322403, 62.1059379578, 142.672790527, -2.74288153648, 16.5296535492], [186.577224731, -180.993011475, 75.5594100952, 32.7923088074, -17.4814281464, 29.0244445801, 7.92030477524, -3.17793297768, 12.6440658569, 8.12241268158, -2.74288153648, 71.0805206299, -13.8267450333], [-159.371444702, 168.972793579, -72.979347229, -40.6501846313, 12.5043106079, -11.3060321808, 16.3513813019, 6.34110355377, -22.8395195007, -17.0074539185, 16.5296535492, -13.8267450333, 65.1276245117]],
        "icov": [[0.000683059566654, -0.000150252584717, 0.000658585981, -0.00053665129235, 0.000690204149578, -0.00125769036822, 3.1307736208e-005, -0.000633396673948, 0.00101023621392, -0.00162219803315, 0.00162800855469, -0.00164840603247, 0.00133480736986], [-0.000150252584717, 0.0033984973561, 0.00107923930045, 0.00221810676157, -0.00377989676781, 0.00119266682304, -0.000841358851176, 0.00142721494194, -0.00225134077482, 0.00300833838992, -0.00404280936345, 0.00483081303537, -0.00353842228651], [0.000658585981, 0.00107923930045, 0.005248864647, 0.000222657254199, -0.00314902234823, -0.00366751453839, 0.000440108589828, -0.00226797233336, 0.00255497707985, -0.00498843332753, 0.00491436570883, -0.00328742107376, 0.00255852518603], [-0.00053665129235, 0.00221810676157, 0.000222657254199, 0.00844483263791, -0.00345412129536, -0.000601439736784, 0.00324109545909, 0.0015233886661, -0.00877666007727, 0.00937859527767, -0.00474608736113, 0.00215494120494, -0.000917578872759], [0.000690204149578, -0.00377989676781, -0.00314902234823, -0.00345412129536, 0.0155814411119, 0.00144024705514, -0.00346390204504, -0.00234275963157, -0.00135294348001, -0.00136192061473, 0.00212948373519, -0.00203168462031, 0.00236555933952], [-0.00125769036822, 0.00119266682304, -0.00366751453839, -0.000601439736784, 0.00144024705514, 0.0131180100143, -0.00658008037135, -0.000572013959754, -0.00118160946295, 0.00311249587685, -0.00983776524663, 0.00511736236513, -0.00296688405797], [3.1307736208e-005, -0.000841358851176, 0.000440108589828, 0.00324109545909, -0.00346390204504, -0.00658008037135, 0.0187788978219, 0.00263061258011, -0.00452646333724, -0.000152044085553, -0.00255861342885, -0.004093777854, -0.00251928833313], [-0.000633396673948, 0.00142721494194, -0.00226797233336, 0.0015233886661, -0.00234275963157, -0.000572013959754, 0.00263061258011, 0.0200591497123, -0.00629115710035, 0.00224250438623, -0.00221713166684, 0.00632729521021, -0.00882102269679], [0.00101023621392, -0.00225134077482, 0.00255497707985, -0.00877666007727, -0.00135294348001, -0.00118160946295, -0.00452646333724, -0.00629115710035, 0.0196215752512, -0.0123138548806, 0.00929209403694, -0.00697778351605, 0.0073273954913], [-0.00162219803315, 0.00300833838992, -0.00498843332753, 0.00937859527767, -0.00136192061473, 0.00311249587685, -0.000152044085553, 0.00224250438623, -0.0123138548806, 0.0385990217328, -0.0212029796094, 0.00877899397165, 0.00211748899892], [0.00162800855469, -0.00404280936345, 0.00491436570883, -0.00474608736113, 0.00212948373519, -0.00983776524663, -0.00255861342885, -0.00221713166684, 0.00929209403694, -0.0212029796094, 0.0291135385633, -0.0102189304307, 0.00392198888585], [-0.00164840603247, 0.00483081303537, -0.00328742107376, 0.00215494120494, -0.00203168462031, 0.00511736236513, -0.004093777854, 0.00632729521021, -0.00697778351605, 0.00877899397165, -0.0102189304307, 0.0295354276896, -0.00850618816912], [0.00133480736986, -0.00353842228651, 0.00255852518603, -0.000917578872759, 0.00236555933952, -0.00296688405797, -0.00251928833313, -0.00882102269679, 0.0073273954913, 0.00211748899892, 0.00392198888585, -0.00850618816912, 0.0309389103204]]
    },
    "melbands": {
        "mean": [0.0128465173766, 0.0110831297934, 0.00129471370019, 0.000864870846272, 0.000641670951154, 0.000331991817802, 0.000209731748328, 0.00039545938489, 0.00027078614221, 0.000460137001937, 0.000512343423907, 8.01503338153e-005, 0.000207392047741, 0.000120753851661, 5.32515950908e-005, 6.85844133841e-005, 2.07908487937e-005, 1.28369993035e-005, 1.04271693999e-005, 9.01331168279e-006, 1.63481963682e-005, 1.68797832885e-005, 9.70198198047e-006, 8.94978165888e-006, 8.74416127772e-006, 8.33251851873e-006, 7.90943977336e-006, 8.26784071251e-006, 1.03941265479e-005, 8.03910734248e-006, 5.76553611609e-006, 7.61719138609e-006, 9.10801736609e-006, 8.73689077707e-006, 7.77807144914e-006, 6.95024527886e-006, 6.25371467322e-006, 7.57530779083e-006, 7.40129416954e-006, 8.21609955892e-006],
        "var": [0.000167131263879, 0.000162835392985, 4.01902070735e-006, 7.1167232818e-007, 2.67473126314e-007, 1.36560473152e-007, 6.00861298494e-008, 1.50571111135e-007, 5.58442749821e-008, 2.70234437494e-007, 3.11765859351e-007, 1.71673324445e-008, 5.49375691605e-008, 2.25990142155e-008, 3.11384695806e-009, 9.87499326754e-009, 8.09814992841e-010, 2.48662146429e-010, 3.66665336982e-010, 1.74859751678e-010, 3.49731493765e-010, 9.27274534934e-010, 3.65510066658e-010, 3.96673249803e-010, 7.12847281203e-010, 3.78697045944e-010, 4.31215646524e-010, 3.22157772681e-010, 5.10184061664e-010, 2.54728266258e-010, 1.25043725374e-010, 2.83265605416e-010, 4.02243571784e-010, 3.01277391923e-010, 2.05380198959e-010, 1.32774666262e-010, 1.03934430506e-010, 1.36303163201e-010, 1.44506226429e-010, 2.64137239858e-010]
    },
    "mfcc": {
        "mean": [-604.33795166, 119.499420166, 38.9069328308, 13.5311508179, 3.48232722282, 5.54583597183, 15.6255245209, 10.8162927628, 13.2657566071, 5.68400716782, -0.0536028891802, 9.40843105316, 0.649871826172],
        "cov": [[2147.24438477, -997.212585449, 256.986968994, -139.211364746, -140.19694519, 262.286499023, -49.6692390442, 132.025802612, -194.174468994, 44.0427131653, 189.183502197, -217.64994812, 154.885498047], [-997.212585449, 1467.86645508, -450.846557617, -114.771972656, -31.621301651, -103.252494812, 246.365768433, -178.972290039, 26.3854808807, 51.3142623901, -74.9879989624, 73.649848938, -39.5311584473], [256.986968994, -450.846557617, 444.508209229, -70.4080047607, 32.4708137512, 101.809463501, 19.6024608612, 57.1124534607, -6.39814805984, 3.45305418968, 63.9022369385, -25.0843696594, 75.3071975708], [-139.211364746, -114.771972656, -70.4080047607, 323.78125, 133.838470459, -31.2315120697, -178.747451782, 92.6494979858, 101.031555176, -15.4326200485, -31.1395683289, 90.2526626587, -63.7170448303], [-140.19694519, -31.621301651, 32.4708137512, 133.838470459, 155.226867676, -1.14099371433, -57.3435974121, 55.9379653931, 71.665145874, 9.2967376709, 4.33690214157, 64.7480392456, -25.9076976776], [262.286499023, -103.252494812, 101.809463501, -31.2315120697, -1.14099371433, 185.170471191, 39.7287864685, 53.0771636963, -42.4862747192, 55.7287139893, 86.4862289429, -50.5704154968, 74.783821106], [-49.6692390442, 246.365768433, 19.6024608612, -178.747451782, -57.3435974121, 39.7287864685, 221.588317871, -61.1608428955, -57.7353820801, 22.2722492218, 22.5565185547, -42.9020690918, 57.9474716187], [132.025802612, -178.972290039, 57.1124534607, 92.6494979858, 55.9379653931, 53.0771636963, -61.1608428955, 128.422317505, 48.3975028992, 10.3953008652, 17.6165866852, 9.66258621216, 6.96694135666], [-194.174468994, 26.3854808807, -6.39814805984, 101.031555176, 71.665145874, -42.4862747192, -57.7353820801, 48.3975028992, 120.756965637, 5.41892385483, -39.678188324, 55.7877922058, -50.4887580872], [44.0427131653, 51.3142623901, 3.45305418968, -15.4326200485, 9.2967376709, 55.7287139893, 22.2722492218, 10.3953008652, 5.41892385483, 82.9038085938, 54.0512161255, -14.0590724945, 22.8096561432], [189.183502197, -74.9879989624, 63.9022369385, -31.1395683289, 4.33690214157, 86.4862289429, 22.5565185547, 17.6165866852, -39.678188324, 54.0512161255, 110.568847656, -22.7446689606, 62.702583313], [-217.64994812, 73.649848938, -25.0843696594, 90.2526626587, 64.7480392456, -50.5704154968, -42.9020690918, 9.66258621216, 55.7877922058, -14.0590724945, -22.7446689606, 107.246925354, -21.1752929688], [154.885498047, -39.5311584473, 75.3071975708, -63.7170448303, -25.9076976776, 74.783821106, 57.9474716187, 6.96694135666, -50.4887580872, 22.8096561432, 62.702583313, -21.1752929688, 101.686027527]],
        "icov": [[0.00108861143235, 0.000700623146258, 0.000472121493658, 0.000435802823631, 0.000385431252653, -0.000389558292227, 0.00017616036348, -0.000822002766654, 0.000757979578339, -0.000225972849876, -0.000495534390211, 0.00061958853621, -0.000260090775555], [0.000700623146258, 0.0025019121822, 0.00235359673388, 0.000811820675153, -0.000300471292576, -0.000932677823585, -0.0020863218233, 0.00113925512414, -0.0009232222219, -0.00121438142378, 0.000595477758907, -0.00126105174422, -0.000424424681114], [0.000472121493658, 0.00235359673388, 0.00585127482191, 0.00297615793534, -0.00234037870541, -0.00229265773669, -0.00102868652903, 0.000792479200754, -0.00306226452813, 0.00162754522171, -0.000468786631245, -0.000711257511284, -0.00239548715763], [0.000435802823631, 0.000811820675153, 0.00297615793534, 0.0109217744321, -0.00502588227391, -0.00212553306483, 0.00505722267553, -0.00253929779865, -0.0012974467827, 0.00122758361977, 0.000824629387353, -0.00290655344725, -0.000167247402715], [0.000385431252653, -0.000300471292576, -0.00234037870541, -0.00502588227391, 0.015159423463, -0.000374904746423, -0.00195081077982, -0.00195118889678, -0.00225976575166, -0.000436308910139, -0.00424335058779, -0.00426094746217, 0.00396868446842], [-0.000389558292227, -0.000932677823585, -0.00229265773669, -0.00212553306483, -0.000374904746423, 0.014412834309, -0.00130453275051, -0.00579408882186, 0.00445217778906, -0.00515037542209, -0.00257658562623, 0.00395986856893, -0.00317877600901], [0.00017616036348, -0.0020863218233, -0.00102868652903, 0.00505722267553, -0.00195081077982, -0.00130453275051, 0.0123677859083, 0.000510363024659, 0.000845232454594, 0.000160288676852, 0.00170152378269, 0.00190273870248, -0.00403852481395], [-0.000822002766654, 0.00113925512414, 0.000792479200754, -0.00253929779865, -0.00195118889678, -0.00579408882186, 0.000510363024659, 0.0187880229205, -0.00994816143066, 0.00281420839019, -0.000137407550937, 0.00166516902391, -0.00343631021678], [0.000757979578339, -0.0009232222219, -0.00306226452813, -0.0012974467827, -0.00225976575166, 0.00445217778906, 0.000845232454594, -0.00994816143066, 0.0254150722176, -0.0106838429347, 0.00772716663778, -0.00463518919423, 0.00557680753991], [-0.000225972849876, -0.00121438142378, 0.00162754522171, 0.00122758361977, -0.000436308910139, -0.00515037542209, 0.000160288676852, 0.00281420839019, -0.0106838429347, 0.0263908877969, -0.014031259343, 0.00360870943405, 0.0010074445745], [-0.000495534390211, 0.000595477758907, -0.000468786631245, 0.000824629387353, -0.00424335058779, -0.00257658562623, 0.00170152378269, -0.000137407550937, 0.00772716663778, -0.014031259343, 0.0264242850244, -0.00201791594736, -0.00802638195455], [0.00061958853621, -0.00126105174422, -0.000711257511284, -0.00290655344725, -0.00426094746217, 0.00395986856893, 0.00190273870248, 0.00166516902391, -0.00463518919423, 0.00360870943405, -0.00201791594736, 0.0201287232339, -0.00559972692281], [-0.000260090775555, -0.000424424681114, -0.00239548715763, -0.000167247402715, 0.00396868446842, -0.00317877600901, -0.00403852481395, -0.00343631021678, 0.00557680753991, 0.0010074445745, -0.00802638195455, -0.00559972692281, 0.023946614936]]
    },
    "spectral_contrast_coeffs": {
        "mean": [-0.642595171928, -0.718331217766, -0.684392929077, -0.756512522697, -0.771904468536, -0.765152812004],
        "var": [0.00514674605802, 0.00329548795708, 0.00738592678681, 0.00275900447741, 0.00174560607411, 0.00165571609978]
    },
    "spectral_contrast_valleys": {
        "mean": [-6.43660020828, -6.46188879013, -7.2920999527, -8.02996730804, -7.74092674255, -9.54785823822],
        "var": [0.651886582375, 0.633906006813, 0.693283259869, 0.758601248264, 0.829478263855, 1.34437227249]
    }
},
"metadata": {
    "audio_properties": {
        "analysis_sample_rate": 44100,
        "bit_rate": 116389,
        "equal_loudness": 0,
        "length": 45.0873451233,
        "lossless": 0,
        "replay_gain": -13.0179042816,
        "sample_rate": 44100,
        "codec": "mp3",
        "downmix": "mix",
        "md5_encoded": "3d9451dcb9a156b2c4a0a8ea37e26e69"
    },
    "tags": {
        "file_name": "463.mp3"
    },
    "version": {
        "essentia": "2.1-beta2",
        "essentia_git_sha": "v2.1_beta2",
        "extractor": "music 1.0"
    }
},
"rhythm": {
    "beats_count": 129,
    "beats_loudness": {
        "mean": 0.0714840516448,
        "var": 0.0013878144091
    },
    "bpm": 172.265701294,
    "bpm_histogram_first_peak_bpm": {
        "mean": 172,
        "var": 0
    },
    "bpm_histogram_first_peak_spread": {
        "mean": 0,
        "var": 0
    },
    "bpm_histogram_first_peak_weight": {
        "mean": 0.9140625,
        "var": 0
    },
    "bpm_histogram_second_peak_bpm": {
        "mean": 167,
        "var": 0
    },
    "bpm_histogram_second_peak_spread": {
        "mean": 0,
        "var": 0
    },
    "bpm_histogram_second_peak_weight": {
        "mean": 0.046875,
        "var": 0
    },
    "danceability": 1.05788624287,
    "onset_rate": 4.83319234848,
    "beats_loudness_band_ratio": {
        "mean": [0.518502354622, 0.0850152745843, 0.110524103045, 0.0613381303847, 0.0228971466422, 0.227538093925],
        "var": [0.0844821408391, 0.0050906771794, 0.00641431799158, 0.00318740820512, 0.00120467878878, 0.0341818034649]
    },
    "beats_position": [0.31346938014, 0.615328788757, 0.940408170223, 1.27709746361, 1.62539684772, 1.9620860815, 2.31038546562, 2.67029476166, 3.03020405769, 3.36689329147, 3.7151927948, 4.06349182129, 4.41179132462, 4.76009082794, 5.10838985443, 5.45668935776, 5.80498838425, 6.15328788757, 6.5015873909, 6.84988641739, 7.19818592072, 7.5464849472, 7.89478445053, 8.24308395386, 8.59138298035, 8.93968200684, 9.287981987, 9.63628101349, 9.98458003998, 10.3328800201, 10.6811790466, 11.0294780731, 11.3777770996, 11.7260770798, 12.0743761063, 12.4226751328, 12.7709751129, 13.1192741394, 13.4675731659, 13.8158731461, 14.1641721725, 14.512471199, 14.8607711792, 15.2090702057, 15.5573692322, 15.9056682587, 16.2539672852, 16.602268219, 16.9505672455, 17.298866272, 17.6471652985, 17.995464325, 18.3437633514, 18.6920623779, 19.0519733429, 19.4118824005, 19.760181427, 20.1084804535, 20.45677948, 20.8050785065, 21.153377533, 21.5016784668, 21.8499774933, 22.1982765198, 22.5465755463, 22.8948745728, 23.2431735992, 23.5914726257, 23.9397735596, 24.2880725861, 24.6363716125, 24.984670639, 25.3329696655, 25.681268692, 26.0295696259, 26.3778686523, 26.7261676788, 27.0744667053, 27.4227657318, 27.7710647583, 28.1193637848, 28.4676647186, 28.8159637451, 29.1642627716, 29.5125617981, 29.8608608246, 30.2091598511, 30.5574588776, 30.9057598114, 31.2540588379, 31.6023578644, 31.9506568909, 32.2989578247, 32.6472549438, 33.0071640015, 33.3554649353, 33.7153739929, 34.0636711121, 34.4119720459, 34.7602729797, 35.1085700989, 35.4568710327, 35.8051681519, 36.1534690857, 36.5017662048, 36.8500671387, 37.1983680725, 37.5466651917, 37.8949661255, 38.2432632446, 38.5915641785, 38.9398651123, 39.2881622314, 39.6364631653, 39.9847602844, 40.3330612183, 40.6813583374, 41.0296592712, 41.3779602051, 41.7262573242, 42.0745582581, 42.4228553772, 42.771156311, 43.1194534302, 43.467754364, 43.8160552979, 44.164352417, 44.5126533508, 44.86095047]
},
"tonal": {
    "chords_changes_rate": 0.0586419738829,
    "chords_number_rate": 0.00720164598897,
    "chords_strength": {
        "mean": 0.410612761974,
        "var": 0.00375150982291
    },
    "hpcp_entropy": {
        "mean": 1.77175974846,
        "var": 0.301910549402
    },
    "key_strength": 0.674110412598,
    "tuning_diatonic_strength": 0.529258847237,
    "tuning_equal_tempered_deviation": 0.0876423418522,
    "tuning_frequency": 438.224517822,
    "tuning_nontempered_energy_ratio": 0.671073555946,
    "hpcp": {
        "mean": [0.0226644482464, 0.0304252617061, 0.0836795344949, 0.119720183313, 0.0721090212464, 0.0333008170128, 0.0326386839151, 0.0361088402569, 0.156175494194, 0.350032389164, 0.26725935936, 0.137157052755, 0.236168444157, 0.228814467788, 0.111837521195, 0.0771893337369, 0.0745054781437, 0.106647118926, 0.143141746521, 0.088368318975, 0.0316520854831, 0.0268510449678, 0.0359356366098, 0.181736409664, 0.36439371109, 0.232434511185, 0.0375096797943, 0.0166395679116, 0.0134868184105, 0.052905831486, 0.14011465013, 0.109448328614, 0.0324663929641, 0.0473953783512, 0.045808672905, 0.0263725910336],
        "var": [0.0102567942813, 0.0144332712516, 0.0482563488185, 0.0897179991007, 0.0336611941457, 0.0130502684042, 0.0147757027298, 0.0197836048901, 0.0401008725166, 0.143160119653, 0.0802168697119, 0.0599561035633, 0.12867590785, 0.134758800268, 0.0484931655228, 0.0321611575782, 0.0299508627504, 0.0533740967512, 0.0669801533222, 0.029484057799, 0.0121546648443, 0.00848028063774, 0.0139390239492, 0.0488510727882, 0.127068430185, 0.0583462975919, 0.0087624816224, 0.00488732336089, 0.00392984971404, 0.00777047174051, 0.0401449911296, 0.0251658875495, 0.00496722012758, 0.00715678185225, 0.00706537626684, 0.00674394285306]
    },
    "chords_histogram": [31.7901229858, 1.13168728352, 44.444442749, 6.68724298477, 0, 0, 0, 8.84773635864, 0, 0.514403283596, 0, 0, 0, 0, 0, 0, 0, 0, 0, 0, 0, 0, 2.57201647758, 4.01234579086],
    "thpcp": [1, 0.637866437435, 0.102937228978, 0.0456637069583, 0.0370116680861, 0.145188644528, 0.384514451027, 0.300357341766, 0.0890970155597, 0.130066394806, 0.125712022185, 0.0723738893867, 0.0621976926923, 0.0834955722094, 0.229640439153, 0.328546226025, 0.197887673974, 0.0913869142532, 0.0895698368549, 0.0990929305553, 0.428589969873, 0.9605884552, 0.733435690403, 0.376397967339, 0.648113369942, 0.627932012081, 0.306913971901, 0.211829483509, 0.204464226961, 0.292670041323, 0.392821669579, 0.24250780046, 0.0868623256683, 0.0736869052052, 0.098617605865, 0.498736411333],
    "chords_key": "C",
    "chords_scale": "minor",
    "key_key": "F",
    "key_scale": "minor"
}
}