{
"lowlevel": {
    "average_loudness": 0.971009552479,
    "barkbands_crest": {
        "mean": 12.6133422852,
        "var": 19.355764389
    },
    "barkbands_flatness_db": {
        "mean": 0.285423517227,
        "var": 0.0106831742451
    },
    "barkbands_kurtosis": {
        "mean": 6.20956516266,
        "var": 258.698760986
    },
    "barkbands_skewness": {
        "mean": 1.39022886753,
        "var": 3.15561008453
    },
    "barkbands_spread": {
        "mean": 22.1645107269,
        "var": 984.750305176
    },
    "dissonance": {
        "mean": 0.364248096943,
        "var": 0.00659404834732
    },
    "dynamic_complexity": 1.81286776066,
    "erbbands_crest": {
        "mean": 13.0400457382,
        "var": 32.5532531738
    },
    "erbbands_flatness_db": {
        "mean": 0.249082043767,
        "var": 0.0126902116463
    },
    "erbbands_kurtosis": {
        "mean": 2.52880573273,
        "var": 17.6091346741
    },
    "erbbands_skewness": {
        "mean": 0.197265088558,
        "var": 1.13412559032
    },
    "erbbands_spread": {
        "mean": 35.6719207764,
        "var": 1560.36437988
    },
    "hfc": {
        "mean": 37.3503761292,
        "var": 1912.6484375
    },
    "melbands_crest": {
        "mean": 18.5311603546,
        "var": 35.4172058105
    },
    "melbands_flatness_db": {
        "mean": 0.379338800907,
        "var": 0.0147345941514
    },
    "melbands_kurtosis": {
        "mean": 24.6614818573,
        "var": 2354.44140625
    },
    "melbands_skewness": {
        "mean": 2.96989369392,
        "var": 9.48359489441
    },
    "melbands_spread": {
        "mean": 14.3002872467,
        "var": 324.370849609
    },
    "pitch_salience": {
        "mean": 0.422670125961,
        "var": 0.0169863812625
    },
    "silence_rate_20dB": {
        "mean": 1,
        "var": 0
    },
    "silence_rate_30dB": {
        "mean": 0.744210004807,
        "var": 0.190363258123
    },
    "silence_rate_60dB": {
        "mean": 0.00257334019989,
        "var": 0.0025667718146
    },
    "spectral_centroid": {
        "mean": 873.495422363,
        "var": 805804.75
    },
    "spectral_complexity": {
        "mean": 9.93875408173,
        "var": 37.5285186768
    },
    "spectral_decrease": {
        "mean": -1.77019678915e-008,
        "var": 2.36386010923e-016
    },
    "spectral_energy": {
        "mean": 0.0701991245151,
        "var": 0.00342406053096
    },
    "spectral_energyband_high": {
        "mean": 0.00231684488244,
        "var": 2.05289197766e-005
    },
    "spectral_energyband_low": {
        "mean": 0.0478888787329,
        "var": 0.00311234383844
    },
    "spectral_energyband_middle_high": {
        "mean": 0.00377331161872,
        "var": 4.38537426817e-005
    },
    "spectral_energyband_middle_low": {
        "mean": 0.0172284673899,
        "var": 0.000141200318467
    },
    "spectral_entropy": {
        "mean": 6.46930885315,
        "var": 1.67639100552
    },
    "spectral_flux": {
        "mean": 0.107097432017,
        "var": 0.00856076460332
    },
    "spectral_kurtosis": {
        "mean": 33.7915382385,
        "var": 1815.45910645
    },
    "spectral_rms": {
        "mean": 0.00759584130719,
        "var": 1.07900914372e-005
    },
    "spectral_rolloff": {
        "mean": 1938.44213867,
        "var": 13242745
    },
    "spectral_skewness": {
        "mean": 3.68760943413,
        "var": 8.80168056488
    },
    "spectral_spread": {
        "mean": 5169990,
        "var": 2.70691676979e+013
    },
    "spectral_strongpeak": {
        "mean": 1.23394238949,
        "var": 1.21977257729
    },
    "zerocrossingrate": {
        "mean": 0.056070420891,
        "var": 0.00674169138074
    },
    "barkbands": {
        "mean": [0.00259524770081, 0.0277065336704, 0.0166814941913, 0.00191269803327, 0.00280801858753, 0.00317799067125, 0.00323254335672, 0.00320205325261, 0.00270337425172, 0.00203789258376, 0.000609145499766, 0.00046083171037, 0.000135831927764, 0.000210167636396, 0.000110546854557, 8.26797258924e-005, 4.58321519545e-005, 5.28849741386e-005, 7.23615594325e-005, 9.38214216148e-005, 0.000130675703986, 0.000215396779822, 0.000361180427717, 0.000526147603523, 0.000443336641183, 0.000525415642187, 6.50681176921e-005],
        "var": [3.41282429872e-005, 0.00178037956357, 0.000560041575227, 1.59593455464e-005, 1.27920739033e-005, 2.42228779825e-005, 2.42344958679e-005, 2.74422600341e-005, 2.57814554061e-005, 2.61821678578e-005, 9.65261915553e-006, 1.03157856302e-006, 1.10269247955e-007, 3.32442908757e-007, 3.00075697623e-007, 5.95272808823e-008, 1.21857111068e-008, 2.18640323624e-008, 5.12139806119e-008, 1.12717287948e-007, 2.11798706573e-007, 2.81206126829e-007, 4.58604887399e-007, 1.0520387832e-006, 1.0670806887e-006, 1.66641837041e-006, 2.97235693836e-008]
    },
    "erbbands": {
        "mean": [0.585974216461, 6.94713783264, 21.8387260437, 9.86906242371, 7.21672344208, 8.87180805206, 19.8916530609, 27.0276031494, 51.9618988037, 43.4947013855, 76.3075332642, 48.4091644287, 52.7423019409, 48.1390342712, 26.3679447174, 14.7619533539, 8.66117954254, 7.7264046669, 9.42833137512, 4.8463177681, 5.07152748108, 2.91107106209, 2.84239554405, 3.60997080803, 3.87309837341, 4.12618303299, 4.64523029327, 5.6622595787, 7.25902414322, 9.69085216522, 10.0897312164, 11.290933609, 8.11668014526, 4.93401050568, 3.41258096695, 2.68344497681, 0.751237094402, 0.200072973967, 0.00654836557806, 0.000223161507165],
        "var": [1.26864624023, 108.469810486, 853.549194336, 167.485717773, 112.591011047, 151.683502197, 896.773742676, 1690.67333984, 6038.32910156, 4042.02050781, 14396.0224609, 7243.44189453, 12866.0605469, 18870.8359375, 9377.10253906, 972.58605957, 396.227172852, 447.286193848, 1253.11437988, 383.50579834, 256.646057129, 43.1890449524, 56.8228569031, 109.581008911, 165.401535034, 230.271621704, 268.802307129, 385.954101563, 391.244659424, 374.163238525, 362.303253174, 439.218719482, 296.378936768, 127.14200592, 66.5017471313, 44.6515426636, 3.61760091782, 0.25210031867, 0.00026527539012, 1.21519960317e-007]
    },
    "gfcc": {
        "mean": [-57.3948554993, 135.918533325, -59.9896774292, 7.57160186768, -64.4389801025, 23.0912952423, -13.9280729294, 2.71487116814, 2.00310015678, -5.16889333725, -7.30322217941, -4.47889280319, -12.3150053024],
        "cov": [[11617.2822266, -6174.00732422, 67.3407745361, 2270.79589844, -165.409744263, 912.487243652, -939.265197754, 838.191894531, -752.807250977, 449.676513672, -696.6875, 557.516052246, -541.016174316], [-6174.00732422, 7574.44482422, -1246.65112305, -1399.40356445, 46.6495819092, -1320.18237305, 900.499694824, -1079.64367676, 793.980041504, -691.772766113, 797.742614746, -752.284057617, 471.231079102], [67.3407745361, -1246.65112305, 1697.22668457, 339.583190918, -153.849121094, 227.451080322, -158.703384399, 139.694259644, -72.9570465088, 142.404571533, 20.1822319031, 372.437408447, -15.0531625748], [2270.79589844, -1399.40356445, 339.583190918, 1014.20019531, -9.5983505249, 47.2602920532, -257.008148193, 158.847961426, -169.510894775, 48.8117294312, -91.26927948, 180.159393311, -76.981803894], [-165.409744263, 46.6495819092, -153.849121094, -9.5983505249, 388.338409424, 175.713775635, 98.9568634033, 9.7842874527, 110.763504028, -29.7252349854, -32.7714767456, -51.9879379272, -1.50256621838], [912.487243652, -1320.18237305, 227.451080322, 47.2602920532, 175.713775635, 632.454711914, 26.7792949677, 236.049499512, 23.7389335632, 140.420410156, -148.8855896, 78.7841033936, -128.296035767], [-939.265197754, 900.499694824, -158.703384399, -257.008148193, 98.9568634033, 26.7792949677, 312.575256348, -42.7186088562, 213.331451416, -43.7204627991, 120.813186646, -122.896232605, -4.47126102448], [838.191894531, -1079.64367676, 139.694259644, 158.847961426, 9.7842874527, 236.049499512, -42.7186088562, 285.615356445, -77.5225067139, 166.319885254, -103.388694763, 94.212600708, -77.013092041], [-752.807250977, 793.980041504, -72.9570465088, -169.510894775, 110.763504028, 23.7389335632, 213.331451416, -77.5225067139, 320.508087158, -42.9776229858, 123.584861755, -84.2311859131, 24.4283809662], [449.676513672, -691.772766113, 142.404571533, 48.8117294312, -29.7252349854, 140.420410156, -43.7204627991, 166.319885254, -42.9776229858, 217.426834106, -5.68144702911, 83.1533813477, -63.0962867737], [-696.6875, 797.742614746, 20.1822319031, -91.26927948, -32.7714767456, -148.8855896, 120.813186646, -103.388694763, 123.584861755, -5.68144702911, 215.583602905, -0.0777596905828, 41.7825164795], [557.516052246, -752.284057617, 372.437408447, 180.159393311, -51.9879379272, 78.7841033936, -122.896232605, 94.212600708, -84.2311859131, 83.1533813477, -0.0777596905828, 224.904449463, 39.4230003357], [-541.016174316, 471.231079102, -15.0531625748, -76.981803894, -1.50256621838, -128.296035767, -4.47126102448, -77.013092041, 24.4283809662, -63.0962867737, 41.7825164795, 39.4230003357, 203.784805298]],
        "icov": [[0.000361459358828, -0.000283533969196, 0.000429560343036, -0.000761540723033, 0.000404112623073, -0.000647923792712, 0.000486719043693, -0.000105347564386, -4.801850082e-005, -0.000302641070448, 0.000989758991636, -0.00137896055821, 0.000901130668353], [-0.000283533969196, 0.00276935752481, -0.000571610406041, 0.0015068090288, -0.000572521821596, 0.00264765741304, -0.00279215001501, 0.00207141460851, -0.000365122657968, 0.00188931752928, -0.00518937595189, 0.00606853188947, -0.00372663908638], [0.000429560343036, -0.000571610406041, 0.00157560093794, -0.0011209390359, 0.000925166008528, -0.00122900994029, 0.000518428452779, 0.00020638667047, -0.000302797066979, -0.000574985402636, 0.00179916771594, -0.00405400944874, 0.0017512391787], [-0.000761540723033, 0.0015068090288, -0.0011209390359, 0.00363937322982, -0.00150396779645, 0.00249845115468, -0.000101401848951, -0.000810702389572, -0.000250323966611, 0.0027435105294, -0.004633679986, 0.00415985705331, -0.00193607516121], [0.000404112623073, -0.000572521821596, 0.000925166008528, -0.00150396779645, 0.00441390322521, -0.00230458122678, -0.000285646790871, 0.000525523617398, -0.000892106269021, -0.000481842755107, 0.00259568286128, -0.00203366857022, 0.000489918689709], [-0.000647923792712, 0.00264765741304, -0.00122900994029, 0.00249845115468, -0.00230458122678, 0.00732928654179, -0.00469353562221, 0.00134329579305, -0.00153966119979, 0.000574556703214, -0.00143121613655, 0.00384271447547, -0.00207506958395], [0.000486719043693, -0.00279215001501, 0.000518428452779, -0.000101401848951, -0.000285646790871, -0.00469353562221, 0.0156826600432, -0.0086381835863, -0.00252887257375, 0.0032789837569, -0.00364556256682, -0.000422191224061, 0.00401883851737], [-0.000105347564386, 0.00207141460851, 0.00020638667047, -0.000810702389572, 0.000525523617398, 0.00134329579305, -0.0086381835863, 0.0156750883907, 0.000555129896384, -0.00778908375651, 0.00488610053435, -0.000676042691339, -0.00212599150836], [-4.801850082e-005, -0.000365122657968, -0.000302797066979, -0.000250323966611, -0.000892106269021, -0.00153966119979, -0.00252887257375, 0.000555129896384, 0.00724037876353, -0.0002643361222, -0.00237319711596, 0.00129079387989, -0.00093459431082], [-0.000302641070448, 0.00188931752928, -0.000574985402636, 0.0027435105294, -0.000481842755107, 0.000574556703214, 0.0032789837569, -0.00778908375651, -0.0002643361222, 0.0145947597921, -0.0113040423021, 0.0052131190896, -0.000832140853163], [0.000989758991636, -0.00518937595189, 0.00179916771594, -0.004633679986, 0.00259568286128, -0.00143121613655, -0.00364556256682, 0.00488610053435, -0.00237319711596, -0.0113040423021, 0.0280419625342, -0.0202676523477, 0.00885049905628], [-0.00137896055821, 0.00606853188947, -0.00405400944874, 0.00415985705331, -0.00203366857022, 0.00384271447547, -0.000422191224061, -0.000676042691339, 0.00129079387989, 0.0052131190896, -0.0202676523477, 0.0308967009187, -0.0146444989368], [0.000901130668353, -0.00372663908638, 0.0017512391787, -0.00193607516121, 0.000489918689709, -0.00207506958395, 0.00401883851737, -0.00212599150836, -0.00093459431082, -0.000832140853163, 0.00885049905628, -0.0146444989368, 0.0141696836799]]
    },
    "melbands": {
        "mean": [0.00662799784914, 0.010965982452, 0.00174980598968, 0.00058460427681, 0.000629283604212, 0.000651597569231, 0.000721922377124, 0.00054563221056, 0.000653464172501, 0.000283292174572, 0.000278348801658, 0.000224146904657, 9.32659677346e-005, 4.69366859761e-005, 3.89712622564e-005, 1.15849052236e-005, 1.48703275045e-005, 1.77284928213e-005, 6.62319143885e-006, 5.41002827958e-006, 5.71936107008e-006, 2.71213934866e-006, 2.7214414331e-006, 2.57308829532e-006, 2.93806647278e-006, 2.73413411378e-006, 3.07335517391e-006, 2.62299386122e-006, 3.03884803543e-006, 2.84166867459e-006, 3.31957562594e-006, 3.86141027775e-006, 4.68523830932e-006, 5.61087108508e-006, 5.57618886887e-006, 6.47373190077e-006, 7.22541471987e-006, 5.89408364249e-006, 4.66796564069e-006, 3.96373161493e-006],
        "var": [0.000115981762065, 0.000188422025531, 4.52474114354e-006, 6.30289889614e-007, 8.13933695554e-007, 8.46808688948e-007, 1.12416637421e-006, 7.08545769612e-007, 1.17002400657e-006, 2.79503808542e-007, 3.80920511134e-007, 3.95910433326e-007, 2.06695858651e-007, 1.02618518127e-008, 1.41522367159e-008, 1.0390649452e-009, 1.71012304317e-009, 4.00682731438e-009, 6.55712706354e-010, 3.50586976117e-010, 3.73406749965e-010, 4.56213296307e-011, 5.23648589768e-011, 5.62858336328e-011, 7.79184217148e-011, 7.62353929984e-011, 1.25306084953e-010, 1.02128722146e-010, 1.19719484326e-010, 1.0402192302e-010, 1.3838628854e-010, 1.34705843702e-010, 1.04814483481e-010, 1.23040924671e-010, 1.13584176786e-010, 1.49041695652e-010, 1.81614293049e-010, 1.52746482129e-010, 1.13728922113e-010, 8.66470714622e-011]
    },
    "mfcc": {
        "mean": [-720.99029541, 170.470321655, 57.9664916992, 3.65517711639, -5.03726530075, 12.7559423447, -2.44220304489, 15.5767631531, 5.30330991745, 11.5836629868, 4.97311353683, 4.97872209549, 0.798819065094],
        "cov": [[10175.7236328, -5961.39013672, -293.269836426, 1021.18865967, 748.914794922, 368.093200684, -0.119714684784, 339.014190674, -121.017601013, 156.704727173, -187.218734741, 70.868888855, -98.7167434692], [-5961.39013672, 6257.99072266, -688.678100586, -230.408050537, -836.32989502, -356.519348145, -161.077285767, -354.020324707, -93.9763717651, -55.8542900085, 29.038110733, 2.95489311218, -18.3400917053], [-293.269836426, -688.678100586, 1391.99731445, 121.178359985, 172.588226318, 52.8084983826, -39.6393623352, 66.3298110962, -68.0979385376, -129.621643066, 12.4383144379, 69.5218963623, 103.177871704], [1021.18865967, -230.408050537, 121.178359985, 694.608947754, 84.5690460205, -91.5231323242, -82.7921066284, -53.1534042358, -143.365539551, -97.0448532104, -108.997184753, 29.5671520233, 7.91502666473], [748.914794922, -836.32989502, 172.588226318, 84.5690460205, 374.495605469, 185.594894409, 45.0794830322, 109.995613098, 59.6299095154, 14.0692224503, 10.4224758148, -30.6723976135, -3.84893226624], [368.093200684, -356.519348145, 52.8084983826, -91.5231323242, 185.594894409, 264.685089111, 69.2925186157, 138.367462158, 74.9597320557, 95.7604751587, 60.6906890869, 24.2686138153, -10.9303483963], [-0.119714684784, -161.077285767, -39.6393623352, -82.7921066284, 45.0794830322, 69.2925186157, 160.606399536, 68.5673904419, 65.6718063354, 31.5054836273, 76.2653427124, 31.4678668976, 30.8837718964], [339.014190674, -354.020324707, 66.3298110962, -53.1534042358, 109.995613098, 138.367462158, 68.5673904419, 181.477401733, 87.9876785278, 69.1628952026, 44.1649436951, 36.7215919495, 7.57296609879], [-121.017601013, -93.9763717651, -68.0979385376, -143.365539551, 59.6299095154, 74.9597320557, 65.6718063354, 87.9876785278, 158.128189087, 89.1678771973, 61.9151992798, -14.8642501831, -8.08897590637], [156.704727173, -55.8542900085, -129.621643066, -97.0448532104, 14.0692224503, 95.7604751587, 31.5054836273, 69.1628952026, 89.1678771973, 157.777923584, 93.4479827881, 38.6247596741, -20.0821933746], [-187.218734741, 29.038110733, 12.4383144379, -108.997184753, 10.4224758148, 60.6906890869, 76.2653427124, 44.1649436951, 61.9151992798, 93.4479827881, 190.889877319, 123.416145325, 38.7067260742], [70.868888855, 2.95489311218, 69.5218963623, 29.5671520233, -30.6723976135, 24.2686138153, 31.4678668976, 36.7215919495, -14.8642501831, 38.6247596741, 123.416145325, 199.009719849, 103.021186829], [-98.7167434692, -18.3400917053, 103.177871704, 7.91502666473, -3.84893226624, -10.9303483963, 30.8837718964, 7.57296609879, -8.08897590637, -20.0821933746, 38.7067260742, 103.021186829, 153.072952271]],
        "icov": [[0.000473122869153, 0.000466840952868, 0.000377597607439, -0.000554668193217, 0.000185693686944, -0.000338168931194, 0.000240908077103, -0.00037387071643, 0.000646966218483, -0.000497722649015, 0.000296805636026, -0.000234307502978, 0.000137158931466], [0.000466840952868, 0.000729847000912, 0.000478319940157, -0.000670288514812, 0.000979110482149, -0.000827668351121, 0.000642136379611, -0.000177534151589, 0.000337753328495, 9.42123660934e-005, -0.000337081903126, 0.000188611345948, -6.59885918139e-005], [0.000377597607439, 0.000478319940157, 0.00137439987157, -0.00057381374063, 0.00028730602935, -0.000784236821346, 0.00134474085644, -0.00118793861475, 0.000743224052712, 0.00139680563007, -0.00128630944528, 0.000540739390999, -0.000673370552249], [-0.000554668193217, -0.000670288514812, -0.00057381374063, 0.00340457400307, -0.00275639747269, 0.00275976047851, -0.000991003122181, 0.00060137786204, 0.000995616544969, -0.000926651642658, 0.00289544719271, -0.00303378142416, 0.00131134770345], [0.000185693686944, 0.000979110482149, 0.00028730602935, -0.00275639747269, 0.00931171700358, -0.00714033236727, 0.00251884921454, -0.000917415367439, -0.00258578546345, 0.00505845388398, -0.00551393441856, 0.00589542742819, -0.00259907334112], [-0.000338168931194, -0.000827668351121, -0.000784236821346, 0.00275976047851, -0.00714033236727, 0.0131482565776, -0.003426986048, -0.00366663560271, 0.00365906697698, -0.00725137349218, 0.00398035207763, -0.00344317569397, 0.0022536709439], [0.000240908077103, 0.000642136379611, 0.00134474085644, -0.000991003122181, 0.00251884921454, -0.003426986048, 0.0123469848186, -0.00363949243911, -0.00197332841344, 0.00583181157708, -0.00824659410864, 0.00480896001682, -0.00360573758371], [-0.00037387071643, -0.000177534151589, -0.00118793861475, 0.00060137786204, -0.000917415367439, -0.00366663560271, -0.00363949243911, 0.0150940576568, -0.00743502238765, -0.00134131021332, 0.00638878811151, -0.00717841042206, 0.00285676005296], [0.000646966218483, 0.000337753328495, 0.000743224052712, 0.000995616544969, -0.00258578546345, 0.00365906697698, -0.00197332841344, -0.00743502238765, 0.0189811661839, -0.00853498559445, -0.00317596900277, 0.0068073621951, -0.00302761932835], [-0.000497722649015, 9.42123660934e-005, 0.00139680563007, -0.000926651642658, 0.00505845388398, -0.00725137349218, 0.00583181157708, -0.00134131021332, -0.00853498559445, 0.021346019581, -0.0101846456528, 0.00184298085514, 0.000980265438557], [0.000296805636026, -0.000337081903126, -0.00128630944528, 0.00289544719271, -0.00551393441856, 0.00398035207763, -0.00824659410864, 0.00638878811151, -0.00317596900277, -0.0101846456528, 0.0247623585165, -0.0185868702829, 0.00710548646748], [-0.000234307502978, 0.000188611345948, 0.000540739390999, -0.00303378142416, 0.00589542742819, -0.00344317569397, 0.00480896001682, -0.00717841042206, 0.0068073621951, 0.00184298085514, -0.0185868702829, 0.0256845615804, -0.0130336098373], [0.000137158931466, -6.59885918139e-005, -0.000673370552249, 0.00131134770345, -0.00259907334112, 0.0022536709439, -0.00360573758371, 0.00285676005296, -0.00302761932835, 0.000980265438557, 0.00710548646748, -0.0130336098373, 0.0146249551326]]
    },
    "spectral_contrast_coeffs": {
        "mean": [-0.564633309841, -0.608279764652, -0.668049275875, -0.743466079235, -0.814022481441, -0.786602437496],
        "var": [0.00923314597458, 0.00786886457354, 0.00771604059264, 0.00525812059641, 0.00295392237604, 0.00172774773091]
    },
    "spectral_contrast_valleys": {
        "mean": [-7.58245944977, -7.1429142952, -8.26542854309, -9.28293418884, -9.42845249176, -11.0501594543],
        "var": [2.11273598671, 1.39072728157, 1.13198947906, 1.61931502819, 2.48227524757, 4.3655591011]
    }
},
"metadata": {
    "audio_properties": {
        "analysis_sample_rate": 44100,
        "bit_rate": 117807,
        "equal_loudness": 0,
        "length": 45.0873451233,
        "lossless": 0,
        "replay_gain": -11.7704868317,
        "sample_rate": 44100,
        "codec": "mp3",
        "downmix": "mix",
        "md5_encoded": "dd407b983f884f566d6c48188c127d7d"
    },
    "tags": {
        "file_name": "464.mp3"
    },
    "version": {
        "essentia": "2.1-beta2",
        "essentia_git_sha": "v2.1_beta2",
        "extractor": "music 1.0"
    }
},
"rhythm": {
    "beats_count": 103,
    "beats_loudness": {
        "mean": 0.12907525897,
        "var": 0.00114555633627
    },
    "bpm": 137.780197144,
    "bpm_histogram_first_peak_bpm": {
        "mean": 136,
        "var": 0
    },
    "bpm_histogram_first_peak_spread": {
        "mean": 0.484536111355,
        "var": 0
    },
    "bpm_histogram_first_peak_weight": {
        "mean": 0.490196079016,
        "var": 0
    },
    "bpm_histogram_second_peak_bpm": {
        "mean": 144,
        "var": 0
    },
    "bpm_histogram_second_peak_spread": {
        "mean": 0,
        "var": 0
    },
    "bpm_histogram_second_peak_weight": {
        "mean": 0.0392156876624,
        "var": 0
    },
    "danceability": 1.83837795258,
    "onset_rate": 4.43412160873,
    "beats_loudness_band_ratio": {
        "mean": [0.789184629917, 0.0467824749649, 0.0943185314536, 0.0445482470095, 0.00537802232429, 0.034210536629],
        "var": [0.0143875069916, 0.0017651488306, 0.00701440731063, 0.00607166439295, 0.000121273522382, 0.00443362304941]
    },
    "beats_position": [0.49922901392, 0.96362811327, 1.40480720997, 1.83437633514, 2.27555561066, 2.71673464775, 3.14630389214, 3.5758728981, 4.01705217361, 4.446621418, 4.87619018555, 5.31736946106, 5.75854873657, 6.18811798096, 6.6176867485, 7.05886602402, 7.50004529953, 7.92961454391, 8.35918331146, 8.80036258698, 9.22993183136, 9.65950107574, 10.1006803513, 10.5418596268, 10.9714279175, 11.4009971619, 11.8421764374, 12.2833557129, 12.7129249573, 13.1424942017, 13.5836734772, 14.0248527527, 14.4428119659, 14.8839902878, 15.3251695633, 15.7547388077, 16.1843090057, 16.6254863739, 17.0550556183, 17.4846248627, 17.9258041382, 18.3669834137, 18.7965526581, 19.2261219025, 19.667301178, 20.1084804535, 20.5380496979, 20.9676189423, 21.4087982178, 21.8499774933, 22.2795467377, 22.7091159821, 23.1502952576, 23.5798625946, 24.009431839, 24.4506111145, 24.89179039, 25.3213596344, 25.7509288788, 26.1921081543, 26.6216773987, 27.0512466431, 27.4924259186, 27.9336051941, 28.3631744385, 28.7927436829, 29.2339229584, 29.6751022339, 30.1046714783, 30.5342407227, 30.9754180908, 31.4049873352, 31.8345565796, 32.2757377625, 32.7169151306, 33.1580963135, 33.5876655579, 34.0172348022, 34.4584121704, 34.8995895386, 35.329158783, 35.7587280273, 36.1999092102, 36.6294784546, 37.059047699, 37.5002250671, 37.94140625, 38.3593635559, 38.8005447388, 39.2417221069, 39.6596832275, 40.1008605957, 40.5420417786, 40.9599990845, 41.4011802673, 41.8423576355, 42.2719268799, 42.7014961243, 43.1426734924, 43.5838546753, 44.0134239197, 44.4429931641, 44.8841705322]
},
"tonal": {
    "chords_changes_rate": 0.0401234552264,
    "chords_number_rate": 0.00823045242578,
    "chords_strength": {
        "mean": 0.505024194717,
        "var": 0.00911284983158
    },
    "hpcp_entropy": {
        "mean": 1.17481255531,
        "var": 0.372916519642
    },
    "key_strength": 0.731501221657,
    "tuning_diatonic_strength": 0.526636362076,
    "tuning_equal_tempered_deviation": 0.0160723011941,
    "tuning_frequency": 440.508636475,
    "tuning_nontempered_energy_ratio": 0.609138906002,
    "hpcp": {
        "mean": [0.148519068956, 0.0613291710615, 0.0170866977423, 0.0261209029704, 0.0170064400882, 0.0364419035614, 0.0568592995405, 0.028061747551, 0.0285351816565, 0.0499205477536, 0.0414179340005, 0.152804628015, 0.229063391685, 0.097691051662, 0.00694810925052, 0.00766329094768, 0.0310543160886, 0.167267069221, 0.23852480948, 0.10704036057, 0.0394809246063, 0.054821498692, 0.0523811280727, 0.0876939147711, 0.0742569118738, 0.0209161024541, 0.10300514847, 0.223998144269, 0.14259262383, 0.0331152491271, 0.0344574041665, 0.0281505901366, 0.173377424479, 0.335840165615, 0.200642198324, 0.116332940757],
        "var": [0.101374462247, 0.0184011124074, 0.00521856779233, 0.0131730828434, 0.00467638298869, 0.0177053827792, 0.041810028255, 0.00997187290341, 0.0091318115592, 0.0271353125572, 0.011364588514, 0.0682985261083, 0.130524471402, 0.0262285973877, 0.0023451957386, 0.00296818022616, 0.0111507968977, 0.0806034579873, 0.134785294533, 0.0294399000704, 0.0125899622217, 0.0319523401558, 0.0138912070543, 0.0344832241535, 0.0294674951583, 0.00601413473487, 0.0371914021671, 0.151805087924, 0.0698143392801, 0.00988632626832, 0.0207878164947, 0.00883781071752, 0.0574920661747, 0.179405152798, 0.0697074085474, 0.0563454478979]
    },
    "chords_histogram": [11.2139921188, 0, 9.56790161133, 2.67489719391, 0, 0.411522626877, 0, 16.3580245972, 0, 24.0740737915, 0.823045253754, 5.34979438782, 0, 0, 0, 0, 0, 0, 0, 0, 0, 0.102880656719, 25, 4.42386817932],
    "thpcp": [1, 0.597433626652, 0.346393764019, 0.442231416702, 0.182614162564, 0.0508774705231, 0.0777777805924, 0.0506384931505, 0.108509667218, 0.169304639101, 0.0835568532348, 0.0849665552378, 0.148643761873, 0.123326323926, 0.454992115498, 0.682060718536, 0.290885537863, 0.0206887386739, 0.0228182673454, 0.092467546463, 0.498055577278, 0.710233151913, 0.318724125624, 0.117558673024, 0.163236871362, 0.155970409513, 0.261117994785, 0.221107900143, 0.0622799322009, 0.306708842516, 0.666978418827, 0.424584776163, 0.0986041948199, 0.102600604296, 0.0838213935494, 0.516249835491],
    "chords_key": "F#",
    "chords_scale": "minor",
    "key_key": "C#",
    "key_scale": "minor"
}
}