{
"lowlevel": {
    "average_loudness": 0.973879992962,
    "barkbands_crest": {
        "mean": 12.7437915802,
        "var": 50.3094596863
    },
    "barkbands_flatness_db": {
        "mean": 0.161157995462,
        "var": 0.00834697391838
    },
    "barkbands_kurtosis": {
        "mean": 24.8490791321,
        "var": 3060.01098633
    },
    "barkbands_skewness": {
        "mean": 3.01560354233,
        "var": 12.4291009903
    },
    "barkbands_spread": {
        "mean": 31.546546936,
        "var": 540.841186523
    },
    "dissonance": {
        "mean": 0.48579248786,
        "var": 0.000190475970157
    },
    "dynamic_complexity": 3.28984880447,
    "erbbands_crest": {
        "mean": 6.85047292709,
        "var": 11.3059110641
    },
    "erbbands_flatness_db": {
        "mean": 0.127115249634,
        "var": 0.000968626583926
    },
    "erbbands_kurtosis": {
        "mean": 0.582055747509,
        "var": 4.85177850723
    },
    "erbbands_skewness": {
        "mean": -0.352749228477,
        "var": 0.912877619267
    },
    "erbbands_spread": {
        "mean": 60.4425392151,
        "var": 1124.58508301
    },
    "hfc": {
        "mean": 15.6583557129,
        "var": 344.390411377
    },
    "melbands_crest": {
        "mean": 19.3718318939,
        "var": 78.4570388794
    },
    "melbands_flatness_db": {
        "mean": 0.219878330827,
        "var": 0.0143242040649
    },
    "melbands_kurtosis": {
        "mean": 90.9549407959,
        "var": 28660.1835938
    },
    "melbands_skewness": {
        "mean": 6.00558757782,
        "var": 29.4829502106
    },
    "melbands_spread": {
        "mean": 32.1276893616,
        "var": 1184.34790039
    },
    "pitch_salience": {
        "mean": 0.46748149395,
        "var": 0.0418341010809
    },
    "silence_rate_20dB": {
        "mean": 1,
        "var": 0
    },
    "silence_rate_30dB": {
        "mean": 0.981986641884,
        "var": 0.0176887176931
    },
    "silence_rate_60dB": {
        "mean": 0.0694801881909,
        "var": 0.0646529346704
    },
    "spectral_centroid": {
        "mean": 2012.14807129,
        "var": 1030930.125
    },
    "spectral_complexity": {
        "mean": 14.0633039474,
        "var": 181.878036499
    },
    "spectral_decrease": {
        "mean": -6.33560715002e-009,
        "var": 5.77806767518e-017
    },
    "spectral_energy": {
        "mean": 0.0253323167562,
        "var": 0.000858901708852
    },
    "spectral_energyband_high": {
        "mean": 0.00134331814479,
        "var": 3.44176032741e-006
    },
    "spectral_energyband_low": {
        "mean": 0.0186565220356,
        "var": 0.000666666659527
    },
    "spectral_energyband_middle_high": {
        "mean": 0.00207449635491,
        "var": 1.17746476462e-005
    },
    "spectral_energyband_middle_low": {
        "mean": 0.00476068956777,
        "var": 0.000132348650368
    },
    "spectral_entropy": {
        "mean": 7.92389917374,
        "var": 0.167733967304
    },
    "spectral_flux": {
        "mean": 0.0891518518329,
        "var": 0.00406832247972
    },
    "spectral_kurtosis": {
        "mean": 2.10113406181,
        "var": 3.35322260857
    },
    "spectral_rms": {
        "mean": 0.00433542951941,
        "var": 5.91846355746e-006
    },
    "spectral_rolloff": {
        "mean": 2131.86523438,
        "var": 6398514.5
    },
    "spectral_skewness": {
        "mean": 1.03812539577,
        "var": 0.190899163485
    },
    "spectral_spread": {
        "mean": 5594950,
        "var": 4.06757887181e+012
    },
    "spectral_strongpeak": {
        "mean": 0.360529899597,
        "var": 0.395764708519
    },
    "zerocrossingrate": {
        "mean": 0.0775995254517,
        "var": 0.00322946021333
    },
    "barkbands": {
        "mean": [0.00099423143547, 0.0119032571092, 0.0042760707438, 0.00234550167806, 0.00145154132042, 0.00049336272059, 0.000202714596526, 0.000106753897853, 0.000133228037157, 0.000131420165417, 0.000123536694446, 0.000110102897452, 0.000121802295325, 0.000191184110008, 0.00020665510965, 0.000265322974883, 0.000270793883828, 0.000227889104281, 0.000314797012834, 0.000297390302876, 0.000320547027513, 0.000365018233424, 0.000185561453691, 0.000149734769366, 0.000107953470433, 3.57099888788e-005, 2.21265722189e-007],
        "var": [2.09771906157e-006, 0.00037415602128, 0.000113651221909, 4.98467634316e-005, 2.2511168936e-005, 7.43653401969e-007, 9.54363272854e-008, 2.84335097689e-008, 3.14487635933e-008, 1.0429072006e-007, 1.49472171529e-007, 3.50205695554e-008, 6.06412058346e-008, 1.11438936301e-007, 1.5856966229e-007, 2.60468027591e-007, 2.42473873868e-007, 1.6900473554e-007, 3.88586670397e-007, 2.90415329118e-007, 2.98854359926e-007, 3.80262122235e-007, 7.00747762039e-008, 5.12406188591e-008, 2.55832777185e-008, 3.13645198702e-009, 6.0839012864e-013]
    },
    "erbbands": {
        "mean": [0.4433580935, 2.28060293198, 4.23039388657, 8.07917022705, 5.83523845673, 4.47589302063, 3.81662034988, 4.22423744202, 3.43720078468, 2.36869525909, 2.56596231461, 2.65662789345, 3.69334387779, 5.41672134399, 4.55552768707, 4.30589103699, 6.10363912582, 8.53260326385, 10.5880222321, 12.093547821, 15.2672204971, 15.4558544159, 12.1967144012, 15.4296531677, 14.6084804535, 14.8560857773, 13.0987033844, 12.7991037369, 11.3274841309, 10.7232370377, 5.32901668549, 2.99661564827, 2.6606771946, 1.41836249828, 0.661639153957, 0.296552836895, 0.0311249829829, 0.001504114829, 7.09181622369e-005, 3.52048518835e-005],
        "var": [0.426451355219, 17.8839626312, 76.0982666016, 504.767578125, 462.890472412, 180.42628479, 71.9670944214, 64.130241394, 35.5812034607, 8.04507827759, 12.9579944611, 14.4817276001, 29.9300003052, 376.646484375, 111.559913635, 50.1793174744, 137.340438843, 286.852355957, 267.08505249, 632.687927246, 934.672912598, 773.982543945, 429.101013184, 1074.94519043, 658.314025879, 708.446716309, 559.68347168, 457.929595947, 334.961456299, 415.055877686, 56.322555542, 20.7022323608, 16.2198066711, 4.63105583191, 0.995588183403, 0.215696081519, 0.00249997270294, 9.96246672003e-006, 1.27929524751e-008, 1.22893273335e-009]
    },
    "gfcc": {
        "mean": [-33.5954589844, 67.5963058472, -100.568389893, 70.6297073364, -55.8440742493, 29.9816837311, -33.9375762939, 14.9916419983, -18.2642612457, 9.83041954041, -13.4822616577, 1.25033450127, -5.3740363121],
        "cov": [[5332.17041016, -1094.73413086, -845.034973145, -52.7590370178, -287.072845459, 23.6169910431, -475.479949951, 9.37134456635, -465.663269043, -104.919387817, -357.843139648, 72.2870635986, -305.911102295], [-1094.73413086, 1347.35742188, 144.992996216, -64.3575439453, 229.159667969, -142.450592041, 193.569656372, -180.315048218, 143.818481445, -114.571014404, 113.979042053, -123.717590332, 177.763092041], [-845.034973145, 144.992996216, 1289.81054688, 168.545211792, -4.00875616074, 119.560852051, 107.851715088, 78.9951934814, 54.2583312988, 88.1207885742, 100.273536682, 2.44684076309, 55.3320884705], [-52.7590370178, -64.3575439453, 168.545211792, 522.494262695, 96.806640625, -49.1637382507, 144.499801636, -53.7375259399, 108.382461548, -30.3886470795, 42.5406723022, -5.18328809738, 13.8843708038], [-287.072845459, 229.159667969, -4.00875616074, 96.806640625, 313.142700195, 42.9331359863, 89.7409515381, 2.43520593643, 54.0456466675, -20.7923793793, 42.4256744385, -30.8218288422, 55.7860412598], [23.6169910431, -142.450592041, 119.560852051, -49.1637382507, 42.9331359863, 229.485061646, 34.1351509094, 59.7720146179, 1.45876967907, 54.5200309753, 44.7872047424, -2.69880366325, 15.8156852722], [-475.479949951, 193.569656372, 107.851715088, 144.499801636, 89.7409515381, 34.1351509094, 278.521575928, 20.9461517334, 80.3609542847, 20.4507217407, 74.3070449829, -23.3834075928, 54.74168396], [9.37134456635, -180.315048218, 78.9951934814, -53.7375259399, 2.43520593643, 59.7720146179, 20.9461517334, 165.781158447, 1.960308671, 75.9253463745, 18.5587272644, 35.2051620483, -7.67281675339], [-465.663269043, 143.818481445, 54.2583312988, 108.382461548, 54.0456466675, 1.45876967907, 80.3609542847, 1.960308671, 170.827209473, 27.922542572, 84.3121109009, 1.16311001778, 47.9384155273], [-104.919387817, -114.571014404, 88.1207885742, -30.3886470795, -20.7923793793, 54.5200309753, 20.4507217407, 75.9253463745, 27.922542572, 116.522453308, 35.8820762634, 29.1891384125, 2.3495619297], [-357.843139648, 113.979042053, 100.273536682, 42.5406723022, 42.4256744385, 44.7872047424, 74.3070449829, 18.5587272644, 84.3121109009, 35.8820762634, 125.168693542, 11.1410732269, 52.0828704834], [72.2870635986, -123.717590332, 2.44684076309, -5.18328809738, -30.8218288422, -2.69880366325, -23.3834075928, 35.2051620483, 1.16311001778, 29.1891384125, 11.1410732269, 75.7319793701, -5.45304632187], [-305.911102295, 177.763092041, 55.3320884705, 13.8843708038, 55.7860412598, 15.8156852722, 54.74168396, -7.67281675339, 47.9384155273, 2.3495619297, 52.0828704834, -5.45304632187, 88.1822738647]],
        "icov": [[0.000394080823753, -0.000248791475315, 0.000325069238897, -0.000659703626297, 0.000344146334101, -0.000656654941849, 0.000570666452404, -0.000454829714727, 0.000902937201317, 1.16084593174e-005, 0.000355642696377, -0.000364932144294, 0.000550958036911], [-0.000248791475315, 0.00341268954799, -0.00105837162118, 0.00319017400034, -0.00209015375003, 0.00350383273326, -0.0022642579861, 0.0031227322761, -0.00219016615301, 0.00156273064204, -0.00173497281503, 0.00266832998022, -0.00287087610923], [0.000325069238897, -0.00105837162118, 0.00146193208639, -0.00177723937668, 0.00110102701001, -0.00168988620862, 0.00103701360058, -0.00150527164806, 0.00153531436808, -0.000852285767905, 0.000217222113861, -0.000492442923132, 0.000484860618599], [-0.000659703626297, 0.00319017400034, -0.00177723937668, 0.00659122411162, -0.00296635064296, 0.00431462703273, -0.00404137792066, 0.00436771055683, -0.00462173158303, 0.00217468547635, -0.00152468646411, 0.00138804269955, -0.00120962865185], [0.000344146334101, -0.00209015375003, 0.00110102701001, -0.00296635064296, 0.00576581154019, -0.00329829892144, 0.00126380845904, -0.00313749024644, 0.00137116247788, 0.000465974997496, 0.00106022553518, -0.000284331210423, -0.000331647548592], [-0.000656654941849, 0.00350383273326, -0.00168988620862, 0.00431462703273, -0.00329829892144, 0.00997598655522, -0.00291880313307, 0.00252282177098, -0.00172263581771, -0.000449547660537, -0.00411652773619, 0.00422980030999, -0.00299004814588], [0.000570666452404, -0.0022642579861, 0.00103701360058, -0.00404137792066, 0.00126380845904, -0.00291880313307, 0.00762486644089, -0.00364316347986, 0.00206136261113, -0.00146347191185, -0.000280253472738, 0.000500995491166, 0.000318245787639], [-0.000454829714727, 0.0031227322761, -0.00150527164806, 0.00436771055683, -0.00313749024644, 0.00252282177098, -0.00364316347986, 0.0131538566202, -0.00229326845147, -0.0035832086578, -0.00106592231896, -0.00102587265428, -0.000769227859564], [0.000902937201317, -0.00219016615301, 0.00153531436808, -0.00462173158303, 0.00137116247788, -0.00172263581771, 0.00206136261113, -0.00229326845147, 0.0137719782069, -0.00331558310427, -0.00418163230643, -0.000904094893485, 0.000289471587166], [1.16084593174e-005, 0.00156273064204, -0.000852285767905, 0.00217468547635, 0.000465974997496, -0.000449547660537, -0.00146347191185, -0.0035832086578, -0.00331558310427, 0.0161699429154, -0.00233796122484, -0.00172380986623, 0.000110836394015], [0.000355642696377, -0.00173497281503, 0.000217222113861, -0.00152468646411, 0.00106022553518, -0.00411652773619, -0.000280253472738, -0.00106592231896, -0.00418163230643, -0.00233796122484, 0.0176629126072, -0.00446847872809, -0.00338918436319], [-0.000364932144294, 0.00266832998022, -0.000492442923132, 0.00138804269955, -0.000284331210423, 0.00422980030999, 0.000500995491166, -0.00102587265428, -0.000904094893485, -0.00172380986623, -0.00446847872809, 0.0197994485497, -0.00313253630884], [0.000550958036911, -0.00287087610923, 0.000484860618599, -0.00120962865185, -0.000331647548592, -0.00299004814588, 0.000318245787639, -0.000769227859564, 0.000289471587166, 0.000110836394015, -0.00338918436319, -0.00313253630884, 0.0210542697459]]
    },
    "melbands": {
        "mean": [0.00364712718874, 0.00255348533392, 0.00133020232897, 0.000357807497494, 0.00014558537805, 9.35988500714e-005, 5.05401731061e-005, 2.5027880838e-005, 2.04502630368e-005, 1.75497352757e-005, 1.84323234862e-005, 2.17993219849e-005, 1.63025906659e-005, 1.17933304864e-005, 1.25065162138e-005, 1.34035290102e-005, 1.61162370205e-005, 1.72006839421e-005, 1.53281089297e-005, 1.6518686607e-005, 1.81097075256e-005, 1.65235433087e-005, 1.19172218547e-005, 1.11259223559e-005, 1.26066088342e-005, 1.18731977636e-005, 8.84775181476e-006, 1.02033445728e-005, 8.30711906019e-006, 7.51681682232e-006, 7.39702772989e-006, 6.14636792307e-006, 7.22832828615e-006, 4.93982588523e-006, 3.29012937073e-006, 2.01964553526e-006, 1.78070740731e-006, 1.89805746231e-006, 1.64588743701e-006, 1.04481125618e-006],
        "var": [3.09521929012e-005, 2.0580684577e-005, 1.27013972815e-005, 1.60778733971e-006, 1.1277527534e-007, 2.92073973895e-008, 7.05441260962e-009, 1.03772168636e-009, 7.6322720366e-010, 6.20598905599e-010, 7.12387870916e-010, 5.95821836313e-009, 1.84719495255e-009, 4.55164739233e-010, 5.71321379095e-010, 7.42478301063e-010, 1.07445929931e-009, 6.4735999894e-010, 1.04372399612e-009, 1.04597441819e-009, 1.44528944368e-009, 9.7946362132e-010, 4.22220314267e-010, 4.3077283407e-010, 8.20122803002e-010, 4.98015240158e-010, 2.38411373976e-010, 3.60511287489e-010, 2.3555649098e-010, 1.9159061837e-010, 1.50244122699e-010, 1.0852271165e-010, 1.67334396339e-010, 7.80152123458e-011, 2.25277296817e-011, 8.71250554341e-012, 8.89708098861e-012, 8.03548980827e-012, 6.95247462032e-012, 2.70877786347e-012]
    },
    "mfcc": {
        "mean": [-672.575012207, 82.5677337646, 20.7420463562, 41.5843086243, 12.4228410721, 19.3300819397, 4.41091108322, 7.67234706879, 6.90814638138, 6.07377052307, 5.05244064331, 1.09696018696, 1.8600833416],
        "cov": [[5401.10449219, -1160.50341797, -981.534057617, -265.549407959, -129.774429321, -158.480148315, -182.472854614, -43.8524284363, -210.769348145, -246.744522095, -246.569442749, -128.115249634, -91.7296600342], [-1160.50341797, 1290.08825684, 87.3756713867, -19.7846622467, 47.637134552, 16.9650306702, 65.9949035645, -51.6210098267, 62.2407875061, -5.08670377731, -6.00153064728, -26.0561828613, -24.792591095], [-981.534057617, 87.3756713867, 1100.22827148, 139.891769409, 59.8811607361, 70.9922027588, 88.3096389771, 17.2659549713, 12.744720459, 83.4688644409, 68.3480758667, 37.1588592529, 13.0411071777], [-265.549407959, -19.7846622467, 139.891769409, 555.701965332, 16.2226982117, 97.4390640259, -4.9183177948, 75.0739364624, 24.0461235046, 38.3614616394, -0.376110494137, 23.3511981964, -4.54962253571], [-129.774429321, 47.637134552, 59.8811607361, 16.2226982117, 249.89175415, 45.5911140442, 28.2570056915, 12.3256759644, 15.1866292953, 9.54229831696, 10.6376018524, 17.5589485168, -7.43612098694], [-158.480148315, 16.9650306702, 70.9922027588, 97.4390640259, 45.5911140442, 180.267593384, 64.5488967896, 28.6306266785, 31.6357727051, 25.7068042755, 12.3809041977, 29.0375957489, 6.79110860825], [-182.472854614, 65.9949035645, 88.3096389771, -4.9183177948, 28.2570056915, 64.5488967896, 204.79876709, 40.588344574, 60.3377723694, 24.3948059082, 32.9615249634, 39.4765281677, 10.1677789688], [-43.8524284363, -51.6210098267, 17.2659549713, 75.0739364624, 12.3256759644, 28.6306266785, 40.588344574, 87.2556228638, 25.1642532349, 20.860748291, 12.0948925018, 24.1656532288, 16.4536647797], [-210.769348145, 62.2407875061, 12.744720459, 24.0461235046, 15.1866292953, 31.6357727051, 60.3377723694, 25.1642532349, 92.7957763672, 33.641330719, 24.83710289, 25.0568084717, 12.8417596817], [-246.744522095, -5.08670377731, 83.4688644409, 38.3614616394, 9.54229831696, 25.7068042755, 24.3948059082, 20.860748291, 33.641330719, 78.5351409912, 47.8176498413, 36.4681129456, 19.7738456726], [-246.569442749, -6.00153064728, 68.3480758667, -0.376110494137, 10.6376018524, 12.3809041977, 32.9615249634, 12.0948925018, 24.83710289, 47.8176498413, 78.2894210815, 40.0652542114, 27.8689899445], [-128.115249634, -26.0561828613, 37.1588592529, 23.3511981964, 17.5589485168, 29.0375957489, 39.4765281677, 24.1656532288, 25.0568084717, 36.4681129456, 40.0652542114, 72.9658966064, 27.0745010376], [-91.7296600342, -24.792591095, 13.0411071777, -4.54962253571, -7.43612098694, 6.79110860825, 10.1677789688, 16.4536647797, 12.8417596817, 19.7738456726, 27.8689899445, 27.0745010376, 55.7017593384]],
        "icov": [[0.000346932414686, 0.000295996607747, 0.000212883009226, 8.24431335786e-005, 2.62378871412e-005, 4.62391726614e-005, -0.000120211167086, 1.75836726157e-006, 0.000298271887004, 0.000326114328345, 0.00063844473334, -7.47091471567e-005, 0.000211606326047], [0.000295996607747, 0.00112925993744, 0.000116242634249, 1.99667283596e-005, -0.000123840552988, 6.80990051478e-005, -0.000383322505513, 0.000767144258134, -0.000506551936269, 0.000389409658965, 0.000606332963798, 0.000353543262463, 0.000286358961603], [0.000212883009226, 0.000116242634249, 0.0012244413374, -0.000227277778322, -0.000161547446623, -5.1722938224e-005, -0.000611626950558, 0.000313367694616, 0.000897495890968, -0.000854367215652, -9.80246986728e-005, 0.0002833896433, 0.000108583073597], [8.24431335786e-005, 1.99667283596e-005, -0.000227277778322, 0.00246698991396, 0.000198057910893, -0.00115851068404, 0.00101484323386, -0.00215038936585, -0.000187534547877, -0.000549642718397, 0.000760471099056, -0.000425130390795, 0.00108151393943], [2.62378871412e-005, -0.000123840552988, -0.000161547446623, 0.000198057910893, 0.00438180984929, -0.0009767904412, 0.000148254417581, -0.00055944052292, -0.000206063079531, 0.000501812086441, -0.000443759054178, -0.00102283537854, 0.0014728839742], [4.62391726614e-005, 6.80990051478e-005, -5.1722938224e-005, -0.00115851068404, -0.0009767904412, 0.00748599832878, -0.00199356582016, 0.000271164870355, -0.000425903766882, -0.00106662034523, 0.00150762102567, -0.00125100265723, -0.000404740363592], [-0.000120211167086, -0.000383322505513, -0.000611626950558, 0.00101484323386, 0.000148254417581, -0.00199356582016, 0.00789970997721, -0.00294861150905, -0.00375479040667, 0.0021703094244, -0.00207313033752, -0.00220937863924, 0.00175566284452], [1.75836726157e-006, 0.000767144258134, 0.000313367694616, -0.00215038936585, -0.00055944052292, 0.000271164870355, -0.00294861150905, 0.0167840328068, -0.00165023305453, -0.00176695547998, 0.00216387514956, -0.0014605546603, -0.00379698514007], [0.000298271887004, -0.000506551936269, 0.000897495890968, -0.000187534547877, -0.000206063079531, -0.000425903766882, -0.00375479040667, -0.00165023305453, 0.0167876388878, -0.00526993069798, 0.000379696983146, -0.000297062593745, -0.000807525531854], [0.000326114328345, 0.000389409658965, -0.000854367215652, -0.000549642718397, 0.000501812086441, -0.00106662034523, 0.0021703094244, -0.00176695547998, -0.00526993069798, 0.0257158931345, -0.0108340084553, -0.0043584886007, 0.000813271733932], [0.00063844473334, 0.000606332963798, -9.80246986728e-005, 0.000760471099056, -0.000443759054178, 0.00150762102567, -0.00207313033752, 0.00216387514956, 0.000379696983146, -0.0108340084553, 0.0271135400981, -0.00639737350866, -0.00579505832866], [-7.47091471567e-005, 0.000353543262463, 0.0002833896433, -0.000425130390795, -0.00102283537854, -0.00125100265723, -0.00220937863924, -0.0014605546603, -0.000297062593745, -0.0043584886007, -0.00639737350866, 0.0241933781654, -0.00615902245045], [0.000211606326047, 0.000286358961603, 0.000108583073597, 0.00108151393943, 0.0014728839742, -0.000404740363592, 0.00175566284452, -0.00379698514007, -0.000807525531854, 0.000813271733932, -0.00579505832866, -0.00615902245045, 0.0253292229027]]
    },
    "spectral_contrast_coeffs": {
        "mean": [-0.707929968834, -0.797843337059, -0.836790621281, -0.82721799612, -0.812521576881, -0.731157302856],
        "var": [0.00805953331292, 0.00288233323954, 0.00163936987519, 0.00165191281121, 0.00124542764388, 0.00294068036601]
    },
    "spectral_contrast_valleys": {
        "mean": [-7.20356750488, -7.29377508163, -7.87273788452, -7.97581195831, -7.58564805984, -10.0862007141],
        "var": [0.712539613247, 0.71232521534, 0.90139067173, 1.04854285717, 1.15268087387, 1.23749399185]
    }
},
"metadata": {
    "audio_properties": {
        "analysis_sample_rate": 44100,
        "bit_rate": 110759,
        "equal_loudness": 0,
        "length": 45.0873451233,
        "lossless": 0,
        "replay_gain": -15.6475419998,
        "sample_rate": 44100,
        "codec": "mp3",
        "downmix": "mix",
        "md5_encoded": "e983416333c927667338738e12f7af80"
    },
    "tags": {
        "file_name": "466.mp3"
    },
    "version": {
        "essentia": "2.1-beta2",
        "essentia_git_sha": "v2.1_beta2",
        "extractor": "music 1.0"
    }
},
"rhythm": {
    "beats_count": 77,
    "beats_loudness": {
        "mean": 0.0819062963128,
        "var": 0.000392098037992
    },
    "bpm": 103.638031006,
    "bpm_histogram_first_peak_bpm": {
        "mean": 103,
        "var": 0
    },
    "bpm_histogram_first_peak_spread": {
        "mean": 0.106666684151,
        "var": 0
    },
    "bpm_histogram_first_peak_weight": {
        "mean": 0.881578922272,
        "var": 0
    },
    "bpm_histogram_second_peak_bpm": {
        "mean": 108,
        "var": 0
    },
    "bpm_histogram_second_peak_spread": {
        "mean": 0,
        "var": 0
    },
    "bpm_histogram_second_peak_weight": {
        "mean": 0.0131578948349,
        "var": 0
    },
    "danceability": 2.0662894249,
    "onset_rate": 5.01055765152,
    "beats_loudness_band_ratio": {
        "mean": [0.871881246567, 0.0207658689469, 0.00917305983603, 0.0144357150421, 0.0266970042139, 0.062775246799],
        "var": [0.0239527728409, 0.000301485095406, 6.34708703728e-005, 0.000568083429243, 0.00133386102971, 0.00711978552863]
    },
    "beats_position": [0.53405892849, 1.09133780003, 1.66022670269, 2.22911548615, 2.80961441994, 3.39011335373, 3.97061228752, 4.55111122131, 5.13160991669, 5.71210861206, 6.29260778427, 6.87310647964, 7.45360517502, 8.03410434723, 8.6146030426, 9.19510173798, 9.76399040222, 10.3328800201, 10.9133787155, 11.4938774109, 12.0743761063, 12.6548748016, 13.235373497, 13.8158731461, 14.3963718414, 14.9768705368, 15.5573692322, 16.1378688812, 16.7183666229, 17.298866272, 17.8793640137, 18.4598636627, 19.0403633118, 19.6208610535, 20.2013607025, 20.7818584442, 21.3623580933, 21.942855835, 22.523355484, 23.1038551331, 23.6843528748, 24.2648525238, 24.8453502655, 25.4258499146, 26.0063495636, 26.5868473053, 27.1673469543, 27.747844696, 28.316734314, 28.8856239319, 29.4661216736, 30.0350112915, 30.6038990021, 31.1843986511, 31.7648983002, 32.3453979492, 32.9258956909, 33.5063934326, 34.0868911743, 34.6673927307, 35.2478904724, 35.8283882141, 36.4088897705, 36.9893875122, 37.5698852539, 38.1503829956, 38.730884552, 39.3113822937, 39.8918800354, 40.4723815918, 41.0528793335, 41.6333770752, 42.2138786316, 42.7943763733, 43.374874115, 43.9553718567, 44.5358734131]
},
"tonal": {
    "chords_changes_rate": 0.0884773656726,
    "chords_number_rate": 0.00617283955216,
    "chords_strength": {
        "mean": 0.372993290424,
        "var": 0.00569503521547
    },
    "hpcp_entropy": {
        "mean": 2.93892407417,
        "var": 0.638590455055
    },
    "key_strength": 0.514590799809,
    "tuning_diatonic_strength": 0.393784373999,
    "tuning_equal_tempered_deviation": 0.236920550466,
    "tuning_frequency": 434.193115234,
    "tuning_nontempered_energy_ratio": 0.90794467926,
    "hpcp": {
        "mean": [0.23778283596, 0.228928208351, 0.16309992969, 0.121359221637, 0.104743741453, 0.0969037786126, 0.143954396248, 0.215240880847, 0.230724737048, 0.206574320793, 0.174974530935, 0.13351380825, 0.114011183381, 0.128907009959, 0.124695576727, 0.110539063811, 0.111896917224, 0.104820311069, 0.104771099985, 0.0974702984095, 0.0715369954705, 0.0655758753419, 0.0776898413897, 0.148475289345, 0.205833867192, 0.125167876482, 0.0590614229441, 0.104582369328, 0.151426717639, 0.12352501601, 0.0818620994687, 0.0751639977098, 0.0846095606685, 0.123688071966, 0.159297272563, 0.191537454724],
        "var": [0.0921548530459, 0.0930625200272, 0.0611052438617, 0.0438183136284, 0.0370836108923, 0.0361741222441, 0.0515233688056, 0.0905242562294, 0.101415865123, 0.0918089225888, 0.0841306298971, 0.0653804689646, 0.0439594127238, 0.0506709329784, 0.0508205145597, 0.0435706935823, 0.0468103550375, 0.0393463559449, 0.0290640089661, 0.0235255919397, 0.0205282308161, 0.0178194455802, 0.0269084498286, 0.0447652637959, 0.109754562378, 0.0392721891403, 0.0164944920689, 0.0359853059053, 0.0546188354492, 0.0374048054218, 0.0271599311382, 0.0243259966373, 0.0265483595431, 0.0462008267641, 0.066966585815, 0.0745351165533]
    },
    "chords_histogram": [0, 0, 0, 0.925925910473, 18.8271598816, 0, 50.8230438232, 0.514403283596, 0, 0.925925910473, 12.7572011948, 2.88065838814, 0, 0, 0, 0, 0, 0, 0, 0, 0, 0, 1.44032919407, 10.9053497314],
    "thpcp": [1, 0.962761700153, 0.685919702053, 0.510378420353, 0.440501689911, 0.407530575991, 0.605402827263, 0.905199408531, 0.970317065716, 0.868752002716, 0.735858559608, 0.561494708061, 0.479476094246, 0.542120754719, 0.524409472942, 0.46487402916, 0.470584511757, 0.440823704004, 0.440616756678, 0.409913092852, 0.300850123167, 0.275780528784, 0.326726019382, 0.624415516853, 0.865638017654, 0.526395738125, 0.248383879662, 0.439823031425, 0.636827766895, 0.519486665726, 0.344272524118, 0.316103547812, 0.35582703352, 0.520172417164, 0.669927537441, 0.805514216423],
    "chords_key": "F#",
    "chords_scale": "minor",
    "key_key": "A",
    "key_scale": "minor"
}
}