{
"lowlevel": {
    "average_loudness": 0.0666871741414,
    "barkbands_crest": {
        "mean": 12.8946094513,
        "var": 23.2568054199
    },
    "barkbands_flatness_db": {
        "mean": 0.384692728519,
        "var": 0.00855059176683
    },
    "barkbands_kurtosis": {
        "mean": 28.1442680359,
        "var": 8100.64697266
    },
    "barkbands_skewness": {
        "mean": 2.69605922699,
        "var": 5.42981100082
    },
    "barkbands_spread": {
        "mean": 5.95429134369,
        "var": 27.2154178619
    },
    "dissonance": {
        "mean": 0.466558396816,
        "var": 0.000819118286017
    },
    "dynamic_complexity": 3.68603110313,
    "erbbands_crest": {
        "mean": 10.5094079971,
        "var": 21.3541507721
    },
    "erbbands_flatness_db": {
        "mean": 0.31791716814,
        "var": 0.00424567982554
    },
    "erbbands_kurtosis": {
        "mean": 2.90553498268,
        "var": 285.417694092
    },
    "erbbands_skewness": {
        "mean": 0.773540854454,
        "var": 2.11876296997
    },
    "erbbands_spread": {
        "mean": 23.4152832031,
        "var": 128.354446411
    },
    "hfc": {
        "mean": 10.4027795792,
        "var": 198.172134399
    },
    "melbands_crest": {
        "mean": 19.5559654236,
        "var": 45.8220176697
    },
    "melbands_flatness_db": {
        "mean": 0.527377128601,
        "var": 0.0117646502331
    },
    "melbands_kurtosis": {
        "mean": 47.1318397522,
        "var": 16512.578125
    },
    "melbands_skewness": {
        "mean": 3.82586956024,
        "var": 8.11519241333
    },
    "melbands_spread": {
        "mean": 6.3993473053,
        "var": 65.6219406128
    },
    "pitch_salience": {
        "mean": 0.436506420374,
        "var": 0.0251755341887
    },
    "silence_rate_20dB": {
        "mean": 0.93563336134,
        "var": 0.0602235347033
    },
    "silence_rate_30dB": {
        "mean": 0.867147266865,
        "var": 0.115202963352
    },
    "silence_rate_60dB": {
        "mean": 0.0164778586477,
        "var": 0.0162061173469
    },
    "spectral_centroid": {
        "mean": 460.669006348,
        "var": 279262.40625
    },
    "spectral_complexity": {
        "mean": 11.8316173553,
        "var": 37.4233016968
    },
    "spectral_decrease": {
        "mean": -2.10174295745e-008,
        "var": 2.59955300897e-015
    },
    "spectral_energy": {
        "mean": 0.080268137157,
        "var": 0.0374366529286
    },
    "spectral_energyband_high": {
        "mean": 1.77465299203e-005,
        "var": 1.92975146973e-008
    },
    "spectral_energyband_low": {
        "mean": 0.0668055340648,
        "var": 0.0363278724253
    },
    "spectral_energyband_middle_high": {
        "mean": 0.00176053598989,
        "var": 5.4262472986e-006
    },
    "spectral_energyband_middle_low": {
        "mean": 0.0133407954127,
        "var": 0.000339643331245
    },
    "spectral_entropy": {
        "mean": 5.91735267639,
        "var": 0.370831429958
    },
    "spectral_flux": {
        "mean": 0.0887594968081,
        "var": 0.0129353981465
    },
    "spectral_kurtosis": {
        "mean": 65.4769897461,
        "var": 4648.01318359
    },
    "spectral_rms": {
        "mean": 0.00662160571665,
        "var": 3.44645741279e-005
    },
    "spectral_rolloff": {
        "mean": 411.83996582,
        "var": 788803.5625
    },
    "spectral_skewness": {
        "mean": 4.89876365662,
        "var": 9.38308620453
    },
    "spectral_spread": {
        "mean": 1457185.75,
        "var": 3.32848431104e+012
    },
    "spectral_strongpeak": {
        "mean": 0.631760120392,
        "var": 0.356505900621
    },
    "zerocrossingrate": {
        "mean": 0.016468051821,
        "var": 0.000584807654377
    },
    "barkbands": {
        "mean": [0.0065177641809, 0.0455709584057, 0.0131675535813, 0.00645232945681, 0.00367396976799, 0.000665938132443, 0.000559781910852, 0.000774125917815, 0.00108081044164, 0.00056928693084, 0.000510782119818, 7.95118467067e-005, 9.05704582692e-005, 4.5436911023e-005, 0.000156171066919, 6.29950664006e-005, 8.59788269736e-005, 0.000109088134195, 7.41643598303e-005, 6.44295414531e-006, 6.43716157356e-006, 3.83384667657e-006, 1.84585769603e-006, 1.22752032894e-006, 7.07252127086e-007, 4.61426054699e-007, 4.15194065795e-008],
        "var": [0.00125597661827, 0.0252271685749, 0.00152186420746, 0.000148132909089, 3.6685843952e-005, 1.38302414143e-006, 1.67582538779e-006, 2.92031722893e-006, 4.98098552271e-006, 7.41720555197e-007, 6.09919709404e-007, 3.86528355989e-008, 9.39255713206e-008, 1.16245191251e-008, 2.18647926431e-007, 1.74393086638e-008, 5.69723646038e-008, 6.80342324699e-008, 6.62658194983e-008, 2.18426965404e-009, 2.40754571834e-009, 9.9452868163e-010, 3.03541802804e-010, 1.45405534835e-010, 4.11597353422e-011, 1.68690755808e-011, 1.36632648555e-013]
    },
    "erbbands": {
        "mean": [2.02115869522, 7.41834783554, 14.201171875, 17.9814720154, 24.8090209961, 6.36098814011, 4.62437963486, 4.87750244141, 8.03791713715, 10.2864227295, 22.0459899902, 25.8936595917, 13.5722417831, 25.822095871, 11.8586997986, 4.01463222504, 3.92721915245, 2.55604958534, 4.29417419434, 8.45784854889, 4.32577371597, 4.6127576828, 6.64185667038, 5.1772146225, 1.7721568346, 0.375122964382, 0.297724187374, 0.209417298436, 0.157502919436, 0.0827004015446, 0.0491587072611, 0.0298238676041, 0.0186824090779, 0.00910816714168, 0.00434678560123, 0.00200524972752, 0.000862629560288, 0.000182612318895, 4.08162959502e-005, 8.73449898791e-005],
        "var": [62.1171379089, 779.344787598, 2170.09057617, 1012.26843262, 1659.52087402, 129.76335144, 38.4658241272, 109.27444458, 348.219970703, 300.190460205, 2661.8112793, 2938.21020508, 280.409332275, 1447.54956055, 281.58013916, 94.206489563, 227.479827881, 27.6948337555, 102.057762146, 761.524414063, 84.8466110229, 150.364883423, 229.581802368, 160.452423096, 109.181007385, 5.61699199677, 4.99883747101, 2.83880639076, 1.68683993816, 0.50293046236, 0.210224196315, 0.0843312293291, 0.0339405350387, 0.00675255386159, 0.00143065815791, 0.000289357674774, 5.70572374272e-005, 2.59966736849e-006, 9.63639923413e-009, 4.35325659964e-008]
    },
    "gfcc": {
        "mean": [-173.748352051, 239.334671021, -93.4882278442, -11.897772789, 7.65098953247, -22.0301380157, -15.4055166245, 20.9434127808, -11.1640119553, -35.3201217651, -10.9612703323, -11.4837245941, -8.95056533813],
        "cov": [[9149.85058594, -1499.00195313, -1743.52160645, 900.421691895, -303.731781006, 567.886047363, -47.4250144958, -51.2543144226, 70.3922805786, 679.744567871, -158.902252197, -66.2350997925, -291.252716064], [-1499.00195313, 2575.43847656, -638.704528809, -1341.2130127, 394.164245605, -1078.41149902, -232.214233398, 152.26133728, -177.47618103, -783.097167969, 27.7071781158, -102.57232666, -44.0945053101], [-1743.52160645, -638.704528809, 2026.10559082, 303.536132813, -368.129333496, 642.393432617, 140.619094849, -102.002090454, 71.3193969727, 157.160964966, 66.2568435669, 195.135269165, 205.665847778], [900.421691895, -1341.2130127, 303.536132813, 886.973083496, -137.274795532, 541.781982422, 176.962524414, -103.491920471, 119.130599976, 421.625396729, 3.70255589485, 17.9050884247, 37.4254417419], [-303.731781006, 394.164245605, -368.129333496, -137.274795532, 474.457519531, -256.560699463, -21.7082843781, 90.599319458, 21.8148860931, -80.8861236572, 71.8329620361, -54.4970703125, -9.89715480804], [567.886047363, -1078.41149902, 642.393432617, 541.781982422, -256.560699463, 640.242919922, 130.813140869, -88.1544342041, 103.468276978, 351.817230225, 12.69739151, 98.2197341919, 66.8332366943], [-47.4250144958, -232.214233398, 140.619094849, 176.962524414, -21.7082843781, 130.813140869, 140.674560547, -11.1443023682, 40.3581542969, 81.4372329712, 13.8423242569, 1.5808314085, 23.8964424133], [-51.2543144226, 152.26133728, -102.002090454, -103.491920471, 90.599319458, -88.1544342041, -11.1443023682, 122.982299805, 1.13148880005, -53.1473693848, 1.29746353626, -15.3049564362, -17.7727355957], [70.3922805786, -177.47618103, 71.3193969727, 119.130599976, 21.8148860931, 103.468276978, 40.3581542969, 1.13148880005, 111.06526947, 113.883132935, 35.7267608643, 12.8050680161, 18.6273765564], [679.744567871, -783.097167969, 157.160964966, 421.625396729, -80.8861236572, 351.817230225, 81.4372329712, -53.1473693848, 113.883132935, 350.485809326, 52.9056739807, 47.5383491516, 22.389043808], [-158.902252197, 27.7071781158, 66.2568435669, 3.70255589485, 71.8329620361, 12.69739151, 13.8423242569, 1.29746353626, 35.7267608643, 52.9056739807, 93.2228775024, 31.5129909515, 27.8695755005], [-66.2350997925, -102.57232666, 195.135269165, 17.9050884247, -54.4970703125, 98.2197341919, 1.5808314085, -15.3049564362, 12.8050680161, 47.5383491516, 31.5129909515, 92.5550918579, 45.5355453491], [-291.252716064, -44.0945053101, 205.665847778, 37.4254417419, -9.89715480804, 66.8332366943, 23.8964424133, -17.7727355957, 18.6273765564, 22.389043808, 27.8695755005, 45.5355453491, 69.5166702271]],
        "icov": [[0.000321630242979, -0.000761575414799, 0.000450843683211, -0.000752175226808, 0.000152088236064, -0.0010751215741, 0.000507450371515, -0.000367699190974, 0.000543488946278, -0.000946549640503, 0.000667282205541, -0.000555072270799, 0.000977704534307], [-0.000761575414799, 0.00732326041907, -0.00111415330321, 0.00642441306263, -0.000279687112197, 0.00605413177982, -0.00249005993828, 0.00255291163921, -0.00420975405723, 0.00748431636021, -0.00570332678035, 0.00331079284661, -0.00422427523881], [0.000450843683211, -0.00111415330321, 0.00186810293235, -0.00102904078085, 0.000736102694646, -0.00324118090793, 0.000686303770635, -0.000637175573502, 0.00054313155124, 0.000205253294553, -0.000322103995131, -0.000663199927658, -0.000616663252003], [-0.000752175226808, 0.00642441306263, -0.00102904078085, 0.00998105760664, -0.00106403848622, 0.00375048257411, -0.00417444296181, 0.00344132725149, -0.00264113279991, 0.00261517404579, -0.0026556160301, 0.00549447024241, -0.0055167642422], [0.000152088236064, -0.000279687112197, 0.000736102694646, -0.00106403848622, 0.00443391874433, 0.000620368111413, 0.000620554492343, -0.00229218439199, -0.000910732196644, 0.000666609965265, -0.00390425976366, 0.00189375446644, -0.00155551708303], [-0.0010751215741, 0.00605413177982, -0.00324118090793, 0.00375048257411, 0.000620368111413, 0.0148485330865, -0.0039716809988, 0.00211045984179, -0.00386857264675, 0.00076836720109, -0.00104489189107, -0.000560947286431, -0.00380106340162], [0.000507450371515, -0.00249005993828, 0.000686303770635, -0.00417444296181, 0.000620554492343, -0.0039716809988, 0.0121149457991, -0.00218098354526, -7.32474927645e-006, -0.00102861050982, -0.000243781614699, 0.00206951983273, -0.000976474606432], [-0.000367699190974, 0.00255291163921, -0.000637175573502, 0.00344132725149, -0.00229218439199, 0.00211045984179, -0.00218098354526, 0.011859472841, -0.00329471961595, 0.00328712444752, -0.000457944959635, -0.000271633209195, 0.00172324420419], [0.000543488946278, -0.00420975405723, 0.00054313155124, -0.00264113279991, -0.000910732196644, -0.00386857264675, -7.32474927645e-006, -0.00329471961595, 0.0186330806464, -0.0107735283673, 0.00211034691893, 0.000661121273879, -0.000630545197055], [-0.000946549640503, 0.00748431636021, 0.000205253294553, 0.00261517404579, 0.000666609965265, 0.00076836720109, -0.00102861050982, 0.00328712444752, -0.0107735283673, 0.0238150190562, -0.0142244389281, 0.00118357653264, -0.000539263768587], [0.000667282205541, -0.00570332678035, -0.000322103995131, -0.0026556160301, -0.00390425976366, -0.00104489189107, -0.000243781614699, -0.000457944959635, 0.00211034691893, -0.0142244389281, 0.0269936900586, -0.00842845905572, 0.000690883432981], [-0.000555072270799, 0.00331079284661, -0.000663199927658, 0.00549447024241, 0.00189375446644, -0.000560947286431, 0.00206951983273, -0.000271633209195, 0.000661121273879, 0.00118357653264, -0.00842845905572, 0.0256905406713, -0.0152008486912], [0.000977704534307, -0.00422427523881, -0.000616663252003, -0.0055167642422, -0.00155551708303, -0.00380106340162, -0.000976474606432, 0.00172324420419, -0.000630545197055, -0.000539263768587, 0.000690883432981, -0.0152008486912, 0.034828081727]]
    },
    "melbands": {
        "mean": [0.0150253223255, 0.00827688351274, 0.00373845524155, 0.00106336281169, 0.000159203424118, 0.000116053553938, 0.000128015482915, 0.00012086841889, 0.000196810840862, 0.000149880157551, 6.2776991399e-005, 0.000104091435787, 6.04585038673e-005, 9.52441769186e-006, 9.50192497839e-006, 7.00739565218e-006, 4.75605338579e-006, 6.04505748925e-006, 1.08917765829e-005, 8.07740980235e-006, 5.04017680214e-006, 5.04067065776e-006, 4.25930875281e-006, 6.68249458613e-006, 4.15760769101e-006, 1.5007822185e-006, 5.29280441697e-007, 1.93377999835e-007, 1.73311235585e-007, 1.76098552629e-007, 9.8823406347e-008, 9.67372670857e-008, 6.05898620165e-008, 4.02759710028e-008, 2.9650021105e-008, 2.1772260439e-008, 1.64649165413e-008, 1.40076821253e-008, 9.97566740324e-009, 6.77587497222e-009],
        "var": [0.00295128417201, 0.000687231076881, 3.44035506714e-005, 3.14609860652e-006, 5.59832749047e-008, 6.31427425901e-008, 9.0159211652e-008, 3.89898673347e-008, 2.31138770346e-007, 8.77171544289e-008, 6.63072574625e-009, 2.39152253556e-008, 7.86918707973e-009, 5.05489428093e-010, 1.28240984498e-009, 4.51389314815e-010, 1.13659449907e-010, 1.87394239015e-010, 1.01286579124e-009, 5.64340629783e-010, 1.23112922634e-010, 2.38624481286e-010, 9.63275292865e-011, 2.89810869747e-010, 1.20281021254e-010, 8.96625412805e-011, 1.02420806211e-011, 2.31690404709e-012, 1.78377636013e-012, 1.8395580198e-012, 6.53408859137e-013, 6.63319876457e-013, 2.5683177373e-013, 1.35509171158e-013, 7.90754587461e-014, 4.25289957331e-014, 2.63262668094e-014, 1.93580130495e-014, 9.68990360363e-015, 3.48326608273e-015]
    },
    "mfcc": {
        "mean": [-803.161865234, 243.500946045, 10.7357873917, 17.7392959595, 32.6755256653, -14.4552154541, -2.40125131607, 34.2275276184, 12.9480714798, -1.76258611679, 3.8958234787, -11.7678117752, -14.755361557],
        "cov": [[5626.56835938, 484.624816895, -2288.27246094, -180.302017212, 207.152786255, -51.0334091187, -71.5800704956, 9.16065406799, -246.127563477, 9.54915618896, 299.772003174, 192.952133179, 38.691318512], [484.624816895, 1430.93737793, -548.09387207, -530.785888672, 148.565170288, -563.384277344, -333.361877441, 167.364257813, -147.925735474, -275.090881348, 16.3302001953, -180.333618164, -227.606430054], [-2288.27246094, -548.09387207, 1910.01147461, 351.219787598, -439.975524902, 307.20602417, 183.830322266, -129.66746521, 211.516265869, 94.7144470215, -260.411407471, -32.3057174683, 80.1833724976], [-180.302017212, -530.785888672, 351.219787598, 364.552124023, -59.8680686951, 270.399200439, 181.836853027, -68.9054870605, 87.4195709229, 159.602615356, -6.21893548965, 80.6702270508, 122.667793274], [207.152786255, 148.565170288, -439.975524902, -59.8680686951, 341.785186768, -5.74087524414, -29.3096427917, 64.8960952759, -61.0794219971, -29.6831150055, 116.926712036, 29.2566108704, -19.3229942322], [-51.0334091187, -563.384277344, 307.20602417, 270.399200439, -5.74087524414, 450.978515625, 232.846130371, -115.949829102, 61.6822509766, 157.233901978, 29.7202148438, 180.74156189, 171.585571289], [-71.5800704956, -333.361877441, 183.830322266, 181.836853027, -29.3096427917, 232.846130371, 194.713684082, -41.5272293091, 43.7869606018, 112.725318909, 16.8795681, 87.6288528442, 107.040016174], [9.16065406799, 167.364257813, -129.66746521, -68.9054870605, 64.8960952759, -115.949829102, -41.5272293091, 108.319442749, 4.63055896759, -44.479347229, 9.72128868103, -61.177570343, -61.9672622681], [-246.127563477, -147.925735474, 211.516265869, 87.4195709229, -61.0794219971, 61.6822509766, 43.7869606018, 4.63055896759, 99.8839111328, 57.5501060486, -29.5109443665, 7.83347225189, 22.1980285645], [9.54915618896, -275.090881348, 94.7144470215, 159.602615356, -29.6831150055, 157.233901978, 112.725318909, -44.479347229, 57.5501060486, 139.089859009, 34.2073173523, 79.863861084, 89.7174530029], [299.772003174, 16.3302001953, -260.411407471, -6.21893548965, 116.926712036, 29.7202148438, 16.8795681, 9.72128868103, -29.5109443665, 34.2073173523, 109.04763031, 63.0383338928, 28.2840156555], [192.952133179, -180.333618164, -32.3057174683, 80.6702270508, 29.2566108704, 180.74156189, 87.6288528442, -61.177570343, 7.83347225189, 79.863861084, 63.0383338928, 148.175689697, 109.350364685], [38.691318512, -227.606430054, 80.1833724976, 122.667793274, -19.3229942322, 171.585571289, 107.040016174, -61.9672622681, 22.1980285645, 89.7174530029, 28.2840156555, 109.350364685, 127.603111267]],
        "icov": [[0.000638003402855, -0.000498741224874, 0.00117193546612, -0.000944145489484, 0.00145035027526, -0.00137488916516, 0.000557175546419, -0.00036859154352, 0.000450149236713, 0.000184900083696, -0.000116946539492, -0.000203624105779, 0.000502284499817], [-0.000498741224874, 0.00242570694536, -0.00121116044465, 0.0023609707132, -0.00169904110953, 0.00287136179395, -0.000423092715209, -0.000365074141882, 0.000286432972644, 0.000228971999604, -4.0454469854e-005, -0.000736852816772, -0.000541742367204], [0.00117193546612, -0.00121116044465, 0.00349285802804, -0.00248388224281, 0.00349711673334, -0.00367545033805, 0.000838308304083, 5.03191768075e-005, -0.000853918434586, 0.00142948469147, 0.000987029052339, 0.000698383199051, 0.000796580978204], [-0.000944145489484, 0.0023609707132, -0.00248388224281, 0.0114079425111, -0.00365356402472, 0.000930968497414, -0.00205722800456, 0.000497108499985, -0.000760157417972, -0.0065964544192, 0.00128007296007, 0.00435529369861, -0.00399217987433], [0.00145035027526, -0.00169904110953, 0.00349711673334, -0.00365356402472, 0.0108812237158, -0.00747058307752, 0.00406285421923, -0.00524321943521, 0.00220016506501, 0.0033997122664, -0.0068966797553, 0.00122676242609, 0.00128764519468], [-0.00137488916516, 0.00287136179395, -0.00367545033805, 0.000930968497414, -0.00747058307752, 0.0186065472662, -0.011689783074, 0.00754512194544, -0.00338721787557, 0.00204203324392, 0.00294602289796, -0.0110369473696, 0.00223078601994], [0.000557175546419, -0.000423092715209, 0.000838308304083, -0.00205722800456, 0.00406285421923, -0.011689783074, 0.0230331774801, -0.0110233332962, 0.00683019775897, -0.00794225558639, 0.000230590740102, 0.00469921622425, -0.0074952179566], [-0.00036859154352, -0.000365074141882, 5.03191768075e-005, 0.000497108499985, -0.00524321943521, 0.00754512194544, -0.0110233332962, 0.0274505987763, -0.0148882158101, 0.00920639932156, -0.00717081315815, 0.00602410500869, 0.00313297426328], [0.000450149236713, 0.000286432972644, -0.000853918434586, -0.000760157417972, 0.00220016506501, -0.00338721787557, 0.00683019775897, -0.0148882158101, 0.0278615579009, -0.0169386509806, 0.01087272726, -0.00586582254618, 0.00324949272908], [0.000184900083696, 0.000228971999604, 0.00142948469147, -0.0065964544192, 0.0033997122664, 0.00204203324392, -0.00794225558639, 0.00920639932156, -0.0169386509806, 0.0353952199221, -0.0169227235019, 0.00236836611293, -0.00552060781047], [-0.000116946539492, -4.0454469854e-005, 0.000987029052339, 0.00128007296007, -0.0068966797553, 0.00294602289796, 0.000230590740102, -0.00717081315815, 0.01087272726, -0.0169227235019, 0.03536907956, -0.0163439679891, 0.00560411345214], [-0.000203624105779, -0.000736852816772, 0.000698383199051, 0.00435529369861, 0.00122676242609, -0.0110369473696, 0.00469921622425, 0.00602410500869, -0.00586582254618, 0.00236836611293, -0.0163439679891, 0.0397584028542, -0.0229610782117], [0.000502284499817, -0.000541742367204, 0.000796580978204, -0.00399217987433, 0.00128764519468, 0.00223078601994, -0.0074952179566, 0.00313297426328, 0.00324949272908, -0.00552060781047, 0.00560411345214, -0.0229610782117, 0.0368102267385]]
    },
    "spectral_contrast_coeffs": {
        "mean": [-0.588126003742, -0.779794692993, -0.716496407986, -0.731295883656, -0.635843336582, -0.860113322735],
        "var": [0.00784847605973, 0.00382133107632, 0.00503012910485, 0.00738457916304, 0.0149639258161, 0.00480570970103]
    },
    "spectral_contrast_valleys": {
        "mean": [-7.02417850494, -6.86047935486, -8.0502614975, -9.94676876068, -11.4482393265, -14.0377779007],
        "var": [1.15388393402, 1.48156130314, 1.68175971508, 2.10453367233, 3.17499303818, 2.13379240036]
    }
},
"metadata": {
    "audio_properties": {
        "analysis_sample_rate": 44100,
        "bit_rate": 84953,
        "equal_loudness": 0,
        "length": 45.0612258911,
        "lossless": 0,
        "replay_gain": 1.46427726746,
        "sample_rate": 44100,
        "codec": "mp3",
        "downmix": "mix",
        "md5_encoded": "dfd7505f44c9beecb72fa66b4b203695"
    },
    "tags": {
        "file_name": "468.mp3"
    },
    "version": {
        "essentia": "2.1-beta2",
        "essentia_git_sha": "v2.1_beta2",
        "extractor": "music 1.0"
    }
},
"rhythm": {
    "beats_count": 69,
    "beats_loudness": {
        "mean": 0.208179265261,
        "var": 0.1703735888
    },
    "bpm": 80.8182220459,
    "bpm_histogram_first_peak_bpm": {
        "mean": 101,
        "var": 0
    },
    "bpm_histogram_first_peak_spread": {
        "mean": 0.481481492519,
        "var": 0
    },
    "bpm_histogram_first_peak_weight": {
        "mean": 0.205882355571,
        "var": 0
    },
    "bpm_histogram_second_peak_bpm": {
        "mean": 81,
        "var": 0
    },
    "bpm_histogram_second_peak_spread": {
        "mean": 0.12000002712,
        "var": 0
    },
    "bpm_histogram_second_peak_weight": {
        "mean": 0.323529422283,
        "var": 0
    },
    "danceability": 1.21510875225,
    "onset_rate": 2.24038481712,
    "beats_loudness_band_ratio": {
        "mean": [0.819657325745, 0.0969183593988, 0.0790673717856, 0.0442314781249, 0.0120144961402, 0.00121084379498],
        "var": [0.0327582992613, 0.00620779022574, 0.0124246226624, 0.00259133474901, 0.000497841043398, 7.8456087067e-006]
    },
    "beats_position": [0.53405892849, 1.07972788811, 1.62539684772, 2.18267560005, 2.73995471001, 3.32045340538, 3.88934230804, 4.52789115906, 5.17804956436, 5.8282084465, 6.46675729752, 7.11691617966, 7.73224496841, 8.34757328033, 8.93968200684, 9.54340076447, 10.1355104446, 10.7392292023, 11.3429479599, 11.9350566864, 12.5271654129, 13.1192741394, 13.6649427414, 14.2106122971, 14.756280899, 15.301949501, 15.8476190567, 16.4397277832, 17.031835556, 17.6239452362, 18.2508831024, 18.877822876, 19.458322525, 20.0388202667, 20.6193199158, 21.2114276886, 21.8035373688, 22.3956451416, 22.9877548218, 23.5914726257, 24.1835823059, 24.7756919861, 25.3910198212, 26.0063495636, 26.7493877411, 27.4808158875, 28.2006340027, 28.932062149, 29.6634922028, 30.4181404114, 31.1611785889, 31.9042167664, 32.6356468201, 33.3670730591, 34.1101112366, 34.8531494141, 35.5961914063, 36.3392295837, 37.093875885, 37.8369140625, 38.5915641785, 39.3578224182, 40.0776405334, 40.8322906494, 41.5753288269, 42.3299751282, 43.0730133057, 43.8160552979, 44.5707015991]
},
"tonal": {
    "chords_changes_rate": 0.0699588507414,
    "chords_number_rate": 0.0113168722019,
    "chords_strength": {
        "mean": 0.359997421503,
        "var": 0.00665302062407
    },
    "hpcp_entropy": {
        "mean": 2.2933409214,
        "var": 0.333621501923
    },
    "key_strength": 0.401224195957,
    "tuning_diatonic_strength": 0.269589990377,
    "tuning_equal_tempered_deviation": 0.28274255991,
    "tuning_frequency": 434.193115234,
    "tuning_nontempered_energy_ratio": 0.926876485348,
    "hpcp": {
        "mean": [0.0605418868363, 0.0963657423854, 0.0851769149303, 0.0517384968698, 0.0397220700979, 0.0554763376713, 0.0978538021445, 0.340700954199, 0.5429058671, 0.307415753603, 0.0663933381438, 0.0373508557677, 0.0396069400012, 0.0465213507414, 0.0663041174412, 0.0798251852393, 0.067956738174, 0.056945823133, 0.0462772771716, 0.0357620306313, 0.0465188473463, 0.0502664558589, 0.0286146849394, 0.0806578397751, 0.219586849213, 0.475029110909, 0.458827108145, 0.149641990662, 0.0288862176239, 0.0281028579921, 0.0439939647913, 0.050317812711, 0.0557327196002, 0.0529070831835, 0.036535680294, 0.0364095270634],
        "var": [0.028711443767, 0.0317054763436, 0.0198873337358, 0.016605425626, 0.0173685848713, 0.0145665099844, 0.0245016030967, 0.0880219936371, 0.171255812049, 0.0764403939247, 0.0220964383334, 0.0177195519209, 0.0192220062017, 0.0195901822299, 0.0218931380659, 0.0211027543992, 0.0209994837642, 0.018944432959, 0.013578446582, 0.00657459301874, 0.00651541398838, 0.0134826982394, 0.0138807175681, 0.0297757685184, 0.0951527878642, 0.110701166093, 0.150764688849, 0.0295699089766, 0.00919013749808, 0.0112187508494, 0.0222353618592, 0.0188543498516, 0.0121540585533, 0.0186568535864, 0.0169555712491, 0.0155129022896]
    },
    "chords_histogram": [12.0370368958, 4.52674913406, 0, 9.46502017975, 5.65843629837, 30.2469139099, 0, 0, 0, 0, 2.26337456703, 3.29218101501, 0, 0, 0, 13.7860078812, 0, 2.16049385071, 0, 0, 0, 0, 12.448559761, 4.11522626877],
    "thpcp": [1, 0.566241383553, 0.122292540967, 0.0687980353832, 0.0729536041617, 0.0856895372272, 0.122128203511, 0.147033199668, 0.125172227621, 0.104890786111, 0.0852399617434, 0.06587151438, 0.0856849253178, 0.0925877913833, 0.0527065321803, 0.148566901684, 0.404465794563, 0.874975085258, 0.845131993294, 0.275631546974, 0.0532066784799, 0.0517637766898, 0.0810342431068, 0.0926823914051, 0.102656319737, 0.097451671958, 0.0672965273261, 0.0670641586185, 0.111514516175, 0.177499905229, 0.156890764832, 0.0952992066741, 0.0731656700373, 0.102184079587, 0.180240824819, 0.627550721169],
    "chords_key": "B",
    "chords_scale": "minor",
    "key_key": "F",
    "key_scale": "major"
}
}