{
"lowlevel": {
    "average_loudness": 0.953773736954,
    "barkbands_crest": {
        "mean": 15.8717346191,
        "var": 32.6838378906
    },
    "barkbands_flatness_db": {
        "mean": 0.357937932014,
        "var": 0.0441347584128
    },
    "barkbands_kurtosis": {
        "mean": 90.1156845093,
        "var": 24024.7128906
    },
    "barkbands_skewness": {
        "mean": 5.13312864304,
        "var": 23.9006824493
    },
    "barkbands_spread": {
        "mean": 15.9373197556,
        "var": 691.739074707
    },
    "dissonance": {
        "mean": 0.43974557519,
        "var": 0.0080590005964
    },
    "dynamic_complexity": 6.16021156311,
    "erbbands_crest": {
        "mean": 13.1464958191,
        "var": 52.5380439758
    },
    "erbbands_flatness_db": {
        "mean": 0.227795064449,
        "var": 0.0173084605485
    },
    "erbbands_kurtosis": {
        "mean": 28.4729747772,
        "var": 5372.93603516
    },
    "erbbands_skewness": {
        "mean": 2.10913181305,
        "var": 12.8746118546
    },
    "erbbands_spread": {
        "mean": 49.9837722778,
        "var": 2281.71557617
    },
    "hfc": {
        "mean": 13.3097848892,
        "var": 758.968383789
    },
    "melbands_crest": {
        "mean": 22.5759830475,
        "var": 47.7930984497
    },
    "melbands_flatness_db": {
        "mean": 0.460883319378,
        "var": 0.0650537386537
    },
    "melbands_kurtosis": {
        "mean": 165.899536133,
        "var": 57678.4570313
    },
    "melbands_skewness": {
        "mean": 6.69735860825,
        "var": 37.7968711853
    },
    "melbands_spread": {
        "mean": 14.2951183319,
        "var": 946.279968262
    },
    "pitch_salience": {
        "mean": 0.36502969265,
        "var": 0.0421714298427
    },
    "silence_rate_20dB": {
        "mean": 1,
        "var": 0
    },
    "silence_rate_30dB": {
        "mean": 0.906282186508,
        "var": 0.0849350467324
    },
    "silence_rate_60dB": {
        "mean": 0.222966015339,
        "var": 0.173251569271
    },
    "spectral_centroid": {
        "mean": 1057.12451172,
        "var": 1689140.25
    },
    "spectral_complexity": {
        "mean": 5.46601438522,
        "var": 111.830429077
    },
    "spectral_decrease": {
        "mean": -9.29834254038e-009,
        "var": 1.64498470273e-016
    },
    "spectral_energy": {
        "mean": 0.0363013334572,
        "var": 0.00245290366001
    },
    "spectral_energyband_high": {
        "mean": 0.00102242629509,
        "var": 7.19409626981e-006
    },
    "spectral_energyband_low": {
        "mean": 0.0308534167707,
        "var": 0.00203104992397
    },
    "spectral_energyband_middle_high": {
        "mean": 0.00095354730729,
        "var": 9.97363076749e-006
    },
    "spectral_energyband_middle_low": {
        "mean": 0.00533846672624,
        "var": 0.000264654430794
    },
    "spectral_entropy": {
        "mean": 6.54903316498,
        "var": 3.08603858948
    },
    "spectral_flux": {
        "mean": 0.102411553264,
        "var": 0.0100930780172
    },
    "spectral_kurtosis": {
        "mean": 43.2550735474,
        "var": 11580.3378906
    },
    "spectral_rms": {
        "mean": 0.00460495054722,
        "var": 1.42103426697e-005
    },
    "spectral_rolloff": {
        "mean": 1516.81713867,
        "var": 11586046
    },
    "spectral_skewness": {
        "mean": 3.47317743301,
        "var": 21.5827274323
    },
    "spectral_spread": {
        "mean": 5617760.5,
        "var": 1.20345476465e+013
    },
    "spectral_strongpeak": {
        "mean": 0.376063406467,
        "var": 0.127262160182
    },
    "zerocrossingrate": {
        "mean": 0.0524185746908,
        "var": 0.00709934392944
    },
    "barkbands": {
        "mean": [0.000920306309126, 0.0170254465193, 0.0110630169511, 0.00315250968561, 0.00164613511879, 0.000297907710774, 0.000114062815555, 4.15560571128e-005, 6.19590937276e-005, 7.29612220312e-005, 5.31453515578e-005, 6.20069622528e-005, 0.0001147363364, 9.0154913778e-005, 0.000113190078991, 9.94068323052e-005, 7.65042568673e-005, 0.000105337450805, 0.000101155630546, 0.00015138341405, 0.000187029203516, 0.000222564660362, 0.000155848712893, 0.000107286345155, 0.000137042123242, 0.000122762226965, 5.91157277086e-006],
        "var": [3.23136418956e-006, 0.000683886231855, 0.000543004309293, 0.000113729205623, 3.8987283915e-005, 1.0016451597e-006, 1.61279530175e-007, 2.73733427036e-008, 8.54616146739e-008, 1.63154055599e-007, 4.7289905325e-008, 8.60335589437e-008, 2.90247555768e-007, 1.12583009582e-007, 1.92212823436e-007, 1.19965960721e-007, 7.82840672287e-008, 1.17621077322e-007, 7.8739702758e-008, 1.75345050479e-007, 2.62247112914e-007, 4.88612045046e-007, 2.34679617961e-007, 8.9811486248e-008, 1.94497914663e-007, 1.9276356511e-007, 4.09277639557e-010]
    },
    "erbbands": {
        "mean": [0.389457285404, 4.15691137314, 12.8603782654, 12.1681127548, 8.85758018494, 3.67063164711, 2.2952940464, 2.39815354347, 1.77674543858, 1.24687969685, 1.03227329254, 1.55953252316, 1.97069013119, 2.23694825172, 2.21641349792, 2.77005171776, 4.72280740738, 4.8871846199, 5.62061834335, 6.17923974991, 5.0212469101, 4.43249559402, 5.76875305176, 4.9347114563, 5.72820663452, 7.1555352211, 7.35966968536, 8.62153434753, 7.67271280289, 5.53983736038, 4.1542725563, 2.16221952438, 1.95901584625, 1.38413274288, 1.05001497269, 0.631285786629, 0.19770245254, 0.0299401469529, 0.000805782503448, 6.45708278171e-005],
        "var": [0.409057348967, 45.5126609802, 623.793273926, 957.440490723, 1055.20568848, 145.509597778, 47.2135124207, 69.0026550293, 36.5999221802, 20.2265415192, 17.9729137421, 60.4798736572, 99.6570281982, 121.814147949, 79.5194015503, 184.989044189, 475.915008545, 394.459381104, 456.736297607, 497.442779541, 269.835235596, 235.387878418, 378.512817383, 188.106079102, 267.601318359, 386.019958496, 394.301330566, 694.198669434, 555.546264648, 275.045654297, 177.226028442, 32.0151062012, 38.0295562744, 22.0929260254, 12.2320566177, 5.318171978, 0.504542648792, 0.00870819576085, 6.39417385173e-006, 1.06355173557e-008]
    },
    "gfcc": {
        "mean": [-234.875762939, 74.8974380493, -30.919752121, 73.5541610718, -19.0864124298, 28.0891284943, -20.1102619171, 5.85626459122, -19.0739002228, -1.74573242664, -15.2355499268, -5.20946979523, -11.4419956207],
        "cov": [[56156.203125, -4938.99121094, -7514.00097656, 1867.72045898, -2498.19165039, 171.503860474, -2033.86279297, 143.652923584, -1121.64953613, 1169.47692871, -825.939880371, 855.344421387, -552.062805176], [-4938.99121094, 6510.07763672, 2579.26635742, -128.813934326, 1148.28027344, -793.124694824, 562.01385498, -711.287658691, 646.014038086, -728.93762207, 593.717651367, -647.867736816, 390.533752441], [-7514.00097656, 2579.26635742, 4728.75390625, 665.403137207, 1162.68286133, -143.519882202, 411.504272461, -193.517913818, 255.758346558, -304.464508057, 230.679290771, -216.85647583, 113.770011902], [1867.72045898, -128.813934326, 665.403137207, 1243.65380859, 355.926300049, 142.507095337, 37.7110671997, 26.6787548065, 8.98394298553, -25.7951316833, -20.7050323486, -33.1076774597, -12.6468267441], [-2498.19165039, 1148.28027344, 1162.68286133, 355.926300049, 839.496032715, 11.2746477127, 296.794006348, -86.8619232178, 147.210113525, -144.163894653, 143.633895874, -120.084228516, 71.0451049805], [171.503860474, -793.124694824, -143.519882202, 142.507095337, 11.2746477127, 384.320281982, 53.6579551697, 154.148864746, -89.9624023438, 69.5734405518, -62.9922065735, 72.6008148193, -61.9689064026], [-2033.86279297, 562.01385498, 411.504272461, 37.7110671997, 296.794006348, 53.6579551697, 357.493377686, 17.7984104156, 139.872375488, -77.7961730957, 71.3311691284, -46.762714386, 51.5657997131], [143.652923584, -711.287658691, -193.517913818, 26.6787548065, -86.8619232178, 154.148864746, 17.7984104156, 201.973876953, -36.3682403564, 89.6285095215, -75.4432220459, 73.5984725952, -31.1664085388], [-1121.64953613, 646.014038086, 255.758346558, 8.98394298553, 147.210113525, -89.9624023438, 139.872375488, -36.3682403564, 196.158630371, -62.7664985657, 115.195007324, -72.5513000488, 57.5393600464], [1169.47692871, -728.93762207, -304.464508057, -25.7951316833, -144.163894653, 69.5734405518, -77.7961730957, 89.6285095215, -62.7664985657, 164.857925415, -47.2777023315, 107.885070801, -49.3456459045], [-825.939880371, 593.717651367, 230.679290771, -20.7050323486, 143.633895874, -62.9922065735, 71.3311691284, -75.4432220459, 115.195007324, -47.2777023315, 154.323257446, -52.6428756714, 59.6304550171], [855.344421387, -647.867736816, -216.85647583, -33.1076774597, -120.084228516, 72.6008148193, -46.762714386, 73.5984725952, -72.5513000488, 107.885070801, -52.6428756714, 135.667312622, -32.855266571], [-552.062805176, 390.533752441, 113.770011902, -12.6468267441, 71.0451049805, -61.9689064026, 51.5657997131, -31.1664085388, 57.5393600464, -49.3456459045, 59.6304550171, -32.855266571, 88.5333328247]],
        "icov": [[4.78706424474e-005, -0.000113044137834, 8.80917868926e-005, -0.000158980314154, 5.60719963687e-005, -3.25208311551e-005, 0.000152091743075, 2.27462569455e-005, 6.73075628583e-005, -0.000299983628793, 0.000134260277264, -0.000279784871964, 0.000107705061964], [-0.000113044137834, 0.00107920286246, -0.000360571866622, 0.00056719064014, -0.000332171359332, 0.00059454375878, -0.000729172956198, 0.000939628283959, -0.000508653116412, 0.00160504563246, -0.000903290230781, 0.00193034880795, -0.000932916940656], [8.80917868926e-005, -0.000360571866622, 0.000533958780579, -0.000416753318859, -0.000254975515418, 4.80459530081e-005, 0.000309494324028, -0.000252861762419, 0.000237951186136, -0.000342077371897, 0.000182974006748, -0.000929655507207, 0.000549556687474], [-0.000158980314154, 0.00056719064014, -0.000416753318859, 0.00165363168344, -0.000799533852842, -0.000389987428207, 5.47891577298e-005, 0.000318774342304, -0.00101803767029, 0.00101036520209, 0.000377708172891, 0.00140480848495, -0.000780886621214], [5.60719963687e-005, -0.000332171359332, -0.000254975515418, -0.000799533852842, 0.00302932457998, -0.000348468573065, -0.00157091813162, 0.000306330824969, 0.00107946188655, -0.000612991920207, -0.00123994937167, 0.000265979964752, 0.000266949617071], [-3.25208311551e-005, 0.00059454375878, 4.80459530081e-005, -0.000389987428207, -0.000348468573065, 0.00623719766736, -0.00239256280474, -0.00378802744672, 0.00421185884625, 0.00186897919048, -0.00398908136413, 0.000543964910321, 0.00295554753393], [0.000152091743075, -0.000729172956198, 0.000309494324028, 5.47891577298e-005, -0.00157091813162, -0.00239256280474, 0.00735939992592, -0.000973462127149, -0.00488878134638, 0.000808059296105, 0.00283854291774, -0.00332414731383, -0.000785990210716], [2.27462569455e-005, 0.000939628283959, -0.000252861762419, 0.000318774342304, 0.000306330824969, -0.00378802744672, -0.000973462127149, 0.0135502740741, -0.00507329823449, -0.00427713152021, 0.00664655771106, 0.00081807753304, -0.00445250049233], [6.73075628583e-005, -0.000508653116412, 0.000237951186136, -0.00101803767029, 0.00107946188655, 0.00421185884625, -0.00488878134638, -0.00507329823449, 0.0169264897704, -0.00090482464293, -0.010217548348, 0.00333054852672, 0.00196833629161], [-0.000299983628793, 0.00160504563246, -0.000342077371897, 0.00101036520209, -0.000612991920207, 0.00186897919048, 0.000808059296105, -0.00427713152021, -0.00090482464293, 0.0205729231238, -0.00561287766322, -0.00762954587117, 0.00446085492149], [0.000134260277264, -0.000903290230781, 0.000182974006748, 0.000377708172891, -0.00123994937167, -0.00398908136413, 0.00283854291774, 0.00664655771106, -0.010217548348, -0.00561287766322, 0.0200763065368, -0.0012583527714, -0.00694706104696], [-0.000279784871964, 0.00193034880795, -0.000929655507207, 0.00140480848495, 0.000265979964752, 0.000543964910321, -0.00332414731383, 0.00081807753304, 0.00333054852672, -0.00762954587117, -0.0012583527714, 0.0219840705395, -0.00388401257806], [0.000107705061964, -0.000932916940656, 0.000549556687474, -0.000780886621214, 0.000266949617071, 0.00295554753393, -0.000785990210716, -0.00445250049233, 0.00196833629161, 0.00446085492149, -0.00694706104696, -0.00388401257806, 0.0204539708793]]
    },
    "melbands": {
        "mean": [0.00412812503055, 0.00655029900372, 0.00208381190896, 0.000451029656688, 8.18969274405e-005, 5.40789405932e-005, 2.59456392087e-005, 1.21909761219e-005, 8.5771389422e-006, 9.5210634754e-006, 9.75261355052e-006, 9.01353450899e-006, 7.3759897532e-006, 6.39628751742e-006, 8.80795141711e-006, 1.16696610348e-005, 8.4929060904e-006, 8.85500048753e-006, 8.55848429637e-006, 7.93238723418e-006, 5.44420799997e-006, 4.51986352346e-006, 5.22650452695e-006, 4.59008742837e-006, 3.9022911551e-006, 3.85487692256e-006, 4.67370455226e-006, 4.70347231385e-006, 4.14778787672e-006, 5.26272197021e-006, 5.13336999575e-006, 4.67983090857e-006, 3.43012152371e-006, 3.12461338581e-006, 2.83202371065e-006, 1.44223452025e-006, 1.2104516145e-006, 1.39252335885e-006, 1.22229664612e-006, 1.15168518278e-006],
        "var": [3.78413642466e-005, 0.000128252664581, 2.65072721959e-005, 2.82344808511e-006, 5.66538886915e-008, 3.47330271211e-008, 7.83646303404e-009, 1.98169325394e-009, 1.32014466026e-009, 2.21826956803e-009, 2.55466425791e-009, 2.15915507695e-009, 8.98968233187e-010, 7.30411398031e-010, 1.89283544394e-009, 3.01795366475e-009, 1.13866838181e-009, 1.10180597979e-009, 1.12446696399e-009, 9.15119868772e-010, 3.29571370195e-010, 2.89524654251e-010, 3.13354592274e-010, 2.20320775512e-010, 1.21172905043e-010, 1.16640308523e-010, 1.88064161466e-010, 1.72148156841e-010, 1.33333427632e-010, 2.18460444179e-010, 2.81910217392e-010, 2.25042373625e-010, 1.0770072334e-010, 9.4365758263e-011, 9.68360808207e-011, 1.47251967564e-011, 1.04648078397e-011, 1.94903294892e-011, 1.49905886315e-011, 1.78742368129e-011]
    },
    "mfcc": {
        "mean": [-853.150024414, 84.5645980835, 52.9593238831, 57.6272087097, 36.7842178345, 32.5864257813, 19.6832885742, 14.7947616577, 9.02338504791, 6.5149512291, 3.07191038132, 2.32829189301, 0.532355427742],
        "cov": [[29488.4980469, -1560.69641113, -2600.12329102, 206.989990234, -1161.83557129, -256.290100098, -925.146911621, -623.763366699, -478.682159424, -330.316589355, -334.036102295, -211.96786499, -158.300354004], [-1560.69641113, 3479.53881836, 1187.67236328, 632.989868164, 581.219360352, 142.989715576, 62.8443832397, -6.97743225098, -77.5598144531, -16.9416103363, -27.7058238983, -6.7185587883, -15.7017688751], [-2600.12329102, 1187.67236328, 2125.33544922, 982.344177246, 751.821655273, 349.528137207, 234.46206665, 127.581954956, 61.3721504211, -14.5414104462, 22.1660690308, 22.6547145844, 41.5702095032], [206.989990234, 632.989868164, 982.344177246, 1203.01208496, 587.368408203, 330.87310791, 147.736221313, 111.194526672, 56.2616996765, 27.0600204468, 0.900090396404, -6.9812912941, 2.15425539017], [-1161.83557129, 581.219360352, 751.821655273, 587.368408203, 591.680786133, 251.878433228, 200.787780762, 90.2105331421, 41.652973175, 14.6989498138, 21.2789974213, 10.8355770111, 5.23903989792], [-256.290100098, 142.989715576, 349.528137207, 330.87310791, 251.878433228, 276.127532959, 182.771621704, 131.386016846, 56.7966270447, 29.6992530823, 32.8047218323, 25.5756397247, 24.8787689209], [-925.146911621, 62.8443832397, 234.46206665, 147.736221313, 200.787780762, 182.771621704, 232.756698608, 137.77633667, 91.8157730103, 41.0314369202, 34.0974845886, 29.455488205, 18.665512085], [-623.763366699, -6.97743225098, 127.581954956, 111.194526672, 90.2105331421, 131.386016846, 137.77633667, 174.895339966, 95.7462387085, 64.8015213013, 43.0047416687, 28.0902023315, 20.5533161163], [-478.682159424, -77.5598144531, 61.3721504211, 56.2616996765, 41.652973175, 56.7966270447, 91.8157730103, 95.7462387085, 107.32964325, 59.7472343445, 32.9184951782, 16.1534099579, 10.2219924927], [-330.316589355, -16.9416103363, -14.5414104462, 27.0600204468, 14.6989498138, 29.6992530823, 41.0314369202, 64.8015213013, 59.7472343445, 78.6609344482, 42.8786659241, 23.6645736694, 9.36711788177], [-334.036102295, -27.7058238983, 22.1660690308, 0.900090396404, 21.2789974213, 32.8047218323, 34.0974845886, 43.0047416687, 32.9184951782, 42.8786659241, 69.5291900635, 32.577545166, 20.9450550079], [-211.96786499, -6.7185587883, 22.6547145844, -6.9812912941, 10.8355770111, 25.5756397247, 29.455488205, 28.0902023315, 16.1534099579, 23.6645736694, 32.577545166, 51.7572402954, 33.6511459351], [-158.300354004, -15.7017688751, 41.5702095032, 2.15425539017, 5.23903989792, 24.8787689209, 18.665512085, 20.5533161163, 10.2219924927, 9.36711788177, 20.9450550079, 33.6511459351, 57.2419471741]],
        "icov": [[5.5961056205e-005, 2.50470179708e-006, 8.74661782291e-005, -0.000112450004963, 0.000122141864267, -0.000244523049332, 0.000203907489777, 0.000115134142106, -4.62265670649e-005, 0.000160150331794, 8.1760721514e-005, -6.57078344375e-005, 7.41830663173e-005], [2.50470179708e-006, 0.000405149941798, -0.000182567964657, 9.33484807319e-006, -0.00028602159, 0.000194854903384, 7.06915761839e-006, -0.000120518110634, 0.000747237121686, -0.000591304444242, 0.000302011641907, -6.4074913098e-005, 0.000123236211948], [8.74661782291e-005, -0.000182567964657, 0.00121594872326, -0.000581330095883, -0.000600101368036, -0.000350974558387, 0.000521201000083, -4.56553743788e-006, -0.000955951691139, 0.00175575201865, -0.000290109834168, -0.000285673653707, -0.000472721323604], [-0.000112450004963, 9.33484807319e-006, -0.000581330095883, 0.0026555324439, -0.00196198001504, -0.00201151659712, 0.00231265020557, -0.000170515297214, -0.00131067924667, -0.00130398955662, 0.00132250937168, 0.000465147662908, 6.48373170407e-005], [0.000122141864267, -0.00028602159, -0.000600101368036, -0.00196198001504, 0.00633663265035, -0.00098419515416, -0.00413818610832, 0.00202519865707, 0.00190493708942, -0.000347311084624, -0.00127528829034, 0.000516452477314, 0.00111866090447], [-0.000244523049332, 0.000194854903384, -0.000350974558387, -0.00201151659712, -0.00098419515416, 0.0146829430014, -0.00878812279552, -0.00566576234996, 0.00628546159714, 0.000123859150335, -0.00263161933981, 0.001267022104, -0.00260831229389], [0.000203907489777, 7.06915761839e-006, 0.000521201000083, 0.00231265020557, -0.00413818610832, -0.00878812279552, 0.019038496539, -0.00365690770559, -0.010466077365, 0.00510969851166, 0.00251879054122, -0.00495514459908, 0.00242773606442], [0.000115134142106, -0.000120518110634, -4.56553743788e-006, -0.000170515297214, 0.00202519865707, -0.00566576234996, -0.00365690770559, 0.0185723956674, -0.00779397413135, -0.0050560827367, -0.000167412974406, 0.000108468113467, -0.000687282125], [-4.62265670649e-005, 0.000747237121686, -0.000955951691139, -0.00131067924667, 0.00190493708942, 0.00628546159714, -0.010466077365, -0.00779397413135, 0.0305985491723, -0.0151017354801, -0.000482329545775, 0.00588921457529, -0.00215270067565], [0.000160150331794, -0.000591304444242, 0.00175575201865, -0.00130398955662, -0.000347311084624, 0.000123859150335, 0.00510969851166, -0.0050560827367, -0.0151017354801, 0.0351531021297, -0.0117532219738, -0.00769992824644, 0.0049533881247], [8.1760721514e-005, 0.000302011641907, -0.000290109834168, 0.00132250937168, -0.00127528829034, -0.00263161933981, 0.00251879054122, -0.000167412974406, -0.000482329545775, -0.0117532219738, 0.0282688904554, -0.0106447320431, -0.00110735173803], [-6.57078344375e-005, -6.4074913098e-005, -0.000285673653707, 0.000465147662908, 0.000516452477314, 0.001267022104, -0.00495514459908, 0.000108468113467, 0.00588921457529, -0.00769992824644, -0.0106447320431, 0.0426409579813, -0.0199947226793], [7.41830663173e-005, 0.000123236211948, -0.000472721323604, 6.48373170407e-005, 0.00111866090447, -0.00260831229389, 0.00242773606442, -0.000687282125, -0.00215270067565, 0.0049533881247, -0.00110735173803, -0.0199947226793, 0.0302693471313]]
    },
    "spectral_contrast_coeffs": {
        "mean": [-0.635335028172, -0.820518553257, -0.872401475906, -0.870130121708, -0.858421564102, -0.803169548512],
        "var": [0.00924779381603, 0.00411749025807, 0.00197853613645, 0.00172809325159, 0.00186263967771, 0.00528545072302]
    },
    "spectral_contrast_valleys": {
        "mean": [-8.40368175507, -9.62719631195, -10.2631731033, -10.3727293015, -9.95620155334, -12.023639679],
        "var": [5.44996070862, 5.72975587845, 6.03927326202, 7.50419855118, 7.86604595184, 6.91479539871]
    }
},
"metadata": {
    "audio_properties": {
        "analysis_sample_rate": 44100,
        "bit_rate": 113685,
        "equal_loudness": 0,
        "length": 45.0612258911,
        "lossless": 0,
        "replay_gain": -12.8762302399,
        "sample_rate": 44100,
        "codec": "mp3",
        "downmix": "mix",
        "md5_encoded": "3d748b1aa2c0f6f58af938cdb40193ed"
    },
    "tags": {
        "file_name": "469.mp3"
    },
    "version": {
        "essentia": "2.1-beta2",
        "essentia_git_sha": "v2.1_beta2",
        "extractor": "music 1.0"
    }
},
"rhythm": {
    "beats_count": 64,
    "beats_loudness": {
        "mean": 0.0832548737526,
        "var": 0.00340757914819
    },
    "bpm": 85.9583282471,
    "bpm_histogram_first_peak_bpm": {
        "mean": 86,
        "var": 0
    },
    "bpm_histogram_first_peak_spread": {
        "mean": 0.129032254219,
        "var": 0
    },
    "bpm_histogram_first_peak_weight": {
        "mean": 0.857142865658,
        "var": 0
    },
    "bpm_histogram_second_peak_bpm": {
        "mean": 78,
        "var": 0
    },
    "bpm_histogram_second_peak_spread": {
        "mean": 0,
        "var": 0
    },
    "bpm_histogram_second_peak_weight": {
        "mean": 0.0158730167896,
        "var": 0
    },
    "danceability": 1.60672426224,
    "onset_rate": 4.5694975853,
    "beats_loudness_band_ratio": {
        "mean": [0.768963873386, 0.12650167942, 0.0271110273898, 0.0330688878894, 0.0565058998764, 0.06280066818],
        "var": [0.0577568635345, 0.0179142151028, 0.00231283274479, 0.00166713329963, 0.00489730667323, 0.00367106986232]
    },
    "beats_position": [0.766258478165, 1.53251695633, 2.2523355484, 2.94893407822, 3.62231278419, 4.33052158356, 5.0387301445, 5.73532867432, 6.43192720413, 7.12852573395, 7.8251247406, 8.52172279358, 9.21832180023, 9.91492080688, 10.6115188599, 11.3081178665, 12.0047159195, 12.7013149261, 13.3979139328, 14.0945119858, 14.7911109924, 15.4993190765, 16.1959171295, 16.8925170898, 17.5775051117, 18.2857131958, 18.9823131561, 19.6789112091, 20.363899231, 21.0721092224, 21.7803173065, 22.4769153595, 23.1619052887, 23.8701133728, 24.5667114258, 25.2633094788, 25.9599094391, 26.6565074921, 27.353105545, 28.0497055054, 28.7463035583, 29.4545116425, 30.1511096954, 30.8477096558, 31.5326976776, 32.2409057617, 32.9491157532, 33.6341018677, 34.3190917969, 35.0273017883, 35.7355079651, 36.4321098328, 37.1287078857, 37.8253059387, 38.5219039917, 39.2185020447, 39.9151000977, 40.6116981506, 41.3083000183, 42.0048980713, 42.7014961243, 43.4097061157, 44.1179122925, 44.8145103455]
},
"tonal": {
    "chords_changes_rate": 0.104938268661,
    "chords_number_rate": 0.00720164598897,
    "chords_strength": {
        "mean": 0.456086903811,
        "var": 0.00560088641942
    },
    "hpcp_entropy": {
        "mean": 2.78172373772,
        "var": 1.06358551979
    },
    "key_strength": 0.532850682735,
    "tuning_diatonic_strength": 0.428202301264,
    "tuning_equal_tempered_deviation": 0.224406331778,
    "tuning_frequency": 434.193115234,
    "tuning_nontempered_energy_ratio": 0.894598782063,
    "hpcp": {
        "mean": [0.103933081031, 0.102116063237, 0.0828892141581, 0.0886432677507, 0.088746599853, 0.0809153392911, 0.0805196166039, 0.07386585325, 0.0697570592165, 0.0743148028851, 0.0704732984304, 0.0635337308049, 0.0721767768264, 0.0877071097493, 0.104407280684, 0.115595050156, 0.124479293823, 0.124563507736, 0.0978038832545, 0.0685485750437, 0.0524168945849, 0.05346365273, 0.0656608119607, 0.140532538295, 0.281054466963, 0.263663470745, 0.119576923549, 0.0569020472467, 0.0505279824138, 0.0674643293023, 0.161988556385, 0.216534659266, 0.137365266681, 0.0848787873983, 0.0861257687211, 0.0866601169109],
        "var": [0.0556036159396, 0.0571783445776, 0.0385309606791, 0.0473129339516, 0.0463123880327, 0.0380466580391, 0.0445528887212, 0.0357258878648, 0.035367898643, 0.0371179282665, 0.0335487052798, 0.0274254437536, 0.0329080112278, 0.0438051633537, 0.0512001179159, 0.0605769455433, 0.0653727799654, 0.0719535052776, 0.0524270012975, 0.0335229933262, 0.0227103997022, 0.024009488523, 0.031049720943, 0.0548001825809, 0.137874647975, 0.138772413135, 0.0532118566334, 0.0281565487385, 0.0247403085232, 0.0311390664428, 0.0827198252082, 0.136482328176, 0.0602006278932, 0.0420748852193, 0.046559035778, 0.0372298322618]
    },
    "chords_histogram": [16.0493831635, 23.9711933136, 0.720164597034, 0, 2.88065838814, 0, 39.9176940918, 0, 0, 0, 0, 0, 0, 0, 0, 0, 0, 0.102880656719, 0.308641970158, 2.98353910446, 0, 9.97942352295, 0, 3.08641982079],
    "thpcp": [1, 0.938122332096, 0.425458192825, 0.202459141612, 0.179780036211, 0.240040048957, 0.576359987259, 0.770436644554, 0.488749623299, 0.302001208067, 0.30643799901, 0.308339238167, 0.369796931744, 0.36333194375, 0.294922232628, 0.315395325422, 0.315762996674, 0.287899136543, 0.286491155624, 0.262816876173, 0.24819765985, 0.264414250851, 0.250746041536, 0.226054862142, 0.256807088852, 0.312064468861, 0.371484160423, 0.411290556192, 0.442900955677, 0.443200588226, 0.347989082336, 0.24389782548, 0.18650084734, 0.190225243568, 0.233623087406, 0.500018894672],
    "chords_key": "G",
    "chords_scale": "major",
    "key_key": "A#",
    "key_scale": "major"
}
}