{
"lowlevel": {
    "average_loudness": 0.945994138718,
    "barkbands_crest": {
        "mean": 13.4661998749,
        "var": 36.7641716003
    },
    "barkbands_flatness_db": {
        "mean": 0.155235603452,
        "var": 0.00516617158428
    },
    "barkbands_kurtosis": {
        "mean": 12.3528623581,
        "var": 799.446716309
    },
    "barkbands_skewness": {
        "mean": 2.37818384171,
        "var": 5.68787908554
    },
    "barkbands_spread": {
        "mean": 32.1109771729,
        "var": 444.962371826
    },
    "dissonance": {
        "mean": 0.471935123205,
        "var": 0.000779074733146
    },
    "dynamic_complexity": 2.7084941864,
    "erbbands_crest": {
        "mean": 8.6874961853,
        "var": 26.9340801239
    },
    "erbbands_flatness_db": {
        "mean": 0.118285141885,
        "var": 0.00317513593473
    },
    "erbbands_kurtosis": {
        "mean": 0.10569370538,
        "var": 10.4868831635
    },
    "erbbands_skewness": {
        "mean": -0.0272043440491,
        "var": 0.666440248489
    },
    "erbbands_spread": {
        "mean": 70.3718414307,
        "var": 1262.55505371
    },
    "hfc": {
        "mean": 35.4824333191,
        "var": 542.694763184
    },
    "melbands_crest": {
        "mean": 19.154630661,
        "var": 49.7899894714
    },
    "melbands_flatness_db": {
        "mean": 0.224441319704,
        "var": 0.0097228018567
    },
    "melbands_kurtosis": {
        "mean": 60.0664405823,
        "var": 8941.23925781
    },
    "melbands_skewness": {
        "mean": 5.39592504501,
        "var": 17.8112030029
    },
    "melbands_spread": {
        "mean": 26.528842926,
        "var": 927.612854004
    },
    "pitch_salience": {
        "mean": 0.465488195419,
        "var": 0.027823401615
    },
    "silence_rate_20dB": {
        "mean": 0.999485313892,
        "var": 0.000514379469678
    },
    "silence_rate_30dB": {
        "mean": 0.831188857555,
        "var": 0.140316978097
    },
    "silence_rate_60dB": {
        "mean": 0.0591868236661,
        "var": 0.0556830540299
    },
    "spectral_centroid": {
        "mean": 1791.99694824,
        "var": 867619.375
    },
    "spectral_complexity": {
        "mean": 15.5084924698,
        "var": 113.204216003
    },
    "spectral_decrease": {
        "mean": -1.47518850468e-008,
        "var": 2.2915152899e-016
    },
    "spectral_energy": {
        "mean": 0.0588953793049,
        "var": 0.00336181838065
    },
    "spectral_energyband_high": {
        "mean": 0.0028338895645,
        "var": 4.33873901784e-006
    },
    "spectral_energyband_low": {
        "mean": 0.042278662324,
        "var": 0.00292475568131
    },
    "spectral_energyband_middle_high": {
        "mean": 0.00398199632764,
        "var": 2.40529843722e-005
    },
    "spectral_energyband_middle_low": {
        "mean": 0.0114815440029,
        "var": 0.000275889848126
    },
    "spectral_entropy": {
        "mean": 7.8453836441,
        "var": 0.252526253462
    },
    "spectral_flux": {
        "mean": 0.147079721093,
        "var": 0.00648072781041
    },
    "spectral_kurtosis": {
        "mean": 2.13373589516,
        "var": 9.63812637329
    },
    "spectral_rms": {
        "mean": 0.00671388441697,
        "var": 1.23826439449e-005
    },
    "spectral_rolloff": {
        "mean": 2203.57080078,
        "var": 8691779
    },
    "spectral_skewness": {
        "mean": 1.147605896,
        "var": 0.214620023966
    },
    "spectral_spread": {
        "mean": 6959295,
        "var": 5.65049871565e+012
    },
    "spectral_strongpeak": {
        "mean": 0.874567568302,
        "var": 3.77094435692
    },
    "zerocrossingrate": {
        "mean": 0.0998275056481,
        "var": 0.00468065077439
    },
    "barkbands": {
        "mean": [0.00278954883106, 0.0312637239695, 0.00665993150324, 0.00373436463997, 0.00376785336994, 0.00111220520921, 0.00120414688718, 0.000698039541021, 0.000754991895519, 0.00138932629488, 0.000354320829501, 0.000239731467445, 0.000346257555066, 0.00021066654881, 0.000207765508094, 0.000256110768532, 0.000199446614715, 0.000358757388312, 0.000337323261192, 0.000321960804285, 0.000297857215628, 0.000531675468665, 0.000616261735559, 0.000484934047563, 0.000458003283711, 0.000284064008156, 1.60985036928e-005],
        "var": [2.17967517528e-005, 0.00223972275853, 0.000143095472595, 7.09161831765e-005, 5.04077725054e-005, 7.85053998698e-006, 1.29530990307e-005, 4.56461066278e-006, 4.75169645142e-006, 8.6337531684e-006, 1.34260483264e-006, 1.93190089703e-007, 1.28730277993e-006, 1.07409249495e-007, 1.22135674019e-007, 5.46776448118e-007, 1.00729494079e-007, 3.62614798632e-007, 2.56129368381e-007, 1.54754744131e-007, 1.81557837209e-007, 3.04637637782e-007, 2.68033630846e-007, 3.38125744292e-007, 2.89430687417e-007, 6.3274654849e-008, 1.03072872459e-009]
    },
    "erbbands": {
        "mean": [1.22291862965, 5.75256156921, 7.74615335464, 11.3359355927, 11.1910638809, 12.2202749252, 14.3561401367, 7.40401506424, 13.5662260056, 19.3925552368, 15.5380048752, 17.5517520905, 24.6643600464, 47.9345588684, 11.059422493, 11.0694446564, 17.1294746399, 11.3719339371, 11.5840730667, 13.1843709946, 11.2313098907, 9.81970691681, 14.4578800201, 25.3366241455, 16.4019966125, 14.328997612, 11.4637899399, 14.4018888474, 16.859287262, 17.6585464478, 16.428237915, 9.79025554657, 10.1259632111, 6.27789926529, 1.98153102398, 1.19676804543, 0.555918455124, 0.0812410712242, 0.00181833608076, 0.000128464758745],
        "var": [3.96572399139, 75.2525634766, 117.396209717, 598.06817627, 303.118530273, 721.155639648, 2679.84765625, 239.561904907, 910.057983398, 3673.36279297, 2159.32080078, 2599.51904297, 3665.66772461, 11468.2666016, 335.377471924, 479.2472229, 2981.41259766, 390.897491455, 394.029388428, 1560.14147949, 470.756469727, 180.379974365, 540.295471191, 1442.11669922, 468.401702881, 339.524810791, 311.12802124, 301.228363037, 341.9737854, 401.909179688, 178.458877563, 82.0458145142, 164.649734497, 60.1188316345, 21.1792583466, 1.25169074535, 0.466478466988, 0.015929620713, 6.91495233696e-006, 9.47630507397e-009]
    },
    "gfcc": {
        "mean": [19.8523235321, 37.5630989075, -77.0182876587, 50.3396110535, -55.0830345154, 31.5936260223, -30.2171936035, 18.5939826965, -24.7528953552, 4.03281402588, -18.9304008484, 7.53169059753, -14.7159814835],
        "cov": [[10510.1191406, 858.937561035, 879.679016113, -329.348510742, -555.160827637, 241.90977478, -284.301239014, -145.810760498, -213.024002075, 472.999603271, -36.5091819763, 247.953720093, -141.452651978], [858.937561035, 1852.98950195, 420.777374268, -78.4646453857, 51.6484909058, 44.7641410828, 175.929748535, -72.3920059204, 85.5557250977, 47.3654251099, 120.274276733, -43.7531394958, 48.8795051575], [879.679016113, 420.777374268, 1327.95251465, 226.720901489, 222.241256714, 274.961883545, 55.6743965149, -80.5219955444, 58.0251274109, 43.3273200989, 68.3959732056, -4.20561122894, -36.5604400635], [-329.348510742, -78.4646453857, 226.720901489, 544.085571289, 266.924224854, 67.2608566284, 16.6692619324, 15.684504509, 25.1061115265, -39.3333740234, -7.41272687912, -40.0561408997, -38.2640914917], [-555.160827637, 51.6484909058, 222.241256714, 266.924224854, 456.250976563, 171.6875, 107.051574707, 6.78955602646, 38.5945396423, -17.4407176971, 39.5499839783, -15.9096632004, 4.33534955978], [241.90977478, 44.7641410828, 274.961883545, 67.2608566284, 171.6875, 317.972839355, 130.179489136, -0.339690744877, 1.14025747776, 7.23852682114, 11.3027505875, -4.22596311569, 19.9743595123], [-284.301239014, 175.929748535, 55.6743965149, 16.6692619324, 107.051574707, 130.179489136, 249.038574219, 94.1480865479, 48.161441803, -51.8721084595, 2.51451873779, -3.87468600273, 25.3134670258], [-145.810760498, -72.3920059204, -80.5219955444, 15.684504509, 6.78955602646, -0.339690744877, 94.1480865479, 155.952957153, 40.2307510376, -27.6235370636, -7.48044061661, -2.92290139198, 11.4281835556], [-213.024002075, 85.5557250977, 58.0251274109, 25.1061115265, 38.5945396423, 1.14025747776, 48.161441803, 40.2307510376, 127.900566101, 58.2417259216, 39.6419677734, -9.18155860901, -1.91399860382], [472.999603271, 47.3654251099, 43.3273200989, -39.3333740234, -17.4407176971, 7.23852682114, -51.8721084595, -27.6235370636, 58.2417259216, 195.665603638, 56.8062095642, 21.0012798309, -19.4959373474], [-36.5091819763, 120.274276733, 68.3959732056, -7.41272687912, 39.5499839783, 11.3027505875, 2.51451873779, -7.48044061661, 39.6419677734, 56.8062095642, 124.137275696, 19.485660553, 19.9131660461], [247.953720093, -43.7531394958, -4.20561122894, -40.0561408997, -15.9096632004, -4.22596311569, -3.87468600273, -2.92290139198, -9.18155860901, 21.0012798309, 19.485660553, 117.751678467, 9.16234207153], [-141.452651978, 48.8795051575, -36.5604400635, -38.2640914917, 4.33534955978, 19.9743595123, 25.3134670258, 11.4281835556, -1.91399860382, -19.4959373474, 19.9131660461, 9.16234207153, 112.570625305]],
        "icov": [[0.00018148504023, -0.000143309662235, -0.000101273566543, -2.34699818975e-005, 0.000250324228546, -0.000293093529763, 0.000286301656161, -0.000355570402462, 0.000502982293256, -0.000498871901073, 0.000262223999016, -0.000351371738361, 0.000167854974279], [-0.000143309662235, 0.00091711175628, -0.000202141221962, 0.000139031806611, -0.000127500083181, 0.000853575242218, -0.00145232141949, 0.00118691078387, -0.00036370853195, 0.000130901462398, -0.00074128707638, 0.000783937051892, -0.000453343585832], [-0.000101273566543, -0.000202141221962, 0.00125094782561, -0.000365334301023, -6.55129551888e-005, -0.00106814748142, 0.00043644302059, 0.000547715753783, -0.00100012053736, 0.000654030707665, -0.000438440241851, -0.00011889700545, 0.000464422104415], [-2.34699818975e-005, 0.000139031806611, -0.000365334301023, 0.00306387688033, -0.00190242170356, 0.000280116888462, 0.000846138689667, -0.000648143934086, -0.000503242015839, 0.000717818387784, 0.000386903469916, 0.000606966903433, 0.000729946419597], [0.000250324228546, -0.000127500083181, -6.55129551888e-005, -0.00190242170356, 0.00456760358065, -0.00186039716937, -0.000717195041943, 0.000431374995969, 6.85611739755e-005, -0.000268050032901, -0.000971407571342, -0.000483466981677, 0.000139586336445], [-0.000293093529763, 0.000853575242218, -0.00106814748142, 0.000280116888462, -0.00186039716937, 0.00733272032812, -0.00503521040082, 0.00205366872251, 0.00191629992332, -0.00157474668231, -1.08881840788e-005, 0.00144923524931, -0.00165248836856], [0.000286301656161, -0.00145232141949, 0.00043644302059, 0.000846138689667, -0.000717195041943, -0.00503521040082, 0.0114247323945, -0.00593389011919, -0.00287236389704, 0.00283124228008, 0.00119365099818, -0.00187341531273, 0.000756983179599], [-0.000355570402462, 0.00118691078387, 0.000547715753783, -0.000648143934086, 0.000431374995969, 0.00205366872251, -0.00593389011919, 0.0117699885741, -0.00353470188566, 0.00139258790296, -0.000568752118852, 0.000868407601956, -0.00103515142109], [0.000502982293256, -0.00036370853195, -0.00100012053736, -0.000503242015839, 6.85611739755e-005, 0.00191629992332, -0.00287236389704, -0.00353470188566, 0.015074021183, -0.00651047332212, -0.00136614427902, 0.00103835202754, 0.00024207145907], [-0.000498871901073, 0.000130901462398, 0.000654030707665, 0.000717818387784, -0.000268050032901, -0.00157474668231, 0.00283124228008, 0.00139258790296, -0.00651047332212, 0.0103334700689, -0.00315015972592, -0.000549480493646, 0.00156533136033], [0.000262223999016, -0.00074128707638, -0.000438440241851, 0.000386903469916, -0.000971407571342, -1.08881840788e-005, 0.00119365099818, -0.000568752118852, -0.00136614427902, -0.00315015972592, 0.0119126411155, -0.00217620003968, -0.00202979426831], [-0.000351371738361, 0.000783937051892, -0.00011889700545, 0.000606966903433, -0.000483466981677, 0.00144923524931, -0.00187341531273, 0.000868407601956, 0.00103835202754, -0.000549480493646, -0.00217620003968, 0.0102932443842, -0.00104997609742], [0.000167854974279, -0.000453343585832, 0.000464422104415, 0.000729946419597, 0.000139586336445, -0.00165248836856, 0.000756983179599, -0.00103515142109, 0.00024207145907, 0.00156533136033, -0.00202979426831, -0.00104997609742, 0.0106324721128]]
    },
    "melbands": {
        "mean": [0.0097950110212, 0.00526349572465, 0.00197398266755, 0.000845244328957, 0.000507592747454, 0.000171973821125, 0.000226434465731, 0.000200164708076, 0.000124909900478, 0.000108927903057, 0.000123725883896, 0.000204807220143, 4.0839331632e-005, 2.70819891739e-005, 3.29499707732e-005, 3.28031419485e-005, 2.00047161343e-005, 1.82667172339e-005, 1.62093692779e-005, 2.00919530471e-005, 1.18727912195e-005, 9.25972562982e-006, 1.2211899957e-005, 1.66259542311e-005, 2.13982584683e-005, 1.16125120257e-005, 1.14497761388e-005, 9.04712032934e-006, 7.1037015914e-006, 6.86134308125e-006, 9.35924435908e-006, 9.9444632724e-006, 9.45647389017e-006, 9.52827758738e-006, 9.01562179934e-006, 1.0274719898e-005, 4.27338409281e-006, 4.41123211203e-006, 1.28917799884e-005, 2.71746375802e-006],
        "var": [0.000234270613873, 4.01782417612e-005, 1.56884798344e-005, 1.80785309567e-006, 2.94861729344e-006, 1.35293404924e-007, 3.19111961744e-007, 3.67559806591e-007, 1.47062721112e-007, 1.03235677784e-007, 9.90914017507e-008, 2.06913611578e-007, 9.11023168015e-009, 1.78443215759e-009, 7.55704565591e-009, 1.19462759685e-008, 9.65717283918e-010, 1.1443432868e-009, 9.88331416707e-010, 4.671601328e-009, 4.55819409995e-010, 1.80577927611e-010, 3.89452581295e-010, 8.53275561319e-010, 1.0974726683e-009, 4.02657907017e-010, 2.47263598485e-010, 1.69820435492e-010, 1.21443272105e-010, 1.4189012465e-010, 1.12895338911e-010, 1.32201208314e-010, 1.31168673145e-010, 1.38446268338e-010, 7.94143986682e-011, 8.89235490797e-011, 2.86845686093e-011, 3.18556570011e-011, 4.80521622492e-010, 8.34651098236e-012]
    },
    "mfcc": {
        "mean": [-635.746765137, 73.128288269, 34.719619751, 28.3467063904, 10.1183404922, 15.1540050507, 9.19568729401, 16.7682876587, 3.46205544472, 6.34999084473, 3.84484362602, -5.42958498001, 1.15779721737],
        "cov": [[7953.20068359, 778.80682373, 695.284179688, -353.329559326, -208.649703979, 96.6096496582, -131.952377319, -454.7449646, -43.6451416016, -230.92980957, -176.912261963, 508.58770752, 0.522530853748], [778.80682373, 1553.70947266, 315.704467773, -45.1828765869, -2.89959263802, 118.830871582, 82.5445632935, -58.0828552246, 69.1922149658, -57.6702346802, 16.9480838776, 267.368865967, 34.324092865], [695.284179688, 315.704467773, 984.432434082, 88.5439376831, 233.888168335, 206.833648682, 109.452255249, -20.9528827667, 44.7753486633, -19.1480731964, 25.9402942657, 68.4192428589, 46.9745864868], [-353.329559326, -45.1828765869, 88.5439376831, 434.740112305, 196.405227661, 70.3087997437, 18.6331386566, 79.2507553101, -2.60824584961, 39.4166221619, 51.0973205566, -49.6231117249, 3.22816586494], [-208.649703979, -2.89959263802, 233.888168335, 196.405227661, 364.011413574, 198.965438843, 109.467033386, 30.6471424103, -8.56140136719, 22.7933292389, 44.9070129395, -24.4146022797, 26.1281986237], [96.6096496582, 118.830871582, 206.833648682, 70.3087997437, 198.965438843, 323.988952637, 125.193626404, 31.905462265, 25.7551860809, 22.9815711975, 23.8976211548, 37.7244262695, 17.7797222137], [-131.952377319, 82.5445632935, 109.452255249, 18.6331386566, 109.467033386, 125.193626404, 217.315643311, 114.353675842, 66.2670211792, 28.8378314972, -2.41795778275, -10.6300649643, 19.1522312164], [-454.7449646, -58.0828552246, -20.9528827667, 79.2507553101, 30.6471424103, 31.905462265, 114.353675842, 237.360748291, 81.5283889771, 26.5688705444, 1.14000928402, -74.2945480347, 16.1994380951], [-43.6451416016, 69.1922149658, 44.7753486633, -2.60824584961, -8.56140136719, 25.7551860809, 66.2670211792, 81.5283889771, 138.635971069, 47.5324821472, -29.548160553, 23.8764591217, 23.6550674438], [-230.92980957, -57.6702346802, -19.1480731964, 39.4166221619, 22.7933292389, 22.9815711975, 28.8378314972, 26.5688705444, 47.5324821472, 147.912841797, 49.1413116455, -31.1431617737, 8.54547786713], [-176.912261963, 16.9480838776, 25.9402942657, 51.0973205566, 44.9070129395, 23.8976211548, -2.41795778275, 1.14000928402, -29.548160553, 49.1413116455, 154.078872681, 1.94406223297, 2.63841891289], [508.58770752, 267.368865967, 68.4192428589, -49.6231117249, -24.4146022797, 37.7244262695, -10.6300649643, -74.2945480347, 23.8764591217, -31.1431617737, 1.94406223297, 221.782974243, 42.1228599548], [0.522530853748, 34.324092865, 46.9745864868, 3.22816586494, 26.1281986237, 17.7797222137, 19.1522312164, 16.1994380951, 23.6550674438, 8.54547786713, 2.63841891289, 42.1228599548, 99.4921340942]],
        "icov": [[0.000179007125553, -3.90023160435e-006, -0.000134417365189, 2.07042558031e-005, 0.000154865236254, -7.72639250499e-005, -6.82856307321e-006, 0.0001897415641, 6.68577922625e-005, 6.25457832939e-005, 0.000181801326107, -0.000285568879917, 0.000101570403785], [-3.90023160435e-006, 0.000901717867237, -0.000187447585631, -0.000107006540929, 0.000278863415588, -8.89310613275e-005, -0.00045139080612, 0.000202648094273, -0.000332406663802, 0.000372142763808, -0.000287404109258, -0.000902268686332, 0.000214155807043], [-0.000134417365189, -0.000187447585631, 0.00151919829659, -8.8947621407e-005, -0.000754183565732, -0.000304932473227, -0.000236458959989, 0.000560314336326, -0.000982480822131, 0.000654150149785, -0.000496048422065, 0.000479154492496, -0.000454481254565], [2.07042558031e-005, -0.000107006540929, -8.8947621407e-005, 0.00375191681087, -0.00249655963853, 0.000340672355378, 0.00180887815077, -0.00204642349854, 0.000512581551448, -0.000901178165805, -9.66612788034e-005, -0.000280606094748, 0.000613714510109], [0.000154865236254, 0.000278863415588, -0.000754183565732, -0.00249655963853, 0.00699727516621, -0.0027362103574, -0.00252432469279, 0.00184238143265, 0.000921626342461, 0.000615751370788, -0.000572679622564, 0.000991656910628, -0.00149927008897], [-7.72639250499e-005, -8.89310613275e-005, -0.000304932473227, 0.000340672355378, -0.0027362103574, 0.00581254344434, -0.0017922653351, -0.000380968063837, 0.000341410282999, -0.000809674558695, 5.69798394281e-005, -0.00135369901545, 0.000810874917079], [-6.82856307321e-006, -0.00045139080612, -0.000236458959989, 0.00180887815077, -0.00252432469279, -0.0017922653351, 0.00984146725386, -0.00450965901837, -0.00101965351496, -0.00113917409908, 0.000845626054797, -0.000107109895907, 0.000394912669435], [0.0001897415641, 0.000202648094273, 0.000560314336326, -0.00204642349854, 0.00184238143265, -0.000380968063837, -0.00450965901837, 0.0102288294584, -0.00575094437227, 0.00318121910095, -0.00197552121244, 0.00360462185927, -0.00186181394383], [6.68577922625e-005, -0.000332406663802, -0.000982480822131, 0.000512581551448, 0.000921626342461, 0.000341410282999, -0.00101965351496, -0.00575094437227, 0.0157042201608, -0.00678327679634, 0.00504221720621, -0.00390881951898, -0.000238804903347], [6.25457832939e-005, 0.000372142763808, 0.000654150149785, -0.000901178165805, 0.000615751370788, -0.000809674558695, -0.00113917409908, 0.00318121910095, -0.00678327679634, 0.01146222651, -0.00484797731042, 0.00282425130717, -0.00116290827282], [0.000181801326107, -0.000287404109258, -0.000496048422065, -9.66612788034e-005, -0.000572679622564, 5.69798394281e-005, 0.000845626054797, -0.00197552121244, 0.00504221720621, -0.00484797731042, 0.00956297758967, -0.00202718982473, 0.00045686509111], [-0.000285568879917, -0.000902268686332, 0.000479154492496, -0.000280606094748, 0.000991656910628, -0.00135369901545, -0.000107109895907, 0.00360462185927, -0.00390881951898, 0.00282425130717, -0.00202718982473, 0.00910201761872, -0.00360221834853], [0.000101570403785, 0.000214155807043, -0.000454481254565, 0.000613714510109, -0.00149927008897, 0.000810874917079, 0.000394912669435, -0.00186181394383, -0.000238804903347, -0.00116290827282, 0.00045686509111, -0.00360221834853, 0.0123168928549]]
    },
    "spectral_contrast_coeffs": {
        "mean": [-0.658582270145, -0.779377639294, -0.788505136967, -0.804909706116, -0.780040621758, -0.721400797367],
        "var": [0.00820127502084, 0.00499647622928, 0.00584628526121, 0.00290591851808, 0.00275906501338, 0.00302490359172]
    },
    "spectral_contrast_valleys": {
        "mean": [-7.10114097595, -7.17848062515, -7.54471063614, -7.97287559509, -7.61134243011, -9.70602703094],
        "var": [2.56859302521, 2.46506428719, 1.87780630589, 1.77709937096, 1.56099164486, 2.21348714828]
    }
},
"metadata": {
    "audio_properties": {
        "analysis_sample_rate": 44100,
        "bit_rate": 109327,
        "equal_loudness": 0,
        "length": 45.0873451233,
        "lossless": 0,
        "replay_gain": -5.60611724854,
        "sample_rate": 44100,
        "codec": "mp3",
        "downmix": "mix",
        "md5_encoded": "6a70af854978a2afb1a714e4508539fe"
    },
    "tags": {
        "file_name": "472.mp3"
    },
    "version": {
        "essentia": "2.1-beta2",
        "essentia_git_sha": "v2.1_beta2",
        "extractor": "music 1.0"
    }
},
"rhythm": {
    "beats_count": 65,
    "beats_loudness": {
        "mean": 0.0711848661304,
        "var": 0.00214134436101
    },
    "bpm": 86.9776000977,
    "bpm_histogram_first_peak_bpm": {
        "mean": 88,
        "var": 0
    },
    "bpm_histogram_first_peak_spread": {
        "mean": 0.4375,
        "var": 0
    },
    "bpm_histogram_first_peak_weight": {
        "mean": 0.5625,
        "var": 0
    },
    "bpm_histogram_second_peak_bpm": {
        "mean": 0,
        "var": 0
    },
    "bpm_histogram_second_peak_spread": {
        "mean": 0,
        "var": 0
    },
    "bpm_histogram_second_peak_weight": {
        "mean": 0,
        "var": 0
    },
    "danceability": 1.14351475239,
    "onset_rate": 4.05722141266,
    "beats_loudness_band_ratio": {
        "mean": [0.636740207672, 0.20220144093, 0.0320555455983, 0.048285536468, 0.0486365295947, 0.0765393972397],
        "var": [0.0865446180105, 0.0408387668431, 0.00145291222725, 0.00362657778896, 0.015319054015, 0.0102822715417]
    },
    "beats_position": [0.708208620548, 1.40480720997, 2.10140585899, 2.7863945961, 3.48299312592, 4.1679816246, 4.85297060013, 5.54956912994, 6.24616765976, 6.91954612732, 7.61614513397, 8.31274318695, 8.99773216248, 9.682721138, 10.379319191, 11.0643081665, 11.749297142, 12.445895195, 13.1308841705, 13.8158731461, 14.512471199, 15.2090702057, 15.8940582275, 16.5790481567, 17.2640361786, 17.9490242004, 18.6340141296, 19.3190021515, 20.0156002045, 20.7121982574, 21.4087982178, 22.1053962708, 22.7903842926, 23.4753742218, 24.1719722748, 24.8569602966, 25.5419502258, 26.2385482788, 26.9235363007, 27.6085262299, 28.3051242828, 29.0017223358, 29.686712265, 30.3717002869, 31.0566883087, 31.7416782379, 32.4382743835, 33.1348762512, 33.8198623657, 34.5048522949, 35.2014503479, 35.8980484009, 36.5830383301, 37.2680282593, 37.9646263123, 38.6496124268, 39.334602356, 40.0312004089, 40.7277984619, 41.4127883911, 42.0977783203, 42.7943763733, 43.4793624878, 44.164352417, 44.86095047]
},
"tonal": {
    "chords_changes_rate": 0.123456791043,
    "chords_number_rate": 0.0113168722019,
    "chords_strength": {
        "mean": 0.518827736378,
        "var": 0.00532624078915
    },
    "hpcp_entropy": {
        "mean": 2.32903003693,
        "var": 0.631306111813
    },
    "key_strength": 0.755700647831,
    "tuning_diatonic_strength": 0.705793261528,
    "tuning_equal_tempered_deviation": 0.197202071548,
    "tuning_frequency": 434.193115234,
    "tuning_nontempered_energy_ratio": 0.871885538101,
    "hpcp": {
        "mean": [0.216765642166, 0.287657856941, 0.271357238293, 0.201669678092, 0.150526508689, 0.109863102436, 0.0905135497451, 0.0891838371754, 0.0924505442381, 0.108556099236, 0.116223491728, 0.102521196008, 0.0977737307549, 0.107256747782, 0.112724140286, 0.109155133367, 0.107376769185, 0.0994499996305, 0.0752212703228, 0.0619506053627, 0.0676841586828, 0.0743628740311, 0.0838216245174, 0.167468339205, 0.235856622458, 0.145375236869, 0.0591146424413, 0.0522935539484, 0.059210870415, 0.104111790657, 0.139145761728, 0.108087919652, 0.0784659162164, 0.0867428034544, 0.102076277137, 0.14060151577],
        "var": [0.0819656401873, 0.11858689785, 0.114562399685, 0.0887901484966, 0.0661778450012, 0.0484634563327, 0.0377586521208, 0.0376220084727, 0.0414284616709, 0.0501815900207, 0.0548626184464, 0.0442818664014, 0.0401283614337, 0.0400828458369, 0.0503702275455, 0.047180891037, 0.0419926345348, 0.0422392599285, 0.0283230096102, 0.023149009794, 0.0269299801439, 0.0287611335516, 0.0312758944929, 0.057772628963, 0.127749204636, 0.0502594858408, 0.0213145371526, 0.0153273846954, 0.0167607590556, 0.0362832583487, 0.0648449137807, 0.0374141260982, 0.0278577134013, 0.0348402969539, 0.0379795618355, 0.0503919161856]
    },
    "chords_histogram": [3.80658435822, 22.2222213745, 22.0164604187, 21.2962970734, 0, 0, 0, 0, 3.08641982079, 1.85185182095, 5.86419773102, 0, 1.23456788063, 0, 0, 0, 0, 0.925925910473, 0, 0.205761313438, 0, 1.33744859695, 3.18930029869, 12.9629631042],
    "thpcp": [1, 0.94333332777, 0.701074838638, 0.52328312397, 0.381922841072, 0.314656972885, 0.310034424067, 0.321390658617, 0.377379238605, 0.404033780098, 0.356399774551, 0.339895904064, 0.37286221981, 0.391868799925, 0.379461675882, 0.373279452324, 0.345723211765, 0.261495620012, 0.215362116694, 0.235293969512, 0.258511543274, 0.291393488646, 0.582178890705, 0.819920659065, 0.505375504494, 0.205503314734, 0.181790813804, 0.205837830901, 0.361929237843, 0.483719676733, 0.375751674175, 0.272775143385, 0.301548540592, 0.354853093624, 0.488780379295, 0.753553688526],
    "chords_key": "D",
    "chords_scale": "minor",
    "key_key": "A#",
    "key_scale": "major"
}
}