{
"lowlevel": {
    "average_loudness": 0.9637824893,
    "barkbands_crest": {
        "mean": 15.6300077438,
        "var": 32.9379386902
    },
    "barkbands_flatness_db": {
        "mean": 0.20290030539,
        "var": 0.0109951552004
    },
    "barkbands_kurtosis": {
        "mean": 22.8377113342,
        "var": 7123.18457031
    },
    "barkbands_skewness": {
        "mean": 2.77699303627,
        "var": 7.9209561348
    },
    "barkbands_spread": {
        "mean": 23.7729301453,
        "var": 501.953216553
    },
    "dissonance": {
        "mean": 0.450735837221,
        "var": 0.0039005887229
    },
    "dynamic_complexity": 2.38960552216,
    "erbbands_crest": {
        "mean": 8.78762149811,
        "var": 26.4441566467
    },
    "erbbands_flatness_db": {
        "mean": 0.144307479262,
        "var": 0.00438273977488
    },
    "erbbands_kurtosis": {
        "mean": 3.03649067879,
        "var": 158.895629883
    },
    "erbbands_skewness": {
        "mean": 0.398273259401,
        "var": 1.92629444599
    },
    "erbbands_spread": {
        "mean": 50.0992469788,
        "var": 1266.63305664
    },
    "hfc": {
        "mean": 39.0399894714,
        "var": 2221.26489258
    },
    "melbands_crest": {
        "mean": 21.5705757141,
        "var": 55.5438537598
    },
    "melbands_flatness_db": {
        "mean": 0.27331200242,
        "var": 0.0164847653359
    },
    "melbands_kurtosis": {
        "mean": 50.6397247314,
        "var": 7492.63964844
    },
    "melbands_skewness": {
        "mean": 4.73835611343,
        "var": 12.1832170486
    },
    "melbands_spread": {
        "mean": 19.7328948975,
        "var": 863.990844727
    },
    "pitch_salience": {
        "mean": 0.417150139809,
        "var": 0.0383050963283
    },
    "silence_rate_20dB": {
        "mean": 1,
        "var": 0
    },
    "silence_rate_30dB": {
        "mean": 0.819351494312,
        "var": 0.148014977574
    },
    "silence_rate_60dB": {
        "mean": 0.0586721561849,
        "var": 0.055228408426
    },
    "spectral_centroid": {
        "mean": 1522.13500977,
        "var": 1519264.125
    },
    "spectral_complexity": {
        "mean": 19.4287185669,
        "var": 281.24319458
    },
    "spectral_decrease": {
        "mean": -1.72827370193e-008,
        "var": 1.47564111135e-016
    },
    "spectral_energy": {
        "mean": 0.0687701404095,
        "var": 0.00214536255226
    },
    "spectral_energyband_high": {
        "mean": 0.00283475429751,
        "var": 2.24329614866e-005
    },
    "spectral_energyband_low": {
        "mean": 0.0513480827212,
        "var": 0.00193161459174
    },
    "spectral_energyband_middle_high": {
        "mean": 0.00463635474443,
        "var": 3.08816088364e-005
    },
    "spectral_energyband_middle_low": {
        "mean": 0.011394967325,
        "var": 0.000170232131495
    },
    "spectral_entropy": {
        "mean": 7.6041841507,
        "var": 0.86250180006
    },
    "spectral_flux": {
        "mean": 0.114283934236,
        "var": 0.00483023701236
    },
    "spectral_kurtosis": {
        "mean": 5.51214027405,
        "var": 168.530639648
    },
    "spectral_rms": {
        "mean": 0.00753195537254,
        "var": 1.03625579868e-005
    },
    "spectral_rolloff": {
        "mean": 1979.1973877,
        "var": 11173759
    },
    "spectral_skewness": {
        "mean": 1.61652588844,
        "var": 1.34189248085
    },
    "spectral_spread": {
        "mean": 6503197,
        "var": 8.05756521677e+012
    },
    "spectral_strongpeak": {
        "mean": 0.799148082733,
        "var": 1.20735311508
    },
    "zerocrossingrate": {
        "mean": 0.0718665570021,
        "var": 0.0072789946571
    },
    "barkbands": {
        "mean": [0.001732753939, 0.0408940017223, 0.00748189119622, 0.0028956043534, 0.00290742423385, 0.00278908316977, 0.00071292911889, 0.00135618296918, 0.00044781298493, 0.00101852824446, 0.00047529337462, 0.000485480966745, 0.000493027386256, 0.000652011600323, 0.000415240123402, 0.000259798107436, 0.000298790168017, 0.000258558284258, 0.000258523243247, 0.000223437411478, 0.000314704229822, 0.000359880883479, 0.000408374035032, 0.000518301560078, 0.000605166133028, 0.000497491273563, 9.84396137937e-006],
        "var": [8.71004795044e-006, 0.00159160292242, 0.000105541221274, 5.59083018743e-005, 2.20703968807e-005, 2.59655262198e-005, 1.88112596788e-006, 6.90996876074e-006, 6.44969588848e-007, 3.56490681952e-006, 5.52598294234e-007, 7.29304247216e-007, 7.00813757248e-007, 1.67796520145e-006, 5.42989994301e-007, 1.68772189113e-007, 2.82692298015e-007, 1.74286256538e-007, 1.45028224097e-007, 1.07464593668e-007, 1.87255650985e-007, 2.44389951831e-007, 4.46255313591e-007, 8.84364453668e-007, 1.68542021584e-006, 1.564715717e-006, 7.69165786618e-010]
    },
    "erbbands": {
        "mean": [1.39231908321, 8.07456970215, 11.0399236679, 8.33003044128, 9.79411411285, 9.53967761993, 10.2321243286, 33.4802780151, 14.5277481079, 8.12955570221, 37.827041626, 11.667049408, 26.4662952423, 25.132068634, 17.9189758301, 20.1007938385, 22.6734695435, 29.8914794922, 29.0183906555, 17.7047042847, 14.620844841, 17.0949077606, 14.290602684, 13.5149106979, 12.4503602982, 10.5852127075, 12.1493501663, 12.3009595871, 13.5382432938, 11.6162891388, 11.8609495163, 8.98673915863, 9.92495822906, 8.76933288574, 3.28174328804, 2.75312876701, 0.611041784286, 0.0707845687866, 0.00168774521444, 0.000146087084431],
        "var": [2.85542488098, 66.9033203125, 195.265975952, 238.918716431, 551.975097656, 295.30670166, 153.651733398, 3872.140625, 485.49609375, 106.335899353, 5146.09228516, 253.550811768, 2787.99609375, 1543.72766113, 723.97869873, 1134.46472168, 1357.79101563, 3191.09570313, 2949.76269531, 938.809814453, 480.932373047, 941.558654785, 535.331848145, 438.113555908, 315.360473633, 237.473571777, 297.381896973, 273.891082764, 349.169525146, 304.947937012, 385.482666016, 255.91027832, 372.73046875, 446.442077637, 43.448551178, 53.3290367126, 1.69848835468, 0.0211168527603, 1.28362971736e-005, 2.31579164733e-008]
    },
    "gfcc": {
        "mean": [-0.96373039484, 62.6951026917, -77.6405944824, 37.7984924316, -52.9272537231, 30.3826618195, -29.9217510223, 17.4786682129, -18.231508255, 11.8889446259, -13.7208347321, 5.5426325798, -9.53922367096],
        "cov": [[13247.1728516, 229.160675049, -672.649108887, 677.124755859, 350.94430542, 945.763671875, -77.3822021484, 269.059753418, -356.73538208, 301.257415771, -144.406936646, 287.335327148, -176.534103394], [229.160675049, 5435.54101563, 494.277435303, -263.134735107, 687.564758301, -145.782089233, 643.661254883, -153.807022095, 547.086975098, -243.217651367, 484.825073242, -261.626495361, 446.363891602], [-672.649108887, 494.277435303, 1769.77185059, 322.203033447, -54.4760513306, -149.195343018, -65.8217010498, 9.1617603302, -18.5565071106, 12.8950958252, -31.6155433655, 10.0055847168, -43.3193054199], [677.124755859, -263.134735107, 322.203033447, 608.542419434, 215.0652771, 142.463745117, 14.0200414658, 31.9244117737, -60.711605072, 21.0610675812, -1.90088248253, 43.3218574524, -36.0769996643], [350.94430542, 687.564758301, -54.4760513306, 215.0652771, 647.854980469, 134.335250854, 238.295974731, 18.2762947083, 138.414215088, -1.56681680679, 114.564659119, 8.0045671463, 63.4288482666], [945.763671875, -145.782089233, -149.195343018, 142.463745117, 134.335250854, 368.416595459, 106.57219696, 37.8586425781, -54.1558990479, 59.023059845, 11.5689888, 21.0984039307, 6.587703228], [-77.3822021484, 643.661254883, -65.8217010498, 14.0200414658, 238.295974731, 106.57219696, 332.881866455, 55.8861694336, 121.332801819, 7.45446205139, 141.077072144, -12.9985017776, 99.3123321533], [269.059753418, -153.807022095, 9.1617603302, 31.9244117737, 18.2762947083, 37.8586425781, 55.8861694336, 152.200042725, 44.4063224792, 51.5216407776, 28.2684173584, 51.6106452942, -9.60227775574], [-356.73538208, 547.086975098, -18.5565071106, -60.711605072, 138.414215088, -54.1558990479, 121.332801819, 44.4063224792, 218.582931519, 24.271112442, 103.738464355, 4.17113494873, 74.106628418], [301.257415771, -243.217651367, 12.8950958252, 21.0610675812, -1.56681680679, 59.023059845, 7.45446205139, 51.5216407776, 24.271112442, 134.454483032, 4.64623689651, 44.498966217, -5.88185024261], [-144.406936646, 484.825073242, -31.6155433655, -1.90088248253, 114.564659119, 11.5689888, 141.077072144, 28.2684173584, 103.738464355, 4.64623689651, 158.756912231, 12.7300262451, 72.6907806396], [287.335327148, -261.626495361, 10.0055847168, 43.3218574524, 8.0045671463, 21.0984039307, -12.9985017776, 51.6106452942, 4.17113494873, 44.498966217, 12.7300262451, 118.966217041, -11.6296014786], [-176.534103394, 446.363891602, -43.3193054199, -36.0769996643, 63.4288482666, 6.587703228, 99.3123321533, -9.60227775574, 74.106628418, -5.88185024261, 72.6907806396, -11.6296014786, 107.293869019]],
        "icov": [[0.000165926860063, -0.000227849246585, 0.000177300273208, -0.000195382963284, 2.70467608061e-005, -0.000259118067333, 0.000225395124289, -0.000374258088414, 0.000444109085947, -0.000447851227364, 0.000332082301611, -0.000461078307126, 0.000378336844733], [-0.000227849246585, 0.000880485225935, -0.000542580732144, 0.000601382052992, -0.000369545334252, 0.000238068576436, -0.000431223394116, 0.000891005096491, -0.00120305025484, 0.00137347006239, -0.00119782681577, 0.0013717089314, -0.00150557723828], [0.000177300273208, -0.000542580732144, 0.00105952983722, -0.000942394079175, 0.000394196948037, 0.000286255904939, 0.00011901104881, -0.000555252947379, 0.000727763108443, -0.00110035890248, 0.000860768312123, -0.000797429354861, 0.00101682625245], [-0.000195382963284, 0.000601382052992, -0.000942394079175, 0.00314016337506, -0.00142148614395, -0.000551886681933, 0.000334397540428, 9.79376782198e-005, 0.000282322755083, 0.00106448412407, -0.00133421667852, 0.000579706218559, -0.000744380813558], [2.70467608061e-005, -0.000369545334252, 0.000394196948037, -0.00142148614395, 0.00321894953959, -0.000601649226155, -0.00157636660151, 0.000975402712356, -0.00175851827953, 0.000172036860022, 0.000646180764306, -0.00101228547283, 0.00161997717805], [-0.000259118067333, 0.000238068576436, 0.000286255904939, -0.000551886681933, -0.000601649226155, 0.00523857586086, -0.00214255042374, -9.88004467217e-006, 0.00224296352826, -0.00179635279346, 8.07878823252e-005, 0.000685149454512, -0.00109855958726], [0.000225395124289, -0.000431223394116, 0.00011901104881, 0.000334397540428, -0.00157636660151, -0.00214255042374, 0.00826608575881, -0.00335899414495, 0.000471054925583, -0.000130891072331, -0.00310063478537, 0.00132700032555, -0.0026510625612], [-0.000374258088414, 0.000891005096491, -0.000555252947379, 9.79376782198e-005, 0.000975402712356, -9.88004467217e-006, -0.00335899414495, 0.011621392332, -0.00421115057543, -0.000186816934729, -0.0012148192618, -0.00199995096773, 0.00256397644989], [0.000444109085947, -0.00120305025484, 0.000727763108443, 0.000282322755083, -0.00175851827953, 0.00224296352826, 0.000471054925583, -0.00421115057543, 0.0125867864117, -0.0046738088131, -0.00151221686974, -0.000992590212263, -0.00181946449447], [-0.000447851227364, 0.00137347006239, -0.00110035890248, 0.00106448412407, 0.000172036860022, -0.00179635279346, -0.000130891072331, -0.000186816934729, -0.0046738088131, 0.0126887401566, -0.00110864231829, -0.000458714668639, -0.00179896585178], [0.000332082301611, -0.00119782681577, 0.000860768312123, -0.00133421667852, 0.000646180764306, 8.07878823252e-005, -0.00310063478537, -0.0012148192618, -0.00151221686974, -0.00110864231829, 0.0151662174612, -0.00423796800897, -0.00194786768407], [-0.000461078307126, 0.0013717089314, -0.000797429354861, 0.000579706218559, -0.00101228547283, 0.000685149454512, 0.00132700032555, -0.00199995096773, -0.000992590212263, -0.000458714668639, -0.00423796800897, 0.0137746268883, -0.00241850176826], [0.000378336844733, -0.00150557723828, 0.00101682625245, -0.000744380813558, 0.00161997717805, -0.00109855958726, -0.0026510625612, 0.00256397644989, -0.00181946449447, -0.00179896585178, -0.00194786768407, -0.00241850176826, 0.0203751046211]]
    },
    "melbands": {
        "mean": [0.0117043238133, 0.00768011203036, 0.00159141863696, 0.000669406610541, 0.000415533868363, 0.000656241201796, 0.000203492003493, 0.00010794740956, 0.000297685910482, 5.4351734434e-005, 0.00013691233471, 0.000108450454718, 5.97114085394e-005, 5.77493410674e-005, 5.07511431351e-005, 4.93083171023e-005, 5.60929693165e-005, 5.07282893523e-005, 2.85480327875e-005, 1.97741755983e-005, 1.61617554113e-005, 1.80634469871e-005, 1.47952305269e-005, 1.1523635294e-005, 1.08731883302e-005, 9.93241610558e-006, 7.74867112341e-006, 6.79490995026e-006, 7.20186471881e-006, 8.11342670204e-006, 6.58086355543e-006, 7.76930119173e-006, 6.65117977405e-006, 6.67544190947e-006, 7.22455342839e-006, 5.76125512453e-006, 5.36403922524e-006, 5.03015780851e-006, 1.15805014502e-005, 5.65493382965e-006],
        "var": [0.000152936554514, 6.71905581839e-005, 9.49796049099e-006, 1.62468757026e-006, 2.51091648806e-007, 1.47752336943e-006, 1.04658639088e-007, 2.49911966677e-008, 2.86652721115e-007, 7.16773973508e-009, 7.78858080253e-008, 3.01722167251e-008, 8.4343385609e-009, 1.13715561412e-008, 6.36332542214e-009, 8.16237832879e-009, 1.20528076408e-008, 9.73730340803e-009, 2.87864843074e-009, 1.07615905076e-009, 6.22814244622e-010, 1.15799281275e-009, 6.74952926882e-010, 3.385577374e-010, 3.04187008915e-010, 2.18177587108e-010, 1.2722906062e-010, 1.07477297895e-010, 1.11766401689e-010, 1.33349484233e-010, 7.88368190174e-011, 1.177927339e-010, 8.76529890337e-011, 1.18400858562e-010, 1.51441845175e-010, 9.83841758062e-011, 1.00395122771e-010, 7.06413538776e-011, 8.82215023257e-010, 1.65681857123e-010]
    },
    "mfcc": {
        "mean": [-654.703674316, 98.0641784668, 31.1804580688, 19.7114601135, 11.4520072937, 15.3421382904, 8.65501689911, 8.5297460556, 8.08612823486, 4.67650604248, 7.5691652298, 3.61984276772, 3.66540336609],
        "cov": [[11980.5546875, -30.3716316223, -981.903442383, -100.202720642, 260.04586792, 607.772827148, 418.434661865, 248.604324341, -69.6845932007, 167.528778076, -74.6635284424, 102.424697876, -98.6752853394], [-30.3716316223, 4445.12109375, 261.731414795, 212.360641479, 164.68901062, 102.991210938, 150.532150269, 161.285583496, 147.48324585, 186.859436035, 51.5639801025, 104.342773438, 62.5262680054], [-981.903442383, 261.731414795, 1503.53857422, 332.99230957, 70.8983078003, -72.0571670532, -29.9198951721, -76.4477920532, -9.06932735443, -117.136199951, 7.16011571884, -34.3755760193, 24.2775630951], [-100.202720642, 212.360641479, 332.99230957, 536.202636719, 240.349182129, 77.5631866455, 66.1620025635, 82.7506332397, 18.2893886566, 8.45125293732, 25.1310653687, 23.6753768921, 28.7246417999], [260.04586792, 164.68901062, 70.8983078003, 240.349182129, 320.317108154, 150.432830811, 64.8249969482, 70.9005279541, 24.8549079895, 19.300157547, 41.7154159546, 7.91453647614, -4.19972133636], [607.772827148, 102.991210938, -72.0571670532, 77.5631866455, 150.432830811, 310.713806152, 174.856170654, 69.9186401367, 48.8515319824, 42.6161804199, 14.1404924393, 36.7776451111, -13.0641384125], [418.434661865, 150.532150269, -29.9198951721, 66.1620025635, 64.8249969482, 174.856170654, 262.23147583, 101.444107056, 31.2261219025, 95.6537322998, -8.81382465363, 51.5039367676, -13.051281929], [248.604324341, 161.285583496, -76.4477920532, 82.7506332397, 70.9005279541, 69.9186401367, 101.444107056, 187.945510864, 7.31405973434, 70.8995895386, 8.83706855774, 51.5742988586, 26.5527019501], [-69.6845932007, 147.48324585, -9.06932735443, 18.2893886566, 24.8549079895, 48.8515319824, 31.2261219025, 7.31405973434, 138.685302734, 9.88039684296, 74.7928924561, 4.62656545639, 39.3159866333], [167.528778076, 186.859436035, -117.136199951, 8.45125293732, 19.300157547, 42.6161804199, 95.6537322998, 70.8995895386, 9.88039684296, 160.75541687, 10.0860366821, 57.8097457886, -1.11126744747], [-74.6635284424, 51.5639801025, 7.16011571884, 25.1310653687, 41.7154159546, 14.1404924393, -8.81382465363, 8.83706855774, 74.7928924561, 10.0860366821, 118.152137756, 17.7046432495, 48.6765365601], [102.424697876, 104.342773438, -34.3755760193, 23.6753768921, 7.91453647614, 36.7776451111, 51.5039367676, 51.5742988586, 4.62656545639, 57.8097457886, 17.7046432495, 97.9828720093, 35.2182846069], [-98.6752853394, 62.5262680054, 24.2775630951, 28.7246417999, -4.19972133636, -13.0641384125, -13.051281929, 26.5527019501, 39.3159866333, -1.11126744747, 48.6765365601, 35.2182846069, 86.5439834595]],
        "icov": [[9.98587711365e-005, -7.50870242427e-007, 5.12749866175e-005, 3.2473482861e-005, -3.38969985023e-005, -0.000155895831995, -5.40208784514e-005, -3.82306425308e-005, 0.000119054107927, 2.30051009567e-005, -4.25075796784e-007, -9.19993544812e-006, 1.78352711373e-005], [-7.50870242427e-007, 0.000259201537119, -7.31701147743e-005, 1.08168651423e-005, -0.000113498063001, 3.93688642362e-005, 6.6576169047e-005, -0.000111066590762, -0.00037527087261, -0.000288744136924, 0.000235081301071, -0.000125296297483, -4.10956672567e-005], [5.12749866175e-005, -7.31701147743e-005, 0.000944779720157, -0.000652694900054, 8.26148097985e-005, 0.00027130098897, -0.000503548712004, 0.000550508906599, 0.000332907977281, 0.000699669588357, -0.000193827261683, 5.57232451683e-005, -0.000192859151866], [3.2473482861e-005, 1.08168651423e-005, -0.000652694900054, 0.00362276774831, -0.00275490013883, 0.000611549941823, -0.000495994754601, -0.000651023699902, -0.000224018207518, 0.000120410884847, 0.000848639814649, -0.000359569152351, -0.00113422528375], [-3.38969985023e-005, -0.000113498063001, 8.26148097985e-005, -0.00275490013883, 0.00707761524245, -0.00317454710603, 0.00139803951606, -0.00132820184808, 0.00109427061398, -0.000213387669646, -0.00303972605616, 0.00130522809923, 0.00209581851959], [-0.000155895831995, 3.93688642362e-005, 0.00027130098897, 0.000611549941823, -0.00317454710603, 0.00762200681493, -0.00432728976011, 0.000456118315924, -0.0020377964247, 0.00184086360969, 0.000535202329047, -0.00201472849585, 0.00118696072605], [-5.40208784514e-005, 6.6576169047e-005, -0.000503548712004, -0.000495994754601, 0.00139803951606, -0.00432728976011, 0.00937432516366, -0.00269249849953, -0.00212420499884, -0.00334681896493, 0.00190823280718, -0.00111385004129, 0.00215261382982], [-3.82306425308e-005, -0.000111066590762, 0.000550508906599, -0.000651023699902, -0.00132820184808, 0.000456118315924, -0.00269249849953, 0.00902546476573, 0.00127195182722, -0.00159524951596, 0.000646989443339, -0.000792013248429, -0.00371237122454], [0.000119054107927, -0.00037527087261, 0.000332907977281, -0.000224018207518, 0.00109427061398, -0.0020377964247, -0.00212420499884, 0.00127195182722, 0.0139031494036, -9.42636033869e-005, -0.0078274961561, 0.00384060898796, -0.00405486533418], [2.30051009567e-005, -0.000288744136924, 0.000699669588357, 0.000120410884847, -0.000213387669646, 0.00184086360969, -0.00334681896493, -0.00159524951596, -9.42636033869e-005, 0.0112718585879, -0.00179371575359, -0.00517379585654, 0.00355271762237], [-4.25075796784e-007, 0.000235081301071, -0.000193827261683, 0.000848639814649, -0.00303972605616, 0.000535202329047, 0.00190823280718, 0.000646989443339, -0.0078274961561, -0.00179371575359, 0.0170224383473, -0.00136289873626, -0.00586178712547], [-9.19993544812e-006, -0.000125296297483, 5.57232451683e-005, -0.000359569152351, 0.00130522809923, -0.00201472849585, -0.00111385004129, -0.000792013248429, 0.00384060898796, -0.00517379585654, -0.00136289873626, 0.0182668175548, -0.00846015568823], [1.78352711373e-005, -4.10956672567e-005, -0.000192859151866, -0.00113422528375, 0.00209581851959, 0.00118696072605, 0.00215261382982, -0.00371237122454, -0.00405486533418, 0.00355271762237, -0.00586178712547, -0.00846015568823, 0.0224073454738]]
    },
    "spectral_contrast_coeffs": {
        "mean": [-0.628965973854, -0.725041866302, -0.791611135006, -0.806581199169, -0.810063123703, -0.760603368282],
        "var": [0.0168790277094, 0.0173264909536, 0.0071893138811, 0.00359729793854, 0.00212201173417, 0.00229580746964]
    },
    "spectral_contrast_valleys": {
        "mean": [-7.51520872116, -7.23371648788, -7.68855142593, -7.96949625015, -7.82754325867, -9.83141326904],
        "var": [3.81729602814, 1.78231871128, 2.24140071869, 2.31079149246, 1.95020365715, 2.31014370918]
    }
},
"metadata": {
    "audio_properties": {
        "analysis_sample_rate": 44100,
        "bit_rate": 122145,
        "equal_loudness": 0,
        "length": 45.0873451233,
        "lossless": 0,
        "replay_gain": -12.6229801178,
        "sample_rate": 44100,
        "codec": "mp3",
        "downmix": "mix",
        "md5_encoded": "5a2ae4cec8387c8f59f59e938f0926bf"
    },
    "tags": {
        "file_name": "473.mp3"
    },
    "version": {
        "essentia": "2.1-beta2",
        "essentia_git_sha": "v2.1_beta2",
        "extractor": "music 1.0"
    }
},
"rhythm": {
    "beats_count": 51,
    "beats_loudness": {
        "mean": 0.099909722805,
        "var": 0.0014214910334
    },
    "bpm": 68.6375579834,
    "bpm_histogram_first_peak_bpm": {
        "mean": 69,
        "var": 0
    },
    "bpm_histogram_first_peak_spread": {
        "mean": 0.0816326364875,
        "var": 0
    },
    "bpm_histogram_first_peak_weight": {
        "mean": 0.900000035763,
        "var": 0
    },
    "bpm_histogram_second_peak_bpm": {
        "mean": 64,
        "var": 0
    },
    "bpm_histogram_second_peak_spread": {
        "mean": 0,
        "var": 0
    },
    "bpm_histogram_second_peak_weight": {
        "mean": 0.019999999553,
        "var": 0
    },
    "danceability": 1.12480211258,
    "onset_rate": 6.27428197861,
    "beats_loudness_band_ratio": {
        "mean": [0.795588612556, 0.0495956540108, 0.0241213757545, 0.0471859648824, 0.0374802164733, 0.0686719939113],
        "var": [0.0233529955149, 0.00242938287556, 0.000403039070079, 0.00220154365525, 0.00175559800118, 0.0181932002306]
    },
    "beats_position": [0.905578196049, 1.8111563921, 2.72834467888, 3.64553284645, 4.58594083786, 5.47990942001, 6.3622674942, 7.24462556839, 8.10376358032, 8.97451210022, 9.84526062012, 10.7043991089, 11.5751476288, 12.445895195, 13.328253746, 14.1873922348, 15.0465307236, 15.9288883209, 16.7996368408, 17.6703853607, 18.5295238495, 19.4118824005, 20.2826309204, 21.153377533, 22.0125160217, 22.8948745728, 23.7540130615, 24.6247615814, 25.4955101013, 26.3662586212, 27.2370071411, 28.1193637848, 28.9785022736, 29.8376407623, 30.7083892822, 31.5791378021, 32.449886322, 33.3206329346, 34.2029914856, 35.0621299744, 35.9212684631, 36.8036270142, 37.6627655029, 38.545124054, 39.4042625427, 40.2866210938, 41.1457595825, 42.0281181335, 42.8872566223, 43.7580032349, 44.6287536621]
},
"tonal": {
    "chords_changes_rate": 0.0637860074639,
    "chords_number_rate": 0.00617283955216,
    "chords_strength": {
        "mean": 0.464222997427,
        "var": 0.0111047560349
    },
    "hpcp_entropy": {
        "mean": 2.4008834362,
        "var": 0.695247411728
    },
    "key_strength": 0.697795987129,
    "tuning_diatonic_strength": 0.575532019138,
    "tuning_equal_tempered_deviation": 0.17026039958,
    "tuning_frequency": 434.193115234,
    "tuning_nontempered_energy_ratio": 0.835898280144,
    "hpcp": {
        "mean": [0.141412883997, 0.150386437774, 0.166561231017, 0.236686170101, 0.220392853022, 0.131671682, 0.0951324552298, 0.0721442997456, 0.0570077635348, 0.061967972666, 0.0601348355412, 0.0460156388581, 0.0435862056911, 0.0479639470577, 0.0646010637283, 0.103554837406, 0.112207174301, 0.0986931398511, 0.0928286463022, 0.062651515007, 0.0395044498146, 0.0393756404519, 0.052891317755, 0.171422496438, 0.395689576864, 0.346993982792, 0.11274522543, 0.0538841299713, 0.0533192530274, 0.0403268970549, 0.0367966964841, 0.0421665906906, 0.0705628320575, 0.137526363134, 0.175733551383, 0.147676408291],
        "var": [0.0695916041732, 0.0732012316585, 0.0756225287914, 0.108824849129, 0.104673057795, 0.0503242723644, 0.0516352429986, 0.0328423306346, 0.0236112307757, 0.018204819411, 0.0145907159895, 0.0146604804322, 0.0172134563327, 0.0175545308739, 0.0203614365309, 0.0469224080443, 0.0500123500824, 0.0501730889082, 0.0469773299992, 0.024676637724, 0.0137661192566, 0.0171712338924, 0.0204695090652, 0.0668221116066, 0.159565985203, 0.140861436725, 0.0281296148896, 0.0227636452764, 0.0221167095006, 0.0128652080894, 0.0103065539151, 0.0130101758987, 0.0252380874008, 0.0614688806236, 0.104887351394, 0.0646998211741]
    },
    "chords_histogram": [52.4691352844, 32.0987663269, 0, 0, 0, 0, 0, 0, 0, 0, 0, 0.102880656719, 0, 4.93827152252, 0, 4.11522626877, 0, 0, 0, 0, 5.24691343307, 0, 0, 1.02880656719],
    "thpcp": [1, 0.876934885979, 0.284933537245, 0.136177778244, 0.134750202298, 0.101915486157, 0.0929938480258, 0.106564827263, 0.178328767419, 0.347561240196, 0.444119751453, 0.373212784529, 0.357383400202, 0.380061656237, 0.420939147472, 0.598161220551, 0.556984245777, 0.332765102386, 0.240421935916, 0.18232549727, 0.144071936607, 0.156607538462, 0.151974782348, 0.116292268038, 0.11015252769, 0.121216095984, 0.163261979818, 0.261707276106, 0.283573746681, 0.249420627952, 0.234599679708, 0.158335015178, 0.0998369753361, 0.0995114445686, 0.133668720722, 0.433224707842],
    "chords_key": "A#",
    "chords_scale": "major",
    "key_key": "A#",
    "key_scale": "major"
}
}