{
"lowlevel": {
    "average_loudness": 0.955427825451,
    "barkbands_crest": {
        "mean": 12.9501829147,
        "var": 24.2371711731
    },
    "barkbands_flatness_db": {
        "mean": 0.212907925248,
        "var": 0.00912482757121
    },
    "barkbands_kurtosis": {
        "mean": 21.4334182739,
        "var": 1800.78601074
    },
    "barkbands_skewness": {
        "mean": 3.09107065201,
        "var": 5.59991550446
    },
    "barkbands_spread": {
        "mean": 15.5498199463,
        "var": 247.155334473
    },
    "dissonance": {
        "mean": 0.45760974288,
        "var": 0.00120139308274
    },
    "dynamic_complexity": 2.4130461216,
    "erbbands_crest": {
        "mean": 9.22974491119,
        "var": 17.8199939728
    },
    "erbbands_flatness_db": {
        "mean": 0.160404413939,
        "var": 0.00383040960878
    },
    "erbbands_kurtosis": {
        "mean": 2.36871528625,
        "var": 42.50548172
    },
    "erbbands_skewness": {
        "mean": 0.775638103485,
        "var": 1.5386248827
    },
    "erbbands_spread": {
        "mean": 47.81224823,
        "var": 829.776367188
    },
    "hfc": {
        "mean": 19.3683071136,
        "var": 743.55291748
    },
    "melbands_crest": {
        "mean": 20.0362319946,
        "var": 61.1593742371
    },
    "melbands_flatness_db": {
        "mean": 0.290663659573,
        "var": 0.0146684404463
    },
    "melbands_kurtosis": {
        "mean": 58.3170394897,
        "var": 19090.6054688
    },
    "melbands_skewness": {
        "mean": 4.72891283035,
        "var": 14.1835041046
    },
    "melbands_spread": {
        "mean": 13.4712057114,
        "var": 333.499267578
    },
    "pitch_salience": {
        "mean": 0.491069883108,
        "var": 0.0292401257902
    },
    "silence_rate_20dB": {
        "mean": 1,
        "var": 0
    },
    "silence_rate_30dB": {
        "mean": 0.945932030678,
        "var": 0.0511438511312
    },
    "silence_rate_60dB": {
        "mean": 0.0139031922445,
        "var": 0.0137097258121
    },
    "spectral_centroid": {
        "mean": 1003.75549316,
        "var": 740972.25
    },
    "spectral_complexity": {
        "mean": 14.2471675873,
        "var": 138.817504883
    },
    "spectral_decrease": {
        "mean": -1.10854703195e-008,
        "var": 6.88839154966e-017
    },
    "spectral_energy": {
        "mean": 0.0435959398746,
        "var": 0.00102520687506
    },
    "spectral_energyband_high": {
        "mean": 0.0013450110564,
        "var": 7.60950661061e-006
    },
    "spectral_energyband_low": {
        "mean": 0.0284279324114,
        "var": 0.000865684240125
    },
    "spectral_energyband_middle_high": {
        "mean": 0.00267710327171,
        "var": 2.1437957912e-005
    },
    "spectral_energyband_middle_low": {
        "mean": 0.0127672422677,
        "var": 0.000151441607159
    },
    "spectral_entropy": {
        "mean": 7.35280036926,
        "var": 0.565515875816
    },
    "spectral_flux": {
        "mean": 0.0991616547108,
        "var": 0.00460628466681
    },
    "spectral_kurtosis": {
        "mean": 7.05327224731,
        "var": 193.863769531
    },
    "spectral_rms": {
        "mean": 0.00609038304538,
        "var": 5.43980058865e-006
    },
    "spectral_rolloff": {
        "mean": 932.41607666,
        "var": 2998414.25
    },
    "spectral_skewness": {
        "mean": 1.77926659584,
        "var": 1.34416246414
    },
    "spectral_spread": {
        "mean": 4997601.5,
        "var": 5.67820733645e+012
    },
    "spectral_strongpeak": {
        "mean": 0.51913189888,
        "var": 0.152689933777
    },
    "zerocrossingrate": {
        "mean": 0.0423298627138,
        "var": 0.00184901966713
    },
    "barkbands": {
        "mean": [0.00304902810603, 0.0184344295412, 0.0053779440932, 0.00301809143275, 0.00479045603424, 0.00266590924002, 0.00148144853301, 0.000302154425299, 0.0003943927004, 0.000295671343338, 0.000492045306601, 0.000255581748206, 0.000314061820973, 0.000265329814283, 0.00025426785578, 0.00023101651459, 0.00017723919882, 0.000134906906169, 0.000221153342864, 0.000233891041717, 0.00026324269129, 0.000299377017654, 0.000215971405851, 0.00022408150835, 0.000176762623596, 2.63097772404e-005, 1.1984932371e-006],
        "var": [1.08608846858e-005, 0.000347422930645, 0.000254694838077, 4.4197353418e-005, 4.27587729064e-005, 6.03306762059e-006, 8.08043478173e-006, 4.86978308345e-007, 3.85236859302e-007, 3.16688243629e-007, 1.58878901857e-006, 2.57029597606e-007, 4.86956309942e-007, 4.76345519473e-007, 4.05845526075e-007, 3.8299609173e-007, 1.92365945395e-007, 9.40167836916e-008, 2.87713191938e-007, 2.96671942124e-007, 4.11577332216e-007, 4.46394011533e-007, 2.52609822837e-007, 3.17963582575e-007, 2.0183011884e-007, 2.71785927097e-009, 1.75089005794e-011]
    },
    "erbbands": {
        "mean": [0.930276989937, 2.5729136467, 5.65868806839, 9.1043214798, 11.9834222794, 18.1560649872, 16.2570171356, 25.0258350372, 15.3562726974, 22.4815502167, 7.08516645432, 9.88892745972, 9.60517406464, 12.65371418, 17.6265335083, 11.0570173264, 14.1262550354, 13.5855827332, 14.6112709045, 10.8303337097, 13.2490081787, 9.9777097702, 8.0477142334, 10.341586113, 10.7010383606, 10.286696434, 10.768620491, 11.0213489532, 10.6651830673, 7.77284526825, 6.64125680923, 4.93352127075, 3.67538809776, 2.47674179077, 0.923317790031, 0.182477578521, 0.0425931103528, 0.00623632222414, 0.000184894408449, 5.7857374486e-005],
        "var": [0.801547527313, 12.0054550171, 254.197128296, 379.436187744, 513.049438477, 646.218261719, 199.574554443, 608.942504883, 506.479705811, 2215.78735352, 187.958084106, 250.363998413, 332.628814697, 751.314575195, 1614.47460938, 453.216827393, 890.405883789, 1088.7755127, 1281.47412109, 561.562133789, 1407.07531738, 647.184509277, 317.981506348, 616.00982666, 730.485351563, 610.639038086, 583.126037598, 667.418823242, 574.915283203, 336.745117188, 242.410995483, 163.572463989, 80.8207168579, 43.8294563293, 5.26178359985, 0.159796386957, 0.00655110972002, 0.000225141047849, 1.76961052034e-007, 1.79781001197e-009]
    },
    "gfcc": {
        "mean": [-31.5809173584, 105.231018066, -89.6670455933, 45.4891815186, -56.7082366943, 17.373714447, -37.0812187195, -1.01090526581, -19.0974559784, 2.88388109207, -7.94636297226, 4.07907009125, 0.395321458578],
        "cov": [[9764.01171875, -2570.94897461, -972.902893066, 532.110900879, -995.176330566, 644.36328125, -531.989379883, 585.577758789, -505.089630127, 404.300994873, -395.77557373, 62.1365890503, -457.252166748], [-2570.94897461, 3003.72827148, 289.674468994, -306.295227051, 821.360534668, -213.210189819, 650.506896973, -358.53692627, 463.09979248, -319.197967529, 332.529571533, -64.4782485962, 347.318756104], [-972.902893066, 289.674468994, 1430.19726563, 218.05380249, 223.986740112, 102.920860291, 184.770111084, 156.207199097, 156.947814941, 143.925857544, 9.11967277527, 92.21925354, -12.4698829651], [532.110900879, -306.295227051, 218.05380249, 728.092773438, 61.5397529602, 235.097732544, 125.778907776, 55.6355323792, 64.7905273438, -15.9056396484, -24.1830253601, -80.9692153931, -25.9536476135], [-995.176330566, 821.360534668, 223.986740112, 61.5397529602, 732.963684082, 170.38609314, 355.898376465, 9.06922531128, 224.800231934, -53.0094070435, 66.4277572632, -0.0803473070264, 52.9611816406], [644.36328125, -213.210189819, 102.920860291, 235.097732544, 170.38609314, 430.338470459, 215.965026855, 169.497116089, 59.387424469, 47.8685531616, -42.2490768433, -38.9300270081, -34.3438949585], [-531.989379883, 650.506896973, 184.770111084, 125.778907776, 355.898376465, 215.965026855, 495.121002197, 53.9356536865, 232.976165771, -46.5790061951, 57.4006729126, -23.1499710083, 53.372379303], [585.577758789, -358.53692627, 156.207199097, 55.6355323792, 9.06922531128, 169.497116089, 53.9356536865, 309.443084717, 47.7952728271, 132.021957397, -31.6054096222, 18.3211688995, -58.7394142151], [-505.089630127, 463.09979248, 156.947814941, 64.7905273438, 224.800231934, 59.387424469, 232.976165771, 47.7952728271, 256.446472168, 34.1882972717, 95.126083374, 10.5809698105, 51.8964080811], [404.300994873, -319.197967529, 143.925857544, -15.9056396484, -53.0094070435, 47.8685531616, -46.5790061951, 132.021957397, 34.1882972717, 198.809783936, 21.8760852814, 80.5764694214, -52.1106796265], [-395.77557373, 332.529571533, 9.11967277527, -24.1830253601, 66.4277572632, -42.2490768433, 57.4006729126, -31.6054096222, 95.126083374, 21.8760852814, 162.626235962, 30.7579288483, 77.8710784912], [62.1365890503, -64.4782485962, 92.21925354, -80.9692153931, -0.0803473070264, -38.9300270081, -23.1499710083, 18.3211688995, 10.5809698105, 80.5764694214, 30.7579288483, 147.849853516, 14.4737958908], [-457.252166748, 347.318756104, -12.4698829651, -25.9536476135, 52.9611816406, -34.3438949585, 53.372379303, -58.7394142151, 51.8964080811, -52.1106796265, 77.8710784912, 14.4737958908, 147.114151001]],
        "icov": [[0.000341346196365, -0.000582635868341, 0.00047346248175, -0.000593541073613, 0.00060354109155, -0.000807254458778, 0.000544993148651, -0.000640751095489, 0.000584021618124, -0.000696374685504, 0.000687542546075, -0.000947985507082, 0.000789263052866], [-0.000582635868341, 0.00305646075867, -0.00137168203946, 0.00216412590817, -0.00205010431819, 0.00246912473813, -0.0024434493389, 0.00225477619097, -0.00224932376295, 0.00279180216603, -0.00285692606121, 0.003100825008, -0.00267056166194], [0.00047346248175, -0.00137168203946, 0.00174121407326, -0.00150357792154, 0.000849540519994, -0.00099350977689, 0.000819616601802, -0.00140779267531, 0.00115906144492, -0.00221690814942, 0.00190401554573, -0.0020528701134, 0.00119505811017], [-0.000593541073613, 0.00216412590817, -0.00150357792154, 0.00364152994007, -0.00125525391195, 0.000647789856885, -0.00137870910112, 0.00209153583273, -0.00257209059782, 0.00288523570634, -0.00235702004284, 0.00308142555878, -0.00162684801035], [0.00060354109155, -0.00205010431819, 0.000849540519994, -0.00125525391195, 0.00408039800823, -0.0029600916896, 0.00116848479956, -0.00135951139964, 1.33167040985e-005, -0.000457854999695, 0.00167263729963, -0.00315430969931, 0.00269786710851], [-0.000807254458778, 0.00246912473813, -0.00099350977689, 0.000647789856885, -0.0029600916896, 0.00817547179759, -0.00496803224087, 0.000312895601382, 0.000583994493354, -0.000552242505364, -0.00108048447873, 0.0045697116293, -0.00368607416749], [0.000544993148651, -0.0024434493389, 0.000819616601802, -0.00137870910112, 0.00116848479956, -0.00496803224087, 0.0082986028865, -0.00207502441481, -0.0030296635814, 0.0016744795721, 0.00180665950757, -0.00367090897635, 0.00293593574315], [-0.000640751095489, 0.00225477619097, -0.00140779267531, 0.00209153583273, -0.00135951139964, 0.000312895601382, -0.00207502441481, 0.00803266186267, -0.00275585218333, -0.0015326422872, -0.000676049327012, 0.00341536593623, -0.00209150183946], [0.000584021618124, -0.00224932376295, 0.00115906144492, -0.00257209059782, 1.33167040985e-005, 0.000583994493354, -0.0030296635814, -0.00275585218333, 0.0132942162454, -0.00687604630366, -0.000574507401325, -0.0004334851983, 0.000121840843349], [-0.000696374685504, 0.00279180216603, -0.00221690814942, 0.00288523570634, -0.000457854999695, -0.000552242505364, 0.0016744795721, -0.0015326422872, -0.00687604630366, 0.018597766757, -0.00717588607222, -0.00371963344514, 0.00355964549817], [0.000687542546075, -0.00285692606121, 0.00190401554573, -0.00235702004284, 0.00167263729963, -0.00108048447873, 0.00180665950757, -0.000676049327012, -0.000574507401325, -0.00717588607222, 0.0147436466068, -0.00274937227368, -0.00302520650439], [-0.000947985507082, 0.003100825008, -0.0020528701134, 0.00308142555878, -0.00315430969931, 0.0045697116293, -0.00367090897635, 0.00341536593623, -0.0004334851983, -0.00371963344514, -0.00274937227368, 0.0149206593633, -0.00617701886222], [0.000789263052866, -0.00267056166194, 0.00119505811017, -0.00162684801035, 0.00269786710851, -0.00368607416749, 0.00293593574315, -0.00209150183946, 0.000121840843349, 0.00355964549817, -0.00302520650439, -0.00617701886222, 0.0150647200644]]
    },
    "melbands": {
        "mean": [0.00643475772813, 0.00303078908473, 0.00165170966648, 0.00110913161188, 0.000625187240075, 0.000529170152731, 0.000273877230939, 0.000209514444578, 5.28693817614e-005, 6.11707218923e-005, 4.59798538941e-005, 4.73523796245e-005, 6.56472475384e-005, 3.32025265379e-005, 2.61659224634e-005, 3.19178616337e-005, 2.48559881584e-005, 2.40341159952e-005, 1.8381371774e-005, 1.40405136335e-005, 1.52593311213e-005, 1.02658095784e-005, 8.52619723446e-006, 6.38473284198e-006, 8.65769743541e-006, 7.93999151938e-006, 7.27701490177e-006, 6.84951464791e-006, 7.05977163307e-006, 6.12363783148e-006, 6.41422730041e-006, 6.28015777693e-006, 5.45545663044e-006, 3.7179931951e-006, 4.04847924074e-006, 3.23552330883e-006, 2.83264307654e-006, 2.47796515396e-006, 2.68148846772e-006, 1.84245686796e-006],
        "var": [3.74344963348e-005, 4.33034729213e-005, 1.03726897578e-005, 2.70170471595e-006, 3.43595871755e-007, 2.57011180338e-007, 1.91547727013e-007, 1.86474110819e-007, 1.17269385314e-008, 9.550567448e-009, 8.20933721002e-009, 1.06532169752e-008, 2.82259176032e-008, 4.25270485493e-009, 3.23409832248e-009, 4.83797357731e-009, 4.3169356978e-009, 3.56214879815e-009, 2.13591855314e-009, 1.1159386748e-009, 1.9124770656e-009, 7.54921791746e-010, 3.89447307736e-010, 2.22334886613e-010, 4.53862114558e-010, 4.0125730516e-010, 3.45587586326e-010, 2.80396622587e-010, 2.55858306764e-010, 2.22305923669e-010, 2.22902266089e-010, 2.26424143324e-010, 1.70140554423e-010, 8.2547954583e-011, 8.82152198511e-011, 7.25705190385e-011, 5.42538548809e-011, 3.78217041019e-011, 4.65647624626e-011, 2.76584675302e-011]
    },
    "mfcc": {
        "mean": [-677.175231934, 127.310279846, 27.109457016, 30.61561203, 9.68678855896, 16.281419754, -0.821931600571, 0.371568351984, -2.15553736687, -2.5190680027, -4.16025829315, -0.811832308769, 0.912001669407],
        "cov": [[8597.78125, -2930.02050781, -542.232971191, -324.949829102, -415.923797607, -148.282546997, -0.824676275253, -66.0731201172, -61.565448761, 167.160705566, 69.0343017578, 33.0297660828, -77.8426208496], [-2930.02050781, 2940.37426758, -33.3971328735, 70.5723876953, 206.0728302, 212.56477356, 131.904312134, 212.821670532, 127.576522827, 1.76446795464, 31.7013607025, 34.9376373291, 86.0434265137], [-542.232971191, -33.3971328735, 1097.58959961, 270.324432373, 101.005836487, 67.5245513916, 67.9746551514, 46.4500465393, 117.54485321, 71.9135284424, 86.1607818604, 73.9275436401, 56.771938324], [-324.949829102, 70.5723876953, 270.324432373, 450.43170166, 137.0131073, 184.729766846, 50.9737358093, 118.955055237, 71.8569488525, 63.6739997864, 53.9387397766, 35.4835624695, 12.3225545883], [-415.923797607, 206.0728302, 101.005836487, 137.0131073, 347.793731689, 126.305725098, 106.82208252, 86.1753540039, 90.1758575439, 63.6431846619, 54.4482879639, 46.5007247925, 20.2568855286], [-148.282546997, 212.56477356, 67.5245513916, 184.729766846, 126.305725098, 413.456939697, 166.725296021, 214.543487549, 129.96585083, 123.88205719, 76.6996688843, 32.979801178, -14.6019659042], [-0.824676275253, 131.904312134, 67.9746551514, 50.9737358093, 106.82208252, 166.725296021, 227.753250122, 162.623672485, 130.531417847, 102.104133606, 68.5722732544, 36.4251708984, 5.99205541611], [-66.0731201172, 212.821670532, 46.4500465393, 118.955055237, 86.1753540039, 214.543487549, 162.623672485, 269.813842773, 181.605880737, 140.734039307, 84.0075302124, 52.2827148438, 13.395485878], [-61.565448761, 127.576522827, 117.54485321, 71.8569488525, 90.1758575439, 129.96585083, 130.531417847, 181.605880737, 215.951217651, 140.855743408, 90.2725753784, 50.0891990662, 18.9720935822], [167.160705566, 1.76446795464, 71.9135284424, 63.6739997864, 63.6431846619, 123.88205719, 102.104133606, 140.734039307, 140.855743408, 180.758682251, 113.696716309, 70.0590133667, 29.518409729], [69.0343017578, 31.7013607025, 86.1607818604, 53.9387397766, 54.4482879639, 76.6996688843, 68.5722732544, 84.0075302124, 90.2725753784, 113.696716309, 140.564422607, 94.3778762817, 51.4757156372], [33.0297660828, 34.9376373291, 73.9275436401, 35.4835624695, 46.5007247925, 32.979801178, 36.4251708984, 52.2827148438, 50.0891990662, 70.0590133667, 94.3778762817, 125.205337524, 78.3155136108], [-77.8426208496, 86.0434265137, 56.771938324, 12.3225545883, 20.2568855286, -14.6019659042, 5.99205541611, 13.395485878, 18.9720935822, 29.518409729, 51.4757156372, 78.3155136108, 103.191894531]],
        "icov": [[0.000206434604479, 0.000198473353521, 9.97557799565e-005, 5.91260723013e-005, 0.000158223963808, 1.53696055349e-005, -0.000136534654303, -4.72611100122e-005, 9.67371233855e-005, -0.000230053046835, -2.2122188966e-005, -0.00012367911404, 6.63901300868e-005], [0.000198473353521, 0.000605503679253, 0.000124818529002, 0.000155768793775, -5.60485204915e-005, -0.00014767239918, -5.95891251578e-005, -0.000474466418382, -5.68171635678e-005, 0.000392557354644, -0.000187173151062, 0.000243133486947, -0.000580275547691], [9.97557799565e-005, 0.000124818529002, 0.00128719641361, -0.000822937930934, 0.000207048418815, 7.27047081455e-005, -0.000485138472868, 0.00101959134918, -0.00112453068141, 0.000179594542715, -0.000134397734655, -0.000330054870574, -0.000300352810882], [5.91260723013e-005, 0.000155768793775, -0.000822937930934, 0.00372764281929, -0.00106444640551, -0.00119056168478, 0.00148608873133, -0.00192239857279, 0.00101119407918, 0.000241185756749, -0.000605885463301, 0.000492117949761, -0.000200074427994], [0.000158223963808, -5.60485204915e-005, 0.000207048418815, -0.00106444640551, 0.00419719750062, -0.000403997022659, -0.00171958561987, 0.00157485029195, -0.00131886685267, -6.18587218923e-005, 0.000451828585938, -0.00143188773654, 0.000315106706694], [1.53696055349e-005, -0.00014767239918, 7.27047081455e-005, -0.00119056168478, -0.000403997022659, 0.00530194956809, -0.00157921970822, -0.00294952001423, 0.00173473986797, -0.00122029229533, -0.000626301625744, 0.000112203531899, 0.00179842556827], [-0.000136534654303, -5.95891251578e-005, -0.000485138472868, 0.00148608873133, -0.00171958561987, -0.00157921970822, 0.00961228832603, -0.00371840363368, -0.00108151382301, 0.000223077833652, -0.00128165911883, 0.000897870282643, 0.000167706035427], [-4.72611100122e-005, -0.000474466418382, 0.00101959134918, -0.00192239857279, 0.00157485029195, -0.00294952001423, -0.00371840363368, 0.0150871817023, -0.00796657148749, -0.00242048315704, 0.00284144282341, -0.00280812219717, 0.000430328975199], [9.67371233855e-005, -5.68171635678e-005, -0.00112453068141, 0.00101119407918, -0.00131886685267, 0.00173473986797, -0.00108151382301, -0.00796657148749, 0.0161073934287, -0.00627334602177, -0.00179481552914, 0.0023657809943, 0.000152569438796], [-0.000230053046835, 0.000392557354644, 0.000179594542715, 0.000241185756749, -6.18587218923e-005, -0.00122029229533, 0.000223077833652, -0.00242048315704, -0.00627334602177, 0.0191166140139, -0.00974991731346, 0.000364012143109, -0.000215413834667], [-2.2122188966e-005, -0.000187173151062, -0.000134397734655, -0.000605885463301, 0.000451828585938, -0.000626301625744, -0.00128165911883, 0.00284144282341, -0.00179481552914, -0.00974991731346, 0.0239937119186, -0.0128839863464, 0.000742057862226], [-0.00012367911404, 0.000243133486947, -0.000330054870574, 0.000492117949761, -0.00143188773654, 0.000112203531899, 0.000897870282643, -0.00280812219717, 0.0023657809943, 0.000364012143109, -0.0128839863464, 0.0267026424408, -0.0139414193109], [6.63901300868e-005, -0.000580275547691, -0.000300352810882, -0.000200074427994, 0.000315106706694, 0.00179842556827, 0.000167706035427, 0.000430328975199, 0.000152569438796, -0.000215413834667, 0.000742057862226, -0.0139414193109, 0.0207847487181]]
    },
    "spectral_contrast_coeffs": {
        "mean": [-0.626968979836, -0.697178542614, -0.805475473404, -0.820298910141, -0.820528805256, -0.752255260944],
        "var": [0.0120928520337, 0.0111647890881, 0.00303948228247, 0.00167263031472, 0.00112776248716, 0.00267785252072]
    },
    "spectral_contrast_valleys": {
        "mean": [-7.09749269485, -7.11810016632, -7.61287212372, -7.97960472107, -8.01705932617, -10.5283470154],
        "var": [2.22568821907, 1.5111335516, 1.44625818729, 1.56569504738, 1.90167820454, 2.73216986656]
    }
},
"metadata": {
    "audio_properties": {
        "analysis_sample_rate": 44100,
        "bit_rate": 113010,
        "equal_loudness": 0,
        "length": 45.0612258911,
        "lossless": 0,
        "replay_gain": -13.8948440552,
        "sample_rate": 44100,
        "codec": "mp3",
        "downmix": "mix",
        "md5_encoded": "00b644f84b805b916e217003ad690fc8"
    },
    "tags": {
        "file_name": "475.mp3"
    },
    "version": {
        "essentia": "2.1-beta2",
        "essentia_git_sha": "v2.1_beta2",
        "extractor": "music 1.0"
    }
},
"rhythm": {
    "beats_count": 101,
    "beats_loudness": {
        "mean": 0.0539074651897,
        "var": 0.00108828768134
    },
    "bpm": 135.825805664,
    "bpm_histogram_first_peak_bpm": {
        "mean": 136,
        "var": 0
    },
    "bpm_histogram_first_peak_spread": {
        "mean": 0.506172835827,
        "var": 0
    },
    "bpm_histogram_first_peak_weight": {
        "mean": 0.40000000596,
        "var": 0
    },
    "bpm_histogram_second_peak_bpm": {
        "mean": 144,
        "var": 0
    },
    "bpm_histogram_second_peak_spread": {
        "mean": 0.111111089587,
        "var": 0
    },
    "bpm_histogram_second_peak_weight": {
        "mean": 0.0799999982119,
        "var": 0
    },
    "danceability": 1.32856559753,
    "onset_rate": 5.63423490524,
    "beats_loudness_band_ratio": {
        "mean": [0.609549641609, 0.184644713998, 0.0744236335158, 0.0449374690652, 0.0359913818538, 0.0752400904894],
        "var": [0.100180238485, 0.0338669978082, 0.00852951966226, 0.00512453401461, 0.00415679719299, 0.0148303993046]
    },
    "beats_position": [0.417959183455, 0.847528338432, 1.27709746361, 1.70666658878, 2.15945577621, 2.60063481331, 3.04181408882, 3.48299312592, 3.92417216301, 4.37696123123, 4.82975053787, 5.28253936768, 5.74693870544, 6.21133756638, 6.68734693527, 7.12852573395, 7.58131504059, 8.03410434723, 8.498503685, 8.95129203796, 9.38086128235, 9.82204055786, 10.2632198334, 10.6927890778, 11.110748291, 11.5519275665, 12.0047159195, 12.445895195, 12.8754644394, 13.3050336838, 13.722992897, 14.1525621414, 14.6053514481, 15.0581407547, 15.5225391388, 15.9753284454, 16.4048976898, 16.8344669342, 17.2756462097, 17.7052154541, 18.1231746674, 18.5643539429, 19.0171432495, 19.458322525, 19.8994998932, 20.3406791687, 20.7818584442, 21.2114276886, 21.640996933, 22.0821762085, 22.523355484, 22.9645347595, 23.405714035, 23.8468933105, 24.2880725861, 24.7292518616, 25.1704311371, 25.6000003815, 26.0295696259, 26.470746994, 26.8770961761, 27.2950553894, 27.7246246338, 28.1658039093, 28.6069831848, 29.0597724915, 29.5125617981, 29.9769611359, 30.4181404114, 30.8593196869, 31.3004989624, 31.753288269, 32.2409057617, 32.7169151306, 33.1813163757, 33.6224937439, 34.0636711121, 34.5280723572, 34.9808616638, 35.4336509705, 35.8748283386, 36.2927894592, 36.7339668274, 37.186756134, 37.6395454407, 38.0575065613, 38.4986839294, 38.9398651123, 39.3810424805, 39.7989997864, 40.2285690308, 40.6813583374, 41.134147644, 41.5637168884, 42.0048980713, 42.4460754395, 42.8872566223, 43.3052139282, 43.7463951111, 44.1991844177, 44.6519737244]
},
"tonal": {
    "chords_changes_rate": 0.0648148134351,
    "chords_number_rate": 0.00720164598897,
    "chords_strength": {
        "mean": 0.526382148266,
        "var": 0.00815294403583
    },
    "hpcp_entropy": {
        "mean": 2.58333778381,
        "var": 0.609713673592
    },
    "key_strength": 0.566076636314,
    "tuning_diatonic_strength": 0.498830497265,
    "tuning_equal_tempered_deviation": 0.209370687604,
    "tuning_frequency": 434.193115234,
    "tuning_nontempered_energy_ratio": 0.812769711018,
    "hpcp": {
        "mean": [0.100017428398, 0.0849444642663, 0.0893096402287, 0.13523414731, 0.199502915144, 0.16663146019, 0.0991140753031, 0.0827122107148, 0.0691313892603, 0.0585658922791, 0.0540323480964, 0.0524277575314, 0.0853937491775, 0.126919403672, 0.0968006923795, 0.0475156269968, 0.03899654001, 0.0453070998192, 0.0832741707563, 0.119917929173, 0.100966647267, 0.0713718235493, 0.0613148100674, 0.283584088087, 0.545974373817, 0.367207407951, 0.103562995791, 0.0740155056119, 0.0983460098505, 0.0963324308395, 0.0966964662075, 0.0983216837049, 0.0897686108947, 0.123290538788, 0.1820448488, 0.15994784236],
        "var": [0.0463561080396, 0.0366574786603, 0.0353191122413, 0.0381548702717, 0.0750010833144, 0.0627905279398, 0.0315887220204, 0.0257409829646, 0.0202707797289, 0.0187544971704, 0.0190803352743, 0.016970962286, 0.0242359526455, 0.0488216504455, 0.0320289246738, 0.0141071891412, 0.0111641576514, 0.0155727546662, 0.0328260734677, 0.05613681674, 0.0455837249756, 0.0289909150451, 0.0205239392817, 0.0569544881582, 0.184760302305, 0.0808402076364, 0.0423297584057, 0.0222501922399, 0.034394338727, 0.0267219673842, 0.0342658907175, 0.0437589026988, 0.0413837581873, 0.052315607667, 0.0989754348993, 0.0727101936936]
    },
    "chords_histogram": [48.3539085388, 18.41563797, 7.81893014908, 0, 0, 0, 0, 12.1399173737, 0, 9.56790161133, 0, 1.13168728352, 2.57201647758, 0, 0, 0, 0, 0, 0, 0, 0, 0, 0, 0],
    "thpcp": [1, 0.672572612762, 0.189684718847, 0.135565891862, 0.180129349232, 0.176441311836, 0.177108064294, 0.18008479476, 0.164419084787, 0.22581744194, 0.333431124687, 0.292958527803, 0.183190703392, 0.155583247542, 0.16357845068, 0.24769321084, 0.365407109261, 0.30520015955, 0.181536138058, 0.151494681835, 0.126620203257, 0.107268571854, 0.0989649891853, 0.0960260406137, 0.156406149268, 0.232464030385, 0.17729896307, 0.0870290398598, 0.0714255869389, 0.0829839333892, 0.152523949742, 0.219640210271, 0.184929281473, 0.130723759532, 0.112303458154, 0.519409179688],
    "chords_key": "A#",
    "chords_scale": "minor",
    "key_key": "A#",
    "key_scale": "minor"
}
}