{
"lowlevel": {
    "average_loudness": 0.967249155045,
    "barkbands_crest": {
        "mean": 9.69101333618,
        "var": 37.4031448364
    },
    "barkbands_flatness_db": {
        "mean": 0.268214792013,
        "var": 0.0178280062973
    },
    "barkbands_kurtosis": {
        "mean": 85.3935317993,
        "var": 489952.84375
    },
    "barkbands_skewness": {
        "mean": 1.66568493843,
        "var": 43.5574188232
    },
    "barkbands_spread": {
        "mean": 19.4451217651,
        "var": 172.361526489
    },
    "dissonance": {
        "mean": 0.44156473875,
        "var": 0.00333591341041
    },
    "dynamic_complexity": 2.82504606247,
    "erbbands_crest": {
        "mean": 8.7327337265,
        "var": 12.1988754272
    },
    "erbbands_flatness_db": {
        "mean": 0.280841290951,
        "var": 0.0115845063701
    },
    "erbbands_kurtosis": {
        "mean": 1.23798978329,
        "var": 18.116645813
    },
    "erbbands_skewness": {
        "mean": -0.268350243568,
        "var": 1.36255729198
    },
    "erbbands_spread": {
        "mean": 26.0642127991,
        "var": 235.23890686
    },
    "hfc": {
        "mean": 21.1036815643,
        "var": 251.154800415
    },
    "melbands_crest": {
        "mean": 14.0332918167,
        "var": 71.5742874146
    },
    "melbands_flatness_db": {
        "mean": 0.308605492115,
        "var": 0.0208571273834
    },
    "melbands_kurtosis": {
        "mean": 749.10925293,
        "var": 57648648
    },
    "melbands_skewness": {
        "mean": 4.36932754517,
        "var": 520.502441406
    },
    "melbands_spread": {
        "mean": 33.3803482056,
        "var": 652.33984375
    },
    "pitch_salience": {
        "mean": 0.612050771713,
        "var": 0.0423345342278
    },
    "silence_rate_20dB": {
        "mean": 1,
        "var": 0
    },
    "silence_rate_30dB": {
        "mean": 0.88934636116,
        "var": 0.0984070375562
    },
    "silence_rate_60dB": {
        "mean": 0.130725681782,
        "var": 0.113636612892
    },
    "spectral_centroid": {
        "mean": 1728.41418457,
        "var": 802140.5625
    },
    "spectral_complexity": {
        "mean": 13.5193004608,
        "var": 52.9550704956
    },
    "spectral_decrease": {
        "mean": -9.82626069401e-009,
        "var": 2.64280182304e-016
    },
    "spectral_energy": {
        "mean": 0.0390006862581,
        "var": 0.00381577853113
    },
    "spectral_energyband_high": {
        "mean": 0.000143054319778,
        "var": 1.12443466094e-007
    },
    "spectral_energyband_low": {
        "mean": 0.0223032049835,
        "var": 0.00353182503022
    },
    "spectral_energyband_middle_high": {
        "mean": 0.00625726394355,
        "var": 2.98100985674e-005
    },
    "spectral_energyband_middle_low": {
        "mean": 0.0102697750553,
        "var": 0.00014301968622
    },
    "spectral_entropy": {
        "mean": 6.56168222427,
        "var": 0.699155986309
    },
    "spectral_flux": {
        "mean": 0.114422403276,
        "var": 0.0125764589757
    },
    "spectral_kurtosis": {
        "mean": 22.7588577271,
        "var": 3712.96508789
    },
    "spectral_rms": {
        "mean": 0.00487807346508,
        "var": 1.42538483487e-005
    },
    "spectral_rolloff": {
        "mean": 2158.2331543,
        "var": 4085955.75
    },
    "spectral_skewness": {
        "mean": 2.30127215385,
        "var": 4.89639949799
    },
    "spectral_spread": {
        "mean": 2886097.5,
        "var": 5.6227528704e+012
    },
    "spectral_strongpeak": {
        "mean": 1.72964882851,
        "var": 4.49270248413
    },
    "zerocrossingrate": {
        "mean": 0.069776467979,
        "var": 0.0033748629503
    },
    "barkbands": {
        "mean": [0.000939664314501, 0.0150254974142, 0.00645998260006, 0.000596629513893, 0.00293957837857, 0.00141818705015, 0.00150109874085, 0.00260063260794, 0.000973228481598, 0.000608109578025, 0.000273155426839, 0.000176055778866, 0.000369398505427, 0.000279022729956, 0.000589287374169, 0.000773440231569, 0.00147326139268, 0.00130202411674, 0.000514648447279, 6.09117450949e-005, 2.05777068913e-005, 1.74328743014e-005, 1.70832918229e-005, 2.36817068071e-005, 2.44791735895e-005, 2.11889000639e-005, 2.43469185079e-006],
        "var": [3.29830436385e-006, 0.001916955458, 0.000626225897577, 3.66441372535e-006, 2.50118591794e-005, 7.67620440456e-006, 5.58182728128e-006, 1.67472771864e-005, 2.9113907658e-006, 6.20595017153e-007, 2.14827537093e-007, 6.8116435159e-008, 2.84612781343e-007, 1.80748131129e-007, 4.42299153747e-007, 7.65603999753e-007, 2.10855046134e-006, 1.9029221221e-006, 3.11613518988e-007, 5.07345498946e-009, 1.8199594054e-009, 1.75808723135e-009, 1.9219184022e-009, 3.87846554872e-009, 5.03781061312e-009, 4.08856903888e-009, 8.86867176919e-011]
    },
    "erbbands": {
        "mean": [0.305182188749, 3.77842378616, 8.79182720184, 3.73160147667, 2.75433969498, 11.5134983063, 18.1855583191, 9.75738430023, 17.6240196228, 46.956817627, 40.6755065918, 25.0694789886, 17.0507850647, 14.0452232361, 15.4251680374, 9.72245597839, 17.5067958832, 17.6314029694, 22.1434783936, 41.3239555359, 48.8532829285, 56.6535606384, 80.8140869141, 47.6933021545, 18.1143512726, 3.62220716476, 1.03068244457, 0.743097126484, 0.642003834248, 0.529753446579, 0.489449471235, 0.498675167561, 0.381882399321, 0.265912771225, 0.176514521241, 0.0944912880659, 0.0372198931873, 0.00870976597071, 0.000285737914965, 5.09476267325e-005],
        "var": [0.914516866207, 125.809402466, 943.004760742, 188.539932251, 18.2858142853, 480.108520508, 962.035705566, 415.247009277, 1087.81555176, 5834.99804688, 3918.42260742, 1836.11706543, 528.554931641, 548.193786621, 494.57699585, 116.268943787, 643.669189453, 666.286804199, 552.542114258, 1746.12573242, 2489.22045898, 3174.90283203, 7364.17578125, 2261.08178711, 378.981719971, 15.2044944763, 3.20005607605, 2.78586959839, 2.38509702682, 1.79736983776, 1.59587240219, 1.74099934101, 0.987603008747, 0.63148021698, 0.259228140116, 0.0770640298724, 0.0142600387335, 0.000827416835818, 9.56164399213e-007, 4.89312856899e-009]
    },
    "gfcc": {
        "mean": [-132.155670166, 124.559654236, -170.772537231, -2.58657121658, -23.2196445465, -34.9383811951, -35.5432395935, 15.3369102478, -17.2742767334, -5.67441606522, -3.80791449547, -4.24756717682, -5.65405702591],
        "cov": [[35483.3671875, 2115.10693359, -1098.71936035, 616.814758301, -1509.39807129, -544.036499023, -1640.18530273, 399.764709473, -520.732849121, -35.4088287354, -564.704650879, -25.8388500214, -678.070556641], [2115.10693359, 5613.97705078, -498.282287598, 13.5106201172, 1432.88439941, -1402.5592041, 807.108886719, -233.776443481, 261.08392334, -600.522155762, 226.676589966, -910.496032715, 90.2895278931], [-1098.71936035, -498.282287598, 5767.02685547, 1238.22375488, -1034.8770752, 2106.23632813, 207.216278076, 53.9302024841, 402.445251465, 446.449890137, -222.206390381, 340.322570801, -98.8031768799], [616.814758301, 13.5106201172, 1238.22375488, 770.588500977, 45.6436538696, 465.589294434, 140.403762817, 73.8690719604, 152.532684326, 176.481216431, 16.1132221222, 8.7497177124, -9.51585292816], [-1509.39807129, 1432.88439941, -1034.8770752, 45.6436538696, 1172.50231934, -633.453918457, 385.796203613, -29.11095047, 39.3259391785, -277.30581665, 128.742095947, -368.763397217, 39.7399635315], [-544.036499023, -1402.5592041, 2106.23632813, 465.589294434, -633.453918457, 1291.19775391, -49.3445129395, 110.972007751, 120.002998352, 321.370910645, -91.1909179688, 354.101409912, -79.5163726807], [-1640.18530273, 807.108886719, 207.216278076, 140.403762817, 385.796203613, -49.3445129395, 486.492553711, 20.466588974, 209.536941528, 80.3074188232, 181.56211853, -88.4188842773, 108.062110901], [399.764709473, -233.776443481, 53.9302024841, 73.8690719604, -29.11095047, 110.972007751, 20.466588974, 224.885864258, 79.576385498, 119.860595703, 52.5286560059, 76.8944244385, -38.6505279541], [-520.732849121, 261.08392334, 402.445251465, 152.532684326, 39.3259391785, 120.002998352, 209.536941528, 79.576385498, 207.198318481, 141.242889404, 123.219673157, 13.9572792053, 37.6421127319], [-35.4088287354, -600.522155762, 446.449890137, 176.481216431, -277.30581665, 321.370910645, 80.3074188232, 119.860595703, 141.242889404, 361.295257568, 120.926681519, 207.481246948, 36.5239105225], [-564.704650879, 226.676589966, -222.206390381, 16.1132221222, 128.742095947, -91.1909179688, 181.56211853, 52.5286560059, 123.219673157, 120.926681519, 210.337982178, 48.1447715759, 97.1828231812], [-25.8388500214, -910.496032715, 340.322570801, 8.7497177124, -368.763397217, 354.101409912, -88.4188842773, 76.8944244385, 13.9572792053, 207.481246948, 48.1447715759, 300.265441895, 45.2349853516], [-678.070556641, 90.2895278931, -98.8031768799, -9.51585292816, 39.7399635315, -79.5163726807, 108.062110901, -38.6505279541, 37.6421127319, 36.5239105225, 97.1828231812, 45.2349853516, 147.295700073]],
        "icov": [[9.03719846974e-005, -0.000263799214736, 0.000187128971447, -0.000344054482412, 0.00022693790379, -8.15074454295e-005, 0.000268084200798, -0.000162972355611, 0.000101651057776, -0.000189002777915, 0.000448066508397, -0.000475975073641, 0.000207790013519], [-0.000263799214736, 0.00156698736828, -0.000953980197664, 0.000989632564597, -0.000502987182699, 0.00118505978025, -0.00141396175604, 0.000579381419811, -0.00051362864906, 0.00163539953064, -0.00281060580164, 0.00254383217543, 1.2821898963e-005], [0.000187128971447, -0.000953980197664, 0.00150085811038, -0.00156846700702, 0.00113634706941, -0.00143545633182, -4.57035821455e-005, 0.00013656434021, -0.00114509114064, 5.51372068003e-005, 0.00285957846791, -0.00198695529252, 0.00034196220804], [-0.000344054482412, 0.000989632564597, -0.00156846700702, 0.00486037135124, -0.00261955335736, -0.000594563840423, 0.00112576724496, -0.000268507516012, 0.000241408066358, -0.00239198375493, -0.00205682707019, 0.00492448639125, -0.00306299701333], [0.00022693790379, -0.000502987182699, 0.00113634706941, -0.00261955335736, 0.00447426736355, 3.63516992365e-005, -0.0029994151555, -0.000970305642113, 0.00152726448141, 0.00316843367182, -0.00105248682667, -0.000342259067111, 0.0023279574234], [-8.15074454295e-005, 0.00118505978025, -0.00143545633182, -0.000594563840423, 3.63516992365e-005, 0.00523866526783, -0.00203428394161, 0.000857700477354, -0.00111957930494, 0.00164599367417, -0.00035736177233, -0.00328488182276, 0.00355535931885], [0.000268084200798, -0.00141396175604, -4.57035821455e-005, 0.00112576724496, -0.0029994151555, -0.00203428394161, 0.0107504576445, -0.00054597936105, -0.00328846368939, -0.00522219622508, 0.000753574538976, 0.0022014179267, -0.00521423714235], [-0.000162972355611, 0.000579381419811, 0.00013656434021, -0.000268507516012, -0.000970305642113, 0.000857700477354, -0.00054597936105, 0.00864254310727, -0.00493557425216, 0.00028132868465, -0.000308967399178, -0.003630758496, 0.00487246131524], [0.000101651057776, -0.00051362864906, -0.00114509114064, 0.000241408066358, 0.00152726448141, -0.00111957930494, -0.00328846368939, -0.00493557425216, 0.0210653059185, -0.00377315073274, -0.00932487100363, 0.00637522805482, -0.000121935299831], [-0.000189002777915, 0.00163539953064, 5.51372068003e-005, -0.00239198375493, 0.00316843367182, 0.00164599367417, -0.00522219622508, 0.00028132868465, -0.00377315073274, 0.0136654982343, -0.00563615886495, -0.00373474438675, 0.00438998034224], [0.000448066508397, -0.00281060580164, 0.00285957846791, -0.00205682707019, -0.00105248682667, -0.00035736177233, 0.000753574538976, -0.000308967399178, -0.00932487100363, -0.00563615886495, 0.0254583954811, -0.0113090761006, -0.00451542949304], [-0.000475975073641, 0.00254383217543, -0.00198695529252, 0.00492448639125, -0.000342259067111, -0.00328488182276, 0.0022014179267, -0.003630758496, 0.00637522805482, -0.00373474438675, -0.0113090761006, 0.0236759856343, -0.00952647347003], [0.000207790013519, 1.2821898963e-005, 0.00034196220804, -0.00306299701333, 0.0023279574234, 0.00355535931885, -0.00521423714235, 0.00487246131524, -0.000121935299831, 0.00438998034224, -0.00451542949304, -0.00952647347003, 0.0190118402243]]
    },
    "melbands": {
        "mean": [0.00355560542084, 0.00494032399729, 0.00064680329524, 0.000459406815935, 0.000666038598865, 0.000221430251258, 0.000274366000667, 0.000556503364351, 0.000309823808493, 0.000138890754897, 8.22799556772e-005, 5.79709485464e-005, 4.07141851611e-005, 3.15274228342e-005, 4.0514718421e-005, 2.40992831095e-005, 3.46013002854e-005, 2.89106883429e-005, 3.71734677174e-005, 7.74313666625e-005, 5.7219316659e-005, 5.73349352635e-005, 6.8103261583e-005, 7.7622513345e-005, 3.38021927746e-005, 1.84682648978e-005, 4.83738813273e-006, 1.67191421951e-006, 6.44495003144e-007, 4.56601043197e-007, 4.13925448584e-007, 3.70777911485e-007, 3.19273624427e-007, 2.8274575925e-007, 2.72597077355e-007, 2.94497397135e-007, 3.11662404329e-007, 2.76862010651e-007, 2.32172737924e-007, 2.21554813606e-007],
        "var": [0.000108523316158, 0.000226369666052, 5.0037397159e-006, 5.95878645981e-007, 1.26438123971e-006, 2.10500815001e-007, 2.51698679676e-007, 8.45652380121e-007, 2.43614181272e-007, 5.67263178652e-008, 1.23031469457e-008, 1.1254810417e-008, 3.88598264678e-009, 1.20495946554e-009, 2.8946496311e-009, 1.04514719101e-009, 2.78536305132e-009, 1.03467245882e-009, 1.35250577404e-009, 7.20064274873e-009, 3.65346886078e-009, 3.23570747973e-009, 5.24901322407e-009, 8.73279937252e-009, 1.17239706832e-009, 3.87943482894e-010, 2.82224764392e-011, 4.07368930255e-012, 1.34263379494e-012, 1.02628040614e-012, 9.42488708605e-013, 8.71066511022e-013, 5.98760949676e-013, 5.66273807359e-013, 5.18849991183e-013, 5.77060588983e-013, 7.2378783739e-013, 5.17926413562e-013, 4.11724663694e-013, 5.00806807049e-013]
    },
    "mfcc": {
        "mean": [-745.477661133, 149.790405273, -67.6260757446, 18.4911937714, 17.0297832489, -35.2727127075, -5.94138765335, 3.25246071815, -8.26296329498, 4.25850582123, 0.913394868374, -0.151578381658, 1.06628155708],
        "cov": [[18289.5214844, 2881.96972656, -1069.32885742, 741.13671875, 112.654693604, -896.108581543, -546.053161621, -141.983459473, -398.666137695, -38.1876678467, -6.69702959061, -63.5938796997, -248.920700073], [2881.96972656, 4526.17822266, -355.323455811, 989.090148926, 424.365905762, -542.441833496, 203.135772705, 53.1590690613, -85.0571517944, 292.176544189, 17.1698608398, -140.1925354, -132.257659912], [-1069.32885742, -355.323455811, 5124.51611328, 367.232666016, -361.452911377, 1657.24926758, 19.4805908203, 198.631072998, 637.50604248, -37.9748344421, 267.668945313, 310.082641602, -5.81930828094], [741.13671875, 989.090148926, 367.232666016, 776.984008789, 233.944732666, 63.7627639771, 182.20451355, -13.1448698044, 109.352386475, 241.370407104, 83.8462600708, 72.0115966797, 35.8050537109], [112.654693604, 424.365905762, -361.452911377, 233.944732666, 364.176818848, -53.5733222961, 120.647254944, 81.5986022949, -40.4385948181, 73.3178863525, 20.4822025299, -58.613067627, -37.9672775269], [-896.108581543, -542.441833496, 1657.24926758, 63.7627639771, -53.5733222961, 867.233886719, 133.65788269, 110.354095459, 260.404754639, -21.7870025635, 112.824836731, 198.333053589, 27.3822116852], [-546.053161621, 203.135772705, 19.4805908203, 182.20451355, 120.647254944, 133.65788269, 222.589904785, 64.0970306396, 72.8979110718, 111.512077332, 47.5323562622, 100.291145325, 85.8756790161], [-141.983459473, 53.1590690613, 198.631072998, -13.1448698044, 81.5986022949, 110.354095459, 64.0970306396, 160.107849121, 64.6775436401, 6.54435825348, 45.2188949585, 30.5584068298, 37.4296531677], [-398.666137695, -85.0571517944, 637.50604248, 109.352386475, -40.4385948181, 260.404754639, 72.8979110718, 64.6775436401, 184.903320313, 75.6878890991, 79.766204834, 129.514968872, 65.8432235718], [-38.1876678467, 292.176544189, -37.9748344421, 241.370407104, 73.3178863525, -21.7870025635, 111.512077332, 6.54435825348, 75.6878890991, 202.6224823, 108.719573975, 93.9621429443, 70.3018417358], [-6.69702959061, 17.1698608398, 267.668945313, 83.8462600708, 20.4822025299, 112.824836731, 47.5323562622, 45.2188949585, 79.766204834, 108.719573975, 158.849777222, 135.454971313, 76.0983810425], [-63.5938796997, -140.1925354, 310.082641602, 72.0115966797, -58.613067627, 198.333053589, 100.291145325, 30.5584068298, 129.514968872, 93.9621429443, 135.454971313, 260.929992676, 179.819854736], [-248.920700073, -132.257659912, -5.81930828094, 35.8050537109, -37.9672775269, 27.3822116852, 85.8756790161, 37.4296531677, 65.8432235718, 70.3018417358, 76.0983810425, 179.819854736, 225.727645874]],
        "icov": [[9.66615407378e-005, -3.36081611749e-005, 3.34616124746e-005, -0.000254674756434, 0.000102131474705, -5.6590870372e-005, 0.000597903621383, -0.000467140547698, 0.000539837463293, -0.000154004694195, 0.000322251813486, -0.000674246693961, 0.000321177009027], [-3.36081611749e-005, 0.000488952908199, -0.000206307711778, -0.000546653871424, 0.000209152829484, 0.000815195904579, -0.000806047406513, -0.000727285747416, 0.000654014234897, 1.47237860801e-005, 0.000104837672552, -0.000512165948749, 0.000871659023687], [3.34616124746e-005, -0.000206307711778, 0.0012604794465, -0.0010286407778, 0.00137010065373, -0.00215824879706, 0.00134289928246, -0.000346006185282, -0.00168871425558, 0.00127794023138, -0.00191070500296, 0.00202445895411, -0.000723585428204], [-0.000254674756434, -0.000546653871424, -0.0010286407778, 0.00578618515283, -0.00434616673738, 0.000621689541731, -0.00150653789751, 0.00520675443113, -0.00306198233739, -0.00374578195624, 0.00201831408776, 0.00106741173659, -0.00211310898885], [0.000102131474705, 0.000209152829484, 0.00137010065373, -0.00434616673738, 0.00964781735092, -0.00177109346259, -0.00202685478143, -0.00668972916901, 0.00445243250579, 0.00124147778843, -0.0038877457846, 0.0026165926829, 0.0022186790593], [-5.6590870372e-005, 0.000815195904579, -0.00215824879706, 0.000621689541731, -0.00177109346259, 0.00857314560562, -0.00705862650648, 0.0014813488815, -0.00301148416474, 0.00555751658976, -0.00179073389154, -0.00421719811857, 0.0044736340642], [0.000597903621383, -0.000806047406513, 0.00134289928246, -0.00150653789751, -0.00202685478143, -0.00705862650648, 0.021449977532, -0.00789789203554, 0.00729435076937, -0.0137396007776, 0.0134657369927, -0.00852732826024, -0.00146995903924], [-0.000467140547698, -0.000727285747416, -0.000346006185282, 0.00520675443113, -0.00668972916901, 0.0014813488815, -0.00789789203554, 0.0212300177664, -0.0158891472965, 0.0101398127154, -0.0113207343966, 0.011825078167, -0.00772350933403], [0.000539837463293, 0.000654014234897, -0.00168871425558, -0.00306198233739, 0.00445243250579, -0.00301148416474, 0.00729435076937, -0.0158891472965, 0.0321603827178, -0.0177216101438, 0.0148803954944, -0.0158684905618, 0.00615751929581], [-0.000154004694195, 1.47237860801e-005, 0.00127794023138, -0.00374578195624, 0.00124147778843, 0.00555751658976, -0.0137396007776, 0.0101398127154, -0.0177216101438, 0.0324452333152, -0.0246967058629, 0.0106128538027, -0.00151793891564], [0.000322251813486, 0.000104837672552, -0.00191070500296, 0.00201831408776, -0.0038877457846, -0.00179073389154, 0.0134657369927, -0.0113207343966, 0.0148803954944, -0.0246967058629, 0.034859944135, -0.0217473264784, 0.00528841419145], [-0.000674246693961, -0.000512165948749, 0.00202445895411, 0.00106741173659, 0.0026165926829, -0.00421719811857, -0.00852732826024, 0.011825078167, -0.0158684905618, 0.0106128538027, -0.0217473264784, 0.0332985147834, -0.0167971253395], [0.000321177009027, 0.000871659023687, -0.000723585428204, -0.00211310898885, 0.0022186790593, 0.0044736340642, -0.00146995903924, -0.00772350933403, 0.00615751929581, -0.00151793891564, 0.00528841419145, -0.0167971253395, 0.017556739971]]
    },
    "spectral_contrast_coeffs": {
        "mean": [-0.593965172768, -0.677914142609, -0.670006632805, -0.657585263252, -0.643438279629, -0.808131814003],
        "var": [0.0239554606378, 0.0220842510462, 0.0180226229131, 0.0209416560829, 0.0191842205822, 0.00529699539766]
    },
    "spectral_contrast_valleys": {
        "mean": [-9.38620948792, -8.01778697968, -9.04299545288, -9.3768119812, -9.39806652069, -12.7486763],
        "var": [6.30366516113, 6.90611457825, 4.10608768463, 3.6701965332, 3.55214452744, 4.27938318253]
    }
},
"metadata": {
    "audio_properties": {
        "analysis_sample_rate": 44100,
        "bit_rate": 121046,
        "equal_loudness": 0,
        "length": 45.0873451233,
        "lossless": 0,
        "replay_gain": -14.6855773926,
        "sample_rate": 44100,
        "codec": "mp3",
        "downmix": "mix",
        "md5_encoded": "d5c6592ffdd060a9906a9edf26ca7ec5"
    },
    "tags": {
        "file_name": "477.mp3"
    },
    "version": {
        "essentia": "2.1-beta2",
        "essentia_git_sha": "v2.1_beta2",
        "extractor": "music 1.0"
    }
},
"rhythm": {
    "beats_count": 94,
    "beats_loudness": {
        "mean": 0.139781400561,
        "var": 0.012042561546
    },
    "bpm": 127.964286804,
    "bpm_histogram_first_peak_bpm": {
        "mean": 129,
        "var": 0
    },
    "bpm_histogram_first_peak_spread": {
        "mean": 0.391891866922,
        "var": 0
    },
    "bpm_histogram_first_peak_weight": {
        "mean": 0.483870953321,
        "var": 0
    },
    "bpm_histogram_second_peak_bpm": {
        "mean": 123,
        "var": 0
    },
    "bpm_histogram_second_peak_spread": {
        "mean": 0.272727280855,
        "var": 0
    },
    "bpm_histogram_second_peak_weight": {
        "mean": 0.0860215052962,
        "var": 0
    },
    "danceability": 2.19254851341,
    "onset_rate": 5.58699321747,
    "beats_loudness_band_ratio": {
        "mean": [0.601583361626, 0.0992022305727, 0.15325383842, 0.0444261468947, 0.0899759829044, 0.0198082718998],
        "var": [0.15211866796, 0.0112342005596, 0.041695304215, 0.00486016599461, 0.0218247640878, 0.00605635112152]
    },
    "beats_position": [0.452789098024, 0.952018141747, 1.43963718414, 1.95047616959, 2.48453521729, 2.97215414047, 3.43655323982, 3.9125623703, 4.38857126236, 4.85297060013, 5.32897949219, 5.79337835312, 6.26938772202, 6.73378658295, 7.19818592072, 7.6277551651, 8.12698364258, 8.6146030426, 9.07900238037, 9.54340076447, 10.0078001022, 10.4838094711, 10.95981884, 11.4242172241, 11.8886165619, 12.3530158997, 12.8174142838, 13.2934236526, 13.7694330215, 14.2338323593, 14.6982307434, 15.1626300812, 15.6502494812, 16.114648819, 16.5790481567, 17.0434455872, 17.5078449249, 17.9838542938, 18.4598636627, 18.9242630005, 19.3886623383, 19.853061676, 20.3290691376, 20.7934684753, 21.2694778442, 21.733877182, 22.1982765198, 22.6626758575, 23.1386852264, 23.614692688, 24.0790920258, 24.5434913635, 25.0078907013, 25.4722900391, 25.9366893768, 26.4126987457, 26.8887062073, 27.353105545, 27.8291149139, 28.2935142517, 28.7695236206, 29.2339229584, 29.6983222961, 30.1627197266, 30.6503391266, 31.1147384644, 31.5791378021, 32.0435371399, 32.5079345703, 32.9839439392, 33.4599533081, 33.9243545532, 34.4119720459, 34.9344215393, 35.4452590942, 35.9909286499, 36.4785499573, 36.9429473877, 37.4189567566, 37.8949661255, 38.3941955566, 38.91664505, 39.3926506042, 39.8686599731, 40.344669342, 40.8206787109, 41.2850799561, 41.761089325, 42.2370948792, 42.7014961243, 43.1658935547, 43.6535148621, 44.1759643555, 44.6519737244]
},
"tonal": {
    "chords_changes_rate": 0.00925925932825,
    "chords_number_rate": 0.00308641977608,
    "chords_strength": {
        "mean": 0.539321362972,
        "var": 0.00471274834126
    },
    "hpcp_entropy": {
        "mean": 1.55070376396,
        "var": 0.963512182236
    },
    "key_strength": 0.570898830891,
    "tuning_diatonic_strength": 0.439334452152,
    "tuning_equal_tempered_deviation": 0.0848649889231,
    "tuning_frequency": 438.984558105,
    "tuning_nontempered_energy_ratio": 0.655102789402,
    "hpcp": {
        "mean": [0.312823474407, 0.196342036128, 0.0729277357459, 0.04483005777, 0.0228515304625, 0.0566441901028, 0.113179214299, 0.126218318939, 0.27004557848, 0.390804588795, 0.223519682884, 0.169703304768, 0.191080704331, 0.0846158787608, 0.129376083612, 0.243571594357, 0.198605626822, 0.103185407817, 0.0484087280929, 0.0301607269794, 0.191145181656, 0.347780704498, 0.205979973078, 0.05443848297, 0.0554795004427, 0.142809018493, 0.178998425603, 0.092537201941, 0.0872326716781, 0.185765177011, 0.193427219987, 0.0964111760259, 0.053862746805, 0.066265642643, 0.0975211635232, 0.214381322265],
        "var": [0.125291675329, 0.0482072681189, 0.0171179454774, 0.0111484089866, 0.00919196568429, 0.0144249610603, 0.0322934798896, 0.0315921790898, 0.0772824808955, 0.180097177625, 0.0671611502767, 0.0611129514873, 0.0897143408656, 0.0248468257487, 0.0404433608055, 0.110389962792, 0.0553982816637, 0.0483692400157, 0.0147454477847, 0.00972029194236, 0.0359919704497, 0.122852057219, 0.0520613417029, 0.0206542387605, 0.0156218968332, 0.0331279300153, 0.041630204767, 0.0265568438917, 0.018745565787, 0.0531126633286, 0.0444291681051, 0.0247322134674, 0.0234744288027, 0.0242651440203, 0.0381206646562, 0.0530872866511]
    },
    "chords_histogram": [6.58436203003, 0, 0, 0, 0, 0, 11.1111106873, 0, 0, 0, 0, 0, 0, 0, 0, 0, 0, 0.102880656719, 0, 0, 0, 0, 0, 82.2016448975],
    "thpcp": [1, 0.571947455406, 0.434240818024, 0.488941818476, 0.216517105699, 0.33105057478, 0.623256742954, 0.508196771145, 0.264033257961, 0.123869396746, 0.0771759822965, 0.489106804132, 0.889909446239, 0.527066409588, 0.139298468828, 0.141962260008, 0.365423083305, 0.45802539587, 0.23678638041, 0.223213016987, 0.475340306759, 0.494946122169, 0.246699184179, 0.137825265527, 0.169562086463, 0.249539449811, 0.548563957214, 0.800460100174, 0.502404630184, 0.186609208584, 0.114712208509, 0.0584730356932, 0.144942492247, 0.289605647326, 0.322970420122, 0.690998971462],
    "chords_key": "A",
    "chords_scale": "minor",
    "key_key": "C",
    "key_scale": "major"
}
}