{
"lowlevel": {
    "average_loudness": 0.961105406284,
    "barkbands_crest": {
        "mean": 14.3012485504,
        "var": 27.7150802612
    },
    "barkbands_flatness_db": {
        "mean": 0.278950124979,
        "var": 0.0123713519424
    },
    "barkbands_kurtosis": {
        "mean": 26.5500984192,
        "var": 2330.1887207
    },
    "barkbands_skewness": {
        "mean": 3.02361106873,
        "var": 8.33543682098
    },
    "barkbands_spread": {
        "mean": 11.3377065659,
        "var": 183.47265625
    },
    "dissonance": {
        "mean": 0.403202354908,
        "var": 0.00458527402952
    },
    "dynamic_complexity": 4.65906858444,
    "erbbands_crest": {
        "mean": 16.0622348785,
        "var": 52.3323135376
    },
    "erbbands_flatness_db": {
        "mean": 0.236876964569,
        "var": 0.00751336105168
    },
    "erbbands_kurtosis": {
        "mean": 5.94211196899,
        "var": 234.947860718
    },
    "erbbands_skewness": {
        "mean": 0.979909420013,
        "var": 2.50065946579
    },
    "erbbands_spread": {
        "mean": 32.2538032532,
        "var": 631.338623047
    },
    "hfc": {
        "mean": 15.9028253555,
        "var": 441.105560303
    },
    "melbands_crest": {
        "mean": 20.7899551392,
        "var": 44.7778663635
    },
    "melbands_flatness_db": {
        "mean": 0.347752571106,
        "var": 0.0191408265382
    },
    "melbands_kurtosis": {
        "mean": 49.158996582,
        "var": 6344.26074219
    },
    "melbands_skewness": {
        "mean": 3.92994570732,
        "var": 11.2754077911
    },
    "melbands_spread": {
        "mean": 13.9203777313,
        "var": 552.523254395
    },
    "pitch_salience": {
        "mean": 0.389374673367,
        "var": 0.0257290806621
    },
    "silence_rate_20dB": {
        "mean": 0.994335711002,
        "var": 0.00563228316605
    },
    "silence_rate_30dB": {
        "mean": 0.867662191391,
        "var": 0.114826895297
    },
    "silence_rate_60dB": {
        "mean": 0.181771367788,
        "var": 0.148730114102
    },
    "spectral_centroid": {
        "mean": 928.210266113,
        "var": 855177.8125
    },
    "spectral_complexity": {
        "mean": 8.82234764099,
        "var": 94.3277816772
    },
    "spectral_decrease": {
        "mean": -1.44363774268e-008,
        "var": 3.63401089523e-016
    },
    "spectral_energy": {
        "mean": 0.055928658694,
        "var": 0.00529212877154
    },
    "spectral_energyband_high": {
        "mean": 0.000714782392606,
        "var": 3.58190982297e-006
    },
    "spectral_energyband_low": {
        "mean": 0.0457749925554,
        "var": 0.00499952444807
    },
    "spectral_energyband_middle_high": {
        "mean": 0.002121680649,
        "var": 1.24122989291e-005
    },
    "spectral_energyband_middle_low": {
        "mean": 0.0104128681123,
        "var": 0.000125970967929
    },
    "spectral_entropy": {
        "mean": 6.69873952866,
        "var": 0.873294353485
    },
    "spectral_flux": {
        "mean": 0.0793027579784,
        "var": 0.00736377574503
    },
    "spectral_kurtosis": {
        "mean": 11.6763162613,
        "var": 471.836120605
    },
    "spectral_rms": {
        "mean": 0.00604360783473,
        "var": 1.80393453775e-005
    },
    "spectral_rolloff": {
        "mean": 1171.82092285,
        "var": 4663707.5
    },
    "spectral_skewness": {
        "mean": 2.14128875732,
        "var": 2.59896707535
    },
    "spectral_spread": {
        "mean": 4082029.25,
        "var": 4.22591830426e+012
    },
    "spectral_strongpeak": {
        "mean": 1.11875128746,
        "var": 0.786943972111
    },
    "zerocrossingrate": {
        "mean": 0.0432453267276,
        "var": 0.00295773078687
    },
    "barkbands": {
        "mean": [6.8566740083e-005, 0.0261939782649, 0.017319329083, 0.00296372361481, 0.00131475762464, 0.000839420128614, 0.000675653340295, 0.00209088739939, 0.000690473709255, 0.00210461532697, 0.000105624087155, 3.9109007048e-005, 4.23556994065e-005, 9.50737521634e-005, 0.000123474732391, 0.000108644417196, 0.000175691806362, 4.73096952192e-005, 0.000149700848851, 0.000128569154185, 0.000147330618347, 0.000210274010897, 0.000103816841147, 7.99532645033e-005, 4.31919725088e-005, 5.94437224208e-005, 7.70282622398e-006],
        "var": [9.53941494686e-008, 0.0037228143774, 0.000467975245556, 3.10193063342e-005, 4.5511751523e-006, 3.30580587615e-006, 2.50032303484e-006, 1.8380007532e-005, 4.71352768727e-006, 1.50464547914e-005, 7.59513838489e-008, 1.3814388744e-008, 2.15840962881e-008, 1.19989948644e-007, 1.84860937225e-007, 1.64398400671e-007, 3.63566755368e-007, 1.41115803487e-008, 1.02633535448e-007, 1.14743897939e-007, 1.65524866702e-007, 4.23838685037e-007, 9.67441167177e-008, 7.62649818853e-008, 2.18451372547e-008, 5.31970663076e-008, 8.68903005102e-010]
    },
    "erbbands": {
        "mean": [0.283886134624, 7.4614071846, 22.4378414154, 13.9227771759, 5.45370721817, 4.89553451538, 3.26965451241, 7.48122215271, 11.4173593521, 10.6584043503, 56.3182449341, 24.5531997681, 80.183631897, 14.7387657166, 3.04769682884, 1.96499896049, 2.21734499931, 3.92847299576, 7.91994094849, 3.74470210075, 7.74840307236, 9.72887992859, 3.42367482185, 5.47810173035, 7.65695667267, 5.60784006119, 6.30919981003, 5.91590833664, 9.27029037476, 4.05215120316, 3.01377248764, 1.1808822155, 1.68969023228, 0.514302015305, 0.327798575163, 0.223820626736, 0.109298124909, 0.0279075838625, 0.000888358685188, 8.10290584923e-005],
        "var": [0.680269420147, 266.536437988, 820.174072266, 286.823272705, 91.5255050659, 68.461807251, 40.6168670654, 252.462890625, 767.077941895, 366.297088623, 13564.5009766, 3860.48046875, 22205.0820313, 669.161621094, 45.9605827332, 28.6717700958, 56.907119751, 193.570053101, 804.738586426, 158.968643188, 839.946472168, 1116.36096191, 83.2338180542, 143.349655151, 281.492645264, 184.677154541, 340.359649658, 268.005187988, 849.929870605, 165.961364746, 81.3934402466, 12.3086023331, 41.7003211975, 2.81018733978, 1.36469852924, 0.78777217865, 0.201467394829, 0.00924486666918, 1.13666192192e-005, 1.17937455357e-008]
    },
    "gfcc": {
        "mean": [-104.512359619, 114.512329102, -90.5551376343, 35.2595329285, -69.9557189941, -1.6050620079, -3.33283567429, 13.0081624985, -6.0981593132, -11.7025508881, -23.9967575073, -12.0274848938, -11.4820632935],
        "cov": [[16085.6699219, -2013.91601563, 611.190856934, 1616.10498047, 640.430969238, 638.276184082, -627.570617676, 612.937561035, -111.483375549, 624.749816895, -502.795166016, 98.9051895142, -228.497146606], [-2013.91601563, 4425.46484375, 770.849609375, -106.610328674, 453.102294922, -56.3048171997, 730.397094727, -518.788452148, 382.29083252, -667.195129395, 356.215515137, -451.972442627, 295.581542969], [611.190856934, 770.849609375, 1734.9050293, 539.076538086, 754.55255127, 366.731750488, 288.782653809, 65.6689147949, 6.75574970245, -6.65112686157, -33.5922241211, -139.575012207, -80.9382476807], [1616.10498047, -106.610328674, 539.076538086, 1423.9979248, 625.097717285, 251.934631348, 243.026123047, 82.6970748901, 77.6288528442, -42.5362281799, -132.510391235, -148.922714233, -67.5877761841], [640.430969238, 453.102294922, 754.55255127, 625.097717285, 770.432250977, 277.186584473, 180.063293457, -24.6613674164, 4.63654375076, -81.9485015869, -49.6273918152, -90.9574203491, -19.9695549011], [638.276184082, -56.3048171997, 366.731750488, 251.934631348, 277.186584473, 436.281402588, -11.6839170456, 77.2554626465, -49.7077674866, 9.60597991943, -77.2772140503, -64.3362960815, -10.404053688], [-627.570617676, 730.397094727, 288.782653809, 243.026123047, 180.063293457, -11.6839170456, 575.826477051, 64.9383926392, 136.494277954, -199.971221924, 29.9057922363, -138.836456299, 2.06385421753], [612.937561035, -518.788452148, 65.6689147949, 82.6970748901, -24.6613674164, 77.2554626465, 64.9383926392, 371.915740967, 31.6155052185, 104.048240662, -54.847869873, -25.8696136475, -88.1093444824], [-111.483375549, 382.29083252, 6.75574970245, 77.6288528442, 4.63654375076, -49.7077674866, 136.494277954, 31.6155052185, 220.031295776, -26.4956417084, 33.0070877075, -74.4038085938, 22.1627750397], [624.749816895, -667.195129395, -6.65112686157, -42.5362281799, -81.9485015869, 9.60597991943, -199.971221924, 104.048240662, -26.4956417084, 265.292816162, -39.2923545837, 78.9841384888, -63.7403411865], [-502.795166016, 356.215515137, -33.5922241211, -132.510391235, -49.6273918152, -77.2772140503, 29.9057922363, -54.847869873, 33.0070877075, -39.2923545837, 168.992919922, 4.84495067596, 48.1589050293], [98.9051895142, -451.972442627, -139.575012207, -148.922714233, -90.9574203491, -64.3362960815, -138.836456299, -25.8696136475, -74.4038085938, 78.9841384888, 4.84495067596, 204.818603516, 5.19305276871], [-228.497146606, 295.581542969, -80.9382476807, -67.5877761841, -19.9695549011, -10.404053688, 2.06385421753, -88.1093444824, 22.1627750397, -63.7403411865, 48.1589050293, 5.19305276871, 147.075393677]],
        "icov": [[9.24827763811e-005, -5.95288256591e-005, 1.42525805131e-005, -0.000128038402181, -2.96787493426e-006, -2.30567748076e-005, 0.000143989702337, -0.000181037088623, 4.2778916395e-005, -0.0001463767112, 0.000175170513103, -0.000124800164485, -2.30228215514e-005], [-5.95288256591e-005, 0.00104882579762, -0.000411099434132, 0.000526522111613, -0.00028618509532, 9.76698283921e-005, -0.000355442636646, 0.00109488680027, -0.00109355163295, 0.0012440844439, -0.00105719582643, 0.00140889151953, -0.000555272796191], [1.42525805131e-005, -0.000411099434132, 0.00137997465208, -1.89791771845e-005, -0.000982648693025, -0.00046637703781, -0.000473608641187, -0.000277293875115, 0.000635175034404, -0.00128736684565, 7.10813037585e-005, -0.000216205240577, 0.000603875145316], [-0.000128038402181, 0.000526522111613, -1.89791771845e-005, 0.00165120069869, -0.00118974992074, 2.4111429866e-006, -0.000582979235332, 0.000630754162557, -0.000839628861286, 0.000419675256126, -6.72602845952e-006, 0.00110187253449, -1.23499567053e-005], [-2.96787493426e-006, -0.00028618509532, -0.000982648693025, -0.00118974992074, 0.00374868651852, -0.00103078293614, 7.88414490671e-006, 0.000376053794753, 0.000275939615676, 0.000517935492098, 0.000227271040785, -0.000883046828676, 0.00028392043896], [-2.30567748076e-005, 9.76698283921e-005, -0.00046637703781, 2.4111429866e-006, -0.00103078293614, 0.00401268480346, 0.000783793570008, -0.00103751558345, 0.000904077896848, 0.00034109185799, 0.000931462156586, 0.00132176035549, -0.00131639186293], [0.000143989702337, -0.000355442636646, -0.000473608641187, -0.000582979235332, 7.88414490671e-006, 0.000783793570008, 0.00415531126782, -0.00190844316967, -0.00105990539305, 0.00262720626779, 0.000323641579598, -0.000192740029888, 0.000463549920823], [-0.000181037088623, 0.00109488680027, -0.000277293875115, 0.000630754162557, 0.000376053794753, -0.00103751558345, -0.00190844316967, 0.00560082355514, -0.00156029628124, -0.000729129707906, -0.000859024759848, 0.0017334514996, 0.00115454406478], [4.2778916395e-005, -0.00109355163295, 0.000635175034404, -0.000839628861286, 0.000275939615676, 0.000904077896848, -0.00105990539305, -0.00156029628124, 0.00785037316382, -0.00280082086101, 0.000173342195922, 0.000834532955196, -0.00107357150409], [-0.0001463767112, 0.0012440844439, -0.00128736684565, 0.000419675256126, 0.000517935492098, 0.00034109185799, 0.00262720626779, -0.000729129707906, -0.00280082086101, 0.00975355505943, -0.000933313684072, -0.000521101173945, 0.00135060911998], [0.000175170513103, -0.00105719582643, 7.10813037585e-005, -6.72602845952e-006, 0.000227271040785, 0.000931462156586, 0.000323641579598, -0.000859024759848, 0.000173342195922, -0.000933313684072, 0.00900164153427, -0.00162638351321, -0.00131027516909], [-0.000124800164485, 0.00140889151953, -0.000216205240577, 0.00110187253449, -0.000883046828676, 0.00132176035549, -0.000192740029888, 0.0017334514996, 0.000834532955196, -0.000521101173945, -0.00162638351321, 0.00940435845405, -0.00177432468627], [-2.30228215514e-005, -0.000555272796191, 0.000603875145316, -1.23499567053e-005, 0.00028392043896, -0.00131639186293, 0.000463549920823, 0.00115454406478, -0.00107357150409, 0.00135060911998, -0.00131027516909, -0.00177432468627, 0.0100754462183]]
    },
    "melbands": {
        "mean": [0.0050471201539, 0.0116935875267, 0.00224773795344, 0.000343076273566, 0.000132126835524, 0.000179545430001, 0.000170826999238, 0.000152996100951, 0.000428431347245, 0.000135119975312, 0.000394195347326, 5.04142917634e-005, 1.18511834444e-005, 4.33679906564e-006, 5.18697470397e-006, 3.95716870116e-006, 7.73606097937e-006, 1.3383224541e-005, 6.62853153699e-006, 4.93555853609e-006, 1.00054121503e-005, 1.14201966426e-005, 4.80359676658e-006, 2.01943089451e-006, 4.53928396382e-006, 6.10294546277e-006, 4.83860230815e-006, 3.36295556735e-006, 3.90806599171e-006, 3.97166013499e-006, 2.90799789582e-006, 5.52255278308e-006, 3.79207472179e-006, 1.72236468643e-006, 2.13967337004e-006, 6.92649166467e-007, 6.62311947508e-007, 1.48577169057e-006, 5.51436585283e-007, 3.98518778866e-007],
        "var": [0.00016461830819, 0.000296652433462, 6.81120491208e-006, 2.98625280948e-007, 5.8411110615e-008, 1.59050159709e-007, 1.61323654879e-007, 6.64402790562e-008, 7.5017163681e-007, 1.53122059032e-007, 5.46126727841e-007, 9.83597203685e-009, 8.99666008358e-010, 1.52718254709e-010, 2.54948201439e-010, 1.91585497467e-010, 7.98215160636e-010, 2.39980435524e-009, 5.10727071745e-010, 2.80845402489e-010, 1.46240708432e-009, 1.62227531408e-009, 2.08822403813e-010, 2.6889089913e-011, 1.03818086072e-010, 1.79200695949e-010, 1.38877243039e-010, 7.44605974101e-011, 1.50861823034e-010, 1.36001307438e-010, 6.18861142887e-011, 3.1365504638e-010, 1.41592362835e-010, 3.3737866667e-011, 4.54191892429e-011, 4.99831296144e-012, 3.56245089851e-012, 3.72434028062e-011, 3.31376571149e-012, 1.61054015176e-012]
    },
    "mfcc": {
        "mean": [-751.668151855, 136.42930603, 30.2140102386, 40.5104675293, -21.1390285492, -1.99999451637, -2.79550790787, 16.5576381683, 15.952671051, 16.675447464, 3.50255227089, -6.22668886185, -7.27447128296],
        "cov": [[11621.75, -1371.09362793, -194.316711426, 826.239562988, 972.058898926, 519.239929199, -194.719207764, -88.1178665161, 232.890533447, 27.819562912, 12.1621379852, -21.9177970886, 228.041564941], [-1371.09362793, 3581.38061523, 833.296691895, 99.1608047485, -33.6455955505, 208.389129639, 247.821365356, 250.142608643, 78.34425354, 36.3229293823, -14.9201440811, -17.7428531647, 2.72856211662], [-194.316711426, 833.296691895, 920.461791992, 328.842102051, 345.261108398, 284.864868164, 269.788757324, 169.72718811, 116.930534363, 148.450378418, 56.7110824585, 38.5457458496, -3.05333018303], [826.239562988, 99.1608047485, 328.842102051, 1087.26721191, 387.007507324, 391.93069458, 243.081939697, 256.708709717, 214.571228027, 126.581832886, 73.0186538696, 26.2853088379, 7.66252565384], [972.058898926, -33.6455955505, 345.261108398, 387.007507324, 701.034790039, 398.148803711, 215.278503418, 94.3950653076, 96.1618881226, 50.6493682861, -11.5223283768, -18.8271598816, 26.1532344818], [519.239929199, 208.389129639, 284.864868164, 391.93069458, 398.148803711, 500.417785645, 196.160507202, 100.549797058, 111.0989151, -14.8110790253, -37.741191864, -21.4761772156, -29.5342540741], [-194.719207764, 247.821365356, 269.788757324, 243.081939697, 215.278503418, 196.160507202, 335.957336426, 193.139007568, 71.8134689331, 101.298561096, 15.3135480881, -30.5964660645, -58.5610389709], [-88.1178665161, 250.142608643, 169.72718811, 256.708709717, 94.3950653076, 100.549797058, 193.139007568, 287.463592529, 127.374206543, 115.516387939, 65.3788757324, -26.8680534363, -42.107749939], [232.890533447, 78.34425354, 116.930534363, 214.571228027, 96.1618881226, 111.0989151, 71.8134689331, 127.374206543, 231.142074585, 130.68913269, 58.275352478, 15.4998235703, -25.4657096863], [27.819562912, 36.3229293823, 148.450378418, 126.581832886, 50.6493682861, -14.8110790253, 101.298561096, 115.516387939, 130.68913269, 274.389709473, 99.4143829346, 26.3867530823, -2.92044734955], [12.1621379852, -14.9201440811, 56.7110824585, 73.0186538696, -11.5223283768, -37.741191864, 15.3135480881, 65.3788757324, 58.275352478, 99.4143829346, 139.282836914, 40.4174804688, 9.95652103424], [-21.9177970886, -17.7428531647, 38.5457458496, 26.2853088379, -18.8271598816, -21.4761772156, -30.5964660645, -26.8680534363, 15.4998235703, 26.3867530823, 40.4174804688, 143.239776611, 67.333114624], [228.041564941, 2.72856211662, -3.05333018303, 7.66252565384, 26.1532344818, -29.5342540741, -58.5610389709, -42.107749939, -25.4657096863, -2.92044734955, 9.95652103424, 67.333114624, 137.509414673]],
        "icov": [[0.000118633033708, 2.36078285525e-005, 5.64004367334e-005, -5.91242715018e-005, -0.000164170822245, -5.5520053138e-005, 0.000180761795491, 3.22322412103e-005, -7.81968556112e-005, -3.75513991457e-005, -3.07182926917e-005, 0.000132956076413, -0.000164666926139], [2.36078285525e-005, 0.000436083355453, -0.000469222723041, 9.17277720873e-005, 0.000355568219675, -0.000196863780729, -1.38416689879e-005, -0.000323561340338, -9.52613991103e-005, 0.000160680399858, 0.000201627437491, 0.000245231349254, -0.000427126040449], [5.64004367334e-005, -0.000469222723041, 0.00225964956917, -9.69295651885e-005, -0.000830381468404, -0.0003599775373, -0.000593060976826, 0.000252457801253, 0.000241145462496, -0.00071999267675, -0.000527904601768, -0.000780098082032, 0.000326285022311], [-5.91242715018e-005, 9.17277720873e-005, -9.69295651885e-005, 0.00172127655242, -3.49143265339e-005, -0.000973427377176, -0.000122389130411, -0.000980296172202, -0.000407169660321, 1.19618816825e-005, -0.000363254919648, -0.000284577719867, -0.000466077734018], [-0.000164170822245, 0.000355568219675, -0.000830381468404, -3.49143265339e-005, 0.00374769582413, -0.0021072474774, -0.00123379053548, 0.000438844552264, -9.24637060962e-005, -0.000211933249375, 6.37345874566e-005, 0.00117212277837, -0.00190790439956], [-5.5520053138e-005, -0.000196863780729, -0.0003599775373, -0.000973427377176, -0.0021072474774, 0.00592470867559, -0.00159842148423, 0.000838072097395, -0.00215631350875, 0.00227721617557, 0.0011597382836, -0.00038099946687, 0.00114305247553], [0.000180761795491, -1.38416689879e-005, -0.000593060976826, -0.000122389130411, -0.00123379053548, -0.00159842148423, 0.00837049633265, -0.00436156382784, 0.00264933449216, -0.00249112397432, 0.0015619645128, -0.000647050794214, 0.00245612650178], [3.22322412103e-005, -0.000323561340338, 0.000252457801253, -0.000980296172202, 0.000438844552264, 0.000838072097395, -0.00436156382784, 0.00893737375736, -0.00302392453887, 0.000360647158232, -0.00268858112395, 0.00224406039342, -0.000467453181045], [-7.81968556112e-005, -9.52613991103e-005, 0.000241145462496, -0.000407169660321, -9.24637060962e-005, -0.00215631350875, 0.00264933449216, -0.00302392453887, 0.00921445898712, -0.00388619233854, -0.000103047364973, -0.00172813993413, 0.00239393720403], [-3.75513991457e-005, 0.000160680399858, -0.00071999267675, 1.19618816825e-005, -0.000211933249375, 0.00227721617557, -0.00249112397432, 0.000360647158232, -0.00388619233854, 0.00783338490874, -0.00297128176317, 0.000269760552328, -0.000848895870149], [-3.07182926917e-005, 0.000201627437491, -0.000527904601768, -0.000363254919648, 6.37345874566e-005, 0.0011597382836, 0.0015619645128, -0.00268858112395, -0.000103047364973, -0.00297128176317, 0.0119689013809, -0.00285165919922, 0.000581869971938], [0.000132956076413, 0.000245231349254, -0.000780098082032, -0.000284577719867, 0.00117212277837, -0.00038099946687, -0.000647050794214, 0.00224406039342, -0.00172813993413, 0.000269760552328, -0.00285165919922, 0.0113309798762, -0.00577615015209], [-0.000164666926139, -0.000427126040449, 0.000326285022311, -0.000466077734018, -0.00190790439956, 0.00114305247553, 0.00245612650178, -0.000467453181045, 0.00239393720403, -0.000848895870149, 0.000581869971938, -0.00577615015209, 0.0123097598553]]
    },
    "spectral_contrast_coeffs": {
        "mean": [-0.583809673786, -0.694178521633, -0.66475456953, -0.823267400265, -0.814571857452, -0.716039896011],
        "var": [0.0130035253242, 0.0088238529861, 0.00930459611118, 0.00175706890877, 0.00205733207986, 0.00473490078002]
    },
    "spectral_contrast_valleys": {
        "mean": [-8.29546165466, -7.67770528793, -8.79036426544, -9.35316753387, -8.7021856308, -11.7792263031],
        "var": [3.05990600586, 2.01579427719, 1.67447805405, 2.018273592, 2.44567918777, 2.72722578049]
    }
},
"metadata": {
    "audio_properties": {
        "analysis_sample_rate": 44100,
        "bit_rate": 108571,
        "equal_loudness": 0,
        "length": 45.0612258911,
        "lossless": 0,
        "replay_gain": -11.6841182709,
        "sample_rate": 44100,
        "codec": "mp3",
        "downmix": "mix",
        "md5_encoded": "52d08cbc3423aa7b2d79c537cb7d5de7"
    },
    "tags": {
        "file_name": "479.mp3"
    },
    "version": {
        "essentia": "2.1-beta2",
        "essentia_git_sha": "v2.1_beta2",
        "extractor": "music 1.0"
    }
},
"rhythm": {
    "beats_count": 140,
    "beats_loudness": {
        "mean": 0.109017252922,
        "var": 0.0106743620709
    },
    "bpm": 184.570144653,
    "bpm_histogram_first_peak_bpm": {
        "mean": 185,
        "var": 0
    },
    "bpm_histogram_first_peak_spread": {
        "mean": 0,
        "var": 0
    },
    "bpm_histogram_first_peak_weight": {
        "mean": 0.575539588928,
        "var": 0
    },
    "bpm_histogram_second_peak_bpm": {
        "mean": 191,
        "var": 0
    },
    "bpm_histogram_second_peak_spread": {
        "mean": 0,
        "var": 0
    },
    "bpm_histogram_second_peak_weight": {
        "mean": 0.294964015484,
        "var": 0
    },
    "danceability": 1.35346376896,
    "onset_rate": 4.17022132874,
    "beats_loudness_band_ratio": {
        "mean": [0.615017414093, 0.0634338483214, 0.169686377048, 0.0440297573805, 0.0381031408906, 0.118105612695],
        "var": [0.156862303615, 0.0192954577506, 0.0533610060811, 0.00463047856465, 0.00398367503658, 0.041076824069]
    },
    "beats_position": [0.359909296036, 0.719818592072, 1.09133780003, 1.4164172411, 1.74149656296, 2.06657600403, 2.38004541397, 2.70512461662, 3.01859402657, 3.34367346764, 3.65714287758, 3.97061228752, 4.26086139679, 4.57433080673, 4.8994102478, 5.22448968887, 5.54956912994, 5.88625860214, 6.2229475975, 6.52480697632, 6.84988641739, 7.17496585846, 7.47682523727, 7.80190467834, 8.12698364258, 8.45206356049, 8.76553249359, 9.07900238037, 9.39247131348, 9.71755123138, 10.0310201645, 10.3560991287, 10.6811790466, 11.0062580109, 11.3313379288, 11.6331968307, 11.9582767487, 12.2833557129, 12.5852155685, 12.9102945328, 13.235373497, 13.5604534149, 13.8623123169, 14.1873922348, 14.5008611679, 14.8259410858, 15.15102005, 15.4760990143, 15.8011789322, 16.1262588501, 16.4397277832, 16.7415866852, 17.0666656494, 17.391746521, 17.693605423, 18.0186843872, 18.3437633514, 18.6688423157, 18.9823131561, 19.2957820892, 19.5976409912, 19.9227199554, 20.247800827, 20.5728797913, 20.8863487244, 21.2114276886, 21.5365066528, 21.8499774933, 22.1634464264, 22.4769153595, 22.7787742615, 23.1038551331, 23.4289340973, 23.7540130615, 24.0790920258, 24.40417099, 24.7292518616, 25.0543308258, 25.3677997589, 25.681268692, 26.0063495636, 26.3314285278, 26.6565074921, 26.9699764252, 27.2950553894, 27.6085262299, 27.921995163, 28.2354640961, 28.5605430603, 28.8856239319, 29.199092865, 29.5125617981, 29.8260307312, 30.1394996643, 30.4645805359, 30.778049469, 31.0915184021, 31.4165973663, 31.7416782379, 32.0667572021, 32.3802261353, 32.7053070068, 33.0187759399, 33.3438529968, 33.6689338684, 33.99401474, 34.3074836731, 34.63256073, 34.9460296631, 35.2478904724, 35.572971344, 35.8980484009, 36.2231292725, 36.5482063293, 36.8732872009, 37.1751480103, 37.5002250671, 37.8253059387, 38.1271629333, 38.4522438049, 38.7773246765, 39.1024017334, 39.4158706665, 39.7293434143, 40.0428123474, 40.3562812805, 40.6581382751, 40.9832191467, 41.3083000183, 41.6333770752, 41.9584579468, 42.2835350037, 42.5970077515, 42.9220848083, 43.2355537415, 43.560634613, 43.8741035461, 44.1875724792, 44.5126533508, 44.8377304077]
},
"tonal": {
    "chords_changes_rate": 0.0154320988804,
    "chords_number_rate": 0.00411522621289,
    "chords_strength": {
        "mean": 0.620176851749,
        "var": 0.0076713161543
    },
    "hpcp_entropy": {
        "mean": 1.34711587429,
        "var": 0.531137168407
    },
    "key_strength": 0.746673941612,
    "tuning_diatonic_strength": 0.63059169054,
    "tuning_equal_tempered_deviation": 0.09042673558,
    "tuning_frequency": 438.731048584,
    "tuning_nontempered_energy_ratio": 0.7001953125,
    "hpcp": {
        "mean": [0.046834859997, 0.0514460206032, 0.109128698707, 0.197031587362, 0.131792351604, 0.030813626945, 0.0248118173331, 0.0185198374093, 0.0128330551088, 0.0159037914127, 0.0146061154082, 0.0111001823097, 0.0129132829607, 0.0275016631931, 0.133079320192, 0.305615365505, 0.243017122149, 0.0753732994199, 0.0466679446399, 0.0454618819058, 0.0622741691768, 0.0891272127628, 0.0813391432166, 0.059737585485, 0.0518210977316, 0.0339317433536, 0.0212693996727, 0.0240505058318, 0.0566338486969, 0.235753059387, 0.443421989679, 0.300158202648, 0.0602802112699, 0.0176173578948, 0.0159420128912, 0.0295239184052],
        "var": [0.0177843756974, 0.0205502286553, 0.0418249554932, 0.12571066618, 0.0636602640152, 0.00604841578752, 0.00836711749434, 0.00561707932502, 0.00188488815911, 0.00232067587785, 0.00217129522935, 0.00106523430441, 0.00238106423058, 0.00788027700037, 0.0407004617155, 0.152905255556, 0.107625052333, 0.030801910907, 0.0228182058781, 0.0270183030516, 0.0317659713328, 0.0552658066154, 0.046991892159, 0.0313726812601, 0.0278142988682, 0.0154937533662, 0.010873856023, 0.0111959828064, 0.0272999498993, 0.0793536230922, 0.189830735326, 0.106553837657, 0.0189829282463, 0.00363940140232, 0.00355122191831, 0.008390923962]
    },
    "chords_histogram": [81.6872406006, 0, 1.44032919407, 0, 0, 13.8888893127, 0, 2.98353910446, 0, 0, 0, 0, 0, 0, 0, 0, 0, 0, 0, 0, 0, 0, 0, 0],
    "thpcp": [1, 0.676913201809, 0.135943219066, 0.0397304557264, 0.0359522365034, 0.0665819868445, 0.105621419847, 0.116020455956, 0.246105745435, 0.444343298674, 0.297216534615, 0.0694905221462, 0.0559553168714, 0.0417657159269, 0.0289409533143, 0.0358660407364, 0.0329395383596, 0.025032998994, 0.0291218813509, 0.0620214231312, 0.300118893385, 0.689220130444, 0.548049330711, 0.169980973005, 0.105244994164, 0.102525092661, 0.140439972281, 0.2009986341, 0.183435067534, 0.134719491005, 0.116866320372, 0.07652246207, 0.0479664988816, 0.0542384162545, 0.127719983459, 0.531667470932],
    "chords_key": "G",
    "chords_scale": "minor",
    "key_key": "G",
    "key_scale": "minor"
}
}