{
"lowlevel": {
    "average_loudness": 0.0699436739087,
    "barkbands_crest": {
        "mean": 14.5078039169,
        "var": 17.0502376556
    },
    "barkbands_flatness_db": {
        "mean": 0.505492806435,
        "var": 0.00714609632269
    },
    "barkbands_kurtosis": {
        "mean": 12.1621141434,
        "var": 135.20652771
    },
    "barkbands_skewness": {
        "mean": 2.02599310875,
        "var": 1.01083230972
    },
    "barkbands_spread": {
        "mean": 1.84178090096,
        "var": 4.15274906158
    },
    "dissonance": {
        "mean": 0.366372078657,
        "var": 0.00258881528862
    },
    "dynamic_complexity": 3.71810007095,
    "erbbands_crest": {
        "mean": 16.2040691376,
        "var": 40.2117614746
    },
    "erbbands_flatness_db": {
        "mean": 0.404790073633,
        "var": 0.00231804698706
    },
    "erbbands_kurtosis": {
        "mean": 13.2170553207,
        "var": 569.290222168
    },
    "erbbands_skewness": {
        "mean": 2.21125411987,
        "var": 3.79804515839
    },
    "erbbands_spread": {
        "mean": 9.15796089172,
        "var": 30.8381996155
    },
    "hfc": {
        "mean": 4.61705446243,
        "var": 26.5110168457
    },
    "melbands_crest": {
        "mean": 18.0879116058,
        "var": 14.4456806183
    },
    "melbands_flatness_db": {
        "mean": 0.654925763607,
        "var": 0.00833171140403
    },
    "melbands_kurtosis": {
        "mean": 18.6085243225,
        "var": 166.834976196
    },
    "melbands_skewness": {
        "mean": 2.47696828842,
        "var": 1.10221529007
    },
    "melbands_spread": {
        "mean": 2.13384604454,
        "var": 36.6410102844
    },
    "pitch_salience": {
        "mean": 0.401243180037,
        "var": 0.0420840494335
    },
    "silence_rate_20dB": {
        "mean": 1,
        "var": 0
    },
    "silence_rate_30dB": {
        "mean": 0.923789918423,
        "var": 0.0704039186239
    },
    "silence_rate_60dB": {
        "mean": 0.0628218352795,
        "var": 0.0588749684393
    },
    "spectral_centroid": {
        "mean": 216.992980957,
        "var": 141893.171875
    },
    "spectral_complexity": {
        "mean": 4.69155502319,
        "var": 5.19989299774
    },
    "spectral_decrease": {
        "mean": -8.17370349182e-009,
        "var": 1.07818936353e-016
    },
    "spectral_energy": {
        "mean": 0.0312682203948,
        "var": 0.00157227844466
    },
    "spectral_energyband_high": {
        "mean": 1.23152759102e-008,
        "var": 1.59730323289e-016
    },
    "spectral_energyband_low": {
        "mean": 0.0272887032479,
        "var": 0.00163677055389
    },
    "spectral_energyband_middle_high": {
        "mean": 0.000129459484015,
        "var": 4.83565187892e-008
    },
    "spectral_energyband_middle_low": {
        "mean": 0.0100435651839,
        "var": 9.94847869151e-005
    },
    "spectral_entropy": {
        "mean": 4.71147584915,
        "var": 0.538871645927
    },
    "spectral_flux": {
        "mean": 0.0360138230026,
        "var": 0.000351132912328
    },
    "spectral_kurtosis": {
        "mean": 216.375137329,
        "var": 8342.63378906
    },
    "spectral_rms": {
        "mean": 0.00478399824351,
        "var": 7.61892488299e-006
    },
    "spectral_rolloff": {
        "mean": 259.093811035,
        "var": 690479.1875
    },
    "spectral_skewness": {
        "mean": 11.1408109665,
        "var": 9.23922157288
    },
    "spectral_spread": {
        "mean": 690446.75,
        "var": 1.87661103923e+012
    },
    "spectral_strongpeak": {
        "mean": 0.722565591335,
        "var": 0.373845994473
    },
    "zerocrossingrate": {
        "mean": 0.00947647821158,
        "var": 0.000501418893691
    },
    "barkbands": {
        "mean": [0.000117539362691, 0.00140551314689, 0.0195801276714, 0.00666909944266, 0.0021650698036, 0.000907301146071, 7.59193208069e-005, 0.000146458754898, 6.3795618189e-005, 9.31251706788e-005, 1.13821997729e-005, 1.81257328222e-005, 9.01909788809e-006, 4.32610841017e-006, 9.42614917676e-007, 1.55278058855e-007, 2.87687157652e-007, 2.94545117185e-008, 1.88821829283e-008, 8.07284372684e-009, 3.37125261041e-009, 2.09918837868e-009, 1.39901867868e-009, 1.14128495543e-009, 6.85164813774e-010, 4.51633896947e-010, 4.20669721279e-010],
        "var": [6.01833605174e-008, 1.04488408397e-005, 0.000946631771512, 0.000103713326098, 7.18217506801e-006, 2.58075692727e-006, 1.47155096997e-008, 7.69807755319e-008, 1.3802595511e-008, 2.96253706011e-008, 4.12165412911e-010, 1.23680687913e-009, 2.76398126609e-010, 4.34167250762e-011, 2.21044341685e-012, 3.18408053558e-014, 3.42958842749e-013, 1.00660230781e-015, 2.69166080102e-016, 6.41369641892e-017, 8.93341413077e-018, 5.01275917982e-018, 2.2531330755e-018, 1.98202421615e-018, 1.6366977137e-018, 1.52147776163e-018, 8.80205991745e-019]
    },
    "erbbands": {
        "mean": [0.0249929893762, 0.604503810406, 13.1733283997, 34.9776077271, 9.36034870148, 6.09660053253, 10.3944606781, 3.18612241745, 1.35656702518, 1.16542875767, 3.69688463211, 2.0854010582, 1.19520151615, 3.38435721397, 0.513386726379, 0.824455440044, 0.553123116493, 0.274049162865, 0.0727016478777, 0.0194139163941, 0.0148539049551, 0.0101660052314, 0.00200273073278, 0.00128404668067, 0.000706980470568, 0.000409873609897, 0.000167523234268, 0.000123080331832, 8.66636255523e-005, 6.50777146802e-005, 4.80424714624e-005, 3.98055017286e-005, 3.17217927659e-005, 2.40365297941e-005, 1.92354673345e-005, 1.48585459101e-005, 8.86147972778e-006, 9.50014793943e-007, 1.39755957207e-005, 3.39862344845e-005],
        "var": [0.00238433736376, 0.831104159355, 381.00769043, 3125.65869141, 66.7165527344, 81.4038619995, 360.773223877, 24.3518352509, 3.8203368187, 3.35456371307, 54.6364250183, 14.0464477539, 2.35022783279, 53.8068199158, 0.643397331238, 2.71056771278, 0.974398314953, 0.174085319042, 0.00783000420779, 0.000463019940071, 0.000373742164811, 0.000333295436576, 3.96907307731e-006, 8.69164125561e-007, 5.98962060394e-007, 1.55190079454e-007, 1.87679791708e-008, 1.38379077086e-008, 7.32302707362e-009, 3.85504117517e-009, 1.99502903087e-009, 1.35504329979e-009, 9.14686937303e-010, 6.23035401048e-010, 4.7088494215e-010, 3.08026354423e-010, 1.16544204842e-010, 1.53035732958e-012, 3.09997916226e-010, 1.84977755335e-009]
    },
    "gfcc": {
        "mean": [-284.958953857, 257.430236816, -31.2715301514, -25.336523056, -7.61489582062, -0.415905237198, -16.297712326, -19.3080196381, -15.881644249, -25.1309280396, -14.4982671738, -25.1731700897, -6.99573326111],
        "cov": [[2222.703125, 820.799499512, 72.8640289307, -462.753479004, 48.7332572937, 6.2584528923, -71.5648880005, -180.244064331, -86.1841812134, 21.3141746521, 103.327125549, 44.52293396, -62.5620307922], [820.799499512, 805.25592041, -281.578186035, -691.947631836, -161.459350586, -7.6883187294, -74.5143280029, -171.636062622, -49.3475456238, 88.8303985596, 180.176452637, 128.223861694, 27.8229427338], [72.8640289307, -281.578186035, 621.748168945, 280.485412598, 247.774398804, 52.9296798706, 59.8927879333, 9.89559745789, -42.1268730164, -45.8417892456, -51.9324836731, -81.1170730591, -101.280433655], [-462.753479004, -691.947631836, 280.485412598, 805.77166748, 183.090164185, -42.8428192139, 66.7370834351, 184.97958374, 85.8056182861, -80.2221374512, -172.749023438, -138.827453613, -25.7629699707], [48.7332572937, -161.459350586, 247.774398804, 183.090164185, 196.449157715, 23.41796875, 15.4115571976, 11.3447113037, -13.7241392136, -42.8394393921, -37.2222099304, -36.2268295288, -48.136302948], [6.2584528923, -7.6883187294, 52.9296798706, -42.8428192139, 23.41796875, 72.2797012329, 28.4187507629, -8.26294708252, -21.7745246887, -7.75377130508, -5.50466918945, -9.50954055786, -6.63747215271], [-71.5648880005, -74.5143280029, 59.8927879333, 66.7370834351, 15.4115571976, 28.4187507629, 62.4229125977, 37.1332244873, -2.07339334488, -8.02175521851, -16.9298458099, -28.8352870941, -11.4270744324], [-180.244064331, -171.636062622, 9.89559745789, 184.97958374, 11.3447113037, -8.26294708252, 37.1332244873, 107.276893616, 55.4386901855, -19.262556076, -57.0997962952, -35.627872467, 8.57378768921], [-86.1841812134, -49.3475456238, -42.1268730164, 85.8056182861, -13.7241392136, -21.7745246887, -2.07339334488, 55.4386901855, 75.9292449951, 26.4046478271, -13.1218767166, -7.15463542938, 10.4207277298], [21.3141746521, 88.8303985596, -45.8417892456, -80.2221374512, -42.8394393921, -7.75377130508, -8.02175521851, -19.262556076, 26.4046478271, 86.6310119629, 77.6318893433, 28.1968727112, -9.66016292572], [103.327125549, 180.176452637, -51.9324836731, -172.749023438, -37.2222099304, -5.50466918945, -16.9298458099, -57.0997962952, -13.1218767166, 77.6318893433, 121.638839722, 68.7737884521, -10.292178154], [44.52293396, 128.223861694, -81.1170730591, -138.827453613, -36.2268295288, -9.50954055786, -28.8352870941, -35.627872467, -7.15463542938, 28.1968727112, 68.7737884521, 84.3185424805, 27.3891983032], [-62.5620307922, 27.8229427338, -101.280433655, -25.7629699707, -48.136302948, -6.63747215271, -11.4270744324, 8.57378768921, 10.4207277298, -9.66016292572, -10.292178154, 27.3891983032, 57.7235984802]],
        "icov": [[0.00156305311248, -0.00437366822734, -0.000287095783278, -0.00257106008939, -0.000264849484665, -0.00158552150242, 0.00165574962739, -0.00158603454474, 0.00375030748546, -0.00349347875454, 0.00543531775475, -0.00317147094756, 0.00352340354584], [-0.00437366822734, 0.0198256466538, 0.000756894762162, 0.0138834575191, -0.000540827342775, 0.00914883706719, -0.00708133354783, 0.00966598466039, -0.0196591671556, 0.019051304087, -0.0271831490099, 0.0173241440207, -0.0153379840776], [-0.000287095783278, 0.000756894762162, 0.00443411013111, -0.000393170048483, -0.00372850662097, -0.000325222092215, -0.00273892586119, 0.00150550331455, 0.0018407831667, -0.00254479539581, 0.00266545568593, -0.00162530608941, 0.00350431748666], [-0.00257106008939, 0.0138834575191, -0.000393170048483, 0.0143097573891, -0.00387460365891, 0.0109643237665, -0.00596995698288, 0.00289790704846, -0.0139856664464, 0.0119306789711, -0.0174304898828, 0.0155525626615, -0.0133301401511], [-0.000264849484665, -0.000540827342775, -0.00372850662097, -0.00387460365891, 0.0158908609301, -0.00666077900678, 0.00452165165916, 0.00220187474042, -0.00517126452178, 0.0114816976711, -0.0053683584556, -0.00297006592155, 0.00806322228163], [-0.00158552150242, 0.00914883706719, -0.000325222092215, 0.0109643237665, -0.00666077900678, 0.0299709662795, -0.0179630182683, 0.00684661511332, -0.00482311379164, 0.000309761497192, -0.00242947274819, 0.00709183188155, -0.0113620348275], [0.00165574962739, -0.00708133354783, -0.00273892586119, -0.00596995698288, 0.00452165165916, -0.0179630182683, 0.0444530583918, -0.0271767061204, 0.020477084443, -0.00527908792719, -0.00504860980436, 0.007658357732, 0.00316523946822], [-0.00158603454474, 0.00966598466039, 0.00150550331455, 0.00289790704846, 0.00220187474042, 0.00684661511332, -0.0271767061204, 0.0478232949972, -0.0405669175088, 0.0242625046521, -0.0111622372642, 0.00411775941029, -0.00486312340945], [0.00375030748546, -0.0196591671556, 0.0018407831667, -0.0139856664464, -0.00517126452178, -0.00482311379164, 0.020477084443, -0.0405669175088, 0.0783590450883, -0.0680518299341, 0.0585788153112, -0.029353260994, 0.0145782325417], [-0.00349347875454, 0.019051304087, -0.00254479539581, 0.0119306789711, 0.0114816976711, 0.000309761497192, -0.00527908792719, 0.0242625046521, -0.0680518299341, 0.103639431298, -0.097668632865, 0.0485502444208, -0.0179691892117], [0.00543531775475, -0.0271831490099, 0.00266545568593, -0.0174304898828, -0.0053683584556, -0.00242947274819, -0.00504860980436, -0.0111622372642, 0.0585788153112, -0.097668632865, 0.131006106734, -0.0810837000608, 0.0467045940459], [-0.00317147094756, 0.0173241440207, -0.00162530608941, 0.0155525626615, -0.00297006592155, 0.00709183188155, 0.007658357732, 0.00411775941029, -0.029353260994, 0.0485502444208, -0.0810837000608, 0.077560544014, -0.046289652586], [0.00352340354584, -0.0153379840776, 0.00350431748666, -0.0133301401511, 0.00806322228163, -0.0113620348275, 0.00316523946822, -0.00486312340945, 0.0145782325417, -0.0179691892117, 0.0467045940459, -0.046289652586, 0.0601536408067]]
    },
    "melbands": {
        "mean": [0.000298686849419, 0.00528761604801, 0.00509906839579, 0.000514569459483, 0.000298861123156, 9.25774656935e-005, 1.91526269191e-005, 1.38636460179e-005, 3.06294787151e-005, 1.02908497865e-005, 5.28194141225e-006, 1.42306025737e-005, 1.57943384238e-006, 1.94796075448e-006, 1.5592413547e-006, 9.41436780977e-007, 4.51313070471e-007, 1.04128822898e-007, 5.66706468419e-008, 1.16771721181e-008, 2.09549870789e-008, 1.47099301628e-008, 2.45494047313e-009, 1.10847420132e-009, 1.0425724728e-009, 5.14998599321e-010, 4.05777245138e-010, 2.31342403567e-010, 9.79678560498e-011, 8.76542935457e-011, 6.0543847713e-011, 4.49669711189e-011, 3.81720731413e-011, 2.83663335876e-011, 2.10490947589e-011, 1.9594379938e-011, 1.52352054583e-011, 1.32463580035e-011, 8.81036649886e-012, 7.02719523196e-012],
        "var": [4.51438268101e-007, 5.85881498409e-005, 6.14759046584e-005, 4.77224148199e-007, 2.66159162265e-007, 2.19971365567e-008, 8.60636284461e-010, 4.75735340011e-010, 3.68366426251e-009, 3.58107987708e-010, 5.1323185285e-011, 9.72980918057e-010, 6.60899807103e-012, 1.28585093961e-011, 8.24416489936e-012, 2.90417689897e-012, 4.41778585285e-013, 1.2140549491e-014, 8.12460365776e-015, 1.13001037602e-016, 1.06288341199e-015, 8.93740355669e-016, 7.18512654711e-018, 2.14142440173e-018, 6.79183887198e-019, 4.70192983124e-019, 1.6443672031e-019, 5.55824917334e-020, 7.72754955525e-021, 6.07361161397e-021, 4.20001602259e-021, 2.43216222471e-021, 1.64915226926e-021, 9.63035435616e-022, 5.68314934628e-022, 4.29408317956e-022, 3.36655239167e-022, 2.6473715071e-022, 2.07512814614e-022, 1.4587648676e-022]
    },
    "mfcc": {
        "mean": [-907.06451416, 238.874572754, 79.6777496338, 4.74076509476, 14.896607399, 23.8335704803, 9.50698757172, 1.13366270065, 2.93558692932, 1.01590657234, -4.51424694061, -8.77991008759, -12.6448097229],
        "cov": [[931.591125488, 813.663574219, -111.350654602, -500.761291504, -243.706878662, 31.6688156128, -18.5917015076, -178.903427124, -221.782440186, -147.447174072, -12.9986057281, 104.896263123, 119.915725708], [813.663574219, 751.116271973, -26.7626018524, -417.183319092, -224.296539307, 49.6414489746, 17.0825080872, -158.360931396, -210.086578369, -125.760978699, -1.98136556149, 89.1955871582, 102.134788513], [-111.350654602, -26.7626018524, 162.003982544, 161.417663574, 62.1835594177, 36.2326812744, 50.1871185303, 29.5323257446, 13.2613382339, 27.0136451721, 21.4754199982, -9.92591667175, -17.6531276703], [-500.761291504, -417.183319092, 161.417663574, 453.924713135, 273.128723145, 9.10765075684, 2.914686203, 125.103683472, 151.742492676, 90.3737640381, 17.9420337677, -40.7934112549, -63.7653503418], [-243.706878662, -224.296539307, 62.1835594177, 273.128723145, 211.528305054, 28.3404502869, -10.2282590866, 69.8775634766, 91.7056045532, 41.120716095, 1.49399352074, -13.7862892151, -30.4533443451], [31.6688156128, 49.6414489746, 36.2326812744, 9.10765075684, 28.3404502869, 70.6280975342, 54.9669380188, -3.89649486542, -30.5205898285, -15.3136825562, 1.65175509453, 4.86523866653, 1.92618072033], [-18.5917015076, 17.0825080872, 50.1871185303, 2.914686203, -10.2282590866, 54.9669380188, 78.4166259766, 20.3372135162, -22.8083705902, -10.2702932358, 3.77076673508, -4.70440912247, -7.55094242096], [-178.903427124, -158.360931396, 29.5323257446, 125.103683472, 69.8775634766, -3.89649486542, 20.3372135162, 85.3767242432, 88.615852356, 36.4371757507, -9.91109466553, -31.3308849335, -37.3273735046], [-221.782440186, -210.086578369, 13.2613382339, 151.742492676, 91.7056045532, -30.5205898285, -22.8083705902, 88.615852356, 142.122283936, 85.4355773926, -4.40970516205, -54.7590026855, -55.1241111755], [-147.447174072, -125.760978699, 27.0136451721, 90.3737640381, 41.120716095, -15.3136825562, -10.2702932358, 36.4371757507, 85.4355773926, 95.3569335938, 37.5653953552, -36.1083526611, -40.9910011292], [-12.9986057281, -1.98136556149, 21.4754199982, 17.9420337677, 1.49399352074, 1.65175509453, 3.77076673508, -9.91109466553, -4.40970516205, 37.5653953552, 59.1017150879, 30.5734767914, 6.88168001175], [104.896263123, 89.1955871582, -9.92591667175, -40.7934112549, -13.7862892151, 4.86523866653, -4.70440912247, -31.3308849335, -54.7590026855, -36.1083526611, 30.5734767914, 78.4397201538, 56.3246116638], [119.915725708, 102.134788513, -17.6531276703, -63.7653503418, -30.4533443451, 1.92618072033, -7.55094242096, -37.3273735046, -55.1241111755, -40.9910011292, 6.88168001175, 56.3246116638, 64.3628845215]],
        "icov": [[373.544647217, -493.013763428, 392.539733887, -243.352630615, 72.6979675293, 84.6975021362, -197.255554199, 244.421325684, -228.801589966, 170.966369629, -100.923683167, 43.9643516541, -11.3293704987], [-493.013763428, 654.352050781, -531.91973877, 349.401916504, -139.163146973, -57.1328811646, 201.108764648, -267.217956543, 257.40133667, -195.32069397, 116.407104492, -51.0466041565, 13.2141475677], [392.539733887, -531.91973877, 464.943969727, -362.920654297, 240.998733521, -119.738349915, 19.5186805725, 44.3630218506, -69.0657348633, 62.9100761414, -41.3232269287, 19.2743148804, -5.20043087006], [-243.352630615, 349.401916504, -362.920654297, 378.335723877, -386.087005615, 375.92880249, -341.52355957, 282.442565918, -208.07208252, 132.441253662, -69.6789016724, 27.773859024, -6.67661142349], [72.6979675293, -139.163146973, 240.998733521, -386.087005615, 538.374084473, -653.605224609, 695.239929199, -644.383972168, 516.801452637, -351.044250488, 194.330978394, -80.7704391479, 20.0828533173], [84.6975021362, -57.1328811646, -119.738349915, 375.92880249, -653.605224609, 879.59387207, -990.770629883, 951.260009766, -781.19732666, 539.671508789, -302.52557373, 126.999046326, -31.8225307465], [-197.255554199, 201.108764648, 19.5186805725, -341.52355957, 695.239929199, -990.770629883, 1148.90185547, -1122.42333984, 932.631835938, -649.830505371, 366.691833496, -154.791885376, 38.9733467102], [244.421325684, -267.217956543, 44.3630218506, 282.442565918, -644.383972168, 951.260009766, -1122.42333984, 1108.34143066, -927.914611816, 650.398071289, -368.813293457, 156.390991211, -39.5406646729], [-228.801589966, 257.401367188, -69.0657348633, -208.07208252, 516.801452637, -781.19732666, 932.631835938, -927.914611816, 781.395141602, -550.443237305, 313.53036499, -133.551971436, 33.9341049194], [170.966369629, -195.32069397, 62.9100761414, 132.441253662, -351.044250488, 539.671508789, -649.830505371, 650.398071289, -550.443237305, 389.634063721, -222.958343506, 95.4621200562, -24.3882484436], [-100.923683167, 116.407104492, -41.3232269287, -69.6789016724, 194.330978394, -302.52557373, 366.691833496, -368.813293457, 313.53036499, -222.958343506, 128.194107056, -55.1902999878, 14.1929807663], [43.9643516541, -51.0466041565, 19.2743148804, 27.773859024, -80.7704391479, 126.999046326, -154.791885376, 156.390991211, -133.551971436, 95.4621200562, -55.1902999878, 23.9551429749, -6.22940015793], [-11.3293704987, 13.2141475677, -5.20043087006, -6.67661142349, 20.0828533173, -31.8225307465, 38.9733467102, -39.5406646729, 33.9341049194, -24.3882484436, 14.1929807663, -6.22940015793, 1.67352962494]]
    },
    "spectral_contrast_coeffs": {
        "mean": [-0.536829650402, -0.748506247997, -0.783358752728, -0.789902508259, -0.834902226925, -0.8683385849],
        "var": [0.0085788173601, 0.00269554648548, 0.00232787779532, 0.00255054375157, 0.000584889145102, 0.00126887974329]
    },
    "spectral_contrast_valleys": {
        "mean": [-7.57061910629, -7.89792919159, -9.03021717072, -10.6361551285, -12.210439682, -14.907043457],
        "var": [0.92940980196, 1.32904112339, 1.07039129734, 0.506601035595, 0.388309329748, 0.579937160015]
    }
},
"metadata": {
    "audio_properties": {
        "analysis_sample_rate": 44100,
        "bit_rate": 86171,
        "equal_loudness": 0,
        "length": 45.0612258911,
        "lossless": 0,
        "replay_gain": -7.43977165222,
        "sample_rate": 44100,
        "codec": "mp3",
        "downmix": "mix",
        "md5_encoded": "33c0c1b2e9d40f583218f05fd50b8e73"
    },
    "tags": {
        "file_name": "480.mp3"
    },
    "version": {
        "essentia": "2.1-beta2",
        "essentia_git_sha": "v2.1_beta2",
        "extractor": "music 1.0"
    }
},
"rhythm": {
    "beats_count": 91,
    "beats_loudness": {
        "mean": 0.0320896543562,
        "var": 0.00167652207892
    },
    "bpm": 134.902267456,
    "bpm_histogram_first_peak_bpm": {
        "mean": 136,
        "var": 0
    },
    "bpm_histogram_first_peak_spread": {
        "mean": 0.489361673594,
        "var": 0
    },
    "bpm_histogram_first_peak_weight": {
        "mean": 0.266666680574,
        "var": 0
    },
    "bpm_histogram_second_peak_bpm": {
        "mean": 144,
        "var": 0
    },
    "bpm_histogram_second_peak_spread": {
        "mean": 0.363636374474,
        "var": 0
    },
    "bpm_histogram_second_peak_weight": {
        "mean": 0.0777777805924,
        "var": 0
    },
    "danceability": 0.660746335983,
    "onset_rate": 0.465822577477,
    "beats_loudness_band_ratio": {
        "mean": [0.864097237587, 0.153416693211, 0.0292526129633, 0.00867086090147, 0.000204816664336, 6.49149251331e-006],
        "var": [0.0242529232055, 0.0213344693184, 0.00257978914306, 0.000174188084202, 1.57920695187e-007, 1.61390886766e-010]
    },
    "beats_position": [0.603718817234, 1.23065757751, 1.8575963974, 2.48453521729, 3.12308382988, 3.75002264977, 4.37696123123, 5.01551008224, 5.66566896439, 6.31582736969, 6.96598625183, 7.63936471939, 8.3011341095, 8.96290206909, 9.61306095123, 10.2864398956, 10.9482088089, 11.6099767685, 12.1904764175, 12.7709751129, 13.3398637772, 13.7926530838, 14.2454423904, 14.6982307434, 15.15102005, 15.5921993256, 16.0449886322, 16.4977779388, 16.9505672455, 17.4033565521, 17.8561439514, 18.3089332581, 18.7617225647, 19.2029018402, 19.6440811157, 20.0852603912, 20.5148296356, 20.9560089111, 21.3971881866, 21.8383674622, 22.2795467377, 22.8019943237, 23.3244438171, 23.8468933105, 24.369342804, 24.89179039, 25.3561897278, 25.8205890656, 26.2733783722, 26.7261676788, 27.1789569855, 27.620136261, 28.0729255676, 28.5141029358, 28.9552822113, 29.4080715179, 29.8608608246, 30.3136501312, 30.7664394379, 31.2076187134, 31.6487979889, 32.0899772644, 32.5311546326, 32.9723358154, 33.4135131836, 33.8546943665, 34.2958717346, 34.7370529175, 35.1782302856, 35.6194114685, 36.0025405884, 36.397277832, 36.7920188904, 37.1983680725, 37.6163253784, 38.0458946228, 38.4638557434, 38.8934249878, 39.334602356, 39.7757797241, 40.1937408447, 40.6233100891, 41.0296592712, 41.4476165771, 41.8655776978, 42.2835350037, 42.7014961243, 43.0962333679, 43.50258255, 43.9089317322, 44.3036727905]
},
"tonal": {
    "chords_changes_rate": 0.0308641977608,
    "chords_number_rate": 0.00720164598897,
    "chords_strength": {
        "mean": 0.447166770697,
        "var": 0.00624055135995
    },
    "hpcp_entropy": {
        "mean": 1.60214722157,
        "var": 0.410449892282
    },
    "key_strength": 0.667464911938,
    "tuning_diatonic_strength": 0.587225735188,
    "tuning_equal_tempered_deviation": 0.0940603017807,
    "tuning_frequency": 440.763122559,
    "tuning_nontempered_energy_ratio": 0.70487755537,
    "hpcp": {
        "mean": [0.0921614989638, 0.0810900181532, 0.0210866350681, 0.00248538865708, 0.00104637758341, 0.0012939455919, 0.00310680875555, 0.0231867376715, 0.409103423357, 0.781848371029, 0.426804453135, 0.0422719828784, 0.0169147215784, 0.0164724867791, 0.0221134983003, 0.0978889018297, 0.163975164294, 0.0841262564063, 0.00718000438064, 0.0048424503766, 0.00751295825467, 0.0207619089633, 0.031867004931, 0.0281036123633, 0.0205918848515, 0.0143698481843, 0.0130313262343, 0.0197165086865, 0.0382816009223, 0.16962389648, 0.268356055021, 0.141563281417, 0.0228142514825, 0.0090776020661, 0.00913459993899, 0.036359347403],
        "var": [0.0429322421551, 0.0332654938102, 0.00298423971981, 0.000294354045764, 3.11314943247e-005, 7.40101022529e-005, 0.000199316287762, 0.00426380429417, 0.0567561499774, 0.125640377402, 0.0619561001658, 0.0154113173485, 0.00810711178929, 0.00970261357725, 0.00930194277316, 0.0237828474492, 0.0741851627827, 0.023609276861, 0.000892034149729, 0.000543725909665, 0.000675773713738, 0.00249508675188, 0.00639140047133, 0.00554788950831, 0.00372389471158, 0.00228456826881, 0.00212850491516, 0.00602937117219, 0.0169674735516, 0.0696357116103, 0.147016867995, 0.0462818220258, 0.00684220716357, 0.00276780338027, 0.00268324767239, 0.0106466384605]
    },
    "chords_histogram": [21.8106994629, 0, 23.148147583, 0, 1.85185182095, 0, 0, 0, 0, 0, 0, 0, 0, 0, 0, 0, 0, 1.33744859695, 0, 0.205761313438, 0, 9.97942352295, 2.26337456703, 39.4032936096],
    "thpcp": [1, 0.545891582966, 0.0540667288005, 0.021634273231, 0.0210686456412, 0.0282836146653, 0.125201895833, 0.209727570415, 0.107599198818, 0.0091833723709, 0.00619359267876, 0.00960922706872, 0.0265549048781, 0.0407585501671, 0.0359450913966, 0.026337441057, 0.0183793287724, 0.0166673325002, 0.0252178162336, 0.0489629469812, 0.216952413321, 0.343232870102, 0.181062325835, 0.029179893434, 0.0116104381159, 0.0116833392531, 0.0465043447912, 0.117876432836, 0.103715784848, 0.0269702356309, 0.00317886285484, 0.00133833824657, 0.00165498279966, 0.00397367170081, 0.0296563096344, 0.523251593113],
    "chords_key": "A",
    "chords_scale": "minor",
    "key_key": "C",
    "key_scale": "major"
}
}