{
"lowlevel": {
    "average_loudness": 0.876235306263,
    "barkbands_crest": {
        "mean": 10.3390417099,
        "var": 11.5170965195
    },
    "barkbands_flatness_db": {
        "mean": 0.263154268265,
        "var": 0.00632632151246
    },
    "barkbands_kurtosis": {
        "mean": 2.06149148941,
        "var": 5.77558231354
    },
    "barkbands_skewness": {
        "mean": 1.15486752987,
        "var": 0.491661310196
    },
    "barkbands_spread": {
        "mean": 9.26466083527,
        "var": 17.8512859344
    },
    "dissonance": {
        "mean": 0.41357177496,
        "var": 0.00321590690874
    },
    "dynamic_complexity": 1.51616215706,
    "erbbands_crest": {
        "mean": 9.7325553894,
        "var": 17.5639629364
    },
    "erbbands_flatness_db": {
        "mean": 0.291039854288,
        "var": 0.00615907879546
    },
    "erbbands_kurtosis": {
        "mean": 0.102377004921,
        "var": 2.22708392143
    },
    "erbbands_skewness": {
        "mean": 0.371554225683,
        "var": 0.211215928197
    },
    "erbbands_spread": {
        "mean": 21.0343513489,
        "var": 104.481430054
    },
    "hfc": {
        "mean": 15.9145841599,
        "var": 59.5345306396
    },
    "melbands_crest": {
        "mean": 12.976225853,
        "var": 18.3994121552
    },
    "melbands_flatness_db": {
        "mean": 0.334662288427,
        "var": 0.00931315310299
    },
    "melbands_kurtosis": {
        "mean": 4.53610754013,
        "var": 20.8239078522
    },
    "melbands_skewness": {
        "mean": 1.59611296654,
        "var": 0.82749569416
    },
    "melbands_spread": {
        "mean": 12.3505125046,
        "var": 31.6803722382
    },
    "pitch_salience": {
        "mean": 0.574473679066,
        "var": 0.00655286759138
    },
    "silence_rate_20dB": {
        "mean": 1,
        "var": 0
    },
    "silence_rate_30dB": {
        "mean": 1,
        "var": 0
    },
    "silence_rate_60dB": {
        "mean": 0.00102933612652,
        "var": 0.00102828990202
    },
    "spectral_centroid": {
        "mean": 685.162353516,
        "var": 99702.1953125
    },
    "spectral_complexity": {
        "mean": 15.8800821304,
        "var": 17.9666194916
    },
    "spectral_decrease": {
        "mean": -7.88405873919e-009,
        "var": 1.53329953743e-017
    },
    "spectral_energy": {
        "mean": 0.0311997588724,
        "var": 0.000237034051679
    },
    "spectral_energyband_high": {
        "mean": 4.58280010207e-005,
        "var": 4.22594403915e-009
    },
    "spectral_energyband_low": {
        "mean": 0.00317768449895,
        "var": 1.14974327516e-005
    },
    "spectral_energyband_middle_high": {
        "mean": 0.00540421716869,
        "var": 1.65056335391e-005
    },
    "spectral_energyband_middle_low": {
        "mean": 0.0232436489314,
        "var": 0.000168561484315
    },
    "spectral_entropy": {
        "mean": 6.36459493637,
        "var": 0.342980325222
    },
    "spectral_flux": {
        "mean": 0.0549577958882,
        "var": 0.000596508441959
    },
    "spectral_kurtosis": {
        "mean": 49.0785369873,
        "var": 3280.21386719
    },
    "spectral_rms": {
        "mean": 0.00535081280395,
        "var": 1.80757285762e-006
    },
    "spectral_rolloff": {
        "mean": 854.409912109,
        "var": 252445.03125
    },
    "spectral_skewness": {
        "mean": 4.11668729782,
        "var": 7.3507270813
    },
    "spectral_spread": {
        "mean": 1688809.75,
        "var": 1.43556961894e+012
    },
    "spectral_strongpeak": {
        "mean": 1.25628972054,
        "var": 0.642592430115
    },
    "zerocrossingrate": {
        "mean": 0.0318302586675,
        "var": 0.000180227667443
    },
    "barkbands": {
        "mean": [5.1502865972e-006, 0.000860363652464, 0.00172852398828, 0.00127738318406, 0.00981368776411, 0.00303686386906, 0.00434009358287, 0.00200549256988, 0.00255323993042, 0.00221493071876, 0.000709653773811, 0.000403470505262, 0.000733685388695, 0.000524761388078, 0.000428203144111, 0.000218682631385, 0.000120478776807, 8.03666844149e-005, 7.09771702532e-005, 4.74437765661e-005, 1.89884158317e-005, 4.08797313867e-006, 1.5661659063e-006, 8.56570238739e-007, 6.35899482404e-007, 2.1258541949e-007, 5.8834213057e-009],
        "var": [7.76131034441e-011, 1.91141816686e-006, 4.19399520979e-006, 8.71850716067e-006, 6.38075653114e-005, 7.33539127395e-006, 4.11464461649e-005, 2.84883208224e-006, 1.02224812508e-005, 9.23825064092e-006, 1.55791917678e-006, 2.5248067459e-007, 1.41523480579e-006, 4.32985331145e-007, 4.28294185895e-007, 1.36471967949e-007, 4.45614851685e-008, 2.519561626e-008, 1.18213669964e-008, 5.00901542466e-009, 1.07700892649e-009, 3.5608821447e-011, 5.35965412676e-012, 1.2230681962e-012, 7.54548387747e-013, 1.14763545347e-013, 2.67724032979e-015]
    },
    "erbbands": {
        "mean": [0.00924327690154, 0.268167585135, 1.75921654701, 3.42074847221, 14.2819604874, 35.858417511, 35.3236122131, 27.3263225555, 42.4744529724, 76.7593307495, 43.6807861328, 59.0601005554, 64.6158370972, 47.0345878601, 28.5936603546, 15.6417512894, 35.8783798218, 19.0850925446, 25.7065067291, 24.0031299591, 12.3501825333, 6.78355693817, 5.21754407883, 3.94821357727, 3.09178423882, 2.44747161865, 1.20673191547, 0.44785001874, 0.175441160798, 0.0693706944585, 0.0412907749414, 0.0210037026554, 0.0138609735295, 0.00794250424951, 0.00385133200325, 0.00152161158621, 0.000330939132255, 3.0769231671e-005, 1.6199221136e-005, 3.5401990317e-005],
        "var": [0.000139001378557, 0.160913750529, 4.28610992432, 28.5182628632, 268.313537598, 1044.20788574, 709.061462402, 601.420227051, 1223.44506836, 26089.4023438, 1038.60656738, 6189.89013672, 5220.25830078, 3836.13867188, 1435.73046875, 215.64793396, 3579.56518555, 591.55480957, 1262.33654785, 1436.01464844, 496.211486816, 125.219467163, 67.5725097656, 33.5248947144, 18.8592414856, 13.8688163757, 4.0812087059, 0.435299992561, 0.058167912066, 0.00876797363162, 0.00329550774768, 0.000722158176359, 0.000369855115423, 0.000125234946609, 3.00777537632e-005, 5.72298949919e-006, 2.99329769859e-007, 5.43080780346e-009, 1.49048121068e-010, 2.98164659629e-010]
    },
    "gfcc": {
        "mean": [-76.7765350342, 200.807312012, -142.1978302, -15.8953428268, -45.3882751465, -17.4698543549, -34.996761322, -10.1432228088, -18.0430736542, -10.8318748474, -8.92306995392, -16.9697551727, 1.3835067749],
        "cov": [[4942.92236328, -2407.50463867, -493.936767578, 2083.13183594, -724.155761719, 333.239654541, -180.157409668, 197.913879395, -525.948669434, 266.339141846, -310.286743164, 192.645278931, -12.6506166458], [-2407.50463867, 2091.86376953, 439.758331299, -1474.54772949, 586.314147949, -145.067764282, 136.971542358, -229.822097778, 394.970062256, -238.348220825, 188.339172363, -241.044494629, -23.4979152679], [-493.936767578, 439.758331299, 438.255249023, -239.368103027, 125.305366516, 48.6801757813, 22.6380367279, -21.2769603729, 52.4126358032, -10.6251926422, 5.18800640106, -49.5645446777, -40.1877555847], [2083.13183594, -1474.54772949, -239.368103027, 1332.70227051, -375.421142578, 134.239273071, -71.8368453979, 132.287689209, -295.84274292, 151.045684814, -161.263824463, 162.59538269, 6.49613142014], [-724.155761719, 586.314147949, 125.305366516, -375.421142578, 318.874389648, -17.6706676483, 14.0188503265, -59.0643310547, 105.356483459, -44.0505905151, 33.9944076538, -41.9286079407, -20.2689304352], [333.239654541, -145.067764282, 48.6801757813, 134.239273071, -17.6706676483, 189.200714111, -23.3405036926, -15.3893270493, -10.1637792587, 26.3238506317, -10.9217252731, -8.16453075409, -12.186044693], [-180.157409668, 136.971542358, 22.6380367279, -71.8368453979, 14.0188503265, -23.3405036926, 107.965270996, 19.4347839355, 11.7705221176, -11.9491548538, 22.4989910126, -7.26245880127, 4.20130777359], [197.913879395, -229.822097778, -21.2769603729, 132.287689209, -59.0643310547, -15.3893270493, 19.4347839355, 138.957931519, -38.7707214355, 41.6675033569, -12.1034803391, 55.7115020752, 15.3563690186], [-525.948669434, 394.970062256, 52.4126358032, -295.84274292, 105.356483459, -10.1637792587, 11.7705221176, -38.7707214355, 168.650009155, -19.627576828, 59.1710624695, -33.8654937744, -1.23556125164], [266.339141846, -238.348220825, -10.6251926422, 151.045684814, -44.0505905151, 26.3238506317, -11.9491548538, 41.6675033569, -19.627576828, 124.569480896, 3.30660891533, 42.7538566589, 5.36701154709], [-310.286743164, 188.339172363, 5.18800640106, -161.263824463, 33.9944076538, -10.9217252731, 22.4989910126, -12.1034803391, 59.1710624695, 3.30660891533, 94.39427948, 1.67678678036, -3.29417276382], [192.645278931, -241.044494629, -49.5645446777, 162.59538269, -41.9286079407, -8.16453075409, -7.26245880127, 55.7115020752, -33.8654937744, 42.7538566589, 1.67678678036, 118.541252136, 13.2770318985], [-12.6506166458, -23.4979152679, -40.1877555847, 6.49613142014, -20.2689304352, -12.186044693, 4.20130777359, 15.3563690186, -1.23556125164, 5.36701154709, -3.29417276382, 13.2770318985, 65.3993682861]],
        "icov": [[0.00120006559882, -0.00268824258819, 0.00191723392345, -0.00219423975796, 0.00257856585085, -0.00209085620008, 0.00191281095613, -0.00155820639338, 0.00207098620012, -0.00237844302319, 0.00249108951539, -0.000778758607339, 0.0018328021979], [-0.00268824258819, 0.0180948693305, -0.00994473602623, 0.00988235045224, -0.013996922411, 0.00897496566176, -0.0108446665108, 0.00941648893058, -0.0111830001697, 0.0129106398672, -0.0115120969713, 0.00730525609106, -0.00862498022616], [0.00191723392345, -0.00994473602623, 0.00885445903987, -0.00508541893214, 0.00735383946449, -0.00657306658104, 0.00545684946701, -0.0057290266268, 0.00647772289813, -0.00802048761398, 0.00804427172989, -0.00360698462464, 0.00671099592], [-0.00219423975796, 0.00988235045224, -0.00508541893214, 0.00853767991066, -0.00678907008842, 0.00416682288051, -0.00619745254517, 0.00518377264962, -0.00469444878399, 0.00611867988482, -0.00444735167548, 0.00187797518447, -0.00418960489333], [0.00257856585085, -0.013996922411, 0.00735383946449, -0.00678907008842, 0.0164481382817, -0.00760210910812, 0.00839086435735, -0.00635805632919, 0.00758944358677, -0.0102312769741, 0.0107874153182, -0.00667942268774, 0.00818045530468], [-0.00209085620008, 0.00897496566176, -0.00657306658104, 0.00416682288051, -0.00760210910812, 0.012022992596, -0.00469936663285, 0.00584111921489, -0.00676267640665, 0.00608763471246, -0.00752930017188, 0.00480680866167, -0.00480069639161], [0.00191281095613, -0.0108446665108, 0.00545684946701, -0.00619745254517, 0.00839086435735, -0.00469936663285, 0.0176022630185, -0.00830841064453, 0.00743616605178, -0.0065957470797, 0.00398562662303, -0.00280095846392, 0.00443851202726], [-0.00155820639338, 0.00941648893058, -0.0057290266268, 0.00518377264962, -0.00635805632919, 0.00584111921489, -0.00830841064453, 0.0156225375831, -0.00537540297955, 0.00459884433076, -0.0047800228931, -1.31903734655e-005, -0.0056872186251], [0.00207098620012, -0.0111830001697, 0.00647772289813, -0.00469444878399, 0.00758944358677, -0.00676267640665, 0.00743616605178, -0.00537540297955, 0.0182774160057, -0.00906078889966, 0.0038622491993, -0.00385697092861, 0.00477239908651], [-0.00237844302319, 0.0129106398672, -0.00802048761398, 0.00611867988482, -0.0102312769741, 0.00608763471246, -0.0065957470797, 0.00459884433076, -0.00906078889966, 0.020604306832, -0.0114902593195, 0.00355759472586, -0.00721346912906], [0.00249108951539, -0.0115120969713, 0.00804427172989, -0.00444735167548, 0.0107874153182, -0.00752930017188, 0.00398562662303, -0.0047800228931, 0.0038622491993, -0.0114902593195, 0.0258192103356, -0.0082796132192, 0.00853453669697], [-0.000778758607339, 0.00730525609106, -0.00360698462464, 0.00187797518447, -0.00667942268774, 0.00480680866167, -0.00280095846392, -1.31903734655e-005, -0.00385697092861, 0.00355759472586, -0.0082796132192, 0.0165748819709, -0.00506712961942], [0.0018328021979, -0.00862498022616, 0.00671099592, -0.00418960489333, 0.00818045530468, -0.00480069639161, 0.00443851202726, -0.0056872186251, 0.00477239908651, -0.00721346912906, 0.00853453669697, -0.00506712961942, 0.0219181049615]]
    },
    "melbands": {
        "mean": [0.000157484304509, 0.000735978072044, 0.000743417651393, 0.0020050520543, 0.00136550026946, 0.000629510497674, 0.000662087462842, 0.000772115774453, 0.000350767164491, 0.000350089481799, 0.000337721547112, 0.000223507260671, 0.000111483881483, 4.70284285257e-005, 7.02937468304e-005, 5.94632765569e-005, 3.44112231687e-005, 4.811875624e-005, 2.67587602139e-005, 2.2590655135e-005, 1.32974300868e-005, 6.14549617239e-006, 5.91188199905e-006, 5.06002243128e-006, 2.88338560495e-006, 2.63759056907e-006, 1.98161910703e-006, 1.4623702782e-006, 9.41022733514e-007, 2.73529622064e-007, 2.53958233998e-007, 9.16415956453e-008, 6.91289088195e-008, 3.18876089977e-008, 2.49647218453e-008, 1.68125122713e-008, 1.09280220428e-008, 1.0380778015e-008, 7.04435931809e-009, 6.36554364775e-009],
        "var": [5.44632214883e-008, 7.59203203415e-007, 1.10084204152e-006, 4.47221464128e-006, 9.23368133954e-007, 2.88252607561e-007, 3.63822607596e-007, 2.10171492654e-006, 9.24140408642e-008, 2.00559966856e-007, 1.54370539462e-007, 9.36552808639e-008, 3.29930145426e-008, 4.3756256396e-009, 1.33619497689e-008, 6.41183550698e-009, 1.96123917107e-009, 4.52743398327e-009, 1.37342759388e-009, 1.25623467184e-009, 7.54131368463e-010, 1.57247742605e-010, 1.37944877743e-010, 1.35798441936e-010, 2.4329946044e-011, 1.6224365601e-011, 1.15537267253e-011, 6.04017790645e-012, 3.21653164173e-012, 1.88849817403e-013, 1.60670806629e-013, 1.69439301863e-014, 1.15816136249e-014, 2.49405611418e-015, 1.21886156462e-015, 6.24774678268e-016, 2.32771959565e-016, 2.24963798099e-016, 9.84044166067e-017, 9.0968526121e-017]
    },
    "mfcc": {
        "mean": [-713.037658691, 229.418151855, -23.8317737579, 0.626626193523, -4.6541967392, -7.41412591934, -9.60626983643, -11.9065189362, -5.77225351334, 2.07409882545, -6.06905174255, -11.9321899414, -7.49594593048],
        "cov": [[3939.21899414, -2179.80029297, -727.184936523, 1620.63708496, -248.02671814, 164.196029663, 257.394836426, 29.9354743958, 60.5242080688, -200.036499023, -255.49230957, 152.055541992, 93.670425415], [-2179.80029297, 1955.65844727, 490.251159668, -1115.3380127, 208.493103027, -18.4902801514, -130.121795654, -49.0853385925, -37.6263961792, 199.661895752, 174.369369507, -165.661849976, -79.0965881348], [-727.184936523, 490.251159668, 409.176940918, -271.225250244, 66.2265014648, 8.06976127625, -17.8193778992, 8.21970939636, 6.87622928619, 45.2050704956, 60.8010368347, -24.0008563995, -2.47360157967], [1620.63708496, -1115.3380127, -271.225250244, 893.449401855, -110.505317688, 45.9017868042, 123.46055603, 43.5577812195, 41.8466072083, -114.020805359, -123.16998291, 82.1278381348, 51.624835968], [-248.02671814, 208.493103027, 66.2265014648, -110.505317688, 165.202346802, 60.4793052673, -27.8706760406, -10.2751274109, 4.392993927, 24.7683506012, 13.4001646042, -0.348295331001, 7.27830886841], [164.196029663, -18.4902801514, 8.06976127625, 45.9017868042, 60.4793052673, 164.273834229, 34.4603652954, -24.7157859802, 0.0706024691463, 4.14076805115, -12.8409919739, 7.10544681549, 24.4203891754], [257.394836426, -130.121795654, -17.8193778992, 123.46055603, -27.8706760406, 34.4603652954, 100.333007813, 23.0058765411, -1.63674211502, -3.36626291275, -6.31028461456, -5.68143892288, -5.67377185822], [29.9354743958, -49.0853385925, 8.21970939636, 43.5577812195, -10.2751274109, -24.7157859802, 23.0058765411, 88.0094528198, 22.732339859, -21.7433662415, -6.69628095627, 14.4162778854, 1.51247990131], [60.5242080688, -37.6263961792, 6.87622928619, 41.8466072083, 4.392993927, 0.0706024691463, -1.63674211502, 22.732339859, 69.8478393555, 10.2232580185, -21.3613548279, -8.70912456512, 13.0281705856], [-200.036499023, 199.661895752, 45.2050704956, -114.020805359, 24.7683506012, 4.14076805115, -3.36626291275, -21.7433662415, 10.2232580185, 98.6557922363, 42.7068061829, -53.5233535767, -6.90266799927], [-255.49230957, 174.369369507, 60.8010368347, -123.16998291, 13.4001646042, -12.8409919739, -6.31028461456, -6.69628095627, -21.3613548279, 42.7068061829, 95.9886169434, 8.45053291321, -21.0276432037], [152.055541992, -165.661849976, -24.0008563995, 82.1278381348, -0.348295331001, 7.10544681549, -5.68143892288, 14.4162778854, -8.70912456512, -53.5233535767, 8.45053291321, 131.786056519, 28.6884536743], [93.670425415, -79.0965881348, -2.47360157967, 51.624835968, 7.27830886841, 24.4203891754, -5.67377185822, 1.51247990131, 13.0281705856, -6.90266799927, -21.0276432037, 28.6884536743, 82.642036438]],
        "icov": [[0.00140341650695, 0.000137917028042, 0.000934371259063, -0.00185951811727, 0.000591803807765, -0.000892111158464, -0.000594945624471, 0.000434799381765, -0.000155221190653, -0.000483021896798, 0.000548909243662, -0.000417397852289, 0.000162251119036], [0.000137917028042, 0.00239104614593, -0.000883053347934, 0.00213789730333, -0.000844080874231, -0.000229944518651, -8.19348642835e-005, -0.000312310323352, 0.000275673519354, -0.000991504639387, -9.52938862611e-005, 0.000919424346648, 0.000442898104666], [0.000934371259063, -0.000883053347934, 0.0044394726865, -0.00118813558947, 4.71291532449e-005, -0.000669171742629, -0.0011814518366, -1.03330112324e-005, -0.00139321910683, 0.000805345072877, -0.00127451412845, -0.00013888682588, -0.000905657419935], [-0.00185951811727, 0.00213789730333, -0.00118813558947, 0.00709920981899, -0.00106861453969, 0.000938349810895, -0.00187014462426, -0.000501215981785, -0.00105722353328, 0.000875686295331, 0.00038181032869, 0.000471507955808, -0.000445561687229], [0.000591803807765, -0.000844080874231, 4.71291532449e-005, -0.00106861453969, 0.00966128334403, -0.00473944516852, 0.00326864910312, -0.0013293022057, -0.000165417935932, -0.00188831263222, 0.000910555478185, -0.00146846263669, 0.000598461250775], [-0.000892111158464, -0.000229944518651, -0.000669171742629, 0.000938349810895, -0.00473944516852, 0.010613469407, -0.00528563000262, 0.00409704772756, -0.000526671414264, 0.000892231299076, 0.000662129546981, -0.000396049756091, -0.00250830524601], [-0.000594945624471, -8.19348642835e-005, -0.0011814518366, -0.00187014462426, 0.00326864910312, -0.00528563000262, 0.0179209634662, -0.00679267384112, 0.00403758184984, -0.00292967678979, -0.00095004652394, 0.00192203081679, 0.00256733060814], [0.000434799381765, -0.000312310323352, -1.03330112324e-005, -0.000501215981785, -0.0013293022057, 0.00409704772756, -0.00679267384112, 0.0173521824181, -0.00723891053349, 0.00557927787304, -0.00160948140547, -0.000926184817217, -0.000837265804876], [-0.000155221190653, 0.000275673519354, -0.00139321910683, -0.00105722353328, -0.000165417935932, -0.000526671414264, 0.00403758184984, -0.00723891053349, 0.021061046049, -0.00796518474817, 0.00643139192834, -0.000190588660189, -0.000644508691039], [-0.000483021896798, -0.000991504639387, 0.000805345072877, 0.000875686295331, -0.00188831263222, 0.000892231299076, -0.00292967678979, 0.00557927787304, -0.00796518474817, 0.0244721528143, -0.0127626433969, 0.00933577958494, -0.00451347883791], [0.000548909243662, -9.52938862611e-005, -0.00127451412845, 0.00038181032869, 0.000910555478185, 0.000662129546981, -0.00095004652394, -0.00160948140547, 0.00643139192834, -0.0127626433969, 0.0221199151129, -0.00842380803078, 0.00517097394913], [-0.000417397852289, 0.000919424346648, -0.00013888682588, 0.000471507955808, -0.00146846263669, -0.000396049756091, 0.00192203081679, -0.000926184817217, -0.000190588660189, 0.00933577958494, -0.00842380803078, 0.0144973983988, -0.00491655664518], [0.000162251119036, 0.000442898104666, -0.000905657419935, -0.000445561687229, 0.000598461250775, -0.00250830524601, 0.00256733060814, -0.000837265804876, -0.000644508691039, -0.00451347883791, 0.00517097394913, -0.00491655664518, 0.0162187404931]]
    },
    "spectral_contrast_coeffs": {
        "mean": [-0.537686765194, -0.681441485882, -0.675633907318, -0.691990673542, -0.7264072299, -0.763663053513],
        "var": [0.00503956759349, 0.00358027243055, 0.00459364755079, 0.00313997990452, 0.00222586118616, 0.00618929415941]
    },
    "spectral_contrast_valleys": {
        "mean": [-7.4633769989, -6.28128051758, -7.33303928375, -8.342877388, -9.47977638245, -13.0069742203],
        "var": [0.682797551155, 0.503193676472, 0.460119187832, 0.718142330647, 2.28007459641, 1.08009171486]
    }
},
"metadata": {
    "audio_properties": {
        "analysis_sample_rate": 44100,
        "bit_rate": 100279,
        "equal_loudness": 0,
        "length": 45.0873451233,
        "lossless": 0,
        "replay_gain": -4.56206130981,
        "sample_rate": 44100,
        "codec": "mp3",
        "downmix": "mix",
        "md5_encoded": "6d23b9d74a11e4a3f5bdb9eb720ba2bc"
    },
    "tags": {
        "file_name": "481.mp3"
    },
    "version": {
        "essentia": "2.1-beta2",
        "essentia_git_sha": "v2.1_beta2",
        "extractor": "music 1.0"
    }
},
"rhythm": {
    "beats_count": 85,
    "beats_loudness": {
        "mean": 0.0392675362527,
        "var": 0.000329534814227
    },
    "bpm": 113.864295959,
    "bpm_histogram_first_peak_bpm": {
        "mean": 115,
        "var": 0
    },
    "bpm_histogram_first_peak_spread": {
        "mean": 0.37349396944,
        "var": 0
    },
    "bpm_histogram_first_peak_weight": {
        "mean": 0.619047641754,
        "var": 0
    },
    "bpm_histogram_second_peak_bpm": {
        "mean": 110,
        "var": 0
    },
    "bpm_histogram_second_peak_spread": {
        "mean": 0,
        "var": 0
    },
    "bpm_histogram_second_peak_weight": {
        "mean": 0.0119047621265,
        "var": 0
    },
    "danceability": 0.929971694946,
    "onset_rate": 2.52744936943,
    "beats_loudness_band_ratio": {
        "mean": [0.157597139478, 0.436679124832, 0.262824773788, 0.157070234418, 0.0413756519556, 0.00627117976546],
        "var": [0.015129419975, 0.0305631384254, 0.0185373928398, 0.0115970643237, 0.000886400055606, 4.27193372161e-005]
    },
    "beats_position": [0.545668900013, 1.09133780003, 1.62539684772, 2.15945577621, 2.68190479279, 3.20435357094, 3.73841261864, 4.27247142792, 4.79492044449, 5.31736946106, 5.85142850876, 6.37387752533, 6.8963265419, 7.4303855896, 7.95283412933, 8.47528362274, 8.99773216248, 9.52018165588, 10.0542402267, 10.5766887665, 11.0991382599, 11.6331968307, 12.1672563553, 12.689704895, 13.2121543884, 13.7462129593, 14.268661499, 14.7911109924, 15.3251695633, 15.8476190567, 16.3700675964, 16.8925170898, 17.4149665833, 17.9490242004, 18.483083725, 19.0055332184, 19.5279808044, 20.062040329, 20.5844898224, 21.1069393158, 21.640996933, 22.1750564575, 22.6975059509, 23.219953537, 23.7424030304, 24.2648525238, 24.7989120483, 25.3213596344, 25.8438091278, 26.3778686523, 26.9119262695, 27.4343757629, 27.9568252563, 28.4908847809, 29.0249423981, 29.5473918915, 30.0698413849, 30.5922889709, 31.1147384644, 31.6487979889, 32.171245575, 32.6936950684, 33.2161445618, 33.7385940552, 34.2726516724, 34.8067131042, 35.3407707214, 35.8632202148, 36.3856697083, 36.908115387, 37.4305648804, 37.9530143738, 38.4754638672, 39.0095214844, 39.5435829163, 40.0660324097, 40.5884780884, 41.1109275818, 41.6333770752, 42.1558265686, 42.6898841858, 43.2123336792, 43.7463951111, 44.2804527283, 44.8145103455]
},
"tonal": {
    "chords_changes_rate": 0.0288065839559,
    "chords_number_rate": 0.00411522621289,
    "chords_strength": {
        "mean": 0.570849299431,
        "var": 0.0051123672165
    },
    "hpcp_entropy": {
        "mean": 1.45186519623,
        "var": 0.267897188663
    },
    "key_strength": 0.745139360428,
    "tuning_diatonic_strength": 0.483857363462,
    "tuning_equal_tempered_deviation": 0.00669922400266,
    "tuning_frequency": 440.508636475,
    "tuning_nontempered_energy_ratio": 0.580220580101,
    "hpcp": {
        "mean": [0.317906498909, 0.139603585005, 0.0201331414282, 0.0131737682968, 0.0175685640424, 0.153815075755, 0.270891845226, 0.135282233357, 0.00904131308198, 0.00572945922613, 0.013265372254, 0.241426259279, 0.470750719309, 0.255867063999, 0.0254085194319, 0.0108313895762, 0.00401517795399, 0.0150448065251, 0.0268368888646, 0.0314951092005, 0.20138861239, 0.340251535177, 0.168199449778, 0.0217085815966, 0.0141365574673, 0.013195341453, 0.0976639315486, 0.182606711984, 0.107939995825, 0.0230756085366, 0.01162682008, 0.0140658058226, 0.216627195477, 0.387638509274, 0.211702466011, 0.220292136073],
        "var": [0.173134982586, 0.0368751771748, 0.00401494465768, 0.00314591662027, 0.00419261399657, 0.0466564632952, 0.154661610723, 0.0394827947021, 0.000537733838428, 0.000278946419712, 0.00144514883868, 0.0422523021698, 0.140302687883, 0.0419091694057, 0.0022757879924, 0.00055662431987, 0.000175472217961, 0.00168892054353, 0.00528138224036, 0.00550467288122, 0.0391434580088, 0.0992513522506, 0.0261804629117, 0.00159090512898, 0.000716516748071, 0.00132705934811, 0.030589716509, 0.10367090255, 0.0369564965367, 0.00186139845755, 0.000507516553625, 0.000692069646902, 0.0452674254775, 0.129375442863, 0.0329172611237, 0.0857340097427]
    },
    "chords_histogram": [11.9341564178, 37.139919281, 23.9711933136, 0, 0, 0, 0.514403283596, 0, 0, 0, 0, 0, 0, 0, 0, 0, 0, 0, 0, 0, 0, 0, 0, 26.440328598],
    "thpcp": [1, 0.543529868126, 0.053974468261, 0.0230087582022, 0.00852930825204, 0.0319591797888, 0.0570087060332, 0.0669040083885, 0.427803099155, 0.722784936428, 0.357300460339, 0.0461148135364, 0.030029816553, 0.0280304215848, 0.20746421814, 0.387905329466, 0.229293316603, 0.0490187443793, 0.0246984641999, 0.0298795197159, 0.460173904896, 0.823447525501, 0.449712455273, 0.467959225178, 0.67531812191, 0.296555221081, 0.0427681580186, 0.0279845949262, 0.0373203121126, 0.326744228601, 0.575446486473, 0.287375509739, 0.0192061588168, 0.0121708987281, 0.028179185465, 0.512853741646],
    "chords_key": "C#",
    "chords_scale": "minor",
    "key_key": "A",
    "key_scale": "major"
}
}