{
"lowlevel": {
    "average_loudness": 0.233315706253,
    "barkbands_crest": {
        "mean": 13.4949455261,
        "var": 18.7775497437
    },
    "barkbands_flatness_db": {
        "mean": 0.228198692203,
        "var": 0.00581040652469
    },
    "barkbands_kurtosis": {
        "mean": 21.6286792755,
        "var": 554.302124023
    },
    "barkbands_skewness": {
        "mean": 3.01019048691,
        "var": 1.92135763168
    },
    "barkbands_spread": {
        "mean": 5.7048535347,
        "var": 34.6751899719
    },
    "dissonance": {
        "mean": 0.417568683624,
        "var": 0.00393792707473
    },
    "dynamic_complexity": 7.21638059616,
    "erbbands_crest": {
        "mean": 13.4585256577,
        "var": 34.1450042725
    },
    "erbbands_flatness_db": {
        "mean": 0.234418973327,
        "var": 0.00520553765818
    },
    "erbbands_kurtosis": {
        "mean": 7.8865685463,
        "var": 140.864730835
    },
    "erbbands_skewness": {
        "mean": 1.98670423031,
        "var": 1.26836121082
    },
    "erbbands_spread": {
        "mean": 21.1246242523,
        "var": 288.37713623
    },
    "hfc": {
        "mean": 5.78256702423,
        "var": 81.6338653564
    },
    "melbands_crest": {
        "mean": 16.1156959534,
        "var": 31.6340084076
    },
    "melbands_flatness_db": {
        "mean": 0.301327079535,
        "var": 0.00631031719968
    },
    "melbands_kurtosis": {
        "mean": 24.9981250763,
        "var": 431.61819458
    },
    "melbands_skewness": {
        "mean": 2.9663438797,
        "var": 2.35794639587
    },
    "melbands_spread": {
        "mean": 6.0205039978,
        "var": 53.2168922424
    },
    "pitch_salience": {
        "mean": 0.556651294231,
        "var": 0.0192005746067
    },
    "silence_rate_20dB": {
        "mean": 1,
        "var": 0
    },
    "silence_rate_30dB": {
        "mean": 0.989186406136,
        "var": 0.0106967128813
    },
    "silence_rate_60dB": {
        "mean": 0.393923789263,
        "var": 0.238751351833
    },
    "spectral_centroid": {
        "mean": 530.599975586,
        "var": 180988.5625
    },
    "spectral_complexity": {
        "mean": 6.31565380096,
        "var": 12.1830224991
    },
    "spectral_decrease": {
        "mean": -3.80065046102e-009,
        "var": 3.08865005563e-017
    },
    "spectral_energy": {
        "mean": 0.0148690026253,
        "var": 0.000474093598314
    },
    "spectral_energyband_high": {
        "mean": 1.07445412141e-005,
        "var": 5.29728448606e-011
    },
    "spectral_energyband_low": {
        "mean": 0.000886965601239,
        "var": 1.04191340142e-005
    },
    "spectral_energyband_middle_high": {
        "mean": 0.000452996668173,
        "var": 8.3670101958e-007
    },
    "spectral_energyband_middle_low": {
        "mean": 0.0138585632667,
        "var": 0.000425530684879
    },
    "spectral_entropy": {
        "mean": 6.64513349533,
        "var": 0.559482514858
    },
    "spectral_flux": {
        "mean": 0.0386826582253,
        "var": 0.000992858665995
    },
    "spectral_kurtosis": {
        "mean": 12.0371284485,
        "var": 127.17250824
    },
    "spectral_rms": {
        "mean": 0.00299332244322,
        "var": 5.54635607841e-006
    },
    "spectral_rolloff": {
        "mean": 526.577575684,
        "var": 759442.5625
    },
    "spectral_skewness": {
        "mean": 2.55574774742,
        "var": 1.3294454813
    },
    "spectral_spread": {
        "mean": 3540367.75,
        "var": 2.73610204774e+012
    },
    "spectral_strongpeak": {
        "mean": 0.849100410938,
        "var": 1.09653186798
    },
    "zerocrossingrate": {
        "mean": 0.0285838134587,
        "var": 0.000648521527182
    },
    "barkbands": {
        "mean": [1.01110599644e-005, 3.09329261654e-005, 0.0005276161246, 0.000579042243771, 0.00310333445668, 0.00425944151357, 0.00494888471439, 0.000445427605882, 0.000461810675915, 0.000128386542201, 0.00016711364151, 7.74303043727e-005, 5.68053619645e-005, 3.17077137879e-005, 1.32477580337e-005, 5.16018735652e-006, 4.06751541959e-006, 3.26977647092e-006, 3.16055616167e-006, 2.88371143142e-006, 3.18791603604e-006, 2.65177345682e-006, 1.6815354229e-006, 1.17094259622e-006, 2.92926245038e-007, 1.93647977653e-007, 5.50548984179e-009],
        "var": [6.92528701052e-010, 3.95812227438e-009, 3.89646038457e-006, 2.97589440379e-006, 2.90835469059e-005, 7.35832581995e-005, 0.000203646734008, 1.17051797588e-006, 4.96340362588e-006, 6.65832118329e-008, 2.81109009848e-007, 2.43086102358e-008, 2.33777317504e-008, 1.2189838472e-008, 1.34795119511e-009, 1.03818738328e-010, 3.97796032225e-011, 2.38646064715e-011, 5.31253686875e-012, 5.01985866069e-012, 2.55869912931e-012, 3.23486051314e-012, 1.65668173624e-012, 3.21525510209e-012, 9.58144804816e-013, 3.66575693411e-013, 9.44499043261e-017]
    },
    "erbbands": {
        "mean": [0.000654695089906, 0.0146333836019, 0.366576731205, 1.66872167587, 4.38693237305, 8.72876358032, 40.7489891052, 22.3258571625, 51.8968849182, 52.8901023865, 13.6090126038, 13.071097374, 5.11064720154, 4.40607213974, 6.59472131729, 4.16988563538, 2.91232252121, 2.17167329788, 0.656502187252, 0.641232430935, 0.28961378336, 0.216661974788, 0.188207566738, 0.176181152463, 0.140363693237, 0.137239485979, 0.131491020322, 0.123136661947, 0.10041770339, 0.0624905489385, 0.0474830903113, 0.0348532162607, 0.0127874221653, 0.00362305319868, 0.00212572724558, 0.00111225340515, 0.000309216731694, 3.38548125001e-005, 7.81817561801e-006, 1.66152149177e-005],
        "var": [1.11987174023e-006, 0.00105850817636, 1.67074513435, 31.1780204773, 84.5741577148, 258.719390869, 9392.11621094, 1565.53430176, 15313.0175781, 27602.7773438, 907.731140137, 4255.91015625, 234.915420532, 85.1166992188, 618.044555664, 69.3168869019, 52.6624984741, 40.4940605164, 2.45871543884, 2.71299290657, 0.202433258295, 0.119003139436, 0.10573938489, 0.0231260005385, 0.00956235826015, 0.0112957339734, 0.00435504503548, 0.00453908974305, 0.00403903517872, 0.0029937250074, 0.00112216197886, 0.00157619442325, 0.000764828757383, 0.000202007038752, 3.2452182495e-005, 7.46615069147e-006, 1.88898093256e-006, 7.79508990689e-009, 1.05146918949e-010, 5.90064941353e-010]
    },
    "gfcc": {
        "mean": [-148.92074585, 132.290771484, -104.469429016, 10.7450265884, -90.5415115356, -11.6048164368, -45.5783996582, -18.5380764008, -27.0804977417, -4.87668514252, -10.0802488327, -1.70653069019, -10.648068428],
        "cov": [[3839.54101563, 1588.43823242, -227.448181152, -780.701416016, -148.059509277, -103.849357605, 56.7102394104, -346.00402832, 107.838035583, -151.689758301, 193.411209106, -278.53012085, 32.6602287292], [1588.43823242, 1077.02062988, -29.3364982605, -571.070556641, -14.9787101746, -62.9309959412, 101.53477478, -246.98789978, 110.621154785, -118.518081665, 161.073852539, -217.046691895, 41.603427887], [-227.448181152, -29.3364982605, 195.116531372, 69.5938034058, 5.84746456146, -28.9069519043, -6.72799158096, -37.8881607056, -36.3927268982, -6.98799943924, -3.23397469521, -8.09896945953, -7.14820051193], [-780.701416016, -571.070556641, 69.5938034058, 482.78225708, 68.1984405518, 63.8284873962, -74.6769714355, 131.287643433, -81.1050033569, 49.9624862671, -120.167327881, 108.586334229, -32.5700149536], [-148.059509277, -14.9787101746, 5.84746456146, 68.1984405518, 123.698875427, 62.2937469482, 4.13534021378, 19.0253639221, 6.62096405029, 1.48741590977, -26.7806282043, 1.42893624306, -7.63704586029], [-103.849357605, -62.9309959412, -28.9069519043, 63.8284873962, 62.2937469482, 103.926742554, 27.1103610992, 44.3225326538, -13.0505971909, 9.98808193207, -28.7376308441, 15.6673030853, -13.2579908371], [56.7102394104, 101.53477478, -6.72799158096, -74.6769714355, 4.13534021378, 27.1103610992, 79.489112854, 16.3768386841, 27.5824165344, -4.74914503098, 25.3714237213, -21.3574810028, -5.39800739288], [-346.00402832, -246.98789978, -37.8881607056, 131.287643433, 19.0253639221, 44.3225326538, 16.3768386841, 146.778503418, 27.9651012421, 41.0283317566, -40.2877235413, 51.2940292358, -20.8049583435], [107.838035583, 110.621154785, -36.3927268982, -81.1050033569, 6.62096405029, -13.0505971909, 27.5824165344, 27.9651012421, 96.8691711426, 20.1405830383, 33.8928604126, -29.4403076172, 4.52502298355], [-151.689758301, -118.518081665, -6.98799943924, 49.9624862671, 1.48741590977, 9.98808193207, -4.74914503098, 41.0283317566, 20.1405830383, 62.0522079468, 5.08197593689, 23.1047115326, -10.1069755554], [193.411209106, 161.073852539, -3.23397469521, -120.167327881, -26.7806282043, -28.7376308441, 25.3714237213, -40.2877235413, 33.8928604126, 5.08197593689, 79.8694000244, -22.5132427216, 15.3722600937], [-278.53012085, -217.046691895, -8.09896945953, 108.586334229, 1.42893624306, 15.6673030853, -21.3574810028, 51.2940292358, -29.4403076172, 23.1047115326, -22.5132427216, 87.7679901123, 10.5168895721], [32.6602287292, 41.603427887, -7.14820051193, -32.5700149536, -7.63704586029, -13.2579908371, -5.39800739288, -20.8049583435, 4.52502298355, -10.1069755554, 15.3722600937, 10.5168895721, 52.6774559021]],
        "icov": [[0.00141382298898, -0.00404769228771, 0.0014297781745, -0.00105999736115, 0.0021838392131, -3.93359623558e-005, 0.00194005330559, -0.00136882916559, 0.00192512990907, -0.00229783612303, 0.00134471361525, -0.00137224362697, 0.0010990255978], [-0.00404769228771, 0.0183009300381, -0.00381346559152, 0.00572649389505, -0.00735580781475, -0.00212048110552, -0.00724084023386, 0.0102392761037, -0.0110537512228, 0.0135422255844, -0.00742542650551, 0.0089444546029, -0.00329004973173], [0.0014297781745, -0.00381346559152, 0.0095821460709, -0.00418357551098, 0.000254266458796, 0.00526027334854, -0.00323698832653, 0.00223344587721, 0.00436029490083, -0.00332599901594, 0.000668776105158, 0.000466896075523, 0.00144902954344], [-0.00105999736115, 0.00572649389505, -0.00418357551098, 0.00984376389533, -0.00448685092852, -0.00187962839846, 0.00371060334146, -0.00313354493119, 0.00115589681081, 0.00157749094069, 0.000706690887455, 0.00160742364824, -0.000651524460409], [0.0021838392131, -0.00735580781475, 0.000254266458796, -0.00448685092852, 0.0191124603152, -0.0112926801667, 0.0053958715871, 0.00179110653698, -0.00554519984871, -0.00107832904905, 0.00505820615217, -0.0042997803539, 0.00255661457777], [-3.93359623558e-005, -0.00212048110552, 0.00526027334854, -0.00187962839846, -0.0112926801667, 0.0263338666409, -0.0121775371954, -0.00482061086223, 0.0124301975593, -0.00848205573857, 0.00446476880461, 0.000446412421297, -0.000997636583634], [0.00194005330559, -0.00724084023386, -0.00323698832653, 0.00371060334146, 0.0053958715871, -0.0121775371954, 0.0322897806764, -0.0152271278203, 0.00337177352048, 0.00174217415042, -0.00717162480578, 0.000629474758171, 0.00339483446442], [-0.00136882916559, 0.0102392761037, 0.00223344587721, -0.00313354493119, 0.00179110653698, -0.00482061086223, -0.0152271278203, 0.0349892415106, -0.024452811107, 0.00637478521094, 0.00631704321131, -0.00716268457472, 0.00534279365093], [0.00192512990907, -0.0110537512228, 0.00436029490083, 0.00115589681081, -0.00554519984871, 0.0124301975593, 0.00337177352048, -0.024452811107, 0.03971202299, -0.0192985013127, -0.00313072395511, 0.00906441826373, -0.00615489529446], [-0.00229783612303, 0.0135422255844, -0.00332599901594, 0.00157749094069, -0.00107832904905, -0.00848205573857, 0.00174217415042, 0.00637478521094, -0.0192985013127, 0.0403042472899, -0.0155726950616, 0.000430827174569, 0.00550760747865], [0.00134471361525, -0.00742542650551, 0.000668776105158, 0.000706690887455, 0.00505820615217, 0.00446476880461, -0.00717162480578, 0.00631704321131, -0.00313072395511, -0.0155726950616, 0.0341377817094, -0.00921883620322, -0.00166501314379], [-0.00137224362697, 0.0089444546029, 0.000466896075523, 0.00160742364824, -0.0042997803539, 0.000446412421297, 0.000629474758171, -0.00716268457472, 0.00906441826373, 0.000430827174569, -0.00921883620322, 0.0336816050112, -0.0131617048755], [0.0010990255978, -0.00329004973173, 0.00144902954344, -0.000651524460409, 0.00255661457777, -0.000997636583634, 0.00339483446442, 0.00534279365093, -0.00615489529446, 0.00550760747865, -0.00166501314379, -0.0131617048755, 0.0279708355665]]
    },
    "melbands": {
        "mean": [7.19038280295e-006, 0.000140333329909, 0.000351097871317, 0.000403709360398, 0.00118928879965, 0.000587757967878, 0.00092783611035, 0.000476858724141, 9.28629451664e-005, 7.91256243247e-005, 2.17388151214e-005, 1.62082233146e-005, 2.00134709303e-005, 1.25702326841e-005, 8.03812235972e-006, 5.55953874937e-006, 4.05097443945e-006, 9.49937316364e-007, 9.87543330666e-007, 6.26677149285e-007, 2.91466875524e-007, 2.52038262261e-007, 1.54341549319e-007, 1.57409900226e-007, 1.44820717196e-007, 1.06773342168e-007, 9.47906073634e-008, 8.96865017808e-008, 8.15360650108e-008, 7.68866001977e-008, 7.00757638583e-008, 6.01768661568e-008, 4.38430269867e-008, 3.08882448508e-008, 2.72948224023e-008, 2.52314684701e-008, 1.99155980596e-008, 1.01223607274e-008, 4.32716040777e-009, 2.48684961512e-009],
        "var": [1.69673053385e-010, 2.46201295795e-007, 6.95381970672e-007, 5.40215808087e-007, 7.23495168131e-006, 1.11913959699e-006, 5.77927494305e-006, 2.18539844354e-006, 5.00657293401e-008, 1.88296780834e-007, 3.63621421862e-009, 1.21322563107e-009, 4.72440486732e-009, 1.09508546675e-009, 2.37809688608e-010, 3.39984096431e-010, 1.88950410873e-010, 5.47582205274e-012, 7.74115840874e-012, 1.93866168778e-012, 1.60445211262e-013, 2.09210592101e-013, 4.93105244679e-014, 5.57418118553e-014, 1.72264580259e-014, 6.80567213845e-015, 7.54163492588e-015, 4.91193432025e-015, 1.89548312959e-015, 1.7972810943e-015, 1.874958886e-015, 1.66559955237e-015, 1.04142743217e-015, 9.36568882581e-016, 3.77739636784e-016, 3.8661193633e-016, 7.69122750887e-016, 3.47870316918e-016, 2.87076088846e-016, 1.11776585302e-016]
    },
    "mfcc": {
        "mean": [-793.086853027, 162.05178833, 21.6577262878, 16.3368244171, -24.4144630432, -1.32565629482, -19.9828300476, -12.3830099106, -23.0556945801, -10.8360462189, -12.849770546, 0.28267583251, -5.80224847794],
        "cov": [[1970.34802246, 1468.99926758, -118.805198669, -493.980560303, -197.390487671, 1.77391123772, -53.6589050293, -120.462844849, -104.554618835, -22.6526641846, 15.5367288589, 14.6160326004, -26.7496852875], [1468.99926758, 1319.50036621, -47.7787818909, -440.096832275, -190.648483276, -2.1443502903, -42.5149841309, -122.153770447, -109.672058105, -28.8559265137, 14.6113815308, 17.2521209717, -25.2675857544], [-118.805198669, -47.7787818909, 153.814483643, 73.8534927368, -11.9133863449, -3.33637452126, 6.59843730927, -27.8694210052, -35.6353187561, -12.7696332932, -10.2121391296, -6.30128860474, -10.0353355408], [-493.980560303, -440.096832275, 73.8534927368, 254.558578491, 105.502037048, 12.2828969955, 5.11448860168, 33.0161552429, 28.4010009766, 9.85619068146, -9.44653701782, -13.4934110641, -6.71475315094], [-197.390487671, -190.648483276, -11.9133863449, 105.502037048, 129.099777222, 42.030456543, 6.38607978821, 27.2541389465, 37.2233047485, 13.7627086639, -7.16805744171, -13.7475614548, -6.06836080551], [1.77391123772, -2.1443502903, -3.33637452126, 12.2828969955, 42.030456543, 73.8733520508, 33.2224349976, 3.75827407837, 1.48928761482, 4.64967727661, -10.0659780502, -17.050359726, -11.0077466965], [-53.6589050293, -42.5149841309, 6.59843730927, 5.11448860168, 6.38607978821, 33.2224349976, 66.5567245483, 28.3972263336, 3.45882868767, 1.07795381546, -1.36090898514, -6.38804197311, -2.25404596329], [-120.462844849, -122.153770447, -27.8694210052, 33.0161552429, 27.2541389465, 3.75827407837, 28.3972263336, 83.9317245483, 48.1009674072, 8.39799308777, 4.38340568542, 5.90240573883, 6.03904628754], [-104.554618835, -109.672058105, -35.6353187561, 28.4010009766, 37.2233047485, 1.48928761482, 3.45882868767, 48.1009674072, 73.413734436, 28.4365997314, 9.54949378967, 5.38171625137, 10.3838157654], [-22.6526641846, -28.8559265137, -12.7696332932, 9.85619068146, 13.7627086639, 4.64967727661, 1.07795381546, 8.39799308777, 28.4365997314, 60.378036499, 30.3446998596, 3.32734680176, 5.12898349762], [15.5367288589, 14.6113815308, -10.2121391296, -9.44653701782, -7.16805744171, -10.0659780502, -1.36090898514, 4.38340568542, 9.54949378967, 30.3446998596, 53.8286018372, 23.5869464874, 9.03921413422], [14.6160326004, 17.2521209717, -6.30128860474, -13.4934110641, -13.7475614548, -17.050359726, -6.38804197311, 5.90240573883, 5.38171625137, 3.32734680176, 23.5869464874, 51.4376373291, 28.0361366272], [-26.7496852875, -25.2675857544, -10.0353355408, -6.71475315094, -6.06836080551, -11.0077466965, -2.25404596329, 6.03904628754, 10.3838157654, 5.12898349762, 9.03921413422, 28.0361366272, 52.9726715088]],
        "icov": [[0.00334193487652, -0.00393858132884, 0.00181969883852, -0.000935165153351, 0.000340338534443, -0.000103833946923, 0.000242148016696, -0.000280242355075, 0.000242585636443, -0.000456529349321, 0.000419531599618, 0.000377674179617, -0.000180064875167], [-0.00393858132884, 0.00698799826205, -0.00331339333206, 0.00545289181173, -0.000596146215685, -0.00137099938001, 0.00161181099247, 0.000439260300482, 0.000913274823688, 0.000327234010911, -0.000807804055512, -0.00134305574466, 0.0017111338675], [0.00181969883852, -0.00331339333206, 0.0127751724795, -0.00838608015329, 0.00433713383973, 0.00106050283648, -0.00395258516073, 0.00373084307648, 0.002529327292, -0.000400353164878, 0.00171487301122, -0.000719540927093, 0.000450458406704], [-0.000935165153351, 0.00545289181173, -0.00838608015329, 0.0177489370108, -0.00889564119279, 0.000454717024695, 0.00401889113709, -0.00302079343237, 0.00238487985916, -0.0012286354322, -0.000276355451206, -0.000691757071763, 0.00244547426701], [0.000340338534443, -0.000596146215685, 0.00433713383973, -0.00889564119279, 0.0201569497585, -0.0114548252895, 0.00422953255475, 0.000141309661558, -0.00561141176149, 0.00096429255791, 3.59296973329e-005, 0.000760120106861, 0.000272362376563], [-0.000103833946923, -0.00137099938001, 0.00106050283648, 0.000454717024695, -0.0114548252895, 0.0283413361758, -0.0159881897271, 0.0050303065218, 0.00133331376128, -0.0035539730452, 0.0043536843732, 0.00196093413979, 0.00117748999037], [0.000242148016696, 0.00161181099247, -0.00395258516073, 0.00401889113709, 0.00422953255475, -0.0159881897271, 0.0298028960824, -0.0141849592328, 0.00581490760669, -0.000261996610789, -0.00284746731631, 0.00252426369116, -0.00126539741177], [-0.000280242355075, 0.000439260300482, 0.00373084307648, -0.00302079343237, 0.000141309661558, 0.0050303065218, -0.0141849592328, 0.0284251943231, -0.017068868503, 0.00564931426197, -0.000708287290763, -0.00318244565278, 0.00221330835484], [0.000242585636443, 0.000913274823688, 0.002529327292, 0.00238487985916, -0.00561141176149, 0.00133331376128, 0.00581490760669, -0.017068868503, 0.0347038768232, -0.014167426154, 0.00440043723211, -0.00127320259344, -0.00234086043201], [-0.000456529349321, 0.000327234010911, -0.000400353164878, -0.0012286354322, 0.00096429255791, -0.0035539730452, -0.000261996610789, 0.00564931426197, -0.014167426154, 0.0325720533729, -0.0202434863895, 0.00828391686082, -0.00289585627615], [0.000419531599618, -0.000807804055512, 0.00171487301122, -0.000276355451206, 3.59296973329e-005, 0.0043536843732, -0.00284746731631, -0.000708287290763, 0.00440043723211, -0.0202434863895, 0.0371990092099, -0.017447123304, 0.00496862689033], [0.000377674179617, -0.00134305574466, -0.000719540927093, -0.000691757071763, 0.000760120106861, 0.00196093413979, 0.00252426369116, -0.00318244565278, -0.00127320259344, 0.00828391686082, -0.017447123304, 0.0381770916283, -0.0174899473786], [-0.000180064875167, 0.0017111338675, 0.000450458406704, 0.00244547426701, 0.000272362376563, 0.00117748999037, -0.00126539741177, 0.00221330835484, -0.00234086043201, -0.00289585627615, 0.00496862689033, -0.0174899473786, 0.0291160419583]]
    },
    "spectral_contrast_coeffs": {
        "mean": [-0.532203197479, -0.669977962971, -0.790653765202, -0.820905447006, -0.864105522633, -0.765920519829],
        "var": [0.00871043652296, 0.00841569434851, 0.00386726274155, 0.00293535157107, 0.00034515891457, 0.00037151898141]
    },
    "spectral_contrast_valleys": {
        "mean": [-9.06502437592, -7.2725610733, -8.38683223724, -9.2140083313, -9.15328121185, -12.0196743011],
        "var": [0.935096919537, 1.34575331211, 0.901828587055, 0.591290950775, 0.475146085024, 0.354495704174]
    }
},
"metadata": {
    "audio_properties": {
        "analysis_sample_rate": 44100,
        "bit_rate": 104074,
        "equal_loudness": 0,
        "length": 45.0612258911,
        "lossless": 0,
        "replay_gain": -5.12603759766,
        "sample_rate": 44100,
        "codec": "mp3",
        "downmix": "mix",
        "md5_encoded": "cd8c1ce29b5e090852a72164e6044f81"
    },
    "tags": {
        "file_name": "482.mp3"
    },
    "version": {
        "essentia": "2.1-beta2",
        "essentia_git_sha": "v2.1_beta2",
        "extractor": "music 1.0"
    }
},
"rhythm": {
    "beats_count": 96,
    "beats_loudness": {
        "mean": 0.0162617731839,
        "var": 0.000675458984915
    },
    "bpm": 145.24357605,
    "bpm_histogram_first_peak_bpm": {
        "mean": 144,
        "var": 0
    },
    "bpm_histogram_first_peak_spread": {
        "mean": 0.411764681339,
        "var": 0
    },
    "bpm_histogram_first_peak_weight": {
        "mean": 0.105263158679,
        "var": 0
    },
    "bpm_histogram_second_peak_bpm": {
        "mean": 157,
        "var": 0
    },
    "bpm_histogram_second_peak_spread": {
        "mean": 0.272727251053,
        "var": 0
    },
    "bpm_histogram_second_peak_weight": {
        "mean": 0.0842105299234,
        "var": 0
    },
    "danceability": 0.837036788464,
    "onset_rate": 1.50837790966,
    "beats_loudness_band_ratio": {
        "mean": [0.182550862432, 0.590442359447, 0.295732140541, 0.0350348986685, 0.00937472004443, 0.0110187828541],
        "var": [0.0192117020488, 0.0501109361649, 0.0534564554691, 0.000817376887426, 0.000120073375001, 0.000232281672652]
    },
    "beats_position": [0.371519267559, 0.754648506641, 1.13777780533, 1.52090704441, 1.90403628349, 2.28716540337, 2.67029476166, 3.00698399544, 3.34367346764, 3.68036270142, 4.00544214249, 4.34213161469, 4.66721057892, 4.99229001999, 5.31736946106, 5.65405893326, 5.97913837433, 6.30421733856, 6.62929677963, 6.94276618958, 7.25623559952, 7.56970500946, 7.90639448166, 8.24308395386, 8.57977294922, 8.93968200684, 9.31120204926, 9.682721138, 10.0542402267, 10.47219944, 10.8901586533, 11.3081178665, 11.7260770798, 12.144036293, 12.5619955063, 12.9799547195, 13.3979139328, 13.8158731461, 14.2338323593, 14.6285715103, 15.0233106613, 15.4296598434, 15.8127889633, 16.2191371918, 16.6254863739, 17.031835556, 17.4381847382, 17.8329238892, 18.2276649475, 18.6340141296, 19.0403633118, 19.4002723694, 19.760181427, 20.1200904846, 20.4799995422, 20.8282985687, 21.1765975952, 21.5248966217, 21.8731975555, 22.221496582, 22.616235733, 23.010974884, 23.3941040039, 23.8468933105, 24.2996826172, 24.7524719238, 25.3097496033, 25.8670291901, 26.4126987457, 26.958366394, 27.5156459808, 28.0729255676, 28.7230834961, 29.3616313934, 30.0117912292, 30.6619491577, 31.3237190247, 31.9738769531, 32.6240348816, 33.2509727478, 33.8779144287, 34.539680481, 35.2014503479, 35.8748283386, 36.5482063293, 37.2331962585, 37.9181861877, 38.6147842407, 39.2997741699, 39.9963722229, 40.7277984619, 41.4592285156, 42.1906585693, 42.9104766846, 43.6302947998, 44.3617210388]
},
"tonal": {
    "chords_changes_rate": 0.037037037313,
    "chords_number_rate": 0.00925925932825,
    "chords_strength": {
        "mean": 0.472492724657,
        "var": 0.00657132687047
    },
    "hpcp_entropy": {
        "mean": 1.50451803207,
        "var": 0.551113963127
    },
    "key_strength": 0.710716545582,
    "tuning_diatonic_strength": 0.450623989105,
    "tuning_equal_tempered_deviation": 0.0189045593143,
    "tuning_frequency": 438.224517822,
    "tuning_nontempered_energy_ratio": 0.595778107643,
    "hpcp": {
        "mean": [0.0203785207123, 0.0152548374608, 0.155010193586, 0.276896089315, 0.135846033692, 0.0101353377104, 0.00801277719438, 0.025242280215, 0.213495701551, 0.331776022911, 0.159742757678, 0.0329536981881, 0.0228547081351, 0.0305325966328, 0.142664909363, 0.233444154263, 0.16892363131, 0.179456368089, 0.233800143003, 0.122410140932, 0.0189329907298, 0.0136909782887, 0.0192617885768, 0.13798776269, 0.223503217101, 0.111590407789, 0.0177255887538, 0.00984300486743, 0.0188510157168, 0.187054216862, 0.334979981184, 0.26146492362, 0.219074547291, 0.177486717701, 0.0747229158878, 0.030562793836],
        "var": [0.0038361302577, 0.00131470686756, 0.0388415642083, 0.127403944731, 0.0344739370048, 0.00152437202632, 0.000404363760026, 0.00245751766488, 0.0542187318206, 0.120133683085, 0.0328456386924, 0.0116939200088, 0.00634937081486, 0.00863430928439, 0.0620929524302, 0.127857938409, 0.0660581067204, 0.0668004825711, 0.122959688306, 0.0448297560215, 0.00152986054309, 0.00156507594511, 0.00229682936333, 0.0379685796797, 0.0916321054101, 0.0291052572429, 0.00461740652099, 0.00140982866287, 0.00266384286806, 0.0463210754097, 0.124090433121, 0.0766424685717, 0.107944279909, 0.0856618583202, 0.0252550579607, 0.00951173435897]
    },
    "chords_histogram": [3.18930029869, 20.8847732544, 12.0370368958, 0, 0, 0, 1.13168728352, 0, 5.14403295517, 1.44032919407, 0, 0, 0, 0, 0, 0, 0, 0, 0, 4.01234579086, 0, 35.4938278198, 0, 16.6666660309],
    "thpcp": [1, 0.780538976192, 0.653992950916, 0.529842734337, 0.223066806793, 0.0912376716733, 0.0608350411057, 0.0455395504832, 0.462744653225, 0.826604902744, 0.405534774065, 0.0302565470338, 0.0239201672375, 0.075354591012, 0.63733869791, 0.990435361862, 0.476872563362, 0.0983751267195, 0.0682270899415, 0.0911475270987, 0.425890862942, 0.696889877319, 0.504279792309, 0.535722672939, 0.697952568531, 0.365425229073, 0.0565197691321, 0.0408710353076, 0.0575013123453, 0.411928385496, 0.66721367836, 0.333125591278, 0.0529153682292, 0.0293838605285, 0.0562750510871, 0.558404147625],
    "chords_key": "F",
    "chords_scale": "minor",
    "key_key": "D#",
    "key_scale": "major"
}
}