{
"lowlevel": {
    "average_loudness": 0.984632074833,
    "barkbands_crest": {
        "mean": 16.4362277985,
        "var": 61.8108711243
    },
    "barkbands_flatness_db": {
        "mean": 0.244569778442,
        "var": 0.0242017377168
    },
    "barkbands_kurtosis": {
        "mean": 181.849380493,
        "var": 183793.46875
    },
    "barkbands_skewness": {
        "mean": 6.62875652313,
        "var": 81.8160247803
    },
    "barkbands_spread": {
        "mean": 24.4075164795,
        "var": 760.931213379
    },
    "dissonance": {
        "mean": 0.470843911171,
        "var": 0.00121798191685
    },
    "dynamic_complexity": 5.27674627304,
    "erbbands_crest": {
        "mean": 11.1295700073,
        "var": 43.7808456421
    },
    "erbbands_flatness_db": {
        "mean": 0.171290054917,
        "var": 0.00438377028331
    },
    "erbbands_kurtosis": {
        "mean": 5.23878526688,
        "var": 171.891326904
    },
    "erbbands_skewness": {
        "mean": 0.509331464767,
        "var": 5.06935834885
    },
    "erbbands_spread": {
        "mean": 59.8431663513,
        "var": 2186.53393555
    },
    "hfc": {
        "mean": 16.6407489777,
        "var": 689.986633301
    },
    "melbands_crest": {
        "mean": 22.9589366913,
        "var": 75.3435516357
    },
    "melbands_flatness_db": {
        "mean": 0.305015444756,
        "var": 0.0356271751225
    },
    "melbands_kurtosis": {
        "mean": 200.716079712,
        "var": 74675.6171875
    },
    "melbands_skewness": {
        "mean": 7.92233800888,
        "var": 56.4651451111
    },
    "melbands_spread": {
        "mean": 28.5394954681,
        "var": 1542.0826416
    },
    "pitch_salience": {
        "mean": 0.354367107153,
        "var": 0.0695406571031
    },
    "silence_rate_20dB": {
        "mean": 1,
        "var": 0
    },
    "silence_rate_30dB": {
        "mean": 0.748842000961,
        "var": 0.188076853752
    },
    "silence_rate_60dB": {
        "mean": 0.248584657907,
        "var": 0.186793342233
    },
    "spectral_centroid": {
        "mean": 1774.86621094,
        "var": 1658856.125
    },
    "spectral_complexity": {
        "mean": 5.48430252075,
        "var": 72.4401931763
    },
    "spectral_decrease": {
        "mean": -1.4899623757e-008,
        "var": 2.36585434242e-016
    },
    "spectral_energy": {
        "mean": 0.0577439814806,
        "var": 0.00341849168763
    },
    "spectral_energyband_high": {
        "mean": 0.00125482608564,
        "var": 6.59821716908e-006
    },
    "spectral_energyband_low": {
        "mean": 0.0499160215259,
        "var": 0.00337640731595
    },
    "spectral_energyband_middle_high": {
        "mean": 0.000891245377716,
        "var": 3.46221418113e-006
    },
    "spectral_energyband_middle_low": {
        "mean": 0.0075643225573,
        "var": 0.000450400169939
    },
    "spectral_entropy": {
        "mean": 7.61019945145,
        "var": 0.735932171345
    },
    "spectral_flux": {
        "mean": 0.111526243389,
        "var": 0.0139254126698
    },
    "spectral_kurtosis": {
        "mean": 2.44032382965,
        "var": 6.43281316757
    },
    "spectral_rms": {
        "mean": 0.00602771155536,
        "var": 2.00022259378e-005
    },
    "spectral_rolloff": {
        "mean": 2164.37963867,
        "var": 8450158
    },
    "spectral_skewness": {
        "mean": 1.02051138878,
        "var": 0.312714368105
    },
    "spectral_spread": {
        "mean": 5669943,
        "var": 5.77724848538e+012
    },
    "spectral_strongpeak": {
        "mean": 0.675936758518,
        "var": 0.311440259218
    },
    "zerocrossingrate": {
        "mean": 0.070314258337,
        "var": 0.00479496316984
    },
    "barkbands": {
        "mean": [0.00148493447341, 0.0387648008764, 0.00780203333125, 0.00358065124601, 0.00231574382633, 0.000629671034403, 0.000206995973713, 0.000423592107836, 0.000375564151909, 7.60872717365e-005, 0.000176323548658, 8.99609731277e-005, 3.72901231458e-005, 7.54224529373e-005, 9.40781537793e-005, 5.25253708474e-005, 5.58830361115e-005, 8.3817561972e-005, 0.000117571318697, 0.000138073111884, 0.000191423052456, 0.000236134612351, 0.00024243228836, 0.00017869718431, 0.000199104382773, 0.000109629516373, 5.52099163542e-006],
        "var": [6.66531514071e-006, 0.00230828882195, 0.00063373579178, 0.000184896838618, 8.20378700155e-005, 7.40467294236e-006, 5.31327316367e-007, 1.61009143085e-006, 8.38878577269e-007, 8.39840552658e-008, 3.9717875211e-007, 4.97660721521e-008, 1.58398343331e-008, 5.95012750182e-008, 7.23307493899e-008, 2.78978014023e-008, 1.91032327734e-008, 3.42344677051e-008, 6.32287751046e-008, 5.23668504115e-008, 8.74407959373e-008, 1.60827568152e-007, 2.1661283256e-007, 1.95783769641e-007, 6.25171480806e-007, 2.0322623584e-007, 1.72052608272e-010]
    },
    "erbbands": {
        "mean": [1.3492628336, 7.65733861923, 10.5073413849, 10.5218906403, 11.4817733765, 5.96438598633, 4.31480121613, 5.34547233582, 3.11089348793, 6.23500108719, 7.5358300209, 7.89697599411, 5.75743484497, 3.53877878189, 7.09196519852, 2.7625234127, 1.74426543713, 2.90017366409, 5.04116678238, 3.67281627655, 2.94787430763, 3.25968956947, 4.4512219429, 5.03497409821, 6.26095819473, 6.39713144302, 6.23867368698, 9.13653087616, 8.73071479797, 7.36226940155, 6.74869823456, 4.02343177795, 2.94732570648, 1.86225414276, 1.71666300297, 0.58157980442, 0.194867193699, 0.027206255123, 0.000720338255633, 8.76061676536e-005],
        "var": [3.2543990612, 117.997688293, 779.732421875, 1270.12145996, 1828.1763916, 558.73248291, 297.805999756, 531.879089355, 146.033935547, 308.64050293, 420.954284668, 381.206604004, 244.654922485, 108.273361206, 401.633209229, 48.1646308899, 34.320602417, 79.3913421631, 198.915802002, 95.3685531616, 83.8878555298, 57.7950668335, 92.3070373535, 125.76714325, 157.193084717, 119.655723572, 96.9637298584, 202.476074219, 241.150680542, 151.11567688, 180.84185791, 73.7200546265, 64.6667098999, 38.4841995239, 63.7214202881, 6.59722232819, 0.660569012165, 0.0049428762868, 2.88278079097e-006, 9.44507050349e-009]
    },
    "gfcc": {
        "mean": [-100.361183167, 47.8237915039, -89.3834915161, 67.5879669189, -52.4255027771, 22.1942920685, -16.6376132965, 12.7789068222, -12.761557579, 0.80115288496, -18.0300922394, -2.72205376625, -10.8931999207],
        "cov": [[13900.9833984, -2572.35107422, 1955.0793457, -326.917419434, -567.696838379, 219.404281616, -745.840454102, 380.29284668, -577.484802246, 530.331054688, -443.905822754, 543.656921387, -474.376556396], [-2572.35107422, 2414.88476563, 29.5206756592, 190.053817749, 559.419128418, -93.7061004639, 657.638793945, -301.467315674, 456.370117188, -318.4637146, 359.664459229, -280.421234131, 414.202697754], [1955.0793457, 29.5206756592, 2956.12255859, 1477.32885742, 1214.94104004, 467.990936279, 465.285644531, 190.7996521, 268.716247559, 175.922119141, 151.080123901, 191.246292114, 165.492767334], [-326.917419434, 190.053817749, 1477.32885742, 1537.7701416, 929.197143555, 255.369491577, 275.107635498, 4.64518260956, 186.924438477, -16.9698619843, 86.5211181641, 38.7801704407, 120.889007568], [-567.696838379, 559.419128418, 1214.94104004, 929.197143555, 998.500671387, 317.787963867, 460.800323486, 24.4140052795, 291.944335938, -10.7664318085, 181.143081665, 14.3718128204, 230.186157227], [219.404281616, -93.7061004639, 467.990936279, 255.369491577, 317.787963867, 340.908813477, 248.867401123, 177.837905884, 108.722015381, 123.676734924, 67.5811309814, 72.8323364258, 77.3069534302], [-745.840454102, 657.638793945, 465.285644531, 275.107635498, 460.800323486, 248.867401123, 586.040283203, 151.473861694, 347.163299561, 31.1143226624, 202.059158325, -11.9662036896, 206.176361084], [380.29284668, -301.467315674, 190.7996521, 4.64518260956, 24.4140052795, 177.837905884, 151.473861694, 286.05960083, 110.119979858, 170.237838745, 24.6058235168, 92.0089645386, -0.90090161562], [-577.484802246, 456.370117188, 268.716247559, 186.924438477, 291.944335938, 108.722015381, 347.163299561, 110.119979858, 296.711517334, 50.1722183228, 159.569274902, -16.3368053436, 140.108917236], [530.331054688, -318.4637146, 175.922119141, -16.9698619843, -10.7664318085, 123.676734924, 31.1143226624, 170.237838745, 50.1722183228, 192.524368286, 32.1084747314, 81.2039489746, -13.5465297699], [-443.905822754, 359.664459229, 151.080123901, 86.5211181641, 181.143081665, 67.5811309814, 202.059158325, 24.6058235168, 159.569274902, 32.1084747314, 178.086135864, 16.6869392395, 125.037055969], [543.656921387, -280.421234131, 191.246292114, 38.7801704407, 14.3718128204, 72.8323364258, -11.9662036896, 92.0089645386, -16.3368053436, 81.2039489746, 16.6869392395, 124.885635376, 21.6348819733], [-474.376556396, 414.202697754, 165.492767334, 120.889007568, 230.186157227, 77.3069534302, 206.176361084, -0.90090161562, 140.108917236, -13.5465297699, 125.037055969, 21.6348819733, 216.720062256]],
        "icov": [[0.000145762925968, -3.72375361621e-005, -0.000220497109694, 0.000139630938065, 0.000199139467441, -0.000209962701774, 0.00013228681928, 0.000239792527282, -0.000212385333725, -0.000110670982394, 0.000384701590519, -0.000526763789821, 0.000180267874384], [-3.72375361621e-005, 0.00257742218673, -0.000180963179446, 0.000246074458119, 7.30751853553e-005, 0.00106151099317, -0.00176325719804, 0.00121816643514, -0.000551063276362, 0.00184577994514, -0.00255050696433, 0.00391075527295, -0.00222762580961], [-0.000220497109694, -0.000180963179446, 0.00144107174128, -0.000685367500409, -0.00148065609392, 0.00096367293736, -0.000891947536729, -0.000197834058781, 0.00111768394709, -0.00139874522574, 0.000145740792505, -0.000806241820101, 0.000408110470744], [0.000139630938065, 0.000246074458119, -0.000685367500409, 0.00210187141784, -0.00132270925678, -0.000306983478367, 0.00087054236792, 0.000278509221971, -0.00115243415348, 0.00100698019378, 0.000384572893381, -0.000392299290979, 0.000498887849972], [0.000199139467441, 7.30751853553e-005, -0.00148065609392, -0.00132270925678, 0.00683387275785, -0.00480790808797, 0.00056165875867, 0.00340543081984, -0.00474099861458, 0.00254004844464, 0.000491520273499, -0.000644816958811, -0.000894313154276], [-0.000209962701774, 0.00106151099317, 0.00096367293736, -0.000306983478367, -0.00480790808797, 0.0136566022411, -0.0073572746478, -0.0047391531989, 0.0107648996636, -0.00647399341688, -0.0015794018982, 0.00358023843728, -0.00264855357818], [0.00013228681928, -0.00176325719804, -0.000891947536729, 0.00087054236792, 0.00056165875867, -0.0073572746478, 0.0135005526245, -0.00417935894802, -0.00959738809615, 0.00675980513915, -0.00110714463517, -0.000400511780754, 0.000327817222569], [0.000239792527282, 0.00121816643514, -0.000197834058781, 0.000278509221971, 0.00340543081984, -0.0047391531989, -0.00417935894802, 0.0196173861623, -0.0106191663072, -0.00612399727106, 0.00773723050952, -0.00958611443639, 0.00329888868146], [-0.000212385333725, -0.000551063276362, 0.00111768394709, -0.00115243415348, -0.00474099861458, 0.0107648996636, -0.00959738809615, -0.0106191663072, 0.0275979712605, -0.00809920299798, -0.00810317136347, 0.0101621327922, -0.00402800785378], [-0.000110670982394, 0.00184577994514, -0.00139874522574, 0.00100698019378, 0.00254004844464, -0.00647399341688, 0.00675980513915, -0.00612399727106, -0.00809920299798, 0.0215692557395, -0.00745524326339, 0.000890980765689, 0.000688255415298], [0.000384701590519, -0.00255050696433, 0.000145740792505, 0.000384572893381, 0.000491520273499, -0.0015794018982, -0.00110714463517, 0.00773723050952, -0.00810317136347, -0.00745524326339, 0.0212753023952, -0.0117744412273, 0.000190924591152], [-0.000526763789821, 0.00391075527295, -0.000806241820101, -0.000392299290979, -0.000644816958811, 0.00358023843728, -0.000400511780754, -0.00958611443639, 0.0101621327922, 0.000890980765689, -0.0117744412273, 0.0296294763684, -0.0107226427644], [0.000180267874384, -0.00222762580961, 0.000408110470744, 0.000498887849972, -0.000894313154276, -0.00264855357818, 0.000327817222569, 0.00329888868146, -0.00402800785378, 0.000688255415298, 0.000190924591152, -0.0107226427644, 0.0138803105801]]
    },
    "melbands": {
        "mean": [0.0113350758329, 0.00719437235966, 0.00193717190996, 0.000635636853985, 0.00015656206233, 0.000118085023132, 4.54306500615e-005, 8.19242268335e-005, 5.6604942074e-005, 5.25632895005e-005, 2.81022366835e-005, 1.25356964418e-005, 2.75886959571e-005, 1.15739585453e-005, 4.02925297749e-006, 3.70497446056e-006, 5.76558659304e-006, 8.01972873887e-006, 7.56654753786e-006, 3.74841761186e-006, 3.22176401824e-006, 3.1249114727e-006, 3.93027221435e-006, 4.06793924412e-006, 3.98566771764e-006, 4.63271180706e-006, 3.96637369704e-006, 4.56139468952e-006, 3.77949959329e-006, 4.41809288532e-006, 5.66735570828e-006, 4.98747112943e-006, 4.31964645031e-006, 4.08461164625e-006, 4.00987300964e-006, 3.21718539453e-006, 2.2224805889e-006, 2.20948822971e-006, 1.68069561823e-006, 1.4432162061e-006],
        "var": [0.000193509360543, 0.000176468354766, 3.95658717025e-005, 5.78306071475e-006, 3.8504330746e-007, 2.61359161868e-007, 3.01220843824e-008, 5.33957589255e-008, 2.07159729371e-008, 1.67221614333e-008, 6.28859808671e-009, 1.52362611416e-009, 8.51517878431e-009, 7.98672683544e-010, 2.1285309626e-010, 1.54211240999e-010, 3.22511600759e-010, 5.60199608923e-010, 4.71266525803e-010, 1.4096901424e-010, 1.07050826537e-010, 6.55139206773e-011, 6.72283131942e-011, 1.02049910189e-010, 8.45117309467e-011, 9.81445896775e-011, 5.48715239912e-011, 6.18980283695e-011, 3.7203976011e-011, 4.49060892638e-011, 8.29105048505e-011, 7.65792429469e-011, 5.72365696505e-011, 5.09712549945e-011, 6.72049013661e-011, 4.26701798895e-011, 2.37677742071e-011, 3.25194558781e-011, 3.14536001411e-011, 2.30146596225e-011]
    },
    "mfcc": {
        "mean": [-745.75994873, 68.4619369507, 26.2204780579, 49.4976234436, 4.52252006531, 19.8522930145, 6.06817960739, 16.4445037842, 11.6634540558, 10.1125907898, 3.57064080238, 1.93749022484, 0.648626863956],
        "cov": [[10441.171875, -1749.39331055, 1126.76452637, -754.696472168, -118.531280518, -481.853668213, -295.589019775, -349.747802734, -384.686218262, -104.494941711, -151.734115601, -179.393325806, -166.796035767], [-1749.39331055, 1855.13122559, -65.5922393799, 215.561340332, -14.6969585419, 231.189926147, 145.352920532, 137.228988647, 153.171295166, 106.022453308, 57.3015060425, 37.675693512, 22.4365768433], [1126.76452637, -65.5922393799, 1492.22570801, 919.526000977, 716.82220459, 496.236480713, 356.740600586, 269.625610352, 251.098464966, 148.811889648, 85.4066467285, 154.061187744, 153.690093994], [-754.696472168, 215.561340332, 919.526000977, 1218.01098633, 756.141174316, 578.007202148, 315.367736816, 291.034942627, 241.458053589, 84.8819046021, 39.5892333984, 116.756019592, 94.4799957275], [-118.531280518, -14.6969585419, 716.82220459, 756.141174316, 678.149597168, 455.708984375, 275.257843018, 194.279602051, 157.896087646, 74.9184036255, 32.9753913879, 60.317615509, 65.6517410278], [-481.853668213, 231.189926147, 496.236480713, 578.007202148, 455.708984375, 453.825500488, 292.975646973, 214.804046631, 189.93510437, 112.450531006, 63.0762710571, 62.1084213257, 63.3578071594], [-295.589019775, 145.352920532, 356.740600586, 315.367736816, 275.257843018, 292.975646973, 267.479858398, 195.695983887, 179.41027832, 122.732696533, 87.8330993652, 76.3476715088, 76.5624084473], [-349.747802734, 137.228988647, 269.625610352, 291.034942627, 194.279602051, 214.804046631, 195.695983887, 239.769363403, 185.119186401, 125.815872192, 80.9668655396, 78.152305603, 78.8969116211], [-384.686218262, 153.171295166, 251.098464966, 241.458053589, 157.896087646, 189.93510437, 179.41027832, 185.119186401, 236.682250977, 159.373397827, 108.368125916, 88.4108200073, 80.5154418945], [-104.494941711, 106.022453308, 148.811889648, 84.8819046021, 74.9184036255, 112.450531006, 122.732696533, 125.815872192, 159.373397827, 170.594680786, 109.899436951, 73.6108322144, 66.8188323975], [-151.734115601, 57.3015060425, 85.4066467285, 39.5892333984, 32.9753913879, 63.0762710571, 87.8330993652, 80.9668655396, 108.368125916, 109.899436951, 129.232345581, 91.0548477173, 73.9166870117], [-179.393325806, 37.675693512, 154.061187744, 116.756019592, 60.317615509, 62.1084213257, 76.3476715088, 78.152305603, 88.4108200073, 73.6108322144, 91.0548477173, 125.478340149, 101.521736145], [-166.796035767, 22.4365768433, 153.690093994, 94.4799957275, 65.6517410278, 63.3578071594, 76.5624084473, 78.8969116211, 80.5154418945, 66.8188323975, 73.9166870117, 101.521736145, 120.421867371]],
        "icov": [[0.000220751899178, 0.000112005487608, -0.000514420331456, 0.000380556215532, -2.54258429777e-005, 1.13889309432e-005, 0.000277439976344, -0.000145789439557, 0.000428929895861, -0.000353134324541, -1.09490031264e-006, 1.78977843461e-005, 0.000464590732008], [0.000112005487608, 0.000776173663326, -0.000127144099679, -0.000119001539133, 0.000886815309059, -0.000996073358692, 0.000132020883029, 7.20918178558e-005, 0.00013508045231, -0.000454118242487, 0.00018253007147, -2.51999372267e-005, 0.000246448209509], [-0.000514420331456, -0.000127144099679, 0.00293423864059, -0.00174450513441, -0.000923913496081, 0.00105920946226, -0.00228527071886, 0.00104934431147, -0.00092579255579, -0.000206667362363, 0.00101453531533, -0.000529888784513, -0.00179548817687], [0.000380556215532, -0.000119001539133, -0.00174450513441, 0.0059648999013, -0.00326773501001, -0.00432939035818, 0.00616567768157, -0.00306345382705, -0.00188823579811, 0.00268206559122, 0.00131719640922, -0.00476977415383, 0.00322913425043], [-2.54258429777e-005, 0.000886815309059, -0.000923913496081, -0.00326773501001, 0.00918984040618, -0.00467688543722, -0.00197167508304, 0.00163682864513, 0.00184396770783, -0.000946454005316, -0.000300449581118, 0.00282254861668, -0.00172868208028], [1.13889309432e-005, -0.000996073358692, 0.00105920946226, -0.00432939035818, -0.00467688543722, 0.0204976052046, -0.0154982535169, 0.00194624811411, 0.00118024612311, -0.00278258672915, 5.66691342101e-005, 0.00454558432102, -0.000522092683241], [0.000277439976344, 0.000132020883029, -0.00228527071886, 0.00616567768157, -0.00197167508304, -0.0154982535169, 0.0281265825033, -0.00897408649325, -0.00386446411721, 0.00325833796524, -0.00364454393275, -0.00300032133237, 0.00120736553799], [-0.000145789439557, 7.20918178558e-005, 0.00104934431147, -0.00306345382705, 0.00163682864513, 0.00194624811411, -0.00897408649325, 0.0161946341395, -0.00531871197745, -0.00296691502444, 0.00266949785873, 0.00143114069942, -0.00361480005085], [0.000428929895861, 0.00013508045231, -0.00092579255579, -0.00188823579811, 0.00184396770783, 0.00118024612311, -0.00386446411721, -0.00531871197745, 0.0211865641177, -0.0122380275279, -0.00153786689043, 0.000390312372474, 0.000787214783486], [-0.000353134324541, -0.000454118242487, -0.000206667362363, 0.00268206559122, -0.000946454005316, -0.00278258672915, 0.00325833796524, -0.00296691502444, -0.0122380275279, 0.025503911078, -0.01221580524, 0.00218112301081, -0.000702306046151], [-1.09490031264e-006, 0.00018253007147, 0.00101453531533, 0.00131719640922, -0.000300449581118, 5.66691342101e-005, -0.00364454393275, 0.00266949785873, -0.00153786689043, -0.01221580524, 0.0298833940178, -0.017057236284, 0.00218208320439], [1.78977843461e-005, -2.51999372267e-005, -0.000529888784513, -0.00476977415383, 0.00282254861668, 0.00454558432102, -0.00300032133237, 0.00143114069942, 0.000390312372474, 0.00218112301081, -0.017057236284, 0.0401310026646, -0.0233461540192], [0.000464590732008, 0.000246448209509, -0.00179548817687, 0.00322913425043, -0.00172868208028, -0.000522092683241, 0.00120736553799, -0.00361480005085, 0.000787214783486, -0.000702306046151, 0.00218208320439, -0.0233461540192, 0.0296835135669]]
    },
    "spectral_contrast_coeffs": {
        "mean": [-0.620502769947, -0.792634248734, -0.804653823376, -0.836585283279, -0.835240185261, -0.73619222641],
        "var": [0.0149819273502, 0.00752656394616, 0.0103441523388, 0.00320847588591, 0.00120734027587, 0.00139645289164]
    },
    "spectral_contrast_valleys": {
        "mean": [-8.56907844543, -8.29052352905, -8.84108257294, -9.00569725037, -8.09991455078, -10.5795116425],
        "var": [2.7685751915, 1.90598082542, 1.66148841381, 1.58840239048, 1.54776418209, 2.93065166473]
    }
},
"metadata": {
    "audio_properties": {
        "analysis_sample_rate": 44100,
        "bit_rate": 110380,
        "equal_loudness": 0,
        "length": 45.0873451233,
        "lossless": 0,
        "replay_gain": -8.79490280151,
        "sample_rate": 44100,
        "codec": "mp3",
        "downmix": "mix",
        "md5_encoded": "36fe63d96643e2b100edce2d89275ec8"
    },
    "tags": {
        "file_name": "484.mp3"
    },
    "version": {
        "essentia": "2.1-beta2",
        "essentia_git_sha": "v2.1_beta2",
        "extractor": "music 1.0"
    }
},
"rhythm": {
    "beats_count": 96,
    "beats_loudness": {
        "mean": 0.13391430676,
        "var": 0.0012256760383
    },
    "bpm": 128.651382446,
    "bpm_histogram_first_peak_bpm": {
        "mean": 129,
        "var": 0
    },
    "bpm_histogram_first_peak_spread": {
        "mean": 0.197674438357,
        "var": 0
    },
    "bpm_histogram_first_peak_weight": {
        "mean": 0.726315796375,
        "var": 0
    },
    "bpm_histogram_second_peak_bpm": {
        "mean": 123,
        "var": 0
    },
    "bpm_histogram_second_peak_spread": {
        "mean": 0,
        "var": 0
    },
    "bpm_histogram_second_peak_weight": {
        "mean": 0.0947368443012,
        "var": 0
    },
    "danceability": 2.41408061981,
    "onset_rate": 4.19024515152,
    "beats_loudness_band_ratio": {
        "mean": [0.903949677944, 0.159183010459, 0.00162199465558, 0.00108110974543, 0.00473030982539, 0.0222484767437],
        "var": [0.0098135098815, 0.00975105818361, 5.26230951436e-006, 1.68827100424e-005, 0.000518518558238, 0.00549582438543]
    },
    "beats_position": [0.429569154978, 0.882358253002, 1.34675729275, 1.8111563921, 2.27555561066, 2.73995471001, 3.20435357094, 3.69197273254, 4.15637159348, 4.62077093124, 5.08516979218, 5.54956912994, 6.01396799088, 6.5015873909, 6.96598625183, 7.4303855896, 7.89478445053, 8.35918331146, 8.83519268036, 9.31120204926, 9.77560043335, 10.2399997711, 10.7043991089, 11.1920175552, 11.656416893, 12.1208162308, 12.5852155685, 13.0496139526, 13.5140132904, 14.0016326904, 14.4660310745, 14.9304304123, 15.3948297501, 15.8592290878, 16.3352375031, 16.8112468719, 17.2756462097, 17.7400455475, 18.2044448853, 18.6920623779, 19.1564617157, 19.6208610535, 20.0852603912, 20.549659729, 21.0140590668, 21.5016784668, 21.9660758972, 22.430475235, 22.8948745728, 23.3592739105, 23.8352832794, 24.3112926483, 24.7756919861, 25.2400894165, 25.7044887543, 26.1804981232, 26.6565074921, 27.1209068298, 27.5853061676, 28.0497055054, 28.5141029358, 29.0017223358, 29.4661216736, 29.9305210114, 30.3949203491, 30.8593196869, 31.3353290558, 31.8113365173, 32.2757377625, 32.7401351929, 33.204536438, 33.6805419922, 34.1565513611, 34.6209526062, 35.0853500366, 35.5497512817, 36.0141487122, 36.5017662048, 36.96616745, 37.4305648804, 37.8949661255, 38.3593635559, 38.8353729248, 39.3113822937, 39.7757797241, 40.2401809692, 40.7045783997, 41.1805877686, 41.6565971375, 42.1209983826, 42.585395813, 43.0497932434, 43.5141944885, 44.0018119812, 44.4662132263, 44.9306106567]
},
"tonal": {
    "chords_changes_rate": 0.194444447756,
    "chords_number_rate": 0.0144032919779,
    "chords_strength": {
        "mean": 0.420001745224,
        "var": 0.0060170982033
    },
    "hpcp_entropy": {
        "mean": 2.58251333237,
        "var": 1.09317314625
    },
    "key_strength": 0.548919737339,
    "tuning_diatonic_strength": 0.483306348324,
    "tuning_equal_tempered_deviation": 0.22939145565,
    "tuning_frequency": 434.193115234,
    "tuning_nontempered_energy_ratio": 0.853934049606,
    "hpcp": {
        "mean": [0.0895371362567, 0.0838249102235, 0.0888467505574, 0.0854604691267, 0.07222263515, 0.0691995173693, 0.0930177345872, 0.111360736191, 0.107305832207, 0.111365400255, 0.11649595201, 0.138502761722, 0.166395992041, 0.133574187756, 0.0878587216139, 0.0778871327639, 0.0767022147775, 0.0842555463314, 0.0871051773429, 0.0907277315855, 0.105580076575, 0.131064355373, 0.156337708235, 0.222210228443, 0.26100692153, 0.15847094357, 0.094399727881, 0.133159637451, 0.111397318542, 0.063852250576, 0.0719780474901, 0.0989736840129, 0.114947833121, 0.119598925114, 0.114366717637, 0.102014087141],
        "var": [0.0418652296066, 0.0372327752411, 0.0377080664039, 0.0329254157841, 0.0253448765725, 0.0225360710174, 0.0413967967033, 0.0554902069271, 0.0453832931817, 0.0484038442373, 0.0504232794046, 0.0538759119809, 0.0861010998487, 0.0569137483835, 0.0346873663366, 0.0332847870886, 0.0310322232544, 0.0360236428678, 0.0347938835621, 0.040120985359, 0.0495623089373, 0.0590718947351, 0.0758127197623, 0.0862668007612, 0.144233345985, 0.0609555058181, 0.037230476737, 0.0755270346999, 0.0564244501293, 0.0220564845949, 0.0296216141433, 0.0497430972755, 0.0567348301411, 0.0587021894753, 0.0589813217521, 0.0501180402935]
    },
    "chords_histogram": [16.4609050751, 6.27572011948, 0.205761313438, 0, 0.205761313438, 0, 4.21810722351, 1.33744859695, 1.44032919407, 3.70370364189, 0, 1.74897122383, 0, 16.872428894, 7.09876537323, 13.1687240601, 0, 21.707818985, 2.57201647758, 0, 0, 0, 1.02880656719, 1.95473253727],
    "thpcp": [1, 0.607152283192, 0.361675202847, 0.51017665863, 0.426798343658, 0.24463814497, 0.275770634413, 0.37919947505, 0.440401464701, 0.458221286535, 0.438175052404, 0.390848219395, 0.343045055866, 0.321159720421, 0.340399980545, 0.327426075935, 0.276707738638, 0.265125215054, 0.356380343437, 0.426658183336, 0.411122560501, 0.426676034927, 0.446332812309, 0.530647873878, 0.637515604496, 0.5117649436, 0.336614519358, 0.298410207033, 0.293870419264, 0.322809636593, 0.333727449179, 0.347606599331, 0.404510647058, 0.502148985863, 0.598979175091, 0.851357579231],
    "chords_key": "G#",
    "chords_scale": "major",
    "key_key": "A",
    "key_scale": "minor"
}
}