{
"lowlevel": {
    "average_loudness": 0.923569202423,
    "barkbands_crest": {
        "mean": 11.071062088,
        "var": 18.8732776642
    },
    "barkbands_flatness_db": {
        "mean": 0.369548112154,
        "var": 0.00264725578018
    },
    "barkbands_kurtosis": {
        "mean": 2.33112812042,
        "var": 30.6326236725
    },
    "barkbands_skewness": {
        "mean": 0.888506650925,
        "var": 0.720140337944
    },
    "barkbands_spread": {
        "mean": 7.02084493637,
        "var": 13.7685222626
    },
    "dissonance": {
        "mean": 0.370402008295,
        "var": 0.00468489527702
    },
    "dynamic_complexity": 2.14658856392,
    "erbbands_crest": {
        "mean": 13.621307373,
        "var": 26.3088417053
    },
    "erbbands_flatness_db": {
        "mean": 0.368673533201,
        "var": 0.00198819907382
    },
    "erbbands_kurtosis": {
        "mean": 1.25244605541,
        "var": 10.1745328903
    },
    "erbbands_skewness": {
        "mean": 0.550172030926,
        "var": 0.713625609875
    },
    "erbbands_spread": {
        "mean": 12.9592647552,
        "var": 36.4987297058
    },
    "hfc": {
        "mean": 12.1969957352,
        "var": 69.6781463623
    },
    "melbands_crest": {
        "mean": 13.8932352066,
        "var": 24.798822403
    },
    "melbands_flatness_db": {
        "mean": 0.48965331912,
        "var": 0.00374437868595
    },
    "melbands_kurtosis": {
        "mean": 3.91103196144,
        "var": 27.4187145233
    },
    "melbands_skewness": {
        "mean": 1.3427888155,
        "var": 0.7775785923
    },
    "melbands_spread": {
        "mean": 8.97137928009,
        "var": 56.1606445313
    },
    "pitch_salience": {
        "mean": 0.521948218346,
        "var": 0.0119363758713
    },
    "silence_rate_20dB": {
        "mean": 1,
        "var": 0
    },
    "silence_rate_30dB": {
        "mean": 0.996395468712,
        "var": 0.00359148019925
    },
    "silence_rate_60dB": {
        "mean": 0.0159629248083,
        "var": 0.0157080478966
    },
    "spectral_centroid": {
        "mean": 476.525177002,
        "var": 146129.3125
    },
    "spectral_complexity": {
        "mean": 11.552523613,
        "var": 13.7765655518
    },
    "spectral_decrease": {
        "mean": -9.46268130519e-009,
        "var": 3.00408109503e-017
    },
    "spectral_energy": {
        "mean": 0.0368206761777,
        "var": 0.000454845983768
    },
    "spectral_energyband_high": {
        "mean": 5.31078114818e-007,
        "var": 1.24337224544e-011
    },
    "spectral_energyband_low": {
        "mean": 0.0132720265538,
        "var": 0.000144549907418
    },
    "spectral_energyband_middle_high": {
        "mean": 0.00242375815287,
        "var": 9.34366653382e-006
    },
    "spectral_energyband_middle_low": {
        "mean": 0.0222031567246,
        "var": 0.000227997516049
    },
    "spectral_entropy": {
        "mean": 5.75741767883,
        "var": 0.235411077738
    },
    "spectral_flux": {
        "mean": 0.0588953197002,
        "var": 0.000963131722528
    },
    "spectral_kurtosis": {
        "mean": 102.099960327,
        "var": 3026.76342773
    },
    "spectral_rms": {
        "mean": 0.00570295471698,
        "var": 3.39893199452e-006
    },
    "spectral_rolloff": {
        "mean": 600.925476074,
        "var": 737316.5
    },
    "spectral_skewness": {
        "mean": 6.79840993881,
        "var": 6.89888572693
    },
    "spectral_spread": {
        "mean": 938009.25,
        "var": 1.83931581235e+012
    },
    "spectral_strongpeak": {
        "mean": 1.12452924252,
        "var": 0.881208658218
    },
    "zerocrossingrate": {
        "mean": 0.020804753527,
        "var": 0.000499758694787
    },
    "barkbands": {
        "mean": [0.000330027018208, 0.00944157503545, 0.00243206229061, 0.00246509024873, 0.00520669063553, 0.00598366279155, 0.00373073271476, 0.00331725529395, 0.00145721144509, 0.000577384780627, 0.000302815751638, 0.000653524941299, 0.000436269852798, 0.000278027437162, 9.4585448096e-005, 8.77944403328e-005, 1.46776164911e-005, 6.1127598201e-006, 4.13626185036e-006, 6.51728157663e-007, 2.7996847507e-007, 6.85020538072e-008, 2.18381881467e-008, 7.88390419615e-009, 3.77328879253e-009, 2.24915064351e-009, 1.34520783401e-009],
        "var": [1.40533529702e-007, 0.000105772611278, 7.66262473917e-006, 7.25568861526e-006, 1.94578969968e-005, 6.31695147604e-005, 3.39714388247e-005, 3.62111277354e-005, 6.87695364832e-006, 2.3422612685e-006, 6.35379251435e-007, 9.125810152e-007, 1.62075787102e-006, 3.33063752578e-007, 9.96095295136e-008, 2.86829902052e-007, 2.90447665918e-009, 3.06486724888e-010, 2.26534943581e-010, 7.75164914896e-012, 3.26179296246e-012, 3.21309737714e-013, 3.32418723895e-014, 3.05621959929e-015, 3.08168056266e-016, 8.33807652749e-017, 2.14187500837e-017]
    },
    "erbbands": {
        "mean": [0.162732958794, 2.4107530117, 3.69734287262, 5.94921255112, 11.5793352127, 14.9711837769, 39.7054405212, 52.0159950256, 64.5603103638, 44.0226097107, 66.5418548584, 26.6875801086, 28.2852325439, 20.653963089, 19.8496055603, 18.8717632294, 18.5484352112, 15.5047922134, 9.19027996063, 4.10138082504, 5.69153928757, 1.05297541618, 0.495344132185, 0.19782397151, 0.184847936034, 0.0375999696553, 0.0164032671601, 0.00506484648213, 0.00268111168407, 0.0013803744223, 0.00051931507187, 0.000236733496422, 0.000129572028527, 7.34067434678e-005, 4.29738174716e-005, 2.97024780593e-005, 1.3506913092e-005, 2.52587096838e-006, 1.72791733348e-005, 4.08358901041e-005],
        "var": [0.0189445856959, 7.92216157913, 16.7187385559, 50.3111076355, 100.014587402, 200.696762085, 3365.59228516, 6593.63183594, 9243.33496094, 4059.36816406, 13849.90625, 1380.44763184, 3148.79370117, 3011.04272461, 678.371643066, 636.981994629, 2414.78637695, 1613.4765625, 395.937530518, 289.218109131, 1323.54016113, 11.3790464401, 1.84391391277, 0.318616241217, 0.527240633965, 0.0243317000568, 0.0112511152402, 0.00106400402728, 0.000435519817984, 0.000124372905702, 1.90492555703e-005, 2.41985208049e-006, 6.74674822676e-007, 6.99557389794e-008, 1.16206164691e-008, 3.69334274275e-009, 2.38000896768e-010, 1.98579312716e-011, 1.00035355e-010, 5.59997548333e-010]
    },
    "gfcc": {
        "mean": [-159.30039978, 268.409698486, -113.601287842, -37.4815826416, -3.60852813721, -24.22215271, -13.5965394974, -11.5720567703, -7.94576072693, -2.77948904037, 2.05718874931, -10.1541604996, 0.810048758984],
        "cov": [[4612.9921875, 581.006652832, -360.541290283, 559.230224609, 212.616989136, 115.708175659, -19.277797699, -26.8663768768, 54.3896636963, -110.909843445, -105.255111694, -177.924362183, -151.008255005], [581.006652832, 465.410614014, 204.452651978, -44.3783378601, 99.0448303223, -36.1870002747, 4.68234205246, -10.7202281952, -25.0517940521, -24.961938858, -26.9932365417, -12.8924150467, 38.3718681335], [-360.541290283, 204.452651978, 686.452087402, -12.1812887192, -12.2510986328, 26.7252388, -45.7325782776, 28.4241867065, -15.6049642563, -12.1258993149, 11.718580246, 24.19962883, 80.6812744141], [559.230224609, -44.3783378601, -12.1812887192, 378.562835693, 147.377761841, 97.1843490601, 26.0349063873, -19.4175891876, 17.5983257294, -30.3846435547, -45.9560623169, -72.7497177124, -75.7780914307], [212.616989136, 99.0448303223, -12.2510986328, 147.377761841, 187.26109314, 52.7757949829, 33.3909187317, -17.9964809418, -2.99026608467, -10.6909332275, -29.9056224823, -41.9712944031, -35.0556945801], [115.708175659, -36.1870002747, 26.7252388, 97.1843490601, 52.7757949829, 122.913986206, 35.4147872925, -2.76998353004, -0.737183451653, -8.87212371826, -4.49076461792, -21.7229576111, -25.4299049377], [-19.277797699, 4.68234205246, -45.7325782776, 26.0349063873, 33.3909187317, 35.4147872925, 83.0450210571, 22.4332447052, -5.04430198669, -6.8605556488, -19.5148067474, -20.897644043, -16.6334648132], [-26.8663768768, -10.7202281952, 28.4241867065, -19.4175891876, -17.9964809418, -2.76998353004, 22.4332447052, 59.837020874, 27.6565856934, -5.02806091309, -12.8666534424, -10.9010782242, -4.04005861282], [54.3896636963, -25.0517940521, -15.6049642563, 17.5983257294, -2.99026608467, -0.737183451653, -5.04430198669, 27.6565856934, 64.7784347534, 27.6341724396, -11.4574041367, -23.5945510864, -20.2250938416], [-110.909843445, -24.961938858, -12.1258993149, -30.3846435547, -10.6909332275, -8.87212371826, -6.8605556488, -5.02806091309, 27.6341724396, 62.4061088562, 31.7886600494, -2.38048911095, -10.0328378677], [-105.255111694, -26.9932365417, 11.718580246, -45.9560623169, -29.9056224823, -4.49076461792, -19.5148067474, -12.8666534424, -11.4574041367, 31.7886600494, 71.9499740601, 42.3905258179, 9.15822315216], [-177.924362183, -12.8924150467, 24.19962883, -72.7497177124, -41.9712944031, -21.7229576111, -20.897644043, -10.9010782242, -23.5945510864, -2.38048911095, 42.3905258179, 84.7320327759, 66.7719955444], [-151.008255005, 38.3718681335, 80.6812744141, -75.7780914307, -35.0556945801, -25.4299049377, -16.6334648132, -4.04005861282, -20.2250938416, -10.0328378677, 9.15822315216, 66.7719955444, 109.568511963]],
        "icov": [[0.000918205711059, -0.00277051678859, 0.00167524279095, -0.00232164585032, 0.00223065447062, -0.00189981679432, 0.00251539493911, -0.00222527608275, 0.000421628530603, 7.48565362301e-005, -0.000702549761627, 0.000710093590897, -0.00032026853296], [-0.00277051678859, 0.0128171751276, -0.00670672021806, 0.00917730014771, -0.0106006972492, 0.00869309809059, -0.0100533589721, 0.0107382917777, -0.00437817536294, 0.0047756396234, -0.000732143642381, 0.00184471916873, -0.000959582976066], [0.00167524279095, -0.00670672021806, 0.00577242393047, -0.00534563697875, 0.00525159854442, -0.00584109034389, 0.00825569126755, -0.0090447338298, 0.00451351655647, -0.00296184257604, -0.000592694501393, 0.00160780374426, -0.00241403188556], [-0.00232164585032, 0.00917730014771, -0.00534563697875, 0.012490099296, -0.010192822665, 0.0042509525083, -0.008157026954, 0.0117772836238, -0.00766930915415, 0.00776642933488, -0.00116507755592, 0.00198380532674, 0.00126615993213], [0.00223065447062, -0.0106006972492, 0.00525159854442, -0.010192822665, 0.0176194757223, -0.00778401410207, 0.00543433520943, -0.00582153489813, 0.00443998072296, -0.00536474352702, 0.00262281415053, -0.000797725399025, 0.000906529370695], [-0.00189981679432, 0.00869309809059, -0.00584109034389, 0.0042509525083, -0.00778401410207, 0.0190220419317, -0.0143648646772, 0.0123800029978, -0.00801188685, 0.00888620410115, -0.00677648512647, 0.00347747723572, -0.000439491443103], [0.00251539493911, -0.0100533589721, 0.00825569126755, -0.008157026954, 0.00543433520943, -0.0143648646772, 0.0339221507311, -0.0283138826489, 0.0213881246746, -0.0166150573641, 0.0109938131645, -0.00254748039879, 0.000837517261971], [-0.00222527608275, 0.0107382917777, -0.0090447338298, 0.0117772836238, -0.00582153489813, 0.0123800029978, -0.0283138826489, 0.0532181188464, -0.0369245670736, 0.0297359600663, -0.0138076264411, 0.00835897494107, -0.00138042250182], [0.000421628530603, -0.00437817536294, 0.00451351655647, -0.00766930915415, 0.00443998072296, -0.00801188685, 0.0213881246746, -0.0369245670736, 0.054722096771, -0.0423173904419, 0.026866812259, -0.0106219276786, 0.00538680003956], [7.48565362301e-005, 0.0047756396234, -0.00296184257604, 0.00776642933488, -0.00536474352702, 0.00888620410115, -0.0166150573641, 0.0297359600663, -0.0423173904419, 0.0616004690528, -0.0417126864195, 0.0262833181769, -0.00979841221124], [-0.000702549761627, -0.000732143642381, -0.000592694501393, -0.00116507755592, 0.00262281415053, -0.00677648512647, 0.0109938131645, -0.0138076264411, 0.026866812259, -0.0417126864195, 0.0566618181765, -0.0396497808397, 0.0199117083102], [0.000710093590897, 0.00184471916873, 0.00160780374426, 0.00198380532674, -0.000797725399025, 0.00347747723572, -0.00254748039879, 0.00835897494107, -0.0106219276786, 0.0262833181769, -0.0396497808397, 0.0570101514459, -0.0299883112311], [-0.00032026853296, -0.000959582976066, -0.00241403188556, 0.00126615993213, 0.000906529370695, -0.000439491443103, 0.000837517261971, -0.00138042250182, 0.00538680003956, -0.00979841221124, 0.0199117083102, -0.0299883112311, 0.0286468714476]]
    },
    "melbands": {
        "mean": [0.00213508494198, 0.00257898098789, 0.00119781924877, 0.000916633638553, 0.00124235043768, 0.00116107834037, 0.000920660619158, 0.000572498247493, 0.000464667769847, 0.000178341506398, 0.000144509336678, 8.70431977091e-005, 5.76864877075e-005, 8.57595150592e-005, 2.94741075777e-005, 4.45982805104e-005, 2.6137498935e-005, 1.73143635038e-005, 5.66325161344e-006, 4.7912590162e-006, 6.49653657092e-006, 7.41713904517e-007, 7.09586913672e-007, 3.06273022943e-007, 1.291462155e-007, 1.83175515645e-007, 5.86959458815e-008, 1.59852326931e-008, 1.2127757465e-008, 4.15711021162e-009, 2.30359065156e-009, 1.60723390152e-009, 1.11023645832e-009, 6.26571183826e-010, 3.12106396283e-010, 1.7969464805e-010, 1.05273095796e-010, 8.2670120749e-011, 4.88209125904e-011, 4.313132837e-011],
        "var": [4.07511515732e-006, 8.68247934704e-006, 1.37797394473e-006, 5.37135292689e-007, 2.868720685e-006, 2.9128548249e-006, 1.80269489647e-006, 7.62403828958e-007, 6.42792372219e-007, 9.74092841943e-008, 8.3814370555e-008, 5.82042680719e-008, 9.85207115889e-009, 1.72117555763e-008, 3.96600619013e-009, 2.02590424436e-008, 4.1575884957e-009, 1.49120249482e-009, 3.07211506234e-010, 4.22511664544e-010, 1.87934623419e-009, 4.07711364669e-012, 1.07460741694e-011, 1.48724446387e-012, 1.64086097682e-013, 4.77070694147e-013, 4.96856753603e-014, 7.30555922018e-015, 5.59173670569e-015, 1.63175931558e-015, 1.58082328046e-016, 1.67468816296e-016, 9.3941658088e-017, 2.4273773894e-017, 8.93641431485e-018, 1.96621451989e-018, 4.52541000551e-019, 4.3035611992e-019, 8.62754742642e-020, 4.58908817852e-020]
    },
    "mfcc": {
        "mean": [-786.426696777, 276.011871338, 0.151471480727, -9.94000244141, 19.0365219116, -1.43464994431, 0.644448757172, -1.49174070358, -6.90759563446, 2.62850236893, 3.78320240974, 0.345622390509, 1.7969673872],
        "cov": [[2076.63891602, 727.764404297, -661.11138916, 400.084594727, 259.047424316, 9.84218788147, 160.498733521, 26.2722358704, 21.6914901733, 155.118255615, 80.5499267578, 31.9737186432, 5.95723152161], [727.764404297, 618.852783203, 74.5569610596, 110.981338501, 128.275863647, -5.66404390335, 24.8853645325, 24.3895702362, 26.5261592865, 42.9387512207, 2.27808618546, -18.0510578156, -35.9337882996], [-661.11138916, 74.5569610596, 632.233764648, -48.2017707825, -65.2588577271, 30.5611953735, -82.6555557251, 6.89469003677, 30.9671516418, -54.8932723999, -41.482509613, -35.549533844, -50.9346199036], [400.084594727, 110.981338501, -48.2017707825, 255.673538208, 133.01991272, 45.5601501465, 67.8675537109, 11.354557991, 23.8933010101, 60.6041107178, 30.7331867218, 8.34845066071, -12.7294368744], [259.047424316, 128.275863647, -65.2588577271, 133.01991272, 168.553085327, 57.8065109253, 52.3275108337, 10.99629879, 7.93512201309, 36.5369338989, 12.6413793564, 1.05435025692, -4.02731370926], [9.84218788147, -5.66404390335, 30.5611953735, 45.5601501465, 57.8065109253, 106.011329651, 54.5737037659, 1.81422424316, 5.5970916748, 7.39263916016, 5.41643667221, 4.13659286499, -2.64141368866], [160.498733521, 24.8853645325, -82.6555557251, 67.8675537109, 52.3275108337, 54.5737037659, 117.556015015, 39.1694259644, -5.69049263, 27.940202713, 22.2371883392, 4.40253305435, -11.2189798355], [26.2722358704, 24.3895702362, 6.89469003677, 11.354557991, 10.99629879, 1.81422424316, 39.1694259644, 63.7742233276, 24.8024692535, -2.85882139206, -2.16621947289, -11.2498846054, -22.0694332123], [21.6914901733, 26.5261592865, 30.9671516418, 23.8933010101, 7.93512201309, 5.5970916748, -5.69049263, 24.8024692535, 72.8562698364, 39.601688385, -6.46886920929, -9.73524093628, -14.1359081268], [155.118255615, 42.9387512207, -54.8932723999, 60.6041107178, 36.5369338989, 7.39263916016, 27.940202713, -2.85882139206, 39.601688385, 101.210517883, 51.6625900269, -0.609048306942, -7.6483798027], [80.5499267578, 2.27808618546, -41.482509613, 30.7331867218, 12.6413793564, 5.41643667221, 22.2371883392, -2.16621947289, -6.46886920929, 51.6625900269, 79.6921539307, 36.2489051819, -4.45351743698], [31.9737186432, -18.0510578156, -35.549533844, 8.34845066071, 1.05435025692, 4.13659286499, 4.40253305435, -11.2498846054, -9.73524093628, -0.609048306942, 36.2489051819, 73.2899932861, 40.5913314819], [5.95723152161, -35.9337882996, -50.9346199036, -12.7294368744, -4.02731370926, -2.64141368866, -11.2189798355, -22.0694332123, -14.1359081268, -7.6483798027, -4.45351743698, 40.5913314819, 80.9091262817]],
        "icov": [[0.06355573982, -0.0890748873353, 0.0908901765943, -0.0935555174947, 0.0963390469551, -0.0974427908659, 0.0959794446826, -0.0913271903992, 0.0808240696788, -0.0674696564674, 0.050562966615, -0.0342857167125, 0.0159977022558], [-0.0890748873353, 0.127173647285, -0.128136530519, 0.131304427981, -0.137557566166, 0.138785228133, -0.13551466167, 0.128299295902, -0.113314568996, 0.0936725884676, -0.0699074268341, 0.0473244488239, -0.0216116830707], [0.0908901765943, -0.128136530519, 0.132774218917, -0.134726285934, 0.140585407615, -0.144122138619, 0.142787277699, -0.134949311614, 0.118625864387, -0.0987852960825, 0.0749221667647, -0.0505855232477, 0.024959307164], [-0.0935555174947, 0.131304427981, -0.134726285934, 0.146183475852, -0.149081677198, 0.148454919457, -0.149624168873, 0.142917305231, -0.128040358424, 0.105056993663, -0.0805034711957, 0.0530627816916, -0.0244404934347], [0.0963390469551, -0.137557566166, 0.140585407615, -0.149081677198, 0.164861440659, -0.163391306996, 0.160738289356, -0.157266587019, 0.143455281854, -0.122468955815, 0.0940012708306, -0.0621890947223, 0.0289845727384], [-0.0974427908659, 0.138785228133, -0.144122138619, 0.148454919457, -0.163391306996, 0.185345456004, -0.184759989381, 0.181099176407, -0.167318657041, 0.145207539201, -0.111759513617, 0.0749161019921, -0.036105606705], [0.0959794446826, -0.13551466167, 0.142787277699, -0.149624168873, 0.160738289356, -0.184759989381, 0.208246022463, -0.205855205655, 0.193132728338, -0.170658603311, 0.132177561522, -0.0904853194952, 0.0440715812147], [-0.0913271903992, 0.128299295902, -0.134949311614, 0.142917305231, -0.157266587019, 0.181099176407, -0.205855205655, 0.230126142502, -0.21201877296, 0.190220072865, -0.149648696184, 0.101653575897, -0.0447496287525], [0.0808240696788, -0.113314568996, 0.118625864387, -0.128040358424, 0.143455281854, -0.167318657041, 0.193132728338, -0.21201877296, 0.2292958498, -0.205574080348, 0.167880520225, -0.112724535167, 0.0553048364818], [-0.0674696564674, 0.0936725884676, -0.0987852960825, 0.105056993663, -0.122468955815, 0.145207539201, -0.170658603311, 0.190220072865, -0.205574080348, 0.207187265158, -0.170684829354, 0.115403421223, -0.0558456368744], [0.050562966615, -0.0699074268341, 0.0749221667647, -0.0805034711957, 0.0940012708306, -0.111759513617, 0.132177561522, -0.149648696184, 0.167880520225, -0.170684829354, 0.162717953324, -0.110161051154, 0.0556878037751], [-0.0342857167125, 0.0473244488239, -0.0505855232477, 0.0530627816916, -0.0621890947223, 0.0749161019921, -0.0904853194952, 0.101653575897, -0.112724535167, 0.115403421223, -0.110161051154, 0.0941694453359, -0.0475158877671], [0.0159977022558, -0.0216116830707, 0.024959307164, -0.0244404934347, 0.0289845727384, -0.036105606705, 0.0440715812147, -0.0447496287525, 0.0553048364818, -0.0558456368744, 0.0556878037751, -0.0475158877671, 0.0389063879848]]
    },
    "spectral_contrast_coeffs": {
        "mean": [-0.646229743958, -0.625841975212, -0.680340707302, -0.700374484062, -0.734868884087, -0.836395919323],
        "var": [0.00453906692564, 0.00870960392058, 0.00471978867427, 0.00245860707946, 0.00115891906898, 0.00375175871886]
    },
    "spectral_contrast_valleys": {
        "mean": [-6.85666561127, -6.72964477539, -7.90598535538, -9.13791751862, -10.8042402267, -14.2015037537],
        "var": [1.44342148304, 1.48886847496, 1.15634083748, 1.60117280483, 1.18046140671, 1.10195791721]
    }
},
"metadata": {
    "audio_properties": {
        "analysis_sample_rate": 44100,
        "bit_rate": 84083,
        "equal_loudness": 0,
        "length": 45.0612258911,
        "lossless": 0,
        "replay_gain": -6.82040596008,
        "sample_rate": 44100,
        "codec": "mp3",
        "downmix": "mix",
        "md5_encoded": "3f88e4bb870fa0fa5df91ffe753ac424"
    },
    "tags": {
        "file_name": "485.mp3"
    },
    "version": {
        "essentia": "2.1-beta2",
        "essentia_git_sha": "v2.1_beta2",
        "extractor": "music 1.0"
    }
},
"rhythm": {
    "beats_count": 83,
    "beats_loudness": {
        "mean": 0.0410797223449,
        "var": 0.000497060071211
    },
    "bpm": 111.629730225,
    "bpm_histogram_first_peak_bpm": {
        "mean": 112,
        "var": 0
    },
    "bpm_histogram_first_peak_spread": {
        "mean": 0.37804877758,
        "var": 0
    },
    "bpm_histogram_first_peak_weight": {
        "mean": 0.62195122242,
        "var": 0
    },
    "bpm_histogram_second_peak_bpm": {
        "mean": 0,
        "var": 0
    },
    "bpm_histogram_second_peak_spread": {
        "mean": 0,
        "var": 0
    },
    "bpm_histogram_second_peak_weight": {
        "mean": 0,
        "var": 0
    },
    "danceability": 0.93536823988,
    "onset_rate": 2.24038481712,
    "beats_loudness_band_ratio": {
        "mean": [0.388816744089, 0.310202926397, 0.280853807926, 0.0629736855626, 0.00916765443981, 0.000120808603242],
        "var": [0.0514259561896, 0.0421693958342, 0.0456910021603, 0.00358006893657, 0.000195320229977, 5.6006339122e-008]
    },
    "beats_position": [0.522448956966, 1.04489791393, 1.57895684242, 2.11301589012, 2.6470746994, 3.1811337471, 3.7151927948, 4.2492518425, 4.79492044449, 5.34058952332, 5.87464857101, 6.40870714188, 6.94276618958, 7.47682523727, 8.01088428497, 8.54494285583, 9.07900238037, 9.61306095123, 10.1471195221, 10.6811790466, 11.2152376175, 11.749297142, 12.2833557129, 12.8174142838, 13.3514738083, 13.8855323792, 14.4195919037, 14.9536504745, 15.4993190765, 16.0449886322, 16.5790481567, 17.1131057739, 17.6471652985, 18.181224823, 18.7152824402, 19.2609519958, 19.7950115204, 20.3290691376, 20.8631286621, 21.4087982178, 21.942855835, 22.4769153595, 22.9993648529, 23.5218143463, 24.0674819946, 24.6131515503, 25.1472110748, 25.6928787231, 26.2385482788, 26.7726078033, 27.3182754517, 27.8523349762, 28.3980045319, 28.9436721802, 29.4893417358, 30.0466213226, 30.6038990021, 31.1495685577, 31.7068481445, 32.264125824, 32.8097953796, 33.3554649353, 33.901134491, 34.4351921082, 34.9692497253, 35.5033111572, 36.0373687744, 36.5598182678, 37.093875885, 37.6279373169, 38.1619949341, 38.6960525513, 39.2185020447, 39.7525634766, 40.2866210938, 40.8206787109, 41.3547401428, 41.9004058838, 42.4460754395, 42.9917449951, 43.5374145508, 44.071472168, 44.6055335999]
},
"tonal": {
    "chords_changes_rate": 0.0195473246276,
    "chords_number_rate": 0.00617283955216,
    "chords_strength": {
        "mean": 0.537268042564,
        "var": 0.00923837628216
    },
    "hpcp_entropy": {
        "mean": 1.44571459293,
        "var": 0.358718693256
    },
    "key_strength": 0.699912667274,
    "tuning_diatonic_strength": 0.454577565193,
    "tuning_equal_tempered_deviation": 0.0311291534454,
    "tuning_frequency": 439.491973877,
    "tuning_nontempered_energy_ratio": 0.602919220924,
    "hpcp": {
        "mean": [0.147098600864, 0.082396954298, 0.00648011872545, 0.00387638318352, 0.0083950124681, 0.0709276348352, 0.194231301546, 0.161347642541, 0.0403101444244, 0.0131075037643, 0.0218970645219, 0.185415521264, 0.352191627026, 0.206748902798, 0.101326927543, 0.159976631403, 0.0852754563093, 0.00882608536631, 0.0136163542047, 0.0194103829563, 0.158040165901, 0.370760440826, 0.25221568346, 0.0438965298235, 0.0204156208783, 0.013780830428, 0.153553321958, 0.312708675861, 0.186352029443, 0.0195411611348, 0.00196018558927, 0.00513138528913, 0.109311245382, 0.225053325295, 0.136058926582, 0.0858240351081],
        "var": [0.0825288966298, 0.0287520214915, 0.00045025619329, 0.00014109890617, 0.000751601241063, 0.0141768138856, 0.103644043207, 0.0765785351396, 0.00919360481203, 0.00350308674388, 0.00411536637694, 0.0423381067812, 0.121175847948, 0.048613011837, 0.0294916331768, 0.113154739141, 0.0305958669633, 0.000756476831157, 0.00176574569196, 0.00254710996523, 0.0342210605741, 0.182867959142, 0.0985952168703, 0.00453993631527, 0.00227623223327, 0.00123283069115, 0.0350139774382, 0.137288063765, 0.0627898573875, 0.00271570077166, 0.000157795206178, 0.000195649641682, 0.0258011482656, 0.109895855188, 0.041523553431, 0.02131966874]
    },
    "chords_histogram": [8.95061683655, 37.860080719, 6.89300394058, 0, 0, 0, 1.02880656719, 0, 0, 0, 0, 0, 0, 0, 0, 0, 0, 0, 0, 0, 0, 20.9876537323, 0.617283940315, 23.6625518799],
    "thpcp": [1, 0.680265903473, 0.118395939469, 0.0550641827285, 0.0371690951288, 0.414157778025, 0.843425154686, 0.502621114254, 0.0527056269348, 0.0052869329229, 0.0138401640579, 0.294829845428, 0.607004702091, 0.366972595453, 0.231481105089, 0.396748363972, 0.222237721086, 0.0174779128283, 0.0104552228004, 0.0226426869631, 0.191303133965, 0.523872792721, 0.435180306435, 0.108722880483, 0.0353530272841, 0.0590598732233, 0.500095188618, 0.949916958809, 0.55763477087, 0.273294866085, 0.431482464075, 0.230001494288, 0.0238053593785, 0.0367254763842, 0.0523528978229, 0.42625951767],
    "chords_key": "C#",
    "chords_scale": "minor",
    "key_key": "A",
    "key_scale": "major"
}
}