{
"lowlevel": {
    "average_loudness": 0.959094047546,
    "barkbands_crest": {
        "mean": 14.6253271103,
        "var": 21.7324333191
    },
    "barkbands_flatness_db": {
        "mean": 0.193806692958,
        "var": 0.00243950379081
    },
    "barkbands_kurtosis": {
        "mean": 16.0014152527,
        "var": 313.564453125
    },
    "barkbands_skewness": {
        "mean": 2.94850325584,
        "var": 2.41693377495
    },
    "barkbands_spread": {
        "mean": 9.40869808197,
        "var": 34.6201095581
    },
    "dissonance": {
        "mean": 0.45019236207,
        "var": 0.000932070659474
    },
    "dynamic_complexity": 1.76517379284,
    "erbbands_crest": {
        "mean": 8.54178237915,
        "var": 13.7133140564
    },
    "erbbands_flatness_db": {
        "mean": 0.131975948811,
        "var": 0.00072617031401
    },
    "erbbands_kurtosis": {
        "mean": 1.68864524364,
        "var": 4.79347515106
    },
    "erbbands_skewness": {
        "mean": 0.897002398968,
        "var": 0.249838024378
    },
    "erbbands_spread": {
        "mean": 30.288143158,
        "var": 104.46975708
    },
    "hfc": {
        "mean": 15.2233543396,
        "var": 122.974975586
    },
    "melbands_crest": {
        "mean": 19.6042709351,
        "var": 75.2867050171
    },
    "melbands_flatness_db": {
        "mean": 0.268799364567,
        "var": 0.00508443173021
    },
    "melbands_kurtosis": {
        "mean": 23.0778656006,
        "var": 876.131286621
    },
    "melbands_skewness": {
        "mean": 3.26663136482,
        "var": 3.81051778793
    },
    "melbands_spread": {
        "mean": 10.5598316193,
        "var": 75.8176193237
    },
    "pitch_salience": {
        "mean": 0.421214848757,
        "var": 0.0231903325766
    },
    "silence_rate_20dB": {
        "mean": 1,
        "var": 0
    },
    "silence_rate_30dB": {
        "mean": 0.670612454414,
        "var": 0.220887109637
    },
    "silence_rate_60dB": {
        "mean": 0.00205867225304,
        "var": 0.00205448735505
    },
    "spectral_centroid": {
        "mean": 718.989135742,
        "var": 246131.234375
    },
    "spectral_complexity": {
        "mean": 17.057641983,
        "var": 41.9141159058
    },
    "spectral_decrease": {
        "mean": -2.5117730118e-008,
        "var": 2.888279118e-016
    },
    "spectral_energy": {
        "mean": 0.0961809530854,
        "var": 0.00417590932921
    },
    "spectral_energyband_high": {
        "mean": 0.000316034682328,
        "var": 4.52868533785e-007
    },
    "spectral_energyband_low": {
        "mean": 0.0538605898619,
        "var": 0.00370079814456
    },
    "spectral_energyband_middle_high": {
        "mean": 0.0030088534113,
        "var": 8.19020897325e-006
    },
    "spectral_energyband_middle_low": {
        "mean": 0.0177845750004,
        "var": 0.000374750612536
    },
    "spectral_entropy": {
        "mean": 7.30494022369,
        "var": 0.130630105734
    },
    "spectral_flux": {
        "mean": 0.110765904188,
        "var": 0.00849008653313
    },
    "spectral_kurtosis": {
        "mean": 6.55320310593,
        "var": 4.77290916443
    },
    "spectral_rms": {
        "mean": 0.00913446303457,
        "var": 1.03968450276e-005
    },
    "spectral_rolloff": {
        "mean": 352.664703369,
        "var": 623663.5
    },
    "spectral_skewness": {
        "mean": 2.13324022293,
        "var": 0.117661587894
    },
    "spectral_spread": {
        "mean": 4500921,
        "var": 2.52656248422e+012
    },
    "spectral_strongpeak": {
        "mean": 0.245590522885,
        "var": 0.186604514718
    },
    "zerocrossingrate": {
        "mean": 0.02041281946,
        "var": 0.00058543717023
    },
    "barkbands": {
        "mean": [0.0371948964894, 0.0320978946984, 0.00600822595879, 0.00225061830133, 0.00766986096278, 0.00230198656209, 0.00201469496824, 0.00112355116289, 0.00193833920639, 0.00115374929737, 0.000437518610852, 0.000307852373226, 0.000527644588146, 0.000193800995476, 0.000210312995478, 0.000118772637506, 0.000119138807349, 7.80371847213e-005, 8.08306795079e-005, 6.17626283201e-005, 6.49273570161e-005, 5.07373260916e-005, 4.76553541375e-005, 4.3642030505e-005, 4.14477435697e-005, 3.82080361305e-005, 4.9364757615e-006],
        "var": [0.00118780788034, 0.00241153221577, 8.8865388534e-005, 2.84841080429e-005, 0.000205685253604, 2.73816003755e-005, 3.56987334271e-006, 1.86048862361e-006, 7.5840680438e-006, 3.77844503419e-006, 3.22735075997e-007, 1.85226795679e-007, 3.94064443299e-007, 4.93504472843e-008, 1.73338179366e-007, 3.27608553619e-008, 2.34350849837e-008, 1.29855850517e-008, 1.55682258196e-008, 1.39205340588e-008, 1.27520696225e-008, 1.1466809724e-008, 1.24239534216e-008, 1.01627444238e-008, 9.20138365501e-009, 1.07430597751e-008, 2.94256674582e-010]
    },
    "erbbands": {
        "mean": [1.91843509674, 3.52838897705, 5.93870639801, 8.69593238831, 13.4705667496, 30.4535923004, 20.291185379, 19.8490524292, 31.9022960663, 25.6131362915, 24.1410369873, 50.6296310425, 35.0231552124, 26.0248336792, 18.2210426331, 13.8162183762, 25.8196220398, 11.0873279572, 10.090842247, 9.63505840302, 6.7776556015, 5.81649494171, 4.81744194031, 4.64837408066, 3.76844763756, 3.03674459457, 2.67860865593, 2.21796703339, 1.83956241608, 1.59435200691, 1.32480537891, 0.993590414524, 0.703491151333, 0.487724512815, 0.282787650824, 0.162508442998, 0.0682998746634, 0.016479594633, 0.000574190635234, 0.000116750736197],
        "var": [8.92646408081, 33.9970169067, 100.471572876, 206.246063232, 968.032409668, 3395.98852539, 1077.44836426, 2147.52905273, 950.989135742, 529.238891602, 1032.14538574, 5292.82177734, 3460.72900391, 1118.95446777, 332.055847168, 322.83706665, 910.968811035, 158.724731445, 264.271697998, 321.903747559, 93.0563354492, 73.0740737915, 39.9980201721, 48.91664505, 40.8548164368, 28.6003646851, 17.8274669647, 18.7282295227, 14.0949630737, 12.2370662689, 10.3144950867, 4.9590511322, 2.98698711395, 1.34981548786, 0.433692365885, 0.177256852388, 0.0373318754137, 0.00243082758971, 2.93659650197e-006, 7.38352312624e-009]
    },
    "gfcc": {
        "mean": [18.9062023163, 108.630493164, -82.3966445923, 18.1380958557, -51.7269897461, 15.6728868484, -29.7278842926, 12.6033639908, -20.9272289276, 8.73012161255, -14.182352066, 5.68185520172, -9.70764064789],
        "cov": [[3555.04663086, -11.8371620178, -274.790893555, 52.2553062439, -145.933563232, 58.3388404846, -108.160675049, 35.0779266357, -60.8374214172, 24.4072341919, -52.8630256653, 25.0101795197, -35.0172462463], [-11.8371620178, 386.439483643, 150.812194824, 57.0269355774, 38.1455078125, -18.8515644073, 32.041885376, -15.9118289948, 6.23165369034, -28.971364975, 21.4727230072, -18.166311264, 34.5746803284], [-274.790893555, 150.812194824, 248.05406189, 114.728393555, 76.8869094849, -17.1344776154, 36.7965240479, 9.08573913574, 40.1820640564, -6.07080984116, 30.8278388977, -4.82464313507, 36.2216033936], [52.2553062439, 57.0269355774, 114.728393555, 149.792068481, 91.5954360962, 15.9005002975, 19.1451225281, 0.43165576458, 20.0835647583, 9.13658332825, 35.0575828552, 11.4145040512, 24.2367172241], [-145.933563232, 38.1455078125, 76.8869094849, 91.5954360962, 129.40927124, 48.395740509, 46.1788711548, 2.32876682281, 31.0847988129, 20.649515152, 47.6049308777, 15.8961114883, 21.9471321106], [58.3388404846, -18.8515644073, -17.1344776154, 15.9005002975, 48.395740509, 72.9871749878, 50.142414093, 22.4968719482, 18.7884998322, 20.2096748352, 21.9144248962, 13.5252313614, 5.60041475296], [-108.160675049, 32.041885376, 36.7965240479, 19.1451225281, 46.1788711548, 50.142414093, 94.1057357788, 50.6720924377, 43.157169342, 17.2846240997, 30.1303024292, 10.9203958511, 23.7188339233], [35.0779266357, -15.9118289948, 9.08573913574, 0.43165576458, 2.32876682281, 22.4968719482, 50.6720924377, 76.3126220703, 52.728805542, 21.9503116608, 11.5138587952, 8.15212726593, 14.9325094223], [-60.8374214172, 6.23165369034, 40.1820640564, 20.0835647583, 31.0847988129, 18.7884998322, 43.157169342, 52.728805542, 85.8484268188, 47.6727027893, 36.7473487854, 13.8158540726, 20.1817855835], [24.4072341919, -28.971364975, -6.07080984116, 9.13658332825, 20.649515152, 20.2096748352, 17.2846240997, 21.9503116608, 47.6727027893, 66.7306213379, 49.0205764771, 20.051492691, 0.561343252659], [-52.8630256653, 21.4727230072, 30.8278388977, 35.0575828552, 47.6049308777, 21.9144248962, 30.1303024292, 11.5138587952, 36.7473487854, 49.0205764771, 81.8133392334, 36.7643127441, 18.1398830414], [25.0101795197, -18.166311264, -4.82464313507, 11.4145040512, 15.8961114883, 13.5252313614, 10.9203958511, 8.15212726593, 13.8158540726, 20.051492691, 36.7643127441, 45.9355812073, 22.7261981964], [-35.0172462463, 34.5746803284, 36.2216033936, 24.2367172241, 21.9471321106, 5.60041475296, 23.7188339233, 14.9325094223, 20.1817855835, 0.561343252659, 18.1398830414, 22.7261981964, 52.1145553589]],
        "icov": [[0.000502473150846, -0.000502115814015, 0.00071018259041, -0.00141809764318, 0.00126938102767, -0.00145112723112, 0.00124695675913, -0.00101069489028, 0.000450545543572, -0.000649919325951, 0.000512821599841, -0.000451933476143, 3.11911317112e-005], [-0.000502115814015, 0.00469239102677, -0.00238608731888, 0.00140370381996, -0.000104811661004, 0.00168792228214, -0.00286772847176, 0.00331198866479, -0.00124449923169, 0.00361627386883, -0.00413853069767, 0.00438679242507, -0.00225541950203], [0.00071018259041, -0.00238608731888, 0.0117894560099, -0.00784751866013, -0.000263353053015, 0.00533073674887, -0.0023703891784, -6.80521816321e-006, -0.00438186572865, 0.00332773290575, -0.00122617324814, 0.00214332179166, -0.00071225973079], [-0.00141809764318, 0.00140370381996, -0.00784751866013, 0.0207623280585, -0.0138820698485, 0.00298242946155, 0.0025810317602, -0.00200726930052, 0.00332618900575, -0.000319650629535, -0.00169722398277, 0.000544008391444, -0.00209064316005], [0.00126938102767, -0.000104811661004, -0.000263353053015, -0.0138820698485, 0.0290880128741, -0.0171492304653, -0.00105529790744, 0.00912211555988, -0.00715031614527, 0.00380638916977, -0.00618489598855, 0.00228538177907, -0.00109465850983], [-0.00145112723112, 0.00168792228214, 0.00533073674887, 0.00298242946155, -0.0171492304653, 0.0419414639473, -0.0224611628801, 0.00122433213983, 0.00411402946338, -0.00592201389372, 0.00512402132154, -0.00484739243984, 0.00420075748116], [0.00124695675913, -0.00286772847176, -0.0023703891784, 0.0025810317602, -0.00105529790744, -0.0224611628801, 0.039093606174, -0.0206405203789, 0.00101903732866, 0.00532836280763, -0.00839909818023, 0.0056068492122, -0.00580622395501], [-0.00101069489028, 0.00331198866479, -6.80521816321e-006, -0.00200726930052, 0.00912211555988, 0.00122433213983, -0.0206405203789, 0.0416703522205, -0.0233844164759, 0.00503367185593, 0.00373985338956, -0.00182317721192, 3.77171636501e-005], [0.000450545543572, -0.00124449923169, -0.00438186572865, 0.00332618900575, -0.00715031614527, 0.00411402946338, 0.00101903732866, -0.0233844164759, 0.0446795448661, -0.0296300817281, 0.00517004495487, 0.00273001519963, -0.0085406769067], [-0.000649919325951, 0.00361627386883, 0.00332773290575, -0.000319650629535, 0.00380638916977, -0.00592201389372, 0.00532836280763, 0.00503367185593, -0.0296300817281, 0.0571919083595, -0.0308273043483, 0.00418619019911, 0.00992911215872], [0.000512821599841, -0.00413853069767, -0.00122617324814, -0.00169722398277, -0.00618489598855, 0.00512402132154, -0.00839909818023, 0.00373985338956, 0.00517004495487, -0.0308273043483, 0.0472741909325, -0.027215026319, 0.00327970320359], [-0.000451933476143, 0.00438679242507, 0.00214332179166, 0.000544008391444, 0.00228538177907, -0.00484739243984, 0.0056068492122, -0.00182317721192, 0.00273001519963, 0.00418619019911, -0.027215026319, 0.0537250004709, -0.022485550493], [3.11911317112e-005, -0.00225541950203, -0.00071225973079, -0.00209064316005, -0.00109465850983, 0.00420075748116, -0.00580622395501, 3.77171636501e-005, -0.0085406769067, 0.00992911215872, 0.00327970320359, -0.022485550493, 0.0366788990796]]
    },
    "melbands": {
        "mean": [0.0135239558294, 0.00345964729786, 0.00151629908942, 0.00175569322892, 0.000877535785548, 0.000443973985966, 0.000474375265185, 0.000280838197796, 0.00023997441167, 0.000287648610538, 0.000167420759681, 0.000107976404252, 5.91397692915e-005, 4.06686631322e-005, 5.35157378181e-005, 3.95228234993e-005, 1.97924709937e-005, 1.5645277017e-005, 1.48008657561e-005, 1.0144254702e-005, 7.61367209634e-006, 5.94514312979e-006, 5.59670797884e-006, 3.82920416087e-006, 3.75008130504e-006, 2.93326502288e-006, 2.50141670222e-006, 1.82014537131e-006, 1.6805879568e-006, 1.58077909873e-006, 1.16231308311e-006, 1.03346064861e-006, 9.7864858617e-007, 8.48331580983e-007, 7.38719791116e-007, 7.57518819228e-007, 5.47722663669e-007, 4.97072846883e-007, 4.63518944116e-007, 3.85332526776e-007],
        "var": [0.000356695061782, 2.87569928332e-005, 6.89916851115e-006, 1.22933797684e-005, 1.84890814126e-006, 1.02423507542e-006, 2.04700697282e-007, 7.23074720099e-008, 1.10913966012e-007, 1.59669227173e-007, 9.2563524845e-008, 2.27038263745e-008, 3.80179798753e-009, 2.35119790304e-009, 4.5370263102e-009, 2.23497620411e-009, 5.22382026524e-010, 5.76085457116e-010, 1.04838326909e-009, 2.59092858279e-010, 1.10833855982e-010, 8.40392685997e-011, 5.13745122832e-011, 2.48253639867e-011, 3.31771589368e-011, 2.75614166906e-011, 1.96252267909e-011, 1.18478057226e-011, 6.47940598744e-012, 8.44621161206e-012, 5.46025117482e-012, 4.35424309456e-012, 5.14080358144e-012, 3.37921921348e-012, 3.05823010145e-012, 3.80395758295e-012, 1.45135997404e-012, 1.54921138851e-012, 1.34436407319e-012, 8.56136396585e-013]
    },
    "mfcc": {
        "mean": [-636.198852539, 151.109695435, 22.0672626495, 17.9592094421, 4.72522830963, 7.13018751144, 4.41564702988, 5.74334907532, 3.03393745422, 4.44969320297, 3.81975126266, 3.49249863625, 1.11702609062],
        "cov": [[1414.25634766, -142.065155029, -77.3119430542, -49.9876480103, -4.71954250336, 8.47756004333, -9.55802822113, 1.51949834824, -5.90974998474, 5.64913845062, -11.9322385788, -12.3035097122, 3.89184951782], [-142.065155029, 336.77041626, 105.446540833, 55.7504959106, 8.86865997314, 0.628546893597, 12.4115076065, 5.38216257095, -0.0375698544085, -5.94155979156, -10.4624633789, -12.4282369614, -17.1607933044], [-77.3119430542, 105.446540833, 155.855804443, 93.292678833, 30.80900383, -10.1718597412, -1.04256248474, 6.8645658493, 13.311498642, 7.95994520187, -10.4177722931, -9.00732326508, 0.71158605814], [-49.9876480103, 55.7504959106, 93.292678833, 141.4581604, 73.7874984741, 25.0003452301, 14.9819345474, 4.22303438187, 1.12507987022, 0.284779846668, -6.99718475342, -1.061653018, 11.3534345627], [-4.71954250336, 8.86865997314, 30.80900383, 73.7874984741, 88.2114257813, 44.2136878967, 15.5487194061, 0.299229443073, -4.63562726974, -0.402504891157, 1.1734880209, 8.88101959229, 14.79002285], [8.47756004333, 0.628546893597, -10.1718597412, 25.0003452301, 44.2136878967, 76.7640380859, 38.7820930481, 7.08508300781, -6.71548461914, -3.29907274246, 9.2131280899, 14.3716163635, 13.9555397034], [-9.55802822113, 12.4115076065, -1.04256248474, 14.9819345474, 15.5487194061, 38.7820930481, 66.6974639893, 29.5354824066, 5.14181756973, 1.85247063637, 6.84991645813, 9.56847667694, 8.29960918427], [1.51949834824, 5.38216257095, 6.8645658493, 4.22303438187, 0.299229443073, 7.08508300781, 29.5354824066, 56.5706329346, 35.1363677979, 13.9410848618, 3.84484386444, 0.657471060753, 3.08462905884], [-5.90974998474, -0.0375698544085, 13.311498642, 1.12507987022, -4.63562726974, -6.71548461914, 5.14181756973, 35.1363677979, 64.1540985107, 34.1448287964, 4.90646028519, -2.85736775398, 1.19711101055], [5.64913845062, -5.94155979156, 7.95994520187, 0.284779846668, -0.402504891157, -3.29907274246, 1.85247063637, 13.9410848618, 34.1448287964, 55.963306427, 28.0104198456, 13.2690629959, 10.1851892471], [-11.9322385788, -10.4624633789, -10.4177722931, -6.99718475342, 1.1734880209, 9.2131280899, 6.84991645813, 3.84484386444, 4.90646028519, 28.0104198456, 59.7906913757, 41.2708816528, 16.7846412659], [-12.3035097122, -12.4282369614, -9.00732326508, -1.061653018, 8.88101959229, 14.3716163635, 9.56847667694, 0.657471060753, -2.85736775398, 13.2690629959, 41.2708816528, 62.3963012695, 32.0581855774], [3.89184951782, -17.1607933044, 0.71158605814, 11.3534345627, 14.79002285, 13.9555397034, 8.29960918427, 3.08462905884, 1.19711101055, 10.1851892471, 16.7846412659, 32.0581855774, 48.6437187195]],
        "icov": [[0.000757403264288, 0.000245846371399, 0.00015969859669, 0.000167646852788, -0.000115553302749, -0.000187043377082, 0.000242235924816, -0.000328852736857, 0.000387918349588, -0.000444621167844, 0.000339388556313, 0.000193408734049, -0.000108034801087], [0.000245846371399, 0.0040851640515, -0.00299792829901, 5.41916779184e-005, 0.000930737238377, -0.000841481203679, -0.000705975980964, -3.98215488531e-005, 0.000511560821906, 0.000278461840935, 4.81223105453e-006, -0.000286609574687, 0.00165046122856], [0.00015969859669, -0.00299792829901, 0.0146431969479, -0.00969837512821, 0.00130591238849, 0.00375419249758, 0.000802861119155, -0.000476072891615, -0.00128520885482, -0.00186827359721, 0.0014935330255, -0.000118100440886, -0.000616618897766], [0.000167646852788, 5.41916779184e-005, -0.00969837512821, 0.0212368033826, -0.0145267397165, 0.00153929030057, -0.00275879073888, 0.000574165314902, 0.00029921749956, 0.000967114116065, -0.000189106343896, 0.00203807186335, -0.00188735930715], [-0.000115553302749, 0.000930737238377, 0.00130591238849, -0.0145267397165, 0.0296142827719, -0.0141833368689, 0.00476599019021, -0.000389833381632, 0.00120917672757, -0.00186216749717, 0.00223938538693, -0.0020470477175, -0.00107795582153], [-0.000187043377082, -0.000841481203679, 0.00375419249758, 0.00153929030057, -0.0141833368689, 0.029210595414, -0.0151196746156, 0.00412668054923, -0.00116593483835, 0.00306129269302, -0.00312522612512, 0.000467859208584, -0.00228820601478], [0.000242235924816, -0.000705975980964, 0.000802861119155, -0.00275879073888, 0.00476599019021, -0.0151196746156, 0.0311562810093, -0.0181544665247, 0.00701039563864, -0.00205303309485, 0.00129478343297, -0.00202453345992, 0.000232512204093], [-0.000328852736857, -3.98215488531e-005, -0.000476072891615, 0.000574165314902, -0.000389833381632, 0.00412668054923, -0.0181544665247, 0.0395140387118, -0.0227876883, 0.00639245007187, -0.0030822979752, 0.00171165238135, -0.0014305076329], [0.000387918349588, 0.000511560821906, -0.00128520885482, 0.00029921749956, 0.00120917672757, -0.00116593483835, 0.00701039563864, -0.0227876883, 0.0390400364995, -0.0223188586533, 0.0076367710717, 4.14274691138e-005, 0.00136420445051], [-0.000444621167844, 0.000278461840935, -0.00186827359721, 0.000967114116065, -0.00186216749717, 0.00306129269302, -0.00205303309485, 0.00639245007187, -0.0223188586533, 0.0403863675892, -0.0209587011486, 0.00656619574875, -0.00543424254283], [0.000339388556313, 4.81223105453e-006, 0.0014935330255, -0.000189106343896, 0.00223938538693, -0.00312522612512, 0.00129478343297, -0.0030822979752, 0.0076367710717, -0.0209587011486, 0.0433834828436, -0.0271188728511, 0.00729042012244], [0.000193408734049, -0.000286609574687, -0.000118100440886, 0.00203807186335, -0.0020470477175, 0.000467859208584, -0.00202453345992, 0.00171165238135, 4.14274691138e-005, 0.00656619574875, -0.0271188728511, 0.0436564721167, -0.0206553041935], [-0.000108034801087, 0.00165046122856, -0.000616618897766, -0.00188735930715, -0.00107795582153, -0.00228820601478, 0.000232512204093, -0.0014305076329, 0.00136420445051, -0.00543424254283, 0.00729042012244, -0.0206553041935, 0.0348347052932]]
    },
    "spectral_contrast_coeffs": {
        "mean": [-0.637341201305, -0.729649186134, -0.775541484356, -0.784218132496, -0.786344408989, -0.757134854794],
        "var": [0.00962061434984, 0.00314190844074, 0.00248682196252, 0.00141385756433, 0.000954821647611, 0.000548935029656]
    },
    "spectral_contrast_valleys": {
        "mean": [-6.65131998062, -6.26719141006, -6.87331771851, -7.76161623001, -8.08659934998, -10.5628061295],
        "var": [1.22256100178, 0.959113717079, 0.946998894215, 0.946603298187, 0.921524822712, 0.827748715878]
    }
},
"metadata": {
    "audio_properties": {
        "analysis_sample_rate": 44100,
        "bit_rate": 105780,
        "equal_loudness": 0,
        "length": 45.0873451233,
        "lossless": 0,
        "replay_gain": -13.4341068268,
        "sample_rate": 44100,
        "codec": "mp3",
        "downmix": "mix",
        "md5_encoded": "f522d219513f49951ec91836637b1018"
    },
    "tags": {
        "file_name": "486.mp3"
    },
    "version": {
        "essentia": "2.1-beta2",
        "essentia_git_sha": "v2.1_beta2",
        "extractor": "music 1.0"
    }
},
"rhythm": {
    "beats_count": 96,
    "beats_loudness": {
        "mean": 0.130087599158,
        "var": 0.00389189715497
    },
    "bpm": 129.690307617,
    "bpm_histogram_first_peak_bpm": {
        "mean": 129,
        "var": 0
    },
    "bpm_histogram_first_peak_spread": {
        "mean": 0.235955059528,
        "var": 0
    },
    "bpm_histogram_first_peak_weight": {
        "mean": 0.715789496899,
        "var": 0
    },
    "bpm_histogram_second_peak_bpm": {
        "mean": 120,
        "var": 0
    },
    "bpm_histogram_second_peak_spread": {
        "mean": 0.5,
        "var": 0
    },
    "bpm_histogram_second_peak_weight": {
        "mean": 0.0210526324809,
        "var": 0
    },
    "danceability": 1.26819372177,
    "onset_rate": 2.86000847816,
    "beats_loudness_band_ratio": {
        "mean": [0.820739984512, 0.0741186439991, 0.0755581706762, 0.0280902404338, 0.00854132883251, 0.00626149820164],
        "var": [0.0116796297953, 0.00358091411181, 0.00328650814481, 0.000516688043717, 4.2946121539e-005, 3.32906965923e-005]
    },
    "beats_position": [0.487619042397, 0.986848056316, 1.47446703911, 1.9620860815, 2.46131515503, 2.93732428551, 3.40172338486, 3.86612248421, 4.33052158356, 4.79492044449, 5.24770975113, 5.71210861206, 6.17650794983, 6.64090681076, 7.10530614853, 7.55809497833, 8.01088428497, 8.47528362274, 8.93968200684, 9.4040813446, 9.86848068237, 10.3328800201, 10.7972784042, 11.2500677109, 11.7144670486, 12.1788663864, 12.6316547394, 13.0960540771, 13.5604534149, 14.0248527527, 14.4660310745, 14.9304304123, 15.3948297501, 15.8592290878, 16.3236274719, 16.7880268097, 17.2524261475, 17.7168254852, 18.181224823, 18.6340141296, 19.0984115601, 19.5628108978, 20.0156002045, 20.4799995422, 20.94439888, 21.4087982178, 21.8731975555, 22.3259868622, 22.7787742615, 23.2431735992, 23.707572937, 24.1719722748, 24.6363716125, 25.1007709503, 25.5651702881, 26.0179595947, 26.4823570251, 26.9467563629, 27.3995456696, 27.8639450073, 28.3283443451, 28.7927436829, 29.2339229584, 29.6983222961, 30.1627197266, 30.6271190643, 31.0915184021, 31.5559177399, 32.0203170776, 32.4847145081, 32.9491157532, 33.4135131836, 33.8663024902, 34.3307037354, 34.783493042, 35.2478904724, 35.7122879028, 36.1766891479, 36.6410865784, 37.093875885, 37.5466651917, 38.0110664368, 38.4754638672, 38.9398651123, 39.4042625427, 39.8570518494, 40.309841156, 40.7742385864, 41.2386398315, 41.703037262, 42.1674385071, 42.6318359375, 43.0962333679, 43.5722427368, 44.0482521057, 44.5242614746]
},
"tonal": {
    "chords_changes_rate": 0.0185185186565,
    "chords_number_rate": 0.00308641977608,
    "chords_strength": {
        "mean": 0.618604898453,
        "var": 0.00171037926339
    },
    "hpcp_entropy": {
        "mean": 1.88399422169,
        "var": 0.391789376736
    },
    "key_strength": 0.770876467228,
    "tuning_diatonic_strength": 0.556619763374,
    "tuning_equal_tempered_deviation": 0.217922672629,
    "tuning_frequency": 434.193115234,
    "tuning_nontempered_energy_ratio": 0.942195475101,
    "hpcp": {
        "mean": [0.408398121595, 0.469809681177, 0.199814841151, 0.0583834797144, 0.0388090498745, 0.0294613819569, 0.0359996408224, 0.0435793176293, 0.0656654536724, 0.213165417314, 0.27006021142, 0.128234773874, 0.0474014766514, 0.0290402658284, 0.0166913773865, 0.0163263827562, 0.0176961906254, 0.0202178936452, 0.0221021752805, 0.0278833303601, 0.0459029451013, 0.189922735095, 0.254097133875, 0.286279112101, 0.374390035868, 0.193385496736, 0.0189561191946, 0.0119486600161, 0.0109763266519, 0.0296911541373, 0.0789000615478, 0.0964141488075, 0.0664119869471, 0.0561514906585, 0.0596890933812, 0.132067620754],
        "var": [0.142344176769, 0.162679284811, 0.0503982976079, 0.0232027843595, 0.0108550339937, 0.00851755589247, 0.00772353261709, 0.00899990648031, 0.0170118398964, 0.0893651843071, 0.128541484475, 0.0306960232556, 0.00698559777811, 0.00226375530474, 0.0024188447278, 0.00238087680191, 0.00314302300103, 0.00276618334465, 0.00410001864657, 0.00761547684669, 0.00640747742727, 0.0357394739985, 0.0720552057028, 0.0521673187613, 0.203913792968, 0.0488949492574, 0.00169641396496, 0.00084963318659, 0.000832131539937, 0.00326270866208, 0.0134467724711, 0.0311334580183, 0.0213662348688, 0.0259199533612, 0.0246560126543, 0.0408524610102]
    },
    "chords_histogram": [56.9958839417, 20.1646099091, 0, 0, 0, 0, 0, 22.8395061493, 0, 0, 0, 0, 0, 0, 0, 0, 0, 0, 0, 0, 0, 0, 0, 0],
    "thpcp": [1, 0.425310194492, 0.124270491302, 0.0826058983803, 0.0627091825008, 0.0766260102391, 0.0927595123649, 0.139770328999, 0.453727155924, 0.574828982353, 0.272950470448, 0.100895062089, 0.0618128292263, 0.0355279557407, 0.0347510576248, 0.0376667231321, 0.043034221977, 0.047044955194, 0.0593502670527, 0.0977054014802, 0.404254615307, 0.54085123539, 0.609351217747, 0.796897232533, 0.411625176668, 0.0403485074639, 0.025432979688, 0.023363346234, 0.063198260963, 0.167940482497, 0.205219581723, 0.141359344125, 0.119519650936, 0.127049520612, 0.281108766794, 0.869284152985],
    "chords_key": "A",
    "chords_scale": "minor",
    "key_key": "A",
    "key_scale": "minor"
}
}