{
"lowlevel": {
    "average_loudness": 0.0435223951936,
    "barkbands_crest": {
        "mean": 11.9604759216,
        "var": 11.0943489075
    },
    "barkbands_flatness_db": {
        "mean": 0.2853320539,
        "var": 0.00424518529326
    },
    "barkbands_kurtosis": {
        "mean": 9.69823169708,
        "var": 146.903533936
    },
    "barkbands_skewness": {
        "mean": 1.8021800518,
        "var": 1.3059797287
    },
    "barkbands_spread": {
        "mean": 4.9847111702,
        "var": 14.0702352524
    },
    "dissonance": {
        "mean": 0.345083862543,
        "var": 0.00401256466284
    },
    "dynamic_complexity": 6.05960512161,
    "erbbands_crest": {
        "mean": 13.1368703842,
        "var": 17.5904541016
    },
    "erbbands_flatness_db": {
        "mean": 0.275561869144,
        "var": 0.00222445186228
    },
    "erbbands_kurtosis": {
        "mean": 3.39632201195,
        "var": 20.6293411255
    },
    "erbbands_skewness": {
        "mean": 1.07180714607,
        "var": 0.847645461559
    },
    "erbbands_spread": {
        "mean": 13.7763338089,
        "var": 67.4880905151
    },
    "hfc": {
        "mean": 4.37874555588,
        "var": 38.2406425476
    },
    "melbands_crest": {
        "mean": 14.117146492,
        "var": 18.9499282837
    },
    "melbands_flatness_db": {
        "mean": 0.382262349129,
        "var": 0.00623038737103
    },
    "melbands_kurtosis": {
        "mean": 9.9830904007,
        "var": 134.890563965
    },
    "melbands_skewness": {
        "mean": 1.92538201809,
        "var": 1.19615352154
    },
    "melbands_spread": {
        "mean": 6.72533559799,
        "var": 51.1004714966
    },
    "pitch_salience": {
        "mean": 0.54320114851,
        "var": 0.0096705686301
    },
    "silence_rate_20dB": {
        "mean": 1,
        "var": 0
    },
    "silence_rate_30dB": {
        "mean": 0.969119906425,
        "var": 0.0299265999347
    },
    "silence_rate_60dB": {
        "mean": 0.327843546867,
        "var": 0.220360964537
    },
    "spectral_centroid": {
        "mean": 430.365081787,
        "var": 198714.21875
    },
    "spectral_complexity": {
        "mean": 5.92897558212,
        "var": 6.67008876801
    },
    "spectral_decrease": {
        "mean": -4.48126913355e-009,
        "var": 5.91145154157e-017
    },
    "spectral_energy": {
        "mean": 0.0173105280846,
        "var": 0.000873869284987
    },
    "spectral_energyband_high": {
        "mean": 1.56128826347e-005,
        "var": 5.23677989861e-009
    },
    "spectral_energyband_low": {
        "mean": 0.00394520303234,
        "var": 0.000125229154946
    },
    "spectral_energyband_middle_high": {
        "mean": 0.000425538572017,
        "var": 2.64765503744e-007
    },
    "spectral_energyband_middle_low": {
        "mean": 0.0133370785043,
        "var": 0.000488437828608
    },
    "spectral_entropy": {
        "mean": 5.91891813278,
        "var": 0.345783442259
    },
    "spectral_flux": {
        "mean": 0.0397203788161,
        "var": 0.00155386223923
    },
    "spectral_kurtosis": {
        "mean": 30.9777088165,
        "var": 501.55480957
    },
    "spectral_rms": {
        "mean": 0.00314710056409,
        "var": 6.98406029187e-006
    },
    "spectral_rolloff": {
        "mean": 587.42956543,
        "var": 776609.5625
    },
    "spectral_skewness": {
        "mean": 4.35704946518,
        "var": 2.21079993248
    },
    "spectral_spread": {
        "mean": 2486471.75,
        "var": 3.26951528038e+012
    },
    "spectral_strongpeak": {
        "mean": 0.640745699406,
        "var": 0.22564201057
    },
    "zerocrossingrate": {
        "mean": 0.0226536858827,
        "var": 0.00055764184799
    },
    "barkbands": {
        "mean": [0.000302984175505, 0.00238452688791, 0.000846029142849, 0.00347962463275, 0.00651924638078, 0.00147399806883, 0.000436602917034, 0.00136421853676, 5.94891571382e-005, 7.85176016507e-005, 6.98137637301e-006, 0.000311350508127, 2.00076119654e-005, 6.44615101919e-006, 3.01690283777e-006, 5.66327571505e-007, 6.00841303822e-007, 3.69326130567e-007, 2.74694144764e-007, 2.19481520958e-007, 6.95970527431e-007, 1.41919663292e-005, 1.56938554596e-007, 1.62262807635e-007, 1.70196912563e-007, 1.12180821077e-007, 9.05275321372e-009],
        "var": [7.1889502351e-007, 7.01356912032e-005, 6.58026647216e-006, 6.90896049491e-005, 0.000129074905999, 5.49911192138e-006, 2.943886102e-006, 4.5376991693e-006, 1.88738216167e-008, 2.421413825e-008, 1.46951659175e-010, 1.59894597118e-007, 1.46434731008e-009, 1.27834909325e-010, 2.36023579153e-011, 4.53428256313e-013, 4.85307378052e-013, 1.15928954262e-013, 4.13875917316e-014, 5.50648283955e-015, 3.59104044244e-012, 5.08296826851e-009, 1.47122253751e-015, 2.2450339334e-015, 1.06154268589e-014, 1.02481228798e-014, 4.26551035335e-017]
    },
    "erbbands": {
        "mean": [0.0770282745361, 0.511139810085, 0.939473688602, 5.19343805313, 24.7291355133, 10.493689537, 23.6671905518, 11.8562927246, 9.77563381195, 11.0947084427, 25.7029876709, 1.92569291592, 1.866497159, 2.83497858047, 5.90266370773, 8.20631599426, 1.22225379944, 0.345639139414, 0.385820627213, 0.0605120435357, 0.0394677147269, 0.0264419075102, 0.0221140924841, 0.0159456785768, 0.0136217167601, 0.0108399093151, 0.0198801830411, 0.473843216896, 0.307773917913, 0.0140507696196, 0.00482678506523, 0.00351920956746, 0.00267123198137, 0.0019300582353, 0.00119124178309, 0.000536377890967, 0.000203724077437, 3.74944102077e-005, 8.87812711881e-006, 1.90705541172e-005],
        "var": [0.0702973604202, 3.40766072273, 6.64726877213, 163.046676636, 2903.50073242, 315.544830322, 1872.38037109, 447.662506104, 794.686584473, 302.367034912, 1581.63098145, 7.27063989639, 12.0566864014, 32.8383140564, 61.7738265991, 98.5016937256, 3.87322616577, 0.293203502893, 0.330565422773, 0.00350521760993, 0.00228345068172, 0.000498692505062, 0.000385682622436, 0.000300352898194, 0.000181236900971, 2.24283776333e-005, 0.0026454559993, 5.41403532028, 2.22481298447, 0.00209983345121, 5.95287156102e-006, 9.80554773378e-007, 8.45930287596e-007, 8.8592071279e-007, 6.23023936441e-007, 1.15924514432e-007, 6.85857060034e-008, 4.15348838656e-010, 1.75112355172e-010, 1.04464281669e-009]
    },
    "gfcc": {
        "mean": [-182.92401123, 161.388687134, -74.712310791, -15.0136098862, -79.8665084839, 0.741886258125, -34.0617103577, -25.3672447205, -34.7321853638, -1.56207072735, -15.9218626022, 0.178709760308, -13.1110229492],
        "cov": [[4307.73876953, 1887.45666504, 484.639984131, 76.0111999512, 23.2477054596, 152.476577759, 463.883728027, -394.515533447, 338.653808594, 70.5457382202, 6.67526483536, -106.494064331, 250.471923828], [1887.45666504, 1210.69006348, 490.410705566, 31.7219848633, 149.938308716, 102.420249939, 300.702178955, -207.730224609, 238.752853394, -11.3635797501, 59.1095428467, -134.213745117, 174.170181274], [484.639984131, 490.410705566, 428.236297607, 183.438751221, 193.31111145, 66.8574905396, 143.537872314, -113.604904175, 77.667755127, -35.5355682373, 24.5325832367, -71.0149841309, 78.8497085571], [76.0111999512, 31.7219848633, 183.438751221, 326.611297607, 139.127365112, 94.4955673218, 105.616363525, -76.392868042, 24.293762207, 34.4211959839, -21.390329361, 41.8017616272, 38.1926193237], [23.2477054596, 149.938308716, 193.31111145, 139.127365112, 206.590591431, 114.070297241, 69.3960342407, -13.7186288834, 16.271528244, -16.3384132385, 35.5815353394, -17.4225883484, 31.3639354706], [152.476577759, 102.420249939, 66.8574905396, 94.4955673218, 114.070297241, 141.419174194, 103.332481384, 3.06739187241, 30.0661678314, 26.8170223236, 25.6098518372, 19.6943302155, 33.5977096558], [463.883728027, 300.702178955, 143.537872314, 105.616363525, 69.3960342407, 103.332481384, 205.556900024, -54.6888465881, 116.209098816, 53.2036552429, 6.17714595795, 10.5094337463, 67.3983535767], [-394.515533447, -207.730224609, -113.604904175, -76.392868042, -13.7186288834, 3.06739187241, -54.6888465881, 159.706207275, -10.2064428329, -3.57690644264, 13.5982456207, 1.27060878277, -41.0186691284], [338.653808594, 238.752853394, 77.667755127, 24.293762207, 16.271528244, 30.0661678314, 116.209098816, -10.2064428329, 142.534591675, 58.8159103394, 8.00440311432, -12.5525932312, 49.7033004761], [70.5457382202, -11.3635797501, -35.5355682373, 34.4211959839, -16.3384132385, 26.8170223236, 53.2036552429, -3.57690644264, 58.8159103394, 84.3753356934, 8.22336673737, 39.7773933411, 13.2184896469], [6.67526483536, 59.1095428467, 24.5325832367, -21.390329361, 35.5815353394, 25.6098518372, 6.17714595795, 13.5982456207, 8.00440311432, 8.22336673737, 66.4741439819, 10.8237762451, 15.2226209641], [-106.494064331, -134.213745117, -71.0149841309, 41.8017616272, -17.4225883484, 19.6943302155, 10.5094337463, 1.27060878277, -12.5525932312, 39.7773933411, 10.8237762451, 88.2161178589, 16.3528194427], [250.471923828, 174.170181274, 78.8497085571, 38.1926193237, 31.3639354706, 33.5977096558, 67.3983535767, -41.0186691284, 49.7033004761, 13.2184896469, 15.2226209641, 16.3528194427, 82.5533065796]],
        "icov": [[0.00275761843659, -0.00883760303259, 0.00335947494023, -0.00319445226341, 0.00243330188096, -0.00112910789903, 0.00286290771328, -0.00212021288462, 0.00456905178726, -0.00395133113489, 0.00463865324855, -0.00408224156126, 0.00252713193186], [-0.00883760303259, 0.0345317088068, -0.0145500358194, 0.0132925026119, -0.00484074559063, -0.00127597677056, -0.0107276970521, 0.012752680108, -0.0216359905899, 0.0175606887788, -0.0186851937324, 0.0175510849804, -0.010656485334], [0.00335947494023, -0.0145500358194, 0.0209188405424, -0.0113119287416, -0.00815096404403, 0.0125405490398, -0.00462058233097, -0.00331374909729, 0.0102878203616, -0.00269757793285, 0.000619113619905, 0.0030229119584, -0.000598592800088], [-0.00319445226341, 0.0132925026119, -0.0113119287416, 0.0156326815486, -0.00568886380643, -0.00346141704358, -0.00244157668203, 0.00650692963973, -0.0077216331847, 0.00151258253027, 0.00243122107349, -0.00208043702878, -0.00161295768339], [0.00243330188096, -0.00484074559063, -0.00815096404403, -0.00568886380643, 0.0292846783996, -0.0243416596204, 0.0121507206932, -0.00036377995275, -0.00426324130967, 0.00545000610873, -0.00298817828298, -0.00206424971111, 0.00458122044802], [-0.00112910789903, -0.00127597677056, 0.0125405490398, -0.00346141704358, -0.0243416596204, 0.042397800833, -0.023706972599, -0.00892813783139, 0.0192398615181, -0.0111710680649, -0.00404016580433, 0.00681801186875, -0.00774785410613], [0.00286290771328, -0.0107276970521, -0.00462058233097, -0.00244157668203, 0.0121507206932, -0.023706972599, 0.0321502201259, 0.00140188529622, -0.0125527111813, -0.00135120702907, 0.0120059680194, -0.0156503561884, 0.00763050140813], [-0.00212021288462, 0.012752680108, -0.00331374909729, 0.00650692963973, -0.00036377995275, -0.00892813783139, 0.00140188529622, 0.0192731078714, -0.0189444497228, 0.0138601241633, -0.00881244055927, 0.0043646604754, 0.00183277053293], [0.00456905178726, -0.0216359905899, 0.0102878203616, -0.0077216331847, -0.00426324130967, 0.0192398615181, -0.0125527111813, -0.0189444497228, 0.0515017025173, -0.0374178662896, 0.0118122119457, 0.00542525714263, -0.00811393838376], [-0.00395133113489, 0.0175606887788, -0.00269757793285, 0.00151258253027, 0.00545000610873, -0.0111710680649, -0.00135120702907, 0.0138601241633, -0.0374178662896, 0.0508556216955, -0.0174218565226, -0.00460096728057, 0.00579100754112], [0.00463865324855, -0.0186851937324, 0.000619113619905, 0.00243122107349, -0.00298817828298, -0.00404016580433, 0.0120059680194, -0.00881244055927, 0.0118122119457, -0.0174218565226, 0.0385559126735, -0.0205711368471, 0.00487372977659], [-0.00408224156126, 0.0175510849804, 0.0030229119584, -0.00208043702878, -0.00206424971111, 0.00681801186875, -0.0156503561884, 0.0043646604754, 0.00542525714263, -0.00460096728057, -0.0205711368471, 0.0457407832146, -0.0214098319411], [0.00252713193186, -0.010656485334, -0.000598592800088, -0.00161295768339, 0.00458122044802, -0.00774785410613, 0.00763050140813, 0.00183277053293, -0.00811393838376, 0.00579100754112, 0.00487372977659, -0.0214098319411, 0.0316407606006]]
    },
    "melbands": {
        "mean": [0.000707113184035, 0.000546977913473, 0.0017429710133, 0.00116204062942, 0.000805553107057, 0.000247209245572, 0.000145195430377, 0.00018928584177, 0.000169903738424, 7.13451390766e-006, 9.41329108173e-006, 1.19595952128e-005, 9.76845694822e-006, 4.26133774454e-005, 2.94407550427e-006, 2.34739832194e-006, 3.85359442134e-007, 7.32959904326e-007, 1.5687426469e-007, 3.6936825154e-008, 4.82919588762e-008, 2.83424768099e-008, 2.53000731476e-008, 1.53576724671e-008, 1.25773524928e-008, 1.04695443426e-008, 8.19764434112e-009, 6.68688793226e-009, 5.97431260019e-009, 1.34059332524e-008, 4.65000027816e-007, 2.81611306718e-007, 8.4988522886e-009, 2.80909806527e-009, 2.57821208827e-009, 2.26812213455e-009, 2.06189665342e-009, 1.8919501521e-009, 1.65912117378e-009, 1.64426894322e-009],
        "var": [5.92562128077e-006, 2.51651499639e-006, 1.51923932208e-005, 5.56310533284e-006, 2.22677385864e-006, 1.89432583397e-007, 1.84842534168e-007, 8.51645935995e-008, 6.83878482732e-008, 2.4535942722e-010, 3.13368386795e-010, 6.24755858158e-010, 1.67326472122e-010, 3.1019651292e-009, 1.50160162082e-011, 2.29958985881e-011, 3.82126323856e-013, 1.38285791238e-012, 4.50946585303e-014, 1.28848026134e-015, 3.81801583283e-015, 6.26486161278e-016, 1.23834395768e-015, 1.1526388612e-016, 2.08891387629e-016, 1.08375225241e-016, 2.06559704449e-017, 7.45519191812e-018, 1.81054946837e-017, 1.12360032184e-015, 5.43080771326e-012, 1.87300565682e-012, 1.70790302473e-015, 6.61502849906e-019, 6.02231068017e-019, 4.46525432944e-019, 4.63722155987e-019, 4.91529745133e-019, 4.16214355824e-019, 1.35015200976e-018]
    },
    "mfcc": {
        "mean": [-847.070129395, 207.817764282, 39.4680328369, -1.96577620506, -23.3616733551, 8.01479434967, -6.43717813492, -14.3761940002, -12.9324407578, -25.1932315826, -2.72091126442, -0.599961876869, -4.51516962051],
        "cov": [[2078.16040039, 1444.61853027, 468.411773682, 126.576004028, -87.8361206055, 439.764373779, 35.8927612305, -14.8670606613, 294.391326904, -86.0336303711, 307.962982178, 44.5959701538, -156.354980469], [1444.61853027, 1181.44897461, 406.532348633, 62.0406532288, 0.0925439447165, 256.296112061, 52.7258644104, -0.454974919558, 157.425521851, -7.34428215027, 158.234542847, 24.4755001068, -101.96320343], [468.411773682, 406.532348633, 267.092437744, 143.358139038, 61.5583190918, 164.19720459, 55.604637146, 11.2030897141, 60.1484184265, -20.7099399567, 63.5776405334, 1.65641617775, -62.2539520264], [126.576004028, 62.0406532288, 143.358139038, 197.368896484, 84.0534210205, 153.77305603, 46.7265090942, 12.7741222382, 42.8421211243, -39.4205741882, 53.4089584351, 0.856138944626, -44.8710327148], [-87.8361206055, 0.0925439447165, 61.5583190918, 84.0534210205, 158.272689819, 66.7251052856, 76.3860778809, 40.9785652161, -13.9821205139, 31.3015995026, -21.6781730652, 1.72292876244, 5.66876029968], [439.764373779, 256.296112061, 164.19720459, 153.77305603, 66.7251052856, 290.043487549, 97.3165588379, 25.1149253845, 99.8952026367, -51.4609413147, 116.36492157, 25.5412006378, -50.2883872986], [35.8927612305, 52.7258644104, 55.604637146, 46.7265090942, 76.3860778809, 97.3165588379, 110.28188324, 56.0657653809, 17.0504188538, 10.5400524139, 7.63003349304, 14.1009464264, 7.66468238831], [-14.8670606613, -0.454974919558, 11.2030897141, 12.7741222382, 40.9785652161, 25.1149253845, 56.0657653809, 71.7981338501, 32.4946327209, 21.7822399139, 1.82492244244, 10.2272500992, 16.0102386475], [294.391326904, 157.425521851, 60.1484184265, 42.8421211243, -13.9821205139, 99.8952026367, 17.0504188538, 32.4946327209, 127.554267883, 7.54923725128, 83.1949005127, 17.1986370087, -25.184173584], [-86.0336303711, -7.34428215027, -20.7099399567, -39.4205741882, 31.3015995026, -51.4609413147, 10.5400524139, 21.7822399139, 7.54923725128, 93.1865539551, -6.89901542664, 4.77029085159, 17.4531116486], [307.962982178, 158.234542847, 63.5776405334, 53.4089584351, -21.6781730652, 116.36492157, 7.63003349304, 1.82492244244, 83.1949005127, -6.89901542664, 126.507080078, 39.3461952209, -23.038526535], [44.5959701538, 24.4755001068, 1.65641617775, 0.856138944626, 1.72292876244, 25.5412006378, 14.1009464264, 10.2272500992, 17.1986370087, 4.77029085159, 39.3461952209, 62.3625183105, 35.7090644836], [-156.354980469, -101.96320343, -62.2539520264, -44.8710327148, 5.66876029968, -50.2883872986, 7.66468238831, 16.0102386475, -25.184173584, 17.4531116486, -23.038526535, 35.7090644836, 78.8584442139]],
        "icov": [[0.0155276795849, -0.0194931719452, 0.0103749828413, -0.00524298567325, 0.00513237668201, -0.00556899653748, 0.00318691506982, -0.000477523950394, -0.00688079139218, 0.00790428929031, -0.00739755155519, 0.00470606656745, -0.00158234871924], [-0.0194931719452, 0.0283801462501, -0.0207896120846, 0.01339019835, -0.0078891934827, 0.00589673826471, -0.00310428068042, 0.00165926164482, 0.00668045133352, -0.00900887325406, 0.00763056287542, -0.00608708849177, 0.00265787472017], [0.0103749828413, -0.0207896120846, 0.0300238486379, -0.0206610746682, 0.00665408698842, -0.00315954629332, -0.00121338653844, -0.001310181804, -0.00138373253867, 0.00198591919616, -0.000512063736096, 0.00128195958678, 0.00191493239254], [-0.00524298567325, 0.01339019835, -0.0206610746682, 0.0292341019958, -0.0144958412275, -0.000558081141207, 0.00284362165257, 0.0018165668007, -0.00282278214581, 0.00702871615067, -0.00529189174995, 4.2366249545e-005, 0.0032603754662], [0.00513237668201, -0.0078891934827, 0.00665408698842, -0.0144958412275, 0.0249254405499, -0.0108883725479, 0.000889916438609, -0.00766475079581, 0.0074066487141, -0.0127518177032, 0.00907438620925, -0.0015074016992, -0.00176415836904], [-0.00556899653748, 0.00589673826471, -0.00315954629332, -0.000558081141207, -0.0108883725479, 0.0277252607048, -0.0221066884696, 0.0132338516414, -0.0089003527537, 0.0121385781094, -0.0116356080398, 0.00110193307046, 0.00226861797273], [0.00318691506982, -0.00310428068042, -0.00121338653844, 0.00284362165257, 0.000889916438609, -0.0221066884696, 0.0398326478899, -0.0254737660289, 0.0103634512052, -0.00729494076222, 0.00748432707042, -0.0030974203255, -0.00138278154191], [-0.000477523950394, 0.00165926164482, -0.001310181804, 0.0018165668007, -0.00766475079581, 0.0132338516414, -0.0254737660289, 0.0413192249835, -0.0195206589997, 0.00549781462178, -0.00219015567563, 0.00270696100779, -0.00504121789709], [-0.00688079139218, 0.00668045133352, -0.00138373253867, -0.00282278214581, 0.0074066487141, -0.0089003527537, 0.0103634512052, -0.0195206589997, 0.030144950375, -0.0141929714009, -5.33788479515e-005, -0.00209298613481, 0.00274457852356], [0.00790428929031, -0.00900887325406, 0.00198591919616, 0.00702871615067, -0.0127518177032, 0.0121385781094, -0.00729494076222, 0.00549781462178, -0.0141929714009, 0.0311001390219, -0.0159341897815, 0.00599113292992, -0.000942744780332], [-0.00739755155519, 0.00763056287542, -0.000512063736096, -0.00529189174995, 0.00907438620925, -0.0116356080398, 0.00748432707042, -0.00219015567563, -5.33788479515e-005, -0.0159341897815, 0.038069948554, -0.0217517856508, 0.00790978968143], [0.00470606656745, -0.00608708849177, 0.00128195958678, 4.2366249545e-005, -0.0015074016992, 0.00110193307046, -0.0030974203255, 0.00270696100779, -0.00209298613481, 0.00599113292992, -0.0217517856508, 0.0428547784686, -0.0246958956122], [-0.00158234871924, 0.00265787472017, 0.00191493239254, 0.0032603754662, -0.00176415836904, 0.00226861797273, -0.00138278154191, -0.00504121789709, 0.00274457852356, -0.000942744780332, 0.00790978968143, -0.0246958956122, 0.0336574278772]]
    },
    "spectral_contrast_coeffs": {
        "mean": [-0.521477282047, -0.687218666077, -0.744956374168, -0.816398501396, -0.875194907188, -0.797823548317],
        "var": [0.00705237966031, 0.00424776272848, 0.00251599075273, 0.00198271125555, 0.000396899820771, 0.00212096585892]
    },
    "spectral_contrast_valleys": {
        "mean": [-8.76037788391, -7.46632766724, -8.60216426849, -9.87235832214, -10.3113040924, -12.6352481842],
        "var": [2.60241937637, 1.19680833817, 0.919117748737, 0.585786819458, 0.495945125818, 0.379161119461]
    }
},
"metadata": {
    "audio_properties": {
        "analysis_sample_rate": 44100,
        "bit_rate": 104022,
        "equal_loudness": 0,
        "length": 45.0873451233,
        "lossless": 0,
        "replay_gain": 1.38507652283,
        "sample_rate": 44100,
        "codec": "mp3",
        "downmix": "mix",
        "md5_encoded": "d16c1211dfde94311fc2950c43025d41"
    },
    "tags": {
        "file_name": "488.mp3"
    },
    "version": {
        "essentia": "2.1-beta2",
        "essentia_git_sha": "v2.1_beta2",
        "extractor": "music 1.0"
    }
},
"rhythm": {
    "beats_count": 70,
    "beats_loudness": {
        "mean": 0.0208586324006,
        "var": 0.00111614342313
    },
    "bpm": 94.4704666138,
    "bpm_histogram_first_peak_bpm": {
        "mean": 94,
        "var": 0
    },
    "bpm_histogram_first_peak_spread": {
        "mean": 0.50746268034,
        "var": 0
    },
    "bpm_histogram_first_peak_weight": {
        "mean": 0.478260874748,
        "var": 0
    },
    "bpm_histogram_second_peak_bpm": {
        "mean": 99,
        "var": 0
    },
    "bpm_histogram_second_peak_spread": {
        "mean": 0,
        "var": 0
    },
    "bpm_histogram_second_peak_weight": {
        "mean": 0.0289855077863,
        "var": 0
    },
    "danceability": 0.869147717953,
    "onset_rate": 0.620777010918,
    "beats_loudness_band_ratio": {
        "mean": [0.45352819562, 0.408929824829, 0.214900493622, 0.0496267005801, 0.00169935636222, 0.00226305099204],
        "var": [0.056370113045, 0.0214870441705, 0.0341675207019, 0.00364787015133, 5.31011346538e-006, 4.90839483973e-005]
    },
    "beats_position": [0.592108845711, 1.20743763447, 1.8111563921, 2.43809509277, 3.04181408882, 3.66875267029, 4.29569149017, 4.93424034119, 5.5727891922, 6.19972801208, 6.82666635513, 7.45360517502, 8.08054447174, 8.71909236908, 9.35764122009, 9.98458003998, 10.623128891, 11.261677742, 11.8886165619, 12.5155553818, 13.1424942017, 13.7810430527, 14.4195919037, 15.0697498322, 15.7199087143, 16.3700675964, 17.0086174011, 17.6471652985, 18.3089332581, 18.970703125, 19.6092510223, 20.247800827, 20.8631286621, 21.4784584045, 22.1053962708, 22.7323360443, 23.3592739105, 23.9978218079, 24.6363716125, 25.2749195099, 25.9134693146, 26.5520172119, 27.1905670166, 27.8175048828, 28.4444446564, 29.0829925537, 29.7099323273, 30.3368701935, 30.9754180908, 31.6139678955, 32.264125824, 32.9026756287, 33.5296134949, 34.1681632996, 34.8067131042, 35.4452590942, 36.0954170227, 36.7455787659, 37.3841247559, 38.0110664368, 38.638004303, 39.2649421692, 39.8918800354, 40.5304298401, 41.1689796448, 41.8075294495, 42.4460754395, 43.0846252441, 43.7231750488, 44.3617210388]
},
"tonal": {
    "chords_changes_rate": 0.00617283955216,
    "chords_number_rate": 0.00205761310644,
    "chords_strength": {
        "mean": 0.568524181843,
        "var": 0.000298070895951
    },
    "hpcp_entropy": {
        "mean": 1.20843791962,
        "var": 0.208785966039
    },
    "key_strength": 0.797939360142,
    "tuning_diatonic_strength": 0.59563678503,
    "tuning_equal_tempered_deviation": 0.00736111402512,
    "tuning_frequency": 439.745910645,
    "tuning_nontempered_energy_ratio": 0.598441541195,
    "hpcp": {
        "mean": [0.0946535989642, 0.065301425755, 0.0137007562444, 0.0121322833002, 0.01133048255, 0.0102998977527, 0.0120502263308, 0.018893821165, 0.0266259126365, 0.0298612881452, 0.0376630052924, 0.316219836473, 0.660096943378, 0.421957015991, 0.105015844107, 0.0837038829923, 0.0430728234351, 0.0130852432922, 0.00701677659526, 0.00449302047491, 0.00434754788876, 0.00547579443082, 0.00873331259936, 0.0190151482821, 0.0207025147974, 0.0412682965398, 0.387315452099, 0.710444808006, 0.383059412241, 0.0289953649044, 0.00556972809136, 0.00641520228237, 0.00801050197333, 0.00979269389063, 0.0111979153007, 0.0428085587919],
        "var": [0.0229960028082, 0.0105182603002, 0.00286099524237, 0.00312044727616, 0.00264854333363, 0.00303078093566, 0.00327221443877, 0.00788102857769, 0.0119098285213, 0.0135532161221, 0.010716997087, 0.040195569396, 0.123514048755, 0.0605286024511, 0.0273286383599, 0.0208959262818, 0.00691425520927, 0.00211757817306, 0.000958202348556, 0.000282004883047, 0.000175832625246, 0.000511120888405, 0.00139149208553, 0.00550657324493, 0.00633526127785, 0.0108685558662, 0.0585166551173, 0.119060344994, 0.0528235286474, 0.00377823086455, 0.000538494961802, 0.00144244870171, 0.00181479402818, 0.00101419002749, 0.00176891486626, 0.00510783679783]
    },
    "chords_histogram": [96.296295166, 0, 0, 0, 0, 0, 0, 3.70370364189, 0, 0, 0, 0, 0, 0, 0, 0, 0, 0, 0, 0, 0, 0, 0, 0],
    "thpcp": [1, 0.53918248415, 0.0408129729331, 0.00783977564424, 0.00902983918786, 0.0112753333524, 0.013783890754, 0.0157618373632, 0.0602559931576, 0.133231461048, 0.0919162556529, 0.0192847587168, 0.0170770250261, 0.0159484352916, 0.0144978156313, 0.016961524263, 0.0265943538398, 0.0374778062105, 0.0420318208635, 0.0530132725835, 0.445101201534, 0.929131925106, 0.593933582306, 0.147817030549, 0.117818981409, 0.0606279671192, 0.0184183809906, 0.00987659674138, 0.00632423581555, 0.00611947290599, 0.00770755764097, 0.0122927390039, 0.0267651304603, 0.0291402153671, 0.0580879710615, 0.545173168182],
    "chords_key": "F#",
    "chords_scale": "minor",
    "key_key": "F#",
    "key_scale": "minor"
}
}