{
"lowlevel": {
    "average_loudness": 0.946999192238,
    "barkbands_crest": {
        "mean": 11.771692276,
        "var": 19.9002552032
    },
    "barkbands_flatness_db": {
        "mean": 0.171625867486,
        "var": 0.0034071514383
    },
    "barkbands_kurtosis": {
        "mean": 12.6986532211,
        "var": 308.88369751
    },
    "barkbands_skewness": {
        "mean": 2.70960760117,
        "var": 3.35628771782
    },
    "barkbands_spread": {
        "mean": 14.7086677551,
        "var": 93.0930175781
    },
    "dissonance": {
        "mean": 0.457371413708,
        "var": 0.000707193568815
    },
    "dynamic_complexity": 1.99574792385,
    "erbbands_crest": {
        "mean": 9.4836769104,
        "var": 18.4436321259
    },
    "erbbands_flatness_db": {
        "mean": 0.169713363051,
        "var": 0.00147410272621
    },
    "erbbands_kurtosis": {
        "mean": 0.592140376568,
        "var": 5.75872278214
    },
    "erbbands_skewness": {
        "mean": 0.759229063988,
        "var": 0.797626316547
    },
    "erbbands_spread": {
        "mean": 42.4706420898,
        "var": 191.574142456
    },
    "hfc": {
        "mean": 16.1332492828,
        "var": 89.3596496582
    },
    "melbands_crest": {
        "mean": 15.5707321167,
        "var": 35.3977088928
    },
    "melbands_flatness_db": {
        "mean": 0.230108961463,
        "var": 0.00476680742577
    },
    "melbands_kurtosis": {
        "mean": 32.9588432312,
        "var": 1808.62414551
    },
    "melbands_skewness": {
        "mean": 4.04295492172,
        "var": 5.08229255676
    },
    "melbands_spread": {
        "mean": 14.8841466904,
        "var": 237.110443115
    },
    "pitch_salience": {
        "mean": 0.568893969059,
        "var": 0.0185072608292
    },
    "silence_rate_20dB": {
        "mean": 1,
        "var": 0
    },
    "silence_rate_30dB": {
        "mean": 0.997941315174,
        "var": 0.00205447571352
    },
    "silence_rate_60dB": {
        "mean": 0.0241893976927,
        "var": 0.0236041601747
    },
    "spectral_centroid": {
        "mean": 939.957275391,
        "var": 461839.375
    },
    "spectral_complexity": {
        "mean": 17.1543998718,
        "var": 57.6292572021
    },
    "spectral_decrease": {
        "mean": -8.85189521682e-009,
        "var": 3.51749125629e-017
    },
    "spectral_energy": {
        "mean": 0.034872405231,
        "var": 0.000523710856214
    },
    "spectral_energyband_high": {
        "mean": 0.000458365189843,
        "var": 2.93223706649e-007
    },
    "spectral_energyband_low": {
        "mean": 0.00626771338284,
        "var": 0.000109567707113
    },
    "spectral_energyband_middle_high": {
        "mean": 0.00284006423317,
        "var": 6.69158544042e-006
    },
    "spectral_energyband_middle_low": {
        "mean": 0.0257688648999,
        "var": 0.000288847048068
    },
    "spectral_entropy": {
        "mean": 7.20197677612,
        "var": 0.171918988228
    },
    "spectral_flux": {
        "mean": 0.0694870650768,
        "var": 0.00172438239679
    },
    "spectral_kurtosis": {
        "mean": 4.92174339294,
        "var": 6.65050506592
    },
    "spectral_rms": {
        "mean": 0.00548097770661,
        "var": 3.98077008867e-006
    },
    "spectral_rolloff": {
        "mean": 995.025146484,
        "var": 1704157.625
    },
    "spectral_skewness": {
        "mean": 1.67196393013,
        "var": 0.186692818999
    },
    "spectral_spread": {
        "mean": 4523650,
        "var": 3.05076083098e+012
    },
    "spectral_strongpeak": {
        "mean": 0.882583498955,
        "var": 0.287445366383
    },
    "zerocrossingrate": {
        "mean": 0.0483503974974,
        "var": 0.00125656754244
    },
    "barkbands": {
        "mean": [0.00160480896011, 0.00337452697568, 0.000875542522408, 0.0058050560765, 0.0111605450511, 0.00558115076274, 0.00165971321985, 0.000971440866124, 0.000485804484924, 0.000270536023891, 0.000292758340947, 0.000213188686757, 0.000201553848456, 0.00033579886076, 0.000510382349603, 0.000275898724794, 0.000310075294692, 0.000226390897296, 0.000172224390553, 0.000147187121911, 0.00011815954349, 7.59904214647e-005, 6.00504754402e-005, 4.81102179037e-005, 3.95262686652e-005, 4.32603010267e-005, 1.27834873638e-005],
        "var": [8.88503836904e-006, 5.78411891183e-005, 3.4656261505e-006, 6.9910849561e-005, 0.000117085794045, 4.69247424917e-005, 3.6642975374e-006, 2.44759894485e-006, 1.78592881639e-006, 7.96449342033e-008, 1.38515673598e-007, 1.07348888889e-007, 1.08802026944e-007, 2.59604860275e-007, 7.32796763714e-007, 1.81574705493e-007, 1.20435089457e-007, 9.91731283762e-008, 4.54657786975e-008, 7.66058221302e-008, 5.21960039634e-008, 1.30587629599e-008, 6.70009381309e-009, 4.84031659198e-009, 3.13219938874e-009, 5.04049735284e-009, 5.62580870778e-010]
    },
    "erbbands": {
        "mean": [0.036101128906, 0.93216753006, 1.76695799828, 8.95134067535, 32.8471450806, 37.6799278259, 42.0765075684, 41.6506614685, 26.6784667969, 27.5373859406, 17.5697040558, 13.6107416153, 7.73304224014, 8.64771842957, 11.7501373291, 9.88435459137, 9.8827381134, 18.2989788055, 23.1099910736, 22.994354248, 15.6244077682, 15.0253677368, 13.4580383301, 9.62659549713, 9.16471004486, 7.30425691605, 5.19866275787, 3.92962956429, 2.82388710976, 2.32053089142, 1.62106180191, 1.04033362865, 0.757979989052, 0.493045628071, 0.273174971342, 0.154482394457, 0.0815206989646, 0.0306117944419, 0.00134276913013, 6.25722313998e-005],
        "var": [0.0063619222492, 4.4315776825, 12.8045778275, 143.519348145, 1531.73754883, 2146.35693359, 3313.3046875, 2680.13525391, 1315.55725098, 1267.90307617, 1019.87628174, 1351.90844727, 76.5401382446, 74.7180633545, 202.346466064, 225.546020508, 232.37789917, 588.314575195, 1451.39660645, 1327.82556152, 409.955291748, 272.336639404, 318.210296631, 139.412017822, 198.035797119, 174.167602539, 80.8798599243, 62.5733108521, 19.6258468628, 10.23969841, 4.97229576111, 2.70432305336, 1.18137180805, 0.486707389355, 0.168036282063, 0.0614417418838, 0.0201122537255, 0.00298065273091, 5.98113138039e-006, 2.08754413755e-009]
    },
    "gfcc": {
        "mean": [-6.42588996887, 86.361328125, -120.764823914, 26.2311859131, -67.8265991211, -10.2339429855, -60.7165336609, -11.7980651855, -32.6255531311, -6.63271522522, -20.4208049774, -5.16103744507, -11.563700676],
        "cov": [[4543.01074219, 7.78696250916, 459.802093506, -59.2903785706, 117.459075928, 95.8748321533, -56.8031196594, 178.524017334, -39.28748703, 202.803619385, -40.531955719, 198.502471924, -92.6680831909], [7.78696250916, 1730.27539063, -123.938858032, 476.411834717, 100.738708496, 127.270370483, 193.802871704, -96.0810699463, 204.398086548, -250.831085205, 153.535247803, -178.300735474, 213.659286499], [459.802093506, -123.938858032, 1398.34570313, 108.427093506, 272.242797852, 206.564987183, 132.175689697, 154.426055908, -50.847492218, 80.8079452515, -53.1100578308, 132.850662231, -96.4788513184], [-59.2903785706, 476.411834717, 108.427093506, 696.518737793, 118.473899841, 219.558151245, 162.649185181, 28.7368488312, 92.7032852173, -94.2673721313, 70.4648742676, -76.6900863647, 103.156646729], [117.459075928, 100.738708496, 272.242797852, 118.473899841, 404.98626709, 150.987564087, 182.444076538, 97.1674499512, 101.92212677, 115.617889404, 9.64948177338, 56.7581100464, -26.9269180298], [95.8748321533, 127.270370483, 206.564987183, 219.558151245, 150.987564087, 268.265655518, 132.616073608, 72.1177978516, 50.8925094604, 8.93440818787, 24.9095001221, 2.48227906227, 21.5893955231], [-56.8031196594, 193.802871704, 132.175689697, 162.649185181, 182.444076538, 132.616073608, 269.069824219, 81.3860473633, 107.215354919, 57.535243988, 28.936006546, 5.68698310852, 5.95013046265], [178.524017334, -96.0810699463, 154.426055908, 28.7368488312, 97.1674499512, 72.1177978516, 81.3860473633, 163.848953247, 50.1404724121, 84.4301147461, 8.45774936676, 41.334312439, -14.8695888519], [-39.28748703, 204.398086548, -50.847492218, 92.7032852173, 101.92212677, 50.8925094604, 107.215354919, 50.1404724121, 166.562774658, 63.5043792725, 49.4857826233, -4.72994184494, 21.9631614685], [202.803619385, -250.831085205, 80.8079452515, -94.2673721313, 115.617889404, 8.93440818787, 57.535243988, 84.4301147461, 63.5043792725, 202.151504517, 11.562335968, 69.5452880859, -41.721824646], [-40.531955719, 153.535247803, -53.1100578308, 70.4648742676, 9.64948177338, 24.9095001221, 28.936006546, 8.45774936676, 49.4857826233, 11.562335968, 101.473716736, 16.2801876068, 58.2810096741], [198.502471924, -178.300735474, 132.850662231, -76.6900863647, 56.7581100464, 2.48227906227, 5.68698310852, 41.334312439, -4.72994184494, 69.5452880859, 16.2801876068, 117.774971008, 3.12459468842], [-92.6680831909, 213.659286499, -96.4788513184, 103.156646729, -26.9269180298, 21.5893955231, 5.95013046265, -14.8695888519, 21.9631614685, -41.721824646, 58.2810096741, 3.12459468842, 119.64755249]],
        "icov": [[0.000327616988216, -0.000403851940064, 7.78502799221e-005, -0.000179539696546, 0.000271597935352, -0.000249055068707, 0.000399644981371, -0.000356552511221, 0.000477465684526, -0.000741732248571, 0.000482803559862, -0.0010156998178, 0.000679418735672], [-0.000403851940064, 0.00235586264171, -0.000509780482389, 0.000495425658301, -0.00128834764473, 0.000781750946771, -0.00115600030404, 0.00119424285367, -0.00263195368461, 0.00337236607447, -0.0021607473027, 0.0036663019564, -0.00296718161553], [7.78502799221e-005, -0.000509780482389, 0.00128394004423, -0.000407571671531, -7.18111623428e-005, -0.000663203943986, 9.25806598389e-005, -0.00076996529242, 0.00134684250224, -0.000439123192336, 0.000753954227548, -0.002136887284, 0.0016487481771], [-0.000179539696546, 0.000495425658301, -0.000407571671531, 0.00304248556495, -0.000730677333195, -0.00110155134462, -0.000877938116901, 0.000135536203743, -0.00111192802433, 0.0019604684785, -0.00132402474992, 0.00290871574543, -0.00242400006391], [0.000271597935352, -0.00128834764473, -7.18111623428e-005, -0.000730677333195, 0.00575198093429, -0.00179498130456, -0.000961534795351, -0.000171204781509, -0.000171152787516, -0.00323985610157, 0.00228583789431, -0.00390983466059, 0.00261831609532], [-0.000249055068707, 0.000781750946771, -0.000663203943986, -0.00110155134462, -0.00179498130456, 0.00729101523757, -0.00180560373701, -0.00113062851597, -0.000243413363933, 0.00177561515011, -0.00130332086701, 0.00199637725018, -0.00169766903855], [0.000399644981371, -0.00115600030404, 9.25806598389e-005, -0.000877938116901, -0.000961534795351, -0.00180560373701, 0.00801165867597, -0.00177816045471, -0.00126948265824, -0.0019937097095, 0.0010214750655, -0.00142306694761, 0.00177284108941], [-0.000356552511221, 0.00119424285367, -0.00076996529242, 0.000135536203743, -0.000171204781509, -0.00113062851597, -0.00177816045471, 0.0105574233457, -0.0027196072042, -0.00109403708484, -0.000422806100687, 0.000481589842821, -0.00126941001508], [0.000477465684526, -0.00263195368461, 0.00134684250224, -0.00111192802433, -0.000171152787516, -0.000243413363933, -0.00126948265824, -0.0027196072042, 0.0148791372776, -0.00691254297271, -0.00134404876735, -0.00112736353185, 0.00238743494265], [-0.000741732248571, 0.00337236607447, -0.000439123192336, 0.0019604684785, -0.00323985610157, 0.00177561515011, -0.0019937097095, -0.00109403708484, -0.00691254297271, 0.0155780147761, -0.00460264552385, 0.00131329859141, -0.000818610831629], [0.000482803559862, -0.0021607473027, 0.000753954227548, -0.00132402474992, 0.00228583789431, -0.00130332086701, 0.0010214750655, -0.000422806100687, -0.00134404876735, -0.00460264552385, 0.0188732612878, -0.00661810627207, -0.00375047069974], [-0.0010156998178, 0.0036663019564, -0.002136887284, 0.00290871574543, -0.00390983466059, 0.00199637725018, -0.00142306694761, 0.000481589842821, -0.00112736353185, 0.00131329859141, -0.00661810627207, 0.0221419017762, -0.00936377700418], [0.000679418735672, -0.00296718161553, 0.0016487481771, -0.00242400006391, 0.00261831609532, -0.00169766903855, 0.00177284108941, -0.00126941001508, 0.00238743494265, -0.000818610831629, -0.00375047069974, -0.00936377700418, 0.019599461928]]
    },
    "melbands": {
        "mean": [0.000700595963281, 0.00108760653529, 0.00243534496985, 0.00256811128929, 0.0015447611222, 0.000968459178694, 0.000387901731301, 0.000279585190583, 0.000131961947773, 7.45953220758e-005, 3.64271108992e-005, 3.40730148309e-005, 4.33937530033e-005, 2.55019749602e-005, 2.2420015739e-005, 2.12761460716e-005, 3.56386153726e-005, 3.51628550561e-005, 3.00490628433e-005, 2.68998865067e-005, 1.72797354026e-005, 1.61812586157e-005, 1.35974469231e-005, 1.20197200886e-005, 6.9231073212e-006, 6.88550744599e-006, 5.79597508477e-006, 4.48902437711e-006, 3.2680793538e-006, 2.83010331259e-006, 2.06217396226e-006, 1.58121758886e-006, 1.45422336573e-006, 1.21458094782e-006, 9.80661525318e-007, 7.44626504456e-007, 5.87431088661e-007, 5.44934096069e-007, 4.63435583242e-007, 4.01106461823e-007],
        "var": [2.24420546147e-006, 5.77249284106e-006, 9.66069728747e-006, 6.39398331259e-006, 3.7386466829e-006, 1.40604811349e-006, 2.56219976791e-007, 1.39235993402e-007, 6.35129495663e-008, 4.1717211019e-008, 1.6966172911e-009, 1.3165064594e-009, 2.8246356365e-009, 1.56859558675e-009, 1.13794484946e-009, 9.38755850832e-010, 2.65418220735e-009, 3.32882255094e-009, 3.98966282233e-009, 1.54786405915e-009, 5.58143253837e-010, 3.71065511651e-010, 2.41405423429e-010, 3.73291814126e-010, 8.26067686477e-011, 8.4306346626e-011, 1.61508098562e-010, 5.96969002009e-011, 2.93435067911e-011, 4.18129350588e-011, 1.35837001369e-011, 6.94996013864e-012, 4.94144699117e-012, 2.94190605037e-012, 1.85880521045e-012, 1.4078908395e-012, 9.91477841668e-013, 6.79115130017e-013, 4.78891665906e-013, 3.46583926922e-013]
    },
    "mfcc": {
        "mean": [-648.27911377, 115.196540833, -5.45635986328, 22.7215976715, 0.779121756554, -6.56886672974, -20.2856845856, -15.6632003784, -16.5677986145, -13.4241714478, -13.5880460739, -11.9829320908, -7.62887716293],
        "cov": [[2175.63842773, 267.938323975, 133.972259521, 81.6174163818, 167.997421265, 93.3537139893, 93.6368942261, 89.9513626099, 94.3069610596, 94.2009963989, 96.872795105, 96.3771209717, 103.75655365], [267.938323975, 1142.17211914, 111.036277771, 170.181869507, 123.804069519, 159.105422974, 74.5775299072, 135.285064697, 100.726821899, 60.2644538879, 75.0296401978, 34.5147247314, 44.9674949646], [133.972259521, 111.036277771, 932.982299805, 199.841094971, 211.174926758, 126.304450989, 185.62878418, 152.558059692, 69.2698669434, -6.61956787109, 7.05942869186, 27.4321403503, 29.6900863647], [81.6174163818, 170.181869507, 199.841094971, 433.972503662, 157.744094849, 199.043884277, 136.796447754, 144.08114624, 119.924201965, 99.1120071411, 71.4061050415, 53.6571998596, 44.0812225342], [167.997421265, 123.804069519, 211.174926758, 157.744094849, 284.826446533, 156.386962891, 122.16558075, 110.801513672, 88.907989502, 74.2518005371, 66.9214248657, 42.5509185791, 50.7304039001], [93.3537139893, 159.105422974, 126.304450989, 199.043884277, 156.386962891, 297.290130615, 150.124649048, 136.607406616, 120.440925598, 107.799102783, 86.6502914429, 58.1341590881, 42.8894309998], [93.6368942261, 74.5775299072, 185.62878418, 136.796447754, 122.16558075, 150.124649048, 209.956588745, 127.641052246, 98.0711669922, 76.6073760986, 62.8656005859, 46.3980293274, 41.6662216187], [89.9513626099, 135.285064697, 152.558059692, 144.08114624, 110.801513672, 136.607406616, 127.641052246, 186.779800415, 103.028656006, 65.801071167, 56.1735916138, 46.8403816223, 37.5918655396], [94.3069610596, 100.726821899, 69.2698669434, 119.924201965, 88.907989502, 120.440925598, 98.0711669922, 103.028656006, 157.05078125, 107.805778503, 81.0440292358, 60.4374656677, 47.6022796631], [94.2009963989, 60.2644538879, -6.61956787109, 99.1120071411, 74.2518005371, 107.799102783, 76.6073760986, 65.801071167, 107.805778503, 177.600799561, 113.064216614, 67.9064254761, 46.1244316101], [96.872795105, 75.0296401978, 7.05942869186, 71.4061050415, 66.9214248657, 86.6502914429, 62.8656005859, 56.1735916138, 81.0440292358, 113.064216614, 137.533218384, 72.9524230957, 45.0336837769], [96.3771209717, 34.5147247314, 27.4321403503, 53.6571998596, 42.5509185791, 58.1341590881, 46.3980293274, 46.8403816223, 60.4374656677, 67.9064254761, 72.9524230957, 94.5093765259, 51.1471138], [103.75655365, 44.9674949646, 29.6900863647, 44.0812225342, 50.7304039001, 42.8894309998, 41.6662216187, 37.5918655396, 47.6022796631, 46.1244316101, 45.0336837769, 51.1471138, 94.7882003784]],
        "icov": [[0.000511849240866, -9.47830558289e-005, -1.84687105502e-005, 6.72792739351e-005, -0.000222296308493, 9.24449268496e-005, -3.3148269722e-005, 1.45213698488e-005, 8.30283988762e-006, -5.52422534383e-005, -3.20841581924e-006, -0.000279644475086, -0.000279730389593], [-9.47830558289e-005, 0.00103367783595, -6.30940940027e-006, -0.000150870109792, -3.98136544391e-005, -0.000310000206809, 0.000420606549596, -0.000537371786777, -0.000234324048506, 0.000337957637385, -0.000506840355229, 0.000474339001812, -0.000186609526281], [-1.84687105502e-005, -6.30940940027e-006, 0.00157586997375, -0.000339934660587, -0.000841097615194, 0.000355707976269, -0.00106367620174, -0.000421155564254, 3.48454996129e-005, 0.000841283646878, 0.00037869415246, -0.000387126230635, 0.000213585968595], [6.72792739351e-005, -0.000150870109792, -0.000339934660587, 0.00385240721516, -0.000516912317835, -0.0013277719263, 1.93732521439e-005, -0.000913787051104, -0.000542644935194, -0.000731757492758, 0.000484358664835, -0.000111907800601, 3.01825821225e-006], [-0.000222296308493, -3.98136544391e-005, -0.000841097615194, -0.000516912317835, 0.00630276137963, -0.00161519902758, -0.000546593160834, -0.000571061449591, -2.83298559225e-005, -0.000229855970247, -0.00107658444904, 0.00129686365835, -0.00147179968189], [9.24449268496e-005, -0.000310000206809, 0.000355707976269, -0.0013277719263, -0.00161519902758, 0.00760729191825, -0.00232860795222, -0.00120498833712, -0.000919339014217, -0.000890460447408, -0.000452074804343, -0.00039889611071, 0.000800752604846], [-3.3148269722e-005, 0.000420606549596, -0.00106367620174, 1.93732521439e-005, -0.000546593160834, -0.00232860795222, 0.0108227431774, -0.00367785128765, -0.00120000902098, -0.000734664325137, -0.000588455819525, 0.000584967783652, -0.00086763483705], [1.45213698488e-005, -0.000537371786777, -0.000421155564254, -0.000913787051104, -0.000571061449591, -0.00120498833712, -0.00367785128765, 0.0124724945053, -0.00405247649178, 0.00126823456958, 0.000341626844602, -0.00128165679052, 0.000264280708507], [8.30283988762e-006, -0.000234324048506, 3.48454996129e-005, -0.000542644935194, -2.83298559225e-005, -0.000919339014217, -0.00120000902098, -0.00405247649178, 0.0161413773894, -0.00558574870229, -0.00034344670712, -0.00175080634654, -0.00137087795883], [-5.52422534383e-005, 0.000337957637385, 0.000841283646878, -0.000731757492758, -0.000229855970247, -0.000890460447408, -0.000734664325137, 0.00126823456958, -0.00558574870229, 0.0154338721186, -0.00843305047601, -0.000447889557108, -0.000134020519909], [-3.20841581924e-006, -0.000506840355229, 0.00037869415246, 0.000484358664835, -0.00107658444904, -0.000452074804343, -0.000588455819525, 0.000341626844602, -0.00034344670712, -0.00843305047601, 0.0197241790593, -0.00838773231953, 0.000235104744206], [-0.000279644475086, 0.000474339001812, -0.000387126230635, -0.000111907800601, 0.00129686365835, -0.00039889611071, 0.000584967783652, -0.00128165679052, -0.00175080634654, -0.000447889557108, -0.00838773231953, 0.0226676650345, -0.00715719535947], [-0.000279730389593, -0.000186609526281, 0.000213585968595, 3.01825821225e-006, -0.00147179968189, 0.000800752604846, -0.00086763483705, 0.000264280708507, -0.00137087795883, -0.000134020519909, 0.000235104744206, -0.00715719535947, 0.0160821601748]]
    },
    "spectral_contrast_coeffs": {
        "mean": [-0.441543251276, -0.646253705025, -0.748751878738, -0.749477982521, -0.758324682713, -0.726685523987],
        "var": [0.016297115013, 0.00758208334446, 0.00329588772729, 0.00190032448154, 0.00171245425008, 0.00257706874982]
    },
    "spectral_contrast_valleys": {
        "mean": [-8.66602802277, -6.95823812485, -7.84200191498, -7.96723175049, -7.84708309174, -10.670671463],
        "var": [2.97852158546, 1.44442796707, 1.12454724312, 1.10878872871, 0.855583012104, 0.8054240942]
    }
},
"metadata": {
    "audio_properties": {
        "analysis_sample_rate": 44100,
        "bit_rate": 108967,
        "equal_loudness": 0,
        "length": 45.0873451233,
        "lossless": 0,
        "replay_gain": -7.87570953369,
        "sample_rate": 44100,
        "codec": "mp3",
        "downmix": "mix",
        "md5_encoded": "14efce3f863cec788fa8fb4756efce2d"
    },
    "tags": {
        "file_name": "489.mp3"
    },
    "version": {
        "essentia": "2.1-beta2",
        "essentia_git_sha": "v2.1_beta2",
        "extractor": "music 1.0"
    }
},
"rhythm": {
    "beats_count": 71,
    "beats_loudness": {
        "mean": 0.0394123084843,
        "var": 0.000440557225375
    },
    "bpm": 95.0070877075,
    "bpm_histogram_first_peak_bpm": {
        "mean": 96,
        "var": 0
    },
    "bpm_histogram_first_peak_spread": {
        "mean": 0.399999976158,
        "var": 0
    },
    "bpm_histogram_first_peak_weight": {
        "mean": 0.600000023842,
        "var": 0
    },
    "bpm_histogram_second_peak_bpm": {
        "mean": 0,
        "var": 0
    },
    "bpm_histogram_second_peak_spread": {
        "mean": 0,
        "var": 0
    },
    "bpm_histogram_second_peak_weight": {
        "mean": 0,
        "var": 0
    },
    "danceability": 1.05524039268,
    "onset_rate": 2.39442563057,
    "beats_loudness_band_ratio": {
        "mean": [0.376580119133, 0.43086874485, 0.118100047112, 0.0651188120246, 0.0938209444284, 0.0241543650627],
        "var": [0.0679212659597, 0.0433393269777, 0.00821746140718, 0.00419612973928, 0.0181979648769, 0.000717140443157]
    },
    "beats_position": [0.626938760281, 1.26548755169, 1.90403628349, 2.53097510338, 3.15791368484, 3.78485250473, 4.41179132462, 5.0387301445, 5.67727899551, 6.31582736969, 6.94276618958, 7.58131504059, 8.20825386047, 8.84680271149, 9.47374153137, 10.1122903824, 10.7508392334, 11.3777770996, 12.0047159195, 12.6316547394, 13.2585935593, 13.8971424103, 14.5356912613, 15.1626300812, 15.7895689011, 16.4281177521, 17.0666656494, 17.693605423, 18.3205432892, 18.9474830627, 19.574420929, 20.2129707336, 20.851518631, 21.4784584045, 22.1053962708, 22.7439460754, 23.3708839417, 24.009431839, 24.6363716125, 25.2633094788, 25.8902492523, 26.5287971497, 27.1673469543, 27.7942848206, 28.4212245941, 29.0481624603, 29.6751022339, 30.3136501312, 30.9521980286, 31.5791378021, 32.2060775757, 32.8330154419, 33.4715652466, 34.1101112366, 34.7370529175, 35.3639907837, 36.0025405884, 36.6410865784, 37.2680282593, 37.8949661255, 38.5219039917, 39.1604537964, 39.7989997864, 40.4259414673, 41.0528793335, 41.6798171997, 42.3183670044, 42.9453048706, 43.5722427368, 44.2107925415, 44.8377304077]
},
"tonal": {
    "chords_changes_rate": 0.0648148134351,
    "chords_number_rate": 0.00720164598897,
    "chords_strength": {
        "mean": 0.463173866272,
        "var": 0.00528778368607
    },
    "hpcp_entropy": {
        "mean": 1.78543710709,
        "var": 0.561023175716
    },
    "key_strength": 0.662937700748,
    "tuning_diatonic_strength": 0.509285211563,
    "tuning_equal_tempered_deviation": 0.0424596369267,
    "tuning_frequency": 438.224517822,
    "tuning_nontempered_energy_ratio": 0.620174586773,
    "hpcp": {
        "mean": [0.205759376287, 0.128553122282, 0.0333077274263, 0.0217316821218, 0.0217952746898, 0.122919045389, 0.312110334635, 0.237549751997, 0.0953238606453, 0.1268106848, 0.0852101668715, 0.0295841824263, 0.0254893451929, 0.0259217452258, 0.108744651079, 0.214715212584, 0.144040867686, 0.042717397213, 0.0301859155297, 0.0368330217898, 0.211596354842, 0.409406960011, 0.278232246637, 0.207210481167, 0.273274213076, 0.137620061636, 0.037078179419, 0.0465869307518, 0.0396154820919, 0.187413722277, 0.358582258224, 0.205878689885, 0.0313410535455, 0.019902182743, 0.0244589652866, 0.114791877568],
        "var": [0.0989531353116, 0.0393422916532, 0.00698770163581, 0.00477599538863, 0.00423829397187, 0.0233224071562, 0.137502774596, 0.0803437978029, 0.0198185667396, 0.0545627884567, 0.0280486829579, 0.00467262649909, 0.00550731038675, 0.0055191158317, 0.0263369586319, 0.0957019850612, 0.0420049503446, 0.00976180005819, 0.00672255968675, 0.00976536422968, 0.0524630360305, 0.1611674577, 0.0789988785982, 0.067413315177, 0.156560778618, 0.0436689816415, 0.00719304988161, 0.0126218656078, 0.00646227132529, 0.0442102439702, 0.138135522604, 0.049209266901, 0.00380544341169, 0.00280124437995, 0.00339762307703, 0.0337547883391]
    },
    "chords_histogram": [5.86419773102, 42.0781898499, 13.0658435822, 0.411522626877, 0, 0, 3.39506173134, 0, 0.102880656719, 0, 0, 0, 0, 0, 0, 0.617283940315, 0, 0.205761313438, 0, 0, 0.205761313438, 6.06995868683, 20.8847732544, 7.09876537323],
    "thpcp": [1, 0.679598212242, 0.506123483181, 0.667487978935, 0.336144894361, 0.0905655846, 0.113791249692, 0.0967630892992, 0.457768768072, 0.875857770443, 0.502870500088, 0.076552323997, 0.0486122220755, 0.0597424283624, 0.280385762453, 0.502579092979, 0.313998371363, 0.0813560336828, 0.0530808791518, 0.0532362088561, 0.300236821175, 0.762347400188, 0.580228924751, 0.232833996415, 0.309742391109, 0.208130717278, 0.0722610652447, 0.0622591897845, 0.0633153542876, 0.265615046024, 0.524454236031, 0.351828098297, 0.104339696467, 0.0737308338284, 0.0899667665362, 0.516836225986],
    "chords_key": "E",
    "chords_scale": "minor",
    "key_key": "C",
    "key_scale": "major"
}
}