{
"lowlevel": {
    "average_loudness": 0.897809386253,
    "barkbands_crest": {
        "mean": 10.8711051941,
        "var": 16.4754104614
    },
    "barkbands_flatness_db": {
        "mean": 0.209565237164,
        "var": 0.00138995738234
    },
    "barkbands_kurtosis": {
        "mean": 3.45354676247,
        "var": 27.0493278503
    },
    "barkbands_skewness": {
        "mean": 1.4191724062,
        "var": 0.905918180943
    },
    "barkbands_spread": {
        "mean": 9.8294506073,
        "var": 25.0821533203
    },
    "dissonance": {
        "mean": 0.433518499136,
        "var": 0.001580739161
    },
    "dynamic_complexity": 3.47280526161,
    "erbbands_crest": {
        "mean": 10.7596235275,
        "var": 21.1482563019
    },
    "erbbands_flatness_db": {
        "mean": 0.23925678432,
        "var": 0.00151440117043
    },
    "erbbands_kurtosis": {
        "mean": 0.526431977749,
        "var": 3.62799286842
    },
    "erbbands_skewness": {
        "mean": 0.36316460371,
        "var": 0.310381859541
    },
    "erbbands_spread": {
        "mean": 22.2832107544,
        "var": 108.670288086
    },
    "hfc": {
        "mean": 12.3535642624,
        "var": 156.683334351
    },
    "melbands_crest": {
        "mean": 13.0281639099,
        "var": 17.8297538757
    },
    "melbands_flatness_db": {
        "mean": 0.267310291529,
        "var": 0.00233274279162
    },
    "melbands_kurtosis": {
        "mean": 6.538022995,
        "var": 76.0883102417
    },
    "melbands_skewness": {
        "mean": 1.83893680573,
        "var": 1.52676582336
    },
    "melbands_spread": {
        "mean": 13.437335968,
        "var": 59.0070037842
    },
    "pitch_salience": {
        "mean": 0.558326900005,
        "var": 0.00999617762864
    },
    "silence_rate_20dB": {
        "mean": 1,
        "var": 0
    },
    "silence_rate_30dB": {
        "mean": 0.999485313892,
        "var": 0.00051440106472
    },
    "silence_rate_60dB": {
        "mean": 0.0535254776478,
        "var": 0.050662457943
    },
    "spectral_centroid": {
        "mean": 685.01348877,
        "var": 148397.84375
    },
    "spectral_complexity": {
        "mean": 14.2732887268,
        "var": 15.6870241165
    },
    "spectral_decrease": {
        "mean": -5.39033129243e-009,
        "var": 2.3309648568e-017
    },
    "spectral_energy": {
        "mean": 0.0214648451656,
        "var": 0.000370377965737
    },
    "spectral_energyband_high": {
        "mean": 3.96643372369e-005,
        "var": 4.91461848995e-009
    },
    "spectral_energyband_low": {
        "mean": 0.000820039073005,
        "var": 3.76095528054e-007
    },
    "spectral_energyband_middle_high": {
        "mean": 0.00437252409756,
        "var": 3.02232911054e-005
    },
    "spectral_energyband_middle_low": {
        "mean": 0.0167351849377,
        "var": 0.000266404735157
    },
    "spectral_entropy": {
        "mean": 6.76103162766,
        "var": 0.156880825758
    },
    "spectral_flux": {
        "mean": 0.0608939863741,
        "var": 0.00132511393167
    },
    "spectral_kurtosis": {
        "mean": 15.3780031204,
        "var": 69.8388900757
    },
    "spectral_rms": {
        "mean": 0.00415972620249,
        "var": 3.63800063496e-006
    },
    "spectral_rolloff": {
        "mean": 959.205993652,
        "var": 738901.25
    },
    "spectral_skewness": {
        "mean": 2.86201882362,
        "var": 0.524416029453
    },
    "spectral_spread": {
        "mean": 2648091,
        "var": 2.6695017431e+012
    },
    "spectral_strongpeak": {
        "mean": 1.23979282379,
        "var": 1.76885724068
    },
    "zerocrossingrate": {
        "mean": 0.035520888865,
        "var": 0.000554816855583
    },
    "barkbands": {
        "mean": [6.63783907839e-007, 5.25154755451e-005, 0.000403294863645, 0.0016142782988, 0.00579316075891, 0.00185115577187, 0.00123540731147, 0.00246795872226, 0.00346361007541, 0.00151056179311, 0.000470502156531, 0.000713118177373, 0.000913874187972, 0.00047287036432, 0.000186455217772, 0.000101064615592, 7.04974590917e-005, 3.79644188797e-005, 5.39101638424e-005, 1.85578301171e-005, 2.58845147982e-006, 3.61333036381e-006, 1.37737706609e-005, 1.05625749711e-005, 2.68173721452e-006, 2.11994333199e-007, 9.22508913703e-009],
        "var": [2.99246911972e-012, 1.17789102916e-008, 1.21523143548e-007, 4.66823621537e-006, 7.49141472625e-005, 2.85204873762e-006, 5.24134202351e-006, 3.77714095521e-005, 9.50910762185e-005, 1.33226794787e-005, 5.93751508404e-007, 1.43675072195e-006, 1.97526924239e-006, 1.13285398129e-006, 7.31631146778e-008, 1.33420448023e-008, 1.04773834053e-008, 2.37507902234e-009, 4.31642632748e-009, 9.2098900728e-010, 3.0800636347e-011, 4.45734456289e-011, 7.24085402748e-010, 6.85981049742e-010, 3.25646731802e-011, 5.07002886939e-014, 1.36710164775e-015]
    },
    "erbbands": {
        "mean": [0.000538557593245, 0.0244535543025, 0.412970632315, 2.84004449844, 21.7643508911, 11.5637531281, 11.4850521088, 15.6317129135, 18.631357193, 19.2376346588, 71.5081253052, 86.9263305664, 40.9125099182, 46.7069244385, 27.9402141571, 26.9010372162, 44.5900115967, 30.8095970154, 11.9638156891, 6.57867622375, 6.63974332809, 3.67120695114, 2.05542254448, 2.95593762398, 2.0543615818, 0.910032093525, 0.200843259692, 0.083924613893, 0.116284646094, 0.250722885132, 0.399974673986, 0.272331267595, 0.154997691512, 0.0479022264481, 0.0123133100569, 0.00194136542268, 0.000244125083555, 4.29382416769e-005, 1.20819404401e-005, 2.46256331593e-005],
        "var": [1.69293218732e-006, 0.00117742898874, 0.11271751672, 10.0735311508, 1400.89123535, 198.400299072, 132.133682251, 207.972808838, 1210.52294922, 1213.36413574, 25752.0585938, 70749.0234375, 7890.21728516, 16799.2636719, 1450.72399902, 1651.96813965, 4124.61083984, 4661.39550781, 241.038879395, 99.9145507813, 44.4409980774, 27.502456665, 7.7783575058, 10.9793148041, 6.04716062546, 2.07585048676, 0.104297980666, 0.0461408533156, 0.0556986294687, 0.20039087534, 0.709678947926, 0.381181061268, 0.158417016268, 0.0123575404286, 0.000447175669251, 6.80303583067e-006, 4.85806239681e-008, 2.54616039363e-009, 1.50093354412e-010, 4.82279216563e-010]
    },
    "gfcc": {
        "mean": [-72.4811019897, 147.562133789, -139.739654541, -8.32539367676, -65.4632873535, 6.84755563736, -57.7134094238, -9.75450134277, -30.7075080872, -25.4821929932, -4.296210289, -19.1824989319, -16.5497913361],
        "cov": [[4191.68798828, 33.052116394, -709.54309082, 12.7631969452, -491.475494385, -44.8058929443, 11.8956651688, 87.4308853149, -65.3360671997, -173.590560913, -47.912727356, -313.702758789, -47.8912773132], [33.052116394, 417.468353271, 27.0754489899, -174.530929565, 189.379058838, -119.476249695, 34.1219711304, -33.654914856, 22.8789386749, -21.0348243713, -1.18859815598, 19.4822502136, -55.1104202271], [-709.54309082, 27.0754489899, 302.00012207, 86.3923339844, 103.114898682, 54.651599884, -61.5129508972, -67.3191452026, -17.5126285553, 7.288397789, 2.13093090057, 77.1501617432, 8.66780281067], [12.7631969452, -174.530929565, 86.3923339844, 308.45602417, -56.6885566711, 106.196578979, -103.298789978, -42.2698097229, -29.6098861694, -31.7851734161, 22.8110046387, 3.17205834389, 57.419719696], [-491.475494385, 189.379058838, 103.114898682, -56.6885566711, 255.787536621, -46.8025817871, -20.7486686707, -37.7140846252, -2.25415802002, 2.99753093719, -11.8846759796, 63.3390655518, -26.5760746002], [-44.8058929443, -119.476249695, 54.651599884, 106.196578979, -46.8025817871, 172.150634766, -26.8398685455, -11.5932044983, -23.6902942657, 0.269664883614, 10.6351108551, 19.117805481, 29.9368267059], [11.8956651688, 34.1219711304, -61.5129508972, -103.298789978, -20.7486686707, -26.8398685455, 160.961120605, 51.7387886047, 21.6120109558, 8.08362674713, -7.69008111954, -27.2106494904, -31.1352863312], [87.4308853149, -33.654914856, -67.3191452026, -42.2698097229, -37.7140846252, -11.5932044983, 51.7387886047, 103.230506897, 31.8917503357, 22.8314361572, -2.35059976578, -20.6414299011, -3.06133079529], [-65.3360671997, 22.8789386749, -17.5126285553, -29.6098861694, -2.25415802002, -23.6902942657, 21.6120109558, 31.8917503357, 76.8971252441, 30.8217582703, 1.93063676357, -8.57199478149, -13.2980327606], [-173.590560913, -21.0348243713, 7.288397789, -31.7851734161, 2.99753093719, 0.269664883614, 8.08362674713, 22.8314361572, 30.8217582703, 102.593353271, 4.55123949051, 4.77374458313, -4.7891497612], [-47.912727356, -1.18859815598, 2.13093090057, 22.8110046387, -11.8846759796, 10.6351108551, -7.69008111954, -2.35059976578, 1.93063676357, 4.55123949051, 56.4807777405, 17.2430419922, 3.42212510109], [-313.702758789, 19.4822502136, 77.1501617432, 3.17205834389, 63.3390655518, 19.117805481, -27.2106494904, -20.6414299011, -8.57199478149, 4.77374458313, 17.2430419922, 108.671073914, 9.61205863953], [-47.8912773132, -55.1104202271, 8.66780281067, 57.419719696, -26.5760746002, 29.9368267059, -31.1352863312, -3.06133079529, -13.2980327606, -4.7891497612, 3.42212510109, 9.61205863953, 64.8033599854]],
        "icov": [[0.000958156248089, -0.00173450959846, 0.00206055422314, -0.00100070203189, 0.00213281041943, -0.000506055366714, 0.00106916145887, -0.000622162711807, 0.00141242472455, 0.00037160658394, 0.00148148124572, 0.000355114723789, 0.00162324449047], [-0.00173450959846, 0.00912685785443, -0.00422190874815, 0.00458124745637, -0.00744796963409, 0.00231429981068, -0.00218292651698, 0.0031845017802, -0.00454590748996, 0.00176310585812, -0.00521888164803, 0.000842369394377, -0.00268851965666], [0.00206055422314, -0.00422190874815, 0.0101598054171, -0.0039912047796, 0.00313099869527, -0.00230966345407, 0.00217758514918, 0.000735717534553, 0.00283888587728, -0.000530489371158, 0.00460647279397, -0.00197423389181, 0.00413483614102], [-0.00100070203189, 0.00458124745637, -0.0039912047796, 0.00884075742215, -0.00287812296301, -0.00126917008311, 0.00164217187557, 0.00188027787954, -0.0028302280698, 0.0025594739709, -0.00479927379638, 0.00234471494332, -0.00434530666098], [0.00213281041943, -0.00744796963409, 0.00313099869527, -0.00287812296301, 0.0132069755346, -0.000242735128268, 0.00327251618728, -0.00174005876761, 0.00438881106675, -0.000502565642819, 0.00635412707925, -0.00292636477388, 0.00535410502926], [-0.000506055366714, 0.00231429981068, -0.00230966345407, -0.00126917008311, -0.000242735128268, 0.00916540808976, -0.00146791094448, 0.000367343600374, 0.000845502188895, -0.000799828732852, -0.00113890517969, -0.00154447904788, -0.00159028556664], [0.00106916145887, -0.00218292651698, 0.00217758514918, 0.00164217187557, 0.00327251618728, -0.00146791094448, 0.0109435589984, -0.00421225139871, 0.00134732027072, 0.00135553115979, 0.00148865603842, 0.00160259800032, 0.00432685064152], [-0.000622162711807, 0.0031845017802, 0.000735717534553, 0.00188027787954, -0.00174005876761, 0.000367343600374, -0.00421225139871, 0.0160430185497, -0.00591896474361, -0.00136849016417, -0.0011070179753, 2.57257834164e-005, -0.00292639341205], [0.00141242472455, -0.00454590748996, 0.00283888587728, -0.0028302280698, 0.00438881106675, 0.000845502188895, 0.00134732027072, -0.00591896474361, 0.0202047973871, -0.00450595468283, 0.00207048282027, 0.000512243015692, 0.00471071526408], [0.00037160658394, 0.00176310585812, -0.000530489371158, 0.0025594739709, -0.000502565642819, -0.000799828732852, 0.00135553115979, -0.00136849016417, -0.00450595468283, 0.0131861120462, -0.00168477185071, 0.000874567369465, 0.000336228200467], [0.00148148124572, -0.00521888164803, 0.00460647279397, -0.00479927379638, 0.00635412707925, -0.00113890517969, 0.00148865603842, -0.0011070179753, 0.00207048282027, -0.00168477185071, 0.0237195752561, -0.00512961018831, 0.00389645621181], [0.000355114723789, 0.000842369394377, -0.00197423389181, 0.00234471494332, -0.00292636477388, -0.00154447904788, 0.00160259800032, 2.57257834164e-005, 0.000512243015692, 0.000874567369465, -0.00512961018831, 0.0148127768189, -0.00230660289526], [0.00162324449047, -0.00268851965666, 0.00413483614102, -0.00434530666098, 0.00535410502926, -0.00159028556664, 0.00432685064152, -0.00292639341205, 0.00471071526408, 0.000336228200467, 0.00389645621181, -0.00230660289526, 0.0236405786127]]
    },
    "melbands": {
        "mean": [8.17172440293e-006, 0.000137443697895, 0.00106201786548, 0.00138971523847, 0.000370361580281, 0.00034412034438, 0.000278240273474, 0.000262689980445, 0.000639347650576, 0.000496610067785, 0.000190893711988, 0.000197619316168, 7.65681543271e-005, 9.73677015281e-005, 7.62076451792e-005, 8.60595027916e-005, 5.3264269809e-005, 1.79326852958e-005, 1.2383397916e-005, 5.99312352279e-006, 8.03936654847e-006, 3.71985674974e-006, 2.82195946966e-006, 1.47715638832e-006, 2.55417467088e-006, 1.99338478524e-006, 9.56278427111e-007, 4.95747769946e-007, 1.42112568824e-007, 4.04446787172e-008, 4.88778546526e-008, 6.22037177322e-008, 7.4544708184e-008, 1.71054594489e-007, 2.37269219383e-007, 2.17762533339e-007, 1.48862341121e-007, 1.17594844085e-007, 6.93045052458e-008, 3.12995211971e-008],
        "var": [4.47171438767e-010, 1.50004044741e-008, 2.5301731057e-006, 4.56790894532e-006, 1.09071692123e-007, 1.01780763373e-007, 2.6595756708e-007, 3.16631030728e-007, 1.94725066649e-006, 2.24154882744e-006, 2.00021275987e-007, 3.22462682334e-007, 1.11959295168e-008, 2.731870552e-008, 1.4240288948e-008, 1.92874747285e-008, 1.52044403734e-008, 6.19688855785e-010, 3.22380899753e-010, 8.40602309982e-011, 6.39506850253e-011, 3.42976654022e-011, 2.75802818084e-011, 2.85337465461e-012, 9.37489755964e-012, 6.53751098395e-012, 2.25189051434e-012, 6.72506158834e-013, 6.44177501055e-014, 7.1310153759e-015, 2.14283733308e-014, 2.00040315259e-014, 1.75975025025e-014, 9.80618513366e-014, 2.51359154844e-013, 2.23875835947e-013, 1.35036011778e-013, 9.88064068497e-014, 3.17207706228e-014, 4.9814753017e-015]
    },
    "mfcc": {
        "mean": [-710.466247559, 181.36630249, -15.9813919067, -16.5706577301, 7.07196092606, -10.2094736099, -8.36152744293, 0.429856747389, -32.5837249756, 1.94087946415, -13.3992967606, -14.1904401779, -4.73307466507],
        "cov": [[2767.66723633, -474.671112061, -171.714538574, -69.7920150757, -363.598388672, -236.571136475, 33.3386878967, 38.187877655, 35.1203727722, 115.552375793, 59.8601226807, -0.0826470479369, -157.489593506], [-474.671112061, 815.103515625, -211.793380737, -2.36265397072, 62.6115760803, -34.4416389465, -18.8929176331, 26.0247631073, -30.6742095947, 26.2424316406, 35.3373832703, -25.089723587, 50.4643936157], [-171.714538574, -211.793380737, 294.960266113, 30.5049438477, 61.8989105225, 105.566947937, 5.9874048233, -8.51787853241, -14.132610321, -43.6923904419, -42.1155433655, 0.640882730484, -6.3544011116], [-69.7920150757, -2.36265397072, 30.5049438477, 134.054214478, 68.9823074341, 13.1656799316, -15.2643880844, -3.67138600349, -22.0531044006, -6.60807180405, -34.4599266052, -10.0834655762, 5.68618011475], [-363.598388672, 62.6115760803, 61.8989105225, 68.9823074341, 244.99369812, 75.1990509033, -32.1569442749, -5.80030107498, -41.9265289307, -41.0690689087, -59.2462310791, -28.9523868561, 17.0228157043], [-236.571136475, -34.4416389465, 105.566947937, 13.1656799316, 75.1990509033, 150.260101318, 13.9030952454, -3.07144880295, -17.591091156, -36.1861495972, -15.5431776047, -21.9423866272, 0.71501916647], [33.3386878967, -18.8929176331, 5.9874048233, -15.2643880844, -32.1569442749, 13.9030952454, 85.240486145, 18.864730835, 8.0330696106, 4.06869888306, 5.56822395325, 0.163582339883, -5.29331684113], [38.187877655, 26.0247631073, -8.51787853241, -3.67138600349, -5.80030107498, -3.07144880295, 18.864730835, 101.684074402, -5.95316171646, -6.04074001312, 1.37299227715, -6.11206531525, 2.51186919212], [35.1203727722, -30.6742095947, -14.132610321, -22.0531044006, -41.9265289307, -17.591091156, 8.0330696106, -5.95316171646, 96.2285461426, 24.388004303, 24.8433666229, 18.9983825684, -2.2512075901], [115.552375793, 26.2424316406, -43.6923904419, -6.60807180405, -41.0690689087, -36.1861495972, 4.06869888306, -6.04074001312, 24.388004303, 100.674690247, 33.7262496948, 12.6710424423, 9.82508182526], [59.8601226807, 35.3373832703, -42.1155433655, -34.4599266052, -59.2462310791, -15.5431776047, 5.56822395325, 1.37299227715, 24.8433666229, 33.7262496948, 103.353416443, 24.4619178772, -6.0451374054], [-0.0826470479369, -25.089723587, 0.640882730484, -10.0834655762, -28.9523868561, -21.9423866272, 0.163582339883, -6.11206531525, 18.9983825684, 12.6710424423, 24.4619178772, 82.6695480347, 19.7531108856], [-157.489593506, 50.4643936157, -6.3544011116, 5.68618011475, 17.0228157043, 0.71501916647, -5.29331684113, 2.51186919212, -2.2512075901, 9.82508182526, -6.0451374054, 19.7531108856, 97.9472579956]],
        "icov": [[0.000637095596176, 0.000434832239989, 0.000336512224749, -4.53623251815e-005, 0.00056577718351, 0.000534040911589, 4.03359117627e-005, -0.000298570637824, 0.000346716726199, -0.000512905709911, 8.23168666102e-005, 0.000237822241616, 0.000748963502701], [0.000434832239989, 0.00205560703762, 0.00156614254229, 6.18456324446e-005, -0.00037683226401, 0.000222838236368, 0.000100788412965, -0.000516893342137, 0.000728362821974, -0.000466045312351, -0.000679149699863, 0.000684129248839, -0.000295735604595], [0.000336512224749, 0.00156614254229, 0.00621633604169, -0.000572118617129, -3.22248633893e-005, -0.00338606117293, 0.000176565430593, -0.000229721947107, 0.000369522458641, 0.000211106307688, 0.00122808408923, -0.00117369787768, 0.000516238622367], [-4.53623251815e-005, 6.18456324446e-005, -0.000572118617129, 0.00930619146675, -0.00226404494606, 0.000620924227405, 0.00062101817457, 2.64352420345e-005, 0.00100494897924, -0.00116069731303, 0.00178568914998, -5.04374729644e-005, -4.35219050132e-007], [0.00056577718351, -0.00037683226401, -3.22248633893e-005, -0.00226404494606, 0.00759070878848, -0.00248362286948, 0.00234683719464, -0.000205809163162, 0.000990922329947, 0.000243787799263, 0.00243775849231, 0.000580276944675, 9.5965944638e-005], [0.000534040911589, 0.000222838236368, -0.00338606117293, 0.000620924227405, -0.00248362286948, 0.0120380343869, -0.00283053820021, 0.000574401579797, 0.000519250810612, 0.00169942236971, -0.00241434457712, 0.00293435086496, -0.000235097351833], [4.03359117627e-005, 0.000100788412965, 0.000176565430593, 0.00062101817457, 0.00234683719464, -0.00283053820021, 0.0138463824987, -0.00265425094403, -0.000584605499171, -0.000948218745179, 0.000961310463026, -0.000195654982235, 0.000597952865064], [-0.000298570637824, -0.000516893342137, -0.000229721947107, 2.64352420345e-005, -0.000205809163162, 0.000574401579797, -0.00265425094403, 0.0107422340661, 0.000443635886768, 0.00132022681646, -0.000550461001694, 0.000810174737126, -0.000937146774959], [0.000346716726199, 0.000728362821974, 0.000369522458641, 0.00100494897924, 0.000990922329947, 0.000519250810612, -0.000584605499171, 0.000443635886768, 0.0125715332106, -0.00224491930567, -0.00118904386181, -0.0014935095096, 0.000670814188197], [-0.000512905709911, -0.000466045312351, 0.000211106307688, -0.00116069731303, 0.000243787799263, 0.00169942236971, -0.000948218745179, 0.00132022681646, -0.00224491930567, 0.0133697828278, -0.0034702338744, 0.000401303375838, -0.00233121169731], [8.23168666102e-005, -0.000679149699863, 0.00122808408923, 0.00178568914998, 0.00243775849231, -0.00241434457712, 0.000961310463026, -0.000550461001694, -0.00118904386181, -0.0034702338744, 0.0143798487261, -0.00377620756626, 0.00208811834455], [0.000237822241616, 0.000684129248839, -0.00117369787768, -5.04374729644e-005, 0.000580276944675, 0.00293435086496, -0.000195654982235, 0.000810174737126, -0.0014935095096, 0.000401303375838, -0.00377620756626, 0.0156219573691, -0.00365505646914], [0.000748963502701, -0.000295735604595, 0.000516238622367, -4.35219050132e-007, 9.5965944638e-005, -0.000235097351833, 0.000597952865064, -0.000937146774959, 0.000670814188197, -0.00233121169731, 0.00208811834455, -0.00365505646914, 0.0127563625574]]
    },
    "spectral_contrast_coeffs": {
        "mean": [-0.497961103916, -0.672367274761, -0.719402372837, -0.740587830544, -0.74457937479, -0.809670805931],
        "var": [0.00744841480628, 0.00471948971972, 0.00466687511653, 0.00194600876421, 0.00171047647018, 0.000974603695795]
    },
    "spectral_contrast_valleys": {
        "mean": [-8.54237174988, -6.90769100189, -7.40903329849, -8.05774211884, -9.05505752563, -11.7827672958],
        "var": [0.895698308945, 0.938526690006, 0.915184855461, 0.857858300209, 1.1491754055, 1.26478123665]
    }
},
"metadata": {
    "audio_properties": {
        "analysis_sample_rate": 44100,
        "bit_rate": 110232,
        "equal_loudness": 0,
        "length": 45.0873451233,
        "lossless": 0,
        "replay_gain": -15.1629943848,
        "sample_rate": 44100,
        "codec": "mp3",
        "downmix": "mix",
        "md5_encoded": "4d3cdec276d35d7651c98eb2b36da450"
    },
    "tags": {
        "file_name": "49.mp3"
    },
    "version": {
        "essentia": "2.1-beta2",
        "essentia_git_sha": "v2.1_beta2",
        "extractor": "music 1.0"
    }
},
"rhythm": {
    "beats_count": 78,
    "beats_loudness": {
        "mean": 0.0319030359387,
        "var": 0.000451440311735
    },
    "bpm": 104.684432983,
    "bpm_histogram_first_peak_bpm": {
        "mean": 105,
        "var": 0
    },
    "bpm_histogram_first_peak_spread": {
        "mean": 0.459459453821,
        "var": 0
    },
    "bpm_histogram_first_peak_weight": {
        "mean": 0.519480526447,
        "var": 0
    },
    "bpm_histogram_second_peak_bpm": {
        "mean": 99,
        "var": 0
    },
    "bpm_histogram_second_peak_spread": {
        "mean": 0,
        "var": 0
    },
    "bpm_histogram_second_peak_weight": {
        "mean": 0.0389610379934,
        "var": 0
    },
    "danceability": 1.09485256672,
    "onset_rate": 2.86000847816,
    "beats_loudness_band_ratio": {
        "mean": [0.345752239227, 0.369801640511, 0.296274811029, 0.154726088047, 0.0324257239699, 0.00425913836807],
        "var": [0.0704891905189, 0.0419045463204, 0.0581760816276, 0.014307863079, 0.000777587876655, 1.27287094074e-005]
    },
    "beats_position": [0.592108845711, 1.18421769142, 1.764716506, 2.33360528946, 2.90249419212, 3.48299312592, 4.06349182129, 4.6439909935, 5.21287965775, 5.78176879883, 6.35065746307, 6.91954612732, 7.50004529953, 8.08054447174, 8.64943313599, 9.21832180023, 9.79882049561, 10.3677091599, 10.9482088089, 11.5287075043, 12.1092061996, 12.689704895, 13.2585935593, 13.8390922546, 14.4195919037, 15.0000905991, 15.5805892944, 16.1726989746, 16.7764167786, 17.3801364899, 17.9722442627, 18.5643539429, 19.1680717468, 19.760181427, 20.3522891998, 20.9211788177, 21.4900684357, 22.0589561462, 22.6278457642, 23.1967334747, 23.7656230927, 24.3345127106, 24.89179039, 25.4606800079, 26.0295696259, 26.5984573364, 27.1673469543, 27.7362346649, 28.3051242828, 28.8856239319, 29.4545116425, 30.0350112915, 30.6038990021, 31.1843986511, 31.753288269, 32.322177887, 32.8910636902, 33.4599533081, 34.0172348022, 34.5861206055, 35.1666221619, 35.7355079651, 36.2927894592, 36.8500671387, 37.4189567566, 37.9878463745, 38.545124054, 39.1024017334, 39.6712913513, 40.2401809692, 40.8206787109, 41.3895683289, 41.9584579468, 42.5389556885, 43.1078453064, 43.6767349243, 44.257232666, 44.8261222839]
},
"tonal": {
    "chords_changes_rate": 0.042181070894,
    "chords_number_rate": 0.00823045242578,
    "chords_strength": {
        "mean": 0.551143467426,
        "var": 0.00882192887366
    },
    "hpcp_entropy": {
        "mean": 1.76466119289,
        "var": 0.36922878027
    },
    "key_strength": 0.569575369358,
    "tuning_diatonic_strength": 0.463256627321,
    "tuning_equal_tempered_deviation": 0.0432829521596,
    "tuning_frequency": 445.884552002,
    "tuning_nontempered_energy_ratio": 0.657536447048,
    "hpcp": {
        "mean": [0.35383734107, 0.180294513702, 0.0393237993121, 0.0238240025938, 0.0224330145866, 0.0412034541368, 0.0471221767366, 0.0304747242481, 0.0669408738613, 0.0986896753311, 0.0736169070005, 0.111605904996, 0.15615400672, 0.121032208204, 0.145781233907, 0.170099616051, 0.0905665978789, 0.0359901376069, 0.0376118160784, 0.0842676609755, 0.32175719738, 0.441793829203, 0.211969301105, 0.076306886971, 0.0788695067167, 0.0649906024337, 0.104028120637, 0.134345322847, 0.156279236078, 0.305520862341, 0.339161157608, 0.169650867581, 0.0793078765273, 0.0738025978208, 0.105272300541, 0.266140282154],
        "var": [0.110954172909, 0.0392489694059, 0.00833849515766, 0.00543171679601, 0.0037495738361, 0.00527108088136, 0.00521726161242, 0.0036899400875, 0.0203109998256, 0.0414655953646, 0.0220982469618, 0.0369261130691, 0.069729603827, 0.0476821959019, 0.0493905991316, 0.0565374940634, 0.0295399967581, 0.01100811176, 0.0133030032739, 0.0305491667241, 0.0845426991582, 0.137862294912, 0.0406832881272, 0.036576833576, 0.0432328209281, 0.0253767538816, 0.0410304479301, 0.0570834055543, 0.0513823293149, 0.12117446214, 0.124778650701, 0.0594539381564, 0.0252788923681, 0.0238005127758, 0.0426070094109, 0.075724080205]
    },
    "chords_histogram": [4.83539104462, 12.2427988052, 45.7818946838, 0, 0, 0.102880656719, 0, 0, 0, 0, 0, 1.44032919407, 0.514403283596, 0, 0, 0, 0, 0, 1.85185182095, 13.5802469254, 11.5226335526, 8.12757205963, 0, 0],
    "thpcp": [1, 0.479792356491, 0.172720581293, 0.178521066904, 0.147106185555, 0.23546756804, 0.30409052968, 0.353737920523, 0.691546261311, 0.767691016197, 0.384004622698, 0.179513320327, 0.16705211997, 0.238283768296, 0.602408349514, 0.800910532475, 0.40809649229, 0.0890093892813, 0.0539256110787, 0.0507771112025, 0.0932639837265, 0.106661014259, 0.0689795166254, 0.151520624757, 0.223384007812, 0.166631817818, 0.252619892359, 0.353454470634, 0.273956298828, 0.32997572422, 0.385020345449, 0.204997420311, 0.081463649869, 0.0851343199611, 0.190739780664, 0.728297173977],
    "chords_key": "A",
    "chords_scale": "major",
    "key_key": "D",
    "key_scale": "major"
}
}