{
"lowlevel": {
    "average_loudness": 0.916108310223,
    "barkbands_crest": {
        "mean": 11.729932785,
        "var": 21.7173423767
    },
    "barkbands_flatness_db": {
        "mean": 0.241649717093,
        "var": 0.00551411882043
    },
    "barkbands_kurtosis": {
        "mean": 9.75303554535,
        "var": 163.201599121
    },
    "barkbands_skewness": {
        "mean": 2.12251234055,
        "var": 2.30029559135
    },
    "barkbands_spread": {
        "mean": 10.1475496292,
        "var": 106.99029541
    },
    "dissonance": {
        "mean": 0.409902274609,
        "var": 0.00233764341101
    },
    "dynamic_complexity": 2.74965190887,
    "erbbands_crest": {
        "mean": 10.4874458313,
        "var": 12.5960264206
    },
    "erbbands_flatness_db": {
        "mean": 0.204434931278,
        "var": 0.00223400932737
    },
    "erbbands_kurtosis": {
        "mean": 2.42633128166,
        "var": 5.59320688248
    },
    "erbbands_skewness": {
        "mean": 0.731914043427,
        "var": 0.484517037868
    },
    "erbbands_spread": {
        "mean": 24.277557373,
        "var": 358.409759521
    },
    "hfc": {
        "mean": 14.0602989197,
        "var": 667.61138916
    },
    "melbands_crest": {
        "mean": 19.6133861542,
        "var": 77.9130249023
    },
    "melbands_flatness_db": {
        "mean": 0.331360429525,
        "var": 0.00804825313389
    },
    "melbands_kurtosis": {
        "mean": 18.8118858337,
        "var": 801.160705566
    },
    "melbands_skewness": {
        "mean": 2.86171102524,
        "var": 4.11202764511
    },
    "melbands_spread": {
        "mean": 10.792014122,
        "var": 143.09526062
    },
    "pitch_salience": {
        "mean": 0.444408595562,
        "var": 0.0212683752179
    },
    "silence_rate_20dB": {
        "mean": 0.997425317764,
        "var": 0.00256808008999
    },
    "silence_rate_30dB": {
        "mean": 0.793511867523,
        "var": 0.163850203156
    },
    "silence_rate_60dB": {
        "mean": 0.00617919676006,
        "var": 0.00614097854123
    },
    "spectral_centroid": {
        "mean": 675.658874512,
        "var": 301508.34375
    },
    "spectral_complexity": {
        "mean": 11.1992788315,
        "var": 18.2787418365
    },
    "spectral_decrease": {
        "mean": -1.53121391122e-008,
        "var": 2.60313712301e-016
    },
    "spectral_energy": {
        "mean": 0.0590668357909,
        "var": 0.00383267900907
    },
    "spectral_energyband_high": {
        "mean": 0.000551448960323,
        "var": 7.24205119695e-006
    },
    "spectral_energyband_low": {
        "mean": 0.0426940433681,
        "var": 0.00234803115018
    },
    "spectral_energyband_middle_high": {
        "mean": 0.00254744314589,
        "var": 6.84522728989e-006
    },
    "spectral_energyband_middle_low": {
        "mean": 0.0147756366059,
        "var": 0.000640078738797
    },
    "spectral_entropy": {
        "mean": 6.7288146019,
        "var": 0.290900498629
    },
    "spectral_flux": {
        "mean": 0.101952932775,
        "var": 0.00781976711005
    },
    "spectral_kurtosis": {
        "mean": 10.8164491653,
        "var": 76.7980422974
    },
    "spectral_rms": {
        "mean": 0.00667958334088,
        "var": 1.30093785629e-005
    },
    "spectral_rolloff": {
        "mean": 648.869140625,
        "var": 1488082.5
    },
    "spectral_skewness": {
        "mean": 2.55938506126,
        "var": 0.892683565617
    },
    "spectral_spread": {
        "mean": 3857225.25,
        "var": 4.58869230797e+012
    },
    "spectral_strongpeak": {
        "mean": 0.601582407951,
        "var": 0.287836968899
    },
    "zerocrossingrate": {
        "mean": 0.0284422580153,
        "var": 0.00112822686788
    },
    "barkbands": {
        "mean": [0.00734848575667, 0.0267698056996, 0.00716631580144, 0.00388159113936, 0.00470155756921, 0.00231553963386, 0.00130099942908, 0.00143411906902, 0.000952470814809, 0.00121855956968, 0.000565984053537, 0.000385182909667, 0.000200873473659, 0.000116586554213, 3.91265784856e-005, 2.77964682027e-005, 1.31029009935e-005, 1.42829985634e-005, 3.15695433528e-005, 6.03270927968e-005, 8.04722585599e-005, 0.000105424092908, 8.90780211193e-005, 0.000135350535857, 9.58934178925e-005, 1.62087962963e-005, 1.81305154001e-007],
        "var": [0.00012345178402, 0.00100934610236, 0.000280514650512, 0.000159687304404, 0.000115701506729, 1.06485704237e-005, 3.03061551676e-006, 5.22450181961e-006, 1.39609119287e-006, 2.13410908145e-006, 1.4405619595e-006, 3.34927250378e-007, 2.22060137389e-007, 7.39573522424e-008, 5.06073183359e-009, 9.05792063577e-009, 5.38963762509e-009, 2.28794183599e-009, 1.29218440392e-008, 2.82849299538e-008, 7.40921919373e-008, 2.37815086734e-007, 1.92290130485e-007, 6.7114626745e-007, 4.38548255488e-007, 1.92043270175e-008, 4.28172091966e-013]
    },
    "erbbands": {
        "mean": [1.3002038002, 3.88113331795, 8.68158912659, 10.8202047348, 16.8899936676, 12.7205848694, 14.9885568619, 20.2192440033, 17.3070735931, 32.5432434082, 22.3123168945, 20.3617134094, 24.7988491058, 38.8347625732, 31.1259880066, 13.7484960556, 10.8695163727, 6.48857498169, 2.94229483604, 1.39717924595, 1.42944383621, 0.785945296288, 0.729757666588, 1.23804700375, 1.80801379681, 3.40879392624, 3.34203243256, 3.36076331139, 3.64244771004, 2.85377526283, 2.41016435623, 2.81396269798, 2.21770358086, 1.35946273804, 0.501499652863, 0.142639949918, 0.0139837423339, 0.00102662842255, 6.73444301356e-005, 6.8569832365e-005],
        "var": [2.71048212051, 38.126750946, 315.585479736, 1041.40197754, 2177.83105469, 673.388305664, 1057.22912598, 615.504577637, 436.206481934, 2977.92041016, 1045.58190918, 507.313018799, 796.601013184, 2278.19873047, 3209.36938477, 402.799530029, 596.757568359, 224.351547241, 21.2702445984, 9.97110462189, 27.8315410614, 18.0297489166, 6.09972047806, 16.7470493317, 37.7649078369, 96.102104187, 81.4433441162, 164.696685791, 290.831573486, 259.074737549, 129.728393555, 299.659057617, 179.553649902, 85.1039505005, 11.7907085419, 1.53542804718, 0.0102578783408, 1.389109093e-005, 2.83653740496e-008, 5.55297896554e-009]
    },
    "gfcc": {
        "mean": [-54.8717346191, 147.854644775, -86.2097244263, 19.9021167755, -73.1153182983, 25.187707901, -11.842634201, 3.60141134262, -19.5660591125, 6.07536268234, -5.39660310745, -7.51571035385, 5.60094261169],
        "cov": [[5202.40429688, -1222.16967773, 417.316345215, 647.648254395, -374.246734619, 530.142089844, -122.271125793, 191.447418213, -317.713012695, 259.223175049, -226.719711304, 67.5962982178, -189.220230103], [-1222.16967773, 1599.7869873, -86.8167419434, -268.935058594, 361.259155273, -211.346466064, 206.290893555, -233.627456665, 272.418914795, -209.459213257, 245.849914551, -126.099647522, 210.745666504], [417.316345215, -86.8167419434, 743.151794434, 271.099639893, 123.448486328, 172.157669067, 21.2058525085, 125.095603943, 89.0437011719, -27.8594455719, 21.9385108948, 9.85342693329, -49.6865386963], [647.648254395, -268.935058594, 271.099639893, 461.882904053, 3.577064991, 120.419128418, 40.2904624939, 104.454292297, 60.4089279175, -69.6541366577, 22.9523277283, -23.5221290588, -52.2121925354], [-374.246734619, 361.259155273, 123.448486328, 3.577064991, 293.48614502, 7.35214042664, 149.655456543, 10.4623994827, 128.230224609, -14.6540307999, 71.0963516235, -8.10546970367, 43.4353027344], [530.142089844, -211.346466064, 172.157669067, 120.419128418, 7.35214042664, 211.756454468, 29.9630203247, 63.6312789917, -12.4282169342, 44.8812484741, -25.1357288361, 9.9771938324, -21.2598724365], [-122.271125793, 206.290893555, 21.2058525085, 40.2904624939, 149.655456543, 29.9630203247, 236.936294556, 19.3257484436, 87.1625595093, 45.4268608093, 47.3291015625, -10.9418287277, 31.452337265], [191.447418213, -233.627456665, 125.095603943, 104.454292297, 10.4623994827, 63.6312789917, 19.3257484436, 214.665679932, 80.1568527222, 22.0931873322, 4.78033399582, 28.4145488739, -61.2597122192], [-317.713012695, 272.418914795, 89.0437011719, 60.4089279175, 128.230224609, -12.4282169342, 87.1625595093, 80.1568527222, 225.583526611, -63.7777786255, 104.601364136, -13.630563736, 12.8452939987], [259.223175049, -209.459213257, -27.8594455719, -69.6541366577, -14.6540307999, 44.8812484741, 45.4268608093, 22.0931873322, -63.7777786255, 211.632171631, -38.9169425964, 54.1055030823, -15.0413007736], [-226.719711304, 245.849914551, 21.9385108948, 22.9523277283, 71.0963516235, -25.1357288361, 47.3291015625, 4.78033399582, 104.601364136, -38.9169425964, 139.744842529, 4.44588041306, 27.4645214081], [67.5962982178, -126.099647522, 9.85342693329, -23.5221290588, -8.10546970367, 9.9771938324, -10.9418287277, 28.4145488739, -13.630563736, 54.1055030823, 4.44588041306, 98.2276382446, 8.71202659607], [-189.220230103, 210.745666504, -49.6865386963, -52.2121925354, 43.4353027344, -21.2598724365, 31.452337265, -61.2597122192, 12.8452939987, -15.0413007736, 27.4645214081, 8.71202659607, 110.410331726]],
        "icov": [[0.000425525970059, -0.000451741972938, 9.05391934793e-005, -0.00084818911273, 0.000474361615488, -0.000788885517977, 0.00034277618397, -0.000302712374832, 0.000540178676601, -0.000689137203153, 0.000462344818516, -0.000440905161668, 0.00039010430919], [-0.000451741972938, 0.0041269781068, -0.000730432802811, 0.00325740501285, -0.00197217729874, 0.00187475793064, -0.00185090862215, 0.00286893476732, -0.00255884905346, 0.00261984928511, -0.00343397026882, 0.00369334034622, -0.00296658976004], [9.05391934793e-005, -0.000730432802811, 0.00245659821667, -0.00157101429068, -0.00106797623448, -0.0016684565926, 0.00139762077015, -0.000677635020111, 8.03528891993e-005, -0.000476324872579, 0.000728739134502, -0.00104337371886, 0.00106354558375], [-0.00084818911273, 0.00325740501285, -0.00157101429068, 0.00700968084857, -0.000703120895196, 0.000945611740462, -0.00317550473846, 0.00136710295919, -0.00202211132273, 0.00446146633476, -0.00351109961048, 0.0032505588606, -0.00148160231765], [0.000474361615488, -0.00197217729874, -0.00106797623448, -0.000703120895196, 0.00820782314986, -0.00113303412218, -0.00279513164423, -0.000628335983492, -0.0008354812162, -0.000862550281454, 0.00145362701733, -0.00201133685187, 0.000541553949006], [-0.000788885517977, 0.00187475793064, -0.0016684565926, 0.000945611740462, -0.00113303412218, 0.00919099897146, -0.00183243874926, -0.000148091494339, -0.000276111415587, 0.00030478197732, -0.000912920047995, 0.00220769969746, -0.00245223031379], [0.00034277618397, -0.00185090862215, 0.00139762077015, -0.00317550473846, -0.00279513164423, -0.00183243874926, 0.00954311713576, -0.00118628307246, -0.000665313622449, -0.00496838614345, 0.0011761240894, 0.000467782927444, -0.000311226001941], [-0.000302712374832, 0.00286893476732, -0.000677635020111, 0.00136710295919, -0.000628335983492, -0.000148091494339, -0.00118628307246, 0.0111888032407, -0.00694065727293, 0.000832701683976, -0.00032071719761, -0.000718519440852, 0.00216864515096], [0.000540178676601, -0.00255884905346, 8.03528891993e-005, -0.00202211132273, -0.0008354812162, -0.000276111415587, -0.000665313622449, -0.00694065727293, 0.0138502633199, 0.000730913772713, -0.00380152300932, -0.0006525531644, 0.000989311607555], [-0.000689137203153, 0.00261984928511, -0.000476324872579, 0.00446146633476, -0.000862550281454, 0.00030478197732, -0.00496838614345, 0.000832701683976, 0.000730913772713, 0.0107507258654, -0.00172317435499, -0.00167888018768, -7.02167162672e-005], [0.000462344818516, -0.00343397026882, 0.000728739134502, -0.00351109961048, 0.00145362701733, -0.000912920047995, 0.0011761240894, -0.00032071719761, -0.00380152300932, -0.00172317435499, 0.0153510924429, -0.00561779597774, 0.00158612302039], [-0.000440905161668, 0.00369334034622, -0.00104337371886, 0.0032505588606, -0.00201133685187, 0.00220769969746, 0.000467782927444, -0.000718519440852, -0.0006525531644, -0.00167888018768, -0.00561779597774, 0.0176162142307, -0.00619860785082], [0.00039010430919, -0.00296658976004, 0.00106354558375, -0.00148160231765, 0.000541553949006, -0.00245223031379, -0.000311226001941, 0.00216864515096, 0.000989311607555, -7.02167162672e-005, 0.00158612302039, -0.00619860785082, 0.0157426986843]]
    },
    "melbands": {
        "mean": [0.0094192866236, 0.00473927799612, 0.00211285613477, 0.00111123023089, 0.000515727850143, 0.000442801712779, 0.000264116242761, 0.000363220082363, 0.000168805505382, 0.000128480285639, 0.000126847415231, 0.000165894714883, 9.11813476705e-005, 6.25187822152e-005, 2.43235172093e-005, 1.73631451617e-005, 1.14102931548e-005, 4.67104928248e-006, 2.24535301641e-006, 1.98935504159e-006, 1.48775609432e-006, 8.11735219486e-007, 5.85549116749e-007, 7.33976889933e-007, 9.9680380572e-007, 1.26246754917e-006, 1.54710130573e-006, 2.24825294026e-006, 2.20088213609e-006, 1.70809767042e-006, 2.14823967326e-006, 2.06669892577e-006, 1.81373320629e-006, 1.56636758675e-006, 1.2493316035e-006, 1.70642556441e-006, 1.71189685716e-006, 1.54137580921e-006, 1.54697681864e-006, 9.9901046724e-007],
        "var": [0.000123923222418, 7.21798714949e-005, 3.62654755008e-005, 7.23012726667e-006, 1.06982656689e-006, 3.01251020574e-007, 8.96905660852e-008, 3.65586430462e-007, 6.86955061724e-008, 1.96334575264e-008, 2.15631690281e-008, 4.56240059066e-008, 3.20881845539e-008, 9.71152935847e-009, 2.09397010842e-009, 1.42594314134e-009, 7.0325539836e-010, 6.07303721201e-011, 1.76649563033e-011, 3.50276856131e-011, 3.60244473141e-011, 2.4990632827e-011, 5.03883740288e-012, 6.34599057331e-012, 1.18301488397e-011, 2.23382094072e-011, 1.87401240359e-011, 4.49088891075e-011, 2.9778731564e-011, 4.61513674499e-011, 6.35532043658e-011, 7.62351917705e-011, 1.2272469152e-010, 7.68179964084e-011, 3.29081310813e-011, 8.61693494336e-011, 1.2161324725e-010, 8.00916971633e-011, 1.06366040975e-010, 5.03613609149e-011]
    },
    "mfcc": {
        "mean": [-706.080322266, 174.980178833, 37.6118659973, 11.7094402313, -20.2443504333, 15.4133720398, 13.4190673828, 0.44361063838, 8.2755241394, 5.8139295578, 0.562063157558, -1.17420077324, 5.41773796082],
        "cov": [[3566.33837891, -1506.98388672, 626.082214355, 127.173606873, 19.5575408936, 209.90032959, 181.710067749, -7.21094846725, 48.5399284363, 16.9257316589, 14.7332010269, 34.2599525452, -5.79516839981], [-1506.98388672, 1678.23461914, -339.471405029, -44.9486160278, 33.7856254578, 60.0894393921, -20.9515476227, -31.9522457123, -6.19652223587, 11.4392757416, -8.86076259613, -32.9894104004, 45.3657493591], [626.082214355, -339.471405029, 679.617797852, 135.38671875, 216.014282227, 45.0995483398, 38.3900604248, 143.950042725, -0.290754258633, 85.4662475586, 26.0547599792, 37.1161079407, -15.9022941589], [127.173606873, -44.9486160278, 135.38671875, 262.264953613, 73.5192565918, 29.8072929382, 38.6957397461, 100.788154602, 20.0385951996, 74.5116729736, 23.8334941864, 22.4806919098, 25.3892765045], [19.5575408936, 33.7856254578, 216.014282227, 73.5192565918, 246.177017212, -6.35625553131, -9.43707942963, 136.532623291, -5.87036705017, 70.5662612915, 18.747543335, 26.7507076263, -14.4148597717], [209.90032959, 60.0894393921, 45.0995483398, 29.8072929382, -6.35625553131, 204.038803101, 92.5668716431, -28.2844600677, 49.025062561, -6.71201086044, 11.0539388657, -0.705535411835, 24.6486320496], [181.710067749, -20.9515476227, 38.3900604248, 38.6957397461, -9.43707942963, 92.5668716431, 135.722839355, -4.74716901779, 54.2139892578, 17.309709549, 20.7563381195, 13.6371774673, 33.5142288208], [-7.21094846725, -31.9522457123, 143.950042725, 100.788154602, 136.532623291, -28.2844600677, -4.74716901779, 225.389663696, 16.6968326569, 98.7516098022, 33.3632545471, 42.121307373, 7.23339748383], [48.5399284363, -6.19652223587, -0.290754258633, 20.0385951996, -5.87036705017, 49.025062561, 54.2139892578, 16.6968326569, 137.340591431, 22.1747741699, 38.9131011963, 20.1163330078, 28.4178333282], [16.9257316589, 11.4392757416, 85.4662475586, 74.5116729736, 70.5662612915, -6.71201086044, 17.309709549, 98.7516098022, 22.1747741699, 157.644882202, 45.5503616333, 42.9471626282, 29.2970180511], [14.7332010269, -8.86076259613, 26.0547599792, 23.8334941864, 18.747543335, 11.0539388657, 20.7563381195, 33.3632545471, 38.9131011963, 45.5503616333, 94.9187850952, 39.1834983826, 27.5741615295], [34.2599525452, -32.9894104004, 37.1161079407, 22.4806919098, 26.7507076263, -0.705535411835, 13.6371774673, 42.121307373, 20.1163330078, 42.9471626282, 39.1834983826, 80.7562637329, 28.0020198822], [-5.79516839981, 45.3657493591, -15.9022941589, 25.3892765045, -14.4148597717, 24.6486320496, 33.5142288208, 7.23339748383, 28.4178333282, 29.2970180511, 27.5741615295, 28.0020198822, 106.678924561]],
        "icov": [[0.00058143743081, 0.000488575722557, -0.000277691433439, -2.29579854931e-005, 1.57046997629e-005, -0.000555290142074, -0.000259355903836, 0.000218248547753, 8.9284760179e-005, -0.00011318957695, 0.000104429578641, 6.78009428157e-006, -3.64808729501e-005], [0.000488575722557, 0.0011853139149, 0.000357721146429, 4.63341129944e-005, -0.000686231185682, -0.000947267457377, 4.37059788965e-005, 0.000303531531245, 0.00018639373593, -0.000370839610696, 0.000116749964945, 0.000394443661207, -0.000424914353061], [-0.000277691433439, 0.000357721146429, 0.00281949457712, -0.000446858641226, -0.0021490836516, -0.000506509735715, -0.000234393897699, -0.000219825655222, 0.000408272549976, -0.00028414404369, -5.79969746468e-005, -6.384797598e-005, 0.000275643804343], [-2.29579854931e-005, 4.63341129944e-005, -0.000446858641226, 0.00524772470817, -5.94065495534e-005, -0.000495240325108, -0.000880602572579, -0.00171880528796, 0.000194583990378, -0.00114427297376, 0.00012289667211, 0.000598932907451, -0.000763476302382], [1.57046997629e-005, -0.000686231185682, -0.0021490836516, -5.94065495534e-005, 0.00831207633018, -0.000145800644532, 0.000680312805343, -0.00345841515809, 0.000443936238298, -0.000515885825735, -0.000100399323856, -0.000612430856563, 0.00137420208193], [-0.000555290142074, -0.000947267457377, -0.000506509735715, -0.000495240325108, -0.000145800644532, 0.0084854112938, -0.00444561755285, 0.00102836452425, -0.00131815229543, 0.00105854787398, -0.000186679812032, 0.000502748822328, -0.00026164209703], [-0.000259355903836, 4.37059788965e-005, -0.000234393897699, -0.000880602572579, 0.000680312805343, -0.00444561755285, 0.0128070022911, 0.000564759422559, -0.00270525342785, -0.000831080717035, -7.88293837104e-005, -0.000496786029544, -0.00170101015829], [0.000218248547753, 0.000303531531245, -0.000219825655222, -0.00171880528796, -0.00345841515809, 0.00102836452425, 0.000564759422559, 0.00922285579145, -0.00104546407238, -0.0028660595417, 2.57756000792e-005, -0.00143289228436, 0.000186427627341], [8.9284760179e-005, 0.00018639373593, 0.000408272549976, 0.000194583990378, 0.000443936238298, -0.00131815229543, -0.00270525342785, -0.00104546407238, 0.00989987608045, -2.38412103499e-005, -0.00292947445996, -0.000184022152098, -0.000599682040047], [-0.00011318957695, -0.000370839610696, -0.00028414404369, -0.00114427297376, -0.000515885825735, 0.00105854787398, -0.000831080717035, -0.0028660595417, -2.38412103499e-005, 0.0107067674398, -0.00246058334596, -0.00188949692529, -0.00127938296646], [0.000104429578641, 0.000116749964945, -5.79969746468e-005, 0.00012289667211, -0.000100399323856, -0.000186679812032, -7.88293837104e-005, 2.57756000792e-005, -0.00292947445996, -0.00246058334596, 0.0153517210856, -0.0049527483061, -0.00124121049885], [6.78009428157e-006, 0.000394443661207, -6.384797598e-005, 0.000598932907451, -0.000612430856563, 0.000502748822328, -0.000496786029544, -0.00143289228436, -0.000184022152098, -0.00188949692529, -0.0049527483061, 0.01798411645, -0.00313764298335], [-3.64808729501e-005, -0.000424914353061, 0.000275643804343, -0.000763476302382, 0.00137420208193, -0.00026164209703, -0.00170101015829, 0.000186427627341, -0.000599682040047, -0.00127938296646, -0.00124121049885, -0.00313764298335, 0.0121988449246]]
    },
    "spectral_contrast_coeffs": {
        "mean": [-0.666099071503, -0.677752733231, -0.696826100349, -0.769580364227, -0.793804109097, -0.756333351135],
        "var": [0.00724688684568, 0.00502938777208, 0.0034417368006, 0.0028995310422, 0.00266163656488, 0.00287333247252]
    },
    "spectral_contrast_valleys": {
        "mean": [-6.92197847366, -6.85178947449, -7.54783725739, -8.83717155457, -9.14411067963, -11.4070444107],
        "var": [1.66786873341, 0.889166295528, 0.768928170204, 0.72508752346, 0.933228552341, 1.76525497437]
    }
},
"metadata": {
    "audio_properties": {
        "analysis_sample_rate": 44100,
        "bit_rate": 105165,
        "equal_loudness": 0,
        "length": 45.0612258911,
        "lossless": 0,
        "replay_gain": -8.57358932495,
        "sample_rate": 44100,
        "codec": "mp3",
        "downmix": "mix",
        "md5_encoded": "a4d404c94c434e90acf2a86cce62ad81"
    },
    "tags": {
        "file_name": "492.mp3"
    },
    "version": {
        "essentia": "2.1-beta2",
        "essentia_git_sha": "v2.1_beta2",
        "extractor": "music 1.0"
    }
},
"rhythm": {
    "beats_count": 106,
    "beats_loudness": {
        "mean": 0.0792062133551,
        "var": 0.00489676976576
    },
    "bpm": 141.965805054,
    "bpm_histogram_first_peak_bpm": {
        "mean": 144,
        "var": 0
    },
    "bpm_histogram_first_peak_spread": {
        "mean": 0.490196079016,
        "var": 0
    },
    "bpm_histogram_first_peak_weight": {
        "mean": 0.495238095522,
        "var": 0
    },
    "bpm_histogram_second_peak_bpm": {
        "mean": 136,
        "var": 0
    },
    "bpm_histogram_second_peak_spread": {
        "mean": 0,
        "var": 0
    },
    "bpm_histogram_second_peak_weight": {
        "mean": 0.0190476197749,
        "var": 0
    },
    "danceability": 1.24410760403,
    "onset_rate": 3.70439863205,
    "beats_loudness_band_ratio": {
        "mean": [0.635509192944, 0.154356241226, 0.117454648018, 0.0944165587425, 0.00402745697647, 0.0265603419393],
        "var": [0.0771609768271, 0.0193866379559, 0.0125620746985, 0.0128194922581, 4.90420279675e-005, 0.00365439732559]
    },
    "beats_position": [0.441179126501, 0.882358253002, 1.31192743778, 1.74149656296, 2.17106580734, 2.60063481331, 3.01859402657, 3.44816327095, 3.85451245308, 4.27247142792, 4.7020406723, 5.13160991669, 5.54956912994, 5.97913837433, 6.40870714188, 6.84988641739, 7.24462556839, 7.66258478165, 8.08054447174, 8.51011276245, 8.92807197571, 9.35764122009, 9.77560043335, 10.1935596466, 10.623128891, 11.0526981354, 11.4706573486, 11.900226593, 12.3297958374, 12.7593650818, 13.1657142639, 13.5836734772, 14.0132427216, 14.4428119659, 14.8607711792, 15.2787294388, 15.7082986832, 16.1378688812, 16.5442180634, 16.9505672455, 17.3685264587, 17.786485672, 18.2160549164, 18.6456241608, 19.0635814667, 19.4815406799, 19.8994998932, 20.3174591064, 20.7470283508, 21.1765975952, 21.5945568085, 22.0125160217, 22.4420852661, 22.8716545105, 23.2896137238, 23.7191829681, 24.1487522125, 24.5667114258, 24.984670639, 25.4142398834, 25.8438091278, 26.2617683411, 26.6797275543, 27.0976867676, 27.527256012, 27.9568252563, 28.3747844696, 28.7927436829, 29.2107028961, 29.6286621094, 30.0582313538, 30.476190567, 30.9057598114, 31.3237190247, 31.7416782379, 32.1596374512, 32.5892066956, 33.0187759399, 33.4367332458, 33.8546943665, 34.2726516724, 34.7022209167, 35.1317901611, 35.5497512817, 35.9677085876, 36.397277832, 36.8268470764, 37.244808197, 37.6627655029, 38.0807266235, 38.4986839294, 38.9282531738, 39.3578224182, 39.7757797241, 40.1937408447, 40.6233100891, 41.041267395, 41.4708366394, 41.88879776, 42.3067550659, 42.7247161865, 43.1542854309, 43.5838546753, 44.0018119812, 44.4197731018, 44.8377304077]
},
"tonal": {
    "chords_changes_rate": 0.0565843619406,
    "chords_number_rate": 0.00925925932825,
    "chords_strength": {
        "mean": 0.43980678916,
        "var": 0.0123119279742
    },
    "hpcp_entropy": {
        "mean": 1.74353313446,
        "var": 0.379422008991
    },
    "key_strength": 0.579921782017,
    "tuning_diatonic_strength": 0.356672137976,
    "tuning_equal_tempered_deviation": 0.233700156212,
    "tuning_frequency": 434.193115234,
    "tuning_nontempered_energy_ratio": 0.872803211212,
    "hpcp": {
        "mean": [0.252665400505, 0.278567492962, 0.116290777922, 0.0426087044179, 0.04041435197, 0.0273724813014, 0.0492299161851, 0.0993287265301, 0.0826411619782, 0.0821908935905, 0.132962197065, 0.097228191793, 0.0706763938069, 0.0837461426854, 0.0480849407613, 0.0406092889607, 0.0573880374432, 0.0489914231002, 0.0383520871401, 0.0342134274542, 0.0318211615086, 0.0849310532212, 0.140429154038, 0.306778311729, 0.472796410322, 0.26862552762, 0.0821551904082, 0.186603546143, 0.253770262003, 0.173793584108, 0.105203747749, 0.0888976529241, 0.0692105516791, 0.0655903145671, 0.0913091301918, 0.12532389164],
        "var": [0.0994175970554, 0.124386116862, 0.0312800295651, 0.0191755909473, 0.019559873268, 0.0101994303986, 0.0133946174756, 0.0516741164029, 0.0334394313395, 0.0264545157552, 0.0685850456357, 0.0325113832951, 0.0178449545056, 0.0317797139287, 0.0141250016168, 0.0102169727907, 0.0227156616747, 0.0170352980494, 0.0132277086377, 0.0137870311737, 0.0109960632399, 0.0195812899619, 0.0520275458694, 0.0571531876922, 0.188082233071, 0.0577890649438, 0.0302339848131, 0.0623753480613, 0.092851139605, 0.051386654377, 0.0402589030564, 0.0382477603853, 0.0327167510986, 0.0287589672953, 0.0471919029951, 0.0533829070628]
    },
    "chords_histogram": [11.728395462, 7.51028823853, 0, 0, 0, 3.90946507454, 25.7201652527, 4.93827152252, 0, 0, 0, 0, 0, 0, 0.308641970158, 0.205761313438, 1.74897122383, 0.102880656719, 1.85185182095, 0, 0.308641970158, 0.308641970158, 9.97942352295, 31.3786010742],
    "thpcp": [1, 0.568163216114, 0.173764407635, 0.394680559635, 0.536743223667, 0.367586523294, 0.222513839602, 0.188025221229, 0.146385520697, 0.138728454709, 0.193125680089, 0.265069454908, 0.534406363964, 0.589191198349, 0.24596375227, 0.0901206210256, 0.0854793936014, 0.057894859463, 0.104124978185, 0.210087731481, 0.174792274833, 0.17383992672, 0.281225055456, 0.205644950271, 0.149485886097, 0.177129402757, 0.10170327127, 0.0858917012811, 0.121380016208, 0.103620551527, 0.0811175480485, 0.0723639726639, 0.0673041492701, 0.179635569453, 0.297018229961, 0.648859202862],
    "chords_key": "F",
    "chords_scale": "major",
    "key_key": "A",
    "key_scale": "minor"
}
}