{
"lowlevel": {
    "average_loudness": 0.15528292954,
    "barkbands_crest": {
        "mean": 13.9474201202,
        "var": 27.1921329498
    },
    "barkbands_flatness_db": {
        "mean": 0.258810788393,
        "var": 0.00559619534761
    },
    "barkbands_kurtosis": {
        "mean": 10.329788208,
        "var": 1086.16296387
    },
    "barkbands_skewness": {
        "mean": 1.69049227238,
        "var": 4.76791143417
    },
    "barkbands_spread": {
        "mean": 19.1092987061,
        "var": 656.10559082
    },
    "dissonance": {
        "mean": 0.424857586622,
        "var": 0.00502039771527
    },
    "dynamic_complexity": 13.302945137,
    "erbbands_crest": {
        "mean": 13.6486825943,
        "var": 28.7533111572
    },
    "erbbands_flatness_db": {
        "mean": 0.259829372168,
        "var": 0.00460338965058
    },
    "erbbands_kurtosis": {
        "mean": 10.1228847504,
        "var": 243.296661377
    },
    "erbbands_skewness": {
        "mean": -0.0294708199799,
        "var": 5.17922687531
    },
    "erbbands_spread": {
        "mean": 14.9899549484,
        "var": 160.590393066
    },
    "hfc": {
        "mean": 5.66865730286,
        "var": 99.0627593994
    },
    "melbands_crest": {
        "mean": 20.3513450623,
        "var": 74.6430282593
    },
    "melbands_flatness_db": {
        "mean": 0.326135247946,
        "var": 0.00993673037738
    },
    "melbands_kurtosis": {
        "mean": 18.4466171265,
        "var": 6581.92480469
    },
    "melbands_skewness": {
        "mean": 2.28982114792,
        "var": 9.54798126221
    },
    "melbands_spread": {
        "mean": 29.3658008575,
        "var": 2173.34375
    },
    "pitch_salience": {
        "mean": 0.440173506737,
        "var": 0.0285095926374
    },
    "silence_rate_20dB": {
        "mean": 1,
        "var": 0
    },
    "silence_rate_30dB": {
        "mean": 0.930998980999,
        "var": 0.0642398744822
    },
    "silence_rate_60dB": {
        "mean": 0.44902163744,
        "var": 0.247404888272
    },
    "spectral_centroid": {
        "mean": 1458.8659668,
        "var": 2295708.5
    },
    "spectral_complexity": {
        "mean": 6.17919683456,
        "var": 32.1313171387
    },
    "spectral_decrease": {
        "mean": -6.09816819264e-009,
        "var": 1.35298928475e-016
    },
    "spectral_energy": {
        "mean": 0.0235300026834,
        "var": 0.0019939772319
    },
    "spectral_energyband_high": {
        "mean": 5.08242646902e-006,
        "var": 2.78933459663e-010
    },
    "spectral_energyband_low": {
        "mean": 0.0118420496583,
        "var": 0.0010251305066
    },
    "spectral_energyband_middle_high": {
        "mean": 0.000750908395275,
        "var": 1.96596238311e-006
    },
    "spectral_energyband_middle_low": {
        "mean": 0.0103919217363,
        "var": 0.000467516045319
    },
    "spectral_entropy": {
        "mean": 6.66884183884,
        "var": 0.516283452511
    },
    "spectral_flux": {
        "mean": 0.0553314015269,
        "var": 0.0065893502906
    },
    "spectral_kurtosis": {
        "mean": 20.8988800049,
        "var": 347.67288208
    },
    "spectral_rms": {
        "mean": 0.00324670202099,
        "var": 1.24150319607e-005
    },
    "spectral_rolloff": {
        "mean": 1196.82507324,
        "var": 2873200.5
    },
    "spectral_skewness": {
        "mean": 2.82469272614,
        "var": 2.13517022133
    },
    "spectral_spread": {
        "mean": 2381893.25,
        "var": 3.51356400435e+012
    },
    "spectral_strongpeak": {
        "mean": 0.581142961979,
        "var": 0.855075895786
    },
    "zerocrossingrate": {
        "mean": 0.0442570894957,
        "var": 0.00261177914217
    },
    "barkbands": {
        "mean": [0.00443394389004, 0.00500188488513, 0.00296242744662, 0.00211444683373, 0.00221753469668, 0.00136364088394, 0.00103507761378, 0.00312824593857, 0.000496076710988, 0.000148271792568, 0.000168551807292, 0.000180674382136, 4.43527715106e-005, 4.83535077365e-005, 7.47432641219e-005, 3.40928345395e-005, 2.92680942948e-005, 2.86410831905e-005, 1.24377074826e-005, 3.69173471881e-006, 2.38118150264e-006, 1.02706587768e-006, 1.29627039769e-007, 8.18838401528e-008, 5.45386740214e-008, 2.82582615085e-008, 3.68149288832e-009],
        "var": [0.000129457694129, 0.000336329801939, 0.000206885815714, 9.4502720458e-005, 4.15321665059e-005, 1.54447734531e-005, 5.01465456182e-006, 8.9866516646e-005, 9.57124939305e-007, 1.05260177463e-007, 1.63797452046e-007, 2.06645907497e-007, 1.37051578974e-008, 1.11606324182e-008, 5.01424715083e-008, 1.77415735436e-008, 4.20625383413e-008, 6.32022434388e-008, 4.07374622924e-009, 3.44935018048e-011, 7.87776371913e-011, 5.76020897647e-011, 2.18302304944e-013, 2.04545717386e-014, 8.89232298093e-015, 6.05507908031e-016, 6.62190174956e-017]
    },
    "erbbands": {
        "mean": [0.212754040956, 0.909070491791, 2.80434250832, 6.75845909119, 6.33626890182, 6.80823135376, 7.83721828461, 13.4833440781, 11.6908245087, 38.8871879578, 58.467540741, 10.8811073303, 6.61582708359, 6.41095733643, 6.46279621124, 5.60637187958, 2.53162026405, 2.0992410183, 3.35786700249, 3.90261435509, 1.41204082966, 2.02383446693, 1.6008399725, 0.938105225563, 0.494032502174, 0.182333797216, 0.104676812887, 0.08129106462, 0.0415341295302, 0.0138384643942, 0.00352114718407, 0.00196772068739, 0.00124215485994, 0.000744743796531, 0.000342653802363, 0.000160753930686, 4.89416088385e-005, 1.15846505651e-005, 1.11342242235e-005, 2.58708350884e-005],
        "var": [0.56514441967, 15.6197929382, 181.153610229, 865.279663086, 631.643005371, 415.678253174, 453.229614258, 1788.36889648, 649.797912598, 6669.86962891, 28537.8652344, 419.212310791, 183.318878174, 253.444366455, 207.04800415, 164.357223511, 34.4039115906, 20.6477069855, 79.3856048584, 214.770278931, 20.3101520538, 197.086334229, 167.657684326, 33.4434547424, 8.59302902222, 0.209981918335, 0.0424136258662, 0.223078101873, 0.0965115875006, 0.010384850204, 8.34228703752e-005, 1.36213857331e-005, 4.38793631474e-006, 2.34143340094e-006, 1.84987783314e-007, 1.85407103004e-008, 2.0673998069e-009, 1.55641652344e-010, 4.08628492155e-010, 2.38006814257e-009]
    },
    "gfcc": {
        "mean": [-233.416046143, 134.324951172, -115.803947449, 16.0633983612, -47.1139030457, -14.6692581177, -17.4782791138, 6.64999341965, -21.1050682068, 2.66710209846, -7.59740829468, -9.29352664948, -5.7384929657],
        "cov": [[19579.9257813, 11139.1083984, -2527.18798828, -4450.68017578, -99.734046936, -1636.58398438, -1187.5567627, -1521.36169434, 1955.55834961, -1474.95385742, 404.415924072, -1050.67858887, 363.414764404], [11139.1083984, 7597.12548828, -1191.7935791, -3257.06982422, 108.627731323, -998.771179199, -842.147644043, -976.294921875, 1210.66162109, -1020.58361816, 175.612091064, -711.716552734, 165.91595459], [-2527.18798828, -1191.7935791, 1072.94763184, 729.082885742, 318.703613281, 515.060058594, 304.773620605, 273.611236572, -256.046234131, 193.589050293, 0.0769217014313, 163.932785034, -28.822145462], [-4450.68017578, -3257.06982422, 729.082885742, 1808.11877441, 118.167678833, 548.121704102, 539.065490723, 469.24395752, -496.736755371, 454.548553467, -13.705488205, 354.297729492, -7.90912675858], [-99.734046936, 108.627731323, 318.703613281, 118.167678833, 378.103057861, 257.245330811, 126.060668945, 112.96900177, 69.2547531128, 29.9268321991, 76.2829589844, 81.5994033813, 29.7362327576], [-1636.58398438, -998.771179199, 515.060058594, 548.121704102, 257.245330811, 503.927062988, 246.281997681, 225.054595947, -134.004562378, 186.001663208, 50.7826957703, 185.989013672, 12.5964393616], [-1187.5567627, -842.147644043, 304.773620605, 539.065490723, 126.060668945, 246.281997681, 340.965911865, 209.361404419, -73.9540176392, 176.446487427, 57.7258605957, 130.794113159, 27.1458683014], [-1521.36169434, -976.294921875, 273.611236572, 469.24395752, 112.96900177, 225.054595947, 209.361404419, 275.590454102, -102.932907104, 158.991271973, 24.6287326813, 128.456039429, -19.0245552063], [1955.55834961, 1210.66162109, -256.046234131, -496.736755371, 69.2547531128, -134.004562378, -73.9540176392, -102.932907104, 362.662750244, -112.608779907, 80.1649017334, -78.0111999512, 64.2982406616], [-1474.95385742, -1020.58361816, 193.589050293, 454.548553467, 29.9268321991, 186.001663208, 176.446487427, 158.991271973, -112.608779907, 241.730392456, 24.4458408356, 114.832572937, 4.77172803879], [404.415924072, 175.612091064, 0.0769217014313, -13.705488205, 76.2829589844, 50.7826957703, 57.7258605957, 24.6287326813, 80.1649017334, 24.4458408356, 151.939819336, 41.5509490967, 46.3715934753], [-1050.67858887, -711.716552734, 163.932785034, 354.297729492, 81.5994033813, 185.989013672, 130.794113159, 128.456039429, -78.0111999512, 114.832572937, 41.5509490967, 186.009811401, 33.3983383179], [363.414764404, 165.91595459, -28.822145462, -7.90912675858, 29.7362327576, 12.5964393616, 27.1458683014, -19.0245552063, 64.2982406616, 4.77172803879, 46.3715934753, 33.3983383179, 100.683174133]],
        "icov": [[0.000656536256429, -0.00123938883189, 0.000752576044761, -0.00105095491745, 0.000647234846838, -0.000617854122538, 0.000239827859332, 4.00083954446e-005, -0.000397504569264, 3.15213910653e-005, -0.000525034265593, 0.000372568843886, 5.13778968525e-006], [-0.00123938883189, 0.00453099841252, -0.00183176563587, 0.0041241561994, -0.00289875338785, 0.00194470980205, -0.00176217441913, 0.00221301103011, -0.00106555700768, 0.002980212681, -0.000250196637353, 0.00115637772251, -0.00141649506986], [0.000752576044761, -0.00183176563587, 0.00338193308562, -0.00171558116563, -0.000274974736385, -0.00229765288532, -0.000149207990034, -0.000486324279336, 0.0011641937308, -0.000344061583746, 5.19127752341e-005, 0.00101150013506, 0.000365914194845], [-0.00105095491745, 0.0041241561994, -0.00171558116563, 0.00618409924209, -0.002642423613, 0.0018527561333, -0.00352930650115, 0.0014059888199, 0.00083873886615, 0.00170529133175, 0.000306096160784, -1.74320521182e-005, -0.00199391087517], [0.000647234846838, -0.00289875338785, -0.000274974736385, -0.002642423613, 0.0085373762995, -0.0040189367719, 0.00133881985676, -0.00283204531297, -0.00175309868064, -0.00022669795726, -0.000568254210521, -0.00154615088832, 0.00114453874994], [-0.000617854122538, 0.00194470980205, -0.00229765288532, 0.0018527561333, -0.0040189367719, 0.00799273326993, -0.00131661305204, 0.000496713037137, 0.000731386477128, -0.000758890237194, -0.000167448306456, -0.00230758357793, -0.000439434108557], [0.000239827859332, -0.00176217441913, -0.000149207990034, -0.00352930650115, 0.00133881985676, -0.00131661305204, 0.00977715943009, -0.00426301592961, -0.000839640735649, -0.00306615256704, -0.00102805555798, 0.000189430589671, -0.000861836713739], [4.00083954446e-005, 0.00221301103011, -0.000486324279336, 0.0014059888199, -0.00283204531297, 0.000496713037137, -0.00426301592961, 0.0127289611846, -0.00253564631566, 0.00125090207439, -0.00128528813366, -0.000669305678457, 0.0028828708455], [-0.000397504569264, -0.00106555700768, 0.0011641937308, 0.00083873886615, -0.00175309868064, 0.000731386477128, -0.000839640735649, -0.00253564631566, 0.00957092270255, -0.00277284835465, -0.000138370116474, -0.000450155173894, -0.00200430955738], [3.15213910653e-005, 0.002980212681, -0.000344061583746, 0.00170529133175, -0.00022669795726, -0.000758890237194, -0.00306615256704, 0.00125090207439, -0.00277284835465, 0.0141477305442, -0.00275350664742, 0.00186645716894, -0.00201512943022], [-0.000525034265593, -0.000250196637353, 5.19127752341e-005, 0.000306096160784, -0.000568254210521, -0.000167448306456, -0.00102805555798, -0.00128528813366, -0.000138370116474, -0.00275350664742, 0.0109807997942, -0.00311363022774, -0.00123630126473], [0.000372568843886, 0.00115637772251, 0.00101150013506, -1.74320521182e-005, -0.00154615088832, -0.00230758357793, 0.000189430589671, -0.000669305678457, -0.000450155173894, 0.00186645716894, -0.00311363022774, 0.0147299524397, -0.0056475000456], [5.13778968525e-006, -0.00141649506986, 0.000365914194845, -0.00199391087517, 0.00114453874994, -0.000439434108557, -0.000861836713739, 0.0028828708455, -0.00200430955738, -0.00201512943022, -0.00123630126473, -0.0056475000456, 0.016508275643]]
    },
    "melbands": {
        "mean": [0.00188002083451, 0.00141986075323, 0.00111954135355, 0.000476166140288, 0.000281034532236, 0.000287769187707, 0.000189528916962, 0.000551355595235, 0.000404349673772, 5.6217002566e-005, 3.17826779792e-005, 2.51039200521e-005, 2.27015589189e-005, 1.94641434064e-005, 1.11089066195e-005, 3.98183192374e-006, 3.65998698726e-006, 5.34484979653e-006, 5.69382837057e-006, 3.74970773009e-006, 1.11695499072e-006, 2.18956097342e-006, 1.0788801319e-006, 1.74410183718e-006, 6.50329354812e-007, 3.60746412298e-007, 2.85543336531e-007, 8.75247252452e-008, 7.02000662045e-008, 4.63206362156e-008, 4.72813965757e-008, 2.33682690975e-008, 1.85602377911e-008, 3.60196783511e-009, 2.00599159506e-009, 1.36374567195e-009, 1.09844577878e-009, 9.39901934061e-010, 6.58715415547e-010, 5.94415794364e-010],
        "var": [3.34318974637e-005, 3.64689549315e-005, 2.17336964852e-005, 2.65560538537e-006, 5.79170830406e-007, 7.61283843076e-007, 1.51724847797e-007, 1.81871189397e-006, 1.24574262372e-006, 1.29414408079e-008, 4.44399894661e-009, 3.75874220637e-009, 2.38963915322e-009, 3.41205219634e-009, 8.09551203851e-010, 1.02095984444e-010, 7.22098561501e-011, 2.22788593129e-010, 3.05450553739e-010, 2.63655985933e-010, 1.27781110346e-011, 2.22154253327e-010, 3.94325301578e-011, 3.33717831147e-010, 1.05411738366e-011, 2.38823175645e-012, 3.26309487243e-012, 1.45281244581e-014, 1.34647753898e-014, 2.33362523641e-014, 1.06510998209e-013, 2.96117263468e-014, 2.8806353868e-014, 3.84493877505e-016, 2.56461227786e-017, 5.89755292204e-018, 4.50298886141e-018, 3.23813726739e-018, 8.70733429563e-019, 2.54945998339e-018]
    },
    "mfcc": {
        "mean": [-872.233093262, 163.529891968, -5.44684076309, 28.0819835663, -5.67306518555, -8.7855052948, 8.67692279816, -4.47787380219, 0.860284268856, 5.84085845947, 1.28837740421, 1.32336103916, 1.83060073853],
        "cov": [[17515.9707031, 11198.3378906, -2217.2097168, -2384.9609375, -395.556610107, -1223.70202637, -2465.17553711, -495.185272217, -473.935180664, -654.196166992, 162.21244812, -308.456420898, -223.731307983], [11198.3378906, 8192.29101563, -1084.12304688, -1990.83813477, 2.63792538643, -825.422912598, -1629.66589355, -260.174377441, -336.446289063, -433.688720703, 52.6683235168, -198.311035156, -170.380157471], [-2217.2097168, -1084.12304688, 682.072631836, 319.91003418, 180.745635986, 292.206970215, 432.185028076, 160.433135986, 89.8354873657, 113.201164246, -20.9313392639, 55.3971290588, 29.5979766846], [-2384.9609375, -1990.83813477, 319.91003418, 821.911743164, 20.0320835114, 274.430084229, 505.127441406, 111.941093445, 143.085540771, 143.907455444, 34.3445053101, 60.8861083984, 61.1814537048], [-395.556610107, 2.63792538643, 180.745635986, 20.0320835114, 296.703125, 151.600875854, 128.721862793, 152.333816528, 34.7704849243, 51.8830947876, 30.7250270844, 35.7062797546, 44.4981231689], [-1223.70202637, -825.422912598, 292.206970215, 274.430084229, 151.600875854, 347.640197754, 324.640441895, 141.102905273, 119.873260498, 95.5988082886, 39.8060455322, 70.6925125122, 73.7846374512], [-2465.17553711, -1629.66589355, 432.185028076, 505.127441406, 128.721862793, 324.640441895, 605.330932617, 188.907653809, 113.820556641, 176.262191772, 24.4354362488, 103.189880371, 87.3442459106], [-495.185272217, -260.174377441, 160.433135986, 111.941093445, 152.333816528, 141.102905273, 188.907653809, 221.131439209, 87.4156570435, 56.8912582397, 63.7672424316, 51.2989768982, 59.6292228699], [-473.935180664, -336.446289063, 89.8354873657, 143.085540771, 34.7704849243, 119.873260498, 113.820556641, 87.4156570435, 145.514984131, 64.2341766357, 32.1340293884, 43.8874778748, 34.5278778076], [-654.196166992, -433.688720703, 113.201164246, 143.907455444, 51.8830947876, 95.5988082886, 176.262191772, 56.8912582397, 64.2341766357, 149.558120728, 48.5600662231, 35.6751174927, 49.4815826416], [162.21244812, 52.6683235168, -20.9313392639, 34.3445053101, 30.7250270844, 39.8060455322, 24.4354362488, 63.7672424316, 32.1340293884, 48.5600662231, 104.499435425, 47.586025238, 42.0782814026], [-308.456420898, -198.311035156, 55.3971290588, 60.8861083984, 35.7062797546, 70.6925125122, 103.189880371, 51.2989768982, 43.8874778748, 35.6751174927, 47.586025238, 94.7166900635, 50.2223167419], [-223.731307983, -170.380157471, 29.5979766846, 61.1814537048, 44.4981231689, 73.7846374512, 87.3442459106, 59.6292228699, 34.5278778076, 49.4815826416, 42.0782814026, 50.2223167419, 87.5082550049]],
        "icov": [[0.00403821328655, -0.00602644821629, 0.00572434207425, -0.00605689361691, 0.00647596502677, -0.00703258207068, 0.0057727326639, -0.00655047828332, 0.00698415748775, -0.00455501070246, 0.0040516150184, -0.00354170217179, 0.00213202578016], [-0.00602644821629, 0.00939987786114, -0.00855264253914, 0.00964738056064, -0.00996393803507, 0.0106337219477, -0.00804604869336, 0.00970759708434, -0.0105146113783, 0.00695374095812, -0.00663542468101, 0.00544498488307, -0.00315911578946], [0.00572434207425, -0.00855264253914, 0.0115624731407, -0.00862996652722, 0.00857187155634, -0.0114229796454, 0.00689252326265, -0.0103024188429, 0.0104663288221, -0.0074635790661, 0.00792714767158, -0.00587847456336, 0.00517199980095], [-0.00605689361691, 0.00964738056064, -0.00862996652722, 0.0135679030791, -0.0102347703651, 0.0115807298571, -0.0125904548913, 0.0126596959308, -0.0140637466684, 0.00975295063108, -0.0105962892994, 0.00917598698288, -0.00402557151392], [0.00647596502677, -0.00996393803507, 0.00857187155634, -0.0102347703651, 0.0184250846505, -0.0154345910996, 0.0126420864835, -0.0176149830222, 0.016232682392, -0.0118721695617, 0.0110432542861, -0.00886427983642, 0.0045284004882], [-0.00703258207068, 0.0106337219477, -0.0114229796454, 0.0115807298571, -0.0154345910996, 0.0229877233505, -0.0162812341005, 0.0168205648661, -0.0198344700038, 0.0139668202028, -0.0132332108915, 0.0107896625996, -0.00815497059375], [0.0057727326639, -0.00804604869336, 0.00689252326265, -0.0125904548913, 0.0126420864835, -0.0162812341005, 0.0240851547569, -0.0198727548122, 0.019415255636, -0.0179458726197, 0.0168277230114, -0.0158818773925, 0.00587567687035], [-0.00655047828332, 0.00970759708434, -0.0103024188429, 0.0126596959308, -0.0176149830222, 0.0168205648661, -0.0198727548122, 0.0299808364362, -0.0231620613486, 0.0185249373317, -0.020576979965, 0.015414130874, -0.00932023767382], [0.00698415748775, -0.0105146113783, 0.0104663288221, -0.0140637466684, 0.016232682392, -0.0198344700038, 0.019415255636, -0.0231620613486, 0.0316531024873, -0.0192508660257, 0.0169902611524, -0.016641529277, 0.00832762755454], [-0.00455501070246, 0.00695374095812, -0.0074635790661, 0.00975295063108, -0.0118721695617, 0.0139668202028, -0.0179458726197, 0.0185249373317, -0.0192508660257, 0.02667876333, -0.0195946842432, 0.0152276344597, -0.00965841207653], [0.0040516150184, -0.00663542468101, 0.00792714767158, -0.0105962892994, 0.0110432542861, -0.0132332108915, 0.0168277230114, -0.020576979965, 0.0169902611524, -0.0195946842432, 0.0330187007785, -0.0195444710553, 0.00465009920299], [-0.00354170217179, 0.00544498488307, -0.00587847456336, 0.00917598698288, -0.00886427983642, 0.0107896625996, -0.0158818773925, 0.015414130874, -0.016641529277, 0.0152276344597, -0.0195444710553, 0.0305127296597, -0.012280030176], [0.00213202578016, -0.00315911578946, 0.00517199980095, -0.00402557151392, 0.0045284004882, -0.00815497059375, 0.00587567687035, -0.00932023767382, 0.00832762755454, -0.00965841207653, 0.00465009920299, -0.012280030176, 0.0238395743072]]
    },
    "spectral_contrast_coeffs": {
        "mean": [-0.64549946785, -0.719443023205, -0.785903811455, -0.803333103657, -0.788902521133, -0.779405117035],
        "var": [0.0314910560846, 0.0209473073483, 0.00771207828075, 0.00596016878262, 0.00248366524465, 0.00236339657567]
    },
    "spectral_contrast_valleys": {
        "mean": [-9.4828453064, -8.51996231079, -9.29606151581, -9.96695232391, -9.97531032562, -13.3235960007],
        "var": [3.69353866577, 5.43906879425, 3.80759525299, 2.93203830719, 1.00325715542, 0.483767449856]
    }
},
"metadata": {
    "audio_properties": {
        "analysis_sample_rate": 44100,
        "bit_rate": 102550,
        "equal_loudness": 0,
        "length": 45.0612258911,
        "lossless": 0,
        "replay_gain": -7.85958862305,
        "sample_rate": 44100,
        "codec": "mp3",
        "downmix": "mix",
        "md5_encoded": "d6e3e2bc00db4b102ce96ad03b8e32b0"
    },
    "tags": {
        "file_name": "494.mp3"
    },
    "version": {
        "essentia": "2.1-beta2",
        "essentia_git_sha": "v2.1_beta2",
        "extractor": "music 1.0"
    }
},
"rhythm": {
    "beats_count": 104,
    "beats_loudness": {
        "mean": 0.0360506251454,
        "var": 0.00314910290763
    },
    "bpm": 154.72857666,
    "bpm_histogram_first_peak_bpm": {
        "mean": 157,
        "var": 0
    },
    "bpm_histogram_first_peak_spread": {
        "mean": 0.483870983124,
        "var": 0
    },
    "bpm_histogram_first_peak_weight": {
        "mean": 0.155339807272,
        "var": 0
    },
    "bpm_histogram_second_peak_bpm": {
        "mean": 136,
        "var": 0
    },
    "bpm_histogram_second_peak_spread": {
        "mean": 0.464285731316,
        "var": 0
    },
    "bpm_histogram_second_peak_weight": {
        "mean": 0.145631074905,
        "var": 0
    },
    "danceability": 1.0014975071,
    "onset_rate": 2.01856446266,
    "beats_loudness_band_ratio": {
        "mean": [0.532098531723, 0.140446439385, 0.220699995756, 0.0256929378957, 0.013101468794, 0.0858757048845],
        "var": [0.123255878687, 0.0300657954067, 0.0768169313669, 0.00102795148268, 0.000435497204307, 0.0426382385194]
    },
    "beats_position": [0.545668900013, 1.10294783115, 1.67183673382, 2.22911548615, 2.7863945961, 3.34367346764, 3.90095233917, 4.45823097229, 5.02712011337, 5.58439922333, 6.03718805313, 6.47836732864, 6.91954612732, 7.36072540283, 7.80190467834, 8.24308395386, 8.68426322937, 9.12544155121, 9.56662082672, 9.99619007111, 10.4605894089, 10.9249887466, 11.3893871307, 11.8537864685, 12.3181858063, 12.7709751129, 13.235373497, 13.6997728348, 14.1641721725, 14.66340065, 15.1394100189, 15.6154193878, 16.0914287567, 16.5558280945, 17.0202255249, 17.4962348938, 17.9374141693, 18.3785934448, 18.8197727203, 19.2493419647, 19.6905212402, 20.1200904846, 20.549659729, 20.9676189423, 21.3855781555, 21.7919273376, 22.2098865509, 22.6278457642, 23.0458049774, 23.4637641907, 23.8933334351, 24.3345127106, 24.7756919861, 25.2052612305, 25.6348285675, 26.076007843, 26.5055770874, 26.9351463318, 27.3647155762, 27.7942848206, 28.2122440338, 28.5953731537, 28.9785022736, 29.3732414246, 29.7679805756, 30.1511096954, 30.5342407227, 30.9289798737, 31.3237190247, 31.6952381134, 32.0667572021, 32.449886322, 32.8330154419, 33.204536438, 33.5760536194, 33.9475746155, 34.3190917969, 34.690612793, 35.0621299744, 35.4452590942, 35.8283882141, 36.1999092102, 36.5714263916, 36.9545555115, 37.3376846313, 37.7092056274, 38.1039466858, 38.4986839294, 38.8934249878, 39.2765541077, 39.6712913513, 40.0660324097, 40.4607696533, 40.8671188354, 41.2618598938, 41.6333770752, 42.0048980713, 42.3880271912, 42.771156311, 43.1426734924, 43.5141944885, 43.8973236084, 44.2804527283, 44.6635818481]
},
"tonal": {
    "chords_changes_rate": 0.0555555559695,
    "chords_number_rate": 0.0123456791043,
    "chords_strength": {
        "mean": 0.524845838547,
        "var": 0.0140865333378
    },
    "hpcp_entropy": {
        "mean": 1.97415614128,
        "var": 0.860495984554
    },
    "key_strength": 0.63998478651,
    "tuning_diatonic_strength": 0.549012601376,
    "tuning_equal_tempered_deviation": 0.181447073817,
    "tuning_frequency": 434.193115234,
    "tuning_nontempered_energy_ratio": 0.874990940094,
    "hpcp": {
        "mean": [0.098675429821, 0.0955989584327, 0.11573676765, 0.132312938571, 0.143570140004, 0.152173280716, 0.241935625672, 0.264981925488, 0.160824730992, 0.111041709781, 0.110436238348, 0.158059537411, 0.347111165524, 0.354767203331, 0.156640201807, 0.092133179307, 0.0774521008134, 0.0984896197915, 0.214749395847, 0.207603320479, 0.0731083825231, 0.0318956635892, 0.0313290059566, 0.123727992177, 0.21784183383, 0.125577732921, 0.0640643462539, 0.179213583469, 0.201663196087, 0.0954684540629, 0.0472488477826, 0.0396807454526, 0.0511036366224, 0.109484411776, 0.15085414052, 0.132135346532],
        "var": [0.0364822857082, 0.0344799347222, 0.0520766973495, 0.0512702725828, 0.0602544173598, 0.0570925027132, 0.0967317223549, 0.117855928838, 0.0523488745093, 0.0443512201309, 0.0470721051097, 0.042724005878, 0.113791823387, 0.129078403115, 0.0332481488585, 0.0340910293162, 0.0238110013306, 0.0245674047619, 0.095123924315, 0.106142900884, 0.0157140269876, 0.00892840512097, 0.00895239412785, 0.0382998511195, 0.129065573215, 0.036812838167, 0.0152000365779, 0.0786275416613, 0.0953883230686, 0.0270520616323, 0.0115083670244, 0.00871131196618, 0.010592347011, 0.0404882021248, 0.06288844347, 0.0520748756826]
    },
    "chords_histogram": [21.8106994629, 24.0740737915, 10.3909463882, 0, 2.26337456703, 2.26337456703, 2.16049385071, 0, 4.32098770142, 0, 1.02880656719, 0, 0, 0, 0, 2.67489719391, 0, 0.823045253754, 0, 4.93827152252, 0, 9.25925922394, 13.3744859695, 0.617283940315],
    "thpcp": [1, 0.441529542208, 0.259700387716, 0.218318104744, 0.27761760354, 0.605324804783, 0.585181832314, 0.206074237823, 0.0899058952928, 0.0883086323738, 0.348758250475, 0.614041626453, 0.353972226381, 0.180581361055, 0.505158245564, 0.568438112736, 0.269101679325, 0.133182689548, 0.111850097775, 0.14404836297, 0.308609157801, 0.425220072269, 0.372456490993, 0.278141349554, 0.269469559193, 0.326232999563, 0.372957080603, 0.404688298702, 0.428938418627, 0.681955993176, 0.746917784214, 0.45332467556, 0.31299880147, 0.311292141676, 0.445530295372, 0.978419542313],
    "chords_key": "A#",
    "chords_scale": "minor",
    "key_key": "F#",
    "key_scale": "major"
}
}