{
"lowlevel": {
    "average_loudness": 0.806512415409,
    "barkbands_crest": {
        "mean": 11.1744308472,
        "var": 29.4704437256
    },
    "barkbands_flatness_db": {
        "mean": 0.217434182763,
        "var": 0.00906595773995
    },
    "barkbands_kurtosis": {
        "mean": 23.4883308411,
        "var": 5290.68359375
    },
    "barkbands_skewness": {
        "mean": 2.27725172043,
        "var": 10.78977108
    },
    "barkbands_spread": {
        "mean": 21.5603313446,
        "var": 377.855957031
    },
    "dissonance": {
        "mean": 0.478390455246,
        "var": 0.000810098077636
    },
    "dynamic_complexity": 7.49909210205,
    "erbbands_crest": {
        "mean": 8.65476894379,
        "var": 20.6589717865
    },
    "erbbands_flatness_db": {
        "mean": 0.214637041092,
        "var": 0.00783776771277
    },
    "erbbands_kurtosis": {
        "mean": 1.1248216629,
        "var": 26.8644561768
    },
    "erbbands_skewness": {
        "mean": 0.324469923973,
        "var": 1.39318215847
    },
    "erbbands_spread": {
        "mean": 40.2938728333,
        "var": 604.807983398
    },
    "hfc": {
        "mean": 14.2966537476,
        "var": 704.50402832
    },
    "melbands_crest": {
        "mean": 16.3327102661,
        "var": 81.576423645
    },
    "melbands_flatness_db": {
        "mean": 0.253204017878,
        "var": 0.0156004512683
    },
    "melbands_kurtosis": {
        "mean": 53.0913696289,
        "var": 19067.3125
    },
    "melbands_skewness": {
        "mean": 3.72434306145,
        "var": 17.3456287384
    },
    "melbands_spread": {
        "mean": 29.8925285339,
        "var": 1202.11071777
    },
    "pitch_salience": {
        "mean": 0.553229153156,
        "var": 0.0438071750104
    },
    "silence_rate_20dB": {
        "mean": 1,
        "var": 0
    },
    "silence_rate_30dB": {
        "mean": 0.971163749695,
        "var": 0.0280047729611
    },
    "silence_rate_60dB": {
        "mean": 0.39598351717,
        "var": 0.239179551601
    },
    "spectral_centroid": {
        "mean": 1717.14135742,
        "var": 1224251.875
    },
    "spectral_complexity": {
        "mean": 9.84706497192,
        "var": 153.812698364
    },
    "spectral_decrease": {
        "mean": -5.67877833646e-009,
        "var": 6.83325566049e-017
    },
    "spectral_energy": {
        "mean": 0.0227297395468,
        "var": 0.0010311936494
    },
    "spectral_energyband_high": {
        "mean": 0.00121557479724,
        "var": 9.03442378331e-006
    },
    "spectral_energyband_low": {
        "mean": 0.0142691452056,
        "var": 0.000601702020504
    },
    "spectral_energyband_middle_high": {
        "mean": 0.00166562909726,
        "var": 7.99526605988e-006
    },
    "spectral_energyband_middle_low": {
        "mean": 0.00687465723604,
        "var": 0.000271462980891
    },
    "spectral_entropy": {
        "mean": 7.45011568069,
        "var": 0.486942410469
    },
    "spectral_flux": {
        "mean": 0.0762615501881,
        "var": 0.00627070851624
    },
    "spectral_kurtosis": {
        "mean": 5.18135261536,
        "var": 81.1223373413
    },
    "spectral_rms": {
        "mean": 0.00349561637267,
        "var": 9.95602022158e-006
    },
    "spectral_rolloff": {
        "mean": 2172.53662109,
        "var": 6632364
    },
    "spectral_skewness": {
        "mean": 1.31049346924,
        "var": 0.613952875137
    },
    "spectral_spread": {
        "mean": 4290559.5,
        "var": 6.61472254362e+012
    },
    "spectral_strongpeak": {
        "mean": 0.393796175718,
        "var": 0.171447515488
    },
    "zerocrossingrate": {
        "mean": 0.075622998178,
        "var": 0.00464519811794
    },
    "barkbands": {
        "mean": [0.00126566714607, 0.00770689733326, 0.00404557958245, 0.00249177077785, 0.00269349524751, 0.00106785423122, 0.000252278638072, 0.000123995181639, 0.000179420123459, 0.000242626163526, 0.000108787811769, 0.000142258737469, 0.000129704261781, 0.000124244324979, 0.000145902478835, 0.000152989887283, 0.000159922929015, 0.000175039269379, 0.000223843628191, 0.000187435609405, 0.000223386567086, 0.000284898269456, 0.000259251857642, 0.000194657142856, 0.000123888006783, 2.33545724768e-005, 5.85284567478e-007],
        "var": [8.62643446453e-006, 0.000183524389286, 0.000160469397088, 6.76853378536e-005, 7.93220388005e-005, 1.02555104604e-005, 7.94764730472e-007, 1.64405349778e-007, 1.28878497208e-007, 1.83077574434e-007, 1.68482642948e-007, 6.11021420127e-008, 7.77842430466e-008, 1.41637741535e-007, 1.64441317452e-007, 2.02553763984e-007, 1.75657206114e-007, 1.94238765516e-007, 2.04144541271e-007, 2.17922234924e-007, 3.17595123533e-007, 5.79788832056e-007, 4.05932922831e-007, 2.20818193952e-007, 1.51155305161e-007, 1.51505457069e-008, 1.96618363951e-011]
    },
    "erbbands": {
        "mean": [0.316665887833, 1.36499249935, 4.56025791168, 6.76670074463, 9.34107971191, 8.53607749939, 8.01289844513, 8.73184871674, 4.63164281845, 2.60270833969, 3.20546960831, 4.10457754135, 6.40634584427, 6.41278171539, 4.80904912949, 5.90140390396, 6.14141845703, 6.35568475723, 6.73940181732, 8.47906589508, 8.33471107483, 9.03780269623, 9.70405673981, 10.9315490723, 10.2575340271, 8.81701087952, 9.00818538666, 9.07804679871, 10.1499176025, 9.4934425354, 6.99365282059, 4.37285757065, 3.11180639267, 1.7096902132, 0.599698245525, 0.168031170964, 0.0345286354423, 0.00289356871508, 9.30878159124e-005, 3.24132379319e-005],
        "var": [0.364933282137, 8.15920639038, 181.601974487, 397.269683838, 1058.42358398, 944.794616699, 1095.31445313, 583.728759766, 233.707473755, 82.3804702759, 70.7681503296, 66.8809890747, 146.506362915, 167.756607056, 199.009887695, 100.508865356, 160.885818481, 318.48828125, 351.480529785, 522.180725098, 563.964660645, 538.195068359, 606.232849121, 527.534667969, 475.823425293, 472.847229004, 499.303436279, 537.72253418, 749.235534668, 563.657714844, 320.559082031, 122.037498474, 56.1314544678, 25.3323421478, 4.33167219162, 0.548895895481, 0.0457172766328, 0.000382940634154, 2.20865757683e-007, 2.26023089134e-009]
    },
    "gfcc": {
        "mean": [-154.222061157, 90.8471984863, -138.048141479, 31.5628318787, -70.0185317993, 0.939387202263, -30.1776733398, -1.31095445156, -33.165763855, -18.517786026, -1.26000916958, -1.15191352367, -9.99287223816],
        "cov": [[28270.2558594, -5068.07519531, 5718.59033203, 4561.09667969, 1039.03491211, 3771.28027344, -1574.73974609, 1805.03283691, 779.896789551, 2517.76757813, -1959.78076172, 86.9770812988, 656.017028809], [-5068.07519531, 4516.99023438, -1177.05224609, -1329.53015137, 605.269958496, -1384.01196289, 1035.91833496, -420.534057617, 116.03502655, -932.307006836, 959.947937012, -134.031036377, -78.4509277344], [5718.59033203, -1177.05224609, 3736.12280273, 1968.02270508, 831.989685059, 1702.42785645, -146.257843018, 866.840209961, 563.773681641, 1045.97753906, -610.238525391, 75.0399017334, 360.61114502], [4561.09667969, -1329.53015137, 1968.02270508, 1722.89221191, 472.775726318, 1197.69006348, -297.116821289, 444.941345215, 370.799407959, 690.06427002, -458.370697021, -8.04270935059, 221.200271606], [1039.03491211, 605.269958496, 831.989685059, 472.775726318, 822.172729492, 362.932830811, 226.696060181, 208.770706177, 274.906524658, 174.854476929, -4.30847597122, -33.2331199646, 73.5530548096], [3771.28027344, -1384.01196289, 1702.42785645, 1197.69006348, 362.932830811, 1253.31225586, -235.276916504, 496.430114746, 278.640197754, 673.532836914, -468.707183838, 45.6622238159, 192.425613403], [-1574.73974609, 1035.91833496, -146.257843018, -297.116821289, 226.696060181, -235.276916504, 631.930908203, 84.6126251221, 68.1246261597, -224.026489258, 336.890838623, 17.8882198334, -30.563747406], [1805.03283691, -420.534057617, 866.840209961, 444.941345215, 208.770706177, 496.430114746, 84.6126251221, 419.884552002, 184.032150269, 336.81072998, -120.834274292, 79.2543029785, 106.32308197], [779.896789551, 116.03502655, 563.773681641, 370.799407959, 274.906524658, 278.640197754, 68.1246261597, 184.032150269, 323.020172119, 237.900650024, -23.9401416779, -8.24045562744, 115.170066833], [2517.76757813, -932.307006836, 1045.97753906, 690.06427002, 174.854476929, 673.532836914, -224.026489258, 336.81072998, 237.900650024, 559.263183594, -269.262695313, 69.4019088745, 133.369171143], [-1959.78076172, 959.947937012, -610.238525391, -458.370697021, -4.30847597122, -468.707183838, 336.890838623, -120.834274292, -23.9401416779, -269.262695313, 423.352966309, 43.6838035583, -43.3886871338], [86.9770812988, -134.031036377, 75.0399017334, -8.04270935059, -33.2331199646, 45.6622238159, 17.8882198334, 79.2543029785, -8.24045562744, 69.4019088745, 43.6838035583, 130.547546387, 55.5126724243], [656.017028809, -78.4509277344, 360.61114502, 221.200271606, 73.5530548096, 192.425613403, -30.563747406, 106.32308197, 115.170066833, 133.369171143, -43.3886871338, 55.5126724243, 162.625320435]],
        "icov": [[9.17407160159e-005, -8.29341370263e-005, 7.15933638276e-005, -0.000212411614484, -2.8403151191e-006, 4.01382276323e-005, 0.000141325333971, -0.000370017107343, 0.000278187595541, -0.000227006617934, 0.000167938997038, 9.60604666034e-005, -5.64772235521e-005], [-8.29341370263e-005, 0.0014979528496, -0.00065009878017, 0.00104398955591, -0.00115072238259, 0.000635769800283, -5.74009827687e-005, 0.000578629376832, -0.00144018640276, 0.00184814527165, -0.00179144844878, 0.00107371388003, -0.00088241964113], [7.15933638276e-005, -0.00065009878017, 0.00142641272396, -0.00112977519166, 9.88471147139e-005, -0.000330723705702, -0.000407315470511, -0.000963953847531, 0.00112788600381, -0.00161892478354, 0.00133500667289, -0.00017449814186, -0.000383725040592], [-0.000212411614484, 0.00104398955591, -0.00112977519166, 0.00343415560201, -0.000839938875288, -0.00132638181094, 0.000595744641032, 0.00134203932248, -0.00204478087835, 0.00172477669548, -0.00204247492366, 0.00131254980806, -0.000580897554755], [-2.8403151191e-006, -0.00115072238259, 9.88471147139e-005, -0.000839938875288, 0.00324018415995, -0.000962534802966, -0.000909765134566, 0.00034411449451, -0.000383590609999, -0.000969965360127, 0.00117603340186, -0.000648421177175, 0.0012593298452], [4.01382276323e-005, 0.000635769800283, -0.000330723705702, -0.00132638181094, -0.000962534802966, 0.00542964180931, -0.00104220211506, -0.00115392915905, 0.000996253802441, -0.00208778958768, 0.00184967683163, 0.000606207118835, -0.00145521038212], [0.000141325333971, -5.74009827687e-005, -0.000407315470511, 0.000595744641032, -0.000909765134566, -0.00104220211506, 0.00735772401094, -0.005412846338, -0.00210281903856, 0.00545149715617, -0.00418107025325, 7.19337404007e-005, 0.00193977740128], [-0.000370017107343, 0.000578629376832, -0.000963953847531, 0.00134203932248, 0.00034411449451, -0.00115392915905, -0.005412846338, 0.0119400369003, -0.00141605420504, -0.00358835048974, 0.00142847385723, -0.00314267841168, -0.000130475047627], [0.000278187595541, -0.00144018640276, 0.00112788600381, -0.00204478087835, -0.000383590609999, 0.000996253802441, -0.00210281903856, -0.00141605420504, 0.0134363714606, -0.00959529168904, -0.000351786788087, 0.00693187303841, -0.00611789850518], [-0.000227006617934, 0.00184814527165, -0.00161892478354, 0.00172477669548, -0.000969965360127, -0.00208778958768, 0.00545149715617, -0.00358835048974, -0.00959529168904, 0.0166388619691, -0.00245165266097, -0.00515555171296, 0.00358630833216], [0.000167938997038, -0.00179144844878, 0.00133500667289, -0.00204247492366, 0.00117603340186, 0.00184967683163, -0.00418107025325, 0.00142847385723, -0.000351786788087, -0.00245165266097, 0.0120167965069, -0.00693604815751, 0.00166943832301], [9.60604666034e-005, 0.00107371388003, -0.00017449814186, 0.00131254980806, -0.000648421177175, 0.000606207118835, 7.19337404007e-005, -0.00314267841168, 0.00693187303841, -0.00515555171296, -0.00693604815751, 0.0196717381477, -0.00887033995241], [-5.64772235521e-005, -0.00088241964113, -0.000383725040592, -0.000580897554755, 0.0012593298452, -0.00145521038212, 0.00193977740128, -0.000130475047627, -0.00611789850518, 0.00358630833216, 0.00166943832301, -0.00887033995241, 0.0140592623502]]
    },
    "melbands": {
        "mean": [0.00241819256917, 0.00218028901145, 0.00128088332713, 0.000651127716992, 0.000300213025184, 0.000194590960746, 6.50177462376e-005, 2.64849022642e-005, 2.74600297416e-005, 2.53750349657e-005, 3.2938165532e-005, 2.75082165899e-005, 1.56896239787e-005, 1.52910415636e-005, 1.50224959725e-005, 1.25256483443e-005, 1.18086882139e-005, 1.01898122011e-005, 1.19196192827e-005, 1.09266120489e-005, 9.49826335273e-006, 9.43751183513e-006, 8.61702210386e-006, 8.55820144352e-006, 8.84031305759e-006, 8.72565306054e-006, 5.97477219344e-006, 5.85492898608e-006, 5.52213077754e-006, 5.41479630556e-006, 5.30946499566e-006, 5.70235033592e-006, 5.59871887162e-006, 5.1591960073e-006, 4.25044163421e-006, 2.88259366243e-006, 2.72576426141e-006, 2.40208646574e-006, 1.78409084128e-006, 1.33685136916e-006],
        "var": [1.81330942723e-005, 3.18882193824e-005, 1.31929509735e-005, 4.76203786093e-006, 1.4761943703e-006, 2.9155094694e-007, 4.72997463419e-008, 9.37284472258e-009, 4.57611903926e-009, 2.59671373293e-009, 3.86893095339e-009, 2.83952905633e-009, 2.77456546627e-009, 8.07161060212e-010, 7.57675366891e-010, 7.88220988479e-010, 1.24748833485e-009, 8.56806625649e-010, 1.06498976304e-009, 9.43842892731e-010, 8.108034244e-010, 6.02601191169e-010, 5.00268215742e-010, 5.23003751418e-010, 3.48143069928e-010, 3.02384478568e-010, 2.16365078631e-010, 2.2102503161e-010, 2.0453329308e-010, 1.83217774286e-010, 1.99006033874e-010, 2.39560205006e-010, 2.33479430234e-010, 1.53033086203e-010, 1.16312612319e-010, 6.45621403561e-011, 4.74708501674e-011, 3.37378389115e-011, 2.26966483802e-011, 1.76121773415e-011]
    },
    "mfcc": {
        "mean": [-776.266235352, 100.945014954, 1.0433318615, 12.3301410675, -6.10479593277, -10.1276350021, 8.84738445282, 9.90362262726, -18.4387493134, -10.109796524, -1.97257065773, -10.8513345718, -7.35846185684],
        "cov": [[20591.3515625, -3089.94799805, 2187.40405273, 2722.43359375, 1997.38244629, 2696.4387207, -684.101135254, -258.746307373, 2024.69873047, 1146.81152344, -295.501220703, 780.146911621, 564.734130859], [-3089.94799805, 3941.72949219, -727.794616699, -315.438415527, -195.991653442, -839.943786621, 442.67199707, 427.466064453, -501.03036499, -168.478546143, 200.022232056, -157.635406494, 4.64595270157], [2187.40405273, -727.794616699, 1841.57702637, 996.843933105, 698.328125, 986.958618164, 86.3434066772, 75.2986068726, 804.706054688, 475.984924316, 70.3367385864, 334.605743408, 202.851989746], [2722.43359375, -315.438415527, 996.843933105, 1031.8416748, 724.048400879, 799.220458984, 23.1281700134, 52.7668838501, 604.629394531, 402.143554688, 30.5065555573, 258.183227539, 168.647399902], [1997.38244629, -195.991653442, 698.328125, 724.048400879, 802.798217773, 760.007019043, 2.47339916229, 16.3952503204, 515.469787598, 344.397277832, 40.2063217163, 196.889297485, 127.945716858], [2696.4387207, -839.943786621, 986.958618164, 799.220458984, 760.007019043, 1039.95996094, -31.2524223328, -34.1617546082, 716.163391113, 435.287475586, -11.1972055435, 270.491607666, 152.680358887], [-684.101135254, 442.67199707, 86.3434066772, 23.1281700134, 2.47339916229, -31.2524223328, 329.366210938, 251.895843506, -20.330493927, 12.6824836731, 115.012397766, 27.2067451477, 28.6010780334], [-258.746307373, 427.466064453, 75.2986068726, 52.7668838501, 16.3952503204, -34.1617546082, 251.895843506, 269.38482666, 43.8832321167, 42.3505744934, 101.255027771, 35.4996376038, 57.0695266724], [2024.69873047, -501.03036499, 804.706054688, 604.629394531, 515.469787598, 716.163391113, -20.330493927, 43.8832321167, 670.179626465, 402.494506836, 11.5488328934, 236.394180298, 167.476303101], [1146.81152344, -168.478546143, 475.984924316, 402.143554688, 344.397277832, 435.287475586, 12.6824836731, 42.3505744934, 402.494506836, 319.729522705, 69.929359436, 166.231048584, 112.166908264], [-295.501220703, 200.022232056, 70.3367385864, 30.5065555573, 40.2063217163, -11.1972055435, 115.012397766, 101.255027771, 11.5488328934, 69.929359436, 155.564880371, 74.9679946899, 39.8932685852], [780.146911621, -157.635406494, 334.605743408, 258.183227539, 196.889297485, 270.491607666, 27.2067451477, 35.4996376038, 236.394180298, 166.231048584, 74.9679946899, 178.503631592, 105.871742249], [564.734130859, 4.64595270157, 202.851989746, 168.647399902, 127.945716858, 152.680358887, 28.6010780334, 57.0695266724, 167.476303101, 112.166908264, 39.8932685852, 105.871742249, 126.296615601]],
        "icov": [[0.000107064734038, 2.86700524157e-005, 9.52867485466e-005, -0.000254771730397, 9.34845666052e-005, -0.000239284650888, 0.00041492303717, -0.000366261636373, 5.66697599425e-005, 5.92888318351e-005, 0.000105887025711, -9.34823983698e-005, -0.000109414650069], [2.86700524157e-005, 0.000524021976162, 3.50388363586e-005, -3.60161866411e-005, -0.000783976283856, 0.00108120182995, -0.000466682307888, -0.000285917660221, 0.000326970883179, -0.000801747257356, 0.000647239910904, -0.000132688204758, -0.000248377415119], [9.52867485466e-005, 3.50388363586e-005, 0.00185943569522, -0.00158524094149, 0.000991754117422, -0.000838188803755, -0.000786912802141, 0.00112218980212, -0.00234677921981, 0.00191875791643, -0.00183781271335, 0.00073119031731, -0.000241948044277], [-0.000254771730397, -3.60161866411e-005, -0.00158524094149, 0.00522619625553, -0.00313629349694, 0.000933956820518, -0.000173765132786, -0.00131485029124, 0.00236030900851, -0.00348909827881, 0.00380853773095, -0.00309436023235, 0.000749446742702], [9.34845666052e-005, -0.000783976283856, 0.000991754117422, -0.00313629349694, 0.00794451404363, -0.00678656296805, 0.00231577665545, -0.000301652500639, -0.000760565511882, 0.00268963142298, -0.00567828956991, 0.00452617928386, -0.00140695204027], [-0.000239284650888, 0.00108120182995, -0.000838188803755, 0.000933956820518, -0.00678656296805, 0.0129670100287, -0.0071464558132, 0.00605382537469, -0.00482046883553, -0.00288056326099, 0.00574490893632, -0.00482034077868, 0.00238812412135], [0.00041492303717, -0.000466682307888, -0.000786912802141, -0.000173765132786, 0.00231577665545, -0.0071464558132, 0.0188247021288, -0.0179249569774, 0.00703790970147, 1.67855923792e-005, -0.00204968382604, -0.00129053369164, 0.0021695306059], [-0.000366261636373, -0.000285917660221, 0.00112218980212, -0.00131485029124, -0.000301652500639, 0.00605382537469, -0.0179249569774, 0.0249961577356, -0.0115873925388, 0.00508613185957, -0.0062490622513, 0.00635625282302, -0.00515301618725], [5.66697599425e-005, 0.000326970883179, -0.00234677921981, 0.00236030900851, -0.000760565511882, -0.00482046883553, 0.00703790970147, -0.0115873925388, 0.0210137888789, -0.015936544165, 0.0116511769593, -0.00685480330139, -0.00105361896567], [5.92888318351e-005, -0.000801747257356, 0.00191875791643, -0.00348909827881, 0.00268963142298, -0.00288056326099, 1.67855923792e-005, 0.00508613185957, -0.015936544165, 0.0253682844341, -0.0159674324095, 0.00598926562816, -0.00157730269711], [0.000105887025711, 0.000647239910904, -0.00183781271335, 0.00380853773095, -0.00567828956991, 0.00574490893632, -0.00204968382604, -0.0062490622513, 0.0116511769593, -0.0159674324095, 0.0268492922187, -0.0170594155788, 0.00401480868459], [-9.34823983698e-005, -0.000132688204758, 0.00073119031731, -0.00309436023235, 0.00452617928386, -0.00482034077868, -0.00129053369164, 0.00635625282302, -0.00685480330139, 0.00598926562816, -0.0170594155788, 0.0283691063523, -0.0125794447958], [-0.000109414650069, -0.000248377415119, -0.000241948044277, 0.000749446742702, -0.00140695204027, 0.00238812412135, 0.0021695306059, -0.00515301618725, -0.00105361896567, -0.00157730269711, 0.00401480868459, -0.0125794447958, 0.0202545095235]]
    },
    "spectral_contrast_coeffs": {
        "mean": [-0.595666706562, -0.770540297031, -0.834830522537, -0.79988437891, -0.771288275719, -0.763171315193],
        "var": [0.0116655947641, 0.00577481975779, 0.00195841910318, 0.00460900831968, 0.00675122532994, 0.00171732716262]
    },
    "spectral_contrast_valleys": {
        "mean": [-9.6429643631, -8.05469417572, -8.01851940155, -9.04086399078, -8.843791008, -11.8184528351],
        "var": [7.42987966537, 2.23432445526, 1.84669446945, 3.00833153725, 3.4646821022, 7.57026672363]
    }
},
"metadata": {
    "audio_properties": {
        "analysis_sample_rate": 44100,
        "bit_rate": 113732,
        "equal_loudness": 0,
        "length": 45.0612258911,
        "lossless": 0,
        "replay_gain": -14.0759773254,
        "sample_rate": 44100,
        "codec": "mp3",
        "downmix": "mix",
        "md5_encoded": "b25faac8c1d8231cf7edf55d6b3afb96"
    },
    "tags": {
        "file_name": "497.mp3"
    },
    "version": {
        "essentia": "2.1-beta2",
        "essentia_git_sha": "v2.1_beta2",
        "extractor": "music 1.0"
    }
},
"rhythm": {
    "beats_count": 64,
    "beats_loudness": {
        "mean": 0.0376111343503,
        "var": 0.000991328270175
    },
    "bpm": 86.7862472534,
    "bpm_histogram_first_peak_bpm": {
        "mean": 88,
        "var": 0
    },
    "bpm_histogram_first_peak_spread": {
        "mean": 0.492063462734,
        "var": 0
    },
    "bpm_histogram_first_peak_weight": {
        "mean": 0.507936537266,
        "var": 0
    },
    "bpm_histogram_second_peak_bpm": {
        "mean": 0,
        "var": 0
    },
    "bpm_histogram_second_peak_spread": {
        "mean": 0,
        "var": 0
    },
    "bpm_histogram_second_peak_weight": {
        "mean": 0,
        "var": 0
    },
    "danceability": 1.11195635796,
    "onset_rate": 4.41422367096,
    "beats_loudness_band_ratio": {
        "mean": [0.45060929656, 0.219512969255, 0.0732489526272, 0.134309068322, 0.050429161638, 0.140696525574],
        "var": [0.145004361868, 0.0548088625073, 0.00991455093026, 0.0332321338356, 0.00287540769204, 0.0221583023667]
    },
    "beats_position": [0.696598649025, 1.40480720997, 2.10140585899, 2.7863945961, 3.48299312592, 4.17959165573, 4.87619018555, 5.56117916107, 6.24616765976, 6.94276618958, 7.63936471939, 8.32435321808, 9.02095222473, 9.71755123138, 10.4025392532, 11.0875282288, 11.7725172043, 12.4575052261, 13.1424942017, 13.8274831772, 14.512471199, 15.2090702057, 15.9056682587, 16.5906581879, 17.2756462097, 17.9722442627, 18.6572322845, 19.3422222137, 20.0272102356, 20.7238082886, 21.4087982178, 22.1053962708, 22.7903842926, 23.4753742218, 24.1719722748, 24.8685703278, 25.5419502258, 26.2385482788, 26.9351463318, 27.620136261, 28.3051242828, 29.0017223358, 29.6983222961, 30.383310318, 31.0682983398, 31.7648983002, 32.449886322, 33.1348762512, 33.8314743042, 34.5164604187, 35.2014503479, 35.8980484009, 36.5830383301, 37.2680282593, 37.9646263123, 38.6612243652, 39.3462142944, 40.0312004089, 40.7277984619, 41.4243965149, 42.1326065063, 42.8408164978, 43.5490226746, 44.257232666]
},
"tonal": {
    "chords_changes_rate": 0.0823045298457,
    "chords_number_rate": 0.00617283955216,
    "chords_strength": {
        "mean": 0.466665953398,
        "var": 0.00517142890021
    },
    "hpcp_entropy": {
        "mean": 2.81586050987,
        "var": 0.635165631771
    },
    "key_strength": 0.340135723352,
    "tuning_diatonic_strength": 0.282755404711,
    "tuning_equal_tempered_deviation": 0.22919946909,
    "tuning_frequency": 434.193115234,
    "tuning_nontempered_energy_ratio": 0.854855656624,
    "hpcp": {
        "mean": [0.254993647337, 0.218475073576, 0.136233210564, 0.0820631012321, 0.0846905484796, 0.0889385119081, 0.0964737609029, 0.103321604431, 0.0969068259001, 0.0915611088276, 0.0847997367382, 0.104090973735, 0.130209863186, 0.121040396392, 0.111498251557, 0.150806829333, 0.2693605721, 0.270040273666, 0.170069023967, 0.135899186134, 0.120533317327, 0.155870229006, 0.212562397122, 0.313697040081, 0.437679409981, 0.319199174643, 0.151384398341, 0.161644548178, 0.169835999608, 0.133577674627, 0.131575345993, 0.197610780597, 0.283705800772, 0.313791781664, 0.297866493464, 0.278749793768],
        "var": [0.0988403856754, 0.0814410373569, 0.0346620678902, 0.0268343742937, 0.0260545294732, 0.0233658887446, 0.0236080810428, 0.0268973913044, 0.0220001190901, 0.0268100574613, 0.0235292743891, 0.0283363908529, 0.0392024889588, 0.0366500765085, 0.031744454056, 0.040558014065, 0.0968654900789, 0.0923233628273, 0.0415094308555, 0.0395869649947, 0.0325891561806, 0.0450782887638, 0.0751410797238, 0.0809575021267, 0.161111548543, 0.0901365727186, 0.0375435315073, 0.0387647300959, 0.047907538712, 0.0318369008601, 0.0425751693547, 0.066374823451, 0.0887222066522, 0.101878143847, 0.093020953238, 0.0935419350863]
    },
    "chords_histogram": [18.41563797, 0, 0, 0.823045253754, 0, 9.56790161133, 0, 0.514403283596, 0, 0, 1.13168728352, 0, 0, 0, 0, 0, 0, 55.7613182068, 4.52674913406, 0, 0, 0, 9.25925922394, 0],
    "thpcp": [1, 0.729299068451, 0.345879644156, 0.369321793318, 0.388037443161, 0.305195242167, 0.300620377064, 0.451496630907, 0.648204565048, 0.716944336891, 0.680558621883, 0.636881232262, 0.582603693008, 0.49916690588, 0.31126254797, 0.187495917082, 0.193499043584, 0.20320469141, 0.22042106092, 0.236066862941, 0.221410512924, 0.209196746349, 0.193748518825, 0.237824693322, 0.297500550747, 0.276550352573, 0.254748672247, 0.344560027122, 0.615428924561, 0.61698192358, 0.38856986165, 0.310499370098, 0.275391787291, 0.356128782034, 0.48565775156, 0.716727912426],
    "chords_key": "C#",
    "chords_scale": "major",
    "key_key": "D",
    "key_scale": "minor"
}
}