{
"lowlevel": {
    "average_loudness": 0.886117041111,
    "barkbands_crest": {
        "mean": 13.7783794403,
        "var": 24.0258541107
    },
    "barkbands_flatness_db": {
        "mean": 0.232399597764,
        "var": 0.0045741694048
    },
    "barkbands_kurtosis": {
        "mean": 16.4604682922,
        "var": 233.651199341
    },
    "barkbands_skewness": {
        "mean": 2.99115681648,
        "var": 1.80074930191
    },
    "barkbands_spread": {
        "mean": 7.10315561295,
        "var": 19.998884201
    },
    "dissonance": {
        "mean": 0.444230794907,
        "var": 0.00102143129334
    },
    "dynamic_complexity": 1.91614198685,
    "erbbands_crest": {
        "mean": 9.4797334671,
        "var": 16.1562824249
    },
    "erbbands_flatness_db": {
        "mean": 0.170958966017,
        "var": 0.0020595905371
    },
    "erbbands_kurtosis": {
        "mean": 1.81131029129,
        "var": 6.03857278824
    },
    "erbbands_skewness": {
        "mean": 1.11575555801,
        "var": 0.357511430979
    },
    "erbbands_spread": {
        "mean": 33.5381851196,
        "var": 214.2628479
    },
    "hfc": {
        "mean": 16.0620155334,
        "var": 84.2931060791
    },
    "melbands_crest": {
        "mean": 17.9202384949,
        "var": 31.506696701
    },
    "melbands_flatness_db": {
        "mean": 0.338360905647,
        "var": 0.00534159876406
    },
    "melbands_kurtosis": {
        "mean": 28.3795967102,
        "var": 744.744140625
    },
    "melbands_skewness": {
        "mean": 3.60675096512,
        "var": 2.54105877876
    },
    "melbands_spread": {
        "mean": 6.44592475891,
        "var": 49.8566551208
    },
    "pitch_salience": {
        "mean": 0.48858076334,
        "var": 0.0155494790524
    },
    "silence_rate_20dB": {
        "mean": 0.995882630348,
        "var": 0.00410050805658
    },
    "silence_rate_30dB": {
        "mean": 0.748842000961,
        "var": 0.188076883554
    },
    "silence_rate_60dB": {
        "mean": 0.00257334019989,
        "var": 0.0025667718146
    },
    "spectral_centroid": {
        "mean": 600.452392578,
        "var": 233782.734375
    },
    "spectral_complexity": {
        "mean": 14.7910451889,
        "var": 56.2393531799
    },
    "spectral_decrease": {
        "mean": -2.03746584049e-008,
        "var": 1.76188014636e-016
    },
    "spectral_energy": {
        "mean": 0.0783555358648,
        "var": 0.00256386911497
    },
    "spectral_energyband_high": {
        "mean": 0.000196694876649,
        "var": 5.83843302593e-008
    },
    "spectral_energyband_low": {
        "mean": 0.0542552731931,
        "var": 0.00204692338593
    },
    "spectral_energyband_middle_high": {
        "mean": 0.00216803955846,
        "var": 5.31024852535e-006
    },
    "spectral_energyband_middle_low": {
        "mean": 0.0253997575492,
        "var": 0.000270567252301
    },
    "spectral_entropy": {
        "mean": 6.87393283844,
        "var": 0.161104515195
    },
    "spectral_flux": {
        "mean": 0.0894831046462,
        "var": 0.000947668799199
    },
    "spectral_kurtosis": {
        "mean": 9.26934146881,
        "var": 34.1005210876
    },
    "spectral_rms": {
        "mean": 0.00833188183606,
        "var": 7.02418446963e-006
    },
    "spectral_rolloff": {
        "mean": 373.512115479,
        "var": 739944.4375
    },
    "spectral_skewness": {
        "mean": 2.25677800179,
        "var": 0.340797096491
    },
    "spectral_spread": {
        "mean": 3482077.75,
        "var": 2.87990061466e+012
    },
    "spectral_strongpeak": {
        "mean": 0.592436492443,
        "var": 0.128724500537
    },
    "zerocrossingrate": {
        "mean": 0.02105489932,
        "var": 0.000606199610047
    },
    "barkbands": {
        "mean": [0.00172848801594, 0.0420454628766, 0.00690812012181, 0.00656592240557, 0.0089032240212, 0.00347012630664, 0.00286757200956, 0.00251515256241, 0.000928082678001, 0.000720195879694, 0.000263585243374, 0.000159046438057, 0.000100987250335, 0.000121662880701, 0.000155444722623, 0.000162521246239, 0.00018978616572, 0.000170964704012, 0.000126931889099, 9.53979033511e-005, 2.90578627755e-005, 2.84876532533e-005, 2.60951201199e-005, 2.37947151618e-005, 3.25537475874e-005, 1.63114527822e-005, 6.25837571988e-007],
        "var": [1.30498365252e-005, 0.00172046769876, 4.48055070592e-005, 4.95490494359e-005, 7.26697253413e-005, 1.05205499494e-005, 1.39057110573e-005, 1.09908723971e-005, 1.2674536265e-006, 8.1998615542e-007, 3.1245832588e-007, 7.49075681483e-008, 3.19241983959e-008, 3.60987328918e-008, 6.03148606615e-008, 7.93728602844e-008, 8.11680820334e-008, 8.1990982892e-008, 1.79203816231e-008, 1.85815434151e-008, 1.32154676091e-009, 3.26438587273e-009, 1.83136072973e-009, 1.59220703289e-009, 2.3397188631e-009, 6.50726916795e-010, 2.13110020082e-012]
    },
    "erbbands": {
        "mean": [1.64724850655, 7.71977853775, 7.8493885994, 17.5675945282, 26.390296936, 24.9819984436, 35.1062927246, 30.1864433289, 36.7025604248, 46.3260345459, 52.570854187, 21.8920021057, 20.6993255615, 18.8483486176, 9.84021759033, 6.04610157013, 4.75584936142, 5.0300412178, 7.15137338638, 9.1741809845, 9.6256313324, 11.2305116653, 9.94062137604, 9.04950046539, 4.87866210938, 4.0160908699, 1.74194049835, 1.12655568123, 1.05376803875, 0.887263298035, 0.641337394714, 0.60586386919, 0.375470608473, 0.442324608564, 0.172588154674, 0.0869275778532, 0.0263821166009, 0.00424977019429, 0.000128919040435, 8.92258321983e-005],
        "var": [3.5426902771, 57.8946113586, 36.6000480652, 354.749786377, 944.627258301, 700.567138672, 1022.28076172, 1187.75073242, 2611.94262695, 3271.97753906, 4644.02441406, 584.671142578, 513.941833496, 631.30670166, 376.311798096, 133.262710571, 72.108039856, 70.7942352295, 106.837532043, 267.606933594, 247.625, 293.980010986, 239.609405518, 103.937149048, 34.8783416748, 27.2761306763, 5.37115955353, 2.07697987556, 4.75636148453, 3.25684690475, 1.10929882526, 0.965600252151, 0.544165253639, 0.545559048653, 0.0696066692472, 0.0202184040099, 0.00184584944509, 6.2752784288e-005, 3.41076784593e-008, 3.16604009676e-009]
    },
    "gfcc": {
        "mean": [-12.6822748184, 147.413345337, -80.0347595215, 39.6558494568, -44.3372955322, -0.00663757836446, -29.002040863, 20.1402187347, -17.8092765808, -0.653199851513, -5.3181347847, -4.55140399933, -2.99317026138],
        "cov": [[6836.65185547, -1497.89526367, 13.6073932648, -316.24822998, -275.253936768, 278.417205811, -814.594604492, 668.17388916, -101.015930176, 415.704345703, -785.15838623, 510.981262207, -290.979278564], [-1497.89526367, 1200.99816895, -162.481658936, 77.6057891846, 102.505302429, -185.449981689, 399.363433838, -239.759353638, 36.142993927, -210.593170166, 376.522369385, -280.330383301, 198.572174072], [13.6073932648, -162.481658936, 301.432098389, -9.89497089386, 1.2499961853, 24.8424797058, -63.2190361023, 52.1272354126, 13.8389358521, 41.5759468079, -53.5609130859, 64.0966949463, -66.6323318481], [-316.24822998, 77.6057891846, -9.89497089386, 294.399993896, 28.9577159882, 11.1082668304, 50.9798469543, -150.468490601, 17.9457988739, -66.1048355103, 113.380462646, -61.7549667358, 23.4023551941], [-275.253936768, 102.505302429, 1.2499961853, 28.9577159882, 108.614234924, 11.8946590424, 52.3009033203, -24.5257701874, 6.71636629105, -21.8819007874, 51.2941589355, -31.4764385223, 30.5294208527], [278.417205811, -185.449981689, 24.8424797058, 11.1082668304, 11.8946590424, 112.536148071, -57.6847572327, 37.1249961853, 8.4933423996, 32.1388816833, -58.8268890381, 42.2877159119, -5.36906862259], [-814.594604492, 399.363433838, -63.2190361023, 50.9798469543, 52.3009033203, -57.6847572327, 276.475921631, -92.6812973022, 24.7645587921, -79.5632400513, 167.34602356, -94.8779296875, 65.7492752075], [668.17388916, -239.759353638, 52.1272354126, -150.468490601, -24.5257701874, 37.1249961853, -92.6812973022, 203.499771118, 9.20623588562, 87.7792282104, -134.285598755, 75.8231048584, -31.2538375854], [-101.015930176, 36.142993927, 13.8389358521, 17.9457988739, 6.71636629105, 8.4933423996, 24.7645587921, 9.20623588562, 75.5652618408, 18.833480835, 28.6905727386, -6.26588964462, 9.72148036957], [415.704345703, -210.593170166, 41.5759468079, -66.1048355103, -21.8819007874, 32.1388816833, -79.5632400513, 87.7792282104, 18.833480835, 106.92591095, -69.4251785278, 60.9214439392, -27.9886779785], [-785.15838623, 376.522369385, -53.5609130859, 113.380462646, 51.2941589355, -58.8268890381, 167.34602356, -134.285598755, 28.6905727386, -69.4251785278, 230.743301392, -98.5494689941, 72.7520904541], [510.981262207, -280.330383301, 64.0966949463, -61.7549667358, -31.4764385223, 42.2877159119, -94.8779296875, 75.8231048584, -6.26588964462, 60.9214439392, -98.5494689941, 151.670944214, -54.4885139465], [-290.979278564, 198.572174072, -66.6323318481, 23.4023551941, 30.5294208527, -5.36906862259, 65.7492752075, -31.2538375854, 9.72148036957, -27.9886779785, 72.7520904541, -54.4885139465, 125.341506958]],
        "icov": [[0.000467198813567, -0.000646484782919, 0.000595462683123, -0.00094583700411, 0.000404397404054, -0.000517753011081, 0.000718063150998, -0.00138268747833, 0.000826685456559, -0.000997855328023, 0.00069760432234, -0.00090662704315, 0.000673842732795], [-0.000646484782919, 0.00522162811831, -0.00113683310337, 0.0036127276253, -0.00103805481922, 0.00328261777759, -0.00248208013363, 0.00308883003891, -0.00303849810734, 0.00505996821448, -0.00340735353529, 0.00390772009268, -0.00354433944449], [0.000595462683123, -0.00113683310337, 0.00493822572753, -0.00187283568084, -0.000430165993748, -0.000705731799826, 0.00137665425427, -0.00263084913604, 0.000418048031861, -0.00174866535235, 0.00082221836783, -0.00236817169935, 0.00292502716184], [-0.00094583700411, 0.0036127276253, -0.00187283568084, 0.00979709066451, -0.000862429034896, -0.000390805827919, -0.000989911379293, 0.00762731069699, -0.00452925870195, 0.00554344942793, -0.00446623796597, 0.00403872691095, -0.00219237315468], [0.000404397404054, -0.00103805481922, -0.000430165993748, -0.000862429034896, 0.0122947907075, -0.0042724404484, -0.000335311866365, -0.00207144161686, 0.00173511670437, -0.000191346058273, -0.00150669633877, 0.000210956917726, -0.000213650258956], [-0.000517753011081, 0.00328261777759, -0.000705731799826, -0.000390805827919, -0.0042724404484, 0.0158120561391, -0.00102359254379, 0.00176338723395, -0.00386051298119, 0.00144059886225, 0.00204242463224, 9.37177901505e-005, -0.0045336955227], [0.000718063150998, -0.00248208013363, 0.00137665425427, -0.000989911379293, -0.000335311866365, -0.00102359254379, 0.0093603329733, -0.00297009246424, -3.69353438145e-006, 0.000610306335147, -0.00248488783836, -0.00166365725454, 0.00175869022496], [-0.00138268747833, 0.00308883003891, -0.00263084913604, 0.00762731069699, -0.00207144161686, 0.00176338723395, -0.00297009246424, 0.0180365778506, -0.00582187483087, -0.000951888214331, 0.00252337893471, 0.00306707248092, -0.00418289285153], [0.000826685456559, -0.00303849810734, 0.000418048031861, -0.00452925870195, 0.00173511670437, -0.00386051298119, -3.69353438145e-006, -0.00582187483087, 0.0199202504009, -0.00853798817843, -0.00116942299064, -0.00179007428233, 0.00221208413132], [-0.000997855328023, 0.00505996821448, -0.00174866535235, 0.00554344942793, -0.000191346058273, 0.00144059886225, 0.000610306335147, -0.000951888214331, -0.00853798817843, 0.0245093926787, -0.00545113300905, 0.00136117648799, -0.00285568134859], [0.00069760432234, -0.00340735353529, 0.00082221836783, -0.00446623796597, -0.00150669633877, 0.00204242463224, -0.00248488783836, 0.00252337893471, -0.00116942299064, -0.00545113300905, 0.0168351940811, -0.00179169571493, -0.00100137421396], [-0.00090662704315, 0.00390772009268, -0.00236817169935, 0.00403872691095, 0.000210956917726, 9.37177901505e-005, -0.00166365725454, 0.00306707248092, -0.00179007428233, 0.00136117648799, -0.00179169571493, 0.014902128838, -0.000757431960665], [0.000673842732795, -0.00354433944449, 0.00292502716184, -0.00219237315468, -0.000213650258956, -0.0045336955227, 0.00175869022496, -0.00418289285153, 0.00221208413132, -0.00285568134859, -0.00100137421396, -0.000757431960665, 0.0144569473341]]
    },
    "melbands": {
        "mean": [0.0131469583139, 0.00615014322102, 0.00332059874199, 0.00182200386189, 0.00122540607117, 0.000644470681436, 0.000578715524171, 0.000540250330232, 0.000366445252439, 0.000130692234961, 0.000109347420221, 8.36603794596e-005, 3.60001286026e-005, 2.07608281926e-005, 1.13621217679e-005, 9.41734197113e-006, 9.24213782127e-006, 1.16021792564e-005, 1.1884293599e-005, 1.09401998998e-005, 1.13768346637e-005, 1.14778549687e-005, 9.06505465537e-006, 8.97835525393e-006, 7.49482614992e-006, 3.84797385777e-006, 3.65106097888e-006, 2.39496603172e-006, 1.23192864976e-006, 6.92183562023e-007, 6.0220514797e-007, 5.94180505686e-007, 5.29784131231e-007, 5.03013950492e-007, 3.49824688328e-007, 4.07477557474e-007, 3.44965542354e-007, 2.40900931203e-007, 2.96536910582e-007, 4.04374105756e-007],
        "var": [0.000183707117685, 2.26234042202e-005, 9.62204740063e-006, 4.35099082097e-006, 1.25797919281e-006, 4.85413750084e-007, 5.52465849069e-007, 4.01540177108e-007, 2.07688160003e-007, 2.71005529129e-008, 1.45748293434e-008, 1.28686652445e-008, 6.42662145722e-009, 1.17201115479e-009, 4.69021599336e-010, 2.9015312375e-010, 2.62478455637e-010, 3.05449915361e-010, 3.75167813482e-010, 4.09296263548e-010, 3.88161058851e-010, 3.56746437946e-010, 1.79293441205e-010, 2.96490776375e-010, 7.21474269216e-011, 1.77821923852e-011, 3.98999132345e-011, 1.02104704899e-011, 3.10810947292e-012, 8.75420395896e-013, 7.78546985995e-013, 1.50438331497e-012, 1.6312502564e-012, 1.1240239425e-012, 4.3845986954e-013, 4.30261566393e-013, 3.45258787922e-013, 3.25660695242e-013, 2.62776210297e-013, 5.26570432223e-013]
    },
    "mfcc": {
        "mean": [-668.188293457, 177.336105347, 23.5387191772, 43.7320365906, 13.587348938, -8.80791664124, 8.85089492798, 6.19957494736, 3.89611291885, 6.61487865448, 2.33330082893, 0.809315085411, 0.730107724667],
        "cov": [[4328.99169922, -1094.83215332, -67.1076431274, -385.316497803, 289.187347412, -281.9269104, -544.291442871, 142.512069702, 268.300201416, 64.13331604, -101.855651855, -80.3842468262, 214.900939941], [-1094.83215332, 925.734375, -69.5695114136, 78.5625, -134.033889771, -36.1870803833, 235.251998901, -39.1501159668, -21.5213241577, -6.39877986908, 43.041809082, 33.5747146606, -57.6105537415], [-67.1076431274, -69.5695114136, 225.625213623, 51.5298919678, 27.2470550537, 29.3273391724, -38.6203842163, 22.9481239319, -29.0307502747, -5.53555965424, 19.2282962799, 13.4057731628, 21.2126922607], [-385.316497803, 78.5625, 51.5298919678, 181.555709839, -19.2728366852, 81.0222167969, 68.6656799316, -23.6331310272, -58.7931671143, -15.8082866669, 24.2365913391, -6.47892951965, -36.0638580322], [289.187347412, -134.033889771, 27.2470550537, -19.2728366852, 155.518997192, 4.00394153595, -55.3644638062, -0.415451467037, 18.2337608337, 4.20564556122, -17.0492076874, 8.37407779694, 11.2028017044], [-281.9269104, -36.1870803833, 29.3273391724, 81.0222167969, 4.00394153595, 164.582611084, 44.3504829407, -5.75609064102, -38.8250579834, -39.1411361694, 25.34765625, -7.31853580475, -21.8972110748], [-544.291442871, 235.251998901, -38.6203842163, 68.6656799316, -55.3644638062, 44.3504829407, 182.063522339, -22.4284763336, -21.156665802, 2.36883378029, 3.45725250244, 8.11025714874, -44.0414962769], [142.512069702, -39.1501159668, 22.9481239319, -23.6331310272, -0.415451467037, -5.75609064102, -22.4284763336, 91.9721374512, 9.95972442627, -8.38791275024, 21.553319931, -16.4107131958, 24.8621883392], [268.300201416, -21.5213241577, -29.0307502747, -58.7931671143, 18.2337608337, -38.8250579834, -21.156665802, 9.95972442627, 140.432266235, -10.2148571014, 6.59559392929, -11.3744773865, 29.6442565918], [64.13331604, -6.39877986908, -5.53555965424, -15.8082866669, 4.20564556122, -39.1411361694, 2.36883378029, -8.38791275024, -10.2148571014, 128.746566772, -29.6514644623, 40.7530708313, -15.5476512909], [-101.855651855, 43.041809082, 19.2282962799, 24.2365913391, -17.0492076874, 25.34765625, 3.45725250244, 21.553319931, 6.59559392929, -29.6514644623, 115.092842102, -17.9846496582, 20.156791687], [-80.3842468262, 33.5747146606, 13.4057731628, -6.47892951965, 8.37407779694, -7.31853580475, 8.11025714874, -16.4107131958, -11.3744773865, 40.7530708313, -17.9846496582, 76.8438415527, -3.66732358932], [214.900939941, -57.6105537415, 21.2126922607, -36.0638580322, 11.2028017044, -21.8972110748, -44.0414962769, 24.8621883392, 29.6442565918, -15.5476512909, 20.156791687, -3.66732358932, 73.0520858765]],
        "icov": [[0.000599470105954, 0.000372988084564, 0.000403065903811, 1.69692145846e-006, -0.000446228106739, 0.000485205091536, 0.000850411946885, -0.000432798435213, -0.000521239358932, -0.000328971073031, 0.000333553092787, 0.000451459083706, -0.000639555510134], [0.000372988084564, 0.00227571814321, 0.000340834754752, -0.000296421028906, 0.000390097789932, 0.00193784141447, -0.00192341662478, -6.95319758961e-005, -0.00026115757646, 0.000620067934506, -0.00082578882575, -0.000906869594473, 0.000257533742115], [0.000403065903811, 0.000340834754752, 0.00627635093406, -0.0026104201097, -0.000925830216147, 2.25841449719e-005, 0.002145629609, -0.00193288584705, 0.000400799588533, -0.000102311692899, -2.72534380201e-005, -0.00157553155441, -0.00218399660662], [1.69692145846e-006, -0.000296421028906, -0.0026104201097, 0.0102240853012, 2.94981364277e-005, -0.00282035279088, -0.00232765893452, 0.00230443943292, 0.00216888822615, -0.000105937418994, -0.00155253324192, 0.0020314862486, 0.00215680478141], [-0.000446228106739, 0.000390097789932, -0.000925830216147, 2.94981364277e-005, 0.00835319049656, -0.00119429815095, 0.00101462518796, 0.000793255283497, -0.00087953574257, 0.000257062667515, 0.000677952601109, -0.00150673941243, 0.000755395565648], [0.000485205091536, 0.00193784141447, 2.25841449719e-005, -0.00282035279088, -0.00119429815095, 0.0107577797025, -0.00253359763883, -0.000617964658886, 0.000879612460267, 0.00301939551719, -0.00176912616007, -0.0011037477525, 0.00151102815289], [0.000850411946885, -0.00192341662478, 0.002145629609, -0.00232765893452, 0.00101462518796, -0.00253359763883, 0.0127388918772, -0.000942024227697, -0.00172362872399, -0.00149924820289, 0.0016401213361, 0.000244641239988, 0.00123495992739], [-0.000432798435213, -6.95319758961e-005, -0.00193288584705, 0.00230443943292, 0.000793255283497, -0.000617964658886, -0.000942024227697, 0.0138286380097, 0.000770600687247, -0.000477310910355, -0.00215085735545, 0.00276835379191, -0.00234576687217], [-0.000521239358932, -0.00026115757646, 0.000400799588533, 0.00216888822615, -0.00087953574257, 0.000879612460267, -0.00172362872399, 0.000770600687247, 0.00972081162035, 0.000920945371035, -0.00114699348342, 0.000793836137746, -0.00201344816014], [-0.000328971073031, 0.000620067934506, -0.000102311692899, -0.000105937418994, 0.000257062667515, 0.00301939551719, -0.00149924820289, -0.000477310910355, 0.000920945371035, 0.0112601742148, 0.000396776071284, -0.00588118424639, 0.00317643769085], [0.000333553092787, -0.00082578882575, -2.72534380201e-005, -0.00155253324192, 0.000677952601109, -0.00176912616007, 0.0016401213361, -0.00215085735545, -0.00114699348342, 0.000396776071284, 0.0116027696058, 0.0018597568851, -0.00386267271824], [0.000451459083706, -0.000906869594473, -0.00157553155441, 0.0020314862486, -0.00150673941243, -0.0011037477525, 0.000244641239988, 0.00276835379191, 0.000793836137746, -0.00588118424639, 0.0018597568851, 0.0184984840453, -0.00263565499336], [-0.000639555510134, 0.000257533742115, -0.00218399660662, 0.00215680478141, 0.000755395565648, 0.00151102815289, 0.00123495992739, -0.00234576687217, -0.00201344816014, 0.00317643769085, -0.00386267271824, -0.00263565499336, 0.0217788536102]]
    },
    "spectral_contrast_coeffs": {
        "mean": [-0.660007297993, -0.698906242847, -0.777397215366, -0.804907023907, -0.758208811283, -0.728276371956],
        "var": [0.00463968841359, 0.003735790262, 0.00345458090305, 0.00149144546594, 0.00161819299683, 0.00228347606026]
    },
    "spectral_contrast_valleys": {
        "mean": [-6.03311777115, -6.3092880249, -7.3264541626, -8.15790367126, -8.21347618103, -11.6980676651],
        "var": [1.079600811, 1.09954094887, 1.00757670403, 0.982471168041, 1.05696320534, 1.48682415485]
    }
},
"metadata": {
    "audio_properties": {
        "analysis_sample_rate": 44100,
        "bit_rate": 100190,
        "equal_loudness": 0,
        "length": 45.0873451233,
        "lossless": 0,
        "replay_gain": -5.00977134705,
        "sample_rate": 44100,
        "codec": "mp3",
        "downmix": "mix",
        "md5_encoded": "ac25c75765b07ea70ad082063a64862b"
    },
    "tags": {
        "file_name": "498.mp3"
    },
    "version": {
        "essentia": "2.1-beta2",
        "essentia_git_sha": "v2.1_beta2",
        "extractor": "music 1.0"
    }
},
"rhythm": {
    "beats_count": 89,
    "beats_loudness": {
        "mean": 0.0823679789901,
        "var": 0.00236779637635
    },
    "bpm": 126.315193176,
    "bpm_histogram_first_peak_bpm": {
        "mean": 126,
        "var": 0
    },
    "bpm_histogram_first_peak_spread": {
        "mean": 0.56097561121,
        "var": 0
    },
    "bpm_histogram_first_peak_weight": {
        "mean": 0.204545453191,
        "var": 0
    },
    "bpm_histogram_second_peak_bpm": {
        "mean": 117,
        "var": 0
    },
    "bpm_histogram_second_peak_spread": {
        "mean": 0.517241358757,
        "var": 0
    },
    "bpm_histogram_second_peak_weight": {
        "mean": 0.159090906382,
        "var": 0
    },
    "danceability": 1.09202957153,
    "onset_rate": 0.665118217468,
    "beats_loudness_band_ratio": {
        "mean": [0.737957537174, 0.169937834144, 0.0943789109588, 0.0182266160846, 0.0105861416087, 0.00495973275974],
        "var": [0.0252874456346, 0.0171444378793, 0.00538278790191, 0.000442862889031, 0.000149419356603, 2.44694510911e-005]
    },
    "beats_position": [0.568888902664, 1.16099774837, 1.75310659409, 2.34521532059, 2.92571425438, 3.45977306366, 3.99383211136, 4.45823097229, 4.93424034119, 5.41024923325, 5.88625860214, 6.37387752533, 6.86149644852, 7.3491153717, 7.8251247406, 8.28952407837, 8.76553249359, 9.26476192474, 9.75238037109, 10.2516098022, 10.7624483109, 11.2732877731, 11.7725172043, 12.2833557129, 12.782585144, 13.2934236526, 13.7694330215, 14.2338323593, 14.7098407745, 15.1974601746, 15.6734695435, 16.1494789124, 16.6254863739, 17.1014957428, 17.5775051117, 18.0651245117, 18.5527439117, 19.0403633118, 19.5512008667, 20.062040329, 20.5728797913, 21.0488891602, 21.5248966217, 21.9892959595, 22.4536952972, 22.918094635, 23.3824939728, 23.8585033417, 24.3345127106, 24.7989120483, 25.2981395721, 25.7973690033, 26.2965984344, 26.8190479279, 27.3298854828, 27.8407249451, 28.3515644073, 28.8740139008, 29.3964614868, 29.9537410736, 30.4878005981, 31.0218582153, 31.474647522, 31.9274368286, 32.3802261353, 32.8446235657, 33.3206329346, 33.7850341797, 34.2610435486, 34.725440979, 35.1898422241, 35.6542396545, 36.1534690857, 36.6410865784, 37.1287078857, 37.6395454407, 38.1503829956, 38.6496124268, 39.1488418579, 39.6480712891, 40.1473007202, 40.6581382751, 41.1689796448, 41.7146492004, 42.2719268799, 42.8292045593, 43.3864860535, 43.9437637329, 44.5010414124]
},
"tonal": {
    "chords_changes_rate": 0.0390946492553,
    "chords_number_rate": 0.00823045242578,
    "chords_strength": {
        "mean": 0.538950204849,
        "var": 0.0139514748007
    },
    "hpcp_entropy": {
        "mean": 1.93628764153,
        "var": 0.3750885427
    },
    "key_strength": 0.584774315357,
    "tuning_diatonic_strength": 0.551062881947,
    "tuning_equal_tempered_deviation": 0.276204705238,
    "tuning_frequency": 434.193115234,
    "tuning_nontempered_energy_ratio": 0.981555044651,
    "hpcp": {
        "mean": [0.156662210822, 0.0855243355036, 0.0958435162902, 0.122530288994, 0.220811575651, 0.298683017492, 0.211949825287, 0.098370090127, 0.0508602671325, 0.026855552569, 0.0509814210236, 0.10234823823, 0.109709605575, 0.206037893891, 0.325451016426, 0.209386974573, 0.0613093748689, 0.0251183118671, 0.01188552659, 0.0249654427171, 0.0551963411272, 0.0453103296459, 0.0146470647305, 0.0693909600377, 0.131758898497, 0.122240111232, 0.137339055538, 0.103233322501, 0.0523473396897, 0.0802471414208, 0.0773501098156, 0.0529642663896, 0.0559826232493, 0.0718496739864, 0.134983837605, 0.21001394093],
        "var": [0.0622371472418, 0.0438554063439, 0.0583312213421, 0.0643651485443, 0.0971992239356, 0.136046081781, 0.089058123529, 0.0516967102885, 0.0259112659842, 0.0124238086864, 0.0170752871782, 0.0466738045216, 0.0397216044366, 0.0727521181107, 0.124495513737, 0.0669761747122, 0.0295123588294, 0.0126239173114, 0.0026102156844, 0.00328106270172, 0.0219579711556, 0.014932828024, 0.00108499126509, 0.0248140934855, 0.0934545472264, 0.0297003872693, 0.0508358553052, 0.0301987882704, 0.0119193997234, 0.0376540832222, 0.0348252803087, 0.0237830523401, 0.0288616735488, 0.0375878512859, 0.0615111365914, 0.0973630025983]
    },
    "chords_histogram": [16.0493831635, 0, 22.0164604187, 0, 0, 2.67489719391, 0.720164597034, 0, 0, 0, 0, 0, 0, 0, 0, 4.52674913406, 4.21810722351, 3.18930029869, 0, 0, 0, 0, 9.87654304504, 36.7283935547],
    "thpcp": [1, 0.643374800682, 0.188382804394, 0.07718000561, 0.0365201719105, 0.0767102912068, 0.169599533081, 0.139223188162, 0.0450054369867, 0.213214755058, 0.404850155115, 0.375602185726, 0.421996086836, 0.317200809717, 0.160845518112, 0.246572107077, 0.237670511007, 0.16274112463, 0.17201551795, 0.220769554377, 0.4147593081, 0.645301222801, 0.481369554996, 0.262787133455, 0.294494450092, 0.376493811607, 0.678478658199, 0.917751073837, 0.651249527931, 0.302257746458, 0.156276255846, 0.0825179591775, 0.156648516655, 0.31448122859, 0.337100207806, 0.633084177971],
    "chords_key": "A#",
    "chords_scale": "minor",
    "key_key": "C#",
    "key_scale": "major"
}
}