{
"lowlevel": {
    "average_loudness": 0.973831295967,
    "barkbands_crest": {
        "mean": 12.2313995361,
        "var": 13.9895477295
    },
    "barkbands_flatness_db": {
        "mean": 0.245495244861,
        "var": 0.00378375989385
    },
    "barkbands_kurtosis": {
        "mean": 13.1260213852,
        "var": 524.93737793
    },
    "barkbands_skewness": {
        "mean": 2.59457778931,
        "var": 3.16075778008
    },
    "barkbands_spread": {
        "mean": 10.7415533066,
        "var": 41.7170944214
    },
    "dissonance": {
        "mean": 0.438329845667,
        "var": 0.00157581234816
    },
    "dynamic_complexity": 1.7931535244,
    "erbbands_crest": {
        "mean": 12.0485229492,
        "var": 28.8126087189
    },
    "erbbands_flatness_db": {
        "mean": 0.203488469124,
        "var": 0.00207445165142
    },
    "erbbands_kurtosis": {
        "mean": 0.746533513069,
        "var": 6.61630344391
    },
    "erbbands_skewness": {
        "mean": 0.0942524075508,
        "var": 1.10800421238
    },
    "erbbands_spread": {
        "mean": 32.8599128723,
        "var": 263.481964111
    },
    "hfc": {
        "mean": 18.2123146057,
        "var": 141.665222168
    },
    "melbands_crest": {
        "mean": 18.1033115387,
        "var": 26.50989151
    },
    "melbands_flatness_db": {
        "mean": 0.342717051506,
        "var": 0.0053413361311
    },
    "melbands_kurtosis": {
        "mean": 28.8642921448,
        "var": 1753.75891113
    },
    "melbands_skewness": {
        "mean": 3.75750756264,
        "var": 4.69048595428
    },
    "melbands_spread": {
        "mean": 10.4861040115,
        "var": 87.111289978
    },
    "pitch_salience": {
        "mean": 0.433267235756,
        "var": 0.0110284788534
    },
    "silence_rate_20dB": {
        "mean": 1,
        "var": 0
    },
    "silence_rate_30dB": {
        "mean": 0.90427172184,
        "var": 0.086565181613
    },
    "silence_rate_60dB": {
        "mean": 0.00205867225304,
        "var": 0.00205448735505
    },
    "spectral_centroid": {
        "mean": 640.134338379,
        "var": 206400.234375
    },
    "spectral_complexity": {
        "mean": 12.8749361038,
        "var": 17.9209403992
    },
    "spectral_decrease": {
        "mean": -1.58896451552e-008,
        "var": 9.92868595017e-017
    },
    "spectral_energy": {
        "mean": 0.0616229772568,
        "var": 0.00146161438897
    },
    "spectral_energyband_high": {
        "mean": 0.000115711532999,
        "var": 7.96261261371e-008
    },
    "spectral_energyband_low": {
        "mean": 0.0415344387293,
        "var": 0.00107506522909
    },
    "spectral_energyband_middle_high": {
        "mean": 0.00552351213992,
        "var": 4.77252397104e-005
    },
    "spectral_energyband_middle_low": {
        "mean": 0.0170397423208,
        "var": 0.000310767703922
    },
    "spectral_entropy": {
        "mean": 6.63560438156,
        "var": 0.217358797789
    },
    "spectral_flux": {
        "mean": 0.100573435426,
        "var": 0.00413584522903
    },
    "spectral_kurtosis": {
        "mean": 13.3730630875,
        "var": 96.9029693604
    },
    "spectral_rms": {
        "mean": 0.00743348011747,
        "var": 4.86344833917e-006
    },
    "spectral_rolloff": {
        "mean": 581.782165527,
        "var": 854130.9375
    },
    "spectral_skewness": {
        "mean": 2.73353719711,
        "var": 0.691179335117
    },
    "spectral_spread": {
        "mean": 3343676,
        "var": 3.36777759949e+012
    },
    "spectral_strongpeak": {
        "mean": 0.861310601234,
        "var": 1.289473176
    },
    "zerocrossingrate": {
        "mean": 0.0255180355161,
        "var": 0.00060131715145
    },
    "barkbands": {
        "mean": [8.21032299427e-005, 0.016601016745, 0.0223331544548, 0.00517705176026, 0.00514824409038, 0.0014526436571, 0.00204673060216, 0.000897113874089, 0.0021845290903, 0.000872160482686, 0.000528268050402, 0.000347117631463, 0.00142846512608, 0.00153253239114, 0.000320325634675, 0.000188594029169, 0.000154236506205, 0.000136884584208, 5.63722860534e-005, 3.320457472e-005, 1.59259325301e-005, 1.65190485859e-005, 1.61612260854e-005, 1.88841004274e-005, 1.95985830942e-005, 1.45247777255e-005, 7.45626039134e-007],
        "var": [7.8087536437e-009, 0.000397683441406, 0.000340111524565, 6.98844596627e-005, 7.12687615305e-005, 3.17209742207e-006, 8.3245586211e-006, 1.26358224861e-006, 1.11957142508e-005, 5.72411272515e-006, 2.75288948615e-006, 1.60878516908e-006, 2.16985263251e-005, 1.02144203993e-005, 4.01100663794e-007, 1.50610645733e-007, 2.39708498384e-007, 1.74585949253e-007, 2.91572330724e-008, 2.10180228777e-009, 1.03000286078e-009, 1.99935401568e-009, 2.30495156295e-009, 2.68981992235e-009, 3.92252585968e-009, 9.67918989403e-009, 3.99191409095e-011]
    },
    "erbbands": {
        "mean": [0.301191478968, 4.61358261108, 22.7889099121, 21.9103755951, 20.2931613922, 14.323217392, 14.2855501175, 11.502737999, 25.1603355408, 27.1912631989, 26.8256149292, 42.0167922974, 37.6643486023, 23.7680492401, 20.1992301941, 16.8065891266, 63.8297271729, 70.35521698, 35.5480041504, 24.2354278564, 8.78045368195, 9.13535022736, 7.7767739296, 4.73077058792, 2.0407845974, 1.70245862007, 0.787410020828, 0.574796497822, 0.56843650341, 0.567811727524, 0.43835401535, 0.355014830828, 0.337694525719, 0.246561378241, 0.121097929776, 0.0392630137503, 0.0321085676551, 0.00657446729019, 0.000175169698196, 7.23594421288e-005],
        "var": [0.0813396945596, 30.5368824005, 394.826812744, 409.615142822, 1711.90161133, 404.163818359, 287.938598633, 192.410827637, 1594.5604248, 1433.69812012, 1133.38256836, 4107.03125, 6226.81982422, 3019.96557617, 3000.16137695, 1785.27612305, 49986.5, 32956.9570313, 5056.50195313, 2790.38232422, 408.665283203, 780.895324707, 354.327636719, 127.104110718, 14.9885663986, 5.6800198555, 2.39582371712, 1.33222389221, 2.0845375061, 2.96069431305, 1.76862299442, 1.02169823647, 0.886997938156, 0.657325208187, 0.150515154004, 0.0144532518461, 0.0645636692643, 0.00356526346877, 1.6684015236e-006, 2.79404388515e-009]
    },
    "gfcc": {
        "mean": [-27.843585968, 151.810073853, -91.7440032959, 27.0962486267, -33.4851913452, 19.2421989441, -35.6184387207, 11.9685058594, -14.1171445847, -0.719510853291, -14.609705925, -17.384601593, -9.69705486298],
        "cov": [[4917.55908203, -372.208251953, -353.117706299, -191.274703979, -570.680175781, 165.057418823, -181.65385437, 64.7686538696, -265.088928223, 304.112884521, -201.329559326, 129.444366455, -171.048278809], [-372.208251953, 903.104553223, -252.685134888, -161.097122192, 199.964065552, -68.6446609497, 110.850914001, -101.993583679, 77.664894104, -90.6536102295, 101.423377991, -131.491470337, 98.2839660645], [-353.117706299, -252.685134888, 546.040283203, 66.9865036011, 76.4541091919, 46.5380630493, -28.1266040802, -3.09638309479, -16.8044662476, 27.3501853943, -88.1892547607, 52.6381912231, -37.7119255066], [-191.274703979, -161.097122192, 66.9865036011, 528.059936523, 2.81518268585, -71.529800415, -32.8959388733, 59.098400116, 136.782821655, -166.467529297, 38.8105278015, -50.4566383362, 64.6419067383], [-570.680175781, 199.964065552, 76.4541091919, 2.81518268585, 327.91506958, -3.2669107914, 15.5186824799, -70.0325698853, 37.0011863708, 0.447385042906, 18.2225570679, -31.0704917908, -0.905474960804], [165.057418823, -68.6446609497, 46.5380630493, -71.529800415, -3.2669107914, 161.638839722, 34.8288574219, -37.5527191162, -52.3312034607, 44.7400665283, -0.588744282722, 1.75924968719, -40.7416687012], [-181.65385437, 110.850914001, -28.1266040802, -32.8959388733, 15.5186824799, 34.8288574219, 159.387283325, 24.887052536, -14.6787405014, -63.5968933105, 52.0783615112, -22.5753116608, -25.3730773926], [64.7686538696, -101.993583679, -3.09638309479, 59.098400116, -70.0325698853, -37.5527191162, 24.887052536, 171.435333252, 40.6059570313, -80.8277282715, 0.73554700613, 23.4119472504, 21.7048664093], [-265.088928223, 77.664894104, -16.8044662476, 136.782821655, 37.0011863708, -52.3312034607, -14.6787405014, 40.6059570313, 167.077163696, -61.4182052612, 2.04095625877, -36.5474891663, 66.4596557617], [304.112884521, -90.6536102295, 27.3501853943, -166.467529297, 0.447385042906, 44.7400665283, -63.5968933105, -80.8277282715, -61.4182052612, 257.83505249, -39.311164856, 13.5971078873, -66.9133682251], [-201.329559326, 101.423377991, -88.1892547607, 38.8105278015, 18.2225570679, -0.588744282722, 52.0783615112, 0.73554700613, 2.04095625877, -39.311164856, 151.295059204, -18.7526359558, -24.9790668488], [129.444366455, -131.491470337, 52.6381912231, -50.4566383362, -31.0704917908, 1.75924968719, -22.5753116608, 23.4119472504, -36.5474891663, 13.5971078873, -18.7526359558, 139.40272522, 0.750073313713], [-171.048278809, 98.2839660645, -37.7119255066, 64.6419067383, -0.905474960804, -40.7416687012, -25.3730773926, 21.7048664093, 66.4596557617, -66.9133682251, -24.9790668488, 0.750073313713, 143.500564575]],
        "icov": [[0.0005049672327, -0.000735213398002, 0.00050155777717, -0.00079672888387, 0.000755115819629, -0.000949534703977, 0.000784504052717, -0.000890414463356, 0.000793409883045, -0.000626397784799, 0.00122604554053, -0.000755493412726, 0.00116255972534], [-0.000735213398002, 0.00485199457034, -0.000182475298061, 0.00365911051631, -0.00240889331326, 0.00328708672896, -0.00287451711483, 0.00388431362808, -0.00261519197375, 0.00239143683575, -0.00362901482731, 0.00357299717143, -0.0043975636363], [0.00050155777717, -0.000182475298061, 0.0032160920091, -0.00133133982308, -0.000361326005077, -0.00149651884567, 0.000485527678393, -0.000821186695248, 0.000862090731971, -0.000549774907995, 0.00283314147964, -0.00152812700253, 0.00179615663365], [-0.00079672888387, 0.00365911051631, -0.00133133982308, 0.0063632754609, -0.00155548681505, 0.00306106638163, -0.000690189190209, 0.00317398156039, -0.0040732100606, 0.00401322031394, -0.00448725465685, 0.00392266456038, -0.0034587928094], [0.000755115819629, -0.00240889331326, -0.000361326005077, -0.00155548681505, 0.00559354014695, -0.00148022081703, 0.00116311595775, -9.06434434e-005, 0.000118418836792, -0.00112540868577, 0.0016869280953, -0.00157781306189, 0.00271235150285], [-0.000949534703977, 0.00328708672896, -0.00149651884567, 0.00306106638163, -0.00148022081703, 0.0108515089378, -0.0046603535302, 0.00447414861992, -0.00116568116937, 0.00105803261977, -0.00319191836752, 0.00286090280861, -0.00312189524993], [0.000784504052717, -0.00287451711483, 0.000485527678393, -0.000690189190209, 0.00116311595775, -0.0046603535302, 0.0122559498996, -0.00428569456562, 0.00233030854724, 0.00188591401093, 0.000256262108451, -0.000414179696236, 0.00468876026571], [-0.000890414463356, 0.00388431362808, -0.000821186695248, 0.00317398156039, -9.06434434e-005, 0.00447414861992, -0.00428569456562, 0.0122814839706, -0.00483647966757, 0.00413056649268, -0.00286992872134, 0.00107574206777, -0.0030521939043], [0.000793409883045, -0.00261519197375, 0.000862090731971, -0.0040732100606, 0.000118418836792, -0.00116568116937, 0.00233030854724, -0.00483647966757, 0.0123003637418, -0.00212385272607, 0.00274645001628, 3.20556137012e-005, -0.000597493664827], [-0.000626397784799, 0.00239143683575, -0.000549774907995, 0.00401322031394, -0.00112540868577, 0.00105803261977, 0.00188591401093, 0.00413056649268, -0.00212385272607, 0.00895974319428, -0.00159867049661, 0.00219638482668, 0.000536875682883], [0.00122604554053, -0.00362901482731, 0.00283314147964, -0.00448725465685, 0.0016869280953, -0.00319191836752, 0.000256262108451, -0.00286992872134, 0.00274645001628, -0.00159867049661, 0.0133723961189, -0.00367651926354, 0.00662616826594], [-0.000755493412726, 0.00357299717143, -0.00152812700253, 0.00392266456038, -0.00157781306189, 0.00286090280861, -0.000414179696236, 0.00107574206777, 3.20556137012e-005, 0.00219638482668, -0.00367651926354, 0.0119311055169, -0.00464296434075], [0.00116255972534, -0.0043975636363, 0.00179615663365, -0.0034587928094, 0.00271235150285, -0.00312189524993, 0.00468876026571, -0.0030521939043, -0.000597493664827, 0.000536875682883, 0.00662616826594, -0.00464296434075, 0.0155225535855]]
    },
    "melbands": {
        "mean": [0.00369249586947, 0.0101669495925, 0.00403023697436, 0.00124922057148, 0.000516203988809, 0.000271247205092, 0.000381700549042, 0.000269938522251, 0.00025329561322, 0.00026729615638, 0.000190714097698, 0.000102864687506, 7.73131687311e-005, 4.23377350671e-005, 0.000100413330074, 0.000148341205204, 0.000124300233438, 7.15935311746e-005, 2.37380663748e-005, 2.35093884839e-005, 7.6699834608e-006, 8.64712728799e-006, 8.08760796644e-006, 8.2451306298e-006, 3.23711560668e-006, 2.20638571591e-006, 1.1213480775e-006, 1.06286756818e-006, 5.30942600108e-007, 3.27078083728e-007, 3.28650855863e-007, 3.12783782874e-007, 3.2821984064e-007, 3.14427637704e-007, 2.53242660619e-007, 2.2633463459e-007, 2.15309071905e-007, 2.19936381995e-007, 2.62922270622e-007, 1.89740177348e-007],
        "var": [1.59594419529e-005, 7.95412925072e-005, 1.6541172954e-005, 5.21175934409e-006, 3.55790319873e-007, 1.015289115e-007, 3.44234337035e-007, 1.29651084535e-007, 1.16618657842e-007, 1.72138712173e-007, 1.76563133891e-007, 6.08194454799e-008, 5.3910255815e-008, 3.01581195572e-008, 1.64820647797e-007, 1.567813257e-007, 9.61205870453e-008, 2.69815654264e-008, 2.1190393884e-009, 2.62474664225e-009, 5.7807419962e-010, 9.948406543e-010, 7.1006245328e-010, 9.18150111495e-010, 6.12551884216e-011, 4.44006220679e-011, 2.90538947068e-012, 2.26866550719e-012, 1.32461381273e-012, 4.61234620375e-013, 4.73500362183e-013, 6.32894127731e-013, 8.91273057961e-013, 9.44828091633e-013, 5.92907396357e-013, 5.53670499205e-013, 3.51987671865e-013, 3.9453512614e-013, 6.75731768717e-013, 4.63799463245e-013]
    },
    "mfcc": {
        "mean": [-683.847839355, 183.392425537, 14.9648351669, 22.3412475586, 23.6949825287, 9.34239006042, 4.83214950562, 3.91141939163, 6.10973834991, 12.3214292526, 8.0246925354, -2.48715257645, -8.27486801147],
        "cov": [[3172.41064453, -443.481719971, -137.195159912, -264.507629395, -458.017120361, -101.593597412, -67.7181091309, -127.425354004, -59.7070083618, 15.8307800293, -65.2690658569, 1.38574779034, 127.851585388], [-443.481719971, 1013.28710938, -332.231079102, -129.373886108, -18.3010520935, 90.8753890991, 67.1452636719, -64.9430236816, -38.9064025879, 37.9188613892, 20.7156524658, -18.8279895782, -12.9623613358], [-137.195159912, -332.231079102, 428.657440186, 104.43057251, 72.0127716064, 4.61678409576, -7.07638645172, 51.4298477173, 42.9498596191, -24.489780426, 3.40954184532, 1.71542227268, -21.8587284088], [-264.507629395, -129.373886108, 104.43057251, 294.054077148, 139.316131592, -14.3127622604, -62.9174804688, 43.7749900818, 54.2277679443, 1.09043264389, -16.8774337769, 6.36265659332, -16.5932788849], [-458.017120361, -18.3010520935, 72.0127716064, 139.316131592, 275.424194336, 35.7120933533, -47.442691803, 18.0820007324, 57.2843780518, -6.31413984299, -14.7911243439, -1.19591963291, 1.25564873219], [-101.593597412, 90.8753890991, 4.61678409576, -14.3127622604, 35.7120933533, 231.94821167, 26.0659618378, -77.8840942383, -49.7468070984, 18.4797115326, 26.3414802551, 11.0735502243, -12.4412841797], [-67.7181091309, 67.1452636719, -7.07638645172, -62.9174804688, -47.442691803, 26.0659618378, 190.858718872, 49.2028236389, -82.2735595703, -11.3584690094, 62.6917114258, 9.38986587524, -32.3639678955], [-127.425354004, -64.9430236816, 51.4298477173, 43.7749900818, 18.0820007324, -77.8840942383, 49.2028236389, 219.286239624, 42.2245254517, -40.4745330811, -19.4190044403, 14.3912801743, -6.88032007217], [-59.7070083618, -38.9064025879, 42.9498596191, 54.2277679443, 57.2843780518, -49.7468070984, -82.2735595703, 42.2245254517, 164.458999634, 11.9093160629, -79.3027648926, -29.1832313538, 40.6411018372], [15.8307800293, 37.9188613892, -24.489780426, 1.09043264389, -6.31413984299, 18.4797115326, -11.3584690094, -40.4745330811, 11.9093160629, 142.87310791, 42.9103546143, -55.3699760437, -59.9393501282], [-65.2690658569, 20.7156524658, 3.40954184532, -16.8774337769, -14.7911243439, 26.3414802551, 62.6917114258, -19.4190044403, -79.3027648926, 42.9103546143, 165.544799805, 31.2232723236, -100.242752075], [1.38574779034, -18.8279895782, 1.71542227268, 6.36265659332, -1.19591963291, 11.0735502243, 9.38986587524, 14.3912801743, -29.1832313538, -55.3699760437, 31.2232723236, 153.899475098, 43.0072135925], [127.851585388, -12.9623613358, -21.8587284088, -16.5932788849, 1.25564873219, -12.4412841797, -32.3639678955, -6.88032007217, 40.6411018372, -59.9393501282, -100.242752075, 43.0072135925, 194.09552002]],
        "icov": [[0.00052155420417, 0.000328203372192, 0.000199760863325, 0.000187269877642, 0.00074955727905, 2.86563936243e-005, 0.000237371568801, 0.000160161114763, 0.000106973966467, -0.000163044140209, 0.000101375851955, 1.47755208673e-005, -0.000264546426479], [0.000328203372192, 0.00169048772659, 0.00128725077957, 0.000424542842666, 0.000160722993314, -0.000483383948449, -0.000472980405902, 0.000299233943224, -0.00043053997797, -8.96481287782e-005, 9.26595312194e-005, 5.4981566791e-005, 7.58245150791e-005], [0.000199760863325, 0.00128725077957, 0.0037268421147, -0.000486094562802, -5.2903433243e-005, -0.000745135475881, -0.000567379989661, -6.7683380621e-005, -0.00127569353208, 0.000852878554724, -0.000557854771614, 0.000305101799313, 0.000362893129932], [0.000187269877642, 0.000424542842666, -0.000486094562802, 0.00537190213799, -0.00203286320902, 0.0002548378543, 0.0013506266987, -0.000806307944003, 0.000228502860409, -0.000684057653416, 0.000655411626212, -0.000762383220717, 0.000783939321991], [0.00074955727905, 0.000160722993314, -5.2903433243e-005, -0.00203286320902, 0.0065279812552, -0.00130423798691, 0.000930621870793, -4.65272096335e-005, -0.00139929354191, 0.000697450828739, -0.000877325772308, 0.000549304182641, -0.000701498705894], [2.86563936243e-005, -0.000483383948449, -0.000745135475881, 0.0002548378543, -0.00130423798691, 0.0059433169663, -0.00114656588994, 0.0021808934398, 0.00146537018009, -0.00102099229116, 0.00111581606325, -0.00104654778261, 0.000348277011653], [0.000237371568801, -0.000472980405902, -0.000567379989661, 0.0013506266987, 0.000930621870793, -0.00114656588994, 0.00971971265972, -0.00389926368371, 0.0040875216946, 0.000441077165306, -0.00278071360663, 0.00159713788889, -0.00124310690444], [0.000160161114763, 0.000299233943224, -6.7683380621e-005, -0.000806307944003, -4.65272096335e-005, 0.0021808934398, -0.00389926368371, 0.00767689151689, -0.002875238657, 0.00144977041055, 0.00154494249728, -0.00139603763819, 0.00175696308725], [0.000106973966467, -0.00043053997797, -0.00127569353208, 0.000228502860409, -0.00139929354191, 0.00146537018009, 0.0040875216946, -0.002875238657, 0.0125346081331, -0.00339397019707, 0.00384674174711, 0.000610260118265, -0.00136194447987], [-0.000163044140209, -8.96481287782e-005, 0.000852878554724, -0.000684057653416, 0.000697450828739, -0.00102099229116, 0.000441077165306, 0.00144977041055, -0.00339397019707, 0.0115113118663, -0.00452821701765, 0.00399716664106, 0.00123513676226], [0.000101375851955, 9.26595312194e-005, -0.000557854771614, 0.000655411626212, -0.000877325772308, 0.00111581606325, -0.00278071360663, 0.00154494249728, 0.00384674174711, -0.00452821701765, 0.0152347320691, -0.00589959928766, 0.00657244725153], [1.47755208673e-005, 5.4981566791e-005, 0.000305101799313, -0.000762383220717, 0.000549304182641, -0.00104654778261, 0.00159713788889, -0.00139603763819, 0.000610260118265, 0.00399716664106, -0.00589959928766, 0.0105615081266, -0.00417119637132], [-0.000264546426479, 7.58245150791e-005, 0.000362893129932, 0.000783939321991, -0.000701498705894, 0.000348277011653, -0.00124310690444, 0.00175696308725, -0.00136194447987, 0.00123513676226, 0.00657244725153, -0.00417119637132, 0.0103064328432]]
    },
    "spectral_contrast_coeffs": {
        "mean": [-0.613693296909, -0.699339747429, -0.716336190701, -0.712324082851, -0.760454595089, -0.79381364584],
        "var": [0.00400647288188, 0.00464329821989, 0.00551325408742, 0.00517263822258, 0.00345862726681, 0.00128524599131]
    },
    "spectral_contrast_valleys": {
        "mean": [-6.41580915451, -6.75615262985, -7.78544569016, -8.2376871109, -8.73160934448, -11.2298612595],
        "var": [0.921939134598, 1.21255111694, 1.05627977848, 0.927504837513, 0.97611194849, 1.16776514053]
    }
},
"metadata": {
    "audio_properties": {
        "analysis_sample_rate": 44100,
        "bit_rate": 106721,
        "equal_loudness": 0,
        "length": 45.0873451233,
        "lossless": 0,
        "replay_gain": -9.20158576965,
        "sample_rate": 44100,
        "codec": "mp3",
        "downmix": "mix",
        "md5_encoded": "320e60e97279b9a16eb89c5453ce41b7"
    },
    "tags": {
        "file_name": "499.mp3"
    },
    "version": {
        "essentia": "2.1-beta2",
        "essentia_git_sha": "v2.1_beta2",
        "extractor": "music 1.0"
    }
},
"rhythm": {
    "beats_count": 77,
    "beats_loudness": {
        "mean": 0.0843254029751,
        "var": 0.00169851607643
    },
    "bpm": 103.999946594,
    "bpm_histogram_first_peak_bpm": {
        "mean": 103,
        "var": 0
    },
    "bpm_histogram_first_peak_spread": {
        "mean": 0.394366204739,
        "var": 0
    },
    "bpm_histogram_first_peak_weight": {
        "mean": 0.565789461136,
        "var": 0
    },
    "bpm_histogram_second_peak_bpm": {
        "mean": 108,
        "var": 0
    },
    "bpm_histogram_second_peak_spread": {
        "mean": 0,
        "var": 0
    },
    "bpm_histogram_second_peak_weight": {
        "mean": 0.039473682642,
        "var": 0
    },
    "danceability": 1.76064002514,
    "onset_rate": 3.4586148262,
    "beats_loudness_band_ratio": {
        "mean": [0.76715606451, 0.0888772159815, 0.0736052468419, 0.05603877455, 0.0287817418575, 0.00960689131171],
        "var": [0.0313371531665, 0.00475344387814, 0.00613703764975, 0.00881923176348, 0.00111921795178, 0.000184775868547]
    },
    "beats_position": [0.615328788757, 1.25387752056, 1.90403628349, 2.50775504112, 3.08825397491, 3.66875267029, 4.2492518425, 4.82975053787, 5.39863920212, 5.95591831207, 6.52480697632, 7.10530614853, 7.6858048439, 8.26630401611, 8.87002277374, 9.45052146912, 10.0310201645, 10.6115188599, 11.1804075241, 11.7609071732, 12.3297958374, 12.8870744705, 13.4675731659, 14.0480718613, 14.6285715103, 15.1974601746, 15.7663488388, 16.3352375031, 16.904127121, 17.4962348938, 18.088344574, 18.6688423157, 19.2493419647, 19.8066215515, 20.3871192932, 20.9676189423, 21.548116684, 22.1170063019, 22.6858959198, 23.2663936615, 23.8468933105, 24.4157810211, 24.984670639, 25.5651702881, 26.1456680298, 26.7261676788, 27.3066654205, 27.8871650696, 28.4676647186, 29.0365524292, 29.6054420471, 30.1859397888, 30.7664394379, 31.3353290558, 31.9042167664, 32.4847145081, 33.0652160645, 33.6457138062, 34.2146034241, 34.783493042, 35.3523788452, 35.9328804016, 36.5133781433, 37.1054878235, 37.6859855652, 38.2664833069, 38.8469848633, 39.427482605, 39.9963722229, 40.5652618408, 41.1457595825, 41.7262573242, 42.3067550659, 42.8756446838, 43.4445343018, 44.0250320435, 44.6055335999]
},
"tonal": {
    "chords_changes_rate": 0.0504115223885,
    "chords_number_rate": 0.00925925932825,
    "chords_strength": {
        "mean": 0.536873817444,
        "var": 0.0100480830297
    },
    "hpcp_entropy": {
        "mean": 1.76045370102,
        "var": 0.31233265996
    },
    "key_strength": 0.741117715836,
    "tuning_diatonic_strength": 0.67904317379,
    "tuning_equal_tempered_deviation": 0.0117977596819,
    "tuning_frequency": 440.508636475,
    "tuning_nontempered_energy_ratio": 0.659669280052,
    "hpcp": {
        "mean": [0.329915940762, 0.179423093796, 0.0561710447073, 0.0453879497945, 0.0671216025949, 0.223339647055, 0.394264429808, 0.27891254425, 0.0844133868814, 0.0332502648234, 0.0293651204556, 0.0557700060308, 0.0782431215048, 0.0519669316709, 0.0244573224336, 0.0240977723151, 0.0308876689523, 0.0648273825645, 0.092103600502, 0.0782063901424, 0.13111038506, 0.212066277862, 0.158672735095, 0.0780664309859, 0.0507031977177, 0.0372630730271, 0.10541331023, 0.17633870244, 0.110397599638, 0.0325428918004, 0.0211469642818, 0.0205844603479, 0.0560867153108, 0.106293819845, 0.111351616681, 0.233488500118],
        "var": [0.182533934712, 0.0669180229306, 0.0231180228293, 0.018880777061, 0.0273787677288, 0.0751860141754, 0.17233273387, 0.109303019941, 0.03184902668, 0.0122306784615, 0.0123083014041, 0.016066070646, 0.0211402978748, 0.0145671069622, 0.0121068852022, 0.0121376458555, 0.0115943700075, 0.0226209759712, 0.0326379910111, 0.024159392342, 0.0460589788854, 0.100345298648, 0.0639690086246, 0.0419766008854, 0.027612471953, 0.0169655140489, 0.0335227437317, 0.0772147998214, 0.0376414954662, 0.0132458759472, 0.0101735545322, 0.00785159599036, 0.0149913681671, 0.0359767340124, 0.0329930372536, 0.0959970653057]
    },
    "chords_histogram": [14.3004112244, 12.7572011948, 26.2345676422, 0, 0, 0, 0, 0, 0, 0, 0, 0, 0, 0, 0, 1.64609050751, 0, 1.64609050751, 0, 1.95473253727, 1.23456788063, 8.33333301544, 31.7901229858, 0.102880656719],
    "thpcp": [1, 0.707425057888, 0.214103475213, 0.0843349322677, 0.0744807720184, 0.141453310847, 0.19845341146, 0.131807297468, 0.0620327889919, 0.0611208379269, 0.0783425197005, 0.164426147938, 0.233608692884, 0.1983602494, 0.33254429698, 0.537878274918, 0.402452588081, 0.198005259037, 0.128602012992, 0.0945128947496, 0.267367035151, 0.447259992361, 0.280009031296, 0.0825407728553, 0.0536364987493, 0.0522097833455, 0.142256587744, 0.269600331783, 0.282428771257, 0.592212975025, 0.836788475513, 0.45508313179, 0.142470479012, 0.115120582283, 0.170245140791, 0.5664716959],
    "chords_key": "A",
    "chords_scale": "major",
    "key_key": "E",
    "key_scale": "major"
}
}