{
"lowlevel": {
    "average_loudness": 0.981281101704,
    "barkbands_crest": {
        "mean": 13.0733642578,
        "var": 45.5162849426
    },
    "barkbands_flatness_db": {
        "mean": 0.164405867457,
        "var": 0.00356883206405
    },
    "barkbands_kurtosis": {
        "mean": 3.18068623543,
        "var": 130.200073242
    },
    "barkbands_skewness": {
        "mean": 1.04265069962,
        "var": 3.57171773911
    },
    "barkbands_spread": {
        "mean": 57.9639816284,
        "var": 735.844177246
    },
    "dissonance": {
        "mean": 0.491277128458,
        "var": 4.44289362349e-005
    },
    "dynamic_complexity": 1.23826146126,
    "erbbands_crest": {
        "mean": 6.10925340652,
        "var": 2.69889068604
    },
    "erbbands_flatness_db": {
        "mean": 0.148922041059,
        "var": 0.000735825742595
    },
    "erbbands_kurtosis": {
        "mean": 3.82716941833,
        "var": 10.7686300278
    },
    "erbbands_skewness": {
        "mean": -1.71804571152,
        "var": 0.406155765057
    },
    "erbbands_spread": {
        "mean": 44.1660957336,
        "var": 471.565216064
    },
    "hfc": {
        "mean": 94.6766815186,
        "var": 5441.05810547
    },
    "melbands_crest": {
        "mean": 21.3808345795,
        "var": 71.7841339111
    },
    "melbands_flatness_db": {
        "mean": 0.181060597301,
        "var": 0.00805138982832
    },
    "melbands_kurtosis": {
        "mean": 32.1985626221,
        "var": 3025.1340332
    },
    "melbands_skewness": {
        "mean": 4.36159849167,
        "var": 11.9491224289
    },
    "melbands_spread": {
        "mean": 60.1479492188,
        "var": 2420.5480957
    },
    "pitch_salience": {
        "mean": 0.447788208723,
        "var": 0.0420140214264
    },
    "silence_rate_20dB": {
        "mean": 1,
        "var": 0
    },
    "silence_rate_30dB": {
        "mean": 0.963439762592,
        "var": 0.0352229401469
    },
    "silence_rate_60dB": {
        "mean": 0.00875386223197,
        "var": 0.00867693591863
    },
    "spectral_centroid": {
        "mean": 3371.83496094,
        "var": 540415.125
    },
    "spectral_complexity": {
        "mean": 26.4335727692,
        "var": 127.24395752
    },
    "spectral_decrease": {
        "mean": -1.16806724293e-008,
        "var": 6.02003454796e-017
    },
    "spectral_energy": {
        "mean": 0.0526729673147,
        "var": 0.000875513476785
    },
    "spectral_energyband_high": {
        "mean": 0.0115010458976,
        "var": 8.74349861988e-005
    },
    "spectral_energyband_low": {
        "mean": 0.0335318557918,
        "var": 0.000952511210926
    },
    "spectral_energyband_middle_high": {
        "mean": 0.00362058845349,
        "var": 7.60452667237e-006
    },
    "spectral_energyband_middle_low": {
        "mean": 0.00490965554491,
        "var": 5.14108069183e-005
    },
    "spectral_entropy": {
        "mean": 8.25654220581,
        "var": 0.0553314648569
    },
    "spectral_flux": {
        "mean": 0.133092835546,
        "var": 0.00258563598618
    },
    "spectral_kurtosis": {
        "mean": 0.905356407166,
        "var": 1.02281451225
    },
    "spectral_rms": {
        "mean": 0.00681677041575,
        "var": 4.9197633416e-006
    },
    "spectral_rolloff": {
        "mean": 4741.38867188,
        "var": 10356627
    },
    "spectral_skewness": {
        "mean": 0.58127874136,
        "var": 0.0527050793171
    },
    "spectral_spread": {
        "mean": 6000590,
        "var": 3.93134001357e+012
    },
    "spectral_strongpeak": {
        "mean": 0.63070255518,
        "var": 1.33028256893
    },
    "zerocrossingrate": {
        "mean": 0.136445701122,
        "var": 0.00523007893935
    },
    "barkbands": {
        "mean": [0.00147013436072, 0.0279759857804, 0.00324968853965, 0.00161096767988, 0.00158130587079, 0.000863532477524, 0.00051242322661, 0.000220072164666, 9.76017690846e-005, 6.51384252706e-005, 8.64614557941e-005, 0.000110115179268, 0.000144095043652, 0.00012733519543, 0.00021308826399, 0.000204278840101, 0.000411037006415, 0.000665054132696, 0.00101586640812, 0.00139881507494, 0.00179146847222, 0.00211138161831, 0.00266108708456, 0.00248675514013, 0.00139333331026, 0.000205948366784, 4.94423737507e-008],
        "var": [4.58263366454e-006, 0.000889439892489, 3.83854312531e-005, 1.41970440382e-005, 9.01908697415e-006, 5.31072691956e-006, 6.51842185562e-007, 1.61856362979e-007, 1.65042557398e-008, 1.29749597733e-008, 1.93238474111e-008, 8.65560139118e-008, 6.64455441779e-008, 4.48399362085e-008, 8.64224389829e-008, 6.63848638283e-008, 1.59752389095e-007, 4.39423132548e-007, 1.10302255507e-006, 1.25159181152e-006, 1.69038480635e-006, 2.46224180955e-006, 6.26398104941e-006, 6.8562449087e-006, 2.60001911556e-006, 8.88232634111e-008, 6.61078451095e-014]
    },
    "erbbands": {
        "mean": [1.14866805077, 4.88866043091, 4.38068246841, 4.89528083801, 5.2890381813, 4.87571954727, 6.24563932419, 7.3059091568, 7.38740730286, 7.10773420334, 3.69575500488, 2.42952466011, 2.00712680817, 2.51831173897, 3.92340564728, 4.60252952576, 6.77639913559, 5.76827573776, 8.69040679932, 13.3221168518, 12.5735492706, 23.1736450195, 35.3146820068, 47.1539649963, 51.6800308228, 66.039604187, 78.1182403564, 67.7191543579, 75.7170410156, 83.9984207153, 71.1450271606, 59.1424980164, 37.2986984253, 20.7245063782, 6.87983179092, 1.87021780014, 0.17583540082, 0.00551474047825, 0.000332245108439, 0.000120971431897],
        "var": [1.74092161655, 27.7330970764, 41.4347648621, 100.559295654, 126.247108459, 92.7058944702, 200.138824463, 389.304504395, 141.061721802, 193.726730347, 27.6037883759, 10.1294145584, 16.1972007751, 13.3771324158, 58.7835578918, 111.393554688, 136.794525146, 104.253982544, 109.393043518, 391.595489502, 179.012863159, 458.118499756, 1272.45898438, 2381.38037109, 2435.64892578, 2821.96142578, 3589.02172852, 2478.08398438, 3498.66772461, 4651.24169922, 4894.93554688, 4082.85546875, 1515.6763916, 548.918579102, 65.4960784912, 6.7884106636, 0.0615371279418, 6.60718142171e-005, 1.36430401199e-007, 5.66970248528e-009]
    },
    "gfcc": {
        "mean": [38.3758583069, 16.2511806488, -93.9555358887, 98.7408218384, -69.1673126221, 32.4863128662, -39.134021759, 19.9482879639, -16.6291217804, 12.6019134521, -4.95303821564, 2.62171435356, -6.8557009697],
        "cov": [[5122.56835938, -452.433624268, 162.564880371, 10.6486968994, -356.419128418, 89.2588043213, -498.120391846, 79.9483642578, -349.542144775, 82.7764968872, -221.663909912, 16.573392868, -164.562988281], [-452.433624268, 1320.47338867, -286.572601318, 146.259292603, 230.017837524, -179.081237793, 231.089981079, -210.702575684, 199.747848511, -168.059082031, 104.514846802, -86.3506240845, 87.0299453735], [162.564880371, -286.572601318, 851.061035156, 291.640686035, 68.3672561646, 267.828613281, 30.1575984955, 128.765136719, -38.5178070068, 65.7730636597, -73.9558563232, -6.14450263977, -44.7851753235], [10.6486968994, 146.259292603, 291.640686035, 426.919281006, 208.910552979, 110.119125366, 140.275314331, 66.8294143677, 118.390159607, 4.85032320023, 24.2934589386, -29.8668785095, 21.3336658478], [-356.419128418, 230.017837524, 68.3672561646, 208.910552979, 286.676727295, 76.8716125488, 160.60194397, 37.1460609436, 112.175697327, 5.78818750381, 45.7537345886, -5.0483789444, 23.9959888458], [89.2588043213, -179.081237793, 267.828613281, 110.119125366, 76.8716125488, 293.747406006, 124.97756958, 114.464447021, -5.30138635635, 52.3317298889, 20.6411647797, 18.9879512787, -2.9758503437], [-498.120391846, 231.089981079, 30.1575984955, 140.275314331, 160.60194397, 124.97756958, 288.65838623, 50.8040084839, 123.337265015, 15.1422100067, 77.0348510742, 3.17894244194, 33.3432121277], [79.9483642578, -210.702575684, 128.765136719, 66.8294143677, 37.1460609436, 114.464447021, 50.8040084839, 161.90524292, 42.2896575928, 75.8353042603, 3.98813557625, 33.4020614624, 4.54743719101], [-349.542144775, 199.747848511, -38.5178070068, 118.390159607, 112.175697327, -5.30138635635, 123.337265015, 42.2896575928, 182.046203613, 40.2792015076, 69.8291473389, -0.424217253923, 51.6974868774], [82.7764968872, -168.059082031, 65.7730636597, 4.85032320023, 5.78818750381, 52.3317298889, 15.1422100067, 75.8353042603, 40.2792015076, 132.096252441, 26.4867115021, 40.2136878967, -7.79527378082], [-221.663909912, 104.514846802, -73.9558563232, 24.2934589386, 45.7537345886, 20.6411647797, 77.0348510742, 3.98813557625, 69.8291473389, 26.4867115021, 101.656562805, 27.8344612122, 41.9233818054], [16.573392868, -86.3506240845, -6.14450263977, -29.8668785095, -5.0483789444, 18.9879512787, 3.17894244194, 33.4020614624, -0.424217253923, 40.2136878967, 27.8344612122, 68.4868392944, 25.6665477753], [-164.562988281, 87.0299453735, -44.7851753235, 21.3336658478, 23.9959888458, -2.9758503437, 33.3432121277, 4.54743719101, 51.6974868774, -7.79527378082, 41.9233818054, 25.6665477753, 73.9472198486]],
        "icov": [[0.000419751653681, -0.00048868835438, 0.00045705732191, -0.000843387737405, 0.000706829829141, -0.000812490121461, 0.00102988514118, -0.000502382346895, 0.000659678247757, -0.000721487333067, 0.000692487868946, -0.00066105579026, 0.000633447547443], [-0.00048868835438, 0.00276232277974, -0.000635643256828, 0.0011054254137, -0.00174628233071, 0.00191697606351, -0.00255712214857, 0.00291080633178, -0.00219851965085, 0.00235674972646, -0.00140054721851, 0.00178577250335, -0.0014649652876], [0.00045705732191, -0.000635643256828, 0.00331836473197, -0.00310396053828, 0.00143419532105, -0.00317802745849, 0.00173987413291, -0.000185513912584, 0.00108789314982, -0.00200473354198, 0.00326603651047, -0.00148865650408, 0.000997225521132], [-0.000843387737405, 0.0011054254137, -0.00310396053828, 0.00781222386286, -0.00431113643572, 0.00214868877083, -0.00212124129757, 4.85326054331e-005, -0.00354405934922, 0.00306604919024, -0.00261556799524, 0.00384975923225, -0.00192508636974], [0.000706829829141, -0.00174628233071, 0.00143419532105, -0.00431113643572, 0.00883097946644, -0.00298164598644, 0.00061913440004, -0.000794691499323, -0.00099647056777, -0.000791286758613, 0.00224004080519, -0.00395406782627, 0.00324032059871], [-0.000812490121461, 0.00191697606351, -0.00317802745849, 0.00214868877083, -0.00298164598644, 0.0120810344815, -0.00691759306937, -0.0035407608375, 0.00535627175122, 0.000213039456867, -0.00584490410984, 0.00558937899768, -0.00416675535962], [0.00102988514118, -0.00255712214857, 0.00173987413291, -0.00212124129757, 0.00061913440004, -0.00691759306937, 0.0119406981394, -0.00198659137823, -0.0030101290904, 0.000124609330669, -7.99697081675e-005, -0.00367095321417, 0.00466295517981], [-0.000502382346895, 0.00291080633178, -0.000185513912584, 4.85326054331e-005, -0.000794691499323, -0.0035407608375, -0.00198659137823, 0.0171894468367, -0.00803368072957, -0.00120661291294, 0.00497665861621, -0.00479166163132, -0.000385114981327], [0.000659678247757, -0.00219851965085, 0.00108789314982, -0.00354405934922, -0.00099647056777, 0.00535627175122, -0.0030101290904, -0.00803368072957, 0.0235121417791, -0.0107649741694, -0.00458163581789, 0.0103627806529, -0.0104447202757], [-0.000721487333067, 0.00235674972646, -0.00200473354198, 0.00306604919024, -0.000791286758613, 0.000213039456867, 0.000124609330669, -0.00120661291294, -0.0107649741694, 0.0199828427285, -0.00529350014403, -0.0083837127313, 0.00934882648289], [0.000692487868946, -0.00140054721851, 0.00326603651047, -0.00261556799524, 0.00224004080519, -0.00584490410984, -7.99697081675e-005, 0.00497665861621, -0.00458163581789, -0.00529350014403, 0.0241462979466, -0.00893323961645, -0.00325377122499], [-0.00066105579026, 0.00178577250335, -0.00148865650408, 0.00384975923225, -0.00395406782627, 0.00558937899768, -0.00367095321417, -0.00479166163132, 0.0103627806529, -0.0083837127313, -0.00893323961645, 0.0342414937913, -0.0170760508627], [0.000633447547443, -0.0014649652876, 0.000997225521132, -0.00192508636974, 0.00324032059871, -0.00416675535962, 0.00466295517981, -0.000385114981327, -0.0104447202757, 0.00934882648289, -0.00325377122499, -0.0170760508627, 0.0305775087327]]
    },
    "melbands": {
        "mean": [0.0088700344786, 0.00366901024245, 0.000877774727996, 0.000366776017472, 0.000219646870391, 0.000165467921761, 0.000109715336293, 7.17834773241e-005, 2.66128572548e-005, 1.38788300319e-005, 9.66231891653e-006, 9.72096859186e-006, 1.23825693663e-005, 1.31389278977e-005, 1.36629214467e-005, 1.34875699587e-005, 1.0399261555e-005, 1.39449402923e-005, 1.4253977497e-005, 1.76496905624e-005, 1.41583805089e-005, 2.23816787184e-005, 2.96881826216e-005, 3.42724015354e-005, 3.7961613998e-005, 3.87020118069e-005, 3.69819317712e-005, 4.4643158617e-005, 5.37157575309e-005, 3.66951353499e-005, 4.04217207688e-005, 4.23504025093e-005, 4.18881354562e-005, 4.94657942909e-005, 4.1696781409e-005, 3.91289577237e-005, 3.37677192874e-005, 2.70369710051e-005, 2.12153463508e-005, 1.60998934007e-005],
        "var": [9.59736426012e-005, 1.2903519746e-005, 2.91672563435e-006, 5.23696257915e-007, 2.23471872118e-007, 1.88282825775e-007, 2.9809044122e-008, 1.98450162969e-008, 1.29330501863e-009, 3.53333501346e-010, 4.00388583399e-010, 1.97251132095e-010, 4.57737098225e-010, 1.49344558942e-009, 5.3611792783e-010, 6.94219015607e-010, 3.4044983499e-010, 3.28378574332e-010, 3.59989621446e-010, 7.04095670656e-010, 2.45188092052e-010, 5.42130784709e-010, 8.93701446181e-010, 1.40573430674e-009, 1.79671533207e-009, 2.17513096423e-009, 9.87861015211e-010, 1.40270561833e-009, 1.98221083991e-009, 8.05355393485e-010, 1.02906250188e-009, 1.24870280782e-009, 1.05635922232e-009, 1.85218007598e-009, 1.77935932655e-009, 1.68453417881e-009, 1.45766676507e-009, 8.27796053926e-010, 5.36488797831e-010, 3.53922446905e-010]
    },
    "mfcc": {
        "mean": [-594.907226563, 19.7350654602, 39.1699829102, 55.4095954895, 14.568365097, 16.7072048187, 3.87559771538, 8.16010284424, 0.610658824444, 8.02060031891, 6.6263051033, 9.52255821228, 5.50337219238],
        "cov": [[2635.51806641, -154.985168457, 186.366821289, -194.211914063, 58.2665672302, -182.905776978, -84.031829834, -174.694702148, -138.908096313, -103.680358887, -107.746932983, -121.212608337, -78.1597061157], [-154.985168457, 946.016052246, -305.110748291, 192.820541382, -71.5087051392, 94.2535171509, -59.3816375732, 40.5143814087, -31.5795402527, 7.2406001091, -38.6304244995, -17.6339893341, -28.9409675598], [186.366821289, -305.110748291, 736.868164063, 67.3388519287, 156.256332397, 106.576148987, 130.130508423, 53.260219574, 90.7994155884, 27.0413208008, 40.6435890198, 12.8974742889, 8.889544487], [-194.211914063, 192.820541382, 67.3388519287, 400.060241699, 127.543838501, 112.37046814, 5.40183258057, 80.09425354, 83.7869262695, 72.8785858154, 52.9148139954, 34.4879493713, 3.58421611786], [58.2665672302, -71.5087051392, 156.256332397, 127.543838501, 208.132476807, 64.6110153198, 51.5871391296, 47.9246330261, 61.6433944702, 35.2557983398, 26.0288352966, 9.7015209198, 12.0696554184], [-182.905776978, 94.2535171509, 106.576148987, 112.37046814, 64.6110153198, 194.661849976, 122.002479553, 92.0256347656, 61.2446289063, 53.8387565613, 54.8991699219, 45.8061180115, 24.9274196625], [-84.031829834, -59.3816375732, 130.130508423, 5.40183258057, 51.5871391296, 122.002479553, 184.131210327, 105.037414551, 58.5045013428, 33.3047676086, 45.7675971985, 38.7209205627, 32.9955329895], [-174.694702148, 40.5143814087, 53.260219574, 80.09425354, 47.9246330261, 92.0256347656, 105.037414551, 138.222167969, 80.9528884888, 45.2498435974, 35.5219764709, 31.5149440765, 29.211769104], [-138.908096313, -31.5795402527, 90.7994155884, 83.7869262695, 61.6433944702, 61.2446289063, 58.5045013428, 80.9528884888, 121.793922424, 67.233795166, 54.0766716003, 35.8290061951, 30.1299762726], [-103.680358887, 7.2406001091, 27.0413208008, 72.8785858154, 35.2557983398, 53.8387565613, 33.3047676086, 45.2498435974, 67.233795166, 89.2549667358, 64.1278457642, 38.8928337097, 23.471370697], [-107.746932983, -38.6304244995, 40.6435890198, 52.9148139954, 26.0288352966, 54.8991699219, 45.7675971985, 35.5219764709, 54.0766716003, 64.1278457642, 99.0286331177, 61.3298721313, 31.5915908813], [-121.212608337, -17.6339893341, 12.8974742889, 34.4879493713, 9.7015209198, 45.8061180115, 38.7209205627, 31.5149440765, 35.8290061951, 38.8928337097, 61.3298721313, 76.6388092041, 43.269317627], [-78.1597061157, -28.9409675598, 8.889544487, 3.58421611786, 12.0696554184, 24.9274196625, 32.9955329895, 29.211769104, 30.1299762726, 23.471370697, 31.5915908813, 43.269317627, 58.7089385986]],
        "icov": [[0.000489725614898, -0.000110814202344, -0.000191257917322, 0.000157510410645, -0.000403618934797, 0.000504611816723, -0.000312808086164, 0.000429628038546, 0.000356192758773, -0.000157966118422, -1.54793069669e-005, 0.000303967186483, 0.000112103756692], [-0.000110814202344, 0.00193940405734, 0.000722260621842, -0.000896318233572, 0.000976012262981, -0.00206119706854, 0.00127057626378, -0.00107117381413, 0.000635040167253, -0.000296736921882, 0.00107116065919, 0.000333074713126, 0.000218131681322], [-0.000191257917322, 0.000722260621842, 0.00226398557425, -0.000389629392885, -0.000530943565536, -0.00120285805315, -0.000918677309528, 0.000982205965556, -0.00160793389659, 0.000995060545392, 3.13168166031e-005, 0.000430927291745, 0.000522816437297], [0.000157510410645, -0.000896318233572, -0.000389629392885, 0.00548422569409, -0.00285422685556, -0.0019133585738, 0.00391379836947, -0.0025743348524, -0.000524832459632, -0.000800719077233, -0.000898172322195, -0.00170076510403, 0.00229876535013], [-0.000403618934797, 0.000976012262981, -0.000530943565536, -0.00285422685556, 0.00837074872106, -0.00120290473569, -0.000958404387347, 0.000455159286503, -0.0017333207652, -0.000210967817111, 0.000641644641291, 0.00232976325788, -0.00178798811976], [0.000504611816723, -0.00206119706854, -0.00120285805315, -0.0019133585738, -0.00120290473569, 0.0150550054386, -0.00895820558071, 0.000540819426533, 0.00148151570465, -0.00267077516764, -0.000639871228486, -0.0026439584326, 0.00117566855624], [-0.000312808086164, 0.00127057626378, -0.000918677309528, 0.00391379836947, -0.000958404387347, -0.00895820558071, 0.0190729964525, -0.0117727564648, 0.00200785556808, 0.00228089559823, -0.00304087647237, -0.000333604490152, -0.000811086967587], [0.000429628038546, -0.00107117381413, 0.000982205965556, -0.0025743348524, 0.000455159286503, 0.000540819426533, -0.0117727564648, 0.0229467786849, -0.0100350063294, -0.000142266464536, 0.0037160734646, 0.000684994680341, -0.00236949045211], [0.000356192758773, 0.000635040167253, -0.00160793389659, -0.000524832459632, -0.0017333207652, 0.00148151570465, 0.00200785556808, -0.0100350063294, 0.0231407042593, -0.0105085168034, -0.00181139400229, 0.00133777176961, -0.00303131807595], [-0.000157966118422, -0.000296736921882, 0.000995060545392, -0.000800719077233, -0.000210967817111, -0.00267077516764, 0.00228089559823, -0.000142266464536, -0.0105085168034, 0.0298576392233, -0.014409866184, 0.00221000425518, -0.000910678179935], [-1.54793069669e-005, 0.00107116065919, 3.13168166031e-005, -0.000898172322195, 0.000641644641291, -0.000639871228486, -0.00304087647237, 0.0037160734646, -0.00181139400229, -0.014409866184, 0.0317818410695, -0.0184620339423, 0.00375269772485], [0.000303967186483, 0.000333074713126, 0.000430927291745, -0.00170076510403, 0.00232976325788, -0.0026439584326, -0.000333604490152, 0.000684994680341, 0.00133777176961, 0.00221000425518, -0.0184620339423, 0.0396574884653, -0.01976595819], [0.000112103756692, 0.000218131681322, 0.000522816437297, 0.00229876535013, -0.00178798811976, 0.00117566855624, -0.000811086967587, -0.00236949045211, -0.00303131807595, -0.000910678179935, 0.00375269772485, -0.01976595819, 0.0330419130623]]
    },
    "spectral_contrast_coeffs": {
        "mean": [-0.681371927261, -0.767589211464, -0.806574583054, -0.795106172562, -0.77194494009, -0.730362772942],
        "var": [0.00744141126052, 0.00359803251922, 0.00236865621991, 0.00182601390406, 0.00104802695569, 0.00227269879542]
    },
    "spectral_contrast_valleys": {
        "mean": [-7.12953901291, -7.20701599121, -8.24188709259, -7.95090293884, -6.59435653687, -8.35294437408],
        "var": [1.63832080364, 1.12379014492, 1.06479525566, 0.951688289642, 0.963949024677, 1.50409519672]
    }
},
"metadata": {
    "audio_properties": {
        "analysis_sample_rate": 44100,
        "bit_rate": 105440,
        "equal_loudness": 0,
        "length": 45.0612258911,
        "lossless": 0,
        "replay_gain": -13.5661964417,
        "sample_rate": 44100,
        "codec": "mp3",
        "downmix": "mix",
        "md5_encoded": "3efab3c9329fc0584b481eb3ff06c610"
    },
    "tags": {
        "file_name": "500.mp3"
    },
    "version": {
        "essentia": "2.1-beta2",
        "essentia_git_sha": "v2.1_beta2",
        "extractor": "music 1.0"
    }
},
"rhythm": {
    "beats_count": 89,
    "beats_loudness": {
        "mean": 0.0602417588234,
        "var": 0.000276284263236
    },
    "bpm": 119.883346558,
    "bpm_histogram_first_peak_bpm": {
        "mean": 120,
        "var": 0
    },
    "bpm_histogram_first_peak_spread": {
        "mean": 0.47619047761,
        "var": 0
    },
    "bpm_histogram_first_peak_weight": {
        "mean": 0.5,
        "var": 0
    },
    "bpm_histogram_second_peak_bpm": {
        "mean": 115,
        "var": 0
    },
    "bpm_histogram_second_peak_spread": {
        "mean": 0.25,
        "var": 0
    },
    "bpm_histogram_second_peak_weight": {
        "mean": 0.0340909101069,
        "var": 0
    },
    "danceability": 1.95003890991,
    "onset_rate": 5.07968425751,
    "beats_loudness_band_ratio": {
        "mean": [0.690587639809, 0.0323835127056, 0.00976822990924, 0.00744484737515, 0.0186553187668, 0.249626591802],
        "var": [0.0452041141689, 0.00168716651388, 0.000172670086613, 0.000252576282946, 0.000167167570908, 0.0319833010435]
    },
    "beats_position": [0.49922901392, 1.02167797089, 1.53251695633, 2.04335594177, 2.53097510338, 3.03020405769, 3.54104304314, 4.04027223587, 4.52789115906, 5.0387301445, 5.56117916107, 6.09523820877, 6.6176867485, 7.12852573395, 7.63936471939, 8.13859367371, 8.63782310486, 9.14866161346, 9.63628101349, 10.1355104446, 10.6347389221, 11.1455783844, 11.6331968307, 12.144036293, 12.6432647705, 13.1424942017, 13.6533327103, 14.1409521103, 14.6517915726, 15.1394100189, 15.6386394501, 16.1378688812, 16.6487064362, 17.1479358673, 17.6471652985, 18.1347846985, 18.6456241608, 19.1332416534, 19.6440811157, 20.1317005157, 20.642539978, 21.1417675018, 21.640996933, 22.1402263641, 22.6394557953, 23.1386852264, 23.6379127502, 24.1371421814, 24.6363716125, 25.1356010437, 25.6348285675, 26.1340579987, 26.6332874298, 27.1441268921, 27.6433563232, 28.142583847, 28.6418132782, 29.1410427094, 29.6518821716, 30.1394996643, 30.6503391266, 31.1379585266, 31.6487979889, 32.1364173889, 32.6472549438, 33.1348762512, 33.6457138062, 34.1449432373, 34.6441726685, 35.1434020996, 35.6426315308, 36.1418571472, 36.6410865784, 37.1403160095, 37.6395454407, 38.1387748718, 38.638004303, 39.1372337341, 39.6364631653, 40.124080658, 40.6349182129, 41.1457595825, 41.6449890137, 42.1442184448, 42.6434440613, 43.1426734924, 43.6535148621, 44.1411323547, 44.6519737244]
},
"tonal": {
    "chords_changes_rate": 0.0874485597014,
    "chords_number_rate": 0.0102880662307,
    "chords_strength": {
        "mean": 0.410047590733,
        "var": 0.00818134378642
    },
    "hpcp_entropy": {
        "mean": 2.99559140205,
        "var": 0.57887417078
    },
    "key_strength": 0.726073980331,
    "tuning_diatonic_strength": 0.311324268579,
    "tuning_equal_tempered_deviation": 0.252634316683,
    "tuning_frequency": 434.193115234,
    "tuning_nontempered_energy_ratio": 0.902466356754,
    "hpcp": {
        "mean": [0.2573530972, 0.279962539673, 0.207280099392, 0.139388158917, 0.110885493457, 0.100646622479, 0.122100681067, 0.139897882938, 0.120954826474, 0.116432845592, 0.114442154765, 0.0968681275845, 0.103389061987, 0.118103697896, 0.0979255139828, 0.0716513395309, 0.0685958191752, 0.0749758258462, 0.0792682245374, 0.0661808252335, 0.058893058449, 0.115580640733, 0.157736048102, 0.188751012087, 0.232491329312, 0.157625257969, 0.0699575468898, 0.0624433420599, 0.0589399933815, 0.0532932430506, 0.062710262835, 0.0777027383447, 0.095415532589, 0.13178858161, 0.164067313075, 0.19111353159],
        "var": [0.111095182598, 0.126994729042, 0.0916092097759, 0.0600503869355, 0.0484400205314, 0.0385043285787, 0.0456656105816, 0.0572369582951, 0.0424200184643, 0.042268473655, 0.0406806692481, 0.030611500144, 0.0366620756686, 0.049900136888, 0.0315478481352, 0.0157475396991, 0.0179737880826, 0.0210424680263, 0.0242223665118, 0.0228625331074, 0.018434939906, 0.0495979301631, 0.0788906216621, 0.0671549513936, 0.133032411337, 0.0669235512614, 0.0226779002696, 0.0164980422705, 0.016331044957, 0.0168828275055, 0.023828573525, 0.0284893047065, 0.0373334400356, 0.0543711297214, 0.0706719756126, 0.081147685647]
    },
    "chords_histogram": [11.0082302094, 0, 1.74897122383, 0.925925910473, 0, 0, 4.62962961197, 35.3909454346, 10.9053497314, 0.411522626877, 0, 0, 0, 1.33744859695, 10.6995887756, 12.9629631042, 0, 0.617283940315, 0, 0, 0, 0, 4.52674913406, 4.83539104462],
    "thpcp": [1, 0.740385115147, 0.497881472111, 0.396072596312, 0.359500318766, 0.436132222414, 0.49970215559, 0.432039320469, 0.415887236595, 0.408776670694, 0.346003890038, 0.369296044111, 0.42185536027, 0.349780768156, 0.25593188405, 0.245017841458, 0.267806649208, 0.283138692379, 0.236391723156, 0.210360497236, 0.412843227386, 0.563418388367, 0.674200952053, 0.830437302589, 0.56302267313, 0.249881818891, 0.223041772842, 0.2105281353, 0.190358474851, 0.223995193839, 0.277546912432, 0.340815365314, 0.470736473799, 0.58603310585, 0.682639658451, 0.919241189957],
    "chords_key": "A",
    "chords_scale": "major",
    "key_key": "A",
    "key_scale": "minor"
}
}