{
"lowlevel": {
    "average_loudness": 0.918225228786,
    "barkbands_crest": {
        "mean": 21.2437572479,
        "var": 24.9226913452
    },
    "barkbands_flatness_db": {
        "mean": 0.362169265747,
        "var": 0.00659920601174
    },
    "barkbands_kurtosis": {
        "mean": 95.5814666748,
        "var": 16476.3789063
    },
    "barkbands_skewness": {
        "mean": 7.2546916008,
        "var": 19.7954463959
    },
    "barkbands_spread": {
        "mean": 3.55372548103,
        "var": 20.1678028107
    },
    "dissonance": {
        "mean": 0.440341860056,
        "var": 0.00116093445104
    },
    "dynamic_complexity": 2.80091571808,
    "erbbands_crest": {
        "mean": 10.8606338501,
        "var": 14.1150331497
    },
    "erbbands_flatness_db": {
        "mean": 0.177150636911,
        "var": 0.00117058143951
    },
    "erbbands_kurtosis": {
        "mean": 1.32073545456,
        "var": 5.49318933487
    },
    "erbbands_skewness": {
        "mean": 0.834069728851,
        "var": 0.423893839121
    },
    "erbbands_spread": {
        "mean": 32.0952301025,
        "var": 174.588134766
    },
    "hfc": {
        "mean": 15.3400783539,
        "var": 223.417526245
    },
    "melbands_crest": {
        "mean": 28.5541000366,
        "var": 49.7283210754
    },
    "melbands_flatness_db": {
        "mean": 0.386950314045,
        "var": 0.0063534528017
    },
    "melbands_kurtosis": {
        "mean": 55.760345459,
        "var": 3406.99975586
    },
    "melbands_skewness": {
        "mean": 5.409740448,
        "var": 7.4129781723
    },
    "melbands_spread": {
        "mean": 6.04640769958,
        "var": 70.4081420898
    },
    "pitch_salience": {
        "mean": 0.24712240696,
        "var": 0.0235003940761
    },
    "silence_rate_20dB": {
        "mean": 0.644879043102,
        "var": 0.229006677866
    },
    "silence_rate_30dB": {
        "mean": 0.173443123698,
        "var": 0.14335796237
    },
    "silence_rate_60dB": {
        "mean": 0.00205867225304,
        "var": 0.00205448735505
    },
    "spectral_centroid": {
        "mean": 852.156005859,
        "var": 355366.28125
    },
    "spectral_complexity": {
        "mean": 12.0252189636,
        "var": 6.74409341812
    },
    "spectral_decrease": {
        "mean": -1.14985965638e-007,
        "var": 1.22144556568e-014
    },
    "spectral_energy": {
        "mean": 0.435374587774,
        "var": 0.174634158611
    },
    "spectral_energyband_high": {
        "mean": 9.7810610896e-005,
        "var": 9.5287377988e-009
    },
    "spectral_energyband_low": {
        "mean": 0.176178738475,
        "var": 0.0528049692512
    },
    "spectral_energyband_middle_high": {
        "mean": 0.00171742413659,
        "var": 1.77362994691e-006
    },
    "spectral_energyband_middle_low": {
        "mean": 0.0102471020073,
        "var": 7.4127172411e-005
    },
    "spectral_entropy": {
        "mean": 6.54631614685,
        "var": 0.108926102519
    },
    "spectral_flux": {
        "mean": 0.342392444611,
        "var": 0.0572290346026
    },
    "spectral_kurtosis": {
        "mean": 10.4363279343,
        "var": 35.1450386047
    },
    "spectral_rms": {
        "mean": 0.018457936123,
        "var": 8.4060629888e-005
    },
    "spectral_rolloff": {
        "mean": 134.639221191,
        "var": 730337.5
    },
    "spectral_skewness": {
        "mean": 2.48202562332,
        "var": 0.378376662731
    },
    "spectral_spread": {
        "mean": 3441924.5,
        "var": 2.79474733056e+012
    },
    "spectral_strongpeak": {
        "mean": 0.116039350629,
        "var": 0.134721085429
    },
    "zerocrossingrate": {
        "mean": 0.0087568955496,
        "var": 0.000546714232769
    },
    "barkbands": {
        "mean": [0.345399260521, 0.0661573410034, 0.0119626838714, 0.00169051100966, 0.0017302579945, 0.00190401077271, 0.000688601052389, 0.00325125153176, 0.000524925068021, 0.000630064925645, 0.000279408763163, 7.27104124962e-005, 8.60440050019e-005, 0.000295236386592, 4.42327800556e-005, 0.000108234897198, 0.000151294982061, 9.5125840744e-005, 0.000184546210221, 3.59377372661e-005, 1.29453783302e-005, 2.02518567676e-005, 8.93162450666e-006, 2.70805758191e-005, 1.16988076115e-005, 3.11967255584e-006, 1.18749738931e-007],
        "var": [0.133959829807, 0.0312866233289, 0.000795551924966, 8.54150130181e-006, 9.01962448552e-006, 4.56483576272e-006, 7.13819531484e-007, 2.72828965535e-005, 3.21271443227e-007, 6.03295461588e-007, 2.26617743238e-007, 1.32727233648e-008, 3.99278050622e-008, 5.70223505747e-007, 8.30962854081e-009, 1.00820003013e-007, 1.20498256706e-007, 3.50483553291e-008, 1.29963780182e-007, 3.28994897991e-009, 4.24876273053e-010, 1.42029210615e-009, 1.08844717961e-010, 1.56842083765e-009, 3.42357753258e-010, 2.66079935862e-010, 1.34775643337e-012]
    },
    "erbbands": {
        "mean": [2.94663143158, 13.3693647385, 19.8832378387, 6.68232822418, 6.47515964508, 5.10188674927, 6.02031469345, 19.7968006134, 13.0738992691, 51.4823951721, 38.7867584229, 17.5853633881, 21.837223053, 9.51476287842, 11.6282930374, 3.90128898621, 4.40061616898, 13.2136135101, 6.33614778519, 3.66314530373, 5.96322107315, 5.87340164185, 5.5579957962, 11.7014379501, 5.28805780411, 1.68833780289, 0.744743704796, 0.543813586235, 0.59959256649, 0.51183784008, 0.297075808048, 0.466347157955, 0.42225804925, 0.147190406919, 0.0806847140193, 0.0278302021325, 0.00426942342892, 0.000363342114724, 0.00020711083198, 0.000469213991892],
        "var": [45.5467605591, 1143.09130859, 1774.18945313, 191.072143555, 107.109947205, 95.9170532227, 81.4740829468, 530.522583008, 393.999298096, 9313.30957031, 2147.99755859, 280.093688965, 905.029418945, 113.650276184, 323.318023682, 35.6113967896, 85.2298126221, 852.855285645, 184.395645142, 42.2889938354, 334.051971436, 194.037734985, 68.3617172241, 659.761779785, 74.9933166504, 7.14718914032, 1.10205841064, 0.336240708828, 0.892983555794, 2.46268606186, 0.161556780338, 0.537048518658, 0.367518007755, 0.0584518499672, 0.0135944671929, 0.0108030531555, 0.000842516717967, 5.76038064537e-006, 6.96524509181e-008, 2.01423944191e-007]
    },
    "gfcc": {
        "mean": [-33.4938659668, 129.724182129, -86.1239852905, 29.6212329865, -47.5689926147, 11.3075618744, -18.2836589813, 27.3882369995, -0.941724419594, 2.83882212639, 10.9501504898, -9.39299297333, 0.0609115101397],
        "cov": [[3711.21435547, 91.7409133911, -38.2020874023, 453.265014648, -130.984466553, 149.738525391, -177.773757935, 43.8055686951, -74.1131973267, -39.2442855835, -148.147903442, -171.543502808, -104.459022522], [91.7409133911, 699.649841309, 277.066772461, 12.1828098297, 221.611251831, -18.1025543213, 71.8072509766, -160.166275024, 1.02030193806, -124.993453979, -22.9366722107, -82.0933990479, -92.2561645508], [-38.2020874023, 277.066772461, 571.832885742, 164.387863159, 210.08531189, 54.2835540771, 71.9319076538, -142.324798584, -15.8019104004, -73.6371841431, -67.1533584595, -90.0445327759, -114.686561584], [453.265014648, 12.1828098297, 164.387863159, 347.408996582, 46.8216552734, 67.9502182007, -48.7741279602, -28.6915512085, -46.2602539063, -59.9461936951, -83.095451355, -122.474517822, -99.4846115112], [-130.984466553, 221.611251831, 210.08531189, 46.8216552734, 297.859680176, -2.19002270699, 32.8698539734, -83.3890533447, 17.2305812836, -62.1306495667, 4.88364887238, -23.8835372925, -75.9139099121], [149.738525391, -18.1025543213, 54.2835540771, 67.9502182007, -2.19002270699, 142.056121826, -17.0904045105, -54.2265853882, -47.7148704529, -5.60966491699, -37.8218727112, -50.066116333, -36.4183769226], [-177.773757935, 71.8072509766, 71.9319076538, -48.7741279602, 32.8698539734, -17.0904045105, 184.42829895, -18.4719619751, 0.334202378988, 7.8616528511, 22.7460689545, -10.9707918167, 4.20939207077], [43.8055686951, -160.166275024, -142.324798584, -28.6915512085, -83.3890533447, -54.2265853882, -18.4719619751, 159.030990601, 31.0848903656, 14.0273361206, 22.7417888641, 37.3818702698, 57.1134147644], [-74.1131973267, 1.02030193806, -15.8019104004, -46.2602539063, 17.2305812836, -47.7148704529, 0.334202378988, 31.0848903656, 132.954299927, 14.5821723938, 27.7058906555, 23.4514141083, 41.66979599], [-39.2442855835, -124.993453979, -73.6371841431, -59.9461936951, -62.1306495667, -5.60966491699, 7.8616528511, 14.0273361206, 14.5821723938, 148.326416016, 51.3189964294, 13.924946785, -9.729804039], [-148.147903442, -22.9366722107, -67.1533584595, -83.095451355, 4.88364887238, -37.8218727112, 22.7460689545, 22.7417888641, 27.7058906555, 51.3189964294, 158.285293579, 40.4151687622, 20.9217529297], [-171.543502808, -82.0933990479, -90.0445327759, -122.474517822, -23.8835372925, -50.066116333, -10.9707918167, 37.3818702698, 23.4514141083, 13.924946785, 40.4151687622, 193.002151489, 83.1104507446], [-104.459022522, -92.2561645508, -114.686561584, -99.4846115112, -75.9139099121, -36.4183769226, 4.20939207077, 57.1134147644, 41.66979599, -9.729804039, 20.9217529297, 83.1104507446, 190.349273682]],
        "icov": [[0.000382037600502, -0.000337531615514, 0.00016742538719, -0.000584965629969, 0.000193839834537, -0.000362393708201, 0.000168183149071, -0.000362930761185, -8.49821299198e-006, -0.000281736225588, 0.000125225051306, -7.53061976866e-005, -3.90673194488e-005], [-0.000337531615514, 0.00333303003572, -0.000606787798461, 0.00150313286576, -0.000742591277231, 0.00175822118763, -0.000442380987806, 0.00264210859314, -0.000335999648087, 0.00266843475401, -0.000394276052248, 0.00118311925326, 0.000844170048367], [0.00016742538719, -0.000606787798461, 0.00355205009691, -0.00158758729231, -0.00118353613652, -0.000547455099877, -0.00124532973859, 0.00123167864513, -0.000577299622819, -8.34108141134e-005, 0.000808640324976, -0.000303448439809, 0.000355133815901], [-0.000584965629969, 0.00150313286576, -0.00158758729231, 0.00648347707465, -0.000407724553952, 0.000115188515338, 0.00119577418081, -0.000161773787113, 0.000547335133888, 0.00233554653823, 0.000583848566748, 0.00254999217577, 0.00154305552132], [0.000193839834537, -0.000742591277231, -0.00118353613652, -0.000407724553952, 0.00621564639732, 0.000289847695967, -0.000143473851494, 0.00122716987971, -0.00155943795107, 0.00200494378805, -0.00133310665842, -0.000877290905919, 0.00196302146651], [-0.000362393708201, 0.00175822118763, -0.000547455099877, 0.000115188515338, 0.000289847695967, 0.0111557180062, 0.000649035035167, 0.00443372875452, 0.0021711292211, 0.000644169514999, 0.000593434262555, 0.0019462358905, -6.84359256411e-005], [0.000168183149071, -0.000442380987806, -0.00124532973859, 0.00119577418081, -0.000143473851494, 0.000649035035167, 0.00681126257405, -0.000436111411545, 0.00100700219627, -0.00087012531003, -0.000651280744933, 0.00124100316316, -0.000935469928663], [-0.000362930761185, 0.00264210859314, 0.00123167864513, -0.000161773787113, 0.00122716987971, 0.00443372875452, -0.000436111411545, 0.0124343652278, -0.00172049948014, 0.00261151138693, -0.00084876420442, 0.000441111624241, -0.000233798928093], [-8.49821299198e-006, -0.000335999648087, -0.000577299622819, 0.000547335133888, -0.00155943795107, 0.0021711292211, 0.00100700219627, -0.00172049948014, 0.00995443854481, -0.00191449234262, -0.000330362672685, 0.000770747079514, -0.00251907738857], [-0.000281736225588, 0.00266843475401, -8.34108141134e-005, 0.00233554653823, 0.00200494378805, 0.000644169514999, -0.00087012531003, 0.00261151138693, -0.00191449234262, 0.0118757775053, -0.00299760326743, 0.000671021931339, 0.00353024341166], [0.000125225051306, -0.000394276052248, 0.000808640324976, 0.000583848566748, -0.00133310665842, 0.000593434262555, -0.000651280744933, -0.00084876420442, -0.000330362672685, -0.00299760326743, 0.00865143816918, -0.000649666239042, -0.000227217169595], [-7.53061976866e-005, 0.00118311925326, -0.000303448439809, 0.00254999217577, -0.000877290905919, 0.0019462358905, 0.00124100316316, 0.000441111624241, 0.000770747079514, 0.000671021931339, -0.000649666239042, 0.00841340236366, -0.00219179945998], [-3.90673194488e-005, 0.000844170048367, 0.000355133815901, 0.00154305552132, 0.00196302146651, -6.84359256411e-005, -0.000935469928663, -0.000233798928093, -0.00251907738857, 0.00353024341166, -0.000227217169595, -0.00219179945998, 0.00923612993211]]
    },
    "melbands": {
        "mean": [0.0360213182867, 0.0134248705581, 0.00126872886904, 0.000408975727623, 0.000222896866035, 0.000423791731009, 0.000174663495272, 0.000641243881546, 0.000261392473476, 0.000100533245131, 0.000104533552076, 3.5295568523e-005, 4.04497222917e-005, 1.40661159094e-005, 7.40486757422e-006, 8.89816692506e-006, 2.94517958537e-005, 1.36426133395e-005, 2.54209498962e-006, 9.28811914491e-006, 6.56201655147e-006, 6.44476585876e-006, 5.40032624485e-006, 6.30449630989e-006, 1.04291757452e-005, 4.70107170258e-006, 1.75076081632e-006, 9.89842419585e-007, 4.07476022701e-007, 4.98861709275e-007, 2.91266616159e-007, 4.14855946929e-007, 2.50878514407e-007, 2.61901391241e-007, 1.57337012752e-007, 1.90815470091e-007, 3.19000065474e-007, 3.72385500214e-007, 1.49636008473e-007, 1.17241356179e-007],
        "var": [0.00329944817349, 0.000828966323752, 5.80828873353e-006, 4.96403970374e-007, 1.13923867673e-007, 2.39955028292e-007, 7.35718828082e-008, 1.4491422462e-006, 8.65031068997e-008, 1.17821343792e-008, 2.17287787763e-008, 1.99736893691e-009, 4.60100002542e-009, 3.90194571098e-010, 1.89167168041e-010, 5.19674525634e-010, 4.90506080197e-009, 1.19631959894e-009, 2.19283514957e-011, 5.62204061083e-010, 4.55687487744e-010, 3.49160894642e-010, 2.16862722224e-010, 1.61922267261e-010, 6.885669257e-010, 7.09315731151e-011, 8.12590012639e-012, 2.9714872056e-012, 4.52293286374e-013, 8.22440802527e-013, 1.18729380711e-013, 5.62360108567e-013, 6.65922666402e-013, 4.57675672534e-013, 5.78087450413e-014, 5.73522349404e-014, 4.23905404051e-013, 3.4957681281e-013, 1.47104062872e-013, 5.15848790821e-014]
    },
    "mfcc": {
        "mean": [-690.535766602, 163.754196167, 27.4314956665, 29.3096790314, 9.12732791901, -5.3182091713, 11.1076278687, 13.4240722656, 5.30754041672, 19.6040897369, 18.5220737457, 6.6074924469, 2.37166619301],
        "cov": [[1819.94543457, -411.261047363, 171.160125732, 173.470397949, 108.375297546, 29.8090419769, -12.3956108093, -11.9278078079, 38.9285125732, 56.9017333984, -42.4392242432, -37.9896621704, -107.088523865], [-411.261047363, 818.108642578, 63.5043907166, 54.9133987427, 89.7760543823, 121.70009613, 29.4670581818, 45.966545105, -28.0600509644, -72.9084320068, 11.865146637, 2.70868492126, 26.3789958954], [171.160125732, 63.5043907166, 345.808288574, 120.415931702, 71.0986175537, 143.191116333, 32.6818504333, 4.82188415527, -15.9173164368, 20.9198570251, -26.6550617218, -1.65905892849, -51.5018768311], [173.470397949, 54.9133987427, 120.415931702, 245.070419312, 95.9985809326, 61.5447502136, 32.8825759888, 10.2991056442, -6.45384550095, 13.2323522568, 27.0827674866, -7.86066389084, -47.4448890686], [108.375297546, 89.7760543823, 71.0986175537, 95.9985809326, 257.403381348, 79.9483032227, -27.9455604553, 27.2905693054, -25.8801021576, -46.3370094299, -4.85634326935, 42.4515571594, -2.65177750587], [29.8090419769, 121.70009613, 143.191116333, 61.5447502136, 79.9483032227, 250.303710938, 56.0292701721, -16.1289672852, -48.688709259, -12.2060852051, 2.35935616493, 17.4348049164, -33.4738693237], [-12.3956108093, 29.4670581818, 32.6818504333, 32.8825759888, -27.9455604553, 56.0292701721, 155.115539551, -6.09916687012, -52.3736495972, 24.3610935211, 45.8143997192, -20.3522415161, -58.6675071716], [-11.9278078079, 45.966545105, 4.82188415527, 10.2991056442, 27.2905693054, -16.1289672852, -6.09916687012, 109.511680603, 28.1720199585, -44.8446083069, -31.1136665344, 1.72377467155, 4.186439991], [38.9285125732, -28.0600509644, -15.9173164368, -6.45384550095, -25.8801021576, -48.688709259, -52.3736495972, 28.1720199585, 142.002120972, 14.7983293533, -71.8050765991, -33.5942153931, 20.1037826538], [56.9017333984, -72.9084320068, 20.9198570251, 13.2323522568, -46.3370094299, -12.2060852051, 24.3610935211, -44.8446083069, 14.7983293533, 165.137268066, 40.5612487793, -61.6377029419, -37.3639793396], [-42.4392242432, 11.865146637, -26.6550617218, 27.0827674866, -4.85634326935, 2.35935616493, 45.8143997192, -31.1136665344, -71.8050765991, 40.5612487793, 171.083969116, 4.16042280197, -43.5632362366], [-37.9896621704, 2.70868492126, -1.65905892849, -7.86066389084, 42.4515571594, 17.4348049164, -20.3522415161, 1.72377467155, -33.5942153931, -61.6377029419, 4.16042280197, 174.974411011, 79.4356231689], [-107.088523865, 26.3789958954, -51.5018768311, -47.4448890686, -2.65177750587, -33.4738693237, -58.6675071716, 4.186439991, 20.1037826538, -37.3639793396, -43.5632362366, 79.4356231689, 183.73550415]],
        "icov": [[0.000744091987144, 0.000420034193667, -0.000211438862607, -0.00039284361992, -0.000280217034742, 8.00388716016e-006, 6.8341178121e-005, 8.82189924596e-005, -0.00012587668607, -3.59334881068e-005, 0.000195376429474, 4.95923632116e-005, 0.000261247565504], [0.000420034193667, 0.00171628536191, -0.000183914758964, -0.000303500361042, -0.000390036060708, -0.000675728311762, -0.000176308836672, -0.000462283205707, -0.000117222982226, 0.000626303546596, -0.000383956794394, 0.000645887397695, -0.000536104314961], [-0.000211438862607, -0.000183914758964, 0.00482513941824, -0.00168108358048, 0.000221893031267, -0.00220787292346, 0.000389648164855, -0.000647355685942, 0.000750804727431, -0.00132536818273, 0.00165786524303, -0.000610810471699, 0.00086718640523], [-0.00039284361992, -0.000303500361042, -0.00168108358048, 0.00636824872345, -0.00206995825283, 0.000318649428664, -0.00132768275216, -7.20834868844e-005, -0.00139757536817, -5.4259206081e-005, -0.00156300270464, 0.000112356472528, 0.000316437595757], [-0.000280217034742, -0.000390036060708, 0.000221893031267, -0.00206995825283, 0.0061559798196, -0.00156945874915, 0.00246554380283, -0.00143252720591, 0.00150073436089, 0.000477672554553, 0.000245689909207, -0.000929407018702, 0.000436175963841], [8.00388716016e-006, -0.000675728311762, -0.00220787292346, 0.000318649428664, -0.00156945874915, 0.0068476004526, -0.00210297340527, 0.00187204242684, 0.000665147555992, 0.000534873397555, 0.000707212428097, -0.000480988470372, 0.000487441808218], [6.8341178121e-005, -0.000176308836672, 0.000389648164855, -0.00132768275216, 0.00246554380283, -0.00210297340527, 0.0100179966539, -0.00170946517028, 0.00334875006229, -0.00116424530279, -0.000411863584304, 9.98173927655e-005, 0.00197774288245], [8.82189924596e-005, -0.000462283205707, -0.000647355685942, -7.20834868844e-005, -0.00143252720591, 0.00187204242684, -0.00170946517028, 0.0122424233705, -0.00289748818614, 0.00348455877975, 0.000650044356007, 0.000304821296595, 0.000461299641756], [-0.00012587668607, -0.000117222982226, 0.000750804727431, -0.00139757536817, 0.00150073436089, 0.000665147555992, 0.00334875006229, -0.00289748818614, 0.0123665137216, -0.00259223743342, 0.00461349077523, 0.00140430650208, -0.000322384235915], [-3.59334881068e-005, 0.000626303546596, -0.00132536818273, -5.4259206081e-005, 0.000477672554553, 0.000534873397555, -0.00116424530279, 0.00348455877975, -0.00259223743342, 0.009696056135, -0.00288168084808, 0.00284181698225, -0.00049964612117], [0.000195376429474, -0.000383956794394, 0.00165786524303, -0.00156300270464, 0.000245689909207, 0.000707212428097, -0.000411863584304, 0.000650044356007, 0.00461349077523, -0.00288168084808, 0.0098463576287, -0.00151391350664, 0.00211443146691], [4.95923632116e-005, 0.000645887397695, -0.000610810471699, 0.000112356472528, -0.000929407018702, -0.000480988470372, 9.98173927655e-005, 0.000304821296595, 0.00140430650208, 0.00284181698225, -0.00151391350664, 0.00920998584479, -0.0041986531578], [0.000261247565504, -0.000536104314961, 0.00086718640523, 0.000316437595757, 0.000436175963841, 0.000487441808218, 0.00197774288245, 0.000461299641756, -0.000322384235915, -0.00049964612117, 0.00211443146691, -0.0041986531578, 0.00896294601262]]
    },
    "spectral_contrast_coeffs": {
        "mean": [-0.707439422607, -0.676571071148, -0.705852806568, -0.708804666996, -0.661141693592, -0.700329124928],
        "var": [0.00749016227201, 0.00509278755635, 0.00313880294561, 0.00333776208572, 0.00292766746134, 0.00239683431573]
    },
    "spectral_contrast_valleys": {
        "mean": [-6.7783370018, -6.79873132706, -7.95680236816, -9.19674682617, -9.72890758514, -12.3911590576],
        "var": [1.39136910439, 0.95192950964, 0.864415705204, 0.808760643005, 0.748457372189, 0.648798525333]
    }
},
"metadata": {
    "audio_properties": {
        "analysis_sample_rate": 44100,
        "bit_rate": 95610,
        "equal_loudness": 0,
        "length": 45.0873451233,
        "lossless": 0,
        "replay_gain": 7.02014732361,
        "sample_rate": 44100,
        "codec": "mp3",
        "downmix": "mix",
        "md5_encoded": "e4568de3bc775768d48f3a0356b0fc77"
    },
    "tags": {
        "file_name": "501.mp3"
    },
    "version": {
        "essentia": "2.1-beta2",
        "essentia_git_sha": "v2.1_beta2",
        "extractor": "music 1.0"
    }
},
"rhythm": {
    "beats_count": 82,
    "beats_loudness": {
        "mean": 0.425210356712,
        "var": 0.0867316573858
    },
    "bpm": 109.972740173,
    "bpm_histogram_first_peak_bpm": {
        "mean": 110,
        "var": 0
    },
    "bpm_histogram_first_peak_spread": {
        "mean": 0.320987641811,
        "var": 0
    },
    "bpm_histogram_first_peak_weight": {
        "mean": 0.679012358189,
        "var": 0
    },
    "bpm_histogram_second_peak_bpm": {
        "mean": 0,
        "var": 0
    },
    "bpm_histogram_second_peak_spread": {
        "mean": 0,
        "var": 0
    },
    "bpm_histogram_second_peak_weight": {
        "mean": 0,
        "var": 0
    },
    "danceability": 1.22898697853,
    "onset_rate": 4.21241569519,
    "beats_loudness_band_ratio": {
        "mean": [0.961052894592, 0.0144140338525, 0.0240978188813, 0.00331535795704, 0.00149369670544, 0.000882898806594],
        "var": [0.00221084058285, 8.90689116204e-005, 0.00143718800973, 1.06385241452e-005, 4.32520619142e-006, 1.06426989532e-006]
    },
    "beats_position": [0.522448956966, 1.06811785698, 1.60217678547, 2.14784574509, 2.69351458549, 3.23918366432, 3.78485250473, 4.33052158356, 4.87619018555, 5.42185926437, 5.9675283432, 6.51319694519, 7.05886602402, 7.60453510284, 8.15020370483, 8.6958732605, 9.24154186249, 9.79882049561, 10.3444900513, 10.8901586533, 11.4242172241, 11.9814968109, 12.5271654129, 13.0728340149, 13.6068935394, 14.1641721725, 14.7098407745, 15.2555103302, 15.7895689011, 16.3468475342, 16.8925170898, 17.4381847382, 17.9722442627, 18.5295238495, 19.0751914978, 19.6208610535, 20.154920578, 20.7121982574, 21.2578678131, 21.8035373688, 22.3375968933, 22.8948745728, 23.4405441284, 23.9862117767, 24.5318813324, 25.0775508881, 25.6232185364, 26.168888092, 26.7145576477, 27.2602272034, 27.8058948517, 28.3515644073, 28.897233963, 29.4429016113, 29.988571167, 30.5342407227, 31.079908371, 31.6255779266, 32.1596374512, 32.7053070068, 33.2509727478, 33.7966423035, 34.3423118591, 34.8763694763, 35.4336509705, 35.9793205261, 36.5365982056, 37.0822677612, 37.6163253784, 38.1736030579, 38.7076644897, 39.2533340454, 39.7989997864, 40.3562812805, 40.8903388977, 41.4360084534, 41.981678009, 42.5389556885, 43.0730133057, 43.6186828613, 44.1759643555, 44.7216300964]
},
"tonal": {
    "chords_changes_rate": 0.0565843619406,
    "chords_number_rate": 0.00720164598897,
    "chords_strength": {
        "mean": 0.479464620352,
        "var": 0.00826847739518
    },
    "hpcp_entropy": {
        "mean": 1.80123949051,
        "var": 0.24804456532
    },
    "key_strength": 0.734777092934,
    "tuning_diatonic_strength": 0.64890396595,
    "tuning_equal_tempered_deviation": 0.23103711009,
    "tuning_frequency": 434.193115234,
    "tuning_nontempered_energy_ratio": 0.93770468235,
    "hpcp": {
        "mean": [0.0857132673264, 0.106610104442, 0.0461707636714, 0.0175517462194, 0.0221247319132, 0.0270663052797, 0.0480649843812, 0.0543225705624, 0.044362552464, 0.181413605809, 0.24787516892, 0.104923896492, 0.0253941435367, 0.0227471720427, 0.0354711338878, 0.132607758045, 0.205093368888, 0.115989528596, 0.0304885692894, 0.0183730293065, 0.0235558152199, 0.0632341653109, 0.0860450193286, 0.22734259069, 0.516272127628, 0.397438973188, 0.0760139077902, 0.0150971412659, 0.0167510211468, 0.0421476401389, 0.210057750344, 0.258167743683, 0.103466652334, 0.0359778739512, 0.0270078629255, 0.028917003423],
        "var": [0.0431420356035, 0.0574967451394, 0.0157596375793, 0.00889123883098, 0.0147942174226, 0.0160091072321, 0.0198235902935, 0.0220932755619, 0.0105586079881, 0.0615759827197, 0.104693159461, 0.0278486106545, 0.0116104772314, 0.0131768388674, 0.0148931778967, 0.0464524589479, 0.0950346291065, 0.0444002784789, 0.01313396357, 0.00823252461851, 0.0110427523032, 0.0291017778218, 0.0448136813939, 0.0469712242484, 0.180007889867, 0.122764132917, 0.0145807797089, 0.00498537486419, 0.00553085794672, 0.00757905840874, 0.0924634486437, 0.11910238862, 0.026171611622, 0.0126165607944, 0.0129792299122, 0.00988043751568]
    },
    "chords_histogram": [42.5925941467, 4.42386817932, 25.8230457306, 0, 9.36213970184, 0, 0, 0, 0, 0, 0, 0, 0, 0, 0, 0, 0, 12.6543207169, 0, 0.411522626877, 0, 0.102880656719, 1.85185182095, 2.77777767181],
    "thpcp": [1, 0.769824564457, 0.147236123681, 0.0292426031083, 0.0324461087584, 0.081638418138, 0.406874090433, 0.500061333179, 0.200411081314, 0.0696878135204, 0.0523132309318, 0.0560111664236, 0.166023433208, 0.206499829888, 0.0894310623407, 0.0339970812201, 0.0428547859192, 0.0524264313281, 0.0931000933051, 0.105220809579, 0.0859286189079, 0.351391434669, 0.480125039816, 0.203233703971, 0.049187514931, 0.0440604314208, 0.0687062740326, 0.256856322289, 0.397258251905, 0.224667429924, 0.0590552315116, 0.0355878770351, 0.0456267409027, 0.1224822402, 0.166666015983, 0.440354168415],
    "chords_key": "F",
    "chords_scale": "major",
    "key_key": "F",
    "key_scale": "major"
}
}