{
"lowlevel": {
    "average_loudness": 0.950912892818,
    "barkbands_crest": {
        "mean": 10.7473363876,
        "var": 13.9257736206
    },
    "barkbands_flatness_db": {
        "mean": 0.138508856297,
        "var": 0.0028740062844
    },
    "barkbands_kurtosis": {
        "mean": 7.98230028152,
        "var": 91.2446670532
    },
    "barkbands_skewness": {
        "mean": 2.2308177948,
        "var": 1.42761337757
    },
    "barkbands_spread": {
        "mean": 20.983259201,
        "var": 304.535217285
    },
    "dissonance": {
        "mean": 0.449940979481,
        "var": 0.00136501307134
    },
    "dynamic_complexity": 3.32512021065,
    "erbbands_crest": {
        "mean": 8.13887405396,
        "var": 18.6793441772
    },
    "erbbands_flatness_db": {
        "mean": 0.129363074899,
        "var": 0.00239267200232
    },
    "erbbands_kurtosis": {
        "mean": 0.590249538422,
        "var": 6.91799688339
    },
    "erbbands_skewness": {
        "mean": 0.713804006577,
        "var": 0.637467384338
    },
    "erbbands_spread": {
        "mean": 53.7857398987,
        "var": 773.558227539
    },
    "hfc": {
        "mean": 16.1183223724,
        "var": 417.944519043
    },
    "melbands_crest": {
        "mean": 16.2559070587,
        "var": 28.9563961029
    },
    "melbands_flatness_db": {
        "mean": 0.217982232571,
        "var": 0.00342555437237
    },
    "melbands_kurtosis": {
        "mean": 22.5662269592,
        "var": 434.863128662
    },
    "melbands_skewness": {
        "mean": 3.56740736961,
        "var": 2.57719516754
    },
    "melbands_spread": {
        "mean": 16.5993385315,
        "var": 431.912078857
    },
    "pitch_salience": {
        "mean": 0.563711702824,
        "var": 0.0116796912625
    },
    "silence_rate_20dB": {
        "mean": 1,
        "var": 0
    },
    "silence_rate_30dB": {
        "mean": 0.989191949368,
        "var": 0.0106908734888
    },
    "silence_rate_60dB": {
        "mean": 0.0761708691716,
        "var": 0.0703673288226
    },
    "spectral_centroid": {
        "mean": 945.135559082,
        "var": 497097.96875
    },
    "spectral_complexity": {
        "mean": 13.1446218491,
        "var": 78.4722137451
    },
    "spectral_decrease": {
        "mean": -6.23150286927e-009,
        "var": 4.55587093156e-017
    },
    "spectral_energy": {
        "mean": 0.0249811038375,
        "var": 0.000719278585166
    },
    "spectral_energyband_high": {
        "mean": 0.00105184444692,
        "var": 4.11965402236e-006
    },
    "spectral_energyband_low": {
        "mean": 0.00928140431643,
        "var": 0.000200520938961
    },
    "spectral_energyband_middle_high": {
        "mean": 0.00188246404286,
        "var": 4.84591464556e-006
    },
    "spectral_energyband_middle_low": {
        "mean": 0.0152004025877,
        "var": 0.00035751395626
    },
    "spectral_entropy": {
        "mean": 7.57761955261,
        "var": 0.287039190531
    },
    "spectral_flux": {
        "mean": 0.0744151324034,
        "var": 0.00346164382063
    },
    "spectral_kurtosis": {
        "mean": 3.92247009277,
        "var": 21.3762931824
    },
    "spectral_rms": {
        "mean": 0.00434338953346,
        "var": 5.50677123101e-006
    },
    "spectral_rolloff": {
        "mean": 1325.73706055,
        "var": 5383300.5
    },
    "spectral_skewness": {
        "mean": 1.59031903744,
        "var": 0.374303728342
    },
    "spectral_spread": {
        "mean": 6048492,
        "var": 5.39668303053e+012
    },
    "spectral_strongpeak": {
        "mean": 0.622660458088,
        "var": 1.94422245026
    },
    "zerocrossingrate": {
        "mean": 0.0582449436188,
        "var": 0.00362999341451
    },
    "barkbands": {
        "mean": [0.000642996397801, 0.00389523943886, 0.00235258881003, 0.00496518332511, 0.00480773719028, 0.00160437019076, 0.00181151297875, 0.00125585496426, 0.000671787420288, 0.000380757934181, 0.000245882518357, 0.00026050559245, 0.000147390106576, 0.000182379822945, 0.000104673345049, 0.000202825773158, 0.000120115269965, 0.000112242763862, 0.000102710248029, 0.000112962567073, 0.000114140319056, 0.000215680804104, 0.000301509426208, 0.000176394256414, 0.000110221582872, 7.21326578059e-005, 1.13290971058e-005],
        "var": [1.15892282793e-006, 6.92645990057e-005, 1.62618634931e-005, 0.0001425651717, 5.52118690393e-005, 3.72084127775e-006, 5.01388240082e-006, 5.71831469642e-006, 1.43421618759e-006, 3.40299862955e-007, 1.12532838159e-007, 2.07927513429e-007, 4.47413448512e-008, 5.66502968979e-008, 1.90535640598e-008, 9.44438909301e-008, 3.54223850252e-008, 2.43544775458e-008, 2.34515820097e-008, 3.58282292723e-008, 4.94961938102e-008, 2.71712423228e-007, 7.91255899912e-007, 1.48656013721e-007, 4.04083699834e-008, 1.47990020238e-008, 1.84923398816e-009]
    },
    "erbbands": {
        "mean": [0.129542559385, 0.808797419071, 2.57620453835, 10.9107246399, 16.9964027405, 13.3472013474, 15.4395446777, 13.938615799, 29.227306366, 18.6929035187, 27.1562786102, 12.4151172638, 12.3501968384, 9.03183937073, 11.5258016586, 8.70865535736, 7.13592815399, 7.53506326675, 7.80694532394, 7.12577152252, 11.1874608994, 7.7463183403, 6.30530118942, 5.56443595886, 5.35684108734, 5.0753326416, 4.48172569275, 4.52382230759, 4.9717206955, 10.9744491577, 10.0154981613, 3.0510122776, 3.46328401566, 1.51537203789, 0.691533923149, 0.338454097509, 0.133968740702, 0.0275077838451, 0.00139307440259, 5.63248540857e-005],
        "var": [0.0694968625903, 3.59637212753, 20.9996356964, 606.957336426, 763.893371582, 479.198852539, 636.99810791, 273.75692749, 1357.56970215, 639.842956543, 2193.42895508, 384.151275635, 329.487426758, 120.975021362, 317.616241455, 174.914581299, 104.967277527, 102.908294678, 75.7845916748, 81.2665634155, 305.658355713, 128.908828735, 72.5051193237, 69.237701416, 71.3622360229, 67.908996582, 63.6172866821, 82.4295959473, 85.8419952393, 1093.79077148, 1121.46484375, 35.4784736633, 79.7606201172, 8.63664150238, 1.75408327579, 0.448348015547, 0.0515545606613, 0.00313661713153, 2.88608334813e-005, 7.34645766443e-009]
    },
    "gfcc": {
        "mean": [-18.9843673706, 82.2532119751, -89.7542648315, 25.8717479706, -66.7642211914, 10.097026825, -48.3650131226, 4.4245390892, -24.6602687836, 0.753426730633, -18.806060791, 0.340470731258, -15.5445575714],
        "cov": [[8590.19824219, -742.796691895, 250.646835327, 293.580383301, -69.8902664185, 224.555999756, 61.5739936829, 282.42956543, -176.52293396, 92.6000442505, -482.141906738, 173.208068848, -334.164367676], [-742.796691895, 1888.25683594, -511.182006836, 143.259765625, 254.023895264, -3.66591072083, 229.90864563, 8.56354236603, 313.33895874, -33.754989624, 350.841339111, -98.7610473633, 255.139938354], [250.646835327, -511.182006836, 792.090393066, 83.2839889526, 83.5444793701, 213.62562561, -15.5621986389, 110.445068359, -68.2613372803, 76.8753967285, -94.3502731323, 73.8275680542, -95.2510986328], [293.580383301, 143.259765625, 83.2839889526, 466.633117676, 89.1311035156, 188.557922363, 133.165527344, 51.077167511, 102.914672852, -1.82270133495, 96.2579345703, -27.1979179382, 83.1844940186], [-69.8902664185, 254.023895264, 83.5444793701, 89.1311035156, 236.176086426, 42.6837234497, 98.2511291504, 71.9217147827, 52.5241203308, 52.5278930664, 41.9748420715, 25.1675949097, 17.1621837616], [224.555999756, -3.66591072083, 213.62562561, 188.557922363, 42.6837234497, 276.0362854, 62.2094154358, 119.259155273, 42.1497116089, 49.2961997986, 72.5481643677, 16.3377742767, 56.4082679749], [61.5739936829, 229.90864563, -15.5621986389, 133.165527344, 98.2511291504, 62.2094154358, 149.261230469, 51.6849098206, 91.7956161499, 29.7855606079, 52.6792869568, 9.19771385193, 41.933757782], [282.42956543, 8.56354236603, 110.445068359, 51.077167511, 71.9217147827, 119.259155273, 51.6849098206, 184.546661377, 9.7731924057, 116.095542908, 10.2873353958, 27.8840675354, 19.1851005554], [-176.52293396, 313.33895874, -68.2613372803, 102.914672852, 52.5241203308, 42.1497116089, 91.7956161499, 9.7731924057, 256.659240723, -23.2920780182, 141.880310059, -5.40378284454, 73.8609085083], [92.6000442505, -33.754989624, 76.8753967285, -1.82270133495, 52.5278930664, 49.2961997986, 29.7855606079, 116.095542908, -23.2920780182, 165.832168579, -12.1218862534, 43.3577461243, 2.54087090492], [-482.141906738, 350.841339111, -94.3502731323, 96.2579345703, 41.9748420715, 72.5481643677, 52.6792869568, 10.2873353958, 141.880310059, -12.1218862534, 197.874572754, -7.15744018555, 109.460945129], [173.208068848, -98.7610473633, 73.8275680542, -27.1979179382, 25.1675949097, 16.3377742767, 9.19771385193, 27.8840675354, -5.40378284454, 43.3577461243, -7.15744018555, 86.0869064331, -12.184138298], [-334.164367676, 255.139938354, -95.2510986328, 83.1844940186, 17.1621837616, 56.4082679749, 41.933757782, 19.1851005554, 73.8609085083, 2.54087090492, 109.460945129, -12.184138298, 119.969047546]],
        "icov": [[0.000217729102587, -0.000138686154969, 0.000227688855375, -0.000362357386621, 0.000246577023063, -0.000327946967445, 0.000222147660679, -0.000482092262246, -0.000181541545317, 0.000278670690022, 0.00079944904428, -0.000763383344747, 0.000750723469537], [-0.000138686154969, 0.00152255827561, 0.000321066734614, 0.000809076591395, -0.00152779801283, 0.000354024698026, -0.00129351951182, 0.000501382630318, -3.33478442371e-006, -0.000130170825287, -0.00176635372918, 0.00204164697789, -0.0016825760249], [0.000227688855375, 0.000321066734614, 0.0030936463736, -0.000427229155321, -0.00149425200652, -0.00320846471004, 0.00164904654957, -8.6770623966e-006, -0.000759346119594, 3.6277637264e-005, 0.00184273673221, -0.001567559666, 0.00247740303166], [-0.000362357386621, 0.000809076591395, -0.000427229155321, 0.00503681227565, -0.00144996598829, -0.00191204203293, -0.00355772092007, 0.00212654890493, 0.000166272948263, -0.000206522759981, -0.00153329456225, 0.00367272365838, -0.00287769874558], [0.000246577023063, -0.00152779801283, -0.00149425200652, -0.00144996598829, 0.00887045823038, 0.0021397722885, -0.0032707885839, -0.00292818644084, 0.000785985670518, 0.000181990952115, -0.000559448264539, -0.00281549221836, 0.00282822246663], [-0.000327946967445, 0.000354024698026, -0.00320846471004, -0.00191204203293, 0.0021397722885, 0.0115838618949, -0.00216069258749, -0.00521782645956, 0.00191429955885, 0.00135702418629, -0.00528746843338, 0.000833453435916, -0.00334939360619], [0.000222147660679, -0.00129351951182, 0.00164904654957, -0.00355772092007, -0.0032707885839, -0.00216069258749, 0.0165633838624, -0.00124718272127, -0.0044292784296, -0.000898664467968, 0.00502468785271, -0.00376028311439, 0.000819138600491], [-0.000482092262246, 0.000501382630318, -8.6770623966e-006, 0.00212654890493, -0.00292818644084, -0.00521782645956, -0.00124718272127, 0.015731183812, -0.000753199507017, -0.00876716058701, 0.000485661643324, 0.0031533439178, -0.00257147825323], [-0.000181541545317, -3.33478442371e-006, -0.000759346119594, 0.000166272948263, 0.000785985670518, 0.00191429955885, -0.0044292784296, -0.000753199507017, 0.00833346135914, 0.00152964890003, -0.00656967936084, 0.000440398143837, 0.000315303856041], [0.000278670690022, -0.000130170825287, 3.6277637264e-005, -0.000206522759981, 0.000181990952115, 0.00135702418629, -0.000898664467968, -0.00876716058701, 0.00152964890003, 0.0131656406447, 0.000818251923192, -0.00467149959877, -0.000164519355167], [0.00079944904428, -0.00176635372918, 0.00184273673221, -0.00153329456225, -0.000559448264539, -0.00528746843338, 0.00502468785271, 0.000485661643324, -0.00656967936084, 0.000818251923192, 0.0201432090253, -0.00517410645261, -0.00563522521406], [-0.000763383344747, 0.00204164697789, -0.001567559666, 0.00367272365838, -0.00281549221836, 0.000833453435916, -0.00376028311439, 0.0031533439178, 0.000440398143837, -0.00467149959877, -0.00517410645261, 0.0195840075612, -0.0029008849524], [0.000750723469537, -0.0016825760249, 0.00247740303166, -0.00287769874558, 0.00282822246663, -0.00334939360619, 0.000819138600491, -0.00257147825323, 0.000315303856041, -0.000164519355167, -0.00563522521406, -0.0029008849524, 0.0239187851548]]
    },
    "melbands": {
        "mean": [0.00111136655323, 0.00123449158855, 0.00206463620998, 0.0011299434118, 0.000548045092728, 0.000339198362781, 0.00040251048631, 0.00022975304455, 0.000214782630792, 7.18864976079e-005, 6.31997463643e-005, 3.91073481296e-005, 3.28253627231e-005, 3.10289287881e-005, 2.1230762286e-005, 1.41428536153e-005, 1.45490903378e-005, 1.40877409649e-005, 9.00822033145e-006, 1.1717016605e-005, 1.25256465253e-005, 7.84707935964e-006, 6.51243453831e-006, 4.8947781579e-006, 4.45738123744e-006, 3.7916340716e-006, 4.14335772803e-006, 3.1262070479e-006, 2.6921375138e-006, 2.88268756776e-006, 2.45805608756e-006, 2.28453154705e-006, 4.87299985252e-006, 5.86357509746e-006, 7.18960427548e-006, 2.13358771362e-006, 1.68045573901e-006, 2.27131158681e-006, 2.18255536311e-006, 1.0311148344e-006],
        "var": [5.3446142374e-006, 5.54817415832e-006, 1.80977549462e-005, 3.05308230963e-006, 8.1572596855e-007, 1.38458261745e-007, 2.41073337293e-007, 1.31987320628e-007, 1.29589537323e-007, 1.33547350956e-008, 8.95038620996e-009, 2.45602937987e-009, 2.22100848823e-009, 3.39243921843e-009, 1.02594843732e-009, 4.69280447835e-010, 4.51802650847e-010, 2.98904317964e-010, 1.53742796272e-010, 3.30177912788e-010, 4.28339086422e-010, 1.5869904002e-010, 8.7564740181e-011, 4.70567682043e-011, 4.96967987595e-011, 3.23590806928e-011, 5.81151099466e-011, 2.63688584856e-011, 2.05290298649e-011, 3.97856643464e-011, 2.28943652231e-011, 1.89964918795e-011, 1.57809335044e-010, 3.48858109067e-010, 6.77194356147e-010, 1.80304868258e-011, 1.31918417162e-011, 3.00330940672e-011, 3.20780901841e-011, 3.98581428279e-012]
    },
    "mfcc": {
        "mean": [-670.752807617, 118.262069702, 24.9059696198, 16.8081321716, 4.83570194244, 0.589371860027, -8.14844894409, -1.5069797039, -6.15785503387, -2.09366369247, -4.2283000946, -2.9622092247, -0.497792333364],
        "cov": [[7979.33789063, -490.73147583, 48.9845962524, 199.243713379, -78.256149292, 151.155029297, 65.6315307617, 252.950775146, 244.215667725, 117.944526672, 67.0528259277, 21.5635032654, 66.6004333496], [-490.73147583, 1266.57568359, -311.318054199, 93.4240036011, 27.4638156891, -11.3062820435, 7.04269218445, 35.0868034363, 23.9283466339, 66.630531311, 38.1804924011, 130.141174316, 25.2604980469], [48.9845962524, -311.318054199, 588.899963379, -15.7919626236, 148.875061035, 107.138038635, 92.101234436, 67.4194946289, 43.5014724731, 25.7170639038, 38.8365516663, 29.2847957611, 5.02201652527], [199.243713379, 93.4240036011, -15.7919626236, 264.862854004, 56.5727348328, 100.082962036, 40.7390823364, 56.8127365112, 51.5169944763, 53.6595573425, 24.7650413513, 42.7332229614, 21.068944931], [-78.256149292, 27.4638156891, 148.875061035, 56.5727348328, 158.632705688, 65.3204803467, 83.352355957, 54.9813766479, 45.619846344, 39.2595672607, 35.4868850708, 58.6731300354, 30.583946228], [151.155029297, -11.3062820435, 107.138038635, 100.082962036, 65.3204803467, 145.26020813, 63.4125137329, 71.8429336548, 43.0329170227, 44.3245315552, 28.5830364227, 34.2963905334, 9.50136375427], [65.6315307617, 7.04269218445, 92.101234436, 40.7390823364, 83.352355957, 63.4125137329, 156.66645813, 32.7724113464, 69.2181930542, 11.6094341278, 53.9072608948, 57.2204360962, -19.8433933258], [252.950775146, 35.0868034363, 67.4194946289, 56.8127365112, 54.9813766479, 71.8429336548, 32.7724113464, 120.335083008, 41.2463798523, 55.8799667358, 21.8617191315, 42.5047149658, 45.7886238098], [244.215667725, 23.9283466339, 43.5014724731, 51.5169944763, 45.619846344, 43.0329170227, 69.2181930542, 41.2463798523, 109.861915588, 52.9439659119, 49.8084030151, 47.9008255005, 11.289431572], [117.944526672, 66.630531311, 25.7170639038, 53.6595573425, 39.2595672607, 44.3245315552, 11.6094341278, 55.8799667358, 52.9439659119, 117.209098816, 42.74243927, 31.194694519, 39.1312675476], [67.0528259277, 38.1804924011, 38.8365516663, 24.7650413513, 35.4868850708, 28.5830364227, 53.9072608948, 21.8617191315, 49.8084030151, 42.74243927, 91.9128799438, 35.0541381836, 23.3636932373], [21.5635032654, 130.141174316, 29.2847957611, 42.7332229614, 58.6731300354, 34.2963905334, 57.2204360962, 42.5047149658, 47.9008255005, 31.194694519, 35.0541381836, 122.536407471, 15.4286813736], [66.6004333496, 25.2604980469, 5.02201652527, 21.068944931, 30.583946228, 9.50136375427, -19.8433933258, 45.7886238098, 11.289431572, 39.1312675476, 23.3636932373, 15.4286813736, 109.863876343]],
        "icov": [[0.000156044581672, 7.50881881686e-005, 1.60311537911e-005, -7.90624617366e-005, 0.000267128605628, 2.82339442492e-005, 1.57272461365e-005, -0.000382466445444, -0.000367371860193, 7.49360624468e-005, -8.19275555841e-006, 3.34121941705e-005, -3.88278294849e-006], [7.50881881686e-005, 0.00118115812074, 0.000779729918577, -0.00013115828915, -0.000454994646134, 0.000200608948944, 0.000249937060289, -0.000424939091317, 0.000276534992736, -0.000401012279326, -0.000386116938898, -0.00115714292042, 0.000363003375242], [1.60311537911e-005, 0.000779729918577, 0.00323118967935, 0.00122081884183, -0.00296488474123, -0.00168708804995, 0.000581135100219, -0.000691236869898, -7.36266883905e-005, 0.000220004381845, -0.000797998334747, -8.14038940007e-005, 0.000903843843844], [-7.90624617366e-005, -0.00013115828915, 0.00122081884183, 0.00608228845522, -0.00159703113604, -0.00438681803644, 0.000803067930974, 0.000519250985235, -0.00124878075439, -0.000486750795972, 0.000397482072003, -0.000307405862259, -0.00013120022777], [0.000267128605628, -0.000454994646134, -0.00296488474123, -0.00159703113604, 0.0147386714816, 7.56791778258e-005, -0.00644467677921, -0.000443892902695, 0.000795337546151, -0.0019139314536, 0.00220640585758, -0.00212990329601, -0.00427417410538], [2.82339442492e-005, 0.000200608948944, -0.00168708804995, -0.00438681803644, 7.56791778258e-005, 0.0154125876725, -0.00330477091484, -0.00601346278563, 0.00136061920784, -0.00173164810985, -0.000361236103345, 0.000772758561652, 0.00185578386299], [1.57272461365e-005, 0.000249937060289, 0.000581135100219, 0.000803067930974, -0.00644467677921, -0.00330477091484, 0.0169164575636, -0.00118518667296, -0.00638288259506, 0.00550572713837, -0.00652534421533, -0.00192649802193, 0.00573477568105], [-0.000382466445444, -0.000424939091317, -0.000691236869898, 0.000519250985235, -0.000443892902695, -0.00601346278563, -0.00118518667296, 0.0178794730455, -0.000565542199183, -0.00396476546302, 0.00358363473788, -0.00232391175814, -0.00572604639456], [-0.000367371860193, 0.000276534992736, -7.36266883905e-005, -0.00124878075439, 0.000795337546151, 0.00136061920784, -0.00638288259506, -0.000565542199183, 0.0192146282643, -0.0060986187309, -0.00304430513643, -0.00249150511809, 0.000340769940522], [7.49360624468e-005, -0.000401012279326, 0.000220004381845, -0.000486750795972, -0.0019139314536, -0.00173164810985, 0.00550572713837, -0.00396476546302, -0.0060986187309, 0.0162026956677, -0.00512572051957, 0.000545346876606, -0.00067145639332], [-8.19275555841e-006, -0.000386116938898, -0.000797998334747, 0.000397482072003, 0.00220640585758, -0.000361236103345, -0.00652534421533, 0.00358363473788, -0.00304430513643, -0.00512572051957, 0.0192210618407, -0.00106167071499, -0.00500110955909], [3.34121941705e-005, -0.00115714292042, -8.14038940007e-005, -0.000307405862259, -0.00212990329601, 0.000772758561652, -0.00192649802193, -0.00232391175814, -0.00249150511809, 0.000545346876606, -0.00106167071499, 0.0131721757352, -0.000107113199192], [-3.88278294849e-006, 0.000363003375242, 0.000903843843844, -0.00013120022777, -0.00427417410538, 0.00185578386299, 0.00573477568105, -0.00572604639456, 0.000340769940522, -0.00067145639332, -0.00500110955909, -0.000107113199192, 0.0147392647341]]
    },
    "spectral_contrast_coeffs": {
        "mean": [-0.585819661617, -0.702679395676, -0.783494412899, -0.804327249527, -0.827503740788, -0.775658786297],
        "var": [0.0219688639045, 0.00770118320361, 0.00554084870964, 0.00367968529463, 0.00236689532176, 0.00386829511262]
    },
    "spectral_contrast_valleys": {
        "mean": [-7.79569387436, -6.88806819916, -7.7826924324, -8.07634162903, -7.91878461838, -10.202290535],
        "var": [2.56151795387, 1.29411804676, 1.18089687824, 1.11906445026, 1.20572125912, 1.75020289421]
    }
},
"metadata": {
    "audio_properties": {
        "analysis_sample_rate": 44100,
        "bit_rate": 145696,
        "equal_loudness": 0,
        "length": 45.0873451233,
        "lossless": 0,
        "replay_gain": -14.8428077698,
        "sample_rate": 44100,
        "codec": "mp3",
        "downmix": "mix",
        "md5_encoded": "cd6fb147257eeab8e277c386620339a5"
    },
    "tags": {
        "file_name": "503.mp3"
    },
    "version": {
        "essentia": "2.1-beta2",
        "essentia_git_sha": "v2.1_beta2",
        "extractor": "music 1.0"
    }
},
"rhythm": {
    "beats_count": 97,
    "beats_loudness": {
        "mean": 0.0432177633047,
        "var": 0.000975945964456
    },
    "bpm": 129.966705322,
    "bpm_histogram_first_peak_bpm": {
        "mean": 129,
        "var": 0
    },
    "bpm_histogram_first_peak_spread": {
        "mean": 0.333333313465,
        "var": 0
    },
    "bpm_histogram_first_peak_weight": {
        "mean": 0.666666686535,
        "var": 0
    },
    "bpm_histogram_second_peak_bpm": {
        "mean": 0,
        "var": 0
    },
    "bpm_histogram_second_peak_spread": {
        "mean": 0,
        "var": 0
    },
    "bpm_histogram_second_peak_weight": {
        "mean": 0,
        "var": 0
    },
    "danceability": 1.47983884811,
    "onset_rate": 4.98838663101,
    "beats_loudness_band_ratio": {
        "mean": [0.558855831623, 0.258860170841, 0.159786581993, 0.0492808222771, 0.0271618831903, 0.0337120443583],
        "var": [0.0380756929517, 0.0158163048327, 0.0150314467028, 0.000912972027436, 0.000305946188746, 0.00116175541189]
    },
    "beats_position": [0.487619042397, 0.96362811327, 1.42802715302, 1.89242625237, 2.35682535172, 2.82122445107, 3.27401351929, 3.73841261864, 4.20281171799, 4.66721057892, 5.13160991669, 5.58439922333, 6.03718805313, 6.5015873909, 6.96598625183, 7.4303855896, 7.89478445053, 8.35918331146, 8.82358264923, 9.27637195587, 9.74077033997, 10.1935596466, 10.6579589844, 11.1223583221, 11.5867567062, 12.051156044, 12.5155553818, 12.9799547195, 13.4443531036, 13.8971424103, 14.3499317169, 14.8143310547, 15.2787294388, 15.7431287766, 16.2075271606, 16.6603164673, 17.1131057739, 17.5775051117, 18.0419044495, 18.5063037872, 18.9590930939, 19.4118824005, 19.8878898621, 20.363899231, 20.8282985687, 21.2926979065, 21.7570972443, 22.2098865509, 22.6742858887, 23.1270751953, 23.5914726257, 24.0558719635, 24.5202713013, 24.984670639, 25.4374599457, 25.8902492523, 26.343038559, 26.7958278656, 27.2718353271, 27.747844696, 28.2122440338, 28.6766433716, 29.1294326782, 29.593832016, 30.0582313538, 30.5110206604, 30.9754180908, 31.4398174286, 31.9042167664, 32.357006073, 32.8097953796, 33.2741928101, 33.7385940552, 34.2029914856, 34.6673927307, 35.1317901611, 35.5961914063, 36.0605888367, 36.5133781433, 36.96616745, 37.4305648804, 37.8949661255, 38.3593635559, 38.8121528625, 39.2649421692, 39.7293434143, 40.1937408447, 40.6581382751, 41.1225395203, 41.5869369507, 42.0513381958, 42.5157356262, 42.9685249329, 43.4213142395, 43.8857116699, 44.350112915, 44.8145103455]
},
"tonal": {
    "chords_changes_rate": 0.0411522649229,
    "chords_number_rate": 0.00617283955216,
    "chords_strength": {
        "mean": 0.55996543169,
        "var": 0.0144011666998
    },
    "hpcp_entropy": {
        "mean": 1.60490524769,
        "var": 0.520632743835
    },
    "key_strength": 0.777354538441,
    "tuning_diatonic_strength": 0.631519734859,
    "tuning_equal_tempered_deviation": 0.0211534556001,
    "tuning_frequency": 439.745910645,
    "tuning_nontempered_energy_ratio": 0.636490523815,
    "hpcp": {
        "mean": [0.0228432752192, 0.0176867712289, 0.0621119439602, 0.105724625289, 0.0615875050426, 0.0236720796674, 0.0290661267936, 0.0331336371601, 0.0964750275016, 0.13129632175, 0.072108283639, 0.112857371569, 0.190255612135, 0.10808493942, 0.0208793841302, 0.0248518697917, 0.0679006054997, 0.20072568953, 0.289737433195, 0.172387883067, 0.0463346838951, 0.0220171101391, 0.0533540844917, 0.215806603432, 0.249398127198, 0.10018838197, 0.0788095593452, 0.129471033812, 0.0900223180652, 0.0440073609352, 0.0521272048354, 0.0604757815599, 0.242827802896, 0.473561108112, 0.307502776384, 0.0573932379484],
        "var": [0.0053765932098, 0.00434520281851, 0.0168535932899, 0.0453148521483, 0.0141081931069, 0.00890667550266, 0.0168522782624, 0.010544853285, 0.0365345701575, 0.0586828105152, 0.0164817683399, 0.040215972811, 0.105953522027, 0.0321429185569, 0.00385709502734, 0.00582308415323, 0.0278333891183, 0.0820577964187, 0.129901468754, 0.0571439750493, 0.0162893123925, 0.00799396261573, 0.0109594808891, 0.111007153988, 0.137842401862, 0.0271137319505, 0.0239470545202, 0.0749226734042, 0.0365070477128, 0.0166101157665, 0.0210208278149, 0.0195426791906, 0.0520183891058, 0.17177271843, 0.0926678478718, 0.0146106053144]
    },
    "chords_histogram": [17.6954727173, 17.3868312836, 46.0905342102, 0, 0, 0, 0, 0, 0, 0, 0, 0, 0, 0, 0, 0.308641970158, 0, 0.205761313438, 0, 4.21810722351, 1.95473253727, 0.205761313438, 11.9341564178, 0],
    "thpcp": [1, 0.649341285229, 0.12119499594, 0.0482372269034, 0.0373484455049, 0.131159305573, 0.223254457116, 0.130051866174, 0.0499873794615, 0.061377774924, 0.0699669718742, 0.203722447157, 0.277253180742, 0.15226817131, 0.238316386938, 0.401755154133, 0.228238627315, 0.0440901592374, 0.0524786971509, 0.14338298142, 0.423864394426, 0.611826896667, 0.364024579525, 0.0978430956602, 0.0464926473796, 0.112665683031, 0.455710142851, 0.526644051075, 0.211563780904, 0.166418984532, 0.273398786783, 0.190096512437, 0.0929285809398, 0.110074929893, 0.127704277635, 0.512769758701],
    "chords_key": "G#",
    "chords_scale": "major",
    "key_key": "C#",
    "key_scale": "major"
}
}