{
"lowlevel": {
    "average_loudness": 0.877082169056,
    "barkbands_crest": {
        "mean": 10.3391113281,
        "var": 15.5296325684
    },
    "barkbands_flatness_db": {
        "mean": 0.18800868094,
        "var": 0.00160159706138
    },
    "barkbands_kurtosis": {
        "mean": 0.723768353462,
        "var": 5.66828536987
    },
    "barkbands_skewness": {
        "mean": 0.814036846161,
        "var": 0.53047901392
    },
    "barkbands_spread": {
        "mean": 20.6587848663,
        "var": 81.0736999512
    },
    "dissonance": {
        "mean": 0.453002512455,
        "var": 0.00114250322804
    },
    "dynamic_complexity": 3.92017865181,
    "erbbands_crest": {
        "mean": 11.5459012985,
        "var": 22.8598155975
    },
    "erbbands_flatness_db": {
        "mean": 0.252149939537,
        "var": 0.00137629685923
    },
    "erbbands_kurtosis": {
        "mean": 0.199545457959,
        "var": 4.33214712143
    },
    "erbbands_skewness": {
        "mean": -0.170848861337,
        "var": 0.92085391283
    },
    "erbbands_spread": {
        "mean": 27.4099311829,
        "var": 95.5715637207
    },
    "hfc": {
        "mean": 13.9796152115,
        "var": 278.518554688
    },
    "melbands_crest": {
        "mean": 14.4342813492,
        "var": 26.8616905212
    },
    "melbands_flatness_db": {
        "mean": 0.234783947468,
        "var": 0.00206261011772
    },
    "melbands_kurtosis": {
        "mean": 3.76392412186,
        "var": 22.0345611572
    },
    "melbands_skewness": {
        "mean": 1.57577204704,
        "var": 0.85753428936
    },
    "melbands_spread": {
        "mean": 28.1415023804,
        "var": 247.688735962
    },
    "pitch_salience": {
        "mean": 0.546135306358,
        "var": 0.00933151412755
    },
    "silence_rate_20dB": {
        "mean": 1,
        "var": 0
    },
    "silence_rate_30dB": {
        "mean": 0.998970687389,
        "var": 0.00102828780655
    },
    "silence_rate_60dB": {
        "mean": 0.162120431662,
        "var": 0.135834306479
    },
    "spectral_centroid": {
        "mean": 1386.67175293,
        "var": 321168.65625
    },
    "spectral_complexity": {
        "mean": 14.2815237045,
        "var": 49.8636894226
    },
    "spectral_decrease": {
        "mean": -3.99552524399e-009,
        "var": 1.65911916799e-017
    },
    "spectral_energy": {
        "mean": 0.0163480248302,
        "var": 0.000276900420431
    },
    "spectral_energyband_high": {
        "mean": 9.25630374695e-005,
        "var": 6.47706244195e-008
    },
    "spectral_energyband_low": {
        "mean": 0.00131640280597,
        "var": 3.50925597559e-006
    },
    "spectral_energyband_middle_high": {
        "mean": 0.00443453155458,
        "var": 3.70479247067e-005
    },
    "spectral_energyband_middle_low": {
        "mean": 0.0110467700288,
        "var": 0.000171010426129
    },
    "spectral_entropy": {
        "mean": 7.09095287323,
        "var": 0.0806581154466
    },
    "spectral_flux": {
        "mean": 0.0617879517376,
        "var": 0.00150703697
    },
    "spectral_kurtosis": {
        "mean": 9.41799354553,
        "var": 28.3267021179
    },
    "spectral_rms": {
        "mean": 0.00355963339098,
        "var": 3.27828024638e-006
    },
    "spectral_rolloff": {
        "mean": 1637.95288086,
        "var": 1065676.875
    },
    "spectral_skewness": {
        "mean": 1.58633291721,
        "var": 0.26815700531
    },
    "spectral_spread": {
        "mean": 2216183,
        "var": 1.68810564813e+012
    },
    "spectral_strongpeak": {
        "mean": 1.25290894508,
        "var": 2.04734396935
    },
    "zerocrossingrate": {
        "mean": 0.0517236366868,
        "var": 0.000550875498448
    },
    "barkbands": {
        "mean": [0.000117965180834, 0.000421930541052, 0.00031419887091, 0.0016039183829, 0.00342762004584, 0.000354711839464, 0.00181238737423, 0.000516597763635, 0.00323059270158, 0.000422794109909, 0.000454543333035, 0.000125680744532, 0.000212504528463, 8.2877035311e-005, 0.00046692736214, 0.000876426580362, 0.000968353415374, 0.000717774964869, 7.37503942219e-005, 9.7644784546e-005, 3.38591780746e-005, 9.39910569286e-006, 3.09134634335e-006, 1.8029442117e-006, 6.14493615103e-007, 5.63888491456e-008, 7.61898810708e-009],
        "var": [1.92674640687e-008, 1.9695592357e-007, 3.36340320928e-007, 1.27843532027e-005, 5.02913280798e-005, 5.31925991254e-007, 1.39736184792e-005, 2.32657885135e-006, 3.77598043997e-005, 1.79503183517e-006, 8.20800039492e-007, 3.44457866674e-008, 1.30768000872e-007, 3.26865823297e-008, 7.13777694727e-007, 2.38672691921e-006, 4.21530012318e-006, 5.17143053003e-006, 1.16284830654e-008, 7.96004684389e-008, 1.98916900729e-008, 8.02003297107e-010, 7.62325480519e-011, 3.44035321065e-011, 4.85092088026e-012, 5.33970789677e-014, 1.2421918166e-015]
    },
    "erbbands": {
        "mean": [0.0139422584325, 0.0900755301118, 0.364831000566, 2.83259415627, 13.2137899399, 8.20318222046, 2.40568184853, 3.45910477638, 14.0081205368, 32.7615661621, 13.8833036423, 85.429649353, 23.5123634338, 21.5464420319, 11.8145151138, 6.42998600006, 9.16555118561, 6.81387996674, 10.6471395493, 45.6458473206, 49.2149963379, 51.4692573547, 46.003742218, 10.8445501328, 3.32976388931, 5.4388551712, 2.48262262344, 0.597779393196, 0.320645362139, 0.243459478021, 0.0729980841279, 0.0448673665524, 0.025927323848, 0.011231392622, 0.00176317570731, 0.000332904426614, 8.97373975022e-005, 3.14225326292e-005, 9.76132560027e-006, 1.95207285287e-005],
        "var": [0.000200029782718, 0.0119099635631, 0.36096405983, 34.3224487305, 760.075256348, 235.952362061, 23.4203338623, 61.2221755981, 709.341186523, 3898.68212891, 332.37322998, 29214.6269531, 1715.10803223, 4249.25341797, 569.49230957, 80.1244354248, 171.144515991, 138.753601074, 315.573791504, 7418.18066406, 7883.98486328, 10599.7802734, 18805.1425781, 260.94744873, 40.4395599365, 300.997680664, 85.1105651855, 3.23494338989, 0.793564140797, 0.613896727562, 0.0383241288364, 0.0161663740873, 0.00846715085208, 0.00159113481641, 3.34370597557e-005, 1.58046259457e-006, 1.50733896476e-007, 1.91077091927e-008, 1.14193349221e-010, 3.97729238433e-010]
    },
    "gfcc": {
        "mean": [-89.6758956909, 157.563934326, -169.853164673, 32.8040504456, -39.4340858459, -12.0068759918, -32.7547035217, 8.56785964966, -3.50316572189, -25.9391613007, -11.8511075974, -14.5470323563, -0.693859279156],
        "cov": [[4908.73046875, 170.721343994, -727.924072266, 51.8018608093, -256.446685791, -239.715316772, -68.1704559326, -58.4916610718, 47.8954925537, -165.66746521, -276.033691406, -355.68951416, -15.8875322342], [170.721343994, 593.7265625, -86.5083236694, -266.575927734, -19.6977119446, -95.6210327148, 43.3650741577, -13.9430208206, 91.2346343994, -76.5168457031, 75.1752548218, -120.572982788, -25.5130519867], [-727.924072266, -86.5083236694, 326.283569336, 55.6743774414, 43.0457305908, 33.8348731995, -38.1016845703, 30.4874916077, 3.96160984039, 64.0272827148, 4.33422803879, 62.7475662231, -59.2448730469], [51.8018608093, -266.575927734, 55.6743774414, 336.087127686, 84.0785446167, 55.6502456665, -58.4903144836, -50.9633979797, -79.8695602417, 21.3261146545, -31.5850334167, 42.6657066345, 23.443069458], [-256.446685791, -19.6977119446, 43.0457305908, 84.0785446167, 134.347717285, 47.9368629456, -3.65668320656, -34.5812721252, -42.9735221863, 2.47896432877, 17.3281726837, 28.8713207245, -3.56321573257], [-239.715316772, -95.6210327148, 33.8348731995, 55.6502456665, 47.9368629456, 136.321472168, 15.4462547302, 4.89931631088, -39.2424163818, 21.0338821411, 15.2331361771, 59.1897773743, 13.4658231735], [-68.1704559326, 43.3650741577, -38.1016845703, -58.4903144836, -3.65668320656, 15.4462547302, 93.5904464722, 42.4044342041, 16.1180763245, -10.6424045563, 10.7912969589, 2.57665801048, 14.9218406677], [-58.4916610718, -13.9430208206, 30.4874916077, -50.9633979797, -34.5812721252, 4.89931631088, 42.4044342041, 113.477783203, 64.2070083618, 33.0183906555, -0.565084338188, 12.4084758759, -20.0669441223], [47.8954925537, 91.2346343994, 3.96160984039, -79.8695602417, -42.9735221863, -39.2424163818, 16.1180763245, 64.2070083618, 118.453330994, 32.8457107544, 5.73629665375, -41.2279205322, -30.4704475403], [-165.66746521, -76.5168457031, 64.0272827148, 21.3261146545, 2.47896432877, 21.0338821411, -10.6424045563, 33.0183906555, 32.8457107544, 94.0237579346, 22.9226818085, 25.9609584808, -27.3163642883], [-276.033691406, 75.1752548218, 4.33422803879, -31.5850334167, 17.3281726837, 15.2331361771, 10.7912969589, -0.565084338188, 5.73629665375, 22.9226818085, 98.3372192383, 46.1995735168, -1.15941083431], [-355.68951416, -120.572982788, 62.7475662231, 42.6657066345, 28.8713207245, 59.1897773743, 2.57665801048, 12.4084758759, -41.2279205322, 25.9609584808, 46.1995735168, 138.80480957, 33.5318565369], [-15.8875322342, -25.5130519867, -59.2448730469, 23.443069458, -3.56321573257, 13.4658231735, 14.9218406677, -20.0669441223, -30.4704475403, -27.3163642883, -1.15941083431, 33.5318565369, 101.440414429]],
        "icov": [[0.000592268479522, -0.000757501926273, 0.00159654056188, -0.00088530802168, 0.000936627970077, 0.000181124269147, 0.000516454107128, -0.000272184086498, 0.000268420611974, -0.000467901496449, 0.00203488860279, -0.000623563362751, 0.00110232981388], [-0.000757501926273, 0.0073912278749, -0.00308957649395, 0.00456320354715, -0.0035166235175, 0.000486475240905, -0.000598532089498, 0.00164072168991, -0.00381226488389, 0.0062871882692, -0.00986625254154, 0.00646451255307, -0.00259590195492], [0.00159654056188, -0.00308957649395, 0.00933966506273, -0.00293616531417, 0.00155885401182, 0.000411907298258, 0.00305087608285, -0.00183022930287, 0.000930640671868, -0.00358834420331, 0.00827634427696, -0.00557260261849, 0.00604540668428], [-0.00088530802168, 0.00456320354715, -0.00293616531417, 0.00832317676395, -0.00523757562041, -0.000409709929954, 0.0019174622139, 0.000839193060528, -2.57976662397e-005, 0.00137922493741, -0.00453143147752, 0.00378142017871, -0.00381305324845], [0.000936627970077, -0.0035166235175, 0.00155885401182, -0.00523757562041, 0.0141223510727, -0.00249833799899, -0.00229047052562, 0.00302654830739, 0.00201560067944, -0.0016269859625, 0.00354720186442, -0.0031924052164, 0.00440955907106], [0.000181124269147, 0.000486475240905, 0.000411907298258, -0.000409709929954, -0.00249833799899, 0.0113584538922, -0.00226310128346, -0.00142023526132, 0.00309723056853, -0.00229945615865, 0.00021753674082, -0.00203349604271, -7.18206720194e-005], [0.000516454107128, -0.000598532089498, 0.00305087608285, 0.0019174622139, -0.00229047052562, -0.00226310128346, 0.0188655834645, -0.00984547659755, 0.00197140709497, 0.00224863109179, -0.000484160729684, 0.00176675338298, -0.00262560206465], [-0.000272184086498, 0.00164072168991, -0.00183022930287, 0.000839193060528, 0.00302654830739, -0.00142023526132, -0.00984547659755, 0.0225614849478, -0.011756320484, -0.000909481197596, 0.00282263872214, -0.00565263582394, 0.00343791954219], [0.000268420611974, -0.00381226488389, 0.000930640671868, -2.57976662397e-005, 0.00201560067944, 0.00309723056853, 0.00197140709497, -0.011756320484, 0.0231129582971, -0.00939337257296, 0.00119395251386, 0.00455996580422, -0.000403814687161], [-0.000467901496449, 0.0062871882692, -0.00358834420331, 0.00137922493741, -0.0016269859625, -0.00229945615865, 0.00224863109179, -0.000909481197596, -0.00939337257296, 0.0237926859409, -0.0115829128772, 0.00313269137405, 0.0012484662002], [0.00203488860279, -0.00986625254154, 0.00827634427696, -0.00453143147752, 0.00354720186442, 0.00021753674082, -0.000484160729684, 0.00282263872214, 0.00119395251386, -0.0115829128772, 0.0315140262246, -0.0165625866503, 0.00751809263602], [-0.000623563362751, 0.00646451255307, -0.00557260261849, 0.00378142017871, -0.0031924052164, -0.00203349604271, 0.00176675338298, -0.00565263582394, 0.00455996580422, 0.00313269137405, -0.0165625866503, 0.0231458134949, -0.00944759137928], [0.00110232981388, -0.00259590195492, 0.00604540668428, -0.00381305324845, 0.00440955907106, -7.18206720194e-005, -0.00262560206465, 0.00343791954219, -0.000403814687161, 0.0012484662002, 0.00751809263602, -0.00944759137928, 0.0184442326427]]
    },
    "melbands": {
        "mean": [0.000121194643725, 0.000154101653607, 0.000796849431936, 0.000919268466532, 9.44819184951e-005, 7.17968141544e-005, 0.000273933197604, 0.000314219709253, 0.000133332694531, 0.000553159625269, 9.77591262199e-005, 8.2675498561e-005, 5.57939129067e-005, 1.16713817988e-005, 1.71559622686e-005, 2.21747959586e-005, 1.09803559099e-005, 1.16882547445e-005, 4.19285643147e-005, 6.47143388051e-005, 5.79900261073e-005, 5.79978550377e-005, 4.44821016572e-005, 3.31774062943e-005, 6.05629429629e-006, 2.28978319683e-006, 2.71774456451e-006, 3.53307223122e-006, 1.91960293705e-006, 5.57849034521e-007, 2.4725466119e-007, 1.54720694923e-007, 2.1163073427e-007, 1.01779676243e-007, 4.15784455754e-008, 3.09199030823e-008, 2.47768827677e-008, 1.77810939306e-008, 1.62437086004e-008, 7.13558767629e-009],
        "var": [1.39727438508e-008, 5.64104070122e-008, 2.32344291362e-006, 3.41569443663e-006, 2.31770371784e-008, 2.48579219431e-008, 3.06611582346e-007, 3.6394669678e-007, 4.82658606415e-008, 1.32341358494e-006, 3.26069979906e-008, 7.14070651497e-008, 1.34623192594e-008, 2.38078473602e-010, 4.73307060211e-010, 1.73228376088e-009, 4.83576401145e-010, 4.47821613125e-010, 5.50935475019e-009, 1.32169741818e-008, 1.30048976033e-008, 1.69788396676e-008, 2.36143300469e-008, 5.69255131921e-009, 6.62061794277e-011, 1.52847404872e-011, 5.67853715439e-011, 1.33807409597e-010, 7.25052934358e-011, 4.25443664673e-012, 6.15453976845e-013, 1.76831219481e-013, 5.13599145852e-013, 1.01262009574e-013, 1.46146725906e-014, 5.88575878234e-015, 6.34520808766e-015, 4.66327763419e-015, 4.10207341388e-015, 5.81414214665e-016]
    },
    "mfcc": {
        "mean": [-713.352355957, 171.796447754, -52.8146858215, 35.2181358337, 11.111084938, -12.5501842499, -13.7592258453, 15.8321752548, 6.92909002304, -1.32656931877, -4.51214790344, 0.820685386658, -6.58810806274],
        "cov": [[3791.04785156, -100.121917725, -395.988708496, 69.125541687, -217.340957642, -130.494750977, -187.720932007, -116.866844177, 195.408004761, 75.1782913208, -185.516082764, -75.7801055908, -29.2078151703], [-100.121917725, 724.88671875, -79.9353179932, -175.697387695, -83.2971420288, -119.440185547, -51.1689529419, 22.0655841827, -52.9991226196, 50.0483512878, 94.3518066406, 20.3249549866, -58.798866272], [-395.988708496, -79.9353179932, 214.066085815, 36.4929008484, 48.523601532, 12.6980457306, -15.2396306992, -5.27136707306, -7.4827747345, -8.99833297729, 55.748550415, 26.6922168732, -13.8455953598], [69.125541687, -175.697387695, 36.4929008484, 195.204727173, 82.9879684448, 41.4260749817, 6.06799316406, -24.9242858887, -3.00849676132, -11.3827238083, -42.6540794373, -17.7552719116, 20.2437839508], [-217.340957642, -83.2971420288, 48.523601532, 82.9879684448, 132.160980225, 72.8199005127, 20.8862609863, -12.2768764496, -32.320766449, -17.0412521362, -3.25413393974, -9.77290534973, 10.2965536118], [-130.494750977, -119.440185547, 12.6980457306, 41.4260749817, 72.8199005127, 123.44178772, 58.911075592, -4.27305221558, -23.6142978668, -33.2846260071, -30.2785587311, -17.2636070251, 17.6909313202], [-187.720932007, -51.1689529419, -15.2396306992, 6.06799316406, 20.8862609863, 58.911075592, 100.912361145, 35.5569648743, -16.9540252686, -26.9559326172, -29.7144985199, -13.3619728088, 18.7862949371], [-116.866844177, 22.0655841827, -5.27136707306, -24.9242858887, -12.2768764496, -4.27305221558, 35.5569648743, 80.0892486572, 16.7310237885, -11.5086479187, 7.25254869461, 2.00359606743, -4.6186504364], [195.408004761, -52.9991226196, -7.4827747345, -3.00849676132, -32.320766449, -23.6142978668, -16.9540252686, 16.7310237885, 101.142982483, 35.3075561523, -18.4922981262, 6.69437456131, -1.51024627686], [75.1782913208, 50.0483512878, -8.99833297729, -11.3827238083, -17.0412521362, -33.2846260071, -26.9559326172, -11.5086479187, 35.3075561523, 86.4581604004, 43.9125900269, 7.31029558182, -11.9895572662], [-185.516082764, 94.3518066406, 55.748550415, -42.6540794373, -3.25413393974, -30.2785587311, -29.7144985199, 7.25254869461, -18.4922981262, 43.9125900269, 145.468658447, 56.2258834839, -32.624546051], [-75.7801055908, 20.3249549866, 26.6922168732, -17.7552719116, -9.77290534973, -17.2636070251, -13.3619728088, 2.00359606743, 6.69437456131, 7.31029558182, 56.2258834839, 86.6170730591, 6.52073192596], [-29.2078151703, -58.798866272, -13.8455953598, 20.2437839508, 10.2965536118, 17.6909313202, 18.7862949371, -4.6186504364, -1.51024627686, -11.9895572662, -32.624546051, 6.52073192596, 68.6848831177]],
        "icov": [[0.000514200131875, 0.000102575402707, 0.000975656555966, -0.000514436222147, 0.000741728581488, -0.000218428205699, 0.000870231597219, 0.000540911278222, -0.000713141751476, 0.000238249602262, 7.03938130755e-005, 0.000137422946864, 0.00044448528206], [0.000102575402707, 0.00257091759704, 0.000968558131717, 0.00163716718089, -0.000473461812362, 0.00169301172718, 0.000826571776997, -0.00103508867323, 0.00250173150562, -0.00158895761706, 0.000404058722779, -0.000461079616798, 0.00130978052039], [0.000975656555966, 0.000968558131717, 0.0085619809106, -0.00147158210166, -0.000840104708914, 0.00040977797471, 0.00204595807008, 0.00175920710899, -0.00278822914697, 0.00343412626535, -0.00378851569258, 0.000204756928724, 0.00170200504363], [-0.000514436222147, 0.00163716718089, -0.00147158210166, 0.00989227928221, -0.00651501724496, 0.00243470421992, -0.000475864537293, 0.000213316539885, 0.00166384526528, -0.00199241144583, 0.00291356700473, -0.00050161924446, -0.000415079033701], [0.000741728581488, -0.000473461812362, -0.000840104708914, -0.00651501724496, 0.0181443411857, -0.00979191903025, 0.00370081630535, -0.000907154055312, 0.0025296958629, -0.0011688391678, -0.000886961002834, 0.000869553128723, -0.000262482557446], [-0.000218428205699, 0.00169301172718, 0.00040977797471, 0.00243470421992, -0.00979191903025, 0.0204189475626, -0.0107102775946, 0.00520679214969, -0.00119996012654, 0.00377787207253, -0.00101653649472, 0.00139327580109, 0.000227626936976], [0.000870231597219, 0.000826571776997, 0.00204595807008, -0.000475864537293, 0.00370081630535, -0.0107102775946, 0.0233054365963, -0.0114390552044, 0.00546795874834, -0.00344303599559, 0.00464214896783, -0.00105148379225, -0.00148540525697], [0.000540911278222, -0.00103508867323, 0.00175920710899, 0.000213316539885, -0.000907154055312, 0.00520679214969, -0.0114390552044, 0.0233489647508, -0.0112937400118, 0.00983110908419, -0.00728998240083, 0.00356374680996, 0.000796174805146], [-0.000713141751476, 0.00250173150562, -0.00278822914697, 0.00166384526528, 0.0025296958629, -0.00119996012654, 0.00546795874834, -0.0112937400118, 0.023538665846, -0.0150750987232, 0.0112358294427, -0.00687600579113, 0.00233654095791], [0.000238249602262, -0.00158895761706, 0.00343412626535, -0.00199241144583, -0.0011688391678, 0.00377787207253, -0.00344303599559, 0.00983110908419, -0.0150750987232, 0.0262558162212, -0.014201970771, 0.00732321944088, -0.00236378842965], [7.03938130755e-005, 0.000404058722779, -0.00378851569258, 0.00291356700473, -0.000886961002834, -0.00101653649472, 0.00464214896783, -0.00728998240083, 0.0112358294427, -0.014201970771, 0.0220235902816, -0.0121622150764, 0.00677187601104], [0.000137422946864, -0.000461079616798, 0.000204756928724, -0.00050161924446, 0.000869553128723, 0.00139327580109, -0.00105148379225, 0.00356374680996, -0.00687600579113, 0.00732321944088, -0.0121622150764, 0.0200485195965, -0.00666225329041], [0.00044448528206, 0.00130978052039, 0.00170200504363, -0.000415079033701, -0.000262482557446, 0.000227626936976, -0.00148540525697, 0.000796174805146, 0.00233654095791, -0.00236378842965, 0.00677187601104, -0.00666225329041, 0.0202633012086]]
    },
    "spectral_contrast_coeffs": {
        "mean": [-0.613830089569, -0.687837660313, -0.699810624123, -0.755813002586, -0.718215882778, -0.752718865871],
        "var": [0.00926997419447, 0.00875693000853, 0.00739159341902, 0.00357062928379, 0.00158621766604, 0.000937901844736]
    },
    "spectral_contrast_valleys": {
        "mean": [-7.92267751694, -7.49650526047, -7.94522190094, -7.91767072678, -8.12733745575, -12.1067419052],
        "var": [0.670986413956, 0.786034345627, 0.721668124199, 0.711541295052, 0.801665186882, 0.580168843269]
    }
},
"metadata": {
    "audio_properties": {
        "analysis_sample_rate": 44100,
        "bit_rate": 104627,
        "equal_loudness": 0,
        "length": 45.0873451233,
        "lossless": 0,
        "replay_gain": -5.35224914551,
        "sample_rate": 44100,
        "codec": "mp3",
        "downmix": "mix",
        "md5_encoded": "2e68bce2529bfe133d4a5788ea66039b"
    },
    "tags": {
        "file_name": "504.mp3"
    },
    "version": {
        "essentia": "2.1-beta2",
        "essentia_git_sha": "v2.1_beta2",
        "extractor": "music 1.0"
    }
},
"rhythm": {
    "beats_count": 111,
    "beats_loudness": {
        "mean": 0.0257140360773,
        "var": 0.000501917907968
    },
    "bpm": 148.392745972,
    "bpm_histogram_first_peak_bpm": {
        "mean": 148,
        "var": 0
    },
    "bpm_histogram_first_peak_spread": {
        "mean": 0.578947365284,
        "var": 0
    },
    "bpm_histogram_first_peak_weight": {
        "mean": 0.145454540849,
        "var": 0
    },
    "bpm_histogram_second_peak_bpm": {
        "mean": 157,
        "var": 0
    },
    "bpm_histogram_second_peak_spread": {
        "mean": 0.333333343267,
        "var": 0
    },
    "bpm_histogram_second_peak_weight": {
        "mean": 0.127272725105,
        "var": 0
    },
    "danceability": 1.09168195724,
    "onset_rate": 3.56946802139,
    "beats_loudness_band_ratio": {
        "mean": [0.271814495325, 0.193844690919, 0.315762430429, 0.0922167748213, 0.201721340418, 0.0121365664527],
        "var": [0.0439473949373, 0.0342855751514, 0.0628386586905, 0.0142854293808, 0.0196631979197, 0.000124250931549]
    },
    "beats_position": [0.429569154978, 0.859138309956, 1.31192743778, 1.764716506, 2.19428563118, 2.6470746994, 3.08825397491, 3.52943301201, 3.97061228752, 4.43501138687, 4.87619018555, 5.31736946106, 5.75854873657, 6.18811798096, 6.60607719421, 7.01242637634, 7.41877555847, 7.80190467834, 8.19664382935, 8.57977294922, 8.96290206909, 9.36925125122, 9.76399040222, 10.1471195221, 10.5186395645, 10.8901586533, 11.261677742, 11.6448068619, 12.0163259506, 12.3994560242, 12.8058052063, 13.2121543884, 13.5836734772, 13.9551925659, 14.3267116547, 14.6866207123, 15.1277999878, 15.5689792633, 16.0217685699, 16.4281177521, 16.8344669342, 17.2292060852, 17.6239452362, 18.0070743561, 18.390203476, 18.7733325958, 19.1564617157, 19.5395908356, 19.9459400177, 20.3522891998, 20.758638382, 21.1765975952, 21.6061668396, 22.035736084, 22.430475235, 22.825214386, 23.2315635681, 23.6379127502, 24.0326519012, 24.4273910522, 24.8221302032, 25.2168693542, 25.6000003815, 25.9831295013, 26.3778686523, 26.7842178345, 27.1789569855, 27.5736961365, 27.9568252563, 28.3051242828, 28.6650333405, 29.0133323669, 29.3500213623, 29.6983222961, 30.0350112915, 30.383310318, 30.7432193756, 31.0915184021, 31.4398174286, 31.776506424, 32.1131973267, 32.4382743835, 32.7633552551, 33.0884361267, 33.4251251221, 33.7850341797, 34.2378234863, 34.690612793, 35.1434020996, 35.5961914063, 36.0373687744, 36.4785499573, 36.9197273254, 37.3609046936, 37.8136940002, 38.2664833069, 38.6960525513, 39.1256217957, 39.55519104, 39.9615402222, 40.3795013428, 40.7742385864, 41.1805877686, 41.5869369507, 42.0048980713, 42.4228553772, 42.8408164978, 43.2587738037, 43.6883430481, 44.1179122925, 44.5358734131]
},
"tonal": {
    "chords_changes_rate": 0.0483539104462,
    "chords_number_rate": 0.0113168722019,
    "chords_strength": {
        "mean": 0.509248554707,
        "var": 0.0115291485563
    },
    "hpcp_entropy": {
        "mean": 1.92291772366,
        "var": 0.529923439026
    },
    "key_strength": 0.522322535515,
    "tuning_diatonic_strength": 0.411875516176,
    "tuning_equal_tempered_deviation": 0.184802383184,
    "tuning_frequency": 438.731048584,
    "tuning_nontempered_energy_ratio": 0.860792279243,
    "hpcp": {
        "mean": [0.203477248549, 0.224420577288, 0.164099350572, 0.133893862367, 0.156209185719, 0.151467993855, 0.182774275541, 0.186650395393, 0.116202756763, 0.0884948670864, 0.0702445879579, 0.0645607933402, 0.0657335668802, 0.0452658385038, 0.057760193944, 0.13174764812, 0.16271482408, 0.114796407521, 0.0958872586489, 0.129347279668, 0.190382450819, 0.201283931732, 0.149014607072, 0.218995943666, 0.343404084444, 0.277168810368, 0.134584084153, 0.0805571451783, 0.0921583473682, 0.119946844876, 0.167044520378, 0.194517061114, 0.154006645083, 0.104672327638, 0.102827973664, 0.140738219023],
        "var": [0.0793466046453, 0.0920957475901, 0.059832714498, 0.0567780360579, 0.0633221417665, 0.0590673387051, 0.0508681870997, 0.0729554444551, 0.0352460220456, 0.0251398533583, 0.0119517426938, 0.0135130695999, 0.0162997171283, 0.0079004066065, 0.0116345947608, 0.0490967258811, 0.0537550710142, 0.0274596661329, 0.0284828636795, 0.0539064072073, 0.063953012228, 0.0760470554233, 0.0379716902971, 0.0744526386261, 0.123874783516, 0.0926383882761, 0.0319441221654, 0.0187796410173, 0.0253479983658, 0.0364099182189, 0.0694974884391, 0.0801278501749, 0.062097646296, 0.0381909273565, 0.0450745560229, 0.0613068342209]
    },
    "chords_histogram": [3.80658435822, 17.2839508057, 8.23045253754, 17.9012336731, 0, 15.7407407761, 0.720164597034, 0, 6.27572011948, 0, 0.308641970158, 0, 2.77777767181, 2.05761313438, 0, 0, 0, 10.5967073441, 0.102880656719, 3.18930029869, 0, 0, 11.0082302094, 0],
    "thpcp": [1, 0.807121455669, 0.391911715269, 0.234584122896, 0.268367081881, 0.349287778139, 0.4864372015, 0.566437840462, 0.448470622301, 0.304808050394, 0.299437254667, 0.409832686186, 0.592530071735, 0.653517484665, 0.477860808372, 0.389901787043, 0.454884469509, 0.441078007221, 0.532242596149, 0.543529927731, 0.338384896517, 0.257698923349, 0.204553738236, 0.188002407551, 0.19141754508, 0.131815090775, 0.168198913336, 0.383651942015, 0.473829030991, 0.334289580584, 0.279225736856, 0.376662015915, 0.554397761822, 0.58614307642, 0.433933705091, 0.637720823288],
    "chords_key": "A",
    "chords_scale": "minor",
    "key_key": "A#",
    "key_scale": "major"
}
}