{
"lowlevel": {
    "average_loudness": 0.858357965946,
    "barkbands_crest": {
        "mean": 12.7456035614,
        "var": 16.0107040405
    },
    "barkbands_flatness_db": {
        "mean": 0.296757698059,
        "var": 0.00328759243712
    },
    "barkbands_kurtosis": {
        "mean": 8.67436122894,
        "var": 62.9845695496
    },
    "barkbands_skewness": {
        "mean": 1.51990628242,
        "var": 1.38491725922
    },
    "barkbands_spread": {
        "mean": 3.21884822845,
        "var": 14.7122907639
    },
    "dissonance": {
        "mean": 0.376012414694,
        "var": 0.00423242850229
    },
    "dynamic_complexity": 3.46568846703,
    "erbbands_crest": {
        "mean": 13.9826965332,
        "var": 21.9426345825
    },
    "erbbands_flatness_db": {
        "mean": 0.320742160082,
        "var": 0.00500384578481
    },
    "erbbands_kurtosis": {
        "mean": 4.84451007843,
        "var": 18.8588008881
    },
    "erbbands_skewness": {
        "mean": 1.17431271076,
        "var": 0.630201876163
    },
    "erbbands_spread": {
        "mean": 8.64311218262,
        "var": 103.252449036
    },
    "hfc": {
        "mean": 12.4166059494,
        "var": 71.133644104
    },
    "melbands_crest": {
        "mean": 15.9896640778,
        "var": 23.556306839
    },
    "melbands_flatness_db": {
        "mean": 0.38664200902,
        "var": 0.00307405227795
    },
    "melbands_kurtosis": {
        "mean": 6.92401742935,
        "var": 72.670425415
    },
    "melbands_skewness": {
        "mean": 1.31526184082,
        "var": 1.32560145855
    },
    "melbands_spread": {
        "mean": 4.75091314316,
        "var": 33.2218170166
    },
    "pitch_salience": {
        "mean": 0.5736297369,
        "var": 0.0122876297683
    },
    "silence_rate_20dB": {
        "mean": 1,
        "var": 0
    },
    "silence_rate_30dB": {
        "mean": 1,
        "var": 0
    },
    "silence_rate_60dB": {
        "mean": 0.09006690979,
        "var": 0.0819547697902
    },
    "spectral_centroid": {
        "mean": 501.526672363,
        "var": 189672.09375
    },
    "spectral_complexity": {
        "mean": 9.2979927063,
        "var": 7.98273944855
    },
    "spectral_decrease": {
        "mean": -6.63851329463e-009,
        "var": 2.01647939059e-017
    },
    "spectral_energy": {
        "mean": 0.0261814296246,
        "var": 0.000313140481012
    },
    "spectral_energyband_high": {
        "mean": 1.07834011942e-005,
        "var": 4.25282786765e-009
    },
    "spectral_energyband_low": {
        "mean": 0.000435260997619,
        "var": 3.22083849369e-007
    },
    "spectral_energyband_middle_high": {
        "mean": 0.00126763898879,
        "var": 2.51742972068e-006
    },
    "spectral_energyband_middle_low": {
        "mean": 0.0248390566558,
        "var": 0.000287715432933
    },
    "spectral_entropy": {
        "mean": 5.89335346222,
        "var": 0.272502094507
    },
    "spectral_flux": {
        "mean": 0.0561474189162,
        "var": 0.000974119582679
    },
    "spectral_kurtosis": {
        "mean": 48.3439216614,
        "var": 561.34173584
    },
    "spectral_rms": {
        "mean": 0.00469191046432,
        "var": 3.52884535459e-006
    },
    "spectral_rolloff": {
        "mean": 648.156066895,
        "var": 657443
    },
    "spectral_skewness": {
        "mean": 5.35119056702,
        "var": 2.25398421288
    },
    "spectral_spread": {
        "mean": 1941039.875,
        "var": 4.15466337075e+012
    },
    "spectral_strongpeak": {
        "mean": 1.54653060436,
        "var": 0.875680267811
    },
    "zerocrossingrate": {
        "mean": 0.0257379245013,
        "var": 0.00052219000645
    },
    "barkbands": {
        "mean": [2.44838088292e-006, 3.29430622514e-005, 0.000129935855512, 0.00033797082142, 0.00246786838397, 0.00837653502822, 0.00692684436217, 0.00328610418364, 0.00313925230876, 0.000921480648685, 0.000231778452871, 0.000159543793416, 6.76958152326e-005, 2.97894093819e-005, 2.87161037704e-005, 1.95976335817e-005, 7.32851276553e-006, 2.62981848209e-006, 1.68642066001e-006, 2.19403250412e-006, 3.28884470946e-006, 2.31248395721e-006, 1.88066849205e-006, 5.65902837479e-007, 4.21459304789e-007, 5.95847950535e-007, 5.80888652735e-008],
        "var": [6.41617037278e-011, 7.91260035271e-009, 2.91476887071e-008, 2.14920675035e-007, 1.06048355519e-005, 0.000101817779068, 9.61804544204e-005, 1.78434420377e-005, 1.78542904905e-005, 2.55100849245e-006, 3.26232310499e-007, 4.0949618807e-008, 1.03331387891e-008, 2.03193328829e-009, 2.05666150777e-009, 5.45261780172e-010, 1.42277661874e-010, 9.72105659858e-011, 7.8167458617e-011, 4.07161075688e-011, 2.13823181383e-009, 1.42871303677e-009, 4.02658795196e-010, 7.35127150125e-012, 1.69375581269e-013, 3.23236202344e-013, 3.28910326133e-015]
    },
    "erbbands": {
        "mean": [0.00100397202186, 0.00826951675117, 0.0923769697547, 0.925450444221, 1.05470442772, 6.97907590866, 35.6752357483, 89.0059890747, 105.67338562, 72.5508270264, 79.2395019531, 59.7513465881, 61.1488113403, 27.1449489594, 8.04528903961, 4.94975233078, 2.85350775719, 2.54089188576, 1.34032332897, 1.1377915144, 0.903917789459, 0.416792958975, 0.19044265151, 0.0979630872607, 0.0783959701657, 0.0719374418259, 0.10288374871, 0.153051093221, 0.124353803694, 0.0694621354342, 0.04203806445, 0.0142442872748, 0.00788797345012, 0.00459270505235, 0.00310858106241, 0.00206218613312, 0.00118906772695, 0.000270207208814, 1.82322783076e-005, 2.95936897601e-005],
        "var": [6.89129228704e-006, 0.000467191362986, 0.0133892651647, 1.54413449764, 2.35299515724, 73.9435424805, 1712.82775879, 15098.3076172, 14566.0507813, 17182.4785156, 8935.37011719, 6274.31103516, 7871.91748047, 1828.74841309, 124.957862854, 30.6730651855, 15.3358869553, 12.5090970993, 3.41518878937, 1.94553780556, 1.55974936485, 0.476468771696, 0.303275465965, 0.229075118899, 0.152508437634, 0.0789080858231, 0.107546463609, 5.19574832916, 3.96987342834, 0.4348782897, 0.172239631414, 0.00675247702748, 0.00101163994987, 2.02355149668e-005, 1.06028246591e-005, 4.59188959212e-006, 1.22834956073e-006, 5.72912064456e-008, 5.48905157438e-011, 3.92024523954e-010]
    },
    "gfcc": {
        "mean": [-125.938720703, 156.141204834, -99.2536087036, -52.0670433044, -82.1381759644, -24.3129463196, -48.1604118347, -3.70116901398, -19.7344436646, -1.90328598022, -17.3799953461, -0.633018910885, -6.84855127335],
        "cov": [[2673.69213867, 698.054260254, -575.149780273, -491.643615723, -205.011917114, -228.840988159, -79.4077301025, -66.0527954102, 43.8322486877, -27.9905071259, 33.9166259766, -10.8850336075, 135.024673462], [698.054260254, 608.633666992, -283.727600098, -555.168884277, -94.642364502, -217.433120728, -19.4452056885, -51.1991691589, 79.0519332886, -48.3125534058, 49.5631027222, -40.2397613525, 148.98387146], [-575.149780273, -283.727600098, 539.900878906, 509.202911377, 55.8964347839, 219.107131958, 41.114944458, 69.8154830933, -57.3428993225, 31.6416893005, -71.1789245605, -13.2614498138, -167.047180176], [-491.643615723, -555.168884277, 509.202911377, 834.497375488, 120.91721344, 282.290863037, 64.4770584106, 74.1377258301, -95.4654693604, 66.2498626709, -84.0011291504, 11.0137472153, -207.575408936], [-205.011917114, -94.642364502, 55.8964347839, 120.91721344, 138.07232666, 83.0253143311, -7.15788698196, 27.5550918579, -2.46249365807, 5.01810646057, 17.3771038055, 29.2768535614, -28.9215087891], [-228.840988159, -217.433120728, 219.107131958, 282.290863037, 83.0253143311, 216.026535034, 29.9554271698, 44.0201339722, -28.5670433044, 5.86457490921, -39.778011322, 11.5386009216, -111.834609985], [-79.4077301025, -19.4452056885, 41.114944458, 64.4770584106, -7.15788698196, 29.9554271698, 99.6966247559, 30.5906677246, -7.37504768372, 19.2660522461, -18.7710266113, -28.5315361023, -8.44198131561], [-66.0527954102, -51.1991691589, 69.8154830933, 74.1377258301, 27.5550918579, 44.0201339722, 30.5906677246, 81.6747436523, 10.6458110809, 3.52555131912, -4.03958559036, 5.17445659637, -28.2665596008], [43.8322486877, 79.0519332886, -57.3428993225, -95.4654693604, -2.46249365807, -28.5670433044, -7.37504768372, 10.6458110809, 78.1736679077, -3.80818486214, 25.5185985565, 21.1330318451, 30.5867538452], [-27.9905071259, -48.3125534058, 31.6416893005, 66.2498626709, 5.01810646057, 5.86457490921, 19.2660522461, 3.52555131912, -3.80818486214, 58.3617210388, 14.6931495667, 2.46773147583, 2.88076090813], [33.9166259766, 49.5631027222, -71.1789245605, -84.0011291504, 17.3771038055, -39.778011322, -18.7710266113, -4.03958559036, 25.5185985565, 14.6931495667, 89.0178833008, 54.1853523254, 38.5670547485], [-10.8850336075, -40.2397613525, -13.2614498138, 11.0137472153, 29.2768535614, 11.5386009216, -28.5315361023, 5.17445659637, 21.1330318451, 2.46773147583, 54.1853523254, 95.2704620361, 19.6220321655], [135.024673462, 148.98387146, -167.047180176, -207.575408936, -28.9215087891, -111.834609985, -8.44198131561, -28.2665596008, 30.5867538452, 2.88076090813, 38.5670547485, 19.6220321655, 131.190338135]],
        "icov": [[0.00212983810343, -0.00559721980244, 0.00531868543476, -0.0042577222921, 0.00450410274789, -0.0035177662503, 0.00408608699217, -0.0032020653598, 0.00232381816022, -0.00299058388919, 0.0012257861672, -0.00183195911814, 0.00120464200154], [-0.00559721980244, 0.0202459022403, -0.0158843006939, 0.0145756574348, -0.0124331312254, 0.011090871878, -0.0123094404116, 0.00975207798183, -0.00825955253094, 0.01014720276, -0.00483346078545, 0.00749536603689, -0.00436915131286], [0.00531868543476, -0.0158843006939, 0.0193637087941, -0.0143176624551, 0.0133217591792, -0.0118096238002, 0.0120083224028, -0.0103770392016, 0.00641316594556, -0.00856672320515, 0.00320637598634, -0.00417428649962, 0.00434779888019], [-0.0042577222921, 0.0145756574348, -0.0143176624551, 0.0156265944242, -0.0117753166705, 0.00834427867085, -0.0108016058803, 0.00765285920352, -0.00362605042756, 0.00285487365909, 0.00070055789547, 0.00111771828961, 0.000204423078685], [0.00450410274789, -0.0124331312254, 0.0133217591792, -0.0117753166705, 0.0223917905241, -0.0142257027328, 0.0125038512051, -0.0101678362116, 0.00498484680429, -0.00473386561498, -0.00338199548423, -0.00131239905022, -0.00062927271938], [-0.0035177662503, 0.011090871878, -0.0118096238002, 0.00834427867085, -0.0142257027328, 0.0219348762184, -0.0119540961459, 0.00679907482117, -0.00457681436092, 0.00560164963827, 0.00365203386173, -0.00295379967429, 0.00576117821038], [0.00408608699217, -0.0123094404116, 0.0120083224028, -0.0108016058803, 0.0125038512051, -0.0119540961459, 0.0244211349636, -0.0130554195493, 0.00531184207648, -0.00948019791394, 0.000774120853748, 0.0029371494893, -0.0023993877694], [-0.0032020653598, 0.00975207798183, -0.0103770392016, 0.00765285920352, -0.0101678362116, 0.00679907482117, -0.0130554195493, 0.0233824029565, -0.00840652175248, 0.00633089477196, -0.00161165045574, 0.000952461909037, 0.00102090393193], [0.00232381816022, -0.00825955253094, 0.00641316594556, -0.00362605042756, 0.00498484680429, -0.00457681436092, 0.00531184207648, -0.00840652175248, 0.0208860691637, -0.00508217979223, 0.001475714962, -0.00636853137985, 0.000905439490452], [-0.00299058388919, 0.01014720276, -0.00856672320515, 0.00285487365909, -0.00473386561498, 0.00560164963827, -0.00948019791394, 0.00633089477196, -0.00508217979223, 0.031025858596, -0.0130685688928, 0.00929473433644, -0.00739566422999], [0.0012257861672, -0.00483346078545, 0.00320637598634, 0.00070055789547, -0.00338199548423, 0.00365203386173, 0.000774120853748, -0.00161165045574, 0.001475714962, -0.0130685688928, 0.0298059396446, -0.0186862871051, 0.00546433031559], [-0.00183195911814, 0.00749536603689, -0.00417428649962, 0.00111771828961, -0.00131239905022, -0.00295379967429, 0.0029371494893, 0.000952461909037, -0.00636853137985, 0.00929473433644, -0.0186862871051, 0.0281971562654, -0.0100296260789], [0.00120464200154, -0.00436915131286, 0.00434779888019, 0.000204423078685, -0.00062927271938, 0.00576117821038, -0.0023993877694, 0.00102090393193, 0.000905439490452, -0.00739566422999, 0.00546433031559, -0.0100296260789, 0.0218870397657]]
    },
    "melbands": {
        "mean": [9.11420283956e-006, 3.48275025317e-005, 0.000138065428473, 0.000189927101019, 0.00104971788824, 0.00181989965495, 0.00163147761486, 0.000727283593733, 0.000578296894673, 0.000428372237366, 0.000308608810883, 0.000109831875307, 2.84968427877e-005, 1.94522326638e-005, 6.74245075061e-006, 7.00485634297e-006, 4.14099895352e-006, 1.75027435034e-006, 2.15449472307e-006, 1.51143353833e-006, 8.67860080689e-007, 4.17273440689e-007, 2.54219344242e-007, 1.53458941554e-007, 6.7041469265e-008, 6.35538981442e-008, 4.34802522875e-008, 4.8535000019e-008, 9.33253616608e-008, 1.51743648757e-008, 1.24233437759e-007, 9.33890120791e-008, 2.01137630995e-008, 4.94103353788e-008, 3.39327854704e-008, 7.8104163137e-009, 8.42181346883e-009, 6.04118310932e-009, 3.8921141865e-009, 3.80796727484e-009],
        "var": [5.83585735292e-010, 2.00997529731e-009, 3.09355883132e-008, 7.0321846124e-008, 1.55841826199e-006, 5.87670274399e-006, 3.54846611117e-006, 1.4767082348e-006, 5.04276442825e-007, 3.53802818154e-007, 1.96021957777e-007, 3.42227224337e-008, 2.91489987703e-009, 6.53487541857e-010, 1.15853368565e-010, 1.1322733029e-010, 3.68651879856e-011, 6.16917064308e-012, 1.37532841019e-011, 3.04132738958e-012, 2.02196809643e-012, 6.2479416172e-013, 1.8205475647e-013, 4.14448287972e-013, 1.3044812897e-013, 1.33899998294e-013, 5.64489319003e-014, 2.55714672798e-014, 7.32803303715e-014, 9.81864837644e-015, 4.41850982885e-012, 3.02890872106e-012, 3.35790694295e-014, 2.66619517263e-013, 1.51858831499e-013, 2.6607983615e-015, 2.39883330552e-015, 1.23343942515e-015, 1.36917648142e-017, 1.52494087734e-017]
    },
    "mfcc": {
        "mean": [-788.576538086, 219.081542969, 8.00911712646, -22.1692581177, -24.6017379761, -28.9268836975, -27.3373394012, -15.659995079, -9.28577423096, -6.05920267105, -9.33690071106, -3.07684993744, -3.43620991707],
        "cov": [[935.677062988, 637.798095703, -434.170410156, -255.944046021, -171.480636597, -171.781951904, -130.786972046, -98.4359970093, -5.12476539612, -18.0926361084, -81.3572769165, -40.0967712402, 25.9262104034], [637.798095703, 1000.96173096, -406.070037842, -464.037719727, -246.278945923, -300.169586182, -196.262039185, -157.221862793, 8.99540710449, -28.4515361786, -97.4374694824, -55.4170951843, -6.51940393448], [-434.170410156, -406.070037842, 535.541259766, 307.363037109, 122.195045471, 185.651138306, 131.46194458, 106.575805664, 21.5181159973, 46.6430702209, 85.4063644409, 48.3700866699, -22.9951457977], [-255.944046021, -464.037719727, 307.363037109, 372.220367432, 137.512069702, 159.152236938, 127.215240479, 79.8944015503, 12.982257843, 33.20652771, 56.5586242676, 44.7299385071, 4.61659240723], [-171.480636597, -246.278945923, 122.195045471, 137.512069702, 192.166503906, 117.207077026, 49.4073486328, 73.1655044556, -16.0648288727, -2.80310487747, 47.2673606873, 6.30628204346, 7.43503046036], [-171.781951904, -300.169586182, 185.651138306, 159.152236938, 117.207077026, 189.4375, 89.9169158936, 66.2215270996, -1.14973855019, 16.7296943665, 50.2795639038, 9.28719139099, -5.33295297623], [-130.786972046, -196.262039185, 131.46194458, 127.215240479, 49.4073486328, 89.9169158936, 125.804450989, 44.8497848511, 15.5232686996, 23.6282119751, 24.5638065338, 30.8488273621, -12.8540668488], [-98.4359970093, -157.221862793, 106.575805664, 79.8944015503, 73.1655044556, 66.2215270996, 44.8497848511, 113.204017639, 10.6655492783, 5.93358039856, 47.5886497498, 12.9091796875, 7.21475553513], [-5.12476539612, 8.99540710449, 21.5181159973, 12.982257843, -16.0648288727, -1.14973855019, 15.5232686996, 10.6655492783, 65.00440979, 28.9036312103, 6.90865373611, 5.50197219849, -10.9143877029], [-18.0926361084, -28.4515361786, 46.6430702209, 33.20652771, -2.80310487747, 16.7296943665, 23.6282119751, 5.93358039856, 28.9036312103, 77.2350845337, 16.3427009583, -6.58151292801, -13.870549202], [-81.3572769165, -97.4374694824, 85.4063644409, 56.5586242676, 47.2673606873, 50.2795639038, 24.5638065338, 47.5886497498, 6.90865373611, 16.3427009583, 85.891494751, 15.1708650589, -21.8117713928], [-40.0967712402, -55.4170951843, 48.3700866699, 44.7299385071, 6.30628204346, 9.28719139099, 30.8488273621, 12.9091796875, 5.50197219849, -6.58151292801, 15.1708650589, 77.7936172485, 18.6539001465], [25.9262104034, -6.51940393448, -22.9951457977, 4.61659240723, 7.43503046036, -5.33295297623, -12.8540668488, 7.21475553513, -10.9143877029, -13.870549202, -21.8117713928, 18.6539001465, 93.9314422607]],
        "icov": [[0.00332949846052, -0.00287115597166, 0.00300859077834, -0.00317568588071, 0.00173392321449, -0.00279156956822, 0.00106064800639, -0.00181682850234, 0.0010713780066, -0.000809235381894, 0.000545927905478, -0.000552128942218, 4.71373914479e-006], [-0.00287115597166, 0.00568309752271, -0.00296023255214, 0.00558978645131, -0.00121145346202, 0.00466868793592, -0.000521312351339, 0.00285037979484, -0.00202161958441, 0.000622474472038, -0.000663745740894, 0.000844317022711, -0.00020660579321], [0.00300859077834, -0.00296023255214, 0.00714074121788, -0.00580289168283, 0.00244745309465, -0.00473880302161, 0.0012223997619, -0.00330311781727, 0.00128158275038, -0.00160605297424, -6.83114412823e-005, -0.00173049920704, 0.00119521608576], [-0.00317568588071, 0.00558978645131, -0.00580289168283, 0.0126672200859, -0.00399867678061, 0.00404446944594, -0.0037281406112, 0.00380739360116, -0.00245973933488, -1.08344629552e-005, -0.000621818588115, 3.92827814721e-006, -0.0014677423751], [0.00173392321449, -0.00121145346202, 0.00244745309465, -0.00399867678061, 0.0118551962078, -0.00587424915284, 0.00210334081203, -0.0045505114831, 0.00305932457559, 0.000727967941202, -0.00129203766119, 0.000654992356431, -0.000368647190044], [-0.00279156956822, 0.00466868793592, -0.00473880302161, 0.00404446944594, -0.00587424915284, 0.0178451258689, -0.00684453686699, 0.00277833174914, -0.000807703298051, 0.00110210524872, -0.00337542453781, 0.00427519530058, -0.0015001767315], [0.00106064800639, -0.000521312351339, 0.0012223997619, -0.0037281406112, 0.00210334081203, -0.00684453686699, 0.0180115252733, -0.0039668395184, -0.000549539166968, -0.00325012160465, 0.00437463168055, -0.00635131821036, 0.00410129921511], [-0.00181682850234, 0.00285037979484, -0.00330311781727, 0.00380739360116, -0.0045505114831, 0.00277833174914, -0.0039668395184, 0.0177924856544, -0.0046223285608, 0.00281175342388, -0.00717749772593, 0.00253527192399, -0.00398004241288], [0.0010713780066, -0.00202161958441, 0.00128158275038, -0.00245973933488, 0.00305932457559, -0.000807703298051, -0.000549539166968, -0.0046223285608, 0.0211505293846, -0.00739330938086, 0.00121783500072, -0.00229841656983, 0.00209550908767], [-0.000809235381894, 0.000622474472038, -0.00160605297424, -1.08344629552e-005, 0.000727967941202, 0.00110210524872, -0.00325012160465, 0.00281175342388, -0.00739330938086, 0.0184162240475, -0.00408142618835, 0.00473375432193, -0.000809288467281], [0.000545927905478, -0.000663745740894, -6.83114412823e-005, -0.000621818588115, -0.00129203766119, -0.00337542453781, 0.00437463168055, -0.00717749772593, 0.00121783500072, -0.00408142618835, 0.0206143185496, -0.00580296851695, 0.00635573035106], [-0.000552128942218, 0.000844317022711, -0.00173049920704, 3.92827814721e-006, 0.000654992356431, 0.00427519530058, -0.00635131821036, 0.00253527192399, -0.00229841656983, 0.00473375432193, -0.00580296851695, 0.018851859495, -0.0057451906614], [4.71373914479e-006, -0.00020660579321, 0.00119521608576, -0.0014677423751, -0.000368647190044, -0.0015001767315, 0.00410129921511, -0.00398004241288, 0.00209550908767, -0.000809288467281, 0.00635573035106, -0.0057451906614, 0.0145468944684]]
    },
    "spectral_contrast_coeffs": {
        "mean": [-0.50580394268, -0.656747817993, -0.694384753704, -0.794990897179, -0.825643599033, -0.828098773956],
        "var": [0.00630115997046, 0.00651549454778, 0.00644662184641, 0.00167893280741, 0.00114054046571, 0.000772707047872]
    },
    "spectral_contrast_valleys": {
        "mean": [-9.20195388794, -6.24779987335, -7.70182514191, -8.95524406433, -9.82018089294, -12.3764467239],
        "var": [0.901840865612, 1.23556137085, 1.037135005, 0.838103353977, 0.613201439381, 0.49399626255]
    }
},
"metadata": {
    "audio_properties": {
        "analysis_sample_rate": 44100,
        "bit_rate": 106504,
        "equal_loudness": 0,
        "length": 45.0873451233,
        "lossless": 0,
        "replay_gain": -15.1805305481,
        "sample_rate": 44100,
        "codec": "mp3",
        "downmix": "mix",
        "md5_encoded": "21f191a3ff8fe82694c4d25cf56b170e"
    },
    "tags": {
        "file_name": "506.mp3"
    },
    "version": {
        "essentia": "2.1-beta2",
        "essentia_git_sha": "v2.1_beta2",
        "extractor": "music 1.0"
    }
},
"rhythm": {
    "beats_count": 90,
    "beats_loudness": {
        "mean": 0.0277923159301,
        "var": 0.000290394935291
    },
    "bpm": 116.918060303,
    "bpm_histogram_first_peak_bpm": {
        "mean": 117,
        "var": 0
    },
    "bpm_histogram_first_peak_spread": {
        "mean": 0.480769246817,
        "var": 0
    },
    "bpm_histogram_first_peak_weight": {
        "mean": 0.303370773792,
        "var": 0
    },
    "bpm_histogram_second_peak_bpm": {
        "mean": 112,
        "var": 0
    },
    "bpm_histogram_second_peak_spread": {
        "mean": 0.0769230648875,
        "var": 0
    },
    "bpm_histogram_second_peak_weight": {
        "mean": 0.13483145833,
        "var": 0
    },
    "danceability": 0.813184082508,
    "onset_rate": 1.33023643494,
    "beats_loudness_band_ratio": {
        "mean": [0.0802170410752, 0.376816570759, 0.52062523365, 0.0509419552982, 0.00296926661395, 0.00164201261941],
        "var": [0.0293492004275, 0.0357722491026, 0.042313285172, 0.00426892004907, 1.35079108077e-005, 3.52268252755e-005]
    },
    "beats_position": [0.487619042397, 0.99845802784, 1.49768710136, 1.99691605568, 2.50775504112, 3.01859402657, 3.52943301201, 4.05188179016, 4.55111122131, 5.06195020676, 5.5727891922, 6.08362817764, 6.59446716309, 7.0936961174, 7.59292507172, 8.10376358032, 8.6146030426, 9.14866161346, 9.65950107574, 10.1703395844, 10.6811790466, 11.1920175552, 11.7260770798, 12.2369155884, 12.7361450195, 13.2469835281, 13.7694330215, 14.2802715302, 14.7911109924, 15.301949501, 15.8127889633, 16.3236274719, 16.8460769653, 17.3569164276, 17.8561439514, 18.3785934448, 18.8894329071, 19.4118824005, 19.9227199554, 20.45677948, 20.9908390045, 21.5132884979, 22.0473461151, 22.5697956085, 23.0922451019, 23.614692688, 24.1255321503, 24.6479816437, 25.1704311371, 25.6928787231, 26.2153282166, 26.7493877411, 27.2834453583, 27.8175048828, 28.3283443451, 28.8507938385, 29.3616313934, 29.8840808868, 30.4181404114, 30.9405899048, 31.4630374908, 31.9970970154, 32.5311546326, 33.053604126, 33.5992736816, 34.1333312988, 34.5629005432, 35.0156898499, 35.4452590942, 35.8632202148, 36.2811775208, 36.7107467651, 37.1287078857, 37.5466651917, 37.9646263123, 38.3825836182, 38.7889328003, 39.1952819824, 39.613243103, 40.0195922852, 40.4607696533, 40.91355896, 41.3663482666, 41.8191375732, 42.2603149414, 42.7014961243, 43.1426734924, 43.5838546753, 44.0250320435, 44.4662132263]
},
"tonal": {
    "chords_changes_rate": 0.0288065839559,
    "chords_number_rate": 0.00411522621289,
    "chords_strength": {
        "mean": 0.650085628033,
        "var": 0.00683051813394
    },
    "hpcp_entropy": {
        "mean": 1.5667321682,
        "var": 0.477033227682
    },
    "key_strength": 0.635294497013,
    "tuning_diatonic_strength": 0.506085336208,
    "tuning_equal_tempered_deviation": 0.155491992831,
    "tuning_frequency": 435.448913574,
    "tuning_nontempered_energy_ratio": 0.852301836014,
    "hpcp": {
        "mean": [0.304726779461, 0.219376698136, 0.0827647224069, 0.0536221452057, 0.0454511158168, 0.0612243041396, 0.0930327475071, 0.0817846730351, 0.0382382720709, 0.0192838516086, 0.0408309325576, 0.0790454372764, 0.090399697423, 0.09046741575, 0.154939904809, 0.412534981966, 0.442266643047, 0.163064926863, 0.0385709479451, 0.0210169646889, 0.021284788847, 0.0248218104243, 0.0191507581621, 0.0219992864877, 0.0370844192803, 0.0899434611201, 0.301311761141, 0.441590189934, 0.262132585049, 0.0811004415154, 0.0551924854517, 0.048264939338, 0.0475590340793, 0.0458762198687, 0.0434201136231, 0.163339599967],
        "var": [0.110219106078, 0.0616555772722, 0.0315924026072, 0.0339276045561, 0.0244002342224, 0.0352832451463, 0.0485614016652, 0.0355401411653, 0.0101229986176, 0.00773033872247, 0.0150095866993, 0.0361255034804, 0.0316846817732, 0.0432451032102, 0.0409848988056, 0.122664950788, 0.142407163978, 0.043681319803, 0.016606008634, 0.00703312736005, 0.00466190092266, 0.00394765427336, 0.00285345502198, 0.00654570944607, 0.0190478935838, 0.0339137129486, 0.108025349677, 0.150226294994, 0.0750447362661, 0.0289855152369, 0.0289529953152, 0.0250208172947, 0.0212283562869, 0.0262415204197, 0.0136748077348, 0.0487483814359]
    },
    "chords_histogram": [80.9670791626, 1.74897122383, 0, 0, 0, 0, 0, 0, 0, 0, 1.02880656719, 0, 0, 0, 0, 0.308641970158, 0, 0, 0, 0, 0, 0, 0.308641970158, 15.6378602982],
    "thpcp": [1, 0.368702739477, 0.0872119739652, 0.0475210249424, 0.0481265969574, 0.0561240836978, 0.043301384896, 0.0497421324253, 0.0838508158922, 0.203369304538, 0.681289792061, 0.99847048521, 0.592702567577, 0.183374539018, 0.124794594944, 0.109130859375, 0.107534751296, 0.103729777038, 0.0981763228774, 0.369323819876, 0.689011454582, 0.496028125286, 0.18713760376, 0.121243931353, 0.102768585086, 0.138433009386, 0.210354432464, 0.184921637177, 0.0864597707987, 0.0436023212969, 0.0923219844699, 0.178728014231, 0.204400897026, 0.204554006457, 0.350331425667, 0.932774364948],
    "chords_key": "D",
    "chords_scale": "major",
    "key_key": "D",
    "key_scale": "major"
}
}