{
"lowlevel": {
    "average_loudness": 0.842062056065,
    "barkbands_crest": {
        "mean": 11.6047687531,
        "var": 21.0905761719
    },
    "barkbands_flatness_db": {
        "mean": 0.176947563887,
        "var": 0.00488254847005
    },
    "barkbands_kurtosis": {
        "mean": 4.43763828278,
        "var": 200.669708252
    },
    "barkbands_skewness": {
        "mean": 1.10590529442,
        "var": 1.72926354408
    },
    "barkbands_spread": {
        "mean": 15.7454175949,
        "var": 78.5864181519
    },
    "dissonance": {
        "mean": 0.432115972042,
        "var": 0.00194410432596
    },
    "dynamic_complexity": 6.21847295761,
    "erbbands_crest": {
        "mean": 12.9263696671,
        "var": 33.4358596802
    },
    "erbbands_flatness_db": {
        "mean": 0.225543543696,
        "var": 0.004086015746
    },
    "erbbands_kurtosis": {
        "mean": 2.53563499451,
        "var": 127.523010254
    },
    "erbbands_skewness": {
        "mean": 0.665487825871,
        "var": 0.865192651749
    },
    "erbbands_spread": {
        "mean": 25.3639678955,
        "var": 183.21182251
    },
    "hfc": {
        "mean": 14.2059793472,
        "var": 513.011291504
    },
    "melbands_crest": {
        "mean": 14.947054863,
        "var": 34.3859291077
    },
    "melbands_flatness_db": {
        "mean": 0.210593417287,
        "var": 0.00671881902963
    },
    "melbands_kurtosis": {
        "mean": 7.39758443832,
        "var": 203.178070068
    },
    "melbands_skewness": {
        "mean": 1.617623806,
        "var": 2.17008852959
    },
    "melbands_spread": {
        "mean": 22.4555606842,
        "var": 181.084777832
    },
    "pitch_salience": {
        "mean": 0.540593087673,
        "var": 0.0155083537102
    },
    "silence_rate_20dB": {
        "mean": 1,
        "var": 0
    },
    "silence_rate_30dB": {
        "mean": 0.99433863163,
        "var": 0.00562935182825
    },
    "silence_rate_60dB": {
        "mean": 0.37107565999,
        "var": 0.233375579119
    },
    "spectral_centroid": {
        "mean": 1389.33227539,
        "var": 465471.53125
    },
    "spectral_complexity": {
        "mean": 9.20432281494,
        "var": 42.5300865173
    },
    "spectral_decrease": {
        "mean": -2.75578559972e-009,
        "var": 1.83999891797e-017
    },
    "spectral_energy": {
        "mean": 0.0116894990206,
        "var": 0.000324965745676
    },
    "spectral_energyband_high": {
        "mean": 0.000635578180663,
        "var": 1.72276759258e-006
    },
    "spectral_energyband_low": {
        "mean": 0.00047907861881,
        "var": 1.9696117306e-006
    },
    "spectral_energyband_middle_high": {
        "mean": 0.00461539905518,
        "var": 6.04100569035e-005
    },
    "spectral_energyband_middle_low": {
        "mean": 0.00617591058835,
        "var": 0.000128893312649
    },
    "spectral_entropy": {
        "mean": 6.82650899887,
        "var": 0.385887295008
    },
    "spectral_flux": {
        "mean": 0.0432898625731,
        "var": 0.0020824088715
    },
    "spectral_kurtosis": {
        "mean": 8.62665462494,
        "var": 138.852996826
    },
    "spectral_rms": {
        "mean": 0.00267310952768,
        "var": 4.25887083111e-006
    },
    "spectral_rolloff": {
        "mean": 1647.61889648,
        "var": 1127829.5
    },
    "spectral_skewness": {
        "mean": 1.9851487875,
        "var": 1.00852310658
    },
    "spectral_spread": {
        "mean": 4023822.5,
        "var": 2.40963892019e+012
    },
    "spectral_strongpeak": {
        "mean": 1.43706321716,
        "var": 3.25592875481
    },
    "zerocrossingrate": {
        "mean": 0.0642417818308,
        "var": 0.0010053711012
    },
    "barkbands": {
        "mean": [4.36679192717e-006, 3.80268902518e-005, 0.000318514561513, 0.000228572331253, 0.0021526038181, 0.00116598140448, 0.000761088973377, 0.000731147185434, 0.000971986388322, 0.000389934604755, 0.000214794170461, 0.000747053942177, 0.000739085196983, 0.00121901242528, 0.000317851343425, 0.000387022650102, 0.000227225304116, 0.00013295840472, 0.000141812823131, 0.000269554642728, 0.000196755383513, 0.000124448939459, 5.77285718464e-005, 7.8759752796e-005, 5.31726436748e-005, 1.88227513718e-005, 1.21711207157e-006],
        "var": [1.16828699492e-010, 1.68592553251e-008, 1.18978448427e-006, 5.31819580374e-007, 4.23796300311e-005, 1.19979076771e-005, 5.70820702706e-006, 5.45678813069e-006, 8.98383859749e-006, 2.86310182673e-006, 5.82252994263e-007, 3.75173635803e-006, 9.86065060715e-006, 1.28681458591e-005, 6.80663504227e-007, 1.05891137991e-006, 2.55208504996e-007, 1.22213066334e-007, 2.07544673003e-007, 6.04512024438e-007, 1.5460476277e-007, 1.89127277395e-007, 2.16894928684e-008, 3.8512784073e-008, 2.07177208722e-008, 2.48271847525e-009, 1.73261387876e-011]
    },
    "erbbands": {
        "mean": [0.00034503810457, 0.0177694056183, 0.299241960049, 0.670529544353, 3.57450342178, 7.63657426834, 10.9454841614, 8.13488101959, 12.222568512, 8.7597322464, 16.1321144104, 17.4778518677, 24.4282455444, 9.26871204376, 12.455072403, 35.7669715881, 40.102104187, 59.2836608887, 31.3131256104, 11.2141237259, 24.4670600891, 13.3799591064, 8.49302864075, 8.66508674622, 9.52457427979, 12.1058797836, 9.01645946503, 6.66148042679, 4.61648845673, 2.33657598495, 1.68838536739, 2.19458031654, 0.91711461544, 0.651062607765, 0.335475116968, 0.101822480559, 0.0324516929686, 0.00443831458688, 0.00015783852723, 1.93837076949e-005],
        "var": [7.78351534336e-007, 0.00373931601644, 1.02892303467, 3.2011911869, 192.630371094, 449.789978027, 1998.48571777, 572.760009766, 1477.0057373, 666.641174316, 2146.41943359, 2547.23413086, 7233.54101563, 582.918762207, 1076.54370117, 8575.83300781, 25507.4550781, 29149.6308594, 9004.86914063, 1029.53222656, 4745.03808594, 876.867553711, 447.37612915, 771.963439941, 605.240234375, 1391.57250977, 403.310150146, 244.05519104, 261.531036377, 34.819316864, 17.0567646027, 31.1533184052, 5.24315547943, 3.25550270081, 0.933432102203, 0.0750606656075, 0.00773772224784, 0.00014804242528, 2.29676331287e-007, 1.03024366815e-009]
    },
    "gfcc": {
        "mean": [-120.039375305, 70.6566009521, -155.31463623, 5.34895563126, -75.8938522339, 1.68085491657, -51.6283073425, -10.0617084503, -32.2490501404, 1.94919276237, -14.2530994415, -5.34219169617, -10.3974685669],
        "cov": [[22162.3378906, -4241.50537109, -822.26751709, 639.99987793, -786.768615723, 71.0717849731, -988.746398926, 305.143768311, -968.588256836, 244.616409302, -1211.11096191, 67.9856491089, -432.791748047], [-4241.50537109, 3365.53393555, 933.629211426, -47.362159729, 233.723480225, -381.053283691, 212.963928223, -328.768188477, 202.48135376, -528.904907227, 103.516609192, -469.436553955, 69.1641082764], [-822.26751709, 933.629211426, 1181.24694824, 169.814559937, 52.6091957092, -44.1164588928, -41.8435096741, -97.0904083252, -126.716384888, -159.071029663, -80.3733291626, -53.5470237732, -135.621398926], [639.99987793, -47.362159729, 169.814559937, 349.381164551, 63.7671394348, 58.7153358459, -33.7903709412, -14.1013126373, -85.2060317993, -30.3869495392, -53.1374168396, -12.137260437, -47.0543937683], [-786.768615723, 233.723480225, 52.6091957092, 63.7671394348, 296.302856445, 87.7768630981, 104.555999756, -42.4139480591, -25.3672618866, -38.9984703064, 39.7928543091, -35.5746269226, -5.27070188522], [71.0717849731, -381.053283691, -44.1164588928, 58.7153358459, 87.7768630981, 272.50680542, 92.6237564087, 48.4704627991, -69.8041610718, 66.4566802979, 9.36857128143, 72.2906188965, -23.4681396484], [-988.746398926, 212.963928223, -41.8435096741, -33.7903709412, 104.555999756, 92.6237564087, 276.82510376, 63.8386878967, 11.1272859573, -42.8009109497, 45.3767471313, -31.9188671112, -5.89145183563], [305.143768311, -328.768188477, -97.0904083252, -14.1013126373, -42.4139480591, 48.4704627991, 63.8386878967, 208.168502808, 41.0087013245, 61.853805542, -35.4911575317, 25.3579692841, -43.7721557617], [-968.588256836, 202.48135376, -126.716384888, -85.2060317993, -25.3672618866, -69.8041610718, 11.1272859573, 41.0087013245, 242.994506836, 47.9178009033, 70.0143966675, -50.9310073853, 22.6843223572], [244.616409302, -528.904907227, -159.071029663, -30.3869495392, -38.9984703064, 66.4566802979, -42.8009109497, 61.853805542, 47.9178009033, 220.798828125, 51.4265708923, 74.845161438, -13.9882917404], [-1211.11096191, 103.516609192, -80.3733291626, -53.1374168396, 39.7928543091, 9.36857128143, 45.3767471313, -35.4911575317, 70.0143966675, 51.4265708923, 229.613571167, 55.3152809143, 33.9704780579], [67.9856491089, -469.436553955, -53.5470237732, -12.137260437, -35.5746269226, 72.2906188965, -31.9188671112, 25.3579692841, -50.9310073853, 74.845161438, 55.3152809143, 226.594619751, 53.7364196777], [-432.791748047, 69.1641082764, -135.621398926, -47.0543937683, -5.27070188522, -23.4681396484, -5.89145183563, -43.7721557617, 22.6843223572, -13.9882917404, 33.9704780579, 53.7364196777, 180.002914429]],
        "icov": [[0.000132503279019, 4.27293271059e-005, 0.000175490684342, -0.000126983912196, 0.000172198997461, 3.77886353817e-005, 0.000324500608258, -0.000105384897324, 0.000471024133731, -4.98774643347e-005, 0.000404317863286, 0.000127751787659, 0.000218480156036], [4.27293271059e-005, 0.00195038155653, -0.00140608462971, 0.000271976867225, -0.000335533666657, 0.00100042007398, -0.0011405099649, 0.00120828882791, -0.0014573764056, 0.0023527033627, -0.00113925826736, 0.00255724322051, -0.00143979536369], [0.000175490684342, -0.00140608462971, 0.00251153414138, -0.000729417195544, 0.000432555418229, -0.000473644002341, 0.00141165766399, -0.000568003684748, 0.00193289865274, -0.00112704467028, 0.00164978310931, -0.00212192488834, 0.0025137597695], [-0.000126983912196, 0.000271976867225, -0.000729417195544, 0.00388747267425, -0.00101748679299, -0.000819218577817, 0.000685385835823, -0.000153383341967, 1.91251583601e-005, 0.000895776902325, -0.000451748492196, 0.00070783495903, -0.000153490851517], [0.000172198997461, -0.000335533666657, 0.000432555418229, -0.00101748679299, 0.00529977912083, -0.00165715173353, -0.000846755458042, 0.000976015813649, 0.00090862455545, -0.000197305023903, 4.68831046874e-007, 0.000597289355937, 0.000443398981588], [3.77886353817e-005, 0.00100042007398, -0.000473644002341, -0.000819218577817, -0.00165715173353, 0.00738529860973, -0.0031479424797, 0.000533730373718, 0.00085025531007, -0.00141647376586, 0.000293202581815, -0.000624352309387, -9.62484864431e-006], [0.000324500608258, -0.0011405099649, 0.00141165766399, 0.000685385835823, -0.000846755458042, -0.0031479424797, 0.00861448328942, -0.00448691099882, 0.00256632873788, 0.00117081042845, -0.000568589603063, 0.000610299699474, 0.000909528520424], [-0.000105384897324, 0.00120828882791, -0.000568003684748, -0.000153383341967, 0.000976015813649, 0.000533730373718, -0.00448691099882, 0.00965337920934, -0.00385960284621, -0.00019745035388, 0.00209574121982, -0.00100383104291, 0.00148827291559], [0.000471024133731, -0.0014573764056, 0.00193289865274, 1.91251583601e-005, 0.00090862455545, 0.00085025531007, 0.00256632873788, -0.00385960284621, 0.0101143438369, -0.00374008272775, -0.00012519354641, 0.00138728972524, 0.000480912189232], [-4.98774643347e-005, 0.0023527033627, -0.00112704467028, 0.000895776902325, -0.000197305023903, -0.00141647376586, 0.00117081042845, -0.00019745035388, -0.00374008272775, 0.0112311467528, -0.00340015930124, 0.00163962400984, -0.000342738814652], [0.000404317863286, -0.00113925826736, 0.00164978310931, -0.000451748492196, 4.68831046874e-007, 0.000293202581815, -0.000568589603063, 0.00209574121982, -0.00012519354641, -0.00340015930124, 0.00938372965902, -0.00426973076537, 0.00231933360919], [0.000127751787659, 0.00255724322051, -0.00212192488834, 0.00070783495903, 0.000597289355937, -0.000624352309387, 0.000610299699474, -0.00100383104291, 0.00138728972524, 0.00163962400984, -0.00426973076537, 0.0117271058261, -0.00511970510706], [0.000218480156036, -0.00143979536369, 0.0025137597695, -0.000153490851517, 0.000443398981588, -9.62484864431e-006, 0.000909528520424, 0.00148827291559, 0.000480912189232, -0.000342738814652, 0.00231933360919, -0.00511970510706, 0.00989468675107]]
    },
    "melbands": {
        "mean": [5.97213374931e-006, 0.000107984320493, 0.000151609739987, 0.000470670784125, 0.000347561261151, 0.000186590288649, 0.000180932431249, 0.000108173604531, 0.000118323143397, 0.000130452666781, 0.000122809418826, 3.59745463356e-005, 3.42457642546e-005, 7.51847910578e-005, 9.2676418717e-005, 9.90277912933e-005, 0.000105309394712, 5.37601554242e-005, 1.93992673303e-005, 1.63375607372e-005, 2.91931155516e-005, 1.28428537209e-005, 9.58588771027e-006, 7.34039258532e-006, 7.03152272763e-006, 4.91468699693e-006, 9.7368929346e-006, 7.31844602342e-006, 5.5452514971e-006, 5.05036587128e-006, 3.30614716404e-006, 2.90837601824e-006, 1.85103885997e-006, 1.06031461655e-006, 7.93736660398e-007, 1.42043813867e-006, 1.24334610518e-006, 6.82761140069e-007, 4.3684175921e-007, 6.11957943875e-007],
        "var": [3.34458016837e-010, 1.3735667892e-007, 2.67913691232e-007, 2.20519427785e-006, 1.76708954314e-006, 2.84511202153e-007, 3.04370814774e-007, 1.22657709767e-007, 1.10542117682e-007, 1.46154405911e-007, 1.8333838625e-007, 1.13648352951e-008, 1.24779786503e-008, 4.05310061069e-008, 9.55316821205e-008, 9.10885304961e-008, 9.91211095425e-008, 4.12534078009e-008, 2.36015229582e-009, 1.66825553372e-009, 7.95119703412e-009, 1.11896336641e-009, 7.05759006792e-010, 3.88325011036e-010, 6.93011814601e-010, 1.40339156962e-010, 9.59185508798e-010, 6.67472799254e-010, 2.34314567749e-010, 1.13923322165e-010, 9.46011116665e-011, 1.69347869061e-010, 3.10242491419e-011, 8.84778708632e-012, 4.81593844665e-012, 1.37931176897e-011, 1.12392621252e-011, 3.63778169914e-012, 1.86051369623e-012, 3.31662345157e-012]
    },
    "mfcc": {
        "mean": [-753.45324707, 96.8507461548, -21.8865261078, -0.750846385956, -11.2931566238, -2.70981669426, -11.5915613174, -17.8281002045, -14.6346349716, -8.4704990387, -7.2382478714, 2.90929079056, -8.51494979858],
        "cov": [[17916.9570313, -1891.41223145, -1219.17871094, 485.857513428, -336.499206543, -97.7436141968, -280.395233154, -331.055145264, -13.9003858566, -29.3895950317, -469.20690918, -568.856933594, -598.44152832], [-1891.41223145, 2281.66235352, 605.816711426, 129.775680542, 82.6475601196, -109.194602966, -46.8146400452, 43.3020935059, -2.91855311394, 32.7057495117, -18.3471775055, -286.028320313, -132.670608521], [-1219.17871094, 605.816711426, 1000.26452637, 170.931106567, 134.535980225, 18.7058162689, 18.0934810638, 39.4648208618, -71.7369003296, -99.1740493774, 59.4199409485, -88.9936218262, 13.9528121948], [485.857513428, 129.775680542, 170.931106567, 282.090270996, 70.1639785767, 12.805893898, 9.04460811615, 8.79746627808, -30.1919231415, -12.245970726, -19.6536636353, -58.8583335876, -17.7215480804], [-336.499206543, 82.6475601196, 134.535980225, 70.1639785767, 207.650360107, 81.2755050659, 17.4668807983, -8.12983322144, -17.2038478851, -21.0246562958, -5.20121383667, -11.1847543716, 19.1144104004], [-97.7436141968, -109.194602966, 18.7058162689, 12.805893898, 81.2755050659, 209.185379028, 103.49622345, 17.5917510986, -2.72873163223, -21.1340389252, -8.35218429565, 6.65112066269, 13.9798545837], [-280.395233154, -46.8146400452, 18.0934810638, 9.04460811615, 17.4668807983, 103.49622345, 263.435333252, 110.569770813, -2.18143343925, 5.0595870018, -0.455932378769, 16.916759491, 17.6680030823], [-331.055145264, 43.3020935059, 39.4648208618, 8.79746627808, -8.12983322144, 17.5917510986, 110.569770813, 191.262252808, 43.6010971069, 1.7687330246, 14.2865114212, 15.3209590912, 25.1367053986], [-13.9003858566, -2.91855311394, -71.7369003296, -30.1919231415, -17.2038478851, -2.72873163223, -2.18143343925, 43.6010971069, 169.32371521, 45.9290962219, -4.09694385529, -0.152110859752, -23.485496521], [-29.3895950317, 32.7057495117, -99.1740493774, -12.245970726, -21.0246562958, -21.1340389252, 5.0595870018, 1.7687330246, 45.9290962219, 221.100784302, 76.4519577026, -32.8820915222, -4.23969316483], [-469.20690918, -18.3471775055, 59.4199409485, -19.6536636353, -5.20121383667, -8.35218429565, -0.455932378769, 14.2865114212, -4.09694385529, 76.4519577026, 187.24369812, 48.186164856, 35.3751296997], [-568.856933594, -286.028320313, -88.9936218262, -58.8583335876, -11.1847543716, 6.65112066269, 16.916759491, 15.3209590912, -0.152110859752, -32.8820915222, 48.186164856, 260.510925293, 122.036804199], [-598.44152832, -132.670608521, 13.9528121948, -17.7215480804, 19.1144104004, 13.9798545837, 17.6680030823, 25.1367053986, -23.485496521, -4.23969316483, 35.3751296997, 122.036804199, 197.953323364]],
        "icov": [[0.000100080367702, 0.000104584658402, 9.36971046031e-005, -0.000250686716754, 0.000142844102811, 4.19114530814e-006, 6.7819513788e-005, 5.50734948774e-005, 2.436818977e-005, 3.08198177663e-005, 0.000106410741864, 0.000211380654946, 0.000170689439983], [0.000104584658402, 0.000739951152354, -0.000260377972154, -0.000189303813386, -7.09532760084e-005, 0.00040075648576, 0.000117165400297, -0.000152974113007, 2.16957669181e-005, -0.000183390642633, 0.000264795846306, 0.00066456879722, 0.000342644896591], [9.36971046031e-005, -0.000260377972154, 0.00175104208756, -0.000845119939186, -0.000446889695013, 8.94273180165e-005, -6.04288252362e-005, -9.13881740416e-005, 0.000180281494977, 0.00120618415531, -0.00107654416934, 0.000801615125965, -0.000291079544695], [-0.000250686716754, -0.000189303813386, -0.000845119939186, 0.00504590431228, -0.00157754262909, 0.00026456854539, -0.000129640699015, -0.000617321347818, 0.000643090053927, -0.000501478265505, 0.000414410169469, 1.3011443798e-006, -0.000159137023729], [0.000142844102811, -7.09532760084e-005, -0.000446889695013, -0.00157754262909, 0.00707990443334, -0.00291626900434, 0.000652249262203, 0.000648263317998, -1.21557741295e-005, 1.9760232135e-006, 0.000394698086893, 0.000203593401238, -0.000541109999176], [4.19114530814e-006, 0.00040075648576, 8.94273180165e-005, 0.00026456854539, -0.00291626900434, 0.00768549088389, -0.00326802046038, 0.00108341395389, -0.000660161254928, 0.000831274781376, -0.00025303545408, 0.000612094532698, -0.00020107034652], [6.7819513788e-005, 0.000117165400297, -6.04288252362e-005, -0.000129640699015, 0.000652249262203, -0.00326802046038, 0.00681059202179, -0.00393204763532, 0.00146801187657, -0.00106968497857, 0.000844861555379, -0.000450611580163, 0.000613530224655], [5.50734948774e-005, -0.000152974113007, -9.13881740416e-005, -0.000617321347818, 0.000648263317998, 0.00108341395389, -0.00393204763532, 0.00842189602554, -0.0027622920461, 0.00105187378358, -0.000859680993017, 0.000418490468292, -0.00125201325864], [2.436818977e-005, 2.16957669181e-005, 0.000180281494977, 0.000643090053927, -1.21557741295e-005, -0.000660161254928, 0.00146801187657, -0.0027622920461, 0.00761701352894, -0.00204373523593, 0.00117886194494, -0.000838024658151, 0.0015664997045], [3.08198177663e-005, -0.000183390642633, 0.00120618415531, -0.000501478265505, 1.9760232135e-006, 0.000831274781376, -0.00106968497857, 0.00105187378358, -0.00204373523593, 0.00721484329551, -0.00379354506731, 0.00225837365724, -0.00105893961154], [0.000106410741864, 0.000264795846306, -0.00107654416934, 0.000414410169469, 0.000394698086893, -0.00025303545408, 0.000844861555379, -0.000859680993017, 0.00117886194494, -0.00379354506731, 0.00807055924088, -0.00189509277698, 0.000410340260714], [0.000211380654946, 0.00066456879722, 0.000801615125965, 1.3011443798e-006, 0.000203593401238, 0.000612094532698, -0.000450611580163, 0.000418490468292, -0.000838024658151, 0.00225837365724, -0.00189509277698, 0.00753095559776, -0.00340293277986], [0.000170689439983, 0.000342644896591, -0.000291079544695, -0.000159137023729, -0.000541109999176, -0.00020107034652, 0.000613530224655, -0.00125201325864, 0.0015664997045, -0.00105893961154, 0.000410340260714, -0.00340293277986, 0.00816203001887]]
    },
    "spectral_contrast_coeffs": {
        "mean": [-0.563991725445, -0.653100371361, -0.673097729683, -0.679513096809, -0.721863389015, -0.707675278187],
        "var": [0.0133798578754, 0.00890310481191, 0.00771304871887, 0.0073562329635, 0.00694926222786, 0.0054532578215]
    },
    "spectral_contrast_valleys": {
        "mean": [-10.1721534729, -8.39947795868, -9.10388565063, -9.42711257935, -9.466340065, -12.2129859924],
        "var": [1.90456068516, 1.93412172794, 1.9183614254, 1.89686465263, 2.29688167572, 2.43221759796]
    }
},
"metadata": {
    "audio_properties": {
        "analysis_sample_rate": 44100,
        "bit_rate": 103160,
        "equal_loudness": 0,
        "length": 45.0873451233,
        "lossless": 0,
        "replay_gain": -2.60607528687,
        "sample_rate": 44100,
        "codec": "mp3",
        "downmix": "mix",
        "md5_encoded": "62e5aff71eafc8803c8455ec9cbb456b"
    },
    "tags": {
        "file_name": "512.mp3"
    },
    "version": {
        "essentia": "2.1-beta2",
        "essentia_git_sha": "v2.1_beta2",
        "extractor": "music 1.0"
    }
},
"rhythm": {
    "beats_count": 80,
    "beats_loudness": {
        "mean": 0.0252804867923,
        "var": 0.000573499710299
    },
    "bpm": 103.595474243,
    "bpm_histogram_first_peak_bpm": {
        "mean": 103,
        "var": 0
    },
    "bpm_histogram_first_peak_spread": {
        "mean": 0.574999988079,
        "var": 0
    },
    "bpm_histogram_first_peak_weight": {
        "mean": 0.215189874172,
        "var": 0
    },
    "bpm_histogram_second_peak_bpm": {
        "mean": 108,
        "var": 0
    },
    "bpm_histogram_second_peak_spread": {
        "mean": 0.235294103622,
        "var": 0
    },
    "bpm_histogram_second_peak_weight": {
        "mean": 0.164556965232,
        "var": 0
    },
    "danceability": 1.3376493454,
    "onset_rate": 3.52512669563,
    "beats_loudness_band_ratio": {
        "mean": [0.0515133813024, 0.216790527105, 0.233706831932, 0.295689076185, 0.159668594599, 0.0800927132368],
        "var": [0.00719283055514, 0.0434359870851, 0.0455022081733, 0.0606801100075, 0.0251730419695, 0.00336932064965]
    },
    "beats_position": [0.592108845711, 1.21904754639, 1.78793644905, 2.36843538284, 2.96054410934, 3.59909296036, 4.2492518425, 4.80653047562, 5.38702917099, 5.95591831207, 6.53641700745, 7.12852573395, 7.73224496841, 8.32435321808, 8.91646194458, 9.50857162476, 10.1006803513, 10.5650787354, 11.0410881042, 11.4938774109, 11.9466667175, 12.3994560242, 12.8638544083, 13.328253746, 13.7810430527, 14.2222223282, 14.6750106812, 15.1394100189, 15.5921993256, 16.0565986633, 16.50938797, 16.9853973389, 17.4614048004, 18.0651245117, 18.6804523468, 19.2841720581, 19.8994998932, 20.5264396667, 21.1301574707, 21.733877182, 22.3375968933, 22.9413146973, 23.5450344086, 24.1371421814, 24.7292518616, 25.3097496033, 25.8902492523, 26.4475269318, 27.0280265808, 27.6085262299, 28.1890239716, 28.7695236206, 29.3500213623, 29.9305210114, 30.5110206604, 31.0915184021, 31.66040802, 32.2292976379, 32.8097953796, 33.3902931213, 33.9475746155, 34.5048522949, 35.0853500366, 35.6426315308, 36.1999092102, 36.7571868896, 37.3144645691, 37.9181861877, 38.5102958679, 39.0791816711, 39.6596832275, 40.216960907, 40.7742385864, 41.3199081421, 41.8771858215, 42.4228553772, 42.9685249329, 43.5141944885, 44.071472168, 44.6287536621]
},
"tonal": {
    "chords_changes_rate": 0.0411522649229,
    "chords_number_rate": 0.00823045242578,
    "chords_strength": {
        "mean": 0.533357977867,
        "var": 0.0142600350082
    },
    "hpcp_entropy": {
        "mean": 1.37586677074,
        "var": 0.522645413876
    },
    "key_strength": 0.764243423939,
    "tuning_diatonic_strength": 0.578176677227,
    "tuning_equal_tempered_deviation": 0.0653957352042,
    "tuning_frequency": 444.085327148,
    "tuning_nontempered_energy_ratio": 0.698657870293,
    "hpcp": {
        "mean": [0.378418833017, 0.198687270284, 0.050888299942, 0.0551681928337, 0.0360093452036, 0.044770501554, 0.0550926402211, 0.0389555320144, 0.0462910160422, 0.0513150319457, 0.0436357595026, 0.0989246889949, 0.124005369842, 0.0996673777699, 0.289522349834, 0.36278450489, 0.145061165094, 0.0737144500017, 0.0926685929298, 0.0536940433085, 0.0712070763111, 0.100427255034, 0.0568048432469, 0.0451291464269, 0.0631006732583, 0.0880386009812, 0.258020192385, 0.283546298742, 0.0967628806829, 0.0458518825471, 0.0578249655664, 0.045905508101, 0.0713505968451, 0.0868184417486, 0.0701178088784, 0.233383983374],
        "var": [0.153269827366, 0.0513499639928, 0.0112561117858, 0.0199407748878, 0.00834867078811, 0.0207066126168, 0.0327498391271, 0.00733612012118, 0.0112179545686, 0.0263499841094, 0.0115132667124, 0.0317983590066, 0.0521760508418, 0.0214932020754, 0.0957105755806, 0.151319399476, 0.0326072499156, 0.0287488866597, 0.0576580241323, 0.0152792595327, 0.0193336438388, 0.0431922897696, 0.0142131540924, 0.0188627652824, 0.0434409677982, 0.0234393421561, 0.108193516731, 0.132046088576, 0.0260767191648, 0.016238681972, 0.0305566098541, 0.0129471346736, 0.0308987107128, 0.0528127849102, 0.0214319601655, 0.0656402185559]
    },
    "chords_histogram": [65.8436203003, 4.73251008987, 0.823045253754, 0, 0.205761313438, 2.26337456703, 0, 6.89300394058, 0, 0, 0.102880656719, 0, 0, 0, 0, 0.411522626877, 1.74897122383, 9.67078208923, 0, 3.08641982079, 0, 0, 0, 4.21810722351],
    "thpcp": [1, 0.525045931339, 0.13447612524, 0.145786061883, 0.0951573848724, 0.118309393525, 0.145586416125, 0.10294289887, 0.122327461839, 0.135603800416, 0.115310750902, 0.261415868998, 0.32769343257, 0.263378471136, 0.765084385872, 0.958685100079, 0.383334964514, 0.194795936346, 0.244883671403, 0.141890510917, 0.188170015812, 0.265386521816, 0.150111034513, 0.119257137179, 0.16674824059, 0.232648566365, 0.681837618351, 0.749292254448, 0.255703121424, 0.12116701901, 0.152806788683, 0.121308729053, 0.188549280167, 0.229424208403, 0.185291543603, 0.616734564304],
    "chords_key": "D",
    "chords_scale": "major",
    "key_key": "D",
    "key_scale": "major"
}
}