{
"lowlevel": {
    "average_loudness": 0.758229315281,
    "barkbands_crest": {
        "mean": 16.2225494385,
        "var": 19.457906723
    },
    "barkbands_flatness_db": {
        "mean": 0.391346633434,
        "var": 0.00195999140851
    },
    "barkbands_kurtosis": {
        "mean": 10.5725822449,
        "var": 293.798278809
    },
    "barkbands_skewness": {
        "mean": 1.50679337978,
        "var": 2.79088878632
    },
    "barkbands_spread": {
        "mean": 3.34696602821,
        "var": 5.52478265762
    },
    "dissonance": {
        "mean": 0.345336914063,
        "var": 0.00364701263607
    },
    "dynamic_complexity": 4.50568342209,
    "erbbands_crest": {
        "mean": 18.7886810303,
        "var": 47.1600227356
    },
    "erbbands_flatness_db": {
        "mean": 0.417250871658,
        "var": 0.00240390026011
    },
    "erbbands_kurtosis": {
        "mean": 5.9228105545,
        "var": 88.5661621094
    },
    "erbbands_skewness": {
        "mean": 0.993141770363,
        "var": 1.88591194153
    },
    "erbbands_spread": {
        "mean": 8.17844009399,
        "var": 31.2666740417
    },
    "hfc": {
        "mean": 9.08196544647,
        "var": 150.097198486
    },
    "melbands_crest": {
        "mean": 18.7215881348,
        "var": 39.4789619446
    },
    "melbands_flatness_db": {
        "mean": 0.456916928291,
        "var": 0.00265165651217
    },
    "melbands_kurtosis": {
        "mean": 9.7407913208,
        "var": 182.76399231
    },
    "melbands_skewness": {
        "mean": 1.54428958893,
        "var": 2.49398064613
    },
    "melbands_spread": {
        "mean": 6.05141401291,
        "var": 43.056728363
    },
    "pitch_salience": {
        "mean": 0.426728695631,
        "var": 0.0119006577879
    },
    "silence_rate_20dB": {
        "mean": 1,
        "var": 0
    },
    "silence_rate_30dB": {
        "mean": 1,
        "var": 0
    },
    "silence_rate_60dB": {
        "mean": 0.176016464829,
        "var": 0.14503249526
    },
    "spectral_centroid": {
        "mean": 557.854003906,
        "var": 195799.265625
    },
    "spectral_complexity": {
        "mean": 6.3870306015,
        "var": 6.01591110229
    },
    "spectral_decrease": {
        "mean": -3.69334363093e-009,
        "var": 1.73317912977e-017
    },
    "spectral_energy": {
        "mean": 0.0147633003071,
        "var": 0.000282298278762
    },
    "spectral_energyband_high": {
        "mean": 2.00958243113e-006,
        "var": 3.24163022813e-011
    },
    "spectral_energyband_low": {
        "mean": 7.84223229857e-005,
        "var": 8.71659437962e-008
    },
    "spectral_energyband_middle_high": {
        "mean": 0.00351931643672,
        "var": 5.49494361621e-005
    },
    "spectral_energyband_middle_low": {
        "mean": 0.01197694242,
        "var": 0.000191222541616
    },
    "spectral_entropy": {
        "mean": 5.31106090546,
        "var": 0.178970828652
    },
    "spectral_flux": {
        "mean": 0.0222975295037,
        "var": 0.000938853539992
    },
    "spectral_kurtosis": {
        "mean": 68.7913589478,
        "var": 1119.82580566
    },
    "spectral_rms": {
        "mean": 0.00330817536451,
        "var": 3.45919102074e-006
    },
    "spectral_rolloff": {
        "mean": 695.467468262,
        "var": 537305.9375
    },
    "spectral_skewness": {
        "mean": 5.7625784874,
        "var": 3.59786748886
    },
    "spectral_spread": {
        "mean": 1244108.75,
        "var": 2.82715619328e+012
    },
    "spectral_strongpeak": {
        "mean": 1.73899245262,
        "var": 2.91708016396
    },
    "zerocrossingrate": {
        "mean": 0.0268225483596,
        "var": 0.000406033854233
    },
    "barkbands": {
        "mean": [6.31421380604e-006, 3.06891706714e-006, 7.63861226005e-006, 0.000258821004536, 0.0016138034407, 0.00166413828265, 0.00229588290676, 0.00149507040624, 0.00287589523941, 0.00350448815152, 0.000305213063257, 2.31608282775e-005, 0.000441564799985, 9.00221712072e-005, 0.000135902271722, 9.9387825685e-006, 1.78015234269e-005, 6.17968726147e-006, 5.76714592171e-006, 1.27858095311e-006, 7.64943422382e-007, 5.34296759724e-007, 3.54381946011e-008, 1.4881185173e-008, 4.60410110037e-009, 1.26170041082e-009, 9.0781221429e-010],
        "var": [5.33000466679e-012, 3.91819181267e-011, 5.45261558127e-010, 4.5023000439e-007, 4.40074745711e-006, 6.49653520668e-006, 2.19660960283e-005, 4.51067426184e-005, 6.75241171848e-005, 7.50405233703e-005, 1.55906275268e-006, 6.23599438754e-009, 2.30743876273e-006, 7.7198251347e-008, 1.47157635411e-007, 6.4131477906e-010, 1.67873071e-009, 2.17786233492e-010, 2.17909301714e-010, 1.54551198228e-011, 5.10589790934e-012, 4.43343495596e-012, 1.50946743034e-014, 3.15017079974e-015, 8.27942201052e-016, 4.86115278924e-016, 1.70239183133e-016]
    },
    "erbbands": {
        "mean": [9.95736190816e-005, 0.00101146299858, 0.0140402447432, 0.446455538273, 4.12891721725, 4.64248752594, 9.9822883606, 12.7519226074, 29.1309585571, 28.3361377716, 48.9996299744, 82.4701309204, 86.5864334106, 69.902633667, 12.3350982666, 4.44377374649, 21.8238754272, 5.60401248932, 8.17338752747, 2.80172872543, 0.72268897295, 0.643875658512, 0.440418273211, 0.369651645422, 0.240280002356, 0.0873052254319, 0.0382304750383, 0.0212231874466, 0.0159641094506, 0.00824824161828, 0.00113579561003, 0.000432384462329, 0.000204290292459, 8.73623721418e-005, 3.41542545357e-005, 1.45273907037e-005, 6.90786464475e-006, 1.84615237231e-006, 7.42359407013e-006, 1.68705373653e-005],
        "var": [2.11572643849e-008, 3.51020071321e-006, 0.00121472554747, 1.2203271389, 28.9618721008, 49.5164337158, 251.842102051, 409.735961914, 4170.18261719, 4582.77539063, 33000.6835938, 50052.0195313, 61978.8085938, 48586.3085938, 1600.23278809, 140.533157349, 5582.19189453, 233.538635254, 517.809326172, 77.1196136475, 2.18643641472, 1.9438611269, 1.00196909904, 0.726707875729, 0.605238080025, 0.0748751834035, 0.0107562327757, 0.00504020694643, 0.00306306220591, 0.000983067671768, 1.48336566781e-005, 1.7673731918e-006, 6.97439304531e-007, 2.08270137136e-007, 3.03678682201e-008, 7.51454809489e-009, 1.65036206923e-009, 1.93247112756e-010, 8.0204926034e-011, 3.76617542708e-010]
    },
    "gfcc": {
        "mean": [-234.561706543, 200.400390625, -163.604827881, -53.7149391174, -56.5680046082, -49.7594337463, -25.3368587494, -20.6815128326, -10.7840919495, -16.3506946564, -4.91435956955, -12.4206790924, 4.02356433868],
        "cov": [[7436.31396484, -130.520904541, -1152.75622559, 583.307983398, 51.9175071716, 577.156677246, 286.354705811, -451.194824219, -207.121627808, -400.361694336, -547.902954102, -419.810302734, -321.794067383], [-130.520904541, 431.281799316, 213.428131104, 62.8053436279, 136.117980957, -79.3891677856, -114.024803162, -117.841545105, -171.448455811, -158.310272217, -80.4935836792, -64.2975540161, -31.7741451263], [-1152.75622559, 213.428131104, 466.8515625, 89.1597824097, 132.794128418, -91.5343093872, -129.192077637, -26.2288322449, -128.08972168, -101.846633911, -61.1026153564, -55.7524757385, -32.8240394592], [583.307983398, 62.8053436279, 89.1597824097, 526.964050293, 248.93989563, 65.1703796387, -56.0520477295, -242.22958374, -292.18347168, -286.935150146, -242.207229614, -136.273071289, -25.4957485199], [51.9175071716, 136.117980957, 132.794128418, 248.93989563, 317.352416992, 123.033233643, 7.9198975563, -129.348068237, -227.89012146, -272.264129639, -275.944549561, -146.739395142, -20.1295623779], [577.156677246, -79.3891677856, -91.5343093872, 65.1703796387, 123.033233643, 302.386993408, 171.293701172, -14.117641449, -59.9156799316, -159.76550293, -216.960586548, -103.982673645, -14.8223896027], [286.354705811, -114.024803162, -129.192077637, -56.0520477295, 7.9198975563, 171.293701172, 211.021453857, 85.8021316528, 42.824596405, -41.9677124023, -114.920402527, -41.7832565308, 11.7315502167], [-451.194824219, -117.841545105, -26.2288322449, -242.22958374, -129.348068237, -14.117641449, 85.8021316528, 222.651138306, 199.191802979, 153.805099487, 100.234016418, 59.462600708, 25.9006977081], [-207.121627808, -171.448455811, -128.08972168, -292.18347168, -227.89012146, -59.9156799316, 42.824596405, 199.191802979, 320.445068359, 294.250335693, 208.597671509, 95.6712188721, -14.8431863785], [-400.361694336, -158.310272217, -101.846633911, -286.935150146, -272.264129639, -159.76550293, -41.9677124023, 153.805099487, 294.250335693, 389.71496582, 342.437683105, 155.924407959, 6.16641521454], [-547.902954102, -80.4935836792, -61.1026153564, -242.207229614, -275.944549561, -216.960586548, -114.920402527, 100.234016418, 208.597671509, 342.437683105, 429.356658936, 230.352172852, 46.9943313599], [-419.810302734, -64.2975540161, -55.7524757385, -136.273071289, -146.739395142, -103.982673645, -41.7832565308, 59.462600708, 95.6712188721, 155.924407959, 230.352172852, 199.30682373, 103.763275146], [-321.794067383, -31.7741451263, -32.8240394592, -25.4957485199, -20.1295623779, -14.8223896027, 11.7315502167, 25.9006977081, -14.8431863785, 6.16641521454, 46.9943313599, 103.763275146, 164.738555908]],
        "icov": [[0.000679065065924, -0.000809713557828, 0.0022177931387, -0.000914855278097, 0.00149460870307, -0.00104349129833, 0.0010422746418, -0.000451199535746, 0.000789450597949, -0.000467491714517, 0.00113343307748, 9.22362451092e-005, 0.00126324931625], [-0.000809713557828, 0.00681222323328, -0.0041814497672, 0.00436302833259, -0.00344652310014, 0.00413344241679, -0.00189951970242, 0.00482735969126, -0.00251225032844, 0.00600229529664, -0.00463393004611, 0.00308085652068, -0.0021682404913], [0.0022177931387, -0.0041814497672, 0.0122657828033, -0.00381561880931, 0.00402236357331, -0.00379103980958, 0.00790142919868, -0.00813501048833, 0.00730018457398, -0.00421089911833, 0.0061803678982, -0.00133824360091, 0.00614104093984], [-0.000914855278097, 0.00436302833259, -0.00381561880931, 0.00808805506676, -0.00394609896466, 0.00366389518604, -0.00201321556233, 0.00667999638245, -0.0014101221459, 0.00452358741313, -0.00325991259888, 0.00282435072586, -0.00265883118846], [0.00149460870307, -0.00344652310014, 0.00402236357331, -0.00394609896466, 0.0153884282336, -0.00561027368531, 0.00534661766142, -0.00330654904246, 0.00635991897434, -0.00371243618429, 0.0089037520811, -0.00085669872351, 0.00267181964591], [-0.00104349129833, 0.00413344241679, -0.00379103980958, 0.00366389518604, -0.00561027368531, 0.0128293093294, -0.00976212974638, 0.00649172160774, -0.00524901831523, 0.00665659178048, -0.00407504150644, 0.00241286726668, -0.00236547761597], [0.0010422746418, -0.00189951970242, 0.00790142919868, -0.00201321556233, 0.00534661766142, -0.00976212974638, 0.022180031985, -0.0136665208265, 0.00804928969592, -0.0060020480305, 0.0112339220941, -0.0040129176341, 0.00354935019277], [-0.000451199535746, 0.00482735969126, -0.00813501048833, 0.00667999638245, -0.00330654904246, 0.00649172160774, -0.0136665208265, 0.0283597726375, -0.019414037466, 0.0123408427462, -0.010037121363, 0.00811092741787, -0.00829956866801], [0.000789450597949, -0.00251225032844, 0.00730018457398, -0.0014101221459, 0.00635991897434, -0.00524901831523, 0.00804928969592, -0.019414037466, 0.0338926874101, -0.0244524739683, 0.0161732118577, -0.010096680373, 0.0107927750796], [-0.000467491714517, 0.00600229529664, -0.00421089911833, 0.00452358741313, -0.00371243618429, 0.00665659178048, -0.0060020480305, 0.0123408427462, -0.0244524739683, 0.0360936075449, -0.0251682791859, 0.0149160781875, -0.00703166564927], [0.00113343307748, -0.00463393004611, 0.0061803678982, -0.00325991259888, 0.0089037520811, -0.00407504150644, 0.0112339220941, -0.010037121363, 0.0161732118577, -0.0251682791859, 0.0347173772752, -0.0237572137266, 0.0110060088336], [9.22362451092e-005, 0.00308085652068, -0.00133824360091, 0.00282435072586, -0.00085669872351, 0.00241286726668, -0.0040129176341, 0.00811092741787, -0.010096680373, 0.0149160781875, -0.0237572137266, 0.0341701358557, -0.0161457210779], [0.00126324931625, -0.0021682404913, 0.00614104093984, -0.00265883118846, 0.00267181964591, -0.00236547761597, 0.00354935019277, -0.00829956866801, 0.0107927750796, -0.00703166564927, 0.0110060088336, -0.0161457210779, 0.0183631274849]]
    },
    "melbands": {
        "mean": [1.02931812762e-006, 2.56274188359e-006, 0.000165752659086, 0.000364856095985, 0.000309121212922, 0.000292220211122, 0.000456686742837, 0.000285232672468, 0.000480790506117, 0.000447005557362, 0.00042000724352, 0.000295161415124, 4.62853568024e-005, 3.73734224013e-006, 4.20929209213e-005, 2.77589406323e-005, 9.85983751889e-006, 1.27122038975e-005, 5.75112062506e-006, 1.95700908989e-006, 7.77970399213e-007, 6.23165590241e-007, 8.10448966604e-007, 2.88479014898e-007, 3.00597065461e-007, 1.91475507449e-007, 8.68041070134e-008, 4.90410130283e-008, 2.25527774234e-008, 1.71794667381e-008, 1.22086341037e-008, 1.0612834167e-008, 7.029912652e-009, 2.87408719046e-009, 4.94194629663e-010, 3.12005810077e-010, 2.53030263409e-010, 1.25570914777e-010, 1.18194329324e-010, 4.66552213529e-011],
        "var": [2.20053337531e-012, 4.86787381238e-011, 7.84397329312e-008, 2.20756348313e-007, 2.23727127491e-007, 2.25590042646e-007, 9.9489011518e-007, 5.41941233223e-007, 2.2052197437e-006, 1.44502234889e-006, 1.52289305788e-006, 9.67959522313e-007, 3.2357142743e-008, 2.36499125839e-010, 2.07598667146e-008, 8.6524742926e-009, 1.16726794896e-009, 1.19201781779e-009, 2.38928099527e-010, 5.32554278454e-011, 3.65804348618e-012, 2.19720010415e-012, 5.05979503088e-012, 7.78785347842e-013, 5.67286235348e-013, 3.79750240585e-013, 5.90922303494e-014, 3.26763728651e-014, 5.49240515197e-015, 5.72963324599e-015, 2.67325249868e-015, 1.94267493497e-015, 1.07256711616e-015, 1.18329801282e-016, 3.80533356585e-018, 1.16971403626e-018, 6.74656676007e-019, 2.10756572791e-019, 1.05076639475e-018, 6.17634890008e-020]
    },
    "mfcc": {
        "mean": [-848.263977051, 206.824081421, -22.1257839203, -25.2513084412, -19.7955989838, -34.5635871887, -25.6702747345, -16.9221420288, -12.086602211, -2.75607609749, -3.05795741081, -16.170589447, -13.4602947235],
        "cov": [[3917.79785156, 900.495605469, -1397.73327637, 441.02722168, -44.3610534668, 381.776031494, 315.765319824, 48.9324111938, 32.9000053406, -138.388931274, -74.942489624, -185.231079102, -146.440979004], [900.495605469, 445.242431641, -247.328842163, 17.2617855072, 75.0919723511, 62.8361282349, 75.5779876709, 9.55726146698, -40.7586364746, -48.9299659729, -41.1483917236, -45.0510902405, -66.5029449463], [-1397.73327637, -247.328842163, 651.729553223, -86.316986084, 49.1943397522, -110.814506531, -114.748542786, -32.616481781, -71.8455352783, -8.7505235672, -8.74379730225, 53.2778282166, 33.2838134766], [441.02722168, 17.2617855072, -86.316986084, 337.874786377, 150.971466064, 114.726028442, 95.7206726074, -19.6215076447, -80.1745071411, -147.713668823, -144.679199219, -84.2554321289, -78.900138855], [-44.3610534668, 75.0919723511, 49.1943397522, 150.971466064, 300.959899902, 122.051086426, 95.0529632568, 25.6324977875, -69.4486923218, -133.771118164, -195.433273315, -116.085762024, -125.002227783], [381.776031494, 62.8361282349, -110.814506531, 114.726028442, 122.051086426, 230.074920654, 149.746994019, 79.067199707, 53.2098121643, -78.1401443481, -144.748184204, -148.409118652, -140.137329102], [315.765319824, 75.5779876709, -114.748542786, 95.7206726074, 95.0529632568, 149.746994019, 179.329391479, 100.598014832, 52.8166236877, -65.1038665771, -151.03666687, -139.381134033, -135.356323242], [48.9324111938, 9.55726146698, -32.616481781, -19.6215076447, 25.6324977875, 79.067199707, 100.598014832, 165.949981689, 151.477233887, 2.70142841339, -107.415138245, -134.626312256, -94.138999939], [32.9000053406, -40.7586364746, -71.8455352783, -80.1745071411, -69.4486923218, 53.2098121643, 52.8166236877, 151.477233887, 274.019805908, 114.092987061, -37.7789001465, -101.612136841, -79.4934997559], [-138.388931274, -48.9299659729, -8.7505235672, -147.713668823, -133.771118164, -78.1401443481, -65.1038665771, 2.70142841339, 114.092987061, 192.234725952, 163.673736572, 60.9997787476, 34.5545654297], [-74.942489624, -41.1483917236, -8.74379730225, -144.679199219, -195.433273315, -144.748184204, -151.03666687, -107.415138245, -37.7789001465, 163.673736572, 335.831970215, 236.902481079, 118.413879395], [-185.231079102, -45.0510902405, 53.2778282166, -84.2554321289, -116.085762024, -148.409118652, -139.381134033, -134.626312256, -101.612136841, 60.9997787476, 236.902481079, 288.143676758, 165.257049561], [-146.440979004, -66.5029449463, 33.2838134766, -78.900138855, -125.002227783, -140.137329102, -135.356323242, -94.138999939, -79.4934997559, 34.5545654297, 118.413879395, 165.257049561, 264.719085693]],
        "icov": [[0.0341513939202, -0.0473310276866, 0.0470966212451, -0.045647546649, 0.0462700128555, -0.0430268496275, 0.0380795449018, -0.0319328382611, 0.026396708563, -0.0205534137785, 0.0179633516818, -0.0109749743715, 0.00408693123609], [-0.0473310276866, 0.0692680105567, -0.0634637624025, 0.0646472722292, -0.0650124326348, 0.0599201880395, -0.0528970733285, 0.0438071340322, -0.0348877944052, 0.0284939557314, -0.024403559044, 0.0149581739679, -0.0045991782099], [0.0470966212451, -0.0634637624025, 0.0684484392405, -0.0621587112546, 0.0641596466303, -0.0601191073656, 0.05735841766, -0.0481562167406, 0.0413821265101, -0.0323301926255, 0.0299479234964, -0.01831397973, 0.00833501294255], [-0.045647546649, 0.0646472722292, -0.0621587112546, 0.0677805170417, -0.0646123513579, 0.0588975660503, -0.0554339624941, 0.0491846948862, -0.0391956940293, 0.0347677990794, -0.0278010759503, 0.0177307967097, -0.00611984916031], [0.0462700128555, -0.0650124326348, 0.0641596466303, -0.0646123513579, 0.0754460841417, -0.0653819590807, 0.0615049153566, -0.0535467937589, 0.0497790873051, -0.0413755774498, 0.040870539844, -0.0242014173418, 0.0125350402668], [-0.0430268496275, 0.0599201880395, -0.0601191073656, 0.0588975660503, -0.0653819590807, 0.0713224485517, -0.0640140622854, 0.0529423840344, -0.0484314188361, 0.0429026186466, -0.0381336212158, 0.0246339645237, -0.00912127178162], [0.0380795449018, -0.0528970733285, 0.05735841766, -0.0554339624941, 0.0615049153566, -0.0640140622854, 0.0808283314109, -0.0635947659612, 0.0550311729312, -0.0486503280699, 0.0484308376908, -0.0296312402934, 0.0176213569939], [-0.0319328382611, 0.0438071340322, -0.0481562167406, 0.0491846948862, -0.0535467937589, 0.0529423840344, -0.0635947659612, 0.0738562569022, -0.0601587072015, 0.0510659441352, -0.0437365062535, 0.0309952329844, -0.0139728989452], [0.026396708563, -0.0348877944052, 0.0413821265101, -0.0391956940293, 0.0497790873051, -0.0484314188361, 0.0550311729312, -0.0601587072015, 0.0639658197761, -0.0574938058853, 0.0496258251369, -0.0295138861984, 0.0165044143796], [-0.0205534137785, 0.0284939557314, -0.0323301926255, 0.0347677990794, -0.0413755774498, 0.0429026186466, -0.0486503280699, 0.0510659441352, -0.0574938058853, 0.0680681988597, -0.0555208176374, 0.0327577590942, -0.0150905381888], [0.0179633516818, -0.024403559044, 0.0299479234964, -0.0278010759503, 0.040870539844, -0.0381336212158, 0.0484308376908, -0.0437365062535, 0.0496258251369, -0.0555208176374, 0.0600206032395, -0.0366993062198, 0.0182888992131], [-0.0109749743715, 0.0149581739679, -0.01831397973, 0.0177307967097, -0.0242014173418, 0.0246339645237, -0.0296312402934, 0.0309952329844, -0.0295138861984, 0.0327577590942, -0.0366993062198, 0.0308111645281, -0.013199115172], [0.00408693123609, -0.0045991782099, 0.00833501294255, -0.00611984916031, 0.0125350402668, -0.00912127178162, 0.0176213569939, -0.0139728989452, 0.0165044143796, -0.0150905381888, 0.0182888992131, -0.013199115172, 0.0141275431961]]
    },
    "spectral_contrast_coeffs": {
        "mean": [-0.564265310764, -0.59947425127, -0.596449077129, -0.69437199831, -0.739472687244, -0.793146491051],
        "var": [0.0289548970759, 0.00784711167216, 0.00669102557003, 0.00345321488567, 0.0015673795715, 0.00313678127714]
    },
    "spectral_contrast_valleys": {
        "mean": [-10.4205770493, -7.96796178818, -9.2025384903, -10.1195039749, -11.0886926651, -14.5534257889],
        "var": [1.05318284035, 1.38498032093, 1.31847965717, 1.20693135262, 1.04730463028, 1.01287615299]
    }
},
"metadata": {
    "audio_properties": {
        "analysis_sample_rate": 44100,
        "bit_rate": 86008,
        "equal_loudness": 0,
        "length": 45.0873451233,
        "lossless": 0,
        "replay_gain": -3.74320602417,
        "sample_rate": 44100,
        "codec": "mp3",
        "downmix": "mix",
        "md5_encoded": "7e8e80e1a1bf2fdb007fad56641694cc"
    },
    "tags": {
        "file_name": "513.mp3"
    },
    "version": {
        "essentia": "2.1-beta2",
        "essentia_git_sha": "v2.1_beta2",
        "extractor": "music 1.0"
    }
},
"rhythm": {
    "beats_count": 67,
    "beats_loudness": {
        "mean": 0.0342946127057,
        "var": 0.000723700853996
    },
    "bpm": 89.9344177246,
    "bpm_histogram_first_peak_bpm": {
        "mean": 91,
        "var": 0
    },
    "bpm_histogram_first_peak_spread": {
        "mean": 0.484848499298,
        "var": 0
    },
    "bpm_histogram_first_peak_weight": {
        "mean": 0.515151500702,
        "var": 0
    },
    "bpm_histogram_second_peak_bpm": {
        "mean": 0,
        "var": 0
    },
    "bpm_histogram_second_peak_spread": {
        "mean": 0,
        "var": 0
    },
    "bpm_histogram_second_peak_weight": {
        "mean": 0,
        "var": 0
    },
    "danceability": 1.11568558216,
    "onset_rate": 1.68496620655,
    "beats_loudness_band_ratio": {
        "mean": [0.063886217773, 0.303909182549, 0.44575881958, 0.246382132173, 0.0160535983741, 0.000819478824269],
        "var": [0.018052732572, 0.0791748017073, 0.0897357389331, 0.071596160531, 0.000211377351661, 3.05568789827e-007]
    },
    "beats_position": [0.731428563595, 1.40480720997, 2.08979582787, 2.76317453384, 3.42494320869, 4.08671188354, 4.76009082794, 5.42185926437, 6.08362817764, 6.7570066452, 7.4303855896, 8.10376358032, 8.75392246246, 9.42730140686, 10.1006803513, 10.7624483109, 11.4242172241, 12.0975961685, 12.7709751129, 13.4327430725, 14.0945119858, 14.7678909302, 15.4180498123, 16.0914287567, 16.7648067474, 17.426574707, 18.088344574, 18.7617225647, 19.4234924316, 20.0852603912, 20.758638382, 21.4204082489, 22.0937862396, 22.7555541992, 23.4173240662, 24.0907020569, 24.7524719238, 25.4258499146, 26.0992279053, 26.7726078033, 27.4343757629, 28.0961437225, 28.7695236206, 29.4312915802, 30.0930614471, 30.7664394379, 31.4282073975, 32.0899772644, 32.7633552551, 33.4367332458, 34.0985031128, 34.7602729797, 35.4336509705, 36.0954170227, 36.7571868896, 37.4305648804, 38.1039466858, 38.765712738, 39.427482605, 40.1008605957, 40.7626304626, 41.4243965149, 42.0977783203, 42.7595443726, 43.4213142395, 44.0946922302, 44.7680702209]
},
"tonal": {
    "chords_changes_rate": 0.037037037313,
    "chords_number_rate": 0.00514403311536,
    "chords_strength": {
        "mean": 0.447090625763,
        "var": 0.00441139889881
    },
    "hpcp_entropy": {
        "mean": 1.04087555408,
        "var": 0.296939730644
    },
    "key_strength": 0.624788999557,
    "tuning_diatonic_strength": 0.436858892441,
    "tuning_equal_tempered_deviation": 0.000478693807963,
    "tuning_frequency": 439.238189697,
    "tuning_nontempered_energy_ratio": 0.577332913876,
    "hpcp": {
        "mean": [0.467029720545, 0.260047376156, 0.00668320478871, 0.000820522080176, 0.000684940139763, 0.0664218515158, 0.153935387731, 0.0896571874619, 0.0190921872854, 0.0378252156079, 0.021450266242, 0.00153390294872, 0.000770681188442, 0.00170372542925, 0.0797804668546, 0.14360435307, 0.0655740499496, 0.000472417770652, 0.00033000507392, 0.00229837186635, 0.210758090019, 0.447565644979, 0.242621123791, 0.00433641253039, 0.000782706832979, 0.000256149069173, 0.000711899832822, 0.0014086519368, 0.00260356697254, 0.165591150522, 0.323650240898, 0.16117182374, 0.00262568844482, 0.00282976240851, 0.00439791660756, 0.215938597918],
        "var": [0.168165326118, 0.0547920241952, 0.00181773200165, 7.07597646397e-005, 5.08739904035e-005, 0.0133850732818, 0.0703304633498, 0.0234172083437, 0.0076573076658, 0.0326545760036, 0.0107839182019, 0.000277758343145, 2.92181812256e-006, 0.000102096120827, 0.033060953021, 0.105834573507, 0.0218615587801, 1.66134861956e-006, 6.27633562544e-006, 0.000170417231857, 0.0425138957798, 0.180993139744, 0.054037284106, 8.66334376042e-005, 7.46893192627e-006, 4.13051765236e-007, 3.72708882423e-006, 1.18667667266e-005, 3.58095276169e-005, 0.0466935187578, 0.175656557083, 0.0448707044125, 2.27146283578e-005, 0.000141054668347, 0.00130060815718, 0.0378711000085]
    },
    "chords_histogram": [47.8395080566, 2.26337456703, 29.3209877014, 11.6255140305, 0, 0.102880656719, 0, 8.43621444702, 0, 0, 0, 0, 0, 0, 0, 0, 0, 0, 0, 0, 0, 0, 0.411522626877, 0],
    "thpcp": [1, 0.556811213493, 0.0143100200221, 0.00175689475145, 0.00146658788435, 0.14222189784, 0.329605132341, 0.19197319448, 0.0408800281584, 0.0809910222888, 0.0459291264415, 0.0032843798399, 0.00165017589461, 0.0036480021663, 0.170825242996, 0.307484388351, 0.14040659368, 0.00101153680589, 0.000706603983417, 0.00492125377059, 0.451273411512, 0.958323717117, 0.519498229027, 0.00928508862853, 0.00167592510115, 0.000548464187887, 0.00152431381866, 0.00301619339734, 0.00557473488152, 0.354562342167, 0.692997097969, 0.345099717379, 0.005622101482, 0.00605906266719, 0.00941678136587, 0.462365865707],
    "chords_key": "A",
    "chords_scale": "minor",
    "key_key": "A",
    "key_scale": "minor"
}
}