{
"lowlevel": {
    "average_loudness": 0.894869446754,
    "barkbands_crest": {
        "mean": 10.2679414749,
        "var": 12.4219503403
    },
    "barkbands_flatness_db": {
        "mean": 0.199241161346,
        "var": 0.00187630776782
    },
    "barkbands_kurtosis": {
        "mean": 3.11646127701,
        "var": 30.2593631744
    },
    "barkbands_skewness": {
        "mean": 1.32889986038,
        "var": 0.914041638374
    },
    "barkbands_spread": {
        "mean": 10.9676780701,
        "var": 25.4226493835
    },
    "dissonance": {
        "mean": 0.420470297337,
        "var": 0.00169446528889
    },
    "dynamic_complexity": 5.96279907227,
    "erbbands_crest": {
        "mean": 11.9947681427,
        "var": 22.2541332245
    },
    "erbbands_flatness_db": {
        "mean": 0.249167889357,
        "var": 0.00116321642417
    },
    "erbbands_kurtosis": {
        "mean": 0.494570165873,
        "var": 3.9468357563
    },
    "erbbands_skewness": {
        "mean": 0.4403899014,
        "var": 0.518354594707
    },
    "erbbands_spread": {
        "mean": 21.6710681915,
        "var": 62.2661209106
    },
    "hfc": {
        "mean": 9.78822803497,
        "var": 246.566268921
    },
    "melbands_crest": {
        "mean": 16.1245594025,
        "var": 40.0712471008
    },
    "melbands_flatness_db": {
        "mean": 0.25771728158,
        "var": 0.00314578204416
    },
    "melbands_kurtosis": {
        "mean": 6.15205717087,
        "var": 96.4739456177
    },
    "melbands_skewness": {
        "mean": 1.78603792191,
        "var": 1.42307162285
    },
    "melbands_spread": {
        "mean": 15.7034139633,
        "var": 80.8952102661
    },
    "pitch_salience": {
        "mean": 0.531664013863,
        "var": 0.0135222505778
    },
    "silence_rate_20dB": {
        "mean": 1,
        "var": 0
    },
    "silence_rate_30dB": {
        "mean": 0.995882630348,
        "var": 0.00410041725263
    },
    "silence_rate_60dB": {
        "mean": 0.363355636597,
        "var": 0.231324508786
    },
    "spectral_centroid": {
        "mean": 881.480712891,
        "var": 234743.6875
    },
    "spectral_complexity": {
        "mean": 9.90684509277,
        "var": 34.6526565552
    },
    "spectral_decrease": {
        "mean": -3.22469562164e-009,
        "var": 2.61357955032e-017
    },
    "spectral_energy": {
        "mean": 0.0130585739389,
        "var": 0.000427631399361
    },
    "spectral_energyband_high": {
        "mean": 5.10034005856e-005,
        "var": 1.33951560954e-008
    },
    "spectral_energyband_low": {
        "mean": 0.000645802763756,
        "var": 1.1900364143e-006
    },
    "spectral_energyband_middle_high": {
        "mean": 0.00463704764843,
        "var": 8.00298003014e-005
    },
    "spectral_energyband_middle_low": {
        "mean": 0.00818485207856,
        "var": 0.000183226293302
    },
    "spectral_entropy": {
        "mean": 6.67925882339,
        "var": 0.146288990974
    },
    "spectral_flux": {
        "mean": 0.0441623553634,
        "var": 0.00200658384711
    },
    "spectral_kurtosis": {
        "mean": 15.4026489258,
        "var": 113.952964783
    },
    "spectral_rms": {
        "mean": 0.00285881920718,
        "var": 4.5672077249e-006
    },
    "spectral_rolloff": {
        "mean": 1135.52929688,
        "var": 715551.3125
    },
    "spectral_skewness": {
        "mean": 2.57736301422,
        "var": 0.759849131107
    },
    "spectral_spread": {
        "mean": 2427477.75,
        "var": 1.7825324073e+012
    },
    "spectral_strongpeak": {
        "mean": 1.09237968922,
        "var": 1.70236635208
    },
    "zerocrossingrate": {
        "mean": 0.0395339429379,
        "var": 0.000508718017954
    },
    "barkbands": {
        "mean": [1.71878468791e-006, 1.71354331542e-005, 0.000189629528904, 0.000643425621092, 0.000841822242364, 0.00227184733376, 0.00166229961906, 0.00190838507842, 0.000819491920993, 0.00141548877582, 0.000577041064389, 0.001209968701, 0.000503355578985, 0.000265517795924, 0.000207689154195, 0.000101892452221, 0.000176147383172, 7.33207562007e-005, 9.50410103542e-005, 3.23203421431e-005, 1.70537969097e-005, 9.43199665926e-006, 8.33148078527e-006, 5.08176981384e-006, 1.83243889751e-006, 3.17222588819e-006, 1.33771138167e-007],
        "var": [3.02097999394e-011, 8.94208540547e-010, 7.81315350196e-008, 1.53443011186e-006, 1.05094022729e-006, 2.61157783825e-005, 5.69424482819e-005, 3.16893638228e-005, 4.57908481621e-006, 2.27568507398e-005, 8.56881069922e-006, 8.50627657201e-006, 1.87728903711e-006, 4.11101979125e-007, 3.31554673494e-007, 4.9644722111e-008, 1.38072294931e-007, 2.18683720021e-008, 3.66887640268e-008, 6.6444822977e-009, 1.44734291219e-009, 6.57585430552e-010, 8.37607205817e-010, 3.43349515486e-010, 3.68019885399e-011, 2.50448134453e-010, 6.48098599527e-013]
    },
    "erbbands": {
        "mean": [0.000592728611082, 0.00537053355947, 0.133058875799, 1.54567217827, 0.999452412128, 2.65562081337, 15.2386007309, 19.5376586914, 21.9000453949, 21.6108283997, 46.788192749, 22.1617565155, 24.7851791382, 43.2676925659, 36.7775115967, 46.4152793884, 27.7946681976, 12.4681921005, 12.617811203, 11.7360420227, 6.53676605225, 7.65226602554, 4.33771705627, 5.63839578629, 2.68406820297, 1.70747315884, 0.860878407955, 0.51153755188, 0.347835063934, 0.250752657652, 0.246111765504, 0.121185302734, 0.0744124799967, 0.0233800783753, 0.0140876267105, 0.0117265060544, 0.00617673294619, 0.000938649696764, 2.72316847258e-005, 1.58795010066e-005],
        "var": [1.19467233617e-006, 5.97244106757e-005, 0.041411485523, 7.85036706924, 3.1276307106, 15.6087207794, 326.103729248, 3441.62109375, 7565.42138672, 7680.24365234, 16806.3828125, 3056.63427734, 7502.24365234, 16031.875, 15666.5644531, 11431.7753906, 5617.23144531, 577.57611084, 715.638977051, 1092.99987793, 125.149536133, 207.596054077, 79.4376373291, 132.020141602, 24.0601406097, 18.1535491943, 3.39542126656, 1.52340269089, 0.915564358234, 0.412713766098, 1.01830899715, 0.17459833622, 0.0801446586847, 0.00577905774117, 0.00255841482431, 0.00270849722438, 0.00130714883562, 2.35839779634e-005, 1.20386278724e-008, 6.60658749929e-010]
    },
    "gfcc": {
        "mean": [-126.241722107, 141.223464966, -155.710128784, -5.57743740082, -58.5427017212, -11.1186656952, -44.6283340454, -9.28079891205, -31.976266861, -11.4865846634, -9.50688457489, -4.33347940445, -8.33021259308],
        "cov": [[10846.1318359, -1753.62316895, -840.928833008, -28.0168056488, -995.926330566, 300.203979492, 247.201721191, 406.265563965, 100.195541382, 211.351394653, -381.909912109, -1.77070367336, -667.707946777], [-1753.62316895, 963.554321289, 60.0626678467, -72.9913635254, 248.34967041, -107.881088257, -45.3878631592, -129.453811646, 5.27943563461, -142.760421753, 105.962852478, -154.341262817, 130.335067749], [-840.928833008, 60.0626678467, 439.82611084, -95.3499526978, 24.168384552, 4.81766319275, -42.6139373779, -5.29166698456, -18.8642959595, 23.5206279755, -2.91886091232, 38.029800415, -7.19109725952], [-28.0168056488, -72.9913635254, -95.3499526978, 259.393035889, -1.2466148138, -32.106967926, 0.101117178798, -22.3025035858, 10.9519309998, -4.8501458168, 16.9729251862, 18.8189277649, 29.9191246033], [-995.926330566, 248.34967041, 24.168384552, -1.2466148138, 226.710388184, -25.9255867004, -38.0713043213, -46.240032196, -33.3047904968, -37.3814430237, 17.9639892578, -18.3491382599, 54.8704414368], [300.203979492, -107.881088257, 4.81766319275, -32.106967926, -25.9255867004, 115.321022034, 26.7967357635, 5.96980237961, -5.67620277405, 15.8525915146, -23.458896637, -4.02989768982, -14.0847434998], [247.201721191, -45.3878631592, -42.6139373779, 0.101117178798, -38.0713043213, 26.7967357635, 93.5336074829, 31.6513957977, -7.81151819229, 0.250167667866, -3.31051397324, -9.73325061798, -18.8003635406], [406.265563965, -129.453811646, -5.29166698456, -22.3025035858, -46.240032196, 5.96980237961, 31.6513957977, 118.505310059, 10.9437589645, 7.2486448288, -21.7669849396, 0.294045627117, -47.0424690247], [100.195541382, 5.27943563461, -18.8642959595, 10.9519309998, -33.3047904968, -5.67620277405, -7.81151819229, 10.9437589645, 108.195121765, 14.0607061386, -8.24722480774, -6.26087236404, -6.67761611938], [211.351394653, -142.760421753, 23.5206279755, -4.8501458168, -37.3814430237, 15.8525915146, 0.250167667866, 7.2486448288, 14.0607061386, 99.9519042969, -1.17633664608, 29.1776294708, -15.8759031296], [-381.909912109, 105.962852478, -2.91886091232, 16.9729251862, 17.9639892578, -23.458896637, -3.31051397324, -21.7669849396, -8.24722480774, -1.17633664608, 100.345474243, 14.2010116577, 42.3244972229], [-1.77070367336, -154.341262817, 38.029800415, 18.8189277649, -18.3491382599, -4.02989768982, -9.73325061798, 0.294045627117, -6.26087236404, 29.1776294708, 14.2010116577, 137.534851074, 28.9030227661], [-667.707946777, 130.335067749, -7.19109725952, 29.9191246033, 54.8704414368, -14.0847434998, -18.8003635406, -47.0424690247, -6.67761611938, -15.8759031296, 42.3244972229, 28.9030227661, 136.275466919]],
        "icov": [[0.000364519102732, -0.00018664165691, 0.000793718209025, 1.67559880992e-006, 0.00124069675803, -0.000590645591728, 0.000366306136129, -0.000395938026486, 0.000376434676582, -0.000348098517861, 0.00076134497067, -0.000490266480483, 0.00120472081471], [-0.00018664165691, 0.00470135407522, -0.00138817518018, 0.00185395695735, -0.00339156552218, 0.00334388250485, -0.00168586813379, 0.00317587517202, -0.00247308122925, 0.0038933348842, -0.00364159070887, 0.00497144227847, -0.00290726940148], [0.000793718209025, -0.00138817518018, 0.00467063393444, 0.000598399725277, 0.0030381239485, -0.00201177387498, 0.00229259044863, -0.00147548189852, 0.0017156037502, -0.00200384203345, 0.00233480031602, -0.00287031009793, 0.0034417102579], [1.67559880992e-006, 0.00185395695735, 0.000598399725277, 0.00531657459214, -0.000922640727367, 0.00240928912535, -0.000913826981559, 0.00202315230854, -0.00127371086273, 0.00149945297744, -0.00134510267526, 0.00112661719322, -0.00141668366268], [0.00124069675803, -0.00339156552218, 0.0030381239485, -0.000922640727367, 0.0118541913107, -0.00312742311507, 0.00383562059142, -0.00222453474998, 0.00428876979277, -0.00216003903188, 0.0046268273145, -0.00331329461187, 0.00357487006113], [-0.000590645591728, 0.00334388250485, -0.00201177387498, 0.00240928912535, -0.00312742311507, 0.0134913884103, -0.00463317660615, 0.00367794698104, -0.00142489047721, 0.00139266124461, -0.000910518690944, 0.00417848862708, -0.00395414745435], [0.000366306136129, -0.00168586813379, 0.00229259044863, -0.000913826981559, 0.00383562059142, -0.00463317660615, 0.0150250149891, -0.00465972628444, 0.00297787692398, -0.00102003756911, 0.000547304050997, -0.0011275713332, 0.00226606288925], [-0.000395938026486, 0.00317587517202, -0.00147548189852, 0.00202315230854, -0.00222453474998, 0.00367794698104, -0.00465972628444, 0.0135263521224, -0.00283316732384, 0.0030771670863, -0.0017785304226, 0.00253641302697, 3.69241824956e-005], [0.000376434676582, -0.00247308122925, 0.0017156037502, -0.00127371086273, 0.00428876979277, -0.00142489047721, 0.00297787692398, -0.00283316732384, 0.0119102299213, -0.00364628038369, 0.00316136027686, -0.00168559025042, 0.00167302845512], [-0.000348098517861, 0.0038933348842, -0.00200384203345, 0.00149945297744, -0.00216003903188, 0.00139266124461, -0.00102003756911, 0.0030771670863, -0.00364628038369, 0.0153490202501, -0.00417852587998, 0.00168647558894, -0.00137940770946], [0.00076134497067, -0.00364159070887, 0.00233480031602, -0.00134510267526, 0.0046268273145, -0.000910518690944, 0.000547304050997, -0.0017785304226, 0.00316136027686, -0.00417852587998, 0.016138875857, -0.00470729451627, 0.000790292164311], [-0.000490266480483, 0.00497144227847, -0.00287031009793, 0.00112661719322, -0.00331329461187, 0.00417848862708, -0.0011275713332, 0.00253641302697, -0.00168559025042, 0.00168647558894, -0.00470729451627, 0.0145107349381, -0.00657148752362], [0.00120472081471, -0.00290726940148, 0.0034417102579, -0.00141668366268, 0.00357487006113, -0.00395414745435, 0.00226606288925, 3.69241824956e-005, 0.00167302845512, -0.00137940770946, 0.000790292164311, -0.00657148752362, 0.016060911119]]
    },
    "melbands": {
        "mean": [4.93779270982e-006, 4.57500609627e-005, 0.000239106520894, 8.99782389752e-005, 0.000450317573268, 0.000409811415011, 0.000347862544004, 0.000273413257673, 0.000347391352989, 0.000123568475829, 0.000131098713609, 0.000189529833733, 0.000105272505607, 0.000156443507876, 6.37548073428e-005, 5.28611562913e-005, 1.97861536435e-005, 2.20695419557e-005, 1.69573759194e-005, 1.12532052299e-005, 8.39693257149e-006, 9.6668727565e-006, 4.8554352361e-006, 2.82265796159e-006, 5.00948544868e-006, 2.77983713204e-006, 1.56590522238e-006, 8.90886383331e-007, 4.99831571688e-007, 4.48065833325e-007, 2.46720503583e-007, 2.06940157454e-007, 1.43333821256e-007, 1.33392518364e-007, 1.55796186618e-007, 9.53985903607e-008, 6.76162414948e-008, 6.15289437178e-008, 2.75187321819e-008, 1.62104818457e-008],
        "var": [7.94225657463e-011, 4.34594094045e-009, 1.92129249399e-007, 2.85018284529e-008, 2.76103236274e-007, 1.35380741995e-006, 2.05303285838e-006, 8.32925877603e-007, 8.62301760662e-007, 1.13348548325e-007, 2.47087683647e-007, 3.33960514354e-007, 2.37618905885e-007, 1.56557476316e-007, 2.59035708439e-008, 1.64713096495e-008, 1.74160563748e-009, 3.07451619719e-009, 2.76384160003e-009, 6.20652862438e-010, 3.05089981056e-010, 4.32018282259e-010, 9.53077269883e-011, 4.57761016592e-011, 1.14573871224e-010, 2.91328905444e-011, 1.36746889853e-011, 5.17488439253e-012, 1.33537137511e-012, 1.27978031818e-012, 4.89018547878e-013, 3.76732065682e-013, 1.37597967959e-013, 1.36801594358e-013, 4.82156307068e-013, 1.20338702653e-013, 5.74009630517e-014, 5.83557995763e-014, 1.16742290544e-014, 3.29971721943e-015]
    },
    "mfcc": {
        "mean": [-758.879638672, 171.584533691, -36.8558654785, 0.896822452545, -7.18955659866, -10.426074028, -8.47883701324, -6.5816950798, -18.4708003998, -9.06773853302, -10.4561052322, -6.06379556656, -4.95721387863],
        "cov": [[8674.82226563, -951.890441895, -802.51184082, 16.3397369385, -965.812744141, 7.41735363007, -174.682434082, 285.697631836, 95.9049377441, 332.047058105, 113.807052612, 240.486175537, 53.4848823547], [-951.890441895, 675.984130859, 52.9312324524, -63.5932884216, 169.714736938, -65.727355957, 32.1878585815, -36.0007209778, -13.1893978119, -31.917350769, 6.20434617996, -25.2997226715, -15.3814487457], [-802.51184082, 52.9312324524, 423.294189453, -85.901222229, 51.7354469299, 3.78815460205, 1.17230534554, -30.7982349396, -22.4369850159, -17.4034938812, -5.99826097488, -17.7300357819, -35.6516876221], [16.3397369385, -63.5932884216, -85.901222229, 212.794464111, 4.20084762573, -2.72221231461, -17.4886760712, 2.69036889076, -7.03782272339, -26.7189731598, 4.01912879944, -3.4940803051, 15.2715864182], [-965.812744141, 169.714736938, 51.7354469299, 4.20084762573, 226.474624634, -3.8931760788, 14.0594425201, -35.2171211243, -14.3856201172, -29.9613838196, -28.1192245483, -34.8201370239, -2.55946516991], [7.41735363007, -65.727355957, 3.78815460205, -2.72221231461, -3.8931760788, 132.402450562, -5.61857700348, -21.8963699341, 2.76091074944, -9.21662902832, -5.45326280594, -19.9744853973, -20.2924213409], [-174.682434082, 32.1878585815, 1.17230534554, -17.4886760712, 14.0594425201, -5.61857700348, 132.075286865, -1.04374778271, -13.2193136215, -14.1615524292, -14.4579257965, -1.97578656673, 6.08238077164], [285.697631836, -36.0007209778, -30.7982349396, 2.69036889076, -35.2171211243, -21.8963699341, -1.04374778271, 99.4169158936, 10.4843235016, 5.69328832626, -0.373964011669, 8.85936641693, 2.44364523888], [95.9049377441, -13.1893978119, -22.4369850159, -7.03782272339, -14.3856201172, 2.76091074944, -13.2193136215, 10.4843235016, 76.6157073975, 12.7391138077, -2.94038152695, 3.04244565964, -0.0954973250628], [332.047058105, -31.917350769, -17.4034938812, -26.7189731598, -29.9613838196, -9.21662902832, -14.1615524292, 5.69328832626, 12.7391138077, 112.328277588, 16.4318561554, -1.76299619675, -7.89187860489], [113.807052612, 6.20434617996, -5.99826097488, 4.01912879944, -28.1192245483, -5.45326280594, -14.4579257965, -0.373964011669, -2.94038152695, 16.4318561554, 85.7331771851, 9.60180664063, -11.4541339874], [240.486175537, -25.2997226715, -17.7300357819, -3.4940803051, -34.8201370239, -19.9744853973, -1.97578656673, 8.85936641693, 3.04244565964, -1.76299619675, 9.60180664063, 89.5307998657, 27.9082832336], [53.4848823547, -15.3814487457, -35.6516876221, 15.2715864182, -2.55946516991, -20.2924213409, 6.08238077164, 2.44364523888, -0.0954973250628, -7.89187860489, -11.4541339874, 27.9082832336, 83.4082336426]],
        "icov": [[0.000331746239681, 0.000100585268228, 0.000462188792881, 0.000115774819278, 0.00104809645563, -8.27154653962e-005, 0.000267438153969, -0.000372180889826, 0.000159405972227, -0.000565050169826, 0.000129491672851, -0.000390316272387, 8.07181422715e-005], [0.000100585268228, 0.00215568370186, 0.000298043480143, 0.000812834419776, -0.00118875293992, 0.00118376524188, -0.000159120347234, 0.000353174487827, -3.78308577638e-005, 0.000436024536612, -0.000683586753439, 0.000130296713905, 0.000468120502774], [0.000462188792881, 0.000298043480143, 0.00351532176137, 0.0014281970216, 0.000922825187445, 0.000228203905863, 0.000654597126413, 0.000131258930196, 0.000940878060646, -0.000120159806102, 0.000235000581597, -0.000426652957685, 0.00119666219689], [0.000115774819278, 0.000812834419776, 0.0014281970216, 0.00588938361034, -0.000323259650031, 0.000613332376815, 0.000980718643405, 5.64691144973e-005, 0.000711652392056, 0.00159539841115, -0.000717716000509, 0.00070091948146, -0.00050738779828], [0.00104809645563, -0.00118875293992, 0.000922825187445, -0.000323259650031, 0.00982289016247, -0.00028378306888, 0.00081026944099, 0.000208484183531, 0.000942372891586, -0.00112921430264, 0.00226909737103, 0.000553451885935, -0.000249821838224], [-8.27154653962e-005, 0.00118376524188, 0.000228203905863, 0.000613332376815, -0.00028378306888, 0.00925551168621, 0.000199737813091, 0.00242941104807, -0.000563644978683, 0.00153511401732, 0.000314300850732, 0.00172944983933, 0.00202300702222], [0.000267438153969, -0.000159120347234, 0.000654597126413, 0.000980718643405, 0.00081026944099, 0.000199737813091, 0.0083622476086, -0.000397021416575, 0.00154376705177, 0.000416310533183, 0.0012731119059, -7.26867510821e-005, -0.000385002262192], [-0.000372180889826, 0.000353174487827, 0.000131258930196, 5.64691144973e-005, 0.000208484183531, 0.00242941104807, -0.000397021416575, 0.0119386250153, -0.00133517838549, 0.000964640232269, 0.00050002936041, 0.000364892213838, 0.000662502134219], [0.000159405972227, -3.78308577638e-005, 0.000940878060646, 0.000711652392056, 0.000942372891586, -0.000563644978683, 0.00154376705177, -0.00133517838549, 0.0141454180703, -0.00147407711484, 0.00120321207214, -0.000517737236805, 0.000196189517737], [-0.000565050169826, 0.000436024536612, -0.000120159806102, 0.00159539841115, -0.00112921430264, 0.00153511401732, 0.000416310533183, 0.000964640232269, -0.00147407711484, 0.0114038670436, -0.00192067131866, 0.00179216044489, 0.000593384786043], [0.000129491672851, -0.000683586753439, 0.000235000581597, -0.000717716000509, 0.00226909737103, 0.000314300850732, 0.0012731119059, 0.00050002936041, 0.00120321207214, -0.00192067131866, 0.0135043915361, -0.00185243517626, 0.00235534505919], [-0.000390316272387, 0.000130296713905, -0.000426652957685, 0.00070091948146, 0.000553451885935, 0.00172944983933, -7.26867510821e-005, 0.000364892213838, -0.000517737236805, 0.00179216044489, -0.00185243517626, 0.0144195230678, -0.00451419781893], [8.07181422715e-005, 0.000468120502774, 0.00119666219689, -0.00050738779828, -0.000249821838224, 0.00202300702222, -0.000385002262192, 0.000662502134219, 0.000196189517737, 0.000593384786043, 0.00235534505919, -0.00451419781893, 0.015011630021]]
    },
    "spectral_contrast_coeffs": {
        "mean": [-0.535121321678, -0.656293511391, -0.717506527901, -0.743960499763, -0.734428703785, -0.751473009586],
        "var": [0.00441355956718, 0.0059801642783, 0.00511296559125, 0.00293355924077, 0.0033224276267, 0.00340516120195]
    },
    "spectral_contrast_valleys": {
        "mean": [-9.46792697906, -7.57732248306, -8.05237579346, -8.6388835907, -9.46886062622, -12.9190502167],
        "var": [0.829715132713, 1.35077273846, 1.29487669468, 1.14372587204, 1.3084731102, 1.22940063477]
    }
},
"metadata": {
    "audio_properties": {
        "analysis_sample_rate": 44100,
        "bit_rate": 102683,
        "equal_loudness": 0,
        "length": 45.0873451233,
        "lossless": 0,
        "replay_gain": -4.49661445618,
        "sample_rate": 44100,
        "codec": "mp3",
        "downmix": "mix",
        "md5_encoded": "2e466238af991e7edd4bd68916a1a70c"
    },
    "tags": {
        "file_name": "515.mp3"
    },
    "version": {
        "essentia": "2.1-beta2",
        "essentia_git_sha": "v2.1_beta2",
        "extractor": "music 1.0"
    }
},
"rhythm": {
    "beats_count": 81,
    "beats_loudness": {
        "mean": 0.028554180637,
        "var": 0.000923200335819
    },
    "bpm": 103.305282593,
    "bpm_histogram_first_peak_bpm": {
        "mean": 103,
        "var": 0
    },
    "bpm_histogram_first_peak_spread": {
        "mean": 0.437500029802,
        "var": 0
    },
    "bpm_histogram_first_peak_weight": {
        "mean": 0.11249999702,
        "var": 0
    },
    "bpm_histogram_second_peak_bpm": {
        "mean": 126,
        "var": 0
    },
    "bpm_histogram_second_peak_spread": {
        "mean": 0.555555522442,
        "var": 0
    },
    "bpm_histogram_second_peak_weight": {
        "mean": 0.10000000149,
        "var": 0
    },
    "danceability": 1.43622303009,
    "onset_rate": 3.28125,
    "beats_loudness_band_ratio": {
        "mean": [0.0934668406844, 0.322380691767, 0.270382285118, 0.247181132436, 0.0609992705286, 0.0123673928902],
        "var": [0.00931606441736, 0.0546094104648, 0.0308437794447, 0.0210981369019, 0.00328553491272, 0.000202564449864]
    },
    "beats_position": [0.743038535118, 1.49768710136, 2.2523355484, 3.00698399544, 3.7732424736, 4.52789115906, 5.2941493988, 6.04879808426, 6.80344676971, 7.46521520615, 8.11537361145, 8.77714252472, 9.43891143799, 10.1006803513, 10.7043991089, 11.2965078354, 11.8886165619, 12.4691152573, 13.0496139526, 13.6301136017, 14.2338323593, 14.8143310547, 15.3948297501, 15.9753284454, 16.5558280945, 17.1479358673, 17.7400455475, 18.3205432892, 18.9010429382, 19.458322525, 20.0156002045, 20.5728797913, 21.1417675018, 21.6642169952, 22.2098865509, 22.7555541992, 23.2896137238, 23.800453186, 24.3112926483, 24.8221302032, 25.3445796967, 25.8670291901, 26.3894786835, 26.9119262695, 27.4459857941, 27.9800453186, 28.5141029358, 29.0365524292, 29.5590019226, 30.0234012604, 30.4878005981, 30.9638080597, 31.4282073975, 31.8809967041, 32.322177887, 32.7633552551, 33.204536438, 33.6457138062, 34.0636711121, 34.5048522949, 34.9460296631, 35.3872108459, 35.8632202148, 36.3276176453, 36.8036270142, 37.2680282593, 37.755645752, 38.2548751831, 38.7541046143, 39.2649421692, 39.7989997864, 40.2634010315, 40.7277984619, 41.1805877686, 41.6565971375, 42.1209983826, 42.6086158752, 43.0846252441, 43.560634613, 44.0366439819, 44.5126533508]
},
"tonal": {
    "chords_changes_rate": 0.0401234552264,
    "chords_number_rate": 0.00411522621289,
    "chords_strength": {
        "mean": 0.552165150642,
        "var": 0.00570659479126
    },
    "hpcp_entropy": {
        "mean": 1.53183996677,
        "var": 0.539136767387
    },
    "key_strength": 0.681990742683,
    "tuning_diatonic_strength": 0.63070756197,
    "tuning_equal_tempered_deviation": 0.229093104601,
    "tuning_frequency": 447.949737549,
    "tuning_nontempered_energy_ratio": 0.888233721256,
    "hpcp": {
        "mean": [0.219584211707, 0.0898772478104, 0.0542718209326, 0.0605714172125, 0.0510072633624, 0.0409875996411, 0.0528365410864, 0.0512577295303, 0.0529797673225, 0.0545148774981, 0.0458622686565, 0.113067194819, 0.20018337667, 0.403537720442, 0.60300475359, 0.422747075558, 0.14280192554, 0.05617582798, 0.0600223094225, 0.0739159882069, 0.112803332508, 0.114762991667, 0.0741061791778, 0.104387789965, 0.124656870961, 0.0925611034036, 0.070396117866, 0.0342903323472, 0.00969902705401, 0.00832076836377, 0.0111987451091, 0.0397031083703, 0.0796518847346, 0.0647416636348, 0.103163473308, 0.242808714509],
        "var": [0.0628332942724, 0.0246547106653, 0.0261174272746, 0.0305599477142, 0.0217780172825, 0.00904437247664, 0.0180476568639, 0.0124675473198, 0.0118253221735, 0.0195857640356, 0.0141511037946, 0.0425323061645, 0.0916738137603, 0.0827124267817, 0.140017837286, 0.118892461061, 0.0441553369164, 0.0188753753901, 0.0223533827811, 0.0235539227724, 0.0365094989538, 0.0511723905802, 0.0194032788277, 0.0548328459263, 0.0822784826159, 0.0267238374799, 0.0129270330071, 0.00482215126976, 0.000400402204832, 0.000869614304975, 0.000587418908253, 0.00536653818563, 0.0239725969732, 0.0164898298681, 0.0176043789834, 0.0733713582158]
    },
    "chords_histogram": [50.7201652527, 0, 0, 0, 0, 0, 0.925925910473, 20.5761318207, 0, 0, 0, 0, 0, 0.617283940315, 21.2962970734, 0, 0, 0, 0, 0, 0, 0, 0, 5.86419773102],
    "thpcp": [1, 0.701067566872, 0.236817240715, 0.0931598395109, 0.0995386987925, 0.122579447925, 0.187068730593, 0.19031855464, 0.122894853354, 0.173112720251, 0.206726178527, 0.153499796987, 0.116742223501, 0.0568657740951, 0.0160844959319, 0.0137988440692, 0.0185715705156, 0.0658421143889, 0.132091641426, 0.107365094125, 0.171082347631, 0.40266469121, 0.364150047302, 0.149048984051, 0.0900023132563, 0.100449316204, 0.0845884904265, 0.0679722651839, 0.0876220986247, 0.0850038528442, 0.0878596156836, 0.0904053896666, 0.076056227088, 0.187506303191, 0.331976443529, 0.669211506844],
    "chords_key": "C#",
    "chords_scale": "minor",
    "key_key": "C#",
    "key_scale": "minor"
}
}