{
"lowlevel": {
    "average_loudness": 0.956972181797,
    "barkbands_crest": {
        "mean": 8.1205701828,
        "var": 6.45547485352
    },
    "barkbands_flatness_db": {
        "mean": 0.22008010745,
        "var": 0.000960698293056
    },
    "barkbands_kurtosis": {
        "mean": 0.348009735346,
        "var": 2.97928619385
    },
    "barkbands_skewness": {
        "mean": 0.800950944424,
        "var": 0.453759819269
    },
    "barkbands_spread": {
        "mean": 11.3064575195,
        "var": 8.11960124969
    },
    "dissonance": {
        "mean": 0.465011179447,
        "var": 0.000634445110336
    },
    "dynamic_complexity": 1.07845056057,
    "erbbands_crest": {
        "mean": 10.4959373474,
        "var": 20.6078243256
    },
    "erbbands_flatness_db": {
        "mean": 0.27020457387,
        "var": 0.000961615529377
    },
    "erbbands_kurtosis": {
        "mean": 0.241617918015,
        "var": 2.86569356918
    },
    "erbbands_skewness": {
        "mean": -0.400444239378,
        "var": 0.268726289272
    },
    "erbbands_spread": {
        "mean": 18.0783824921,
        "var": 36.598526001
    },
    "hfc": {
        "mean": 21.3438930511,
        "var": 91.3019180298
    },
    "melbands_crest": {
        "mean": 13.1336708069,
        "var": 20.1490287781
    },
    "melbands_flatness_db": {
        "mean": 0.297587543726,
        "var": 0.00138022052124
    },
    "melbands_kurtosis": {
        "mean": 1.97941040993,
        "var": 10.3773536682
    },
    "melbands_skewness": {
        "mean": 1.35341393948,
        "var": 0.592440545559
    },
    "melbands_spread": {
        "mean": 16.8591461182,
        "var": 51.760345459
    },
    "pitch_salience": {
        "mean": 0.601473331451,
        "var": 0.00783297140151
    },
    "silence_rate_20dB": {
        "mean": 1,
        "var": 0
    },
    "silence_rate_30dB": {
        "mean": 0.998970687389,
        "var": 0.00102828419767
    },
    "silence_rate_60dB": {
        "mean": 0.00205867225304,
        "var": 0.00205448735505
    },
    "spectral_centroid": {
        "mean": 672.469360352,
        "var": 201567.53125
    },
    "spectral_complexity": {
        "mean": 20.43592453,
        "var": 8.75644302368
    },
    "spectral_decrease": {
        "mean": -1.00048129781e-008,
        "var": 1.66664336828e-017
    },
    "spectral_energy": {
        "mean": 0.0396963655949,
        "var": 0.000257183419308
    },
    "spectral_energyband_high": {
        "mean": 3.89807573811e-005,
        "var": 3.79256714922e-009
    },
    "spectral_energyband_low": {
        "mean": 0.0106272948906,
        "var": 8.13677397673e-005
    },
    "spectral_energyband_middle_high": {
        "mean": 0.0108042648062,
        "var": 5.81242020417e-005
    },
    "spectral_energyband_middle_low": {
        "mean": 0.0251165721565,
        "var": 0.0001412343845
    },
    "spectral_entropy": {
        "mean": 6.8064789772,
        "var": 0.0591473393142
    },
    "spectral_flux": {
        "mean": 0.0894958525896,
        "var": 0.000852113764267
    },
    "spectral_kurtosis": {
        "mean": 18.2542247772,
        "var": 88.1735610962
    },
    "spectral_rms": {
        "mean": 0.00610036449507,
        "var": 1.5137079572e-006
    },
    "spectral_rolloff": {
        "mean": 1063.33081055,
        "var": 713321
    },
    "spectral_skewness": {
        "mean": 2.85992264748,
        "var": 0.487046986818
    },
    "spectral_spread": {
        "mean": 1811218.75,
        "var": 2.42721017037e+012
    },
    "spectral_strongpeak": {
        "mean": 1.15269434452,
        "var": 1.43859529495
    },
    "zerocrossingrate": {
        "mean": 0.0329980626702,
        "var": 0.000521596404724
    },
    "barkbands": {
        "mean": [4.63594988105e-005, 0.00047511831508, 0.00342714623548, 0.00870527606457, 0.00439465977252, 0.00634812749922, 0.00206061149947, 0.00169530790299, 0.00151049043052, 0.00200160895474, 0.0019011850236, 0.00402895454317, 0.00142474938184, 0.000858079118188, 0.00037879080628, 0.000228754652198, 0.000107147730887, 3.36346492986e-005, 2.09440695471e-005, 2.04473635677e-005, 2.12296963582e-005, 4.51941286883e-006, 1.16370574688e-006, 6.18992373802e-007, 6.65263428345e-007, 7.71274926592e-007, 8.61844640099e-008],
        "var": [8.69750227395e-009, 5.23954838627e-007, 1.00012030089e-005, 6.2071820139e-005, 1.30094922497e-005, 2.02824012376e-005, 3.73254647457e-006, 5.42733596376e-006, 6.41567658022e-006, 1.52541442731e-005, 1.12711104521e-005, 1.64767625392e-005, 9.35074967856e-006, 7.31847421775e-007, 1.24416800418e-007, 4.12699883157e-008, 2.72341811325e-008, 8.92469298464e-009, 2.90605400854e-010, 5.86690140914e-010, 2.04067318599e-009, 4.48972838074e-011, 4.45228359389e-012, 1.21186463642e-011, 3.21832803463e-011, 3.07079951745e-011, 1.0409987759e-012]
    },
    "erbbands": {
        "mean": [0.0137228211388, 0.140598788857, 2.50195336342, 22.9399394989, 12.6976242065, 14.9928674698, 51.9180145264, 44.3006668091, 29.166343689, 27.6209392548, 38.472278595, 35.8724708557, 43.840259552, 74.7950515747, 103.449012756, 178.464263916, 79.3892669678, 46.8715248108, 26.857875824, 21.1309280396, 7.58610630035, 5.67431735992, 2.19617605209, 1.21564948559, 1.1056843996, 0.973414301872, 0.849151968956, 0.751166880131, 0.193596214056, 0.0713978409767, 0.0306865014136, 0.0164198875427, 0.0087936045602, 0.0069673275575, 0.00500206602737, 0.00296087819152, 0.00147121597547, 0.000340955797583, 2.8517053579e-005, 4.53209213447e-005],
        "var": [0.000684252416249, 0.0253351591527, 4.59898710251, 425.832489014, 95.7702941895, 184.7134552, 2392.68408203, 575.736816406, 549.038879395, 737.629577637, 3734.34448242, 3875.72192383, 9252.58007813, 15690.625, 12316.1992188, 36224.2070313, 19674.4882813, 2256.65185547, 490.908447266, 298.923187256, 49.4856338501, 78.7326889038, 38.7490768433, 1.52979946136, 1.44786012173, 1.13754653931, 1.86236250401, 3.47356367111, 0.081987939775, 0.0129478219897, 0.0034678101074, 0.0036447243765, 0.00437809806317, 0.00394721096382, 0.00170398503542, 0.000378079625079, 0.000135192502057, 9.43901613937e-006, 8.39684854981e-009, 3.30332095011e-010]
    },
    "gfcc": {
        "mean": [-42.8716239929, 189.79737854, -146.662872314, -8.08178901672, -43.4394111633, -2.44613003731, -25.6923942566, -27.4676074982, -28.8491325378, -5.83196020126, -14.2661466599, -8.81891059875, -4.52127885818],
        "cov": [[3046.03613281, 119.142524719, -294.705963135, 53.8722572327, -98.688949585, 23.6389350891, -105.440727234, -11.6396636963, -133.243270874, 16.8650836945, -116.340774536, 48.5064277649, -37.4639053345], [119.142524719, 491.375335693, -67.6367797852, -42.466884613, -7.63219499588, -42.2932662964, 60.6086807251, -80.023223877, 54.9683837891, -55.304813385, 96.2144546509, -82.8116226196, 42.5345191956], [-294.705963135, -67.6367797852, 196.46711731, 0.582762360573, 32.541934967, 5.49144220352, -12.0075426102, 23.7889213562, -0.233901709318, 4.79830408096, -28.6666812897, 11.8659563065, -20.4155158997], [53.8722572327, -42.466884613, 0.582762360573, 174.817108154, 18.4924182892, -8.59620857239, -19.1441955566, -26.441576004, -1.21782886982, -6.39454460144, 1.52345979214, 14.6297178268, 15.0225114822], [-98.688949585, -7.63219499588, 32.541934967, 18.4924182892, 69.6746673584, 18.5027427673, 4.19193124771, -10.5661869049, -11.708814621, 3.43753528595, -2.8402235508, 2.29839682579, -10.0565471649], [23.6389350891, -42.2932662964, 5.49144220352, -8.59620857239, 18.5027427673, 58.1837310791, 4.47788858414, 13.8461799622, -6.18494796753, 5.18249320984, 1.05462157726, 5.43804645538, -3.89519286156], [-105.440727234, 60.6086807251, -12.0075426102, -19.1441955566, 4.19193124771, 4.47788858414, 74.1548614502, 18.3639526367, 14.1607093811, -0.569082558155, 9.76632881165, -13.042722702, -3.43696689606], [-11.6396636963, -80.023223877, 23.7889213562, -26.441576004, -10.5661869049, 13.8461799622, 18.3639526367, 88.0026321411, 18.0396823883, 22.3095817566, -32.8193244934, 17.0271701813, -5.70504236221], [-133.243270874, 54.9683837891, -0.233901709318, -1.21782886982, -11.708814621, -6.18494796753, 14.1607093811, 18.0396823883, 60.4251365662, 9.0046453476, 19.8759994507, -8.66222763062, 10.0326719284], [16.8650836945, -55.304813385, 4.79830408096, -6.39454460144, 3.43753528595, 5.18249320984, -0.569082558155, 22.3095817566, 9.0046453476, 51.7685546875, -2.49808335304, 16.8618869781, -13.3642625809], [-116.340774536, 96.2144546509, -28.6666812897, 1.52345979214, -2.8402235508, 1.05462157726, 9.76632881165, -32.8193244934, 19.8759994507, -2.49808335304, 82.1593399048, -6.01251506805, 16.7557125092], [48.5064277649, -82.8116226196, 11.8659563065, 14.6297178268, 2.29839682579, 5.43804645538, -13.042722702, 17.0271701813, -8.66222763062, 16.8618869781, -6.01251506805, 63.948600769, 14.2908468246], [-37.4639053345, 42.5345191956, -20.4155158997, 15.0225114822, -10.0565471649, -3.89519286156, -3.43696689606, -5.70504236221, 10.0326719284, -13.3642625809, 16.7557125092, 14.2908468246, 66.1330947876]],
        "icov": [[0.00127277092542, -0.00316928839311, 0.00188380037434, -0.0015947810607, 0.00269980914891, -0.00288346409798, 0.00314403697848, -0.00185445102397, 0.00403494387865, -0.00211534323171, 0.00341416336596, -0.00294443126768, 0.00267898011953], [-0.00316928839311, 0.013807753101, -0.00422323821113, 0.00594411976635, -0.00839597545564, 0.0103867622092, -0.0113293314353, 0.00841948762536, -0.0140770077705, 0.00832401681691, -0.0114891650155, 0.0115430457518, -0.00962321087718], [0.00188380037434, -0.00422323821113, 0.0092293433845, -0.00190731708426, 0.000188017162145, -0.00316388206556, 0.00615544524044, -0.00438316678628, 0.00412127794698, -0.00119599315803, 0.00585786579177, -0.0053275199607, 0.00564997410402], [-0.0015947810607, 0.00594411976635, -0.00190731708426, 0.00937060266733, -0.00617435574532, 0.00560306897387, -0.00402896525338, 0.00584023213014, -0.00815541110933, 0.00437875511125, -0.00413752533495, 0.0030082417652, -0.00523801147938], [0.00269980914891, -0.00839597545564, 0.000188017162145, -0.00617435574532, 0.0265269000083, -0.0139371007681, 0.00374082732014, 0.00062426913064, 0.0118670100346, -0.00834640394896, 0.00949100870639, -0.00771821476519, 0.00762744760141], [-0.00288346409798, 0.0103867622092, -0.00316388206556, 0.00560306897387, -0.0139371007681, 0.0297061242163, -0.0080693680793, -0.000492647057399, -0.00743868760765, 0.00690513197333, -0.0133752655238, 0.00897579547018, -0.00742180086672], [0.00314403697848, -0.0113293314353, 0.00615544524044, -0.00402896525338, 0.00374082732014, -0.0080693680793, 0.027165081352, -0.0135525744408, 0.0108601516113, -0.00455969013274, 0.00637613516301, -0.00640781456605, 0.00941958092153], [-0.00185445102397, 0.00841948762536, -0.00438316678628, 0.00584023213014, 0.00062426913064, -0.000492647057399, -0.0135525744408, 0.0298518911004, -0.0177277326584, -0.000765720673371, 0.00500250514597, 0.000727529462893, -0.00609864247963], [0.00403494387865, -0.0140770077705, 0.00412127794698, -0.00815541110933, 0.0118670100346, -0.00743868760765, 0.0108601516113, -0.0177277326584, 0.0415910221636, -0.0140995755792, 0.00393049418926, -0.00460161129013, 0.00570567557588], [-0.00211534323171, 0.00832401681691, -0.00119599315803, 0.00437875511125, -0.00834640394896, 0.00690513197333, -0.00455969013274, -0.000765720673371, -0.0140995755792, 0.0327577963471, -0.00956787914038, -0.00139310956001, 0.00240246765316], [0.00341416336596, -0.0114891650155, 0.00585786579177, -0.00413752533495, 0.00949100870639, -0.0133752655238, 0.00637613516301, 0.00500250514597, 0.00393049418926, -0.00956787914038, 0.0310226622969, -0.0121511025354, 0.0057260999456], [-0.00294443126768, 0.0115430457518, -0.0053275199607, 0.0030082417652, -0.00771821476519, 0.00897579547018, -0.00640781456605, 0.000727529462893, -0.00460161129013, -0.00139310956001, -0.0121511025354, 0.0333188138902, -0.0160400364548], [0.00267898011953, -0.00962321087718, 0.00564997410402, -0.00523801147938, 0.00762744760141, -0.00742180086672, 0.00941958092153, -0.00609864247963, 0.00570567557588, 0.00240246765316, 0.0057260999456, -0.0160400364548, 0.0280833989382]]
    },
    "melbands": {
        "mean": [0.000124124868307, 0.000899686594494, 0.00338234961964, 0.000892489391845, 0.00150326965377, 0.000978075317107, 0.000454317487311, 0.000302263535559, 0.000309194263536, 0.000223499984713, 0.000215184059925, 0.000299572740914, 0.000277568295132, 0.000490289588924, 0.000305178546114, 0.000121578115795, 8.73105673236e-005, 4.63389078504e-005, 2.76175069303e-005, 2.3533071726e-005, 6.64355047775e-006, 6.57709779261e-006, 2.86863769361e-006, 1.44131911384e-006, 8.9907803158e-007, 7.86627026628e-007, 7.40886378026e-007, 6.11214147739e-007, 5.21658250818e-007, 5.67370534554e-007, 3.54580407702e-007, 1.10217598603e-007, 6.11830657249e-008, 2.95622299973e-008, 1.77400405477e-008, 1.32358630722e-008, 8.58942694748e-009, 5.91569504493e-009, 5.76439518341e-009, 5.92911719721e-009],
        "var": [4.40060219375e-008, 5.95785024871e-007, 8.73646695254e-006, 7.4717888765e-007, 1.76828802978e-006, 3.21532610315e-007, 1.50702035739e-007, 9.03494239424e-008, 2.57927183611e-007, 1.46369316667e-007, 2.57806561876e-007, 2.79054432895e-007, 1.80117311288e-007, 1.8071089869e-007, 1.64421578575e-007, 8.53048263139e-008, 8.1520310502e-009, 2.21364193642e-009, 5.68695313063e-010, 3.51325440962e-010, 5.7171004042e-011, 1.18143467231e-010, 3.75628833593e-011, 1.32980675083e-011, 9.42847579524e-013, 5.90378548999e-013, 1.01956962838e-012, 4.0444356848e-013, 6.47982535684e-013, 1.58672012161e-012, 7.88230537698e-013, 2.35957426016e-014, 1.95538623135e-014, 1.79244665375e-015, 9.58488189432e-016, 1.7647485705e-015, 2.01293081223e-015, 2.05567294178e-015, 2.33621957127e-015, 3.51434012167e-015]
    },
    "mfcc": {
        "mean": [-682.038513184, 226.220336914, -40.8718681335, 7.90975570679, -14.3217935562, 19.0815963745, -0.921741783619, -12.4000720978, -7.89335727692, -12.0473299026, -11.7758178711, -4.84938383102, -0.453754365444],
        "cov": [[984.468261719, -70.6474151611, -64.137550354, 68.4192199707, -1.75170826912, 26.341627121, -2.3884370327, -2.35928845406, 33.0111579895, -70.767578125, -47.8828201294, 56.0615196228, -33.6869697571], [-70.6474151611, 462.777526855, -2.66886782646, -47.7121086121, -42.8161621094, 0.122590877116, 21.8651866913, -5.76849317551, -42.0250091553, 44.1549339294, 27.9447574615, -47.8961181641, 26.4339370728], [-64.137550354, -2.66886782646, 114.690643311, 7.03853321075, 23.0203018188, -8.06936454773, -13.1665658951, 5.27985095978, 2.51916408539, 8.80471324921, -7.93213796616, -8.1533946991, 7.25481796265], [68.4192199707, -47.7121086121, 7.03853321075, 135.098495483, 22.3480129242, 22.2218666077, -12.3084354401, -6.90166950226, 7.00728654861, -35.4541053772, -12.1747941971, 26.3527545929, -7.64608192444], [-1.75170826912, -42.8161621094, 23.0203018188, 22.3480129242, 74.262260437, 23.9003620148, -4.93560838699, -3.41158533096, -6.44984579086, -8.97799682617, -14.6499586105, 0.402439534664, -5.19118499756], [26.341627121, 0.122590877116, -8.06936454773, 22.2218666077, 23.9003620148, 59.7431678772, 15.7331571579, -6.37437295914, -19.7644500732, -11.1814661026, -4.91092300415, 3.11251807213, -1.14915597439], [-2.3884370327, 21.8651866913, -13.1665658951, -12.3084354401, -4.93560838699, 15.7331571579, 57.4673233032, 10.0301332474, -3.53141522408, 0.616557121277, 8.69846916199, -3.99842309952, -0.251784682274], [-2.35928845406, -5.76849317551, 5.27985095978, -6.90166950226, -3.41158533096, -6.37437295914, 10.0301332474, 45.2610855103, 19.7914943695, 4.50657463074, 0.422528296709, 0.562148809433, 3.31840753555], [33.0111579895, -42.0250091553, 2.51916408539, 7.00728654861, -6.44984579086, -19.7644500732, -3.53141522408, 19.7914943695, 73.7081298828, 11.4882526398, 0.723612844944, -0.381034404039, -5.09391403198], [-70.767578125, 44.1549339294, 8.80471324921, -35.4541053772, -8.97799682617, -11.1814661026, 0.616557121277, 4.50657463074, 11.4882526398, 60.3592338562, 26.3044757843, -16.578918457, -4.61894464493], [-47.8828201294, 27.9447574615, -7.93213796616, -12.1747941971, -14.6499586105, -4.91092300415, 8.69846916199, 0.422528296709, 0.723612844944, 26.3044757843, 61.2564239502, 13.5422124863, -0.422866225243], [56.0615196228, -47.8961181641, -8.1533946991, 26.3527545929, 0.402439534664, 3.11251807213, -3.99842309952, 0.562148809433, -0.381034404039, -16.578918457, 13.5422124863, 62.8204689026, 11.6895627975], [-33.6869697571, 26.4339370728, 7.25481796265, -7.64608192444, -5.19118499756, -1.14915597439, -0.251784682274, 3.31840753555, -5.09391403198, -4.61894464493, -0.422866225243, 11.6895627975, 57.2096328735]],
        "icov": [[0.00133095995989, -0.000243773756665, 0.000482234463561, 6.50234651403e-005, 0.000284047448076, -0.000624192121904, 8.3211241872e-005, 0.000187351339264, -0.00103864911944, 0.000977667281404, 0.00116819806863, -0.00152011611499, 0.00115231540985], [-0.000243773756665, 0.00310623203404, -5.88017392147e-005, -0.000460643059341, 0.0015087092761, -9.21586251934e-005, -0.000616637291387, -9.5069372037e-005, 0.00221022125334, -0.00190189748537, -0.00112126104068, 0.00286161643453, -0.00204480299726], [0.000482234463561, -5.88017392147e-005, 0.0106772836298, -0.00135489134118, -0.00379416835494, 0.00251527852379, 0.00135796272662, -0.00158613454551, 0.000588332128245, -0.00237011141144, 0.00143627519719, 0.000868843344506, -0.00172561767977], [6.50234651403e-005, -0.000460643059341, -0.00135489134118, 0.0110633885488, -0.00100945343729, -0.00430666888133, 0.00263675581664, 0.00133236101829, -0.00355895329267, 0.00609891954809, -0.00043880980229, -0.00364698027261, 0.00257524847984], [0.000284047448076, 0.0015087092761, -0.00379416835494, -0.00100945343729, 0.0191630013287, -0.00805665086955, 0.00185902439989, 6.87745750838e-006, 0.000733384396881, -0.000646026979666, 0.00274794804864, 0.000204909112654, 0.00139276101254], [-0.000624192121904, -9.21586251934e-005, 0.00251527852379, -0.00430666888133, -0.00805665086955, 0.0262932199985, -0.0081407353282, 0.00137672713026, 0.00625770213082, -0.00133934244514, 0.000713231333066, 0.00059322611196, -0.0012050063815], [8.3211241872e-005, -0.000616637291387, 0.00135796272662, 0.00263675581664, 0.00185902439989, -0.0081407353282, 0.0227003935724, -0.00606877775863, -0.000426885788329, 0.00348264304921, -0.00429731421173, 0.00211975374259, 0.000749483006075], [0.000187351339264, -9.5069372037e-005, -0.00158613454551, 0.00133236101829, 6.87745750838e-006, 0.00137672713026, -0.00606877775863, 0.0274743288755, -0.00756978569552, -0.000379290897399, 0.00171179277822, -0.00196897378191, -0.00134826789144], [-0.00103864911944, 0.00221022125334, 0.000588332128245, -0.00355895329267, 0.000733384396881, 0.00625770213082, -0.000426885788329, -0.00756978569552, 0.0203589703888, -0.00666110310704, 0.00044105265988, 0.00231700274162, -0.000748866586946], [0.000977667281404, -0.00190189748537, -0.00237011141144, 0.00609891954809, -0.000646026979666, -0.00133934244514, 0.00348264304921, -0.000379290897399, -0.00666110310704, 0.0312487669289, -0.0127406166866, 0.00545649090782, 0.00324269291013], [0.00116819806863, -0.00112126104068, 0.00143627519719, -0.00043880980229, 0.00274794804864, 0.000713231333066, -0.00429731421173, 0.00171179277822, 0.00044105265988, -0.0127406166866, 0.0272086989135, -0.0115945832804, 0.00269149313681], [-0.00152011611499, 0.00286161643453, 0.000868843344506, -0.00364698027261, 0.000204909112654, 0.00059322611196, 0.00211975374259, -0.00196897378191, 0.00231700274162, 0.00545649090782, -0.0115945832804, 0.0265758838505, -0.0075299362652], [0.00115231540985, -0.00204480299726, -0.00172561767977, 0.00257524847984, 0.00139276101254, -0.0012050063815, 0.000749483006075, -0.00134826789144, -0.000748866586946, 0.00324269291013, 0.00269149313681, -0.0075299362652, 0.0216031968594]]
    },
    "spectral_contrast_coeffs": {
        "mean": [-0.515538394451, -0.690646111965, -0.758294224739, -0.754611194134, -0.814112067223, -0.713261961937],
        "var": [0.00525441160426, 0.00278634252027, 0.0025155832991, 0.00177879084367, 0.00075247179484, 0.000945167557802]
    },
    "spectral_contrast_valleys": {
        "mean": [-7.5482211113, -6.1423163414, -6.27660894394, -7.19485425949, -8.31835842133, -12.4045724869],
        "var": [0.932753682137, 0.94575715065, 0.898679196835, 0.779950499535, 0.702646493912, 0.563211500645]
    }
},
"metadata": {
    "audio_properties": {
        "analysis_sample_rate": 44100,
        "bit_rate": 104373,
        "equal_loudness": 0,
        "length": 45.0873451233,
        "lossless": 0,
        "replay_gain": -4.7940864563,
        "sample_rate": 44100,
        "codec": "mp3",
        "downmix": "mix",
        "md5_encoded": "62ed2e401878198ada9b96ab0e99c850"
    },
    "tags": {
        "file_name": "518.mp3"
    },
    "version": {
        "essentia": "2.1-beta2",
        "essentia_git_sha": "v2.1_beta2",
        "extractor": "music 1.0"
    }
},
"rhythm": {
    "beats_count": 105,
    "beats_loudness": {
        "mean": 0.0453468859196,
        "var": 0.000302025611745
    },
    "bpm": 164.103866577,
    "bpm_histogram_first_peak_bpm": {
        "mean": 161,
        "var": 0
    },
    "bpm_histogram_first_peak_spread": {
        "mean": 0.133333325386,
        "var": 0
    },
    "bpm_histogram_first_peak_weight": {
        "mean": 0.125,
        "var": 0
    },
    "bpm_histogram_second_peak_bpm": {
        "mean": 167,
        "var": 0
    },
    "bpm_histogram_second_peak_spread": {
        "mean": 0,
        "var": 0
    },
    "bpm_histogram_second_peak_weight": {
        "mean": 0.125,
        "var": 0
    },
    "danceability": 1.2133140564,
    "onset_rate": 1.88450169563,
    "beats_loudness_band_ratio": {
        "mean": [0.305624365807, 0.278437703848, 0.172450467944, 0.237713307142, 0.0263821184635, 0.00174919865094],
        "var": [0.0246488880366, 0.0162095986307, 0.0128406584263, 0.013528265059, 0.000446015503258, 4.7095318223e-006]
    },
    "beats_position": [0.66176867485, 1.3235373497, 1.99691605568, 2.6470746994, 3.29723358154, 3.94739222527, 4.60916090012, 5.25931978226, 5.90947818756, 6.45514726639, 7.01242637634, 7.56970500946, 8.12698364258, 8.68426322937, 9.21832180023, 9.75238037109, 10.2980499268, 10.8088884354, 11.3197278976, 11.8305664063, 12.3414058685, 12.840634346, 13.328253746, 13.8158731461, 14.3267116547, 14.8259410858, 15.3367795944, 15.8476190567, 16.3468475342, 16.8460769653, 17.3453063965, 17.8445339203, 18.3437633514, 18.8546028137, 19.3422222137, 19.8298416138, 20.3174591064, 20.7934684753, 21.1301574707, 21.4784584045, 21.826757431, 22.1750564575, 22.5117454529, 22.8368244171, 23.1735134125, 23.5102043152, 23.8468933105, 24.1719722748, 24.4854412079, 24.7989120483, 25.1123809814, 25.4258499146, 25.7509288788, 26.076007843, 26.4010887146, 26.7261676788, 27.0512466431, 27.3647155762, 27.6897945404, 28.014875412, 28.3515644073, 28.6998634338, 29.0365524292, 29.3732414246, 29.7331504822, 30.0930614471, 30.4529705048, 30.8128795624, 31.1611785889, 31.5094776154, 31.8461666107, 32.1828575134, 32.542766571, 32.9142837524, 33.2741928101, 33.6457138062, 34.0172348022, 34.3887519836, 34.7370529175, 35.0853500366, 35.4336509705, 35.7935600281, 36.1534690857, 36.5133781433, 36.8732872009, 37.2215881348, 37.5582771301, 37.9181861877, 38.2780952454, 38.6496124268, 39.0211334229, 39.3810424805, 39.7525634766, 40.1589126587, 40.5652618408, 40.9716110229, 41.3779602051, 41.7494773865, 42.1209983826, 42.5041275024, 42.8872566223, 43.2587738037, 43.6302947998, 44.0018119812, 44.3733329773]
},
"tonal": {
    "chords_changes_rate": 0.0257201641798,
    "chords_number_rate": 0.00411522621289,
    "chords_strength": {
        "mean": 0.481997698545,
        "var": 0.00257143867202
    },
    "hpcp_entropy": {
        "mean": 1.75621509552,
        "var": 0.529109597206
    },
    "key_strength": 0.650403141975,
    "tuning_diatonic_strength": 0.477142781019,
    "tuning_equal_tempered_deviation": 0.115061797202,
    "tuning_frequency": 446.399932861,
    "tuning_nontempered_energy_ratio": 0.716567397118,
    "hpcp": {
        "mean": [0.292452186346, 0.171328857541, 0.0359458439052, 0.0243122987449, 0.0383214429021, 0.0471548438072, 0.039810821414, 0.0756942555308, 0.145255729556, 0.104438699782, 0.0314453132451, 0.0859074443579, 0.127592295408, 0.162738233805, 0.594973385334, 0.896760761738, 0.469763457775, 0.0988184809685, 0.0636626780033, 0.0538480207324, 0.0705935806036, 0.0675656199455, 0.136071100831, 0.266089260578, 0.179431632161, 0.0401481054723, 0.044157743454, 0.0466675236821, 0.0368715748191, 0.0531360432506, 0.0530240982771, 0.0487998500466, 0.045396655798, 0.0331166982651, 0.0713755190372, 0.199620380998],
        "var": [0.0527186468244, 0.0243831686676, 0.0045970780775, 0.00458771036938, 0.00572860427201, 0.00724697252735, 0.00482827285305, 0.00884559284896, 0.0289356391877, 0.0155669720843, 0.00424580089748, 0.013165159151, 0.0317651368678, 0.0407459884882, 0.0631032586098, 0.0420041196048, 0.0576764307916, 0.0333253927529, 0.0221812427044, 0.0112022859976, 0.0256674997509, 0.0168312359601, 0.0157696250826, 0.0516982786357, 0.0277635026723, 0.00596283050254, 0.00718516716734, 0.00783624313772, 0.0035621074494, 0.00638568075374, 0.00631409045309, 0.00780524034053, 0.00699786888435, 0.0035409363918, 0.0142385875806, 0.0405936688185]
    },
    "chords_histogram": [81.7901229858, 0, 0, 0, 0, 4.73251008987, 0, 10.8024692535, 0, 0, 2.67489719391, 0, 0, 0, 0, 0, 0, 0, 0, 0, 0, 0, 0, 0],
    "thpcp": [1, 0.523844778538, 0.110194921494, 0.0709918215871, 0.0600472539663, 0.0787206366658, 0.0753440856934, 0.151736229658, 0.29672268033, 0.200088635087, 0.0447701402009, 0.049241386354, 0.0520401038229, 0.0411164015532, 0.0592533089221, 0.0591284781694, 0.0544179156423, 0.0506229288876, 0.0369292460382, 0.0795926004648, 0.222601607442, 0.326120644808, 0.191053032875, 0.0400840938091, 0.0271112434566, 0.0427331849933, 0.0525835268199, 0.0443940274417, 0.0844085291028, 0.161978244781, 0.116462163627, 0.0350654423237, 0.095797508955, 0.14228130877, 0.181473404169, 0.663469493389],
    "chords_key": "D",
    "chords_scale": "minor",
    "key_key": "D",
    "key_scale": "minor"
}
}