{
"lowlevel": {
    "average_loudness": 0.931677162647,
    "barkbands_crest": {
        "mean": 13.6203794479,
        "var": 28.051322937
    },
    "barkbands_flatness_db": {
        "mean": 0.23058141768,
        "var": 0.00508943246678
    },
    "barkbands_kurtosis": {
        "mean": 16.6340236664,
        "var": 976.492431641
    },
    "barkbands_skewness": {
        "mean": 2.74367523193,
        "var": 5.43444299698
    },
    "barkbands_spread": {
        "mean": 13.2043094635,
        "var": 107.139442444
    },
    "dissonance": {
        "mean": 0.447343409061,
        "var": 0.00112157128751
    },
    "dynamic_complexity": 2.7638168335,
    "erbbands_crest": {
        "mean": 10.8497610092,
        "var": 26.1632041931
    },
    "erbbands_flatness_db": {
        "mean": 0.195940300822,
        "var": 0.00234617409296
    },
    "erbbands_kurtosis": {
        "mean": 0.528826355934,
        "var": 7.124812603
    },
    "erbbands_skewness": {
        "mean": 0.107127435505,
        "var": 0.85971134901
    },
    "erbbands_spread": {
        "mean": 36.6402664185,
        "var": 341.390991211
    },
    "hfc": {
        "mean": 15.2548122406,
        "var": 245.564743042
    },
    "melbands_crest": {
        "mean": 17.4455680847,
        "var": 31.8914337158
    },
    "melbands_flatness_db": {
        "mean": 0.317003011703,
        "var": 0.00780910300091
    },
    "melbands_kurtosis": {
        "mean": 35.1757087708,
        "var": 2187.73217773
    },
    "melbands_skewness": {
        "mean": 3.99611592293,
        "var": 6.96754980087
    },
    "melbands_spread": {
        "mean": 13.7250747681,
        "var": 197.467849731
    },
    "pitch_salience": {
        "mean": 0.421907216311,
        "var": 0.0152259562165
    },
    "silence_rate_20dB": {
        "mean": 0.998456001282,
        "var": 0.00154162012041
    },
    "silence_rate_30dB": {
        "mean": 0.863612949848,
        "var": 0.117785446346
    },
    "silence_rate_60dB": {
        "mean": 0.0190427172929,
        "var": 0.0186798609793
    },
    "spectral_centroid": {
        "mean": 881.64654541,
        "var": 391799.875
    },
    "spectral_complexity": {
        "mean": 12.8440551758,
        "var": 24.7224655151
    },
    "spectral_decrease": {
        "mean": -1.38299327546e-008,
        "var": 2.23144503677e-016
    },
    "spectral_energy": {
        "mean": 0.0535809397697,
        "var": 0.00326631288044
    },
    "spectral_energyband_high": {
        "mean": 0.000178179237992,
        "var": 3.24239948668e-007
    },
    "spectral_energyband_low": {
        "mean": 0.0402087010443,
        "var": 0.00285516050644
    },
    "spectral_energyband_middle_high": {
        "mean": 0.004571180325,
        "var": 6.10076203884e-005
    },
    "spectral_energyband_middle_low": {
        "mean": 0.0103920875117,
        "var": 0.000139635754749
    },
    "spectral_entropy": {
        "mean": 6.80260848999,
        "var": 0.217926472425
    },
    "spectral_flux": {
        "mean": 0.079401910305,
        "var": 0.00393014354631
    },
    "spectral_kurtosis": {
        "mean": 9.77951908112,
        "var": 45.1357917786
    },
    "spectral_rms": {
        "mean": 0.00643550092354,
        "var": 1.08584417831e-005
    },
    "spectral_rolloff": {
        "mean": 729.866455078,
        "var": 1274775.5
    },
    "spectral_skewness": {
        "mean": 2.1015586853,
        "var": 0.405835658312
    },
    "spectral_spread": {
        "mean": 3206660.25,
        "var": 3.98396280013e+012
    },
    "spectral_strongpeak": {
        "mean": 0.934124290943,
        "var": 2.33311152458
    },
    "zerocrossingrate": {
        "mean": 0.0305599234998,
        "var": 0.000829741999041
    },
    "barkbands": {
        "mean": [0.000693167676218, 0.0288149509579, 0.00896536931396, 0.00281387520954, 0.00219583627768, 0.00239711045288, 0.00130749680102, 0.000731693813577, 0.000801982940175, 0.000498155422974, 0.000236605308601, 0.000728891871404, 0.000759006012231, 0.000778741086833, 0.00047758265282, 0.00056327925995, 0.000383527716622, 0.000126343598822, 0.000108016996819, 3.50555455952e-005, 4.7587302106e-005, 4.15645154135e-005, 3.33293064614e-005, 2.7338945074e-005, 1.06781790237e-005, 3.77411492991e-006, 6.25301410651e-008],
        "var": [9.83175709734e-007, 0.00175818696152, 0.000309425871819, 2.07104985748e-005, 1.4471297618e-005, 3.79732373403e-005, 1.48683702719e-005, 4.54967675978e-006, 2.34917570197e-006, 2.56022894973e-006, 2.45596169179e-007, 1.20200165838e-005, 5.28349801243e-006, 1.8930508304e-005, 1.50434834723e-006, 3.00542842524e-006, 5.8188965113e-007, 5.87417581244e-008, 1.04143310864e-007, 7.08600111921e-009, 2.54281466994e-008, 1.92520950293e-008, 1.48583794157e-008, 1.68045435345e-008, 2.77515521674e-009, 2.34661373666e-010, 8.1783307882e-014]
    },
    "erbbands": {
        "mean": [0.585117638111, 7.20302581787, 13.0276288986, 9.59652709961, 6.80753755569, 6.63240337372, 15.8630638123, 19.163564682, 22.4661560059, 11.7868289948, 20.3331737518, 19.4822883606, 13.8180446625, 15.2780094147, 14.7512598038, 32.4521598816, 34.4584312439, 51.6372489929, 18.1155471802, 26.1291007996, 37.5513267517, 18.9902019501, 11.2013368607, 6.38081169128, 4.65084552765, 1.73619568348, 1.77778911591, 1.79024875164, 1.56771254539, 1.12776660919, 0.952397406101, 0.761708796024, 0.342186510563, 0.1602332443, 0.0566819012165, 0.0216174069792, 0.00630533415824, 0.000635394710116, 3.94614908146e-005, 6.02292966505e-005],
        "var": [0.87010705471, 115.346488953, 559.705078125, 179.665817261, 89.3871231079, 151.612564087, 3662.72851563, 2580.92089844, 3864.86645508, 725.955444336, 2935.69335938, 1092.5645752, 3922.14160156, 1263.11157227, 969.367492676, 26486.8652344, 4968.54833984, 70929.578125, 2616.49462891, 3600.94067383, 13860.8945313, 990.534179688, 388.272674561, 195.201202393, 198.178405762, 13.9256029129, 35.2725944519, 35.5166320801, 26.5537986755, 14.0442008972, 13.3011169434, 11.5182514191, 3.39489984512, 0.797565758228, 0.0586110427976, 0.00660255691037, 0.000742775213439, 7.25438167137e-006, 4.18756851417e-009, 3.9292458176e-009]
    },
    "gfcc": {
        "mean": [-47.8622817993, 149.68069458, -114.447463989, 38.84948349, -30.0354633331, 15.5403785706, -30.9143733978, 4.78439617157, -6.94493722916, -5.17883825302, -6.65935897827, -2.16267061234, -6.75763988495],
        "cov": [[5762.59130859, -843.929138184, -411.701507568, 314.491577148, -474.912841797, 423.364379883, -135.909362793, 115.788154602, -124.694343567, 159.086334229, -97.4819869995, 94.2144546509, -214.034317017], [-843.929138184, 1393.54003906, -329.739227295, -211.376556396, 454.446258545, -315.553131104, 198.476318359, -93.0673522949, 270.642242432, -218.06729126, 172.5730896, -127.920799255, 155.05406189], [-411.701507568, -329.739227295, 944.458740234, 288.157653809, -38.5934677124, 158.305496216, 50.2843322754, 36.7911338806, -26.1792621613, 105.633544922, -63.2990074158, 24.8627319336, 15.8658285141], [314.491577148, -211.376556396, 288.157653809, 374.214019775, 12.3855895996, 89.1007614136, 49.8778991699, 6.91653823853, 24.9285678864, 29.496509552, 6.60001468658, -34.2811012268, 11.941327095], [-474.912841797, 454.446258545, -38.5934677124, 12.3855895996, 520.262451172, -87.0393447876, 64.6425247192, 38.8933067322, 140.585189819, -83.7478256226, 18.900724411, -51.9998397827, 52.8464775085], [423.364379883, -315.553131104, 158.305496216, 89.1007614136, -87.0393447876, 211.786972046, 32.2521400452, 23.6388626099, -46.6504821777, 50.061668396, -19.3243675232, 12.5507011414, -48.6444358826], [-135.909362793, 198.476318359, 50.2843322754, 49.8778991699, 64.6425247192, 32.2521400452, 248.441802979, -18.7429046631, 42.7117042542, -35.0453109741, 64.6535263062, -25.2557086945, 11.3169803619], [115.788154602, -93.0673522949, 36.7911338806, 6.91653823853, 38.8933067322, 23.6388626099, -18.7429046631, 100.894432068, -3.32194161415, -0.824225783348, -30.5702514648, 14.5600709915, -10.7747211456], [-124.694343567, 270.642242432, -26.1792621613, 24.9285678864, 140.585189819, -46.6504821777, 42.7117042542, -3.32194161415, 172.766387939, -23.5258808136, 37.7405929565, -37.0789222717, 46.6119499207], [159.086334229, -218.06729126, 105.633544922, 29.496509552, -83.7478256226, 50.061668396, -35.0453109741, -0.824225783348, -23.5258808136, 144.586990356, -1.04721856117, 32.1818656921, -12.2087450027], [-97.4819869995, 172.5730896, -63.2990074158, 6.60001468658, 18.900724411, -19.3243675232, 64.6535263062, -30.5702514648, 37.7405929565, -1.04721856117, 139.643386841, -7.29433441162, 23.6931362152], [94.2144546509, -127.920799255, 24.8627319336, -34.2811012268, -51.9998397827, 12.5507011414, -25.2557086945, 14.5600709915, -37.0789222717, 32.1818656921, -7.29433441162, 99.9471054077, -3.88040852547], [-214.034317017, 155.05406189, 15.8658285141, 11.941327095, 52.8464775085, -48.6444358826, 11.3169803619, -10.7747211456, 46.6119499207, -12.2087450027, 23.6931362152, -3.88040852547, 108.231742859]],
        "icov": [[0.000375039671781, -0.000557817984372, 0.000562881468795, -0.000919598853216, 0.000459857634269, -0.00104177335743, 0.00034507655073, -0.000625579326879, 0.000123407880892, -0.000550517986994, 0.000588364142459, -0.000689116481226, 0.000499874528032], [-0.000557817984372, 0.00507304817438, -0.00125073362142, 0.00390774058178, -0.00227767368779, 0.00453167501837, -0.00235643517226, 0.00306087476201, -0.00278757885098, 0.00350226764567, -0.00333875813521, 0.00337331974879, -0.00247122254223], [0.000562881468795, -0.00125073362142, 0.00259870616719, -0.00272350199521, 0.000772732426412, -0.00239500938915, 0.000210683370824, -0.00134858884849, 0.000647518376354, -0.00201133149676, 0.00210541859269, -0.00171076017432, 0.000186483972357], [-0.000919598853216, 0.00390774058178, -0.00272350199521, 0.00779085280374, -0.00211962871253, 0.00313934776932, -0.00197880831547, 0.00276248715818, -0.00232735136524, 0.00285473978147, -0.0034796143882, 0.0046773343347, -0.00269556115381], [0.000459857634269, -0.00227767368779, 0.000772732426412, -0.00211962871253, 0.00410400377586, -0.00156839971896, 0.000617511046585, -0.00307592190802, -0.000663036538754, -0.000775620748755, 0.00180180813186, -0.00115845748223, 0.000975524133537], [-0.00104177335743, 0.00453167501837, -0.00239500938915, 0.00313934776932, -0.00156839971896, 0.0125628514215, -0.00381704303436, 0.00155500404071, -0.00136371003464, 0.00188290816732, -0.00293319253251, 0.00354322325438, -1.26659142552e-005], [0.00034507655073, -0.00235643517226, 0.000210683370824, -0.00197880831547, 0.000617511046585, -0.00381704303436, 0.00670891394839, -0.000541146786418, 0.000627452973276, 0.000124344718643, -0.000966440013144, -0.00132183684036, 0.00138123508077], [-0.000625579326879, 0.00306087476201, -0.00134858884849, 0.00276248715818, -0.00307592190802, 0.00155500404071, -0.000541146786418, 0.0142403533682, -0.00178871618118, 0.00296463351697, -0.000301123131067, 0.000109122272988, -0.00087964872364], [0.000123407880892, -0.00278757885098, 0.000647518376354, -0.00232735136524, -0.000663036538754, -0.00136371003464, 0.000627452973276, -0.00178871618118, 0.0105679789558, -0.00255025341175, 0.000476501241792, 0.000337125791702, -0.00106461800169], [-0.000550517986994, 0.00350226764567, -0.00201133149676, 0.00285473978147, -0.000775620748755, 0.00188290816732, 0.000124344718643, 0.00296463351697, -0.00255025341175, 0.0120164137334, -0.00378211145289, 0.000297700957162, -0.00132667075377], [0.000588364142459, -0.00333875813521, 0.00210541859269, -0.0034796143882, 0.00180180813186, -0.00293319253251, -0.000966440013144, -0.000301123131067, 0.000476501241792, -0.00378211145289, 0.0121438363567, -0.00313968653791, 0.00049209932331], [-0.000689116481226, 0.00337331974879, -0.00171076017432, 0.0046773343347, -0.00115845748223, 0.00354322325438, -0.00132183684036, 0.000109122272988, 0.000337125791702, 0.000297700957162, -0.00313968653791, 0.015287084505, -0.00302969710901], [0.000499874528032, -0.00247122254223, 0.000186483972357, -0.00269556115381, 0.000975524133537, -1.26659142552e-005, 0.00138123508077, -0.00087964872364, -0.00106461800169, -0.00132667075377, 0.00049209932331, -0.00302969710901, 0.0134168202057]]
    },
    "melbands": {
        "mean": [0.00690595852211, 0.0081496713683, 0.00159967970103, 0.00045789781143, 0.000487151643028, 0.000428756786278, 0.000334577867761, 0.00012105267524, 0.000173042295501, 0.000112482863187, 6.67556087137e-005, 6.29942078376e-005, 4.2822517571e-005, 7.85028678365e-005, 7.84127696534e-005, 8.05753079476e-005, 9.50629473664e-005, 2.27456384891e-005, 3.3125790651e-005, 3.1560070056e-005, 4.26514816354e-005, 1.59240971698e-005, 2.06623280974e-005, 6.55582834952e-006, 4.63757896796e-006, 4.86639009978e-006, 1.72071440829e-006, 9.28101485442e-007, 1.09172992779e-006, 1.11829092475e-006, 9.72008479039e-007, 8.47321302899e-007, 8.37005529775e-007, 5.57111434318e-007, 5.34370713012e-007, 5.8694325844e-007, 3.95391964503e-007, 2.19369468368e-007, 2.10069018181e-007, 1.13079344999e-007],
        "var": [0.000101802659628, 0.000158414899488, 4.34876483268e-006, 4.22491382324e-007, 2.86181193587e-006, 1.17165893698e-006, 8.50503397487e-007, 8.23685013529e-008, 1.86638672517e-007, 4.50243788919e-008, 9.33964230398e-008, 2.50460132634e-008, 7.50681916628e-009, 7.96524659563e-008, 1.07176177266e-007, 7.44959933741e-008, 2.85706789782e-007, 6.53870868561e-009, 1.09804885184e-008, 4.07813560699e-009, 1.91060856025e-008, 7.12159442529e-010, 2.68205480047e-009, 1.76070297231e-010, 1.34443345345e-010, 3.22361803917e-010, 1.94669679682e-011, 4.99796775147e-012, 1.3819275585e-011, 1.73347395466e-011, 1.14439777099e-011, 8.34703226676e-012, 9.88945730862e-012, 3.27431809964e-012, 3.49133829486e-012, 8.08193876406e-012, 3.0071988736e-012, 1.33150511016e-012, 1.61442235448e-012, 4.37160155081e-013]
    },
    "mfcc": {
        "mean": [-692.077819824, 173.08605957, -6.09836912155, 32.6727905273, 22.3351669312, 15.6585626602, -1.90213787556, 13.4132556915, 1.47049868107, 2.99809765816, 3.11901903152, 7.37289237976, 1.55808329582],
        "cov": [[3913.33959961, -1025.77185059, -77.9559402466, -152.457382202, -271.563720703, 155.661010742, -27.51288414, 90.5022583008, -100.24269104, 32.5412864685, 58.2855300903, 38.0449638367, 19.3178062439], [-1025.77185059, 1413.26208496, -525.979614258, 61.1888771057, 193.328292847, -119.220947266, -31.5968456268, 64.1192321777, 80.9408493042, -1.24714636803, 15.5075407028, 4.4544916153, 48.2703018188], [-77.9559402466, -525.979614258, 851.242126465, 128.759414673, -66.8276977539, 160.648590088, 66.0562667847, -33.6648635864, 24.2233085632, 36.1480979919, 7.93130254745, 30.1933250427, -29.4334373474], [-152.457382202, 61.1888771057, 128.759414673, 305.276977539, 99.116355896, 69.6754684448, 41.6270828247, 33.4518852234, 48.5402107239, 66.7987136841, 5.68136072159, 2.71737241745, 14.5049600601], [-271.563720703, 193.328292847, -66.8276977539, 99.116355896, 324.283874512, -12.7732105255, -17.6512069702, 17.4412441254, 76.07371521, 43.9468917847, -38.3212623596, 19.8525180817, 16.7509593964], [155.661010742, -119.220947266, 160.648590088, 69.6754684448, -12.7732105255, 180.523010254, 53.2972297668, 19.75740242, 7.57711744308, 52.9149780273, 39.3727722168, 9.83127403259, -13.2917137146], [-27.51288414, -31.5968456268, 66.0562667847, 41.6270828247, -17.6512069702, 53.2972297668, 164.955276489, 42.640789032, -6.95503139496, 10.8921022415, 23.7720394135, 8.59359455109, -11.6701564789], [90.5022583008, 64.1192321777, -33.6648635864, 33.4518852234, 17.4412441254, 19.75740242, 42.640789032, 151.71496582, 16.5258045197, 11.8370800018, 5.77638435364, 16.4985103607, 3.10472416878], [-100.24269104, 80.9408493042, 24.2233085632, 48.5402107239, 76.07371521, 7.57711744308, -6.95503139496, 16.5258045197, 128.680801392, 27.116476059, -36.2094688416, 9.17908287048, 15.7251396179], [32.5412864685, -1.24714636803, 36.1480979919, 66.7987136841, 43.9468917847, 52.9149780273, 10.8921022415, 11.8370800018, 27.116476059, 127.758735657, 7.6322350502, -9.54229545593, -1.91351997852], [58.2855300903, 15.5075407028, 7.93130254745, 5.68136072159, -38.3212623596, 39.3727722168, 23.7720394135, 5.77638435364, -36.2094688416, 7.6322350502, 125.935897827, 9.98937511444, -16.9537525177], [38.0449638367, 4.4544916153, 30.1933250427, 2.71737241745, 19.8525180817, 9.83127403259, 8.59359455109, 16.4985103607, 9.17908287048, -9.54229545593, 9.98937511444, 93.6779022217, 10.4097757339], [19.3178062439, 48.2703018188, -29.4334373474, 14.5049600601, 16.7509593964, -13.2917137146, -11.6701564789, 3.10472416878, 15.7251396179, -1.91351997852, -16.9537525177, 10.4097757339, 91.477973938]],
        "icov": [[0.000413359375671, 0.00039357325295, 0.000334228447173, 5.4627944337e-005, 0.000217459120904, -0.000370646739611, 0.000252076977631, -0.000349952926626, -1.41447817441e-005, -0.000146074948134, -0.000121636367112, -0.000238232081756, -0.000241787303821], [0.00039357325295, 0.00147067580838, 0.000960789562669, -0.000313696888043, -0.000101985002402, 4.78082802147e-005, 0.000197099565412, -0.000487317651277, -0.000681081903167, 1.10110540845e-005, -0.000702643941622, -0.00025692145573, -0.000416638533352], [0.000334228447173, 0.000960789562669, 0.00228831497952, -0.000816780142486, 0.000563045614399, -0.00130937190261, -7.07218059688e-005, 0.000368493580027, -0.000739514245652, 0.000113985595817, 7.67542369431e-005, -0.000883896369487, 0.000217658263864], [5.4627944337e-005, -0.000313696888043, -0.000816780142486, 0.00484422128648, -0.00122002523858, -0.000875743979122, -0.000619408674538, -0.00062270736089, -0.000362740218407, -0.00129394570831, -0.000311257201247, 0.000673548027407, -0.00093769072555], [0.000217459120904, -0.000101985002402, 0.000563045614399, -0.00122002523858, 0.00453071109951, 0.000152572101797, 0.000495780550409, -1.9408593289e-005, -0.00151189346798, -0.00107113458216, 0.000932516530156, -0.00133049068972, 0.000200659720576], [-0.000370646739611, 4.78082802147e-005, -0.00130937190261, -0.000875743979122, 0.000152572101797, 0.00922185368836, -0.00169395457488, -0.000285626476398, -0.000541562272701, -0.00254565174691, -0.00212468323298, -0.000239502493059, 0.000549520889763], [0.000252076977631, 0.000197099565412, -7.07218059688e-005, -0.000619408674538, 0.000495780550409, -0.00169395457488, 0.0076108193025, -0.00212219264358, 0.000576508580707, 0.000250355515163, -0.000525349343661, -0.000350215705112, 0.000472896412248], [-0.000349952926626, -0.000487317651277, 0.000368493580027, -0.00062270736089, -1.9408593289e-005, -0.000285626476398, -0.00212219264358, 0.00805823225528, -0.000795746280346, -5.93074910284e-005, 0.000240769964876, -0.00110989250243, 0.0002726430248], [-1.41447817441e-005, -0.000681081903167, -0.000739514245652, -0.000362740218407, -0.00151189346798, -0.000541562272701, 0.000576508580707, -0.000795746280346, 0.0107740610838, -0.00135779706761, 0.00291780615225, -0.000666615669616, -0.000783187919296], [-0.000146074948134, 1.10110540845e-005, 0.000113985595817, -0.00129394570831, -0.00107113458216, -0.00254565174691, 0.000250355515163, -5.93074910284e-005, -0.00135779706761, 0.0103743523359, -0.000579846149776, 0.00176293123513, 0.000269431329798], [-0.000121636367112, -0.000702643941622, 7.67542369431e-005, -0.000311257201247, 0.000932516530156, -0.00212468323298, -0.000525349343661, 0.000240769964876, 0.00291780615225, -0.000579846149776, 0.010323039256, -0.00151281175204, 0.00148746918421], [-0.000238232081756, -0.00025692145573, -0.000883896369487, 0.000673548027407, -0.00133049068972, -0.000239502493059, -0.000350215705112, -0.00110989250243, -0.000666615669616, 0.00176293123513, -0.00151281175204, 0.0121585698798, -0.0015159874456], [-0.000241787303821, -0.000416638533352, 0.000217658263864, -0.00093769072555, 0.000200659720576, 0.000549520889763, 0.000472896412248, 0.0002726430248, -0.000783187919296, 0.000269431329798, 0.00148746918421, -0.0015159874456, 0.0121038462967]]
    },
    "spectral_contrast_coeffs": {
        "mean": [-0.641743183136, -0.677827656269, -0.720284640789, -0.705142438412, -0.718588709831, -0.725414514542],
        "var": [0.00544190360233, 0.00526077626273, 0.00431031035259, 0.00457456614822, 0.00364386965521, 0.00300088175572]
    },
    "spectral_contrast_valleys": {
        "mean": [-6.88424730301, -7.22678232193, -8.06684684753, -8.54487133026, -8.87547779083, -12.061044693],
        "var": [1.17049086094, 0.987925171852, 0.942590713501, 0.984189331532, 1.11249816418, 1.67473316193]
    }
},
"metadata": {
    "audio_properties": {
        "analysis_sample_rate": 44100,
        "bit_rate": 107255,
        "equal_loudness": 0,
        "length": 45.0873451233,
        "lossless": 0,
        "replay_gain": -7.230052948,
        "sample_rate": 44100,
        "codec": "mp3",
        "downmix": "mix",
        "md5_encoded": "66c4e3dad0c9b0a3eee38d844f30decf"
    },
    "tags": {
        "file_name": "520.mp3"
    },
    "version": {
        "essentia": "2.1-beta2",
        "essentia_git_sha": "v2.1_beta2",
        "extractor": "music 1.0"
    }
},
"rhythm": {
    "beats_count": 65,
    "beats_loudness": {
        "mean": 0.108152911067,
        "var": 0.00851887278259
    },
    "bpm": 88.2250366211,
    "bpm_histogram_first_peak_bpm": {
        "mean": 86,
        "var": 0
    },
    "bpm_histogram_first_peak_spread": {
        "mean": 0.555555582047,
        "var": 0
    },
    "bpm_histogram_first_peak_weight": {
        "mean": 0.375,
        "var": 0
    },
    "bpm_histogram_second_peak_bpm": {
        "mean": 91,
        "var": 0
    },
    "bpm_histogram_second_peak_spread": {
        "mean": 0,
        "var": 0
    },
    "bpm_histogram_second_peak_weight": {
        "mean": 0.15625,
        "var": 0
    },
    "danceability": 1.41084015369,
    "onset_rate": 3.52512669563,
    "beats_loudness_band_ratio": {
        "mean": [0.758787214756, 0.0795438811183, 0.0770581141114, 0.0608769133687, 0.0339666865766, 0.00372936786152],
        "var": [0.0599670857191, 0.0105918226764, 0.014204243198, 0.00898089632392, 0.00420379824936, 2.1280024157e-005]
    },
    "beats_position": [0.684988677502, 1.38158726692, 2.08979582787, 2.79800438881, 3.50621318817, 4.21442174911, 4.91102027893, 5.60761880875, 6.29260778427, 6.97759628296, 7.66258478165, 8.35918331146, 9.05578231812, 9.75238037109, 10.4373693466, 11.1339683533, 11.8189563751, 12.4923353195, 13.1657142639, 13.8274831772, 14.4892511368, 15.15102005, 15.8127889633, 16.4861679077, 17.1595458984, 17.8561439514, 18.5643539429, 19.2609519958, 19.96916008, 20.6773700714, 21.3971881866, 22.1053962708, 22.8019943237, 23.4869842529, 24.1835823059, 24.8685703278, 25.5651702881, 26.2617683411, 26.958366394, 27.6433563232, 28.3283443451, 29.0249423981, 29.7215423584, 30.3949203491, 31.0682983398, 31.753288269, 32.4382743835, 33.111656189, 33.7618141174, 34.4351921082, 35.1085700989, 35.7819480896, 36.455329895, 37.1287078857, 37.8020858765, 38.4754638672, 39.1256217957, 39.7873916626, 40.4491615295, 41.1109275818, 41.7726974487, 42.4460754395, 43.1194534302, 43.8044433594, 44.4894332886]
},
"tonal": {
    "chords_changes_rate": 0.0380658432841,
    "chords_number_rate": 0.00720164598897,
    "chords_strength": {
        "mean": 0.554200828075,
        "var": 0.0102311158553
    },
    "hpcp_entropy": {
        "mean": 1.88713300228,
        "var": 0.431474030018
    },
    "key_strength": 0.791559398174,
    "tuning_diatonic_strength": 0.629478394985,
    "tuning_equal_tempered_deviation": 0.199841573834,
    "tuning_frequency": 445.627075195,
    "tuning_nontempered_energy_ratio": 0.955833315849,
    "hpcp": {
        "mean": [0.240716665983, 0.0963729098439, 0.0440220609307, 0.0308989118785, 0.0419171899557, 0.110470093787, 0.132398352027, 0.0744356960058, 0.0343360230327, 0.0279020480812, 0.0528292842209, 0.0866812989116, 0.0807458683848, 0.0873730480671, 0.216079637408, 0.245374292135, 0.0994833186269, 0.0265285503119, 0.0246498864144, 0.0754562467337, 0.218993499875, 0.221091836691, 0.0899287611246, 0.0373730175197, 0.034792046994, 0.069450750947, 0.113277480006, 0.109955750406, 0.0957163274288, 0.0885355770588, 0.0626726672053, 0.048599857837, 0.0530538260937, 0.0739832744002, 0.160058170557, 0.285187870264],
        "var": [0.102994471788, 0.0361173599958, 0.0214246567339, 0.0131855458021, 0.0140363834798, 0.0497936680913, 0.0710652768612, 0.0428775474429, 0.017169399187, 0.0133686065674, 0.0233738254756, 0.0347162932158, 0.0287456829101, 0.0346786044538, 0.0999106243253, 0.147268369794, 0.0303198173642, 0.00863593909889, 0.00930491834879, 0.0171737428755, 0.0957172885537, 0.0971252545714, 0.042430344969, 0.0132265593857, 0.0169420875609, 0.0356089062989, 0.0523561835289, 0.0497055463493, 0.0536351315677, 0.0496405623853, 0.0331581570208, 0.0284436680377, 0.0310800001025, 0.0371367260814, 0.0709306970239, 0.131808295846]
    },
    "chords_histogram": [0, 0, 1.33744859695, 0.617283940315, 0, 3.60082316399, 0, 2.16049385071, 5.45267486572, 16.872428894, 6.06995868683, 0, 62.5514411926, 0, 0.925925910473, 0, 0, 0, 0, 0, 0, 0, 0, 0.411522626877],
    "thpcp": [1, 0.844063460827, 0.337927788496, 0.154361620545, 0.108345814049, 0.146980971098, 0.387359023094, 0.464249581099, 0.261005818844, 0.120397910476, 0.0978374257684, 0.185243800282, 0.303944557905, 0.283132195473, 0.306370139122, 0.757674694061, 0.860395252705, 0.348834335804, 0.0930213108659, 0.0864338502288, 0.264584362507, 0.767892062664, 0.775249779224, 0.315331637859, 0.131047010422, 0.121996939182, 0.243526309729, 0.3972029984, 0.385555505753, 0.335625529289, 0.310446500778, 0.219759225845, 0.170413479209, 0.186031147838, 0.259419441223, 0.561237633228],
    "chords_key": "G#",
    "chords_scale": "major",
    "key_key": "D",
    "key_scale": "major"
}
}