{
"lowlevel": {
    "average_loudness": 0.853634297848,
    "barkbands_crest": {
        "mean": 8.80273914337,
        "var": 12.865237236
    },
    "barkbands_flatness_db": {
        "mean": 0.16680175066,
        "var": 0.00192281592172
    },
    "barkbands_kurtosis": {
        "mean": 2.40830612183,
        "var": 32.5706672668
    },
    "barkbands_skewness": {
        "mean": 1.17562675476,
        "var": 1.18557035923
    },
    "barkbands_spread": {
        "mean": 20.9337673187,
        "var": 98.957824707
    },
    "dissonance": {
        "mean": 0.448428034782,
        "var": 0.000939715653658
    },
    "dynamic_complexity": 2.1259970665,
    "erbbands_crest": {
        "mean": 10.2267913818,
        "var": 19.4116401672
    },
    "erbbands_flatness_db": {
        "mean": 0.210760608315,
        "var": 0.00101988029201
    },
    "erbbands_kurtosis": {
        "mean": 0.13391931355,
        "var": 2.54639649391
    },
    "erbbands_skewness": {
        "mean": 0.33055472374,
        "var": 0.567893743515
    },
    "erbbands_spread": {
        "mean": 30.9803562164,
        "var": 101.006813049
    },
    "hfc": {
        "mean": 20.2218570709,
        "var": 209.7631073
    },
    "melbands_crest": {
        "mean": 13.8416109085,
        "var": 30.7775878906
    },
    "melbands_flatness_db": {
        "mean": 0.198354676366,
        "var": 0.00352344149724
    },
    "melbands_kurtosis": {
        "mean": 7.13261270523,
        "var": 106.707801819
    },
    "melbands_skewness": {
        "mean": 1.93798601627,
        "var": 1.35560655594
    },
    "melbands_spread": {
        "mean": 27.0474014282,
        "var": 268.418884277
    },
    "pitch_salience": {
        "mean": 0.479136437178,
        "var": 0.0108645260334
    },
    "silence_rate_20dB": {
        "mean": 1,
        "var": 0
    },
    "silence_rate_30dB": {
        "mean": 0.999485075474,
        "var": 0.000514661194757
    },
    "silence_rate_60dB": {
        "mean": 0.00720906304196,
        "var": 0.00715663982555
    },
    "spectral_centroid": {
        "mean": 1576.83227539,
        "var": 558113.6875
    },
    "spectral_complexity": {
        "mean": 18.3640575409,
        "var": 33.1533470154
    },
    "spectral_decrease": {
        "mean": -5.9328586488e-009,
        "var": 1.85400523641e-017
    },
    "spectral_energy": {
        "mean": 0.024226102978,
        "var": 0.000288683164399
    },
    "spectral_energyband_high": {
        "mean": 0.000579335726798,
        "var": 6.58827957523e-007
    },
    "spectral_energyband_low": {
        "mean": 0.0061464374885,
        "var": 0.000105859930045
    },
    "spectral_energyband_middle_high": {
        "mean": 0.00645939307287,
        "var": 3.0332694223e-005
    },
    "spectral_energyband_middle_low": {
        "mean": 0.0123110003769,
        "var": 0.000142545759445
    },
    "spectral_entropy": {
        "mean": 7.06719589233,
        "var": 0.107528626919
    },
    "spectral_flux": {
        "mean": 0.0600767582655,
        "var": 0.00167472835165
    },
    "spectral_kurtosis": {
        "mean": 4.61474370956,
        "var": 8.46708679199
    },
    "spectral_rms": {
        "mean": 0.00461024371907,
        "var": 2.38086295212e-006
    },
    "spectral_rolloff": {
        "mean": 1705.80297852,
        "var": 1482127
    },
    "spectral_skewness": {
        "mean": 1.27310812473,
        "var": 0.187339931726
    },
    "spectral_spread": {
        "mean": 3152857.5,
        "var": 2.46502339379e+012
    },
    "spectral_strongpeak": {
        "mean": 1.51640748978,
        "var": 2.59835505486
    },
    "zerocrossingrate": {
        "mean": 0.0587808154523,
        "var": 0.000940389872994
    },
    "barkbands": {
        "mean": [1.22505082345e-006, 0.00175011344254, 0.00339536415413, 0.00158036197536, 0.000994056113996, 0.00347792729735, 0.00200530258007, 0.00324607244693, 0.000395813200157, 0.00088297779439, 0.000559620850254, 0.00200957804918, 0.000233944854699, 0.000512070488185, 0.000292280776193, 0.00015172160056, 0.000818468513899, 0.000560813525226, 0.000617686368059, 0.000312340795062, 0.000274402904324, 0.000100674857094, 3.72462272935e-005, 1.07468868009e-005, 4.35315178038e-006, 9.55542304837e-007, 3.02408693642e-008],
        "var": [7.16620426194e-012, 1.03838292489e-005, 3.17000012728e-005, 3.17316953442e-005, 3.68770975001e-006, 2.36117375607e-005, 9.16434146347e-006, 3.45742628269e-005, 1.10815574317e-006, 9.38889741064e-007, 1.47506557369e-006, 1.1012262803e-005, 2.70154487225e-007, 6.6227556772e-007, 1.0243096682e-007, 8.42902565523e-008, 1.5774367057e-006, 6.66275582262e-007, 8.64562650804e-007, 4.03655860737e-007, 1.77929734946e-007, 3.82273022126e-008, 2.59326560226e-009, 7.57773344073e-010, 1.99168931347e-010, 5.09320363662e-012, 1.10629787395e-014]
    },
    "erbbands": {
        "mean": [0.0081185977906, 0.568735301495, 3.76336860657, 4.87599754333, 4.80539703369, 2.04934024811, 4.16679811478, 30.7455673218, 48.7022743225, 19.4373111725, 82.6266098022, 17.0424137115, 29.2818717957, 18.4351501465, 28.2450675964, 99.857131958, 17.3526573181, 28.9008808136, 16.6180782318, 11.4584760666, 31.4804801941, 26.6879673004, 28.9190063477, 28.3572292328, 29.9830818176, 16.9458656311, 11.5408363342, 10.4621238708, 3.84255647659, 1.85264909267, 0.854966521263, 0.359308868647, 0.15657581389, 0.0730618387461, 0.0190628636628, 0.00533119868487, 0.00169399857987, 0.000221377020353, 1.90204737009e-005, 2.93780740321e-005],
        "var": [0.000199811489438, 1.05203092098, 38.5426177979, 208.508605957, 104.172363281, 63.8396949768, 19.2947692871, 2108.77148438, 4020.9609375, 916.356384277, 22209.8769531, 961.788574219, 1126.68054199, 1785.1015625, 1799.02124023, 27631.5761719, 720.684448242, 1803.0880127, 424.43460083, 161.114761353, 2210.4597168, 1209.70947266, 1765.32836914, 2317.28662109, 2022.9621582, 959.074157715, 313.569000244, 435.74420166, 41.2480354309, 8.89119243622, 1.35661566257, 0.387649744749, 0.252240478992, 0.0626896843314, 0.00300847459584, 0.000121646626212, 3.20710823871e-005, 5.7050039004e-007, 3.2785069104e-010, 3.84367621065e-010]
    },
    "gfcc": {
        "mean": [-20.9471988678, 120.289154053, -164.677734375, 37.0055465698, -68.1037826538, -5.20365571976, -25.0534133911, 0.224441289902, -17.0169963837, -3.25530743599, -5.07413959503, -7.72610378265, -14.6231002808],
        "cov": [[3880.22607422, -445.286102295, -386.123443604, 213.747207642, -198.933822632, 168.293914795, 47.2862892151, 137.178039551, -113.519805908, 94.021522522, -163.834014893, 30.010881424, -208.124359131], [-445.286102295, 863.926452637, 217.430435181, -27.8774185181, 148.589660645, -15.0910663605, 51.0134544373, -77.5263671875, 139.405975342, -109.306785583, 134.689575195, -106.513786316, 89.3121109009], [-386.123443604, 217.430435181, 460.440490723, 53.8689155579, 119.144477844, 72.0618057251, 1.19412660599, 30.6719207764, 27.9988441467, -20.8991317749, 3.22392773628, -27.6295433044, -19.4741020203], [213.747207642, -27.8774185181, 53.8689155579, 231.375137329, 98.9783401489, 81.5913009644, 71.183303833, 42.4703369141, 14.760351181, 2.28523898125, -11.5017118454, 19.9643001556, -5.44690418243], [-198.933822632, 148.589660645, 119.144477844, 98.9783401489, 228.916168213, 95.8091964722, 94.8283309937, 35.8728141785, 32.0882644653, 9.74051952362, -3.16325998306, 19.9861736298, 10.0588207245], [168.293914795, -15.0910663605, 72.0618057251, 81.5913009644, 95.8091964722, 193.456085205, 119.414772034, 62.542804718, 7.35949325562, 31.1653766632, -18.9139213562, 20.259054184, -10.9735116959], [47.2862892151, 51.0134544373, 1.19412660599, 71.183303833, 94.8283309937, 119.414772034, 217.149017334, 75.7979125977, 31.2052383423, 38.1156806946, -2.4116127491, 30.9954490662, -7.45178842545], [137.178039551, -77.5263671875, 30.6719207764, 42.4703369141, 35.8728141785, 62.542804718, 75.7979125977, 151.529815674, 48.5120925903, 32.1318016052, -21.3511924744, 20.3728084564, -22.6842670441], [-113.519805908, 139.405975342, 27.9988441467, 14.760351181, 32.0882644653, 7.35949325562, 31.2052383423, 48.5120925903, 125.622215271, 0.154450580478, 36.767250061, -5.33021020889, 13.0233163834], [94.021522522, -109.306785583, -20.8991317749, 2.28523898125, 9.74051952362, 31.1653766632, 38.1156806946, 32.1318016052, 0.154450580478, 104.653358459, -0.254182070494, 37.3337898254, -8.75278949738], [-163.834014893, 134.689575195, 3.22392773628, -11.5017118454, -3.16325998306, -18.9139213562, -2.4116127491, -21.3511924744, 36.767250061, -0.254182070494, 122.566734314, 8.61451625824, 28.1721324921], [30.010881424, -106.513786316, -27.6295433044, 19.9643001556, 19.9861736298, 20.259054184, 30.9954490662, 20.3728084564, -5.33021020889, 37.3337898254, 8.61451625824, 111.916114807, 11.6343889236], [-208.124359131, 89.3121109009, -19.4741020203, -5.44690418243, 10.0588207245, -10.9735116959, -7.45178842545, -22.6842670441, 13.0233163834, -8.75278949738, 28.1721324921, 11.6343889236, 89.6256256104]],
        "icov": [[0.000623916217592, -0.00105162814725, 0.000978262512945, -0.00113575684372, 0.00128018285614, -0.00110341305844, 0.00106668495573, -0.00100888649467, 0.00102879689075, -0.000882151711266, 0.000901006045751, -0.000775479187723, 0.00177668465767], [-0.00105162814725, 0.0063659180887, -0.003271184396, 0.00350460712798, -0.004616453778, 0.00300762942061, -0.0046230009757, 0.00470574200153, -0.0053068799898, 0.00445206277072, -0.00435230135918, 0.00479488959536, -0.00563891138881], [0.000978262512945, -0.003271184396, 0.00501958094537, -0.00230297958478, 0.00123505911324, -0.0032362760976, 0.00399963790551, -0.00316319894046, 0.00267217028886, -0.00187175767496, 0.00188828259706, -0.0017581252614, 0.00454280339181], [-0.00113575684372, 0.00350460712798, -0.00230297958478, 0.00839426834136, -0.00496648577973, 0.00115408492275, -0.00320408307016, 0.00227730977349, -0.0030753207393, 0.00360650219955, -0.00247437646613, 0.00195963820443, -0.00378883606754], [0.00128018285614, -0.004616453778, 0.00123505911324, -0.00496648577973, 0.011502109468, -0.00416958518326, 0.00159519060981, -0.00262707984075, 0.00274211983196, -0.00338392332196, 0.00412434479222, -0.00425498653203, 0.00373292225413], [-0.00110341305844, 0.00300762942061, -0.0032362760976, 0.00115408492275, -0.00416958518326, 0.012046713382, -0.0065572746098, 0.00115795969032, -0.00120681838598, 0.0010823860066, -0.00164614256937, 0.00244884891436, -0.0040210285224], [0.00106668495573, -0.0046230009757, 0.00399963790551, -0.00320408307016, 0.00159519060981, -0.0065572746098, 0.0123661737889, -0.0056145270355, 0.00322358892299, -0.00408228114247, 0.00248663546517, -0.00384776759893, 0.00523417443037], [-0.00100888649467, 0.00470574200153, -0.00316319894046, 0.00227730977349, -0.00262707984075, 0.00115795969032, -0.0056145270355, 0.014602528885, -0.00881567038596, 0.00166670209728, -0.000588151626289, 0.00205309991725, -0.00255315005779], [0.00102879689075, -0.0053068799898, 0.00267217028886, -0.0030753207393, 0.00274211983196, -0.00120681838598, 0.00322358892299, -0.00881567038596, 0.0161441080272, -0.00319936266169, -0.000204189505894, -0.00217290059663, 0.0033402510453], [-0.000882151711266, 0.00445206277072, -0.00187175767496, 0.00360650219955, -0.00338392332196, 0.0010823860066, -0.00408228114247, 0.00166670209728, -0.00319936266169, 0.0152817843482, -0.0037224360276, -5.3836763982e-005, -0.00294339447282], [0.000901006045751, -0.00435230135918, 0.00188828259706, -0.00247437646613, 0.00412434479222, -0.00164614256937, 0.00248663546517, -0.000588151626289, -0.000204189505894, -0.0037224360276, 0.0135576399043, -0.00452360883355, 0.00207448308356], [-0.000775479187723, 0.00479488959536, -0.0017581252614, 0.00195963820443, -0.00425498653203, 0.00244884891436, -0.00384776759893, 0.00205309991725, -0.00217290059663, -5.3836763982e-005, -0.00452360883355, 0.0148238055408, -0.0060566146858], [0.00177668465767, -0.00563891138881, 0.00454280339181, -0.00378883606754, 0.00373292225413, -0.0040210285224, 0.00523417443037, -0.00255315005779, 0.0033402510453, -0.00294339447282, 0.00207448308356, -0.0060566146858, 0.0198982860893]]
    },
    "melbands": {
        "mean": [0.00025189621374, 0.00157823215704, 0.000860836356878, 0.000243068454438, 0.0001080730799, 0.000764675089158, 0.000686510349624, 0.000264404079644, 0.000611534167547, 7.37548107281e-005, 0.000142205826705, 6.82049721945e-005, 7.32066037017e-005, 0.000236016494455, 0.000117329058412, 2.49984532275e-005, 6.02546060691e-005, 2.62945231952e-005, 1.59185419761e-005, 1.12791694846e-005, 5.17060834682e-005, 3.75761301257e-005, 1.30186072056e-005, 3.69398367184e-005, 1.90811497305e-005, 2.59372409346e-005, 1.14677795864e-005, 1.12395246106e-005, 5.85717816648e-006, 8.24871312943e-006, 5.6750091062e-006, 1.95950201487e-006, 1.71134411175e-006, 7.8197200537e-007, 5.29332623955e-007, 3.50996913312e-007, 1.46747737517e-007, 1.2201996924e-007, 6.40577653144e-008, 6.33168042441e-008],
        "var": [2.12290359514e-007, 6.71544876241e-006, 5.33210641152e-006, 3.13667555929e-007, 1.97223446463e-008, 1.19558092138e-006, 7.88276338426e-007, 2.38270303043e-007, 1.15704153814e-006, 3.25574411875e-008, 2.74721525528e-008, 2.66152309081e-008, 1.74967169642e-008, 1.4262808179e-007, 3.45089183895e-008, 2.48506260014e-009, 9.04580499395e-009, 1.24422350201e-009, 3.17404769135e-010, 1.86383547485e-010, 6.84624046343e-009, 2.92068613739e-009, 6.74865774375e-010, 3.54556206617e-009, 1.77499526188e-009, 1.5269366882e-009, 3.58947205292e-010, 4.22783474896e-010, 1.48891926566e-010, 1.40956191164e-010, 1.96708677125e-010, 1.19557332784e-011, 1.7857335402e-011, 1.4519153024e-012, 6.36210268495e-013, 3.44697198302e-013, 1.00700196337e-013, 1.41495241088e-013, 8.39130671958e-014, 6.18430748777e-014]
    },
    "mfcc": {
        "mean": [-646.011108398, 135.69367981, -34.0387229919, 34.6069412231, -20.4346694946, -0.297481119633, -5.6870174408, 2.19818997383, -8.21396350861, -0.5662368536, 0.781042337418, 8.48599243164, 4.35754013062],
        "cov": [[2391.08666992, -597.190307617, -121.433990479, 44.1372566223, -179.675460815, 69.3048782349, 55.7036628723, 50.4311065674, 92.9348373413, -17.3998470306, 119.225204468, 108.207901001, -12.5501976013], [-597.190307617, 823.859741211, 121.818893433, 0.11080802232, 138.106262207, 36.393825531, 13.5479745865, 42.2210845947, -36.7760314941, 69.8205566406, -0.565151751041, -29.7095146179, 1.53536558151], [-121.433990479, 121.818893433, 297.324554443, 9.33850383759, 103.880813599, 14.1172418594, 19.5581760406, 32.1676559448, -11.7101764679, 33.5816192627, 29.946313858, -30.0511131287, -33.9526748657], [44.1372566223, 0.11080802232, 9.33850383759, 175.660385132, 51.3535346985, 50.9382858276, 31.5265979767, 50.5521469116, 27.4294013977, 10.6532382965, 11.2215204239, -3.69881367683, 21.9985275269], [-179.675460815, 138.106262207, 103.880813599, 51.3535346985, 198.669448853, 41.1897392273, 14.0657424927, 35.0916213989, 5.9160733223, 26.1892662048, -2.81561851501, -31.5266284943, -7.13672447205], [69.3048782349, 36.393825531, 14.1172418594, 50.9382858276, 41.1897392273, 167.161590576, 95.3838729858, 57.3436050415, 55.2804870605, 0.620792508125, 31.4801959991, 13.8209133148, 24.891254425], [55.7036628723, 13.5479745865, 19.5581760406, 31.5265979767, 14.0657424927, 95.3838729858, 165.83744812, 56.3661575317, 61.5525779724, 10.0167913437, 33.5302009583, 11.9701652527, 19.7434921265], [50.4311065674, 42.2210845947, 32.1676559448, 50.5521469116, 35.0916213989, 57.3436050415, 56.3661575317, 161.079345703, 60.8534736633, 37.6295204163, 43.2294120789, 28.3529281616, 28.357049942], [92.9348373413, -36.7760314941, -11.7101764679, 27.4294013977, 5.9160733223, 55.2804870605, 61.5525779724, 60.8534736633, 151.303222656, 26.5396556854, 27.399230957, 22.2315387726, 21.0504570007], [-17.3998470306, 69.8205566406, 33.5816192627, 10.6532382965, 26.1892662048, 0.620792508125, 10.0167913437, 37.6295204163, 26.5396556854, 104.734588623, 35.0107192993, 7.7579627037, 2.15570855141], [119.225204468, -0.565151751041, 29.946313858, 11.2215204239, -2.81561851501, 31.4801959991, 33.5302009583, 43.2294120789, 27.399230957, 35.0107192993, 115.08265686, 31.9463253021, 6.67686462402], [108.207901001, -29.7095146179, -30.0511131287, -3.69881367683, -31.5266284943, 13.8209133148, 11.9701652527, 28.3529281616, 22.2315387726, 7.7579627037, 31.9463253021, 116.38722229, 46.9047775269], [-12.5501976013, 1.53536558151, -33.9526748657, 21.9985275269, -7.13672447205, 24.891254425, 19.7434921265, 28.357049942, 21.0504570007, 2.15570855141, 6.67686462402, 46.9047775269, 104.10899353]],
        "icov": [[0.000590274226852, 0.000368937267922, 5.86690402997e-005, -0.000165713601746, 0.000324931490468, -0.00029431693838, 4.97524270031e-005, -0.000103068203316, -5.15734282089e-005, -3.26696208504e-005, -0.000401091529056, -0.0003514632117, 0.000426319806138], [0.000368937267922, 0.00176476547495, -0.000184057294973, 0.000307714857627, -0.000585311907344, -0.000579203944653, -7.38972903491e-006, -0.000330889160978, 0.000673601403832, -0.00100939627737, 6.47063570796e-005, -3.96351788368e-006, -3.43752544723e-005], [5.86690402997e-005, -0.000184057294973, 0.00469117378816, 0.000394108355977, -0.0021768247243, 0.000387782900361, -0.000623806496151, -0.000598380400334, 0.00071859563468, -0.000394320784835, -0.00132108852267, 0.000447726430139, 0.00124165182933], [-0.000165713601746, 0.000307714857627, 0.000394108355977, 0.00720347370952, -0.00176303484477, -0.00120777706616, 4.06254148402e-005, -0.0015108322259, 5.39552638656e-005, -0.000180066854227, 1.54546396516e-005, 0.00114227889571, -0.00136918679345], [0.000324931490468, -0.000585311907344, -0.0021768247243, -0.00176303484477, 0.00808831863105, -0.00185737758875, 0.000923495332245, -0.000612642907072, -0.000174461441929, -0.000961102137808, 0.00107693509199, 0.00112554535735, 0.000179700160515], [-0.00029431693838, -0.000579203944653, 0.000387782900361, -0.00120777706616, -0.00185737758875, 0.0108077209443, -0.00472316984087, -0.000717249989975, -0.00139656441752, 0.0022645664867, -0.00131406483706, -9.88051397144e-005, -0.000901232357137], [4.97524270031e-005, -7.38972903491e-006, -0.000623806496151, 4.06254148402e-005, 0.000923495332245, -0.00472316984087, 0.00994952116162, -0.00100931013003, -0.00194228312466, 0.0001487271511, -0.000819748383947, 0.000593302713241, -0.000450381689006], [-0.000103068203316, -0.000330889160978, -0.000598380400334, -0.0015108322259, -0.000612642907072, -0.000717249989975, -0.00100931013003, 0.0095830578357, -0.00210492569022, -0.0015441206051, -0.0013528825948, -0.00118524243589, -0.00109443103429], [-5.15734282089e-005, 0.000673601403832, 0.00071859563468, 5.39552638656e-005, -0.000174461441929, -0.00139656441752, -0.00194228312466, -0.00210492569022, 0.00943905767053, -0.00209399661981, 0.00010135328921, -0.000355857657269, -0.000240937923081], [-3.26696208504e-005, -0.00100939627737, -0.000394320784835, -0.000180066854227, -0.000961102137808, 0.0022645664867, 0.0001487271511, -0.0015441206051, -0.00209399661981, 0.0127746090293, -0.00332713127136, -8.89857983566e-005, 0.000117818344734], [-0.000401091529056, 6.47063570796e-005, -0.00132108852267, 1.54546396516e-005, 0.00107693509199, -0.00131406483706, -0.000819748383947, -0.0013528825948, 0.00010135328921, -0.00332713127136, 0.0122383143753, -0.00259305839427, 0.000860323605593], [-0.0003514632117, -3.96351788368e-006, 0.000447726430139, 0.00114227889571, 0.00112554535735, -9.88051397144e-005, 0.000593302713241, -0.00118524243589, -0.000355857657269, -8.89857983566e-005, -0.00259305839427, 0.0125031806529, -0.00521958945319], [0.000426319806138, -3.43752544723e-005, 0.00124165182933, -0.00136918679345, 0.000179700160515, -0.000901232357137, -0.000450381689006, -0.00109443103429, -0.000240937923081, 0.000117818344734, 0.000860323605593, -0.00521958945319, 0.013305480592]]
    },
    "spectral_contrast_coeffs": {
        "mean": [-0.578652799129, -0.639835178852, -0.702592074871, -0.726892530918, -0.686397194862, -0.635011672974],
        "var": [0.0056502413936, 0.00711387582123, 0.00441757962108, 0.00238675251603, 0.0036277982872, 0.00376675254665]
    },
    "spectral_contrast_valleys": {
        "mean": [-8.36400604248, -6.8834104538, -7.4939031601, -8.23283195496, -8.1387386322, -11.9274969101],
        "var": [1.01489710808, 0.935870945454, 0.951996445656, 0.897215306759, 0.926094889641, 0.897673010826]
    }
},
"metadata": {
    "audio_properties": {
        "analysis_sample_rate": 44100,
        "bit_rate": 103382,
        "equal_loudness": 0,
        "length": 45.0612258911,
        "lossless": 0,
        "replay_gain": -4.26030921936,
        "sample_rate": 44100,
        "codec": "mp3",
        "downmix": "mix",
        "md5_encoded": "1a00b40ab428da5e63aca9108cfbf323"
    },
    "tags": {
        "file_name": "521.mp3"
    },
    "version": {
        "essentia": "2.1-beta2",
        "essentia_git_sha": "v2.1_beta2",
        "extractor": "music 1.0"
    }
},
"rhythm": {
    "beats_count": 130,
    "beats_loudness": {
        "mean": 0.0294393226504,
        "var": 0.00021782098338
    },
    "bpm": 172.265579224,
    "bpm_histogram_first_peak_bpm": {
        "mean": 172,
        "var": 0
    },
    "bpm_histogram_first_peak_spread": {
        "mean": 0,
        "var": 0
    },
    "bpm_histogram_first_peak_weight": {
        "mean": 0.550387620926,
        "var": 0
    },
    "bpm_histogram_second_peak_bpm": {
        "mean": 178,
        "var": 0
    },
    "bpm_histogram_second_peak_spread": {
        "mean": 0,
        "var": 0
    },
    "bpm_histogram_second_peak_weight": {
        "mean": 0.395348846912,
        "var": 0
    },
    "danceability": 1.16388201714,
    "onset_rate": 3.32730412483,
    "beats_loudness_band_ratio": {
        "mean": [0.301592499018, 0.209701806307, 0.30417200923, 0.162939697504, 0.0829742327332, 0.0534767284989],
        "var": [0.0484450235963, 0.0389624871314, 0.0233996305615, 0.013983332552, 0.00662994431332, 0.00341773219407]
    },
    "beats_position": [0.371519267559, 0.743038535118, 1.09133780003, 1.43963718414, 1.78793644905, 2.13623571396, 2.48453521729, 2.83283448219, 3.16952371597, 3.50621318817, 3.85451245308, 4.19120168686, 4.52789115906, 4.87619018555, 5.22448968887, 5.5727891922, 5.92108821869, 6.26938772202, 6.60607719421, 6.94276618958, 7.2910656929, 7.63936471939, 7.98766422272, 8.33596324921, 8.68426322937, 9.0093421936, 9.35764122009, 9.70594120026, 10.0542402267, 10.4025392532, 10.7392292023, 11.0759181976, 11.4009971619, 11.7609071732, 12.0975961685, 12.445895195, 12.7941951752, 13.1308841705, 13.4675731659, 13.8158731461, 14.1641721725, 14.512471199, 14.8607711792, 15.2090702057, 15.545759201, 15.8940582275, 16.242357254, 16.5906581879, 16.9389572144, 17.2756462097, 17.6239452362, 17.9722442627, 18.3205432892, 18.6688423157, 19.0055332184, 19.3422222137, 19.6905212402, 20.0388202667, 20.3871192932, 20.7354183197, 21.0721092224, 21.4204082489, 21.7570972443, 22.1053962708, 22.4536952972, 22.8019943237, 23.1502952576, 23.4985942841, 23.8468933105, 24.195192337, 24.5434913635, 24.89179039, 25.2284793854, 25.5651702881, 25.9134693146, 26.2617683411, 26.6100673676, 26.9467563629, 27.2834453583, 27.620136261, 27.9568252563, 28.3051242828, 28.6534233093, 29.0017223358, 29.3500213623, 29.6751022339, 30.0234012604, 30.3600902557, 30.6967792511, 31.0450782776, 31.3817672729, 31.7184581757, 32.0667572021, 32.4034461975, 32.7401351929, 33.0884361267, 33.4251251221, 33.7618141174, 34.1101112366, 34.4468002319, 34.783493042, 35.1317901611, 35.4684791565, 35.8051681519, 36.1534690857, 36.5017662048, 36.8384590149, 37.1751480103, 37.5118370056, 37.848526001, 38.1736030579, 38.5102958679, 38.8469848633, 39.1952819824, 39.5435829163, 39.8802719116, 40.216960907, 40.5536499023, 40.9019508362, 41.2386398315, 41.5869369507, 41.923625946, 42.2603149414, 42.585395813, 42.9220848083, 43.2587738037, 43.5954627991, 43.9437637329, 44.2804527283, 44.6287536621]
},
"tonal": {
    "chords_changes_rate": 0.0298353917897,
    "chords_number_rate": 0.00308641977608,
    "chords_strength": {
        "mean": 0.552884399891,
        "var": 0.00169130100403
    },
    "hpcp_entropy": {
        "mean": 1.41491568089,
        "var": 0.292479366064
    },
    "key_strength": 0.782429695129,
    "tuning_diatonic_strength": 0.609115839005,
    "tuning_equal_tempered_deviation": 0.017615750432,
    "tuning_frequency": 440.254241943,
    "tuning_nontempered_energy_ratio": 0.601608633995,
    "hpcp": {
        "mean": [0.111353382468, 0.0723411738873, 0.028797769919, 0.0220123361796, 0.0230050142854, 0.0613328367472, 0.0751183852553, 0.0392954424024, 0.0649475008249, 0.122218206525, 0.0903760492802, 0.032480571419, 0.028030347079, 0.0515094436705, 0.273484319448, 0.509893357754, 0.302744209766, 0.0525161921978, 0.0344682075083, 0.0212626457214, 0.019053619355, 0.0233247932047, 0.0271826926619, 0.0391297452152, 0.0432607606053, 0.0338907316327, 0.0509583130479, 0.0554009899497, 0.074225127697, 0.47134500742, 0.744893848896, 0.365019440651, 0.0533079914749, 0.0327892750502, 0.0352981612086, 0.0747438669205],
        "var": [0.0228067450225, 0.0162362661213, 0.0109357880428, 0.0083373002708, 0.00565604958683, 0.0103940200061, 0.0172053650022, 0.00543668912724, 0.0170294847339, 0.0597161799669, 0.0391952767968, 0.00888577103615, 0.0127491392195, 0.0208486318588, 0.0478841885924, 0.134112656116, 0.0624770335853, 0.0167776104063, 0.0135048981756, 0.0080836052075, 0.00434484239668, 0.00477961683646, 0.00696150120348, 0.00973614118993, 0.0108868740499, 0.00697268592194, 0.00956010818481, 0.00948158465326, 0.0158057548106, 0.0637318342924, 0.105015009642, 0.0519014894962, 0.0146448463202, 0.00946441385895, 0.00948837585747, 0.0148619087413]
    },
    "chords_histogram": [73.7654342651, 0, 0, 4.52674913406, 0, 0, 0, 0, 0, 0, 0, 0, 0, 0, 0, 0, 0, 21.707818985, 0, 0, 0, 0, 0, 0],
    "thpcp": [1, 0.49002879858, 0.0715645477176, 0.0440187230706, 0.0473868325353, 0.100341632962, 0.149488925934, 0.0971160829067, 0.0386602319777, 0.0295509714633, 0.0308836139739, 0.0823376849294, 0.100844413042, 0.0527530759573, 0.0871902778745, 0.164074659348, 0.121327422559, 0.0436042957008, 0.0376299880445, 0.0691500455141, 0.367145359516, 0.684518158436, 0.406425982714, 0.0705015808344, 0.0462726429105, 0.0285445321351, 0.0255789719522, 0.0313129089773, 0.0364920347929, 0.052530631423, 0.0580764114857, 0.0454973988235, 0.0684101656079, 0.0743743404746, 0.099645242095, 0.632768034935],
    "chords_key": "G",
    "chords_scale": "major",
    "key_key": "G",
    "key_scale": "major"
}
}