{
"lowlevel": {
    "average_loudness": 0.794825613499,
    "barkbands_crest": {
        "mean": 12.0494785309,
        "var": 19.4141960144
    },
    "barkbands_flatness_db": {
        "mean": 0.22728459537,
        "var": 0.00415934016928
    },
    "barkbands_kurtosis": {
        "mean": 8.35028648376,
        "var": 109.023429871
    },
    "barkbands_skewness": {
        "mean": 1.55255842209,
        "var": 1.86023843288
    },
    "barkbands_spread": {
        "mean": 9.39572525024,
        "var": 162.526565552
    },
    "dissonance": {
        "mean": 0.393345624208,
        "var": 0.00503321038559
    },
    "dynamic_complexity": 5.18789863586,
    "erbbands_crest": {
        "mean": 13.7622175217,
        "var": 37.0584259033
    },
    "erbbands_flatness_db": {
        "mean": 0.241759702563,
        "var": 0.00374893378466
    },
    "erbbands_kurtosis": {
        "mean": 5.3871588707,
        "var": 74.2054977417
    },
    "erbbands_skewness": {
        "mean": 1.04237520695,
        "var": 1.02742195129
    },
    "erbbands_spread": {
        "mean": 19.5180606842,
        "var": 368.390136719
    },
    "hfc": {
        "mean": 10.2865152359,
        "var": 203.61114502
    },
    "melbands_crest": {
        "mean": 15.6122331619,
        "var": 30.4858169556
    },
    "melbands_flatness_db": {
        "mean": 0.296271562576,
        "var": 0.00624661473557
    },
    "melbands_kurtosis": {
        "mean": 10.9630079269,
        "var": 346.06942749
    },
    "melbands_skewness": {
        "mean": 1.76247179508,
        "var": 2.82693839073
    },
    "melbands_spread": {
        "mean": 11.5741872787,
        "var": 209.523696899
    },
    "pitch_salience": {
        "mean": 0.55178797245,
        "var": 0.0157141163945
    },
    "silence_rate_20dB": {
        "mean": 1,
        "var": 0
    },
    "silence_rate_30dB": {
        "mean": 0.994853317738,
        "var": 0.00512030441314
    },
    "silence_rate_60dB": {
        "mean": 0.205867215991,
        "var": 0.163490176201
    },
    "spectral_centroid": {
        "mean": 698.819580078,
        "var": 356617.46875
    },
    "spectral_complexity": {
        "mean": 7.97272253036,
        "var": 22.7334442139
    },
    "spectral_decrease": {
        "mean": -4.43317560439e-009,
        "var": 2.71503341789e-017
    },
    "spectral_energy": {
        "mean": 0.0176648255438,
        "var": 0.000434578105342
    },
    "spectral_energyband_high": {
        "mean": 7.56329100113e-005,
        "var": 5.07495201418e-008
    },
    "spectral_energyband_low": {
        "mean": 0.00196762871929,
        "var": 2.28282497119e-005
    },
    "spectral_energyband_middle_high": {
        "mean": 0.00356176169589,
        "var": 5.7741337514e-005
    },
    "spectral_energyband_middle_low": {
        "mean": 0.0130584454164,
        "var": 0.000307978538331
    },
    "spectral_entropy": {
        "mean": 6.58424091339,
        "var": 0.465272843838
    },
    "spectral_flux": {
        "mean": 0.0549207441509,
        "var": 0.00201336643659
    },
    "spectral_kurtosis": {
        "mean": 13.8480606079,
        "var": 98.4256820679
    },
    "spectral_rms": {
        "mean": 0.00354006909765,
        "var": 4.70190025226e-006
    },
    "spectral_rolloff": {
        "mean": 1004.7230835,
        "var": 2913568.5
    },
    "spectral_skewness": {
        "mean": 2.84164786339,
        "var": 1.03548359871
    },
    "spectral_spread": {
        "mean": 3494260,
        "var": 6.20237999309e+012
    },
    "spectral_strongpeak": {
        "mean": 1.24292600155,
        "var": 2.29407691956
    },
    "zerocrossingrate": {
        "mean": 0.0378082469106,
        "var": 0.00202833022922
    },
    "barkbands": {
        "mean": [3.43676720149e-006, 0.000305714231217, 0.00135908997618, 0.000630004215054, 0.00306933629327, 0.00130249257199, 0.00161956064403, 0.00243264809251, 0.00242731859908, 0.00276668905281, 0.000871126889251, 0.000303138251184, 0.000167889622389, 6.45110048936e-005, 4.83224212076e-005, 6.58506323816e-005, 5.82213178859e-005, 5.71996424696e-005, 2.90930493065e-005, 1.94800868485e-005, 7.64836113376e-006, 7.81881044531e-006, 1.15424800242e-005, 9.6620478871e-006, 2.04150201171e-005, 6.48234163236e-006, 1.50609238858e-007],
        "var": [3.46624118297e-011, 1.26957843349e-006, 1.3323494386e-005, 4.84599968331e-006, 3.02752541756e-005, 9.15468172025e-006, 1.84487234947e-005, 3.61478887498e-005, 5.5967579101e-005, 7.31206091587e-005, 9.18344449019e-006, 5.14057205692e-007, 3.42297340694e-007, 8.18442131845e-008, 2.34631283291e-008, 7.12243846124e-008, 3.13673638175e-008, 3.80508389242e-008, 2.91419421927e-008, 2.14440731838e-009, 2.86022400209e-010, 3.57506774185e-010, 1.39578759661e-009, 1.29780075575e-009, 1.20488685695e-008, 1.29948296568e-009, 9.0498181865e-013]
    },
    "erbbands": {
        "mean": [0.00519029796124, 0.102793127298, 1.09386312962, 2.23266649246, 4.9796423912, 11.1478872299, 15.294052124, 8.78532314301, 10.1979579926, 61.8425140381, 38.3386726379, 51.6572494507, 106.85546875, 47.1171379089, 30.8651008606, 11.6448993683, 8.39729785919, 3.73924350739, 3.49220991135, 2.87485551834, 3.33723330498, 3.03418731689, 3.17956161499, 2.34795403481, 0.969088613987, 0.853687286377, 0.529534816742, 0.275688618422, 0.294651985168, 0.255855202675, 0.353004068136, 0.265603363514, 0.14417155087, 0.233073830605, 0.133955940604, 0.0484856814146, 0.00748526491225, 0.00078528112499, 2.93139091809e-005, 2.12045160879e-005],
        "var": [0.000614999386016, 0.0915991589427, 7.60156106949, 33.9764709473, 486.825622559, 244.134597778, 663.569946289, 629.786010742, 644.05670166, 24414.1640625, 11200.0917969, 22421.1640625, 132010.75, 17506.5410156, 11522.8525391, 638.328063965, 723.49987793, 161.736679077, 165.090103149, 139.03112793, 93.5569763184, 79.8188705444, 126.996002197, 110.285293579, 20.0534229279, 4.10577583313, 1.68789374828, 0.357846111059, 0.563455581665, 0.498425841331, 1.46197021008, 1.02384603024, 0.288141518831, 1.84617364407, 0.470619499683, 0.0726934745908, 0.00187518354505, 1.88270187209e-005, 1.22162804317e-008, 5.89604365331e-010]
    },
    "gfcc": {
        "mean": [-112.729446411, 130.516693115, -107.533187866, 0.225467830896, -79.8126373291, 1.65090370178, -40.8099212646, 8.20070743561, -30.858997345, -12.0829944611, -17.4073600769, -5.28947114944, -8.5042886734],
        "cov": [[7019.48144531, -602.194335938, -1114.86999512, -440.243255615, -467.681182861, -82.198059082, 127.340454102, 147.402832031, -29.8278999329, -146.616851807, -57.4835777283, 20.649969101, -130.997894287], [-602.194335938, 1462.36035156, 122.636024475, -135.12902832, 317.101348877, -47.3240394592, 179.529571533, -124.854675293, 90.5267028809, -104.313354492, 148.043899536, -143.621887207, 35.4216995239], [-1114.86999512, 122.636024475, 1023.44781494, 201.562515259, 36.3402633667, 95.3391189575, -5.01748275757, -2.1790728569, 18.8223781586, 39.653503418, -61.7923583984, -46.4902381897, -46.5980415344], [-440.243255615, -135.12902832, 201.562515259, 619.395812988, 236.387786865, 43.6682815552, -153.304428101, 3.29667448997, 36.9647369385, 80.0510406494, -46.7089805603, 13.7243432999, -1.5283459425], [-467.681182861, 317.101348877, 36.3402633667, 236.387786865, 439.617004395, 78.9726409912, -31.6961288452, -36.6605377197, 52.7294502258, 39.8274688721, 16.3484592438, -27.910615921, -15.7911472321], [-82.198059082, -47.3240394592, 95.3391189575, 43.6682815552, 78.9726409912, 309.989593506, 82.3720703125, -5.59211397171, -65.8465957642, 43.4156074524, 22.8707466125, -7.49325037003, -43.4117050171], [127.340454102, 179.529571533, -5.01748275757, -153.304428101, -31.6961288452, 82.3720703125, 290.467468262, 25.7467327118, -9.01441287994, -32.0022087097, 50.8163146973, -21.5943107605, -34.320941925], [147.402832031, -124.854675293, -2.1790728569, 3.29667448997, -36.6605377197, -5.59211397171, 25.7467327118, 133.535888672, 47.7193946838, 6.39905834198, -32.5442008972, 10.7940969467, 4.77247667313], [-29.8278999329, 90.5267028809, 18.8223781586, 36.9647369385, 52.7294502258, -65.8465957642, -9.01441287994, 47.7193946838, 155.698745728, 27.7282524109, -16.9589347839, -16.053440094, 12.4554681778], [-146.616851807, -104.313354492, 39.653503418, 80.0510406494, 39.8274688721, 43.4156074524, -32.0022087097, 6.39905834198, 27.7282524109, 127.663475037, -3.07034158707, 20.6707305908, -6.47524356842], [-57.4835777283, 148.043899536, -61.7923583984, -46.7089805603, 16.3484592438, 22.8707466125, 50.8163146973, -32.5442008972, -16.9589347839, -3.07034158707, 102.680259705, 0.860683381557, 3.03399705887], [20.649969101, -143.621887207, -46.4902381897, 13.7243432999, -27.910615921, -7.49325037003, -21.5943107605, 10.7940969467, -16.053440094, 20.6707305908, 0.860683381557, 99.0195617676, 24.1826839447], [-130.997894287, 35.4216995239, -46.5980415344, -1.5283459425, -15.7911472321, -43.4117050171, -34.320941925, 4.77247667313, 12.4554681778, -6.47524356842, 3.03399705887, 24.1826839447, 101.175079346]],
        "icov": [[0.000211526465137, -1.54329518409e-005, 0.000261812325334, -1.97125682462e-005, 0.000233596030739, -8.93674005056e-005, -1.26769407416e-007, -0.000115087066661, -0.000105420338514, 0.000179206574103, 0.000211101214518, -3.02045646094e-005, 0.0004284006136], [-1.54329518409e-005, 0.00190198351629, -0.000503992778249, 0.000635743606836, -0.00163724273443, 0.000678917800542, -0.000949457054958, 0.00126613629982, -0.000911956769414, 0.00108347693458, -0.00187476107385, 0.00167001853697, -0.00141575699672], [0.000261812325334, -0.000503992778249, 0.00161835353356, -0.00062272377545, 0.00097871851176, -0.000645588326734, 5.79563165957e-005, -0.000115314025606, -0.000171166626387, -0.000166937184986, 0.00142019730993, 3.60750964319e-005, 0.00111141684465], [-1.97125682462e-005, 0.000635743606836, -0.00062272377545, 0.00291946204379, -0.0019263640279, 0.000111788205686, 0.000849726027809, -0.000126811894006, -0.000110485052573, -0.000373461691197, -0.000169332313817, 7.04412013874e-005, -0.000471331266453], [0.000233596030739, -0.00163724273443, 0.00097871851176, -0.0019263640279, 0.00522944564, -0.00180981867015, 0.000849285919685, 0.00021231181745, -0.00123965658713, -0.0004612338671, 0.00115365791135, -0.000773719395511, 0.00188848585822], [-8.93674005056e-005, 0.000678917800542, -0.000645588326734, 0.000111788205686, -0.00180981867015, 0.00546860136092, -0.0018777231453, -0.000511783408001, 0.00295954104513, -0.0020055945497, -0.00111216190271, 0.00112487131264, 7.38767557777e-005], [-1.26769407416e-007, -0.000949457054958, 5.79563165957e-005, 0.000849726027809, 0.000849285919685, -0.0018777231453, 0.00587707711384, -0.00226126401685, -0.00025411543902, 0.000843215675559, -0.00162511784583, -0.000549426476937, 0.00206425483339], [-0.000115087066661, 0.00126613629982, -0.000115314025606, -0.000126811894006, 0.00021231181745, -0.000511783408001, -0.00226126401685, 0.0114591736346, -0.00453062402084, 0.00102813576814, 0.00214408989996, -0.000508369761519, -0.00146060797852], [-0.000105420338514, -0.000911956769414, -0.000171166626387, -0.000110485052573, -0.00123965658713, 0.00295954104513, -0.00025411543902, -0.00453062402084, 0.0110720386729, -0.00389797380194, 0.00105036690366, 0.00173034786712, -0.000751437502913], [0.000179206574103, 0.00108347693458, -0.000166937184986, -0.000373461691197, -0.0004612338671, -0.0020055945497, 0.000843215675559, 0.00102813576814, -0.00389797380194, 0.0113476430997, -0.0016152044991, -0.00187945785001, 0.000778962334152], [0.000211101214518, -0.00187476107385, 0.00142019730993, -0.000169332313817, 0.00115365791135, -0.00111216190271, -0.00162511784583, 0.00214408989996, 0.00105036690366, -0.0016152044991, 0.0150152239949, -0.00215650768951, 0.000464161159471], [-3.02045646094e-005, 0.00167001853697, 3.60750964319e-005, 7.04412013874e-005, -0.000773719395511, 0.00112487131264, -0.000549426476937, -0.000508369761519, 0.00173034786712, -0.00187945785001, -0.00215650768951, 0.0140118291602, -0.00402433052659], [0.0004284006136, -0.00141575699672, 0.00111141684465, -0.000471331266453, 0.00188848585822, 7.38767557777e-005, 0.00206425483339, -0.00146060797852, -0.000751437502913, 0.000778962334152, 0.000464161159471, -0.00402433052659, 0.0136248795316]]
    },
    "melbands": {
        "mean": [6.80567318341e-005, 0.000440118106781, 0.000464979180833, 0.000549614604097, 0.000566878647078, 0.000201333794394, 0.00019456204609, 0.000670386652928, 0.000293400371447, 0.000349266658304, 0.000527604657691, 0.000187353391084, 0.000111603505502, 4.31091320934e-005, 2.2491782147e-005, 1.48981971506e-005, 5.97830057814e-006, 5.95657820668e-006, 3.26202734868e-006, 4.77984076497e-006, 3.90091145164e-006, 3.37209030477e-006, 2.71799399343e-006, 2.64422737928e-006, 1.89303921161e-006, 9.15543296287e-007, 5.00040812312e-007, 6.04242984537e-007, 4.32516429782e-007, 1.54477206138e-007, 1.56861673872e-007, 1.76631701265e-007, 1.3323948167e-007, 1.47926115801e-007, 1.93204513721e-007, 2.15672031345e-007, 1.38290360496e-007, 9.04248622646e-008, 1.2653089243e-007, 2.19863750317e-007],
        "var": [8.38452365315e-008, 1.1856304809e-006, 1.80188419563e-006, 1.65305800692e-006, 6.12760686636e-007, 2.89108953666e-007, 2.75798299754e-007, 2.83825852421e-006, 8.84742746621e-007, 1.134727313e-006, 3.25844689542e-006, 3.13685717401e-007, 1.59962311841e-007, 1.01944443998e-008, 5.45072031954e-009, 3.92748278344e-009, 5.26803933809e-010, 6.15722250963e-010, 9.91682708174e-011, 6.07676853281e-010, 1.50413265176e-010, 1.08333710058e-010, 9.32602536863e-011, 8.55766985053e-011, 8.07079264531e-011, 3.22381080164e-011, 2.16497067669e-012, 2.11050491319e-012, 1.34335392202e-012, 1.25481060004e-013, 1.3122937795e-013, 2.14208994509e-013, 1.20895467574e-013, 2.09497919229e-013, 4.66590091217e-013, 6.16541485834e-013, 3.15589243106e-013, 8.2998922134e-014, 4.63793391713e-013, 1.73513417176e-012]
    },
    "mfcc": {
        "mean": [-761.832519531, 167.256530762, 13.526389122, 3.25802493095, -14.2517843246, -14.4019060135, -6.26586008072, 5.27080106735, -6.30431890488, -6.68419599533, -8.43037223816, -5.67630290985, -5.72600126266],
        "cov": [[5473.29833984, -652.244567871, -973.904907227, -385.267730713, -477.083007813, -226.438018799, -72.854927063, 226.780395508, -123.603630066, 176.096893311, -65.7228546143, -30.5594406128, -170.533340454], [-652.244567871, 1501.96838379, -5.24897146225, -44.493522644, 13.9176931381, 58.1177482605, 117.937332153, 56.1584205627, -43.6713790894, 62.2349433899, 47.5788459778, -20.9855308533, 56.0179786682], [-973.904907227, -5.24897146225, 875.205871582, 83.6899490356, 51.5636329651, 59.0419616699, 40.8809700012, -25.6720294952, 77.0145263672, -22.0474643707, 27.7122974396, 35.6494026184, 1.25083875656], [-385.267730713, -44.493522644, 83.6899490356, 460.037261963, 261.118713379, 57.0436325073, -77.1293258667, -40.9428215027, 64.1416702271, -18.6938514709, 9.2248916626, 58.2747497559, 51.7938613892], [-477.083007813, 13.9176931381, 51.5636329651, 261.118713379, 461.54019165, 136.321029663, -37.6310119629, -72.4969100952, 61.4626617432, -27.503742218, 33.445514679, 27.3989105225, 68.889289856], [-226.438018799, 58.1177482605, 59.0419616699, 57.0436325073, 136.321029663, 274.971832275, 123.100616455, -3.10558700562, -16.6005802155, 5.29401731491, 52.1244506836, 18.8013877869, 45.7793273926], [-72.854927063, 117.937332153, 40.8809700012, -77.1293258667, -37.6310119629, 123.100616455, 242.982894897, 69.7825775146, -45.2829246521, 13.3230075836, 15.431224823, -2.46738028526, 11.1524772644], [226.780395508, 56.1584205627, -25.6720294952, -40.9428215027, -72.4969100952, -3.10558700562, 69.7825775146, 150.875183105, 6.52741527557, 38.1096725464, 7.0396437645, -1.56796216965, -18.8627262115], [-123.603630066, -43.6713790894, 77.0145263672, 64.1416702271, 61.4626617432, -16.6005802155, -45.2829246521, 6.52741527557, 154.361160278, 19.9910335541, 14.7286548615, 22.9836959839, 1.37732481956], [176.096893311, 62.2349433899, -22.0474643707, -18.6938514709, -27.503742218, 5.29401731491, 13.3230075836, 38.1096725464, 19.9910335541, 148.591293335, 47.4055595398, -14.795419693, -14.4196968079], [-65.7228546143, 47.5788459778, 27.7122974396, 9.2248916626, 33.445514679, 52.1244506836, 15.431224823, 7.0396437645, 14.7286548615, 47.4055595398, 114.540710449, 3.16146922112, 5.02473449707], [-30.5594406128, -20.9855308533, 35.6494026184, 58.2747497559, 27.3989105225, 18.8013877869, -2.46738028526, -1.56796216965, 22.9836959839, -14.795419693, 3.16146922112, 118.605453491, 29.4302463531], [-170.533340454, 56.0179786682, 1.25083875656, 51.7938613892, 68.889289856, 45.7793273926, 11.1524772644, -18.8627262115, 1.37732481956, -14.4196968079, 5.02473449707, 29.4302463531, 97.2565765381]],
        "icov": [[0.000306862057187, 0.000140313335578, 0.000287974107778, 0.000118716074212, 0.000104554157588, -3.59864570783e-005, 0.000182593546924, -0.000369949033484, 0.000173408843693, -0.000326719833538, 0.000130287560751, -0.000198665235075, 0.000243000424234], [0.000140313335578, 0.000800962385256, 0.000110103712359, 0.000111126304546, -5.84672307014e-005, 0.000129471751279, -0.000199802103452, -0.000347821071045, 0.00028943255893, -0.000409735279391, -0.000132596091134, 7.51347688492e-005, -0.000420715805376], [0.000287974107778, 0.000110103712359, 0.00156607641838, -0.00013664868311, 0.000270999036729, -0.000157359143486, -0.000327177083818, 0.000126999002532, -0.000628772133496, 3.83487786166e-005, -0.000169711071067, -0.0003634019522, 0.000571746029891], [0.000118716074212, 0.000111126304546, -0.00013664868311, 0.003683938412, -0.00178886670619, -0.000254920363659, 0.00119181384798, -0.000665452098474, -0.000100595563708, -0.000292359793093, 0.000461176678073, -0.00117812794633, -0.000403843645472], [0.000104554157588, -5.84672307014e-005, 0.000270999036729, -0.00178886670619, 0.00436973199248, -0.00190244847909, 0.000608698581345, 0.00102101219818, -0.00126053532586, 0.000558511645067, -0.000437020178651, 0.000704937498085, -0.000995374051854], [-3.59864570783e-005, 0.000129471751279, -0.000157359143486, -0.000254920363659, -0.00190244847909, 0.00705491099507, -0.00390767399222, 0.000895566248801, 0.000816470361315, -0.00010851987463, -0.00219837808982, -0.000390625675209, -0.00114721362479], [0.000182593546924, -0.000199802103452, -0.000327177083818, 0.00119181384798, 0.000608698581345, -0.00390767399222, 0.00807682424784, -0.00359467091039, 0.00157445669174, -9.07728535822e-005, 0.000762118550483, -9.99831609079e-005, -0.000455259520095], [-0.000369949033484, -0.000347821071045, 0.000126999002532, -0.000665452098474, 0.00102101219818, 0.000895566248801, -0.00359467091039, 0.00982540566474, -0.00176768132951, -0.00114214862697, -0.000208189696423, -0.000237206360907, 0.0010157013312], [0.000173408843693, 0.00028943255893, -0.000628772133496, -0.000100595563708, -0.00126053532586, 0.000816470361315, 0.00157445669174, -0.00176768132951, 0.0086264712736, -0.00152268284, -0.000420001713792, -0.0014160318533, 0.000286451657303], [-0.000326719833538, -0.000409735279391, 3.83487786166e-005, -0.000292359793093, 0.000558511645067, -0.00010851987463, -9.07728535822e-005, -0.00114214862697, -0.00152268284, 0.00922684278339, -0.00371257844381, 0.0012781979749, 0.000457282614661], [0.000130287560751, -0.000132596091134, -0.000169711071067, 0.000461176678073, -0.000437020178651, -0.00219837808982, 0.000762118550483, -0.000208189696423, -0.000420001713792, -0.00371257844381, 0.0114934463054, -0.000460242183181, 0.000278950668871], [-0.000198665235075, 7.51347688492e-005, -0.0003634019522, -0.00117812794633, 0.000704937498085, -0.000390625675209, -9.99831609079e-005, -0.000237206360907, -0.0014160318533, 0.0012781979749, -0.000460242183181, 0.0101531278342, -0.0029485700652], [0.000243000424234, -0.000420715805376, 0.000571746029891, -0.000403843645472, -0.000995374051854, -0.00114721362479, -0.000455259520095, 0.0010157013312, 0.000286451657303, 0.000457282614661, 0.000278950668871, -0.0029485700652, 0.0135940322652]]
    },
    "spectral_contrast_coeffs": {
        "mean": [-0.567168474197, -0.683412671089, -0.71946901083, -0.797780632973, -0.795317411423, -0.784676790237],
        "var": [0.00938497297466, 0.0122149270028, 0.0116964764893, 0.00418558251113, 0.0029580926057, 0.00179234147072]
    },
    "spectral_contrast_valleys": {
        "mean": [-8.46629238129, -7.32394981384, -7.97505283356, -9.06424808502, -9.27956867218, -11.9164934158],
        "var": [1.2784383297, 1.14289855957, 1.33226335049, 1.21406900883, 1.18100667, 1.04971969128]
    }
},
"metadata": {
    "audio_properties": {
        "analysis_sample_rate": 44100,
        "bit_rate": 103663,
        "equal_loudness": 0,
        "length": 45.0873451233,
        "lossless": 0,
        "replay_gain": -9.04223060608,
        "sample_rate": 44100,
        "codec": "mp3",
        "downmix": "mix",
        "md5_encoded": "3f3f6864c48c4a07f69b3339e1572d7e"
    },
    "tags": {
        "file_name": "522.mp3"
    },
    "version": {
        "essentia": "2.1-beta2",
        "essentia_git_sha": "v2.1_beta2",
        "extractor": "music 1.0"
    }
},
"rhythm": {
    "beats_count": 86,
    "beats_loudness": {
        "mean": 0.0229510106146,
        "var": 0.000669111672323
    },
    "bpm": 143.408813477,
    "bpm_histogram_first_peak_bpm": {
        "mean": 144,
        "var": 0
    },
    "bpm_histogram_first_peak_spread": {
        "mean": 0.578947365284,
        "var": 0
    },
    "bpm_histogram_first_peak_weight": {
        "mean": 0.0941176488996,
        "var": 0
    },
    "bpm_histogram_second_peak_bpm": {
        "mean": 108,
        "var": 0
    },
    "bpm_histogram_second_peak_spread": {
        "mean": 0.533333301544,
        "var": 0
    },
    "bpm_histogram_second_peak_weight": {
        "mean": 0.0823529437184,
        "var": 0
    },
    "danceability": 1.01206743717,
    "onset_rate": 3.94636821747,
    "beats_loudness_band_ratio": {
        "mean": [0.214540541172, 0.280420094728, 0.335441440344, 0.158794209361, 0.036149032414, 0.0361139439046],
        "var": [0.0695276781917, 0.0514849610627, 0.0686167031527, 0.0361816957593, 0.00562516599894, 0.0134484879673]
    },
    "beats_position": [0.417959183455, 0.835918366909, 1.25387752056, 1.68344664574, 2.11301589012, 2.53097510338, 2.93732428551, 3.34367346764, 3.75002264977, 4.15637159348, 4.57433080673, 5.00390005112, 5.42185926437, 5.8282084465, 6.25777769089, 6.68734693527, 7.10530614853, 7.47682523727, 7.85995435715, 8.24308395386, 8.63782310486, 9.03256225586, 9.42730140686, 9.82204055786, 10.2051696777, 10.623128891, 11.0526981354, 11.4706573486, 11.9814968109, 12.4923353195, 13.0031747818, 13.572063446, 14.1409521103, 14.6982307434, 15.2555103302, 15.8127889633, 16.3700675964, 16.9273471832, 17.4730148315, 18.0302944183, 18.5527439117, 19.0868015289, 19.6905212402, 20.2826309204, 20.9327888489, 21.5945568085, 22.2447166443, 22.8832645416, 23.5218143463, 24.0790920258, 24.6479816437, 25.1936511993, 25.7625389099, 26.3314285278, 26.9351463318, 27.5388660431, 28.1541938782, 28.6766433716, 29.1874828339, 29.6983222961, 30.1627197266, 30.6155090332, 31.0566883087, 31.5094776154, 31.9506568909, 32.4034461975, 32.8794555664, 33.3438529968, 33.8082542419, 34.2842636108, 34.7486610413, 35.2246704102, 35.8400001526, 36.455329895, 37.0706558228, 37.7672538757, 38.4638557434, 39.1720619202, 39.8570518494, 40.5420417786, 41.192199707, 41.8655776978, 42.5389556885, 43.2007255554, 43.8741035461, 44.5358734131]
},
"tonal": {
    "chords_changes_rate": 0.0987654328346,
    "chords_number_rate": 0.0144032919779,
    "chords_strength": {
        "mean": 0.498813778162,
        "var": 0.0116376848891
    },
    "hpcp_entropy": {
        "mean": 1.63948953152,
        "var": 0.885479450226
    },
    "key_strength": 0.63580518961,
    "tuning_diatonic_strength": 0.588852763176,
    "tuning_equal_tempered_deviation": 0.187250420451,
    "tuning_frequency": 437.465789795,
    "tuning_nontempered_energy_ratio": 0.833218932152,
    "hpcp": {
        "mean": [0.10495018959, 0.143131524324, 0.148399308324, 0.123331099749, 0.110866978765, 0.158919140697, 0.227277249098, 0.258383721113, 0.335467010736, 0.303741455078, 0.139091402292, 0.0963078066707, 0.104260541499, 0.0794542431831, 0.112539544702, 0.190372541547, 0.165987446904, 0.106589868665, 0.0960742011666, 0.0775885134935, 0.0671900138259, 0.0893704891205, 0.107963055372, 0.100239872932, 0.0842591375113, 0.0621147416532, 0.0414481796324, 0.0457528457046, 0.0866928771138, 0.153476119041, 0.159679144621, 0.108814269304, 0.0878912582994, 0.0718212127686, 0.0522062033415, 0.0628334805369],
        "var": [0.0430178232491, 0.0666184723377, 0.0739948824048, 0.0557166449726, 0.047558311373, 0.057511433959, 0.0965985134244, 0.0998129174113, 0.121038600802, 0.126555591822, 0.0491536408663, 0.0414905436337, 0.0562241300941, 0.032160140574, 0.0356547385454, 0.0885106250644, 0.0637959465384, 0.0423220396042, 0.0424275994301, 0.0264304801822, 0.0205620322376, 0.0290823560208, 0.0425292737782, 0.0422460138798, 0.0380058214068, 0.0314535908401, 0.0153163773939, 0.0159234516323, 0.036272354424, 0.0634040758014, 0.064695417881, 0.0351704768836, 0.0359768420458, 0.0297212265432, 0.018385047093, 0.0215260051191]
    },
    "chords_histogram": [9.67078208923, 4.01234579086, 33.6419754028, 12.551440239, 0, 1.74897122383, 1.74897122383, 0.720164597034, 2.36625504494, 0.823045253754, 2.46913576126, 0.308641970158, 2.57201647758, 1.54320991039, 0.720164597034, 0.925925910473, 0.925925910473, 12.9629631042, 0.205761313438, 0.617283940315, 2.98353910446, 4.42386817932, 0.308641970158, 1.74897122383],
    "thpcp": [1, 0.9054287076, 0.414620220661, 0.287085771561, 0.31079223752, 0.236846670508, 0.335471272469, 0.567485153675, 0.494795143604, 0.317735761404, 0.286389410496, 0.231285080314, 0.200287997723, 0.266406178474, 0.321829140186, 0.298806935549, 0.251169681549, 0.185159012675, 0.123553670943, 0.136385530233, 0.258424460888, 0.45749989152, 0.475990593433, 0.324366539717, 0.261996716261, 0.214093223214, 0.155622467399, 0.187301516533, 0.312848031521, 0.42666348815, 0.442366331816, 0.367640018463, 0.330485492945, 0.47372508049, 0.677495062351, 0.770220935345],
    "chords_key": "G",
    "chords_scale": "major",
    "key_key": "C",
    "key_scale": "major"
}
}