{
"lowlevel": {
    "average_loudness": 0.981409430504,
    "barkbands_crest": {
        "mean": 10.6842241287,
        "var": 21.8255195618
    },
    "barkbands_flatness_db": {
        "mean": 0.162427097559,
        "var": 0.00201508705504
    },
    "barkbands_kurtosis": {
        "mean": 2.12863469124,
        "var": 37.7640037537
    },
    "barkbands_skewness": {
        "mean": 1.41655194759,
        "var": 1.13710474968
    },
    "barkbands_spread": {
        "mean": 26.9709300995,
        "var": 119.417678833
    },
    "dissonance": {
        "mean": 0.484862536192,
        "var": 9.68807580648e-005
    },
    "dynamic_complexity": 0.992695987225,
    "erbbands_crest": {
        "mean": 6.17250537872,
        "var": 6.30921173096
    },
    "erbbands_flatness_db": {
        "mean": 0.18615667522,
        "var": 0.00195427774452
    },
    "erbbands_kurtosis": {
        "mean": -0.280693501234,
        "var": 0.606038928032
    },
    "erbbands_skewness": {
        "mean": -0.559276282787,
        "var": 0.11258020997
    },
    "erbbands_spread": {
        "mean": 36.9944953918,
        "var": 120.0626297
    },
    "hfc": {
        "mean": 24.1511306763,
        "var": 229.937713623
    },
    "melbands_crest": {
        "mean": 13.9900960922,
        "var": 23.1279811859
    },
    "melbands_flatness_db": {
        "mean": 0.221820086241,
        "var": 0.00346131878905
    },
    "melbands_kurtosis": {
        "mean": 12.0905160904,
        "var": 346.632507324
    },
    "melbands_skewness": {
        "mean": 2.88848400116,
        "var": 2.49765443802
    },
    "melbands_spread": {
        "mean": 25.5212631226,
        "var": 205.355102539
    },
    "pitch_salience": {
        "mean": 0.55775475502,
        "var": 0.0160189773887
    },
    "silence_rate_20dB": {
        "mean": 1,
        "var": 0
    },
    "silence_rate_30dB": {
        "mean": 0.905815720558,
        "var": 0.085312910378
    },
    "silence_rate_60dB": {
        "mean": 0.00154400407337,
        "var": 0.00154162046965
    },
    "spectral_centroid": {
        "mean": 1611.2043457,
        "var": 328991.71875
    },
    "spectral_complexity": {
        "mean": 33.19506073,
        "var": 56.6099700928
    },
    "spectral_decrease": {
        "mean": -1.13057740947e-008,
        "var": 1.09876438938e-016
    },
    "spectral_energy": {
        "mean": 0.0448612645268,
        "var": 0.00160811864771
    },
    "spectral_energyband_high": {
        "mean": 0.000807734380942,
        "var": 2.41610291596e-006
    },
    "spectral_energyband_low": {
        "mean": 0.0265448708087,
        "var": 0.00145269336645
    },
    "spectral_energyband_middle_high": {
        "mean": 0.00756166502833,
        "var": 1.10530399979e-005
    },
    "spectral_energyband_middle_low": {
        "mean": 0.0115439826623,
        "var": 8.60961154103e-005
    },
    "spectral_entropy": {
        "mean": 7.62475299835,
        "var": 0.0621584095061
    },
    "spectral_flux": {
        "mean": 0.100988253951,
        "var": 0.00435977615416
    },
    "spectral_kurtosis": {
        "mean": 4.79984092712,
        "var": 11.4310112
    },
    "spectral_rms": {
        "mean": 0.00623003253713,
        "var": 4.95377207699e-006
    },
    "spectral_rolloff": {
        "mean": 1470.50427246,
        "var": 1322296
    },
    "spectral_skewness": {
        "mean": 1.10930657387,
        "var": 0.110838651657
    },
    "spectral_spread": {
        "mean": 2884870.5,
        "var": 2.19902640128e+012
    },
    "spectral_strongpeak": {
        "mean": 0.433444529772,
        "var": 0.107394717634
    },
    "zerocrossingrate": {
        "mean": 0.0497881025076,
        "var": 0.000782720220741
    },
    "barkbands": {
        "mean": [0.000463148462586, 0.0220526587218, 0.00247496669181, 0.00376477418467, 0.00304239103571, 0.00217901868746, 0.00159846490715, 0.0003407462209, 0.000556110986508, 0.000587887247093, 0.000567811483052, 0.00093227653997, 0.000692156783771, 0.000674216309562, 0.000773641979322, 0.00129480590113, 0.00073520524893, 0.000501435424667, 0.000627038651146, 0.000393773574615, 0.000242274909397, 0.000197949833819, 9.01142338989e-005, 5.32906160515e-005, 1.91453636944e-005, 5.79944025958e-006, 1.68266737433e-007],
        "var": [6.6855619707e-007, 0.00124492892064, 1.92726965906e-005, 3.80186247639e-005, 1.02239309854e-005, 3.91167804992e-006, 1.78161417352e-006, 1.70844643321e-007, 2.91381297757e-007, 6.06311743923e-007, 4.05637877066e-007, 4.00119631649e-007, 2.60212317471e-007, 3.01513551904e-007, 4.61199817892e-007, 1.28680881062e-006, 1.78140695084e-007, 1.39942883948e-007, 3.30052159825e-007, 3.69419552726e-007, 2.33039187947e-007, 1.87787804862e-007, 4.81955986231e-008, 2.08474357777e-008, 2.9591549211e-009, 7.67164387572e-010, 1.37456170578e-012]
    },
    "erbbands": {
        "mean": [0.520761013031, 5.15982246399, 5.24626207352, 7.2868976593, 9.88003063202, 13.5115737915, 13.8664140701, 18.5546627045, 21.9800682068, 16.3418807983, 7.88730478287, 12.0933799744, 15.8238096237, 19.2048854828, 30.3498306274, 35.9471740723, 36.2812461853, 28.9477519989, 39.2411117554, 61.5502204895, 62.2737503052, 42.6402130127, 30.1341876984, 33.9546775818, 25.431306839, 18.3126010895, 12.3493938446, 8.88786220551, 7.21786975861, 4.30756187439, 2.31779503822, 1.58329832554, 0.609307706356, 0.288195133209, 0.0993673577905, 0.0339997969568, 0.00922346673906, 0.00118515465874, 5.04871677549e-005, 5.32970807399e-005],
        "var": [1.16240692139, 62.2976646423, 50.0012321472, 133.990661621, 367.167724609, 130.942611694, 102.323707581, 256.182678223, 440.874938965, 332.96005249, 67.7217788696, 126.417068481, 309.987182617, 330.688903809, 669.678283691, 571.851196289, 667.659729004, 293.063079834, 1371.35839844, 4975.75878906, 2129.06640625, 553.614257813, 406.569061279, 621.415283203, 968.919311523, 767.257080078, 556.08190918, 343.314788818, 253.268386841, 87.5565338135, 32.0617980957, 18.406332016, 2.78794956207, 0.654553890228, 0.0875650495291, 0.0209612865001, 0.00229368545115, 3.96760879084e-005, 2.00211349721e-008, 2.14351469907e-009]
    },
    "gfcc": {
        "mean": [5.48923492432, 147.884231567, -154.422332764, 56.3812980652, -31.2340946198, 4.98945045471, -25.759147644, -1.12039256096, -13.6289224625, -3.76614093781, -0.309627324343, -2.31782603264, 0.979819536209],
        "cov": [[3989.04418945, -1398.7755127, 385.097198486, 450.967315674, -652.260498047, 610.271728516, -265.076538086, 213.054626465, -186.143539429, 170.720306396, -231.025695801, 145.240737915, -167.91519165], [-1398.7755127, 1694.65856934, -648.398925781, -345.021606445, 609.272705078, -612.140563965, 236.245529175, -222.599655151, 153.844619751, -178.723068237, 201.539291382, -139.655700684, 155.970062256], [385.097198486, -648.398925781, 505.682891846, 112.514381409, -170.968521118, 263.582885742, -101.619041443, 114.934005737, -59.9609603882, 93.8304367065, -99.2071990967, 59.3994064331, -93.2440032959], [450.967315674, -345.021606445, 112.514381409, 178.341842651, -165.292648315, 149.90234375, -22.0076446533, 18.2331295013, -8.3446893692, 22.4083156586, -19.9989547729, 14.8196897507, -17.5102958679], [-652.260498047, 609.272705078, -170.968521118, -165.292648315, 358.696777344, -223.140731812, 121.615119934, -55.764289856, 49.4685707092, -43.2368965149, 59.6849136353, -25.7066402435, 45.7631378174], [610.271728516, -612.140563965, 263.582885742, 149.90234375, -223.140731812, 293.370941162, -87.1784591675, 94.9464035034, -48.1073722839, 60.476852417, -62.3357391357, 40.5434799194, -47.2339477539], [-265.076538086, 236.245529175, -101.619041443, -22.0076446533, 121.615119934, -87.1784591675, 128.073150635, -28.8529205322, 44.5971603394, -25.3231277466, 34.7732124329, -9.90817070007, 23.1146583557], [213.054626465, -222.599655151, 114.934005737, 18.2331295013, -55.764289856, 94.9464035034, -28.8529205322, 85.6811599731, -13.6724624634, 37.9996643066, -29.3315429688, 18.6792526245, -23.6559925079], [-186.143539429, 153.844619751, -59.9609603882, -8.3446893692, 49.4685707092, -48.1073722839, 44.5971603394, -13.6724624634, 67.9279174805, -3.48240327835, 39.8627052307, -14.7619342804, 27.8160820007], [170.720306396, -178.723068237, 93.8304367065, 22.4083156586, -43.2368965149, 60.476852417, -25.3231277466, 37.9996643066, -3.48240327835, 64.7150115967, -5.2188167572, 29.7276000977, -22.2435512543], [-231.025695801, 201.539291382, -99.2071990967, -19.9989547729, 59.6849136353, -62.3357391357, 34.7732124329, -29.3315429688, 39.8627052307, -5.2188167572, 90.8977508545, -4.60515117645, 40.2194061279], [145.240737915, -139.655700684, 59.3994064331, 14.8196897507, -25.7066402435, 40.5434799194, -9.90817070007, 18.6792526245, -14.7619342804, 29.7276000977, -4.60515117645, 58.702507019, -5.56319189072], [-167.91519165, 155.970062256, -93.2440032959, -17.5102958679, 45.7631378174, -47.2339477539, 23.1146583557, -23.6559925079, 27.8160820007, -22.2435512543, 40.2194061279, -5.56319189072, 70.4181594849]],
        "icov": [[0.000807153061032, -0.00135779974516, 0.00106178282294, -0.00242675980553, 0.000705662823748, -0.00137362885289, 0.000855266640428, -0.00158812175505, 0.00127381947823, -0.00196385243908, 0.00223017344251, -0.00219995784573, 0.000969311862718], [-0.00135779974516, 0.00973620545119, -0.000959436001722, 0.00663447054103, -0.00632813107222, 0.00760151352733, -0.000803615665063, 0.00529315881431, -0.00564099755138, 0.00870770867914, -0.00869681593031, 0.00923013035208, -0.00249476009049], [0.00106178282294, -0.000959436001722, 0.00704125920311, -0.00403834553435, -0.00147008511703, -0.00445961812511, 0.00317215058021, -0.00294609577395, 0.000322468229569, -0.00436664931476, 0.00486334878951, -0.00402363343164, 0.0043071960099], [-0.00242675980553, 0.00663447054103, -0.00403834553435, 0.025283548981, 0.00238123373128, -0.00225878809579, -0.00891768746078, 0.013740291819, -0.00742605607957, 0.00701856939122, -0.00908957235515, 0.00970738101751, -0.0039525241591], [0.000705662823748, -0.00632813107222, -0.00147008511703, 0.00238123373128, 0.013426813297, -0.00228312751278, -0.00632817251608, -0.00223904266022, 0.00422720564529, -0.0056302244775, 0.00393552100286, -0.00465218909085, -0.000651299196761], [-0.00137362885289, 0.00760151352733, -0.00445961812511, -0.00225878809579, -0.00228312751278, 0.0225385036319, 0.000700984150171, -0.00532351993024, -0.000981519464403, 0.00736308004707, -0.00759099842981, 0.00682296510786, -0.00440754089504], [0.000855266640428, -0.000803615665063, 0.00317215058021, -0.00891768746078, -0.00632817251608, 0.000700984150171, 0.0185365732759, -0.0042397310026, -0.00654361536726, 0.00327267823741, 0.00229478254914, -0.00644373195246, 0.00467495620251], [-0.00158812175505, 0.00529315881431, -0.00294609577395, 0.013740291819, -0.00223904266022, -0.00532351993024, -0.0042397310026, 0.0302880890667, -0.00636577932164, -0.00269908341579, -0.00245178304613, 0.00767832109705, -0.00287546217442], [0.00127381947823, -0.00564099755138, 0.000322468229569, -0.00742605607957, 0.00422720564529, -0.000981519464403, -0.00654361536726, -0.00636577932164, 0.032303571701, -0.0134286219254, -0.000869343406521, 0.0027543399483, -0.00557188829407], [-0.00196385243908, 0.00870770867914, -0.00436664931476, 0.00701856939122, -0.0056302244775, 0.00736308004707, 0.00327267823741, -0.00269908341579, -0.0134286219254, 0.042407900095, -0.0153037859127, -0.00342359975912, 0.00578083144501], [0.00223017344251, -0.00869681593031, 0.00486334878951, -0.00908957235515, 0.00393552100286, -0.00759099842981, 0.00229478254914, -0.00245178304613, -0.000869343406521, -0.0153037859127, 0.0300737135112, -0.011095228605, -0.00300998752937], [-0.00219995784573, 0.00923013035208, -0.00402363343164, 0.00970738101751, -0.00465218909085, 0.00682296510786, -0.00644373195246, 0.00767832109705, 0.0027543399483, -0.00342359975912, -0.011095228605, 0.0364555194974, -0.00926166027784], [0.000969311862718, -0.00249476009049, 0.0043071960099, -0.0039525241591, -0.000651299196761, -0.00440754089504, 0.00467495620251, -0.00287546217442, -0.00557188829407, 0.00578083144501, -0.00300998752937, -0.00926166027784, 0.026739243418]]
    },
    "melbands": {
        "mean": [0.00558284809813, 0.00443620095029, 0.00143671932165, 0.000765747856349, 0.000557083520107, 0.000428743078373, 0.000318257021718, 0.000149246305227, 6.45295585855e-005, 7.52292398829e-005, 8.17352192826e-005, 7.9287608969e-005, 9.48563538259e-005, 9.75971779553e-005, 9.97406605165e-005, 6.14678574493e-005, 5.24779534317e-005, 6.3910636527e-005, 6.18258854956e-005, 8.86725756573e-005, 6.88365325914e-005, 4.24664794991e-005, 3.7358757254e-005, 2.10167872865e-005, 2.90215684799e-005, 2.02165210794e-005, 1.55348898261e-005, 1.15702659969e-005, 8.71269276104e-006, 4.79087020722e-006, 5.50436470803e-006, 4.37682001575e-006, 3.06786614601e-006, 2.14504916585e-006, 1.36623032176e-006, 1.00313150142e-006, 9.59930048339e-007, 4.1063120193e-007, 3.18610858585e-007, 2.20661263484e-007],
        "var": [0.000100019591628, 3.49021975126e-005, 5.81837957725e-006, 7.67355572862e-007, 1.25820648122e-007, 1.36368115022e-007, 8.25083503742e-008, 2.95963218377e-008, 4.25584412156e-009, 5.23303889111e-009, 9.60132329197e-009, 7.1509265176e-009, 1.01773283134e-008, 4.6897268291e-009, 6.42208153323e-009, 1.73155367822e-009, 1.12079068249e-009, 4.51979698113e-009, 3.45055317652e-009, 8.43996694755e-009, 3.10070547016e-009, 6.38436803424e-010, 7.30367211155e-010, 2.35045843899e-010, 4.89835116912e-010, 4.13538009392e-010, 5.93102456037e-010, 3.58985008386e-010, 2.85895279672e-010, 9.00104990542e-011, 1.48667037014e-010, 9.72279617928e-011, 4.5578731761e-011, 2.51759463971e-011, 1.17659510607e-011, 6.40569108173e-012, 7.89234649856e-012, 1.38881137493e-012, 8.88541681638e-013, 4.02752836507e-013]
    },
    "mfcc": {
        "mean": [-618.382263184, 157.856414795, -40.5746040344, 50.2696418762, 12.4348688126, 15.583106041, 4.22476816177, 6.55766534805, -2.42921566963, -0.907269358635, -1.31023073196, 1.36773955822, 7.82480382919],
        "cov": [[2253.58520508, -1553.37207031, 862.180358887, -193.320922852, -101.800842285, 189.583694458, -29.1237468719, 89.8657913208, 27.1907176971, 71.1472625732, -45.3521080017, 53.2081680298, -84.2148590088], [-1553.37207031, 1894.05004883, -1020.90618896, 275.292694092, 102.170509338, -188.603851318, 37.6644287109, -85.1116485596, -15.0600309372, -83.8741226196, 36.0944404602, -74.7604751587, 106.708992004], [862.180358887, -1020.90618896, 750.468017578, -163.251464844, -5.41457033157, 113.610412598, -25.7102603912, 49.5701675415, 10.7595329285, 55.0687026978, -3.7414047718, 63.0502204895, -76.8254623413], [-193.320922852, 275.292694092, -163.251464844, 118.704940796, -9.40942955017, -2.0515525341, 10.8636522293, -6.14317464828, 0.0313908010721, -14.205871582, 12.9852762222, -5.66361093521, 18.3480415344], [-101.800842285, 102.170509338, -5.41457033157, -9.40942955017, 88.1815643311, -5.82485771179, 14.5387659073, -4.6744093895, 4.99239635468, 1.99491500854, 2.89441132545, -4.82255268097, 10.9277153015], [189.583694458, -188.603851318, 113.610412598, -2.0515525341, -5.82485771179, 77.1273498535, 8.76554393768, 22.5282554626, 4.74241733551, 9.322681427, 0.405885905027, 15.9943962097, -10.6845197678], [-29.1237468719, 37.6644287109, -25.7102603912, 10.8636522293, 14.5387659073, 8.76554393768, 52.3396911621, 16.7001266479, 8.53498268127, -0.453444451094, 8.85228252411, -1.64443278313, 7.11075258255], [89.8657913208, -85.1116485596, 49.5701675415, -6.14317464828, -4.6744093895, 22.5282554626, 16.7001266479, 49.4209442139, 16.4987049103, 7.90897750854, 3.12143468857, 6.35631895065, -7.21953821182], [27.1907176971, -15.0600309372, 10.7595329285, 0.0313908010721, 4.99239635468, 4.74241733551, 8.53498268127, 16.4987049103, 48.9465751648, 16.4825782776, 2.79874253273, -5.63659095764, -1.20930480957], [71.1472625732, -83.8741226196, 55.0687026978, -14.205871582, 1.99491500854, 9.322681427, -0.453444451094, 7.90897750854, 16.4825782776, 41.788192749, 7.35196590424, 8.66420936584, -7.04502058029], [-45.3521080017, 36.0944404602, -3.7414047718, 12.9852762222, 2.89441132545, 0.405885905027, 8.85228252411, 3.12143468857, 2.79874253273, 7.35196590424, 51.9987869263, 22.609834671, 1.57320988178], [53.2081680298, -74.7604751587, 63.0502204895, -5.66361093521, -4.82255268097, 15.9943962097, -1.64443278313, 6.35631895065, -5.63659095764, 8.66420936584, 22.609834671, 57.5362434387, 5.18043470383], [-84.2148590088, 106.708992004, -76.8254623413, 18.3480415344, 10.9277153015, -10.6845197678, 7.11075258255, -7.21953821182, -1.20930480957, -7.04502058029, 1.57320988178, 5.18043470383, 46.341632843]],
        "icov": [[0.00108156900387, 0.000686451094225, -0.000305939553073, -0.000237120431848, 0.000404656486353, -0.000518138054758, 0.000101387689938, -0.0003034567344, -0.000191764294868, -0.000103891383333, 0.000395344453864, 0.000293134740787, -0.000373178598238], [0.000686451094225, 0.00381316849962, 0.00338230608031, -0.00337824528106, -0.00388380815275, 0.00235162815079, 0.000699965807144, 3.71886962967e-005, -0.000295436242595, 0.00110391166527, -0.000764840980992, -0.000669753586408, 0.00102914997842], [-0.000305939553073, 0.00338230608031, 0.00730163697153, 0.000298698287224, -0.00492596020922, -0.000814693688881, 0.00199176929891, -0.000399327371269, -0.000298019236652, 8.09233170003e-005, -0.000801740214229, -0.00352674815804, 0.00467406958342], [-0.000237120431848, -0.00337824528106, 0.000298698287224, 0.0174185875803, 0.00556404748932, -0.00782468542457, -0.000777233392, 0.000858666142449, -0.00105797289871, 0.000897782738321, -0.00268682069145, 0.000720233249012, -0.00179681612644], [0.000404656486353, -0.00388380815275, -0.00492596020922, 0.00556404748932, 0.0182668454945, -0.00290283560753, -0.00500512169674, 0.00243591680191, -0.000987446983345, -0.00199207104743, 0.000182321091415, 0.00305034499615, -0.00519585423172], [-0.000518138054758, 0.00235162815079, -0.000814693688881, -0.00782468542457, -0.00290283560753, 0.023390006274, -0.00314813735895, -0.00479056406766, 0.0008722479688, 0.000100529621704, 0.00203539081849, -0.00351951108314, 0.00156726234127], [0.000101387689938, 0.000699965807144, 0.00199176929891, -0.000777233392, -0.00500512169674, -0.00314813735895, 0.0261280033737, -0.00932517647743, -0.000874729652423, 0.00152648403309, -0.00487765716389, 0.00263755745254, -0.00274534616619], [-0.0003034567344, 3.71886962967e-005, -0.000399327371269, 0.000858666142449, 0.00243591680191, -0.00479056406766, -0.00932517647743, 0.0304554197937, -0.00874127447605, 0.000928113586269, 0.000564459594898, -0.00273731932975, 0.00305733992718], [-0.000191764294868, -0.000295436242595, -0.000298019236652, -0.00105797289871, -0.000987446983345, 0.0008722479688, -0.000874729652423, -0.00874127447605, 0.0280646402389, -0.0111142890528, -0.0013907138491, 0.00578946154565, -0.00209425203502], [-0.000103891383333, 0.00110391166527, 8.09233170003e-005, 0.000897782738321, -0.00199207104743, 0.000100529621704, 0.00152648403309, 0.000928113586269, -0.0111142890528, 0.0326614007354, -0.00388342468068, -0.00344280456193, 0.00264322268777], [0.000395344453864, -0.000764840980992, -0.000801740214229, -0.00268682069145, 0.000182321091415, 0.00203539081849, -0.00487765716389, 0.000564459594898, -0.0013907138491, -0.00388342468068, 0.0272572170943, -0.0120548969135, 0.00327253411524], [0.000293134740787, -0.000669753586408, -0.00352674815804, 0.000720233249012, 0.00305034499615, -0.00351951108314, 0.00263755745254, -0.00273731932975, 0.00578946154565, -0.00344280456193, -0.0120548969135, 0.028470441699, -0.00956454128027], [-0.000373178598238, 0.00102914997842, 0.00467406958342, -0.00179681612644, -0.00519585423172, 0.00156726234127, -0.00274534616619, 0.00305733992718, -0.00209425203502, 0.00264322268777, 0.00327253411524, -0.00956454128027, 0.0307804495096]]
    },
    "spectral_contrast_coeffs": {
        "mean": [-0.661349356174, -0.717240273952, -0.795346498489, -0.786185204983, -0.774333834648, -0.69116717577],
        "var": [0.00265254732221, 0.00372418295592, 0.00154440151528, 0.00116906163748, 0.000660355843138, 0.00150053226389]
    },
    "spectral_contrast_valleys": {
        "mean": [-6.57224369049, -6.5576877594, -6.76743364334, -6.78993320465, -6.87425708771, -11.2616786957],
        "var": [0.822971761227, 0.716786503792, 0.672417223454, 0.650747954845, 0.723076283932, 1.79318296909]
    }
},
"metadata": {
    "audio_properties": {
        "analysis_sample_rate": 44100,
        "bit_rate": 114542,
        "equal_loudness": 0,
        "length": 45.0873451233,
        "lossless": 0,
        "replay_gain": -11.8390655518,
        "sample_rate": 44100,
        "codec": "mp3",
        "downmix": "mix",
        "md5_encoded": "30ed7265a5d316c64135586681fa4bdc"
    },
    "tags": {
        "file_name": "523.mp3"
    },
    "version": {
        "essentia": "2.1-beta2",
        "essentia_git_sha": "v2.1_beta2",
        "extractor": "music 1.0"
    }
},
"rhythm": {
    "beats_count": 82,
    "beats_loudness": {
        "mean": 0.145832657814,
        "var": 0.000882596708834
    },
    "bpm": 110.025619507,
    "bpm_histogram_first_peak_bpm": {
        "mean": 110,
        "var": 0
    },
    "bpm_histogram_first_peak_spread": {
        "mean": 0.222222208977,
        "var": 0
    },
    "bpm_histogram_first_peak_weight": {
        "mean": 0.777777791023,
        "var": 0
    },
    "bpm_histogram_second_peak_bpm": {
        "mean": 0,
        "var": 0
    },
    "bpm_histogram_second_peak_spread": {
        "mean": 0,
        "var": 0
    },
    "bpm_histogram_second_peak_weight": {
        "mean": 0,
        "var": 0
    },
    "danceability": 2.40594148636,
    "onset_rate": 3.12605571747,
    "beats_loudness_band_ratio": {
        "mean": [0.912645578384, 0.0236375946552, 0.0136878285557, 0.0198340192437, 0.0226123631001, 0.0123780583963],
        "var": [0.00118463381659, 0.000179448252311, 6.44650717732e-005, 7.86464515841e-005, 0.000144588688272, 0.000145624624565]
    },
    "beats_position": [0.545668900013, 1.09133780003, 1.64861679077, 2.19428563118, 2.73995471001, 3.28562355042, 3.83129239082, 4.3653512001, 4.91102027893, 5.45668935776, 6.00235795975, 6.5596370697, 7.10530614853, 7.65097475052, 8.19664382935, 8.73070240021, 9.27637195587, 9.82204055786, 10.3677091599, 10.9133787155, 11.4590473175, 12.0047159195, 12.5619955063, 13.1076641083, 13.6533327103, 14.1990022659, 14.7330608368, 15.2787294388, 15.8243989944, 16.3700675964, 16.9157371521, 17.4614048004, 18.0070743561, 18.5527439117, 19.0984115601, 19.6440811157, 20.1897506714, 20.7354183197, 21.2810878754, 21.826757431, 22.3724250793, 22.918094635, 23.4637641907, 24.009431839, 24.5434913635, 25.1007709503, 25.6348285675, 26.1921081543, 26.7261676788, 27.2718353271, 27.8175048828, 28.3631744385, 28.9088420868, 29.4545116425, 30.0001811981, 30.5574588776, 31.1031284332, 31.6487979889, 32.1944656372, 32.7401351929, 33.2858047485, 33.8314743042, 34.3655319214, 34.8995895386, 35.4568710327, 36.0025405884, 36.5482063293, 37.093875885, 37.6395454407, 38.1852149963, 38.730884552, 39.2765541077, 39.8222198486, 40.3795013428, 40.9251708984, 41.4708366394, 42.0048980713, 42.550567627, 43.0962333679, 43.6302947998, 44.1759643555, 44.7216300964]
},
"tonal": {
    "chords_changes_rate": 0.0555555559695,
    "chords_number_rate": 0.00514403311536,
    "chords_strength": {
        "mean": 0.523774027824,
        "var": 0.00414279242977
    },
    "hpcp_entropy": {
        "mean": 2.20213246346,
        "var": 0.638088524342
    },
    "key_strength": 0.655699014664,
    "tuning_diatonic_strength": 0.605216264725,
    "tuning_equal_tempered_deviation": 0.116761155427,
    "tuning_frequency": 443.060424805,
    "tuning_nontempered_energy_ratio": 0.71550577879,
    "hpcp": {
        "mean": [0.083543933928, 0.0635636821389, 0.0452733412385, 0.0414423905313, 0.063194334507, 0.18271407485, 0.244943112135, 0.135408550501, 0.0594433918595, 0.0565808154643, 0.0627683103085, 0.0686645060778, 0.0657369419932, 0.068838737905, 0.0838075503707, 0.0845350250602, 0.0787201225758, 0.0828601643443, 0.084706440568, 0.174618944526, 0.554762065411, 0.693904042244, 0.372071027756, 0.159724712372, 0.0739320293069, 0.0245445538312, 0.0425166673958, 0.0540194287896, 0.034483037889, 0.0273712482303, 0.0317875705659, 0.0392189770937, 0.0791180878878, 0.0985537692904, 0.0681031867862, 0.0723470300436],
        "var": [0.0196086075157, 0.0158931128681, 0.0115269953385, 0.0149684753269, 0.0187608543783, 0.0348128825426, 0.0492946244776, 0.0274040363729, 0.0173207633197, 0.017429901287, 0.0177396629006, 0.0152328936383, 0.0132490545511, 0.019015558064, 0.0267951190472, 0.0334209948778, 0.0429575741291, 0.0368320569396, 0.0292760934681, 0.0460050031543, 0.115430593491, 0.142046511173, 0.0840842500329, 0.064676605165, 0.0241137575358, 0.0042534689419, 0.00551548134536, 0.00833624508232, 0.00356731354259, 0.00332761625759, 0.00628637429327, 0.00759570114315, 0.0108136963099, 0.0199462827295, 0.0135998912156, 0.0166660193354]
    },
    "chords_histogram": [64.6090545654, 0, 0, 0, 0, 0, 0, 0, 0, 0, 0, 0, 0, 0, 0, 2.67489719391, 0, 8.33333301544, 0, 0, 0, 0, 10.1851854324, 14.1975307465],
    "thpcp": [1, 0.536199510098, 0.23018270731, 0.106545031071, 0.035371683538, 0.0612716823816, 0.0778485611081, 0.0496942438185, 0.0394452922046, 0.0458097495139, 0.0565193109214, 0.114018775523, 0.142027944326, 0.0981449633837, 0.104260854423, 0.120396956801, 0.0916029885411, 0.06524438411, 0.0597235187888, 0.0910707116127, 0.263313174248, 0.352992773056, 0.195140168071, 0.0856651440263, 0.081539824605, 0.0904567614198, 0.0989538952708, 0.0947349146008, 0.0992049798369, 0.120776861906, 0.121825240552, 0.113445259631, 0.119411557913, 0.122072272003, 0.251647114754, 0.799479484558],
    "chords_key": "E",
    "chords_scale": "major",
    "key_key": "E",
    "key_scale": "major"
}
}