{
"lowlevel": {
    "average_loudness": 0.973409473896,
    "barkbands_crest": {
        "mean": 12.9918766022,
        "var": 15.1869668961
    },
    "barkbands_flatness_db": {
        "mean": 0.240026578307,
        "var": 0.00366823701188
    },
    "barkbands_kurtosis": {
        "mean": 27.6308097839,
        "var": 1064.76013184
    },
    "barkbands_skewness": {
        "mean": 3.97951626778,
        "var": 4.22478818893
    },
    "barkbands_spread": {
        "mean": 7.37079811096,
        "var": 40.1226844788
    },
    "dissonance": {
        "mean": 0.453581422567,
        "var": 0.000605134700891
    },
    "dynamic_complexity": 2.07228541374,
    "erbbands_crest": {
        "mean": 7.55915164948,
        "var": 7.76341056824
    },
    "erbbands_flatness_db": {
        "mean": 0.158878713846,
        "var": 0.00212997407652
    },
    "erbbands_kurtosis": {
        "mean": 0.403813272715,
        "var": 2.54988694191
    },
    "erbbands_skewness": {
        "mean": 0.768710315228,
        "var": 0.41170245409
    },
    "erbbands_spread": {
        "mean": 42.5659828186,
        "var": 293.352783203
    },
    "hfc": {
        "mean": 12.4485960007,
        "var": 158.750198364
    },
    "melbands_crest": {
        "mean": 19.3118133545,
        "var": 14.816409111
    },
    "melbands_flatness_db": {
        "mean": 0.34812065959,
        "var": 0.00466758105904
    },
    "melbands_kurtosis": {
        "mean": 56.4742774963,
        "var": 3631.43017578
    },
    "melbands_skewness": {
        "mean": 5.17962360382,
        "var": 5.17376470566
    },
    "melbands_spread": {
        "mean": 5.50894165039,
        "var": 48.0622711182
    },
    "pitch_salience": {
        "mean": 0.428898334503,
        "var": 0.0151753928512
    },
    "silence_rate_20dB": {
        "mean": 0.939752817154,
        "var": 0.0566185601056
    },
    "silence_rate_30dB": {
        "mean": 0.863542735577,
        "var": 0.117835789919
    },
    "silence_rate_60dB": {
        "mean": 0.00308959838003,
        "var": 0.00308004394174
    },
    "spectral_centroid": {
        "mean": 511.451171875,
        "var": 235671.3125
    },
    "spectral_complexity": {
        "mean": 12.0674562454,
        "var": 12.4315481186
    },
    "spectral_decrease": {
        "mean": -1.93616731536e-008,
        "var": 7.9665047464e-016
    },
    "spectral_energy": {
        "mean": 0.0742043927312,
        "var": 0.0115768397227
    },
    "spectral_energyband_high": {
        "mean": 0.000187126803212,
        "var": 1.48024284385e-007
    },
    "spectral_energyband_low": {
        "mean": 0.0629185512662,
        "var": 0.0110447229818
    },
    "spectral_energyband_middle_high": {
        "mean": 0.00139331910759,
        "var": 1.11984911655e-006
    },
    "spectral_energyband_middle_low": {
        "mean": 0.0126118669286,
        "var": 8.35846367409e-005
    },
    "spectral_entropy": {
        "mean": 6.84469985962,
        "var": 0.222739964724
    },
    "spectral_flux": {
        "mean": 0.121406108141,
        "var": 0.016415361315
    },
    "spectral_kurtosis": {
        "mean": 10.0877418518,
        "var": 35.4585266113
    },
    "spectral_rms": {
        "mean": 0.0074138068594,
        "var": 1.74300821527e-005
    },
    "spectral_rolloff": {
        "mean": 329.051147461,
        "var": 623757.6875
    },
    "spectral_skewness": {
        "mean": 2.42641758919,
        "var": 0.352211117744
    },
    "spectral_spread": {
        "mean": 4111286.5,
        "var": 6.32405884928e+012
    },
    "spectral_strongpeak": {
        "mean": 0.574615895748,
        "var": 0.153840914369
    },
    "zerocrossingrate": {
        "mean": 0.022737512365,
        "var": 0.000569130002987
    },
    "barkbands": {
        "mean": [0.000304897781461, 0.0411067269742, 0.0187164396048, 0.00536797009408, 0.0034907690715, 0.00201404979452, 0.000440272444393, 0.000902515545022, 0.000243598158704, 0.000399410782848, 0.00015208752302, 0.000141113283462, 9.33363771765e-005, 0.00015675969189, 0.000124343467178, 0.000134219924803, 9.32141338126e-005, 5.12606166012e-005, 5.47773415747e-005, 4.30559375673e-005, 1.53546734509e-005, 1.4660647139e-005, 1.48579028973e-005, 3.02579483105e-005, 5.99026498094e-005, 3.74276423827e-005, 1.27717351006e-006],
        "var": [1.307525622e-006, 0.00572508852929, 0.00105130777229, 2.63229649136e-005, 9.99814801617e-006, 3.87495174436e-006, 2.74082651686e-007, 2.70935152002e-006, 1.15917472954e-007, 2.47852653956e-007, 4.4756063744e-008, 3.42305241929e-008, 9.75012337534e-009, 5.40991287323e-008, 1.80451138476e-008, 3.26612195067e-008, 1.28838539837e-008, 1.98346983282e-009, 5.37175415261e-009, 6.6687442235e-009, 1.03724029366e-009, 1.1563980884e-009, 1.09886544308e-009, 3.95788202212e-009, 1.75934360414e-008, 6.90340762333e-009, 1.35757273478e-011]
    },
    "erbbands": {
        "mean": [0.596763968468, 10.9786109924, 24.949010849, 19.308681488, 13.5997724533, 10.2983589172, 16.471830368, 19.1870746613, 8.05158519745, 12.9602890015, 15.1189680099, 5.93736314774, 10.4061803818, 10.3408794403, 6.93555259705, 5.38022708893, 5.57050323486, 8.20841503143, 4.90351200104, 7.0289440155, 6.72504901886, 4.20543003082, 3.43286514282, 2.95597815514, 2.64076805115, 1.6233291626, 0.790541470051, 0.53590297699, 0.517537593842, 0.537567794323, 0.386417686939, 0.398948103189, 0.687243640423, 0.699019491673, 0.397227406502, 0.240264385939, 0.0389631204307, 0.00710356235504, 0.000201510658371, 8.68878923939e-005],
        "var": [2.26066112518, 377.376312256, 1822.38916016, 492.511383057, 158.889160156, 91.0748291016, 257.388793945, 425.692565918, 80.2875747681, 784.664855957, 652.958740234, 60.8607673645, 160.784469604, 218.83934021, 62.4400978088, 64.7585296631, 31.8375358582, 160.219955444, 22.0835781097, 44.5775680542, 48.1602783203, 21.5062789917, 8.67858982086, 15.5983667374, 15.0580854416, 8.73015975952, 2.40608382225, 1.46390116215, 1.48375701904, 1.40867865086, 0.755595982075, 0.769782304764, 2.10022187233, 2.46047544479, 0.799698412418, 0.282418519258, 0.00794521160424, 0.000284424342681, 1.93922147673e-007, 1.52943542275e-008]
    },
    "gfcc": {
        "mean": [-34.2174301147, 140.626144409, -78.76512146, 31.1937541962, -26.7235507965, 12.9476070404, -37.8288459778, 15.2055130005, -23.3578739166, -1.8605723381, -14.5312662125, -4.00255155563, -7.7459154129],
        "cov": [[4677.09912109, -1291.55432129, 796.894714355, 83.7559204102, -452.589538574, 388.260559082, -267.933197021, 413.002166748, -308.196868896, 369.245178223, -232.705963135, 202.560943604, -102.667663574], [-1291.55432129, 1662.6739502, -790.091369629, 9.12645626068, 316.243927002, -438.764526367, 286.624298096, -336.47454834, 273.756988525, -307.909515381, 231.843994141, -191.61517334, 158.218261719], [796.894714355, -790.091369629, 919.115966797, 42.9514122009, -135.186752319, 238.185913086, -154.558303833, 208.337203979, -143.784072876, 177.578308105, -105.409721375, 137.283935547, -30.2862491608], [83.7559204102, 9.12645626068, 42.9514122009, 185.603439331, 32.286857605, -51.7442588806, 83.927482605, 0.679878115654, 13.4956483841, -24.6719474792, 30.4993858337, -6.38346672058, 18.7435951233], [-452.589538574, 316.243927002, -135.186752319, 32.286857605, 196.401397705, -22.9293651581, 73.5009002686, -67.6630783081, 74.7609634399, -58.0703926086, 62.791015625, -51.6750984192, 19.4300918579], [388.260559082, -438.764526367, 238.185913086, -51.7442588806, -22.9293651581, 266.969940186, -85.3954772949, 69.1324996948, -48.9116821289, 93.6609115601, -56.9396018982, 34.3272018433, -41.9218482971], [-267.933197021, 286.624298096, -154.558303833, 83.927482605, 73.5009002686, -85.3954772949, 182.525222778, -52.4452934265, 69.098274231, -66.7151184082, 56.2975997925, -44.0174598694, 44.9507064819], [413.002166748, -336.47454834, 208.337203979, 0.679878115654, -67.6630783081, 69.1324996948, -52.4452934265, 151.467941284, -52.7723693848, 73.6038360596, -49.6986961365, 45.4002799988, -34.8137893677], [-308.196868896, 273.756988525, -143.784072876, 13.4956483841, 74.7609634399, -48.9116821289, 69.098274231, -52.7723693848, 128.006332397, -33.7823181152, 43.5781021118, -56.6558532715, 13.884563446], [369.245178223, -307.909515381, 177.578308105, -24.6719474792, -58.0703926086, 93.6609115601, -66.7151184082, 73.6038360596, -33.7823181152, 115.028778076, -40.8975410461, 30.7119369507, -39.9110984802], [-232.705963135, 231.843994141, -105.409721375, 30.4993858337, 62.791015625, -56.9396018982, 56.2975997925, -49.6986961365, 43.5781021118, -40.8975410461, 76.7064743042, -22.3175640106, 26.2223777771], [202.560943604, -191.61517334, 137.283935547, -6.38346672058, -51.6750984192, 34.3272018433, -44.0174598694, 45.4002799988, -56.6558532715, 30.7119369507, -22.3175640106, 73.141998291, 4.9634513855], [-102.667663574, 158.218261719, -30.2862491608, 18.7435951233, 19.4300918579, -41.9218482971, 44.9507064819, -34.8137893677, 13.884563446, -39.9110984802, 26.2223777771, 4.9634513855, 75.2076416016]],
        "icov": [[0.000578564184252, -0.00122382747941, 0.000288476410788, -0.00173482939135, 0.00149910559412, -0.00165948190261, 0.000427306309575, -0.00120112113655, 0.00105945684481, -0.00181941734627, 0.00109438179061, -0.000762231764384, 0.000296869577141], [-0.00122382747941, 0.00853061489761, -0.000860622618347, 0.00797662045807, -0.00654055830091, 0.00907060224563, -0.00179801566992, 0.00515417894349, -0.00514667015523, 0.00760139944032, -0.00674601458013, 0.00597892235965, -0.00480354949832], [0.000288476410788, -0.000860622618347, 0.00278464774601, -0.00272383284755, 0.000792525825091, -0.00224305968732, 0.00132705690339, -0.00209278357215, 0.000867184659, -0.00275774393231, 0.00147336791269, -0.00244774227031, -0.00118815840688], [-0.00173482939135, 0.00797662045807, -0.00272383284755, 0.0167992059141, -0.00754442624748, 0.0105848032981, -0.00627588341013, 0.00491198990494, -0.00417552096769, 0.00890238117427, -0.0082830786705, 0.00583028513938, -0.00256029213779], [0.00149910559412, -0.00654055830091, 0.000792525825091, -0.00754442624748, 0.0149563187733, -0.0097427861765, 0.0011391552398, -0.00391243305057, 0.00212907744572, -0.0039075021632, 0.000396947172703, -0.00202236394398, 0.00374725251459], [-0.00165948190261, 0.00907060224563, -0.00224305968732, 0.0105848032981, -0.0097427861765, 0.0167473796755, -0.00207695551217, 0.00630099698901, -0.00493867322803, 0.00534004205838, -0.0049426141195, 0.00627189176157, -0.00382354133762], [0.000427306309575, -0.00179801566992, 0.00132705690339, -0.00627588341013, 0.0011391552398, -0.00207695551217, 0.0123017076403, -0.00274866796099, -0.00128957699053, -0.000479950598674, -9.51491238084e-005, 0.00138045882341, -0.00368711189367], [-0.00120112113655, 0.00515417894349, -0.00209278357215, 0.00491198990494, -0.00391243305057, 0.00630099698901, -0.00274866796099, 0.0166080836207, -0.00304769957438, 0.00171785708517, -0.00115370308049, -1.27478642753e-005, 0.00118145474698], [0.00105945684481, -0.00514667015523, 0.000867184659, -0.00417552096769, 0.00212907744572, -0.00493867322803, -0.00128957699053, -0.00304769957438, 0.0183302555233, -0.0079516498372, 0.0013419885654, 0.00438316119835, 0.00135948590469], [-0.00181941734627, 0.00760139944032, -0.00275774393231, 0.00890238117427, -0.0039075021632, 0.00534004205838, -0.000479950598674, 0.00171785708517, -0.0079516498372, 0.0280166529119, -0.00719539169222, 0.00403985846788, 0.00184178259224], [0.00109438179061, -0.00674601458013, 0.00147336791269, -0.0082830786705, 0.000396947172703, -0.0049426141195, -9.51491238084e-005, -0.00115370308049, 0.0013419885654, -0.00719539169222, 0.0302422828972, -0.00770615879446, 0.000906681874767], [-0.000762231764384, 0.00597892235965, -0.00244774227031, 0.00583028513938, -0.00202236394398, 0.00627189176157, 0.00138045882341, -1.27478642753e-005, 0.00438316119835, 0.00403985846788, -0.00770615879446, 0.0331121198833, -0.0110336765647], [0.000296869577141, -0.00480354949832, -0.00118815840688, -0.00256029213779, 0.00374725251459, -0.00382354133762, -0.00368711189367, 0.00118145474698, 0.00135948590469, 0.00184178259224, 0.000906681874767, -0.0110336765647, 0.0247565750033]]
    },
    "melbands": {
        "mean": [0.00860704295337, 0.0145921716467, 0.00341569329612, 0.000711872708052, 0.000618588761427, 0.000399029348046, 0.000114391492389, 0.000160585608683, 0.000113646354293, 3.30989059876e-005, 5.19832938153e-005, 4.25773832831e-005, 2.23163297051e-005, 1.67092548509e-005, 1.15152424769e-005, 1.19551168609e-005, 1.56090409291e-005, 5.99301074544e-006, 1.21411976579e-005, 1.06275310827e-005, 7.08509651304e-006, 4.5708648031e-006, 3.85498924516e-006, 2.4463158752e-006, 2.41741122409e-006, 1.85155954568e-006, 2.15889440369e-006, 8.21858805011e-007, 5.42046336705e-007, 3.42013265708e-007, 3.04560558106e-007, 3.12252097956e-007, 2.61155946646e-007, 3.14456457318e-007, 2.27583512924e-007, 1.9023136133e-007, 2.58883829929e-007, 4.23123537985e-007, 6.6526848741e-007, 5.55138456093e-007],
        "var": [0.000319237762596, 0.000575706770178, 1.27484872792e-005, 3.72688958805e-007, 3.3788828091e-007, 1.67203737078e-007, 1.69030389685e-008, 1.22552265225e-007, 4.33133529043e-008, 1.91796201143e-009, 4.12904421765e-009, 3.7988812096e-009, 8.09196376572e-010, 3.8489586518e-010, 2.53011528395e-010, 1.55868373763e-010, 5.81602710437e-010, 3.86959006504e-011, 1.89787408011e-010, 2.60043819811e-010, 5.1969976933e-011, 2.30467242512e-011, 2.87152541328e-011, 4.59707532457e-012, 1.35543434115e-011, 6.00450592025e-012, 1.69937345446e-011, 2.90663543581e-012, 1.29015938558e-012, 4.9548223597e-013, 5.93578680132e-013, 5.81042213042e-013, 4.05150901977e-013, 4.75985082512e-013, 2.76076768868e-013, 2.09530363979e-013, 3.34710693406e-013, 8.30652278731e-013, 2.04448675871e-012, 1.67085811333e-012]
    },
    "mfcc": {
        "mean": [-692.943786621, 177.765625, 15.6100625992, 33.1807136536, 31.5544433594, 4.40867233276, 9.67866134644, 7.5821890831, 5.68264341354, 2.26948475838, 0.0590062476695, -4.55656719208, 4.93941545486],
        "cov": [[2556.39526367, -955.894836426, 679.036437988, -163.548553467, -49.7303085327, -81.2795181274, 108.289123535, -79.4442443848, 115.136230469, 45.5069580078, 12.3041324615, 23.5129013062, 33.3846282959], [-955.894836426, 1250.08618164, -616.339111328, 239.02507019, -50.3160705566, 16.7204685211, -88.6261291504, 37.6290130615, -65.565032959, -14.6664838791, -25.6257076263, -13.1499118805, 3.39798307419], [679.036437988, -616.339111328, 793.581298828, -107.09727478, 93.4323120117, -36.1389884949, 67.8120422363, -33.2596435547, 74.8893127441, -5.10132741928, -10.3250246048, -1.80103194714, 25.3377571106], [-163.548553467, 239.02507019, -107.09727478, 327.057373047, -66.3874206543, -42.3242263794, 7.16860485077, 52.9814338684, -1.74772775173, -7.39127159119, -26.498298645, -9.6426410675, 66.4816589355], [-49.7303085327, -50.3160705566, 93.4323120117, -66.3874206543, 160.222854614, 44.118347168, 17.9015331268, -1.36943435669, -3.66956019402, 12.2833280563, 26.5717315674, 10.031619072, -7.13376092911], [-81.2795181274, 16.7204685211, -36.1389884949, -42.3242263794, 44.118347168, 147.28012085, 22.5836772919, 1.36305260658, -2.2533454895, 16.5302886963, 23.6755008698, 12.0385494232, -28.5113315582], [108.289123535, -88.6261291504, 67.8120422363, 7.16860485077, 17.9015331268, 22.5836772919, 92.222076416, 20.3070735931, 7.04867506027, 3.41873860359, -3.7482073307, -9.05751895905, 9.74215888977], [-79.4442443848, 37.6290130615, -33.2596435547, 52.9814338684, -1.36943435669, 1.36305260658, 20.3070735931, 70.8458786011, 7.64576864243, 3.09566307068, -11.0842590332, -3.84514689445, 14.7847366333], [115.136230469, -65.565032959, 74.8893127441, -1.74772775173, -3.66956019402, -2.2533454895, 7.04867506027, 7.64576864243, 68.440864563, 18.1566505432, 1.85014343262, 8.30415344238, 10.9708518982], [45.5069580078, -14.6664838791, -5.10132741928, -7.39127159119, 12.2833280563, 16.5302886963, 3.41873860359, 3.09566307068, 18.1566505432, 65.1161422729, 26.7656478882, 12.7128982544, -6.93898105621], [12.3041324615, -25.6257076263, -10.3250246048, -26.498298645, 26.5717315674, 23.6755008698, -3.7482073307, -11.0842590332, 1.85014343262, 26.7656478882, 75.3678512573, 24.5159988403, -14.1982183456], [23.5129013062, -13.1499118805, -1.80103194714, -9.6426410675, 10.031619072, 12.0385494232, -9.05751895905, -3.84514689445, 8.30415344238, 12.7128982544, 24.5159988403, 57.3834838867, 3.34501814842], [33.3846282959, 3.39798307419, 25.3377571106, 66.4816589355, -7.13376092911, -28.5113315582, 9.74215888977, 14.7847366333, 10.9708518982, -6.93898105621, -14.1982183456, 3.34501814842, 67.5171737671]],
        "icov": [[0.000670975539833, 0.000289358664304, -0.000274583115242, 0.000111015462608, 0.00054121890571, 0.000243510919972, -0.000579116283916, 0.000650417758152, -0.000337067234796, -0.000460411014501, -1.00393854154e-005, -0.000223343711696, -0.000235046303715], [0.000289358664304, 0.00171850272454, 0.000985115533695, -0.000990373664536, -0.000509307603352, -0.000113904177852, 0.000713854678907, 0.000484060670715, -0.000169355727849, -8.85297413333e-006, 0.000651784939691, 0.000132845976623, 0.000222103713895], [-0.000274583115242, 0.000985115533695, 0.00280033284798, -0.000307744398015, -0.00192963413429, 0.000666504725814, -0.000614519463852, 0.00121103378478, -0.00209794566035, 0.000919787446037, 0.000874403980561, 0.000291430624202, -0.000155771514983], [0.000111015462608, -0.000990373664536, -0.000307744398015, 0.00552429957315, 0.00204954855144, 0.000457204150734, -0.00076603674097, -0.00253291497938, 0.00067484320607, -0.000574427831452, -0.0005421640235, 0.000428285828093, -0.00455824937671], [0.00054121890571, -0.000509307603352, -0.00192963413429, 0.00204954855144, 0.00936735700816, -0.00192879547831, -0.00098814710509, -0.00125867826864, 0.00220879982226, -0.00126707763411, -0.00259853573516, -0.000342317885952, -0.00196111365221], [0.000243510919972, -0.000113904177852, 0.000666504725814, 0.000457204150734, -0.00192879547831, 0.00928994640708, -0.00334396632388, 0.000263933558017, -0.000835366547108, -0.000693704583682, -0.000726155121811, -0.00175920466427, 0.00332780648023], [-0.000579116283916, 0.000713854678907, -0.000614519463852, -0.00076603674097, -0.00098814710509, -0.00334396632388, 0.0151747120544, -0.00457883020863, 0.00107390724588, -0.000292523065582, 0.000178194532054, 0.0031532284338, -0.00179141073022], [0.000650417758152, 0.000484060670715, 0.00121103378478, -0.00253291497938, -0.00125867826864, 0.000263933558017, -0.00457883020863, 0.019361961633, -0.00333114084788, -0.00131333142053, 0.00273750303313, -0.00014688486408, -0.000917808443774], [-0.000337067234796, -0.000169355727849, -0.00209794566035, 0.00067484320607, 0.00220879982226, -0.000835366547108, 0.00107390724588, -0.00333114084788, 0.0198599789292, -0.00572402356192, 0.00059219636023, -0.00181060761679, -0.0028479679022], [-0.000460411014501, -8.85297413333e-006, 0.000919787446037, -0.000574427831452, -0.00126707763411, -0.000693704583682, -0.000292523065582, -0.00131333142053, -0.00572402356192, 0.0206680446863, -0.00602473365143, -0.000952156318817, 0.00218597683124], [-1.00393854154e-005, 0.000651784939691, 0.000874403980561, -0.0005421640235, -0.00259853573516, -0.000726155121811, 0.000178194532054, 0.00273750303313, 0.00059219636023, -0.00602473365143, 0.0197010468692, -0.00641825376078, 0.0027170155663], [-0.000223343711696, 0.000132845976623, 0.000291430624202, 0.000428285828093, -0.000342317885952, -0.00175920466427, 0.0031532284338, -0.00014688486408, -0.00181060761679, -0.000952156318817, -0.00641825376078, 0.0219872072339, -0.0038718720898], [-0.000235046303715, 0.000222103713895, -0.000155771514983, -0.00455824937671, -0.00196111365221, 0.00332780648023, -0.00179141073022, -0.000917808443774, -0.0028479679022, 0.00218597683124, 0.0027170155663, -0.0038718720898, 0.0225710328668]]
    },
    "spectral_contrast_coeffs": {
        "mean": [-0.620475649834, -0.7279753685, -0.778992772102, -0.763922154903, -0.776955127716, -0.790108919144],
        "var": [0.00281253969297, 0.00432804739103, 0.00178051542025, 0.00223401421681, 0.0022260081023, 0.00133631750941]
    },
    "spectral_contrast_valleys": {
        "mean": [-6.44862556458, -6.79668474197, -7.68116521835, -8.34449768066, -8.58122634888, -11.3736877441],
        "var": [1.04766702652, 1.01615941525, 0.899134159088, 0.85689920187, 0.91984295845, 1.74091231823]
    }
},
"metadata": {
    "audio_properties": {
        "analysis_sample_rate": 44100,
        "bit_rate": 112418,
        "equal_loudness": 0,
        "length": 45.0612258911,
        "lossless": 0,
        "replay_gain": -2.32849502563,
        "sample_rate": 44100,
        "codec": "mp3",
        "downmix": "mix",
        "md5_encoded": "7b374a97d28416b1163b48eef9b0d4cf"
    },
    "tags": {
        "file_name": "524.mp3"
    },
    "version": {
        "essentia": "2.1-beta2",
        "essentia_git_sha": "v2.1_beta2",
        "extractor": "music 1.0"
    }
},
"rhythm": {
    "beats_count": 113,
    "beats_loudness": {
        "mean": 0.0883212685585,
        "var": 0.00249476241879
    },
    "bpm": 151.96963501,
    "bpm_histogram_first_peak_bpm": {
        "mean": 152,
        "var": 0
    },
    "bpm_histogram_first_peak_spread": {
        "mean": 0.0462963059545,
        "var": 0
    },
    "bpm_histogram_first_peak_weight": {
        "mean": 0.919642865658,
        "var": 0
    },
    "bpm_histogram_second_peak_bpm": {
        "mean": 157,
        "var": 0
    },
    "bpm_histogram_second_peak_spread": {
        "mean": 0,
        "var": 0
    },
    "bpm_histogram_second_peak_weight": {
        "mean": 0.0357142873108,
        "var": 0
    },
    "danceability": 1.79766213894,
    "onset_rate": 4.94659233093,
    "beats_loudness_band_ratio": {
        "mean": [0.854367434978, 0.0872395187616, 0.0324833467603, 0.0192437767982, 0.00997924152762, 0.0111905522645],
        "var": [0.0101779364049, 0.00343649159186, 0.000864545349032, 0.000454405497294, 0.00017801222566, 0.000205127173103]
    },
    "beats_position": [0.406349211931, 0.812698423862, 1.20743763447, 1.60217678547, 1.99691605568, 2.39165520668, 2.7863945961, 3.1811337471, 3.5758728981, 3.97061228752, 4.3653512001, 4.76009082794, 5.15482997894, 5.54956912994, 5.94430828094, 6.33904743195, 6.73378658295, 7.12852573395, 7.52326536179, 7.91800451279, 8.31274318695, 8.70748329163, 9.10222244263, 9.49696159363, 9.89170074463, 10.2864398956, 10.6811790466, 11.0759181976, 11.4706573486, 11.8653964996, 12.2601356506, 12.6548748016, 13.0496139526, 13.4443531036, 13.8390922546, 14.2338323593, 14.6285715103, 15.0233106613, 15.4180498123, 15.8127889633, 16.2075271606, 16.602268219, 16.99700737, 17.391746521, 17.786485672, 18.181224823, 18.575963974, 18.970703125, 19.365442276, 19.760181427, 20.154920578, 20.549659729, 20.94439888, 21.339138031, 21.733877182, 22.128616333, 22.523355484, 22.918094635, 23.312833786, 23.707572937, 24.102312088, 24.497051239, 24.89179039, 25.286529541, 25.681268692, 26.076007843, 26.470746994, 26.865486145, 27.2602272034, 27.6549663544, 28.0497055054, 28.4444446564, 28.8275737762, 29.2339229584, 29.6286621094, 30.0234012604, 30.4181404114, 30.8128795624, 31.2076187134, 31.6139678955, 31.9970970154, 32.391834259, 32.7865753174, 33.1813163757, 33.5760536194, 33.9707946777, 34.3655319214, 34.7602729797, 35.1550102234, 35.5497512817, 35.9444885254, 36.3392295837, 36.7339668274, 37.1287078857, 37.5234451294, 37.9181861877, 38.3129234314, 38.7076644897, 39.1024017334, 39.4971427917, 39.8918800354, 40.2866210938, 40.6813583374, 41.0760993958, 41.4592285156, 41.8539657593, 42.2603149414, 42.6550559998, 43.0497932434, 43.432926178, 43.8392753601, 44.2340126038, 44.6287536621]
},
"tonal": {
    "chords_changes_rate": 0.0483539104462,
    "chords_number_rate": 0.00720164598897,
    "chords_strength": {
        "mean": 0.52890509367,
        "var": 0.00434714509174
    },
    "hpcp_entropy": {
        "mean": 2.11469769478,
        "var": 0.317848592997
    },
    "key_strength": 0.709256589413,
    "tuning_diatonic_strength": 0.734757244587,
    "tuning_equal_tempered_deviation": 0.188219949603,
    "tuning_frequency": 441.272583008,
    "tuning_nontempered_energy_ratio": 0.819568276405,
    "hpcp": {
        "mean": [0.0248302668333, 0.0202320646495, 0.0148285953328, 0.0183940883726, 0.0152787799016, 0.0126514611766, 0.0236450433731, 0.0548019744456, 0.2069221735, 0.327810168266, 0.202083408833, 0.0574225522578, 0.0338700301945, 0.0379528738558, 0.0428683757782, 0.0576657541096, 0.0869481414557, 0.0940120592713, 0.0731944814324, 0.0549551956356, 0.0454056672752, 0.0669950991869, 0.151239603758, 0.443648934364, 0.639513075352, 0.361254096031, 0.0752934515476, 0.0383989773691, 0.0411044061184, 0.0340381190181, 0.0322930701077, 0.0287956465036, 0.0202350076288, 0.0151841016486, 0.0142393950373, 0.0195796974003],
        "var": [0.00270654959604, 0.00160141836386, 0.00128877209499, 0.00215922039934, 0.00155610858928, 0.00296505284496, 0.010814727284, 0.0177594553679, 0.0559277571738, 0.094947732985, 0.0445811636746, 0.0131639251485, 0.0149947721511, 0.0204729251564, 0.0304660070688, 0.0295327827334, 0.0459791943431, 0.0475954972208, 0.0378584563732, 0.0303320474923, 0.0242990516126, 0.0371953547001, 0.0672112330794, 0.11613676697, 0.16300290823, 0.09588958323, 0.0253304988146, 0.016784645617, 0.0241649411619, 0.0174152031541, 0.0120719252154, 0.00544637115672, 0.0058491397649, 0.00633737444878, 0.00340808229521, 0.00473182136193]
    },
    "chords_histogram": [23.4567909241, 0, 32.0987663269, 0, 0, 0, 0, 0, 0, 0, 0, 0, 0, 0, 0, 8.53909492493, 2.88065838814, 12.551440239, 0, 0, 0, 0, 7.71604919434, 12.7572011948],
    "thpcp": [1, 0.56488931179, 0.117735594511, 0.0600440837443, 0.0642745345831, 0.053225055337, 0.050496339798, 0.0450274571776, 0.0316412709653, 0.0237432233989, 0.0222659949213, 0.0306165702641, 0.0388268306851, 0.0316366702318, 0.0231873206794, 0.0287626460195, 0.0238912701607, 0.0197829585522, 0.0369735099375, 0.0856932848692, 0.323562055826, 0.512593388557, 0.315995752811, 0.0897910520434, 0.0529622174799, 0.0593465156853, 0.0670328363776, 0.0901713445783, 0.135959908366, 0.147005692124, 0.114453457296, 0.0859328731894, 0.0710003748536, 0.104759544134, 0.236491814256, 0.693729281425],
    "chords_key": "C",
    "chords_scale": "major",
    "key_key": "F",
    "key_scale": "major"
}
}