{
"lowlevel": {
    "average_loudness": 0.767558693886,
    "barkbands_crest": {
        "mean": 11.65604496,
        "var": 19.1629638672
    },
    "barkbands_flatness_db": {
        "mean": 0.23136472702,
        "var": 0.00448293052614
    },
    "barkbands_kurtosis": {
        "mean": 11.6643600464,
        "var": 184.034164429
    },
    "barkbands_skewness": {
        "mean": 2.58119368553,
        "var": 1.32535779476
    },
    "barkbands_spread": {
        "mean": 7.63153600693,
        "var": 22.9167709351
    },
    "dissonance": {
        "mean": 0.436509728432,
        "var": 0.00122035259847
    },
    "dynamic_complexity": 2.47374892235,
    "erbbands_crest": {
        "mean": 10.7152280807,
        "var": 17.0329589844
    },
    "erbbands_flatness_db": {
        "mean": 0.209493175149,
        "var": 0.0019824791234
    },
    "erbbands_kurtosis": {
        "mean": 0.998121142387,
        "var": 6.85901784897
    },
    "erbbands_skewness": {
        "mean": 0.956738054752,
        "var": 0.449899435043
    },
    "erbbands_spread": {
        "mean": 30.2133922577,
        "var": 118.237487793
    },
    "hfc": {
        "mean": 9.05055713654,
        "var": 58.4853630066
    },
    "melbands_crest": {
        "mean": 17.4596500397,
        "var": 27.6931037903
    },
    "melbands_flatness_db": {
        "mean": 0.306713998318,
        "var": 0.00560116348788
    },
    "melbands_kurtosis": {
        "mean": 21.1987819672,
        "var": 377.684844971
    },
    "melbands_skewness": {
        "mean": 3.35024285316,
        "var": 1.86088955402
    },
    "melbands_spread": {
        "mean": 8.02145385742,
        "var": 54.1017570496
    },
    "pitch_salience": {
        "mean": 0.48757225275,
        "var": 0.00800243765116
    },
    "silence_rate_20dB": {
        "mean": 1,
        "var": 0
    },
    "silence_rate_30dB": {
        "mean": 0.971178591251,
        "var": 0.0279911831021
    },
    "silence_rate_60dB": {
        "mean": 0.00411734450608,
        "var": 0.00410057138652
    },
    "spectral_centroid": {
        "mean": 568.882568359,
        "var": 246705.546875
    },
    "spectral_complexity": {
        "mean": 12.1502828598,
        "var": 26.9800834656
    },
    "spectral_decrease": {
        "mean": -7.52283391137e-009,
        "var": 5.70824833752e-017
    },
    "spectral_energy": {
        "mean": 0.0292138215154,
        "var": 0.000847453949973
    },
    "spectral_energyband_high": {
        "mean": 7.44705321267e-005,
        "var": 1.26938575207e-008
    },
    "spectral_energyband_low": {
        "mean": 0.0112011693418,
        "var": 0.000357750803232
    },
    "spectral_energyband_middle_high": {
        "mean": 0.00156319094822,
        "var": 2.87865668724e-006
    },
    "spectral_energyband_middle_low": {
        "mean": 0.0187340844423,
        "var": 0.000377080403268
    },
    "spectral_entropy": {
        "mean": 6.58807229996,
        "var": 0.324131816626
    },
    "spectral_flux": {
        "mean": 0.0576578751206,
        "var": 0.00180203549098
    },
    "spectral_kurtosis": {
        "mean": 12.2326822281,
        "var": 108.390289307
    },
    "spectral_rms": {
        "mean": 0.00490697892383,
        "var": 4.42286136604e-006
    },
    "spectral_rolloff": {
        "mean": 518.67980957,
        "var": 740232.5625
    },
    "spectral_skewness": {
        "mean": 2.39374661446,
        "var": 0.841645956039
    },
    "spectral_spread": {
        "mean": 2855048.25,
        "var": 2.71596545638e+012
    },
    "spectral_strongpeak": {
        "mean": 0.748230397701,
        "var": 0.307472229004
    },
    "zerocrossingrate": {
        "mean": 0.0253908764571,
        "var": 0.000559774343856
    },
    "barkbands": {
        "mean": [3.15010584018e-006, 0.00191253330559, 0.00701925018802, 0.00328368740156, 0.00975872389972, 0.00165003433358, 0.00297416071407, 0.000217000459088, 0.000673486792948, 0.000248644180829, 0.000236004634644, 0.000239226152189, 0.000272029428743, 0.000138078452437, 0.000172021667822, 8.31349170767e-005, 0.000107143074274, 5.526015957e-005, 7.72171551944e-005, 3.46053129761e-005, 3.22054511344e-005, 1.33890407596e-005, 6.06062531006e-006, 4.2714718802e-006, 1.50307448621e-006, 9.19713613712e-007, 1.0364453118e-007],
        "var": [2.83545048552e-010, 2.98824688798e-005, 0.000207494624192, 1.51508274939e-005, 0.000253286125371, 8.39168205857e-006, 1.35810505526e-005, 5.049287779e-007, 2.24348764277e-006, 2.85637128172e-007, 1.07747261779e-007, 2.19968114834e-007, 2.83626633291e-007, 5.30531956144e-008, 4.07829503501e-008, 9.32155064248e-009, 1.68464300287e-008, 1.33931221669e-008, 1.87343314195e-008, 3.03853520123e-009, 4.16663725744e-009, 3.8425454485e-010, 1.30734381654e-010, 7.72562638862e-011, 7.67917934102e-012, 3.07667107936e-012, 7.7637644035e-014]
    },
    "erbbands": {
        "mean": [0.012819910422, 0.705986917019, 7.30473279953, 10.7601451874, 24.5525054932, 35.6305046082, 8.48760986328, 15.3741264343, 47.3796310425, 16.2697200775, 7.58633756638, 16.0283870697, 12.65234375, 5.28193187714, 12.5671167374, 8.75748348236, 13.710858345, 5.50241374969, 7.03074216843, 10.6302156448, 5.14220762253, 4.39648151398, 3.73713779449, 3.44021487236, 3.56336188316, 1.65747666359, 1.71442198753, 0.864389181137, 0.482892632484, 0.299333631992, 0.170773953199, 0.104446895421, 0.0589225441217, 0.021539663896, 0.00904818251729, 0.00389463920146, 0.00175058667082, 0.000383229344152, 2.26078482228e-005, 3.26779590978e-005],
        "var": [0.0039692656137, 3.04931282997, 237.157119751, 118.700180054, 1280.67419434, 4066.48852539, 106.154563904, 777.540100098, 3665.32373047, 685.45098877, 395.428833008, 1471.59057617, 638.636657715, 41.4794425964, 255.732330322, 190.377838135, 718.556213379, 63.5066337585, 86.6673965454, 166.99659729, 31.8603897095, 26.7979240417, 36.5577697754, 32.7177734375, 48.9521141052, 6.3662686348, 9.97242641449, 2.27744746208, 0.548713564873, 0.259628921747, 0.125892832875, 0.0589882582426, 0.0131285861135, 0.00171574100386, 0.000309916038532, 5.21127039974e-005, 1.27351449919e-005, 7.60863827054e-007, 6.74308886506e-010, 1.02712938155e-009]
    },
    "gfcc": {
        "mean": [-67.3145065308, 154.542892456, -116.967987061, 28.7840881348, -49.25182724, -8.37924194336, -39.8068199158, -13.8738079071, -23.8554096222, -11.1980581284, -15.8104114532, -12.217414856, -12.8346357346],
        "cov": [[5543.82617188, -775.601379395, -594.97454834, 170.212600708, -421.099975586, 193.992492676, 43.1849899292, 166.072952271, -300.592590332, 189.302993774, -267.796386719, 79.7664794922, -170.792434692], [-775.601379395, 869.82208252, 113.176353455, -25.8296699524, 228.52243042, -102.989341736, 42.2548942566, -147.236251831, 161.915725708, -125.447860718, 127.754379272, -108.97303009, 102.420288086], [-594.97454834, 113.176353455, 398.935394287, 15.1439313889, 131.433898926, 73.6062850952, 14.1437940598, 27.5218219757, 62.3078155518, -8.11105155945, 12.4939670563, -10.9172210693, 13.6933889389], [170.212600708, -25.8296699524, 15.1439313889, 161.075210571, 43.4126281738, 49.0903320313, 38.9437484741, 0.759360432625, 11.0191841125, -0.133047446609, 4.21306753159, -7.14892911911, 15.8461513519], [-421.099975586, 228.52243042, 131.433898926, 43.4126281738, 229.03453064, 40.7453575134, 52.9303359985, -18.0284557343, 46.036605835, -11.4622087479, 41.8664932251, -27.0272083282, 30.8290176392], [193.992492676, -102.989341736, 73.6062850952, 49.0903320313, 40.7453575134, 157.76763916, 61.465297699, 57.9053459167, 3.40941977501, 42.707321167, -20.1378650665, 1.51034605503, -9.69839572906], [43.1849899292, 42.2548942566, 14.1437940598, 38.9437484741, 52.9303359985, 61.465297699, 140.091812134, 36.4954452515, 34.941493988, 34.5827598572, -24.0816383362, -12.3055181503, 7.49942493439], [166.072952271, -147.236251831, 27.5218219757, 0.759360432625, -18.0284557343, 57.9053459167, 36.4954452515, 135.74520874, 6.21556329727, 42.7647972107, -41.0778923035, 15.061170578, -16.7074623108], [-300.592590332, 161.915725708, 62.3078155518, 11.0191841125, 46.036605835, 3.40941977501, 34.941493988, 6.21556329727, 107.855857849, -0.707782506943, 19.0382041931, -23.4868164063, 16.1697673798], [189.302993774, -125.447860718, -8.11105155945, -0.133047446609, -11.4622087479, 42.707321167, 34.5827598572, 42.7647972107, -0.707782506943, 95.6513748169, -13.78033638, 20.0988063812, -26.5038166046], [-267.796386719, 127.754379272, 12.4939670563, 4.21306753159, 41.8664932251, -20.1378650665, -24.0816383362, -41.0778923035, 19.0382041931, -13.78033638, 95.6538238525, -6.88022375107, 8.8371181488], [79.7664794922, -108.97303009, -10.9172210693, -7.14892911911, -27.0272083282, 1.51034605503, -12.3055181503, 15.061170578, -23.4868164063, 20.0988063812, -6.88022375107, 61.4905700684, -11.4303722382], [-170.792434692, 102.420288086, 13.6933889389, 15.8461513519, 30.8290176392, -9.69839572906, 7.49942493439, -16.7074623108, 16.1697673798, -26.5038166046, 8.8371181488, -11.4303722382, 70.0254669189]],
        "icov": [[0.000461875810288, -0.000897337100469, 0.00054274010472, -0.00102570175659, 0.000863341672812, -0.000880783889443, 0.000565510126762, -0.000518931308761, 0.00148010056, -0.000990372733213, 0.00127156055532, -0.00036450146581, 0.000941912119742], [-0.000897337100469, 0.0072926171124, -0.00111162173562, 0.00451140059158, -0.00467015150934, 0.00388336228207, -0.00382046052255, 0.00378581043333, -0.00773048214614, 0.00563832744956, -0.00571123929694, 0.00432129856199, -0.00440687453374], [0.00054274010472, -0.00111162173562, 0.00444762641564, -0.000746753648855, -0.00106973142829, -0.00294042378664, 0.00229930575006, -0.00121333089191, -0.00024963679607, -0.000373092974769, 0.00216455687769, -0.00111285632011, 0.00123846670613], [-0.00102570175659, 0.00451140059158, -0.000746753648855, 0.010941545479, -0.00392658310011, 0.00039038612158, -0.0036511127837, 0.00306930276565, -0.00564598944038, 0.00479108653963, -0.00469962414354, 0.0021698307246, -0.00445962045342], [0.000863341672812, -0.00467015150934, -0.00106973142829, -0.00392658310011, 0.0107316076756, -0.00345146283507, -0.000375650619389, -0.00139071804006, 0.00541743403301, -0.0034133028239, 0.00103127292823, -0.00136987585574, 0.00164322042838], [-0.000880783889443, 0.00388336228207, -0.00294042378664, 0.00039038612158, -0.00345146283507, 0.0136206699535, -0.00497030932456, -0.000753349100705, -0.00234886794351, 0.000529402692337, -0.00354296760634, 0.00306784245186, -0.00189228646923], [0.000565510126762, -0.00382046052255, 0.00229930575006, -0.0036511127837, -0.000375650619389, -0.00497030932456, 0.0144224669784, -0.00283808098175, 0.000577567669097, -0.0062495986931, 0.006905592978, -0.000740104936995, 0.00110795849469], [-0.000518931308761, 0.00378581043333, -0.00121333089191, 0.00306930276565, -0.00139071804006, -0.000753349100705, -0.00283808098175, 0.0131121138111, -0.00564061151817, 0.000643553445116, 0.000291622884106, 0.000497772824019, -0.001729319687], [0.00148010056, -0.00773048214614, -0.00024963679607, -0.00564598944038, 0.00541743403301, -0.00234886794351, 0.000577567669097, -0.00564061151817, 0.0222729612142, -0.0072746980004, 0.00375695340335, -0.000393118563807, 0.00369033776224], [-0.000990372733213, 0.00563832744956, -0.000373092974769, 0.00479108653963, -0.0034133028239, 0.000529402692337, -0.0062495986931, 0.000643553445116, -0.0072746980004, 0.0206774417311, -0.00588886020705, -0.0012054501567, 0.000777832814492], [0.00127156055532, -0.00571123929694, 0.00216455687769, -0.00469962414354, 0.00103127292823, -0.00354296760634, 0.006905592978, 0.000291622884106, 0.00375695340335, -0.00588886020705, 0.019977485761, -0.00369523232803, 0.00425949320197], [-0.00036450146581, 0.00432129856199, -0.00111285632011, 0.0021698307246, -0.00136987585574, 0.00306784245186, -0.000740104936995, 0.000497772824019, -0.000393118563807, -0.0012054501567, -0.00369523232803, 0.0228812135756, -0.00242100306787], [0.000941912119742, -0.00440687453374, 0.00123846670613, -0.00445962045342, 0.00164322042838, -0.00189228646923, 0.00110795849469, -0.001729319687, 0.00369033776224, 0.000777832814492, 0.00425949320197, -0.00242100306787, 0.0207831561565]]
    },
    "melbands": {
        "mean": [0.000289922463708, 0.00277437129989, 0.00198693294078, 0.00269912439398, 0.000402539444622, 0.000340996251907, 0.000710566877387, 0.000129941137857, 7.19771487638e-005, 9.67809246504e-005, 5.99892118771e-005, 1.76929424924e-005, 4.0140334022e-005, 3.36191988026e-005, 2.63005422312e-005, 2.03467297979e-005, 1.03514712464e-005, 1.24691141536e-005, 1.22613564599e-005, 9.70196288108e-006, 6.13778775005e-006, 4.20234891862e-006, 4.83256189909e-006, 3.4383158436e-006, 2.56762427853e-006, 3.12453698825e-006, 1.63047707247e-006, 9.51127958615e-007, 1.15133627787e-006, 8.95108200893e-007, 3.62954722277e-007, 2.74229051911e-007, 2.37502135292e-007, 1.39400782473e-007, 1.0703366371e-007, 6.50722569162e-008, 6.35361132595e-008, 4.59510864914e-008, 2.60645443007e-008, 1.53864316843e-008],
        "var": [1.02375486222e-006, 3.372986248e-005, 4.08587902712e-006, 2.00448230316e-005, 2.65723173243e-007, 4.0695658754e-007, 7.71540840105e-007, 5.28056034454e-008, 3.29881650885e-008, 4.74644075155e-008, 1.59678563705e-008, 5.40013977979e-010, 2.77131340098e-009, 4.20732471085e-009, 2.43687869883e-009, 1.51509826907e-009, 2.71401817686e-010, 3.81247672321e-010, 1.8372463273e-010, 1.44180292705e-010, 5.29819139949e-011, 2.41389304378e-011, 6.18945172892e-011, 5.91700438646e-011, 1.98077613339e-011, 3.10976348838e-011, 1.2658454146e-011, 2.03363974965e-012, 4.73966829326e-012, 4.23633914406e-012, 3.6739591946e-013, 1.96770334401e-013, 1.68265087194e-013, 6.86861591909e-014, 6.0525071283e-014, 2.19501642611e-014, 2.07404910981e-014, 8.00565058581e-015, 4.30598897264e-015, 9.641702982e-016]
    },
    "mfcc": {
        "mean": [-709.553771973, 178.863723755, -5.86021137238, 35.4731674194, 5.40315437317, 5.75811004639, -7.84712362289, -5.89770364761, -8.49409675598, -6.56524181366, -9.18500518799, -1.75293755531, -1.86367177963],
        "cov": [[3888.56469727, -911.690551758, -359.987121582, -6.42372369766, -490.324401855, 71.4922103882, 114.81438446, 54.93227005, 1.63938271999, 187.258743286, -2.5820710659, -169.988189697, -164.097045898], [-911.690551758, 781.086791992, 78.8011169434, 50.4499588013, 182.073440552, 34.7740135193, -14.3959579468, -15.9239597321, 10.7317142487, -33.6027908325, 37.6061782837, 33.3235397339, 10.9091863632], [-359.987121582, 78.8011169434, 269.466644287, -0.109249725938, 102.823196411, 30.283864975, 4.41521263123, 32.3562088013, 42.0014533997, 18.127532959, 7.22854232788, 33.6198234558, 13.7944641113], [-6.42372369766, 50.4499588013, -0.109249725938, 129.871261597, 30.0232162476, 39.4805908203, 12.6111354828, 10.8508481979, 14.671081543, 8.17228317261, -7.66101837158, -5.90619134903, 9.85645294189], [-490.324401855, 182.073440552, 102.823196411, 30.0232162476, 214.351303101, 35.5776405334, 29.4338264465, 11.7588329315, 7.32161664963, -19.4704093933, 8.39377307892, 42.5131874084, 8.7952041626], [71.4922103882, 34.7740135193, 30.283864975, 39.4805908203, 35.5776405334, 153.945358276, 53.9195671082, 20.1989631653, 23.2832050323, 49.7787208557, 30.1361675262, -15.6339960098, -1.66923344135], [114.81438446, -14.3959579468, 4.41521263123, 12.6111354828, 29.4338264465, 53.9195671082, 114.191009521, 27.9095039368, 29.1818771362, 45.2570838928, 12.5968875885, -9.83709144592, -3.29741954803], [54.93227005, -15.9239597321, 32.3562088013, 10.8508481979, 11.7588329315, 20.1989631653, 27.9095039368, 80.1758041382, 47.9094238281, 32.430355072, 6.61801862717, -0.95739120245, -4.45255231857], [1.63938271999, 10.7317142487, 42.0014533997, 14.671081543, 7.32161664963, 23.2832050323, 29.1818771362, 47.9094238281, 139.449661255, 63.2164154053, -3.57148313522, -1.49601793289, 5.18352413177], [187.258743286, -33.6027908325, 18.127532959, 8.17228317261, -19.4704093933, 49.7787208557, 45.2570838928, 32.430355072, 63.2164154053, 134.573104858, 32.372543335, -25.1803379059, 1.87808406353], [-2.5820710659, 37.6061782837, 7.22854232788, -7.66101837158, 8.39377307892, 30.1361675262, 12.5968875885, 6.61801862717, -3.57148313522, 32.372543335, 88.3356323242, 15.1314907074, -4.0274143219], [-169.988189697, 33.3235397339, 33.6198234558, -5.90619134903, 42.5131874084, -15.6339960098, -9.83709144592, -0.95739120245, -1.49601793289, -25.1803379059, 15.1314907074, 89.0339050293, 18.8019943237], [-164.097045898, 10.9091863632, 13.7944641113, 9.85645294189, 8.7952041626, -1.66923344135, -3.29741954803, -4.45255231857, 5.18352413177, 1.87808406353, -4.0274143219, 18.8019943237, 95.9337615967]],
        "icov": [[0.000564721645787, 0.000403734680731, 0.000329607108142, -0.000233589293202, 0.000862404529471, -0.000291347125312, -0.000405164930271, -0.000246428389801, 0.000230842269957, -0.000435915048001, 0.000100980134448, -2.72284578386e-005, 0.000792802369688], [0.000403734680731, 0.00204210937954, 0.000265038368525, -0.000587766058743, -0.00091206014622, -0.000285541464109, 0.000349035981344, 0.000488629739266, -0.000457098067272, 0.000205019212444, -0.000973534886725, 0.000408097868785, 0.000493812374771], [0.000329607108142, 0.000265038368525, 0.00540523044765, 0.000822005327791, -0.00200918316841, -0.000995217356831, 0.00124858645722, -0.00153844687156, -0.000679874443449, -0.00114629685413, 0.000561427907087, -0.00100025360007, 8.91632080311e-005], [-0.000233589293202, -0.000587766058743, 0.000822005327791, 0.00924249086529, -0.00146318005864, -0.00233468622901, 0.000728538318072, -0.000944155384786, -0.000454010936664, 3.94328053517e-005, 0.00171453272924, 0.000425259262556, -0.00131338136271], [0.000862404529471, -0.00091206014622, -0.00200918316841, -0.00146318005864, 0.00981891620904, -0.00127543520648, -0.00341397058219, -0.000668620865326, 0.000954906980041, 0.000971172354184, 0.000716048409231, -0.00278504448943, 0.00145263760351], [-0.000291347125312, -0.000285541464109, -0.000995217356831, -0.00233468622901, -0.00127543520648, 0.00991624128073, -0.00289632659405, 0.000293191551464, 5.54011858185e-005, -0.00133181246929, -0.00274231028743, 0.00197082292289, -0.000357688695658], [-0.000405164930271, 0.000349035981344, 0.00124858645722, 0.000728538318072, -0.00341397058219, -0.00289632659405, 0.0130242938176, -0.00221328786574, -0.000631512200925, -0.00247076665983, 0.000188883073861, 0.00055185565725, -0.000397318508476], [-0.000246428389801, 0.000488629739266, -0.00153844687156, -0.000944155384786, -0.000668620865326, 0.000293191551464, -0.00221328786574, 0.0175304729491, -0.00495896022767, -0.00033127059578, -0.00125105783809, 3.35335935233e-005, 0.000860433618072], [0.000230842269957, -0.000457098067272, -0.000679874443449, -0.000454010936664, 0.000954906980041, 5.54011858185e-005, -0.000631512200925, -0.00495896022767, 0.0117543851957, -0.00543025881052, 0.00333064538427, -0.00167582207359, 0.000192258259631], [-0.000435915048001, 0.000205019212444, -0.00114629685413, 3.94328053517e-005, 0.000971172354184, -0.00133181246929, -0.00247076665983, -0.00033127059578, -0.00543025881052, 0.0144046070054, -0.00550318881869, 0.00384923210368, -0.0017947179731], [0.000100980134448, -0.000973534886725, 0.000561427907087, 0.00171453272924, 0.000716048409231, -0.00274231028743, 0.000188883073861, -0.00125105783809, 0.00333064538427, -0.00550318881869, 0.0158197693527, -0.00484235072508, 0.00140257063322], [-2.72284578386e-005, 0.000408097868785, -0.00100025360007, 0.000425259262556, -0.00278504448943, 0.00197082292289, 0.00055185565725, 3.35335935233e-005, -0.00167582207359, 0.00384923210368, -0.00484235072508, 0.0156750269234, -0.00294292974286], [0.000792802369688, 0.000493812374771, 8.91632080311e-005, -0.00131338136271, 0.00145263760351, -0.000357688695658, -0.000397318508476, 0.000860433618072, 0.000192258259631, -0.0017947179731, 0.00140257063322, -0.00294292974286, 0.0123932193965]]
    },
    "spectral_contrast_coeffs": {
        "mean": [-0.508383691311, -0.641389667988, -0.737588703632, -0.744402229786, -0.750629067421, -0.723506093025],
        "var": [0.00568593386561, 0.00515292584896, 0.00240728189237, 0.0017820650246, 0.00168322282843, 0.00197175773792]
    },
    "spectral_contrast_valleys": {
        "mean": [-7.67615747452, -7.26898431778, -7.97429323196, -8.57021808624, -8.90621757507, -12.2410383224],
        "var": [1.01211309433, 1.06952273846, 1.23977434635, 1.07575643063, 1.26741921902, 1.0976703167]
    }
},
"metadata": {
    "audio_properties": {
        "analysis_sample_rate": 44100,
        "bit_rate": 105379,
        "equal_loudness": 0,
        "length": 45.0873451233,
        "lossless": 0,
        "replay_gain": -6.48483657837,
        "sample_rate": 44100,
        "codec": "mp3",
        "downmix": "mix",
        "md5_encoded": "10ed1b60c5a89339ab6bf3871f39c018"
    },
    "tags": {
        "file_name": "527.mp3"
    },
    "version": {
        "essentia": "2.1-beta2",
        "essentia_git_sha": "v2.1_beta2",
        "extractor": "music 1.0"
    }
},
"rhythm": {
    "beats_count": 66,
    "beats_loudness": {
        "mean": 0.0352415330708,
        "var": 0.000632670766208
    },
    "bpm": 88.9991989136,
    "bpm_histogram_first_peak_bpm": {
        "mean": 89,
        "var": 0
    },
    "bpm_histogram_first_peak_spread": {
        "mean": 0.109374992549,
        "var": 0
    },
    "bpm_histogram_first_peak_weight": {
        "mean": 0.876923084259,
        "var": 0
    },
    "bpm_histogram_second_peak_bpm": {
        "mean": 94,
        "var": 0
    },
    "bpm_histogram_second_peak_spread": {
        "mean": 0,
        "var": 0
    },
    "bpm_histogram_second_peak_weight": {
        "mean": 0.0153846153989,
        "var": 0
    },
    "danceability": 1.20148134232,
    "onset_rate": 3.81334447861,
    "beats_loudness_band_ratio": {
        "mean": [0.431723743677, 0.371392697096, 0.19932693243, 0.0619757957757, 0.0302927009761, 0.0116897262633],
        "var": [0.0454358011484, 0.0502757802606, 0.0131413666531, 0.00359593145549, 0.00036932452349, 0.000165325851412]
    },
    "beats_position": [0.615328788757, 1.25387752056, 1.90403628349, 2.56580495834, 3.23918366432, 3.9125623703, 4.58594083786, 5.24770975113, 5.90947818756, 6.58285713196, 7.24462556839, 7.91800451279, 8.59138298035, 9.25315189362, 9.92653083801, 10.5882987976, 11.261677742, 11.9350566864, 12.6084346771, 13.2818136215, 13.966802597, 14.6517915726, 15.3251695633, 15.9985485077, 16.6719264984, 17.3569164276, 18.0419044495, 18.7268924713, 19.4002723694, 20.0852603912, 20.758638382, 21.43201828, 22.1053962708, 22.7787742615, 23.4521541595, 24.1255321503, 24.7989120483, 25.4722900391, 26.1456680298, 26.830657959, 27.5040359497, 28.1890239716, 28.8624038696, 29.5357818604, 30.2091598511, 30.8825397491, 31.5559177399, 32.2292976379, 32.9026756287, 33.5760536194, 34.2494316101, 34.9344215393, 35.6194114685, 36.2927894592, 36.96616745, 37.6395454407, 38.3245353699, 39.0095214844, 39.6829032898, 40.3562812805, 41.041267395, 41.7146492004, 42.3996353149, 43.0846252441, 43.7696151733, 44.4429931641]
},
"tonal": {
    "chords_changes_rate": 0.0360082313418,
    "chords_number_rate": 0.00617283955216,
    "chords_strength": {
        "mean": 0.497482270002,
        "var": 0.00494494941086
    },
    "hpcp_entropy": {
        "mean": 1.81995952129,
        "var": 0.345520764589
    },
    "key_strength": 0.777368664742,
    "tuning_diatonic_strength": 0.622474312782,
    "tuning_equal_tempered_deviation": 0.0282156355679,
    "tuning_frequency": 440.763122559,
    "tuning_nontempered_energy_ratio": 0.626617074013,
    "hpcp": {
        "mean": [0.637021780014, 0.392340272665, 0.075146175921, 0.0112976906821, 0.0136686004698, 0.0283091962337, 0.0417315624654, 0.0280996449292, 0.0139641324058, 0.00892405677587, 0.00428198184818, 0.0129367504269, 0.0269005224109, 0.0373131893575, 0.207476988435, 0.393460601568, 0.225484877825, 0.0233400855213, 0.00899952836335, 0.0142285712063, 0.072705745697, 0.111008748412, 0.0520514808595, 0.00719754816964, 0.00607466511428, 0.00874843355268, 0.0313787423074, 0.0508759655058, 0.0588325448334, 0.170946091413, 0.273085743189, 0.184053957462, 0.0722742676735, 0.0517126359046, 0.110245205462, 0.396530836821],
        "var": [0.133514285088, 0.0984878689051, 0.0156747549772, 0.00137257797178, 0.00190317805391, 0.00300152017735, 0.00915996078402, 0.0031599260401, 0.000364830950275, 0.000339026126312, 0.000292187236482, 0.00123259879183, 0.00480515370145, 0.0103081697598, 0.0453461557627, 0.134525820613, 0.0519763790071, 0.00505222706124, 0.00249616894871, 0.00321434158832, 0.0170584470034, 0.0355422869325, 0.00701903412119, 0.00110392796341, 0.00213226885535, 0.00225571007468, 0.00745946215466, 0.014407065697, 0.0165737625211, 0.0791309028864, 0.160272583365, 0.0872141718864, 0.0291255358607, 0.0211314186454, 0.0389098897576, 0.0997776612639]
    },
    "chords_histogram": [32.6131706238, 0, 25.3086414337, 0, 0, 0, 0, 0, 0, 0, 0, 0, 0, 0, 0, 0, 0, 4.62962961197, 0, 9.56790161133, 0, 5.14403295517, 22.7366256714, 0],
    "thpcp": [1, 0.615897715092, 0.117964848876, 0.0177351720631, 0.0214570388198, 0.0444399192929, 0.0655104145408, 0.0441109649837, 0.0219209659845, 0.0140090296045, 0.00672187656164, 0.0203081760556, 0.0422285757959, 0.0585744343698, 0.325698435307, 0.61765640974, 0.353967308998, 0.0366393849254, 0.0141275050119, 0.022336082533, 0.114133842289, 0.174262091517, 0.0817106738687, 0.0112987477332, 0.00953604001552, 0.0137333348393, 0.0492585077882, 0.0798653438687, 0.0923556238413, 0.268352031708, 0.428691387177, 0.288928836584, 0.113456510007, 0.0811787545681, 0.173063471913, 0.622476100922],
    "chords_key": "D",
    "chords_scale": "major",
    "key_key": "D",
    "key_scale": "major"
}
}