{
"lowlevel": {
    "average_loudness": 0.964620947838,
    "barkbands_crest": {
        "mean": 13.1368293762,
        "var": 16.0834121704
    },
    "barkbands_flatness_db": {
        "mean": 0.234539717436,
        "var": 0.00532188313082
    },
    "barkbands_kurtosis": {
        "mean": 22.9875392914,
        "var": 536.222900391
    },
    "barkbands_skewness": {
        "mean": 3.70766496658,
        "var": 3.23613500595
    },
    "barkbands_spread": {
        "mean": 11.2368822098,
        "var": 162.842544556
    },
    "dissonance": {
        "mean": 0.468166649342,
        "var": 0.000623533502221
    },
    "dynamic_complexity": 1.58098006248,
    "erbbands_crest": {
        "mean": 9.88680267334,
        "var": 17.3645362854
    },
    "erbbands_flatness_db": {
        "mean": 0.173690289259,
        "var": 0.00167155091185
    },
    "erbbands_kurtosis": {
        "mean": 0.00877808313817,
        "var": 4.00042295456
    },
    "erbbands_skewness": {
        "mean": 0.324367642403,
        "var": 0.948155045509
    },
    "erbbands_spread": {
        "mean": 48.6413574219,
        "var": 269.919799805
    },
    "hfc": {
        "mean": 15.9239902496,
        "var": 282.522216797
    },
    "melbands_crest": {
        "mean": 20.4269809723,
        "var": 24.396944046
    },
    "melbands_flatness_db": {
        "mean": 0.336529314518,
        "var": 0.00744640501216
    },
    "melbands_kurtosis": {
        "mean": 60.2629013062,
        "var": 2202.15551758
    },
    "melbands_skewness": {
        "mean": 5.86574077606,
        "var": 4.92929172516
    },
    "melbands_spread": {
        "mean": 8.50555801392,
        "var": 171.536621094
    },
    "pitch_salience": {
        "mean": 0.452300995588,
        "var": 0.017377788201
    },
    "silence_rate_20dB": {
        "mean": 1,
        "var": 0
    },
    "silence_rate_30dB": {
        "mean": 0.958805382252,
        "var": 0.0394973494112
    },
    "silence_rate_60dB": {
        "mean": 0.00205973233096,
        "var": 0.00205553858541
    },
    "spectral_centroid": {
        "mean": 744.147460938,
        "var": 477001.375
    },
    "spectral_complexity": {
        "mean": 13.2837276459,
        "var": 65.8910064697
    },
    "spectral_decrease": {
        "mean": -1.36253683891e-008,
        "var": 7.25692565884e-017
    },
    "spectral_energy": {
        "mean": 0.0528695993125,
        "var": 0.00106879277155
    },
    "spectral_energyband_high": {
        "mean": 0.000415935035562,
        "var": 1.8329096747e-006
    },
    "spectral_energyband_low": {
        "mean": 0.0362766385078,
        "var": 0.00089245068375
    },
    "spectral_energyband_middle_high": {
        "mean": 0.00304395938292,
        "var": 1.54534955072e-005
    },
    "spectral_energyband_middle_low": {
        "mean": 0.0158971324563,
        "var": 0.000195958185941
    },
    "spectral_entropy": {
        "mean": 6.97945785522,
        "var": 0.27897927165
    },
    "spectral_flux": {
        "mean": 0.105555452406,
        "var": 0.00260676187463
    },
    "spectral_kurtosis": {
        "mean": 7.61191225052,
        "var": 22.0813140869
    },
    "spectral_rms": {
        "mean": 0.00688801985234,
        "var": 4.13540874433e-006
    },
    "spectral_rolloff": {
        "mean": 521.852661133,
        "var": 1432432.875
    },
    "spectral_skewness": {
        "mean": 1.84573364258,
        "var": 0.342443734407
    },
    "spectral_spread": {
        "mean": 3604054.5,
        "var": 4.04790522675e+012
    },
    "spectral_strongpeak": {
        "mean": 0.797219991684,
        "var": 0.568977952003
    },
    "zerocrossingrate": {
        "mean": 0.0267667137086,
        "var": 0.00100834248587
    },
    "barkbands": {
        "mean": [0.00057201331947, 0.0178288388997, 0.0151649974287, 0.00717637548223, 0.00718056363985, 0.000370951514924, 0.00030412315391, 0.000253367092228, 0.000461065181298, 0.000273517303867, 0.000432656524936, 0.000232867736486, 0.000323099840898, 0.00019807019271, 0.000330399168888, 0.000277815124718, 0.000352193950675, 0.000364209176041, 0.00029831827851, 0.00011089391046, 6.73084578011e-005, 5.47610070498e-005, 5.82742868573e-005, 7.43126147427e-005, 6.22102525085e-005, 4.43555982201e-005, 2.12552708945e-006],
        "var": [1.53931455316e-006, 0.0002572327503, 0.000293661956675, 8.87284768396e-005, 8.30654025776e-005, 6.76605168337e-007, 1.27137832351e-006, 8.34231343561e-007, 3.74444334739e-006, 5.24454719653e-007, 1.06111940568e-006, 3.5110213048e-007, 8.50143067055e-007, 2.00053847266e-007, 2.65440348812e-007, 2.54048728721e-007, 4.11041497728e-007, 1.09953055016e-006, 7.71860186433e-007, 1.01076068404e-007, 3.67939065882e-008, 4.78341597443e-008, 5.59741657469e-008, 1.81322377557e-007, 5.54953132337e-008, 2.78211391702e-008, 8.96880625323e-011]
    },
    "erbbands": {
        "mean": [0.165558099747, 5.13768053055, 19.2122478485, 18.4006729126, 26.8683128357, 25.4039726257, 7.71095752716, 3.99428200722, 3.16205406189, 7.1264166832, 4.72782707214, 9.50246143341, 12.4710378647, 7.04479885101, 21.0230941772, 10.0637512207, 14.0336885452, 12.1449565887, 18.0925827026, 13.4060649872, 15.5649185181, 18.8468112946, 24.4506950378, 11.8832197189, 14.4647827148, 5.3791270256, 3.38650870323, 2.25798606873, 1.86453092098, 1.81834232807, 1.75339448452, 1.59738206863, 1.17173016071, 0.726989448071, 0.413726270199, 0.22833712399, 0.0782360509038, 0.0109731843695, 0.000318506528856, 6.79384247633e-005],
        "var": [0.0383444540203, 21.0699825287, 376.340484619, 422.267700195, 873.903503418, 1996.55004883, 230.453201294, 84.2166290283, 100.095726013, 892.91015625, 195.938796997, 1151.35229492, 2766.61401367, 264.219421387, 2390.20483398, 548.042724609, 1555.75878906, 633.983764648, 864.659057617, 442.670715332, 676.306945801, 981.901611328, 4790.11865234, 1022.99572754, 1861.02868652, 226.307952881, 74.7135467529, 53.1494865417, 52.5239028931, 49.9709320068, 58.9882011414, 125.682044983, 26.2854061127, 8.56386566162, 2.26388764381, 0.719532728195, 0.100877545774, 0.0017865478294, 1.37184656523e-006, 2.7951219117e-009]
    },
    "gfcc": {
        "mean": [-35.5642433167, 128.791015625, -100.986351013, 49.6479263306, -13.1473436356, 18.1157073975, -27.2725582123, 1.80172598362, -29.9435596466, -13.6527557373, -21.5268344879, -4.76970291138, -9.70168781281],
        "cov": [[5920.53076172, -1498.86499023, -251.122940063, 74.0921783447, -692.665588379, 172.827926636, -467.475799561, 297.093933105, -298.750396729, 328.498565674, -230.872817993, 120.470756531, -363.621429443], [-1498.86499023, 1527.10058594, -278.681213379, -1.73456299305, 386.117370605, -233.374298096, 298.679473877, -227.616928101, 203.926864624, -235.080047607, 155.036849976, -86.7912445068, 206.504211426], [-251.122940063, -278.681213379, 615.602172852, -82.8756408691, -26.233373642, 184.181838989, -66.9541244507, 28.7372207642, -44.8003997803, 47.2929191589, -50.7019996643, 15.0812768936, -29.1253223419], [74.0921783447, -1.73456299305, -82.8756408691, 232.564910889, 98.4029083252, -21.2612571716, 26.7823066711, -23.7271671295, 18.7142181396, -34.2191810608, 31.7438697815, -14.6259679794, 49.9709815979], [-692.665588379, 386.117370605, -26.233373642, 98.4029083252, 374.934265137, 0.977059066296, 94.831237793, -45.7561416626, 62.3677101135, -104.573348999, 58.5152206421, -33.9672164917, 102.541648865], [172.827926636, -233.374298096, 184.181838989, -21.2612571716, 0.977059066296, 223.427764893, -24.5247249603, 48.8940315247, -16.7789421082, 10.0803766251, -13.1115570068, 3.97257900238, -5.72377300262], [-467.475799561, 298.679473877, -66.9541244507, 26.7823066711, 94.831237793, -24.5247249603, 193.519485474, -19.9932765961, 67.939453125, -45.5566635132, 37.0931777954, -29.248550415, 39.0030174255], [297.093933105, -227.616928101, 28.7372207642, -23.7271671295, -45.7561416626, 48.8940315247, -19.9932765961, 127.829093933, -12.6393318176, 36.4420166016, -13.0391845703, 9.61417484283, -44.9969367981], [-298.750396729, 203.926864624, -44.8003997803, 18.7142181396, 62.3677101135, -16.7789421082, 67.939453125, -12.6393318176, 107.753494263, -16.9317550659, 43.8515129089, -17.8438262939, 27.8453330994], [328.498565674, -235.080047607, 47.2929191589, -34.2191810608, -104.573348999, 10.0803766251, -45.5566635132, 36.4420166016, -16.9317550659, 128.914520264, -27.9510555267, 13.1111946106, -59.2005577087], [-230.872817993, 155.036849976, -50.7019996643, 31.7438697815, 58.5152206421, -13.1115570068, 37.0931777954, -13.0391845703, 43.8515129089, -27.9510555267, 102.528236389, 6.72814846039, 32.0338020325], [120.470756531, -86.7912445068, 15.0812768936, -14.6259679794, -33.9672164917, 3.97257900238, -29.248550415, 9.61417484283, -17.8438262939, 13.1111946106, 6.72814846039, 71.2972869873, -5.67053461075], [-363.621429443, 206.504211426, -29.1253223419, 49.9709815979, 102.541648865, -5.72377300262, 39.0030174255, -44.9969367981, 27.8453330994, -59.2005577087, 32.0338020325, -5.67053461075, 113.790397644]],
        "icov": [[0.000440528325271, -0.00040321511915, 0.000471838924568, -0.000900083512533, 0.000555061677005, -0.000852220691741, 0.000776330474764, -0.000719285337254, 0.000642727594823, -0.000591247982811, 0.000634052150417, -0.000511474674568, 0.000893057323992], [-0.00040321511915, 0.00376988691278, -0.000253914971836, 0.00348357507028, -0.00192732468713, 0.00312164658681, -0.00270576705225, 0.00366795645095, -0.0028772787191, 0.00289422390051, -0.00219879765064, 0.00209678173997, -0.00251976866275], [0.000471838924568, -0.000253914971836, 0.00292179081589, -0.000203351170057, 0.000137848517625, -0.00270731654018, 0.00104932871182, -5.51649500267e-005, 0.000818689819425, -0.00119396869559, 0.00121326791123, -0.000724991608877, 0.000964646576904], [-0.000900083512533, 0.00348357507028, -0.000203351170057, 0.00919756479561, -0.00327693717554, 0.00354237994179, -0.00289101293311, 0.00389412045479, -0.00259874830954, 0.0026561608538, -0.00332951685414, 0.00303740962408, -0.00452082557604], [0.000555061677005, -0.00192732468713, 0.000137848517625, -0.00327693717554, 0.00585815869272, -0.00219501764514, 0.00104392017238, -0.00222119875252, 0.000916460237931, 0.000297534483252, 0.00071975128958, -0.000250790762948, -0.000164477649378], [-0.000852220691741, 0.00312164658681, -0.00270731654018, 0.00354237994179, -0.00219501764514, 0.00986687745899, -0.00262561137788, 0.000896284065675, -0.00252773496322, 0.00319165899418, -0.00252057122998, 0.00246221246198, -0.00379692926072], [0.000776330474764, -0.00270576705225, 0.00104932871182, -0.00289101293311, 0.00104392017238, -0.00262561137788, 0.0100578088313, -0.00320385745727, -0.00101836351678, -0.00126751489006, 0.00167773826979, -0.000220101646846, 0.00224865879864], [-0.000719285337254, 0.00366795645095, -5.51649500267e-005, 0.00389412045479, -0.00222119875252, 0.000896284065675, -0.00320385745727, 0.0141399782151, -0.00315778655931, 0.00170812243596, -0.00248142029159, 0.00132991373539, 0.000483324198285], [0.000642727594823, -0.0028772787191, 0.000818689819425, -0.00259874830954, 0.000916460237931, -0.00252773496322, -0.00101836351678, -0.00315778655931, 0.0168545693159, -0.00427636550739, -0.00266565638594, 0.000642842787784, 0.00120681023691], [-0.000591247982811, 0.00289422390051, -0.00119396869559, 0.0026561608538, 0.000297534483252, 0.00319165899418, -0.00126751489006, 0.00170812243596, -0.00427636550739, 0.0144703323022, -0.000892188749276, 0.000986677827314, 0.00126367446501], [0.000634052150417, -0.00219879765064, 0.00121326791123, -0.00332951685414, 0.00071975128958, -0.00252057122998, 0.00167773826979, -0.00248142029159, -0.00266565638594, -0.000892188749276, 0.0153767671436, -0.00505085382611, 0.00106509693433], [-0.000511474674568, 0.00209678173997, -0.000724991608877, 0.00303740962408, -0.000250790762948, 0.00246221246198, -0.000220101646846, 0.00132991373539, 0.000642842787784, 0.000986677827314, -0.00505085382611, 0.0178831443191, -0.00333879049867], [0.000893057323992, -0.00251976866275, 0.000964646576904, -0.00452082557604, -0.000164477649378, -0.00379692926072, 0.00224865879864, 0.000483324198285, 0.00120681023691, 0.00126367446501, 0.00106509693433, -0.00333879049867, 0.0177204255015]]
    },
    "melbands": {
        "mean": [0.00316294538788, 0.00938820559531, 0.00372084183618, 0.0019424718339, 0.000443524855655, 7.7945405792e-005, 5.14980711159e-005, 7.47079466237e-005, 3.86147112295e-005, 6.55126568745e-005, 6.0818685597e-005, 2.44620277954e-005, 6.16829929641e-005, 3.55718657374e-005, 2.89238087134e-005, 3.20265680784e-005, 2.00366757781e-005, 2.83211975329e-005, 1.98592333618e-005, 2.08408564504e-005, 1.6970678189e-005, 1.85528533621e-005, 2.62939065578e-005, 1.46811007653e-005, 8.24012295197e-006, 1.43679226312e-005, 5.06415244672e-006, 3.21926518154e-006, 2.10681810131e-006, 1.84002328751e-006, 1.10731821223e-006, 1.1430701079e-006, 9.12625807814e-007, 9.66804577729e-007, 9.87581188383e-007, 1.04632056264e-006, 9.48645663357e-007, 8.37260415665e-007, 7.62169236168e-007, 5.402243346e-007],
        "var": [8.14865325083e-006, 7.35795838409e-005, 1.49348834384e-005, 5.3350795497e-006, 8.320176903e-007, 3.42416086596e-008, 2.95936750661e-008, 9.3244260313e-008, 1.73670162695e-008, 5.80863677158e-008, 6.7216696209e-008, 4.28901136829e-009, 2.27466827596e-008, 4.76766359725e-009, 1.3824185352e-008, 9.9986179336e-009, 2.09132822171e-009, 2.36324293468e-009, 1.08971631718e-009, 1.54281876164e-009, 9.09197273025e-010, 9.6730812249e-010, 4.26876534121e-009, 1.66856783945e-009, 6.86166512498e-010, 2.15090101285e-009, 2.37891178978e-010, 8.48378797769e-011, 2.82018280257e-011, 3.17757452295e-011, 1.42719846358e-011, 2.04356410266e-011, 1.35004698393e-011, 1.37936918831e-011, 1.58369446029e-011, 5.20389946412e-011, 4.35444284796e-011, 1.43124878269e-011, 1.22102631825e-011, 4.32804139749e-012]
    },
    "mfcc": {
        "mean": [-685.975219727, 158.44178772, -8.43421459198, 47.0266151428, 31.3395252228, 24.3545970917, 16.3112602234, 17.2270774841, 4.27207803726, -1.4015032053, -7.31793165207, -6.12221336365, -5.92609834671],
        "cov": [[4104.16064453, -1529.74597168, 71.7701644897, -228.382369995, -250.920715332, -254.360046387, -163.139572144, -162.781906128, -133.886291504, 66.0179214478, 126.104454041, -35.4051322937, 9.64799499512], [-1529.74597168, 1351.53552246, -295.129638672, 199.757293701, 26.3776721954, 102.56451416, 21.6109733582, 95.9484939575, 56.0797576904, -64.4177246094, -16.7739944458, 24.8771076202, 3.2815246582], [71.7701644897, -295.129638672, 537.049133301, -200.326385498, 37.899055481, 31.0091133118, 20.603351593, -28.5505828857, -9.67804908752, 38.7497329712, -2.55999517441, -9.16853618622, 0.938873529434], [-228.382369995, 199.757293701, -200.326385498, 299.704315186, 11.6185483932, 26.1951942444, 5.95694875717, 13.0671777725, 19.1053543091, -29.9795055389, -18.6151046753, 8.86864089966, 3.54226183891], [-250.920715332, 26.3776721954, 37.899055481, 11.6185483932, 284.673126221, 57.321182251, 65.8313064575, 43.2988014221, 18.5622196198, 2.20108032227, -71.5687332153, 9.9631319046, 4.50737142563], [-254.360046387, 102.56451416, 31.0091133118, 26.1951942444, 57.321182251, 139.692230225, 35.3614501953, 15.4999017715, 26.5740756989, 5.02590990067, -25.24842453, 3.62979435921, -3.51177597046], [-163.139572144, 21.6109733582, 20.603351593, 5.95694875717, 65.8313064575, 35.3614501953, 116.074668884, 38.865322113, 31.084230423, 11.6483354568, -22.4186515808, 13.6172637939, -4.76705884933], [-162.781906128, 95.9484939575, -28.5505828857, 13.0671777725, 43.2988014221, 15.4999017715, 38.865322113, 123.230667114, 12.4819393158, 6.42472267151, -10.7661113739, 9.19431495667, 12.4074172974], [-133.886291504, 56.0797576904, -9.67804908752, 19.1053543091, 18.5622196198, 26.5740756989, 31.084230423, 12.4819393158, 98.8433761597, 9.92643547058, -11.746462822, 4.57523107529, -10.4253988266], [66.0179214478, -64.4177246094, 38.7497329712, -29.9795055389, 2.20108032227, 5.02590990067, 11.6483354568, 6.42472267151, 9.92643547058, 92.2237625122, 23.7295417786, 7.67758464813, -0.0950477272272], [126.104454041, -16.7739944458, -2.55999517441, -18.6151046753, -71.5687332153, -25.24842453, -22.4186515808, -10.7661113739, -11.746462822, 23.7295417786, 116.612968445, 8.63874530792, 0.870247721672], [-35.4051322937, 24.8771076202, -9.16853618622, 8.86864089966, 9.9631319046, 3.62979435921, 13.6172637939, 9.19431495667, 4.57523107529, 7.67758464813, 8.63874530792, 62.3316230774, 2.80708813667], [9.64799499512, 3.2815246582, 0.938873529434, 3.54226183891, 4.50737142563, -3.51177597046, -4.76705884933, 12.4074172974, -10.4253988266, -0.0950477272272, 0.870247721672, 2.80708813667, 80.2642211914]],
        "icov": [[0.000512624392286, 0.000581338943448, 0.000271173805231, 0.000124058540678, 0.000178404559847, 0.000202630661079, 0.000295637350064, 6.99726078892e-005, 0.00015250366414, -5.63219473406e-005, -0.000200450114789, -7.31906857254e-006, -6.62733291392e-005], [0.000581338943448, 0.00166961690411, 0.000721179880202, -8.62305605551e-005, 0.000250871904427, -0.000543470436241, 0.000532128324267, -0.000565307447687, -0.000170233033714, 0.000560276035685, -0.000411733606597, -0.000255431426922, -6.96958377375e-005], [0.000271173805231, 0.000721179880202, 0.00302459602244, 0.00176873605233, -0.000158035079949, -0.00102946348488, -0.000235793209868, 0.000578014121857, 0.000209078309126, -0.000355400552507, -6.90548040438e-005, 0.000162105206982, -0.000293225573841], [0.000124058540678, -8.62305605551e-005, 0.00176873605233, 0.0048691034317, -5.84573826927e-005, -0.00091509957565, -6.98360308888e-005, 0.000377429038053, -0.000378124415874, 0.000718947034329, 0.000304401939502, -0.000391206936911, -0.000384090089938], [0.000178404559847, 0.000250871904427, -0.000158035079949, -5.84573826927e-005, 0.00497066648677, -0.00097228307277, -0.00152225571219, -0.000865112931933, 0.000334868382197, -0.000333824573318, 0.0024462135043, -0.000601865060162, -0.000268001167569], [0.000202630661079, -0.000543470436241, -0.00102946348488, -0.00091509957565, -0.00097228307277, 0.00940407905728, -0.00127297244035, 0.00029790631379, -0.00113107752986, -0.000839674845338, 0.000795223691966, 0.000218563698581, 0.000230514342547], [0.000295637350064, 0.000532128324267, -0.000235793209868, -6.98360308888e-005, -0.00152225571219, -0.00127297244035, 0.0123065384105, -0.00285956636071, -0.0024543676991, -0.000764915545005, 0.000673426082358, -0.00187753071077, 0.0008899475215], [6.99726078892e-005, -0.000565307447687, 0.000578014121857, 0.000377429038053, -0.000865112931933, 0.00029790631379, -0.00285956636071, 0.010147630237, 3.32230774802e-005, -0.000903237028979, 5.68723662582e-005, -0.000278222054476, -0.0016732198419], [0.00015250366414, -0.000170233033714, 0.000209078309126, -0.000378124415874, 0.000334868382197, -0.00113107752986, -0.0024543676991, 3.32230774802e-005, 0.0119103984907, -0.00154725636821, 0.000756221881602, -6.52928938507e-005, 0.00132294767536], [-5.63219473406e-005, 0.000560276035685, -0.000355400552507, 0.000718947034329, -0.000333824573318, -0.000839674845338, -0.000764915545005, -0.000903237028979, -0.00154725636821, 0.0129164336249, -0.00307409092784, -0.00105517962947, -8.29474229249e-005], [-0.000200450114789, -0.000411733606597, -6.90548040438e-005, 0.000304401939502, 0.0024462135043, 0.000795223691966, 0.000673426082358, 5.68723662582e-005, 0.000756221881602, -0.00307409092784, 0.0114274751395, -0.00185611913912, -7.4730628512e-006], [-7.31906857254e-006, -0.000255431426922, 0.000162105206982, -0.000391206936911, -0.000601865060162, 0.000218563698581, -0.00187753071077, -0.000278222054476, -6.52928938507e-005, -0.00105517962947, -0.00185611913912, 0.0171737223864, -0.000588673166931], [-6.62733291392e-005, -6.96958377375e-005, -0.000293225573841, -0.000384090089938, -0.000268001167569, 0.000230514342547, 0.0008899475215, -0.0016732198419, 0.00132294767536, -8.29474229249e-005, -7.4730628512e-006, -0.000588673166931, 0.013019095175]]
    },
    "spectral_contrast_coeffs": {
        "mean": [-0.585977375507, -0.755478441715, -0.781991839409, -0.791974008083, -0.77320420742, -0.734692156315],
        "var": [0.00560720870271, 0.00595677038655, 0.00331641081721, 0.00239694723859, 0.00249191303737, 0.00342543865554]
    },
    "spectral_contrast_valleys": {
        "mean": [-6.56857824326, -7.70976114273, -7.61680555344, -7.75935649872, -8.03576564789, -11.6130743027],
        "var": [0.941250026226, 0.922559082508, 0.791998803616, 0.876053333282, 1.06003642082, 1.93858480453]
    }
},
"metadata": {
    "audio_properties": {
        "analysis_sample_rate": 44100,
        "bit_rate": 114201,
        "equal_loudness": 0,
        "length": 45.0612258911,
        "lossless": 0,
        "replay_gain": -6.08743476868,
        "sample_rate": 44100,
        "codec": "mp3",
        "downmix": "mix",
        "md5_encoded": "acdadf51eed48b2592b1271cb3f909a6"
    },
    "tags": {
        "file_name": "529.mp3"
    },
    "version": {
        "essentia": "2.1-beta2",
        "essentia_git_sha": "v2.1_beta2",
        "extractor": "music 1.0"
    }
},
"rhythm": {
    "beats_count": 76,
    "beats_loudness": {
        "mean": 0.0618424341083,
        "var": 0.00108379963785
    },
    "bpm": 101.987426758,
    "bpm_histogram_first_peak_bpm": {
        "mean": 101,
        "var": 0
    },
    "bpm_histogram_first_peak_spread": {
        "mean": 0.567567586899,
        "var": 0
    },
    "bpm_histogram_first_peak_weight": {
        "mean": 0.426666676998,
        "var": 0
    },
    "bpm_histogram_second_peak_bpm": {
        "mean": 96,
        "var": 0
    },
    "bpm_histogram_second_peak_spread": {
        "mean": 0,
        "var": 0
    },
    "bpm_histogram_second_peak_weight": {
        "mean": 0.0133333336562,
        "var": 0
    },
    "danceability": 1.18860757351,
    "onset_rate": 5.12404823303,
    "beats_loudness_band_ratio": {
        "mean": [0.763184249401, 0.137081429362, 0.0361006632447, 0.0368570610881, 0.0380248352885, 0.0272790640593],
        "var": [0.046100474894, 0.0222123414278, 0.00665795709938, 0.00222694082186, 0.00091608974617, 0.00150122609921]
    },
    "beats_position": [0.615328788757, 1.24226760864, 1.83437633514, 2.41487526894, 3.00698399544, 3.59909296036, 4.17959165573, 4.77170038223, 5.36380958557, 5.9675283432, 6.57124710083, 7.1517457962, 7.72063493729, 8.3011341095, 8.893242836, 9.4853515625, 10.077460289, 10.6695690155, 11.261677742, 11.8537864685, 12.4226751328, 13.0031747818, 13.5836734772, 14.1873922348, 14.7911109924, 15.3948297501, 15.9869384766, 16.5558280945, 17.1363258362, 17.7168254852, 18.3089332581, 18.9010429382, 19.5047607422, 20.0968704224, 20.6889801025, 21.2694778442, 21.8383674622, 22.4188652039, 23.010974884, 23.614692688, 24.2184123993, 24.8105201721, 25.4026298523, 26.0063495636, 26.6100673676, 27.2021770477, 27.8058948517, 28.409614563, 29.0017223358, 29.593832016, 30.1859397888, 30.778049469, 31.3469390869, 31.9274368286, 32.5079345703, 33.111656189, 33.6921539307, 34.2726516724, 34.8415412903, 35.4104309082, 35.9793205261, 36.5482063293, 37.1287078857, 37.7208137512, 38.3129234314, 38.8934249878, 39.4739227295, 40.0544204712, 40.6465301514, 41.2386398315, 41.8191375732, 42.4112472534, 43.0033569336, 43.5954627991, 44.1875724792, 44.7912902832]
},
"tonal": {
    "chords_changes_rate": 0.0195473246276,
    "chords_number_rate": 0.00308641977608,
    "chords_strength": {
        "mean": 0.579884231091,
        "var": 0.00496893841773
    },
    "hpcp_entropy": {
        "mean": 2.16505050659,
        "var": 0.565663635731
    },
    "key_strength": 0.627277910709,
    "tuning_diatonic_strength": 0.699938237667,
    "tuning_equal_tempered_deviation": 0.214967340231,
    "tuning_frequency": 435.197479248,
    "tuning_nontempered_energy_ratio": 0.923433899879,
    "hpcp": {
        "mean": [0.104059077799, 0.10112336278, 0.0723043307662, 0.0770971700549, 0.102000452578, 0.0836540684104, 0.0487283430994, 0.0419416464865, 0.0548787899315, 0.100680485368, 0.107123687863, 0.0501525178552, 0.0168854948133, 0.0110697457567, 0.00956561416388, 0.0130697628483, 0.0190605334938, 0.0223104711622, 0.0231938678771, 0.0269612073898, 0.037336923182, 0.0512188784778, 0.0831748098135, 0.215618804097, 0.418654322624, 0.426132053137, 0.275544315577, 0.168226674199, 0.121143870056, 0.117780424654, 0.103142477572, 0.0763808190823, 0.0636356472969, 0.0630491226912, 0.062995865941, 0.0769609287381],
        "var": [0.0428881943226, 0.0405273139477, 0.0314221791923, 0.0394788011909, 0.0640076547861, 0.0486836470664, 0.0235985890031, 0.0199765320867, 0.0187377240509, 0.0278979521245, 0.0316555611789, 0.0116219110787, 0.00319782039151, 0.00260332366452, 0.00275310361758, 0.00192492280621, 0.00575750181451, 0.00588866649196, 0.00670704990625, 0.00970858056098, 0.0161522421986, 0.0213275328279, 0.0352291427553, 0.0819207057357, 0.140743002295, 0.142745897174, 0.112561039627, 0.0858659222722, 0.0647447481751, 0.0717766880989, 0.059779021889, 0.0412176772952, 0.0364556610584, 0.0361348949373, 0.0312402453274, 0.0339656807482]
    },
    "chords_histogram": [0, 0, 7.40740728378, 0, 0, 0, 0, 2.77777767181, 0, 89.0946502686, 0, 0.617283940315, 0, 0, 0.102880656719, 0, 0, 0, 0, 0, 0, 0, 0, 0],
    "thpcp": [1, 0.646617174149, 0.394775927067, 0.284287154675, 0.276394188404, 0.242043465376, 0.179242134094, 0.149333164096, 0.147956773639, 0.1478317976, 0.180603474379, 0.244194433093, 0.237305223942, 0.169675886631, 0.180923193693, 0.239363476634, 0.196310192347, 0.11435033381, 0.0984240621328, 0.128783524036, 0.236265927553, 0.251386135817, 0.117692433298, 0.0396250300109, 0.0259772669524, 0.0224475357682, 0.0306706875563, 0.0447291694582, 0.0523557700217, 0.0544288270175, 0.0632696077228, 0.0876182019711, 0.120194852352, 0.195185527205, 0.505990564823, 0.982452094555],
    "chords_key": "F",
    "chords_scale": "major",
    "key_key": "A#",
    "key_scale": "minor"
}
}