{
"lowlevel": {
    "average_loudness": 0.963940560818,
    "barkbands_crest": {
        "mean": 7.86966514587,
        "var": 7.03368997574
    },
    "barkbands_flatness_db": {
        "mean": 0.151924237609,
        "var": 0.000890933151823
    },
    "barkbands_kurtosis": {
        "mean": 1.65747106075,
        "var": 4.15703439713
    },
    "barkbands_skewness": {
        "mean": 1.14200437069,
        "var": 0.385705918074
    },
    "barkbands_spread": {
        "mean": 17.5530319214,
        "var": 26.0674972534
    },
    "dissonance": {
        "mean": 0.447586268187,
        "var": 0.000783329363912
    },
    "dynamic_complexity": 1.47097420692,
    "erbbands_crest": {
        "mean": 11.3717718124,
        "var": 22.444562912
    },
    "erbbands_flatness_db": {
        "mean": 0.189460098743,
        "var": 0.000790395482909
    },
    "erbbands_kurtosis": {
        "mean": 0.592823624611,
        "var": 2.23078155518
    },
    "erbbands_skewness": {
        "mean": 0.469345539808,
        "var": 0.232478365302
    },
    "erbbands_spread": {
        "mean": 28.576084137,
        "var": 87.8104400635
    },
    "hfc": {
        "mean": 23.0189876556,
        "var": 155.434295654
    },
    "melbands_crest": {
        "mean": 13.5962362289,
        "var": 26.0072383881
    },
    "melbands_flatness_db": {
        "mean": 0.197789251804,
        "var": 0.00156292319298
    },
    "melbands_kurtosis": {
        "mean": 5.24532032013,
        "var": 23.7273654938
    },
    "melbands_skewness": {
        "mean": 1.77967178822,
        "var": 0.707507908344
    },
    "melbands_spread": {
        "mean": 21.2964267731,
        "var": 78.5446243286
    },
    "pitch_salience": {
        "mean": 0.505962610245,
        "var": 0.00703037716448
    },
    "silence_rate_20dB": {
        "mean": 1,
        "var": 0
    },
    "silence_rate_30dB": {
        "mean": 0.99330586195,
        "var": 0.00664932653308
    },
    "silence_rate_60dB": {
        "mean": 0.00257466523908,
        "var": 0.00256808288395
    },
    "spectral_centroid": {
        "mean": 1187.69006348,
        "var": 249159.90625
    },
    "spectral_complexity": {
        "mean": 21.4387226105,
        "var": 24.5800247192
    },
    "spectral_decrease": {
        "mean": -8.9707530293e-009,
        "var": 2.52873480771e-017
    },
    "spectral_energy": {
        "mean": 0.0359455272555,
        "var": 0.000392932735849
    },
    "spectral_energyband_high": {
        "mean": 0.000522882502992,
        "var": 2.25676075161e-007
    },
    "spectral_energyband_low": {
        "mean": 0.0107634626329,
        "var": 0.000128494095406
    },
    "spectral_energyband_middle_high": {
        "mean": 0.00837210100144,
        "var": 4.78465226479e-005
    },
    "spectral_energyband_middle_low": {
        "mean": 0.0176425501704,
        "var": 0.000116996212455
    },
    "spectral_entropy": {
        "mean": 7.29904985428,
        "var": 0.0589671097696
    },
    "spectral_flux": {
        "mean": 0.0760293975472,
        "var": 0.00110630015843
    },
    "spectral_kurtosis": {
        "mean": 4.20891237259,
        "var": 5.25774288177
    },
    "spectral_rms": {
        "mean": 0.005707829725,
        "var": 2.48949982051e-006
    },
    "spectral_rolloff": {
        "mean": 1144.94116211,
        "var": 820930.8125
    },
    "spectral_skewness": {
        "mean": 1.41835975647,
        "var": 0.0897215083241
    },
    "spectral_spread": {
        "mean": 3461536.75,
        "var": 2.22681130598e+012
    },
    "spectral_strongpeak": {
        "mean": 1.39507424831,
        "var": 1.89568507671
    },
    "zerocrossingrate": {
        "mean": 0.0478538237512,
        "var": 0.00059887644602
    },
    "barkbands": {
        "mean": [3.24973461829e-006, 0.00424777530134, 0.00579533400014, 0.00144419283606, 0.00424496596679, 0.00263007148169, 0.00274199596606, 0.00381500902586, 0.00150096905418, 0.00226571364328, 0.000286083581159, 0.00347984489053, 0.000461798364995, 0.000530996185262, 0.000616711680777, 0.000300598068861, 0.000314768898534, 0.000355289434083, 0.000326230248902, 0.000213288920349, 0.000199396818061, 8.75058176462e-005, 5.13079867233e-005, 2.29625347856e-005, 7.50791696191e-006, 1.92909078578e-006, 1.00504017553e-007],
        "var": [2.8888591172e-011, 2.47050156759e-005, 4.1959592636e-005, 2.45020896728e-006, 2.60895758402e-005, 7.11467828296e-006, 8.73657245393e-006, 2.57721621892e-005, 6.49126604912e-006, 1.3515325918e-005, 3.20126559927e-007, 2.9589746191e-005, 6.20888272351e-007, 5.74891942051e-007, 7.15013300123e-007, 1.73971614004e-007, 1.13168454163e-007, 1.3871606086e-007, 9.77409087e-008, 5.71622180701e-008, 5.29485149059e-008, 6.78739464632e-009, 3.17998849475e-009, 7.73812902644e-010, 3.16402154477e-010, 1.10026727312e-011, 3.59685832551e-013]
    },
    "erbbands": {
        "mean": [0.019262002781, 1.34855258465, 7.46928787231, 4.56652498245, 13.3886499405, 9.36356925964, 19.2421665192, 17.5917129517, 33.991558075, 44.5467033386, 100.025344849, 38.8297386169, 77.8998947144, 43.2128219604, 35.6252059937, 153.884368896, 28.0167179108, 36.5641174316, 15.6591367722, 37.4094467163, 21.2715148926, 15.5401554108, 19.236661911, 18.0386962891, 12.7691926956, 8.81274414063, 10.4371929169, 7.18323755264, 3.40357375145, 2.24973845482, 1.26126992702, 0.683754205704, 0.28608623147, 0.123591162264, 0.0380267128348, 0.0120839038864, 0.00322009273805, 0.000495248648804, 3.14734606945e-005, 4.23570490966e-005],
        "var": [0.000479674024973, 2.48421478271, 73.706451416, 12.4541320801, 458.95980835, 85.4062347412, 765.261535645, 555.177612305, 1180.90698242, 3895.07275391, 19306.6113281, 3461.70166016, 15422.8076172, 6512.78027344, 4877.65087891, 55211.3359375, 1006.88677979, 2673.28857422, 198.068817139, 3272.37670898, 419.629608154, 175.897766113, 321.635681152, 267.700836182, 208.63734436, 79.9161911011, 131.455093384, 106.718482971, 10.1410713196, 5.77186346054, 2.02535772324, 0.626921117306, 0.223317310214, 0.0810990780592, 0.00634772190824, 0.000458670576336, 2.81777392956e-005, 2.23144161282e-006, 2.09627470937e-009, 5.16586717847e-010]
    },
    "gfcc": {
        "mean": [12.8873710632, 126.102020264, -146.298461914, 35.2976799011, -67.0416641235, 6.03475999832, -27.8440322876, -1.95441675186, -18.6515579224, -5.33784627914, -13.1354398727, -8.76259231567, -14.6722784042],
        "cov": [[3656.82910156, 52.6476554871, -233.402023315, 93.6525421143, -174.321975708, 92.7531738281, -70.3201522827, 85.6418762207, -108.226081848, 23.8743400574, -102.442901611, -8.85860347748, -103.773445129], [52.6476554871, 546.343322754, -2.5593290329, 71.0769042969, 93.7972106934, 14.4723453522, 164.89491272, -30.5963478088, 146.061904907, -72.6260147095, 73.1257400513, -46.5331192017, 58.5249710083], [-233.402023315, -2.5593290329, 245.71572876, 60.5700759888, 80.2722473145, 34.6641120911, 25.9341087341, 42.5234870911, 17.9146404266, 21.3221340179, -8.08693122864, 13.3190898895, -12.2899980545], [93.6525421143, 71.0769042969, 60.5700759888, 152.117126465, 72.8451843262, 32.2156181335, 30.033323288, 1.39976644516, 38.1418418884, 12.5061750412, 15.6950588226, -9.59520053864, 10.3854522705], [-174.321975708, 93.7972106934, 80.2722473145, 72.8451843262, 173.612564087, 82.4714050293, 70.9219970703, -1.55775117874, 21.2384700775, 15.7049064636, 29.1718788147, 1.79975247383, 16.3197307587], [92.7531738281, 14.4723453522, 34.6641120911, 32.2156181335, 82.4714050293, 132.320327759, 64.1460571289, 15.5415735245, -11.6950187683, 8.42653083801, 18.5269203186, -0.120484046638, 7.08466053009], [-70.3201522827, 164.89491272, 25.9341087341, 30.033323288, 70.9219970703, 64.1460571289, 170.913833618, 30.6496219635, 58.2561340332, -19.0688667297, 31.7328166962, -14.7618331909, 4.01135158539], [85.6418762207, -30.5963478088, 42.5234870911, 1.39976644516, -1.55775117874, 15.5415735245, 30.6496219635, 91.1565704346, 30.7146968842, 13.5414819717, -18.7681369781, -3.44889044762, -13.1240949631], [-108.226081848, 146.061904907, 17.9146404266, 38.1418418884, 21.2384700775, -11.6950187683, 58.2561340332, 30.7146968842, 135.700180054, 3.62809681892, 4.58661413193, -26.0126838684, 5.78453636169], [23.8743400574, -72.6260147095, 21.3221340179, 12.5061750412, 15.7049064636, 8.42653083801, -19.0688667297, 13.5414819717, 3.62809681892, 74.0359191895, 5.36629533768, 5.02851200104, -15.0568790436], [-102.442901611, 73.1257400513, -8.08693122864, 15.6950588226, 29.1718788147, 18.5269203186, 31.7328166962, -18.7681369781, 4.58661413193, 5.36629533768, 78.7284698486, 9.58780479431, 4.37863636017], [-8.85860347748, -46.5331192017, 13.3190898895, -9.59520053864, 1.79975247383, -0.120484046638, -14.7618331909, -3.44889044762, -26.0126838684, 5.02851200104, 9.58780479431, 60.4546470642, 8.74221992493], [-103.773445129, 58.5249710083, -12.2899980545, 10.3854522705, 16.3197307587, 7.08466053009, 4.01135158539, -13.1240949631, 5.78453636169, -15.0568790436, 4.37863636017, 8.74221992493, 84.7222595215]],
        "icov": [[0.000774719985202, -0.0018681717338, 0.00120942899957, -0.00149730721023, 0.00158834527247, -0.00169989839196, 0.0010543060489, -0.00176020211075, 0.00208851671778, -0.00155198515859, 0.00217857467942, -0.00128780899104, 0.00171390268952], [-0.0018681717338, 0.0105151403695, -0.00309804780409, 0.00337350391783, -0.00536728044972, 0.00557917216793, -0.00558132724836, 0.00699428003281, -0.00977185834199, 0.00845383666456, -0.00893621705472, 0.00568789057434, -0.00645531946793], [0.00120942899957, -0.00309804780409, 0.00780399981886, -0.0038378436584, -0.000293042685371, -0.00221324409358, 0.00211718538776, -0.00550764286891, 0.00353155238554, -0.00260295253247, 0.00470864027739, -0.00391341093928, 0.00396884186193], [-0.00149730721023, 0.00337350391783, -0.0038378436584, 0.0121744275093, -0.00565326493233, 0.00249750330113, -0.00108817231376, 0.00426051113755, -0.00612695608288, 0.00229757744819, -0.00499009294435, 0.00383845926262, -0.00393336638808], [0.00158834527247, -0.00536728044972, -0.000293042685371, -0.00565326493233, 0.0160411577672, -0.0089779952541, 0.000119602729683, -0.00072359747719, 0.00470257317647, -0.00676295859739, 0.00460224086419, -0.00374014046974, 0.00247178110294], [-0.00169989839196, 0.00557917216793, -0.00221324409358, 0.00249750330113, -0.0089779952541, 0.0178485512733, -0.00714103458449, 0.00166142021772, -0.000887449306902, 0.00306120119058, -0.00615198956802, 0.0046877306886, -0.00529216928408], [0.0010543060489, -0.00558132724836, 0.00211718538776, -0.00108817231376, 0.000119602729683, -0.00714103458449, 0.0147935533896, -0.00723304692656, 0.000891384435818, 0.00064314721385, 0.000841062923428, -0.0020621009171, 0.00456338282675], [-0.00176020211075, 0.00699428003281, -0.00550764286891, 0.00426051113755, -0.00072359747719, 0.00166142021772, -0.00723304692656, 0.0219783317298, -0.0103287314996, 0.00208358559757, -0.00183892052155, 0.00273302267306, -0.00367272668518], [0.00208851671778, -0.00977185834199, 0.00353155238554, -0.00612695608288, 0.00470257317647, -0.000887449306902, 0.000891384435818, -0.0103287314996, 0.0214527659118, -0.00963421259075, 0.0083475690335, -0.00144190108404, 0.00463838968426], [-0.00155198515859, 0.00845383666456, -0.00260295253247, 0.00229757744819, -0.00676295859739, 0.00306120119058, 0.00064314721385, 0.00208358559757, -0.00963421259075, 0.0240965932608, -0.00996219366789, 0.00341450609267, -0.0019581662491], [0.00217857467942, -0.00893621705472, 0.00470864027739, -0.00499009294435, 0.00460224086419, -0.00615198956802, 0.000841062923428, -0.00183892052155, 0.0083475690335, -0.00996219366789, 0.0251934193075, -0.00898479949683, 0.00672410009429], [-0.00128780899104, 0.00568789057434, -0.00391341093928, 0.00383845926262, -0.00374014046974, 0.0046877306886, -0.0020621009171, 0.00273302267306, -0.00144190108404, 0.00341450609267, -0.00898479949683, 0.0235008131713, -0.00695061916485], [0.00171390268952, -0.00645531946793, 0.00396884186193, -0.00393336638808, 0.00247178110294, -0.00529216928408, 0.00456338282675, -0.00367272668518, 0.00463838968426, -0.0019581662491, 0.00672410009429, -0.00695061916485, 0.0183061249554]]
    },
    "melbands": {
        "mean": [0.000612136325799, 0.00321097997949, 0.00108938978519, 0.000866971327923, 0.000572495802771, 0.000438525632489, 0.000540067558177, 0.000469516904559, 0.000760319991969, 0.000228922159295, 0.000385815481422, 0.000173869208083, 6.45000036457e-005, 0.000397951400373, 0.000177937559783, 5.5608285038e-005, 6.72770329402e-005, 2.09044646908e-005, 3.90701643482e-005, 4.03147023462e-005, 2.36793421209e-005, 1.70425282704e-005, 1.49219467858e-005, 1.95850316231e-005, 1.38870846058e-005, 1.08431222543e-005, 5.06858259541e-006, 6.33544595985e-006, 7.32599210096e-006, 5.41693043488e-006, 3.76007369596e-006, 1.88068042917e-006, 1.50031326029e-006, 1.14965769171e-006, 7.5584972592e-007, 5.84654515023e-007, 3.20661087017e-007, 2.15288196159e-007, 1.44607611219e-007, 8.60514361989e-008],
        "var": [5.07409481543e-007, 1.36198123073e-005, 1.19757135053e-006, 1.56815337959e-006, 6.03452235737e-007, 2.72397045364e-007, 2.73989542166e-007, 3.53354209892e-007, 1.17331569527e-006, 1.63660203611e-007, 3.88042366239e-007, 1.23195448509e-007, 1.69999623267e-008, 4.59052017732e-007, 6.34755110696e-008, 9.22045995111e-009, 8.40817460102e-009, 4.27930552105e-010, 3.04349123681e-009, 3.12080961073e-009, 5.9542915043e-010, 3.14720582928e-010, 1.65295888088e-010, 7.00915381291e-010, 1.99274485801e-010, 1.63432059552e-010, 3.8751942627e-011, 5.08557293499e-011, 9.5388710819e-011, 4.14621809108e-011, 4.70299771349e-011, 3.43645207776e-012, 2.37438541051e-012, 1.86223107247e-012, 8.53848567371e-013, 6.04084816024e-013, 1.4098986735e-013, 1.85357669968e-013, 8.31780933193e-014, 4.51254871415e-014]
    },
    "mfcc": {
        "mean": [-615.373046875, 142.528579712, -17.4827957153, 28.1854705811, -13.4069700241, 8.59097385406, -5.83449077606, 4.00591039658, -4.19809293747, 0.93578761816, -0.465054243803, 6.72699689865, -2.72164750099],
        "cov": [[1426.01538086, -51.4259338379, 49.1265182495, -15.6387014389, -18.6095104218, -4.1185297966, 40.9445419312, 27.5146465302, 27.6935710907, 30.7470703125, 1.58770561218, -8.92532157898, 13.2365512848], [-51.4259338379, 438.781646729, 1.02274537086, 65.9805984497, -11.172911644, 70.3422317505, 17.1915798187, 98.2192306519, 29.3090705872, 51.777053833, 35.6620979309, 27.1037521362, -14.5803728104], [49.1265182495, 1.02274537086, 141.029586792, 41.048374176, 28.2689743042, 2.83556389809, 7.0998916626, 25.1172599792, 15.4737052917, 28.8159484863, 8.33875846863, 3.06177377701, 4.07951021194], [-15.6387014389, 65.9805984497, 41.048374176, 145.699111938, 40.8185195923, 39.567150116, -4.12071800232, 21.5163192749, 15.2518863678, 34.5383415222, 14.5663442612, 20.389995575, 12.3253612518], [-18.6095104218, -11.172911644, 28.2689743042, 40.8185195923, 130.74710083, 54.2460365295, 35.7783241272, -14.2933416367, 14.3130426407, 3.12844896317, 1.63884341717, 1.433598876, 19.5980930328], [-4.1185297966, 70.3422317505, 2.83556389809, 39.567150116, 54.2460365295, 136.516265869, 67.947479248, 32.3841743469, 13.6431484222, 21.781791687, 9.99595546722, 20.6683139801, 17.3053951263], [40.9445419312, 17.1915798187, 7.0998916626, -4.12071800232, 35.7783241272, 67.947479248, 145.824752808, 34.0217475891, 8.35902023315, -2.43124485016, 8.28425788879, 20.1463794708, 14.1628990173], [27.5146465302, 98.2192306519, 25.1172599792, 21.5163192749, -14.2933416367, 32.3841743469, 34.0217475891, 123.453262329, 32.1762657166, 36.8720855713, 14.8853302002, 8.28177547455, 1.2068426609], [27.6935710907, 29.3090705872, 15.4737052917, 15.2518863678, 14.3130426407, 13.6431484222, 8.35902023315, 32.1762657166, 98.6644744873, 42.2947158813, 1.65884125233, -6.20411634445, 1.74674355984], [30.7470703125, 51.777053833, 28.8159484863, 34.5383415222, 3.12844896317, 21.781791687, -2.43124485016, 36.8720855713, 42.2947158813, 101.410629272, 31.8575782776, 10.9195632935, 1.10588395596], [1.58770561218, 35.6620979309, 8.33875846863, 14.5663442612, 1.63884341717, 9.99595546722, 8.28425788879, 14.8853302002, 1.65884125233, 31.8575782776, 83.1728515625, 33.4063796997, -3.84253358841], [-8.92532157898, 27.1037521362, 3.06177377701, 20.389995575, 1.433598876, 20.6683139801, 20.1463794708, 8.28177547455, -6.20411634445, 10.9195632935, 33.4063796997, 83.990852356, 22.425037384], [13.2365512848, -14.5803728104, 4.07951021194, 12.3253612518, 19.5980930328, 17.3053951263, 14.1628990173, 1.2068426609, 1.74674355984, 1.10588395596, -3.84253358841, 22.425037384, 67.4681930542]],
        "icov": [[0.000736159970984, 0.000111170818855, -0.000249863107456, 7.18918381608e-005, 0.000244398077484, 4.3783478759e-005, -0.000277508050203, -3.64147745131e-005, -0.000115551025374, -0.000205149597605, -2.00651629712e-005, 0.000166570491274, -0.000191897590412], [0.000111170818855, 0.00326187093742, 0.000561746826861, -0.000991590786725, 0.00053994928021, -0.00135037803557, 0.000508931872901, -0.00210423208773, -0.000128301369841, -0.00022923463257, -0.000463811098598, -0.000500293099321, 0.00109756481834], [-0.000249863107456, 0.000561746826861, 0.00887454487383, -0.00202475790866, -0.00221484620124, 0.00190095428843, -0.000439964584075, -0.00204053102061, 0.000372689712094, -0.00186765647959, 0.000202708077268, -6.47339329589e-005, 0.000342363433447], [7.18918381608e-005, -0.000991590786725, -0.00202475790866, 0.00983056426048, -0.00253941793926, -0.00175037165172, 0.00226356042549, -0.000482807081426, 0.000230153702432, -0.00160419906024, 0.000316304416629, -0.0017572484212, -0.000559346051887], [0.000244398077484, 0.00053994928021, -0.00221484620124, -0.00253941793926, 0.012173534371, -0.00424528447911, -0.00181958277244, 0.00358578399755, -0.00207033101469, 0.00137166935019, -0.00124350143597, 0.00223123119213, -0.0022441749461], [4.3783478759e-005, -0.00135037803557, 0.00190095428843, -0.00175037165172, -0.00424528447911, 0.0133108310401, -0.00478162011132, -0.00129763328005, 0.000849701697007, -0.00221528741531, 0.00107330607716, -0.000981854973361, -0.000847860821523], [-0.000277508050203, 0.000508931872901, -0.000439964584075, 0.00226356042549, -0.00181958277244, -0.00478162011132, 0.0106605608016, -0.00287371664308, -0.000403348909458, 0.00210730638355, -0.000563951733056, -0.00184697296936, -9.62421909207e-005], [-3.64147745131e-005, -0.00210423208773, -0.00204053102061, -0.000482807081426, 0.00358578399755, -0.00129763328005, -0.00287371664308, 0.0129863992333, -0.00248996214941, -0.00169537670445, -0.000499166315421, 0.000992982415482, -0.000840036023874], [-0.000115551025374, -0.000128301369841, 0.000372689712094, 0.000230153702432, -0.00207033101469, 0.000849701697007, -0.000403348909458, -0.00248996214941, 0.0136251989752, -0.00569146312773, 0.00183738453779, 0.00117071275599, -0.000100926074083], [-0.000205149597605, -0.00022923463257, -0.00186765647959, -0.00160419906024, 0.00137166935019, -0.00221528741531, 0.00210730638355, -0.00169537670445, -0.00569146312773, 0.0162446927279, -0.0053907581605, 0.000414109410485, -0.000409146799939], [-2.00651629712e-005, -0.000463811098598, 0.000202708077268, 0.000316304416629, -0.00124350143597, 0.00107330607716, -0.000563951733056, -0.000499166315421, 0.00183738453779, -0.0053907581605, 0.0171271134168, -0.00686351861805, 0.00334441591986], [0.000166570491274, -0.000500293099321, -6.47339329589e-005, -0.0017572484212, 0.00223123119213, -0.000981854973361, -0.00184697296936, 0.000992982415482, 0.00117071275599, 0.000414109410485, -0.00686351861805, 0.0174456443638, -0.0060687600635], [-0.000191897590412, 0.00109756481834, 0.000342363433447, -0.000559346051887, -0.0022441749461, -0.000847860821523, -9.62421909207e-005, -0.000840036023874, -0.000100926074083, -0.000409146799939, 0.00334441591986, -0.0060687600635, 0.0182996354997]]
    },
    "spectral_contrast_coeffs": {
        "mean": [-0.595756173134, -0.6717466712, -0.667316138744, -0.722563028336, -0.739944219589, -0.657679021358],
        "var": [0.00407276768237, 0.0040550972335, 0.00455992808565, 0.00197241525166, 0.00140770198777, 0.0011801214423]
    },
    "spectral_contrast_valleys": {
        "mean": [-7.26317691803, -6.45357704163, -7.30945110321, -7.77273130417, -7.6826376915, -11.2690591812],
        "var": [1.10423707962, 1.01233553886, 1.03440594673, 0.832310914993, 0.833532631397, 0.736411988735]
    }
},
"metadata": {
    "audio_properties": {
        "analysis_sample_rate": 44100,
        "bit_rate": 106058,
        "equal_loudness": 0,
        "length": 45.0612258911,
        "lossless": 0,
        "replay_gain": -8.09866523743,
        "sample_rate": 44100,
        "codec": "mp3",
        "downmix": "mix",
        "md5_encoded": "99e5960962726ad6feb88928631a2ad3"
    },
    "tags": {
        "file_name": "535.mp3"
    },
    "version": {
        "essentia": "2.1-beta2",
        "essentia_git_sha": "v2.1_beta2",
        "extractor": "music 1.0"
    }
},
"rhythm": {
    "beats_count": 77,
    "beats_loudness": {
        "mean": 0.0539838112891,
        "var": 0.000427737191785
    },
    "bpm": 103.741210938,
    "bpm_histogram_first_peak_bpm": {
        "mean": 103,
        "var": 0
    },
    "bpm_histogram_first_peak_spread": {
        "mean": 0.253521114588,
        "var": 0
    },
    "bpm_histogram_first_peak_weight": {
        "mean": 0.697368443012,
        "var": 0
    },
    "bpm_histogram_second_peak_bpm": {
        "mean": 108,
        "var": 0
    },
    "bpm_histogram_second_peak_spread": {
        "mean": 0,
        "var": 0
    },
    "bpm_histogram_second_peak_weight": {
        "mean": 0.039473682642,
        "var": 0
    },
    "danceability": 1.19341731071,
    "onset_rate": 3.77094459534,
    "beats_loudness_band_ratio": {
        "mean": [0.387099146843, 0.21247074008, 0.278670310974, 0.151421293616, 0.0502682439983, 0.0300867781043],
        "var": [0.0329212993383, 0.0122702177614, 0.0146638769656, 0.00875098910183, 0.00109348190017, 0.000644244020805]
    },
    "beats_position": [0.592108845711, 1.20743763447, 1.82276642323, 2.42648530006, 3.01859402657, 3.59909296036, 4.17959165573, 4.76009082794, 5.35219955444, 5.92108821869, 6.5015873909, 7.08208608627, 7.66258478165, 8.24308395386, 8.82358264923, 9.4040813446, 9.98458003998, 10.5534696579, 11.1223583221, 11.7028570175, 12.2833557129, 12.8638544083, 13.4559631348, 14.0480718613, 14.6285715103, 15.2090702057, 15.7895689011, 16.3584575653, 16.9273471832, 17.5078449249, 18.088344574, 18.6688423157, 19.2493419647, 19.8298416138, 20.3987293243, 20.9676189423, 21.5248966217, 22.1053962708, 22.6858959198, 23.2663936615, 23.8468933105, 24.40417099, 24.984670639, 25.5651702881, 26.1340579987, 26.7145576477, 27.2950553894, 27.8755550385, 28.4444446564, 29.0133323669, 29.5822219849, 30.1627197266, 30.7432193756, 31.3237190247, 31.9042167664, 32.4847145081, 33.0652160645, 33.6341018677, 34.2029914856, 34.7602729797, 35.3407707214, 35.9212684631, 36.5017662048, 37.0822677612, 37.6627655029, 38.2432632446, 38.823764801, 39.4042625427, 39.9847602844, 40.5652618408, 41.1457595825, 41.7262573242, 42.3067550659, 42.8872566223, 43.467754364, 44.0482521057, 44.6287536621]
},
"tonal": {
    "chords_changes_rate": 0.0123456791043,
    "chords_number_rate": 0.00205761310644,
    "chords_strength": {
        "mean": 0.620157599449,
        "var": 0.00157487369142
    },
    "hpcp_entropy": {
        "mean": 1.56538212299,
        "var": 0.370889782906
    },
    "key_strength": 0.835384905338,
    "tuning_diatonic_strength": 0.670869469643,
    "tuning_equal_tempered_deviation": 0.0530192516744,
    "tuning_frequency": 441.782684326,
    "tuning_nontempered_energy_ratio": 0.651344835758,
    "hpcp": {
        "mean": [0.136829912663, 0.0878233835101, 0.0192695148289, 0.0100696617737, 0.0212923511863, 0.138111278415, 0.19567732513, 0.0800209417939, 0.0132830459625, 0.015164247714, 0.0242752097547, 0.0476619228721, 0.0672208294272, 0.0741670429707, 0.330708652735, 0.589849352837, 0.32037717104, 0.0316057279706, 0.0127135980874, 0.00811588019133, 0.0170954316854, 0.0294873639941, 0.0300537999719, 0.0378400124609, 0.0450429432094, 0.0392951332033, 0.0812751948833, 0.105805955827, 0.154327228665, 0.519389510155, 0.685494720936, 0.346247553825, 0.0975285843015, 0.0454279668629, 0.0295975841582, 0.0759804993868],
        "var": [0.0302618667483, 0.0161157157272, 0.00272003747523, 0.00196017534472, 0.00266852532513, 0.0263061579317, 0.05494626984, 0.0115964030847, 0.000660096178763, 0.00158050050959, 0.00471882149577, 0.0136650018394, 0.0271093584597, 0.0188455823809, 0.0494007058442, 0.123839654028, 0.0464599765837, 0.00172472407576, 0.000454433844425, 0.000348170229699, 0.00330894673243, 0.00796093698591, 0.00352624221705, 0.00992306694388, 0.0193968284875, 0.00998095422983, 0.0126076880842, 0.0195289608091, 0.0264355447143, 0.101720765233, 0.114298194647, 0.0681393817067, 0.0313012227416, 0.0168621689081, 0.00769430305809, 0.00999333988875]
    },
    "chords_histogram": [94.9588470459, 0, 0, 0, 0, 0, 0, 0, 0, 0, 0, 0, 0, 0, 0, 0, 0, 5.04115247726, 0, 0, 0, 0, 0, 0],
    "thpcp": [1, 0.505106091499, 0.142274737358, 0.0662703365088, 0.0431769676507, 0.110840387642, 0.199607536197, 0.12811678648, 0.0281103774905, 0.0146896271035, 0.0310612916946, 0.201476797462, 0.285454154015, 0.116734586656, 0.0193773135543, 0.0221216119826, 0.0354126878083, 0.069529235363, 0.0980617776513, 0.10819491744, 0.482437938452, 0.860472500324, 0.467366367579, 0.0461064502597, 0.0185466017574, 0.0118394494057, 0.0249388236552, 0.0430161803961, 0.0438424982131, 0.0552010275424, 0.0657086670399, 0.0573237575591, 0.118564292789, 0.154349774122, 0.225132629275, 0.757685661316],
    "chords_key": "G",
    "chords_scale": "major",
    "key_key": "G",
    "key_scale": "major"
}
}