{
"lowlevel": {
    "average_loudness": 0.328752338886,
    "barkbands_crest": {
        "mean": 9.28987503052,
        "var": 11.8170185089
    },
    "barkbands_flatness_db": {
        "mean": 0.175094991922,
        "var": 0.00164556188975
    },
    "barkbands_kurtosis": {
        "mean": 0.595981180668,
        "var": 5.02845859528
    },
    "barkbands_skewness": {
        "mean": -0.182777270675,
        "var": 0.332382649183
    },
    "barkbands_spread": {
        "mean": 14.0556678772,
        "var": 31.5320625305
    },
    "dissonance": {
        "mean": 0.452334523201,
        "var": 0.000670567969792
    },
    "dynamic_complexity": 6.61779260635,
    "erbbands_crest": {
        "mean": 13.0199403763,
        "var": 27.1432132721
    },
    "erbbands_flatness_db": {
        "mean": 0.26546049118,
        "var": 0.00147920998279
    },
    "erbbands_kurtosis": {
        "mean": 1.20403087139,
        "var": 3.60275006294
    },
    "erbbands_skewness": {
        "mean": -0.0123451882973,
        "var": 0.295087844133
    },
    "erbbands_spread": {
        "mean": 14.8234701157,
        "var": 29.0254497528
    },
    "hfc": {
        "mean": 17.2801799774,
        "var": 700.364746094
    },
    "melbands_crest": {
        "mean": 9.81917572021,
        "var": 12.9272613525
    },
    "melbands_flatness_db": {
        "mean": 0.165761053562,
        "var": 0.00109617516864
    },
    "melbands_kurtosis": {
        "mean": 0.595617473125,
        "var": 11.6994972229
    },
    "melbands_skewness": {
        "mean": 0.167040735483,
        "var": 0.423986285925
    },
    "melbands_spread": {
        "mean": 30.8380718231,
        "var": 116.907928467
    },
    "pitch_salience": {
        "mean": 0.615743160248,
        "var": 0.0124785602093
    },
    "silence_rate_20dB": {
        "mean": 1,
        "var": 0
    },
    "silence_rate_30dB": {
        "mean": 0.997425317764,
        "var": 0.00256806076504
    },
    "silence_rate_60dB": {
        "mean": 0.445932030678,
        "var": 0.247070834041
    },
    "spectral_centroid": {
        "mean": 2080.81494141,
        "var": 219862.953125
    },
    "spectral_complexity": {
        "mean": 11.3419151306,
        "var": 51.8759918213
    },
    "spectral_decrease": {
        "mean": -2.28135510483e-009,
        "var": 1.09001898927e-017
    },
    "spectral_energy": {
        "mean": 0.0101777305827,
        "var": 0.000220046029426
    },
    "spectral_energyband_high": {
        "mean": 0.00034181625233,
        "var": 2.34194999393e-007
    },
    "spectral_energyband_low": {
        "mean": 2.40991685132e-005,
        "var": 3.46071060697e-009
    },
    "spectral_energyband_middle_high": {
        "mean": 0.00851733144373,
        "var": 0.000174702523509
    },
    "spectral_energyband_middle_low": {
        "mean": 0.00136430154089,
        "var": 3.81799372917e-006
    },
    "spectral_entropy": {
        "mean": 6.91148519516,
        "var": 0.151065930724
    },
    "spectral_flux": {
        "mean": 0.025059454143,
        "var": 0.000343428953784
    },
    "spectral_kurtosis": {
        "mean": 7.12361907959,
        "var": 16.062707901
    },
    "spectral_rms": {
        "mean": 0.00252098916098,
        "var": 3.57409612661e-006
    },
    "spectral_rolloff": {
        "mean": 2294.21679688,
        "var": 721243.8125
    },
    "spectral_skewness": {
        "mean": 1.50345468521,
        "var": 0.196206018329
    },
    "spectral_spread": {
        "mean": 2697410,
        "var": 2.39536649011e+012
    },
    "spectral_strongpeak": {
        "mean": 2.82977676392,
        "var": 9.61918258667
    },
    "zerocrossingrate": {
        "mean": 0.0808862298727,
        "var": 0.000514711777214
    },
    "barkbands": {
        "mean": [2.54090014096e-006, 4.03434842156e-006, 6.8289855335e-006, 3.2787607779e-005, 0.000189760321518, 6.70429944876e-005, 9.50870307861e-005, 0.000150251449668, 0.000698798219673, 0.000651751994155, 0.000516061438248, 0.00138317293022, 0.000831987825222, 0.000179045906407, 0.00332524743862, 0.000580752443057, 0.000400752847781, 0.000342762999935, 0.000288073060801, 0.000176758039743, 0.000191135302885, 4.7269561037e-005, 7.82874485594e-006, 4.39880705017e-006, 2.31608942158e-006, 1.25253279748e-006, 3.0427614206e-008],
        "var": [1.95506284772e-011, 1.91035572777e-011, 6.51705633903e-010, 1.20414966887e-008, 1.24574398797e-007, 1.66060587503e-008, 2.61657486789e-008, 9.30654806552e-008, 1.89809054518e-006, 2.53620169133e-006, 1.98486100089e-006, 1.34326764964e-005, 4.84467000206e-006, 1.12982824874e-007, 7.0325753768e-005, 1.37486154017e-006, 4.28283357223e-007, 4.76178684039e-007, 2.69515595619e-007, 9.2744386393e-008, 1.09603547571e-007, 9.61851664982e-009, 2.73694233943e-010, 5.56800612561e-011, 1.80591756826e-011, 7.88790300438e-012, 5.08250685055e-015]
    },
    "erbbands": {
        "mean": [0.000178781643626, 0.000769698352087, 0.00595730124041, 0.0604845322669, 0.265028804541, 0.924727022648, 0.418834358454, 0.603814005852, 1.41045105457, 1.25692892075, 6.79885578156, 18.7034358978, 10.549328804, 25.5131645203, 28.4761257172, 64.467956543, 44.1983566284, 13.8374404907, 77.1053848267, 173.79208374, 38.8386421204, 17.9463863373, 21.3278331757, 18.4511356354, 8.98826789856, 10.1665353775, 9.15831851959, 4.91782426834, 2.15479826927, 0.486682653427, 0.241967827082, 0.132974609733, 0.0564372092485, 0.0313996523619, 0.0147413080558, 0.00811251718551, 0.00159703427926, 0.000168938800925, 1.13207042887e-005, 1.37334418469e-005],
        "var": [5.47012604102e-008, 6.08099526289e-007, 0.000301303371089, 0.0343140214682, 0.116930268705, 4.38309955597, 0.549713790417, 1.20331597328, 5.41487360001, 5.44495248795, 113.802482605, 1415.51037598, 516.323730469, 3386.31884766, 2680.83374023, 33509.453125, 11995.671875, 353.233215332, 22166.5625, 330992.0625, 4375.63232422, 628.102905273, 1297.0020752, 997.863830566, 194.463195801, 311.769836426, 261.646453857, 64.6064224243, 18.5738239288, 0.959233999252, 0.259470015764, 0.0444048754871, 0.0118466243148, 0.00346879963763, 0.000643184815999, 0.000396545161493, 1.07064988697e-005, 8.68529710374e-008, 2.85073353812e-010, 4.04386218955e-010]
    },
    "gfcc": {
        "mean": [-123.415870667, 66.6593170166, -210.412612915, 10.031586647, -54.3005638123, 2.62867927551, -29.419008255, -3.52635145187, -25.9511928558, 3.05881929398, -21.6260890961, -4.89338731766, 0.245174467564],
        "cov": [[11518.0800781, -1765.65185547, -2038.92895508, -637.767578125, -901.457763672, -417.472991943, -297.000701904, 24.8480968475, -416.796569824, -369.176513672, -567.864746094, -231.664398193, -358.328094482], [-1765.65185547, 792.069824219, 363.321289063, 187.135437012, 58.9641990662, 35.2671546936, 47.0467987061, -117.453414917, 56.3040733337, 10.5569591522, 121.839912415, -5.7345085144, 74.4037399292], [-2038.92895508, 363.321289063, 644.483764648, 130.384552002, 117.344291687, 110.773895264, 27.3232402802, -12.3630828857, 24.43567276, 49.5982666016, 52.8127937317, 38.8107223511, -0.810863912106], [-637.767578125, 187.135437012, 130.384552002, 168.096466064, 46.1877174377, 32.4963378906, 14.0622234344, -39.215675354, 27.4958286285, 32.3361320496, 50.8499107361, 3.6846871376, 17.5129528046], [-901.457763672, 58.9641990662, 117.344291687, 46.1877174377, 225.091415405, 57.413269043, 29.588432312, 39.2382698059, 40.3640518188, 69.9324188232, 57.7569656372, 49.6925125122, 36.8949203491], [-417.472991943, 35.2671546936, 110.773895264, 32.4963378906, 57.413269043, 131.062149048, 60.501083374, 14.6506271362, 24.6456661224, 16.9857711792, 16.9671802521, -8.68734264374, -25.8267269135], [-297.000701904, 47.0467987061, 27.3232402802, 14.0622234344, 29.588432312, 60.501083374, 124.810539246, 26.0414199829, 26.9715976715, 2.47902798653, -2.85600733757, -24.5619602203, -29.0823535919], [24.8480968475, -117.453414917, -12.3630828857, -39.215675354, 39.2382698059, 14.6506271362, 26.0414199829, 148.632263184, 33.8668746948, -14.3428735733, -36.6454277039, -0.344695448875, 11.7584905624], [-416.796569824, 56.3040733337, 24.43567276, 27.4958286285, 40.3640518188, 24.6456661224, 26.9715976715, 33.8668746948, 103.180404663, 38.0854530334, 21.077545166, -2.29257249832, 21.5077800751], [-369.176513672, 10.5569591522, 49.5982666016, 32.3361320496, 69.9324188232, 16.9857711792, 2.47902798653, -14.3428735733, 38.0854530334, 164.225585938, 79.2164916992, 40.4188957214, -0.407347351313], [-567.864746094, 121.839912415, 52.8127937317, 50.8499107361, 57.7569656372, 16.9671802521, -2.85600733757, -36.6454277039, 21.077545166, 79.2164916992, 137.766418457, 49.1963920593, 24.4979972839], [-231.664398193, -5.7345085144, 38.8107223511, 3.6846871376, 49.6925125122, -8.68734264374, -24.5619602203, -0.344695448875, -2.29257249832, 40.4188957214, 49.1963920593, 125.444152832, 60.6928787231], [-358.328094482, 74.4037399292, -0.810863912106, 17.5129528046, 36.8949203491, -25.8267269135, -29.0823535919, 11.7584905624, 21.5077800751, -0.407347351313, 24.4979972839, 60.6928787231, 151.790679932]],
        "icov": [[0.0005914264475, -5.34071186848e-005, 0.00166805204935, -5.3559531807e-005, 0.00112738145981, -0.000634008669294, 0.00113160803448, -0.000507595250383, 0.0012331774924, -0.000464044482214, 0.00146659766324, -0.000660979771055, 0.00116327579599], [-5.34071186848e-005, 0.00352336466312, -0.00204235222191, -0.00113303086255, -0.00012061902089, 0.00176985072903, -0.00209067529067, 0.00258471444249, -0.00166284409352, 0.00186776136979, -0.00281233061105, 0.00198354851454, -0.00210225326009], [0.00166805204935, -0.00204235222191, 0.0079160509631, -0.000967407540884, 0.00266795023344, -0.00423673354089, 0.00471293739974, -0.00277893175371, 0.00447171460837, -0.0022890784312, 0.00585494702682, -0.00362208369188, 0.00470519810915], [-5.3559531807e-005, -0.00113303086255, -0.000967407540884, 0.00928669795394, -0.00090874027228, -0.000781160430051, -1.83854317584e-005, 0.00185900658835, -0.00135628809221, -0.000358001969289, -0.00114522199146, 0.00109497108497, -0.000769014295656], [0.00112738145981, -0.00012061902089, 0.00266795023344, -0.00090874027228, 0.00934856105596, -0.00312794256024, 0.00151751865633, -0.00321311480366, 0.00240437081084, -0.00278431898914, 0.00167661323212, -0.00254048057832, 0.000971792265773], [-0.000634008669294, 0.00176985072903, -0.00423673354089, -0.000781160430051, -0.00312794256024, 0.014077029191, -0.00669284677133, 0.00154603237752, -0.00307437148876, 0.00204158108681, -0.00380735960789, 0.0020865034312, -0.000322050327668], [0.00113160803448, -0.00209067529067, 0.00471293739974, -1.83854317584e-005, 0.00151751865633, -0.00669284677133, 0.0147970002145, -0.00355596211739, 0.00145486311521, -0.00136552040931, 0.00440840423107, -0.00128209998365, 0.00491766678169], [-0.000507595250383, 0.00258471444249, -0.00277893175371, 0.00185900658835, -0.00321311480366, 0.00154603237752, -0.00355596211739, 0.0121756959707, -0.00576290069148, 0.00262520322576, -0.000234760038438, 0.0012542369077, -0.00291500519961], [0.0012331774924, -0.00166284409352, 0.00447171460837, -0.00135628809221, 0.00240437081084, -0.00307437148876, 0.00145486311521, -0.00576290069148, 0.0173706486821, -0.0051734293811, 0.00328930816613, 0.000502209179103, 0.000317363825161], [-0.000464044482214, 0.00186776136979, -0.0022890784312, -0.000358001969289, -0.00278431898914, 0.00204158108681, -0.00136552040931, 0.00262520322576, -0.0051734293811, 0.0114777693525, -0.00669662980363, -0.000544646696653, 0.000639651669189], [0.00146659766324, -0.00281233061105, 0.00585494702682, -0.00114522199146, 0.00167661323212, -0.00380735960789, 0.00440840423107, -0.000234760038438, 0.00328930816613, -0.00669662980363, 0.0186491217464, -0.00619521085173, 0.00379481352866], [-0.000660979771055, 0.00198354851454, -0.00362208369188, 0.00109497108497, -0.00254048057832, 0.0020865034312, -0.00128209998365, 0.0012542369077, 0.000502209179103, -0.000544646696653, -0.00619521085173, 0.0148661928251, -0.00706555461511], [0.00116327579599, -0.00210225326009, 0.00470519810915, -0.000769014295656, 0.000971792265773, -0.000322050327668, 0.00491766678169, -0.00291500519961, 0.000317363825161, 0.000639651669189, 0.00379481352866, -0.00706555461511, 0.0135248936713]]
    },
    "melbands": {
        "mean": [1.4498980363e-006, 2.20844026444e-006, 1.43155702972e-005, 4.47444836027e-005, 2.16090083995e-005, 1.36239505082e-005, 2.15553463931e-005, 1.46055463119e-005, 7.8104021668e-005, 0.000104732396721, 5.05187854287e-005, 0.000104966187791, 8.64089888637e-005, 0.000160810348461, 0.000129319145344, 6.19805141469e-005, 1.79349408427e-005, 0.000105137412902, 0.000185625569429, 0.0001617691305, 3.1013849366e-005, 1.87627410924e-005, 1.60037179739e-005, 2.2928315957e-005, 1.35718319143e-005, 9.58408509177e-006, 4.27130225944e-006, 7.17205193723e-006, 5.08571247337e-006, 4.87318266096e-006, 2.45602473115e-006, 1.38541383876e-006, 5.95410654114e-007, 1.39697363011e-007, 1.34976232857e-007, 1.23100178939e-007, 6.52562803793e-008, 4.37943157294e-008, 2.73487277269e-008, 2.56554635314e-008],
        "var": [2.6988526431e-012, 4.23871701627e-011, 1.34474420488e-009, 6.05454397729e-009, 1.96404603692e-009, 6.7409017257e-010, 1.24840771054e-009, 6.79936995596e-010, 1.70458953619e-008, 4.25606430099e-008, 1.20426113526e-008, 6.48408260417e-008, 4.21478993928e-008, 1.85115368367e-007, 9.42013187455e-008, 2.14535500476e-008, 1.08648756658e-009, 5.01134742592e-008, 2.77351887235e-007, 2.50416064773e-007, 2.63321342509e-009, 8.30102930838e-010, 8.07411637549e-010, 2.86359913559e-009, 7.93068832827e-010, 2.48482318055e-010, 6.88384696468e-011, 1.50783302511e-010, 7.43730008135e-011, 7.42289563149e-011, 2.1794521049e-011, 9.38532584982e-012, 1.68788897789e-012, 9.54316649576e-014, 8.20297402595e-014, 6.69867536007e-014, 1.31602162233e-014, 1.02611765046e-014, 2.80550991713e-015, 2.73979604229e-015]
    },
    "mfcc": {
        "mean": [-741.534912109, 95.2284011841, -86.1410293579, 4.81663131714, -19.1231880188, 4.65941762924, -2.39252400398, -8.72689819336, 7.20196771622, -2.84076952934, -9.75012588501, -2.05357336998, -4.73008918762],
        "cov": [[9351.75292969, -921.10723877, -1738.55578613, -351.149261475, -1101.01477051, -533.83782959, -376.656982422, 93.7640075684, -85.0587234497, -124.637535095, -292.198852539, -249.238494873, -253.156173706], [-921.10723877, 461.312591553, 210.607162476, 62.1460494995, 71.4073867798, 65.8382644653, 8.90276527405, -69.0435638428, -31.859703064, -20.4923477173, 4.29910182953, 16.7166652679, 0.506221473217], [-1738.55578613, 210.607162476, 642.142822266, 24.5470275879, 167.558944702, 133.859268188, 65.5229034424, 8.23456382751, -7.79246044159, 30.5073337555, 49.9949645996, 34.7085990906, 34.8329734802], [-351.149261475, 62.1460494995, 24.5470275879, 145.468154907, 53.2921714783, 34.7139968872, -1.22147989273, -45.0922393799, -6.51183605194, -5.71797943115, 6.81234884262, 14.3096895218, 15.3022594452], [-1101.01477051, 71.4073867798, 167.558944702, 53.2921714783, 251.867538452, 60.4023361206, 34.4105453491, -12.6202297211, 6.77915287018, 17.3915252686, 27.9825191498, 34.9361953735, 45.8826675415], [-533.83782959, 65.8382644653, 133.859268188, 34.7139968872, 60.4023361206, 162.485031128, 39.5003967285, -49.7102241516, -27.7928066254, -20.4205284119, 65.4726028442, 32.2105178833, 16.5624332428], [-376.656982422, 8.90276527405, 65.5229034424, -1.22147989273, 34.4105453491, 39.5003967285, 123.191413879, 28.9640865326, 10.4308996201, 16.5982017517, 32.2940444946, 10.2603807449, 7.62177944183], [93.7640075684, -69.0435638428, 8.23456382751, -45.0922393799, -12.6202297211, -49.7102241516, 28.9640865326, 183.361816406, 63.6845626831, 31.9297676086, -46.5606575012, -48.7437934875, -19.5557575226], [-85.0587234497, -31.859703064, -7.79246044159, -6.51183605194, 6.77915287018, -27.7928066254, 10.4308996201, 63.6845626831, 123.023078918, 47.2700881958, -7.41191720963, -26.7272720337, -6.29566860199], [-124.637535095, -20.4923477173, 30.5073337555, -5.71797943115, 17.3915252686, -20.4205284119, 16.5982017517, 31.9297676086, 47.2700881958, 111.31602478, 10.8038787842, -16.6605262756, -10.3589944839], [-292.198852539, 4.29910182953, 49.9949645996, 6.81234884262, 27.9825191498, 65.4726028442, 32.2940444946, -46.5606575012, -7.41191720963, 10.8038787842, 146.222442627, 53.1177597046, 38.6619262695], [-249.238494873, 16.7166652679, 34.7085990906, 14.3096895218, 34.9361953735, 32.2105178833, 10.2603807449, -48.7437934875, -26.7272720337, -16.6605262756, 53.1177597046, 115.67855835, 46.8003005981], [-253.156173706, 0.506221473217, 34.8329734802, 15.3022594452, 45.8826675415, 16.5624332428, 7.62177944183, -19.5557575226, -6.29566860199, -10.3589944839, 38.6619262695, 46.8003005981, 107.064971924]],
        "icov": [[0.000519839290064, 0.000396325951442, 0.000807880656794, 0.000390433851862, 0.00134033570066, 7.01792596374e-005, 0.000647187000141, -0.000117987496196, 0.000554901896976, -1.13279802463e-005, 0.000174994158442, 0.000238303648075, 0.000119943586469], [0.000396325951442, 0.00322459009476, -0.000377077318262, -0.00046819873387, 0.000888025911991, 7.14997440809e-005, 0.000341169215972, 0.00100619415753, 0.000413426168961, 0.000521013455, 0.000599831924774, 0.000317533675116, 0.000598657352384], [0.000807880656794, -0.000377077318262, 0.00384708819911, 0.00112853688188, 0.00106217840221, -0.0016174686607, 0.000876294216141, -0.00110872276127, 0.00127076311037, -0.00100849138107, 0.000369570654584, 0.000140910487971, -0.000188676582184], [0.000390433851862, -0.00046819873387, 0.00112853688188, 0.00881581380963, -0.000488962978125, -0.00134263385553, 0.000657997850794, 0.00169598124921, -0.000333789008437, -0.000246948475251, 0.00115206895862, 0.00025571079459, -0.000592903816141], [0.00134033570066, 0.000888025911991, 0.00106217840221, -0.000488962978125, 0.00918651465327, -0.000724398589227, 0.00107127125375, -0.000326306908391, 0.000929004163481, -0.000941243255511, 0.00108611269388, -0.000141791038914, -0.0014379961649], [7.01792596374e-005, 7.14997440809e-005, -0.0016174686607, -0.00134263385553, -0.000724398589227, 0.0110165784135, -0.00223704916425, 0.00165553961415, 0.000662506616209, 0.00275291106664, -0.00375393545255, 0.000559379928745, 0.00136797165032], [0.000647187000141, 0.000341169215972, 0.000876294216141, 0.000657997850794, 0.00107127125375, -0.00223704916425, 0.0111897718161, -0.00293858139776, 0.000904794724192, -0.00107748329174, -0.00150372553617, -0.000322143139783, 0.00033594458364], [-0.000117987496196, 0.00100619415753, -0.00110872276127, 0.00169598124921, -0.000326306908391, 0.00165553961415, -0.00293858139776, 0.00952452793717, -0.00359159871005, 7.99047484179e-005, 0.00221324712038, 0.00186038878746, -0.000148705410538], [0.000554901896976, 0.000413426168961, 0.00127076311037, -0.000333789008437, 0.000929004163481, 0.000662506616209, 0.000904794724192, -0.00359159871005, 0.012265198864, -0.0037450925447, -0.000695835973602, 0.00147749227472, -0.000312353891786], [-1.13279802463e-005, 0.000521013455, -0.00100849138107, -0.000246948475251, -0.000941243255511, 0.00275291106664, -0.00107748329174, 7.99047484179e-005, -0.0037450925447, 0.012293796055, -0.00246957107447, 0.00121939741075, 0.00173097348306], [0.000174994158442, 0.000599831924774, 0.000369570654584, 0.00115206895862, 0.00108611269388, -0.00375393545255, -0.00150372553617, 0.00221324712038, -0.000695835973602, -0.00246957107447, 0.0113391457126, -0.00296140881255, -0.00232740328647], [0.000238303648075, 0.000317533675116, 0.000140910487971, 0.00025571079459, -0.000141791038914, 0.000559379928745, -0.000322143139783, 0.00186038878746, 0.00147749227472, 0.00121939741075, -0.00296140881255, 0.013082367368, -0.00362777593546], [0.000119943586469, 0.000598657352384, -0.000188676582184, -0.000592903816141, -0.0014379961649, 0.00136797165032, 0.00033594458364, -0.000148705410538, -0.000312353891786, 0.00173097348306, -0.00232740328647, -0.00362777593546, 0.0126959122717]]
    },
    "spectral_contrast_coeffs": {
        "mean": [-0.640217721462, -0.644140601158, -0.630319952965, -0.626623809338, -0.682737588882, -0.648223280907],
        "var": [0.0120536824688, 0.00901522673666, 0.00849116872996, 0.0074818036519, 0.00478881318122, 0.003920475021]
    },
    "spectral_contrast_valleys": {
        "mean": [-10.3051595688, -9.36059570313, -8.99424934387, -9.01665687561, -9.07754707336, -12.8300552368],
        "var": [0.653406977654, 1.22241663933, 1.2125287056, 1.29686939716, 1.43827819824, 1.03342175484]
    }
},
"metadata": {
    "audio_properties": {
        "analysis_sample_rate": 44100,
        "bit_rate": 102799,
        "equal_loudness": 0,
        "length": 45.0612258911,
        "lossless": 0,
        "replay_gain": -14.4823665619,
        "sample_rate": 44100,
        "codec": "mp3",
        "downmix": "mix",
        "md5_encoded": "ff9b213316cdad6a0e9f16c4d3c52baf"
    },
    "tags": {
        "file_name": "536.mp3"
    },
    "version": {
        "essentia": "2.1-beta2",
        "essentia_git_sha": "v2.1_beta2",
        "extractor": "music 1.0"
    }
},
"rhythm": {
    "beats_count": 88,
    "beats_loudness": {
        "mean": 0.0134362513199,
        "var": 0.000232038102695
    },
    "bpm": 108.242469788,
    "bpm_histogram_first_peak_bpm": {
        "mean": 108,
        "var": 0
    },
    "bpm_histogram_first_peak_spread": {
        "mean": 0.560000002384,
        "var": 0
    },
    "bpm_histogram_first_peak_weight": {
        "mean": 0.126436784863,
        "var": 0
    },
    "bpm_histogram_second_peak_bpm": {
        "mean": 161,
        "var": 0
    },
    "bpm_histogram_second_peak_spread": {
        "mean": 0.181818172336,
        "var": 0
    },
    "bpm_histogram_second_peak_weight": {
        "mean": 0.103448279202,
        "var": 0
    },
    "danceability": 0.977505743504,
    "onset_rate": 2.06292843819,
    "beats_loudness_band_ratio": {
        "mean": [0.0125729292631, 0.0562518872321, 0.124510385096, 0.319240510464, 0.42339900136, 0.0766692087054],
        "var": [0.00020809812122, 0.0034470371902, 0.00793232116848, 0.0208045914769, 0.0273018963635, 0.00134987093043]
    },
    "beats_position": [0.650158703327, 1.30031740665, 1.93886613846, 2.57741498947, 3.19274377823, 3.80807256699, 4.42340135574, 4.94585037231, 5.47990942001, 6.00235795975, 6.52480697632, 7.04725599289, 7.59292507172, 8.13859367371, 8.68426322937, 9.21832180023, 9.76399040222, 10.3096599579, 10.774058342, 11.2384576797, 11.6912469864, 12.1904764175, 12.689704895, 13.1889343262, 13.6881628036, 14.1990022659, 14.6982307434, 15.2555103302, 15.8127889633, 16.4165077209, 17.0202255249, 17.6123352051, 18.2044448853, 18.8081626892, 19.4002723694, 19.9923801422, 20.5844898224, 21.1765975952, 21.7454872131, 22.3143768311, 22.8716545105, 23.4289340973, 23.9862117767, 24.5318813324, 25.0891609192, 25.6580486298, 26.2617683411, 26.865486145, 27.4692058563, 28.0613155365, 28.6069831848, 29.1642627716, 29.7215423584, 30.290430069, 30.8593196869, 31.4165973663, 31.9738769531, 32.5311546326, 33.0187759399, 33.5063934326, 33.99401474, 34.4119720459, 34.818321228, 35.2246704102, 35.6310195923, 36.0257606506, 36.4204978943, 36.8152389526, 37.2099761963, 37.6163253784, 38.0226745605, 38.4290237427, 38.8005447388, 39.1836738586, 39.5668029785, 39.9383201599, 40.309841156, 40.6813583374, 41.0528793335, 41.4127883911, 41.7726974487, 42.1442184448, 42.5157356262, 42.8756446838, 43.2355537415, 43.5838546753, 43.9553718567, 44.3268928528]
},
"tonal": {
    "chords_changes_rate": 0.0452674888074,
    "chords_number_rate": 0.0102880662307,
    "chords_strength": {
        "mean": 0.472613155842,
        "var": 0.014541991055
    },
    "hpcp_entropy": {
        "mean": 1.49638485909,
        "var": 0.3355050385
    },
    "key_strength": 0.67007702589,
    "tuning_diatonic_strength": 0.427516758442,
    "tuning_equal_tempered_deviation": 0.0156099013984,
    "tuning_frequency": 439.238189697,
    "tuning_nontempered_energy_ratio": 0.595028877258,
    "hpcp": {
        "mean": [0.42083260417, 0.248038813472, 0.0861393883824, 0.0791657790542, 0.0463148839772, 0.243714913726, 0.423635840416, 0.228783577681, 0.146410167217, 0.2125749439, 0.120027154684, 0.113686405122, 0.12355479598, 0.0761603862047, 0.228246212006, 0.358389109373, 0.203242018819, 0.0710733905435, 0.0455504544079, 0.0311421845108, 0.235404089093, 0.388596236706, 0.194543376565, 0.099577948451, 0.13656039536, 0.0726336240768, 0.0619531944394, 0.0739153176546, 0.0385254547, 0.0751285180449, 0.125227153301, 0.0828399136662, 0.0862924158573, 0.0800203830004, 0.0355310924351, 0.22254934907],
        "var": [0.15572719276, 0.0502827763557, 0.0351647362113, 0.0418054126203, 0.00956084951758, 0.0439588688314, 0.158187448978, 0.0423470512033, 0.0499684251845, 0.0987022742629, 0.0232995133847, 0.0340134501457, 0.0421529300511, 0.00878326036036, 0.053854458034, 0.142213985324, 0.0393261574209, 0.0116555523127, 0.00685150036588, 0.00239916844293, 0.0580791532993, 0.138027116656, 0.0358284935355, 0.0302307773381, 0.0612753331661, 0.012217277661, 0.00866580102593, 0.0184183269739, 0.00376552902162, 0.0139909936115, 0.039358291775, 0.0118500366807, 0.0287202894688, 0.0248731542379, 0.00285450648516, 0.0439235195518]
    },
    "chords_histogram": [27.4691352844, 3.39506173134, 10.1851854324, 10.9053497314, 6.17283964157, 4.21810722351, 0, 13.4773664474, 0, 0, 0, 0, 0, 0, 0, 0, 0, 0, 0, 0, 0, 12.448559761, 9.46502017975, 2.26337456703],
    "thpcp": [1, 0.540047764778, 0.345603823662, 0.50178694725, 0.283326238394, 0.268358796835, 0.291653305292, 0.17977796495, 0.538779258728, 0.845983922482, 0.479756444693, 0.167770013213, 0.107522666454, 0.0735116824508, 0.555675566196, 0.91728836298, 0.459223121405, 0.235055536032, 0.32235327363, 0.171452969313, 0.146241620183, 0.174478426576, 0.090940028429, 0.177342221141, 0.295600950718, 0.195545107126, 0.203694790602, 0.188889548182, 0.083871781826, 0.525331735611, 0.993382930756, 0.585500061512, 0.203333571553, 0.186872243881, 0.109327115119, 0.575293421745],
    "chords_key": "A",
    "chords_scale": "minor",
    "key_key": "A",
    "key_scale": "minor"
}
}