{
"lowlevel": {
    "average_loudness": 0.986655712128,
    "barkbands_crest": {
        "mean": 5.4710688591,
        "var": 3.57423973083
    },
    "barkbands_flatness_db": {
        "mean": 0.0976830795407,
        "var": 0.000289873860311
    },
    "barkbands_kurtosis": {
        "mean": -0.934519171715,
        "var": 0.110881052911
    },
    "barkbands_skewness": {
        "mean": 0.191241621971,
        "var": 0.106192708015
    },
    "barkbands_spread": {
        "mean": 28.0365447998,
        "var": 11.5884790421
    },
    "dissonance": {
        "mean": 0.487336754799,
        "var": 6.83546677465e-005
    },
    "dynamic_complexity": 0.440548092127,
    "erbbands_crest": {
        "mean": 6.64297103882,
        "var": 3.70283460617
    },
    "erbbands_flatness_db": {
        "mean": 0.18095074594,
        "var": 0.000188963662367
    },
    "erbbands_kurtosis": {
        "mean": 0.0832390114665,
        "var": 0.336263477802
    },
    "erbbands_skewness": {
        "mean": -0.339331060648,
        "var": 0.0488470979035
    },
    "erbbands_spread": {
        "mean": 30.3289985657,
        "var": 36.1310272217
    },
    "hfc": {
        "mean": 44.9080429077,
        "var": 61.3345527649
    },
    "melbands_crest": {
        "mean": 9.21299552917,
        "var": 15.9691991806
    },
    "melbands_flatness_db": {
        "mean": 0.102130003273,
        "var": 0.000274694903055
    },
    "melbands_kurtosis": {
        "mean": 0.477050960064,
        "var": 1.28502559662
    },
    "melbands_skewness": {
        "mean": 1.00679516792,
        "var": 0.180645063519
    },
    "melbands_spread": {
        "mean": 46.8935508728,
        "var": 62.5726013184
    },
    "pitch_salience": {
        "mean": 0.669906914234,
        "var": 0.00356054678559
    },
    "silence_rate_20dB": {
        "mean": 1,
        "var": 0
    },
    "silence_rate_30dB": {
        "mean": 1,
        "var": 0
    },
    "silence_rate_60dB": {
        "mean": 0.00205973233096,
        "var": 0.00205553858541
    },
    "spectral_centroid": {
        "mean": 2048.26318359,
        "var": 131576.953125
    },
    "spectral_complexity": {
        "mean": 38.5566444397,
        "var": 14.8804416656
    },
    "spectral_decrease": {
        "mean": -6.63292620828e-009,
        "var": 2.36309308946e-018
    },
    "spectral_energy": {
        "mean": 0.0291075017303,
        "var": 3.94743983634e-005
    },
    "spectral_energyband_high": {
        "mean": 0.00173347315285,
        "var": 9.66926165802e-008
    },
    "spectral_energyband_low": {
        "mean": 0.000442442018539,
        "var": 2.57719705132e-007
    },
    "spectral_energyband_middle_high": {
        "mean": 0.0157020166516,
        "var": 1.45627673191e-005
    },
    "spectral_energyband_middle_low": {
        "mean": 0.0115992547944,
        "var": 2.48502892646e-005
    },
    "spectral_entropy": {
        "mean": 7.90726709366,
        "var": 0.00918519031256
    },
    "spectral_flux": {
        "mean": 0.101614713669,
        "var": 0.00017172509979
    },
    "spectral_kurtosis": {
        "mean": 2.75720262527,
        "var": 1.04388713837
    },
    "spectral_rms": {
        "mean": 0.00529444729909,
        "var": 3.6642055079e-007
    },
    "spectral_rolloff": {
        "mean": 2749.23046875,
        "var": 540995.4375
    },
    "spectral_skewness": {
        "mean": 1.1431671381,
        "var": 0.0196079686284
    },
    "spectral_spread": {
        "mean": 3613836.5,
        "var": 1.56018645402e+012
    },
    "spectral_strongpeak": {
        "mean": 1.47567987442,
        "var": 2.6307592392
    },
    "zerocrossingrate": {
        "mean": 0.0955117866397,
        "var": 0.00040535457083
    },
    "barkbands": {
        "mean": [5.37466185051e-005, 5.70552256249e-005, 0.000179544716957, 0.000390997854993, 0.00465801125392, 0.00291761406697, 0.00113950797822, 0.00089906406356, 0.00124064122792, 0.00195673201233, 0.000995283713564, 0.000632663955912, 0.00147462496534, 0.00178046501242, 0.00275139394216, 0.000849683652632, 0.00245188223198, 0.0021449602209, 0.000668011489324, 0.000301347434288, 0.000399169628508, 0.000504198425915, 0.00053180026589, 0.000104017068224, 1.60496165336e-005, 8.64645789989e-006, 3.94264162651e-007],
        "var": [4.47368293521e-008, 2.68278395055e-008, 7.56620792686e-008, 1.19656846209e-007, 1.34409256134e-005, 3.60570697922e-006, 6.87197655225e-007, 6.45189913939e-007, 8.27996359476e-007, 2.12760278373e-006, 9.45919396145e-007, 1.52451946178e-007, 1.06553693513e-006, 9.24675987335e-007, 4.24946028943e-006, 2.45800919174e-007, 1.24623920783e-006, 1.07527762339e-006, 7.05011871105e-008, 1.49126719862e-008, 1.64793885205e-008, 2.45627695961e-008, 1.95553226945e-008, 7.7683315336e-010, 5.12116703211e-011, 2.19971835885e-011, 2.89243374261e-013]
    },
    "erbbands": {
        "mean": [0.00280350446701, 0.0113338073716, 0.140328854322, 0.854457557201, 2.39195346832, 15.8178987503, 35.9978065491, 22.7996025085, 16.9403247833, 18.275724411, 20.2117023468, 28.0263710022, 42.0870361328, 71.8550720215, 32.0371513367, 26.8552207947, 57.0827903748, 101.091590881, 79.6429290771, 147.142349243, 67.7327041626, 137.244674683, 132.362075806, 57.9413719177, 23.0018482208, 14.3448667526, 13.4639377594, 20.4014282227, 18.7850666046, 16.781293869, 13.4596691132, 3.99956679344, 1.08144521713, 0.232342526317, 0.0946364924312, 0.042141225189, 0.0151859866455, 0.0025930730626, 7.92467471911e-005, 4.16566363128e-005],
        "var": [8.39978747535e-005, 0.000564637302887, 0.0408004634082, 0.598889231682, 2.40669775009, 154.560958862, 975.483398438, 269.693634033, 187.961700439, 216.55128479, 336.765014648, 385.979919434, 618.469360352, 3003.01538086, 634.645141602, 294.476318359, 1243.29382324, 2531.19140625, 1561.625, 12992.8798828, 725.08190918, 3553.53173828, 3305.68554688, 497.670471191, 71.5956344604, 27.1604537964, 19.3266429901, 44.2988929749, 35.8224449158, 23.1371974945, 13.7209863663, 0.970303177834, 0.110237240791, 0.00879312679172, 0.00216890824959, 0.000464699958684, 7.28466548026e-005, 2.6721015729e-006, 1.59946023093e-009, 5.85457377023e-011]
    },
    "gfcc": {
        "mean": [47.8766212463, 61.1227989197, -179.533889771, 23.4598827362, -82.2641906738, -3.51497673988, -59.3983612061, -14.7834253311, -21.6396160126, -15.5895795822, -22.6526317596, 7.06802940369, -14.0473155975],
        "cov": [[2874.56811523, 184.281112671, -348.406097412, 46.2019119263, -155.575973511, -10.1877117157, -140.220672607, -29.1207847595, -48.4495391846, -11.32072258, -53.724395752, 35.1280441284, -36.5768814087], [184.281112671, 162.628448486, -12.0858259201, 69.4349899292, 2.4280371666, 31.059381485, 38.0013313293, -2.09074449539, 38.4469299316, -23.5735359192, 31.8624763489, -5.8970785141, 27.3094615936], [-348.406097412, -12.0858259201, 163.498168945, 18.6026821136, 66.286239624, 16.3688735962, 21.8700847626, 31.318145752, 3.21227765083, 40.2449417114, 1.92647337914, 19.0020828247, -6.68739461899], [46.2019119263, 69.4349899292, 18.6026821136, 80.3157730103, 29.7683258057, 37.0018234253, 33.2237968445, 10.652299881, 23.3499755859, -4.42433834076, 21.8384151459, 1.03166234493, 14.5034637451], [-155.575973511, 2.4280371666, 66.286239624, 29.7683258057, 73.9758682251, 35.146484375, 27.8689289093, 22.6978721619, 15.4489793777, 23.9020252228, 4.27240848541, 10.2277364731, 0.0727171450853], [-10.1877117157, 31.059381485, 16.3688735962, 37.0018234253, 35.146484375, 58.1486854553, 41.608291626, 24.1178836823, 18.8633308411, 8.55943489075, 13.5414419174, 3.11954331398, 8.51723098755], [-140.220672607, 38.0013313293, 21.8700847626, 33.2237968445, 27.8689289093, 41.608291626, 67.7547531128, 28.4173927307, 27.5863857269, 0.116894096136, 19.7215480804, 3.03987407684, 10.1118097305], [-29.1207847595, -2.09074449539, 31.318145752, 10.652299881, 22.6978721619, 24.1178836823, 28.4173927307, 50.5326271057, 21.7309627533, 21.9686889648, 3.52326059341, 8.41053676605, -0.340548425913], [-48.4495391846, 38.4469299316, 3.21227765083, 23.3499755859, 15.4489793777, 18.8633308411, 27.5863857269, 21.7309627533, 50.3799057007, 14.7407550812, 18.0363140106, 0.295043021441, 12.1921024323], [-11.32072258, -23.5735359192, 40.2449417114, -4.42433834076, 23.9020252228, 8.55943489075, 0.116894096136, 21.9686889648, 14.7407550812, 56.6911811829, 12.4706420898, 18.4855098724, -3.98840236664], [-53.724395752, 31.8624763489, 1.92647337914, 21.8384151459, 4.27240848541, 13.5414419174, 19.7215480804, 3.52326059341, 18.0363140106, 12.4706420898, 46.190486908, 18.1387557983, 20.4225349426], [35.1280441284, -5.8970785141, 19.0020828247, 1.03166234493, 10.2277364731, 3.11954331398, 3.03987407684, 8.41053676605, 0.295043021441, 18.4855098724, 18.1387557983, 41.2809791565, 17.4387054443], [-36.5768814087, 27.3094615936, -6.68739461899, 14.5034637451, 0.0727171450853, 8.51723098755, 10.1118097305, -0.340548425913, 12.1921024323, -3.98840236664, 20.4225349426, 17.4387054443, 45.2265510559]],
        "icov": [[0.0024912187364, -0.00655916566029, 0.00715703191236, -0.00423558754846, 0.0029480191879, -0.00248734164052, 0.00554316211492, -0.00393113493919, 0.00527111208066, -0.00683335866779, 0.00866343453526, -0.00940981414169, 0.00527935894206], [-0.00655916566029, 0.0315599516034, -0.020761301741, 0.00247227028012, -0.00258832564577, 0.00312091200612, -0.0148603599519, 0.014929481782, -0.0231997575611, 0.0240787211806, -0.0258411858231, 0.0251232199371, -0.0150138139725], [0.00715703191236, -0.020761301741, 0.0334940254688, -0.0138445822522, -0.00269035389647, 0.00149699917529, 0.0112749924883, -0.0157819967717, 0.0229004751891, -0.026941485703, 0.0264572333544, -0.0271547883749, 0.0147737655789], [-0.00423558754846, 0.00247227028012, -0.0138445822522, 0.0364001393318, -0.013063704595, -0.00512138893828, -0.00603142241016, 0.00531303789467, -0.0103640472516, 0.0183332413435, -0.0224811490625, 0.0177605915815, -0.00855039991438], [0.0029480191879, -0.00258832564577, -0.00269035389647, -0.013063704595, 0.0398374460638, -0.0194535553455, 0.00439421227202, 0.00277740182355, -0.00256805215031, -0.0119164818898, 0.0187111664563, -0.016882756725, 0.0080785471946], [-0.00248734164052, 0.00312091200612, 0.00149699917529, -0.00512138893828, -0.0194535553455, 0.0513078607619, -0.025653231889, -0.00611623516306, 0.00740503845736, -0.00392846902832, -0.00771127920598, 0.0157875474542, -0.0109221488237], [0.00554316211492, -0.0148603599519, 0.0112749924883, -0.00603142241016, 0.00439421227202, -0.025653231889, 0.0538512431085, -0.0215266495943, 0.000271866214462, 0.00348161929287, 0.00511503545567, -0.0210597794503, 0.0157237779349], [-0.00393113493919, 0.014929481782, -0.0157819967717, 0.00531303789467, 0.00277740182355, -0.00611623516306, -0.0215266495943, 0.0488432832062, -0.0233758445829, 0.00190026371274, -0.00117090146523, 0.00606348738074, -0.00524362875149], [0.00527111208066, -0.0231997575611, 0.0229004751891, -0.0103640472516, -0.00256805215031, 0.00740503845736, 0.000271866214462, -0.0233758445829, 0.0587156824768, -0.0332856290042, 0.0136619899422, -0.00491366349161, 0.00031598386704], [-0.00683335866779, 0.0240787211806, -0.026941485703, 0.0183332413435, -0.0119164818898, -0.00392846902832, 0.00348161929287, 0.00190026371274, -0.0332856290042, 0.0645415410399, -0.0402781665325, 0.0138631956652, -0.0024266790133], [0.00866343453526, -0.0258411858231, 0.0264572333544, -0.0224811490625, 0.0187111664563, -0.00771127920598, 0.00511503545567, -0.00117090146523, 0.0136619899422, -0.0402781665325, 0.0770619288087, -0.047067347914, 0.0101168826222], [-0.00940981414169, 0.0251232199371, -0.0271547883749, 0.0177605915815, -0.016882756725, 0.0157875474542, -0.0210597794503, 0.00606348738074, -0.00491366349161, 0.0138631956652, -0.047067347914, 0.0819449573755, -0.0384789183736], [0.00527935894206, -0.0150138139725, 0.0147737655789, -0.00855039991438, 0.0080785471946, -0.0109221488237, 0.0157237779349, -0.00524362875149, 0.00031598386704, -0.0024266790133, 0.0101168826222, -0.0384789183736, 0.0488311946392]]
    },
    "melbands": {
        "mean": [2.25660151045e-005, 5.27334123035e-005, 0.000174714106834, 0.000509773555677, 0.00126326223835, 0.000500725000165, 0.000262106419541, 0.000196811030037, 0.000154711146024, 0.000189236612641, 0.000216948174057, 0.000301904772641, 0.00012647928088, 6.59664874547e-005, 6.86669882271e-005, 0.00018118020671, 0.000185690238141, 0.00010847793601, 0.000238928550971, 9.7346775874e-005, 7.93403305579e-005, 0.000136896123877, 0.000146567501361, 9.82222918537e-005, 4.13860143453e-005, 2.08961118915e-005, 1.0399259736e-005, 9.25865788304e-006, 8.56725819176e-006, 8.2020278569e-006, 1.36859725899e-005, 1.23135178001e-005, 6.62743696012e-006, 1.08371550596e-005, 8.80355219124e-006, 4.34050662079e-006, 1.68668714196e-006, 9.2640937055e-007, 2.23699387902e-007, 1.76897898996e-007],
        "var": [5.07245445647e-009, 6.04673422444e-009, 1.94712459489e-008, 1.38785338777e-007, 1.10250721264e-006, 1.2364536417e-007, 3.92265562255e-008, 2.31770265202e-008, 1.96946263742e-008, 1.97932532586e-008, 1.7648730477e-008, 5.56322277134e-008, 1.49968339969e-008, 1.70443936742e-009, 1.47244871851e-009, 1.39288323098e-008, 9.08591868409e-009, 4.1415497698e-009, 3.61461758303e-008, 3.82919473907e-009, 1.39055000847e-009, 4.24167412305e-009, 4.6875041626e-009, 3.32756266985e-009, 3.19048648612e-010, 9.01527116848e-011, 2.33139046263e-011, 1.46322780281e-011, 1.32873894179e-011, 1.01722866241e-011, 2.61993291645e-011, 2.16554846971e-011, 4.60022991922e-012, 1.3523454058e-011, 7.80673529294e-012, 1.67445495403e-012, 2.75890502935e-013, 1.17146703037e-013, 1.3132059154e-014, 9.86096783655e-015]
    },
    "mfcc": {
        "mean": [-568.900390625, 84.6907043457, -44.719203949, 8.35157871246, -14.6655473709, 0.35899540782, -36.6382751465, 3.2205388546, -20.7220821381, -11.067404747, -12.5679540634, -10.0859775543, -18.6253452301],
        "cov": [[750.501342773, 124.476470947, -41.808795929, 13.2898540497, -8.60256195068, 7.41141319275, -36.1610527039, 11.2531871796, -13.3522462845, -5.44951915741, -8.22689247131, -10.4541091919, -13.7640619278], [124.476470947, 89.185218811, 18.8875255585, 25.1787014008, 5.97900104523, 19.9371623993, -0.096750035882, 20.9853820801, 4.5896897316, 13.5595636368, 0.104177430272, 8.75971603394, 2.55449604988], [-41.808795929, 18.8875255585, 65.5764541626, 26.0042800903, 19.3351535797, 9.9101934433, 19.1451015472, 7.35300397873, 9.75637149811, 2.85052967072, 13.9884395599, 11.5406370163, 9.37026500702], [13.2898540497, 25.1787014008, 26.0042800903, 51.1012649536, 20.5355110168, 21.7653083801, 11.7975101471, 17.8851718903, 5.68298578262, 11.7925310135, 4.13369226456, 11.4162549973, 4.58001565933], [-8.60256195068, 5.97900104523, 19.3351535797, 20.5355110168, 50.5826416016, 20.5535621643, 12.9302053452, 2.99644303322, 13.643032074, 8.11947441101, 11.6236982346, 5.86399555206, 11.4880905151], [7.41141319275, 19.9371623993, 9.9101934433, 21.7653083801, 20.5535621643, 49.8102684021, 23.5332279205, 21.0540599823, 9.20362186432, 14.9324836731, 6.70729827881, 11.1252994537, 7.07019138336], [-36.1610527039, -0.096750035882, 19.1451015472, 11.7975101471, 12.9302053452, 23.5332279205, 50.38804245, 25.0220012665, 12.762919426, 7.17508363724, 13.4301996231, 11.5288705826, 9.13247394562], [11.2531871796, 20.9853820801, 7.35300397873, 17.8851718903, 2.99644303322, 21.0540599823, 25.0220012665, 54.1387786865, 21.2984199524, 15.1803760529, 5.21481132507, 11.335026741, 2.07054567337], [-13.3522462845, 4.5896897316, 9.75637149811, 5.68298578262, 13.643032074, 9.20362186432, 12.762919426, 21.2984199524, 42.4849090576, 20.162525177, 10.6813049316, 6.49069881439, 9.82661819458], [-5.44951915741, 13.5595636368, 2.85052967072, 11.7925310135, 8.11947441101, 14.9324836731, 7.17508363724, 15.1803760529, 20.162525177, 43.2727050781, 16.2862987518, 11.3131999969, 8.80474472046], [-8.22689247131, 0.104177430272, 13.9884395599, 4.13369226456, 11.6236982346, 6.70729827881, 13.4301996231, 5.21481132507, 10.6813049316, 16.2862987518, 38.850025177, 18.6261329651, 11.0691423416], [-10.4541091919, 8.75971603394, 11.5406370163, 11.4162549973, 5.86399555206, 11.1252994537, 11.5288705826, 11.335026741, 6.49069881439, 11.3131999969, 18.6261329651, 34.1504211426, 15.3441553116], [-13.7640619278, 2.55449604988, 9.37026500702, 4.58001565933, 11.4880905151, 7.07019138336, 9.13247394562, 2.07054567337, 9.82661819458, 8.80474472046, 11.0691423416, 15.3441553116, 35.8399200439]],
        "icov": [[0.0021660104394, -0.00382356648333, 0.00278138951398, -0.000840397493448, -6.48025088594e-005, 0.000204604730243, 0.000613818061538, 9.08575239009e-005, -0.000266063143499, 0.00187656818889, -0.00197146646678, 0.00118938658852, 1.4933921193e-005], [-0.00382356648333, 0.02274319157, -0.00995361804962, -0.0011570538627, 0.00136526767164, -0.00548128271475, 0.0061844070442, -0.00644735153764, 0.00316655240022, -0.00642658025026, 0.00545874750242, -0.00279622967355, -0.00067711668089], [0.00278138951398, -0.00995361804962, 0.0290116406977, -0.0129096023738, -0.00228842883371, 0.00531757902354, -0.00836451072246, 0.00604473752901, -0.00586956553161, 0.00899307895452, -0.00888603925705, 0.000771027582232, -0.000876632984728], [-0.000840397493448, -0.0011570538627, -0.0129096023738, 0.0380086004734, -0.0114090004936, -0.00531499832869, 0.00336574064568, -0.00939328037202, 0.00852209236473, -0.00845582410693, 0.00887130573392, -0.00760270934552, 0.00292410259135], [-6.48025088594e-005, 0.00136526767164, -0.00228842883371, -0.0114090004936, 0.0339188277721, -0.0116968406364, -0.000581847678404, 0.00899618957192, -0.0108597110957, 0.00481850281358, -0.00771621195599, 0.00663635274395, -0.00566655071452], [0.000204604730243, -0.00548128271475, 0.00531757902354, -0.00531499832869, -0.0116968406364, 0.0382108539343, -0.014042605646, -0.00395597051829, 0.00464920559898, -0.00738349603489, 0.0046385070309, -0.00421377364546, 0.000686975254212], [0.000613818061538, 0.0061844070442, -0.00836451072246, 0.00336574064568, -0.000581847678404, -0.014042605646, 0.0389760509133, -0.0161974690855, 0.00102950807195, 0.00485540553927, -0.00778645649552, 0.00153179268818, -0.00421347655356], [9.08575239009e-005, -0.00644735153764, 0.00604473752901, -0.00939328037202, 0.00899618957192, -0.00395597051829, -0.0161974690855, 0.0395021177828, -0.0177570991218, 0.000129795647808, 0.0032282602042, -0.00645060092211, 0.00645781867206], [-0.000266063143499, 0.00316655240022, -0.00586956553161, 0.00852209236473, -0.0108597110957, 0.00464920559898, 0.00102950807195, -0.0177570991218, 0.0428626574576, -0.0164362043142, 0.000619619211648, 0.00384085648693, -0.00610501365736], [0.00187656818889, -0.00642658025026, 0.00899307895452, -0.00845582410693, 0.00481850281358, -0.00738349603489, 0.00485540553927, 0.000129795647808, -0.0164362043142, 0.0420123077929, -0.0168342739344, 0.00149912957568, -0.00268176873215], [-0.00197146646678, 0.00545874750242, -0.00888603925705, 0.00887130573392, -0.00771621195599, 0.0046385070309, -0.00778645649552, 0.0032282602042, 0.000619619211648, -0.0168342739344, 0.0484000854194, -0.0224447995424, 0.00202597049065], [0.00118938658852, -0.00279622967355, 0.000771027582232, -0.00760270934552, 0.00663635274395, -0.00421377364546, 0.00153179268818, -0.00645060092211, 0.00384085648693, 0.00149912957568, -0.0224447995424, 0.0532296709716, -0.0171661060303], [1.4933921193e-005, -0.00067711668089, -0.000876632984728, 0.00292410259135, -0.00566655071452, 0.000686975254212, -0.00421347655356, 0.00645781867206, -0.00610501365736, -0.00268176873215, 0.00202597049065, -0.0171661060303, 0.039249073714]]
    },
    "spectral_contrast_coeffs": {
        "mean": [-0.461524426937, -0.760704994202, -0.782349944115, -0.766290962696, -0.746648132801, -0.657107889652],
        "var": [0.00526333181188, 0.0021997243166, 0.00162345240824, 0.00100653525442, 0.000596232828684, 0.000618108839262]
    },
    "spectral_contrast_valleys": {
        "mean": [-8.94916725159, -6.10526895523, -6.37563657761, -6.49357366562, -6.53578472137, -9.89015293121],
        "var": [0.878872871399, 0.732157170773, 0.678788483143, 0.646074473858, 0.613366007805, 0.475208342075]
    }
},
"metadata": {
    "audio_properties": {
        "analysis_sample_rate": 44100,
        "bit_rate": 106575,
        "equal_loudness": 0,
        "length": 45.0612258911,
        "lossless": 0,
        "replay_gain": -4.45212173462,
        "sample_rate": 44100,
        "codec": "mp3",
        "downmix": "mix",
        "md5_encoded": "37d1f26e0910865c0660b033340f61c7"
    },
    "tags": {
        "file_name": "537.mp3"
    },
    "version": {
        "essentia": "2.1-beta2",
        "essentia_git_sha": "v2.1_beta2",
        "extractor": "music 1.0"
    }
},
"rhythm": {
    "beats_count": 79,
    "beats_loudness": {
        "mean": 0.0300591811538,
        "var": 3.8261507143e-005
    },
    "bpm": 105.340080261,
    "bpm_histogram_first_peak_bpm": {
        "mean": 105,
        "var": 0
    },
    "bpm_histogram_first_peak_spread": {
        "mean": 0.625,
        "var": 0
    },
    "bpm_histogram_first_peak_weight": {
        "mean": 0.307692319155,
        "var": 0
    },
    "bpm_histogram_second_peak_bpm": {
        "mean": 110,
        "var": 0
    },
    "bpm_histogram_second_peak_spread": {
        "mean": 0.124999992549,
        "var": 0
    },
    "bpm_histogram_second_peak_weight": {
        "mean": 0.089743591845,
        "var": 0
    },
    "danceability": 1.61159479618,
    "onset_rate": 0.022182026878,
    "beats_loudness_band_ratio": {
        "mean": [0.0323750637472, 0.261032670736, 0.126507326961, 0.208258882165, 0.317387729883, 0.0841154158115],
        "var": [0.000631941249594, 0.0114376563579, 0.00161500449758, 0.00360011868179, 0.00745663233101, 0.000369452260202]
    },
    "beats_position": [0.580498874187, 1.16099774837, 1.72988653183, 2.29877543449, 2.87927436829, 3.44816327095, 4.01705217361, 4.59755086899, 5.17804956436, 5.7701587677, 6.3622674942, 6.94276618958, 7.52326536179, 8.10376358032, 8.68426322937, 9.25315189362, 9.82204055786, 10.3909292221, 10.95981884, 11.5287075043, 12.0975961685, 12.6548748016, 13.2121543884, 13.6997728348, 14.1873922348, 14.66340065, 15.2090702057, 15.7663488388, 16.3236274719, 16.8809070587, 17.426574707, 17.995464325, 18.575963974, 19.1448516846, 19.7137413025, 20.2826309204, 20.851518631, 21.4204082489, 21.9892959595, 22.5465755463, 23.1038551331, 23.6611328125, 24.2184123993, 24.7756919861, 25.3213596344, 25.8670291901, 26.4010887146, 26.9699764252, 27.5388660431, 28.1193637848, 28.6998634338, 29.2803630829, 29.8492507935, 30.4181404114, 30.9870281219, 31.5559177399, 32.1248054504, 32.6820869446, 33.2277526855, 33.8082542419, 34.4235839844, 35.0389099121, 35.6426315308, 36.2231292725, 36.8036270142, 37.3609046936, 37.9065742493, 38.4522438049, 39.0327415466, 39.6248512268, 40.216960907, 40.8090705872, 41.4011802673, 41.981678009, 42.5621757507, 43.1194534302, 43.6999549866, 44.2804527283, 44.86095047]
},
"tonal": {
    "chords_changes_rate": 0.0144032919779,
    "chords_number_rate": 0.00411522621289,
    "chords_strength": {
        "mean": 0.514540731907,
        "var": 0.00609407108277
    },
    "hpcp_entropy": {
        "mean": 2.67360448837,
        "var": 0.420442372561
    },
    "key_strength": 0.774475336075,
    "tuning_diatonic_strength": 0.63591080904,
    "tuning_equal_tempered_deviation": 0.141089454293,
    "tuning_frequency": 453.940612793,
    "tuning_nontempered_energy_ratio": 0.722102999687,
    "hpcp": {
        "mean": [0.246744900942, 0.183024436235, 0.371108651161, 0.5397362113, 0.345185935497, 0.146619394422, 0.110129900277, 0.102370940149, 0.305469810963, 0.52771794796, 0.398038625717, 0.225530579686, 0.28745958209, 0.404119700193, 0.340777218342, 0.177917703986, 0.154151394963, 0.193031921983, 0.181727305055, 0.216959729791, 0.256937593222, 0.244583234191, 0.242662027478, 0.394649624825, 0.553366363049, 0.460943579674, 0.277863323689, 0.196433156729, 0.244076013565, 0.26880350709, 0.22366514802, 0.174602121115, 0.150125145912, 0.166622564197, 0.26020988822, 0.326031982899],
        "var": [0.0319398790598, 0.0249534472823, 0.0419830828905, 0.0883055180311, 0.0475139133632, 0.0269988290966, 0.0148713942617, 0.0129269436002, 0.0631328970194, 0.129394263029, 0.0762143880129, 0.0558564402163, 0.0678263753653, 0.0928533524275, 0.0525597259402, 0.0137798395008, 0.0101097486913, 0.019324162975, 0.0156844183803, 0.0292376689613, 0.0326384976506, 0.0263688750565, 0.0245680548251, 0.0452798828483, 0.0688011199236, 0.0537954457104, 0.0322643443942, 0.0185765530914, 0.0509439893067, 0.0496286675334, 0.0209330897778, 0.013518624939, 0.0133855082095, 0.0172812342644, 0.0388475880027, 0.0534032098949]
    },
    "chords_histogram": [84.1563796997, 0, 3.29218101501, 0, 0, 0, 0, 0, 0, 11.2139921188, 1.33744859695, 0, 0, 0, 0, 0, 0, 0, 0, 0, 0, 0, 0, 0],
    "thpcp": [1, 0.832980871201, 0.50213265419, 0.354978501797, 0.44107490778, 0.485760480165, 0.404190003872, 0.315527170897, 0.271294295788, 0.301107138395, 0.47023075819, 0.58917927742, 0.445897907019, 0.330747306347, 0.670638263226, 0.97536867857, 0.623792767525, 0.264959007502, 0.199018061161, 0.184996679425, 0.552020907402, 0.95365023613, 0.719303965569, 0.407561063766, 0.51947426796, 0.730293214321, 0.615825653076, 0.321518838406, 0.278570234776, 0.348832041025, 0.328403234482, 0.392072498798, 0.464317321777, 0.441991508007, 0.438519656658, 0.713179647923],
    "chords_key": "A#",
    "chords_scale": "minor",
    "key_key": "A#",
    "key_scale": "minor"
}
}