{
"lowlevel": {
    "average_loudness": 0.96290820837,
    "barkbands_crest": {
        "mean": 9.96731853485,
        "var": 15.3184299469
    },
    "barkbands_flatness_db": {
        "mean": 0.211366206408,
        "var": 0.00478892633691
    },
    "barkbands_kurtosis": {
        "mean": 1.82749724388,
        "var": 15.8999176025
    },
    "barkbands_skewness": {
        "mean": 1.22555685043,
        "var": 0.668000876904
    },
    "barkbands_spread": {
        "mean": 16.7738800049,
        "var": 62.796295166
    },
    "dissonance": {
        "mean": 0.442979097366,
        "var": 0.00109486456495
    },
    "dynamic_complexity": 1.36953651905,
    "erbbands_crest": {
        "mean": 8.81910419464,
        "var": 11.3997659683
    },
    "erbbands_flatness_db": {
        "mean": 0.225287750363,
        "var": 0.00428552366793
    },
    "erbbands_kurtosis": {
        "mean": -0.149425387383,
        "var": 0.722535014153
    },
    "erbbands_skewness": {
        "mean": 0.0882856920362,
        "var": 0.270225405693
    },
    "erbbands_spread": {
        "mean": 28.3318920135,
        "var": 196.216934204
    },
    "hfc": {
        "mean": 25.1324043274,
        "var": 827.10748291
    },
    "melbands_crest": {
        "mean": 13.7067699432,
        "var": 26.834602356
    },
    "melbands_flatness_db": {
        "mean": 0.278137743473,
        "var": 0.00804586429149
    },
    "melbands_kurtosis": {
        "mean": 7.02472734451,
        "var": 171.667572021
    },
    "melbands_skewness": {
        "mean": 2.02435803413,
        "var": 1.4506431818
    },
    "melbands_spread": {
        "mean": 19.1752204895,
        "var": 140.964111328
    },
    "pitch_salience": {
        "mean": 0.478662371635,
        "var": 0.00931285973638
    },
    "silence_rate_20dB": {
        "mean": 1,
        "var": 0
    },
    "silence_rate_30dB": {
        "mean": 0.94902163744,
        "var": 0.0483801439404
    },
    "silence_rate_60dB": {
        "mean": 0.00205973233096,
        "var": 0.00205553858541
    },
    "spectral_centroid": {
        "mean": 923.876098633,
        "var": 263498.8125
    },
    "spectral_complexity": {
        "mean": 18.5411949158,
        "var": 54.6488571167
    },
    "spectral_decrease": {
        "mean": -1.15009202162e-008,
        "var": 6.53549843324e-017
    },
    "spectral_energy": {
        "mean": 0.0456867069006,
        "var": 0.000992667395622
    },
    "spectral_energyband_high": {
        "mean": 0.000840267632157,
        "var": 7.48209504309e-006
    },
    "spectral_energyband_low": {
        "mean": 0.0203575529158,
        "var": 0.00080037972657
    },
    "spectral_energyband_middle_high": {
        "mean": 0.00760609330609,
        "var": 3.45112748619e-005
    },
    "spectral_energyband_middle_low": {
        "mean": 0.0180236902088,
        "var": 9.62978519965e-005
    },
    "spectral_entropy": {
        "mean": 6.8897562027,
        "var": 0.335715174675
    },
    "spectral_flux": {
        "mean": 0.0852646678686,
        "var": 0.00465269945562
    },
    "spectral_kurtosis": {
        "mean": 15.6309843063,
        "var": 249.378738403
    },
    "spectral_rms": {
        "mean": 0.00639085890725,
        "var": 3.72930185222e-006
    },
    "spectral_rolloff": {
        "mean": 1118.90637207,
        "var": 1333738
    },
    "spectral_skewness": {
        "mean": 2.41677999496,
        "var": 1.15840101242
    },
    "spectral_spread": {
        "mean": 2922378.25,
        "var": 4.3197899735e+012
    },
    "spectral_strongpeak": {
        "mean": 1.02801609039,
        "var": 1.35907232761
    },
    "zerocrossingrate": {
        "mean": 0.0424030274153,
        "var": 0.000968090840615
    },
    "barkbands": {
        "mean": [0.000541871064343, 0.0141240172088, 0.00456873560324, 0.00197916780598, 0.0051810182631, 0.0029466052074, 0.00485308002681, 0.00116596790031, 0.00182936689816, 0.000535519619007, 0.000189106693142, 0.0031500402838, 0.00125027145259, 0.000435998750618, 0.000766390003264, 0.000607026100624, 0.000254114624113, 0.000228203483857, 0.000169578153873, 0.000162350581377, 0.000169892548001, 0.000169608189026, 0.000217586406507, 0.000103825972474, 6.16243560216e-005, 2.28634380619e-005, 2.90586945084e-006],
        "var": [8.47776846058e-007, 0.000394129077904, 0.000144641788211, 2.99296734738e-005, 1.32520517582e-005, 1.00362722151e-005, 1.87961795746e-005, 7.31564205125e-006, 2.52794234257e-006, 3.49169852143e-007, 3.80266470756e-007, 1.20590120787e-005, 2.29145598496e-006, 2.79070093256e-007, 7.65857350871e-007, 8.07424953564e-007, 2.85027539348e-007, 2.99547195937e-007, 3.89786833921e-007, 3.08494122692e-007, 4.31921080235e-007, 3.98216570829e-007, 4.01097651093e-007, 1.17981961978e-007, 5.50998180415e-008, 8.94892693282e-009, 2.18080845049e-010]
    },
    "erbbands": {
        "mean": [0.43880340457, 3.00757098198, 5.58573627472, 6.40956449509, 12.0734682083, 18.3546276093, 11.5114059448, 32.6656227112, 69.2278823853, 51.95470047, 24.7101631165, 42.7892227173, 20.5771064758, 20.8977432251, 61.3262557983, 87.8241271973, 67.2124481201, 24.8884830475, 29.0699462891, 29.9503879547, 38.417804718, 16.1296691895, 12.8818464279, 12.0490579605, 6.71121788025, 7.73998832703, 6.79422807693, 6.92547988892, 6.09159803391, 6.22617435455, 6.06333971024, 3.09750699997, 1.41633999348, 0.79237562418, 0.361164450645, 0.120090439916, 0.042983956635, 0.00938556343317, 0.000293163495371, 6.01338942943e-005],
        "var": [0.362319111824, 22.0337772369, 139.035415649, 354.568084717, 178.640518188, 158.985305786, 232.071502686, 1339.57470703, 3985.05517578, 3178.58740234, 2484.08349609, 1590.05627441, 572.538024902, 524.910888672, 4394.15185547, 7531.57617188, 5965.03369141, 685.904296875, 1169.44665527, 1561.39221191, 3107.4543457, 943.693908691, 884.980407715, 1423.06604004, 514.352111816, 639.691467285, 773.363525391, 704.942993164, 498.017333984, 444.986419678, 309.523071289, 88.9502182007, 26.3277645111, 10.6704425812, 1.74253249168, 0.206792682409, 0.0425940938294, 0.00174975523259, 1.49819891249e-006, 2.82502865545e-009]
    },
    "gfcc": {
        "mean": [-19.3989753723, 166.316116333, -136.597076416, 14.5366659164, -38.3398780823, 5.95673418045, -32.574634552, -3.74809193611, -11.2062349319, -1.628469944, -1.83133637905, -2.61423206329, -5.38095378876],
        "cov": [[6388.64599609, -2916.60424805, 322.167175293, 923.684387207, -1466.0793457, 753.67590332, -330.370727539, 199.514846802, -305.090179443, 219.78237915, -501.545440674, 271.680297852, -357.843688965], [-2916.60424805, 3501.56616211, -541.816223145, -659.643798828, 1434.66772461, -632.658325195, 396.341369629, -156.452865601, 361.351745605, -215.292526245, 530.829650879, -288.57119751, 384.840667725], [322.167175293, -541.816223145, 720.110168457, 22.0644035339, 17.4333953857, 304.675506592, -85.5359420776, 205.54460144, -53.9046707153, 91.4074325562, -50.8549690247, 91.9671325684, -84.9171524048], [923.684387207, -659.643798828, 22.0644035339, 541.821289063, -427.50289917, 217.04359436, 49.8588371277, -37.6963386536, 51.5118217468, 7.23594617844, -117.781356812, 24.9522838593, -28.8942127228], [-1466.0793457, 1434.66772461, 17.4333953857, -427.50289917, 919.26751709, -241.318511963, 123.629096985, 54.088634491, 93.7921676636, -52.1912498474, 257.160125732, -79.9951477051, 143.249603271], [753.67590332, -632.658325195, 304.675506592, 217.04359436, -241.318511963, 347.925811768, -45.9766159058, 87.6550674438, -9.25457954407, 42.5237083435, -83.5662307739, 70.649597168, -42.4391975403], [-330.370727539, 396.341369629, -85.5359420776, 49.8588371277, 123.629096985, -45.9766159058, 193.64541626, -35.5649299622, 84.7222213745, -13.8296117783, 58.0095100403, -46.2151451111, 57.3721923828], [199.514846802, -156.452865601, 205.54460144, -37.6963386536, 54.088634491, 87.6550674438, -35.5649299622, 181.278717041, -31.0142784119, 40.6042747498, 0.805082261562, 25.003068924, -6.37683725357], [-305.090179443, 361.351745605, -53.9046707153, 51.5118217468, 93.7921676636, -9.25457954407, 84.7222213745, -31.0142784119, 175.121368408, -20.1363868713, 43.2331008911, -38.2886505127, 57.7919197083], [219.78237915, -215.292526245, 91.4074325562, 7.23594617844, -52.1912498474, 42.5237083435, -13.8296117783, 40.6042747498, -20.1363868713, 96.5272598267, -6.92400693893, 11.9491605759, -33.1754646301], [-501.545440674, 530.829650879, -50.8549690247, -117.781356812, 257.160125732, -83.5662307739, 58.0095100403, 0.805082261562, 43.2331008911, -6.92400693893, 173.562332153, -9.80373477936, 61.7963562012], [271.680297852, -288.57119751, 91.9671325684, 24.9522838593, -79.9951477051, 70.649597168, -46.2151451111, 25.003068924, -38.2886505127, 11.9491605759, -9.80373477936, 104.525993347, -17.8389167786], [-357.843688965, 384.840667725, -84.9171524048, -28.8942127228, 143.249603271, -42.4391975403, 57.3721923828, -6.37683725357, 57.7919197083, -33.1754646301, 61.7963562012, -17.8389167786, 119.768104553]],
        "icov": [[0.000454571534647, -0.000482008210383, 0.000522484362591, -0.000711001921445, 0.000318450096529, -0.000705702928826, 0.000479581416585, -0.000800355162937, 0.000687858846504, -0.000984712620266, 0.000866053567734, -0.00106280471664, 0.000992760527879], [-0.000482008210383, 0.00379014783539, -0.00050086225383, 0.00213180505671, -0.00249798037112, 0.00152037094813, -0.00195968314074, 0.00229373411275, -0.00299759837799, 0.00388990808278, -0.00420042360201, 0.00476467609406, -0.00347130396403], [0.000522484362591, -0.00050086225383, 0.00477595906705, -0.000672318681609, -0.00143109378405, -0.00415918556973, 0.000784346426371, -0.00278516905382, 0.000697043025866, -0.00258652144112, 0.00216504256241, -0.00269570737146, 0.00353694101796], [-0.000711001921445, 0.00213180505671, -0.000672318681609, 0.00639245146886, 0.000595935503952, -0.000688929110765, -0.00366284954362, 0.00226967455819, -0.0033166562207, 0.00347005482763, -0.00230544502847, 0.00326051935554, -0.00275345891714], [0.000318450096529, -0.00249798037112, -0.00143109378405, 0.000595935503952, 0.00585402082652, 0.000665446277708, -8.03609946161e-005, -0.00228573800996, 0.00114860432222, -0.00059218070237, -0.000340227532433, -0.00152572151273, 0.000487990619149], [-0.000705702928826, 0.00152037094813, -0.00415918556973, -0.000688929110765, 0.000665446277708, 0.00993082579225, -0.000610049231909, 0.00021472843946, -0.00257441867143, 0.00264743063599, -0.00221450207755, 0.00123286561575, -0.00378040713258], [0.000479581416585, -0.00195968314074, 0.000784346426371, -0.00366284954362, -8.03609946161e-005, -0.000610049231909, 0.0100038703531, -0.000628373003565, 0.000154833804118, -0.00355273787864, 0.00113601132762, -0.0008621790912, 0.00068321445724], [-0.000800355162937, 0.00229373411275, -0.00278516905382, 0.00226967455819, -0.00228573800996, 0.00021472843946, -0.000628373003565, 0.0114744771272, -0.000861720298417, 0.000620798149612, -0.00276222173125, 0.0039277728647, -0.00486881099641], [0.000687858846504, -0.00299759837799, 0.000697043025866, -0.0033166562207, 0.00114860432222, -0.00257441867143, 0.000154833804118, -0.000861720298417, 0.0115588083863, -0.00341337826103, 0.00272547756322, -0.00198337598704, 0.000750440754928], [-0.000984712620266, 0.00388990808278, -0.00258652144112, 0.00347005482763, -0.00059218070237, 0.00264743063599, -0.00355273787864, 0.000620798149612, -0.00341337826103, 0.0186565853655, -0.00731332413852, 0.0064578386955, -0.00150647596456], [0.000866053567734, -0.00420042360201, 0.00216504256241, -0.00230544502847, -0.000340227532433, -0.00221450207755, 0.00113601132762, -0.00276222173125, 0.00272547756322, -0.00731332413852, 0.0168385151774, -0.00893928669393, 0.00263381795958], [-0.00106280471664, 0.00476467609406, -0.00269570737146, 0.00326051935554, -0.00152572151273, 0.00123286561575, -0.0008621790912, 0.0039277728647, -0.00198337598704, 0.0064578386955, -0.00893928669393, 0.0203711371869, -0.00633381307125], [0.000992760527879, -0.00347130396403, 0.00353694101796, -0.00275345891714, 0.000487990619149, -0.00378040713258, 0.00068321445724, -0.00486881099641, 0.000750440754928, -0.00150647596456, 0.00263381795958, -0.00633381307125, 0.0187216512859]]
    },
    "melbands": {
        "mean": [0.003941597417, 0.00336692738347, 0.00120487925597, 0.00125262595247, 0.000442508404376, 0.000661670055706, 0.0010920423083, 0.000506482960191, 0.000204005409614, 0.000257477076957, 9.44151179283e-005, 8.30807475722e-005, 0.000107240288344, 0.000443479017122, 0.000119641903439, 9.9008968391e-005, 4.2431482143e-005, 3.48203830072e-005, 6.9862100645e-005, 2.62219182332e-005, 4.40623443865e-005, 1.57217727974e-005, 1.16550509119e-005, 1.13122159746e-005, 9.86724990071e-006, 5.83760538575e-006, 4.35341871707e-006, 5.31275327376e-006, 4.19302432419e-006, 4.22668608735e-006, 3.89198476114e-006, 3.32864397024e-006, 3.40233373208e-006, 3.55253382622e-006, 3.56330338036e-006, 2.9665668535e-006, 1.47487764934e-006, 1.00763418232e-006, 8.76506419445e-007, 5.72871783788e-007],
        "var": [2.93869488814e-005, 3.27712696162e-005, 8.68451479619e-006, 8.53729773098e-007, 2.47710829626e-007, 5.65983214074e-007, 9.01303224055e-007, 3.42821692811e-007, 1.17202084482e-007, 5.32779722562e-008, 1.40067237808e-008, 9.63365032192e-009, 1.73877232612e-008, 2.47654298846e-007, 2.2389446741e-008, 1.2803067051e-008, 2.3930151194e-009, 2.75074940603e-009, 5.79209213925e-009, 2.31123276073e-009, 4.23219592705e-009, 1.18305509833e-009, 5.76841185929e-010, 7.46215533809e-010, 1.1035627967e-009, 3.55085932879e-010, 2.27559388e-010, 3.00116431706e-010, 3.04145486574e-010, 3.05511727028e-010, 2.19632340093e-010, 1.5190064484e-010, 1.63362531835e-010, 1.36959818486e-010, 1.13506266886e-010, 6.79069855902e-011, 2.6253646826e-011, 1.35284309796e-011, 1.34261733675e-011, 6.30689684505e-012]
    },
    "mfcc": {
        "mean": [-658.220825195, 193.496414185, -24.1234893799, 16.967874527, 8.2488489151, 9.43909072876, -5.54179191589, 2.69650292397, -5.52731704712, -2.07435894012, 2.13349628448, 8.58476257324, 5.06945228577],
        "cov": [[4389.18505859, -3142.93286133, 960.504699707, 118.648010254, -750.641601563, 348.01348877, -202.684646606, 104.494308472, 14.4750299454, 93.4724197388, -189.752853394, 5.51715564728, -162.620071411], [-3142.93286133, 3400.85400391, -983.921264648, 26.4701156616, 756.024658203, -289.206268311, 279.563415527, -61.2521057129, 55.1667823792, -77.9155731201, 206.4112854, 27.4059658051, 215.646881104], [960.504699707, -983.921264648, 752.514221191, -105.265777588, -30.2672729492, 149.990982056, -10.4076032639, 121.953979492, 20.0122833252, 107.829811096, -40.3019752502, 29.2491950989, -38.062789917], [118.648010254, 26.4701156616, -105.265777588, 253.669158936, -116.14679718, 82.1195449829, -24.6248893738, 10.3971719742, 33.9808692932, -0.777899742126, 21.0750179291, 8.80260467529, -26.6765193939], [-750.641601563, 756.024658203, -30.2672729492, -116.14679718, 499.486053467, -112.901535034, 153.871673584, 42.6247634888, 13.6938638687, 19.7414340973, 63.1618003845, -14.7623920441, 89.3197784424], [348.01348877, -289.206268311, 149.990982056, 82.1195449829, -112.901535034, 235.575424194, -67.266166687, 61.9658126831, 1.75222814083, 59.6494483948, -18.3433132172, 21.9585990906, -29.7985572815], [-202.684646606, 279.563415527, -10.4076032639, -24.6248893738, 153.871673584, -67.266166687, 205.012969971, -5.38070583344, 44.3922233582, -28.650592804, 45.0844573975, 11.7496042252, 40.8940086365], [104.494308472, -61.2521057129, 121.953979492, 10.3971719742, 42.6247634888, 61.9658126831, -5.38070583344, 141.530181885, 4.87031888962, 38.8126144409, -13.215221405, 3.25139331818, 7.59922361374], [14.4750299454, 55.1667823792, 20.0122833252, 33.9808692932, 13.6938638687, 1.75222814083, 44.3922233582, 4.87031888962, 156.839950562, -6.62492895126, 22.9572658539, 6.47695398331, -33.1944046021], [93.4724197388, -77.9155731201, 107.829811096, -0.777899742126, 19.7414340973, 59.6494483948, -28.650592804, 38.8126144409, -6.62492895126, 143.805648804, 1.08152961731, 13.8320178986, 14.4611053467], [-189.752853394, 206.4112854, -40.3019752502, 21.0750179291, 63.1618003845, -18.3433132172, 45.0844573975, -13.215221405, 22.9572658539, 1.08152961731, 108.27947998, 22.4148769379, -16.3713607788], [5.51715564728, 27.4059658051, 29.2491950989, 8.80260467529, -14.7623920441, 21.9585990906, 11.7496042252, 3.25139331818, 6.47695398331, 13.8320178986, 22.4148769379, 73.4914932251, 0.753716945648], [-162.620071411, 215.646881104, -38.062789917, -26.6765193939, 89.3197784424, -29.7985572815, 40.8940086365, 7.59922361374, -33.1944046021, 14.4611053467, -16.3713607788, 0.753716945648, 124.206077576]],
        "icov": [[0.00076207780512, 0.000680161523633, -0.000104642516817, -0.000411639601225, 0.000146851249156, -7.41385738365e-005, -0.000255192688201, -0.000124558850075, -0.000232862992561, -1.84438231372e-005, 8.97078352864e-005, -0.000121379569464, -0.000382880738471], [0.000680161523633, 0.00171093863901, 0.00135502358899, -0.000384885381209, -0.00130717037246, -0.000304995715851, -0.000251410994679, -0.000326482928358, -0.00065106380498, -1.03725424196e-005, -0.000506882730406, -0.00107479072176, -0.00101091735996], [-0.000104642516817, 0.00135502358899, 0.00419961987063, 0.00163738010451, -0.00149908103049, -0.00149766157847, -0.000802407856099, -0.00165163050406, -0.000853781413753, -0.00111401046161, -0.000213631486986, -0.00166839535814, 0.000116488561616], [-0.000411639601225, -0.000384885381209, 0.00163738010451, 0.00666950410232, 0.00161159271374, -0.00237258290872, -0.000411471555708, -0.00132045033388, -0.00119465775788, -0.000193880609004, -0.00187541067135, 0.000594479206484, 4.1224366214e-006], [0.000146851249156, -0.00130717037246, -0.00149908103049, 0.00161159271374, 0.00596601841971, 0.00107688526623, -0.00192150939256, -0.00173617748078, 0.00021809124155, -0.000998465460725, -0.00160035374574, 0.00280773616396, -0.000998012488708], [-7.41385738365e-005, -0.000304995715851, -0.00149766157847, -0.00237258290872, 0.00107688526623, 0.00770917441696, 0.00115350738633, -0.00180218659807, 0.000397556315875, -0.00157970329747, 0.000593759759795, -0.00111768499482, 0.000644737447146], [-0.000255192688201, -0.000251410994679, -0.000802407856099, -0.000411471555708, -0.00192150939256, 0.00115350738633, 0.00847661495209, 0.000629350950476, -0.00204071984626, 0.00222056405619, -0.00203172676265, -0.00122525228653, -0.00246700155549], [-0.000124558850075, -0.000326482928358, -0.00165163050406, -0.00132045033388, -0.00173617748078, -0.00180218659807, 0.000629350950476, 0.0101737566292, 2.81686084236e-007, -0.000516353815328, 0.00168549676891, 0.000169899285538, -0.000118159419799], [-0.000232862992561, -0.00065106380498, -0.000853781413753, -0.00119465775788, 0.00021809124155, 0.000397556315875, -0.00204071984626, 2.81686084236e-007, 0.0081650307402, -0.000129723106511, 0.000243542162934, 0.000192710023839, 0.00314585282467], [-1.84438231372e-005, -1.03725424196e-005, -0.00111401046161, -0.000193880609004, -0.000998465460725, -0.00157970329747, 0.00222056405619, -0.000516353815328, -0.000129723106511, 0.00946990028024, -0.00123953737784, -0.000960785662755, -0.0020444332622], [8.97078352864e-005, -0.000506882730406, -0.000213631486986, -0.00187541067135, -0.00160035374574, 0.000593759759795, -0.00203172676265, 0.00168549676891, 0.000243542162934, -0.00123953737784, 0.0141804488376, -0.00391592876986, 0.00449062278494], [-0.000121379569464, -0.00107479072176, -0.00166839535814, 0.000594479206484, 0.00280773616396, -0.00111768499482, -0.00122525228653, 0.000169899285538, 0.000192710023839, -0.000960785662755, -0.00391592876986, 0.017064800486, -0.00102705310564], [-0.000382880738471, -0.00101091735996, 0.000116488561616, 4.1224366214e-006, -0.000998012488708, 0.000644737447146, -0.00246700155549, -0.000118159419799, 0.00314585282467, -0.0020444332622, 0.00449062278494, -0.00102705310564, 0.0127103291452]]
    },
    "spectral_contrast_coeffs": {
        "mean": [-0.610768020153, -0.635193109512, -0.656854569912, -0.697482764721, -0.720003724098, -0.730503976345],
        "var": [0.0079802647233, 0.00475448602811, 0.00461412267759, 0.00286983349361, 0.00252068345435, 0.00548242684454]
    },
    "spectral_contrast_valleys": {
        "mean": [-6.98995256424, -6.68939208984, -7.53060150146, -7.88137102127, -8.58654022217, -11.8060865402],
        "var": [1.51560509205, 0.84629547596, 0.926304101944, 0.919629752636, 1.55418562889, 2.49645781517]
    }
},
"metadata": {
    "audio_properties": {
        "analysis_sample_rate": 44100,
        "bit_rate": 106740,
        "equal_loudness": 0,
        "length": 45.0612258911,
        "lossless": 0,
        "replay_gain": -11.166343689,
        "sample_rate": 44100,
        "codec": "mp3",
        "downmix": "mix",
        "md5_encoded": "c6d20ca8675072f8b03ab033a8737cd5"
    },
    "tags": {
        "file_name": "544.mp3"
    },
    "version": {
        "essentia": "2.1-beta2",
        "essentia_git_sha": "v2.1_beta2",
        "extractor": "music 1.0"
    }
},
"rhythm": {
    "beats_count": 69,
    "beats_loudness": {
        "mean": 0.0877140089869,
        "var": 0.00121346046217
    },
    "bpm": 92.760093689,
    "bpm_histogram_first_peak_bpm": {
        "mean": 92,
        "var": 0
    },
    "bpm_histogram_first_peak_spread": {
        "mean": 0.323529422283,
        "var": 0
    },
    "bpm_histogram_first_peak_weight": {
        "mean": 0.676470577717,
        "var": 0
    },
    "bpm_histogram_second_peak_bpm": {
        "mean": 0,
        "var": 0
    },
    "bpm_histogram_second_peak_spread": {
        "mean": 0,
        "var": 0
    },
    "bpm_histogram_second_peak_weight": {
        "mean": 0,
        "var": 0
    },
    "danceability": 1.36024487019,
    "onset_rate": 2.79493546486,
    "beats_loudness_band_ratio": {
        "mean": [0.570528447628, 0.150545939803, 0.1110592857, 0.100817635655, 0.050375148654, 0.0507318601012],
        "var": [0.0871729031205, 0.0100715979934, 0.00690688798204, 0.00745678739622, 0.00381509074941, 0.00593575974926]
    },
    "beats_position": [0.638548731804, 1.30031740665, 1.95047616959, 2.60063481331, 3.26240348816, 3.92417216301, 4.58594083786, 5.24770975113, 5.89786815643, 6.54802703857, 7.19818592072, 7.84834432602, 8.48689365387, 9.12544155121, 9.77560043335, 10.4257593155, 11.0643081665, 11.7144670486, 12.3530158997, 13.0031747818, 13.6533327103, 14.3034915924, 14.9304304123, 15.5805892944, 16.2307472229, 16.8809070587, 17.5194549561, 18.1580047607, 18.8081626892, 19.458322525, 20.0968704224, 20.7354183197, 21.3855781555, 22.035736084, 22.6858959198, 23.3244438171, 23.9629936218, 24.6131515503, 25.2633094788, 25.9134693146, 26.5520172119, 27.1905670166, 27.8407249451, 28.4908847809, 29.1410427094, 29.7795906067, 30.4181404114, 31.0682983398, 31.7184581757, 32.3686180115, 33.0071640015, 33.6457138062, 34.2958717346, 34.9460296631, 35.572971344, 36.2231292725, 36.8732872009, 37.5234451294, 38.1736030579, 38.8121528625, 39.4507026672, 40.1008605957, 40.7510185242, 41.3895683289, 42.0281181335, 42.678276062, 43.3284339905, 43.9785919189, 44.6287536621]
},
"tonal": {
    "chords_changes_rate": 0.0174897126853,
    "chords_number_rate": 0.00308641977608,
    "chords_strength": {
        "mean": 0.557281136513,
        "var": 0.00313531444408
    },
    "hpcp_entropy": {
        "mean": 1.91475117207,
        "var": 0.282464385033
    },
    "key_strength": 0.689149737358,
    "tuning_diatonic_strength": 0.489054530859,
    "tuning_equal_tempered_deviation": 0.281392306089,
    "tuning_frequency": 434.193115234,
    "tuning_nontempered_energy_ratio": 0.992262065411,
    "hpcp": {
        "mean": [0.366429716349, 0.548811197281, 0.269892066717, 0.0594296008348, 0.048786778003, 0.0318262502551, 0.105006285012, 0.177632719278, 0.109183728695, 0.0336504913867, 0.0245580580086, 0.0376238189638, 0.263963609934, 0.394468605518, 0.194746986032, 0.107298105955, 0.150900781155, 0.115743495524, 0.0624468252063, 0.0452368184924, 0.0326358936727, 0.114856123924, 0.184432595968, 0.162408709526, 0.157704174519, 0.0857504010201, 0.0211731754243, 0.19289791584, 0.357149541378, 0.206457167864, 0.0477320551872, 0.0320499427617, 0.0248135887086, 0.0659778788686, 0.126734942198, 0.136172249913],
        "var": [0.063895329833, 0.107580713928, 0.0335349217057, 0.0107600269839, 0.00956767611206, 0.00832987669855, 0.0265296734869, 0.0633812099695, 0.0315278097987, 0.0165173579007, 0.0113255418837, 0.00694360211492, 0.0588915087283, 0.103631414473, 0.0330283269286, 0.0523588806391, 0.0905445814133, 0.0590804666281, 0.0260082278401, 0.016172517091, 0.0111091658473, 0.0186116788536, 0.038667216897, 0.0323823168874, 0.106019735336, 0.0267964806408, 0.00308676110581, 0.0344370603561, 0.108166284859, 0.0399772785604, 0.0110280020162, 0.0123975444585, 0.0091838221997, 0.0247241929173, 0.0741315484047, 0.0651514604688]
    },
    "chords_histogram": [6.06995868683, 50.3086433411, 43.6213989258, 0, 0, 0, 0, 0, 0, 0, 0, 0, 0, 0, 0, 0, 0, 0, 0, 0, 0, 0, 0, 0],
    "thpcp": [1, 0.491775810719, 0.108287878335, 0.0888953730464, 0.0579912550747, 0.191334083676, 0.323668181896, 0.198945879936, 0.0613152422011, 0.044747736305, 0.068555124104, 0.48097345233, 0.7187692523, 0.354852437973, 0.195510059595, 0.274959355593, 0.210898563266, 0.113785624504, 0.0824269205332, 0.059466522187, 0.209281668067, 0.33605837822, 0.29592821002, 0.287355959415, 0.156247541308, 0.0385800711811, 0.35148319602, 0.650769412518, 0.376189798117, 0.0869735479355, 0.0583988502622, 0.045213341713, 0.120219632983, 0.230926305056, 0.248122215271, 0.667679011822],
    "chords_key": "F#",
    "chords_scale": "minor",
    "key_key": "D",
    "key_scale": "major"
}
}