{
"lowlevel": {
    "average_loudness": 0.918806254864,
    "barkbands_crest": {
        "mean": 15.9484701157,
        "var": 32.7282295227
    },
    "barkbands_flatness_db": {
        "mean": 0.339351713657,
        "var": 0.00709890155122
    },
    "barkbands_kurtosis": {
        "mean": 67.2178649902,
        "var": 9446.26464844
    },
    "barkbands_skewness": {
        "mean": 4.48555231094,
        "var": 14.8823862076
    },
    "barkbands_spread": {
        "mean": 5.95073366165,
        "var": 159.41784668
    },
    "dissonance": {
        "mean": 0.364395469427,
        "var": 0.00810815300792
    },
    "dynamic_complexity": 5.70304632187,
    "erbbands_crest": {
        "mean": 16.3842372894,
        "var": 37.9481811523
    },
    "erbbands_flatness_db": {
        "mean": 0.272667467594,
        "var": 0.00589533615857
    },
    "erbbands_kurtosis": {
        "mean": 29.6133823395,
        "var": 1642.54821777
    },
    "erbbands_skewness": {
        "mean": 3.33630108833,
        "var": 9.84145832062
    },
    "erbbands_spread": {
        "mean": 24.2606124878,
        "var": 863.323303223
    },
    "hfc": {
        "mean": 7.69175052643,
        "var": 161.970230103
    },
    "melbands_crest": {
        "mean": 19.7033748627,
        "var": 38.3586387634
    },
    "melbands_flatness_db": {
        "mean": 0.411890089512,
        "var": 0.00929734203964
    },
    "melbands_kurtosis": {
        "mean": 96.9985961914,
        "var": 16037.7382813
    },
    "melbands_skewness": {
        "mean": 4.53936910629,
        "var": 16.8496551514
    },
    "melbands_spread": {
        "mean": 8.6359205246,
        "var": 799.29095459
    },
    "pitch_salience": {
        "mean": 0.441217988729,
        "var": 0.029872784391
    },
    "silence_rate_20dB": {
        "mean": 1,
        "var": 0
    },
    "silence_rate_30dB": {
        "mean": 0.986618638039,
        "var": 0.0132025089115
    },
    "silence_rate_60dB": {
        "mean": 0.242408648133,
        "var": 0.183648988605
    },
    "spectral_centroid": {
        "mean": 547.977294922,
        "var": 809426
    },
    "spectral_complexity": {
        "mean": 3.99279475212,
        "var": 9.39165210724
    },
    "spectral_decrease": {
        "mean": -5.18354870138e-009,
        "var": 4.27678747208e-017
    },
    "spectral_energy": {
        "mean": 0.0202615372837,
        "var": 0.000639275822323
    },
    "spectral_energyband_high": {
        "mean": 0.000215375330299,
        "var": 2.16034027289e-006
    },
    "spectral_energyband_low": {
        "mean": 0.00552221434191,
        "var": 0.000230482895859
    },
    "spectral_energyband_middle_high": {
        "mean": 0.000797467248049,
        "var": 4.85798955197e-006
    },
    "spectral_energyband_middle_low": {
        "mean": 0.0161884091794,
        "var": 0.000405151280575
    },
    "spectral_entropy": {
        "mean": 5.90607595444,
        "var": 1.00378000736
    },
    "spectral_flux": {
        "mean": 0.0484439358115,
        "var": 0.00255137286149
    },
    "spectral_kurtosis": {
        "mean": 10.9096250534,
        "var": 141.012542725
    },
    "spectral_rms": {
        "mean": 0.00375738134608,
        "var": 5.64941228731e-006
    },
    "spectral_rolloff": {
        "mean": 637.783508301,
        "var": 2264965.75
    },
    "spectral_skewness": {
        "mean": 2.48385095596,
        "var": 1.8744468689
    },
    "spectral_spread": {
        "mean": 4380752,
        "var": 4.77446746931e+012
    },
    "spectral_strongpeak": {
        "mean": 0.961381077766,
        "var": 0.939429581165
    },
    "zerocrossingrate": {
        "mean": 0.0254881307483,
        "var": 0.00189401768148
    },
    "barkbands": {
        "mean": [3.33644243256e-006, 0.000290199823212, 0.00287481839769, 0.0031835003756, 0.0067565892823, 0.00293057551607, 0.000895309436601, 0.00173732615076, 0.000468666257802, 0.000355527445208, 0.000220581729081, 0.000145667116158, 5.31145487912e-005, 2.89512445306e-005, 1.99839396373e-005, 1.27294224512e-005, 1.23449271996e-005, 3.21818770317e-005, 1.42358039739e-005, 1.81993418664e-005, 1.97066401597e-005, 6.69720902806e-005, 5.4761829233e-005, 6.41008082312e-005, 1.90000162092e-006, 2.72938422086e-007, 1.8573857119e-008],
        "var": [1.31416891258e-011, 9.21342220295e-008, 6.8872133852e-005, 9.09916270757e-005, 0.000107873849629, 0.000117907460663, 1.08574631668e-005, 2.43348240474e-005, 2.72518286693e-006, 1.32252989715e-006, 9.66735115071e-007, 3.47545835666e-007, 5.75376866152e-008, 1.98342409163e-008, 1.13554978753e-008, 2.60033017341e-009, 2.62406008034e-009, 1.23034160637e-008, 2.93877988611e-009, 4.97032592861e-009, 8.57997051185e-009, 2.9892359521e-007, 1.65825895238e-007, 3.57414933205e-007, 1.68692115832e-010, 1.16487949928e-012, 9.04154901041e-015]
    },
    "erbbands": {
        "mean": [0.0102316616103, 0.0902770459652, 1.85542035103, 9.97790241241, 9.88760280609, 25.6166057587, 32.4372138977, 23.2609882355, 11.1015911102, 33.8245773315, 21.0565052032, 9.88271617889, 16.0573253632, 4.29025220871, 12.0733861923, 4.52716064453, 2.75294780731, 1.48145520687, 1.25519883633, 0.712917089462, 0.782334029675, 0.694563567638, 1.64344716072, 1.21467971802, 0.706364572048, 0.793099582195, 0.662087619305, 1.1383446455, 2.22608399391, 2.2078640461, 1.49849736691, 1.51330053806, 0.856360316277, 0.0655097439885, 0.00740026123822, 0.00174451200292, 0.000402241712436, 9.44478451856e-005, 1.30755415739e-005, 2.31649264606e-005],
        "var": [7.99383196863e-005, 0.0183685272932, 28.6826400757, 825.114501953, 363.833251953, 1775.75292969, 4882.56152344, 8930.90527344, 2019.31298828, 8270.09375, 3366.2746582, 1301.09143066, 2254.13134766, 215.219360352, 2091.13623047, 336.820465088, 127.164260864, 52.6132087708, 33.943977356, 12.5733709335, 9.46051216125, 6.27049064636, 34.4764442444, 18.0214233398, 5.80151796341, 10.1537590027, 6.64367628098, 54.6240653992, 327.733612061, 330.873657227, 116.513572693, 174.342681885, 66.7799377441, 0.254007101059, 0.00181786925532, 3.52706410922e-005, 3.27017528434e-006, 4.94019332109e-007, 6.91390056318e-010, 8.13818623602e-010]
    },
    "gfcc": {
        "mean": [-180.36555481, 130.875396729, -57.238609314, 55.7326545715, -83.0152816772, 1.0434910059, -37.2290687561, -7.39134740829, -19.4504909515, -24.3509197235, 0.0528073869646, -14.5380544662, -2.01772761345],
        "cov": [[9304.20800781, -71.7224121094, -2091.04199219, -1832.68591309, -1190.96081543, -597.171142578, -575.20513916, 536.615722656, -217.880950928, -494.3152771, 107.616088867, -373.485839844, -305.988037109], [-71.7224121094, 1383.3223877, -262.949707031, -647.93548584, 226.254776001, -187.803100586, 197.872909546, -117.090705872, -206.037460327, -256.166748047, 141.016891479, -252.48789978, -68.6476364136], [-2091.04199219, -262.949707031, 1574.99621582, 917.384216309, 76.8254928589, 43.4672164917, -109.620010376, -295.048492432, 55.5149536133, 92.8818588257, -173.113128662, 141.280654907, 107.622016907], [-1832.68591309, -647.93548584, 917.384216309, 1720.50805664, 499.194000244, 237.681106567, -5.33991575241, -173.141921997, 242.459396362, 239.888748169, -298.619049072, 114.467422485, 91.3209609985], [-1190.96081543, 226.254776001, 76.8254928589, 499.194000244, 707.435974121, 191.568618774, 180.084793091, -170.336914063, -4.16852664948, 61.8761367798, -168.375564575, -61.7400550842, -49.3340759277], [-597.171142578, -187.803100586, 43.4672164917, 237.681106567, 191.568618774, 487.636932373, 235.135986328, -166.002456665, -14.2946939468, 157.239944458, -86.4404602051, 30.9863986969, -48.4713973999], [-575.20513916, 197.872909546, -109.620010376, -5.33991575241, 180.084793091, 235.135986328, 389.577331543, -110.262908936, -83.7642745972, 35.5646858215, -1.98901891708, -6.04712581635, -91.6960983276], [536.615722656, -117.090705872, -295.048492432, -173.141921997, -170.336914063, -166.002456665, -110.262908936, 318.71182251, 41.1304779053, -18.5515995026, 62.2012519836, -5.84040927887, 27.5604152679], [-217.880950928, -206.037460327, 55.5149536133, 242.459396362, -4.16852664948, -14.2946939468, -83.7642745972, 41.1304779053, 207.82901001, 73.9592208862, -30.3293838501, 41.378742218, 31.7476921082], [-494.3152771, -256.166748047, 92.8818588257, 239.888748169, 61.8761367798, 157.239944458, 35.5646858215, -18.5515995026, 73.9592208862, 223.469528198, -45.2457275391, 65.0065765381, 28.6639137268], [107.616088867, 141.016891479, -173.113128662, -298.619049072, -168.375564575, -86.4404602051, -1.98901891708, 62.2012519836, -30.3293838501, -45.2457275391, 206.922073364, 30.5898971558, 27.0411643982], [-373.485839844, -252.48789978, 141.280654907, 114.467422485, -61.7400550842, 30.9863986969, -6.04712581635, -5.84040927887, 41.378742218, 65.0065765381, 30.5898971558, 198.77684021, 52.1650009155], [-305.988037109, -68.6476364136, 107.622016907, 91.3209609985, -49.3340759277, -48.4713973999, -91.6960983276, 27.5604152679, 31.7476921082, 28.6639137268, 27.0411643982, 52.1650009155, 151.83291626]],
        "icov": [[0.000455483619589, -8.58609491843e-005, 0.000824640912469, -0.000282008870272, 0.00100885529537, 8.08406548458e-005, 0.000885482644662, 0.000372261507437, 0.000703469733708, 0.000232498670812, 0.000880798557773, 6.34233219898e-005, 0.000915368378628], [-8.58609491843e-005, 0.00276795867831, -0.000697322597262, 0.00125325482804, -0.00193753477652, 0.00139867479447, -0.00187718472444, 0.000911064620595, -0.00048042362323, 0.000995539012365, -0.00197992590256, 0.00270586158149, -0.00132768205367], [0.000824640912469, -0.000697322597262, 0.00307904044166, -0.00159696280025, 0.00281304935925, 0.000419038871769, 0.00222634919919, 0.00192572572269, 0.00209460221231, 6.43468956696e-005, 0.00247411266901, -0.000929006491788, 0.0015958606964], [-0.000282008870272, 0.00125325482804, -0.00159696280025, 0.00245433230884, -0.00238239648752, 0.000176412329893, -0.0014048491139, -0.000358288787538, -0.00204766588286, 0.000120288597827, -0.00045616182615, 0.000854111858644, -0.00165384321008], [0.00100885529537, -0.00193753477652, 0.00281304935925, -0.00238239648752, 0.00613493658602, -0.000365976127796, 0.00215901341289, 0.00134407449514, 0.00235499441624, -0.000282779452391, 0.00423376169056, -0.000866611953825, 0.00263724080287], [8.08406548458e-005, 0.00139867479447, 0.000419038871769, 0.000176412329893, -0.000365976127796, 0.00546027254313, -0.00261697662063, 0.00237026484683, 0.000612709438428, -0.00215029809624, 0.000330302253133, 0.00112122995779, -0.00016052457795], [0.000885482644662, -0.00187718472444, 0.00222634919919, -0.0014048491139, 0.00215901341289, -0.00261697662063, 0.00793390814215, 0.000536446867045, 0.00308140018024, -0.000319488608511, 0.00131762423553, -0.00212476681918, 0.00467420229688], [0.000372261507437, 0.000911064620595, 0.00192572572269, -0.000358288787538, 0.00134407449514, 0.00237026484683, 0.000536446867045, 0.00647880043834, 0.00032756375731, -0.000494288513437, 0.000212246319279, 0.00101146230008, -6.48281593385e-006], [0.000703469733708, -0.00048042362323, 0.00209460221231, -0.00204766588286, 0.00235499441624, 0.000612709438428, 0.00308140018024, 0.00032756375731, 0.00890801008791, -0.00184753607027, 0.00161153043155, -0.000942811719142, 0.00223272270523], [0.000232498670812, 0.000995539012365, 6.43468956696e-005, 0.000120288597827, -0.000282779452391, -0.00215029809624, -0.000319488608511, -0.000494288513437, -0.00184753607027, 0.00847693998367, 0.000232368343859, -0.000289299525321, -0.00123687251471], [0.000880798557773, -0.00197992590256, 0.00247411266901, -0.00045616182615, 0.00423376169056, 0.000330302253133, 0.00131762423553, 0.000212246319279, 0.00161153043155, 0.000232368343859, 0.0113956639543, -0.0033067453187, 0.000364587991498], [6.34233219898e-005, 0.00270586158149, -0.000929006491788, 0.000854111858644, -0.000866611953825, 0.00112122995779, -0.00212476681918, 0.00101146230008, -0.000942811719142, -0.000289299525321, -0.0033067453187, 0.00970277003944, -0.00238733645529], [0.000915368378628, -0.00132768205367, 0.0015958606964, -0.00165384321008, 0.00263724080287, -0.00016052457795, 0.00467420229688, -6.48281593385e-006, 0.00223272270523, -0.00123687251471, 0.000364587991498, -0.00238733645529, 0.0118458271027]]
    },
    "melbands": {
        "mean": [8.54716417962e-005, 0.000728668062948, 0.00158899661619, 0.00122295378242, 0.00127200142015, 0.000516578380484, 0.000159181232448, 0.00041266111657, 0.000143394354382, 6.11265568295e-005, 7.97375760158e-005, 1.54869449034e-005, 3.69742592738e-005, 2.05479482247e-005, 8.8500783022e-006, 3.67482607544e-006, 2.79021583083e-006, 2.04568891604e-006, 1.42341593801e-006, 8.02802219368e-007, 9.25344977531e-007, 6.48365698908e-007, 1.06310824322e-006, 1.72823627054e-006, 9.20877312183e-007, 4.16904157419e-007, 6.64766332648e-007, 4.7543699111e-007, 4.21349398039e-007, 3.81607577538e-007, 7.68338452417e-007, 1.20669403714e-006, 1.42430076266e-006, 1.14717227007e-006, 8.70533085617e-007, 7.45473641928e-007, 1.03837146526e-006, 8.01402165962e-007, 1.36633488523e-007, 1.51257601999e-008],
        "var": [6.50319043061e-009, 4.17307001044e-006, 1.85990884347e-005, 3.52873121301e-006, 6.05938157605e-006, 4.26152837463e-006, 4.50620177617e-007, 1.22200913211e-006, 1.5663617603e-007, 4.92926943707e-008, 5.65570879019e-008, 3.65033492322e-009, 2.26556853278e-008, 5.70072344885e-009, 1.81556614187e-009, 3.16691423086e-010, 2.05748473814e-010, 9.46722145123e-011, 7.58557799907e-011, 1.11778667919e-011, 1.34700020235e-011, 6.89092446299e-012, 1.3695706895e-011, 4.30223322245e-011, 1.0879604509e-011, 1.88547831861e-012, 6.0348132741e-012, 4.57061602108e-012, 3.48061770378e-012, 2.91420229961e-012, 3.12316873752e-011, 1.05204123191e-010, 1.45831194343e-010, 9.50679396317e-011, 4.23525936544e-011, 2.52700586151e-011, 1.01390909557e-010, 6.45124231813e-011, 8.95945806694e-013, 1.29767819212e-014]
    },
    "mfcc": {
        "mean": [-835.418151855, 138.522918701, 71.5977478027, 43.2381210327, 1.56322240829, -0.435481220484, -1.28838729858, 7.02628326416, -15.3915557861, -0.361701875925, -14.8104848862, 2.11158514023, -15.6594800949],
        "cov": [[7840.87792969, 197.828979492, -1880.11462402, -1410.87487793, -702.977905273, -1351.75292969, -247.532653809, 157.629333496, -590.41607666, 636.877624512, -691.526306152, 229.814407349, -265.786621094], [197.828979492, 1821.99377441, -569.525085449, -584.774108887, -226.141342163, -350.629089355, 411.062530518, -20.8875865936, -258.108093262, 40.0691070557, -118.435424805, -139.753067017, -98.7578125], [-1880.11462402, -569.525085449, 1544.38305664, 626.035095215, 174.911178589, 339.059692383, -241.459716797, -118.812072754, 150.650787354, -330.356201172, 116.106918335, -7.03295183182, 14.6043109894], [-1410.87487793, -584.774108887, 626.035095215, 1083.54870605, 483.871337891, 365.233581543, -144.465682983, -59.9591598511, 327.372192383, -210.124069214, 165.776672363, -13.1177577972, 74.8824996948], [-702.977905273, -226.141342163, 174.911178589, 483.871337891, 492.619140625, 183.146026611, -112.393531799, -82.1948165894, 191.009689331, -72.5473709106, 38.1555747986, -6.25975656509, 17.0161762238], [-1351.75292969, -350.629089355, 339.059692383, 365.233581543, 183.146026611, 1026.69824219, 144.787155151, -12.3569478989, 235.006500244, -119.472221375, 244.89201355, -156.1277771, 93.7480621338], [-247.532653809, 411.062530518, -241.459716797, -144.465682983, -112.393531799, 144.787155151, 393.575744629, 46.56432724, -16.3001651764, -7.50187349319, 45.0619392395, -70.3186950684, -7.82516431808], [157.629333496, -20.8875865936, -118.812072754, -59.9591598511, -82.1948165894, -12.3569478989, 46.56432724, 170.416397095, -48.1255149841, 9.7871799469, 2.8117172718, -21.0492286682, 27.3214454651], [-590.41607666, -258.108093262, 150.650787354, 327.372192383, 191.009689331, 235.006500244, -16.3001651764, -48.1255149841, 294.107879639, -42.3190803528, 95.5547332764, -2.50490427017, 41.179145813], [636.877624512, 40.0691070557, -330.356201172, -210.124069214, -72.5473709106, -119.472221375, -7.50187349319, 9.7871799469, -42.3190803528, 216.090270996, -29.2996253967, 27.590713501, -6.74827718735], [-691.526306152, -118.435424805, 116.106918335, 165.776672363, 38.1555747986, 244.89201355, 45.0619392395, 2.8117172718, 95.5547332764, -29.2996253967, 206.439605713, -23.2215766907, 63.447013855], [229.814407349, -139.753067017, -7.03295183182, -13.1177577972, -6.25975656509, -156.1277771, -70.3186950684, -21.0492286682, -2.50490427017, 27.590713501, -23.2215766907, 154.451843262, -18.7800693512], [-265.786621094, -98.7578125, 14.6043109894, 74.8824996948, 17.0161762238, 93.7480621338, -7.82516431808, 27.3214454651, 41.179145813, -6.74827718735, 63.447013855, -18.7800693512, 117.708129883]],
        "icov": [[0.0003747898445, 0.000144535093568, 0.000402986479457, -3.97226431232e-005, 0.000415931805037, 3.41620252584e-005, 0.00034804479219, 1.02206995507e-005, 0.000105659957626, -0.00025122408988, 0.00073422054993, 8.65916808834e-006, 0.000430501822848], [0.000144535093568, 0.0012863430893, 0.000292745302431, 0.000344647152815, -0.000150816325913, 0.000659942161292, -0.001077222405, 0.000841515371576, 0.00050925911637, 0.000315856974339, 8.73064127518e-005, 0.00128758244682, 0.000377610995201], [0.000402986479457, 0.000292745302431, 0.00191539572552, -0.000580367050134, 0.00115072296467, -0.000252646132139, 0.00125256564934, 0.000847033399623, 0.000319601938827, 0.00152033765335, 0.000502387760207, 0.000102300167782, 0.000929536996409], [-3.97226431232e-005, 0.000344647152815, -0.000580367050134, 0.00292027974501, -0.00210613128729, 0.000342336454196, -0.00019573798636, -0.000521992798895, -0.00117299740668, 0.0010814598063, -0.00108795962296, 0.000275419588434, -0.000343621853972], [0.000415931805037, -0.000150816325913, 0.00115072296467, -0.00210613128729, 0.00519450427964, -0.000602779444307, 0.00168226857204, 0.0012495899573, -0.000856721075252, 3.46181768691e-005, 0.0018600882031, 2.00972572202e-005, 0.000862956105266], [3.41620252584e-005, 0.000659942161292, -0.000252646132139, 0.000342336454196, -0.000602779444307, 0.0023129847832, -0.00124715815764, 0.000358335615601, -0.000535427592695, 0.000168337268406, -0.00144746969454, 0.00208182795905, -0.000167383463122], [0.00034804479219, -0.001077222405, 0.00125256564934, -0.00019573798636, 0.00168226857204, -0.00124715815764, 0.00562635995448, -0.000973604503088, -0.000659442681354, 0.000947366585024, -9.26526772673e-005, -0.000227263823035, 0.00150002609007], [1.02206995507e-005, 0.000841515371576, 0.000847033399623, -0.000521992798895, 0.0012495899573, 0.000358335615601, -0.000973604503088, 0.00807117205113, 0.00143181264866, 0.000865123933181, 5.28793643753e-005, 0.00148097646888, -0.00169160461519], [0.000105659957626, 0.00050925911637, 0.000319601938827, -0.00117299740668, -0.000856721075252, -0.000535427592695, -0.000659442681354, 0.00143181264866, 0.00660395296291, -0.000490825914312, -0.000700189906638, -0.000431818887591, -0.000483418582007], [-0.00025122408988, 0.000315856974339, 0.00152033765335, 0.0010814598063, 3.46181768691e-005, 0.000168337268406, 0.000947366585024, 0.000865123933181, -0.000490825914312, 0.0085259033367, -0.00136625778396, -0.000206097887713, -9.17240176932e-005], [0.00073422054993, 8.73064127518e-005, 0.000502387760207, -0.00108795962296, 0.0018600882031, -0.00144746969454, -9.26526772673e-005, 5.28793643753e-005, -0.000700189906638, -0.00136625778396, 0.0100192679092, -0.00103077373933, -0.00217199022882], [8.65916808834e-006, 0.00128758244682, 0.000102300167782, 0.000275419588434, 2.00972572202e-005, 0.00208182795905, -0.000227263823035, 0.00148097646888, -0.000431818887591, -0.000206097887713, -0.00103077373933, 0.0098744975403, 0.00116242154036], [0.000430501822848, 0.000377610995201, 0.000929536996409, -0.000343621853972, 0.000862956105266, -0.000167383463122, 0.00150002609007, -0.00169160461519, -0.000483418582007, -9.17240176932e-005, -0.00217199022882, 0.00116242154036, 0.0119087509811]]
    },
    "spectral_contrast_coeffs": {
        "mean": [-0.548810064793, -0.64608591795, -0.749021232128, -0.808339178562, -0.816100299358, -0.761869907379],
        "var": [0.0210301559418, 0.0243606083095, 0.0169613044709, 0.00822159741074, 0.00390216941014, 0.00187316944357]
    },
    "spectral_contrast_valleys": {
        "mean": [-8.2150182724, -8.7116355896, -9.87509441376, -10.6683940887, -9.90729427338, -12.1020841599],
        "var": [0.977423965931, 1.26135349274, 1.34984385967, 1.07377254963, 1.18782269955, 1.20554280281]
    }
},
"metadata": {
    "audio_properties": {
        "analysis_sample_rate": 44100,
        "bit_rate": 104955,
        "equal_loudness": 0,
        "length": 45.0873451233,
        "lossless": 0,
        "replay_gain": -8.89743804932,
        "sample_rate": 44100,
        "codec": "mp3",
        "downmix": "mix",
        "md5_encoded": "8ef0f61207ae359e0675a5eeb5ae9267"
    },
    "tags": {
        "file_name": "547.mp3"
    },
    "version": {
        "essentia": "2.1-beta2",
        "essentia_git_sha": "v2.1_beta2",
        "extractor": "music 1.0"
    }
},
"rhythm": {
    "beats_count": 75,
    "beats_loudness": {
        "mean": 0.0363303646445,
        "var": 0.000808962387964
    },
    "bpm": 101.447380066,
    "bpm_histogram_first_peak_bpm": {
        "mean": 101,
        "var": 0
    },
    "bpm_histogram_first_peak_spread": {
        "mean": 0.712121188641,
        "var": 0
    },
    "bpm_histogram_first_peak_weight": {
        "mean": 0.256756752729,
        "var": 0
    },
    "bpm_histogram_second_peak_bpm": {
        "mean": 96,
        "var": 0
    },
    "bpm_histogram_second_peak_spread": {
        "mean": 0.333333343267,
        "var": 0
    },
    "bpm_histogram_second_peak_weight": {
        "mean": 0.0270270276815,
        "var": 0
    },
    "danceability": 1.35263597965,
    "onset_rate": 2.94869089127,
    "beats_loudness_band_ratio": {
        "mean": [0.379394978285, 0.360850602388, 0.210476055741, 0.0497827231884, 0.00633813533932, 0.0329840630293],
        "var": [0.13164190948, 0.0852005779743, 0.0483960658312, 0.0088051147759, 0.000172952655703, 0.0201206002384]
    },
    "beats_position": [0.66176867485, 1.3235373497, 1.9620860815, 2.58902478218, 3.1811337471, 3.7732424736, 4.37696123123, 4.99229001999, 5.60761880875, 6.21133756638, 6.80344676971, 7.41877555847, 8.03410434723, 8.63782310486, 9.24154186249, 9.85687065125, 10.4489793777, 11.0526981354, 11.656416893, 12.2601356506, 12.8638544083, 13.4675731659, 14.0712919235, 14.6401815414, 15.2206802368, 15.7895689011, 16.3700675964, 16.9505672455, 17.5542850494, 18.1463947296, 18.7385025024, 19.3190021515, 19.8994998932, 20.4799995422, 21.0604991913, 21.640996933, 22.221496582, 22.8019943237, 23.3708839417, 23.9397735596, 24.5202713013, 25.1123809814, 25.7044887543, 26.2965984344, 26.865486145, 27.4343757629, 28.0032653809, 28.5605430603, 29.1294326782, 29.6751022339, 30.2091598511, 30.7664394379, 31.358549118, 31.9390468597, 32.5311546326, 33.1232643127, 33.7037620544, 34.2958717346, 34.8995895386, 35.5033111572, 36.1070289612, 36.7339668274, 37.3492965698, 37.9646263123, 38.5683441162, 39.1604537964, 39.7525634766, 40.3330612183, 40.9251708984, 41.5172767639, 42.1209983826, 42.713104248, 43.3052139282, 43.8857116699, 44.4662132263]
},
"tonal": {
    "chords_changes_rate": 0.0936213955283,
    "chords_number_rate": 0.0164609048516,
    "chords_strength": {
        "mean": 0.463114261627,
        "var": 0.0116611747071
    },
    "hpcp_entropy": {
        "mean": 1.48487782478,
        "var": 0.939666569233
    },
    "key_strength": 0.409958899021,
    "tuning_diatonic_strength": 0.389571368694,
    "tuning_equal_tempered_deviation": 0.239011496305,
    "tuning_frequency": 441.782684326,
    "tuning_nontempered_energy_ratio": 0.845583796501,
    "hpcp": {
        "mean": [0.079862549901, 0.0540218688548, 0.0366015732288, 0.0630283653736, 0.204151079059, 0.252394080162, 0.138259246945, 0.0935859754682, 0.112957619131, 0.129309102893, 0.15540407598, 0.27075496316, 0.338073074818, 0.176327586174, 0.0277808252722, 0.0132486801594, 0.0121473455802, 0.0128243407235, 0.0228407680988, 0.0508973859251, 0.0932254716754, 0.0977287963033, 0.0514498278499, 0.0187825057656, 0.0113870743662, 0.0167458821088, 0.0476173721254, 0.0564074106514, 0.0309271216393, 0.0203642640263, 0.0209742803127, 0.0277320146561, 0.0445925630629, 0.0599465891719, 0.0729407295585, 0.0870928838849],
        "var": [0.042850419879, 0.031393148005, 0.0187051258981, 0.0247248541564, 0.106694683433, 0.137928724289, 0.0634362995625, 0.0515573397279, 0.0734586343169, 0.0734298229218, 0.0893806517124, 0.11304731667, 0.162022784352, 0.0617770217359, 0.00900413747877, 0.0051277060993, 0.00406032893807, 0.00404826039448, 0.00901255663484, 0.0273847989738, 0.0514669641852, 0.0605066344142, 0.0270958635956, 0.00820739846677, 0.00425762543455, 0.00614443887025, 0.0185632947832, 0.022478736937, 0.00829660147429, 0.00806480832398, 0.00810661073774, 0.0115960929543, 0.0242769047618, 0.0405783168972, 0.0424500517547, 0.0521132126451]
    },
    "chords_histogram": [1.02880656719, 33.127571106, 10.5967073441, 1.33744859695, 0, 4.62962961197, 0, 2.26337456703, 5.14403295517, 1.95473253727, 0, 0, 1.44032919407, 0, 0, 9.67078208923, 2.16049385071, 0, 6.58436203003, 3.08641982079, 1.13168728352, 12.9629631042, 2.05761313438, 0.823045253754],
    "thpcp": [1, 0.521566510201, 0.082174025476, 0.0391888059676, 0.0359311252832, 0.0379336364567, 0.0675616338849, 0.150551438332, 0.275755375624, 0.289075940847, 0.15218552947, 0.0555575340986, 0.0336822867393, 0.0495333224535, 0.140849351883, 0.166849762201, 0.0914805829525, 0.0602362789214, 0.0620406717062, 0.0820296481252, 0.131902143359, 0.177318438888, 0.215754330158, 0.257615566254, 0.236228659749, 0.15979346633, 0.108265273273, 0.186434149742, 0.603866696358, 0.746566653252, 0.408962607384, 0.276821732521, 0.334121912718, 0.38248860836, 0.459675997496, 0.800877034664],
    "chords_key": "G#",
    "chords_scale": "major",
    "key_key": "F",
    "key_scale": "minor"
}
}