{
"lowlevel": {
    "average_loudness": 0.84497410059,
    "barkbands_crest": {
        "mean": 11.4715299606,
        "var": 19.0009746552
    },
    "barkbands_flatness_db": {
        "mean": 0.249726578593,
        "var": 0.00219211541116
    },
    "barkbands_kurtosis": {
        "mean": 2.83594369888,
        "var": 27.1034412384
    },
    "barkbands_skewness": {
        "mean": 1.13846731186,
        "var": 1.10147809982
    },
    "barkbands_spread": {
        "mean": 11.8667764664,
        "var": 43.6090736389
    },
    "dissonance": {
        "mean": 0.423740535975,
        "var": 0.00303569855168
    },
    "dynamic_complexity": 4.03543710709,
    "erbbands_crest": {
        "mean": 11.9023733139,
        "var": 21.8271217346
    },
    "erbbands_flatness_db": {
        "mean": 0.30170994997,
        "var": 0.00214497395791
    },
    "erbbands_kurtosis": {
        "mean": 0.545555889606,
        "var": 6.29024600983
    },
    "erbbands_skewness": {
        "mean": 0.324020773172,
        "var": 0.64459002018
    },
    "erbbands_spread": {
        "mean": 22.5476932526,
        "var": 119.349777222
    },
    "hfc": {
        "mean": 12.521777153,
        "var": 222.398513794
    },
    "melbands_crest": {
        "mean": 14.7670917511,
        "var": 31.1764202118
    },
    "melbands_flatness_db": {
        "mean": 0.315480977297,
        "var": 0.00341039826162
    },
    "melbands_kurtosis": {
        "mean": 6.54194927216,
        "var": 96.3882904053
    },
    "melbands_skewness": {
        "mean": 1.74777400494,
        "var": 1.77043390274
    },
    "melbands_spread": {
        "mean": 16.5354118347,
        "var": 123.997024536
    },
    "pitch_salience": {
        "mean": 0.548609018326,
        "var": 0.0157428402454
    },
    "silence_rate_20dB": {
        "mean": 1,
        "var": 0
    },
    "silence_rate_30dB": {
        "mean": 1,
        "var": 0
    },
    "silence_rate_60dB": {
        "mean": 0.204943358898,
        "var": 0.162941038609
    },
    "spectral_centroid": {
        "mean": 928.141601563,
        "var": 301890.3125
    },
    "spectral_complexity": {
        "mean": 11.1024713516,
        "var": 37.3349952698
    },
    "spectral_decrease": {
        "mean": -4.1322607558e-009,
        "var": 1.70263714002e-017
    },
    "spectral_energy": {
        "mean": 0.0167318303138,
        "var": 0.000282883091131
    },
    "spectral_energyband_high": {
        "mean": 4.08864761994e-005,
        "var": 4.84235762599e-009
    },
    "spectral_energyband_low": {
        "mean": 0.000936382682994,
        "var": 2.9841144169e-006
    },
    "spectral_energyband_middle_high": {
        "mean": 0.0055303517729,
        "var": 6.39359059278e-005
    },
    "spectral_energyband_middle_low": {
        "mean": 0.0104373376817,
        "var": 0.000132497996674
    },
    "spectral_entropy": {
        "mean": 6.63145685196,
        "var": 0.199767380953
    },
    "spectral_flux": {
        "mean": 0.055838085711,
        "var": 0.0019425250357
    },
    "spectral_kurtosis": {
        "mean": 15.12849617,
        "var": 149.106048584
    },
    "spectral_rms": {
        "mean": 0.00353330932558,
        "var": 3.83948099625e-006
    },
    "spectral_rolloff": {
        "mean": 1150.80957031,
        "var": 972067
    },
    "spectral_skewness": {
        "mean": 2.15592122078,
        "var": 1.14922201633
    },
    "spectral_spread": {
        "mean": 1999820,
        "var": 2.47082804838e+012
    },
    "spectral_strongpeak": {
        "mean": 1.35808086395,
        "var": 2.10175156593
    },
    "zerocrossingrate": {
        "mean": 0.0385684370995,
        "var": 0.000630081805866
    },
    "barkbands": {
        "mean": [2.10883736145e-005, 0.00017156433023, 0.000583732733503, 0.00061240355717, 0.00255191302858, 0.00278942962177, 0.00204163300805, 0.000935522781219, 0.00126172311138, 0.000750574341509, 0.00119398080278, 0.000837455736473, 0.000942625047173, 0.000367691973224, 0.000796444539446, 0.000318841193803, 0.000301795516862, 8.83283864823e-005, 7.40188625059e-005, 7.02834076947e-005, 1.79899652721e-005, 2.57708779827e-006, 1.84743441878e-007, 3.97605006697e-008, 2.11959250151e-008, 8.57869508764e-009, 7.21762150047e-010],
        "var": [8.45764625002e-010, 9.8351748079e-008, 1.64111656886e-006, 1.50371670316e-006, 2.87229377136e-005, 2.56989405898e-005, 4.29991523561e-005, 1.48549006553e-005, 1.49913012137e-005, 4.34053345089e-006, 6.93749871061e-006, 8.52302946441e-006, 9.62356079981e-006, 7.13407985131e-007, 5.8591222114e-006, 7.10988501851e-007, 3.41593874964e-007, 2.41340405438e-008, 1.83350969962e-008, 1.67546545526e-008, 1.30895039252e-009, 3.49783119136e-011, 2.00947019983e-013, 1.39663688194e-014, 1.81894840885e-015, 1.87396933976e-016, 4.16670362918e-017]
    },
    "erbbands": {
        "mean": [0.00349146849476, 0.0520878881216, 0.529327273369, 1.37797355652, 6.45456600189, 7.16088438034, 10.7884607315, 26.1601276398, 33.424030304, 21.6082649231, 26.3313312531, 24.7139835358, 27.3646240234, 45.1418495178, 35.8602142334, 36.845123291, 39.8270111084, 27.8142852783, 30.7484722137, 29.913602829, 19.1133537292, 16.9851474762, 6.48883628845, 3.33895945549, 4.34052038193, 3.1693341732, 0.989912569523, 0.547417223454, 0.128106549382, 0.016510643065, 0.00439635012299, 0.0010663253488, 0.00067039381247, 0.000230432124226, 0.000190916383872, 8.5882456915e-005, 1.26255399664e-005, 2.69981433121e-006, 8.82995755092e-006, 1.95440952666e-005],
        "var": [3.15727556881e-005, 0.0102323414758, 1.31160378456, 6.04452466965, 255.837020874, 266.814483643, 265.535522461, 2891.81616211, 7548.9140625, 4553.11962891, 8724.49316406, 6064.51464844, 8761.98046875, 12064.5429688, 6464.84033203, 13513.1269531, 20631.2871094, 3388.37353516, 9671.6328125, 6441.66113281, 1959.21923828, 1042.78771973, 141.266326904, 29.1738872528, 57.6432266235, 30.9206790924, 3.97287273407, 1.43361508846, 0.0785074755549, 0.00128083396703, 9.77691379376e-005, 8.89976945473e-006, 3.47239642906e-006, 3.00229174854e-007, 1.05985520804e-007, 1.11530331637e-008, 4.70375072226e-010, 4.30488943104e-011, 8.14809747451e-011, 3.92082838419e-010]
    },
    "gfcc": {
        "mean": [-141.00994873, 189.603103638, -175.653167725, 5.93857622147, -31.555223465, -33.6893577576, -20.2430915833, -17.1056289673, -20.6126708984, -3.80398058891, -7.46551275253, -7.35933637619, 3.93357491493],
        "cov": [[7014.12841797, 42.430896759, -1847.17810059, 99.0636672974, -101.868003845, -462.394683838, 323.49130249, -392.489013672, 14.3812303543, -173.088363647, -195.134552002, -238.732452393, 16.4512062073], [42.430896759, 522.543334961, 312.936828613, -96.8103866577, 88.3411865234, -17.9077568054, -38.7731323242, 17.8976535797, -7.41144418716, -67.3074035645, -39.5734786987, -43.0331306458, -34.5382041931], [-1847.17810059, 312.936828613, 1116.85314941, 135.553710938, 19.8138103485, 160.199264526, -176.857421875, 102.994056702, -66.4348144531, -52.7779312134, -28.3886623383, 23.4660606384, -21.8078765869], [99.0636672974, -96.8103866577, 135.553710938, 529.674743652, 86.8007507324, 59.4443321228, -63.9394493103, -60.2928199768, -69.7902374268, -32.3899345398, 2.42345571518, 15.3028726578, 10.8338880539], [-101.868003845, 88.3411865234, 19.8138103485, 86.8007507324, 276.102020264, 61.1528968811, -70.3068008423, 3.29401278496, 4.46321868896, -11.4929952621, -17.9778728485, -49.7706222534, -46.0994262695], [-462.394683838, -17.9077568054, 160.199264526, 59.4443321228, 61.1528968811, 283.27444458, 78.7134933472, 39.3892478943, -77.3641967773, -7.97854375839, 4.9518995285, 13.9946880341, -46.5782241821], [323.49130249, -38.7731323242, -176.857421875, -63.9394493103, -70.3068008423, 78.7134933472, 307.258514404, 24.6262283325, -57.5739364624, -44.3002548218, -16.7945270538, 11.1632909775, -14.1281909943], [-392.489013672, 17.8976535797, 102.994056702, -60.2928199768, 3.29401278496, 39.3892478943, 24.6262283325, 161.752975464, 36.9991416931, 1.24009108543, -29.5906505585, -15.5653476715, -21.341627121], [14.3812303543, -7.41144418716, -66.4348144531, -69.7902374268, 4.46321868896, -77.3641967773, -57.5739364624, 36.9991416931, 173.142578125, 62.3801002502, -5.9134812355, -16.6319065094, 3.40594816208], [-173.088363647, -67.3074035645, -52.7779312134, -32.3899345398, -11.4929952621, -7.97854375839, -44.3002548218, 1.24009108543, 62.3801002502, 141.596405029, 68.9876327515, 26.1291866302, 23.0825958252], [-195.134552002, -39.5734786987, -28.3886623383, 2.42345571518, -17.9778728485, 4.9518995285, -16.7945270538, -29.5906505585, -5.9134812355, 68.9876327515, 142.93649292, 90.1164016724, 23.4012088776], [-238.732452393, -43.0331306458, 23.4660606384, 15.3028726578, -49.7706222534, 13.9946880341, 11.1632909775, -15.5653476715, -16.6319065094, 26.1291866302, 90.1164016724, 156.194702148, 57.6911392212], [16.4512062073, -34.5382041931, -21.8078765869, 10.8338880539, -46.0994262695, -46.5782241821, -14.1281909943, -21.341627121, 3.40594816208, 23.0825958252, 23.4012088776, 57.6911392212, 85.4119338989]],
        "icov": [[0.000546500086784, -0.000897395424545, 0.00118328968529, -0.000622161664069, 0.00070488959318, 2.20178080781e-005, 2.15002019104e-005, 0.000564104702789, -4.25154539698e-005, 0.000268226838671, 0.000591113755945, 0.000370288820704, -3.29936228809e-005], [-0.000897395424545, 0.00485824560747, -0.0033605650533, 0.00216848962009, -0.0028514394071, 0.00120610103477, -0.000858617771883, -9.83656645985e-005, -0.000127098639496, 0.000778595509473, -0.00147288129665, -7.5802388892e-005, 0.000205801217817], [0.00118328968529, -0.0033605650533, 0.00462235324085, -0.00201221415773, 0.00278427964076, -0.00145064655226, 0.00188843254, -0.000213561666897, 0.000483273732243, 0.00073355785571, 0.00179462903179, 0.000131915207021, 2.09767949855e-005], [-0.000622161664069, 0.00216848962009, -0.00201221415773, 0.00344399432652, -0.00204312754795, -3.7965062802e-005, 9.83426580206e-005, 0.000479103822727, 0.000512792204972, 0.000462727417471, -0.000717436487321, -0.000367157015717, -0.000642309780233], [0.00070488959318, -0.0028514394071, 0.00278427964076, -0.00204312754795, 0.00684990966693, -0.00227899872698, 0.00226733763702, 8.3269791503e-005, -0.00052962260088, 0.000707636296283, 0.000578483624849, 0.0013119536452, 0.00131661340129], [2.20178080781e-005, 0.00120610103477, -0.00145064655226, -3.7965062802e-005, -0.00227899872698, 0.00710368901491, -0.00257091410458, -0.000543661939446, 0.00262847938575, -0.00245182728395, 0.00103028235026, -0.0019512505969, 0.0037941292394], [2.15002019104e-005, -0.000858617771883, 0.00188843254, 9.83426580206e-005, 0.00226733763702, -0.00257091410458, 0.00607520062476, -0.00155079632532, 0.00128202571068, 0.00145118881483, 0.000736724759918, -0.000841932196636, 0.00048103267909], [0.000564104702789, -9.83656645985e-005, -0.000213561666897, 0.000479103822727, 8.3269791503e-005, -0.000543661939446, -0.00155079632532, 0.00939621962607, -0.00265739299357, 4.0568706936e-006, 0.00220332946628, -1.33829444167e-005, 0.00108626380097], [-4.25154539698e-005, -0.000127098639496, 0.000483273732243, 0.000512792204972, -0.00052962260088, 0.00262847938575, 0.00128202571068, -0.00265739299357, 0.0101743303239, -0.00527331000194, 0.00300857517868, -0.00145019614138, 0.00188539375085], [0.000268226838671, 0.000778595509473, 0.00073355785571, 0.000462727417471, 0.000707636296283, -0.00245182728395, 0.00145118881483, 4.0568706936e-006, -0.00527331000194, 0.0148291746154, -0.00822316948324, 0.00426683574915, -0.00474863126874], [0.000591113755945, -0.00147288129665, 0.00179462903179, -0.000717436487321, 0.000578483624849, 0.00103028235026, 0.000736724759918, 0.00220332946628, 0.00300857517868, -0.00822316948324, 0.0178991742432, -0.0100608030334, 0.00538009218872], [0.000370288820704, -7.5802388892e-005, 0.000131915207021, -0.000367157015717, 0.0013119536452, -0.0019512505969, -0.000841932196636, -1.33829444167e-005, -0.00145019614138, 0.00426683574915, -0.0100608030334, 0.0161623619497, -0.00977593753487], [-3.29936228809e-005, 0.000205801217817, 2.09767949855e-005, -0.000642309780233, 0.00131661340129, 0.0037941292394, 0.00048103267909, 0.00108626380097, 0.00188539375085, -0.00474863126874, 0.00538009218872, -0.00977593753487, 0.0213522631675]]
    },
    "melbands": {
        "mean": [3.74990777345e-005, 0.000207281642361, 0.000391047302401, 0.000518566055689, 0.000354704621714, 0.000578827632125, 0.000528639124241, 0.000223450566409, 0.000208609635592, 0.000164219731232, 0.000128086816403, 0.000170791550772, 0.000138350311317, 0.000122109195217, 6.69036235195e-005, 9.0057743364e-005, 4.51394625998e-005, 3.98899537686e-005, 6.44115061732e-005, 1.9603940018e-005, 2.45318533416e-005, 1.86954184755e-005, 9.86394934444e-006, 3.67710345017e-006, 2.42948362938e-006, 3.26322833644e-006, 3.40212227457e-006, 1.7042317495e-006, 5.82696941365e-007, 5.37509436072e-007, 2.19074905772e-007, 7.9913263562e-008, 1.8062573659e-008, 5.28238652819e-009, 2.63155741642e-009, 9.11570985362e-010, 4.99984220692e-010, 5.19548015721e-010, 2.43553510693e-010, 1.54335461078e-010],
        "var": [3.82197429261e-009, 1.90863076455e-007, 5.87232591442e-007, 1.95497659661e-006, 2.57608178345e-007, 1.33944683967e-006, 1.81222662832e-006, 4.64749575713e-007, 4.9755129794e-007, 2.7621123877e-007, 2.08369002053e-007, 1.86311751804e-007, 9.43528135622e-008, 1.75117165213e-007, 6.22209910262e-008, 7.90069663026e-008, 9.45350997483e-009, 1.89635827041e-008, 3.91760899277e-008, 2.71854427858e-009, 3.58837093373e-009, 1.39974176694e-009, 4.48304726675e-010, 4.65109652181e-011, 2.00929516081e-011, 3.74655376167e-011, 4.29947154268e-011, 9.41314734493e-012, 2.31271468989e-012, 1.4389497623e-012, 2.87062691326e-013, 3.44146809845e-014, 2.22524470265e-015, 1.95266253868e-016, 4.1587984295e-017, 6.0838976889e-018, 2.46983061455e-018, 2.38649981925e-018, 4.6249539544e-019, 1.64107502426e-019]
    },
    "mfcc": {
        "mean": [-760.830627441, 202.457641602, -57.1918716431, 26.3072090149, -2.90248656273, -9.64708995819, 0.233592793345, -15.0808668137, -3.29243016243, -11.2012233734, -8.08080673218, 1.56920838356, -0.573143780231],
        "cov": [[5012.16259766, 371.740631104, -2046.40551758, 683.672668457, -809.668457031, 136.519302368, 12.7365541458, -270.80758667, 233.638137817, -100.90625, -81.1037216187, -135.155456543, -21.4658317566], [371.740631104, 566.039978027, 80.4982528687, -126.392967224, 25.6504917145, -80.4647979736, -30.1492614746, 21.2237796783, 42.9389457703, 11.1005430222, -3.06789183617, -18.3294391632, -87.0391845703], [-2046.40551758, 80.4982528687, 1308.67810059, -151.749343872, 324.899505615, -3.14502239227, -12.9126625061, 178.284500122, -96.1733779907, -6.32488203049, 1.40806889534, 7.2060379982, -41.3787574768], [683.672668457, -126.392967224, -151.749343872, 487.112854004, 27.097032547, 77.0234680176, -3.99939799309, -55.5235137939, -0.0797844603658, -44.2367515564, -49.538028717, -73.8832931519, 6.5117726326], [-809.668457031, 25.6504917145, 324.899505615, 27.097032547, 512.956237793, 39.0045547485, -86.1988067627, 14.909532547, -83.0528259277, 64.8908615112, 18.6880874634, -26.2838916779, -17.0677261353], [136.519302368, -80.4647979736, -3.14502239227, 77.0234680176, 39.0045547485, 224.7006073, 97.0187225342, 13.4893913269, -24.4742279053, -26.6398620605, 2.4800760746, -19.5985717773, 11.9746332169], [12.7365541458, -30.1492614746, -12.9126625061, -3.99939799309, -86.1988067627, 97.0187225342, 256.917510986, 101.058822632, -20.1288013458, -36.5522880554, -2.05773758888, 13.4851026535, -8.88495349884], [-270.80758667, 21.2237796783, 178.284500122, -55.5235137939, 14.909532547, 13.4893913269, 101.058822632, 189.65234375, 32.3029594421, -18.5781097412, 14.0334453583, -3.13997745514, -23.314250946], [233.638137817, 42.9389457703, -96.1733779907, -0.0797844603658, -83.0528259277, -24.4742279053, -20.1288013458, 32.3029594421, 161.767929077, 51.7269744873, -11.5487689972, -4.39592027664, -33.3362541199], [-100.90625, 11.1005430222, -6.32488203049, -44.2367515564, 64.8908615112, -26.6398620605, -36.5522880554, -18.5781097412, 51.7269744873, 152.737442017, 42.960105896, -19.3205299377, -15.9542608261], [-81.1037216187, -3.06789183617, 1.40806889534, -49.538028717, 18.6880874634, 2.4800760746, -2.05773758888, 14.0334453583, -11.5487689972, 42.960105896, 102.714164734, 20.2737598419, -23.5888137817], [-135.155456543, -18.3294391632, 7.2060379982, -73.8832931519, -26.2838916779, -19.5985717773, 13.4851026535, -3.13997745514, -4.39592027664, -19.3205299377, 20.2737598419, 98.9942016602, 37.9798698425], [-21.4658317566, -87.0391845703, -41.3787574768, 6.5117726326, -17.0677261353, 11.9746332169, -8.88495349884, -23.314250946, -33.3362541199, -15.9542608261, -23.5888137817, 37.9798698425, 172.081863403]],
        "icov": [[0.0163299050182, -0.0217547845095, 0.0221583340317, -0.0223833397031, 0.0228264313191, -0.0220020655543, 0.0198239106685, -0.0163351055235, 0.014616378583, -0.0118822325021, 0.00907647423446, -0.00673417234793, 0.00427448190749], [-0.0217547845095, 0.031217822805, -0.0296093579382, 0.030557109043, -0.030893618241, 0.0301514137536, -0.0268639419228, 0.0224402397871, -0.0206092502922, 0.0168484915048, -0.0123079121113, 0.0100031401962, -0.00503429258242], [0.0221583340317, -0.0296093579382, 0.0313293561339, -0.0302373059094, 0.0306840725243, -0.0302083585411, 0.0278492774814, -0.0241182204336, 0.0213415939361, -0.0168715734035, 0.0135125694796, -0.0100458357483, 0.00642068823799], [-0.0223833397031, 0.030557109043, -0.0302373059094, 0.0338782444596, -0.0322451554239, 0.0301585327834, -0.0280809048563, 0.0242702066898, -0.0219639129937, 0.018722653389, -0.0129513051361, 0.0123636042699, -0.0063708499074], [0.0228264313191, -0.030893618241, 0.0306840725243, -0.0322451554239, 0.0360357128084, -0.0328489728272, 0.0309469215572, -0.0259414725006, 0.0249888375401, -0.0209569614381, 0.0150953019038, -0.0117069976404, 0.00731410551816], [-0.0220020655543, 0.0301514137536, -0.0302083585411, 0.0301585327834, -0.0328489728272, 0.0372170060873, -0.0316000729799, 0.0255461670458, -0.0231302957982, 0.0198739375919, -0.0157820545137, 0.0130081456155, -0.00759017746896], [0.0198239106685, -0.0268639419228, 0.0278492774814, -0.0280809048563, 0.0309469215572, -0.0316000729799, 0.0343889333308, -0.0281584225595, 0.0247562378645, -0.0195820946246, 0.0161115024239, -0.0136291440576, 0.00807021278888], [-0.0163351055235, 0.0224402397871, -0.0241182204336, 0.0242702066898, -0.0259414725006, 0.0255461670458, -0.0281584225595, 0.0311429668218, -0.024541337043, 0.0200289897621, -0.0163741689175, 0.0136276865378, -0.00713999243453], [0.014616378583, -0.0206092502922, 0.0213415939361, -0.0219639129937, 0.0249888375401, -0.0231302957982, 0.0247562378645, -0.024541337043, 0.0301414057612, -0.0218796245754, 0.0170960836112, -0.0136201195419, 0.00856349710375], [-0.0118822325021, 0.0168484915048, -0.0168715734035, 0.018722653389, -0.0209569614381, 0.0198739375919, -0.0195820946246, 0.0200289897621, -0.0218796245754, 0.0254950467497, -0.0167986545712, 0.013788856566, -0.00670559098944], [0.00907647423446, -0.0123079121113, 0.0135125694796, -0.0129513051361, 0.0150953019038, -0.0157820545137, 0.0161115024239, -0.0163741689175, 0.0170960836112, -0.0167986545712, 0.0234850887209, -0.0126173105091, 0.00761356530711], [-0.00673417234793, 0.0100031401962, -0.0100458357483, 0.0123636042699, -0.0117069976404, 0.0130081456155, -0.0136291440576, 0.0136276865378, -0.0136201195419, 0.013788856566, -0.0126173105091, 0.0220377892256, -0.00754123507068], [0.00427448190749, -0.00503429258242, 0.00642068823799, -0.0063708499074, 0.00731410551816, -0.00759017746896, 0.00807021278888, -0.00713999243453, 0.00856349710375, -0.00670559098944, 0.00761356530711, -0.00754123507068, 0.0100313136354]]
    },
    "spectral_contrast_coeffs": {
        "mean": [-0.589506030083, -0.649523377419, -0.711183786392, -0.737066268921, -0.745563745499, -0.693834066391],
        "var": [0.00821814127266, 0.0106521081179, 0.00819992274046, 0.0054391133599, 0.00327661703341, 0.00399778969586]
    },
    "spectral_contrast_valleys": {
        "mean": [-8.55436229706, -7.49628210068, -8.04415225983, -8.47626781464, -8.91817569733, -13.7757148743],
        "var": [1.21468400955, 1.16073429585, 1.21265423298, 1.32378256321, 1.36238157749, 0.634897887707]
    }
},
"metadata": {
    "audio_properties": {
        "analysis_sample_rate": 44100,
        "bit_rate": 106947,
        "equal_loudness": 0,
        "length": 45.0612258911,
        "lossless": 0,
        "replay_gain": -11.4481296539,
        "sample_rate": 44100,
        "codec": "mp3",
        "downmix": "mix",
        "md5_encoded": "7f6e5f02dbc4dad5ca5e4c1557d96348"
    },
    "tags": {
        "file_name": "55.mp3"
    },
    "version": {
        "essentia": "2.1-beta2",
        "essentia_git_sha": "v2.1_beta2",
        "extractor": "music 1.0"
    }
},
"rhythm": {
    "beats_count": 102,
    "beats_loudness": {
        "mean": 0.0289699938148,
        "var": 0.000301966181723
    },
    "bpm": 136.605789185,
    "bpm_histogram_first_peak_bpm": {
        "mean": 136,
        "var": 0
    },
    "bpm_histogram_first_peak_spread": {
        "mean": 0.372340381145,
        "var": 0
    },
    "bpm_histogram_first_peak_weight": {
        "mean": 0.584158420563,
        "var": 0
    },
    "bpm_histogram_second_peak_bpm": {
        "mean": 144,
        "var": 0
    },
    "bpm_histogram_second_peak_spread": {
        "mean": 0,
        "var": 0
    },
    "bpm_histogram_second_peak_weight": {
        "mean": 0.0495049506426,
        "var": 0
    },
    "danceability": 1.2095451355,
    "onset_rate": 3.68221664429,
    "beats_loudness_band_ratio": {
        "mean": [0.291294366121, 0.308360159397, 0.189235731959, 0.212890103459, 0.0853722319007, 0.011821301654],
        "var": [0.0507264919579, 0.0492579638958, 0.0373401753604, 0.0425348877907, 0.0111257480457, 0.000152536726091]
    },
    "beats_position": [0.429569154978, 0.859138309956, 1.30031740665, 1.72988653183, 2.15945577621, 2.60063481331, 3.04181408882, 3.48299312592, 3.92417216301, 4.3653512001, 4.80653047562, 5.27092981339, 5.71210861206, 6.15328788757, 6.59446716309, 7.03564596176, 7.47682523727, 7.91800451279, 8.35918331146, 8.80036258698, 9.24154186249, 9.682721138, 10.1239004135, 10.5766887665, 11.0294780731, 11.4706573486, 11.9118366241, 12.3646259308, 12.8174142838, 13.2585935593, 13.6997728348, 14.1641721725, 14.6053514481, 15.0465307236, 15.4993190765, 15.9521083832, 16.3932876587, 16.8228569031, 17.2524261475, 17.693605423, 18.1347846985, 18.575963974, 19.0171432495, 19.4699325562, 19.9227199554, 20.363899231, 20.8050785065, 21.2578678131, 21.7106571198, 22.1518363953, 22.5930156708, 23.0341949463, 23.4753742218, 23.9165534973, 24.3577327728, 24.7989120483, 25.2284793854, 25.6580486298, 26.0992279053, 26.5404071808, 26.9815864563, 27.3995456696, 27.8175048828, 28.2586841583, 28.6882534027, 29.1178226471, 29.5590019226, 30.0001811981, 30.4413604736, 30.870929718, 31.3004989624, 31.7416782379, 32.1828575134, 32.6240348816, 33.0652160645, 33.4947853088, 33.9243545532, 34.3655319214, 34.783493042, 35.2246704102, 35.6658477783, 36.0954170227, 36.5249862671, 36.9429473877, 37.3725166321, 37.8020858765, 38.2200431824, 38.6612243652, 39.0907936096, 39.520362854, 39.9615402222, 40.402721405, 40.8438987732, 41.2850799561, 41.7262573242, 42.1558265686, 42.585395813, 43.0149650574, 43.4561424255, 43.8857116699, 44.3152809143, 44.7448501587]
},
"tonal": {
    "chords_changes_rate": 0.0514403283596,
    "chords_number_rate": 0.0102880662307,
    "chords_strength": {
        "mean": 0.596312701702,
        "var": 0.0124371284619
    },
    "hpcp_entropy": {
        "mean": 1.44213652611,
        "var": 0.625597178936
    },
    "key_strength": 0.753427028656,
    "tuning_diatonic_strength": 0.656041026115,
    "tuning_equal_tempered_deviation": 0.114576622844,
    "tuning_frequency": 451.065460205,
    "tuning_nontempered_energy_ratio": 0.784657597542,
    "hpcp": {
        "mean": [0.109940566123, 0.113599479198, 0.152953460813, 0.200314104557, 0.126755744219, 0.0758788958192, 0.134850114584, 0.128887876868, 0.0571777336299, 0.0347943380475, 0.0482595674694, 0.106883473694, 0.25791028142, 0.268729656935, 0.111059382558, 0.0407230220735, 0.0416101850569, 0.0776171907783, 0.121000036597, 0.0909058600664, 0.0567416623235, 0.0829215124249, 0.0844936519861, 0.076074577868, 0.0859146341681, 0.0934640020132, 0.224062606692, 0.355698227882, 0.242757827044, 0.101297207177, 0.070557013154, 0.0619427673519, 0.0802603065968, 0.106976903975, 0.0872524008155, 0.0768481716514],
        "var": [0.0585018023849, 0.0554248206317, 0.0528786405921, 0.0945538133383, 0.042335614562, 0.0241573639214, 0.058826405555, 0.058178037405, 0.014915949665, 0.0119266957045, 0.0193374380469, 0.0389593876898, 0.0967751964927, 0.11836951226, 0.0329105854034, 0.0132793821394, 0.0170563794672, 0.0293583590537, 0.0623003691435, 0.0342497490346, 0.017214236781, 0.0330685041845, 0.034567233175, 0.0244948156178, 0.0328600108624, 0.0299173220992, 0.0843686461449, 0.162627458572, 0.0882174968719, 0.0392304696143, 0.0289614424109, 0.0233402587473, 0.0289473999292, 0.0480872541666, 0.0308219976723, 0.0269590932876]
    },
    "chords_histogram": [42.6954727173, 3.18930029869, 0.925925910473, 0, 0, 0, 0.102880656719, 0, 1.13168728352, 0, 4.93827152252, 0.102880656719, 0.925925910473, 0, 0, 0, 1.33744859695, 23.4567909241, 0.102880656719, 1.44032919407, 0, 2.98353910446, 15.6378602982, 1.02880656719],
    "thpcp": [1, 0.682482540607, 0.2847841084, 0.198362007737, 0.174144148827, 0.225641563535, 0.30075186491, 0.245298951864, 0.216048792005, 0.309083819389, 0.319370388985, 0.430009067059, 0.563157439232, 0.356357544661, 0.213323801756, 0.379113823175, 0.362351745367, 0.160747870803, 0.097819827497, 0.135675594211, 0.300489187241, 0.72508174181, 0.755499005318, 0.312229216099, 0.114487558603, 0.116981707513, 0.218210786581, 0.340176105499, 0.255570173264, 0.159521907568, 0.233123213053, 0.237543076277, 0.213873922825, 0.241537988186, 0.262762069702, 0.629923343658],
    "chords_key": "F#",
    "chords_scale": "major",
    "key_key": "F#",
    "key_scale": "major"
}
}