{
"lowlevel": {
    "average_loudness": 0.957593917847,
    "barkbands_crest": {
        "mean": 9.99725246429,
        "var": 13.2261428833
    },
    "barkbands_flatness_db": {
        "mean": 0.183061644435,
        "var": 0.00261932564899
    },
    "barkbands_kurtosis": {
        "mean": 5.75436878204,
        "var": 52.7785186768
    },
    "barkbands_skewness": {
        "mean": 1.80042147636,
        "var": 1.06753253937
    },
    "barkbands_spread": {
        "mean": 12.5284166336,
        "var": 76.0859527588
    },
    "dissonance": {
        "mean": 0.443318516016,
        "var": 0.001400555484
    },
    "dynamic_complexity": 2.5641503334,
    "erbbands_crest": {
        "mean": 9.54054737091,
        "var": 16.4735507965
    },
    "erbbands_flatness_db": {
        "mean": 0.187461078167,
        "var": 0.00191207649186
    },
    "erbbands_kurtosis": {
        "mean": 0.77904856205,
        "var": 5.34022665024
    },
    "erbbands_skewness": {
        "mean": 0.544506490231,
        "var": 0.531232059002
    },
    "erbbands_spread": {
        "mean": 29.7833061218,
        "var": 185.943832397
    },
    "hfc": {
        "mean": 14.9352607727,
        "var": 131.041503906
    },
    "melbands_crest": {
        "mean": 14.1713161469,
        "var": 22.8661689758
    },
    "melbands_flatness_db": {
        "mean": 0.252213507891,
        "var": 0.0041029038839
    },
    "melbands_kurtosis": {
        "mean": 12.1002750397,
        "var": 176.782958984
    },
    "melbands_skewness": {
        "mean": 2.50718259811,
        "var": 1.63849937916
    },
    "melbands_spread": {
        "mean": 13.9054374695,
        "var": 135.958938599
    },
    "pitch_salience": {
        "mean": 0.575713992119,
        "var": 0.0105836847797
    },
    "silence_rate_20dB": {
        "mean": 1,
        "var": 0
    },
    "silence_rate_30dB": {
        "mean": 0.983015954494,
        "var": 0.016695311293
    },
    "silence_rate_60dB": {
        "mean": 0.0154400411993,
        "var": 0.015201671049
    },
    "spectral_centroid": {
        "mean": 758.38458252,
        "var": 225645.546875
    },
    "spectral_complexity": {
        "mean": 16.1935157776,
        "var": 44.5738716125
    },
    "spectral_decrease": {
        "mean": -8.44845882142e-009,
        "var": 4.48611776836e-017
    },
    "spectral_energy": {
        "mean": 0.0332411266863,
        "var": 0.000675294024404
    },
    "spectral_energyband_high": {
        "mean": 0.000219942550757,
        "var": 2.69451874146e-007
    },
    "spectral_energyband_low": {
        "mean": 0.0121736004949,
        "var": 0.000276295206277
    },
    "spectral_energyband_middle_high": {
        "mean": 0.00415732245892,
        "var": 2.54395672528e-005
    },
    "spectral_energyband_middle_low": {
        "mean": 0.0186892505735,
        "var": 0.000223148177611
    },
    "spectral_entropy": {
        "mean": 7.11591768265,
        "var": 0.228479787707
    },
    "spectral_flux": {
        "mean": 0.0891796946526,
        "var": 0.00269349548034
    },
    "spectral_kurtosis": {
        "mean": 8.65406894684,
        "var": 41.4822120667
    },
    "spectral_rms": {
        "mean": 0.00528477923945,
        "var": 4.50148081654e-006
    },
    "spectral_rolloff": {
        "mean": 843.627807617,
        "var": 881911.625
    },
    "spectral_skewness": {
        "mean": 2.13815879822,
        "var": 0.463926464319
    },
    "spectral_spread": {
        "mean": 3427261.75,
        "var": 2.2755826729e+012
    },
    "spectral_strongpeak": {
        "mean": 0.833978056908,
        "var": 0.689210057259
    },
    "zerocrossingrate": {
        "mean": 0.0358141623437,
        "var": 0.000645949796308
    },
    "barkbands": {
        "mean": [2.79179330391e-005, 0.00478773377836, 0.00553459953517, 0.00355492555536, 0.00582255562767, 0.00367557397112, 0.00182733684778, 0.00167592777871, 0.00184163800441, 0.00103126722388, 0.000304667046294, 0.000484530202812, 0.000551460077986, 0.000677329255268, 0.000511574617121, 0.000261676002992, 0.000211511389352, 8.58684943523e-005, 0.000101439763966, 7.84665098763e-005, 6.07423462498e-005, 4.44786892331e-005, 3.67713655578e-005, 3.11497351504e-005, 1.41699156302e-005, 5.56243412575e-006, 2.74078132634e-007],
        "var": [3.91471788319e-009, 9.56433432293e-005, 6.43677121843e-005, 3.86883621104e-005, 5.61582237424e-005, 3.52094612026e-005, 6.40604139335e-006, 9.88643023447e-006, 1.06606730697e-005, 5.57700559511e-006, 9.78794673756e-007, 6.93947981745e-007, 1.15151408409e-006, 2.70172313321e-006, 1.66102506682e-006, 1.88642843568e-007, 1.37012449386e-007, 1.42523441937e-008, 2.58650985074e-008, 5.48199778905e-008, 4.13787724085e-008, 1.02488932896e-008, 9.32610966231e-009, 8.0315194495e-009, 2.81475598385e-009, 4.53751952678e-010, 1.67934839212e-012]
    },
    "erbbands": {
        "mean": [0.086374796927, 1.32313883305, 6.14594125748, 9.24954605103, 13.3493251801, 20.5073623657, 33.332195282, 25.7148475647, 24.5796985626, 30.0021152496, 38.572467804, 45.3199958801, 32.8577613831, 25.6091518402, 14.4990339279, 19.169216156, 25.7988491058, 33.9824829102, 31.9540252686, 19.0136566162, 15.0523576736, 11.1418027878, 5.5483288765, 5.2503323555, 4.88144540787, 3.29531669617, 2.67307209969, 2.07096743584, 1.63972556591, 1.29834783077, 0.975771605968, 0.805935323238, 0.414877980947, 0.185715034604, 0.0898542553186, 0.0344536155462, 0.00778747163713, 0.00123481114861, 4.90360725962e-005, 3.88359912904e-005],
        "var": [0.0246963556856, 6.97673034668, 82.1984558105, 157.900527954, 368.538482666, 767.278137207, 3069.90209961, 1925.23815918, 1295.98376465, 3073.65673828, 4210.69091797, 6895.80615234, 5802.28808594, 3032.15161133, 1196.51464844, 997.259521484, 2124.61547852, 7332.34570313, 5522.26025391, 1405.79248047, 615.690795898, 362.702758789, 56.4479141235, 52.5616989136, 153.141342163, 62.6332092285, 77.9412612915, 34.6362457275, 16.1600666046, 8.8175239563, 6.80042266846, 6.6031870842, 1.30575406551, 0.296527773142, 0.211126193404, 0.0254863221198, 0.000565254886169, 2.06129279832e-005, 1.88474338358e-008, 8.50093884175e-010]
    },
    "gfcc": {
        "mean": [-24.3827400208, 137.139633179, -117.196884155, 24.7068996429, -59.0900650024, 8.92696380615, -40.7790756226, -1.98240184784, -20.6306552887, -6.25108289719, -14.4604682922, -9.46263027191, -11.8949041367],
        "cov": [[5096.34277344, -880.797058105, -123.811225891, 324.364929199, -70.6857681274, 308.282958984, -288.37878418, 298.949676514, 34.1157188416, 236.912643433, -204.448410034, 69.6721801758, -63.9003601074], [-880.797058105, 1125.65881348, -41.0341529846, -184.782897949, 229.119903564, -133.564163208, 221.20123291, -115.866699219, 126.872810364, -144.004302979, 176.06086731, -83.4852142334, 63.7693099976], [-123.811225891, -41.0341529846, 455.365142822, 109.888496399, 66.7799682617, 62.6213417053, 32.0966262817, 33.1054077148, -37.1130867004, 36.8261985779, 21.031036377, 73.2986755371, 3.06299948692], [324.364929199, -184.782897949, 109.888496399, 319.190643311, 50.450756073, 55.7963104248, -10.5931921005, 27.2531318665, 8.00968074799, 28.9208908081, 2.81564068794, 11.9348917007, 14.9118766785], [-70.6857681274, 229.119903564, 66.7799682617, 50.450756073, 311.656066895, 67.7088546753, 46.8033027649, 29.1026954651, 77.2859573364, 12.0285844803, 32.1200752258, -5.62301874161, 8.48840332031], [308.282958984, -133.564163208, 62.6213417053, 55.7963104248, 67.7088546753, 177.141586304, 20.1092796326, 68.0660018921, 2.45833206177, 34.6465415955, -6.29855489731, 18.3019924164, -9.46281433105], [-288.37878418, 221.20123291, 32.0966262817, -10.5931921005, 46.8033027649, 20.1092796326, 203.576293945, 22.1699962616, 3.32395029068, -37.3467559814, 42.454460144, -15.195681572, -7.46957683563], [298.949676514, -115.866699219, 33.1054077148, 27.2531318665, 29.1026954651, 68.0660018921, 22.1699962616, 134.375976563, 32.1239624023, 39.2307853699, -25.1964626312, -0.0917235687375, -15.8603086472], [34.1157188416, 126.872810364, -37.1130867004, 8.00968074799, 77.2859573364, 2.45833206177, 3.32395029068, 32.1239624023, 137.670318604, 26.0732269287, 15.5051651001, -29.6236400604, 0.00387814058922], [236.912643433, -144.004302979, 36.8261985779, 28.9208908081, 12.0285844803, 34.6465415955, -37.3467559814, 39.2307853699, 26.0732269287, 96.6788864136, -11.266207695, 17.6896648407, -15.475777626], [-204.448410034, 176.06086731, 21.031036377, 2.81564068794, 32.1200752258, -6.29855489731, 42.454460144, -25.1964626312, 15.5051651001, -11.266207695, 105.370079041, 18.3944187164, 25.7296142578], [69.6721801758, -83.4852142334, 73.2986755371, 11.9348917007, -5.62301874161, 18.3019924164, -15.195681572, -0.0917235687375, -29.6236400604, 17.6896648407, 18.3944187164, 94.7937545776, 23.0490036011], [-63.9003601074, 63.7693099976, 3.06299948692, 14.9118766785, 8.48840332031, -9.46281433105, -7.46957683563, -15.8603086472, 0.00387814058922, -15.475777626, 25.7296142578, 23.0490036011, 88.2444076538]],
        "icov": [[0.000355264754035, -0.000448018487077, 0.00037259637611, -0.000565119960811, 0.000378969562007, -0.000614189018961, 0.000662846548948, -0.000764206808526, 0.000320978317177, -0.000609002250712, 0.000691953697242, -0.000627948727924, 0.000335463730153], [-0.000448018487077, 0.00552400760353, -0.00142597476952, 0.00339692016132, -0.00336988898925, 0.00321343354881, -0.00398181844503, 0.00350977666676, -0.0038169878535, 0.00440913112834, -0.00527686113492, 0.00406112102792, -0.00262707076035], [0.00037259637611, -0.00142597476952, 0.00360905472189, -0.00193839496933, 0.000296769518172, -0.00111188227311, 0.000731380714569, -0.00166507868562, 0.00209560547955, -0.00214240280911, 0.00131956709083, -0.00322114862502, 0.00119821401313], [-0.000565119960811, 0.00339692016132, -0.00193839496933, 0.00603460520506, -0.00239318655804, 0.00149585341569, -0.00236296304502, 0.00248920219019, -0.00237566884607, 0.00238612224348, -0.00353931449354, 0.00347916758619, -0.00263667642139], [0.000378969562007, -0.00336988898925, 0.000296769518172, -0.00239318655804, 0.00661500450224, -0.00377645296976, 0.00193302892148, -0.00171421479899, -0.000451003696071, -0.00228578597307, 0.00285216560587, -0.00232717511244, 0.00129339983687], [-0.000614189018961, 0.00321343354881, -0.00111188227311, 0.00149585341569, -0.00377645296976, 0.0106211993843, -0.00313760107383, -0.000986476661637, -0.000470238213893, 0.00135782069992, -0.00336805009283, 0.0017065332504, -0.00114733178634], [0.000662846548948, -0.00398181844503, 0.000731380714569, -0.00236296304502, 0.00193302892148, -0.00313760107383, 0.0101605122909, -0.00536679616198, 0.00337416306138, -0.000105213992356, 0.000688979809638, -0.0017929545138, 0.00335323275067], [-0.000764206808526, 0.00350977666676, -0.00166507868562, 0.00248920219019, -0.00171421479899, -0.000986476661637, -0.00536679616198, 0.0148619776592, -0.00545732164755, 0.000151460830239, -9.56115327426e-005, 0.00259194825776, -0.00179887167178], [0.000320978317177, -0.0038169878535, 0.00209560547955, -0.00237566884607, -0.000451003696071, -0.000470238213893, 0.00337416306138, -0.00545732164755, 0.0141999050975, -0.00655873352662, 0.000902631494682, 0.000933898845688, 0.000959211785812], [-0.000609002250712, 0.00440913112834, -0.00214240280911, 0.00238612224348, -0.00228578597307, 0.00135782069992, -0.000105213992356, 0.000151460830239, -0.00655873352662, 0.0195886734873, -0.00458111288026, 0.000175897803274, 0.0011531279888], [0.000691953697242, -0.00527686113492, 0.00131956709083, -0.00353931449354, 0.00285216560587, -0.00336805009283, 0.000688979809638, -9.56115327426e-005, 0.000902631494682, -0.00458111288026, 0.0187846012414, -0.00728321401402, -0.00010592421313], [-0.000627948727924, 0.00406112102792, -0.00322114862502, 0.00347916758619, -0.00232717511244, 0.0017065332504, -0.0017929545138, 0.00259194825776, 0.000933898845688, 0.000175897803274, -0.00728321401402, 0.0190079193562, -0.00595502089709], [0.000335463730153, -0.00262707076035, 0.00119821401313, -0.00263667642139, 0.00129339983687, -0.00114733178634, 0.00335323275067, -0.00179887167178, 0.000959211785812, 0.0011531279888, -0.00010592421313, -0.00595502089709, 0.0153790554032]]
    },
    "melbands": {
        "mean": [0.00106131203938, 0.00271759531461, 0.00173976074439, 0.00122708862182, 0.00113402877469, 0.000600671395659, 0.000371302885469, 0.000334170938004, 0.000322087958921, 0.000270615972113, 0.000160302530276, 0.000109710126708, 4.60623014078e-005, 5.09181809321e-005, 5.11137368449e-005, 6.06038156548e-005, 6.29887072137e-005, 5.27825141035e-005, 3.52954630216e-005, 1.89834718185e-005, 1.73532680492e-005, 1.27994535433e-005, 6.63369610265e-006, 3.78691083824e-006, 4.3316817937e-006, 3.6183218981e-006, 3.65683763448e-006, 1.75390869117e-006, 1.60523450177e-006, 1.52620521021e-006, 1.11770646072e-006, 9.6883650258e-007, 7.70847748299e-007, 7.11783286533e-007, 5.60341391065e-007, 5.3236419717e-007, 4.73218932484e-007, 3.27077316342e-007, 1.76696346443e-007, 1.49759358692e-007],
        "var": [4.33559125668e-006, 1.71022365976e-005, 5.41896361028e-006, 2.38326219915e-006, 3.05552453028e-006, 9.82042593023e-007, 2.80914235873e-007, 4.02444300107e-007, 2.9017027714e-007, 2.75262266314e-007, 1.5038946799e-007, 5.4236689806e-008, 1.49822891871e-008, 8.77025385648e-009, 7.98559529613e-009, 1.64148996618e-008, 2.82985901379e-008, 1.55925246048e-008, 8.0387012602e-009, 1.04613462337e-009, 9.34828658927e-010, 5.95892946098e-010, 1.00858842111e-010, 2.73756000507e-011, 4.12515854809e-011, 4.80766815247e-011, 1.84282158977e-010, 1.4526934343e-011, 2.28430486332e-011, 3.93533955423e-011, 8.30267798957e-012, 6.37383548718e-012, 2.69744751709e-012, 3.02087760189e-012, 2.13758134457e-012, 3.00374395495e-012, 2.34068146809e-012, 9.62800585785e-013, 1.6451918224e-013, 2.88486872195e-013]
    },
    "mfcc": {
        "mean": [-664.769104004, 162.042434692, 1.8095651865, 17.9336185455, 2.99633073807, 5.51879119873, -6.88915157318, 0.121311888099, -6.50729084015, 0.954644024372, -2.31138658524, -2.53368115425, -5.86279582977],
        "cov": [[3870.56591797, -1013.30450439, -71.8880233765, -14.6099338531, 202.524353027, 49.3902511597, -140.109115601, 7.68656206131, 153.283233643, 227.558074951, 17.6999206543, 4.49416065216, -57.818447113], [-1013.30450439, 1169.91674805, -135.223388672, -30.9788780212, 0.655821621418, -5.40679693222, 70.2115859985, 65.7599029541, -25.3193874359, -27.5739479065, 73.5022277832, 11.821146965, 31.9436473846], [-71.8880233765, -135.223388672, 363.873901367, 80.790473938, -0.564725041389, 30.9899196625, 58.8408126831, 16.967918396, -20.2627296448, -22.2528343201, -25.0240478516, 16.6703681946, 26.0066299438], [-14.6099338531, -30.9788780212, 80.790473938, 233.460571289, 57.7677497864, 42.5486030579, 25.2748222351, 11.5263414383, 13.6460752487, 2.18591332436, -3.97063922882, 14.8176898956, 35.8173980713], [202.524353027, 0.655821621418, -0.564725041389, 57.7677497864, 276.436950684, 73.3450546265, -6.96824216843, 13.2751626968, 35.3781661987, 68.0192871094, 24.2729091644, -5.31636810303, 1.70277559757], [49.3902511597, -5.40679693222, 30.9899196625, 42.5486030579, 73.3450546265, 121.379486084, 45.1806182861, 26.509552002, 7.66735315323, 15.9831428528, 14.4854459763, 11.1938095093, 3.59080862999], [-140.109115601, 70.2115859985, 58.8408126831, 25.2748222351, -6.96824216843, 45.1806182861, 171.486099243, 66.0804672241, 5.52886486053, -8.55202960968, 11.8099346161, 10.9799594879, 14.006316185], [7.68656206131, 65.7599029541, 16.967918396, 11.5263414383, 13.2751626968, 26.509552002, 66.0804672241, 110.357376099, 23.8650665283, 13.3568592072, 23.6702194214, 12.1815128326, 12.2946033478], [153.283233643, -25.3193874359, -20.2627296448, 13.6460752487, 35.3781661987, 7.66735315323, 5.52886486053, 23.8650665283, 100.899635315, 49.9514160156, 15.4931163788, 3.85430693626, 10.1636838913], [227.558074951, -27.5739479065, -22.2528343201, 2.18591332436, 68.0192871094, 15.9831428528, -8.55202960968, 13.3568592072, 49.9514160156, 123.225639343, 44.3246307373, 3.7646894455, -5.41161966324], [17.6999206543, 73.5022277832, -25.0240478516, -3.97063922882, 24.2729091644, 14.4854459763, 11.8099346161, 23.6702194214, 15.4931163788, 44.3246307373, 100.617782593, 28.1899623871, -3.89112663269], [4.49416065216, 11.821146965, 16.6703681946, 14.8176898956, -5.31636810303, 11.1938095093, 10.9799594879, 12.1815128326, 3.85430693626, 3.7646894455, 28.1899623871, 73.6866378784, 26.8391513824], [-57.818447113, 31.9436473846, 26.0066299438, 35.8173980713, 1.70277559757, 3.59080862999, 14.006316185, 12.2946033478, 10.1636838913, -5.41161966324, -3.89112663269, 26.8391513824, 90.4568405151]],
        "icov": [[0.000406461535022, 0.000351593946107, 0.000142408534884, 6.99729062035e-005, -0.000150207823026, -7.03012483427e-005, 0.000230838762945, -0.000285913498374, -0.000193662170204, -0.000444979028543, 6.93048423273e-005, -0.000151715503307, 0.000118863557873], [0.000351593946107, 0.00135331216734, 0.000584146764595, 0.000120727847388, -0.000293462857371, 0.000193366780877, -0.000202782335691, -0.000686628220137, 0.000278302235529, 0.000114218251838, -0.000827583484352, 0.000159688817803, -0.000453765125712], [0.000142408534884, 0.000584146764595, 0.00354836718179, -0.000900807150174, -3.22690648318e-005, -0.00020124578441, -0.001019462361, -0.000368003238691, 0.000945374835283, -9.57024240051e-005, 0.00069216650445, -0.000625221116934, -0.000458939059172], [6.99729062035e-005, 0.000120727847388, -0.000900807150174, 0.0053459671326, -0.000926333887037, -0.00106348865665, -0.00013362262689, 0.00022153017926, -0.000672881025821, 0.000406749197282, 0.000166218000231, -0.000277395360172, -0.0016160904197], [-0.000150207823026, -0.000293462857371, -3.22690648318e-005, -0.000926333887037, 0.00535230105743, -0.00301793566905, 0.00100369181018, 2.77257095149e-005, -0.00039582743193, -0.00210960046388, -0.000136468996061, 0.00119312165771, -0.000198049718165], [-7.03012483427e-005, 0.000193366780877, -0.00020124578441, -0.00106348865665, -0.00301793566905, 0.0118387388065, -0.00281836371869, -0.000780362926889, 0.000740288756788, 0.000102649530163, -0.000412448396673, -0.00141998310573, 0.000821592169814], [0.000230838762945, -0.000202782335691, -0.001019462361, -0.00013362262689, 0.00100369181018, -0.00281836371869, 0.00904859043658, -0.00453559542075, -0.0003500598541, 0.000489402329549, -0.000241422167164, 0.000323476764606, -0.000164218479767], [-0.000285913498374, -0.000686628220137, -0.000368003238691, 0.00022153017926, 2.77257095149e-005, -0.000780362926889, -0.00453559542075, 0.0134093612432, -0.00247820932418, 0.000224592135055, -0.00173586886376, -0.000204454074265, -0.000734124856535], [-0.000193662170204, 0.000278302235529, 0.000945374835283, -0.000672881025821, -0.00039582743193, 0.000740288756788, -0.0003500598541, -0.00247820932418, 0.0137422299013, -0.00489137647673, 0.000585738802329, 0.000139751471579, -0.00171129743103], [-0.000444979028543, 0.000114218251838, -9.57024240051e-005, 0.000406749197282, -0.00210960046388, 0.000102649530163, 0.000489402329549, 0.000224592135055, -0.00489137647673, 0.0139824748039, -0.00534799462184, 0.00115463824477, 0.000284491979983], [6.93048423273e-005, -0.000827583484352, 0.00069216650445, 0.000166218000231, -0.000136468996061, -0.000412448396673, -0.000241422167164, -0.00173586886376, 0.000585738802329, -0.00534799462184, 0.0153421778232, -0.0062168315053, 0.00248277117498], [-0.000151715503307, 0.000159688817803, -0.000625221116934, -0.000277395360172, 0.00119312165771, -0.00141998310573, 0.000323476764606, -0.000204454074265, 0.000139751471579, 0.00115463824477, -0.0062168315053, 0.0183595214039, -0.00551360892132], [0.000118863557873, -0.000453765125712, -0.000458939059172, -0.0016160904197, -0.000198049718165, 0.000821592169814, -0.000164218479767, -0.000734124856535, -0.00171129743103, 0.000284491979983, 0.00248277117498, -0.00551360892132, 0.0141114145517]]
    },
    "spectral_contrast_coeffs": {
        "mean": [-0.586692750454, -0.703203260899, -0.739737033844, -0.771367430687, -0.787769079208, -0.754264593124],
        "var": [0.00573351047933, 0.00569251086563, 0.00339045771398, 0.00215660315007, 0.00183785730042, 0.00143667426892]
    },
    "spectral_contrast_valleys": {
        "mean": [-7.15580558777, -6.50354003906, -7.39600992203, -7.72760152817, -8.13629436493, -11.0679559708],
        "var": [1.10038983822, 0.766774594784, 0.719781398773, 0.953314900398, 0.919518768787, 1.30020701885]
    }
},
"metadata": {
    "audio_properties": {
        "analysis_sample_rate": 44100,
        "bit_rate": 108892,
        "equal_loudness": 0,
        "length": 45.0873451233,
        "lossless": 0,
        "replay_gain": -8.25333213806,
        "sample_rate": 44100,
        "codec": "mp3",
        "downmix": "mix",
        "md5_encoded": "68676520ba9756d47352ca5e057ccde8"
    },
    "tags": {
        "file_name": "550.mp3"
    },
    "version": {
        "essentia": "2.1-beta2",
        "essentia_git_sha": "v2.1_beta2",
        "extractor": "music 1.0"
    }
},
"rhythm": {
    "beats_count": 66,
    "beats_loudness": {
        "mean": 0.0382093302906,
        "var": 0.000401811761549
    },
    "bpm": 88.5804214478,
    "bpm_histogram_first_peak_bpm": {
        "mean": 89,
        "var": 0
    },
    "bpm_histogram_first_peak_spread": {
        "mean": 0.109375044703,
        "var": 0
    },
    "bpm_histogram_first_peak_weight": {
        "mean": 0.876923084259,
        "var": 0
    },
    "bpm_histogram_second_peak_bpm": {
        "mean": 83,
        "var": 0
    },
    "bpm_histogram_second_peak_spread": {
        "mean": 0,
        "var": 0
    },
    "bpm_histogram_second_peak_weight": {
        "mean": 0.0153846153989,
        "var": 0
    },
    "danceability": 1.23730409145,
    "onset_rate": 4.70016908646,
    "beats_loudness_band_ratio": {
        "mean": [0.411836206913, 0.313956558704, 0.169207036495, 0.0827087983489, 0.0497946292162, 0.0271439254284],
        "var": [0.0282820351422, 0.0308596659452, 0.0109030157328, 0.00516047468409, 0.00176037871279, 0.00129247806035]
    },
    "beats_position": [0.708208620548, 1.42802715302, 2.13623571396, 2.83283448219, 3.51782298088, 4.19120168686, 4.87619018555, 5.54956912994, 6.23455762863, 6.91954612732, 7.60453510284, 8.28952407837, 8.96290206909, 9.64789104462, 10.3328800201, 11.0062580109, 11.6796369553, 12.3646259308, 13.0496139526, 13.722992897, 14.3963718414, 15.0697498322, 15.7431287766, 16.4165077209, 17.0898857117, 17.7632656097, 18.4366436005, 19.1100215912, 19.7717914581, 20.4335594177, 21.1069393158, 21.7803173065, 22.4536952972, 23.1270751953, 23.800453186, 24.4738311768, 25.158821106, 25.8438091278, 26.5171871185, 27.1905670166, 27.8639450073, 28.537322998, 29.2107028961, 29.8840808868, 30.5806789398, 31.2540588379, 31.9274368286, 32.6008148193, 33.2974128723, 33.9707946777, 34.6441726685, 35.3175506592, 36.0141487122, 36.6875267029, 37.3609046936, 38.034286499, 38.7076644897, 39.3810424805, 40.0544204712, 40.7277984619, 41.4011802673, 42.0861663818, 42.771156311, 43.4445343018, 44.129524231, 44.8145103455]
},
"tonal": {
    "chords_changes_rate": 0.0308641977608,
    "chords_number_rate": 0.00617283955216,
    "chords_strength": {
        "mean": 0.626633405685,
        "var": 0.0099481549114
    },
    "hpcp_entropy": {
        "mean": 2.11808562279,
        "var": 0.506917357445
    },
    "key_strength": 0.783677995205,
    "tuning_diatonic_strength": 0.649317145348,
    "tuning_equal_tempered_deviation": 0.127132967114,
    "tuning_frequency": 437.718536377,
    "tuning_nontempered_energy_ratio": 0.806419789791,
    "hpcp": {
        "mean": [0.42495366931, 0.343098461628, 0.142509222031, 0.0984451621771, 0.101106636226, 0.115945532918, 0.157816261053, 0.151300445199, 0.105022937059, 0.0794659182429, 0.0723584666848, 0.106529816985, 0.137096434832, 0.113908752799, 0.11544328928, 0.196719184518, 0.188479021192, 0.117884993553, 0.111966088414, 0.136688873172, 0.19787569344, 0.279151916504, 0.235685825348, 0.121529132128, 0.0816173255444, 0.0714829415083, 0.0913431346416, 0.123309955001, 0.105666935444, 0.0700966566801, 0.0706754028797, 0.0748251006007, 0.0968258306384, 0.129702553153, 0.140362352133, 0.246719628572],
        "var": [0.136684820056, 0.096527390182, 0.0391458421946, 0.0372255332768, 0.0387092866004, 0.0390094891191, 0.0556782931089, 0.0540406182408, 0.0425819382071, 0.0349731743336, 0.0301131475717, 0.0422665812075, 0.0518438145518, 0.0425041951239, 0.0354876704514, 0.0945677906275, 0.0795667171478, 0.039988245815, 0.0382208302617, 0.0540532954037, 0.068824082613, 0.100062593818, 0.0829547271132, 0.0456217825413, 0.0341155827045, 0.0301115959883, 0.0351161658764, 0.0452367141843, 0.0378866828978, 0.0263307895511, 0.0278783105314, 0.0279750730842, 0.0311328284442, 0.0479154884815, 0.0460123978555, 0.0759481489658]
    },
    "chords_histogram": [49.7942390442, 2.05761313438, 7.81893014908, 0.308641970158, 2.57201647758, 0, 0, 0, 0, 0, 0, 0, 0, 0, 0, 2.77777767181, 0, 0.823045253754, 0, 0, 0, 0.411522626877, 33.2304534912, 0.205761313438],
    "thpcp": [1, 0.807378530502, 0.335352361202, 0.231660932302, 0.237923905253, 0.272842764854, 0.371372848749, 0.356039851904, 0.24713973701, 0.186999022961, 0.170273780823, 0.250685721636, 0.322615027428, 0.268049806356, 0.271660894156, 0.462919145823, 0.443528413773, 0.277406692505, 0.263478338718, 0.321655929089, 0.465640634298, 0.656899631023, 0.554615318775, 0.285982072353, 0.192061707377, 0.168213486671, 0.21494846046, 0.290172696114, 0.248655185103, 0.164951294661, 0.166313201189, 0.176078259945, 0.227850317955, 0.305215746164, 0.330300360918, 0.580580055714],
    "chords_key": "A",
    "chords_scale": "major",
    "key_key": "A",
    "key_scale": "major"
}
}