{
"lowlevel": {
    "average_loudness": 0.757486820221,
    "barkbands_crest": {
        "mean": 14.6078290939,
        "var": 30.4789276123
    },
    "barkbands_flatness_db": {
        "mean": 0.296089053154,
        "var": 0.00848515238613
    },
    "barkbands_kurtosis": {
        "mean": 20.0342998505,
        "var": 723.320556641
    },
    "barkbands_skewness": {
        "mean": 2.60851597786,
        "var": 4.15870332718
    },
    "barkbands_spread": {
        "mean": 6.61135864258,
        "var": 85.6248474121
    },
    "dissonance": {
        "mean": 0.385571092367,
        "var": 0.00436462415382
    },
    "dynamic_complexity": 5.14627027512,
    "erbbands_crest": {
        "mean": 13.4539327621,
        "var": 31.3854866028
    },
    "erbbands_flatness_db": {
        "mean": 0.247181549668,
        "var": 0.00464855274186
    },
    "erbbands_kurtosis": {
        "mean": 5.51747608185,
        "var": 209.164276123
    },
    "erbbands_skewness": {
        "mean": 1.34901845455,
        "var": 1.8404892683
    },
    "erbbands_spread": {
        "mean": 23.5272293091,
        "var": 346.176269531
    },
    "hfc": {
        "mean": 7.9533290863,
        "var": 155.780303955
    },
    "melbands_crest": {
        "mean": 18.3807201385,
        "var": 29.3857040405
    },
    "melbands_flatness_db": {
        "mean": 0.387036770582,
        "var": 0.0123631982133
    },
    "melbands_kurtosis": {
        "mean": 27.9039916992,
        "var": 1279.71057129
    },
    "melbands_skewness": {
        "mean": 3.03730535507,
        "var": 4.35084915161
    },
    "melbands_spread": {
        "mean": 8.11083126068,
        "var": 378.031402588
    },
    "pitch_salience": {
        "mean": 0.448403030634,
        "var": 0.0214700363576
    },
    "silence_rate_20dB": {
        "mean": 1,
        "var": 0
    },
    "silence_rate_30dB": {
        "mean": 0.959855914116,
        "var": 0.0385319963098
    },
    "silence_rate_60dB": {
        "mean": 0.173957794905,
        "var": 0.143695831299
    },
    "spectral_centroid": {
        "mean": 524.000610352,
        "var": 445814.03125
    },
    "spectral_complexity": {
        "mean": 6.51466798782,
        "var": 10.0676870346
    },
    "spectral_decrease": {
        "mean": -7.1807981783e-009,
        "var": 9.60291046121e-017
    },
    "spectral_energy": {
        "mean": 0.0278233941644,
        "var": 0.0014127221657
    },
    "spectral_energyband_high": {
        "mean": 0.000160853931447,
        "var": 1.41571308632e-006
    },
    "spectral_energyband_low": {
        "mean": 0.0149011779577,
        "var": 0.00104052759707
    },
    "spectral_energyband_middle_high": {
        "mean": 0.00107051478699,
        "var": 6.17318346485e-006
    },
    "spectral_energyband_middle_low": {
        "mean": 0.0122001906857,
        "var": 0.000395375333028
    },
    "spectral_entropy": {
        "mean": 6.12486743927,
        "var": 0.56960350275
    },
    "spectral_flux": {
        "mean": 0.0541603863239,
        "var": 0.00223913020454
    },
    "spectral_kurtosis": {
        "mean": 21.406370163,
        "var": 475.203155518
    },
    "spectral_rms": {
        "mean": 0.00434188963845,
        "var": 8.29277360026e-006
    },
    "spectral_rolloff": {
        "mean": 556.160583496,
        "var": 1668172
    },
    "spectral_skewness": {
        "mean": 3.19207310677,
        "var": 2.42903089523
    },
    "spectral_spread": {
        "mean": 2940288.5,
        "var": 4.78840042291e+012
    },
    "spectral_strongpeak": {
        "mean": 0.855686426163,
        "var": 1.25946819782
    },
    "zerocrossingrate": {
        "mean": 0.0232291705906,
        "var": 0.00130295462441
    },
    "barkbands": {
        "mean": [0.000508046185132, 0.0110182529315, 0.0029042782262, 0.00112077163067, 0.00354893645272, 0.00251965364441, 0.00300750695169, 0.00164892780595, 0.00026534072822, 0.000233540718909, 0.000311158160912, 0.000216117667151, 0.000131800246891, 5.62661734875e-005, 6.18125341134e-005, 2.59797816398e-005, 4.15999238612e-005, 2.29608940572e-005, 1.37722445288e-005, 1.60858762683e-005, 5.01602116856e-005, 2.98906215903e-005, 2.51525525528e-005, 3.50560621882e-005, 8.31891338748e-006, 1.97978056349e-006, 4.94271183982e-008],
        "var": [1.73541070581e-006, 0.000829769764096, 4.42217424279e-005, 1.21889397633e-005, 3.35025251843e-005, 5.1629558584e-005, 0.000131148059154, 5.13828999829e-005, 1.17213744488e-006, 3.78691595415e-007, 1.97251688405e-006, 9.06273726287e-007, 6.39943550595e-007, 3.23482929332e-008, 8.69409078064e-008, 2.04249790414e-008, 2.10716795124e-008, 3.63865426678e-009, 1.53224788413e-009, 9.38307831433e-009, 2.08990016404e-007, 5.41226619077e-008, 4.24011084021e-008, 9.6999919208e-008, 4.23181534259e-009, 1.17970813673e-010, 2.94843332692e-013]
    },
    "erbbands": {
        "mean": [0.235537469387, 2.72865343094, 4.38559961319, 3.32115912437, 6.31488513947, 14.3583526611, 14.8810901642, 21.6549434662, 37.4420127869, 45.8160209656, 31.2647228241, 7.35328960419, 6.0877623558, 11.5238924026, 10.4976797104, 9.64984321594, 6.92800188065, 3.68846893311, 2.55556774139, 2.78264927864, 2.26035690308, 1.72325921059, 1.60638105869, 0.728873550892, 0.740278124809, 0.758538305759, 2.23290205002, 1.36862695217, 1.16290438175, 0.786029756069, 0.774461627007, 0.877118885517, 0.454303175211, 0.161753326654, 0.0330403521657, 0.0102113094181, 0.00366306002252, 0.000400217366405, 2.21440332098e-005, 3.13907876262e-005],
        "var": [0.598483562469, 45.7325592041, 86.3533096313, 90.6827468872, 145.305053711, 654.268554688, 1138.06884766, 5841.28222656, 15769.8066406, 27518.2949219, 20980.3125, 602.072387695, 167.518249512, 1404.98498535, 3604.67260742, 1131.04443359, 1511.14941406, 153.18536377, 324.423034668, 102.974449158, 103.105369568, 27.4138374329, 17.1001205444, 2.31908535957, 6.33420228958, 21.439250946, 508.069854736, 115.478591919, 80.0241317749, 36.9101066589, 43.7157020569, 63.5069999695, 15.884103775, 2.04853796959, 0.0505617633462, 0.00289747584611, 0.000472607905976, 7.7592803791e-006, 4.2748036222e-009, 1.70084668571e-009]
    },
    "gfcc": {
        "mean": [-147.705841064, 164.807479858, -89.4237289429, 26.5502529144, -48.8653488159, -1.08782684803, -30.8917980194, -6.33027982712, -14.9411849976, -8.43420028687, -3.12393593788, -0.377518773079, -3.02646589279],
        "cov": [[9819.14746094, -1481.9786377, -715.04309082, 457.465759277, -1099.39404297, 457.30178833, -120.39302063, 279.486480713, -114.192329407, 198.760803223, -146.545410156, 144.723739624, -369.386779785], [-1481.9786377, 2274.93066406, -212.292434692, -580.18170166, 867.246826172, -358.654266357, 424.266418457, -144.334945679, 335.511962891, -233.108230591, 278.443756104, -124.238479614, 188.566726685], [-715.04309082, -212.292434692, 1254.66479492, 358.814483643, 30.568271637, 130.155090332, 90.5367507935, 98.7612380981, -37.2475166321, 21.1933956146, -76.0727844238, -24.3455524445, -97.1764678955], [457.465759277, -580.18170166, 358.814483643, 697.447753906, 62.7647438049, 164.170211792, -2.60952544212, 52.6059188843, -36.0204925537, 70.7240142822, -56.5315666199, 6.42550086975, -32.256149292], [-1099.39404297, 867.246826172, 30.568271637, 62.7647438049, 1139.42358398, 17.080871582, 261.940551758, 15.0087003708, 142.092971802, 19.7337169647, 128.176971436, -4.30024433136, 101.227584839], [457.30178833, -358.654266357, 130.155090332, 164.170211792, 17.080871582, 257.989898682, 41.0687141418, 79.6668548584, -40.9228935242, 76.8136367798, -23.5516853333, 30.471830368, -45.0916786194], [-120.39302063, 424.266418457, 90.5367507935, -2.60952544212, 261.940551758, 41.0687141418, 339.312683105, 37.587688446, 85.7964324951, -25.1880455017, 103.673553467, -16.2916698456, 19.2139587402], [279.486480713, -144.334945679, 98.7612380981, 52.6059188843, 15.0087003708, 79.6668548584, 37.587688446, 155.513168335, 11.7014093399, 30.7426013947, -3.71871781349, 41.2007408142, -19.2885894775], [-114.192329407, 335.511962891, -37.2475166321, -36.0204925537, 142.092971802, -40.9228935242, 85.7964324951, 11.7014093399, 205.077545166, -0.964689671993, 77.2150039673, -15.8604841232, 52.2603416443], [198.760803223, -233.108230591, 21.1933956146, 70.7240142822, 19.7337169647, 76.8136367798, -25.1880455017, 30.7426013947, -0.964689671993, 147.091751099, 6.85677194595, 8.97070503235, -19.8830909729], [-146.545410156, 278.443756104, -76.0727844238, -56.5315666199, 128.176971436, -23.5516853333, 103.673553467, -3.71871781349, 77.2150039673, 6.85677194595, 163.790939331, 7.42242050171, 50.2299079895], [144.723739624, -124.238479614, -24.3455524445, 6.42550086975, -4.30024433136, 30.471830368, -16.2916698456, 41.2007408142, -15.8604841232, 8.97070503235, 7.42242050171, 109.710281372, 10.7577552795], [-369.386779785, 188.566726685, -97.1764678955, -32.256149292, 101.227584839, -45.0916786194, 19.2139587402, -19.2885894775, 52.2603416443, -19.8830909729, 50.2299079895, 10.7577552795, 122.306182861]],
        "icov": [[0.000187781755812, -0.00018037884729, 0.000249095523031, -0.00028909710818, 0.000284461246338, -0.000271535449428, -1.00284460132e-005, -0.000275814061752, -3.34631404257e-005, -0.000191721133888, 9.33925693971e-005, -0.000241051297053, 0.000555415695999], [-0.00018037884729, 0.00296346656978, -0.000511091318913, 0.00195703166537, -0.00185713742394, 0.0018697977066, -0.00141451810487, 0.00129456957802, -0.00168254994787, 0.00265770568512, -0.00125517614651, 0.00178432930261, -0.000841328408569], [0.000249095523031, -0.000511091318913, 0.00141967029776, -0.00102714821696, 0.000521490932442, -0.00048519653501, -0.000228284377954, -0.000943415041547, 0.000174998916918, -0.000352653180016, 0.000577011902351, -0.000170904924744, 0.00131991342641], [-0.00028909710818, 0.00195703166537, -0.00102714821696, 0.00343170133419, -0.00153260142542, 0.00038802868221, -0.000613640411757, 0.00117485469673, -0.000982303754427, 0.00138179841451, -0.000433786161011, 0.00138078758027, -0.00140717253089], [0.000284461246338, -0.00185713742394, 0.000521490932442, -0.00153260142542, 0.00252353237011, -0.00128170440439, -4.47895436082e-005, -0.000864142668433, 0.000630805210676, -0.00208004261367, 0.000749422644731, -0.00131322792731, 0.000242169000558], [-0.000271535449428, 0.0018697977066, -0.00048519653501, 0.00038802868221, -0.00128170440439, 0.00800435896963, -0.00232190219685, -0.000896243844181, 0.000304431130644, -0.00102371035609, 5.68391101297e-007, 0.000197588902665, -6.48822897347e-005], [-1.00284460132e-005, -0.00141451810487, -0.000228284377954, -0.000613640411757, -4.47895436082e-005, -0.00232190219685, 0.00600805878639, -0.00144384230953, 1.08134790935e-005, 0.00085162348114, -0.00239233439788, 0.000480653106933, 0.000890879775397], [-0.000275814061752, 0.00129456957802, -0.000943415041547, 0.00117485469673, -0.000864142668433, -0.000896243844181, -0.00144384230953, 0.00998157449067, -0.0020813383162, 0.000369109213352, 0.000298659637338, -0.00254426407628, -3.23982385453e-005], [-3.34631404257e-005, -0.00168254994787, 0.000174998916918, -0.000982303754427, 0.000630805210676, 0.000304431130644, 1.08134790935e-005, -0.0020813383162, 0.00812515523285, -0.00214592809789, -0.00115706562065, 0.000559654843528, -0.00176149141043], [-0.000191721133888, 0.00265770568512, -0.000352653180016, 0.00138179841451, -0.00208004261367, -0.00102371035609, 0.00085162348114, 0.000369109213352, -0.00214592809789, 0.0116196302697, -0.00318372505717, 0.00219054264016, 0.000596986676101], [9.33925693971e-005, -0.00125517614651, 0.000577011902351, -0.000433786161011, 0.000749422644731, 5.68391101297e-007, -0.00239233439788, 0.000298659637338, -0.00115706562065, -0.00318372505717, 0.0107296193019, -0.00227931514382, -0.00186506239697], [-0.000241051297053, 0.00178432930261, -0.000170904924744, 0.00138078758027, -0.00131322792731, 0.000197588902665, 0.000480653106933, -0.00254426407628, 0.000559654843528, 0.00219054264016, -0.00227931514382, 0.0125681292266, -0.00262005906552], [0.000555415695999, -0.000841328408569, 0.00131991342641, -0.00140717253089, 0.000242169000558, -6.48822897347e-005, 0.000890879775397, -3.23982385453e-005, -0.00176149141043, 0.000596986676101, -0.00186506239697, -0.00262005906552, 0.0133051015437]]
    },
    "melbands": {
        "mean": [0.00274560088292, 0.00287563516758, 0.000645155902021, 0.000752046995331, 0.000549923744984, 0.000489051511977, 0.000621974933892, 0.000481752067572, 0.000213964682189, 3.62128230336e-005, 2.82283399429e-005, 4.37147173216e-005, 3.57285789505e-005, 2.96869711747e-005, 1.74021661223e-005, 1.18314801512e-005, 6.52008338875e-006, 3.98923884859e-006, 3.52846586793e-006, 2.81149254988e-006, 2.75454772236e-006, 1.75600575858e-006, 2.03543822863e-006, 1.00273166481e-006, 5.19822265233e-007, 5.42696056982e-007, 4.47450389629e-007, 4.62061194639e-007, 1.33216576614e-006, 1.36889468649e-006, 5.75248861878e-007, 6.29813087016e-007, 6.27269912457e-007, 3.58645962706e-007, 3.8307672412e-007, 5.91476805312e-007, 4.9443434591e-007, 2.83133402945e-007, 2.72828202696e-007, 9.59892290098e-008],
        "var": [6.24648673693e-005, 3.30810362357e-005, 2.19907246901e-006, 1.45563046772e-006, 1.34686865749e-006, 2.62841331278e-006, 4.65998073196e-006, 2.9308230296e-006, 9.83463678494e-007, 1.86898585497e-008, 3.98668165147e-009, 2.1517235993e-008, 3.64111123474e-008, 2.03998773429e-008, 3.4261129489e-009, 6.90104551282e-009, 4.25229768064e-010, 9.4425123276e-010, 1.52828055766e-010, 8.94255988704e-011, 1.51899479106e-010, 3.52071080623e-011, 4.8278298026e-011, 6.08372683827e-012, 1.27075346773e-012, 3.49686317229e-012, 3.01094934575e-012, 8.46370976776e-012, 2.40995584599e-010, 1.80819512141e-010, 1.59211376721e-011, 2.66731515347e-011, 2.38722860924e-011, 8.07744583026e-012, 1.10893707411e-011, 2.77551228528e-011, 2.09991156408e-011, 5.61873767999e-012, 6.28024932406e-012, 7.90904993407e-013]
    },
    "mfcc": {
        "mean": [-794.19921875, 182.744903564, 26.7313194275, 29.8794250488, 9.98489093781, 5.8314409256, -3.38887190819, 4.04240989685, -7.0421333313, -7.16759347916, -2.93236637115, 0.966379404068, 1.91457915306],
        "cov": [[7167.36474609, -848.603271484, -703.500061035, 36.9394111633, -725.589355469, 37.7869338989, -171.046615601, 187.460739136, -107.566146851, 59.3716011047, 182.389648438, 121.712913513, -46.8572158813], [-848.603271484, 2029.07336426, -451.821716309, -160.584671021, 246.992965698, -79.5986251831, 109.740219116, 154.783233643, 86.2197570801, 6.40564012527, 116.860794067, 20.0343437195, 100.178604126], [-703.500061035, -451.821716309, 1175.5838623, 175.319946289, -114.793388367, 50.2781639099, 25.4522094727, 38.8309707642, 11.9424037933, -17.5941066742, 34.0602989197, 33.7365646362, -49.6393928528], [36.9394111633, -160.584671021, 175.319946289, 485.721710205, 207.361831665, 142.949172974, 104.536758423, 64.0917205811, 49.5369873047, 69.6851882935, -4.0125951767, 30.7921581268, 24.3813266754], [-725.589355469, 246.992965698, -114.793388367, 207.361831665, 570.094665527, 136.631271362, 132.940948486, 18.7474460602, 100.673103333, 77.7207260132, -28.2955188751, 30.4887924194, 40.7224159241], [37.7869338989, -79.5986251831, 50.2781639099, 142.949172974, 136.631271362, 226.975845337, 116.26247406, 29.7505111694, 36.171787262, 68.6033401489, 13.4630718231, 9.75776195526, 14.7609205246], [-171.046615601, 109.740219116, 25.4522094727, 104.536758423, 132.940948486, 116.26247406, 275.921600342, 85.6553268433, 34.4859962463, 56.0761146545, 16.4664649963, 47.5456199646, 50.9310112], [187.460739136, 154.783233643, 38.8309707642, 64.0917205811, 18.7474460602, 29.7505111694, 85.6553268433, 204.76361084, 48.359161377, 4.22903966904, 25.4472541809, 41.6354370117, 56.1166000366], [-107.566146851, 86.2197570801, 11.9424037933, 49.5369873047, 100.673103333, 36.171787262, 34.4859962463, 48.359161377, 127.897521973, 48.9225692749, -0.2712225914, 23.3024864197, 26.6136894226], [59.3716011047, 6.40564012527, -17.5941066742, 69.6851882935, 77.7207260132, 68.6033401489, 56.0761146545, 4.22903966904, 48.9225692749, 161.98147583, 22.4569702148, -2.78691196442, 20.8088150024], [182.389648438, 116.860794067, 34.0602989197, -4.0125951767, -28.2955188751, 13.4630718231, 16.4664649963, 25.4472541809, -0.2712225914, 22.4569702148, 122.535888672, 45.4481086731, 3.37741661072], [121.712913513, 20.0343437195, 33.7365646362, 30.7921581268, 30.4887924194, 9.75776195526, 47.5456199646, 41.6354370117, 23.3024864197, -2.78691196442, 45.4481086731, 140.459320068, 36.7508659363], [-46.8572158813, 100.178604126, -49.6393928528, 24.3813266754, 40.7224159241, 14.7609205246, 50.9310112, 56.1166000366, 26.6136894226, 20.8088150024, 3.37741661072, 36.7508659363, 114.573684692]],
        "icov": [[0.000265162612777, 0.000136403134093, 0.000321674655424, -0.000173709922819, 0.000411273125792, -0.000200627182494, 0.000217222535866, -0.000447806029115, 7.99774861662e-005, -0.000193752362975, -0.000299930310575, -0.000300415296806, 0.000289763644105], [0.000136403134093, 0.000859500840306, 0.000376366340788, 0.000235224128119, -0.000303101784084, 0.000476412446005, -0.000182122399565, -0.000704417994712, -0.000279367668554, 0.000168727652635, -0.00125430384651, 0.000421571574407, -0.000174398373929], [0.000321674655424, 0.000376366340788, 0.00146792561281, -0.000625913322438, 0.000802665483207, -0.000248500786256, 7.11957982276e-005, -0.000697113922797, -0.000336073921062, 0.000106410727312, -0.000804054492619, -0.000425849546446, 0.000847206043545], [-0.000173709922819, 0.000235224128119, -0.000625913322438, 0.00337329879403, -0.00138775422238, -0.000787040160503, -0.000112414745672, -0.000701823737472, 0.000305566791212, -0.000511183578055, 0.000335414282745, 3.26112822222e-005, -0.000275860948022], [0.000411273125792, -0.000303101784084, 0.000802665483207, -0.00138775422238, 0.00383182172664, -0.001397590735, -0.000250399985816, 0.000416270253481, -0.00144385092426, -0.000404621940106, 0.000886049063411, -0.0011772980215, 0.000562229950447], [-0.000200627182494, 0.000476412446005, -0.000248500786256, -0.000787040160503, -0.001397590735, 0.00764850573614, -0.00250060320832, 0.000208512065001, -0.000505703850649, -0.000978312105872, -0.00132110365666, 0.00139494473115, -3.13275413646e-005], [0.000217222535866, -0.000182122399565, 7.11957982276e-005, -0.000112414745672, -0.000250399985816, -0.00250060320832, 0.00615379353985, -0.00208769296296, 0.00130639411509, -0.00134036643431, 0.000531253754161, -0.00166460731998, -0.000540730485227], [-0.000447806029115, -0.000704417994712, -0.000697113922797, -0.000701823737472, 0.000416270253481, 0.000208512065001, -0.00208769296296, 0.00833788327873, -0.00270433304831, 0.00185045343824, -0.000224078961764, 0.000237945205299, -0.00282808626071], [7.99774861662e-005, -0.000279367668554, -0.000336073921062, 0.000305566791212, -0.00144385092426, -0.000505703850649, 0.00130639411509, -0.00270433304831, 0.011607170105, -0.00341054657474, 0.00168327917345, -0.00180409906898, -0.000159179689945], [-0.000193752362975, 0.000168727652635, 0.000106410727312, -0.000511183578055, -0.000404621940106, -0.000978312105872, -0.00134036643431, 0.00185045343824, -0.00341054657474, 0.0091353552416, -0.00260239653289, 0.00231057289056, -0.0016439021565], [-0.000299930310575, -0.00125430384651, -0.000804054492619, 0.000335414282745, 0.000886049063411, -0.00132110365666, 0.000531253754161, -0.000224078961764, 0.00168327917345, -0.00260239653289, 0.0124273281544, -0.00437426241115, 0.0014015956549], [-0.000300415296806, 0.000421571574407, -0.000425849546446, 3.26112822222e-005, -0.0011772980215, 0.00139494473115, -0.00166460731998, 0.000237945205299, -0.00180409906898, 0.00231057289056, -0.00437426241115, 0.0106393657625, -0.00310509908013], [0.000289763644105, -0.000174398373929, 0.000847206043545, -0.000275860948022, 0.000562229950447, -3.13275413646e-005, -0.000540730485227, -0.00282808626071, -0.000159179689945, -0.0016439021565, 0.0014015956549, -0.00310509908013, 0.012144709006]]
    },
    "spectral_contrast_coeffs": {
        "mean": [-0.596907556057, -0.631899356842, -0.721287727356, -0.756885647774, -0.772812485695, -0.764916241169],
        "var": [0.00958277285099, 0.00977152120322, 0.00649952236563, 0.0048280232586, 0.00309448223561, 0.00293370219879]
    },
    "spectral_contrast_valleys": {
        "mean": [-7.80118131638, -8.03392028809, -9.14420509338, -9.88446140289, -9.99425601959, -12.8090934753],
        "var": [1.67188322544, 1.45536160469, 1.48634600639, 1.40002393723, 1.62295889854, 2.2566485405]
    }
},
"metadata": {
    "audio_properties": {
        "analysis_sample_rate": 44100,
        "bit_rate": 104181,
        "equal_loudness": 0,
        "length": 45.0873451233,
        "lossless": 0,
        "replay_gain": -3.88663482666,
        "sample_rate": 44100,
        "codec": "mp3",
        "downmix": "mix",
        "md5_encoded": "2dbc876de7d6a94b25fbe9daecc5db28"
    },
    "tags": {
        "file_name": "551.mp3"
    },
    "version": {
        "essentia": "2.1-beta2",
        "essentia_git_sha": "v2.1_beta2",
        "extractor": "music 1.0"
    }
},
"rhythm": {
    "beats_count": 128,
    "beats_loudness": {
        "mean": 0.0462978072464,
        "var": 0.00203961553052
    },
    "bpm": 172.265548706,
    "bpm_histogram_first_peak_bpm": {
        "mean": 172,
        "var": 0
    },
    "bpm_histogram_first_peak_spread": {
        "mean": 0,
        "var": 0
    },
    "bpm_histogram_first_peak_weight": {
        "mean": 0.692913413048,
        "var": 0
    },
    "bpm_histogram_second_peak_bpm": {
        "mean": 167,
        "var": 0
    },
    "bpm_histogram_second_peak_spread": {
        "mean": 0,
        "var": 0
    },
    "bpm_histogram_second_peak_weight": {
        "mean": 0.204724416137,
        "var": 0
    },
    "danceability": 1.16974234581,
    "onset_rate": 3.5472972393,
    "beats_loudness_band_ratio": {
        "mean": [0.595281839371, 0.26786583662, 0.135420158505, 0.0320120863616, 0.00777256162837, 0.00812367256731],
        "var": [0.0951658561826, 0.0561440140009, 0.0410242900252, 0.00400568032637, 0.000156271722517, 0.00424790102988]
    },
    "beats_position": [0.31346938014, 0.66176867485, 1.02167797089, 1.369977355, 1.72988653183, 2.07818579674, 2.42648530006, 2.7863945961, 3.13469386101, 3.49460315704, 3.85451245308, 4.20281171799, 4.55111122131, 4.91102027893, 5.27092981339, 5.61922883987, 5.9675283432, 6.31582736969, 6.66412687302, 7.01242637634, 7.36072540283, 7.70902490616, 8.06893444061, 8.4172334671, 8.77714252472, 9.12544155121, 9.47374153137, 9.82204055786, 10.1703395844, 10.5186395645, 10.866938591, 11.2268476486, 11.5867567062, 11.9350566864, 12.2717456818, 12.6084346771, 12.9567346573, 13.3050336838, 13.6533327103, 13.9900226593, 14.3267116547, 14.6750106812, 15.0233106613, 15.3716096878, 15.7315187454, 16.0914287567, 16.4397277832, 16.7880268097, 17.1479358673, 17.5078449249, 17.8561439514, 18.2044448853, 18.5527439117, 18.9242630005, 19.272562027, 19.5976409912, 19.9343299866, 20.2942390442, 20.642539978, 20.9908390045, 21.339138031, 21.6874370575, 22.035736084, 22.3840351105, 22.7439460754, 23.1038551331, 23.4521541595, 23.800453186, 24.1487522125, 24.5086612701, 24.8685703278, 25.2284793854, 25.5883903503, 25.9366893768, 26.2965984344, 26.6332874298, 26.9815864563, 27.3182754517, 27.6549663544, 28.0032653809, 28.3515644073, 28.6998634338, 29.0481624603, 29.3964614868, 29.7331504822, 30.0698413849, 30.4181404114, 30.7664394379, 31.1147384644, 31.4630374908, 31.8113365173, 32.1596374512, 32.5079345703, 32.8562355042, 33.204536438, 33.5528335571, 33.901134491, 34.2494316101, 34.5977325439, 34.9460296631, 35.2943305969, 35.6426315308, 35.9909286499, 36.3392295837, 36.6875267029, 37.0358276367, 37.3957366943, 37.755645752, 38.1039466858, 38.4522438049, 38.8005447388, 39.1488418579, 39.4971427917, 39.8454399109, 40.1937408447, 40.5420417786, 40.9019508362, 41.2386398315, 41.5869369507, 41.9352378845, 42.2835350037, 42.6318359375, 42.9801368713, 43.3284339905, 43.6767349243, 44.0250320435, 44.3733329773, 44.7216300964]
},
"tonal": {
    "chords_changes_rate": 0.0576131679118,
    "chords_number_rate": 0.00617283955216,
    "chords_strength": {
        "mean": 0.555795371532,
        "var": 0.0104675600305
    },
    "hpcp_entropy": {
        "mean": 1.48115897179,
        "var": 0.512470960617
    },
    "key_strength": 0.769725620747,
    "tuning_diatonic_strength": 0.631520748138,
    "tuning_equal_tempered_deviation": 0.224689647555,
    "tuning_frequency": 434.444000244,
    "tuning_nontempered_energy_ratio": 0.969050645828,
    "hpcp": {
        "mean": [0.0860928148031, 0.114294447005, 0.118238531053, 0.220262020826, 0.2753020823, 0.130210474133, 0.0285856034607, 0.0312821529806, 0.0627604424953, 0.108063288033, 0.0868638828397, 0.0343425348401, 0.0264971349388, 0.0340684615076, 0.0517742484808, 0.14299570024, 0.181455790997, 0.142049059272, 0.155882999301, 0.108646638691, 0.0337200686336, 0.03244291991, 0.0426107794046, 0.0565086640418, 0.0704959332943, 0.0498844273388, 0.0394214875996, 0.0611355900764, 0.0835017934442, 0.146309375763, 0.237068504095, 0.196761697531, 0.0818089693785, 0.0446423850954, 0.0510263331234, 0.0592072382569],
        "var": [0.0415578335524, 0.0600847788155, 0.0599497109652, 0.0863119140267, 0.132451891899, 0.0431427881122, 0.0109971286729, 0.0143994297832, 0.0331906750798, 0.0746679902077, 0.0537189804018, 0.0142705775797, 0.0129244467244, 0.0200799666345, 0.0241867080331, 0.0615070089698, 0.0939881429076, 0.0585799328983, 0.10622689873, 0.0640091001987, 0.011460384354, 0.0130485128611, 0.019277298823, 0.0237519964576, 0.0363678112626, 0.0214682370424, 0.0183068178594, 0.0327233076096, 0.0401151478291, 0.0732256472111, 0.112837865949, 0.0838378220797, 0.0343993902206, 0.0229316335171, 0.0264788717031, 0.03044703044]
    },
    "chords_histogram": [71.296295166, 0.720164597034, 0, 0, 1.64609050751, 2.77777767181, 0, 0.411522626877, 0.102880656719, 2.36625504494, 0, 0, 0, 0, 0, 0, 0.720164597034, 0, 0, 0, 0, 0.102880656719, 5.86419773102, 13.9917697906],
    "thpcp": [1, 0.472973078489, 0.103833593428, 0.113628461957, 0.227969378233, 0.392526239157, 0.315522074699, 0.124744914472, 0.0962474942207, 0.123749375343, 0.188063412905, 0.519413769245, 0.659115195274, 0.515975236893, 0.566225290298, 0.394645184278, 0.122483886778, 0.117844805121, 0.154778271914, 0.205260574818, 0.256067574024, 0.181198880076, 0.14319357276, 0.222067296505, 0.303309708834, 0.531450331211, 0.861121356487, 0.71471196413, 0.297160744667, 0.162157818675, 0.185346707702, 0.215062811971, 0.312721252441, 0.415160119534, 0.429486513138, 0.80007392168],
    "chords_key": "G",
    "chords_scale": "minor",
    "key_key": "G",
    "key_scale": "minor"
}
}