{
"lowlevel": {
    "average_loudness": 0.803114831448,
    "barkbands_crest": {
        "mean": 11.0071172714,
        "var": 9.39807128906
    },
    "barkbands_flatness_db": {
        "mean": 0.442360818386,
        "var": 0.00137289264239
    },
    "barkbands_kurtosis": {
        "mean": 0.789511680603,
        "var": 1.96894836426
    },
    "barkbands_skewness": {
        "mean": -0.0236796047539,
        "var": 0.36149430275
    },
    "barkbands_spread": {
        "mean": 3.0814974308,
        "var": 2.72259783745
    },
    "dissonance": {
        "mean": 0.389922887087,
        "var": 0.00313102290966
    },
    "dynamic_complexity": 2.31101155281,
    "erbbands_crest": {
        "mean": 12.5704221725,
        "var": 13.0688962936
    },
    "erbbands_flatness_db": {
        "mean": 0.494397312403,
        "var": 0.000841798726469
    },
    "erbbands_kurtosis": {
        "mean": 0.993046760559,
        "var": 2.05672335625
    },
    "erbbands_skewness": {
        "mean": -0.0110381636769,
        "var": 0.340924799442
    },
    "erbbands_spread": {
        "mean": 5.08939313889,
        "var": 4.73090314865
    },
    "hfc": {
        "mean": 17.2322978973,
        "var": 140.079772949
    },
    "melbands_crest": {
        "mean": 12.4194459915,
        "var": 11.7260293961
    },
    "melbands_flatness_db": {
        "mean": 0.540871977806,
        "var": 0.00171099032741
    },
    "melbands_kurtosis": {
        "mean": 0.682779788971,
        "var": 1.76261937618
    },
    "melbands_skewness": {
        "mean": 0.153006210923,
        "var": 0.307157248259
    },
    "melbands_spread": {
        "mean": 6.4778470993,
        "var": 38.4162864685
    },
    "pitch_salience": {
        "mean": 0.61901473999,
        "var": 0.00649974681437
    },
    "silence_rate_20dB": {
        "mean": 1,
        "var": 0
    },
    "silence_rate_30dB": {
        "mean": 0.998970687389,
        "var": 0.00102828431409
    },
    "silence_rate_60dB": {
        "mean": 0.00411734450608,
        "var": 0.0041005378589
    },
    "spectral_centroid": {
        "mean": 677.864685059,
        "var": 119414.539063
    },
    "spectral_complexity": {
        "mean": 12.4045286179,
        "var": 4.89450216293
    },
    "spectral_decrease": {
        "mean": -6.33083896417e-009,
        "var": 1.76958053612e-017
    },
    "spectral_energy": {
        "mean": 0.0254570581019,
        "var": 0.000286846450763
    },
    "spectral_energyband_high": {
        "mean": 1.41967220202e-008,
        "var": 3.41656589096e-016
    },
    "spectral_energyband_low": {
        "mean": 2.93408811558e-005,
        "var": 7.88940690555e-010
    },
    "spectral_energyband_middle_high": {
        "mean": 0.00914485938847,
        "var": 8.29885830171e-005
    },
    "spectral_energyband_middle_low": {
        "mean": 0.0165538918227,
        "var": 0.000132020984893
    },
    "spectral_entropy": {
        "mean": 5.62837982178,
        "var": 0.06335324049
    },
    "spectral_flux": {
        "mean": 0.0494159609079,
        "var": 0.000335416902089
    },
    "spectral_kurtosis": {
        "mean": 229.012252808,
        "var": 4118.3515625
    },
    "spectral_rms": {
        "mean": 0.00472550746053,
        "var": 2.50575612881e-006
    },
    "spectral_rolloff": {
        "mean": 917.700256348,
        "var": 655209.0625
    },
    "spectral_skewness": {
        "mean": 10.7802782059,
        "var": 7.15121984482
    },
    "spectral_spread": {
        "mean": 580155.3125,
        "var": 1.71148941722e+012
    },
    "spectral_strongpeak": {
        "mean": 2.38243579865,
        "var": 1.60436856747
    },
    "zerocrossingrate": {
        "mean": 0.0333131961524,
        "var": 0.00046704270062
    },
    "barkbands": {
        "mean": [1.76602509327e-006, 1.35113009492e-006, 1.88279000213e-006, 0.000108072417788, 0.000788477016613, 0.00105030939449, 0.004337572027, 0.00382079742849, 0.00606241449714, 0.00550297694281, 0.00245168479159, 0.00102880853228, 0.000184229851584, 7.57458255976e-005, 2.34758463193e-005, 1.1001187886e-005, 6.07722813584e-006, 3.4158898643e-007, 8.57539816934e-008, 2.19425793091e-008, 2.33455876852e-009, 1.29860378006e-009, 1.03880715141e-009, 9.5488883467e-010, 9.35868049723e-010, 9.42963707118e-010, 1.02093888898e-009],
        "var": [1.32664747243e-011, 4.51256783676e-012, 9.4999884695e-012, 1.25920562866e-008, 8.09666971691e-007, 7.41283145089e-007, 1.68052065419e-005, 2.27885939239e-005, 3.71543574147e-005, 7.88663455751e-005, 8.78773516888e-006, 1.8231858121e-006, 3.45291368831e-008, 5.05448971566e-009, 8.15711498348e-010, 1.83970491618e-010, 5.80113075632e-011, 1.16600183827e-013, 7.63843978032e-015, 6.84277631082e-016, 1.08340427407e-017, 7.10283117515e-018, 4.51450776503e-018, 3.7347324598e-018, 3.14289238293e-018, 3.07537314505e-018, 2.13971006991e-018]
    },
    "erbbands": {
        "mean": [7.81768612796e-005, 0.00027324075927, 0.00413772556931, 0.160774350166, 0.96611315012, 3.32172346115, 7.18908309937, 9.77317142487, 48.1739120483, 83.4254684448, 114.237686157, 115.076828003, 135.122879028, 133.356552124, 68.1423797607, 43.5637512207, 17.1435928345, 4.36674070358, 2.21124005318, 1.05121552944, 0.414019972086, 0.407490849495, 0.0432885102928, 0.0102474549785, 0.00225092028268, 0.000758073583711, 0.000218303015572, 0.000100404737168, 6.8076136813e-005, 5.52667479496e-005, 4.69985134259e-005, 3.97425137635e-005, 3.41139129887e-005, 2.88992268906e-005, 2.3505264835e-005, 1.74977831193e-005, 1.01566383819e-005, 2.77902017842e-006, 1.28247966131e-005, 2.92593194899e-005],
        "var": [1.50984167391e-008, 1.02430533389e-007, 1.39565318023e-005, 0.0220959670842, 0.809798598289, 14.3952007294, 42.1982002258, 74.6717758179, 2421.29589844, 7476.73388672, 18525.1484375, 10616.5166016, 42995.9648438, 17311.7089844, 8529.68847656, 2841.37768555, 502.075958252, 13.2091341019, 2.95101213455, 1.06673395634, 0.18540610373, 0.273511499166, 0.00141029851511, 0.000122122452012, 3.30554348693e-006, 5.5279673461e-007, 4.3750979728e-008, 1.49210883649e-008, 1.00507504541e-008, 6.82091183535e-009, 3.96198762687e-009, 2.35481167898e-009, 1.23837995414e-009, 6.72505662269e-010, 3.47683104529e-010, 1.69257760585e-010, 4.98361733825e-011, 4.12139116238e-012, 7.26457088929e-011, 3.79758724467e-010]
    },
    "gfcc": {
        "mean": [-226.401870728, 244.694854736, -149.469238281, -138.937362671, -46.815410614, -33.8623771667, -38.9759559631, -14.8536462784, -14.8078269958, -26.1819114685, -8.09428787231, -10.092918396, -2.78971409798],
        "cov": [[2837.58325195, 413.538513184, -305.464141846, -205.159851074, -44.6432533264, -33.9797134399, -1.66176867485, -33.226650238, -86.6463317871, -57.6221351624, -22.1621990204, -86.8561630249, -62.9778633118], [413.538513184, 263.435455322, -47.1043930054, -56.11977005, 62.9892463684, -30.0974349976, -27.2643108368, -24.0708904266, -32.6224517822, -9.39889144897, 7.0150346756, -25.5802383423, -4.44945573807], [-305.464141846, -47.1043930054, 133.310928345, 49.7145233154, -27.5661430359, 17.6279449463, 14.4633169174, 8.17758655548, 25.4480495453, 13.3648719788, -8.16903114319, 4.30644083023, 17.1618003845], [-205.159851074, -56.11977005, 49.7145233154, 150.586868286, 50.2541618347, 34.1920623779, 17.5692367554, -10.8181152344, -8.58262062073, 19.1958255768, 1.19785606861, -3.64336562157, -5.10694789886], [-44.6432533264, 62.9892463684, -27.5661430359, 50.2541618347, 122.026557922, 15.0520219803, 13.4034337997, -4.24997806549, -31.9111633301, 4.64992666245, 8.4097700119, -24.7884960175, -14.1581926346], [-33.9797134399, -30.0974349976, 17.6279449463, 34.1920623779, 15.0520219803, 64.4642028809, 37.7877044678, -10.4887065887, -7.89402198792, 6.33855628967, -8.7972278595, -7.64288854599, 1.71181499958], [-1.66176867485, -27.2643108368, 14.4633169174, 17.5692367554, 13.4034337997, 37.7877044678, 56.2127151489, 20.5209178925, -7.68901205063, 1.06209981441, -6.06929302216, -13.1304740906, 2.42018818855], [-33.226650238, -24.0708904266, 8.17758655548, -10.8181152344, -4.24997806549, -10.4887065887, 20.5209178925, 51.3271331787, 31.8776874542, -1.58992147446, -4.60370826721, 3.72757482529, 7.97293424606], [-86.6463317871, -32.6224517822, 25.4480495453, -8.58262062073, -31.9111633301, -7.89402198792, -7.68901205063, 31.8776874542, 63.3584823608, 24.8362426758, -2.73823595047, 10.3874168396, 15.1865177155], [-57.6221351624, -9.39889144897, 13.3648719788, 19.1958255768, 4.64992666245, 6.33855628967, 1.06209981441, -1.58992147446, 24.8362426758, 46.400352478, 20.6430778503, -4.36903381348, 1.09065306187], [-22.1621990204, 7.0150346756, -8.16903114319, 1.19785606861, 8.4097700119, -8.7972278595, -6.06929302216, -4.60370826721, -2.73823595047, 20.6430778503, 37.8092346191, 20.6912441254, -3.49606800079], [-86.8561630249, -25.5802383423, 4.30644083023, -3.64336562157, -24.7884960175, -7.64288854599, -13.1304740906, 3.72757482529, 10.3874168396, -4.36903381348, 20.6912441254, 52.3753051758, 22.4447650909], [-62.9778633118, -4.44945573807, 17.1618003845, -5.10694789886, -14.1581926346, 1.71181499958, 2.42018818855, 7.97293424606, 15.1865177155, 1.09065306187, -3.49606800079, 22.4447650909, 40.6797523499]],
        "icov": [[0.000924834166653, -0.0019540770445, 0.00244135921821, -0.00116549537051, 0.00323318387382, -0.00168226938695, 0.000364421895938, -0.00189360638615, 0.000729856081307, 0.000967423082329, -0.00168848829344, 0.00251614046283, -0.000244487426244], [-0.0019540770445, 0.0118435574695, -0.0050837341696, 0.00463413679972, -0.0120279705152, 0.00703815976158, -0.00354826077819, 0.0167392417789, -0.0146445333958, 0.0162965580821, -0.0153687037528, 0.0105986781418, -0.00869373418391], [0.00244135921821, -0.0050837341696, 0.0190362650901, -0.0107627073303, 0.0132028786466, -0.00327904266305, -0.00689256982878, 0.00634393980727, -0.0171634089202, 0.0226945113391, -0.0240199286491, 0.0222595278174, -0.0108056338504], [-0.00116549537051, 0.00463413679972, -0.0107627073303, 0.0205754302442, -0.0155126787722, 0.00510672759265, 0.000920876045711, -0.0068502635695, 0.0270462464541, -0.0472325645387, 0.0518035143614, -0.0416044741869, 0.0200764779001], [0.00323318387382, -0.0120279705152, 0.0132028786466, -0.0155126787722, 0.0398401170969, -0.0369925759733, 0.0422609709203, -0.0552564151585, 0.0362136252224, -0.000790752004832, -0.0279836412519, 0.0358810313046, -0.0157894827425], [-0.00168226938695, 0.00703815976158, -0.00327904266305, 0.00510672759265, -0.0369925759733, 0.116354562342, -0.144151970744, 0.147592633963, -0.10044747591, 0.0269530713558, 0.035305056721, -0.0503985434771, 0.0296853017062], [0.000364421895938, -0.00354826077819, -0.00689256982878, 0.000920876045711, 0.0422609709203, -0.144151970744, 0.235534846783, -0.247890308499, 0.207337513566, -0.116376504302, 0.0256872959435, 0.0261679124087, -0.0279674064368], [-0.00189360638615, 0.0167392417789, 0.00634393980727, -0.0068502635695, -0.0552564151585, 0.147592633963, -0.247890308499, 0.334539830685, -0.31121686101, 0.239781141281, -0.14133566618, 0.0574507042766, -0.0149888256565], [0.000729856081307, -0.0146445333958, -0.0171634089202, 0.0270462464541, 0.0362136252224, -0.10044747591, 0.207337513566, -0.31121686101, 0.368858724833, -0.350839853287, 0.276236146688, -0.163974940777, 0.0615724101663], [0.000967423082329, 0.0162965580821, 0.0226945113391, -0.0472325645387, -0.000790752004832, 0.0269530713558, -0.116376504302, 0.239781141281, -0.350839853287, 0.455548584461, -0.427857130766, 0.296268492937, -0.135177835822], [-0.00168848829344, -0.0153687037528, -0.0240199286491, 0.0518035143614, -0.0279836412519, 0.035305056721, 0.0256872959435, -0.14133566618, 0.276236146688, -0.427857130766, 0.484787464142, -0.351758599281, 0.171379834414], [0.00251614046283, 0.0105986781418, 0.0222595278174, -0.0416044741869, 0.0358810313046, -0.0503985434771, 0.0261679124087, 0.0574507042766, -0.163974940777, 0.296268492937, -0.351758599281, 0.295289605856, -0.147649869323], [-0.000244487426244, -0.00869373418391, -0.0108056338504, 0.0200764779001, -0.0157894827425, 0.0296853017062, -0.0279674064368, -0.0149888256565, 0.0615724101663, -0.135177835822, 0.171379834414, -0.147649869323, 0.10502037406]]
    },
    "melbands": {
        "mean": [6.06018772942e-007, 5.54207929326e-007, 4.81367605971e-005, 0.000146338701597, 0.000237826505327, 0.00025346345501, 0.000771990744397, 0.000873119803146, 0.00113666185644, 0.000663922459353, 0.000718169205356, 0.000621913757641, 0.000233275524806, 0.000105546467239, 0.000125108039356, 1.02252879515e-005, 7.68275640439e-006, 4.01475472245e-006, 2.29190709433e-006, 1.02712033367e-006, 2.51414007835e-007, 5.1482032859e-007, 6.85730014993e-008, 1.17774616726e-008, 7.48308082166e-009, 1.59945323652e-009, 1.1333667338e-009, 3.12624315324e-010, 1.34084188197e-010, 5.81259831933e-011, 3.79959258501e-011, 2.81502720439e-011, 2.30652597716e-011, 1.95667596709e-011, 1.69835950858e-011, 1.43800466326e-011, 1.23839749219e-011, 1.08683713071e-011, 9.69698019798e-012, 8.58943385168e-012],
        "var": [9.5639988984e-013, 5.80710718227e-013, 1.81136239341e-009, 2.14476933991e-008, 4.73840096049e-008, 5.50606600314e-008, 5.63187882108e-007, 1.00380043477e-006, 2.07949756259e-006, 3.60941015742e-007, 1.37115216603e-006, 4.58752083432e-007, 8.34455420318e-008, 1.59940096722e-008, 3.64925405449e-008, 1.18486054301e-010, 5.65468054325e-011, 1.26042804666e-011, 8.76264599076e-012, 1.69690780524e-012, 6.47584538619e-014, 4.61485450548e-013, 4.53353420952e-015, 1.39289935965e-016, 8.70260311204e-017, 1.35507766351e-018, 2.02601430151e-018, 1.23638686158e-019, 2.27113116207e-020, 6.90389576941e-021, 3.72761269008e-021, 2.93611332912e-021, 2.67060349862e-021, 1.65671049075e-021, 1.18205614049e-021, 9.10830160765e-022, 6.6160257081e-022, 4.39991574886e-022, 3.78282432015e-022, 2.63604068771e-022]
    },
    "mfcc": {
        "mean": [-828.498291016, 261.42578125, -18.9630489349, -91.4427490234, -35.7295150757, -24.5556945801, -31.6500205994, -12.8639583588, -7.90847635269, -18.9368972778, -14.800321579, -5.55082130432, -7.29382371902],
        "cov": [[710.834777832, 456.558319092, -197.951080322, -80.8087692261, 85.5925750732, -40.8950195313, -13.0500211716, 59.412563324, -28.9294166565, -36.6089515686, 27.9559001923, 1.91620409489, -13.4505271912], [456.558319092, 330.667114258, -74.6333999634, -57.3705482483, 30.3992099762, -24.8239040375, -12.112531662, 26.9449901581, -11.0240621567, -12.4194087982, 14.6869688034, -8.32679748535, -15.5505342484], [-197.951080322, -74.6333999634, 140.931045532, 40.2025184631, -46.5571212769, 8.88795471191, -0.230509102345, -26.7958221436, 17.5887317657, 26.0124320984, -7.29060077667, -11.2211484909, -5.93244218826], [-80.8087692261, -57.3705482483, 40.2025184631, 69.7527694702, 35.0303230286, 6.18992900848, 3.02753520012, 3.8355782032, 1.71158850193, 3.23689889908, 7.84460639954, 8.58362579346, 4.0536365509], [85.5925750732, 30.3992099762, -46.5571212769, 35.0303230286, 84.8441085815, 33.7844581604, 9.64824008942, 10.7053251266, -8.97619724274, -7.33741378784, 9.66595649719, 7.73952245712, 8.90908718109], [-40.8950195313, -24.8239040375, 8.88795471191, 6.18992900848, 33.7844581604, 70.5893707275, 39.2178840637, -11.0650367737, -6.36455774307, 10.9320993423, -4.64449167252, -15.1655731201, 7.54198646545], [-13.0500211716, -12.112531662, -0.230509102345, 3.02753520012, 9.64824008942, 39.2178840637, 54.2572517395, 23.3609905243, -3.96215009689, 1.61671590805, -0.432767361403, -12.2003593445, -0.442486852407], [59.412563324, 26.9449901581, -26.7958221436, 3.8355782032, 10.7053251266, -11.0650367737, 23.3609905243, 56.1647949219, 23.918214798, -5.49388027191, 3.19553852081, 5.39075613022, -7.48180818558], [-28.9294166565, -11.0240621567, 17.5887317657, 1.71158850193, -8.97619724274, -6.36455774307, -3.96215009689, 23.918214798, 51.9413566589, 33.6424064636, 2.00227403641, -6.84266042709, -8.68249797821], [-36.6089515686, -12.4194087982, 26.0124320984, 3.23689889908, -7.33741378784, 10.9320993423, 1.61671590805, -5.49388027191, 33.6424064636, 60.2951774597, 24.8865413666, -18.1822566986, -11.3578386307], [27.9559001923, 14.6869688034, -7.29060077667, 7.84460639954, 9.66595649719, -4.64449167252, -0.432767361403, 3.19553852081, 2.00227403641, 24.8865413666, 41.6793899536, 17.3248291016, -5.58035087585], [1.91620409489, -8.32679748535, -11.2211484909, 8.58362579346, 7.73952245712, -15.1655731201, -12.2003593445, 5.39075613022, -6.84266042709, -18.1822566986, 17.3248291016, 49.8760261536, 21.5490703583], [-13.4505271912, -15.5505342484, -5.93244218826, 4.0536365509, 8.90908718109, 7.54198646545, -0.442486852407, -7.48180818558, -8.68249797821, -11.3578386307, -5.58035087585, 21.5490703583, 37.7048225403]],
        "icov": [[-902.355163574, 1252.59777832, -1182.58764648, 1068.94702148, -918.201660156, 742.418884277, -558.598999023, 385.637420654, -239.738510132, 130.723846436, -59.904914856, 21.2799415588, -4.71738672256], [1252.59777832, -1738.51416016, 1640.56774902, -1481.63647461, 1271.01672363, -1025.78991699, 769.942993164, -529.926391602, 328.214263916, -178.178878784, 81.2219009399, -28.6695137024, 6.30371427536], [-1182.58764648, 1640.56774902, -1545.75598145, 1392.00073242, -1188.64355469, 952.892272949, -708.749267578, 482.091949463, -294.20098877, 156.863433838, -69.9546585083, 24.0376377106, -5.09987592697], [1068.94702148, -1481.63647461, 1392.00073242, -1246.35083008, 1054.02355957, -832.461242676, 606.127319336, -400.435943604, 235.057632446, -119.135093689, 49.6796646118, -15.5767936707, 2.88524389267], [-918.201660156, 1271.01672363, -1188.64355469, 1054.02355957, -876.039367676, 672.50378418, -468.765594482, 290.04989624, -154.262054443, 67.0626373291, -21.4460601807, 3.69430398941, 0.235998854041], [742.418884277, -1025.78991699, 952.892272949, -832.461242676, 672.50378418, -490.783996582, 313.539306641, -165.741012573, 63.4378356934, -8.54059410095, -10.3077316284, 9.68965148926, -3.76407527924], [-558.598999023, 769.942993164, -708.749267578, 606.127319336, -468.765594482, 313.539306641, -166.320053101, 51.0786437988, 18.2538318634, -42.9816436768, 37.7603607178, -21.0771427155, 6.71768808365], [385.637420654, -529.926391602, 482.091949463, -400.435943604, 290.04989624, -165.741012573, 51.0786437988, 32.5979499817, -73.7100067139, 75.6372909546, -54.0998420715, 27.4995269775, -8.3112449646], [-239.738510132, 328.214263916, -294.20098877, 235.057632446, -154.262054443, 63.4378356934, 18.2538318634, -73.7100067139, 94.1895599365, -83.5680084229, 56.0275611877, -27.5077171326, 8.16015052795], [130.723846436, -178.178878784, 156.863433838, -119.135093689, 67.0626373291, -8.54059410095, -42.9816436768, 75.6372909546, -83.5680084229, 70.0665359497, -45.6557426453, 22.0829048157, -6.51225280762], [-59.904914856, 81.2219009399, -69.9546585083, 49.6796646118, -21.4460601807, -10.3077316284, 37.7603607178, -54.0998420715, 56.0275611877, -45.6557426453, 29.3519248962, -14.1042909622, 4.17168092728], [21.2799415588, -28.6695137024, 24.0376377106, -15.5767936707, 3.69430398941, 9.68965148926, -21.0771427155, 27.4995269775, -27.5077171326, 22.0829048157, -14.1042909622, 6.80576658249, -2.03724575043], [-4.71738672256, 6.30371427536, -5.09987592697, 2.88524389267, 0.235998854041, -3.76407527924, 6.71768808365, -8.3112449646, 8.16015052795, -6.51225280762, 4.17168092728, -2.03724575043, 0.656821191311]]
    },
    "spectral_contrast_coeffs": {
        "mean": [-0.464750081301, -0.674450874329, -0.686379313469, -0.704084932804, -0.72660779953, -0.929402172565],
        "var": [0.00412835692987, 0.00383979571052, 0.00263528642245, 0.00182421517093, 0.000676323252264, 0.00103617319837]
    },
    "spectral_contrast_valleys": {
        "mean": [-10.5838842392, -6.18612337112, -6.84086418152, -8.98321056366, -12.0884447098, -14.3390626907],
        "var": [0.67082130909, 0.820570111275, 0.722350358963, 0.609042286873, 0.494281560183, 1.09478509426]
    }
},
"metadata": {
    "audio_properties": {
        "analysis_sample_rate": 44100,
        "bit_rate": 76471,
        "equal_loudness": 0,
        "length": 45.0873451233,
        "lossless": 0,
        "replay_gain": -2.04013061523,
        "sample_rate": 44100,
        "codec": "mp3",
        "downmix": "mix",
        "md5_encoded": "1f41ed1d9a4b0be31c44d0f20b912c7f"
    },
    "tags": {
        "file_name": "554.mp3"
    },
    "version": {
        "essentia": "2.1-beta2",
        "essentia_git_sha": "v2.1_beta2",
        "extractor": "music 1.0"
    }
},
"rhythm": {
    "beats_count": 89,
    "beats_loudness": {
        "mean": 0.0316683351994,
        "var": 0.000425178761361
    },
    "bpm": 119.945785522,
    "bpm_histogram_first_peak_bpm": {
        "mean": 120,
        "var": 0
    },
    "bpm_histogram_first_peak_spread": {
        "mean": 0.512195110321,
        "var": 0
    },
    "bpm_histogram_first_peak_weight": {
        "mean": 0.454545468092,
        "var": 0
    },
    "bpm_histogram_second_peak_bpm": {
        "mean": 115,
        "var": 0
    },
    "bpm_histogram_second_peak_spread": {
        "mean": 0,
        "var": 0
    },
    "bpm_histogram_second_peak_weight": {
        "mean": 0.0568181835115,
        "var": 0
    },
    "danceability": 0.840160369873,
    "onset_rate": 0.975506782532,
    "beats_loudness_band_ratio": {
        "mean": [0.00925955735147, 0.102276951075, 0.615043103695, 0.303519457579, 0.00343160773627, 4.20730839323e-006],
        "var": [5.84595363762e-005, 0.00355050130747, 0.0304072704166, 0.0269679091871, 7.23936909708e-006, 3.55674951297e-012]
    },
    "beats_position": [0.46439909935, 0.952018141747, 1.43963718414, 1.93886613846, 2.43809509277, 2.93732428551, 3.43655323982, 3.93578219414, 4.43501138687, 4.94585037231, 5.4334692955, 5.92108821869, 6.40870714188, 6.90793657303, 7.41877555847, 7.91800451279, 8.42884349823, 8.92807197571, 9.42730140686, 9.92653083801, 10.4373693466, 10.95981884, 11.4706573486, 11.9931058884, 12.5039453506, 13.0031747818, 13.4907932281, 13.9900226593, 14.4776411057, 14.9768705368, 15.4644899368, 15.9637184143, 16.4629478455, 16.9505672455, 17.4381847382, 17.9258041382, 18.4250335693, 18.9242630005, 19.4118824005, 19.8994998932, 20.4103393555, 20.9211788177, 21.4087982178, 21.8848075867, 22.3724250793, 22.8716545105, 23.3708839417, 23.8701133728, 24.369342804, 24.8801803589, 25.37940979, 25.8786392212, 26.3894786835, 26.8887062073, 27.3879356384, 27.8987751007, 28.409614563, 28.9088420868, 29.4080715179, 29.9073009491, 30.4181404114, 30.9289798737, 31.4398174286, 31.9506568909, 32.4382743835, 32.9491157532, 33.4483451843, 33.9591827393, 34.4700202942, 34.9924697876, 35.514919281, 36.0373687744, 36.5482063293, 37.0474357605, 37.5466651917, 38.0458946228, 38.545124054, 39.0327415466, 39.5319709778, 40.0312004089, 40.5420417786, 41.0528793335, 41.5637168884, 42.0745582581, 42.5737876892, 43.0730133057, 43.5838546753, 44.0830841064, 44.5823135376]
},
"tonal": {
    "chords_changes_rate": 0.0246913582087,
    "chords_number_rate": 0.00617283955216,
    "chords_strength": {
        "mean": 0.509753108025,
        "var": 0.00831589382142
    },
    "hpcp_entropy": {
        "mean": 1.24929153919,
        "var": 0.35043990612
    },
    "key_strength": 0.819137752056,
    "tuning_diatonic_strength": 0.590424954891,
    "tuning_equal_tempered_deviation": 0.0253619682044,
    "tuning_frequency": 440,
    "tuning_nontempered_energy_ratio": 0.594176352024,
    "hpcp": {
        "mean": [0.0118785491213, 0.0122634926811, 0.2122849226, 0.38237541914, 0.190130785108, 0.0105828894302, 0.0003695479827, 0.00685284053907, 0.165872067213, 0.319855451584, 0.169458761811, 0.0111378878355, 0.00240822765045, 0.000559416075703, 0.0142311649397, 0.022145261988, 0.0143244760111, 0.228888839483, 0.544403016567, 0.344966173172, 0.0240862686187, 0.000951927504502, 0.00480298884213, 0.111118867993, 0.205798983574, 0.102463506162, 0.00445387233049, 0.00119546195492, 0.00124362879433, 0.0146692171693, 0.0219742301852, 0.0150482226163, 0.242743745446, 0.495071560144, 0.270186424255, 0.0205052960664],
        "var": [0.000316773308441, 0.000310457136948, 0.0579672344029, 0.158837556839, 0.0375222936273, 0.000380945537472, 8.75957653079e-007, 0.000109936081572, 0.0301690157503, 0.0991098284721, 0.0267283432186, 0.000187377983821, 1.04421851574e-005, 4.43745591383e-007, 0.000221693335334, 0.000523930415511, 0.000336802186212, 0.0318773239851, 0.133894309402, 0.0602966882288, 0.00132552930154, 3.09640199703e-006, 0.000111967965495, 0.0253100823611, 0.0813496336341, 0.0199114326388, 4.58563954453e-005, 2.95686390928e-006, 3.51659264197e-006, 0.000238615990384, 0.000543397851288, 0.00030949205393, 0.0470676608384, 0.176980420947, 0.0557326935232, 0.000504218856804]
    },
    "chords_histogram": [56.1728401184, 0, 5.04115247726, 0, 8.12757205963, 0, 0, 0, 0, 0, 0, 0, 0, 0, 0, 0, 0, 7.30452680588, 0, 7.30452680588, 0, 15.6378602982, 0, 0.411522626877],
    "thpcp": [1, 0.633659541607, 0.0442434512079, 0.00174857128877, 0.0088224876672, 0.204111412168, 0.378026902676, 0.188212603331, 0.00818120408803, 0.00219591357745, 0.00228438992053, 0.0269455108792, 0.0403639040887, 0.0276416949928, 0.445889800787, 0.909384310246, 0.496298551559, 0.0376656539738, 0.0218194033951, 0.0225264970213, 0.38994076848, 0.702375650406, 0.349246382713, 0.0194394402206, 0.000678813259583, 0.0125878080726, 0.304686158895, 0.587534308434, 0.311274468899, 0.020458901301, 0.00442361179739, 0.00102757709101, 0.0261408630759, 0.0406780652702, 0.0263122636825, 0.420440077782],
    "chords_key": "G#",
    "chords_scale": "major",
    "key_key": "G#",
    "key_scale": "major"
}
}