{
"lowlevel": {
    "average_loudness": 0.379684567451,
    "barkbands_crest": {
        "mean": 11.5483961105,
        "var": 23.5300483704
    },
    "barkbands_flatness_db": {
        "mean": 0.177712991834,
        "var": 0.0033507887274
    },
    "barkbands_kurtosis": {
        "mean": 3.66046404839,
        "var": 219.878036499
    },
    "barkbands_skewness": {
        "mean": 0.485741823912,
        "var": 2.3737206459
    },
    "barkbands_spread": {
        "mean": 16.7963829041,
        "var": 54.7737083435
    },
    "dissonance": {
        "mean": 0.448435723782,
        "var": 0.00137349183206
    },
    "dynamic_complexity": 7.60191011429,
    "erbbands_crest": {
        "mean": 13.8674812317,
        "var": 40.343334198
    },
    "erbbands_flatness_db": {
        "mean": 0.235033735633,
        "var": 0.00289416057058
    },
    "erbbands_kurtosis": {
        "mean": 1.39641594887,
        "var": 19.5293560028
    },
    "erbbands_skewness": {
        "mean": 0.356446027756,
        "var": 0.784875750542
    },
    "erbbands_spread": {
        "mean": 20.904548645,
        "var": 132.195617676
    },
    "hfc": {
        "mean": 16.1281013489,
        "var": 652.343994141
    },
    "melbands_crest": {
        "mean": 14.5390796661,
        "var": 36.9593162537
    },
    "melbands_flatness_db": {
        "mean": 0.214774698019,
        "var": 0.00636126752943
    },
    "melbands_kurtosis": {
        "mean": 7.59373855591,
        "var": 1084.60839844
    },
    "melbands_skewness": {
        "mean": 1.01799750328,
        "var": 3.53143143654
    },
    "melbands_spread": {
        "mean": 30.0596122742,
        "var": 203.041931152
    },
    "pitch_salience": {
        "mean": 0.498594969511,
        "var": 0.0121437571943
    },
    "silence_rate_20dB": {
        "mean": 1,
        "var": 0
    },
    "silence_rate_30dB": {
        "mean": 0.997941315174,
        "var": 0.00205448432826
    },
    "silence_rate_60dB": {
        "mean": 0.472979933023,
        "var": 0.249271035194
    },
    "spectral_centroid": {
        "mean": 1804.39538574,
        "var": 437369.03125
    },
    "spectral_complexity": {
        "mean": 9.53937244415,
        "var": 69.0763702393
    },
    "spectral_decrease": {
        "mean": -2.32148189561e-009,
        "var": 1.18426000733e-017
    },
    "spectral_energy": {
        "mean": 0.0102246589959,
        "var": 0.000232575155678
    },
    "spectral_energyband_high": {
        "mean": 0.000420916796429,
        "var": 5.14123598805e-007
    },
    "spectral_energyband_low": {
        "mean": 0.000196810855414,
        "var": 5.79877834639e-008
    },
    "spectral_energyband_middle_high": {
        "mean": 0.00785021390766,
        "var": 0.000163672360941
    },
    "spectral_energyband_middle_low": {
        "mean": 0.00184962211642,
        "var": 8.17259933683e-006
    },
    "spectral_entropy": {
        "mean": 6.65800428391,
        "var": 0.501195549965
    },
    "spectral_flux": {
        "mean": 0.033595148474,
        "var": 0.000899093283806
    },
    "spectral_kurtosis": {
        "mean": 6.91066122055,
        "var": 11.5759944916
    },
    "spectral_rms": {
        "mean": 0.00249543273821,
        "var": 3.74810929316e-006
    },
    "spectral_rolloff": {
        "mean": 1953.47106934,
        "var": 1259500.875
    },
    "spectral_skewness": {
        "mean": 1.72913658619,
        "var": 0.212231561542
    },
    "spectral_spread": {
        "mean": 3307590,
        "var": 3.01289229517e+012
    },
    "spectral_strongpeak": {
        "mean": 2.16977572441,
        "var": 6.69130325317
    },
    "zerocrossingrate": {
        "mean": 0.0708281695843,
        "var": 0.00095000496367
    },
    "barkbands": {
        "mean": [1.5592235286e-005, 0.000101297584479, 5.91634816374e-005, 8.71065785759e-005, 0.000233395126997, 0.000243553731707, 0.000159720337251, 0.000323230342474, 0.000628280569799, 0.00102021778002, 0.00109414500184, 0.000843195477501, 0.00128096621484, 0.000431440537795, 0.00123101787176, 0.000588709430303, 0.000839335843921, 0.000190579681657, 0.000376495998353, 0.000165691395523, 0.000189646932995, 8.91510644578e-005, 1.02999229057e-005, 1.02756657725e-005, 7.20448224456e-006, 4.79010350318e-006, 1.72131350951e-007],
        "var": [4.98813046423e-010, 2.26743335219e-008, 1.77622059283e-008, 4.78263082471e-008, 6.76387060139e-007, 2.65481020278e-007, 2.61196021256e-007, 7.60953525969e-007, 2.22002427108e-006, 1.30760254251e-005, 7.52940877646e-006, 8.19352408143e-006, 1.44758787428e-005, 2.54855217463e-006, 1.00402594398e-005, 2.5847211873e-006, 9.44413841353e-006, 1.66280486269e-007, 1.49651475567e-006, 9.7164388535e-008, 1.57315469096e-007, 3.50760558376e-008, 5.2722731736e-010, 6.57216225886e-010, 3.78173103943e-010, 1.36462438571e-010, 3.79283057869e-013]
    },
    "erbbands": {
        "mean": [0.00304253632203, 0.0225123502314, 0.0665781497955, 0.16180883348, 0.328072845936, 0.909786641598, 1.86648321152, 2.03573226929, 1.8812892437, 3.78240227699, 9.85070800781, 16.7076053619, 14.0881433487, 42.3163948059, 46.3354988098, 47.2919578552, 61.5786056519, 29.8374595642, 48.318977356, 50.8692970276, 30.8698501587, 32.6270027161, 24.5158958435, 26.9902324677, 7.02334976196, 8.04221153259, 8.01900291443, 6.50948429108, 2.99976229668, 1.90617501736, 0.415704965591, 0.198478266597, 0.174566417933, 0.107648774981, 0.0435152314603, 0.0255203023553, 0.00803797878325, 0.000907649286091, 2.94211331493e-005, 1.43092956932e-005],
        "var": [2.28549379244e-005, 0.00120513548609, 0.0155111197382, 0.106020510197, 0.65313398838, 14.293217659, 26.7897586823, 17.9976978302, 24.8693885803, 110.851356506, 605.36340332, 1575.21777344, 1248.97167969, 20932.1035156, 11009.2412109, 21165.9570313, 30410.8613281, 13070.8574219, 15705.4414063, 15260.2050781, 4819.98193359, 12034.6035156, 5890.71972656, 7791.734375, 182.438903809, 233.885635376, 223.065963745, 220.664855957, 43.9065132141, 28.1098098755, 0.892244458199, 0.195838943124, 0.213700518012, 0.117084994912, 0.00793080590665, 0.00457952031866, 0.000362078833859, 4.32486922364e-006, 4.76173633857e-009, 4.5933556958e-010]
    },
    "gfcc": {
        "mean": [-123.588439941, 70.3223419189, -158.625, 23.223077774, -44.386013031, 18.7441482544, -21.0745582581, 8.82296943665, -23.464214325, 3.05015301704, -21.7671718597, 7.39872550964, -2.70057868958],
        "cov": [[14946.3544922, -1862.26806641, -4305.52197266, -1002.72021484, -1430.36352539, -698.604736328, -532.842712402, -374.535217285, -329.417236328, 614.473876953, -61.9976730347, -45.5463142395, 18.2057151794], [-1862.26806641, 1048.0579834, 655.480163574, 113.282325745, 269.392333984, 13.9306192398, -18.3716964722, -147.988418579, -1.00969457626, -91.5970230103, 53.9825210571, -51.5607757568, 0.90015900135], [-4305.52197266, 655.480163574, 1788.43347168, 355.304016113, 450.181854248, 272.369812012, 110.352973938, 129.541534424, -40.7259597778, -350.4815979, -38.4460639954, 139.145812988, 25.5122375488], [-1002.72021484, 113.282325745, 355.304016113, 361.707885742, 191.331115723, 120.99016571, 126.938323975, 100.980201721, 11.6541185379, -276.119506836, -83.9375305176, 116.405914307, 65.2944946289], [-1430.36352539, 269.392333984, 450.181854248, 191.331115723, 351.87097168, 142.863861084, 94.5022201538, 50.8804397583, -5.60741662979, -207.602706909, -9.74684619904, 134.897964478, 46.8564453125], [-698.604736328, 13.9306192398, 272.369812012, 120.99016571, 142.863861084, 234.172286987, 116.915077209, 67.9852600098, -3.31949877739, -144.807800293, -5.30813121796, 100.92175293, 40.9280891418], [-532.842712402, -18.3716964722, 110.352973938, 126.938323975, 94.5022201538, 116.915077209, 216.021774292, 104.040527344, -0.0557377003133, -136.240371704, -32.433883667, 72.8822860718, 30.13347435], [-374.535217285, -147.988418579, 129.541534424, 100.980201721, 50.8804397583, 67.9852600098, 104.040527344, 244.820159912, 54.9677124023, -122.624931335, -89.3639144897, 25.8081588745, 54.7830734253], [-329.417236328, -1.00969457626, -40.7259597778, 11.6541185379, -5.60741662979, -3.31949877739, -0.0557377003133, 54.9677124023, 194.350280762, 133.126052856, -0.921416163445, -106.122451782, -26.1117191315], [614.473876953, -91.5970230103, -350.4815979, -276.119506836, -207.602706909, -144.807800293, -136.240371704, -122.624931335, 133.126052856, 586.74017334, 165.41368103, -292.473388672, -156.305206299], [-61.9976730347, 53.9825210571, -38.4460639954, -83.9375305176, -9.74684619904, -5.30813121796, -32.433883667, -89.3639144897, -0.921416163445, 165.41368103, 197.672668457, -7.8021697998, -55.3296966553], [-45.5463142395, -51.5607757568, 139.145812988, 116.405914307, 134.897964478, 100.92175293, 72.8822860718, 25.8081588745, -106.122451782, -292.473388672, -7.8021697998, 378.527313232, 148.105667114], [18.2057151794, 0.90015900135, 25.5122375488, 65.2944946289, 46.8564453125, 40.9280891418, 30.13347435, 54.7830734253, -26.1117191315, -156.305206299, -55.3296966553, 148.105667114, 189.588043213]],
        "icov": [[0.000440895673819, -0.000225863899686, 0.00105699372943, -0.000151281623403, 0.00079227873357, -0.000555336300749, 0.000877221289556, -0.000546637747902, 0.00107443297748, -0.000403100479161, 0.000689191336278, -0.000740824267268, 0.000406713079428], [-0.000225863899686, 0.00261551328003, -0.00141224847175, 0.000479013338918, -0.00198844540864, 0.00170083530247, -0.00115112261847, 0.00297070224769, -0.00159461412113, 0.00164821906947, -0.00153126567602, 0.00245037837885, -0.00173871347215], [0.00105699372943, -0.00141224847175, 0.00381096010096, -0.00098990125116, 0.00152179936413, -0.00244693108834, 0.00298208626918, -0.00267268670723, 0.00338517408818, -0.00139581412077, 0.00193188712001, -0.00224360730499, 0.00181571452413], [-0.000151281623403, 0.000479013338918, -0.00098990125116, 0.00634084641933, -0.00157505134121, 0.000566141854506, -0.0020850149449, 0.00106448598672, -0.0027813827619, 0.00292950705625, -0.000149971907376, 0.000844841008075, -0.000419091724325], [0.00079227873357, -0.00198844540864, 0.00152179936413, -0.00157505134121, 0.00831241905689, -0.00289274565876, 0.00147520890459, -0.00197418848984, 0.00130541739054, -0.000572659715544, 0.000949916313402, -0.00334146199748, 0.00177232560236], [-0.000555336300749, 0.00170083530247, -0.00244693108834, 0.000566141854506, -0.00289274565876, 0.00921977031976, -0.00443931063637, 0.00201876531355, -0.00273084850051, 0.00200275238603, -0.00269197998568, 0.00157835322898, -0.00171720818616], [0.000877221289556, -0.00115112261847, 0.00298208626918, -0.0020850149449, 0.00147520890459, -0.00443931063637, 0.0103401690722, -0.00461753970012, 0.0033190024551, -0.00111851003021, 0.00133807142265, -0.00231289328076, 0.00225487281568], [-0.000546637747902, 0.00297070224769, -0.00267268670723, 0.00106448598672, -0.00197418848984, 0.00201876531355, -0.00461753970012, 0.0107980426401, -0.00525505794212, 0.0030919611454, -0.000378411321435, 0.00352865736932, -0.00334435515106], [0.00107443297748, -0.00159461412113, 0.00338517408818, -0.0027813827619, 0.00130541739054, -0.00273084850051, 0.0033190024551, -0.00525505794212, 0.0123140392825, -0.00539877172559, 0.00322404480539, -0.00156843592413, 0.00107581063639], [-0.000403100479161, 0.00164821906947, -0.00139581412077, 0.00292950705625, -0.000572659715544, 0.00200275238603, -0.00111851003021, 0.0030919611454, -0.00539877172559, 0.00857871863991, -0.0056177675724, 0.00479596294463, -0.000853668432683], [0.000689191336278, -0.00153126567602, 0.00193188712001, -0.000149971907376, 0.000949916313402, -0.00269197998568, 0.00133807142265, -0.000378411321435, 0.00322404480539, -0.0056177675724, 0.0113993166015, -0.00503769051284, 0.00305053358898], [-0.000740824267268, 0.00245037837885, -0.00224360730499, 0.000844841008075, -0.00334146199748, 0.00157835322898, -0.00231289328076, 0.00352865736932, -0.00156843592413, 0.00479596294463, -0.00503769051284, 0.00970509741455, -0.00541026750579], [0.000406713079428, -0.00173871347215, 0.00181571452413, -0.000419091724325, 0.00177232560236, -0.00171720818616, 0.00225487281568, -0.00334435515106, 0.00107581063639, -0.000853668432683, 0.00305053358898, -0.00541026750579, 0.0102455876768]]
    },
    "melbands": {
        "mean": [2.84162015305e-005, 3.33096540999e-005, 3.70922934962e-005, 3.61758284271e-005, 6.79252261762e-005, 4.43358621851e-005, 3.01822401525e-005, 4.39885407104e-005, 9.28157387534e-005, 9.71951958491e-005, 6.87034989824e-005, 0.00017195950204, 0.000141327618621, 0.000118743570056, 0.000125232210848, 0.000119253803859, 4.65600969619e-005, 6.74835173413e-005, 8.1539787061e-005, 5.76806123718e-005, 3.22127489198e-005, 2.69169158855e-005, 4.9274538469e-005, 1.21376087918e-005, 2.38517823163e-005, 5.05075240653e-006, 3.30387956637e-006, 5.92590595261e-006, 5.81450967729e-006, 4.12582176068e-006, 3.66219296666e-006, 1.87311138689e-006, 1.4260408534e-006, 6.8764234129e-007, 2.23800583399e-007, 1.58831426234e-007, 9.53730605602e-008, 1.17662338539e-007, 1.30277939547e-007, 7.78319275696e-008],
        "var": [1.72167158308e-009, 2.84706902498e-009, 6.31064489554e-009, 1.34919364569e-008, 3.76647548705e-008, 8.52182413524e-009, 7.40868433269e-009, 1.32891653237e-008, 4.61289566545e-008, 5.47831824349e-008, 3.41175940832e-008, 3.92491813272e-007, 1.08806929688e-007, 1.22969623817e-007, 9.73336398147e-008, 1.56429877052e-007, 3.94989747576e-008, 3.27872875516e-008, 7.04170588506e-008, 2.3186931486e-008, 5.9227631688e-009, 5.62651036873e-009, 4.73907206811e-008, 7.66896379734e-010, 7.10615122301e-009, 1.49762396928e-010, 5.52294980583e-011, 1.36953740015e-010, 1.31386471147e-010, 9.9115972374e-011, 7.10844577645e-011, 2.50991033512e-011, 1.42701961359e-011, 4.36090399902e-012, 3.29457218885e-013, 1.63133517654e-013, 5.51626276666e-014, 1.05907646476e-013, 1.95623045215e-013, 6.09953846329e-014]
    },
    "mfcc": {
        "mean": [-768.222717285, 103.078994751, -34.8242530823, 14.6824989319, -6.0771021843, 15.2714033127, 5.76952552795, 6.49161672592, 13.651017189, -4.89733505249, -4.78102445602, -2.4176337719, 1.12923920155],
        "cov": [[15670.0244141, -1230.00524902, -4244.38232422, -1180.01342773, -1676.28173828, -617.043701172, -823.163391113, -1455.24206543, -532.183654785, -240.407043457, 133.414596558, 134.059921265, -267.432952881], [-1230.00524902, 877.806640625, 232.914199829, 77.2726593018, 240.671783447, 77.9610595703, 68.0752334595, -2.73019981384, -79.9846878052, -96.6225357056, -53.4867897034, 71.5448532104, -15.3153762817], [-4244.38232422, 232.914199829, 1563.50439453, 345.442657471, 497.509399414, 170.768005371, 234.552978516, 557.796447754, 169.55178833, 26.1218662262, -139.732025146, -152.36315918, 36.1558914185], [-1180.01342773, 77.2726593018, 345.442657471, 276.554168701, 138.43069458, 64.1887588501, 56.7134933472, 207.363830566, 80.3033981323, -1.21286082268, -60.1451377869, -70.6290283203, -17.8923816681], [-1676.28173828, 240.671783447, 497.509399414, 138.43069458, 359.226531982, 89.760559082, 85.6181030273, 250.712844849, 56.3092269897, -43.6129074097, -94.0468444824, -23.0182437897, 12.4151105881], [-617.043701172, 77.9610595703, 170.768005371, 64.1887588501, 89.760559082, 168.630065918, 66.5374832153, 140.684829712, 6.62280654907, -53.970905304, -30.5597019196, -27.4868679047, 47.5031929016], [-823.163391113, 68.0752334595, 234.552978516, 56.7134933472, 85.6181030273, 66.5374832153, 190.562103271, 135.257080078, 12.2107944489, -14.5519590378, -27.7724723816, -9.5396156311, 62.9625854492], [-1455.24206543, -2.73019981384, 557.796447754, 207.363830566, 250.712844849, 140.684829712, 135.257080078, 753.920776367, 175.52583313, -162.91619873, -313.2449646, -296.488830566, -19.0066356659], [-532.183654785, -79.9846878052, 169.55178833, 80.3033981323, 56.3092269897, 6.62280654907, 12.2107944489, 175.52583313, 238.441879272, 51.6173286438, -46.3928909302, -74.1792144775, -65.5973129272], [-240.407043457, -96.6225357056, 26.1218662262, -1.21286082268, -43.6129074097, -53.970905304, -14.5519590378, -162.91619873, 51.6173286438, 268.798919678, 158.732925415, 34.7629852295, -48.7575950623], [133.414596558, -53.4867897034, -139.732025146, -60.1451377869, -94.0468444824, -30.5597019196, -27.7724723816, -313.2449646, -46.3928909302, 158.732925415, 318.45501709, 167.415649414, 38.5750389099], [134.059921265, 71.5448532104, -152.36315918, -70.6290283203, -23.0182437897, -27.4868679047, -9.5396156311, -296.488830566, -74.1792144775, 34.7629852295, 167.415649414, 318.2684021, 109.798301697], [-267.432952881, -15.3153762817, 36.1558914185, -17.8923816681, 12.4151105881, 47.5031929016, 62.9625854492, -19.0066356659, -65.5973129272, -48.7575950623, 38.5750389099, 109.798301697, 225.09046936]],
        "icov": [[0.000416558032157, 0.000271731289104, 0.000749235332478, 0.000402375182603, 0.000477999215946, 0.000120767646877, 0.000260861939751, 0.000121096774819, 0.0002330726129, 0.000423630466685, 0.000294540514005, 0.000102675119706, 0.000369574525394], [0.000271731289104, 0.00199900078587, 0.000470501399832, -2.3704040359e-005, -0.00103148189373, -0.000400957505917, -0.000420227675932, 0.000856985338032, 0.000722064927686, 0.000975448114332, 0.000511581602041, -0.000283551984467, 0.00118518946692], [0.000749235332478, 0.000470501399832, 0.00293996604159, 1.40788279168e-005, -0.000695929222275, 0.000251892692177, -0.000207171440707, -0.000205768141313, 0.000358762743417, 5.00280293636e-005, 0.000354707095539, 0.000566238653846, 0.00025526000536], [0.000402375182603, -2.3704040359e-005, 1.40788279168e-005, 0.00605021696538, 0.000183652417036, -0.000642249709927, 0.000379431439796, -0.000708173203748, -0.000437133014202, 1.59820174304e-005, 9.98382020043e-005, 8.61917069415e-005, 0.000731516978703], [0.000477999215946, -0.00103148189373, -0.000695929222275, 0.000183652417036, 0.00776383187622, -0.000622569583356, 0.000884886074346, -0.00165141909383, 0.000293726829113, 6.99245647411e-005, 0.00101598165929, -0.00203642086126, 0.000860306434333], [0.000120767646877, -0.000400957505917, 0.000251892692177, -0.000642249709927, -0.000622569583356, 0.008988564834, -0.0011263077613, -0.00118600018322, 0.000251032994129, 0.00145165901631, -0.0016957555199, 0.000875153928064, -0.00137169426307], [0.000260861939751, -0.000420227675932, -0.000207171440707, 0.000379431439796, 0.000884886074346, -0.0011263077613, 0.00817337911576, -0.00146997557022, 0.000566302915104, -0.000913472264074, 0.000218961620703, -0.00048064548173, -0.00171262584627], [0.000121096774819, 0.000856985338032, -0.000205768141313, -0.000708173203748, -0.00165141909383, -0.00118600018322, -0.00146997557022, 0.0060770297423, -0.00228430214338, 0.00221722968854, 0.00203274516389, 0.00329180038534, -0.000694861751981], [0.0002330726129, 0.000722064927686, 0.000358762743417, -0.000437133014202, 0.000293726829113, 0.000251032994129, 0.000566302915104, -0.00228430214338, 0.0070678582415, -0.0019027935341, 0.000445206271252, -0.00133519631345, 0.00203579594381], [0.000423630466685, 0.000975448114332, 5.00280293636e-005, 1.59820174304e-005, 6.99245647411e-005, 0.00145165901631, -0.000913472264074, 0.00221722968854, -0.0019027935341, 0.00843782909214, -0.00322172534652, 0.00151285959873, 0.00178283080459], [0.000294540514005, 0.000511581602041, 0.000354707095539, 9.98382020043e-005, 0.00101598165929, -0.0016957555199, 0.000218961620703, 0.00203274516389, 0.000445206271252, -0.00322172534652, 0.00817302707583, -0.00197449303232, -0.0002576833067], [0.000102675119706, -0.000283551984467, 0.000566238653846, 8.61917069415e-005, -0.00203642086126, 0.000875153928064, -0.00048064548173, 0.00329180038534, -0.00133519631345, 0.00151285959873, -0.00197449303232, 0.00814704783261, -0.00333849736489], [0.000369574525394, 0.00118518946692, 0.00025526000536, 0.000731516978703, 0.000860306434333, -0.00137169426307, -0.00171262584627, -0.000694861751981, 0.00203579594381, 0.00178283080459, -0.0002576833067, -0.00333849736489, 0.00829409435391]]
    },
    "spectral_contrast_coeffs": {
        "mean": [-0.726533353329, -0.71654188633, -0.670859456062, -0.695443570614, -0.684352517128, -0.662150681019],
        "var": [0.00950333382934, 0.0115244602785, 0.0113569544628, 0.00854974240065, 0.00714902672917, 0.00772488070652]
    },
    "spectral_contrast_valleys": {
        "mean": [-9.13533210754, -8.84437942505, -8.85721206665, -9.27076148987, -9.63880634308, -13.030632019],
        "var": [0.888152182102, 1.56525909901, 2.07460856438, 2.45966768265, 2.38050889969, 1.26260828972]
    }
},
"metadata": {
    "audio_properties": {
        "analysis_sample_rate": 44100,
        "bit_rate": 102371,
        "equal_loudness": 0,
        "length": 45.0873451233,
        "lossless": 0,
        "replay_gain": -12.124294281,
        "sample_rate": 44100,
        "codec": "mp3",
        "downmix": "mix",
        "md5_encoded": "d537c589cf72bb9b92f3cd3cb3979c52"
    },
    "tags": {
        "file_name": "556.mp3"
    },
    "version": {
        "essentia": "2.1-beta2",
        "essentia_git_sha": "v2.1_beta2",
        "extractor": "music 1.0"
    }
},
"rhythm": {
    "beats_count": 62,
    "beats_loudness": {
        "mean": 0.0157363004982,
        "var": 0.000243871647399
    },
    "bpm": 83.7953948975,
    "bpm_histogram_first_peak_bpm": {
        "mean": 86,
        "var": 0
    },
    "bpm_histogram_first_peak_spread": {
        "mean": 0.575757622719,
        "var": 0
    },
    "bpm_histogram_first_peak_weight": {
        "mean": 0.229508191347,
        "var": 0
    },
    "bpm_histogram_second_peak_bpm": {
        "mean": 80,
        "var": 0
    },
    "bpm_histogram_second_peak_spread": {
        "mean": 0.437499970198,
        "var": 0
    },
    "bpm_histogram_second_peak_weight": {
        "mean": 0.147540986538,
        "var": 0
    },
    "danceability": 1.06895315647,
    "onset_rate": 2.8156671524,
    "beats_loudness_band_ratio": {
        "mean": [0.10396669805, 0.0521926321089, 0.151621073484, 0.370353460312, 0.289790093899, 0.0509624034166],
        "var": [0.0335722789168, 0.00379786058329, 0.0149739068002, 0.0494118221104, 0.0356513299048, 0.000903264794033]
    },
    "beats_position": [0.673378646374, 1.34675729275, 2.02013611794, 2.70512461662, 3.39011335373, 4.06349182129, 4.71365070343, 5.3754196167, 6.11845779419, 6.84988641739, 7.5464849472, 8.24308395386, 8.93968200684, 9.62467098236, 10.321269989, 11.0062580109, 11.7028570175, 12.3297958374, 12.9567346573, 13.5836734772, 14.2106122971, 14.8491611481, 15.6038093567, 16.3468475342, 17.1014957428, 17.8445339203, 18.5991840363, 19.3306121826, 20.062040329, 20.7702484131, 21.5016784668, 22.2447166443, 22.9529247284, 23.6727428436, 24.3809528351, 25.0775508881, 25.7857589722, 26.470746994, 27.1673469543, 27.8407249451, 28.5721530914, 29.291973114, 30.0001811981, 30.6967792511, 31.3933773041, 32.1131973267, 32.8330154419, 33.5528335571, 34.3074836731, 35.0737419128, 35.8632202148, 36.6643066406, 37.4886169434, 38.3245353699, 39.1256217957, 39.9267120361, 40.6929702759, 41.4476165771, 42.2254867554, 43.0033569336, 43.7696151733, 44.5474815369]
},
"tonal": {
    "chords_changes_rate": 0.0997942388058,
    "chords_number_rate": 0.0123456791043,
    "chords_strength": {
        "mean": 0.46924290061,
        "var": 0.00966671016067
    },
    "hpcp_entropy": {
        "mean": 1.78068268299,
        "var": 0.323144972324
    },
    "key_strength": 0.631316900253,
    "tuning_diatonic_strength": 0.519821286201,
    "tuning_equal_tempered_deviation": 0.0926020666957,
    "tuning_frequency": 440.508636475,
    "tuning_nontempered_energy_ratio": 0.716739058495,
    "hpcp": {
        "mean": [0.334818661213, 0.170291513205, 0.0975988507271, 0.145617440343, 0.100940428674, 0.123254798353, 0.134135261178, 0.0738288834691, 0.150162786245, 0.218402773142, 0.116717681289, 0.0481649786234, 0.0453342422843, 0.0495736300945, 0.181274875998, 0.255449861288, 0.14091026783, 0.0960293263197, 0.0979737490416, 0.0720269754529, 0.209287568927, 0.294387936592, 0.169596657157, 0.193632140756, 0.205484375358, 0.0781410336494, 0.040992256254, 0.0401812493801, 0.035785201937, 0.130162775517, 0.19850872457, 0.111849941313, 0.0544051155448, 0.0449203774333, 0.0465905629098, 0.214601710439],
        "var": [0.154086872935, 0.0404021926224, 0.0354350246489, 0.0851937308908, 0.0270881969482, 0.0501333065331, 0.0696555525064, 0.0183045268059, 0.0434534437954, 0.108397185802, 0.036284789443, 0.0131450658664, 0.0124676972628, 0.0114987045527, 0.0605583116412, 0.132627829909, 0.0335491038859, 0.0427904091775, 0.0546246543527, 0.019085785374, 0.067942135036, 0.120810136199, 0.0345888473094, 0.0815416947007, 0.0989987328649, 0.025453876704, 0.0147966593504, 0.0122189624235, 0.00787877850235, 0.0402307063341, 0.0884318351746, 0.0328551456332, 0.0195396300405, 0.0133677842095, 0.0130864856765, 0.0635664612055]
    },
    "chords_histogram": [17.6954727173, 13.4773664474, 20.6790122986, 10.5967073441, 4.11522626877, 7.92181062698, 0.308641970158, 0, 0, 1.23456788063, 1.64609050751, 1.54320991039, 0.205761313438, 0.102880656719, 1.44032919407, 0, 0, 0, 0, 0, 0, 0.308641970158, 8.33333301544, 10.3909463882],
    "thpcp": [1, 0.508608162403, 0.291497647762, 0.43491435051, 0.301477909088, 0.368124037981, 0.400620639324, 0.22050409019, 0.448489904404, 0.652301669121, 0.34859970212, 0.143853917718, 0.135399386287, 0.148061126471, 0.541412115097, 0.762949883938, 0.420855492353, 0.286809951067, 0.292617350817, 0.21512234211, 0.625077366829, 0.879245877266, 0.506532847881, 0.578319430351, 0.613718390465, 0.233383148909, 0.122431218624, 0.120008990169, 0.106879353523, 0.388756036758, 0.592884302139, 0.334061264992, 0.162491291761, 0.134163305163, 0.139151632786, 0.640949070454],
    "chords_key": "A",
    "chords_scale": "minor",
    "key_key": "D",
    "key_scale": "minor"
}
}