{
"lowlevel": {
    "average_loudness": 0.376332014799,
    "barkbands_crest": {
        "mean": 13.0957574844,
        "var": 37.2323226929
    },
    "barkbands_flatness_db": {
        "mean": 0.254467397928,
        "var": 0.0132391350344
    },
    "barkbands_kurtosis": {
        "mean": 51.5933303833,
        "var": 29248.984375
    },
    "barkbands_skewness": {
        "mean": 3.39699912071,
        "var": 24.0673885345
    },
    "barkbands_spread": {
        "mean": 11.9887609482,
        "var": 216.630371094
    },
    "dissonance": {
        "mean": 0.397413164377,
        "var": 0.00537716317922
    },
    "dynamic_complexity": 12.4912443161,
    "erbbands_crest": {
        "mean": 12.5306568146,
        "var": 31.4026508331
    },
    "erbbands_flatness_db": {
        "mean": 0.241017907858,
        "var": 0.00652987277135
    },
    "erbbands_kurtosis": {
        "mean": 10.1422863007,
        "var": 434.342529297
    },
    "erbbands_skewness": {
        "mean": 1.63647067547,
        "var": 3.69926071167
    },
    "erbbands_spread": {
        "mean": 21.2417793274,
        "var": 326.777557373
    },
    "hfc": {
        "mean": 8.52418327332,
        "var": 173.743591309
    },
    "melbands_crest": {
        "mean": 15.7076301575,
        "var": 42.2678108215
    },
    "melbands_flatness_db": {
        "mean": 0.299351364374,
        "var": 0.0164831560105
    },
    "melbands_kurtosis": {
        "mean": 31.8524475098,
        "var": 4659.04492188
    },
    "melbands_skewness": {
        "mean": 2.68299770355,
        "var": 6.77237081528
    },
    "melbands_spread": {
        "mean": 16.2962913513,
        "var": 576.84564209
    },
    "pitch_salience": {
        "mean": 0.488897413015,
        "var": 0.0313646830618
    },
    "silence_rate_20dB": {
        "mean": 1,
        "var": 0
    },
    "silence_rate_30dB": {
        "mean": 1,
        "var": 0
    },
    "silence_rate_60dB": {
        "mean": 0.414307773113,
        "var": 0.242661058903
    },
    "spectral_centroid": {
        "mean": 990.725280762,
        "var": 1020272.125
    },
    "spectral_complexity": {
        "mean": 5.03602695465,
        "var": 21.075422287
    },
    "spectral_decrease": {
        "mean": -3.38923000776e-009,
        "var": 2.13808040002e-017
    },
    "spectral_energy": {
        "mean": 0.0135649098083,
        "var": 0.000345570326317
    },
    "spectral_energyband_high": {
        "mean": 0.000108428561362,
        "var": 1.32756738935e-007
    },
    "spectral_energyband_low": {
        "mean": 2.46419790528e-006,
        "var": 6.52847498284e-011
    },
    "spectral_energyband_middle_high": {
        "mean": 0.0020708409138,
        "var": 2.58018008026e-005
    },
    "spectral_energyband_middle_low": {
        "mean": 0.0115935672075,
        "var": 0.00024521863088
    },
    "spectral_entropy": {
        "mean": 6.59533023834,
        "var": 1.09403824806
    },
    "spectral_flux": {
        "mean": 0.0252788346261,
        "var": 0.000716020411346
    },
    "spectral_kurtosis": {
        "mean": 10.7269563675,
        "var": 65.5791320801
    },
    "spectral_rms": {
        "mean": 0.00274163205177,
        "var": 5.71752298129e-006
    },
    "spectral_rolloff": {
        "mean": 1485.66931152,
        "var": 4534536
    },
    "spectral_skewness": {
        "mean": 2.65004849434,
        "var": 1.08626449108
    },
    "spectral_spread": {
        "mean": 4638685.5,
        "var": 4.63250128896e+012
    },
    "spectral_strongpeak": {
        "mean": 0.962951481342,
        "var": 1.57788991928
    },
    "zerocrossingrate": {
        "mean": 0.0604355484247,
        "var": 0.00414263596758
    },
    "barkbands": {
        "mean": [1.25705970078e-008, 3.66488251302e-007, 5.43721228041e-007, 3.0306611734e-005, 0.00338075682521, 0.00163368799258, 0.000731879961677, 0.0021354269702, 0.00313504016958, 0.000935493677389, 0.00065576453926, 0.000204513402423, 0.000181302224519, 0.000135024587507, 0.000141583266668, 3.25634464389e-005, 3.4404140024e-005, 6.02737090958e-005, 1.47248983922e-005, 3.74997252948e-005, 1.96050386876e-005, 1.10744113044e-005, 9.22286380955e-006, 1.65356486832e-005, 1.80332117452e-005, 9.2221171144e-006, 5.306933204e-008],
        "var": [1.3984778657e-015, 3.63240167112e-012, 8.33008141632e-012, 8.58489723754e-009, 1.68921178556e-005, 1.65736819326e-005, 3.06262268168e-006, 1.75630193553e-005, 6.19141210336e-005, 6.42843497189e-006, 5.3436529015e-006, 4.82226710119e-007, 6.37528444258e-007, 2.93100868021e-007, 5.08224900386e-007, 1.44584761941e-008, 1.05278505913e-008, 2.55277683436e-008, 1.25531696149e-009, 2.45922251452e-008, 9.68642854815e-009, 4.09277900459e-009, 2.04795824743e-009, 3.33904703886e-009, 1.63423286015e-009, 3.68403918483e-010, 2.36807562492e-013]
    },
    "erbbands": {
        "mean": [1.56800124387e-005, 0.000187695099157, 0.00219265790656, 0.0866918936372, 2.72700834274, 14.6744308472, 19.0650634766, 10.3549690247, 7.98509263992, 23.971786499, 71.8048095703, 54.3773574829, 37.4270362854, 25.2590732574, 18.3758449554, 9.50285625458, 8.70402908325, 7.15636539459, 7.02233505249, 4.53560400009, 1.95377767086, 1.99046862125, 3.53118801117, 1.59995961189, 0.808417499065, 1.86572110653, 1.2111518383, 0.597173988819, 0.440113306046, 0.225081562996, 0.284242361784, 0.388845950365, 0.236573666334, 0.194645240903, 0.127553611994, 0.0577827244997, 0.0142381712794, 0.000951229420025, 2.82285527646e-005, 1.68584392668e-005],
        "var": [1.01280750453e-009, 2.99914944435e-007, 1.42340777529e-005, 0.0268598720431, 18.5005302429, 385.050231934, 606.930847168, 1436.0826416, 670.36315918, 1463.93469238, 29459.9238281, 15557.3720703, 9958.52246094, 6061.32763672, 6423.85498047, 1021.16424561, 1141.27575684, 837.728027344, 883.692138672, 400.410522461, 50.8682327271, 27.3114242554, 97.4693069458, 13.5059814453, 7.09525108337, 63.8379554749, 31.1620006561, 11.0955572128, 6.54656934738, 1.63086593151, 1.80901968479, 1.73142945766, 0.752933204174, 0.224901542068, 0.0859431773424, 0.0143574858084, 0.00103485002182, 8.81430969457e-006, 4.35038272073e-009, 4.95240737308e-010]
    },
    "gfcc": {
        "mean": [-214.234329224, 67.5037689209, -105.295974731, -16.7248382568, -93.0133514404, -21.2194499969, -67.1777954102, 5.43508863449, -44.5031585693, -3.41739535332, -27.7424812317, -6.21019744873, -8.54398727417],
        "cov": [[28470.5976563, 1148.53503418, -2759.49951172, -3816.48413086, -3044.39135742, -2339.80004883, -1324.27429199, -8.77069091797, -925.838378906, -392.97644043, -146.727172852, -614.870239258, 614.672668457], [1148.53503418, 2180.48144531, 413.762268066, -1010.91088867, -216.46194458, -227.165405273, -210.242889404, -446.091949463, -244.953384399, -256.819915771, -25.7222232819, -177.093673706, 6.08159208298], [-2759.49951172, 413.762268066, 1528.93017578, 611.398986816, 6.73781061172, -33.4182395935, -219.878112793, -178.864700317, -6.91125392914, -155.618255615, 8.56958675385, 21.1920967102, -139.659378052], [-3816.48413086, -1010.91088867, 611.398986816, 1489.47302246, 441.373382568, 154.619491577, -0.227530822158, 208.25302124, 265.903076172, 32.602016449, -36.1844444275, 108.267372131, -141.482849121], [-3044.39135742, -216.46194458, 6.73781061172, 441.373382568, 621.578796387, 369.865142822, 193.542526245, 36.5153884888, 113.228240967, 50.082611084, -32.261592865, 79.0456848145, -91.0989379883], [-2339.80004883, -227.165405273, -33.4182395935, 154.619491577, 369.865142822, 604.897277832, 352.357452393, -103.711486816, 32.0425338745, 125.583175659, 33.1651229858, 13.7833585739, -92.4395675659], [-1324.27429199, -210.242889404, -219.878112793, -0.227530822158, 193.542526245, 352.357452393, 402.653106689, -3.79907870293, -15.5167503357, 94.9812927246, 49.8955612183, 22.4677696228, -60.6769866943], [-8.77069091797, -446.091949463, -178.864700317, 208.25302124, 36.5153884888, -103.711486816, -3.79907870293, 326.316192627, 108.490951538, 12.8956613541, -14.6336555481, 77.8278274536, -5.05764770508], [-925.838378906, -244.953384399, -6.91125392914, 265.903076172, 113.228240967, 32.0425338745, -15.5167503357, 108.490951538, 188.278198242, 60.4083976746, -31.5408840179, 40.584854126, -2.2146024704], [-392.97644043, -256.819915771, -155.618255615, 32.602016449, 50.082611084, 125.583175659, 94.9812927246, 12.8956613541, 60.4083976746, 194.814910889, 30.0729293823, 2.11075496674, 34.928276062], [-146.727172852, -25.7222232819, 8.56958675385, -36.1844444275, -32.261592865, 33.1651229858, 49.8955612183, -14.6336555481, -31.5408840179, 30.0729293823, 136.294586182, 26.521150589, 3.72044992447], [-614.870239258, -177.093673706, 21.1920967102, 108.267372131, 79.0456848145, 13.7833585739, 22.4677696228, 77.8278274536, 40.584854126, 2.11075496674, 26.521150589, 124.239349365, 4.03200674057], [614.672668457, 6.08159208298, -139.659378052, -141.482849121, -91.0989379883, -92.4395675659, -60.6769866943, -5.05764770508, -2.2146024704, 34.928276062, 3.72044992447, 4.03200674057, 151.863037109]],
        "icov": [[0.000232232472626, 0.000137715047458, 0.000438986840891, 0.000201101807761, 0.000679519027472, 9.85860533547e-005, 0.000673097500112, 1.19267060654e-005, 0.000642651866656, 9.29434609134e-005, 0.000264593079919, 0.000243442176725, 0.000357598939445], [0.000137715047458, 0.00207797763869, -0.00079014908988, 0.00211842148565, -0.00122758606449, 0.00150232180022, -1.36575872602e-005, 0.00145452877041, -0.000961719313636, 0.00153780076653, -0.00030026116292, 0.0019766043406, 0.000414560025092], [0.000438986840891, -0.00079014908988, 0.00275819934905, -0.00142699177377, 0.00264842249453, -0.000857990351506, 0.00234774430282, 0.000476290239021, 0.00211803382263, -1.52373586388e-005, 0.000511581194587, -0.00134424178395, 0.00153983733617], [0.000201101807761, 0.00211842148565, -0.00142699177377, 0.00376852462068, -0.00193053123076, 0.00165869528428, 0.000144609046401, 0.00050645734882, -0.00199006707408, 0.00124579609837, -0.000369725457858, 0.00235515227541, 0.000857010134496], [0.000679519027472, -0.00122758606449, 0.00264842249453, -0.00193053123076, 0.00724927941337, -0.00320448516868, 0.00255544180982, -0.000818205240648, 0.00249838572927, -0.000168448983459, 0.0024019209668, -0.00273455982096, 0.00141659728251], [9.85860533547e-005, 0.00150232180022, -0.000857990351506, 0.00165869528428, -0.00320448516868, 0.00750824809074, -0.00407103030011, 0.00343581405468, -0.00183065538295, -0.000690803979523, -0.000503126066178, 0.00178748357575, 0.00152998580597], [0.000673097500112, -1.36575872602e-005, 0.00234774430282, 0.000144609046401, 0.00255544180982, -0.00407103030011, 0.00911590084434, -0.00153856305405, 0.00445168279111, -0.00101266778074, 6.12365238339e-006, -0.000594097946305, 0.00252933427691], [1.19267060654e-005, 0.00145452877041, 0.000476290239021, 0.00050645734882, -0.000818205240648, 0.00343581405468, -0.00153856305405, 0.0076796435751, -0.00339089310728, 0.00123171962332, -1.38999121191e-005, -0.00175075931475, 0.00175901339389], [0.000642651866656, -0.000961719313636, 0.00211803382263, -0.00199006707408, 0.00249838572927, -0.00183065538295, 0.00445168279111, -0.00339089310728, 0.0135714225471, -0.00418180041015, 0.00332091352902, -0.00197903602384, 0.000712179986294], [9.29434609134e-005, 0.00153780076653, -1.52373586388e-005, 0.00124579609837, -0.000168448983459, -0.000690803979523, -0.00101266778074, 0.00123171962332, -0.00418180041015, 0.0101189538836, -0.00234955502674, 0.0029439101927, -0.00258520850912], [0.000264593079919, -0.00030026116292, 0.000511581194587, -0.000369725457858, 0.0024019209668, -0.000503126066178, 6.12365238339e-006, -1.38999121191e-005, 0.00332091352902, -0.00234955502674, 0.0100857028738, -0.00356701458804, 0.000640112848487], [0.000243442176725, 0.0019766043406, -0.00134424178395, 0.00235515227541, -0.00273455982096, 0.00178748357575, -0.000594097946305, -0.00175075931475, -0.00197903602384, 0.0029439101927, -0.00356701458804, 0.0144152920693, -0.0019558724016], [0.000357598939445, 0.000414560025092, 0.00153983733617, 0.000857010134496, 0.00141659728251, 0.00152998580597, 0.00252933427691, 0.00175901339389, 0.000712179986294, -0.00258520850912, 0.000640112848487, -0.0019558724016, 0.010826905258]]
    },
    "melbands": {
        "mean": [7.88837439814e-008, 2.34069645444e-007, 4.61652853119e-005, 0.00060909288004, 0.000705527316313, 0.000246565381531, 0.000128078376292, 0.000286808382953, 0.000689696113113, 0.000322348554619, 0.000178502916242, 9.54230781645e-005, 6.89304652042e-005, 2.38509946939e-005, 3.24007778545e-005, 1.33136572913e-005, 1.34628135129e-005, 9.81047924142e-006, 1.20537952171e-005, 2.50611765296e-006, 1.97552162717e-006, 1.9034930574e-006, 2.75665433946e-006, 2.91896094495e-006, 1.15149953217e-006, 4.45522118753e-007, 8.0075420783e-007, 1.37945676215e-006, 8.65432355113e-007, 4.19448696221e-007, 3.33083306714e-007, 2.90071255904e-007, 1.36889909186e-007, 1.17023766677e-007, 1.4324841402e-007, 2.15317342622e-007, 2.51408152963e-007, 1.70155132651e-007, 1.55908836064e-007, 1.64572938388e-007],
        "var": [1.58937858534e-013, 1.46054316644e-012, 1.20055583253e-008, 6.60042985601e-007, 7.11798634256e-007, 6.69261453368e-007, 1.33815447612e-007, 2.33699793739e-007, 3.19234027302e-006, 5.28828081769e-007, 2.32906103292e-007, 8.92478553283e-008, 7.34798248914e-008, 6.82620138193e-009, 2.50020697479e-008, 2.53483500856e-009, 3.46623707514e-009, 1.74630565564e-009, 3.80766129737e-009, 7.20691423206e-011, 6.22122423022e-011, 2.91227042482e-011, 5.87043677558e-011, 6.1849601829e-011, 8.12941294143e-012, 1.7026730503e-012, 1.25247494667e-011, 3.8718098172e-011, 1.7209697209e-011, 3.77879671998e-012, 4.45567064147e-012, 3.10326027028e-012, 5.37831931768e-013, 5.02737229017e-013, 5.84677651346e-013, 6.77745728463e-013, 7.21135553616e-013, 4.88806532143e-013, 2.23931374203e-013, 1.48008639849e-013]
    },
    "mfcc": {
        "mean": [-864.217773438, 107.172576904, 7.63132476807, -10.5003509521, -20.6528186798, -41.273979187, -20.6554851532, -25.8091545105, -13.1672420502, -16.6601333618, -15.7474584579, -10.9075202942, -24.2417564392],
        "cov": [[21015.8359375, 3566.25219727, -2844.90576172, -2468.7956543, -2434.89111328, -3233.24389648, -917.322875977, -1671.03063965, -473.263427734, -887.962524414, -649.366088867, -41.8362236023, -1534.35205078], [3566.25219727, 3163.84472656, -249.875213623, -1164.5859375, -682.747802734, -651.117248535, -263.407958984, -571.859558105, -424.465179443, -553.727600098, -172.059890747, -168.047546387, -613.462219238], [-2844.90576172, -249.875213623, 1479.38574219, 664.259216309, 344.302856445, 232.37260437, -138.82194519, 69.3589859009, -127.500259399, -162.635696411, 78.5830917358, 73.4327926636, 27.4611911774], [-2468.7956543, -1164.5859375, 664.259216309, 1072.48986816, 576.930664063, 148.122711182, -111.913955688, 276.216888428, 113.577552795, 83.4415740967, 47.9538917542, 59.9708862305, 227.421707153], [-2434.89111328, -682.747802734, 344.302856445, 576.930664063, 612.04699707, 330.492004395, -20.3112010956, 250.270324707, 116.051353455, 127.504425049, 42.3185577393, 22.1737537384, 193.192489624], [-3233.24389648, -651.117248535, 232.37260437, 148.122711182, 330.492004395, 1026.82214355, 380.780426025, 270.711212158, 60.7201461792, 312.992767334, 110.050643921, -105.922111511, 355.086791992], [-917.322875977, -263.407958984, -138.82194519, -111.913955688, -20.3112010956, 380.780426025, 411.32611084, 159.133666992, 4.17173719406, 149.073928833, 68.9616851807, -35.9178314209, 172.880432129], [-1671.03063965, -571.859558105, 69.3589859009, 276.216888428, 250.270324707, 270.711212158, 159.133666992, 386.753265381, 92.1906738281, 135.965179443, 69.1007232666, 11.1387052536, 203.165512085], [-473.263427734, -424.465179443, -127.500259399, 113.577552795, 116.051353455, 60.7201461792, 4.17173719406, 92.1906738281, 255.048568726, 111.914131165, 28.6541347504, 43.7039299011, 88.2784729004], [-887.962524414, -553.727600098, -162.635696411, 83.4415740967, 127.504425049, 312.992767334, 149.073928833, 135.965179443, 111.914131165, 318.184295654, 53.6899604797, -40.1335830688, 196.233276367], [-649.366088867, -172.059890747, 78.5830917358, 47.9538917542, 42.3185577393, 110.050643921, 68.9616851807, 69.1007232666, 28.6541347504, 53.6899604797, 136.891418457, 51.0503082275, 52.7155075073], [-41.8362236023, -168.047546387, 73.4327926636, 59.9708862305, 22.1737537384, -105.922111511, -35.9178314209, 11.1387052536, 43.7039299011, -40.1335830688, 51.0503082275, 182.907028198, -0.873255729675], [-1534.35205078, -613.462219238, 27.4611911774, 227.421707153, 193.192489624, 355.086791992, 172.880432129, 203.165512085, 88.2784729004, 196.233276367, 52.7155075073, -0.873255729675, 311.604553223]],
        "icov": [[0.000244573195232, 9.12474060897e-005, 0.000311638577841, 4.4395274017e-005, 0.000392202287912, 0.000359245721484, 0.000126109080156, 0.000278073275695, 0.000239188448177, -2.77221806755e-005, 0.000294882571325, 2.44184557232e-005, 0.000320131512126], [9.12474060897e-005, 0.00123530230485, -7.29973908165e-005, 0.00145378662273, -0.000406202074373, 0.000433950714068, 0.00044750230154, 0.000247367017437, 0.00073115946725, 0.00117883994244, -0.000233550556004, 0.0012322422117, 0.00026789601543], [0.000311638577841, -7.29973908165e-005, 0.00212360452861, -0.00143627007492, 0.000889813585673, -0.000789322890341, 0.000764982134569, 0.000504060008097, 0.00114043790381, 0.00103765388485, -0.000322208477883, -0.000773370556999, 0.000922422041185], [4.4395274017e-005, 0.00145378662273, -0.00143627007492, 0.00508708972484, -0.00279057584703, 0.00191821577027, 0.000819378416054, -0.000376697134925, 0.000363258179277, 0.000869102310389, -0.000336256547598, 0.00207687634975, -0.00175775459502], [0.000392202287912, -0.000406202074373, 0.000889813585673, -0.00279057584703, 0.0060107242316, -0.00159824767616, 0.00175211473834, -0.00107992079575, -0.000285626301775, -0.000641754886601, 0.00128302536905, -0.00139519537333, 0.00118056579959], [0.000359245721484, 0.000433950714068, -0.000789322890341, 0.00191821577027, -0.00159824767616, 0.00438603200018, -0.00181350659113, 0.000822704809252, 0.000218191125896, -0.00109147361945, -0.000383941573091, 0.00230446620844, -0.00154763634782], [0.000126109080156, 0.00044750230154, 0.000764982134569, 0.000819378416054, 0.00175211473834, -0.00181350659113, 0.00637273257598, -0.00174109265208, 0.00143489148468, 0.000529020675458, -0.00105578626972, 2.1489453502e-005, -0.00114462594502], [0.000278073275695, 0.000247367017437, 0.000504060008097, -0.000376697134925, -0.00107992079575, 0.000822704809252, -0.00174109265208, 0.00574379973114, -0.000250584504101, 0.000489848083816, -0.000799699104391, 0.000513169623446, -0.00106095743831], [0.000239188448177, 0.00073115946725, 0.00114043790381, 0.000363258179277, -0.000285626301775, 0.000218191125896, 0.00143489148468, -0.000250584504101, 0.00662701064721, -0.000807895790786, -0.000144406134496, -0.00111195107456, 0.000199971575057], [-2.77221806755e-005, 0.00117883994244, 0.00103765388485, 0.000869102310389, -0.000641754886601, -0.00109147361945, 0.000529020675458, 0.000489848083816, -0.000807895790786, 0.00880055502057, -0.00232753506862, 0.00265706912614, -0.00242474512197], [0.000294882571325, -0.000233550556004, -0.000322208477883, -0.000336256547598, 0.00128302536905, -0.000383941573091, -0.00105578626972, -0.000799699104391, -0.000144406134496, -0.00232753506862, 0.0114259589463, -0.00410174671561, 0.00157744158059], [2.44184557232e-005, 0.0012322422117, -0.000773370556999, 0.00207687634975, -0.00139519537333, 0.00230446620844, 2.1489453502e-005, 0.000513169623446, -0.00111195107456, 0.00265706912614, -0.00410174671561, 0.00969680678099, -0.00164617877454], [0.000320131512126, 0.00026789601543, 0.000922422041185, -0.00175775459502, 0.00118056579959, -0.00154763634782, -0.00114462594502, -0.00106095743831, 0.000199971575057, -0.00242474512197, 0.00157744158059, -0.00164617877454, 0.0100718382746]]
    },
    "spectral_contrast_coeffs": {
        "mean": [-0.472480475903, -0.641788244247, -0.75026011467, -0.785865724087, -0.804063558578, -0.781154751778],
        "var": [0.0389014966786, 0.0301646273583, 0.0144313219935, 0.00756790116429, 0.00482683628798, 0.00454059708863]
    },
    "spectral_contrast_valleys": {
        "mean": [-11.2190551758, -8.89534568787, -9.57971763611, -10.1936330795, -10.0118227005, -12.5650291443],
        "var": [1.01266288757, 2.43169140816, 2.81771826744, 2.34460282326, 2.3931992054, 1.96197497845]
    }
},
"metadata": {
    "audio_properties": {
        "analysis_sample_rate": 44100,
        "bit_rate": 104701,
        "equal_loudness": 0,
        "length": 45.0873451233,
        "lossless": 0,
        "replay_gain": -11.0794963837,
        "sample_rate": 44100,
        "codec": "mp3",
        "downmix": "mix",
        "md5_encoded": "637299802d7c0deb26f9d65b983c30a7"
    },
    "tags": {
        "file_name": "558.mp3"
    },
    "version": {
        "essentia": "2.1-beta2",
        "essentia_git_sha": "v2.1_beta2",
        "extractor": "music 1.0"
    }
},
"rhythm": {
    "beats_count": 88,
    "beats_loudness": {
        "mean": 0.0156455673277,
        "var": 0.000358084682375
    },
    "bpm": 106.811347961,
    "bpm_histogram_first_peak_bpm": {
        "mean": 105,
        "var": 0
    },
    "bpm_histogram_first_peak_spread": {
        "mean": 0.600000023842,
        "var": 0
    },
    "bpm_histogram_first_peak_weight": {
        "mean": 0.091954022646,
        "var": 0
    },
    "bpm_histogram_second_peak_bpm": {
        "mean": 110,
        "var": 0
    },
    "bpm_histogram_second_peak_spread": {
        "mean": 0.300000011921,
        "var": 0
    },
    "bpm_histogram_second_peak_weight": {
        "mean": 0.0804597735405,
        "var": 0
    },
    "danceability": 0.816329479218,
    "onset_rate": 1.4632601738,
    "beats_loudness_band_ratio": {
        "mean": [0.0931854695082, 0.437540709972, 0.290301531553, 0.078375376761, 0.0477763079107, 0.107333041728],
        "var": [0.0229474660009, 0.0864067971706, 0.0484009981155, 0.0145504707471, 0.00814161449671, 0.0695293620229]
    },
    "beats_position": [0.406349211931, 0.801088392735, 1.19582760334, 1.60217678547, 2.00852608681, 2.41487526894, 2.82122445107, 3.25079369545, 3.68036270142, 4.09832191467, 4.5046710968, 4.91102027893, 5.31736946106, 5.73532867432, 6.13006782532, 6.54802703857, 6.96598625183, 7.38394546509, 7.80190467834, 8.23147392273, 8.66104316711, 9.10222244263, 9.55501079559, 10.0078001022, 10.47219944, 10.9365987778, 11.3777770996, 11.8305664063, 12.2833557129, 12.7245349884, 13.1657142639, 13.6185035706, 14.0712919235, 14.512471199, 15.0233106613, 15.545759201, 16.0682086945, 16.6719264984, 17.2756462097, 17.8793640137, 18.483083725, 19.0868015289, 19.7137413025, 20.3406791687, 20.9792289734, 21.6293869019, 22.2795467377, 22.8484344482, 23.4173240662, 23.9862117767, 24.5434913635, 25.1123809814, 25.681268692, 26.2385482788, 26.7958278656, 27.3414955139, 27.8639450073, 28.3980045319, 28.9436721802, 29.4893417358, 30.0350112915, 30.5806789398, 31.1263484955, 31.7068481445, 32.2757377625, 32.8330154419, 33.3902931213, 33.9707946777, 34.5512924194, 35.1317901611, 35.7122879028, 36.2811775208, 36.8500671387, 37.4073448181, 37.9530143738, 38.5102958679, 39.0327415466, 39.55519104, 40.0776405334, 40.6116981506, 41.1457595825, 41.6101570129, 42.0861663818, 42.5389556885, 43.0033569336, 43.467754364, 43.9321517944, 44.3965530396]
},
"tonal": {
    "chords_changes_rate": 0.0997942388058,
    "chords_number_rate": 0.0113168722019,
    "chords_strength": {
        "mean": 0.481650829315,
        "var": 0.00972505751997
    },
    "hpcp_entropy": {
        "mean": 1.64875030518,
        "var": 1.11852192879
    },
    "key_strength": 0.595377266407,
    "tuning_diatonic_strength": 0.508234083652,
    "tuning_equal_tempered_deviation": 0.0903079286218,
    "tuning_frequency": 441.272583008,
    "tuning_nontempered_energy_ratio": 0.81581646204,
    "hpcp": {
        "mean": [0.0700707882643, 0.0901023522019, 0.158165097237, 0.249569892883, 0.239361360669, 0.155944466591, 0.128214851022, 0.147912427783, 0.22446924448, 0.286287218332, 0.233563438058, 0.175036489964, 0.198537960649, 0.17772603035, 0.119178429246, 0.0996408760548, 0.101888008416, 0.199132844806, 0.266925394535, 0.155874744058, 0.0592116899788, 0.0491941906512, 0.0556059479713, 0.0840820223093, 0.112646229565, 0.106113500893, 0.0783765017986, 0.0659258514643, 0.0741239339113, 0.102599360049, 0.11847037077, 0.10911872983, 0.130870997906, 0.172077611089, 0.161350741982, 0.10469237715],
        "var": [0.0233315974474, 0.0310194734484, 0.060734372586, 0.110521897674, 0.110745593905, 0.0699134171009, 0.0630123317242, 0.0656769126654, 0.090008340776, 0.116958603263, 0.0917252749205, 0.0681452080607, 0.0951774567366, 0.0846489742398, 0.0494634322822, 0.0431749224663, 0.0425457656384, 0.0744215399027, 0.135005131364, 0.0527514517307, 0.0173996426165, 0.0147921610624, 0.0182105265558, 0.0306533295661, 0.0472006760538, 0.0411905162036, 0.0295261703432, 0.0226564742625, 0.0239215865731, 0.034989785403, 0.0439527481794, 0.0377413481474, 0.0518933869898, 0.0718160793185, 0.0749112889171, 0.043271265924]
    },
    "chords_histogram": [26.2345676422, 14.5061731339, 7.81893014908, 5.55555534363, 2.46913576126, 0, 0.102880656719, 0.205761313438, 3.60082316399, 0, 4.93827152252, 0.308641970158, 0, 0, 0, 0.308641970158, 0, 0.925925910473, 0, 3.70370364189, 6.06995868683, 11.5226335526, 0.102880656719, 11.6255140305],
    "thpcp": [1, 0.815836071968, 0.611401677132, 0.693492233753, 0.620796263218, 0.416289716959, 0.348045140505, 0.355894356966, 0.695570170879, 0.932369232178, 0.544469773769, 0.20682618022, 0.17183509469, 0.194231331348, 0.293698132038, 0.393472790718, 0.370653986931, 0.273768782616, 0.230278715491, 0.258914589882, 0.358379125595, 0.413816481829, 0.381151258945, 0.457131832838, 0.601066350937, 0.56359744072, 0.365690022707, 0.244756951928, 0.314727127552, 0.552469968796, 0.87174654007, 0.836088180542, 0.544713318348, 0.447853922844, 0.516657471657, 0.784070074558],
    "chords_key": "G#",
    "chords_scale": "major",
    "key_key": "G#",
    "key_scale": "major"
}
}