{
"lowlevel": {
    "average_loudness": 0.970941781998,
    "barkbands_crest": {
        "mean": 8.11442184448,
        "var": 11.8752250671
    },
    "barkbands_flatness_db": {
        "mean": 0.142105773091,
        "var": 0.00159951543901
    },
    "barkbands_kurtosis": {
        "mean": 0.760929405689,
        "var": 7.61018180847
    },
    "barkbands_skewness": {
        "mean": 0.657024383545,
        "var": 0.714947521687
    },
    "barkbands_spread": {
        "mean": 22.8027229309,
        "var": 115.737365723
    },
    "dissonance": {
        "mean": 0.454568296671,
        "var": 0.000982704921626
    },
    "dynamic_complexity": 1.16769278049,
    "erbbands_crest": {
        "mean": 9.2313375473,
        "var": 13.5753154755
    },
    "erbbands_flatness_db": {
        "mean": 0.190004765987,
        "var": 0.00133710948285
    },
    "erbbands_kurtosis": {
        "mean": 0.298659294844,
        "var": 2.53872728348
    },
    "erbbands_skewness": {
        "mean": -0.0288323257118,
        "var": 0.477762669325
    },
    "erbbands_spread": {
        "mean": 27.7380371094,
        "var": 114.25605011
    },
    "hfc": {
        "mean": 23.5744781494,
        "var": 252.634063721
    },
    "melbands_crest": {
        "mean": 10.2546844482,
        "var": 15.7153453827
    },
    "melbands_flatness_db": {
        "mean": 0.192431479692,
        "var": 0.00379649503157
    },
    "melbands_kurtosis": {
        "mean": 3.1693444252,
        "var": 23.5827465057
    },
    "melbands_skewness": {
        "mean": 1.41124427319,
        "var": 0.687729895115
    },
    "melbands_spread": {
        "mean": 33.678314209,
        "var": 498.558074951
    },
    "pitch_salience": {
        "mean": 0.560801148415,
        "var": 0.00770369265229
    },
    "silence_rate_20dB": {
        "mean": 1,
        "var": 0
    },
    "silence_rate_30dB": {
        "mean": 1,
        "var": 0
    },
    "silence_rate_60dB": {
        "mean": 0.00205867225304,
        "var": 0.00205448735505
    },
    "spectral_centroid": {
        "mean": 1440.82556152,
        "var": 754452.9375
    },
    "spectral_complexity": {
        "mean": 19.8579521179,
        "var": 34.0168914795
    },
    "spectral_decrease": {
        "mean": -5.97423754911e-009,
        "var": 5.72994379606e-018
    },
    "spectral_energy": {
        "mean": 0.0246864408255,
        "var": 9.03628097149e-005
    },
    "spectral_energyband_high": {
        "mean": 0.000912531046197,
        "var": 2.10804569178e-006
    },
    "spectral_energyband_low": {
        "mean": 0.00397980120033,
        "var": 7.51578772906e-006
    },
    "spectral_energyband_middle_high": {
        "mean": 0.00752808572724,
        "var": 2.17470897041e-005
    },
    "spectral_energyband_middle_low": {
        "mean": 0.0131331318989,
        "var": 8.26079485705e-005
    },
    "spectral_entropy": {
        "mean": 7.22511529922,
        "var": 0.155102014542
    },
    "spectral_flux": {
        "mean": 0.0778356865048,
        "var": 0.00091781350784
    },
    "spectral_kurtosis": {
        "mean": 7.93173503876,
        "var": 43.6412010193
    },
    "spectral_rms": {
        "mean": 0.00481673609465,
        "var": 8.83369352778e-007
    },
    "spectral_rolloff": {
        "mean": 1836.55737305,
        "var": 1964702.125
    },
    "spectral_skewness": {
        "mean": 1.89374172688,
        "var": 0.63399553299
    },
    "spectral_spread": {
        "mean": 3489242.75,
        "var": 3.04110580531e+012
    },
    "spectral_strongpeak": {
        "mean": 1.65988326073,
        "var": 3.2825319767
    },
    "zerocrossingrate": {
        "mean": 0.0608331076801,
        "var": 0.00124958856031
    },
    "barkbands": {
        "mean": [9.88644096651e-005, 0.0025697783567, 0.000648902496323, 0.00117781490553, 0.00471953256056, 0.0025006593205, 0.00159110792447, 0.00107210804708, 0.00165830575861, 0.000623616622761, 0.00101086543873, 0.00107239605859, 0.000929981353693, 0.00104909564834, 0.000849764503073, 0.000437643175246, 0.000482172938064, 0.000402236910304, 0.000732173852157, 0.000224667135626, 0.000370066991309, 0.000358118413715, 2.53568814514e-005, 4.66404417239e-005, 2.80393724097e-005, 6.36067261439e-006, 1.84485543286e-007],
        "var": [7.46998267687e-008, 2.19947810365e-006, 7.74852253471e-007, 3.72651766156e-006, 4.48416431027e-005, 8.93436845217e-006, 8.23191930976e-006, 2.60881188296e-006, 3.02530770568e-006, 1.04880791696e-006, 2.83498843601e-006, 2.01395732802e-006, 1.70334521954e-006, 3.19487639899e-006, 1.97952317649e-006, 4.30076681823e-007, 6.25325299097e-007, 5.38245217285e-007, 1.82928181403e-006, 2.75320758192e-007, 4.72740964597e-007, 6.72857254358e-007, 2.22276197448e-009, 4.0699821291e-009, 1.61655677733e-009, 2.17534629199e-010, 4.61008943693e-013]
    },
    "erbbands": {
        "mean": [0.0666024014354, 0.592587590218, 0.805243372917, 2.80823016167, 5.93946409225, 24.2699203491, 17.8827095032, 19.4178466797, 16.6702480316, 30.1362037659, 27.535697937, 37.569355011, 26.0375347137, 28.0487613678, 32.1292076111, 46.4303741455, 45.9501304626, 61.3893356323, 32.7555084229, 40.4228439331, 26.5186805725, 25.4760723114, 17.733795166, 40.031703949, 28.9976997375, 10.5508337021, 9.8864774704, 22.6933364868, 12.9513807297, 1.53746557236, 0.744361042976, 0.757764935493, 0.878197968006, 0.407121986151, 0.159939318895, 0.0417955964804, 0.00954486522824, 0.00106543372385, 4.16602488258e-005, 3.17318554153e-005],
        "var": [0.0051738251932, 0.0815755650401, 0.565645933151, 17.531452179, 56.7907104492, 1381.46936035, 439.224029541, 772.313171387, 527.205993652, 1940.33947754, 1145.3548584, 1652.52954102, 1550.85400391, 1629.56286621, 5025.9453125, 3721.92016602, 2983.08129883, 8036.34570313, 1259.76464844, 3661.20263672, 934.672241211, 1798.42687988, 614.97467041, 5883.27246094, 2964.44799805, 569.390930176, 353.282989502, 1778.12011719, 772.705322266, 7.59678840637, 1.63474273682, 1.07584321499, 1.59364938736, 0.346335232258, 0.0557933524251, 0.00809320434928, 0.000496048131026, 9.03606814973e-006, 5.71764680046e-009, 1.56759411007e-010]
    },
    "gfcc": {
        "mean": [3.8229174614, 117.339515686, -137.386688232, 24.9502487183, -50.7202911377, 14.2358579636, -40.3535804749, 8.58440589905, -24.4145431519, 6.98278570175, -10.1795549393, -3.0095436573, -2.50672531128],
        "cov": [[4241.91699219, -915.136047363, -478.7237854, 671.762695313, -613.429199219, 52.828414917, -27.6438293457, 36.04114151, -208.398834229, 144.96105957, -145.289672852, 22.2621898651, -4.60378694534], [-915.136047363, 1329.28808594, 195.038757324, -615.092407227, 367.982116699, -73.7160873413, -120.535079956, -64.4453964233, 97.5862503052, -141.066650391, 107.93309021, -55.7001876831, 7.9796628952], [-478.7237854, 195.038757324, 470.452697754, -196.864074707, -12.1085453033, -5.33350849152, -117.357757568, -34.6253433228, -35.7467460632, -24.3776569366, -27.1231174469, 20.6344280243, -46.3261413574], [671.762695313, -615.092407227, -196.864074707, 518.765563965, -194.581085205, -4.6895275116, 92.45362854, 5.0834479332, -45.4134941101, 44.4295578003, -40.8942527771, -24.4670219421, 23.8623332977], [-613.429199219, 367.982116699, -12.1085453033, -194.581085205, 359.295837402, 21.4985675812, -32.3918800354, -9.56341075897, 34.3990859985, -63.5975646973, 25.6087684631, 7.3165845871, -13.1697969437], [52.828414917, -73.7160873413, -5.33350849152, -4.6895275116, 21.4985675812, 123.46421814, 17.1271343231, 13.7464265823, -6.7267074585, -2.4393825531, -4.12326622009, 6.92933416367, -10.1902799606], [-27.6438293457, -120.535079956, -117.357757568, 92.45362854, -32.3918800354, 17.1271343231, 155.812362671, 35.9170951843, 4.42459392548, 18.4040584564, 2.67993998528, -14.5576639175, 4.74735879898], [36.04114151, -64.4453964233, -34.6253433228, 5.0834479332, -9.56341075897, 13.7464265823, 35.9170951843, 103.544532776, 33.9636497498, 3.39280700684, -10.6111459732, 5.0402507782, -5.8065905571], [-208.398834229, 97.5862503052, -35.7467460632, -45.4134941101, 34.3990859985, -6.7267074585, 4.42459392548, 33.9636497498, 113.561943054, 20.4041748047, 16.3488636017, -16.9490509033, -1.21756446362], [144.96105957, -141.066650391, -24.3776569366, 44.4295578003, -63.5975646973, -2.4393825531, 18.4040584564, 3.39280700684, 20.4041748047, 108.461997986, 10.9752311707, -1.4990375042, -12.0254974365], [-145.289672852, 107.93309021, -27.1231174469, -40.8942527771, 25.6087684631, -4.12326622009, 2.67993998528, -10.6111459732, 16.3488636017, 10.9752311707, 84.5136489868, 9.93660068512, 2.96436476707], [22.2621898651, -55.7001876831, 20.6344280243, -24.4670219421, 7.3165845871, 6.92933416367, -14.5576639175, 5.0402507782, -16.9490509033, -1.4990375042, 9.93660068512, 81.6285705566, 6.95513486862], [-4.60378694534, 7.9796628952, -46.3261413574, 23.8623332977, -13.1697969437, -10.1902799606, 4.74735879898, -5.8065905571, -1.21756446362, -12.0254974365, 2.96436476707, 6.95513486862, 72.0169143677]],
        "icov": [[0.00099960679654, -0.00147927971557, 0.001973683713, -0.00149922329001, 0.00207831873558, -0.00138621323276, 0.00215354422107, -0.00118670822121, 0.00240531330928, -0.00188457942568, 0.00253496412188, -0.00183352455497, 0.00173915363848], [-0.00147927971557, 0.00615892605856, -0.00349477655254, 0.00579771725461, -0.00449190940708, 0.004152958747, -0.00342643237673, 0.00332896062173, -0.00516223115847, 0.00608718162403, -0.00707128737122, 0.00671192305163, -0.00411359965801], [0.001973683713, -0.00349477655254, 0.0076341019012, -0.00196835095994, 0.00541248265654, -0.00303197070025, 0.00601724581793, -0.00193486572243, 0.00581828458235, -0.00373188708909, 0.00683803204447, -0.00465881032869, 0.00572815071791], [-0.00149922329001, 0.00579771725461, -0.00196835095994, 0.00897144526243, -0.00281276460737, 0.00402856338769, -0.00414237333462, 0.00367372715846, -0.00385388243012, 0.00536591606215, -0.00523920403793, 0.00676965340972, -0.00395939406008], [0.00207831873558, -0.00449190940708, 0.00541248265654, -0.00281276460737, 0.00922962557524, -0.00433417316526, 0.00486003048718, -0.00194914848544, 0.00437547080219, -0.00261663133278, 0.00624553253874, -0.00568992039189, 0.00557073997334], [-0.00138621323276, 0.004152958747, -0.00303197070025, 0.00402856338769, -0.00433417316526, 0.0117113217711, -0.00411933846772, 0.00144215440378, -0.00321767455898, 0.00421202369034, -0.00482705794275, 0.0039333999157, -0.00211386778392], [0.00215354422107, -0.00342643237673, 0.00601724581793, -0.00414237333462, 0.00486003048718, -0.00411933846772, 0.0138378255069, -0.00556102814153, 0.00639653857797, -0.00497719086707, 0.00477314181626, -0.00265151727945, 0.00404253229499], [-0.00118670822121, 0.00332896062173, -0.00193486572243, 0.00367372715846, -0.00194914848544, 0.00144215440378, -0.00556102814153, 0.0152210090309, -0.00839325599372, 0.00498632807285, -0.0014886216959, 0.000904385000467, -0.00080052058911], [0.00240531330928, -0.00516223115847, 0.00581828458235, -0.00385388243012, 0.00437547080219, -0.00321767455898, 0.00639653857797, -0.00839325599372, 0.0192034319043, -0.00916702393442, 0.00562180113047, -0.00245283660479, 0.00379130453803], [-0.00188457942568, 0.00608718162403, -0.00373188708909, 0.00536591606215, -0.00261663133278, 0.00421202369034, -0.00497719086707, 0.00498632807285, -0.00916702393442, 0.0184342712164, -0.0090586123988, 0.00555505231023, -0.00136630481575], [0.00253496412188, -0.00707128737122, 0.00683803204447, -0.00523920403793, 0.00624553253874, -0.00482705794275, 0.00477314181626, -0.0014886216959, 0.00562180113047, -0.0090586123988, 0.0235220026225, -0.0103721339256, 0.00572057673708], [-0.00183352455497, 0.00671192305163, -0.00465881032869, 0.00676965340972, -0.00568992039189, 0.0039333999157, -0.00265151727945, 0.000904385000467, -0.00245283660479, 0.00555505231023, -0.0103721339256, 0.0216462928802, -0.00711455568671], [0.00173915363848, -0.00411359965801, 0.00572815071791, -0.00395939406008, 0.00557073997334, -0.00211386778392, 0.00404253229499, -0.00080052058911, 0.00379130453803, -0.00136630481575, 0.00572057673708, -0.00711455568671, 0.0201254207641]]
    },
    "melbands": {
        "mean": [0.000687157968059, 0.000570788921323, 0.000506219919771, 0.00109596678521, 0.000736395712011, 0.000440410571173, 0.00029557387461, 0.000311155570671, 0.000243927002884, 0.000236312815105, 0.00012052814418, 0.000101546211226, 0.000107648163976, 9.09885056899e-005, 0.000146495105582, 8.95914708963e-005, 0.000122974495753, 4.29727660958e-005, 7.73467909312e-005, 3.82705038646e-005, 2.83437930193e-005, 2.99479197565e-005, 1.47452210513e-005, 1.73281187017e-005, 3.39589023497e-005, 2.86702452286e-005, 1.13651631182e-005, 5.44965269e-006, 5.35103299626e-006, 7.49378250475e-006, 1.60417130246e-005, 9.97166989691e-006, 1.35717891681e-006, 4.87264060212e-007, 3.80464769023e-007, 4.61535250906e-007, 4.55328802218e-007, 6.44026840746e-007, 5.07186712184e-007, 2.96117121934e-007],
        "var": [2.4475454552e-007, 1.26032304593e-007, 4.84672000312e-007, 2.60831143351e-006, 6.33819752238e-007, 3.26923498051e-007, 2.095722067e-007, 2.0114295296e-007, 1.04820536251e-007, 7.07386718091e-008, 3.83438383267e-008, 2.29959500331e-008, 3.84776122075e-008, 1.8202506169e-008, 5.7593364744e-008, 2.25283702804e-008, 4.2232223052e-008, 3.01649105694e-009, 2.23187317516e-008, 3.57270724116e-009, 1.60255098081e-009, 2.83323986494e-009, 5.02451580342e-010, 8.16119893887e-010, 4.45134284988e-009, 3.35092176229e-009, 7.22219339888e-010, 1.6066045716e-010, 1.1322431881e-010, 2.40421599296e-010, 9.72766422969e-010, 5.05128994188e-010, 1.3043033667e-011, 8.60797761196e-013, 5.26575744814e-013, 5.86355887889e-013, 3.92829865858e-013, 8.70905290159e-013, 6.31522178302e-013, 2.07946615656e-013]
    },
    "mfcc": {
        "mean": [-633.753173828, 145.631118774, -19.7755813599, 16.1881752014, 7.89760780334, 2.55917716026, 3.622351408, -5.67314291, 1.36469662189, -2.14831733704, 2.4742128849, 1.34431314468, -4.91338968277],
        "cov": [[2527.36743164, -1552.75, 105.632125854, 413.422546387, -428.087432861, 23.6234493256, 96.1723022461, -120.535919189, 116.333137512, -101.410369873, 144.694366455, -67.8834838867, -210.235519409], [-1552.75, 1932.86425781, -87.9528808594, -449.941864014, 384.339935303, -76.1351623535, -121.996589661, 40.5478553772, -141.258499146, 63.6717147827, -173.445892334, 74.5409927368, 194.651809692], [105.632125854, -87.9528808594, 391.976409912, -36.6357917786, -56.6144065857, -27.2150726318, -43.1239624023, -57.0446243286, -31.1814517975, -33.2742424011, -28.172000885, 7.17143774033, -21.9803543091], [413.422546387, -449.941864014, -36.6357917786, 284.107971191, -98.286026001, 7.27596759796, 42.799369812, -26.8694152832, 40.0685882568, -26.007932663, 49.2746658325, -27.6846408844, -75.5151901245], [-428.087432861, 384.339935303, -56.6144065857, -98.286026001, 248.477386475, 14.0695343018, -45.7098426819, 46.618434906, -46.0348548889, 13.6351995468, -56.257900238, -5.81250238419, 47.7446250916], [23.6234493256, -76.1351623535, -27.2150726318, 7.27596759796, 14.0695343018, 104.448860168, 30.6438846588, 3.01663446426, -5.55287647247, -6.72955179214, 7.19528150558, -12.11439991, -2.58004021645], [96.1723022461, -121.996589661, -43.1239624023, 42.799369812, -45.7098426819, 30.6438846588, 120.485488892, 17.8595695496, 11.5483264923, -17.9595623016, 21.3757095337, -8.70622348785, -29.2888355255], [-120.535919189, 40.5478553772, -57.0446243286, -26.8694152832, 46.618434906, 3.01663446426, 17.8595695496, 142.669052124, 5.34123802185, 6.96375465393, -11.9399366379, -15.5805950165, 15.0749416351], [116.333137512, -141.258499146, -31.1814517975, 40.0685882568, -46.0348548889, -5.55287647247, 11.5483264923, 5.34123802185, 109.902626038, 15.3491535187, 27.1641712189, 0.679217219353, -28.4355144501], [-101.410369873, 63.6717147827, -33.2742424011, -26.007932663, 13.6351995468, -6.72955179214, -17.9595623016, 6.96375465393, 15.3491535187, 99.7786636353, 11.0786571503, -1.46707892418, 21.3629989624], [144.694366455, -173.445892334, -28.172000885, 49.2746658325, -56.257900238, 7.19528150558, 21.3757095337, -11.9399366379, 27.1641712189, 11.0786571503, 121.94707489, 21.2415847778, -32.7781524658], [-67.8834838867, 74.5409927368, 7.17143774033, -27.6846408844, -5.81250238419, -12.11439991, -8.70622348785, -15.5805950165, 0.679217219353, -1.46707892418, 21.2415847778, 96.7783889771, 27.9682388306], [-210.235519409, 194.651809692, -21.9803543091, -75.5151901245, 47.7446250916, -2.58004021645, -29.2888355255, 15.0749416351, -28.4355144501, 21.3629989624, -32.7781524658, 27.9682388306, 120.646659851]],
        "icov": [[0.000896581041161, 0.000555750797503, 9.80248587439e-005, -8.15752064227e-005, 0.00056402903283, 0.000155836212798, 0.000170867977431, 0.000386716244975, 3.61415004591e-005, 0.000435042049503, 3.63774961443e-005, 0.000213591425563, 0.000297643942758], [0.000555750797503, 0.00162162957713, 0.000510467216372, 0.00129754969385, -0.000826308852993, 0.00111499684863, -2.515869528e-005, 0.000693833862897, 0.000656642543618, -2.91905198537e-005, 0.000816677929834, -0.000515568070114, 1.6634221538e-005], [9.80248587439e-005, 0.000510467216372, 0.0035633102525, 0.0012966216309, 0.000956189702265, 0.000645690015517, 0.00136352505069, 0.00094928254839, 0.00124454160687, 0.000792847771663, 0.0012247140985, -0.000427874503657, 0.00124067580327], [-8.15752064227e-005, 0.00129754969385, 0.0012966216309, 0.00657189683989, 7.40638934076e-005, 0.00107103248592, -0.000359608588042, 0.0011628480861, 0.000102240803244, 0.000799645320512, -2.53949838225e-005, 0.000569862488192, 0.00161858275533], [0.00056402903283, -0.000826308852993, 0.000956189702265, 7.40638934076e-005, 0.00786641519517, -0.00219062808901, 0.00275379023515, -0.00172991096042, 0.00139908003621, 0.000349433277734, 0.00117445131764, 0.000688537664246, 0.000688723870553], [0.000155836212798, 0.00111499684863, 0.000645690015517, 0.00107103248592, -0.00219062808901, 0.0118784438819, -0.00321363308467, 0.00125405658036, 0.000860401312821, 0.000511278980412, -0.000581478350796, 0.00115776469465, -0.000869397306815], [0.000170867977431, -2.515869528e-005, 0.00136352505069, -0.000359608588042, 0.00275379023515, -0.00321363308467, 0.0116575807333, -0.0020146407187, 0.00052902760217, 0.00170213426463, -0.000261927110841, -9.24995329115e-005, 0.00205852487125], [0.000386716244975, 0.000693833862897, 0.00094928254839, 0.0011628480861, -0.00172991096042, 0.00125405658036, -0.0020146407187, 0.00884177070111, -0.000914371747058, 0.000249193661148, 0.000281432759948, 0.00152118620463, -0.000963032594882], [3.61415004591e-005, 0.000656642543618, 0.00124454160687, 0.000102240803244, 0.00139908003621, 0.000860401312821, 0.00052902760217, -0.000914371747058, 0.0118061620742, -0.00228707655333, 2.41916040977e-005, -0.00129548844416, 0.00249618501402], [0.000435042049503, -2.91905198537e-005, 0.000792847771663, 0.000799645320512, 0.000349433277734, 0.000511278980412, 0.00170213426463, 0.000249193661148, -0.00228707655333, 0.0123465070501, -0.00240766443312, 0.00213444163091, -0.00216930778697], [3.63774961443e-005, 0.000816677929834, 0.0012247140985, -2.53949838225e-005, 0.00117445131764, -0.000581478350796, -0.000261927110841, 0.000281432759948, 2.41916040977e-005, -0.00240766443312, 0.0120380464941, -0.00424637459219, 0.00306403217837], [0.000213591425563, -0.000515568070114, -0.000427874503657, 0.000569862488192, 0.000688537664246, 0.00115776469465, -9.24995329115e-005, 0.00152118620463, -0.00129548844416, 0.00213444163091, -0.00424637459219, 0.0136186005548, -0.00397152500227], [0.000297643942758, 1.6634221538e-005, 0.00124067580327, 0.00161858275533, 0.000688723870553, -0.000869397306815, 0.00205852487125, -0.000963032594882, 0.00249618501402, -0.00216930778697, 0.00306403217837, -0.00397152500227, 0.0130741465837]]
    },
    "spectral_contrast_coeffs": {
        "mean": [-0.645296692848, -0.681071460247, -0.723001182079, -0.714202165604, -0.730071306229, -0.73516112566],
        "var": [0.00702337687835, 0.00658234907314, 0.0039633596316, 0.00384549843147, 0.00442709727213, 0.00692952470854]
    },
    "spectral_contrast_valleys": {
        "mean": [-7.14151525497, -6.7790555954, -7.33016347885, -7.5530872345, -7.99081659317, -10.7550230026],
        "var": [0.882917404175, 1.12788712978, 0.991407871246, 0.890418589115, 1.11467039585, 1.08268165588]
    }
},
"metadata": {
    "audio_properties": {
        "analysis_sample_rate": 44100,
        "bit_rate": 108324,
        "equal_loudness": 0,
        "length": 45.0873451233,
        "lossless": 0,
        "replay_gain": -15.5719118118,
        "sample_rate": 44100,
        "codec": "mp3",
        "downmix": "mix",
        "md5_encoded": "f92edbcc789e9a95bd4bd48a3c8f374d"
    },
    "tags": {
        "file_name": "56.mp3"
    },
    "version": {
        "essentia": "2.1-beta2",
        "essentia_git_sha": "v2.1_beta2",
        "extractor": "music 1.0"
    }
},
"rhythm": {
    "beats_count": 68,
    "beats_loudness": {
        "mean": 0.0299633108079,
        "var": 8.70576113812e-005
    },
    "bpm": 92.0894775391,
    "bpm_histogram_first_peak_bpm": {
        "mean": 92,
        "var": 0
    },
    "bpm_histogram_first_peak_spread": {
        "mean": 0.283582091331,
        "var": 0
    },
    "bpm_histogram_first_peak_weight": {
        "mean": 0.716417908669,
        "var": 0
    },
    "bpm_histogram_second_peak_bpm": {
        "mean": 0,
        "var": 0
    },
    "bpm_histogram_second_peak_spread": {
        "mean": 0,
        "var": 0
    },
    "bpm_histogram_second_peak_weight": {
        "mean": 0,
        "var": 0
    },
    "danceability": 1.27501034737,
    "onset_rate": 4.30109786987,
    "beats_loudness_band_ratio": {
        "mean": [0.211135879159, 0.281927675009, 0.182073220611, 0.176499709487, 0.101277902722, 0.0803930610418],
        "var": [0.0155147649348, 0.030501306057, 0.0120652988553, 0.0152608035132, 0.00690198596567, 0.00947376526892]
    },
    "beats_position": [0.66176867485, 1.33514738083, 2.00852608681, 2.67029476166, 3.32045340538, 3.98222208023, 4.6439909935, 5.2941493988, 5.94430828094, 6.59446716309, 7.25623559952, 7.89478445053, 8.54494285583, 9.19510173798, 9.84526062012, 10.4954195023, 11.1455783844, 11.7957363129, 12.445895195, 13.0960540771, 13.7578229904, 14.4079818726, 15.0465307236, 15.6734695435, 16.3468475342, 16.9853973389, 17.6239452362, 18.2741031647, 18.9474830627, 19.6092510223, 20.2710208893, 20.9211788177, 21.5829467773, 22.2331066132, 22.8948745728, 23.5450344086, 24.195192337, 24.8453502655, 25.4955101013, 26.1572780609, 26.8190479279, 27.4692058563, 28.1193637848, 28.7695236206, 29.4312915802, 30.081451416, 30.7316093445, 31.3933773041, 32.0667572021, 32.7169151306, 33.3902931213, 34.0404510498, 34.6790008545, 35.3175506592, 35.9677085876, 36.6062583923, 37.2564163208, 37.9065742493, 38.545124054, 39.1720619202, 39.8222198486, 40.4723815918, 41.1225395203, 41.761089325, 42.4112472534, 43.0497932434, 43.6767349243, 44.3268928528]
},
"tonal": {
    "chords_changes_rate": 0.0462962947786,
    "chords_number_rate": 0.00617283955216,
    "chords_strength": {
        "mean": 0.505339801311,
        "var": 0.00963991042227
    },
    "hpcp_entropy": {
        "mean": 1.72210562229,
        "var": 0.515901863575
    },
    "key_strength": 0.803672850132,
    "tuning_diatonic_strength": 0.635592639446,
    "tuning_equal_tempered_deviation": 0.0768955498934,
    "tuning_frequency": 441.782684326,
    "tuning_nontempered_energy_ratio": 0.681342422962,
    "hpcp": {
        "mean": [0.0590775385499, 0.0510071367025, 0.210865721107, 0.484416276217, 0.383650541306, 0.119528390467, 0.0612173788249, 0.0796723514795, 0.286405563354, 0.380331635475, 0.176133275032, 0.0452535301447, 0.0322171933949, 0.0338092260063, 0.0795579180121, 0.110315576196, 0.118861466646, 0.32363563776, 0.417937666178, 0.189283564687, 0.0504985414445, 0.0436473451555, 0.056975569576, 0.17270720005, 0.264369875193, 0.162084892392, 0.0549812912941, 0.0383491553366, 0.0531257726252, 0.185713171959, 0.282160311937, 0.160002753139, 0.0475784763694, 0.0384769700468, 0.0488565340638, 0.0662361010909],
        "var": [0.0125475721434, 0.0100717553869, 0.040373377502, 0.133526608348, 0.100394338369, 0.0284654777497, 0.01830220595, 0.0156166814268, 0.0948338285089, 0.153376698494, 0.0382605679333, 0.00590416416526, 0.00427336618304, 0.00414650887251, 0.017296615988, 0.0320575833321, 0.0218138471246, 0.0992321744561, 0.163498103619, 0.0415689907968, 0.0122288931161, 0.0114360926673, 0.0153608005494, 0.0506144985557, 0.100357435644, 0.0465778298676, 0.0129152974114, 0.00851102918386, 0.0109361242503, 0.0411426201463, 0.0940150618553, 0.0386116728187, 0.0113071408123, 0.00814035069197, 0.00967165455222, 0.0123367039487]
    },
    "chords_histogram": [49.5884780884, 0, 8.95061683655, 0, 8.53909492493, 0, 2.26337456703, 0, 0, 0, 0, 0, 0, 0, 0, 0, 0, 0.823045253754, 0, 0, 0, 1.13168728352, 0, 28.7037029266],
    "thpcp": [1, 0.791985213757, 0.246747270226, 0.126373499632, 0.16447083652, 0.591238498688, 0.785133898258, 0.363599002361, 0.0934186801314, 0.0665072500706, 0.0697937458754, 0.164234608412, 0.227728873491, 0.24537050724, 0.668094038963, 0.862765550613, 0.390745669603, 0.104246169329, 0.0901029706001, 0.117616958916, 0.356526404619, 0.545749366283, 0.334598362446, 0.113500088453, 0.0791657045484, 0.109669670463, 0.383375167847, 0.582474887371, 0.330300122499, 0.098218165338, 0.0794295594096, 0.100856505334, 0.136733844876, 0.121956139803, 0.105296082795, 0.435298591852],
    "chords_key": "D#",
    "chords_scale": "major",
    "key_key": "D#",
    "key_scale": "major"
}
}