{
"lowlevel": {
    "average_loudness": 0.268052577972,
    "barkbands_crest": {
        "mean": 12.7713041306,
        "var": 14.8741884232
    },
    "barkbands_flatness_db": {
        "mean": 0.29097160697,
        "var": 0.00359843554907
    },
    "barkbands_kurtosis": {
        "mean": 17.7184619904,
        "var": 202.813064575
    },
    "barkbands_skewness": {
        "mean": 2.75448226929,
        "var": 1.4926558733
    },
    "barkbands_spread": {
        "mean": 5.00719261169,
        "var": 17.6156139374
    },
    "dissonance": {
        "mean": 0.422353446484,
        "var": 0.00139939878136
    },
    "dynamic_complexity": 5.79239225388,
    "erbbands_crest": {
        "mean": 13.9362049103,
        "var": 32.8792533875
    },
    "erbbands_flatness_db": {
        "mean": 0.225901931524,
        "var": 0.00173159153201
    },
    "erbbands_kurtosis": {
        "mean": 3.57518696785,
        "var": 31.1457099915
    },
    "erbbands_skewness": {
        "mean": 1.39403045177,
        "var": 1.07148611546
    },
    "erbbands_spread": {
        "mean": 26.0438957214,
        "var": 168.23197937
    },
    "hfc": {
        "mean": 4.66047000885,
        "var": 45.7732963562
    },
    "melbands_crest": {
        "mean": 18.0575141907,
        "var": 22.3184127808
    },
    "melbands_flatness_db": {
        "mean": 0.393564105034,
        "var": 0.00535792903975
    },
    "melbands_kurtosis": {
        "mean": 30.0313949585,
        "var": 519.010314941
    },
    "melbands_skewness": {
        "mean": 3.55920433998,
        "var": 2.24517869949
    },
    "melbands_spread": {
        "mean": 5.07966947556,
        "var": 54.6605186462
    },
    "pitch_salience": {
        "mean": 0.485893577337,
        "var": 0.0144804930314
    },
    "silence_rate_20dB": {
        "mean": 0.998970687389,
        "var": 0.00102828501258
    },
    "silence_rate_30dB": {
        "mean": 0.95213586092,
        "var": 0.045572116971
    },
    "silence_rate_60dB": {
        "mean": 0.203808546066,
        "var": 0.162269800901
    },
    "spectral_centroid": {
        "mean": 421.999511719,
        "var": 226819.296875
    },
    "spectral_complexity": {
        "mean": 6.05403995514,
        "var": 9.82987213135
    },
    "spectral_decrease": {
        "mean": -6.59517951362e-009,
        "var": 1.1232142601e-016
    },
    "spectral_energy": {
        "mean": 0.0253144148737,
        "var": 0.00164670532104
    },
    "spectral_energyband_high": {
        "mean": 7.65477307141e-006,
        "var": 9.99726551543e-011
    },
    "spectral_energyband_low": {
        "mean": 0.0143848685548,
        "var": 0.000833104597405
    },
    "spectral_energyband_middle_high": {
        "mean": 0.000307742855512,
        "var": 2.2700400848e-007
    },
    "spectral_energyband_middle_low": {
        "mean": 0.0121597433463,
        "var": 0.000432596891187
    },
    "spectral_entropy": {
        "mean": 6.01047611237,
        "var": 0.238628655672
    },
    "spectral_flux": {
        "mean": 0.0466191358864,
        "var": 0.00228222785518
    },
    "spectral_kurtosis": {
        "mean": 18.5361862183,
        "var": 179.812225342
    },
    "spectral_rms": {
        "mean": 0.00397029984742,
        "var": 8.9336781457e-006
    },
    "spectral_rolloff": {
        "mean": 346.946502686,
        "var": 715046.875
    },
    "spectral_skewness": {
        "mean": 3.18029856682,
        "var": 1.10413753986
    },
    "spectral_spread": {
        "mean": 2666116.25,
        "var": 2.76249103565e+012
    },
    "spectral_strongpeak": {
        "mean": 0.521970808506,
        "var": 0.307197093964
    },
    "zerocrossingrate": {
        "mean": 0.0169850513339,
        "var": 0.000527753320057
    },
    "barkbands": {
        "mean": [0.0006065145717, 0.00621179165319, 0.00602758908644, 0.0026999944821, 0.00665293075144, 0.00228127720766, 0.000171710489667, 0.000156725873239, 0.000185311117093, 6.49175854051e-005, 4.63820906589e-005, 3.47653876815e-005, 1.12412953968e-005, 1.76904886757e-005, 2.89455856546e-005, 2.87131879304e-005, 3.26040644723e-005, 3.21266343235e-005, 1.36273165481e-005, 3.66524363926e-006, 1.47216633195e-006, 9.92414015855e-007, 8.46596435622e-007, 1.08027870738e-006, 1.03884735836e-006, 4.9703322702e-007, 2.50749132569e-009],
        "var": [5.46131423107e-006, 0.000145723242895, 0.000272776931524, 1.39690628203e-005, 0.000270975928288, 2.91807082249e-005, 8.14988965203e-008, 4.04948572452e-008, 2.03377183539e-007, 3.10761265609e-008, 3.87716241335e-008, 3.53489171268e-009, 8.68121019515e-010, 4.33022773194e-009, 8.39411473663e-009, 4.70911221129e-009, 6.84433532072e-009, 5.73558933681e-009, 1.36229716396e-009, 4.26847550361e-011, 9.27053312588e-012, 1.88902214183e-012, 2.05165420243e-012, 4.14462388021e-012, 3.9054003087e-012, 1.71652525093e-012, 4.64930582572e-015]
    },
    "erbbands": {
        "mean": [0.0918445810676, 1.72651851177, 6.94624614716, 8.94030666351, 20.2891044617, 19.0462055206, 18.8683986664, 13.4888219833, 3.87690639496, 1.96902501583, 4.67339706421, 5.22836494446, 1.67035412788, 2.6142578125, 1.96188688278, 1.44006323814, 0.676281154156, 0.855116128922, 1.22408533096, 1.93767142296, 1.41665363312, 1.53803277016, 1.65295898914, 1.1147865057, 0.443832874298, 0.213761299849, 0.0935858637094, 0.039904486388, 0.0366205684841, 0.0258757658303, 0.022829098627, 0.0231797397137, 0.0197490174323, 0.0127244899049, 0.00653671240434, 0.00299876509234, 0.000822059460916, 4.47455204267e-005, 1.2796925148e-005, 2.77263152384e-005],
        "var": [0.0441614203155, 12.0041151047, 331.587493896, 226.445526123, 2638.99023438, 2918.41357422, 2253.09204102, 981.596008301, 32.9261169434, 19.1901817322, 34.294090271, 169.836074829, 17.3013019562, 45.5152626038, 41.5567436218, 4.4399638176, 2.4124147892, 12.7700843811, 17.0327339172, 46.9093742371, 7.71729803085, 12.4132604599, 12.7070541382, 8.06738758087, 1.39563846588, 0.169578507543, 0.045888453722, 0.00305380253121, 0.00274372217245, 0.00106526550371, 0.0017969327746, 0.00218597962521, 0.00178314221557, 0.000589069793932, 0.000194106236449, 6.38376004645e-005, 4.0994605115e-006, 1.59314286208e-008, 5.76870606839e-010, 1.95587035456e-009]
    },
    "gfcc": {
        "mean": [-155.096618652, 163.496826172, -78.3597640991, 38.4176025391, -36.4204940796, -0.479056924582, -37.4205360413, 7.26623678207, -21.0262680054, -13.2636384964, -12.647734642, -10.142788887, -5.28949069977],
        "cov": [[7185.43994141, 153.095916748, 94.0372695923, -3.23809838295, 75.3996810913, 46.0545425415, -536.968811035, 78.5343017578, -294.274047852, -91.5095901489, 131.575393677, 292.662780762, 113.872795105], [153.095916748, 517.807983398, -13.7930116653, -44.6662101746, 113.839141846, -128.95375061, 17.4078655243, -103.176620483, 76.4767608643, -70.48097229, 121.484580994, -101.868934631, -1.26861417294], [94.0372695923, -13.7930116653, 584.692626953, 14.4752063751, 54.2774505615, 73.1678924561, 17.2561626434, -29.1830272675, -17.0193634033, 24.5261516571, 43.9345436096, 29.1345291138, -64.4425048828], [-3.23809838295, -44.6662101746, 14.4752063751, 217.349700928, 50.5921173096, -42.5752716064, 80.0823135376, 45.2525177002, 58.4036445618, 47.1286506653, 13.8837547302, -35.2091522217, -32.0154876709], [75.3996810913, 113.839141846, 54.2774505615, 50.5921173096, 246.015716553, -15.8076248169, 23.4470729828, -6.61746788025, 40.8080787659, -28.8753967285, 28.7481651306, 8.48303508759, 18.5330467224], [46.0545425415, -128.95375061, 73.1678924561, -42.5752716064, -15.8076248169, 245.920761108, 21.0855674744, -5.85942411423, -33.8792457581, -30.8655281067, -35.2129402161, 81.83152771, 49.5241241455], [-536.968811035, 17.4078655243, 17.2561626434, 80.0823135376, 23.4470729828, 21.0855674744, 250.366546631, 53.300239563, 62.9033851624, 32.0756187439, -18.7118148804, -40.4481620789, -40.1745452881], [78.5343017578, -103.176620483, -29.1830272675, 45.2525177002, -6.61746788025, -5.85942411423, 53.300239563, 145.162597656, 24.3863945007, 20.9125118256, -22.6294631958, 11.8970689774, -21.6938743591], [-294.274047852, 76.4767608643, -17.0193634033, 58.4036445618, 40.8080787659, -33.8792457581, 62.9033851624, 24.3863945007, 125.056671143, 41.4798240662, 22.1818733215, -59.7790870667, -36.1296882629], [-91.5095901489, -70.48097229, 24.5261516571, 47.1286506653, -28.8753967285, -30.8655281067, 32.0756187439, 20.9125118256, 41.4798240662, 172.798583984, 33.1734161377, -39.8538208008, -72.8583450317], [131.575393677, 121.484580994, 43.9345436096, 13.8837547302, 28.7481651306, -35.2129402161, -18.7118148804, -22.6294631958, 22.1818733215, 33.1734161377, 206.542877197, 20.6794338226, -47.4923973083], [292.662780762, -101.868934631, 29.1345291138, -35.2091522217, 8.48303508759, 81.83152771, -40.4481620789, 11.8970689774, -59.7790870667, -39.8538208008, 20.6794338226, 185.204406738, 67.608215332], [113.872795105, -1.26861417294, -64.4425048828, -32.0154876709, 18.5330467224, 49.5241241455, -40.1745452881, -21.6938743591, -36.1296882629, -72.8583450317, -47.4923973083, 67.608215332, 148.622329712]],
        "icov": [[0.000279901520116, -0.000856289290823, 1.30012504087e-005, -0.000650459551252, 3.87242835131e-005, -0.000470726256026, 0.000881403626408, -0.000865063106176, 0.00100827566348, -0.000476762797916, 0.000341216247762, -0.000491948856506, 0.000251975114224], [-0.000856289290823, 0.00914814230055, -0.000272068777122, 0.00490503758192, -0.00176409853157, 0.00429719686508, -0.00459327409044, 0.00587075296789, -0.00629234639928, 0.00500991521403, -0.00516750570387, 0.00482400367036, -0.00284319417551], [1.30012504087e-005, -0.000272068777122, 0.00214365078136, -0.000365931598935, -0.000605144305155, -0.000936229305808, 7.89508485468e-005, 0.000480832473841, 0.000742691627238, -0.00028463761555, 0.000112174813694, -0.000590251816902, 0.00166269403417], [-0.000650459551252, 0.00490503758192, -0.000365931598935, 0.0091200908646, -0.00183185283095, 0.00322377611883, -0.00421894527972, 0.00213084439747, -0.00485100224614, 0.00156485405751, -0.0028277898673, 0.00292644929141, -0.00197602203116], [3.87242835131e-005, -0.00176409853157, -0.000605144305155, -0.00183185283095, 0.00557834142819, -0.000178511661943, 0.000364286388503, -0.000458541355329, -0.00110282737296, 0.000362913240679, 0.000522408576217, -0.00148636091035, -0.000553420919459], [-0.000470726256026, 0.00429719686508, -0.000936229305808, 0.00322377611883, -0.000178511661943, 0.00777622126043, -0.00361310271546, 0.00338362716138, -0.00332970754243, 0.00241574412212, -0.00142746977508, -8.239861927e-005, -0.00240971916355], [0.000881403626408, -0.00459327409044, 7.89508485468e-005, -0.00421894527972, 0.000364286388503, -0.00361310271546, 0.00887929555029, -0.0048797163181, 0.00235146912746, -0.00244642933831, 0.00289021711797, -0.00186883914284, 0.00240337103605], [-0.000865063106176, 0.00587075296789, 0.000480832473841, 0.00213084439747, -0.000458541355329, 0.00338362716138, -0.0048797163181, 0.0133457425982, -0.00623610708863, 0.00306818122044, -0.001213864889, 0.000137375493068, 0.000476814981084], [0.00100827566348, -0.00629234639928, 0.000742691627238, -0.00485100224614, -0.00110282737296, -0.00332970754243, 0.00235146912746, -0.00623610708863, 0.0181309934705, -0.00515760621056, 0.00157787976786, 0.000298782833852, 0.0016707383329], [-0.000476762797916, 0.00500991521403, -0.00028463761555, 0.00156485405751, 0.000362913240679, 0.00241574412212, -0.00244642933831, 0.00306818122044, -0.00515760621056, 0.0108162406832, -0.00333736487664, 0.0025709788315, 0.00137064023875], [0.000341216247762, -0.00516750570387, 0.000112174813694, -0.0028277898673, 0.000522408576217, -0.00142746977508, 0.00289021711797, -0.001213864889, 0.00157787976786, -0.00333736487664, 0.00959370844066, -0.00553631503135, 0.00448020873591], [-0.000491948856506, 0.00482400367036, -0.000590251816902, 0.00292644929141, -0.00148636091035, -8.239861927e-005, -0.00186883914284, 0.000137375493068, 0.000298782833852, 0.0025709788315, -0.00553631503135, 0.0124757783487, -0.00559111172333], [0.000251975114224, -0.00284319417551, 0.00166269403417, -0.00197602203116, -0.000553420919459, -0.00240971916355, 0.00240337103605, 0.000476814981084, 0.0016707383329, 0.00137064023875, 0.00448020873591, -0.00559111172333, 0.0134507762268]]
    },
    "melbands": {
        "mean": [0.00131524994504, 0.00327390641905, 0.00177117437124, 0.00165686162654, 0.000593911914621, 0.000327992282109, 5.33289712621e-005, 1.90538121387e-005, 4.17005139752e-005, 2.83927893179e-005, 7.03338764652e-006, 1.04607615867e-005, 7.60287593948e-006, 4.32211845691e-006, 2.04234220291e-006, 1.37148913382e-006, 1.51630035816e-006, 1.75439276973e-006, 2.08279402614e-006, 2.47707293966e-006, 1.64288655924e-006, 1.43696468058e-006, 1.99348778551e-006, 1.56881094426e-006, 8.29372879707e-007, 4.33617799445e-007, 1.92290798395e-007, 1.31290661898e-007, 6.46148876626e-008, 2.67387179065e-008, 2.39469812868e-008, 2.07279970965e-008, 1.72756919881e-008, 1.3051729475e-008, 1.25850041499e-008, 1.55865382823e-008, 1.29107036173e-008, 1.41377167751e-008, 1.19101368767e-008, 1.07655564463e-008],
        "var": [6.38357369098e-006, 6.13468655501e-005, 8.44767964736e-006, 1.83452793863e-005, 1.88600949969e-006, 5.74026216782e-007, 6.40391473183e-009, 1.62820745775e-009, 2.93578783506e-009, 5.26182253324e-009, 4.20920215349e-010, 8.25396251347e-010, 9.00243934954e-010, 6.34621868945e-011, 1.06494882357e-011, 2.10084137586e-011, 3.86880978642e-011, 3.71942684985e-011, 4.11166760361e-011, 5.65369175087e-011, 1.32540636452e-011, 1.31712453444e-011, 2.44606973565e-011, 2.04057066383e-011, 4.96118250648e-012, 1.23799364857e-012, 3.21367335954e-013, 5.78990658586e-014, 2.83386985075e-014, 2.46972530453e-015, 1.26276783507e-015, 1.03496562957e-015, 6.15878608861e-016, 3.21056033135e-016, 6.21729330125e-016, 1.31388066185e-015, 6.85275224136e-016, 1.0046827194e-015, 7.1775687302e-016, 5.17226746137e-016]
    },
    "mfcc": {
        "mean": [-811.957275391, 187.270370483, 28.2044429779, 43.0745010376, 25.8206233978, -0.993549346924, 1.72363579273, 5.88871717453, 0.519702553749, -1.2923489809, -3.17322993279, -2.52330136299, -3.27041292191],
        "cov": [[4758.671875, 539.713439941, -394.702362061, 61.0979614258, 373.342834473, -219.024902344, 18.1089572906, 71.7503128052, -315.151367188, -185.404724121, -167.089157104, -154.475982666, -8.36723613739], [539.713439941, 536.237976074, -40.442527771, 23.2102470398, 95.8605957031, -1.75287854671, 4.23644971848, 22.3018131256, -102.43309021, -6.69526910782, 6.6565580368, -18.304391861, -3.64394426346], [-394.702362061, -40.442527771, 459.474731445, -10.3379096985, -26.2253112793, 95.7505645752, 32.0502700806, -5.54548740387, -0.892541646957, -6.89377212524, 42.3574447632, 48.332901001, 4.34927606583], [61.0979614258, 23.2102470398, -10.3379096985, 288.694152832, 45.4247703552, -47.4723434448, 14.6263341904, -19.6671962738, 0.538531064987, 88.006149292, 84.0633621216, 29.7551498413, 36.6503067017], [373.342834473, 95.8605957031, -26.2253112793, 45.4247703552, 198.994277954, 19.6738300323, -7.3566493988, 27.5470638275, -35.3927116394, -29.6574573517, -22.0444736481, -14.2021932602, 3.50891280174], [-219.024902344, -1.75287854671, 95.7505645752, -47.4723434448, 19.6738300323, 167.902435303, 36.5328712463, 20.6291542053, 35.6958274841, -21.7904930115, -28.1319694519, 12.2560100555, 9.95918750763], [18.1089572906, 4.23644971848, 32.0502700806, 14.6263341904, -7.3566493988, 36.5328712463, 110.294036865, 39.4109191895, 2.70988678932, 6.26245355606, 4.93907499313, 17.2847862244, 14.9444475174], [71.7503128052, 22.3018131256, -5.54548740387, -19.6671962738, 27.5470638275, 20.6291542053, 39.4109191895, 174.401565552, 47.438457489, -43.6615638733, -41.3706855774, -30.7476940155, -4.85893011093], [-315.151367188, -102.43309021, -0.892541646957, 0.538531064987, -35.3927116394, 35.6958274841, 2.70988678932, 47.438457489, 204.650665283, 29.0399589539, -42.1239051819, -17.5944290161, -26.6406974792], [-185.404724121, -6.69526910782, -6.89377212524, 88.006149292, -29.6574573517, -21.7904930115, 6.26245355606, -43.6615638733, 29.0399589539, 166.27746582, 98.5946960449, 27.1588726044, 16.1472225189], [-167.089157104, 6.6565580368, 42.3574447632, 84.0633621216, -22.0444736481, -28.1319694519, 4.93907499313, -41.3706855774, -42.1239051819, 98.5946960449, 186.857635498, 79.2378463745, 24.9633789063], [-154.475982666, -18.304391861, 48.332901001, 29.7551498413, -14.2021932602, 12.2560100555, 17.2847862244, -30.7476940155, -17.5944290161, 27.1588726044, 79.2378463745, 122.152000427, 37.3988685608], [-8.36723613739, -3.64394426346, 4.34927606583, 36.6503067017, 3.50891280174, 9.95918750763, 14.9444475174, -4.85893011093, -26.6406974792, 16.1472225189, 24.9633789063, 37.3988685608, 94.4722061157]],
        "icov": [[0.000343277788488, -0.000181952287676, 0.000141108044772, -1.42127964864e-005, -0.000479294365505, 0.000471755745821, -0.00033609214006, 2.3805498131e-005, 0.000305353110889, 0.000171665262314, 0.000224921779591, 0.000172921791091, -2.62580670096e-005], [-0.000181952287676, 0.00241424771957, 0.000105379942397, -0.000104877006379, -0.000506621319801, -0.000612309202552, 0.00023184523161, -0.000627915433142, 0.00127422437072, -0.000693484849762, 2.23058359552e-005, 7.62301642681e-005, 0.000569021503907], [0.000141108044772, 0.000105379942397, 0.00278141023591, -0.000233787912293, 0.000292619050015, -0.00156982790213, -0.000301488151308, 2.58149975707e-005, 0.000390754430555, 0.000660561316181, -0.000768284371588, -0.000362070742995, 0.000526484509464], [-1.42127964864e-005, -0.000104877006379, -0.000233787912293, 0.00530073326081, -0.00202990020625, 0.00193127093371, -0.00123975600582, 0.00057484942954, -0.00118304940406, -0.00153978704475, -0.00149085232988, 0.000336852419423, -0.00176330667455], [-0.000479294365505, -0.000506621319801, 0.000292619050015, -0.00202990020625, 0.00751354452223, -0.0026055292692, 0.00202916632406, -0.00136942579411, 0.00115127745084, 0.000528240518179, 0.000617030658759, -0.000308067450533, 0.0005094895605], [0.000471755745821, -0.000612309202552, -0.00156982790213, 0.00193127093371, -0.0026055292692, 0.00974264647812, -0.00326749240048, 0.000852463010233, -0.00202734069899, 0.000545545073692, 0.00107621005736, -0.000516500964295, -0.00177321385127], [-0.00033609214006, 0.00023184523161, -0.000301488151308, -0.00123975600582, 0.00202916632406, -0.00326749240048, 0.0122839640826, -0.00373078021221, 0.00151677639224, -0.00181049108505, 0.00114690070041, -0.00217598187737, -9.64385399129e-005], [2.3805498131e-005, -0.000627915433142, 2.58149975707e-005, 0.00057484942954, -0.00136942579411, 0.000852463010233, -0.00373078021221, 0.00855591334403, -0.00332755642012, 0.00318055716343, -0.00155048933811, 0.00243760203011, -0.00129234720953], [0.000305353110889, 0.00127422437072, 0.000390754430555, -0.00118304940406, 0.00115127745084, -0.00202734069899, 0.00151677639224, -0.00332755642012, 0.00896177254617, -0.00396990496665, 0.00401298608631, -0.00133775291033, 0.00295194261707], [0.000171665262314, -0.000693484849762, 0.000660561316181, -0.00153978704475, 0.000528240518179, 0.000545545073692, -0.00181049108505, 0.00318055716343, -0.00396990496665, 0.0125766694546, -0.00693307956681, 0.00293064094149, -0.0016690059565], [0.000224921779591, 2.23058359552e-005, -0.000768284371588, -0.00149085232988, 0.000617030658759, 0.00107621005736, 0.00114690070041, -0.00155048933811, 0.00401298608631, -0.00693307956681, 0.01346435491, -0.00676039606333, 0.00167204986792], [0.000172921791091, 7.62301642681e-005, -0.000362070742995, 0.000336852419423, -0.000308067450533, -0.000516500964295, -0.00217598187737, 0.00243760203011, -0.00133775291033, 0.00293064094149, -0.00676039606333, 0.0142737226561, -0.00430261529982], [-2.62580670096e-005, 0.000569021503907, 0.000526484509464, -0.00176330667455, 0.0005094895605, -0.00177321385127, -9.64385399129e-005, -0.00129234720953, 0.00295194261707, -0.0016690059565, 0.00167204986792, -0.00430261529982, 0.0137605341151]]
    },
    "spectral_contrast_coeffs": {
        "mean": [-0.611995518208, -0.660463869572, -0.738484799862, -0.774646937847, -0.752900004387, -0.774296104908],
        "var": [0.0061114965938, 0.00494304625317, 0.00463460991159, 0.00185504637193, 0.00215137540363, 0.00149353710003]
    },
    "spectral_contrast_valleys": {
        "mean": [-7.43905258179, -8.16045188904, -9.2765045166, -9.92442893982, -10.1762037277, -13.194029808],
        "var": [1.46650195122, 1.51617479324, 1.30013608932, 1.07486236095, 1.04670739174, 1.08923625946]
    }
},
"metadata": {
    "audio_properties": {
        "analysis_sample_rate": 44100,
        "bit_rate": 99188,
        "equal_loudness": 0,
        "length": 45.0873451233,
        "lossless": 0,
        "replay_gain": -6.33581924438,
        "sample_rate": 44100,
        "codec": "mp3",
        "downmix": "mix",
        "md5_encoded": "9f61b0973f5841094449f99dd3a1eeab"
    },
    "tags": {
        "file_name": "560.mp3"
    },
    "version": {
        "essentia": "2.1-beta2",
        "essentia_git_sha": "v2.1_beta2",
        "extractor": "music 1.0"
    }
},
"rhythm": {
    "beats_count": 115,
    "beats_loudness": {
        "mean": 0.0304440949112,
        "var": 0.00162207521498
    },
    "bpm": 155.398803711,
    "bpm_histogram_first_peak_bpm": {
        "mean": 157,
        "var": 0
    },
    "bpm_histogram_first_peak_spread": {
        "mean": 0.162162184715,
        "var": 0
    },
    "bpm_histogram_first_peak_weight": {
        "mean": 0.543859660625,
        "var": 0
    },
    "bpm_histogram_second_peak_bpm": {
        "mean": 152,
        "var": 0
    },
    "bpm_histogram_second_peak_spread": {
        "mean": 0.388888895512,
        "var": 0
    },
    "bpm_histogram_second_peak_weight": {
        "mean": 0.192982450128,
        "var": 0
    },
    "danceability": 0.943907618523,
    "onset_rate": 3.1038851738,
    "beats_loudness_band_ratio": {
        "mean": [0.740509748459, 0.237252980471, 0.0537224151194, 0.017889034003, 0.0107165118679, 0.00156589120161],
        "var": [0.0304854083806, 0.0427572578192, 0.00537012564018, 0.00167269364465, 0.000442922872026, 2.99133216686e-006]
    },
    "beats_position": [0.394739210606, 0.801088392735, 1.20743763447, 1.6137868166, 2.03174591064, 2.4497051239, 2.85605430603, 3.23918366432, 3.63392281532, 4.02866220474, 4.41179132462, 4.79492044449, 5.17804956436, 5.56117916107, 5.94430828094, 6.32743740082, 6.71056699753, 7.0936961174, 7.4884352684, 7.87156438828, 8.26630401611, 8.64943313599, 9.03256225586, 9.41569137573, 9.81043052673, 10.1935596466, 10.5882987976, 10.95981884, 11.3429479599, 11.7260770798, 12.0975961685, 12.4691152573, 12.8522443771, 13.235373497, 13.6301136017, 14.0132427216, 14.3963718414, 14.7911109924, 15.1742401123, 15.5573692322, 15.9404983521, 16.3352375031, 16.7415866852, 17.1247158051, 17.5078449249, 17.8793640137, 18.2508831024, 18.6456241608, 19.0403633118, 19.4234924316, 19.8066215515, 20.1781406403, 20.5612697601, 20.94439888, 21.339138031, 21.7222671509, 22.1053962708, 22.4885253906, 22.8948745728, 23.3012237549, 23.7191829681, 24.1255321503, 24.5318813324, 24.9382305145, 25.3445796967, 25.7509288788, 26.168888092, 26.5520172119, 26.9351463318, 27.3298854828, 27.7014045715, 28.0845336914, 28.4792747498, 28.8624038696, 29.2455329895, 29.6286621094, 30.0117912292, 30.3949203491, 30.778049469, 31.1843986511, 31.5791378021, 31.962266922, 32.3453979492, 32.7401351929, 33.1232643127, 33.5296134949, 33.9127426147, 34.2842636108, 34.6557807922, 35.0389099121, 35.422039032, 35.8167800903, 36.1999092102, 36.5830383301, 36.9545555115, 37.3376846313, 37.7208137512, 38.1039466858, 38.4870758057, 38.8702049255, 39.2649421692, 39.6596832275, 40.0428123474, 40.4259414673, 40.8090705872, 41.192199707, 41.5869369507, 41.9584579468, 42.3415870667, 42.7363243103, 43.1194534302, 43.4909744263, 43.8741035461, 44.257232666, 44.6519737244]
},
"tonal": {
    "chords_changes_rate": 0.0360082313418,
    "chords_number_rate": 0.00720164598897,
    "chords_strength": {
        "mean": 0.489656984806,
        "var": 0.00497661251575
    },
    "hpcp_entropy": {
        "mean": 1.51357245445,
        "var": 0.48291260004
    },
    "key_strength": 0.782046198845,
    "tuning_diatonic_strength": 0.602637648582,
    "tuning_equal_tempered_deviation": 0.0269348528236,
    "tuning_frequency": 444.341888428,
    "tuning_nontempered_energy_ratio": 0.63859629631,
    "hpcp": {
        "mean": [0.208337888122, 0.127719551325, 0.0228038970381, 0.0142786456272, 0.0177858024836, 0.0472281575203, 0.0565630756319, 0.0239823386073, 0.00716477679089, 0.00557667436078, 0.00417963135988, 0.012200852856, 0.0207723956555, 0.0482101030648, 0.352856338024, 0.638210952282, 0.364749252796, 0.0551590062678, 0.0237993746996, 0.0332825295627, 0.111983954906, 0.157382383943, 0.0964479371905, 0.0417440198362, 0.0215198863298, 0.0221550278366, 0.0647521913052, 0.0856783613563, 0.0787300541997, 0.188311249018, 0.245252802968, 0.128102749586, 0.0441663041711, 0.0341284126043, 0.0464269071817, 0.124941453338],
        "var": [0.0884131938219, 0.0385656878352, 0.00734079629183, 0.00749387033284, 0.00655257701874, 0.02255673334, 0.029706293717, 0.00624429062009, 0.00170272612013, 0.00200286949985, 0.00136886478867, 0.00361874885857, 0.00640955939889, 0.0133907143027, 0.0776967331767, 0.163103729486, 0.0724941566586, 0.0175678487867, 0.0103760985658, 0.0121031869203, 0.0504791624844, 0.0783518850803, 0.0394622534513, 0.0181547049433, 0.00764983100817, 0.00763963721693, 0.0225153211504, 0.0322948954999, 0.0223240330815, 0.0901891663671, 0.133962914348, 0.0481587648392, 0.018894450739, 0.012787360698, 0.0165024399757, 0.0395815595984]
    },
    "chords_histogram": [17.4897117615, 11.8312759399, 45.267490387, 0, 1.44032919407, 0, 0, 0, 0, 0, 0, 0, 0, 0, 0, 0, 0, 9.25925922394, 0, 3.60082316399, 0, 0, 0, 11.1111106873],
    "thpcp": [1, 0.571518301964, 0.0864275470376, 0.0372907668352, 0.0521497316658, 0.175465419888, 0.246599316597, 0.15112234652, 0.0654078722, 0.0337190814316, 0.0347142703831, 0.101458914578, 0.134247720242, 0.123360551894, 0.295061141253, 0.384281724691, 0.200721636415, 0.0692033022642, 0.0534751266241, 0.072745397687, 0.195768266916, 0.326440483332, 0.200121209025, 0.0357309691608, 0.0223729256541, 0.02786821872, 0.0740008577704, 0.0886275544763, 0.0375774465501, 0.011226345785, 0.00873797945678, 0.00654898071662, 0.0191172733903, 0.0325478538871, 0.0755394473672, 0.552883565426],
    "chords_key": "D",
    "chords_scale": "major",
    "key_key": "G",
    "key_scale": "major"
}
}