{
"lowlevel": {
    "average_loudness": 0.978179752827,
    "barkbands_crest": {
        "mean": 10.2367677689,
        "var": 15.7572889328
    },
    "barkbands_flatness_db": {
        "mean": 0.17187538743,
        "var": 0.00233184825629
    },
    "barkbands_kurtosis": {
        "mean": 4.79964828491,
        "var": 58.8110733032
    },
    "barkbands_skewness": {
        "mean": 1.64508759975,
        "var": 1.23645222187
    },
    "barkbands_spread": {
        "mean": 14.5721654892,
        "var": 75.9694519043
    },
    "dissonance": {
        "mean": 0.452819168568,
        "var": 0.000977424671873
    },
    "dynamic_complexity": 1.99281394482,
    "erbbands_crest": {
        "mean": 9.45008563995,
        "var": 20.3476390839
    },
    "erbbands_flatness_db": {
        "mean": 0.190976709127,
        "var": 0.00113065482583
    },
    "erbbands_kurtosis": {
        "mean": 0.558074891567,
        "var": 4.46869802475
    },
    "erbbands_skewness": {
        "mean": 0.524280846119,
        "var": 0.391630530357
    },
    "erbbands_spread": {
        "mean": 29.7876110077,
        "var": 178.439788818
    },
    "hfc": {
        "mean": 18.7020301819,
        "var": 159.318954468
    },
    "melbands_crest": {
        "mean": 14.1920566559,
        "var": 40.4655838013
    },
    "melbands_flatness_db": {
        "mean": 0.233732819557,
        "var": 0.00458941562101
    },
    "melbands_kurtosis": {
        "mean": 11.1636829376,
        "var": 256.127838135
    },
    "melbands_skewness": {
        "mean": 2.37484264374,
        "var": 2.14907860756
    },
    "melbands_spread": {
        "mean": 16.7635726929,
        "var": 136.501495361
    },
    "pitch_salience": {
        "mean": 0.554368019104,
        "var": 0.0161805972457
    },
    "silence_rate_20dB": {
        "mean": 1,
        "var": 0
    },
    "silence_rate_30dB": {
        "mean": 0.911946475506,
        "var": 0.0802995041013
    },
    "silence_rate_60dB": {
        "mean": 0.0133882593364,
        "var": 0.0132090561092
    },
    "spectral_centroid": {
        "mean": 1015.6317749,
        "var": 335491.53125
    },
    "spectral_complexity": {
        "mean": 18.4660148621,
        "var": 31.902803421
    },
    "spectral_decrease": {
        "mean": -1.12458993229e-008,
        "var": 1.15109779063e-016
    },
    "spectral_energy": {
        "mean": 0.0441409423947,
        "var": 0.00168100453448
    },
    "spectral_energyband_high": {
        "mean": 0.000365680636605,
        "var": 5.6238536672e-007
    },
    "spectral_energyband_low": {
        "mean": 0.0205826107413,
        "var": 0.00134036771487
    },
    "spectral_energyband_middle_high": {
        "mean": 0.00628285296261,
        "var": 3.91719077015e-005
    },
    "spectral_energyband_middle_low": {
        "mean": 0.0168967079371,
        "var": 0.000179116672371
    },
    "spectral_entropy": {
        "mean": 7.23937034607,
        "var": 0.11403221637
    },
    "spectral_flux": {
        "mean": 0.131347805262,
        "var": 0.00521794939414
    },
    "spectral_kurtosis": {
        "mean": 6.33646249771,
        "var": 14.6418790817
    },
    "spectral_rms": {
        "mean": 0.00598182482645,
        "var": 7.28215400159e-006
    },
    "spectral_rolloff": {
        "mean": 1025.06726074,
        "var": 1347262.25
    },
    "spectral_skewness": {
        "mean": 1.76772761345,
        "var": 0.253635555506
    },
    "spectral_spread": {
        "mean": 3358390,
        "var": 3.20640044237e+012
    },
    "spectral_strongpeak": {
        "mean": 1.00787973404,
        "var": 1.42711246014
    },
    "zerocrossingrate": {
        "mean": 0.0410191453993,
        "var": 0.000834795937408
    },
    "barkbands": {
        "mean": [0.00444754492491, 0.0137132434174, 0.00259776762687, 0.00102495984174, 0.00550071988255, 0.00325525319204, 0.00277559808455, 0.0022359197028, 0.00169506610837, 0.00203394866548, 0.000909397029318, 0.000761908828281, 0.000966677849647, 0.000460985815153, 0.000343606603565, 0.000189647791558, 0.000366706895875, 0.000295493256999, 0.000146685240907, 0.000114033653517, 0.000121148317703, 8.43221860123e-005, 4.45482837677e-005, 4.22895609518e-005, 1.12775242087e-005, 2.20323045141e-006, 1.48221452889e-008],
        "var": [9.96000526357e-005, 0.000687558611389, 2.06409567909e-005, 1.89787192539e-006, 4.20920732722e-005, 1.77240053745e-005, 3.25315777445e-005, 2.10875059565e-005, 1.35435984703e-005, 1.11459039545e-005, 4.58418116978e-006, 4.77204048366e-006, 2.3310474262e-006, 8.51809545566e-007, 1.79009091994e-007, 5.49791323579e-008, 5.3013775414e-007, 4.64199047201e-007, 3.06616279033e-008, 2.45697542312e-008, 4.33122124832e-008, 4.36352287636e-008, 3.32388978563e-008, 4.25216981625e-008, 2.74349698515e-009, 2.83891556097e-011, 5.61223786763e-015]
    },
    "erbbands": {
        "mean": [0.630799055099, 2.10892534256, 3.58664441109, 3.09100651741, 7.53569221497, 20.9501972198, 25.949962616, 28.7911510468, 34.7179489136, 52.9806365967, 41.5434532166, 41.9245681763, 43.8353729248, 69.5411224365, 35.9830322266, 38.9036216736, 44.2325248718, 27.5778923035, 19.701713562, 13.6160058975, 11.689997673, 19.3815956116, 16.3828678131, 10.7075176239, 7.41697311401, 5.08567762375, 4.90177965164, 5.00488328934, 3.30004048347, 1.84333777428, 1.21649444103, 0.968984246254, 0.619856834412, 0.206019744277, 0.0419039167464, 0.0155814671889, 0.00287851993926, 0.000198303969228, 2.72431861958e-005, 5.04491654283e-005],
        "var": [1.76941800117, 16.8316001892, 42.4114227295, 15.4262256622, 65.8917388916, 860.420654297, 1057.69299316, 1620.92041016, 5472.52441406, 10972.359375, 8667.72070313, 6177.86962891, 5944.24267578, 16124.8056641, 7484.87451172, 11275.5410156, 4594.90429688, 2694.24731445, 622.075317383, 238.205215454, 199.696365356, 1360.16064453, 1273.36572266, 514.329223633, 73.4933242798, 41.7572631836, 66.0104980469, 77.5715942383, 56.0538520813, 44.200088501, 26.5925483704, 21.9553337097, 9.53931808472, 1.11249828339, 0.0227908566594, 0.00156620051712, 5.27278534719e-005, 3.83190325692e-007, 6.20464735146e-010, 2.00672212181e-009]
    },
    "gfcc": {
        "mean": [-9.95010757446, 134.474334717, -135.711395264, 26.833530426, -61.8049583435, 4.81663274765, -31.6403160095, 1.74882793427, -21.2990112305, -1.20906472206, -8.51387786865, -0.467003524303, -2.12930250168],
        "cov": [[4190.81933594, 76.9435043335, -420.465423584, 212.797668457, -271.118530273, 137.815673828, 31.6504459381, 45.6174507141, -14.4307222366, 28.3716030121, 39.786655426, 16.305480957, 20.3890724182], [76.9435043335, 868.635925293, 188.139633179, 81.3278045654, 401.650146484, -10.7901382446, 238.088897705, 20.7846698761, 170.428436279, -15.2310171127, 101.094314575, -76.8290481567, 81.1656036377], [-420.465423584, 188.139633179, 581.64263916, 164.217071533, 187.451751709, 143.623809814, 101.384498596, 67.1345977783, 88.4452590942, 3.27362775803, 30.4825019836, 3.35903763771, 23.8736515045], [212.797668457, 81.3278045654, 164.217071533, 359.954864502, 160.821762085, 138.999832153, 125.224388123, 44.5898895264, 79.3191757202, -1.91261994839, 65.9097824097, -29.5689640045, 36.5973472595], [-271.118530273, 401.650146484, 187.451751709, 160.821762085, 453.784088135, 50.2500190735, 155.542037964, 62.7091789246, 94.742149353, 30.7791786194, 68.6639404297, -17.6608657837, 44.590763092], [137.815673828, -10.7901382446, 143.623809814, 138.999832153, 50.2500190735, 209.784088135, 110.334671021, 37.5427703857, 49.2379951477, 7.3858127594, 41.6286659241, -11.3842039108, 15.534034729], [31.6504459381, 238.088897705, 101.384498596, 125.224388123, 155.542037964, 110.334671021, 266.978302002, 55.611492157, 90.7747344971, 14.5784778595, 71.5872879028, -27.8310050964, 51.6779823303], [45.6174507141, 20.7846698761, 67.1345977783, 44.5898895264, 62.7091789246, 37.5427703857, 55.611492157, 111.394187927, 44.3667755127, 0.912524938583, 12.8168992996, 11.8045244217, 14.377076149], [-14.4307222366, 170.428436279, 88.4452590942, 79.3191757202, 94.742149353, 49.2379951477, 90.7747344971, 44.3667755127, 161.182647705, 19.190820694, 48.4175415039, -23.2769050598, 19.9503440857], [28.3716030121, -15.2310171127, 3.27362775803, -1.91261994839, 30.7791786194, 7.3858127594, 14.5784778595, 0.912524938583, 19.190820694, 88.2143936157, 18.9007968903, 2.24142980576, -11.606760025], [39.786655426, 101.094314575, 30.4825019836, 65.9097824097, 68.6639404297, 41.6286659241, 71.5872879028, 12.8168992996, 48.4175415039, 18.9007968903, 87.3694610596, -7.80767822266, 20.2734279633], [16.305480957, -76.8290481567, 3.35903763771, -29.5689640045, -17.6608657837, -11.3842039108, -27.8310050964, 11.8045244217, -23.2769050598, 2.24142980576, -7.80767822266, 80.4507904053, 10.7268543243], [20.3890724182, 81.1656036377, 23.8736515045, 36.5973472595, 44.590763092, 15.534034729, 51.6779823303, 14.377076149, 19.9503440857, -11.606760025, 20.2734279633, 10.7268543243, 76.6326370239]],
        "icov": [[0.000481823110022, -0.00100991339423, 0.000695022696164, -0.000882317079231, 0.00106792582665, -0.000886711641215, 0.000536619569175, -0.000863192777615, 0.000593194155954, -0.000916398654226, 0.000390801375033, -0.000788191333413, 0.000218424887862], [-0.00100991339423, 0.00619319779798, -0.00223257485777, 0.00335471285507, -0.00505953282118, 0.00404231948778, -0.00321370107122, 0.00381327164359, -0.00349424453452, 0.00440960703418, -0.00253118062392, 0.00411584507674, -0.00194995594211], [0.000695022696164, -0.00223257485777, 0.00362997758202, -0.00187511160038, 0.00124906224664, -0.00310794776306, 0.00144182040822, -0.00194058625493, 0.000556922634132, -0.0015016940888, 0.00166281044949, -0.00222994806245, 0.000739130191505], [-0.000882317079231, 0.00335471285507, -0.00187511160038, 0.00688448362052, -0.00397029798478, 0.000149781568325, -0.00157475401647, 0.00212114560418, -0.00225365324877, 0.00346354325302, -0.00277984654531, 0.00349586596712, -0.0017208145], [0.00106792582665, -0.00505953282118, 0.00124906224664, -0.00397029798478, 0.0078931087628, -0.00200957199559, 0.00136996724177, -0.00405653007329, 0.00266624800861, -0.00475432444364, 0.00120569276623, -0.00314662861638, 0.000940652389545], [-0.000886711641215, 0.00404231948778, -0.00310794776306, 0.000149781568325, -0.00200957199559, 0.0112622892484, -0.0047196042724, 0.00192952447105, -0.00194618233945, 0.00252817268483, -0.00269465427846, 0.00259351870045, -0.000202301249374], [0.000536619569175, -0.00321370107122, 0.00144182040822, -0.00157475401647, 0.00136996724177, -0.0047196042724, 0.0092070447281, -0.00350866606459, 0.000732676067855, -0.00259787472896, -0.00104900670704, -1.72328200279e-005, -0.00213143718429], [-0.000863192777615, 0.00381327164359, -0.00194058625493, 0.00212114560418, -0.00405653007329, 0.00192952447105, -0.00350866606459, 0.0143241332844, -0.0047075455077, 0.00368269532919, 1.95526317839e-005, -0.000624718086328, -0.000703981146216], [0.000593194155954, -0.00349424453452, 0.000556922634132, -0.00225365324877, 0.00266624800861, -0.00194618233945, 0.000732676067855, -0.0047075455077, 0.011529084295, -0.00384797318839, -0.0014430670999, 0.000188365578651, 0.000449194252724], [-0.000916398654226, 0.00440960703418, -0.0015016940888, 0.00346354325302, -0.00475432444364, 0.00252817268483, -0.00259787472896, 0.00368269532919, -0.00384797318839, 0.0164083950222, -0.00446071010083, 0.00131273188163, 0.00218539265916], [0.000390801375033, -0.00253118062392, 0.00166281044949, -0.00277984654531, 0.00120569276623, -0.00269465427846, -0.00104900670704, 1.95526317839e-005, -0.0014430670999, -0.00446071010083, 0.0186792947352, -0.00242135720327, -0.00096779409796], [-0.000788191333413, 0.00411584507674, -0.00222994806245, 0.00349586596712, -0.00314662861638, 0.00259351870045, -1.72328200279e-005, -0.000624718086328, 0.000188365578651, 0.00131273188163, -0.00242135720327, 0.0181688889861, -0.00544323259965], [0.000218424887862, -0.00194995594211, 0.000739130191505, -0.0017208145, 0.000940652389545, -0.000202301249374, -0.00213143718429, -0.000703981146216, 0.000449194252724, 0.00218539265916, -0.00096779409796, -0.00544323259965, 0.0179431140423]]
    },
    "melbands": {
        "mean": [0.00478675821796, 0.00222852616571, 0.000642161059659, 0.000990833388641, 0.00100090226624, 0.000641939637717, 0.000546739611309, 0.000574708799832, 0.000300186453387, 0.000265779934125, 0.000219314359128, 0.000292530778097, 0.000115821094369, 9.78205134743e-005, 0.000113286274427, 7.30148385628e-005, 5.06103788211e-005, 3.09893621306e-005, 2.2529717171e-005, 1.50155947267e-005, 1.34638621603e-005, 1.80547758646e-005, 2.28878343478e-005, 1.12228271973e-005, 8.17627096694e-006, 6.06767935096e-006, 4.00013641411e-006, 3.24997768075e-006, 3.07389268528e-006, 2.97294127449e-006, 2.99881912724e-006, 2.03962690648e-006, 1.23795814488e-006, 9.27128382955e-007, 7.29806288291e-007, 5.75228739308e-007, 6.0468363472e-007, 4.70377614192e-007, 3.02028666965e-007, 1.27219010437e-007],
        "var": [9.11399474717e-005, 1.68004517036e-005, 5.60230205338e-007, 1.21455502722e-006, 1.68952169588e-006, 8.58691009853e-007, 1.18199284316e-006, 1.15918385291e-006, 4.41682942665e-007, 2.86642858782e-007, 1.58476240131e-007, 3.02780335915e-007, 7.9103955386e-008, 6.81437910544e-008, 3.90960046559e-008, 1.27452439713e-008, 1.23651942019e-008, 1.95991090024e-009, 9.04879449148e-010, 3.18750692507e-010, 3.54215268228e-010, 9.30086785367e-010, 3.5435869794e-009, 5.02648589418e-010, 3.91959381618e-010, 7.19479475997e-011, 2.63404922873e-011, 2.07728643314e-011, 2.81024665344e-011, 2.76457190473e-011, 3.29023544521e-011, 2.03589072684e-011, 1.60672395527e-011, 1.36481494509e-011, 1.07744134795e-011, 6.31523522712e-012, 1.07421693069e-011, 5.67283503158e-012, 2.54198203285e-012, 4.26012930444e-013]
    },
    "mfcc": {
        "mean": [-644.278808594, 157.299560547, -14.0163908005, 23.2655162811, -7.82211828232, 2.84015440941, -2.42329216003, 0.639712154865, -2.48474621773, -5.03397512436, -0.87500667572, 2.31489491463, -6.23532629013],
        "cov": [[2320.88842773, -337.754638672, -55.7034378052, -6.12664985657, -176.233932495, 34.3363075256, 31.6695728302, 7.31948423386, 5.25866413116, 4.88002920151, 15.6622200012, 63.5365257263, -0.570049285889], [-337.754638672, 948.01751709, -74.4097213745, 172.738327026, 165.039260864, 67.8330383301, 90.736328125, 56.4508666992, 96.6806793213, 70.1055145264, 74.3259963989, 38.1468086243, 18.8217639923], [-55.7034378052, -74.4097213745, 469.120178223, 29.6395149231, 60.7946586609, 95.2447662354, 45.3965454102, 95.7794723511, 39.23097229, 61.7560386658, 7.46950912476, 13.3087263107, 11.5095825195], [-6.12664985657, 172.738327026, 29.6395149231, 274.127563477, 146.078674316, 86.7931137085, 104.450889587, 60.2190628052, 72.7699966431, 52.596370697, 47.6265296936, 26.8751506805, 32.5552825928], [-176.233932495, 165.039260864, 60.7946586609, 146.078674316, 267.681213379, 72.3346633911, 58.3348922729, 56.3729515076, 50.0481071472, 42.4701385498, 49.5198059082, 13.2571372986, 28.8633613586], [34.3363075256, 67.8330383301, 95.2447662354, 86.7931137085, 72.3346633911, 181.222595215, 93.9972000122, 49.7044410706, 50.0990142822, 50.6840057373, 49.4756393433, 41.9674453735, 20.8492107391], [31.6695728302, 90.736328125, 45.3965454102, 104.450889587, 58.3348922729, 93.9972000122, 195.570159912, 61.3965454102, 58.1684570313, 47.4680099487, 32.6734466553, 36.3118209839, 15.4443597794], [7.31948423386, 56.4508666992, 95.7794723511, 60.2190628052, 56.3729515076, 49.7044410706, 61.3965454102, 141.493682861, 65.1667556763, 32.3601379395, 25.9953918457, 26.2322254181, 19.6771297455], [5.25866413116, 96.6806793213, 39.23097229, 72.7699966431, 50.0481071472, 50.0990142822, 58.1684570313, 65.1667556763, 121.599487305, 42.4626197815, 31.7647399902, 30.5364589691, 13.4264831543], [4.88002920151, 70.1055145264, 61.7560386658, 52.596370697, 42.4701385498, 50.6840057373, 47.4680099487, 32.3601379395, 42.4626197815, 111.381362915, 44.4539794922, 27.6869182587, 10.6833639145], [15.6622200012, 74.3259963989, 7.46950912476, 47.6265296936, 49.5198059082, 49.4756393433, 32.6734466553, 25.9953918457, 31.7647399902, 44.4539794922, 106.479927063, 34.6199684143, 20.0036220551], [63.5365257263, 38.1468086243, 13.3087263107, 26.8751506805, 13.2571372986, 41.9674453735, 36.3118209839, 26.2322254181, 30.5364589691, 27.6869182587, 34.6199684143, 78.9060440063, 21.8432846069], [-0.570049285889, 18.8217639923, 11.5095825195, 32.5552825928, 28.8633613586, 20.8492107391, 15.4443597794, 19.6771297455, 13.4264831543, 10.6833639145, 20.0036220551, 21.8432846069, 77.3760375977]],
        "icov": [[0.000506234995555, 0.000202620823984, 0.000123514444567, -0.000212635888602, 0.000396506133256, -0.000137803392136, -1.70502589754e-005, -0.000114333961392, -1.13035412141e-005, -4.17086012021e-005, -9.2789210612e-005, -0.00036439060932, 8.18130429252e-005], [0.000202620823984, 0.00143320346251, 0.00046869867947, -0.000418172072386, -0.000375320494641, -3.01229065371e-005, -9.42460392253e-005, -0.000127309351228, -0.000528100703377, -0.000393675814848, -0.000275745580439, -0.00023107972811, 0.00024091101659], [0.000123514444567, 0.00046869867947, 0.00305084558204, 0.000348163564922, -0.000368489680113, -0.00147025787737, 0.000351590453647, -0.00190165627282, 0.000218175817281, -0.00149388262071, 0.000921796949115, 0.00037432697718, 5.80711493967e-005], [-0.000212635888602, -0.000418172072386, 0.000348163564922, 0.00671561202034, -0.00259624817409, -0.000722978904378, -0.00180067250039, -5.74098994548e-005, -0.00140922924038, -0.000533982005436, 2.31877129409e-005, 0.000732390908524, -0.00113436160609], [0.000396506133256, -0.000375320494641, -0.000368489680113, -0.00259624817409, 0.00627877190709, -0.000818136730231, 0.000414341775468, -0.000804933253676, 0.000114708622277, -2.12995601032e-005, -0.00129328703042, 0.00099617941305, -0.000722167314962], [-0.000137803392136, -3.01229065371e-005, -0.00147025787737, -0.000722978904378, -0.000818136730231, 0.00954209081829, -0.00282636657357, 0.00055836775573, -0.000462221185444, -0.000361260317732, -0.00187989207916, -0.00203835079446, -0.000123098609038], [-1.70502589754e-005, -9.42460392253e-005, 0.000351590453647, -0.00180067250039, 0.000414341775468, -0.00282636657357, 0.00827685929835, -0.00166590407025, -0.000652373419143, -0.00102004467044, 0.000705972895958, -0.00103799428325, 0.000471261038911], [-0.000114333961392, -0.000127309351228, -0.00190165627282, -5.74098994548e-005, -0.000804933253676, 0.00055836775573, -0.00166590407025, 0.0114924237132, -0.00431677186862, 0.000725038524251, -0.000462637020973, -0.000795401574578, -0.00111001357436], [-1.13035412141e-005, -0.000528100703377, 0.000218175817281, -0.00140922924038, 0.000114708622277, -0.000462221185444, -0.000652373419143, -0.00431677186862, 0.0133538218215, -0.00201175874099, -0.000248591852142, -0.00183320394717, 0.00054095237283], [-4.17086012021e-005, -0.000393675814848, -0.00149388262071, -0.000533982005436, -2.12995601032e-005, -0.000361260317732, -0.00102004467044, 0.000725038524251, -0.00201175874099, 0.0132033890113, -0.00364124542102, -0.00131480698474, 0.000505451927893], [-9.2789210612e-005, -0.000275745580439, 0.000921796949115, 2.31877129409e-005, -0.00129328703042, -0.00187989207916, 0.000705972895958, -0.000462637020973, -0.000248591852142, -0.00364124542102, 0.0137698920444, -0.00324094039388, -0.00121382251382], [-0.00036439060932, -0.00023107972811, 0.00037432697718, 0.000732390908524, 0.00099617941305, -0.00203835079446, -0.00103799428325, -0.000795401574578, -0.00183320394717, -0.00131480698474, -0.00324094039388, 0.0179753191769, -0.00346014159732], [8.18130429252e-005, 0.00024091101659, 5.80711493967e-005, -0.00113436160609, -0.000722167314962, -0.000123098609038, 0.000471261038911, -0.00111001357436, 0.00054095237283, 0.000505451927893, -0.00121382251382, -0.00346014159732, 0.0149522554129]]
    },
    "spectral_contrast_coeffs": {
        "mean": [-0.625322699547, -0.713889360428, -0.742391586304, -0.766016840935, -0.756247878075, -0.706459522247],
        "var": [0.00994506757706, 0.00521388277411, 0.0047388151288, 0.00269269593991, 0.00260022957809, 0.00249058520421]
    },
    "spectral_contrast_valleys": {
        "mean": [-7.09534072876, -6.33000946045, -6.95904302597, -7.61348295212, -7.9686217308, -11.2197494507],
        "var": [1.73246359825, 1.03290259838, 0.937988400459, 0.853317737579, 0.860339224339, 0.983737170696]
    }
},
"metadata": {
    "audio_properties": {
        "analysis_sample_rate": 44100,
        "bit_rate": 107979,
        "equal_loudness": 0,
        "length": 45.0612258911,
        "lossless": 0,
        "replay_gain": -5.18641471863,
        "sample_rate": 44100,
        "codec": "mp3",
        "downmix": "mix",
        "md5_encoded": "eec949ccd443b28ebc9da11b96fb977c"
    },
    "tags": {
        "file_name": "561.mp3"
    },
    "version": {
        "essentia": "2.1-beta2",
        "essentia_git_sha": "v2.1_beta2",
        "extractor": "music 1.0"
    }
},
"rhythm": {
    "beats_count": 136,
    "beats_loudness": {
        "mean": 0.0663872212172,
        "var": 0.00177677394822
    },
    "bpm": 184.570144653,
    "bpm_histogram_first_peak_bpm": {
        "mean": 185,
        "var": 0
    },
    "bpm_histogram_first_peak_spread": {
        "mean": 0,
        "var": 0
    },
    "bpm_histogram_first_peak_weight": {
        "mean": 0.533333361149,
        "var": 0
    },
    "bpm_histogram_second_peak_bpm": {
        "mean": 178,
        "var": 0
    },
    "bpm_histogram_second_peak_spread": {
        "mean": 0,
        "var": 0
    },
    "bpm_histogram_second_peak_weight": {
        "mean": 0.355555564165,
        "var": 0
    },
    "danceability": 1.67145717144,
    "onset_rate": 5.25714063644,
    "beats_loudness_band_ratio": {
        "mean": [0.588819026947, 0.153132796288, 0.132913976908, 0.112699821591, 0.0349610671401, 0.0135037396103],
        "var": [0.0505575090647, 0.0117388740182, 0.0139611167833, 0.0134286023676, 0.00127637491096, 0.000438638991909]
    },
    "beats_position": [0.290249437094, 0.603718817234, 0.917188167572, 1.23065757751, 1.55573689938, 1.89242625237, 2.22911548615, 2.55419492722, 2.87927436829, 3.22757363319, 3.5758728981, 3.90095233917, 4.23764181137, 4.57433080673, 4.91102027893, 5.24770975113, 5.5727891922, 5.89786815643, 6.23455762863, 6.57124710083, 6.90793657303, 7.24462556839, 7.56970500946, 7.90639448166, 8.24308395386, 8.56816291809, 8.893242836, 9.22993183136, 9.56662082672, 9.91492080688, 10.2516098022, 10.5882987976, 10.9133787155, 11.2384576797, 11.5635375977, 11.900226593, 12.2369155884, 12.5619955063, 12.8870744705, 13.2237634659, 13.5604534149, 13.8855323792, 14.2106122971, 14.5356912613, 14.8607711792, 15.1858501434, 15.5109291077, 15.8360090256, 16.1610889435, 16.4861679077, 16.8112468719, 17.1363258362, 17.4730148315, 17.786485672, 18.0999546051, 18.4250335693, 18.7501125336, 19.0868015289, 19.4118824005, 19.7369613647, 20.062040329, 20.3871192932, 20.7238082886, 21.0488891602, 21.3739681244, 21.6990470886, 22.035736084, 22.3608150482, 22.6858959198, 23.0225849152, 23.3592739105, 23.6959629059, 24.0326519012, 24.3577327728, 24.6944217682, 25.0311107635, 25.3561897278, 25.681268692, 26.0063495636, 26.343038559, 26.6797275543, 27.0048065186, 27.3298854828, 27.6549663544, 27.9684352875, 28.2819042206, 28.6069831848, 28.932062149, 29.2571430206, 29.5822219849, 29.9073009491, 30.2207698822, 30.5342407227, 30.8593196869, 31.1843986511, 31.5210876465, 31.8461666107, 32.1596374512, 32.4847145081, 32.8097953796, 33.1348762512, 33.4831733704, 33.8082542419, 34.1449432373, 34.4816322327, 34.8067131042, 35.1317901611, 35.4568710327, 35.7819480896, 36.1070289612, 36.4321098328, 36.7687988281, 37.1054878235, 37.4305648804, 37.755645752, 38.0923347473, 38.4058036804, 38.730884552, 39.0559616089, 39.3926506042, 39.7293434143, 40.0544204712, 40.3795013428, 40.7045783997, 41.0296592712, 41.3663482666, 41.703037262, 42.0397262573, 42.3764152527, 42.7014961243, 43.0265769958, 43.3632659912, 43.6999549866, 44.0250320435, 44.3617210388, 44.6984100342]
},
"tonal": {
    "chords_changes_rate": 0.037037037313,
    "chords_number_rate": 0.00925925932825,
    "chords_strength": {
        "mean": 0.550965309143,
        "var": 0.0120330806822
    },
    "hpcp_entropy": {
        "mean": 1.99164533615,
        "var": 0.505986809731
    },
    "key_strength": 0.817774355412,
    "tuning_diatonic_strength": 0.632458925247,
    "tuning_equal_tempered_deviation": 0.0442504435778,
    "tuning_frequency": 434.193115234,
    "tuning_nontempered_energy_ratio": 0.701969206333,
    "hpcp": {
        "mean": [0.258248597383, 0.179813623428, 0.0976155772805, 0.100669614971, 0.0952198877931, 0.0986441895366, 0.11729285121, 0.142565578222, 0.198669970036, 0.235021710396, 0.177974790335, 0.116856195033, 0.115543887019, 0.105763688684, 0.114873886108, 0.165025666356, 0.142039597034, 0.0848953947425, 0.0780327245593, 0.0842916145921, 0.136271744967, 0.215835273266, 0.196202322841, 0.293010056019, 0.442515820265, 0.276566028595, 0.0909949317575, 0.0791551843286, 0.0829917341471, 0.115894936025, 0.180510297418, 0.153617337346, 0.0811620801687, 0.0704322382808, 0.089667648077, 0.177770555019],
        "var": [0.104542195797, 0.0520320907235, 0.0272162836045, 0.0347360856831, 0.0324517264962, 0.035718049854, 0.0412396304309, 0.0522143468261, 0.0776141136885, 0.0951484069228, 0.0625734478235, 0.0353778079152, 0.0470443591475, 0.0438367463648, 0.0386094078422, 0.0693877413869, 0.051471311599, 0.019090315327, 0.0208211224526, 0.0242016837001, 0.0335453152657, 0.0727347955108, 0.0593529194593, 0.0736889392138, 0.157002940774, 0.063159994781, 0.0263426695019, 0.0247435625643, 0.0238709151745, 0.0333617888391, 0.0719078183174, 0.0577689670026, 0.0221222247928, 0.0203784480691, 0.0265449658036, 0.0585157237947]
    },
    "chords_histogram": [45.8847732544, 0, 2.16049385071, 1.23456788063, 0, 0, 0, 0.102880656719, 4.62962961197, 1.02880656719, 0, 0, 0, 0, 0, 1.02880656719, 1.02880656719, 0.308641970158, 0, 0, 0, 0, 2.57201647758, 40.0205764771],
    "thpcp": [1, 0.624985635281, 0.205630913377, 0.178875371814, 0.187545239925, 0.261900097132, 0.407918304205, 0.347145408392, 0.183410570025, 0.159163206816, 0.202631503344, 0.401726990938, 0.583591759205, 0.40634393692, 0.220592290163, 0.227493822575, 0.215178489685, 0.2229167521, 0.265059113503, 0.322170585394, 0.448955625296, 0.531103491783, 0.402188539505, 0.264072358608, 0.261106789112, 0.239005446434, 0.259592711926, 0.372926026583, 0.320981949568, 0.191847145557, 0.176338836551, 0.190482720733, 0.307947725058, 0.487745881081, 0.443379223347, 0.662145972252],
    "chords_key": "F",
    "chords_scale": "major",
    "key_key": "F",
    "key_scale": "major"
}
}