{
"lowlevel": {
    "average_loudness": 0.962929069996,
    "barkbands_crest": {
        "mean": 12.1317768097,
        "var": 16.3310241699
    },
    "barkbands_flatness_db": {
        "mean": 0.199340477586,
        "var": 0.00498971389607
    },
    "barkbands_kurtosis": {
        "mean": 10.898194313,
        "var": 194.082870483
    },
    "barkbands_skewness": {
        "mean": 2.48320269585,
        "var": 2.37106919289
    },
    "barkbands_spread": {
        "mean": 13.5215053558,
        "var": 124.512741089
    },
    "dissonance": {
        "mean": 0.451525688171,
        "var": 0.00137852516491
    },
    "dynamic_complexity": 2.67163538933,
    "erbbands_crest": {
        "mean": 9.16641044617,
        "var": 15.725069046
    },
    "erbbands_flatness_db": {
        "mean": 0.163644447923,
        "var": 0.00239570671692
    },
    "erbbands_kurtosis": {
        "mean": 0.860982060432,
        "var": 3.66689062119
    },
    "erbbands_skewness": {
        "mean": 0.390784412622,
        "var": 0.515486955643
    },
    "erbbands_spread": {
        "mean": 36.136051178,
        "var": 428.11541748
    },
    "hfc": {
        "mean": 14.221206665,
        "var": 246.321929932
    },
    "melbands_crest": {
        "mean": 17.4437885284,
        "var": 25.6353912354
    },
    "melbands_flatness_db": {
        "mean": 0.296807080507,
        "var": 0.00749827455729
    },
    "melbands_kurtosis": {
        "mean": 26.3777446747,
        "var": 1091.00891113
    },
    "melbands_skewness": {
        "mean": 3.6498169899,
        "var": 4.47570943832
    },
    "melbands_spread": {
        "mean": 12.17075634,
        "var": 155.190567017
    },
    "pitch_salience": {
        "mean": 0.473786085844,
        "var": 0.0141471363604
    },
    "silence_rate_20dB": {
        "mean": 1,
        "var": 0
    },
    "silence_rate_30dB": {
        "mean": 0.999485313892,
        "var": 0.000514389015734
    },
    "silence_rate_60dB": {
        "mean": 0.0195573847741,
        "var": 0.0191748086363
    },
    "spectral_centroid": {
        "mean": 802.430969238,
        "var": 322263.125
    },
    "spectral_complexity": {
        "mean": 14.3273286819,
        "var": 71.0353622437
    },
    "spectral_decrease": {
        "mean": -9.09007891181e-009,
        "var": 3.46882458126e-017
    },
    "spectral_energy": {
        "mean": 0.0355979464948,
        "var": 0.000532759644557
    },
    "spectral_energyband_high": {
        "mean": 0.000309043389279,
        "var": 3.55952948894e-007
    },
    "spectral_energyband_low": {
        "mean": 0.0234424863011,
        "var": 0.000337935169227
    },
    "spectral_energyband_middle_high": {
        "mean": 0.00459154229611,
        "var": 5.88170296396e-005
    },
    "spectral_energyband_middle_low": {
        "mean": 0.00856456905603,
        "var": 5.54820471734e-005
    },
    "spectral_entropy": {
        "mean": 7.14245510101,
        "var": 0.353144198656
    },
    "spectral_flux": {
        "mean": 0.0893376097083,
        "var": 0.00217440468259
    },
    "spectral_kurtosis": {
        "mean": 9.49107456207,
        "var": 114.291046143
    },
    "spectral_rms": {
        "mean": 0.00555143505335,
        "var": 3.91123148802e-006
    },
    "spectral_rolloff": {
        "mean": 681.226318359,
        "var": 1089746.375
    },
    "spectral_skewness": {
        "mean": 2.29692602158,
        "var": 0.914596378803
    },
    "spectral_spread": {
        "mean": 4227561.5,
        "var": 4.30826402611e+012
    },
    "spectral_strongpeak": {
        "mean": 0.539111256599,
        "var": 0.602799594402
    },
    "zerocrossingrate": {
        "mean": 0.0325122922659,
        "var": 0.000794899184257
    },
    "barkbands": {
        "mean": [0.000382914789952, 0.0131411254406, 0.00872165802866, 0.00177124689799, 0.00251401099376, 0.000899403414223, 0.00139583402779, 0.000717312679626, 0.00103034160566, 0.00126150681172, 0.000679521763232, 0.000490843667649, 0.000503844756167, 0.000364703271771, 0.000334578304319, 0.000363899482181, 0.00027756698546, 0.000269188458333, 0.000140212476254, 5.4719093896e-005, 3.2873442251e-005, 6.66510532028e-005, 7.08914449206e-005, 4.03383455705e-005, 4.7641879064e-005, 2.33121645579e-005, 1.81228335805e-006],
        "var": [4.29219426223e-007, 0.000151257394464, 8.52318989928e-005, 3.8852108446e-006, 7.8918537838e-006, 2.49298000199e-006, 7.23937955627e-006, 2.12815643863e-006, 7.71039867686e-006, 1.35514565045e-005, 4.32047590948e-006, 1.3332198705e-006, 1.43611987369e-006, 7.49241280573e-007, 1.17360900731e-006, 1.18538946481e-006, 4.37043667034e-007, 4.41024923248e-007, 1.26764390984e-007, 2.00726386623e-008, 6.45997078053e-009, 2.84746892731e-008, 1.85300326194e-008, 9.13428888083e-009, 1.69871245959e-008, 4.42770753395e-009, 4.13127310139e-011]
    },
    "erbbands": {
        "mean": [0.300693720579, 3.23424863815, 10.1518678665, 8.11073112488, 6.03650093079, 8.81135845184, 7.89451551437, 8.47356510162, 18.0364780426, 19.8590621948, 15.5603113174, 20.247467041, 32.3873825073, 44.5351524353, 24.1574192047, 19.4826889038, 23.7555389404, 18.827835083, 16.9610023499, 19.3098239899, 19.2742843628, 16.2593173981, 15.8814611435, 10.1573543549, 4.95314979553, 2.64961695671, 1.43808424473, 1.5280790329, 2.32259583473, 2.46445846558, 1.86879134178, 1.03308403492, 0.634623289108, 0.543557167053, 0.317685216665, 0.128911137581, 0.0362866483629, 0.00685496767983, 0.00021209922852, 4.56568850495e-005],
        "var": [0.126899123192, 8.67274188995, 104.841552734, 55.6697731018, 50.2597923279, 127.43661499, 179.20401001, 212.115509033, 1373.23327637, 1349.10913086, 1203.70422363, 1839.09777832, 8049.20996094, 17703.9824219, 3599.40161133, 2029.74755859, 2927.66699219, 2161.81958008, 1961.36486816, 2957.8503418, 3677.99536133, 1468.96240234, 1497.56945801, 591.532958984, 144.938949585, 46.0514411926, 11.0980081558, 15.7859392166, 40.0730323792, 30.2189826965, 12.5649671555, 5.70167970657, 2.3327190876, 1.9898468256, 0.879692018032, 0.174189195037, 0.00967940595001, 0.000376485957531, 3.66384369954e-007, 9.7312091718e-010]
    },
    "gfcc": {
        "mean": [-31.5653419495, 124.75642395, -87.4641647339, 28.8117733002, -42.7813034058, 27.6056861877, -32.700881958, 12.3381290436, -17.182062149, -1.95374965668, -11.7035608292, 2.33658003807, -13.9935092926],
        "cov": [[6024.1953125, -1624.80895996, -990.968017578, 390.777008057, -262.788665771, 137.960876465, -259.212158203, 386.878753662, -39.5246963501, 15.528383255, -312.250213623, 243.034469604, -269.884796143], [-1624.80895996, 1772.33996582, 14.5869255066, -320.715911865, 219.245269775, -169.377700806, 155.693328857, -256.753875732, 159.140151978, -190.576156616, 231.340560913, -212.449813843, 154.831634521], [-990.968017578, 14.5869255066, 870.627746582, 8.46647167206, -39.3490600586, 32.1906242371, -3.30732822418, -71.6061096191, -32.8825874329, 122.287399292, 1.9070097208, 23.4799537659, 15.525683403], [390.777008057, -320.715911865, 8.46647167206, 441.355285645, 58.1488990784, -51.0842666626, -74.3640365601, 48.8019371033, 27.801700592, -11.1793241501, -24.9022846222, 40.4905471802, -12.0682229996], [-262.788665771, 219.245269775, -39.3490600586, 58.1488990784, 301.075500488, -19.4896888733, -12.8436183929, -41.0239105225, 32.8365783691, -9.0195350647, 33.1676254272, -38.0598678589, 31.8552951813], [137.960876465, -169.377700806, 32.1906242371, -51.0842666626, -19.4896888733, 199.74520874, 70.0462493896, -9.25334262848, -67.1334991455, 29.7644462585, 9.61964130402, 6.77730846405, -9.70324993134], [-259.212158203, 155.693328857, -3.30732822418, -74.3640365601, -12.8436183929, 70.0462493896, 222.121353149, -1.69409883022, -45.7044067383, -11.4446229935, 58.6430053711, -31.9479942322, 18.7130699158], [386.878753662, -256.753875732, -71.6061096191, 48.8019371033, -41.0239105225, -9.25334262848, -1.69409883022, 151.291687012, 21.2123832703, -3.38673567772, -48.2781677246, 32.2337265015, -37.713924408], [-39.5246963501, 159.140151978, -32.8825874329, 27.801700592, 32.8365783691, -67.1334991455, -45.7044067383, 21.2123832703, 175.404052734, -32.3789482117, -10.8940830231, -13.7308950424, -5.83527469635], [15.528383255, -190.576156616, 122.287399292, -11.1793241501, -9.0195350647, 29.7644462585, -11.4446229935, -3.38673567772, -32.3789482117, 167.350448608, -7.53623771667, -5.38841485977, 1.37994360924], [-312.250213623, 231.340560913, 1.9070097208, -24.9022846222, 33.1676254272, 9.61964130402, 58.6430053711, -48.2781677246, -10.8940830231, -7.53623771667, 123.609786987, -15.38144207, 18.5527610779], [243.034469604, -212.449813843, 23.4799537659, 40.4905471802, -38.0598678589, 6.77730846405, -31.9479942322, 32.2337265015, -13.7308950424, -5.38841485977, -15.38144207, 117.093757629, -26.5546264648], [-269.884796143, 154.831634521, 15.525683403, -12.0682229996, 31.8552951813, -9.70324993134, 18.7130699158, -37.713924408, -5.83527469635, 1.37994360924, 18.5527610779, -26.5546264648, 103.834793091]],
        "icov": [[0.000379030680051, -0.00017432947061, 0.000512484868523, -0.000392510759411, 0.000288540351903, -0.000558608735446, 0.000354362098733, -0.000431573629612, 0.000213905761484, -0.000453223299701, 0.000674000766594, -0.000516110681929, 0.000527157331817], [-0.00017432947061, 0.00360838207416, -0.000853422447108, 0.00237784627825, -0.00135217572097, 0.00309367384762, -0.00169927091338, 0.00327312387526, -0.00262390589342, 0.00367411668412, -0.00381482485682, 0.00319748697802, -0.00192766147666], [0.000512484868523, -0.000853422447108, 0.00219391356222, -0.00107295287307, 0.000837125175167, -0.00126865576021, 0.000530064862687, -0.00019428881933, 0.000575497106183, -0.00226460164413, 0.00174754206091, -0.00173671508674, 0.000916438526474], [-0.000392510759411, 0.00237784627825, -0.00107295287307, 0.00446265237406, -0.0017577126855, 0.00272963591851, -0.000639809935819, 0.0013618512312, -0.00169395830017, 0.00283758086152, -0.00294880312867, 0.00169117678888, -0.00165604369249], [0.000288540351903, -0.00135217572097, 0.000837125175167, -0.0017577126855, 0.00461726961657, -0.00156220560893, 0.00115012435708, -0.000565075140912, 0.000364947511116, -0.00160811224487, 0.000854532408994, -0.000415144400904, 0.000244783353992], [-0.000558608735446, 0.00309367384762, -0.00126865576021, 0.00272963591851, -0.00156220560893, 0.0097030447796, -0.00377517868765, 0.0036870604381, -0.000610928284004, 0.00251355418004, -0.00318646221422, 0.00235628033988, -0.00104831310455], [0.000354362098733, -0.00169927091338, 0.000530064862687, -0.000639809935819, 0.00115012435708, -0.00377517868765, 0.00795007310808, -0.00393326813355, 0.00252270651981, -0.00075875321636, -0.00119899434503, 0.000283162575215, 0.000172776271938], [-0.000431573629612, 0.00327312387526, -0.00019428881933, 0.0013618512312, -0.000565075140912, 0.0036870604381, -0.00393326813355, 0.0131548047066, -0.00386415212415, 0.00258704298176, -0.000161310483236, 0.0010065123206, 0.000224348361371], [0.000213905761484, -0.00262390589342, 0.000575497106183, -0.00169395830017, 0.000364947511116, -0.000610928284004, 0.00252270651981, -0.00386415212415, 0.00920723658055, -0.00146758148912, 0.00264476332814, -0.0010240386473, 0.0019609357696], [-0.000453223299701, 0.00367411668412, -0.00226460164413, 0.00283758086152, -0.00160811224487, 0.00251355418004, -0.00075875321636, 0.00258704298176, -0.00146758148912, 0.0112070534378, -0.00430107675493, 0.0047176592052, -0.00244000274688], [0.000674000766594, -0.00381482485682, 0.00174754206091, -0.00294880312867, 0.000854532408994, -0.00318646221422, -0.00119899434503, -0.000161310483236, 0.00264476332814, -0.00430107675493, 0.0158311557025, -0.0046874769032, 0.00261217472143], [-0.000516110681929, 0.00319748697802, -0.00173671508674, 0.00169117678888, -0.000415144400904, 0.00235628033988, 0.000283162575215, 0.0010065123206, -0.0010240386473, 0.0047176592052, -0.0046874769032, 0.0140308933333, -0.000685468199663], [0.000527157331817, -0.00192766147666, 0.000916438526474, -0.00165604369249, 0.000244783353992, -0.00104831310455, 0.000172776271938, 0.000224348361371, 0.0019609357696, -0.00244000274688, 0.00261217472143, -0.000685468199663, 0.0129236383364]]
    },
    "melbands": {
        "mean": [0.00318269361742, 0.00511112483218, 0.00136781821493, 0.000538774824236, 0.000308971299091, 0.000184918419109, 0.00028099611518, 0.000205724310945, 0.000122901299619, 0.000136191112688, 0.000165676668985, 0.00018726590497, 8.75843397807e-005, 5.76371858187e-005, 5.5630087445e-005, 4.48967548436e-005, 3.34857941198e-005, 2.66051283688e-005, 2.65423041128e-005, 2.46096697083e-005, 2.15975287574e-005, 1.56566020451e-005, 1.71227748069e-005, 1.19907517728e-005, 8.00187535788e-006, 4.59347029391e-006, 2.27416467169e-006, 1.6063294197e-006, 9.29543830352e-007, 6.95043070209e-007, 9.60111833592e-007, 1.32441778078e-006, 1.29682018724e-006, 1.41171642554e-006, 1.1223759202e-006, 8.43623354285e-007, 5.43010912679e-007, 4.04921166819e-007, 4.93488755637e-007, 4.46887469252e-007],
        "var": [1.02439380498e-005, 2.05572268897e-005, 1.43269369346e-006, 4.83132907902e-007, 1.81273634325e-007, 1.02629407195e-007, 3.01210405951e-007, 1.33886047138e-007, 8.85834481323e-008, 1.09560929218e-007, 2.13509025571e-007, 3.25411292579e-007, 5.22705434491e-008, 2.17724558382e-008, 1.58715778298e-008, 1.13900400223e-008, 8.17252931995e-009, 5.07045827547e-009, 8.94518858985e-009, 4.60034854655e-009, 5.4518829451e-009, 1.59320356907e-009, 1.76315040346e-009, 9.13404352154e-010, 4.13577505576e-010, 1.47545947682e-010, 3.91683317724e-011, 1.85098499028e-011, 5.33631992761e-012, 2.90734515455e-012, 7.75537706971e-012, 1.47092546476e-011, 9.92186974941e-012, 1.01581841896e-011, 4.66480369957e-012, 3.15082205118e-012, 2.08208667321e-012, 1.11223909856e-012, 1.66100922079e-012, 1.43855164326e-012]
    },
    "mfcc": {
        "mean": [-685.734985352, 157.544876099, 20.3283824921, 17.0086574554, 18.1418361664, 13.9052200317, 4.35790538788, 16.7306346893, -0.217573881149, 2.17005968094, 5.78768634796, 0.258989810944, 2.7897977829],
        "cov": [[5763.98730469, -1833.17272949, -941.488220215, 26.3323898315, -44.4868354797, -185.506698608, -288.026611328, 359.570739746, 35.9380073547, 62.1283721924, 64.8354187012, -148.83102417, -48.0185928345], [-1833.17272949, 1713.61950684, 38.66065979, -151.073928833, -2.97951698303, 43.2332267761, 52.5864677429, -84.0784225464, -69.2141723633, 20.8441638947, -19.20744133, 44.0678672791, -27.2538223267], [-941.488220215, 38.66065979, 737.327697754, 15.4015445709, -45.2356452942, 57.1231880188, 40.2490615845, -96.2033004761, 14.8006362915, -53.5292129517, 23.5632095337, 37.4665718079, 14.5763301849], [26.3323898315, -151.073928833, 15.4015445709, 401.373199463, 143.922836304, -25.1201877594, -86.4976043701, 17.1543197632, 11.5321350098, 3.27132058144, -23.9308395386, -6.02317380905, 72.2083816528], [-44.4868354797, -2.97951698303, -45.2356452942, 143.922836304, 280.292541504, 20.7328205109, -89.3009719849, -18.0838489532, 8.52293872833, -1.17178225517, -18.5515422821, 13.963558197, 33.6901512146], [-185.506698608, 43.2332267761, 57.1231880188, -25.1201877594, 20.7328205109, 175.281936646, 93.7853546143, -46.5847892761, -15.7940530777, -7.12425708771, -4.19498348236, 23.1908740997, 2.82657432556], [-288.026611328, 52.5864677429, 40.2490615845, -86.4976043701, -89.3009719849, 93.7853546143, 311.609222412, -52.0226783752, -13.7109928131, -14.0666589737, -6.67293453217, 32.0704460144, -19.8338756561], [359.570739746, -84.0784225464, -96.2033004761, 17.1543197632, -18.0838489532, -46.5847892761, -52.0226783752, 247.076217651, -26.583574295, -5.55908918381, 24.42486763, -40.1348266602, -13.8254919052], [35.9380073547, -69.2141723633, 14.8006362915, 11.5321350098, 8.52293872833, -15.7940530777, -13.7109928131, -26.583574295, 127.201477051, 24.5013961792, -13.012131691, -2.31660938263, -1.19429123402], [62.1283721924, 20.8441638947, -53.5292129517, 3.27132058144, -1.17178225517, -7.12425708771, -14.0666589737, -5.55908918381, 24.5013961792, 125.766571045, 10.4452571869, -16.7941970825, -12.995511055], [64.8354187012, -19.20744133, 23.5632095337, -23.9308395386, -18.5515422821, -4.19498348236, -6.67293453217, 24.42486763, -13.012131691, 10.4452571869, 120.270187378, 7.03968858719, -14.1134605408], [-148.83102417, 44.0678672791, 37.4665718079, -6.02317380905, 13.963558197, 23.1908740997, 32.0704460144, -40.1348266602, -2.31660938263, -16.7941970825, 7.03968858719, 89.4671096802, 17.7050247192], [-48.0185928345, -27.2538223267, 14.5763301849, 72.2083816528, 33.6901512146, 2.82657432556, -19.8338756561, -13.8254919052, -1.19429123402, -12.995511055, -14.1134605408, 17.7050247192, 102.016845703]],
        "icov": [[0.000418518960942, 0.000428485218436, 0.000479367241496, 9.97240058496e-005, 0.000159060320584, -5.05574498675e-005, 0.000308066461002, -0.00018275588809, 2.04541065614e-005, -2.16715689021e-005, -0.000139946758281, 7.02655161149e-005, 0.000122307610582], [0.000428485218436, 0.00108600931708, 0.000439670402557, 0.000367628294043, 3.47856221197e-005, -3.1285580917e-005, 0.000317147496389, -2.68700605375e-005, 0.000467554840725, -0.000280626089079, 7.01699755155e-005, -0.000196095788851, 0.000229643905186], [0.000479367241496, 0.000439670402557, 0.00215302058496, -0.000219493871555, 0.000729908875655, -0.000588633760344, 0.000510612386279, 0.000390482804505, -0.000334102864144, 0.000778632995207, -0.000691416964401, -0.00014099679538, 0.000142371529364], [9.97240058496e-005, 0.000367628294043, -0.000219493871555, 0.00373322144151, -0.00170465011615, 0.000588858150877, 0.000173474283656, -0.000421521748649, 0.000104073005787, -0.000485289172502, 0.000431978784036, 0.000468508136692, -0.00202480982989], [0.000159060320584, 3.47856221197e-005, 0.000729908875655, -0.00170465011615, 0.0053803990595, -0.00169024651404, 0.00181672279723, 0.000435740803368, -0.000304002693156, 0.00036491517676, 0.000229451819905, -0.00101127719972, 0.000118871445011], [-5.05574498675e-005, -3.1285580917e-005, -0.000588633760344, 0.000588858150877, -0.00169024651404, 0.00775677058846, -0.00247425283305, 0.000625477114227, 0.00102329463698, -0.000354065967258, 0.000117284362204, -0.00033659231849, -0.000376331387088], [0.000308066461002, 0.000317147496389, 0.000510612386279, 0.000173474283656, 0.00181672279723, -0.00247425283305, 0.00496072694659, 0.000393875117879, 0.000160213225172, 0.000318093050737, 0.000366001622751, -0.00121777551249, 0.000824791437481], [-0.00018275588809, -2.68700605375e-005, 0.000390482804505, -0.000421521748649, 0.000435740803368, 0.000625477114227, 0.000393875117879, 0.00523704616353, 0.00100210588425, 0.000743638665881, -0.00101842836011, 0.00165125948843, 0.000453434127849], [2.04541065614e-005, 0.000467554840725, -0.000334102864144, 0.000104073005787, -0.000304002693156, 0.00102329463698, 0.000160213225172, 0.00100210588425, 0.00900639221072, -0.00194749678485, 0.00114398822188, -0.000175321940333, 0.000393649417674], [-2.16715689021e-005, -0.000280626089079, 0.000778632995207, -0.000485289172502, 0.00036491517676, -0.000354065967258, 0.000318093050737, 0.000743638665881, -0.00194749678485, 0.00920340698212, -0.00137265503872, 0.00160897453316, 0.000879440514836], [-0.000139946758281, 7.01699755155e-005, -0.000691416964401, 0.000431978784036, 0.000229451819905, 0.000117284362204, 0.000366001622751, -0.00101842836011, 0.00114398822188, -0.00137265503872, 0.00935823470354, -0.00177341408562, 0.00104099162854], [7.02655161149e-005, -0.000196095788851, -0.00014099679538, 0.000468508136692, -0.00101127719972, -0.00033659231849, -0.00121777551249, 0.00165125948843, -0.000175321940333, 0.00160897453316, -0.00177341408562, 0.0138240139931, -0.00244205747731], [0.000122307610582, 0.000229643905186, 0.000142371529364, -0.00202480982989, 0.000118871445011, -0.000376331387088, 0.000824791437481, 0.000453434127849, 0.000393649417674, 0.000879440514836, 0.00104099162854, -0.00244205747731, 0.0122115025297]]
    },
    "spectral_contrast_coeffs": {
        "mean": [-0.66846871376, -0.720633804798, -0.766095757484, -0.775977015495, -0.780654966831, -0.774811685085],
        "var": [0.00403521908447, 0.00561580993235, 0.00509960250929, 0.00335507793352, 0.00469306251034, 0.00238203024492]
    },
    "spectral_contrast_valleys": {
        "mean": [-6.62607574463, -7.03067111969, -7.46002340317, -8.09166717529, -8.49839496613, -10.9579000473],
        "var": [0.783396601677, 0.809648215771, 0.980339705944, 1.10233986378, 1.27585422993, 1.33860516548]
    }
},
"metadata": {
    "audio_properties": {
        "analysis_sample_rate": 44100,
        "bit_rate": 110450,
        "equal_loudness": 0,
        "length": 45.0873451233,
        "lossless": 0,
        "replay_gain": -13.7102584839,
        "sample_rate": 44100,
        "codec": "mp3",
        "downmix": "mix",
        "md5_encoded": "051535a0f301cadce7cb7ea6719a89d7"
    },
    "tags": {
        "file_name": "564.mp3"
    },
    "version": {
        "essentia": "2.1-beta2",
        "essentia_git_sha": "v2.1_beta2",
        "extractor": "music 1.0"
    }
},
"rhythm": {
    "beats_count": 96,
    "beats_loudness": {
        "mean": 0.044314276427,
        "var": 0.000451242987765
    },
    "bpm": 129.445022583,
    "bpm_histogram_first_peak_bpm": {
        "mean": 129,
        "var": 0
    },
    "bpm_histogram_first_peak_spread": {
        "mean": 0.434782624245,
        "var": 0
    },
    "bpm_histogram_first_peak_weight": {
        "mean": 0.547368407249,
        "var": 0
    },
    "bpm_histogram_second_peak_bpm": {
        "mean": 123,
        "var": 0
    },
    "bpm_histogram_second_peak_spread": {
        "mean": 0,
        "var": 0
    },
    "bpm_histogram_second_peak_weight": {
        "mean": 0.0210526324809,
        "var": 0
    },
    "danceability": 1.36866533756,
    "onset_rate": 4.03505086899,
    "beats_loudness_band_ratio": {
        "mean": [0.634330570698, 0.0918780937791, 0.103631548584, 0.122492171824, 0.048280403018, 0.0216297339648],
        "var": [0.0556275062263, 0.00666327169165, 0.011957145296, 0.0220928583294, 0.00282854749821, 0.000461174407974]
    },
    "beats_position": [0.441179126501, 0.893968224525, 1.35836732388, 1.8111563921, 2.27555561066, 2.73995471001, 3.21596360207, 3.69197273254, 4.17959165573, 4.6439909935, 5.10838985443, 5.5727891922, 6.03718805313, 6.51319694519, 6.97759628296, 7.45360517502, 7.92961454391, 8.40562343597, 8.87002277374, 9.33442115784, 9.79882049561, 10.2632198334, 10.7276191711, 11.1920175552, 11.656416893, 12.1208162308, 12.5968255997, 13.0728340149, 13.5372333527, 14.0016326904, 14.4776411057, 14.9536504745, 15.4064397812, 15.8592290878, 16.3120174408, 16.7648067474, 17.2175960541, 17.6703853607, 18.1347846985, 18.5991840363, 19.0868015289, 19.5628108978, 20.0388202667, 20.5032196045, 20.9792289734, 21.4552383423, 21.9312477112, 22.4072551727, 22.8716545105, 23.3360538483, 23.7888431549, 24.2532424927, 24.7176418304, 25.1704311371, 25.6348285675, 26.0992279053, 26.563627243, 27.0164165497, 27.4692058563, 27.9336051941, 28.3980045319, 28.8624038696, 29.3268013, 29.7795906067, 30.2323799133, 30.68516922, 31.1495685577, 31.6023578644, 32.0551452637, 32.5079345703, 32.9723358154, 33.4367332458, 33.901134491, 34.3655319214, 34.8299331665, 35.2943305969, 35.7587280273, 36.2231292725, 36.6759185791, 37.1403160095, 37.6163253784, 38.0691146851, 38.5335159302, 38.9863014221, 39.4507026672, 39.9151000977, 40.3795013428, 40.8438987732, 41.3083000183, 41.761089325, 42.2254867554, 42.678276062, 43.1194534302, 43.5838546753, 44.0482521057, 44.5126533508]
},
"tonal": {
    "chords_changes_rate": 0.0823045298457,
    "chords_number_rate": 0.0144032919779,
    "chords_strength": {
        "mean": 0.491385579109,
        "var": 0.0108299758285
    },
    "hpcp_entropy": {
        "mean": 2.0559720993,
        "var": 0.561134040356
    },
    "key_strength": 0.784485936165,
    "tuning_diatonic_strength": 0.589404940605,
    "tuning_equal_tempered_deviation": 0.0600553676486,
    "tuning_frequency": 442.293365479,
    "tuning_nontempered_energy_ratio": 0.733109593391,
    "hpcp": {
        "mean": [0.200831562281, 0.139285191894, 0.0984757766128, 0.0907522290945, 0.0876700803638, 0.138101235032, 0.18463756144, 0.127866506577, 0.0671754926443, 0.0742423608899, 0.0969066098332, 0.165613159537, 0.218055158854, 0.152308061719, 0.105466432869, 0.108162768185, 0.0756813287735, 0.0484647229314, 0.0441352874041, 0.0458775050938, 0.0610187128186, 0.0831354185939, 0.108442910016, 0.133124917746, 0.111767098308, 0.094839848578, 0.156982257962, 0.210849553347, 0.163997605443, 0.103697746992, 0.0857340693474, 0.0735104382038, 0.0860592871904, 0.120179355145, 0.157665267587, 0.200691923499],
        "var": [0.0920533388853, 0.058883626014, 0.0457801669836, 0.0444125458598, 0.0402750819921, 0.0568317361176, 0.090297780931, 0.0538661666214, 0.0234462618828, 0.0337946824729, 0.0435362309217, 0.0633733794093, 0.0874834805727, 0.0507703721523, 0.0483956895769, 0.061401668936, 0.0352047868073, 0.0204275771976, 0.0172678176314, 0.0172089580446, 0.0193557273597, 0.0320347063243, 0.038488291204, 0.0548959225416, 0.0441428981721, 0.0473543442786, 0.0624248795211, 0.0974511280656, 0.0681615769863, 0.0485010407865, 0.046770259738, 0.035898629576, 0.036778524518, 0.0485453084111, 0.0706433132291, 0.0907532945275]
    },
    "chords_histogram": [36.6255149841, 10.9053497314, 12.7572011948, 1.13168728352, 1.64609050751, 3.90946507454, 1.02880656719, 5.86419773102, 1.23456788063, 5.96707820892, 1.33744859695, 0.925925910473, 0, 0, 0, 0, 0, 0, 0, 0, 1.54320991039, 0.514403283596, 12.2427988052, 2.36625504494],
    "thpcp": [1, 0.698484122753, 0.483668595552, 0.496033966541, 0.347074240446, 0.222258999944, 0.202404230833, 0.21039403975, 0.279831558466, 0.381258666515, 0.497318714857, 0.610510289669, 0.512563407421, 0.434935122728, 0.719919919968, 0.966955125332, 0.752092301846, 0.475557416677, 0.393176078796, 0.337118536234, 0.394667506218, 0.55114197731, 0.723052203655, 0.920372307301, 0.921012639999, 0.638761281967, 0.451609492302, 0.416189312935, 0.402054607868, 0.633331656456, 0.846747040749, 0.586395263672, 0.308066517115, 0.340475142002, 0.444413274527, 0.759501218796],
    "chords_key": "F#",
    "chords_scale": "minor",
    "key_key": "F#",
    "key_scale": "minor"
}
}