{
"lowlevel": {
    "average_loudness": 0.803910493851,
    "barkbands_crest": {
        "mean": 11.1055727005,
        "var": 10.0105514526
    },
    "barkbands_flatness_db": {
        "mean": 0.255188941956,
        "var": 0.00337850162759
    },
    "barkbands_kurtosis": {
        "mean": 12.8712453842,
        "var": 113.54825592
    },
    "barkbands_skewness": {
        "mean": 2.46041679382,
        "var": 1.32417416573
    },
    "barkbands_spread": {
        "mean": 5.11271810532,
        "var": 15.5894603729
    },
    "dissonance": {
        "mean": 0.418021529913,
        "var": 0.00219210563228
    },
    "dynamic_complexity": 2.9067492485,
    "erbbands_crest": {
        "mean": 10.3058080673,
        "var": 14.6787624359
    },
    "erbbands_flatness_db": {
        "mean": 0.220082387328,
        "var": 0.00258614867926
    },
    "erbbands_kurtosis": {
        "mean": 2.52356481552,
        "var": 10.9125185013
    },
    "erbbands_skewness": {
        "mean": 1.134121418,
        "var": 0.500915288925
    },
    "erbbands_spread": {
        "mean": 22.2370815277,
        "var": 181.839782715
    },
    "hfc": {
        "mean": 7.15422153473,
        "var": 96.2515563965
    },
    "melbands_crest": {
        "mean": 16.5764198303,
        "var": 20.5490627289
    },
    "melbands_flatness_db": {
        "mean": 0.358836352825,
        "var": 0.00443211011589
    },
    "melbands_kurtosis": {
        "mean": 18.1431407928,
        "var": 235.664764404
    },
    "melbands_skewness": {
        "mean": 2.91508102417,
        "var": 1.72979283333
    },
    "melbands_spread": {
        "mean": 5.46240758896,
        "var": 35.3981437683
    },
    "pitch_salience": {
        "mean": 0.53992587328,
        "var": 0.0123657593504
    },
    "silence_rate_20dB": {
        "mean": 1,
        "var": 0
    },
    "silence_rate_30dB": {
        "mean": 0.987133324146,
        "var": 0.0127014145255
    },
    "silence_rate_60dB": {
        "mean": 0.0123520325869,
        "var": 0.01219947543
    },
    "spectral_centroid": {
        "mean": 394.968566895,
        "var": 154653.90625
    },
    "spectral_complexity": {
        "mean": 9.04580593109,
        "var": 10.9094295502
    },
    "spectral_decrease": {
        "mean": -6.17454087859e-009,
        "var": 3.21635979389e-017
    },
    "spectral_energy": {
        "mean": 0.0239530336112,
        "var": 0.000490311766043
    },
    "spectral_energyband_high": {
        "mean": 2.4492483135e-005,
        "var": 3.03669622781e-009
    },
    "spectral_energyband_low": {
        "mean": 0.00955767929554,
        "var": 8.26569230412e-005
    },
    "spectral_energyband_middle_high": {
        "mean": 0.00137164909393,
        "var": 3.64753614122e-005
    },
    "spectral_energyband_middle_low": {
        "mean": 0.0169066973031,
        "var": 0.000342428829754
    },
    "spectral_entropy": {
        "mean": 6.30568218231,
        "var": 0.280339598656
    },
    "spectral_flux": {
        "mean": 0.0691494122148,
        "var": 0.000984865007922
    },
    "spectral_kurtosis": {
        "mean": 24.8669567108,
        "var": 442.483825684
    },
    "spectral_rms": {
        "mean": 0.00444078026339,
        "var": 3.64832567357e-006
    },
    "spectral_rolloff": {
        "mean": 417.3309021,
        "var": 586454.375
    },
    "spectral_skewness": {
        "mean": 3.76543951035,
        "var": 2.1160902977
    },
    "spectral_spread": {
        "mean": 2885391.75,
        "var": 3.38463241011e+012
    },
    "spectral_strongpeak": {
        "mean": 0.654684126377,
        "var": 0.780918300152
    },
    "zerocrossingrate": {
        "mean": 0.0195498466492,
        "var": 0.000447346130386
    },
    "barkbands": {
        "mean": [5.94979064772e-005, 0.00084985914873, 0.00484127365053, 0.00622299453244, 0.00459424033761, 0.0029389327392, 0.00191836757585, 0.000559214095119, 0.000512421887834, 0.000525249750353, 0.000307361857267, 0.00023346481612, 6.45773834549e-005, 6.67301283102e-005, 3.02819225908e-005, 7.0725895057e-005, 4.99647358083e-005, 5.88585280639e-005, 1.67094458448e-005, 9.92646346276e-006, 2.42229225478e-006, 3.45552211911e-006, 4.61260788143e-006, 4.73845011584e-006, 4.02427076551e-006, 2.9709010505e-006, 1.63386957297e-007],
        "var": [1.31109402446e-007, 9.96022890831e-007, 3.74417213607e-005, 6.37595585431e-005, 4.44541074103e-005, 3.8382353523e-005, 1.89380953088e-005, 2.80307654066e-006, 1.41641594382e-005, 7.63479238231e-006, 7.42994143366e-006, 6.75295495967e-006, 1.26904993181e-007, 2.32366961228e-008, 5.12127229513e-009, 4.09010425528e-008, 1.50026036039e-008, 2.63666741773e-008, 2.00278371665e-009, 1.04819419811e-009, 2.47280893678e-011, 1.18633144974e-010, 3.0238578308e-010, 1.56258145312e-010, 7.16308123927e-011, 5.61297640311e-011, 4.97277349507e-013]
    },
    "erbbands": {
        "mean": [0.0124353505671, 0.294018477201, 3.73809313774, 16.7301864624, 19.3069591522, 11.3985843658, 16.1081600189, 24.9315166473, 31.2771339417, 17.9430179596, 13.9951448441, 13.3789110184, 15.1178741455, 12.7653112411, 10.7239141464, 8.9841632843, 3.53454208374, 2.54335784912, 3.08378982544, 1.94585669041, 4.04225111008, 3.1439807415, 3.75147008896, 1.13207268715, 0.894641518593, 0.434420198202, 0.123219378293, 0.0921676680446, 0.13599704206, 0.106706373394, 0.140910640359, 0.1044549793, 0.0782355889678, 0.0510549731553, 0.025155460462, 0.0130928829312, 0.00556922424585, 0.000882402644493, 3.18753009196e-005, 2.71388526016e-005],
        "var": [0.000227422380704, 0.102910406888, 22.2455062866, 300.267974854, 715.362121582, 254.087249756, 1114.84033203, 2401.01708984, 5900.87841797, 1047.76660156, 2459.6418457, 12504.1376953, 9817.015625, 6615.85791016, 5562.75537109, 9258.796875, 366.439727783, 80.9085769653, 20.30560112, 28.5087337494, 129.735458374, 56.649520874, 105.694328308, 8.77356815338, 6.2415394783, 1.86530137062, 0.134640365839, 0.0267498679459, 0.157023057342, 0.167207509279, 0.300155609846, 0.0794985592365, 0.0481946691871, 0.011648721993, 0.00363062717952, 0.00129044312052, 0.000181692375918, 6.7734190452e-006, 4.72833505683e-009, 6.15286155359e-010]
    },
    "gfcc": {
        "mean": [-99.3155288696, 159.569015503, -74.236946106, 9.23166179657, -52.6625022888, 3.55266475677, -48.6534843445, -0.218710705638, -22.9575119019, -12.3089113235, -18.3294124603, -6.84622621536, -10.0913438797],
        "cov": [[5139.46875, -1073.73522949, -596.13659668, 411.142913818, -121.179649353, -209.892990112, -421.294067383, 310.881591797, -224.410736084, -9.3760137558, -61.3827781677, 195.527572632, -326.657867432], [-1073.73522949, 1190.00219727, -17.5104598999, -292.839874268, 53.6186752319, -12.2684202194, 189.994644165, -233.735519409, 188.301956177, -122.462463379, 110.830940247, -189.240631104, 190.021026611], [-596.13659668, -17.5104598999, 461.605651855, -85.9282455444, -32.4494972229, 83.5806274414, 23.9108333588, -42.1986846924, -18.0566806793, 101.690917969, -85.677986145, 17.4792137146, 5.53710079193], [411.142913818, -292.839874268, -85.9282455444, 332.098999023, 34.0181732178, -98.5931777954, -106.722930908, 83.8831710815, -16.3426628113, -46.2368621826, 46.7622032166, 38.4654960632, -26.6305923462], [-121.179649353, 53.6186752319, -32.4494972229, 34.0181732178, 136.145950317, -22.9376754761, 0.323733240366, 6.17997503281, 10.3795928955, -29.7933826447, 15.3259572983, -7.21358108521, -1.35638952255], [-209.892990112, -12.2684202194, 83.5806274414, -98.5931777954, -22.9376754761, 219.336380005, 80.57371521, -46.7827033997, -18.0777683258, 53.9550857544, -61.352519989, -2.41113877296, 35.7571258545], [-421.294067383, 189.994644165, 23.9108333588, -106.722930908, 0.323733240366, 80.57371521, 154.004348755, -43.0227661133, 9.025349617, 0.0218208376318, -17.8562412262, -41.2335586548, 36.3435173035], [310.881591797, -233.735519409, -42.1986846924, 83.8831710815, 6.17997503281, -46.7827033997, -43.0227661133, 146.855941772, -27.5799942017, 2.85342478752, 3.44752669334, 36.567111969, -55.5422897339], [-224.410736084, 188.301956177, -18.0566806793, -16.3426628113, 10.3795928955, -18.0777683258, 9.025349617, -27.5799942017, 103.081047058, -11.6450634003, 35.7568740845, -34.523525238, 25.5673847198], [-9.3760137558, -122.462463379, 101.690917969, -46.2368621826, -29.7933826447, 53.9550857544, 0.0218208376318, 2.85342478752, -11.6450634003, 124.117698669, -43.1157875061, 23.0831375122, -20.6423206329], [-61.3827781677, 110.830940247, -85.677986145, 46.7622032166, 15.3259572983, -61.352519989, -17.8562412262, 3.44752669334, 35.7568740845, -43.1157875061, 105.965797424, -11.947022438, 12.6572437286], [195.527572632, -189.240631104, 17.4792137146, 38.4654960632, -7.21358108521, -2.41113877296, -41.2335586548, 36.567111969, -34.523525238, 23.0831375122, -11.947022438, 90.5364456177, -18.4550113678], [-326.657867432, 190.021026611, 5.53710079193, -26.6305923462, -1.35638952255, 35.7571258545, 36.3435173035, -55.5422897339, 25.5673847198, -20.6423206329, 12.6572437286, -18.4550113678, 105.082214355]],
        "icov": [[0.000511458085384, -0.000568690593354, 0.000857428996824, -0.0005692767445, 0.00070508668432, -0.000378743512556, 0.00123891700059, -0.000358214107109, 0.000905821798369, -0.000285289628664, 0.00107270968147, -0.000609434966464, 0.00143630802631], [-0.000568690593354, 0.0059987003915, -0.00167856342159, 0.00440279347822, -0.00228638830595, 0.00292305159383, -0.00378580251709, 0.00330861844122, -0.00486056087539, 0.00310468301177, -0.004463724792, 0.00454771192744, -0.00624825479463], [0.000857428996824, -0.00167856342159, 0.00451011024415, -0.00135884515475, 0.00143531919457, -0.000930572103243, 0.00238388194703, -0.000257547362708, 0.00198683980852, -0.00271922955289, 0.0038543283008, -0.00186789780855, 0.0026834201999], [-0.0005692767445, 0.00440279347822, -0.00135884515475, 0.00810722541064, -0.00261281337589, 0.00251679169014, -0.000579128216486, 0.000600477389526, -0.00304812169634, 0.00340122613125, -0.00449905265123, 0.00285334000364, -0.00552472053096], [0.00070508668432, -0.00228638830595, 0.00143531919457, -0.00261281337589, 0.00937788188457, -0.000997516675852, 0.00163505086675, -0.00130965083372, 0.0015447094338, 0.000345961481798, 0.00244572898373, -0.00186387589201, 0.00386147922836], [-0.000378743512556, 0.00292305159383, -0.000930572103243, 0.00251679169014, -0.000997516675852, 0.00927729997784, -0.00507836928591, 0.00256431242451, -0.0014505883446, -0.000973185175098, 0.000349302310497, 0.00148658070248, -0.00545345246792], [0.00123891700059, -0.00378580251709, 0.00238388194703, -0.000579128216486, 0.00163505086675, -0.00507836928591, 0.0150716099888, -0.00279601663351, 0.0045066261664, -0.00075062707765, 0.00407821917906, 0.000412336492445, 0.00382070592605], [-0.000358214107109, 0.00330861844122, -0.000257547362708, 0.000600477389526, -0.00130965083372, 0.00256431242451, -0.00279601663351, 0.0123992171139, -0.00184798787814, 0.00107167731039, -0.00235823192634, 9.15577584237e-006, 0.000646289496217], [0.000905821798369, -0.00486056087539, 0.00198683980852, -0.00304812169634, 0.0015447094338, -0.0014505883446, 0.0045066261664, -0.00184798787814, 0.0177709981799, -0.00415454199538, 0.000231954036281, 0.000276339647826, 0.0035868154373], [-0.000285289628664, 0.00310468301177, -0.00271922955289, 0.00340122613125, 0.000345961481798, -0.000973185175098, -0.00075062707765, 0.00107167731039, -0.00415454199538, 0.0144190834835, -0.000568525691051, -9.50424964685e-006, -0.000424027413828], [0.00107270968147, -0.004463724792, 0.0038543283008, -0.00449905265123, 0.00244572898373, 0.000349302310497, 0.00407821917906, -0.00235823192634, 0.000231954036281, -0.000568525691051, 0.0192005317658, -0.00385003746487, 0.0041618924588], [-0.000609434966464, 0.00454771192744, -0.00186789780855, 0.00285334000364, -0.00186387589201, 0.00148658070248, 0.000412336492445, 9.15577584237e-006, 0.000276339647826, -9.50424964685e-006, -0.00385003746487, 0.0194355137646, -0.00615630252287], [0.00143630802631, -0.00624825479463, 0.0026834201999, -0.00552472053096, 0.00386147922836, -0.00545345246792, 0.00382070592605, 0.000646289496217, 0.0035868154373, -0.000424027413828, 0.0041618924588, -0.00615630252287, 0.0221257321537]]
    },
    "melbands": {
        "mean": [0.000175137349288, 0.00146121601574, 0.00292885652743, 0.00116038974375, 0.000518198939972, 0.000594764598645, 0.000437580165453, 0.000163304677699, 0.000112592584628, 7.70893166191e-005, 7.71165287006e-005, 5.51645680389e-005, 3.79741977667e-005, 3.29050963046e-005, 9.80955428531e-006, 6.94132359058e-006, 4.58182375951e-006, 5.99996064921e-006, 2.0165909973e-006, 3.3387698295e-006, 5.07448885401e-006, 3.03510978483e-006, 3.69175586457e-006, 2.60366596194e-006, 7.18173509995e-007, 6.17312821305e-007, 6.17257171598e-007, 2.00803029315e-007, 7.77257440632e-008, 5.32873087877e-008, 5.00644965484e-008, 7.58197415962e-008, 6.78547777966e-008, 5.7558025901e-008, 8.08683964237e-008, 7.96031542905e-008, 5.85654262863e-008, 5.69500464564e-008, 4.84747175733e-008, 4.06573157363e-008],
        "var": [3.81344271716e-008, 3.18916522701e-006, 8.91812123882e-006, 3.04579407384e-006, 8.81793766894e-007, 1.30371358864e-006, 1.00333318187e-006, 9.15708184834e-008, 1.99641718268e-007, 4.91135438097e-007, 2.4756374728e-007, 9.21123159969e-008, 7.94430974338e-008, 1.53227006194e-007, 3.77973741195e-009, 1.75072312203e-009, 2.37697472816e-010, 8.2248804989e-011, 3.4231163043e-011, 9.95729887432e-011, 2.39993525053e-010, 6.11315442711e-011, 9.07249275706e-011, 5.80817130502e-011, 4.53652436797e-012, 2.83896387301e-012, 4.16341700699e-012, 4.59164715798e-013, 7.93726927717e-014, 1.50264441054e-014, 7.64592331641e-015, 5.59217758634e-014, 4.68861264375e-014, 5.31502162974e-014, 1.07987871303e-013, 5.48895306919e-014, 2.7412527272e-014, 2.98791210957e-014, 1.54524474677e-014, 7.13706996741e-015]
    },
    "mfcc": {
        "mean": [-758.872924805, 197.316299438, 32.4772987366, 13.2287797928, 15.8557310104, -2.65283274651, -8.25093269348, 1.53076958656, -3.31241679192, -7.25255584717, -9.50798416138, -5.1922545433, -4.94565486908],
        "cov": [[3929.76611328, -1134.12561035, -622.61907959, 368.003143311, 192.979629517, -430.143951416, -119.540901184, 174.777069092, -297.053619385, -24.3872394562, 10.9565010071, -61.0043945313, 135.953781128], [-1134.12561035, 1095.3145752, 99.0645294189, -250.539642334, -118.690101624, 160.075805664, 4.68072605133, -81.8335571289, 98.3199386597, 11.1578054428, 2.05678677559, 22.1238098145, -68.5205001831], [-622.61907959, 99.0645294189, 378.741668701, -72.4241714478, -56.7423019409, 115.108795166, 2.6877219677, -75.3426208496, 76.9024353027, -0.741579771042, -6.07574272156, 6.49778795242, -13.6828489304], [368.003143311, -250.539642334, -72.4241714478, 300.06930542, 121.209602356, -156.179443359, -46.754776001, 47.4257240295, -78.9849395752, -25.8003883362, 0.428065031767, 3.15896630287, 21.6107845306], [192.979629517, -118.690101624, -56.7423019409, 121.209602356, 166.415603638, -72.3398284912, -36.7989959717, 36.1622428894, -48.5719604492, -10.1887331009, -10.717792511, 6.27356147766, 25.3891735077], [-430.143951416, 160.075805664, 115.108795166, -156.179443359, -72.3398284912, 248.373168945, 49.2484588623, -59.6205101013, 92.2623596191, 14.868727684, -26.7615356445, -6.59421634674, -27.1548614502], [-119.540901184, 4.68072605133, 2.6877219677, -46.754776001, -36.7989959717, 49.2484588623, 115.515411377, 13.0992851257, 31.0794849396, 3.30690264702, 1.31771206856, -9.17009544373, -22.1613960266], [174.777069092, -81.8335571289, -75.3426208496, 47.4257240295, 36.1622428894, -59.6205101013, 13.0992851257, 105.297355652, -27.4933414459, -9.37621307373, 1.72922086716, -6.23508358002, 17.5878543854], [-297.053619385, 98.3199386597, 76.9024353027, -78.9849395752, -48.5719604492, 92.2623596191, 31.0794849396, -27.4933414459, 122.781051636, 17.0571651459, -12.1612949371, -2.92911100388, -26.1482906342], [-24.3872394562, 11.1578054428, -0.741579771042, -25.8003883362, -10.1887331009, 14.868727684, 3.30690264702, -9.37621307373, 17.0571651459, 74.038772583, 19.0051689148, 3.41351723671, -2.35182642937], [10.9565010071, 2.05678677559, -6.07574272156, 0.428065031767, -10.717792511, -26.7615356445, 1.31771206856, 1.72922086716, -12.1612949371, 19.0051689148, 67.1494903564, 16.8642444611, -8.53186321259], [-61.0043945313, 22.1238098145, 6.49778795242, 3.15896630287, 6.27356147766, -6.59421634674, -9.17009544373, -6.23508358002, -2.92911100388, 3.41351723671, 16.8642444611, 58.5005569458, 7.52136802673], [135.953781128, -68.5205001831, -13.6828489304, 21.6107845306, 25.3891735077, -27.1548614502, -22.1613960266, 17.5878543854, -26.1482906342, -2.35182642937, -8.53186321259, 7.52136802673, 69.9471359253]],
        "icov": [[0.000562172208447, 0.000465933117084, 0.000694583693985, 8.67799753905e-005, 0.000157071452122, 0.000237583037233, 0.000404704682296, 9.04625921976e-005, 0.000348544475855, 1.6269777916e-005, -3.52836104867e-005, 0.000477909197798, -0.000311335519655], [0.000465933117084, 0.00163596181665, 0.000598758575507, 0.000974715396296, 0.000233736529481, 7.9430086771e-005, 0.000915632874239, 0.000235124462051, 4.38433053205e-005, 0.00026887608692, 4.93241786899e-005, -0.000223021765123, 0.000745360739529], [0.000694583693985, 0.000598758575507, 0.00443882262334, -0.000201417788048, 0.000580664956942, -0.000749243015889, 0.000934489129577, 0.00183132372331, -0.00115148723125, 0.000928595720325, -0.000712398730684, 0.000436887785327, -0.00103210483212], [8.67799753905e-005, 0.000974715396296, -0.000201417788048, 0.00702150724828, -0.00305553828366, 0.00285484432243, 0.00074636109639, -0.000111271583592, 0.000734259199817, 0.0010128490394, 0.000634038064163, -0.000275013095234, 0.00147470319644], [0.000157071452122, 0.000233736529481, 0.000580664956942, -0.00305553828366, 0.00964556168765, -0.000310487113893, 0.00171727011912, -0.00170307070948, 0.00118971941993, -0.000724353594705, 0.00207457551733, -0.00119061162695, -0.000866568821948], [0.000237583037233, 7.9430086771e-005, -0.000749243015889, 0.00285484432243, -0.000310487113893, 0.00865186285228, -0.00195598509163, 0.0023370150011, -0.00234432378784, -0.000567855022382, 0.00299755041488, 0.000109572443762, 0.00030998812872], [0.000404704682296, 0.000915632874239, 0.000934489129577, 0.00074636109639, 0.00171727011912, -0.00195598509163, 0.0119670908898, -0.00344708305784, -0.00104317988735, 0.000426702841651, -0.000835249316879, 0.00084299989976, 0.00277001480572], [9.04625921976e-005, 0.000235124462051, 0.00183132372331, -0.000111271583592, -0.00170307070948, 0.0023370150011, -0.00344708305784, 0.0138274626806, -0.000508344906848, 0.00131268962286, -0.000756018736865, 0.00169120251667, -0.00301638827659], [0.000348544475855, 4.38433053205e-005, -0.00115148723125, 0.000734259199817, 0.00118971941993, -0.00234432378784, -0.00104317988735, -0.000508344906848, 0.0138077409938, -0.00284725846723, 0.00292241992429, -0.000525509705767, 0.00284772319719], [1.6269777916e-005, 0.00026887608692, 0.000928595720325, 0.0010128490394, -0.000724353594705, -0.000567855022382, 0.000426702841651, 0.00131268962286, -0.00284725846723, 0.0160450041294, -0.0057281688787, 0.000724419078324, -0.00135341985151], [-3.52836104867e-005, 4.93241786899e-005, -0.000712398730684, 0.000634038064163, 0.00207457551733, 0.00299755041488, -0.000835249316879, -0.000756018736865, 0.00292241992429, -0.0057281688787, 0.0206051487476, -0.00610440922901, 0.00418742187321], [0.000477909197798, -0.000223021765123, 0.000436887785327, -0.000275013095234, -0.00119061162695, 0.000109572443762, 0.00084299989976, 0.00169120251667, -0.000525509705767, 0.000724419078324, -0.00610440922901, 0.0202694628388, -0.00375663791783], [-0.000311335519655, 0.000745360739529, -0.00103210483212, 0.00147470319644, -0.000866568821948, 0.00030998812872, 0.00277001480572, -0.00301638827659, 0.00284772319719, -0.00135341985151, 0.00418742187321, -0.00375663791783, 0.0189790204167]]
    },
    "spectral_contrast_coeffs": {
        "mean": [-0.557266831398, -0.723136842251, -0.757583200932, -0.797194182873, -0.793166160583, -0.808664143085],
        "var": [0.00514917029068, 0.00512827001512, 0.0029327950906, 0.00150087126531, 0.00321781355888, 0.0011457009241]
    },
    "spectral_contrast_valleys": {
        "mean": [-7.29912900925, -6.70310592651, -8.13129043579, -8.93847751617, -9.54480934143, -11.9751529694],
        "var": [0.750721037388, 0.822751581669, 0.77442330122, 0.853132307529, 1.22126972675, 1.26055705547]
    }
},
"metadata": {
    "audio_properties": {
        "analysis_sample_rate": 44100,
        "bit_rate": 114850,
        "equal_loudness": 0,
        "length": 45.0873451233,
        "lossless": 0,
        "replay_gain": -7.16985321045,
        "sample_rate": 44100,
        "codec": "mp3",
        "downmix": "mix",
        "md5_encoded": "80ab22b7f23bcf90cbd957e102116cb4"
    },
    "tags": {
        "file_name": "565.mp3"
    },
    "version": {
        "essentia": "2.1-beta2",
        "essentia_git_sha": "v2.1_beta2",
        "extractor": "music 1.0"
    }
},
"rhythm": {
    "beats_count": 119,
    "beats_loudness": {
        "mean": 0.0303175672889,
        "var": 0.000564868387301
    },
    "bpm": 162.115890503,
    "bpm_histogram_first_peak_bpm": {
        "mean": 161,
        "var": 0
    },
    "bpm_histogram_first_peak_spread": {
        "mean": 0.361904770136,
        "var": 0
    },
    "bpm_histogram_first_peak_weight": {
        "mean": 0.567796587944,
        "var": 0
    },
    "bpm_histogram_second_peak_bpm": {
        "mean": 167,
        "var": 0
    },
    "bpm_histogram_second_peak_spread": {
        "mean": 0,
        "var": 0
    },
    "bpm_histogram_second_peak_weight": {
        "mean": 0.0762711837888,
        "var": 0
    },
    "danceability": 0.985811233521,
    "onset_rate": 4.43412160873,
    "beats_loudness_band_ratio": {
        "mean": [0.605626046658, 0.34477481246, 0.115553490818, 0.0519338026643, 0.0126884998754, 0.00180827232543],
        "var": [0.0238779634237, 0.0234659574926, 0.00812305230647, 0.00893954094499, 0.00024373762426, 7.89817295299e-006]
    },
    "beats_position": [0.394739210606, 0.812698423862, 1.24226760864, 1.66022670269, 2.06657600403, 2.4497051239, 2.80961441994, 3.1811337471, 3.55265307426, 3.92417216301, 4.29569149017, 4.67882061005, 5.06195020676, 5.44507932663, 5.8282084465, 6.19972801208, 6.58285713196, 6.96598625183, 7.33750534058, 7.72063493729, 8.10376358032, 8.47528362274, 8.85841274261, 9.24154186249, 9.62467098236, 10.0078001022, 10.379319191, 10.7508392334, 11.110748291, 11.4706573486, 11.8537864685, 12.2253055573, 12.6084346771, 12.9799547195, 13.3514738083, 13.722992897, 14.0945119858, 14.4660310745, 14.8491611481, 15.2206802368, 15.6038093567, 15.9753284454, 16.3584575653, 16.7299766541, 17.1131057739, 17.4962348938, 17.8677539825, 18.2508831024, 18.6224040985, 18.9939231873, 19.365442276, 19.7253513336, 20.0968704224, 20.4799995422, 20.851518631, 21.2230377197, 21.5829467773, 21.942855835, 22.3143768311, 22.6858959198, 23.0574150085, 23.4289340973, 23.800453186, 24.1719722748, 24.5434913635, 24.9150104523, 25.286529541, 25.6580486298, 26.0411777496, 26.4126987457, 26.7842178345, 27.1557369232, 27.5388660431, 27.9103851318, 28.2819042206, 28.6650333405, 29.0481624603, 29.4196815491, 29.7795906067, 30.1511096954, 30.5342407227, 30.8941497803, 31.2540588379, 31.6371879578, 32.0203170776, 32.391834259, 32.7633552551, 33.1348762512, 33.5063934326, 33.8779144287, 34.2494316101, 34.63256073, 35.0040817261, 35.3872108459, 35.7587280273, 36.1302490234, 36.5133781433, 36.8965072632, 37.2680282593, 37.6395454407, 38.0110664368, 38.3825836182, 38.7541046143, 39.1256217957, 39.4971427917, 39.8686599731, 40.251789093, 40.6233100891, 41.006439209, 41.3779602051, 41.761089325, 42.1442184448, 42.5157356262, 42.8872566223, 43.2587738037, 43.6302947998, 44.0018119812, 44.3733329773, 44.7564620972]
},
"tonal": {
    "chords_changes_rate": 0.0390946492553,
    "chords_number_rate": 0.00617283955216,
    "chords_strength": {
        "mean": 0.576029896736,
        "var": 0.00833366438746
    },
    "hpcp_entropy": {
        "mean": 1.89954507351,
        "var": 0.472380965948
    },
    "key_strength": 0.661526024342,
    "tuning_diatonic_strength": 0.625793755054,
    "tuning_equal_tempered_deviation": 0.315777599812,
    "tuning_frequency": 450.024475098,
    "tuning_nontempered_energy_ratio": 0.985608816147,
    "hpcp": {
        "mean": [0.00988193880767, 0.0197903066874, 0.0456160083413, 0.0761604979634, 0.124274969101, 0.147212505341, 0.101715482771, 0.0563593432307, 0.0436783879995, 0.0643226876855, 0.234724089503, 0.476637035608, 0.388850212097, 0.143283426762, 0.0635482147336, 0.0444746688008, 0.047637835145, 0.072669506073, 0.107734046876, 0.14959743619, 0.157722607255, 0.11244815588, 0.0694437101483, 0.0436218939722, 0.0286759324372, 0.041593965143, 0.0758893489838, 0.102025568485, 0.109962172806, 0.108833268285, 0.147097855806, 0.263163268566, 0.310446530581, 0.175233528018, 0.0445325374603, 0.0140050072223],
        "var": [0.00335699156858, 0.00771917169914, 0.0224821846932, 0.0433878302574, 0.0578824393451, 0.0595617927611, 0.0430269129574, 0.0305204093456, 0.0217902474105, 0.0292314141989, 0.0661738216877, 0.162041977048, 0.123780466616, 0.0520115420222, 0.0222378801554, 0.0219487771392, 0.0198681186885, 0.0309373401105, 0.0546980798244, 0.0768049359322, 0.0735376104712, 0.0448384657502, 0.0245240349323, 0.0133392680436, 0.00717733195052, 0.0136796105653, 0.02704821527, 0.0413544587791, 0.0379425995052, 0.0349960960448, 0.0476512908936, 0.0868705138564, 0.0964013263583, 0.0434996113181, 0.00837787985802, 0.00309869740158]
    },
    "chords_histogram": [70.576133728, 0, 8.74485588074, 9.05349826813, 0, 0, 0, 5.24691343307, 0, 0, 0, 0, 0, 0, 0, 0, 0.617283940315, 0, 0, 4.21810722351, 0, 0.102880656719, 0.102880656719, 1.33744859695],
    "thpcp": [1, 0.815820395947, 0.300613284111, 0.133326217532, 0.0933092981577, 0.0999457240105, 0.152462989092, 0.226029530168, 0.313860297203, 0.330907166004, 0.235919892788, 0.1456951648, 0.091520152986, 0.0601630397141, 0.0872654914856, 0.159218326211, 0.214052960277, 0.230704218149, 0.228335738182, 0.308616071939, 0.552125096321, 0.65132689476, 0.367645651102, 0.0934307128191, 0.0293829608709, 0.0207326281816, 0.0415207073092, 0.0957038700581, 0.159787207842, 0.260732918978, 0.308856636286, 0.21340239048, 0.118243731558, 0.0916386768222, 0.134951084852, 0.492458760738],
    "chords_key": "C",
    "chords_scale": "minor",
    "key_key": "C",
    "key_scale": "minor"
}
}