{
"lowlevel": {
    "average_loudness": 0.882605910301,
    "barkbands_crest": {
        "mean": 11.8810949326,
        "var": 17.874956131
    },
    "barkbands_flatness_db": {
        "mean": 0.23918196559,
        "var": 0.00443043885753
    },
    "barkbands_kurtosis": {
        "mean": 11.2016305923,
        "var": 146.217376709
    },
    "barkbands_skewness": {
        "mean": 2.33467936516,
        "var": 1.22204482555
    },
    "barkbands_spread": {
        "mean": 8.42983436584,
        "var": 41.9897651672
    },
    "dissonance": {
        "mean": 0.424067944288,
        "var": 0.00175930012483
    },
    "dynamic_complexity": 3.25933790207,
    "erbbands_crest": {
        "mean": 11.7799720764,
        "var": 28.4082164764
    },
    "erbbands_flatness_db": {
        "mean": 0.222609221935,
        "var": 0.00245824642479
    },
    "erbbands_kurtosis": {
        "mean": 2.23897695541,
        "var": 35.455165863
    },
    "erbbands_skewness": {
        "mean": 1.13455402851,
        "var": 0.900511920452
    },
    "erbbands_spread": {
        "mean": 28.6979103088,
        "var": 195.609649658
    },
    "hfc": {
        "mean": 10.6642932892,
        "var": 84.9469070435
    },
    "melbands_crest": {
        "mean": 15.7188453674,
        "var": 20.9122943878
    },
    "melbands_flatness_db": {
        "mean": 0.304428875446,
        "var": 0.00636776117608
    },
    "melbands_kurtosis": {
        "mean": 19.4860954285,
        "var": 320.387908936
    },
    "melbands_skewness": {
        "mean": 2.95543622971,
        "var": 2.12041378021
    },
    "melbands_spread": {
        "mean": 9.00308132172,
        "var": 79.7948532104
    },
    "pitch_salience": {
        "mean": 0.482705056667,
        "var": 0.0143688442186
    },
    "silence_rate_20dB": {
        "mean": 1,
        "var": 0
    },
    "silence_rate_30dB": {
        "mean": 0.995368003845,
        "var": 0.00461039831862
    },
    "silence_rate_60dB": {
        "mean": 0.0566134825349,
        "var": 0.053408421576
    },
    "spectral_centroid": {
        "mean": 629.276916504,
        "var": 242621.78125
    },
    "spectral_complexity": {
        "mean": 11.0720539093,
        "var": 29.6529846191
    },
    "spectral_decrease": {
        "mean": -6.76813716183e-009,
        "var": 2.53023084657e-017
    },
    "spectral_energy": {
        "mean": 0.0265117902309,
        "var": 0.000387604814023
    },
    "spectral_energyband_high": {
        "mean": 0.000144909179653,
        "var": 8.1509149652e-008
    },
    "spectral_energyband_low": {
        "mean": 0.00716406339779,
        "var": 5.79414190724e-005
    },
    "spectral_energyband_middle_high": {
        "mean": 0.00212756521069,
        "var": 7.58315445637e-006
    },
    "spectral_energyband_middle_low": {
        "mean": 0.0191203448921,
        "var": 0.00027344431146
    },
    "spectral_entropy": {
        "mean": 6.48799133301,
        "var": 0.318070054054
    },
    "spectral_flux": {
        "mean": 0.0490717478096,
        "var": 0.00146088958718
    },
    "spectral_kurtosis": {
        "mean": 11.2398614883,
        "var": 281.329406738
    },
    "spectral_rms": {
        "mean": 0.00472411280498,
        "var": 3.54787266588e-006
    },
    "spectral_rolloff": {
        "mean": 587.171447754,
        "var": 825090.5625
    },
    "spectral_skewness": {
        "mean": 2.2737185955,
        "var": 1.19316232204
    },
    "spectral_spread": {
        "mean": 2970013.25,
        "var": 2.1366678487e+012
    },
    "spectral_strongpeak": {
        "mean": 0.994250237942,
        "var": 0.900381505489
    },
    "zerocrossingrate": {
        "mean": 0.0276613961905,
        "var": 0.000667624990456
    },
    "barkbands": {
        "mean": [4.33814147982e-006, 0.00182220514398, 0.00333408010192, 0.00372758158483, 0.00526674231514, 0.00428344262764, 0.00352640962228, 0.00166958617046, 0.000554298690986, 0.000664820137899, 0.000255104387179, 0.000238085151068, 0.000283093511825, 0.000199416535906, 0.000136976828799, 0.000100468743767, 0.000132497458253, 6.7197586759e-005, 7.74895670475e-005, 4.27968370786e-005, 6.47610577289e-005, 2.99135917885e-005, 1.30156849991e-005, 9.91479100776e-006, 5.08293351231e-006, 2.41077395913e-006, 9.70698650349e-008],
        "var": [9.67814300923e-011, 4.30113186667e-006, 2.58318232227e-005, 2.08015335375e-005, 6.0306971136e-005, 8.61061998876e-005, 5.06972792209e-005, 3.17236917908e-005, 1.37944073231e-006, 3.40833707924e-006, 4.48111507012e-007, 2.85807686851e-007, 6.59492116029e-007, 1.82153399919e-007, 5.32082395921e-008, 3.48921957993e-008, 6.53727809663e-008, 1.89379978366e-008, 2.19991278527e-008, 5.89478155177e-009, 1.22142616021e-008, 3.56155038794e-009, 1.01921759921e-009, 3.18706927516e-009, 1.25002541651e-009, 5.13443343397e-010, 1.64083557939e-012]
    },
    "erbbands": {
        "mean": [0.0164693556726, 0.567889869213, 3.40282154083, 9.15405082703, 15.9015703201, 18.7073612213, 16.6892356873, 38.2595176697, 54.6751327515, 40.5450630188, 34.7115936279, 13.9565849304, 12.8694887161, 23.6704998016, 10.4639444351, 11.4871816635, 14.0860748291, 11.0798072815, 7.67563009262, 5.62943458557, 7.1398897171, 6.60998058319, 3.98856067657, 4.05670166016, 3.18400931358, 2.45109224319, 3.09039354324, 1.69708919525, 1.10125410557, 0.61518996954, 0.326437205076, 0.2135348171, 0.152946412563, 0.0722938030958, 0.0317077040672, 0.0121067110449, 0.00412934971973, 0.000547766278032, 2.75240199699e-005, 3.02826047118e-005],
        "var": [0.000388141575968, 0.393019735813, 21.6557674408, 110.724639893, 366.092346191, 1326.7824707, 1117.08007813, 6266.63818359, 12292.0498047, 9333.61621094, 11435.9404297, 821.041931152, 597.673583984, 4594.65820313, 420.013122559, 617.838745117, 1549.95056152, 464.162384033, 183.641906738, 73.6817550659, 169.603775024, 165.939544678, 52.3918266296, 59.3107452393, 27.709487915, 19.2907600403, 28.9630584717, 10.6072301865, 5.37713241577, 1.76921057701, 0.724342942238, 1.52001535892, 0.601620674133, 0.205694884062, 0.075396053493, 0.0122143747285, 0.00165378069505, 3.02828157146e-005, 2.41072122265e-008, 5.31407862159e-010]
    },
    "gfcc": {
        "mean": [-78.1767730713, 158.105117798, -121.718994141, 38.1556587219, -58.738735199, -2.40340924263, -32.5810661316, -12.5046463013, -16.9936656952, -6.63489484787, -7.66394996643, -14.8189353943, -4.26214122772],
        "cov": [[8226.76757813, -1048.38769531, -915.226135254, -8.59126281738, -1001.2824707, -95.6409301758, -199.237487793, 327.457183838, -167.948745728, 202.00227356, -231.198287964, 231.185455322, -312.069000244], [-1048.38769531, 906.745910645, 206.979385376, -20.585691452, 329.669250488, -20.5123748779, 108.284004211, -201.260223389, 27.8675117493, -128.525726318, 108.730514526, -152.814819336, 103.362449646], [-915.226135254, 206.979385376, 604.46105957, 9.60440254211, 202.701416016, 41.5014686584, -16.3455257416, -66.3124313354, -75.5148239136, -27.5157585144, -7.69092750549, -57.4451141357, 12.8653430939], [-8.59126281738, -20.585691452, 9.60440254211, 336.019226074, 61.2476387024, 63.0784301758, 36.490146637, -5.47218990326, 25.7688846588, -54.2364807129, -20.4598045349, -65.1173171997, -9.16263103485], [-1001.2824707, 329.669250488, 202.701416016, 61.2476387024, 369.772583008, 69.0144882202, 36.7119293213, -64.2414016724, 15.3085784912, -50.487323761, 31.0684337616, -43.5298614502, 59.2611846924], [-95.6409301758, -20.5123748779, 41.5014686584, 63.0784301758, 69.0144882202, 139.905914307, 36.628200531, 29.7309703827, 3.59273386002, 11.0213756561, 6.09779691696, 7.76776123047, 14.9066848755], [-199.237487793, 108.284004211, -16.3455257416, 36.490146637, 36.7119293213, 36.628200531, 149.13269043, 15.8011760712, 39.2033424377, -5.6681137085, -1.53391218185, -28.3128166199, -14.019698143], [327.457183838, -201.260223389, -66.3124313354, -5.47218990326, -64.2414016724, 29.7309703827, 15.8011760712, 183.031265259, 52.460144043, 62.7304725647, -35.2945556641, 36.6040153503, -14.5929870605], [-167.948745728, 27.8675117493, -75.5148239136, 25.7688846588, 15.3085784912, 3.59273386002, 39.2033424377, 52.460144043, 133.63873291, 31.2604675293, 3.53730154037, -8.75467681885, 3.94407916069], [202.00227356, -128.525726318, -27.5157585144, -54.2364807129, -50.487323761, 11.0213756561, -5.6681137085, 62.7304725647, 31.2604675293, 126.19934082, 5.86934423447, 35.210735321, -21.0370445251], [-231.198287964, 108.730514526, -7.69092750549, -20.4598045349, 31.0684337616, 6.09779691696, -1.53391218185, -35.2945556641, 3.53730154037, 5.86934423447, 103.224914551, 16.4208335876, 33.6363372803], [231.185455322, -152.814819336, -57.4451141357, -65.1173171997, -43.5298614502, 7.76776123047, -28.3128166199, 36.6040153503, -8.75467681885, 35.210735321, 16.4208335876, 142.183135986, 36.9787483215], [-312.069000244, 103.362449646, 12.8653430939, -9.16263103485, 59.2611846924, 14.9066848755, -14.019698143, -14.5929870605, 3.94407916069, -21.0370445251, 33.6363372803, 36.9787483215, 121.034790039]],
        "icov": [[0.000343415740645, -0.000784517615102, 0.000461357587483, -0.000509330420755, 0.000862697721459, -0.000363668776117, 0.000808518845588, -0.000637653982267, 0.000880985462572, -0.000535284110811, 0.000907438574359, -0.0010297546396, 0.00104766502045], [-0.000784517615102, 0.00662280479446, -0.00154010788538, 0.00297166453674, -0.00426475284621, 0.00242239795625, -0.00497659994289, 0.00385915813968, -0.00343537493609, 0.00315814302303, -0.00519471056759, 0.00676581123844, -0.00557387573645], [0.000461357587483, -0.00154010788538, 0.00309057184495, -0.000677824486047, -1.74749766302e-005, -0.000933047209401, 0.00176644034218, -0.000998968607746, 0.00287487264723, -0.00154485134408, 0.00208825850859, -0.000929620116949, 0.00167407281697], [-0.000509330420755, 0.00297166453674, -0.000677824486047, 0.00549663975835, -0.00216141482815, -0.0010742994491, -0.00214162142947, 0.00189195491839, -0.00291365967132, 0.00339306448586, -0.00195361184888, 0.00456882640719, -0.00236047338694], [0.000862697721459, -0.00426475284621, -1.74749766302e-005, -0.00216141482815, 0.00797043927014, -0.00358461565338, 0.00302022811957, -0.00148070568684, 0.00110724032857, -0.00116053165402, 0.00319414376281, -0.00403390219435, 0.00252189510502], [-0.000363668776117, 0.00242239795625, -0.000933047209401, -0.0010742994491, -0.00358461565338, 0.011481278576, -0.0042413813062, -0.000827743322589, 0.00082122621825, -0.000778706744313, -0.0028022788465, 0.00132381590083, -0.00302632688545], [0.000808518845588, -0.00497659994289, 0.00176644034218, -0.00214162142947, 0.00302022811957, -0.0042413813062, 0.0123686073348, -0.00336894579232, 0.000686138286255, -0.00130575569347, 0.0038873439189, -0.00408034352586, 0.0059718103148], [-0.000637653982267, 0.00385915813968, -0.000998968607746, 0.00189195491839, -0.00148070568684, -0.000827743322589, -0.00336894579232, 0.0115717500448, -0.00545658776537, -0.000796847627498, 0.000240669905907, 0.002361160703, -0.00360743189231], [0.000880985462572, -0.00343537493609, 0.00287487264723, -0.00291365967132, 0.00110724032857, 0.00082122621825, 0.000686138286255, -0.00545658776537, 0.0142126958817, -0.00510948384181, 0.00245878123678, -0.00214620376937, 0.00207859673537], [-0.000535284110811, 0.00315814302303, -0.00154485134408, 0.00339306448586, -0.00116053165402, -0.000778706744313, -0.00130575569347, -0.000796847627498, -0.00510948384181, 0.0141819529235, -0.0048229820095, 0.00148461619392, 0.000278927880572], [0.000907438574359, -0.00519471056759, 0.00208825850859, -0.00195361184888, 0.00319414376281, -0.0028022788465, 0.0038873439189, 0.000240669905907, 0.00245878123678, -0.0048229820095, 0.0168538577855, -0.00639182794839, 0.00201719952747], [-0.0010297546396, 0.00676581123844, -0.000929620116949, 0.00456882640719, -0.00403390219435, 0.00132381590083, -0.00408034352586, 0.002361160703, -0.00214620376937, 0.00148461619392, -0.00639182794839, 0.0177229754627, -0.00967466179281], [0.00104766502045, -0.00557387573645, 0.00167407281697, -0.00236047338694, 0.00252189510502, -0.00302632688545, 0.0059718103148, -0.00360743189231, 0.00207859673537, 0.000278927880572, 0.00201719952747, -0.00967466179281, 0.0171374250203]]
    },
    "melbands": {
        "mean": [0.000325173401507, 0.00144721020479, 0.0017687616637, 0.00131255190354, 0.000631650327705, 0.000883631058969, 0.000820350658614, 0.000425771664595, 0.000246692623477, 7.64779688325e-005, 6.43431121716e-005, 0.000100608449429, 3.83799961128e-005, 2.84118505078e-005, 3.28796631948e-005, 2.44883358391e-005, 1.98623893084e-005, 1.18137722893e-005, 8.23784102977e-006, 6.72405121804e-006, 8.69249652169e-006, 7.31320596969e-006, 4.39812401964e-006, 3.66050858247e-006, 3.16153727908e-006, 3.23169683725e-006, 1.47158618802e-006, 1.50298888002e-006, 2.09404947782e-006, 1.32149364163e-006, 8.71322299645e-007, 6.84595306666e-007, 4.19976032617e-007, 3.24400133422e-007, 2.07174238653e-007, 1.13084887232e-007, 1.43980827261e-007, 1.01579828993e-007, 9.63267794418e-008, 4.79809330045e-008],
        "var": [1.37813472634e-007, 3.37543929163e-006, 3.34227729581e-006, 3.97169196731e-006, 1.29773388835e-006, 3.53100517714e-006, 2.7232042612e-006, 1.15805573841e-006, 5.45617297121e-007, 2.62285038133e-008, 1.65688636145e-008, 8.94768987791e-008, 9.19379861131e-009, 3.98804544943e-009, 6.88224366385e-009, 2.69797695296e-009, 1.85561321864e-009, 5.44710387906e-010, 2.2478707784e-010, 1.06704305114e-010, 2.91834778565e-010, 2.45368614316e-010, 6.72426281323e-011, 7.44675501818e-011, 4.08167076527e-011, 3.60985998038e-011, 6.58872652617e-012, 8.29456555523e-012, 1.45076520242e-011, 5.69484043256e-012, 3.4761785464e-012, 2.24330406681e-012, 9.65447340129e-013, 5.93533739952e-013, 3.22968431513e-013, 1.29168052122e-013, 9.85866770165e-013, 2.45628495842e-013, 3.23594531162e-013, 1.06200137118e-013]
    },
    "mfcc": {
        "mean": [-715.072143555, 171.031143188, 2.06448817253, 37.8261833191, -1.60687983036, 10.077922821, -6.01005315781, -7.3480591774, -5.33409786224, -2.2731719017, -4.72609376907, 0.748443961143, -1.34408926964],
        "cov": [[6178.046875, -930.433410645, -576.179260254, 11.3496952057, -792.59576416, -331.202178955, -389.836914063, 67.4569091797, -105.187232971, -53.8057937622, 192.969848633, 76.2507781982, -143.398330688], [-930.433410645, 847.200561523, 75.3170166016, 9.06463718414, 152.919998169, 108.286735535, 138.261734009, -52.6831932068, -17.06042099, -13.3695163727, -41.2604179382, -12.5792970657, 6.76610422134], [-576.179260254, 75.3170166016, 411.030212402, 24.7255649567, 120.996025085, 42.1423797607, 85.3879928589, -31.4605941772, -8.62588977814, 11.9917554855, -19.3742313385, -44.2720298767, -30.0342788696], [11.3496952057, 9.06463718414, 24.7255649567, 203.78012085, 36.3562164307, 59.5185546875, 13.5615386963, 39.3126754761, 6.30585336685, 23.2489376068, 15.9630250931, -9.79809856415, -36.69373703], [-792.59576416, 152.919998169, 120.996025085, 36.3562164307, 333.904541016, 84.7489852905, 83.039390564, 1.56940329075, 37.6351318359, 4.97351312637, -59.4335250854, -27.9584197998, 35.2002983093], [-331.202178955, 108.286735535, 42.1423797607, 59.5185546875, 84.7489852905, 159.839996338, 68.2332077026, 20.9392490387, -1.17654871941, 8.17673397064, -6.23514080048, -7.47334480286, -14.4223623276], [-389.836914063, 138.261734009, 85.3879928589, 13.5615386963, 83.039390564, 68.2332077026, 147.636505127, 13.197052002, 1.00064957142, 14.552359581, -15.8513250351, -20.6529502869, -1.75132238865], [67.4569091797, -52.6831932068, -31.4605941772, 39.3126754761, 1.56940329075, 20.9392490387, 13.197052002, 114.585533142, 44.1402511597, 10.538983345, -3.07191824913, 2.57179403305, -0.636029303074], [-105.187232971, -17.06042099, -8.62588977814, 6.30585336685, 37.6351318359, -1.17654871941, 1.00064957142, 44.1402511597, 135.570419312, 48.3702583313, -1.53418827057, 3.2223649025, 13.4541988373], [-53.8057937622, -13.3695163727, 11.9917554855, 23.2489376068, 4.97351312637, 8.17673397064, 14.552359581, 10.538983345, 48.3702583313, 137.66192627, 47.4761657715, -6.31486988068, -2.49397611618], [192.969848633, -41.2604179382, -19.3742313385, 15.9630250931, -59.4335250854, -6.23514080048, -15.8513250351, -3.07191824913, -1.53418827057, 47.4761657715, 114.159645081, 31.5815429688, -13.6163158417], [76.2507781982, -12.5792970657, -44.2720298767, -9.79809856415, -27.9584197998, -7.47334480286, -20.6529502869, 2.57179403305, 3.2223649025, -6.31486988068, 31.5815429688, 102.424720764, 37.9556884766], [-143.398330688, 6.76610422134, -30.0342788696, -36.69373703, 35.2002983093, -14.4223623276, -1.75132238865, -0.636029303074, 13.4541988373, -2.49397611618, -13.6163158417, 37.9556884766, 122.225723267]],
        "icov": [[0.000296461657854, 0.000165467063198, 0.000219411653234, -0.000139562645927, 0.000388940563425, 0.000245901668677, 0.000166592988535, -0.000127526524011, 0.000139707495691, 0.000113868336484, -0.000169219114468, 9.94835045276e-006, 0.00023440431687], [0.000165467063198, 0.00166490487754, 0.000315662269713, -0.000116739254736, -9.02286701603e-005, -0.000401903031161, -0.00118141120765, 0.00100712000858, -3.26863082591e-005, 0.000238316308241, 0.000174194938154, -0.000226548843784, 0.000209578749491], [0.000219411653234, 0.000315662269713, 0.00337042217143, -0.000342125451425, -0.000662440026645, 0.000437414302723, -0.00149480393156, 0.00108316971455, 0.000181151553988, -2.14766150748e-005, -0.00013933730952, 0.000485367258079, 0.00100542628206], [-0.000139562645927, -0.000116739254736, -0.000342125451425, 0.00650218268856, -0.000954775197897, -0.00202114856802, 0.00102972460445, -0.00221715611406, 0.000659792334773, -0.000869497947861, -0.000734022818506, -1.58085804287e-005, 0.00158315617591], [0.000388940563425, -9.02286701603e-005, -0.000662440026645, -0.000954775197897, 0.0054762205109, -0.00137542851735, -0.000684997998178, 0.000649563386105, -0.00136762054171, 0.000235875282669, 0.00150401750579, 0.000766673067119, -0.00164913095068], [0.000245901668677, -0.000401903031161, 0.000437414302723, -0.00202114856802, -0.00137542851735, 0.00989275984466, -0.00286800810136, -0.00137080368586, 0.00108536961488, -3.99606724386e-005, -0.000364492123481, -0.000893229153007, 0.00144315417856], [0.000166592988535, -0.00118141120765, -0.00149480393156, 0.00102972460445, -0.000684997998178, -0.00286800810136, 0.011310572736, -0.00254620332271, 0.00122443900909, -0.00132643873803, 0.000120773693197, 0.00107482029125, -0.000271821103524], [-0.000127526524011, 0.00100712000858, 0.00108316971455, -0.00221715611406, 0.000649563386105, -0.00137080368586, -0.00254620332271, 0.0124656660482, -0.00429963273928, 0.000865084992256, 0.0009534584824, -0.000291785690933, -0.000237490952713], [0.000139707495691, -3.26863082591e-005, 0.000181151553988, 0.000659792334773, -0.00136762054171, 0.00108536961488, 0.00122443900909, -0.00429963273928, 0.010739305988, -0.00412054918706, 0.0012066795025, -0.000896540354006, 7.20302195987e-005], [0.000113868336484, 0.000238316308241, -2.14766150748e-005, -0.000869497947861, 0.000235875282669, -3.99606724386e-005, -0.00132643873803, 0.000865084992256, -0.00412054918706, 0.0109644131735, -0.00543007114902, 0.00244518904947, -0.000920009624679], [-0.000169219114468, 0.000174194938154, -0.00013933730952, -0.000734022818506, 0.00150401750579, -0.000364492123481, 0.000120773693197, 0.0009534584824, 0.0012066795025, -0.00543007114902, 0.0138654168695, -0.00495338719338, 0.0019069936825], [9.94835045276e-006, -0.000226548843784, 0.000485367258079, -1.58085804287e-005, 0.000766673067119, -0.000893229153007, 0.00107482029125, -0.000291785690933, -0.000896540354006, 0.00244518904947, -0.00495338719338, 0.0138142015785, -0.00486664939672], [0.00023440431687, 0.000209578749491, 0.00100542628206, 0.00158315617591, -0.00164913095068, 0.00144315417856, -0.000271821103524, -0.000237490952713, 7.20302195987e-005, -0.000920009624679, 0.0019069936825, -0.00486664939672, 0.0115044564009]]
    },
    "spectral_contrast_coeffs": {
        "mean": [-0.560180366039, -0.628924369812, -0.692051291466, -0.715788781643, -0.744023323059, -0.694684267044],
        "var": [0.00600598985329, 0.00957715604454, 0.00502864550799, 0.00234658643603, 0.00200433260761, 0.00232738885097]
    },
    "spectral_contrast_valleys": {
        "mean": [-7.65445566177, -7.30060148239, -8.48501014709, -9.03448390961, -9.08812618256, -12.5378103256],
        "var": [1.17322123051, 1.38047528267, 1.10249114037, 0.958065211773, 1.17086565495, 1.2183368206]
    }
},
"metadata": {
    "audio_properties": {
        "analysis_sample_rate": 44100,
        "bit_rate": 99799,
        "equal_loudness": 0,
        "length": 45.0873451233,
        "lossless": 0,
        "replay_gain": -9.89016532898,
        "sample_rate": 44100,
        "codec": "mp3",
        "downmix": "mix",
        "md5_encoded": "a9a46458510a9104a5db938d476096ff"
    },
    "tags": {
        "file_name": "574.mp3"
    },
    "version": {
        "essentia": "2.1-beta2",
        "essentia_git_sha": "v2.1_beta2",
        "extractor": "music 1.0"
    }
},
"rhythm": {
    "beats_count": 115,
    "beats_loudness": {
        "mean": 0.0382748320699,
        "var": 0.000491840241011
    },
    "bpm": 153.868789673,
    "bpm_histogram_first_peak_bpm": {
        "mean": 152,
        "var": 0
    },
    "bpm_histogram_first_peak_spread": {
        "mean": 0.0153846601024,
        "var": 0
    },
    "bpm_histogram_first_peak_weight": {
        "mean": 0.561403512955,
        "var": 0
    },
    "bpm_histogram_second_peak_bpm": {
        "mean": 157,
        "var": 0
    },
    "bpm_histogram_second_peak_spread": {
        "mean": 0.0212765857577,
        "var": 0
    },
    "bpm_histogram_second_peak_weight": {
        "mean": 0.403508782387,
        "var": 0
    },
    "danceability": 0.971836745739,
    "onset_rate": 2.79349660873,
    "beats_loudness_band_ratio": {
        "mean": [0.429806649685, 0.366922527552, 0.208815857768, 0.063634596765, 0.0178082175553, 0.0112233562395],
        "var": [0.0698171705008, 0.050956454128, 0.0357028096914, 0.00508961454034, 0.000517569540534, 0.000321399827953]
    },
    "beats_position": [0.417959183455, 0.847528338432, 1.26548755169, 1.67183673382, 2.0549659729, 2.4497051239, 2.83283448219, 3.22757363319, 3.62231278419, 4.00544214249, 4.38857126236, 4.78331041336, 5.17804956436, 5.5727891922, 5.95591831207, 6.33904743195, 6.73378658295, 7.12852573395, 7.51165533066, 7.90639448166, 8.28952407837, 8.68426322937, 9.07900238037, 9.47374153137, 9.86848068237, 10.2516098022, 10.6347389221, 11.0294780731, 11.4242172241, 11.807346344, 12.1904764175, 12.5852155685, 12.9799547195, 13.3746938705, 13.7462129593, 14.1409521103, 14.5356912613, 14.9304304123, 15.3135595322, 15.696688652, 16.0914287567, 16.4745578766, 16.8576869965, 17.2524261475, 17.6471652985, 18.0419044495, 18.4250335693, 18.8081626892, 19.2029018402, 19.5976409912, 19.9923801422, 20.3871192932, 20.7702484131, 21.153377533, 21.548116684, 21.942855835, 22.3375968933, 22.7207260132, 23.1038551331, 23.4985942841, 23.8933334351, 24.2764625549, 24.6712017059, 25.0543308258, 25.4490699768, 25.8321990967, 26.2153282166, 26.6100673676, 27.0048065186, 27.3879356384, 27.7710647583, 28.1658039093, 28.5605430603, 28.9436721802, 29.3268013, 29.7215423584, 30.1162815094, 30.5110206604, 30.8941497803, 31.2772789001, 31.6720180511, 32.0667572021, 32.449886322, 32.8330154419, 33.2277526855, 33.6224937439, 34.0172348022, 34.4003639221, 34.783493042, 35.1782302856, 35.572971344, 35.9561004639, 36.3392295837, 36.7339668274, 37.1287078857, 37.5234451294, 37.9181861877, 38.3013153076, 38.6844444275, 39.0791816711, 39.4739227295, 39.8570518494, 40.2401809692, 40.6349182129, 41.0296592712, 41.4127883911, 41.795917511, 42.1906585693, 42.585395813, 42.9685249329, 43.3632659912, 43.7463951111, 44.1411323547, 44.5358734131, 44.9306106567]
},
"tonal": {
    "chords_changes_rate": 0.0277777779847,
    "chords_number_rate": 0.00925925932825,
    "chords_strength": {
        "mean": 0.564708709717,
        "var": 0.010460739024
    },
    "hpcp_entropy": {
        "mean": 1.52064418793,
        "var": 0.426992446184
    },
    "key_strength": 0.736726760864,
    "tuning_diatonic_strength": 0.511272013187,
    "tuning_equal_tempered_deviation": 0.0900309383869,
    "tuning_frequency": 438.731048584,
    "tuning_nontempered_energy_ratio": 0.690495610237,
    "hpcp": {
        "mean": [0.272312253714, 0.172041639686, 0.0424049608409, 0.0178348142654, 0.0191175732762, 0.0871234163642, 0.18596367538, 0.128803253174, 0.0347519814968, 0.0351350642741, 0.0234540533274, 0.0386004522443, 0.0779420658946, 0.0586524792016, 0.0964377298951, 0.26157784462, 0.20651486516, 0.0319263078272, 0.0119690485299, 0.0212931632996, 0.113872781396, 0.24455241859, 0.164065316319, 0.0750611051917, 0.117064759135, 0.0681783035398, 0.0724432915449, 0.148359850049, 0.100756421685, 0.113772302866, 0.191378384829, 0.114650666714, 0.0493790619075, 0.0622932203114, 0.052232991904, 0.152205139399],
        "var": [0.121644228697, 0.0566968657076, 0.0177047774196, 0.00515720527619, 0.00598533824086, 0.0323140025139, 0.113820560277, 0.0567942410707, 0.00926776044071, 0.0193438194692, 0.00715887732804, 0.0147818429396, 0.0433211736381, 0.0204319879413, 0.0189886726439, 0.135875433683, 0.089125007391, 0.00381550914608, 0.00236468878575, 0.00828520394862, 0.0367601774633, 0.127441734076, 0.0630150735378, 0.0239751208574, 0.0959238186479, 0.0320567004383, 0.0226576346904, 0.0824600085616, 0.0332203060389, 0.0438252836466, 0.131315454841, 0.0535764507949, 0.0202475283295, 0.0369069464505, 0.017159698531, 0.0511607639492]
    },
    "chords_histogram": [22.3251037598, 6.17283964157, 16.0493831635, 0.205761313438, 13.271604538, 0, 0, 0, 0, 0, 0, 0, 0, 0, 0, 1.33744859695, 0, 0.925925910473, 13.8888893127, 0, 0, 3.80658435822, 18.2098770142, 3.80658435822],
    "thpcp": [1, 0.631780743599, 0.155721828341, 0.0654939860106, 0.0702046006918, 0.319939404726, 0.682906031609, 0.472998380661, 0.127618134022, 0.129024907947, 0.0861292630434, 0.141750693321, 0.286223143339, 0.215386852622, 0.354143917561, 0.960580527782, 0.758375227451, 0.117241539061, 0.0439533963799, 0.0781939253211, 0.418169885874, 0.898058831692, 0.602489650249, 0.275643497705, 0.429891645908, 0.250368118286, 0.266030222178, 0.544815182686, 0.370003253222, 0.41780090332, 0.70279020071, 0.421026468277, 0.181332498789, 0.228756576777, 0.191812857985, 0.558936059475],
    "chords_key": "D",
    "chords_scale": "major",
    "key_key": "D",
    "key_scale": "major"
}
}