{
"lowlevel": {
    "average_loudness": 0.703792691231,
    "barkbands_crest": {
        "mean": 10.3610467911,
        "var": 16.7022380829
    },
    "barkbands_flatness_db": {
        "mean": 0.194283992052,
        "var": 0.00250591756776
    },
    "barkbands_kurtosis": {
        "mean": 5.24888515472,
        "var": 33.8086700439
    },
    "barkbands_skewness": {
        "mean": 1.90201032162,
        "var": 1.07299983501
    },
    "barkbands_spread": {
        "mean": 15.3543701172,
        "var": 72.4613113403
    },
    "dissonance": {
        "mean": 0.464330345392,
        "var": 0.000606494548265
    },
    "dynamic_complexity": 3.45212125778,
    "erbbands_crest": {
        "mean": 7.35157108307,
        "var": 7.1036529541
    },
    "erbbands_flatness_db": {
        "mean": 0.192010447383,
        "var": 0.00436664652079
    },
    "erbbands_kurtosis": {
        "mean": -0.291405171156,
        "var": 1.12330985069
    },
    "erbbands_skewness": {
        "mean": 0.167339980602,
        "var": 0.386712759733
    },
    "erbbands_spread": {
        "mean": 36.6984062195,
        "var": 152.804840088
    },
    "hfc": {
        "mean": 11.8072128296,
        "var": 183.061096191
    },
    "melbands_crest": {
        "mean": 14.0681266785,
        "var": 21.3736724854
    },
    "melbands_flatness_db": {
        "mean": 0.27009677887,
        "var": 0.00427333591506
    },
    "melbands_kurtosis": {
        "mean": 14.5800275803,
        "var": 187.063674927
    },
    "melbands_skewness": {
        "mean": 2.9723751545,
        "var": 1.84054493904
    },
    "melbands_spread": {
        "mean": 16.0846366882,
        "var": 186.359329224
    },
    "pitch_salience": {
        "mean": 0.557161450386,
        "var": 0.011925152503
    },
    "silence_rate_20dB": {
        "mean": 1,
        "var": 0
    },
    "silence_rate_30dB": {
        "mean": 0.948506712914,
        "var": 0.0488421209157
    },
    "silence_rate_60dB": {
        "mean": 0.0798146277666,
        "var": 0.0734396204352
    },
    "spectral_centroid": {
        "mean": 1019.56713867,
        "var": 422176.96875
    },
    "spectral_complexity": {
        "mean": 17.173532486,
        "var": 50.9198951721
    },
    "spectral_decrease": {
        "mean": -7.85913290002e-009,
        "var": 8.25296824513e-017
    },
    "spectral_energy": {
        "mean": 0.0307331364602,
        "var": 0.00124474731274
    },
    "spectral_energyband_high": {
        "mean": 0.000174632819835,
        "var": 1.13879295327e-007
    },
    "spectral_energyband_low": {
        "mean": 0.0160287804902,
        "var": 0.000551628589164
    },
    "spectral_energyband_middle_high": {
        "mean": 0.00316725880839,
        "var": 1.72448635567e-005
    },
    "spectral_energyband_middle_low": {
        "mean": 0.0122244516388,
        "var": 0.000250922108535
    },
    "spectral_entropy": {
        "mean": 7.11108350754,
        "var": 0.174392297864
    },
    "spectral_flux": {
        "mean": 0.0540169142187,
        "var": 0.00241183536127
    },
    "spectral_kurtosis": {
        "mean": 9.66439914703,
        "var": 66.0659942627
    },
    "spectral_rms": {
        "mean": 0.00479923002422,
        "var": 6.95093149261e-006
    },
    "spectral_rolloff": {
        "mean": 943.013000488,
        "var": 1283448.375
    },
    "spectral_skewness": {
        "mean": 1.96179711819,
        "var": 0.637904405594
    },
    "spectral_spread": {
        "mean": 3230983.75,
        "var": 4.51446099149e+012
    },
    "spectral_strongpeak": {
        "mean": 0.543575704098,
        "var": 0.310710608959
    },
    "zerocrossingrate": {
        "mean": 0.0381525680423,
        "var": 0.000817819673102
    },
    "barkbands": {
        "mean": [0.000173088250449, 0.0108127472922, 0.00423007039353, 0.00199227081612, 0.00481075420976, 0.00222540413961, 0.00119503971655, 0.00144003331661, 0.000460366572952, 0.000683060963638, 0.000319149228744, 0.000465276621981, 0.000255062215729, 0.000171684252564, 0.00014597234258, 0.000233081053011, 0.000416863680584, 0.00040551496204, 8.77229540492e-005, 7.51153202145e-005, 3.39405705745e-005, 2.04916013899e-005, 2.25735639106e-005, 2.17506785702e-005, 2.22890648729e-005, 1.38385830724e-005, 1.80157111451e-009],
        "var": [1.65223625004e-007, 0.000302990461932, 5.02292168676e-005, 1.47772207129e-005, 4.19536336267e-005, 1.84793625522e-005, 1.00289462353e-005, 6.61530930302e-006, 7.47834860704e-007, 1.07912660496e-006, 6.34852938219e-007, 1.26696852476e-006, 1.01211867332e-006, 1.87291277598e-007, 4.87781797176e-008, 7.14368297849e-008, 2.40849402644e-007, 2.07335375535e-007, 1.75282064419e-008, 1.7242538064e-008, 5.80348169521e-009, 3.48176065756e-009, 2.73655720306e-009, 1.93908888946e-009, 2.42853492871e-009, 9.41776545638e-010, 4.25717912257e-016]
    },
    "erbbands": {
        "mean": [0.158432796597, 2.89197897911, 6.31060171127, 5.16882276535, 13.8992414474, 13.6364526749, 18.4588508606, 15.705655098, 17.030538559, 19.8742485046, 33.8543243408, 13.8824281693, 10.5727338791, 26.1088066101, 13.5683231354, 20.5171318054, 13.5753250122, 10.8871927261, 7.11381578445, 9.0740737915, 15.8790559769, 21.7501735687, 21.9332695007, 10.2070541382, 3.41021943092, 3.64698934555, 2.27038621902, 0.946995317936, 0.72295153141, 0.735274612904, 0.609113693237, 0.44751521945, 0.403221815825, 0.2672136724, 0.149351760745, 0.075618609786, 0.0243818666786, 0.00132835493423, 4.30725194747e-005, 3.63558538083e-005],
        "var": [0.0878665819764, 21.3921947479, 94.0073471069, 96.1365203857, 388.057373047, 441.476104736, 1042.88989258, 1204.87890625, 2189.18310547, 1602.31713867, 3276.8894043, 582.895690918, 188.14855957, 2273.10668945, 439.613983154, 2930.7722168, 3253.58300781, 754.570373535, 107.425079346, 176.280700684, 275.213317871, 715.368408203, 539.318969727, 131.938796997, 29.5257854462, 38.0454902649, 16.4281482697, 8.43970108032, 4.84799528122, 3.36212062836, 1.92091870308, 0.875621259212, 0.737697720528, 0.373241335154, 0.108950711787, 0.0279041472822, 0.00316327158362, 1.00940578704e-005, 5.6181113095e-009, 1.73281111682e-009]
    },
    "gfcc": {
        "mean": [-52.3431091309, 149.959579468, -126.364944458, 25.3968544006, -39.2972640991, -5.0578083992, -36.5123023987, 11.1090564728, -24.1666526794, -11.0044183731, -11.9550361633, -2.3876311779, -6.87188005447],
        "cov": [[9579.43945313, -2343.1015625, 1694.95776367, 901.38470459, -615.70715332, 1567.34899902, -699.545227051, 879.999084473, -209.307754517, 675.5859375, -224.768478394, 479.580718994, -356.805145264], [-2343.1015625, 2084.90161133, -1038.53381348, -298.593902588, 468.26965332, -811.735961914, 560.810974121, -461.636474609, 228.874069214, -352.812683105, 233.977386475, -296.861175537, 188.561355591], [1694.95776367, -1038.53381348, 1663.79541016, 124.640388489, -228.061676025, 1052.23217773, -341.221923828, 423.130828857, -67.9897689819, 309.431549072, -106.58568573, 223.424331665, -194.728622437], [901.38470459, -298.593902588, 124.640388489, 310.416290283, 51.9830665588, 125.878059387, -19.8588619232, 133.170684814, 6.64101648331, 55.9052047729, -3.06224775314, 40.9978713989, 6.65124368668], [-615.70715332, 468.26965332, -228.061676025, 51.9830665588, 339.894378662, -226.18258667, 206.148971558, -41.1915359497, 49.3232002258, -61.3541717529, 54.3510856628, -34.4464492798, 53.5773010254], [1567.34899902, -811.735961914, 1052.23217773, 125.878059387, -226.18258667, 824.984436035, -249.93737793, 305.827545166, -33.0755767822, 220.527420044, -68.1944885254, 149.294128418, -136.694274902], [-699.545227051, 560.810974121, -341.221923828, -19.8588619232, 206.148971558, -249.93737793, 313.658782959, -131.836029053, 98.7560806274, -58.9163208008, 61.1804733276, -62.3313941956, 54.2751312256], [879.999084473, -461.636474609, 423.130828857, 133.170684814, -41.1915359497, 305.827545166, -131.836029053, 248.170028687, -34.1823348999, 104.892623901, -31.9275226593, 75.9372329712, -50.5292205811], [-209.307754517, 228.874069214, -67.9897689819, 6.64101648331, 49.3232002258, -33.0755767822, 98.7560806274, -34.1823348999, 108.255325317, -11.6050691605, 44.6795578003, -26.4357223511, 16.476764679], [675.5859375, -352.812683105, 309.431549072, 55.9052047729, -61.3541717529, 220.527420044, -58.9163208008, 104.892623901, -11.6050691605, 167.257400513, -22.7904071808, 77.6944503784, -45.4982299805], [-224.768478394, 233.977386475, -106.58568573, -3.06224775314, 54.3510856628, -68.1944885254, 61.1804733276, -31.9275226593, 44.6795578003, -22.7904071808, 92.7761383057, -23.238697052, 38.2852859497], [479.580718994, -296.861175537, 223.424331665, 40.9978713989, -34.4464492798, 149.294128418, -62.3313941956, 75.9372329712, -26.4357223511, 77.6944503784, -23.238697052, 111.41734314, -32.7122268677], [-356.805145264, 188.561355591, -194.728622437, 6.65124368668, 53.5773010254, -136.694274902, 54.2751312256, -50.5292205811, 16.476764679, -45.4982299805, 38.2852859497, -32.7122268677, 91.4901657104]],
        "icov": [[0.000476184592117, -0.00109306676313, 0.000634542258922, -0.00176089920569, 0.00127680727746, -0.000700843811501, 0.000505574105773, -0.0009368135361, 0.00109847087879, -0.00142675230745, 0.000929842703044, -0.00155153940432, 0.00112512253691], [-0.00109306676313, 0.00637344131246, -0.00203291978687, 0.00642057089135, -0.00562317017466, 0.00190449040383, -0.00291704945266, 0.00414074212313, -0.0048285452649, 0.00592054706067, -0.00590663217008, 0.00721917627379, -0.0031695694197], [0.000634542258922, -0.00203291978687, 0.00485035777092, -0.00154746614862, 0.000371141941287, -0.00560817401856, 0.00194915605243, -0.00209438288584, 0.00184125523083, -0.00318730552681, 0.00248714839108, -0.00338521320373, 0.002023300156], [-0.00176089920569, 0.00642057089135, -0.00154746614862, 0.0130964340642, -0.00780179724097, 0.00134557497222, -0.00263059372082, 0.00177431688644, -0.00641042878851, 0.00623116269708, -0.00483158603311, 0.00734356418252, -0.00632546329871], [0.00127680727746, -0.00562317017466, 0.000371141941287, -0.00780179724097, 0.0126582309604, 0.00130775640719, -0.00241092755459, -0.00644751964137, 0.00570675963536, -0.00373277720064, 0.00344324554317, -0.00749122025445, 0.00333301443607], [-0.000700843811501, 0.00190449040383, -0.00560817401856, 0.00134557497222, 0.00130775640719, 0.0101363565773, -0.00160567439161, -0.000675504619721, -0.00331161497161, 0.0019620237872, -0.00261682970449, 0.00247258576564, -0.000183246331289], [0.000505574105773, -0.00291704945266, 0.00194915605243, -0.00263059372082, -0.00241092755459, -0.00160567439161, 0.0111246714368, 0.00146476563532, -0.00325566553511, -0.00492256879807, 0.0032822873909, -0.00249649072066, 0.00141805363819], [-0.0009368135361, 0.00414074212313, -0.00209438288584, 0.00177431688644, -0.00644751964137, -0.000675504619721, 0.00146476563532, 0.0145176742226, -0.00267800688744, 0.00223760004155, -0.00391007307917, 0.00488508865237, -0.00188085704576], [0.00109847087879, -0.0048285452649, 0.00184125523083, -0.00641042878851, 0.00570675963536, -0.00331161497161, -0.00325566553511, -0.00267800688744, 0.0201357994229, -0.00491221901029, -0.00124677259009, -0.00362123129889, 0.00394093059003], [-0.00142675230745, 0.00592054706067, -0.00318730552681, 0.00623116269708, -0.00373277720064, 0.0019620237872, -0.00492256879807, 0.00223760004155, -0.00491221901029, 0.0180818345398, -0.00574117619544, 0.00219832663424, -0.00266469176859], [0.000929842703044, -0.00590663217008, 0.00248714839108, -0.00483158603311, 0.00344324554317, -0.00261682970449, 0.0032822873909, -0.00391007307917, -0.00124677259009, -0.00574117619544, 0.0218580570072, -0.00638877181336, -0.00264966418035], [-0.00155153940432, 0.00721917627379, -0.00338521320373, 0.00734356418252, -0.00749122025445, 0.00247258576564, -0.00249649072066, 0.00488508865237, -0.00362123129889, 0.00219832663424, -0.00638877181336, 0.0238815117627, -0.00345077854581], [0.00112512253691, -0.0031695694197, 0.002023300156, -0.00632546329871, 0.00333301443607, -0.000183246331289, 0.00141805363819, -0.00188085704576, 0.00394093059003, -0.00266469176859, -0.00264966418035, -0.00345077854581, 0.0203512199223]]
    },
    "melbands": {
        "mean": [0.00228578574024, 0.00369028747082, 0.00117689848412, 0.00104140106123, 0.000619915430434, 0.000373667193344, 0.000260603381321, 0.000234782040934, 0.00025221685064, 6.99860902387e-005, 5.07882832608e-005, 0.000108802974864, 4.61024610559e-005, 5.06342257722e-005, 3.96419927711e-005, 2.75345882983e-005, 1.81477807928e-005, 9.92562763713e-006, 1.00501192719e-005, 1.60496038006e-005, 1.93602118088e-005, 2.32022684941e-005, 1.92903735297e-005, 2.28143962886e-005, 6.30581280348e-006, 2.48677247328e-006, 2.29476222557e-006, 2.43318618232e-006, 1.64763389421e-006, 7.97342636361e-007, 4.70552208753e-007, 3.90897241687e-007, 4.1388315708e-007, 4.06100781447e-007, 3.49913960918e-007, 3.26395024786e-007, 2.45803732923e-007, 2.96708975611e-007, 2.36212301274e-007, 2.24266926807e-007],
        "var": [1.50215582835e-005, 2.91624310194e-005, 3.2764687603e-006, 2.09071572499e-006, 1.02092462839e-006, 6.47701824619e-007, 4.97100131724e-007, 1.91551322359e-007, 1.68368700315e-007, 1.7587968415e-008, 4.41147252062e-009, 3.90758998492e-008, 6.63945609602e-009, 1.12456604029e-008, 2.08324930639e-008, 1.03422221898e-008, 1.96569671651e-009, 2.21765383834e-010, 2.99973434981e-010, 4.18478612874e-010, 4.55722487525e-010, 9.12001418829e-010, 5.52804746423e-010, 7.92737930855e-010, 5.86392323587e-011, 2.00557175034e-011, 1.35707018539e-011, 1.85379316064e-011, 9.15440206278e-012, 3.39774692756e-012, 2.87918625573e-012, 1.58291424673e-012, 1.32583679278e-012, 1.00185647538e-012, 6.74438423946e-013, 5.43042227939e-013, 2.57515336095e-013, 4.03552435609e-013, 3.02972924526e-013, 2.82612149828e-013]
    },
    "mfcc": {
        "mean": [-689.049194336, 173.665344238, -15.0515851974, 29.0569992065, 15.7983388901, -10.9227437973, 1.9163312912, 8.64199924469, -1.30731701851, -4.90542888641, -6.62693786621, 4.08144950867, -3.4273750782],
        "cov": [[5519.65917969, -1192.52172852, 793.025817871, 331.673919678, 173.429534912, 420.305236816, 115.311203003, 137.837158203, 176.614059448, 121.370559692, 199.72164917, 244.319091797, 267.47076416], [-1192.52172852, 1278.40100098, -466.217651367, 88.1730575562, -71.9928970337, -76.4736175537, 45.7365455627, -9.93899059296, -9.70874118805, -25.1766014099, 12.0677680969, 18.2943572998, -29.570274353], [793.025817871, -466.217651367, 1261.40258789, -394.118011475, 187.668716431, 380.226257324, 13.1451396942, 171.87677002, 52.3822822571, 72.8620147705, 144.81803894, 67.7401046753, 64.3126983643], [331.673919678, 88.1730575562, -394.118011475, 406.437713623, 33.957824707, -81.3949279785, 67.4699707031, -4.65917444229, 49.2616233826, 18.4884147644, -26.593416214, 21.9758987427, 15.5898237228], [173.429534912, -71.9928970337, 187.668716431, 33.957824707, 188.645263672, 46.7046661377, 46.9534873962, 71.9525222778, 27.7942180634, 22.78947258, 20.9967517853, 24.2776527405, 8.40728378296], [420.305236816, -76.4736175537, 380.226257324, -81.3949279785, 46.7046661377, 238.391326904, 39.0509414673, 67.3711853027, 48.502620697, 39.0770454407, 81.2326049805, 52.2971839905, 45.8535041809], [115.311203003, 45.7365455627, 13.1451396942, 67.4699707031, 46.9534873962, 39.0509414673, 104.957267761, 39.9732208252, 36.4711151123, 26.1128940582, 23.1043052673, 24.8421516418, 18.22123909], [137.837158203, -9.93899059296, 171.87677002, -4.65917444229, 71.9525222778, 67.3711853027, 39.9732208252, 113.155105591, 37.4359436035, 18.4676113129, 38.8614044189, 23.8124427795, 15.2473106384], [176.614059448, -9.70874118805, 52.3822822571, 49.2616233826, 27.7942180634, 48.502620697, 36.4711151123, 37.4359436035, 85.1327056885, 32.5257797241, 25.8598976135, 27.1275978088, 22.2754096985], [121.370559692, -25.1766014099, 72.8620147705, 18.4884147644, 22.78947258, 39.0770454407, 26.1128940582, 18.4676113129, 32.5257797241, 79.9389266968, 28.6153926849, 13.6120328903, 8.96654224396], [199.72164917, 12.0677680969, 144.81803894, -26.593416214, 20.9967517853, 81.2326049805, 23.1043052673, 38.8614044189, 25.8598976135, 28.6153926849, 99.3475112915, 40.0355796814, 26.7481098175], [244.319091797, 18.2943572998, 67.7401046753, 21.9758987427, 24.2776527405, 52.2971839905, 24.8421516418, 23.8124427795, 27.1275978088, 13.6120328903, 40.0355796814, 85.6042098999, 38.9863395691], [267.47076416, -29.570274353, 64.3126983643, 15.5898237228, 8.40728378296, 45.8535041809, 18.22123909, 15.2473106384, 22.2754096985, 8.96654224396, 26.7481098175, 38.9863395691, 65.2579650879]],
        "icov": [[0.000382658530725, 0.00031124506495, -0.000223398936214, -0.000667500542477, 0.000206201482797, -0.00026002919185, 7.54679567763e-005, 7.55502915126e-005, 0.000120310949569, 8.52073790156e-005, -0.000264515343588, -0.000388321786886, -0.000642674393021], [0.00031124506495, 0.0013023178326, 0.000569608178921, -0.000100380246295, 0.000214883839362, -0.000575346814003, -0.000401962111937, -0.000480054295622, 0.000249224307481, 0.000202117895242, -0.000734570552595, -0.000852990604471, 7.58705864428e-005], [-0.000223398936214, 0.000569608178921, 0.00390548910946, 0.00327529967763, -0.00256076850928, -0.00331204663962, 0.000894341093954, -0.00187705748249, 2.88197816189e-006, -0.00119109684601, -0.000243841685005, 8.00691559562e-005, -0.000396872375859], [-0.000667500542477, -0.000100380246295, 0.00327529967763, 0.00710924062878, -0.00282209715806, -0.000165397737874, -0.00153858750127, -0.000685457838699, -0.00235680234618, -0.00143866031431, 0.00110476766713, -0.000290997442789, -0.000443117314717], [0.000206201482797, 0.000214883839362, -0.00256076850928, -0.00282209715806, 0.00950325839221, 0.00182642252184, -0.0022961134091, -0.00323888612911, 0.000861015811097, 9.13122785278e-005, 0.000755589455366, -0.00150811357889, 0.00162512145471], [-0.00026002919185, -0.000575346814003, -0.00331204663962, -0.000165397737874, 0.00182642252184, 0.0114507377148, -0.00230422220193, 9.41472389968e-005, -0.0021705776453, -8.10354231362e-006, -0.00262855808251, -0.000872891454492, -0.0012102156179], [7.54679567763e-005, -0.000401962111937, 0.000894341093954, -0.00153858750127, -0.0022961134091, -0.00230422220193, 0.0149095868692, -0.00274672498927, -0.00157307635527, -0.00219815480523, -0.000283169327304, -0.000289974734187, -0.00148338929284], [7.55502915126e-005, -0.000480054295622, -0.00187705748249, -0.000685457838699, -0.00323888612911, 9.41472389968e-005, -0.00274672498927, 0.0161437224597, -0.00389615842141, 0.00198567262851, -0.00255310419016, 0.000552765268367, 0.000605902110692], [0.000120310949569, 0.000249224307481, 2.88197816189e-006, -0.00235680234618, 0.000861015811097, -0.0021705776453, -0.00157307635527, -0.00389615842141, 0.0189833622426, -0.00461113126948, 0.000151321000885, -0.00161407142878, -0.00200023432262], [8.52073790156e-005, 0.000202117895242, -0.00119109684601, -0.00143866031431, 9.13122785278e-005, -8.10354231362e-006, -0.00219815480523, 0.00198567262851, -0.00461113126948, 0.0169317256659, -0.00355364289135, 0.000770756450947, 0.00164728076197], [-0.000264515343588, -0.000734570552595, -0.000243841685005, 0.00110476766713, 0.000755589455366, -0.00262855808251, -0.000283169327304, -0.00255310419016, 0.000151321000885, -0.00355364289135, 0.0173102095723, -0.00408948631957, -0.0010625012219], [-0.000388321786886, -0.000852990604471, 8.00691559562e-005, -0.000290997442789, -0.00150811357889, -0.000872891454492, -0.000289974734187, 0.000552765268367, -0.00161407142878, 0.000770756450947, -0.00408948631957, 0.0196724459529, -0.00767629034817], [-0.000642674393021, 7.58705864428e-005, -0.000396872375859, -0.000443117314717, 0.00162512145471, -0.0012102156179, -0.00148338929284, 0.000605902110692, -0.00200023432262, 0.00164728076197, -0.0010625012219, -0.00767629034817, 0.0248807743192]]
    },
    "spectral_contrast_coeffs": {
        "mean": [-0.620754480362, -0.721308648586, -0.757519245148, -0.768793165684, -0.758060932159, -0.752927303314],
        "var": [0.00500638410449, 0.00322571722791, 0.00224258587696, 0.00120442674961, 0.00135612383019, 0.00346284219995]
    },
    "spectral_contrast_valleys": {
        "mean": [-7.21102952957, -6.7347073555, -7.48069906235, -8.17709732056, -8.17130184174, -12.0278978348],
        "var": [1.96903991699, 1.22923326492, 1.10949683189, 1.15007948875, 1.63639891148, 3.51405072212]
    }
},
"metadata": {
    "audio_properties": {
        "analysis_sample_rate": 44100,
        "bit_rate": 102206,
        "equal_loudness": 0,
        "length": 45.0612258911,
        "lossless": 0,
        "replay_gain": -3.09281730652,
        "sample_rate": 44100,
        "codec": "mp3",
        "downmix": "mix",
        "md5_encoded": "0afddb6d0f01b3849adbc56bd3e5058e"
    },
    "tags": {
        "file_name": "577.mp3"
    },
    "version": {
        "essentia": "2.1-beta2",
        "essentia_git_sha": "v2.1_beta2",
        "extractor": "music 1.0"
    }
},
"rhythm": {
    "beats_count": 97,
    "beats_loudness": {
        "mean": 0.0511123649776,
        "var": 0.00264097098261
    },
    "bpm": 129.99281311,
    "bpm_histogram_first_peak_bpm": {
        "mean": 129,
        "var": 0
    },
    "bpm_histogram_first_peak_spread": {
        "mean": 0.239583313465,
        "var": 0
    },
    "bpm_histogram_first_peak_weight": {
        "mean": 0.760416686535,
        "var": 0
    },
    "bpm_histogram_second_peak_bpm": {
        "mean": 0,
        "var": 0
    },
    "bpm_histogram_second_peak_spread": {
        "mean": 0,
        "var": 0
    },
    "bpm_histogram_second_peak_weight": {
        "mean": 0,
        "var": 0
    },
    "danceability": 1.09223687649,
    "onset_rate": 3.2163939476,
    "beats_loudness_band_ratio": {
        "mean": [0.454745739698, 0.273301333189, 0.159454002976, 0.0911919623613, 0.0803607478738, 0.01617699489],
        "var": [0.0597048923373, 0.0215836875141, 0.0143439965323, 0.00508696446195, 0.0131814060733, 0.000294230121654]
    },
    "beats_position": [0.452789098024, 0.905578196049, 1.369977355, 1.83437633514, 2.29877543449, 2.76317453384, 3.22757363319, 3.68036270142, 4.13315200806, 4.59755086899, 5.06195020676, 5.51473903656, 5.97913837433, 6.43192720413, 6.8963265419, 7.36072540283, 7.8251247406, 8.28952407837, 8.75392246246, 9.21832180023, 9.682721138, 10.1471195221, 10.6115188599, 11.0759181976, 11.5403175354, 12.0047159195, 12.4691152573, 12.9219045639, 13.3746938705, 13.8390922546, 14.3034915924, 14.756280899, 15.2090702057, 15.6734695435, 16.1378688812, 16.602268219, 17.0666656494, 17.5310649872, 17.995464325, 18.4598636627, 18.9242630005, 19.3770523071, 19.8298416138, 20.2942390442, 20.758638382, 21.2230377197, 21.6874370575, 22.1518363953, 22.616235733, 23.0690250397, 23.5334243774, 23.9862117767, 24.4506111145, 24.9150104523, 25.37940979, 25.8438091278, 26.3082084656, 26.7726078033, 27.2370071411, 27.6897945404, 28.142583847, 28.6069831848, 29.0713825226, 29.5357818604, 30.0001811981, 30.4529705048, 30.9057598114, 31.3701572418, 31.8345565796, 32.2989578247, 32.7633552551, 33.2277526855, 33.6921539307, 34.1565513611, 34.6093406677, 35.0621299744, 35.5265312195, 35.9909286499, 36.455329895, 36.9197273254, 37.3841247559, 37.848526001, 38.3129234314, 38.765712738, 39.2185020447, 39.6829032898, 40.1473007202, 40.6116981506, 41.0760993958, 41.5404968262, 42.0048980713, 42.4576873779, 42.9104766846, 43.374874115, 43.8392753601, 44.3036727905, 44.7680702209]
},
"tonal": {
    "chords_changes_rate": 0.0257201641798,
    "chords_number_rate": 0.00617283955216,
    "chords_strength": {
        "mean": 0.494391202927,
        "var": 0.00698025804013
    },
    "hpcp_entropy": {
        "mean": 1.74463164806,
        "var": 0.510288894176
    },
    "key_strength": 0.750868141651,
    "tuning_diatonic_strength": 0.585447788239,
    "tuning_equal_tempered_deviation": 0.0326827503741,
    "tuning_frequency": 440.254241943,
    "tuning_nontempered_energy_ratio": 0.614100635052,
    "hpcp": {
        "mean": [0.251728564501, 0.149946972728, 0.0358750186861, 0.0222603473812, 0.0156590100378, 0.0775213912129, 0.178375199437, 0.127467766404, 0.0318173207343, 0.0185956060886, 0.0164652336389, 0.0501018092036, 0.0976994037628, 0.0845035165548, 0.167919203639, 0.331311762333, 0.217127323151, 0.0417792201042, 0.0355430021882, 0.0477300845087, 0.189287856221, 0.38519987464, 0.262040585279, 0.0612424761057, 0.0338787771761, 0.0261450987309, 0.0947643741965, 0.177968755364, 0.144981473684, 0.24024438858, 0.341525912285, 0.165274605155, 0.0327311493456, 0.0309693533927, 0.0288826413453, 0.138039067388],
        "var": [0.110410042107, 0.0309885255992, 0.00623974436894, 0.00520901335403, 0.00226204004139, 0.0114853978157, 0.0652581453323, 0.0345387086272, 0.00331862038001, 0.00184868287761, 0.00189284840599, 0.00758337136358, 0.0395581908524, 0.0240653064102, 0.0331518538296, 0.133324638009, 0.0704260542989, 0.0067915613763, 0.0117168780416, 0.0167453158647, 0.0462378785014, 0.172836259007, 0.0899970158935, 0.0145815266296, 0.0105755357072, 0.00808595120907, 0.0296481698751, 0.0853788331151, 0.0604289583862, 0.0684022307396, 0.157655641437, 0.042422644794, 0.00483833672479, 0.00606466596946, 0.00579045852646, 0.0486634112895]
    },
    "chords_histogram": [15.9465017319, 2.26337456703, 41.2551422119, 0.514403283596, 18.0041160583, 0, 0, 0, 0, 0, 0, 0, 0, 0, 0, 0, 0, 1.33744859695, 0, 0, 0, 0.617283940315, 0, 20.0617275238],
    "thpcp": [1, 0.680271744728, 0.158988833427, 0.0879511609674, 0.0678741112351, 0.246013507247, 0.462016642094, 0.376379847527, 0.623687624931, 0.886619985104, 0.429061949253, 0.0849718600512, 0.0803981423378, 0.0749809220433, 0.35835698247, 0.653501152992, 0.389270573854, 0.0931335166097, 0.0577890835702, 0.0406516492367, 0.201249778271, 0.463071793318, 0.330913305283, 0.0825995132327, 0.0482752136886, 0.0427446477115, 0.130067050457, 0.253633022308, 0.219375759363, 0.435927450657, 0.860103487968, 0.563674449921, 0.108461149037, 0.0922715812922, 0.123909920454, 0.491401642561],
    "chords_key": "D",
    "chords_scale": "major",
    "key_key": "G",
    "key_scale": "major"
}
}