{
"lowlevel": {
    "average_loudness": 0.871835052967,
    "barkbands_crest": {
        "mean": 15.7342386246,
        "var": 17.7081642151
    },
    "barkbands_flatness_db": {
        "mean": 0.284220606089,
        "var": 0.00914978329092
    },
    "barkbands_kurtosis": {
        "mean": 24.9652862549,
        "var": 1834.78942871
    },
    "barkbands_skewness": {
        "mean": 3.16567802429,
        "var": 7.99324131012
    },
    "barkbands_spread": {
        "mean": 16.0657958984,
        "var": 232.61567688
    },
    "dissonance": {
        "mean": 0.452754884958,
        "var": 0.00219574617222
    },
    "dynamic_complexity": 3.20887684822,
    "erbbands_crest": {
        "mean": 15.9003162384,
        "var": 69.6644058228
    },
    "erbbands_flatness_db": {
        "mean": 0.221103146672,
        "var": 0.00665169022977
    },
    "erbbands_kurtosis": {
        "mean": 6.40401029587,
        "var": 194.152603149
    },
    "erbbands_skewness": {
        "mean": -0.608364224434,
        "var": 4.16737937927
    },
    "erbbands_spread": {
        "mean": 36.4544487,
        "var": 816.399597168
    },
    "hfc": {
        "mean": 20.3767948151,
        "var": 464.388305664
    },
    "melbands_crest": {
        "mean": 19.1186962128,
        "var": 22.8394908905
    },
    "melbands_flatness_db": {
        "mean": 0.375898420811,
        "var": 0.0133000984788
    },
    "melbands_kurtosis": {
        "mean": 53.9522590637,
        "var": 6021.75537109
    },
    "melbands_skewness": {
        "mean": 4.74682569504,
        "var": 11.0676651001
    },
    "melbands_spread": {
        "mean": 15.5251016617,
        "var": 324.35635376
    },
    "pitch_salience": {
        "mean": 0.388423711061,
        "var": 0.00836059171706
    },
    "silence_rate_20dB": {
        "mean": 1,
        "var": 0
    },
    "silence_rate_30dB": {
        "mean": 0.832646727562,
        "var": 0.139344155788
    },
    "silence_rate_60dB": {
        "mean": 0.0288362521678,
        "var": 0.0280047729611
    },
    "spectral_centroid": {
        "mean": 1035.41955566,
        "var": 650058.6875
    },
    "spectral_complexity": {
        "mean": 8.8928937912,
        "var": 50.3870620728
    },
    "spectral_decrease": {
        "mean": -1.65259237406e-008,
        "var": 2.16815897011e-016
    },
    "spectral_energy": {
        "mean": 0.0642208233476,
        "var": 0.00317635666579
    },
    "spectral_energyband_high": {
        "mean": 0.000479453883599,
        "var": 2.76897708318e-006
    },
    "spectral_energyband_low": {
        "mean": 0.0512166619301,
        "var": 0.00276460801251
    },
    "spectral_energyband_middle_high": {
        "mean": 0.00763079663739,
        "var": 7.60703114793e-005
    },
    "spectral_energyband_middle_low": {
        "mean": 0.00716311717406,
        "var": 8.35460159578e-005
    },
    "spectral_entropy": {
        "mean": 6.74482822418,
        "var": 0.670490503311
    },
    "spectral_flux": {
        "mean": 0.0673838630319,
        "var": 0.00333020300604
    },
    "spectral_kurtosis": {
        "mean": 10.2065019608,
        "var": 180.210098267
    },
    "spectral_rms": {
        "mean": 0.00725163845345,
        "var": 1.00681600088e-005
    },
    "spectral_rolloff": {
        "mean": 821.858276367,
        "var": 1630321.375
    },
    "spectral_skewness": {
        "mean": 2.04872632027,
        "var": 1.44223058224
    },
    "spectral_spread": {
        "mean": 3852386.25,
        "var": 4.35165462528e+012
    },
    "spectral_strongpeak": {
        "mean": 1.31390726566,
        "var": 5.97545671463
    },
    "zerocrossingrate": {
        "mean": 0.0336740575731,
        "var": 0.00111653015483
    },
    "barkbands": {
        "mean": [0.00145827909, 0.0360962375998, 0.0114248134196, 0.00329670798965, 0.00219525024295, 0.000615907541942, 0.000429491803516, 0.000234237770201, 0.000337184726959, 0.000204655429116, 0.000299241306493, 0.00152807706036, 0.00190936645959, 0.00285652396269, 0.000131025153678, 0.000109473265184, 0.00015366540174, 0.00027624683571, 0.000121843935631, 0.000112315770821, 0.000127908482682, 0.000125201870105, 5.62847490073e-005, 6.60052974126e-005, 3.71374371753e-005, 1.7150223357e-005, 7.18205058092e-007],
        "var": [6.80218090565e-006, 0.00157106877305, 0.000297880062135, 2.86643535219e-005, 1.18228008432e-005, 2.24087079914e-006, 2.94313349514e-006, 1.35494826736e-006, 2.70581767836e-006, 8.64463288508e-007, 2.90656362267e-006, 1.69517370523e-005, 1.5091939531e-005, 3.94258277083e-005, 3.44438944921e-007, 1.32735237912e-007, 4.2237792286e-007, 1.08789106434e-006, 2.87871301907e-007, 2.81507283262e-007, 3.01928935187e-007, 2.9351036801e-007, 8.41428473564e-008, 7.28458076082e-008, 2.29304415456e-008, 7.40550110123e-009, 5.39942639211e-011]
    },
    "erbbands": {
        "mean": [1.20772027969, 7.40719747543, 12.2614355087, 14.8068685532, 8.31924629211, 7.73396396637, 4.75222349167, 4.90480661392, 5.75609254837, 5.89187431335, 5.97982740402, 7.53046131134, 6.50051450729, 12.1096715927, 18.5004768372, 57.4267921448, 97.752204895, 88.6376876831, 90.4693222046, 8.70496940613, 5.87411880493, 9.58264446259, 15.8259115219, 8.25360012054, 5.94842481613, 5.43472862244, 4.69736051559, 5.26827430725, 4.51218318939, 2.70261883736, 1.54383862019, 1.45877277851, 1.01176321507, 0.545515298843, 0.207344353199, 0.106267005205, 0.0217089932412, 0.00359873240814, 0.000112737667223, 7.49631799408e-005],
        "var": [2.53975701332, 58.118106842, 216.449295044, 483.851074219, 137.828399658, 172.072723389, 75.8382034302, 194.914245605, 650.00390625, 666.676757813, 619.924072266, 1366.51074219, 1462.03234863, 3647.38061523, 4830.49609375, 17105.1347656, 33468.9648438, 23673.2558594, 58251.9375, 528.514404297, 248.500717163, 1479.83496094, 3882.95751953, 959.742614746, 834.942443848, 635.884338379, 426.027984619, 487.352050781, 385.96182251, 166.623947144, 56.1458511353, 33.3916320801, 21.5856456757, 6.246966362, 0.742428302765, 0.377505421638, 0.00781204085797, 0.000471029343316, 2.21206036599e-007, 3.98826216497e-009]
    },
    "gfcc": {
        "mean": [-65.8365936279, 122.437515259, -90.4742507935, 60.4453659058, -15.2654256821, 34.7059059143, -23.8381252289, -3.07739925385, -17.3447875977, 3.73606085777, -2.41212391853, -8.38129901886, -8.62298965454],
        "cov": [[6860.63232422, -1317.89782715, -958.602172852, 233.34387207, -903.15020752, 328.356811523, -299.928985596, 224.044403076, -161.931884766, 202.753173828, -200.141693115, 141.412780762, -428.799194336], [-1317.89782715, 2588.00512695, -24.186208725, -630.027404785, 525.971679688, -426.399017334, 183.249664307, -298.705871582, 270.160247803, -421.311767578, 344.332672119, -192.609695435, 171.581710815], [-958.602172852, -24.186208725, 950.342102051, 56.7159767151, 105.217140198, 17.0822868347, 92.0286178589, 95.3394699097, -56.5138664246, -50.5998687744, -95.013710022, 65.7055587769, 77.9381256104], [233.34387207, -630.027404785, 56.7159767151, 678.116882324, -138.973083496, -118.488990784, -54.7435302734, 110.836395264, 36.8875999451, 6.58015108109, -152.682235718, -18.2566337585, 88.8291702271], [-903.15020752, 525.971679688, 105.217140198, -138.973083496, 659.95123291, 18.8675289154, 9.30365085602, -184.191604614, 43.4545288086, 51.1817436218, 102.881462097, -89.7450561523, 32.0796470642], [328.356811523, -426.399017334, 17.0822868347, -118.488990784, 18.8675289154, 474.25604248, 101.883666992, -76.6042556763, -150.289978027, 130.414108276, 63.680267334, 19.3915939331, -96.7364196777], [-299.928985596, 183.249664307, 92.0286178589, -54.7435302734, 9.30365085602, 101.883666992, 328.885131836, 57.1027946472, -62.4464569092, -137.941223145, 80.9664916992, 44.1709785461, 33.7485427856], [224.044403076, -298.705871582, 95.3394699097, 110.836395264, -184.191604614, -76.6042556763, 57.1027946472, 318.345611572, 17.686580658, -95.2049560547, -105.608306885, 74.9808883667, 34.8183174133], [-161.931884766, 270.160247803, -56.5138664246, 36.8875999451, 43.4545288086, -150.289978027, -62.4464569092, 17.686580658, 261.606658936, -2.90057396889, -33.7739906311, -104.019447327, 51.8461494446], [202.753173828, -421.311767578, -50.5998687744, 6.58015108109, 51.1817436218, 130.414108276, -137.941223145, -95.2049560547, -2.90057396889, 323.981231689, -7.95662975311, -58.4555473328, -83.2805557251], [-200.141693115, 344.332672119, -95.013710022, -152.682235718, 102.881462097, 63.680267334, 80.9664916992, -105.608306885, -33.7739906311, -7.95662975311, 251.425949097, 7.03568649292, -33.6441230774], [141.412780762, -192.609695435, 65.7055587769, -18.2566337585, -89.7450561523, 19.3915939331, 44.1709785461, 74.9808883667, -104.019447327, -58.4555473328, 7.03568649292, 213.831542969, -10.4377536774], [-428.799194336, 171.581710815, 77.9381256104, 88.8291702271, 32.0796470642, -96.7364196777, 33.7485427856, 34.8183174133, 51.8461494446, -83.2805557251, -33.6441230774, -10.4377536774, 173.329055786]],
        "icov": [[0.000338521873346, -0.00054959236877, 0.000373307848349, -0.000573810422793, 0.000372979353415, -0.000773271662183, 0.000458843482193, -0.000656546035316, 0.000303856504615, -0.000459401198896, 0.000584189663641, -0.000477357301861, 0.000822707312182], [-0.00054959236877, 0.00454138498753, -0.00106181169394, 0.00386839662679, -0.00144277059007, 0.00434958003461, -0.00189935113303, 0.00407743966207, -0.00241847499274, 0.0046521439217, -0.00351646798663, 0.00315496767871, -0.00264890980907], [0.000373307848349, -0.00106181169394, 0.00176543043926, -0.00100367027335, 9.86633676803e-005, -0.001283050864, 0.000307288282784, -0.0013843041379, 0.000879205064848, -0.00108829443343, 0.00161416339688, -0.00114358006977, 0.000637641176581], [-0.000573810422793, 0.00386839662679, -0.00100367027335, 0.00526795629412, -0.00099704018794, 0.00415063323453, -0.00172265048604, 0.00323921535164, -0.00177218206227, 0.00343036954291, -0.0023326065857, 0.00303356396034, -0.0034034429118], [0.000372979353415, -0.00144277059007, 9.86633676803e-005, -0.00099704018794, 0.00275722146034, -0.00142647803295, 0.000602321699262, -0.0003994058643, 0.000495095679071, -0.00172803585883, 0.000683502526954, -0.000584576686379, 0.000593164120801], [-0.000773271662183, 0.00434958003461, -0.001283050864, 0.00415063323453, -0.00142647803295, 0.00825977884233, -0.00396350072697, 0.00455521279946, -0.000754467619117, 0.00238385936245, -0.00325543456711, 0.00334097468294, -0.00209805602208], [0.000458843482193, -0.00189935113303, 0.000307288282784, -0.00172265048604, 0.000602321699262, -0.00396350072697, 0.00664447015151, -0.00323860463686, 0.00145362410694, 0.00067756313365, -0.000389153574361, -0.000948408211116, 0.000551397679374], [-0.000656546035316, 0.00407743966207, -0.0013843041379, 0.00323921535164, -0.0003994058643, 0.00455521279946, -0.00323860463686, 0.00920051522553, -0.00324661587365, 0.00455100135878, -0.00138556945603, 0.00126738322433, -0.00233440892771], [0.000303856504615, -0.00241847499274, 0.000879205064848, -0.00177218206227, 0.000495095679071, -0.000754467619117, 0.00145362410694, -0.00324661587365, 0.00762846088037, -0.00286416616291, 0.00190752604976, 0.00119327544235, 0.000299262348562], [-0.000459401198896, 0.0046521439217, -0.00108829443343, 0.00343036954291, -0.00172803585883, 0.00238385936245, 0.00067756313365, 0.00455100135878, -0.00286416616291, 0.0104816164821, -0.00356198800728, 0.00398651277646, -0.000964719743934], [0.000584189663641, -0.00351646798663, 0.00161416339688, -0.0023326065857, 0.000683502526954, -0.00325543456711, -0.000389153574361, -0.00138556945603, 0.00190752604976, -0.00356198800728, 0.00919182598591, -0.00329707586206, 0.00311018782668], [-0.000477357301861, 0.00315496767871, -0.00114358006977, 0.00303356396034, -0.000584576686379, 0.00334097468294, -0.000948408211116, 0.00126738322433, 0.00119327544235, 0.00398651277646, -0.00329707586206, 0.00933071225882, -0.00196125661023], [0.000822707312182, -0.00264890980907, 0.000637641176581, -0.0034034429118, 0.000593164120801, -0.00209805602208, 0.000551397679374, -0.00233440892771, 0.000299262348562, -0.000964719743934, 0.00311018782668, -0.00196125661023, 0.0108977919444]]
    },
    "melbands": {
        "mean": [0.0104990322143, 0.00782104488462, 0.00240331166424, 0.000561572844163, 0.000197329427465, 0.00011421993986, 8.88072900125e-005, 6.0989328631e-005, 5.09593191964e-005, 4.66008750664e-005, 3.13710042974e-005, 4.62925090687e-005, 4.7436413297e-005, 0.000111629276944, 0.000264637870714, 0.000167082631378, 0.000177896683454, 0.000204161377042, 8.53401252243e-006, 7.98357905296e-006, 6.14445252722e-006, 7.84449912317e-006, 1.64315824804e-005, 1.14928361654e-005, 6.1574778556e-006, 4.45592013421e-006, 4.29848660133e-006, 3.31644218932e-006, 2.68139547188e-006, 3.11394182972e-006, 3.07526920551e-006, 2.62998833023e-006, 2.21393588618e-006, 1.19884600736e-006, 8.45913973535e-007, 9.25180302147e-007, 8.69259281444e-007, 7.1942190516e-007, 6.14994235093e-007, 4.0982897076e-007],
        "var": [0.00015564505884, 5.9440262703e-005, 1.08145668491e-005, 7.54889981636e-007, 1.03141118757e-007, 1.00184720964e-007, 1.3880368499e-007, 7.45616759446e-008, 4.6455916447e-008, 5.36426405517e-008, 3.62773668883e-008, 5.27118260152e-008, 3.67468508955e-008, 1.72056573433e-007, 2.96577582048e-007, 1.07527320381e-007, 1.08480129768e-007, 3.22327679214e-007, 1.06646447229e-009, 8.61618332237e-010, 2.60594573698e-010, 1.00566710515e-009, 5.10472597526e-009, 1.79698123048e-009, 6.1707611243e-010, 5.63555535571e-010, 5.49092493696e-010, 2.15020001804e-010, 1.54817117459e-010, 1.77248798972e-010, 1.90737717287e-010, 1.42331216257e-010, 9.99355667664e-011, 4.15643734708e-011, 2.05903297884e-011, 1.47395377154e-011, 1.23217902895e-011, 9.97523851715e-012, 1.03090713049e-011, 3.40496446143e-012]
    },
    "mfcc": {
        "mean": [-719.80255127, 142.065170288, 15.211977005, 46.0852012634, 34.0591545105, 35.673210144, 18.5319023132, 8.0812702179, 0.673729836941, 4.21330928802, 10.8234777451, 6.94929122925, -6.70901632309],
        "cov": [[6366.58789063, -1740.42297363, -456.281219482, -267.833984375, -656.301879883, -182.369689941, -318.843444824, 102.349395752, -191.344619751, 111.685722351, 162.423660278, -82.4840011597, -110.278236389], [-1740.42297363, 2829.41162109, -240.039627075, -203.546676636, 227.310287476, -118.042907715, -3.70345497131, 112.377929688, -161.453155518, -174.970336914, 30.7806930542, 82.1017837524, 62.6152763367], [-456.281219482, -240.039627075, 693.949951172, 51.266166687, -35.2644004822, 23.8912029266, 76.2933578491, 45.8439369202, 118.734779358, -19.3805484772, -68.4845809937, -8.10736846924, 33.7053947449], [-267.833984375, -203.546676636, 51.266166687, 545.207580566, 120.668144226, -86.9957504272, -106.854293823, -29.9107131958, 139.008514404, 12.7240552902, -91.3396377563, -90.9278869629, -14.3799295425], [-656.301879883, 227.310287476, -35.2644004822, 120.668144226, 380.966796875, 83.6916351318, -2.93522357941, -94.3216018677, 16.5559253693, 17.6995601654, 17.0875740051, 7.70602416992, -32.4826965332], [-182.369689941, -118.042907715, 23.8912029266, -86.9957504272, 83.6916351318, 355.779571533, 143.875015259, -113.308082581, -56.6857757568, 2.14062523842, 77.5951461792, 81.116104126, -27.0078601837], [-318.843444824, -3.70345497131, 76.2933578491, -106.854293823, -2.93522357941, 143.875015259, 374.3019104, 61.8399391174, -46.3713684082, -59.1541099548, -0.58867919445, 97.9126663208, 62.516708374], [102.349395752, 112.377929688, 45.8439369202, -29.9107131958, -94.3216018677, -113.308082581, 61.8399391174, 336.504272461, 43.5649642944, -79.305519104, -81.9638824463, -6.04027271271, 87.9452133179], [-191.344619751, -161.453155518, 118.734779358, 139.008514404, 16.5559253693, -56.6857757568, -46.3713684082, 43.5649642944, 251.920013428, 58.1225318909, -76.5295410156, -94.7456665039, -33.085231781], [111.685722351, -174.970336914, -19.3805484772, 12.7240552902, 17.6995601654, 2.14062523842, -59.1541099548, -79.305519104, 58.1225318909, 265.473968506, 38.7004089355, -78.035949707, -100.50692749], [162.423660278, 30.7806930542, -68.4845809937, -91.3396377563, 17.0875740051, 77.5951461792, -0.58867919445, -81.9638824463, -76.5295410156, 38.7004089355, 211.710449219, 65.1653366089, -69.1390991211], [-82.4840011597, 82.1017837524, -8.10736846924, -90.9278869629, 7.70602416992, 81.116104126, 97.9126663208, -6.04027271271, -94.7456665039, -78.035949707, 65.1653366089, 209.357925415, 63.7127304077], [-110.278236389, 62.6152763367, 33.7053947449, -14.3799295425, -32.4826965332, -27.0078601837, 62.516708374, 87.9452133179, -33.085231781, -100.50692749, -69.1390991211, 63.7127304077, 208.898956299]],
        "icov": [[0.000297301972751, 0.000206837125006, 0.000190759950783, 9.9606339063e-005, 0.000312953925459, 5.71544733248e-005, 0.000259460619418, -0.000219042049139, 0.00027805409627, 2.26385946007e-005, -0.000174146407517, 7.88535689935e-005, 0.000114889342512], [0.000206837125006, 0.000605228764471, 0.000219314591959, 0.000324505759636, -0.00024939479772, 0.000335224234732, 0.000207655582926, -0.000309405178996, 0.000369001092622, 0.000280040490907, -0.000154172390467, 5.15500614711e-005, 0.000113832786155], [0.000190759950783, 0.000219314591959, 0.00182690739166, 5.02911752847e-005, 0.000363555416698, -0.000127069230075, -0.000148102379171, -0.000101885045297, -0.00071637093788, 0.000192961961147, 0.000111692112114, -7.58739042794e-005, -8.95337943803e-005], [9.9606339063e-005, 0.000324505759636, 5.02911752847e-005, 0.002782527823, -0.000972901587375, 0.000655064766761, 0.000444178731414, 0.000344863015926, -0.000867314462084, 0.000504753435962, 0.000549489748664, 0.000337843608577, -2.16523112613e-005], [0.000312953925459, -0.00024939479772, 0.000363555416698, -0.000972901587375, 0.00403825193644, -0.000989539781585, 0.000207942517591, 0.000475893786643, -0.00012959355081, -0.000213101840927, -0.000152961656568, -0.000199284098926, 0.000238846798311], [5.71544733248e-005, 0.000335224234732, -0.000127069230075, 0.000655064766761, -0.000989539781585, 0.00479872711003, -0.00167309504468, 0.00133342703339, 0.000131539942231, 0.000297326216241, -0.000660158751998, -0.000618282123469, 0.000535133294761], [0.000259460619418, 0.000207655582926, -0.000148102379171, 0.000444178731414, 0.000207942517591, -0.00167309504468, 0.00428229710087, -0.00129009678494, 0.000487761804834, -7.36882429919e-006, 0.000431277177995, -0.00102750665974, -0.00026337831514], [-0.000219042049139, -0.000309405178996, -0.000101885045297, 0.000344863015926, 0.000475893786643, 0.00133342703339, -0.00129009678494, 0.00480893347412, -0.00137961748987, 0.000851390534081, 0.000594896962866, 0.00021708245913, -0.00105296005495], [0.00027805409627, 0.000369001092622, -0.00071637093788, -0.000867314462084, -0.00012959355081, 0.000131539942231, 0.000487761804834, -0.00137961748987, 0.00681754155084, -0.00106768892147, 0.00120620150119, 0.00121809099801, 0.00111752597149], [2.26385946007e-005, 0.000280040490907, 0.000192961961147, 0.000504753435962, -0.000213101840927, 0.000297326216241, -7.36882429919e-006, 0.000851390534081, -0.00106768892147, 0.00550563167781, -0.000995057402179, 0.00154137914069, 0.00126106769312], [-0.000174146407517, -0.000154172390467, 0.000111692112114, 0.000549489748664, -0.000152961656568, -0.000660158751998, 0.000431277177995, 0.000594896962866, 0.00120620150119, -0.000995057402179, 0.00801557302475, -0.00283456151374, 0.00271514989436], [7.88535689935e-005, 5.15500614711e-005, -7.58739042794e-005, 0.000337843608577, -0.000199284098926, -0.000618282123469, -0.00102750665974, 0.00021708245913, 0.00121809099801, 0.00154137914069, -0.00283456151374, 0.00840321555734, -0.00239969603717], [0.000114889342512, 0.000113832786155, -8.95337943803e-005, -2.16523112613e-005, 0.000238846798311, 0.000535133294761, -0.00026337831514, -0.00105296005495, 0.00111752597149, 0.00126106769312, 0.00271514989436, -0.00239969603717, 0.00786917284131]]
    },
    "spectral_contrast_coeffs": {
        "mean": [-0.639838755131, -0.710801303387, -0.764123916626, -0.70817899704, -0.76578181982, -0.733570814133],
        "var": [0.00500087998807, 0.00729481736198, 0.00758892158046, 0.0120611311868, 0.00393469212577, 0.00386066664942]
    },
    "spectral_contrast_valleys": {
        "mean": [-6.82261800766, -8.22546672821, -8.79824924469, -8.56119918823, -8.72553730011, -11.5832109451],
        "var": [1.14736974239, 1.10798680782, 1.30209159851, 1.09484326839, 1.5203871727, 1.76581716537]
    }
},
"metadata": {
    "audio_properties": {
        "analysis_sample_rate": 44100,
        "bit_rate": 108232,
        "equal_loudness": 0,
        "length": 45.0612258911,
        "lossless": 0,
        "replay_gain": -9.39407539368,
        "sample_rate": 44100,
        "codec": "mp3",
        "downmix": "mix",
        "md5_encoded": "2adabf8ad8add07be113e62e39291b6f"
    },
    "tags": {
        "file_name": "58.mp3"
    },
    "version": {
        "essentia": "2.1-beta2",
        "essentia_git_sha": "v2.1_beta2",
        "extractor": "music 1.0"
    }
},
"rhythm": {
    "beats_count": 119,
    "beats_loudness": {
        "mean": 0.086284764111,
        "var": 0.00375354895368
    },
    "bpm": 162.540924072,
    "bpm_histogram_first_peak_bpm": {
        "mean": 161,
        "var": 0
    },
    "bpm_histogram_first_peak_spread": {
        "mean": 0.452631592751,
        "var": 0
    },
    "bpm_histogram_first_peak_weight": {
        "mean": 0.440677970648,
        "var": 0
    },
    "bpm_histogram_second_peak_bpm": {
        "mean": 167,
        "var": 0
    },
    "bpm_histogram_second_peak_spread": {
        "mean": 0,
        "var": 0
    },
    "bpm_histogram_second_peak_weight": {
        "mean": 0.110169492662,
        "var": 0
    },
    "danceability": 1.07659006119,
    "onset_rate": 3.30512213707,
    "beats_loudness_band_ratio": {
        "mean": [0.756808280945, 0.0653506666422, 0.0280266422778, 0.0795518308878, 0.0625983849168, 0.0277852378786],
        "var": [0.0369468964636, 0.00670719752088, 0.00316979782656, 0.0108131468296, 0.0130301434547, 0.00424119224772]
    },
    "beats_position": [0.394739210606, 0.801088392735, 1.20743763447, 1.60217678547, 1.99691605568, 2.39165520668, 2.7863945961, 3.16952371597, 3.55265307426, 3.93578219414, 4.33052158356, 4.71365070343, 5.0967798233, 5.47990942001, 5.85142850876, 6.2229475975, 6.59446716309, 6.96598625183, 7.33750534058, 7.69741487503, 8.05732440948, 8.42884349823, 8.80036258698, 9.18349170685, 9.56662082672, 9.94974994659, 10.3328800201, 10.71600914, 11.0759181976, 11.4358272552, 11.807346344, 12.1904764175, 12.5619955063, 12.933514595, 13.3050336838, 13.6649427414, 14.0480718613, 14.4312019348, 14.8027210236, 15.1626300812, 15.545759201, 15.9172782898, 16.3004074097, 16.6719264984, 17.0550556183, 17.4497947693, 17.8329238892, 18.2160549164, 18.5991840363, 18.9939231873, 19.365442276, 19.7369613647, 20.1084804535, 20.4799995422, 20.851518631, 21.2114276886, 21.5713367462, 21.942855835, 22.3259868622, 22.7091159821, 23.1038551331, 23.4753742218, 23.8585033417, 24.2184123993, 24.5783214569, 24.9498405457, 25.3097496033, 25.681268692, 26.0527877808, 26.4243087769, 26.8074378967, 27.1905670166, 27.5620861053, 27.9336051941, 28.3051242828, 28.6882534027, 29.0713825226, 29.4545116425, 29.8144207001, 30.1859397888, 30.5574588776, 30.9289798737, 31.3004989624, 31.6836280823, 32.0551452637, 32.4150543213, 32.7865753174, 33.1580963135, 33.5412254333, 33.9243545532, 34.3074836731, 34.690612793, 35.0621299744, 35.4336509705, 35.8167800903, 36.1999092102, 36.5830383301, 36.9545555115, 37.3260765076, 37.7092056274, 38.0807266235, 38.4522438049, 38.823764801, 39.1952819824, 39.5668029785, 39.9383201599, 40.309841156, 40.6813583374, 41.0528793335, 41.4243965149, 41.795917511, 42.1790466309, 42.5621757507, 42.9336967468, 43.3168258667, 43.6883430481, 44.071472168, 44.4546012878, 44.8377304077]
},
"tonal": {
    "chords_changes_rate": 0.0617283955216,
    "chords_number_rate": 0.0133744860068,
    "chords_strength": {
        "mean": 0.49772003293,
        "var": 0.0085340058431
    },
    "hpcp_entropy": {
        "mean": 1.84470784664,
        "var": 0.54775249958
    },
    "key_strength": 0.721124231815,
    "tuning_diatonic_strength": 0.537849068642,
    "tuning_equal_tempered_deviation": 0.235500350595,
    "tuning_frequency": 434.193115234,
    "tuning_nontempered_energy_ratio": 0.924110710621,
    "hpcp": {
        "mean": [0.0357594117522, 0.0403716638684, 0.049814529717, 0.0753568187356, 0.0788625106215, 0.077624566853, 0.218443751335, 0.32916033268, 0.184269279242, 0.0393733903766, 0.0188264641911, 0.0423701666296, 0.0879348516464, 0.0802656859159, 0.0326930321753, 0.0132106244564, 0.0137963183224, 0.050022918731, 0.128771096468, 0.119073562324, 0.0561991557479, 0.144360736012, 0.205728128552, 0.206118270755, 0.234419345856, 0.126173093915, 0.0360145866871, 0.0958755686879, 0.115215353668, 0.0582261011004, 0.0280237328261, 0.0265782829374, 0.0384132787585, 0.0990782529116, 0.110098980367, 0.0500441044569],
        "var": [0.0186351202428, 0.0222768709064, 0.0253784414381, 0.0463624186814, 0.0418915934861, 0.0272969771177, 0.0960042327642, 0.186744078994, 0.0821038633585, 0.0157283097506, 0.00778044946492, 0.0208261534572, 0.0580395832658, 0.0455751977861, 0.0118883764371, 0.0035424309317, 0.00439089350402, 0.0183196812868, 0.0873331427574, 0.0647802576423, 0.0176511909813, 0.0556053929031, 0.114304073155, 0.0889173299074, 0.150072604418, 0.0407967045903, 0.0121370302513, 0.0397620871663, 0.056273881346, 0.0213003214449, 0.0118853226304, 0.0103665338829, 0.0136757949367, 0.0616104379296, 0.0773957371712, 0.0164670292288]
    },
    "chords_histogram": [23.3539085388, 9.15637874603, 18.7242794037, 8.43621444702, 3.49794244766, 1.74897122383, 0, 0.102880656719, 0, 0, 0, 0, 5.65843629837, 0, 0, 0, 0, 8.64197540283, 3.60082316399, 3.90946507454, 0, 1.23456788063, 7.51028823853, 4.42386817932],
    "thpcp": [1, 0.55981618166, 0.119617663324, 0.0571954213083, 0.12872196734, 0.26714900136, 0.243849813938, 0.0993225127459, 0.0401343144476, 0.0419136732817, 0.151971280575, 0.391210854053, 0.361749440432, 0.170734897256, 0.438572704792, 0.625008881092, 0.626194119453, 0.712173759937, 0.383318036795, 0.109413504601, 0.291273146868, 0.350028067827, 0.176892831922, 0.0851370319724, 0.0807457044721, 0.116700813174, 0.301003009081, 0.33448433876, 0.152035653591, 0.10863827914, 0.122650451958, 0.15133818984, 0.228936508298, 0.239586919546, 0.235826000571, 0.663639366627],
    "chords_key": "E",
    "chords_scale": "major",
    "key_key": "E",
    "key_scale": "major"
}
}