{
"lowlevel": {
    "average_loudness": 0.267846673727,
    "barkbands_crest": {
        "mean": 14.1509542465,
        "var": 18.7979850769
    },
    "barkbands_flatness_db": {
        "mean": 0.325761258602,
        "var": 0.0059556174092
    },
    "barkbands_kurtosis": {
        "mean": 9.52618217468,
        "var": 101.207572937
    },
    "barkbands_skewness": {
        "mean": 1.26242589951,
        "var": 1.76845312119
    },
    "barkbands_spread": {
        "mean": 3.33512353897,
        "var": 5.3407869339
    },
    "dissonance": {
        "mean": 0.351924091578,
        "var": 0.00622693123296
    },
    "dynamic_complexity": 6.89527416229,
    "erbbands_crest": {
        "mean": 16.1595287323,
        "var": 36.9017028809
    },
    "erbbands_flatness_db": {
        "mean": 0.318288892508,
        "var": 0.00506538525224
    },
    "erbbands_kurtosis": {
        "mean": 8.53939247131,
        "var": 128.044021606
    },
    "erbbands_skewness": {
        "mean": 1.70012128353,
        "var": 1.29582619667
    },
    "erbbands_spread": {
        "mean": 9.33863258362,
        "var": 45.0911178589
    },
    "hfc": {
        "mean": 5.10517024994,
        "var": 102.868766785
    },
    "melbands_crest": {
        "mean": 17.7991104126,
        "var": 28.0743961334
    },
    "melbands_flatness_db": {
        "mean": 0.430529147387,
        "var": 0.00820958986878
    },
    "melbands_kurtosis": {
        "mean": 9.83291244507,
        "var": 129.034255981
    },
    "melbands_skewness": {
        "mean": 1.47041964531,
        "var": 1.53277468681
    },
    "melbands_spread": {
        "mean": 4.5243268013,
        "var": 26.6804962158
    },
    "pitch_salience": {
        "mean": 0.508306324482,
        "var": 0.0167584717274
    },
    "silence_rate_20dB": {
        "mean": 1,
        "var": 0
    },
    "silence_rate_30dB": {
        "mean": 0.984045267105,
        "var": 0.0157000552863
    },
    "silence_rate_60dB": {
        "mean": 0.418939769268,
        "var": 0.243425011635
    },
    "spectral_centroid": {
        "mean": 385.243041992,
        "var": 80088.1328125
    },
    "spectral_complexity": {
        "mean": 5.52959346771,
        "var": 13.3402404785
    },
    "spectral_decrease": {
        "mean": -3.39107275593e-009,
        "var": 3.84060620153e-017
    },
    "spectral_energy": {
        "mean": 0.0132617261261,
        "var": 0.00058835442178
    },
    "spectral_energyband_high": {
        "mean": 2.33662467508e-005,
        "var": 1.26339383399e-008
    },
    "spectral_energyband_low": {
        "mean": 0.00128929887433,
        "var": 6.41368023935e-006
    },
    "spectral_energyband_middle_high": {
        "mean": 0.000990282511339,
        "var": 1.20153972603e-005
    },
    "spectral_energyband_middle_low": {
        "mean": 0.0114285629243,
        "var": 0.000428896775702
    },
    "spectral_entropy": {
        "mean": 5.40327167511,
        "var": 0.45208221674
    },
    "spectral_flux": {
        "mean": 0.0204059816897,
        "var": 0.00120874296408
    },
    "spectral_kurtosis": {
        "mean": 53.077583313,
        "var": 1711.85437012
    },
    "spectral_rms": {
        "mean": 0.00277330051176,
        "var": 5.24707047589e-006
    },
    "spectral_rolloff": {
        "mean": 467.488922119,
        "var": 373113.28125
    },
    "spectral_skewness": {
        "mean": 5.54552555084,
        "var": 5.18919086456
    },
    "spectral_spread": {
        "mean": 1839808.375,
        "var": 1.76422767821e+012
    },
    "spectral_strongpeak": {
        "mean": 0.739846467972,
        "var": 0.490152925253
    },
    "zerocrossingrate": {
        "mean": 0.0184285342693,
        "var": 0.000282513152342
    },
    "barkbands": {
        "mean": [2.01680268219e-005, 0.000275656202575, 0.00054621900199, 0.000754292181227, 0.00350040430203, 0.00492732366547, 0.000765487959143, 0.000992930610664, 0.000387838488678, 0.000341944687534, 0.000423956138548, 0.000138683870318, 5.9248861362e-005, 5.02873554069e-005, 2.02685314434e-005, 1.10208566184e-005, 8.59875763126e-006, 7.67321489548e-006, 3.8177913666e-006, 6.94959589964e-006, 6.43278917778e-006, 2.85854207505e-006, 4.02038040193e-006, 1.74678325493e-006, 2.88008368443e-006, 1.01486989479e-006, 3.78292952519e-008],
        "var": [2.46010856131e-009, 6.95344567703e-007, 2.1845178253e-006, 3.27113593812e-006, 0.000119977194117, 0.000101358506072, 4.0097411329e-006, 1.37329907375e-005, 1.45018225339e-006, 4.45574551122e-006, 2.56720454672e-006, 6.94557400038e-007, 7.9062239422e-008, 6.9161920635e-008, 6.0050315831e-009, 2.39197128771e-009, 3.22964432975e-009, 2.02690508821e-009, 2.54803178557e-010, 1.54484836035e-009, 1.77042458471e-009, 2.49356202353e-010, 6.65406840739e-010, 7.38996780436e-011, 7.30354832168e-010, 5.27939879313e-011, 2.23888697295e-013]
    },
    "erbbands": {
        "mean": [0.0024768372532, 0.0880168005824, 0.619410634041, 1.8374979496, 5.4658703804, 12.9186611176, 40.5764770508, 26.2042808533, 14.6908845901, 20.5534934998, 15.6182889938, 8.33768939972, 7.35602760315, 15.5902395248, 15.0024175644, 7.20074605942, 3.33810162544, 3.3491268158, 1.19995224476, 0.767133891582, 0.542160928249, 0.404260963202, 0.430238902569, 0.245294809341, 0.200872987509, 0.272618830204, 0.383431583643, 0.165335506201, 0.109060443938, 0.11043612659, 0.11737075448, 0.0417328365147, 0.0265000257641, 0.0223607774824, 0.0252830125391, 0.00589584698901, 0.00185100710951, 0.000262123678112, 1.2984121895e-005, 1.50325204231e-005],
        "var": [2.18575278268e-005, 0.0757383033633, 3.40617275238, 13.3228130341, 809.155395508, 1419.09375, 9859.78808594, 3222.96972656, 1283.90844727, 7974.18603516, 1906.12768555, 794.188903809, 786.659851074, 6507.36914063, 4428.42724609, 1559.71374512, 208.975204468, 257.797149658, 17.8720836639, 6.00207901001, 6.20834827423, 5.50959253311, 6.28247928619, 1.21692705154, 0.704854786396, 1.704631567, 4.96666526794, 1.25545835495, 0.370382219553, 0.470705270767, 0.610430657864, 0.0409817360342, 0.021324666217, 0.0330047532916, 0.108091704547, 0.00182064529508, 0.000264676084043, 6.75501269143e-006, 4.71744110442e-009, 7.75008113241e-010]
    },
    "gfcc": {
        "mean": [-228.470932007, 185.515167236, -72.6800765991, -8.79217338562, -69.0176544189, -6.21391582489, -33.4397087097, -13.5992069244, -24.5491428375, -6.82682561874, -2.1509680748, -2.46573925018, 0.96320772171],
        "cov": [[12294.0292969, -1067.51464844, -3083.00219727, 111.643623352, -429.719787598, -18.0229606628, -104.714645386, -271.405273438, -152.87336731, -172.793884277, -318.71395874, -275.686798096, -228.024047852], [-1067.51464844, 1173.79528809, 189.373245239, -356.560058594, 230.770477295, -175.661148071, 129.521240234, -117.121009827, 110.29095459, -184.630371094, 155.086181641, -83.7495269775, 182.900375366], [-3083.00219727, 189.373245239, 1717.01647949, 83.7208175659, 22.6263427734, 53.6550292969, -95.1588668823, 97.6010513306, -122.66318512, -4.75639677048, -19.0087451935, 127.76411438, 3.13388776779], [111.643623352, -356.560058594, 83.7208175659, 442.404327393, 4.25720691681, 48.7287216187, -67.8185424805, 18.9260101318, -70.8916244507, 35.8599624634, -92.3383865356, -19.2887821198, -106.14642334], [-429.719787598, 230.770477295, 22.6263427734, 4.25720691681, 266.954101563, 14.2832593918, -18.5255966187, -18.2921981812, -3.38620114326, -23.2546234131, -8.37826347351, -43.601184845, -34.456741333], [-18.0229606628, -175.661148071, 53.6550292969, 48.7287216187, 14.2832593918, 225.333511353, 14.2618894577, 28.480386734, -20.0152797699, 51.4130554199, -41.8097381592, -20.2433776855, -77.5632553101], [-104.714645386, 129.521240234, -95.1588668823, -67.8185424805, -18.5255966187, 14.2618894577, 158.735153198, -7.21007061005, 31.1797866821, 1.54323840141, 41.5870628357, -20.3466739655, 37.1697883606], [-271.405273438, -117.121009827, 97.6010513306, 18.9260101318, -18.2921981812, 28.480386734, -7.21007061005, 133.459991455, -10.9269037247, 25.1205310822, -10.2999315262, 29.3240203857, -30.8649482727], [-152.87336731, 110.29095459, -122.66318512, -70.8916244507, -3.38620114326, -20.0152797699, 31.1797866821, -10.9269037247, 136.100921631, 19.5447998047, 59.9133377075, -14.6914548874, 34.7058448792], [-172.793884277, -184.630371094, -4.75639677048, 35.8599624634, -23.2546234131, 51.4130554199, 1.54323840141, 25.1205310822, 19.5447998047, 152.039550781, 9.81256771088, 10.8793992996, -34.4543952942], [-318.71395874, 155.086181641, -19.0087451935, -92.3383865356, -8.37826347351, -41.8097381592, 41.5870628357, -10.2999315262, 59.9133377075, 9.81256771088, 127.866996765, 31.4576644897, 55.6498680115], [-275.686798096, -83.7495269775, 127.76411438, -19.2887821198, -43.601184845, -20.2433776855, -20.3466739655, 29.3240203857, -14.6914548874, 10.8793992996, 31.4576644897, 127.62550354, 38.9969787598], [-228.024047852, 182.900375366, 3.13388776779, -106.14642334, -34.456741333, -77.5632553101, 37.1697883606, -30.8649482727, 34.7058448792, -34.4543952942, 55.6498680115, 38.9969787598, 147.53352356]],
        "icov": [[0.0002558506676, -8.674642595e-005, 0.000503921008203, 4.12753943237e-005, 0.000586148526054, -9.11439856282e-005, 0.000369514862541, 0.000297589285765, 0.00048501798301, 0.000265434762696, 0.000337897014106, 1.48871197325e-006, 0.000400154152885], [-8.674642595e-005, 0.00471928250045, -0.00140472094063, 0.00198692153208, -0.00379616767168, 0.00192405784037, -0.00236410368234, 0.00127188093029, -0.00144523754716, 0.00326207419857, -0.00298454565927, 0.00396741833538, -0.00235977792181], [0.000503921008203, -0.00140472094063, 0.00203048693947, -0.000543844013009, 0.00193774187937, -0.000954982475378, 0.00165865453891, -0.000193559943, 0.00185048230924, -0.000285245914711, 0.00121023540851, -0.00150018197019, 0.00101612799335], [4.12753943237e-005, 0.00198692153208, -0.000543844013009, 0.00396311981604, -0.00124692474492, 0.00105131184682, -0.000428711035056, 0.000890047347639, 0.000156660753419, 0.00082587095676, 8.81937012309e-005, 0.00172022683546, 0.000687228282914], [0.000586148526054, -0.00379616767168, 0.00193774187937, -0.00124692474492, 0.00835269410163, -0.00184904702473, 0.00318772438914, 0.000120224118291, 0.00209798268043, -0.00120443967171, 0.00228550797328, -0.00165446475148, 0.00367495976388], [-9.11439856282e-005, 0.00192405784037, -0.000954982475378, 0.00105131184682, -0.00184904702473, 0.00703623658046, -0.00278873019852, 0.000293176621199, -0.000767447636463, -0.000334821728757, 0.000391359324567, 0.00142877711914, 0.00185883371159], [0.000369514862541, -0.00236410368234, 0.00165865453891, -0.000428711035056, 0.00318772438914, -0.00278873019852, 0.0100640067831, -0.000967310683336, 0.00175756274257, -0.00123649346642, -0.000865758047439, 0.000786479387898, -0.000884810171556], [0.000297589285765, 0.00127188093029, -0.000193559943, 0.000890047347639, 0.000120224118291, 0.000293176621199, -0.000967310683336, 0.00992610771209, -0.000455889094155, 0.00066481117392, 0.000475234090118, -0.00153784360737, 0.00251990184188], [0.00048501798301, -0.00144523754716, 0.00185048230924, 0.000156660753419, 0.00209798268043, -0.000767447636463, 0.00175756274257, -0.000455889094155, 0.0123714692891, -0.00217472203076, -0.00322174862958, 0.00181265268475, -0.000518962740898], [0.000265434762696, 0.00326207419857, -0.000285245914711, 0.00082587095676, -0.00120443967171, -0.000334821728757, -0.00123649346642, 0.00066481117392, -0.00217472203076, 0.0109951719642, -0.00302711548284, 0.00164003972895, 0.000747398124076], [0.000337897014106, -0.00298454565927, 0.00121023540851, 8.81937012309e-005, 0.00228550797328, 0.000391359324567, -0.000865758047439, 0.000475234090118, -0.00322174862958, -0.00302711548284, 0.0159584414214, -0.00617732061073, 0.000981295481324], [1.48871197325e-006, 0.00396741833538, -0.00150018197019, 0.00172022683546, -0.00165446475148, 0.00142877711914, 0.000786479387898, -0.00153784360737, 0.00181265268475, 0.00164003972895, -0.00617732061073, 0.0156635604799, -0.00565538322553], [0.000400154152885, -0.00235977792181, 0.00101612799335, 0.000687228282914, 0.00367495976388, 0.00185883371159, -0.000884810171556, 0.00251990184188, -0.000518962740898, 0.000747398124076, 0.000981295481324, -0.00565538322553, 0.0148019017652]]
    },
    "melbands": {
        "mean": [4.76763234474e-005, 0.000246004550718, 0.000371966685634, 0.000656201969832, 0.00118294218555, 0.000679658900481, 0.000207934805076, 0.000223765746341, 0.000123384859762, 4.82826617372e-005, 3.42878338415e-005, 5.9740315919e-005, 5.0213875511e-005, 2.36544929066e-005, 1.1000584891e-005, 5.95276696913e-006, 6.39417794446e-006, 1.44828129578e-006, 1.44343687225e-006, 1.03738022972e-006, 5.71701662011e-007, 4.87248883019e-007, 4.15434385559e-007, 2.62492136471e-007, 1.98404464413e-007, 1.2765001145e-007, 1.66621560993e-007, 1.87901406434e-007, 2.79189407593e-007, 1.58745422141e-007, 7.08575811359e-008, 6.17063307118e-008, 5.33281223625e-008, 6.92994532869e-008, 9.30541759203e-008, 2.06083559107e-008, 2.79655569813e-008, 1.9278720842e-008, 1.93501694667e-008, 1.80294836838e-008],
        "var": [1.47009462381e-008, 5.62705338325e-007, 1.29982004182e-006, 6.1028977143e-006, 7.97378652351e-006, 1.86579654837e-006, 2.60473257185e-007, 1.0245254316e-006, 1.34461160428e-007, 3.07251326603e-008, 2.087723594e-008, 1.2322571763e-007, 4.59186786372e-008, 1.25858869993e-008, 2.39395725465e-009, 1.00847641349e-009, 1.17086029761e-009, 3.21096829681e-011, 2.83757860958e-011, 2.31276543056e-011, 1.19354214012e-011, 9.0457944954e-012, 9.01978318424e-012, 1.45980840263e-012, 9.2141095101e-013, 2.76871895636e-013, 6.80007374194e-013, 8.9943195036e-013, 3.04900570937e-012, 1.12899229895e-012, 2.3493793716e-013, 1.24035018909e-013, 1.21347349486e-013, 2.1303911326e-013, 4.59104596787e-013, 8.5456010554e-015, 2.46880305506e-014, 1.13721584707e-014, 3.64441820905e-014, 2.46665921467e-014]
    },
    "mfcc": {
        "mean": [-871.518859863, 201.078369141, 48.9640960693, 6.66745376587, -10.1629838943, -3.26794338226, -3.42119979858, -7.8058347702, -13.0769958496, -10.6344661713, -9.54637718201, -2.69585847855, 2.16604685783],
        "cov": [[9594.34667969, 242.612365723, -2450.29199219, -429.762390137, -499.740661621, 166.713760376, -204.941040039, -113.307014465, -158.133956909, 71.0972366333, -197.966278076, -89.5436096191, -215.344726563], [242.612365723, 1015.33325195, -136.511154175, -249.692779541, 8.20875263214, -42.8027114868, 18.6334438324, 1.80891346931, 21.4530143738, -67.606300354, -45.7410697937, -45.0370597839, -51.7498970032], [-2450.29199219, -136.511154175, 1192.81994629, 237.99206543, 104.93434906, -35.425655365, 85.2831954956, 78.9544830322, 33.1343002319, -37.3920974731, 12.6122465134, -39.0399017334, 2.24500608444], [-429.762390137, -249.692779541, 237.99206543, 362.040222168, 91.6119155884, -5.81570482254, 11.872338295, 12.3421297073, -11.307261467, -11.8045902252, -9.07933998108, -13.6031322479, -18.102809906], [-499.740661621, 8.20875263214, 104.93434906, 91.6119155884, 245.971817017, 43.2718582153, -4.99906158447, -1.10087001324, -3.37480378151, -11.9944467545, 23.368686676, 7.77963256836, -24.2444229126], [166.713760376, -42.8027114868, -35.425655365, -5.81570482254, 43.2718582153, 165.290023804, 36.1897163391, -28.3524265289, -5.44927597046, 35.1857528687, 28.3090114594, -10.1443080902, -16.1408538818], [-204.941040039, 18.6334438324, 85.2831954956, 11.872338295, -4.99906158447, 36.1897163391, 115.630882263, 35.0391426086, 4.2534661293, 9.32230758667, 1.60086774826, -10.4073200226, 0.925937056541], [-113.307014465, 1.80891346931, 78.9544830322, 12.3421297073, -1.10087001324, -28.3524265289, 35.0391426086, 115.25302887, 22.3257541656, -35.8590278625, -23.600736618, -0.975174546242, 0.762950658798], [-158.133956909, 21.4530143738, 33.1343002319, -11.307261467, -3.37480378151, -5.44927597046, 4.2534661293, 22.3257541656, 82.6829681396, 11.6126880646, -14.4254512787, -2.50088500977, 5.9229722023], [71.0972366333, -67.606300354, -37.3920974731, -11.8045902252, -11.9944467545, 35.1857528687, 9.32230758667, -35.8590278625, 11.6126880646, 121.661079407, 46.1136436462, -16.5241889954, -3.00219345093], [-197.966278076, -45.7410697937, 12.6122465134, -9.07933998108, 23.368686676, 28.3090114594, 1.60086774826, -23.600736618, -14.4254512787, 46.1136436462, 109.690467834, 39.4877815247, 6.56470251083], [-89.5436096191, -45.0370597839, -39.0399017334, -13.6031322479, 7.77963256836, -10.1443080902, -10.4073200226, -0.975174546242, -2.50088500977, -16.5241889954, 39.4877815247, 118.222572327, 46.6015319824], [-215.344726563, -51.7498970032, 2.24500608444, -18.102809906, -24.2444229126, -16.1408538818, 0.925937056541, 0.762950658798, 5.9229722023, -3.00219345093, 6.56470251083, 46.6015319824, 127.343955994]],
        "icov": [[0.000326857785694, -4.54407163488e-005, 0.000590352574363, -0.000133661844302, 0.000550406228285, -0.00051184813492, 0.000455202942248, -0.000402816949645, 0.000559864507522, -0.000271596538369, 0.000591000309214, -5.45402617718e-005, 0.000500922673382], [-4.54407163488e-005, 0.00150550086983, 1.95521170099e-005, 0.00123415316921, -0.000690943619702, 0.000853795383591, -0.0010041956557, 0.000770365470089, -0.000648551271297, 0.00119930319488, -0.000128024010337, 0.000728632265236, 0.000487815210363], [0.000590352574363, 1.95521170099e-005, 0.00222559086978, -0.000806883850601, 0.000654868839774, -0.000411235261708, -5.7750094129e-005, -0.000898754806258, 0.000345849926816, 0.000206747587072, 0.000183337368071, 0.000726937665604, 0.000643991981633], [-0.000133661844302, 0.00123415316921, -0.000806883850601, 0.00457073980942, -0.00187946483493, 0.00113980739843, -0.000997811788693, 0.000732953427359, 0.000234163337154, 0.000541480490938, 0.000642573460937, 0.000419567106292, 0.000544212409295], [0.000550406228285, -0.000690943619702, 0.000654868839774, -0.00187946483493, 0.00638874154538, -0.00290299090557, 0.00220969738439, -0.00117009016685, 0.000791517784819, 0.00019542525115, -0.000198420850211, -0.000805330579169, 0.00148329848889], [-0.00051184813492, 0.000853795383591, -0.000411235261708, 0.00113980739843, -0.00290299090557, 0.0094759138301, -0.00476774992421, 0.00328972027637, -0.00139467639383, 0.000207696604775, -0.00220470433123, 0.00126709602773, 3.37549645337e-005], [0.000455202942248, -0.0010041956557, -5.7750094129e-005, -0.000997811788693, 0.00220969738439, -0.00476774992421, 0.0131252370775, -0.00555254053324, 0.00221951538697, -0.00271813175641, 0.00125606136862, -0.000312869844493, -0.000142499877256], [-0.000402816949645, 0.000770365470089, -0.000898754806258, 0.000732953427359, -0.00117009016685, 0.00328972027637, -0.00555254053324, 0.013424099423, -0.00437443470582, 0.00441978964955, -0.000454257678939, 0.00039801679668, 9.14904667297e-005], [0.000559864507522, -0.000648551271297, 0.000345849926816, 0.000234163337154, 0.000791517784819, -0.00139467639383, 0.00221951538697, -0.00437443470582, 0.0157043300569, -0.00506763905287, 0.0047491826117, -0.00175156095065, 0.000240632303758], [-0.000271596538369, 0.00119930319488, 0.000206747587072, 0.000541480490938, 0.00019542525115, 0.000207696604775, -0.00271813175641, 0.00441978964955, -0.00506763905287, 0.0146687431261, -0.0076475632377, 0.00494810426608, -0.000676758820191], [0.000591000309214, -0.000128024010337, 0.000183337368071, 0.000642573460937, -0.000198420850211, -0.00220470433123, 0.00125606136862, -0.000454257678939, 0.0047491826117, -0.0076475632377, 0.0168683696538, -0.00691597722471, 0.00197199825197], [-5.45402617718e-005, 0.000728632265236, 0.000726937665604, 0.000419567106292, -0.000805330579169, 0.00126709602773, -0.000312869844493, 0.00039801679668, -0.00175156095065, 0.00494810426608, -0.00691597722471, 0.0137481670827, -0.00421862490475], [0.000500922673382, 0.000487815210363, 0.000643991981633, 0.000544212409295, 0.00148329848889, 3.37549645337e-005, -0.000142499877256, 9.14904667297e-005, 0.000240632303758, -0.000676758820191, 0.00197199825197, -0.00421862490475, 0.0106662455946]]
    },
    "spectral_contrast_coeffs": {
        "mean": [-0.598719239235, -0.594536006451, -0.719546914101, -0.769519925117, -0.803102254868, -0.806835889816],
        "var": [0.0104449717328, 0.0083779906854, 0.00744153466076, 0.00535700004548, 0.0052114543505, 0.00484482664615]
    },
    "spectral_contrast_valleys": {
        "mean": [-8.68473911285, -8.16415214539, -9.43951129913, -10.7221870422, -11.4001588821, -13.6530160904],
        "var": [0.772109568119, 1.10133469105, 1.58946073055, 1.59209883213, 1.17666780949, 0.656180679798]
    }
},
"metadata": {
    "audio_properties": {
        "analysis_sample_rate": 44100,
        "bit_rate": 98721,
        "equal_loudness": 0,
        "length": 45.0873451233,
        "lossless": 0,
        "replay_gain": -2.89066505432,
        "sample_rate": 44100,
        "codec": "mp3",
        "downmix": "mix",
        "md5_encoded": "7a630f7c5abbf4f53bd1358a0cd39e75"
    },
    "tags": {
        "file_name": "580.mp3"
    },
    "version": {
        "essentia": "2.1-beta2",
        "essentia_git_sha": "v2.1_beta2",
        "extractor": "music 1.0"
    }
},
"rhythm": {
    "beats_count": 87,
    "beats_loudness": {
        "mean": 0.0170011408627,
        "var": 0.000811998615973
    },
    "bpm": 128.460845947,
    "bpm_histogram_first_peak_bpm": {
        "mean": 129,
        "var": 0
    },
    "bpm_histogram_first_peak_spread": {
        "mean": 0.517241358757,
        "var": 0
    },
    "bpm_histogram_first_peak_weight": {
        "mean": 0.162790700793,
        "var": 0
    },
    "bpm_histogram_second_peak_bpm": {
        "mean": 110,
        "var": 0
    },
    "bpm_histogram_second_peak_spread": {
        "mean": 0.45833337307,
        "var": 0
    },
    "bpm_histogram_second_peak_weight": {
        "mean": 0.151162788272,
        "var": 0
    },
    "danceability": 0.975899398327,
    "onset_rate": 1.92884290218,
    "beats_loudness_band_ratio": {
        "mean": [0.234775736928, 0.596598148346, 0.180080845952, 0.051064375788, 0.00281948409975, 0.00155749253463],
        "var": [0.0464210510254, 0.0564357973635, 0.0337892174721, 0.00622128322721, 2.69768261205e-005, 1.12189527499e-005]
    },
    "beats_position": [0.510838985443, 1.03328800201, 1.57895684242, 2.13623571396, 2.68190479279, 3.25079369545, 3.8196823597, 4.38857126236, 4.87619018555, 5.3754196167, 5.86303853989, 6.33904743195, 6.81505680084, 7.2910656929, 7.75546455383, 8.2198638916, 8.68426322937, 9.21832180023, 9.75238037109, 10.2748298645, 10.7972784042, 11.3081178665, 11.8189563751, 12.3414058685, 12.8638544083, 13.4211339951, 13.966802597, 14.512471199, 15.0465307236, 15.5921993256, 16.1378688812, 16.6835365295, 17.2292060852, 17.7748756409, 18.2160549164, 18.6456241608, 19.0751914978, 19.5279808044, 19.9807701111, 20.4335594177, 20.8979587555, 21.3623580933, 21.826757431, 22.2911567688, 22.7439460754, 23.219953537, 23.6959629059, 24.1835823059, 24.6828117371, 25.2633094788, 25.7857589722, 26.3082084656, 26.8074378967, 27.3182754517, 27.8058948517, 28.2819042206, 28.7463035583, 29.2223129272, 29.7099323273, 30.2788200378, 30.8360996246, 31.3817672729, 31.9274368286, 32.4847145081, 32.9491157532, 33.4251251221, 33.901134491, 34.3655319214, 34.8299331665, 35.3059387207, 35.7703399658, 36.2463493347, 36.7107467651, 37.1751480103, 37.6743774414, 38.1736030579, 38.7541046143, 39.334602356, 39.8918800354, 40.4375495911, 40.9832191467, 41.5404968262, 42.0977783203, 42.6550559998, 43.2471656799, 43.8392753601, 44.4197731018]
},
"tonal": {
    "chords_changes_rate": 0.0236625522375,
    "chords_number_rate": 0.00720164598897,
    "chords_strength": {
        "mean": 0.499562233686,
        "var": 0.00682719890028
    },
    "hpcp_entropy": {
        "mean": 1.08437156677,
        "var": 0.42730024457
    },
    "key_strength": 0.773133993149,
    "tuning_diatonic_strength": 0.583806455135,
    "tuning_equal_tempered_deviation": 0.0431181229651,
    "tuning_frequency": 432.441040039,
    "tuning_nontempered_energy_ratio": 0.624152719975,
    "hpcp": {
        "mean": [0.00980607047677, 0.0131949493662, 0.100258491933, 0.230254068971, 0.151148051023, 0.0162839144468, 0.0021148219239, 0.00175407971255, 0.0464625731111, 0.122256889939, 0.0810058042407, 0.00507558509707, 0.00176004099194, 0.00163103302475, 0.0232071783394, 0.0882870107889, 0.115677520633, 0.394690275192, 0.609355211258, 0.284076631069, 0.0220601949841, 0.0039807613939, 0.00340603850782, 0.0334652140737, 0.103987321258, 0.0804379358888, 0.0109696732834, 0.00688340002671, 0.012233806774, 0.0968352630734, 0.200179159641, 0.124819420278, 0.051801212132, 0.101106598973, 0.0691610574722, 0.00956139154732],
        "var": [0.00350789632648, 0.00562318041921, 0.0222072340548, 0.0928319841623, 0.0450894981623, 0.00198710849509, 6.72576497891e-005, 0.000193880536244, 0.0137369772419, 0.0867932289839, 0.0376891829073, 0.000286822061753, 0.000623582978733, 0.000248038675636, 0.0052401102148, 0.0619878731668, 0.0576071925461, 0.0853623077273, 0.177085846663, 0.0629892274737, 0.00341452960856, 0.000607819820289, 0.000937369884923, 0.00704429950565, 0.0701774358749, 0.0454856678843, 0.00274898461066, 0.00295294588432, 0.00549887912348, 0.0273330435157, 0.106983624399, 0.0515843369067, 0.0142971295863, 0.0627786293626, 0.0298840943724, 0.0011861595558]
    },
    "chords_histogram": [55.4526748657, 5.96707820892, 0.411522626877, 3.70370364189, 0, 0, 0, 0, 2.67489719391, 0, 0, 0, 0, 0, 0, 0, 0, 0.514403283596, 0, 0, 0, 3.18930029869, 13.6831274033, 14.4032926559],
    "thpcp": [1, 0.466192185879, 0.0362025201321, 0.00653274357319, 0.00558957783505, 0.0549190565944, 0.17065140605, 0.132005006075, 0.0180021002889, 0.0112962024286, 0.0200766418129, 0.15891431272, 0.328509807587, 0.204838514328, 0.0850098803639, 0.165923908353, 0.113498754799, 0.0156909991056, 0.0160925351083, 0.0216539539397, 0.164532095194, 0.377865105867, 0.248045876622, 0.0267231892794, 0.00347058963962, 0.00287858326919, 0.0762487500906, 0.200633212924, 0.132936924696, 0.00832943618298, 0.00288836611435, 0.00267665390857, 0.0380848124623, 0.144885957241, 0.189835935831, 0.647717893124],
    "chords_key": "D#",
    "chords_scale": "major",
    "key_key": "D#",
    "key_scale": "major"
}
}