{
"lowlevel": {
    "average_loudness": 0.944653093815,
    "barkbands_crest": {
        "mean": 10.4497261047,
        "var": 12.7864761353
    },
    "barkbands_flatness_db": {
        "mean": 0.201635181904,
        "var": 0.00271934107877
    },
    "barkbands_kurtosis": {
        "mean": 9.25685977936,
        "var": 229.715042114
    },
    "barkbands_skewness": {
        "mean": 2.16806602478,
        "var": 1.60483539104
    },
    "barkbands_spread": {
        "mean": 10.8679113388,
        "var": 63.0218353271
    },
    "dissonance": {
        "mean": 0.447793990374,
        "var": 0.000869407260325
    },
    "dynamic_complexity": 2.77968811989,
    "erbbands_crest": {
        "mean": 8.8435792923,
        "var": 12.0413599014
    },
    "erbbands_flatness_db": {
        "mean": 0.17225009203,
        "var": 0.00129137246404
    },
    "erbbands_kurtosis": {
        "mean": 0.973402619362,
        "var": 3.8432123661
    },
    "erbbands_skewness": {
        "mean": 0.868925750256,
        "var": 0.370280176401
    },
    "erbbands_spread": {
        "mean": 32.3823852539,
        "var": 204.32850647
    },
    "hfc": {
        "mean": 11.6271409988,
        "var": 298.981384277
    },
    "melbands_crest": {
        "mean": 14.8930034637,
        "var": 23.1604480743
    },
    "melbands_flatness_db": {
        "mean": 0.281957030296,
        "var": 0.0051095765084
    },
    "melbands_kurtosis": {
        "mean": 17.8420543671,
        "var": 713.559387207
    },
    "melbands_skewness": {
        "mean": 2.85284495354,
        "var": 2.34536719322
    },
    "melbands_spread": {
        "mean": 11.0745096207,
        "var": 122.663871765
    },
    "pitch_salience": {
        "mean": 0.53644400835,
        "var": 0.0126821147278
    },
    "silence_rate_20dB": {
        "mean": 1,
        "var": 0
    },
    "silence_rate_30dB": {
        "mean": 0.968074142933,
        "var": 0.0309061501175
    },
    "silence_rate_60dB": {
        "mean": 0.00463439757004,
        "var": 0.00461305817589
    },
    "spectral_centroid": {
        "mean": 741.380981445,
        "var": 363879.90625
    },
    "spectral_complexity": {
        "mean": 13.8501548767,
        "var": 43.5527229309
    },
    "spectral_decrease": {
        "mean": -7.82100872954e-009,
        "var": 7.27216563445e-017
    },
    "spectral_energy": {
        "mean": 0.0305729024112,
        "var": 0.00107921578456
    },
    "spectral_energyband_high": {
        "mean": 0.00038435778697,
        "var": 3.77288233722e-006
    },
    "spectral_energyband_low": {
        "mean": 0.0156433153898,
        "var": 0.0008280929178
    },
    "spectral_energyband_middle_high": {
        "mean": 0.00250136596151,
        "var": 2.17954784603e-005
    },
    "spectral_energyband_middle_low": {
        "mean": 0.0127526829019,
        "var": 0.000126256287331
    },
    "spectral_entropy": {
        "mean": 6.91278743744,
        "var": 0.249963462353
    },
    "spectral_flux": {
        "mean": 0.0581789240241,
        "var": 0.00381634780206
    },
    "spectral_kurtosis": {
        "mean": 9.00643253326,
        "var": 44.2069892883
    },
    "spectral_rms": {
        "mean": 0.00504339812323,
        "var": 4.39139557784e-006
    },
    "spectral_rolloff": {
        "mean": 628.30078125,
        "var": 1002911.9375
    },
    "spectral_skewness": {
        "mean": 2.1758916378,
        "var": 0.602771580219
    },
    "spectral_spread": {
        "mean": 3481760.25,
        "var": 3.19487711642e+012
    },
    "spectral_strongpeak": {
        "mean": 0.631774127483,
        "var": 0.438407510519
    },
    "zerocrossingrate": {
        "mean": 0.0305319093168,
        "var": 0.000722183671314
    },
    "barkbands": {
        "mean": [0.000241145287873, 0.00874795392156, 0.00598212145269, 0.00154313910753, 0.00400653062388, 0.00397270172834, 0.00120554899331, 0.000804322946351, 0.00113744917326, 0.000547960808035, 0.000455123983556, 0.000364140607417, 0.000242312933551, 0.000268078409135, 0.000161556890816, 0.000143940371345, 9.28596928134e-005, 0.000125310121803, 9.60894467426e-005, 0.000208934085094, 7.8300567111e-005, 6.06188914389e-005, 3.98785014113e-005, 2.70654345513e-005, 1.53294386109e-005, 4.56041698271e-006, 1.61115865094e-009],
        "var": [4.40807866653e-007, 0.000534731487278, 6.49353823974e-005, 6.46709622742e-006, 2.51034362009e-005, 4.17329756601e-005, 3.42792691299e-006, 1.43159161325e-006, 5.06681180923e-006, 1.47339892465e-006, 3.75749868908e-006, 1.01963917132e-006, 1.87858120171e-007, 3.00352212435e-007, 2.08868769391e-007, 1.55242318556e-007, 3.79698619213e-008, 7.68642962612e-008, 8.42482137386e-008, 1.80311462827e-006, 7.07162612912e-008, 4.1321303712e-008, 3.14850403527e-008, 1.19115153296e-008, 3.36225092212e-009, 2.4015733846e-010, 8.78451119804e-017]
    },
    "erbbands": {
        "mean": [0.201430693269, 2.14628386497, 7.02933263779, 5.5763130188, 9.06914615631, 15.3233280182, 13.4812002182, 41.4986190796, 27.1723804474, 13.7860975266, 20.784324646, 17.6500339508, 26.089679718, 17.8435592651, 15.1276512146, 12.4972658157, 12.3501682281, 9.9621219635, 11.7938289642, 8.78322505951, 8.64238739014, 5.84842824936, 6.0749297142, 6.47705459595, 4.85925865173, 10.841591835, 4.80940485001, 3.132843256, 2.16153669357, 1.37374651432, 1.20062685013, 0.674794375896, 0.401425033808, 0.210560023785, 0.0919407755136, 0.0292771980166, 0.00695809535682, 0.000621708109975, 2.79096948361e-005, 3.52838469553e-005],
        "var": [0.336201280355, 30.3900299072, 102.410087585, 54.4974136353, 139.360214233, 496.015808105, 189.288223267, 5507.4921875, 1591.1895752, 243.610977173, 1111.49108887, 928.070068359, 2549.20239258, 1319.78674316, 3977.87231445, 1402.26477051, 648.952941895, 217.440048218, 808.792053223, 497.975860596, 422.055541992, 139.429580688, 145.785079956, 351.319824219, 216.861312866, 5267.00878906, 515.769836426, 154.63822937, 59.5747833252, 20.9485626221, 35.4593811035, 7.33746194839, 3.07076025009, 0.713724672794, 0.11425896734, 0.0105728283525, 0.000574712234084, 4.54135170003e-006, 2.63216848317e-009, 1.39361089335e-009]
    },
    "gfcc": {
        "mean": [-38.0818519592, 140.905670166, -100.478492737, 32.4141731262, -51.3717918396, 5.30953931808, -29.7191772461, 5.85660076141, -20.481212616, 4.75628185272, -12.0687475204, 0.487284630537, -8.71271133423],
        "cov": [[5174.69335938, -545.864074707, -881.301574707, 380.080200195, -530.258544922, 316.053710938, -135.2237854, 19.7784118652, -59.2673530579, 5.34423732758, -41.2479438782, -21.6535987854, 75.2261962891], [-545.864074707, 836.34564209, 168.632705688, -240.489776611, 284.145599365, -244.819854736, 33.3819084167, -73.4877471924, 60.9176368713, -44.8219451904, 11.9407091141, -25.6346168518, -43.0305213928], [-881.301574707, 168.632705688, 583.602905273, 34.7538223267, 132.671386719, -39.0324172974, -17.4574108124, 24.7977638245, -26.8850650787, -10.2843399048, -12.4217681885, -15.0535392761, -41.9113197327], [380.080200195, -240.489776611, 34.7538223267, 253.483444214, -71.9803466797, 84.2252578735, 13.5033349991, 32.1640548706, -14.8906202316, 10.8930540085, 22.943523407, -9.2639503479, -3.92378902435], [-530.258544922, 284.145599365, 132.671386719, -71.9803466797, 264.502655029, -60.1407661438, 41.2814369202, 4.79420661926, 27.378276825, -8.45252895355, 3.88542938232, 7.51728630066, -27.4057006836], [316.053710938, -244.819854736, -39.0324172974, 84.2252578735, -60.1407661438, 211.474655151, 26.2031269073, 20.236158371, -9.60242271423, -1.15414834023, -17.5713825226, 5.22028923035, 24.455499649], [-135.2237854, 33.3819084167, -17.4574108124, 13.5033349991, 41.2814369202, 26.2031269073, 108.202346802, 17.6756439209, 17.4088039398, 0.119421184063, 7.01433563232, 3.16301298141, -7.71994781494], [19.7784118652, -73.4877471924, 24.7977638245, 32.1640548706, 4.79420661926, 20.236158371, 17.6756439209, 95.9302368164, 21.3185214996, 8.60896968842, -1.16036844254, 7.83067750931, -1.03492426872], [-59.2673530579, 60.9176368713, -26.8850650787, -14.8906202316, 27.378276825, -9.60242271423, 17.4088039398, 21.3185214996, 98.32472229, 15.8849582672, 5.51094865799, -2.82815098763, 4.14297628403], [5.34423732758, -44.8219451904, -10.2843399048, 10.8930540085, -8.45252895355, -1.15414834023, 0.119421184063, 8.60896968842, 15.8849582672, 74.1159591675, 27.5683059692, 4.28535890579, 1.77997863293], [-41.2479438782, 11.9407091141, -12.4217681885, 22.943523407, 3.88542938232, -17.5713825226, 7.01433563232, -1.16036844254, 5.51094865799, 27.5683059692, 71.4597549438, 15.6502380371, -4.48297023773], [-21.6535987854, -25.6346168518, -15.0535392761, -9.2639503479, 7.51728630066, 5.22028923035, 3.16301298141, 7.83067750931, -2.82815098763, 4.28535890579, 15.6502380371, 67.0158920288, 18.0167045593], [75.2261962891, -43.0305213928, -41.9113197327, -3.92378902435, -27.4057006836, 24.455499649, -7.71994781494, -1.03492426872, 4.14297628403, 1.77997863293, -4.48297023773, 18.0167045593, 67.5186691284]],
        "icov": [[0.00061332876794, -0.00123696646187, 0.00122839212418, -0.00157171406318, 0.000947231252212, -0.00121480715461, 0.00146739080083, -0.000989983323961, 0.000840415246785, -0.000767890072893, 0.00111979013309, -0.000449766317615, 0.000339623598848], [-0.00123696646187, 0.00704674003646, -0.00337262148969, 0.00556220905855, -0.00454013235867, 0.00554954726249, -0.00461013941094, 0.00475085992366, -0.00393651472405, 0.00435677077621, -0.00420304387808, 0.00288749393076, -0.0011311826529], [0.00122839212418, -0.00337262148969, 0.00491012865677, -0.00437286682427, 0.000953915645368, -0.00278108729981, 0.00418642954901, -0.00320735992864, 0.00301155378111, -0.00220832391642, 0.0032595214434, -0.00099174992647, 0.00145424157381], [-0.00157171406318, 0.00556220905855, -0.00437286682427, 0.0110634304583, -0.00219765608199, 0.00266764545813, -0.00523091480136, 0.00241123791784, -0.00272735930048, 0.00370386708528, -0.00685276649892, 0.00356176192872, -0.000530556426384], [0.000947231252212, -0.00454013235867, 0.000953915645368, -0.00219765608199, 0.00886356271803, -0.00284317275509, 0.000705373124219, -0.00292778830044, 0.00110215705354, -0.00204695458524, 0.0023553580977, -0.00292160944082, 0.00210117758252], [-0.00121480715461, 0.00554954726249, -0.00278108729981, 0.00266764545813, -0.00284317275509, 0.0111169209704, -0.00594318332151, 0.00336099951528, -0.00259756017476, 0.00301208184101, -0.000912019691896, 0.0014973358484, -0.0028697787784], [0.00146739080083, -0.00461013941094, 0.00418642954901, -0.00523091480136, 0.000705373124219, -0.00594318332151, 0.0156027926132, -0.00479464838281, 0.0016618152149, -0.002139902208, 0.00216627167538, -0.00182358012535, 0.00245601125062], [-0.000989983323961, 0.00475085992366, -0.00320735992864, 0.00241123791784, -0.00292778830044, 0.00336099951528, -0.00479464838281, 0.0157514438033, -0.00570051558316, 0.00170112587512, -0.0010928530246, -0.000514597049914, -6.2849096139e-005], [0.000840415246785, -0.00393651472405, 0.00301155378111, -0.00272735930048, 0.00110215705354, -0.00259756017476, 0.0016618152149, -0.00570051558316, 0.0146174058318, -0.00481696240604, 0.00216661184095, 0.000413980829762, -0.000979974283837], [-0.000767890072893, 0.00435677077621, -0.00220832391642, 0.00370386708528, -0.00204695458524, 0.00301208184101, -0.002139902208, 0.00170112587512, -0.00481696240604, 0.0193467773497, -0.00933846272528, 0.00237642042339, -0.00113243050873], [0.00111979013309, -0.00420304387808, 0.0032595214434, -0.00685276649892, 0.0023553580977, -0.000912019691896, 0.00216627167538, -0.0010928530246, 0.00216661184095, -0.00933846272528, 0.0226537846029, -0.00695338845253, 0.00268890615553], [-0.000449766317615, 0.00288749393076, -0.00099174992647, 0.00356176192872, -0.00292160944082, 0.0014973358484, -0.00182358012535, -0.000514597049914, 0.000413980829762, 0.00237642042339, -0.00695338845253, 0.0195507444441, -0.00577854458243], [0.000339623598848, -0.0011311826529, 0.00145424157381, -0.000530556426384, 0.00210117758252, -0.0028697787784, 0.00245601125062, -6.2849096139e-005, -0.000979974283837, -0.00113243050873, 0.00268890615553, -0.00577854458243, 0.0185659043491]]
    },
    "melbands": {
        "mean": [0.00210318085738, 0.00348689383827, 0.00109900289681, 0.000925296393689, 0.000494449515827, 0.000873439887073, 0.00040330333286, 0.000159105693456, 0.000168327693245, 0.000126820988953, 0.000134477348183, 7.49404498492e-005, 5.87926151638e-005, 3.44132167811e-005, 3.51005037373e-005, 2.60934157268e-005, 1.73797470779e-005, 2.13548264583e-005, 1.38636860356e-005, 9.08391575649e-006, 9.93516914605e-006, 5.68471068618e-006, 4.92828394272e-006, 6.08085838394e-006, 5.29448834641e-006, 3.4441900425e-006, 3.74421551896e-006, 8.61082662595e-006, 3.43352280652e-006, 1.69804798134e-006, 1.90753348761e-006, 1.32265859065e-006, 9.15971895665e-007, 6.59902525513e-007, 7.43597468045e-007, 5.16572015385e-007, 3.7009115772e-007, 2.95071231449e-007, 2.03936664889e-007, 1.73913576873e-007],
        "var": [3.43777974194e-005, 3.48255925928e-005, 1.82510541435e-006, 1.83987594937e-006, 2.10941308865e-007, 2.25864800996e-006, 3.40624950468e-007, 3.52786422297e-008, 1.00900223288e-007, 5.53285346427e-008, 6.955904297e-008, 2.15080184773e-008, 8.07489541899e-008, 5.2079665025e-009, 2.67236934803e-008, 1.34958988429e-009, 7.69736829831e-010, 3.12303094496e-009, 1.20467591458e-009, 8.48584258417e-010, 5.72158820322e-010, 1.65221281101e-010, 6.90399057368e-011, 2.10940015455e-010, 2.69103100914e-010, 6.92860560592e-011, 1.77880876695e-010, 3.9418153186e-009, 3.23695570348e-010, 2.982787628e-011, 6.45551459511e-011, 2.2494566973e-011, 1.0025008601e-011, 4.88422713732e-012, 1.46140408802e-011, 5.26680392007e-012, 2.34704638537e-012, 1.88190110197e-012, 6.58475119049e-013, 5.27308936533e-013]
    },
    "mfcc": {
        "mean": [-686.577453613, 169.485839844, 10.0755519867, 34.5016326904, 0.0920179411769, 5.77217483521, 1.05310404301, 2.19397211075, -1.08156311512, 1.16134381294, 2.51189446449, 0.0310024451464, -2.17289853096],
        "cov": [[3965.84472656, -1235.47827148, -306.354187012, -189.588485718, -254.441055298, 148.015136719, -61.3628845215, 20.0251560211, -0.949189960957, 85.9668655396, -120.781356812, -48.3093414307, 46.0993728638], [-1235.47827148, 1235.06591797, -81.7736129761, 100.33581543, 143.675354004, -84.1377258301, -44.4109115601, -37.3709907532, 0.126951381564, -66.5892333984, 63.5590820313, 21.8480834961, -32.7264328003], [-306.354187012, -81.7736129761, 404.971069336, 67.8064804077, 57.0474700928, 3.13384389877, 30.4455165863, 2.71562194824, 3.04245972633, 5.16211843491, -9.79446125031, 10.7960100174, -14.950884819], [-189.588485718, 100.33581543, 67.8064804077, 190.136566162, 39.5579452515, -28.8028926849, 17.7453765869, 5.75761127472, -23.8198719025, 0.0495751611888, 53.1058540344, 0.670646548271, 14.7930936813], [-254.441055298, 143.675354004, 57.0474700928, 39.5579452515, 159.097244263, 4.97066402435, 10.2784452438, 10.8172626495, 18.513502121, -16.1218757629, 13.2012910843, 18.634677887, -0.639052152634], [148.015136719, -84.1377258301, 3.13384389877, -28.8028926849, 4.97066402435, 126.434333801, 33.8690948486, 17.6685199738, 15.3738746643, 6.31874275208, -12.6983852386, 1.6749355793, 1.30004394054], [-61.3628845215, -44.4109115601, 30.4455165863, 17.7453765869, 10.2784452438, 33.8690948486, 106.372062683, 26.0933551788, -3.40093207359, 0.57849085331, -0.733498811722, -6.07850313187, 19.3874015808], [20.0251560211, -37.3709907532, 2.71562194824, 5.75761127472, 10.8172626495, 17.6685199738, 26.0933551788, 105.855918884, 31.8992176056, -2.88469719887, 6.61192989349, 1.80835199356, 7.14766216278], [-0.949189960957, 0.126951381564, 3.04245972633, -23.8198719025, 18.513502121, 15.3738746643, -3.40093207359, 31.8992176056, 97.0006332397, 11.155503273, -11.7802019119, 12.1048088074, -14.0575218201], [85.9668655396, -66.5892333984, 5.16211843491, 0.0495751611888, -16.1218757629, 6.31874275208, 0.57849085331, -2.88469719887, 11.155503273, 97.1943969727, 16.2501049042, -8.82077407837, -0.900153517723], [-120.781356812, 63.5590820313, -9.79446125031, 53.1058540344, 13.2012910843, -12.6983852386, -0.733498811722, 6.61192989349, -11.7802019119, 16.2501049042, 98.1706848145, 10.3788070679, 1.57596135139], [-48.3093414307, 21.8480834961, 10.7960100174, 0.670646548271, 18.634677887, 1.6749355793, -6.07850313187, 1.80835199356, 12.1048088074, -8.82077407837, 10.3788070679, 71.7629470825, 6.24994277954], [46.0993728638, -32.7264328003, -14.950884819, 14.7930936813, -0.639052152634, 1.30004394054, 19.3874015808, 7.14766216278, -14.0575218201, -0.900153517723, 1.57596135139, 6.24994277954, 72.2146987915]],
        "icov": [[0.00046492749243, 0.000446504331194, 0.00041428845725, -0.000141991113196, 0.000150285544805, -0.000388444081182, 0.000508608820383, -4.80131748191e-005, 6.08418122283e-005, -0.000145077749039, 0.000364451523637, 5.8808887843e-005, -0.000106065846921], [0.000446504331194, 0.00154025107622, 0.000821787805762, -0.000572544406168, -0.000827404786833, 0.000146138540003, 0.000602098589297, 0.000410586158978, -0.000144530145917, 0.000511817226652, -6.09090930084e-005, 2.09864429053e-005, 0.000465926161269], [0.00041428845725, 0.000821787805762, 0.00346883782186, -0.0014990294585, -0.00103683921043, -0.000130633517983, -0.000311245355988, 0.000194663618458, 0.000143915211083, -0.000434522924479, 0.00137690606061, -0.00062269042246, 0.00123710394837], [-0.000141991113196, -0.000572544406168, -0.0014990294585, 0.00782777927816, -0.000988838728517, 0.00148052873556, -0.00111643620767, -0.000483734387672, 0.00124844827224, 9.0972695034e-005, -0.00376995815895, 0.000848920957651, -0.00151752005331], [0.000150285544805, -0.000827404786833, -0.00103683921043, -0.000988838728517, 0.00840515922755, -0.00100699637551, -0.000258322193986, -0.000274069345323, -0.00164191075601, 0.000938223442063, -0.000312076183036, -0.00117536273319, -0.000493403873406], [-0.000388444081182, 0.000146138540003, -0.000130633517983, 0.00148052873556, -0.00100699637551, 0.00996213778853, -0.00351111148484, -0.000455464178231, -0.000791869591922, -0.000315557932481, 4.41824668087e-005, -0.00052706617862, 0.000669887987897], [0.000508608820383, 0.000602098589297, -0.000311245355988, -0.00111643620767, -0.000258322193986, -0.00351111148484, 0.0126362275332, -0.00253229541704, 0.00112210691441, -0.000127336665173, 0.000703784404323, 0.00144464755431, -0.0028919687029], [-4.80131748191e-005, 0.000410586158978, 0.000194663618458, -0.000483734387672, -0.000274069345323, -0.000455464178231, -0.00253229541704, 0.0119658512995, -0.00465887645259, 0.0015522117028, -0.00176455127075, 0.000707228202373, -0.00105288589839], [6.08418122283e-005, -0.000144530145917, 0.000143915211083, 0.00124844827224, -0.00164191075601, -0.000791869591922, 0.00112210691441, -0.00465887645259, 0.0139168025926, -0.00271290075034, 0.00229222909547, -0.00253639463335, 0.00267407670617], [-0.000145077749039, 0.000511817226652, -0.000434522924479, 9.0972695034e-005, 0.000938223442063, -0.000315557932481, -0.000127336665173, 0.0015522117028, -0.00271290075034, 0.0120712146163, -0.00340312649496, 0.00199019536376, -0.000365113955922], [0.000364451523637, -6.09090930084e-005, 0.00137690606061, -0.00376995815895, -0.000312076183036, 4.41824668087e-005, 0.000703784404323, -0.00176455127075, 0.00229222909547, -0.00340312649496, 0.0141254030168, -0.00266808643937, 0.00110567512456], [5.8808887843e-005, 2.09864429053e-005, -0.00062269042246, 0.000848920957651, -0.00117536273319, -0.00052706617862, 0.00144464755431, 0.000707228202373, -0.00253639463335, 0.00199019536376, -0.00266808643937, 0.0157574061304, -0.00256406399421], [-0.000106065846921, 0.000465926161269, 0.00123710394837, -0.00151752005331, -0.000493403873406, 0.000669887987897, -0.0028919687029, -0.00105288589839, 0.00267407670617, -0.000365113955922, 0.00110567512456, -0.00256406399421, 0.0162714030594]]
    },
    "spectral_contrast_coeffs": {
        "mean": [-0.648752748966, -0.708500564098, -0.730639159679, -0.74702835083, -0.763944029808, -0.729692876339],
        "var": [0.00551985856146, 0.0048140315339, 0.00482977414504, 0.00322673562914, 0.00263185845688, 0.00303128641099]
    },
    "spectral_contrast_valleys": {
        "mean": [-6.8008685112, -6.60238265991, -7.84362602234, -8.58971977234, -8.59610271454, -11.6890192032],
        "var": [1.07570672035, 1.00741243362, 1.13516795635, 1.1480152607, 1.23495995998, 1.45835578442]
    }
},
"metadata": {
    "audio_properties": {
        "analysis_sample_rate": 44100,
        "bit_rate": 105498,
        "equal_loudness": 0,
        "length": 45.0612258911,
        "lossless": 0,
        "replay_gain": -10.7017421722,
        "sample_rate": 44100,
        "codec": "mp3",
        "downmix": "mix",
        "md5_encoded": "dfd2dd27d60d714630b912626792cbcf"
    },
    "tags": {
        "file_name": "582.mp3"
    },
    "version": {
        "essentia": "2.1-beta2",
        "essentia_git_sha": "v2.1_beta2",
        "extractor": "music 1.0"
    }
},
"rhythm": {
    "beats_count": 89,
    "beats_loudness": {
        "mean": 0.0422369129956,
        "var": 0.000730234896764
    },
    "bpm": 119.950889587,
    "bpm_histogram_first_peak_bpm": {
        "mean": 120,
        "var": 0
    },
    "bpm_histogram_first_peak_spread": {
        "mean": 0.395348846912,
        "var": 0
    },
    "bpm_histogram_first_peak_weight": {
        "mean": 0.590909063816,
        "var": 0
    },
    "bpm_histogram_second_peak_bpm": {
        "mean": 103,
        "var": 0
    },
    "bpm_histogram_second_peak_spread": {
        "mean": 0,
        "var": 0
    },
    "bpm_histogram_second_peak_weight": {
        "mean": 0.0113636367023,
        "var": 0
    },
    "danceability": 1.23755300045,
    "onset_rate": 3.17202997208,
    "beats_loudness_band_ratio": {
        "mean": [0.501366376877, 0.239897444844, 0.139547675848, 0.0852131545544, 0.0396485105157, 0.0345455743372],
        "var": [0.0567481331527, 0.0265595782548, 0.0168099422008, 0.00959802325815, 0.00164984690491, 0.00240425369702]
    },
    "beats_position": [0.557278871536, 1.13777780533, 1.67183673382, 2.18267560005, 2.68190479279, 3.1811337471, 3.68036270142, 4.17959165573, 4.67882061005, 5.17804956436, 5.67727899551, 6.17650794983, 6.67573690414, 7.17496585846, 7.6858048439, 8.18503379822, 8.68426322937, 9.17188167572, 9.67111110687, 10.1703395844, 10.6695690155, 11.1804075241, 11.6912469864, 12.1904764175, 12.689704895, 13.1889343262, 13.6881628036, 14.1873922348, 14.6866207123, 15.1858501434, 15.6734695435, 16.1726989746, 16.6719264984, 17.1595458984, 17.6703853607, 18.181224823, 18.6804523468, 19.179681778, 19.6905212402, 20.1897506714, 20.6889801025, 21.1765975952, 21.6874370575, 22.1866664886, 22.6858959198, 23.1735134125, 23.6727428436, 24.1835823059, 24.6828117371, 25.1704311371, 25.6696586609, 26.168888092, 26.6681175232, 27.1673469543, 27.6781845093, 28.1890239716, 28.6766433716, 29.1874828339, 29.686712265, 30.1859397888, 30.6967792511, 31.1843986511, 31.6836280823, 32.1828575134, 32.6936950684, 33.1813163757, 33.6921539307, 34.1797714233, 34.6790008545, 35.1782302856, 35.6774597168, 36.1882972717, 36.6875267029, 37.1751480103, 37.6859855652, 38.1968231201, 38.6960525513, 39.1952819824, 39.6945114136, 40.1937408447, 40.6813583374, 41.1689796448, 41.6798171997, 42.1906585693, 42.6898841858, 43.1891136169, 43.6883430481, 44.1875724792, 44.6984100342]
},
"tonal": {
    "chords_changes_rate": 0.0339506156743,
    "chords_number_rate": 0.00925925932825,
    "chords_strength": {
        "mean": 0.497896522284,
        "var": 0.00592427421361
    },
    "hpcp_entropy": {
        "mean": 1.65157175064,
        "var": 0.404127269983
    },
    "key_strength": 0.738047480583,
    "tuning_diatonic_strength": 0.577903449535,
    "tuning_equal_tempered_deviation": 0.0108663644642,
    "tuning_frequency": 441.017791748,
    "tuning_nontempered_energy_ratio": 0.585558950901,
    "hpcp": {
        "mean": [0.136707335711, 0.0824823603034, 0.117854803801, 0.198223888874, 0.128295615315, 0.124561287463, 0.183266982436, 0.106891535223, 0.0385218821466, 0.0302985589951, 0.0322922766209, 0.132420092821, 0.219738379121, 0.116802923381, 0.0187729280442, 0.0161961596459, 0.0198064092547, 0.0831648185849, 0.145002856851, 0.0821500122547, 0.0236768294126, 0.0302681121975, 0.0384627208114, 0.0836762115359, 0.08615321666, 0.0454922318459, 0.266144156456, 0.509373247623, 0.295256972313, 0.0461078248918, 0.0252584330738, 0.0290361251682, 0.104634560645, 0.188194707036, 0.130493849516, 0.105000406504],
        "var": [0.0983659848571, 0.033196657896, 0.0358351506293, 0.0961013436317, 0.0373638160527, 0.0585483461618, 0.123835608363, 0.0490421131253, 0.0158132854849, 0.0142763378099, 0.0112813906744, 0.0361314453185, 0.0718532204628, 0.0236963573843, 0.00744851212949, 0.00552435033023, 0.00898856204003, 0.0246303100139, 0.0628029257059, 0.0193930156529, 0.00406524399295, 0.00870181899518, 0.00613514892757, 0.0171652585268, 0.0206644777209, 0.0115551128983, 0.0524798519909, 0.167116135359, 0.0828217715025, 0.0133038079366, 0.00869469065219, 0.0124805914238, 0.0311212409288, 0.0890754386783, 0.0492256805301, 0.047484960407]
    },
    "chords_histogram": [8.84773635864, 9.46502017975, 48.0452690125, 0.205761313438, 2.26337456703, 0, 1.33744859695, 0, 0, 0, 0, 0, 0, 0, 0, 0, 0, 0, 0, 15.843621254, 2.67489719391, 2.57201647758, 0, 8.74485588074],
    "thpcp": [1, 0.579647600651, 0.0905187427998, 0.0495872795582, 0.0570036321878, 0.205418244004, 0.369463264942, 0.256185114384, 0.206136479974, 0.268383413553, 0.161929115653, 0.231372192502, 0.389152526855, 0.251869559288, 0.244538336992, 0.359789192677, 0.209849134088, 0.0756260380149, 0.0594820380211, 0.0633960962296, 0.259966731071, 0.431389719248, 0.22930714488, 0.0368549562991, 0.0317962504923, 0.0388838835061, 0.163268923759, 0.284669160843, 0.161276653409, 0.0464822798967, 0.0594222657382, 0.0755098983645, 0.164272889495, 0.169135734439, 0.0893102139235, 0.522493422031],
    "chords_key": "F#",
    "chords_scale": "major",
    "key_key": "B",
    "key_scale": "major"
}
}