{
"lowlevel": {
    "average_loudness": 0.732191205025,
    "barkbands_crest": {
        "mean": 13.0714673996,
        "var": 21.7205982208
    },
    "barkbands_flatness_db": {
        "mean": 0.297467470169,
        "var": 0.00236744899303
    },
    "barkbands_kurtosis": {
        "mean": 4.48545503616,
        "var": 63.0392723083
    },
    "barkbands_skewness": {
        "mean": 1.25321400166,
        "var": 1.37009310722
    },
    "barkbands_spread": {
        "mean": 9.0948266983,
        "var": 34.8369865417
    },
    "dissonance": {
        "mean": 0.414945721626,
        "var": 0.0030797352083
    },
    "dynamic_complexity": 3.26740074158,
    "erbbands_crest": {
        "mean": 15.1619081497,
        "var": 36.6675376892
    },
    "erbbands_flatness_db": {
        "mean": 0.340915828943,
        "var": 0.00202429876663
    },
    "erbbands_kurtosis": {
        "mean": 2.2336833477,
        "var": 34.5989646912
    },
    "erbbands_skewness": {
        "mean": 0.640957593918,
        "var": 1.82631790638
    },
    "erbbands_spread": {
        "mean": 16.4085216522,
        "var": 67.9524459839
    },
    "hfc": {
        "mean": 12.3124876022,
        "var": 853.793823242
    },
    "melbands_crest": {
        "mean": 15.5721244812,
        "var": 23.0041770935
    },
    "melbands_flatness_db": {
        "mean": 0.377070486546,
        "var": 0.00326409400441
    },
    "melbands_kurtosis": {
        "mean": 6.42513608932,
        "var": 98.8325576782
    },
    "melbands_skewness": {
        "mean": 1.47486031055,
        "var": 1.23309159279
    },
    "melbands_spread": {
        "mean": 14.2231531143,
        "var": 143.492370605
    },
    "pitch_salience": {
        "mean": 0.44421556592,
        "var": 0.013058418408
    },
    "silence_rate_20dB": {
        "mean": 1,
        "var": 0
    },
    "silence_rate_30dB": {
        "mean": 0.994853317738,
        "var": 0.00512034865096
    },
    "silence_rate_60dB": {
        "mean": 0.0509521365166,
        "var": 0.0483557097614
    },
    "spectral_centroid": {
        "mean": 782.058105469,
        "var": 280807.46875
    },
    "spectral_complexity": {
        "mean": 9.29284572601,
        "var": 10.7763834
    },
    "spectral_decrease": {
        "mean": -3.98015442826e-009,
        "var": 1.99299143166e-017
    },
    "spectral_energy": {
        "mean": 0.0161387622356,
        "var": 0.000362853170373
    },
    "spectral_energyband_high": {
        "mean": 6.25047562153e-007,
        "var": 1.44348487156e-012
    },
    "spectral_energyband_low": {
        "mean": 0.000914960983209,
        "var": 5.94348023242e-007
    },
    "spectral_energyband_middle_high": {
        "mean": 0.00454731611535,
        "var": 0.000204867872526
    },
    "spectral_energyband_middle_low": {
        "mean": 0.0112793687731,
        "var": 0.000148734761751
    },
    "spectral_entropy": {
        "mean": 6.14986276627,
        "var": 0.17953927815
    },
    "spectral_flux": {
        "mean": 0.0662528797984,
        "var": 0.00174148904625
    },
    "spectral_kurtosis": {
        "mean": 39.3520736694,
        "var": 467.181671143
    },
    "spectral_rms": {
        "mean": 0.00356938294135,
        "var": 3.00465649161e-006
    },
    "spectral_rolloff": {
        "mean": 1010.52838135,
        "var": 982705.3125
    },
    "spectral_skewness": {
        "mean": 3.84067320824,
        "var": 2.14956331253
    },
    "spectral_spread": {
        "mean": 1377704.375,
        "var": 1.79321254707e+012
    },
    "spectral_strongpeak": {
        "mean": 1.47745072842,
        "var": 3.67444992065
    },
    "zerocrossingrate": {
        "mean": 0.0354844518006,
        "var": 0.000702631834429
    },
    "barkbands": {
        "mean": [8.5285608975e-007, 5.247205263e-005, 0.000267528172117, 0.00117601978127, 0.000401975004934, 0.00236752885394, 0.00617552082986, 0.00109722523484, 4.5774915634e-005, 0.000135158872581, 0.000654668139759, 0.000903220614418, 0.00048836984206, 0.000194672364159, 0.00038587936433, 0.00121641892474, 0.000246830255492, 0.000272412638878, 4.57473870483e-005, 1.01048499346e-005, 1.13269862823e-007, 1.23029082033e-007, 8.1437939059e-008, 4.02790263365e-008, 3.46182602584e-008, 2.92601196605e-008, 6.79529543746e-010],
        "var": [1.38430900857e-012, 1.01414965314e-008, 1.76434639343e-007, 7.04799788309e-007, 1.01772423022e-006, 3.02158678096e-005, 8.25864408398e-005, 6.93827723808e-006, 5.58299051434e-009, 2.27856844504e-007, 3.97455369239e-006, 1.40536194522e-005, 2.04905472856e-006, 4.07521042689e-007, 2.80289259535e-006, 0.000122217286844, 1.05536616957e-006, 2.04517891689e-006, 1.04252180222e-007, 1.76560206455e-008, 6.84860696799e-014, 4.9701247214e-014, 4.05352699106e-014, 5.14856822066e-015, 1.04645001991e-015, 3.41883832154e-016, 1.83650991151e-018]
    },
    "erbbands": {
        "mean": [0.000479032169096, 0.0209531914443, 0.296193867922, 2.25611233711, 2.33993291855, 1.69935882092, 2.96966099739, 23.7811851501, 72.4321899414, 78.0185089111, 18.2595901489, 1.76406168938, 1.90369737148, 17.7073822021, 24.9778671265, 35.95652771, 25.0818405151, 9.68553638458, 14.9012842178, 36.8863182068, 60.3195037842, 16.0668563843, 16.5336017609, 6.09441804886, 1.27053380013, 0.332246929407, 0.0167235191911, 0.00422456813976, 0.00496480660513, 0.00322148064151, 0.0021304320544, 0.000962906808127, 0.000691684836056, 0.000391904643038, 0.000316009682138, 0.000166344165336, 4.52213316748e-005, 7.47523745304e-006, 8.59524152474e-006, 1.88881513168e-005],
        "var": [3.48392632077e-007, 0.00149171799421, 0.19274763763, 2.52761411667, 2.98193693161, 35.367816925, 18.3322715759, 3051.7253418, 15504.6728516, 22573.9179688, 1440.28625488, 4.99922513962, 12.0288696289, 2278.10913086, 10993.2451172, 13341.0146484, 5265.17382813, 482.52444458, 3399.66625977, 51242.2890625, 244100.78125, 4011.65576172, 7122.47412109, 1005.3168335, 119.650680542, 12.33015728, 0.0105323828757, 0.000105330320366, 9.28234439925e-005, 5.92682299612e-005, 2.43983758992e-005, 4.04976572099e-006, 1.0861086821e-006, 2.35619808109e-007, 7.27555686808e-008, 1.06876667516e-008, 2.64163069197e-009, 1.03455917444e-010, 1.40994979581e-010, 5.77359660081e-010]
    },
    "gfcc": {
        "mean": [-158.860137939, 191.693145752, -148.735992432, -32.2213478088, -23.4822120667, -21.2653255463, -55.9913291931, -6.59970283508, -14.5130558014, -11.7956647873, 0.0682291984558, -7.39873361588, -20.426153183],
        "cov": [[3219.05639648, 296.792816162, -894.242858887, 77.619354248, 162.226989746, -163.676864624, -37.1793403625, -7.11122894287, 0.175960868597, -127.491500854, 133.734466553, -15.5486660004, 5.17055177689], [296.792816162, 335.701721191, 153.565795898, -129.662750244, -46.5596008301, 67.6826553345, -14.0938777924, -66.9481582642, -20.7131252289, -5.21330022812, 15.3261613846, -12.2431087494, 20.2998085022], [-894.242858887, 153.565795898, 652.957763672, -108.553962708, -161.039932251, 95.9385681152, -3.92308068275, -77.3787002563, 7.63342905045, 85.4853286743, -76.732460022, 12.0410814285, -3.06114292145], [77.619354248, -129.662750244, -108.553962708, 340.38760376, 78.5879974365, -67.7467727661, 3.88558101654, 95.6088867188, 30.8391895294, -47.4246788025, -17.3659114838, -2.27303123474, -7.79277229309], [162.226989746, -46.5596008301, -161.039932251, 78.5879974365, 200.196670532, 8.97741222382, -25.1697006226, 38.4619636536, -17.8226051331, -31.2653331757, 8.54763889313, 7.48690271378, -16.7678318024], [-163.676864624, 67.6826553345, 95.9385681152, -67.7467727661, 8.97741222382, 208.127334595, 43.6593322754, -79.8810195923, -28.823223114, 30.026386261, -43.869934082, -11.8768644333, 0.410865396261], [-37.1793403625, -14.0938777924, -3.92308068275, 3.88558101654, -25.1697006226, 43.6593322754, 112.864601135, 35.5013046265, 0.0831882879138, 6.83975362778, 4.03696012497, -19.7188453674, -24.3878383636], [-7.11122894287, -66.9481582642, -77.3787002563, 95.6088867188, 38.4619636536, -79.8810195923, 35.5013046265, 195.744384766, 58.1827774048, -47.2442932129, 14.3040208817, -6.79527568817, -65.0839309692], [0.175960868597, -20.7131252289, 7.63342905045, 30.8391895294, -17.8226051331, -28.823223114, 0.0831882879138, 58.1827774048, 120.940139771, 24.9883651733, -15.7159805298, -21.8265476227, -24.4099559784], [-127.491500854, -5.21330022812, 85.4853286743, -47.4246788025, -31.2653331757, 30.026386261, 6.83975362778, -47.2442932129, 24.9883651733, 105.013221741, -12.6231985092, -25.8086357117, -15.3083581924], [133.734466553, 15.3261613846, -76.732460022, -17.3659114838, 8.54763889313, -43.869934082, 4.03696012497, 14.3040208817, -15.7159805298, -12.6231985092, 122.114257813, 47.4928092957, 23.9987373352], [-15.5486660004, -12.2431087494, 12.0410814285, -2.27303123474, 7.48690271378, -11.8768644333, -19.7188453674, -6.79527568817, -21.8265476227, -25.8086357117, 47.4928092957, 120.939285278, 57.800403595], [5.17055177689, 20.2998085022, -3.06114292145, -7.79277229309, -16.7678318024, 0.410865396261, -24.3878383636, -65.0839309692, -24.4099559784, -15.3083581924, 23.9987373352, 57.800403595, 143.506118774]],
        "icov": [[0.00120349624194, -0.00257338117808, 0.00236569065601, -0.000598646642175, 0.000159504445037, 0.00122113293037, -0.000662590551656, 0.00125812459737, -0.000538921798579, -0.000494335836265, 0.000902180676349, -0.00134209089447, 0.0010570284212], [-0.00257338117808, 0.010287114419, -0.00642070267349, 0.00253681628965, -0.000419577147113, -0.00393397267908, 0.00238865683787, -0.00184878543951, 0.00040583111695, 0.00404756702483, -0.00445211818442, 0.005310729146, -0.00272564520128], [0.00236569065601, -0.00642070267349, 0.00766193121672, -0.00149824831169, 0.00261225784197, 0.00146440579556, -0.000312739110086, 0.00140311592259, -0.00021502673917, -0.00360712851398, 0.00393030885607, -0.00472886161879, 0.00261535216123], [-0.000598646642175, 0.00253681628965, -0.00149824831169, 0.0047372370027, -0.00177280360367, 0.000428530271165, -0.000474902830319, -0.00130533287302, -0.000605776556768, 0.00183686043601, 0.000437571812654, 0.00123234640341, -0.00146969920024], [0.000159504445037, -0.000419577147113, 0.00261225784197, -0.00177280360367, 0.00904715526849, -0.00360063742846, 0.00468491995707, -0.00302711175755, 0.00247178715654, -0.00137381104287, -0.000128558458528, -0.00100780266803, 0.00120507343672], [0.00122113293037, -0.00393397267908, 0.00146440579556, 0.000428530271165, -0.00360063742846, 0.0112405754626, -0.00737277697772, 0.00611146353185, -0.00114795041736, -0.000386428437196, 0.00451687863097, -0.00282440707088, 0.00177860958502], [-0.000662590551656, 0.00238865683787, -0.000312739110086, -0.000474902830319, 0.00468491995707, -0.00737277697772, 0.0157529134303, -0.00724766775966, 0.00335285137407, -0.00195587030612, -0.0033496292308, 0.0031875288114, -0.000749900355004], [0.00125812459737, -0.00184878543951, 0.00140311592259, -0.00130533287302, -0.00302711175755, 0.00611146353185, -0.00724766775966, 0.0159430727363, -0.00732052139938, 0.00672118086368, -0.000177371461177, -0.00252669793554, 0.00632209284231], [-0.000538921798579, 0.00040583111695, -0.00021502673917, -0.000605776556768, 0.00247178715654, -0.00114795041736, 0.00335285137407, -0.00732052139938, 0.0134621625766, -0.00615773489699, 0.00143566424958, 0.00117440207396, -0.00161373673473], [-0.000494335836265, 0.00404756702483, -0.00360712851398, 0.00183686043601, -0.00137381104287, -0.000386428437196, -0.00195587030612, 0.00672118086368, -0.00615773489699, 0.0180550590158, -0.00363315758295, 0.00413156207651, 0.00184658565558], [0.000902180676349, -0.00445211818442, 0.00393030885607, 0.000437571812654, -0.000128558458528, 0.00451687863097, -0.0033496292308, -0.000177371461177, 0.00143566424958, -0.00363315758295, 0.0146126626059, -0.00724897533655, 0.000359865050996], [-0.00134209089447, 0.005310729146, -0.00472886161879, 0.00123234640341, -0.00100780266803, -0.00282440707088, 0.0031875288114, -0.00252669793554, 0.00117440207396, 0.00413156207651, -0.00724897533655, 0.0161468163133, -0.00610148301348], [0.0010570284212, -0.00272564520128, 0.00261535216123, -0.00146969920024, 0.00120507343672, 0.00177860958502, -0.000749900355004, 0.00632209284231, -0.00161373673473, 0.00184658565558, 0.000359865050996, -0.00610148301348, 0.0124871358275]]
    },
    "melbands": {
        "mean": [8.2164988271e-006, 9.61316618486e-005, 0.0004113370087, 0.000129308216856, 8.69389550644e-005, 0.000599094200879, 0.00116479722783, 0.000727588951122, 9.92914501694e-005, 5.84712279306e-006, 7.31499585527e-006, 6.57328855596e-005, 8.75145269674e-005, 9.82968558674e-005, 7.93347280705e-005, 3.93553127651e-005, 1.51642070705e-005, 2.25276198762e-005, 3.07301343128e-005, 8.47153132781e-005, 5.97283797106e-005, 1.73965381691e-005, 8.98273265193e-006, 1.59541777975e-005, 3.75212925974e-006, 8.24695803203e-007, 7.70654821736e-007, 7.1425724002e-008, 3.8316176898e-009, 2.77304867957e-009, 1.68330871464e-009, 2.780801589e-009, 2.26198659803e-009, 1.69653491255e-009, 1.38759970181e-009, 7.35322747136e-010, 4.84333739781e-010, 4.91247542644e-010, 3.39327649312e-010, 3.02981251199e-010],
        "var": [2.07596800861e-010, 2.63967656622e-008, 8.10424509723e-008, 5.6693252759e-008, 2.16856843593e-008, 1.90626576568e-006, 3.07355344376e-006, 1.90399634903e-006, 6.00080483082e-008, 8.79758974004e-011, 2.42322967248e-010, 3.26621432123e-008, 9.04595438556e-008, 2.12718745729e-007, 4.06526687868e-008, 1.89103648296e-008, 1.58940904882e-009, 1.07505577773e-008, 1.86387136836e-008, 6.88331226684e-007, 1.9388485839e-007, 6.28807317327e-009, 1.44806355795e-009, 9.02176822137e-009, 5.74384262375e-010, 3.00581920465e-011, 1.08233227936e-010, 3.98133945517e-013, 1.62162300465e-016, 3.67883746698e-017, 7.85493108504e-018, 2.410986971e-017, 2.44916847003e-017, 2.59316175495e-017, 1.23828135334e-017, 2.89840136851e-018, 1.08919513806e-018, 5.18932067478e-019, 2.91359869262e-019, 1.30383193756e-019]
    },
    "mfcc": {
        "mean": [-801.491516113, 229.468383789, -44.5723991394, -10.2832050323, 28.6125259399, -16.7864284515, -19.9483222961, -7.03134679794, -23.1473121643, -17.2999477386, -2.06502819061, 3.1306810379, 14.1838779449],
        "cov": [[1459.43835449, 200.298934937, -733.867858887, 169.889968872, 99.2495498657, -107.127731323, 45.8328666687, 138.714202881, -80.1895217896, -7.85266971588, 5.33672189713, -25.0587482452, 104.328567505], [200.298934937, 377.137573242, 100.919418335, -161.043731689, -13.2575731277, 88.1954879761, 27.5737533569, -47.5796737671, -25.8196372986, -32.4365997314, -24.890996933, -5.40791082382, -18.4852199554], [-733.867858887, 100.919418335, 638.789916992, -111.970932007, -114.220855713, 135.262496948, -19.762840271, -117.98525238, 56.5200996399, 1.2499871254, -23.6313018799, 11.4366483688, -63.8019790649], [169.889968872, -161.043731689, -111.970932007, 315.176147461, 92.0341033936, -159.309066772, -23.3245811462, 108.008811951, 19.3755722046, 12.7565307617, 34.5827102661, 29.715461731, 42.9943885803], [99.2495498657, -13.2575731277, -114.220855713, 92.0341033936, 162.455596924, -21.914642334, -25.1754722595, 57.4913482666, 7.15114688873, -9.46720314026, 14.414223671, 8.13000392914, -2.65803909302], [-107.127731323, 88.1954879761, 135.262496948, -159.309066772, -21.914642334, 247.964157104, 42.4675140381, -109.838981628, 21.0830154419, 21.8219432831, -33.1154594421, -51.745349884, -54.3441009521], [45.8328666687, 27.5737533569, -19.762840271, -23.3245811462, -25.1754722595, 42.4675140381, 120.645431519, 31.4892845154, -31.5660877228, 8.19741153717, -7.58933353424, -28.1726570129, 3.31603717804], [138.714202881, -47.5796737671, -117.98525238, 108.008811951, 57.4913482666, -109.838981628, 31.4892845154, 183.23576355, 15.5867214203, -37.782043457, 33.3229827881, 40.6793136597, 42.3683242798], [-80.1895217896, -25.8196372986, 56.5200996399, 19.3755722046, 7.15114688873, 21.0830154419, -31.5660877228, 15.5867214203, 109.224082947, 42.890335083, -0.829611837864, 20.8070030212, 3.33465075493], [-7.85266971588, -32.4365997314, 1.2499871254, 12.7565307617, -9.46720314026, 21.8219432831, 8.19741153717, -37.782043457, 42.890335083, 141.691085815, 59.968421936, -17.5805511475, 1.96976387501], [5.33672189713, -24.890996933, -23.6313018799, 34.5827102661, 14.414223671, -33.1154594421, -7.58933353424, 33.3229827881, -0.829611837864, 59.968421936, 149.958068848, 63.5015563965, -13.6745023727], [-25.0587482452, -5.40791082382, 11.4366483688, 29.715461731, 8.13000392914, -51.745349884, -28.1726570129, 40.6793136597, 20.8070030212, -17.5805511475, 63.5015563965, 116.950134277, 27.5035896301], [104.328567505, -18.4852199554, -63.8019790649, 42.9943885803, -2.65803909302, -54.3441009521, 3.31603717804, 42.3683242798, 3.33465075493, 1.96976387501, -13.6745023727, 27.5035896301, 113.510612488]],
        "icov": [[0.024572012946, -0.0328053496778, 0.0348230227828, -0.0337117537856, 0.0324381329119, -0.0314736030996, 0.0289898253977, -0.0268819015473, 0.0237824041396, -0.0201443713158, 0.0159051194787, -0.00746155390516, 0.00266875163652], [-0.0328053496778, 0.0476022437215, -0.0470961257815, 0.0472537763417, -0.045063957572, 0.0426370464265, -0.0401577949524, 0.0367572680116, -0.0318044088781, 0.027811627835, -0.0215457510203, 0.00983101129532, -0.0041813752614], [0.0348230227828, -0.0470961257815, 0.0518416948617, -0.0485613942146, 0.0479049570858, -0.0456661432981, 0.041439242661, -0.0373201258481, 0.032345648855, -0.0278914477676, 0.022608442232, -0.0113830622286, 0.00485055008903], [-0.0337117537856, 0.0472537763417, -0.0485613942146, 0.054004214704, -0.0492211468518, 0.0483000576496, -0.0424642264843, 0.0380784645677, -0.0352607965469, 0.0284516420215, -0.0232827235013, 0.0117157083005, -0.00517287664115], [0.0324381329119, -0.045063957572, 0.0479049570858, -0.0492211468518, 0.0555025525391, -0.0483635440469, 0.0466390699148, -0.0438389293849, 0.0372487083077, -0.0313372500241, 0.0251400880516, -0.0127501487732, 0.0071303579025], [-0.0314736030996, 0.0426370464265, -0.0456661432981, 0.0483000576496, -0.0483635440469, 0.0557727590203, -0.0497995279729, 0.0479724593461, -0.0438515283167, 0.0352818220854, -0.0282378196716, 0.0165585465729, -0.00571138644591], [0.0289898253977, -0.0401577949524, 0.041439242661, -0.0424642264843, 0.0466390699148, -0.0497995279729, 0.05912161991, -0.0516232326627, 0.047422003001, -0.0399158634245, 0.0308744367212, -0.0149825885892, 0.0076326909475], [-0.0268819015473, 0.0367572680116, -0.0373201258481, 0.0380784645677, -0.0438389293849, 0.0479724593461, -0.0516232326627, 0.0584160648286, -0.0489788278937, 0.0442661046982, -0.0352336019278, 0.0185494367033, -0.0111302183941], [0.0237824041396, -0.0318044088781, 0.032345648855, -0.0352607965469, 0.0372487083077, -0.0438515283167, 0.047422003001, -0.0489788278937, 0.0577722191811, -0.0457547716796, 0.0367321372032, -0.0236890148371, 0.0105344671756], [-0.0201443713158, 0.027811627835, -0.0278914477676, 0.0284516420215, -0.0313372500241, 0.0352818220854, -0.0399158634245, 0.0442661046982, -0.0457547716796, 0.0500719323754, -0.0386827625334, 0.0249342955649, -0.01283502765], [0.0159051194787, -0.0215457510203, 0.022608442232, -0.0232827235013, 0.0251400880516, -0.0282378196716, 0.0308744367212, -0.0352336019278, 0.0367321372032, -0.0386827625334, 0.0399224348366, -0.0255919639021, 0.0133205456659], [-0.00746155390516, 0.00983101129532, -0.0113830622286, 0.0117157083005, -0.0127501487732, 0.0165585465729, -0.0149825885892, 0.0185494367033, -0.0236890148371, 0.0249342955649, -0.0255919639021, 0.0281079765409, -0.0108641339466], [0.00266875163652, -0.0041813752614, 0.00485055008903, -0.00517287664115, 0.0071303579025, -0.00571138644591, 0.0076326909475, -0.0111302183941, 0.0105344671756, -0.01283502765, 0.0133205456659, -0.0108641339466, 0.0158760268241]]
    },
    "spectral_contrast_coeffs": {
        "mean": [-0.558038473129, -0.616788268089, -0.719880402088, -0.744674265385, -0.686918199062, -0.833520233631],
        "var": [0.00456740241498, 0.0119528956711, 0.00466606300324, 0.0055484813638, 0.00606424175203, 0.000719849893358]
    },
    "spectral_contrast_valleys": {
        "mean": [-9.08586215973, -7.16940307617, -8.33483695984, -8.31854057312, -10.2607936859, -13.4501667023],
        "var": [0.841900467873, 0.90938270092, 0.812018334866, 0.883034944534, 0.626195371151, 0.348516881466]
    }
},
"metadata": {
    "audio_properties": {
        "analysis_sample_rate": 44100,
        "bit_rate": 100655,
        "equal_loudness": 0,
        "length": 45.0873451233,
        "lossless": 0,
        "replay_gain": -6.82794189453,
        "sample_rate": 44100,
        "codec": "mp3",
        "downmix": "mix",
        "md5_encoded": "c8d1c3d59b506a8c58cd87546e3724b5"
    },
    "tags": {
        "file_name": "584.mp3"
    },
    "version": {
        "essentia": "2.1-beta2",
        "essentia_git_sha": "v2.1_beta2",
        "extractor": "music 1.0"
    }
},
"rhythm": {
    "beats_count": 73,
    "beats_loudness": {
        "mean": 0.0167584493756,
        "var": 0.000176380039193
    },
    "bpm": 101.171043396,
    "bpm_histogram_first_peak_bpm": {
        "mean": 101,
        "var": 0
    },
    "bpm_histogram_first_peak_spread": {
        "mean": 0.609756112099,
        "var": 0
    },
    "bpm_histogram_first_peak_weight": {
        "mean": 0.222222223878,
        "var": 0
    },
    "bpm_histogram_second_peak_bpm": {
        "mean": 94,
        "var": 0
    },
    "bpm_histogram_second_peak_spread": {
        "mean": 0.421052664518,
        "var": 0
    },
    "bpm_histogram_second_peak_weight": {
        "mean": 0.152777776122,
        "var": 0
    },
    "danceability": 1.02406775951,
    "onset_rate": 3.43644428253,
    "beats_loudness_band_ratio": {
        "mean": [0.15937153995, 0.215022861958, 0.460278660059, 0.155654206872, 0.0883758068085, 0.00109333754517],
        "var": [0.0211818292737, 0.0453978031874, 0.0561148039997, 0.0250238366425, 0.0214182902128, 4.74128182759e-006]
    },
    "beats_position": [0.53405892849, 1.07972788811, 1.62539684772, 2.18267560005, 2.71673464775, 3.29723358154, 3.87773227692, 4.46984100342, 5.06195020676, 5.65405893326, 6.24616765976, 6.83827638626, 7.44199514389, 8.04571437836, 8.64943313599, 9.24154186249, 9.82204055786, 10.4025392532, 10.9830379486, 11.5635375977, 12.1208162308, 12.6780948639, 13.235373497, 13.873922348, 14.512471199, 15.1626300812, 15.8127889633, 16.4513378143, 17.1131057739, 17.8329238892, 18.5295238495, 19.2261219025, 19.9111099243, 20.5960998535, 21.246257782, 21.8848075867, 22.4769153595, 23.0574150085, 23.6379127502, 24.2068023682, 24.7873020172, 25.37940979, 25.9831295013, 26.5752372742, 27.2137870789, 27.8523349762, 28.4560546875, 29.0597724915, 29.6518821716, 30.2555999756, 30.8360996246, 31.474647522, 32.1131973267, 32.7517471313, 33.4019050598, 34.0404510498, 34.6673927307, 35.2943305969, 35.9328804016, 36.5598182678, 37.151927948, 37.755645752, 38.3593635559, 38.9746932983, 39.5900230408, 40.1937408447, 40.7974586487, 41.4011802673, 41.9932861328, 42.585395813, 43.1775054932, 43.7696151733, 44.3617210388]
},
"tonal": {
    "chords_changes_rate": 0.0853909477592,
    "chords_number_rate": 0.0133744860068,
    "chords_strength": {
        "mean": 0.525744915009,
        "var": 0.0114979632199
    },
    "hpcp_entropy": {
        "mean": 1.84698176384,
        "var": 0.395810902119
    },
    "key_strength": 0.617992401123,
    "tuning_diatonic_strength": 0.528426349163,
    "tuning_equal_tempered_deviation": 0.201007217169,
    "tuning_frequency": 435.700531006,
    "tuning_nontempered_energy_ratio": 0.912349224091,
    "hpcp": {
        "mean": [0.0827578604221, 0.107110120356, 0.174696534872, 0.200456976891, 0.21362914145, 0.285570085049, 0.257825642824, 0.124397300184, 0.0476400256157, 0.0330346673727, 0.0599906109273, 0.124569699168, 0.135066643357, 0.106873713434, 0.116656273603, 0.098574846983, 0.0596759542823, 0.055649202317, 0.0638394132257, 0.184599101543, 0.401834756136, 0.31570354104, 0.0882104188204, 0.0423147380352, 0.031545907259, 0.0257790535688, 0.0276016406715, 0.0343093387783, 0.0638843476772, 0.113525882363, 0.139088660479, 0.134665369987, 0.170931011438, 0.184503078461, 0.115152269602, 0.0783899948001],
        "var": [0.0219431258738, 0.0295386612415, 0.0750117599964, 0.0830588266253, 0.0752793550491, 0.108190990984, 0.106979176402, 0.0463784784079, 0.0130557930097, 0.00951245985925, 0.024434691295, 0.0619239769876, 0.062517747283, 0.0349470227957, 0.0548146776855, 0.044795203954, 0.0220537148416, 0.0196445565671, 0.0228864066303, 0.0500586815178, 0.135498359799, 0.0931670591235, 0.0259836744517, 0.0150385377929, 0.00928776711226, 0.0058042970486, 0.00617936998606, 0.00902523566037, 0.0276377145201, 0.0530466660857, 0.0667425692081, 0.0485417358577, 0.0657356604934, 0.0861861780286, 0.0432187654078, 0.0202501807362]
    },
    "chords_histogram": [48.8683128357, 1.85185182095, 0, 0, 0, 0, 0, 4.52674913406, 0.514403283596, 0, 0, 1.54320991039, 12.2427988052, 3.08641982079, 3.18930029869, 1.95473253727, 0, 13.4773664474, 1.54320991039, 3.08641982079, 0, 0, 1.44032919407, 2.67489719391],
    "thpcp": [1, 0.785655140877, 0.219519138336, 0.105303831398, 0.0785046741366, 0.0641533657908, 0.0686890333891, 0.0853817090392, 0.158981636167, 0.282518833876, 0.346133977175, 0.335126250982, 0.42537638545, 0.459151625633, 0.286566227674, 0.195080175996, 0.20594997704, 0.266552656889, 0.434747189283, 0.498854249716, 0.53163433075, 0.710665464401, 0.641621053219, 0.30957326293, 0.118556261063, 0.0822095796466, 0.149291738868, 0.310002297163, 0.336124837399, 0.265964329243, 0.290309071541, 0.245311900973, 0.148508697748, 0.138487771153, 0.158869817853, 0.459390580654],
    "chords_key": "D#",
    "chords_scale": "major",
    "key_key": "D#",
    "key_scale": "major"
}
}