{
"lowlevel": {
    "average_loudness": 0.968991041183,
    "barkbands_crest": {
        "mean": 8.65684509277,
        "var": 8.35645961761
    },
    "barkbands_flatness_db": {
        "mean": 0.163027599454,
        "var": 0.0013406801736
    },
    "barkbands_kurtosis": {
        "mean": 0.258104413748,
        "var": 8.07566738129
    },
    "barkbands_skewness": {
        "mean": 0.724897801876,
        "var": 0.474444031715
    },
    "barkbands_spread": {
        "mean": 20.8101558685,
        "var": 38.6134796143
    },
    "dissonance": {
        "mean": 0.464371591806,
        "var": 0.00057419098448
    },
    "dynamic_complexity": 1.21612119675,
    "erbbands_crest": {
        "mean": 10.0246505737,
        "var": 16.6800689697
    },
    "erbbands_flatness_db": {
        "mean": 0.21480153501,
        "var": 0.00110705639236
    },
    "erbbands_kurtosis": {
        "mean": 0.926784157753,
        "var": 2.06358289719
    },
    "erbbands_skewness": {
        "mean": -0.167746558785,
        "var": 0.255132615566
    },
    "erbbands_spread": {
        "mean": 22.7386627197,
        "var": 91.8904418945
    },
    "hfc": {
        "mean": 25.7281723022,
        "var": 161.760696411
    },
    "melbands_crest": {
        "mean": 13.8396072388,
        "var": 25.1663722992
    },
    "melbands_flatness_db": {
        "mean": 0.209574386477,
        "var": 0.00250795600004
    },
    "melbands_kurtosis": {
        "mean": 2.94419026375,
        "var": 36.1177368164
    },
    "melbands_skewness": {
        "mean": 1.5129942894,
        "var": 0.722790002823
    },
    "melbands_spread": {
        "mean": 27.3432636261,
        "var": 103.413230896
    },
    "pitch_salience": {
        "mean": 0.540962457657,
        "var": 0.0096717979759
    },
    "silence_rate_20dB": {
        "mean": 1,
        "var": 0
    },
    "silence_rate_30dB": {
        "mean": 1,
        "var": 0
    },
    "silence_rate_60dB": {
        "mean": 0.00205973233096,
        "var": 0.00205553858541
    },
    "spectral_centroid": {
        "mean": 1227.41748047,
        "var": 229116.78125
    },
    "spectral_complexity": {
        "mean": 25.7595272064,
        "var": 47.6450767517
    },
    "spectral_decrease": {
        "mean": -8.84819684188e-009,
        "var": 1.0583154725e-017
    },
    "spectral_energy": {
        "mean": 0.0357287712395,
        "var": 0.000171963387402
    },
    "spectral_energyband_high": {
        "mean": 0.000356314616511,
        "var": 4.33012672829e-007
    },
    "spectral_energyband_low": {
        "mean": 0.0108294766396,
        "var": 5.2905321354e-005
    },
    "spectral_energyband_middle_high": {
        "mean": 0.0124485306442,
        "var": 4.89938465762e-005
    },
    "spectral_energyband_middle_low": {
        "mean": 0.0147347226739,
        "var": 0.000117121402582
    },
    "spectral_entropy": {
        "mean": 7.42004346848,
        "var": 0.0991039946675
    },
    "spectral_flux": {
        "mean": 0.0775239467621,
        "var": 0.00110544543713
    },
    "spectral_kurtosis": {
        "mean": 6.36797809601,
        "var": 20.8626899719
    },
    "spectral_rms": {
        "mean": 0.00579541828483,
        "var": 1.27043551856e-006
    },
    "spectral_rolloff": {
        "mean": 1368.87487793,
        "var": 751673.875
    },
    "spectral_skewness": {
        "mean": 1.58123934269,
        "var": 0.202498450875
    },
    "spectral_spread": {
        "mean": 2842159,
        "var": 2.28845105971e+012
    },
    "spectral_strongpeak": {
        "mean": 1.15126180649,
        "var": 2.23653888702
    },
    "zerocrossingrate": {
        "mean": 0.0469526909292,
        "var": 0.000568590592593
    },
    "barkbands": {
        "mean": [2.1731661036e-005, 0.00415128841996, 0.00424061575904, 0.0043660691008, 0.00383095559664, 0.00210920255631, 0.0010592910694, 0.00123643211555, 0.0016287030885, 0.00202756677754, 0.0018159187166, 0.00266635091975, 0.00190618843772, 0.00138737354428, 0.00103361404035, 0.000634273164906, 0.000497696804814, 0.000371975504095, 0.000292587617878, 0.000154193330673, 0.000119159136375, 0.000114914269943, 3.48779067281e-005, 2.07249267987e-005, 6.41783299216e-006, 6.23897108198e-007, 1.57881157037e-008],
        "var": [2.55930054927e-009, 2.40888584813e-005, 2.17254364543e-005, 3.98417469114e-005, 3.10967734549e-005, 4.29865622209e-006, 2.06072922992e-006, 2.10741063711e-006, 5.88585953665e-006, 4.25564712714e-006, 5.34316086487e-006, 6.97398445482e-006, 7.81005655881e-006, 6.48475042908e-006, 1.31225135647e-006, 4.87788668124e-007, 1.63788655527e-007, 9.60675805572e-008, 1.0720931698e-007, 4.30969144816e-008, 6.33987724541e-008, 6.33404937389e-008, 3.28533600324e-009, 1.62321966979e-009, 2.14367135154e-010, 2.68553820675e-012, 3.06091512644e-015]
    },
    "erbbands": {
        "mean": [0.0578620992601, 1.18394553661, 4.7761259079, 10.6150550842, 14.5564222336, 11.0474252701, 17.0508956909, 14.6805477142, 15.8614768982, 15.3236598969, 30.6716480255, 40.3123283386, 42.3584480286, 71.9222183228, 94.7648696899, 128.368652344, 90.564453125, 85.7794647217, 63.8146934509, 40.9443511963, 31.7357387543, 25.0921936035, 22.123167038, 17.1415405273, 13.0694408417, 7.29099082947, 4.88062763214, 4.81036424637, 4.50818729401, 1.99948263168, 0.917940318584, 0.551641106606, 0.277327746153, 0.104993715882, 0.0294209830463, 0.00512496707961, 0.000809184799436, 8.98297294043e-005, 2.19690227823e-005, 4.21727709181e-005],
        "var": [0.00511186383665, 1.71371006966, 22.7011508942, 176.370864868, 511.555938721, 329.576507568, 460.65411377, 224.985946655, 443.273468018, 293.262573242, 1563.74475098, 4168.59179688, 1953.203125, 6337.49951172, 13000.1279297, 14662.0888672, 11377.7558594, 21559.8027344, 5349.82275391, 1142.8717041, 1210.81750488, 417.61618042, 309.416046143, 255.627563477, 229.005661011, 90.3235549927, 87.5827026367, 107.721176147, 103.736373901, 14.4677200317, 2.35496854782, 1.0252815485, 0.316581785679, 0.0563338771462, 0.00471851602197, 0.000182078190846, 4.26950418841e-006, 4.81002722097e-008, 1.727527843e-010, 2.45186509984e-010]
    },
    "gfcc": {
        "mean": [0.658097803593, 149.584594727, -162.306243896, 31.2765789032, -47.4451026917, 16.1936511993, -24.7276096344, -8.3592672348, -16.9725894928, -15.5725841522, -4.91342878342, -10.356762886, -7.50409412384],
        "cov": [[4156.39501953, -431.362060547, -410.804382324, 287.451751709, -477.636291504, 234.535827637, -235.303024292, 98.2998809814, -197.214599609, 103.484771729, -100.037582397, -16.8773040771, -2.75669360161], [-431.362060547, 731.844543457, -99.819480896, -183.947265625, 309.085845947, -176.14831543, 100.388381958, -75.6561126709, 124.006309509, -151.879150391, 76.3218765259, -34.7905197144, -20.7792377472], [-410.804382324, -99.819480896, 363.495727539, 74.5939178467, -104.297111511, 51.9074707031, 2.41289830208, -12.0469522476, -15.2754678726, 70.5131378174, -55.6640090942, 18.5250053406, 13.3670015335], [287.451751709, -183.947265625, 74.5939178467, 206.757873535, -102.279151917, 103.458885193, -3.79683089256, 11.2169713974, -8.97068977356, 46.651096344, -1.67045342922, -7.24793195724, 34.0250701904], [-477.636291504, 309.085845947, -104.297111511, -102.279151917, 350.939880371, -58.6916885376, 100.14781189, 6.89617919922, 66.5336151123, -54.6740951538, 68.1522140503, 19.8118858337, -34.5077781677], [234.535827637, -176.14831543, 51.9074707031, 103.458885193, -58.6916885376, 177.419265747, 28.8875827789, 56.0625991821, -5.48026847839, 76.4313278198, 16.7798023224, 21.9473304749, 38.3127593994], [-235.303024292, 100.388381958, 2.41289830208, -3.79683089256, 100.14781189, 28.8875827789, 120.840782166, 39.168132782, 50.8823738098, 4.56941080093, 43.6274604797, 25.1960029602, 3.93753242493], [98.2998809814, -75.6561126709, -12.0469522476, 11.2169713974, 6.89617919922, 56.0625991821, 39.168132782, 116.061180115, 30.3314437866, 42.293132782, 9.85380649567, 32.6220588684, 19.8868694305], [-197.214599609, 124.006309509, -15.2754678726, -8.97068977356, 66.5336151123, -5.48026847839, 50.8823738098, 30.3314437866, 105.746299744, 11.42973423, 34.3485679626, -0.893378615379, 15.2098121643], [103.484771729, -151.879150391, 70.5131378174, 46.651096344, -54.6740951538, 76.4313278198, 4.56941080093, 42.293132782, 11.42973423, 121.820793152, 7.56507444382, 32.9484596252, 11.4350719452], [-100.037582397, 76.3218765259, -55.6640090942, -1.67045342922, 68.1522140503, 16.7798023224, 43.6274604797, 9.85380649567, 34.3485679626, 7.56507444382, 90.0909729004, 19.985042572, 10.299577713], [-16.8773040771, -34.7905197144, 18.5250053406, -7.24793195724, 19.8118858337, 21.9473304749, 25.1960029602, 32.6220588684, -0.893378615379, 32.9484596252, 19.985042572, 74.5051193237, 15.2924385071], [-2.75669360161, -20.7792377472, 13.3670015335, 34.0250701904, -34.5077781677, 38.3127593994, 3.93753242493, 19.8868694305, 15.2098121643, 11.4350719452, 10.299577713, 15.2924385071, 66.0365142822]],
        "icov": [[0.00134893867653, -0.00310619710945, 0.00336985196918, -0.0031380681321, 0.00249318382703, -0.00225563370623, 0.00236419541761, -0.00234081875533, 0.00308759394102, -0.0026521096006, 0.00300566386431, -0.00227216910571, 0.00299461442046], [-0.00310619710945, 0.0126007171348, -0.00874416437, 0.00974432192743, -0.00781573820859, 0.00672705564648, -0.00733659975231, 0.00839077681303, -0.011424173601, 0.00989715289325, -0.0090603819117, 0.00692169368267, -0.00876421388239], [0.00336985196918, -0.00874416437, 0.0128870420158, -0.00912017095834, 0.00723458081484, -0.00594647554681, 0.00410620728508, -0.00403027888387, 0.0081088822335, -0.00966543052346, 0.011557072401, -0.00745654571801, 0.00740936398506], [-0.0031380681321, 0.00974432192743, -0.00912017095834, 0.016633335501, -0.00534783164039, 0.001810783986, -0.0065695643425, 0.00775965303183, -0.00935647729784, 0.00783736165613, -0.00886080227792, 0.00814225897193, -0.00928486976773], [0.00249318382703, -0.00781573820859, 0.00723458081484, -0.00534783164039, 0.0112817138433, -0.00474788434803, 0.00183936033864, -0.00485326536, 0.00513636041433, -0.00416161259636, 0.00457091676071, -0.00673996796831, 0.00932311452925], [-0.00225563370623, 0.00672705564648, -0.00594647554681, 0.001810783986, -0.00474788434803, 0.0178186837584, -0.00840637553483, 0.000937445496675, -0.00102532852907, -0.000666379579343, -0.0075558796525, 0.00718299392611, -0.0104401763529], [0.00236419541761, -0.00733659975231, 0.00410620728508, -0.0065695643425, 0.00183936033864, -0.00840637553483, 0.0219480097294, -0.00839853845537, 0.00149577960838, -0.00179699622095, 0.00203021825291, -0.00786145124584, 0.00887331087142], [-0.00234081875533, 0.00839077681303, -0.00403027888387, 0.00775965303183, -0.00485326536, 0.000937445496675, -0.00839853845537, 0.0204986222088, -0.0116987312213, 0.00411942228675, -0.00180455751251, 9.96699327516e-006, -0.00713182752952], [0.00308759394102, -0.011424173601, 0.0081088822335, -0.00935647729784, 0.00513636041433, -0.00102532852907, 0.00149577960838, -0.0116987312213, 0.0281112324446, -0.0143920592964, 0.00488994363695, 0.00108775158878, 0.00142931879964], [-0.0026521096006, 0.00989715289325, -0.00966543052346, 0.00783736165613, -0.00416161259636, -0.000666379579343, -0.00179699622095, 0.00411942228675, -0.0143920592964, 0.0249351691455, -0.00969528686255, -0.00104966224171, -0.00124740472529], [0.00300566386431, -0.0090603819117, 0.011557072401, -0.00886080227792, 0.00457091676071, -0.0075558796525, 0.00203021825291, -0.00180455751251, 0.00488994363695, -0.00969528686255, 0.0268323458731, -0.0101331872866, 0.00540952384472], [-0.00227216910571, 0.00692169368267, -0.00745654571801, 0.00814225897193, -0.00673996796831, 0.00718299392611, -0.00786145124584, 9.96699327516e-006, 0.00108775158878, -0.00104966224171, -0.0101331872866, 0.0268852841109, -0.0125407297164], [0.00299461442046, -0.00876421388239, 0.00740936398506, -0.00928486976773, 0.00932311452925, -0.0104401763529, 0.00887331087142, -0.00713182752952, 0.00142931879964, -0.00124740472529, 0.00540952384472, -0.0125407297164, 0.0302894338965]]
    },
    "melbands": {
        "mean": [0.000864150992129, 0.00220857118256, 0.00196940125898, 0.000953661859967, 0.000529863697011, 0.000340982893249, 0.000238181382883, 0.000181037888979, 0.000252023135545, 0.000255042570643, 0.00020458563813, 0.000287363771349, 0.000270353339147, 0.000335678516421, 0.000220087851631, 0.000202225608518, 0.000155273533892, 0.00010126370762, 6.07681577094e-005, 5.5803648138e-005, 3.32067029376e-005, 2.65660710284e-005, 2.44315851887e-005, 1.69128688867e-005, 1.36098351504e-005, 9.84967573459e-006, 7.74790805735e-006, 4.09677477364e-006, 2.88771616397e-006, 2.96512803288e-006, 2.79320920527e-006, 2.82576547761e-006, 1.71542967564e-006, 8.50129538321e-007, 5.17502314779e-007, 4.25391448289e-007, 3.03676955582e-007, 2.13512606706e-007, 1.23720582224e-007, 7.73415607114e-008],
        "var": [1.10236271667e-006, 3.6852904941e-006, 4.91805712954e-006, 2.20779634219e-006, 3.61839283869e-007, 1.12681838971e-007, 9.83223600315e-008, 3.96668191627e-008, 1.20593341535e-007, 1.66117786193e-007, 4.80213984133e-008, 1.16205207235e-007, 1.13749422326e-007, 8.78941932569e-008, 3.92104411162e-008, 8.90859936931e-008, 9.93884228251e-008, 1.52531463016e-008, 3.89629128961e-009, 2.9663531631e-009, 1.71305380992e-009, 5.58206703083e-010, 4.81338136016e-010, 1.6998417951e-010, 2.12400888544e-010, 1.07228392832e-010, 1.09430679796e-010, 3.40938006993e-011, 3.17785693593e-011, 4.24503765473e-011, 4.10482550728e-011, 4.37480607296e-011, 1.39789603504e-011, 2.35044362445e-012, 7.48807645664e-013, 5.80782600831e-013, 3.42665728691e-013, 1.84040784457e-013, 8.484033788e-014, 3.21913787402e-014]
    },
    "mfcc": {
        "mean": [-621.307739258, 163.157241821, -38.6851081848, 18.6562786102, -0.850215792656, 17.0087757111, 1.75633013248, 11.0374383926, -7.90985822678, -0.0914725735784, -2.63061332703, -2.06514382362, -3.31074619293],
        "cov": [[2313.44384766, -806.607055664, 125.891792297, -73.91847229, -101.929321289, -7.62855148315, 19.8716163635, -96.7967758179, 35.4531097412, -39.3369941711, -5.68982696533, 14.2230873108, -49.9517059326], [-806.607055664, 965.907470703, -356.841094971, 42.5723266602, 130.502182007, -49.667552948, -24.1741447449, 117.07245636, -72.6681900024, 53.6854629517, -12.7134227753, -18.8915634155, 9.02175617218], [125.891792297, -356.841094971, 525.981384277, 10.8845930099, -116.246353149, 72.7557220459, -17.7670021057, -96.5139923096, 80.6740646362, -54.8466644287, 7.72695207596, 15.1824102402, 2.68517661095], [-73.91847229, 42.5723266602, 10.8845930099, 108.941940308, 21.1671695709, 22.9698410034, -1.425527215, 15.7505779266, -5.02282714844, 14.6792392731, -7.42341518402, 2.22633910179, 10.0000019073], [-101.929321289, 130.502182007, -116.246353149, 21.1671695709, 110.613861084, 14.0781974792, 20.1081237793, 36.9065322876, -7.63122606277, 22.8143253326, 8.94399547577, 4.44389915466, 12.2934560776], [-7.62855148315, -49.667552948, 72.7557220459, 22.9698410034, 14.0781974792, 109.14655304, 41.7623710632, -0.763236165047, 14.7440042496, 14.2431974411, 22.4497070313, 14.3172044754, 22.557182312], [19.8716163635, -24.1741447449, -17.7670021057, -1.425527215, 20.1081237793, 41.7623710632, 97.4560241699, 42.4832839966, 8.49433708191, 10.9013061523, 26.6460494995, 19.4737911224, 23.6568145752], [-96.7967758179, 117.07245636, -96.5139923096, 15.7505779266, 36.9065322876, -0.763236165047, 42.4832839966, 105.420707703, 15.9541339874, 22.831993103, 12.4183559418, 19.4873695374, 13.2632398605], [35.4531097412, -72.6681900024, 80.6740646362, -5.02282714844, -7.63122606277, 14.7440042496, 8.49433708191, 15.9541339874, 98.4600524902, 17.5760822296, 16.6541194916, 22.4264278412, 12.9536924362], [-39.3369941711, 53.6854629517, -54.8466644287, 14.6792392731, 22.8143253326, 14.2431974411, 10.9013061523, 22.831993103, 17.5760822296, 81.3441467285, 29.0277137756, 11.4519195557, 13.7110528946], [-5.68982696533, -12.7134227753, 7.72695207596, -7.42341518402, 8.94399547577, 22.4497070313, 26.6460494995, 12.4183559418, 16.6541194916, 29.0277137756, 68.1178588867, 29.6223201752, 16.3698406219], [14.2230873108, -18.8915634155, 15.1824102402, 2.22633910179, 4.44389915466, 14.3172044754, 19.4737911224, 19.4873695374, 22.4264278412, 11.4519195557, 29.6223201752, 70.47706604, 32.2706222534], [-49.9517059326, 9.02175617218, 2.68517661095, 10.0000019073, 12.2934560776, 22.557182312, 23.6568145752, 13.2632398605, 12.9536924362, 13.7110528946, 16.3698406219, 32.2706222534, 66.3863372803]],
        "icov": [[0.000660484307446, 0.000608447706327, 0.000312495307298, 8.84802502696e-005, 9.11840761546e-005, 7.11323373253e-005, -0.000179828741238, 0.000248979689786, -7.6724209066e-005, -6.71012967359e-005, 0.000217514083488, -0.00037301381235, 0.000518120767083], [0.000608447706327, 0.00227414537221, 0.000737130525522, -1.92508814507e-005, -0.000914210279007, 8.62334127305e-005, 0.00133396498859, -0.00158855062909, 0.00093846017262, -0.000465129385702, 0.000157458562171, 0.000206122858799, -0.000122215031297], [0.000312495307298, 0.000737130525522, 0.00512316823006, -0.0018119198503, 0.0035305575002, -0.00299817696214, 0.000582739943638, 0.00299457670189, -0.00401426525787, 0.00336278555915, -0.00121139129624, -0.000439581868704, 0.000360831036232], [8.84802502696e-005, -1.92508814507e-005, -0.0018119198503, 0.011756086722, -0.00235554156825, -0.00222178152762, 0.00224537122995, -0.00332962255925, 0.00276087736711, -0.00316152512096, 0.00336189265363, -0.000376296666218, -0.00110399315599], [9.11840761546e-005, -0.000914210279007, 0.0035305575002, -0.00235554156825, 0.0147367566824, -0.00339728128165, -0.000765616714489, 7.3653383879e-005, -0.00195424398407, 0.0009167031385, -0.00123874819838, 0.000238878754317, -0.000530297635123], [7.11323373253e-005, 8.62334127305e-005, -0.00299817696214, -0.00222178152762, -0.00339728128165, 0.0154248354957, -0.00656310003251, 0.00222774385475, 0.000811884121504, -0.00264940550551, -0.0012163327774, 0.00049889908405, -0.00177442037966], [-0.000179828741238, 0.00133396498859, 0.000582739943638, 0.00224537122995, -0.000765616714489, -0.00656310003251, 0.01896719262, -0.00884923804551, 0.00197053910233, 0.00178083835635, -0.00402978342026, 0.00123699195683, -0.00365748652257], [0.000248979689786, -0.00158855062909, 0.00299457670189, -0.00332962255925, 7.3653383879e-005, 0.00222774385475, -0.00884923804551, 0.019483268261, -0.00620980607346, 0.00037573982263, 0.000671133806463, -0.0037218737416, 0.00205176463351], [-7.6724209066e-005, 0.00093846017262, -0.00401426525787, 0.00276087736711, -0.00195424398407, 0.000811884121504, 0.00197053910233, -0.00620980607346, 0.0162835959345, -0.00526247126982, 0.000635085219983, -0.00189611990936, -0.00113967305515], [-6.71012967359e-005, -0.000465129385702, 0.00336278555915, -0.00316152512096, 0.0009167031385, -0.00264940550551, 0.00178083835635, 0.00037573982263, -0.00526247126982, 0.0193267632276, -0.00821462925524, 0.00179377174936, -0.0014374126913], [0.000217514083488, 0.000157458562171, -0.00121139129624, 0.00336189265363, -0.00123874819838, -0.0012163327774, -0.00402978342026, 0.000671133806463, 0.000635085219983, -0.00821462925524, 0.0237873829901, -0.00802610162646, 0.00123806542251], [-0.00037301381235, 0.000206122858799, -0.000439581868704, -0.000376296666218, 0.000238878754317, 0.00049889908405, 0.00123699195683, -0.0037218737416, -0.00189611990936, 0.00179377174936, -0.00802610162646, 0.022951439023, -0.00932334177196], [0.000518120767083, -0.000122215031297, 0.000360831036232, -0.00110399315599, -0.000530297635123, -0.00177442037966, -0.00365748652257, 0.00205176463351, -0.00113967305515, -0.0014374126913, 0.00123806542251, -0.00932334177196, 0.0219621360302]]
    },
    "spectral_contrast_coeffs": {
        "mean": [-0.585503399372, -0.742091476917, -0.735926449299, -0.751569271088, -0.768414497375, -0.71884137392],
        "var": [0.009257376194, 0.00299767800607, 0.00303967692889, 0.0024178114254, 0.00133824476507, 0.000954128161538]
    },
    "spectral_contrast_valleys": {
        "mean": [-7.27317237854, -6.38256883621, -6.52936315536, -7.00349140167, -7.41813087463, -11.0263547897],
        "var": [0.938101768494, 0.930576741695, 0.897072136402, 0.898211658001, 0.904424071312, 1.2138684988]
    }
},
"metadata": {
    "audio_properties": {
        "analysis_sample_rate": 44100,
        "bit_rate": 123239,
        "equal_loudness": 0,
        "length": 45.0612258911,
        "lossless": 0,
        "replay_gain": -16.8476200104,
        "sample_rate": 44100,
        "codec": "mp3",
        "downmix": "mix",
        "md5_encoded": "8e894735e30b47857ad2ce0afb74812d"
    },
    "tags": {
        "file_name": "59.mp3"
    },
    "version": {
        "essentia": "2.1-beta2",
        "essentia_git_sha": "v2.1_beta2",
        "extractor": "music 1.0"
    }
},
"rhythm": {
    "beats_count": 74,
    "beats_loudness": {
        "mean": 0.044231262058,
        "var": 0.00017786094395
    },
    "bpm": 100.308128357,
    "bpm_histogram_first_peak_bpm": {
        "mean": 99,
        "var": 0
    },
    "bpm_histogram_first_peak_spread": {
        "mean": 0.457142859697,
        "var": 0
    },
    "bpm_histogram_first_peak_weight": {
        "mean": 0.520547926426,
        "var": 0
    },
    "bpm_histogram_second_peak_bpm": {
        "mean": 92,
        "var": 0
    },
    "bpm_histogram_second_peak_spread": {
        "mean": 0.333333343267,
        "var": 0
    },
    "bpm_histogram_second_peak_weight": {
        "mean": 0.0273972600698,
        "var": 0
    },
    "danceability": 1.28801882267,
    "onset_rate": 3.34948611259,
    "beats_loudness_band_ratio": {
        "mean": [0.358553975821, 0.161881044507, 0.1334220469, 0.264146029949, 0.0892606005073, 0.0321149714291],
        "var": [0.0287507735193, 0.0119467237964, 0.00653031328693, 0.0129325604066, 0.00213146070018, 0.00111400731839]
    },
    "beats_position": [0.603718817234, 1.21904754639, 1.8575963974, 2.50775504112, 3.15791368484, 3.76163268089, 4.3653512001, 4.96907043457, 5.5727891922, 6.17650794983, 6.78022670746, 7.38394546509, 7.98766422272, 8.59138298035, 9.19510173798, 9.79882049561, 10.4025392532, 11.0062580109, 11.6099767685, 12.202085495, 12.7941951752, 13.3979139328, 14.0016326904, 14.6053514481, 15.2090702057, 15.8127889633, 16.4165077209, 17.0202255249, 17.6239452362, 18.2276649475, 18.8197727203, 19.4118824005, 20.0156002045, 20.6077098846, 21.1998176575, 21.8035373688, 22.3956451416, 22.9877548218, 23.5914726257, 24.1835823059, 24.7873020172, 25.3910198212, 26.0063495636, 26.6100673676, 27.2021770477, 27.8058948517, 28.3980045319, 28.9901123047, 29.5822219849, 30.1627197266, 30.7548294067, 31.3353290558, 31.9274368286, 32.5311546326, 33.1232643127, 33.7153739929, 34.3074836731, 34.8995895386, 35.480091095, 36.0722007751, 36.6643066406, 37.2564163208, 37.848526001, 38.4522438049, 39.0559616089, 39.6480712891, 40.2401809692, 40.8322906494, 41.4243965149, 42.0165061951, 42.6086158752, 43.2123336792, 43.8160552979, 44.4197731018]
},
"tonal": {
    "chords_changes_rate": 0.0586419738829,
    "chords_number_rate": 0.00925925932825,
    "chords_strength": {
        "mean": 0.54309797287,
        "var": 0.0108826579526
    },
    "hpcp_entropy": {
        "mean": 1.9103935957,
        "var": 0.473200201988
    },
    "key_strength": 0.761403083801,
    "tuning_diatonic_strength": 0.592796683311,
    "tuning_equal_tempered_deviation": 0.158738568425,
    "tuning_frequency": 445.884552002,
    "tuning_nontempered_energy_ratio": 0.796668767929,
    "hpcp": {
        "mean": [0.37963527441, 0.207990318537, 0.0548902191222, 0.0271292962134, 0.031711075455, 0.0574419274926, 0.0571175925434, 0.0636694729328, 0.124140508473, 0.120324201882, 0.0700800046325, 0.0608157552779, 0.0490351170301, 0.0801979005337, 0.296552807093, 0.497939407825, 0.336683869362, 0.0954198017716, 0.0339313670993, 0.0393762178719, 0.0981957167387, 0.128751888871, 0.108136735857, 0.163878425956, 0.194056600332, 0.127632975578, 0.0940816253424, 0.066840313375, 0.0589826516807, 0.135241508484, 0.169898688793, 0.109930634499, 0.0594841465354, 0.0387812145054, 0.0625860020518, 0.257837980986],
        "var": [0.138521820307, 0.0625957548618, 0.00878176279366, 0.00240911450237, 0.00291631207801, 0.00766675034538, 0.0082577643916, 0.00967373792082, 0.0327115766704, 0.0343535281718, 0.0199998561293, 0.0151729565114, 0.0111733200029, 0.0143912471831, 0.068141117692, 0.166277959943, 0.125330016017, 0.0241044554859, 0.00893324054778, 0.00755442306399, 0.023440008983, 0.047141700983, 0.0301239527762, 0.0541962943971, 0.100816249847, 0.0515907295048, 0.0236998647451, 0.0108484541997, 0.011297444813, 0.0430716052651, 0.0824613794684, 0.0462045371532, 0.0175836496055, 0.00729142175987, 0.00780439423397, 0.0611796937883]
    },
    "chords_histogram": [61.1111106873, 0, 3.18930029869, 5.86419773102, 0.102880656719, 6.58436203003, 0.411522626877, 11.6255140305, 3.08641982079, 0, 3.29218101501, 0, 0, 1.44032919407, 0, 0.205761313438, 0, 0, 0, 0, 0.925925910473, 0, 2.16049385071, 0],
    "thpcp": [1, 0.676154315472, 0.191629350185, 0.068143568933, 0.0790783315897, 0.197204142809, 0.258569389582, 0.217168465257, 0.329113185406, 0.389719307423, 0.256322294474, 0.188941910863, 0.134233832359, 0.118453472853, 0.271602332592, 0.341203540564, 0.220771104097, 0.119460612535, 0.077883400023, 0.125689998269, 0.517809927464, 0.76241260767, 0.417702078819, 0.110234737396, 0.0544831268489, 0.063684605062, 0.115359269083, 0.114707916975, 0.12786591053, 0.249308466911, 0.241644263268, 0.140740022063, 0.122134849429, 0.098476074636, 0.161059558392, 0.595560014248],
    "chords_key": "D",
    "chords_scale": "minor",
    "key_key": "D",
    "key_scale": "minor"
}
}