{
"lowlevel": {
    "average_loudness": 0.946191728115,
    "barkbands_crest": {
        "mean": 10.1273021698,
        "var": 12.9710969925
    },
    "barkbands_flatness_db": {
        "mean": 0.22985008359,
        "var": 0.00258647091687
    },
    "barkbands_kurtosis": {
        "mean": 4.47611808777,
        "var": 35.3593406677
    },
    "barkbands_skewness": {
        "mean": 1.66333341599,
        "var": 0.92196136713
    },
    "barkbands_spread": {
        "mean": 14.1091384888,
        "var": 71.5348510742
    },
    "dissonance": {
        "mean": 0.441577076912,
        "var": 0.00121986260638
    },
    "dynamic_complexity": 3.10680675507,
    "erbbands_crest": {
        "mean": 10.7828645706,
        "var": 16.4656085968
    },
    "erbbands_flatness_db": {
        "mean": 0.25801846385,
        "var": 0.00155155465472
    },
    "erbbands_kurtosis": {
        "mean": 0.270454734564,
        "var": 5.26150131226
    },
    "erbbands_skewness": {
        "mean": 0.676721692085,
        "var": 0.651264071465
    },
    "erbbands_spread": {
        "mean": 31.8972492218,
        "var": 176.564605713
    },
    "hfc": {
        "mean": 16.065820694,
        "var": 179.756835938
    },
    "melbands_crest": {
        "mean": 12.5984601974,
        "var": 19.0729980469
    },
    "melbands_flatness_db": {
        "mean": 0.288323074579,
        "var": 0.00584275089204
    },
    "melbands_kurtosis": {
        "mean": 10.0097675323,
        "var": 90.0387268066
    },
    "melbands_skewness": {
        "mean": 2.28169584274,
        "var": 1.24865329266
    },
    "melbands_spread": {
        "mean": 17.1570281982,
        "var": 162.618545532
    },
    "pitch_salience": {
        "mean": 0.580575346947,
        "var": 0.01065308135
    },
    "silence_rate_20dB": {
        "mean": 1,
        "var": 0
    },
    "silence_rate_30dB": {
        "mean": 1,
        "var": 0
    },
    "silence_rate_60dB": {
        "mean": 0.0865087509155,
        "var": 0.0790246129036
    },
    "spectral_centroid": {
        "mean": 1207.53735352,
        "var": 444397.625
    },
    "spectral_complexity": {
        "mean": 15.3383111954,
        "var": 63.79347229
    },
    "spectral_decrease": {
        "mean": -5.15612308405e-009,
        "var": 1.22034179109e-017
    },
    "spectral_energy": {
        "mean": 0.0209176335484,
        "var": 0.000203211966436
    },
    "spectral_energyband_high": {
        "mean": 4.43986318714e-005,
        "var": 6.28551966031e-009
    },
    "spectral_energyband_low": {
        "mean": 0.0013851064723,
        "var": 2.80467702396e-006
    },
    "spectral_energyband_middle_high": {
        "mean": 0.00541004212573,
        "var": 3.80406781915e-005
    },
    "spectral_energyband_middle_low": {
        "mean": 0.0147879328579,
        "var": 0.000112048262963
    },
    "spectral_entropy": {
        "mean": 6.78376436234,
        "var": 0.154943242669
    },
    "spectral_flux": {
        "mean": 0.0755721330643,
        "var": 0.00141730427276
    },
    "spectral_kurtosis": {
        "mean": 9.8480463028,
        "var": 73.2496643066
    },
    "spectral_rms": {
        "mean": 0.00418705120683,
        "var": 2.87607167593e-006
    },
    "spectral_rolloff": {
        "mean": 1216.60510254,
        "var": 1291982.875
    },
    "spectral_skewness": {
        "mean": 1.6486967802,
        "var": 0.624330699444
    },
    "spectral_spread": {
        "mean": 2441919.25,
        "var": 2.65551478784e+012
    },
    "spectral_strongpeak": {
        "mean": 1.25755023956,
        "var": 1.14577662945
    },
    "zerocrossingrate": {
        "mean": 0.0438613332808,
        "var": 0.000783060560934
    },
    "barkbands": {
        "mean": [8.21024059405e-007, 0.000297873280942, 0.000565258029383, 0.0012276712805, 0.00278665265068, 0.00364807480946, 0.00304066715762, 0.00221815588884, 0.00140103406738, 0.00100328994449, 0.000944217026699, 0.000732554995921, 0.000568315153942, 0.000306591915432, 0.000300147774396, 0.000142736666021, 0.000325671309838, 0.000507431454025, 0.000709248182829, 0.000161797535839, 9.65020717558e-006, 5.61277192901e-006, 4.87848365083e-006, 6.40458847556e-006, 8.68202391757e-007, 2.01760190066e-006, 1.10331310754e-009],
        "var": [1.88450643979e-012, 2.39403647129e-007, 9.60173338171e-007, 3.61154798156e-006, 1.28580295495e-005, 2.2494345103e-005, 1.71976571437e-005, 1.0714425116e-005, 8.29921282275e-006, 4.57172973256e-006, 5.95866276853e-006, 4.35098309026e-006, 2.05553419619e-006, 5.52513881757e-007, 5.7341981119e-007, 1.94008507037e-007, 3.22471578329e-007, 5.58478575385e-007, 7.71942495703e-007, 6.04859451414e-008, 1.70223682372e-010, 8.49478334897e-011, 1.03911032556e-010, 7.02160052324e-010, 4.82930535839e-012, 1.89160475478e-011, 2.95420111148e-017]
    },
    "erbbands": {
        "mean": [0.00448164157569, 0.0880354717374, 0.505638837814, 2.58685469627, 6.85604333878, 9.16227722168, 16.0263366699, 33.2445144653, 41.0073928833, 50.5958137512, 47.3389587402, 30.0113449097, 37.1745376587, 29.6618156433, 33.8853874207, 33.6242218018, 26.7141666412, 18.7243423462, 16.4455356598, 13.2572622299, 8.84028053284, 16.6836986542, 26.8691539764, 28.1841945648, 36.346282959, 7.30266618729, 0.772700250149, 0.290725529194, 0.207613259554, 0.171942457557, 0.140573874116, 0.150507315993, 0.0853063836694, 0.0141459908336, 0.00642778957263, 0.0134460888803, 0.00211635464802, 5.52031342522e-005, 1.31105052787e-005, 2.48198939516e-005],
        "var": [6.035023398e-005, 0.0165040381253, 0.54262316227, 13.3020038605, 107.05431366, 165.356521606, 544.185424805, 2366.20581055, 3774.7277832, 5027.81054688, 5228.86230469, 3705.25170898, 7297.73339844, 3364.28442383, 6545.40673828, 7978.03466797, 3932.09936523, 1778.32263184, 1845.59423828, 1033.93115234, 349.497467041, 671.721252441, 1464.31335449, 1221.59655762, 2186.25610352, 99.3592376709, 0.901260077953, 0.176498249173, 0.117035292089, 0.08609418571, 0.111183948815, 0.331663578749, 0.148825958371, 0.00144985492807, 0.000276481267065, 0.000879591563717, 2.07997618418e-005, 1.45519187811e-008, 1.03589005429e-010, 2.91718121881e-010]
    },
    "gfcc": {
        "mean": [-82.9410324097, 155.640228271, -149.248443604, 15.5685987473, -48.7629051208, -37.468044281, -37.2839012146, 6.51797389984, -32.150680542, -9.49949169159, -0.297972559929, -6.92948722839, -20.453578949],
        "cov": [[8226.7109375, -1631.77124023, -1092.09094238, 17.0050239563, -1284.85229492, 499.049713135, -238.742156982, 227.221450806, -281.947387695, -25.565158844, -151.706604004, -127.536491394, -446.324859619], [-1631.77124023, 1576.60705566, 201.786270142, -303.661804199, 600.619506836, -456.568847656, 232.381652832, -190.309036255, 45.5430145264, -56.8332824707, 88.8348617554, 61.8635025024, 93.207611084], [-1092.09094238, 201.786270142, 481.907806396, 161.729400635, 183.69291687, -46.6488265991, -52.2636299133, -6.42789363861, 24.0112495422, 22.1244945526, 42.4725532532, 41.3655509949, 83.4133148193], [17.0050239563, -303.661804199, 161.729400635, 470.94644165, 41.5310096741, 54.2819099426, -200.401184082, 12.5181999207, 97.96509552, 44.3822479248, -23.3601074219, -30.4362716675, 58.8190536499], [-1284.85229492, 600.619506836, 183.69291687, 41.5310096741, 631.701293945, -205.083114624, -81.3243637085, -56.8075370789, 103.410087585, 104.506019592, -14.3175544739, 3.78537845612, 71.5117797852], [499.049713135, -456.568847656, -46.6488265991, 54.2819099426, -205.083114624, 427.138275146, 24.0692119598, 72.2717056274, 24.2136192322, -15.3054466248, -10.0424728394, -46.458114624, -1.59292531013], [-238.742156982, 232.381652832, -52.2636299133, -200.401184082, -81.3243637085, 24.0692119598, 404.919372559, 58.1532707214, -76.3478622437, -59.031829834, 25.7352848053, 46.0923614502, -33.8043251038], [227.221450806, -190.309036255, -6.42789363861, 12.5181999207, -56.8075370789, 72.2717056274, 58.1532707214, 185.104400635, 6.51688480377, 17.8967018127, -12.2108411789, -3.92999410629, -24.5097999573], [-281.947387695, 45.5430145264, 24.0112495422, 97.96509552, 103.410087585, 24.2136192322, -76.3478622437, 6.51688480377, 194.483444214, 35.7034454346, -11.7022657394, -5.90296602249, 39.1598052979], [-25.565158844, -56.8332824707, 22.1244945526, 44.3822479248, 104.506019592, -15.3054466248, -59.031829834, 17.8967018127, 35.7034454346, 138.786468506, 10.2495231628, -11.5163946152, -10.2359056473], [-151.706604004, 88.8348617554, 42.4725532532, -23.3601074219, -14.3175544739, -10.0424728394, 25.7352848053, -12.2108411789, -11.7022657394, 10.2495231628, 126.363853455, 22.3744907379, -10.0823717117], [-127.536491394, 61.8635025024, 41.3655509949, -30.4362716675, 3.78537845612, -46.458114624, 46.0923614502, -3.92999410629, -5.90296602249, -11.5163946152, 22.3744907379, 108.504653931, 10.7324886322], [-446.324859619, 93.207611084, 83.4133148193, 58.8190536499, 71.5117797852, -1.59292531013, -33.8043251038, -24.5097999573, 39.1598052979, -10.2359056473, -10.0823717117, 10.7324886322, 156.425598145]],
        "icov": [[0.000513198086992, -0.00106634700205, 0.00117595109623, -0.00081232964294, 0.00148144375999, -0.000875858240761, 0.00132717646193, -0.00100476085208, 0.00118556665257, -0.00116444798186, 0.000983286648989, -0.000849650183227, 0.000969944579992], [-0.00106634700205, 0.00631131511182, -0.0034752599895, 0.00370797724463, -0.00622624345124, 0.0044420696795, -0.0054521644488, 0.00450672022998, -0.00459293462336, 0.0056305299513, -0.00443605612963, 0.00366537505761, -0.00294396444224], [0.00117595109623, -0.0034752599895, 0.00613053096458, -0.00355378794484, 0.00316563388333, -0.00278211897239, 0.0037381935399, -0.00330825825222, 0.00405369978398, -0.00306797213852, 0.00156117056031, -0.00354888173752, 0.00143578182906], [-0.00081232964294, 0.00370797724463, -0.00355378794484, 0.0057559129782, -0.00340957287699, 0.00244936300442, -0.00210174941458, 0.00240397220477, -0.00400582002476, 0.00297438423149, -0.00216198991984, 0.00283166370355, -0.00242655910552], [0.00148144375999, -0.00622624345124, 0.00316563388333, -0.00340957287699, 0.00960301049054, -0.00331676402129, 0.00571527099237, -0.00414590165019, 0.00370409921743, -0.00774040259421, 0.00549160083756, -0.00323807285167, 0.00283485138789], [-0.000875858240761, 0.0044420696795, -0.00278211897239, 0.00244936300442, -0.00331676402129, 0.00646751979366, -0.00436288770288, 0.00250608171336, -0.00425750855356, 0.00381927145645, -0.00316657172516, 0.00411051604897, -0.00272175460123], [0.00132717646193, -0.0054521644488, 0.0037381935399, -0.00210174941458, 0.00571527099237, -0.00436288770288, 0.00900906790048, -0.00557333324105, 0.00515837734565, -0.00388228311203, 0.00358138000593, -0.0046341153793, 0.00325223477557], [-0.00100476085208, 0.00450672022998, -0.00330825825222, 0.00240397220477, -0.00414590165019, 0.00250608171336, -0.00557333324105, 0.0101112546399, -0.00414589932188, 0.00248800334521, -0.00217489665374, 0.00277393544093, -0.00152111810166], [0.00118556665257, -0.00459293462336, 0.00405369978398, -0.00400582002476, 0.00370409921743, -0.00425750855356, 0.00515837734565, -0.00414589932188, 0.0108122518286, -0.00477486941963, 0.0033586518839, -0.00372437457554, 0.00164535874501], [-0.00116444798186, 0.0056305299513, -0.00306797213852, 0.00297438423149, -0.00774040259421, 0.00381927145645, -0.00388228311203, 0.00248800334521, -0.00477486941963, 0.0149653982371, -0.00575276883319, 0.00373129243962, -0.00148374063428], [0.000983286648989, -0.00443605612963, 0.00156117056031, -0.00216198991984, 0.00549160083756, -0.00316657172516, 0.00358138000593, -0.00217489665374, 0.0033586518839, -0.00575276883319, 0.0124543039128, -0.00397457089275, 0.00317788054235], [-0.000849650183227, 0.00366537505761, -0.00354888173752, 0.00283166370355, -0.00323807285167, 0.00411051604897, -0.0046341153793, 0.00277393544093, -0.00372437457554, 0.00373129243962, -0.00397457089275, 0.0135100549087, -0.00283188768663], [0.000969944579992, -0.00294396444224, 0.00143578182906, -0.00242655910552, 0.00283485138789, -0.00272175460123, 0.00325223477557, -0.00152111810166, 0.00164535874501, -0.00148374063428, 0.00317788054235, -0.00283188768663, 0.0100922472775]]
    },
    "melbands": {
        "mean": [6.51636582916e-005, 0.000215152555029, 0.000584544672165, 0.000566737377085, 0.000547877105419, 0.000755941844545, 0.000633336487226, 0.000534983584657, 0.000366140855476, 0.000182908741408, 0.000183463809662, 0.000115130969789, 0.000131341934321, 8.46107359393e-005, 7.62386844144e-005, 4.89046651637e-005, 3.24832690239e-005, 2.6005311156e-005, 1.92492589122e-005, 1.439593143e-005, 1.03281790871e-005, 1.64398461493e-005, 2.29788238357e-005, 2.50675821007e-005, 2.12675895455e-005, 3.04142249661e-005, 1.63340537256e-005, 2.1845039555e-006, 3.88662272144e-007, 2.42641590376e-007, 1.31044927798e-007, 1.17420420054e-007, 1.02278725933e-007, 9.18044875675e-008, 8.05751909638e-008, 8.06899080885e-008, 9.77302505589e-008, 7.5565154134e-008, 2.128707699e-008, 7.79253728211e-009],
        "var": [1.25943611096e-008, 7.94438719254e-008, 5.9581594769e-007, 5.72903104512e-007, 5.29845522124e-007, 1.11643544187e-006, 7.81857465881e-007, 5.49037281417e-007, 3.36882095553e-007, 1.4952722438e-007, 1.80677204753e-007, 5.48591714278e-008, 1.19473540394e-007, 6.95550141927e-008, 3.52399318615e-008, 1.33026745175e-008, 6.15611295274e-009, 5.05020691932e-009, 2.19120099842e-009, 1.94438598555e-009, 6.3470639855e-010, 9.67637192595e-010, 1.57087065578e-009, 1.4772181256e-009, 7.63000773674e-010, 1.70448444248e-009, 4.83962481201e-010, 1.70265242877e-011, 4.01921280545e-013, 1.3131662912e-013, 5.37960484265e-014, 4.33957408311e-014, 3.16570161469e-014, 2.59892205413e-014, 3.27291159127e-014, 6.98313206305e-014, 1.60363638601e-013, 1.26389160639e-013, 7.91278951677e-015, 4.30664267032e-016]
    },
    "mfcc": {
        "mean": [-717.289916992, 182.078887939, -34.8190345764, 36.5264511108, -2.24902272224, -32.3895263672, -2.45771431923, 1.11976528168, -29.8547401428, 0.946334898472, -3.29387807846, -5.37111997604, 0.524527072906],
        "cov": [[5571.03808594, -766.83795166, -841.192871094, -250.893173218, -897.410522461, -28.9480133057, -116.330574036, 196.016174316, -341.475372314, 258.393310547, 255.559509277, -227.494857788, -251.586135864], [-766.83795166, 1227.36499023, -96.7581481934, -34.9960632324, 59.102268219, -125.608947754, 100.87310791, -4.97662639618, -45.9608840942, -138.816680908, 48.2154083252, -54.4598274231, 113.441612244], [-841.192871094, -96.7581481934, 509.622497559, 73.8232421875, 124.514686584, 54.3691253662, 38.6265296936, 18.1917800903, 64.8604888916, -44.9843673706, -115.25592804, 82.9135971069, 36.1863708496], [-250.893173218, -34.9960632324, 73.8232421875, 388.984558105, 227.943374634, -42.942527771, -84.896522522, -98.7248458862, 26.414686203, -17.7760696411, -51.1793365479, 22.9086704254, 69.4480667114], [-897.410522461, 59.102268219, 124.514686584, 227.943374634, 720.147338867, 77.8974685669, -180.125946045, -214.002258301, 100.550590515, -3.48669028282, -33.9784164429, 58.2756080627, 61.3120346069], [-28.9480133057, -125.608947754, 54.3691253662, -42.942527771, 77.8974685669, 218.68069458, 0.769522368908, -19.808807373, 59.7217559814, 24.1992511749, -4.6767745018, 53.5590248108, -39.4223136902], [-116.330574036, 100.87310791, 38.6265296936, -84.896522522, -180.125946045, 0.769522368908, 255.798797607, 82.8216629028, -23.4037685394, 4.93883800507, 20.2283000946, 16.3574371338, -24.0330905914], [196.016174316, -4.97662639618, 18.1917800903, -98.7248458862, -214.002258301, -19.808807373, 82.8216629028, 241.270812988, 5.51109409332, 23.0595531464, 39.9083633423, -22.2670383453, 5.75824165344], [-341.475372314, -45.9608840942, 64.8604888916, 26.414686203, 100.550590515, 59.7217559814, -23.4037685394, 5.51109409332, 218.189315796, 28.1763629913, -44.8219528198, 21.7953414917, -9.40486717224], [258.393310547, -138.816680908, -44.9843673706, -17.7760696411, -3.48669028282, 24.1992511749, 4.93883800507, 23.0595531464, 28.1763629913, 160.546325684, 52.9903717041, -18.3463439941, -43.026008606], [255.559509277, 48.2154083252, -115.25592804, -51.1793365479, -33.9784164429, -4.6767745018, 20.2283000946, 39.9083633423, -44.8219528198, 52.9903717041, 210.454162598, -6.71953630447, -16.5316238403], [-227.494857788, -54.4598274231, 82.9135971069, 22.9086704254, 58.2756080627, 53.5590248108, 16.3574371338, -22.2670383453, 21.7953414917, -18.3463439941, -6.71953630447, 173.483612061, 22.8972759247], [-251.586135864, 113.441612244, 36.1863708496, 69.4480667114, 61.3120346069, -39.4223136902, -24.0330905914, 5.75824165344, -9.40486717224, -43.026008606, -16.5316238403, 22.8972759247, 148.802047729]],
        "icov": [[0.000430771237006, 0.000178678150405, 0.000511462625582, -0.000165549281519, 0.000462779542431, -0.000270810181974, 0.000458215188701, -0.000190324513824, 0.0005310678971, -0.000342754181474, -3.85863531847e-005, 0.000118028452562, 0.000275942642475], [0.000178678150405, 0.00131000950933, 0.000530916964635, 0.00027468719054, -0.00028379415744, 0.000420549389673, -0.000722269061953, 2.85989990516e-005, 1.41720079228e-006, 0.000990440137684, -0.0004171206092, 0.000572442135308, -0.000691281748004], [0.000511462625582, 0.000530916964635, 0.00354875787161, -0.000454217457445, -0.000280204258161, -0.000575726735406, -0.000444107630756, -0.00132593186572, 0.00049402640434, 0.000290395139018, 0.00134689256083, -0.000649709254503, 0.000116299088404], [-0.000165549281519, 0.00027468719054, -0.000454217457445, 0.00390815827996, -0.0010671953205, 0.00138007383794, -7.09143860149e-005, 0.000944411149248, -0.000446971214842, 2.97160877381e-005, 0.000308554561343, -0.000111692192149, -0.00141369039193], [0.000462779542431, -0.00028379415744, -0.000280204258161, -0.0010671953205, 0.00358479493298, -0.00123989384156, 0.0019561315421, 0.00184440950397, -0.000297908176435, -0.00106620171573, -0.00072370126145, -2.71399076155e-005, -0.000399327342166], [-0.000270810181974, 0.000420549389673, -0.000575726735406, 0.00138007383794, -0.00123989384156, 0.00664025079459, -0.000695746159181, 0.000393375958083, -0.00150235590991, 0.000129912456032, -0.000129774169181, -0.00158639904112, 0.00103222695179], [0.000458215188701, -0.000722269061953, -0.000444107630756, -7.09143860149e-005, 0.0019561315421, -0.000695746159181, 0.00644810590893, -0.000915569311474, 0.000996647868305, -0.00127223460004, -0.000188481106306, -0.00102181255352, 0.00138441717718], [-0.000190324513824, 2.85989990516e-005, -0.00132593186572, 0.000944411149248, 0.00184440950397, 0.000393375958083, -0.000915569311474, 0.00726654846221, -0.00168360897806, -0.000619748025201, -0.0015976044815, 0.000914328789804, -0.00215053115971], [0.0005310678971, 1.41720079228e-006, 0.00049402640434, -0.000446971214842, -0.000297908176435, -0.00150235590991, 0.000996647868305, -0.00168360897806, 0.00665716128424, -0.00178014766425, 0.00159822253045, -0.000330428010784, 0.00107057101559], [-0.000342754181474, 0.000990440137684, 0.000290395139018, 2.97160877381e-005, -0.00106620171573, 0.000129912456032, -0.00127223460004, -0.000619748025201, -0.00178014766425, 0.0092288563028, -0.00216237455606, 0.00105761981104, 0.00102618604433], [-3.85863531847e-005, -0.0004171206092, 0.00134689256083, 0.000308554561343, -0.00072370126145, -0.000129774169181, -0.000188481106306, -0.0015976044815, 0.00159822253045, -0.00216237455606, 0.00679726339877, -0.000997132854536, 0.000460764713353], [0.000118028452562, 0.000572442135308, -0.000649709254503, -0.000111692192149, -2.71399076155e-005, -0.00158639904112, -0.00102181255352, 0.000914328789804, -0.000330428010784, 0.00105761981104, -0.000997132854536, 0.00746387196705, -0.00161062157713], [0.000275942642475, -0.000691281748004, 0.000116299088404, -0.00141369039193, -0.000399327342166, 0.00103222695179, 0.00138441717718, -0.00215053115971, 0.00107057101559, 0.00102618604433, 0.000460764713353, -0.00161062157713, 0.00975364167243]]
    },
    "spectral_contrast_coeffs": {
        "mean": [-0.566446185112, -0.655761420727, -0.736795723438, -0.744808495045, -0.678848981857, -0.741827368736],
        "var": [0.00771302729845, 0.00646188668907, 0.00645039230585, 0.00402919529006, 0.00487838219851, 0.00316551863216]
    },
    "spectral_contrast_valleys": {
        "mean": [-8.19942569733, -6.77534341812, -7.87120056152, -8.51912975311, -8.50654506683, -12.9245586395],
        "var": [1.05883407593, 1.37223505974, 1.37317955494, 1.22523748875, 1.31656754017, 2.48615431786]
    }
},
"metadata": {
    "audio_properties": {
        "analysis_sample_rate": 44100,
        "bit_rate": 106565,
        "equal_loudness": 0,
        "length": 45.0612258911,
        "lossless": 0,
        "replay_gain": -12.0527915955,
        "sample_rate": 44100,
        "codec": "mp3",
        "downmix": "mix",
        "md5_encoded": "40214d7a9f35c7adf324b4493766f125"
    },
    "tags": {
        "file_name": "591.mp3"
    },
    "version": {
        "essentia": "2.1-beta2",
        "essentia_git_sha": "v2.1_beta2",
        "extractor": "music 1.0"
    }
},
"rhythm": {
    "beats_count": 127,
    "beats_loudness": {
        "mean": 0.02908224985,
        "var": 0.000139180614497
    },
    "bpm": 172.265563965,
    "bpm_histogram_first_peak_bpm": {
        "mean": 172,
        "var": 0
    },
    "bpm_histogram_first_peak_spread": {
        "mean": 0,
        "var": 0
    },
    "bpm_histogram_first_peak_weight": {
        "mean": 0.523809552193,
        "var": 0
    },
    "bpm_histogram_second_peak_bpm": {
        "mean": 167,
        "var": 0
    },
    "bpm_histogram_second_peak_spread": {
        "mean": 0,
        "var": 0
    },
    "bpm_histogram_second_peak_weight": {
        "mean": 0.26984128356,
        "var": 0
    },
    "danceability": 1.31835341454,
    "onset_rate": 3.03893780708,
    "beats_loudness_band_ratio": {
        "mean": [0.177695870399, 0.351693600416, 0.340712845325, 0.123940601945, 0.0718554630876, 0.0435527265072],
        "var": [0.0207086056471, 0.0452739968896, 0.0254638697952, 0.0187577921897, 0.00401747180149, 0.00169785448816]
    },
    "beats_position": [0.394739210606, 0.789478421211, 1.16099774837, 1.50929701328, 1.86920630932, 2.22911548615, 2.57741498947, 2.92571425438, 3.28562355042, 3.64553284645, 4.00544214249, 4.34213161469, 4.69043064117, 5.0387301445, 5.3754196167, 5.72371864319, 6.08362817764, 6.40870714188, 6.7570066452, 7.0936961174, 7.4303855896, 7.77868461609, 8.12698364258, 8.47528362274, 8.83519268036, 9.18349170685, 9.52018165588, 9.86848068237, 10.2167797089, 10.5766887665, 10.9365987778, 11.2965078354, 11.656416893, 12.0047159195, 12.3530158997, 12.7013149261, 13.0612239838, 13.4211339951, 13.7694330215, 14.117732048, 14.4776411057, 14.8375511169, 15.1974601746, 15.5573692322, 15.9172782898, 16.2771873474, 16.6254863739, 16.9737873077, 17.3220863342, 17.6703853607, 18.0302944183, 18.390203476, 18.7385025024, 19.0868015289, 19.4351024628, 19.7834014893, 20.1433105469, 20.5032196045, 20.851518631, 21.1998176575, 21.548116684, 21.8964176178, 22.2563266754, 22.6046257019, 22.9529247284, 23.312833786, 23.6727428436, 24.009431839, 24.3577327728, 24.7060317993, 25.0543308258, 25.4026298523, 25.7509288788, 26.0992279053, 26.4475269318, 26.7958278656, 27.1441268921, 27.4808158875, 27.8291149139, 28.1658039093, 28.537322998, 28.8856239319, 29.2339229584, 29.5822219849, 29.9305210114, 30.2788200378, 30.6271190643, 30.9521980286, 31.3121089935, 31.66040802, 32.0087051392, 32.3453979492, 32.6820869446, 33.0419960022, 33.4019050598, 33.7618141174, 34.121723175, 34.4700202942, 34.818321228, 35.1550102234, 35.5033111572, 35.8516082764, 36.211517334, 36.5482063293, 36.8965072632, 37.2331962585, 37.5698852539, 37.8949661255, 38.2432632446, 38.5915641785, 38.9630813599, 39.3113822937, 39.6596832275, 40.0195922852, 40.3795013428, 40.7277984619, 41.0644874573, 41.4011802673, 41.7494773865, 42.0977783203, 42.4460754395, 42.7943763733, 43.1426734924, 43.4909744263, 43.8624954224, 44.2340126038, 44.6055335999]
},
"tonal": {
    "chords_changes_rate": 0.108024694026,
    "chords_number_rate": 0.0154320988804,
    "chords_strength": {
        "mean": 0.562007665634,
        "var": 0.0115085765719
    },
    "hpcp_entropy": {
        "mean": 1.95738184452,
        "var": 0.532604634762
    },
    "key_strength": 0.772781193256,
    "tuning_diatonic_strength": 0.746320724487,
    "tuning_equal_tempered_deviation": 0.158105686307,
    "tuning_frequency": 445.112548828,
    "tuning_nontempered_energy_ratio": 0.847401559353,
    "hpcp": {
        "mean": [0.166564360261, 0.0926572084427, 0.0863745436072, 0.119326733053, 0.164449259639, 0.212100610137, 0.193629622459, 0.142625421286, 0.166597530246, 0.170710831881, 0.0995118469, 0.0586486570537, 0.0744098052382, 0.120243251324, 0.173972010612, 0.175157099962, 0.141336634755, 0.132254377007, 0.130246698856, 0.148248270154, 0.184189364314, 0.172555968165, 0.129167154431, 0.122248321772, 0.123190447688, 0.108261801302, 0.109638147056, 0.128471270204, 0.175413295627, 0.260143399239, 0.273900300264, 0.17606985569, 0.0921804308891, 0.074762031436, 0.107424452901, 0.17771089077],
        "var": [0.0653860270977, 0.0225466508418, 0.0304192714393, 0.0479805730283, 0.0660949349403, 0.0860392600298, 0.0735053569078, 0.0459192506969, 0.0588439181447, 0.0672560334206, 0.0343556031585, 0.0238128062338, 0.0307514611632, 0.0515486896038, 0.0743474662304, 0.0711203813553, 0.0498678646982, 0.0580658763647, 0.0533701665699, 0.0644095242023, 0.0739863440394, 0.0669865459204, 0.0446098595858, 0.0504104942083, 0.0523179322481, 0.0370563156903, 0.0437479652464, 0.0529698245227, 0.069447606802, 0.0970478653908, 0.106884747744, 0.0622843243182, 0.0319267101586, 0.0225232485682, 0.0311644487083, 0.0673784539104]
    },
    "chords_histogram": [9.15637874603, 6.48148155212, 13.271604538, 3.70370364189, 0, 0.102880656719, 0, 5.65843629837, 0, 0, 0.411522626877, 2.26337456703, 4.73251008987, 4.42386817932, 13.9917697906, 0.205761313438, 16.2551441193, 9.46502017975, 1.13168728352, 0, 0.411522626877, 1.44032919407, 2.98353910446, 3.90946507454],
    "thpcp": [1, 0.642824590206, 0.336547374725, 0.27295345068, 0.39220276475, 0.648815989494, 0.608120381832, 0.338288098574, 0.315350294113, 0.435657560825, 0.600398242474, 0.774371564388, 0.706934690475, 0.520720183849, 0.60824149847, 0.623259007931, 0.363314121962, 0.214124113321, 0.271667480469, 0.439003735781, 0.635165452957, 0.639492154121, 0.516014873981, 0.482855916023, 0.475525945425, 0.541249036789, 0.672468662262, 0.629995524883, 0.471584558487, 0.446324169636, 0.449763834476, 0.39525988698, 0.40028488636, 0.469043910503, 0.640427529812, 0.949774026871],
    "chords_key": "G",
    "chords_scale": "major",
    "key_key": "B",
    "key_scale": "major"
}
}