{
"lowlevel": {
    "average_loudness": 0.844909787178,
    "barkbands_crest": {
        "mean": 11.1647558212,
        "var": 22.5103359222
    },
    "barkbands_flatness_db": {
        "mean": 0.191248804331,
        "var": 0.00309494836256
    },
    "barkbands_kurtosis": {
        "mean": 2.36482214928,
        "var": 23.9274272919
    },
    "barkbands_skewness": {
        "mean": 1.01209139824,
        "var": 1.0439183712
    },
    "barkbands_spread": {
        "mean": 15.6971969604,
        "var": 61.6959953308
    },
    "dissonance": {
        "mean": 0.436771631241,
        "var": 0.00150910776574
    },
    "dynamic_complexity": 3.04148936272,
    "erbbands_crest": {
        "mean": 13.4402952194,
        "var": 28.0008239746
    },
    "erbbands_flatness_db": {
        "mean": 0.243162125349,
        "var": 0.00275305914693
    },
    "erbbands_kurtosis": {
        "mean": 0.754257380962,
        "var": 3.72987914085
    },
    "erbbands_skewness": {
        "mean": 0.305022269487,
        "var": 0.653557837009
    },
    "erbbands_spread": {
        "mean": 24.5369415283,
        "var": 134.771087646
    },
    "hfc": {
        "mean": 18.4394989014,
        "var": 154.081222534
    },
    "melbands_crest": {
        "mean": 14.4320201874,
        "var": 43.2669181824
    },
    "melbands_flatness_db": {
        "mean": 0.232052877545,
        "var": 0.00440414808691
    },
    "melbands_kurtosis": {
        "mean": 5.81067323685,
        "var": 80.4526824951
    },
    "melbands_skewness": {
        "mean": 1.65312719345,
        "var": 1.49170362949
    },
    "melbands_spread": {
        "mean": 22.324256897,
        "var": 197.38092041
    },
    "pitch_salience": {
        "mean": 0.49773183465,
        "var": 0.0126829780638
    },
    "silence_rate_20dB": {
        "mean": 1,
        "var": 0
    },
    "silence_rate_30dB": {
        "mean": 0.998456001282,
        "var": 0.00154162012041
    },
    "silence_rate_60dB": {
        "mean": 0.0782295390964,
        "var": 0.0721087604761
    },
    "spectral_centroid": {
        "mean": 1158.19372559,
        "var": 343695.65625
    },
    "spectral_complexity": {
        "mean": 13.2382917404,
        "var": 36.1899986267
    },
    "spectral_decrease": {
        "mean": -6.06389916058e-009,
        "var": 2.33968201697e-017
    },
    "spectral_energy": {
        "mean": 0.0245590489358,
        "var": 0.000366159016266
    },
    "spectral_energyband_high": {
        "mean": 0.000315493176458,
        "var": 5.77045113914e-007
    },
    "spectral_energyband_low": {
        "mean": 0.00286349491216,
        "var": 5.54007165192e-005
    },
    "spectral_energyband_middle_high": {
        "mean": 0.00732843205333,
        "var": 2.81299253402e-005
    },
    "spectral_energyband_middle_low": {
        "mean": 0.0151520567015,
        "var": 0.000210976970266
    },
    "spectral_entropy": {
        "mean": 6.83108377457,
        "var": 0.253993332386
    },
    "spectral_flux": {
        "mean": 0.0543793998659,
        "var": 0.00170512776822
    },
    "spectral_kurtosis": {
        "mean": 8.45140838623,
        "var": 40.702003479
    },
    "spectral_rms": {
        "mean": 0.00451173167676,
        "var": 3.60436479241e-006
    },
    "spectral_rolloff": {
        "mean": 1414.03417969,
        "var": 1160757.25
    },
    "spectral_skewness": {
        "mean": 1.84894216061,
        "var": 0.391732424498
    },
    "spectral_spread": {
        "mean": 2943702,
        "var": 2.1056740393e+012
    },
    "spectral_strongpeak": {
        "mean": 2.34989404678,
        "var": 2.78692412376
    },
    "zerocrossingrate": {
        "mean": 0.0519385002553,
        "var": 0.000788583827671
    },
    "barkbands": {
        "mean": [0.000286973488983, 0.000556015700568, 0.00112607621122, 0.00182904826943, 0.00229290989228, 0.0030148641672, 0.00623983237892, 0.000456623587525, 0.000977064017206, 0.00194050802384, 0.000731878040824, 0.000685257778969, 0.00171549746301, 0.000565377471503, 0.000590217881836, 0.000409643078456, 0.000314854260068, 0.000376727606636, 0.000101150952105, 0.000102078047348, 8.29577620607e-005, 5.40224355063e-005, 4.20342039433e-005, 5.34775390406e-005, 9.12146242626e-006, 4.82471477881e-006, 3.2760716806e-008],
        "var": [3.57095217396e-007, 3.01581735584e-006, 1.06768748083e-005, 3.35518088832e-005, 1.39390185723e-005, 1.61239931913e-005, 0.000121404176753, 1.55884617925e-006, 4.00058343075e-006, 6.18314516032e-006, 3.45630246557e-006, 1.74813317244e-006, 9.63576439972e-006, 1.15839429782e-006, 7.00019995747e-007, 4.41415807018e-007, 1.20871305853e-007, 3.45123680745e-007, 1.56422288455e-008, 2.91534139052e-008, 6.76223521623e-008, 4.20411190305e-008, 2.92640081057e-008, 2.54290668522e-008, 1.96685778775e-009, 1.02660868695e-009, 6.43278290878e-014]
    },
    "erbbands": {
        "mean": [0.0093551510945, 0.160302117467, 1.04635238647, 4.45799589157, 6.4014339447, 7.23467111588, 14.7543907166, 26.3417816162, 91.4773483276, 46.996055603, 9.01784229279, 24.8997745514, 31.0223560333, 69.5045318604, 33.3983573914, 36.2068595886, 69.0716171265, 54.2632026672, 31.1459579468, 27.3411312103, 17.3807907104, 15.2877473831, 25.8616924286, 6.23849821091, 4.99636888504, 5.45727539063, 3.74172997475, 3.2580742836, 2.19399261475, 1.14692223072, 1.32066452503, 1.22073531151, 0.711899578571, 0.140896588564, 0.0540832206607, 0.0380161255598, 0.00432015862316, 0.000345061038388, 2.25107960432e-005, 2.96304860967e-005],
        "var": [0.000733366468921, 0.247701272368, 8.86817932129, 160.162704468, 158.1043396, 186.498123169, 547.969726563, 1194.14294434, 23115.9667969, 9080.25390625, 154.153900146, 3225.26635742, 1378.91259766, 9871.30761719, 4826.62548828, 4622.41503906, 11349.71875, 6018.58349609, 1894.53588867, 2617.54931641, 384.728118896, 236.160629272, 1690.73681641, 59.4467582703, 37.1079177856, 84.4145431519, 61.4801635742, 144.642578125, 69.9689941406, 27.1057739258, 25.3649311066, 10.9600191116, 10.254907608, 0.528947114944, 0.0453605130315, 0.0636145323515, 0.000712236447725, 6.77083380651e-006, 3.41262285097e-009, 5.21894083505e-010]
    },
    "gfcc": {
        "mean": [-50.9279136658, 128.865188599, -161.932754517, 26.0055541992, -61.0987014771, 2.79091930389, -40.852771759, -7.98863697052, -18.615354538, -11.0308866501, -5.07959794998, -12.645690918, 1.99461007118],
        "cov": [[6345.22070313, -776.407775879, -81.3072738647, -185.665908813, -424.323974609, 523.863586426, -599.203857422, 250.744644165, -503.880889893, -22.6946525574, 29.1330127716, 169.016799927, -53.7207260132], [-776.407775879, 1494.95544434, -144.463760376, -144.97467041, 315.090393066, -342.9453125, 349.753540039, -468.641540527, 115.254081726, -88.5498886108, 128.396377563, -105.579338074, 107.473960876], [-81.3072738647, -144.463760376, 593.23425293, 240.630340576, -41.2873001099, 90.540222168, -159.167175293, 111.822853088, -40.2193603516, 14.4567375183, -76.1691894531, -27.8079814911, -122.34437561], [-185.665908813, -144.97467041, 240.630340576, 424.493499756, 10.4376745224, 94.8817443848, -92.8186264038, 56.5498771667, -38.7362785339, -63.7974662781, -152.544692993, -84.9948425293, -24.9638061523], [-424.323974609, 315.090393066, -41.2873001099, 10.4376745224, 276.894073486, -52.9678344727, 87.8024368286, -111.200294495, -1.82369887829, -28.2468605042, -11.4871683121, -47.3828353882, 10.6451263428], [523.863586426, -342.9453125, 90.540222168, 94.8817443848, -52.9678344727, 299.160583496, -103.995803833, 124.363647461, -109.662590027, -82.0238189697, -58.696811676, -5.77596282959, 21.2345600128], [-599.203857422, 349.753540039, -159.167175293, -92.8186264038, 87.8024368286, -103.995803833, 311.713226318, -141.8387146, 80.0583877563, 6.55714464188, 28.2234954834, 44.8031692505, 47.1800384521], [250.744644165, -468.641540527, 111.822853088, 56.5498771667, -111.200294495, 124.363647461, -141.8387146, 353.471282959, 48.1651420593, 38.3448791504, -13.4486513138, -51.7250556946, -74.0987014771], [-503.880889893, 115.254081726, -40.2193603516, -38.7362785339, -1.82369887829, -109.662590027, 80.0583877563, 48.1651420593, 230.122024536, 125.603660583, 84.330657959, -37.3530044556, -73.8625030518], [-22.6946525574, -88.5498886108, 14.4567375183, -63.7974662781, -28.2468605042, -82.0238189697, 6.55714464188, 38.3448791504, 125.603660583, 284.70199585, 121.110412598, -5.9675655365, -120.223907471], [29.1330127716, 128.396377563, -76.1691894531, -152.544692993, -11.4871683121, -58.696811676, 28.2234954834, -13.4486513138, 84.330657959, 121.110412598, 225.984619141, 19.7696933746, -34.3267402649], [169.016799927, -105.579338074, -27.8079814911, -84.9948425293, -47.3828353882, -5.77596282959, 44.8031692505, -51.7250556946, -37.3530044556, -5.9675655365, 19.7696933746, 200.546859741, 24.8785018921], [-53.7207260132, 107.473960876, -122.34437561, -24.9638061523, 10.6451263428, 21.2345600128, 47.1800384521, -74.0987014771, -73.8625030518, -120.223907471, -34.3267402649, 24.8785018921, 168.676467896]],
        "icov": [[0.000439362716861, -0.00082183314953, 0.000751230807509, 2.33918035519e-005, 0.000717699353117, -0.000910699251108, 0.000938086421229, -0.000728317070752, 0.00131700444035, -0.00075633317465, 0.000455722853076, -0.000884132401552, 0.000959710916504], [-0.00082183314953, 0.00509403506294, -0.00291884876788, 0.000756923982408, -0.00264923181385, 0.00359422946349, -0.00347256078385, 0.00470363907516, -0.00400198157877, 0.00406331242993, -0.00331171834841, 0.00483155203983, -0.00300313020125], [0.000751230807509, -0.00291884876788, 0.00481405574828, -0.00167199131101, 0.00188506976701, -0.00242920103483, 0.00286845117807, -0.00281152175739, 0.00350841809995, -0.00225683301687, 0.00183710374404, -0.00332780554891, 0.00428518932313], [2.33918035519e-005, 0.000756923982408, -0.00167199131101, 0.00458885123953, -0.000412357592722, -0.000536406470928, 0.000161397925694, 0.00127982650883, -0.00128397531807, 0.00057975994423, 0.00193134543952, 0.00191474345047, -0.000436182075646], [0.000717699353117, -0.00264923181385, 0.00188506976701, -0.000412357592722, 0.00657681329176, -0.00189820223022, 0.000833370315377, -0.00119039963465, 0.00341648980975, -0.00158739520703, 0.0015573540004, -0.000855725840665, 0.00309847085737], [-0.000910699251108, 0.00359422946349, -0.00242920103483, -0.000536406470928, -0.00189820223022, 0.0087006110698, -0.00309095415287, 0.000824885326438, -0.000557501974981, 0.00371186900884, -0.00303147896193, 0.00346574001014, -0.00289666024037], [0.000938086421229, -0.00347256078385, 0.00286845117807, 0.000161397925694, 0.000833370315377, -0.00309095415287, 0.00879525579512, -0.00136413157452, 0.000129108215333, -0.00290264422074, 0.00310974591412, -0.00488340575248, 0.0012337443186], [-0.000728317070752, 0.00470363907516, -0.00281152175739, 0.00127982650883, -0.00119039963465, 0.000824885326438, -0.00136413157452, 0.00983747374266, -0.0064350143075, 0.003766059177, -0.00208277022466, 0.00515972729772, -0.00172286143061], [0.00131700444035, -0.00400198157877, 0.00350841809995, -0.00128397531807, 0.00341648980975, -0.000557501974981, 0.000129108215333, -0.0064350143075, 0.0146834477782, -0.00474469410256, 0.000187220328371, -0.00230903644115, 0.00574233010411], [-0.00075633317465, 0.00406331242993, -0.00225683301687, 0.00057975994423, -0.00158739520703, 0.00371186900884, -0.00290264422074, 0.003766059177, -0.00474469410256, 0.0103315524757, -0.00499223452061, 0.00379971181974, 0.00142795580905], [0.000455722853076, -0.00331171834841, 0.00183710374404, 0.00193134543952, 0.0015573540004, -0.00303147896193, 0.00310974591412, -0.00208277022466, 0.000187220328371, -0.00499223452061, 0.0100604780018, -0.00328817381524, 0.00142826430965], [-0.000884132401552, 0.00483155203983, -0.00332780554891, 0.00191474345047, -0.000855725840665, 0.00346574001014, -0.00488340575248, 0.00515972729772, -0.00230903644115, 0.00379971181974, -0.00328817381524, 0.0113090053201, -0.00288016162813], [0.000959710916504, -0.00300313020125, 0.00428518932313, -0.000436182075646, 0.00309847085737, -0.00289666024037, 0.0012337443186, -0.00172286143061, 0.00574233010411, 0.00142795580905, 0.00142826430965, -0.00288016162813, 0.0145061705261]]
    },
    "melbands": {
        "mean": [0.000131518230774, 0.000437092967331, 0.000826848961879, 0.00045087953913, 0.00046890496742, 0.000607886526268, 0.00142178218812, 0.000411948683904, 5.68560353713e-005, 0.000166481651831, 0.000148358696606, 0.000286591792246, 0.000120402277389, 7.40030081943e-005, 6.99738593539e-005, 0.00022102582443, 7.83795549069e-005, 4.27330596722e-005, 3.78429358534e-005, 3.83162077924e-005, 1.72775835381e-005, 1.57200283866e-005, 2.26700522035e-005, 1.73902481038e-005, 3.66293920706e-006, 4.02256000598e-006, 2.5765468763e-006, 3.96176392314e-006, 2.2830852231e-006, 2.38672942032e-006, 1.67733958278e-006, 1.42506087286e-006, 6.77965488194e-007, 6.64625758873e-007, 9.74682620836e-007, 4.74160884778e-007, 7.93505648744e-007, 6.62121749428e-007, 1.39992366144e-007, 1.0776506798e-007],
        "var": [1.28148215595e-007, 1.56978262567e-006, 4.83749909108e-006, 5.81217250328e-007, 5.90633931097e-007, 8.02470935923e-007, 5.89108412896e-006, 7.63906996326e-007, 6.98716640102e-009, 1.33762370069e-007, 3.44715047618e-008, 1.79935426559e-007, 9.04652353029e-008, 1.70304517155e-008, 1.0367950054e-008, 1.63239846529e-007, 1.33227127108e-008, 3.9499767901e-009, 2.77774536706e-009, 4.48296511024e-009, 3.6377717505e-010, 3.92394061688e-010, 9.65051150104e-010, 8.90046092383e-010, 3.71456268522e-011, 2.72413706176e-011, 1.55136944957e-011, 4.58015673999e-011, 1.67597654505e-011, 6.78743242166e-011, 4.61423434184e-011, 3.47144049617e-011, 7.09804741025e-012, 1.21730568334e-011, 1.67950271746e-011, 2.14656005644e-012, 4.50229610538e-012, 1.11769465211e-011, 2.63750040688e-013, 6.36200022785e-013]
    },
    "mfcc": {
        "mean": [-681.576416016, 145.12210083, -30.6553001404, 18.832490921, -0.203907489777, 2.3214430809, -6.86457300186, -5.957675457, -4.26939916611, -3.35358262062, -12.7687864304, 5.40508508682, -14.6725139618],
        "cov": [[4223.76953125, -567.692321777, 103.839027405, -583.894287109, 66.8701019287, 6.47277975082, 97.6299514771, 137.253128052, -283.83972168, 69.2164993286, -343.769927979, -141.949249268, -40.8379898071], [-567.692321777, 1287.2199707, -278.04083252, 105.468132019, -63.0383491516, 120.380989075, 66.6202545166, -149.596374512, -23.5610790253, -147.139633179, -27.6094760895, -22.0847358704, 69.2749099731], [103.839027405, -278.04083252, 594.313415527, 113.901359558, 127.644287109, -36.5870323181, -56.8941040039, 51.3281135559, -5.73392295837, 27.9700660706, 65.2259368896, 5.61853218079, -78.4639968872], [-583.894287109, 105.468132019, 113.901359558, 369.815826416, 53.2504005432, 44.6632575989, -27.0761394501, -71.626701355, 35.0206756592, -29.1081600189, 79.3123168945, -10.8521528244, -15.1717348099], [66.8701019287, -63.0383491516, 127.644287109, 53.2504005432, 280.033782959, -20.5465526581, 14.2644109726, -0.244053974748, -13.1073703766, 42.3599815369, -26.1276550293, -24.4056663513, -77.9688034058], [6.47277975082, 120.380989075, -36.5870323181, 44.6632575989, -20.5465526581, 218.181411743, 45.9305610657, 14.3681716919, -9.62298774719, -92.3199539185, -66.0900726318, -69.4758911133, -10.4740762711], [97.6299514771, 66.6202545166, -56.8941040039, -27.0761394501, 14.2644109726, 45.9305610657, 144.009628296, 13.8489818573, 9.95624065399, -12.8195304871, -61.1661491394, -45.9553070068, -15.0066137314], [137.253128052, -149.596374512, 51.3281135559, -71.626701355, -0.244053974748, 14.3681716919, 13.8489818573, 201.508972168, 43.1545753479, -20.0996379852, -72.8087997437, -48.4884567261, -63.4756202698], [-283.83972168, -23.5610790253, -5.73392295837, 35.0206756592, -13.1073703766, -9.62298774719, 9.95624065399, 43.1545753479, 168.399475098, 17.9051837921, 3.1754155159, -59.4867744446, -48.803981781], [69.2164993286, -147.139633179, 27.9700660706, -29.1081600189, 42.3599815369, -92.3199539185, -12.8195304871, -20.0996379852, 17.9051837921, 209.429962158, 82.4510040283, 80.324546814, 11.5752801895], [-343.769927979, -27.6094760895, 65.2259368896, 79.3123168945, -26.1276550293, -66.0900726318, -61.1661491394, -72.8087997437, 3.1754155159, 82.4510040283, 261.785919189, 172.843444824, 94.0077209473], [-141.949249268, -22.0847358704, 5.61853218079, -10.8521528244, -24.4056663513, -69.4758911133, -45.9553070068, -48.4884567261, -59.4867744446, 80.324546814, 172.843444824, 255.609329224, 100.618812561], [-40.8379898071, 69.2749099731, -78.4639968872, -15.1717348099, -77.9688034058, -10.4740762711, -15.0066137314, -63.4756202698, -48.803981781, 11.5752801895, 94.0077209473, 100.618812561, 234.826293945]],
        "icov": [[0.000421909207944, 0.000119458862173, -0.000171594452695, 0.000537062005606, 1.75152144948e-005, -9.82685305644e-005, -0.000135275578941, 2.98598406516e-005, 0.00072220020229, -0.000309957191348, 0.000309455761453, 0.000313900964102, -7.66574157751e-005], [0.000119458862173, 0.00111479894258, 0.000355535274139, -0.000102388126834, -1.74600518221e-005, -0.000232527891058, -0.000389488006476, 0.000714531517588, 9.22617036849e-005, 0.00059522286756, 0.000168042213772, -9.66193474596e-005, -7.98671972007e-005], [-0.000171594452695, 0.000355535274139, 0.00259031914175, -0.000917359313462, -0.000834706588648, 0.000221292953938, 0.000532387814019, -0.000910796457902, 0.000500086462125, 0.00033246280509, -0.00130746199284, 0.000388338521589, 0.000636638957076], [0.000537062005606, -0.000102388126834, -0.000917359313462, 0.00485573709011, -0.000815489504021, -0.00124317314476, 0.000413729314459, 0.00152511964552, -0.00026951401378, 0.000470753555419, -0.00137168751098, 0.00108235399239, 0.000249418750172], [1.75152144948e-005, -1.74600518221e-005, -0.000834706588648, -0.000815489504021, 0.00486381817609, 0.000471987354103, -0.000808673503343, 0.000294334924547, 0.00105939409696, -0.00135705957655, 0.000893072749022, 7.72865969338e-005, 0.00123688939493], [-9.82685305644e-005, -0.000232527891058, 0.000221292953938, -0.00124317314476, 0.000471987354103, 0.00656270748004, -0.00159394729417, -0.000716244394425, 0.00077717442764, 0.00184427166823, 0.000267469440587, 0.000758450769354, -0.000162353564519], [-0.000135275578941, -0.000389488006476, 0.000532387814019, 0.000413729314459, -0.000808673503343, -0.00159394729417, 0.00866440963, -0.000131134089315, -0.000932203663979, -0.000732102023903, 0.00122907059267, 0.000204998446861, -0.000262870744336], [2.98598406516e-005, 0.000714531517588, -0.000910796457902, 0.00152511964552, 0.000294334924547, -0.000716244394425, -0.000131134089315, 0.00764585426077, -0.00247069913894, 0.000994902569801, 0.00199301354587, -0.00114357215352, 0.000842361652758], [0.00072220020229, 9.22617036849e-005, 0.000500086462125, -0.00026951401378, 0.00105939409696, 0.00077717442764, -0.000932203663979, -0.00247069913894, 0.0101696699858, -0.00204795133322, -0.00238959351555, 0.00418263161555, 0.00128600536846], [-0.000309957191348, 0.00059522286756, 0.00033246280509, 0.000470753555419, -0.00135705957655, 0.00184427166823, -0.000732102023903, 0.000994902569801, -0.00204795133322, 0.00788381882012, -0.00159718189389, -0.00167474022601, 0.000308581715217], [0.000309455761453, 0.000168042213772, -0.00130746199284, -0.00137168751098, 0.000893072749022, 0.000267469440587, 0.00122907059267, 0.00199301354587, -0.00238959351555, -0.00159718189389, 0.0110919503495, -0.00587911624461, -0.00193475338165], [0.000313900964102, -9.66193474596e-005, 0.000388338521589, 0.00108235399239, 7.72865969338e-005, 0.000758450769354, 0.000204998446861, -0.00114357215352, 0.00418263161555, -0.00167474022601, -0.00587911624461, 0.00998983345926, -0.000928799854591], [-7.66574157751e-005, -7.98671972007e-005, 0.000636638957076, 0.000249418750172, 0.00123688939493, -0.000162353564519, -0.000262870744336, 0.000842361652758, 0.00128600536846, 0.000308581715217, -0.00193475338165, -0.000928799854591, 0.00653644558042]]
    },
    "spectral_contrast_coeffs": {
        "mean": [-0.606732428074, -0.619325220585, -0.66897559166, -0.696288228035, -0.724955499172, -0.651460528374],
        "var": [0.00662947120145, 0.012806667015, 0.00743193319067, 0.00607809145004, 0.00340083870105, 0.00337734934874]
    },
    "spectral_contrast_valleys": {
        "mean": [-8.06333065033, -7.46405935287, -7.94628286362, -8.20376586914, -8.48947811127, -12.5751638412],
        "var": [1.11685419083, 1.06813836098, 1.2489464283, 0.987076342106, 0.916147947311, 1.58610796928]
    }
},
"metadata": {
    "audio_properties": {
        "analysis_sample_rate": 44100,
        "bit_rate": 101072,
        "equal_loudness": 0,
        "length": 45.0873451233,
        "lossless": 0,
        "replay_gain": -8.3050403595,
        "sample_rate": 44100,
        "codec": "mp3",
        "downmix": "mix",
        "md5_encoded": "220c93335fa69d7789f437421be14c8e"
    },
    "tags": {
        "file_name": "592.mp3"
    },
    "version": {
        "essentia": "2.1-beta2",
        "essentia_git_sha": "v2.1_beta2",
        "extractor": "music 1.0"
    }
},
"rhythm": {
    "beats_count": 96,
    "beats_loudness": {
        "mean": 0.03593942523,
        "var": 0.000522715505213
    },
    "bpm": 129.801956177,
    "bpm_histogram_first_peak_bpm": {
        "mean": 129,
        "var": 0
    },
    "bpm_histogram_first_peak_spread": {
        "mean": 0.269662886858,
        "var": 0
    },
    "bpm_histogram_first_peak_weight": {
        "mean": 0.684210538864,
        "var": 0
    },
    "bpm_histogram_second_peak_bpm": {
        "mean": 123,
        "var": 0
    },
    "bpm_histogram_second_peak_spread": {
        "mean": 0.33333337307,
        "var": 0
    },
    "bpm_histogram_second_peak_weight": {
        "mean": 0.0421052649617,
        "var": 0
    },
    "danceability": 0.930611371994,
    "onset_rate": 4.25675678253,
    "beats_loudness_band_ratio": {
        "mean": [0.304689735174, 0.204945072532, 0.252557188272, 0.186977550387, 0.11560600251, 0.0201110541821],
        "var": [0.078202702105, 0.0307502280921, 0.0585025660694, 0.0288935620338, 0.0234222188592, 0.000627787725534]
    },
    "beats_position": [0.46439909935, 0.9287981987, 1.39319729805, 1.8575963974, 2.32199549675, 2.7863945961, 3.26240348816, 3.75002264977, 4.2492518425, 4.73687076569, 5.20126962662, 5.66566896439, 6.13006782532, 6.59446716309, 7.05886602402, 7.53487491608, 8.0224943161, 8.52172279358, 9.0093421936, 9.47374153137, 9.93814086914, 10.4025392532, 10.866938591, 11.3313379288, 11.7841272354, 12.2369155884, 12.7013149261, 13.1657142639, 13.6301136017, 14.0945119858, 14.5589113235, 15.0117006302, 15.4877090454, 15.9521083832, 16.4165077209, 16.8692970276, 17.3336963654, 17.786485672, 18.2508831024, 18.7152824402, 19.179681778, 19.6324710846, 20.0968704224, 20.5612697601, 21.0256690979, 21.4784584045, 21.942855835, 22.3956451416, 22.8600444794, 23.3244438171, 23.7772331238, 24.2416324615, 24.7060317993, 25.1704311371, 25.6348285675, 26.0992279053, 26.563627243, 27.0280265808, 27.4924259186, 27.9568252563, 28.409614563, 28.8624038696, 29.3268013, 29.7912006378, 30.2555999756, 30.7199993134, 31.1843986511, 31.6371879578, 32.1015853882, 32.5543746948, 33.0187759399, 33.4831733704, 33.9475746155, 34.4119720459, 34.8763694763, 35.329158783, 35.7935600281, 36.2463493347, 36.7107467651, 37.1751480103, 37.6395454407, 38.1039466858, 38.5683441162, 39.0327415466, 39.4971427917, 39.9615402222, 40.4259414673, 40.9019508362, 41.3547401428, 41.8075294495, 42.2603149414, 42.7247161865, 43.1891136169, 43.6535148621, 44.1063041687, 44.5590934753]
},
"tonal": {
    "chords_changes_rate": 0.0339506156743,
    "chords_number_rate": 0.00925925932825,
    "chords_strength": {
        "mean": 0.501526534557,
        "var": 0.010799286887
    },
    "hpcp_entropy": {
        "mean": 1.3160469532,
        "var": 0.673700809479
    },
    "key_strength": 0.622588574886,
    "tuning_diatonic_strength": 0.523409426212,
    "tuning_equal_tempered_deviation": 0.081063516438,
    "tuning_frequency": 446.142181396,
    "tuning_nontempered_energy_ratio": 0.720863759518,
    "hpcp": {
        "mean": [0.399164229631, 0.205180481076, 0.00977804604918, 0.0127933975309, 0.0723551809788, 0.197863906622, 0.216067478061, 0.0978874862194, 0.0428490452468, 0.0508459843695, 0.0348623134196, 0.0299207754433, 0.0444676168263, 0.106398306787, 0.281178623438, 0.292069673538, 0.114116534591, 0.0373596288264, 0.0290272105485, 0.0244383364916, 0.0550812371075, 0.096815250814, 0.0829024016857, 0.142609238625, 0.237472444773, 0.159154355526, 0.0851540192962, 0.0826429501176, 0.111351922154, 0.285407930613, 0.281816989183, 0.0911814570427, 0.0368654020131, 0.0354135259986, 0.0221464708447, 0.208674699068],
        "var": [0.194338902831, 0.0528683923185, 0.000980788376182, 0.00184911617544, 0.0137378834188, 0.0590296387672, 0.107058100402, 0.0330180265009, 0.00962719041854, 0.00964893214405, 0.00707336142659, 0.0101404674351, 0.0168930329382, 0.0246180314571, 0.0815764665604, 0.0823489502072, 0.0254531726241, 0.0100191216916, 0.0103735337034, 0.00938452221453, 0.0111233778298, 0.0304035358131, 0.0250075925142, 0.0385287478566, 0.147876799107, 0.0511260479689, 0.0237098317593, 0.0272757671773, 0.0242516286671, 0.110927000642, 0.135813474655, 0.0197808202356, 0.00766837690026, 0.00782679393888, 0.00288925901987, 0.0502950288355]
    },
    "chords_histogram": [19.6502056122, 4.52674913406, 9.56790161133, 0.514403283596, 1.44032919407, 0, 0, 0, 1.44032919407, 0, 22.9423866272, 0.925925910473, 0, 0, 0, 0, 0, 0, 5.24691343307, 32.5102882385, 0, 0, 0, 1.23456788063],
    "thpcp": [1, 0.514025211334, 0.0244962982833, 0.032050460577, 0.181266695261, 0.495695471764, 0.541299700737, 0.245231106877, 0.107346907258, 0.127381116152, 0.0873382687569, 0.0749585554004, 0.111401811242, 0.266552716494, 0.704418361187, 0.731703042984, 0.285888671875, 0.0935946330428, 0.0727199688554, 0.0612237639725, 0.137991413474, 0.242544904351, 0.207689955831, 0.357269585133, 0.594924151897, 0.398718982935, 0.213330790401, 0.207039967179, 0.278962671757, 0.715013802052, 0.706017673016, 0.2284309268, 0.0923564806581, 0.088719189167, 0.0554821044207, 0.522779047489],
    "chords_key": "D",
    "chords_scale": "minor",
    "key_key": "G",
    "key_scale": "major"
}
}