{
"lowlevel": {
    "average_loudness": 0.68169772625,
    "barkbands_crest": {
        "mean": 10.9009790421,
        "var": 15.6740102768
    },
    "barkbands_flatness_db": {
        "mean": 0.220452606678,
        "var": 0.00275162188336
    },
    "barkbands_kurtosis": {
        "mean": 8.53856468201,
        "var": 161.354919434
    },
    "barkbands_skewness": {
        "mean": 1.81454312801,
        "var": 1.68683588505
    },
    "barkbands_spread": {
        "mean": 10.9788742065,
        "var": 64.9756393433
    },
    "dissonance": {
        "mean": 0.417502522469,
        "var": 0.00228521460667
    },
    "dynamic_complexity": 2.91850829124,
    "erbbands_crest": {
        "mean": 11.8861732483,
        "var": 22.6218318939
    },
    "erbbands_flatness_db": {
        "mean": 0.207148045301,
        "var": 0.00301585718989
    },
    "erbbands_kurtosis": {
        "mean": 2.68147206306,
        "var": 21.0170001984
    },
    "erbbands_skewness": {
        "mean": 1.07531237602,
        "var": 0.920334875584
    },
    "erbbands_spread": {
        "mean": 28.4241771698,
        "var": 400.507873535
    },
    "hfc": {
        "mean": 13.3822212219,
        "var": 263.878936768
    },
    "melbands_crest": {
        "mean": 13.7227745056,
        "var": 21.0938491821
    },
    "melbands_flatness_db": {
        "mean": 0.305334985256,
        "var": 0.00462822848931
    },
    "melbands_kurtosis": {
        "mean": 15.3362808228,
        "var": 363.998687744
    },
    "melbands_skewness": {
        "mean": 2.40057992935,
        "var": 2.63274073601
    },
    "melbands_spread": {
        "mean": 11.8523817062,
        "var": 112.486961365
    },
    "pitch_salience": {
        "mean": 0.543866693974,
        "var": 0.0138536822051
    },
    "silence_rate_20dB": {
        "mean": 1,
        "var": 0
    },
    "silence_rate_30dB": {
        "mean": 0.981986641884,
        "var": 0.017688723281
    },
    "silence_rate_60dB": {
        "mean": 0.0108080292121,
        "var": 0.0106908837333
    },
    "spectral_centroid": {
        "mean": 746.873474121,
        "var": 329349.34375
    },
    "spectral_complexity": {
        "mean": 10.9454450607,
        "var": 21.9887866974
    },
    "spectral_decrease": {
        "mean": -7.24647453154e-009,
        "var": 4.69728010426e-017
    },
    "spectral_energy": {
        "mean": 0.0285636801273,
        "var": 0.000721015327144
    },
    "spectral_energyband_high": {
        "mean": 0.000114101640065,
        "var": 7.83159137541e-008
    },
    "spectral_energyband_low": {
        "mean": 0.0104305315763,
        "var": 0.000395756651415
    },
    "spectral_energyband_middle_high": {
        "mean": 0.00373825314455,
        "var": 6.41402220936e-005
    },
    "spectral_energyband_middle_low": {
        "mean": 0.0150170968845,
        "var": 0.000130348955281
    },
    "spectral_entropy": {
        "mean": 6.71810913086,
        "var": 0.275829225779
    },
    "spectral_flux": {
        "mean": 0.0754049047828,
        "var": 0.00275633647107
    },
    "spectral_kurtosis": {
        "mean": 11.8055324554,
        "var": 58.1592178345
    },
    "spectral_rms": {
        "mean": 0.00486595788971,
        "var": 4.18942454417e-006
    },
    "spectral_rolloff": {
        "mean": 686.84576416,
        "var": 809164.875
    },
    "spectral_skewness": {
        "mean": 2.50362467766,
        "var": 0.676152288914
    },
    "spectral_spread": {
        "mean": 3580287,
        "var": 5.22765887078e+012
    },
    "spectral_strongpeak": {
        "mean": 1.13105332851,
        "var": 1.92631208897
    },
    "zerocrossingrate": {
        "mean": 0.0325107872486,
        "var": 0.000675825111102
    },
    "barkbands": {
        "mean": [0.000306307541905, 0.00758289825171, 0.00185512192547, 0.00233475188725, 0.00363752688281, 0.00221678428352, 0.00186658464372, 0.00251562800258, 0.00233637844212, 0.000282139546471, 0.000664408376906, 0.000737954047509, 0.000881999614649, 0.000135509471875, 0.000139904717798, 0.000141942378832, 0.000329957576469, 0.000386468105717, 8.73965400388e-005, 2.06553286262e-005, 1.87419955182e-005, 2.24343748414e-005, 1.6435433281e-005, 1.90315495274e-005, 1.43152001328e-005, 1.24149028125e-005, 2.12347863737e-008],
        "var": [4.25586762276e-007, 0.000311506999424, 6.90474689691e-006, 6.18133390162e-006, 1.34510491989e-005, 8.15270232124e-006, 1.7544194634e-005, 3.02476619254e-005, 4.5408589358e-005, 6.92270418767e-007, 6.25424945611e-006, 7.11730672265e-006, 1.28981846501e-005, 2.35153777339e-007, 2.19607557028e-007, 3.17763465318e-007, 4.33155520341e-007, 5.76367085614e-007, 3.00371958417e-008, 5.13712627992e-009, 3.06350256274e-009, 4.41584679933e-009, 2.27889818127e-009, 2.75178724252e-009, 1.80907377967e-009, 1.22073684494e-009, 3.57589629294e-014]
    },
    "erbbands": {
        "mean": [0.236753359437, 1.6097869873, 2.32306098938, 4.83528089523, 12.9884033203, 10.3923845291, 10.2600431442, 21.1014270782, 28.0370578766, 37.0066795349, 55.0848083496, 57.8544425964, 18.6962203979, 14.7633733749, 33.0094184875, 28.2709560394, 42.0005264282, 13.6274356842, 8.20789718628, 6.5738401413, 9.90213775635, 19.1238040924, 23.2454471588, 9.30705451965, 2.45778846741, 1.07051610947, 0.726807892323, 0.794780433178, 0.8369166255, 0.580890119076, 0.473917067051, 0.434522897005, 0.284181833267, 0.14656086266, 0.109926998615, 0.055581137538, 0.0238929372281, 0.00253085140139, 5.98931328568e-005, 3.43700412486e-005],
        "var": [0.349434435368, 13.3465080261, 13.5116786957, 20.7320423126, 211.193283081, 109.989074707, 93.8391571045, 827.651489258, 3620.19555664, 4678.57568359, 19989.9121094, 26616.6621094, 2699.38452148, 4061.4909668, 14389.1171875, 8467.67285156, 28813.4746094, 1496.62353516, 735.839172363, 601.79675293, 976.628356934, 1232.07202148, 2171.3659668, 218.163360596, 31.0614719391, 14.2728719711, 5.2346997261, 5.21277666092, 5.96225786209, 3.35565876961, 1.68686962128, 1.59381639957, 0.620823502541, 0.209646999836, 0.100227460265, 0.0283020678908, 0.00440071569756, 4.94252490171e-005, 1.65945408526e-008, 1.00851704765e-009]
    },
    "gfcc": {
        "mean": [-58.3403244019, 139.615356445, -91.3104705811, 21.8381958008, -50.7339553833, 0.807363569736, -45.4070587158, 16.2527065277, -20.1747512817, -8.13697147369, -9.43193626404, 3.72271132469, -14.8388004303],
        "cov": [[5657.63867188, -919.67364502, -775.963317871, 12.1352958679, 5.55246019363, 335.483673096, 64.4396362305, 420.394989014, -82.8564453125, 11.2890892029, -103.93296814, 213.100631714, -468.512176514], [-919.67364502, 1354.26977539, -222.031295776, -266.25894165, 213.840881348, -227.658081055, 30.9422893524, 29.2426338196, 172.119293213, -248.95501709, 193.91418457, -144.165725708, 170.09727478], [-775.963317871, -222.031295776, 1061.9251709, 282.388946533, -123.85333252, 122.020469666, 83.2023010254, -70.0003204346, -34.7663726807, 245.931671143, -84.7997741699, 97.6957778931, 133.042190552], [12.1352958679, -266.25894165, 282.388946533, 472.611999512, 15.0478134155, 61.6324882507, -6.23428630829, -78.9643707275, 0.977667033672, 93.4057159424, -20.6333942413, -1.77293181419, 57.6110076904], [5.55246019363, 213.840881348, -123.85333252, 15.0478134155, 342.295837402, -3.87575626373, -68.488319397, 51.5542869568, 112.715881348, -15.4269180298, 55.0748214722, -11.039981842, 4.46761751175], [335.483673096, -227.658081055, 122.020469666, 61.6324882507, -3.87575626373, 249.660415649, 125.558143616, -6.62445259094, -45.2707023621, 78.3684616089, -39.8026580811, 26.1917362213, -0.807020545006], [64.4396362305, 30.9422893524, 83.2023010254, -6.23428630829, -68.488319397, 125.558143616, 296.781005859, 45.000743866, -58.8341217041, -30.3112506866, 16.8775424957, 38.1436042786, -1.5346198082], [420.394989014, 29.2426338196, -70.0003204346, -78.9643707275, 51.5542869568, -6.62445259094, 45.000743866, 215.94833374, 58.7856483459, -45.6217651367, 33.8697357178, 64.825088501, -60.0800094604], [-82.8564453125, 172.119293213, -34.7663726807, 0.977667033672, 112.715881348, -45.2707023621, -58.8341217041, 58.7856483459, 163.238327026, 29.9171829224, 36.6062812805, -19.4110145569, 19.0080013275], [11.2890892029, -248.95501709, 245.931671143, 93.4057159424, -15.4269180298, 78.3684616089, -30.3112506866, -45.6217651367, 29.9171829224, 226.64630127, -30.8341522217, 20.0071525574, 10.0826749802], [-103.93296814, 193.91418457, -84.7997741699, -20.6333942413, 55.0748214722, -39.8026580811, 16.8775424957, 33.8697357178, 36.6062812805, -30.8341522217, 131.617996216, 16.1523590088, -0.202324897051], [213.100631714, -144.165725708, 97.6957778931, -1.77293181419, -11.039981842, 26.1917362213, 38.1436042786, 64.825088501, -19.4110145569, 20.0071525574, 16.1523590088, 148.852081299, -14.8023777008], [-468.512176514, 170.09727478, 133.042190552, 57.6110076904, 4.46761751175, -0.807020545006, -1.5346198082, -60.0800094604, 19.0080013275, 10.0826749802, -0.202324897051, -14.8023777008, 168.752258301]],
        "icov": [[0.000456605281215, -0.0004623378627, 0.000679039978422, -0.000674662878737, 0.00036876424565, -0.000876384961884, 0.000462199648609, -0.000985643477179, 0.000596242782194, -0.000714613706805, 0.000926382665057, -0.000893441203516, 0.000966303341556], [-0.0004623378627, 0.00422906829044, -0.00176624802407, 0.00296487752348, -0.00194403331261, 0.00272656651214, -0.00221368367784, 0.00192673294805, -0.00323989032768, 0.00399677781388, -0.00452646426857, 0.00419556442648, -0.00394701259211], [0.000679039978422, -0.00176624802407, 0.00324503029697, -0.00235776067711, 0.00125474960078, -0.00134023069404, 0.000484528165543, -0.00202166172676, 0.00206389534287, -0.0038938773796, 0.00329927471466, -0.00323372124694, 0.000877648941241], [-0.000674662878737, 0.00296487752348, -0.00235776067711, 0.0051402351819, -0.00185631157365, 0.0019117743941, -0.0015354215866, 0.0028552855365, -0.00267990166321, 0.00299256271683, -0.0037797500845, 0.0034547499381, -0.0032751688268], [0.00036876424565, -0.00194403331261, 0.00125474960078, -0.00185631157365, 0.00549372471869, -0.00322603294626, 0.0024699147325, -0.00133281841408, -0.00137252733111, -0.000779894297011, 0.000909782713279, -0.00230628624558, 0.0020149059128], [-0.000876384961884, 0.00272656651214, -0.00134023069404, 0.0019117743941, -0.00322603294626, 0.0103195384145, -0.00550665985793, 0.00186972005758, 1.51787053255e-005, -0.000718044000678, -0.00114736997057, 0.00319387996569, -0.00370715907775], [0.000462199648609, -0.00221368367784, 0.000484528165543, -0.0015354215866, 0.0024699147325, -0.00550665985793, 0.00743775255978, -0.00284245260991, 0.00259179272689, -6.05170098424e-005, 0.000306688743876, -0.00213168887421, 0.0021457283292], [-0.000985643477179, 0.00192673294805, -0.00202166172676, 0.0028552855365, -0.00133281841408, 0.00186972005758, -0.00284245260991, 0.0117644071579, -0.00742242624983, 0.00517645711079, -0.00254741846584, -0.00151860760525, 0.000537818239536], [0.000596242782194, -0.00323989032768, 0.00206389534287, -0.00267990166321, -0.00137252733111, 1.51787053255e-005, 0.00259179272689, -0.00742242624983, 0.0157762691379, -0.00777958380058, 0.00210156501271, -7.83269024396e-006, 0.000315879064146], [-0.000714613706805, 0.00399677781388, -0.0038938773796, 0.00299256271683, -0.000779894297011, -0.000718044000678, -6.05170098424e-005, 0.00517645711079, -0.00777958380058, 0.0132603840902, -0.00479123927653, 0.00286150118336, -0.00177553470712], [0.000926382665057, -0.00452646426857, 0.00329927471466, -0.0037797500845, 0.000909782713279, -0.00114736997057, 0.000306688743876, -0.00254741846584, 0.00210156501271, -0.00479123927653, 0.0155737157911, -0.00695998826995, 0.00434775231406], [-0.000893441203516, 0.00419556442648, -0.00323372124694, 0.0034547499381, -0.00230628624558, 0.00319387996569, -0.00213168887421, -0.00151860760525, -7.83269024396e-006, 0.00286150118336, -0.00695998826995, 0.0145988510922, -0.00472108507529], [0.000966303341556, -0.00394701259211, 0.000877648941241, -0.0032751688268, 0.0020149059128, -0.00370715907775, 0.0021457283292, 0.000537818239536, 0.000315879064146, -0.00177553470712, 0.00434775231406, -0.00472108507529, 0.0128148095682]]
    },
    "melbands": {
        "mean": [0.00214116368443, 0.00156338734087, 0.00116059230641, 0.000855298480019, 0.000383556063753, 0.000465573102701, 0.000426167389378, 0.000435288442532, 0.000441485492047, 0.000359758996638, 8.35373721202e-005, 5.270344991e-005, 9.51506081037e-005, 9.29522648221e-005, 6.52742673992e-005, 9.62861813605e-005, 1.57453177962e-005, 1.2961639186e-005, 9.93638877844e-006, 8.58047314978e-006, 1.22871806525e-005, 1.91365979845e-005, 2.36659452639e-005, 1.64031916938e-005, 6.80909170114e-006, 2.27071814152e-006, 8.39425467802e-007, 6.66486300815e-007, 4.2970435743e-007, 4.29186201245e-007, 4.66697088086e-007, 4.82992902562e-007, 4.09055871842e-007, 2.84620085722e-007, 2.61105554955e-007, 2.94716841154e-007, 2.53314340171e-007, 2.09669607898e-007, 1.54921309559e-007, 1.13933232626e-007],
        "var": [2.63137117145e-005, 8.34333968669e-006, 1.08208064376e-006, 7.66581820244e-007, 1.11937247027e-007, 4.1105948867e-007, 8.47800833981e-007, 6.64986714582e-007, 1.4958744714e-006, 1.16283388252e-006, 6.52382539101e-008, 5.67416584829e-008, 1.14930514883e-007, 9.92976154635e-008, 7.43808570292e-008, 1.7099941374e-007, 2.34045915981e-009, 2.34361974272e-009, 1.20799426018e-009, 1.54071877478e-009, 1.59478963369e-009, 1.60922841719e-009, 2.32624142171e-009, 1.02870512109e-009, 1.31242905432e-010, 3.39056664689e-011, 6.42431160353e-012, 6.87888201262e-012, 1.71023254152e-012, 1.85098594438e-012, 1.79642314479e-012, 2.10951547029e-012, 1.52926391168e-012, 9.29822083044e-013, 5.56835935868e-013, 6.65390756816e-013, 6.19964257882e-013, 3.49571717059e-013, 2.00346412637e-013, 1.4585565828e-013]
    },
    "mfcc": {
        "mean": [-713.073974609, 174.421951294, 16.8438606262, 25.1909255981, 16.6406097412, -10.9573354721, -7.3723859787, 13.2351589203, -6.37313270569, -8.71434116364, 4.34768724442, 4.6956410408, -4.84503936768],
        "cov": [[4242.41113281, -983.794677734, -747.74597168, -221.489746094, -29.0761451721, -21.4045562744, 108.842414856, 446.754058838, -38.4819412231, -57.5338859558, 345.993041992, 235.117340088, -206.282592773], [-983.794677734, 1433.46020508, -298.035522461, -129.838806152, 142.413131714, -286.569152832, -66.9533309937, 103.019477844, 31.2158374786, -77.4331130981, 62.1892929077, 22.5435123444, 2.2675344944], [-747.74597168, -298.035522461, 955.172973633, 209.0287323, -170.263244629, 226.355911255, 106.804649353, -160.000549316, 92.0242385864, 90.4189682007, -157.102355957, -73.6190414429, 159.834960938], [-221.489746094, -129.838806152, 209.0287323, 332.84487915, 82.0475692749, 72.4629898071, -17.1860198975, -51.7417106628, -7.5060005188, 73.9817047119, -65.5968704224, -59.5180511475, 43.8390045166], [-29.0761451721, 142.413131714, -170.263244629, 82.0475692749, 402.785461426, -23.1694488525, -138.279342651, -25.6611423492, 8.33550930023, 41.9197158813, 53.9935874939, -6.35865497589, -10.7626180649], [-21.4045562744, -286.569152832, 226.355911255, 72.4629898071, -23.1694488525, 322.104248047, 104.449234009, -115.824241638, 32.4854927063, 93.8644332886, -80.7404174805, -42.4787139893, 33.5073547363], [108.842414856, -66.9533309937, 106.804649353, -17.1860198975, -138.279342651, 104.449234009, 225.427215576, 83.4706344604, 6.64510250092, -6.33206987381, -14.6065483093, 7.68595314026, 9.55754852295], [446.754058838, 103.019477844, -160.000549316, -51.7417106628, -25.6611423492, -115.824241638, 83.4706344604, 302.28817749, 6.18905353546, -92.432144165, 94.9754943848, 76.5106811523, -36.9912490845], [-38.4819412231, 31.2158374786, 92.0242385864, -7.5060005188, 8.33550930023, 32.4854927063, 6.64510250092, 6.18905353546, 140.417617798, 32.5258140564, -28.8220863342, -0.169444978237, 30.6052570343], [-57.5338859558, -77.4331130981, 90.4189682007, 73.9817047119, 41.9197158813, 93.8644332886, -6.33206987381, -92.432144165, 32.5258140564, 154.43132019, -12.102265358, -46.7668380737, 15.4318809509], [345.993041992, 62.1892929077, -157.102355957, -65.5968704224, 53.9935874939, -80.7404174805, -14.6065483093, 94.9754943848, -28.8220863342, -12.102265358, 207.653518677, 85.9226760864, -32.829246521], [235.117340088, 22.5435123444, -73.6190414429, -59.5180511475, -6.35865497589, -42.4787139893, 7.68595314026, 76.5106811523, -0.169444978237, -46.7668380737, 85.9226760864, 129.208206177, 8.20552825928], [-206.282592773, 2.2675344944, 159.834960938, 43.8390045166, -10.7626180649, 33.5073547363, 9.55754852295, -36.9912490845, 30.6052570343, 15.4318809509, -32.829246521, 8.20552825928, 102.00869751]],
        "icov": [[0.000553959864192, 0.000507520744577, 0.000423372373916, 0.000102968915598, 4.75046035717e-005, -0.000106392573798, -2.09041991184e-005, -0.000627560657449, -0.000248784403084, -0.000263345369603, -0.000362478429452, -0.000337588135153, 0.000240642883], [0.000507520744577, 0.00144570425618, 0.000556497834623, 0.000380206678528, -0.000435870111687, 0.000944647938013, -0.000601248757448, -0.000389399123378, -0.000616197066847, -0.000154793684487, -0.000285508402158, 2.83220670099e-005, -0.00036821005051], [0.000423372373916, 0.000556497834623, 0.00262614828534, -0.0011019211961, 0.000998434610665, -0.00047728914069, -0.000579326937441, 0.000357642478775, -0.00142884172965, 0.000250724377111, -0.000607016903814, 0.000467974488856, -0.00219366210513], [0.000102968915598, 0.000380206678528, -0.0011019211961, 0.00515965325758, -0.00154662830755, -2.39808541664e-005, 0.00070786732249, -0.00182544707786, 0.00214149430394, -0.00223777000792, 0.00149075686932, 0.000718619674444, -0.00105664972216], [4.75046035717e-005, -0.000435870111687, 0.000998434610665, -0.00154662830755, 0.00445876643062, -0.00162637943868, 0.00283173308708, -0.000447128666565, -0.000804166600574, -0.000128617597511, -0.00152691011317, 0.00062650302425, -0.000497864908539], [-0.000106392573798, 0.000944647938013, -0.00047728914069, -2.39808541664e-005, -0.00162637943868, 0.00778602529317, -0.00512609118596, 0.00312142074108, -0.000885310408194, -0.00197391817346, 0.00146272371057, -0.00103950349148, 0.000523690017872], [-2.09041991184e-005, -0.000601248757448, -0.000579326937441, 0.00070786732249, 0.00283173308708, -0.00512609118596, 0.0105546917766, -0.00512794032693, 0.00161802128423, -0.000639384321403, 0.000135481197503, 0.00072641519364, -0.000694818445481], [-0.000627560657449, -0.000389399123378, 0.000357642478775, -0.00182544707786, -0.000447128666565, 0.00312142074108, -0.00512794032693, 0.00898477248847, -0.00278864940628, 0.00362506788224, -0.00181793805677, -0.001010762644, 0.00141432869714], [-0.000248784403084, -0.000616197066847, -0.00142884172965, 0.00214149430394, -0.000804166600574, -0.000885310408194, 0.00161802128423, -0.00278864940628, 0.0103167910129, -0.00355803477578, 0.00287367589772, -0.00112226069905, -0.00166972761508], [-0.000263345369603, -0.000154793684487, 0.000250724377111, -0.00223777000792, -0.000128617597511, -0.00197391817346, -0.000639384321403, 0.00362506788224, -0.00355803477578, 0.0122616477311, -0.00391683680937, 0.00391246192157, -0.00031368463533], [-0.000362478429452, -0.000285508402158, -0.000607016903814, 0.00149075686932, -0.00152691011317, 0.00146272371057, 0.000135481197503, -0.00181793805677, 0.00287367589772, -0.00391683680937, 0.0101446676999, -0.00574536435306, 0.00172765180469], [-0.000337588135153, 2.83220670099e-005, 0.000467974488856, 0.000718619674444, 0.00062650302425, -0.00103950349148, 0.00072641519364, -0.001010762644, -0.00112226069905, 0.00391246192157, -0.00574536435306, 0.0147463874891, -0.005042812787], [0.000240642883, -0.00036821005051, -0.00219366210513, -0.00105664972216, -0.000497864908539, 0.000523690017872, -0.000694818445481, 0.00141432869714, -0.00166972761508, -0.00031368463533, 0.00172765180469, -0.005042812787, 0.0160526912659]]
    },
    "spectral_contrast_coeffs": {
        "mean": [-0.62608230114, -0.649401247501, -0.735922932625, -0.769634544849, -0.727440297604, -0.802922606468],
        "var": [0.00766662089154, 0.00667682476342, 0.00637388182804, 0.00445105787367, 0.00857483688742, 0.00161908043083]
    },
    "spectral_contrast_valleys": {
        "mean": [-7.1158118248, -7.02642202377, -8.05860900879, -8.73275661469, -8.95250892639, -11.2771568298],
        "var": [1.36969804764, 0.909315764904, 0.966890513897, 0.972561717033, 1.14560317993, 1.25263607502]
    }
},
"metadata": {
    "audio_properties": {
        "analysis_sample_rate": 44100,
        "bit_rate": 106088,
        "equal_loudness": 0,
        "length": 45.0873451233,
        "lossless": 0,
        "replay_gain": -8.89797782898,
        "sample_rate": 44100,
        "codec": "mp3",
        "downmix": "mix",
        "md5_encoded": "ffd7d388334072f166631cfa88ed7b6e"
    },
    "tags": {
        "file_name": "594.mp3"
    },
    "version": {
        "essentia": "2.1-beta2",
        "essentia_git_sha": "v2.1_beta2",
        "extractor": "music 1.0"
    }
},
"rhythm": {
    "beats_count": 95,
    "beats_loudness": {
        "mean": 0.0391191020608,
        "var": 0.000603115535341
    },
    "bpm": 128.114868164,
    "bpm_histogram_first_peak_bpm": {
        "mean": 129,
        "var": 0
    },
    "bpm_histogram_first_peak_spread": {
        "mean": 0.344085991383,
        "var": 0
    },
    "bpm_histogram_first_peak_weight": {
        "mean": 0.648936152458,
        "var": 0
    },
    "bpm_histogram_second_peak_bpm": {
        "mean": 123,
        "var": 0
    },
    "bpm_histogram_second_peak_spread": {
        "mean": 0,
        "var": 0
    },
    "bpm_histogram_second_peak_weight": {
        "mean": 0.0106382975355,
        "var": 0
    },
    "danceability": 1.21045696735,
    "onset_rate": 3.43644428253,
    "beats_loudness_band_ratio": {
        "mean": [0.542824089527, 0.223522260785, 0.203619301319, 0.0550710782409, 0.0372553877532, 0.00852098595351],
        "var": [0.059058662504, 0.0283824577928, 0.0296542495489, 0.00569788040593, 0.00245799962431, 0.000130003099912]
    },
    "beats_position": [0.46439909935, 0.9287981987, 1.39319729805, 1.8575963974, 2.32199549675, 2.79800438881, 3.26240348816, 3.73841261864, 4.20281171799, 4.66721057892, 5.13160991669, 5.59600877762, 6.07201814651, 6.53641700745, 7.00081634521, 7.47682523727, 7.94122457504, 8.4172334671, 8.88163280487, 9.34603118896, 9.82204055786, 10.2864398956, 10.7508392334, 11.2268476486, 11.7028570175, 12.1672563553, 12.6432647705, 13.1076641083, 13.5836734772, 14.0480718613, 14.512471199, 14.9768705368, 15.4528799057, 15.9172782898, 16.3932876587, 16.8576869965, 17.3220863342, 17.786485672, 18.2508831024, 18.7152824402, 19.1912918091, 19.667301178, 20.1317005157, 20.6077098846, 21.0721092224, 21.548116684, 22.0125160217, 22.4769153595, 22.9529247284, 23.4173240662, 23.8817234039, 24.3461227417, 24.8221302032, 25.286529541, 25.7509288788, 26.2153282166, 26.6797275543, 27.1557369232, 27.6317462921, 28.0961437225, 28.5605430603, 29.0249423981, 29.4893417358, 29.9537410736, 30.4413604736, 30.9057598114, 31.3817672729, 31.8461666107, 32.322177887, 32.7981834412, 33.2625846863, 33.7269821167, 34.2029914856, 34.6673927307, 35.1317901611, 35.5961914063, 36.0722007751, 36.5482063293, 37.0126075745, 37.4770050049, 37.94140625, 38.4058036804, 38.8818130493, 39.3578224182, 39.8222198486, 40.2982292175, 40.7626304626, 41.2386398315, 41.703037262, 42.1674385071, 42.6318359375, 43.1078453064, 43.5838546753, 44.0482521057, 44.5126533508]
},
"tonal": {
    "chords_changes_rate": 0.0442386828363,
    "chords_number_rate": 0.0123456791043,
    "chords_strength": {
        "mean": 0.580307066441,
        "var": 0.00816576182842
    },
    "hpcp_entropy": {
        "mean": 1.88723349571,
        "var": 0.345512151718
    },
    "key_strength": 0.775812804699,
    "tuning_diatonic_strength": 0.699151396751,
    "tuning_equal_tempered_deviation": 0.122984223068,
    "tuning_frequency": 441.782684326,
    "tuning_nontempered_energy_ratio": 0.757614731789,
    "hpcp": {
        "mean": [0.11704070121, 0.15812894702, 0.189886301756, 0.179819777608, 0.10882691294, 0.0488648489118, 0.0412935875356, 0.110218480229, 0.25280097127, 0.257544219494, 0.12615968287, 0.0528057329357, 0.038037609309, 0.0518130175769, 0.0803981050849, 0.0924722552299, 0.0875494927168, 0.128709629178, 0.144741937518, 0.0882212519646, 0.0525277704, 0.052453879267, 0.116576611996, 0.309562891722, 0.348055928946, 0.161689653993, 0.0563772879541, 0.0500643141568, 0.0881977602839, 0.195393323898, 0.213561445475, 0.0991052538157, 0.0406456105411, 0.0339266620576, 0.0343083888292, 0.0661922246218],
        "var": [0.0564184114337, 0.0825087353587, 0.0967768728733, 0.0768585577607, 0.0390242673457, 0.0179094094783, 0.0175064634532, 0.0381171628833, 0.105296589434, 0.0944837331772, 0.0407451502979, 0.0231131985784, 0.0153555702418, 0.0249835457653, 0.038980036974, 0.0436184704304, 0.0377898998559, 0.0531479753554, 0.0675133317709, 0.0310817658901, 0.023315526545, 0.0199132021517, 0.0339845269918, 0.12221698463, 0.14150480926, 0.0586452558637, 0.0234764423221, 0.0218904521316, 0.0347415655851, 0.0871460065246, 0.10075981915, 0.0308411829174, 0.0167970824987, 0.0155403967947, 0.0151720102876, 0.0287393014878]
    },
    "chords_histogram": [19.2386837006, 0, 33.6419754028, 1.54320991039, 7.71604919434, 0.102880656719, 0, 3.80658435822, 0.617283940315, 2.77777767181, 0.102880656719, 0, 0, 0, 0, 0, 0, 2.67489719391, 0, 1.54320991039, 1.64609050751, 15.2263374329, 6.27572011948, 3.08641982079],
    "thpcp": [1, 0.464550793171, 0.161977663636, 0.143839851022, 0.253401100636, 0.561384856701, 0.613583683968, 0.284739464521, 0.116778962314, 0.0974747389555, 0.0985714793205, 0.190176978707, 0.336269795895, 0.454320520163, 0.545562624931, 0.516640484333, 0.312670767307, 0.140393674374, 0.11864066869, 0.316668868065, 0.726322829723, 0.739950656891, 0.36246958375, 0.1517162323, 0.109285913408, 0.14886406064, 0.230991914868, 0.265682160854, 0.251538574696, 0.369795829058, 0.415858268738, 0.253468602896, 0.150917619467, 0.150705322623, 0.334936439991, 0.889405608177],
    "chords_key": "F",
    "chords_scale": "major",
    "key_key": "A#",
    "key_scale": "major"
}
}