{
"lowlevel": {
    "average_loudness": 0.93053907156,
    "barkbands_crest": {
        "mean": 13.0994472504,
        "var": 16.6737651825
    },
    "barkbands_flatness_db": {
        "mean": 0.242958962917,
        "var": 0.00371509627439
    },
    "barkbands_kurtosis": {
        "mean": 22.8939857483,
        "var": 402.345123291
    },
    "barkbands_skewness": {
        "mean": 3.66793251038,
        "var": 2.35858368874
    },
    "barkbands_spread": {
        "mean": 7.68669891357,
        "var": 77.5427474976
    },
    "dissonance": {
        "mean": 0.445194423199,
        "var": 0.00150352111086
    },
    "dynamic_complexity": 2.28325843811,
    "erbbands_crest": {
        "mean": 10.6434698105,
        "var": 13.7854804993
    },
    "erbbands_flatness_db": {
        "mean": 0.200192928314,
        "var": 0.0023087344598
    },
    "erbbands_kurtosis": {
        "mean": 1.62660944462,
        "var": 15.4564447403
    },
    "erbbands_skewness": {
        "mean": 1.17252624035,
        "var": 0.861670076847
    },
    "erbbands_spread": {
        "mean": 42.4537811279,
        "var": 537.358337402
    },
    "hfc": {
        "mean": 9.32171821594,
        "var": 57.2869338989
    },
    "melbands_crest": {
        "mean": 18.2585144043,
        "var": 24.5696544647
    },
    "melbands_flatness_db": {
        "mean": 0.323216110468,
        "var": 0.00523892045021
    },
    "melbands_kurtosis": {
        "mean": 49.6596107483,
        "var": 1520.87036133
    },
    "melbands_skewness": {
        "mean": 5.11093902588,
        "var": 4.31680297852
    },
    "melbands_spread": {
        "mean": 6.3811378479,
        "var": 83.6647109985
    },
    "pitch_salience": {
        "mean": 0.520514428616,
        "var": 0.0120847346261
    },
    "silence_rate_20dB": {
        "mean": 1,
        "var": 0
    },
    "silence_rate_30dB": {
        "mean": 0.97991758585,
        "var": 0.0196791216731
    },
    "silence_rate_60dB": {
        "mean": 0.0257466528565,
        "var": 0.0250843986869
    },
    "spectral_centroid": {
        "mean": 572.367370605,
        "var": 331548.09375
    },
    "spectral_complexity": {
        "mean": 9.5350151062,
        "var": 29.9509372711
    },
    "spectral_decrease": {
        "mean": -8.6025222501e-009,
        "var": 4.46916222016e-017
    },
    "spectral_energy": {
        "mean": 0.0333133786917,
        "var": 0.000664810126182
    },
    "spectral_energyband_high": {
        "mean": 0.000201781775104,
        "var": 2.00463389888e-007
    },
    "spectral_energyband_low": {
        "mean": 0.0130056673661,
        "var": 0.000241194677074
    },
    "spectral_energyband_middle_high": {
        "mean": 0.00114886614028,
        "var": 1.64241305356e-006
    },
    "spectral_energyband_middle_low": {
        "mean": 0.0222604703158,
        "var": 0.000393748196075
    },
    "spectral_entropy": {
        "mean": 6.70803117752,
        "var": 0.380149364471
    },
    "spectral_flux": {
        "mean": 0.078896202147,
        "var": 0.00244259578176
    },
    "spectral_kurtosis": {
        "mean": 8.07990837097,
        "var": 58.7250213623
    },
    "spectral_rms": {
        "mean": 0.00531776668504,
        "var": 4.22221319241e-006
    },
    "spectral_rolloff": {
        "mean": 427.18145752,
        "var": 1000739.8125
    },
    "spectral_skewness": {
        "mean": 1.95880198479,
        "var": 0.75289452076
    },
    "spectral_spread": {
        "mean": 3687658,
        "var": 4.03168690176e+012
    },
    "spectral_strongpeak": {
        "mean": 0.682713866234,
        "var": 0.250729829073
    },
    "zerocrossingrate": {
        "mean": 0.0256498511881,
        "var": 0.000800770591013
    },
    "barkbands": {
        "mean": [0.000255388295045, 0.0030286735855, 0.00645225727931, 0.00668587721884, 0.0129530644044, 0.00138583697844, 0.000490356062073, 0.000346086890204, 0.000334199197823, 0.000211769060115, 0.000169872655533, 0.0001638365502, 0.000103608086647, 5.40812397958e-005, 9.41224498092e-005, 6.58853095956e-005, 9.04125772649e-005, 7.08540901542e-005, 0.000105895691377, 9.34809504542e-005, 6.94198897691e-005, 2.75909806078e-005, 2.10392790905e-005, 2.31707745115e-005, 1.40139718496e-005, 2.55847385233e-006, 6.12840267422e-008],
        "var": [2.41140611479e-007, 6.41048245598e-005, 9.00379382074e-005, 3.22141822835e-005, 0.000326494220644, 3.22895971294e-006, 9.72099314822e-007, 1.04985679172e-006, 8.59463455072e-007, 1.73358685629e-007, 3.34028442239e-007, 1.84384944646e-007, 5.85567683231e-008, 1.41914568985e-008, 2.31268248996e-008, 1.15185523342e-008, 2.25499903195e-008, 1.11206839293e-008, 5.46256657685e-008, 3.68910839654e-008, 3.13406189889e-008, 5.06401098832e-009, 4.30321778211e-009, 8.72123617768e-009, 2.86726087317e-009, 1.04776146093e-010, 2.40763301223e-013]
    },
    "erbbands": {
        "mean": [0.08652677387, 0.763177514076, 5.48411035538, 17.3084430695, 36.6304779053, 45.4950218201, 16.6255073547, 11.2393913269, 8.99308681488, 5.74851751328, 8.90632343292, 7.63301134109, 7.07174015045, 6.30411100388, 7.31509542465, 6.59335374832, 4.65154123306, 3.74394512177, 4.34485578537, 3.79047584534, 4.36999225616, 5.25876283646, 4.00946617126, 4.38627052307, 5.87337875366, 4.53052902222, 3.24903178215, 2.08612775803, 1.01976597309, 0.862910330296, 0.552838504314, 0.450914025307, 0.391163706779, 0.224103361368, 0.0600286796689, 0.0176809523255, 0.00325466366485, 0.000448954378953, 2.62498597294e-005, 3.75409763365e-005],
        "var": [0.0431293100119, 3.64597344398, 70.4865875244, 217.258285522, 2060.60327148, 4350.18457031, 202.543441772, 306.58984375, 224.099014282, 267.389373779, 792.631896973, 329.660614014, 180.296707153, 275.362640381, 554.027893066, 234.046157837, 94.4098434448, 56.8691635132, 49.9323387146, 33.1310768127, 57.9498405457, 62.4757728577, 35.0686378479, 85.1697235107, 131.313858032, 100.114486694, 60.7466316223, 30.910238266, 6.54541683197, 5.84094238281, 3.05052065849, 2.77054166794, 2.8165678978, 0.799970984459, 0.0534367673099, 0.00441579520702, 0.000192730978597, 6.33266745353e-006, 3.73015307531e-009, 8.47696413064e-010]
    },
    "gfcc": {
        "mean": [-71.0166397095, 144.345748901, -103.456573486, 53.9996452332, -51.3503036499, -1.66940164566, -38.6606025696, -10.9844045639, -30.7990512848, -17.0154342651, -12.9788646698, -16.7644748688, -1.64202690125],
        "cov": [[5655.66357422, -904.473999023, -278.610565186, 398.614044189, -364.909301758, 185.284378052, -270.300445557, 234.463806152, -279.628814697, 142.32749939, -215.372390747, 207.233047485, -121.481056213], [-904.473999023, 1352.17346191, -153.288970947, -299.47869873, 209.170074463, -255.630722046, 235.945602417, -219.808364868, 196.873657227, -184.835647583, 179.304122925, -165.862548828, 102.541282654], [-278.610565186, -153.288970947, 513.502502441, 10.0016536713, 22.2964172363, 148.769042969, 21.7293930054, 41.3767967224, -34.4956626892, 28.0603561401, -39.3392791748, 63.9907608032, -16.6787872314], [398.614044189, -299.47869873, 10.0016536713, 377.698974609, 70.0974655151, 46.1777572632, -63.5662956238, 30.3427848816, 13.4553918839, 57.1374664307, -7.01409912109, 4.44462013245, -4.21034002304], [-364.909301758, 209.170074463, 22.2964172363, 70.0974655151, 251.934906006, -34.457485199, 22.3586139679, -67.4924163818, 43.9223365784, -22.1468963623, 28.6348781586, -24.5949497223, 17.3533420563], [185.284378052, -255.630722046, 148.769042969, 46.1777572632, -34.457485199, 262.626281738, 56.0269966125, 78.2120895386, -16.8509616852, 58.7128181458, -22.7321395874, 71.4171066284, -26.8736057281], [-270.300445557, 235.945602417, 21.7293930054, -63.5662956238, 22.3586139679, 56.0269966125, 240.07359314, 24.6524143219, 44.5568656921, -15.5537576675, 35.2179374695, 8.0706243515, -2.73312497139], [234.463806152, -219.808364868, 41.3767967224, 30.3427848816, -67.4924163818, 78.2120895386, 24.6524143219, 207.372879028, -1.76932001114, 66.2306976318, 5.05801916122, 38.1075935364, -12.819018364], [-279.628814697, 196.873657227, -34.4956626892, 13.4553918839, 43.9223365784, -16.8509616852, 44.5568656921, -1.76932001114, 133.994644165, 11.3038434982, 42.5502929688, -26.9350566864, 21.0018978119], [142.32749939, -184.835647583, 28.0603561401, 57.1374664307, -22.1468963623, 58.7128181458, -15.5537576675, 66.2306976318, 11.3038434982, 116.024238586, 8.96887779236, 33.2650756836, -18.4225559235], [-215.372390747, 179.304122925, -39.3392791748, -7.01409912109, 28.6348781586, -22.7321395874, 35.2179374695, 5.05801916122, 42.5502929688, 8.96887779236, 117.036476135, -20.4853134155, 13.2187299728], [207.233047485, -165.862548828, 63.9907608032, 4.44462013245, -24.5949497223, 71.4171066284, 8.0706243515, 38.1075935364, -26.9350566864, 33.2650756836, -20.4853134155, 112.036048889, 1.53494262695], [-121.481056213, 102.541282654, -16.6787872314, -4.21034002304, 17.3533420563, -26.8736057281, -2.73312497139, -12.819018364, 21.0018978119, -18.4225559235, 13.2187299728, 1.53494262695, 91.2526550293]],
        "icov": [[0.000443634344265, -0.00103689776734, 0.00048357018386, -0.00109579507262, 0.000820772140287, -0.00054861116223, 0.000901091843843, -0.000746074714698, 0.00133106554858, -0.000547739968169, 0.00121452007443, -0.00117622548714, 0.00082504551392], [-0.00103689776734, 0.00729844719172, -0.00136959634256, 0.00537920650095, -0.00379996560514, 0.00326549983583, -0.00534570822492, 0.0041088652797, -0.00678574945778, 0.00411529932171, -0.00666877953336, 0.00534853572026, -0.00421380018815], [0.00048357018386, -0.00136959634256, 0.00303117674775, -0.00107008358464, 0.000274612364592, -0.00199536210857, 0.00124772323761, -0.0011304753134, 0.00200272421353, -0.000739434326533, 0.00203403062187, -0.00192553712986, 0.00105368241202], [-0.00109579507262, 0.00537920650095, -0.00107008358464, 0.0077853333205, -0.0045274188742, 0.0016510442365, -0.00294537958689, 0.00269333459437, -0.00564520666376, 0.0016866059741, -0.00478958850726, 0.0048560956493, -0.00345060206018], [0.000820772140287, -0.00379996560514, 0.000274612364592, -0.0045274188742, 0.00768674397841, -0.00110744836275, 0.00214898400009, -0.00053837132873, 0.00273105246015, -0.00152630452067, 0.00277404254302, -0.00311137363315, 0.00211863219738], [-0.00054861116223, 0.00326549983583, -0.00199536210857, 0.0016510442365, -0.00110744836275, 0.00797402206808, -0.00421466724947, 0.00120114255697, -0.00289247138426, 0.000258917541942, -0.00234609236941, 0.000305163674057, -0.00103421648964], [0.000901091843843, -0.00534570822492, 0.00124772323761, -0.00294537958689, 0.00214898400009, -0.00421466724947, 0.0097621101886, -0.00402767164633, 0.0031696530059, -0.000924018793739, 0.00362417474389, -0.00470736343414, 0.00401361240074], [-0.000746074714698, 0.0041088652797, -0.0011304753134, 0.00269333459437, -0.00053837132873, 0.00120114255697, -0.00402767164633, 0.0093187680468, -0.00393483182415, -0.000632442417555, -0.00445874128491, 0.00270151044242, -0.00266980146989], [0.00133106554858, -0.00678574945778, 0.00200272421353, -0.00564520666376, 0.00273105246015, -0.00289247138426, 0.0031696530059, -0.00393483182415, 0.0170695800334, -0.00635317293927, 0.00470697507262, -0.00304882996716, 0.00183201360051], [-0.000547739968169, 0.00411529932171, -0.000739434326533, 0.0016866059741, -0.00152630452067, 0.000258917541942, -0.000924018793739, -0.000632442417555, -0.00635317293927, 0.0161755792797, -0.0057306648232, -0.000140848889714, 0.000399379990995], [0.00121452007443, -0.00666877953336, 0.00203403062187, -0.00478958850726, 0.00277404254302, -0.00234609236941, 0.00362417474389, -0.00445874128491, 0.00470697507262, -0.0057306648232, 0.0170969013125, -0.00381109002046, 0.00287234480493], [-0.00117622548714, 0.00534853572026, -0.00192553712986, 0.0048560956493, -0.00311137363315, 0.000305163674057, -0.00470736343414, 0.00270151044242, -0.00304882996716, -0.000140848889714, -0.00381109002046, 0.0171614550054, -0.00584721425548], [0.00082504551392, -0.00421380018815, 0.00105368241202, -0.00345060206018, 0.00211863219738, -0.00103421648964, 0.00401361240074, -0.00266980146989, 0.00183201360051, 0.000399379990995, 0.00287234480493, -0.00584721425548, 0.0152043467388]]
    },
    "melbands": {
        "mean": [0.000813306658529, 0.00227344385348, 0.00345544680022, 0.00335266906768, 0.000789888203144, 0.000251373799983, 0.000130177504616, 6.06914545642e-005, 7.2887778515e-005, 4.69539590995e-005, 3.50291848008e-005, 2.54349415627e-005, 2.37576732616e-005, 1.99861515284e-005, 1.19009773698e-005, 1.11471163109e-005, 5.85528687225e-006, 6.57617101751e-006, 6.48480272503e-006, 4.23367873736e-006, 5.03615683556e-006, 5.52447590962e-006, 4.61301942778e-006, 3.06443689624e-006, 3.49016295331e-006, 4.17091041527e-006, 3.94014568883e-006, 2.76390233012e-006, 2.09573772736e-006, 1.64984828643e-006, 1.01303214706e-006, 5.62438629004e-007, 5.13460179263e-007, 4.66815407663e-007, 3.46318330458e-007, 2.27554707521e-007, 3.02113363659e-007, 2.8836149113e-007, 2.46470676757e-007, 1.67001601881e-007],
        "var": [4.34202001998e-006, 1.21401217257e-005, 6.6089341999e-006, 2.57573155977e-005, 4.88427758683e-007, 1.38672859862e-007, 5.05278663354e-008, 2.89035249068e-008, 5.9547534903e-008, 1.35121149825e-008, 4.63133176254e-009, 4.54622695045e-009, 7.13038161848e-009, 3.04231395631e-009, 7.87185261419e-010, 7.90387200134e-010, 1.84943810266e-010, 1.36273339835e-010, 1.70599784299e-010, 4.29826452208e-011, 1.04104717902e-010, 7.60945889633e-011, 5.38664564342e-011, 2.49584103384e-011, 6.66485547307e-011, 8.14835837692e-011, 6.48658973756e-011, 4.53464418793e-011, 3.00886884852e-011, 2.06368533373e-011, 7.39450514708e-012, 2.38684354399e-012, 1.93885012212e-012, 1.9514862816e-012, 1.24101922315e-012, 7.56996353622e-013, 1.41054008751e-012, 1.64046012018e-012, 1.1691692536e-012, 4.39176554281e-013]
    },
    "mfcc": {
        "mean": [-712.233642578, 157.440567017, 13.1421785355, 49.4156265259, 9.67475509644, 7.25032091141, 3.1674144268, -3.18129849434, -7.64678764343, -6.32168149948, -12.5354862213, -9.62108802795, -9.6160993576],
        "cov": [[3852.44042969, -1123.48730469, -66.611869812, 124.064674377, -46.4369850159, -45.2996292114, -33.3977813721, 41.4036445618, 0.587257325649, -20.551109314, -31.6767444611, 41.3938522339, 18.8189239502], [-1123.48730469, 1404.48876953, -186.230667114, -50.8375740051, -100.267623901, -27.1263828278, -6.80059766769, 14.2835931778, -31.6375427246, -25.4539051056, 3.12371897697, 1.76459085941, -2.22468852997], [-66.611869812, -186.230667114, 441.953857422, -78.6195297241, 13.3019342422, 62.301361084, 60.0039901733, 50.0536308289, 45.1987991333, 2.40349340439, 11.0841522217, -0.213237971067, 32.3295440674], [124.064674377, -50.8375740051, -78.6195297241, 272.867767334, 107.867362976, 26.0160903931, -16.0004444122, -22.663892746, -9.59909152985, 27.0900592804, -9.20609951019, -7.00932073593, 6.99092245102], [-46.4369850159, -100.267623901, 13.3019342422, 107.867362976, 247.652114868, 34.1528778076, -14.2378997803, -39.6783180237, -7.86417531967, 8.31192398071, -2.55551981926, -11.7369165421, -11.8876094818], [-45.2996292114, -27.1263828278, 62.301361084, 26.0160903931, 34.1528778076, 222.961120605, 22.2514457703, 41.059463501, 19.9906635284, 1.22596752644, 17.0394611359, 4.68554496765, -13.9582128525], [-33.3977813721, -6.80059766769, 60.0039901733, -16.0004444122, -14.2378997803, 22.2514457703, 153.032791138, 55.9808883667, 20.325466156, 6.29416322708, 26.6215648651, 33.6146736145, 35.0173072815], [41.4036445618, 14.2835931778, 50.0536308289, -22.663892746, -39.6783180237, 41.059463501, 55.9808883667, 134.944976807, 42.2132530212, 12.2122535706, 20.4095859528, 15.6189031601, 24.0747203827], [0.587257325649, -31.6375427246, 45.1987991333, -9.59909152985, -7.86417531967, 19.9906635284, 20.325466156, 42.2132530212, 96.7359542847, 27.1678638458, 7.4539141655, 8.38703250885, 11.408993721], [-20.551109314, -25.4539051056, 2.40349340439, 27.0900592804, 8.31192398071, 1.22596752644, 6.29416322708, 12.2122535706, 27.1678638458, 95.3427352905, 41.3055381775, 10.8529157639, 11.9653997421], [-31.6767444611, 3.12371897697, 11.0841522217, -9.20609951019, -2.55551981926, 17.0394611359, 26.6215648651, 20.4095859528, 7.4539141655, 41.3055381775, 111.498924255, 41.6631851196, 14.5684986115], [41.3938522339, 1.76459085941, -0.213237971067, -7.00932073593, -11.7369165421, 4.68554496765, 33.6146736145, 15.6189031601, 8.38703250885, 10.8529157639, 41.6631851196, 92.3545761108, 43.3949241638], [18.8189239502, -2.22468852997, 32.3295440674, 6.99092245102, -11.8876094818, -13.9582128525, 35.0173072815, 24.0747203827, 11.408993721, 11.9653997421, 14.5684986115, 43.3949241638, 95.9314346313]],
        "icov": [[0.000382131751394, 0.000344902859069, 0.000145662328578, -0.000203930190764, 0.000224628238357, 0.000101249846921, 0.000152724402142, -0.000300426065223, 7.36900619813e-005, 0.000202434690436, 8.87617279659e-005, -0.000259402731899, 3.08698436129e-005], [0.000344902859069, 0.00110092828982, 0.000508401251864, -2.75626025541e-005, 0.000413808622397, 4.23722303822e-005, 0.000115234011901, -0.000422469922341, 0.000229643643252, 0.00034394528484, -2.61837994913e-005, -9.22235194594e-005, -0.000114569622383], [0.000145662328578, 0.000508401251864, 0.00312850787304, 0.0011273623677, -0.000466219877126, -0.000746486475691, -0.000665099185426, -0.00034392051748, -0.000759893504437, 0.000223086128244, -0.000103818245407, 0.0010348855285, -0.00138039002195], [-0.000203930190764, -2.75626025541e-005, 0.0011273623677, 0.00534524954855, -0.00223058508709, -0.000887455942575, -6.1334525526e-005, 0.000248632510193, 0.000461016927147, -0.00184232927859, 0.000910003785975, 0.000687373627443, -0.00144980603363], [0.000224628238357, 0.000413808622397, -0.000466219877126, -0.00223058508709, 0.00557092577219, -0.000575689191464, 7.51599509385e-006, 0.00142987142317, -2.66052265943e-005, 0.000209764475585, -0.000310151343001, 9.00569066289e-005, 0.000513558101375], [0.000101249846921, 4.23722303822e-005, -0.000746486475691, -0.000887455942575, -0.000575689191464, 0.00547300372273, -9.45728534134e-005, -0.00178584177047, -0.00043229694711, 0.000792760169134, -0.000700006785337, -0.000765253149439, 0.00191005377565], [0.000152724402142, 0.000115234011901, -0.000665099185426, -6.1334525526e-005, 7.51599509385e-006, -9.45728534134e-005, 0.00873370468616, -0.00288597587496, -4.80522567159e-006, 0.00062875484582, -0.000815214880276, -0.00180335738696, -0.00141355686355], [-0.000300426065223, -0.000422469922341, -0.00034392051748, 0.000248632510193, 0.00142987142317, -0.00178584177047, -0.00288597587496, 0.0113343922421, -0.00361857912503, -3.67257853213e-005, -0.00105841457844, 0.00115377781913, -0.00165298243519], [7.36900619813e-005, 0.000229643643252, -0.000759893504437, 0.000461016927147, -2.66052265943e-005, -0.00043229694711, -4.80522567159e-006, -0.00361857912503, 0.0135695394129, -0.00412869174033, 0.00184029142838, -0.00101373007055, 0.000137280221679], [0.000202434690436, 0.00034394528484, 0.000223086128244, -0.00184232927859, 0.000209764475585, 0.000792760169134, 0.00062875484582, -3.67257853213e-005, -0.00412869174033, 0.0148241836578, -0.00597170507535, 0.00138454127591, -0.00112900941167], [8.87617279659e-005, -2.61837994913e-005, -0.000103818245407, 0.000910003785975, -0.000310151343001, -0.000700006785337, -0.000815214880276, -0.00105841457844, 0.00184029142838, -0.00597170507535, 0.0136338863522, -0.00579636730254, 0.00145105179399], [-0.000259402731899, -9.22235194594e-005, 0.0010348855285, 0.000687373627443, 9.00569066289e-005, -0.000765253149439, -0.00180335738696, 0.00115377781913, -0.00101373007055, 0.00138454127591, -0.00579636730254, 0.0174047350883, -0.00712653901428], [3.08698436129e-005, -0.000114569622383, -0.00138039002195, -0.00144980603363, 0.000513558101375, 0.00191005377565, -0.00141355686355, -0.00165298243519, 0.000137280221679, -0.00112900941167, 0.00145105179399, -0.00712653901428, 0.0153864668682]]
    },
    "spectral_contrast_coeffs": {
        "mean": [-0.513109922409, -0.702978312969, -0.763859689236, -0.781726360321, -0.790646791458, -0.7462682724],
        "var": [0.00965401157737, 0.00564355403185, 0.00429775845259, 0.00232927501202, 0.00196207873523, 0.00200769654475]
    },
    "spectral_contrast_valleys": {
        "mean": [-7.29052591324, -7.39727544785, -8.20071983337, -8.64196681976, -8.38427257538, -11.5486135483],
        "var": [1.31282436848, 1.04006528854, 0.9752420187, 1.00458133221, 1.21364152431, 1.44664037228]
    }
},
"metadata": {
    "audio_properties": {
        "analysis_sample_rate": 44100,
        "bit_rate": 108120,
        "equal_loudness": 0,
        "length": 45.0612258911,
        "lossless": 0,
        "replay_gain": -12.0176334381,
        "sample_rate": 44100,
        "codec": "mp3",
        "downmix": "mix",
        "md5_encoded": "0114e7a3fada3bd88b1d954e75a8baca"
    },
    "tags": {
        "file_name": "597.mp3"
    },
    "version": {
        "essentia": "2.1-beta2",
        "essentia_git_sha": "v2.1_beta2",
        "extractor": "music 1.0"
    }
},
"rhythm": {
    "beats_count": 92,
    "beats_loudness": {
        "mean": 0.0540950931609,
        "var": 0.00105459196493
    },
    "bpm": 122.823661804,
    "bpm_histogram_first_peak_bpm": {
        "mean": 123,
        "var": 0
    },
    "bpm_histogram_first_peak_spread": {
        "mean": 0.4320987463,
        "var": 0
    },
    "bpm_histogram_first_peak_weight": {
        "mean": 0.505494534969,
        "var": 0
    },
    "bpm_histogram_second_peak_bpm": {
        "mean": 129,
        "var": 0
    },
    "bpm_histogram_second_peak_spread": {
        "mean": 0.285714298487,
        "var": 0
    },
    "bpm_histogram_second_peak_weight": {
        "mean": 0.0549450553954,
        "var": 0
    },
    "danceability": 1.31361150742,
    "onset_rate": 4.08149290085,
    "beats_loudness_band_ratio": {
        "mean": [0.610898673534, 0.372223526239, 0.0552498474717, 0.0272093210369, 0.0141039732844, 0.0110867153853],
        "var": [0.0407168827951, 0.0527164451778, 0.00672658160329, 0.00225734477863, 0.000159489602083, 0.000121237710118]
    },
    "beats_position": [0.429569154978, 0.882358253002, 1.33514738083, 1.8111563921, 2.27555561066, 2.73995471001, 3.22757363319, 3.72680258751, 4.22603178024, 4.71365070343, 5.20126962662, 5.70049858093, 6.19972801208, 6.68734693527, 7.17496585846, 7.66258478165, 8.15020370483, 8.63782310486, 9.12544155121, 9.61306095123, 10.077460289, 10.5534696579, 11.0294780731, 11.5170974731, 11.9931058884, 12.4807252884, 12.9567346573, 13.4443531036, 13.9319725037, 14.4195919037, 14.9188203812, 15.4180498123, 15.9056682587, 16.3932876587, 16.8809070587, 17.3801364899, 17.8793640137, 18.3669834137, 18.8546028137, 19.3422222137, 19.8298416138, 20.3290691376, 20.8282985687, 21.3275279999, 21.826757431, 22.3143768311, 22.8019943237, 23.2896137238, 23.7772331238, 24.2764625549, 24.7756919861, 25.2749195099, 25.774148941, 26.2617683411, 26.7493877411, 27.22539711, 27.7014045715, 28.1890239716, 28.6650333405, 29.1526527405, 29.6286621094, 30.0930614471, 30.5574588776, 31.0450782776, 31.5559177399, 32.0319252014, 32.5079345703, 32.9955558777, 33.4831733704, 33.9824028015, 34.4584121704, 34.9692497253, 35.480091095, 35.9677085876, 36.455329895, 36.9545555115, 37.4537849426, 37.94140625, 38.4406356812, 38.91664505, 39.4042625427, 39.8918800354, 40.3795013428, 40.8671188354, 41.3547401428, 41.8423576355, 42.3299751282, 42.8292045593, 43.3052139282, 43.7928352356, 44.2804527283, 44.7680702209]
},
"tonal": {
    "chords_changes_rate": 0.0637860074639,
    "chords_number_rate": 0.0144032919779,
    "chords_strength": {
        "mean": 0.441338121891,
        "var": 0.011914614588
    },
    "hpcp_entropy": {
        "mean": 2.01356101036,
        "var": 0.640275239944
    },
    "key_strength": 0.507882773876,
    "tuning_diatonic_strength": 0.391551315784,
    "tuning_equal_tempered_deviation": 0.0189969539642,
    "tuning_frequency": 439.238189697,
    "tuning_nontempered_energy_ratio": 0.676126658916,
    "hpcp": {
        "mean": [0.173017576337, 0.124543689191, 0.114390052855, 0.151352420449, 0.117612659931, 0.147093892097, 0.207373201847, 0.125879243016, 0.0665870457888, 0.0696913376451, 0.0599794201553, 0.184896066785, 0.31267786026, 0.19142729044, 0.0622800886631, 0.0610590577126, 0.0633139461279, 0.0888824611902, 0.0936625674367, 0.0607811249793, 0.0607518255711, 0.0622385144234, 0.0738673508167, 0.241009145975, 0.297101855278, 0.137472853065, 0.0865683481097, 0.0966029465199, 0.0760179236531, 0.0848428085446, 0.0896933451295, 0.0661492571235, 0.0776776149869, 0.0834983810782, 0.0772346183658, 0.132386654615],
        "var": [0.0943866595626, 0.0579840056598, 0.0485693663359, 0.0851321071386, 0.0512307025492, 0.0518901534379, 0.0995869636536, 0.0392219275236, 0.0322195403278, 0.0390723384917, 0.0210761539638, 0.065619751811, 0.162440747023, 0.0701810345054, 0.0230224300176, 0.0244724173099, 0.0251190178096, 0.0373653955758, 0.036651764065, 0.0196290649474, 0.0296381413937, 0.0317501313984, 0.0186313129961, 0.0892696380615, 0.125125691295, 0.0399925671518, 0.0447677597404, 0.0525985434651, 0.0321882329881, 0.04287526384, 0.0520355403423, 0.0254456736147, 0.0330148078501, 0.0359166711569, 0.026264699176, 0.0626873522997]
    },
    "chords_histogram": [2.98353910446, 12.1399173737, 0.720164597034, 0, 1.02880656719, 0.205761313438, 6.68724298477, 2.77777767181, 11.0082302094, 6.58436203003, 0, 0, 1.54320991039, 8.74485588074, 5.96707820892, 0, 17.7983531952, 0, 0, 0.308641970158, 1.02880656719, 2.88065838814, 0, 17.5925922394],
    "thpcp": [1, 0.612218856812, 0.199182912707, 0.195277839899, 0.202489376068, 0.284262090921, 0.299549728632, 0.194388955832, 0.19429525733, 0.199049949646, 0.236241072416, 0.770790576935, 0.950185120106, 0.439662903547, 0.276861131191, 0.308953583241, 0.243118986487, 0.271342545748, 0.286855429411, 0.211557209492, 0.24842697382, 0.267042845488, 0.247010186315, 0.423396319151, 0.553341329098, 0.398313105106, 0.365839958191, 0.484052240849, 0.376146435738, 0.470432698727, 0.663216769695, 0.402584433556, 0.212957337499, 0.222885429859, 0.19182497263, 0.591330826283],
    "chords_key": "F#",
    "chords_scale": "minor",
    "key_key": "A#",
    "key_scale": "minor"
}
}