{
"lowlevel": {
    "average_loudness": 0.935698986053,
    "barkbands_crest": {
        "mean": 12.7081947327,
        "var": 19.0477561951
    },
    "barkbands_flatness_db": {
        "mean": 0.181526169181,
        "var": 0.00299724936485
    },
    "barkbands_kurtosis": {
        "mean": 11.8691301346,
        "var": 75.5885925293
    },
    "barkbands_skewness": {
        "mean": 2.8378162384,
        "var": 0.906175911427
    },
    "barkbands_spread": {
        "mean": 10.6251058578,
        "var": 74.4705886841
    },
    "dissonance": {
        "mean": 0.424164712429,
        "var": 0.000930004694965
    },
    "dynamic_complexity": 1.86802101135,
    "erbbands_crest": {
        "mean": 10.0028247833,
        "var": 10.8871879578
    },
    "erbbands_flatness_db": {
        "mean": 0.168614506721,
        "var": 0.00193440215662
    },
    "erbbands_kurtosis": {
        "mean": 0.0730747580528,
        "var": 1.20223534107
    },
    "erbbands_skewness": {
        "mean": 0.777827501297,
        "var": 0.248165369034
    },
    "erbbands_spread": {
        "mean": 41.6649513245,
        "var": 268.435302734
    },
    "hfc": {
        "mean": 12.130487442,
        "var": 59.5440444946
    },
    "melbands_crest": {
        "mean": 15.9650554657,
        "var": 15.0532503128
    },
    "melbands_flatness_db": {
        "mean": 0.271863609552,
        "var": 0.00377077283338
    },
    "melbands_kurtosis": {
        "mean": 28.7473068237,
        "var": 377.327545166
    },
    "melbands_skewness": {
        "mean": 4.1976852417,
        "var": 1.83323740959
    },
    "melbands_spread": {
        "mean": 8.56529808044,
        "var": 52.4158706665
    },
    "pitch_salience": {
        "mean": 0.503913998604,
        "var": 0.00825117714703
    },
    "silence_rate_20dB": {
        "mean": 1,
        "var": 0
    },
    "silence_rate_30dB": {
        "mean": 0.981471955776,
        "var": 0.018184794113
    },
    "silence_rate_60dB": {
        "mean": 0.00205867225304,
        "var": 0.00205448735505
    },
    "spectral_centroid": {
        "mean": 536.089538574,
        "var": 216633.6875
    },
    "spectral_complexity": {
        "mean": 12.5862064362,
        "var": 10.2446269989
    },
    "spectral_decrease": {
        "mean": -8.61966320542e-009,
        "var": 3.84617246531e-017
    },
    "spectral_energy": {
        "mean": 0.0336328595877,
        "var": 0.000569477386307
    },
    "spectral_energyband_high": {
        "mean": 0.000302559841657,
        "var": 3.15370073167e-007
    },
    "spectral_energyband_low": {
        "mean": 0.00772574078292,
        "var": 9.02401443454e-005
    },
    "spectral_energyband_middle_high": {
        "mean": 0.00203880015761,
        "var": 1.96987525669e-006
    },
    "spectral_energyband_middle_low": {
        "mean": 0.0251745395362,
        "var": 0.000365104322555
    },
    "spectral_entropy": {
        "mean": 6.77302455902,
        "var": 0.391747057438
    },
    "spectral_flux": {
        "mean": 0.0561488345265,
        "var": 0.0011978908442
    },
    "spectral_kurtosis": {
        "mean": 8.70536327362,
        "var": 47.8714179993
    },
    "spectral_rms": {
        "mean": 0.00543745281175,
        "var": 3.24659845319e-006
    },
    "spectral_rolloff": {
        "mean": 538.37322998,
        "var": 852702.8125
    },
    "spectral_skewness": {
        "mean": 2.23736548424,
        "var": 0.479785948992
    },
    "spectral_spread": {
        "mean": 4587807,
        "var": 6.92126692147e+012
    },
    "spectral_strongpeak": {
        "mean": 0.918959915638,
        "var": 0.264348417521
    },
    "zerocrossingrate": {
        "mean": 0.0335964150727,
        "var": 0.000734170374926
    },
    "barkbands": {
        "mean": [0.000286988826701, 0.00182634254452, 0.00415991526097, 0.00426144665107, 0.0158590171486, 0.00257086567581, 0.00178157398477, 0.000288608454866, 0.000180636372534, 0.000359008670785, 9.56733783823e-005, 0.000626143591944, 0.00016416280414, 0.000329318980221, 0.000160120936926, 8.38507548906e-005, 0.000166057012393, 8.45891117933e-005, 2.99432213069e-005, 2.50551420322e-005, 4.16950388171e-005, 4.08075175073e-005, 5.30904471816e-005, 6.51286172797e-005, 6.77156131133e-005, 2.27729251492e-005, 2.37762810684e-006],
        "var": [3.30305880425e-007, 1.17216850413e-005, 3.07233567582e-005, 3.29401518684e-005, 0.000218599059735, 5.04271656609e-006, 3.54768781108e-006, 1.17774924036e-007, 3.99446150823e-007, 1.68853119931e-007, 2.40238033911e-008, 4.52816493635e-007, 1.6122257307e-007, 6.64379911086e-008, 1.94007157006e-008, 9.97301885519e-009, 1.98823286723e-008, 5.39702682545e-009, 1.45865586276e-009, 6.89880097493e-010, 2.77875944477e-009, 6.41981756644e-009, 1.17337126682e-008, 1.90444033876e-008, 2.74403255673e-008, 3.42355299665e-009, 7.70169136799e-011]
    },
    "erbbands": {
        "mean": [0.00977376196533, 0.611356556416, 4.60137653351, 10.2972230911, 63.6273269653, 26.4525279999, 12.2198629379, 18.4284229279, 41.0504341125, 2.70435476303, 8.81871032715, 5.55475139618, 11.3277959824, 5.51781415939, 5.05189609528, 32.2999153137, 12.1239471436, 18.9454307556, 5.30262851715, 10.1690673828, 5.90900993347, 7.18742799759, 3.82553386688, 2.13726711273, 1.60141825676, 1.47791028023, 1.75304400921, 1.422529459, 1.50541460514, 1.56633579731, 1.45429384708, 1.15826737881, 1.26362836361, 0.918577730656, 0.370193779469, 0.118474774063, 0.0391952954233, 0.00829574465752, 0.000269877287792, 4.43864882982e-005],
        "var": [0.000239179920754, 1.21983575821, 46.3556442261, 105.983596802, 3772.56347656, 555.119262695, 130.22543335, 315.740478516, 1883.91491699, 7.74370765686, 108.727531433, 306.429290771, 158.850524902, 53.8046760559, 24.0584411621, 1197.96386719, 370.297241211, 208.342681885, 23.4190254211, 96.8221359253, 23.0514030457, 34.3736457825, 10.9229202271, 5.01875162125, 2.96159148216, 2.18620347977, 6.4668841362, 3.0880343914, 7.63645935059, 11.4866676331, 8.68036556244, 5.67841959, 7.86611700058, 5.05261898041, 0.903581976891, 0.0912090614438, 0.0108487624675, 0.000612024683505, 7.53434221679e-007, 1.0321709043e-009]
    },
    "gfcc": {
        "mean": [-21.7490196228, 116.449005127, -101.248901367, 27.5320987701, -52.6743354797, 12.9398517609, -56.075252533, -14.947552681, -34.5479660034, -10.7449016571, -18.5223789215, -6.28791999817, -14.3580703735],
        "cov": [[3743.72680664, -937.746276855, 190.18309021, 63.2679328918, -308.390777588, 269.725494385, -264.362518311, 187.992736816, -198.97203064, 171.080307007, -203.500671387, 84.80103302, -66.8517608643], [-937.746276855, 1556.52832031, -433.490142822, 91.2020645142, 307.482177734, -267.810913086, 272.315887451, -204.06791687, 207.945556641, -192.177398682, 250.854400635, -145.515975952, 95.6273269653], [190.18309021, -433.490142822, 370.074768066, -10.1709604263, -24.9214172363, 105.493164063, -57.4824409485, 70.4315109253, -35.3846549988, 74.4993743896, -69.4348220825, 51.7292251587, -29.1253147125], [63.2679328918, 91.2020645142, -10.1709604263, 130.259414673, 55.3801574707, 22.3488101959, 30.0177707672, 0.0399929955602, 22.1751556396, -16.725818634, 17.7834033966, -8.43779659271, 38.4582748413], [-308.390777588, 307.482177734, -24.9214172363, 55.3801574707, 171.426086426, -14.311715126, 89.23412323, -37.347366333, 38.2280311584, -44.8597373962, 46.7077140808, -25.3012905121, 30.9973812103], [269.725494385, -267.810913086, 105.493164063, 22.3488101959, -14.311715126, 136.31262207, -15.037238121, 54.7738800049, -37.0044822693, 36.0630989075, -42.9769935608, 24.2370700836, -9.19472503662], [-264.362518311, 272.315887451, -57.4824409485, 30.0177707672, 89.23412323, -15.037238121, 121.513946533, -15.671836853, 53.0954627991, -30.7518672943, 40.5881500244, -25.9014472961, 15.9427471161], [187.992736816, -204.06791687, 70.4315109253, 0.0399929955602, -37.347366333, 54.7738800049, -15.671836853, 105.927871704, -1.11287117004, 54.5415420532, -27.9405155182, 22.7299690247, -10.0885162354], [-198.97203064, 207.945556641, -35.3846549988, 22.1751556396, 38.2280311584, -37.0044822693, 53.0954627991, -1.11287117004, 99.5115127563, 5.88803577423, 45.1030044556, -10.6876001358, 9.46665000916], [171.080307007, -192.177398682, 74.4993743896, -16.725818634, -44.8597373962, 36.0630989075, -30.7518672943, 54.5415420532, 5.88803577423, 94.9522781372, -4.4349861145, 38.3492507935, -20.3360557556], [-203.500671387, 250.854400635, -69.4348220825, 17.7834033966, 46.7077140808, -42.9769935608, 40.5881500244, -27.9405155182, 45.1030044556, -4.4349861145, 94.5494308472, -1.59924983978, 15.992266655], [84.80103302, -145.515975952, 51.7292251587, -8.43779659271, -25.3012905121, 24.2370700836, -25.9014472961, 22.7299690247, -10.6876001358, 38.3492507935, -1.59924983978, 60.6182899475, -2.26823496819], [-66.8517608643, 95.6273269653, -29.1253147125, 38.4582748413, 30.9973812103, -9.19472503662, 15.9427471161, -10.0885162354, 9.46665000916, -20.3360557556, 15.992266655, -2.26823496819, 54.7586250305]],
        "icov": [[0.000481566006783, -0.000536989769898, 7.90649937699e-005, -0.000753427506424, 0.000745744386222, -0.000809493183624, 0.000759922259022, -0.000344590458553, 0.000796436390374, -0.000792560982518, 0.000985555234365, -0.00035898713395, 0.000519356050063], [-0.000536989769898, 0.0056060673669, 0.00132823444437, 0.00115903152619, -0.00379213574342, 0.00413805805147, -0.00370718585327, 0.00211263541132, -0.00400108424947, 0.0033334151376, -0.00679826876149, 0.0045494097285, -0.00213968404569], [7.90649937699e-005, 0.00132823444437, 0.00505682360381, 0.000193318846868, -0.00285511696711, -0.00113125203643, 0.00108882039785, 4.12829140259e-005, -0.00141344952863, -0.0013140385272, 0.00122545671184, -0.000855374615639, 0.000810731493402], [-0.000753427506424, 0.00115903152619, 0.000193318846868, 0.0131578147411, -0.00369056290947, -0.00263454369269, -5.45934053662e-005, 0.000138838950079, -0.00420883530751, 0.00261158822104, -0.00285784900188, 0.00217998330481, -0.00777143938467], [0.000745744386222, -0.00379213574342, -0.00285511696711, -0.00369056290947, 0.0155446957797, -0.0035262783058, -0.00446186121553, 0.000767040124629, 0.00352322659455, -0.000180623668712, 0.00149445503484, -0.00176467467099, -0.000530720455572], [-0.000809493183624, 0.00413805805147, -0.00113125203643, -0.00263454369269, -0.0035262783058, 0.0178505331278, -0.00636684941128, -0.00221910397522, 0.00246109254658, 0.000143777651829, -0.00223431969061, 0.00144419807475, -0.000187525060028], [0.000759922259022, -0.00370718585327, 0.00108882039785, -5.45934053662e-005, -0.00446186121553, -0.00636684941128, 0.021217500791, -0.00362219312228, -0.00407941499725, 0.00086195836775, 0.00291605805978, -0.000875534897204, 0.00276862201281], [-0.000344590458553, 0.00211263541132, 4.12829140259e-005, 0.000138838950079, 0.000767040124629, -0.00221910397522, -0.00362219312228, 0.017844311893, -0.00378697947599, -0.00630753999576, 0.00107456103433, 0.00176077720243, -0.00257896399125], [0.000796436390374, -0.00400108424947, -0.00141344952863, -0.00420883530751, 0.00352322659455, 0.00246109254658, -0.00407941499725, -0.00378697947599, 0.0219328273088, -0.0081515647471, 0.00090402684873, -0.000814135244582, 0.00195583258756], [-0.000792560982518, 0.0033334151376, -0.0013140385272, 0.00261158822104, -0.000180623668712, 0.000143777651829, 0.00086195836775, -0.00630753999576, -0.0081515647471, 0.0269206333905, -0.00959678925574, -0.00539881456643, 0.00337741640396], [0.000985555234365, -0.00679826876149, 0.00122545671184, -0.00285784900188, 0.00149445503484, -0.00223431969061, 0.00291605805978, 0.00107456103433, 0.00090402684873, -0.00959678925574, 0.0281826704741, -0.00975096970797, 0.00150711415336], [-0.00035898713395, 0.0045494097285, -0.000855374615639, 0.00217998330481, -0.00176467467099, 0.00144419807475, -0.000875534897204, 0.00176077720243, -0.000814135244582, -0.00539881456643, -0.00975096970797, 0.029382083565, -0.00634776381776], [0.000519356050063, -0.00213968404569, 0.000810731493402, -0.00777143938467, -0.000530720455572, -0.000187525060028, 0.00276862201281, -0.00257896399125, 0.00195583258756, 0.00337741640396, 0.00150711415336, -0.00634776381776, 0.0277227237821]]
    },
    "melbands": {
        "mean": [0.000278245861409, 0.00184557063039, 0.00326917460188, 0.00391794927418, 0.000338958343491, 0.000530594261363, 0.000533960177563, 1.12958041427e-005, 7.78934627306e-005, 2.7412923373e-005, 5.60362932447e-005, 2.15215004573e-005, 1.37759279824e-005, 5.73926663492e-005, 5.44185859326e-005, 3.11698313453e-005, 3.17568956234e-005, 6.07910669714e-006, 1.14046815725e-005, 1.15745824587e-005, 7.82195638749e-006, 9.79963533609e-006, 4.07057450502e-006, 3.12910151479e-006, 1.60617275924e-006, 1.01824389276e-006, 1.08786400688e-006, 8.62180002059e-007, 1.07764060431e-006, 8.24475534955e-007, 8.58648320445e-007, 8.26397069886e-007, 8.52207165281e-007, 8.87139378847e-007, 8.50447406719e-007, 7.36108063393e-007, 7.10614585842e-007, 8.49704747452e-007, 9.27003497964e-007, 7.33705689981e-007],
        "var": [2.45231120743e-007, 7.9540304796e-006, 9.24131563806e-006, 1.36191538331e-005, 1.01555926335e-007, 2.6067269232e-007, 3.16423808044e-007, 3.17888965151e-010, 9.95863569386e-009, 8.82166428795e-009, 4.20791801403e-009, 1.04436248538e-009, 4.15048440061e-010, 3.65798658031e-009, 4.2931183053e-009, 9.8760488676e-010, 6.11720007981e-010, 4.50164974741e-011, 1.01201214076e-010, 1.3963386003e-010, 4.32714870879e-011, 7.23019075166e-011, 1.59479478234e-011, 7.51604507798e-012, 3.66593908008e-012, 1.65696612247e-012, 1.09941537211e-012, 8.77688763681e-013, 2.73403261836e-012, 1.4966847206e-012, 1.13758199909e-012, 2.12255950663e-012, 3.97737485308e-012, 3.64728993535e-012, 2.98375928999e-012, 2.53609806766e-012, 2.31135943718e-012, 3.60468057313e-012, 5.02739126371e-012, 3.48450391804e-012]
    },
    "mfcc": {
        "mean": [-669.68145752, 145.464767456, 11.1963644028, 17.5722122192, 21.2473106384, 15.5866222382, -3.8110575676, -4.22177457809, -13.4645910263, -15.7331495285, -12.4056386948, -1.51050674915, -8.78125572205],
        "cov": [[1992.01550293, -798.043518066, 323.391021729, -160.956115723, 27.292804718, -27.9686794281, 28.2322025299, -71.3679656982, 121.562675476, -3.00139141083, 15.890625, -19.9814414978, 35.2637023926], [-798.043518066, 1178.70373535, -397.443786621, 278.793304443, -3.38556241989, 56.2965278625, 20.3131217957, 80.8795089722, -80.2884750366, 11.3159637451, 21.4765949249, 108.946876526, -62.7250061035], [323.391021729, -397.443786621, 313.137145996, -101.149291992, 38.2558097839, -3.66873884201, -3.38081479073, -29.0079879761, 49.0466995239, 7.22075891495, 12.8881883621, -32.935710907, 32.3951339722], [-160.956115723, 278.793304443, -101.149291992, 164.403915405, 28.4856204987, 31.5382957458, 12.968960762, 31.3059024811, 3.56894493103, 3.59403061867, -3.63266468048, 37.2050018311, -12.8454227448], [27.292804718, -3.38556241989, 38.2558097839, 28.4856204987, 92.1845474243, 29.6842842102, 27.7474308014, 6.13241386414, 19.9545860291, 0.144091963768, -6.97054290771, 6.65017175674, 4.25648355484], [-27.9686794281, 56.2965278625, -3.66873884201, 31.5382957458, 29.6842842102, 88.957824707, 29.7541255951, 23.1443958282, 5.05270957947, 2.00634455681, -1.25400352478, 8.87046909332, -0.788647294044], [28.2322025299, 20.3131217957, -3.38081479073, 12.968960762, 27.7474308014, 29.7541255951, 81.9884567261, 20.0282535553, 14.7678556442, -1.92578840256, -0.87176245451, 12.2397661209, -1.53180587292], [-71.3679656982, 80.8795089722, -29.0079879761, 31.3059024811, 6.13241386414, 23.1443958282, 20.0282535553, 60.6381530762, 10.0262727737, 14.8846263885, 4.19171333313, 10.237197876, -1.02169120312], [121.562675476, -80.2884750366, 49.0466995239, 3.56894493103, 19.9545860291, 5.05270957947, 14.7678556442, 10.0262727737, 87.4197616577, 20.5337467194, 11.5306072235, 6.49400520325, 3.08248972893], [-3.00139141083, 11.3159637451, 7.22075891495, 3.59403061867, 0.144091963768, 2.00634455681, -1.92578840256, 14.8846263885, 20.5337467194, 62.0055351257, 29.9819145203, 4.03023290634, -0.511449635029], [15.890625, 21.4765949249, 12.8881883621, -3.63266468048, -6.97054290771, -1.25400352478, -0.87176245451, 4.19171333313, 11.5306072235, 29.9819145203, 71.6497039795, 22.8624095917, 7.7419462204], [-19.9814414978, 108.946876526, -32.935710907, 37.2050018311, 6.65017175674, 8.87046909332, 12.2397661209, 10.237197876, 6.49400520325, 4.03023290634, 22.8624095917, 76.1236724854, 16.3593540192], [35.2637023926, -62.7250061035, 32.3951339722, -12.8454227448, 4.25648355484, -0.788647294044, -1.53180587292, -1.02169120312, 3.08248972893, -0.511449635029, 7.7419462204, 16.3593540192, 67.0288238525]],
        "icov": [[0.000758136797231, 0.000485756172566, -0.000181173934834, -0.000135883368785, 0.000103125741589, 4.71113344247e-006, -0.000350036105374, 0.000484125630464, -0.00050257780822, 0.000123617806821, -0.000150162217324, -0.00050413858844, 0.000274562014965], [0.000485756172566, 0.00273258029483, 0.00156755885109, -0.00248716399074, -9.86832892522e-005, -0.000296228012303, -4.41004012828e-005, -0.000678038399201, 0.00144597794861, -0.000186343706446, -0.00103219796438, -0.00188923173118, 0.00157116050832], [-0.000181173934834, 0.00156755885109, 0.00685056531802, 0.00154963054229, -0.00312297441997, -0.000827160023618, 0.000989593681879, 0.000653366849292, -0.00149274314754, 6.57507116557e-005, -0.0019023574423, 0.000987154431641, -0.00118259014562], [-0.000135883368785, -0.00248716399074, 0.00154963054229, 0.0127750243992, -0.00369333010167, -0.00145501620136, 0.00172688486055, -0.00172357622068, -0.00280451728031, 0.000205140982871, 0.00186163256876, -0.00194765091874, 6.47682609269e-005], [0.000103125741589, -9.86832892522e-005, -0.00312297441997, -0.00369333010167, 0.01583009772, -0.00298509234563, -0.00393148977309, 0.00177809596062, -0.00144628272392, -0.000535283703357, 0.00238166213967, -0.000465839810204, -0.000547131116036], [4.71113344247e-006, -0.000296228012303, -0.000827160023618, -0.00145501620136, -0.00298509234563, 0.0149524044245, -0.00344475056045, -0.0037771568168, 0.00101028650533, 0.000216615109821, -2.41812758759e-005, 0.000276706996374, -3.91164212488e-005], [-0.000350036105374, -4.41004012828e-005, 0.000989593681879, 0.00172688486055, -0.00393148977309, -0.00344475056045, 0.0164232235402, -0.00439400644973, -0.00175872037653, 0.00225115357898, -0.000154029592522, -0.00190758437384, 0.0010944447713], [0.000484125630464, -0.000678038399201, 0.000653366849292, -0.00172357622068, 0.00177809596062, -0.0037771568168, -0.00439400644973, 0.023390987888, -0.00263651763089, -0.00520762009546, 0.00117473804858, 0.000566070142668, -0.00162884208839], [-0.00050257780822, 0.00144597794861, -0.00149274314754, -0.00280451728031, -0.00144628272392, 0.00101028650533, -0.00175872037653, -0.00263651763089, 0.0165118332952, -0.00450876960531, -0.000422594399424, -0.00222218804993, 0.00162230129354], [0.000123617806821, -0.000186343706446, 6.57507116557e-005, 0.000205140982871, -0.000535283703357, 0.000216615109821, 0.00225115357898, -0.00520762009546, -0.00450876960531, 0.0234642568976, -0.0096469828859, 0.00248258304782, 0.000671449757647], [-0.000150162217324, -0.00103219796438, -0.0019023574423, 0.00186163256876, 0.00238166213967, -2.41812758759e-005, -0.000154029592522, 0.00117473804858, -0.000422594399424, -0.0096469828859, 0.0210770107806, -0.00626482535154, -0.000707471102942], [-0.00050413858844, -0.00188923173118, 0.000987154431641, -0.00194765091874, -0.000465839810204, 0.000276706996374, -0.00190758437384, 0.000566070142668, -0.00222218804993, 0.00248258304782, -0.00626482535154, 0.0206747427583, -0.00655640661716], [0.000274562014965, 0.00157116050832, -0.00118259014562, 6.47682609269e-005, -0.000547131116036, -3.91164212488e-005, 0.0010944447713, -0.00162884208839, 0.00162230129354, 0.000671449757647, -0.000707471102942, -0.00655640661716, 0.0184756331146]]
    },
    "spectral_contrast_coeffs": {
        "mean": [-0.480110645294, -0.593716740608, -0.729018092155, -0.713839828968, -0.736128330231, -0.751848399639],
        "var": [0.00538578024134, 0.00482110027224, 0.00269275670871, 0.00237139360979, 0.0020328911487, 0.00276923226193]
    },
    "spectral_contrast_valleys": {
        "mean": [-7.62340259552, -7.70624351501, -8.04191398621, -8.43391227722, -8.8814496994, -11.1831655502],
        "var": [1.00544917583, 0.863643348217, 0.828645646572, 0.89969933033, 0.968261778355, 2.15450358391]
    }
},
"metadata": {
    "audio_properties": {
        "analysis_sample_rate": 44100,
        "bit_rate": 114968,
        "equal_loudness": 0,
        "length": 45.0873451233,
        "lossless": 0,
        "replay_gain": -6.87517547607,
        "sample_rate": 44100,
        "codec": "mp3",
        "downmix": "mix",
        "md5_encoded": "6908db9ed62eddc9a08022c0714348dd"
    },
    "tags": {
        "file_name": "598.mp3"
    },
    "version": {
        "essentia": "2.1-beta2",
        "essentia_git_sha": "v2.1_beta2",
        "extractor": "music 1.0"
    }
},
"rhythm": {
    "beats_count": 77,
    "beats_loudness": {
        "mean": 0.0357978492975,
        "var": 0.000675237097312
    },
    "bpm": 94.0132141113,
    "bpm_histogram_first_peak_bpm": {
        "mean": 94,
        "var": 0
    },
    "bpm_histogram_first_peak_spread": {
        "mean": 0.382978737354,
        "var": 0
    },
    "bpm_histogram_first_peak_weight": {
        "mean": 0.381578952074,
        "var": 0
    },
    "bpm_histogram_second_peak_bpm": {
        "mean": 123,
        "var": 0
    },
    "bpm_histogram_second_peak_spread": {
        "mean": 0.409090906382,
        "var": 0
    },
    "bpm_histogram_second_peak_weight": {
        "mean": 0.171052634716,
        "var": 0
    },
    "danceability": 1.32089877129,
    "onset_rate": 4.07939195633,
    "beats_loudness_band_ratio": {
        "mean": [0.600985467434, 0.49420556426, 0.130720108747, 0.0563524961472, 0.0249458346516, 0.0195770394057],
        "var": [0.0240114815533, 0.0219355132431, 0.00836170185357, 0.00125466508325, 0.000335661025019, 0.00096132006729]
    },
    "beats_position": [0.452789098024, 0.9287981987, 1.40480720997, 1.88081634045, 2.35682535172, 2.83283448219, 3.29723358154, 3.78485250473, 4.2492518425, 4.73687076569, 5.22448968887, 5.70049858093, 6.17650794983, 6.66412687302, 7.1517457962, 7.63936471939, 8.12698364258, 8.6146030426, 9.10222244263, 9.58984088898, 10.0542402267, 10.5186395645, 11.0062580109, 11.5287075043, 12.0743761063, 12.5852155685, 13.0728340149, 13.5604534149, 14.0364627838, 14.512471199, 15.15102005, 15.7779588699, 16.4165077209, 17.0550556183, 17.693605423, 18.3321533203, 18.970703125, 19.6092510223, 20.247800827, 20.8979587555, 21.548116684, 22.1866664886, 22.825214386, 23.4521541595, 24.0790920258, 24.7176418304, 25.3561897278, 25.9947395325, 26.6332874298, 27.2718353271, 27.9103851318, 28.5489330292, 29.1874828339, 29.8376407623, 30.4878005981, 31.1263484955, 31.753288269, 32.4034461975, 33.0419960022, 33.6689338684, 34.2958717346, 34.9228096008, 35.5497512817, 36.1882972717, 36.8500671387, 37.4886169434, 38.1271629333, 38.765712738, 39.4042625427, 40.0428123474, 40.6813583374, 41.3199081421, 41.9700660706, 42.6202278137, 43.2587738037, 43.8857116699, 44.5126533508]
},
"tonal": {
    "chords_changes_rate": 0.0144032919779,
    "chords_number_rate": 0.00205761310644,
    "chords_strength": {
        "mean": 0.578896045685,
        "var": 0.00094131147489
    },
    "hpcp_entropy": {
        "mean": 1.60452675819,
        "var": 0.258643835783
    },
    "key_strength": 0.643536269665,
    "tuning_diatonic_strength": 0.613965451717,
    "tuning_equal_tempered_deviation": 0.109424598515,
    "tuning_frequency": 449.504882813,
    "tuning_nontempered_energy_ratio": 0.692330181599,
    "hpcp": {
        "mean": [0.0401038639247, 0.0273663438857, 0.0350494123995, 0.0357341319323, 0.0201284214854, 0.0227092597634, 0.0237937252969, 0.021597051993, 0.0347766205668, 0.0297210775316, 0.0104032987729, 0.00578924268484, 0.00557741429657, 0.0181972701102, 0.161571025848, 0.250498920679, 0.117985509336, 0.0178884249181, 0.0106118880212, 0.018813489005, 0.0234895944595, 0.0196092203259, 0.023799341172, 0.0280500967056, 0.0266092792153, 0.0255929399282, 0.0344314984977, 0.0451104566455, 0.152532503009, 0.665515184402, 0.893405854702, 0.388463675976, 0.0401279963553, 0.0186899900436, 0.0243762526661, 0.0394269265234],
        "var": [0.0171690043062, 0.00677756266668, 0.0117424894124, 0.012399350293, 0.0029231174849, 0.00261284434237, 0.00548361241817, 0.00439489632845, 0.0108124604449, 0.00889666192234, 0.00106167164631, 0.000527407799382, 0.000891030300409, 0.00154007272795, 0.0249411799014, 0.0519086681306, 0.0175624694675, 0.00516180926934, 0.00309501122683, 0.00766205275431, 0.00905242282897, 0.00436588469893, 0.00890916865319, 0.0115249725059, 0.0131704444066, 0.015384202823, 0.00753549393266, 0.00961811188608, 0.0397075675428, 0.0582081004977, 0.047669865191, 0.0436188466847, 0.0120533267036, 0.00671308860183, 0.00888191536069, 0.0184892378747]
    },
    "chords_histogram": [79.8353881836, 0, 0, 0, 0, 0, 0, 0, 0, 0, 0, 0, 0, 0, 0, 0, 0, 19.9588470459, 0, 0, 0, 0, 0.205761313438, 0],
    "thpcp": [1, 0.434812098742, 0.044915754348, 0.0209199320525, 0.0272846352309, 0.0441310368478, 0.0448887422681, 0.0306314807385, 0.0392312332988, 0.0399976484478, 0.0225299857557, 0.0254187490791, 0.0266326051205, 0.024173842743, 0.0389258936048, 0.0332671627402, 0.011644538492, 0.00647996971384, 0.00624286755919, 0.0203684251755, 0.180848404765, 0.280386477709, 0.132062613964, 0.0200227312744, 0.0118780145422, 0.0210581663996, 0.0262921880931, 0.0219488386065, 0.0266388915479, 0.0313968136907, 0.0297840889543, 0.0286464877427, 0.0385395921767, 0.0504926815629, 0.17073148489, 0.744919240475],
    "chords_key": "G",
    "chords_scale": "major",
    "key_key": "G",
    "key_scale": "major"
}
}