{
"lowlevel": {
    "average_loudness": 0.971012115479,
    "barkbands_crest": {
        "mean": 10.2845487595,
        "var": 15.1323213577
    },
    "barkbands_flatness_db": {
        "mean": 0.16598893702,
        "var": 0.00152925075963
    },
    "barkbands_kurtosis": {
        "mean": 4.26279163361,
        "var": 29.3239822388
    },
    "barkbands_skewness": {
        "mean": 1.78014838696,
        "var": 0.866364479065
    },
    "barkbands_spread": {
        "mean": 14.6749649048,
        "var": 34.4858283997
    },
    "dissonance": {
        "mean": 0.466299831867,
        "var": 0.000335921009537
    },
    "dynamic_complexity": 1.44449675083,
    "erbbands_crest": {
        "mean": 8.31433010101,
        "var": 11.3437824249
    },
    "erbbands_flatness_db": {
        "mean": 0.1775457412,
        "var": 0.000764794705901
    },
    "erbbands_kurtosis": {
        "mean": -0.342482209206,
        "var": 0.528776705265
    },
    "erbbands_skewness": {
        "mean": 0.205446556211,
        "var": 0.165039017797
    },
    "erbbands_spread": {
        "mean": 35.2346992493,
        "var": 93.3333969116
    },
    "hfc": {
        "mean": 16.7927131653,
        "var": 76.1973571777
    },
    "melbands_crest": {
        "mean": 13.3833580017,
        "var": 17.3505172729
    },
    "melbands_flatness_db": {
        "mean": 0.229945555329,
        "var": 0.00281532527879
    },
    "melbands_kurtosis": {
        "mean": 11.8098621368,
        "var": 144.245895386
    },
    "melbands_skewness": {
        "mean": 2.72389030457,
        "var": 1.46951496601
    },
    "melbands_spread": {
        "mean": 16.1699314117,
        "var": 101.57988739
    },
    "pitch_salience": {
        "mean": 0.566257476807,
        "var": 0.00933469552547
    },
    "silence_rate_20dB": {
        "mean": 1,
        "var": 0
    },
    "silence_rate_30dB": {
        "mean": 0.948533177376,
        "var": 0.0488172695041
    },
    "silence_rate_60dB": {
        "mean": 0.00205867225304,
        "var": 0.00205448735505
    },
    "spectral_centroid": {
        "mean": 935.778198242,
        "var": 243817.5
    },
    "spectral_complexity": {
        "mean": 20.3005657196,
        "var": 22.5756034851
    },
    "spectral_decrease": {
        "mean": -1.02354285048e-008,
        "var": 7.48466171637e-017
    },
    "spectral_energy": {
        "mean": 0.0401539616287,
        "var": 0.0011018186342
    },
    "spectral_energyband_high": {
        "mean": 0.000252094003372,
        "var": 7.79614950375e-008
    },
    "spectral_energyband_low": {
        "mean": 0.0156889613718,
        "var": 0.000627940113191
    },
    "spectral_energyband_middle_high": {
        "mean": 0.00542627414688,
        "var": 9.30263286136e-006
    },
    "spectral_energyband_middle_low": {
        "mean": 0.0214801244438,
        "var": 0.000327919289703
    },
    "spectral_entropy": {
        "mean": 7.22651767731,
        "var": 0.0800991430879
    },
    "spectral_flux": {
        "mean": 0.100766949356,
        "var": 0.00308590987697
    },
    "spectral_kurtosis": {
        "mean": 5.92464113235,
        "var": 8.9226436615
    },
    "spectral_rms": {
        "mean": 0.00586396409199,
        "var": 4.78846959595e-006
    },
    "spectral_rolloff": {
        "mean": 931.858215332,
        "var": 945010.0625
    },
    "spectral_skewness": {
        "mean": 1.69016504288,
        "var": 0.131919890642
    },
    "spectral_spread": {
        "mean": 3309706.5,
        "var": 1.87144169062e+012
    },
    "spectral_strongpeak": {
        "mean": 0.780751168728,
        "var": 0.468547254801
    },
    "zerocrossingrate": {
        "mean": 0.0394628271461,
        "var": 0.000625215412583
    },
    "barkbands": {
        "mean": [3.07634363708e-005, 0.00978865008801, 0.00323383649811, 0.00515669677407, 0.00945195369422, 0.00396617921069, 0.00138276186772, 0.000926881213672, 0.000490495585836, 0.000715249683708, 0.000490632548463, 0.00146731676068, 0.000983999227174, 0.000336724944646, 0.000218203873374, 0.000350444403011, 0.000452500709798, 0.000141408774653, 0.000128940344439, 0.00024485992617, 9.17121578823e-005, 4.87056386191e-005, 2.79112064163e-005, 1.73900716618e-005, 6.93514130035e-006, 2.66809183813e-006, 1.95861645125e-007],
        "var": [4.31205959828e-009, 0.0004478834162, 2.86877766484e-005, 8.50343349157e-005, 9.78888565442e-005, 1.95706616068e-005, 2.80589301838e-006, 1.76659295903e-006, 9.95475716081e-007, 7.53498397899e-007, 5.60581838727e-007, 2.18257582674e-006, 1.13046303341e-006, 1.28011720335e-007, 5.91561963859e-008, 1.08174830871e-007, 4.7463061037e-007, 2.30780603516e-008, 1.68196923056e-008, 2.39394665869e-007, 1.1844816683e-008, 5.02389996271e-009, 3.08237546598e-009, 8.57836690571e-010, 1.23708293609e-010, 2.87573263813e-011, 6.62691310247e-013]
    },
    "erbbands": {
        "mean": [0.20533695817, 2.45173168182, 3.98287081718, 11.8124246597, 22.9457206726, 33.1935424805, 39.4761657715, 28.4866943359, 24.1097888947, 14.5339994431, 20.6657466888, 14.0772247314, 10.4503173828, 25.883687973, 38.5058937073, 61.2308769226, 47.2957611084, 26.5538272858, 10.1872749329, 16.39402771, 22.7839736938, 18.1617774963, 10.4304838181, 7.64783334732, 9.96067237854, 9.16422176361, 4.93041181564, 2.58082485199, 1.79670727253, 1.05524718761, 0.796239256859, 0.472126424313, 0.254460901022, 0.0865736976266, 0.0477550178766, 0.0145195163786, 0.00481989514083, 0.000945079431403, 4.19541902374e-005, 4.6078410378e-005],
        "var": [0.193867728114, 27.7954025269, 39.1398468018, 347.750823975, 1190.8963623, 1585.22314453, 1601.42175293, 1689.17956543, 784.965576172, 529.210876465, 710.333190918, 506.955596924, 226.15473938, 964.272460938, 1711.21557617, 4908.24560547, 2836.4074707, 676.48828125, 107.312919617, 242.811920166, 559.426025391, 526.479431152, 112.195861816, 65.9334259033, 222.80368042, 256.735778809, 35.5216522217, 11.4918441772, 8.19671440125, 2.30852413177, 3.6016356945, 0.649063110352, 0.227444514632, 0.0178072843701, 0.00860063079745, 0.000740776478779, 0.000113313071779, 6.39127119939e-006, 6.47189679626e-009, 1.33243138745e-009]
    },
    "gfcc": {
        "mean": [0.578778982162, 131.021621704, -131.962722778, 33.3291702271, -51.5598869324, 7.06515407562, -37.7131843567, -9.7025346756, -31.8466892242, -6.74405860901, -7.99559640884, -0.881489813328, -7.32095766068],
        "cov": [[3432.25610352, 28.7798461914, -67.2834472656, 209.283874512, -125.364372253, 66.3066101074, -94.2417068481, 22.9012641907, -112.004806519, 48.5566673279, -74.2918395996, 43.522480011, -60.72996521], [28.7798461914, 810.620361328, 57.4525947571, 156.900604248, 263.79598999, 19.6402645111, 158.651046753, 33.9641838074, 167.094573975, -81.0341110229, 150.682540894, -49.2625236511, 136.149459839], [-67.2834472656, 57.4525947571, 417.8855896, 165.52935791, 147.988082886, 127.573318481, 79.7256088257, 80.1042404175, 51.1798667908, 21.6874713898, 18.9102516174, 43.0509757996, 3.73519086838], [209.283874512, 156.900604248, 165.52935791, 249.326187134, 135.186889648, 94.0986404419, 91.5431213379, 52.2237091064, 57.2264976501, -11.7641592026, 54.1141242981, 7.22137784958, 38.9671440125], [-125.364372253, 263.79598999, 147.988082886, 135.186889648, 242.118453979, 77.6265869141, 116.14655304, 66.9657363892, 82.0995483398, -8.10177612305, 57.4002342224, 3.78871631622, 48.27917099], [66.3066101074, 19.6402645111, 127.573318481, 94.0986404419, 77.6265869141, 153.869430542, 66.1920623779, 54.9763908386, 35.9465637207, 12.2683525085, 15.1944074631, 15.3188943863, 3.74522852898], [-94.2417068481, 158.651046753, 79.7256088257, 91.5431213379, 116.14655304, 66.1920623779, 133.805175781, 64.1411437988, 58.587146759, 1.46290957928, 40.7043991089, -3.45018696785, 34.9140777588], [22.9012641907, 33.9641838074, 80.1042404175, 52.2237091064, 66.9657363892, 54.9763908386, 64.1411437988, 116.675033569, 50.9168357849, 21.2025222778, 15.6628446579, 13.4461593628, 9.82156944275], [-112.004806519, 167.094573975, 51.1798667908, 57.2264976501, 82.0995483398, 35.9465637207, 58.587146759, 50.9168357849, 112.811424255, 11.4756641388, 42.9151916504, 1.0182993412, 33.1654853821], [48.5566673279, -81.0341110229, 21.6874713898, -11.7641592026, -8.10177612305, 12.2683525085, 1.46290957928, 21.2025222778, 11.4756641388, 78.1523895264, 7.57516670227, 17.8145198822, -13.7631988525], [-74.2918395996, 150.682540894, 18.9102516174, 54.1141242981, 57.4002342224, 15.1944074631, 40.7043991089, 15.6628446579, 42.9151916504, 7.57516670227, 97.8761291504, 13.9355392456, 36.2580413818], [43.522480011, -49.2625236511, 43.0509757996, 7.22137784958, 3.78871631622, 15.3188943863, -3.45018696785, 13.4461593628, 1.0182993412, 17.8145198822, 13.9355392456, 73.360496521, 13.8494443893], [-60.72996521, 136.149459839, 3.73519086838, 38.9671440125, 48.27917099, 3.74522852898, 34.9140777588, 9.82156944275, 33.1654853821, -13.7631988525, 36.2580413818, 13.8494443893, 89.7187347412]],
        "icov": [[0.000650737143587, -0.00132327002939, 0.000666363921482, -0.00161938776728, 0.00100139458664, -0.000648560351692, 0.00112332985736, -0.000955880212132, 0.00172134535387, -0.00173330795951, 0.0017360082129, -0.00129261182155, 0.000875613885], [-0.00132327002939, 0.0073948064819, -0.00154874182772, 0.00379448733293, -0.00475186668336, 0.00268377317116, -0.00357622257434, 0.00343325524591, -0.00728746410459, 0.00746394321322, -0.00749777723104, 0.00568876927719, -0.00424930965528], [0.000666363921482, -0.00154874182772, 0.00515377428383, -0.00360628240742, -0.000629134476185, -0.00220330990851, 0.00167018664069, -0.00167614966631, 0.00190614361782, -0.00264978595078, 0.00322189065628, -0.00364949647337, 0.00226726941764], [-0.00161938776728, 0.00379448733293, -0.00360628240742, 0.0119723659009, -0.00395467225462, -0.000373427290469, -0.00416066125035, 0.0026474930346, -0.00465374300256, 0.00645692553371, -0.00710182869807, 0.00456465780735, -0.0035548817832], [0.00100139458664, -0.00475186668336, -0.000629134476185, -0.00395467225462, 0.0126318922266, -0.0018588390667, -0.00199434347451, -0.00262407585979, 0.00250214338303, -0.00334245129488, 0.00352656724863, -0.00309700146317, 0.00159137719311], [-0.000648560351692, 0.00268377317116, -0.00220330990851, -0.000373427290469, -0.0018588390667, 0.0120304627344, -0.00453130854294, 3.71269961761e-005, -0.00315207685344, 0.00223988504149, -0.00183447171003, 0.000702249759343, 0.000141383905429], [0.00112332985736, -0.00357622257434, 0.00167018664069, -0.00416066125035, -0.00199434347451, -0.00453130854294, 0.0197747927159, -0.00700341910124, 0.00333999097347, -0.00433132750914, 0.00213514827192, 0.000328864174662, -0.000554210913833], [-0.000955880212132, 0.00343325524591, -0.00167614966631, 0.0026474930346, -0.00262407585979, 3.71269961761e-005, -0.00700341910124, 0.0163983516395, -0.00766781764105, 0.00141298572998, -0.00183660117909, 0.000671695335768, -0.000906592758838], [0.00172134535387, -0.00728746410459, 0.00190614361782, -0.00465374300256, 0.00250214338303, -0.00315207685344, 0.00333999097347, -0.00766781764105, 0.022740136832, -0.00980981439352, 0.00437713926658, -0.00350398942828, 0.00135162018705], [-0.00173330795951, 0.00746394321322, -0.00264978595078, 0.00645692553371, -0.00334245129488, 0.00223988504149, -0.00433132750914, 0.00141298572998, -0.00980981439352, 0.0239946190268, -0.0102719953284, 0.00263383146375, -0.000906190602109], [0.0017360082129, -0.00749777723104, 0.00322189065628, -0.00710182869807, 0.00352656724863, -0.00183447171003, 0.00213514827192, -0.00183660117909, 0.00437713926658, -0.0102719953284, 0.0235131140798, -0.00898031517863, 0.00174255040474], [-0.00129261182155, 0.00568876927719, -0.00364949647337, 0.00456465780735, -0.00309700146317, 0.000702249759343, 0.000328864174662, 0.000671695335768, -0.00350398942828, 0.00263383146375, -0.00898031517863, 0.0224489457905, -0.00803942605853], [0.000875613885, -0.00424930965528, 0.00226726941764, -0.0035548817832, 0.00159137719311, 0.000141383905429, -0.000554210913833, -0.000906592758838, 0.00135162018705, -0.000906190602109, 0.00174255040474, -0.00803942605853, 0.0189874172211]]
    },
    "melbands": {
        "mean": [0.00242639426142, 0.00259252684191, 0.00232854834758, 0.00206999084912, 0.0013977480121, 0.000644254032522, 0.000349605717929, 0.000158179856953, 0.00016029040853, 7.82877395977e-005, 5.08510493091e-005, 0.000105934363091, 9.35628631851e-005, 0.000184728793101, 0.000112153407827, 8.96765850484e-005, 4.38780407421e-005, 1.44114837894e-005, 1.60946310643e-005, 2.64603204414e-005, 2.84522557195e-005, 2.12260601984e-005, 1.39240273711e-005, 6.80577022649e-006, 6.06182629781e-006, 4.446470939e-006, 1.21363427752e-005, 4.30356249126e-006, 3.31008777721e-006, 2.27934992836e-006, 1.27550651996e-006, 1.09586790131e-006, 7.5079464068e-007, 5.06640787989e-007, 4.4659282139e-007, 4.2787345933e-007, 2.29183669376e-007, 1.93074740196e-007, 1.08160222112e-007, 6.23789375709e-008],
        "var": [2.76778664556e-005, 2.01210077648e-005, 1.32566465254e-005, 5.83079918215e-006, 1.81591440196e-006, 7.34700620342e-007, 1.67532377304e-007, 7.10101417667e-008, 4.57593039016e-008, 1.94905158679e-008, 5.60808643968e-009, 1.87504838323e-008, 1.20445333707e-008, 2.78408780474e-008, 1.39647626796e-008, 7.96809196402e-009, 2.15260809178e-009, 2.59369414835e-010, 4.02615746298e-010, 6.44740705269e-010, 1.37601341432e-009, 1.07569664287e-009, 4.21527118766e-010, 6.1444634103e-011, 5.1719489802e-011, 2.35139459986e-011, 7.77321318424e-010, 3.86419125864e-011, 1.64357225746e-011, 1.00815614537e-011, 3.96218127752e-012, 3.60602997115e-012, 1.36962240594e-012, 6.12644104284e-013, 1.09729239584e-012, 8.81433326935e-013, 1.60657348969e-013, 1.46384017104e-013, 4.14802537479e-014, 9.81192124078e-015]
    },
    "mfcc": {
        "mean": [-635.08001709, 153.863708496, -15.5381746292, 27.7592105865, 2.41107439995, 12.3890218735, 2.48713302612, -0.914484083652, -12.8968524933, -10.2741756439, -13.0016784668, 5.49853658676, 1.7556707859],
        "cov": [[1355.35974121, -156.85786438, 96.1549835205, 84.8724822998, -10.1510124207, 36.3222503662, 1.77524495125, -14.7618732452, -3.47959494591, -0.191652283072, -7.56869983673, -14.9614610672, 16.995223999], [-156.85786438, 632.606994629, -35.3731880188, 143.687072754, 126.086654663, 38.3439483643, 65.8201065063, 91.8460159302, 55.8452568054, 38.6627426147, 31.6747646332, 43.1667480469, 16.5242595673], [96.1549835205, -35.3731880188, 282.769897461, 70.4990005493, 87.8067855835, 73.0710906982, 48.8790283203, 69.5836715698, 30.5277614594, 25.4509544373, 30.1819477081, 7.25365018845, 18.9361686707], [84.8724822998, 143.687072754, 70.4990005493, 203.711547852, 100.147094727, 54.9746360779, 68.040763855, 74.3373031616, 38.9288825989, 29.3313083649, 18.1863231659, 20.498041153, 23.5995922089], [-10.1510124207, 126.086654663, 87.8067855835, 100.147094727, 159.151535034, 66.7754211426, 57.6824798584, 79.6492233276, 44.3328704834, 32.8573646545, 38.3661346436, 20.0932598114, 15.8994560242], [36.3222503662, 38.3439483643, 73.0710906982, 54.9746360779, 66.7754211426, 115.521621704, 53.1856155396, 45.918422699, 26.4312381744, 18.960269928, 25.4114742279, 11.2749729156, 7.87264347076], [1.77524495125, 65.8201065063, 48.8790283203, 68.040763855, 57.6824798584, 53.1856155396, 112.751464844, 64.3183822632, 31.2943172455, 34.5184707642, 19.7537689209, 18.3787345886, 18.3885784149], [-14.7618732452, 91.8460159302, 69.5836715698, 74.3373031616, 79.6492233276, 45.918422699, 64.3183822632, 130.364685059, 55.492515564, 27.0603408813, 28.2340965271, 18.2084636688, 15.3790979385], [-3.47959494591, 55.8452568054, 30.5277614594, 38.9288825989, 44.3328704834, 26.4312381744, 31.2943172455, 55.492515564, 99.9572067261, 40.1794700623, 20.2960968018, 5.98521232605, 11.2728862762], [-0.191652283072, 38.6627426147, 25.4509544373, 29.3313083649, 32.8573646545, 18.960269928, 34.5184707642, 27.0603408813, 40.1794700623, 86.0677185059, 25.6024589539, 4.66703939438, 11.9263057709], [-7.56869983673, 31.6747646332, 30.1819477081, 18.1863231659, 38.3661346436, 25.4114742279, 19.7537689209, 28.2340965271, 20.2960968018, 25.6024589539, 82.7533416748, 27.1871795654, 9.61311244965], [-14.9614610672, 43.1667480469, 7.25365018845, 20.498041153, 20.0932598114, 11.2749729156, 18.3787345886, 18.2084636688, 5.98521232605, 4.66703939438, 27.1871795654, 79.4673919678, 26.0277194977], [16.995223999, 16.5242595673, 18.9361686707, 23.5995922089, 15.8994560242, 7.87264347076, 18.3885784149, 15.3790979385, 11.2728862762, 11.9263057709, 9.61311244965, 26.0277194977, 68.7441253662]],
        "icov": [[0.000838005042169, 0.000247035903158, -0.000196891807718, -0.000679503951687, 0.000333606963977, -0.000252861354966, 0.000169976119651, 0.000232533740927, -3.58012548531e-005, 4.0534027903e-006, -1.17318750199e-005, 0.000137966300827, -0.000170166735188], [0.000247035903158, 0.00238750432618, 0.00107365462463, -0.00123373710085, -0.00130864372477, 0.000146776699694, 7.624159025e-006, -0.000590011943132, -0.000210020618397, -0.000235009487369, 6.16818288108e-005, -0.000650723231956, 0.000221599941142], [-0.000196891807718, 0.00107365462463, 0.00534204114228, -0.000541308952961, -0.00196117907763, -0.00167735782452, 0.000210459373193, -0.00163042603526, 0.000383718899684, -0.000328666414134, -0.000384641753044, 0.000426941289334, -0.000654709700029], [-0.000679503951687, -0.00123373710085, -0.000541308952961, 0.00902807712555, -0.00318325171247, -0.000262581539573, -0.00208315369673, -0.00108911795542, -3.07634763885e-005, -0.000137451876071, 0.00130398373585, -0.000283402914647, -0.000964614097029], [0.000333606963977, -0.00130864372477, -0.00196117907763, -0.00318325171247, 0.0139294667169, -0.00323969684541, 0.000273909361567, -0.00284608430229, -0.000528304721229, -0.000636320968624, -0.00234402832575, 0.000166220459505, 3.97748008254e-005], [-0.000252861354966, 0.000146776699694, -0.00167735782452, -0.000262581539573, -0.00323969684541, 0.01382394135, -0.00432021357119, 0.000512154889293, -0.000822832051199, 0.000986451050267, -0.00152576155961, 4.96089196531e-005, 0.000945000792854], [0.000169976119651, 7.624159025e-006, 0.000210459373193, -0.00208315369673, 0.000273909361567, -0.00432021357119, 0.0158590488136, -0.00494501553476, 0.00113287800923, -0.00388752412982, 0.000967105734162, -0.00121433928143, -0.00127799843904], [0.000232533740927, -0.000590011943132, -0.00163042603526, -0.00108911795542, -0.00284608430229, 0.000512154889293, -0.00494501553476, 0.0157631617039, -0.00536897685379, 0.00196312041953, -0.0011308764806, -0.000401393015636, 0.00015320222883], [-3.58012548531e-005, -0.000210020618397, 0.000383718899684, -3.07634763885e-005, -0.000528304721229, -0.000822832051199, 0.00113287800923, -0.00536897685379, 0.0153650501743, -0.00542453257367, -0.000261228036834, 0.00080048450036, -0.000766364450101], [4.0534027903e-006, -0.000235009487369, -0.000328666414134, -0.000137451876071, -0.000636320968624, 0.000986451050267, -0.00388752412982, 0.00196312041953, -0.00542453257367, 0.0165673922747, -0.00374716334045, 0.00181373069063, -0.00131931074429], [-1.17318750199e-005, 6.16818288108e-005, -0.000384641753044, 0.00130398373585, -0.00234402832575, -0.00152576155961, 0.000967105734162, -0.0011308764806, -0.000261228036834, -0.00374716334045, 0.0164435729384, -0.00510182091966, 0.000682654150296], [0.000137966300827, -0.000650723231956, 0.000426941289334, -0.000283402914647, 0.000166220459505, 4.96089196531e-005, -0.00121433928143, -0.000401393015636, 0.00080048450036, 0.00181373069063, -0.00510182091966, 0.0167322773486, -0.00559512991458], [-0.000170166735188, 0.000221599941142, -0.000654709700029, -0.000964614097029, 3.97748008254e-005, 0.000945000792854, -0.00127799843904, 0.00015320222883, -0.000766364450101, -0.00131931074429, 0.000682654150296, -0.00559512991458, 0.0176146626472]]
    },
    "spectral_contrast_coeffs": {
        "mean": [-0.573603212833, -0.695414483547, -0.731341063976, -0.751462697983, -0.749680161476, -0.710835576057],
        "var": [0.00847476534545, 0.00462574139237, 0.00247388379648, 0.00186255550943, 0.00146165036131, 0.00127947400324]
    },
    "spectral_contrast_valleys": {
        "mean": [-6.97269630432, -6.57188844681, -7.15481472015, -7.57457780838, -7.8156080246, -11.2043552399],
        "var": [1.49460172653, 0.795418083668, 0.733056724072, 0.719588041306, 0.718614161015, 0.721616864204]
    }
},
"metadata": {
    "audio_properties": {
        "analysis_sample_rate": 44100,
        "bit_rate": 108425,
        "equal_loudness": 0,
        "length": 45.0873451233,
        "lossless": 0,
        "replay_gain": -5.40750694275,
        "sample_rate": 44100,
        "codec": "mp3",
        "downmix": "mix",
        "md5_encoded": "1b39deedbe8a001444e005a2495ea113"
    },
    "tags": {
        "file_name": "60.mp3"
    },
    "version": {
        "essentia": "2.1-beta2",
        "essentia_git_sha": "v2.1_beta2",
        "extractor": "music 1.0"
    }
},
"rhythm": {
    "beats_count": 73,
    "beats_loudness": {
        "mean": 0.0607228428125,
        "var": 0.000959281635005
    },
    "bpm": 97.892906189,
    "bpm_histogram_first_peak_bpm": {
        "mean": 98,
        "var": 0
    },
    "bpm_histogram_first_peak_spread": {
        "mean": 0.25,
        "var": 0
    },
    "bpm_histogram_first_peak_weight": {
        "mean": 0.75,
        "var": 0
    },
    "bpm_histogram_second_peak_bpm": {
        "mean": 0,
        "var": 0
    },
    "bpm_histogram_second_peak_spread": {
        "mean": 0,
        "var": 0
    },
    "bpm_histogram_second_peak_weight": {
        "mean": 0,
        "var": 0
    },
    "danceability": 1.54089617729,
    "onset_rate": 4.47846269608,
    "beats_loudness_band_ratio": {
        "mean": [0.502188205719, 0.307338953018, 0.0768918842077, 0.124468646944, 0.0380608551204, 0.020182473585],
        "var": [0.0597990117967, 0.0301981624216, 0.00357688218355, 0.0119777563959, 0.000776680593845, 0.000634865020402]
    },
    "beats_position": [0.626938760281, 1.26548755169, 1.89242625237, 2.51936507225, 3.14630389214, 3.76163268089, 4.38857126236, 5.01551008224, 5.64244890213, 6.25777769089, 6.87310647964, 7.50004529953, 8.11537361145, 8.73070240021, 9.34603118896, 9.96135997772, 10.5882987976, 11.2036275864, 11.8189563751, 12.445895195, 13.0728340149, 13.6881628036, 14.2918815613, 14.90721035, 15.5225391388, 16.1378688812, 16.7531967163, 17.3685264587, 17.9838542938, 18.5991840363, 19.2029018402, 19.8182315826, 20.4219493866, 21.037279129, 21.6642169952, 22.2795467377, 22.8948745728, 23.4985942841, 24.102312088, 24.7060317993, 25.3329696655, 25.9599094391, 26.5752372742, 27.1905670166, 27.8175048828, 28.4328346252, 29.0481624603, 29.6518821716, 30.2672100067, 30.870929718, 31.474647522, 32.0899772644, 32.6936950684, 33.2974128723, 33.901134491, 34.5048522949, 35.1085700989, 35.7122879028, 36.3160095215, 36.9313354492, 37.5466651917, 38.1503829956, 38.7424926758, 39.334602356, 39.9499320984, 40.5420417786, 41.1457595825, 41.7494773865, 42.3531951904, 42.9569168091, 43.560634613, 44.164352417, 44.7680702209]
},
"tonal": {
    "chords_changes_rate": 0.0329218097031,
    "chords_number_rate": 0.00823045242578,
    "chords_strength": {
        "mean": 0.475464373827,
        "var": 0.0119304805994
    },
    "hpcp_entropy": {
        "mean": 1.9701038599,
        "var": 0.458581537008
    },
    "key_strength": 0.702052116394,
    "tuning_diatonic_strength": 0.506600558758,
    "tuning_equal_tempered_deviation": 0.0201653894037,
    "tuning_frequency": 441.782684326,
    "tuning_nontempered_energy_ratio": 0.647836923599,
    "hpcp": {
        "mean": [0.279637157917, 0.199877545238, 0.0942349880934, 0.102111041546, 0.103468820453, 0.0878471285105, 0.0999520272017, 0.121220849454, 0.180132895708, 0.201122045517, 0.145241364837, 0.158858403563, 0.193865448236, 0.1826287359, 0.344190746546, 0.463790774345, 0.263496607542, 0.0798781365156, 0.0522282682359, 0.0694130882621, 0.136024236679, 0.189629152417, 0.136644095182, 0.123501889408, 0.160509139299, 0.110934972763, 0.0868250653148, 0.0901406854391, 0.080138117075, 0.140568852425, 0.194020912051, 0.125484615564, 0.0452505238354, 0.0304057467729, 0.0622778683901, 0.180724427104],
        "var": [0.0804175436497, 0.0634206458926, 0.0285792704672, 0.0415612868965, 0.0418064445257, 0.0268597919494, 0.035753197968, 0.038374658674, 0.068197272718, 0.0833314061165, 0.0567704327404, 0.0459052436054, 0.0687422826886, 0.0601354874671, 0.0924045443535, 0.135470271111, 0.0641210824251, 0.0284595284611, 0.0206756331027, 0.0329062752426, 0.0467038042843, 0.0621100701392, 0.0426243320107, 0.0436224676669, 0.0813379064202, 0.041565682739, 0.0229875799268, 0.027370152995, 0.0243502985686, 0.0506489127874, 0.100646562874, 0.0534580014646, 0.0106714805588, 0.00629615178332, 0.0152660943568, 0.0477992072701]
    },
    "chords_histogram": [51.851852417, 1.33744859695, 1.95473253727, 2.26337456703, 0, 12.8600826263, 0, 11.4197530746, 0, 14.1975307465, 0, 0, 0, 0, 0, 0, 0, 0, 0, 0, 0, 0, 0.617283940315, 3.49794244766],
    "thpcp": [1, 0.568136811256, 0.172228813171, 0.112611703575, 0.149664655328, 0.293287932873, 0.408867895603, 0.294624447823, 0.266287952662, 0.346080929041, 0.239191845059, 0.187207400799, 0.194356352091, 0.172789379954, 0.303086787462, 0.418337166309, 0.270562976599, 0.0975666716695, 0.0655591860414, 0.134280100465, 0.389668017626, 0.602938175201, 0.430964887142, 0.203184261918, 0.220166176558, 0.223093748093, 0.189411118627, 0.215511023998, 0.261369675398, 0.388392567635, 0.433648228645, 0.313161402941, 0.342521697283, 0.418001949787, 0.393773972988, 0.742125034332],
    "chords_key": "D",
    "chords_scale": "minor",
    "key_key": "D",
    "key_scale": "minor"
}
}