{
"lowlevel": {
    "average_loudness": 0.904114067554,
    "barkbands_crest": {
        "mean": 12.7937383652,
        "var": 26.285446167
    },
    "barkbands_flatness_db": {
        "mean": 0.217846468091,
        "var": 0.00486975256354
    },
    "barkbands_kurtosis": {
        "mean": 5.51562547684,
        "var": 151.665893555
    },
    "barkbands_skewness": {
        "mean": 1.38911890984,
        "var": 2.29274940491
    },
    "barkbands_spread": {
        "mean": 13.6820650101,
        "var": 107.994544983
    },
    "dissonance": {
        "mean": 0.430976241827,
        "var": 0.00240393914282
    },
    "dynamic_complexity": 3.92723441124,
    "erbbands_crest": {
        "mean": 13.9438753128,
        "var": 50.6377029419
    },
    "erbbands_flatness_db": {
        "mean": 0.249470487237,
        "var": 0.00399970263243
    },
    "erbbands_kurtosis": {
        "mean": 2.97616648674,
        "var": 97.7919998169
    },
    "erbbands_skewness": {
        "mean": 0.499852061272,
        "var": 1.64285683632
    },
    "erbbands_spread": {
        "mean": 24.9625663757,
        "var": 227.823043823
    },
    "hfc": {
        "mean": 15.3799419403,
        "var": 522.384765625
    },
    "melbands_crest": {
        "mean": 15.8523683548,
        "var": 39.80103302
    },
    "melbands_flatness_db": {
        "mean": 0.276225686073,
        "var": 0.00771091738716
    },
    "melbands_kurtosis": {
        "mean": 10.2956418991,
        "var": 399.083679199
    },
    "melbands_skewness": {
        "mean": 1.8941116333,
        "var": 3.09956240654
    },
    "melbands_spread": {
        "mean": 18.2732448578,
        "var": 199.761489868
    },
    "pitch_salience": {
        "mean": 0.455140858889,
        "var": 0.0151802320033
    },
    "silence_rate_20dB": {
        "mean": 0.999485075474,
        "var": 0.000514648621902
    },
    "silence_rate_30dB": {
        "mean": 0.950051486492,
        "var": 0.0474536009133
    },
    "silence_rate_60dB": {
        "mean": 0.110710605979,
        "var": 0.0984533950686
    },
    "spectral_centroid": {
        "mean": 1013.79211426,
        "var": 293983.03125
    },
    "spectral_complexity": {
        "mean": 11.7528324127,
        "var": 17.1088161469
    },
    "spectral_decrease": {
        "mean": -6.33661256799e-009,
        "var": 1.69601658492e-016
    },
    "spectral_energy": {
        "mean": 0.0253108423203,
        "var": 0.00250607333146
    },
    "spectral_energyband_high": {
        "mean": 0.000264854345005,
        "var": 1.02599449292e-006
    },
    "spectral_energyband_low": {
        "mean": 0.0103793563321,
        "var": 0.0020013959147
    },
    "spectral_energyband_middle_high": {
        "mean": 0.00602912716568,
        "var": 0.000180902323336
    },
    "spectral_energyband_middle_low": {
        "mean": 0.00907552335411,
        "var": 0.000149971179781
    },
    "spectral_entropy": {
        "mean": 6.72347640991,
        "var": 0.266221523285
    },
    "spectral_flux": {
        "mean": 0.0527590066195,
        "var": 0.00428671110421
    },
    "spectral_kurtosis": {
        "mean": 14.3326749802,
        "var": 151.461715698
    },
    "spectral_rms": {
        "mean": 0.00402993755415,
        "var": 8.45313388709e-006
    },
    "spectral_rolloff": {
        "mean": 1356.4630127,
        "var": 2728221.75
    },
    "spectral_skewness": {
        "mean": 2.44118046761,
        "var": 0.933384776115
    },
    "spectral_spread": {
        "mean": 3143001,
        "var": 4.98119580058e+012
    },
    "spectral_strongpeak": {
        "mean": 1.72248291969,
        "var": 5.21766042709
    },
    "zerocrossingrate": {
        "mean": 0.0498509518802,
        "var": 0.00147583370563
    },
    "barkbands": {
        "mean": [0.000272618664894, 0.00912158936262, 0.000843524583615, 0.000452349835541, 0.00228884024546, 0.00111819209997, 0.000310025643557, 0.0027448288165, 0.0016047724057, 0.00184149667621, 0.000822424248327, 0.00100323010702, 0.0004950123257, 0.000430404092185, 0.000770998420194, 0.000418555369833, 0.000282756431261, 0.000137852141052, 6.31341827102e-005, 3.90608947782e-005, 3.22215310007e-005, 2.71122080449e-005, 5.48423959117e-005, 4.08228443121e-005, 3.5647291952e-005, 5.62082277611e-005, 2.33791865867e-006],
        "var": [1.83191934866e-006, 0.00165594555438, 1.60308172781e-005, 1.31767649236e-006, 7.74979980633e-006, 2.58049590229e-006, 2.03816696853e-007, 7.45727593312e-005, 1.87886525964e-005, 2.72965298791e-005, 2.76438986475e-005, 4.82231116621e-005, 1.45383473864e-005, 2.36421128648e-005, 1.8373826606e-005, 2.59666762759e-006, 5.5140975519e-007, 2.72933704082e-007, 4.36473897025e-008, 1.35903608367e-008, 8.16487322197e-009, 1.058876542e-008, 7.2502601256e-008, 3.35626140213e-008, 2.55085907952e-008, 8.95786627098e-008, 3.97384791739e-010]
    },
    "erbbands": {
        "mean": [0.293102651834, 1.92913138866, 1.38842880726, 1.23250615597, 3.31592082977, 10.2004957199, 9.12215232849, 8.8249912262, 3.84021282196, 11.836520195, 82.1180877686, 37.1735649109, 47.8203811646, 48.9337234497, 33.0459098816, 43.8774032593, 25.1245269775, 25.8435497284, 20.8970375061, 43.5391197205, 24.0525455475, 16.7744579315, 9.30258846283, 4.14125967026, 3.18002986908, 1.85603868961, 1.38731539249, 1.17950737476, 1.13395416737, 1.0294560194, 1.7913479805, 1.40491700172, 0.274464637041, 0.170929759741, 0.362245768309, 0.433734387159, 0.0472417473793, 0.00705957226455, 0.000284723733785, 3.69510125893e-005],
        "var": [1.51504790783, 78.9967880249, 49.2047691345, 12.3236818314, 44.00207901, 176.574417114, 150.38381958, 191.442626953, 23.3928260803, 372.507446289, 64237.671875, 7623.88037109, 24621.1835938, 33905.1953125, 29534.0664063, 110298.40625, 24983.7050781, 86300.890625, 10401.5800781, 76689.8671875, 2017.29467773, 1197.88269043, 1311.60925293, 158.003005981, 53.5757255554, 38.9007377625, 14.5964241028, 13.1764240265, 18.3576755524, 21.8927345276, 74.9441680908, 46.1365699768, 1.35313141346, 0.451813906431, 3.1297185421, 5.20971488953, 0.0650603175163, 0.00205067289062, 4.36016807726e-006, 5.25065191326e-009]
    },
    "gfcc": {
        "mean": [-87.3315658569, 132.854049683, -140.985809326, 2.39157390594, -50.1441078186, -9.33613872528, -45.2739601135, 5.4164018631, -18.1694774628, -10.9177322388, -24.4074993134, -3.16335749626, 0.0410017073154],
        "cov": [[6838.49902344, -2530.05444336, 143.644119263, 377.180297852, -836.206665039, 465.324707031, -325.667816162, 214.56022644, -254.841781616, 250.613601685, -446.903564453, 302.964752197, -285.449584961], [-2530.05444336, 3204.21557617, -628.42010498, -125.639076233, 1033.09619141, -584.292785645, 480.500274658, -108.79875946, 351.105407715, -243.244232178, 543.533630371, -443.09274292, 399.281494141], [143.644119263, -628.42010498, 1546.42089844, 185.078720093, -6.35725402832, 637.669799805, -110.074020386, 99.8206787109, 70.2477111816, 160.546844482, -201.665786743, 202.52180481, -158.046142578], [377.180297852, -125.639076233, 185.078720093, 337.358154297, 108.860664368, 80.4250411987, -9.23185634613, 31.9984760284, 31.8783626556, 40.3736305237, -34.2703056335, -21.9587001801, -3.24612474442], [-836.206665039, 1033.09619141, -6.35725402832, 108.860664368, 688.115844727, 3.19343662262, 209.719436646, -0.832613527775, 118.188240051, -35.5900115967, 254.269500732, -103.923461914, 159.073348999], [465.324707031, -584.292785645, 637.669799805, 80.4250411987, 3.19343662262, 583.552368164, -16.7312927246, 52.6870613098, -105.611549377, 93.0752182007, -41.9797172546, 187.46081543, -66.8470993042], [-325.667816162, 480.500274658, -110.074020386, -9.23185634613, 209.719436646, -16.7312927246, 302.021606445, 50.9664421082, 54.8451385498, -41.1332702637, 142.805740356, -51.4829444885, 95.3507919312], [214.56022644, -108.79875946, 99.8206787109, 31.9984760284, -0.832613527775, 52.6870613098, 50.9664421082, 196.794708252, 59.3030090332, 58.1311073303, -6.24110460281, -8.47049713135, 15.565243721], [-254.841781616, 351.105407715, 70.2477111816, 31.8783626556, 118.188240051, -105.611549377, 54.8451385498, 59.3030090332, 244.781936646, 58.9021720886, 15.695775032, -96.7243423462, 12.5477666855], [250.613601685, -243.244232178, 160.546844482, 40.3736305237, -35.5900115967, 93.0752182007, -41.1332702637, 58.1311073303, 58.9021720886, 166.8934021, 7.8496131897, 8.00009441376, -64.9976272583], [-446.903564453, 543.533630371, -201.665786743, -34.2703056335, 254.269500732, -41.9797172546, 142.805740356, -6.24110460281, 15.695775032, 7.8496131897, 261.453430176, -50.7347373962, 75.3823852539], [302.964752197, -443.09274292, 202.52180481, -21.9587001801, -103.923461914, 187.46081543, -51.4829444885, -8.47049713135, -96.7243423462, 8.00009441376, -50.7347373962, 221.747055054, -36.6065139771], [-285.449584961, 399.281494141, -158.046142578, -3.24612474442, 159.073348999, -66.8470993042, 95.3507919312, 15.565243721, 12.5477666855, -64.9976272583, 75.3823852539, -36.6065139771, 192.815826416]],
        "icov": [[0.000247152114753, 4.68998332508e-005, 0.000206044598599, -0.00031937728636, 0.000151063752128, -0.000207170116482, -9.66346942732e-006, -0.000194804975763, 3.15569086524e-005, -0.000195092594367, 0.000216324871872, -0.000144592122524, 7.64931828598e-005], [4.68998332508e-005, 0.00200604833663, -0.000457457179436, 0.00090004701633, -0.00141873699613, 0.000856884464156, -0.000299052713672, 0.000941644248087, -0.00159368326422, 0.00207388983108, -0.00197701063007, 0.0016381398309, -0.00101834605448], [0.000206044598599, -0.000457457179436, 0.00210911454633, -0.000685327046085, 9.98445175355e-005, -0.00234347442165, 0.000425098813139, -0.000493520637974, -0.00110927422065, -0.000513708568178, 0.00174280698411, -0.000994470668957, 0.000933229981456], [-0.00031937728636, 0.00090004701633, -0.000685327046085, 0.00473957229406, -0.00225241691805, 0.000625281070825, -0.0001279033022, 0.000455485045677, -8.21477806312e-005, -3.60206904588e-005, 0.000566384347621, 0.00172667647712, -0.000617484969553], [0.000151063752128, -0.00141873699613, 9.98445175355e-005, -0.00225241691805, 0.00518435193226, -0.00165614578873, 0.000129609717987, -8.84198670974e-005, -0.000899128557649, 0.000410028296756, -0.00224358821288, -0.000540112843737, -0.00073142175097], [-0.000207170116482, 0.000856884464156, -0.00234347442165, 0.000625281070825, -0.00165614578873, 0.00621273787692, -0.00141978124157, 4.84238735226e-005, 0.00300226337276, -0.00168316951022, -0.000668778200634, -0.00101853837259, -0.000467758160084], [-9.66346942732e-006, -0.000299052713672, 0.000425098813139, -0.0001279033022, 0.000129609717987, -0.00141978124157, 0.00621281424537, -0.00192936242092, -0.0017197575653, 0.00278386776336, -0.00271259993315, 0.000101541430922, -0.000434354413301], [-0.000194804975763, 0.000941644248087, -0.000493520637974, 0.000455485045677, -8.84198670974e-005, 4.84238735226e-005, -0.00192936242092, 0.00768840964884, -0.0018865292659, -0.00142502016388, -0.000242336638621, 0.00120937195607, -0.00224527460523], [3.15569086524e-005, -0.00159368326422, -0.00110927422065, -8.21477806312e-005, -0.000899128557649, 0.00300226337276, -0.0017197575653, -0.0018865292659, 0.0107308989391, -0.00663348566741, 0.00416342401877, 0.000338701735018, 0.000723787699826], [-0.000195092594367, 0.00207388983108, -0.000513708568178, -3.60206904588e-005, 0.000410028296756, -0.00168316951022, 0.00278386776336, -0.00142502016388, -0.00663348566741, 0.0152624538168, -0.00738668628037, 0.00222951779142, 0.00169921398629], [0.000216324871872, -0.00197701063007, 0.00174280698411, 0.000566384347621, -0.00224358821288, -0.000668778200634, -0.00271259993315, -0.000242336638621, 0.00416342401877, -0.00738668628037, 0.0126729626209, -0.00179663277231, 0.000775768538006], [-0.000144592122524, 0.0016381398309, -0.000994470668957, 0.00172667647712, -0.000540112843737, -0.00101853837259, 0.000101541430922, 0.00120937195607, 0.000338701735018, 0.00222951779142, -0.00179663277231, 0.00918365269899, -0.00127227907069], [7.64931828598e-005, -0.00101834605448, 0.000933229981456, -0.000617484969553, -0.00073142175097, -0.000467758160084, -0.000434354413301, -0.00224527460523, 0.000723787699826, 0.00169921398629, 0.000775768538006, -0.00127227907069, 0.00898103881627]]
    },
    "melbands": {
        "mean": [0.00268815178424, 0.0013611195609, 0.000263102760073, 0.000479665352032, 0.00037046536454, 0.000196069508092, 6.12048170296e-005, 0.000168726503034, 0.000691070046742, 0.000197702014702, 0.000242558904574, 0.000207305696676, 0.00010998401558, 0.000111031316919, 8.31274592201e-005, 5.16742111358e-005, 4.57179048681e-005, 2.51581313933e-005, 6.23984669801e-005, 3.90959648939e-005, 2.57675037574e-005, 1.67745274666e-005, 1.2109509953e-005, 6.40346979708e-006, 2.88227988676e-006, 2.27768532568e-006, 1.99511077881e-006, 1.0362851981e-006, 8.48647346174e-007, 8.67794369697e-007, 5.95292590333e-007, 7.05827119418e-007, 3.97282491349e-007, 6.7179087182e-007, 1.03910576854e-006, 1.06937079636e-006, 7.12157941507e-007, 1.75032369043e-007, 1.29854441866e-007, 1.35958487135e-007],
        "var": [0.000135844005854, 4.14901296608e-005, 4.57663219322e-007, 3.57642051085e-007, 2.28911304134e-007, 8.75488339602e-008, 5.87753801184e-009, 1.25895297742e-007, 4.58176782558e-006, 2.54865511806e-007, 6.33818103779e-007, 5.50288518752e-007, 4.435506753e-007, 4.99251996189e-007, 3.92321311438e-007, 2.18220804982e-007, 3.26313028154e-007, 1.4961978323e-008, 1.24886085473e-007, 6.09583139521e-008, 2.44011699735e-009, 9.53245815616e-010, 5.66436231253e-009, 3.64537899866e-010, 1.39215472483e-010, 4.10626012359e-011, 2.1918538165e-011, 2.20843135446e-011, 8.61887557851e-012, 9.6456254442e-012, 4.43330441802e-012, 7.73228009399e-012, 2.68442971844e-012, 1.19840136079e-011, 2.56214719579e-011, 3.08807701632e-011, 1.11977562639e-011, 8.39257482954e-013, 2.48728663534e-013, 3.45178475646e-013]
    },
    "mfcc": {
        "mean": [-729.898376465, 169.737365723, -28.2527751923, 12.1018819809, 3.64989066124, -12.0069332123, -19.3000736237, 1.98061859608, 3.20171427727, -2.22318816185, -13.9034757614, -6.41049671173, -4.35372829437],
        "cov": [[4344.66259766, -1876.40026855, 40.1915473938, 73.314125061, -421.538513184, 3.97427368164, -187.546539307, 25.1039657593, -13.6288452148, 57.9792022705, -64.2894668579, -41.1366920471, -125.861160278], [-1876.40026855, 2289.3371582, -610.520812988, 228.160339355, 411.411254883, -151.349777222, 317.978820801, -51.5768737793, 104.311248779, 27.5095500946, 148.742202759, 27.0838794708, 164.722595215], [40.1915473938, -610.520812988, 1279.82971191, -141.615020752, 146.384628296, 413.405975342, -107.297401428, 172.639205933, 74.1229324341, 71.7034759521, -22.5354995728, 94.301071167, -42.587310791], [73.314125061, 228.160339355, -141.615020752, 337.566040039, 99.2395019531, -56.1719017029, -1.05203831196, -32.2707824707, 70.097694397, 71.2812423706, 47.464881897, -9.42181491852, 18.240688324], [-421.538513184, 411.411254883, 146.384628296, 99.2395019531, 453.949279785, 134.977020264, 171.836837769, 29.6652317047, 73.8584976196, 37.4544296265, 55.6327934265, 31.9106616974, 103.549697876], [3.97427368164, -151.349777222, 413.405975342, -56.1719017029, 134.977020264, 381.222290039, 49.7755355835, 137.682937622, -31.2010936737, 10.7538290024, -42.8348007202, 58.813243866, 19.1464710236], [-187.546539307, 317.978820801, -107.297401428, -1.05203831196, 171.836837769, 49.7755355835, 406.226898193, 54.6254043579, 37.8284378052, -41.9735641479, 43.1370735168, 23.6620483398, 104.518692017], [25.1039657593, -51.5768737793, 172.639205933, -32.2707824707, 29.6652317047, 137.682937622, 54.6254043579, 215.143661499, 21.6410541534, -6.58894681931, -63.5543060303, 11.025598526, 12.019698143], [-13.6288452148, 104.311248779, 74.1229324341, 70.097694397, 73.8584976196, -31.2010936737, 37.8284378052, 21.6410541534, 189.423141479, 78.0750274658, 29.0100002289, -28.9602470398, 12.1325263977], [57.9792022705, 27.5095500946, 71.7034759521, 71.2812423706, 37.4544296265, 10.7538290024, -41.9735641479, -6.58894681931, 78.0750274658, 186.843414307, 72.4434967041, 11.3769016266, -3.44886922836], [-64.2894668579, 148.742202759, -22.5354995728, 47.464881897, 55.6327934265, -42.8348007202, 43.1370735168, -63.5543060303, 29.0100002289, 72.4434967041, 196.975982666, 86.5039367676, 17.3970222473], [-41.1366920471, 27.0838794708, 94.301071167, -9.42181491852, 31.9106616974, 58.813243866, 23.6620483398, 11.025598526, -28.9602470398, 11.3769016266, 86.5039367676, 171.617797852, 52.8647766113], [-125.861160278, 164.722595215, -42.587310791, 18.240688324, 103.549697876, 19.1464710236, 104.518692017, 12.019698143, 12.1325263977, -3.44886922836, 17.3970222473, 52.8647766113, 175.260223389]],
        "icov": [[0.000426223414252, 0.000426208687713, 0.00019652134506, -0.000299686740618, 0.000133247580379, -0.00010930836288, -0.000108908192487, -7.58390233386e-005, -0.000164682307513, -0.000105594997876, -6.67014755891e-005, -4.99279158248e-005, 1.88169851754e-005], [0.000426208687713, 0.00114439742174, 0.000597659731284, -0.000343037798302, -0.000559642503504, 3.50012342096e-005, -0.00021038025443, -0.000226771415328, -0.000377934688004, -7.37937516533e-005, -0.000256387720583, -0.0002182261087, -4.74906937598e-006], [0.00019652134506, 0.000597659731284, 0.00201919092797, 0.000601481704507, -0.000717793300282, -0.00164011516608, 0.000792194565292, -0.000344899948686, -0.0015968127409, 5.68806608499e-005, -0.000196938097361, -0.000859351886902, 0.000552367710043], [-0.000299686740618, -0.000343037798302, 0.000601481704507, 0.00427456945181, -0.0012018638663, 9.30743626668e-005, 0.000770011858549, 7.59867034503e-005, -0.00100153533276, -0.000849343254231, -6.86741259415e-005, -0.000157584043336, 0.000150949446834], [0.000133247580379, -0.000559642503504, -0.000717793300282, -0.0012018638663, 0.00463105458766, -0.00163364165928, -0.00104084704071, 0.000786896503996, -0.000620598671958, 0.000212788538192, -0.000800284324214, 0.00101747643203, -0.0015989280073], [-0.00010930836288, 3.50012342096e-005, -0.00164011516608, 9.30743626668e-005, -0.00163364165928, 0.00656297476962, -0.000995064619929, -0.0021378940437, 0.00288379192352, -0.00154429522809, 0.00179708108772, -0.00124749692623, 0.000436533853645], [-0.000108908192487, -0.00021038025443, 0.000792194565292, 0.000770011858549, -0.00104084704071, -0.000995064619929, 0.00436548842117, -0.00123101321515, -0.00124698504806, 0.00187211437151, -0.00193881639279, 0.000719785224646, -0.0014649318764], [-7.58390233386e-005, -0.000226771415328, -0.000344899948686, 7.59867034503e-005, 0.000786896503996, -0.0021378940437, -0.00123101321515, 0.00757662625983, -0.00162962661125, -0.000297107064398, 0.00305537390523, -0.00139977713116, 0.000275997794233], [-0.000164682307513, -0.000377934688004, -0.0015968127409, -0.00100153533276, -0.000620598671958, 0.00288379192352, -0.00124698504806, -0.00162962661125, 0.00940938852727, -0.00322353397496, -0.000366099440726, 0.0023993528448, -0.000541983696166], [-0.000105594997876, -7.37937516533e-005, 5.68806608499e-005, -0.000849343254231, 0.000212788538192, -0.00154429522809, 0.00187211437151, -0.000297107064398, -0.00322353397496, 0.0089549664408, -0.00395910441875, 0.00117726414464, -0.000520089815836], [-6.67014755891e-005, -0.000256387720583, -0.000196938097361, -6.86741259415e-005, -0.000800284324214, 0.00179708108772, -0.00193881639279, 0.00305537390523, -0.000366099440726, -0.00395910441875, 0.011442752555, -0.00649531418458, 0.00214637094177], [-4.99279158248e-005, -0.0002182261087, -0.000859351886902, -0.000157584043336, 0.00101747643203, -0.00124749692623, 0.000719785224646, -0.00139977713116, 0.0023993528448, 0.00117726414464, -0.00649531418458, 0.0112901823595, -0.00372500042431], [1.88169851754e-005, -4.74906937598e-006, 0.000552367710043, 0.000150949446834, -0.0015989280073, 0.000436533853645, -0.0014649318764, 0.000275997794233, -0.000541983696166, -0.000520089815836, 0.00214637094177, -0.00372500042431, 0.00853182561696]]
    },
    "spectral_contrast_coeffs": {
        "mean": [-0.573799669743, -0.690737605095, -0.679584801197, -0.715256392956, -0.720789670944, -0.73233705759],
        "var": [0.00853671133518, 0.00644435128197, 0.0068132635206, 0.00404020678252, 0.00257566338405, 0.00406963517889]
    },
    "spectral_contrast_valleys": {
        "mean": [-8.43447303772, -7.21198749542, -8.20380306244, -8.64342308044, -9.12096881866, -12.492939949],
        "var": [1.45447003841, 0.910388767719, 0.897524118423, 0.879153311253, 1.14426422119, 1.40942084789]
    }
},
"metadata": {
    "audio_properties": {
        "analysis_sample_rate": 44100,
        "bit_rate": 105010,
        "equal_loudness": 0,
        "length": 45.0612258911,
        "lossless": 0,
        "replay_gain": -6.46490478516,
        "sample_rate": 44100,
        "codec": "mp3",
        "downmix": "mix",
        "md5_encoded": "59f5bb1a2370fd0c4cbc0698ce924185"
    },
    "tags": {
        "file_name": "600.mp3"
    },
    "version": {
        "essentia": "2.1-beta2",
        "essentia_git_sha": "v2.1_beta2",
        "extractor": "music 1.0"
    }
},
"rhythm": {
    "beats_count": 76,
    "beats_loudness": {
        "mean": 0.0746451094747,
        "var": 0.00996611081064
    },
    "bpm": 102.908500671,
    "bpm_histogram_first_peak_bpm": {
        "mean": 103,
        "var": 0
    },
    "bpm_histogram_first_peak_spread": {
        "mean": 0.558823525906,
        "var": 0
    },
    "bpm_histogram_first_peak_weight": {
        "mean": 0.40000000596,
        "var": 0
    },
    "bpm_histogram_second_peak_bpm": {
        "mean": 98,
        "var": 0
    },
    "bpm_histogram_second_peak_spread": {
        "mean": 0.333333313465,
        "var": 0
    },
    "bpm_histogram_second_peak_weight": {
        "mean": 0.0533333346248,
        "var": 0
    },
    "danceability": 1.23071634769,
    "onset_rate": 2.7727534771,
    "beats_loudness_band_ratio": {
        "mean": [0.263032525778, 0.196588337421, 0.2272002846, 0.160034477711, 0.114272497594, 0.0631390213966],
        "var": [0.148597598076, 0.0283850580454, 0.051582518965, 0.0404806099832, 0.0148173160851, 0.012886450626]
    },
    "beats_position": [0.603718817234, 1.21904754639, 1.83437633514, 2.46131515503, 3.08825397491, 3.70358276367, 4.28408145905, 4.87619018555, 5.45668935776, 6.07201814651, 6.66412687302, 7.25623559952, 7.81351470947, 8.38240337372, 8.96290206909, 9.55501079559, 10.1471195221, 10.71600914, 11.2848978043, 11.8770065308, 12.4691152573, 13.0728340149, 13.6649427414, 14.2570514679, 14.8375511169, 15.4180498123, 15.9985485077, 16.5790481567, 17.1479358673, 17.7400455475, 18.3321533203, 18.9126529694, 19.5047607422, 20.0736503601, 20.642539978, 21.2114276886, 21.7803173065, 22.3724250793, 22.9529247284, 23.5450344086, 24.1255321503, 24.7176418304, 25.3097496033, 25.8786392212, 26.4475269318, 27.0280265808, 27.6085262299, 28.2122440338, 28.804353714, 29.3964614868, 29.9769611359, 30.5574588776, 31.1379585266, 31.7300682068, 32.322177887, 32.9026756287, 33.4831733704, 34.0636711121, 34.6441726685, 35.2362823486, 35.8283882141, 36.4088897705, 36.9893875122, 37.5698852539, 38.1387748718, 38.730884552, 39.3113822937, 39.9034919739, 40.4956016541, 41.0760993958, 41.6565971375, 42.2370948792, 42.8175964355, 43.3980941772, 43.9785919189, 44.5590934753]
},
"tonal": {
    "chords_changes_rate": 0.0401234552264,
    "chords_number_rate": 0.0102880662307,
    "chords_strength": {
        "mean": 0.527996122837,
        "var": 0.00765825901181
    },
    "hpcp_entropy": {
        "mean": 1.68533313274,
        "var": 0.272477418184
    },
    "key_strength": 0.556743621826,
    "tuning_diatonic_strength": 0.442558914423,
    "tuning_equal_tempered_deviation": 0.114199988544,
    "tuning_frequency": 440.254241943,
    "tuning_nontempered_energy_ratio": 0.698329687119,
    "hpcp": {
        "mean": [0.234501555562, 0.17812640965, 0.0652449056506, 0.0754852965474, 0.133024334908, 0.253299146891, 0.351825922728, 0.224099427462, 0.067163258791, 0.0452506169677, 0.0319504030049, 0.0896077975631, 0.186424612999, 0.142251417041, 0.115629129112, 0.253484755754, 0.214099571109, 0.0968954190612, 0.123068742454, 0.100293427706, 0.0944763049483, 0.174823075533, 0.129017278552, 0.0395927727222, 0.0465268231928, 0.0466874949634, 0.0993885621428, 0.161813184619, 0.0966576635838, 0.0357507392764, 0.0377826467156, 0.0258093252778, 0.0591165982187, 0.15458971262, 0.127710476518, 0.115748606622],
        "var": [0.110910132527, 0.0648871958256, 0.0209398120642, 0.0324818231165, 0.0653214156628, 0.0855209901929, 0.130246773362, 0.0788366273046, 0.0258960425854, 0.0197903998196, 0.0147403879091, 0.0237318109721, 0.0794698372483, 0.0506714209914, 0.0305569916964, 0.135212406516, 0.104172542691, 0.0355998724699, 0.0595766976476, 0.04263484478, 0.0246899817139, 0.0726837664843, 0.0378047972918, 0.0107702119276, 0.0228046569973, 0.0233964752406, 0.0335219167173, 0.0861888676882, 0.0293601453304, 0.0131241306663, 0.023199563846, 0.0126123456284, 0.0147432386875, 0.0582982897758, 0.0372597686946, 0.0283563341945]
    },
    "chords_histogram": [8.84773635864, 7.71604919434, 11.728395462, 0, 0, 0, 3.39506173134, 0, 0, 0, 0.308641970158, 0.205761313438, 0.514403283596, 0, 0, 4.21810722351, 0, 1.95473253727, 6.48148155212, 18.7242794037, 7.30452680588, 0.308641970158, 27.4691352844, 0.823045253754],
    "thpcp": [1, 0.636961102486, 0.190899118781, 0.128616496921, 0.090813100338, 0.254693567753, 0.52987742424, 0.40432330966, 0.328654378653, 0.720483481884, 0.608538389206, 0.275407284498, 0.349800109863, 0.285065472126, 0.268531382084, 0.496902197599, 0.366707712412, 0.112535119057, 0.132243871689, 0.132700547576, 0.282493561506, 0.45992398262, 0.274731487036, 0.10161485523, 0.10739017278, 0.0733582228422, 0.168027982116, 0.439392626286, 0.362993359566, 0.328993976116, 0.666527211666, 0.506291329861, 0.185446560383, 0.21455296874, 0.37809702754, 0.719955921173],
    "chords_key": "A",
    "chords_scale": "major",
    "key_key": "E",
    "key_scale": "major"
}
}