{
"lowlevel": {
    "average_loudness": 0.962390184402,
    "barkbands_crest": {
        "mean": 11.3131732941,
        "var": 16.2770652771
    },
    "barkbands_flatness_db": {
        "mean": 0.197959885001,
        "var": 0.00429324386641
    },
    "barkbands_kurtosis": {
        "mean": 13.1105947495,
        "var": 190.29119873
    },
    "barkbands_skewness": {
        "mean": 2.537971735,
        "var": 1.89482784271
    },
    "barkbands_spread": {
        "mean": 10.4362850189,
        "var": 95.4094161987
    },
    "dissonance": {
        "mean": 0.422236442566,
        "var": 0.00229228241369
    },
    "dynamic_complexity": 3.60551548004,
    "erbbands_crest": {
        "mean": 11.8021450043,
        "var": 28.2830352783
    },
    "erbbands_flatness_db": {
        "mean": 0.179047688842,
        "var": 0.00302603654563
    },
    "erbbands_kurtosis": {
        "mean": 3.07066702843,
        "var": 19.3302726746
    },
    "erbbands_skewness": {
        "mean": 1.34560918808,
        "var": 0.755013525486
    },
    "erbbands_spread": {
        "mean": 32.2092132568,
        "var": 445.154693604
    },
    "hfc": {
        "mean": 12.485206604,
        "var": 231.328613281
    },
    "melbands_crest": {
        "mean": 14.4803733826,
        "var": 25.3937797546
    },
    "melbands_flatness_db": {
        "mean": 0.276378184557,
        "var": 0.00602869689465
    },
    "melbands_kurtosis": {
        "mean": 24.7509021759,
        "var": 799.248962402
    },
    "melbands_skewness": {
        "mean": 3.10439300537,
        "var": 3.189889431
    },
    "melbands_spread": {
        "mean": 10.3385343552,
        "var": 186.30305481
    },
    "pitch_salience": {
        "mean": 0.570603907108,
        "var": 0.0128085659817
    },
    "silence_rate_20dB": {
        "mean": 1,
        "var": 0
    },
    "silence_rate_30dB": {
        "mean": 0.995368003845,
        "var": 0.00461049471051
    },
    "silence_rate_60dB": {
        "mean": 0.0705095231533,
        "var": 0.0655400902033
    },
    "spectral_centroid": {
        "mean": 614.534606934,
        "var": 320801.96875
    },
    "spectral_complexity": {
        "mean": 10.4436435699,
        "var": 39.7105026245
    },
    "spectral_decrease": {
        "mean": -6.33626973112e-009,
        "var": 3.26602636484e-017
    },
    "spectral_energy": {
        "mean": 0.0250469874591,
        "var": 0.000517771579325
    },
    "spectral_energyband_high": {
        "mean": 0.00038297631545,
        "var": 1.00938677861e-006
    },
    "spectral_energyband_low": {
        "mean": 0.00602554762736,
        "var": 6.36350960121e-005
    },
    "spectral_energyband_middle_high": {
        "mean": 0.00175972632132,
        "var": 5.77399032409e-006
    },
    "spectral_energyband_middle_low": {
        "mean": 0.0179346594959,
        "var": 0.000344684842275
    },
    "spectral_entropy": {
        "mean": 6.93066263199,
        "var": 0.417926192284
    },
    "spectral_flux": {
        "mean": 0.0733717530966,
        "var": 0.0029473376926
    },
    "spectral_kurtosis": {
        "mean": 8.02769470215,
        "var": 53.7979354858
    },
    "spectral_rms": {
        "mean": 0.00448541343212,
        "var": 4.3171598918e-006
    },
    "spectral_rolloff": {
        "mean": 729.764587402,
        "var": 1883899
    },
    "spectral_skewness": {
        "mean": 2.27000617981,
        "var": 0.639012753963
    },
    "spectral_spread": {
        "mean": 4932298,
        "var": 5.38350243021e+012
    },
    "spectral_strongpeak": {
        "mean": 0.919193863869,
        "var": 0.789709329605
    },
    "zerocrossingrate": {
        "mean": 0.0393389314413,
        "var": 0.00126431055833
    },
    "barkbands": {
        "mean": [0.000134492016514, 0.00278757605702, 0.00211369199678, 0.00223097787239, 0.00570631260052, 0.0042194603011, 0.00183894275688, 0.00256176432595, 0.00117860431783, 0.00046331359772, 0.000124370824778, 0.000232243051869, 0.000394864182454, 0.000258403306361, 0.000113865149615, 7.61905976105e-005, 9.8221047665e-005, 7.01100143488e-005, 3.67153188563e-005, 4.14402311435e-005, 4.10771681345e-005, 8.21227440611e-005, 7.81035996624e-005, 6.24539097771e-005, 4.23431702075e-005, 5.83098044444e-005, 1.03599404611e-006],
        "var": [1.50562243562e-007, 3.10959112539e-005, 7.80353093432e-006, 8.2414744611e-006, 8.15085877548e-005, 4.33041750512e-005, 1.76722242031e-005, 2.53950074693e-005, 6.02881391387e-006, 1.62048718266e-006, 5.30492378914e-008, 4.60146736714e-007, 6.29702299193e-007, 2.54729457083e-007, 7.47196864381e-008, 4.96103318426e-008, 3.28660050286e-008, 1.39600775384e-008, 5.52976020529e-009, 5.75568126493e-009, 1.14292300069e-008, 5.46104281796e-008, 4.57944722143e-008, 2.77545399996e-008, 1.51291921213e-008, 4.32978666254e-008, 1.53214350929e-011]
    },
    "erbbands": {
        "mean": [0.0766247659922, 0.63643181324, 2.15338206291, 5.42097091675, 13.3970985413, 15.6589632034, 36.4462242126, 29.8998966217, 26.9807987213, 32.8404808044, 62.4646263123, 29.2887210846, 20.189037323, 9.08023071289, 6.82858800888, 9.7230091095, 16.8051013947, 17.6481628418, 6.63605642319, 5.77537202835, 4.21477937698, 5.73560237885, 4.5476937294, 1.67636501789, 2.33834171295, 1.92820620537, 1.4555939436, 1.98556542397, 2.71865487099, 3.00566506386, 2.06808400154, 1.57095611095, 0.89658588171, 0.602969050407, 0.232977539301, 0.275823354721, 0.104522243142, 0.00743647105992, 0.000199928035727, 3.63189174095e-005],
        "var": [0.0397312641144, 1.41370880604, 7.37963533401, 36.3465156555, 736.524108887, 515.331848145, 3217.00097656, 3173.24633789, 2645.25512695, 4850.54589844, 16009.2792969, 3038.50610352, 3928.48583984, 377.862915039, 333.122589111, 472.395172119, 933.065429688, 1332.78918457, 134.42628479, 271.260223389, 101.710502625, 108.739112854, 50.6673202515, 10.263127327, 19.3147640228, 12.9929504395, 13.1796607971, 28.7606315613, 58.2780532837, 83.479888916, 30.6594657898, 18.0575828552, 5.80158758163, 3.16999602318, 0.475859820843, 0.969761550426, 0.146155640483, 0.000524511851836, 3.68244371884e-007, 2.1020418739e-009]
    },
    "gfcc": {
        "mean": [-52.5999984741, 107.458770752, -83.3175964355, 14.7080965042, -69.3854064941, 9.55909061432, -50.7072486877, -0.799085736275, -26.0100784302, 2.52637457848, -17.1938591003, -2.63747096062, -22.7574367523],
        "cov": [[10335.2988281, -641.403015137, -619.359924316, -116.681045532, -509.918731689, -97.5067214966, -155.141189575, 460.063018799, -87.5070648193, 102.705909729, -253.239730835, 157.535415649, -177.164825439], [-641.403015137, 1261.71911621, 137.310165405, -10.0946674347, 346.763824463, 76.9106216431, 254.447463989, -37.6358833313, 120.044898987, -102.519737244, 148.185470581, -140.691802979, -21.6711654663], [-619.359924316, 137.310165405, 985.412780762, 484.981201172, 186.321136475, 342.871429443, 192.976211548, -93.687789917, 64.848197937, 69.1045761108, -78.0679626465, 101.373710632, -55.4265937805], [-116.681045532, -10.0946674347, 484.981201172, 548.056884766, 154.860076904, 200.703781128, 75.0402297974, -25.7241420746, 93.8441314697, 43.6837615967, -101.061508179, 80.2799530029, -12.2580652237], [-509.918731689, 346.763824463, 186.321136475, 154.860076904, 331.952423096, 121.545150757, 101.004394531, 14.4099216461, 83.8311233521, -14.1437950134, 26.0947189331, -22.8071842194, -5.74706315994], [-97.5067214966, 76.9106216431, 342.871429443, 200.703781128, 121.545150757, 287.540496826, 162.893981934, -25.7091846466, 15.1724681854, 33.8253974915, -12.5584897995, 37.4307746887, -30.6091575623], [-155.141189575, 254.447463989, 192.976211548, 75.0402297974, 101.004394531, 162.893981934, 263.156585693, 22.6455593109, 9.81278419495, -0.677705645561, 29.5177669525, -14.6435995102, -43.0462799072], [460.063018799, -37.6358833313, -93.687789917, -25.7241420746, 14.4099216461, -25.7091846466, 22.6455593109, 193.061553955, 57.912979126, 6.41410064697, -7.5624423027, -27.4106273651, -5.69512557983], [-87.5070648193, 120.044898987, 64.848197937, 93.8441314697, 83.8311233521, 15.1724681854, 9.81278419495, 57.912979126, 155.562591553, 14.6439342499, -14.2852268219, -10.6234674454, 4.59203910828], [102.705909729, -102.519737244, 69.1045761108, 43.6837615967, -14.1437950134, 33.8253974915, -0.677705645561, 6.41410064697, 14.6439342499, 89.2284469604, 5.95375394821, 23.2167396545, -12.2418327332], [-253.239730835, 148.185470581, -78.0679626465, -101.061508179, 26.0947189331, -12.5584897995, 29.5177669525, -7.5624423027, -14.2852268219, 5.95375394821, 135.754852295, -4.88622665405, 23.3018798828], [157.535415649, -140.691802979, 101.373710632, 80.2799530029, -22.8071842194, 37.4307746887, -14.6435995102, -27.4106273651, -10.6234674454, 23.2167396545, -4.88622665405, 140.478012085, 24.5225467682], [-177.164825439, -21.6711654663, -55.4265937805, -12.2580652237, -5.74706315994, -30.6091575623, -43.0462799072, -5.69512557983, 4.59203910828, -12.2418327332, 23.3018798828, 24.5225467682, 87.4076461792]],
        "icov": [[0.00016246366431, -0.000207101154956, 0.00020017909992, -8.06716561783e-005, 0.000296181126032, -0.000254814978689, 0.000246453651926, -0.000539250555448, 0.000285196932964, -0.000261875160504, 0.000380433397368, -0.000439826922957, 0.000380364886951], [-0.000207101154956, 0.00257728993893, -0.000626745808404, 0.000409519707318, -0.00176288175862, 0.00125625659712, -0.00208513415419, 0.00204658508301, -0.00223292526789, 0.00258660991676, -0.00249728746712, 0.00192434631754, -8.48510680953e-005], [0.00020017909992, -0.000626745808404, 0.00294135836884, -0.00142260675784, 0.000356160278898, -0.00182012899313, -0.000121343859064, 0.000227533077123, 0.000256986124441, -0.00139611237682, 0.00133687292691, -0.00148398173042, 0.0011080087861], [-8.06716561783e-005, 0.000409519707318, -0.00142260675784, 0.00467479787767, -0.00152002146933, -0.000571140437387, -0.000290801253868, 0.000747710932046, -0.00173769146204, -0.000489582191221, 0.00239772419445, -0.000904413755052, -0.00106567179319], [0.000296181126032, -0.00176288175862, 0.000356160278898, -0.00152002146933, 0.00657666195184, -0.00252079870552, 0.0014265824575, -0.00198021344841, -0.000488778518047, 0.000514495710377, -0.000554838683456, -0.000232082878938, 0.000609886948951], [-0.000254814978689, 0.00125625659712, -0.00182012899313, -0.000571140437387, -0.00252079870552, 0.00977904908359, -0.00516862003133, 0.00200565205887, 6.28727939329e-005, -0.00101105961949, -0.000514444545843, 0.000295112433378, -0.000685819017235], [0.000246453651926, -0.00208513415419, -0.000121343859064, -0.000290801253868, 0.0014265824575, -0.00516862003133, 0.00957712996751, -0.00373848574236, 0.00224468205124, 0.000362003454939, -0.000910159782507, -0.000676381867379, 0.00298674660735], [-0.000539250555448, 0.00204658508301, 0.000227533077123, 0.000747710932046, -0.00198021344841, 0.00200565205887, -0.00373848574236, 0.00963099300861, -0.00486961193383, 0.000741135678254, -0.000919654674362, 0.00235425261781, -0.00103358284105], [0.000285196932964, -0.00223292526789, 0.000256986124441, -0.00173769146204, -0.000488778518047, 6.28727939329e-005, 0.00224468205124, -0.00486961193383, 0.0117903649807, -0.00403645029292, 0.0027238978073, -0.000735823356081, -0.000982700497843], [-0.000261875160504, 0.00258660991676, -0.00139611237682, -0.000489582191221, 0.000514495710377, -0.00101105961949, 0.000362003454939, 0.000741135678254, -0.00403645029292, 0.0175705868751, -0.00643761409447, 0.000705677375663, 0.00325400428846], [0.000380433397368, -0.00249728746712, 0.00133687292691, 0.00239772419445, -0.000554838683456, -0.000514444545843, -0.000910159782507, -0.000919654674362, 0.0027238978073, -0.00643761409447, 0.0146117629483, -0.00310840574093, -0.00345683540218], [-0.000439826922957, 0.00192434631754, -0.00148398173042, -0.000904413755052, -0.000232082878938, 0.000295112433378, -0.000676381867379, 0.00235425261781, -0.000735823356081, 0.000705677375663, -0.00310840574093, 0.0118030980229, -0.0039190929383], [0.000380364886951, -8.48510680953e-005, 0.0011080087861, -0.00106567179319, 0.000609886948951, -0.000685819017235, 0.00298674660735, -0.00103358284105, -0.000982700497843, 0.00325400428846, -0.00345683540218, -0.0039190929383, 0.0164756495506]]
    },
    "melbands": {
        "mean": [0.000722577620763, 0.00106339808553, 0.00118735828437, 0.00102619186509, 0.00116885534953, 0.000697709270753, 0.000417100120103, 0.000387937296182, 0.00047402177006, 0.000162884156452, 9.7941752756e-005, 3.79731754947e-005, 1.95336742763e-005, 2.71986245934e-005, 2.74911126326e-005, 4.08297346439e-005, 3.11986586894e-005, 1.03893526102e-005, 7.50611343392e-006, 6.78143760524e-006, 4.46091144113e-006, 5.5710684137e-006, 6.36053755443e-006, 2.42824125962e-006, 1.16151022667e-006, 1.48570643432e-006, 1.81936138688e-006, 1.14205238333e-006, 8.58217163113e-007, 9.44614612308e-007, 1.21609559756e-006, 1.47684420426e-006, 1.73292949057e-006, 1.63491301919e-006, 1.20546997096e-006, 1.06306288217e-006, 8.87035923824e-007, 6.00644000315e-007, 5.97548876158e-007, 4.77919343211e-007],
        "var": [2.5942058528e-006, 1.96711062017e-006, 2.04564253181e-006, 4.07278048442e-006, 2.8243127872e-006, 1.47617322455e-006, 6.69767018735e-007, 5.41699364476e-007, 8.46677323807e-007, 1.1767955499e-007, 9.456459793e-008, 7.77064812496e-009, 1.93778282309e-009, 6.60425847343e-009, 2.58067966996e-009, 7.49875628259e-009, 4.2260324129e-009, 3.81788711756e-010, 4.07531980384e-010, 4.45376902025e-010, 1.11640627298e-010, 1.21046311863e-010, 1.28693958268e-010, 1.61214305794e-011, 6.29007349678e-012, 9.69496878611e-012, 9.2483260633e-012, 5.77685425537e-012, 4.92895871687e-012, 6.35202133947e-012, 1.1790747198e-011, 1.83478614246e-011, 2.6186164348e-011, 2.59885654663e-011, 1.12085054779e-011, 8.19098174704e-012, 6.01157708682e-012, 2.62402643017e-012, 3.16536445492e-012, 2.13919919105e-012]
    },
    "mfcc": {
        "mean": [-708.11529541, 144.558334351, 32.4442634583, 9.70033836365, 3.29708576202, 2.38855981827, -10.5627412796, -4.8157992363, -14.4320135117, -2.15062212944, 3.1532907486, 0.938094437122, -6.67274856567],
        "cov": [[8448.95605469, -586.14855957, -462.222412109, -183.291519165, -347.939880371, -497.102508545, -227.523071289, 89.4446563721, 138.7447052, 85.6095581055, 54.4770393372, -49.7561569214, -48.9270019531], [-586.14855957, 1195.84106445, -41.1814994812, 3.85080218315, 98.3972091675, 66.8845977783, 197.210876465, 110.925117493, -26.9001979828, 79.6325683594, 129.940261841, 59.983417511, 6.84704065323], [-462.222412109, -41.1814994812, 825.221557617, 276.344909668, 108.540794373, 450.222808838, 84.405418396, 113.235557556, 115.023918152, -46.3442077637, 87.8207778931, 35.6580276489, 36.4687156677], [-183.291519165, 3.85080218315, 276.344909668, 322.226837158, 151.523803711, 199.402832031, -9.01425743103, 82.7333297729, 101.914779663, -0.176089033484, 55.7701644897, -10.8104944229, 47.3629951477], [-347.939880371, 98.3972091675, 108.540794373, 151.523803711, 289.905914307, 116.491539001, -16.4574947357, 50.4460983276, 79.3641204834, 28.003162384, 32.299697876, 2.56873512268, 40.2544517517], [-497.102508545, 66.8845977783, 450.222808838, 199.402832031, 116.491539001, 463.223999023, 115.68258667, 104.577682495, 67.6905593872, -35.1823959351, 93.5185394287, 19.2778091431, 11.9381809235], [-227.523071289, 197.210876465, 84.405418396, -9.01425743103, -16.4574947357, 115.68258667, 257.012817383, 70.3533859253, -8.55154323578, 24.6805515289, 60.1582450867, 39.0699157715, -21.8350219727], [89.4446563721, 110.925117493, 113.235557556, 82.7333297729, 50.4460983276, 104.577682495, 70.3533859253, 168.219207764, 76.830581665, 21.3490352631, 61.9473075867, 11.4154005051, 27.0156478882], [138.7447052, -26.9001979828, 115.023918152, 101.914779663, 79.3641204834, 67.6905593872, -8.55154323578, 76.830581665, 153.486846924, 55.5313301086, 39.6302871704, -8.76023483276, 25.6221389771], [85.6095581055, 79.6325683594, -46.3442077637, -0.176089033484, 28.003162384, -35.1823959351, 24.6805515289, 21.3490352631, 55.5313301086, 136.524673462, 40.9979400635, 7.45890569687, 2.07469534874], [54.4770393372, 129.940261841, 87.8207778931, 55.7701644897, 32.299697876, 93.5185394287, 60.1582450867, 61.9473075867, 39.6302871704, 40.9979400635, 127.647209167, 25.4308738708, 3.05609178543], [-49.7561569214, 59.983417511, 35.6580276489, -10.8104944229, 2.56873512268, 19.2778091431, 39.0699157715, 11.4154005051, -8.76023483276, 7.45890569687, 25.4308738708, 91.5189361572, 28.7392921448], [-48.9270019531, 6.84704065323, 36.4687156677, 47.3629951477, 40.2544517517, 11.9381809235, -21.8350219727, 27.0156478882, 25.6221389771, 2.07469534874, 3.05609178543, 28.7392921448, 101.608230591]],
        "icov": [[0.000152662367327, 7.25657882867e-005, 4.42992968601e-005, 9.4858387456e-006, 0.000177815309144, 0.000154640423716, 0.00012569676619, -0.000213832739973, -0.000181960000191, 3.70009693142e-005, -0.000238872569753, -3.22832565871e-005, 0.000104994709545], [7.25657882867e-005, 0.00121556036174, 0.000170403131051, 6.04542146903e-005, -0.000479452282889, 0.000155132074724, -0.000525679613929, -0.000709064421244, 0.000872879638337, -0.000423320365371, -0.000919060257729, -0.000138885050546, -3.35713921231e-005], [4.42992968601e-005, 0.000170403131051, 0.00310416938737, -0.00114584737457, 0.000656030024402, -0.00244156434201, -1.94653312064e-005, 0.000198897338123, -0.00129328959156, 0.00068665726576, 0.000123122226796, -0.0011801662622, 4.19337775384e-005], [9.4858387456e-006, 6.04542146903e-005, -0.00114584737457, 0.00663900189102, -0.00188091991004, -0.000882745604031, 0.000784948759247, -0.00063377112383, -0.00131341768429, 0.000513946753927, -0.00120766658802, 0.00187097478192, -0.00166899699252], [0.000177815309144, -0.000479452282889, 0.000656030024402, -0.00188091991004, 0.00561196915805, -0.00112100876868, 0.000988791347481, 0.000108185595309, -0.00172032765113, -0.000669987755828, 0.000528025149833, -0.000499888905324, -0.000575651007239], [0.000154640423716, 0.000155132074724, -0.00244156434201, -0.000882745604031, -0.00112100876868, 0.0064483419992, -0.00167328759562, -0.000694195448887, 0.000107753658085, 0.00187184126116, -0.00223690387793, 0.000560989836231, 0.000706492282916], [0.00012569676619, -0.000525679613929, -1.94653312064e-005, 0.000784948759247, 0.000988791347481, -0.00167328759562, 0.00673461332917, -0.00268868752755, 0.00148231931962, -0.00163394061383, -0.000337111676345, -0.00193642452359, 0.00192142848391], [-0.000213832739973, -0.000709064421244, 0.000198897338123, -0.00063377112383, 0.000108185595309, -0.000694195448887, -0.00268868752755, 0.0112616633996, -0.0048952861689, 0.00168811576441, -0.00187496573199, 0.0007235512021, -0.00231279036961], [-0.000181960000191, 0.000872879638337, -0.00129328959156, -0.00131341768429, -0.00172032765113, 0.000107753658085, 0.00148231931962, -0.0048952861689, 0.0144901582971, -0.00585534330457, -0.000288232404273, 0.00188957422506, -0.000841192551889], [3.70009693142e-005, -0.000423320365371, 0.00068665726576, 0.000513946753927, -0.000669987755828, 0.00187184126116, -0.00163394061383, 0.00168811576441, -0.00585534330457, 0.0118697062135, -0.00344331306405, -0.000454268301837, 0.000272074830718], [-0.000238872569753, -0.000919060257729, 0.000123122226796, -0.00120766658802, 0.000528025149833, -0.00223690387793, -0.000337111676345, -0.00187496573199, -0.000288232404273, -0.00344331306405, 0.0136231314391, -0.00288588320836, 0.00149485480506], [-3.22832565871e-005, -0.000138885050546, -0.0011801662622, 0.00187097478192, -0.000499888905324, 0.000560989836231, -0.00193642452359, 0.0007235512021, 0.00188957422506, -0.000454268301837, -0.00288588320836, 0.0150847807527, -0.00557815795764], [0.000104994709545, -3.35713921231e-005, 4.19337775384e-005, -0.00166899699252, -0.000575651007239, 0.000706492282916, 0.00192142848391, -0.00231279036961, -0.000841192551889, 0.000272074830718, 0.00149485480506, -0.00557815795764, 0.0135696996003]]
    },
    "spectral_contrast_coeffs": {
        "mean": [-0.573127985001, -0.682848334312, -0.760093927383, -0.760423362255, -0.802812755108, -0.788650453091],
        "var": [0.00899296812713, 0.00971385743469, 0.00735672935843, 0.00451449444517, 0.00223899679258, 0.00150840601418]
    },
    "spectral_contrast_valleys": {
        "mean": [-7.70626783371, -6.9173078537, -8.14257717133, -8.63826751709, -8.7674074173, -10.8281097412],
        "var": [2.13095402718, 1.82271015644, 1.5322535038, 1.5311113596, 1.61535286903, 1.68925249577]
    }
},
"metadata": {
    "audio_properties": {
        "analysis_sample_rate": 44100,
        "bit_rate": 111433,
        "equal_loudness": 0,
        "length": 45.0873451233,
        "lossless": 0,
        "replay_gain": -10.5913658142,
        "sample_rate": 44100,
        "codec": "mp3",
        "downmix": "mix",
        "md5_encoded": "b39efebf5f6dad0f1d53abdeaa372756"
    },
    "tags": {
        "file_name": "605.mp3"
    },
    "version": {
        "essentia": "2.1-beta2",
        "essentia_git_sha": "v2.1_beta2",
        "extractor": "music 1.0"
    }
},
"rhythm": {
    "beats_count": 91,
    "beats_loudness": {
        "mean": 0.052914518863,
        "var": 0.000331334100338
    },
    "bpm": 121.399291992,
    "bpm_histogram_first_peak_bpm": {
        "mean": 120,
        "var": 0
    },
    "bpm_histogram_first_peak_spread": {
        "mean": 0.511111140251,
        "var": 0
    },
    "bpm_histogram_first_peak_weight": {
        "mean": 0.488888889551,
        "var": 0
    },
    "bpm_histogram_second_peak_bpm": {
        "mean": 0,
        "var": 0
    },
    "bpm_histogram_second_peak_spread": {
        "mean": 0,
        "var": 0
    },
    "bpm_histogram_second_peak_weight": {
        "mean": 0,
        "var": 0
    },
    "danceability": 1.61224329472,
    "onset_rate": 3.72466206551,
    "beats_loudness_band_ratio": {
        "mean": [0.46031588316, 0.36817458272, 0.164542809129, 0.0447373911738, 0.0212797876447, 0.0269299764186],
        "var": [0.0645110458136, 0.0354603677988, 0.0150254620239, 0.00292669259943, 0.000517892709468, 0.000985686318018]
    },
    "beats_position": [0.46439909935, 0.96362811327, 1.46285712719, 1.97369611263, 2.48453521729, 2.9837641716, 3.48299312592, 3.98222208023, 4.48145103455, 4.98067998886, 5.47990942001, 5.9675283432, 6.45514726639, 6.9543762207, 7.45360517502, 7.94122457504, 8.42884349823, 8.91646194458, 9.41569137573, 9.91492080688, 10.4141492844, 10.9133787155, 11.412607193, 11.9118366241, 12.3994560242, 12.8870744705, 13.3863039017, 13.8855323792, 14.3731517792, 14.8607711792, 15.3483896255, 15.8360090256, 16.3236274719, 16.8228569031, 17.3220863342, 17.8097057343, 18.2973232269, 18.7965526581, 19.2957820892, 19.7834014893, 20.2710208893, 20.758638382, 21.246257782, 21.7454872131, 22.2447166443, 22.7323360443, 23.219953537, 23.7191829681, 24.2184123993, 24.7176418304, 25.2168693542, 25.7044887543, 26.1921081543, 26.7029476166, 27.1905670166, 27.6897945404, 28.1774139404, 28.6766433716, 29.1642627716, 29.6634922028, 30.1627197266, 30.6619491577, 31.1611785889, 31.6487979889, 32.1364173889, 32.6240348816, 33.111656189, 33.6108856201, 34.1101112366, 34.5977325439, 35.0853500366, 35.5845794678, 36.0722007751, 36.5714263916, 37.059047699, 37.5582771301, 38.0575065613, 38.545124054, 39.0327415466, 39.5435829163, 40.0312004089, 40.5304298401, 41.0296592712, 41.5172767639, 42.0048980713, 42.5041275024, 42.9917449951, 43.4909744263, 43.9785919189, 44.4662132263, 44.953830719]
},
"tonal": {
    "chords_changes_rate": 0.0771604925394,
    "chords_number_rate": 0.0113168722019,
    "chords_strength": {
        "mean": 0.464733749628,
        "var": 0.00878907553852
    },
    "hpcp_entropy": {
        "mean": 1.8061517477,
        "var": 0.572464227676
    },
    "key_strength": 0.698787748814,
    "tuning_diatonic_strength": 0.594075322151,
    "tuning_equal_tempered_deviation": 0.202694669366,
    "tuning_frequency": 434.193115234,
    "tuning_nontempered_energy_ratio": 0.865473508835,
    "hpcp": {
        "mean": [0.0932261571288, 0.0760002657771, 0.0462513901293, 0.044465649873, 0.0603353828192, 0.0733961611986, 0.107050485909, 0.170237913728, 0.169330060482, 0.149911984801, 0.11953382194, 0.0795256122947, 0.122388869524, 0.124604187906, 0.13269507885, 0.269666165113, 0.298985272646, 0.155084341764, 0.065288208425, 0.0529211461544, 0.0919101461768, 0.206024736166, 0.254471391439, 0.177639767528, 0.132825762033, 0.0989922136068, 0.0605585202575, 0.0756261050701, 0.0877455025911, 0.143422365189, 0.262225151062, 0.234519690275, 0.113717630506, 0.0823410078883, 0.0780776590109, 0.0822372213006],
        "var": [0.0342563018203, 0.0270220041275, 0.0167167447507, 0.0172584671527, 0.0256532728672, 0.0268498547375, 0.0380493029952, 0.0741116628051, 0.0707073509693, 0.0630810558796, 0.05933566764, 0.0252104438841, 0.080382309854, 0.0689176991582, 0.0468868538737, 0.111372344196, 0.135619595647, 0.0518350712955, 0.0207685269415, 0.0168425235897, 0.0295800864697, 0.0829967781901, 0.119668699801, 0.0589201822877, 0.0599501617253, 0.0442222058773, 0.0184692572802, 0.0323314554989, 0.0389947853982, 0.0451659709215, 0.101202517748, 0.0984775424004, 0.0409511178732, 0.0366274937987, 0.0342287570238, 0.0324911139905]
    },
    "chords_histogram": [38.7860069275, 8.74485588074, 0, 0, 6.27572011948, 9.46502017975, 0.205761313438, 0, 0, 0, 0, 0, 0, 6.48148155212, 0.102880656719, 4.21810722351, 0, 7.51028823853, 2.36625504494, 0, 3.39506173134, 0, 11.4197530746, 1.02880656719],
    "thpcp": [1, 0.5187022686, 0.218365967274, 0.177002519369, 0.307406932116, 0.689079880714, 0.851116836071, 0.594142198563, 0.444255203009, 0.331093937159, 0.202546834946, 0.252942562103, 0.293477684259, 0.479697078466, 0.87705039978, 0.784385442734, 0.380345255136, 0.275401562452, 0.261142164469, 0.275054425001, 0.311808526516, 0.254194021225, 0.154694542289, 0.14872187376, 0.201800525188, 0.2454842031, 0.358046025038, 0.569385588169, 0.56634914875, 0.501402556896, 0.399798363447, 0.265985041857, 0.409347474575, 0.416756927967, 0.443818122149, 0.901937961578],
    "chords_key": "G",
    "chords_scale": "major",
    "key_key": "G",
    "key_scale": "major"
}
}