{
"lowlevel": {
    "average_loudness": 0.960641801357,
    "barkbands_crest": {
        "mean": 9.74652767181,
        "var": 10.4271497726
    },
    "barkbands_flatness_db": {
        "mean": 0.163487508893,
        "var": 0.00139906001277
    },
    "barkbands_kurtosis": {
        "mean": 2.87608456612,
        "var": 46.7241287231
    },
    "barkbands_skewness": {
        "mean": 1.53550195694,
        "var": 0.710392653942
    },
    "barkbands_spread": {
        "mean": 19.1094455719,
        "var": 45.8933486938
    },
    "dissonance": {
        "mean": 0.465649932623,
        "var": 0.000603234046139
    },
    "dynamic_complexity": 1.93300104141,
    "erbbands_crest": {
        "mean": 7.67743825912,
        "var": 9.29493522644
    },
    "erbbands_flatness_db": {
        "mean": 0.177106931806,
        "var": 0.00117340509314
    },
    "erbbands_kurtosis": {
        "mean": -0.287677049637,
        "var": 1.13502705097
    },
    "erbbands_skewness": {
        "mean": -0.124633207917,
        "var": 0.435441821814
    },
    "erbbands_spread": {
        "mean": 34.0604515076,
        "var": 110.900444031
    },
    "hfc": {
        "mean": 21.4563140869,
        "var": 142.432571411
    },
    "melbands_crest": {
        "mean": 14.7744750977,
        "var": 16.5235519409
    },
    "melbands_flatness_db": {
        "mean": 0.244446873665,
        "var": 0.00230308272876
    },
    "melbands_kurtosis": {
        "mean": 9.8932352066,
        "var": 164.587844849
    },
    "melbands_skewness": {
        "mean": 2.57678627968,
        "var": 0.994276881218
    },
    "melbands_spread": {
        "mean": 18.6952495575,
        "var": 81.7173309326
    },
    "pitch_salience": {
        "mean": 0.511152625084,
        "var": 0.00724488776177
    },
    "silence_rate_20dB": {
        "mean": 1,
        "var": 0
    },
    "silence_rate_30dB": {
        "mean": 0.962943911552,
        "var": 0.035683080554
    },
    "silence_rate_60dB": {
        "mean": 0.0169840455055,
        "var": 0.0166955292225
    },
    "spectral_centroid": {
        "mean": 1124.90930176,
        "var": 262641.03125
    },
    "spectral_complexity": {
        "mean": 22.4693775177,
        "var": 52.6978569031
    },
    "spectral_decrease": {
        "mean": -1.14685931862e-008,
        "var": 6.38489663697e-017
    },
    "spectral_energy": {
        "mean": 0.0452313311398,
        "var": 0.000957000302151
    },
    "spectral_energyband_high": {
        "mean": 0.000240997746005,
        "var": 1.61807548693e-007
    },
    "spectral_energyband_low": {
        "mean": 0.0229496378452,
        "var": 0.000583294255193
    },
    "spectral_energyband_middle_high": {
        "mean": 0.00719845155254,
        "var": 1.94094009203e-005
    },
    "spectral_energyband_middle_low": {
        "mean": 0.0158839877695,
        "var": 0.000165929814102
    },
    "spectral_entropy": {
        "mean": 7.18500709534,
        "var": 0.123627603054
    },
    "spectral_flux": {
        "mean": 0.0851237922907,
        "var": 0.00380237074569
    },
    "spectral_kurtosis": {
        "mean": 9.03709602356,
        "var": 24.2049179077
    },
    "spectral_rms": {
        "mean": 0.00630256347358,
        "var": 4.40579242422e-006
    },
    "spectral_rolloff": {
        "mean": 1062.86853027,
        "var": 802438.875
    },
    "spectral_skewness": {
        "mean": 1.96895158291,
        "var": 0.252663403749
    },
    "spectral_spread": {
        "mean": 3154603.75,
        "var": 3.60348568781e+012
    },
    "spectral_strongpeak": {
        "mean": 0.513543188572,
        "var": 0.182372227311
    },
    "zerocrossingrate": {
        "mean": 0.0405336245894,
        "var": 0.000472780695418
    },
    "barkbands": {
        "mean": [0.000410599139286, 0.0142587600276, 0.00728991720825, 0.00192058831453, 0.00522086024284, 0.00466476939619, 0.0014672918478, 0.000584321620408, 0.00190508528613, 0.00049675849732, 0.00104640249629, 0.000751031038817, 0.000675721792504, 0.000717493472621, 0.00122115109116, 0.00111144932453, 0.000519485911354, 0.000383728533052, 0.000281697430182, 0.000133544250275, 5.70657975913e-005, 4.52959247923e-005, 2.55873092101e-005, 2.07259872695e-005, 1.34345800689e-005, 7.91265665612e-006, 6.61342198782e-007],
        "var": [4.86421868118e-007, 0.000297504331684, 6.77883799654e-005, 1.0981016203e-005, 6.20420833002e-005, 2.01430393645e-005, 2.28957628678e-006, 1.35109178245e-006, 3.82895041184e-006, 3.32261549829e-007, 1.39849873904e-006, 5.54169105271e-007, 4.58027329842e-007, 3.99366712145e-007, 1.59523597176e-006, 1.22133792502e-006, 2.84355905933e-007, 1.52210489546e-007, 1.04481550522e-007, 2.95299695807e-008, 8.6142026845e-009, 1.95811153958e-008, 4.65833505103e-009, 1.25535959405e-009, 5.09875419663e-010, 2.36409780641e-010, 9.70322867194e-012]
    },
    "erbbands": {
        "mean": [0.395957022905, 3.22391867638, 8.7635641098, 7.05225372314, 9.32163143158, 20.9640140533, 31.2539024353, 37.5753211975, 16.6830596924, 25.2464828491, 14.8936328888, 30.1946868896, 38.1040725708, 31.1844329834, 28.3239803314, 28.9404468536, 38.5194625854, 27.1259880066, 37.8400268555, 74.705947876, 67.1650848389, 32.6266441345, 23.3471107483, 20.5063228607, 9.40933513641, 6.4511475563, 3.33902335167, 1.57158982754, 1.6870354414, 1.16237449646, 0.684350669384, 0.479854106903, 0.315025508404, 0.188823238015, 0.0823352485895, 0.0288907084614, 0.0164031535387, 0.00309161818586, 0.0001027111648, 5.36286388524e-005],
        "var": [0.343968003988, 14.3776578903, 79.3541641235, 113.71471405, 402.176300049, 895.161193848, 606.928161621, 1418.88598633, 232.077133179, 984.888305664, 520.895385742, 751.595214844, 1727.70715332, 1279.4855957, 621.273010254, 672.427185059, 1255.3338623, 573.518798828, 1029.80456543, 6885.76757813, 5136.59960938, 946.02746582, 510.174957275, 443.13583374, 81.8844223022, 76.6291351318, 22.625535965, 13.1467418671, 26.7223701477, 12.4388093948, 3.21549654007, 0.910614788532, 0.223379433155, 0.114676870406, 0.0185798332095, 0.00219653896056, 0.00119068939239, 9.8702555988e-005, 9.79554144465e-008, 1.35916833344e-009]
    },
    "gfcc": {
        "mean": [7.77340221405, 136.500244141, -123.608566284, 25.9491443634, -31.7457485199, 6.53842353821, -43.0704879761, 15.3732309341, -22.455247879, 0.231476217508, -9.37306118011, -2.13676166534, -0.182729408145],
        "cov": [[4678.88574219, 113.282958984, -515.928283691, 83.5842132568, 259.126831055, 241.020111084, -12.3793582916, 71.2646484375, -221.154541016, 8.08336257935, -54.0419044495, 129.074935913, -68.8577804565], [113.282958984, 853.789428711, -402.14440918, -148.905395508, 391.97857666, -44.6950874329, 69.3843078613, 34.961643219, 39.8632698059, -130.193954468, 157.623031616, -100.404457092, 162.242126465], [-515.928283691, -402.14440918, 673.936157227, 156.345733643, -177.915863037, 30.0384311676, -15.66015625, 2.95540142059, 67.0929489136, 123.293678284, -74.7459335327, 66.2451553345, -111.171386719], [83.5842132568, -148.905395508, 156.345733643, 209.170303345, -66.7097244263, 41.7059707642, 27.60521698, 5.26705026627, 14.3634109497, 41.1751861572, -10.1425952911, 3.80142140388, 5.79693365097], [259.126831055, 391.97857666, -177.915863037, -66.7097244263, 488.112884521, -3.40076732635, 79.3427505493, 97.7281570435, -39.489200592, -31.4515361786, 100.956253052, -9.21461963654, 79.2698745728], [241.020111084, -44.6950874329, 30.0384311676, 41.7059707642, -3.40076732635, 147.837371826, 11.1743593216, 9.53391551971, 2.407589674, 15.5710468292, 4.35276222229, 19.7221279144, -2.59824132919], [-12.3793582916, 69.3843078613, -15.66015625, 27.60521698, 79.3427505493, 11.1743593216, 108.035934448, 33.3099517822, 10.9581432343, -0.737475216389, 19.5243930817, -9.37344646454, 21.0477619171], [71.2646484375, 34.961643219, 2.95540142059, 5.26705026627, 97.7281570435, 9.53391551971, 33.3099517822, 98.2941436768, -4.85382270813, 12.1964159012, 24.186126709, 9.54746246338, 12.545384407], [-221.154541016, 39.8632698059, 67.0929489136, 14.3634109497, -39.489200592, 2.407589674, 10.9581432343, -4.85382270813, 101.145866394, 11.9823913574, -12.1361484528, -6.05237150192, 7.57285118103], [8.08336257935, -130.193954468, 123.293678284, 41.1751861572, -31.4515361786, 15.5710468292, -0.737475216389, 12.1964159012, 11.9823913574, 87.5682983398, -4.14144277573, 19.8741645813, -16.345911026], [-54.0419044495, 157.623031616, -74.7459335327, -10.1425952911, 100.956253052, 4.35276222229, 19.5243930817, 24.186126709, -12.1361484528, -4.14144277573, 103.069267273, -6.15858030319, 37.6111526489], [129.074935913, -100.404457092, 66.2451553345, 3.80142140388, -9.21461963654, 19.7221279144, -9.37344646454, 9.54746246338, -6.05237150192, 19.8741645813, -6.15858030319, 66.5666351318, -25.8452358246], [-68.8577804565, 162.242126465, -111.171386719, 5.79693365097, 79.2698745728, -2.59824132919, 21.0477619171, 12.545384407, 7.57285118103, -16.345911026, 37.6111526489, -25.8452358246, 109.405525208]],
        "icov": [[0.000602459709626, -0.0012967310613, 0.000974180933554, -0.00138959428295, 0.00016309163766, -0.00076931877993, 0.00041414811858, -0.000379453384085, 0.00162528723013, -0.00178818812128, 0.00217501400039, -0.0021645820234, 0.00155435211491], [-0.0012967310613, 0.00907908100635, -0.00165641785134, 0.00509440666065, -0.00364399538375, 0.0017323383363, -0.000929529720452, 0.00201100646518, -0.00856573972851, 0.00910074543208, -0.00995203480124, 0.00937739294022, -0.00601419713348], [0.000974180933554, -0.00165641785134, 0.0048056691885, -0.00398508133367, 3.88176777051e-005, -0.000854315818287, 0.00108254142106, -0.00084821076598, 0.000485364173073, -0.0050922636874, 0.00397112919018, -0.00463346438482, 0.00475030019879], [-0.00138959428295, 0.00509440666065, -0.00398508133367, 0.0112939979881, -0.000211530626984, 0.000207566423342, -0.00332770403475, 0.00109632161912, -0.0040848441422, 0.00484346691519, -0.00692712934688, 0.00773287052289, -0.00718990294263], [0.00016309163766, -0.00364399538375, 3.88176777051e-005, -0.000211530626984, 0.00559090031311, -0.000229127253988, -0.00169315992389, -0.0032882723026, 0.0042670564726, -0.00260197161697, 0.00139963405672, -0.00337634445168, 0.000240721259615], [-0.00076931877993, 0.0017323383363, -0.000854315818287, 0.000207566423342, -0.000229127253988, 0.00855504442006, -0.00096406537341, 0.00030435496592, -0.00245052878745, 0.001853063819, -0.00322549114935, 0.00044225223246, -0.00175269367173], [0.00041414811858, -0.000929529720452, 0.00108254142106, -0.00332770403475, -0.00169315992389, -0.00096406537341, 0.0126761579886, -0.00281122000888, -0.000964980514254, -0.000848696159665, 0.00136846955866, 1.21642051454e-005, 0.0014754163567], [-0.000379453384085, 0.00201100646518, -0.00084821076598, 0.00109632161912, -0.0032882723026, 0.00030435496592, -0.00281122000888, 0.0147206448019, -0.00173201481812, 9.4040784461e-005, -0.0030843410641, 0.000402311707148, -0.00160913227592], [0.00162528723013, -0.00856573972851, 0.000485364173073, -0.0040848441422, 0.0042670564726, -0.00245052878745, -0.000964980514254, -0.00173201481812, 0.0204963907599, -0.0093204556033, 0.0107854055241, -0.00798005890101, 0.00326522346586], [-0.00178818812128, 0.00910074543208, -0.0050922636874, 0.00484346691519, -0.00260197161697, 0.001853063819, -0.000848696159665, 9.4040784461e-005, -0.0093204556033, 0.026178073138, -0.0123878214508, 0.00834445655346, -0.00718445098028], [0.00217501400039, -0.00995203480124, 0.00397112919018, -0.00692712934688, 0.00139963405672, -0.00322549114935, 0.00136846955866, -0.0030843410641, 0.0107854055241, -0.0123878214508, 0.0256110932678, -0.0118863722309, 0.00531933130696], [-0.0021645820234, 0.00937739294022, -0.00463346438482, 0.00773287052289, -0.00337634445168, 0.00044225223246, 1.21642051454e-005, 0.000402311707148, -0.00798005890101, 0.00834445655346, -0.0118863722309, 0.0306814070791, -0.00484478194267], [0.00155435211491, -0.00601419713348, 0.00475030019879, -0.00718990294263, 0.000240721259615, -0.00175269367173, 0.0014754163567, -0.00160913227592, 0.00326522346586, -0.00718445098028, 0.00531933130696, -0.00484478194267, 0.0196572802961]]
    },
    "melbands": {
        "mean": [0.00370440050028, 0.00458191381767, 0.0013193464838, 0.00105890573468, 0.00113588094246, 0.000852417259011, 0.00025676417863, 0.000243161004619, 0.000128132785903, 0.000227667725994, 0.000191649189219, 0.000117364208563, 0.000125166901853, 5.35272156412e-005, 0.000123325909954, 4.83121148136e-005, 5.53313730052e-005, 5.65035843465e-005, 0.000102009544207, 7.23702105461e-005, 7.88863253547e-005, 3.07485279336e-005, 2.41422239924e-005, 2.26833999477e-005, 1.64532521012e-005, 8.46121565701e-006, 4.5264300752e-006, 4.45243358627e-006, 2.24124369197e-006, 1.05889660063e-006, 8.66191214755e-007, 1.0198457403e-006, 7.98522250989e-007, 5.60915225378e-007, 3.9888828951e-007, 3.38225817131e-007, 2.73447000154e-007, 2.18633076088e-007, 1.92248322151e-007, 1.48952722157e-007],
        "var": [2.41071593337e-005, 2.08666824619e-005, 3.38608288075e-006, 3.79804851036e-006, 7.86442797107e-007, 7.06580010501e-007, 5.69194327227e-008, 1.00085529198e-007, 3.37850636356e-008, 5.50455112602e-008, 4.56504380963e-008, 1.82591790576e-008, 1.49840921893e-008, 4.23346246947e-009, 1.46000651569e-008, 2.18361440041e-009, 2.7633531019e-009, 2.98347613281e-009, 1.03354675929e-008, 6.57751275668e-009, 8.06116418062e-009, 9.84367698464e-010, 7.25454085693e-010, 5.65119062657e-010, 3.36919409039e-010, 8.7450220676e-011, 2.74929887883e-011, 4.91523800827e-011, 1.06938329719e-011, 3.60553861073e-012, 5.33809888653e-012, 1.04464804862e-011, 5.9595136985e-012, 2.97654674346e-012, 1.25421591515e-012, 5.19504415614e-013, 3.06298823111e-013, 1.06341185044e-013, 9.26436255185e-014, 8.20254034508e-014]
    },
    "mfcc": {
        "mean": [-635.8203125, 169.391723633, -20.2994060516, 25.3431396484, 25.3644275665, -5.20634317398, 4.88880491257, 1.55308485031, 1.57820630074, 4.30123710632, -7.05733394623, -1.46534073353, -0.568735599518],
        "cov": [[3190.28955078, 103.825744629, -617.493225098, -35.6039924622, 119.844802856, 141.358917236, 236.470687866, 137.948287964, -19.1504859924, -56.9583778381, -53.236000061, -32.2910957336, 32.6385917664], [103.825744629, 942.024719238, -588.559082031, -23.6162948608, 261.018707275, -115.017585754, 182.09324646, 48.4708786011, 27.6168632507, 27.670173645, -74.2891540527, 40.7921142578, 24.5486545563], [-617.493225098, -588.559082031, 859.456726074, 56.6674118042, -179.986373901, 120.89617157, -224.269332886, -43.2546424866, 8.69884777069, 1.84899699688, 125.366317749, -4.79209566116, -16.5018520355], [-35.6039924622, -23.6162948608, 56.6674118042, 168.785903931, 35.5879020691, -0.217526361346, 46.1946182251, -0.900606215, 23.0856018066, 27.7854671478, -4.01409721375, 21.1119403839, 17.3694610596], [119.844802856, 261.018707275, -179.986373901, 35.5879020691, 222.6197052, -15.9618740082, 119.306175232, 25.2518119812, 21.0741138458, 17.9274597168, -32.4126586914, 29.1913795471, 32.1983528137], [141.358917236, -115.017585754, 120.89617157, -0.217526361346, -15.9618740082, 120.101455688, -18.4712944031, 6.9486117363, 13.5213537216, -5.22832107544, 31.3278770447, -1.64897239208, 3.61432862282], [236.470687866, 182.09324646, -224.269332886, 46.1946182251, 119.306175232, -18.4712944031, 207.697402954, 37.6373519897, -0.678954362869, 25.87266922, -29.446352005, 21.4606647491, 15.9326343536], [137.948287964, 48.4708786011, -43.2546424866, -0.900606215, 25.2518119812, 6.9486117363, 37.6373519897, 88.3164138794, 11.87458992, -2.11512923241, 11.3951683044, -4.58373498917, 1.88516998291], [-19.1504859924, 27.6168632507, 8.69884777069, 23.0856018066, 21.0741138458, 13.5213537216, -0.678954362869, 11.87458992, 96.8851776123, 23.6923522949, -22.4325027466, 23.3491153717, 14.1681957245], [-56.9583778381, 27.670173645, 1.84899699688, 27.7854671478, 17.9274597168, -5.22832107544, 25.87266922, -2.11512923241, 23.6923522949, 65.9311676025, 5.84914922714, 6.53986978531, 7.81778383255], [-53.236000061, -74.2891540527, 125.366317749, -4.01409721375, -32.4126586914, 31.3278770447, -29.446352005, 11.3951683044, -22.4325027466, 5.84914922714, 94.7957458496, -11.6533546448, -13.6208314896], [-32.2910957336, 40.7921142578, -4.79209566116, 21.1119403839, 29.1913795471, -1.64897239208, 21.4606647491, -4.58373498917, 23.3491153717, 6.53986978531, -11.6533546448, 69.4737243652, 27.1477298737], [32.6385917664, 24.5486545563, -16.5018520355, 17.3694610596, 32.1983528137, 3.61432862282, 15.9326343536, 1.88516998291, 14.1681957245, 7.81778383255, -13.6208314896, 27.1477298737, 57.790512085]],
        "icov": [[0.000504629453644, 0.000245656614425, 0.000596539932303, -8.03519724286e-005, -2.40547833528e-005, -0.000947363267187, -0.000150164909428, -0.000479284586618, 0.000106202089228, 0.000294880679576, -2.67591076408e-006, 0.000178627829882, -0.000215647523873], [0.000245656614425, 0.00267977965996, 0.00167790253181, 0.000346857734257, -0.00211349618621, 0.000624084612355, 0.000470554659842, -0.000579256739002, -0.000444799399702, -0.000429226609413, -0.000791387283243, -0.000874477671459, 0.000516858301125], [0.000596539932303, 0.00167790253181, 0.00403298577294, -0.0014393790625, -0.000424760801252, -0.00218682712875, 0.00241535762325, -0.000347965105902, -0.000198653957341, -0.000345499691321, -0.00249344506301, -0.00105394108687, 0.000256286060903], [-8.03519724286e-005, 0.000346857734257, -0.0014393790625, 0.00795011781156, -0.000830835022498, 0.00130720902234, -0.00268441415392, 0.000657109601889, -0.00124042807147, -0.00155260006431, 0.000442698103143, -0.000494185253046, -0.000952019647229], [-2.40547833528e-005, -0.00211349618621, -0.000424760801252, -0.000830835022498, 0.00906139984727, -0.000866870570462, -0.00346023472957, 2.19147841563e-005, -0.000649616704322, 0.000563762907404, 0.000578835955821, 5.47707095393e-005, -0.00280764745548], [-0.000947363267187, 0.000624084612355, -0.00218682712875, 0.00130720902234, -0.000866870570462, 0.0132627263665, -0.00127963861451, 0.000828854914289, -0.00345644075423, 0.00186330033466, -0.00330242002383, 0.000708141247742, -0.00128381105606], [-0.000150164909428, 0.000470554659842, 0.00241535762325, -0.00268441415392, -0.00346023472957, -0.00127963861451, 0.0110864248127, -0.00336604285985, 0.00334593560547, -0.00410067895427, 0.00101176532917, -0.002839284949, 0.0017493609339], [-0.000479284586618, -0.000579256739002, -0.000347965105902, 0.000657109601889, 2.19147841563e-005, 0.000828854914289, -0.00336604285985, 0.0149878086522, -0.00435360940173, 0.00323406420648, -0.00439664209262, 0.00279308040626, -0.00112355314195], [0.000106202089228, -0.000444799399702, -0.000198653957341, -0.00124042807147, -0.000649616704322, -0.00345644075423, 0.00334593560547, -0.00435360940173, 0.0159884151071, -0.00668449653313, 0.00616246461868, -0.00447155861184, 0.000780212518293], [0.000294880679576, -0.000429226609413, -0.000345499691321, -0.00155260006431, 0.000563762907404, 0.00186330033466, -0.00410067895427, 0.00323406420648, -0.00668449653313, 0.0208440795541, -0.00477973604575, 0.00260475836694, -0.00255292048678], [-2.67591076408e-006, -0.000791387283243, -0.00249344506301, 0.000442698103143, 0.000578835955821, -0.00330242002383, 0.00101176532917, -0.00439664209262, 0.00616246461868, -0.00477973604575, 0.0174574423581, -0.000531351426616, 0.00274113379419], [0.000178627829882, -0.000874477671459, -0.00105394108687, -0.000494185253046, 5.47707095393e-005, 0.000708141247742, -0.002839284949, 0.00279308040626, -0.00447155861184, 0.00260475836694, -0.000531351426616, 0.0205314084888, -0.00829115975648], [-0.000215647523873, 0.000516858301125, 0.000256286060903, -0.000952019647229, -0.00280764745548, -0.00128381105606, 0.0017493609339, -0.00112355314195, 0.000780212518293, -0.00255292048678, 0.00274113379419, -0.00829115975648, 0.0234593879431]]
    },
    "spectral_contrast_coeffs": {
        "mean": [-0.646379470825, -0.685483813286, -0.725706100464, -0.723986268044, -0.728275239468, -0.758649945259],
        "var": [0.00554284313694, 0.00429635681212, 0.00257299770601, 0.00206776196137, 0.00192868174054, 0.00127868342679]
    },
    "spectral_contrast_valleys": {
        "mean": [-6.66123533249, -6.52982378006, -7.22251176834, -7.53446435928, -7.8399271965, -11.3062114716],
        "var": [1.45235574245, 1.03122830391, 1.16898715496, 1.2194852829, 1.19945287704, 1.25438249111]
    }
},
"metadata": {
    "audio_properties": {
        "analysis_sample_rate": 44100,
        "bit_rate": 104539,
        "equal_loudness": 0,
        "length": 45.0873451233,
        "lossless": 0,
        "replay_gain": -8.12760353088,
        "sample_rate": 44100,
        "codec": "mp3",
        "downmix": "mix",
        "md5_encoded": "079bd47dc0b7ec89e8b931c638aa1fa7"
    },
    "tags": {
        "file_name": "606.mp3"
    },
    "version": {
        "essentia": "2.1-beta2",
        "essentia_git_sha": "v2.1_beta2",
        "extractor": "music 1.0"
    }
},
"rhythm": {
    "beats_count": 89,
    "beats_loudness": {
        "mean": 0.0550742968917,
        "var": 0.000690574583132
    },
    "bpm": 119.974510193,
    "bpm_histogram_first_peak_bpm": {
        "mean": 120,
        "var": 0
    },
    "bpm_histogram_first_peak_spread": {
        "mean": 0.218390792608,
        "var": 0
    },
    "bpm_histogram_first_peak_weight": {
        "mean": 0.772727251053,
        "var": 0
    },
    "bpm_histogram_second_peak_bpm": {
        "mean": 115,
        "var": 0
    },
    "bpm_histogram_second_peak_spread": {
        "mean": 0,
        "var": 0
    },
    "bpm_histogram_second_peak_weight": {
        "mean": 0.0113636367023,
        "var": 0
    },
    "danceability": 1.0634701252,
    "onset_rate": 3.56946802139,
    "beats_loudness_band_ratio": {
        "mean": [0.492067605257, 0.251315653324, 0.119258977473, 0.0717818364501, 0.0809511840343, 0.0268744770437],
        "var": [0.0398057624698, 0.020675195381, 0.00667130341753, 0.00160467543174, 0.00232026563026, 0.000399145297706]
    },
    "beats_position": [0.545668900013, 1.06811785698, 1.57895684242, 2.08979582787, 2.58902478218, 3.08825397491, 3.58748292923, 4.09832191467, 4.59755086899, 5.0967798233, 5.59600877762, 6.09523820877, 6.59446716309, 7.0936961174, 7.59292507172, 8.09215450287, 8.59138298035, 9.0906124115, 9.58984088898, 10.0890703201, 10.5882987976, 11.0875282288, 11.5867567062, 12.0859861374, 12.5852155685, 13.084444046, 13.5836734772, 14.0829019547, 14.5821313858, 15.0813598633, 15.5805892944, 16.0914287567, 16.5906581879, 17.0898857117, 17.5891151428, 18.0999546051, 18.5991840363, 19.0984115601, 19.5976409912, 20.0852603912, 20.5844898224, 21.0837192535, 21.5829467773, 22.0821762085, 22.5814056396, 23.0806350708, 23.5914726257, 24.0790920258, 24.5783214569, 25.0775508881, 25.5883903503, 26.0876178741, 26.5868473053, 27.0860767365, 27.5853061676, 28.0845336914, 28.5953731537, 29.0946025848, 29.6054420471, 30.0930614471, 30.5922889709, 31.0915184021, 31.5907478333, 32.0899772644, 32.5892066956, 33.0884361267, 33.5992736816, 34.0985031128, 34.5977325439, 35.0853500366, 35.5845794678, 36.0838088989, 36.5830383301, 37.0822677612, 37.5931053162, 38.1039466858, 38.5915641785, 39.0907936096, 39.5900230408, 40.0892524719, 40.5884780884, 41.0877075195, 41.5869369507, 42.0977783203, 42.585395813, 43.0846252441, 43.5838546753, 44.0830841064, 44.5823135376]
},
"tonal": {
    "chords_changes_rate": 0.0432098768651,
    "chords_number_rate": 0.0102880662307,
    "chords_strength": {
        "mean": 0.460709631443,
        "var": 0.00738940946758
    },
    "hpcp_entropy": {
        "mean": 2.15780854225,
        "var": 0.307727962732
    },
    "key_strength": 0.797028839588,
    "tuning_diatonic_strength": 0.557790577412,
    "tuning_equal_tempered_deviation": 0.101740144193,
    "tuning_frequency": 442.804626465,
    "tuning_nontempered_energy_ratio": 0.680230796337,
    "hpcp": {
        "mean": [0.215397983789, 0.0835283845663, 0.0830430388451, 0.105651967227, 0.0773020833731, 0.209466397762, 0.299795746803, 0.148374930024, 0.0513978488743, 0.0411005206406, 0.0399191603065, 0.140889510512, 0.194014027715, 0.0960807651281, 0.032719258219, 0.0214961413294, 0.0230651851743, 0.0776455104351, 0.105460688472, 0.0845349133015, 0.268226027489, 0.390764802694, 0.196517243981, 0.0582189373672, 0.0392706282437, 0.0477350465953, 0.19495908916, 0.271858900785, 0.132460102439, 0.0688263699412, 0.0981614068151, 0.105848416686, 0.188917770982, 0.249049648643, 0.199835047126, 0.23939062655],
        "var": [0.120060153306, 0.0273139551282, 0.0187857821584, 0.027205709368, 0.0188591200858, 0.0437369719148, 0.0740132331848, 0.0280083473772, 0.0222750063986, 0.0157778300345, 0.0118859484792, 0.0403111949563, 0.060665268451, 0.0176941715181, 0.00741531467065, 0.00521404575557, 0.00559078529477, 0.0117769399658, 0.0202471818775, 0.0147546725348, 0.0608755163848, 0.138455048203, 0.0471113175154, 0.0197819843888, 0.0117121823132, 0.0103190420195, 0.0532330162823, 0.113226130605, 0.0487894006073, 0.0255866721272, 0.0440331883729, 0.0413449555635, 0.0620839335024, 0.110228188336, 0.0668672695756, 0.134318634868]
    },
    "chords_histogram": [26.3374481201, 9.97942352295, 12.448559761, 4.11522626877, 1.95473253727, 0, 0, 0, 2.88065838814, 0, 0, 0, 0, 0, 0, 0, 0, 4.93827152252, 0, 0, 0, 16.563785553, 14.4032926559, 6.37860059738],
    "thpcp": [1, 0.502904176712, 0.148987159133, 0.100496843457, 0.122157998383, 0.498916715384, 0.695709824562, 0.338976532221, 0.176132470369, 0.251203298569, 0.270875006914, 0.483456462622, 0.637338995934, 0.511394679546, 0.612620770931, 0.551221549511, 0.213756158948, 0.21251411736, 0.270372271538, 0.197822540998, 0.536042153835, 0.767202556133, 0.379703938961, 0.13153141737, 0.105179689825, 0.102156490088, 0.360548108816, 0.496498227119, 0.245878756046, 0.0837313309312, 0.0550104342401, 0.0590257495642, 0.198701396585, 0.269882768393, 0.216331958771, 0.686412990093],
    "chords_key": "E",
    "chords_scale": "major",
    "key_key": "E",
    "key_scale": "major"
}
}