{
"lowlevel": {
    "average_loudness": 0.918902516365,
    "barkbands_crest": {
        "mean": 12.5161876678,
        "var": 9.64343643188
    },
    "barkbands_flatness_db": {
        "mean": 0.32692939043,
        "var": 0.00135874969419
    },
    "barkbands_kurtosis": {
        "mean": 13.7524385452,
        "var": 185.135742188
    },
    "barkbands_skewness": {
        "mean": 2.8443903923,
        "var": 2.19716525078
    },
    "barkbands_spread": {
        "mean": 6.43935489655,
        "var": 22.972864151
    },
    "dissonance": {
        "mean": 0.431449621916,
        "var": 0.000975966104306
    },
    "dynamic_complexity": 2.78324365616,
    "erbbands_crest": {
        "mean": 10.0307922363,
        "var": 8.51238822937
    },
    "erbbands_flatness_db": {
        "mean": 0.320927262306,
        "var": 0.000683284946717
    },
    "erbbands_kurtosis": {
        "mean": 1.30160915852,
        "var": 8.25022602081
    },
    "erbbands_skewness": {
        "mean": 0.793318092823,
        "var": 1.33893871307
    },
    "erbbands_spread": {
        "mean": 22.306684494,
        "var": 45.1092414856
    },
    "hfc": {
        "mean": 9.05591487885,
        "var": 55.670665741
    },
    "melbands_crest": {
        "mean": 15.4422597885,
        "var": 11.8062925339
    },
    "melbands_flatness_db": {
        "mean": 0.406649231911,
        "var": 0.00187215488404
    },
    "melbands_kurtosis": {
        "mean": 18.5508975983,
        "var": 235.18548584
    },
    "melbands_skewness": {
        "mean": 3.18292951584,
        "var": 1.47415208817
    },
    "melbands_spread": {
        "mean": 8.40212249756,
        "var": 75.9050216675
    },
    "pitch_salience": {
        "mean": 0.567365884781,
        "var": 0.0121708316728
    },
    "silence_rate_20dB": {
        "mean": 1,
        "var": 0
    },
    "silence_rate_30dB": {
        "mean": 0.994850695133,
        "var": 0.00512289023027
    },
    "silence_rate_60dB": {
        "mean": 0.00514933047816,
        "var": 0.00512300059199
    },
    "spectral_centroid": {
        "mean": 452.892944336,
        "var": 153022.453125
    },
    "spectral_complexity": {
        "mean": 10.3259525299,
        "var": 19.2393188477
    },
    "spectral_decrease": {
        "mean": -6.23566709379e-009,
        "var": 2.97312237168e-017
    },
    "spectral_energy": {
        "mean": 0.024356206879,
        "var": 0.000448435021099
    },
    "spectral_energyband_high": {
        "mean": 2.6739930945e-006,
        "var": 1.05760669319e-012
    },
    "spectral_energyband_low": {
        "mean": 0.00209515355527,
        "var": 6.8763897616e-006
    },
    "spectral_energyband_middle_high": {
        "mean": 0.00292444322258,
        "var": 1.23132385852e-005
    },
    "spectral_energyband_middle_low": {
        "mean": 0.0209862962365,
        "var": 0.000391785375541
    },
    "spectral_entropy": {
        "mean": 6.30532693863,
        "var": 0.097701869905
    },
    "spectral_flux": {
        "mean": 0.0676359608769,
        "var": 0.00133631110657
    },
    "spectral_kurtosis": {
        "mean": 24.9178581238,
        "var": 217.992553711
    },
    "spectral_rms": {
        "mean": 0.00447494070977,
        "var": 3.73708371626e-006
    },
    "spectral_rolloff": {
        "mean": 629.831359863,
        "var": 785051.75
    },
    "spectral_skewness": {
        "mean": 3.04832005501,
        "var": 1.01254999638
    },
    "spectral_spread": {
        "mean": 1649609.875,
        "var": 1.80234289152e+012
    },
    "spectral_strongpeak": {
        "mean": 0.711897909641,
        "var": 0.27229809761
    },
    "zerocrossingrate": {
        "mean": 0.0231061130762,
        "var": 0.000520902976859
    },
    "barkbands": {
        "mean": [9.34305148803e-007, 6.45654217806e-005, 0.000590555602685, 0.00597637193277, 0.0101231085137, 0.00356891797855, 0.000678982585669, 0.000202736468054, 0.000184578049812, 0.000597323116381, 0.000364566862117, 0.000492369115818, 0.000672277819831, 0.000361843034625, 0.000323225976899, 4.65126795461e-005, 8.56022379594e-005, 1.17997769848e-005, 5.78825529374e-006, 2.7082521683e-006, 1.18747004763e-006, 2.47426953592e-007, 3.37392549454e-008, 3.84590759239e-009, 1.68730063255e-009, 1.55931545454e-009, 8.78625339151e-010],
        "var": [5.97051401374e-012, 7.72965336182e-009, 6.96632355357e-007, 4.86688804813e-005, 9.0350251412e-005, 3.28036185238e-005, 6.88073839683e-007, 7.42770822626e-008, 3.95696986288e-008, 8.31028273751e-007, 4.52464036016e-007, 6.57291025163e-007, 1.38317773235e-006, 8.29793691537e-007, 2.53369734082e-007, 1.54360579874e-009, 1.56351180891e-008, 4.79761820549e-011, 8.91367795547e-012, 1.59056242569e-012, 2.99138020127e-013, 1.17348537436e-014, 2.36869825554e-016, 7.44530181585e-017, 1.07512211164e-016, 1.21487196002e-016, 2.04880023225e-018]
    },
    "erbbands": {
        "mean": [0.000961611629464, 0.027319105342, 0.545855998993, 9.08708286285, 35.0297431946, 25.5679111481, 23.290435791, 44.8387451172, 17.3301277161, 4.96141910553, 2.99035382271, 4.76936197281, 16.5335483551, 12.3162784576, 23.3516788483, 21.9590110779, 27.5759887695, 15.484998703, 20.0636482239, 10.5702257156, 3.06677794456, 5.6655831337, 1.02034926414, 0.410513222218, 0.235855340958, 0.134288609028, 0.0714997798204, 0.0307226702571, 0.0108183277771, 0.00302801886573, 0.000774329120759, 0.000165213190485, 6.33178351563e-005, 3.91706853407e-005, 2.30055447901e-005, 1.78053760465e-005, 1.03286438389e-005, 1.88130513834e-006, 1.15629254651e-005, 2.71561002592e-005],
        "var": [9.21754065075e-007, 0.000924132938962, 0.400960743427, 105.587097168, 1742.32067871, 516.430603027, 495.881713867, 5459.77636719, 416.746337891, 28.0906276703, 11.2759618759, 21.747877121, 937.076721191, 204.313919067, 1450.83911133, 1683.73913574, 1946.80578613, 662.116455078, 1663.06005859, 243.033187866, 6.42172193527, 74.4404067993, 0.635327935219, 0.0487793013453, 0.0119681572542, 0.00379744474776, 0.00109189015348, 0.000165167381056, 1.94432977878e-005, 1.54087604187e-006, 1.3357534101e-007, 1.42953133775e-008, 4.50357795501e-008, 3.15930321904e-008, 1.73956493654e-009, 1.76900460946e-009, 6.5019961637e-010, 4.69339714662e-012, 9.74622257899e-011, 5.49533862859e-010]
    },
    "gfcc": {
        "mean": [-153.441223145, 225.759689331, -154.996887207, -0.605587303638, -22.2089576721, -46.1915435791, -26.0695915222, -47.269947052, -25.6574668884, -26.3036880493, -17.8603858948, -8.66925048828, -1.10750818253],
        "cov": [[3564.39990234, 818.595275879, -495.955291748, -633.880859375, 435.368591309, 229.91217041, -136.449264526, -167.347747803, -127.56552887, 14.1508169174, -71.064666748, -104.960670471, -73.4954299927], [818.595275879, 269.052703857, -126.221801758, -146.133392334, 124.790336609, 36.9644699097, -3.67698597908, -32.71434021, -2.13495182991, -8.71678447723, -23.0294265747, -25.5718002319, -21.4478912354], [-495.955291748, -126.221801758, 295.548675537, 155.263305664, -87.8385925293, -142.946212769, -60.0838356018, 76.83253479, 24.8555164337, -26.8936767578, -12.5279140472, 37.0172615051, 22.5942668915], [-633.880859375, -146.133392334, 155.263305664, 334.930084229, -168.076065063, -158.201034546, 28.4238109589, 51.5521774292, 43.3185424805, -45.4408988953, 9.89165782928, 51.0920791626, 31.4460334778], [435.368591309, 124.790336609, -87.8385925293, -168.076065063, 235.536514282, 156.247833252, 2.04638361931, -18.4219551086, -21.621723175, 25.124004364, -24.8061122894, -43.7180633545, -32.0874176025], [229.91217041, 36.9644699097, -142.946212769, -158.201034546, 156.247833252, 240.726699829, 72.3806915283, -25.1609134674, -51.1963768005, 34.6556091309, 5.61320257187, -43.7060279846, -25.7993602753], [-136.449264526, -3.67698597908, -60.0838356018, 28.4238109589, 2.04638361931, 72.3806915283, 114.409713745, 6.9921040535, -17.0711746216, -20.257484436, -1.66280353069, -9.08564758301, -2.33728790283], [-167.347747803, -32.71434021, 76.83253479, 51.5521774292, -18.4219551086, -25.1609134674, 6.9921040535, 102.877403259, 36.5160217285, -27.6937007904, -22.215013504, 23.5660076141, 18.1427955627], [-127.56552887, -2.13495182991, 24.8555164337, 43.3185424805, -21.621723175, -51.1963768005, -17.0711746216, 36.5160217285, 60.4112167358, 2.82226419449, 1.06509184837, 19.1618843079, 6.18732070923], [14.1508169174, -8.71678447723, -26.8936767578, -45.4408988953, 25.124004364, 34.6556091309, -20.257484436, -27.6937007904, 2.82226419449, 59.9693641663, 26.6732521057, -18.5573577881, -23.1781806946], [-71.064666748, -23.0294265747, -12.5279140472, 9.89165782928, -24.8061122894, 5.61320257187, -1.66280353069, -22.215013504, 1.06509184837, 26.6732521057, 46.3131866455, 17.2336025238, -5.19896364212], [-104.960670471, -25.5718002319, 37.0172615051, 51.0920791626, -43.7180633545, -43.7060279846, -9.08564758301, 23.5660076141, 19.1618843079, -18.5573577881, 17.2336025238, 59.622592926, 30.6828098297], [-73.4954299927, -21.4478912354, 22.5942668915, 31.4460334778, -32.0874176025, -25.7993602753, -2.33728790283, 18.1427955627, 6.18732070923, -23.1781806946, -5.19896364212, 30.6828098297, 41.6000137329]],
        "icov": [[0.00300134252757, -0.00938128866255, 0.00284540955909, -0.0016913296422, 0.00254208082333, -0.00364612415433, 0.00844028685242, -0.00273128901608, 0.0087034534663, -0.00187549600378, 0.00414671190083, -0.00313861551695, 0.00205749995075], [-0.00938128866255, 0.038867495954, -0.00547043420374, 0.00887323450297, -0.0146106462926, 0.018646903336, -0.0286762285978, 0.00884853303432, -0.0287865046412, 0.0121662002057, -0.0163685251027, 0.0112337218598, -0.00471790274605], [0.00284540955909, -0.00547043420374, 0.0123992208391, -0.0037014069967, -0.00125490641221, 0.00268708006479, 0.0112936943769, -0.0100900940597, 0.0152396876365, -0.00237548886798, 0.00291978241876, -0.00320176011883, 0.00313996174373], [-0.0016913296422, 0.00887323450297, -0.0037014069967, 0.0103667909279, -0.00243008113466, 0.00814004056156, -0.0118668200448, 0.00276287528686, -0.00901891477406, 0.00514716794714, -0.00679914141074, 0.00286254333332, -0.00168896140531], [0.00254208082333, -0.0146106462926, -0.00125490641221, -0.00243008113466, 0.0203445609659, -0.019690901041, 0.0137419793755, 0.00211518560536, 0.00222780392505, -0.0043602315709, 0.0186378695071, -0.00946304481477, 0.00935512408614], [-0.00364612415433, 0.018646903336, 0.00268708006479, 0.00814004056156, -0.019690901041, 0.0337506756186, -0.0250187646598, -0.00628661643714, 0.00263845315203, -0.00434956746176, -0.0183160305023, 0.0101080769673, -0.00992147251964], [0.00844028685242, -0.0286762285978, 0.0112936943769, -0.0118668200448, 0.0137419793755, -0.0250187646598, 0.0476672910154, -0.00980226695538, 0.0239021610469, 0.00686488114297, 0.010354869999, -0.00535906944424, 0.0105165774003], [-0.00273128901608, 0.00884853303432, -0.0100900940597, 0.00276287528686, 0.00211518560536, -0.00628661643714, -0.00980226695538, 0.0287405755371, -0.0266614742577, 0.00714238360524, 0.0113663794473, -0.0065272343345, 0.00195564422756], [0.0087034534663, -0.0287865046412, 0.0152396876365, -0.00901891477406, 0.00222780392505, 0.00263845315203, 0.0239021610469, -0.0266614742577, 0.0658087283373, -0.0253906436265, 0.0142278308049, -0.017243264243, 0.00596205657348], [-0.00187549600378, 0.0121662002057, -0.00237548886798, 0.00514716794714, -0.0043602315709, -0.00434956746176, 0.00686488114297, 0.00714238360524, -0.0253906436265, 0.0616124421358, -0.041808962822, 0.0284606572241, 0.00345671130344], [0.00414671190083, -0.0163685251027, 0.00291978241876, -0.00679914141074, 0.0186378695071, -0.0183160305023, 0.010354869999, 0.0113663794473, 0.0142278308049, -0.041808962822, 0.0875415876508, -0.0554143600166, 0.0274836290628], [-0.00313861551695, 0.0112337218598, -0.00320176011883, 0.00286254333332, -0.00946304481477, 0.0101080769673, -0.00535906944424, -0.0065272343345, -0.017243264243, 0.0284606572241, -0.0554143600166, 0.0671251937747, -0.0366756021976], [0.00205749995075, -0.00471790274605, 0.00313996174373, -0.00168896140531, 0.00935512408614, -0.00992147251964, 0.0105165774003, 0.00195564422756, 0.00596205657348, 0.00345671130344, 0.0274836290628, -0.0366756021976, 0.057137850672]]
    },
    "melbands": {
        "mean": [1.19586366054e-005, 0.000164502795087, 0.00260994699784, 0.00220441748388, 0.000977491959929, 0.000865878944751, 0.000234629522311, 4.85020464112e-005, 2.1907959308e-005, 2.99066177831e-005, 8.44178284751e-005, 4.9297887017e-005, 6.5723717853e-005, 5.29947246832e-005, 7.85170050221e-005, 5.35815561307e-005, 2.42932837864e-005, 3.33199568558e-005, 2.64919563051e-005, 4.94904406878e-006, 2.67730433734e-006, 6.65686502543e-006, 1.76719015599e-006, 4.7339759135e-007, 3.09558629397e-007, 2.03833423029e-007, 1.2179934572e-007, 8.12952620777e-008, 4.88774070107e-008, 2.76820859568e-008, 1.40433602525e-008, 6.74326328109e-009, 2.95241475712e-009, 1.09309894469e-009, 4.70603278568e-010, 1.5897531902e-010, 5.86503207112e-011, 3.27951277246e-011, 2.73498099168e-011, 1.71035668267e-011],
        "var": [2.46263315296e-010, 4.7169123718e-008, 8.44160786073e-006, 5.35199478691e-006, 8.97051620541e-007, 2.02753608392e-006, 7.49775566078e-008, 3.3774592012e-009, 6.75613065493e-010, 9.05972796783e-010, 2.50079370545e-008, 3.53717810597e-009, 1.36778757209e-008, 6.38975938827e-009, 2.84999543965e-008, 6.41930109069e-009, 2.06938177705e-009, 6.8057310898e-009, 1.87847870592e-009, 2.54106145847e-011, 4.79626147826e-012, 1.08560507805e-010, 3.6348604248e-012, 8.59700358862e-014, 3.45026639908e-014, 1.0505961403e-014, 3.77190166511e-015, 1.58467307168e-015, 6.11713059645e-016, 1.82109224923e-016, 3.95032443059e-017, 9.84263947956e-018, 1.97172933304e-018, 2.36029706389e-019, 5.6485527393e-020, 1.6215538203e-020, 2.90794859667e-021, 1.30298047467e-020, 5.78882253791e-020, 1.35824139025e-020]
    },
    "mfcc": {
        "mean": [-771.385742188, 229.662368774, -36.6220817566, 19.1658248901, 10.6668386459, -6.36200046539, -4.23958539963, -20.1349773407, -12.9514780045, -24.4784374237, -23.2144145966, -14.3402814865, -14.2088470459],
        "cov": [[1557.24255371, 902.892028809, -608.008361816, -421.886810303, 147.915283203, 295.256103516, 113.764251709, -36.2167320251, -34.4956283569, 2.15836763382, 54.8166389465, 33.132396698, -21.5157928467], [902.892028809, 582.15625, -313.005187988, -244.407150269, 112.164169312, 139.638717651, 31.5035266876, -12.8069429398, -10.6606140137, 0.866568207741, 22.3316421509, 27.7032623291, -7.47923469543], [-608.008361816, -313.005187988, 356.399536133, 272.774963379, -63.811088562, -198.333526611, -105.02973938, 21.0907478333, 27.3936195374, -35.4524803162, -52.4619636536, -4.7803850174, 24.6463794708], [-421.886810303, -244.407150269, 272.774963379, 281.056060791, -24.506652832, -169.236618042, -96.6367645264, 17.5176544189, 33.4659194946, -38.0970802307, -48.5555877686, 8.08657455444, 25.5414600372], [147.915283203, 112.164169312, -63.811088562, -24.506652832, 104.690078735, 42.648639679, -14.9104166031, 5.33720541, 14.1037521362, 10.5041131973, 11.2139883041, 28.7335262299, 7.61308908463], [295.256103516, 139.638717651, -198.333526611, -169.236618042, 42.648639679, 200.958435059, 134.531692505, -12.2306776047, -32.2900009155, 33.1722717285, 51.3762550354, -2.00290250778, -20.7344913483], [113.764251709, 31.5035266876, -105.02973938, -96.6367645264, -14.9104166031, 134.531692505, 162.838562012, 38.5543289185, -10.5916099548, 29.0081577301, 25.0707244873, -16.022687912, -19.9947013855], [-36.2167320251, -12.8069429398, 21.0907478333, 17.5176544189, 5.33720541, -12.2306776047, 38.5543289185, 98.3393859863, 61.9440574646, -5.15370893478, -18.2768630981, 12.4127311707, 16.3713760376], [-34.4956283569, -10.6606140137, 27.3936195374, 33.4659194946, 14.1037521362, -32.2900009155, -10.5916099548, 61.9440574646, 68.4148788452, 7.34428930283, -15.6308937073, 14.8804683685, 11.8847761154], [2.15836763382, 0.866568207741, -35.4524803162, -38.0970802307, 10.5041131973, 33.1722717285, 29.0081577301, -5.15370893478, 7.34428930283, 57.7375106812, 37.5776176453, -7.98382329941, -23.0697364807], [54.8166389465, 22.3316421509, -52.4619636536, -48.5555877686, 11.2139883041, 51.3762550354, 25.0707244873, -18.2768630981, -15.6308937073, 37.5776176453, 65.7032012939, 21.9815425873, -16.1479587555], [33.132396698, 27.7032623291, -4.7803850174, 8.08657455444, 28.7335262299, -2.00290250778, -16.022687912, 12.4127311707, 14.8804683685, -7.98382329941, 21.9815425873, 64.9067306519, 30.3454208374], [-21.5157928467, -7.47923469543, 24.6463794708, 25.5414600372, 7.61308908463, -20.7344913483, -19.9947013855, 16.3713760376, 11.8847761154, -23.0697364807, -16.1479587555, 30.3454208374, 48.9616928101]],
        "icov": [[0.264141976833, -0.360087037086, 0.321120649576, -0.261673122644, 0.193328440189, -0.117425136268, 0.0474452227354, 0.00345259229653, -0.0513802580535, 0.0845302790403, -0.0892597809434, 0.0713237375021, -0.0469821281731], [-0.360087037086, 0.495871335268, -0.43675583601, 0.363514065742, -0.274414300919, 0.172496303916, -0.0774669721723, 0.0094651542604, 0.055293187499, -0.0991369485855, 0.11119813472, -0.0906444713473, 0.0613721497357], [0.321120649576, -0.43675583601, 0.413007646799, -0.343472957611, 0.262874215841, -0.173837170005, 0.102352187037, -0.0467439442873, -0.00907176267356, 0.0552937351167, -0.0695973262191, 0.0612093172967, -0.0440256856382], [-0.261673122644, 0.363514065742, -0.343472957611, 0.315217792988, -0.263347178698, 0.214243769646, -0.161022752523, 0.120379790664, -0.0776165798306, 0.0379553996027, -0.00976644456387, -0.00531785609201, 0.0114665487781], [0.193328440189, -0.274414300919, 0.262874215841, -0.263347178698, 0.275378525257, -0.258840918541, 0.236429750919, -0.207231238484, 0.175531983376, -0.147361204028, 0.113043896854, -0.0728554874659, 0.0318960100412], [-0.117425136268, 0.172496303916, -0.173837170005, 0.214243769646, -0.258840918541, 0.311081200838, -0.313344687223, 0.297946482897, -0.278531908989, 0.252164274454, -0.213095098734, 0.138768225908, -0.0749711170793], [0.0474452227354, -0.0774669721723, 0.102352187037, -0.161022752523, 0.236429750919, -0.313344687223, 0.360132664442, -0.366736769676, 0.362637788057, -0.332458078861, 0.279176741838, -0.186347082257, 0.104625187814], [0.00345259229653, 0.0094651542604, -0.0467439442873, 0.120379790664, -0.207231238484, 0.297946482897, -0.366736769676, 0.415421038866, -0.425408303738, 0.379754453897, -0.317388415337, 0.215881302953, -0.122858561575], [-0.0513802580535, 0.055293187499, -0.00907176267356, -0.0776165798306, 0.175531983376, -0.278531908989, 0.362637788057, -0.425408303738, 0.471968561411, -0.424188047647, 0.363283246756, -0.251337021589, 0.137167409062], [0.0845302790403, -0.0991369485855, 0.0552937351167, 0.0379553996027, -0.147361204028, 0.252164274454, -0.332458078861, 0.379754453897, -0.424188047647, 0.436853051186, -0.372413903475, 0.255088716745, -0.130798667669], [-0.0892597809434, 0.11119813472, -0.0695973262191, -0.00976644456387, 0.113043896854, -0.213095098734, 0.279176741838, -0.317388415337, 0.363283246756, -0.372413903475, 0.35780698061, -0.247610390186, 0.138020664454], [0.0713237375021, -0.0906444713473, 0.0612093172967, -0.00531785609201, -0.0728554874659, 0.138768225908, -0.186347082257, 0.215881302953, -0.251337021589, 0.255088716745, -0.247610390186, 0.196988627315, -0.111282974482], [-0.0469821281731, 0.0613721497357, -0.0440256856382, 0.0114665487781, 0.0318960100412, -0.0749711170793, 0.104625187814, -0.122858561575, 0.137167409062, -0.130798667669, 0.138020664454, -0.111282974482, 0.0919973105192]]
    },
    "spectral_contrast_coeffs": {
        "mean": [-0.421853154898, -0.670109570026, -0.751209497452, -0.779222249985, -0.799482643604, -0.698421120644],
        "var": [0.00605813367292, 0.00458881491795, 0.00323336245492, 0.00383835262619, 0.00105240184348, 0.00266371923499]
    },
    "spectral_contrast_valleys": {
        "mean": [-8.49474143982, -7.23086261749, -7.77423477173, -8.16126346588, -8.99524879456, -14.3314208984],
        "var": [0.935805618763, 0.864081203938, 0.8267583251, 0.919420540333, 0.499731987715, 0.836932480335]
    }
},
"metadata": {
    "audio_properties": {
        "analysis_sample_rate": 44100,
        "bit_rate": 85520,
        "equal_loudness": 0,
        "length": 45.0612258911,
        "lossless": 0,
        "replay_gain": -4.99418258667,
        "sample_rate": 44100,
        "codec": "mp3",
        "downmix": "mix",
        "md5_encoded": "a1f5f2e131bf4bc05813f2ba3cb3e903"
    },
    "tags": {
        "file_name": "608.mp3"
    },
    "version": {
        "essentia": "2.1-beta2",
        "essentia_git_sha": "v2.1_beta2",
        "extractor": "music 1.0"
    }
},
"rhythm": {
    "beats_count": 101,
    "beats_loudness": {
        "mean": 0.0451537631452,
        "var": 0.000653463881463
    },
    "bpm": 135.369567871,
    "bpm_histogram_first_peak_bpm": {
        "mean": 136,
        "var": 0
    },
    "bpm_histogram_first_peak_spread": {
        "mean": 0.371134012938,
        "var": 0
    },
    "bpm_histogram_first_peak_weight": {
        "mean": 0.610000014305,
        "var": 0
    },
    "bpm_histogram_second_peak_bpm": {
        "mean": 129,
        "var": 0
    },
    "bpm_histogram_second_peak_spread": {
        "mean": 0,
        "var": 0
    },
    "bpm_histogram_second_peak_weight": {
        "mean": 0.0299999993294,
        "var": 0
    },
    "danceability": 1.13972997665,
    "onset_rate": 2.90584564209,
    "beats_loudness_band_ratio": {
        "mean": [0.484983056784, 0.521299958229, 0.0490413270891, 0.0561941079795, 0.0251211058348, 0.000246243347647],
        "var": [0.040566790849, 0.021220497787, 0.000246782234171, 0.00391104165465, 0.000484730117023, 3.68370756121e-008]
    },
    "beats_position": [0.406349211931, 0.835918366909, 1.27709746361, 1.71827661991, 2.15945577621, 2.60063481331, 3.04181408882, 3.48299312592, 3.93578219414, 4.37696123123, 4.81814050674, 5.27092981339, 5.71210861206, 6.15328788757, 6.59446716309, 7.03564596176, 7.47682523727, 7.91800451279, 8.35918331146, 8.8119726181, 9.25315189362, 9.70594120026, 10.1471195221, 10.5999088287, 11.0410881042, 11.4822673798, 11.9350566864, 12.3762359619, 12.8174142838, 13.2702035904, 13.6997728348, 14.1525621414, 14.6053514481, 15.0465307236, 15.4877090454, 15.9288883209, 16.3700675964, 16.8112468719, 17.2640361786, 17.693605423, 18.1347846985, 18.5875740051, 19.0171432495, 19.4815406799, 19.9459400177, 20.3755092621, 20.8166885376, 21.2694778442, 21.7106571198, 22.1518363953, 22.5930156708, 23.0341949463, 23.4753742218, 23.9281635284, 24.3577327728, 24.7989120483, 25.2516994476, 25.7044887543, 26.1456680298, 26.5868473053, 27.0280265808, 27.4808158875, 27.9336051941, 28.3747844696, 28.8159637451, 29.2571430206, 29.6983222961, 30.1394996643, 30.5922889709, 31.0218582153, 31.4630374908, 31.9158267975, 32.3453979492, 32.7981834412, 33.2509727478, 33.6921539307, 34.1333312988, 34.5977325439, 35.0389099121, 35.480091095, 35.9212684631, 36.362449646, 36.8036270142, 37.244808197, 37.6859855652, 38.1271629333, 38.57995224, 39.0327415466, 39.4739227295, 39.9151000977, 40.3562812805, 40.7974586487, 41.2502479553, 41.6914291382, 42.1326065063, 42.5737876892, 43.0033569336, 43.4561424255, 43.9089317322, 44.350112915, 44.8029022217]
},
"tonal": {
    "chords_changes_rate": 0.0226337444037,
    "chords_number_rate": 0.00308641977608,
    "chords_strength": {
        "mean": 0.599522471428,
        "var": 0.0048574549146
    },
    "hpcp_entropy": {
        "mean": 1.77377843857,
        "var": 0.496497690678
    },
    "key_strength": 0.791176855564,
    "tuning_diatonic_strength": 0.65930467844,
    "tuning_equal_tempered_deviation": 0.0496968515217,
    "tuning_frequency": 447.691040039,
    "tuning_nontempered_energy_ratio": 0.685340106487,
    "hpcp": {
        "mean": [0.0508471205831, 0.0313216336071, 0.0242205429822, 0.0345433242619, 0.0243158563972, 0.0128279393539, 0.0197010375559, 0.0439074859023, 0.229433953762, 0.493827462196, 0.331710070372, 0.0461726225913, 0.0152388066053, 0.0135377068073, 0.0438495092094, 0.0891815051436, 0.076651699841, 0.0407449044287, 0.0594567358494, 0.0580320879817, 0.0279926899821, 0.0283484719694, 0.1021072492, 0.449809581041, 0.663628399372, 0.369551330805, 0.0944423153996, 0.0413151867688, 0.0579344220459, 0.117129929364, 0.189262777567, 0.169760063291, 0.103016801178, 0.105760388076, 0.0990194007754, 0.0670571774244],
        "var": [0.00388942449354, 0.00337188970298, 0.00281386612915, 0.0120878536254, 0.00599483493716, 0.000801021291409, 0.00339774275199, 0.0149824377149, 0.0384649969637, 0.135199680924, 0.0778987407684, 0.00780056137592, 0.00440389988944, 0.0021471795626, 0.0147669846192, 0.0391784347594, 0.0314153619111, 0.00991697050631, 0.0247407462448, 0.023847496137, 0.00524274399504, 0.00648057181388, 0.0213207025081, 0.108749642968, 0.125356122851, 0.0779073834419, 0.0269664563239, 0.0136635750532, 0.0334735438228, 0.0644869059324, 0.0987213999033, 0.0674307644367, 0.0257998406887, 0.0212022010237, 0.0163126047701, 0.00672216294333]
    },
    "chords_histogram": [31.4814815521, 0, 0.411522626877, 0, 0, 0, 0, 66.6666641235, 0, 1.44032919407, 0, 0, 0, 0, 0, 0, 0, 0, 0, 0, 0, 0, 0, 0],
    "thpcp": [1, 0.556864857674, 0.142312049866, 0.0622565075755, 0.0872994884849, 0.176499277353, 0.285193920135, 0.255805909634, 0.155232653022, 0.159366875887, 0.149209111929, 0.101046271622, 0.0766198709607, 0.0471975468099, 0.0364971458912, 0.0520522110164, 0.0366407707334, 0.0193300042301, 0.029686851427, 0.0661627575755, 0.345726549625, 0.744132518768, 0.499843090773, 0.0695760175586, 0.0229628607631, 0.0203995294869, 0.066075399518, 0.134384706616, 0.115503944457, 0.0613971687853, 0.0895934179425, 0.0874466598034, 0.0421812720597, 0.0427173897624, 0.153862088919, 0.677803397179],
    "chords_key": "F",
    "chords_scale": "major",
    "key_key": "F",
    "key_scale": "minor"
}
}