{
"lowlevel": {
    "average_loudness": 0.978118538857,
    "barkbands_crest": {
        "mean": 12.4659824371,
        "var": 21.3057632446
    },
    "barkbands_flatness_db": {
        "mean": 0.185821086168,
        "var": 0.00405883509666
    },
    "barkbands_kurtosis": {
        "mean": 12.4581632614,
        "var": 171.039611816
    },
    "barkbands_skewness": {
        "mean": 2.75325846672,
        "var": 1.94650220871
    },
    "barkbands_spread": {
        "mean": 15.1738128662,
        "var": 191.611434937
    },
    "dissonance": {
        "mean": 0.452875286341,
        "var": 0.00106401625089
    },
    "dynamic_complexity": 2.17437553406,
    "erbbands_crest": {
        "mean": 8.67394542694,
        "var": 21.4109287262
    },
    "erbbands_flatness_db": {
        "mean": 0.144690290093,
        "var": 0.00126652815379
    },
    "erbbands_kurtosis": {
        "mean": 0.65365511179,
        "var": 4.49516391754
    },
    "erbbands_skewness": {
        "mean": 0.676251173019,
        "var": 0.347356140614
    },
    "erbbands_spread": {
        "mean": 46.7922782898,
        "var": 558.755615234
    },
    "hfc": {
        "mean": 17.7346248627,
        "var": 463.889221191
    },
    "melbands_crest": {
        "mean": 18.095457077,
        "var": 33.7934341431
    },
    "melbands_flatness_db": {
        "mean": 0.265270322561,
        "var": 0.00620484910905
    },
    "melbands_kurtosis": {
        "mean": 31.0282363892,
        "var": 913.446777344
    },
    "melbands_skewness": {
        "mean": 4.05769681931,
        "var": 3.61532235146
    },
    "melbands_spread": {
        "mean": 12.5363101959,
        "var": 191.476745605
    },
    "pitch_salience": {
        "mean": 0.494526058435,
        "var": 0.0170573908836
    },
    "silence_rate_20dB": {
        "mean": 1,
        "var": 0
    },
    "silence_rate_30dB": {
        "mean": 0.958290398121,
        "var": 0.0399696938694
    },
    "silence_rate_60dB": {
        "mean": 0.0128733264282,
        "var": 0.0127077633515
    },
    "spectral_centroid": {
        "mean": 900.880432129,
        "var": 478005.09375
    },
    "spectral_complexity": {
        "mean": 14.8146238327,
        "var": 92.5372009277
    },
    "spectral_decrease": {
        "mean": -1.21851968515e-008,
        "var": 7.70182706741e-017
    },
    "spectral_energy": {
        "mean": 0.047598361969,
        "var": 0.00114821549505
    },
    "spectral_energyband_high": {
        "mean": 0.00118761695921,
        "var": 6.05392506259e-006
    },
    "spectral_energyband_low": {
        "mean": 0.030256357044,
        "var": 0.000681146979332
    },
    "spectral_energyband_middle_high": {
        "mean": 0.00236985436641,
        "var": 8.0664494817e-006
    },
    "spectral_energyband_middle_low": {
        "mean": 0.0147492075339,
        "var": 0.000357298791641
    },
    "spectral_entropy": {
        "mean": 7.52001953125,
        "var": 0.218355596066
    },
    "spectral_flux": {
        "mean": 0.133949294686,
        "var": 0.00447913166136
    },
    "spectral_kurtosis": {
        "mean": 3.42543554306,
        "var": 9.71858692169
    },
    "spectral_rms": {
        "mean": 0.00639730459079,
        "var": 5.51199809706e-006
    },
    "spectral_rolloff": {
        "mean": 735.377502441,
        "var": 1806299.625
    },
    "spectral_skewness": {
        "mean": 1.48519062996,
        "var": 0.300691366196
    },
    "spectral_spread": {
        "mean": 4952950,
        "var": 3.70730257613e+012
    },
    "spectral_strongpeak": {
        "mean": 0.378164112568,
        "var": 0.122631020844
    },
    "zerocrossingrate": {
        "mean": 0.0384713821113,
        "var": 0.00126124650706
    },
    "barkbands": {
        "mean": [0.00275813508779, 0.0204607602209, 0.00612294627354, 0.0027186407242, 0.00675999931991, 0.00207286607474, 0.000960428675171, 0.00131565763149, 0.000815238221548, 0.00045659483294, 0.000277386832749, 0.000636299781036, 0.00025346307666, 0.000169395818375, 0.000154301189468, 0.000176155968802, 0.000118902193208, 3.77045871574e-005, 8.21691937745e-005, 0.000173896274646, 0.000218623623368, 0.000309920491418, 0.000277969433228, 0.000220322617679, 3.43373831129e-005, 1.61010684678e-005, 1.43159070376e-007],
        "var": [1.1757354514e-005, 0.000442418269813, 5.75806552661e-005, 2.97849073831e-005, 0.000144144069054, 9.43002942222e-006, 2.46178683483e-006, 4.41433394371e-006, 1.56589271683e-006, 3.39889851375e-007, 1.91356221535e-007, 7.74032287154e-007, 1.7820114806e-007, 6.57903598267e-008, 4.80351651788e-008, 1.02256670687e-007, 4.02252702258e-008, 3.55680285224e-009, 1.84891781885e-008, 1.21253876273e-007, 1.59854181447e-007, 4.04559159506e-007, 3.81363491897e-007, 4.98409747252e-007, 4.18128065505e-009, 1.73085423771e-009, 2.29597374099e-013]
    },
    "erbbands": {
        "mean": [0.810920357704, 3.73787665367, 7.37979459763, 7.7704000473, 17.3710918427, 23.3930625916, 20.0718975067, 14.5990610123, 13.1908922195, 16.072687149, 34.614364624, 17.7783794403, 13.4139328003, 16.2129917145, 16.7245445251, 23.7711582184, 13.427482605, 9.20176506042, 8.46534442902, 7.75231218338, 9.7708530426, 6.66412687302, 2.61111783981, 2.6541159153, 5.19172763824, 8.64788627625, 8.82503318787, 9.35406398773, 11.4623327255, 9.38410663605, 7.35610151291, 5.0270280838, 3.39974832535, 0.483734041452, 0.27717679739, 0.115002185106, 0.0203911699355, 0.0014889506856, 6.34887983324e-005, 5.73689794692e-005],
        "var": [0.71085858345, 17.4115905762, 72.7322921753, 194.235198975, 823.261413574, 2409.25732422, 1003.23779297, 579.260131836, 340.674072266, 765.614929199, 2916.60229492, 669.112243652, 347.346923828, 470.977508545, 534.793945313, 1017.0994873, 473.475006104, 168.587615967, 155.829421997, 136.581680298, 304.364227295, 124.751556396, 17.1545524597, 15.022600174, 92.1594772339, 326.565368652, 257.862792969, 321.752593994, 584.121582031, 369.50289917, 258.195037842, 228.420440674, 119.83140564, 1.34163844585, 0.324259996414, 0.076543405652, 0.00301499059424, 1.49661655087e-005, 9.48744194318e-009, 1.62806845783e-009]
    },
    "gfcc": {
        "mean": [-8.25556087494, 120.611793518, -97.4420776367, 49.3535079956, -64.1965789795, 32.4524459839, -24.840883255, 1.29339659214, -11.4925851822, 0.841314673424, -11.0055036545, -1.80778706074, -2.76450109482],
        "cov": [[5611.52587891, -990.026489258, -171.958847046, 303.106170654, -596.85357666, 256.916046143, -259.402374268, 105.661399841, -319.08190918, 159.807495117, -288.40057373, 120.948150635, -60.3302268982], [-990.026489258, 1307.56921387, 27.4772186279, -33.1568336487, 303.914825439, -194.511001587, 135.298355103, -180.905822754, 262.53793335, -200.704162598, 162.283828735, -140.608566284, 106.503814697], [-171.958847046, 27.4772186279, 352.331695557, 72.1480102539, 14.2168731689, 2.01408886909, -51.0540275574, -14.0179290771, -25.1324558258, -21.0073757172, 8.30743598938, -21.4304828644, 31.47838974], [303.106170654, -33.1568336487, 72.1480102539, 265.996276855, -44.1273460388, 59.3774757385, -5.16995286942, -42.4231719971, 11.4635658264, -74.8840332031, 44.6257858276, -38.8500862122, 34.1842193604], [-596.85357666, 303.914825439, 14.2168731689, -44.1273460388, 326.761352539, -17.8116531372, 86.1487579346, 8.49369430542, 88.9112014771, -6.78520536423, 28.2486438751, 12.6042966843, 4.28017663956], [256.916046143, -194.511001587, 2.01408886909, 59.3774757385, -17.8116531372, 128.290618896, 3.83832812309, 31.4071464539, -16.7063083649, 20.743894577, 0.138583481312, 15.2786636353, -2.02942919731], [-259.402374268, 135.298355103, -51.0540275574, -5.16995286942, 86.1487579346, 3.83832812309, 104.463348389, 10.9046592712, 59.6795082092, -3.74528121948, 31.9631977081, -10.2929191589, -0.533964693546], [105.661399841, -180.905822754, -14.0179290771, -42.4231719971, 8.49369430542, 31.4071464539, 10.9046592712, 120.648208618, 2.27518105507, 67.1186981201, -30.1570110321, 25.115152359, -24.4173965454], [-319.08190918, 262.53793335, -25.1324558258, 11.4635658264, 88.9112014771, -16.7063083649, 59.6795082092, 2.27518105507, 151.580780029, -32.7467689514, 55.9331817627, -32.4784507751, 26.7504444122], [159.807495117, -200.704162598, -21.0073757172, -74.8840332031, -6.78520536423, 20.743894577, -3.74528121948, 67.1186981201, -32.7467689514, 127.153373718, -26.2877960205, 51.4390907288, -25.7143230438], [-288.40057373, 162.283828735, 8.30743598938, 44.6257858276, 28.2486438751, 0.138583481312, 31.9631977081, -30.1570110321, 55.9331817627, -26.2877960205, 103.989570618, -9.55094814301, 39.8821716309], [120.948150635, -140.608566284, -21.4304828644, -38.8500862122, 12.6042966843, 15.2786636353, -10.2929191589, 25.115152359, -32.4784507751, 51.4390907288, -9.55094814301, 92.350151062, -1.15250360966], [-60.3302268982, 106.503814697, 31.47838974, 34.1842193604, 4.28017663956, -2.02942919731, -0.533964693546, -24.4173965454, 26.7504444122, -25.7143230438, 39.8821716309, -1.15250360966, 68.2086334229]],
        "icov": [[0.000489076541271, -0.000851030636113, 0.000482132600155, -0.00130135461222, 0.000948726199567, -0.00102196098305, 0.000816543702967, -0.000706716906279, 0.000562977860682, -0.00104399106931, 0.00174933846574, -0.00108615553472, 0.00019900125335], [-0.000851030636113, 0.00562616670504, -0.0011511008488, 0.00417381897569, -0.00386645644903, 0.00490312743932, -0.00294145266525, 0.0047870487906, -0.0038881667424, 0.00386986951344, -0.00473713269457, 0.00520377187058, -0.00317750009708], [0.000482132600155, -0.0011511008488, 0.00424691615626, -0.00243339175358, -0.000154688881594, -0.000892520009074, 0.00336006935686, -0.00170351355337, 0.00203395215794, -0.00160578242503, 0.00139460386708, 0.000321710656863, -0.00133002083749], [-0.00130135461222, 0.00417381897569, -0.00243339175358, 0.0107728112489, -0.00262084882706, 0.000579921295866, -0.00307317846455, 0.00408659456298, -0.00279167876579, 0.00689217122272, -0.00705788331106, 0.00525352731347, -0.00241490430199], [0.000948726199567, -0.00386645644903, -0.000154688881594, -0.00262084882706, 0.0079275034368, -0.00355554930866, -0.00129441882018, -0.00272127683274, 0.000235944622546, -0.00229993322864, 0.00493468903005, -0.00625742971897, 0.00272304331884], [-0.00102196098305, 0.00490312743932, -0.000892520009074, 0.000579921295866, -0.00355554930866, 0.0152923697606, -0.00395814189687, 0.00116349221207, -0.0018721409142, 0.00226540514268, -0.00523698842153, 0.00354315689765, -0.00266472063959], [0.000816543702967, -0.00294145266525, 0.00336006935686, -0.00307317846455, -0.00129441882018, -0.00395814189687, 0.0189003050327, -0.00403106724843, -0.000650059315376, -0.00301182223484, -0.000468970334623, -0.000584357709158, 0.00335685955361], [-0.000706716906279, 0.0047870487906, -0.00170351355337, 0.00408659456298, -0.00272127683274, 0.00116349221207, -0.00403106724843, 0.0185219775885, -0.00711074005812, -0.00304900621995, -3.06090396407e-006, 0.00341695826501, -0.000858561310451], [0.000562977860682, -0.0038881667424, 0.00203395215794, -0.00279167876579, 0.000235944622546, -0.0018721409142, -0.000650059315376, -0.00711074005812, 0.0157835409045, -0.000840878812596, -0.00142082432285, 0.000635808624793, -0.00125714496244], [-0.00104399106931, 0.00386986951344, -0.00160578242503, 0.00689217122272, -0.00229993322864, 0.00226540514268, -0.00301182223484, -0.00304900621995, -0.000840878812596, 0.019342161715, -0.00612231669948, -0.00147629447747, 0.000594100507442], [0.00174933846574, -0.00473713269457, 0.00139460386708, -0.00705788331106, 0.00493468903005, -0.00523698842153, -0.000468970334623, -3.06090396407e-006, -0.00142082432285, -0.00612231669948, 0.0239068679512, -0.00668056495488, -0.00447489181533], [-0.00108615553472, 0.00520377187058, 0.000321710656863, 0.00525352731347, -0.00625742971897, 0.00354315689765, -0.000584357709158, 0.00341695826501, 0.000635808624793, -0.00147629447747, -0.00668056495488, 0.022003730759, -0.00667869672179], [0.00019900125335, -0.00317750009708, -0.00133002083749, -0.00241490430199, 0.00272304331884, -0.00266472063959, 0.00335685955361, -0.000858561310451, -0.00125714496244, 0.000594100507442, -0.00447489181533, -0.00667869672179, 0.0243119243532]]
    },
    "melbands": {
        "mean": [0.00647227838635, 0.00421864725649, 0.00165266054682, 0.00156289874576, 0.000764192140196, 0.000334931450197, 0.000208463970921, 0.000187835234101, 0.000271841068752, 0.00010360761371, 6.54558753013e-005, 6.62094898871e-005, 4.26392216468e-005, 8.14764644019e-005, 3.79606244678e-005, 2.31779158639e-005, 1.65260826179e-005, 1.3386835235e-005, 1.11881108751e-005, 1.14430131362e-005, 1.08613812699e-005, 7.41779649616e-006, 3.86619694837e-006, 1.32273214604e-006, 2.11897054214e-006, 3.30772331836e-006, 4.30860063716e-006, 6.07293668509e-006, 5.75787862545e-006, 4.9992509048e-006, 5.60031821806e-006, 6.44902911517e-006, 5.86566920902e-006, 5.13118175149e-006, 4.1902430894e-006, 3.72286081074e-006, 2.98686495626e-006, 2.83187273453e-006, 1.068895358e-006, 1.85210240033e-007],
        "var": [4.21187323809e-005, 1.96806431632e-005, 6.64712297294e-006, 8.8761371444e-006, 1.48116396304e-006, 2.7995184837e-007, 8.9713523721e-008, 8.93586502571e-008, 1.63597420055e-007, 2.7450045792e-008, 8.46445580294e-009, 8.04883892869e-009, 4.05199918063e-009, 1.2848192732e-008, 2.61642285615e-009, 1.71374581193e-009, 6.17571549455e-010, 4.43464404087e-010, 2.38362968252e-010, 4.36419428373e-010, 3.68041264132e-010, 1.64526350876e-010, 3.95608511228e-011, 4.70443649314e-012, 1.02514515973e-011, 3.28284101292e-011, 7.49774478614e-011, 1.67302324772e-010, 1.20991272556e-010, 9.34262667229e-011, 1.19842719082e-010, 1.86997098361e-010, 1.4791112779e-010, 1.18743903599e-010, 7.23748630471e-011, 1.1317613513e-010, 9.09045408393e-011, 7.8757514399e-011, 1.19027305373e-011, 9.90236199787e-014]
    },
    "mfcc": {
        "mean": [-648.791381836, 135.249816895, 28.132188797, 25.6769142151, -1.30476713181, 28.1612091064, -1.36759483814, 10.5832242966, 4.18270397186, 6.96927690506, -4.23205184937, 6.86514949799, 4.84570407867],
        "cov": [[3622.71582031, -1184.13146973, 243.018493652, -83.4132232666, -255.979034424, 54.1322288513, -36.6894073486, -40.2370185852, -16.9682064056, 38.9544181824, -236.494827271, -19.1520233154, -131.262954712], [-1184.13146973, 1243.63525391, -166.26725769, 136.201217651, 151.029159546, 15.3005981445, -59.1189613342, 23.8544845581, 37.9766960144, -21.3404388428, 106.18346405, -3.30751633644, 61.5637359619], [243.018493652, -166.26725769, 415.747131348, 48.6042060852, 14.25045681, -4.87831497192, -5.03390836716, -35.2959251404, -48.9841308594, -0.662832200527, -96.5535125732, 8.89446640015, -57.9927597046], [-83.4132232666, 136.201217651, 48.6042060852, 158.665222168, 54.3180046082, 33.9660072327, 1.59223592281, 24.7115192413, -10.8470211029, -9.22066402435, -1.85244488716, -2.15572476387, 1.41663062572], [-255.979034424, 151.029159546, 14.25045681, 54.3180046082, 163.861160278, 30.7795562744, 20.1992359161, 33.3743019104, 23.9221611023, -1.06325399876, 19.3017044067, 3.64253783226, 13.2639827728], [54.1322288513, 15.3005981445, -4.87831497192, 33.9660072327, 30.7795562744, 104.671127319, 17.0848693848, 32.3564147949, -4.48213768005, 0.000154231442139, -10.320646286, 9.88457107544, -0.770711421967], [-36.6894073486, -59.1189613342, -5.03390836716, 1.59223592281, 20.1992359161, 17.0848693848, 84.0802536011, 2.28708410263, 12.0642538071, -5.26128101349, 16.7111263275, 3.31866765022, 19.4277973175], [-40.2370185852, 23.8544845581, -35.2959251404, 24.7115192413, 33.3743019104, 32.3564147949, 2.28708410263, 85.3631973267, 15.6798686981, 16.9480419159, 6.54958820343, 18.0855674744, 2.89733290672], [-16.9682064056, 37.9766960144, -48.9841308594, -10.8470211029, 23.9221611023, -4.48213768005, 12.0642538071, 15.6798686981, 70.0034713745, 24.9585781097, 33.0327758789, 7.41041135788, 11.8390512466], [38.9544181824, -21.3404388428, -0.662832200527, -9.22066402435, -1.06325399876, 0.000154231442139, -5.26128101349, 16.9480419159, 24.9585781097, 71.0594100952, 16.9174747467, 24.9346008301, -9.50503444672], [-236.494827271, 106.18346405, -96.5535125732, -1.85244488716, 19.3017044067, -10.320646286, 16.7111263275, 6.54958820343, 33.0327758789, 16.9174747467, 92.8200683594, 9.02582454681, 38.2509269714], [-19.1520233154, -3.30751633644, 8.89446640015, -2.15572476387, 3.64253783226, 9.88457107544, 3.31866765022, 18.0855674744, 7.41041135788, 24.9346008301, 9.02582454681, 59.0352249146, 11.4236516953], [-131.262954712, 61.5637359619, -57.9927597046, 1.41663062572, 13.2639827728, -0.770711421967, 19.4277973175, 2.89733290672, 11.8390512466, -9.50503444672, 38.2509269714, 11.4236516953, 63.8574295044]],
        "icov": [[0.000518604007084, 0.000433417182649, 6.24766153123e-006, -0.000267027236987, 0.000500017253216, -0.000517162552569, 0.00044738734141, 0.000281489716144, -0.000858969113324, -0.000203346105991, 0.000909198832233, 0.000190354170627, -4.88977311761e-005], [0.000433417182649, 0.00162770238239, 0.000406437407946, -0.0011731776176, -0.000553949852474, -0.000510309822857, 0.00190430879593, 0.000750960374717, -0.000971845816821, 0.000421951524913, -0.000267644878477, -3.178184852e-005, -0.000378723954782], [6.24766153123e-006, 0.000406437407946, 0.00430949265137, -0.00173930695746, -0.00150393287186, 0.0011162403971, -0.00064946024213, 0.00243977061473, 0.00127590983175, -0.00102351757232, 0.0035593342036, -0.00212202244438, 0.0018447045004], [-0.000267027236987, -0.0011731776176, -0.00173930695746, 0.00916325673461, -0.00147871230729, -0.00159577536397, -0.000435342895798, -0.00267686718144, 0.0022532758303, 0.000554406142328, -0.00145273341332, 0.0014257003786, -0.00037899723975], [0.000500017253216, -0.000553949852474, -0.00150393287186, -0.00147871230729, 0.00964462850243, -0.0018863636069, -0.00139230897184, -0.00251411693171, -0.00372650125064, 0.000904571905266, -0.000210997430258, 0.00108816777356, -0.000502299226355], [-0.000517162552569, -0.000510309822857, 0.0011162403971, -0.00159577536397, -0.0018863636069, 0.0132255656645, -0.00355525850318, -0.00360086723231, 0.00274636014365, -0.000128861473058, 0.00202575791627, -0.00198984914459, 0.00088868936291], [0.00044738734141, 0.00190430879593, -0.00064946024213, -0.000435342895798, -0.00139230897184, -0.00355525850318, 0.0164283774793, 0.00142006238457, -0.00333569804206, 0.00229536625557, -0.00254631531425, 0.000243992253672, -0.00387099292129], [0.000281489716144, 0.000750960374717, 0.00243977061473, -0.00267686718144, -0.00251411693171, -0.00360086723231, 0.00142006238457, 0.0173432622105, -0.00249882042408, -0.00246017193422, 0.00240037147887, -0.00413364032283, 0.000788271194324], [-0.000858969113324, -0.000971845816821, 0.00127590983175, 0.0022532758303, -0.00372650125064, 0.00274636014365, -0.00333569804206, -0.00249882042408, 0.0229717809707, -0.00652251392603, -0.00479828193784, 0.000944860803429, -0.000309199298499], [-0.000203346105991, 0.000421951524913, -0.00102351757232, 0.000554406142328, 0.000904571905266, -0.000128861473058, 0.00229536625557, -0.00246017193422, -0.00652251392603, 0.0231011975557, -0.00670407013968, -0.00867570471019, 0.00767285749316], [0.000909198832233, -0.000267644878477, 0.0035593342036, -0.00145273341332, -0.000210997430258, 0.00202575791627, -0.00254631531425, 0.00240037147887, -0.00479828193784, -0.00670407013968, 0.0239977259189, 0.000159917282872, -0.00838599260896], [0.000190354170627, -3.178184852e-005, -0.00212202244438, 0.0014257003786, 0.00108816777356, -0.00198984914459, 0.000243992253672, -0.00413364032283, 0.000944860803429, -0.00867570471019, 0.000159917282872, 0.0238629598171, -0.00750480499119], [-4.88977311761e-005, -0.000378723954782, 0.0018447045004, -0.00037899723975, -0.000502299226355, 0.00088868936291, -0.00387099292129, 0.000788271194324, -0.000309199298499, 0.00767285749316, -0.00838599260896, -0.00750480499119, 0.0264304038137]]
    },
    "spectral_contrast_coeffs": {
        "mean": [-0.694796741009, -0.727534711361, -0.789123654366, -0.823253273964, -0.816049993038, -0.722666501999],
        "var": [0.00628089671955, 0.00514956004918, 0.00253406004049, 0.000971928879153, 0.000782448390964, 0.00161078746896]
    },
    "spectral_contrast_valleys": {
        "mean": [-6.33476400375, -6.64280653, -7.1978635788, -7.70523834229, -7.91603374481, -10.4705924988],
        "var": [1.16411602497, 1.0801974535, 1.09569609165, 1.02986943722, 1.03671240807, 1.46641135216]
    }
},
"metadata": {
    "audio_properties": {
        "analysis_sample_rate": 44100,
        "bit_rate": 110717,
        "equal_loudness": 0,
        "length": 45.0612258911,
        "lossless": 0,
        "replay_gain": -11.6526107788,
        "sample_rate": 44100,
        "codec": "mp3",
        "downmix": "mix",
        "md5_encoded": "e15d324415d85035703afdbf0e6168d0"
    },
    "tags": {
        "file_name": "609.mp3"
    },
    "version": {
        "essentia": "2.1-beta2",
        "essentia_git_sha": "v2.1_beta2",
        "extractor": "music 1.0"
    }
},
"rhythm": {
    "beats_count": 105,
    "beats_loudness": {
        "mean": 0.0604568123817,
        "var": 0.00106620939914
    },
    "bpm": 142.600616455,
    "bpm_histogram_first_peak_bpm": {
        "mean": 144,
        "var": 0
    },
    "bpm_histogram_first_peak_spread": {
        "mean": 0.292134821415,
        "var": 0
    },
    "bpm_histogram_first_peak_weight": {
        "mean": 0.605769217014,
        "var": 0
    },
    "bpm_histogram_second_peak_bpm": {
        "mean": 136,
        "var": 0
    },
    "bpm_histogram_second_peak_spread": {
        "mean": 0,
        "var": 0
    },
    "bpm_histogram_second_peak_weight": {
        "mean": 0.115384615958,
        "var": 0
    },
    "danceability": 1.48658156395,
    "onset_rate": 3.92621874809,
    "beats_loudness_band_ratio": {
        "mean": [0.593638002872, 0.176748216152, 0.0950145348907, 0.0744906142354, 0.0297685731202, 0.0741707533598],
        "var": [0.0425439924002, 0.015341556631, 0.00441184081137, 0.00526992604136, 0.000999739510007, 0.00338070257567]
    },
    "beats_position": [0.476009070873, 0.96362811327, 1.43963718414, 1.88081634045, 2.31038546562, 2.73995471001, 3.15791368484, 3.59909296036, 4.01705217361, 4.43501138687, 4.85297060013, 5.28253936768, 5.6888885498, 6.11845779419, 6.54802703857, 6.96598625183, 7.38394546509, 7.81351470947, 8.23147392273, 8.66104316711, 9.07900238037, 9.49696159363, 9.91492080688, 10.3560991287, 10.774058342, 11.1920175552, 11.6099767685, 12.051156044, 12.4691152573, 12.8870744705, 13.3050336838, 13.722992897, 14.1409521103, 14.5821313858, 15.0000905991, 15.4180498123, 15.8360090256, 16.2539672852, 16.6835365295, 17.1131057739, 17.5310649872, 17.9490242004, 18.3669834137, 18.8081626892, 19.2261219025, 19.6440811157, 20.062040329, 20.4916095734, 20.9095687866, 21.339138031, 21.7570972443, 22.1750564575, 22.6046257019, 23.0225849152, 23.4521541595, 23.8701133728, 24.2880725861, 24.7176418304, 25.1356010437, 25.5651702881, 25.9831295013, 26.4010887146, 26.8190479279, 27.2602272034, 27.6781845093, 28.0961437225, 28.5141029358, 28.932062149, 29.3500213623, 29.7795906067, 30.2091598511, 30.6387290955, 31.0450782776, 31.4862575531, 31.9042167664, 32.322177887, 32.7401351929, 33.1580963135, 33.5760536194, 34.0172348022, 34.4351921082, 34.8531494141, 35.2711105347, 35.7006797791, 36.118637085, 36.5482063293, 36.96616745, 37.3957366943, 37.8136940002, 38.2432632446, 38.6612243652, 39.0791816711, 39.4971427917, 39.9151000977, 40.3562812805, 40.7974586487, 41.192199707, 41.6101570129, 42.0281181335, 42.4692955017, 42.8872566223, 43.3052139282, 43.7231750488, 44.1527442932, 44.5823135376]
},
"tonal": {
    "chords_changes_rate": 0.0514403283596,
    "chords_number_rate": 0.00617283955216,
    "chords_strength": {
        "mean": 0.559986293316,
        "var": 0.00870528072119
    },
    "hpcp_entropy": {
        "mean": 2.11190128326,
        "var": 0.509256482124
    },
    "key_strength": 0.570670068264,
    "tuning_diatonic_strength": 0.570222318172,
    "tuning_equal_tempered_deviation": 0.250905543566,
    "tuning_frequency": 434.193115234,
    "tuning_nontempered_energy_ratio": 0.854869067669,
    "hpcp": {
        "mean": [0.357931345701, 0.373982012272, 0.288218647242, 0.184991776943, 0.13413657248, 0.105820983648, 0.0833927094936, 0.0699412450194, 0.0686050206423, 0.0819229260087, 0.0926656126976, 0.0782955363393, 0.0569177269936, 0.0584248043597, 0.0784129425883, 0.140884295106, 0.137602955103, 0.0734706446528, 0.0854723602533, 0.0981086790562, 0.0626686066389, 0.0525377616286, 0.0709665492177, 0.173870950937, 0.273789286613, 0.182605370879, 0.103131085634, 0.144439831376, 0.145454660058, 0.0805948674679, 0.0485026799142, 0.0652693137527, 0.0942778587341, 0.132445633411, 0.190779209137, 0.27531966567],
        "var": [0.116538621485, 0.12563239038, 0.104402683675, 0.0733782425523, 0.0571807771921, 0.0448350906372, 0.0334180034697, 0.0214757677168, 0.0155160659924, 0.0211427193135, 0.0355836004019, 0.0329284854233, 0.0161584205925, 0.0146464807913, 0.0151674896479, 0.053203355521, 0.0470715276897, 0.0219023413956, 0.0252874325961, 0.0415875539184, 0.0167584698647, 0.0167175903916, 0.027488918975, 0.0597867891192, 0.155898451805, 0.0638651326299, 0.0299339164048, 0.038590375334, 0.0475476868451, 0.022810280323, 0.017531324178, 0.0276925005019, 0.0405114591122, 0.0556393675506, 0.0773981586099, 0.104590386152]
    },
    "chords_histogram": [67.4897155762, 1.95473253727, 6.27572011948, 0, 0, 0, 0, 12.7572011948, 2.57201647758, 8.12757205963, 0, 0, 0, 0, 0, 0, 0.102880656719, 0, 0, 0, 0, 0, 0, 0.720164597034],
    "thpcp": [1, 0.770675182343, 0.494654208422, 0.358671188354, 0.282957404852, 0.222985878587, 0.187017664313, 0.183444708586, 0.219055786729, 0.247780933976, 0.209356427193, 0.152193754911, 0.15622356534, 0.209670364857, 0.376714080572, 0.367940038443, 0.196455016732, 0.228546708822, 0.262335300446, 0.167571172118, 0.140482053161, 0.189759254456, 0.464917957783, 0.732092142105, 0.488273143768, 0.27576482296, 0.386221319437, 0.388934910297, 0.215504661202, 0.129692554474, 0.174525275826, 0.25209197402, 0.354149729013, 0.510129392147, 0.736184239388, 0.957081735134],
    "chords_key": "D",
    "chords_scale": "minor",
    "key_key": "D",
    "key_scale": "minor"
}
}