{
"lowlevel": {
    "average_loudness": 0.854751706123,
    "barkbands_crest": {
        "mean": 9.92324638367,
        "var": 12.7148132324
    },
    "barkbands_flatness_db": {
        "mean": 0.178363978863,
        "var": 0.00173664814793
    },
    "barkbands_kurtosis": {
        "mean": 3.57022762299,
        "var": 40.421962738
    },
    "barkbands_skewness": {
        "mean": 1.27372598648,
        "var": 0.980268716812
    },
    "barkbands_spread": {
        "mean": 13.6050987244,
        "var": 46.2918052673
    },
    "dissonance": {
        "mean": 0.440813064575,
        "var": 0.00117591430899
    },
    "dynamic_complexity": 2.49364113808,
    "erbbands_crest": {
        "mean": 12.2698011398,
        "var": 30.0281219482
    },
    "erbbands_flatness_db": {
        "mean": 0.205392718315,
        "var": 0.00125222327188
    },
    "erbbands_kurtosis": {
        "mean": 0.938555002213,
        "var": 3.83536458015
    },
    "erbbands_skewness": {
        "mean": 0.545748531818,
        "var": 0.474685788155
    },
    "erbbands_spread": {
        "mean": 24.1963424683,
        "var": 76.0669555664
    },
    "hfc": {
        "mean": 18.13098526,
        "var": 205.576385498
    },
    "melbands_crest": {
        "mean": 13.6768693924,
        "var": 17.7839241028
    },
    "melbands_flatness_db": {
        "mean": 0.238376185298,
        "var": 0.00314220949076
    },
    "melbands_kurtosis": {
        "mean": 7.48452758789,
        "var": 133.479980469
    },
    "melbands_skewness": {
        "mean": 1.85018730164,
        "var": 1.40594351292
    },
    "melbands_spread": {
        "mean": 17.7169342041,
        "var": 120.813842773
    },
    "pitch_salience": {
        "mean": 0.487810909748,
        "var": 0.00979912653565
    },
    "silence_rate_20dB": {
        "mean": 1,
        "var": 0
    },
    "silence_rate_30dB": {
        "mean": 0.992276012897,
        "var": 0.00766439875588
    },
    "silence_rate_60dB": {
        "mean": 0.00205973233096,
        "var": 0.00205553858541
    },
    "spectral_centroid": {
        "mean": 930.387634277,
        "var": 265432.625
    },
    "spectral_complexity": {
        "mean": 14.9124612808,
        "var": 18.4928340912
    },
    "spectral_decrease": {
        "mean": -7.21410975402e-009,
        "var": 2.62204673651e-017
    },
    "spectral_energy": {
        "mean": 0.0288722161204,
        "var": 0.000417635514168
    },
    "spectral_energyband_high": {
        "mean": 0.000189856771613,
        "var": 2.74428764158e-008
    },
    "spectral_energyband_low": {
        "mean": 0.00616928422824,
        "var": 4.93233092129e-005
    },
    "spectral_energyband_middle_high": {
        "mean": 0.00680887652561,
        "var": 5.21324764122e-005
    },
    "spectral_energyband_middle_low": {
        "mean": 0.0179053135216,
        "var": 0.00022326153703
    },
    "spectral_entropy": {
        "mean": 6.87357902527,
        "var": 0.110324129462
    },
    "spectral_flux": {
        "mean": 0.068607725203,
        "var": 0.000998188508675
    },
    "spectral_kurtosis": {
        "mean": 7.96104621887,
        "var": 22.8949871063
    },
    "spectral_rms": {
        "mean": 0.00501406565309,
        "var": 3.02717876366e-006
    },
    "spectral_rolloff": {
        "mean": 1063.57263184,
        "var": 939921
    },
    "spectral_skewness": {
        "mean": 2.03619909286,
        "var": 0.242050170898
    },
    "spectral_spread": {
        "mean": 3212919,
        "var": 1.83187551027e+012
    },
    "spectral_strongpeak": {
        "mean": 1.53654646873,
        "var": 2.88371372223
    },
    "zerocrossingrate": {
        "mean": 0.0402960255742,
        "var": 0.000637662771624
    },
    "barkbands": {
        "mean": [4.74561893498e-005, 0.00301102711819, 0.00220007519238, 0.0029462124221, 0.00364509900101, 0.00189424376003, 0.00151036854368, 0.00262612267397, 0.00304282596335, 0.0030800786335, 0.000324158347212, 0.000408629246522, 0.00129556050524, 0.00103831291199, 0.000385232269764, 0.000359158875654, 0.00066670513479, 6.35090837022e-005, 0.000100502889836, 9.15159835131e-005, 6.28370180493e-005, 2.88094142888e-005, 1.95585453184e-005, 1.42838589454e-005, 7.72868770582e-006, 2.01197758543e-006, 2.25648619789e-007],
        "var": [8.65236700065e-008, 2.50246521318e-005, 5.74325849811e-006, 2.232544648e-005, 1.8623761207e-005, 6.7196292548e-006, 5.26420353708e-006, 1.55821962835e-005, 9.11885072128e-005, 6.90248707542e-005, 2.14071008031e-007, 4.00830032277e-007, 8.8698716354e-006, 2.84608586298e-006, 2.77159642792e-007, 5.28883447259e-007, 8.08840752597e-007, 4.31971658443e-009, 1.14536558016e-008, 1.33478490483e-008, 3.33252403451e-009, 7.69189933969e-010, 5.3442689163e-010, 2.36101971307e-010, 9.51633563617e-011, 7.28644575232e-012, 8.01497865473e-013]
    },
    "erbbands": {
        "mean": [0.0512925349176, 0.802205979824, 2.54388928413, 5.81968975067, 16.557674408, 7.54418134689, 6.49732208252, 17.4467887878, 29.5096054077, 37.1779975891, 49.5918731689, 93.3073577881, 102.333976746, 34.017326355, 19.219745636, 25.2520942688, 71.5180206299, 54.8246078491, 25.859085083, 22.1878566742, 17.5252799988, 25.4795799255, 14.2919139862, 6.21469497681, 3.56718635559, 4.72603750229, 2.91181349754, 2.11360931396, 1.04168915749, 0.749825298786, 0.544602692127, 0.338767170906, 0.192962765694, 0.114525474608, 0.0396134182811, 0.0125325014815, 0.00335285812616, 0.00060640607262, 3.0008437534e-005, 3.38952086167e-005],
        "var": [0.0138057516888, 1.56059956551, 8.64350700378, 47.4951400757, 622.854614258, 62.1037750244, 54.6642036438, 534.409118652, 2156.24829102, 3784.02807617, 5266.79003906, 76494.34375, 92824.34375, 9204.39160156, 705.324462891, 1151.12121582, 25369.7070313, 6706.79248047, 797.081420898, 1287.02453613, 713.40802002, 1249.29724121, 413.769042969, 56.6420783997, 13.763833046, 32.7324180603, 7.59880065918, 3.948107481, 0.922451972961, 0.582140505314, 0.413998454809, 0.133659988642, 0.0519846379757, 0.0225984621793, 0.0024836610537, 0.000243343602051, 2.24783107114e-005, 2.59575767814e-006, 1.88665061351e-009, 5.64694180305e-010]
    },
    "gfcc": {
        "mean": [-24.1893730164, 129.561553955, -134.49180603, 23.5939884186, -58.7513160706, 4.4850320816, -40.217880249, -1.95979452133, -21.3427562714, -4.63535261154, -18.008272171, -13.1939888, -12.7886581421],
        "cov": [[5252.43554688, -773.638122559, -779.418945313, -39.7208023071, -192.135025024, 386.942443848, -224.308166504, 293.420349121, -37.2943725586, 157.58416748, -231.138198853, -37.872379303, -267.797332764], [-773.638122559, 1054.84057617, 394.96383667, 149.801528931, 155.834579468, -92.4813079834, 198.616119385, -106.028053284, 112.846725464, -54.8507919312, 250.65486145, 44.0076637268, 223.611358643], [-779.418945313, 394.96383667, 653.661865234, 151.65675354, 160.864807129, 66.9632339478, 155.094711304, 51.3868331909, 16.943107605, -10.039018631, 85.0525970459, 99.205291748, 131.511383057], [-39.7208023071, 149.801528931, 151.65675354, 207.134628296, 87.1560440063, 43.5684776306, 15.9809217453, 23.4649906158, 34.6590156555, 14.3691139221, 78.0917358398, 29.9215507507, 31.0595054626], [-192.135025024, 155.834579468, 160.864807129, 87.1560440063, 144.403701782, 49.1006240845, 53.3558197021, 12.0303382874, 34.3909988403, -12.6000938416, 35.4174461365, 27.8533916473, 37.8188858032], [386.942443848, -92.4813079834, 66.9632339478, 43.5684776306, 49.1006240845, 185.508850098, 41.5955123901, 82.9163208008, 10.6836509705, 33.7712135315, 8.44229221344, 35.3513259888, 6.86763954163], [-224.308166504, 198.616119385, 155.094711304, 15.9809217453, 53.3558197021, 41.5955123901, 157.864974976, 35.8581314087, 26.8990077972, -13.3932228088, 42.2067222595, 36.894241333, 70.8262252808], [293.420349121, -106.028053284, 51.3868331909, 23.4649906158, 12.0303382874, 82.9163208008, 35.8581314087, 152.486099243, 36.4346656799, 40.0421676636, -9.4446439743, 21.8251819611, -13.1352777481], [-37.2943725586, 112.846725464, 16.943107605, 34.6590156555, 34.3909988403, 10.6836509705, 26.8990077972, 36.4346656799, 101.588729858, 35.019744873, 56.2058525085, 3.69579148293, 18.7526550293], [157.58416748, -54.8507919312, -10.039018631, 14.3691139221, -12.6000938416, 33.7712135315, -13.3932228088, 40.0421676636, 35.019744873, 100.716545105, 38.4152336121, -2.84053754807, -25.1203231812], [-231.138198853, 250.65486145, 85.0525970459, 78.0917358398, 35.4174461365, 8.44229221344, 42.2067222595, -9.4446439743, 56.2058525085, 38.4152336121, 164.863540649, 42.6565093994, 57.2842636108], [-37.872379303, 44.0076637268, 99.205291748, 29.9215507507, 27.8533916473, 35.3513259888, 36.894241333, 21.8251819611, 3.69579148293, -2.84053754807, 42.6565093994, 87.4113998413, 44.1467094421], [-267.797332764, 223.611358643, 131.511383057, 31.0595054626, 37.8188858032, 6.86763954163, 70.8262252808, -13.1352777481, 18.7526550293, -25.1203231812, 57.2842636108, 44.1467094421, 125.383514404]],
        "icov": [[0.000601951731369, -0.00121960835531, 0.00118507561274, -0.000458146882011, 0.000705887563527, -0.00177897466347, 0.000992416637018, -0.00121043331455, 0.000822626752779, -0.000992303830571, 0.00194461341016, -0.00135260017123, 0.000794321880676], [-0.00121960835531, 0.00701014744118, -0.0038026701659, 0.000556034094188, -0.00243193120696, 0.00573435984552, -0.0046765608713, 0.00464314920828, -0.00413645245135, 0.00437176739797, -0.00862815789878, 0.00609726971015, -0.00441888719797], [0.00118507561274, -0.0038026701659, 0.00600937753916, -0.00202400027774, -0.000757107045501, -0.00316268601455, 0.00105479650665, -0.00398754514754, 0.00442145718262, -0.00402013538405, 0.00563770160079, -0.00501118181273, 0.000621182320174], [-0.000458146882011, 0.000556034094188, -0.00202400027774, 0.00911226123571, -0.00427109748125, 0.000427806488005, 0.00251229526475, -0.00092810759088, -0.000144342076965, 0.00159026263282, -0.00526402704418, 0.00181084568612, -0.000248427852057], [0.000705887563527, -0.00243193120696, -0.000757107045501, -0.00427109748125, 0.015586219728, -0.00612606946379, 7.63060088502e-005, 0.00145607278682, -0.0044688959606, 0.00203836383298, 0.00473935808986, -0.00277168233879, 0.00332807912491], [-0.00177897466347, 0.00573435984552, -0.00316268601455, 0.000427806488005, -0.00612606946379, 0.0154176512733, -0.00558696314692, 0.000455630564829, -0.000414174865, 0.000549978460185, -0.00716586736962, 0.00349758495577, -0.00439353799447], [0.000992416637018, -0.0046765608713, 0.00105479650665, 0.00251229526475, 7.63060088502e-005, -0.00558696314692, 0.0151171796024, -0.00622466392815, 0.0018127305666, -0.000226000323892, 0.0033788329456, -0.00312316394411, -0.000937675475143], [-0.00121043331455, 0.00464314920828, -0.00398754514754, -0.00092810759088, 0.00145607278682, 0.000455630564829, -0.00622466392815, 0.0164951011539, -0.00885988306254, 0.000456208159449, -0.00139435892925, 0.000875290425029, 7.18078808859e-005], [0.000822626752779, -0.00413645245135, 0.00442145718262, -0.000144342076965, -0.0044688959606, -0.000414174865, 0.0018127305666, -0.00885988306254, 0.0208322685212, -0.00713985785842, 7.2545830335e-005, -0.000391465786379, -0.000490784295835], [-0.000992303830571, 0.00437176739797, -0.00402013538405, 0.00159026263282, 0.00203836383298, 0.000549978460185, -0.000226000323892, 0.000456208159449, -0.00713985785842, 0.0206767767668, -0.0117339752614, 0.00629099039361, 0.00179341959301], [0.00194461341016, -0.00862815789878, 0.00563770160079, -0.00526402704418, 0.00473935808986, -0.00716586736962, 0.0033788329456, -0.00139435892925, 7.2545830335e-005, -0.0117339752614, 0.0250741560012, -0.0130409253761, 0.00261422153562], [-0.00135260017123, 0.00609726971015, -0.00501118181273, 0.00181084568612, -0.00277168233879, 0.00349758495577, -0.00312316394411, 0.000875290425029, -0.000391465786379, 0.00629099039361, -0.0130409253761, 0.0238270163536, -0.00756741408259], [0.000794321880676, -0.00441888719797, 0.000621182320174, -0.000248427852057, 0.00332807912491, -0.00439353799447, -0.000937675475143, 7.18078808859e-005, -0.000490784295835, 0.00179341959301, 0.00261422153562, -0.00756741408259, 0.0186395775527]]
    },
    "melbands": {
        "mean": [0.00066230725497, 0.00127995153889, 0.00145087006968, 0.000911852403078, 0.000242393725784, 0.000419262069045, 0.000408433668781, 0.0004611047043, 0.000461803923827, 0.000509231467731, 0.000491959450301, 0.000133551162435, 5.00666938024e-005, 5.49166215933e-005, 0.000121415425383, 9.93171779555e-005, 0.000116602917842, 4.53526918136e-005, 2.35333372984e-005, 3.63051112799e-005, 1.72244835994e-005, 2.06948152481e-005, 3.76914031222e-005, 2.71362091553e-006, 5.21291030964e-006, 2.38627239924e-006, 2.38809502662e-006, 3.48790808857e-006, 1.74771957973e-006, 1.57578369908e-006, 1.37740539685e-006, 6.61099363697e-007, 4.1347914248e-007, 4.18996961571e-007, 3.48015191776e-007, 2.28739793329e-007, 1.84611309351e-007, 1.32892438387e-007, 1.36528100825e-007, 8.18806284997e-008],
        "var": [1.57420868163e-006, 2.29575289268e-006, 3.81563995688e-006, 1.29993020437e-006, 8.41355856096e-008, 3.55713780209e-007, 4.28498509564e-007, 6.16255420027e-007, 6.4258256316e-007, 2.28652402257e-006, 2.32517004406e-006, 1.72953249944e-007, 4.64631133568e-009, 5.36836397558e-009, 5.48433654046e-008, 5.17278344603e-008, 3.64646446371e-008, 2.66543165317e-009, 1.05409792006e-009, 4.54331239297e-009, 5.6941890092e-010, 6.45281106326e-010, 3.8165213212e-009, 8.08976757111e-012, 4.86056715709e-011, 6.38637233374e-012, 1.0580332617e-011, 2.45934279886e-011, 3.57170174513e-012, 2.65437108057e-012, 2.6323442124e-012, 4.42103764622e-013, 2.34531740816e-013, 2.452357165e-013, 1.84149340199e-013, 7.26957353364e-014, 4.32385687855e-014, 3.06204104498e-014, 2.8919344675e-014, 1.44287861281e-014]
    },
    "mfcc": {
        "mean": [-662.167602539, 153.9034729, -12.8562927246, 20.2365913391, -0.388644456863, 3.90273666382, -8.79116439819, -5.1741528511, -1.13918697834, -1.17027795315, -4.79441404343, 2.20802783966, -7.24768781662],
        "cov": [[3429.296875, -943.079956055, -400.706390381, -381.358062744, 25.8458080292, 35.1925201416, -85.1377182007, 33.0461044312, 125.400672913, 126.08139801, 198.075454712, 155.403503418, -84.8273696899], [-943.079956055, 904.637939453, 265.266571045, 226.930297852, 40.329864502, 55.3109092712, 115.974014282, 57.6391105652, -11.8987941742, -5.7641749382, -63.6961288452, -22.8006267548, 103.060470581], [-400.706390381, 265.266571045, 369.879882813, 131.055099487, 106.780967712, 53.2986450195, 129.162643433, 88.2557373047, 38.5434417725, 21.2961444855, -8.08301925659, 10.0475645065, 76.8486709595], [-381.358062744, 226.930297852, 131.055099487, 199.829940796, 63.3575172424, 20.62525177, 42.0738677979, 25.3339996338, -0.763484239578, -11.2676486969, -16.9800930023, 12.4449129105, 60.3526000977], [25.8458080292, 40.329864502, 106.780967712, 63.3575172424, 159.475128174, 54.2093887329, 41.7012557983, 38.5669441223, 25.5762176514, 12.3718729019, 10.5672111511, 33.2596473694, 56.3787918091], [35.1925201416, 55.3109092712, 53.2986450195, 20.62525177, 54.2093887329, 99.0414199829, 49.4442329407, 31.8838176727, 9.71553897858, 9.58860397339, 7.3839468956, -3.85496544838, 10.259311676], [-85.1377182007, 115.974014282, 129.162643433, 42.0738677979, 41.7012557983, 49.4442329407, 130.217971802, 67.4889526367, 23.6666679382, 11.754989624, 0.302439212799, 6.66238212585, 30.2187385559], [33.0461044312, 57.6391105652, 88.2557373047, 25.3339996338, 38.5669441223, 31.8838176727, 67.4889526367, 137.481567383, 53.6132965088, 23.7986221313, -3.65261006355, -14.2290220261, -3.98565626144], [125.400672913, -11.8987941742, 38.5434417725, -0.763484239578, 25.5762176514, 9.71553897858, 23.6666679382, 53.6132965088, 93.7188949585, 46.4880561829, 9.32938289642, 0.0591395162046, -6.65190076828], [126.08139801, -5.7641749382, 21.2961444855, -11.2676486969, 12.3718729019, 9.58860397339, 11.754989624, 23.7986221313, 46.4880561829, 94.1345825195, 23.9984264374, 10.9479370117, 3.23554635048], [198.075454712, -63.6961288452, -8.08301925659, -16.9800930023, 10.5672111511, 7.3839468956, 0.302439212799, -3.65261006355, 9.32938289642, 23.9984264374, 108.312545776, 57.1996116638, 8.88364028931], [155.403503418, -22.8006267548, 10.0475645065, 12.4449129105, 33.2596473694, -3.85496544838, 6.66238212585, -14.2290220261, 0.0591395162046, 10.9479370117, 57.1996116638, 139.811935425, 91.9624099731], [-84.8273696899, 103.060470581, 76.8486709595, 60.3526000977, 56.3787918091, 10.259311676, 30.2187385559, -3.98565626144, -6.65190076828, 3.23554635048, 8.88364028931, 91.9624099731, 167.310043335]],
        "icov": [[0.000584678491578, 0.000335581076797, 0.000477926456369, 0.000569130352233, -0.000298834929708, -0.000422904733568, -3.23897547787e-005, -0.000347277818946, -0.000422630517278, -0.00027827147278, -0.000303700711811, -0.000583736575209, 0.000114668866445], [0.000335581076797, 0.00213178060949, -0.000431556109106, -0.0013361540623, 0.000908074900508, -0.000885614368599, -0.000467509496957, -0.000268715171842, 0.000266645103693, -0.000515199208166, 0.000362884020433, 0.000295447331155, -0.000797548855189], [0.000477926456369, -0.000431556109106, 0.00634973868728, -0.000992706394754, -0.00239738123491, 0.000754826469347, -0.00390675384551, -0.000924612861127, -0.000875531462952, -0.000697420560755, -0.000705576327164, 0.000696522824001, -0.000971864967141], [0.000569130352233, -0.0013361540623, -0.000992706394754, 0.00929109659046, -0.00260894629173, 0.000388227490475, 0.0006462635356, -0.000514334009495, -0.000220102272579, 0.00106766656972, -5.744574446e-005, -0.000634367577732, -0.000735248147976], [-0.000298834929708, 0.000908074900508, -0.00239738123491, -0.00260894629173, 0.0113132447004, -0.00511118024588, 0.00167452462483, -0.000745643337723, -0.00152246037032, 0.00053238926921, 0.00039224998909, -0.000952453236096, -0.00205577653833], [-0.000422904733568, -0.000885614368599, 0.000754826469347, 0.000388227490475, -0.00511118024588, 0.0157243702561, -0.00506288185716, -0.000147058613948, 0.00177174247801, -0.000648741261102, -0.00165022641886, 0.0027097822167, 0.000194579639356], [-3.23897547787e-005, -0.000467509496957, -0.00390675384551, 0.0006462635356, 0.00167452462483, -0.00506288185716, 0.0157221406698, -0.00466677825898, -1.08914737211e-005, 0.000624836480711, 0.000131096297991, -0.00120063312352, -0.000731311156414], [-0.000347277818946, -0.000268715171842, -0.000924612861127, -0.000514334009495, -0.000745643337723, -0.000147058613948, -0.00466677825898, 0.0128704449162, -0.00530600640923, 0.000350307062035, 0.00051400414668, 0.00119653425645, 0.00110674498137], [-0.000422630517278, 0.000266645103693, -0.000875531462952, -0.000220102272579, -0.00152246037032, 0.00177174247801, -1.08914737211e-005, -0.00530600640923, 0.0185047592968, -0.0072138402611, 0.000604999542702, -4.63940996269e-005, 0.00125156412832], [-0.00027827147278, -0.000515199208166, -0.000697420560755, 0.00106766656972, 0.00053238926921, -0.000648741261102, 0.000624836480711, 0.000350307062035, -0.0072138402611, 0.0152840996161, -0.00262027373537, 0.000467925914563, -0.000833103316836], [-0.000303700711811, 0.000362884020433, -0.000705576327164, -5.744574446e-005, 0.00039224998909, -0.00165022641886, 0.000131096297991, 0.00051400414668, 0.000604999542702, -0.00262027373537, 0.0142191108316, -0.00744867324829, 0.00333879562095], [-0.000583736575209, 0.000295447331155, 0.000696522824001, -0.000634367577732, -0.000952453236096, 0.0027097822167, -0.00120063312352, 0.00119653425645, -4.63940996269e-005, 0.000467925914563, -0.00744867324829, 0.0175500847399, -0.00943074282259], [0.000114668866445, -0.000797548855189, -0.000971864967141, -0.000735248147976, -0.00205577653833, 0.000194579639356, -0.000731311156414, 0.00110674498137, 0.00125156412832, -0.000833103316836, 0.00333879562095, -0.00943074282259, 0.0131494430825]]
    },
    "spectral_contrast_coeffs": {
        "mean": [-0.576085925102, -0.676348924637, -0.685274302959, -0.693111479282, -0.729520201683, -0.696772575378],
        "var": [0.0074967732653, 0.00455412920564, 0.00638712849468, 0.00440623331815, 0.00291808438487, 0.00287751969881]
    },
    "spectral_contrast_valleys": {
        "mean": [-7.59800672531, -6.73093986511, -7.73559379578, -8.28769016266, -8.54139041901, -11.7561397552],
        "var": [1.52253544331, 0.883429467678, 0.827883780003, 0.749332249165, 0.763559758663, 0.896263062954]
    }
},
"metadata": {
    "audio_properties": {
        "analysis_sample_rate": 44100,
        "bit_rate": 105894,
        "equal_loudness": 0,
        "length": 45.0612258911,
        "lossless": 0,
        "replay_gain": -10.3067760468,
        "sample_rate": 44100,
        "codec": "mp3",
        "downmix": "mix",
        "md5_encoded": "a46d5c4df95f3038dfb5f18fe16487d2"
    },
    "tags": {
        "file_name": "613.mp3"
    },
    "version": {
        "essentia": "2.1-beta2",
        "essentia_git_sha": "v2.1_beta2",
        "extractor": "music 1.0"
    }
},
"rhythm": {
    "beats_count": 93,
    "beats_loudness": {
        "mean": 0.0316160582006,
        "var": 0.000467019504867
    },
    "bpm": 126.383712769,
    "bpm_histogram_first_peak_bpm": {
        "mean": 126,
        "var": 0
    },
    "bpm_histogram_first_peak_spread": {
        "mean": 0.375000029802,
        "var": 0
    },
    "bpm_histogram_first_peak_weight": {
        "mean": 0.543478250504,
        "var": 0
    },
    "bpm_histogram_second_peak_bpm": {
        "mean": 120,
        "var": 0
    },
    "bpm_histogram_second_peak_spread": {
        "mean": 0.181818202138,
        "var": 0
    },
    "bpm_histogram_second_peak_weight": {
        "mean": 0.0978260859847,
        "var": 0
    },
    "danceability": 1.02696430683,
    "onset_rate": 3.10548377037,
    "beats_loudness_band_ratio": {
        "mean": [0.393243104219, 0.198788553476, 0.30904507637, 0.159747138619, 0.0693175941706, 0.0109320664778],
        "var": [0.0576580502093, 0.0176375675946, 0.0389753356576, 0.0184506215155, 0.00410547386855, 0.00014464877313]
    },
    "beats_position": [0.452789098024, 0.917188167572, 1.39319729805, 1.86920630932, 2.33360528946, 2.80961441994, 3.28562355042, 3.7732424736, 4.27247142792, 4.77170038223, 5.27092981339, 5.75854873657, 6.23455762863, 6.71056699753, 7.19818592072, 7.69741487503, 8.19664382935, 8.70748329163, 9.2067117691, 9.70594120026, 10.2051696777, 10.7276191711, 11.2384576797, 11.7376871109, 12.2253055573, 12.7013149261, 13.1889343262, 13.6649427414, 14.1409521103, 14.6053514481, 15.0813598633, 15.5573692322, 16.0333786011, 16.50938797, 16.9853973389, 17.4614048004, 17.9490242004, 18.4134235382, 18.8894329071, 19.365442276, 19.8298416138, 20.3058490753, 20.7818584442, 21.246257782, 21.7106571198, 22.1750564575, 22.6510658264, 23.1270751953, 23.6030826569, 24.0907020569, 24.5667114258, 25.0311107635, 25.5071201324, 25.9831295013, 26.4591369629, 26.9351463318, 27.4111557007, 27.8871650696, 28.3515644073, 28.8275737762, 29.3035831451, 29.7679805756, 30.2323799133, 30.7083892822, 31.1843986511, 31.66040802, 32.1364173889, 32.6008148193, 33.0652160645, 33.5412254333, 34.0172348022, 34.5048522949, 34.9692497253, 35.4452590942, 35.9212684631, 36.397277832, 36.8616790771, 37.3376846313, 37.8136940002, 38.2897033691, 38.7541046143, 39.2301139832, 39.7061233521, 40.1821289063, 40.6581382751, 41.1225395203, 41.5869369507, 42.0629463196, 42.5389556885, 43.0265769958, 43.5141944885, 44.0018119812, 44.4778213501]
},
"tonal": {
    "chords_changes_rate": 0.0205761324614,
    "chords_number_rate": 0.00308641977608,
    "chords_strength": {
        "mean": 0.585325181484,
        "var": 0.00708277383819
    },
    "hpcp_entropy": {
        "mean": 1.56011641026,
        "var": 0.496818780899
    },
    "key_strength": 0.815900564194,
    "tuning_diatonic_strength": 0.656143248081,
    "tuning_equal_tempered_deviation": 0.0486667081714,
    "tuning_frequency": 441.017791748,
    "tuning_nontempered_energy_ratio": 0.692363500595,
    "hpcp": {
        "mean": [0.1642652601, 0.0973834395409, 0.016409099102, 0.00728812580928, 0.00348743237555, 0.0100951455534, 0.0232433974743, 0.033972915262, 0.241792410612, 0.450613021851, 0.253291815519, 0.0289692860097, 0.00642053969204, 0.0114529132843, 0.0864678546786, 0.142740041018, 0.0736704841256, 0.0109317852184, 0.00457913521677, 0.0125889219344, 0.140712991357, 0.346066951752, 0.277422964573, 0.178184881806, 0.210248798132, 0.118956454098, 0.0407272800803, 0.0251722913235, 0.0324087552726, 0.183093696833, 0.47609731555, 0.399960666895, 0.102728463709, 0.0282114204019, 0.025952719152, 0.0942448824644],
        "var": [0.0724989324808, 0.0276196245104, 0.00190354150254, 0.00061483879108, 0.00080460641766, 0.00130517722573, 0.00196913862601, 0.00237389164977, 0.0579837709665, 0.164406880736, 0.0562516823411, 0.00221926160157, 0.000363422150258, 0.00104611041024, 0.0314047820866, 0.0661801844835, 0.0160248074681, 0.00232763960958, 0.00098706537392, 0.00208240328357, 0.0256509501487, 0.113752380013, 0.0686192810535, 0.064120054245, 0.115018948913, 0.0487602353096, 0.0217752084136, 0.0126810679212, 0.0121080065146, 0.0397715680301, 0.133896887302, 0.0941869094968, 0.0234101302922, 0.00616421736777, 0.00656625581905, 0.0291099827737]
    },
    "chords_histogram": [79.423866272, 0, 0, 0, 0, 0, 0, 0, 0, 0, 0, 0, 0, 0, 0, 0, 0, 0.102880656719, 0, 0, 0, 0, 13.8888893127, 6.58436203003],
    "thpcp": [1, 0.840081751347, 0.215771988034, 0.0592555738986, 0.0545113757253, 0.197952985764, 0.345024555922, 0.204545244575, 0.0344658493996, 0.0153080588207, 0.00732504110783, 0.0212039537728, 0.0488206855953, 0.0713570788503, 0.507863402367, 0.946472525597, 0.53201687336, 0.0608474053442, 0.0134857716039, 0.0240558236837, 0.181618019938, 0.299812734127, 0.154738292098, 0.0229612402618, 0.00961806531996, 0.0264419093728, 0.295555114746, 0.726882815361, 0.582702219486, 0.374261468649, 0.44160887599, 0.249857440591, 0.0855440273881, 0.0528721548617, 0.0680717006326, 0.384571999311],
    "chords_key": "C",
    "chords_scale": "major",
    "key_key": "C",
    "key_scale": "major"
}
}