{
"lowlevel": {
    "average_loudness": 0.753493726254,
    "barkbands_crest": {
        "mean": 9.86748313904,
        "var": 21.6056842804
    },
    "barkbands_flatness_db": {
        "mean": 0.174124225974,
        "var": 0.008773826994
    },
    "barkbands_kurtosis": {
        "mean": 5.12667798996,
        "var": 179.210037231
    },
    "barkbands_skewness": {
        "mean": 1.36325061321,
        "var": 1.97900390625
    },
    "barkbands_spread": {
        "mean": 20.409954071,
        "var": 188.566696167
    },
    "dissonance": {
        "mean": 0.453800052404,
        "var": 0.00174105609767
    },
    "dynamic_complexity": 6.11441755295,
    "erbbands_crest": {
        "mean": 9.23686885834,
        "var": 17.8254508972
    },
    "erbbands_flatness_db": {
        "mean": 0.197158947587,
        "var": 0.00394652644172
    },
    "erbbands_kurtosis": {
        "mean": 0.993317484856,
        "var": 10.3453731537
    },
    "erbbands_skewness": {
        "mean": 0.221938461065,
        "var": 0.891673386097
    },
    "erbbands_spread": {
        "mean": 27.0684318542,
        "var": 115.689796448
    },
    "hfc": {
        "mean": 19.6672401428,
        "var": 413.979370117
    },
    "melbands_crest": {
        "mean": 14.3271627426,
        "var": 22.7553730011
    },
    "melbands_flatness_db": {
        "mean": 0.242197334766,
        "var": 0.0131526188925
    },
    "melbands_kurtosis": {
        "mean": 9.497133255,
        "var": 283.110015869
    },
    "melbands_skewness": {
        "mean": 2.1170372963,
        "var": 2.05762934685
    },
    "melbands_spread": {
        "mean": 24.9299125671,
        "var": 381.530609131
    },
    "pitch_salience": {
        "mean": 0.50761038065,
        "var": 0.0115547832102
    },
    "silence_rate_20dB": {
        "mean": 1,
        "var": 0
    },
    "silence_rate_30dB": {
        "mean": 1,
        "var": 0
    },
    "silence_rate_60dB": {
        "mean": 0.209469884634,
        "var": 0.165592640638
    },
    "spectral_centroid": {
        "mean": 1177.92919922,
        "var": 551074.25
    },
    "spectral_complexity": {
        "mean": 19.3556346893,
        "var": 160.108383179
    },
    "spectral_decrease": {
        "mean": -5.74808955989e-009,
        "var": 2.6971454717e-017
    },
    "spectral_energy": {
        "mean": 0.0234785471112,
        "var": 0.000446314224973
    },
    "spectral_energyband_high": {
        "mean": 0.000540537002962,
        "var": 1.52973586864e-006
    },
    "spectral_energyband_low": {
        "mean": 0.00716819660738,
        "var": 8.78390274011e-005
    },
    "spectral_energyband_middle_high": {
        "mean": 0.00631698593497,
        "var": 3.88819171349e-005
    },
    "spectral_energyband_middle_low": {
        "mean": 0.0101906200871,
        "var": 0.000128375526401
    },
    "spectral_entropy": {
        "mean": 7.16730117798,
        "var": 0.634364008904
    },
    "spectral_flux": {
        "mean": 0.0586164593697,
        "var": 0.00217599910684
    },
    "spectral_kurtosis": {
        "mean": 12.7710762024,
        "var": 273.255493164
    },
    "spectral_rms": {
        "mean": 0.0041521275416,
        "var": 5.66571407035e-006
    },
    "spectral_rolloff": {
        "mean": 1467.28063965,
        "var": 2429310.25
    },
    "spectral_skewness": {
        "mean": 2.24625229836,
        "var": 1.39240312576
    },
    "spectral_spread": {
        "mean": 3411405.5,
        "var": 4.24493003571e+012
    },
    "spectral_strongpeak": {
        "mean": 0.991944015026,
        "var": 1.72612774372
    },
    "zerocrossingrate": {
        "mean": 0.050777733326,
        "var": 0.00165423634462
    },
    "barkbands": {
        "mean": [0.00014992740762, 0.00373424682766, 0.00259767100215, 0.00140611350071, 0.00192900840193, 0.000569031573832, 0.000387255218811, 0.0014430785086, 0.00434918422252, 0.000720928946976, 0.000436757138232, 0.00113876338582, 0.00076557189459, 0.000255802937318, 0.00104006042238, 0.000811180158053, 0.000811526959296, 0.000191438753973, 0.000130806583911, 0.000148512976011, 0.000126980870846, 0.000119335039926, 7.55440923967e-005, 7.43706987123e-005, 4.33480927313e-005, 2.14630563278e-005, 6.20090588654e-007],
        "var": [9.6493195656e-008, 4.24591416959e-005, 1.04737955553e-005, 5.57790417588e-006, 6.51541267871e-006, 1.38920029258e-006, 6.42546353902e-007, 6.77617890688e-006, 5.22459595231e-005, 3.11857866109e-006, 4.56319412478e-007, 2.98703707813e-006, 1.51034362261e-006, 1.12252465101e-007, 1.63308777701e-006, 1.00624652077e-006, 1.06989250526e-006, 5.1811319679e-008, 3.24842233113e-008, 5.7952171062e-008, 4.12071017308e-008, 7.20500565876e-008, 3.58531302425e-008, 7.8651765989e-008, 5.2004526907e-008, 1.85250588203e-008, 4.22759188767e-011]
    },
    "erbbands": {
        "mean": [0.0990528315306, 0.883091032505, 2.7770485878, 4.10383272171, 6.67748880386, 5.93735027313, 3.83237934113, 4.80690526962, 5.25162220001, 9.25267219543, 68.2585449219, 82.1506500244, 33.2855529785, 23.7171707153, 14.1132259369, 46.1531906128, 41.4394264221, 17.3873214722, 27.494058609, 64.4878540039, 40.6550750732, 46.6488838196, 12.5368967056, 8.62331581116, 7.7922577858, 5.89724636078, 6.60777235031, 4.00638961792, 4.25313711166, 3.41487193108, 2.01464700699, 1.7446038723, 1.04565382004, 0.48609867692, 0.322516947985, 0.129569590092, 0.0328138507903, 0.00430271634832, 0.000105746643385, 3.20809776895e-005],
        "var": [0.0374615304172, 2.13666152954, 11.7352247238, 29.0315570831, 80.5628890991, 75.9916687012, 35.2669830322, 137.036270142, 162.875, 221.031677246, 14908.2148438, 23900.453125, 3669.74072266, 2672.51904297, 360.760131836, 4512.52246094, 3739.68457031, 537.928405762, 980.653076172, 5720.91845703, 1953.08703613, 3742.45117188, 198.045410156, 117.691627502, 109.369781494, 96.4764404297, 105.279678345, 52.5966720581, 91.4456481934, 70.064666748, 25.0727653503, 33.6556777954, 21.0933933258, 5.05860376358, 3.41326117516, 0.854456961155, 0.0324521735311, 0.00124598434195, 5.56224222237e-007, 1.41388334374e-009]
    },
    "gfcc": {
        "mean": [-64.9263839722, 128.725387573, -128.595214844, 20.8829441071, -41.3839225769, 13.7948703766, -37.4014930725, 7.44864559174, -17.3807544708, -4.98462867737, -24.725812912, -8.57053184509, -9.87939357758],
        "cov": [[24329.7089844, -7203.07128906, -920.928466797, 2607.56201172, -1907.33984375, 3093.62182617, 99.7763977051, 2063.17333984, -213.558120728, 760.844665527, -1072.32592773, 535.673156738, -635.944641113], [-7203.07128906, 3753.10961914, -284.676116943, -915.488891602, 1179.06323242, -1148.57214355, 286.185668945, -657.714477539, 326.097198486, -266.535705566, 507.941802979, -263.805877686, 330.996276855], [-920.928466797, -284.676116943, 729.515991211, -31.504524231, -219.725875854, 4.26822280884, -179.808166504, -53.6659736633, -77.0092010498, -16.1625728607, -15.3262767792, 80.3859558105, -34.927230835], [2607.56201172, -915.488891602, -31.504524231, 553.702941895, -160.41255188, 401.630096436, 61.1331634521, 223.320922852, 16.3747692108, 129.829849243, -80.952293396, 88.5102386475, -22.6928710938], [-1907.33984375, 1179.06323242, -219.725875854, -160.41255188, 683.13470459, -280.554931641, 239.736358643, -136.902435303, 146.257156372, -4.83524656296, 164.911651611, -57.4682312012, 132.669265747], [3093.62182617, -1148.57214355, 4.26822280884, 401.630096436, -280.554931641, 557.25982666, 18.411272049, 312.510040283, -28.3697032928, 110.723434448, -148.545639038, 85.83644104, -88.5791778564], [99.7763977051, 286.185668945, -179.808166504, 61.1331634521, 239.736358643, 18.411272049, 243.185546875, 51.9393844604, 110.068992615, 52.2497520447, 69.6851730347, -17.7308311462, 45.5363464355], [2063.17333984, -657.714477539, -53.6659736633, 223.320922852, -136.902435303, 312.510040283, 51.9393844604, 279.302307129, 20.6089611053, 87.1313705444, -80.3000183105, 54.5104217529, -55.2896194458], [-213.558120728, 326.097198486, -77.0092010498, 16.3747692108, 146.257156372, -28.3697032928, 110.068992615, 20.6089611053, 148.034805298, 13.296628952, 70.0358657837, -13.7236013412, 39.8520011902], [760.844665527, -266.535705566, -16.1625728607, 129.829849243, -4.83524656296, 110.723434448, 52.2497520447, 87.1313705444, 13.296628952, 112.177482605, -1.5355193615, 34.9091453552, -8.47095775604], [-1072.32592773, 507.941802979, -15.3262767792, -80.952293396, 164.911651611, -148.545639038, 69.6851730347, -80.3000183105, 70.0358657837, -1.5355193615, 137.532974243, -20.2334327698, 57.0376625061], [535.673156738, -263.805877686, 80.3859558105, 88.5102386475, -57.4682312012, 85.83644104, -17.7308311462, 54.5104217529, -13.7236013412, 34.9091453552, -20.2334327698, 76.1837997437, -7.84207630157], [-635.944641113, 330.996276855, -34.927230835, -22.6928710938, 132.669265747, -88.5791778564, 45.5363464355, -55.2896194458, 39.8520011902, -8.47095775604, 57.0376625061, -7.84207630157, 90.8463516235]],
        "icov": [[0.000370429101167, -0.000418561568949, 0.000600338273216, -0.000768444733694, 0.000652709219139, -0.00074908969691, -8.15441853774e-006, -0.000930462905671, 0.000363370112609, -0.000689760083333, 0.00123567238916, -0.000999779091217, 0.000825334980618], [-0.000418561568949, 0.00429708696902, -0.000618353427853, 0.0029486278072, -0.00350454100408, 0.0024367463775, -0.000155963076395, 0.00234483741224, -0.00358179537579, 0.00421475479379, -0.00535323238, 0.00359270116314, -0.00345302280039], [0.000600338273216, -0.000618353427853, 0.00303892046213, -0.000865185051225, 0.00139240990393, -0.00160303805023, 0.000982674304396, -0.000553224992473, 0.000317147845635, -0.00112321053166, 0.00109811022412, -0.0040443148464, 0.00169955345336], [-0.000768444733694, 0.0029486278072, -0.000865185051225, 0.00765915447846, -0.00220619631, -0.000951820460614, -0.000635832489934, 0.00401067407802, -0.00366144324653, 0.000803407689091, -0.00394872296602, 0.00140620185994, -0.00520685082301], [0.000652709219139, -0.00350454100408, 0.00139240990393, -0.00220619631, 0.00714579597116, -0.00155666843057, -0.00323152984492, -0.00144381914288, 0.0020780460909, -0.00425304519013, 0.00520371738821, -0.00438138796017, 0.00115628528874], [-0.00074908969691, 0.0024367463775, -0.00160303805023, -0.000951820460614, -0.00155666843057, 0.0111247366294, -0.00151364947669, -0.0032890108414, -0.000942801532801, 0.0031108672265, -0.00140920258127, 0.00269366730936, -0.00127772497945], [-8.15441853774e-006, -0.000155963076395, 0.000982674304396, -0.000635832489934, -0.00323152984492, -0.00151364947669, 0.011746273376, -0.00204814434983, -0.0027933253441, -0.0024786372669, -0.00281541701406, 0.00255261454731, -0.000178545029485], [-0.000930462905671, 0.00234483741224, -0.000553224992473, 0.00401067407802, -0.00144381914288, -0.0032890108414, -0.00204814434983, 0.0159804932773, -0.00610397662967, -0.00044974120101, -0.00156647607218, -0.000121122415294, -0.00100485130679], [0.000363370112609, -0.00358179537579, 0.000317147845635, -0.00366144324653, 0.0020780460909, -0.000942801532801, -0.0027933253441, -0.00610397662967, 0.0164048857987, -0.00103510718327, -0.0010092164157, -0.00134923541918, 0.00175664876588], [-0.000689760083333, 0.00421475479379, -0.00112321053166, 0.000803407689091, -0.00425304519013, 0.0031108672265, -0.0024786372669, -0.00044974120101, -0.00103510718327, 0.0204905606806, -0.00958563294262, 0.000422927143518, -0.001783487387], [0.00123567238916, -0.00535323238, 0.00109811022412, -0.00394872296602, 0.00520371738821, -0.00140920258127, -0.00281541701406, -0.00156647607218, -0.0010092164157, -0.00958563294262, 0.0259325187653, -0.00653684930876, 0.00177758396603], [-0.000999779091217, 0.00359270116314, -0.0040443148464, 0.00140620185994, -0.00438138796017, 0.00269366730936, 0.00255261454731, -0.000121122415294, -0.00134923541918, 0.000422927143518, -0.00653684930876, 0.0267208795995, -0.0065784691833], [0.000825334980618, -0.00345302280039, 0.00169955345336, -0.00520685082301, 0.00115628528874, -0.00127772497945, -0.000178545029485, -0.00100485130679, 0.00175664876588, -0.001783487387, 0.00177758396603, -0.0065784691833, 0.0226415749639]]
    },
    "melbands": {
        "mean": [0.000977018731646, 0.00138423999306, 0.000798817200121, 0.000502665352542, 0.000143187018693, 0.000108017331513, 8.04354931461e-005, 0.000107662461232, 0.000693090492859, 0.000508765515406, 0.000158511960763, 0.000100440724054, 4.63624564873e-005, 7.25290228729e-005, 0.0001551801397, 7.42727861507e-005, 2.46328600042e-005, 2.84005345748e-005, 0.000100118253613, 6.92535104463e-005, 4.18748786615e-005, 5.50701806787e-005, 1.76751746039e-005, 8.70445364853e-006, 6.67514905217e-006, 5.17448370374e-006, 5.40402925253e-006, 3.6696310417e-006, 4.6201475925e-006, 3.18031197821e-006, 1.9701740257e-006, 2.27982741308e-006, 2.54366182162e-006, 1.68348651641e-006, 1.18566219953e-006, 9.6450798992e-007, 1.12758709747e-006, 8.09844777905e-007, 4.840506449e-007, 3.81263390636e-007],
        "var": [3.17282797369e-006, 3.05288108393e-006, 1.00900535926e-006, 4.76785771752e-007, 4.22986836668e-008, 6.30222416476e-008, 3.48035662512e-008, 5.54730910096e-008, 1.69468535205e-006, 1.01596924651e-006, 9.24635656929e-008, 5.47460246025e-008, 4.29407887026e-009, 8.56735482557e-009, 6.74759661479e-008, 2.11915924808e-008, 1.2383827297e-009, 1.22073229303e-009, 1.62420086269e-008, 7.35094696225e-009, 2.2785742182e-009, 5.63496227457e-009, 4.99169428014e-010, 1.12425256604e-010, 7.8693551675e-011, 5.06812959655e-011, 7.2895536829e-011, 5.17231257824e-011, 5.8734503372e-011, 2.76842073571e-011, 1.55393007489e-011, 2.7107219247e-011, 3.94075917731e-011, 1.90848829795e-011, 9.58031223797e-012, 6.14318405173e-012, 1.67497161974e-011, 1.18498440227e-011, 6.61471355121e-012, 2.79179804274e-012]
    },
    "mfcc": {
        "mean": [-694.022644043, 143.522003174, -8.22931480408, 10.1142129898, 14.0041456223, 8.42797660828, -5.82546329498, 6.96575593948, 7.7246389389, 2.15638422966, -4.95324373245, 0.107014641166, -3.00553297997],
        "cov": [[18567.3535156, -3685.89038086, -2044.54943848, 897.056945801, -741.730834961, 591.00012207, 828.170654297, 1216.41186523, 1149.95507813, 926.727416992, 353.487457275, 382.501037598, -121.796829224], [-3685.89038086, 1613.4519043, 153.560043335, -155.456665039, 307.209747314, -127.516647339, -117.787834167, -155.35798645, -149.772750854, -133.420959473, 2.88631701469, 11.2686662674, 63.2940063477], [-2044.54943848, 153.560043335, 668.545837402, -86.5171051025, -6.44747018814, -77.8183898926, -135.405273438, -154.672164917, -186.529388428, -108.790893555, -47.2672653198, -89.5330657959, 15.3191537857], [897.056945801, -155.456665039, -86.5171051025, 239.627044678, 28.8761405945, 78.823928833, 75.3281478882, 63.9916687012, 90.8637084961, 58.261554718, 31.6241550446, 65.2719421387, 26.3548278809], [-741.730834961, 307.209747314, -6.44747018814, 28.8761405945, 193.256134033, 37.1716346741, 4.67610692978, -26.0121192932, 9.00469493866, -19.1217937469, 18.3729228973, 44.8681182861, 23.5301494598], [591.00012207, -127.516647339, -77.8183898926, 78.823928833, 37.1716346741, 147.79776001, 83.1366958618, 45.6391830444, 78.4084472656, 47.9265289307, 32.3452301025, 42.9406204224, 7.20107460022], [828.170654297, -117.787834167, -135.405273438, 75.3281478882, 4.67610692978, 83.1366958618, 150.373809814, 77.659828186, 90.6510238647, 80.3483581543, 48.407207489, 48.8722229004, 14.7065467834], [1216.41186523, -155.35798645, -154.672164917, 63.9916687012, -26.0121192932, 45.6391830444, 77.659828186, 162.447845459, 110.897354126, 81.7276153564, 48.6732902527, 41.8586273193, -3.84488105774], [1149.95507813, -149.772750854, -186.529388428, 90.8637084961, 9.00469493866, 78.4084472656, 90.6510238647, 110.897354126, 166.49597168, 91.7021865845, 44.9162712097, 70.2847442627, 10.8003978729], [926.727416992, -133.420959473, -108.790893555, 58.261554718, -19.1217937469, 47.9265289307, 80.3483581543, 81.7276153564, 91.7021865845, 127.561645508, 62.8347587585, 38.5194244385, 4.46979665756], [353.487457275, 2.88631701469, -47.2672653198, 31.6241550446, 18.3729228973, 32.3452301025, 48.407207489, 48.6732902527, 44.9162712097, 62.8347587585, 104.178649902, 57.4062843323, 10.3858137131], [382.501037598, 11.2686662674, -89.5330657959, 65.2719421387, 44.8681182861, 42.9406204224, 48.8722229004, 41.8586273193, 70.2847442627, 38.5194244385, 57.4062843323, 130.697006226, 37.4345474243], [-121.796829224, 63.2940063477, 15.3191537857, 26.3548278809, 23.5301494598, 7.20107460022, 14.7065467834, -3.84488105774, 10.8003978729, 4.46979665756, 10.3858137131, 37.4345474243, 60.4900436401]],
        "icov": [[0.000351061346009, 0.000429075589636, 0.000522597401869, -0.000400290475227, 0.000595010060351, -9.3876151368e-005, 0.000103502869024, -0.000992620945908, -0.000264095346211, -0.00055300159147, 7.16152362656e-006, -0.000147390237544, 0.000169416089193], [0.000429075589636, 0.00182617024984, 0.000725850928575, 0.000164754412253, -0.00152382219676, 0.00106050504837, 8.8575805421e-005, -0.00118086021394, 0.000119874741358, -0.000400275021093, -0.000532658712473, 5.78222206968e-005, -0.000868721574079], [0.000522597401869, 0.000725850928575, 0.00324127380736, -0.000784782401752, 0.000981429242529, -0.000669109984301, 0.00137832178734, -0.000803712639026, 0.00154483760707, -0.000771760591306, -0.000822398695163, 0.000821447698399, -0.00146043812856], [-0.000400290475227, 0.000164754412253, -0.000784782401752, 0.00682348804548, -0.00216671661474, -0.000880807114299, -0.000779740337748, 0.000438799441326, -0.000666718813591, -2.76292812487e-005, 0.00080545124365, -0.00102690793574, -0.00196909252554], [0.000595010060351, -0.00152382219676, 0.000981429242529, -0.00216671661474, 0.0116197243333, -0.00395029643551, 0.000754808250349, 0.000148131643073, -0.00202878797427, 0.00100853294134, -0.000856259430293, -0.00196939473972, 0.000917663739529], [-9.3876151368e-005, 0.00106050504837, -0.000669109984301, -0.000880807114299, -0.00395029643551, 0.0131282173097, -0.00522646866739, 0.00159070640802, -0.00341043621302, 0.0011638867436, -0.000903899548575, 0.000212074141018, 0.00114696612582], [0.000103502869024, 8.8575805421e-005, 0.00137832178734, -0.000779740337748, 0.000754808250349, -0.00522646866739, 0.0146086895838, -0.00204439694062, -0.000101124023786, -0.00434312969446, -0.00104797794484, 0.000302856700728, -0.00291521218605], [-0.000992620945908, -0.00118086021394, -0.000803712639026, 0.000438799441326, 0.000148131643073, 0.00159070640802, -0.00204439694062, 0.0165705308318, -0.00617569033056, 0.000671130314004, -0.00290731946006, 0.00111630058382, 0.00141403707676], [-0.000264095346211, 0.000119874741358, 0.00154483760707, -0.000666718813591, -0.00202878797427, -0.00341043621302, -0.000101124023786, -0.00617569033056, 0.0204333923757, -0.00652990490198, 0.00384248164482, -0.0044840821065, -0.000981284538284], [-0.00055300159147, -0.000400275021093, -0.000771760591306, -2.76292812487e-005, 0.00100853294134, 0.0011638867436, -0.00434312969446, 0.000671130314004, -0.00652990490198, 0.0208750013262, -0.00878448039293, 0.00326830870472, -0.000810420606285], [7.16152362656e-006, -0.000532658712473, -0.000822398695163, 0.00080545124365, -0.000856259430293, -0.000903899548575, -0.00104797794484, -0.00290731946006, 0.00384248164482, -0.00878448039293, 0.0187302213162, -0.00737591367215, 0.00225157709792], [-0.000147390237544, 5.78222206968e-005, 0.000821447698399, -0.00102690793574, -0.00196939473972, 0.000212074141018, 0.000302856700728, 0.00111630058382, -0.0044840821065, 0.00326830870472, -0.00737591367215, 0.0161364953965, -0.00754035916179], [0.000169416089193, -0.000868721574079, -0.00146043812856, -0.00196909252554, 0.000917663739529, 0.00114696612582, -0.00291521218605, 0.00141403707676, -0.000981284538284, -0.000810420606285, 0.00225157709792, -0.00754035916179, 0.023829549551]]
    },
    "spectral_contrast_coeffs": {
        "mean": [-0.628482997417, -0.705000519753, -0.733201920986, -0.742086291313, -0.766824662685, -0.756164312363],
        "var": [0.00933237653226, 0.00700048170984, 0.00406555877998, 0.00255646579899, 0.00152594747487, 0.00284409639426]
    },
    "spectral_contrast_valleys": {
        "mean": [-7.77936077118, -7.33581161499, -7.92193508148, -8.14529705048, -8.58220386505, -11.5894851685],
        "var": [2.9481112957, 1.85292434692, 3.04712986946, 3.86391615868, 4.81273126602, 5.37057352066]
    }
},
"metadata": {
    "audio_properties": {
        "analysis_sample_rate": 44100,
        "bit_rate": 103340,
        "equal_loudness": 0,
        "length": 45.0873451233,
        "lossless": 0,
        "replay_gain": -11.98487854,
        "sample_rate": 44100,
        "codec": "mp3",
        "downmix": "mix",
        "md5_encoded": "2f66a70f741b4dfa5b7dbaecedd039cb"
    },
    "tags": {
        "file_name": "614.mp3"
    },
    "version": {
        "essentia": "2.1-beta2",
        "essentia_git_sha": "v2.1_beta2",
        "extractor": "music 1.0"
    }
},
"rhythm": {
    "beats_count": 107,
    "beats_loudness": {
        "mean": 0.0261326823384,
        "var": 0.000476448971312
    },
    "bpm": 143.746276855,
    "bpm_histogram_first_peak_bpm": {
        "mean": 144,
        "var": 0
    },
    "bpm_histogram_first_peak_spread": {
        "mean": 0.330097079277,
        "var": 0
    },
    "bpm_histogram_first_peak_weight": {
        "mean": 0.650943398476,
        "var": 0
    },
    "bpm_histogram_second_peak_bpm": {
        "mean": 133,
        "var": 0
    },
    "bpm_histogram_second_peak_spread": {
        "mean": 0,
        "var": 0
    },
    "bpm_histogram_second_peak_weight": {
        "mean": 0.0188679248095,
        "var": 0
    },
    "danceability": 0.899319410324,
    "onset_rate": 2.01752543449,
    "beats_loudness_band_ratio": {
        "mean": [0.422170758247, 0.177445560694, 0.205495014787, 0.103714108467, 0.11556622386, 0.0333789736032],
        "var": [0.0447590388358, 0.0306736323982, 0.0260329786688, 0.00592142669484, 0.00787807628512, 0.00496134534478]
    },
    "beats_position": [0.441179126501, 0.893968224525, 1.34675729275, 1.77632653713, 2.19428563118, 2.61224484444, 3.01859402657, 3.43655323982, 3.85451245308, 4.27247142792, 4.69043064117, 5.11999988556, 5.53795909882, 5.95591831207, 6.3622674942, 6.78022670746, 7.19818592072, 7.61614513397, 8.03410434723, 8.45206356049, 8.87002277374, 9.29959201813, 9.72916126251, 10.1471195221, 10.5650787354, 10.9830379486, 11.4009971619, 11.8189563751, 12.2369155884, 12.6548748016, 13.0728340149, 13.4907932281, 13.8971424103, 14.3151016235, 14.7446708679, 15.1394100189, 15.545759201, 15.9521083832, 16.3700675964, 16.7880268097, 17.2059860229, 17.6239452362, 18.0419044495, 18.4598636627, 18.877822876, 19.2957820892, 19.7137413025, 20.1317005157, 20.549659729, 20.9676189423, 21.3855781555, 21.8035373688, 22.221496582, 22.6278457642, 23.0341949463, 23.4521541595, 23.8701133728, 24.2996826172, 24.7292518616, 25.1356010437, 25.5419502258, 25.9599094391, 26.3778686523, 26.8074378967, 27.2370071411, 27.6665763855, 28.0961437225, 28.5141029358, 28.932062149, 29.3384113312, 29.7563705444, 30.1627197266, 30.5806789398, 30.9870281219, 31.3933773041, 31.8113365173, 32.2292976379, 32.6472549438, 33.053604126, 33.4599533081, 33.8779144287, 34.3074836731, 34.7370529175, 35.1666221619, 35.5961914063, 36.0025405884, 36.4088897705, 36.8268470764, 37.244808197, 37.6627655029, 38.0807266235, 38.4986839294, 38.91664505, 39.334602356, 39.7525634766, 40.1705207825, 40.5884780884, 41.006439209, 41.4243965149, 41.8423576355, 42.2603149414, 42.678276062, 43.0962333679, 43.50258255, 43.9089317322, 44.3268928528, 44.7448501587]
},
"tonal": {
    "chords_changes_rate": 0.0360082313418,
    "chords_number_rate": 0.00925925932825,
    "chords_strength": {
        "mean": 0.521161675453,
        "var": 0.00722322054207
    },
    "hpcp_entropy": {
        "mean": 1.93571996689,
        "var": 0.46886920929
    },
    "key_strength": 0.688376307487,
    "tuning_diatonic_strength": 0.533306360245,
    "tuning_equal_tempered_deviation": 0.0769360587001,
    "tuning_frequency": 440.254241943,
    "tuning_nontempered_energy_ratio": 0.690696358681,
    "hpcp": {
        "mean": [0.0690826028585, 0.0658326968551, 0.120825156569, 0.219497546554, 0.172577813268, 0.108276799321, 0.148576468229, 0.119852893054, 0.0708046257496, 0.0796919465065, 0.0704060420394, 0.0717619135976, 0.102701000869, 0.075032517314, 0.0817980840802, 0.17894975841, 0.174006253481, 0.280815899372, 0.410380035639, 0.216280892491, 0.0525549426675, 0.0437954477966, 0.0514468327165, 0.125959381461, 0.222177177668, 0.165733084083, 0.102352023125, 0.125277668238, 0.0818167626858, 0.0374136529863, 0.0348793752491, 0.0446008741856, 0.146839931607, 0.308682262897, 0.246753901243, 0.0925236940384],
        "var": [0.0196612570435, 0.0215693097562, 0.0406841784716, 0.0816860049963, 0.0546197779477, 0.0369584448636, 0.0765568390489, 0.051057819277, 0.0175345595926, 0.0149215124547, 0.0132170319557, 0.0231932532042, 0.0546931736171, 0.0268877260387, 0.0119287595153, 0.0811203941703, 0.0589041933417, 0.0863619223237, 0.14705388248, 0.0431369654834, 0.0102068865672, 0.0160243976861, 0.018799893558, 0.0392013788223, 0.0905980840325, 0.0548392161727, 0.0340879037976, 0.0540431886911, 0.0229188166559, 0.00744793750346, 0.00941399112344, 0.0134365130216, 0.0475555323064, 0.14072149992, 0.105952747166, 0.0247506219894]
    },
    "chords_histogram": [29.4238681793, 0, 0.102880656719, 4.11522626877, 8.33333301544, 8.12757205963, 0, 0, 0, 16.4609050751, 5.86419773102, 0, 0, 0, 0, 0, 0, 0.308641970158, 0, 0, 4.32098770142, 0, 13.8888893127, 9.05349826813],
    "thpcp": [1, 0.527025878429, 0.128064081073, 0.106719247997, 0.125363871455, 0.306933492422, 0.541393756866, 0.403852701187, 0.24940790236, 0.305272340775, 0.199368283153, 0.0911683067679, 0.0849928632379, 0.108681879938, 0.357814520597, 0.752186357975, 0.6012814641, 0.225458562374, 0.168338119984, 0.160418853164, 0.294422596693, 0.534864068031, 0.420531690121, 0.263845205307, 0.362046033144, 0.292053431273, 0.172534286976, 0.194190606475, 0.171563029289, 0.174866974354, 0.250258266926, 0.182836666703, 0.199322760105, 0.43605864048, 0.424012482166, 0.684282541275],
    "chords_key": "D#",
    "chords_scale": "minor",
    "key_key": "D#",
    "key_scale": "minor"
}
}