{
"lowlevel": {
    "average_loudness": 0.958528637886,
    "barkbands_crest": {
        "mean": 13.0559396744,
        "var": 25.6363716125
    },
    "barkbands_flatness_db": {
        "mean": 0.109204396605,
        "var": 0.00142803869676
    },
    "barkbands_kurtosis": {
        "mean": 3.28765320778,
        "var": 42.1950149536
    },
    "barkbands_skewness": {
        "mean": 1.47453808784,
        "var": 2.19845747948
    },
    "barkbands_spread": {
        "mean": 45.494758606,
        "var": 601.84576416
    },
    "dissonance": {
        "mean": 0.490157306194,
        "var": 7.52217893023e-005
    },
    "dynamic_complexity": 2.48540830612,
    "erbbands_crest": {
        "mean": 7.49900245667,
        "var": 15.64087677
    },
    "erbbands_flatness_db": {
        "mean": 0.111102648079,
        "var": 0.00158259598538
    },
    "erbbands_kurtosis": {
        "mean": 1.02934134007,
        "var": 11.3890171051
    },
    "erbbands_skewness": {
        "mean": -0.768442749977,
        "var": 0.906538546085
    },
    "erbbands_spread": {
        "mean": 52.3378868103,
        "var": 442.16305542
    },
    "hfc": {
        "mean": 58.2695770264,
        "var": 2661.76293945
    },
    "melbands_crest": {
        "mean": 20.3417358398,
        "var": 51.891872406
    },
    "melbands_flatness_db": {
        "mean": 0.175206422806,
        "var": 0.00356365204789
    },
    "melbands_kurtosis": {
        "mean": 23.6135120392,
        "var": 760.140808105
    },
    "melbands_skewness": {
        "mean": 3.9572365284,
        "var": 5.11965179443
    },
    "melbands_spread": {
        "mean": 37.2993240356,
        "var": 954.340087891
    },
    "pitch_salience": {
        "mean": 0.496520876884,
        "var": 0.0279241763055
    },
    "silence_rate_20dB": {
        "mean": 1,
        "var": 0
    },
    "silence_rate_30dB": {
        "mean": 0.999485313892,
        "var": 0.000514377781656
    },
    "silence_rate_60dB": {
        "mean": 0.0483787953854,
        "var": 0.0460381619632
    },
    "spectral_centroid": {
        "mean": 2590.10693359,
        "var": 1081338.625
    },
    "spectral_complexity": {
        "mean": 28.3705615997,
        "var": 156.469680786
    },
    "spectral_decrease": {
        "mean": -1.08401234655e-008,
        "var": 3.17151502416e-017
    },
    "spectral_energy": {
        "mean": 0.0461983829737,
        "var": 0.000541496498045
    },
    "spectral_energyband_high": {
        "mean": 0.0066115767695,
        "var": 5.58288411412e-005
    },
    "spectral_energyband_low": {
        "mean": 0.0281258393079,
        "var": 0.000375905394321
    },
    "spectral_energyband_middle_high": {
        "mean": 0.00443501863629,
        "var": 1.00591050796e-005
    },
    "spectral_energyband_middle_low": {
        "mean": 0.00810159463435,
        "var": 7.34284985811e-005
    },
    "spectral_entropy": {
        "mean": 8.1721200943,
        "var": 0.0364295728505
    },
    "spectral_flux": {
        "mean": 0.125448286533,
        "var": 0.00262545584701
    },
    "spectral_kurtosis": {
        "mean": 1.88697361946,
        "var": 0.930383384228
    },
    "spectral_rms": {
        "mean": 0.00638287141919,
        "var": 4.33058858107e-006
    },
    "spectral_rolloff": {
        "mean": 3128.4440918,
        "var": 7926851.5
    },
    "spectral_skewness": {
        "mean": 0.933403193951,
        "var": 0.146920070052
    },
    "spectral_spread": {
        "mean": 5915270.5,
        "var": 4.10423184589e+012
    },
    "spectral_strongpeak": {
        "mean": 0.411673814058,
        "var": 0.155278623104
    },
    "zerocrossingrate": {
        "mean": 0.104894272983,
        "var": 0.00364532973617
    },
    "barkbands": {
        "mean": [0.00151230301708, 0.021886203438, 0.00372632988729, 0.00213568028994, 0.00321879959665, 0.000872316537425, 0.000497050990816, 0.000620558101218, 0.000618171703536, 0.000463246164145, 0.000334993994329, 0.00035396189196, 0.000413429370383, 0.000407632061979, 0.000371950824047, 0.000374483031919, 0.000462906289613, 0.000507143384311, 0.000507233955432, 0.000657504075207, 0.00114312325604, 0.0030294584576, 0.000678879616316, 0.000476121378597, 0.000464262906462, 0.000414630165324, 4.99908492202e-005],
        "var": [2.66989241027e-006, 0.000267837080173, 2.9118029488e-005, 1.29677546283e-005, 2.60052311205e-005, 2.07516018236e-006, 6.40401992769e-007, 1.31653996505e-006, 8.73955002589e-007, 6.38035032807e-007, 3.75680173192e-007, 3.43545451642e-007, 4.8736910685e-007, 3.11512479811e-007, 1.64000951486e-007, 1.20559604966e-007, 1.76843244049e-007, 2.5490365374e-007, 2.65587317472e-007, 6.96631730079e-007, 2.9038633329e-006, 2.18761779252e-005, 9.92132754618e-007, 4.31953026236e-007, 4.97695680224e-007, 5.01444617385e-007, 8.32903523929e-009]
    },
    "erbbands": {
        "mean": [0.918522000313, 3.7384762764, 4.72402048111, 5.93875789642, 10.264998436, 9.60538864136, 8.1268453598, 7.32376003265, 7.06587076187, 10.6315870285, 12.5064916611, 13.6446828842, 15.1022405624, 13.7705478668, 15.0723114014, 14.6710548401, 18.6749706268, 20.7232437134, 21.3312549591, 19.0823116302, 21.5774307251, 26.768447876, 27.9373970032, 25.0612277985, 27.7114868164, 30.9991931915, 34.834728241, 61.1351585388, 113.291877747, 62.7396469116, 15.7525196075, 11.5898284912, 6.67926025391, 4.84930896759, 3.28647994995, 1.87329995632, 0.733730435371, 0.172965615988, 0.00502853048965, 0.000180147588253],
        "var": [0.464171677828, 11.3201036453, 39.539516449, 76.82396698, 322.70135498, 271.078826904, 176.082427979, 155.622573853, 135.69078064, 339.029724121, 370.514221191, 424.286254883, 602.088134766, 489.094970703, 697.231994629, 558.756225586, 897.621765137, 912.623779297, 692.215087891, 260.967926025, 390.683959961, 593.355773926, 730.176025391, 586.839111328, 971.382873535, 1510.52600098, 2603.69726563, 8874.95996094, 32332.4882813, 9890.07324219, 438.980102539, 274.372497559, 80.8101348877, 45.4753417969, 33.0774803162, 10.741481781, 1.59480118752, 0.0923065170646, 8.57080885908e-005, 4.3854313958e-008]
    },
    "gfcc": {
        "mean": [50.4925842285, 31.2343616486, -94.257194519, 54.4366188049, -50.1062583923, 25.4475288391, -26.4259700775, 13.4048395157, -17.8630638123, 11.9941215515, -21.1511859894, 10.9120550156, -13.5286054611],
        "cov": [[7609.46826172, 786.101196289, 732.876220703, 303.133850098, 489.063018799, 280.95880127, 122.368164063, 361.092315674, 65.0351257324, 151.955490112, -30.862859726, 67.9403381348, -50.5599861145], [786.101196289, 1053.0065918, 67.282585144, 164.086242676, 206.259979248, -41.7270240784, 34.588809967, 59.1454811096, 91.5679779053, -52.5670967102, 80.2859420776, -36.9464416504, 29.393491745], [732.876220703, 67.282585144, 660.457763672, 64.0983505249, 253.575683594, 65.9627227783, 10.4883480072, 126.435760498, -23.3025608063, 35.9946670532, -40.1654968262, 8.42656517029, -19.6464557648], [303.133850098, 164.086242676, 64.0983505249, 525.130004883, 112.192573547, 120.242752075, 86.90625, -71.2217330933, 78.5508956909, -7.6392121315, -3.70076203346, 12.5122747421, 3.44721913338], [489.063018799, 206.259979248, 253.575683594, 112.192573547, 362.886779785, 102.377098083, 45.6312332153, 109.340332031, 15.4319210052, 11.6597042084, 16.8491783142, -4.66024208069, -13.6048030853], [280.95880127, -41.7270240784, 65.9627227783, 120.242752075, 102.377098083, 242.621246338, 145.590316772, 37.209022522, 23.3454532623, 18.8114471436, -6.21190309525, 25.2980899811, 1.74404525757], [122.368164063, 34.588809967, 10.4883480072, 86.90625, 45.6312332153, 145.590316772, 232.969696045, 94.1708450317, 79.6535644531, 38.1497421265, 18.6952972412, 28.0119686127, 25.9799480438], [361.092315674, 59.1454811096, 126.435760498, -71.2217330933, 109.340332031, 37.209022522, 94.1708450317, 248.41960144, 103.876869202, 52.728679657, 23.0563488007, -3.5571064949, 6.59884881973], [65.0351257324, 91.5679779053, -23.3025608063, 78.5508956909, 15.4319210052, 23.3454532623, 79.6535644531, 103.876869202, 197.930587769, 88.6245574951, 53.5317955017, 14.675447464, 12.6117515564], [151.955490112, -52.5670967102, 35.9946670532, -7.6392121315, 11.6597042084, 18.8114471436, 38.1497421265, 52.728679657, 88.6245574951, 137.846359253, 63.9012908936, 35.9742927551, 9.00899410248], [-30.862859726, 80.2859420776, -40.1654968262, -3.70076203346, 16.8491783142, -6.21190309525, 18.6952972412, 23.0563488007, 53.5317955017, 63.9012908936, 119.25604248, 40.6782455444, 30.4980201721], [67.9403381348, -36.9464416504, 8.42656517029, 12.5122747421, -4.66024208069, 25.2980899811, 28.0119686127, -3.5571064949, 14.675447464, 35.9742927551, 40.6782455444, 88.0612106323, 33.357837677], [-50.5599861145, 29.393491745, -19.6464557648, 3.44721913338, -13.6048030853, 1.74404525757, 25.9799480438, 6.59884881973, 12.6117515564, 9.00899410248, 30.4980201721, 33.357837677, 71.7421569824]],
        "icov": [[0.00020431127632, -0.000260563683696, -2.34465842368e-005, -0.000182813892025, 0.000128373168991, -0.000280655076494, 0.000283622590359, -0.000518113549333, 0.000471463397844, -0.000594383862335, 0.000416082068114, -0.00037277903175, 0.000217432447243], [-0.000260563683696, 0.00190576224122, -0.000195027882, 0.000112238907604, -0.00113802449778, 0.00126063777134, -0.000938601733651, 0.00116318138316, -0.00181666249409, 0.00265336199664, -0.00215773493983, 0.00144748843741, -0.000806400785223], [-2.34465842368e-005, -0.000195027882, 0.00276191649027, -0.000634521944448, -0.00129720615223, 8.41666405904e-005, 0.000737344729714, -0.00176353636198, 0.00185518153012, -0.00213296385482, 0.00211265683174, -0.00106366875116, 3.55580887117e-005], [-0.000182813892025, 0.000112238907604, -0.000634521944448, 0.0038948461879, -0.00140563899186, -0.000557582301553, -0.00136607571039, 0.00413974327967, -0.00401822663844, 0.00213103252463, 2.05001233553e-005, 0.000322055362631, -0.000394502771087], [0.000128373168991, -0.00113802449778, -0.00129720615223, -0.00140563899186, 0.0061663184315, -0.00266888388433, 0.00175191590097, -0.00339509453624, 0.00238216412254, -0.0006559768226, -0.00143402325921, 0.000155928661115, 0.0013818400912], [-0.000280655076494, 0.00126063777134, 8.41666405904e-005, -0.000557582301553, -0.00266888388433, 0.00941814295948, -0.00603332510218, 0.00176837970503, -5.17610751558e-005, 0.00073276553303, 0.000244536291575, -0.000738484319299, 0.000779176538344], [0.000283622590359, -0.000938601733651, 0.000737344729714, -0.00136607571039, 0.00175191590097, -0.00603332510218, 0.0104958182201, -0.00471277767792, 0.000450003426522, -0.00176117592491, 0.00131488661282, -0.0014877691865, -0.00176162156276], [-0.000518113549333, 0.00116318138316, -0.00176353636198, 0.00413974327967, -0.00339509453624, 0.00176837970503, -0.00471277767792, 0.0124658495188, -0.008126238361, 0.00345785799436, -0.00129819882568, 0.00286946957931, -0.00143837893847], [0.000471463397844, -0.00181666249409, 0.00185518153012, -0.00401822663844, 0.00238216412254, -5.17610751558e-005, 0.000450003426522, -0.008126238361, 0.0153402807191, -0.00938815064728, 0.00110293133184, -0.000737452937756, 0.0011714057764], [-0.000594383862335, 0.00265336199664, -0.00213296385482, 0.00213103252463, -0.0006559768226, 0.00073276553303, -0.00176117592491, 0.00345785799436, -0.00938815064728, 0.0189728159457, -0.0089315045625, -0.000643583131023, 0.00134895346127], [0.000416082068114, -0.00215773493983, 0.00211265683174, 2.05001233553e-005, -0.00143402325921, 0.000244536291575, 0.00131488661282, -0.00129819882568, 0.00110293133184, -0.0089315045625, 0.0179132726043, -0.00576453097165, -0.00288682756945], [-0.00037277903175, 0.00144748843741, -0.00106366875116, 0.000322055362631, 0.000155928661115, -0.000738484319299, -0.0014877691865, 0.00286946957931, -0.000737452937756, -0.000643583131023, -0.00576453097165, 0.0187834855169, -0.0069129052572], [0.000217432447243, -0.000806400785223, 3.55580887117e-005, -0.000394502771087, 0.0013818400912, 0.000779176538344, -0.00176162156276, -0.00143837893847, 0.0011714057764, 0.00134895346127, -0.00288682756945, -0.0069129052572, 0.0195306353271]]
    },
    "melbands": {
        "mean": [0.00695681385696, 0.00327758863568, 0.00118205160834, 0.000738566974178, 0.000312468415359, 0.000161826304975, 0.000108247179014, 0.00012379718828, 9.79125179583e-005, 8.91390300239e-005, 7.56689478294e-005, 5.59641630389e-005, 4.89131489303e-005, 4.07610386901e-005, 3.90234235965e-005, 4.14992064179e-005, 3.81510108127e-005, 3.48577741534e-005, 2.7116819183e-005, 2.58121835941e-005, 2.47606330959e-005, 2.77552699117e-005, 2.66271708824e-005, 2.33074679272e-005, 1.96901855816e-005, 1.96714936465e-005, 2.101996688e-005, 2.02461324079e-005, 1.98304624064e-005, 2.55892991845e-005, 3.80507262889e-005, 6.35251562926e-005, 6.12409276073e-005, 2.42334990617e-005, 8.40893517307e-006, 6.77267780702e-006, 7.08184370524e-006, 4.92178787681e-006, 3.6278281641e-006, 4.36259188064e-006],
        "var": [2.53852540482e-005, 1.19861497296e-005, 2.89881586468e-006, 1.60088507073e-006, 2.29169785371e-007, 7.36065359774e-008, 3.11152561494e-008, 4.95823506697e-008, 2.11868478317e-008, 2.02142107497e-008, 1.57811026469e-008, 8.85532003281e-009, 7.84743470206e-009, 4.72899541748e-009, 4.49359571775e-009, 4.806859355e-009, 3.28497917756e-009, 2.08861061779e-009, 7.68761720948e-010, 5.42765721256e-010, 5.83601000859e-010, 6.9106853573e-010, 6.77092437673e-010, 5.81718839765e-010, 3.93440863222e-010, 4.90123053254e-010, 7.86709308809e-010, 6.99645952285e-010, 9.63755630856e-010, 1.7070402869e-009, 4.00154132052e-009, 1.07207851485e-008, 1.07062971821e-008, 1.65896840709e-009, 1.55407187119e-010, 9.71679126049e-011, 1.14987783184e-010, 5.48841562475e-011, 2.24465654397e-011, 4.14346577882e-011]
    },
    "mfcc": {
        "mean": [-596.593078613, 64.1957015991, 14.7522068024, 35.3142280579, 6.85345983505, 20.8202381134, 2.76018571854, 11.3872966766, 8.66495609283, 3.72124052048, 8.28860378265, 0.644811868668, 0.875275373459],
        "cov": [[5298.53125, 754.311767578, 387.816192627, 318.665222168, 414.465942383, 154.236190796, 242.894165039, 178.67250061, 229.929473877, 130.699813843, 96.950088501, 145.417800903, 108.669364929], [754.311767578, 878.933898926, 33.9527702332, 77.7662124634, 199.332061768, -132.749130249, 65.7788085938, 36.7420883179, 21.856300354, 61.6005592346, -6.49911165237, 53.4436912537, 1.86566996574], [387.816192627, 33.9527702332, 345.569366455, 107.671699524, 94.8949203491, 54.8672409058, 43.589427948, 29.1800823212, 51.5746650696, 15.6969175339, 2.91332125664, 3.03707098961, 16.2675132751], [318.665222168, 77.7662124634, 107.671699524, 343.954711914, 132.29296875, 117.728660583, 1.73629796505, 38.5273742676, 29.2255535126, 9.63135814667, 25.5447006226, 11.409743309, 16.5324707031], [414.465942383, 199.332061768, 94.8949203491, 132.29296875, 326.932128906, 23.7048969269, 72.1322021484, 37.7194252014, 24.9718875885, 37.5929336548, 0.632317841053, 30.3536090851, 5.66286849976], [154.236190796, -132.749130249, 54.8672409058, 117.728660583, 23.7048969269, 300.208129883, 64.8395767212, 56.8780250549, 18.2083911896, -28.9657859802, 38.5791778564, -12.6482524872, 11.1653156281], [242.894165039, 65.7788085938, 43.589427948, 1.73629796505, 72.1322021484, 64.8395767212, 191.819320679, 79.6694107056, 53.4736022949, 25.0642604828, -11.2498197556, 19.1935138702, 16.7676372528], [178.67250061, 36.7420883179, 29.1800823212, 38.5273742676, 37.7194252014, 56.8780250549, 79.6694107056, 154.759521484, 93.6907196045, 35.0331726074, 25.8650074005, 23.6595726013, 16.5139560699], [229.929473877, 21.856300354, 51.5746650696, 29.2255535126, 24.9718875885, 18.2083911896, 53.4736022949, 93.6907196045, 156.479431152, 80.2328796387, 44.9697265625, 30.209897995, 30.4130687714], [130.699813843, 61.6005592346, 15.6969175339, 9.63135814667, 37.5929336548, -28.9657859802, 25.0642604828, 35.0331726074, 80.2328796387, 137.476882935, 53.1666641235, 58.962688446, 32.618938446], [96.950088501, -6.49911165237, 2.91332125664, 25.5447006226, 0.632317841053, 38.5791778564, -11.2498197556, 25.8650074005, 44.9697265625, 53.1666641235, 104.756072998, 51.4287567139, 34.7454566956], [145.417800903, 53.4436912537, 3.03707098961, 11.409743309, 30.3536090851, -12.6482524872, 19.1935138702, 23.6595726013, 30.209897995, 58.962688446, 51.4287567139, 101.599937439, 49.7696113586], [108.669364929, 1.86566996574, 16.2675132751, 16.5324707031, 5.66286849976, 11.1653156281, 16.7676372528, 16.5139560699, 30.4130687714, 32.618938446, 34.7454566956, 49.7696113586, 81.4766616821]],
        "icov": [[0.00026169946068, -0.000201695685973, -0.000165191202541, -3.41057093465e-005, -0.000104527600342, -0.00013436365407, -9.63293059613e-005, 0.00010408135131, -0.000299814360915, 0.000147928978549, -5.77190585318e-005, -0.000170349128894, -9.87532112049e-005], [-0.000201695685973, 0.00172654376365, 0.000174926011823, -0.000428400031524, -0.000597974285483, 0.00117631268222, -0.000535425555427, -0.000402990583098, 0.000594254641328, -0.00025593713508, -0.000156280992087, -0.000218413217226, 0.00043441526941], [-0.000165191202541, 0.000174926011823, 0.00366028607823, -0.000740647723433, -0.000613751122728, -0.000150661289808, -0.000303722394165, 0.000607708119787, -0.00123506749514, 0.000208915385883, 0.000486564153107, 0.000417032599216, -0.000446424528491], [-3.41057093465e-005, -0.000428400031524, -0.000740647723433, 0.00466574123129, -0.00155349320266, -0.00209629815072, 0.00203022663482, -0.000546956551261, -0.000353885872755, -5.447568401e-005, 0.000443205935881, -4.28232815466e-005, -0.000664205697831], [-0.000104527600342, -0.000597974285483, -0.000613751122728, -0.00155349320266, 0.00477822124958, 0.0001748806244, -0.00140864832792, -5.37295636605e-005, 0.000797712418716, -0.00096039561322, 0.000475386565086, -0.00085074355593, 0.00093925872352], [-0.00013436365407, 0.00117631268222, -0.000150661289808, -0.00209629815072, 0.0001748806244, 0.00635153241456, -0.00290176598355, -0.00129834061954, 0.00132647249848, 0.00187683012336, -0.00410341937095, 0.00208705547266, -0.000186007615412], [-9.63293059613e-005, -0.000535425555427, -0.000303722394165, 0.00203022663482, -0.00140864832792, -0.00290176598355, 0.00934612937272, -0.00313894916326, -0.00102257018443, -0.00113964593038, 0.00459816912189, -0.0015633093426, -0.00117019342724], [0.00010408135131, -0.000402990583098, 0.000607708119787, -0.000546956551261, -5.37295636605e-005, -0.00129834061954, -0.00313894916326, 0.0128580080345, -0.00753897055984, 0.00213548541069, -0.000406442326494, -0.00190841092262, 0.00137982727028], [-0.000299814360915, 0.000594254641328, -0.00123506749514, -0.000353885872755, 0.000797712418716, 0.00132647249848, -0.00102257018443, -0.00753897055984, 0.0158316362649, -0.00696475384757, -0.00275240372866, 0.00380999222398, -0.00206885649823], [0.000147928978549, -0.00025593713508, 0.000208915385883, -5.447568401e-005, -0.00096039561322, 0.00187683012336, -0.00113964593038, 0.00213548541069, -0.00696475384757, 0.0150671917945, -0.00398257514462, -0.00477657606825, 0.000572921533603], [-5.77190585318e-005, -0.000156280992087, 0.000486564153107, 0.000443205935881, 0.000475386565086, -0.00410341937095, 0.00459816912189, -0.000406442326494, -0.00275240372866, -0.00398257514462, 0.0186729114503, -0.00687269866467, -0.00158418423962], [-0.000170349128894, -0.000218413217226, 0.000417032599216, -4.28232815466e-005, -0.00085074355593, 0.00208705547266, -0.0015633093426, -0.00190841092262, 0.00380999222398, -0.00477657606825, -0.00687269866467, 0.0208005048335, -0.0086456425488], [-9.87532112049e-005, 0.00043441526941, -0.000446424528491, -0.000664205697831, 0.00093925872352, -0.000186007615412, -0.00117019342724, 0.00137982727028, -0.00206885649823, 0.000572921533603, -0.00158418423962, -0.0086456425488, 0.019040087238]]
    },
    "spectral_contrast_coeffs": {
        "mean": [-0.694722950459, -0.792363286018, -0.817576825619, -0.818008363247, -0.805064320564, -0.700424671173],
        "var": [0.00658477284014, 0.00315818330273, 0.00249960599467, 0.000942962360568, 0.000886873633135, 0.00520072039217]
    },
    "spectral_contrast_valleys": {
        "mean": [-6.89740943909, -6.8303194046, -7.19331121445, -7.22985458374, -6.77613830566, -9.16496181488],
        "var": [2.37030601501, 1.45413255692, 1.21668100357, 1.11413872242, 1.06105661392, 1.03292655945]
    }
},
"metadata": {
    "audio_properties": {
        "analysis_sample_rate": 44100,
        "bit_rate": 120899,
        "equal_loudness": 0,
        "length": 45.0873451233,
        "lossless": 0,
        "replay_gain": -13.2771263123,
        "sample_rate": 44100,
        "codec": "mp3",
        "downmix": "mix",
        "md5_encoded": "f53724770500f45acafd8862b8f0fef9"
    },
    "tags": {
        "file_name": "617.mp3"
    },
    "version": {
        "essentia": "2.1-beta2",
        "essentia_git_sha": "v2.1_beta2",
        "extractor": "music 1.0"
    }
},
"rhythm": {
    "beats_count": 79,
    "beats_loudness": {
        "mean": 0.0480551943183,
        "var": 0.000453706597909
    },
    "bpm": 110.828979492,
    "bpm_histogram_first_peak_bpm": {
        "mean": 110,
        "var": 0
    },
    "bpm_histogram_first_peak_spread": {
        "mean": 0.379310339689,
        "var": 0
    },
    "bpm_histogram_first_peak_weight": {
        "mean": 0.461538463831,
        "var": 0
    },
    "bpm_histogram_second_peak_bpm": {
        "mean": 92,
        "var": 0
    },
    "bpm_histogram_second_peak_spread": {
        "mean": 0.5625,
        "var": 0
    },
    "bpm_histogram_second_peak_weight": {
        "mean": 0.089743591845,
        "var": 0
    },
    "danceability": 1.12086510658,
    "onset_rate": 5.49831104279,
    "beats_loudness_band_ratio": {
        "mean": [0.641558945179, 0.0562520325184, 0.0382617786527, 0.037528205663, 0.0474535785615, 0.197177603841],
        "var": [0.0593322813511, 0.00619832752272, 0.00587214203551, 0.00204908451997, 0.00360511592589, 0.0358513146639]
    },
    "beats_position": [0.557278871536, 1.13777780533, 1.69505667686, 2.2523355484, 2.7863945961, 3.33206343651, 3.87773227692, 4.41179132462, 4.96907043457, 5.50312900543, 6.03718805313, 6.58285713196, 7.12852573395, 7.67419481277, 8.2198638916, 8.75392246246, 9.29959201813, 9.84526062012, 10.3909292221, 10.9365987778, 11.4706573486, 12.0047159195, 12.5503854752, 13.0960540771, 13.6417226791, 14.1873922348, 14.7214508057, 15.2555103302, 15.8011789322, 16.3468475342, 16.8925170898, 17.4381847382, 17.9722442627, 18.5179138184, 19.0635814667, 19.6092510223, 20.1433105469, 20.6889801025, 21.2230377197, 21.7687072754, 22.3027667999, 22.8484344482, 23.3941040039, 23.9397735596, 24.4738311768, 25.0195007324, 25.5651702881, 26.1108379364, 26.6565074921, 27.1905670166, 27.7362346649, 28.2819042206, 28.8159637451, 29.3500213623, 29.895690918, 30.4413604736, 30.9870281219, 31.5326976776, 32.0667572021, 32.5892066956, 33.111656189, 33.6341018677, 34.1681632996, 34.8299331665, 35.480091095, 36.118637085, 36.7571868896, 37.3957366943, 38.034286499, 38.6612243652, 39.2997741699, 39.9383201599, 40.5652618408, 41.192199707, 41.8423576355, 42.492515564, 43.1426734924, 43.7928352356, 44.4429931641]
},
"tonal": {
    "chords_changes_rate": 0.105967074633,
    "chords_number_rate": 0.0133744860068,
    "chords_strength": {
        "mean": 0.418911010027,
        "var": 0.00780288502574
    },
    "hpcp_entropy": {
        "mean": 2.89063572884,
        "var": 0.696451365948
    },
    "key_strength": 0.404842883348,
    "tuning_diatonic_strength": 0.458383113146,
    "tuning_equal_tempered_deviation": 0.201661944389,
    "tuning_frequency": 434.193115234,
    "tuning_nontempered_energy_ratio": 0.884001195431,
    "hpcp": {
        "mean": [0.186346292496, 0.166090786457, 0.142015784979, 0.121978700161, 0.10842076689, 0.0998400077224, 0.0930215418339, 0.0852962881327, 0.0886535122991, 0.107736028731, 0.115216232836, 0.114427037537, 0.142451375723, 0.145251706243, 0.117007233202, 0.103897258639, 0.0943277701735, 0.0881657451391, 0.0777469873428, 0.0597069934011, 0.0591537691653, 0.0669727176428, 0.0576772242785, 0.136181801558, 0.221439987421, 0.141779050231, 0.0842588022351, 0.119573421776, 0.133777394891, 0.131486549973, 0.162627607584, 0.214206069708, 0.226244956255, 0.225366055965, 0.221985131502, 0.204416081309],
        "var": [0.0876649618149, 0.0762592107058, 0.0643389895558, 0.0505549944937, 0.0389479398727, 0.0372291989625, 0.0383821167052, 0.0310071110725, 0.0311033148319, 0.0405952222645, 0.0480978414416, 0.0455502085388, 0.0656654015183, 0.0578585714102, 0.0360738150775, 0.0319974347949, 0.0275495182723, 0.0305803865194, 0.0247684512287, 0.0140717057511, 0.0160414390266, 0.0195014346391, 0.0136169660836, 0.0404127500951, 0.124420002103, 0.0397806949914, 0.0264320652932, 0.0426508747041, 0.0504361800849, 0.0477303080261, 0.0578058473766, 0.0953326225281, 0.100180178881, 0.0985066518188, 0.0996266826987, 0.0926154777408]
    },
    "chords_histogram": [21.707818985, 12.0370368958, 13.6831274033, 2.36625504494, 0, 2.98353910446, 0, 4.42386817932, 1.85185182095, 0, 4.01234579086, 0.823045253754, 15.3292179108, 0, 3.70370364189, 3.18930029869, 0, 4.01234579086, 0, 0, 0, 0, 9.15637874603, 0.720164597034],
    "thpcp": [1, 0.996115267277, 0.981171607971, 0.9035166502, 0.823648393154, 0.734119296074, 0.627708077431, 0.539144396782, 0.479218482971, 0.441291630268, 0.411154091358, 0.377008587122, 0.391847461462, 0.476191967726, 0.509254395962, 0.505766153336, 0.629633367062, 0.642010807991, 0.517170548439, 0.459224641323, 0.416927605867, 0.389691531658, 0.343640744686, 0.263904184103, 0.261458963156, 0.296018600464, 0.254932641983, 0.601921916008, 0.978762090206, 0.626661717892, 0.372422903776, 0.528513073921, 0.591294467449, 0.581168949604, 0.71881210804, 0.9467882514],
    "chords_key": "C#",
    "chords_scale": "major",
    "key_key": "C#",
    "key_scale": "major"
}
}