{
"lowlevel": {
    "average_loudness": 0.964965641499,
    "barkbands_crest": {
        "mean": 12.9531831741,
        "var": 19.9757575989
    },
    "barkbands_flatness_db": {
        "mean": 0.198932349682,
        "var": 0.00416372530162
    },
    "barkbands_kurtosis": {
        "mean": 12.7964105606,
        "var": 131.901092529
    },
    "barkbands_skewness": {
        "mean": 2.8019759655,
        "var": 1.49729025364
    },
    "barkbands_spread": {
        "mean": 12.7348175049,
        "var": 130.272628784
    },
    "dissonance": {
        "mean": 0.452193796635,
        "var": 0.00100272684358
    },
    "dynamic_complexity": 2.2093038559,
    "erbbands_crest": {
        "mean": 8.36730098724,
        "var": 13.8886241913
    },
    "erbbands_flatness_db": {
        "mean": 0.147790804505,
        "var": 0.00179569306783
    },
    "erbbands_kurtosis": {
        "mean": 0.909028291702,
        "var": 3.50517749786
    },
    "erbbands_skewness": {
        "mean": 0.871177554131,
        "var": 0.382994115353
    },
    "erbbands_spread": {
        "mean": 45.3278160095,
        "var": 549.536437988
    },
    "hfc": {
        "mean": 13.5426836014,
        "var": 238.693405151
    },
    "melbands_crest": {
        "mean": 17.1333694458,
        "var": 26.9188652039
    },
    "melbands_flatness_db": {
        "mean": 0.289248853922,
        "var": 0.00677521713078
    },
    "melbands_kurtosis": {
        "mean": 30.763628006,
        "var": 809.551574707
    },
    "melbands_skewness": {
        "mean": 3.95609760284,
        "var": 2.965477705
    },
    "melbands_spread": {
        "mean": 9.53701496124,
        "var": 110.394813538
    },
    "pitch_salience": {
        "mean": 0.50484007597,
        "var": 0.0145842274651
    },
    "silence_rate_20dB": {
        "mean": 1,
        "var": 0
    },
    "silence_rate_30dB": {
        "mean": 0.957282543182,
        "var": 0.0408921018243
    },
    "silence_rate_60dB": {
        "mean": 0.00514668039978,
        "var": 0.00512035377324
    },
    "spectral_centroid": {
        "mean": 776.070739746,
        "var": 419033.3125
    },
    "spectral_complexity": {
        "mean": 13.6654653549,
        "var": 92.7648773193
    },
    "spectral_decrease": {
        "mean": -1.03870645418e-008,
        "var": 6.60150347566e-017
    },
    "spectral_energy": {
        "mean": 0.0404315255582,
        "var": 0.000995598966256
    },
    "spectral_energyband_high": {
        "mean": 0.000737730471883,
        "var": 1.81662096566e-006
    },
    "spectral_energyband_low": {
        "mean": 0.0250013172626,
        "var": 0.000482200877741
    },
    "spectral_energyband_middle_high": {
        "mean": 0.00161590217613,
        "var": 3.79499601877e-006
    },
    "spectral_energyband_middle_low": {
        "mean": 0.0149955786765,
        "var": 0.000365020619938
    },
    "spectral_entropy": {
        "mean": 7.28199481964,
        "var": 0.332041740417
    },
    "spectral_flux": {
        "mean": 0.11118363589,
        "var": 0.0046192612499
    },
    "spectral_kurtosis": {
        "mean": 5.33928775787,
        "var": 30.6213226318
    },
    "spectral_rms": {
        "mean": 0.00587828783318,
        "var": 4.89113790536e-006
    },
    "spectral_rolloff": {
        "mean": 535.583251953,
        "var": 1043874.25
    },
    "spectral_skewness": {
        "mean": 1.73262679577,
        "var": 0.536621332169
    },
    "spectral_spread": {
        "mean": 4931576.5,
        "var": 6.41921030554e+012
    },
    "spectral_strongpeak": {
        "mean": 0.398191004992,
        "var": 0.0936971902847
    },
    "zerocrossingrate": {
        "mean": 0.0338678210974,
        "var": 0.000988049083389
    },
    "barkbands": {
        "mean": [0.00123781093862, 0.0166086144745, 0.00530496658757, 0.00395450089127, 0.00510297436267, 0.00278159603477, 0.00209850561805, 0.000387590291211, 0.00051252276171, 0.000441420212155, 0.000129764710437, 0.000220635061851, 0.000267650088063, 0.000108853317215, 0.000144958888995, 9.63258135016e-005, 8.29344862723e-005, 7.00558885001e-005, 8.17961918074e-005, 0.000127819512272, 0.000186780132935, 0.00013806426432, 0.000143003242556, 0.000111637178634, 5.74719415454e-005, 3.28280948452e-005, 4.42168783366e-007],
        "var": [3.24689585796e-006, 0.000216362124775, 8.16269821371e-005, 8.61480511958e-005, 8.00209600129e-005, 2.1854397346e-005, 5.19725108461e-006, 5.1542519941e-007, 5.8910933376e-007, 2.20631022785e-007, 8.12249325577e-008, 1.31047016794e-007, 1.1160635438e-007, 3.461333975e-008, 6.68288961947e-008, 4.37007301457e-008, 4.5314877184e-008, 1.7612380887e-008, 3.52343718646e-008, 7.20199011539e-008, 1.54149844889e-007, 7.3167441883e-008, 1.00255782343e-007, 5.02129502422e-008, 1.97161273974e-008, 1.17220952944e-008, 4.31857587885e-012]
    },
    "erbbands": {
        "mean": [0.571192204952, 3.34950876236, 5.87348175049, 10.7951641083, 20.5805053711, 12.532283783, 15.4393491745, 21.2167320251, 31.8770332336, 18.268661499, 12.046918869, 11.1575679779, 10.7375583649, 12.2298593521, 6.65085983276, 9.83518028259, 13.0407400131, 7.13833475113, 6.97970628738, 6.00867891312, 5.29973316193, 4.66415023804, 3.80811977386, 4.10491609573, 4.58127164841, 6.31274604797, 6.8073797226, 7.88572216034, 5.5461473465, 3.24891972542, 4.09421396255, 3.2242102623, 1.39264237881, 0.625153124332, 0.430068939924, 0.202748730779, 0.0455494336784, 0.00425920961425, 0.000121402481454, 5.05344505655e-005],
        "var": [0.355897903442, 9.40257167816, 77.0342636108, 530.077880859, 1122.65441895, 721.697265625, 1210.29699707, 1262.1661377, 996.526733398, 598.807800293, 331.785186768, 260.327270508, 222.439697266, 183.146118164, 183.163848877, 188.792236328, 248.575531006, 118.866668701, 124.514053345, 175.971847534, 138.158630371, 128.197158813, 58.4297142029, 73.2347640991, 108.651306152, 166.132858276, 251.464279175, 236.467834473, 112.654014587, 45.9022979736, 86.112739563, 46.9150810242, 8.51441955566, 2.19298481941, 1.21145355701, 0.410818308592, 0.0231146160513, 0.0001742378372, 1.08845384261e-007, 1.69187608368e-009]
    },
    "gfcc": {
        "mean": [-23.9140739441, 125.53061676, -84.4697265625, 43.3777618408, -60.8491783142, 20.1534309387, -25.6714706421, 5.21593856812, -18.0460548401, 10.6113481522, -5.74371433258, -2.61680412292, -6.99626350403],
        "cov": [[6283.17089844, -1527.60107422, -220.71812439, 417.203399658, -682.905639648, 454.277954102, -471.820709229, -76.7936553955, -216.21824646, 106.547706604, -381.944702148, 211.356765747, -216.471908569], [-1527.60107422, 1622.1817627, -212.292678833, -143.266723633, 330.541381836, -374.834838867, 366.852478027, -147.907989502, 160.652420044, -155.930831909, 227.44859314, -217.653198242, 137.544586182], [-220.71812439, -212.292678833, 666.080566406, -147.958312988, -5.90539503098, 139.075714111, -23.8583297729, 72.1019592285, -108.424781799, 81.7070770264, -61.8916473389, 18.2478923798, -69.4043045044], [417.203399658, -143.266723633, -147.958312988, 253.34185791, -50.8268737793, 10.8535356522, -11.0198879242, -75.3434753418, 49.9202842712, -57.1359863281, -5.24601221085, 22.3005428314, 8.68965435028], [-682.905639648, 330.541381836, -5.90539503098, -50.8268737793, 266.504180908, -91.2036590576, 64.8540344238, 45.6621246338, 6.54733991623, -9.15456295013, 50.993686676, -47.4685821533, 33.1591491699], [454.277954102, -374.834838867, 139.075714111, 10.8535356522, -91.2036590576, 194.728744507, -54.7413063049, 29.2524471283, -43.0065994263, 52.3765907288, -57.0065155029, 32.0719108582, -38.5921630859], [-471.820709229, 366.852478027, -23.8583297729, -11.0198879242, 64.8540344238, -54.7413063049, 217.514862061, -66.3930511475, 81.7908554077, -17.1631126404, 44.9839782715, -49.8838539124, 23.9868431091], [-76.7936553955, -147.907989502, 72.1019592285, -75.3434753418, 45.6621246338, 29.2524471283, -66.3930511475, 195.927307129, -43.4234390259, 51.8872528076, 0.995618760586, 24.254737854, 0.202615216374], [-216.21824646, 160.652420044, -108.424781799, 49.9202842712, 6.54733991623, -43.0065994263, 81.7908554077, -43.4234390259, 147.245788574, -18.0141811371, 43.0450019836, -12.452712059, 18.1176681519], [106.547706604, -155.930831909, 81.7070770264, -57.1359863281, -9.15456295013, 52.3765907288, -17.1631126404, 51.8872528076, -18.0141811371, 139.692871094, -14.3283929825, 21.0072097778, -23.6479911804], [-381.944702148, 227.44859314, -61.8916473389, -5.24601221085, 50.993686676, -57.0065155029, 44.9839782715, 0.995618760586, 43.0450019836, -14.3283929825, 102.587837219, -18.1979885101, 33.4787826538], [211.356765747, -217.653198242, 18.2478923798, 22.3005428314, -47.4685821533, 32.0719108582, -49.8838539124, 24.254737854, -12.452712059, 21.0072097778, -18.1979885101, 82.3285903931, -0.14868542552], [-216.471908569, 137.544586182, -69.4043045044, 8.68965435028, 33.1591491699, -38.5921630859, 23.9868431091, 0.202615216374, 18.1176681519, -23.6479911804, 33.4787826538, -0.14868542552, 73.8800048828]],
        "icov": [[0.000455364322988, -0.000694916583598, 0.000423730700277, -0.000908785907086, 0.00079803756671, -0.000984938698821, 0.000718000810593, -0.000250428653089, 0.000570818432607, -0.000599782157224, 0.00133994116914, -0.000963769853115, 0.00108673423529], [-0.000694916583598, 0.00553296646103, -0.000876078847796, 0.00387274683453, -0.00255993474275, 0.00530946394429, -0.00398782873526, 0.00234484835528, -0.00133467465639, 0.00273241009563, -0.00557217327878, 0.00676612881944, -0.004664237611], [0.000423730700277, -0.000876078847796, 0.00280053680763, 0.000182920208317, 0.000386235653423, -0.00260166800581, 0.000130618966068, -0.000371204718249, 0.00160026468802, -0.000616157776676, 0.00158681743778, -0.00189478334505, 0.00259564025328], [-0.000908785907086, 0.00387274683453, 0.000182920208317, 0.00947426818311, -0.00266368268058, 0.00225319433957, -0.00211218255572, 0.003560252022, -0.00317529425956, 0.00430988194421, -0.00430484907702, 0.00268424395472, -0.00365242455155], [0.00079803756671, -0.00255993474275, 0.000386235653423, -0.00266368268058, 0.00776312313974, -0.000427690771176, 0.000734390283469, -0.00323637621477, 0.00207744911313, -0.00190987507813, 0.00257513765246, -0.000765926728491, 0.0015538323205], [-0.000984938698821, 0.00530946394429, -0.00260166800581, 0.00225319433957, -0.000427690771176, 0.0144834406674, -0.00402738526464, 0.000840809836518, -0.000894773111213, 0.000602564134169, -0.00381503952667, 0.00681481137872, -0.00426212931052], [0.000718000810593, -0.00398782873526, 0.000130618966068, -0.00211218255572, 0.000734390283469, -0.00402738526464, 0.0111733814701, 0.000986326020211, -0.00275334413163, -0.0026727092918, 0.0037074952852, -0.00228234915994, 0.00197046343237], [-0.000250428653089, 0.00234484835528, -0.000371204718249, 0.003560252022, -0.00323637621477, 0.000840809836518, 0.000986326020211, 0.00912599265575, -0.000505870848428, -0.000335170800099, -0.00338419666514, 0.000931349524762, -0.00276800105348], [0.000570818432607, -0.00133467465639, 0.00160026468802, -0.00317529425956, 0.00207744911313, -0.000894773111213, -0.00275334413163, -0.000505870848428, 0.011921454221, -0.00160368811339, -0.000905225635506, -0.0024445776362, 0.00249809375964], [-0.000599782157224, 0.00273241009563, -0.000616157776676, 0.00430988194421, -0.00190987507813, 0.000602564134169, -0.0026727092918, -0.000335170800099, -0.00160368811339, 0.0114896120504, -0.00345764588565, 0.000937005796004, -0.000249855307629], [0.00133994116914, -0.00557217327878, 0.00158681743778, -0.00430484907702, 0.00257513765246, -0.00381503952667, 0.0037074952852, -0.00338419666514, -0.000905225635506, -0.00345764588565, 0.0212562512606, -0.00569602753967, 0.00142541876994], [-0.000963769853115, 0.00676612881944, -0.00189478334505, 0.00268424395472, -0.000765926728491, 0.00681481137872, -0.00228234915994, 0.000931349524762, -0.0024445776362, 0.000937005796004, -0.00569602753967, 0.0255628116429, -0.00934225786477], [0.00108673423529, -0.004664237611, 0.00259564025328, -0.00365242455155, 0.0015538323205, -0.00426212931052, 0.00197046343237, -0.00276800105348, 0.00249809375964, -0.000249855307629, 0.00142541876994, -0.00934225786477, 0.0233579240739]]
    },
    "melbands": {
        "mean": [0.00492187542841, 0.00362150906585, 0.00221155467443, 0.00127458549105, 0.000482510949951, 0.00049877690617, 0.000496144988574, 0.00016471518029, 0.000105573315523, 6.45659383736e-005, 5.26019357494e-005, 5.10632344231e-005, 1.92176667042e-005, 2.65460221271e-005, 2.60421275016e-005, 2.39914952544e-005, 1.21197535918e-005, 1.00647366708e-005, 9.98541327135e-006, 6.73562863085e-006, 6.10142478763e-006, 4.84400152345e-006, 4.05268428949e-006, 3.10204291054e-006, 3.32134959535e-006, 3.23831568494e-006, 3.65365121979e-006, 4.22877337769e-006, 3.98028669224e-006, 4.53614438811e-006, 4.65350922241e-006, 3.5597176975e-006, 1.67505913851e-006, 1.89779575521e-006, 2.19363209908e-006, 2.51707865573e-006, 1.82880933153e-006, 1.07475682398e-006, 6.23447988346e-007, 4.7795839464e-007],
        "var": [2.04641401069e-005, 1.55740581249e-005, 1.56568748935e-005, 4.96121265314e-006, 1.19420155897e-006, 6.46031082852e-007, 2.41174461735e-007, 5.13917299827e-008, 2.55858640941e-008, 8.96989149624e-009, 5.37526156918e-009, 3.37884054069e-009, 1.85555049104e-009, 2.04725791875e-009, 8.69291194583e-010, 1.03946751207e-009, 3.92302190733e-010, 2.65931804355e-010, 3.86063403468e-010, 2.33993935339e-010, 2.05382419405e-010, 1.50502485474e-010, 7.73196437431e-011, 3.51097831364e-011, 5.10895804828e-011, 6.02622257651e-011, 6.96354363061e-011, 7.7866935122e-011, 9.353286895e-011, 9.81408634915e-011, 7.99385210803e-011, 4.59581504797e-011, 1.250628507e-011, 1.62434267426e-011, 2.36021219929e-011, 3.45893730325e-011, 1.50190589132e-011, 5.27900509764e-012, 2.43445910132e-012, 1.38182108984e-012]
    },
    "mfcc": {
        "mean": [-672.435913086, 148.315002441, 32.7597312927, 32.9089508057, -0.690925598145, 16.5266838074, 5.54173517227, 0.436314761639, -1.20635545254, 7.39495229721, 3.5402328968, 8.50633907318, -1.46052753925],
        "cov": [[4599.66796875, -1848.59533691, 140.305725098, -159.870254517, -150.809143066, 326.279144287, -375.910369873, 30.5777397156, -96.2400741577, -28.3083496094, -343.652770996, 48.5081329346, -78.1719284058], [-1848.59533691, 1634.41687012, -252.265655518, 204.027984619, -26.9571285248, -123.579246521, 187.306472778, -32.9536819458, 22.3852558136, 25.0646514893, 191.867004395, -70.3069915771, 15.7263422012], [140.305725098, -252.265655518, 558.361938477, -153.743438721, -3.69086146355, 72.1687774658, 25.2928085327, -8.08788394928, -10.9928655624, 8.62658500671, -14.5617237091, 22.2843589783, -51.4494476318], [-159.870254517, 204.027984619, -153.743438721, 228.113479614, -13.1476535797, 17.3399505615, -13.1801109314, 26.8253765106, -6.10001373291, -12.6706809998, 6.72040176392, -10.4583702087, 4.71728897095], [-150.809143066, -26.9571285248, -3.69086146355, -13.1476535797, 204.954055786, -90.2694854736, 53.2131233215, 0.700748920441, 7.16279602051, -15.3805932999, 0.593569159508, -2.59120845795, 10.1303386688], [326.279144287, -123.579246521, 72.1687774658, 17.3399505615, -90.2694854736, 208.709030151, -43.2470436096, -1.23108351231, -5.82751655579, 17.9040794373, -23.0885105133, 17.5502872467, -25.7410087585], [-375.910369873, 187.306472778, 25.2928085327, -13.1801109314, 53.2131233215, -43.2470436096, 144.379608154, -18.3814277649, 21.3740539551, -7.90663766861, 56.8003234863, -21.5277881622, 8.87805843353], [30.5777397156, -32.9536819458, -8.08788394928, 26.8253765106, 0.700748920441, -1.23108351231, -18.3814277649, 92.2967300415, -0.184073850513, 12.6675052643, -37.5111274719, 12.1454658508, -15.2115755081], [-96.2400741577, 22.3852558136, -10.9928655624, -6.10001373291, 7.16279602051, -5.82751655579, 21.3740539551, -0.184073850513, 85.8674621582, -0.434374958277, 36.4811019897, -5.97504854202, 20.0738601685], [-28.3083496094, 25.0646514893, 8.62658500671, -12.6706809998, -15.3805932999, 17.9040794373, -7.90663766861, 12.6675052643, -0.434374958277, 78.281829834, 2.5984621048, 26.1200962067, -10.1814975739], [-343.652770996, 191.867004395, -14.5617237091, 6.72040176392, 0.593569159508, -23.0885105133, 56.8003234863, -37.5111274719, 36.4811019897, 2.5984621048, 130.265670776, -0.769315063953, 30.2602157593], [48.5081329346, -70.3069915771, 22.2843589783, -10.4583702087, -2.59120845795, 17.5502872467, -21.5277881622, 12.1454658508, -5.97504854202, 26.1200962067, -0.769315063953, 73.2911834717, 4.13900709152], [-78.1719284058, 15.7263422012, -51.4494476318, 4.71728897095, 10.1303386688, -25.7410087585, 8.87805843353, -15.2115755081, 20.0738601685, -10.1814975739, 30.2602157593, 4.13900709152, 63.5995635986]],
        "icov": [[0.000501661386807, 0.000483651150716, 0.000169401027961, 6.93977926858e-005, 0.00017672793183, -0.000360779609764, 0.000367645232473, 0.000216637170524, 0.000136538335937, 8.12402577139e-005, 0.000370917172404, 0.000227922617341, 0.000233824786847], [0.000483651150716, 0.00159119220916, 0.000416400289396, -0.000852237455547, 0.000763583288062, 0.000293466349831, -0.000834995938931, 0.000334528653184, 0.000473534018965, -0.000720537267625, -0.000777623557951, 0.000853647710755, 0.000844419875648], [0.000169401027961, 0.000416400289396, 0.00276414630935, 0.00163815624546, 1.08819021989e-005, -0.00105809129309, -0.000853859994095, -0.000137909562909, 0.000331264018314, 0.000548974261619, -0.000387700478313, -0.000583835120779, 0.0020818435587], [6.93977926858e-005, -0.000852237455547, 0.00163815624546, 0.00696044554934, -0.000666179344989, -0.00206324504688, 0.00120231683832, -0.00257765850984, 0.000935129646678, 0.00206708093174, -0.00065067311516, 0.000219588313485, -7.72896310082e-005], [0.00017672793183, 0.000763583288062, 1.08819021989e-005, -0.000666179344989, 0.00711659202352, 0.00293356482871, -0.00287225050852, 0.000473375228466, -0.000413016940001, 0.000413509493228, 0.00128299940843, -0.00104081013706, 0.000308406481054], [-0.000360779609764, 0.000293466349831, -0.00105809129309, -0.00206324504688, 0.00293356482871, 0.00775945791975, -0.000257037114352, 0.00159159279428, -0.00113830785267, -0.00126537506003, 0.000429864390753, -0.00129103695508, 0.00190709263552], [0.000367645232473, -0.000834995938931, -0.000853859994095, 0.00120231683832, -0.00287225050852, -0.000257037114352, 0.0119004715234, -9.28958907025e-005, -0.000699727796018, 0.000679008022416, -0.00304673984647, 0.00251750880852, 0.000163798991707], [0.000216637170524, 0.000334528653184, -0.000137909562909, -0.00257765850984, 0.000473375228466, 0.00159159279428, -9.28958907025e-005, 0.0146916816011, -0.00285069644451, -0.00204921863042, 0.00493213860318, -0.00258039101027, 0.00275180162862], [0.000136538335937, 0.000473534018965, 0.000331264018314, 0.000935129646678, -0.000413016940001, -0.00113830785267, -0.000699727796018, -0.00285069644451, 0.0147549081594, -0.000469931750558, -0.00434710178524, 0.00244683795609, -0.00355294556357], [8.12402577139e-005, -0.000720537267625, 0.000548974261619, 0.00206708093174, 0.000413509493228, -0.00126537506003, 0.000679008022416, -0.00204921863042, -0.000469931750558, 0.0164308156818, -0.000796158041339, -0.00582886207849, 0.00294271903113], [0.000370917172404, -0.000777623557951, -0.000387700478313, -0.00065067311516, 0.00128299940843, 0.000429864390753, -0.00304673984647, 0.00493213860318, -0.00434710178524, -0.000796158041339, 0.0146690960974, -0.00244859722443, -0.00361808505841], [0.000227922617341, 0.000853647710755, -0.000583835120779, 0.000219588313485, -0.00104081013706, -0.00129103695508, 0.00251750880852, -0.00258039101027, 0.00244683795609, -0.00582886207849, -0.00244859722443, 0.0184083487839, -0.00348326168023], [0.000233824786847, 0.000844419875648, 0.0020818435587, -7.72896310082e-005, 0.000308406481054, 0.00190709263552, 0.000163798991707, 0.00275180162862, -0.00355294556357, 0.00294271903113, -0.00361808505841, -0.00348326168023, 0.0223905369639]]
    },
    "spectral_contrast_coeffs": {
        "mean": [-0.662108540535, -0.715914130211, -0.778904855251, -0.797491669655, -0.820024311543, -0.726119279861],
        "var": [0.00540543813258, 0.00387813430279, 0.00318514602259, 0.00177331431769, 0.00071066909004, 0.00342757697217]
    },
    "spectral_contrast_valleys": {
        "mean": [-6.63841772079, -6.55402755737, -7.62240743637, -8.21045875549, -8.14426517487, -10.9438924789],
        "var": [1.0116417408, 1.09020209312, 1.17072558403, 1.29952764511, 1.31676030159, 2.12487840652]
    }
},
"metadata": {
    "audio_properties": {
        "analysis_sample_rate": 44100,
        "bit_rate": 110266,
        "equal_loudness": 0,
        "length": 45.0873451233,
        "lossless": 0,
        "replay_gain": -11.1030845642,
        "sample_rate": 44100,
        "codec": "mp3",
        "downmix": "mix",
        "md5_encoded": "addcbfc910821b9eccbc72301a96641d"
    },
    "tags": {
        "file_name": "620.mp3"
    },
    "version": {
        "essentia": "2.1-beta2",
        "essentia_git_sha": "v2.1_beta2",
        "extractor": "music 1.0"
    }
},
"rhythm": {
    "beats_count": 106,
    "beats_loudness": {
        "mean": 0.0789753869176,
        "var": 0.0014583034208
    },
    "bpm": 142.125442505,
    "bpm_histogram_first_peak_bpm": {
        "mean": 144,
        "var": 0
    },
    "bpm_histogram_first_peak_spread": {
        "mean": 0.388349533081,
        "var": 0
    },
    "bpm_histogram_first_peak_weight": {
        "mean": 0.600000023842,
        "var": 0
    },
    "bpm_histogram_second_peak_bpm": {
        "mean": 136,
        "var": 0
    },
    "bpm_histogram_second_peak_spread": {
        "mean": 0,
        "var": 0
    },
    "bpm_histogram_second_peak_weight": {
        "mean": 0.00952380988747,
        "var": 0
    },
    "danceability": 1.45669281483,
    "onset_rate": 4.54497480392,
    "beats_loudness_band_ratio": {
        "mean": [0.776209175587, 0.125168398023, 0.0704564079642, 0.0276073236018, 0.0162037201226, 0.0320258326828],
        "var": [0.0201530121267, 0.00560724176466, 0.00352545455098, 0.000704237725586, 0.000915604585316, 0.00235724868253]
    },
    "beats_position": [0.359909296036, 0.754648506641, 1.16099774837, 1.59056687355, 2.02013611794, 2.43809509277, 2.85605430603, 3.27401351929, 3.69197273254, 4.12154197693, 4.55111122131, 4.96907043457, 5.38702917099, 5.81659841537, 6.24616765976, 6.66412687302, 7.08208608627, 7.50004529953, 7.91800451279, 8.34757328033, 8.76553249359, 9.18349170685, 9.61306095123, 10.0426301956, 10.47219944, 10.8901586533, 11.3081178665, 11.7260770798, 12.144036293, 12.5736055374, 13.0031747818, 13.4211339951, 13.8390922546, 14.2570514679, 14.6866207123, 15.1161899567, 15.5341491699, 15.9521083832, 16.3816776276, 16.8112468719, 17.2292060852, 17.6471652985, 18.0651245117, 18.4946937561, 18.9126529694, 19.3422222137, 19.760181427, 20.1781406403, 20.5960998535, 21.0256690979, 21.4552383423, 21.8731975555, 22.2911567688, 22.7207260132, 23.1502952576, 23.5682544708, 23.9862117767, 24.40417099, 24.8221302032, 25.2516994476, 25.681268692, 26.0992279053, 26.5171871185, 26.9351463318, 27.353105545, 27.7826747894, 28.2122440338, 28.6302032471, 29.0481624603, 29.4777317047, 29.9073009491, 30.3252601624, 30.7432193756, 31.1611785889, 31.5791378021, 32.0203170776, 32.4382743835, 32.8562355042, 33.2741928101, 33.6921539307, 34.121723175, 34.5512924194, 34.9692497253, 35.3872108459, 35.8167800903, 36.2463493347, 36.6643066406, 37.0822677612, 37.5002250671, 37.9297943115, 38.3593635559, 38.7773246765, 39.1952819824, 39.613243103, 40.0312004089, 40.4491615295, 40.8787307739, 41.3083000183, 41.7262573242, 42.1442184448, 42.5737876892, 43.0033569336, 43.4213142395, 43.8392753601, 44.257232666, 44.6868019104]
},
"tonal": {
    "chords_changes_rate": 0.074074074626,
    "chords_number_rate": 0.00823045242578,
    "chords_strength": {
        "mean": 0.388613790274,
        "var": 0.00695654097944
    },
    "hpcp_entropy": {
        "mean": 2.29622626305,
        "var": 0.591772973537
    },
    "key_strength": 0.516223728657,
    "tuning_diatonic_strength": 0.422804653645,
    "tuning_equal_tempered_deviation": 0.222947239876,
    "tuning_frequency": 434.193115234,
    "tuning_nontempered_energy_ratio": 0.95187318325,
    "hpcp": {
        "mean": [0.151527538896, 0.187697455287, 0.109236434102, 0.0937745943666, 0.154970154166, 0.171722784638, 0.167819485068, 0.19679698348, 0.208891391754, 0.161718219519, 0.108917176723, 0.0827445536852, 0.0696591436863, 0.0687713176012, 0.0843573287129, 0.149294510484, 0.195792108774, 0.16855609417, 0.133244514465, 0.114927895367, 0.080767095089, 0.0599164143205, 0.0570768266916, 0.156724095345, 0.266102135181, 0.155172899365, 0.0454724654555, 0.08684348315, 0.150222271681, 0.163885861635, 0.173294991255, 0.150731533766, 0.0869163498282, 0.0651278421283, 0.0665529891849, 0.0764142051339],
        "var": [0.0456257276237, 0.061140999198, 0.0320769883692, 0.0308116525412, 0.054722186178, 0.0572595745325, 0.0666591376066, 0.0875063762069, 0.105226412416, 0.0772454217076, 0.0545286051929, 0.0460499636829, 0.0357355475426, 0.0350563600659, 0.0403196848929, 0.0708063915372, 0.0964508503675, 0.0749640911818, 0.0555588230491, 0.0437299087644, 0.0223451890051, 0.0131466509774, 0.0126667618752, 0.0447003282607, 0.142497807741, 0.0442382656038, 0.0130980564281, 0.0244906041771, 0.0634719207883, 0.0599628537893, 0.0532791465521, 0.0479260981083, 0.0292900390923, 0.0275385901332, 0.0324365124106, 0.0361575782299]
    },
    "chords_histogram": [6.37860059738, 9.97942352295, 0, 0, 0, 0, 0, 0.720164597034, 0, 0, 0, 0, 0, 0, 4.52674913406, 0, 3.70370364189, 0, 31.7901229858, 0.720164597034, 26.440328598, 5.04115247726, 0.102880656719, 10.5967073441],
    "thpcp": [1, 0.583132863045, 0.170883506536, 0.326353937387, 0.564528644085, 0.615875780582, 0.651234865189, 0.566442430019, 0.326627790928, 0.244747534394, 0.25010317564, 0.287161201239, 0.569433748722, 0.705358684063, 0.410505652428, 0.352400749922, 0.582370936871, 0.64532661438, 0.630658149719, 0.739554345608, 0.785004556179, 0.607729911804, 0.409305900335, 0.310950368643, 0.261775970459, 0.258439540863, 0.317011088133, 0.561042129993, 0.735778033733, 0.633426308632, 0.500726938248, 0.431893914938, 0.303519159555, 0.225163221359, 0.214492172003, 0.588962197304],
    "chords_key": "D",
    "chords_scale": "minor",
    "key_key": "B",
    "key_scale": "minor"
}
}