{
"lowlevel": {
    "average_loudness": 0.600201070309,
    "barkbands_crest": {
        "mean": 16.1543884277,
        "var": 24.3354682922
    },
    "barkbands_flatness_db": {
        "mean": 0.254347831011,
        "var": 0.00303596816957
    },
    "barkbands_kurtosis": {
        "mean": 20.7823371887,
        "var": 304.092498779
    },
    "barkbands_skewness": {
        "mean": 2.76696491241,
        "var": 2.22303009033
    },
    "barkbands_spread": {
        "mean": 4.11363267899,
        "var": 17.4192352295
    },
    "dissonance": {
        "mean": 0.403175622225,
        "var": 0.0025086409878
    },
    "dynamic_complexity": 2.60748362541,
    "erbbands_crest": {
        "mean": 17.5284118652,
        "var": 54.1724815369
    },
    "erbbands_flatness_db": {
        "mean": 0.24591730535,
        "var": 0.00314297690056
    },
    "erbbands_kurtosis": {
        "mean": 10.3921480179,
        "var": 312.405883789
    },
    "erbbands_skewness": {
        "mean": 2.05568599701,
        "var": 1.88035678864
    },
    "erbbands_spread": {
        "mean": 18.452047348,
        "var": 143.527252197
    },
    "hfc": {
        "mean": 8.48062992096,
        "var": 73.8125686646
    },
    "melbands_crest": {
        "mean": 19.0547275543,
        "var": 25.2871303558
    },
    "melbands_flatness_db": {
        "mean": 0.339074730873,
        "var": 0.00358569389209
    },
    "melbands_kurtosis": {
        "mean": 23.3210201263,
        "var": 354.418670654
    },
    "melbands_skewness": {
        "mean": 2.8527405262,
        "var": 3.18548631668
    },
    "melbands_spread": {
        "mean": 4.68943691254,
        "var": 27.4700012207
    },
    "pitch_salience": {
        "mean": 0.472448498011,
        "var": 0.0157529972494
    },
    "silence_rate_20dB": {
        "mean": 1,
        "var": 0
    },
    "silence_rate_30dB": {
        "mean": 0.983015954494,
        "var": 0.0166966952384
    },
    "silence_rate_60dB": {
        "mean": 0.0159547086805,
        "var": 0.0156993251294
    },
    "spectral_centroid": {
        "mean": 407.843322754,
        "var": 136086.15625
    },
    "spectral_complexity": {
        "mean": 8.29336071014,
        "var": 10.0755290985
    },
    "spectral_decrease": {
        "mean": -6.33001651096e-009,
        "var": 3.20185071507e-017
    },
    "spectral_energy": {
        "mean": 0.0246602017432,
        "var": 0.000487800687551
    },
    "spectral_energyband_high": {
        "mean": 3.49998917955e-005,
        "var": 4.56041462371e-008
    },
    "spectral_energyband_low": {
        "mean": 0.00146824261174,
        "var": 2.48639116762e-006
    },
    "spectral_energyband_middle_high": {
        "mean": 0.000785346026532,
        "var": 1.05715753307e-006
    },
    "spectral_energyband_middle_low": {
        "mean": 0.0228409115225,
        "var": 0.000477211055113
    },
    "spectral_entropy": {
        "mean": 6.30726099014,
        "var": 0.319406628609
    },
    "spectral_flux": {
        "mean": 0.060416508466,
        "var": 0.00102362653706
    },
    "spectral_kurtosis": {
        "mean": 15.1275682449,
        "var": 93.1132278442
    },
    "spectral_rms": {
        "mean": 0.004556320142,
        "var": 3.29862746185e-006
    },
    "spectral_rolloff": {
        "mean": 429.284301758,
        "var": 480607.65625
    },
    "spectral_skewness": {
        "mean": 2.99759602547,
        "var": 0.790175020695
    },
    "spectral_spread": {
        "mean": 3116349.5,
        "var": 2.17018925056e+012
    },
    "spectral_strongpeak": {
        "mean": 1.26485288143,
        "var": 1.06014978886
    },
    "zerocrossingrate": {
        "mean": 0.0201019588858,
        "var": 0.000297304417472
    },
    "barkbands": {
        "mean": [6.55060648569e-005, 0.000461282004835, 0.000477953115478, 0.00262244581245, 0.00937585998327, 0.00230306712911, 0.00808593351394, 0.000274057412753, 0.000165297024068, 0.000260727567365, 4.34888024756e-005, 0.00013263123401, 5.41894805792e-005, 0.000159959803568, 3.80159908673e-005, 2.96628277283e-005, 2.64036752924e-005, 2.03771724046e-005, 2.35647567024e-005, 9.63749334915e-006, 7.54374150347e-006, 5.04970284965e-006, 6.52217931929e-006, 6.18105286776e-006, 3.77678156838e-006, 1.02239516764e-006, 2.43341169437e-008],
        "var": [4.6121368058e-008, 3.53220968918e-007, 5.06169328673e-007, 1.37989190989e-005, 9.58093733061e-005, 6.33311674392e-006, 0.00031994751771, 1.64900413324e-007, 3.83828222539e-008, 2.40148068542e-007, 4.42197967132e-009, 1.3663543541e-007, 4.81766182503e-009, 1.14767985337e-007, 2.90334467579e-009, 2.2544686118e-009, 1.02650954403e-008, 5.57599344475e-009, 4.81016737552e-009, 8.50665760055e-010, 4.61438470767e-010, 4.3580183906e-010, 4.4777603847e-009, 4.25053858777e-009, 8.87689699525e-010, 1.04982141036e-010, 1.28167587627e-014]
    },
    "erbbands": {
        "mean": [0.00689616519958, 0.128958851099, 0.636882126331, 3.84509539604, 22.8348903656, 37.6927986145, 12.0158481598, 35.1397819519, 145.655654907, 17.2257709503, 5.27526903152, 3.91487598419, 3.53528165817, 9.9441280365, 2.14828491211, 6.15975284576, 3.23096203804, 6.97188806534, 3.6574409008, 2.36425495148, 1.3428016901, 1.39191734791, 1.23198986053, 1.3175034523, 0.923363864422, 0.489854693413, 0.403180718422, 0.204757213593, 0.193810120225, 0.182569071651, 0.176015168428, 0.174042016268, 0.0746918991208, 0.0524559728801, 0.021810060367, 0.00616924092174, 0.00163065968081, 0.000145785772474, 1.53192650032e-005, 2.76104037766e-005],
        "var": [0.000178523987415, 0.0278794076294, 0.669064700603, 23.9761066437, 1116.58410645, 1556.90881348, 360.533996582, 1577.22705078, 101521.023438, 779.005737305, 97.2200927734, 20.8059310913, 18.2453536987, 377.943939209, 8.03865909576, 358.363220215, 14.7786140442, 204.472076416, 36.5225944519, 14.729719162, 4.72017812729, 26.2554798126, 18.6480674744, 25.7685489655, 4.88010692596, 2.11304283142, 1.62886762619, 0.343942344189, 0.674796700478, 2.79028153419, 2.54649281502, 4.65710163116, 0.257526755333, 0.318542510271, 0.0114899585024, 0.00290114944801, 0.000335780263413, 6.61331455376e-007, 5.37265842926e-010, 6.08969930038e-010]
    },
    "gfcc": {
        "mean": [-95.6282119751, 151.301864624, -97.4973831177, 19.0860977173, -65.5542144775, -2.39343357086, -54.2533378601, -13.6710824966, -26.1217784882, -7.78971719742, -6.16168069839, -12.0815887451, -4.61662435532],
        "cov": [[3088.2644043, -49.6377067566, -525.40411377, 22.8614120483, -25.8250331879, -57.474319458, -64.9791107178, -5.72002029419, -147.283325195, -28.4794254303, -52.6089324951, 40.5528869629, -53.5391273499], [-49.6377067566, 501.097076416, -5.13632678986, -59.4924736023, 68.8047790527, -65.731590271, 24.7835731506, -84.8102645874, 72.2727584839, -49.4502944946, 95.9409484863, -82.6007766724, 45.8327445984], [-525.40411377, -5.13632678986, 420.671936035, -12.1334552765, -64.1771392822, 6.00460958481, -35.1790885925, -3.33741092682, 59.3123931885, 74.763671875, 6.23335313797, 11.0865831375, -34.4422950745], [22.8614120483, -59.4924736023, -12.1334552765, 158.55480957, 32.7147941589, 39.9220504761, 8.94843101501, 10.4732131958, -16.1121807098, -8.3674955368, -12.9707794189, -10.7687225342, 3.87801599503], [-25.8250331879, 68.8047790527, -64.1771392822, 32.7147941589, 201.176834106, 28.6130962372, 10.7212190628, -29.4742298126, -53.6861419678, -31.7855091095, -19.6039638519, -18.0384979248, -11.0204391479], [-57.474319458, -65.731590271, 6.00460958481, 39.9220504761, 28.6130962372, 159.353500366, 28.508852005, 18.4737281799, -44.1704444885, -22.8209114075, -43.0394592285, 16.5351924896, 3.75469994545], [-64.9791107178, 24.7835731506, -35.1790885925, 8.94843101501, 10.7212190628, 28.508852005, 89.4392852783, 24.7758693695, -8.32763385773, -17.2808418274, -11.3056402206, 16.2882938385, 14.479177475], [-5.72002029419, -84.8102645874, -3.33741092682, 10.4732131958, -29.4742298126, 18.4737281799, 24.7758693695, 113.522819519, 21.3103027344, 11.5736522675, -22.4716377258, 30.180316925, 2.56857323647], [-147.283325195, 72.2727584839, 59.3123931885, -16.1121807098, -53.6861419678, -44.1704444885, -8.32763385773, 21.3103027344, 116.846168518, 39.8073310852, 41.512802124, -7.98591852188, 7.69841718674], [-28.4794254303, -49.4502944946, 74.763671875, -8.3674955368, -31.7855091095, -22.8209114075, -17.2808418274, 11.5736522675, 39.8073310852, 105.994644165, 28.2260818481, 13.7445354462, -30.2062225342], [-52.6089324951, 95.9409484863, 6.23335313797, -12.9707794189, -19.6039638519, -43.0394592285, -11.3056402206, -22.4716377258, 41.512802124, 28.2260818481, 93.7026367188, -12.1460094452, 5.68035125732], [40.5528869629, -82.6007766724, 11.0865831375, -10.7687225342, -18.0384979248, 16.5351924896, 16.2882938385, 30.180316925, -7.98591852188, 13.7445354462, -12.1460094452, 67.0084457397, -2.04695534706], [-53.5391273499, 45.8327445984, -34.4422950745, 3.87801599503, -11.0204391479, 3.75469994545, 14.479177475, 2.56857323647, 7.69841718674, -30.2062225342, 5.68035125732, -2.04695534706, 64.563659668]],
        "icov": [[0.000643152219709, -0.000994855770841, 0.00111404317431, -0.000637147808447, 0.000975037983153, 0.000172878149897, 0.00130593020003, -0.00026559541584, 0.00114504678641, -0.000783306488302, 0.00108090869617, -0.00135347514879, 0.00110519258305], [-0.000994855770841, 0.00775667000562, -0.0026348431129, 0.00355643266812, -0.00448705395684, 0.000262797228061, -0.00568780861795, 0.00291958334856, -0.00576007086784, 0.00481501827016, -0.00639300048351, 0.00701554771513, -0.00384788564406], [0.00111404317431, -0.0026348431129, 0.00520458444953, -0.0014911488397, 0.00278785219416, -0.000669921515509, 0.0035591640044, 0.000157098751515, 0.000880866777152, -0.0033213084098, 0.00346648553386, -0.00352779054083, 0.0032949091401], [-0.000637147808447, 0.00355643266812, -0.0014911488397, 0.00885599385947, -0.00310798012652, -0.00154872355051, -0.00290233874694, 0.000117145340482, -0.00221057259478, 0.00164718728047, -0.00300957472064, 0.00540831359103, -0.00270415563136], [0.000975037983153, -0.00448705395684, 0.00278785219416, -0.00310798012652, 0.00933963805437, -0.000499564688653, 0.00288429600187, -0.000287395319901, 0.00530590116978, -0.00229244306684, 0.00420694099739, -0.00301403831691, 0.00448469771072], [0.000172878149897, 0.000262797228061, -0.000669921515509, -0.00154872355051, -0.000499564688653, 0.0086977314204, -0.00171402306296, -0.000697505311109, 0.00235984195024, 0.000588329974562, 0.00186516810209, -0.000991065986454, -0.000688150117639], [0.00130593020003, -0.00568780861795, 0.0035591640044, -0.00290233874694, 0.00288429600187, -0.00171402306296, 0.0185887031257, -0.00429255096242, 0.00423398148268, -0.00234397826716, 0.00460044015199, -0.00837713479996, 0.00151584262494], [-0.00026559541584, 0.00291958334856, 0.000157098751515, 0.000117145340482, -0.000287395319901, -0.000697505311109, -0.00429255096242, 0.0139783853665, -0.00636453973129, 0.000631313945632, 0.00175015523564, -0.00200585694984, -0.000981307704933], [0.00114504678641, -0.00576007086784, 0.000880866777152, -0.00221057259478, 0.00530590116978, 0.00235984195024, 0.00423398148268, -0.00636453973129, 0.0196883473545, -0.00700047705323, 0.000516403582878, -0.00173534534406, -9.91491378954e-006], [-0.000783306488302, 0.00481501827016, -0.0033213084098, 0.00164718728047, -0.00229244306684, 0.000588329974562, -0.00234397826716, 0.000631313945632, -0.00700047705323, 0.0189026575536, -0.0080368379131, 0.000717365066521, 0.00454483460635], [0.00108090869617, -0.00639300048351, 0.00346648553386, -0.00300957472064, 0.00420694099739, 0.00186516810209, 0.00460044015199, 0.00175015523564, 0.000516403582878, -0.0080368379131, 0.0213381126523, -0.0052145710215, 0.00110863905866], [-0.00135347514879, 0.00701554771513, -0.00352779054083, 0.00540831359103, -0.00301403831691, -0.000991065986454, -0.00837713479996, -0.00200585694984, -0.00173534534406, 0.000717365066521, -0.0052145710215, 0.0267657507211, -0.00495783379301], [0.00110519258305, -0.00384788564406, 0.0032949091401, -0.00270415563136, 0.00448469771072, -0.000688150117639, 0.00151584262494, -0.000981307704933, -9.91491378954e-006, 0.00454483460635, 0.00110863905866, -0.00495783379301, 0.0234341342002]]
    },
    "melbands": {
        "mean": [9.49572349782e-005, 0.000264031114057, 0.00124387792312, 0.00235352339223, 0.00067612528801, 0.000874507357366, 0.00190026627388, 7.43026321288e-005, 3.69490080629e-005, 2.33723349083e-005, 1.74051310751e-005, 4.27706290793e-005, 6.02495356361e-006, 1.17010795293e-005, 1.41825803439e-005, 5.15289821124e-006, 1.5104731574e-005, 7.69165490055e-006, 2.79283767668e-006, 2.65816379397e-006, 1.34903859816e-006, 1.34036270083e-006, 1.46965783188e-006, 9.65468188951e-007, 1.07257267246e-006, 9.0798829433e-007, 3.83576150398e-007, 2.95247019722e-007, 2.77430757478e-007, 1.56861347023e-007, 1.04243291332e-007, 1.12524425333e-007, 8.92428175803e-008, 1.10336607406e-007, 9.05534704998e-008, 1.29813898297e-007, 9.47734477563e-008, 5.52281136379e-008, 4.14008383132e-008, 4.23478283551e-008],
        "var": [1.90627300611e-008, 1.21852167467e-007, 3.01290037896e-006, 6.23797041044e-006, 6.89488842909e-007, 1.22018900583e-006, 1.71958436113e-005, 4.97213825668e-009, 5.86602055819e-009, 7.08602954091e-010, 4.53390269772e-010, 7.10434644446e-009, 5.90883869611e-011, 1.3877285987e-009, 7.48346162815e-010, 3.68656841165e-011, 1.09921727276e-009, 2.14572637436e-010, 1.78811462165e-011, 2.02739890848e-011, 5.65526575222e-012, 1.87324131901e-011, 4.6315062896e-011, 1.52467899417e-011, 2.07143989461e-011, 5.04231378873e-012, 1.28929863747e-012, 8.32791626458e-013, 7.80509879818e-013, 2.69719413904e-013, 8.93960876462e-014, 2.26208673104e-013, 1.80035497686e-013, 1.6954172441e-012, 4.17313563263e-013, 2.9456638951e-012, 1.25812717449e-012, 1.45744256507e-013, 8.47787755254e-014, 2.58714897379e-013]
    },
    "mfcc": {
        "mean": [-743.622375488, 178.553329468, 20.1482429504, 19.3660011292, 6.49861192703, 0.821898341179, -11.1396532059, -12.9284286499, -18.2765789032, -6.30657815933, -8.41959190369, -7.25190639496, -7.48669052124],
        "cov": [[2074.07128906, -200.65776062, -472.056243896, 29.235294342, -39.8055381775, -49.184803009, 54.6832237244, 40.4265213013, -65.4942169189, 14.6814069748, -35.7861061096, -101.23324585, -73.8305740356], [-200.65776062, 519.414978027, -16.7113876343, 5.42641830444, 35.7535705566, 6.58437776566, -16.1162166595, -38.3380203247, -34.6219749451, -8.9068403244, 5.84877729416, 16.4046077728, 39.1951065063], [-472.056243896, -16.7113876343, 396.775146484, -14.1711568832, -19.9872665405, 8.4252986908, -66.0904769897, -35.2998542786, 27.860704422, -11.8809738159, 14.7271766663, 68.3726196289, 52.9709472656], [29.235294342, 5.42641830444, -14.1711568832, 127.527915955, 26.8200969696, -3.89257788658, 4.19591236115, -17.8275642395, -1.02701556683, 4.35121822357, 6.97042655945, 7.65780496597, 7.06215763092], [-39.8055381775, 35.7535705566, -19.9872665405, 26.8200969696, 122.555488586, 34.4664649963, 15.4155464172, -3.65970563889, -14.3168067932, 10.2995977402, 5.45328330994, -10.0793294907, -19.5707054138], [-49.184803009, 6.58437776566, 8.4252986908, -3.89257788658, 34.4664649963, 118.382423401, 44.7772140503, 5.4673075676, -4.51742982864, -7.54578113556, 5.27481794357, -8.13274860382, -21.5584316254], [54.6832237244, -16.1162166595, -66.0904769897, 4.19591236115, 15.4155464172, 44.7772140503, 103.505050659, 43.5136146545, -3.62134432793, 3.98225641251, -3.74295115471, -31.9817676544, -33.8770027161], [40.4265213013, -38.3380203247, -35.2998542786, -17.8275642395, -3.65970563889, 5.4673075676, 43.5136146545, 107.877548218, 42.633190155, 6.08328390121, -9.66202831268, -27.3161849976, -23.0337696075], [-65.4942169189, -34.6219749451, 27.860704422, -1.02701556683, -14.3168067932, -4.51742982864, -3.62134432793, 42.633190155, 88.5684585571, 16.1563472748, -10.5337162018, 6.36616134644, 6.1140627861], [14.6814069748, -8.9068403244, -11.8809738159, 4.35121822357, 10.2995977402, -7.54578113556, 3.98225641251, 6.08328390121, 16.1563472748, 68.0707855225, 13.6284017563, -24.8503608704, -16.761384964], [-35.7861061096, 5.84877729416, 14.7271766663, 6.97042655945, 5.45328330994, 5.27481794357, -3.74295115471, -9.66202831268, -10.5337162018, 13.6284017563, 55.3907737732, 14.9640350342, 2.63797330856], [-101.23324585, 16.4046077728, 68.3726196289, 7.65780496597, -10.0793294907, -8.13274860382, -31.9817676544, -27.3161849976, 6.36616134644, -24.8503608704, 14.9640350342, 105.175354004, 66.9134521484], [-73.8305740356, 39.1951065063, 52.9709472656, 7.06215763092, -19.5707054138, -21.5584316254, -33.8770027161, -23.0337696075, 6.1140627861, -16.761384964, 2.63797330856, 66.9134521484, 103.551086426]],
        "icov": [[0.000750326202251, 0.000323267711792, 0.000874896883033, -0.000222041926463, 0.000376028328901, -1.48683261614e-006, 0.00032737760921, -0.00024857383687, 0.000677283329424, -0.000222273723921, 0.000356414006092, 5.8759458625e-005, -2.02415267267e-005], [0.000323267711792, 0.00226758560166, 0.000576478661969, 7.12451292202e-005, -0.000528638774995, -0.000186628007214, 0.000354933319613, 0.000266991934041, 0.000799613422714, -1.48261251525e-005, 5.49545366084e-005, 0.000389183231164, -0.00119332666509], [0.000874896883033, 0.000576478661969, 0.00430560065433, 0.000146559788845, 0.000664211052936, -0.00116962310858, 0.00216373195872, 0.000297729216982, -0.000375134986825, -0.000128760802909, -0.000153447879711, -0.00102914206218, -0.00048055240768], [-0.000222041926463, 7.12451292202e-005, 0.000146559788845, 0.00899093877524, -0.00243423436768, 0.00135219597723, -0.00192254991271, 0.00270461174659, -0.00194274529349, 0.000384093262255, -0.00127385579981, -7.22350087017e-005, -0.000823324720841], [0.000376028328901, -0.000528638774995, 0.000664211052936, -0.00243423436768, 0.010460453108, -0.00313708861358, 0.000933399773203, -0.000963412690908, 0.00235246773809, -0.00241855531931, 0.00081690371735, -0.000990980654024, 0.00179853732698], [-1.48683261614e-006, -0.000186628007214, -0.00116962310858, 0.00135219597723, -0.00313708861358, 0.0122917396948, -0.00638573523611, 0.00237162411213, -0.00184394803364, 0.00291706761345, -0.00188906397671, 0.000100658813608, 0.00154437019955], [0.00032737760921, 0.000354933319613, 0.00216373195872, -0.00192254991271, 0.000933399773203, -0.00638573523611, 0.0175040140748, -0.00733672315255, 0.00404493231326, -0.00147412111983, 0.00121628388297, 0.000423773541115, 0.00128254818264], [-0.00024857383687, 0.000266991934041, 0.000297729216982, 0.00270461174659, -0.000963412690908, 0.00237162411213, -0.00733672315255, 0.0171571411192, -0.00973737519234, 0.00309537164867, -0.00168784020934, 0.00303250970319, 0.00027220568154], [0.000677283329424, 0.000799613422714, -0.000375134986825, -0.00194274529349, 0.00235246773809, -0.00184394803364, 0.00404493231326, -0.00973737519234, 0.0196312479675, -0.00719267176464, 0.00577040063217, -0.00384496897459, -0.000263104739133], [-0.000222273723921, -1.48261251525e-005, -0.000128760802909, 0.000384093262255, -0.00241855531931, 0.00291706761345, -0.00147412111983, 0.00309537164867, -0.00719267176464, 0.0209818184376, -0.00812530517578, 0.00683506345376, -0.000145533515024], [0.000356414006092, 5.49545366084e-005, -0.000153447879711, -0.00127385579981, 0.00081690371735, -0.00188906397671, 0.00121628388297, -0.00168784020934, 0.00577040063217, -0.00812530517578, 0.023128837347, -0.0065490975976, 0.00216908520088], [5.8759458625e-005, 0.000389183231164, -0.00102914206218, -7.22350087017e-005, -0.000990980654024, 0.000100658813608, 0.000423773541115, 0.00303250970319, -0.00384496897459, 0.00683506345376, -0.0065490975976, 0.020631769672, -0.0107589596882], [-2.02415267267e-005, -0.00119332666509, -0.00048055240768, -0.000823324720841, 0.00179853732698, 0.00154437019955, 0.00128254818264, 0.00027220568154, -0.000263104739133, -0.000145533515024, 0.00216908520088, -0.0107589596882, 0.0184269044548]]
    },
    "spectral_contrast_coeffs": {
        "mean": [-0.509658634663, -0.659223914146, -0.776345610619, -0.791500091553, -0.821904540062, -0.803973436356],
        "var": [0.0057685887441, 0.0122484499589, 0.00346132204868, 0.00181541207712, 0.00155483256094, 0.000729318417143]
    },
    "spectral_contrast_valleys": {
        "mean": [-7.80623865128, -7.04621601105, -8.14172744751, -8.59697055817, -8.98178863525, -11.5600757599],
        "var": [0.683546125889, 0.686410188675, 0.615699708462, 0.637855231762, 0.611362218857, 0.497526019812]
    }
},
"metadata": {
    "audio_properties": {
        "analysis_sample_rate": 44100,
        "bit_rate": 99953,
        "equal_loudness": 0,
        "length": 45.0873451233,
        "lossless": 0,
        "replay_gain": 5.53497123718,
        "sample_rate": 44100,
        "codec": "mp3",
        "downmix": "mix",
        "md5_encoded": "9acfb5e3599c70e2a96ec37f95aff82b"
    },
    "tags": {
        "file_name": "621.mp3"
    },
    "version": {
        "essentia": "2.1-beta2",
        "essentia_git_sha": "v2.1_beta2",
        "extractor": "music 1.0"
    }
},
"rhythm": {
    "beats_count": 116,
    "beats_loudness": {
        "mean": 0.0258611366153,
        "var": 0.000326317793224
    },
    "bpm": 165.046112061,
    "bpm_histogram_first_peak_bpm": {
        "mean": 167,
        "var": 0
    },
    "bpm_histogram_first_peak_spread": {
        "mean": 0,
        "var": 0
    },
    "bpm_histogram_first_peak_weight": {
        "mean": 0.278260856867,
        "var": 0
    },
    "bpm_histogram_second_peak_bpm": {
        "mean": 172,
        "var": 0
    },
    "bpm_histogram_second_peak_spread": {
        "mean": 0,
        "var": 0
    },
    "bpm_histogram_second_peak_weight": {
        "mean": 0.260869562626,
        "var": 0
    },
    "danceability": 1.09770226479,
    "onset_rate": 5.16575145721,
    "beats_loudness_band_ratio": {
        "mean": [0.29779201746, 0.508241415024, 0.287263035774, 0.0347231514752, 0.0135660450906, 0.00482025835663],
        "var": [0.0441817305982, 0.0376914702356, 0.0939979702234, 0.00133838702459, 0.000166431098478, 0.000180381321115]
    },
    "beats_position": [0.545668900013, 1.09133780003, 1.62539684772, 2.15945577621, 2.69351458549, 3.1811337471, 3.68036270142, 4.17959165573, 4.69043064117, 5.18965959549, 5.70049858093, 6.19972801208, 6.6989569664, 7.19818592072, 7.67419481277, 8.15020370483, 8.63782310486, 9.0093421936, 9.38086128235, 9.74077033997, 10.1006803513, 10.4605894089, 10.8088884354, 11.1455783844, 11.4938774109, 11.8421764374, 12.1904764175, 12.538775444, 12.8986845016, 13.2585935593, 13.6068935394, 13.9551925659, 14.3034915924, 14.6517915726, 15.0000905991, 15.3483896255, 15.696688652, 16.0449886322, 16.4165077209, 16.7880268097, 17.1595458984, 17.5194549561, 17.8793640137, 18.2508831024, 18.6224040985, 18.970703125, 19.3190021515, 19.667301178, 20.0156002045, 20.363899231, 20.7238082886, 21.0837192535, 21.43201828, 21.7919273376, 22.1518363953, 22.5465755463, 22.9413146973, 23.3244438171, 23.707572937, 24.0790920258, 24.4622211456, 24.8453502655, 25.2168693542, 25.6232185364, 26.0179595947, 26.4126987457, 26.8074378967, 27.2137870789, 27.6085262299, 28.0032653809, 28.3863945007, 28.7695236206, 29.1526527405, 29.5357818604, 29.9189109802, 30.3020401001, 30.6967792511, 31.0915184021, 31.4630374908, 31.8345565796, 32.2060775757, 32.5775947571, 32.9375038147, 33.3090248108, 33.6689338684, 34.0404510498, 34.4003639221, 34.7602729797, 35.1085700989, 35.4684791565, 35.8167800903, 36.1766891479, 36.5365982056, 36.8965072632, 37.2564163208, 37.6163253784, 37.9646263123, 38.3129234314, 38.672832489, 39.0327415466, 39.3810424805, 39.7409515381, 40.1008605957, 40.4491615295, 40.8090705872, 41.1689796448, 41.5172767639, 41.8655776978, 42.2254867554, 42.585395813, 42.9336967468, 43.281993866, 43.6419029236, 44.0018119812, 44.350112915, 44.7100219727]
},
"tonal": {
    "chords_changes_rate": 0.0442386828363,
    "chords_number_rate": 0.0102880662307,
    "chords_strength": {
        "mean": 0.437402456999,
        "var": 0.011675615795
    },
    "hpcp_entropy": {
        "mean": 1.74670827389,
        "var": 0.319497138262
    },
    "key_strength": 0.260217577219,
    "tuning_diatonic_strength": 0.244402915239,
    "tuning_equal_tempered_deviation": 0.0501230433583,
    "tuning_frequency": 443.316436768,
    "tuning_nontempered_energy_ratio": 0.646497130394,
    "hpcp": {
        "mean": [0.0720884725451, 0.0864813923836, 0.117316313088, 0.132439225912, 0.0751578211784, 0.163934245706, 0.254902511835, 0.116120345891, 0.0227366648614, 0.0285723805428, 0.0176559872925, 0.00943636894226, 0.00963020697236, 0.00816196296364, 0.0156351085752, 0.0288573373109, 0.0219623763114, 0.0100197419524, 0.00782981328666, 0.00690468633547, 0.0129106082022, 0.019856447354, 0.0356316752732, 0.167671307921, 0.315779477358, 0.213991045952, 0.0622023679316, 0.0439259968698, 0.0688538551331, 0.112311348319, 0.115232996643, 0.0875124409795, 0.210304573178, 0.324809581041, 0.173201858997, 0.0480268150568],
        "var": [0.0314119234681, 0.0449933446944, 0.0633089244366, 0.0957428738475, 0.0339778289199, 0.0680882632732, 0.169401273131, 0.0364290811121, 0.00880513247102, 0.00890967901796, 0.00233496865258, 0.00206540897489, 0.0038235632237, 0.00118213240057, 0.00306822964922, 0.0144649595022, 0.00714699551463, 0.000502251612488, 0.000270644814009, 0.000798249035142, 0.00427618110552, 0.00623481255025, 0.0104186218232, 0.0535155795515, 0.149994090199, 0.077420681715, 0.019056417048, 0.0113937370479, 0.0156168136746, 0.0410218536854, 0.0522055514157, 0.0349463634193, 0.0768815949559, 0.190503656864, 0.05600489676, 0.0119518218562]
    },
    "chords_histogram": [32.8189315796, 0.308641970158, 0.617283940315, 0, 0, 2.98353910446, 1.85185182095, 19.6502056122, 1.13168728352, 4.83539104462, 0, 0.205761313438, 9.67078208923, 0, 0.617283940315, 1.85185182095, 1.33744859695, 0, 0, 22.1193408966, 0, 0, 0, 0],
    "thpcp": [1, 0.533241212368, 0.147861450911, 0.221940726042, 0.266252577305, 0.361184895039, 0.407744199038, 0.231390401721, 0.504708766937, 0.784775197506, 0.35750284791, 0.0699999853969, 0.0879665538669, 0.0543579645455, 0.0290520023555, 0.0296487770975, 0.0251284558326, 0.0481362305582, 0.0888438597322, 0.0676161572337, 0.0308480486274, 0.0241058561951, 0.0212576445192, 0.039748236537, 0.0611325800419, 0.109700195491, 0.516214191914, 0.972198784351, 0.658819973469, 0.191504105926, 0.135236144066, 0.211982220411, 0.345775961876, 0.354770928621, 0.269426912069, 0.647470355034],
    "chords_key": "F",
    "chords_scale": "minor",
    "key_key": "F",
    "key_scale": "minor"
}
}