{
"lowlevel": {
    "average_loudness": 0.958208560944,
    "barkbands_crest": {
        "mean": 12.6152982712,
        "var": 11.9964361191
    },
    "barkbands_flatness_db": {
        "mean": 0.281241327524,
        "var": 0.00390891637653
    },
    "barkbands_kurtosis": {
        "mean": 20.7385921478,
        "var": 276.932403564
    },
    "barkbands_skewness": {
        "mean": 2.99922800064,
        "var": 1.75898504257
    },
    "barkbands_spread": {
        "mean": 4.18009710312,
        "var": 18.359457016
    },
    "dissonance": {
        "mean": 0.426938146353,
        "var": 0.00171370466705
    },
    "dynamic_complexity": 1.28376758099,
    "erbbands_crest": {
        "mean": 10.1861200333,
        "var": 12.961971283
    },
    "erbbands_flatness_db": {
        "mean": 0.211246743798,
        "var": 0.00277740089223
    },
    "erbbands_kurtosis": {
        "mean": 4.93037748337,
        "var": 21.5418949127
    },
    "erbbands_skewness": {
        "mean": 1.76869130135,
        "var": 0.789559721947
    },
    "erbbands_spread": {
        "mean": 26.6421661377,
        "var": 397.099853516
    },
    "hfc": {
        "mean": 13.8201322556,
        "var": 46.4758224487
    },
    "melbands_crest": {
        "mean": 16.8927288055,
        "var": 22.0047473907
    },
    "melbands_flatness_db": {
        "mean": 0.383210629225,
        "var": 0.00506847165525
    },
    "melbands_kurtosis": {
        "mean": 37.0539550781,
        "var": 1532.77893066
    },
    "melbands_skewness": {
        "mean": 3.7295794487,
        "var": 3.5728354454
    },
    "melbands_spread": {
        "mean": 3.66527724266,
        "var": 36.5724372864
    },
    "pitch_salience": {
        "mean": 0.543772161007,
        "var": 0.0151447039098
    },
    "silence_rate_20dB": {
        "mean": 1,
        "var": 0
    },
    "silence_rate_30dB": {
        "mean": 0.808028817177,
        "var": 0.15511752665
    },
    "silence_rate_60dB": {
        "mean": 0.00205867225304,
        "var": 0.00205448735505
    },
    "spectral_centroid": {
        "mean": 361.299743652,
        "var": 159491.296875
    },
    "spectral_complexity": {
        "mean": 10.1312398911,
        "var": 27.4747524261
    },
    "spectral_decrease": {
        "mean": -1.87422060094e-008,
        "var": 9.3840530295e-017
    },
    "spectral_energy": {
        "mean": 0.0719908475876,
        "var": 0.00136831647251
    },
    "spectral_energyband_high": {
        "mean": 0.000182178846444,
        "var": 3.31402873144e-007
    },
    "spectral_energyband_low": {
        "mean": 0.0476920381188,
        "var": 0.00125687534455
    },
    "spectral_energyband_middle_high": {
        "mean": 0.000971283530816,
        "var": 2.65338644567e-006
    },
    "spectral_energyband_middle_low": {
        "mean": 0.0306606274098,
        "var": 0.000296086218441
    },
    "spectral_entropy": {
        "mean": 6.43270492554,
        "var": 0.385846614838
    },
    "spectral_flux": {
        "mean": 0.124849259853,
        "var": 0.0034005055204
    },
    "spectral_kurtosis": {
        "mean": 14.7467985153,
        "var": 162.73223877
    },
    "spectral_rms": {
        "mean": 0.00806623790413,
        "var": 5.17082753504e-006
    },
    "spectral_rolloff": {
        "mean": 309.224304199,
        "var": 730341
    },
    "spectral_skewness": {
        "mean": 2.78033804893,
        "var": 1.1828649044
    },
    "spectral_spread": {
        "mean": 3165138.5,
        "var": 3.47602550784e+012
    },
    "spectral_strongpeak": {
        "mean": 0.821161210537,
        "var": 0.173139840364
    },
    "zerocrossingrate": {
        "mean": 0.0151849687099,
        "var": 0.00056757760467
    },
    "barkbands": {
        "mean": [0.000260516477283, 0.0202548801899, 0.0197017658502, 0.0104177510366, 0.0140279689804, 0.00345162278973, 0.00169233744964, 0.000594363431446, 0.000387271720683, 0.000180664195796, 0.000156144189532, 0.00016962713562, 0.000121557284729, 0.000112424291729, 8.31617726362e-005, 6.5607848228e-005, 3.61729435099e-005, 2.74925660051e-005, 4.46730846306e-005, 3.77680771635e-005, 5.57656130695e-005, 6.33975141682e-005, 2.26179090532e-005, 1.33241428557e-005, 8.42826193548e-006, 3.48985167875e-006, 1.54425961796e-007],
        "var": [1.77431530801e-007, 0.000612699019257, 0.000427250895882, 0.000128637053422, 0.000111604727863, 9.95630125544e-006, 3.72763884116e-006, 7.86470650382e-007, 2.79943805026e-007, 1.09812383187e-007, 1.00224056609e-007, 1.68486579355e-007, 7.94277141836e-008, 1.08279827771e-007, 2.35400658966e-008, 1.42325919938e-008, 4.92469265367e-009, 3.49132056598e-009, 8.93217411146e-009, 4.63414151497e-009, 6.02234138114e-008, 6.26951788263e-008, 4.9659392154e-009, 1.1397540689e-009, 5.5776100405e-010, 7.86884724047e-011, 4.05328223242e-013]
    },
    "erbbands": {
        "mean": [0.298263698816, 5.64170265198, 20.8722782135, 35.2640800476, 38.2743644714, 41.6779136658, 47.3844604492, 20.5563259125, 26.3397598267, 15.284412384, 14.5250663757, 8.95385074615, 6.92931175232, 5.37269258499, 6.28962373734, 6.88064718246, 5.80362701416, 5.61061906815, 4.94115257263, 4.00850820541, 3.48980665207, 2.10490465164, 1.64291393757, 1.6662671566, 2.55850148201, 1.69768476486, 1.53470242023, 2.84162569046, 2.57469248772, 1.09397947788, 0.59022128582, 0.349037259817, 0.18654589355, 0.105382196605, 0.0538209788501, 0.0194896124303, 0.00571774411947, 0.000823025708087, 5.41382578376e-005, 7.96089807409e-005],
        "var": [0.142828881741, 44.9100990295, 538.216796875, 983.995788574, 1115.29260254, 1178.74804688, 2313.93603516, 286.095397949, 727.789367676, 553.576293945, 328.578399658, 147.123458862, 142.123352051, 107.710205078, 202.903503418, 264.521850586, 172.70791626, 199.744674683, 147.167648315, 48.7558670044, 36.7494850159, 13.4050073624, 12.345079422, 11.3539304733, 24.1906375885, 9.76933670044, 14.7244234085, 222.341720581, 113.187408447, 12.1768779755, 3.58403277397, 0.86267888546, 0.249834954739, 0.0913143903017, 0.0232277791947, 0.00252082548104, 0.000221918628085, 5.56657232664e-006, 6.92263046886e-009, 1.64116531476e-009]
    },
    "gfcc": {
        "mean": [-51.3857307434, 166.754425049, -74.8246536255, 45.7489395142, -47.0288925171, -1.43498635292, -33.1856880188, -7.0786819458, -16.0244827271, -8.20677566528, -11.1733608246, -13.183180809, -3.82868051529],
        "cov": [[5404.11767578, -1317.79675293, -102.906166077, 334.304260254, -435.580871582, 649.168334961, -157.839202881, 198.056518555, -340.981689453, 408.419250488, -251.773788452, 221.612792969, -264.707733154], [-1317.79675293, 1480.51733398, -209.070510864, -279.022369385, 345.689819336, -360.666320801, 145.135879517, -157.470199585, 217.434661865, -284.426330566, 258.144592285, -197.751754761, 197.381698608], [-102.906166077, -209.070510864, 404.325012207, 92.4993743896, -47.7338142395, -36.1395111084, -39.1161155701, 53.5051689148, 2.74722242355, 57.3294334412, -62.5939178467, 41.4304580688, -36.1069145203], [334.304260254, -279.022369385, 92.4993743896, 271.65246582, -121.681266785, 21.8750457764, -11.7947645187, -10.0511293411, 21.1041278839, 30.1496181488, -37.4610519409, 24.18491745, -10.7658977509], [-435.580871582, 345.689819336, -47.7338142395, -121.681266785, 278.613677979, -48.900062561, 59.7827301025, 16.1263999939, 38.6805000305, -51.3019447327, 65.116607666, -40.1027832031, 29.8962001801], [649.168334961, -360.666320801, -36.1395111084, 21.8750457764, -48.900062561, 298.658630371, 23.3646831512, 28.0286045074, -54.2709083557, 82.6275634766, -29.423915863, 45.2458114624, -44.9136161804], [-157.839202881, 145.135879517, -39.1161155701, -11.7947645187, 59.7827301025, 23.3646831512, 122.339141846, -16.9490737915, 44.5197105408, -23.5969543457, 38.4848823547, -7.74485874176, 22.3131523132], [198.056518555, -157.470199585, 53.5051689148, -10.0511293411, 16.1263999939, 28.0286045074, -16.9490737915, 142.571914673, -23.3736495972, 60.9383583069, -22.7676410675, 16.4430046082, -28.9185009003], [-340.981689453, 217.434661865, 2.74722242355, 21.1041278839, 38.6805000305, -54.2709083557, 44.5197105408, -23.3736495972, 122.439445496, -33.4789199829, 45.7952766418, -27.9291095734, 38.638961792], [408.419250488, -284.426330566, 57.3294334412, 30.1496181488, -51.3019447327, 82.6275634766, -23.5969543457, 60.9383583069, -33.4789199829, 132.375473022, -30.1479263306, 49.3743782043, -47.215801239], [-251.773788452, 258.144592285, -62.5939178467, -37.4610519409, 65.116607666, -29.423915863, 38.4848823547, -22.7676410675, 45.7952766418, -30.1479263306, 113.521072388, -31.8276443481, 40.8702507019], [221.612792969, -197.751754761, 41.4304580688, 24.18491745, -40.1027832031, 45.2458114624, -7.74485874176, 16.4430046082, -27.9291095734, 49.3743782043, -31.8276443481, 88.2407989502, -20.5013046265], [-264.707733154, 197.381698608, -36.1069145203, -10.7658977509, 29.8962001801, -44.9136161804, 22.3131523132, -28.9185009003, 38.638961792, -47.215801239, 40.8702507019, -20.5013046265, 74.6264572144]],
        "icov": [[0.000767116958741, -0.00214150454849, 0.000713922374416, -0.00227781641297, 0.00088325078832, -0.0021335859783, 0.00108212640043, -0.00130471738521, 0.00216493778862, -0.00194993254263, 0.00192457367666, -0.00165115739219, 0.00207264418714], [-0.00214150454849, 0.012280266732, -0.00204222626053, 0.0104513159022, -0.00431148521602, 0.00970190297812, -0.00517237186432, 0.00617307983339, -0.00958270952106, 0.00856113713235, -0.0103355990723, 0.00866559986025, -0.00963276438415], [0.000713922374416, -0.00204222626053, 0.00400663819164, -0.00303548225202, 0.000613594485912, -0.00110144831706, 0.00140999117866, -0.00200112373568, 0.00118544371799, -0.00265782047063, 0.00307730073109, -0.00248720357195, 0.00266480701976], [-0.00227781641297, 0.0104513159022, -0.00303548225202, 0.0146972732618, -0.00168145005591, 0.00843253545463, -0.00491693615913, 0.00595352007076, -0.0106234289706, 0.00747533421963, -0.00810331106186, 0.00738696008921, -0.00884785503149], [0.00088325078832, -0.00431148521602, 0.000613594485912, -0.00168145005591, 0.00744411163032, -0.00316017842852, -0.00019076980243, -0.00397715251893, 0.00295928237028, -0.0017304555513, 0.00200480083004, -0.00246416870505, 0.00382060441189], [-0.0021335859783, 0.00970190297812, -0.00110144831706, 0.00843253545463, -0.00316017842852, 0.0132178459316, -0.00665369769558, 0.00520971277729, -0.00643300497904, 0.00460752472281, -0.00795462261885, 0.00644162995741, -0.00694389548153], [0.00108212640043, -0.00517237186432, 0.00140999117866, -0.00491693615913, -0.00019076980243, -0.00665369769558, 0.0142402946949, -0.00222095707431, 0.000451987929409, -0.00218368088827, 0.00277972198091, -0.00537751195952, 0.00383001612499], [-0.00130471738521, 0.00617307983339, -0.00200112373568, 0.00595352007076, -0.00397715251893, 0.00520971277729, -0.00222095707431, 0.0130867203698, -0.00452224910259, -0.000160467388923, -0.00409409962595, 0.00541202863678, -0.00463171536103], [0.00216493778862, -0.00958270952106, 0.00118544371799, -0.0106234289706, 0.00295928237028, -0.00643300497904, 0.000451987929409, -0.00452224910259, 0.0214000400156, -0.00792600121349, 0.00556763866916, -0.00472825532779, 0.00467799929902], [-0.00194993254263, 0.00856113713235, -0.00265782047063, 0.00747533421963, -0.0017304555513, 0.00460752472281, -0.00218368088827, -0.000160467388923, -0.00792600121349, 0.0222627930343, -0.00983007531613, 0.00102918525226, -0.0018550605746], [0.00192457367666, -0.0103355990723, 0.00307730073109, -0.00810331106186, 0.00200480083004, -0.00795462261885, 0.00277972198091, -0.00409409962595, 0.00556763866916, -0.00983007531613, 0.0232225153595, -0.00480998540297, 0.00333353690803], [-0.00165115739219, 0.00866559986025, -0.00248720357195, 0.00738696008921, -0.00246416870505, 0.00644162995741, -0.00537751195952, 0.00541202863678, -0.00472825532779, 0.00102918525226, -0.00480998540297, 0.0223646033555, -0.00846780557185], [0.00207264418714, -0.00963276438415, 0.00266480701976, -0.00884785503149, 0.00382060441189, -0.00694389548153, 0.00383001612499, -0.00463171536103, 0.00467799929902, -0.0018550605746, 0.00333353690803, -0.00846780557185, 0.0298453848809]]
    },
    "melbands": {
        "mean": [0.0042935856618, 0.0101576512679, 0.00594608252868, 0.00301508698612, 0.00168078218121, 0.000514463463333, 0.000384414859582, 0.000148588384036, 0.000114647300506, 5.2344170399e-005, 3.31558949256e-005, 2.05565520446e-005, 2.07338889595e-005, 1.90562659554e-005, 1.65504352481e-005, 1.11032122732e-005, 1.04893624666e-005, 8.25987171993e-006, 6.30262093182e-006, 4.60967430627e-006, 3.90810646422e-006, 2.25983376367e-006, 1.60119122938e-006, 1.24943426272e-006, 1.30023636302e-006, 1.86549459613e-006, 1.76049718448e-006, 9.58647319749e-007, 8.42074030061e-007, 1.11294616545e-006, 1.91471735889e-006, 1.62675053161e-006, 8.87069063538e-007, 5.02090699683e-007, 3.45126863976e-007, 2.67566207413e-007, 1.94639127926e-007, 1.35377831612e-007, 1.06586441007e-007, 8.1697876908e-008],
        "var": [2.80322401522e-005, 9.93346475298e-005, 2.07471657632e-005, 6.67679569233e-006, 2.49968024946e-006, 1.73371958567e-007, 1.58460068178e-007, 5.62225785927e-008, 1.95326315122e-008, 6.05228001049e-009, 3.46478135071e-009, 1.72964542688e-009, 1.95397054092e-009, 2.28686691806e-009, 1.69289282592e-009, 5.6545484961e-010, 8.30689128595e-010, 5.45116785045e-010, 1.30677427213e-010, 8.04979971569e-011, 5.02271418901e-011, 1.70211345019e-011, 1.33528179833e-011, 6.75200347022e-012, 7.8091344155e-012, 1.97862785184e-011, 7.48482959639e-012, 4.19077012676e-012, 4.89518625288e-012, 1.23967424867e-011, 1.28118196607e-010, 5.00039523676e-011, 9.67635954002e-012, 2.47169255549e-012, 1.36562939776e-012, 5.92097117863e-013, 2.74436370981e-013, 1.32479720553e-013, 1.11867668449e-013, 5.37293090065e-014]
    },
    "mfcc": {
        "mean": [-703.719238281, 187.119262695, 33.7118301392, 48.3348121643, 12.7236480713, 10.7549333572, -2.84032940865, -1.15421128273, -2.63706588745, 3.12437272072, -6.37204408646, -4.80928850174, -0.398809492588],
        "cov": [[3615.3737793, -1453.03271484, 112.01713562, -222.471359253, -210.205856323, 388.39151001, 148.105895996, 24.3129825592, 24.4321918488, 3.66690087318, 144.932495117, 145.978759766, -77.4185333252], [-1453.03271484, 1475.24597168, -325.42755127, -2.38780975342, 174.682891846, -206.347869873, 48.5541191101, 3.12305593491, -40.4801597595, 52.2942886353, -68.9134140015, -42.9603996277, 65.842956543], [112.01713562, -325.42755127, 404.553771973, 120.932487488, -56.9066467285, 25.9928245544, -91.4292984009, -12.0531568527, 31.2425727844, -27.7954673767, 22.4594745636, 6.10765314102, -4.79288816452], [-222.471359253, -2.38780975342, 120.932487488, 257.721496582, 10.1991710663, -65.0162658691, -71.8336181641, -9.17991256714, 12.3425970078, 2.52248573303, -18.4006195068, -2.87352609634, 15.2464113235], [-210.205856323, 174.682891846, -56.9066467285, 10.1991710663, 142.163803101, -43.3403282166, 23.9987220764, 7.47768449783, 3.8790140152, 29.5828418732, -5.66806030273, -3.15943026543, 13.9820280075], [388.39151001, -206.347869873, 25.9928245544, -65.0162658691, -43.3403282166, 208.33366394, 26.5988006592, 27.718788147, 0.393683820963, -9.18270206451, 31.8522396088, 6.91688966751, -6.0794801712], [148.105895996, 48.5541191101, -91.4292984009, -71.8336181641, 23.9987220764, 26.5988006592, 127.250442505, 23.2015323639, -1.67919909954, 20.6523704529, 13.6111888885, 14.193898201, -1.04716289043], [24.3129825592, 3.12305593491, -12.0531568527, -9.17991256714, 7.47768449783, 27.718788147, 23.2015323639, 75.6617660522, 15.6127977371, 9.79827690125, 4.9180431366, -2.82669687271, 8.72784519196], [24.4321918488, -40.4801597595, 31.2425727844, 12.3425970078, 3.8790140152, 0.393683820963, -1.67919909954, 15.6127977371, 73.4872741699, 8.01360321045, 8.84544277191, 2.56662845612, 0.949493050575], [3.66690087318, 52.2942886353, -27.7954673767, 2.52248573303, 29.5828418732, -9.18270206451, 20.6523704529, 9.79827690125, 8.01360321045, 86.3724365234, 16.7687129974, 13.4403991699, 4.43735122681], [144.932495117, -68.9134140015, 22.4594745636, -18.4006195068, -5.66806030273, 31.8522396088, 13.6111888885, 4.9180431366, 8.84544277191, 16.7687129974, 71.8643951416, 23.2485370636, 0.329184025526], [145.978759766, -42.9603996277, 6.10765314102, -2.87352609634, -3.15943026543, 6.91688966751, 14.193898201, -2.82669687271, 2.56662845612, 13.4403991699, 23.2485370636, 69.1286468506, 7.53711128235], [-77.4185333252, 65.842956543, -4.79288816452, 15.2464113235, 13.9820280075, -6.0794801712, -1.04716289043, 8.72784519196, 0.949493050575, 4.43735122681, 0.329184025526, 7.53711128235, 58.3958625793]],
        "icov": [[0.000629149901215, 0.000555285427254, 0.000168340498931, 0.000164967699675, 0.000263916241238, -0.000436063244706, -0.000579749816097, 0.000120110264106, 9.58842156251e-006, -0.000189725542441, -0.000148619554238, -0.000741994532291, 0.000152674794663], [0.000555285427254, 0.00159802811686, 0.000804671202786, 0.000129809443024, -0.000451796688139, 0.000391839712393, -0.000549501331989, 3.1863397453e-005, 0.000373740360374, -0.000421920442022, 0.000171179795871, -8.62358137965e-005, -0.000862993998453], [0.000168340498931, 0.000804671202786, 0.00420925254002, -0.00152327422984, 0.000477387016872, -0.000420066033257, 0.00165845802985, 0.000225715528359, -0.00108312105294, 0.000669594155625, -0.00134157703724, -0.000185446784599, -0.000104728664155], [0.000164967699675, 0.000129809443024, -0.00152327422984, 0.00575265986845, -0.000508751254529, 0.00127570866607, 0.00188755919226, -0.000424438359914, -0.000162867887411, -0.000918208796065, 0.00122778338846, -0.000562059809454, -0.00106467399746], [0.000263916241238, -0.000451796688139, 0.000477387016872, -0.000508751254529, 0.0093532986939, 0.000915214593988, -0.00168555090204, -0.000238700158661, -0.000692301429808, -0.00216755340807, -9.7426425782e-005, 0.00035725030466, -0.000977063551545], [-0.000436063244706, 0.000391839712393, -0.000420066033257, 0.00127570866607, 0.000915214593988, 0.00726389186457, -0.000499342626426, -0.00240392331034, 0.000856686674524, 0.000588492548559, -0.00177000521217, 0.0010980538791, -0.000690434651915], [-0.000579749816097, -0.000549501331989, 0.00165845802985, 0.00188755919226, -0.00168555090204, -0.000499342626426, 0.0123241189867, -0.00270850188099, 5.34531718586e-005, -0.000942005077377, -0.000758776674047, -0.00149791990407, 0.000740003655665], [0.000120110264106, 3.1863397453e-005, 0.000225715528359, -0.000424438359914, -0.000238700158661, -0.00240392331034, -0.00270850188099, 0.0160891525447, -0.00342965335585, -0.00115487340372, 0.000213572056964, 0.00172197120264, -0.0024736544583], [9.58842156251e-006, 0.000373740360374, -0.00108312105294, -0.000162867887411, -0.000692301429808, 0.000856686674524, 5.34531718586e-005, -0.00342965335585, 0.0153206586838, -0.00106613070238, -0.00123423989862, 7.02892066329e-005, 0.000143227953231], [-0.000189725542441, -0.000421920442022, 0.000669594155625, -0.000918208796065, -0.00216755340807, 0.000588492548559, -0.000942005077377, -0.00115487340372, -0.00106613070238, 0.0142167406157, -0.00330109358765, -0.00163087970577, 0.000421004893724], [-0.000148619554238, 0.000171179795871, -0.00134157703724, 0.00122778338846, -9.7426425782e-005, -0.00177000521217, -0.000758776674047, 0.000213572056964, -0.00123423989862, -0.00330109358765, 0.0184133518487, -0.00454818177968, -0.000273041718174], [-0.000741994532291, -8.62358137965e-005, -0.000185446784599, -0.000562059809454, 0.00035725030466, 0.0010980538791, -0.00149791990407, 0.00172197120264, 7.02892066329e-005, -0.00163087970577, -0.00454818177968, 0.0184542555362, -0.0032438468188], [0.000152674794663, -0.000862993998453, -0.000104728664155, -0.00106467399746, -0.000977063551545, -0.000690434651915, 0.000740003655665, -0.0024736544583, 0.000143227953231, 0.000421004893724, -0.000273041718174, -0.0032438468188, 0.0195002835244]]
    },
    "spectral_contrast_coeffs": {
        "mean": [-0.571728944778, -0.698662996292, -0.805556952953, -0.817291080952, -0.806510329247, -0.755788445473],
        "var": [0.00504038762301, 0.00483900075778, 0.0020591460634, 0.00120802200399, 0.00111561745871, 0.00198080949485]
    },
    "spectral_contrast_valleys": {
        "mean": [-6.24641799927, -6.5510134697, -7.78786468506, -8.29104614258, -8.61009597778, -11.5467967987],
        "var": [0.940836250782, 0.858779489994, 1.11822366714, 1.06239676476, 1.08187651634, 1.51581394672]
    }
},
"metadata": {
    "audio_properties": {
        "analysis_sample_rate": 44100,
        "bit_rate": 108047,
        "equal_loudness": 0,
        "length": 45.0873451233,
        "lossless": 0,
        "replay_gain": -4.59809303284,
        "sample_rate": 44100,
        "codec": "mp3",
        "downmix": "mix",
        "md5_encoded": "732e22c59c09c18fa958f5defac4d5ad"
    },
    "tags": {
        "file_name": "622.mp3"
    },
    "version": {
        "essentia": "2.1-beta2",
        "essentia_git_sha": "v2.1_beta2",
        "extractor": "music 1.0"
    }
},
"rhythm": {
    "beats_count": 71,
    "beats_loudness": {
        "mean": 0.0932621359825,
        "var": 0.000399721000576
    },
    "bpm": 94.9627532959,
    "bpm_histogram_first_peak_bpm": {
        "mean": 96,
        "var": 0
    },
    "bpm_histogram_first_peak_spread": {
        "mean": 0.385714292526,
        "var": 0
    },
    "bpm_histogram_first_peak_weight": {
        "mean": 0.614285707474,
        "var": 0
    },
    "bpm_histogram_second_peak_bpm": {
        "mean": 0,
        "var": 0
    },
    "bpm_histogram_second_peak_spread": {
        "mean": 0,
        "var": 0
    },
    "bpm_histogram_second_peak_weight": {
        "mean": 0,
        "var": 0
    },
    "danceability": 1.41120731831,
    "onset_rate": 3.65815043449,
    "beats_loudness_band_ratio": {
        "mean": [0.768087863922, 0.20001322031, 0.0488686300814, 0.0341605767608, 0.00937325228006, 0.00401561055332],
        "var": [0.0110903065652, 0.0130768474191, 0.00127437419724, 0.00103331101127, 9.41431353567e-005, 7.2465496487e-005]
    },
    "beats_position": [0.650158703327, 1.30031740665, 1.92725622654, 2.56580495834, 3.21596360207, 3.85451245308, 4.48145103455, 5.10838985443, 5.73532867432, 6.3622674942, 6.98920631409, 7.61614513397, 8.25469398499, 8.893242836, 9.52018165588, 10.1587295532, 10.7972784042, 11.4242172241, 12.051156044, 12.6780948639, 13.3050336838, 13.9435825348, 14.5821313858, 15.2090702057, 15.8360090256, 16.4629478455, 17.0898857117, 17.7400455475, 18.3669834137, 18.9939231873, 19.6208610535, 20.2710208893, 20.8979587555, 21.5248966217, 22.1518363953, 22.7903842926, 23.4289340973, 24.0558719635, 24.6828117371, 25.3097496033, 25.948299408, 26.5868473053, 27.2137870789, 27.8407249451, 28.4676647186, 29.0946025848, 29.7331504822, 30.3717002869, 30.9986381531, 31.6255779266, 32.2525177002, 32.8910636902, 33.5296134949, 34.1565513611, 34.783493042, 35.4104309082, 36.0489807129, 36.6875267029, 37.3144645691, 37.94140625, 38.5683441162, 39.2068939209, 39.8454399109, 40.4607696533, 41.099319458, 41.7494773865, 42.3764152527, 43.0033569336, 43.6302947998, 44.257232666, 44.8841705322]
},
"tonal": {
    "chords_changes_rate": 0.0977366268635,
    "chords_number_rate": 0.0102880662307,
    "chords_strength": {
        "mean": 0.456515729427,
        "var": 0.0188928544521
    },
    "hpcp_entropy": {
        "mean": 2.06486845016,
        "var": 0.532707929611
    },
    "key_strength": 0.700073599815,
    "tuning_diatonic_strength": 0.430010646582,
    "tuning_equal_tempered_deviation": 0.0337332524359,
    "tuning_frequency": 439.491973877,
    "tuning_nontempered_energy_ratio": 0.689416229725,
    "hpcp": {
        "mean": [0.0540870018303, 0.0409772247076, 0.0620759166777, 0.100312113762, 0.0802026316524, 0.0367173105478, 0.0274580232799, 0.0470760054886, 0.129010364413, 0.173229470849, 0.127351656556, 0.171871647239, 0.267920732498, 0.196006342769, 0.119193099439, 0.135287120938, 0.119726881385, 0.157242193818, 0.185333058238, 0.112353630364, 0.0537944920361, 0.0402560718358, 0.039634950459, 0.0548079572618, 0.0563030466437, 0.0377634875476, 0.0234680231661, 0.019397770986, 0.0323610790074, 0.0900603979826, 0.146971300244, 0.146640866995, 0.183810934424, 0.237934693694, 0.181444182992, 0.0922132283449],
        "var": [0.0192665159702, 0.0142321111634, 0.0202676765621, 0.0435857586563, 0.0305688139051, 0.0136181237176, 0.0102965477854, 0.0187729354948, 0.0669764578342, 0.104082889855, 0.0499000884593, 0.0617735385895, 0.14927329123, 0.0848940908909, 0.0540953315794, 0.0791135057807, 0.0509989745915, 0.0747157335281, 0.0977100282907, 0.0475714728236, 0.0257019009441, 0.0217667277902, 0.0180325731635, 0.0282706525177, 0.025795487687, 0.017022896558, 0.0119223902002, 0.00876853521913, 0.0118989907205, 0.0320345014334, 0.0626770034432, 0.056945219636, 0.0739580094814, 0.114063873887, 0.0811945423484, 0.0367135852575]
    },
    "chords_histogram": [5.14403295517, 0.514403283596, 21.0905342102, 31.7901229858, 1.13168728352, 4.01234579086, 17.0781898499, 2.26337456703, 0, 0, 0, 0, 9.56790161133, 0.102880656719, 0, 0.617283940315, 0.308641970158, 4.11522626877, 0, 0, 0, 0, 0.102880656719, 2.16049385071],
    "thpcp": [1, 0.731583356857, 0.444881945848, 0.504952013493, 0.446874260902, 0.586898207664, 0.691745877266, 0.419353991747, 0.20078510046, 0.150253668427, 0.14793536067, 0.204567804933, 0.210148155689, 0.140950217843, 0.0875931605697, 0.0724011585116, 0.12078601867, 0.336145699024, 0.548562645912, 0.547329306602, 0.686064600945, 0.888078689575, 0.677230834961, 0.344181001186, 0.201876878738, 0.152945324779, 0.231695085764, 0.374409675598, 0.29935207963, 0.137045428157, 0.102485626936, 0.175708711147, 0.481524378061, 0.646569848061, 0.475333333015, 0.641501843929],
    "chords_key": "C",
    "chords_scale": "minor",
    "key_key": "C#",
    "key_scale": "major"
}
}