{
"lowlevel": {
    "average_loudness": 0.70236825943,
    "barkbands_crest": {
        "mean": 15.0236492157,
        "var": 31.194196701
    },
    "barkbands_flatness_db": {
        "mean": 0.335832595825,
        "var": 0.00937387347221
    },
    "barkbands_kurtosis": {
        "mean": 35.3077125549,
        "var": 4155.66162109
    },
    "barkbands_skewness": {
        "mean": 3.2191016674,
        "var": 7.1966252327
    },
    "barkbands_spread": {
        "mean": 5.14689302444,
        "var": 88.6418380737
    },
    "dissonance": {
        "mean": 0.386094927788,
        "var": 0.00450252834707
    },
    "dynamic_complexity": 5.87808084488,
    "erbbands_crest": {
        "mean": 13.3900146484,
        "var": 21.4890575409
    },
    "erbbands_flatness_db": {
        "mean": 0.240191727877,
        "var": 0.00248256349005
    },
    "erbbands_kurtosis": {
        "mean": 6.64544391632,
        "var": 56.4234352112
    },
    "erbbands_skewness": {
        "mean": 1.73453056812,
        "var": 1.65101218224
    },
    "erbbands_spread": {
        "mean": 21.6932220459,
        "var": 270.380950928
    },
    "hfc": {
        "mean": 9.76773548126,
        "var": 596.775268555
    },
    "melbands_crest": {
        "mean": 19.8955421448,
        "var": 36.6570281982
    },
    "melbands_flatness_db": {
        "mean": 0.44039657712,
        "var": 0.0143391592428
    },
    "melbands_kurtosis": {
        "mean": 37.0294914246,
        "var": 1906.65283203
    },
    "melbands_skewness": {
        "mean": 3.35771465302,
        "var": 4.05478143692
    },
    "melbands_spread": {
        "mean": 5.76006889343,
        "var": 266.47052002
    },
    "pitch_salience": {
        "mean": 0.450738191605,
        "var": 0.0289745796472
    },
    "silence_rate_20dB": {
        "mean": 0.991765320301,
        "var": 0.00816678162664
    },
    "silence_rate_30dB": {
        "mean": 0.920226454735,
        "var": 0.0734089165926
    },
    "silence_rate_60dB": {
        "mean": 0.142048373818,
        "var": 0.121866941452
    },
    "spectral_centroid": {
        "mean": 450.950134277,
        "var": 389170.1875
    },
    "spectral_complexity": {
        "mean": 5.55532693863,
        "var": 12.259344101
    },
    "spectral_decrease": {
        "mean": -9.9662482711e-009,
        "var": 1.92177468816e-016
    },
    "spectral_energy": {
        "mean": 0.0385008454323,
        "var": 0.00286779482849
    },
    "spectral_energyband_high": {
        "mean": 0.000193308587768,
        "var": 2.75867046184e-006
    },
    "spectral_energyband_low": {
        "mean": 0.0246849693358,
        "var": 0.00185347138904
    },
    "spectral_energyband_middle_high": {
        "mean": 0.0015795751242,
        "var": 5.67097558815e-005
    },
    "spectral_energyband_middle_low": {
        "mean": 0.0121768470854,
        "var": 0.000737816502806
    },
    "spectral_entropy": {
        "mean": 5.99629974365,
        "var": 0.454316735268
    },
    "spectral_flux": {
        "mean": 0.061317704618,
        "var": 0.0028713485226
    },
    "spectral_kurtosis": {
        "mean": 18.5205879211,
        "var": 271.007629395
    },
    "spectral_rms": {
        "mean": 0.00514241540805,
        "var": 1.11173176265e-005
    },
    "spectral_rolloff": {
        "mean": 411.65637207,
        "var": 1007704.1875
    },
    "spectral_skewness": {
        "mean": 3.13789248466,
        "var": 1.89545726776
    },
    "spectral_spread": {
        "mean": 2852519.75,
        "var": 2.04217660211e+012
    },
    "spectral_strongpeak": {
        "mean": 0.783525049686,
        "var": 1.85807204247
    },
    "zerocrossingrate": {
        "mean": 0.0167930554599,
        "var": 0.000773142324761
    },
    "barkbands": {
        "mean": [0.00165549525991, 0.0180026479065, 0.00497875409201, 0.00100488367025, 0.00420974660665, 0.0020435298793, 0.00188278150745, 0.00174546893686, 0.00106785213575, 0.000340893253451, 0.000179170223419, 0.000169392544194, 0.000176545756403, 0.000574781151954, 0.000133766487124, 3.40492006217e-005, 2.01886723517e-005, 6.10288261669e-005, 1.77558067662e-005, 2.34115905187e-005, 6.81770616211e-005, 4.47365528089e-005, 2.73996483884e-005, 3.19233549817e-005, 5.83481642025e-006, 6.9001924885e-007, 1.14567049181e-008],
        "var": [7.0639880505e-006, 0.00141496583819, 0.000140832897159, 6.77026946505e-006, 0.000122463447042, 2.30414843827e-005, 4.78851106891e-005, 0.000179835900781, 3.33390598826e-005, 4.30292129749e-006, 9.94382048702e-007, 1.41517159591e-006, 9.26380835153e-007, 1.56388814503e-005, 5.60719513487e-007, 1.77568502124e-008, 5.22804199932e-009, 8.3973617393e-008, 5.75778624778e-009, 3.69478776463e-008, 3.98729326889e-007, 9.02192525132e-008, 7.71405836986e-008, 2.16596362179e-007, 2.06620254239e-009, 1.08174059987e-011, 5.35541112528e-015]
    },
    "erbbands": {
        "mean": [0.515187859535, 4.08350849152, 6.64055776596, 3.98272204399, 8.12925434113, 15.103723526, 17.6550388336, 15.1188850403, 20.5983352661, 45.8242263794, 29.3543109894, 22.1312561035, 16.8139572144, 7.88091087341, 5.45322418213, 8.03389453888, 8.81381607056, 28.6905288696, 12.5423955917, 4.24138069153, 1.54434859753, 1.42978930473, 3.68194293976, 1.22021436691, 0.838117778301, 1.19040155411, 2.04382586479, 2.79448199272, 1.59634792805, 1.34095335007, 0.648608148098, 1.0216780901, 0.2535982728, 0.103507712483, 0.0204780902714, 0.00490977242589, 0.00109628168866, 0.000114224945719, 2.09938352782e-005, 4.28326166002e-005],
        "var": [1.21206140518, 73.3343582153, 237.415161133, 48.5923423767, 503.077178955, 2168.84863281, 1972.56298828, 1667.66052246, 3882.96191406, 61231.4726563, 29748.4609375, 13570.9003906, 11811.6123047, 1611.84069824, 1166.8404541, 3187.49169922, 2055.31054688, 41472.1015625, 4256.37744141, 341.303436279, 23.6024131775, 32.4094772339, 296.306884766, 23.8544025421, 14.5321455002, 101.545410156, 458.366638184, 675.181640625, 113.176361084, 125.179916382, 43.5597076416, 265.570098877, 6.97908639908, 0.714626252651, 0.0210837833583, 0.000783420517109, 2.79174619209e-005, 3.19483945077e-007, 1.02069941388e-009, 3.52810491933e-009]
    },
    "gfcc": {
        "mean": [-160.590087891, 162.061416626, -66.5998687744, 46.5908927917, -45.0917663574, 1.20620393753, -24.3958873749, -5.07016992569, -7.24577999115, -5.36405563354, -5.45806503296, -5.66149806976, -1.58523404598],
        "cov": [[9201.43359375, -1109.30712891, -1865.71789551, -513.195800781, -1333.93408203, 185.643112183, -524.934143066, 97.0337295532, 97.2562255859, 182.283843994, -136.668655396, -133.662734985, -267.669189453], [-1109.30712891, 1661.70861816, 464.775665283, -354.944549561, 523.083068848, -147.028839111, 269.972045898, -77.206451416, 137.43927002, -250.735794067, 201.345306396, -9.38004302979, 39.0540885925], [-1865.71789551, 464.775665283, 1386.17785645, 505.954528809, 456.351318359, 48.1023254395, 294.023529053, 66.4243240356, 75.5268096924, -89.3390808105, 111.760719299, 46.5037918091, 142.359786987], [-513.195800781, -354.944549561, 505.954528809, 773.200805664, 192.608810425, 74.5569152832, 86.1656265259, 39.3521118164, 22.6126747131, 26.0683135986, 10.4845724106, -18.4840393066, 123.154907227], [-1333.93408203, 523.083068848, 456.351318359, 192.608810425, 767.999023438, 52.4340705872, 231.686187744, 6.9304394722, 108.116661072, 27.8107814789, 96.822265625, -26.5395736694, 75.431312561], [185.643112183, -147.028839111, 48.1023254395, 74.5569152832, 52.4340705872, 249.418762207, 111.064918518, -9.53633117676, 1.4756269455, 81.4840698242, 4.72793340683, -19.5288333893, -4.01911020279], [-524.934143066, 269.972045898, 294.023529053, 86.1656265259, 231.686187744, 111.064918518, 355.844024658, -2.98517918587, 39.84582901, 4.76299619675, 66.7116775513, 8.16689777374, 47.1502456665], [97.0337295532, -77.206451416, 66.4243240356, 39.3521118164, 6.9304394722, -9.53633117676, -2.98517918587, 149.388793945, 42.8324813843, 10.8440513611, 5.71417760849, -2.37222027779, 29.6011600494], [97.2562255859, 137.43927002, 75.5268096924, 22.6126747131, 108.116661072, 1.4756269455, 39.84582901, 42.8324813843, 181.399887085, 34.5639877319, 23.8184776306, -25.521320343, 59.9729652405], [182.283843994, -250.735794067, -89.3390808105, 26.0683135986, 27.8107814789, 81.4840698242, 4.76299619675, 10.8440513611, 34.5639877319, 218.984680176, -6.24575042725, -23.7331066132, 6.31801319122], [-136.668655396, 201.345306396, 111.760719299, 10.4845724106, 96.822265625, 4.72793340683, 66.7116775513, 5.71417760849, 23.8184776306, -6.24575042725, 137.198684692, 5.69495105743, 3.69777107239], [-133.662734985, -9.38004302979, 46.5037918091, -18.4840393066, -26.5395736694, -19.5288333893, 8.16689777374, -2.37222027779, -25.521320343, -23.7331066132, 5.69495105743, 103.952514648, 4.94163370132], [-267.669189453, 39.0540885925, 142.359786987, 123.154907227, 75.431312561, -4.01911020279, 47.1502456665, 29.6011600494, 59.9729652405, 6.31801319122, 3.69777107239, 4.94163370132, 147.530105591]],
        "icov": [[0.000224934556172, -0.000127800507471, 0.000277538143564, -0.000184949516552, 0.000384491082514, -0.000357942975825, 0.000116418217658, -0.0002681229671, -0.000384522893, -5.04709787492e-005, -4.91260398121e-005, 1.89045586012e-005, 0.000297842692817], [-0.000127800507471, 0.00294256815687, -0.000963699421845, 0.00231126858853, -0.00158358702902, 0.00145864859223, -0.0010314497631, 0.00196755793877, -0.0010961717926, 0.00268622511066, -0.00207350682467, 0.00143909244798, -0.000891675706953], [0.000277538143564, -0.000963699421845, 0.00196052296087, -0.00156424252782, 0.000428057945101, -0.000781156530138, -0.000168892511283, -0.00123168854043, -0.000219887166168, -0.000132626271807, 0.00013737459085, -0.00104651215952, 0.000360280741006], [-0.000184949516552, 0.00231126858853, -0.00156424252782, 0.0038629793562, -0.00147889344953, 0.00077293306822, -0.000459778966615, 0.00149158353452, -7.44626813685e-005, 0.00176298397128, -0.0013414088171, 0.00175312696956, -0.00210816506296], [0.000384491082514, -0.00158358702902, 0.000428057945101, -0.00147889344953, 0.00333131011575, -0.000958428136073, -0.000163317497936, -0.000932098657358, -0.000709895393811, -0.00170844583772, 0.000297914404655, -5.98627448198e-005, 0.000804405077361], [-0.000357942975825, 0.00145864859223, -0.000781156530138, 0.00077293306822, -0.000958428136073, 0.00691161490977, -0.00270887697116, 0.00150882196613, 0.000432261906099, -0.000841672008391, -0.00040214395267, 0.00138868833892, 0.000138222414535], [0.000116418217658, -0.0010314497631, -0.000168892511283, -0.000459778966615, -0.000163317497936, -0.00270887697116, 0.00513261649758, -0.000369704852346, 0.000111476983875, -0.000474980857689, -0.000457435817225, -0.000943743158132, -0.000507330871187], [-0.0002681229671, 0.00196755793877, -0.00123168854043, 0.00149158353452, -0.000932098657358, 0.00150882196613, -0.000369704852346, 0.00900355074555, -0.00196570227854, 0.00132428843062, -0.00145037507173, 0.000898847007193, -0.00148599618115], [-0.000384522893, -0.0010961717926, -0.000219887166168, -7.44626813685e-005, -0.000709895393811, 0.000432261906099, 0.000111476983875, -0.00196570227854, 0.00906223990023, -0.00219733291306, 0.000283348636003, 0.00119016226381, -0.00303640123457], [-5.04709787492e-005, 0.00268622511066, -0.000132626271807, 0.00176298397128, -0.00170844583772, -0.000841672008391, -0.000474980857689, 0.00132428843062, -0.00219733291306, 0.00838078092784, -0.00188598281238, 0.00154261826538, -0.000879772764165], [-4.91260398121e-005, -0.00207350682467, 0.00013737459085, -0.0013414088171, 0.000297914404655, -0.00040214395267, -0.000457435817225, -0.00145037507173, 0.000283348636003, -0.00188598281238, 0.0102487280965, -0.00153978925664, 0.00148119288497], [1.89045586012e-005, 0.00143909244798, -0.00104651215952, 0.00175312696956, -5.98627448198e-005, 0.00138868833892, -0.000943743158132, 0.000898847007193, 0.00119016226381, 0.00154261826538, -0.00153978925664, 0.0116947814822, -0.00151359604206], [0.000297842692817, -0.000891675706953, 0.000360280741006, -0.00210816506296, 0.000804405077361, 0.000138222414535, -0.000507330871187, -0.00148599618115, -0.00303640123457, -0.000879772764165, 0.00148119288497, -0.00151359604206, 0.01030526869]]
    },
    "melbands": {
        "mean": [0.00510399602354, 0.0041928878054, 0.00082885811571, 0.000837571744341, 0.000664859369863, 0.000358224788215, 0.000335924007231, 0.000494213367347, 0.0002325308742, 0.000134786896524, 7.86340388004e-005, 2.88460141746e-005, 2.11670285353e-005, 1.67829639395e-005, 2.06661316042e-005, 2.13108596654e-005, 6.00265229878e-005, 2.23154165724e-005, 1.03378515632e-005, 2.94715732707e-006, 1.40182203268e-006, 1.05267088202e-006, 3.36384073307e-006, 2.47101957029e-006, 8.32897455894e-007, 6.30042450211e-007, 5.94014068156e-007, 8.25061931664e-007, 9.66532297753e-007, 1.93876758203e-006, 1.44530577018e-006, 8.58135990711e-007, 9.02494207367e-007, 6.97113136994e-007, 3.37251918836e-007, 4.65843470465e-007, 6.64526339733e-007, 1.48469951e-007, 1.40625346035e-007, 6.39475814523e-008],
        "var": [0.000115201430162, 6.424485764e-005, 2.19931052925e-006, 4.97926112075e-006, 3.19007290273e-006, 8.36527306092e-007, 1.07890980416e-006, 8.99934002518e-006, 1.98525003725e-006, 5.0016546993e-007, 2.80393578578e-007, 2.42880471291e-008, 1.73476770726e-008, 1.50975782987e-008, 1.81666806043e-008, 1.60804560778e-008, 1.90944604128e-007, 1.7409570674e-008, 3.2317577503e-009, 1.58516630377e-010, 1.8520237427e-011, 1.39948096514e-011, 3.31872612724e-010, 1.42614656196e-010, 1.12683820608e-011, 9.18456716931e-012, 1.09260569342e-011, 6.93045967837e-011, 1.19352056016e-010, 3.42703254663e-010, 2.07426339993e-010, 3.30304637808e-011, 3.84984891189e-011, 4.67473872112e-011, 1.03389510495e-011, 3.95221078087e-011, 1.21597593106e-010, 2.16003799049e-012, 1.44990324e-012, 2.54825376295e-013]
    },
    "mfcc": {
        "mean": [-815.986022949, 178.624130249, 45.6921081543, 47.5400276184, 14.2375392914, 13.748131752, -1.88919091225, 5.20732307434, 1.24137938023, 0.775292575359, 2.31837797165, 0.713320732117, -4.26497888565],
        "cov": [[8785.95800781, -981.892883301, -1556.20812988, -864.860168457, -1085.50073242, -190.326568604, -759.15814209, -230.823028564, -264.849731445, 58.1021347046, 374.89944458, -94.4194259644, -255.28565979], [-981.892883301, 1827.52514648, 97.3933410645, -135.244262695, 153.774215698, -62.6326904297, 99.3049316406, 210.910171509, -38.0194320679, -103.079063416, 57.0866966248, 72.1047668457, 129.613754272], [-1556.20812988, 97.3933410645, 999.174865723, 418.239532471, 194.483032227, 66.5830459595, 164.885101318, 166.261428833, 84.3689498901, 11.5906333923, -87.0917663574, 13.3046627045, 68.4624099731], [-864.860168457, -135.244262695, 418.239532471, 611.421142578, 288.116699219, 85.4452285767, 143.187973022, 70.7613067627, 112.265884399, 72.9822311401, -95.4425354004, 14.4650974274, 55.9577713013], [-1085.50073242, 153.774215698, 194.483032227, 288.116699219, 506.206451416, 64.7820968628, 120.980865479, 25.2532997131, 99.2607574463, 79.9032592773, -46.0660896301, 41.8056030273, 60.1897506714], [-190.326568604, -62.6326904297, 66.5830459595, 85.4452285767, 64.7820968628, 340.974700928, 160.699493408, -11.4967021942, 68.107711792, 92.7885971069, 21.5759773254, 26.0748443604, 21.0421295166], [-759.15814209, 99.3049316406, 164.885101318, 143.187973022, 120.980865479, 160.699493408, 312.77645874, 64.8700027466, 36.5579376221, 52.2648925781, -9.99475002289, 41.9250030518, 52.9202957153], [-230.823028564, 210.910171509, 166.261428833, 70.7613067627, 25.2532997131, -11.4967021942, 64.8700027466, 202.490341187, 4.58775234222, -25.7821559906, -22.693315506, 1.33972406387, 41.075176239], [-264.849731445, -38.0194320679, 84.3689498901, 112.265884399, 99.2607574463, 68.107711792, 36.5579376221, 4.58775234222, 197.472076416, 79.1794281006, -12.9794359207, -7.44178581238, 1.01911616325], [58.1021347046, -103.079063416, 11.5906333923, 72.9822311401, 79.9032592773, 92.7885971069, 52.2648925781, -25.7821559906, 79.1794281006, 202.241638184, 37.2340126038, -6.50972270966, 3.36033701897], [374.89944458, 57.0866966248, -87.0917663574, -95.4425354004, -46.0660896301, 21.5759773254, -9.99475002289, -22.693315506, -12.9794359207, 37.2340126038, 146.849121094, 30.8225193024, -6.39342784882], [-94.4194259644, 72.1047668457, 13.3046627045, 14.4650974274, 41.8056030273, 26.0748443604, 41.9250030518, 1.33972406387, -7.44178581238, -6.50972270966, 30.8225193024, 118.786949158, 35.3706016541], [-255.28565979, 129.613754272, 68.4624099731, 55.9577713013, 60.1897506714, 21.0421295166, 52.9202957153, 41.075176239, 1.01911616325, 3.36033701897, -6.39342784882, 35.3706016541, 101.657684326]],
        "icov": [[0.000276501697954, 9.0855450253e-005, 0.000325695727952, -0.000129260908579, 0.000392139685573, -0.00012105138012, 0.000515395775437, -0.000324395979987, 0.00015805158182, -0.000270469201496, -0.00040423637256, -7.36755682738e-005, 9.35437419685e-005], [9.0855450253e-005, 0.000834562815726, 6.00740058871e-005, 0.000435044115875, -0.000327598478179, 0.000106246305222, 6.47802608e-006, -0.000811170320958, -1.78565678652e-005, 0.000340416270774, -0.000591912714299, -2.81949141936e-005, -0.000657971599139], [0.000325695727952, 6.00740058871e-005, 0.00197541201487, -0.0010869744001, 0.000521037494764, -0.000187979370821, 0.000377542397473, -0.00118224637117, -2.54019391832e-006, -9.44235216593e-005, -0.00031865935307, -5.8367560996e-005, 2.42478890868e-005], [-0.000129260908579, 0.000435044115875, -0.0010869744001, 0.00358451646753, -0.00150786293671, 5.03253395436e-005, -0.000609671231359, -0.000318821985275, -0.000608429836575, -0.000276197970379, 0.00129203451797, -0.000139045485412, -0.00064692995511], [0.000392139685573, -0.000327598478179, 0.000521037494764, -0.00150786293671, 0.00389728578739, 6.12781950622e-005, 0.000333101692377, 0.000241837828071, -0.000463017815491, -0.00126563792583, 0.000186918492545, -0.000917448604014, -0.000332319003064], [-0.00012105138012, 0.000106246305222, -0.000187979370821, 5.03253395436e-005, 6.12781950622e-005, 0.00457631936297, -0.00248213601299, 0.000868905917741, -0.000942353566643, -0.000864735746291, -0.00032375464798, -0.000244610535447, -0.000280262815068], [0.000515395775437, 6.47802608e-006, 0.000377542397473, -0.000609671231359, 0.000333101692377, -0.00248213601299, 0.00636836141348, -0.0018264062237, 0.000815271108877, -0.00111154606566, -0.000295788602671, -0.00115106487647, -0.000482861039927], [-0.000324395979987, -0.000811170320958, -0.00118224637117, -0.000318821985275, 0.000241837828071, 0.000868905917741, -0.0018264062237, 0.00762015208602, -0.000441901938757, 0.00091783865355, 0.000683807127643, 0.00100832281169, -0.00159364973661], [0.00015805158182, -1.78565678652e-005, -2.54019391832e-006, -0.000608429836575, -0.000463017815491, -0.000942353566643, 0.000815271108877, -0.000441901938757, 0.00698776030913, -0.00229987315834, 0.00037869377411, 0.000235154046095, 0.000927608460188], [-0.000270469201496, 0.000340416270774, -9.44235216593e-005, -0.000276197970379, -0.00126563792583, -0.000864735746291, -0.00111154606566, 0.00091783865355, -0.00229987315834, 0.00804313737899, -0.00254403916188, 0.00183571293019, -0.000803004659247], [-0.00040423637256, -0.000591912714299, -0.00031865935307, 0.00129203451797, 0.000186918492545, -0.00032375464798, -0.000295788602671, 0.000683807127643, 0.00037869377411, -0.00254403916188, 0.0102624539286, -0.00301375007257, 0.000851308286656], [-7.36755682738e-005, -2.81949141936e-005, -5.8367560996e-005, -0.000139045485412, -0.000917448604014, -0.000244610535447, -0.00115106487647, 0.00100832281169, 0.000235154046095, 0.00183571293019, -0.00301375007257, 0.0110670048743, -0.00335079943761], [9.35437419685e-005, -0.000657971599139, 2.42478890868e-005, -0.00064692995511, -0.000332319003064, -0.000280262815068, -0.000482861039927, -0.00159364973661, 0.000927608460188, -0.000803004659247, 0.000851308286656, -0.00335079943761, 0.013637246564]]
    },
    "spectral_contrast_coeffs": {
        "mean": [-0.628237485886, -0.636781156063, -0.749926745892, -0.768386185169, -0.783948540688, -0.747667253017],
        "var": [0.0104533182457, 0.00929754693061, 0.00667046895251, 0.00554475514218, 0.00299122696742, 0.00333684752695]
    },
    "spectral_contrast_valleys": {
        "mean": [-7.4144525528, -8.28372573853, -9.48693752289, -10.0552272797, -10.1410684586, -12.9232749939],
        "var": [1.28012561798, 1.08669602871, 1.04673039913, 1.24348628521, 1.14491665363, 1.52657651901]
    }
},
"metadata": {
    "audio_properties": {
        "analysis_sample_rate": 44100,
        "bit_rate": 99643,
        "equal_loudness": 0,
        "length": 45.0873451233,
        "lossless": 0,
        "replay_gain": 1.00721931458,
        "sample_rate": 44100,
        "codec": "mp3",
        "downmix": "mix",
        "md5_encoded": "0962961b24fe5928daeade0a443aa55c"
    },
    "tags": {
        "file_name": "625.mp3"
    },
    "version": {
        "essentia": "2.1-beta2",
        "essentia_git_sha": "v2.1_beta2",
        "extractor": "music 1.0"
    }
},
"rhythm": {
    "beats_count": 97,
    "beats_loudness": {
        "mean": 0.0711770430207,
        "var": 0.00400528218597
    },
    "bpm": 129.161987305,
    "bpm_histogram_first_peak_bpm": {
        "mean": 129,
        "var": 0
    },
    "bpm_histogram_first_peak_spread": {
        "mean": 0.459770143032,
        "var": 0
    },
    "bpm_histogram_first_peak_weight": {
        "mean": 0.489583343267,
        "var": 0
    },
    "bpm_histogram_second_peak_bpm": {
        "mean": 136,
        "var": 0
    },
    "bpm_histogram_second_peak_spread": {
        "mean": 0.250000029802,
        "var": 0
    },
    "bpm_histogram_second_peak_weight": {
        "mean": 0.03125,
        "var": 0
    },
    "danceability": 1.08079636097,
    "onset_rate": 3.1925675869,
    "beats_loudness_band_ratio": {
        "mean": [0.780617952347, 0.136034175754, 0.0835563540459, 0.0138806179166, 0.00756462477148, 0.00725310714915],
        "var": [0.0826939567924, 0.0329467579722, 0.0301627125591, 0.00217959028669, 0.000682308513205, 0.00199556280859]
    },
    "beats_position": [0.487619042397, 0.905578196049, 1.3235373497, 1.72988653183, 2.14784574509, 2.57741498947, 3.04181408882, 3.49460315704, 3.93578219414, 4.37696123123, 4.82975053787, 5.2941493988, 5.74693870544, 6.19972801208, 6.66412687302, 7.11691617966, 7.56970500946, 8.0224943161, 8.48689365387, 8.96290206909, 9.43891143799, 9.91492080688, 10.379319191, 10.8437185287, 11.3081178665, 11.7725172043, 12.2369155884, 12.7013149261, 13.177324295, 13.6533327103, 14.117732048, 14.5821313858, 15.0465307236, 15.5225391388, 15.9985485077, 16.4861679077, 16.9505672455, 17.426574707, 17.9025840759, 18.3785934448, 18.8546028137, 19.3190021515, 19.7834014893, 20.247800827, 20.7121982574, 21.1765975952, 21.640996933, 22.0937862396, 22.5581855774, 23.0341949463, 23.5102043152, 23.9862117767, 24.4506111145, 24.9150104523, 25.37940979, 25.8438091278, 26.3082084656, 26.7842178345, 27.2486171722, 27.7130146027, 28.1890239716, 28.6650333405, 29.1294326782, 29.5822219849, 30.0466213226, 30.5110206604, 30.9870281219, 31.4514274597, 31.9274368286, 32.391834259, 32.8562355042, 33.3206329346, 33.7850341797, 34.2494316101, 34.7022209167, 35.1550102234, 35.6194114685, 36.0838088989, 36.5365982056, 36.9893875122, 37.4305648804, 37.883354187, 38.3361434937, 38.8005447388, 39.2649421692, 39.7293434143, 40.1821289063, 40.6349182129, 41.099319458, 41.5521087646, 42.0281181335, 42.492515564, 42.9569168091, 43.4097061157, 43.8741035461, 44.3385009766, 44.8145103455]
},
"tonal": {
    "chords_changes_rate": 0.0627572014928,
    "chords_number_rate": 0.0102880662307,
    "chords_strength": {
        "mean": 0.536093950272,
        "var": 0.00703912507743
    },
    "hpcp_entropy": {
        "mean": 1.70482158661,
        "var": 0.492260098457
    },
    "key_strength": 0.564706146717,
    "tuning_diatonic_strength": 0.523230493069,
    "tuning_equal_tempered_deviation": 0.18427836895,
    "tuning_frequency": 435.952270508,
    "tuning_nontempered_energy_ratio": 0.897035956383,
    "hpcp": {
        "mean": [0.0743287503719, 0.0712793767452, 0.0945551097393, 0.168556466699, 0.180864810944, 0.0993288084865, 0.0621693208814, 0.0757224261761, 0.176640480757, 0.326428025961, 0.241279497743, 0.0672592967749, 0.0276244431734, 0.0198263693601, 0.0226608067751, 0.0273851677775, 0.0314528532326, 0.0395789965987, 0.0658403784037, 0.0626891329885, 0.0284936726093, 0.016621530056, 0.0205771140754, 0.0484180487692, 0.0715703368187, 0.0563215091825, 0.0346534661949, 0.0292883906513, 0.0426086857915, 0.0940451398492, 0.151709020138, 0.131622701883, 0.0930316820741, 0.114630058408, 0.117079108953, 0.0881376862526],
        "var": [0.0440593995154, 0.0393688753247, 0.0490897148848, 0.0973927080631, 0.111765407026, 0.0475861132145, 0.0306173544377, 0.0392076671124, 0.0711373090744, 0.184687674046, 0.113242648542, 0.0326727218926, 0.0136764217168, 0.0101946424693, 0.0104197589681, 0.0126268658787, 0.0137104867026, 0.0204163324088, 0.0260896440595, 0.0251556523144, 0.0131195932627, 0.00730003975332, 0.00922927167267, 0.0213055480272, 0.0353168621659, 0.0237799715251, 0.0146148083732, 0.0136827975512, 0.0203652642667, 0.0439921729267, 0.0852665454149, 0.0656747668982, 0.0417628474534, 0.0682958364487, 0.0704970881343, 0.0467144697905]
    },
    "chords_histogram": [21.1934146881, 11.2139921188, 17.9012336731, 27.5720157623, 1.95473253727, 0, 4.83539104462, 10.6995887756, 0, 0, 0, 1.44032919407, 0, 0, 0, 0, 0, 0, 1.95473253727, 0, 1.23456788063, 0, 0, 0],
    "thpcp": [1, 0.739150702953, 0.206046327949, 0.0846264436841, 0.0607373379171, 0.0694205313921, 0.0838934332132, 0.0963546335697, 0.12124876678, 0.201699525118, 0.192045807838, 0.0872892960906, 0.050919432193, 0.0630372166634, 0.148326873779, 0.2192530334, 0.17253883183, 0.106159590185, 0.0897238850594, 0.130530104041, 0.288103759289, 0.464754879475, 0.403221189976, 0.284999072552, 0.351164877415, 0.358667463064, 0.270006477833, 0.227703332901, 0.21836169064, 0.289666026831, 0.516366422176, 0.55407255888, 0.304290086031, 0.190453380346, 0.231972813606, 0.541131496429],
    "chords_key": "D#",
    "chords_scale": "major",
    "key_key": "F",
    "key_scale": "minor"
}
}