{
"lowlevel": {
    "average_loudness": 0.974743306637,
    "barkbands_crest": {
        "mean": 13.6314792633,
        "var": 28.4353713989
    },
    "barkbands_flatness_db": {
        "mean": 0.274203717709,
        "var": 0.00794784817845
    },
    "barkbands_kurtosis": {
        "mean": 13.6232271194,
        "var": 829.125732422
    },
    "barkbands_skewness": {
        "mean": 2.34388279915,
        "var": 4.12262773514
    },
    "barkbands_spread": {
        "mean": 8.39324855804,
        "var": 29.4853286743
    },
    "dissonance": {
        "mean": 0.401921659708,
        "var": 0.00303892907687
    },
    "dynamic_complexity": 2.42649674416,
    "erbbands_crest": {
        "mean": 12.4229688644,
        "var": 24.1653289795
    },
    "erbbands_flatness_db": {
        "mean": 0.227747514844,
        "var": 0.00374531629495
    },
    "erbbands_kurtosis": {
        "mean": 1.0730304718,
        "var": 6.93128299713
    },
    "erbbands_skewness": {
        "mean": 0.569268882275,
        "var": 0.55041873455
    },
    "erbbands_spread": {
        "mean": 23.2739372253,
        "var": 119.620010376
    },
    "hfc": {
        "mean": 13.7489748001,
        "var": 133.148635864
    },
    "melbands_crest": {
        "mean": 17.5106296539,
        "var": 26.3889846802
    },
    "melbands_flatness_db": {
        "mean": 0.370262354612,
        "var": 0.0103064114228
    },
    "melbands_kurtosis": {
        "mean": 19.6333179474,
        "var": 800.013916016
    },
    "melbands_skewness": {
        "mean": 2.84621548653,
        "var": 3.46018195152
    },
    "melbands_spread": {
        "mean": 9.2492647171,
        "var": 71.9757385254
    },
    "pitch_salience": {
        "mean": 0.391811192036,
        "var": 0.0158462580293
    },
    "silence_rate_20dB": {
        "mean": 1,
        "var": 0
    },
    "silence_rate_30dB": {
        "mean": 0.935151815414,
        "var": 0.06064209342
    },
    "silence_rate_60dB": {
        "mean": 0.00823468901217,
        "var": 0.00816678069532
    },
    "spectral_centroid": {
        "mean": 536.417602539,
        "var": 209148.109375
    },
    "spectral_complexity": {
        "mean": 10.3947505951,
        "var": 25.1014976501
    },
    "spectral_decrease": {
        "mean": -1.18016032502e-008,
        "var": 7.65408154071e-017
    },
    "spectral_energy": {
        "mean": 0.045788962394,
        "var": 0.00113411201164
    },
    "spectral_energyband_high": {
        "mean": 7.56298395572e-005,
        "var": 4.32245812476e-008
    },
    "spectral_energyband_low": {
        "mean": 0.0269322413951,
        "var": 0.000779788533691
    },
    "spectral_energyband_middle_high": {
        "mean": 0.00340898009017,
        "var": 2.17246542888e-005
    },
    "spectral_energyband_middle_low": {
        "mean": 0.016151195392,
        "var": 0.000231322628679
    },
    "spectral_entropy": {
        "mean": 6.44993066788,
        "var": 0.384821116924
    },
    "spectral_flux": {
        "mean": 0.0946038663387,
        "var": 0.00255388277583
    },
    "spectral_kurtosis": {
        "mean": 20.224691391,
        "var": 258.516815186
    },
    "spectral_rms": {
        "mean": 0.00621693395078,
        "var": 6.02182490184e-006
    },
    "spectral_rolloff": {
        "mean": 541.088989258,
        "var": 797835.375
    },
    "spectral_skewness": {
        "mean": 3.22051119804,
        "var": 1.21735858917
    },
    "spectral_spread": {
        "mean": 2790364.25,
        "var": 3.6885168128e+012
    },
    "spectral_strongpeak": {
        "mean": 0.910878181458,
        "var": 0.849814116955
    },
    "zerocrossingrate": {
        "mean": 0.0222061164677,
        "var": 0.000619554659352
    },
    "barkbands": {
        "mean": [1.87232108146e-005, 0.0210368707776, 0.00532203260809, 0.00096744595794, 0.00344271003269, 0.0044080237858, 0.00315156928264, 0.00236069364473, 0.00132172426675, 0.00102493085433, 0.000583687680773, 0.000306383532006, 0.000583000655752, 0.00064508226933, 0.000260023254668, 0.000143905926961, 8.38261476019e-005, 2.77333838312e-005, 1.91758317669e-005, 1.11456192826e-005, 1.19663282021e-005, 1.47663558892e-005, 1.24865246107e-005, 5.4167367125e-006, 1.04177715912e-005, 1.35074351419e-005, 1.81053621873e-006],
        "var": [1.18040832664e-009, 0.000690726214088, 3.26288500219e-005, 2.66304164143e-006, 2.49887143582e-005, 4.61256386188e-005, 5.06670003233e-005, 3.33702519129e-005, 8.23652953841e-006, 6.02184582021e-006, 3.32950321535e-006, 6.53639574466e-007, 2.20772926696e-006, 2.11473638956e-006, 2.91461248025e-007, 1.5971306766e-007, 3.66290215936e-008, 2.05668837516e-009, 1.18517584635e-009, 5.09948749894e-010, 5.77894065934e-010, 1.3754617445e-009, 2.17046225437e-009, 1.51184023633e-010, 1.85918491713e-009, 7.56606510777e-009, 2.4842375379e-010]
    },
    "erbbands": {
        "mean": [0.327284216881, 5.5844745636, 8.80780220032, 3.78122591972, 4.90404367447, 11.6885919571, 30.4885730743, 34.595954895, 42.7303581238, 50.1091651917, 52.3027114868, 26.8685417175, 39.2518539429, 25.63630867, 20.5960617065, 16.1617584229, 22.9102668762, 41.4236183167, 14.5290603638, 13.5504779816, 7.96128082275, 4.06151437759, 1.9408813715, 0.924056231976, 0.989362835884, 0.505827486515, 0.536020219326, 0.472465485334, 0.570367634296, 0.325917005539, 0.364500284195, 0.151234447956, 0.095198392868, 0.0831529945135, 0.0931518748403, 0.0511853732169, 0.0276895016432, 0.00590480910614, 0.000214625673834, 5.48751886527e-005],
        "var": [0.220081031322, 46.2654953003, 68.7842330933, 19.0833129883, 44.1616706848, 322.894195557, 3430.79663086, 3996.00415039, 7872.73193359, 13554.96875, 15570.9492188, 2488.81811523, 6296.7109375, 4726.27441406, 4951.65136719, 1782.39807129, 3606.31225586, 7723.9921875, 527.492614746, 1146.56591797, 530.522277832, 80.3794174194, 8.37310123444, 1.93663179874, 4.05424499512, 0.737675666809, 1.08927643299, 0.987933754921, 2.01143574715, 0.688201189041, 2.23516082764, 0.207793086767, 0.0455235466361, 0.0700202286243, 0.201548799872, 0.0972891896963, 0.0382894650102, 0.0012813678477, 2.29766715165e-006, 2.21680940271e-009]
    },
    "gfcc": {
        "mean": [-72.1621704102, 165.672958374, -94.0169219971, 14.6365098953, -31.8263931274, 14.1678743362, -29.0893707275, 0.354022502899, -5.60452127457, 5.39801311493, -8.57642650604, -4.21466445923, -4.63261508942],
        "cov": [[8722.46289063, -1772.11328125, -813.012145996, -435.518615723, -925.284118652, 292.313873291, -629.344360352, 55.8545951843, -447.1534729, 492.762878418, -425.151855469, 522.302856445, -315.476013184], [-1772.11328125, 1674.6307373, -125.755523682, 21.1557788849, 406.216430664, -234.280792236, 360.012908936, -69.8988494873, 289.538452148, -303.57510376, 354.812561035, -298.330505371, 194.96673584], [-813.012145996, -125.755523682, 624.253112793, 142.08644104, 151.477905273, 43.7470283508, 20.749835968, 37.8117370605, -5.29299736023, 19.0492553711, -67.7863616943, -3.82124447823, -26.5402851105], [-435.518615723, 21.1557788849, 142.08644104, 295.542327881, 103.698371887, 23.7305297852, 38.1061935425, -0.135781049728, 29.5411891937, -39.635635376, 21.819726944, -34.4261360168, 45.5301895142], [-925.284118652, 406.216430664, 151.477905273, 103.698371887, 333.163391113, -20.0648860931, 133.453674316, -14.7489519119, 96.117980957, -64.7258911133, 97.9786300659, -89.0867767334, 40.4575004578], [292.313873291, -234.280792236, 43.7470283508, 23.7305297852, -20.0648860931, 160.125686646, -8.54779243469, 9.55917263031, -43.4020309448, 42.8861885071, -45.2657928467, 28.8118534088, -34.2328109741], [-629.344360352, 360.012908936, 20.749835968, 38.1061935425, 133.453674316, -8.54779243469, 222.117706299, 18.618768692, 85.4779281616, -79.1152496338, 101.387878418, -65.7624282837, 49.6515884399], [55.8545951843, -69.8988494873, 37.8117370605, -0.135781049728, -14.7489519119, 9.55917263031, 18.618768692, 88.9744110107, 6.03151798248, 9.52893447876, -21.664680481, 16.7764625549, 0.0118549522012], [-447.1534729, 289.538452148, -5.29299736023, 29.5411891937, 96.117980957, -43.4020309448, 85.4779281616, 6.03151798248, 159.973205566, -9.86817741394, 74.3550338745, -66.2570037842, 28.7040863037], [492.762878418, -303.57510376, 19.0492553711, -39.635635376, -64.7258911133, 42.8861885071, -79.1152496338, 9.52893447876, -9.86817741394, 155.33656311, -42.4217720032, 41.1388282776, -71.114692688], [-425.151855469, 354.812561035, -67.7863616943, 21.819726944, 97.9786300659, -45.2657928467, 101.387878418, -21.664680481, 74.3550338745, -42.4217720032, 180.800201416, -45.6752510071, 39.085105896], [522.302856445, -298.330505371, -3.82124447823, -34.4261360168, -89.0867767334, 28.8118534088, -65.7624282837, 16.7764625549, -66.2570037842, 41.1388282776, -45.6752510071, 177.327606201, 17.2369403839], [-315.476013184, 194.96673584, -26.5402851105, 45.5301895142, 40.4575004578, -34.2328109741, 49.6515884399, 0.0118549522012, 28.7040863037, -71.114692688, 39.085105896, 17.2369403839, 140.286346436]],
        "icov": [[0.000278706575045, -0.000333735486493, 0.000389889552025, -0.000188779187738, 0.000302994041704, -0.000342466024449, 0.000207786419196, -0.00026657662238, 0.000420023832703, -0.000729981635232, 0.000454020395409, -0.000704408157617, 0.00048520299606], [-0.000333735486493, 0.00440786452964, -0.000427517050412, 0.00213322043419, -0.00189614947885, 0.00204500416294, -0.00101234705653, 0.00158145627938, -0.00300601543859, 0.00481681944802, -0.00357206724584, 0.00409507378936, -0.00269676768221], [0.000389889552025, -0.000427517050412, 0.0030006528832, -0.00123423221521, -0.00113700248767, -0.000241045941948, -0.000100824676338, -0.00114281242713, 0.00104242283851, -0.00153900356963, 0.00208566803485, -0.0013499557972, 0.00133538770024], [-0.000188779187738, 0.00213322043419, -0.00123423221521, 0.00562917860225, -0.0015003324952, -0.000408816267736, 0.000406222301535, 0.000736963469535, -0.00194522854872, 0.00313264410943, -0.00230165966786, 0.00284831039608, -0.00298327556811], [0.000302994041704, -0.00189614947885, -0.00113700248767, -0.0015003324952, 0.00681602349505, -0.0012732653413, -0.000885109941009, 0.000600273022428, -0.000137252238346, -0.00150085461792, -1.2404681911e-005, -0.000956938776653, 0.00101354974322], [-0.000342466024449, 0.00204500416294, -0.000241045941948, -0.000408816267736, -0.0012732653413, 0.00968459621072, -0.00323614873923, 0.0010812523542, 0.00100919231772, -0.000250223005423, 9.80966578936e-005, 0.00132617540658, -0.000173047214048], [0.000207786419196, -0.00101234705653, -0.000100824676338, 0.000406222301535, -0.000885109941009, -0.00323614873923, 0.0103161614388, -0.00365128321573, -0.00197224272415, 0.00264177843928, -0.00275885360315, -5.19325549249e-005, 5.57190251129e-005], [-0.00026657662238, 0.00158145627938, -0.00114281242713, 0.000736963469535, 0.000600273022428, 0.0010812523542, -0.00365128321573, 0.0141662238166, -0.00257854047231, 0.00105016934685, 0.00103261135519, 0.000163428325322, -0.00111872132402], [0.000420023832703, -0.00300601543859, 0.00104242283851, -0.00194522854872, -0.000137252238346, 0.00100919231772, -0.00197224272415, -0.00257854047231, 0.0137394070625, -0.00788534246385, 0.00115221540909, -9.23769330257e-005, -0.000183295094757], [-0.000729981635232, 0.00481681944802, -0.00153900356963, 0.00313264410943, -0.00150085461792, -0.000250223005423, 0.00264177843928, 0.00105016934685, -0.00788534246385, 0.0181700084358, -0.00499237189069, 0.00238149310462, 0.00171549944207], [0.000454020395409, -0.00357206724584, 0.00208566803485, -0.00230165966786, -1.2404681911e-005, 9.80966578936e-005, -0.00275885360315, 0.00103261135519, 0.00115221540909, -0.00499237189069, 0.0132133150473, -0.00411226693541, 0.00218823901378], [-0.000704408157617, 0.00409507378936, -0.0013499557972, 0.00284831039608, -0.000956938776653, 0.00132617540658, -5.19325549249e-005, 0.000163428325322, -9.23769330257e-005, 0.00238149310462, -0.00411226693541, 0.0134419752285, -0.00711693009362], [0.00048520299606, -0.00269676768221, 0.00133538770024, -0.00298327556811, 0.00101354974322, -0.000173047214048, 5.57190251129e-005, -0.00111872132402, -0.000183295094757, 0.00171549944207, 0.00218823901378, -0.00711693009362, 0.0140059441328]]
    },
    "melbands": {
        "mean": [0.00468005193397, 0.00595133751631, 0.000690087035764, 0.000561879191082, 0.000945017498452, 0.000787148834206, 0.000676084309816, 0.000530169869307, 0.000397349969717, 0.000168258848134, 0.000195055792574, 0.00010170618043, 7.62986383052e-005, 3.83719816455e-005, 4.26106089435e-005, 5.87139365962e-005, 8.11115532997e-005, 2.29059260164e-005, 1.77222646016e-005, 1.40116426337e-005, 9.23352126847e-006, 4.67697827844e-006, 2.4498269795e-006, 1.26623672259e-006, 6.46590819997e-007, 7.69883115481e-007, 5.3689922197e-007, 2.85643807274e-007, 3.4686505046e-007, 2.76681078049e-007, 2.83541965018e-007, 3.59291107088e-007, 2.28786888101e-007, 1.6803741687e-007, 2.0554013247e-007, 1.85993883406e-007, 6.30980849792e-008, 6.60277663656e-008, 6.34611652117e-008, 7.03089568788e-008],
        "var": [3.88886073779e-005, 3.28413298121e-005, 5.01181432355e-007, 7.15226121883e-007, 2.9043064842e-006, 1.7754853161e-006, 1.88369062926e-006, 1.47968876263e-006, 9.29451687171e-007, 1.20390737379e-007, 1.59920389819e-007, 9.1145373915e-008, 6.27806713283e-008, 1.23472956304e-008, 2.21502514108e-008, 1.62391540215e-008, 3.35371304061e-008, 1.60694912932e-009, 1.40328748621e-009, 1.33288324822e-009, 1.19833376555e-009, 1.3847693825e-010, 2.26752176063e-011, 3.89053589692e-012, 1.23310649885e-012, 2.16696734341e-012, 1.43022648846e-012, 2.8011794273e-013, 5.85626545088e-013, 3.26716924999e-013, 4.4105742821e-013, 8.05181876035e-013, 5.51774121185e-013, 1.616021634e-013, 5.19369866125e-013, 1.00721883091e-012, 2.74266828866e-014, 2.3773941393e-014, 2.70638224423e-014, 6.07127534553e-014]
    },
    "mfcc": {
        "mean": [-728.508117676, 198.398605347, 8.66946125031, 19.7383499146, 19.6645469666, 17.9873352051, -3.06023573875, 0.270847916603, 4.46944904327, 6.35321187973, 6.76693201065, 2.79601836205, 1.45462298393],
        "cov": [[6693.89892578, -1342.23999023, -601.327941895, -630.268859863, -639.685058594, 36.3702926636, -389.855926514, -233.741622925, -244.99458313, -146.14024353, -90.3838729858, -100.096878052, -41.4038391113], [-1342.23999023, 1150.40759277, -59.8202514648, 144.538635254, 161.871643066, -74.0341415405, 122.58341217, 84.4751968384, 27.3172130585, 63.2441444397, 64.0955352783, 60.1646270752, 21.2453975677], [-601.327941895, -59.8202514648, 381.384185791, 80.9273147583, 91.2778320313, 37.5307044983, 38.3297615051, 31.4250144958, 52.2407302856, 26.5561656952, 4.56209611893, -11.2285518646, 1.92296183109], [-630.268859863, 144.538635254, 80.9273147583, 256.747894287, 124.926582336, 15.1040058136, 56.7359886169, 40.8262863159, 37.9291229248, 26.4611625671, 2.53251194954, 26.4051094055, 23.8330993652], [-639.685058594, 161.871643066, 91.2778320313, 124.926582336, 214.79473877, 39.2947883606, 58.0464897156, 19.4620723724, 29.5594081879, 31.3838844299, 15.3944597244, 20.2661857605, 11.5466785431], [36.3702926636, -74.0341415405, 37.5307044983, 15.1040058136, 39.2947883606, 133.297409058, 25.6388530731, 1.48753798008, 6.99523830414, 17.4464492798, 19.854516983, 10.2885026932, 2.67902326584], [-389.855926514, 122.58341217, 38.3297615051, 56.7359886169, 58.0464897156, 25.6388530731, 158.324005127, 58.7400588989, 4.8501958847, 14.862613678, 9.74124145508, 12.8961858749, 0.308087468147], [-233.741622925, 84.4751968384, 31.4250144958, 40.8262863159, 19.4620723724, 1.48753798008, 58.7400588989, 118.992454529, 39.0737838745, -18.8266353607, -15.5710735321, 7.7297296524, 8.88788127899], [-244.99458313, 27.3172130585, 52.2407302856, 37.9291229248, 29.5594081879, 6.99523830414, 4.8501958847, 39.0737838745, 128.515350342, 2.69819736481, -16.1603069305, 5.58621406555, 8.6487903595], [-146.14024353, 63.2441444397, 26.5561656952, 26.4611625671, 31.3838844299, 17.4464492798, 14.862613678, -18.8266353607, 2.69819736481, 137.784042358, 51.1468582153, -8.5100069046, -10.6093931198], [-90.3838729858, 64.0955352783, 4.56209611893, 2.53251194954, 15.3944597244, 19.854516983, 9.74124145508, -15.5710735321, -16.1603069305, 51.1468582153, 124.785072327, 38.1057052612, -22.069688797], [-100.096878052, 60.1646270752, -11.2285518646, 26.4051094055, 20.2661857605, 10.2885026932, 12.8961858749, 7.7297296524, 5.58621406555, -8.5100069046, 38.1057052612, 126.048660278, 54.5974998474], [-41.4038391113, 21.2453975677, 1.92296183109, 23.8330993652, 11.5466785431, 2.67902326584, 0.308087468147, 8.88788127899, 8.6487903595, -10.6093931198, -22.069688797, 54.5974998474, 135.35194397]],
        "icov": [[0.00032445974648, 0.000245705916313, 0.000359765224857, 0.00025943905348, 0.000404062011512, -0.000289731804514, 0.000322811101796, -2.33380287682e-005, 0.000274718826404, -2.25241947192e-005, 9.36079159146e-005, 1.5445133613e-005, -2.83336721623e-005], [0.000245705916313, 0.00149536435492, 0.000789362879004, 2.30276145885e-005, -0.000656150863506, 0.000949320907239, -0.000325363333104, -0.000690953165758, 0.00010291137005, -0.000435273803305, -0.000540793058462, -0.000150821040734, -0.000159565111971], [0.000359765224857, 0.000789362879004, 0.00375992571935, -0.000162120573805, -0.000794935971498, -0.000372632348444, 1.02620169855e-005, -0.000584978610277, -0.000638498866465, -0.000341585749993, -0.000402271893108, 0.000712034234311, -0.00026392590371], [0.00025943905348, 2.30276145885e-005, -0.000162120573805, 0.0061804340221, -0.00246113585308, 0.0001446937531, -0.000225234951358, -0.000946863554418, -0.000255211285548, -0.000774475105572, 0.000676744442899, -0.000730077386834, -0.000379993056413], [0.000404062011512, -0.000656150863506, -0.000794935971498, -0.00246113585308, 0.00868713762611, -0.00241210265085, -0.000704014266375, 0.00138206453994, -0.000237935222685, -0.000211136910366, 0.000405156344641, -0.000290555530228, 7.067421393e-005], [-0.000289731804514, 0.000949320907239, -0.000372632348444, 0.0001446937531, -0.00241210265085, 0.00965434126556, -0.00187524477951, -2.66808347078e-005, -0.000683897116687, -0.000621753686573, -0.00158085441217, -0.000327932997607, -0.000367637141608], [0.000322811101796, -0.000325363333104, 1.02620169855e-005, -0.000225234951358, -0.000704014266375, -0.00187524477951, 0.00971116311848, -0.00449644541368, 0.00205860938877, -0.000896815094166, 0.000380748329917, -0.000533863843884, 0.000635253032669], [-2.33380287682e-005, -0.000690953165758, -0.000584978610277, -0.000946863554418, 0.00138206453994, -2.66808347078e-005, -0.00449644541368, 0.012908404693, -0.00339874136262, 0.00230950815603, 0.000730883271899, 7.42501433706e-005, -0.00019099090423], [0.000274718826404, 0.00010291137005, -0.000638498866465, -0.000255211285548, -0.000237935222685, -0.000683897116687, 0.00205860938877, -0.00339874136262, 0.00992759224027, -0.00101247092243, 0.00176793721039, -0.000924652384128, 0.000321749219438], [-2.25241947192e-005, -0.000435273803305, -0.000341585749993, -0.000774475105572, -0.000211136910366, -0.000621753686573, -0.000896815094166, 0.00230950815603, -0.00101247092243, 0.0100041478872, -0.00456383218989, 0.00287784193642, -0.000972778594587], [9.36079159146e-005, -0.000540793058462, -0.000402271893108, 0.000676744442899, 0.000405156344641, -0.00158085441217, 0.000380748329917, 0.000730883271899, 0.00176793721039, -0.00456383218989, 0.0132869584486, -0.00603461079299, 0.00407793931663], [1.5445133613e-005, -0.000150821040734, 0.000712034234311, -0.000730077386834, -0.000290555530228, -0.000327932997607, -0.000533863843884, 7.42501433706e-005, -0.000924652384128, 0.00287784193642, -0.00603461079299, 0.0128981042653, -0.00572761893272], [-2.83336721623e-005, -0.000159565111971, -0.00026392590371, -0.000379993056413, 7.067421393e-005, -0.000367637141608, 0.000635253032669, -0.00019099090423, 0.000321749219438, -0.000972778594587, 0.00407793931663, -0.00572761893272, 0.0103660179302]]
    },
    "spectral_contrast_coeffs": {
        "mean": [-0.647937834263, -0.634340286255, -0.71697551012, -0.752746403217, -0.787119150162, -0.767855286598],
        "var": [0.00410682894289, 0.0102354548872, 0.00845170114189, 0.00401226663962, 0.0022390326485, 0.00197318638675]
    },
    "spectral_contrast_valleys": {
        "mean": [-6.8706407547, -7.1944694519, -8.13886737823, -8.33036518097, -9.21566295624, -12.1173429489],
        "var": [1.06356871128, 1.23790550232, 1.37395012379, 1.45913529396, 1.35956764221, 1.5606098175]
    }
},
"metadata": {
    "audio_properties": {
        "analysis_sample_rate": 44100,
        "bit_rate": 110098,
        "equal_loudness": 0,
        "length": 45.0873451233,
        "lossless": 0,
        "replay_gain": -8.63410568237,
        "sample_rate": 44100,
        "codec": "mp3",
        "downmix": "mix",
        "md5_encoded": "f1de7c3903b6daac43a332d59115e0b8"
    },
    "tags": {
        "file_name": "628.mp3"
    },
    "version": {
        "essentia": "2.1-beta2",
        "essentia_git_sha": "v2.1_beta2",
        "extractor": "music 1.0"
    }
},
"rhythm": {
    "beats_count": 89,
    "beats_loudness": {
        "mean": 0.0702554658055,
        "var": 0.000961033452768
    },
    "bpm": 119.91292572,
    "bpm_histogram_first_peak_bpm": {
        "mean": 120,
        "var": 0
    },
    "bpm_histogram_first_peak_spread": {
        "mean": 0.364705890417,
        "var": 0
    },
    "bpm_histogram_first_peak_weight": {
        "mean": 0.613636374474,
        "var": 0
    },
    "bpm_histogram_second_peak_bpm": {
        "mean": 110,
        "var": 0
    },
    "bpm_histogram_second_peak_spread": {
        "mean": 0.5,
        "var": 0
    },
    "bpm_histogram_second_peak_weight": {
        "mean": 0.0113636367023,
        "var": 0
    },
    "danceability": 1.71109318733,
    "onset_rate": 4.50063323975,
    "beats_loudness_band_ratio": {
        "mean": [0.57823240757, 0.204686194658, 0.173437058926, 0.0605823546648, 0.0172480940819, 0.00196765246801],
        "var": [0.0604888387024, 0.0265758708119, 0.0271996613592, 0.00276129040867, 0.000212330138311, 7.06829678165e-006]
    },
    "beats_position": [0.53405892849, 1.07972788811, 1.6137868166, 2.13623571396, 2.6470746994, 3.14630389214, 3.64553284645, 4.14476203918, 4.6439909935, 5.14321994781, 5.65405893326, 6.15328788757, 6.65251684189, 7.1517457962, 7.65097475052, 8.15020370483, 8.64943313599, 9.16027164459, 9.65950107574, 10.1471195221, 10.6463489532, 11.1455783844, 11.6448068619, 12.144036293, 12.6548748016, 13.1541042328, 13.6533327103, 14.1525621414, 14.6401815414, 15.1394100189, 15.6386394501, 16.1378688812, 16.6487064362, 17.1479358673, 17.6471652985, 18.1347846985, 18.6456241608, 19.1564617157, 19.667301178, 20.1781406403, 20.6773700714, 21.1649875641, 21.6642169952, 22.1750564575, 22.6626758575, 23.1619052887, 23.6611328125, 24.1603622437, 24.6595916748, 25.1472110748, 25.6464385986, 26.1456680298, 26.6565074921, 27.1557369232, 27.6549663544, 28.142583847, 28.6302032471, 29.1294326782, 29.6286621094, 30.1394996643, 30.6503391266, 31.1611785889, 31.6720180511, 32.1828575134, 32.6820869446, 33.1813163757, 33.6689338684, 34.1681632996, 34.6673927307, 35.1666221619, 35.6658477783, 36.1650772095, 36.6643066406, 37.1635360718, 37.6627655029, 38.1619949341, 38.6612243652, 39.1604537964, 39.6596832275, 40.1589126587, 40.6581382751, 41.1457595825, 41.6565971375, 42.1674385071, 42.6666641235, 43.1658935547, 43.6535148621, 44.164352417, 44.6751937866]
},
"tonal": {
    "chords_changes_rate": 0.0936213955283,
    "chords_number_rate": 0.0144032919779,
    "chords_strength": {
        "mean": 0.472514361143,
        "var": 0.00708059733734
    },
    "hpcp_entropy": {
        "mean": 1.60466086864,
        "var": 0.478228867054
    },
    "key_strength": 0.751968443394,
    "tuning_diatonic_strength": 0.62601172924,
    "tuning_equal_tempered_deviation": 0.170195609331,
    "tuning_frequency": 434.695007324,
    "tuning_nontempered_energy_ratio": 0.880977928638,
    "hpcp": {
        "mean": [0.102767422795, 0.100404508412, 0.0667102858424, 0.0626034215093, 0.0609728954732, 0.0536682009697, 0.0815337151289, 0.0850094109774, 0.0584679096937, 0.0775366574526, 0.10695336014, 0.11381174624, 0.120124019682, 0.103115074337, 0.112091504037, 0.203759595752, 0.222334817052, 0.151484683156, 0.125027686357, 0.0984160453081, 0.0650591850281, 0.0759797170758, 0.0834348127246, 0.0666704028845, 0.0596312694252, 0.0694572627544, 0.0937312468886, 0.131679862738, 0.133561700583, 0.150760576129, 0.197405785322, 0.149881258607, 0.0744705498219, 0.069097161293, 0.0813796594739, 0.0823225080967],
        "var": [0.0522432811558, 0.0509295016527, 0.0244315378368, 0.0283718388528, 0.0256349295378, 0.0196018647403, 0.041842635721, 0.0442538037896, 0.0204655304551, 0.0343342423439, 0.0544740743935, 0.0505520328879, 0.0574424751103, 0.0432362109423, 0.0447161048651, 0.101366244256, 0.112036317587, 0.071758672595, 0.0754397809505, 0.0577877387404, 0.0309021696448, 0.0355200693011, 0.0456726253033, 0.0324029587209, 0.0337470546365, 0.0377366431057, 0.0481145083904, 0.0662095174193, 0.064082942903, 0.0676235184073, 0.107829175889, 0.070795699954, 0.0293601732701, 0.0343156158924, 0.0462365932763, 0.0436241440475]
    },
    "chords_histogram": [1.74897122383, 0, 0, 0, 4.01234579086, 1.33744859695, 5.04115247726, 22.5308647156, 18.1069965363, 24.8971195221, 3.60082316399, 0.720164597034, 4.21810722351, 0, 0, 1.95473253727, 0, 3.18930029869, 0, 0, 0, 4.01234579086, 2.16049385071, 2.46913576126],
    "thpcp": [1, 0.681335866451, 0.562339663506, 0.44264793396, 0.292618066072, 0.341735571623, 0.375266522169, 0.299864888191, 0.268204808235, 0.31239938736, 0.421577006578, 0.592259287834, 0.600723266602, 0.678079009056, 0.887876152992, 0.674124121666, 0.334947764874, 0.310779750347, 0.366023004055, 0.370263695717, 0.462219208479, 0.451591491699, 0.30004426837, 0.281572729349, 0.274239093065, 0.241384595633, 0.366715908051, 0.382348626852, 0.262972354889, 0.348738253117, 0.481046378613, 0.511893510818, 0.540284335613, 0.463782846928, 0.504156351089, 0.916453838348],
    "chords_key": "D",
    "chords_scale": "major",
    "key_key": "G",
    "key_scale": "minor"
}
}