{
"lowlevel": {
    "average_loudness": 0.968684732914,
    "barkbands_crest": {
        "mean": 12.3749713898,
        "var": 17.2827777863
    },
    "barkbands_flatness_db": {
        "mean": 0.18408818543,
        "var": 0.0031373212114
    },
    "barkbands_kurtosis": {
        "mean": 13.7177696228,
        "var": 174.299163818
    },
    "barkbands_skewness": {
        "mean": 2.94013333321,
        "var": 1.91905140877
    },
    "barkbands_spread": {
        "mean": 13.6844415665,
        "var": 111.63634491
    },
    "dissonance": {
        "mean": 0.45122256875,
        "var": 0.000835518178064
    },
    "dynamic_complexity": 1.87505674362,
    "erbbands_crest": {
        "mean": 8.0642156601,
        "var": 11.3041830063
    },
    "erbbands_flatness_db": {
        "mean": 0.135112017393,
        "var": 0.00152912084013
    },
    "erbbands_kurtosis": {
        "mean": 0.241108819842,
        "var": 2.83836722374
    },
    "erbbands_skewness": {
        "mean": 0.656499087811,
        "var": 0.42540755868
    },
    "erbbands_spread": {
        "mean": 51.8360366821,
        "var": 555.845458984
    },
    "hfc": {
        "mean": 16.1393108368,
        "var": 290.738739014
    },
    "melbands_crest": {
        "mean": 16.1186141968,
        "var": 17.5782470703
    },
    "melbands_flatness_db": {
        "mean": 0.262318283319,
        "var": 0.00491831358522
    },
    "melbands_kurtosis": {
        "mean": 38.9537620544,
        "var": 1442.60888672
    },
    "melbands_skewness": {
        "mean": 4.5147151947,
        "var": 4.63797950745
    },
    "melbands_spread": {
        "mean": 10.3413677216,
        "var": 97.0193557739
    },
    "pitch_salience": {
        "mean": 0.494420975447,
        "var": 0.0102824131027
    },
    "silence_rate_20dB": {
        "mean": 1,
        "var": 0
    },
    "silence_rate_30dB": {
        "mean": 0.969103991985,
        "var": 0.0299408789724
    },
    "silence_rate_60dB": {
        "mean": 0.00617919676006,
        "var": 0.00614097854123
    },
    "spectral_centroid": {
        "mean": 800.539245605,
        "var": 314487.21875
    },
    "spectral_complexity": {
        "mean": 14.5818738937,
        "var": 98.4578933716
    },
    "spectral_decrease": {
        "mean": -1.03645749761e-008,
        "var": 5.85930806098e-017
    },
    "spectral_energy": {
        "mean": 0.040582165122,
        "var": 0.000884046312422
    },
    "spectral_energyband_high": {
        "mean": 0.00078439846402,
        "var": 1.97354620468e-006
    },
    "spectral_energyband_low": {
        "mean": 0.0238324161619,
        "var": 0.000645450141747
    },
    "spectral_energyband_middle_high": {
        "mean": 0.00252092606388,
        "var": 1.04093605842e-005
    },
    "spectral_energyband_middle_low": {
        "mean": 0.0159264318645,
        "var": 0.000208389887121
    },
    "spectral_entropy": {
        "mean": 7.36302614212,
        "var": 0.264800190926
    },
    "spectral_flux": {
        "mean": 0.0870934575796,
        "var": 0.0044567794539
    },
    "spectral_kurtosis": {
        "mean": 4.26922702789,
        "var": 11.3270931244
    },
    "spectral_rms": {
        "mean": 0.00594751769677,
        "var": 4.21941967943e-006
    },
    "spectral_rolloff": {
        "mean": 600.268371582,
        "var": 935953.0625
    },
    "spectral_skewness": {
        "mean": 1.66191446781,
        "var": 0.278931975365
    },
    "spectral_spread": {
        "mean": 5394204.5,
        "var": 3.80418234778e+012
    },
    "spectral_strongpeak": {
        "mean": 0.613069415092,
        "var": 0.281106412411
    },
    "zerocrossingrate": {
        "mean": 0.0389156639576,
        "var": 0.000872813514434
    },
    "barkbands": {
        "mean": [9.99208496069e-005, 0.0135797308758, 0.0077094216831, 0.0041672536172, 0.0067599513568, 0.00216652289964, 0.00122555391863, 0.00043727378943, 0.00106882920954, 0.000418607261963, 0.000408524851082, 0.000292985030683, 0.000127099017845, 0.000370282476069, 0.000178479618626, 0.000134803136461, 0.000170221843291, 0.000288869719952, 0.000125594247947, 0.000150387262693, 0.000167017235071, 0.000156154099386, 0.000129498599563, 0.000103179510916, 0.00010811707034, 3.71571368305e-005, 7.4684453466e-007],
        "var": [2.81169647565e-008, 0.000265632552328, 0.000123317149701, 2.59114440269e-005, 0.000112959751277, 8.42421195557e-006, 2.90432762995e-006, 8.20089269382e-007, 2.35319294006e-006, 7.71974271174e-007, 5.6557564676e-007, 2.13914219671e-007, 3.12785140011e-008, 5.45881050584e-007, 7.0844713207e-008, 4.78821142735e-008, 7.96203423192e-008, 4.45813441274e-007, 6.4396388666e-008, 1.32244750262e-007, 9.78999139534e-008, 7.88916452166e-008, 5.96475260295e-008, 5.15129237044e-008, 4.27662882885e-008, 8.2781852484e-009, 9.12718945562e-012]
    },
    "erbbands": {
        "mean": [0.230832159519, 3.58386254311, 9.21743869781, 12.8055753708, 24.7241344452, 17.458278656, 11.6979951859, 18.1147441864, 19.6723098755, 10.7696723938, 16.9516162872, 15.7551078796, 18.5138626099, 15.3602838516, 10.4156923294, 11.8581037521, 7.90886449814, 12.0698928833, 15.8569564819, 8.54545497894, 8.30416297913, 11.4656553268, 17.2878055573, 8.01097583771, 6.67111349106, 6.81439208984, 6.69407558441, 6.66344594955, 5.45844936371, 4.8916759491, 3.46665120125, 2.41915559769, 1.61985623837, 1.22911918163, 0.747659087181, 0.231667369604, 0.0586784519255, 0.00588760571554, 0.000160972500453, 5.27927695657e-005],
        "var": [0.0725512653589, 18.8588466644, 128.680007935, 258.801757813, 1256.90637207, 620.502746582, 144.766036987, 780.950805664, 896.830932617, 400.826660156, 686.12310791, 514.363830566, 1028.75964355, 719.075622559, 283.654510498, 332.049926758, 106.249916077, 323.999786377, 1199.57019043, 157.329269409, 161.748138428, 331.416229248, 1907.40124512, 238.488098145, 209.482650757, 272.522644043, 173.778396606, 154.587905884, 96.3888931274, 83.5701446533, 42.9264678955, 35.6609611511, 11.066450119, 5.47943925858, 2.34263038635, 0.268967300653, 0.0260772556067, 0.00031893508276, 1.84452034091e-007, 1.83260984166e-009]
    },
    "gfcc": {
        "mean": [-2.49139022827, 106.486038208, -89.6786727905, 46.7535858154, -57.546749115, 23.1271266937, -40.3322944641, 9.25080013275, -26.2720718384, -0.937031805515, -18.4657535553, -1.30894982815, -8.39079666138],
        "cov": [[5252.84667969, -1119.06860352, -221.900878906, 266.336608887, -283.152648926, 136.421432495, -181.37840271, 186.393600464, -143.362213135, 244.006195068, -245.242050171, 128.687210083, -295.300170898], [-1119.06860352, 1181.90478516, -175.189407349, -142.094924927, 193.816650391, -86.7619400024, 110.229316711, -75.0473175049, 133.994689941, -179.748626709, 160.035903931, -128.235412598, 190.885650635], [-221.900878906, -175.189407349, 588.439697266, 147.181549072, 122.635673523, 112.798309326, 60.6042251587, 3.80461835861, -30.3297786713, 64.3007736206, -13.5397348404, 79.9197921753, -33.8666687012], [266.336608887, -142.094924927, 147.181549072, 226.485366821, 51.0468940735, 48.0299911499, 27.7578582764, 19.2544841766, 3.22195863724, 30.2125225067, 3.97917342186, 22.5539054871, -16.9358634949], [-283.152648926, 193.816650391, 122.635673523, 51.0468940735, 299.120391846, 99.274307251, 108.158866882, 14.7536859512, 65.1270675659, 2.55530738831, 25.8323078156, -5.41081190109, 6.97507715225], [136.421432495, -86.7619400024, 112.798309326, 48.0299911499, 99.274307251, 172.018112183, 64.5803833008, 42.9964027405, 22.5729656219, 40.0864295959, -7.20322370529, 11.6920051575, -5.0580739975], [-181.37840271, 110.229316711, 60.6042251587, 27.7578582764, 108.158866882, 64.5803833008, 143.206497192, 56.7576637268, 55.4892845154, -3.96052718163, 13.119307518, -3.42377376556, 23.5910072327], [186.393600464, -75.0473175049, 3.80461835861, 19.2544841766, 14.7536859512, 42.9964027405, 56.7576637268, 125.630584717, 53.7868309021, 26.9464950562, -21.9384288788, 2.7078025341, -17.3949947357], [-143.362213135, 133.994689941, -30.3297786713, 3.22195863724, 65.1270675659, 22.5729656219, 55.4892845154, 53.7868309021, 113.295799255, 19.7092075348, 18.9501228333, -27.2680644989, 12.2936868668], [244.006195068, -179.748626709, 64.3007736206, 30.2125225067, 2.55530738831, 40.0864295959, -3.96052718163, 26.9464950562, 19.7092075348, 114.143379211, 4.78305101395, 33.0954475403, -34.6116485596], [-245.242050171, 160.035903931, -13.5397348404, 3.97917342186, 25.8323078156, -7.20322370529, 13.119307518, -21.9384288788, 18.9501228333, 4.78305101395, 90.0947494507, 12.8490695953, 44.1119995117], [128.687210083, -128.235412598, 79.9197921753, 22.5539054871, -5.41081190109, 11.6920051575, -3.42377376556, 2.7078025341, -27.2680644989, 33.0954475403, 12.8490695953, 92.7616577148, 3.09261012077], [-295.300170898, 190.885650635, -33.8666687012, -16.9358634949, 6.97507715225, -5.0580739975, 23.5910072327, -17.3949947357, 12.2936868668, -34.6116485596, 44.1119995117, 3.09261012077, 102.509620667]],
        "icov": [[0.000490771490149, -0.000663181068376, 0.000757806294132, -0.00106700754259, 0.000488175544888, -0.000854968267959, 0.000447187921964, -0.000674841809087, 0.00114182499237, -0.00131553655956, 0.00167984783184, -0.00128517113626, 0.00116472248919], [-0.000663181068376, 0.00525131449103, -0.00160582060926, 0.00350814755075, -0.00275799934752, 0.0032212450169, -0.00142892892472, 0.00220357114449, -0.00491044484079, 0.00605777092278, -0.00740792835131, 0.00561212189496, -0.00493785366416], [0.000757806294132, -0.00160582060926, 0.00403510220349, -0.0030972675886, 0.000348437140929, -0.00229812599719, -0.000257697101915, -0.000299004139379, 0.00315580726601, -0.00343381147832, 0.00414961390197, -0.00419641938061, 0.00266917794943], [-0.00106700754259, 0.00350814755075, -0.0030972675886, 0.00878799334168, -0.00232460256666, 0.0024356986396, -0.00138411996886, 0.00133045949042, -0.00381642300636, 0.00461414689198, -0.00701294327155, 0.00464796414599, -0.00346184405498], [0.000488175544888, -0.00275799934752, 0.000348437140929, -0.00232460256666, 0.00784488022327, -0.00440347753465, -0.00239634909667, 0.00154224177822, -0.000743689714, -0.0015658705961, 0.0029334325809, -0.00357013102621, 0.00474108336493], [-0.000854968267959, 0.0032212450169, -0.00229812599719, 0.0024356986396, -0.00440347753465, 0.0121293738484, -0.0031409021467, -0.000382517406251, -0.0013763862662, 0.000599379418418, -0.00372342579067, 0.00521551258862, -0.00544970622286], [0.000447187921964, -0.00142892892472, -0.000257697101915, -0.00138411996886, -0.00239634909667, -0.0031409021467, 0.0151692880318, -0.0065358011052, -0.000717504357453, 0.000731191597879, 0.00131954811513, -0.00164691533428, -0.00114193418995], [-0.000674841809087, 0.00220357114449, -0.000299004139379, 0.00133045949042, 0.00154224177822, -0.000382517406251, -0.0065358011052, 0.0168208349496, -0.00986426509917, 0.00247628823854, 0.000728448969312, -0.000562598754186, 3.09312126774e-005], [0.00114182499237, -0.00491044484079, 0.00315580726601, -0.00381642300636, -0.000743689714, -0.0013763862662, -0.000717504357453, -0.00986426509917, 0.0240429099649, -0.0120066832751, 0.00456489576027, 0.000867552880663, 0.0023912221659], [-0.00131553655956, 0.00605777092278, -0.00343381147832, 0.00461414689198, -0.0015658705961, 0.000599379418418, 0.000731191597879, 0.00247628823854, -0.0120066832751, 0.0230570174754, -0.0128598557785, 0.0018610713305, -0.000351396156475], [0.00167984783184, -0.00740792835131, 0.00414961390197, -0.00701294327155, 0.0029334325809, -0.00372342579067, 0.00131954811513, 0.000728448969312, 0.00456489576027, -0.0128598557785, 0.0295268930495, -0.0119683584198, 0.00104810134508], [-0.00128517113626, 0.00561212189496, -0.00419641938061, 0.00464796414599, -0.00357013102621, 0.00521551258862, -0.00164691533428, -0.000562598754186, 0.000867552880663, 0.0018610713305, -0.0119683584198, 0.0234464798123, -0.00902014039457], [0.00116472248919, -0.00493785366416, 0.00266917794943, -0.00346184405498, 0.00474108336493, -0.00544970622286, -0.00114193418995, 3.09312126774e-005, 0.0023912221659, -0.000351396156475, 0.00104810134508, -0.00902014039457, 0.0217074323446]]
    },
    "melbands": {
        "mean": [0.00302476715297, 0.00504899350926, 0.002498625312, 0.00178924191277, 0.000394366303226, 0.000426827085903, 0.000268021336524, 0.000100513003417, 0.000167944686837, 0.000101638201158, 9.33637929847e-005, 6.22658117209e-005, 4.48408172815e-005, 2.1227850084e-005, 3.77165342798e-005, 1.31753622554e-005, 2.28387689276e-005, 2.91685228149e-005, 1.52776538016e-005, 8.28483916848e-006, 9.32513557927e-006, 1.19383057609e-005, 1.39768162626e-005, 1.25881651911e-005, 5.87376416661e-006, 4.6690884119e-006, 4.91397668156e-006, 4.47832917416e-006, 4.04423508371e-006, 4.25329699283e-006, 3.6571311739e-006, 3.0951057397e-006, 2.92577351502e-006, 2.64393293037e-006, 2.05367177841e-006, 1.68635403952e-006, 1.37845881909e-006, 1.16989906473e-006, 9.82653659776e-007, 1.0621539559e-006],
        "var": [1.28019328258e-005, 3.2840140193e-005, 6.95550215823e-006, 7.64943433751e-006, 1.35173607418e-007, 3.72574930907e-007, 1.70685154899e-007, 4.37445244472e-008, 6.85125911559e-008, 2.18211653191e-008, 2.7679931236e-008, 1.26611627849e-008, 5.80325609789e-009, 2.08188910555e-009, 3.49800899357e-009, 4.00463967543e-010, 1.20907972523e-009, 5.42030909045e-009, 5.60444024522e-010, 2.0879852014e-010, 2.15502532486e-010, 3.73739567072e-010, 9.55834300598e-010, 9.20780729441e-010, 1.34212946312e-010, 9.29339938338e-011, 1.63204380565e-010, 1.26468280293e-010, 6.96361440733e-011, 6.80763015404e-011, 4.66259288123e-011, 3.28440018238e-011, 3.09572124879e-011, 2.53129652655e-011, 1.55058292595e-011, 1.37059131405e-011, 1.17776309538e-011, 6.25606380936e-012, 3.64025953478e-012, 4.17930100249e-012]
    },
    "mfcc": {
        "mean": [-650.421875, 128.844390869, 28.2759056091, 30.1422538757, 11.3034954071, 12.3247098923, 2.97768092155, 7.56211233139, 2.16466021538, -3.66550469398, 0.240360528231, -2.8301627636, -6.61906480789],
        "cov": [[3860.30737305, -1157.27246094, -138.737915039, -18.3880615234, -105.252113342, -49.2157669067, -112.156974792, -64.3516616821, 9.43087673187, 92.7280502319, 51.2186546326, 72.8942947388, 18.3945007324], [-1157.27246094, 1079.30541992, -163.435501099, -6.91199874878, 68.698928833, -0.0433110594749, 46.6726341248, 63.7855873108, 25.1363601685, -8.52127075195, -6.03776454926, -25.1577072144, -11.2440328598], [-138.737915039, -163.435501099, 399.222351074, 84.4347457886, 48.2931556702, 83.2371520996, 56.3169364929, 13.7757349014, 9.06896495819, -18.731426239, -16.9402484894, 19.1842346191, 51.0680160522], [-18.3880615234, -6.91199874878, 84.4347457886, 182.712753296, 58.5051879883, 40.4645347595, 31.8990211487, 26.8519573212, 15.5053262711, -8.47234249115, 5.68338441849, 32.3395309448, 25.6702423096], [-105.252113342, 68.698928833, 48.2931556702, 58.5051879883, 154.246520996, 97.7839431763, 54.4481925964, 38.8043289185, 24.8662948608, 19.041223526, 24.5757064819, 26.2757835388, 29.6700229645], [-49.2157669067, -0.0433110594749, 83.2371520996, 40.4645347595, 97.7839431763, 157.378570557, 73.6418914795, 26.583814621, 22.4787063599, 20.2343387604, 17.504732132, 19.9734802246, 40.16771698], [-112.156974792, 46.6726341248, 56.3169364929, 31.8990211487, 54.4481925964, 73.6418914795, 109.429260254, 52.3758583069, 28.9135837555, 16.9169597626, 7.08052301407, 4.30471420288, 26.349111557], [-64.3516616821, 63.7855873108, 13.7757349014, 26.8519573212, 38.8043289185, 26.583814621, 52.3758583069, 114.883384705, 65.4320602417, 28.5725975037, 21.4019260406, 5.69776201248, -1.04446339607], [9.43087673187, 25.1363601685, 9.06896495819, 15.5053262711, 24.8662948608, 22.4787063599, 28.9135837555, 65.4320602417, 103.232063293, 63.9102363586, 32.4803581238, 7.11341762543, 0.888369262218], [92.7280502319, -8.52127075195, -18.731426239, -8.47234249115, 19.041223526, 20.2343387604, 16.9169597626, 28.5725975037, 63.9102363586, 104.834594727, 61.1190757751, 10.4104833603, -11.0174818039], [51.2186546326, -6.03776454926, -16.9402484894, 5.68338441849, 24.5757064819, 17.504732132, 7.08052301407, 21.4019260406, 32.4803581238, 61.1190757751, 98.9240951538, 42.6224327087, -11.8539857864], [72.8942947388, -25.1577072144, 19.1842346191, 32.3395309448, 26.2757835388, 19.9734802246, 4.30471420288, 5.69776201248, 7.11341762543, 10.4104833603, 42.6224327087, 76.014251709, 30.7682170868], [18.3945007324, -11.2440328598, 51.0680160522, 25.6702423096, 29.6700229645, 40.16771698, 26.349111557, -1.04446339607, 0.888369262218, -11.0174818039, -11.8539857864, 30.7682170868, 93.8565063477]],
        "icov": [[0.000449880986707, 0.00052011286607, 0.000394327711547, -9.76542651188e-005, 8.26639879961e-005, -6.50811707601e-005, 0.000227161697694, -0.000129069710965, 6.08593654761e-005, -0.000484971184051, 0.000287365633994, -0.00035919927177, -0.00018065419863], [0.00052011286607, 0.00172222231049, 0.00101385475136, -4.96247957926e-005, -0.000668805616442, 0.000326910521835, -0.000297578750178, -0.000434560701251, -0.000193749467144, 2.74217418337e-005, 0.000250217999564, 5.93504501012e-006, -0.000248753873166], [0.000394327711547, 0.00101385475136, 0.00381249724887, -0.00114042672794, 0.000177738053026, -0.00118526408914, -0.000773657986429, 0.000133743043989, -0.000615717493929, 0.000534451799467, 0.000679560471326, -0.000311879324727, -0.000791929895058], [-9.76542651188e-005, -4.96247957926e-005, -0.00114042672794, 0.00732415588573, -0.00222688028589, 0.000592232390773, -0.000723749457393, -0.000382690486731, -0.00115594512317, 0.00166267971508, 0.000578270468395, -0.00268930057064, 0.000440709583927], [8.26639879961e-005, -0.000668805616442, 0.000177738053026, -0.00222688028589, 0.012794916518, -0.00686972448602, 0.000315077573759, -0.00211071851663, 0.000990021275356, -0.000787322060205, -0.00090409378754, -0.0010859053582, -0.000660617719404], [-6.50811707601e-005, 0.000326910521835, -0.00118526408914, 0.000592232390773, -0.00686972448602, 0.0143689131364, -0.00635864958167, 0.00228139664978, -0.000574908219278, -0.000531574420165, -0.000985066290013, 0.000483176700072, -0.00197220221162], [0.000227161697694, -0.000297578750178, -0.000773657986429, -0.000723749457393, 0.000315077573759, -0.00635864958167, 0.0180693231523, -0.00724495667964, 0.00226939935237, -0.00239112554118, 0.000456072797533, 0.00234467815608, -0.003006138606], [-0.000129069710965, -0.000434560701251, 0.000133743043989, -0.000382690486731, -0.00211071851663, 0.00228139664978, -0.00724495667964, 0.018350854516, -0.0117765348405, 0.00478890584782, -0.00199240096845, -0.000134214220452, 0.00240013725124], [6.08593654761e-005, -0.000193749467144, -0.000615717493929, -0.00115594512317, 0.000990021275356, -0.000574908219278, 0.00226939935237, -0.0117765348405, 0.0247024483979, -0.0143173970282, 0.00271075242199, -6.69126748107e-005, -0.00176922965329], [-0.000484971184051, 2.74217418337e-005, 0.000534451799467, 0.00166267971508, -0.000787322060205, -0.000531574420165, -0.00239112554118, 0.00478890584782, -0.0143173970282, 0.0258103888482, -0.0138137405738, 0.00527098216116, 0.000246442563366], [0.000287365633994, 0.000250217999564, 0.000679560471326, 0.000578270468395, -0.00090409378754, -0.000985066290013, 0.000456072797533, -0.00199240096845, 0.00271075242199, -0.0138137405738, 0.0260387416929, -0.015615189448, 0.00676338048652], [-0.00035919927177, 5.93504501012e-006, -0.000311879324727, -0.00268930057064, -0.0010859053582, 0.000483176700072, 0.00234467815608, -0.000134214220452, -6.69126748107e-005, 0.00527098216116, -0.015615189448, 0.0268124230206, -0.00968940649182], [-0.00018065419863, -0.000248753873166, -0.000791929895058, 0.000440709583927, -0.000660617719404, -0.00197220221162, -0.003006138606, 0.00240013725124, -0.00176922965329, 0.000246442563366, 0.00676338048652, -0.00968940649182, 0.0169703345746]]
    },
    "spectral_contrast_coeffs": {
        "mean": [-0.597270309925, -0.685383796692, -0.758369803429, -0.774561822414, -0.802679955959, -0.75960534811],
        "var": [0.00750626018271, 0.00534566445276, 0.0040915934369, 0.00270713795908, 0.00146790524013, 0.00119541026652]
    },
    "spectral_contrast_valleys": {
        "mean": [-6.87044382095, -6.9521317482, -7.74606180191, -8.12581253052, -7.89431381226, -10.2032670975],
        "var": [1.03551757336, 1.00896728039, 0.896353960037, 1.03873753548, 1.08221280575, 1.28779697418]
    }
},
"metadata": {
    "audio_properties": {
        "analysis_sample_rate": 44100,
        "bit_rate": 108410,
        "equal_loudness": 0,
        "length": 45.0612258911,
        "lossless": 0,
        "replay_gain": -12.0666713715,
        "sample_rate": 44100,
        "codec": "mp3",
        "downmix": "mix",
        "md5_encoded": "f43fbba2abb581645eeb197b61410dd1"
    },
    "tags": {
        "file_name": "632.mp3"
    },
    "version": {
        "essentia": "2.1-beta2",
        "essentia_git_sha": "v2.1_beta2",
        "extractor": "music 1.0"
    }
},
"rhythm": {
    "beats_count": 72,
    "beats_loudness": {
        "mean": 0.0666438862681,
        "var": 0.000479610229377
    },
    "bpm": 97.4604644775,
    "bpm_histogram_first_peak_bpm": {
        "mean": 98,
        "var": 0
    },
    "bpm_histogram_first_peak_spread": {
        "mean": 0.121212095022,
        "var": 0
    },
    "bpm_histogram_first_peak_weight": {
        "mean": 0.816901385784,
        "var": 0
    },
    "bpm_histogram_second_peak_bpm": {
        "mean": 89,
        "var": 0
    },
    "bpm_histogram_second_peak_spread": {
        "mean": 0.599999964237,
        "var": 0
    },
    "bpm_histogram_second_peak_weight": {
        "mean": 0.0281690135598,
        "var": 0
    },
    "danceability": 1.53778576851,
    "onset_rate": 4.85786390305,
    "beats_loudness_band_ratio": {
        "mean": [0.64312338829, 0.258313238621, 0.069807857275, 0.0466683954, 0.0456173121929, 0.0560201480985],
        "var": [0.0452301129699, 0.0351744256914, 0.00579713610932, 0.00271191215143, 0.0020181115251, 0.00268505001441]
    },
    "beats_position": [0.626938760281, 1.27709746361, 1.95047616959, 2.62385487556, 3.28562355042, 3.94739222527, 4.57433080673, 5.20126962662, 5.8282084465, 6.44353723526, 7.05886602402, 7.67419481277, 8.28952407837, 8.90485286713, 9.52018165588, 10.1355104446, 10.7508392334, 11.3661680222, 11.9814968109, 12.5852155685, 13.2121543884, 13.8274831772, 14.4428119659, 15.0465307236, 15.6734695435, 16.2887973785, 16.904127121, 17.5194549561, 18.1347846985, 18.7501125336, 19.365442276, 19.9807701111, 20.5960998535, 21.2114276886, 21.826757431, 22.4420852661, 23.0574150085, 23.6727428436, 24.2880725861, 24.9034004211, 25.5187301636, 26.1340579987, 26.7493877411, 27.3647155762, 27.9800453186, 28.5953731537, 29.2107028961, 29.8260307312, 30.4413604736, 31.0566883087, 31.6720180511, 32.2757377625, 32.9026756287, 33.5296134949, 34.1333312988, 34.7486610413, 35.3639907837, 35.9793205261, 36.5946464539, 37.2099761963, 37.8253059387, 38.4406356812, 39.0559616089, 39.6712913513, 40.2866210938, 40.91355896, 41.5288887024, 42.1442184448, 42.7479362488, 43.3516540527, 43.9669837952, 44.5823135376]
},
"tonal": {
    "chords_changes_rate": 0.0627572014928,
    "chords_number_rate": 0.00720164598897,
    "chords_strength": {
        "mean": 0.532459676266,
        "var": 0.00634101545438
    },
    "hpcp_entropy": {
        "mean": 1.91940319538,
        "var": 0.509739637375
    },
    "key_strength": 0.731618583202,
    "tuning_diatonic_strength": 0.565760910511,
    "tuning_equal_tempered_deviation": 0.138310521841,
    "tuning_frequency": 438.224517822,
    "tuning_nontempered_energy_ratio": 0.795338392258,
    "hpcp": {
        "mean": [0.0393972545862, 0.0275296494365, 0.0321425534785, 0.0503271482885, 0.0458655431867, 0.0464887917042, 0.109075039625, 0.110911786556, 0.0479801297188, 0.0309175271541, 0.0342466421425, 0.0542832612991, 0.100421406329, 0.0981200113893, 0.0533324182034, 0.0449868105352, 0.0578284226358, 0.172466605902, 0.335749953985, 0.242897778749, 0.0852703005075, 0.0906555205584, 0.073635019362, 0.0474268272519, 0.0622474327683, 0.0593710877001, 0.0657106861472, 0.103987902403, 0.097663782537, 0.0664410814643, 0.0622266158462, 0.0778467208147, 0.18323341012, 0.3847412467, 0.337863504887, 0.114490352571],
        "var": [0.0193242058158, 0.0133072948083, 0.0112402280793, 0.0161262825131, 0.012007124722, 0.0106906946748, 0.038614988327, 0.0473676659167, 0.0160974431783, 0.0111867068335, 0.0154794575647, 0.0235115066171, 0.0584019459784, 0.0537073202431, 0.0233794879168, 0.0252630505711, 0.029980558902, 0.0569962523878, 0.143002405763, 0.0706182718277, 0.0298240277916, 0.0520870685577, 0.0395893417299, 0.0147601077333, 0.0269979834557, 0.0247336085886, 0.0287349037826, 0.0545893274248, 0.0444051213562, 0.0281985830516, 0.0331946834922, 0.0362554080784, 0.0605304166675, 0.16733571887, 0.144818291068, 0.0402207709849]
    },
    "chords_histogram": [52.5720176697, 14.6090536118, 9.67078208923, 0, 0, 1.64609050751, 0, 16.0493831635, 0.617283940315, 0.411522626877, 0, 0, 0, 0, 0, 0, 0, 0, 0, 0, 0, 0, 1.13168728352, 3.29218101501],
    "thpcp": [1, 0.878157734871, 0.297577530146, 0.102399349213, 0.0715536698699, 0.0835433006287, 0.13080778718, 0.119211398065, 0.1208313182, 0.283502340317, 0.288276314735, 0.124707527459, 0.0803592726588, 0.0890121385455, 0.141090303659, 0.261010229588, 0.255028575659, 0.138618931174, 0.116927444935, 0.150304719806, 0.448266476393, 0.87266433239, 0.631327629089, 0.221630260348, 0.235627248883, 0.19138841331, 0.123269408941, 0.161790385842, 0.15431432426, 0.170791894197, 0.270280092955, 0.253842771053, 0.172690302134, 0.161736279726, 0.202335268259, 0.476251006126],
    "chords_key": "G#",
    "chords_scale": "minor",
    "key_key": "G#",
    "key_scale": "minor"
}
}