{
"lowlevel": {
    "average_loudness": 0.920928359032,
    "barkbands_crest": {
        "mean": 10.4152460098,
        "var": 21.7232608795
    },
    "barkbands_flatness_db": {
        "mean": 0.133422195911,
        "var": 0.00500310119241
    },
    "barkbands_kurtosis": {
        "mean": 8.84682559967,
        "var": 498.175811768
    },
    "barkbands_skewness": {
        "mean": 2.05161309242,
        "var": 3.85742855072
    },
    "barkbands_spread": {
        "mean": 27.9120616913,
        "var": 256.07131958
    },
    "dissonance": {
        "mean": 0.471246302128,
        "var": 0.000563476118259
    },
    "dynamic_complexity": 3.45366668701,
    "erbbands_crest": {
        "mean": 6.57901763916,
        "var": 6.56683301926
    },
    "erbbands_flatness_db": {
        "mean": 0.126115381718,
        "var": 0.0018884530291
    },
    "erbbands_kurtosis": {
        "mean": 0.148060500622,
        "var": 4.85708761215
    },
    "erbbands_skewness": {
        "mean": -0.00705274986103,
        "var": 0.578276276588
    },
    "erbbands_spread": {
        "mean": 52.2746543884,
        "var": 679.025817871
    },
    "hfc": {
        "mean": 23.3587265015,
        "var": 535.548706055
    },
    "melbands_crest": {
        "mean": 15.9019517899,
        "var": 33.1132850647
    },
    "melbands_flatness_db": {
        "mean": 0.201658695936,
        "var": 0.00821372587234
    },
    "melbands_kurtosis": {
        "mean": 33.7328414917,
        "var": 3512.01293945
    },
    "melbands_skewness": {
        "mean": 3.9447748661,
        "var": 8.10545730591
    },
    "melbands_spread": {
        "mean": 24.4435653687,
        "var": 501.991882324
    },
    "pitch_salience": {
        "mean": 0.508495628834,
        "var": 0.01393548958
    },
    "silence_rate_20dB": {
        "mean": 1,
        "var": 0
    },
    "silence_rate_30dB": {
        "mean": 0.995882630348,
        "var": 0.00410051317886
    },
    "silence_rate_60dB": {
        "mean": 0.0694801881909,
        "var": 0.0646532326937
    },
    "spectral_centroid": {
        "mean": 1559.81555176,
        "var": 680687.875
    },
    "spectral_complexity": {
        "mean": 19.3082866669,
        "var": 130.187286377
    },
    "spectral_decrease": {
        "mean": -7.00961777511e-009,
        "var": 3.8846529074e-017
    },
    "spectral_energy": {
        "mean": 0.0285745859146,
        "var": 0.000620142556727
    },
    "spectral_energyband_high": {
        "mean": 0.00121717620641,
        "var": 2.70911573352e-006
    },
    "spectral_energyband_low": {
        "mean": 0.0125710703433,
        "var": 0.000180741306394
    },
    "spectral_energyband_middle_high": {
        "mean": 0.00550711201504,
        "var": 3.23480307998e-005
    },
    "spectral_energyband_middle_low": {
        "mean": 0.010415087454,
        "var": 0.000283110799501
    },
    "spectral_entropy": {
        "mean": 7.63076496124,
        "var": 0.209689125419
    },
    "spectral_flux": {
        "mean": 0.0866905897856,
        "var": 0.0034659251105
    },
    "spectral_kurtosis": {
        "mean": 4.1888794899,
        "var": 29.4607753754
    },
    "spectral_rms": {
        "mean": 0.00481304712594,
        "var": 4.71226894661e-006
    },
    "spectral_rolloff": {
        "mean": 1592.17138672,
        "var": 3212400.5
    },
    "spectral_skewness": {
        "mean": 1.48606038094,
        "var": 0.336352139711
    },
    "spectral_spread": {
        "mean": 5473833,
        "var": 5.25832185446e+012
    },
    "spectral_strongpeak": {
        "mean": 0.568042218685,
        "var": 0.420814394951
    },
    "zerocrossingrate": {
        "mean": 0.0696739405394,
        "var": 0.00179936550558
    },
    "barkbands": {
        "mean": [0.000274687103229, 0.00679157767445, 0.00443159602582, 0.00346440216526, 0.00344372121617, 0.00124408351257, 0.000917625962757, 0.000527679861989, 0.00072135363007, 0.000632066687103, 0.000445899582701, 0.000871788070071, 0.000475641194498, 0.000778307556175, 0.000451045983937, 0.000505724165123, 0.000426347105531, 0.000433490728028, 0.000341093516909, 0.000326933193719, 0.000275772996247, 0.000122407160234, 0.000103539532574, 0.000160946772667, 0.000321864557918, 7.68149475334e-005, 8.21731919132e-006],
        "var": [7.70074848333e-007, 0.000115046495921, 1.89319180208e-005, 4.92991312058e-005, 4.30174331996e-005, 8.49767366162e-006, 1.9044448436e-006, 4.37777401885e-007, 1.07472033051e-006, 1.52840459577e-006, 4.8208539738e-007, 1.78640948434e-006, 1.01816419829e-006, 1.14491979275e-006, 4.18579048755e-007, 3.82884877581e-007, 2.76431393331e-007, 2.09986339428e-007, 1.62078293897e-007, 1.38903033076e-007, 6.56637766383e-008, 2.25564971146e-008, 1.71569105589e-008, 8.94978526844e-008, 7.79400977535e-007, 4.26924877672e-008, 8.18946299663e-010]
    },
    "erbbands": {
        "mean": [0.130569905043, 1.74612116814, 5.24696159363, 7.66125392914, 15.6160449982, 9.34183692932, 6.59924316406, 12.8781919479, 13.2687454224, 12.9648275375, 12.507235527, 15.9886522293, 16.1083755493, 17.5740242004, 29.8615608215, 26.6238479614, 24.0552577972, 32.2615432739, 30.0058403015, 28.5450077057, 24.9787330627, 26.7533607483, 23.2517051697, 20.9461421967, 16.398015976, 14.8860969543, 14.8756685257, 6.8430223465, 4.3653588295, 4.12939977646, 2.6427257061, 2.43730020523, 3.12794804573, 1.74645709991, 3.52935051918, 0.588174343109, 0.128276914358, 0.0257011484355, 0.000883236236405, 5.89500159549e-005],
        "var": [0.101543202996, 5.9002122879, 25.6092472076, 107.447265625, 1494.81726074, 158.728775024, 107.984184265, 1023.15386963, 451.485839844, 227.876663208, 242.508880615, 620.145996094, 667.407470703, 882.075683594, 1579.18005371, 1459.23168945, 2350.33203125, 1944.7277832, 1667.71716309, 1274.33984375, 961.719848633, 1061.37011719, 592.728515625, 568.410339355, 367.436035156, 240.422714233, 201.663726807, 43.0951919556, 29.3599300385, 24.8863239288, 12.9115819931, 12.3819026947, 45.1265106201, 11.0257940292, 117.180664063, 2.05555725098, 0.155114680529, 0.00597788346931, 7.82279221312e-006, 6.35979890973e-009]
    },
    "gfcc": {
        "mean": [2.72178483009, 77.8297348022, -103.073974609, 47.1030235291, -49.7998008728, 17.0814228058, -41.7184028625, 15.9845237732, -29.5785694122, 5.20873975754, -21.4672584534, -5.40252017975, -11.9994316101],
        "cov": [[10386.875, -1046.61096191, -1377.45275879, -415.945068359, -312.376220703, 259.918518066, -344.093536377, 145.341033936, -272.024291992, 317.295257568, -164.045761108, 256.939605713, -215.058502197], [-1046.61096191, 1479.41650391, -399.70602417, -261.549865723, 105.607513428, -104.971359253, 234.839523315, -175.779541016, 86.1889266968, -236.669586182, 211.733764648, -110.751358032, 155.798782349], [-1377.45275879, -399.70602417, 1388.78405762, 387.516876221, 233.666809082, -17.1429519653, -71.3640975952, 120.397491455, 25.0177536011, 72.2077331543, -160.588348389, 34.1944999695, -19.338262558], [-415.945068359, -261.549865723, 387.516876221, 504.063598633, 127.135253906, 68.8227310181, -7.31326436996, 87.5912704468, 63.7232666016, 58.3455963135, -46.4497795105, -4.34451389313, 2.64272451401], [-312.376220703, 105.607513428, 233.666809082, 127.135253906, 295.541229248, 9.05865192413, 75.0087509155, 56.1005363464, 60.4831924438, 23.5660800934, -4.58202219009, 8.51043701172, 15.2276792526], [259.918518066, -104.971359253, -17.1429519653, 68.8227310181, 9.05865192413, 172.111419678, 12.3732309341, 51.8127326965, -7.21769571304, 31.6230945587, 21.983455658, 6.49517250061, -10.8755569458], [-344.093536377, 234.839523315, -71.3640975952, -7.31326436996, 75.0087509155, 12.3732309341, 162.880218506, -4.29090452194, 59.9883308411, -26.5261917114, 67.1839141846, -8.08552742004, 26.0840816498], [145.341033936, -175.779541016, 120.397491455, 87.5912704468, 56.1005363464, 51.8127326965, -4.29090452194, 128.74961853, 17.6728229523, 60.5105323792, -27.134054184, 17.6383266449, -12.1650934219], [-272.024291992, 86.1889266968, 25.0177536011, 63.7232666016, 60.4831924438, -7.21769571304, 59.9883308411, 17.6728229523, 93.5388641357, 4.68160295486, 20.4697723389, -4.07454967499, 15.8607435226], [317.295257568, -236.669586182, 72.2077331543, 58.3455963135, 23.5660800934, 31.6230945587, -26.5261917114, 60.5105323792, 4.68160295486, 97.1900100708, -19.3492202759, 28.3468055725, -30.7093429565], [-164.045761108, 211.733764648, -160.588348389, -46.4497795105, -4.58202219009, 21.983455658, 67.1839141846, -27.134054184, 20.4697723389, -19.3492202759, 107.445854187, 1.77398049831, 28.4186325073], [256.939605713, -110.751358032, 34.1944999695, -4.34451389313, 8.51043701172, 6.49517250061, -8.08552742004, 17.6383266449, -4.07454967499, 28.3468055725, 1.77398049831, 53.9179229736, -2.26668262482], [-215.058502197, 155.798782349, -19.338262558, 2.64272451401, 15.2276792526, -10.8755569458, 26.0840816498, -12.1650934219, 15.8607435226, -30.7093429565, 28.4186325073, -2.26668262482, 70.1021957397]],
        "icov": [[0.000212176659261, -0.000188285237527, 0.000331699586241, -3.00929023069e-005, 3.25457185681e-005, -0.000320700666634, 0.000191591854673, -4.49972503702e-005, 0.000292197015369, -0.000588617520407, 0.000892435607966, -0.00121886574198, 0.000300926942145], [-0.000188285237527, 0.00297273253091, -0.000269392534392, 0.00113613624126, -0.00169010635, 0.00101988087408, -0.000510429497808, 0.000548636715394, -0.00116968271323, 0.00385424052365, -0.0043572015129, 0.0050727580674, -0.00260760448873], [0.000331699586241, -0.000269392534392, 0.00173696759157, -0.000749896629713, -0.000654953997582, -0.000152353022713, 0.000485058408231, -0.000337187811965, 0.000694671529345, -0.000626529625151, 0.00261004315689, -0.00267728534527, 0.000427077844506], [-3.00929023069e-005, 0.00113613624126, -0.000749896629713, 0.00381509587169, -0.00110806501471, -0.00116050231736, 0.000618463091087, 6.67409040034e-005, -0.0026632619556, 0.000301913067233, -0.000921742874198, 0.0032356318552, -0.00191278755665], [3.25457185681e-005, -0.00169010635, -0.000654953997582, -0.00110806501471, 0.00630423147231, -0.000192971754586, -0.00251613091677, -0.00130471948069, -0.000380328507163, -0.00277966796421, 0.00293080345728, -0.00286084786057, 0.00061533425469], [-0.000320700666634, 0.00101988087408, -0.000152353022713, -0.00116050231736, -0.000192971754586, 0.00897123850882, -0.0012870603241, -0.00333219836466, 0.00246147438884, 0.00114120577928, -0.00552537525073, 0.0032566387672, 0.000373829971068], [0.000191591854673, -0.000510429497808, 0.000485058408231, 0.000618463091087, -0.00251613091677, -0.0012870603241, 0.0128226540983, -0.000927116780076, -0.0054457350634, 0.00259718042798, -0.00467491149902, -0.00100182730239, 0.00148012628779], [-4.49972503702e-005, 0.000548636715394, -0.000337187811965, 6.67409040034e-005, -0.00130471948069, -0.00333219836466, -0.000927116780076, 0.0142860813066, -0.0020738535095, -0.00614066189155, 0.00309000723064, 0.000227579032071, -0.0023284421768], [0.000292197015369, -0.00116968271323, 0.000694671529345, -0.0026632619556, -0.000380328507163, 0.00246147438884, -0.0054457350634, -0.0020738535095, 0.0186111759394, -0.00412409473211, 0.000862312095705, -0.00129924085923, -0.000490136095323], [-0.000588617520407, 0.00385424052365, -0.000626529625151, 0.000301913067233, -0.00277966796421, 0.00114120577928, 0.00259718042798, -0.00614066189155, -0.00412409473211, 0.0265549514443, -0.00835588108748, 1.97070221475e-005, 0.0041469312273], [0.000892435607966, -0.0043572015129, 0.00261004315689, -0.000921742874198, 0.00293080345728, -0.00552537525073, -0.00467491149902, 0.00309000723064, 0.000862312095705, -0.00835588108748, 0.0265459194779, -0.0129016907886, -0.00107601447962], [-0.00121886574198, 0.0050727580674, -0.00267728534527, 0.0032356318552, -0.00286084786057, 0.0032566387672, -0.00100182730239, 0.000227579032071, -0.00129924085923, 1.97070221475e-005, -0.0129016907886, 0.036563705653, -0.00761974602938], [0.000300926942145, -0.00260760448873, 0.000427077844506, -0.00191278755665, 0.00061533425469, 0.000373829971068, 0.00148012628779, -0.0023284421768, -0.000490136095323, 0.0041469312273, -0.00107601447962, -0.00761974602938, 0.0222601480782]]
    },
    "melbands": {
        "mean": [0.00155962025747, 0.0027022426948, 0.00174674461596, 0.000879740400705, 0.000277276034467, 0.000274487421848, 0.000194900509086, 0.000137115785037, 0.000114354661491, 9.29906673264e-005, 8.3529157564e-005, 7.5323972851e-005, 8.48174095154e-005, 8.90289302333e-005, 7.59368849685e-005, 3.88745902455e-005, 6.68746215524e-005, 5.56134909857e-005, 3.13000200549e-005, 4.2299474444e-005, 2.29961879086e-005, 2.61552140728e-005, 2.64103910013e-005, 1.90293576452e-005, 1.6604170014e-005, 1.24790831251e-005, 1.20172780953e-005, 8.98048620002e-006, 1.0689973351e-005, 6.24515132586e-006, 3.03106048705e-006, 2.51082792602e-006, 2.24278869609e-006, 2.30021237257e-006, 1.54316319367e-006, 1.23055951917e-006, 1.59617422923e-006, 2.80242670669e-006, 1.18604157251e-006, 1.27028386032e-006],
        "var": [8.66943628353e-006, 6.82010386299e-006, 9.01001931197e-006, 3.09039114654e-006, 1.50218724571e-007, 4.19380000949e-007, 9.20688449924e-008, 2.44542590622e-008, 2.1842236464e-008, 2.01697165636e-008, 2.02215417744e-008, 1.9273205254e-008, 1.25760655223e-008, 2.00649044046e-008, 1.8436164595e-008, 5.91914206538e-009, 9.13937636682e-009, 7.267120683e-009, 2.80535350505e-009, 2.62554844532e-009, 1.00857944219e-009, 1.35723476902e-009, 9.8950858618e-010, 4.21697454733e-010, 4.10583400612e-010, 2.35829078488e-010, 2.25490931482e-010, 9.49222714319e-011, 1.27771584979e-010, 3.57401677697e-011, 1.11232264718e-011, 1.14481098212e-011, 7.63757980471e-012, 7.83722566011e-012, 4.72811937172e-012, 3.1312786565e-012, 5.82640966723e-012, 4.95418116253e-011, 3.43579700281e-012, 6.63206121965e-012]
    },
    "mfcc": {
        "mean": [-642.086425781, 107.146263123, 8.16414260864, 33.896156311, 13.9410915375, 5.0663189888, 6.03920173645, 2.07574105263, 4.04357862473, 2.98944091797, -1.6427000761, 0.839823305607, -2.83128881454],
        "cov": [[8709.60742188, -631.127990723, -1392.42248535, -739.057006836, -384.039276123, -74.9519271851, -23.832862854, -112.727844238, -163.756759644, -25.3793468475, -76.0867156982, 52.1479454041, 93.8711166382], [-631.127990723, 1214.15344238, -248.562866211, -143.878845215, -94.3611450195, -35.5141792297, 57.7843589783, 39.8942260742, -45.5896987915, -63.2561759949, -21.7571144104, -48.1866645813, -7.83563756943], [-1392.42248535, -248.562866211, 875.316040039, 318.57421875, 260.647613525, 61.1998825073, -13.4060344696, 23.3482952118, 90.8030548096, 23.0925369263, 22.2022762299, -14.526140213, -36.2767753601], [-739.057006836, -143.878845215, 318.57421875, 419.286956787, 229.104904175, 60.2228507996, 5.77977752686, 26.6295757294, 111.656349182, 61.3256340027, 10.3393764496, 29.5716075897, 4.04883623123], [-384.039276123, -94.3611450195, 260.647613525, 229.104904175, 264.135559082, 62.1127624512, 22.4480686188, 33.6940383911, 88.2423706055, 47.0932044983, 19.1393013, 17.4950523376, 6.95880126953], [-74.9519271851, -35.5141792297, 61.1998825073, 60.2228507996, 62.1127624512, 104.861534119, 45.1930809021, 29.2203044891, 19.4224338531, 17.9402294159, 23.2637844086, 17.6093330383, 11.4595041275], [-23.832862854, 57.7843589783, -13.4060344696, 5.77977752686, 22.4480686188, 45.1930809021, 104.391319275, 46.0336837769, 10.0859975815, 14.7655124664, 27.4332714081, 22.3884849548, 21.4167404175], [-112.727844238, 39.8942260742, 23.3482952118, 26.6295757294, 33.6940383911, 29.2203044891, 46.0336837769, 76.1452026367, 32.8512840271, 22.1261901855, 16.0677947998, 14.2811985016, 18.1066398621], [-163.756759644, -45.5896987915, 90.8030548096, 111.656349182, 88.2423706055, 19.4224338531, 10.0859975815, 32.8512840271, 99.4526138306, 43.7103042603, 8.87084579468, 18.5711364746, 8.33604335785], [-25.3793468475, -63.2561759949, 23.0925369263, 61.3256340027, 47.0932044983, 17.9402294159, 14.7655124664, 22.1261901855, 43.7103042603, 66.1998519897, 24.8287601471, 25.521402359, 14.4363698959], [-76.0867156982, -21.7571144104, 22.2022762299, 10.3393764496, 19.1393013, 23.2637844086, 27.4332714081, 16.0677947998, 8.87084579468, 24.8287601471, 61.1409645081, 24.8291778564, 14.2141485214], [52.1479454041, -48.1866645813, -14.526140213, 29.5716075897, 17.4950523376, 17.6093330383, 22.3884849548, 14.2811985016, 18.5711364746, 25.521402359, 24.8291778564, 68.0390548706, 28.1516456604], [93.8711166382, -7.83563756943, -36.2767753601, 4.04883623123, 6.95880126953, 11.4595041275, 21.4167404175, 18.1066398621, 8.33604335785, 14.4363698959, 14.2141485214, 28.1516456604, 53.4662437439]],
        "icov": [[0.000199608504772, 0.000179995418875, 0.000307923473883, 0.000314539938699, -0.000206904951483, -8.30261415103e-005, -5.23736744071e-005, 0.000175028399099, -5.84552326472e-005, -4.88183031848e-005, 0.000308900896925, -5.13439190399e-005, -0.000165332370671], [0.000179995418875, 0.00118607655168, 0.000577580940444, 0.000253044068813, -0.000242357404204, 0.000378317228751, -0.000703993719071, -0.000631473085377, -0.000108931053546, 0.00095912895631, 0.000164118391695, 0.000629278307315, 5.98792867095e-005], [0.000307923473883, 0.000577580940444, 0.00251819961704, -0.000454803259345, -0.00155208038632, -0.000153892382514, 0.000367207219824, -0.000433193839854, -0.000269943033345, 0.00139971496537, -0.00082341133384, 0.000748303311411, 0.00101071642712], [0.000314539938699, 0.000253044068813, -0.000454803259345, 0.00614616181701, -0.00324054248631, -0.00103216606658, 0.000345854234183, 0.00133786629885, -0.0023801359348, -0.00173702312168, 0.00223444029689, -0.00157048914116, -0.000164806173416], [-0.000206904951483, -0.000242357404204, -0.00155208038632, -0.00324054248631, 0.00942121725529, -0.00205885432661, -0.000594434503, 6.77536081639e-005, -0.00304066669196, -0.000789700599853, -0.000629120040685, 0.00101288233418, -0.000728457758669], [-8.30261415103e-005, 0.000378317228751, -0.000153892382514, -0.00103216606658, -0.00205885432661, 0.0142176989466, -0.00463661039248, -0.00200611399487, 0.00150790438056, 0.000592023890931, -0.00227221939713, -0.000408092397265, 0.000356269883923], [-5.23736744071e-005, -0.000703993719071, 0.000367207219824, 0.000345854234183, -0.000594434503, -0.00463661039248, 0.0168022885919, -0.00749450782314, 0.00159914349206, 0.000600536353886, -0.00349097652361, -0.00195744913071, -0.00136221665889], [0.000175028399099, -0.000631473085377, -0.000433193839854, 0.00133786629885, 6.77536081639e-005, -0.00200611399487, -0.00749450782314, 0.0228059533983, -0.00629527075216, -0.00266496883705, 0.000520465255249, 0.00117016409058, -0.00414866162464], [-5.84552326472e-005, -0.000108931053546, -0.000269943033345, -0.0023801359348, -0.00304066669196, 0.00150790438056, 0.00159914349206, -0.00629527075216, 0.0209867581725, -0.00873987842351, 0.00267605786212, -0.00166877743322, 0.000902657280676], [-4.88183031848e-005, 0.00095912895631, 0.00139971496537, -0.00173702312168, -0.000789700599853, 0.000592023890931, 0.000600536353886, -0.00266496883705, -0.00873987842351, 0.0284365080297, -0.00849991198629, -0.00271546770819, -0.000680594006553], [0.000308900896925, 0.000164118391695, -0.00082341133384, 0.00223444029689, -0.000629120040685, -0.00227221939713, -0.00349097652361, 0.000520465255249, 0.00267605786212, -0.00849991198629, 0.0248232074082, -0.0055625946261, -0.00124779692851], [-5.13439190399e-005, 0.000629278307315, 0.000748303311411, -0.00157048914116, 0.00101288233418, -0.000408092397265, -0.00195744913071, 0.00117016409058, -0.00166877743322, -0.00271546770819, -0.0055625946261, 0.0233623497188, -0.00867633149028], [-0.000165332370671, 5.98792867095e-005, 0.00101071642712, -0.000164806173416, -0.000728457758669, 0.000356269883923, -0.00136221665889, -0.00414866162464, 0.000902657280676, -0.000680594006553, -0.00124779692851, -0.00867633149028, 0.026612887159]]
    },
    "spectral_contrast_coeffs": {
        "mean": [-0.631582438946, -0.763580262661, -0.768639206886, -0.757076919079, -0.764855742455, -0.742937982082],
        "var": [0.00627181027085, 0.00331130623817, 0.00502706458792, 0.00446508172899, 0.0022980812937, 0.00219745235518]
    },
    "spectral_contrast_valleys": {
        "mean": [-7.1338558197, -6.89703416824, -7.72168827057, -7.95972728729, -7.66439580917, -10.3026409149],
        "var": [1.41059839725, 1.50688052177, 1.58428561687, 1.60353863239, 1.56540131569, 1.83949232101]
    }
},
"metadata": {
    "audio_properties": {
        "analysis_sample_rate": 44100,
        "bit_rate": 109897,
        "equal_loudness": 0,
        "length": 45.0873451233,
        "lossless": 0,
        "replay_gain": -11.7752323151,
        "sample_rate": 44100,
        "codec": "mp3",
        "downmix": "mix",
        "md5_encoded": "54d580776a0072dd7248f576bb64a7e7"
    },
    "tags": {
        "file_name": "635.mp3"
    },
    "version": {
        "essentia": "2.1-beta2",
        "essentia_git_sha": "v2.1_beta2",
        "extractor": "music 1.0"
    }
},
"rhythm": {
    "beats_count": 114,
    "beats_loudness": {
        "mean": 0.0425538532436,
        "var": 0.000356484466465
    },
    "bpm": 152.442520142,
    "bpm_histogram_first_peak_bpm": {
        "mean": 152,
        "var": 0
    },
    "bpm_histogram_first_peak_spread": {
        "mean": 0.137499973178,
        "var": 0
    },
    "bpm_histogram_first_peak_weight": {
        "mean": 0.610619485378,
        "var": 0
    },
    "bpm_histogram_second_peak_bpm": {
        "mean": 157,
        "var": 0
    },
    "bpm_histogram_second_peak_spread": {
        "mean": 0.25925925374,
        "var": 0
    },
    "bpm_histogram_second_peak_weight": {
        "mean": 0.176991149783,
        "var": 0
    },
    "danceability": 1.30306231976,
    "onset_rate": 4.36760997772,
    "beats_loudness_band_ratio": {
        "mean": [0.579645097256, 0.166048616171, 0.0784968808293, 0.071898676455, 0.0683327019215, 0.0862254425883],
        "var": [0.0333733037114, 0.0119868228212, 0.00652498146519, 0.0047933543101, 0.00260716187768, 0.00371393724345]
    },
    "beats_position": [0.417959183455, 0.835918366909, 1.25387752056, 1.66022670269, 2.0549659729, 2.46131515503, 2.83283448219, 3.21596360207, 3.59909296036, 3.99383211136, 4.38857126236, 4.78331041336, 5.16644001007, 5.56117916107, 5.94430828094, 6.32743740082, 6.6989569664, 7.08208608627, 7.45360517502, 7.81351470947, 8.18503379822, 8.55655288696, 8.93968200684, 9.33442115784, 9.72916126251, 10.1239004135, 10.5186395645, 10.8901586533, 11.2848978043, 11.6796369553, 12.051156044, 12.445895195, 12.840634346, 13.235373497, 13.6301136017, 14.0248527527, 14.4195919037, 14.8143310547, 15.2090702057, 15.6038093567, 15.9985485077, 16.3932876587, 16.7880268097, 17.1827659607, 17.5891151428, 17.995464325, 18.390203476, 18.7733325958, 19.1564617157, 19.5628108978, 19.9459400177, 20.3290691376, 20.7121982574, 21.1069393158, 21.4900684357, 21.8731975555, 22.2563266754, 22.6394557953, 23.0225849152, 23.405714035, 23.800453186, 24.195192337, 24.5783214569, 24.9614505768, 25.3561897278, 25.7509288788, 26.1456680298, 26.5404071808, 26.9351463318, 27.3298854828, 27.7246246338, 28.1193637848, 28.5141029358, 28.9088420868, 29.3035831451, 29.6983222961, 30.0930614471, 30.4878005981, 30.8825397491, 31.2772789001, 31.6720180511, 32.0667572021, 32.4614944458, 32.8562355042, 33.2509727478, 33.6457138062, 34.0404510498, 34.4584121704, 34.8763694763, 35.2943305969, 35.6890678406, 36.0954170227, 36.5017662048, 36.908115387, 37.3144645691, 37.7092056274, 38.1039466858, 38.4986839294, 38.8934249878, 39.2881622314, 39.6829032898, 40.0776405334, 40.4723815918, 40.8671188354, 41.2618598938, 41.6565971375, 42.0513381958, 42.4460754395, 42.8524246216, 43.2587738037, 43.6535148621, 44.0482521057, 44.4429931641, 44.8377304077]
},
"tonal": {
    "chords_changes_rate": 0.0606995895505,
    "chords_number_rate": 0.0102880662307,
    "chords_strength": {
        "mean": 0.512494921684,
        "var": 0.00464304396883
    },
    "hpcp_entropy": {
        "mean": 2.31341338158,
        "var": 0.438497751951
    },
    "key_strength": 0.827332556248,
    "tuning_diatonic_strength": 0.619856059551,
    "tuning_equal_tempered_deviation": 0.155226781964,
    "tuning_frequency": 434.695007324,
    "tuning_nontempered_energy_ratio": 0.840816378593,
    "hpcp": {
        "mean": [0.113321274519, 0.096494525671, 0.0639747232199, 0.0698223188519, 0.0957536995411, 0.209823235869, 0.331701517105, 0.258333742619, 0.125367775559, 0.0941667631269, 0.0841539651155, 0.10519644618, 0.137906461954, 0.0982749462128, 0.0513306595385, 0.0530034266412, 0.0718908235431, 0.0985646471381, 0.141084849834, 0.132816269994, 0.143576517701, 0.232346341014, 0.208547785878, 0.142486289144, 0.133188337088, 0.109383031726, 0.166061043739, 0.247852399945, 0.182397663593, 0.0853964611888, 0.0736060068011, 0.0675154179335, 0.0933571830392, 0.148771047592, 0.123143278062, 0.090115904808],
        "var": [0.0453801751137, 0.0324069336057, 0.0192294232547, 0.0264832843095, 0.0328952521086, 0.0853263214231, 0.141850814223, 0.0772040113807, 0.0270733255893, 0.0346738994122, 0.0231538321823, 0.0299524273723, 0.0487514585257, 0.0326381772757, 0.0202683899552, 0.0201002173126, 0.0326355025172, 0.0385059900582, 0.0537754744291, 0.0425982438028, 0.0464322343469, 0.102563366294, 0.0785305798054, 0.0478113666177, 0.0535386800766, 0.043497569859, 0.0768143907189, 0.127411037683, 0.0712949633598, 0.0243137758225, 0.0301442425698, 0.0251083821058, 0.0292111765593, 0.0594827979803, 0.042549982667, 0.0290173403919]
    },
    "chords_histogram": [20.7818927765, 1.64609050751, 19.7530860901, 0, 0.617283940315, 0, 3.39506173134, 0, 0.411522626877, 0, 0, 0, 0, 0, 0, 1.44032919407, 4.11522626877, 0, 0, 8.74485588074, 0, 8.53909492493, 9.05349826813, 21.5020580292],
    "thpcp": [1, 0.778813898563, 0.377953588963, 0.283890068531, 0.253703892231, 0.317141890526, 0.415754705667, 0.296275228262, 0.154749542475, 0.159792542458, 0.21673348546, 0.297148615122, 0.425336778164, 0.400408983231, 0.432848542929, 0.700468122959, 0.628721237183, 0.429561764002, 0.401530683041, 0.329763442278, 0.500633955002, 0.747215151787, 0.549884915352, 0.25744971633, 0.221904337406, 0.203542679548, 0.281449377537, 0.448508799076, 0.371247261763, 0.271677702665, 0.341636300087, 0.290907710791, 0.192868351936, 0.210497438908, 0.288674294949, 0.632566392422],
    "chords_key": "C#",
    "chords_scale": "minor",
    "key_key": "E",
    "key_scale": "major"
}
}