{
"lowlevel": {
    "average_loudness": 0.623383581638,
    "barkbands_crest": {
        "mean": 15.8427991867,
        "var": 38.0791244507
    },
    "barkbands_flatness_db": {
        "mean": 0.442559629679,
        "var": 0.00473543675616
    },
    "barkbands_kurtosis": {
        "mean": 11.4120874405,
        "var": 902.897827148
    },
    "barkbands_skewness": {
        "mean": -1.68031156063,
        "var": 6.7314414978
    },
    "barkbands_spread": {
        "mean": 4.81315040588,
        "var": 11.4939203262
    },
    "dissonance": {
        "mean": 0.323712915182,
        "var": 0.0105048902333
    },
    "dynamic_complexity": 7.79976987839,
    "erbbands_crest": {
        "mean": 23.2828388214,
        "var": 55.6902618408
    },
    "erbbands_flatness_db": {
        "mean": 0.491059780121,
        "var": 0.00469548255205
    },
    "erbbands_kurtosis": {
        "mean": 19.4171237946,
        "var": 647.560974121
    },
    "erbbands_skewness": {
        "mean": -2.17919993401,
        "var": 4.87799072266
    },
    "erbbands_spread": {
        "mean": 4.35512781143,
        "var": 16.5078048706
    },
    "hfc": {
        "mean": 9.09534835815,
        "var": 408.538085938
    },
    "melbands_crest": {
        "mean": 18.8261699677,
        "var": 56.1257209778
    },
    "melbands_flatness_db": {
        "mean": 0.549872100353,
        "var": 0.00405513122678
    },
    "melbands_kurtosis": {
        "mean": 4.92093467712,
        "var": 158.888076782
    },
    "melbands_skewness": {
        "mean": -0.947142422199,
        "var": 3.89428138733
    },
    "melbands_spread": {
        "mean": 10.7343797684,
        "var": 67.0834197998
    },
    "pitch_salience": {
        "mean": 0.421178251505,
        "var": 0.0257612429559
    },
    "silence_rate_20dB": {
        "mean": 1,
        "var": 0
    },
    "silence_rate_30dB": {
        "mean": 0.986103951931,
        "var": 0.0137027539313
    },
    "silence_rate_60dB": {
        "mean": 0.551724135876,
        "var": 0.247329935431
    },
    "spectral_centroid": {
        "mean": 726.508300781,
        "var": 163102.828125
    },
    "spectral_complexity": {
        "mean": 4.70612478256,
        "var": 5.96662855148
    },
    "spectral_decrease": {
        "mean": -2.6769813033e-009,
        "var": 2.9236361261e-017
    },
    "spectral_energy": {
        "mean": 0.0109285125509,
        "var": 0.000494200328831
    },
    "spectral_energyband_high": {
        "mean": 8.49633874367e-009,
        "var": 3.39706295735e-016
    },
    "spectral_energyband_low": {
        "mean": 0.000347120250808,
        "var": 3.49575117298e-007
    },
    "spectral_energyband_middle_high": {
        "mean": 0.00876900553703,
        "var": 0.000468559126602
    },
    "spectral_energyband_middle_low": {
        "mean": 0.00190556515008,
        "var": 1.08768290374e-005
    },
    "spectral_entropy": {
        "mean": 5.03704309464,
        "var": 0.342768728733
    },
    "spectral_flux": {
        "mean": 0.0179783608764,
        "var": 0.00106652802788
    },
    "spectral_kurtosis": {
        "mean": 229.785171509,
        "var": 8065.09863281
    },
    "spectral_rms": {
        "mean": 0.00237377104349,
        "var": 5.02719922224e-006
    },
    "spectral_rolloff": {
        "mean": 906.656188965,
        "var": 701914.6875
    },
    "spectral_skewness": {
        "mean": 10.9721040726,
        "var": 7.49662685394
    },
    "spectral_spread": {
        "mean": 617513.4375,
        "var": 1.76107801805e+012
    },
    "spectral_strongpeak": {
        "mean": 1.74637830257,
        "var": 5.17286300659
    },
    "zerocrossingrate": {
        "mean": 0.0347199887037,
        "var": 0.000518431828823
    },
    "barkbands": {
        "mean": [7.48628167457e-007, 0.000188147649169, 7.14952839189e-005, 0.000168607570231, 0.000240608671447, 0.000593153818045, 7.83772484283e-005, 6.25374814263e-005, 0.00075164611917, 0.00607418175787, 0.00238589989021, 0.000281970744254, 2.28796434385e-005, 1.19419951261e-006, 2.97569681607e-006, 3.78644585908e-006, 1.30005744836e-007, 1.41717436009e-007, 3.99011241825e-008, 5.12991293888e-009, 1.43276468467e-009, 7.82553633005e-010, 4.65160077123e-010, 4.24968643609e-010, 3.48920725646e-010, 2.74643946474e-010, 2.11268752492e-010],
        "var": [1.50334540823e-012, 2.15364096334e-007, 1.17705152292e-008, 3.48742794642e-008, 4.98247345604e-007, 2.97962037621e-006, 1.35099655907e-008, 4.74917101201e-008, 3.51182870872e-006, 0.000355798139935, 0.000107257234049, 1.64841696915e-006, 3.42129191644e-009, 3.10923032112e-012, 5.06802343148e-011, 5.53394066682e-011, 1.23961943683e-013, 1.68306381744e-013, 8.17074747163e-015, 1.41381167667e-016, 1.3895673107e-017, 6.56068831628e-018, 2.20636345649e-018, 1.96995503062e-018, 1.72504897833e-018, 1.38504186761e-018, 7.05316125411e-019]
    },
    "erbbands": {
        "mean": [0.00263044214807, 0.0507968813181, 0.0951525121927, 0.357536226511, 0.465864062309, 0.559048175812, 3.85670566559, 5.00485610962, 1.9613724947, 1.10175037384, 2.86832118034, 20.7304153442, 35.7635765076, 238.171142578, 127.735298157, 14.3447208405, 1.537093997, 0.30123347044, 0.164115071297, 0.176923766732, 0.12646843493, 0.00996354036033, 0.0117421066388, 0.00198054057546, 0.00188435870223, 0.000318444566801, 0.000191122540855, 5.97788894083e-005, 3.89292108594e-005, 2.64012705884e-005, 2.17268752749e-005, 1.85497938219e-005, 1.61880143423e-005, 1.31059359774e-005, 1.02569365481e-005, 7.69999587646e-006, 4.36852133134e-006, 1.31121180402e-006, 5.6699363995e-006, 1.2776326912e-005],
        "var": [5.78494582442e-005, 0.0148514006287, 0.0235229320824, 0.196207329631, 0.273520082235, 2.13832855225, 253.347991943, 323.737335205, 10.2077713013, 2.6386218071, 145.081512451, 2477.61303711, 9386.43554688, 515730.375, 268818.8125, 3803.76855469, 10.6218967438, 0.414653420448, 0.164574250579, 0.116791889071, 0.06499876827, 0.00030400507967, 0.000963455997407, 2.16971511691e-005, 2.22989874601e-005, 4.62183265881e-007, 1.60850433417e-007, 1.60572124486e-008, 1.03472963531e-008, 4.26914592566e-009, 2.34070962613e-009, 1.59653268383e-009, 1.04258168765e-009, 6.76782352382e-010, 4.19941831309e-010, 2.24619864375e-010, 7.74695863015e-011, 8.0417547621e-012, 1.36305369769e-010, 6.85684786728e-010]
    },
    "gfcc": {
        "mean": [-330.250732422, 251.735092163, -99.8973236084, -90.6241073608, -29.0089187622, 4.48149442673, -7.07850313187, -8.28773975372, -19.6605968475, -31.3571968079, -9.41400337219, -4.90782308578, 7.32262611389],
        "cov": [[6808.42041016, 661.918579102, -639.867797852, -102.97441864, 849.73260498, -357.393890381, 240.629348755, 183.687789917, -55.0837669373, 135.520019531, 69.3570404053, 61.6044998169, 282.4453125], [661.918579102, 756.764831543, 118.856712341, 168.907165527, 224.655731201, -132.4402771, -156.399932861, -12.2272891998, 132.954040527, 86.4953155518, 51.5612869263, -32.4355773926, -34.8799362183], [-639.867797852, 118.856712341, 410.53692627, 60.8445358276, -94.0291748047, 136.279449463, -58.2046699524, -79.3035354614, 26.3449745178, 21.3909835815, 57.5574264526, 88.6764678955, 33.9730300903], [-102.97441864, 168.907165527, 60.8445358276, 275.969146729, 103.771141052, -69.0069732666, -110.684356689, 22.8182659149, 94.5514678955, 77.801109314, 5.08444738388, -76.4486923218, -71.6806793213], [849.73260498, 224.655731201, -94.0291748047, 103.771141052, 352.701599121, -27.7148513794, 68.8562545776, 59.2536735535, 18.5251655579, 23.4757976532, -3.19514298439, -28.2098655701, 0.20723426342], [-357.393890381, -132.4402771, 136.279449463, -69.0069732666, -27.7148513794, 352.54675293, 194.929595947, -23.2018184662, -92.2580795288, -73.0625228882, 11.1172399521, 79.1976318359, 30.280008316], [240.629348755, -156.399932861, -58.2046699524, -110.684356689, 68.8562545776, 194.929595947, 262.307739258, 68.7325973511, -86.5629806519, -67.1230010986, -16.4484462738, 44.4319381714, 52.2884292603], [183.687789917, -12.2272891998, -79.3035354614, 22.8182659149, 59.2536735535, -23.2018184662, 68.7325973511, 117.070243835, 45.1067085266, 3.45440411568, -42.2227630615, -47.4094314575, 7.91740322113], [-55.0837669373, 132.954040527, 26.3449745178, 94.5514678955, 18.5251655579, -92.2580795288, -86.5629806519, 45.1067085266, 131.071258545, 69.3776550293, -8.14349555969, -49.5940742493, -15.921787262], [135.520019531, 86.4953155518, 21.3909835815, 77.801109314, 23.4757976532, -73.0625228882, -67.1230010986, 3.45440411568, 69.3776550293, 111.043060303, 58.1624183655, 0.74920386076, -6.7019777298], [69.3570404053, 51.5612869263, 57.5574264526, 5.08444738388, -3.19514298439, 11.1172399521, -16.4484462738, -42.2227630615, -8.14349555969, 58.1624183655, 116.812271118, 91.2593383789, 17.3920936584], [61.6044998169, -32.4355773926, 88.6764678955, -76.4486923218, -28.2098655701, 79.1976318359, 44.4319381714, -47.4094314575, -49.5940742493, 0.74920386076, 91.2593383789, 157.465377808, 76.6081161499], [282.4453125, -34.8799362183, 33.9730300903, -71.6806793213, 0.20723426342, 30.280008316, 52.2884292603, 7.91740322113, -15.921787262, -6.7019777298, 17.3920936584, 76.6081161499, 105.894210815]],
        "icov": [[0.000410631269915, -0.000470647908514, 0.000577130354941, 9.54828719841e-005, -0.000476244575111, 0.000208352357731, -0.000139106210554, -7.85962402006e-005, 0.00109232601244, -0.00108208332676, 0.000298313476378, 0.000157289061463, -0.00142191117629], [-0.000470647908514, 0.00362775684334, -0.00212016352452, 0.00110999040771, -0.00239054695703, -9.25942549657e-006, 0.00180629023816, 0.000296597980196, -0.00404092064127, 0.00354567915201, -0.00373157951981, 0.00175020704046, 0.00193858740386], [0.000577130354941, -0.00212016352452, 0.00728573743254, -0.00285403430462, 0.00182401691563, -0.00329429912381, 0.000945684267208, 0.00241329753771, -0.000405998114729, -0.00167825911194, 0.00220180070028, -0.00281184935011, -0.00471068173647], [9.54828719841e-005, 0.00110999040771, -0.00285403430462, 0.0110970502719, -0.00521059008315, -0.00281037180685, 0.00795998983085, -0.0068972944282, 0.00110782496631, -0.00340776494704, -0.00186403142288, 0.00273942411877, 0.00421250844374], [-0.000476244575111, -0.00239054695703, 0.00182401691563, -0.00521059008315, 0.00834422744811, 0.00165863800794, -0.0066287079826, 0.00301507557742, -0.000361996440915, 3.10117029585e-005, 0.00221452815458, -0.00169369205832, -0.000263236550381], [0.000208352357731, -9.25942549657e-006, -0.00329429912381, -0.00281037180685, 0.00165863800794, 0.0122708873823, -0.0143862990662, 0.00875202938914, -0.00286906422116, 0.00281914975494, 0.000376419135137, -0.000772513158154, 0.00177707045805], [-0.000139106210554, 0.00180629023816, 0.000945684267208, 0.00795998983085, -0.0066287079826, -0.0143862990662, 0.0307782869786, -0.02360560745, 0.0123139321804, -0.00254628411494, -0.00173720519524, -0.000718288414646, -0.00076004472794], [-7.85962402006e-005, 0.000296597980196, 0.00241329753771, -0.0068972944282, 0.00301507557742, 0.00875202938914, -0.02360560745, 0.0355811752379, -0.0196621287614, 0.00532847689465, 0.00121446012054, 0.00414778199047, -0.00446778628975], [0.00109232601244, -0.00404092064127, -0.000405998114729, 0.00110782496631, -0.000361996440915, -0.00286906422116, 0.0123139321804, -0.0196621287614, 0.03436672315, -0.019785227254, 0.0104453051463, -0.00190565176308, -0.00357543118298], [-0.00108208332676, 0.00354567915201, -0.00167825911194, -0.00340776494704, 3.10117029585e-005, 0.00281914975494, -0.00254628411494, 0.00532847689465, -0.019785227254, 0.0369893983006, -0.0275831520557, 0.0121904425323, -0.00258410605602], [0.000298313476378, -0.00373157951981, 0.00220180070028, -0.00186403142288, 0.00221452815458, 0.000376419135137, -0.00173720519524, 0.00121446012054, 0.0104453051463, -0.0275831520557, 0.0459049828351, -0.0305122230202, 0.0110211744905], [0.000157289061463, 0.00175020704046, -0.00281184935011, 0.00273942411877, -0.00169369205832, -0.000772513158154, -0.000718288414646, 0.00414778199047, -0.00190565176308, 0.0121904425323, -0.0305122230202, 0.0368845798075, -0.0180052760988], [-0.00142191117629, 0.00193858740386, -0.00471068173647, 0.00421250844374, -0.000263236550381, 0.00177707045805, -0.00076004472794, -0.00446778628975, -0.00357543118298, -0.00258410605602, 0.0110211744905, -0.0180052760988, 0.0289534647018]]
    },
    "melbands": {
        "mean": [4.04881866416e-005, 5.92521901126e-005, 6.75147894071e-005, 2.52770169027e-005, 0.000111860979814, 0.000107712083263, 2.66100596491e-005, 1.12847592391e-005, 3.09437455144e-005, 0.000129884152557, 0.00019072885334, 0.00102674716618, 0.00033930464997, 0.000142474280437, 1.62519438618e-006, 2.54781730291e-006, 1.88953038105e-007, 2.25946450882e-007, 1.76853845346e-007, 3.53466191427e-007, 8.8584705793e-008, 5.41655476027e-009, 1.22294201432e-008, 5.82593795428e-009, 1.08955733324e-009, 1.5584720181e-009, 4.85608497858e-010, 1.70729458349e-010, 1.52282478294e-010, 3.30968030759e-011, 2.41893449715e-011, 1.91247712111e-011, 8.90756999411e-012, 9.32889963196e-012, 7.09236142038e-012, 6.08634887281e-012, 5.47899572934e-012, 5.09870964893e-012, 4.16819009863e-012, 3.36151874565e-012],
        "var": [1.15913660892e-008, 1.20888747901e-008, 4.97372232289e-009, 9.12180220247e-010, 1.94740920278e-007, 1.24507891996e-007, 1.73971359541e-009, 3.03501862531e-010, 2.09932142781e-008, 9.78330874091e-008, 2.89929687369e-007, 1.00439401649e-005, 1.99040755433e-006, 4.33457330473e-007, 2.02142226569e-011, 4.33807330336e-011, 1.3454538319e-013, 3.21517497955e-013, 1.50500353282e-013, 4.59845377922e-013, 3.41367389814e-014, 1.15263012618e-016, 1.07327227109e-015, 3.57308434473e-016, 1.34694740867e-017, 1.69769275062e-017, 1.52382860893e-018, 1.95638451229e-019, 1.29984686571e-019, 6.64822021974e-021, 4.45070142749e-021, 3.91902260694e-021, 1.02615834345e-021, 9.55237804315e-022, 5.16302924388e-022, 4.28015580872e-022, 3.39545549793e-022, 2.76512685701e-022, 1.79922183572e-022, 1.60828101973e-022]
    },
    "mfcc": {
        "mean": [-912.314453125, 217.5440979, 36.2515106201, -44.7578239441, -25.5932044983, 2.05537557602, 10.5006723404, 13.7388410568, 8.49223041534, -8.23028945923, -19.8962574005, -13.4757528305, 0.344582349062],
        "cov": [[2117.68164063, 1537.47607422, -379.405181885, -212.801254272, 498.949645996, 216.526229858, -173.802581787, -41.0347175598, 132.887664795, 94.1528625488, 9.19396686554, 21.2332382202, 85.1675796509], [1537.47607422, 1194.37988281, -149.679458618, -119.495147705, 367.639160156, 205.591781616, -106.110221863, -56.2893714905, 78.5510253906, 61.1069908142, -3.79804563522, 16.0989151001, 86.2642440796], [-379.405181885, -149.679458618, 298.05859375, 156.939254761, -46.9909057617, 15.8908147812, 24.5909347534, -65.6713638306, -69.7734222412, -17.2613182068, 14.9544391632, 22.5632305145, 21.7374420166], [-212.801254272, -119.495147705, 156.939254761, 190.290618896, 59.5245475769, -32.1284637451, -71.3120193481, -90.1270904541, -58.0404090881, 20.3432216644, 76.9599990845, 61.459903717, -2.97703766823], [498.949645996, 367.639160156, -46.9909057617, 59.5245475769, 246.123321533, 101.665184021, -85.8510742188, -73.5172653198, 12.7769994736, 54.9720001221, 61.8951873779, 53.1496162415, 22.174446106], [216.526229858, 205.591781616, 15.8908147812, -32.1284637451, 101.665184021, 185.905715942, 113.361862183, 34.1854476929, 19.9560775757, 2.05988383293, -19.8400421143, -0.746711075306, 41.7088470459], [-173.802581787, -106.110221863, 24.5909347534, -71.3120193481, -85.8510742188, 113.361862183, 239.914886475, 162.9478302, 29.0815429688, -50.6503295898, -66.2217483521, -30.0170822144, 32.5825271606], [-41.0347175598, -56.2893714905, -65.6713638306, -90.1270904541, -73.5172653198, 34.1854476929, 162.9478302, 185.147720337, 89.4127883911, -19.4205589294, -63.2496604919, -40.7931632996, 10.5362358093], [132.887664795, 78.5510253906, -69.7734222412, -58.0404090881, 12.7769994736, 19.9560775757, 29.0815429688, 89.4127883911, 124.487014771, 75.2460861206, -12.0260572433, -53.906124115, -31.1317443848], [94.1528625488, 61.1069908142, -17.2613182068, 20.3432216644, 54.9720001221, 2.05988383293, -50.6503295898, -19.4205589294, 75.2460861206, 132.530776978, 78.8451461792, -23.7951145172, -70.7560424805], [9.19396686554, -3.79804563522, 14.9544391632, 76.9599990845, 61.8951873779, -19.8400421143, -66.2217483521, -63.2496604919, -12.0260572433, 78.8451461792, 119.439323425, 58.2717857361, -37.1468467712], [21.2332382202, 16.0989151001, 22.5632305145, 61.459903717, 53.1496162415, -0.746711075306, -30.0170822144, -40.7931632996, -53.906124115, -23.7951145172, 58.2717857361, 109.743141174, 68.6955718994], [85.1675796509, 86.2642440796, 21.7374420166, -2.97703766823, 22.174446106, 41.7088470459, 32.5825271606, 10.5362358093, -31.1317443848, -70.7560424805, -37.1468467712, 68.6955718994, 142.316390991]],
        "icov": [[-129.806549072, 184.098205566, -184.411392212, 181.949752808, -173.386306763, 156.555862427, -131.750686646, 101.447410583, -69.9937744141, 41.9737472534, -20.8491382599, 7.73247051239, -1.76649832726], [184.098205566, -258.159332275, 250.826416016, -237.11668396, 215.577392578, -185.983154297, 150.174438477, -111.544708252, 74.6274261475, -43.6022872925, 21.1789722443, -7.70776224136, 1.72785437107], [-184.411392212, 250.826416016, -222.861633301, 182.031723022, -135.49055481, 90.5447616577, -52.8900108337, 25.6504306793, -9.06121635437, 1.16350400448, 1.20188677311, -0.984595537186, 0.339635461569], [181.949752808, -237.11668396, 182.031723022, -105.46811676, 25.9471168518, 39.2468223572, -79.2430343628, 91.1334152222, -80.2909622192, 56.8565711975, -31.9221248627, 12.9675931931, -3.20592713356], [-173.386306763, 215.577392578, -135.49055481, 25.9471168518, 84.0580978394, -167.816268921, 209.514007568, -206.252304077, 168.601333618, -114.436225891, 62.5589141846, -24.9923381805, 6.0946688652], [156.555862427, -185.983154297, 90.5447616577, 39.2468223572, -167.816268921, 262.458618164, -304.01675415, 289.428314209, -232.544708252, 156.358932495, -85.0459289551, 33.8835830688, -8.24674606323], [-131.750686646, 150.174438477, -52.8900108337, -79.2430343628, 209.514007568, -304.01675415, 342.83013916, -322.646942139, 258.018188477, -173.280975342, 94.3398971558, -37.6586341858, 9.18250656128], [101.447410583, -111.544708252, 25.6504306793, 91.1334152222, -206.252304077, 289.428314209, -322.646942139, 302.601928711, -242.092529297, 163.010772705, -89.1229934692, 35.7498550415, -8.76259899139], [-69.9937744141, 74.6274261475, -9.06121635437, -80.2909622192, 168.601333618, -232.544708252, 258.018188477, -242.092529297, 194.342300415, -131.538955688, 72.4131164551, -29.2668857574, 7.23257446289], [41.9737472534, -43.6022872925, 1.16350400448, 56.8565711975, -114.436225891, 156.358932495, -173.280975342, 163.010772705, -131.538955688, 89.6984176636, -49.859588623, 20.3811721802, -5.09881401062], [-20.8491382599, 21.1789722443, 1.20188677311, -31.9221248627, 62.5589141846, -85.0459289551, 94.3398971558, -89.1229934692, 72.4131164551, -49.859588623, 28.0951404572, -11.6698188782, 2.9825129509], [7.73247051239, -7.70776224136, -0.984595537186, 12.9675931931, -24.9923381805, 33.8835830688, -37.6586341858, 35.7498550415, -29.2668857574, 20.3811721802, -11.6698188782, 4.96407365799, -1.30623197556], [-1.76649832726, 1.72785437107, 0.339635461569, -3.20592713356, 6.0946688652, -8.24674606323, 9.18250656128, -8.76259899139, 7.23257446289, -5.09881401062, 2.9825129509, -1.30623197556, 0.367739409208]]
    },
    "spectral_contrast_coeffs": {
        "mean": [-0.652200937271, -0.730223476887, -0.59681558609, -0.741781949997, -0.791274905205, -0.895859837532],
        "var": [0.00451450422406, 0.00576534168795, 0.00940557941794, 0.00183715228923, 0.00229134387337, 0.00109831965528]
    },
    "spectral_contrast_valleys": {
        "mean": [-9.36460113525, -8.38108634949, -8.95059299469, -11.0320720673, -13.3756933212, -15.4403800964],
        "var": [1.81384599209, 1.33776021004, 1.38602292538, 1.39484190941, 0.602071464062, 1.00886726379]
    }
},
"metadata": {
    "audio_properties": {
        "analysis_sample_rate": 44100,
        "bit_rate": 88240,
        "equal_loudness": 0,
        "length": 45.0873451233,
        "lossless": 0,
        "replay_gain": -10.0719738007,
        "sample_rate": 44100,
        "codec": "mp3",
        "downmix": "mix",
        "md5_encoded": "cae0c1c50f6f4a22c3f4e168a96e2493"
    },
    "tags": {
        "file_name": "637.mp3"
    },
    "version": {
        "essentia": "2.1-beta2",
        "essentia_git_sha": "v2.1_beta2",
        "extractor": "music 1.0"
    }
},
"rhythm": {
    "beats_count": 104,
    "beats_loudness": {
        "mean": 0.0287312492728,
        "var": 0.00167306489311
    },
    "bpm": 140.05166626,
    "bpm_histogram_first_peak_bpm": {
        "mean": 140,
        "var": 0
    },
    "bpm_histogram_first_peak_spread": {
        "mean": 0.639175236225,
        "var": 0
    },
    "bpm_histogram_first_peak_weight": {
        "mean": 0.339805811644,
        "var": 0
    },
    "bpm_histogram_second_peak_bpm": {
        "mean": 133,
        "var": 0
    },
    "bpm_histogram_second_peak_spread": {
        "mean": 0.400000035763,
        "var": 0
    },
    "bpm_histogram_second_peak_weight": {
        "mean": 0.0291262138635,
        "var": 0
    },
    "danceability": 1.22858870029,
    "onset_rate": 1.48543071747,
    "beats_loudness_band_ratio": {
        "mean": [0.0939503014088, 0.167393222451, 0.237319886684, 0.526396930218, 0.00124148884788, 1.29253512569e-005],
        "var": [0.014975531958, 0.0663826614618, 0.0857551842928, 0.146673545241, 1.79445692083e-006, 3.00927616159e-010]
    },
    "beats_position": [0.441179126501, 0.893968224525, 1.34675729275, 1.764716506, 2.20589566231, 2.62385487556, 3.05342388153, 3.48299312592, 3.9125623703, 4.34213161469, 4.78331041336, 5.21287965775, 5.64244890213, 6.08362817764, 6.51319694519, 6.94276618958, 7.37233543396, 7.80190467834, 8.23147392273, 8.66104316711, 9.07900238037, 9.52018165588, 9.94974994659, 10.3909292221, 10.8321084976, 11.2732877731, 11.7028570175, 12.1208162308, 12.538775444, 12.9567346573, 13.3863039017, 13.8274831772, 14.268661499, 14.6866207123, 15.1161899567, 15.545759201, 15.9753284454, 16.4165077209, 16.8576869965, 17.298866272, 17.7400455475, 18.181224823, 18.6224040985, 19.0403633118, 19.4699325562, 19.8994998932, 20.3174591064, 20.7238082886, 21.153377533, 21.5829467773, 22.0009059906, 22.430475235, 22.8484344482, 23.312833786, 23.7307929993, 24.1487522125, 24.5667114258, 25.0078907013, 25.4258499146, 25.8438091278, 26.2617683411, 26.6797275543, 27.0976867676, 27.5156459808, 27.9336051941, 28.3515644073, 28.7695236206, 29.1874828339, 29.6286621094, 30.0698413849, 30.5110206604, 30.9521980286, 31.3933773041, 31.8229465485, 32.2525177002, 32.6704750061, 33.0884361267, 33.5063934326, 33.9243545532, 34.3539237976, 34.783493042, 35.2014503479, 35.6194114685, 36.0489807129, 36.4901580811, 36.9197273254, 37.3492965698, 37.790473938, 38.2200431824, 38.6496124268, 39.0791816711, 39.520362854, 39.9383201599, 40.3562812805, 40.7742385864, 41.192199707, 41.6101570129, 42.0397262573, 42.4692955017, 42.9104766846, 43.3516540527, 43.7928352356, 44.257232666, 44.7100219727]
},
"tonal": {
    "chords_changes_rate": 0.0277777779847,
    "chords_number_rate": 0.00720164598897,
    "chords_strength": {
        "mean": 0.520204305649,
        "var": 0.0146576985717
    },
    "hpcp_entropy": {
        "mean": 1.41878402233,
        "var": 0.190415129066
    },
    "key_strength": 0.655798733234,
    "tuning_diatonic_strength": 0.483126878738,
    "tuning_equal_tempered_deviation": 0.0612093806267,
    "tuning_frequency": 441.782684326,
    "tuning_nontempered_energy_ratio": 0.641811192036,
    "hpcp": {
        "mean": [0.508805811405, 0.246763914824, 0.00106405548286, 0.000466582190711, 0.00185288209468, 0.0268013197929, 0.0471383333206, 0.0273328199983, 0.140550404787, 0.266873031855, 0.132264018059, 0.00108521804214, 0.00125783297699, 0.0106988679618, 0.127214923501, 0.188877344131, 0.0763411745429, 0.00728141097352, 0.00419652229175, 0.0071880207397, 0.048267673701, 0.0760760456324, 0.0570212937891, 0.25011831522, 0.354018330574, 0.13869355619, 0.0369376055896, 0.0293090175837, 0.01307111606, 0.0844800546765, 0.105724267662, 0.0341803170741, 0.00423199031502, 0.000924866471905, 0.00340455258265, 0.26621183753],
        "var": [0.168537899852, 0.0431002601981, 8.62057349877e-005, 2.9965815429e-006, 2.32766487898e-005, 0.010014006868, 0.038480989635, 0.00928977690637, 0.0355257838964, 0.146263659, 0.038761023432, 7.28915074433e-006, 1.04338978417e-005, 0.000579300045501, 0.0500179678202, 0.103674471378, 0.0163168068975, 0.000607493624557, 0.000240155932261, 0.00227314815857, 0.0199580639601, 0.0512621514499, 0.013153471984, 0.0896120220423, 0.168657943606, 0.026123540476, 0.00791093427688, 0.0049497676082, 0.000735553563572, 0.041839633137, 0.0634393393993, 0.00529852835461, 8.76209815033e-005, 4.02532077715e-006, 4.36633963545e-005, 0.0424825027585]
    },
    "chords_histogram": [36.7283935547, 0, 9.87654304504, 4.73251008987, 5.24691343307, 0, 6.58436203003, 1.23456788063, 0, 0, 0, 0, 0, 0, 0, 0, 0, 0, 0, 0.102880656719, 0, 0, 0, 35.4938278198],
    "thpcp": [1, 0.484986424446, 0.00209128018469, 0.000917014258448, 0.00364162912592, 0.0526749491692, 0.092645034194, 0.0537195503712, 0.276235848665, 0.524508595467, 0.259949892759, 0.00213287281804, 0.00247212778777, 0.0210274085402, 0.250026464462, 0.371216952801, 0.150039896369, 0.0143107855693, 0.00824778806418, 0.0141272377223, 0.094864629209, 0.149518817663, 0.112068869174, 0.491579115391, 0.695782780647, 0.27258643508, 0.0725966691971, 0.0576035417616, 0.0256897937506, 0.166035950184, 0.207789033651, 0.0671775266528, 0.00831749569625, 0.00181771989446, 0.00669126119465, 0.523209095001],
    "chords_key": "F",
    "chords_scale": "major",
    "key_key": "F",
    "key_scale": "major"
}
}