{
"lowlevel": {
    "average_loudness": 0.811079144478,
    "barkbands_crest": {
        "mean": 12.6800785065,
        "var": 16.1285362244
    },
    "barkbands_flatness_db": {
        "mean": 0.448283851147,
        "var": 0.00144721847028
    },
    "barkbands_kurtosis": {
        "mean": 5.58200120926,
        "var": 24.1473579407
    },
    "barkbands_skewness": {
        "mean": 1.34113192558,
        "var": 0.880340516567
    },
    "barkbands_spread": {
        "mean": 2.297301054,
        "var": 2.16863059998
    },
    "dissonance": {
        "mean": 0.349327027798,
        "var": 0.00434608571231
    },
    "dynamic_complexity": 4.42238616943,
    "erbbands_crest": {
        "mean": 14.5796709061,
        "var": 42.2669906616
    },
    "erbbands_flatness_db": {
        "mean": 0.463534504175,
        "var": 0.00129862688482
    },
    "erbbands_kurtosis": {
        "mean": 3.01733589172,
        "var": 28.0272903442
    },
    "erbbands_skewness": {
        "mean": 1.01904380322,
        "var": 0.761398613453
    },
    "erbbands_spread": {
        "mean": 6.46178483963,
        "var": 8.7705488205
    },
    "hfc": {
        "mean": 6.49116420746,
        "var": 170.036773682
    },
    "melbands_crest": {
        "mean": 14.7196578979,
        "var": 32.0169677734
    },
    "melbands_flatness_db": {
        "mean": 0.568495631218,
        "var": 0.00178615446202
    },
    "melbands_kurtosis": {
        "mean": 5.15501260757,
        "var": 19.7516822815
    },
    "melbands_skewness": {
        "mean": 1.13557350636,
        "var": 0.69870775938
    },
    "melbands_spread": {
        "mean": 4.14294624329,
        "var": 35.6305809021
    },
    "pitch_salience": {
        "mean": 0.590478479862,
        "var": 0.0193794220686
    },
    "silence_rate_20dB": {
        "mean": 1,
        "var": 0
    },
    "silence_rate_30dB": {
        "mean": 0.986103951931,
        "var": 0.013702574186
    },
    "silence_rate_60dB": {
        "mean": 0.166237771511,
        "var": 0.138602405787
    },
    "spectral_centroid": {
        "mean": 442.865966797,
        "var": 183868.84375
    },
    "spectral_complexity": {
        "mean": 7.41791057587,
        "var": 3.50418710709
    },
    "spectral_decrease": {
        "mean": -3.33064220648e-009,
        "var": 3.11674044748e-017
    },
    "spectral_energy": {
        "mean": 0.0131593709812,
        "var": 0.00049371086061
    },
    "spectral_energyband_high": {
        "mean": 7.74064190523e-009,
        "var": 4.9420637057e-015
    },
    "spectral_energyband_low": {
        "mean": 9.70844121184e-005,
        "var": 1.57393529321e-008
    },
    "spectral_energyband_middle_high": {
        "mean": 0.00135888089426,
        "var": 6.7749308073e-005
    },
    "spectral_energyband_middle_low": {
        "mean": 0.0118145057932,
        "var": 0.000391378591303
    },
    "spectral_entropy": {
        "mean": 5.24158334732,
        "var": 0.101629942656
    },
    "spectral_flux": {
        "mean": 0.0292589981109,
        "var": 0.00140657881275
    },
    "spectral_kurtosis": {
        "mean": 246.097183228,
        "var": 4350.34375
    },
    "spectral_rms": {
        "mean": 0.0030182141345,
        "var": 3.72879026145e-006
    },
    "spectral_rolloff": {
        "mean": 572.430114746,
        "var": 677553.125
    },
    "spectral_skewness": {
        "mean": 11.7168769836,
        "var": 5.88777303696
    },
    "spectral_spread": {
        "mean": 638824.6875,
        "var": 2.78112554189e+012
    },
    "spectral_strongpeak": {
        "mean": 1.00920116901,
        "var": 1.49130415916
    },
    "zerocrossingrate": {
        "mean": 0.0215353891253,
        "var": 0.000484135613078
    },
    "barkbands": {
        "mean": [6.49825096843e-007, 1.56101177708e-005, 2.84744182864e-005, 0.00027776294155, 0.00135884422343, 0.0022605387494, 0.00378369423561, 0.00364369526505, 0.000369488872821, 0.000959065800998, 0.00032962334808, 9.12829054869e-005, 2.50679895544e-005, 6.47883143756e-006, 5.55828728466e-006, 2.93128960038e-006, 4.73391679634e-007, 8.99607641713e-008, 5.1765670861e-008, 9.16893405645e-009, 1.37450806292e-009, 8.28450030799e-010, 6.83751943953e-010, 6.17140838433e-010, 6.07233041627e-010, 6.16273698739e-010, 6.03629091156e-010],
        "var": [7.71096619716e-013, 1.22372456612e-009, 2.49035903011e-009, 2.09680564467e-007, 6.07989989021e-007, 8.36500748846e-006, 0.000117043600767, 0.000147449507494, 1.41208658988e-006, 6.05832101428e-005, 5.66599783269e-006, 7.19439128716e-007, 1.94119897934e-009, 1.39746658689e-010, 4.43273716344e-011, 3.0104724269e-011, 2.74791121932e-013, 3.01882135826e-014, 9.69722112126e-015, 7.60390423536e-016, 1.68733370311e-016, 1.1266554638e-016, 8.72131327575e-017, 7.34780700013e-017, 6.57087066147e-017, 6.30827390421e-017, 2.60935116847e-017]
    },
    "erbbands": {
        "mean": [0.000179335736902, 0.00493665551767, 0.0349542610347, 0.388328284025, 1.74913036823, 5.85261011124, 8.40874767303, 23.6438350677, 30.0562381744, 120.079208374, 36.5311927795, 11.7718782425, 10.7116203308, 34.8722000122, 13.5318651199, 4.90966939926, 1.61064350605, 0.499653071165, 0.279233455658, 0.249027118087, 0.102343648672, 0.0252213273197, 0.00858718715608, 0.00384638295509, 0.00184815283865, 0.000366587657481, 0.000101997167803, 5.35315957677e-005, 3.69233603124e-005, 3.06427464238e-005, 2.61545774265e-005, 2.150970613e-005, 1.80875049409e-005, 1.50695932462e-005, 1.20398799481e-005, 8.868738405e-006, 5.10177414981e-006, 1.18692753404e-006, 6.38303617961e-006, 1.48242352225e-005],
        "var": [1.30381579311e-007, 0.000107047526399, 0.0028164673131, 0.346733093262, 2.55430316925, 15.5519609451, 34.0924301147, 1194.6574707, 3098.16943359, 129185.421875, 10047.3222656, 1018.70117188, 2297.15014648, 87887.0859375, 6135.38867188, 1903.71459961, 18.6555767059, 0.515069961548, 0.115878693759, 0.178541198373, 0.0414794124663, 0.000709987594746, 0.000235163228353, 4.65196499135e-005, 1.40028205351e-005, 8.92645743988e-007, 3.38672293765e-007, 2.38014621345e-007, 1.51434974782e-007, 1.00263243041e-007, 6.67847359637e-008, 3.80164060232e-008, 1.89745605894e-008, 8.90440698953e-009, 3.45530115631e-009, 1.16111409376e-009, 2.66951905026e-010, 2.68789799446e-011, 1.18744347688e-010, 6.36435848467e-010]
    },
    "gfcc": {
        "mean": [-289.355224609, 265.313659668, -101.30380249, -101.840988159, -38.4969062805, -38.6010894775, -48.8027458191, -24.7153606415, -16.187040329, -19.5655422211, -1.49637973309, -8.39963054657, -1.6481385231],
        "cov": [[3590.42407227, 251.718231201, -311.396270752, -128.088729858, -52.2442741394, -135.352661133, 207.192886353, 335.735198975, 104.316719055, 96.4499053955, 88.2916641235, -135.079833984, -121.079299927], [251.718231201, 340.581573486, -2.2088971138, -53.6112709045, 81.7478408813, 3.78722000122, -34.5642814636, -33.5665283203, -30.1377658844, -37.9216651917, -13.6442184448, -14.0228977203, 5.36112260818], [-311.396270752, -2.2088971138, 160.647293091, 58.1446685791, 9.72977352142, 50.1070823669, -16.3877544403, -39.4794807434, 7.42879533768, -1.05769848824, -15.6952190399, 12.0963373184, 5.41840934753], [-128.088729858, -53.6112709045, 58.1446685791, 136.953079224, 43.4496765137, 24.7464752197, 12.0416059494, -2.2192504406, -8.18271064758, 3.69096088409, -5.20741796494, -8.62878227234, -20.3380813599], [-52.2442741394, 81.7478408813, 9.72977352142, 43.4496765137, 115.791099548, 10.5556526184, 9.82485198975, 13.9778165817, -15.3108301163, -8.79298686981, 8.24832630157, -10.9914464951, -8.73723697662], [-135.352661133, 3.78722000122, 50.1070823669, 24.7464752197, 10.5556526184, 85.6790618896, 23.747467041, -26.1688499451, -2.24429106712, -7.19503116608, -16.8182220459, 21.421037674, 20.9528064728], [207.192886353, -34.5642814636, -16.3877544403, 12.0416059494, 9.82485198975, 23.747467041, 99.1604614258, 82.9489746094, 19.9082889557, 21.0043106079, 11.9533500671, -16.1339092255, -6.42406797409], [335.735198975, -33.5665283203, -39.4794807434, -2.2192504406, 13.9778165817, -26.1688499451, 82.9489746094, 121.916656494, 51.3503761292, 40.2340316772, 27.7436847687, -30.0000286102, -25.577255249], [104.316719055, -30.1377658844, 7.42879533768, -8.18271064758, -15.3108301163, -2.24429106712, 19.9082889557, 51.3503761292, 68.6627960205, 47.3939247131, 12.6434497833, -10.0791692734, -11.2379922867], [96.4499053955, -37.9216651917, -1.05769848824, 3.69096088409, -8.79298686981, -7.19503116608, 21.0043106079, 40.2340316772, 47.3939247131, 56.687210083, 30.8764019012, -10.2319011688, -16.4946022034], [88.2916641235, -13.6442184448, -15.6952190399, -5.20741796494, 8.24832630157, -16.8182220459, 11.9533500671, 27.7436847687, 12.6434497833, 30.8764019012, 52.8220405579, 18.7384223938, -7.24190998077], [-135.079833984, -14.0228977203, 12.0963373184, -8.62878227234, -10.9914464951, 21.421037674, -16.1339092255, -30.0000286102, -10.0791692734, -10.2319011688, 18.7384223938, 60.185295105, 39.5102958679], [-121.079299927, 5.36112260818, 5.41840934753, -20.3380813599, -8.73723697662, 20.9528064728, -6.42406797409, -25.577255249, -11.2379922867, -16.4946022034, -7.24190998077, 39.5102958679, 57.7715911865]],
        "icov": [[0.000645915977657, -0.00110882276203, 0.000893791962881, -0.000725987600163, 0.00203576730564, -0.00139964767732, 0.00140834378544, -0.00314772455022, 0.000935130810831, 0.00032594698132, -0.00152956834063, 0.00138457876164, -0.000167947990121], [-0.00110882276203, 0.00749832903966, -0.00188778771553, 0.00448964582756, -0.00757299689576, -4.66310075353e-006, -0.00121617596596, 0.00854292698205, -0.00642837397754, 0.00874765310436, -0.00589109677821, 0.00712934834883, -0.00312595348805], [0.000893791962881, -0.00188778771553, 0.0117424242198, -0.00611858535558, 0.00370824988931, -0.0060797794722, 0.00129501067568, 0.00247527239844, -0.00962952524424, 0.00886163022369, -0.0089236907661, 0.00705761788413, -0.00248959008604], [-0.000725987600163, 0.00448964582756, -0.00611858535558, 0.0176046304405, -0.0120287770405, 0.00423615798354, -0.00282313744538, -0.000932361755986, 0.015134899877, -0.0227283239365, 0.0255793295801, -0.0205427091569, 0.0144615676254], [0.00203576730564, -0.00757299689576, 0.00370824988931, -0.0120287770405, 0.0296451039612, -0.0249194074422, 0.0274059120566, -0.0319149270654, 0.00959695316851, 0.0173853430897, -0.0333092957735, 0.0315619334579, -0.016104221344], [-0.00139964767732, -4.66310075353e-006, -0.0060797794722, 0.00423615798354, -0.0249194074422, 0.0796550214291, -0.0870247110724, 0.0823961421847, -0.0388457737863, -0.0152615299448, 0.05002271384, -0.0599340796471, 0.028618529439], [0.00140834378544, -0.00121617596596, 0.00129501067568, -0.00282313744538, 0.0274059120566, -0.0870247110724, 0.137797668576, -0.142025023699, 0.0914824903011, -0.032713547349, -0.00959272123873, 0.034153919667, -0.0260047540069], [-0.00314772455022, 0.00854292698205, 0.00247527239844, -0.000932361755986, -0.0319149270654, 0.0823961421847, -0.142025023699, 0.184390306473, -0.14019434154, 0.0852439850569, -0.0472559817135, 0.0168794505298, 0.0027811168693], [0.000935130810831, -0.00642837397754, -0.00962952524424, 0.015134899877, 0.00959695316851, -0.0388457737863, 0.0914824903011, -0.14019434154, 0.176525205374, -0.164348199964, 0.121395848691, -0.0814417228103, 0.0307628177106], [0.00032594698132, 0.00874765310436, 0.00886163022369, -0.0227283239365, 0.0173853430897, -0.0152615299448, -0.032713547349, 0.0852439850569, -0.164348199964, 0.23860900104, -0.210676312447, 0.164110213518, -0.0691827684641], [-0.00152956834063, -0.00589109677821, -0.0089236907661, 0.0255793295801, -0.0333092957735, 0.05002271384, -0.00959272123873, -0.0472559817135, 0.121395848691, -0.210676312447, 0.248772040009, -0.206610739231, 0.0979647636414], [0.00138457876164, 0.00712934834883, 0.00705761788413, -0.0205427091569, 0.0315619334579, -0.0599340796471, 0.034153919667, 0.0168794505298, -0.0814417228103, 0.164110213518, -0.206610739231, 0.21019731462, -0.106513470411], [-0.000167947990121, -0.00312595348805, -0.00248959008604, 0.0144615676254, -0.016104221344, 0.028618529439, -0.0260047540069, 0.0027811168693, 0.0307628177106, -0.0691827684641, 0.0979647636414, -0.106513470411, 0.0794536992908]]
    },
    "melbands": {
        "mean": [2.95385439131e-006, 1.24111802506e-005, 0.000115245580673, 0.000246984971454, 0.000321303581586, 0.000497725734022, 0.000525930547155, 0.00126964226365, 0.000210882324609, 6.12003714195e-005, 5.30918587174e-005, 0.000148746417835, 5.02650655108e-005, 1.3132433196e-005, 7.18175715519e-006, 2.27663213082e-006, 7.55207395287e-007, 4.05223659072e-007, 3.43204561659e-007, 3.03886594111e-007, 7.99906132443e-008, 2.68359183764e-008, 1.29213431066e-008, 4.01857924714e-009, 3.13534043173e-009, 1.31357791311e-009, 7.77078734693e-010, 1.26393714939e-010, 6.19386555933e-011, 3.43051524687e-011, 2.35941509386e-011, 1.76006882679e-011, 1.47475729545e-011, 1.27418136806e-011, 1.1131324161e-011, 9.51963074342e-012, 7.98146097825e-012, 7.03520358289e-012, 6.2870763283e-012, 5.58191340372e-012],
        "var": [4.16965975636e-011, 5.08700748192e-010, 2.6381711038e-008, 2.09951824814e-008, 4.40654197575e-008, 4.83639951199e-007, 1.21543712339e-006, 1.45992044054e-005, 3.297764124e-007, 3.52883056109e-008, 6.63547723434e-008, 1.70325131421e-006, 1.30925386088e-007, 8.17228329453e-009, 2.85189427629e-009, 1.6390225982e-011, 1.81407905191e-012, 2.6373852104e-013, 1.85697431824e-013, 3.11287643882e-013, 3.64604044656e-014, 7.76005528858e-016, 6.95284824232e-016, 6.8897739339e-017, 4.01201489893e-017, 7.64023552987e-018, 3.42785093408e-018, 2.54426125664e-019, 1.42430058326e-019, 9.66549495152e-020, 7.38808448693e-020, 5.09239430016e-020, 3.55175199159e-020, 2.90249178957e-020, 2.1949179393e-020, 1.88409545372e-020, 1.23802668252e-020, 9.32195472623e-021, 7.44884784995e-021, 5.6535403799e-021]
    },
    "mfcc": {
        "mean": [-876.821777344, 244.235641479, 31.7551994324, -46.6398735046, -19.9954986572, -12.035949707, -27.2664451599, -24.9045696259, -16.3959903717, -18.0864505768, -17.057888031, -6.04814386368, 1.84133136272],
        "cov": [[864.935241699, 571.19329834, -200.114715576, -72.1236190796, 82.286819458, -96.416557312, -32.1821174622, 135.665206909, 102.949737549, 97.0121307373, 139.388137817, 102.488555908, 79.0106582642], [571.19329834, 422.021911621, -75.2038803101, -48.7883415222, 46.7214736938, -40.0599632263, -12.337887764, 82.2070236206, 72.9718093872, 62.8786048889, 78.6678161621, 61.5500335693, 49.5878067017], [-200.114715576, -75.2038803101, 139.741104126, 44.8131637573, -15.9508275986, 54.5699272156, 23.2538948059, -38.7123947144, -19.0214767456, -20.676399231, -43.524810791, -26.7009391785, -15.1643333435], [-72.1236190796, -48.7883415222, 44.8131637573, 69.0656051636, 39.3708496094, 19.1783180237, 8.54500102997, -5.80980634689, -10.8157806396, -3.70638942719, 2.79607176781, 6.81521940231, 7.35293531418], [82.286819458, 46.7214736938, -15.9508275986, 39.3708496094, 74.1953811646, 29.4621505737, 6.49003553391, 17.3216495514, 11.1474227905, 6.92512464523, 19.76978302, 23.5591468811, 12.1024227142], [-96.416557312, -40.0599632263, 54.5699272156, 19.1783180237, 29.4621505737, 80.6701278687, 40.5674285889, -9.44146156311, -5.24798631668, -16.5964756012, -29.0712127686, -13.3113193512, -12.922914505], [-32.1821174622, -12.337887764, 23.2538948059, 8.54500102997, 6.49003553391, 40.5674285889, 51.2698364258, 27.3235569, 5.66258859634, -5.04232168198, -9.0875082016, -5.56025505066, -0.864795923233], [135.665206909, 82.2070236206, -38.7123947144, -5.80980634689, 17.3216495514, -9.44146156311, 27.3235569, 69.780921936, 45.6001167297, 23.2076511383, 25.387966156, 16.8766117096, 10.8458900452], [102.949737549, 72.9718093872, -19.0214767456, -10.8157806396, 11.1474227905, -5.24798631668, 5.66258859634, 45.6001167297, 59.7795562744, 45.9008293152, 25.5059947968, 8.0625333786, 2.67585778236], [97.0121307373, 62.8786048889, -20.676399231, -3.70638942719, 6.92512464523, -16.5964756012, -5.04232168198, 23.2076511383, 45.9008293152, 69.9704284668, 59.2999801636, 21.9696140289, 12.0880336761], [139.388137817, 78.6678161621, -43.524810791, 2.79607176781, 19.76978302, -29.0712127686, -9.0875082016, 25.387966156, 25.5059947968, 59.2999801636, 89.8685073853, 61.4460220337, 27.836561203], [102.488555908, 61.5500335693, -26.7009391785, 6.81521940231, 23.5591468811, -13.3113193512, -5.56025505066, 16.8766117096, 8.0625333786, 21.9696140289, 61.4460220337, 70.4317016602, 42.6470565796], [79.0106582642, 49.5878067017, -15.1643333435, 7.35293531418, 12.1024227142, -12.922914505, -0.864795923233, 10.8458900452, 2.67585778236, 12.0880336761, 27.836561203, 42.6470565796, 60.16248703]],
        "icov": [[579.108581543, -1019.42004395, 1535.94519043, -2153.51147461, 2621.26611328, -2759.43554688, 2524.82006836, -2009.06335449, 1378.625, -801.011047363, 379.175476074, -134.467224121, 27.9994487762], [-1019.42004395, 1794.67724609, -2704.23901367, 3791.46459961, -4614.45214844, 4856.74658203, -4442.62939453, 3533.87597656, -2423.90917969, 1407.56677246, -665.835144043, 235.90322876, -49.0466270447], [1535.94519043, -2704.23901367, 4075.15136719, -5713.49462891, 6953.09326172, -7317.10449219, 6691.80517578, -5321.50292969, 3648.79248047, -2117.92529297, 1001.29644775, -354.48449707, 73.6010971069], [-2153.51147461, 3791.46459961, -5713.49462891, 8010.92382813, -9749.953125, 10261.8759766, -9386.74023438, 7466.43408203, -5121.05126953, 2973.60986328, -1406.50549316, 498.249084473, -103.552825928], [2621.26611328, -4614.45214844, 6953.09326172, -9749.953125, 11869.78125, -12498.1933594, 11438.7138672, -9105.20898438, 6250.61816406, -3633.58227539, 1721.10791016, -610.848327637, 127.333526611], [-2759.43554688, 4856.74658203, -7317.10449219, 10261.8759766, -12498.1933594, 13168.2636719, -12062.28125, 9612.23046875, -6607.72119141, 3847.79858398, -1826.5480957, 650.139709473, -136.149353027], [2524.82006836, -4442.62939453, 6691.80517578, -9386.74023438, 11438.7138672, -12062.28125, 11061.9423828, -8828.27148438, 6079.99804688, -3548.73144531, 1689.54724121, -603.722717285, 127.222183228], [-2009.06335449, 3533.87597656, -5321.50292969, 7466.43408203, -9105.20898438, 9612.23046875, -8828.27148438, 7059.38183594, -4873.44433594, 2853.10766602, -1363.57080078, 489.717193604, -104.043136597], [1378.625, -2423.90917969, 3648.79248047, -5121.05126953, 6250.61816406, -6607.72119141, 6079.99804688, -4873.44433594, 3374.375, -1982.87438965, 952.146850586, -344.097290039, 73.8441772461], [-801.011047363, 1407.56677246, -2117.92529297, 2973.60986328, -3633.58227539, 3847.79858398, -3548.73144531, 2853.10766602, -1982.87438965, 1170.72766113, -565.551574707, 206.014633179, -44.7744064331], [379.175476074, -665.835144043, 1001.29644775, -1406.50549316, 1721.10791016, -1826.5480957, 1689.54724121, -1363.57080078, 952.146850586, -565.551574707, 275.324798584, -101.322723389, 22.3778400421], [-134.467224121, 235.90322876, -354.48449707, 498.249084473, -610.848327637, 650.139709473, -603.722717285, 489.717193604, -344.097290039, 206.014633179, -101.322723389, 37.8196754456, -8.53926849365], [27.9994487762, -49.0466270447, 73.6010971069, -103.552825928, 127.333526611, -136.149353027, 127.222183228, -104.043136597, 73.8441772461, -44.7744064331, 22.3778400421, -8.53926849365, 2.01537847519]]
    },
    "spectral_contrast_coeffs": {
        "mean": [-0.48480001092, -0.635938167572, -0.710248172283, -0.717011034489, -0.751709938049, -0.925882041454],
        "var": [0.00515290163457, 0.00682034250349, 0.00415169261396, 0.00181938800961, 0.00086077384185, 0.000927804969251]
    },
    "spectral_contrast_valleys": {
        "mean": [-9.59187602997, -7.11718988419, -8.53969955444, -10.5035686493, -12.9908361435, -14.8981742859],
        "var": [1.21418952942, 1.23552620411, 0.893114030361, 0.846092820168, 0.543683767319, 1.11920714378]
    }
},
"metadata": {
    "audio_properties": {
        "analysis_sample_rate": 44100,
        "bit_rate": 71155,
        "equal_loudness": 0,
        "length": 45.0873451233,
        "lossless": 0,
        "replay_gain": -3.08681488037,
        "sample_rate": 44100,
        "codec": "mp3",
        "downmix": "mix",
        "md5_encoded": "36170572304a74f2dab8ab61a731110a"
    },
    "tags": {
        "file_name": "638.mp3"
    },
    "version": {
        "essentia": "2.1-beta2",
        "essentia_git_sha": "v2.1_beta2",
        "extractor": "music 1.0"
    }
},
"rhythm": {
    "beats_count": 72,
    "beats_loudness": {
        "mean": 0.0268183797598,
        "var": 0.0015897299163
    },
    "bpm": 97.7127380371,
    "bpm_histogram_first_peak_bpm": {
        "mean": 98,
        "var": 0
    },
    "bpm_histogram_first_peak_spread": {
        "mean": 0.440677940845,
        "var": 0
    },
    "bpm_histogram_first_peak_weight": {
        "mean": 0.464788734913,
        "var": 0
    },
    "bpm_histogram_second_peak_bpm": {
        "mean": 92,
        "var": 0
    },
    "bpm_histogram_second_peak_spread": {
        "mean": 0.272727280855,
        "var": 0
    },
    "bpm_histogram_second_peak_weight": {
        "mean": 0.112676054239,
        "var": 0
    },
    "danceability": 1.11997520924,
    "onset_rate": 3.1925675869,
    "beats_loudness_band_ratio": {
        "mean": [0.059441421181, 0.532686293125, 0.431483149529, 0.0673841387033, 0.000962674734183, 5.78755998504e-006],
        "var": [0.00360671640374, 0.0848981514573, 0.0812100768089, 0.0190429650247, 3.72232960899e-007, 2.94050582494e-011]
    },
    "beats_position": [0.603718817234, 1.20743763447, 1.82276642323, 2.43809509277, 3.06503391266, 3.70358276367, 4.34213161469, 5.01551008224, 5.6888885498, 6.3622674942, 7.01242637634, 7.66258478165, 8.28952407837, 8.91646194458, 9.53179073334, 10.1355104446, 10.7392292023, 11.354557991, 12.0047159195, 12.6548748016, 13.3050336838, 13.9551925659, 14.6053514481, 15.2555103302, 15.8824491501, 16.50938797, 17.1247158051, 17.7400455475, 18.3553733826, 18.9823131561, 19.6208610535, 20.2594108582, 20.8747386932, 21.4784584045, 22.0821762085, 22.6975059509, 23.2896137238, 23.9165534973, 24.5434913635, 25.158821106, 25.7625389099, 26.3662586212, 26.9931964874, 27.6085262299, 28.2238540649, 28.8507938385, 29.4661216736, 30.081451416, 30.6967792511, 31.3121089935, 31.9390468597, 32.5543746948, 33.1929244995, 33.8314743042, 34.4351921082, 35.0273017883, 35.6194114685, 36.211517334, 36.8152389526, 37.4073448181, 37.9878463745, 38.6031723022, 39.1952819824, 39.7873916626, 40.3795013428, 40.9832191467, 41.5753288269, 42.1906585693, 42.8059844971, 43.4213142395, 44.0366439819, 44.6519737244]
},
"tonal": {
    "chords_changes_rate": 0.0205761324614,
    "chords_number_rate": 0.00514403311536,
    "chords_strength": {
        "mean": 0.511237919331,
        "var": 0.0066738803871
    },
    "hpcp_entropy": {
        "mean": 1.50580382347,
        "var": 0.309749364853
    },
    "key_strength": 0.69693595171,
    "tuning_diatonic_strength": 0.51550078392,
    "tuning_equal_tempered_deviation": 0.000266018876573,
    "tuning_frequency": 440.763122559,
    "tuning_nontempered_energy_ratio": 0.571435570717,
    "hpcp": {
        "mean": [0.24630844593, 0.110799901187, 0.00364489853382, 0.00329340901226, 0.00718033313751, 0.244418874383, 0.453673958778, 0.223697826266, 0.184133663774, 0.310322493315, 0.138481006026, 0.00461847009137, 0.00241734948941, 0.0051869773306, 0.143519610167, 0.256673038006, 0.122056134045, 0.00948341749609, 0.00714750401676, 0.00556041439995, 0.0626867637038, 0.127967759967, 0.0908722430468, 0.248847469687, 0.385272592306, 0.164110928774, 0.00808582361788, 0.00617082696408, 0.0155486995354, 0.211643502116, 0.328981727362, 0.132023364305, 0.00390917807817, 0.00276223639958, 0.00815438944846, 0.144493043423],
        "var": [0.124339729548, 0.0258465111256, 0.000225785915973, 0.000227944983635, 0.000755606743041, 0.0506950430572, 0.170164898038, 0.0388435646892, 0.0448014624417, 0.128360047936, 0.0275544542819, 0.000687059597112, 0.000157898539328, 0.000219708963414, 0.0360855422914, 0.107438467443, 0.0247443486005, 0.00108240603004, 0.000525348470546, 0.000409051193856, 0.0167410355061, 0.0689587518573, 0.0307367779315, 0.062144998461, 0.126620829105, 0.0275884810835, 0.000785908952821, 0.000357113633072, 0.00147529796232, 0.0640921965241, 0.148193493485, 0.0260576419532, 0.000356032833224, 0.000306732865283, 0.000606616085861, 0.044204775244]
    },
    "chords_histogram": [3.49794244766, 0.102880656719, 48.8683128357, 0, 0, 0, 0, 0, 0, 0, 0, 0, 0, 0, 0, 0, 0, 0, 0, 0, 0, 1.13168728352, 41.872428894, 4.52674913406],
    "thpcp": [1, 0.493080586195, 0.405872225761, 0.684020936489, 0.305243462324, 0.0101801529527, 0.00532838515937, 0.0114332707599, 0.316349685192, 0.565765440464, 0.269039332867, 0.0209035966545, 0.0157547146082, 0.0122564109042, 0.138175800443, 0.282069891691, 0.20030297339, 0.548516094685, 0.849227905273, 0.36173760891, 0.017822984606, 0.0136018982157, 0.0342728495598, 0.466510146856, 0.725150108337, 0.29100933671, 0.00861671287566, 0.00608859350905, 0.0179741177708, 0.318495333195, 0.542919516563, 0.244228035212, 0.00803418084979, 0.00725941825658, 0.0158270783722, 0.538754463196],
    "chords_key": "G",
    "chords_scale": "major",
    "key_key": "C",
    "key_scale": "major"
}
}