{
"lowlevel": {
    "average_loudness": 0.927183449268,
    "barkbands_crest": {
        "mean": 11.1669054031,
        "var": 21.042881012
    },
    "barkbands_flatness_db": {
        "mean": 0.144405081868,
        "var": 0.00275026075542
    },
    "barkbands_kurtosis": {
        "mean": 8.30209255219,
        "var": 127.767715454
    },
    "barkbands_skewness": {
        "mean": 2.26923274994,
        "var": 2.44685602188
    },
    "barkbands_spread": {
        "mean": 28.6732254028,
        "var": 409.424530029
    },
    "dissonance": {
        "mean": 0.459354490042,
        "var": 0.000710862746928
    },
    "dynamic_complexity": 2.15791678429,
    "erbbands_crest": {
        "mean": 8.85061740875,
        "var": 17.3485393524
    },
    "erbbands_flatness_db": {
        "mean": 0.124682508409,
        "var": 0.000990378088318
    },
    "erbbands_kurtosis": {
        "mean": 0.258338540792,
        "var": 5.59894037247
    },
    "erbbands_skewness": {
        "mean": 0.413775056601,
        "var": 0.92372494936
    },
    "erbbands_spread": {
        "mean": 65.101020813,
        "var": 689.503417969
    },
    "hfc": {
        "mean": 27.2906703949,
        "var": 995.291931152
    },
    "melbands_crest": {
        "mean": 15.8037195206,
        "var": 31.7623672485
    },
    "melbands_flatness_db": {
        "mean": 0.205792084336,
        "var": 0.00540438992903
    },
    "melbands_kurtosis": {
        "mean": 32.2289466858,
        "var": 1266.87963867
    },
    "melbands_skewness": {
        "mean": 4.22076416016,
        "var": 5.03863286972
    },
    "melbands_spread": {
        "mean": 25.0291175842,
        "var": 982.636901855
    },
    "pitch_salience": {
        "mean": 0.507705569267,
        "var": 0.0185644254088
    },
    "silence_rate_20dB": {
        "mean": 1,
        "var": 0
    },
    "silence_rate_30dB": {
        "mean": 0.986096799374,
        "var": 0.013709560968
    },
    "silence_rate_60dB": {
        "mean": 0.0102986609563,
        "var": 0.0101925078779
    },
    "spectral_centroid": {
        "mean": 1431.53442383,
        "var": 936786.0625
    },
    "spectral_complexity": {
        "mean": 14.1297636032,
        "var": 82.7482147217
    },
    "spectral_decrease": {
        "mean": -7.40371675079e-009,
        "var": 3.83629162745e-017
    },
    "spectral_energy": {
        "mean": 0.030418690294,
        "var": 0.000589049421251
    },
    "spectral_energyband_high": {
        "mean": 0.00246976944618,
        "var": 1.49299676195e-005
    },
    "spectral_energyband_low": {
        "mean": 0.0137807875872,
        "var": 0.000379761622753
    },
    "spectral_energyband_middle_high": {
        "mean": 0.00188599934336,
        "var": 8.52901848702e-006
    },
    "spectral_energyband_middle_low": {
        "mean": 0.0133841969073,
        "var": 0.000142453733133
    },
    "spectral_entropy": {
        "mean": 7.76722192764,
        "var": 0.188435092568
    },
    "spectral_flux": {
        "mean": 0.077708825469,
        "var": 0.00186648161616
    },
    "spectral_kurtosis": {
        "mean": 1.80027163029,
        "var": 3.59642195702
    },
    "spectral_rms": {
        "mean": 0.00506796361879,
        "var": 3.99251894123e-006
    },
    "spectral_rolloff": {
        "mean": 2087.08544922,
        "var": 7331885.5
    },
    "spectral_skewness": {
        "mean": 1.12078309059,
        "var": 0.188801765442
    },
    "spectral_spread": {
        "mean": 6819056,
        "var": 3.90631181517e+012
    },
    "spectral_strongpeak": {
        "mean": 0.89327019453,
        "var": 1.48517262936
    },
    "zerocrossingrate": {
        "mean": 0.0859261825681,
        "var": 0.00405588420108
    },
    "barkbands": {
        "mean": [3.98923948524e-005, 0.00736342184246, 0.00538351340219, 0.00279019377194, 0.00400929292664, 0.00310822227038, 0.00100592512172, 0.000536515144631, 0.00159195961896, 0.000583785469644, 0.000148029183038, 0.000221722497372, 0.00016728808987, 0.00012906268239, 9.16267599678e-005, 0.000120821649034, 9.81224948191e-005, 0.000151885556988, 0.000291653239401, 0.000238116175751, 0.000500123947859, 0.000547385949176, 0.000503714371007, 0.000340572732966, 0.000254760263488, 0.000184475662536, 1.66213521879e-005],
        "var": [7.41732542053e-009, 0.000159220799105, 0.000117347721243, 2.01493276109e-005, 2.32329384744e-005, 1.58438269864e-005, 3.43900524058e-006, 1.84025566341e-006, 5.13547047376e-006, 1.4492277387e-006, 6.48272589387e-007, 4.42845276893e-007, 4.10490628155e-007, 6.95986202004e-008, 5.0383825112e-008, 5.35575459537e-008, 4.10135285733e-008, 1.01665463603e-007, 1.99398542122e-007, 1.59984949732e-007, 9.93274056782e-007, 7.68599306866e-007, 7.85039333095e-007, 3.04365869397e-007, 2.29755556802e-007, 1.36683624419e-007, 2.96653768217e-009]
    },
    "erbbands": {
        "mean": [0.11927755177, 1.9916434288, 6.01343917847, 7.67313957214, 15.4644069672, 10.3612852097, 12.402299881, 30.8430233002, 18.7733135223, 14.9751167297, 11.6810817719, 22.9096469879, 44.1318626404, 10.4632854462, 8.45538806915, 7.75017595291, 7.6732006073, 8.33480262756, 4.71682405472, 4.40572214127, 7.09530067444, 5.66275501251, 8.64707565308, 12.7570981979, 13.9918842316, 11.3495664597, 20.9974937439, 17.3114833832, 19.0368289948, 17.4014587402, 14.704366684, 8.60893726349, 5.03473997116, 3.03293609619, 1.66225409508, 0.932578802109, 0.29930305481, 0.0569934956729, 0.0019110890571, 8.39519852889e-005],
        "var": [0.0620379857719, 10.8088579178, 106.57964325, 222.932250977, 552.062683105, 194.340744019, 333.995483398, 1739.44506836, 504.98135376, 2203.66259766, 391.819854736, 966.240783691, 4518.8046875, 804.717895508, 1170.20739746, 446.80291748, 1080.01977539, 242.859130859, 152.749298096, 115.266227722, 163.620910645, 129.895568848, 326.562835693, 471.645965576, 565.590393066, 329.932373047, 3223.3605957, 728.06451416, 950.657531738, 907.002624512, 779.942993164, 198.871078491, 73.8971939087, 32.3937225342, 8.34793376923, 2.95050811768, 0.42684674263, 0.0236184876412, 3.27469570038e-005, 1.52888670613e-008]
    },
    "gfcc": {
        "mean": [14.2623348236, 58.3287277222, -77.0313796997, 46.1547203064, -83.7405471802, 10.4761772156, -38.4023628235, 12.4535226822, -29.8181858063, 1.18396317959, -23.1123981476, 3.27449655533, -15.7891111374],
        "cov": [[5023.53173828, -643.426879883, -267.535461426, -25.8794288635, -161.627578735, 110.398109436, -73.5096740723, -9.34987258911, -58.260925293, 155.076065063, -142.412689209, 72.3607788086, -78.9610214233], [-643.426879883, 1472.94787598, -136.894592285, -49.2125167847, 229.030731201, 39.4422492981, 48.242767334, -19.8442668915, 76.5557556152, -126.339477539, 109.235900879, -90.2433319092, 38.2658653259], [-267.535461426, -136.894592285, 745.320739746, 208.609283447, 103.019309998, 32.5808639526, 160.576889038, 95.0815811157, 64.2304840088, 42.7870101929, -18.1774578094, 26.6526279449, -24.9291286469], [-25.8794288635, -49.2125167847, 208.609283447, 411.429168701, 91.0307617188, 81.7555236816, 80.2808609009, 106.564842224, 45.7089500427, 31.4303836823, 40.8134155273, -12.7491073608, 9.35898971558], [-161.627578735, 229.030731201, 103.019309998, 91.0307617188, 330.276397705, 132.454559326, 115.401741028, 46.204334259, 61.2222061157, 8.14774131775, 32.7193565369, -11.2265625, -24.4699630737], [110.398109436, 39.4422492981, 32.5808639526, 81.7555236816, 132.454559326, 207.575744629, 108.02116394, 61.6682395935, 35.4691467285, 31.8795852661, 20.5323619843, -7.18040084839, 3.66034078598], [-73.5096740723, 48.242767334, 160.576889038, 80.2808609009, 115.401741028, 108.02116394, 174.178817749, 97.2641677856, 58.3907814026, 13.1567230225, 14.7416639328, 2.93149280548, 1.69929897785], [-9.34987258911, -19.8442668915, 95.0815811157, 106.564842224, 46.204334259, 61.6682395935, 97.2641677856, 155.0365448, 71.381072998, 24.2959461212, 10.7149248123, 15.4125423431, 16.8023986816], [-58.260925293, 76.5557556152, 64.2304840088, 45.7089500427, 61.2222061157, 35.4691467285, 58.3907814026, 71.381072998, 105.071929932, 46.5341186523, 29.9412765503, 9.70226478577, 19.0604610443], [155.076065063, -126.339477539, 42.7870101929, 31.4303836823, 8.14774131775, 31.8795852661, 13.1567230225, 24.2959461212, 46.5341186523, 108.387992859, 51.3635025024, 36.1734542847, 1.5362405777], [-142.412689209, 109.235900879, -18.1774578094, 40.8134155273, 32.7193565369, 20.5323619843, 14.7416639328, 10.7149248123, 29.9412765503, 51.3635025024, 112.386489868, 35.103603363, 13.5675954819], [72.3607788086, -90.2433319092, 26.6526279449, -12.7491073608, -11.2265625, -7.18040084839, 2.93149280548, 15.4125423431, 9.70226478577, 36.1734542847, 35.103603363, 79.8642120361, 19.2000999451], [-78.9610214233, 38.2658653259, -24.9291286469, 9.35898971558, -24.4699630737, 3.66034078598, 1.69929897785, 16.8023986816, 19.0604610443, 1.5362405777, 13.5675954819, 19.2000999451, 63.228061676]],
        "icov": [[0.000288057141006, -0.000107696076157, 0.000242851252551, -0.000220492700464, 0.000218363769818, -0.000242014488322, -9.0172594355e-005, 8.87875285116e-005, 0.000165269171703, -0.000867896305863, 0.00108876207378, -0.000752848340198, 0.000596897909418], [-0.000107696076157, 0.001608749968, -0.00020643483731, 0.000718075199984, -0.000875341822393, -3.38299469149e-005, 0.000458350375993, 0.000284128152998, -0.00193305977155, 0.00360144558363, -0.00354160647839, 0.00234446953982, -0.0011771672871], [0.000242851252551, -0.00020643483731, 0.00258555705659, -0.00150723848492, 0.000112493398774, 0.00116887968034, -0.00290199532174, 0.00103280029725, -0.000256995583186, -0.00196487992071, 0.00300377770327, -0.00232096365653, 0.00163558439817], [-0.000220492700464, 0.000718075199984, -0.00150723848492, 0.00450498890132, -0.00112786213867, -0.000606890534982, 0.0018228382105, -0.0031999910716, 0.000939057965297, 0.00146449543536, -0.00432242965326, 0.00423372909427, -0.002247790806], [0.000218363769818, -0.000875341822393, 0.000112493398774, -0.00112786213867, 0.00629437016323, -0.0031201466918, -0.00174430070911, 0.00207323557697, -0.00313249765895, 0.000818623055238, 0.00107137858868, -0.00271419296041, 0.00464503420517], [-0.000242014488322, -3.38299469149e-005, 0.00116887968034, -0.000606890534982, -0.0031201466918, 0.0104300435632, -0.00577359041199, -0.000884750857949, 0.00375859253109, -0.00469873938709, 0.000657675787807, 0.00271230679937, -0.00313576404005], [-9.0172594355e-005, 0.000458350375993, -0.00290199532174, 0.0018228382105, -0.00174430070911, -0.00577359041199, 0.0165258590132, -0.00649973796681, -0.00247496203519, 0.00490967324004, -0.0037214779295, 0.00142359558959, 0.000131358101498], [8.87875285116e-005, 0.000284128152998, 0.00103280029725, -0.0031999910716, 0.00207323557697, -0.000884750857949, -0.00649973796681, 0.0157912466675, -0.00891671795398, 0.00209344550967, 0.00278341537341, -0.0045589231886, 0.00107589468826], [0.000165269171703, -0.00193305977155, -0.000256995583186, 0.000939057965297, -0.00313249765895, 0.00375859253109, -0.00247496203519, -0.00891671795398, 0.0252910144627, -0.0144440000877, 0.00268490170129, 0.00353028555401, -0.00677919900045], [-0.000867896305863, 0.00360144558363, -0.00196487992071, 0.00146449543536, 0.000818623055238, -0.00469873938709, 0.00490967324004, 0.00209344550967, -0.0144440000877, 0.0287533905357, -0.0151669392362, -0.000391513924114, 0.00267467624508], [0.00108876207378, -0.00354160647839, 0.00300377770327, -0.00432242965326, 0.00107137858868, 0.000657675787807, -0.0037214779295, 0.00278341537341, 0.00268490170129, -0.0151669392362, 0.025214869529, -0.0121055273339, 0.00288858194835], [-0.000752848340198, 0.00234446953982, -0.00232096365653, 0.00423372909427, -0.00271419296041, 0.00271230679937, 0.00142359558959, -0.0045589231886, 0.00353028555401, -0.000391513924114, -0.0121055273339, 0.0254987254739, -0.010135166347], [0.000596897909418, -0.0011771672871, 0.00163558439817, -0.002247790806, 0.00464503420517, -0.00313576404005, 0.000131358101498, 0.00107589468826, -0.00677919900045, 0.00267467624508, 0.00288858194835, -0.010135166347, 0.0243774596602]]
    },
    "melbands": {
        "mean": [0.00161736388691, 0.00311928079464, 0.0016829787055, 0.000953946728259, 0.000417969684349, 0.000650260422844, 0.00028566273977, 0.000153756700456, 9.24386185943e-005, 0.000187673533219, 0.00021888280753, 3.85146595363e-005, 2.41518810071e-005, 2.99700514006e-005, 1.43281895362e-005, 1.75844361365e-005, 1.44793984873e-005, 6.74841794535e-006, 6.61817102809e-006, 6.07352467341e-006, 8.62354318087e-006, 4.82265340906e-006, 8.09555513115e-006, 7.34099876354e-006, 1.07534524432e-005, 1.04124501377e-005, 9.21644277696e-006, 6.50105403111e-006, 1.39771973409e-005, 9.45242663875e-006, 1.06628622234e-005, 1.09658822112e-005, 1.05381905087e-005, 8.95359880815e-006, 9.24027335714e-006, 6.58787803332e-006, 4.52941594631e-006, 3.40959286405e-006, 3.37692927133e-006, 2.26515908253e-006],
        "var": [8.88628346729e-006, 2.28700046137e-005, 6.4647738327e-006, 1.45661283568e-006, 3.44951132547e-007, 7.34171692329e-007, 1.21120748986e-007, 2.3477703337e-007, 2.42625350921e-008, 6.6545055688e-008, 1.10830448818e-007, 1.39694718015e-008, 1.67455169731e-008, 9.0722211965e-009, 2.49118592421e-009, 2.95456747956e-009, 8.36821500982e-010, 3.89142884583e-010, 2.27029492428e-010, 2.09612160962e-010, 2.50948622993e-010, 1.07011614847e-010, 3.3449212844e-010, 2.01670263822e-010, 3.95462718128e-010, 2.67478261762e-010, 3.00046765211e-010, 1.08346463745e-010, 1.86578441586e-009, 2.91230484173e-010, 3.35596744838e-010, 4.02112648734e-010, 2.93605945112e-010, 2.54252036092e-010, 4.04847322333e-010, 1.06367546715e-010, 5.7028524264e-011, 3.03977641669e-011, 6.50165546401e-011, 1.48637196301e-011]
    },
    "mfcc": {
        "mean": [-636.731994629, 86.1385345459, 47.8282737732, 33.0882301331, -10.2770671844, -0.847816646099, -4.85453796387, 5.87806415558, -3.93015861511, 1.1431902647, -0.0957501530647, -6.0878329277, -7.66020202637],
        "cov": [[2917.59667969, -515.270019531, -286.909606934, -191.424362183, -71.5972595215, 101.195396423, -51.8342628479, -107.066947937, 40.9286117554, -5.28280639648, -26.0552196503, 37.343875885, 52.3683662415], [-515.270019531, 1247.78271484, -150.549163818, -38.9926757813, 113.925933838, 26.1470451355, 29.5503005981, 74.9131164551, -31.9918479919, -14.3580293655, 34.1200218201, -18.7672405243, -6.53132867813], [-286.909606934, -150.549163818, 558.45916748, 202.709899902, 5.09242391586, 14.4217042923, 54.399520874, 60.5206756592, 86.1256103516, 62.8378334045, 26.0249710083, 29.2266216278, 9.8197145462], [-191.424362183, -38.9926757813, 202.709899902, 292.623046875, 100.457962036, 24.3338432312, 62.4055252075, 74.7913818359, 50.8076286316, 55.1617355347, 34.0473365784, 32.8610801697, 21.1283836365], [-71.5972595215, 113.925933838, 5.09242391586, 100.457962036, 187.935165405, 100.021865845, 77.4861602783, 61.0622253418, 37.9479866028, 46.1065101624, 46.276599884, 25.9171333313, 20.7802200317], [101.195396423, 26.1470451355, 14.4217042923, 24.3338432312, 100.021865845, 162.100372314, 95.2368087769, 39.9982070923, 35.8855018616, 34.0108642578, 34.4518089294, 35.6225814819, 20.1355075836], [-51.8342628479, 29.5503005981, 54.399520874, 62.4055252075, 77.4861602783, 95.2368087769, 150.4168396, 93.1530609131, 46.5076751709, 47.3510971069, 46.6483078003, 34.1231651306, 19.5430221558], [-107.066947937, 74.9131164551, 60.5206756592, 74.7913818359, 61.0622253418, 39.9982070923, 93.1530609131, 141.605316162, 73.2129669189, 53.8916244507, 45.980506897, 20.4174346924, 12.1580486298], [40.9286117554, -31.9918479919, 86.1256103516, 50.8076286316, 37.9479866028, 35.8855018616, 46.5076751709, 73.2129669189, 123.978469849, 67.7384872437, 29.1976528168, 17.3866348267, 8.96549987793], [-5.28280639648, -14.3580293655, 62.8378334045, 55.1617355347, 46.1065101624, 34.0108642578, 47.3510971069, 53.8916244507, 67.7384872437, 110.584159851, 58.9589805603, 28.5576038361, 6.28797912598], [-26.0552196503, 34.1200218201, 26.0249710083, 34.0473365784, 46.276599884, 34.4518089294, 46.6483078003, 45.980506897, 29.1976528168, 58.9589805603, 96.0427093506, 42.2415618896, 12.3771524429], [37.343875885, -18.7672405243, 29.2266216278, 32.8610801697, 25.9171333313, 35.6225814819, 34.1231651306, 20.4174346924, 17.3866348267, 28.5576038361, 42.2415618896, 77.3033828735, 43.6561126709], [52.3683662415, -6.53132867813, 9.8197145462, 21.1283836365, 20.7802200317, 20.1355075836, 19.5430221558, 12.1580486298, 8.96549987793, 6.28797912598, 12.3771524429, 43.6561126709, 81.7114486694]],
        "icov": [[0.000462124211481, 0.000180257702596, 0.000309465394821, 5.07508957526e-005, 0.000299145642202, -0.00059950852301, 0.000265639129793, 0.000238799562794, -0.000467971491162, -5.65923619433e-006, -7.6322530731e-006, -5.41105437151e-005, -0.000277638464468], [0.000180257702596, 0.0010535948677, 0.000198760899366, 0.000411724264268, -0.000740869378205, -7.06117716618e-005, 0.000446004036348, -0.00093083945103, 0.000439106341219, 0.000250996905379, -0.000313034164719, 0.0002813214669, -9.43945342442e-005], [0.000309465394821, 0.000198760899366, 0.00307359709404, -0.00222784071229, 0.00192079739645, -0.000863695109729, -0.000300182116916, 0.000618087884504, -0.00174310873263, -0.000136779170134, -0.000154565947014, -5.69149524381e-005, -1.59763676493e-005], [5.07508957526e-005, 0.000411724264268, -0.00222784071229, 0.0069903335534, -0.00465090433136, 0.00264053232968, -0.000394160393625, -0.00178394850809, 0.00105865695514, -0.000912363699172, 0.00131284771487, -0.00169077003375, 1.0930127246e-005], [0.000299145642202, -0.000740869378205, 0.00192079739645, -0.00465090433136, 0.0128037817776, -0.00713912351057, 0.000476572313346, -0.000282592925942, -0.000773503736127, -0.000897841644473, -0.00233866646886, 0.00252536917105, -0.00168905279133], [-0.00059950852301, -7.06117716618e-005, -0.000863695109729, 0.00264053232968, -0.00713912351057, 0.0155368801206, -0.00881476141512, 0.0037627206184, -0.00169388111681, 0.000588789291214, 0.00102610595059, -0.00344510073774, 0.00116064643953], [0.000265639129793, 0.000446004036348, -0.000300182116916, -0.000394160393625, 0.000476572313346, -0.00881476141512, 0.0185901932418, -0.0102662341669, 0.00281102210283, -0.0010425291257, -0.000829681288451, -0.000829241180327, -0.000523836642969], [0.000238799562794, -0.00093083945103, 0.000618087884504, -0.00178394850809, -0.000282592925942, 0.0037627206184, -0.0102662341669, 0.0190353877842, -0.00835337676108, 0.000911289534997, -0.00315524800681, 0.00167898565996, -0.000645411608275], [-0.000467971491162, 0.000439106341219, -0.00174310873263, 0.00105865695514, -0.000773503736127, -0.00169388111681, 0.00281102210283, -0.00835337676108, 0.0174457486719, -0.00815649330616, 0.00311480159871, 0.000150940366439, -0.000383474223781], [-5.65923619433e-006, 0.000250996905379, -0.000136779170134, -0.000912363699172, -0.000897841644473, 0.000588789291214, -0.0010425291257, 0.000911289534997, -0.00815649330616, 0.0196423307061, -0.00891908723861, -0.000683885416947, 0.00157281768043], [-7.6322530731e-006, -0.000313034164719, -0.000154565947014, 0.00131284771487, -0.00233866646886, 0.00102610595059, -0.000829681288451, -0.00315524800681, 0.00311480159871, -0.00891908723861, 0.0211993195117, -0.0097522130236, 0.00301256892271], [-5.41105437151e-005, 0.0002813214669, -5.69149524381e-005, -0.00169077003375, 0.00252536917105, -0.00344510073774, -0.000829241180327, 0.00167898565996, 0.000150940366439, -0.000683885416947, -0.0097522130236, 0.02686124295, -0.0121815092862], [-0.000277638464468, -9.43945342442e-005, -1.59763676493e-005, 1.0930127246e-005, -0.00168905279133, 0.00116064643953, -0.000523836642969, -0.000645411608275, -0.000383474223781, 0.00157281768043, 0.00301256892271, -0.0121815092862, 0.0187454801053]]
    },
    "spectral_contrast_coeffs": {
        "mean": [-0.59134978056, -0.722221374512, -0.727184593678, -0.812347114086, -0.786877572536, -0.74738907814],
        "var": [0.00998577848077, 0.00498948805034, 0.00585955986753, 0.00200575287454, 0.0020259283483, 0.00134110660292]
    },
    "spectral_contrast_valleys": {
        "mean": [-7.4067401886, -6.73015165329, -7.80113935471, -8.38485431671, -7.62590646744, -9.46511650085],
        "var": [1.38544106483, 1.0799138546, 1.13779497147, 1.15699493885, 1.02776646614, 1.10299181938]
    }
},
"metadata": {
    "audio_properties": {
        "analysis_sample_rate": 44100,
        "bit_rate": 109306,
        "equal_loudness": 0,
        "length": 45.0612258911,
        "lossless": 0,
        "replay_gain": -9.52249145508,
        "sample_rate": 44100,
        "codec": "mp3",
        "downmix": "mix",
        "md5_encoded": "9a963938bbde35669d225b8ec99233e0"
    },
    "tags": {
        "file_name": "639.mp3"
    },
    "version": {
        "essentia": "2.1-beta2",
        "essentia_git_sha": "v2.1_beta2",
        "extractor": "music 1.0"
    }
},
"rhythm": {
    "beats_count": 134,
    "beats_loudness": {
        "mean": 0.0429294519126,
        "var": 0.00050915038446
    },
    "bpm": 178.205871582,
    "bpm_histogram_first_peak_bpm": {
        "mean": 178,
        "var": 0
    },
    "bpm_histogram_first_peak_spread": {
        "mean": 0,
        "var": 0
    },
    "bpm_histogram_first_peak_weight": {
        "mean": 0.586466193199,
        "var": 0
    },
    "bpm_histogram_second_peak_bpm": {
        "mean": 185,
        "var": 0
    },
    "bpm_histogram_second_peak_spread": {
        "mean": 0,
        "var": 0
    },
    "bpm_histogram_second_peak_weight": {
        "mean": 0.338345855474,
        "var": 0
    },
    "danceability": 1.30374872684,
    "onset_rate": 4.12585687637,
    "beats_loudness_band_ratio": {
        "mean": [0.507747888565, 0.233202844858, 0.135496914387, 0.0313278287649, 0.0225188564509, 0.132172316313],
        "var": [0.0853005573153, 0.0312022417784, 0.0133188720793, 0.00144708028529, 0.000635186443105, 0.0199754647911]
    },
    "beats_position": [0.371519267559, 0.766258478165, 1.11455774307, 1.45124709606, 1.79954648018, 2.13623571396, 2.46131515503, 2.79800438881, 3.13469386101, 3.45977306366, 3.78485250473, 4.12154197693, 4.45823097229, 4.79492044449, 5.13160991669, 5.45668935776, 5.78176879883, 6.11845779419, 6.45514726639, 6.78022670746, 7.10530614853, 7.44199514389, 7.77868461609, 8.11537361145, 8.45206356049, 8.80036258698, 9.12544155121, 9.45052146912, 9.77560043335, 10.1006803513, 10.4373693466, 10.7856683731, 11.1223583221, 11.4706573486, 11.7957363129, 12.1324262619, 12.4691152573, 12.8058052063, 13.1308841705, 13.4675731659, 13.8042631149, 14.1409521103, 14.4776411057, 14.8027210236, 15.1394100189, 15.4644899368, 15.8011789322, 16.1378688812, 16.4629478455, 16.7880268097, 17.1247158051, 17.4614048004, 17.786485672, 18.1231746674, 18.4598636627, 18.7965526581, 19.1216316223, 19.458322525, 19.7834014893, 20.1084804535, 20.4335594177, 20.7702484131, 21.1069393158, 21.4436283112, 21.7803173065, 22.128616333, 22.4536952972, 22.7787742615, 23.1154651642, 23.4521541595, 23.7888431549, 24.1255321503, 24.4506111145, 24.7873020172, 25.1239910126, 25.4490699768, 25.7857589722, 26.1108379364, 26.4475269318, 26.7726078033, 27.1092967987, 27.4459857941, 27.7826747894, 28.1193637848, 28.4560546875, 28.7927436829, 29.1178226471, 29.4545116425, 29.7912006378, 30.1162815094, 30.4529705048, 30.7896595001, 31.1147384644, 31.4514274597, 31.7881164551, 32.1131973267, 32.449886322, 32.7865753174, 33.1232643127, 33.4483451843, 33.7734222412, 34.1101112366, 34.4468002319, 34.783493042, 35.1201820374, 35.4568710327, 35.7819480896, 36.1070289612, 36.4437179565, 36.7804069519, 37.1054878235, 37.4537849426, 37.790473938, 38.1271629333, 38.4754638672, 38.8121528625, 39.1488418579, 39.4739227295, 39.8106117249, 40.1473007202, 40.4723815918, 40.7974586487, 41.134147644, 41.4708366394, 41.8075294495, 42.1442184448, 42.4692955017, 42.7943763733, 43.1194534302, 43.467754364, 43.7928352356, 44.1179122925, 44.4546012878, 44.7912902832]
},
"tonal": {
    "chords_changes_rate": 0.0761316865683,
    "chords_number_rate": 0.00720164598897,
    "chords_strength": {
        "mean": 0.492709457874,
        "var": 0.00566164776683
    },
    "hpcp_entropy": {
        "mean": 1.84030818939,
        "var": 0.623383522034
    },
    "key_strength": 0.666206777096,
    "tuning_diatonic_strength": 0.582771003246,
    "tuning_equal_tempered_deviation": 0.125478997827,
    "tuning_frequency": 437.718536377,
    "tuning_nontempered_energy_ratio": 0.7916020751,
    "hpcp": {
        "mean": [0.0774739682674, 0.0632878318429, 0.0438252538443, 0.043307647109, 0.0470180548728, 0.0859888195992, 0.143090099096, 0.144284293056, 0.107306949794, 0.0881257802248, 0.101015478373, 0.143828138709, 0.201376751065, 0.174992829561, 0.0988630205393, 0.0858689248562, 0.0682769715786, 0.0425174199045, 0.0391813330352, 0.0417982265353, 0.0507423169911, 0.0545322932303, 0.0484908781946, 0.0890078470111, 0.146546274424, 0.135146826506, 0.210168391466, 0.425123542547, 0.420690119267, 0.269384980202, 0.222467824817, 0.132221758366, 0.0699185729027, 0.0936800539494, 0.0732465311885, 0.0566020607948],
        "var": [0.0260349418968, 0.018851859495, 0.00830484833568, 0.00763631472364, 0.0104267373681, 0.029325293377, 0.0673988610506, 0.0668043121696, 0.0531399846077, 0.039692029357, 0.0515668168664, 0.0667141154408, 0.0821833387017, 0.0732785463333, 0.029315713793, 0.0319997109473, 0.0188037399203, 0.00688352342695, 0.00612096395344, 0.0106148356572, 0.0172517225146, 0.0171377435327, 0.0126203689724, 0.0388949215412, 0.0809860825539, 0.0672418549657, 0.0619257241488, 0.138182938099, 0.138411417603, 0.0887358933687, 0.1164509058, 0.0484932996333, 0.0168604012579, 0.0315119288862, 0.0162693746388, 0.00903867091984]
    },
    "chords_histogram": [17.4897117615, 4.42386817932, 50.2057609558, 0, 0, 0, 0, 5.55555534363, 0, 16.563785553, 0, 0, 0, 0, 0, 0, 0, 0, 0, 3.49794244766, 0, 2.16049385071, 0, 0.102880656719],
    "thpcp": [1, 0.989571452141, 0.633662819862, 0.52330160141, 0.311019599438, 0.164466485381, 0.22035959363, 0.172294691205, 0.133142620325, 0.182238712907, 0.148869276047, 0.103088274598, 0.101870730519, 0.110598564148, 0.202267840505, 0.336584746838, 0.339393794537, 0.252413570881, 0.207294523716, 0.237614408135, 0.338320791721, 0.473689943552, 0.411628186703, 0.232551276684, 0.201985821128, 0.160605013371, 0.100011914968, 0.0921645835042, 0.0983201861382, 0.119358994067, 0.128273993731, 0.114063024521, 0.209369361401, 0.344714552164, 0.317900121212, 0.494370162487],
    "chords_key": "F#",
    "chords_scale": "minor",
    "key_key": "B",
    "key_scale": "minor"
}
}