{
"lowlevel": {
    "average_loudness": 0.966971576214,
    "barkbands_crest": {
        "mean": 8.79642772675,
        "var": 8.3362827301
    },
    "barkbands_flatness_db": {
        "mean": 0.133733093739,
        "var": 0.000892718962859
    },
    "barkbands_kurtosis": {
        "mean": 5.80812549591,
        "var": 39.695400238
    },
    "barkbands_skewness": {
        "mean": 1.88584327698,
        "var": 0.885055661201
    },
    "barkbands_spread": {
        "mean": 14.5351018906,
        "var": 42.9790077209
    },
    "dissonance": {
        "mean": 0.463686525822,
        "var": 0.000494261330459
    },
    "dynamic_complexity": 1.71725916862,
    "erbbands_crest": {
        "mean": 8.43708992004,
        "var": 13.5138931274
    },
    "erbbands_flatness_db": {
        "mean": 0.146620586514,
        "var": 0.00097055232618
    },
    "erbbands_kurtosis": {
        "mean": 0.652023077011,
        "var": 2.53176164627
    },
    "erbbands_skewness": {
        "mean": 0.662299275398,
        "var": 0.329632341862
    },
    "erbbands_spread": {
        "mean": 35.6735572815,
        "var": 206.515716553
    },
    "hfc": {
        "mean": 14.4473009109,
        "var": 76.5416259766
    },
    "melbands_crest": {
        "mean": 11.769536972,
        "var": 11.3733711243
    },
    "melbands_flatness_db": {
        "mean": 0.215980142355,
        "var": 0.00130435172468
    },
    "melbands_kurtosis": {
        "mean": 13.1298847198,
        "var": 162.508163452
    },
    "melbands_skewness": {
        "mean": 2.62430238724,
        "var": 1.44381356239
    },
    "melbands_spread": {
        "mean": 14.5568399429,
        "var": 72.4191055298
    },
    "pitch_salience": {
        "mean": 0.614855885506,
        "var": 0.00625468604267
    },
    "silence_rate_20dB": {
        "mean": 1,
        "var": 0
    },
    "silence_rate_30dB": {
        "mean": 0.983522117138,
        "var": 0.0162060037255
    },
    "silence_rate_60dB": {
        "mean": 0.00205973233096,
        "var": 0.00205553858541
    },
    "spectral_centroid": {
        "mean": 851.845397949,
        "var": 262083.3125
    },
    "spectral_complexity": {
        "mean": 17.7260551453,
        "var": 19.5571994781
    },
    "spectral_decrease": {
        "mean": -7.86724463353e-009,
        "var": 4.22740545125e-017
    },
    "spectral_energy": {
        "mean": 0.0310031548142,
        "var": 0.000634945579804
    },
    "spectral_energyband_high": {
        "mean": 0.000312329386361,
        "var": 1.15320119676e-007
    },
    "spectral_energyband_low": {
        "mean": 0.00779908336699,
        "var": 6.24611566309e-005
    },
    "spectral_energyband_middle_high": {
        "mean": 0.00347116217017,
        "var": 7.82487495599e-006
    },
    "spectral_energyband_middle_low": {
        "mean": 0.0209950972348,
        "var": 0.000514857412782
    },
    "spectral_entropy": {
        "mean": 7.40575170517,
        "var": 0.078084513545
    },
    "spectral_flux": {
        "mean": 0.0922586992383,
        "var": 0.00255709025078
    },
    "spectral_kurtosis": {
        "mean": 5.31467580795,
        "var": 5.2102560997
    },
    "spectral_rms": {
        "mean": 0.00523281469941,
        "var": 2.86462091026e-006
    },
    "spectral_rolloff": {
        "mean": 811.495361328,
        "var": 864987.5
    },
    "spectral_skewness": {
        "mean": 1.82885551453,
        "var": 0.133538916707
    },
    "spectral_spread": {
        "mean": 4419153,
        "var": 3.06198662349e+012
    },
    "spectral_strongpeak": {
        "mean": 0.725939512253,
        "var": 0.527141869068
    },
    "zerocrossingrate": {
        "mean": 0.0430479496717,
        "var": 0.000619961181656
    },
    "barkbands": {
        "mean": [0.00013831803517, 0.00372651591897, 0.00245806016028, 0.0043032146059, 0.00746311340481, 0.00456276256591, 0.00155740452465, 0.000901517982129, 0.00203210301697, 0.000591152813286, 0.000669510569423, 0.00040304849972, 0.000581808737479, 0.000421879813075, 0.000226182019105, 0.000151546904817, 0.000180805349373, 9.81572447927e-005, 0.000145228754263, 0.000128867846797, 7.01093013049e-005, 4.839684334e-005, 5.04322742927e-005, 3.94915368815e-005, 3.38608915627e-005, 1.81295818038e-005, 1.56284704644e-006],
        "var": [4.95028977809e-008, 1.60459167091e-005, 1.09330840132e-005, 4.03346311941e-005, 0.000185889730346, 3.6516761611e-005, 4.76143213746e-006, 1.04228138298e-006, 1.34885776788e-005, 9.07931280381e-007, 1.76020046183e-006, 5.94015830302e-007, 1.10653741103e-006, 4.82560665205e-007, 1.23257549944e-007, 5.41238733831e-008, 9.36567658982e-008, 1.50117962505e-008, 4.65076723799e-008, 2.49060381208e-008, 8.35904589991e-009, 3.82225406881e-009, 1.08197646398e-008, 2.47750731042e-009, 2.14962914136e-009, 9.69870739276e-010, 1.10408435866e-011]
    },
    "erbbands": {
        "mean": [0.107456862926, 0.855129480362, 2.69927453995, 8.45247840881, 28.3289070129, 19.3456764221, 23.0452518463, 37.4209671021, 26.3043842316, 19.91355896, 25.3370018005, 54.3050308228, 17.4952335358, 22.3155860901, 25.8692855835, 19.6685066223, 29.8681755066, 22.4965000153, 14.5252532959, 10.797703743, 9.02687835693, 9.10618495941, 5.94455099106, 5.46748018265, 8.33378982544, 5.91274356842, 3.39118480682, 2.49492192268, 1.72940552235, 1.55419874191, 1.35968506336, 0.950302124023, 0.588106215, 0.460786134005, 0.207010641694, 0.0953244790435, 0.0246868748218, 0.00687332078815, 0.000178834685357, 3.97333860747e-005],
        "var": [0.00863421242684, 1.10067105293, 11.6421909332, 127.006111145, 2894.24243164, 997.681396484, 1082.40112305, 2732.2199707, 1525.70446777, 524.972473145, 840.045776367, 10780.421875, 955.65045166, 921.568908691, 1983.12060547, 1276.00598145, 2944.14331055, 1020.41900635, 542.539123535, 265.619689941, 170.604721069, 273.034423828, 52.4405632019, 40.6515235901, 165.414367676, 46.647403717, 15.385055542, 12.6573896408, 4.95413208008, 6.49546575546, 8.03488636017, 1.764580369, 0.522620558739, 0.411783128977, 0.0889977067709, 0.025394840166, 0.0023313742131, 0.00018404822913, 1.14668090134e-007, 1.02181962891e-009]
    },
    "gfcc": {
        "mean": [12.1673498154, 113.181838989, -103.250938416, 26.8666992188, -59.191493988, 13.4416131973, -39.7801208496, 6.18986797333, -29.4955120087, 3.63407516479, -14.0698547363, -3.76299071312, -10.4405527115],
        "cov": [[3578.08081055, -94.0344696045, -59.3352966309, 27.4558048248, -166.658096313, 33.734462738, -124.082389832, -15.3988246918, -160.988235474, 48.5020141602, -134.888153076, 29.3199157715, -105.944206238], [-94.0344696045, 503.491424561, -185.90335083, -22.4486980438, 34.2084274292, -32.8621330261, 37.2848358154, 2.88668346405, 74.3333435059, -43.6576461792, 101.382614136, -76.1710891724, 60.2335739136], [-59.3352966309, -185.90335083, 305.234863281, 6.94237279892, -4.65771341324, 0.564427316189, -29.054479599, -32.8564834595, -38.6264533997, 30.4487476349, -58.132938385, 48.9233627319, -32.3945083618], [27.4558048248, -22.4486980438, 6.94237279892, 192.578643799, 20.4481468201, -26.7726020813, -31.1871013641, -1.47544896603, 28.5730628967, -14.3519973755, 3.47911167145, -0.206770986319, 24.9846057892], [-166.658096313, 34.2084274292, -4.65771341324, 20.4481468201, 149.64994812, -0.138993620872, 20.1209087372, 35.9384880066, 16.270368576, -0.746201455593, -9.09284877777, 0.272525936365, 8.08755397797], [33.734462738, -32.8621330261, 0.564427316189, -26.7726020813, -0.138993620872, 123.792694092, 46.2061233521, 10.9528255463, -9.16411590576, -0.451056629419, -14.5582714081, -0.158099547029, -5.07203578949], [-124.082389832, 37.2848358154, -29.054479599, -31.1871013641, 20.1209087372, 46.2061233521, 101.459716797, 32.3017539978, 4.52686023712, -9.89726924896, 3.55705499649, -10.5772600174, -0.195565760136], [-15.3988246918, 2.88668346405, -32.8564834595, -1.47544896603, 35.9384880066, 10.9528255463, 32.3017539978, 88.3925094604, 27.0592880249, 4.30089235306, -4.02463102341, 0.993407309055, 4.29382419586], [-160.988235474, 74.3333435059, -38.6264533997, 28.5730628967, 16.270368576, -9.16411590576, 4.52686023712, 27.0592880249, 83.3487243652, 8.77657413483, 21.7165546417, -18.4963417053, 16.1133155823], [48.5020141602, -43.6576461792, 30.4487476349, -14.3519973755, -0.746201455593, -0.451056629419, -9.89726924896, 4.30089235306, 8.77657413483, 69.2143630981, 8.92439079285, 10.6664161682, -12.8414859772], [-134.888153076, 101.382614136, -58.132938385, 3.47911167145, -9.09284877777, -14.5582714081, 3.55705499649, -4.02463102341, 21.7165546417, 8.92439079285, 91.194519043, 3.11108469963, 15.6854887009], [29.3199157715, -76.1710891724, 48.9233627319, -0.206770986319, 0.272525936365, -0.158099547029, -10.5772600174, 0.993407309055, -18.4963417053, 10.6664161682, 3.11108469963, 72.8409729004, 7.19853401184], [-105.944206238, 60.2335739136, -32.3945083618, 24.9846057892, 8.08755397797, -5.07203578949, -0.195565760136, 4.29382419586, 16.1133155823, -12.8414859772, 15.6854887009, 7.19853401184, 58.8567886353]],
        "icov": [[0.000516388041433, -0.000770437938627, 0.000526419957168, -0.00068059633486, 0.000770132930484, -0.000395775481593, 0.000759605900384, -0.000594110984821, 0.00137030449696, -0.00105088565033, 0.00152347097173, -0.000946832413319, 0.00130792253185], [-0.000770437938627, 0.00620192894712, -0.000173263222678, 0.00285343686119, -0.00256487657316, 0.00168352201581, -0.00193333171774, 0.00222012214363, -0.00437013432384, 0.00419786060229, -0.00668365834281, 0.00572870438918, -0.00551845738664], [0.000526419957168, -0.000173263222678, 0.00576348928735, -0.00112744886428, 0.000440106756287, -9.41440812312e-005, 0.000526704185177, 0.0017153066583, 0.001259816112, -0.00284500094131, 0.00438094185665, -0.00395667180419, 0.0029344742652], [-0.00068059633486, 0.00285343686119, -0.00112744886428, 0.00796629395336, -0.00237330212258, 0.00129247212317, 0.000743647338822, 0.00135678658262, -0.00485057756305, 0.00414991751313, -0.00370162026957, 0.00294647109695, -0.00494700903073], [0.000770132930484, -0.00256487657316, 0.000440106756287, -0.00237330212258, 0.00928662065417, -0.000283316796413, 2.25065832637e-006, -0.00383761175908, 0.00225462228991, -0.0025402973406, 0.00449885753915, -0.00274275103584, 0.00220531364903], [-0.000395775481593, 0.00168352201581, -9.41440812312e-005, 0.00129247212317, -0.000283316796413, 0.0107994033024, -0.00574415270239, 0.00108839734457, -0.000969640852418, 0.00045331925503, -0.000121473596664, 0.00104214530438, -0.00189541245345], [0.000759605900384, -0.00193333171774, 0.000526704185177, 0.000743647338822, 2.25065832637e-006, -0.00574415270239, 0.0163049530238, -0.00585758592933, 0.00285137607716, 0.000855952734128, 0.000564541551284, 7.82842980698e-005, 0.00255238590762], [-0.000594110984821, 0.00222012214363, 0.0017153066583, 0.00135678658262, -0.00383761175908, 0.00108839734457, -0.00585758592933, 0.0178007856011, -0.00760750100017, 0.000201136659598, 0.000604730215855, -0.00150078767911, -0.00152131193317], [0.00137030449696, -0.00437013432384, 0.001259816112, -0.00485057756305, 0.00225462228991, -0.000969640852418, 0.00285137607716, -0.00760750100017, 0.0227148495615, -0.00755774835125, 0.0025869156234, 0.00117518706247, 0.00116171932314], [-0.00105088565033, 0.00419786060229, -0.00284500094131, 0.00414991751313, -0.0025402973406, 0.00045331925503, 0.000855952734128, 0.000201136659598, -0.00755774835125, 0.021735150367, -0.00875511579216, 0.00216508330777, -0.000259124266449], [0.00152347097173, -0.00668365834281, 0.00438094185665, -0.00370162026957, 0.00449885753915, -0.000121473596664, 0.000564541551284, 0.000604730215855, 0.0025869156234, -0.00875511579216, 0.0237091109157, -0.0100854104385, 0.0051905172877], [-0.000946832413319, 0.00572870438918, -0.00395667180419, 0.00294647109695, -0.00274275103584, 0.00104214530438, 7.82842980698e-005, -0.00150078767911, 0.00117518706247, 0.00216508330777, -0.0100854104385, 0.0242650453001, -0.0105484295636], [0.00130792253185, -0.00551845738664, 0.0029344742652, -0.00494700903073, 0.00220531364903, -0.00189541245345, 0.00255238590762, -0.00152131193317, 0.00116171932314, -0.000259124266449, 0.0051905172877, -0.0105484295636, 0.0278927236795]]
    },
    "melbands": {
        "mean": [0.00100780127104, 0.00130063761026, 0.00213408167474, 0.00189291592687, 0.000761536997743, 0.000858280051034, 0.000377889577067, 0.000203056930332, 0.0002527544857, 0.000309513619868, 7.46758596506e-005, 8.67490307428e-005, 0.000100518060208, 4.7817658924e-005, 5.34003775101e-005, 5.76889979129e-005, 4.16773364122e-005, 2.37513922912e-005, 1.80474398803e-005, 1.00811639641e-005, 1.13080932351e-005, 9.4474216894e-006, 8.77129878063e-006, 3.50632285517e-006, 4.29698957305e-006, 6.29692112852e-006, 5.82965458307e-006, 3.39085499945e-006, 2.10762505048e-006, 1.78486254754e-006, 1.33045432449e-006, 1.04204832496e-006, 7.67545145663e-007, 9.39641040532e-007, 8.74319539435e-007, 5.86521537116e-007, 5.62654690839e-007, 3.99072519031e-007, 3.73364059669e-007, 3.95924530494e-007],
        "var": [8.74080512858e-007, 2.58510499407e-006, 9.81446282822e-006, 1.19378000818e-005, 1.00027330063e-006, 1.3306460005e-006, 3.07280004108e-007, 5.36532525075e-008, 1.02581338979e-007, 3.60409416089e-007, 2.32677734857e-008, 1.55246215883e-008, 3.87936687218e-008, 7.57321227951e-009, 6.46993703057e-009, 1.13833875659e-008, 4.48149872767e-009, 2.17281548309e-009, 8.92501128558e-010, 2.51467874302e-010, 3.26143473339e-010, 3.57967044895e-010, 1.60241556135e-010, 1.53252202595e-011, 2.80791796065e-011, 1.14992612654e-010, 7.64459051616e-011, 1.39932319204e-011, 6.22383221349e-012, 6.11281164575e-012, 4.1582028619e-012, 1.89417188531e-012, 1.16142729115e-012, 3.53729242078e-012, 4.73645168225e-012, 7.01820546123e-013, 6.21093400235e-013, 2.42350627414e-013, 2.79593107564e-013, 3.11535465394e-013]
    },
    "mfcc": {
        "mean": [-633.760192871, 143.668457031, 11.4022817612, 19.2460784912, 3.68323731422, 3.98698854446, 3.26864385605, -3.34782266617, -5.09712028503, 1.86268317699, -3.18912124634, -1.91655087471, -1.82365643978],
        "cov": [[1254.22729492, -99.2800598145, 86.4314651489, 14.4915628433, -28.5213794708, 24.4924449921, 5.08601045609, -31.3580036163, -22.9626407623, -20.8426303864, 2.49988651276, -41.5546150208, -36.9773635864], [-99.2800598145, 436.297271729, -112.297279358, -36.1699638367, 2.42536759377, -35.6729164124, 23.2650814056, 0.281686306, -2.35019659996, 25.7859020233, 20.2079029083, 20.0039291382, 12.0840530396], [86.4314651489, -112.297279358, 244.337432861, 3.94772958755, -20.2158737183, 36.3524589539, -27.4955806732, -32.826789856, -12.2853250504, -48.948299408, -11.3433380127, 8.89741325378, -6.72639560699], [14.4915628433, -36.1699638367, 3.94772958755, 182.136672974, 60.7205200195, -19.4604663849, -36.6431732178, -10.0402164459, 3.60541200638, 4.67648649216, -26.4025764465, -0.304007202387, 24.000825882], [-28.5213794708, 2.42536759377, -20.2158737183, 60.7205200195, 111.862014771, 0.230799123645, -17.3209857941, 1.14797592163, 17.7111473083, 8.55452060699, -7.69693803787, -4.97774887085, 11.5775127411], [24.4924449921, -35.6729164124, 36.3524589539, -19.4604663849, 0.230799123645, 84.7098922729, 18.3091773987, 3.38984513283, 4.59840774536, -5.61173725128, 2.78398418427, -4.09440469742, -21.0706424713], [5.08601045609, 23.2650814056, -27.4955806732, -36.6431732178, -17.3209857941, 18.3091773987, 90.7201309204, 29.5650291443, 5.63403367996, 4.16935014725, 12.038022995, -6.24444770813, -8.39412403107], [-31.3580036163, 0.281686306, -32.826789856, -10.0402164459, 1.14797592163, 3.38984513283, 29.5650291443, 87.0283432007, 24.6474971771, 10.8799257278, 0.243897095323, -7.03818273544, -4.45157623291], [-22.9626407623, -2.35019659996, -12.2853250504, 3.60541200638, 17.7111473083, 4.59840774536, 5.63403367996, 24.6474971771, 81.3009338379, 24.5863990784, -1.58379268646, -8.24874782562, -7.30190896988], [-20.8426303864, 25.7859020233, -48.948299408, 4.67648649216, 8.55452060699, -5.61173725128, 4.16935014725, 10.8799257278, 24.5863990784, 82.4272460938, 23.7182922363, -1.2489875555, -6.84709072113], [2.49988651276, 20.2079029083, -11.3433380127, -26.4025764465, -7.69693803787, 2.78398418427, 12.038022995, 0.243897095323, -1.58379268646, 23.7182922363, 64.923538208, 9.502202034, -8.45709609985], [-41.5546150208, 20.0039291382, 8.89741325378, -0.304007202387, -4.97774887085, -4.09440469742, -6.24444770813, -7.03818273544, -8.24874782562, -1.2489875555, 9.502202034, 60.8685264587, 22.0386352539], [-36.9773635864, 12.0840530396, -6.72639560699, 24.000825882, 11.5775127411, -21.0706424713, -8.39412403107, -4.45157623291, -7.30190896988, -6.84709072113, -8.45709609985, 22.0386352539, 69.5950088501]],
        "icov": [[0.000867430702783, 0.000101791651105, -0.000222116053919, -0.000208407494938, 0.000214500687434, -3.86349420296e-005, -0.000190327700693, 0.000273128447589, 0.000172300351551, 5.02649418195e-005, -0.000192623803741, 0.000578500854317, 0.000257170875557], [0.000101791651105, 0.00281839445233, 0.0010971884476, 0.000611547729932, -0.000330360169755, 0.000886865076609, -0.00062679866096, 0.00061868946068, 8.11873542261e-005, -0.000174532775418, -0.000199151429115, -0.00094008439919, 1.21392622532e-005], [-0.000222116053919, 0.0010971884476, 0.0061018737033, -0.000303270033328, 0.00119912694208, -0.00228056521155, 0.00156390771735, 0.00149211101234, -0.000808947486803, 0.00303668016568, -0.00034735983354, -0.00124653452076, 0.000346352782799], [-0.000208407494938, 0.000611547729932, -0.000303270033328, 0.00797767937183, -0.00387346022762, 0.00138052657712, 0.00145216402598, 0.000176776680746, 0.00053192989435, -0.00151374412235, 0.00261548161507, -0.000145796133438, -0.00147776468657], [0.000214500687434, -0.000330360169755, 0.00119912694208, -0.00387346022762, 0.0121310325339, -0.00217442470603, 0.00177907058969, 7.03936893842e-005, -0.00238390290178, 0.000382533646189, -0.00069025909761, 0.00146693375427, -0.00159516336862], [-3.86349420296e-005, 0.000886865076609, -0.00228056521155, 0.00138052657712, -0.00217442470603, 0.0152232982218, -0.00361846177839, 0.000155866917339, -0.000323073356412, 3.17859958159e-005, 0.000300020299619, -0.00102398265153, 0.004003202077], [-0.000190327700693, -0.00062679866096, 0.00156390771735, 0.00145216402598, 0.00177907058969, -0.00361846177839, 0.0149709302932, -0.00429606437683, -6.23781743343e-005, 0.000914010335691, -0.00197329232469, 0.00140534038655, -0.000803957635071], [0.000273128447589, 0.00061868946068, 0.00149211101234, 0.000176776680746, 7.03936893842e-005, 0.000155866917339, -0.00429606437683, 0.0147397788242, -0.00380555540323, -3.92738402297e-005, 0.000762981770094, 0.000352569419192, 0.000158999187988], [0.000172300351551, 8.11873542261e-005, -0.000808947486803, 0.00053192989435, -0.00238390290178, -0.000323073356412, -6.23781743343e-005, -0.00380555540323, 0.0155943352729, -0.00488210609183, 0.00195824122056, 0.000904597400222, 0.000970977591351], [5.02649418195e-005, -0.000174532775418, 0.00303668016568, -0.00151374412235, 0.000382533646189, 3.17859958159e-005, 0.000914010335691, -3.92738402297e-005, -0.00488210609183, 0.0174394510686, -0.00646945461631, -1.9689245164e-005, 0.00134988315403], [-0.000192623803741, -0.000199151429115, -0.00034735983354, 0.00261548161507, -0.00069025909761, 0.000300020299619, -0.00197329232469, 0.000762981770094, 0.00195824122056, -0.00646945461631, 0.0200319439173, -0.00397049821913, 0.00227369111963], [0.000578500854317, -0.00094008439919, -0.00124653452076, -0.000145796133438, 0.00146693375427, -0.00102398265153, 0.00140534038655, 0.000352569419192, 0.000904597400222, -1.9689245164e-005, -0.00397049821913, 0.0208048019558, -0.00693936506286], [0.000257170875557, 1.21392622532e-005, 0.000346352782799, -0.00147776468657, -0.00159516336862, 0.004003202077, -0.000803957635071, 0.000158999187988, 0.000970977591351, 0.00134988315403, 0.00227369111963, -0.00693936506286, 0.0191455278546]]
    },
    "spectral_contrast_coeffs": {
        "mean": [-0.627142846584, -0.728218436241, -0.761075615883, -0.780840039253, -0.787288844585, -0.772582650185],
        "var": [0.00633971160278, 0.00376326823607, 0.00297334115021, 0.00162237940822, 0.00113679713104, 0.00122274726164]
    },
    "spectral_contrast_valleys": {
        "mean": [-6.72620868683, -6.21260690689, -7.06990003586, -7.60475969315, -7.75121355057, -10.3026895523],
        "var": [0.916207194328, 0.948020815849, 0.844651162624, 0.771217107773, 0.780960261822, 0.795561134815]
    }
},
"metadata": {
    "audio_properties": {
        "analysis_sample_rate": 44100,
        "bit_rate": 109310,
        "equal_loudness": 0,
        "length": 45.0612258911,
        "lossless": 0,
        "replay_gain": -7.85310745239,
        "sample_rate": 44100,
        "codec": "mp3",
        "downmix": "mix",
        "md5_encoded": "e960b33f7c952f965936b98e02cd8a2c"
    },
    "tags": {
        "file_name": "64.mp3"
    },
    "version": {
        "essentia": "2.1-beta2",
        "essentia_git_sha": "v2.1_beta2",
        "extractor": "music 1.0"
    }
},
"rhythm": {
    "beats_count": 88,
    "beats_loudness": {
        "mean": 0.0416250117123,
        "var": 0.000355806492735
    },
    "bpm": 119.157402039,
    "bpm_histogram_first_peak_bpm": {
        "mean": 120,
        "var": 0
    },
    "bpm_histogram_first_peak_spread": {
        "mean": 0.451219528913,
        "var": 0
    },
    "bpm_histogram_first_peak_weight": {
        "mean": 0.517241358757,
        "var": 0
    },
    "bpm_histogram_second_peak_bpm": {
        "mean": 115,
        "var": 0
    },
    "bpm_histogram_second_peak_spread": {
        "mean": 0.40000000596,
        "var": 0
    },
    "bpm_histogram_second_peak_weight": {
        "mean": 0.0344827584922,
        "var": 0
    },
    "danceability": 1.41502451897,
    "onset_rate": 3.74876260757,
    "beats_loudness_band_ratio": {
        "mean": [0.485640823841, 0.379086107016, 0.142843559384, 0.0784132704139, 0.0284000393003, 0.0214212015271],
        "var": [0.0230460166931, 0.034499257803, 0.0112166861072, 0.00532834930345, 0.000891794043127, 0.000196165885427]
    },
    "beats_position": [0.522448956966, 1.04489791393, 1.57895684242, 2.08979582787, 2.60063481331, 3.12308382988, 3.63392281532, 4.14476203918, 4.6439909935, 5.15482997894, 5.66566896439, 6.1648979187, 6.66412687302, 7.17496585846, 7.6858048439, 8.18503379822, 8.68426322937, 9.18349170685, 9.682721138, 10.1935596466, 10.7043991089, 11.2152376175, 11.7144670486, 12.2136955261, 12.7129249573, 13.2237634659, 13.722992897, 14.2570514679, 14.7678909302, 15.2787294388, 15.7895689011, 16.3004074097, 16.8112468719, 17.3220863342, 17.8213157654, 18.3321533203, 18.8313827515, 19.3190021515, 19.8182315826, 20.3174591064, 20.8166885376, 21.3275279999, 21.826757431, 22.3375968933, 22.8368244171, 23.3360538483, 23.8352832794, 24.3345127106, 24.8337402344, 25.3329696655, 25.8438091278, 26.343038559, 26.8422679901, 27.3414955139, 27.8523349762, 28.3515644073, 28.8507938385, 29.3500213623, 29.8492507935, 30.3484802246, 30.8360996246, 31.3469390869, 31.8577766418, 32.357006073, 32.8562355042, 33.3670730591, 33.8663024902, 34.3771438599, 34.8995895386, 35.4104309082, 35.9096603394, 36.4088897705, 36.9197273254, 37.4305648804, 37.94140625, 38.4522438049, 38.9398651123, 39.4507026672, 39.9615402222, 40.4607696533, 40.9599990845, 41.4592285156, 41.9584579468, 42.4576873779, 42.9569168091, 43.4561424255, 43.9553718567, 44.4546012878]
},
"tonal": {
    "chords_changes_rate": 0.0185185186565,
    "chords_number_rate": 0.00514403311536,
    "chords_strength": {
        "mean": 0.581897497177,
        "var": 0.00760366721079
    },
    "hpcp_entropy": {
        "mean": 2.26658082008,
        "var": 0.369759380817
    },
    "key_strength": 0.673991143703,
    "tuning_diatonic_strength": 0.584704935551,
    "tuning_equal_tempered_deviation": 0.0727983638644,
    "tuning_frequency": 440.763122559,
    "tuning_nontempered_energy_ratio": 0.725071430206,
    "hpcp": {
        "mean": [0.443086266518, 0.399412661791, 0.140282645822, 0.0414630584419, 0.0293307825923, 0.0626391470432, 0.113128773868, 0.102531567216, 0.109498128295, 0.160803079605, 0.117957338691, 0.0473089367151, 0.0328938663006, 0.0284877493978, 0.0630552172661, 0.152842208743, 0.163036480546, 0.0994271039963, 0.0846503898501, 0.118284709752, 0.295074552298, 0.476497352123, 0.340284734964, 0.141109347343, 0.0897977724671, 0.0743912383914, 0.103020071983, 0.133237406611, 0.154406234622, 0.216587424278, 0.258160978556, 0.200891062617, 0.123589754105, 0.0889453217387, 0.093474984169, 0.209869399667],
        "var": [0.155456125736, 0.131280973554, 0.0270429532975, 0.0091955056414, 0.00426593376324, 0.0079982643947, 0.0178603138775, 0.0174789465964, 0.0254722908139, 0.0455213673413, 0.0281409062445, 0.00801251456141, 0.0046749454923, 0.00315116043203, 0.00951064471155, 0.0484468527138, 0.0574041306973, 0.0253196563572, 0.0265760514885, 0.0410268604755, 0.0700749531388, 0.108615890145, 0.0750889405608, 0.044361576438, 0.0351635403931, 0.0286212582141, 0.047114033252, 0.0603215582669, 0.0655898079276, 0.0805760398507, 0.0975209623575, 0.0773384794593, 0.0511308982968, 0.0333781130612, 0.0301376655698, 0.0556460283697]
    },
    "chords_histogram": [59.1563796997, 26.0288066864, 2.67489719391, 0, 0.720164597034, 8.23045253754, 0, 3.18930029869, 0, 0, 0, 0, 0, 0, 0, 0, 0, 0, 0, 0, 0, 0, 0, 0],
    "thpcp": [1, 0.714137732983, 0.29613879323, 0.188453868032, 0.156120985746, 0.216202825308, 0.279618352652, 0.324044257402, 0.454540669918, 0.541788876057, 0.421599537134, 0.259371340275, 0.186664879322, 0.196171045303, 0.440441906452, 0.929881930351, 0.838226377964, 0.29440382123, 0.0870163440704, 0.0615549758077, 0.131457492709, 0.237417429686, 0.215177625418, 0.229797974229, 0.337468981743, 0.247550874949, 0.0992847830057, 0.0690326318145, 0.059785746038, 0.132330670953, 0.320761919022, 0.342156112194, 0.208662450314, 0.177651330829, 0.248237922788, 0.619257509708],
    "chords_key": "A",
    "chords_scale": "minor",
    "key_key": "A",
    "key_scale": "minor"
}
}