{
"lowlevel": {
    "average_loudness": 0.96784889698,
    "barkbands_crest": {
        "mean": 9.87045001984,
        "var": 15.6020727158
    },
    "barkbands_flatness_db": {
        "mean": 0.167868316174,
        "var": 0.00688365893438
    },
    "barkbands_kurtosis": {
        "mean": 12.0180130005,
        "var": 377.365844727
    },
    "barkbands_skewness": {
        "mean": 2.38343429565,
        "var": 3.28921699524
    },
    "barkbands_spread": {
        "mean": 19.0858478546,
        "var": 227.609283447
    },
    "dissonance": {
        "mean": 0.445149600506,
        "var": 0.00187948509119
    },
    "dynamic_complexity": 2.92645859718,
    "erbbands_crest": {
        "mean": 9.47336196899,
        "var": 18.1876392365
    },
    "erbbands_flatness_db": {
        "mean": 0.152137726545,
        "var": 0.00294470251538
    },
    "erbbands_kurtosis": {
        "mean": 2.11286139488,
        "var": 46.8066825867
    },
    "erbbands_skewness": {
        "mean": 0.867599964142,
        "var": 1.22910284996
    },
    "erbbands_spread": {
        "mean": 46.8767700195,
        "var": 738.700073242
    },
    "hfc": {
        "mean": 19.0504226685,
        "var": 352.282836914
    },
    "melbands_crest": {
        "mean": 14.0577249527,
        "var": 21.2280158997
    },
    "melbands_flatness_db": {
        "mean": 0.25270408392,
        "var": 0.0109241083264
    },
    "melbands_kurtosis": {
        "mean": 33.3662071228,
        "var": 2863.48706055
    },
    "melbands_skewness": {
        "mean": 3.53801703453,
        "var": 6.49717569351
    },
    "melbands_spread": {
        "mean": 16.7571659088,
        "var": 253.090515137
    },
    "pitch_salience": {
        "mean": 0.540875256062,
        "var": 0.0111485905945
    },
    "silence_rate_20dB": {
        "mean": 1,
        "var": 0
    },
    "silence_rate_30dB": {
        "mean": 0.999485313892,
        "var": 0.000514384824783
    },
    "silence_rate_60dB": {
        "mean": 0.0442614518106,
        "var": 0.0423024632037
    },
    "spectral_centroid": {
        "mean": 1135.96704102,
        "var": 616615.4375
    },
    "spectral_complexity": {
        "mean": 15.0983018875,
        "var": 97.0582199097
    },
    "spectral_decrease": {
        "mean": -7.35542426966e-009,
        "var": 4.02036578353e-017
    },
    "spectral_energy": {
        "mean": 0.0294890291989,
        "var": 0.00061737082433
    },
    "spectral_energyband_high": {
        "mean": 0.000752836931497,
        "var": 1.63464869729e-006
    },
    "spectral_energyband_low": {
        "mean": 0.0136179272085,
        "var": 0.000443609053036
    },
    "spectral_energyband_middle_high": {
        "mean": 0.00387325300835,
        "var": 2.55769118667e-005
    },
    "spectral_energyband_middle_low": {
        "mean": 0.0126376422122,
        "var": 0.000117939140182
    },
    "spectral_entropy": {
        "mean": 7.26833343506,
        "var": 0.411919653416
    },
    "spectral_flux": {
        "mean": 0.0953782424331,
        "var": 0.00408760504797
    },
    "spectral_kurtosis": {
        "mean": 5.81534957886,
        "var": 81.4926986694
    },
    "spectral_rms": {
        "mean": 0.00497744604945,
        "var": 3.99485679736e-006
    },
    "spectral_rolloff": {
        "mean": 1156.89831543,
        "var": 2750888
    },
    "spectral_skewness": {
        "mean": 1.74719560146,
        "var": 0.902560293674
    },
    "spectral_spread": {
        "mean": 5373502.5,
        "var": 7.71449526682e+012
    },
    "spectral_strongpeak": {
        "mean": 0.755588412285,
        "var": 1.06907331944
    },
    "zerocrossingrate": {
        "mean": 0.0533940456808,
        "var": 0.00161476747598
    },
    "barkbands": {
        "mean": [0.000132329354528, 0.00768191833049, 0.00464500114322, 0.00190064206254, 0.00251803989522, 0.00274816364981, 0.000860458472744, 0.00181458622683, 0.00226134993136, 0.000801005284302, 0.000441981275799, 0.000575994490646, 0.000239421802689, 0.000275374739431, 0.000355848256731, 0.000257225503447, 0.000194503285456, 0.000319733488141, 0.000532811507583, 0.000283702713205, 0.000113275746116, 9.83345453278e-005, 0.000166843878105, 0.000105459381302, 0.00010452533752, 5.49236974621e-005, 5.59192403671e-006],
        "var": [5.13902271848e-008, 0.000214603671338, 4.64255135739e-005, 5.72604221816e-006, 6.86810608386e-006, 1.5857622202e-005, 2.0765339741e-006, 1.58983039e-005, 3.01117233903e-005, 3.42205248671e-006, 1.0049230923e-006, 4.0939748942e-006, 2.75505129821e-007, 4.56993006992e-007, 5.93167555962e-007, 3.30952701688e-007, 2.29216354342e-007, 2.80363963157e-007, 6.35170579244e-007, 2.08073515751e-007, 7.2033785159e-008, 5.14246529804e-008, 8.434217591e-008, 6.7837476081e-008, 1.20940242709e-007, 4.73955132918e-008, 2.71271838326e-010]
    },
    "erbbands": {
        "mean": [0.17320945859, 1.89924609661, 5.38661003113, 6.26812028885, 6.25522661209, 8.41415119171, 16.4490756989, 24.1285915375, 13.2388191223, 22.4771595001, 48.2609710693, 52.4809799194, 37.0702209473, 16.3152809143, 17.5179729462, 26.509059906, 12.805937767, 16.3073959351, 16.8977451324, 15.6981058121, 13.0228214264, 10.3779459, 14.8685407639, 28.1574249268, 22.9994525909, 13.4049339294, 5.55016469955, 4.25998544693, 3.60615181923, 3.71774959564, 5.05949354172, 3.06700253487, 1.33237218857, 1.1449034214, 0.763951122761, 0.302810758352, 0.0881109535694, 0.0174707230181, 0.000561758410186, 4.87558572786e-005],
        "var": [0.101643510163, 13.3039083481, 67.7839279175, 60.2008857727, 57.6252555847, 85.5660476685, 659.860961914, 1672.11804199, 450.554077148, 1894.61657715, 14082.8984375, 16135.0410156, 6388.25878906, 1103.31872559, 1677.86376953, 9613.875, 601.566589355, 1385.43493652, 1358.51831055, 1221.97106934, 790.843078613, 486.336425781, 661.02355957, 1671.00756836, 1319.68017578, 458.907287598, 131.272705078, 110.038368225, 66.1632232666, 57.2810325623, 75.6398391724, 44.0243759155, 12.1637411118, 14.2818593979, 6.91548919678, 2.30130600929, 0.0758238583803, 0.00162063736934, 1.96645919459e-006, 2.29493846149e-009]
    },
    "gfcc": {
        "mean": [-17.4869308472, 94.1578598022, -81.0826416016, 37.819355011, -60.5848197937, 9.08215141296, -35.7207107544, 16.9827785492, -24.4994754791, 1.45578634739, -11.4079475403, -1.88373017311, -16.9233264923],
        "cov": [[9783.70410156, -1232.27026367, -2762.78857422, -267.571960449, -166.436538696, 152.908905029, -287.93637085, 555.635131836, -147.671386719, 28.1544399261, -59.8255500793, -92.1644897461, -257.965606689], [-1232.27026367, 1478.05993652, 61.3054542542, 8.58853244781, 226.150619507, -146.904205322, 155.493713379, -154.605712891, 133.724456787, -165.454238892, 150.18913269, -150.754135132, 106.241233826], [-2762.78857422, 61.3054542542, 2298.71679688, 522.980651855, 154.473724365, 133.931533813, -46.7698097229, -173.845748901, 30.2124557495, 104.538871765, -173.799697876, 157.323379517, 28.6036987305], [-267.571960449, 8.58853244781, 522.980651855, 748.027587891, 128.737335205, 32.1524276733, 23.4407577515, -53.046169281, 88.8544921875, -3.7726316452, -89.743522644, 6.3500213623, 54.8277664185], [-166.436538696, 226.150619507, 154.473724365, 128.737335205, 372.593383789, 45.8894271851, 31.7330169678, -11.2013893127, 52.753780365, -7.71458148956, -32.8207092285, -16.3510684967, 5.65154123306], [152.908905029, -146.904205322, 133.931533813, 32.1524276733, 45.8894271851, 232.934341431, 13.0670633316, -20.1148967743, 0.841129601002, 26.0153980255, -44.0778388977, 11.7553825378, -14.0997781754], [-287.93637085, 155.493713379, -46.7698097229, 23.4407577515, 31.7330169678, 13.0670633316, 198.854797363, -21.0324459076, -2.67546343803, -15.5273647308, 27.0251731873, -21.5509548187, 15.1867389679], [555.635131836, -154.605712891, -173.845748901, -53.046169281, -11.2013893127, -20.1148967743, -21.0324459076, 170.270065308, 15.1502304077, 2.95209169388, -3.50343132019, -7.11871957779, -25.0996570587], [-147.671386719, 133.724456787, 30.2124557495, 88.8544921875, 52.753780365, 0.841129601002, -2.67546343803, 15.1502304077, 138.640274048, -11.6442422867, 4.05115795135, -16.5115318298, 22.5635318756], [28.1544399261, -165.454238892, 104.538871765, -3.7726316452, -7.71458148956, 26.0153980255, -15.5273647308, 2.95209169388, -11.6442422867, 120.918807983, -15.0387887955, 36.5522880554, -18.9647388458], [-59.8255500793, 150.18913269, -173.799697876, -89.743522644, -32.8207092285, -44.0778388977, 27.0251731873, -3.50343132019, 4.05115795135, -15.0387887955, 125.397766113, -17.230304718, 7.08276748657], [-92.1644897461, -150.754135132, 157.323379517, 6.3500213623, -16.3510684967, 11.7553825378, -21.5509548187, -7.11871957779, -16.5115318298, 36.5522880554, -17.230304718, 105.866531372, 1.90444397926], [-257.965606689, 106.241233826, 28.6036987305, 54.8277664185, 5.65154123306, -14.0997781754, 15.1867389679, -25.0996570587, 22.5635318756, -18.9647388458, 7.08276748657, 1.90444397926, 76.4568023682]],
        "icov": [[0.000274504942354, -8.43099405756e-005, 0.000414428883232, -0.000291070697131, 4.32131892012e-005, -0.000403508718591, 0.000442329474026, -0.000582237204071, 0.00038731249515, -0.000157606933499, 0.000260758999502, -0.000230078090681, 0.000568590941839], [-8.43099405756e-005, 0.0019269597251, -0.000477572350064, 0.000620377424639, -0.00104583916254, 0.00121976761147, -0.000923413608689, 0.0016497321194, -0.00142644811422, 0.00144964177161, -0.00159507174976, 0.00201026559807, -0.00132281158585], [0.000414428883232, -0.000477572350064, 0.00136491318699, -0.00087970297318, 0.000127180013806, -0.000918652920518, 0.000924119784031, -0.000573995755985, 0.000744873424992, -0.000779713271186, 0.00114218448289, -0.00147305696737, 0.00114895368461], [-0.000291070697131, 0.000620377424639, -0.00087970297318, 0.00240522646345, -0.000589926901739, 0.000882435822859, -0.00100171682425, 0.00123299937695, -0.0017238346627, 0.000633164308965, 0.000411776185501, 0.00109538889956, -0.00182937982026], [4.32131892012e-005, -0.00104583916254, 0.000127180013806, -0.000589926901739, 0.00369710964151, -0.0010546380654, -1.3721743926e-005, -0.000839123502374, -0.000235400555539, -0.000591888499912, 0.00139911333099, -0.000599747814704, 0.00104198069312], [-0.000403508718591, 0.00121976761147, -0.000918652920518, 0.000882435822859, -0.0010546380654, 0.00617368752137, -0.00170407432597, 0.00233616749756, -0.00163119123317, 0.000301921885693, 0.000338072626619, 0.00136564054992, -0.000532663951162], [0.000442329474026, -0.000923413608689, 0.000924119784031, -0.00100171682425, -1.3721743926e-005, -0.00170407432597, 0.0066806008108, -0.00114192452747, 0.00191692390945, -0.000640877813566, -0.000402584380936, -0.000326242123265, 0.000453813641798], [-0.000582237204071, 0.0016497321194, -0.000573995755985, 0.00123299937695, -0.000839123502374, 0.00233616749756, -0.00114192452747, 0.00951385032386, -0.00336038530804, 0.00113646616228, -0.000597161415499, 0.00162226939574, 0.000205113145057], [0.00038731249515, -0.00142644811422, 0.000744873424992, -0.0017238346627, -0.000235400555539, -0.00163119123317, 0.00191692390945, -0.00336038530804, 0.0104539766908, -0.00108925357927, 8.25117458589e-005, -0.000352858216502, -0.00087507040007], [-0.000157606933499, 0.00144964177161, -0.000779713271186, 0.000633164308965, -0.000591888499912, 0.000301921885693, -0.000640877813566, 0.00113646616228, -0.00108925357927, 0.0110990582034, -0.00119961053133, -0.00134843587875, 0.00111058016773], [0.000260758999502, -0.00159507174976, 0.00114218448289, 0.000411776185501, 0.00139911333099, 0.000338072626619, -0.000402584380936, -0.000597161415499, 8.25117458589e-005, -0.00119961053133, 0.0120667833835, -0.00133356219158, 0.000809976074379], [-0.000230078090681, 0.00201026559807, -0.00147305696737, 0.00109538889956, -0.000599747814704, 0.00136564054992, -0.000326242123265, 0.00162226939574, -0.000352858216502, -0.00134843587875, -0.00133356219158, 0.0142840929329, -0.00337313930504], [0.000568590941839, -0.00132281158585, 0.00114895368461, -0.00182937982026, 0.00104198069312, -0.000532663951162, 0.000453813641798, 0.000205113145057, -0.00087507040007, 0.00111058016773, 0.000809976074379, -0.00337313930504, 0.0180625040084]]
    },
    "melbands": {
        "mean": [0.00187034730334, 0.0027986317873, 0.00110062235035, 0.000496704888064, 0.00054202839965, 0.000524819537532, 0.000198813795578, 0.00026125900331, 0.000415061920648, 0.000325594883179, 0.000173405904206, 5.98927035753e-005, 5.36767183803e-005, 6.72393725836e-005, 4.69123770017e-005, 2.49183849519e-005, 3.06299734802e-005, 2.41149027715e-005, 2.4450078854e-005, 2.1622321583e-005, 1.3630072317e-005, 1.12373736556e-005, 1.0270859093e-005, 1.61483458214e-005, 2.36050473177e-005, 1.9101658836e-005, 1.29121835926e-005, 7.75566786615e-006, 3.45251032741e-006, 2.81512143374e-006, 2.33503897107e-006, 2.12557870327e-006, 1.72763179762e-006, 2.21189748117e-006, 3.04980653709e-006, 2.50774860433e-006, 1.66040160821e-006, 1.03010711427e-006, 6.2196380668e-007, 1.093034939e-006],
        "var": [1.2502867321e-005, 2.06623280974e-005, 1.58606189871e-006, 2.6937462394e-007, 5.59704233183e-007, 7.01042608853e-007, 9.59524442123e-008, 2.76907343277e-007, 1.19188098324e-006, 6.26206031029e-007, 1.53175363948e-007, 1.79253714094e-008, 1.53676538162e-008, 5.15926821265e-008, 1.81178503311e-008, 3.41155836914e-009, 6.21390539024e-009, 3.41978245721e-009, 3.00671643139e-009, 2.63062682748e-009, 1.10118403285e-009, 6.93326895895e-010, 4.54623033663e-010, 6.97020385854e-010, 1.2809389105e-009, 1.01733987901e-009, 4.56351595401e-010, 1.7218705628e-010, 5.68227895292e-011, 4.9859751744e-011, 3.63046433194e-011, 2.45311115171e-011, 1.67139132395e-011, 2.04204292364e-011, 3.10181290375e-011, 1.94288456851e-011, 1.90591032539e-011, 8.85475980733e-012, 2.67278647131e-012, 1.45949502484e-011]
    },
    "mfcc": {
        "mean": [-672.033081055, 126.501937866, 30.2917327881, 32.4108734131, 5.51368141174, -3.69137096405, 2.61895513535, 8.44304656982, -8.72954559326, 10.8838310242, 1.20543050766, -3.37930822372, 0.621466755867],
        "cov": [[9290.4375, -1357.58728027, -2762.76513672, -661.137573242, -228.594329834, -554.576721191, -21.9828567505, 191.842926025, -204.128311157, 503.365509033, -65.6890411377, -44.2248497009, 34.1377182007], [-1357.58728027, 1342.24401855, 3.76380181313, -6.77306652069, 88.7378158569, -26.6734924316, 71.0666809082, -7.87804460526, -53.0149726868, 14.7560997009, 3.83696103096, -13.008146286, -1.06182491779], [-2762.76513672, 3.76380181313, 1759.44750977, 462.474060059, 244.669235229, 359.801513672, -46.3245887756, -56.4084587097, 170.211151123, -239.495040894, 59.305431366, 52.061088562, -60.9196052551], [-661.137573242, -6.77306652069, 462.474060059, 664.790893555, 184.193374634, 172.166046143, -10.7255039215, 8.54858112335, 154.843261719, -106.845115662, 58.3642845154, 44.7228469849, -54.8343238831], [-228.594329834, 88.7378158569, 244.669235229, 184.193374634, 368.849456787, 118.766624451, -33.5514221191, 24.4847335815, 70.7020645142, 6.80126142502, 19.8807582855, 11.2944583893, -40.39320755], [-554.576721191, -26.6734924316, 359.801513672, 172.166046143, 118.766624451, 356.616394043, 40.8771324158, -10.58664608, 111.484779358, -96.7798080444, 42.3632850647, 28.4696502686, -27.8104858398], [-21.9828567505, 71.0666809082, -46.3245887756, -10.7255039215, -33.5514221191, 40.8771324158, 154.158325195, 15.5609130859, -7.65569639206, 3.32146954536, 8.41814517975, -15.0742959976, 13.85825634], [191.842926025, -7.87804460526, -56.4084587097, 8.54858112335, 24.4847335815, -10.58664608, 15.5609130859, 124.607643127, 21.5625019073, 28.6497039795, -9.58254528046, -2.83817052841, 1.58421111107], [-204.128311157, -53.0149726868, 170.211151123, 154.843261719, 70.7020645142, 111.484779358, -7.65569639206, 21.5625019073, 165.019302368, -44.6968154907, 33.5402107239, 19.8359088898, -21.4536304474], [503.365509033, 14.7560997009, -239.495040894, -106.845115662, 6.80126142502, -96.7798080444, 3.32146954536, 28.6497039795, -44.6968154907, 185.693511963, -15.7386932373, -28.0230960846, 2.55020952225], [-65.6890411377, 3.83696103096, 59.305431366, 58.3642845154, 19.8807582855, 42.3632850647, 8.41814517975, -9.58254528046, 33.5402107239, -15.7386932373, 93.1126708984, 26.9736480713, -9.51359844208], [-44.2248497009, -13.008146286, 52.061088562, 44.7228469849, 11.2944583893, 28.4696502686, -15.0742959976, -2.83817052841, 19.8359088898, -28.0230960846, 26.9736480713, 77.4477767944, 13.3373088837], [34.1377182007, -1.06182491779, -60.9196052551, -54.8343238831, -40.39320755, -27.8104858398, 13.85825634, 1.58421111107, -21.4536304474, 2.55020952225, -9.51359844208, 13.3373088837, 77.9101257324]],
        "icov": [[0.000310068251565, 0.000329792994307, 0.000473800726468, 1.2232505469e-005, -0.0001879651536, 4.63252727059e-005, -2.7341347959e-005, -0.000176041998202, 7.28860322852e-005, -0.000212711442146, -8.17922264105e-005, -0.000200674330699, 0.000226642208872], [0.000329792994307, 0.00116174889263, 0.000485997908982, 2.94648689305e-005, -0.000556972518098, 0.0002476197551, -0.000537413288839, -7.25069185137e-005, 0.000368013192201, -0.000133599169203, -0.000158931594342, -0.000214817628148, 0.000291844975436], [0.000473800726468, 0.000485997908982, 0.00162641948555, -0.000283699133433, -0.000561429245863, -0.000435060093878, 0.000253633683315, -2.16021107917e-005, 8.3781844296e-005, 0.000378251163056, -0.000117077201139, -0.000201492890483, 0.000410915119573], [1.2232505469e-005, 2.94648689305e-005, -0.000283699133433, 0.00243508978747, -0.000725150166545, 0.000172729429323, -0.000331196119078, -9.55096547841e-005, -0.00131921144202, 0.000673466478474, -0.000361742539098, -0.000680217635818, 0.000920579361264], [-0.0001879651536, -0.000556972518098, -0.000561429245863, -0.000725150166545, 0.00414948072284, -0.00121539714746, 0.00127224181779, -0.000668285705615, -0.000281253043795, -0.0013437703019, 8.67436392582e-005, 0.000114432499686, 0.000587726535741], [4.63252727059e-005, 0.0002476197551, -0.000435060093878, 0.000172729429323, -0.00121539714746, 0.0051093865186, -0.00218640710227, 0.0006662743981, -0.00205025263131, 0.00137694936711, -0.000303189037368, -0.000855933409184, 0.000833381607663], [-2.7341347959e-005, -0.000537413288839, 0.000253633683315, -0.000331196119078, 0.00127224181779, -0.00218640710227, 0.00835528224707, -0.00146499858238, 0.00100692617707, -0.000323625950841, -0.00150011701044, 0.00258818571456, -0.00194575765636], [-0.000176041998202, -7.25069185137e-005, -2.16021107917e-005, -9.55096547841e-005, -0.000668285705615, 0.0006662743981, -0.00146499858238, 0.0094144968316, -0.00220697443001, -0.00111585087143, 0.0015999446623, -0.000467243575258, -0.000343299267115], [7.28860322852e-005, 0.000368013192201, 8.3781844296e-005, -0.00131921144202, -0.000281253043795, -0.00205025263131, 0.00100692617707, -0.00220697443001, 0.00988730601966, 0.000591579067986, -0.00190860626753, -3.37313649652e-005, 0.00057416735217], [-0.000212711442146, -0.000133599169203, 0.000378251163056, 0.000673466478474, -0.0013437703019, 0.00137694936711, -0.000323625950841, -0.00111585087143, 0.000591579067986, 0.00814753957093, -0.000545050075743, 0.00173903151881, 0.000268166419119], [-8.17922264105e-005, -0.000158931594342, -0.000117077201139, -0.000361742539098, 8.67436392582e-005, -0.000303189037368, -0.00150011701044, 0.0015999446623, -0.00190860626753, -0.000545050075743, 0.013536920771, -0.00465346127748, 0.00180046621244], [-0.000200674330699, -0.000214817628148, -0.000201492890483, -0.000680217635818, 0.000114432499686, -0.000855933409184, 0.00258818571456, -0.000467243575258, -3.37313649652e-005, 0.00173903151881, -0.00465346127748, 0.0171628873795, -0.0048209046945], [0.000226642208872, 0.000291844975436, 0.000410915119573, 0.000920579361264, 0.000587726535741, 0.000833381607663, -0.00194575765636, -0.000343299267115, 0.00057416735217, 0.000268166419119, 0.00180046621244, -0.0048209046945, 0.0158589333296]]
    },
    "spectral_contrast_coeffs": {
        "mean": [-0.665325760841, -0.703130483627, -0.739522755146, -0.774851858616, -0.765149176121, -0.759257078171],
        "var": [0.00400818232447, 0.00769982347265, 0.00788306910545, 0.00559409335256, 0.00449588522315, 0.00196066265926]
    },
    "spectral_contrast_valleys": {
        "mean": [-6.89884567261, -6.87045431137, -7.93425941467, -8.50893688202, -8.13842487335, -10.5758991241],
        "var": [1.40612077713, 1.39259684086, 1.62407648563, 1.7979786396, 1.92389810085, 1.65761208534]
    }
},
"metadata": {
    "audio_properties": {
        "analysis_sample_rate": 44100,
        "bit_rate": 112537,
        "equal_loudness": 0,
        "length": 45.0873451233,
        "lossless": 0,
        "replay_gain": -13.0070590973,
        "sample_rate": 44100,
        "codec": "mp3",
        "downmix": "mix",
        "md5_encoded": "4d5bd67afc6f478dedb86509596075be"
    },
    "tags": {
        "file_name": "640.mp3"
    },
    "version": {
        "essentia": "2.1-beta2",
        "essentia_git_sha": "v2.1_beta2",
        "extractor": "music 1.0"
    }
},
"rhythm": {
    "beats_count": 76,
    "beats_loudness": {
        "mean": 0.0339953564107,
        "var": 0.000162527503562
    },
    "bpm": 101.982269287,
    "bpm_histogram_first_peak_bpm": {
        "mean": 101,
        "var": 0
    },
    "bpm_histogram_first_peak_spread": {
        "mean": 0.346666693687,
        "var": 0
    },
    "bpm_histogram_first_peak_weight": {
        "mean": 0.653333306313,
        "var": 0
    },
    "bpm_histogram_second_peak_bpm": {
        "mean": 0,
        "var": 0
    },
    "bpm_histogram_second_peak_spread": {
        "mean": 0,
        "var": 0
    },
    "bpm_histogram_second_peak_weight": {
        "mean": 0,
        "var": 0
    },
    "danceability": 1.41352474689,
    "onset_rate": 4.94404554367,
    "beats_loudness_band_ratio": {
        "mean": [0.535875380039, 0.171946913004, 0.174466177821, 0.0675257220864, 0.0537386760116, 0.0491979755461],
        "var": [0.0620434544981, 0.0196988973767, 0.0207968205214, 0.00884262379259, 0.00251633650623, 0.00152800022624]
    },
    "beats_position": [0.568888902664, 1.16099774837, 1.74149656296, 2.33360528946, 2.92571425438, 3.50621318817, 4.08671188354, 4.67882061005, 5.27092981339, 5.85142850876, 6.44353723526, 7.03564596176, 7.6277551651, 8.20825386047, 8.78875255585, 9.38086128235, 9.96135997772, 10.5534696579, 11.1455783844, 11.7376871109, 12.3297958374, 12.9219045639, 13.5024032593, 14.0945119858, 14.6750106812, 15.2555103302, 15.8476190567, 16.4397277832, 17.031835556, 17.6123352051, 18.2044448853, 18.7965526581, 19.3886623383, 19.9807701111, 20.5728797913, 21.153377533, 21.7454872131, 22.3375968933, 22.918094635, 23.5102043152, 24.102312088, 24.6828117371, 25.2749195099, 25.8670291901, 26.4475269318, 27.0280265808, 27.620136261, 28.2122440338, 28.7927436829, 29.3848514557, 29.9769611359, 30.5574588776, 31.1495685577, 31.7416782379, 32.322177887, 32.9258956909, 33.5063934326, 34.0868911743, 34.6790008545, 35.2711105347, 35.8632202148, 36.455329895, 37.0358276367, 37.6163253784, 38.2084350586, 38.7889328003, 39.3810424805, 39.9731521606, 40.5652618408, 41.1457595825, 41.7378692627, 42.3299751282, 42.9220848083, 43.5141944885, 44.1063041687, 44.6984100342]
},
"tonal": {
    "chords_changes_rate": 0.126543208957,
    "chords_number_rate": 0.00925925932825,
    "chords_strength": {
        "mean": 0.443330705166,
        "var": 0.00688415113837
    },
    "hpcp_entropy": {
        "mean": 1.97522139549,
        "var": 0.556008160114
    },
    "key_strength": 0.682324886322,
    "tuning_diatonic_strength": 0.506827712059,
    "tuning_equal_tempered_deviation": 0.0125913769007,
    "tuning_frequency": 440.508636475,
    "tuning_nontempered_energy_ratio": 0.705378472805,
    "hpcp": {
        "mean": [0.105063222349, 0.0949441418052, 0.133456930518, 0.211357086897, 0.171285271645, 0.101215913892, 0.100896582007, 0.108329251409, 0.163103878498, 0.188896223903, 0.117610245943, 0.0665961951017, 0.0657242536545, 0.0736629292369, 0.157689243555, 0.263599872589, 0.216397449374, 0.169456571341, 0.180847063661, 0.116012513638, 0.0716385319829, 0.0720191150904, 0.0813282132149, 0.170481652021, 0.230748727918, 0.147058174014, 0.0764263123274, 0.0737920850515, 0.0886268988252, 0.199743017554, 0.271875560284, 0.167759940028, 0.0952776670456, 0.113537713885, 0.103112898767, 0.0926458090544],
        "var": [0.0357075445354, 0.0299277659506, 0.0419745780528, 0.0963587462902, 0.0666453689337, 0.0310865174979, 0.0386397242546, 0.0399023480713, 0.06940767169, 0.0881815552711, 0.0408486276865, 0.0259542558342, 0.0292668808252, 0.0269575957209, 0.0551752373576, 0.109692513943, 0.0742164850235, 0.0632678568363, 0.0842382982373, 0.0385295152664, 0.0291982833296, 0.0321817733347, 0.0317418538034, 0.0564479269087, 0.0896419137716, 0.0491717606783, 0.0289830639958, 0.0226067230105, 0.0308300964534, 0.0724286064506, 0.12102355808, 0.0532496273518, 0.0317805111408, 0.0591618679464, 0.0479193553329, 0.0280107017606]
    },
    "chords_histogram": [5.34979438782, 14.0946502686, 21.2962970734, 1.54320991039, 0.823045253754, 0, 5.45267486572, 0, 4.11522626877, 5.14403295517, 0, 0, 0, 0, 0, 0, 0, 0, 0, 0, 0, 8.23045253754, 0.411522626877, 33.5390930176],
    "thpcp": [1, 0.617046773434, 0.350445866585, 0.417609125376, 0.379265040159, 0.340765506029, 0.386438637972, 0.349219113588, 0.490875065327, 0.777403771877, 0.630013465881, 0.372287660837, 0.371113091707, 0.398451596498, 0.599921047688, 0.694789290428, 0.432588517666, 0.244951024652, 0.24174387753, 0.270943552256, 0.580005228519, 0.969560742378, 0.795943021774, 0.623287260532, 0.665183246136, 0.426711827517, 0.263497501612, 0.264897346497, 0.29913765192, 0.627057671547, 0.848729193211, 0.540902495384, 0.281107693911, 0.271418601274, 0.325983315706, 0.73468542099],
    "chords_key": "C",
    "chords_scale": "minor",
    "key_key": "D#",
    "key_scale": "major"
}
}