{
"lowlevel": {
    "average_loudness": 0.197501391172,
    "barkbands_crest": {
        "mean": 13.8682031631,
        "var": 28.248500824
    },
    "barkbands_flatness_db": {
        "mean": 0.174325555563,
        "var": 0.00555464066565
    },
    "barkbands_kurtosis": {
        "mean": 10.0278787613,
        "var": 321.928894043
    },
    "barkbands_skewness": {
        "mean": 2.37058401108,
        "var": 2.76312112808
    },
    "barkbands_spread": {
        "mean": 22.4659156799,
        "var": 464.183532715
    },
    "dissonance": {
        "mean": 0.444341659546,
        "var": 0.00174285622779
    },
    "dynamic_complexity": 8.18023014069,
    "erbbands_crest": {
        "mean": 10.9294967651,
        "var": 22.6024570465
    },
    "erbbands_flatness_db": {
        "mean": 0.176845490932,
        "var": 0.00457759061828
    },
    "erbbands_kurtosis": {
        "mean": 0.800255298615,
        "var": 12.312538147
    },
    "erbbands_skewness": {
        "mean": 0.761484086514,
        "var": 0.917868554592
    },
    "erbbands_spread": {
        "mean": 46.1436004639,
        "var": 479.711547852
    },
    "hfc": {
        "mean": 10.6533985138,
        "var": 199.241439819
    },
    "melbands_crest": {
        "mean": 17.3861446381,
        "var": 29.8057498932
    },
    "melbands_flatness_db": {
        "mean": 0.237013429403,
        "var": 0.00616296473891
    },
    "melbands_kurtosis": {
        "mean": 21.9726734161,
        "var": 415.176483154
    },
    "melbands_skewness": {
        "mean": 3.57416033745,
        "var": 2.50982952118
    },
    "melbands_spread": {
        "mean": 17.9815654755,
        "var": 306.528076172
    },
    "pitch_salience": {
        "mean": 0.469712495804,
        "var": 0.0141566423699
    },
    "silence_rate_20dB": {
        "mean": 1,
        "var": 0
    },
    "silence_rate_30dB": {
        "mean": 0.996910393238,
        "var": 0.0030800444074
    },
    "silence_rate_60dB": {
        "mean": 0.380020588636,
        "var": 0.23560193181
    },
    "spectral_centroid": {
        "mean": 1240.56286621,
        "var": 673176.5
    },
    "spectral_complexity": {
        "mean": 9.44696235657,
        "var": 69.0292358398
    },
    "spectral_decrease": {
        "mean": -4.31459268313e-009,
        "var": 3.18831440065e-017
    },
    "spectral_energy": {
        "mean": 0.0172505266964,
        "var": 0.000498918816447
    },
    "spectral_energyband_high": {
        "mean": 0.000558304134756,
        "var": 1.24876726204e-006
    },
    "spectral_energyband_low": {
        "mean": 0.00548435468227,
        "var": 0.000131732376758
    },
    "spectral_energyband_middle_high": {
        "mean": 0.00169547635596,
        "var": 6.91922059559e-006
    },
    "spectral_energyband_middle_low": {
        "mean": 0.0102255437523,
        "var": 0.000216364307562
    },
    "spectral_entropy": {
        "mean": 7.14467716217,
        "var": 0.364863991737
    },
    "spectral_flux": {
        "mean": 0.037880718708,
        "var": 0.00163795298431
    },
    "spectral_kurtosis": {
        "mean": 4.86702442169,
        "var": 15.3152856827
    },
    "spectral_rms": {
        "mean": 0.00324149103835,
        "var": 6.32251294519e-006
    },
    "spectral_rolloff": {
        "mean": 1904.59143066,
        "var": 10179054
    },
    "spectral_skewness": {
        "mean": 1.48008859158,
        "var": 0.284292966127
    },
    "spectral_spread": {
        "mean": 4506490,
        "var": 4.02564684186e+012
    },
    "spectral_strongpeak": {
        "mean": 0.774107217789,
        "var": 0.679942369461
    },
    "zerocrossingrate": {
        "mean": 0.0727358013391,
        "var": 0.00821423344314
    },
    "barkbands": {
        "mean": [8.37332190713e-005, 0.00250978814438, 0.00225506699644, 0.000854084442835, 0.00291074067354, 0.00436344649643, 0.000517309701536, 0.000478683330584, 0.000961525191087, 0.000246175361099, 0.000288281065878, 0.000150843261508, 0.000233442813624, 6.33535164525e-005, 0.000100687480881, 5.75617268623e-005, 0.000139702067827, 0.000220152403926, 0.000170038387296, 0.000140195901622, 0.000184572825674, 0.000195984481252, 4.91202590638e-005, 2.4319104341e-005, 2.81231532426e-005, 2.03918407351e-005, 3.22238611261e-006],
        "var": [1.20774842571e-007, 4.77152716485e-005, 3.81372956326e-005, 9.24609776121e-006, 6.36642216705e-005, 8.27682742965e-005, 1.20222637179e-006, 1.04926107269e-006, 7.50752269596e-006, 3.79152794494e-007, 3.18643799346e-007, 1.20294473049e-007, 3.99819811037e-007, 3.82852469727e-008, 6.72325342066e-008, 1.96109422035e-008, 1.0124650629e-007, 1.77871299911e-007, 9.23797998098e-008, 1.36378034199e-007, 1.3954921485e-007, 1.9223600134e-007, 3.69361821129e-008, 9.99466198692e-009, 9.38457400679e-009, 5.32801669451e-009, 1.82673556837e-010]
    },
    "erbbands": {
        "mean": [0.0604874528944, 0.611457586288, 2.13191127777, 3.55338549614, 2.72133755684, 11.8650684357, 19.2833652496, 49.087387085, 12.2014303207, 9.20953559875, 12.4731578827, 23.9430599213, 9.29490566254, 7.78009223938, 11.733332634, 7.04688167572, 10.9415397644, 4.9938211441, 6.29359531403, 2.96591806412, 3.93204689026, 7.93980932236, 12.0291986465, 11.8206396103, 6.01953172684, 7.86072301865, 8.2062997818, 5.6380109787, 6.18431949615, 4.60790014267, 1.24882495403, 0.586197793484, 0.428333163261, 0.320127040148, 0.184586405754, 0.0790439769626, 0.0386869013309, 0.0102560501546, 0.000315498065902, 2.7108746508e-005],
        "var": [0.0354101397097, 2.83764958382, 26.1288948059, 125.014053345, 80.7663192749, 1169.82177734, 1204.52978516, 12697.0986328, 526.545532227, 361.381103516, 849.327331543, 5030.69140625, 419.639160156, 294.345733643, 657.390075684, 218.759902954, 822.940002441, 131.610565186, 303.554992676, 30.0077056885, 84.1620635986, 339.176727295, 619.143432617, 405.563171387, 107.093734741, 520.772705078, 286.28918457, 135.125061035, 174.14894104, 141.875228882, 25.5162448883, 6.21682214737, 2.53933095932, 1.33956038952, 0.378470689058, 0.0727805644274, 0.022748503834, 0.00131279358175, 1.58049158472e-006, 1.69266001215e-009]
    },
    "gfcc": {
        "mean": [-106.974052429, 78.1448364258, -113.289825439, 19.1217651367, -65.7072677612, -18.3890018463, -33.9869537354, -6.05232000351, -28.6036491394, -0.205291301012, -13.6852235794, 11.6514759064, -15.611117363],
        "cov": [[20598.3554688, 1441.06604004, -985.772827148, 1868.9642334, -1466.26257324, 995.455749512, -20.7352485657, 670.596679688, -365.085021973, 496.32131958, 83.8186187744, 2.26887202263, 400.941986084], [1441.06604004, 1322.78491211, -513.082824707, 18.355430603, 11.2238206863, -296.224609375, 44.4266700745, -149.085403442, 158.75579834, -148.138427734, 52.5859031677, -97.0489654541, 120.807258606], [-985.772827148, -513.082824707, 1459.1418457, 476.009918213, 269.821777344, 510.886016846, 125.388839722, 244.233810425, -127.243469238, 49.7732124329, -142.086898804, 6.44804334641, -212.889587402], [1868.9642334, 18.355430603, 476.009918213, 828.57611084, 76.9395980835, 476.640594482, 233.212631226, 147.334381104, -62.684589386, 103.347259521, -21.1360301971, -6.89315843582, -9.40796947479], [-1466.26257324, 11.2238206863, 269.821777344, 76.9395980835, 490.049224854, 57.0237464905, 35.6990280151, 40.1952705383, 32.5425682068, -51.7894935608, 37.4445266724, 0.756419658661, -64.1067733765], [995.455749512, -296.224609375, 510.886016846, 476.640594482, 57.0237464905, 529.445251465, 183.951034546, 177.913040161, -76.3728179932, 118.408340454, -25.7901172638, 30.6356639862, -45.9109191895], [-20.7352485657, 44.4266700745, 125.388839722, 233.212631226, 35.6990280151, 183.951034546, 278.306091309, 19.1824321747, 27.1871757507, 35.7350006104, 2.72587966919, 15.2347412109, 21.3670387268], [670.596679688, -149.085403442, 244.233810425, 147.334381104, 40.1952705383, 177.913040161, 19.1824321747, 246.541687012, -6.39709663391, 69.9849243164, 20.7717514038, 23.7834129333, -36.028968811], [-365.085021973, 158.75579834, -127.243469238, -62.684589386, 32.5425682068, -76.3728179932, 27.1871757507, -6.39709663391, 167.812698364, 14.6571388245, 34.0384635925, 20.1989631653, 36.1679191589], [496.32131958, -148.138427734, 49.7732124329, 103.347259521, -51.7894935608, 118.408340454, 35.7350006104, 69.9849243164, 14.6571388245, 131.125900269, 34.1455726624, 38.8219032288, 21.5280208588], [83.8186187744, 52.5859031677, -142.086898804, -21.1360301971, 37.4445266724, -25.7901172638, 2.72587966919, 20.7717514038, 34.0384635925, 34.1455726624, 118.200546265, 47.1093444824, 41.6900634766], [2.26887202263, -97.0489654541, 6.44804334641, -6.89315843582, 0.756419658661, 30.6356639862, 15.2347412109, 23.7834129333, 20.1989631653, 38.8219032288, 47.1093444824, 97.7180175781, 33.5307617188], [400.941986084, 120.807258606, -212.889587402, -9.40796947479, -64.1067733765, -45.9109191895, 21.3670387268, -36.028968811, 36.1679191589, 21.5280208588, 41.6900634766, 33.5307617188, 140.192169189]],
        "icov": [[0.000300382816931, -0.000627186498605, 0.000480908609461, -0.00058161263587, 0.000674508395605, -0.000604393484537, 0.000781484297477, -0.000860231928527, 0.000850906828418, -0.000549596792553, 0.00048695327132, -0.00062764150789, 1.31437518576e-005], [-0.000627186498605, 0.00297419936396, -0.000870419607963, 0.000312824704451, -0.00115060852841, 0.00200130487792, -0.00187470659148, 0.00181128340773, -0.00321183982305, 0.0032988844905, -0.00225616712123, 0.00303863896988, -0.000923341023736], [0.000480908609461, -0.000870419607963, 0.00257654255256, -0.00129399960861, 0.000252248253673, -0.00157163629774, 0.00119099009316, -0.00211983127519, 0.00174119672738, -0.000988829531707, 0.00300279469229, -0.00221596099436, 0.00141450297087], [-0.00058161263587, 0.000312824704451, -0.00129399960861, 0.00452322838828, -0.00158938160166, -0.00138786411844, -0.0022291559726, 0.00163551280275, -0.000653531460557, -0.00036687834654, -0.000767030054703, 0.00202312367037, -0.000719722534996], [0.000674508395605, -0.00115060852841, 0.000252248253673, -0.00158938160166, 0.00481449486688, -0.00161653989926, 0.00176947109867, -0.0017013536999, 0.000338495650794, 0.00168019148987, -0.00216367910616, -0.000632307259366, 0.000753405911382], [-0.000604393484537, 0.00200130487792, -0.00157163629774, -0.00138786411844, -0.00161653989926, 0.00889230426401, -0.00401964364573, -0.000179954819032, 7.4038238381e-005, -0.00141775305383, 0.000134328423883, 0.000262473302428, 0.000359379075235], [0.000781484297477, -0.00187470659148, 0.00119099009316, -0.0022291559726, 0.00176947109867, -0.00401964364573, 0.00799117796123, -0.000902047147974, 0.000289794872515, -0.000751978775952, 0.000989157240838, -0.00188672088552, -0.000719724572264], [-0.000860231928527, 0.00181128340773, -0.00211983127519, 0.00163551280275, -0.0017013536999, -0.000179954819032, -0.000902047147974, 0.00917472783476, -0.00355426431634, 0.000238389635342, -0.00379422772676, 0.00220110220835, 0.000930714653805], [0.000850906828418, -0.00321183982305, 0.00174119672738, -0.000653531460557, 0.000338495650794, 7.4038238381e-005, 0.000289794872515, -0.00355426431634, 0.0120823560283, -0.00605936767533, 0.00329351681285, -0.00425731018186, 8.06359366834e-006], [-0.000549596792553, 0.0032988844905, -0.000988829531707, -0.00036687834654, 0.00168019148987, -0.00141775305383, -0.000751978775952, 0.000238389635342, -0.00605936767533, 0.0183733999729, -0.00674142502248, 0.00170069397427, -0.00197743833996], [0.00048695327132, -0.00225616712123, 0.00300279469229, -0.000767030054703, -0.00216367910616, 0.000134328423883, 0.000989157240838, -0.00379422772676, 0.00329351681285, -0.00674142502248, 0.0184580497444, -0.00857053790241, -0.000264912552666], [-0.00062764150789, 0.00303863896988, -0.00221596099436, 0.00202312367037, -0.000632307259366, 0.000262473302428, -0.00188672088552, 0.00220110220835, -0.00425731018186, 0.00170069397427, -0.00857053790241, 0.0191494543105, -0.00459694117308], [1.31437518576e-005, -0.000923341023736, 0.00141450297087, -0.000719722534996, 0.000753405911382, 0.000359379075235, -0.000719724572264, 0.000930714653805, 8.06359366834e-006, -0.00197743833996, -0.000264912552666, -0.00459694117308, 0.0122817773372]]
    },
    "melbands": {
        "mean": [0.000626988825388, 0.00106709694955, 0.000568575283978, 0.000454426306533, 0.000756975263357, 0.000984096783213, 0.000156635724124, 9.87119274214e-005, 0.00012146197696, 0.00014235227718, 4.02611731261e-005, 2.85515106953e-005, 3.53665491275e-005, 2.30672812904e-005, 1.82580952242e-005, 2.53705766227e-005, 6.59446823192e-006, 1.03023457996e-005, 4.51144660474e-006, 4.14164333051e-006, 4.81210145153e-006, 8.27044914331e-006, 1.02365138446e-005, 1.03885167846e-005, 9.83477184491e-006, 4.43342696599e-006, 4.89343346999e-006, 4.7677767725e-006, 4.92503249916e-006, 4.42786722488e-006, 3.09637334794e-006, 3.3420571981e-006, 4.00205681217e-006, 1.86160059457e-006, 7.44677720377e-007, 4.45239180635e-007, 3.17338390232e-007, 3.02196923485e-007, 2.89077235038e-007, 2.64798757144e-007],
        "var": [3.14422982228e-006, 5.76629281568e-006, 2.89117087959e-006, 1.43265333463e-006, 2.49259437624e-006, 4.79611389892e-006, 9.11798139214e-008, 4.70655621143e-008, 1.09293900152e-007, 1.66731368267e-007, 9.61725277193e-009, 4.8697841315e-009, 5.26584731375e-009, 2.7025250926e-009, 1.53807622194e-009, 6.1725606848e-009, 3.33190142143e-010, 8.93535967439e-010, 6.91661519725e-011, 8.17819562071e-011, 1.71287414807e-010, 4.40375930166e-010, 6.39840069816e-010, 2.6365198913e-010, 3.06722341969e-010, 6.35954483519e-011, 1.19291715395e-010, 2.30563568238e-010, 1.50067250293e-010, 8.74848943289e-011, 5.52550366573e-011, 4.92999044366e-011, 1.09511788526e-010, 2.76801966764e-011, 1.19144555333e-011, 3.75723367349e-012, 2.0574694292e-012, 1.37122149572e-012, 9.73559340783e-013, 1.04420389436e-012]
    },
    "mfcc": {
        "mean": [-754.500305176, 112.977561951, -3.72055602074, 31.2017364502, -14.3596448898, -5.3906416893, -8.79709243774, -3.09872579575, -13.0367984772, -16.3677501678, 1.09561753273, -4.68695116043, -2.78441405296],
        "cov": [[18436.9980469, 961.152160645, 289.739013672, 952.907836914, -712.86138916, 290.271148682, 261.238098145, 162.877258301, 96.6428146362, 4.4974064827, 240.299484253, 125.945007324, 182.671157837], [961.152160645, 1168.83837891, -434.494293213, 110.112678528, -53.343624115, -160.807937622, -187.295013428, -34.7026062012, -64.3580245972, -72.6512756348, 6.76534414291, -39.0565948486, -86.5759658813], [289.739013672, -434.494293213, 1363.35827637, 228.582397461, 217.304260254, 339.312774658, 397.071960449, 243.828399658, 218.279495239, 103.215377808, 92.8305969238, 37.3865242004, 63.5214653015], [952.907836914, 110.112678528, 228.582397461, 352.880157471, 71.4150085449, 181.913818359, 157.746307373, 96.8310928345, 97.5611038208, 26.496723175, 48.7550582886, 35.8818397522, 32.4820518494], [-712.86138916, -53.343624115, 217.304260254, 71.4150085449, 440.208435059, 25.6533966064, 113.977424622, 99.7152481079, 12.9639015198, 51.857131958, 31.9653835297, 32.251121521, 30.9465255737], [290.271148682, -160.807937622, 339.312774658, 181.913818359, 25.6533966064, 340.257507324, 195.53163147, 92.3424682617, 139.374633789, 22.0013923645, 30.3556652069, 39.8390007019, 46.2513847351], [261.238098145, -187.295013428, 397.071960449, 157.746307373, 113.977424622, 195.53163147, 303.825683594, 134.958816528, 87.9768447876, 50.30991745, 24.33527565, 47.6824111938, 54.2061042786], [162.877258301, -34.7026062012, 243.828399658, 96.8310928345, 99.7152481079, 92.3424682617, 134.958816528, 168.218963623, 79.1027450562, 32.8934326172, 60.3319206238, 24.9172306061, 36.7152938843], [96.6428146362, -64.3580245972, 218.279495239, 97.5611038208, 12.9639015198, 139.374633789, 87.9768447876, 79.1027450562, 156.757949829, 43.5642471313, 31.1591873169, 26.6849498749, 21.9149703979], [4.4974064827, -72.6512756348, 103.215377808, 26.496723175, 51.857131958, 22.0013923645, 50.30991745, 32.8934326172, 43.5642471313, 98.7039794922, 31.4030799866, 16.758518219, 20.7633514404], [240.299484253, 6.76534414291, 92.8305969238, 48.7550582886, 31.9653835297, 30.3556652069, 24.33527565, 60.3319206238, 31.1591873169, 31.4030799866, 100.515197754, 26.6543178558, 25.5379772186], [125.945007324, -39.0565948486, 37.3865242004, 35.8818397522, 32.251121521, 39.8390007019, 47.6824111938, 24.9172306061, 26.6849498749, 16.758518219, 26.6543178558, 86.8575820923, 46.9024581909], [182.671157837, -86.5759658813, 63.5214653015, 32.4820518494, 30.9465255737, 46.2513847351, 54.2061042786, 36.7152938843, 21.9149703979, 20.7633514404, 25.5379772186, 46.9024581909, 102.282073975]],
        "icov": [[7.91306447354e-005, -5.03389128426e-005, -3.1331754144e-005, -0.000230231613386, 0.00020494434284, 4.86089484184e-005, -3.5476161429e-005, -2.02308056032e-005, 0.000141454394907, -3.86487481592e-005, -9.25338390516e-005, -3.88531880162e-005, -0.00013082633086], [-5.03389128426e-005, 0.00138875527773, 0.000340091908583, -0.00101898633875, -0.000118368880067, 0.00054612691747, 0.000718540046364, -0.000617468205746, -7.70881015342e-005, 0.000600044557359, -0.000122134835692, -1.34180845635e-005, 0.000938855053391], [-3.1331754144e-005, 0.000340091908583, 0.00153907365166, 7.8021788795e-005, -0.000394161615986, -0.000235520623391, -0.00124910206068, -0.000275644735666, -0.0010166260181, 8.36702238303e-005, -0.000772122293711, 0.000869867217261, 0.00034464179771], [-0.000230231613386, -0.00101898633875, 7.8021788795e-005, 0.00615144101903, -0.000968855980318, -0.00198905472644, -0.00186847150326, 0.000519001623616, -0.00145751389209, 0.000206240278203, -0.00104613450821, 0.00018391777121, -9.53160997597e-006], [0.00020494434284, -0.000118368880067, -0.000394161615986, -0.000968855980318, 0.00354578229599, 0.000477888359455, -0.000178198984941, -0.00184703583363, 0.00179264962208, -0.00140484899748, 0.000428265077062, -0.000994363916107, -0.000195061264094], [4.86089484184e-005, 0.00054612691747, -0.000235520623391, -0.00198905472644, 0.000477888359455, 0.00770788127556, -0.00320977834053, 0.00180959119461, -0.00475187180564, 0.00279425480403, -0.00102677207906, 0.000334688927978, -0.000871365540661], [-3.5476161429e-005, 0.000718540046364, -0.00124910206068, -0.00186847150326, -0.000178198984941, -0.00320977834053, 0.0107036856934, -0.00597390439361, 0.003442019457, -0.00284362956882, 0.00470357760787, -0.00289874314331, 1.24661319205e-005], [-2.02308056032e-005, -0.000617468205746, -0.000275644735666, 0.000519001623616, -0.00184703583363, 0.00180959119461, -0.00597390439361, 0.0155205996707, -0.00569383101538, 0.00285332254134, -0.00709298066795, 0.00280459877104, -0.00201927730814], [0.000141454394907, -7.70881015342e-005, -0.0010166260181, -0.00145751389209, 0.00179264962208, -0.00475187180564, 0.003442019457, -0.00569383101538, 0.0149802435189, -0.00545736309141, 0.00226499023847, -0.00285985996015, 0.00124651682563], [-3.86487481592e-005, 0.000600044557359, 8.36702238303e-005, 0.000206240278203, -0.00140484899748, 0.00279425480403, -0.00284362956882, 0.00285332254134, -0.00545736309141, 0.0149526102468, -0.00450365571305, 0.000937428732868, -0.00106771185528], [-9.25338390516e-005, -0.000122134835692, -0.000772122293711, -0.00104613450821, 0.000428265077062, -0.00102677207906, 0.00470357760787, -0.00709298066795, 0.00226499023847, -0.00450365571305, 0.0166110396385, -0.00397323258221, -0.000634845870081], [-3.88531880162e-005, -1.34180845635e-005, 0.000869867217261, 0.00018391777121, -0.000994363916107, 0.000334688927978, -0.00289874314331, 0.00280459877104, -0.00285985996015, 0.000937428732868, -0.00397323258221, 0.0175362601876, -0.00648851972073], [-0.00013082633086, 0.000938855053391, 0.00034464179771, -9.53160997597e-006, -0.000195061264094, -0.000871365540661, 1.24661319205e-005, -0.00201927730814, 0.00124651682563, -0.00106771185528, -0.000634845870081, -0.00648851972073, 0.0148490434512]]
    },
    "spectral_contrast_coeffs": {
        "mean": [-0.610036492348, -0.660758197308, -0.746595799923, -0.793662846088, -0.773009479046, -0.722455024719],
        "var": [0.0161512326449, 0.0154752181843, 0.00873828493059, 0.00421725679189, 0.0035304215271, 0.00447889883071]
    },
    "spectral_contrast_valleys": {
        "mean": [-9.0026102066, -8.04171943665, -8.79027462006, -9.09694862366, -8.70749664307, -11.8360433578],
        "var": [3.55076122284, 2.96890354156, 2.31168293953, 1.90250360966, 2.07892608643, 2.50169968605]
    }
},
"metadata": {
    "audio_properties": {
        "analysis_sample_rate": 44100,
        "bit_rate": 104979,
        "equal_loudness": 0,
        "length": 45.0612258911,
        "lossless": 0,
        "replay_gain": -10.9558353424,
        "sample_rate": 44100,
        "codec": "mp3",
        "downmix": "mix",
        "md5_encoded": "c72961118c96fbb2b2559dde8b7de77e"
    },
    "tags": {
        "file_name": "643.mp3"
    },
    "version": {
        "essentia": "2.1-beta2",
        "essentia_git_sha": "v2.1_beta2",
        "extractor": "music 1.0"
    }
},
"rhythm": {
    "beats_count": 76,
    "beats_loudness": {
        "mean": 0.0187999513,
        "var": 0.00047848946997
    },
    "bpm": 83.6559295654,
    "bpm_histogram_first_peak_bpm": {
        "mean": 83,
        "var": 0
    },
    "bpm_histogram_first_peak_spread": {
        "mean": 0.315789461136,
        "var": 0
    },
    "bpm_histogram_first_peak_weight": {
        "mean": 0.173333331943,
        "var": 0
    },
    "bpm_histogram_second_peak_bpm": {
        "mean": 126,
        "var": 0
    },
    "bpm_histogram_second_peak_spread": {
        "mean": 0.571428596973,
        "var": 0
    },
    "bpm_histogram_second_peak_weight": {
        "mean": 0.119999997318,
        "var": 0
    },
    "danceability": 0.908293366432,
    "onset_rate": 1.37528574467,
    "beats_loudness_band_ratio": {
        "mean": [0.249257922173, 0.45492452383, 0.198629289865, 0.0571504347026, 0.0394229590893, 0.0672269612551],
        "var": [0.0603710114956, 0.0709473267198, 0.0310335308313, 0.00395991839468, 0.00271435268223, 0.0110384244472]
    },
    "beats_position": [0.46439909935, 0.9287981987, 1.39319729805, 1.8575963974, 2.32199549675, 2.7863945961, 3.26240348816, 3.73841261864, 4.21442174911, 4.7020406723, 5.17804956436, 5.65405893326, 6.13006782532, 6.60607719421, 7.08208608627, 7.56970500946, 8.05732440948, 8.54494285583, 9.14866161346, 9.74077033997, 10.4373693466, 11.1455783844, 11.8537864685, 12.5736055374, 13.2934236526, 14.0248527527, 14.756280899, 15.4877090454, 16.2191371918, 16.9389572144, 17.6587753296, 18.3669834137, 19.0868015289, 19.7369613647, 20.3987293243, 20.9908390045, 21.5829467773, 22.1750564575, 22.7555541992, 23.3360538483, 23.9165534973, 24.497051239, 25.0775508881, 25.6696586609, 26.2617683411, 26.8770961761, 27.4924259186, 28.0961437225, 28.6998634338, 29.3035831451, 29.9189109802, 30.5342407227, 31.1495685577, 31.6836280823, 32.2292976379, 32.7749671936, 33.3206329346, 33.8546943665, 34.3423118591, 34.8415412903, 35.3407707214, 35.8400001526, 36.3392295837, 36.8384590149, 37.3260765076, 37.8020858765, 38.2897033691, 38.8469848633, 39.4042625427, 39.9615402222, 40.6581382751, 41.3663482666, 42.0861663818, 42.8059844971, 43.5258026123, 44.2456245422]
},
"tonal": {
    "chords_changes_rate": 0.0617283955216,
    "chords_number_rate": 0.0133744860068,
    "chords_strength": {
        "mean": 0.484617620707,
        "var": 0.00733941746876
    },
    "hpcp_entropy": {
        "mean": 1.32856619358,
        "var": 0.922441601753
    },
    "key_strength": 0.831591904163,
    "tuning_diatonic_strength": 0.528628766537,
    "tuning_equal_tempered_deviation": 0.0423982292414,
    "tuning_frequency": 439.491973877,
    "tuning_nontempered_energy_ratio": 0.650115072727,
    "hpcp": {
        "mean": [0.105976387858, 0.0706194341183, 0.0486194230616, 0.0814775899053, 0.066812582314, 0.0405934602022, 0.0521000474691, 0.0563479028642, 0.190146535635, 0.345548599958, 0.224938303232, 0.0731695890427, 0.0679817050695, 0.0535896159708, 0.0424737893045, 0.0503288879991, 0.0422093234956, 0.0724531114101, 0.122436478734, 0.0852849334478, 0.0671682059765, 0.0902589783072, 0.0742474496365, 0.172457501292, 0.275639265776, 0.16256172955, 0.0438756607473, 0.0360763184726, 0.0348259173334, 0.0724404156208, 0.145497053862, 0.148312836885, 0.138111293316, 0.146051511168, 0.0997577756643, 0.0852444395423],
        "var": [0.0665540322661, 0.0292965900153, 0.0119757866487, 0.0516881681979, 0.0329170413315, 0.0121725313365, 0.0242629162967, 0.0203138720244, 0.0621634088457, 0.164736270905, 0.0837106481194, 0.0221781358123, 0.0345349349082, 0.0248788092285, 0.0125371944159, 0.0183312371373, 0.00996050983667, 0.017531491816, 0.0688919499516, 0.0334160141647, 0.027446385473, 0.0514689572155, 0.0262297075242, 0.0674502626061, 0.138182595372, 0.063259087503, 0.0133718941361, 0.0142757361755, 0.00917692761868, 0.0224546808749, 0.0623154714704, 0.0621340684593, 0.054020524025, 0.0795774832368, 0.0446715652943, 0.0329825282097]
    },
    "chords_histogram": [25.3086414337, 6.99588489532, 19.9588470459, 1.33744859695, 1.54320991039, 0.411522626877, 0.205761313438, 14.1975307465, 0.925925910473, 6.58436203003, 1.85185182095, 0, 0, 0, 0, 7.51028823853, 1.02880656719, 1.74897122383, 7.09876537323, 0, 0, 0.308641970158, 0.308641970158, 2.67489719391],
    "thpcp": [1, 0.650959968567, 0.211749047041, 0.196735575795, 0.155085608363, 0.122916974127, 0.14564922452, 0.122151628137, 0.209675610065, 0.354324907064, 0.246810242534, 0.194381356239, 0.261204868555, 0.214868322015, 0.499083191156, 0.797685980797, 0.470445334911, 0.126973927021, 0.104403026402, 0.100784428418, 0.209638863802, 0.421061038971, 0.429209768772, 0.399687021971, 0.422665625811, 0.288693904877, 0.246693059802, 0.306690245867, 0.204369038343, 0.14070212841, 0.23579198122, 0.193352207541, 0.117475397885, 0.150774881244, 0.163067951798, 0.550274372101],
    "chords_key": "F",
    "chords_scale": "minor",
    "key_key": "F",
    "key_scale": "minor"
}
}