{
"lowlevel": {
    "average_loudness": 0.96799659729,
    "barkbands_crest": {
        "mean": 11.7608194351,
        "var": 18.6884727478
    },
    "barkbands_flatness_db": {
        "mean": 0.176392391324,
        "var": 0.00286620762199
    },
    "barkbands_kurtosis": {
        "mean": 14.0741558075,
        "var": 288.285308838
    },
    "barkbands_skewness": {
        "mean": 2.62245202065,
        "var": 2.63641381264
    },
    "barkbands_spread": {
        "mean": 15.293463707,
        "var": 247.496124268
    },
    "dissonance": {
        "mean": 0.432801663876,
        "var": 0.00218061264604
    },
    "dynamic_complexity": 2.89057445526,
    "erbbands_crest": {
        "mean": 12.1254138947,
        "var": 38.7583427429
    },
    "erbbands_flatness_db": {
        "mean": 0.160912692547,
        "var": 0.00340369064361
    },
    "erbbands_kurtosis": {
        "mean": 4.07064437866,
        "var": 47.5555534363
    },
    "erbbands_skewness": {
        "mean": 1.51940798759,
        "var": 1.09768116474
    },
    "erbbands_spread": {
        "mean": 43.0416526794,
        "var": 957.178833008
    },
    "hfc": {
        "mean": 14.7200469971,
        "var": 347.260498047
    },
    "melbands_crest": {
        "mean": 15.096991539,
        "var": 28.8402004242
    },
    "melbands_flatness_db": {
        "mean": 0.258510679007,
        "var": 0.00405707536265
    },
    "melbands_kurtosis": {
        "mean": 33.2044754028,
        "var": 1696.55285645
    },
    "melbands_skewness": {
        "mean": 3.5433139801,
        "var": 5.67294311523
    },
    "melbands_spread": {
        "mean": 12.3596410751,
        "var": 311.542114258
    },
    "pitch_salience": {
        "mean": 0.55028283596,
        "var": 0.0181818511337
    },
    "silence_rate_20dB": {
        "mean": 1,
        "var": 0
    },
    "silence_rate_30dB": {
        "mean": 0.97838395834,
        "var": 0.0211484041065
    },
    "silence_rate_60dB": {
        "mean": 0.0735975280404,
        "var": 0.0681811645627
    },
    "spectral_centroid": {
        "mean": 786.88848877,
        "var": 424898.59375
    },
    "spectral_complexity": {
        "mean": 9.01080799103,
        "var": 26.4378681183
    },
    "spectral_decrease": {
        "mean": -7.2607453383e-009,
        "var": 6.87649073675e-017
    },
    "spectral_energy": {
        "mean": 0.0287389010191,
        "var": 0.00104761112016
    },
    "spectral_energyband_high": {
        "mean": 0.00063707260415,
        "var": 1.96639098249e-006
    },
    "spectral_energyband_low": {
        "mean": 0.0108539331704,
        "var": 0.000446824415121
    },
    "spectral_energyband_middle_high": {
        "mean": 0.00185747537762,
        "var": 1.3277573089e-005
    },
    "spectral_energyband_middle_low": {
        "mean": 0.0169705040753,
        "var": 0.000431053194916
    },
    "spectral_entropy": {
        "mean": 7.26695728302,
        "var": 0.357044488192
    },
    "spectral_flux": {
        "mean": 0.0956033170223,
        "var": 0.00514656072482
    },
    "spectral_kurtosis": {
        "mean": 4.0290350914,
        "var": 11.582575798
    },
    "spectral_rms": {
        "mean": 0.00464115384966,
        "var": 6.49763569527e-006
    },
    "spectral_rolloff": {
        "mean": 1000.1394043,
        "var": 3660785.5
    },
    "spectral_skewness": {
        "mean": 1.71576046944,
        "var": 0.353161036968
    },
    "spectral_spread": {
        "mean": 6289935,
        "var": 5.6949342208e+012
    },
    "spectral_strongpeak": {
        "mean": 0.978537023067,
        "var": 1.23336958885
    },
    "zerocrossingrate": {
        "mean": 0.0528781190515,
        "var": 0.00196595536545
    },
    "barkbands": {
        "mean": [0.000486794364406, 0.00539295561612, 0.00388337066397, 0.00201197271235, 0.00475840829313, 0.00373197463341, 0.00218653981574, 0.00157569278963, 0.00166003091726, 0.00154777721036, 0.000245880539296, 0.000100710072729, 6.20509090368e-005, 8.83000757312e-005, 7.57168745622e-005, 8.10297278804e-005, 7.61351548135e-005, 5.00120622746e-005, 5.84800254728e-005, 5.98293081566e-005, 7.64150317991e-005, 7.98503388069e-005, 8.98652651813e-005, 0.000123051257106, 0.000142301549204, 8.80973384483e-005, 5.66020571569e-006],
        "var": [1.05782623905e-006, 0.000158950453624, 6.95822018315e-005, 2.43512586167e-005, 0.000114214017231, 3.72281720047e-005, 1.50161722559e-005, 7.06529363015e-006, 1.47268365254e-005, 2.37853328144e-005, 9.68092535913e-007, 1.25153846398e-007, 5.78194736534e-008, 5.70931817379e-008, 4.26654267471e-008, 3.50048665609e-008, 4.81939181896e-008, 1.31737278863e-008, 1.42894114319e-008, 1.48650283194e-008, 2.98303817203e-008, 2.22863754118e-008, 3.13294172827e-008, 6.56113883224e-008, 1.70276550193e-007, 9.00751615518e-008, 3.31803667875e-010]
    },
    "erbbands": {
        "mean": [0.163436681032, 1.19765412807, 3.87369775772, 6.55438947678, 8.18248748779, 18.0586738586, 26.9376907349, 29.539264679, 38.1737632751, 30.8004951477, 38.4771156311, 34.3422889709, 56.3222007751, 18.3143539429, 5.53842782974, 4.6953792572, 3.05000138283, 4.11263132095, 3.81409692764, 4.53380727768, 3.52043008804, 5.04952478409, 2.7746026516, 3.33054590225, 2.87754893303, 2.71097922325, 3.34542274475, 2.68658137321, 2.84241223335, 2.57360219955, 2.58853912354, 2.56606006622, 2.07258081436, 1.59556031227, 0.993495881557, 0.420189499855, 0.156626060605, 0.0262112896889, 0.000723850622308, 5.29162789462e-005],
        "var": [0.164326027036, 7.61672544479, 64.1665039063, 201.679779053, 248.97644043, 2465.97680664, 2128.46459961, 2528.3269043, 5406.03710938, 2242.23388672, 7486.09814453, 4730.22119141, 32030.4882813, 2499.24951172, 210.164215088, 238.457336426, 121.728309631, 125.04145813, 100.69090271, 82.696105957, 49.3279685974, 220.494827271, 46.1417312622, 63.1612968445, 32.0472869873, 31.3756523132, 91.2288284302, 24.5138721466, 30.7417526245, 19.3959388733, 30.065322876, 29.2237873077, 20.2909622192, 17.598241806, 9.79360675812, 2.08941674232, 0.310737013817, 0.00816466566175, 5.33649381396e-006, 6.58801768694e-009]
    },
    "gfcc": {
        "mean": [-39.3821334839, 90.194190979, -70.6889877319, 34.1640777588, -80.6232681274, 7.91798782349, -43.5915870667, 14.9508781433, -20.1767864227, 1.52616429329, -20.4333705902, -1.98411154747, -8.03614807129],
        "cov": [[7457.74023438, -5.04163551331, 33.7070579529, -239.747009277, 34.807258606, 91.2727127075, -69.6643676758, 205.776580811, -79.6388320923, 157.422927856, -128.406646729, 118.968345642, -71.7656555176], [-5.04163551331, 1498.5189209, -311.237426758, -27.0728302002, 6.57226324081, -178.531005859, 64.6227111816, -46.0120239258, 194.04460144, -240.17098999, 66.3713607788, -192.481689453, 119.296707153], [33.7070579529, -311.237426758, 668.124816895, 165.414535522, 186.227172852, 159.424331665, 57.5457267761, 77.2955093384, -59.7409973145, 90.1348190308, -33.1728286743, 68.3971557617, -73.5421524048], [-239.747009277, -27.0728302002, 165.414535522, 379.421813965, 174.00592041, 100.550857544, 57.1838722229, 31.6695537567, 39.9784240723, 35.4584159851, 0.743720829487, -37.7038764954, -24.4953956604], [34.807258606, 6.57226324081, 186.227172852, 174.00592041, 293.320770264, 107.571388245, 47.7070960999, 45.9833831787, 76.0639648438, 85.5410385132, 7.27612733841, -25.5891456604, -53.5693778992], [91.2727127075, -178.531005859, 159.424331665, 100.550857544, 107.571388245, 183.900695801, 62.5985488892, 21.4476070404, -34.532913208, 64.5647354126, 15.3689146042, 30.6952915192, -25.7542228699], [-69.6643676758, 64.6227111816, 57.5457267761, 57.1838722229, 47.7070960999, 62.5985488892, 241.117324829, 154.133880615, -27.2311458588, -118.659622192, -19.4996547699, 23.4793930054, 19.8076267242], [205.776580811, -46.0120239258, 77.2955093384, 31.6695537567, 45.9833831787, 21.4476070404, 154.133880615, 285.168304443, 67.1032867432, -75.1173629761, -78.1387481689, 14.4857711792, -16.5094184875], [-79.6388320923, 194.04460144, -59.7409973145, 39.9784240723, 76.0639648438, -34.532913208, -27.2311458588, 67.1032867432, 234.347244263, 70.6055831909, 6.13580846786, -68.7303695679, -9.92159080505], [157.422927856, -240.17098999, 90.1348190308, 35.4584159851, 85.5410385132, 64.5647354126, -118.659622192, -75.1173629761, 70.6055831909, 274.4871521, 79.0362548828, 10.0098762512, -53.0022888184], [-128.406646729, 66.3713607788, -33.1728286743, 0.743720829487, 7.27612733841, 15.3689146042, -19.4996547699, -78.1387481689, 6.13580846786, 79.0362548828, 131.005859375, 16.8054332733, 18.0900669098], [118.968345642, -192.481689453, 68.3971557617, -37.7038764954, -25.5891456604, 30.6952915192, 23.4793930054, 14.4857711792, -68.7303695679, 10.0098762512, 16.8054332733, 104.562599182, 13.6069097519], [-71.7656555176, 119.296707153, -73.5421524048, -24.4953956604, -53.5693778992, -25.7542228699, 19.8076267242, -16.5094184875, -9.92159080505, -53.0022888184, 18.0900669098, 13.6069097519, 81.7667160034]],
        "icov": [[0.000185279088328, -0.000249577715294, 0.00013448689424, 7.11626926204e-005, -4.34714856965e-005, -0.000167859572684, 0.000240588473389, -0.000424216530519, 0.000471201172331, -0.000574366596993, 0.00051295600133, -0.0004179108073, 8.4662642621e-005], [-0.000249577715294, 0.0022826672066, -0.000469088263344, 0.000472061510663, -0.000718798721209, 0.00082733045565, -0.000699703756254, 0.00142248312477, -0.00234234891832, 0.00338606536388, -0.00297842500731, 0.00332308816724, -0.00156692590099], [0.00013448689424, -0.000469088263344, 0.00275236205198, -0.000640734855551, -0.00100189051591, -0.000769220234361, 0.000368147244444, -0.000953393755481, 0.00156561401673, -0.0014989922056, 0.00166684971191, -0.00226044538431, 0.00113134051207], [7.11626926204e-005, 0.000472061510663, -0.000640734855551, 0.00431670481339, -0.00181599427015, -0.00109785841778, -0.000366463587852, 0.00020319900068, -0.000423694349593, 0.000713419518434, -0.000639679084998, 0.00260739959776, -0.00119645684026], [-4.34714856965e-005, -0.000718798721209, -0.00100189051591, -0.00181599427015, 0.00762254744768, -0.00225639622658, -0.00164995878004, 0.000688203668687, -0.0020595556125, -0.00147533451673, 0.000672177469824, -0.000189487051102, 0.00306385429576], [-0.000167859572684, 0.00082733045565, -0.000769220234361, -0.00109785841778, -0.00225639622658, 0.0114239091054, -0.00420544063672, 0.00108126399573, 0.0017612761585, -0.00276637682691, -0.000336849218002, 0.000260381522821, -0.000566428003367], [0.000240588473389, -0.000699703756254, 0.000368147244444, -0.000366463587852, -0.00164995878004, -0.00420544063672, 0.0127492425963, -0.00720223458484, 0.00279548158869, 0.0042556677945, -0.00352037558332, -0.000779408146627, -0.00148851668928], [-0.000424216530519, 0.00142248312477, -0.000953393755481, 0.00020319900068, 0.000688203668687, 0.00108126399573, -0.00720223458484, 0.0114575717598, -0.0072648790665, 0.00295273191296, 0.00271945539862, -0.00212697358802, 0.00238997815177], [0.000471201172331, -0.00234234891832, 0.00156561401673, -0.000423694349593, -0.0020595556125, 0.0017612761585, 0.00279548158869, -0.0072648790665, 0.0131835024804, -0.00786904804409, 0.00213200412691, 0.00270178122446, -0.00224879011512], [-0.000574366596993, 0.00338606536388, -0.0014989922056, 0.000713419518434, -0.00147533451673, -0.00276637682691, 0.0042556677945, 0.00295273191296, -0.00786904804409, 0.0164964403957, -0.0100541850552, 0.00170717877336, 0.00282721174881], [0.00051295600133, -0.00297842500731, 0.00166684971191, -0.000639679084998, 0.000672177469824, -0.000336849218002, -0.00352037558332, 0.00271945539862, 0.00213200412691, -0.0100541850552, 0.0182239487767, -0.00711035635322, -0.00126776809338], [-0.0004179108073, 0.00332308816724, -0.00226044538431, 0.00260739959776, -0.000189487051102, 0.000260381522821, -0.000779408146627, -0.00212697358802, 0.00270178122446, 0.00170717877336, -0.00711035635322, 0.0226549170911, -0.00751236919314], [8.4662642621e-005, -0.00156692590099, 0.00113134051207, -0.00119645684026, 0.00306385429576, -0.000566428003367, -0.00148851668928, 0.00238997815177, -0.00224879011512, 0.00282721174881, -0.00126776809338, -0.00751236919314, 0.0210118722171]]
    },
    "melbands": {
        "mean": [0.00149950268678, 0.00192849745508, 0.00117042020429, 0.000891151663382, 0.000956797390245, 0.000707922619767, 0.000544970738702, 0.000326549896272, 0.000346889632056, 0.000208395387745, 0.000278464751318, 7.45489087421e-005, 2.24209779844e-005, 1.25843898786e-005, 9.11734878173e-006, 5.66401922697e-006, 8.27190797281e-006, 5.73053830522e-006, 6.94318396199e-006, 6.84023689246e-006, 2.89263584818e-006, 5.85483894611e-006, 2.72551028502e-006, 2.22249150283e-006, 2.77558774542e-006, 2.00182125809e-006, 2.04442449103e-006, 1.71490933099e-006, 2.20509673454e-006, 1.63615948168e-006, 1.54446297529e-006, 1.6159574443e-006, 1.49199843236e-006, 1.39373094044e-006, 1.36968810693e-006, 1.72687464328e-006, 1.49483264522e-006, 1.3666601717e-006, 1.55754469233e-006, 1.28366116314e-006],
        "var": [1.25907708934e-005, 1.46466572915e-005, 5.96656082053e-006, 4.29225019616e-006, 3.33603588842e-006, 1.41735404213e-006, 1.00931458746e-006, 2.83104185428e-007, 8.04955163858e-007, 1.73632969336e-007, 8.00958900982e-007, 4.76958099682e-008, 5.31936450443e-009, 1.7345886949e-009, 9.7080254946e-010, 5.2815846141e-010, 4.78458384023e-010, 3.18031934121e-010, 3.6150873961e-010, 2.71985683975e-010, 3.60059239368e-011, 3.45650813527e-010, 6.06001915315e-011, 2.18361596166e-011, 5.10928278852e-011, 1.55952299685e-011, 2.47275915022e-011, 1.38248943543e-011, 4.9239740757e-011, 1.17359880494e-011, 8.26385921499e-012, 1.05407002571e-011, 8.02957613594e-012, 5.567101901e-012, 8.4011061996e-012, 1.53002974873e-011, 9.64030591466e-012, 8.37157600186e-012, 1.62506483964e-011, 1.20019454444e-011]
    },
    "mfcc": {
        "mean": [-694.617736816, 119.579849243, 52.0891876221, 25.3203716278, -2.41838240623, -7.33575153351, -9.71775913239, 0.912771582603, 2.46845555305, 5.05522918701, -3.57067728043, -4.91200065613, -4.33387470245],
        "cov": [[5243.67333984, 235.130859375, -156.707748413, -198.487609863, 19.4871463776, -49.7787094116, 29.9872817993, -1.81354784966, 92.3464431763, -5.32348203659, 4.19350910187, 95.726776123, 82.6099319458], [235.130859375, 1129.96411133, -107.997375488, 23.809135437, -49.9516334534, -128.660888672, -106.677955627, 62.1149902344, 21.8513851166, 64.2690429688, -47.8905677795, -46.6159553528, -18.8407382965], [-156.707748413, -107.997375488, 374.365844727, 73.8201217651, 85.7560882568, 61.4207458496, 98.3843917847, 49.0377426147, 25.558380127, -1.55269277096, 10.733253479, -13.8465251923, 3.07703113556], [-198.487609863, 23.809135437, 73.8201217651, 276.386138916, 127.749015808, 63.427154541, 45.6737442017, 75.1815643311, 64.1197891235, 85.2267074585, 38.5068969727, 2.14676737785, -4.70079660416], [19.4871463776, -49.9516334534, 85.7560882568, 127.749015808, 250.399658203, 136.048614502, 15.2950839996, -38.8261146545, 16.6334285736, 99.4166107178, 59.2698364258, 49.4412612915, 53.8566703796], [-49.7787094116, -128.660888672, 61.4207458496, 63.427154541, 136.048614502, 241.758026123, 71.3561782837, -83.7724456787, -62.5594711304, 25.3472423553, 26.1844863892, 14.8719930649, 53.7045402527], [29.9872817993, -106.677955627, 98.3843917847, 45.6737442017, 15.2950839996, 71.3561782837, 217.208251953, 116.583259583, 9.14812755585, -13.4203090668, 1.62808358669, -40.626285553, -21.4757289886], [-1.81354784966, 62.1149902344, 49.0377426147, 75.1815643311, -38.8261146545, -83.7724456787, 116.583259583, 293.543548584, 143.028991699, 18.4803104401, 7.96068716049, -37.4244995117, -65.7265090942], [92.3464431763, 21.8513851166, 25.558380127, 64.1197891235, 16.6334285736, -62.5594711304, 9.14812755585, 143.028991699, 173.811584473, 59.8250160217, 33.6096382141, 14.8628425598, -18.7261734009], [-5.32348203659, 64.2690429688, -1.55269277096, 85.2267074585, 99.4166107178, 25.3472423553, -13.4203090668, 18.4803104401, 59.8250160217, 171.92388916, 58.1864967346, 33.6491317749, 31.5719852448], [4.19350910187, -47.8905677795, 10.733253479, 38.5068969727, 59.2698364258, 26.1844863892, 1.62808358669, 7.96068716049, 33.6096382141, 58.1864967346, 91.1333084106, 54.7416954041, 14.8475656509], [95.726776123, -46.6159553528, -13.8465251923, 2.14676737785, 49.4412612915, 14.8719930649, -40.626285553, -37.4244995117, 14.8628425598, 33.6491317749, 54.7416954041, 131.213226318, 59.0015335083], [82.6099319458, -18.8407382965, 3.07703113556, -4.70079660416, 53.8566703796, 53.7045402527, -21.4757289886, -65.7265090942, -18.7261734009, 31.5719852448, 14.8475656509, 59.0015335083, 108.419250488]],
        "icov": [[0.000220400179387, -7.89391924627e-005, 0.000125835897052, 0.000233664832194, -0.000189004087588, 8.73947719811e-005, -0.000297078426229, 0.00017074761854, -0.000342132232618, 0.000117492127174, 7.21597243682e-005, -0.000133108595037, -0.00011058068776], [-7.89391924627e-005, 0.00114486704115, 0.000103552796645, -0.000241917354288, 4.39165814896e-005, 0.000302779255435, 0.000866484246217, -0.000775447988417, 0.000751954619773, -0.000744485005271, 0.000615424010903, 0.000407053652452, -0.00018371004262], [0.000125835897052, 0.000103552796645, 0.00353461620398, -0.000206155658816, -0.00153872719966, 0.000392899411963, -0.00153352180496, 0.000240064851823, -0.000814308354165, 0.00105359230656, 3.40288534062e-005, 0.000477350142319, -0.000487520883325], [0.000233664832194, -0.000241917354288, -0.000206155658816, 0.00625284668058, -0.00261065084487, -0.00107512285467, 2.74927333521e-005, -0.00141694885679, -0.00086426618509, -0.00117235153448, 0.000165597753949, 0.000156687325216, 0.00111688277684], [-0.000189004087588, 4.39165814896e-005, -0.00153872719966, -0.00261065084487, 0.0100622894242, -0.00409590965137, 0.000998652190901, 0.000981664052233, -0.000714074703865, -0.00299894204363, -0.00123604934197, -0.00107261142693, -0.000591518590227], [8.73947719811e-005, 0.000302779255435, 0.000392899411963, -0.00107512285467, -0.00409590965137, 0.0102265356109, -0.00460892356932, 0.00316034606658, 0.00159872393124, 0.000683147052769, -0.00129002740141, 0.0012888207566, -0.00254731299356], [-0.000297078426229, 0.000866484246217, -0.00153352180496, 2.74927333521e-005, 0.000998652190901, -0.00460892356932, 0.0112844156101, -0.00726664299145, 0.00386095768772, -5.41077679372e-006, -0.00079663406359, 0.00193184998352, -0.00023521159892], [0.00017074761854, -0.000775447988417, 0.000240064851823, -0.00141694885679, 0.000981664052233, 0.00316034606658, -0.00726664299145, 0.0121446326375, -0.00803930778056, 0.000535171711817, -4.32759152318e-005, 3.60179765266e-005, 0.00197874754667], [-0.000342132232618, 0.000751954619773, -0.000814308354165, -0.00086426618509, -0.000714074703865, 0.00159872393124, 0.00386095768772, -0.00803930778056, 0.0146966204047, -0.00294108269736, -0.00154999201186, -0.000762445910368, -0.000147018479765], [0.000117492127174, -0.000744485005271, 0.00105359230656, -0.00117235153448, -0.00299894204363, 0.000683147052769, -5.41077679372e-006, 0.000535171711817, -0.00294108269736, 0.0111466757953, -0.00498356437311, 0.00184057618026, -0.00289803510532], [7.21597243682e-005, 0.000615424010903, 3.40288534062e-005, 0.000165597753949, -0.00123604934197, -0.00129002740141, -0.00079663406359, -4.32759152318e-005, -0.00154999201186, -0.00498356437311, 0.0205741282552, -0.00844981335104, 0.00409149331972], [-0.000133108595037, 0.000407053652452, 0.000477350142319, 0.000156687325216, -0.00107261142693, 0.0012888207566, 0.00193184998352, 3.60179765266e-005, -0.000762445910368, 0.00184057618026, -0.00844981335104, 0.0152098294348, -0.00732335308567], [-0.00011058068776, -0.00018371004262, -0.000487520883325, 0.00111688277684, -0.000591518590227, -0.00254731299356, -0.00023521159892, 0.00197874754667, -0.000147018479765, -0.00289803510532, 0.00409149331972, -0.00732335308567, 0.0162902101874]]
    },
    "spectral_contrast_coeffs": {
        "mean": [-0.634514689445, -0.709118127823, -0.742659986019, -0.817675232887, -0.823553144932, -0.782038986683],
        "var": [0.00897698383778, 0.00750898523256, 0.00899371225387, 0.00269686593674, 0.00120214105118, 0.00122964638285]
    },
    "spectral_contrast_valleys": {
        "mean": [-7.29268407822, -6.75748348236, -8.10695171356, -8.69389247894, -8.33423805237, -10.292930603],
        "var": [1.69484889507, 1.35281181335, 1.18516039848, 1.14320206642, 1.02867591381, 1.24064064026]
    }
},
"metadata": {
    "audio_properties": {
        "analysis_sample_rate": 44100,
        "bit_rate": 112794,
        "equal_loudness": 0,
        "length": 45.0873451233,
        "lossless": 0,
        "replay_gain": -5.5073223114,
        "sample_rate": 44100,
        "codec": "mp3",
        "downmix": "mix",
        "md5_encoded": "e29c5e499534dc317afe3cf8cabd7753"
    },
    "tags": {
        "file_name": "644.mp3"
    },
    "version": {
        "essentia": "2.1-beta2",
        "essentia_git_sha": "v2.1_beta2",
        "extractor": "music 1.0"
    }
},
"rhythm": {
    "beats_count": 74,
    "beats_loudness": {
        "mean": 0.0437663421035,
        "var": 0.000580637832172
    },
    "bpm": 99.8533248901,
    "bpm_histogram_first_peak_bpm": {
        "mean": 99,
        "var": 0
    },
    "bpm_histogram_first_peak_spread": {
        "mean": 0.352941125631,
        "var": 0
    },
    "bpm_histogram_first_peak_weight": {
        "mean": 0.602739751339,
        "var": 0
    },
    "bpm_histogram_second_peak_bpm": {
        "mean": 91,
        "var": 0
    },
    "bpm_histogram_second_peak_spread": {
        "mean": 0.40000000596,
        "var": 0
    },
    "bpm_histogram_second_peak_weight": {
        "mean": 0.0410958901048,
        "var": 0
    },
    "danceability": 1.24910628796,
    "onset_rate": 5.76435804367,
    "beats_loudness_band_ratio": {
        "mean": [0.499980866909, 0.285653442144, 0.175084158778, 0.0382242649794, 0.0131212156266, 0.0541898831725],
        "var": [0.0819641724229, 0.0523251406848, 0.0285110641271, 0.00254307431169, 0.000207719320315, 0.00420543830842]
    },
    "beats_position": [0.580498874187, 1.18421769142, 1.77632653713, 2.36843538284, 2.9837641716, 3.5758728981, 4.17959165573, 4.78331041336, 5.38702917099, 5.97913837433, 6.57124710083, 7.17496585846, 7.77868461609, 8.38240337372, 8.97451210022, 9.56662082672, 10.1819496155, 10.774058342, 11.3777770996, 11.9814968109, 12.5852155685, 13.1889343262, 13.7694330215, 14.3731517792, 14.9768705368, 15.5805892944, 16.1843090057, 16.7880268097, 17.391746521, 17.9838542938, 18.575963974, 19.179681778, 19.7834014893, 20.3871192932, 20.9792289734, 21.5713367462, 22.1866664886, 22.7787742615, 23.3824939728, 23.9862117767, 24.589931488, 25.1820411682, 25.774148941, 26.3778686523, 26.9815864563, 27.6085262299, 28.2470741272, 28.9088420868, 29.5473918915, 30.2091598511, 30.8593196869, 31.4862575531, 32.0899772644, 32.6936950684, 33.2974128723, 33.8895225525, 34.4816322327, 35.0853500366, 35.6890678406, 36.2927894592, 36.8965072632, 37.5002250671, 38.0923347473, 38.6844444275, 39.2881622314, 39.8918800354, 40.4956016541, 41.0877075195, 41.6798171997, 42.2835350037, 42.8872566223, 43.4909744263, 44.0946922302, 44.6984100342]
},
"tonal": {
    "chords_changes_rate": 0.0617283955216,
    "chords_number_rate": 0.0113168722019,
    "chords_strength": {
        "mean": 0.508531033993,
        "var": 0.0103843444958
    },
    "hpcp_entropy": {
        "mean": 1.81690108776,
        "var": 0.615864634514
    },
    "key_strength": 0.588406980038,
    "tuning_diatonic_strength": 0.51718300581,
    "tuning_equal_tempered_deviation": 0.0227445159107,
    "tuning_frequency": 440.508636475,
    "tuning_nontempered_energy_ratio": 0.689506530762,
    "hpcp": {
        "mean": [0.0890196859837, 0.0775837004185, 0.157284244895, 0.236319199204, 0.163611829281, 0.0961634367704, 0.101010076702, 0.115227356553, 0.216022193432, 0.283721804619, 0.198655664921, 0.1418479532, 0.144611358643, 0.122937843204, 0.137056127191, 0.151128724217, 0.105166427791, 0.153565466404, 0.208201646805, 0.109050400555, 0.0296242982149, 0.0304275173694, 0.0674661099911, 0.199900597334, 0.233696967363, 0.116983093321, 0.0527285449207, 0.0393722243607, 0.0486124940217, 0.168980062008, 0.264374107122, 0.167287737131, 0.113439209759, 0.147297859192, 0.103577248752, 0.0763624832034],
        "var": [0.0385098382831, 0.0255580302328, 0.0588583797216, 0.102743960917, 0.0590701885521, 0.0386540293694, 0.0448100678623, 0.046713732183, 0.0745890513062, 0.108553767204, 0.0638416111469, 0.0552430041134, 0.0578888170421, 0.0445394106209, 0.0560489036143, 0.0737742856145, 0.0386937409639, 0.0479089394212, 0.107519879937, 0.0292881429195, 0.00628778384998, 0.00655529787764, 0.012997770682, 0.0707541629672, 0.0895941853523, 0.0311330966651, 0.016226567328, 0.0107047604397, 0.0111187668517, 0.0536516942084, 0.124659970403, 0.0523139759898, 0.0323726646602, 0.0725178569555, 0.0340273827314, 0.0301394518465]
    },
    "chords_histogram": [39.0946502686, 1.64609050751, 1.85185182095, 4.62962961197, 0, 3.39506173134, 0, 4.21810722351, 3.60082316399, 0, 0, 0, 0, 0.617283940315, 0, 0, 0, 0, 0, 0, 17.3868312836, 7.71604919434, 13.9917697906, 1.85185182095],
    "thpcp": [1, 0.700177669525, 0.499954372644, 0.509694218636, 0.433304190636, 0.483065187931, 0.532665193081, 0.370667427778, 0.541253685951, 0.733823239803, 0.384356796741, 0.104413188994, 0.107244201005, 0.237789660692, 0.704565525055, 0.82368350029, 0.412316203117, 0.185845941305, 0.138770520687, 0.171338587999, 0.595583617687, 0.931807518005, 0.58961892128, 0.399825483561, 0.519163012505, 0.365066230297, 0.269145637751, 0.313756942749, 0.273449897766, 0.554360806942, 0.832925736904, 0.576662838459, 0.338935673237, 0.356018036604, 0.40612795949, 0.761387348175],
    "chords_key": "C",
    "chords_scale": "minor",
    "key_key": "C",
    "key_scale": "minor"
}
}