{
"lowlevel": {
    "average_loudness": 0.964770317078,
    "barkbands_crest": {
        "mean": 10.8581218719,
        "var": 9.12392425537
    },
    "barkbands_flatness_db": {
        "mean": 0.187399730086,
        "var": 0.00210686726496
    },
    "barkbands_kurtosis": {
        "mean": 9.42331123352,
        "var": 88.8277893066
    },
    "barkbands_skewness": {
        "mean": 2.49639344215,
        "var": 1.19677007198
    },
    "barkbands_spread": {
        "mean": 12.9036655426,
        "var": 83.7842788696
    },
    "dissonance": {
        "mean": 0.449087440968,
        "var": 0.00096795608988
    },
    "dynamic_complexity": 1.71838760376,
    "erbbands_crest": {
        "mean": 10.1635770798,
        "var": 18.2708473206
    },
    "erbbands_flatness_db": {
        "mean": 0.166687622666,
        "var": 0.00105026329402
    },
    "erbbands_kurtosis": {
        "mean": 0.216804876924,
        "var": 2.27318286896
    },
    "erbbands_skewness": {
        "mean": 0.466428518295,
        "var": 0.446936964989
    },
    "erbbands_spread": {
        "mean": 43.1294174194,
        "var": 346.420074463
    },
    "hfc": {
        "mean": 16.540599823,
        "var": 152.340087891
    },
    "melbands_crest": {
        "mean": 16.5511627197,
        "var": 16.9401607513
    },
    "melbands_flatness_db": {
        "mean": 0.266984790564,
        "var": 0.00371206598356
    },
    "melbands_kurtosis": {
        "mean": 24.4399642944,
        "var": 476.103759766
    },
    "melbands_skewness": {
        "mean": 3.77877187729,
        "var": 2.3956451416
    },
    "melbands_spread": {
        "mean": 11.3515729904,
        "var": 88.6477661133
    },
    "pitch_salience": {
        "mean": 0.516495704651,
        "var": 0.00937863625586
    },
    "silence_rate_20dB": {
        "mean": 1,
        "var": 0
    },
    "silence_rate_30dB": {
        "mean": 0.986096799374,
        "var": 0.0137096457183
    },
    "silence_rate_60dB": {
        "mean": 0.00205973233096,
        "var": 0.00205553858541
    },
    "spectral_centroid": {
        "mean": 744.954406738,
        "var": 338103.71875
    },
    "spectral_complexity": {
        "mean": 14.6936149597,
        "var": 40.4740829468
    },
    "spectral_decrease": {
        "mean": -1.07176756359e-008,
        "var": 4.34534089252e-017
    },
    "spectral_energy": {
        "mean": 0.0419512912631,
        "var": 0.000651852926239
    },
    "spectral_energyband_high": {
        "mean": 0.000585980189499,
        "var": 1.4056947748e-006
    },
    "spectral_energyband_low": {
        "mean": 0.0200076904148,
        "var": 0.000331624381943
    },
    "spectral_energyband_middle_high": {
        "mean": 0.00358872930519,
        "var": 1.11646013465e-005
    },
    "spectral_energyband_middle_low": {
        "mean": 0.022450286895,
        "var": 0.000248747033766
    },
    "spectral_entropy": {
        "mean": 7.0988445282,
        "var": 0.223574727774
    },
    "spectral_flux": {
        "mean": 0.0845073089004,
        "var": 0.00215297215618
    },
    "spectral_kurtosis": {
        "mean": 5.40616083145,
        "var": 13.8389110565
    },
    "spectral_rms": {
        "mean": 0.00612294580787,
        "var": 3.43770329891e-006
    },
    "spectral_rolloff": {
        "mean": 660.861328125,
        "var": 858322.0625
    },
    "spectral_skewness": {
        "mean": 1.73560059071,
        "var": 0.325672090054
    },
    "spectral_spread": {
        "mean": 4277101,
        "var": 3.73837502874e+012
    },
    "spectral_strongpeak": {
        "mean": 0.750823497772,
        "var": 0.429156929255
    },
    "zerocrossingrate": {
        "mean": 0.0353661961854,
        "var": 0.000695893191732
    },
    "barkbands": {
        "mean": [0.000125870923512, 0.00470562977716, 0.0105393240228, 0.00796524435282, 0.00953538250178, 0.00186499033589, 0.000819695531391, 0.00087959173834, 0.00130518269725, 0.00101272354368, 0.000334678537911, 0.000471753912279, 0.000339816848282, 0.000431976775872, 0.000306667177938, 0.000253164413152, 0.000156827096362, 0.000128525542095, 0.000109111970232, 0.000159931994858, 0.000153681001393, 0.000142308024806, 9.64700593613e-005, 7.14944690117e-005, 2.31203248404e-005, 1.79569469765e-005, 1.96803512154e-007],
        "var": [2.61384531797e-008, 2.89132876787e-005, 0.000142092147144, 8.65897673066e-005, 7.71509294282e-005, 8.46424700285e-006, 3.12865472551e-006, 2.55259624282e-006, 5.42352154298e-006, 3.08312633024e-006, 2.395454203e-006, 1.60611307365e-006, 6.34182299564e-007, 5.95028836869e-007, 2.39647675926e-007, 1.71668773419e-007, 1.6061471797e-007, 1.45452801803e-007, 6.60693544319e-008, 1.54001639885e-007, 6.70447022344e-008, 8.88378295372e-008, 4.58391120617e-008, 5.77903946919e-008, 5.39669775534e-009, 4.80227502209e-009, 2.88994045708e-012]
    },
    "erbbands": {
        "mean": [0.0587852299213, 1.43827354908, 9.56092739105, 23.3211517334, 29.6671962738, 30.0297889709, 24.8064479828, 12.1733160019, 8.72961902618, 15.6483440399, 22.8048019409, 29.9675292969, 30.601480484, 23.2334842682, 16.7448654175, 19.2110919952, 16.9351940155, 14.7215795517, 22.1057071686, 17.333065033, 13.5102500916, 7.61245250702, 7.44339418411, 6.53008890152, 5.98737478256, 6.98023223877, 6.26382017136, 6.32424402237, 5.34623003006, 3.83118033409, 2.67959403992, 1.911901474, 0.919545710087, 0.302953183651, 0.152466401458, 0.0995524525642, 0.0286455452442, 0.00177466648165, 6.49299399811e-005, 4.99380294059e-005],
        "var": [0.00399595312774, 2.40598154068, 102.65007019, 715.582885742, 920.672973633, 871.176574707, 1059.42895508, 419.579101563, 235.207855225, 952.706665039, 1443.17175293, 3440.01025391, 2018.81787109, 1500.37036133, 2681.41845703, 1832.43334961, 1480.84362793, 712.371032715, 1263.60742188, 899.930847168, 427.208526611, 252.5809021, 607.324462891, 344.007446289, 221.150253296, 240.074203491, 136.106582642, 150.020843506, 127.644508362, 68.7001647949, 41.9468841553, 40.8300704956, 8.0501537323, 0.816851556301, 0.275281965733, 0.134788542986, 0.0127144102007, 8.06536627351e-005, 4.80597144303e-008, 9.78826908415e-010]
    },
    "gfcc": {
        "mean": [-6.74609994888, 121.450965881, -103.604774475, 43.6496887207, -57.0355110168, 14.3383817673, -36.1527709961, -4.073097229, -24.2636184692, -8.6361989975, -27.135477066, -11.0376806259, -10.2694959641],
        "cov": [[3938.09179688, -501.383636475, -291.005310059, 184.590988159, -401.366363525, 196.553100586, -168.823059082, -51.9118080139, -164.315719604, 57.5232925415, -100.413635254, 97.6306610107, -100.652137756], [-501.383636475, 850.745483398, -69.2866363525, -104.659736633, 275.745483398, -84.6999130249, 113.547744751, -39.7185516357, 134.70173645, -93.5858383179, 74.2130889893, -113.258415222, 94.303527832], [-291.005310059, -69.2866363525, 392.03805542, 77.4253768921, 44.5861587524, 50.3911323547, 41.4728164673, 71.6349258423, -6.274725914, 19.904384613, -22.1317214966, 13.0795059204, -15.3523178101], [184.590988159, -104.659736633, 77.4253768921, 293.808013916, -9.24652862549, 30.6155700684, 36.6625442505, 10.4624605179, 16.3198032379, -3.77565360069, 52.9522666931, -1.97341525555, 5.47591352463], [-401.366363525, 275.745483398, 44.5861587524, -9.24652862549, 314.421325684, 30.3035068512, 47.7215881348, 14.6696987152, 52.4707298279, -4.21124219894, 40.9691543579, -33.602809906, -1.80295920372], [196.553100586, -84.6999130249, 50.3911323547, 30.6155700684, 30.3035068512, 141.23576355, 24.6034603119, 13.0016088486, -17.5412330627, 10.5072994232, -1.54863929749, 18.5051040649, -7.45317745209], [-168.823059082, 113.547744751, 41.4728164673, 36.6625442505, 47.7215881348, 24.6034603119, 134.792999268, 31.2277355194, 7.43100595474, -41.4564437866, 11.9317388535, -12.2414522171, 30.4552364349], [-51.9118080139, -39.7185516357, 71.6349258423, 10.4624605179, 14.6696987152, 13.0016088486, 31.2277355194, 104.273803711, 23.8618812561, 3.97810983658, -23.340297699, 2.16851639748, -8.04849052429], [-164.315719604, 134.70173645, -6.274725914, 16.3198032379, 52.4707298279, -17.5412330627, 7.43100595474, 23.8618812561, 101.356872559, 13.2969322205, 10.3484334946, -38.8529167175, 7.16002988815], [57.5232925415, -93.5858383179, 19.904384613, -3.77565360069, -4.21124219894, 10.5072994232, -41.4564437866, 3.97810983658, 13.2969322205, 100.086021423, 12.5036611557, -1.95176541805, -45.4271354675], [-100.413635254, 74.2130889893, -22.1317214966, 52.9522666931, 40.9691543579, -1.54863929749, 11.9317388535, -23.340297699, 10.3484334946, 12.5036611557, 107.84161377, 16.5822200775, -7.41988897324], [97.6306610107, -113.258415222, 13.0795059204, -1.97341525555, -33.602809906, 18.5051040649, -12.2414522171, 2.16851639748, -38.8529167175, -1.95176541805, 16.5822200775, 92.5790100098, 2.68453550339], [-100.652137756, 94.303527832, -15.3523178101, 5.47591352463, -1.80295920372, -7.45317745209, 30.4552364349, -8.04849052429, 7.16002988815, -45.4271354675, -7.41988897324, 2.68453550339, 98.6523132324]],
        "icov": [[0.000644511543214, -0.00122502283193, 0.000904556771275, -0.00147115124855, 0.00108562782407, -0.00147021037992, 0.00106865470298, -0.000714703754056, 0.00164670939557, -0.00103423313703, 0.00186862866394, -0.00119026226457, 0.00114875310101], [-0.00122502283193, 0.00779643887654, -0.00233326712623, 0.00600514141843, -0.00477352039889, 0.00474912999198, -0.00454709166661, 0.00416697049513, -0.00807593390346, 0.00591659033671, -0.00784151628613, 0.0061868079938, -0.00483132665977], [0.000904556771275, -0.00233326712623, 0.00479284627363, -0.00350525369868, 0.00109534536023, -0.00252752937376, 0.00109677040018, -0.00308655900881, 0.00381556502543, -0.00308998604305, 0.00446859141812, -0.00276361778378, 0.00204390101135], [-0.00147115124855, 0.00600514141843, -0.00350525369868, 0.00975180417299, -0.00294855982065, 0.00338953011669, -0.00423642760143, 0.00309073133394, -0.00754297152162, 0.00553305028006, -0.009854814969, 0.00606385013089, -0.00437691016123], [0.00108562782407, -0.00477352039889, 0.00109534536023, -0.00294855982065, 0.00755053339526, -0.00476705655456, 0.00231967703439, -0.00255048740655, 0.00319740013219, -0.00270378077403, 0.00286241178401, -0.0024764421396, 0.0036640886683], [-0.00147021037992, 0.00474912999198, -0.00252752937376, 0.00338953011669, -0.00476705655456, 0.0127609809861, -0.0052867368795, 0.00275966664776, -0.00380396097898, 0.00166896346491, -0.00399858970195, 0.00199272367172, -0.00319743761793], [0.00106865470298, -0.00454709166661, 0.00109677040018, -0.00423642760143, 0.00231967703439, -0.0052867368795, 0.0146654359996, -0.00659721530974, 0.00630276696756, 0.00090929918224, 0.00184455537237, -0.000624296721071, 0.000537128886208], [-0.000714703754056, 0.00416697049513, -0.00308655900881, 0.00309073133394, -0.00255048740655, 0.00275966664776, -0.00659721530974, 0.0168356075883, -0.00961631350219, 0.00250244932249, 0.000406806677347, -0.000449364277301, 0.000100767429103], [0.00164670939557, -0.00807593390346, 0.00381556502543, -0.00754297152162, 0.00319740013219, -0.00380396097898, 0.00630276696756, -0.00961631350219, 0.0244274456054, -0.00919310096651, 0.00646126829088, -0.000492750608828, 0.00194650958292], [-0.00103423313703, 0.00591659033671, -0.00308998604305, 0.00553305028006, -0.00270378077403, 0.00166896346491, 0.00090929918224, 0.00250244932249, -0.00919310096651, 0.020126471296, -0.00912469252944, 0.00578438444063, 0.00159246614203], [0.00186862866394, -0.00784151628613, 0.00446859141812, -0.009854814969, 0.00286241178401, -0.00399858970195, 0.00184455537237, 0.000406806677347, 0.00646126829088, -0.00912469252944, 0.0237324219197, -0.0122759258375, 0.00730711128563], [-0.00119026226457, 0.0061868079938, -0.00276361778378, 0.00606385013089, -0.0024764421396, 0.00199272367172, -0.000624296721071, -0.000449364277301, -0.000492750608828, 0.00578438444063, -0.0122759258375, 0.0210764911026, -0.00643127504736], [0.00114875310101, -0.00483132665977, 0.00204390101135, -0.00437691016123, 0.0036640886683, -0.00319743761793, 0.000537128886208, 0.000100767429103, 0.00194650958292, 0.00159246614203, 0.00730711128563, -0.00643127504736, 0.0174724403769]]
    },
    "melbands": {
        "mean": [0.000926941109356, 0.00407895073295, 0.00417991727591, 0.00227630510926, 0.000942405778915, 0.000282527762465, 0.000140820644447, 0.000174695320311, 0.000191293947864, 0.000183179567102, 0.000159901726875, 0.000108855536382, 5.67838360439e-005, 5.83714936511e-005, 4.13324451074e-005, 2.89169147436e-005, 2.75299225905e-005, 4.08948035329e-005, 2.07873963518e-005, 2.01721086341e-005, 1.4975117665e-005, 6.96992356097e-006, 8.93500873644e-006, 5.73129727854e-006, 5.21100673723e-006, 4.06722074331e-006, 4.87692614115e-006, 4.5537508413e-006, 4.34119647252e-006, 3.5472558011e-006, 3.59453724741e-006, 3.02599778479e-006, 2.62837602349e-006, 1.94345489035e-006, 1.56166538545e-006, 1.3929616216e-006, 1.05504352632e-006, 7.17522539162e-007, 3.53569703293e-007, 2.19565123416e-007],
        "var": [1.05512890514e-006, 1.59464998433e-005, 1.73244388861e-005, 4.88623527417e-006, 1.16221417557e-006, 2.18891173631e-007, 7.89260212741e-008, 9.55184020768e-008, 8.76770442915e-008, 1.38937807037e-007, 6.02107732561e-008, 3.33414718057e-008, 5.35251380995e-008, 2.8680988251e-008, 6.88033363616e-009, 3.64172003664e-009, 2.72400191292e-009, 5.23559107179e-009, 1.14384124394e-009, 1.32865074498e-009, 5.85231252348e-010, 1.67475616708e-010, 9.88807813407e-010, 1.9719037514e-010, 2.83762791042e-010, 1.50274473421e-010, 1.23820134701e-010, 1.36029673636e-010, 1.03967799647e-010, 4.62656891964e-011, 5.1364908854e-011, 4.34264881e-011, 3.36431715819e-011, 1.71853937331e-011, 1.32774477177e-011, 1.6996831026e-011, 1.53349555276e-011, 5.50946918296e-012, 1.03220069211e-012, 4.48600168514e-013]
    },
    "mfcc": {
        "mean": [-651.795593262, 142.787918091, 15.6241025925, 33.0691642761, 3.89226937294, 17.0334091187, -4.50051641464, 3.85868024826, 1.12572789192, 4.54434156418, -8.3831987381, -9.40070152283, -10.0152273178],
        "cov": [[2688.12915039, -778.042907715, 23.6591930389, -115.0209198, -204.2134552, 102.63067627, -76.1154251099, -44.3439674377, -90.9945068359, -114.034553528, -42.9820709229, 62.3379249573, -58.9514732361], [-778.042907715, 978.143615723, -220.414474487, -9.12620258331, 146.452529907, -7.5603966713, 27.8836669922, 25.6871566772, 60.2872390747, 57.2439193726, 15.0607118607, -18.5932693481, 13.9254522324], [23.6591930389, -220.414474487, 343.39932251, 71.6814575195, -20.6918525696, 12.9113359451, 35.4266777039, 32.1694297791, 23.5993556976, 15.0587615967, -3.9706633091, 0.248091682792, 12.2814712524], [-115.0209198, -9.12620258331, 71.6814575195, 206.490371704, 37.3802757263, 12.2738180161, 34.8396759033, 28.233171463, 9.49706077576, 24.0753307343, 22.1309204102, 10.0751819611, 14.8733043671], [-204.2134552, 146.452529907, -20.6918525696, 37.3802757263, 190.255203247, 47.7100524902, 29.724237442, 20.4340648651, 11.1587123871, 34.7529640198, 40.6068344116, 14.5238237381, 13.4135141373], [102.63067627, -7.5603966713, 12.9113359451, 12.2738180161, 47.7100524902, 108.484718323, 42.4639930725, 12.7991609573, -5.36422014236, 4.27823972702, 3.26904010773, 11.766500473, 12.8674783707], [-76.1154251099, 27.8836669922, 35.4266777039, 34.8396759033, 29.724237442, 42.4639930725, 121.268386841, 53.6541252136, 9.17205619812, 2.24820017815, -6.91112947464, 0.47118088603, 10.8274888992], [-44.3439674377, 25.6871566772, 32.1694297791, 28.233171463, 20.4340648651, 12.7991609573, 53.6541252136, 107.34072113, 39.63879776, -6.04641294479, -17.1085090637, -0.151141792536, 10.085267067], [-90.9945068359, 60.2872390747, 23.5993556976, 9.49706077576, 11.1587123871, -5.36422014236, 9.17205619812, 39.63879776, 102.725036621, 44.8316841125, -23.6336612701, -30.4027328491, -1.89613282681], [-114.034553528, 57.2439193726, 15.0587615967, 24.0753307343, 34.7529640198, 4.27823972702, 2.24820017815, -6.04641294479, 44.8316841125, 110.958511353, 33.1453437805, -30.3859138489, -15.2429971695], [-42.9820709229, 15.0607118607, -3.9706633091, 22.1309204102, 40.6068344116, 3.26904010773, -6.91112947464, -17.1085090637, -23.6336612701, 33.1453437805, 128.404937744, 42.5501708984, -25.3237857819], [62.3379249573, -18.5932693481, 0.248091682792, 10.0751819611, 14.5238237381, 11.766500473, 0.47118088603, -0.151141792536, -30.4027328491, -30.3859138489, 42.5501708984, 114.587432861, 28.7259674072], [-58.9514732361, 13.9254522324, 12.2814712524, 14.8733043671, 13.4135141373, 12.8674783707, 10.8274888992, 10.085267067, -1.89613282681, -15.2429971695, -25.3237857819, 28.7259674072, 101.825866699]],
        "icov": [[0.000607985537499, 0.000424783647759, 0.000207583158044, 0.000159930321388, 0.000432857224951, -0.000952675472945, 0.000448953302111, -0.000173999098479, 6.52862654533e-005, 8.29284326755e-005, 0.000235302053625, -0.000399651646148, 0.000463255506475], [0.000424783647759, 0.00178548623808, 0.00113885523751, 0.000158523835125, -0.000695007503964, -3.67596840078e-005, -0.000221399866859, -0.000114354923426, -0.000725907098968, -0.000243878821493, 0.000118290561659, -0.000165975870914, -1.48440676639e-006], [0.000207583158044, 0.00113885523751, 0.00409296387807, -0.000981186283752, 0.000429684616392, -0.000312663847581, -0.000713321613148, -0.000487418088596, -0.000982230296358, -0.000529795186594, -5.71485434193e-005, -0.000164349214174, -0.000344325788319], [0.000159930321388, 0.000158523835125, -0.000981186283752, 0.00589455524459, -0.00066330935806, 0.00023098665406, -0.00080705381697, -0.0010157659417, 0.000503426068462, -0.00106713140849, -0.000669256260153, -0.000246964948019, -0.000674271432217], [0.000432857224951, -0.000695007503964, 0.000429684616392, -0.00066330935806, 0.0081790657714, -0.00378231517971, 0.000327717280015, -0.00122879038099, 8.37745174067e-005, -0.00123325013556, -0.00197476008907, -0.000337972858688, -0.000700724835042], [-0.000952675472945, -3.67596840078e-005, -0.000312663847581, 0.00023098665406, -0.00378231517971, 0.0138046182692, -0.0047976966016, 0.000968756212387, 0.0008526382735, -0.000978878932074, 0.000646107480861, -0.000388111569919, -0.00123503501527], [0.000448953302111, -0.000221399866859, -0.000713321613148, -0.00080705381697, 0.000327717280015, -0.0047976966016, 0.0132273733616, -0.00622080313042, 0.0022690705955, -0.000728981976863, 0.000798945664428, 0.000207659992157, 0.000340081314789], [-0.000173999098479, -0.000114354923426, -0.000487418088596, -0.0010157659417, -0.00122879038099, 0.000968756212387, -0.00622080313042, 0.0158547218889, -0.00731015531346, 0.00433979230002, -8.19604538265e-005, -0.000457725196611, -0.000125057325931], [6.52862654533e-005, -0.000725907098968, -0.000982230296358, 0.000503426068462, 8.37745174067e-005, 0.0008526382735, 0.0022690705955, -0.00731015531346, 0.0179125331342, -0.0084697380662, 0.00459811650217, 0.000319925835356, 0.000664922699798], [8.29284326755e-005, -0.000243878821493, -0.000529795186594, -0.00106713140849, -0.00123325013556, -0.000978878932074, -0.000728981976863, 0.00433979230002, -0.0084697380662, 0.0168771576136, -0.00648430362344, 0.00501833995804, -0.000424634461524], [0.000235302053625, 0.000118290561659, -5.71485434193e-005, -0.000669256260153, -0.00197476008907, 0.000646107480861, 0.000798945664428, -8.19604538265e-005, 0.00459811650217, -0.00648430362344, 0.0144243370742, -0.00697774346918, 0.00499706482515], [-0.000399651646148, -0.000165975870914, -0.000164349214174, -0.000246964948019, -0.000337972858688, -0.000388111569919, 0.000207659992157, -0.000457725196611, 0.000319925835356, 0.00501833995804, -0.00697774346918, 0.0142924748361, -0.00504615157843], [0.000463255506475, -1.48440676639e-006, -0.000344325788319, -0.000674271432217, -0.000700724835042, -0.00123503501527, 0.000340081314789, -0.000125057325931, 0.000664922699798, -0.000424634461524, 0.00499706482515, -0.00504615157843, 0.0130688399076]]
    },
    "spectral_contrast_coeffs": {
        "mean": [-0.55235272646, -0.72101187706, -0.71719288826, -0.763266086578, -0.780377030373, -0.725360393524],
        "var": [0.00581971788779, 0.00369665678591, 0.00532621797174, 0.00240952894092, 0.00151397637092, 0.00158640742302]
    },
    "spectral_contrast_valleys": {
        "mean": [-6.82568502426, -6.81556940079, -7.65879774094, -7.97462368011, -8.05758476257, -10.7946147919],
        "var": [1.05929934978, 0.969240486622, 0.919357478619, 0.957522749901, 0.978765428066, 1.24486196041]
    }
},
"metadata": {
    "audio_properties": {
        "analysis_sample_rate": 44100,
        "bit_rate": 110445,
        "equal_loudness": 0,
        "length": 45.0612258911,
        "lossless": 0,
        "replay_gain": -7.72220993042,
        "sample_rate": 44100,
        "codec": "mp3",
        "downmix": "mix",
        "md5_encoded": "a6a3fc2ded5620319c91cb7da7c6c56a"
    },
    "tags": {
        "file_name": "645.mp3"
    },
    "version": {
        "essentia": "2.1-beta2",
        "essentia_git_sha": "v2.1_beta2",
        "extractor": "music 1.0"
    }
},
"rhythm": {
    "beats_count": 69,
    "beats_loudness": {
        "mean": 0.0544397607446,
        "var": 0.000508620461915
    },
    "bpm": 91.4278869629,
    "bpm_histogram_first_peak_bpm": {
        "mean": 92,
        "var": 0
    },
    "bpm_histogram_first_peak_spread": {
        "mean": 0.543859660625,
        "var": 0
    },
    "bpm_histogram_first_peak_weight": {
        "mean": 0.382352948189,
        "var": 0
    },
    "bpm_histogram_second_peak_bpm": {
        "mean": 98,
        "var": 0
    },
    "bpm_histogram_second_peak_spread": {
        "mean": 0.099999986589,
        "var": 0
    },
    "bpm_histogram_second_peak_weight": {
        "mean": 0.132352948189,
        "var": 0
    },
    "danceability": 1.31722831726,
    "onset_rate": 3.61567044258,
    "beats_loudness_band_ratio": {
        "mean": [0.566452264786, 0.273506999016, 0.0821268707514, 0.069630138576, 0.04816942662, 0.0393855832517],
        "var": [0.0321679413319, 0.0293607842177, 0.00621819728985, 0.0047556720674, 0.00270165898837, 0.00170485884883]
    },
    "beats_position": [0.650158703327, 1.3235373497, 1.98530614376, 2.6470746994, 3.32045340538, 3.98222208023, 4.65560102463, 5.34058952332, 6.01396799088, 6.68734693527, 7.3491153717, 8.0224943161, 8.68426322937, 9.35764122009, 10.0194101334, 10.6811790466, 11.354557991, 12.0047159195, 12.6548748016, 13.2818136215, 13.9087524414, 14.5589113235, 15.2090702057, 15.8592290878, 16.50938797, 17.1595458984, 17.7980957031, 18.4250335693, 19.0403633118, 19.6905212402, 20.3058490753, 20.9327888489, 21.5597267151, 22.1982765198, 22.8136043549, 23.4289340973, 24.0558719635, 24.6828117371, 25.3097496033, 25.9366893768, 26.563627243, 27.2021770477, 27.8175048828, 28.4444446564, 29.0713825226, 29.686712265, 30.290430069, 30.9057598114, 31.5210876465, 32.1131973267, 32.6820869446, 33.3438529968, 33.99401474, 34.6441726685, 35.2943305969, 35.9561004639, 36.6178665161, 37.2564163208, 37.8949661255, 38.5219039917, 39.1720619202, 39.8106117249, 40.4723815918, 41.1457595825, 41.7843093872, 42.4344673157, 43.0730133057, 43.7231750488, 44.3733329773]
},
"tonal": {
    "chords_changes_rate": 0.0390946492553,
    "chords_number_rate": 0.0102880662307,
    "chords_strength": {
        "mean": 0.499674499035,
        "var": 0.00877829454839
    },
    "hpcp_entropy": {
        "mean": 1.59735810757,
        "var": 0.430736094713
    },
    "key_strength": 0.747397601604,
    "tuning_diatonic_strength": 0.503400206566,
    "tuning_equal_tempered_deviation": 0.0164207927883,
    "tuning_frequency": 441.017791748,
    "tuning_nontempered_energy_ratio": 0.628857970238,
    "hpcp": {
        "mean": [0.174797952175, 0.0844300538301, 0.0293652508408, 0.026037402451, 0.0347034744918, 0.152845844626, 0.253695964813, 0.151343390346, 0.0697935968637, 0.0699882730842, 0.0496317259967, 0.144307523966, 0.263555437326, 0.16773454845, 0.0924803093076, 0.143278613687, 0.0988178402185, 0.0301865767688, 0.0251583103091, 0.0524454973638, 0.188343286514, 0.256630808115, 0.140412539244, 0.0816592499614, 0.0798652023077, 0.0587674975395, 0.125714868307, 0.180765762925, 0.109492845833, 0.0736907124519, 0.0767979174852, 0.0609647519886, 0.134960591793, 0.204250156879, 0.146943300962, 0.155203521252],
        "var": [0.088178217411, 0.0232345759869, 0.00927846971899, 0.00759935472161, 0.00984561163932, 0.0551402792335, 0.122497342527, 0.0466550923884, 0.0311622917652, 0.042854487896, 0.0175076946616, 0.0473896972835, 0.139953583479, 0.0622524432838, 0.0283538028598, 0.0746251568198, 0.0391020588577, 0.00780074717477, 0.00668829260394, 0.0150754339993, 0.0710865706205, 0.11859574914, 0.0425157062709, 0.0405165739357, 0.049280770123, 0.0240079276264, 0.0537616945803, 0.0950609073043, 0.0391793400049, 0.0386787578464, 0.041095264256, 0.0168906897306, 0.0528939962387, 0.104131527245, 0.0535823181272, 0.0673385486007]
    },
    "chords_histogram": [11.8312759399, 25.8230457306, 14.1975307465, 0, 0, 0, 0, 0, 2.36625504494, 0, 0, 0, 0, 0, 0, 0, 5.55555534363, 0, 1.02880656719, 9.87654304504, 0, 23.0452671051, 4.83539104462, 1.44032919407],
    "thpcp": [1, 0.636429846287, 0.35089507699, 0.54363745451, 0.374941378832, 0.114535965025, 0.0954573750496, 0.198992282152, 0.714624941349, 0.973726093769, 0.532762825489, 0.30983710289, 0.303029984236, 0.222979649901, 0.476995915174, 0.685873746872, 0.415445208549, 0.279602319002, 0.29139187932, 0.231316611171, 0.512076675892, 0.774979889393, 0.557542264462, 0.588883757591, 0.66323029995, 0.320350259542, 0.111419633031, 0.0987928882241, 0.131674289703, 0.579938113689, 0.962590515614, 0.574237406254, 0.264815628529, 0.265554279089, 0.188316076994, 0.547541439533],
    "chords_key": "C#",
    "chords_scale": "minor",
    "key_key": "A",
    "key_scale": "major"
}
}