{
"lowlevel": {
    "average_loudness": 0.927331149578,
    "barkbands_crest": {
        "mean": 16.9821949005,
        "var": 25.0589675903
    },
    "barkbands_flatness_db": {
        "mean": 0.555555582047,
        "var": 0.0116241341457
    },
    "barkbands_kurtosis": {
        "mean": 26.0646800995,
        "var": 2204.33422852
    },
    "barkbands_skewness": {
        "mean": 3.05821299553,
        "var": 7.44191265106
    },
    "barkbands_spread": {
        "mean": 1.52651703358,
        "var": 5.26876878738
    },
    "dissonance": {
        "mean": 0.314175486565,
        "var": 0.0077140792273
    },
    "dynamic_complexity": 5.19464969635,
    "erbbands_crest": {
        "mean": 17.4413547516,
        "var": 28.1502323151
    },
    "erbbands_flatness_db": {
        "mean": 0.394925892353,
        "var": 0.00388985965401
    },
    "erbbands_kurtosis": {
        "mean": 9.2460231781,
        "var": 217.54498291
    },
    "erbbands_skewness": {
        "mean": 1.79591345787,
        "var": 2.26147794724
    },
    "erbbands_spread": {
        "mean": 9.30188274384,
        "var": 70.7106323242
    },
    "hfc": {
        "mean": 11.6106367111,
        "var": 208.061401367
    },
    "melbands_crest": {
        "mean": 23.4491119385,
        "var": 28.5015678406
    },
    "melbands_flatness_db": {
        "mean": 0.701445281506,
        "var": 0.0154609540477
    },
    "melbands_kurtosis": {
        "mean": 23.5187740326,
        "var": 611.71484375
    },
    "melbands_skewness": {
        "mean": 2.66598558426,
        "var": 2.79726934433
    },
    "melbands_spread": {
        "mean": 1.81673979759,
        "var": 40.8780403137
    },
    "pitch_salience": {
        "mean": 0.290582478046,
        "var": 0.0221463944763
    },
    "silence_rate_20dB": {
        "mean": 0.884714365005,
        "var": 0.101994432509
    },
    "silence_rate_30dB": {
        "mean": 0.658775091171,
        "var": 0.224789887667
    },
    "silence_rate_60dB": {
        "mean": 0.0864642336965,
        "var": 0.0789889246225
    },
    "spectral_centroid": {
        "mean": 208.406845093,
        "var": 141512.40625
    },
    "spectral_complexity": {
        "mean": 3.67575907707,
        "var": 2.04721164703
    },
    "spectral_decrease": {
        "mean": -3.41483499255e-008,
        "var": 2.64043208955e-015
    },
    "spectral_energy": {
        "mean": 0.129936888814,
        "var": 0.0381098352373
    },
    "spectral_energyband_high": {
        "mean": 8.24896517315e-007,
        "var": 4.2362006264e-011
    },
    "spectral_energyband_low": {
        "mean": 0.122445292771,
        "var": 0.0358470641077
    },
    "spectral_energyband_middle_high": {
        "mean": 8.29718846944e-005,
        "var": 6.23269187372e-008
    },
    "spectral_energyband_middle_low": {
        "mean": 0.00860877335072,
        "var": 0.000173101638211
    },
    "spectral_entropy": {
        "mean": 4.53561878204,
        "var": 0.379961282015
    },
    "spectral_flux": {
        "mean": 0.0878716781735,
        "var": 0.00513450941071
    },
    "spectral_kurtosis": {
        "mean": 177.444656372,
        "var": 15536.4589844
    },
    "spectral_rms": {
        "mean": 0.00875019934028,
        "var": 5.02017246617e-005
    },
    "spectral_rolloff": {
        "mean": 218.554489136,
        "var": 734311.625
    },
    "spectral_skewness": {
        "mean": 10.3960762024,
        "var": 16.1447372437
    },
    "spectral_spread": {
        "mean": 1150600.375,
        "var": 2.39236441702e+012
    },
    "spectral_strongpeak": {
        "mean": 0.844303250313,
        "var": 0.408440679312
    },
    "zerocrossingrate": {
        "mean": 0.00792005751282,
        "var": 0.00052873196546
    },
    "barkbands": {
        "mean": [0.000274622201687, 0.0955005660653, 0.0254697948694, 0.00235811946914, 0.00397687405348, 0.00196385430172, 0.00016285298625, 5.23136513948e-005, 9.37935983529e-005, 7.11453094482e-006, 9.5918221632e-006, 7.30805186322e-006, 5.35104227311e-005, 2.98464351545e-006, 5.19322156833e-007, 5.02734053498e-007, 5.02182217588e-007, 9.20945240068e-007, 2.78547361177e-007, 2.23802459232e-007, 2.26544614179e-007, 1.19779357988e-007, 1.31705277795e-007, 2.08668041068e-007, 4.13159462198e-008, 6.41802389012e-009, 2.97554492157e-009],
        "var": [7.52548601213e-007, 0.0333072207868, 0.00137660256587, 1.4076565094e-005, 9.48152082856e-005, 1.68425776792e-005, 6.5351926537e-008, 2.17170317285e-008, 3.15868561529e-007, 2.03818628641e-010, 7.39699412833e-010, 1.67988079003e-009, 5.21813454668e-008, 9.25287624298e-011, 6.56136299806e-012, 8.26613950899e-012, 5.78806447216e-012, 1.04652730926e-010, 1.37900259788e-012, 8.33997259274e-013, 2.46024403107e-012, 7.97331601785e-013, 2.13850942163e-012, 7.94340808408e-012, 8.78227341111e-014, 8.90507972063e-016, 3.71107203371e-017]
    },
    "erbbands": {
        "mean": [2.18935394287, 23.284034729, 37.5940589905, 13.5772037506, 18.4495506287, 6.29332351685, 9.4690952301, 15.0778226852, 5.02582120895, 1.04960393906, 1.36588764191, 2.46803426743, 0.642840623856, 0.341971576214, 0.379566520452, 0.362228304148, 2.2086558342, 0.834568858147, 0.0663451775908, 0.0301072690636, 0.023222271353, 0.0218077674508, 0.0376845449209, 0.0387172140181, 0.0153798395768, 0.0100427046418, 0.00607592239976, 0.0111322868615, 0.00508376257494, 0.00306434370577, 0.00369626539759, 0.00488490657881, 0.00300995400175, 0.000731388805434, 0.000290278519969, 0.000103473466879, 4.16773618781e-005, 4.47704496764e-006, 5.76128550165e-005, 0.000140455973451],
        "var": [29.4375782013, 1678.90539551, 2772.94555664, 237.363861084, 1750.74609375, 197.902740479, 956.486999512, 535.007629395, 60.5960731506, 3.09522604942, 17.4334526062, 241.416427612, 13.6222391129, 0.42891472578, 1.909984231, 3.04146885872, 88.80052948, 9.29882526398, 0.033789139241, 0.0215070098639, 0.014892806299, 0.00910994876176, 0.0626476109028, 0.205660670996, 0.00337100075558, 0.00185556150973, 0.000791958416812, 0.00787478871644, 0.00139386986848, 0.000486542907311, 0.00204103905708, 0.00555400596932, 0.00120864645578, 3.6286048271e-005, 2.11767542169e-006, 8.70077556669e-008, 3.87139875713e-009, 4.95234929454e-011, 7.37259808758e-009, 4.43630199243e-008]
    },
    "gfcc": {
        "mean": [-270.187744141, 224.925338745, 0.0218991972506, 12.1014671326, -14.9909973145, 3.72262501717, -8.77582550049, -15.0084562302, -7.32843446732, -3.38424611092, 8.13237762451, -15.1268014908, -5.79793643951],
        "cov": [[7764.43896484, 333.634185791, 22.9954681396, 589.114074707, 502.970306396, 410.185180664, -60.0389060974, -519.003601074, -346.363220215, -128.002883911, 198.118103027, 89.0680770874, 177.402511597], [333.634185791, 768.929443359, 157.787994385, -470.142364502, 150.9715271, -45.846534729, 84.9269866943, -115.919815063, -21.1371669769, 17.1071186066, 38.168346405, -30.0342292786, -26.261259079], [22.9954681396, 157.787994385, 1572.56945801, -31.1466846466, 186.313995361, 92.6745605469, 280.245788574, 343.985595703, 229.316955566, -119.44077301, -231.348892212, -18.5488967896, 37.3556251526], [589.114074707, -470.142364502, -31.1466846466, 625.730407715, 16.7138900757, 25.3461151123, -34.1793365479, 22.3836860657, -57.7634544373, -119.155044556, -41.0713844299, 37.6651535034, 66.8131408691], [502.970306396, 150.9715271, 186.313995361, 16.7138900757, 459.116241455, 69.1741638184, 52.6090927124, -144.813903809, -71.0382461548, 77.7815475464, 131.670562744, 47.45079422, -27.8676452637], [410.185180664, -45.846534729, 92.6745605469, 25.3461151123, 69.1741638184, 182.792572021, 57.3949890137, -5.93028974533, -12.6876983643, -17.9008235931, -14.1528167725, -18.7497844696, -4.7692117691], [-60.0389060974, 84.9269866943, 280.245788574, -34.1793365479, 52.6090927124, 57.3949890137, 285.893676758, 242.637756348, 65.9238891602, -148.636795044, -172.715103149, -54.7932929993, -0.0820602998137], [-519.003601074, -115.919815063, 343.985595703, 22.3836860657, -144.813903809, -5.93028974533, 242.637756348, 515.816223145, 235.58732605, -214.461502075, -308.780181885, -67.9942550659, 4.66198730469], [-346.363220215, -21.1371669769, 229.316955566, -57.7634544373, -71.0382461548, -12.6876983643, 65.9238891602, 235.58732605, 247.073181152, 13.5701885223, -119.029045105, -62.8137664795, -20.2812595367], [-128.002883911, 17.1071186066, -119.44077301, -119.155044556, 77.7815475464, -17.9008235931, -148.636795044, -214.461502075, 13.5701885223, 347.946350098, 260.324188232, -5.65715694427, -65.1949996948], [198.118103027, 38.168346405, -231.348892212, -41.0713844299, 131.670562744, -14.1528167725, -172.715103149, -308.780181885, -119.029045105, 260.324188232, 360.075714111, 99.0324020386, -30.8595848083], [89.0680770874, -30.0342292786, -18.5488967896, 37.6651535034, 47.45079422, -18.7497844696, -54.7932929993, -67.9942550659, -62.8137664795, -5.65715694427, 99.0324020386, 159.03036499, 54.8417053223], [177.402511597, -26.261259079, 37.3556251526, 66.8131408691, -27.8676452637, -4.7692117691, -0.0820602998137, 4.66198730469, -20.2812595367, -65.1949996948, -30.8595848083, 54.8417053223, 104.793228149]],
        "icov": [[0.000237166605075, -0.000535674334969, 4.42548807769e-005, -0.00055671640439, -2.14538285945e-005, -0.000697465497069, 0.000256027182331, -0.000107488544018, 5.48162715859e-005, -4.00774224545e-005, -8.83857865119e-005, 4.58889153379e-005, -0.000293397024507], [-0.000535674334969, 0.0062349550426, -0.000596830330323, 0.0051486287266, -0.00128712924197, 0.00417629769072, -0.00266119884327, 0.00398677028716, -0.0024963200558, 0.00473931571469, -0.00246092188172, 0.00279293931089, -0.000653200724628], [4.42548807769e-005, -0.000596830330323, 0.00105507229455, -0.000438889663201, -0.000442949676653, -0.000647789915092, -0.00016764087195, -0.000528504548129, -0.000442611897597, -0.00078976288205, 0.00087051599985, -0.000755950342864, -0.000369689601939], [-0.00055671640439, 0.0051486287266, -0.000438889663201, 0.00638585072011, -0.00161570229102, 0.00319566694088, -0.000656254182104, 0.00191946851555, -0.00120510905981, 0.00460326159373, -0.0024286059197, 0.00295451981947, -0.00168319058139], [-2.14538285945e-005, -0.00128712924197, -0.000442949676653, -0.00161570229102, 0.00440238416195, -0.000986640923657, -0.00248596770689, 0.00158425618429, -3.63613944501e-005, -0.00145007751416, 0.000113361544209, -0.00246226717718, 0.00236797658727], [-0.000697465497069, 0.00417629769072, -0.000647789915092, 0.00319566694088, -0.000986640923657, 0.00992004293948, -0.00368837290443, 0.00361900194548, -0.00168293435127, 0.00289609492756, -0.00122514704708, 0.00213567982428, 0.00044355011778], [0.000256027182331, -0.00266119884327, -0.00016764087195, -0.000656254182104, -0.00248596770689, -0.00368837290443, 0.0122037548572, -0.00845897383988, 0.00471053412184, -0.000324392400216, 0.000236883905018, 0.00266601331532, -0.00168084295001], [-0.000107488544018, 0.00398677028716, -0.000528504548129, 0.00191946851555, 0.00158425618429, 0.00361900194548, -0.00845897383988, 0.0148072931916, -0.0102640641853, 0.00598975084722, 0.000667037733365, -0.00156155182049, 0.00281986990012], [5.48162715859e-005, -0.0024963200558, -0.000442611897597, -0.00120510905981, -3.63613944501e-005, -0.00168293435127, 0.00471053412184, -0.0102640641853, 0.0152920559049, -0.00937121827155, 0.00516317505389, -0.000567384646274, -0.000471372244647], [-4.00774224545e-005, 0.00473931571469, -0.00078976288205, 0.00460326159373, -0.00145007751416, 0.00289609492756, -0.000324392400216, 0.00598975084722, -0.00937121827155, 0.0189113952219, -0.0141761479899, 0.00906243827194, -0.000883990374859], [-8.83857865119e-005, -0.00246092188172, 0.00087051599985, -0.0024286059197, 0.000113361544209, -0.00122514704708, 0.000236883905018, 0.000667037733365, 0.00516317505389, -0.0141761479899, 0.0196237768978, -0.0119313728064, 0.00491866795346], [4.58889153379e-005, 0.00279293931089, -0.000755950342864, 0.00295451981947, -0.00246226717718, 0.00213567982428, 0.00266601331532, -0.00156155182049, -0.000567384646274, 0.00906243827194, -0.0119313728064, 0.0177938286215, -0.00877549592406], [-0.000293397024507, -0.000653200724628, -0.000369689601939, -0.00168319058139, 0.00236797658727, 0.00044355011778, -0.00168084295001, 0.00281986990012, -0.000471372244647, -0.000883990374859, 0.00491866795346, -0.00877549592406, 0.0170034393668]]
    },
    "melbands": {
        "mean": [0.024105919525, 0.0242726393044, 0.00271977647208, 0.00100018759258, 0.000256281375187, 0.000347475986928, 6.48804707453e-005, 9.34564832278e-006, 1.06379902718e-005, 1.61891439348e-005, 2.74734065897e-006, 1.30358318984e-006, 1.13211638109e-006, 7.7712206803e-007, 1.22316203033e-006, 7.04892681824e-006, 6.75303226672e-007, 8.59589022184e-008, 4.16938696901e-008, 4.06068956238e-008, 2.21115286081e-008, 1.48010483869e-008, 4.25239292667e-008, 4.20852899197e-008, 3.09322807368e-008, 1.04964472669e-008, 1.10776747775e-008, 5.64721158725e-009, 3.56320573047e-009, 4.42848602233e-009, 7.43500283562e-009, 2.90603918707e-009, 1.74525782715e-009, 1.70923231124e-009, 1.73691205863e-009, 3.60482488304e-009, 2.51286791375e-009, 2.29837571197e-009, 1.17283960321e-009, 3.87036513949e-010],
        "var": [0.00275546242483, 0.000989046529867, 9.50024696067e-006, 5.72615408601e-006, 6.52212179375e-007, 3.23979094219e-007, 1.05064801303e-008, 3.09041486846e-010, 1.16851317511e-009, 1.16098499703e-008, 2.33189717536e-010, 7.17047124801e-012, 1.30206999696e-011, 6.85465703296e-012, 5.04180169836e-011, 9.80396319683e-010, 3.35556864413e-012, 7.41685765538e-014, 4.31013020142e-014, 6.13717789696e-014, 1.60529802748e-014, 4.27377207449e-015, 4.93405738088e-014, 2.43755319748e-013, 1.40067780508e-013, 1.91952658331e-015, 2.08707817061e-015, 7.91966064804e-016, 3.04129853159e-016, 6.36615510657e-016, 4.30149292176e-015, 5.2637194911e-016, 1.4400985501e-016, 1.79804435039e-016, 5.44542288136e-016, 2.93903132049e-015, 1.46138393219e-015, 6.91124145455e-016, 2.06864318672e-016, 6.94154667213e-018]
    },
    "mfcc": {
        "mean": [-919.641540527, 222.492126465, 98.5760803223, 37.9774475098, 24.2012042999, 25.6263828278, 17.5672016144, 2.27917313576, -3.80879569054, 2.73600292206, 8.31415843964, 7.21891927719, 1.82388961315],
        "cov": [[2935.23413086, 1234.61083984, -446.222045898, -99.086517334, 135.041015625, 335.073425293, 210.102783203, -36.0969696045, -194.217086792, -189.956268311, -173.032104492, -93.246383667, -79.6140441895], [1234.61083984, 1447.05578613, 266.963287354, -157.650817871, 53.3260040283, 219.573165894, 194.42364502, 39.1458358765, -22.4418201447, -12.5722818375, 1.83538544178, -48.1430549622, -27.0376968384], [-446.222045898, 266.963287354, 687.325744629, 223.879501343, -12.0455188751, -69.4373397827, 7.70194959641, 195.59425354, 259.568511963, 128.72467041, 40.9060058594, 24.1908149719, 16.4399242401], [-99.086517334, -157.650817871, 223.879501343, 395.486114502, 138.382827759, -34.9801025391, -4.23613452911, 130.283996582, 153.752319336, 34.2482032776, -27.5405845642, 18.0240936279, 27.9215488434], [135.041015625, 53.3260040283, -12.0455188751, 138.382827759, 224.120529175, 157.894241333, 52.8277587891, -51.3153610229, -97.7024993896, -53.7371520996, 3.77073025703, 16.3951148987, 14.8300018311], [335.073425293, 219.573165894, -69.4373397827, -34.9801025391, 157.894241333, 273.055480957, 143.01499939, -122.541564941, -223.117218018, -93.1876525879, 10.7658891678, -18.9379310608, -21.1583595276], [210.102783203, 194.42364502, 7.70194959641, -4.23613452911, 52.8277587891, 143.01499939, 183.710723877, 56.6554946899, -61.739692688, -48.9916610718, -10.7913274765, -32.972114563, -28.8340129852], [-36.0969696045, 39.1458358765, 195.59425354, 130.283996582, -51.3153610229, -122.541564941, 56.6554946899, 369.413574219, 367.735748291, 72.0253372192, -61.9864044189, 3.48271989822, -8.41149139404], [-194.217086792, -22.4418201447, 259.568511963, 153.752319336, -97.7024993896, -223.117218018, -61.739692688, 367.735748291, 529.483642578, 214.295227051, -23.9686775208, 5.61383771896, 0.0869161263108], [-189.956268311, -12.5722818375, 128.72467041, 34.2482032776, -53.7371520996, -93.1876525879, -48.9916610718, 72.0253372192, 214.295227051, 258.272979736, 135.876434326, -1.38804340363, -22.3956394196], [-173.032104492, 1.83538544178, 40.9060058594, -27.5405845642, 3.77073025703, 10.7658891678, -10.7913274765, -61.9864044189, -23.9686775208, 135.876434326, 196.988845825, 67.2993392944, -7.35370349884], [-93.246383667, -48.1430549622, 24.1908149719, 18.0240936279, 16.3951148987, -18.9379310608, -32.972114563, 3.48271989822, 5.61383771896, -1.38804340363, 67.2993392944, 125.843925476, 57.3320045471], [-79.6140441895, -27.0376968384, 16.4399242401, 27.9215488434, 14.8300018311, -21.1583595276, -28.8340129852, -8.41149139404, 0.0869161263108, -22.3956394196, -7.35370349884, 57.3320045471, 97.259727478]],
        "icov": [[0.00245278910734, -0.00335717294365, 0.00423080101609, -0.00507611129433, 0.00568818300962, -0.00649340962991, 0.00620035454631, -0.00582234747708, 0.00547979213297, -0.00495096296072, 0.00455580325797, -0.00308076082729, 0.00188688444905], [-0.00335717294365, 0.00579776288942, -0.00666116317734, 0.0083775324747, -0.00887807179242, 0.00897146482021, -0.0100288456306, 0.00902640167624, -0.00868687778711, 0.00720295729116, -0.00610649446025, 0.00439888983965, -0.00269094272517], [0.00423080101609, -0.00666116317734, 0.0103285070509, -0.0117125017568, 0.0129008581862, -0.0134805236012, 0.0127878440544, -0.0115489205346, 0.00933724921197, -0.00793515983969, 0.0057475422509, -0.00438940525055, 0.00230712420307], [-0.00507611129433, 0.0083775324747, -0.0117125017568, 0.0198569595814, -0.0226500611752, 0.0212794337422, -0.0188404917717, 0.0152555294335, -0.0138399228454, 0.00975244678557, -0.00664474256337, 0.00534923980013, -0.00312794186175], [0.00568818300962, -0.00887807179242, 0.0129008581862, -0.0226500611752, 0.0361118689179, -0.0355483852327, 0.0288543067873, -0.0233091656119, 0.0184889622033, -0.0121184419841, 0.00722178211436, -0.00542752770707, 0.000747060519643], [-0.00649340962991, 0.00897146482021, -0.0134805236012, 0.0212794337422, -0.0355483852327, 0.0505641773343, -0.0455419197679, 0.0375806950033, -0.0257445834577, 0.0174705348909, -0.00895936787128, 0.00307642412372, 0.00107233971357], [0.00620035454631, -0.0100288456306, 0.0127878440544, -0.0188404917717, 0.0288543067873, -0.0455419197679, 0.0603884868324, -0.0541365630925, 0.0411286503077, -0.0221342723817, 0.00805625226349, 0.00184973608702, -0.00116612843703], [-0.00582234747708, 0.00902640167624, -0.0115489205346, 0.0152555294335, -0.0233091656119, 0.0375806950033, -0.0541365630925, 0.0651236474514, -0.0556437075138, 0.0353829264641, -0.0168622229248, 0.0029426056426, 0.00181581522338], [0.00547979213297, -0.00868687778711, 0.00933724921197, -0.0138399228454, 0.0184889622033, -0.0257445834577, 0.0411286503077, -0.0556437075138, 0.0603904649615, -0.0487536452711, 0.033422511071, -0.0160250421613, 0.0041197501123], [-0.00495096296072, 0.00720295729116, -0.00793515983969, 0.00975244678557, -0.0121184419841, 0.0174705348909, -0.0221342723817, 0.0353829264641, -0.0487536452711, 0.0586345344782, -0.0491516329348, 0.0299336574972, -0.00917856674641], [0.00455580325797, -0.00610649446025, 0.0057475422509, -0.00664474256337, 0.00722178211436, -0.00895936787128, 0.00805625226349, -0.0168622229248, 0.033422511071, -0.0491516329348, 0.0533838309348, -0.0361779779196, 0.0148619925603], [-0.00308076082729, 0.00439888983965, -0.00438940525055, 0.00534923980013, -0.00542752770707, 0.00307642412372, 0.00184973608702, 0.0029426056426, -0.0160250421613, 0.0299336574972, -0.0361779779196, 0.0374530553818, -0.017698885873], [0.00188688444905, -0.00269094272517, 0.00230712420307, -0.00312794186175, 0.000747060519643, 0.00107233971357, -0.00116612843703, 0.00181581522338, 0.0041197501123, -0.00917856674641, 0.0148619925603, -0.017698885873, 0.0209564492106]]
    },
    "spectral_contrast_coeffs": {
        "mean": [-0.560322523117, -0.645393669605, -0.815186023712, -0.796107888222, -0.862578392029, -0.855133235455],
        "var": [0.00883028283715, 0.0143496571109, 0.00560621870682, 0.0066358987242, 0.00172624038532, 0.00220968271606]
    },
    "spectral_contrast_valleys": {
        "mean": [-7.48159170151, -8.53593540192, -9.82836818695, -11.1006240845, -11.9324626923, -14.2442541122],
        "var": [1.91613578796, 1.43077540398, 1.28769052029, 1.20771205425, 1.11526358128, 1.25322437286]
    }
},
"metadata": {
    "audio_properties": {
        "analysis_sample_rate": 44100,
        "bit_rate": 90420,
        "equal_loudness": 0,
        "length": 45.0873451233,
        "lossless": 0,
        "replay_gain": -4.5753993988,
        "sample_rate": 44100,
        "codec": "mp3",
        "downmix": "mix",
        "md5_encoded": "952c258e39c4daa3ea874cb56ddaa90a"
    },
    "tags": {
        "file_name": "646.mp3"
    },
    "version": {
        "essentia": "2.1-beta2",
        "essentia_git_sha": "v2.1_beta2",
        "extractor": "music 1.0"
    }
},
"rhythm": {
    "beats_count": 76,
    "beats_loudness": {
        "mean": 0.208446294069,
        "var": 0.0467118918896
    },
    "bpm": 102.933013916,
    "bpm_histogram_first_peak_bpm": {
        "mean": 103,
        "var": 0
    },
    "bpm_histogram_first_peak_spread": {
        "mean": 0.493150681257,
        "var": 0
    },
    "bpm_histogram_first_peak_weight": {
        "mean": 0.493333339691,
        "var": 0
    },
    "bpm_histogram_second_peak_bpm": {
        "mean": 96,
        "var": 0
    },
    "bpm_histogram_second_peak_spread": {
        "mean": 0.5,
        "var": 0
    },
    "bpm_histogram_second_peak_weight": {
        "mean": 0.0133333336562,
        "var": 0
    },
    "danceability": 1.35889053345,
    "onset_rate": 3.14822626114,
    "beats_loudness_band_ratio": {
        "mean": [0.909066140652, 0.0989659801126, 0.0181611012667, 0.00448137382045, 6.07998335909e-005, 3.61145830539e-005],
        "var": [0.0341825634241, 0.0271675623953, 0.00676533486694, 0.000238020613324, 2.68280704319e-008, 3.16567465575e-008]
    },
    "beats_position": [0.592108845711, 1.19582760334, 1.8111563921, 2.43809509277, 3.04181408882, 3.61070299149, 4.17959165573, 4.76009082794, 5.35219955444, 5.92108821869, 6.5015873909, 7.10530614853, 7.6858048439, 8.26630401611, 8.83519268036, 9.41569137573, 10.0078001022, 10.5882987976, 11.1687984467, 11.7609071732, 12.3530158997, 12.9451246262, 13.5372333527, 14.117732048, 14.6982307434, 15.2787294388, 15.8592290878, 16.4397277832, 17.0202255249, 17.6123352051, 18.181224823, 18.7617225647, 19.3422222137, 19.9227199554, 20.5032196045, 21.0953292847, 21.6874370575, 22.2563266754, 22.8368244171, 23.4173240662, 24.009431839, 24.5783214569, 25.158821106, 25.7393188477, 26.3314285278, 26.9003162384, 27.4808158875, 28.0613155365, 28.6534233093, 29.2339229584, 29.8144207001, 30.4065303802, 30.9986381531, 31.567527771, 32.1480255127, 32.7285270691, 33.3206329346, 33.901134491, 34.4932403564, 35.0853500366, 35.6658477783, 36.2579574585, 36.8268470764, 37.4073448181, 37.9878463745, 38.5683441162, 39.1488418579, 39.7293434143, 40.3214492798, 40.8903388977, 41.4824485779, 42.0629463196, 42.6434440613, 43.2123336792, 43.7928352356, 44.3965530396]
},
"tonal": {
    "chords_changes_rate": 0.0689300447702,
    "chords_number_rate": 0.0113168722019,
    "chords_strength": {
        "mean": 0.485880374908,
        "var": 0.0082932729274
    },
    "hpcp_entropy": {
        "mean": 1.73654794693,
        "var": 0.315437585115
    },
    "key_strength": 0.739867150784,
    "tuning_diatonic_strength": 0.473334699869,
    "tuning_equal_tempered_deviation": 0.184620738029,
    "tuning_frequency": 437.213165283,
    "tuning_nontempered_energy_ratio": 0.9509999156,
    "hpcp": {
        "mean": [0.0436096042395, 0.0479235090315, 0.0548025257885, 0.0626828595996, 0.0639243721962, 0.0611853934824, 0.068467207253, 0.12253497541, 0.227654635906, 0.252651870251, 0.138827428222, 0.0389438793063, 0.0127858119085, 0.00582444341853, 0.00464603910223, 0.00998833030462, 0.0111780324951, 0.0144272502512, 0.0616165809333, 0.0671146884561, 0.0329858958721, 0.0714732035995, 0.0883269011974, 0.0575495921075, 0.0923640504479, 0.102711632848, 0.0528012961149, 0.0600631311536, 0.154879659414, 0.300926953554, 0.282051295042, 0.125152423978, 0.0426940396428, 0.0260355435312, 0.0281073730439, 0.0345331318676],
        "var": [0.0287904124707, 0.0303752459586, 0.0371308475733, 0.0423786118627, 0.0416050665081, 0.0412965156138, 0.0358899533749, 0.0576819516718, 0.110804103315, 0.139164477587, 0.0636236742139, 0.013997361064, 0.00515030231327, 0.00233688205481, 0.00238047819585, 0.00593973696232, 0.00524378055707, 0.00179890845902, 0.034979365766, 0.0413742847741, 0.00814971327782, 0.0512284338474, 0.0688181594014, 0.0262434929609, 0.0472677610815, 0.0578201636672, 0.0210919640958, 0.0290413945913, 0.0699670016766, 0.162850871682, 0.130896940827, 0.0498126037419, 0.013887969777, 0.0130856540054, 0.0153725221753, 0.0216466467828]
    },
    "chords_histogram": [2.26337456703, 0, 1.54320991039, 9.67078208923, 0.514403283596, 0, 0, 0, 1.33744859695, 0, 7.51028823853, 0.720164597034, 0, 0, 0, 0.823045253754, 0.925925910473, 21.0905342102, 0, 1.85185182095, 2.36625504494, 1.23456788063, 41.872428894, 6.27572011948],
    "thpcp": [1, 0.937274932861, 0.415889710188, 0.141875088215, 0.0865178182721, 0.093402646482, 0.114755861461, 0.144917577505, 0.15925295651, 0.182112380862, 0.208299249411, 0.212424874306, 0.203323081136, 0.227521017194, 0.407191753387, 0.756511271, 0.839578747749, 0.461332648993, 0.129413068295, 0.042488090694, 0.019355006516, 0.0154390921816, 0.0331918783486, 0.0371453352273, 0.0479426980019, 0.204755932093, 0.223026514053, 0.109614297748, 0.237510144711, 0.293516099453, 0.191241070628, 0.30693179369, 0.341317504644, 0.175462171435, 0.19959372282, 0.51467525959],
    "chords_key": "F",
    "chords_scale": "major",
    "key_key": "C",
    "key_scale": "major"
}
}