{
"lowlevel": {
    "average_loudness": 0.963627636433,
    "barkbands_crest": {
        "mean": 17.243227005,
        "var": 32.0367774963
    },
    "barkbands_flatness_db": {
        "mean": 0.25128442049,
        "var": 0.00636478327215
    },
    "barkbands_kurtosis": {
        "mean": 20.4283027649,
        "var": 1107.09460449
    },
    "barkbands_skewness": {
        "mean": 3.25866413116,
        "var": 7.56117773056
    },
    "barkbands_spread": {
        "mean": 13.6615257263,
        "var": 227.128189087
    },
    "dissonance": {
        "mean": 0.432776629925,
        "var": 0.00457194261253
    },
    "dynamic_complexity": 2.00232481956,
    "erbbands_crest": {
        "mean": 11.4139518738,
        "var": 29.1441688538
    },
    "erbbands_flatness_db": {
        "mean": 0.184797883034,
        "var": 0.00830082595348
    },
    "erbbands_kurtosis": {
        "mean": 2.53300023079,
        "var": 27.7806606293
    },
    "erbbands_skewness": {
        "mean": 0.150129124522,
        "var": 1.63329696655
    },
    "erbbands_spread": {
        "mean": 46.562297821,
        "var": 1181.32385254
    },
    "hfc": {
        "mean": 21.3643379211,
        "var": 635.817626953
    },
    "melbands_crest": {
        "mean": 20.6319122314,
        "var": 32.5833129883
    },
    "melbands_flatness_db": {
        "mean": 0.338273823261,
        "var": 0.00937193166465
    },
    "melbands_kurtosis": {
        "mean": 65.7069549561,
        "var": 9114.59277344
    },
    "melbands_skewness": {
        "mean": 5.36000204086,
        "var": 19.0915527344
    },
    "melbands_spread": {
        "mean": 10.9827384949,
        "var": 222.056472778
    },
    "pitch_salience": {
        "mean": 0.327389717102,
        "var": 0.0193179547787
    },
    "silence_rate_20dB": {
        "mean": 0.991765320301,
        "var": 0.00816681049764
    },
    "silence_rate_30dB": {
        "mean": 0.911991775036,
        "var": 0.0802627950907
    },
    "silence_rate_60dB": {
        "mean": 0.00669068470597,
        "var": 0.00664597703144
    },
    "spectral_centroid": {
        "mean": 1232.66894531,
        "var": 985441.375
    },
    "spectral_complexity": {
        "mean": 11.7611942291,
        "var": 74.8796386719
    },
    "spectral_decrease": {
        "mean": -1.67498441783e-008,
        "var": 2.05948305479e-016
    },
    "spectral_energy": {
        "mean": 0.0651556551456,
        "var": 0.00302231009118
    },
    "spectral_energyband_high": {
        "mean": 0.00159781961702,
        "var": 1.43571132867e-005
    },
    "spectral_energyband_low": {
        "mean": 0.0515723899007,
        "var": 0.00284783449024
    },
    "spectral_energyband_middle_high": {
        "mean": 0.00178763933945,
        "var": 7.90016747487e-006
    },
    "spectral_energyband_middle_low": {
        "mean": 0.0103480704129,
        "var": 0.0001221238781
    },
    "spectral_entropy": {
        "mean": 7.14160823822,
        "var": 0.751527547836
    },
    "spectral_flux": {
        "mean": 0.0757059156895,
        "var": 0.00378758157603
    },
    "spectral_kurtosis": {
        "mean": 13.3501720428,
        "var": 966.022766113
    },
    "spectral_rms": {
        "mean": 0.0075178113766,
        "var": 7.04892318026e-006
    },
    "spectral_rolloff": {
        "mean": 670.09954834,
        "var": 1753728.875
    },
    "spectral_skewness": {
        "mean": 2.04956912994,
        "var": 4.55320072174
    },
    "spectral_spread": {
        "mean": 4670574.5,
        "var": 4.44973082214e+012
    },
    "spectral_strongpeak": {
        "mean": 0.91451138258,
        "var": 1.22317993641
    },
    "zerocrossingrate": {
        "mean": 0.0304621662945,
        "var": 0.00105837057345
    },
    "barkbands": {
        "mean": [0.0011438226793, 0.0436928272247, 0.00661817658693, 0.000531972560566, 0.00110332679469, 0.00171221699566, 0.00220463983715, 0.000895570905413, 0.00377015327103, 0.000496081775054, 0.000137850947795, 0.00012383084686, 0.000188285150216, 0.000131208609673, 0.000149154948303, 7.81449489295e-005, 7.72986750235e-005, 0.000139879324706, 0.000217298424104, 0.00030875345692, 0.000721718301065, 0.00032514432678, 0.000302458036458, 4.76261448057e-005, 2.47854841291e-005, 1.2693663848e-005, 7.53983158575e-007],
        "var": [4.9309642236e-006, 0.0024254033342, 0.000101610130514, 9.60631268754e-007, 4.74580292575e-006, 6.15127009951e-006, 1.22971669043e-005, 2.86369072455e-006, 6.02112231718e-005, 5.28306827619e-007, 1.41263470255e-007, 1.17145958711e-007, 1.37680524404e-006, 1.10921382657e-006, 1.26433542391e-006, 3.28861666787e-008, 2.08054551365e-008, 7.89216656472e-008, 1.72074095417e-007, 5.66179380712e-007, 3.83808173865e-006, 6.11486314028e-007, 9.15622308639e-007, 7.83244491487e-009, 6.75667077843e-010, 3.94311860941e-010, 6.79400155926e-012]
    },
    "erbbands": {
        "mean": [1.11634886265, 10.0662813187, 11.6385564804, 3.49744153023, 1.56665802002, 3.2040886879, 10.1948213577, 16.6396484375, 32.6705284119, 21.6596279144, 19.2553138733, 47.0421180725, 82.5276794434, 14.8445243835, 6.31737613678, 4.75502729416, 8.57654094696, 7.67703533173, 8.1836233139, 5.78536844254, 4.09278106689, 4.36653804779, 7.34568786621, 9.41933250427, 11.290476799, 18.2322387695, 26.2429027557, 25.5248222351, 12.4534521103, 11.8898000717, 6.24879598618, 1.95075333118, 0.578299224377, 0.290561914444, 0.176545232534, 0.0690561905503, 0.0222921036184, 0.00311762280762, 0.000121752702398, 7.67222736613e-005],
        "var": [2.36034703255, 123.049728394, 222.820205688, 16.1462078094, 11.3980741501, 34.5074882507, 484.274230957, 592.547790527, 2670.42089844, 1291.30200195, 1142.3963623, 7942.10693359, 29093.2636719, 520.186889648, 152.56022644, 209.278701782, 2562.44897461, 2317.34619141, 4737.515625, 676.826049805, 80.2187957764, 62.9999694824, 188.088485718, 389.3409729, 467.102844238, 2474.31567383, 6026.1171875, 4221.25292969, 905.804626465, 1349.98876953, 300.967132568, 18.4553794861, 0.965063512325, 0.0861135348678, 0.0423334427178, 0.00812791194767, 0.00166550651193, 5.98545266257e-005, 7.13464629598e-008, 3.81536757743e-009]
    },
    "gfcc": {
        "mean": [-29.5751342773, 109.989883423, -79.386138916, 44.9651451111, -64.0263214111, 27.3992137909, -6.54943799973, 21.4590778351, -6.08415842056, 10.7237253189, -8.38164234161, 1.11412155628, -5.32637023926],
        "cov": [[6629.81689453, -2335.78491211, -792.203063965, 2273.23364258, -174.748397827, -98.2392501831, -211.853012085, 260.26348877, -105.540710449, 224.501235962, -347.548431396, 252.497894287, -325.74206543], [-2335.78491211, 2923.60986328, 503.490936279, -1888.29907227, -76.4136428833, -115.142303467, 93.9991378784, -393.071502686, 165.297195435, -115.29535675, 363.463806152, -211.779663086, 310.925170898], [-792.203063965, 503.490936279, 729.653076172, -324.743041992, -111.768661499, 0.84438598156, 43.1482810974, -9.04244422913, -58.2747039795, -16.9706001282, 81.3133621216, 31.19049263, 84.4542236328], [2273.23364258, -1888.29907227, -324.743041992, 1732.20910645, 112.293060303, 47.2017822266, -54.5683250427, 278.447906494, -69.44090271, 18.7759437561, -201.474029541, 149.385650635, -194.034240723], [-174.748397827, -76.4136428833, -111.768661499, 112.293060303, 522.498962402, 167.717010498, -10.1369953156, 52.7421760559, 47.2832489014, -16.3835926056, -41.1674385071, -86.2809677124, -71.7432403564], [-98.2392501831, -115.142303467, 0.84438598156, 47.2017822266, 167.717010498, 238.218078613, 31.9690799713, 71.0999221802, -26.2091388702, -29.1123752594, -31.1510467529, -62.4645805359, -35.3242149353], [-211.853012085, 93.9991378784, 43.1482810974, -54.5683250427, -10.1369953156, 31.9690799713, 215.714691162, 40.7773361206, 26.857000351, -46.4814758301, 1.12379181385, -26.2896060944, -6.18467664719], [260.26348877, -393.071502686, -9.04244422913, 278.447906494, 52.7421760559, 71.0999221802, 40.7773361206, 219.886810303, -13.1656599045, -53.5458145142, -87.8478775024, -0.524886727333, -24.2007808685], [-105.540710449, 165.297195435, -58.2747039795, -69.44090271, 47.2832489014, -26.2091388702, 26.857000351, -13.1656599045, 116.393730164, 19.4050636292, 20.2748641968, -38.3039703369, 11.5592918396], [224.501235962, -115.29535675, -16.9706001282, 18.7759437561, -16.3835926056, -29.1123752594, -46.4814758301, -53.5458145142, 19.4050636292, 134.514846802, 32.1862297058, 33.1710395813, -30.5276241302], [-347.548431396, 363.463806152, 81.3133621216, -201.474029541, -41.1674385071, -31.1510467529, 1.12379181385, -87.8478775024, 20.2748641968, 32.1862297058, 157.883163452, 34.9969787598, 51.2729911804], [252.497894287, -211.779663086, 31.19049263, 149.385650635, -86.2809677124, -62.4645805359, -26.2896060944, -0.524886727333, -38.3039703369, 33.1710395813, 34.9969787598, 128.497619629, 15.2823286057], [-325.74206543, 310.925170898, 84.4542236328, -194.034240723, -71.7432403564, -35.3242149353, -6.18467664719, -24.2007808685, 11.5592918396, -30.5276241302, 51.2729911804, 15.2823286057, 113.289840698]],
        "icov": [[0.000599082035478, -0.0011354892049, 0.000666264561005, -0.00132559693884, 0.00059152895119, -0.000425923673902, 0.000169660488609, -0.000629369169474, 0.000695344060659, -0.00193360738922, 0.00193168851547, -0.00137460837141, 0.00090764410561], [-0.0011354892049, 0.00539165223017, -0.00223112944514, 0.00446994556114, -0.00162825081497, 0.00211395672522, -0.000330830400344, 0.00308766565286, -0.0030022598803, 0.00683639850467, -0.00749965570867, 0.00617203861475, -0.00376362842508], [0.000666264561005, -0.00223112944514, 0.00284566660412, -0.0017477752408, 0.000859982916154, -0.000851295131724, -0.000269021256827, -0.00190699554514, 0.0026526930742, -0.0035546803847, 0.00264176726341, -0.00264041987248, 0.000713401823305], [-0.00132559693884, 0.00446994556114, -0.0017477752408, 0.00540376221761, -0.00167156744283, 0.00155218772124, 1.31768920255e-005, 0.00146660779137, -0.00296945148148, 0.00656518572941, -0.00586405303329, 0.00294468691573, -0.00145298591815], [0.00059152895119, -0.00162825081497, 0.000859982916154, -0.00167156744283, 0.00382682750933, -0.00281351921149, 0.00119856779929, -0.000864275265485, -0.00130690447986, -0.00134952832013, 0.00224665715359, -0.00168636254966, 0.00307289231569], [-0.000425923673902, 0.00211395672522, -0.000851295131724, 0.00155218772124, -0.00281351921149, 0.00872326642275, -0.00132453790866, -0.00116391154006, 0.00350239640102, 0.00125116668642, -0.00465518189594, 0.00702273845673, -0.00197676359676], [0.000169660488609, -0.000330830400344, -0.000269021256827, 1.31768920255e-005, 0.00119856779929, -0.00132453790866, 0.00634981691837, -0.00116681936197, -0.00300500518642, 0.00256551802158, -0.000306799687678, -0.00124836317264, 0.00336750084534], [-0.000629369169474, 0.00308766565286, -0.00190699554514, 0.00146660779137, -0.000864275265485, -0.00116391154006, -0.00116681936197, 0.0104797929525, -0.00365459686145, 0.00621432345361, -0.000394758651964, 0.0015197689645, -0.00306442752481], [0.000695344060659, -0.0030022598803, 0.0026526930742, -0.00296945148148, -0.00130690447986, 0.00350239640102, -0.00300500518642, -0.00365459686145, 0.0177873354405, -0.00955976638943, 0.00130095472559, 0.00447205873206, -0.00308756669983], [-0.00193360738922, 0.00683639850467, -0.0035546803847, 0.00656518572941, -0.00134952832013, 0.00125116668642, 0.00256551802158, 0.00621432345361, -0.00955976638943, 0.0225468166173, -0.0111597087234, 0.00264294934459, 0.00232019438408], [0.00193168851547, -0.00749965570867, 0.00264176726341, -0.00586405303329, 0.00224665715359, -0.00465518189594, -0.000306799687678, -0.000394758651964, 0.00130095472559, -0.0111597087234, 0.0229061301798, -0.0140522625297, 0.00238315621391], [-0.00137460837141, 0.00617203861475, -0.00264041987248, 0.00294468691573, -0.00168636254966, 0.00702273845673, -0.00124836317264, 0.0015197689645, 0.00447205873206, 0.00264294934459, -0.0140522625297, 0.0254925210029, -0.00932469498366], [0.00090764410561, -0.00376362842508, 0.000713401823305, -0.00145298591815, 0.00307289231569, -0.00197676359676, 0.00336750084534, -0.00306442752481, -0.00308756669983, 0.00232019438408, 0.00238315621391, -0.00932469498366, 0.0207239631563]]
    },
    "melbands": {
        "mean": [0.0114606665447, 0.00900319218636, 0.000578842824325, 0.000140429270687, 0.000337355071679, 0.000348261208273, 0.000502270006109, 0.000235731393332, 0.000134346439154, 0.00042805672274, 0.000418853043811, 5.48271164007e-005, 2.23913248192e-005, 1.39771527756e-005, 9.26549364522e-006, 2.44254679274e-005, 1.25490578284e-005, 1.26408549477e-005, 1.04291621028e-005, 6.05670220466e-006, 4.29886722486e-006, 3.95483493776e-006, 6.05922059549e-006, 7.09813184585e-006, 7.43147711546e-006, 9.50941102928e-006, 7.94802963355e-006, 1.17977942864e-005, 1.55216312123e-005, 1.78829504875e-005, 1.25169781313e-005, 7.11242728357e-006, 6.0958168433e-006, 6.92397952662e-006, 3.80082360607e-006, 2.35652260017e-006, 6.90179490448e-007, 4.2696848368e-007, 2.83442830096e-007, 2.17138591552e-007],
        "var": [0.000192220395547, 9.00905724848e-005, 4.55897975371e-007, 6.54664589206e-008, 5.24132644841e-007, 2.54889869211e-007, 6.18979811406e-007, 1.3976368507e-007, 6.28501837241e-008, 7.55527025831e-007, 7.45949478187e-007, 1.07204281008e-008, 3.12979686612e-009, 1.20036680595e-009, 1.66792235579e-009, 2.51461340639e-008, 9.97033478001e-009, 1.26889316832e-008, 4.74145034346e-009, 3.3119756937e-010, 9.2314364486e-011, 6.25081861272e-011, 1.21891746696e-010, 2.25191462699e-010, 2.78906425732e-010, 3.36836586401e-010, 3.34322097784e-010, 9.82475656386e-010, 2.76296785451e-009, 2.40747288771e-009, 9.77067649011e-010, 3.55110024719e-010, 2.3128925164e-010, 6.14895523388e-010, 1.31485100585e-010, 4.15238919638e-011, 1.60184636822e-012, 8.65434731257e-013, 1.4179797744e-013, 5.21498094003e-014]
    },
    "mfcc": {
        "mean": [-680.797729492, 131.736801147, 40.3585166931, 33.8837661743, -9.73428344727, 16.4973945618, 8.30020236969, 16.9084873199, 12.4090833664, 17.0321769714, 12.3404321671, 5.51173877716, 3.34202885628],
        "cov": [[5676.92480469, -3519.71484375, -694.375061035, 1774.54016113, 169.221725464, 206.265884399, -271.699645996, 233.119155884, 68.1360626221, 62.5218238831, -32.6367340088, 125.904434204, 48.7419395447], [-3519.71484375, 3952.21679688, 492.534790039, -1475.13696289, -197.671585083, -172.072311401, -6.48995113373, -427.008300781, -161.586517334, -80.4212417603, 40.4374885559, -107.897140503, -4.74021339417], [-694.375061035, 492.534790039, 678.662109375, -112.054542542, -185.808380127, -122.896331787, 18.1199512482, -42.099937439, -48.0412330627, -86.8364181519, -68.6794509888, -18.133972168, 45.0261497498], [1774.54016113, -1475.13696289, -112.054542542, 923.570617676, 108.030906677, 45.370677948, -44.522983551, 210.841674805, 62.68151474, 1.59954035282, -39.9450263977, 73.8120574951, 32.8324928284], [169.221725464, -197.671585083, -185.808380127, 108.030906677, 417.433929443, 90.2930297852, 76.3915634155, 84.6299667358, 67.0490036011, 40.3847198486, 45.7276763916, -0.792858839035, -22.4061889648], [206.265884399, -172.072311401, -122.896331787, 45.370677948, 90.2930297852, 183.766647339, 58.6804580688, 14.391834259, 0.380995035172, 40.5602798462, 40.9348754883, 31.7560272217, -4.18024921417], [-271.699645996, -6.48995113373, 18.1199512482, -44.522983551, 76.3915634155, 58.6804580688, 185.018951416, 110.668464661, 40.2591667175, 15.0884637833, 33.7144355774, 6.04661369324, -15.1810321808], [233.119155884, -427.008300781, -42.099937439, 210.841674805, 84.6299667358, 14.391834259, 110.668464661, 234.467788696, 101.963951111, 20.8581619263, 7.75827312469, 10.6236381531, -29.0012531281], [68.1360626221, -161.586517334, -48.0412330627, 62.68151474, 67.0490036011, 0.380995035172, 40.2591667175, 101.963951111, 126.635795593, 60.9260101318, 17.9629383087, -13.0039730072, -30.4636154175], [62.5218238831, -80.4212417603, -86.8364181519, 1.59954035282, 40.3847198486, 40.5602798462, 15.0884637833, 20.8581619263, 60.9260101318, 103.269821167, 44.6272163391, -1.78567743301, -31.2157707214], [-32.6367340088, 40.4374885559, -68.6794509888, -39.9450263977, 45.7276763916, 40.9348754883, 33.7144355774, 7.75827312469, 17.9629383087, 44.6272163391, 75.8637390137, 23.5477657318, -3.47833347321], [125.904434204, -107.897140503, -18.133972168, 73.8120574951, -0.792858839035, 31.7560272217, 6.04661369324, 10.6236381531, -13.0039730072, -1.78567743301, 23.5477657318, 74.090133667, 37.0113716125], [48.7419395447, -4.74021339417, 45.0261497498, 32.8324928284, -22.4061889648, -4.18024921417, -15.1810321808, -29.0012531281, -30.4636154175, -31.2157707214, -3.47833347321, 37.0113716125, 93.3692626953]],
        "icov": [[0.000712948327418, 0.000273051176919, 0.000328318827087, -0.00101267849095, 0.000187472018297, -0.000443334371084, 0.000708717794623, 0.000342088140314, -2.91167521027e-006, 0.000265737093287, -0.000651625159662, 0.000621819926891, -9.67929881881e-005], [0.000273051176919, 0.000853776175063, -0.000258454092545, 0.000732097483706, -0.000161237257998, 4.63991600554e-005, 0.000565527006984, 0.000353235460352, -1.46628535731e-005, 0.000488412100822, -0.000711414613761, 8.8685497758e-005, 2.99029052258e-005], [0.000328318827087, -0.000258454092545, 0.00253808568232, -0.00109204906039, 0.000887383706868, 0.000859657942783, -0.00148165936116, 0.000902543833945, -0.000307368463837, 0.000558515836019, 0.00116327335127, 0.000372603099095, -0.00075151771307], [-0.00101267849095, 0.000732097483706, -0.00109204906039, 0.00539930956438, -0.00112750648987, 5.39491556992e-005, 0.00207229354419, -0.00358038838021, 0.000753828382585, -0.000573015480768, 0.00212596100755, -0.00280583975837, -0.00060368492268], [0.000187472018297, -0.000161237257998, 0.000887383706868, -0.00112750648987, 0.00358133483678, -0.00117608846631, -0.0010140533559, 0.000509534147568, -0.00164922070689, 0.00129559997004, -0.00165501283482, 0.0016947403783, -0.000175728317117], [-0.000443334371084, 4.63991600554e-005, 0.000859657942783, 5.39491556992e-005, -0.00117608846631, 0.00974788051099, -0.00482926471159, 0.0022490688134, 0.00239714910276, -0.0035638299305, 0.000580496853217, -0.00340576120652, 0.000830136530567], [0.000708717794623, 0.000565527006984, -0.00148165936116, 0.00207229354419, -0.0010140533559, -0.00482926471159, 0.0145782819018, -0.00899636000395, 0.00187076139264, 0.00116611609701, -0.00425059068948, 0.00156751088798, -0.00101852556691], [0.000342088140314, 0.000353235460352, 0.000902543833945, -0.00358038838021, 0.000509534147568, 0.0022490688134, -0.00899636000395, 0.0162406936288, -0.00966084189713, 0.0045313835144, 0.000243739894358, -0.00238735345192, 0.00378618901595], [-2.91167521027e-006, -1.46628535731e-005, -0.000307368463837, 0.000753828382585, -0.00164922070689, 0.00239714910276, 0.00187076139264, -0.00966084189713, 0.0211390890181, -0.0122677218169, 0.00114665739238, 0.0031499734614, -0.00151137763169], [0.000265737093287, 0.000488412100822, 0.000558515836019, -0.000573015480768, 0.00129559997004, -0.0035638299305, 0.00116611609701, 0.0045313835144, -0.0122677218169, 0.0235356148332, -0.0109637202695, 0.00143708556425, 0.00445454893634], [-0.000651625159662, -0.000711414613761, 0.00116327335127, 0.00212596100755, -0.00165501283482, 0.000580496853217, -0.00425059068948, 0.000243739894358, 0.00114665739238, -0.0109637202695, 0.0274099707603, -0.0104271890596, -0.000127972249174], [0.000621819926891, 8.8685497758e-005, 0.000372603099095, -0.00280583975837, 0.0016947403783, -0.00340576120652, 0.00156751088798, -0.00238735345192, 0.0031499734614, 0.00143708556425, -0.0104271890596, 0.0253913812339, -0.00869093649089], [-9.67929881881e-005, 2.99029052258e-005, -0.00075151771307, -0.00060368492268, -0.000175728317117, 0.000830136530567, -0.00101852556691, 0.00378618901595, -0.00151137763169, 0.00445454893634, -0.000127972249174, -0.00869093649089, 0.0167787689716]]
    },
    "spectral_contrast_coeffs": {
        "mean": [-0.640786111355, -0.705181896687, -0.706517457962, -0.800867199898, -0.80282497406, -0.721713125706],
        "var": [0.00535048358142, 0.0104176141322, 0.00986478663981, 0.00198215944692, 0.00353228230961, 0.00749137112871]
    },
    "spectral_contrast_valleys": {
        "mean": [-7.11928510666, -7.06307458878, -7.83429050446, -8.46793842316, -8.28044700623, -10.7421665192],
        "var": [1.1079300642, 1.06991493702, 0.728395760059, 1.1228069067, 1.99353659153, 1.40735161304]
    }
},
"metadata": {
    "audio_properties": {
        "analysis_sample_rate": 44100,
        "bit_rate": 109631,
        "equal_loudness": 0,
        "length": 45.0873451233,
        "lossless": 0,
        "replay_gain": -6.97162246704,
        "sample_rate": 44100,
        "codec": "mp3",
        "downmix": "mix",
        "md5_encoded": "0e80e9105585f91eae153b91e6dbf418"
    },
    "tags": {
        "file_name": "647.mp3"
    },
    "version": {
        "essentia": "2.1-beta2",
        "essentia_git_sha": "v2.1_beta2",
        "extractor": "music 1.0"
    }
},
"rhythm": {
    "beats_count": 65,
    "beats_loudness": {
        "mean": 0.0767631828785,
        "var": 0.00264112045988
    },
    "bpm": 87.9986114502,
    "bpm_histogram_first_peak_bpm": {
        "mean": 88,
        "var": 0
    },
    "bpm_histogram_first_peak_spread": {
        "mean": 0.09375,
        "var": 0
    },
    "bpm_histogram_first_peak_weight": {
        "mean": 0.90625,
        "var": 0
    },
    "bpm_histogram_second_peak_bpm": {
        "mean": 0,
        "var": 0
    },
    "bpm_histogram_second_peak_spread": {
        "mean": 0,
        "var": 0
    },
    "bpm_histogram_second_peak_weight": {
        "mean": 0,
        "var": 0
    },
    "danceability": 1.50245332718,
    "onset_rate": 5.07706928253,
    "beats_loudness_band_ratio": {
        "mean": [0.718428909779, 0.0525459609926, 0.14105348289, 0.016270654276, 0.0118660060689, 0.0646162107587],
        "var": [0.0755324587226, 0.00846695154905, 0.0357597358525, 0.000468799291411, 0.000226925360039, 0.00473560625687]
    },
    "beats_position": [0.66176867485, 1.34675729275, 2.02013611794, 2.69351458549, 3.3785033226, 4.06349182129, 4.73687076569, 5.42185926437, 6.10684776306, 6.78022670746, 7.46521520615, 8.15020370483, 8.82358264923, 9.50857162476, 10.1935596466, 10.866938591, 11.5519275665, 12.2369155884, 12.9219045639, 13.6068935394, 14.2918815613, 14.9768705368, 15.6502494812, 16.3468475342, 17.0202255249, 17.693605423, 18.3785934448, 19.0635814667, 19.7369613647, 20.4219493866, 21.1069393158, 21.7919273376, 22.4769153595, 23.1619052887, 23.8352832794, 24.5202713013, 25.1936511993, 25.8786392212, 26.563627243, 27.2370071411, 27.921995163, 28.6069831848, 29.2803630829, 29.9537410736, 30.6387290955, 31.3237190247, 32.0203170776, 32.7053070068, 33.3670730591, 34.0404510498, 34.725440979, 35.4104309082, 36.0954170227, 36.7804069519, 37.4653968811, 38.1503829956, 38.8353729248, 39.5087509155, 40.1937408447, 40.8903388977, 41.5637168884, 42.2370948792, 42.9104766846, 43.6070747375, 44.3036727905]
},
"tonal": {
    "chords_changes_rate": 0.0452674888074,
    "chords_number_rate": 0.00823045242578,
    "chords_strength": {
        "mean": 0.4648642838,
        "var": 0.00755930133164
    },
    "hpcp_entropy": {
        "mean": 1.52838969231,
        "var": 0.530559718609
    },
    "key_strength": 0.562703609467,
    "tuning_diatonic_strength": 0.470391273499,
    "tuning_equal_tempered_deviation": 0.0548290684819,
    "tuning_frequency": 441.017791748,
    "tuning_nontempered_energy_ratio": 0.649080693722,
    "hpcp": {
        "mean": [0.142745122313, 0.0823812410235, 0.0432934053242, 0.0399089492857, 0.0361676700413, 0.0903221741319, 0.153633281589, 0.115525886416, 0.0653979405761, 0.0547392144799, 0.0679704099894, 0.148109778762, 0.165824666619, 0.0817530751228, 0.0348734520376, 0.0338563285768, 0.0439033433795, 0.0580325424671, 0.0466181188822, 0.0403920151293, 0.121382780373, 0.1740552634, 0.12840218842, 0.134685575962, 0.103581994772, 0.0288978479803, 0.122192636132, 0.239119663835, 0.1502725631, 0.0395781733096, 0.0286574456841, 0.0288203451782, 0.0486784018576, 0.0732263028622, 0.0686932727695, 0.108884379268],
        "var": [0.0703491419554, 0.0274427030236, 0.0277495849878, 0.0247464124113, 0.0191391073167, 0.0396106429398, 0.0899089872837, 0.0559913665056, 0.0404321961105, 0.0343508459628, 0.0341049544513, 0.0871267616749, 0.078923843801, 0.0293826572597, 0.0197118576616, 0.0216515455395, 0.0268561802804, 0.0397926196456, 0.0306592993438, 0.015089482069, 0.0646652504802, 0.108992673457, 0.0540953166783, 0.0777463018894, 0.050868537277, 0.0110752042383, 0.0433465130627, 0.143618166447, 0.0623548030853, 0.0186005104333, 0.0187312588096, 0.0167712382972, 0.027271643281, 0.0481346398592, 0.0386291220784, 0.0460163466632]
    },
    "chords_histogram": [16.0493831635, 1.85185182095, 4.11522626877, 0, 18.1069965363, 0, 2.16049385071, 0, 0, 0, 0, 0, 0, 0, 0, 0, 0, 0, 0, 0.102880656719, 0, 6.79012346268, 3.90946507454, 46.9135818481],
    "thpcp": [1, 0.628440856934, 0.16551618278, 0.119845628738, 0.120526872575, 0.203573390841, 0.306232869625, 0.287275701761, 0.455355197191, 0.596961021423, 0.344518899918, 0.181053310633, 0.166899487376, 0.151253432035, 0.377727925777, 0.642495393753, 0.483130007982, 0.27349460125, 0.228919759393, 0.28425270319, 0.619396090508, 0.693479835987, 0.341891884804, 0.145841002464, 0.141587391496, 0.183604076505, 0.242692470551, 0.194957271218, 0.168919667602, 0.507623553276, 0.727900266647, 0.536978781223, 0.56325596571, 0.433180570602, 0.120850987732, 0.511010408401],
    "chords_key": "F#",
    "chords_scale": "minor",
    "key_key": "A",
    "key_scale": "major"
}
}