{
"lowlevel": {
    "average_loudness": 0.930358231068,
    "barkbands_crest": {
        "mean": 13.5834245682,
        "var": 24.716840744
    },
    "barkbands_flatness_db": {
        "mean": 0.275010585785,
        "var": 0.00708316918463
    },
    "barkbands_kurtosis": {
        "mean": 9.09548187256,
        "var": 517.114135742
    },
    "barkbands_skewness": {
        "mean": 1.42944288254,
        "var": 3.81572413445
    },
    "barkbands_spread": {
        "mean": 8.51957130432,
        "var": 27.1994571686
    },
    "dissonance": {
        "mean": 0.381852775812,
        "var": 0.00518452422693
    },
    "dynamic_complexity": 4.35042524338,
    "erbbands_crest": {
        "mean": 14.7001466751,
        "var": 31.5592708588
    },
    "erbbands_flatness_db": {
        "mean": 0.266945898533,
        "var": 0.00586772756651
    },
    "erbbands_kurtosis": {
        "mean": 2.33778309822,
        "var": 27.9194278717
    },
    "erbbands_skewness": {
        "mean": 0.622734963894,
        "var": 0.813767373562
    },
    "erbbands_spread": {
        "mean": 16.5415668488,
        "var": 123.523490906
    },
    "hfc": {
        "mean": 15.5471067429,
        "var": 235.202072144
    },
    "melbands_crest": {
        "mean": 16.977230072,
        "var": 32.4310684204
    },
    "melbands_flatness_db": {
        "mean": 0.351008176804,
        "var": 0.00943809840828
    },
    "melbands_kurtosis": {
        "mean": 12.8629770279,
        "var": 617.407409668
    },
    "melbands_skewness": {
        "mean": 1.81381046772,
        "var": 3.83168911934
    },
    "melbands_spread": {
        "mean": 11.842171669,
        "var": 80.0129699707
    },
    "pitch_salience": {
        "mean": 0.420933544636,
        "var": 0.0125096645206
    },
    "silence_rate_20dB": {
        "mean": 1,
        "var": 0
    },
    "silence_rate_30dB": {
        "mean": 0.996912002563,
        "var": 0.00307847256772
    },
    "silence_rate_60dB": {
        "mean": 0.0905815735459,
        "var": 0.0823764428496
    },
    "spectral_centroid": {
        "mean": 654.57611084,
        "var": 238968.5625
    },
    "spectral_complexity": {
        "mean": 9.11991786957,
        "var": 26.6169719696
    },
    "spectral_decrease": {
        "mean": -7.34320204643e-009,
        "var": 3.43162858522e-017
    },
    "spectral_energy": {
        "mean": 0.0291250795126,
        "var": 0.000541428977158
    },
    "spectral_energyband_high": {
        "mean": 3.23769199895e-005,
        "var": 4.60531346391e-009
    },
    "spectral_energyband_low": {
        "mean": 0.00882005132735,
        "var": 0.000154214038048
    },
    "spectral_energyband_middle_high": {
        "mean": 0.00529583124444,
        "var": 4.62705356767e-005
    },
    "spectral_energyband_middle_low": {
        "mean": 0.0154401436448,
        "var": 0.00022893671121
    },
    "spectral_entropy": {
        "mean": 6.33003473282,
        "var": 0.454650551081
    },
    "spectral_flux": {
        "mean": 0.0683290064335,
        "var": 0.0020340224728
    },
    "spectral_kurtosis": {
        "mean": 22.4626731873,
        "var": 305.442352295
    },
    "spectral_rms": {
        "mean": 0.00481856940314,
        "var": 5.19614059158e-006
    },
    "spectral_rolloff": {
        "mean": 774.232299805,
        "var": 826967.3125
    },
    "spectral_skewness": {
        "mean": 3.33645200729,
        "var": 1.33862757683
    },
    "spectral_spread": {
        "mean": 2524643,
        "var": 3.38262543565e+012
    },
    "spectral_strongpeak": {
        "mean": 1.5146023035,
        "var": 2.37448406219
    },
    "zerocrossingrate": {
        "mean": 0.0281820967793,
        "var": 0.000625562504865
    },
    "barkbands": {
        "mean": [6.22124116489e-006, 0.00721977138892, 0.00136297976132, 0.000349377922248, 0.00232453504577, 0.0015837920364, 0.00140638591256, 0.00331733399071, 0.00574085861444, 0.00156579760369, 0.000680210068822, 0.00160594435874, 0.00103467714507, 0.000237250744249, 0.000261128268903, 0.000240364563069, 7.87381068221e-005, 3.70972120436e-005, 3.28338246618e-005, 1.19789092423e-005, 1.00205934359e-005, 5.87729391555e-006, 3.44893942383e-006, 3.18654610965e-006, 3.18185811921e-006, 1.98816542252e-006, 1.40745996191e-007],
        "var": [2.55851145825e-010, 0.000137514842208, 2.30278465096e-006, 3.40790990094e-007, 2.20514448301e-005, 1.24573925859e-005, 1.72380750882e-005, 3.67094871763e-005, 8.37903862703e-005, 1.64146931638e-005, 4.83714029542e-006, 7.70136830397e-006, 7.45153101889e-006, 1.33492176246e-006, 3.41343707078e-007, 4.34895014223e-007, 4.75360266705e-008, 7.92595589161e-009, 6.60495658167e-009, 8.43359548863e-010, 4.20428053483e-010, 1.47047374277e-010, 6.26738244636e-011, 6.60001081565e-011, 1.01156222287e-010, 7.95499013884e-011, 3.38970632162e-013]
    },
    "erbbands": {
        "mean": [0.119032397866, 1.89376199245, 2.4009013176, 1.33050441742, 2.85582351685, 9.76380634308, 11.8754577637, 12.1132774353, 17.6057987213, 27.8340606689, 107.134613037, 144.228164673, 59.645324707, 43.725643158, 28.7910442352, 80.7448730469, 53.471370697, 16.5587329865, 11.5729980469, 15.042517662, 9.72996330261, 3.39407467842, 2.28512334824, 1.78918409348, 1.41405856609, 0.568512737751, 0.409887254238, 0.372166603804, 0.232119336724, 0.141294077039, 0.0849472954869, 0.0688413903117, 0.0513281002641, 0.0348638631403, 0.0234628785402, 0.0095021026209, 0.00356656638905, 0.00060476717772, 3.09911119984e-005, 3.35473960149e-005],
        "var": [0.0427383184433, 9.19638824463, 6.8297624588, 2.64221596718, 33.9400100708, 493.017700195, 1041.36633301, 896.051635742, 1641.76696777, 3937.27416992, 32063.4003906, 64901.7695313, 15504.9833984, 16749.546875, 6616.82421875, 17252.7363281, 14380.5546875, 4389.69335938, 992.557861328, 848.478088379, 488.543548584, 52.2760353088, 32.6339149475, 20.0372753143, 13.442694664, 1.7377063036, 0.853850901127, 0.503501594067, 0.226630479097, 0.10032530874, 0.0416723787785, 0.0286579951644, 0.0188541971147, 0.0104765715078, 0.00625524902716, 0.00153382867575, 0.000276839535218, 6.20648506811e-006, 5.3499493724e-009, 7.12030046035e-010]
    },
    "gfcc": {
        "mean": [-106.820335388, 159.356231689, -117.345420837, 1.17809462547, -40.0496101379, 12.9672269821, -21.6931591034, 7.20365524292, -10.9037637711, -0.399730652571, -12.5784778595, -11.6114759445, -6.44450998306],
        "cov": [[11107.5517578, -998.610412598, -1950.95812988, -811.039245605, -681.606933594, 215.109939575, -147.50378418, 138.881072998, -345.40512085, 214.587402344, -224.269348145, 346.791870117, -173.755218506], [-998.610412598, 1400.61804199, 281.861450195, -13.3296117783, 338.182128906, -92.1755828857, 380.005096436, 30.3021869659, 313.709075928, -86.710975647, 288.430847168, -149.286453247, 185.73651123], [-1950.95812988, 281.861450195, 1401.74304199, 642.851013184, 275.675964355, 65.6514282227, -176.557495117, -98.8952026367, -52.780380249, 4.18083810806, 47.464679718, 103.041175842, 125.267860413], [-811.039245605, -13.3296117783, 642.851013184, 561.127075195, 140.967681885, 46.4731864929, -192.750595093, -95.2353820801, -68.6828460693, -8.84554004669, -13.6550941467, 53.5868377686, 65.7320327759], [-681.606933594, 338.182128906, 275.675964355, 140.967681885, 329.969238281, 65.8650131226, 143.895248413, 33.5416030884, 123.856414795, -1.83578824997, 60.0371589661, -79.5067138672, 6.64597892761], [215.109939575, -92.1755828857, 65.6514282227, 46.4731864929, 65.8650131226, 185.85559082, 77.8406066895, 58.9593811035, 28.4044132233, 53.0406417847, -16.5293636322, -20.2584323883, -59.2108573914], [-147.50378418, 380.005096436, -176.557495117, -192.750595093, 143.895248413, 77.8406066895, 439.822357178, 171.139968872, 245.33946228, 30.039516449, 101.012298584, -135.462234497, -49.8424835205], [138.881072998, 30.3021869659, -98.8952026367, -95.2353820801, 33.5416030884, 58.9593811035, 171.139968872, 176.964324951, 130.768936157, 39.8194160461, 8.62701129913, -42.456577301, -28.6254692078], [-345.40512085, 313.709075928, -52.780380249, -68.6828460693, 123.856414795, 28.4044132233, 245.33946228, 130.768936157, 275.361877441, 42.270111084, 74.8493728638, -106.857917786, -13.0435943604], [214.587402344, -86.710975647, 4.18083810806, -8.84554004669, -1.83578824997, 53.0406417847, 30.039516449, 39.8194160461, 42.270111084, 123.054924011, 37.8617210388, 31.3098201752, -28.7031135559], [-224.269348145, 288.430847168, 47.464679718, -13.6550941467, 60.0371589661, -16.5293636322, 101.012298584, 8.62701129913, 74.8493728638, 37.8617210388, 184.739883423, 31.3963031769, 58.1343460083], [346.791870117, -149.286453247, 103.041175842, 53.5868377686, -79.5067138672, -20.2584323883, -135.462234497, -42.456577301, -106.857917786, 31.3098201752, 31.3963031769, 205.350219727, 100.05242157], [-173.755218506, 185.73651123, 125.267860413, 65.7320327759, 6.64597892761, -59.2108573914, -49.8424835205, -28.6254692078, -13.0435943604, -28.7031135559, 58.1343460083, 100.05242157, 238.490234375]],
        "icov": [[0.000201520640985, -0.000361581041943, 0.000422948272899, -8.38477935758e-005, 0.000105277460534, -0.000454184977571, 0.000209774516406, -0.000288571143756, 0.000363739469321, -0.000440178759163, 0.000495783227962, -0.000657548196614, 0.000244805793045], [-0.000361581041943, 0.00366756250151, -0.00158579193521, 0.000941409321968, -0.0010968693532, 0.00175943085924, -0.00167072773911, 0.00202148989774, -0.00222623231821, 0.00298946769908, -0.0038615425583, 0.00296380813234, -0.00224947487004], [0.000422948272899, -0.00158579193521, 0.00283006695099, -0.00203021592461, -0.000430940155638, -0.00124019745272, 0.000885449524503, -0.00106341100764, 0.00129299378023, -0.00155551219359, 0.00163835124113, -0.00245797005482, 0.000893053482287], [-8.38477935758e-005, 0.000941409321968, -0.00203021592461, 0.00515453377739, -0.00140987685882, -0.00107448187191, 0.00189368519932, 0.00122442445718, -0.00129961571656, 0.00103505293373, -0.000957440177444, 0.0011672093533, -0.00103610090446], [0.000105277460534, -0.0010968693532, -0.000430940155638, -0.00140987685882, 0.00656017754227, -0.00181695795618, -0.00115696410649, 0.000308277201839, -0.000733759894501, 0.000115282186016, 0.000221583963139, 0.000667989719659, 0.000346667715348], [-0.000454184977571, 0.00175943085924, -0.00124019745272, -0.00107448187191, -0.00181695795618, 0.010642294772, -0.00365095818415, -0.000899045553524, 0.00125890551135, -0.00229307031259, 0.000162106734933, 0.00160950457212, 0.000146451580804], [0.000209774516406, -0.00167072773911, 0.000885449524503, 0.00189368519932, -0.00115696410649, -0.00365095818415, 0.00960139743984, -0.00445620622486, -0.00193259946536, 0.000630148046184, -0.00207446562126, 0.000706194899976, 0.00124407641124], [-0.000288571143756, 0.00202148989774, -0.00106341100764, 0.00122442445718, 0.000308277201839, -0.000899045553524, -0.00445620622486, 0.0140889370814, -0.00605364516377, 0.000452370761195, 0.0013535451144, -0.000566834642086, -0.0014043218689], [0.000363739469321, -0.00222623231821, 0.00129299378023, -0.00129961571656, -0.000733759894501, 0.00125890551135, -0.00193259946536, -0.00605364516377, 0.012956943363, -0.00587360886857, 0.000826498959213, 0.00245252554305, -0.000348279892933], [-0.000440178759163, 0.00298946769908, -0.00155551219359, 0.00103505293373, 0.000115282186016, -0.00229307031259, 0.000630148046184, 0.000452370761195, -0.00587360886857, 0.0165504850447, -0.00652765436098, -0.00150398327969, 0.0013891349081], [0.000495783227962, -0.0038615425583, 0.00163835124113, -0.000957440177444, 0.000221583963139, 0.000162106734933, -0.00207446562126, 0.0013535451144, 0.000826498959213, -0.00652765436098, 0.0143498564139, -0.00646342197433, 0.0010081307264], [-0.000657548196614, 0.00296380813234, -0.00245797005482, 0.0011672093533, 0.000667989719659, 0.00160950457212, 0.000706194899976, -0.000566834642086, 0.00245252554305, -0.00150398327969, -0.00646342197433, 0.0153846563771, -0.00628298055381], [0.000244805793045, -0.00224947487004, 0.000893053482287, -0.00103610090446, 0.000346667715348, 0.000146451580804, 0.00124407641124, -0.0014043218689, -0.000348279892933, 0.0013891349081, 0.0010081307264, -0.00628298055381, 0.00859618466347]]
    },
    "melbands": {
        "mean": [0.00165847875178, 0.00181710347533, 0.000232757171034, 0.00048066015006, 0.000411119166529, 0.00027796564973, 0.000294298806693, 0.000332898489432, 0.000961308192927, 0.00086883775657, 0.00026407407131, 0.00017292945995, 8.03229850135e-005, 0.000157921836944, 0.000219474284677, 6.21154322289e-005, 2.82080891338e-005, 1.57694303198e-005, 1.91104682017e-005, 2.32736019825e-005, 8.71532847668e-006, 3.851625479e-006, 2.39326482188e-006, 1.76911555627e-006, 1.39700148338e-006, 1.13523537948e-006, 7.08284801476e-007, 3.00861501046e-007, 2.43428701197e-007, 2.37701513583e-007, 2.17885144593e-007, 1.45447486943e-007, 8.44790761789e-008, 7.45212460629e-008, 4.77185082559e-008, 4.57390392228e-008, 3.99142159324e-008, 3.76965658688e-008, 3.02605442926e-008, 2.87931118947e-008],
        "var": [7.78451067163e-006, 5.50538379684e-006, 6.27586160817e-008, 1.31037836582e-006, 9.47913861182e-007, 4.37304663592e-007, 5.34436424005e-007, 4.54743542377e-007, 2.32287061408e-006, 2.60984120359e-006, 3.66247491002e-007, 3.13919940709e-007, 6.63804442524e-008, 7.91881120676e-008, 1.69720067333e-007, 2.38718182999e-008, 2.18543760866e-008, 2.63851651638e-009, 1.56494928127e-009, 3.94605592646e-009, 4.25004614835e-010, 8.32860030942e-011, 3.59199232858e-011, 2.7466686911e-011, 1.5583853652e-011, 7.09246029962e-012, 3.85961878777e-012, 5.9933194475e-013, 3.12642164761e-013, 2.95501416305e-013, 1.94778004489e-013, 9.78221342362e-014, 3.73993845333e-014, 3.06969314063e-014, 1.4302064917e-014, 1.36350036012e-014, 1.0700857755e-014, 1.07202641268e-014, 7.66980117519e-015, 8.59144840774e-015]
    },
    "mfcc": {
        "mean": [-757.340759277, 190.73600769, -6.59069395065, 9.31896018982, 6.85699272156, 6.91660547256, 2.05628609657, 3.14370799065, 8.28700828552, 6.74230003357, 6.96484231949, 5.50267696381, 0.968639671803],
        "cov": [[8834.43945313, -389.42779541, -1792.90759277, -757.800415039, -845.324035645, -164.406997681, -150.933273315, -109.795272827, -161.062240601, -225.477584839, -92.3532867432, 2.92852735519, 47.0929603577], [-389.42779541, 1141.23364258, 88.6535568237, 74.3344116211, 60.2811851501, -29.0064182281, 137.221099854, 122.407485962, 119.514556885, 106.313644409, 93.4980545044, 140.529266357, 109.08531189], [-1792.90759277, 88.6535568237, 1048.21472168, 359.12612915, 404.742950439, 174.228393555, 51.4864120483, 10.4475078583, -48.768447876, -7.4130730629, -126.505973816, -134.226760864, -17.3553237915], [-757.800415039, 74.3344116211, 359.12612915, 301.364440918, 241.579788208, 102.466033936, 34.8028678894, 6.90019989014, -5.29534244537, 17.0398349762, -26.0062408447, -50.5768508911, -5.69560813904], [-845.324035645, 60.2811851501, 404.742950439, 241.579788208, 360.621520996, 134.912307739, 34.0479125977, 9.5794467926, -14.5135326385, 24.6838169098, -38.4717521667, -73.7351989746, -37.2793312073], [-164.406997681, -29.0064182281, 174.228393555, 102.466033936, 134.912307739, 174.710861206, 57.3278770447, 10.4724464417, -3.71392774582, 29.3599243164, 28.4325180054, -5.84552049637, -7.94913864136], [-150.933273315, 137.221099854, 51.4864120483, 34.8028678894, 34.0479125977, 57.3278770447, 147.457672119, 56.9492416382, 19.2635822296, 42.4804420471, 43.9666748047, 44.7675247192, 37.2567977905], [-109.795272827, 122.407485962, 10.4475078583, 6.90019989014, 9.5794467926, 10.4724464417, 56.9492416382, 118.251190186, 73.3073730469, 61.68516922, 77.3649978638, 54.325466156, 24.7100849152], [-161.062240601, 119.514556885, -48.768447876, -5.29534244537, -14.5135326385, -3.71392774582, 19.2635822296, 73.3073730469, 193.085403442, 121.060722351, 82.3224563599, 68.151260376, 6.43010282516], [-225.477584839, 106.313644409, -7.4130730629, 17.0398349762, 24.6838169098, 29.3599243164, 42.4804420471, 61.68516922, 121.060722351, 206.480422974, 168.37121582, 74.6777191162, 22.5083389282], [-92.3532867432, 93.4980545044, -126.505973816, -26.0062408447, -38.4717521667, 28.4325180054, 43.9666748047, 77.3649978638, 82.3224563599, 168.37121582, 325.767456055, 179.230728149, 52.3103103638], [2.92852735519, 140.529266357, -134.226760864, -50.5768508911, -73.7351989746, -5.84552049637, 44.7675247192, 54.325466156, 68.151260376, 74.6777191162, 179.230728149, 241.045028687, 111.543540955], [47.0929603577, 109.08531189, -17.3553237915, -5.69560813904, -37.2793312073, -7.94913864136, 37.2567977905, 24.7100849152, 6.43010282516, 22.5083389282, 52.3103103638, 111.543540955, 173.349517822]],
        "icov": [[0.000221145615797, -4.22371158493e-005, 0.000376333598979, 0.000122635625303, 0.000259662570897, -0.000532858888619, 0.000229149954976, -0.000191116589122, 0.000239174609305, -3.23399617628e-005, 0.000195167245693, 0.000203350675292, -0.000176806934178], [-4.22371158493e-005, 0.00122135470156, -0.000134188914672, -0.000232120524743, -0.000418826879468, 0.00106855982449, -0.00100674084388, -0.000337042903993, -0.000422645331128, -8.36146209622e-005, 9.84419020824e-005, -0.000489609432407, -0.000242942624027], [0.000376333598979, -0.000134188914672, 0.00266377185471, -0.000975161616225, -0.00068570667645, -0.00144522218034, 0.000567302049603, -0.000940012629144, 0.000876936130226, -0.000415853806771, 0.00104907085188, 0.000632907205727, -0.000687164894771], [0.000122635625303, -0.000232120524743, -0.000975161616225, 0.00830312259495, -0.00391084421426, -0.000790823309217, -0.00033515584073, 0.000903270673007, -0.000934901821893, 0.000837337574922, -0.000806467607617, 0.00114116922487, -0.0012110756943], [0.000259662570897, -0.000418826879468, -0.00068570667645, -0.00391084421426, 0.00861839856952, -0.00366423325613, 0.00129675143398, -0.00128574727569, 0.00158936053049, -0.00179316196591, 0.00129755400121, 0.000204033858608, 0.00123686692677], [-0.000532858888619, 0.00106855982449, -0.00144522218034, -0.000790823309217, -0.00366423325613, 0.0118402177468, -0.00478242710233, 0.0020427685231, -0.00106717378367, 0.000567407580093, -0.00221343385056, -0.000596708559897, 0.000811069679912], [0.000229149954976, -0.00100674084388, 0.000567302049603, -0.00033515584073, 0.00129675143398, -0.00478242710233, 0.0116291325539, -0.0052183251828, 0.00271781603806, -0.00220171990804, 0.00192776019685, -0.00101130909752, -0.000824822403956], [-0.000191116589122, -0.000337042903993, -0.000940012629144, 0.000903270673007, -0.00128574727569, 0.0020427685231, -0.0052183251828, 0.0156333688647, -0.00581026962027, 0.00230089295655, -0.00375254731625, 0.00100543594453, -0.000687984575052], [0.000239174609305, -0.000422645331128, 0.000876936130226, -0.000934901821893, 0.00158936053049, -0.00106717378367, 0.00271781603806, -0.00581026962027, 0.0121130291373, -0.00786968972534, 0.0042668916285, -0.00341143761761, 0.00227508554235], [-3.23399617628e-005, -8.36146209622e-005, -0.000415853806771, 0.000837337574922, -0.00179316196591, 0.000567407580093, -0.00220171990804, 0.00230089295655, -0.00786968972534, 0.0145713537931, -0.00792997423559, 0.00379692600109, -0.00181739719119], [0.000195167245693, 9.84419020824e-005, 0.00104907085188, -0.000806467607617, 0.00129755400121, -0.00221343385056, 0.00192776019685, -0.00375254731625, 0.0042668916285, -0.00792997423559, 0.0106455935165, -0.00643208390102, 0.00205943360925], [0.000203350675292, -0.000489609432407, 0.000632907205727, 0.00114116922487, 0.000204033858608, -0.000596708559897, -0.00101130909752, 0.00100543594453, -0.00341143761761, 0.00379692600109, -0.00643208390102, 0.0123451817781, -0.00592487491667], [-0.000176806934178, -0.000242942624027, -0.000687164894771, -0.0012110756943, 0.00123686692677, 0.000811069679912, -0.000824822403956, -0.000687984575052, 0.00227508554235, -0.00181739719119, 0.00205943360925, -0.00592487491667, 0.00978209078312]]
    },
    "spectral_contrast_coeffs": {
        "mean": [-0.642212927341, -0.640645503998, -0.658258736134, -0.73386734724, -0.784882366657, -0.773478925228],
        "var": [0.0073917703703, 0.0141000086442, 0.0169421117753, 0.00786466989666, 0.00336068379693, 0.00229171151295]
    },
    "spectral_contrast_valleys": {
        "mean": [-7.77415180206, -7.53458833694, -8.44690990448, -8.68099594116, -9.45474147797, -12.4038467407],
        "var": [1.51798009872, 1.53531503677, 1.58922195435, 1.73779463768, 1.55361402035, 1.49225735664]
    }
},
"metadata": {
    "audio_properties": {
        "analysis_sample_rate": 44100,
        "bit_rate": 108265,
        "equal_loudness": 0,
        "length": 45.0873451233,
        "lossless": 0,
        "replay_gain": -9.94793510437,
        "sample_rate": 44100,
        "codec": "mp3",
        "downmix": "mix",
        "md5_encoded": "cd2b8988bd6796a5dcd70676de7dc41b"
    },
    "tags": {
        "file_name": "648.mp3"
    },
    "version": {
        "essentia": "2.1-beta2",
        "essentia_git_sha": "v2.1_beta2",
        "extractor": "music 1.0"
    }
},
"rhythm": {
    "beats_count": 74,
    "beats_loudness": {
        "mean": 0.0414440669119,
        "var": 0.000594214303419
    },
    "bpm": 99.9364242554,
    "bpm_histogram_first_peak_bpm": {
        "mean": 99,
        "var": 0
    },
    "bpm_histogram_first_peak_spread": {
        "mean": 0.356164366007,
        "var": 0
    },
    "bpm_histogram_first_peak_weight": {
        "mean": 0.643835604191,
        "var": 0
    },
    "bpm_histogram_second_peak_bpm": {
        "mean": 0,
        "var": 0
    },
    "bpm_histogram_second_peak_spread": {
        "mean": 0,
        "var": 0
    },
    "bpm_histogram_second_peak_weight": {
        "mean": 0,
        "var": 0
    },
    "danceability": 1.19908738136,
    "onset_rate": 4.54497480392,
    "beats_loudness_band_ratio": {
        "mean": [0.212241947651, 0.320033788681, 0.322577774525, 0.13873668015, 0.0312821343541, 0.00307839713059],
        "var": [0.047565612942, 0.0688295736909, 0.0592573918402, 0.0178373325616, 0.00119787326548, 1.34480433189e-005]
    },
    "beats_position": [0.603718817234, 1.21904754639, 1.83437633514, 2.4497051239, 3.04181408882, 3.62231278419, 4.23764181137, 4.85297060013, 5.45668935776, 6.06040811539, 6.65251684189, 7.24462556839, 7.83673477173, 8.42884349823, 9.03256225586, 9.63628101349, 10.22838974, 10.8204984665, 11.4009971619, 11.9931058884, 12.6084346771, 13.2237634659, 13.8390922546, 14.4428119659, 15.0465307236, 15.6502494812, 16.242357254, 16.8460769653, 17.4381847382, 18.0186843872, 18.6340141296, 19.2377319336, 19.8414516449, 20.4335594177, 21.0256690979, 21.6177768707, 22.221496582, 22.8019943237, 23.405714035, 24.0210418701, 24.6247615814, 25.2284793854, 25.8205890656, 26.4243087769, 27.0164165497, 27.620136261, 28.2354640961, 28.8391838074, 29.4429016113, 30.0466213226, 30.6503391266, 31.2540588379, 31.8461666107, 32.4382743835, 33.0419960022, 33.6457138062, 34.2494316101, 34.8415412903, 35.4336509705, 36.0373687744, 36.6178665161, 37.2215881348, 37.8369140625, 38.4406356812, 39.0327415466, 39.6364631653, 40.216960907, 40.8206787109, 41.4243965149, 42.0281181335, 42.6318359375, 43.2355537415, 43.8392753601, 44.4429931641]
},
"tonal": {
    "chords_changes_rate": 0.091563783586,
    "chords_number_rate": 0.00925925932825,
    "chords_strength": {
        "mean": 0.48884537816,
        "var": 0.0122433975339
    },
    "hpcp_entropy": {
        "mean": 1.54587948322,
        "var": 0.401518136263
    },
    "key_strength": 0.686571896076,
    "tuning_diatonic_strength": 0.591999471188,
    "tuning_equal_tempered_deviation": 0.126270845532,
    "tuning_frequency": 441.272583008,
    "tuning_nontempered_energy_ratio": 0.799513876438,
    "hpcp": {
        "mean": [0.149823352695, 0.139527305961, 0.166181236506, 0.156871244311, 0.0699909925461, 0.0259354356676, 0.0276300422847, 0.0370787233114, 0.0695745721459, 0.0796360373497, 0.0523686036468, 0.042348343879, 0.047576777637, 0.0776578262448, 0.215610310435, 0.266896933317, 0.161594197154, 0.143498137593, 0.139012306929, 0.0914574638009, 0.115535452962, 0.122370406985, 0.0855228081346, 0.116705052555, 0.126136407256, 0.0659685879946, 0.0504223629832, 0.0587197616696, 0.0815814360976, 0.146868884563, 0.12244374305, 0.0424309000373, 0.0305611249059, 0.0492490790784, 0.0689927265048, 0.117338351905],
        "var": [0.0817533880472, 0.0653806626797, 0.0767747014761, 0.0814404189587, 0.0253141820431, 0.00685928575695, 0.0107392929494, 0.0137990964577, 0.0342724062502, 0.0378187634051, 0.0166099388152, 0.0119560081512, 0.0115556679666, 0.0204406287521, 0.0865456163883, 0.129631862044, 0.0580635368824, 0.0771250575781, 0.0778816714883, 0.0356941260397, 0.0630910247564, 0.0695576071739, 0.037186216563, 0.069408595562, 0.0808651149273, 0.0228577777743, 0.0300204176456, 0.035287104547, 0.0363248996437, 0.0897478982806, 0.0626592561603, 0.0121793774888, 0.0121851889417, 0.0300861261785, 0.0378652513027, 0.0615809597075]
    },
    "chords_histogram": [4.62962961197, 9.36213970184, 28.7037029266, 0, 0.720164597034, 0.308641970158, 0.205761313438, 1.85185182095, 0.823045253754, 14.1975307465, 11.4197530746, 8.43621444702, 0.720164597034, 0, 6.89300394058, 10.9053497314, 0, 0, 0, 0.308641970158, 0, 0.514403283596, 0, 0],
    "thpcp": [1, 0.605455458164, 0.537653744221, 0.520846426487, 0.342669606209, 0.432884156704, 0.458493113518, 0.320433825254, 0.437266379595, 0.472603440285, 0.247168779373, 0.188920721412, 0.22000913322, 0.305666446686, 0.550283133984, 0.45876789093, 0.15897859633, 0.114505343139, 0.184524714947, 0.258499503136, 0.439639180899, 0.561352849007, 0.522776007652, 0.622641980648, 0.587759613991, 0.262239784002, 0.097173973918, 0.103523269296, 0.138925254345, 0.260679543018, 0.298377484083, 0.196212828159, 0.158669278026, 0.178258985281, 0.290965586901, 0.80784112215],
    "chords_key": "D",
    "chords_scale": "minor",
    "key_key": "G",
    "key_scale": "minor"
}
}