{
"lowlevel": {
    "average_loudness": 0.575146555901,
    "barkbands_crest": {
        "mean": 12.3153419495,
        "var": 22.0521564484
    },
    "barkbands_flatness_db": {
        "mean": 0.185341760516,
        "var": 0.00242398050614
    },
    "barkbands_kurtosis": {
        "mean": 11.5132522583,
        "var": 467.417785645
    },
    "barkbands_skewness": {
        "mean": 2.03080224991,
        "var": 3.71034884453
    },
    "barkbands_spread": {
        "mean": 12.8358268738,
        "var": 126.480743408
    },
    "dissonance": {
        "mean": 0.423444867134,
        "var": 0.00231019826606
    },
    "dynamic_complexity": 6.88721990585,
    "erbbands_crest": {
        "mean": 14.0549325943,
        "var": 37.125087738
    },
    "erbbands_flatness_db": {
        "mean": 0.176530376077,
        "var": 0.00346216955222
    },
    "erbbands_kurtosis": {
        "mean": 3.56285953522,
        "var": 17.5415687561
    },
    "erbbands_skewness": {
        "mean": 1.28051841259,
        "var": 0.731024682522
    },
    "erbbands_spread": {
        "mean": 31.3566017151,
        "var": 555.527587891
    },
    "hfc": {
        "mean": 12.0709457397,
        "var": 306.820709229
    },
    "melbands_crest": {
        "mean": 14.7355699539,
        "var": 24.0327548981
    },
    "melbands_flatness_db": {
        "mean": 0.259853184223,
        "var": 0.00332426140085
    },
    "melbands_kurtosis": {
        "mean": 22.7162914276,
        "var": 1287.6887207
    },
    "melbands_skewness": {
        "mean": 2.54577279091,
        "var": 5.75285005569
    },
    "melbands_spread": {
        "mean": 13.468755722,
        "var": 156.059494019
    },
    "pitch_salience": {
        "mean": 0.496377021074,
        "var": 0.0135153317824
    },
    "silence_rate_20dB": {
        "mean": 1,
        "var": 0
    },
    "silence_rate_30dB": {
        "mean": 0.998970150948,
        "var": 0.00102881132625
    },
    "silence_rate_60dB": {
        "mean": 0.314624100924,
        "var": 0.215633884072
    },
    "spectral_centroid": {
        "mean": 840.808166504,
        "var": 245042.65625
    },
    "spectral_complexity": {
        "mean": 7.50051498413,
        "var": 24.5176849365
    },
    "spectral_decrease": {
        "mean": -4.57908289064e-009,
        "var": 2.86900183926e-017
    },
    "spectral_energy": {
        "mean": 0.0183773841709,
        "var": 0.000468417652883
    },
    "spectral_energyband_high": {
        "mean": 0.000113294452603,
        "var": 2.78436349532e-008
    },
    "spectral_energyband_low": {
        "mean": 0.00429559824988,
        "var": 7.35851353966e-005
    },
    "spectral_energyband_middle_high": {
        "mean": 0.00536233559251,
        "var": 0.000151941479999
    },
    "spectral_energyband_middle_low": {
        "mean": 0.00896703824401,
        "var": 0.000118583862786
    },
    "spectral_entropy": {
        "mean": 7.09597826004,
        "var": 0.285129636526
    },
    "spectral_flux": {
        "mean": 0.0498744882643,
        "var": 0.0020079400856
    },
    "spectral_kurtosis": {
        "mean": 5.649310112,
        "var": 12.9166202545
    },
    "spectral_rms": {
        "mean": 0.00349156488664,
        "var": 5.73813031224e-006
    },
    "spectral_rolloff": {
        "mean": 908.493591309,
        "var": 1848738.125
    },
    "spectral_skewness": {
        "mean": 1.9187296629,
        "var": 0.275575429201
    },
    "spectral_spread": {
        "mean": 5268123.5,
        "var": 3.77810478694e+012
    },
    "spectral_strongpeak": {
        "mean": 1.41272723675,
        "var": 4.33653259277
    },
    "zerocrossingrate": {
        "mean": 0.0450423099101,
        "var": 0.00100083916914
    },
    "barkbands": {
        "mean": [1.60604759003e-005, 0.00314048747532, 0.00091022613924, 0.000486232776893, 0.00125231361017, 0.00128060334828, 0.000782998569775, 0.00196254556067, 0.00287208450027, 0.00163816532586, 0.00183540245052, 0.000616679550149, 0.000409161177231, 0.000509248115122, 0.000203482573852, 9.96223679977e-005, 3.02891985484e-005, 0.000113743102702, 8.61018634168e-005, 3.49457404809e-005, 1.73080843524e-005, 1.74978013092e-005, 1.94648091565e-005, 1.35661493914e-005, 1.74737560883e-005, 1.0586362805e-005, 1.10270536879e-006],
        "var": [1.18595999687e-009, 5.15488209203e-005, 2.88077512778e-006, 1.11343126719e-006, 4.16828015659e-006, 3.53970426659e-006, 4.07460629503e-006, 2.42812075157e-005, 5.23049675394e-005, 4.37975431851e-005, 5.81326930842e-005, 1.24587468235e-005, 4.70223540106e-006, 3.27801103595e-006, 5.03204205415e-007, 6.85330832084e-008, 3.04915359628e-009, 8.75933849898e-008, 5.47093428338e-008, 3.30452420982e-009, 1.22020060722e-009, 9.0248064577e-010, 7.69222074926e-010, 6.76949996059e-010, 1.11015430182e-009, 6.20817730557e-010, 2.97630323165e-011]
    },
    "erbbands": {
        "mean": [0.053492449224, 0.81328189373, 1.39188766479, 1.28097033501, 2.63501620293, 4.51529455185, 7.36040449142, 11.1503362656, 10.8923892975, 22.7804965973, 49.643283844, 67.2103271484, 43.3508262634, 57.42552948, 82.7535247803, 25.6961517334, 17.1679153442, 25.4474067688, 19.4510688782, 7.27651357651, 3.91570687294, 1.77169585228, 4.33565616608, 7.73284482956, 2.74579119682, 1.75556325912, 0.941691756248, 0.588739573956, 0.653412163258, 0.543582618237, 0.556524932384, 0.306058287621, 0.242966428399, 0.202010005713, 0.118770867586, 0.0463070273399, 0.0201198402792, 0.00408280687407, 0.000132661793032, 2.42314526986e-005],
        "var": [0.0128509951755, 3.5652551651, 7.14252185822, 5.57460260391, 37.022102356, 61.8088340759, 89.5850524902, 354.43536377, 734.923339844, 2846.75488281, 13541.4462891, 26246.1777344, 18270.7988281, 59324.7109375, 119867.835938, 12588.3583984, 6672.28222656, 9118.44628906, 4955.37890625, 346.474212646, 68.9296035767, 8.04302787781, 177.567626953, 387.671569824, 26.4793930054, 9.55755615234, 2.62679600716, 1.51218831539, 1.14567041397, 0.849482655525, 0.648656129837, 0.295545905828, 0.263334870338, 0.136656627059, 0.0542448423803, 0.0091500794515, 0.00284082442522, 0.000200271519134, 3.31403185783e-007, 7.75697950317e-010]
    },
    "gfcc": {
        "mean": [-83.7007141113, 92.9627685547, -88.7534255981, 20.952293396, -64.174659729, 9.77171802521, -37.3093833923, 18.8675765991, -22.8523044586, 7.54287338257, -13.9677848816, 1.86298573017, -12.856180191],
        "cov": [[10040.2949219, 1227.20068359, -1180.91564941, -717.513183594, 554.568664551, 387.296478271, 502.827819824, 34.9544563293, -111.607917786, -269.354705811, -234.342453003, -349.824523926, -270.480957031], [1227.20068359, 1046.90563965, -188.957519531, -118.863006592, 205.399856567, 11.2900085449, 167.854858398, -33.0076675415, 30.3600578308, -111.160873413, 1.703171134, -133.848205566, 16.5448665619], [-1180.91564941, -188.957519531, 1050.58459473, 536.242858887, -18.2326278687, -42.3312416077, -117.238693237, 20.0030670166, -18.3965396881, 23.6205024719, -85.7986679077, 50.6247024536, -3.40445542336], [-717.513183594, -118.863006592, 536.242858887, 619.62689209, 129.603256226, -12.3194198608, -45.3525886536, 30.3681659698, 20.4835910797, 10.7884254456, -53.6188583374, -2.39847707748, -16.2306251526], [554.568664551, 205.399856567, -18.2326278687, 129.603256226, 303.885345459, 112.347145081, 129.641921997, 15.1229743958, 1.58118236065, -39.4280662537, 0.371483296156, -45.8834075928, -60.0360145569], [387.296478271, 11.2900085449, -42.3312416077, -12.3194198608, 112.347145081, 185.237930298, 117.142524719, -0.548503220081, -22.3235702515, -9.3328962326, 29.1961078644, 8.33377742767, -23.1329364777], [502.827819824, 167.854858398, -117.238693237, -45.3525886536, 129.641921997, 117.142524719, 188.801223755, 28.591386795, 11.7156248093, -22.1081981659, 26.4537067413, -15.0039749146, -14.3528547287], [34.9544563293, -33.0076675415, 20.0030670166, 30.3681659698, 15.1229743958, -0.548503220081, 28.591386795, 105.862297058, 59.160823822, 24.5643901825, -6.55432605743, -3.68915057182, -2.25712442398], [-111.607917786, 30.3600578308, -18.3965396881, 20.4835910797, 1.58118236065, -22.3235702515, 11.7156248093, 59.160823822, 115.645065308, 34.7935028076, -17.0250759125, -28.6308460236, 16.1559658051], [-269.354705811, -111.160873413, 23.6205024719, 10.7884254456, -39.4280662537, -9.3328962326, -22.1081981659, 24.5643901825, 34.7935028076, 84.8643264771, 29.9744033813, 19.4155521393, 6.98020410538], [-234.342453003, 1.703171134, -85.7986679077, -53.6188583374, 0.371483296156, 29.1961078644, 26.4537067413, -6.55432605743, -17.0250759125, 29.9744033813, 113.661376953, 57.3094520569, 10.3452272415], [-349.824523926, -133.848205566, 50.6247024536, -2.39847707748, -45.8834075928, 8.33377742767, -15.0039749146, -3.68915057182, -28.6308460236, 19.4155521393, 57.3094520569, 109.808517456, 41.0298805237], [-270.480957031, 16.5448665619, -3.40445542336, -16.2306251526, -60.0360145569, -23.1329364777, -14.3528547287, -2.25712442398, 16.1559658051, 6.98020410538, 10.3452272415, 41.0298805237, 115.46509552]],
        "icov": [[0.000209511679714, -0.000266153190751, 0.000239453758695, 8.95816192497e-005, -7.09362575435e-005, -0.000354192045052, -1.40401425597e-005, -0.000392001064029, 0.000539191591088, -0.00026233488461, 0.000968012784142, -0.000239826506004, 0.000370230933186], [-0.000266153190751, 0.00258851260878, -0.000960357254371, 0.00080731412163, -0.00140338530764, 0.00213444139808, -0.001551076537, 0.00156434520613, -0.00153171946295, 0.00268324720673, -0.00364431203343, 0.00375890289433, -0.00233058119193], [0.000239453758695, -0.000960357254371, 0.00264239637181, -0.00205912464298, 0.00114632188343, -0.00117929524276, 0.000576585589442, -0.000978882773779, 0.00155451684259, -0.00150610285345, 0.00353423901834, -0.00276736984961, 0.00143955589738], [8.95816192497e-005, 0.00080731412163, -0.00205912464298, 0.00436021201313, -0.00329735781997, 0.000965151644778, 0.000670978741255, -3.7897258153e-005, -0.000721633259673, 0.000377911055693, -0.00053474388551, 0.00141407735646, -0.00116851856001], [-7.09362575435e-005, -0.00140338530764, 0.00114632188343, -0.00329735781997, 0.00872324593365, -0.00308226794004, -0.00231290701777, -0.000473482417874, -9.14854535949e-005, 0.00112919055391, 0.000104043683677, -0.000518133048899, 0.00334591558203], [-0.000354192045052, 0.00213444139808, -0.00117929524276, 0.000965151644778, -0.00308226794004, 0.0125720277429, -0.00722960755229, 0.00274290866219, 0.000595317280386, -0.000230486388318, -0.00282333022915, 0.000993152731098, -0.00113289395813], [-1.40401425597e-005, -0.001551076537, 0.000576585589442, 0.000670978741255, -0.00231290701777, -0.00722960755229, 0.0143540594727, -0.00426607485861, -0.00114996149205, 0.00188042595983, -0.00129457283765, -0.000647254928481, -0.000256238097791], [-0.000392001064029, 0.00156434520613, -0.000978882773779, -3.7897258153e-005, -0.000473482417874, 0.00274290866219, -0.00426607485861, 0.0164364166558, -0.00877886544913, -0.000537734304089, -0.000930548005272, -0.00130803289358, 0.000726761238184], [0.000539191591088, -0.00153171946295, 0.00155451684259, -0.000721633259673, -9.14854535949e-005, 0.000595317280386, -0.00114996149205, -0.00877886544913, 0.0192722007632, -0.00869714934379, 0.00529723288491, 0.0033749602735, -0.00266060279682], [-0.00026233488461, 0.00268324720673, -0.00150610285345, 0.000377911055693, 0.00112919055391, -0.000230486388318, 0.00188042595983, -0.000537734304089, -0.00869714934379, 0.0226604416966, -0.0109677789733, 0.00356312422082, -0.000662557955366], [0.000968012784142, -0.00364431203343, 0.00353423901834, -0.00053474388551, 0.000104043683677, -0.00282333022915, -0.00129457283765, -0.000930548005272, 0.00529723288491, -0.0109677789733, 0.0247229188681, -0.0143799064681, 0.00494475802407], [-0.000239826506004, 0.00375890289433, -0.00276736984961, 0.00141407735646, -0.000518133048899, 0.000993152731098, -0.000647254928481, -0.00130803289358, 0.0033749602735, 0.00356312422082, -0.0143799064681, 0.0251038838178, -0.00947945844382], [0.000370230933186, -0.00233058119193, 0.00143955589738, -0.00116851856001, 0.00334591558203, -0.00113289395813, -0.000256238097791, 0.000726761238184, -0.00266060279682, -0.000662557955366, 0.00494475802407, -0.00947945844382, 0.0145729007199]]
    },
    "melbands": {
        "mean": [0.000706161838025, 0.000906427740119, 0.000262292829575, 0.000257853564108, 0.000257415318629, 0.000246098032221, 0.000163576623891, 0.000287055940134, 0.000434614921687, 0.000412388821132, 0.000213472740143, 0.000228397388128, 0.000266425427981, 0.000122678480693, 3.17234407703e-005, 4.09975218645e-005, 4.82611612824e-005, 3.65275154763e-005, 1.02349695226e-005, 8.77014554135e-006, 3.6295919017e-006, 1.65157018728e-006, 2.03898275686e-006, 5.95461506236e-006, 6.59498437017e-006, 2.16356374949e-006, 1.42338274145e-006, 1.09827283268e-006, 6.10734218753e-007, 4.06103282558e-007, 3.16804118938e-007, 3.95454378577e-007, 2.94309785431e-007, 3.06525976157e-007, 3.39561012197e-007, 2.59533265989e-007, 1.59449101034e-007, 1.72980534785e-007, 1.57492465291e-007, 1.76076738967e-007],
        "var": [2.52006952906e-006, 3.4807103475e-006, 2.51592354061e-007, 1.92023264844e-007, 1.19367996376e-007, 1.63385820429e-007, 1.76914653593e-007, 4.88330158532e-007, 9.55809809966e-007, 1.13063367735e-006, 5.11989696861e-007, 1.10990151825e-006, 1.25190456401e-006, 3.01991263996e-007, 2.63460098182e-008, 5.66703732829e-008, 3.74475419562e-008, 2.06023873517e-008, 8.92563134514e-010, 6.46712128294e-010, 7.77065981006e-011, 8.15838542556e-012, 2.73186126498e-011, 3.033827356e-010, 3.40975386814e-010, 2.30447865651e-011, 6.57382048103e-012, 4.4423588072e-012, 1.0703867263e-012, 7.90752391951e-013, 4.72392307563e-013, 4.23981623464e-013, 2.99673209424e-013, 2.6048236376e-013, 2.17065338685e-013, 2.27453608248e-013, 9.30109803196e-014, 1.32777876151e-013, 1.28221774019e-013, 9.32700233236e-014]
    },
    "mfcc": {
        "mean": [-743.154174805, 128.483596802, 25.1673851013, 22.1830310822, 2.80396223068, -5.52325725555, -0.779782891273, 2.73783349991, -4.00597000122, 8.01165962219, 6.9736199379, -4.33559656143, -2.50186014175],
        "cov": [[8984.78613281, 1265.74951172, -1159.77856445, -359.490509033, -99.5871734619, 146.716369629, 308.709106445, 355.100280762, 152.572250366, 299.872283936, -66.5876693726, -382.998748779, 123.655296326], [1265.74951172, 971.124511719, -222.079376221, -49.6272010803, -24.4594211578, 15.1450748444, 70.5176010132, 72.8091278076, 17.8438587189, 71.0404510498, -0.458662748337, -91.6065979004, -22.6846141815], [-1159.77856445, -222.079376221, 790.206115723, 296.00958252, 142.037460327, 34.0654983521, -32.9177017212, -51.8424682617, 51.9748840332, -72.7344436646, -27.663225174, 64.0793228149, -46.2946968079], [-359.490509033, -49.6272010803, 296.00958252, 402.183166504, 191.684387207, 65.5255355835, 22.9210033417, 22.8608112335, 71.7428131104, -6.74639701843, -1.51645934582, 38.5897445679, 38.4718437195], [-99.5871734619, -24.4594211578, 142.037460327, 191.684387207, 186.942138672, 68.5223312378, 43.0215682983, 37.4126930237, 36.1246147156, 3.28421807289, 7.93736219406, 19.569185257, 36.3142776489], [146.716369629, 15.1450748444, 34.0654983521, 65.5255355835, 68.5223312378, 181.770599365, 116.203788757, 63.920463562, 3.35948395729, 0.730362355709, 6.25761890411, 8.89160251617, -8.56754398346], [308.709106445, 70.5176010132, -32.9177017212, 22.9210033417, 43.0215682983, 116.203788757, 179.134033203, 87.6845016479, -15.8408260345, -1.68806421757, 5.50714445114, 9.0532283783, 28.1378593445], [355.100280762, 72.8091278076, -51.8424682617, 22.8608112335, 37.4126930237, 63.920463562, 87.6845016479, 120.71434021, 29.8317737579, 11.2633371353, 4.39946842194, -2.75358438492, 32.2568664551], [152.572250366, 17.8438587189, 51.9748840332, 71.7428131104, 36.1246147156, 3.35948395729, -15.8408260345, 29.8317737579, 133.850967407, 55.1575546265, 7.9544095993, -15.1870498657, -20.2990570068], [299.872283936, 71.0404510498, -72.7344436646, -6.74639701843, 3.28421807289, 0.730362355709, -1.68806421757, 11.2633371353, 55.1575546265, 110.647888184, 46.5253181458, -11.8866176605, -20.9768352509], [-66.5876693726, -0.458662748337, -27.663225174, -1.51645934582, 7.93736219406, 6.25761890411, 5.50714445114, 4.39946842194, 7.9544095993, 46.5253181458, 100.984550476, 41.8449516296, -11.9381914139], [-382.998748779, -91.6065979004, 64.0793228149, 38.5897445679, 19.569185257, 8.89160251617, 9.0532283783, -2.75358438492, -15.1870498657, -11.8866176605, 41.8449516296, 110.912742615, 56.0578575134], [123.655296326, -22.6846141815, -46.2946968079, 38.4718437195, 36.3142776489, -8.56754398346, 28.1378593445, 32.2568664551, -20.2990570068, -20.9768352509, -11.9381914139, 56.0578575134, 177.246047974]],
        "icov": [[0.000210313810385, -0.000137972092489, 0.000125481441501, 8.56278711581e-005, 6.83083853801e-005, -0.000141477154102, -0.00013238437532, -0.000164748795214, -0.00016571112792, -0.000320288352668, 4.7117111535e-005, 0.000629681744613, -0.000372890208382], [-0.000137972092489, 0.00135819322895, 9.8851218354e-005, -0.000284022185951, 0.000170983359567, 0.000388173677493, -0.000367885862943, -0.000426728307502, 0.000391704030335, -0.000484521180624, -4.54265646113e-005, 0.000512572645675, 0.000299688894302], [0.000125481441501, 9.8851218354e-005, 0.00256594480015, -0.00122852099594, -0.000757186615374, 7.08871157258e-005, -0.000223921946599, 0.000944378902204, -0.00109533208888, 0.00134424539283, 0.00106518960092, -0.00152162252925, 0.00147083785851], [8.56278711581e-005, -0.000284022185951, -0.00122852099594, 0.00630611367524, -0.00483912695199, -0.000594304641709, 0.000142820703331, 0.000668622436933, -0.00212523341179, 0.000347479508491, 0.000206407697988, -0.000314608128974, -0.00105622992851], [6.83083853801e-005, 0.000170983359567, -0.000757186615374, -0.00483912695199, 0.0124932853505, -0.00257423194125, -4.91529244755e-005, -0.00130958284717, 7.22248732927e-005, -0.000732919492293, -0.00199868669733, 0.00247481884435, -0.00260692392476], [-0.000141477154102, 0.000388173677493, 7.08871157258e-005, -0.000594304641709, -0.00257423194125, 0.0115944687277, -0.00637476239353, -0.00155982933939, 0.000694250571541, -0.000182672054507, 0.00113206682727, -0.00210624979809, 0.00347989681177], [-0.00013238437532, -0.000367885862943, -0.000223921946599, 0.000142820703331, -4.91529244755e-005, -0.00637476239353, 0.0138496840373, -0.00682550948113, 0.00359787186608, -0.00057473522611, -5.71415039303e-005, -0.00062420766335, -0.000761153583881], [-0.000164748795214, -0.000426728307502, 0.000944378902204, 0.000668622436933, -0.00130958284717, -0.00155982933939, -0.00682550948113, 0.0175078473985, -0.00618006335571, 0.00293138530105, -0.00161337084137, 0.00100656982977, -0.00253578042611], [-0.00016571112792, 0.000391704030335, -0.00109533208888, -0.00212523341179, 7.22248732927e-005, 0.000694250571541, 0.00359787186608, -0.00618006335571, 0.0142338378355, -0.00765665480867, 0.00220015551895, 4.79521077068e-006, 0.00178388599306], [-0.000320288352668, -0.000484521180624, 0.00134424539283, 0.000347479508491, -0.000732919492293, -0.000182672054507, -0.00057473522611, 0.00293138530105, -0.00765665480867, 0.01849248074, -0.00852366257459, 0.00186578044668, 0.000283698318526], [4.7117111535e-005, -4.54265646113e-005, 0.00106518960092, 0.000206407697988, -0.00199868669733, 0.00113206682727, -5.71415039303e-005, -0.00161337084137, 0.00220015551895, -0.00852366257459, 0.0191107485443, -0.0106075638905, 0.00484688766301], [0.000629681744613, 0.000512572645675, -0.00152162252925, -0.000314608128974, 0.00247481884435, -0.00210624979809, -0.00062420766335, 0.00100656982977, 4.79521077068e-006, 0.00186578044668, -0.0106075638905, 0.0209103934467, -0.00850224029273], [-0.000372890208382, 0.000299688894302, 0.00147083785851, -0.00105622992851, -0.00260692392476, 0.00347989681177, -0.000761153583881, -0.00253578042611, 0.00178388599306, 0.000283698318526, 0.00484688766301, -0.00850224029273, 0.0110917808488]]
    },
    "spectral_contrast_coeffs": {
        "mean": [-0.690867125988, -0.659679710865, -0.695522606373, -0.774006128311, -0.804298877716, -0.789161384106],
        "var": [0.00694045703858, 0.00980521645397, 0.0162829104811, 0.0084838969633, 0.00248634326272, 0.0014316450106]
    },
    "spectral_contrast_valleys": {
        "mean": [-7.89402580261, -7.68562841415, -8.76330566406, -9.11390399933, -8.74660396576, -11.149479866],
        "var": [1.97356641293, 1.29475414753, 1.13383364677, 0.866860210896, 0.868111073971, 0.9778855443]
    }
},
"metadata": {
    "audio_properties": {
        "analysis_sample_rate": 44100,
        "bit_rate": 111951,
        "equal_loudness": 0,
        "length": 45.0612258911,
        "lossless": 0,
        "replay_gain": -12.5546722412,
        "sample_rate": 44100,
        "codec": "mp3",
        "downmix": "mix",
        "md5_encoded": "d6a236fb066329481a21dc33d513dac2"
    },
    "tags": {
        "file_name": "649.mp3"
    },
    "version": {
        "essentia": "2.1-beta2",
        "essentia_git_sha": "v2.1_beta2",
        "extractor": "music 1.0"
    }
},
"rhythm": {
    "beats_count": 88,
    "beats_loudness": {
        "mean": 0.0270117986947,
        "var": 0.000653106777463
    },
    "bpm": 125.540138245,
    "bpm_histogram_first_peak_bpm": {
        "mean": 126,
        "var": 0
    },
    "bpm_histogram_first_peak_spread": {
        "mean": 0.589743614197,
        "var": 0
    },
    "bpm_histogram_first_peak_weight": {
        "mean": 0.183908045292,
        "var": 0
    },
    "bpm_histogram_second_peak_bpm": {
        "mean": 115,
        "var": 0
    },
    "bpm_histogram_second_peak_spread": {
        "mean": 0.571428537369,
        "var": 0
    },
    "bpm_histogram_second_peak_weight": {
        "mean": 0.172413796186,
        "var": 0
    },
    "danceability": 1.11225283146,
    "onset_rate": 3.85967278481,
    "beats_loudness_band_ratio": {
        "mean": [0.31771799922, 0.216710433364, 0.27393296361, 0.161515578628, 0.0339865833521, 0.0252072922885],
        "var": [0.0845302417874, 0.0376899838448, 0.046047937125, 0.0543889403343, 0.00220285495743, 0.00398513255641]
    },
    "beats_position": [0.46439909935, 0.9287981987, 1.40480720997, 1.86920630932, 2.34521532059, 2.83283448219, 3.30884337425, 3.79646253586, 4.28408145905, 4.76009082794, 5.24770975113, 5.73532867432, 6.2229475975, 6.6989569664, 7.17496585846, 7.65097475052, 8.12698364258, 8.59138298035, 9.06739234924, 9.55501079559, 10.0310201645, 10.5186395645, 11.017868042, 11.505487442, 11.9814968109, 12.445895195, 12.9102945328, 13.3863039017, 13.8623123169, 14.3499317169, 14.8375511169, 15.3251695633, 15.8011789322, 16.2887973785, 16.7764167786, 17.2524261475, 17.7400455475, 18.2044448853, 18.6688423157, 19.1332416534, 19.6092510223, 20.1084804535, 20.6077098846, 21.1301574707, 21.640996933, 22.1634464264, 22.6858959198, 23.1851234436, 23.6959629059, 24.2184123993, 24.7408618927, 25.2633094788, 25.7973690033, 26.3198184967, 26.8422679901, 27.3763256073, 27.9103851318, 28.4792747498, 29.0481624603, 29.6170520782, 30.1511096954, 30.6967792511, 31.2308387756, 31.7648983002, 32.2873458862, 32.8097953796, 33.332244873, 33.8546943665, 34.3655319214, 34.8763694763, 35.3872108459, 35.9096603394, 36.4204978943, 36.9313354492, 37.4421768188, 37.9646263123, 38.4870758057, 39.0327415466, 39.5784111023, 40.124080658, 40.6697502136, 41.2154197693, 41.7494773865, 42.2835350037, 42.8175964355, 43.3516540527, 43.8857116699, 44.4197731018]
},
"tonal": {
    "chords_changes_rate": 0.0658436194062,
    "chords_number_rate": 0.0133744860068,
    "chords_strength": {
        "mean": 0.484290897846,
        "var": 0.00857120100409
    },
    "hpcp_entropy": {
        "mean": 1.46659946442,
        "var": 0.614461839199
    },
    "key_strength": 0.569394528866,
    "tuning_diatonic_strength": 0.514888763428,
    "tuning_equal_tempered_deviation": 0.0942304134369,
    "tuning_frequency": 434.946166992,
    "tuning_nontempered_energy_ratio": 0.761986970901,
    "hpcp": {
        "mean": [0.104956232011, 0.0715968236327, 0.0569687075913, 0.0541022121906, 0.0385679341853, 0.0413351170719, 0.0589800775051, 0.0645228102803, 0.115048661828, 0.184595227242, 0.157840818167, 0.1141788885, 0.104252979159, 0.0809678807855, 0.0994112789631, 0.164534807205, 0.143033072352, 0.0897479504347, 0.119425669312, 0.126186355948, 0.165329277515, 0.255325466394, 0.216882243752, 0.194994464517, 0.20540240407, 0.112834140658, 0.0571655742824, 0.0573842860758, 0.0471629947424, 0.0595180615783, 0.0874668806791, 0.0815715938807, 0.0955783650279, 0.0980760231614, 0.0659216418862, 0.0879228413105],
        "var": [0.0554381608963, 0.0249569863081, 0.0238277446479, 0.0212586726993, 0.0121192708611, 0.0107674775645, 0.0208217576146, 0.0218191109598, 0.0456588380039, 0.08076377213, 0.05906194821, 0.0553623475134, 0.0537973605096, 0.0395033918321, 0.0403126217425, 0.0861713439226, 0.070243448019, 0.038274385035, 0.0662448778749, 0.0711266696453, 0.0637928843498, 0.143490746617, 0.0939383283257, 0.0915095433593, 0.109035342932, 0.046614523977, 0.028810473159, 0.0280265510082, 0.0196500625461, 0.0245484299958, 0.0437750443816, 0.0307788271457, 0.0499506853521, 0.0494108498096, 0.0230998918414, 0.0436576455832]
    },
    "chords_histogram": [19.5473251343, 6.48148155212, 21.3991775513, 0.720164597034, 0, 1.13168728352, 1.74897122383, 0, 6.37860059738, 7.20164632797, 6.48148155212, 0, 2.05761313438, 0, 0, 0, 0, 0.102880656719, 8.84773635864, 5.14403295517, 0, 0, 6.37860059738, 6.37860059738],
    "thpcp": [1, 0.849434435368, 0.763709425926, 0.804472863674, 0.441922783852, 0.223892956972, 0.224749565125, 0.184717163444, 0.233106642962, 0.342570126057, 0.319480836391, 0.374339342117, 0.384121596813, 0.25818669796, 0.344355940819, 0.411068409681, 0.28041395545, 0.223121911287, 0.211895093322, 0.151054009795, 0.16189186275, 0.230999588966, 0.252708077431, 0.450596123934, 0.722980082035, 0.618194580078, 0.447189569473, 0.408314079046, 0.317116349936, 0.389351218939, 0.64441204071, 0.560199022293, 0.35150411725, 0.467738956213, 0.494217664003, 0.647523641586],
    "chords_key": "C",
    "chords_scale": "major",
    "key_key": "F",
    "key_scale": "major"
}
}