{
"lowlevel": {
    "average_loudness": 0.949605107307,
    "barkbands_crest": {
        "mean": 9.96364879608,
        "var": 19.0879154205
    },
    "barkbands_flatness_db": {
        "mean": 0.13959440589,
        "var": 0.00414938246831
    },
    "barkbands_kurtosis": {
        "mean": 6.63111066818,
        "var": 630.406982422
    },
    "barkbands_skewness": {
        "mean": 1.54673624039,
        "var": 3.13999223709
    },
    "barkbands_spread": {
        "mean": 22.2730903625,
        "var": 158.598754883
    },
    "dissonance": {
        "mean": 0.464427471161,
        "var": 0.00131515122484
    },
    "dynamic_complexity": 2.43039083481,
    "erbbands_crest": {
        "mean": 9.38254070282,
        "var": 24.5274600983
    },
    "erbbands_flatness_db": {
        "mean": 0.169067785144,
        "var": 0.00350432726555
    },
    "erbbands_kurtosis": {
        "mean": 0.924619495869,
        "var": 15.2624406815
    },
    "erbbands_skewness": {
        "mean": 0.0451960228384,
        "var": 1.18869268894
    },
    "erbbands_spread": {
        "mean": 35.6757278442,
        "var": 325.673736572
    },
    "hfc": {
        "mean": 16.4318885803,
        "var": 147.361129761
    },
    "melbands_crest": {
        "mean": 14.9790086746,
        "var": 36.5213241577
    },
    "melbands_flatness_db": {
        "mean": 0.204738378525,
        "var": 0.00548969069496
    },
    "melbands_kurtosis": {
        "mean": 16.7053279877,
        "var": 1606.56445313
    },
    "melbands_skewness": {
        "mean": 2.63228654861,
        "var": 4.6011595726
    },
    "melbands_spread": {
        "mean": 26.6575660706,
        "var": 439.396392822
    },
    "pitch_salience": {
        "mean": 0.567444205284,
        "var": 0.0190974026918
    },
    "silence_rate_20dB": {
        "mean": 1,
        "var": 0
    },
    "silence_rate_30dB": {
        "mean": 0.994335711002,
        "var": 0.00563230412081
    },
    "silence_rate_60dB": {
        "mean": 0.033985581249,
        "var": 0.032831158489
    },
    "spectral_centroid": {
        "mean": 1410.71411133,
        "var": 558871.5
    },
    "spectral_complexity": {
        "mean": 19.3748722076,
        "var": 121.840942383
    },
    "spectral_decrease": {
        "mean": -6.17395068403e-009,
        "var": 3.41128027302e-017
    },
    "spectral_energy": {
        "mean": 0.0247923713177,
        "var": 0.000521288486198
    },
    "spectral_energyband_high": {
        "mean": 0.000401855446398,
        "var": 2.97296281815e-007
    },
    "spectral_energyband_low": {
        "mean": 0.00866042543203,
        "var": 0.000152439839439
    },
    "spectral_energyband_middle_high": {
        "mean": 0.00437855999917,
        "var": 1.29589088829e-005
    },
    "spectral_energyband_middle_low": {
        "mean": 0.0136247789487,
        "var": 0.000319322105497
    },
    "spectral_entropy": {
        "mean": 7.42114019394,
        "var": 0.246898815036
    },
    "spectral_flux": {
        "mean": 0.0842667669058,
        "var": 0.00318123889156
    },
    "spectral_kurtosis": {
        "mean": 6.00006723404,
        "var": 30.1189994812
    },
    "spectral_rms": {
        "mean": 0.00452989945188,
        "var": 3.6676358377e-006
    },
    "spectral_rolloff": {
        "mean": 1519.64318848,
        "var": 1725949.125
    },
    "spectral_skewness": {
        "mean": 1.58713078499,
        "var": 0.330701857805
    },
    "spectral_spread": {
        "mean": 3866238.75,
        "var": 3.78554889011e+012
    },
    "spectral_strongpeak": {
        "mean": 1.04743564129,
        "var": 1.73010849953
    },
    "zerocrossingrate": {
        "mean": 0.0586468018591,
        "var": 0.00126631604508
    },
    "barkbands": {
        "mean": [0.000123067104141, 0.00322334724478, 0.00309660262428, 0.00364166032523, 0.00351183628663, 0.00189135386609, 0.00161046895664, 0.00100299122278, 0.00186599371955, 0.000372599257389, 0.000388492713682, 0.000333499483531, 0.000359318742994, 0.000290478375973, 0.000402194767958, 0.000588316470385, 0.00104946258944, 0.000313788186759, 0.000230217512581, 0.00016908152611, 0.000146137186675, 5.99157392571e-005, 3.81666504836e-005, 2.80759941234e-005, 1.91931103473e-005, 3.15556571877e-005, 4.55289000456e-006],
        "var": [1.07961426465e-007, 4.82013929286e-005, 3.92335532524e-005, 3.1220530218e-005, 4.74968474009e-005, 1.91569906747e-005, 1.72956915776e-005, 6.60942441755e-006, 2.20295132749e-005, 9.46586226291e-007, 6.16033787537e-007, 2.00230275027e-007, 2.28499942523e-007, 1.63566014066e-007, 2.03738039772e-007, 6.17737441644e-007, 1.86375712019e-006, 1.63916524798e-007, 1.38018179996e-007, 4.62715128435e-008, 6.53438902987e-008, 2.47828797484e-008, 7.25436377635e-009, 1.56745894042e-009, 6.23232465635e-010, 2.71815414621e-009, 9.20249987324e-011]
    },
    "erbbands": {
        "mean": [0.0663542672992, 0.830111324787, 3.28006505966, 9.27218055725, 11.9727296829, 10.8225889206, 11.9097166061, 16.2419242859, 22.5226039886, 22.4764957428, 23.7472629547, 52.3228759766, 16.9655647278, 12.0216150284, 17.7219963074, 14.7196903229, 14.5756454468, 17.5224456787, 23.9328422546, 21.4167060852, 42.0764389038, 48.8094558716, 21.8011875153, 13.5420999527, 10.9977483749, 7.89272737503, 6.91649055481, 4.21651220322, 2.19193196297, 1.80480849743, 0.971974015236, 0.660260915756, 0.401992410421, 0.260450780392, 0.118839293718, 0.0865562930703, 0.0667252242565, 0.0174074154347, 0.000494292355143, 3.9578138967e-005],
        "var": [0.0250636395067, 3.14624810219, 46.626121521, 143.168014526, 501.998962402, 534.78918457, 854.967163086, 1444.79431152, 2206.65209961, 5504.86767578, 3669.89331055, 17901.2910156, 1237.38977051, 389.816558838, 1143.0546875, 362.561645508, 327.922485352, 512.708740234, 765.85357666, 575.951904297, 2832.28564453, 3474.09692383, 640.434997559, 724.295654297, 180.375930786, 87.6976623535, 83.6595230103, 108.276802063, 28.6488189697, 34.3674316406, 3.35804653168, 1.09690737724, 0.328285425901, 0.121760725975, 0.0249636862427, 0.0174087714404, 0.013670111075, 0.00107778282836, 9.98008658826e-007, 1.26210775164e-009]
    },
    "gfcc": {
        "mean": [-11.7058916092, 96.4248199463, -125.210472107, 31.6955909729, -45.2275161743, -0.760869622231, -36.5231208801, 7.23923015594, -21.7252635956, 0.771443903446, -21.484790802, -0.548732221127, -13.7769851685],
        "cov": [[6601.11914063, -737.589416504, 117.490394592, 81.3264846802, -22.9635372162, 291.032928467, -268.862426758, 276.157775879, -314.759918213, 157.859451294, -292.830993652, 211.858123779, -264.655029297], [-737.589416504, 1645.22875977, -383.552398682, 64.8292922974, 43.9465789795, -278.681915283, 151.878189087, -201.376831055, 151.18309021, -235.784484863, 210.066665649, -230.102172852, 210.379058838], [117.490394592, -383.552398682, 1239.36914063, 67.8026504517, -24.9874382019, 143.023712158, -59.1423339844, 24.5422992706, -228.734130859, -36.4980392456, -147.139953613, 43.8259811401, -206.159622192], [81.3264846802, 64.8292922974, 67.8026504517, 433.358856201, 138.695007324, 90.8969039917, 26.9070835114, -12.695151329, -0.78920596838, -0.0122681772336, 33.7212944031, -15.676024437, 33.6008720398], [-22.9635372162, 43.9465789795, -24.9874382019, 138.695007324, 410.157165527, 47.9752464294, 73.0664596558, 43.3534431458, 55.2500457764, 101.386260986, 28.5559654236, 68.1439590454, 37.1223144531], [291.032928467, -278.681915283, 143.023712158, 90.8969039917, 47.9752464294, 236.978515625, 40.0282402039, 85.994392395, -49.7567596436, 37.540058136, -45.0712928772, 35.1424179077, -34.7189025879], [-268.862426758, 151.878189087, -59.1423339844, 26.9070835114, 73.0664596558, 40.0282402039, 155.953109741, 33.0573539734, 53.7360610962, -5.96234178543, 33.9430198669, -6.58582830429, 40.1644897461], [276.157775879, -201.376831055, 24.5422992706, -12.695151329, 43.3534431458, 85.994392395, 33.0573539734, 156.206481934, 16.298286438, 51.2773170471, -23.2502784729, 39.2379341125, -25.6077384949], [-314.759918213, 151.18309021, -228.734130859, -0.78920596838, 55.2500457764, -49.7567596436, 53.7360610962, 16.298286438, 171.219787598, 49.0812225342, 65.577583313, -5.4341635704, 74.5498809814], [157.859451294, -235.784484863, -36.4980392456, -0.0122681772336, 101.386260986, 37.540058136, -5.96234178543, 51.2773170471, 49.0812225342, 169.423904419, 21.6413326263, 84.4091262817, 7.14618396759], [-292.830993652, 210.066665649, -147.139953613, 33.7212944031, 28.5559654236, -45.0712928772, 33.9430198669, -23.2502784729, 65.577583313, 21.6413326263, 123.127906799, 18.6889743805, 65.8743591309], [211.858123779, -230.102172852, 43.8259811401, -15.676024437, 68.1439590454, 35.1424179077, -6.58582830429, 39.2379341125, -5.4341635704, 84.4091262817, 18.6889743805, 153.986755371, 8.79780387878], [-264.655029297, 210.379058838, -206.159622192, 33.6008720398, 37.1223144531, -34.7189025879, 40.1644897461, -25.6077384949, 74.5498809814, 7.14618396759, 65.8743591309, 8.79780387878, 125.812660217]],
        "icov": [[0.000296814541798, -0.000435676338384, 0.000261409062659, -0.000285923742922, 0.000270047428785, -0.000237906468101, 0.000506700889673, -0.00054930470651, 0.000436868955148, -0.000600173720159, 0.00107278616633, -0.000893095741048, 0.000714682042599], [-0.000435676338384, 0.002938733669, -0.000623111613095, 0.000758702284656, -0.00146536377724, 0.00158476887736, -0.00170696980786, 0.00141220889054, -0.000633766758256, 0.00330534344539, -0.00455950386822, 0.0039930511266, -0.00305622932501], [0.000261409062659, -0.000623111613095, 0.00160347484052, -0.00064575241413, 0.000365381129086, -0.000475134002045, 0.00023268777295, -0.000257603853242, 0.00117775530089, -0.000574616715312, 0.00178847427014, -0.00179675035179, 0.00255012302659], [-0.000285923742922, 0.000758702284656, -0.00064575241413, 0.00375988567248, -0.00177033245564, -0.00159068813082, 0.000382036436349, 0.00125508836936, -0.000428310682764, 0.00156404764857, -0.00313426577486, 0.00256390753202, -0.00208880123682], [0.000270047428785, -0.00146536377724, 0.000365381129086, -0.00177033245564, 0.00455678300932, -8.56097685755e-005, -0.00104227324482, -0.000867663184181, 0.000258780986769, -0.00370423658751, 0.00333103444427, -0.0031110115815, 0.00140840397216], [-0.000237906468101, 0.00158476887736, -0.000475134002045, -0.00159068813082, -8.56097685755e-005, 0.00898780208081, -0.00396902905777, -0.00251398351975, 0.00267248414457, -0.000478526926599, -4.3563235522e-005, 0.00159609189723, -0.00188848364633], [0.000506700889673, -0.00170696980786, 0.00023268777295, 0.000382036436349, -0.00104227324482, -0.00396902905777, 0.0116552710533, -0.00283087254502, -0.0020911169704, 0.00128273258451, 0.000338430370903, -0.00151832087431, 0.000209888152312], [-0.00054930470651, 0.00141220889054, -0.000257603853242, 0.00125508836936, -0.000867663184181, -0.00251398351975, -0.00283087254502, 0.0115935262293, -0.00356695405208, 0.000778716464993, -0.00102553982288, 0.000456939189462, 0.00112583499867], [0.000436868955148, -0.000633766758256, 0.00117775530089, -0.000428310682764, 0.000258780986769, 0.00267248414457, -0.0020911169704, -0.00356695405208, 0.013569210656, -0.00544674973935, -0.000493294966873, 0.00186266459059, -0.00297726178542], [-0.000600173720159, 0.00330534344539, -0.000574616715312, 0.00156404764857, -0.00370423658751, -0.000478526926599, 0.00128273258451, 0.000778716464993, -0.00544674973935, 0.0156583897769, -0.00667571881786, -0.000181727140443, -0.00159283739049], [0.00107278616633, -0.00455950386822, 0.00178847427014, -0.00313426577486, 0.00333103444427, -4.3563235522e-005, 0.000338430370903, -0.00102553982288, -0.000493294966873, -0.00667571881786, 0.0221309922636, -0.00946870353073, 0.00208297534846], [-0.000893095741048, 0.0039930511266, -0.00179675035179, 0.00256390753202, -0.0031110115815, 0.00159609189723, -0.00151832087431, 0.000456939189462, 0.00186266459059, -0.000181727140443, -0.00946870353073, 0.0170404613018, -0.00757581880316], [0.000714682042599, -0.00305622932501, 0.00255012302659, -0.00208880123682, 0.00140840397216, -0.00188848364633, 0.000209888152312, 0.00112583499867, -0.00297726178542, -0.00159283739049, 0.00208297534846, -0.00757581880316, 0.0198179781437]]
    },
    "melbands": {
        "mean": [0.000752037041821, 0.00153140700422, 0.0016431681579, 0.000870077463333, 0.000403213489335, 0.000360719684977, 0.00034746126039, 0.000235222891206, 0.000190915860003, 0.000325672910549, 7.17652583262e-005, 4.72047468065e-005, 5.6420929468e-005, 4.28608327638e-005, 3.08662929456e-005, 3.67094507965e-005, 2.99998082482e-005, 3.94731578126e-005, 2.21769860218e-005, 3.94734452129e-005, 5.35873150511e-005, 5.78182189201e-005, 3.03336728393e-005, 1.40145502883e-005, 1.04528717202e-005, 8.50592459756e-006, 6.90220122124e-006, 4.74510852655e-006, 4.09999802287e-006, 4.20406922785e-006, 1.81826578682e-006, 1.17529293675e-006, 1.20552851968e-006, 8.9489117272e-007, 5.49885385226e-007, 4.72082547276e-007, 3.69078492213e-007, 2.82020891973e-007, 2.52487438956e-007, 2.12484266626e-007],
        "var": [2.6906484436e-006, 9.10369635676e-006, 4.72586407341e-006, 2.79097116618e-006, 8.98142161532e-007, 6.97579253028e-007, 5.86457133522e-007, 5.50875995486e-007, 2.75308025266e-007, 6.94379252764e-007, 2.74791300825e-008, 7.80848452564e-009, 1.45235272697e-008, 2.72385158873e-009, 2.25455631941e-009, 2.45911602192e-009, 1.86528126278e-009, 2.33476193934e-009, 6.49949483122e-010, 2.71137912122e-009, 5.40275957306e-009, 5.52931211928e-009, 1.83786441621e-009, 3.32823102411e-010, 6.06226957522e-010, 1.01212059567e-010, 9.48593634198e-011, 3.34575978034e-011, 2.84537133438e-011, 6.14901810025e-011, 2.81201624486e-011, 1.0445333834e-011, 8.38987299773e-012, 1.02608928298e-011, 1.02309664646e-012, 7.46613654148e-013, 3.29908680669e-013, 1.5392907489e-013, 1.80629708239e-013, 7.51923886653e-014]
    },
    "mfcc": {
        "mean": [-653.724487305, 128.030578613, -17.8844051361, 32.9409675598, 6.76424980164, 0.183236241341, -4.63414859772, 1.28993558884, 3.18030571938, -2.54681015015, -2.94077420235, 2.65772390366, -1.77866113186],
        "cov": [[4262.81591797, -419.779174805, -124.833618164, -30.5573406219, 120.694099426, 43.7357292175, 93.1600723267, 91.268119812, 38.8473472595, 42.4808692932, -70.5842971802, 37.5377426147, 65.8963394165], [-419.779174805, 1172.73095703, -150.119140625, 102.860748291, -48.2874679565, -100.241340637, -12.9123506546, -26.4391422272, -27.3373336792, -23.3806877136, -12.7815160751, -36.4491119385, -33.8577766418], [-124.833618164, -150.119140625, 1010.46594238, -13.9599046707, -0.218274489045, 20.0580005646, 81.6268539429, 63.5622558594, -107.71081543, -27.3194713593, -49.7726745605, -125.235877991, -67.4558792114], [-30.5573406219, 102.860748291, -13.9599046707, 299.845458984, 131.299453735, 80.7182922363, 44.3849067688, -7.96230888367, 31.1875114441, -17.5516700745, -10.9236803055, 42.9186782837, 40.9393310547], [120.694099426, -48.2874679565, -0.218274489045, 131.299453735, 236.789794922, 90.7937927246, 66.9250564575, 10.3920879364, 48.1741447449, 11.269276619, 0.977975130081, 50.4128875732, 43.6992149353], [43.7357292175, -100.241340637, 20.0580005646, 80.7182922363, 90.7937927246, 177.133132935, 80.2213592529, 12.6787929535, 46.0463142395, -1.26818645, -5.88903141022, 47.3451919556, 37.6811637878], [93.1600723267, -12.9123506546, 81.6268539429, 44.3849067688, 66.9250564575, 80.2213592529, 171.740753174, 69.3558654785, 33.0665931702, 7.39991855621, -6.19690895081, 28.501209259, 28.4595909119], [91.268119812, -26.4391422272, 63.5622558594, -7.96230888367, 10.3920879364, 12.6787929535, 69.3558654785, 131.68536377, 36.0579338074, 13.5110034943, 8.46582794189, -6.13918209076, -0.330473124981], [38.8473472595, -27.3373336792, -107.71081543, 31.1875114441, 48.1741447449, 46.0463142395, 33.0665931702, 36.0579338074, 123.057434082, 46.2157859802, 16.126537323, 38.9590530396, 34.8854370117], [42.4808692932, -23.3806877136, -27.3194713593, -17.5516700745, 11.269276619, -1.26818645, 7.39991855621, 13.5110034943, 46.2157859802, 113.36579895, 38.1787490845, -21.0678653717, -8.80138015747], [-70.5842971802, -12.7815160751, -49.7726745605, -10.9236803055, 0.977975130081, -5.88903141022, -6.19690895081, 8.46582794189, 16.126537323, 38.1787490845, 87.773765564, 29.8491287231, 0.532942831516], [37.5377426147, -36.4491119385, -125.235877991, 42.9186782837, 50.4128875732, 47.3451919556, 28.501209259, -6.13918209076, 38.9590530396, -21.0678653717, 29.8491287231, 151.030319214, 79.3076171875], [65.8963394165, -33.8577766418, -67.4558792114, 40.9393310547, 43.6992149353, 37.6811637878, 28.4595909119, -0.330473124981, 34.8854370117, -8.80138015747, 0.532942831516, 79.3076171875, 105.55153656]],
        "icov": [[0.000265442708042, 9.61105615715e-005, 8.41694854898e-005, 4.47641286883e-005, -0.000139074429171, 7.49720420572e-005, -6.52630042168e-005, -0.000223189286771, 0.000196010340005, -0.000244454306085, 0.000404007005272, -8.52422308526e-005, -7.39059396437e-005], [9.61105615715e-005, 0.00107694219332, 0.000245358591201, -0.00065893237479, 0.000246892945142, 0.000850041396916, -0.000570805510506, 0.000160932395374, 6.62322490825e-005, 0.000134896006784, 0.000139939293149, 0.000227332595387, 0.000264402653556], [8.41694854898e-005, 0.000245358591201, 0.0014388167765, -9.3265727628e-005, -0.0001561861136, -0.000209804187762, -0.000701654120348, -0.000680306693539, 0.00146925903391, -1.99591231649e-005, 0.000308641087031, 0.00100313674193, 6.59230281599e-005], [4.47641286883e-005, -0.00065893237479, -9.3265727628e-005, 0.00514989346266, -0.00240615848452, -0.00134536670521, 0.000180496630492, 0.000447719503427, -0.000460421695607, 0.000898060563486, 9.94029469439e-005, 9.72632624325e-005, -0.000713693851139], [-0.000139074429171, 0.000246892945142, -0.0001561861136, -0.00240615848452, 0.00690124090761, -0.00128543702886, -0.00114029820543, 0.000543290341739, -0.000879260362126, -0.000801296846475, 2.37231438405e-006, -0.000736144080292, -0.000312776624924], [7.49720420572e-005, 0.000850041396916, -0.000209804187762, -0.00134536670521, -0.00128543702886, 0.00987367052585, -0.00378544861451, 0.00181421299931, -0.00255149160512, 0.000852902187034, 0.000556517217774, -0.000965209212154, 0.000284103269223], [-6.52630042168e-005, -0.000570805510506, -0.000701654120348, 0.000180496630492, -0.00114029820543, -0.00378544861451, 0.0108202658594, -0.00523914536461, 0.000900316110346, -0.0015523302136, 0.00162386684678, -0.00173981743865, -0.000899109989405], [-0.000223189286771, 0.000160932395374, -0.000680306693539, 0.000447719503427, 0.000543290341739, 0.00181421299931, -0.00523914536461, 0.0120388846844, -0.00482682045549, 0.00213634641841, -0.00260183261707, 0.00192580115981, 0.00049985118676], [0.000196010340005, 6.62322490825e-005, 0.00146925903391, -0.000460421695607, -0.000879260362126, -0.00255149160512, 0.000900316110346, -0.00482682045549, 0.0155333522707, -0.00688818423077, 0.00227199401706, -0.00237417244352, -0.00190238980576], [-0.000244454306085, 0.000134896006784, -1.99591231649e-005, 0.000898060563486, -0.000801296846475, 0.000852902187034, -0.0015523302136, 0.00213634641841, -0.00688818423077, 0.0155407264829, -0.00786841195077, 0.00603443104774, -0.000634569965769], [0.000404007005272, 0.000139939293149, 0.000308641087031, 9.94029469439e-005, 2.37231438405e-006, 0.000556517217774, 0.00162386684678, -0.00260183261707, 0.00227199401706, -0.00786841195077, 0.0178313851357, -0.00740527594462, 0.00337272766046], [-8.52422308526e-005, 0.000227332595387, 0.00100313674193, 9.72632624325e-005, -0.000736144080292, -0.000965209212154, -0.00173981743865, 0.00192580115981, -0.00237417244352, 0.00603443104774, -0.00740527594462, 0.0160287488252, -0.00886420160532], [-7.39059396437e-005, 0.000264402653556, 6.59230281599e-005, -0.000713693851139, -0.000312776624924, 0.000284103269223, -0.000899109989405, 0.00049985118676, -0.00190238980576, -0.000634569965769, 0.00337272766046, -0.00886420160532, 0.0174150504172]]
    },
    "spectral_contrast_coeffs": {
        "mean": [-0.616118192673, -0.724376797676, -0.768836021423, -0.770978868008, -0.772865176201, -0.721875548363],
        "var": [0.0113675389439, 0.00737818656489, 0.00642070593312, 0.00492542330176, 0.00263762497343, 0.00179594825022]
    },
    "spectral_contrast_valleys": {
        "mean": [-7.55347442627, -6.89278459549, -7.42111349106, -7.76306772232, -7.53951454163, -10.8663873672],
        "var": [1.61102116108, 1.45313131809, 1.35601329803, 1.32102799416, 1.33701682091, 1.35323929787]
    }
},
"metadata": {
    "audio_properties": {
        "analysis_sample_rate": 44100,
        "bit_rate": 111039,
        "equal_loudness": 0,
        "length": 45.0612258911,
        "lossless": 0,
        "replay_gain": -8.2426776886,
        "sample_rate": 44100,
        "codec": "mp3",
        "downmix": "mix",
        "md5_encoded": "26c38db249406ffdd35464d1e5169a96"
    },
    "tags": {
        "file_name": "65.mp3"
    },
    "version": {
        "essentia": "2.1-beta2",
        "essentia_git_sha": "v2.1_beta2",
        "extractor": "music 1.0"
    }
},
"rhythm": {
    "beats_count": 66,
    "beats_loudness": {
        "mean": 0.0345668308437,
        "var": 0.000387070875149
    },
    "bpm": 88.855506897,
    "bpm_histogram_first_peak_bpm": {
        "mean": 89,
        "var": 0
    },
    "bpm_histogram_first_peak_spread": {
        "mean": 0.123077020049,
        "var": 0
    },
    "bpm_histogram_first_peak_weight": {
        "mean": 0.876923084259,
        "var": 0
    },
    "bpm_histogram_second_peak_bpm": {
        "mean": 0,
        "var": 0
    },
    "bpm_histogram_second_peak_spread": {
        "mean": 0,
        "var": 0
    },
    "bpm_histogram_second_peak_weight": {
        "mean": 0,
        "var": 0
    },
    "danceability": 1.34799695015,
    "onset_rate": 3.74876260757,
    "beats_loudness_band_ratio": {
        "mean": [0.426935315132, 0.192785635591, 0.196178644896, 0.0871971622109, 0.118636280298, 0.0473739020526],
        "var": [0.0585026554763, 0.0187769960612, 0.0256586298347, 0.00490038096905, 0.0118057075888, 0.00685964664444]
    },
    "beats_position": [0.708208620548, 1.40480720997, 2.08979582787, 2.77478456497, 3.45977306366, 4.13315200806, 4.80653047562, 5.47990942001, 6.1648979187, 6.83827638626, 7.51165533066, 8.18503379822, 8.87002277374, 9.54340076447, 10.2167797089, 10.8901586533, 11.5751476288, 12.2601356506, 12.9219045639, 13.5836734772, 14.2338323593, 14.8956003189, 15.5689792633, 16.2539672852, 16.9273471832, 17.6123352051, 18.2973232269, 18.9823131561, 19.667301178, 20.3406791687, 21.0140590668, 21.6990470886, 22.3840351105, 23.0574150085, 23.7307929993, 24.40417099, 25.0775508881, 25.7509288788, 26.4243087769, 27.0976867676, 27.7710647583, 28.4444446564, 29.1178226471, 29.8028106689, 30.4878005981, 31.1611785889, 31.8345565796, 32.5079345703, 33.1813163757, 33.8546943665, 34.5280723572, 35.2014503479, 35.8864402771, 36.5482063293, 37.2215881348, 37.8949661255, 38.5683441162, 39.2417221069, 39.9151000977, 40.5884780884, 41.2618598938, 41.9352378845, 42.5970077515, 43.2587738037, 43.9321517944, 44.6055335999]
},
"tonal": {
    "chords_changes_rate": 0.0689300447702,
    "chords_number_rate": 0.00925925932825,
    "chords_strength": {
        "mean": 0.501259028912,
        "var": 0.0107428459451
    },
    "hpcp_entropy": {
        "mean": 2.08775377274,
        "var": 0.70893484354
    },
    "key_strength": 0.684584677219,
    "tuning_diatonic_strength": 0.575442612171,
    "tuning_equal_tempered_deviation": 0.177817136049,
    "tuning_frequency": 437.718536377,
    "tuning_nontempered_energy_ratio": 0.855426967144,
    "hpcp": {
        "mean": [0.240158081055, 0.208194941282, 0.113617941737, 0.0615052841604, 0.0618714503944, 0.0784934684634, 0.0850644931197, 0.0761092603207, 0.0906865224242, 0.124335177243, 0.108938232064, 0.0806965231895, 0.0809007808566, 0.0905471742153, 0.172645360231, 0.342917948961, 0.41208460927, 0.278665572405, 0.129209205508, 0.0844377651811, 0.100418336689, 0.128164589405, 0.136449724436, 0.209475547075, 0.254391014576, 0.173970460892, 0.119137689471, 0.112560845912, 0.103007413447, 0.100965671241, 0.109984025359, 0.117655344307, 0.123353086412, 0.112151712179, 0.108995899558, 0.170066446066],
        "var": [0.0766263008118, 0.0577975325286, 0.0316742882133, 0.0179571434855, 0.0192105378956, 0.0223176777363, 0.0256477799267, 0.0229329597205, 0.01971113123, 0.036658860743, 0.0346690788865, 0.0260278042406, 0.025592951104, 0.0279466044158, 0.0491256453097, 0.122498750687, 0.145483419299, 0.0974389538169, 0.038077544421, 0.0299020633101, 0.0336953103542, 0.048392560333, 0.0410098806024, 0.0767775252461, 0.11763317883, 0.0703547075391, 0.0409261509776, 0.0345121584833, 0.0309965442866, 0.041207049042, 0.0421972088516, 0.0458343438804, 0.053448881954, 0.046557020396, 0.0374413579702, 0.0550791062415]
    },
    "chords_histogram": [57.3045272827, 0, 3.18930029869, 3.49794244766, 0, 6.37860059738, 3.70370364189, 16.872428894, 0, 1.02880656719, 4.01234579086, 0, 0, 0, 0, 0, 0, 0, 0, 0, 0.308641970158, 0, 0.720164597034, 2.98353910446],
    "thpcp": [1, 0.676233887672, 0.313550174236, 0.204903945327, 0.2436837852, 0.311015218496, 0.331120640039, 0.508331418037, 0.617327153683, 0.422171711922, 0.289109766483, 0.273149847984, 0.249966666102, 0.245011985302, 0.266896694899, 0.285512596369, 0.299339234829, 0.272157013416, 0.264498829842, 0.41269788146, 0.582788288593, 0.505223751068, 0.275715082884, 0.149254024029, 0.150142595172, 0.190479010344, 0.206424817443, 0.184693291783, 0.220067724586, 0.301722437143, 0.264358907938, 0.195825129747, 0.196320801973, 0.219729572535, 0.418956100941, 0.832154214382],
    "chords_key": "D",
    "chords_scale": "minor",
    "key_key": "D",
    "key_scale": "minor"
}
}