{
"lowlevel": {
    "average_loudness": 0.9547778368,
    "barkbands_crest": {
        "mean": 9.84755325317,
        "var": 15.7800951004
    },
    "barkbands_flatness_db": {
        "mean": 0.101152434945,
        "var": 0.00112956634257
    },
    "barkbands_kurtosis": {
        "mean": 1.79472565651,
        "var": 32.8376846313
    },
    "barkbands_skewness": {
        "mean": 1.30289268494,
        "var": 0.845527112484
    },
    "barkbands_spread": {
        "mean": 31.089548111,
        "var": 149.805358887
    },
    "dissonance": {
        "mean": 0.474753171206,
        "var": 0.000320111023029
    },
    "dynamic_complexity": 2.20554113388,
    "erbbands_crest": {
        "mean": 7.24689722061,
        "var": 8.41405773163
    },
    "erbbands_flatness_db": {
        "mean": 0.125922203064,
        "var": 0.00145185156725
    },
    "erbbands_kurtosis": {
        "mean": -0.521085262299,
        "var": 0.694913804531
    },
    "erbbands_skewness": {
        "mean": -0.101669974625,
        "var": 0.227592349052
    },
    "erbbands_spread": {
        "mean": 46.6123695374,
        "var": 290.177947998
    },
    "hfc": {
        "mean": 22.269487381,
        "var": 319.92376709
    },
    "melbands_crest": {
        "mean": 13.4213447571,
        "var": 19.3415813446
    },
    "melbands_flatness_db": {
        "mean": 0.167751833797,
        "var": 0.00195746542886
    },
    "melbands_kurtosis": {
        "mean": 10.9415063858,
        "var": 225.182373047
    },
    "melbands_skewness": {
        "mean": 2.65176796913,
        "var": 1.7896643877
    },
    "melbands_spread": {
        "mean": 28.7083969116,
        "var": 213.77230835
    },
    "pitch_salience": {
        "mean": 0.531333565712,
        "var": 0.0109168672934
    },
    "silence_rate_20dB": {
        "mean": 1,
        "var": 0
    },
    "silence_rate_30dB": {
        "mean": 0.996395468712,
        "var": 0.0035914843902
    },
    "silence_rate_60dB": {
        "mean": 0.00669412966818,
        "var": 0.00664932886139
    },
    "spectral_centroid": {
        "mean": 1659.81738281,
        "var": 344070.1875
    },
    "spectral_complexity": {
        "mean": 21.8383102417,
        "var": 77.2023773193
    },
    "spectral_decrease": {
        "mean": -6.23481222206e-009,
        "var": 2.60217272967e-017
    },
    "spectral_energy": {
        "mean": 0.0255515053868,
        "var": 0.000419361313106
    },
    "spectral_energyband_high": {
        "mean": 0.00115551287308,
        "var": 2.19161847781e-006
    },
    "spectral_energyband_low": {
        "mean": 0.0086061200127,
        "var": 0.000111282381113
    },
    "spectral_energyband_middle_high": {
        "mean": 0.00470986589789,
        "var": 1.2520801647e-005
    },
    "spectral_energyband_middle_low": {
        "mean": 0.0116714071482,
        "var": 0.000197828529053
    },
    "spectral_entropy": {
        "mean": 7.77395915985,
        "var": 0.106391683221
    },
    "spectral_flux": {
        "mean": 0.0788344219327,
        "var": 0.00204154476523
    },
    "spectral_kurtosis": {
        "mean": 4.17515516281,
        "var": 8.79741668701
    },
    "spectral_rms": {
        "mean": 0.00469028111547,
        "var": 2.92954337056e-006
    },
    "spectral_rolloff": {
        "mean": 1808.28808594,
        "var": 1777646
    },
    "spectral_skewness": {
        "mean": 1.43607568741,
        "var": 0.126328289509
    },
    "spectral_spread": {
        "mean": 4931335.5,
        "var": 3.23168711475e+012
    },
    "spectral_strongpeak": {
        "mean": 0.654366314411,
        "var": 0.475865453482
    },
    "zerocrossingrate": {
        "mean": 0.0728474408388,
        "var": 0.00101843324956
    },
    "barkbands": {
        "mean": [4.01686011173e-005, 0.00693784840405, 0.0011562933214, 0.00138746073935, 0.00252176681533, 0.00472286622971, 0.00148472085129, 0.000561584485695, 0.000751805026084, 0.000444697361672, 0.000347033957951, 0.000360326579539, 0.000295940844808, 0.00048309614067, 0.00076886540046, 0.000716822687536, 0.00055648869602, 0.000411643239204, 0.000285712972982, 0.000230173769523, 0.000304509187117, 0.000231487254496, 0.000200111797312, 0.000113265748951, 0.000144858786371, 8.21829016786e-005, 9.79752621788e-006],
        "var": [2.37851627283e-009, 8.27262410894e-005, 4.95282074553e-006, 4.70229088023e-006, 2.84141751763e-005, 3.73452530766e-005, 8.02713293524e-006, 1.08042922875e-006, 1.05057324618e-006, 6.97152017892e-007, 4.10572226883e-007, 2.6161140454e-007, 1.30821604216e-007, 4.83817416352e-007, 7.32891692223e-007, 9.89439627119e-007, 2.27759969107e-007, 1.62096711165e-007, 1.06617335405e-007, 5.30071275762e-008, 1.3748221761e-007, 7.86874210235e-008, 1.45798424001e-007, 4.01914377335e-008, 5.88190580686e-008, 1.71528160564e-008, 5.88618820352e-010]
    },
    "erbbands": {
        "mean": [0.170698583126, 1.64302968979, 1.74918913841, 2.93062520027, 9.02443027496, 6.531062603, 16.1671009064, 45.6601104736, 29.6662750244, 16.5939922333, 12.9372549057, 14.8482217789, 20.9914245605, 13.4042654037, 13.4485006332, 13.2593603134, 13.0200796127, 28.2698364258, 30.5513839722, 33.6287651062, 43.8358383179, 32.2600364685, 21.8007144928, 17.9194164276, 16.8046970367, 10.1660003662, 14.6621227264, 8.24526023865, 8.01675605774, 7.33172035217, 5.42167472839, 2.69612693787, 1.71449780464, 1.37036037445, 1.1932965517, 0.403157830238, 0.152233824134, 0.032084736973, 0.000960145611316, 5.4721494962e-005],
        "var": [0.0394530706108, 5.14879560471, 8.74265003204, 20.07604599, 321.039672852, 216.015533447, 1110.29138184, 3672.4296875, 1916.27697754, 1418.26391602, 471.588500977, 453.413665771, 1110.13928223, 406.174530029, 377.561096191, 345.793884277, 213.984619141, 1582.17553711, 1047.7689209, 1193.9876709, 3488.67260742, 722.324645996, 395.151977539, 441.2293396, 317.728057861, 86.7587432861, 328.644561768, 113.292640686, 98.5473480225, 131.129486084, 85.9120864868, 28.4194202423, 7.23667669296, 4.24930381775, 5.08066511154, 0.432224690914, 0.0624729245901, 0.00373085425235, 4.62434081783e-006, 3.66408881014e-009]
    },
    "gfcc": {
        "mean": [29.6784248352, 72.4571533203, -110.139732361, 37.3409919739, -47.1744804382, 10.2239532471, -44.4486618042, 13.8220691681, -19.614944458, 14.0283403397, -17.6073360443, 11.856180191, -8.64613628387],
        "cov": [[4799.30126953, -470.44329834, 50.2937698364, 238.020263672, -411.753723145, 120.480751038, -101.884941101, 19.0156841278, -44.7889785767, 121.554389954, -61.3611831665, 76.8839569092, -65.7197418213], [-470.44329834, 856.192321777, -340.895477295, -232.583404541, 178.513504028, -216.385421753, -47.7141189575, 19.4302368164, -21.435716629, -135.075149536, 32.6394958496, -102.124038696, 11.2376365662], [50.2937698364, -340.895477295, 547.034729004, 203.669967651, -104.412231445, 99.2540435791, 45.7563247681, -26.3741378784, -10.7070598602, 48.5957336426, -50.465461731, 20.2268009186, -38.8770217896], [238.020263672, -232.583404541, 203.669967651, 291.762542725, -41.8930473328, 82.3442306519, 37.0156593323, 4.83420372009, 13.795791626, 48.6743888855, 3.76900315285, 34.7939949036, 7.53678607941], [-411.753723145, 178.513504028, -104.412231445, -41.8930473328, 221.803604126, -6.48598432541, 29.8212528229, 41.1584396362, 4.26528406143, -27.4217700958, 11.3358125687, -17.947385788, 2.62128734589], [120.480751038, -216.385421753, 99.2540435791, 82.3442306519, -6.48598432541, 189.290237427, 67.723815918, -8.76385307312, 21.2812519073, 53.3327255249, -18.2721328735, 35.0052719116, 12.9015159607], [-101.884941101, -47.7141189575, 45.7563247681, 37.0156593323, 29.8212528229, 67.723815918, 87.4796676636, 29.8939189911, 18.5775642395, 19.880399704, 1.89670658112, 8.79637145996, 5.53107881546], [19.0156841278, 19.4302368164, -26.3741378784, 4.83420372009, 41.1584396362, -8.76385307312, 29.8939189911, 71.4949951172, 21.8492641449, 2.55312561989, 9.20905780792, -5.44442844391, -5.69229888916], [-44.7889785767, -21.435716629, -10.7070598602, 13.795791626, 4.26528406143, 21.2812519073, 18.5775642395, 21.8492641449, 53.4250602722, 32.8463096619, 13.4305095673, 5.21520662308, 4.74007940292], [121.554389954, -135.075149536, 48.5957336426, 48.6743888855, -27.4217700958, 53.3327255249, 19.880399704, 2.55312561989, 32.8463096619, 80.1347961426, 22.4627552032, 27.2873535156, 0.653158128262], [-61.3611831665, 32.6394958496, -50.465461731, 3.76900315285, 11.3358125687, -18.2721328735, 1.89670658112, 9.20905780792, 13.4305095673, 22.4627552032, 63.6772727966, 24.001958847, 12.2226018906], [76.8839569092, -102.124038696, 20.2268009186, 34.7939949036, -17.947385788, 35.0052719116, 8.79637145996, -5.44442844391, 5.21520662308, 27.2873535156, 24.001958847, 69.0426559448, 31.1999816895], [-65.7197418213, 11.2376365662, -38.8770217896, 7.53678607941, 2.62128734589, 12.9015159607, 5.53107881546, -5.69229888916, 4.74007940292, 0.653158128262, 12.2226018906, 31.1999816895, 58.2956542969]],
        "icov": [[0.000375411356799, -0.000259012391325, 0.000367006548913, -0.000412669411162, 0.000837493222207, -0.000543906760868, 0.000795978994574, -0.00115414627362, 0.00107967620715, -0.000913773081265, 0.000885797839146, -0.000804460549261, 0.000833029102068], [-0.000259012391325, 0.00358850276098, 0.000172746615135, 0.00114076735917, -0.00213132309727, 0.00238750595599, -0.00148076412734, 0.00223859236576, -0.00191144645214, 0.00380052882247, -0.00339181674644, 0.00463360408321, -0.00274542788975], [0.000367006548913, 0.000172746615135, 0.00402674544603, -0.00234151212499, 0.00148331257515, 0.000263345020358, -0.00158741185442, 0.000469799182611, 0.00195067457389, -0.00173710519448, 0.00365733681247, -0.00202980032191, 0.00362047669478], [-0.000412669411162, 0.00114076735917, -0.00234151212499, 0.00608692830428, -0.00105085817631, -0.000368257198716, -0.00045758811757, -4.51190753665e-005, -0.00125439523254, 0.00107658014167, -0.00335938413627, 0.00198761327192, -0.0031353533268], [0.000837493222207, -0.00213132309727, 0.00148331257515, -0.00105085817631, 0.00870710425079, -0.00313033652492, 0.000431805674452, -0.00574512360618, 0.00340846413746, -0.00104088999797, 0.0014733246062, -0.00228350656107, 0.00282713468187], [-0.000543906760868, 0.00238750595599, 0.000263345020358, -0.000368257198716, -0.00313033652492, 0.0145718744025, -0.0106386579573, 0.00792192295194, -0.00358369108289, -0.00296597974375, 0.00511292601004, -0.00131991808303, -0.00219237525016], [0.000795978994574, -0.00148076412734, -0.00158741185442, -0.00045758811757, 0.000431805674452, -0.0106386579573, 0.025028873235, -0.0128054479137, 0.00203402969055, -0.00158702244516, -0.00154856487643, 0.000473018735647, -0.00118285033386], [-0.00115414627362, 0.00223859236576, 0.000469799182611, -4.51190753665e-005, -0.00574512360618, 0.00792192295194, -0.0128054479137, 0.0277507584542, -0.012717384845, 0.00565244536847, -0.00246224459261, 0.00163925997913, 0.0016259488184], [0.00107967620715, -0.00191144645214, 0.00195067457389, -0.00125439523254, 0.00340846413746, -0.00358369108289, 0.00203402969055, -0.012717384845, 0.0354731455445, -0.0175869651139, 0.00217418954708, 0.00183269218542, -0.00187024264596], [-0.000913773081265, 0.00380052882247, -0.00173710519448, 0.00107658014167, -0.00104088999797, -0.00296597974375, -0.00158702244516, 0.00565244536847, -0.0175869651139, 0.0335275009274, -0.014468642883, 0.000652161135804, 0.00208420399576], [0.000885797839146, -0.00339181674644, 0.00365733681247, -0.00335938413627, 0.0014733246062, 0.00511292601004, -0.00154856487643, -0.00246224459261, 0.00217418954708, -0.014468642883, 0.0325812324882, -0.0154700260609, 0.00466827629134], [-0.000804460549261, 0.00463360408321, -0.00202980032191, 0.00198761327192, -0.00228350656107, -0.00131991808303, 0.000473018735647, 0.00163925997913, 0.00183269218542, 0.000652161135804, -0.0154700260609, 0.0354398861527, -0.0187810901552], [0.000833029102068, -0.00274542788975, 0.00362047669478, -0.0031353533268, 0.00282713468187, -0.00219237525016, -0.00118285033386, 0.0016259488184, -0.00187024264596, 0.00208420399576, 0.00466827629134, -0.0187810901552, 0.0312728174031]]
    },
    "melbands": {
        "mean": [0.00182889122516, 0.00140675227158, 0.000726177648176, 0.000577540777158, 0.000463256059447, 0.000965632672887, 0.000449363869848, 0.000162216791068, 9.88283063634e-005, 0.000102338926808, 0.000103341335489, 5.06312680955e-005, 4.79648624605e-005, 3.78915538022e-005, 2.91327542072e-005, 3.66058193322e-005, 5.18658780493e-005, 4.05838800361e-005, 5.96867503191e-005, 4.18997369707e-005, 4.89056074002e-005, 3.27742818627e-005, 2.12037357414e-005, 2.3665066692e-005, 1.31282222355e-005, 1.09710381366e-005, 1.29430572997e-005, 4.81552251586e-006, 8.74818761076e-006, 7.27695760361e-006, 4.1803214117e-006, 4.58288650407e-006, 4.37634935224e-006, 4.13386760556e-006, 3.67579787053e-006, 1.80588722287e-006, 1.54368729e-006, 1.15868522244e-006, 1.14658178063e-006, 1.1186861002e-006],
        "var": [5.24040569871e-006, 4.02352316087e-006, 1.12350721793e-006, 1.72252157427e-006, 8.21702371923e-007, 1.57893236974e-006, 4.35407969235e-007, 1.32591097213e-007, 2.71769309279e-008, 1.98343155233e-008, 2.7766688504e-008, 6.15279427407e-009, 6.41550013114e-009, 3.10831693717e-009, 1.40993616782e-009, 2.01632310848e-009, 6.35316732556e-009, 2.14737227999e-009, 5.0835944343e-009, 2.97266788962e-009, 4.20467172191e-009, 7.19358850265e-010, 5.18487475176e-010, 7.24175941436e-010, 3.02694508347e-010, 1.32981167744e-010, 2.10750972229e-010, 2.5114455654e-011, 1.22035589967e-010, 9.35427013626e-011, 3.0880589752e-011, 3.59163705721e-011, 3.05847881743e-011, 7.06947902995e-011, 4.84580153781e-011, 9.1490721249e-012, 1.18012960515e-011, 3.6024913521e-012, 2.89714476367e-012, 3.06752756876e-012]
    },
    "mfcc": {
        "mean": [-615.832336426, 107.965072632, -3.16497206688, 30.5809192657, 14.143116951, 5.48677778244, -7.60391712189, 0.67761439085, 1.80383574963, 1.5968272686, 0.671190142632, -1.16387629509, 4.66755771637],
        "cov": [[2607.85351563, -543.017700195, 330.562988281, 18.9854717255, -164.286407471, 65.0575866699, -57.1674728394, -24.9050521851, -9.09018802643, -6.40058755875, 16.3413887024, 51.8560791016, 13.1807279587], [-543.017700195, 971.877380371, -469.654907227, -56.2350578308, 87.9056243896, -234.148696899, -15.4246520996, 11.0934438705, -73.2560653687, 24.0151348114, -14.587266922, -122.632720947, -33.714630127], [330.562988281, -469.654907227, 610.240844727, 105.838684082, -82.0136108398, 151.890594482, 1.57532048225, -17.1262550354, 42.6122741699, -25.1632614136, 7.26881980896, 65.3078842163, -2.41343474388], [18.9854717255, -56.2350578308, 105.838684082, 188.834411621, 39.5926589966, -8.33520793915, 17.7465305328, 16.5208625793, 0.770946323872, 6.15248966217, 8.81633663177, 2.01807641983, 4.17678833008], [-164.286407471, 87.9056243896, -82.0136108398, 39.5926589966, 108.474151611, 0.428428947926, 22.9811248779, 20.4494781494, 2.1963531971, 13.5556163788, -0.272467643023, -12.8562917709, 4.11400556564], [65.0575866699, -234.148696899, 151.890594482, -8.33520793915, 0.428428947926, 185.065795898, 42.3719902039, 7.41031312943, 53.6576499939, -7.88260173798, 6.85277986526, 48.8922843933, 15.9099292755], [-57.1674728394, -15.4246520996, 1.57532048225, 17.7465305328, 22.9811248779, 42.3719902039, 70.4245910645, 34.2342224121, 20.4988269806, 11.0545797348, 8.5544052124, 8.36865329742, 7.72330951691], [-24.9050521851, 11.0934438705, -17.1262550354, 16.5208625793, 20.4494781494, 7.41031312943, 34.2342224121, 61.5972557068, 25.5695362091, 11.6280059814, 1.24652731419, 0.391890764236, 5.28513431549], [-9.09018802643, -73.2560653687, 42.6122741699, 0.770946323872, 2.1963531971, 53.6576499939, 20.4988269806, 25.5695362091, 73.9209518433, 18.1524009705, 3.59943532944, 17.3561229706, 4.37723827362], [-6.40058755875, 24.0151348114, -25.1632614136, 6.15248966217, 13.5556163788, -7.88260173798, 11.0545797348, 11.6280059814, 18.1524009705, 60.3780174255, 28.3203849792, 0.418677300215, -0.390678524971], [16.3413887024, -14.587266922, 7.26881980896, 8.81633663177, -0.272467643023, 6.85277986526, 8.5544052124, 1.24652731419, 3.59943532944, 28.3203849792, 57.2393188477, 23.3846855164, 1.95595920086], [51.8560791016, -122.632720947, 65.3078842163, 2.01807641983, -12.8562917709, 48.8922843933, 8.36865329742, 0.391890764236, 17.3561229706, 0.418677300215, 23.3846855164, 68.7024154663, 27.4267292023], [13.1807279587, -33.714630127, -2.41343474388, 4.17678833008, 4.11400556564, 15.9099292755, 7.72330951691, 5.28513431549, 4.37723827362, -0.390678524971, 1.95595920086, 27.4267292023, 52.4351539612]],
        "icov": [[0.000481030787341, 0.000242353882641, -3.38554746122e-005, -7.87274475442e-005, 0.000569857947994, -9.77887757472e-005, 0.000437889975728, -0.000361161859473, 0.000415571295889, -0.00030389695894, -5.58455540158e-005, 0.00020243380277, -0.000144268633449], [0.000242353882641, 0.0023364671506, 0.000813179241959, 0.000510662852321, -0.000770891841967, 0.0017356594326, -0.000455281813629, -8.25471433927e-005, 0.000320625171298, 9.97461611405e-005, -0.000699832162354, 0.00204068236053, -1.99626101676e-005], [-3.38554746122e-005, 0.000813179241959, 0.00383776333183, -0.0027683887165, 0.0027597930748, -0.00239530345425, 0.000997319701128, 0.000321905710734, -9.70507389866e-005, 0.000200206268346, 0.000475149339763, -0.000796243257355, 0.00166779011488], [-7.87274475442e-005, 0.000510662852321, -0.0027683887165, 0.00858799275011, -0.00508932676166, 0.00381426792592, -0.00222365395166, -0.000722228258383, -1.67974885699e-005, 0.000733556400519, -0.00170089164749, 0.00105777196586, -0.00130403868388], [0.000569857947994, -0.000770891841967, 0.0027597930748, -0.00508932676166, 0.0156022915617, -0.00457294704393, -5.80763444304e-005, -0.00230296142399, 0.00185514893383, -0.00296297390014, 0.00167205522303, 0.00110104586929, -0.000517650041729], [-9.77887757472e-005, 0.0017356594326, -0.00239530345425, 0.00381426792592, -0.00457294704393, 0.014338131994, -0.00803480111063, 0.00438268575817, -0.00679775001481, 0.00391644891351, -0.000897020741832, -0.0025459532626, -0.000561693217605], [0.000437889975728, -0.000455281813629, 0.000997319701128, -0.00222365395166, -5.80763444304e-005, -0.00803480111063, 0.025910127908, -0.0128154847771, 0.00259537366219, -0.00224665505812, -0.00210908078589, 0.00106225407217, -0.000972289883066], [-0.000361161859473, -8.25471433927e-005, 0.000321905710734, -0.000722228258383, -0.00230296142399, 0.00438268575817, -0.0128154847771, 0.0277169793844, -0.0096496231854, 0.000650251633488, 0.00115243031178, 0.000259381165961, -0.0013134003384], [0.000415571295889, 0.000320625171298, -9.70507389866e-005, -1.67974885699e-005, 0.00185514893383, -0.00679775001481, 0.00259537366219, -0.0096496231854, 0.0242734625936, -0.00976986810565, 0.00525857601315, -0.00342703983188, 0.00210320344195], [-0.00030389695894, 9.97461611405e-005, 0.000200206268346, 0.000733556400519, -0.00296297390014, 0.00391644891351, -0.00224665505812, 0.000650251633488, -0.00976986810565, 0.0282277390361, -0.0157320667058, 0.00552361272275, -0.00187561882194], [-5.58455540158e-005, -0.000699832162354, 0.000475149339763, -0.00170089164749, 0.00167205522303, -0.000897020741832, -0.00210908078589, 0.00115243031178, 0.00525857601315, -0.0157320667058, 0.0311411842704, -0.0146316569299, 0.00599229522049], [0.00020243380277, 0.00204068236053, -0.000796243257355, 0.00105777196586, 0.00110104586929, -0.0025459532626, 0.00106225407217, 0.000259381165961, -0.00342703983188, 0.00552361272275, -0.0146316569299, 0.0321867093444, -0.0143187185749], [-0.000144268633449, -1.99626101676e-005, 0.00166779011488, -0.00130403868388, -0.000517650041729, -0.000561693217605, -0.000972289883066, -0.0013134003384, 0.00210320344195, -0.00187561882194, 0.00599229522049, -0.0143187185749, 0.0268383529037]]
    },
    "spectral_contrast_coeffs": {
        "mean": [-0.688901662827, -0.693155407906, -0.767082810402, -0.759469211102, -0.769608080387, -0.748208105564],
        "var": [0.00549205066636, 0.00495638791472, 0.00332826538943, 0.00256721372716, 0.0016868429957, 0.000881581916474]
    },
    "spectral_contrast_valleys": {
        "mean": [-7.04487276077, -6.69511651993, -7.42977619171, -7.45516777039, -7.29003286362, -9.91667079926],
        "var": [0.9517557621, 0.963312745094, 1.02027344704, 0.903432071209, 0.85672390461, 1.13966596127]
    }
},
"metadata": {
    "audio_properties": {
        "analysis_sample_rate": 44100,
        "bit_rate": 109336,
        "equal_loudness": 0,
        "length": 45.0612258911,
        "lossless": 0,
        "replay_gain": -11.9391231537,
        "sample_rate": 44100,
        "codec": "mp3",
        "downmix": "mix",
        "md5_encoded": "d5ee518f2c81942b7cedb4e0893b32c3"
    },
    "tags": {
        "file_name": "650.mp3"
    },
    "version": {
        "essentia": "2.1-beta2",
        "essentia_git_sha": "v2.1_beta2",
        "extractor": "music 1.0"
    }
},
"rhythm": {
    "beats_count": 88,
    "beats_loudness": {
        "mean": 0.0470322333276,
        "var": 0.000600650673732
    },
    "bpm": 117.446884155,
    "bpm_histogram_first_peak_bpm": {
        "mean": 117,
        "var": 0
    },
    "bpm_histogram_first_peak_spread": {
        "mean": 0.443037986755,
        "var": 0
    },
    "bpm_histogram_first_peak_weight": {
        "mean": 0.505747139454,
        "var": 0
    },
    "bpm_histogram_second_peak_bpm": {
        "mean": 123,
        "var": 0
    },
    "bpm_histogram_second_peak_spread": {
        "mean": 0,
        "var": 0
    },
    "bpm_histogram_second_peak_weight": {
        "mean": 0.0804597735405,
        "var": 0
    },
    "danceability": 1.29600739479,
    "onset_rate": 2.92802762985,
    "beats_loudness_band_ratio": {
        "mean": [0.460157781839, 0.233660981059, 0.117993019521, 0.0618082247674, 0.0909471586347, 0.0839900374413],
        "var": [0.042132537812, 0.0220454633236, 0.0065093128942, 0.00320226722397, 0.00496901990846, 0.00201784889214]
    },
    "beats_position": [0.476009070873, 0.96362811327, 1.45124709606, 1.95047616959, 2.4497051239, 2.94893407822, 3.44816327095, 3.95900225639, 4.48145103455, 4.99229001999, 5.52634906769, 6.04879808426, 6.5596370697, 7.07047605515, 7.59292507172, 8.10376358032, 8.6146030426, 9.12544155121, 9.63628101349, 10.1587295532, 10.6811790466, 11.2036275864, 11.7260770798, 12.2485256195, 12.7709751129, 13.2818136215, 13.7926530838, 14.3151016235, 14.8375511169, 15.3367795944, 15.8360090256, 16.3468475342, 16.8576869965, 17.3685264587, 17.8793640137, 18.390203476, 18.9010429382, 19.4002723694, 19.8994998932, 20.3871192932, 20.8747386932, 21.3739681244, 21.8731975555, 22.3840351105, 22.8948745728, 23.3824939728, 23.8701133728, 24.369342804, 24.8685703278, 25.37940979, 25.8902492523, 26.4010887146, 26.9119262695, 27.4111557007, 27.9103851318, 28.409614563, 28.9088420868, 29.3964614868, 29.9073009491, 30.4181404114, 30.9289798737, 31.4398174286, 31.9506568909, 32.4614944458, 32.9723358154, 33.4831733704, 33.99401474, 34.5048522949, 35.0156898499, 35.5265312195, 36.0489807129, 36.5598182678, 37.0706558228, 37.5698852539, 38.0807266235, 38.5915641785, 39.1024017334, 39.613243103, 40.1356925964, 40.6581382751, 41.1689796448, 41.6914291382, 42.2138786316, 42.7363243103, 43.2587738037, 43.7696151733, 44.2804527283, 44.7912902832]
},
"tonal": {
    "chords_changes_rate": 0.0709876567125,
    "chords_number_rate": 0.0133744860068,
    "chords_strength": {
        "mean": 0.523830533028,
        "var": 0.00646364735439
    },
    "hpcp_entropy": {
        "mean": 2.17563557625,
        "var": 0.659261584282
    },
    "key_strength": 0.656610131264,
    "tuning_diatonic_strength": 0.613975286484,
    "tuning_equal_tempered_deviation": 0.162327721715,
    "tuning_frequency": 434.444000244,
    "tuning_nontempered_energy_ratio": 0.851239085197,
    "hpcp": {
        "mean": [0.120901145041, 0.149972826242, 0.128285095096, 0.109589293599, 0.124866895378, 0.182966187596, 0.243590131402, 0.230981677771, 0.186901405454, 0.171523034573, 0.144785702229, 0.127041175961, 0.134824022651, 0.120456650853, 0.10734090209, 0.124335892498, 0.181531339884, 0.209715485573, 0.169422224164, 0.124375894666, 0.090460665524, 0.0839713215828, 0.0780797228217, 0.050366718322, 0.0370036065578, 0.0500882565975, 0.19624735415, 0.45453825593, 0.390977293253, 0.144827827811, 0.103975281119, 0.111246600747, 0.0787442401052, 0.0501921102405, 0.0505335591733, 0.0722819939256],
        "var": [0.0308133885264, 0.0428622663021, 0.0322411730886, 0.0271238423884, 0.0310258492827, 0.0624793209136, 0.0898219048977, 0.0853602811694, 0.0753353238106, 0.0830871388316, 0.0650876984, 0.0463281683624, 0.0447099395096, 0.0338349044323, 0.0318038910627, 0.0464545302093, 0.0698306113482, 0.0763016566634, 0.0583541020751, 0.0567084737122, 0.0312997996807, 0.031054796651, 0.0328035987914, 0.0153543930501, 0.0106157027185, 0.00919912476093, 0.0441859029233, 0.151566311717, 0.119474895298, 0.0279048476368, 0.0348420850933, 0.0478337556124, 0.0293554980308, 0.011512410827, 0.00918294489384, 0.0191693473607]
    },
    "chords_histogram": [19.2386837006, 2.77777767181, 11.5226335526, 0, 0, 1.23456788063, 2.26337456703, 13.8888893127, 0.617283940315, 24.6913585663, 0, 0, 0, 0, 0, 1.64609050751, 3.80658435822, 0.411522626877, 0.617283940315, 4.32098770142, 0.205761313438, 3.18930029869, 2.77777767181, 6.79012346268],
    "thpcp": [1, 0.86016368866, 0.318626254797, 0.228749245405, 0.244746401906, 0.173240065575, 0.110424391925, 0.111175589263, 0.159022912383, 0.265986740589, 0.329945445061, 0.282231688499, 0.241100266576, 0.27471151948, 0.402531981468, 0.535906791687, 0.508167743683, 0.411189615726, 0.377356648445, 0.318533599377, 0.279495000839, 0.296617537737, 0.265008836985, 0.236153721809, 0.273543298244, 0.399375259876, 0.46138137579, 0.37273478508, 0.273631304502, 0.199016615748, 0.18473982811, 0.17177811265, 0.11080853641, 0.0814092233777, 0.110195912421, 0.431751012802],
    "chords_key": "F#",
    "chords_scale": "major",
    "key_key": "B",
    "key_scale": "minor"
}
}