{
"lowlevel": {
    "average_loudness": 0.968388676643,
    "barkbands_crest": {
        "mean": 10.7292470932,
        "var": 15.4859209061
    },
    "barkbands_flatness_db": {
        "mean": 0.147041320801,
        "var": 0.00210690428503
    },
    "barkbands_kurtosis": {
        "mean": 7.0290350914,
        "var": 192.120117188
    },
    "barkbands_skewness": {
        "mean": 1.98708438873,
        "var": 2.13718247414
    },
    "barkbands_spread": {
        "mean": 18.4629173279,
        "var": 97.313835144
    },
    "dissonance": {
        "mean": 0.448283821344,
        "var": 0.00111333176028
    },
    "dynamic_complexity": 2.29000353813,
    "erbbands_crest": {
        "mean": 9.17691040039,
        "var": 15.4836931229
    },
    "erbbands_flatness_db": {
        "mean": 0.148003309965,
        "var": 0.00141272915062
    },
    "erbbands_kurtosis": {
        "mean": 0.234161630273,
        "var": 3.09394264221
    },
    "erbbands_skewness": {
        "mean": 0.385374248028,
        "var": 0.353049606085
    },
    "erbbands_spread": {
        "mean": 43.0090904236,
        "var": 405.852783203
    },
    "hfc": {
        "mean": 19.8476467133,
        "var": 230.28314209
    },
    "melbands_crest": {
        "mean": 15.5912342072,
        "var": 32.7830276489
    },
    "melbands_flatness_db": {
        "mean": 0.217022180557,
        "var": 0.00364125124179
    },
    "melbands_kurtosis": {
        "mean": 21.0651931763,
        "var": 1225.24963379
    },
    "melbands_skewness": {
        "mean": 3.17309117317,
        "var": 4.34081077576
    },
    "melbands_spread": {
        "mean": 18.408323288,
        "var": 220.949356079
    },
    "pitch_salience": {
        "mean": 0.508611142635,
        "var": 0.0127448737621
    },
    "silence_rate_20dB": {
        "mean": 1,
        "var": 0
    },
    "silence_rate_30dB": {
        "mean": 0.981471955776,
        "var": 0.0181847959757
    },
    "silence_rate_60dB": {
        "mean": 0.0190427172929,
        "var": 0.0186798851937
    },
    "spectral_centroid": {
        "mean": 1129.71704102,
        "var": 345656.09375
    },
    "spectral_complexity": {
        "mean": 17.0247039795,
        "var": 66.8474502563
    },
    "spectral_decrease": {
        "mean": -9.14521081086e-009,
        "var": 4.57214686817e-017
    },
    "spectral_energy": {
        "mean": 0.0363164171576,
        "var": 0.000696978589986
    },
    "spectral_energyband_high": {
        "mean": 0.000671157438774,
        "var": 6.10966253589e-007
    },
    "spectral_energyband_low": {
        "mean": 0.0173411909491,
        "var": 0.000439580035163
    },
    "spectral_energyband_middle_high": {
        "mean": 0.00609219819307,
        "var": 4.81418574054e-005
    },
    "spectral_energyband_middle_low": {
        "mean": 0.0130425114185,
        "var": 0.000104669692519
    },
    "spectral_entropy": {
        "mean": 7.36195325851,
        "var": 0.143902167678
    },
    "spectral_flux": {
        "mean": 0.0965464413166,
        "var": 0.0019525779644
    },
    "spectral_kurtosis": {
        "mean": 4.15344905853,
        "var": 5.34255599976
    },
    "spectral_rms": {
        "mean": 0.00556305795908,
        "var": 4.48300352218e-006
    },
    "spectral_rolloff": {
        "mean": 1050.23962402,
        "var": 1415511.625
    },
    "spectral_skewness": {
        "mean": 1.57359850407,
        "var": 0.147587358952
    },
    "spectral_spread": {
        "mean": 4769730,
        "var": 3.13859165389e+012
    },
    "spectral_strongpeak": {
        "mean": 0.941060066223,
        "var": 1.27401447296
    },
    "zerocrossingrate": {
        "mean": 0.0493407808244,
        "var": 0.000974066148046
    },
    "barkbands": {
        "mean": [0.000342536106473, 0.00674482434988, 0.00953347701579, 0.00144215242472, 0.00491312844679, 0.00192623713519, 0.00142115366179, 0.00081380631309, 0.00230134790763, 0.00155752012506, 0.000826244533528, 0.000681686331518, 0.000553821912035, 0.000753890373744, 0.000701280718204, 0.000264888105448, 0.000298283848679, 0.000220907910261, 0.000193580621271, 0.000305835390463, 0.000164821132785, 0.000110056629637, 8.98907965166e-005, 8.36801846162e-005, 4.83639814775e-005, 2.11739061342e-005, 1.81553696166e-006],
        "var": [4.66248110342e-007, 0.000113744514238, 0.000177096851985, 3.46441674992e-006, 3.46015076502e-005, 6.68588290864e-006, 4.83697931486e-006, 2.35335187426e-006, 1.70889870788e-005, 1.25822016344e-005, 3.84820305044e-006, 3.28232931679e-006, 1.90465664218e-006, 2.20494621317e-006, 1.83124905107e-006, 1.61013119282e-007, 1.53571861006e-007, 7.16157018132e-008, 7.52893853928e-008, 1.53257545321e-007, 7.3919437682e-008, 2.46911735502e-008, 1.63599747083e-008, 1.76166299326e-008, 5.82663073345e-009, 1.63964286592e-009, 3.16525833322e-011]
    },
    "erbbands": {
        "mean": [0.216692656279, 1.5656247139, 9.91645812988, 7.33840847015, 10.6673927307, 18.7101421356, 14.1616706848, 15.9966573715, 18.063501358, 21.0558357239, 23.3407211304, 50.1816329956, 41.2721977234, 58.5501899719, 33.4573516846, 24.4672260284, 24.2140312195, 37.9119033813, 44.2390823364, 23.2269802094, 15.0884552002, 16.0619659424, 12.8294286728, 9.21018791199, 12.4062108994, 15.2087430954, 7.95452308655, 5.88732147217, 3.61910963058, 3.74014186859, 2.49737858772, 1.82400274277, 1.27151060104, 0.652813494205, 0.289841413498, 0.114265985787, 0.0333322510123, 0.00688605010509, 0.00021236432076, 4.74323533126e-005],
        "var": [0.173608720303, 5.00851297379, 197.418609619, 60.0946922302, 169.979934692, 567.216491699, 435.370605469, 547.043273926, 805.487243652, 1094.62536621, 1702.13671875, 8820.90820313, 8690.21386719, 14412.8076172, 3790.16625977, 3435.31689453, 2795.38598633, 5027.37744141, 5912.70654297, 1736.63195801, 354.563873291, 380.385650635, 193.460296631, 125.845947266, 318.553009033, 399.563842773, 120.977844238, 148.713348389, 28.3019771576, 20.8338623047, 15.0754976273, 8.66756153107, 4.38567113876, 1.08344984055, 0.23316539824, 0.0372878350317, 0.00499095208943, 0.000331756280502, 3.12071136932e-007, 1.1863603433e-009]
    },
    "gfcc": {
        "mean": [11.5590906143, 97.5511627197, -108.12109375, 37.2330284119, -58.6141548157, 17.8113479614, -37.5831031799, 9.03401279449, -27.4229240417, -0.131505981088, -18.9368171692, -4.71746730804, -10.4950551987],
        "cov": [[4874.87109375, -79.3894500732, -489.614837646, -67.6285247803, -106.528160095, 95.7348632813, 70.0285186768, 109.966667175, -60.344291687, 49.9412193298, -147.648773193, -22.5196933746, -86.6900558472], [-79.3894500732, 735.20489502, -91.4792098999, 35.4354972839, 143.08392334, -21.1254920959, 111.308418274, -2.82212638855, 59.5108337402, -38.2094497681, 113.153709412, -83.9715194702, 72.3014373779], [-489.614837646, -91.4792098999, 791.171508789, 261.722900391, 108.817054749, 102.159660339, 24.4647083282, 38.56224823, -7.17334794998, 74.8568725586, 38.214012146, 84.9857711792, -37.1395530701], [-67.6285247803, 35.4354972839, 261.722900391, 352.504211426, 95.2262802124, -12.5274219513, -39.5132446289, 27.0233058929, 47.0413208008, 34.5440864563, 32.4024848938, -0.605123877525, 48.8890647888], [-106.528160095, 143.08392334, 108.817054749, 95.2262802124, 243.603149414, 57.5401344299, 31.2572746277, 34.2486228943, 56.4459915161, 31.9857387543, 13.2568626404, -16.2695159912, 21.12758255], [95.7348632813, -21.1254920959, 102.159660339, -12.5274219513, 57.5401344299, 199.765991211, 95.9412307739, 31.2003822327, -11.6512451172, 14.3048591614, 0.0121046127751, -2.8030462265, -28.8178367615], [70.0285186768, 111.308418274, 24.4647083282, -39.5132446289, 31.2572746277, 95.9412307739, 230.130630493, 41.2135047913, -34.5235366821, -23.2490825653, 18.0133666992, -0.370802879333, -8.80431365967], [109.966667175, -2.82212638855, 38.56224823, 27.0233058929, 34.2486228943, 31.2003822327, 41.2135047913, 102.72328186, 35.2395744324, 12.8758945465, -5.57836866379, -4.69588422775, 2.70538115501], [-60.344291687, 59.5108337402, -7.17334794998, 47.0413208008, 56.4459915161, -11.6512451172, -34.5235366821, 35.2395744324, 129.807785034, 42.8423194885, -9.43813228607, -33.6118583679, 10.464425087], [49.9412193298, -38.2094497681, 74.8568725586, 34.5440864563, 31.9857387543, 14.3048591614, -23.2490825653, 12.8758945465, 42.8423194885, 98.4497451782, 15.7231645584, 0.491636872292, -12.1163043976], [-147.648773193, 113.153709412, 38.214012146, 32.4024848938, 13.2568626404, 0.0121046127751, 18.0133666992, -5.57836866379, -9.43813228607, 15.7231645584, 122.491088867, 24.536775589, 8.01010227203], [-22.5196933746, -83.9715194702, 84.9857711792, -0.605123877525, -16.2695159912, -2.8030462265, -0.370802879333, -4.69588422775, -33.6118583679, 0.491636872292, 24.536775589, 106.644439697, 1.47177052498], [-86.6900558472, 72.3014373779, -37.1395530701, 48.8890647888, 21.12758255, -28.8178367615, -8.80431365967, 2.70538115501, 10.464425087, -12.1163043976, 8.01010227203, 1.47177052498, 101.027793884]],
        "icov": [[0.000300920015434, -0.000248591968557, 0.000426050828537, -0.000397870287998, 0.000216725486098, -0.000287484028377, 7.86166929174e-005, -0.000510030018631, 0.000578717968892, -0.00067755888449, 0.000696669449098, -0.00045216595754, 0.00048861047253], [-0.000248591968557, 0.00331809185445, -0.000486372009618, 0.000831358833238, -0.0017366243992, 0.00133923569229, -0.00177818979137, 0.00161607388873, -0.002210755134, 0.0025752435904, -0.00389292580076, 0.00299985636957, -0.00181930325925], [0.000426050828537, -0.000486372009618, 0.0030858409591, -0.0025803016033, 1.96495375349e-006, -0.00134053686634, 6.02003092354e-005, -0.000957072421443, 0.00162079103757, -0.0021550829988, 0.00142196379602, -0.00268101482652, 0.00224477727897], [-0.000397870287998, 0.000831358833238, -0.0025803016033, 0.00587386218831, -0.00142092828173, 0.00142063200474, 0.000531368365046, 0.000179530092282, -0.00173580739647, 0.00150290690362, -0.00252702692524, 0.0025656640064, -0.00346049503423], [0.000216725486098, -0.0017366243992, 1.96495375349e-006, -0.00142092828173, 0.00669522024691, -0.00222760112956, 0.000248941534664, -0.000968067557551, -0.000896099081729, -0.00186697090976, 0.00183613447007, -0.00110464321915, -0.000131389184389], [-0.000287484028377, 0.00133923569229, -0.00134053686634, 0.00142063200474, -0.00222760112956, 0.00828610826284, -0.00320246396586, 1.28612336994e-005, -0.000101839708805, 0.00022724995506, -0.00132633151952, 0.00220574904233, 0.000275439757388], [7.86166929174e-005, -0.00177818979137, 6.02003092354e-005, 0.000531368365046, 0.000248941534664, -0.00320246396586, 0.00766133004799, -0.00355320842937, 0.00290573108941, 0.000423009332735, 0.000557777355425, -0.000827534357086, 0.000619880738668], [-0.000510030018631, 0.00161607388873, -0.000957072421443, 0.000179530092282, -0.000968067557551, 1.28612336994e-005, -0.00355320842937, 0.0141555452719, -0.00574810849503, 0.00167977286037, -0.00131661631167, 0.000898088561371, -0.00162737094797], [0.000578717968892, -0.002210755134, 0.00162079103757, -0.00173580739647, -0.000896099081729, -0.000101839708805, 0.00290573108941, -0.00574810849503, 0.015070556663, -0.00706004723907, 0.00397070031613, 0.000547839095816, 0.00134953274392], [-0.00067755888449, 0.0025752435904, -0.0021550829988, 0.00150290690362, -0.00186697090976, 0.00022724995506, 0.000423009332735, 0.00167977286037, -0.00706004723907, 0.0170339327306, -0.00591033743694, 0.00246734148823, -0.000289959309157], [0.000696669449098, -0.00389292580076, 0.00142196379602, -0.00252702692524, 0.00183613447007, -0.00132633151952, 0.000557777355425, -0.00131661631167, 0.00397070031613, -0.00591033743694, 0.0146003803238, -0.00598819227889, 0.0022604810074], [-0.00045216595754, 0.00299985636957, -0.00268101482652, 0.0025656640064, -0.00110464321915, 0.00220574904233, -0.000827534357086, 0.000898088561371, 0.000547839095816, 0.00246734148823, -0.00598819227889, 0.015308206901, -0.0035070637241], [0.00048861047253, -0.00181930325925, 0.00224477727897, -0.00346049503423, -0.000131389184389, 0.000275439757388, 0.000619880738668, -0.00162737094797, 0.00134953274392, -0.000289959309157, 0.0022604810074, -0.0035070637241, 0.014020296745]]
    },
    "melbands": {
        "mean": [0.00181246676948, 0.0040730391629, 0.00138624990359, 0.00118715781718, 0.000535489642061, 0.00035080165253, 0.000289552699542, 0.000215570486034, 0.000210677550058, 0.000327395944623, 0.000205334712518, 0.000243851813138, 0.000120104486996, 7.76669330662e-005, 5.2965402574e-005, 5.69177936995e-005, 7.08876323188e-005, 7.30662650312e-005, 4.36109294242e-005, 2.11428578041e-005, 1.67007092386e-005, 1.70116272784e-005, 1.3872980162e-005, 1.07290943561e-005, 6.79614322507e-006, 7.76458000473e-006, 1.03584698081e-005, 1.00200040833e-005, 5.56302211407e-006, 3.76675211555e-006, 2.89263630293e-006, 1.86608031072e-006, 2.36544974541e-006, 1.95546954274e-006, 1.53283872351e-006, 1.07438791019e-006, 1.12380314476e-006, 9.85607698567e-007, 6.5333438215e-007, 5.07736274358e-007],
        "var": [1.0081954315e-005, 2.96073230857e-005, 1.80854885912e-006, 2.38365055338e-006, 4.54602741229e-007, 2.46393739189e-007, 1.9396730977e-007, 1.04304547222e-007, 1.37067488026e-007, 3.78755288466e-007, 2.30855633276e-007, 2.65495884832e-007, 5.33662998237e-008, 4.69092711342e-008, 1.4826700756e-008, 1.85883699544e-008, 2.08862456219e-008, 1.84367934253e-008, 1.02509076783e-008, 1.32271682496e-009, 4.9230958199e-010, 5.28190491345e-010, 2.99006291948e-010, 2.22601187483e-010, 8.1969472876e-011, 1.34860622669e-010, 2.56188292802e-010, 2.04182198926e-010, 7.07048447568e-011, 4.89162495232e-011, 3.72261006742e-011, 1.07929212442e-011, 1.14826334205e-011, 6.11323925509e-012, 5.8963103497e-012, 3.43308563001e-012, 3.68607965331e-012, 3.16600782049e-012, 1.07726956695e-012, 7.1459017089e-013]
    },
    "mfcc": {
        "mean": [-633.013061523, 124.381271362, 10.1592941284, 23.4724731445, 5.64000320435, 6.18489313126, 3.29811930656, 3.50394129753, -0.537346541882, 4.76228046417, -5.01399040222, -5.02022647858, -2.40138912201],
        "cov": [[3479.49194336, -73.3236694336, -462.530975342, -151.551483154, -199.40222168, -32.3335914612, 26.178899765, 27.0712909698, 70.4251022339, 135.615203857, 11.9464073181, -69.3995285034, -84.4908752441], [-73.3236694336, 630.031677246, -124.236686707, 14.5884876251, 18.4807891846, 28.6569423676, 94.2819061279, 41.1781425476, -3.32151222229, 48.3323020935, 35.0771827698, 2.23936486244, 24.8488483429], [-462.530975342, -124.236686707, 605.547668457, 171.935165405, 99.9560928345, 83.999382019, 70.3004989624, 27.5020618439, -3.4303290844, -51.1929283142, 41.8824462891, 84.0282592773, 34.4645881653], [-151.551483154, 14.5884876251, 171.935165405, 330.943664551, 140.950256348, -0.324091374874, -10.5167207718, -23.949590683, 31.9708194733, 7.28818941116, -29.5998249054, 30.4384212494, 64.0458221436], [-199.40222168, 18.4807891846, 99.9560928345, 140.950256348, 285.962860107, 45.2624816895, -38.3976860046, -21.2976799011, 31.4342288971, 54.0965080261, 11.5033397675, -3.4947476387, 73.1324615479], [-32.3335914612, 28.6569423676, 83.999382019, -0.324091374874, 45.2624816895, 155.673278809, 72.9402999878, 22.6152973175, 21.3491668701, 12.5209598541, 40.3268508911, 12.7417125702, -19.058139801], [26.178899765, 94.2819061279, 70.3004989624, -10.5167207718, -38.3976860046, 72.9402999878, 221.524490356, 82.8678359985, -6.38041830063, -0.948645353317, 21.6173744202, 24.9249668121, -11.5170726776], [27.0712909698, 41.1781425476, 27.5020618439, -23.949590683, -21.2976799011, 22.6152973175, 82.8678359985, 129.598342896, 22.4209213257, -4.34779453278, 12.0912876129, 3.39568638802, 2.8650727272], [70.4251022339, -3.32151222229, -3.4303290844, 31.9708194733, 31.4342288971, 21.3491668701, -6.38041830063, 22.4209213257, 135.033660889, 48.6827163696, -5.687915802, -11.5282697678, -8.66164684296], [135.615203857, 48.3323020935, -51.1929283142, 7.28818941116, 54.0965080261, 12.5209598541, -0.948645353317, -4.34779453278, 48.6827163696, 147.256774902, 32.8817520142, -30.0273532867, 10.0726108551], [11.9464073181, 35.0771827698, 41.8824462891, -29.5998249054, 11.5033397675, 40.3268508911, 21.6173744202, 12.0912876129, -5.687915802, 32.8817520142, 115.248970032, 24.0513839722, -1.48659622669], [-69.3995285034, 2.23936486244, 84.0282592773, 30.4384212494, -3.4947476387, 12.7417125702, 24.9249668121, 3.39568638802, -11.5282697678, -30.0273532867, 24.0513839722, 110.818740845, 22.8967552185], [-84.4908752441, 24.8488483429, 34.4645881653, 64.0458221436, 73.1324615479, -19.058139801, -11.5170726776, 2.8650727272, -8.66164684296, 10.0726108551, -1.48659622669, 22.8967552185, 125.031715393]],
        "icov": [[0.000354239775334, 0.000145491751027, 0.000295985548291, -0.000110798777314, 0.000233450758969, -4.88987534482e-005, -0.000106487925223, -7.6085467299e-005, -7.80505797593e-005, -0.000307081878418, -0.000107658124762, -1.50249452417e-005, 5.43683418073e-005], [0.000145491751027, 0.00204514153302, 0.000884770124685, -0.000517762673553, -6.49965877528e-005, -0.00016417245206, -0.000965844490565, -0.000311546202283, 0.000247995572863, -0.000382103928132, -0.000674860901199, -0.000105294682726, -0.000296416430501], [0.000295985548291, 0.000884770124685, 0.00305645982735, -0.00147780799307, -0.000330861541443, -0.000888929294888, -0.000778092595283, -0.000524337578099, 0.000148962892126, 0.000779358670115, -0.00125684344675, -0.000971705769189, 4.75657943753e-005], [-0.000110798777314, -0.000517762673553, -0.00147780799307, 0.00521783344448, -0.00195316318423, 0.0010834352579, -0.000401197117753, 0.00129373825621, -0.00124264601618, 3.72732356482e-005, 0.0018953634426, -0.000850196403917, -0.000907272624318], [0.000233450758969, -6.49965877528e-005, -0.000330861541443, -0.00195316318423, 0.00654438044876, -0.002729420783, 0.00170921557583, 0.000152522246935, -0.000135597176268, -0.00183833611663, -0.000189962331206, 0.00119626498781, -0.00291023985483], [-4.88987534482e-005, -0.00016417245206, -0.000888929294888, 0.0010834352579, -0.002729420783, 0.0103219235316, -0.00351079902612, 0.00096991128521, -0.00184514862485, 0.000841598608531, -0.00241085095331, -8.05853196653e-005, 0.00230429600924], [-0.000106487925223, -0.000965844490565, -0.000778092595283, -0.000401197117753, 0.00170921557583, -0.00351079902612, 0.00838405452669, -0.00450655864552, 0.00188196345698, -0.00138492556289, 0.00117373815738, -0.00114271452185, 0.00034581226646], [-7.6085467299e-005, -0.000311546202283, -0.000524337578099, 0.00129373825621, 0.000152522246935, 0.00096991128521, -0.00450655864552, 0.0116638699546, -0.00333530129865, 0.00183460302651, -0.00108974101022, 0.00130096019711, -0.00176147662569], [-7.80505797593e-005, 0.000247995572863, 0.000148962892126, -0.00124264601618, -0.000135597176268, -0.00184514862485, 0.00188196345698, -0.00333530129865, 0.0102454312146, -0.00387068861164, 0.00199561426416, -0.000709493411705, 0.00171651993878], [-0.000307081878418, -0.000382103928132, 0.000779358670115, 3.72732356482e-005, -0.00183833611663, 0.000841598608531, -0.00138492556289, 0.00183460302651, -0.00387068861164, 0.0110135208815, -0.00414714496583, 0.00302151357755, -0.0010895866435], [-0.000107658124762, -0.000674860901199, -0.00125684344675, 0.0018953634426, -0.000189962331206, -0.00241085095331, 0.00117373815738, -0.00108974101022, 0.00199561426416, -0.00414714496583, 0.0125795081258, -0.00334012648091, 0.000547243223991], [-1.50249452417e-005, -0.000105294682726, -0.000971705769189, -0.000850196403917, 0.00119626498781, -8.05853196653e-005, -0.00114271452185, 0.00130096019711, -0.000709493411705, 0.00302151357755, -0.00334012648091, 0.0122815575451, -0.00271431030706], [5.43683418073e-005, -0.000296416430501, 4.75657943753e-005, -0.000907272624318, -0.00291023985483, 0.00230429600924, 0.00034581226646, -0.00176147662569, 0.00171651993878, -0.0010895866435, 0.000547243223991, -0.00271431030706, 0.0113811949268]]
    },
    "spectral_contrast_coeffs": {
        "mean": [-0.603375077248, -0.690763354301, -0.707235991955, -0.73152589798, -0.75858259201, -0.751058101654],
        "var": [0.00639255438, 0.00612709997222, 0.00716078560799, 0.00456776889041, 0.00252643483691, 0.00158888334408]
    },
    "spectral_contrast_valleys": {
        "mean": [-7.0657954216, -6.95583581924, -7.58305597305, -8.04278755188, -7.82151985168, -10.3885059357],
        "var": [1.27601635456, 1.09474945068, 0.97863048315, 0.888962030411, 0.9241361022, 0.948409616947]
    }
},
"metadata": {
    "audio_properties": {
        "analysis_sample_rate": 44100,
        "bit_rate": 108002,
        "equal_loudness": 0,
        "length": 45.0873451233,
        "lossless": 0,
        "replay_gain": -8.98394966125,
        "sample_rate": 44100,
        "codec": "mp3",
        "downmix": "mix",
        "md5_encoded": "9263afef4dc9cda491a9f4a9f2679724"
    },
    "tags": {
        "file_name": "651.mp3"
    },
    "version": {
        "essentia": "2.1-beta2",
        "essentia_git_sha": "v2.1_beta2",
        "extractor": "music 1.0"
    }
},
"rhythm": {
    "beats_count": 99,
    "beats_loudness": {
        "mean": 0.0430144965649,
        "var": 0.000385493767681
    },
    "bpm": 133.248931885,
    "bpm_histogram_first_peak_bpm": {
        "mean": 133,
        "var": 0
    },
    "bpm_histogram_first_peak_spread": {
        "mean": 0.412371128798,
        "var": 0
    },
    "bpm_histogram_first_peak_weight": {
        "mean": 0.58163267374,
        "var": 0
    },
    "bpm_histogram_second_peak_bpm": {
        "mean": 126,
        "var": 0
    },
    "bpm_histogram_second_peak_spread": {
        "mean": 0,
        "var": 0
    },
    "bpm_histogram_second_peak_weight": {
        "mean": 0.0102040814236,
        "var": 0
    },
    "danceability": 1.37207484245,
    "onset_rate": 4.4562921524,
    "beats_loudness_band_ratio": {
        "mean": [0.359646320343, 0.238060608506, 0.196641728282, 0.135495960712, 0.0708323866129, 0.0530690290034],
        "var": [0.0456434823573, 0.0192272812128, 0.0171903353184, 0.0176161434501, 0.00308855855837, 0.000816942483652]
    },
    "beats_position": [0.441179126501, 0.882358253002, 1.33514738083, 1.77632653713, 2.22911548615, 2.68190479279, 3.13469386101, 3.5758728981, 4.02866220474, 4.49306106567, 4.96907043457, 5.4334692955, 5.89786815643, 6.3622674942, 6.81505680084, 7.26784563065, 7.70902490616, 8.15020370483, 8.60299301147, 9.05578231812, 9.49696159363, 9.94974994659, 10.3909292221, 10.8437185287, 11.2848978043, 11.7260770798, 12.1672563553, 12.6200447083, 13.0728340149, 13.5256233215, 13.9784126282, 14.4312019348, 14.8839902878, 15.3367795944, 15.7895689011, 16.242357254, 16.6951465607, 17.1479358673, 17.5891151428, 18.0419044495, 18.4946937561, 18.9474830627, 19.4118824005, 19.8762817383, 20.3406791687, 20.8050785065, 21.2578678131, 21.7106571198, 22.1634464264, 22.616235733, 23.0574150085, 23.4985942841, 23.9397735596, 24.3925609589, 24.8453502655, 25.286529541, 25.7277088165, 26.168888092, 26.6216773987, 27.0744667053, 27.527256012, 27.9684352875, 28.4212245941, 28.8740139008, 29.3268013, 29.7795906067, 30.2323799133, 30.6735591888, 31.1263484955, 31.5791378021, 32.0203170776, 32.4614944458, 32.9142837524, 33.3670730591, 33.8198623657, 34.2842636108, 34.7370529175, 35.2014503479, 35.6542396545, 36.1070289612, 36.5598182678, 37.000995636, 37.4537849426, 37.9065742493, 38.3593635559, 38.8121528625, 39.2649421692, 39.7061233521, 40.1473007202, 40.5884780884, 41.041267395, 41.4940567017, 41.9468460083, 42.3996353149, 42.8408164978, 43.281993866, 43.7231750488, 44.164352417, 44.6055335999]
},
"tonal": {
    "chords_changes_rate": 0.0936213955283,
    "chords_number_rate": 0.00925925932825,
    "chords_strength": {
        "mean": 0.50340873003,
        "var": 0.00703227240592
    },
    "hpcp_entropy": {
        "mean": 1.98881936073,
        "var": 0.455632805824
    },
    "key_strength": 0.599007129669,
    "tuning_diatonic_strength": 0.657806813717,
    "tuning_equal_tempered_deviation": 0.266353905201,
    "tuning_frequency": 434.193115234,
    "tuning_nontempered_energy_ratio": 0.91896879673,
    "hpcp": {
        "mean": [0.400189012289, 0.368243694305, 0.231199398637, 0.147792711854, 0.126920953393, 0.121545650065, 0.168285921216, 0.216214612126, 0.157997846603, 0.0742357224226, 0.0405931435525, 0.038846898824, 0.0659136325121, 0.0842904672027, 0.0652514249086, 0.0719600990415, 0.110834911466, 0.0975570976734, 0.0712335407734, 0.0693300589919, 0.0683412328362, 0.101391978562, 0.130459979177, 0.13084949553, 0.125474363565, 0.0913162231445, 0.0854220762849, 0.141451328993, 0.165926501155, 0.127959311008, 0.107115700841, 0.113227948546, 0.105873934925, 0.110436029732, 0.155273273587, 0.275657713413],
        "var": [0.146356448531, 0.116709969938, 0.0773773342371, 0.0614424683154, 0.0617370642722, 0.0556863807142, 0.0696252286434, 0.0948553159833, 0.0628209263086, 0.0268855337054, 0.008306437172, 0.00758002325892, 0.0155448615551, 0.028305510059, 0.0184470545501, 0.026627542451, 0.0527862459421, 0.0429134070873, 0.0173121131957, 0.0198604818434, 0.0156867597252, 0.0347331613302, 0.0554385334253, 0.0437546521425, 0.0565798319876, 0.0263389553875, 0.0342996828258, 0.0550589188933, 0.0648335516453, 0.0408713333309, 0.041246984154, 0.045090187341, 0.0412890799344, 0.0429485030472, 0.0598375014961, 0.104811936617]
    },
    "chords_histogram": [18.7242794037, 0, 14.1975307465, 1.95473253727, 12.8600826263, 0.308641970158, 0.411522626877, 0, 0, 0, 0, 0, 0, 0, 0, 7.51028823853, 1.64609050751, 1.23456788063, 0, 0, 0, 0.205761313438, 26.9547328949, 13.9917697906],
    "thpcp": [1, 0.92017441988, 0.577725529671, 0.369307279587, 0.317152529955, 0.303720593452, 0.420516103506, 0.540281236172, 0.39480805397, 0.185501649976, 0.101434931159, 0.0970713794231, 0.164706259966, 0.210626646876, 0.163051515818, 0.179815277457, 0.276956409216, 0.243777558208, 0.177999734879, 0.173243284225, 0.170772388577, 0.253360211849, 0.325995892286, 0.326969236135, 0.313537746668, 0.228182733059, 0.213454321027, 0.353461295366, 0.41462033987, 0.319747179747, 0.267662763596, 0.282936185598, 0.264559835196, 0.275959670544, 0.38799983263, 0.68881881237],
    "chords_key": "D",
    "chords_scale": "major",
    "key_key": "A",
    "key_scale": "major"
}
}