{
"lowlevel": {
    "average_loudness": 0.978459954262,
    "barkbands_crest": {
        "mean": 16.6235141754,
        "var": 35.5567817688
    },
    "barkbands_flatness_db": {
        "mean": 0.214110761881,
        "var": 0.00564660457894
    },
    "barkbands_kurtosis": {
        "mean": 32.5084724426,
        "var": 2524.88671875
    },
    "barkbands_skewness": {
        "mean": 4.2389497757,
        "var": 8.38936424255
    },
    "barkbands_spread": {
        "mean": 18.8399295807,
        "var": 474.650512695
    },
    "dissonance": {
        "mean": 0.448587477207,
        "var": 0.00140093127266
    },
    "dynamic_complexity": 1.95025169849,
    "erbbands_crest": {
        "mean": 9.33051967621,
        "var": 18.9869842529
    },
    "erbbands_flatness_db": {
        "mean": 0.119678370655,
        "var": 0.0015585165238
    },
    "erbbands_kurtosis": {
        "mean": 1.11832368374,
        "var": 8.10141277313
    },
    "erbbands_skewness": {
        "mean": 0.794782698154,
        "var": 0.678537786007
    },
    "erbbands_spread": {
        "mean": 68.0915756226,
        "var": 1254.02905273
    },
    "hfc": {
        "mean": 29.1406211853,
        "var": 820.608154297
    },
    "melbands_crest": {
        "mean": 22.5111541748,
        "var": 48.490978241
    },
    "melbands_flatness_db": {
        "mean": 0.299957543612,
        "var": 0.00822484586388
    },
    "melbands_kurtosis": {
        "mean": 95.3951950073,
        "var": 17671.7949219
    },
    "melbands_skewness": {
        "mean": 6.7110042572,
        "var": 16.4306812286
    },
    "melbands_spread": {
        "mean": 10.4833688736,
        "var": 276.761749268
    },
    "pitch_salience": {
        "mean": 0.367944985628,
        "var": 0.0341296754777
    },
    "silence_rate_20dB": {
        "mean": 0.996910393238,
        "var": 0.0030800444074
    },
    "silence_rate_30dB": {
        "mean": 0.696704447269,
        "var": 0.21130476892
    },
    "silence_rate_60dB": {
        "mean": 0.00772399595007,
        "var": 0.00766441132873
    },
    "spectral_centroid": {
        "mean": 900.276977539,
        "var": 592311.5625
    },
    "spectral_complexity": {
        "mean": 11.9742536545,
        "var": 57.9601783752
    },
    "spectral_decrease": {
        "mean": -2.31353975977e-008,
        "var": 4.65399552951e-016
    },
    "spectral_energy": {
        "mean": 0.0899615436792,
        "var": 0.00674546556547
    },
    "spectral_energyband_high": {
        "mean": 0.00194414344151,
        "var": 7.90372268966e-006
    },
    "spectral_energyband_low": {
        "mean": 0.0726037845016,
        "var": 0.00630436046049
    },
    "spectral_energyband_middle_high": {
        "mean": 0.00167100760154,
        "var": 3.82699590773e-006
    },
    "spectral_energyband_middle_low": {
        "mean": 0.0152197135612,
        "var": 0.000527031370439
    },
    "spectral_entropy": {
        "mean": 7.55328559875,
        "var": 0.367351859808
    },
    "spectral_flux": {
        "mean": 0.12927493453,
        "var": 0.0082945516333
    },
    "spectral_kurtosis": {
        "mean": 2.7448618412,
        "var": 9.66358757019
    },
    "spectral_rms": {
        "mean": 0.00842712260783,
        "var": 1.67509297171e-005
    },
    "spectral_rolloff": {
        "mean": 1054.97412109,
        "var": 6142742.5
    },
    "spectral_skewness": {
        "mean": 1.51743447781,
        "var": 0.407459437847
    },
    "spectral_spread": {
        "mean": 8026051,
        "var": 7.07536932045e+012
    },
    "spectral_strongpeak": {
        "mean": 0.73727953434,
        "var": 0.15135794878
    },
    "zerocrossingrate": {
        "mean": 0.0536174029112,
        "var": 0.00306397280656
    },
    "barkbands": {
        "mean": [0.00163188530132, 0.0569983161986, 0.0126064941287, 0.0034084788058, 0.00676208874211, 0.00138528877869, 0.00158571102656, 0.00101084390189, 0.000857021659613, 0.00066455884371, 0.00027972101816, 0.000110438282718, 0.000201501141419, 8.5521111032e-005, 5.36339975952e-005, 5.8093235566e-005, 7.22688782844e-005, 7.40399264032e-005, 0.000114592141472, 0.000126818471472, 0.000207359931665, 0.000206396231079, 0.000264472677372, 0.000405124126701, 0.000479087175336, 0.000302313972497, 9.53000289883e-006],
        "var": [6.57868758935e-006, 0.0062003377825, 0.000316524092341, 5.79387378821e-005, 0.000227138079936, 3.5612663396e-006, 3.69772897102e-006, 2.12097666008e-006, 3.75864601665e-006, 1.69402665051e-006, 1.96907080863e-007, 7.02167994859e-008, 1.11564418148e-007, 1.41768543571e-008, 7.46169614985e-009, 1.58155515351e-008, 1.32248789697e-008, 9.94854687519e-009, 3.06929450744e-008, 9.84102825896e-008, 1.71442763985e-007, 1.11887146659e-007, 1.5075441695e-007, 3.59964928975e-007, 6.13733789123e-007, 3.42596905512e-007, 3.14734793783e-009]
    },
    "erbbands": {
        "mean": [2.00087714195, 11.2784605026, 16.5097408295, 11.8788776398, 23.3256549835, 18.9897880554, 10.3803071976, 11.3315105438, 19.1795978546, 29.8413925171, 16.0143852234, 15.7803754807, 26.151008606, 15.7383232117, 9.59543037415, 4.89219808578, 9.72488689423, 5.45298433304, 3.38923954964, 2.5669169426, 3.70056986809, 3.8452527523, 4.15451145172, 3.68237805367, 7.21595191956, 6.06212806702, 8.22570991516, 7.0085144043, 6.48045158386, 9.36129379272, 7.16814374924, 8.31495189667, 6.84393262863, 5.44848012924, 3.1322760582, 1.76143372059, 0.515293776989, 0.0516688711941, 0.00148691236973, 0.00015281199012],
        "var": [11.1172266006, 203.624725342, 336.595367432, 355.880523682, 2675.11132813, 2017.01660156, 334.174072266, 224.050048828, 551.786315918, 1428.9909668, 558.390441895, 722.292114258, 2582.9519043, 518.349243164, 209.794509888, 99.0346908569, 248.089569092, 54.2739219666, 22.7683544159, 16.73229599, 61.6607017517, 40.4641189575, 29.5001773834, 32.4090538025, 130.777313232, 246.455215454, 473.007171631, 115.442619324, 124.289489746, 271.265991211, 102.277275085, 142.313964844, 118.081344604, 66.0538101196, 28.4781684875, 10.6653490067, 1.26929199696, 0.0313753783703, 3.54494441126e-005, 2.65098112351e-008]
    },
    "gfcc": {
        "mean": [11.8839178085, 75.3784179688, -58.2839317322, 39.622215271, -66.0639266968, 35.1891288757, -33.9856719971, 27.7326850891, -19.5142154694, 9.80634880066, -10.2470827103, 2.21273994446, -11.6122236252],
        "cov": [[5124.37402344, -871.522644043, 187.809310913, 334.394592285, -89.5849761963, -3.06728792191, -23.7676773071, -26.2891197205, -417.817443848, 141.855377197, -399.768280029, 143.093521118, -181.98097229], [-871.522644043, 1833.21472168, -231.925064087, -148.158493042, 121.362869263, -26.994644165, -19.9843769073, -198.444869995, 178.239776611, -251.402542114, 241.471389771, -233.617797852, 204.283401489], [187.809310913, -231.925064087, 486.512664795, 142.161636353, 129.996002197, 41.834815979, 59.1094551086, 46.3882675171, -22.5957336426, 5.128926754, -96.3545074463, 46.8395233154, -76.1130828857], [334.394592285, -148.158493042, 142.161636353, 298.277648926, 102.208099365, 56.3751792908, 56.4206428528, 12.8315877914, -54.6358070374, -12.9227666855, -73.5944290161, -37.0105552673, -30.4476070404], [-89.5849761963, 121.362869263, 129.996002197, 102.208099365, 238.898681641, 105.511871338, 129.679595947, 35.2219810486, 47.6717033386, -10.824640274, 20.1642799377, -27.188331604, 22.3362216949], [-3.06728792191, -26.994644165, 41.834815979, 56.3751792908, 105.511871338, 180.974517822, 138.31300354, 98.5126037598, 64.1915512085, 26.979675293, 49.4826469421, 6.68512487411, 37.2494239807], [-23.7676773071, -19.9843769073, 59.1094551086, 56.4206428528, 129.679595947, 138.31300354, 233.523208618, 119.461875916, 97.8536911011, 33.439743042, 38.522190094, 11.5650205612, 68.1430053711], [-26.2891197205, -198.444869995, 46.3882675171, 12.8315877914, 35.2219810486, 98.5126037598, 119.461875916, 171.931533813, 92.4127655029, 64.634185791, 24.3409729004, 38.7153701782, 22.2626285553], [-417.817443848, 178.239776611, -22.5957336426, -54.6358070374, 47.6717033386, 64.1915512085, 97.8536911011, 92.4127655029, 218.745834351, 76.3886489868, 143.773681641, 12.829492569, 74.8692169189], [141.855377197, -251.402542114, 5.128926754, -12.9227666855, -10.824640274, 26.979675293, 33.439743042, 64.634185791, 76.3886489868, 164.46156311, 79.2227096558, 86.1688461304, 2.15673565865], [-399.768280029, 241.471389771, -96.3545074463, -73.5944290161, 20.1642799377, 49.4826469421, 38.522190094, 24.3409729004, 143.773681641, 79.2227096558, 217.646499634, 41.2892341614, 95.1352767944], [143.093521118, -233.617797852, 46.8395233154, -37.0105552673, -27.188331604, 6.68512487411, 11.5650205612, 38.7153701782, 12.829492569, 86.1688461304, 41.2892341614, 130.682632446, 31.356760025], [-181.98097229, 204.283401489, -76.1130828857, -30.4476070404, 22.3362216949, 37.2494239807, 68.1430053711, 22.2626285553, 74.8692169189, 2.15673565865, 95.1352767944, 31.356760025, 157.114318848]],
        "icov": [[0.000382148573408, -0.000444114528364, 0.000159950461239, -0.000378841767088, 0.000277203391306, -0.000385637773434, -0.000188748686924, -8.7093343609e-005, 0.000835296348669, -0.00148919026833, 0.00131830247119, -0.000811208854429, 0.000156421461725], [-0.000444114528364, 0.00299314130098, -0.00061296595959, 0.00125346682034, -0.00104561098851, 0.00083700241521, 0.000442425778601, 0.00236013578251, -0.00266264611855, 0.00501934019849, -0.0044138324447, 0.00424171611667, -0.00201027840376], [0.000159950461239, -0.00061296595959, 0.00438855169341, -0.00180142908357, -0.00203273189254, -4.41110296379e-006, -2.74395042652e-005, -0.000277964456473, -0.00172724178992, 0.00108455354348, 0.00296748080291, -0.00596759654582, 0.00330281862989], [-0.000378841767088, 0.00125346682034, -0.00180142908357, 0.00626807427034, -0.00167570612393, -0.000561894499697, 7.81084600021e-005, 0.000664110353682, 0.00141277478542, -0.000517977052368, -0.00131426681764, 0.00577216781676, -0.00250541535206], [0.000277203391306, -0.00104561098851, -0.00203273189254, -0.00167570612393, 0.00971304718405, -0.00302016362548, -0.00410165358335, 0.00206575170159, 0.000614358461462, -0.00153089151718, 0.000214990010136, 0.000734184752218, 0.000644084473606], [-0.000385637773434, 0.00083700241521, -4.41110296379e-006, -0.000561894499697, -0.00302016362548, 0.0142652327195, -0.00427330983803, -0.00555664626881, 0.00205106125213, 0.00323660578579, -0.00660000741482, 0.00203033490106, 0.000611449941061], [-0.000188748686924, 0.000442425778601, -2.74395042652e-005, 7.81084600021e-005, -0.00410165358335, -0.00427330983803, 0.0131576778367, -0.00373875163496, -0.00275809527375, -0.000427044491516, 0.00244729872793, 0.0012657684274, -0.00478703714907], [-8.7093343609e-005, 0.00236013578251, -0.000277964456473, 0.000664110353682, 0.00206575170159, -0.00555664626881, -0.00373875163496, 0.0177172590047, -0.00863562896848, 0.00179310666863, 0.00235512992367, -0.000619733007625, -0.000252630416071], [0.000835296348669, -0.00266264611855, -0.00172724178992, 0.00141277478542, 0.000614358461462, 0.00205106125213, -0.00275809527375, -0.00863562896848, 0.0192768927664, -0.0107165686786, -0.00375613197684, 0.00502336630598, -0.00205419352278], [-0.00148919026833, 0.00501934019849, 0.00108455354348, -0.000517977052368, -0.00153089151718, 0.00323660578579, -0.000427044491516, 0.00179310666863, -0.0107165686786, 0.0275805406272, -0.0129490764812, -0.00519009307027, 0.00516015617177], [0.00131830247119, -0.0044138324447, 0.00296748080291, -0.00131426681764, 0.000214990010136, -0.00660000741482, 0.00244729872793, 0.00235512992367, -0.00375613197684, -0.0129490764812, 0.0232615359128, -0.00934475846589, -0.00166472257115], [-0.000811208854429, 0.00424171611667, -0.00596759654582, 0.00577216781676, 0.000734184752218, 0.00203033490106, 0.0012657684274, -0.000619733007625, 0.00502336630598, -0.00519009307027, -0.00934475846589, 0.028697963804, -0.0116656785831], [0.000156421461725, -0.00201027840376, 0.00330281862989, -0.00250541535206, 0.000644084473606, 0.000611449941061, -0.00478703714907, -0.000252630416071, -0.00205419352278, 0.00516015617177, -0.00166472257115, -0.0116656785831, 0.0163940452039]]
    },
    "melbands": {
        "mean": [0.0167022775859, 0.010859197937, 0.0025024691131, 0.00167840381619, 0.000424198748078, 0.000260090368101, 0.000305282825138, 0.000313862488838, 0.000115280250611, 0.000110269815195, 0.000133474823087, 6.70767112751e-005, 3.76237621822e-005, 1.27897674247e-005, 1.74811611942e-005, 1.9301818611e-005, 9.16483350011e-006, 5.44962540516e-006, 3.68524410987e-006, 3.46012461705e-006, 4.62503976451e-006, 4.12227655033e-006, 3.47387003785e-006, 3.90199784306e-006, 2.62327853306e-006, 4.80591688756e-006, 5.04294484927e-006, 3.81424888474e-006, 4.81479082737e-006, 5.31769046574e-006, 3.63933622793e-006, 3.142712103e-006, 4.84509610033e-006, 5.28153304913e-006, 4.04252659791e-006, 4.07925062973e-006, 5.58513738724e-006, 4.60225237475e-006, 4.48625814897e-006, 4.68840244139e-006],
        "var": [0.000643290346488, 9.22809776966e-005, 1.49109373524e-005, 1.43872448461e-005, 6.77409730088e-007, 1.20845854212e-007, 1.36323890843e-007, 1.62020256766e-007, 3.24813278496e-008, 5.16597751243e-008, 6.98825957102e-008, 1.26739143624e-008, 3.24944049446e-009, 8.48966619227e-010, 1.02339270391e-009, 1.37329847494e-009, 1.55673474111e-010, 5.93901108847e-011, 4.01020883167e-011, 4.18384805967e-011, 9.18879278222e-011, 5.11621404964e-011, 2.15008930798e-011, 2.76710911129e-011, 2.0154336533e-011, 5.13319768636e-011, 8.26075180482e-011, 1.38453484788e-010, 2.19492382603e-010, 1.21211846116e-010, 2.71943006308e-011, 3.18797106769e-011, 7.32410868065e-011, 8.78426775763e-011, 2.92840855731e-011, 3.79452545773e-011, 6.45971470759e-011, 5.96831056798e-011, 4.04784886165e-011, 5.59376642228e-011]
    },
    "mfcc": {
        "mean": [-647.680419922, 107.870727539, 58.8409690857, 17.5683879852, 12.2014322281, 5.15918159485, 9.00986289978, 12.7491102219, 5.31443119049, 9.80298805237, 9.07429790497, 6.18462467194, 2.24983334541],
        "cov": [[3378.89453125, -737.652770996, 51.1252365112, 299.380096436, -160.28276062, 149.309295654, 134.530273438, -131.34992981, 37.5140266418, -158.373275757, -147.690872192, -93.3034515381, -61.4221572876], [-737.652770996, 1466.55273438, -93.8037567139, -107.773681641, 126.642349243, -20.7150611877, -81.6110229492, -6.86388921738, -79.2030181885, 19.2449874878, -48.1308860779, -32.0857772827, -4.14282417297], [51.1252365112, -93.8037567139, 285.784637451, 99.7676467896, 52.1195297241, 37.34532547, 8.4710149765, 54.0852775574, 15.6918497086, 2.59136962891, 22.9883041382, -17.5713481903, -15.4657945633], [299.380096436, -107.773681641, 99.7676467896, 232.454376221, 56.9695930481, 77.9147033691, 60.8757095337, 15.4601354599, 31.6419181824, -13.076382637, -25.4214382172, -26.649805069, -40.1742248535], [-160.28276062, 126.642349243, 52.1195297241, 56.9695930481, 143.666717529, 59.7976493835, 46.232875824, 41.6859855652, 15.3033981323, 23.219165802, 14.2304439545, 7.93772697449, 8.70550632477], [149.309295654, -20.7150611877, 37.34532547, 77.9147033691, 59.7976493835, 130.011016846, 97.0163803101, 41.8927536011, 49.5380096436, 20.2873725891, 8.29453277588, 14.6305980682, 9.83667850494], [134.530273438, -81.6110229492, 8.4710149765, 60.8757095337, 46.232875824, 97.0163803101, 171.923477173, 83.6149902344, 83.7521972656, 37.2475471497, 2.13182067871, 14.4605484009, 7.92520141602], [-131.34992981, -6.86388921738, 54.0852775574, 15.4601354599, 41.6859855652, 41.8927536011, 83.6149902344, 132.236663818, 94.4472198486, 61.5767707825, 32.0073242188, 8.33297252655, 5.7604432106], [37.5140266418, -79.2030181885, 15.6918497086, 31.6419181824, 15.3033981323, 49.5380096436, 83.7521972656, 94.4472198486, 141.518478394, 82.5460510254, 32.737323761, 22.4005718231, 12.727725029], [-158.373275757, 19.2449874878, 2.59136962891, -13.076382637, 23.219165802, 20.2873725891, 37.2475471497, 61.5767707825, 82.5460510254, 113.321846008, 69.3537826538, 48.9660301208, 32.5032501221], [-147.690872192, -48.1308860779, 22.9883041382, -25.4214382172, 14.2304439545, 8.29453277588, 2.13182067871, 32.0073242188, 32.737323761, 69.3537826538, 101.642463684, 76.3035888672, 49.722278595], [-93.3034515381, -32.0857772827, -17.5713481903, -26.649805069, 7.93772697449, 14.6305980682, 14.4605484009, 8.33297252655, 22.4005718231, 48.9660301208, 76.3035888672, 113.431602478, 81.3197021484], [-61.4221572876, -4.14282417297, -15.4657945633, -40.1742248535, 8.70550632477, 9.83667850494, 7.92520141602, 5.7604432106, 12.727725029, 32.5032501221, 49.722278595, 81.3197021484, 102.75466156]],
        "icov": [[0.000507145305164, 9.20220845728e-005, -0.000115997056128, -0.00041803199565, 0.000707170926034, -0.000461662973976, -0.00044086939306, 0.00102227088064, -0.000702893536072, 0.000612082716543, -5.57427265448e-005, 0.000519988650922, -0.000404155114666], [9.20220845728e-005, 0.00104994000867, 0.000334475975251, 0.000418898678618, -0.00102657277603, -0.000628308160231, 0.00102274725214, -0.000700723205227, 0.0011057597585, -0.00151504843961, 0.00194143434055, -0.000336742290528, 8.83027241798e-005], [-0.000115997056128, 0.000334475975251, 0.00569348037243, -0.00235413620248, -0.00087305373745, -0.000896670622751, 0.00240301294252, -0.00416845269501, 0.00166188250296, 0.00107895687688, -0.00308317644522, 0.00241249287501, -0.000875622790772], [-0.00041803199565, 0.000418898678618, -0.00235413620248, 0.00854193605483, -0.00312657910399, -0.00234978715889, -0.000324670050759, 0.00231771031395, -0.00218640570529, 0.000188705336768, 0.00266717257909, -0.00256393360905, 0.00408687535673], [0.000707170926034, -0.00102657277603, -0.00087305373745, -0.00312657910399, 0.0129200536758, -0.00403875065967, -0.00145374657586, -0.00182184122968, 0.0030198157765, -0.0011289062677, -0.00134198344313, 0.00173100689426, -0.00220369501039], [-0.000461662973976, -0.000628308160231, -0.000896670622751, -0.00234978715889, -0.00403875065967, 0.0182107128203, -0.00870120245963, 0.0029688316863, -0.00298184761778, 0.00249199336395, -0.00331538473256, 0.000194334395928, -0.00121984689031], [-0.00044086939306, 0.00102274725214, 0.00240301294252, -0.000324670050759, -0.00145374657586, -0.00870120245963, 0.0173292774707, -0.00970076676458, 0.000308398681227, -0.00251628016122, 0.00761469500139, -0.00502621009946, 0.00122661376372], [0.00102227088064, -0.000700723205227, -0.00416845269501, 0.00231771031395, -0.00182184122968, 0.0029688316863, -0.00970076676458, 0.0257746838033, -0.014089605771, 0.00307362130843, -0.00736127095297, 0.00671167811379, -0.000941584061366], [-0.000702893536072, 0.0011057597585, 0.00166188250296, -0.00218640570529, 0.0030198157765, -0.00298184761778, 0.000308398681227, -0.014089605771, 0.0267048515379, -0.0171368513256, 0.0077868825756, -0.00265324325301, 0.000260079221334], [0.000612082716543, -0.00151504843961, 0.00107895687688, 0.000188705336768, -0.0011289062677, 0.00249199336395, -0.00251628016122, 0.00307362130843, -0.0171368513256, 0.0320504307747, -0.0194663070142, 0.00340867228806, -0.000873681157827], [-5.57427265448e-005, 0.00194143434055, -0.00308317644522, 0.00266717257909, -0.00134198344313, -0.00331538473256, 0.00761469500139, -0.00736127095297, 0.0077868825756, -0.0194663070142, 0.040295895189, -0.0228180289268, 0.00463238172233], [0.000519988650922, -0.000336742290528, 0.00241249287501, -0.00256393360905, 0.00173100689426, 0.000194334395928, -0.00502621009946, 0.00671167811379, -0.00265324325301, 0.00340867228806, -0.0228180289268, 0.0376758761704, -0.0200205855072], [-0.000404155114666, 8.83027241798e-005, -0.000875622790772, 0.00408687535673, -0.00220369501039, -0.00121984689031, 0.00122661376372, -0.000941584061366, 0.000260079221334, -0.000873681157827, 0.00463238172233, -0.0200205855072, 0.0250684060156]]
    },
    "spectral_contrast_coeffs": {
        "mean": [-0.613138079643, -0.720298290253, -0.741861522198, -0.8000254035, -0.79987603426, -0.786105573177],
        "var": [0.00836650840938, 0.0049196225591, 0.00525014381856, 0.00183049985208, 0.00141023332253, 0.00100121891592]
    },
    "spectral_contrast_valleys": {
        "mean": [-6.96866798401, -6.77656984329, -7.76729154587, -8.39174175262, -8.09915733337, -9.61760520935],
        "var": [1.6946952343, 1.12161910534, 0.986322820187, 0.946542620659, 1.128480196, 1.27805280685]
    }
},
"metadata": {
    "audio_properties": {
        "analysis_sample_rate": 44100,
        "bit_rate": 108690,
        "equal_loudness": 0,
        "length": 45.0612258911,
        "lossless": 0,
        "replay_gain": -11.0114192963,
        "sample_rate": 44100,
        "codec": "mp3",
        "downmix": "mix",
        "md5_encoded": "19a59fa5db49ba25e962a0bb0675f1e7"
    },
    "tags": {
        "file_name": "653.mp3"
    },
    "version": {
        "essentia": "2.1-beta2",
        "essentia_git_sha": "v2.1_beta2",
        "extractor": "music 1.0"
    }
},
"rhythm": {
    "beats_count": 94,
    "beats_loudness": {
        "mean": 0.199201121926,
        "var": 0.00765439402312
    },
    "bpm": 125.996826172,
    "bpm_histogram_first_peak_bpm": {
        "mean": 126,
        "var": 0
    },
    "bpm_histogram_first_peak_spread": {
        "mean": 0.250000029802,
        "var": 0
    },
    "bpm_histogram_first_peak_weight": {
        "mean": 0.709677398205,
        "var": 0
    },
    "bpm_histogram_second_peak_bpm": {
        "mean": 133,
        "var": 0
    },
    "bpm_histogram_second_peak_spread": {
        "mean": 0,
        "var": 0
    },
    "bpm_histogram_second_peak_weight": {
        "mean": 0.0430107526481,
        "var": 0
    },
    "danceability": 1.71134400368,
    "onset_rate": 6.67679023743,
    "beats_loudness_band_ratio": {
        "mean": [0.884262740612, 0.0398284383118, 0.0469988621771, 0.0211738478392, 0.00393201457337, 0.0191484503448],
        "var": [0.0384997539222, 0.00846006348729, 0.00648605870083, 0.00229767593555, 7.41517578717e-005, 0.00135304243304]
    },
    "beats_position": [0.452789098024, 0.905578196049, 1.35836732388, 1.78793644905, 2.24072551727, 2.69351458549, 3.16952371597, 3.64553284645, 4.12154197693, 4.59755086899, 5.07355976105, 5.54956912994, 6.025578022, 6.5015873909, 6.97759628296, 7.45360517502, 7.92961454391, 8.39401340485, 8.87002277374, 9.34603118896, 9.82204055786, 10.2980499268, 10.774058342, 11.2500677109, 11.7260770798, 12.202085495, 12.6780948639, 13.1541042328, 13.6301136017, 14.1061220169, 14.5821313858, 15.0697498322, 15.545759201, 16.0217685699, 16.50938797, 16.9737873077, 17.4614048004, 17.9258041382, 18.4134235382, 18.877822876, 19.365442276, 19.8414516449, 20.3174591064, 20.7818584442, 21.2694778442, 21.733877182, 22.221496582, 22.6858959198, 23.1735134125, 23.6379127502, 24.1255321503, 24.589931488, 25.0775508881, 25.553560257, 26.0295696259, 26.5055770874, 26.9815864563, 27.4459857941, 27.9336051941, 28.409614563, 28.8856239319, 29.3616313934, 29.8376407623, 30.3136501312, 30.7896595001, 31.265668869, 31.7416782379, 32.2176856995, 32.6936950684, 33.1697044373, 33.6457138062, 34.121723175, 34.5977325439, 35.0737419128, 35.5497512817, 36.0257606506, 36.5017662048, 36.9777755737, 37.4537849426, 37.9297943115, 38.4058036804, 38.8818130493, 39.3578224182, 39.8338317871, 40.309841156, 40.7858505249, 41.2618598938, 41.7378692627, 42.2138786316, 42.6898841858, 43.1658935547, 43.6535148621, 44.129524231, 44.6055335999]
},
"tonal": {
    "chords_changes_rate": 0.0668724253774,
    "chords_number_rate": 0.0133744860068,
    "chords_strength": {
        "mean": 0.482823342085,
        "var": 0.0120936017483
    },
    "hpcp_entropy": {
        "mean": 2.18074202538,
        "var": 0.40592944622
    },
    "key_strength": 0.466353803873,
    "tuning_diatonic_strength": 0.32098248601,
    "tuning_equal_tempered_deviation": 0.154913589358,
    "tuning_frequency": 437.213165283,
    "tuning_nontempered_energy_ratio": 0.851859807968,
    "hpcp": {
        "mean": [0.250653326511, 0.157531216741, 0.0694502815604, 0.117611095309, 0.114246547222, 0.0570340938866, 0.0703983977437, 0.0706384703517, 0.0461303852499, 0.068699195981, 0.0753650963306, 0.0680466964841, 0.0705498307943, 0.0454651713371, 0.0321346484125, 0.0342321656644, 0.0274323355407, 0.0383606702089, 0.063816845417, 0.0532350353897, 0.0459875352681, 0.123511016369, 0.147852256894, 0.0959713757038, 0.0718935281038, 0.0458121784031, 0.036632027477, 0.050868190825, 0.0467449873686, 0.0684029310942, 0.143282189965, 0.145917475224, 0.13370424509, 0.172563016415, 0.18174867332, 0.214123547077],
        "var": [0.143152400851, 0.0669668465853, 0.0263559836894, 0.0723601132631, 0.072406925261, 0.0187825337052, 0.0263687670231, 0.028516639024, 0.0179616529495, 0.0318896360695, 0.0366858951747, 0.0372681431472, 0.0493628568947, 0.0176753792912, 0.0140440622345, 0.0158584229648, 0.00727765914053, 0.015143041499, 0.0416659973562, 0.0262770410627, 0.0134802740067, 0.0573894530535, 0.0823280289769, 0.0421621464193, 0.0359941013157, 0.0199011508375, 0.0172935910523, 0.0241265334189, 0.0202115867287, 0.0254225898534, 0.0799407288432, 0.0635732710361, 0.0719772428274, 0.0933548212051, 0.101990163326, 0.100067220628]
    },
    "chords_histogram": [40.5349807739, 6.17283964157, 2.98353910446, 3.08641982079, 0.205761313438, 1.02880656719, 0.617283940315, 0.823045253754, 3.08641982079, 3.70370364189, 0.617283940315, 0, 0, 1.33744859695, 1.23456788063, 0.411522626877, 0.308641970158, 2.46913576126, 0.205761313438, 0, 2.26337456703, 0.411522626877, 9.25925922394, 19.2386837006],
    "thpcp": [1, 0.628482460976, 0.277077049017, 0.469218164682, 0.455795049667, 0.227541744709, 0.280859619379, 0.281817406416, 0.184040591121, 0.274080514908, 0.30067461729, 0.271477341652, 0.281463772058, 0.18138666451, 0.128203555942, 0.136571764946, 0.109443336725, 0.153042733669, 0.254602015018, 0.212385118008, 0.18347068131, 0.492756336927, 0.589867532253, 0.382884919643, 0.286824554205, 0.182771071792, 0.146146178246, 0.202942416072, 0.186492592096, 0.272898554802, 0.571634888649, 0.582148551941, 0.533423006535, 0.688452899456, 0.725099802017, 0.854261755943],
    "chords_key": "A",
    "chords_scale": "minor",
    "key_key": "A",
    "key_scale": "minor"
}
}