{
"lowlevel": {
    "average_loudness": 0.811501562595,
    "barkbands_crest": {
        "mean": 13.0745172501,
        "var": 28.5545768738
    },
    "barkbands_flatness_db": {
        "mean": 0.180753052235,
        "var": 0.00479025952518
    },
    "barkbands_kurtosis": {
        "mean": 15.8733768463,
        "var": 472.521362305
    },
    "barkbands_skewness": {
        "mean": 2.77522659302,
        "var": 4.79135990143
    },
    "barkbands_spread": {
        "mean": 30.1727790833,
        "var": 739.313049316
    },
    "dissonance": {
        "mean": 0.420164883137,
        "var": 0.00425068987533
    },
    "dynamic_complexity": 5.04711484909,
    "erbbands_crest": {
        "mean": 12.0805912018,
        "var": 38.0239486694
    },
    "erbbands_flatness_db": {
        "mean": 0.147112250328,
        "var": 0.00323300180025
    },
    "erbbands_kurtosis": {
        "mean": 5.13311576843,
        "var": 75.1219177246
    },
    "erbbands_skewness": {
        "mean": 1.34967851639,
        "var": 2.61737656593
    },
    "erbbands_spread": {
        "mean": 58.9548530579,
        "var": 1427.26000977
    },
    "hfc": {
        "mean": 18.803396225,
        "var": 665.506774902
    },
    "melbands_crest": {
        "mean": 17.6589984894,
        "var": 32.517665863
    },
    "melbands_flatness_db": {
        "mean": 0.253195822239,
        "var": 0.00922698434442
    },
    "melbands_kurtosis": {
        "mean": 47.2887763977,
        "var": 3069.01635742
    },
    "melbands_skewness": {
        "mean": 4.51395177841,
        "var": 7.07412052155
    },
    "melbands_spread": {
        "mean": 22.4116134644,
        "var": 1176.54223633
    },
    "pitch_salience": {
        "mean": 0.489559859037,
        "var": 0.0169660709798
    },
    "silence_rate_20dB": {
        "mean": 1,
        "var": 0
    },
    "silence_rate_30dB": {
        "mean": 0.997941315174,
        "var": 0.0020544808358
    },
    "silence_rate_60dB": {
        "mean": 0.239320635796,
        "var": 0.182048857212
    },
    "spectral_centroid": {
        "mean": 1108.12084961,
        "var": 1047770.1875
    },
    "spectral_complexity": {
        "mean": 6.86618614197,
        "var": 42.3016433716
    },
    "spectral_decrease": {
        "mean": -5.73351410793e-009,
        "var": 4.27588220562e-017
    },
    "spectral_energy": {
        "mean": 0.023345110938,
        "var": 0.000664300459903
    },
    "spectral_energyband_high": {
        "mean": 0.00138489168603,
        "var": 8.44555779622e-006
    },
    "spectral_energyband_low": {
        "mean": 0.00913145951927,
        "var": 0.000267180526862
    },
    "spectral_energyband_middle_high": {
        "mean": 0.00117014558055,
        "var": 9.19685953704e-006
    },
    "spectral_energyband_middle_low": {
        "mean": 0.0123992906883,
        "var": 0.000252469966654
    },
    "spectral_entropy": {
        "mean": 7.46807098389,
        "var": 0.588269710541
    },
    "spectral_flux": {
        "mean": 0.0638912022114,
        "var": 0.00256726448424
    },
    "spectral_kurtosis": {
        "mean": 2.59075021744,
        "var": 9.41341876984
    },
    "spectral_rms": {
        "mean": 0.00400885241106,
        "var": 6.70481904308e-006
    },
    "spectral_rolloff": {
        "mean": 3065.21801758,
        "var": 19140762
    },
    "spectral_skewness": {
        "mean": 1.4437828064,
        "var": 0.452599108219
    },
    "spectral_spread": {
        "mean": 8845598,
        "var": 6.70195515392e+012
    },
    "spectral_strongpeak": {
        "mean": 0.870131850243,
        "var": 0.920949220657
    },
    "zerocrossingrate": {
        "mean": 0.117602907121,
        "var": 0.00924425199628
    },
    "barkbands": {
        "mean": [2.10045745916e-005, 0.00390491890721, 0.0044941236265, 0.00111702654976, 0.00294354371727, 0.00342948548496, 0.00218351837248, 0.00154294597451, 0.00111889385153, 0.000408992753364, 0.000329725415213, 0.000180331553565, 2.23603819904e-005, 1.63977783814e-005, 2.18913519348e-005, 2.87740913336e-005, 3.12946685881e-005, 4.56031375506e-005, 7.84652584116e-005, 0.000110024484457, 0.000181790805073, 0.000229760276852, 0.000234294275288, 0.000211109028896, 0.000229735611356, 0.000204066600418, 2.502805728e-005],
        "var": [4.6082648808e-009, 8.86145062395e-005, 0.000108223612187, 8.92906336958e-006, 3.49836409441e-005, 4.44056859124e-005, 4.48452665296e-005, 2.2304839149e-005, 1.77075216925e-005, 2.4157561711e-006, 4.92836170451e-006, 3.89082913443e-007, 5.07176700637e-009, 2.18937223906e-009, 4.86704587743e-009, 8.39285796417e-009, 9.96940308085e-009, 2.00136458517e-008, 4.85964086749e-008, 1.15318790961e-007, 2.59947086079e-007, 3.8761606902e-007, 3.68054543287e-007, 2.54681339129e-007, 1.82668387083e-007, 7.04429510279e-008, 1.80667347749e-009]
    },
    "erbbands": {
        "mean": [0.0694524273276, 1.08376514912, 4.47971773148, 5.05919933319, 4.07462930679, 10.1299858093, 25.0775737762, 29.4074020386, 31.8349819183, 28.896062851, 33.4115180969, 22.4754257202, 21.2506523132, 12.8490877151, 12.055109024, 6.5725569725, 1.4354685545, 0.873661458492, 1.12241113186, 1.1416131258, 1.70882558823, 1.78284406662, 2.44044923782, 3.25097227097, 4.44111061096, 4.94709777832, 6.35102558136, 7.97477674484, 7.69377994537, 8.29887771606, 6.42751693726, 4.51955080032, 3.55689120293, 2.60335707664, 1.5720256567, 0.753904044628, 0.393565863371, 0.0980058312416, 0.00295650679618, 9.36836513574e-005],
        "var": [0.0312929414213, 6.08952760696, 100.157402039, 107.092956543, 198.984436035, 407.534362793, 2905.44848633, 4607.6484375, 9545.7265625, 5935.74365234, 8532.24121094, 4569.1328125, 7152.39794922, 1800.54772949, 4781.13183594, 531.932495117, 16.9249515533, 6.65543222427, 9.74453163147, 13.9069213867, 25.3990268707, 29.1736850739, 56.4790267944, 93.5329437256, 144.192749023, 238.965164185, 321.305145264, 532.051818848, 436.190734863, 483.607849121, 302.61505127, 122.650726318, 67.022102356, 30.6703643799, 6.6930770874, 1.13085913658, 0.287219852209, 0.0197456367314, 2.12765371543e-005, 1.02073771657e-008]
    },
    "gfcc": {
        "mean": [-50.3842544556, 35.7151260376, -40.697719574, 19.5342922211, -87.6315765381, -2.2687728405, -39.8671035767, 14.547118187, -31.646566391, 9.90870857239, -21.1856918335, 8.59671211243, -15.7994718552],
        "cov": [[7419.22558594, 206.613464355, -762.331726074, -28.1244316101, -313.178344727, 361.098480225, 42.9797554016, 17.7988529205, 96.2674255371, -35.9079322815, -72.9535522461, 75.8199920654, 8.51127719879], [206.613464355, 2016.71569824, 434.537689209, -179.695632935, 216.307693481, 278.777557373, 282.283508301, 37.6394615173, -9.57069301605, -81.8015594482, 8.50598812103, -98.658203125, 19.8896827698], [-762.331726074, 434.537689209, 1004.63226318, 229.282058716, 356.953948975, 131.25541687, 169.485977173, 55.5121574402, -50.6894111633, 3.03973412514, -18.1976470947, -66.2082519531, -108.234519958], [-28.1244316101, -179.695632935, 229.282058716, 865.164428711, 345.272003174, 114.550590515, -53.2031784058, 40.8679733276, 39.9189376831, 9.97380065918, -54.4242553711, -92.707572937, -93.8252944946], [-313.178344727, 216.307693481, 356.953948975, 345.272003174, 473.583129883, 204.854202271, 100.417785645, 21.6281585693, 24.8295116425, -9.23800373077, -28.7171535492, -71.181098938, -97.8644332886], [361.098480225, 278.777557373, 131.25541687, 114.550590515, 204.854202271, 270.310272217, 157.819885254, 48.1999130249, 23.6770782471, 5.18381071091, 14.8218765259, -0.688504815102, -43.5117149353], [42.9797554016, 282.283508301, 169.485977173, -53.2031784058, 100.417785645, 157.819885254, 190.775299072, 60.3704948425, 19.5391368866, 1.90611445904, 31.350030899, 20.4818496704, -15.349070549], [17.7988529205, 37.6394615173, 55.5121574402, 40.8679733276, 21.6281585693, 48.1999130249, 60.3704948425, 89.4797134399, 29.532831192, 23.1965885162, 13.1026153564, 5.93988370895, -3.44772744179], [96.2674255371, -9.57069301605, -50.6894111633, 39.9189376831, 24.8295116425, 23.6770782471, 19.5391368866, 29.532831192, 80.9108352661, 33.479675293, 10.2832403183, -7.06216192245, -5.16836166382], [-35.9079322815, -81.8015594482, 3.03973412514, 9.97380065918, -9.23800373077, 5.18381071091, 1.90611445904, 23.1965885162, 33.479675293, 73.2741088867, 34.3567123413, 15.6739530563, -13.3699731827], [-72.9535522461, 8.50598812103, -18.1976470947, -54.4242553711, -28.7171535492, 14.8218765259, 31.350030899, 13.1026153564, 10.2832403183, 34.3567123413, 72.3260955811, 54.1947555542, 21.3874359131], [75.8199920654, -98.658203125, -66.2082519531, -92.707572937, -71.181098938, -0.688504815102, 20.4818496704, 5.93988370895, -7.06216192245, 15.6739530563, 54.1947555542, 104.568130493, 59.6708755493], [8.51127719879, 19.8896827698, -108.234519958, -93.8252944946, -97.8644332886, -43.5117149353, -15.349070549, -3.44772744179, -5.16836166382, -13.3699731827, 21.3874359131, 59.6708755493, 112.543838501]],
        "icov": [[0.000215693915379, -7.47033627704e-005, 7.10342210368e-005, -6.04012311669e-005, 0.00045575783588, -0.00072229327634, 0.000343377352692, 6.67801359668e-005, -0.000421164062573, 0.000173071806785, 0.000715154921636, -0.000648585148156, 0.000389979279134], [-7.47033627704e-005, 0.00103688694071, -0.000402878766181, 0.000394973205402, -6.59555880702e-005, -0.000766232784372, -0.000656049407553, 0.000252553931205, 8.58732382767e-005, 0.000888724520337, -0.00180782389361, 0.00304783275351, -0.00183399068192], [7.10342210368e-005, -0.000402878766181, 0.0023575744126, -0.00056836620206, -0.00141925620846, 0.00213181623258, -0.0029788040556, -0.000399307813495, 0.00313532538712, -0.00241339672357, 0.00142624787986, -0.000439543626271, 0.000850154552609], [-6.04012311669e-005, 0.000394973205402, -0.00056836620206, 0.00257510901429, -0.00148779863957, -0.00165092211682, 0.00352587131783, -0.00204481533729, -0.00093591271434, 0.00110038684215, -0.000886637251824, 0.00116794346832, -0.000341828737874], [0.00045575783588, -6.59555880702e-005, -0.00141925620846, -0.00148779863957, 0.00712770177051, -0.00503011792898, 0.00084053457249, 0.00239730277099, -0.00354761490598, 0.00240846397355, 0.00112343509682, -0.000370499066776, 0.00191942567471], [-0.00072229327634, -0.000766232784372, 0.00213181623258, -0.00165092211682, -0.00503011792898, 0.0155085325241, -0.0115723535419, 0.000337146630045, 0.0042359540239, -0.00427571125329, 0.00062053714646, -0.00151949899737, 0.00129212986212], [0.000343377352692, -0.000656049407553, -0.0029788040556, 0.00352587131783, 0.00084053457249, -0.0115723535419, 0.0237364247441, -0.0084674404934, -0.0069720800966, 0.00902081094682, -0.00442369980738, -0.00486987875775, 0.00357346935198], [6.67801359668e-005, 0.000252553931205, -0.000399307813495, -0.00204481533729, 0.00239730277099, 0.000337146630045, -0.0084674404934, 0.019118944183, -0.00329519249499, -0.00514014204964, 0.00237465649843, 0.000890893803444, -0.00217815884389], [-0.000421164062573, 8.58732382767e-005, 0.00313532538712, -0.00093591271434, -0.00354761490598, 0.0042359540239, -0.0069720800966, -0.00329519249499, 0.0235260017216, -0.0124762551859, -0.000149070867337, 0.00659265881404, -0.00411617849022], [0.000173071806785, 0.000888724520337, -0.00241339672357, 0.00110038684215, 0.00240846397355, -0.00427571125329, 0.00902081094682, -0.00514014204964, -0.0124762551859, 0.0306766126305, -0.0146304862574, -0.00124232273083, 0.00645067030564], [0.000715154921636, -0.00180782389361, 0.00142624787986, -0.000886637251824, 0.00112343509682, 0.00062053714646, -0.00442369980738, 0.00237465649843, -0.000149070867337, -0.0146304862574, 0.0367003157735, -0.0191742628813, 0.0030310198199], [-0.000648585148156, 0.00304783275351, -0.000439543626271, 0.00116794346832, -0.000370499066776, -0.00151949899737, -0.00486987875775, 0.000890893803444, 0.00659265881404, -0.00124232273083, -0.0191742628813, 0.0337743796408, -0.0155933694914], [0.000389979279134, -0.00183399068192, 0.000850154552609, -0.000341828737874, 0.00191942567471, 0.00129212986212, 0.00357346935198, -0.00217815884389, -0.00411617849022, 0.00645067030564, 0.0030310198199, -0.0155933694914, 0.0205708630383]]
    },
    "melbands": {
        "mean": [0.000897317193449, 0.00209765997715, 0.000863161461893, 0.000437714887084, 0.000822531292215, 0.000656536489259, 0.000476936722407, 0.000322299136315, 0.00024492747616, 0.000150048173964, 0.000107513886178, 5.35588987987e-005, 4.79343725601e-005, 2.26608353842e-005, 7.40957739254e-006, 2.12811664824e-006, 1.4846339127e-006, 1.73437717876e-006, 1.65187032053e-006, 1.6744864979e-006, 2.02768774216e-006, 1.63876279657e-006, 2.3890384e-006, 2.06557797355e-006, 2.63555375568e-006, 3.09273718813e-006, 3.14843032356e-006, 3.39540338246e-006, 3.72587965103e-006, 4.49127674074e-006, 4.71617704534e-006, 4.24796417064e-006, 4.47893626188e-006, 4.61960189568e-006, 3.84897475669e-006, 3.04702894027e-006, 2.68808480541e-006, 2.49249751505e-006, 2.40342319557e-006, 2.1173384539e-006],
        "var": [4.96348093293e-006, 1.68791902979e-005, 3.09430561174e-006, 1.09758457256e-006, 2.8071763154e-006, 1.99214082386e-006, 1.9246276679e-006, 7.50700337449e-007, 4.31145991797e-007, 2.91750637871e-007, 1.89914715065e-007, 3.31993739167e-008, 1.06858216498e-007, 6.31816243768e-009, 8.39080638304e-010, 6.27789556451e-011, 2.07974418936e-011, 2.29886266273e-011, 3.08124949167e-011, 3.28203714206e-011, 3.50668209748e-011, 2.54773094982e-011, 6.09318220879e-011, 4.14442473395e-011, 6.70226790733e-011, 7.57650192584e-011, 7.16919648647e-011, 1.38285327633e-010, 1.21624488258e-010, 1.9358710468e-010, 1.90011645307e-010, 1.42464512409e-010, 1.45144563035e-010, 1.47077947044e-010, 1.20315715724e-010, 6.24886947742e-011, 4.40479389074e-011, 3.43649379786e-011, 3.16289876234e-011, 1.94540217269e-011]
    },
    "mfcc": {
        "mean": [-722.427368164, 85.1013183594, 69.9192123413, 24.2389183044, -13.2015504837, -13.0402021408, -5.61929273605, -4.495844841, -3.18135762215, -3.4411251545, -2.58946228027, -3.21619844437, 2.22283315659],
        "cov": [[6017.56494141, -267.58694458, -529.986633301, -281.24230957, -160.288574219, 173.631912231, -177.544281006, 162.117431641, 110.101921082, 38.1398849487, -60.4904937744, 31.8294906616, 21.3616886139], [-267.58694458, 1965.67895508, 411.416137695, -187.013549805, 4.67765569687, 141.573928833, 283.752807617, 154.61428833, 107.783325195, 51.5554275513, 21.5958919525, 3.09919071198, 10.8942146301], [-529.986633301, 411.416137695, 577.138427734, 194.486801147, 120.57938385, 96.769569397, 184.840911865, 77.0192947388, 46.3377456665, 36.3233108521, 46.8464012146, 16.6536178589, 26.0554141998], [-281.24230957, -187.013549805, 194.486801147, 474.533752441, 295.850769043, 131.527526855, 63.5996170044, 35.0648612976, 39.0695915222, 60.18409729, 45.7518768311, 14.7630605698, -16.8552017212], [-160.288574219, 4.67765569687, 120.57938385, 295.850769043, 336.867919922, 190.775009155, 112.59223175, 65.1788101196, 58.9711914063, 54.2834625244, 44.2170982361, 34.5998420715, 7.47756147385], [173.631912231, 141.573928833, 96.769569397, 131.527526855, 190.775009155, 232.157913208, 138.960861206, 103.38634491, 65.110244751, 30.2980632782, 37.9457778931, 60.7022590637, 49.4427909851], [-177.544281006, 283.752807617, 184.840911865, 63.5996170044, 112.59223175, 138.960861206, 199.448730469, 116.746002197, 58.5696372986, 17.6623191833, 27.8634967804, 47.1890563965, 58.1513175964], [162.117431641, 154.61428833, 77.0192947388, 35.0648612976, 65.1788101196, 103.38634491, 116.746002197, 135.541549683, 72.2778167725, 13.6413850784, 11.6693267822, 45.7155838013, 51.5574798584], [110.101921082, 107.783325195, 46.3377456665, 39.0695915222, 58.9711914063, 65.110244751, 58.5696372986, 72.2778167725, 82.3933944702, 39.403842926, 19.3835258484, 20.6829547882, 15.9488630295], [38.1398849487, 51.5554275513, 36.3233108521, 60.18409729, 54.2834625244, 30.2980632782, 17.6623191833, 13.6413850784, 39.403842926, 79.1597442627, 44.457736969, 2.923630476, -19.6748600006], [-60.4904937744, 21.5958919525, 46.8464012146, 45.7518768311, 44.2170982361, 37.9457778931, 27.8634967804, 11.6693267822, 19.3835258484, 44.457736969, 74.2919616699, 42.3455657959, 17.5450382233], [31.8294906616, 3.09919071198, 16.6536178589, 14.7630605698, 34.5998420715, 60.7022590637, 47.1890563965, 45.7155838013, 20.6829547882, 2.923630476, 42.3455657959, 104.725906372, 81.2414550781], [21.3616886139, 10.8942146301, 26.0554141998, -16.8552017212, 7.47756147385, 49.4427909851, 58.1513175964, 51.5574798584, 15.9488630295, -19.6748600006, 17.5450382233, 81.2414550781, 114.968818665]],
        "icov": [[0.000257455947576, 2.61919321929e-005, 6.16318866378e-005, 0.000130301021272, 0.000274954480119, -0.000739129900467, 0.000857168459333, -0.000767227436882, 0.000123050704133, -0.000488137768116, 0.000331640883815, 5.17124099133e-005, -2.24542327487e-005], [2.61919321929e-005, 0.000895410368685, -0.000599289138336, 0.00093786988873, -5.18615015608e-005, -0.000324758992065, -0.000830691948067, 4.17270093749e-005, -0.000417586707044, -0.000517155975103, 0.00038915683399, -0.00014470226597, 0.000740381714422], [6.16318866378e-005, -0.000599289138336, 0.00366718648002, -0.0023513531778, 0.00141830893699, 0.000642025377601, -0.00340392673388, 0.00100185326301, -0.000344569649315, 0.000634183350485, -0.0014981769491, 0.0011866944842, -0.000680009135976], [0.000130301021272, 0.00093786988873, -0.0023513531778, 0.00704828836024, -0.00582489417866, 0.000131057153339, 0.00265381764621, -0.00212961039506, 0.00126895995345, -0.00180734111927, 0.000362087768735, -0.000241071000346, 0.00101810204796], [0.000274954480119, -5.18615015608e-005, 0.00141830893699, -0.00582489417866, 0.0124255111441, -0.00685607409105, -0.00272997142747, 0.00294900825247, -0.00223610782996, -0.0011320769554, 0.000911519106012, -0.000687516178004, 0.00144028721843], [-0.000739129900467, -0.000324758992065, 0.000642025377601, 0.000131057153339, -0.00685607409105, 0.0154458591715, -0.00617229519412, -0.000979133765213, -0.00105135980994, 0.00224588066339, -0.00207404489629, -0.00227203499526, -0.000141560856719], [0.000857168459333, -0.000830691948067, -0.00340392673388, 0.00265381764621, -0.00272997142747, -0.00617229519412, 0.0228170417249, -0.0141570214182, 0.00469220802188, -0.00159161747433, -0.00122806022409, 0.00329294544645, -0.00434307893738], [-0.000767227436882, 4.17270093749e-005, 0.00100185326301, -0.00212961039506, 0.00294900825247, -0.000979133765213, -0.0141570214182, 0.0307859331369, -0.0187791306525, 0.00469238683581, 0.00414228439331, -0.00455103768036, -0.000824708899017], [0.000123050704133, -0.000417586707044, -0.000344569649315, 0.00126895995345, -0.00223610782996, -0.00105135980994, 0.00469220802188, -0.0187791306525, 0.03466046229, -0.0159018673003, 0.00300064939074, 0.00108597008511, -0.00182830251288], [-0.000488137768116, -0.000517155975103, 0.000634183350485, -0.00180734111927, -0.0011320769554, 0.00224588066339, -0.00159161747433, 0.00469238683581, -0.0159018673003, 0.0343003347516, -0.0200043786317, 0.00355444382876, 0.00615649065003], [0.000331640883815, 0.00038915683399, -0.0014981769491, 0.000362087768735, 0.000911519106012, -0.00207404489629, -0.00122806022409, 0.00414228439331, 0.00300064939074, -0.0200043786317, 0.0343277417123, -0.0156384762377, 0.00186279742047], [5.17124099133e-005, -0.00014470226597, 0.0011866944842, -0.000241071000346, -0.000687516178004, -0.00227203499526, 0.00329294544645, -0.00455103768036, 0.00108597008511, 0.00355444382876, -0.0156384762377, 0.0318307168782, -0.0185516960919], [-2.24542327487e-005, 0.000740381714422, -0.000680009135976, 0.00101810204796, 0.00144028721843, -0.000141560856719, -0.00434307893738, -0.000824708899017, -0.00182830251288, 0.00615649065003, 0.00186279742047, -0.0185516960919, 0.0256014484912]]
    },
    "spectral_contrast_coeffs": {
        "mean": [-0.619791030884, -0.67579293251, -0.750346422195, -0.84112983942, -0.826689183712, -0.788784980774],
        "var": [0.00975377578288, 0.0115571888164, 0.0100448112935, 0.00191592657939, 0.000860869593453, 0.00102258357219]
    },
    "spectral_contrast_valleys": {
        "mean": [-8.19134998322, -7.31177425385, -8.65856647491, -9.33372688293, -8.50372505188, -9.9253911972],
        "var": [1.96950411797, 1.31239664555, 1.30579352379, 1.21616256237, 1.33606016636, 1.25400781631]
    }
},
"metadata": {
    "audio_properties": {
        "analysis_sample_rate": 44100,
        "bit_rate": 108314,
        "equal_loudness": 0,
        "length": 45.0873451233,
        "lossless": 0,
        "replay_gain": -13.7032814026,
        "sample_rate": 44100,
        "codec": "mp3",
        "downmix": "mix",
        "md5_encoded": "7e0d1233cbfb4e549170e56fed6db660"
    },
    "tags": {
        "file_name": "654.mp3"
    },
    "version": {
        "essentia": "2.1-beta2",
        "essentia_git_sha": "v2.1_beta2",
        "extractor": "music 1.0"
    }
},
"rhythm": {
    "beats_count": 90,
    "beats_loudness": {
        "mean": 0.0343493148685,
        "var": 0.000859177554958
    },
    "bpm": 123.073829651,
    "bpm_histogram_first_peak_bpm": {
        "mean": 123,
        "var": 0
    },
    "bpm_histogram_first_peak_spread": {
        "mean": 0.385964900255,
        "var": 0
    },
    "bpm_histogram_first_peak_weight": {
        "mean": 0.393258422613,
        "var": 0
    },
    "bpm_histogram_second_peak_bpm": {
        "mean": 110,
        "var": 0
    },
    "bpm_histogram_second_peak_spread": {
        "mean": 0.428571462631,
        "var": 0
    },
    "bpm_histogram_second_peak_weight": {
        "mean": 0.0898876413703,
        "var": 0
    },
    "danceability": 1.08604347706,
    "onset_rate": 4.12373304367,
    "beats_loudness_band_ratio": {
        "mean": [0.318060129881, 0.285435497761, 0.252996981144, 0.0372041799128, 0.00749730411917, 0.130962893367],
        "var": [0.0963381677866, 0.0548095107079, 0.0535671822727, 0.00496960896999, 0.000227298151003, 0.0370115339756]
    },
    "beats_position": [0.510838985443, 1.04489791393, 1.5673469305, 2.08979582787, 2.60063481331, 3.11147379875, 3.62231278419, 4.14476203918, 4.66721057892, 5.20126962662, 5.74693870544, 6.29260778427, 6.84988641739, 7.39555549622, 7.95283412933, 8.498503685, 8.98612213135, 9.4853515625, 9.97297000885, 10.4605894089, 10.95981884, 11.4358272552, 11.9234466553, 12.4110651016, 12.8986845016, 13.3863039017, 13.873922348, 14.3499317169, 14.8375511169, 15.3251695633, 15.8127889633, 16.3004074097, 16.7764167786, 17.2524261475, 17.7052154541, 18.1231746674, 18.5527439117, 18.9823131561, 19.4118824005, 19.8298416138, 20.247800827, 20.6657600403, 21.1649875641, 21.6642169952, 22.1634464264, 22.6394557953, 23.1270751953, 23.614692688, 24.102312088, 24.589931488, 25.0891609192, 25.5767803192, 26.0643978119, 26.5404071808, 27.0280265808, 27.5156459808, 27.9916553497, 28.4908847809, 28.9785022736, 29.4661216736, 29.9537410736, 30.4413604736, 30.9289798737, 31.4165973663, 31.9158267975, 32.4266662598, 32.9491157532, 33.4483451843, 33.9475746155, 34.4351921082, 34.9228096008, 35.3988189697, 35.8864402771, 36.3740577698, 36.8500671387, 37.3376846313, 37.8136940002, 38.2897033691, 38.7773246765, 39.2649421692, 39.7525634766, 40.2401809692, 40.7510185242, 41.2502479553, 41.795917511, 42.3299751282, 42.8640365601, 43.4097061157, 43.9553718567, 44.5010414124]
},
"tonal": {
    "chords_changes_rate": 0.0936213955283,
    "chords_number_rate": 0.0154320988804,
    "chords_strength": {
        "mean": 0.421628534794,
        "var": 0.00950329285115
    },
    "hpcp_entropy": {
        "mean": 1.35378623009,
        "var": 1.07919716835
    },
    "key_strength": 0.421961188316,
    "tuning_diatonic_strength": 0.329764723778,
    "tuning_equal_tempered_deviation": 0.0407161451876,
    "tuning_frequency": 438.984558105,
    "tuning_nontempered_energy_ratio": 0.706525146961,
    "hpcp": {
        "mean": [0.106015712023, 0.0789827555418, 0.0845195427537, 0.112640805542, 0.103410750628, 0.114543765783, 0.156684279442, 0.125275075436, 0.0966691821814, 0.10323189199, 0.0863851904869, 0.116039156914, 0.164053469896, 0.136291801929, 0.145294517279, 0.185226768255, 0.129988253117, 0.100152045488, 0.106910720468, 0.068378098309, 0.0579601973295, 0.0724345967174, 0.0524447783828, 0.0710311681032, 0.108835630119, 0.0772095248103, 0.077887699008, 0.106894463301, 0.0692462772131, 0.0418906621635, 0.048304695636, 0.0480918884277, 0.079229876399, 0.128794416785, 0.132036373019, 0.118768461049],
        "var": [0.0495104752481, 0.030174665153, 0.0332868471742, 0.0625002756715, 0.0464694835246, 0.0505104847252, 0.0897612795234, 0.0562549009919, 0.040825240314, 0.0561493821442, 0.0356039181352, 0.0496032461524, 0.0896157622337, 0.0571634992957, 0.0593873597682, 0.108327925205, 0.0525564737618, 0.0445165671408, 0.0653858333826, 0.0295762941241, 0.0245332550257, 0.044008128345, 0.0205067601055, 0.026779294014, 0.0658235773444, 0.0330850221217, 0.0338603258133, 0.0695368498564, 0.0287809818983, 0.0141149610281, 0.0222770962864, 0.0166718289256, 0.0303762573749, 0.0734081789851, 0.0652390867472, 0.059521175921]
    },
    "chords_histogram": [5.34979438782, 2.77777767181, 1.33744859695, 0, 2.05761313438, 9.15637874603, 1.54320991039, 5.55555534363, 3.29218101501, 10.9053497314, 5.86419773102, 8.53909492493, 0.411522626877, 0, 0.617283940315, 9.56790161133, 0.514403283596, 0.925925910473, 0.720164597034, 0, 0, 13.0658435822, 14.8148145676, 2.98353910446],
    "thpcp": [1, 0.701779007912, 0.540699660778, 0.577188313007, 0.369158834219, 0.312914788723, 0.391059011221, 0.283138215542, 0.383482187986, 0.587580442429, 0.416837841272, 0.420499145985, 0.577100515366, 0.37384596467, 0.226158797741, 0.260786801577, 0.259637892246, 0.42774528265, 0.695333719254, 0.712836325169, 0.641205728054, 0.572356343269, 0.426411122084, 0.456303060055, 0.608123779297, 0.558292686939, 0.618397474289, 0.845905184746, 0.676333546638, 0.521896421909, 0.557327091694, 0.466375291348, 0.62647074461, 0.885689854622, 0.735810518265, 0.784414231777],
    "chords_key": "B",
    "chords_scale": "minor",
    "key_key": "F#",
    "key_scale": "minor"
}
}