{
"lowlevel": {
    "average_loudness": 0.5750618577,
    "barkbands_crest": {
        "mean": 13.4679164886,
        "var": 21.3004417419
    },
    "barkbands_flatness_db": {
        "mean": 0.358644157648,
        "var": 0.00181220506784
    },
    "barkbands_kurtosis": {
        "mean": 7.15520334244,
        "var": 75.1150360107
    },
    "barkbands_skewness": {
        "mean": 1.62944614887,
        "var": 1.29785656929
    },
    "barkbands_spread": {
        "mean": 3.61737537384,
        "var": 5.37749528885
    },
    "dissonance": {
        "mean": 0.373642444611,
        "var": 0.00403737695888
    },
    "dynamic_complexity": 6.51070976257,
    "erbbands_crest": {
        "mean": 14.9199085236,
        "var": 38.9771308899
    },
    "erbbands_flatness_db": {
        "mean": 0.382389903069,
        "var": 0.00140300474595
    },
    "erbbands_kurtosis": {
        "mean": 2.91575407982,
        "var": 23.4211139679
    },
    "erbbands_skewness": {
        "mean": 1.22750806808,
        "var": 0.792781949043
    },
    "erbbands_spread": {
        "mean": 10.0196094513,
        "var": 19.5035953522
    },
    "hfc": {
        "mean": 6.34110069275,
        "var": 172.333435059
    },
    "melbands_crest": {
        "mean": 16.3893203735,
        "var": 32.0754318237
    },
    "melbands_flatness_db": {
        "mean": 0.466491192579,
        "var": 0.00282361195423
    },
    "melbands_kurtosis": {
        "mean": 8.69400691986,
        "var": 120.128456116
    },
    "melbands_skewness": {
        "mean": 1.7661254406,
        "var": 1.43203496933
    },
    "melbands_spread": {
        "mean": 5.44883441925,
        "var": 36.1820373535
    },
    "pitch_salience": {
        "mean": 0.510804533958,
        "var": 0.0190547499806
    },
    "silence_rate_20dB": {
        "mean": 1,
        "var": 0
    },
    "silence_rate_30dB": {
        "mean": 0.979927957058,
        "var": 0.0196695271879
    },
    "silence_rate_60dB": {
        "mean": 0.375707656145,
        "var": 0.234548568726
    },
    "spectral_centroid": {
        "mean": 443.782775879,
        "var": 134875.0625
    },
    "spectral_complexity": {
        "mean": 7.46834802628,
        "var": 12.2623720169
    },
    "spectral_decrease": {
        "mean": -3.61147800554e-009,
        "var": 4.31861038559e-017
    },
    "spectral_energy": {
        "mean": 0.0142056774348,
        "var": 0.000674159498885
    },
    "spectral_energyband_high": {
        "mean": 9.09766015411e-007,
        "var": 2.25726954489e-011
    },
    "spectral_energyband_low": {
        "mean": 0.000494404695928,
        "var": 7.73931617459e-007
    },
    "spectral_energyband_middle_high": {
        "mean": 0.000762236420996,
        "var": 1.42579233398e-006
    },
    "spectral_energyband_middle_low": {
        "mean": 0.0131091475487,
        "var": 0.000629365327768
    },
    "spectral_entropy": {
        "mean": 5.53066444397,
        "var": 0.148237138987
    },
    "spectral_flux": {
        "mean": 0.0282454118133,
        "var": 0.000970208726358
    },
    "spectral_kurtosis": {
        "mean": 108.088920593,
        "var": 2591.32324219
    },
    "spectral_rms": {
        "mean": 0.00292616640218,
        "var": 5.29675298822e-006
    },
    "spectral_rolloff": {
        "mean": 563.732543945,
        "var": 670474.75
    },
    "spectral_skewness": {
        "mean": 7.40268182755,
        "var": 5.73972511292
    },
    "spectral_spread": {
        "mean": 983596.875,
        "var": 1.74778823475e+012
    },
    "spectral_strongpeak": {
        "mean": 1.02408623695,
        "var": 1.72641301155
    },
    "zerocrossingrate": {
        "mean": 0.0211890935898,
        "var": 0.000485480937641
    },
    "barkbands": {
        "mean": [4.55330291516e-006, 7.54506036174e-005, 0.000301547377603, 0.000397266063374, 0.00117077643517, 0.00471548596397, 0.00480462703854, 0.000599202641752, 0.00133796059527, 0.000257791311014, 0.000155202375026, 0.00014902408293, 7.55495711928e-005, 5.84128538321e-005, 4.48730679636e-005, 3.15663783113e-005, 1.17887384476e-005, 8.54633344716e-006, 4.33550439993e-006, 1.31441004214e-006, 3.01174850392e-007, 9.40942896932e-008, 2.78081202509e-008, 7.47533679402e-009, 1.41132472375e-009, 8.05562450079e-010, 7.46847417243e-010],
        "var": [1.60156558154e-011, 2.93587252287e-008, 4.64320550009e-007, 4.83984592847e-007, 7.31726595404e-006, 0.000107758736704, 0.000209486286622, 3.82834969059e-006, 0.000161202988238, 2.8972652899e-007, 1.21141511045e-007, 1.14435366072e-007, 3.02597982227e-008, 1.88874942353e-008, 1.27496004865e-008, 2.03767918094e-008, 1.09576825391e-009, 7.61571417041e-010, 2.68334549025e-010, 9.28026683278e-011, 3.79224082692e-012, 1.97664231988e-013, 2.91216737411e-014, 3.52603531734e-015, 1.36998819376e-017, 2.57660122686e-018, 2.70809440652e-018]
    },
    "erbbands": {
        "mean": [0.00060096377274, 0.0285872705281, 0.320725828409, 0.729547798634, 1.91511905193, 4.36856412888, 11.6542139053, 48.0062103271, 92.9559631348, 26.0345783234, 11.6656827927, 38.66065979, 8.89687728882, 7.07191419601, 6.54779577255, 7.08456802368, 4.28729724884, 2.78521776199, 2.86040234566, 2.55067944527, 1.08873224258, 0.673779606819, 0.559587538242, 0.336010187864, 0.10837854445, 0.0558915697038, 0.0173150785267, 0.00956575851887, 0.0044292868115, 0.00189352128655, 0.000682909507304, 0.000276757578831, 5.53571080673e-005, 2.8645965358e-005, 1.62432352226e-005, 1.03968914118e-005, 5.64627544009e-006, 1.27536134187e-006, 6.84007318341e-006, 1.59352402989e-005],
        "var": [2.01718103199e-006, 0.00380149972625, 0.500781536102, 1.09674274921, 9.71488571167, 101.327438354, 617.278076172, 11178.1376953, 75779.765625, 2654.29907227, 2873.10327148, 138610.859375, 623.229919434, 248.330734253, 253.561981201, 285.928466797, 86.6556930542, 34.3357543945, 42.7270851135, 107.436553955, 10.9095716476, 3.57242918015, 3.35226154327, 1.37797284126, 0.202956095338, 0.0950775519013, 0.0082325739786, 0.00318419793621, 0.000508506025653, 8.45969116199e-005, 2.35179813899e-005, 4.9782061069e-006, 2.05312691293e-008, 4.932708908e-009, 6.90710377782e-010, 2.95519358984e-010, 9.37369834531e-011, 5.17734162833e-012, 1.57510851584e-010, 8.55916837406e-010]
    },
    "gfcc": {
        "mean": [-250.43069458, 237.82723999, -124.119415283, -51.3064689636, -37.3828392029, -34.6567611694, -39.2173881531, -24.6196079254, -12.2071065903, -17.7538967133, -1.54439342022, -9.92557144165, -6.38136339188],
        "cov": [[7824.62402344, 24.9497585297, -2145.47094727, 558.100952148, 314.255645752, -930.401855469, 463.987243652, -90.1821670532, 266.229034424, 338.885192871, 211.240921021, 149.524185181, 43.0214424133], [24.9497585297, 508.666290283, 271.286437988, -113.115791321, 119.940429688, 87.222442627, -11.1716470718, 0.933658480644, -49.0802192688, -66.416885376, 5.11190891266, -57.6204223633, -39.4126663208], [-2145.47094727, 271.286437988, 1088.2598877, -167.399276733, -78.2679214478, 379.050445557, -148.884460449, 37.9981422424, -75.5456619263, -95.7784957886, -58.7904472351, -76.0197601318, -30.2568645477], [558.100952148, -113.115791321, -167.399276733, 382.93939209, 63.4120559692, -33.1464157104, 170.672439575, 43.1567230225, 61.6318092346, 68.8848800659, 29.8088512421, -4.19040966034, 0.935273945332], [314.255645752, 119.940429688, -78.2679214478, 63.4120559692, 215.747299194, -39.9895362854, 47.620262146, 48.0181350708, 26.0710124969, 35.9812660217, 50.8095321655, 16.0026626587, -16.0870323181], [-930.401855469, 87.222442627, 379.050445557, -33.1464157104, -39.9895362854, 260.151489258, -21.1389369965, 30.110326767, -29.6959648132, -62.1855125427, -25.2705497742, -53.8613815308, -17.7283267975], [463.987243652, -11.1716470718, -148.884460449, 170.672439575, 47.620262146, -21.1389369965, 184.863952637, 43.3399620056, 35.0661277771, 40.1160507202, 14.6093730927, -11.467168808, -1.82214045525], [-90.1821670532, 0.933658480644, 37.9981422424, 43.1567230225, 48.0181350708, 30.110326767, 43.3399620056, 107.987739563, 41.5446243286, 18.9793834686, 19.0002632141, -2.29082942009, -11.9551858902], [266.229034424, -49.0802192688, -75.5456619263, 61.6318092346, 26.0710124969, -29.6959648132, 35.0661277771, 41.5446243286, 94.1125030518, 58.7683067322, 24.3375892639, 21.1239852905, -0.687777221203], [338.885192871, -66.416885376, -95.7784957886, 68.8848800659, 35.9812660217, -62.1855125427, 40.1160507202, 18.9793834686, 58.7683067322, 104.907371521, 40.7787017822, 24.8550682068, 14.2535581589], [211.240921021, 5.11190891266, -58.7904472351, 29.8088512421, 50.8095321655, -25.2705497742, 14.6093730927, 19.0002632141, 24.3375892639, 40.7787017822, 77.514289856, 27.8011341095, -8.31034088135], [149.524185181, -57.6204223633, -76.0197601318, -4.19040966034, 16.0026626587, -53.8613815308, -11.467168808, -2.29082942009, 21.1239852905, 24.8550682068, 27.8011341095, 96.0941848755, 41.6214447021], [43.0214424133, -39.4126663208, -30.2568645477, 0.935273945332, -16.0870323181, -17.7283267975, -1.82214045525, -11.9551858902, -0.687777221203, 14.2535581589, -8.31034088135, 41.6214447021, 89.2037582397]],
        "icov": [[0.000528260308784, -0.00100332428701, 0.000894480093848, -0.000480384711409, 0.000553817662876, 0.000643562350888, -0.000119023512525, 0.000300547544612, -0.000560811604373, -0.000620106235147, -0.000150781663251, -0.000162206575624, 3.23895656038e-005], [-0.00100332428701, 0.00633658422157, -0.00325367180631, 0.00281818793155, -0.00459835864604, -0.000196982218768, -0.00218942062929, 0.00162982661277, -0.000103487749584, 0.00460837129503, -0.00187623209786, 0.00310902460478, -0.00090688210912], [0.000894480093848, -0.00325367180631, 0.00441582081839, -0.00139287183993, 0.00212734751403, -0.00256342603825, 0.00230045220815, -0.00124835968018, 0.000783533905633, -0.00375211378559, 0.00166842271574, -0.00151590618771, 0.000865635869559], [-0.000480384711409, 0.00281818793155, -0.00139287183993, 0.00602118903771, -0.00237639551051, -0.000427899329225, -0.00483644660562, 0.00122889515478, -0.00125250627752, 0.00109461555257, -0.00111402920447, 0.00179430982098, -0.00063198787393], [0.000553817662876, -0.00459835864604, 0.00212734751403, -0.00237639551051, 0.00969621911645, 0.000857263919897, 0.00121220771689, -0.00386248086579, 0.00135824130848, -0.00354670872912, -0.00142117287032, -0.00279408320785, 0.00162228534464], [0.000643562350888, -0.000196982218768, -0.00256342603825, -0.000427899329225, 0.000857263919897, 0.0111133530736, -0.00230474257842, -0.000403268932132, -0.00254183751531, 0.00508011085913, -0.00329812569544, 0.00362789141946, -0.00183159147855], [-0.000119023512525, -0.00218942062929, 0.00230045220815, -0.00483644660562, 0.00121220771689, -0.00230474257842, 0.0125839114189, -0.00447691464797, 0.00206284504384, -0.00368792237714, 0.00252668163739, 9.32354960241e-005, 0.000135736641823], [0.000300547544612, 0.00162982661277, -0.00124835968018, 0.00122889515478, -0.00386248086579, -0.000403268932132, -0.00447691464797, 0.0160734429955, -0.00791192706674, 0.00317214312963, -0.00284221745096, 0.0016622407129, -0.00018337010988], [-0.000560811604373, -0.000103487749584, 0.000783533905633, -0.00125250627752, 0.00135824130848, -0.00254183751531, 0.00206284504384, -0.00791192706674, 0.0224613938481, -0.0113627789542, 0.00353478384204, -0.0048968535848, 0.00382811808959], [-0.000620106235147, 0.00460837129503, -0.00375211378559, 0.00109461555257, -0.00354670872912, 0.00508011085913, -0.00368792237714, 0.00317214312963, -0.0113627789542, 0.0252355150878, -0.0102142682299, 0.00530958268791, -0.00577804027125], [-0.000150781663251, -0.00187623209786, 0.00166842271574, -0.00111402920447, -0.00142117287032, -0.00329812569544, 0.00252668163739, -0.00284221745096, 0.00353478384204, -0.0102142682299, 0.0232649277896, -0.00865484494716, 0.00644526863471], [-0.000162206575624, 0.00310902460478, -0.00151590618771, 0.00179430982098, -0.00279408320785, 0.00362789141946, 9.32354960241e-005, 0.0016622407129, -0.0048968535848, 0.00530958268791, -0.00865484494716, 0.020431464538, -0.00986484624445], [3.23895656038e-005, -0.00090688210912, 0.000865635869559, -0.00063198787393, 0.00162228534464, -0.00183159147855, 0.000135736641823, -0.00018337010988, 0.00382811808959, -0.00577804027125, 0.00644526863471, -0.00986484624445, 0.017157016322]]
    },
    "melbands": {
        "mean": [1.18788220789e-005, 0.000118224481412, 0.000175580440555, 0.000199514615815, 0.000375883682864, 0.00115139514674, 0.00126193684991, 0.000218750195927, 0.000118290801765, 0.000219131310587, 3.5865992686e-005, 2.90726184176e-005, 2.13513631024e-005, 1.65393994394e-005, 1.51379726958e-005, 7.02027500665e-006, 5.08588209414e-006, 4.7844191613e-006, 3.33019374921e-006, 2.9855750654e-006, 9.76622231974e-007, 7.43323028018e-007, 4.74980851095e-007, 4.18624040321e-007, 2.82795411977e-007, 7.88448701883e-008, 6.78274645338e-008, 2.90293780125e-008, 1.08910764851e-008, 9.18672604655e-009, 3.93370669372e-009, 2.55230325763e-009, 1.56125445905e-009, 8.55350068552e-010, 4.56457843745e-010, 2.04689307171e-010, 1.18537984983e-010, 2.99620155075e-011, 1.91345116834e-011, 1.56449801031e-011],
        "var": [7.4217626489e-010, 6.82794834006e-008, 7.43546593185e-008, 1.18209314337e-007, 6.71141378916e-007, 6.34842490399e-006, 1.30607295432e-005, 2.72001699386e-007, 7.58749308716e-007, 4.16834564021e-006, 4.82528506041e-009, 4.81493067639e-009, 2.40047515199e-009, 1.38552758155e-009, 1.08845887858e-009, 2.47436626744e-010, 1.50795598231e-010, 1.26993610072e-010, 8.65162247399e-011, 1.68817113066e-010, 1.29578812957e-011, 4.85091264033e-012, 1.77491517577e-012, 2.38439021132e-012, 1.27068743982e-012, 9.02695615739e-014, 3.34576767333e-013, 3.18626859109e-014, 3.56395634711e-015, 3.65469559862e-015, 6.72258127682e-016, 1.85117594785e-016, 6.35534445153e-017, 2.45596987989e-017, 1.61735250276e-017, 2.6090939153e-018, 9.61304019771e-019, 3.98824405328e-021, 3.50056130546e-021, 3.07566673601e-021]
    },
    "mfcc": {
        "mean": [-856.609375, 230.477157593, 8.73956012726, -21.4883098602, -1.10013878345, -12.5330972672, -19.5892105103, -16.324798584, -15.9811925888, -13.9340791702, -7.63256120682, -5.12109661102, -3.72838187218],
        "cov": [[4059.83813477, 1122.39770508, -1981.08874512, 388.934875488, 351.739624023, -412.298980713, -120.712150574, 62.2142562866, -53.383480072, 1.08179271221, 158.594390869, 112.203056335, 202.191970825], [1122.39770508, 649.821289063, -338.910064697, -16.7163619995, 177.620300293, -66.8626937866, -21.0279369354, 52.1321182251, -28.0569114685, -14.1997327805, 50.9062423706, 32.9354400635, 36.2399330139], [-1981.08874512, -338.910064697, 1285.83837891, -124.743621826, -187.765197754, 286.114532471, 134.115020752, -0.891314446926, 47.7606124878, 27.2125606537, -52.3645439148, -43.0006027222, -107.370849609], [388.934875488, -16.7163619995, -124.743621826, 282.18927002, 41.6098327637, -30.8771533966, 60.1784362793, 29.5223693848, 30.6371746063, 55.6530532837, 45.1557655334, 31.5637760162, 59.5443725586], [351.739624023, 177.620300293, -187.765197754, 41.6098327637, 197.008712769, -19.892036438, -19.033498764, 48.9880104065, -2.01042437553, 5.46931886673, 31.2822875977, 23.742805481, 47.8662033081], [-412.298980713, -66.8626937866, 286.114532471, -30.8771533966, -19.892036438, 138.024810791, 58.6560440063, 1.1493024826, 28.4051361084, 7.29301118851, -12.5633001328, 2.14473605156, -20.9130554199], [-120.712150574, -21.0279369354, 134.115020752, 60.1784362793, -19.033498764, 58.6560440063, 130.705337524, 56.6934051514, 18.0069026947, 38.2480659485, 10.2089729309, 10.8072719574, 8.95404529572], [62.2142562866, 52.1321182251, -0.891314446926, 29.5223693848, 48.9880104065, 1.1493024826, 56.6934051514, 105.959220886, 33.1588935852, 10.8701295853, 25.6986637115, 12.8838481903, 19.6280841827], [-53.383480072, -28.0569114685, 47.7606124878, 30.6371746063, -2.01042437553, 28.4051361084, 18.0069026947, 33.1588935852, 83.3579788208, 27.8158092499, -7.62090969086, 21.7128982544, 0.293985366821], [1.08179271221, -14.1997327805, 27.2125606537, 55.6530532837, 5.46931886673, 7.29301118851, 38.2480659485, 10.8701295853, 27.8158092499, 100.614044189, 49.9324684143, 3.83449554443, 30.0191497803], [158.594390869, 50.9062423706, -52.3645439148, 45.1557655334, 31.2822875977, -12.5633001328, 10.2089729309, 25.6986637115, -7.62090969086, 49.9324684143, 100.451004028, 28.4704093933, 23.8712215424], [112.203056335, 32.9354400635, -43.0006027222, 31.5637760162, 23.742805481, 2.14473605156, 10.8072719574, 12.8838481903, 21.7128982544, 3.83449554443, 28.4704093933, 68.508392334, 20.403049469], [202.191970825, 36.2399330139, -107.370849609, 59.5443725586, 47.8662033081, -20.9130554199, 8.95404529572, 19.6280841827, 0.293985366821, 30.0191497803, 23.8712215424, 20.403049469, 83.395614624]],
        "icov": [[0.414709746838, -0.579624176025, 0.568594992161, -0.541386663914, 0.49937209487, -0.458905309439, 0.404698073864, -0.348500579596, 0.283779680729, -0.225665763021, 0.165488511324, -0.116132520139, 0.063169836998], [-0.579624176025, 0.812553226948, -0.794441103935, 0.757813751698, -0.700320005417, 0.642790317535, -0.567693412304, 0.488290220499, -0.397632300854, 0.316809117794, -0.232946321368, 0.162578895688, -0.0882707610726], [0.568594992161, -0.794441103935, 0.781695008278, -0.742656648159, 0.686590492725, -0.634234964848, 0.557260990143, -0.48137101531, 0.392302453518, -0.312507778406, 0.229156553745, -0.160400629044, 0.088447265327], [-0.541386663914, 0.757813751698, -0.742656648159, 0.714629650116, -0.656340003014, 0.606764554977, -0.539952516556, 0.465300738811, -0.381319820881, 0.301653414965, -0.223977774382, 0.156109467149, -0.0871160253882], [0.49937209487, -0.700320005417, 0.686590492725, -0.656340003014, 0.615474402905, -0.564295351505, 0.502857029438, -0.436808407307, 0.355725079775, -0.282725274563, 0.208811476827, -0.147301509976, 0.0770380571485], [-0.458905309439, 0.642790317535, -0.634234964848, 0.606764554977, -0.564295351505, 0.539147496223, -0.474862724543, 0.412543565035, -0.34062102437, 0.270171076059, -0.200313746929, 0.13979203999, -0.0764511376619], [0.404698073864, -0.567693412304, 0.557260990143, -0.539952516556, 0.502857029438, -0.474862724543, 0.440860897303, -0.381678462029, 0.314131051302, -0.252887040377, 0.18926218152, -0.133970230818, 0.0718168988824], [-0.348500579596, 0.488290220499, -0.48137101531, 0.465300738811, -0.436808407307, 0.412543565035, -0.381678462029, 0.346348553896, -0.28273755312, 0.225507229567, -0.171648263931, 0.121114090085, -0.0662814751267], [0.283779680729, -0.397632300854, 0.392302453518, -0.381319820881, 0.355725079775, -0.34062102437, 0.314131051302, -0.28273755312, 0.251295179129, -0.194693103433, 0.149226844311, -0.108866259456, 0.0584602765739], [-0.225665763021, 0.316809117794, -0.312507778406, 0.301653414965, -0.282725274563, 0.270171076059, -0.252887040377, 0.225507229567, -0.194693103433, 0.169978305697, -0.125272765756, 0.0884448513389, -0.050454068929], [0.165488511324, -0.232946321368, 0.229156553745, -0.223977774382, 0.208811476827, -0.200313746929, 0.18926218152, -0.171648263931, 0.149226844311, -0.125272765756, 0.106562077999, -0.0711062848568, 0.0364152379334], [-0.116132520139, 0.162578895688, -0.160400629044, 0.156109467149, -0.147301509976, 0.13979203999, -0.133970230818, 0.121114090085, -0.108866259456, 0.0884448513389, -0.0711062848568, 0.0668154880404, -0.0290288235992], [0.063169836998, -0.0882707610726, 0.088447265327, -0.0871160253882, 0.0770380571485, -0.0764511376619, 0.0718168988824, -0.0662814751267, 0.0584602765739, -0.050454068929, 0.0364152379334, -0.0290288235992, 0.0324046090245]]
    },
    "spectral_contrast_coeffs": {
        "mean": [-0.54494291544, -0.639260470867, -0.710943818092, -0.716451585293, -0.740363895893, -0.841578841209],
        "var": [0.00754500878975, 0.011116287671, 0.0053145615384, 0.00360580906272, 0.00387951708399, 0.00308661279269]
    },
    "spectral_contrast_valleys": {
        "mean": [-9.32884502411, -7.40017652512, -8.75596427917, -10.1291007996, -11.938791275, -14.6435880661],
        "var": [1.43532979488, 0.990217983723, 1.07951581478, 1.17121398449, 1.0883462429, 0.857462108135]
    }
},
"metadata": {
    "audio_properties": {
        "analysis_sample_rate": 44100,
        "bit_rate": 84576,
        "equal_loudness": 0,
        "length": 45.0873451233,
        "lossless": 0,
        "replay_gain": -1.83041763306,
        "sample_rate": 44100,
        "codec": "mp3",
        "downmix": "mix",
        "md5_encoded": "9260351ca2c1c1e802441490c412a5f8"
    },
    "tags": {
        "file_name": "656.mp3"
    },
    "version": {
        "essentia": "2.1-beta2",
        "essentia_git_sha": "v2.1_beta2",
        "extractor": "music 1.0"
    }
},
"rhythm": {
    "beats_count": 86,
    "beats_loudness": {
        "mean": 0.0260930564255,
        "var": 0.00178301287815
    },
    "bpm": 103.709823608,
    "bpm_histogram_first_peak_bpm": {
        "mean": 103,
        "var": 0
    },
    "bpm_histogram_first_peak_spread": {
        "mean": 0.645161271095,
        "var": 0
    },
    "bpm_histogram_first_peak_weight": {
        "mean": 0.129411771894,
        "var": 0
    },
    "bpm_histogram_second_peak_bpm": {
        "mean": 108,
        "var": 0
    },
    "bpm_histogram_second_peak_spread": {
        "mean": 0.54545456171,
        "var": 0
    },
    "bpm_histogram_second_peak_weight": {
        "mean": 0.0588235296309,
        "var": 0
    },
    "danceability": 1.01106250286,
    "onset_rate": 1.92884290218,
    "beats_loudness_band_ratio": {
        "mean": [0.147369876504, 0.509033024311, 0.402786046267, 0.0630325749516, 0.00908027403057, 0.000465438584797],
        "var": [0.0311780329794, 0.0571665428579, 0.0575970932841, 0.00300718401559, 0.000178308720933, 1.2657753814e-006]
    },
    "beats_position": [0.510838985443, 1.03328800201, 1.54412698746, 2.0549659729, 2.56580495834, 3.08825397491, 3.5758728981, 4.06349182129, 4.62077093124, 5.17804956436, 5.78176879883, 6.40870714188, 7.03564596176, 7.63936471939, 8.26630401611, 8.87002277374, 9.43891143799, 10.0078001022, 10.5766887665, 11.1455783844, 11.6796369553, 12.2136955261, 12.7709751129, 13.3166437149, 13.9203624725, 14.5356912613, 15.1394100189, 15.7663488388, 16.3468475342, 16.8692970276, 17.391746521, 17.9374141693, 18.5063037872, 19.0868015289, 19.667301178, 20.2361907959, 20.8282985687, 21.4087982178, 22.0009059906, 22.5930156708, 23.1735134125, 23.7540130615, 24.3345127106, 24.9034004211, 25.4722900391, 26.0527877808, 26.6332874298, 27.2137870789, 27.7826747894, 28.3515644073, 28.9088420868, 29.4893417358, 30.081451416, 30.6735591888, 31.2308387756, 31.776506424, 32.322177887, 32.7749671936, 33.2277526855, 33.6689338684, 34.1101112366, 34.5512924194, 34.9808616638, 35.422039032, 35.8283882141, 36.2231292725, 36.6178665161, 37.0126075745, 37.3957366943, 37.7788658142, 38.1619949341, 38.5567321777, 38.9398651123, 39.3113822937, 39.7177314758, 40.1589126587, 40.5884780884, 41.006439209, 41.4127883911, 41.8191375732, 42.2370948792, 42.6434440613, 43.0614051819, 43.4793624878, 43.9089317322, 44.3617210388]
},
"tonal": {
    "chords_changes_rate": 0.0483539104462,
    "chords_number_rate": 0.0113168722019,
    "chords_strength": {
        "mean": 0.453916460276,
        "var": 0.00777586596087
    },
    "hpcp_entropy": {
        "mean": 1.30298423767,
        "var": 0.568631589413
    },
    "key_strength": 0.53680062294,
    "tuning_diatonic_strength": 0.411630749702,
    "tuning_equal_tempered_deviation": 0.0503659136593,
    "tuning_frequency": 443.828887939,
    "tuning_nontempered_energy_ratio": 0.602608978748,
    "hpcp": {
        "mean": [0.207105889916, 0.0769628062844, 0.0979129225016, 0.1616409868, 0.0839141532779, 0.0884138792753, 0.125140279531, 0.0661422982812, 0.110548742115, 0.15645673871, 0.0667292028666, 0.012246446684, 0.0171669367701, 0.0170020814985, 0.0735964477062, 0.121392294765, 0.0689661204815, 0.0552673749626, 0.0691786929965, 0.0367599241436, 0.168889865279, 0.288996040821, 0.16752423346, 0.175770640373, 0.220183625817, 0.086202070117, 0.0183125659823, 0.0231411289424, 0.0252557918429, 0.199542537332, 0.297649145126, 0.122786983848, 0.0822619348764, 0.130227833986, 0.0772618055344, 0.158646300435],
        "var": [0.103577189147, 0.0152079518884, 0.0325770713389, 0.0889628604054, 0.0242222528905, 0.0352155044675, 0.0712491497397, 0.01786390692, 0.0362195447087, 0.0685742944479, 0.0156090063974, 0.00319209671579, 0.00928073283285, 0.00573877617717, 0.0246093347669, 0.0585280098021, 0.0248852279037, 0.0236845426261, 0.0425101295114, 0.00909103546292, 0.0537172667682, 0.151751816273, 0.047736633569, 0.0699685513973, 0.114234827459, 0.0219807792455, 0.00676268758252, 0.015355149284, 0.0045065395534, 0.0713233873248, 0.157455697656, 0.0279732979834, 0.0345140099525, 0.0939218178391, 0.0199259351939, 0.0625959634781]
    },
    "chords_histogram": [3.29218101501, 11.0082302094, 19.1358032227, 9.25925922394, 0.617283940315, 0, 0.205761313438, 0, 6.89300394058, 0.514403283596, 0.308641970158, 3.90946507454, 0, 0.205761313438, 0, 0, 0, 22.9423866272, 0, 0.617283940315, 2.05761313438, 11.3168725967, 5.24691343307, 2.46913576126],
    "thpcp": [1, 0.412522554398, 0.276372164488, 0.437521278858, 0.259573429823, 0.532997667789, 0.695805430412, 0.258568882942, 0.328954160213, 0.543058812618, 0.281923055649, 0.297040581703, 0.420428812504, 0.222215652466, 0.37140622735, 0.52564150095, 0.224187448621, 0.0411439016461, 0.0576750747859, 0.0571212172508, 0.247259065509, 0.407836854458, 0.23170273006, 0.185679599643, 0.232416898012, 0.123500853777, 0.567412555218, 0.970928490162, 0.562824487686, 0.590529620647, 0.739742159843, 0.289609670639, 0.0615240000188, 0.0777463316917, 0.0848508775234, 0.67039513588],
    "chords_key": "F",
    "chords_scale": "minor",
    "key_key": "F",
    "key_scale": "major"
}
}