{
"lowlevel": {
    "average_loudness": 0.871436834335,
    "barkbands_crest": {
        "mean": 12.048324585,
        "var": 23.2185783386
    },
    "barkbands_flatness_db": {
        "mean": 0.171137064695,
        "var": 0.00224552676082
    },
    "barkbands_kurtosis": {
        "mean": 9.52590751648,
        "var": 185.049407959
    },
    "barkbands_skewness": {
        "mean": 2.14869642258,
        "var": 2.50273489952
    },
    "barkbands_spread": {
        "mean": 13.0739440918,
        "var": 70.7433013916
    },
    "dissonance": {
        "mean": 0.447086691856,
        "var": 0.0012614276493
    },
    "dynamic_complexity": 2.23295331001,
    "erbbands_crest": {
        "mean": 10.585934639,
        "var": 24.0878582001
    },
    "erbbands_flatness_db": {
        "mean": 0.161753863096,
        "var": 0.00254019466229
    },
    "erbbands_kurtosis": {
        "mean": 1.79441034794,
        "var": 6.61525297165
    },
    "erbbands_skewness": {
        "mean": 0.783104300499,
        "var": 0.473127752542
    },
    "erbbands_spread": {
        "mean": 32.9501037598,
        "var": 374.034362793
    },
    "hfc": {
        "mean": 15.7448835373,
        "var": 228.097946167
    },
    "melbands_crest": {
        "mean": 15.8561086655,
        "var": 31.8836269379
    },
    "melbands_flatness_db": {
        "mean": 0.260344803333,
        "var": 0.00406769895926
    },
    "melbands_kurtosis": {
        "mean": 20.5826282501,
        "var": 752.873046875
    },
    "melbands_skewness": {
        "mean": 2.93258500099,
        "var": 4.16083335876
    },
    "melbands_spread": {
        "mean": 13.2575826645,
        "var": 124.130531311
    },
    "pitch_salience": {
        "mean": 0.492091834545,
        "var": 0.0157155953348
    },
    "silence_rate_20dB": {
        "mean": 1,
        "var": 0
    },
    "silence_rate_30dB": {
        "mean": 0.980442643166,
        "var": 0.0191745553166
    },
    "silence_rate_60dB": {
        "mean": 0.00205867225304,
        "var": 0.00205448735505
    },
    "spectral_centroid": {
        "mean": 869.69329834,
        "var": 278298.3125
    },
    "spectral_complexity": {
        "mean": 13.8239831924,
        "var": 35.7756080627
    },
    "spectral_decrease": {
        "mean": -9.06437414017e-009,
        "var": 3.43595374721e-017
    },
    "spectral_energy": {
        "mean": 0.035639166832,
        "var": 0.000529909797478
    },
    "spectral_energyband_high": {
        "mean": 0.000413100846345,
        "var": 3.61431858664e-007
    },
    "spectral_energyband_low": {
        "mean": 0.0169036276639,
        "var": 0.000247640971793
    },
    "spectral_energyband_middle_high": {
        "mean": 0.00437993742526,
        "var": 3.71398164134e-005
    },
    "spectral_energyband_middle_low": {
        "mean": 0.0153053682297,
        "var": 0.000233680708334
    },
    "spectral_entropy": {
        "mean": 7.26360034943,
        "var": 0.181833088398
    },
    "spectral_flux": {
        "mean": 0.0824458673596,
        "var": 0.00192818581127
    },
    "spectral_kurtosis": {
        "mean": 6.00225162506,
        "var": 29.7565326691
    },
    "spectral_rms": {
        "mean": 0.0056405714713,
        "var": 2.95383688353e-006
    },
    "spectral_rolloff": {
        "mean": 741.629394531,
        "var": 1035696.625
    },
    "spectral_skewness": {
        "mean": 1.88346171379,
        "var": 0.419113308191
    },
    "spectral_spread": {
        "mean": 4567609,
        "var": 3.21534164992e+012
    },
    "spectral_strongpeak": {
        "mean": 0.847653985023,
        "var": 1.17814028263
    },
    "zerocrossingrate": {
        "mean": 0.0355045571923,
        "var": 0.000787240103818
    },
    "barkbands": {
        "mean": [0.00049151678104, 0.0125174624845, 0.00294617726468, 0.00240995385684, 0.00372224231251, 0.00353373005055, 0.00124995142687, 0.00179634569213, 0.00165349466261, 0.00119009474292, 0.00128639151808, 0.000693440786563, 0.000270466989605, 0.000348719302565, 0.000255851482507, 0.000268244999461, 0.000226642630878, 0.000192585372133, 0.000121422286611, 0.000133879249915, 8.45486138132e-005, 9.15233977139e-005, 4.99064808537e-005, 4.17757510149e-005, 4.26139449701e-005, 1.84299769899e-005, 1.77969059223e-006],
        "var": [5.11058544816e-007, 0.000201039365493, 1.48292238009e-005, 1.97656736418e-005, 4.64467520942e-005, 2.36426694755e-005, 4.28930252383e-006, 1.37805336635e-005, 9.15149848879e-006, 5.97111420575e-006, 5.94527273279e-006, 2.26064616982e-006, 6.48078867016e-007, 1.14235820092e-006, 4.84883685203e-007, 1.30950559196e-006, 3.35376881822e-007, 2.15217923483e-007, 2.27638750516e-007, 5.79311567606e-008, 2.83519110411e-008, 2.29452776779e-008, 8.51905124222e-009, 1.06089101948e-008, 1.92102618257e-008, 2.16802398256e-009, 4.74696636166e-011]
    },
    "erbbands": {
        "mean": [0.397634893656, 2.63887786865, 3.76541686058, 5.76271390915, 12.837887764, 9.57536029816, 16.3360157013, 32.3505516052, 23.7078018188, 24.6155128479, 41.4236755371, 44.305431366, 48.099193573, 38.772315979, 36.3721008301, 34.6516456604, 13.6851234436, 21.4484500885, 14.2182159424, 13.2513780594, 12.2640943527, 10.7923030853, 12.0615501404, 6.4967546463, 6.24667596817, 6.75104808807, 4.4318022728, 2.86765432358, 3.24960803986, 2.42751336098, 1.33638906479, 0.942023336887, 0.6654535532, 0.550839722157, 0.261218488216, 0.0877021700144, 0.0333235859871, 0.00684208329767, 0.000212320373976, 4.55859371868e-005],
        "var": [0.185847327113, 10.6646680832, 17.4690208435, 60.7832717896, 822.39453125, 314.250518799, 935.489074707, 2659.01806641, 1397.98840332, 2689.11303711, 8661.78808594, 6190.95458984, 8385.91015625, 8457.2578125, 4524.06347656, 5229.40771484, 1195.34619141, 3371.67089844, 1141.74072266, 1452.10375977, 1306.0098877, 646.389770508, 801.196899414, 353.616027832, 550.691040039, 163.50428772, 71.5275650024, 27.6864852905, 29.0349159241, 13.8209152222, 6.33420610428, 5.49143266678, 2.40143227577, 5.70531988144, 0.44639608264, 0.0454161204398, 0.010015998967, 0.000403117650421, 5.68559983094e-007, 9.6131691496e-010]
    },
    "gfcc": {
        "mean": [-7.46906471252, 111.128829956, -95.6708831787, 24.2261238098, -59.5877685547, 17.9740924835, -23.1003665924, 15.3311672211, -18.8324699402, 6.70194005966, -12.8537969589, 5.00636434555, -8.07228088379],
        "cov": [[4771.10595703, -319.604400635, -582.944030762, 380.5440979, -152.335388184, 22.0999317169, -328.808044434, -49.4587898254, -159.602478027, 32.2131309509, -147.690231323, -25.061296463, -99.9320068359], [-319.604400635, 791.610046387, -43.3131217957, -134.809799194, 105.544700623, -58.7663383484, 133.582946777, -48.7350730896, 57.2683372498, -70.949508667, 99.9435119629, 11.0896091461, 91.3644714355], [-582.944030762, -43.3131217957, 806.835632324, 322.530334473, 0.0956636443734, 125.189849854, 88.232635498, 32.7794914246, -22.4678077698, -4.3585524559, -129.56539917, -88.339881897, -63.8365592957], [380.5440979, -134.809799194, 322.530334473, 607.468017578, 73.0760116577, 96.9130554199, 46.0862617493, -28.5182437897, 0.763363420963, 20.9903125763, -136.77331543, -136.538986206, -58.7494277954], [-152.335388184, 105.544700623, 0.0956636443734, 73.0760116577, 256.78704834, 36.5612449646, -8.61425876617, 26.6320304871, 55.3723983765, 10.2494325638, 34.8232917786, 2.89365077019, 3.99607586861], [22.0999317169, -58.7663383484, 125.189849854, 96.9130554199, 36.5612449646, 120.741798401, 54.4826126099, 38.4596710205, 9.32872676849, 16.31067276, -21.9510879517, -9.13210773468, -9.52711009979], [-328.808044434, 133.582946777, 88.232635498, 46.0862617493, -8.61425876617, 54.4826126099, 241.202270508, 36.4989738464, 50.3404960632, 19.6830406189, 0.625687777996, -8.35953903198, 30.720249176], [-49.4587898254, -48.7350730896, 32.7794914246, -28.5182437897, 26.6320304871, 38.4596710205, 36.4989738464, 122.308326721, 56.1249275208, 35.7254714966, 18.1776390076, 9.43388843536, 0.982493460178], [-159.602478027, 57.2683372498, -22.4678077698, 0.763363420963, 55.3723983765, 9.32872676849, 50.3404960632, 56.1249275208, 121.660079956, 58.5117454529, 32.243473053, -1.96740663052, 10.6243171692], [32.2131309509, -70.949508667, -4.3585524559, 20.9903125763, 10.2494325638, 16.31067276, 19.6830406189, 35.7254714966, 58.5117454529, 109.555358887, 37.5602416992, 15.6619911194, -1.49607169628], [-147.690231323, 99.9435119629, -129.56539917, -136.77331543, 34.8232917786, -21.9510879517, 0.625687777996, 18.1776390076, 32.243473053, 37.5602416992, 140.340591431, 83.8073272705, 45.4498405457], [-25.061296463, 11.0896091461, -88.339881897, -136.538986206, 2.89365077019, -9.13210773468, -8.35953903198, 9.43388843536, -1.96740663052, 15.6619911194, 83.8073272705, 114.317481995, 45.5094642639], [-99.9320068359, 91.3644714355, -63.8365592957, -58.7494277954, 3.99607586861, -9.52711009979, 30.720249176, 0.982493460178, 10.6243171692, -1.49607169628, 45.4498405457, 45.5094642639, 79.7658920288]],
        "icov": [[0.000544657872524, -0.000730448693503, 0.000965851300862, -0.00100088864565, 0.000788901175838, -0.000733997731004, 0.0010521535296, -0.00110159581527, 0.00102694495581, -0.00102512864396, 0.00143680663314, -0.0014092711499, 0.000865327252541], [-0.000730448693503, 0.00397609872743, -0.00192472839262, 0.00216757878661, -0.00232615997083, 0.00216534966603, -0.00317119178362, 0.00367160793394, -0.00307162711397, 0.00419578095898, -0.00486211990938, 0.00443778187037, -0.00313571724109], [0.000965851300862, -0.00192472839262, 0.00375199387781, -0.00265941233374, 0.00182446988765, -0.00246931379661, 0.00175850105006, -0.00306889950298, 0.00268814899027, -0.00225201924331, 0.00390437617898, -0.00332432053983, 0.0027045388706], [-0.00100088864565, 0.00216757878661, -0.00265941233374, 0.00555771030486, -0.0030175363645, 0.000178687245352, -0.00253613200039, 0.0043630907312, -0.00190115661826, 0.000552337733097, -0.00182190700434, 0.00605099694803, -0.00282675703056], [0.000788901175838, -0.00232615997083, 0.00182446988765, -0.0030175363645, 0.00724141160026, -0.00354261277243, 0.00356867327355, -0.00261820433661, -0.0011797118932, -0.000128803905682, 0.000659715209622, -0.00321738095954, 0.0023767829407], [-0.000733997731004, 0.00216534966603, -0.00246931379661, 0.000178687245352, -0.00354261277243, 0.0152100492269, -0.00472512468696, -0.00176150153857, 0.000676956376992, 0.000959412718657, -0.00106951862108, 6.47454580758e-005, -0.000908439804334], [0.0010521535296, -0.00317119178362, 0.00175850105006, -0.00253613200039, 0.00356867327355, -0.00472512468696, 0.00902322400361, -0.00344533938915, 0.000148305553012, -0.00294086709619, 0.00395857729018, -0.00303990137763, -0.000282044667983], [-0.00110159581527, 0.00367160793394, -0.00306889950298, 0.0043630907312, -0.00261820433661, -0.00176150153857, -0.00344533938915, 0.0166312046349, -0.00856454577297, 0.00301723927259, -0.00488113192841, 0.00450768601149, -0.00237852544524], [0.00102694495581, -0.00307162711397, 0.00268814899027, -0.00190115661826, -0.0011797118932, 0.000676956376992, 0.000148305553012, -0.00856454577297, 0.0202551912516, -0.0110109569505, 0.0032762507908, 0.000257674633758, 0.000826072297059], [-0.00102512864396, 0.00419578095898, -0.00225201924331, 0.000552337733097, -0.000128803905682, 0.000959412718657, -0.00294086709619, 0.00301723927259, -0.0110109569505, 0.0203852374107, -0.0101348664612, 0.00234439689666, 1.69528848346e-005], [0.00143680663314, -0.00486211990938, 0.00390437617898, -0.00182190700434, 0.000659715209622, -0.00106951862108, 0.00395857729018, -0.00488113192841, 0.0032762507908, -0.0101348664612, 0.0246626548469, -0.01497063227, 0.00138902408071], [-0.0014092711499, 0.00443778187037, -0.00332432053983, 0.00605099694803, -0.00321738095954, 6.47454580758e-005, -0.00303990137763, 0.00450768601149, 0.000257674633758, 0.00234439689666, -0.01497063227, 0.0270648114383, -0.0106699550524], [0.000865327252541, -0.00313571724109, 0.0027045388706, -0.00282675703056, 0.0023767829407, -0.000908439804334, -0.000282044667983, -0.00237852544524, 0.000826072297059, 1.69528848346e-005, 0.00138902408071, -0.0106699550524, 0.0223917234689]]
    },
    "melbands": {
        "mean": [0.00357844564132, 0.00254165637307, 0.00127826665994, 0.000803472124971, 0.000546018593013, 0.000718527066056, 0.000342694955179, 0.000278240127955, 0.000329834554577, 0.000279159343336, 0.000224758725381, 0.000137356080813, 0.000126869315864, 9.8712160252e-005, 4.40798066847e-005, 3.32044473907e-005, 4.12588196923e-005, 2.10199978028e-005, 1.65381406987e-005, 2.44266484515e-005, 1.22996925711e-005, 1.09190968942e-005, 1.3824047528e-005, 7.97670327302e-006, 4.82435143567e-006, 4.43063117928e-006, 4.19627986048e-006, 4.67775362267e-006, 2.76909577224e-006, 2.28874137065e-006, 1.45638330196e-006, 1.76306173216e-006, 1.89646414128e-006, 1.15128898415e-006, 7.87555052284e-007, 6.18093793037e-007, 5.61765659768e-007, 4.68756695682e-007, 4.31298474268e-007, 4.84319343741e-007],
        "var": [1.59406918101e-005, 6.90339356879e-006, 4.05666378356e-006, 2.56856378655e-006, 9.33849776175e-007, 1.14725514777e-006, 2.93170046461e-007, 3.39758145174e-007, 5.88951479585e-007, 2.70790962986e-007, 2.02054607712e-007, 1.22087485011e-007, 5.61142527999e-008, 3.39297407947e-008, 7.10266867543e-009, 1.18374074987e-008, 1.64948659176e-008, 2.69975086731e-009, 3.26707305653e-009, 1.20985212959e-008, 8.70721994506e-010, 6.86216028445e-010, 1.24172838678e-009, 3.85088877453e-010, 2.34348318529e-010, 4.5533601889e-010, 7.7468573223e-011, 9.01127852893e-011, 2.79453855889e-011, 2.50973651583e-011, 7.6368364757e-012, 8.48341449172e-012, 1.16576921727e-011, 3.6710118452e-012, 2.27599883384e-012, 1.85371271284e-012, 2.93846544319e-012, 1.32377453183e-012, 1.28145291687e-012, 6.94771800855e-012]
    },
    "mfcc": {
        "mean": [-657.706481934, 144.228042603, 17.707403183, 19.2521896362, -4.67818498611, 6.35024499893, 5.01761007309, 9.28543376923, 5.02920341492, 3.87525057793, 2.88625860214, 0.479796081781, 5.10645151138],
        "cov": [[3091.95629883, -640.516479492, -391.124511719, 160.384246826, 85.985244751, 14.3123092651, -135.04914856, -144.282943726, -70.6531829834, -98.8045501709, -66.5616836548, 45.1767616272, -96.574256897], [-640.516479492, 887.243591309, -152.57131958, -147.156723022, -40.7456207275, -59.6017494202, 33.5640716553, 67.2768707275, -34.9414138794, -53.3600234985, -6.09238862991, 30.1638240814, 27.267906189], [-391.124511719, -152.57131958, 718.644592285, 225.450408936, -2.38716578484, 153.920349121, 87.4056243896, 34.6281776428, 87.5694732666, 101.25868988, 30.1673946381, -122.539741516, -16.7922801971], [160.384246826, -147.156723022, 225.450408936, 376.294342041, 91.8815078735, 155.71131897, 40.3791809082, -0.0500467903912, 86.0121002197, 69.834854126, 35.9801635742, -40.2384109497, -26.1247882843], [85.985244751, -40.7456207275, -2.38716578484, 91.8815078735, 284.919281006, 19.7282447815, -10.4208421707, 7.57173109055, -7.72596502304, 4.26673173904, 9.95400619507, 43.3209724426, -37.7539176941], [14.3123092651, -59.6017494202, 153.920349121, 155.71131897, 19.7282447815, 174.383636475, 55.8269195557, 15.4486150742, 57.1669235229, 33.5434036255, 14.2067022324, -24.3479003906, 3.02057552338], [-135.04914856, 33.5640716553, 87.4056243896, 40.3791809082, -10.4208421707, 55.8269195557, 107.970085144, 48.6152229309, 32.2827033997, 18.6221885681, 4.79683637619, -9.87746620178, 17.0382003784], [-144.282943726, 67.2768707275, 34.6281776428, -0.0500467903912, 7.57173109055, 15.4486150742, 48.6152229309, 96.1178817749, 41.2484550476, 19.0963993073, 8.72641468048, -9.76346874237, 13.9426574707], [-70.6531829834, -34.9414138794, 87.5694732666, 86.0121002197, -7.72596502304, 57.1669235229, 32.2827033997, 41.2484550476, 117.353012085, 78.9579696655, 32.7289428711, -18.849779129, 7.07974910736], [-98.8045501709, -53.3600234985, 101.25868988, 69.834854126, 4.26673173904, 33.5434036255, 18.6221885681, 19.0963993073, 78.9579696655, 118.949989319, 53.0232467651, -10.2405672073, 9.52474498749], [-66.5616836548, -6.09238862991, 30.1673946381, 35.9801635742, 9.95400619507, 14.2067022324, 4.79683637619, 8.72641468048, 32.7289428711, 53.0232467651, 89.0166473389, 27.4203071594, 23.3447799683], [45.1767616272, 30.1638240814, -122.539741516, -40.2384109497, 43.3209724426, -24.3479003906, -9.87746620178, -9.76346874237, -18.849779129, -10.2405672073, 27.4203071594, 106.120437622, 32.6820297241], [-96.574256897, 27.267906189, -16.7922801971, -26.1247882843, -37.7539176941, 3.02057552338, 17.0382003784, 13.9426574707, 7.07974910736, 9.52474498749, 23.3447799683, 32.6820297241, 91.6657714844]],
        "icov": [[0.000511046440806, 0.000370322843082, 0.000397927331505, -0.000389778841054, 0.000113531881652, -0.00015043541498, 0.000243770249654, 6.58284552628e-005, 0.000115933326015, 0.000270586664556, 0.000175737673999, -0.000174967892235, 0.000367011205526], [0.000370322843082, 0.00161386502441, 0.000477304361993, -2.27755044762e-005, 0.000224797855481, -2.76768264484e-006, -0.000229770099395, -0.000975522736553, 0.000372542242985, 0.000633461168036, -0.000217879569391, -0.00018690705474, 0.000302319531329], [0.000397927331505, 0.000477304361993, 0.00277711264789, -0.000812815735117, -4.80396811327e-005, -0.000990902655758, -0.000935196061619, 2.20451584028e-005, 0.000896309618838, -0.00105866184458, -0.000544140813872, 0.00248932931572, 2.95018253382e-005], [-0.000389778841054, -2.27755044762e-005, -0.000812815735117, 0.00613435264677, -0.00191869458649, -0.0033493321389, -0.000578771345317, 0.00204067258164, -0.00252808327787, 1.65218862094e-005, -0.00156910880469, 0.00155861827079, 0.000350273505319], [0.000113531881652, 0.000224797855481, -4.80396811327e-005, -0.00191869458649, 0.00532492576167, -0.000157977527124, 0.00124505732674, -0.00266919611022, 0.00217425404117, -0.000900977873243, 0.000700704404153, -0.00406066467986, 0.00306504638866], [-0.00015043541498, -2.76768264484e-006, -0.000990902655758, -0.0033493321389, -0.000157977527124, 0.0114400116727, -0.00389551464468, 0.00143653352279, -0.00323107978329, 0.00204820022918, 0.000106283470814, 9.16742210393e-005, -0.00125324493274], [0.000243770249654, -0.000229770099395, -0.000935196061619, -0.000578771345317, 0.00124505732674, -0.00389551464468, 0.0156177794561, -0.00704056350514, 0.000980384880677, -0.000641430087853, 0.00195186585188, -0.00202200189233, -0.000987210893072], [6.58284552628e-005, -0.000975522736553, 2.20451584028e-005, 0.00204067258164, -0.00266919611022, 0.00143653352279, -0.00704056350514, 0.0183424390852, -0.00775506766513, 0.00241562072188, -0.00124023866374, 0.00335863954388, -0.0022164627444], [0.000115933326015, 0.000372542242985, 0.000896309618838, -0.00252808327787, 0.00217425404117, -0.00323107978329, 0.000980384880677, -0.00775506766513, 0.0218773689121, -0.0119988601655, 0.000705275393557, -4.52628046332e-005, 0.000847931951284], [0.000270586664556, 0.000633461168036, -0.00105866184458, 1.65218862094e-005, -0.000900977873243, 0.00204820022918, -0.000641430087853, 0.00241562072188, -0.0119988601655, 0.0207505971193, -0.0081443451345, 0.00162235263269, -0.00051305704983], [0.000175737673999, -0.000217879569391, -0.000544140813872, -0.00156910880469, 0.000700704404153, 0.000106283470814, 0.00195186585188, -0.00124023866374, 0.000705275393557, -0.0081443451345, 0.0191853828728, -0.00643681129441, -0.00198524212465], [-0.000174967892235, -0.00018690705474, 0.00248932931572, 0.00155861827079, -0.00406066467986, 9.16742210393e-005, -0.00202200189233, 0.00335863954388, -4.52628046332e-005, 0.00162235263269, -0.00643681129441, 0.0185279436409, -0.00617065327242], [0.000367011205526, 0.000302319531329, 2.95018253382e-005, 0.000350273505319, 0.00306504638866, -0.00125324493274, -0.000987210893072, -0.0022164627444, 0.000847931951284, -0.00051305704983, -0.00198524212465, -0.00617065327242, 0.0158289317042]]
    },
    "spectral_contrast_coeffs": {
        "mean": [-0.683323800564, -0.716306269169, -0.723924458027, -0.787767350674, -0.792543947697, -0.754770219326],
        "var": [0.00695003289729, 0.00691477395594, 0.00593866920099, 0.00358266523108, 0.00230026454665, 0.00216911965981]
    },
    "spectral_contrast_valleys": {
        "mean": [-6.86112880707, -6.51410770416, -7.31937503815, -8.09773254395, -8.06955051422, -10.6333007813],
        "var": [1.14246499538, 0.874742984772, 0.838586986065, 0.884397566319, 0.892334163189, 1.05782866478]
    }
},
"metadata": {
    "audio_properties": {
        "analysis_sample_rate": 44100,
        "bit_rate": 111604,
        "equal_loudness": 0,
        "length": 45.0873451233,
        "lossless": 0,
        "replay_gain": -11.3107509613,
        "sample_rate": 44100,
        "codec": "mp3",
        "downmix": "mix",
        "md5_encoded": "9e31642fbbbdf7028827c148ac3fbcf3"
    },
    "tags": {
        "file_name": "657.mp3"
    },
    "version": {
        "essentia": "2.1-beta2",
        "essentia_git_sha": "v2.1_beta2",
        "extractor": "music 1.0"
    }
},
"rhythm": {
    "beats_count": 93,
    "beats_loudness": {
        "mean": 0.0454134792089,
        "var": 0.00114428193774
    },
    "bpm": 125.240516663,
    "bpm_histogram_first_peak_bpm": {
        "mean": 126,
        "var": 0
    },
    "bpm_histogram_first_peak_spread": {
        "mean": 0.464285731316,
        "var": 0
    },
    "bpm_histogram_first_peak_weight": {
        "mean": 0.489130437374,
        "var": 0
    },
    "bpm_histogram_second_peak_bpm": {
        "mean": 117,
        "var": 0
    },
    "bpm_histogram_second_peak_spread": {
        "mean": 0.374999970198,
        "var": 0
    },
    "bpm_histogram_second_peak_weight": {
        "mean": 0.0543478243053,
        "var": 0
    },
    "danceability": 1.0365319252,
    "onset_rate": 3.61380910873,
    "beats_loudness_band_ratio": {
        "mean": [0.555624127388, 0.214318960905, 0.16171105206, 0.0976033359766, 0.0325008295476, 0.0270253587514],
        "var": [0.0677787289023, 0.0269335899502, 0.0189588461071, 0.00987477973104, 0.00335163110867, 0.00152038387023]
    },
    "beats_position": [0.510838985443, 1.03328800201, 1.54412698746, 2.04335594177, 2.55419492722, 3.06503391266, 3.58748292923, 4.09832191467, 4.57433080673, 5.06195020676, 5.53795909882, 6.025578022, 6.5015873909, 6.97759628296, 7.45360517502, 7.92961454391, 8.40562343597, 8.893242836, 9.38086128235, 9.86848068237, 10.3444900513, 10.8204984665, 11.2965078354, 11.7841272354, 12.2717456818, 12.7477550507, 13.2237634659, 13.6997728348, 14.1873922348, 14.6750106812, 15.1626300812, 15.6502494812, 16.1378688812, 16.602268219, 17.0782756805, 17.5542850494, 18.0302944183, 18.5063037872, 18.9823131561, 19.458322525, 19.9343299866, 20.3987293243, 20.8747386932, 21.3507480621, 21.826757431, 22.3143768311, 22.8019943237, 23.2896137238, 23.7772331238, 24.2416324615, 24.7176418304, 25.1936511993, 25.6696586609, 26.1456680298, 26.6216773987, 27.0976867676, 27.5736961365, 28.0497055054, 28.5141029358, 29.0017223358, 29.4893417358, 29.9769611359, 30.4645805359, 30.9754180908, 31.4398174286, 31.9042167664, 32.3686180115, 32.8446235657, 33.332244873, 33.8082542419, 34.2958717346, 34.7718811035, 35.2478904724, 35.7122879028, 36.1882972717, 36.6643066406, 37.151927948, 37.6395454407, 38.1271629333, 38.6031723022, 39.0791816711, 39.55519104, 40.0312004089, 40.5072097778, 40.9948310852, 41.4708366394, 41.9584579468, 42.4344673157, 42.9104766846, 43.3980941772, 43.8857116699, 44.3733329773, 44.86095047]
},
"tonal": {
    "chords_changes_rate": 0.0668724253774,
    "chords_number_rate": 0.00720164598897,
    "chords_strength": {
        "mean": 0.445748358965,
        "var": 0.00597825599834
    },
    "hpcp_entropy": {
        "mean": 1.66245675087,
        "var": 0.531839191914
    },
    "key_strength": 0.748965799809,
    "tuning_diatonic_strength": 0.545147955418,
    "tuning_equal_tempered_deviation": 0.0443547442555,
    "tuning_frequency": 440.254241943,
    "tuning_nontempered_energy_ratio": 0.632984936237,
    "hpcp": {
        "mean": [0.0461527742445, 0.042331200093, 0.0871374979615, 0.13054536283, 0.0837588384748, 0.0417748913169, 0.0481846667826, 0.0824577659369, 0.261854052544, 0.363936752081, 0.192159593105, 0.0562349557877, 0.0387081615627, 0.0378550253808, 0.110893517733, 0.193107619882, 0.135442063212, 0.0762336701155, 0.0848829299212, 0.0491633452475, 0.0210896227509, 0.022016916424, 0.059837885201, 0.229592204094, 0.29923710227, 0.152476266026, 0.0598150938749, 0.0553764030337, 0.0780051127076, 0.262414634228, 0.409929156303, 0.248890474439, 0.0829682350159, 0.0513939671218, 0.0442733988166, 0.0485281459987],
        "var": [0.014911852777, 0.0142035689205, 0.0271760709584, 0.0526703558862, 0.0228381641209, 0.0151730049402, 0.0193871222436, 0.0339550636709, 0.0927878394723, 0.156582847238, 0.059060074389, 0.0276643447578, 0.0164821743965, 0.0144811794162, 0.0341036692262, 0.0853901952505, 0.0494871549308, 0.0225528664887, 0.0393384359777, 0.0125446077436, 0.00492413900793, 0.0043335808441, 0.0147258173674, 0.0856545269489, 0.122541986406, 0.0479537770152, 0.0286470837891, 0.0229356326163, 0.0313481576741, 0.0708113536239, 0.147746413946, 0.0739090293646, 0.0356047302485, 0.0223580412567, 0.0209856927395, 0.0232750829309]
    },
    "chords_histogram": [41.0493812561, 6.27572011948, 16.6666660309, 12.7572011948, 0.411522626877, 2.77777767181, 0, 3.08641982079, 0, 0.411522626877, 0, 0, 0, 0, 0, 0, 0, 0, 0, 0, 0, 0, 16.563785553, 0],
    "thpcp": [1, 0.607154846191, 0.202396526933, 0.125372797251, 0.108002558351, 0.118381783366, 0.112587198615, 0.103264674544, 0.212567210197, 0.318458348513, 0.204325154424, 0.101907588542, 0.117543891072, 0.201151251793, 0.638778805733, 0.887804031372, 0.468762934208, 0.13718213141, 0.0944264680147, 0.092345289886, 0.270518749952, 0.471075594425, 0.330403596163, 0.18596790731, 0.20706731081, 0.119931317866, 0.0514469929039, 0.0537090748549, 0.145971283317, 0.560077786446, 0.729972720146, 0.371957600117, 0.145915687084, 0.135087743402, 0.190289258957, 0.640146315098],
    "chords_key": "C",
    "chords_scale": "minor",
    "key_key": "C",
    "key_scale": "minor"
}
}