{
"lowlevel": {
    "average_loudness": 0.970737695694,
    "barkbands_crest": {
        "mean": 12.9144287109,
        "var": 8.10859107971
    },
    "barkbands_flatness_db": {
        "mean": 0.293100863695,
        "var": 0.00517994677648
    },
    "barkbands_kurtosis": {
        "mean": 49.0780296326,
        "var": 1672.21130371
    },
    "barkbands_skewness": {
        "mean": 4.87182331085,
        "var": 4.2298078537
    },
    "barkbands_spread": {
        "mean": 5.4080862999,
        "var": 40.8847122192
    },
    "dissonance": {
        "mean": 0.427952706814,
        "var": 0.00182208965998
    },
    "dynamic_complexity": 2.07636165619,
    "erbbands_crest": {
        "mean": 11.4297809601,
        "var": 16.7550144196
    },
    "erbbands_flatness_db": {
        "mean": 0.182917699218,
        "var": 0.00217612227425
    },
    "erbbands_kurtosis": {
        "mean": 7.33758735657,
        "var": 60.8709716797
    },
    "erbbands_skewness": {
        "mean": 2.29989385605,
        "var": 1.71565067768
    },
    "erbbands_spread": {
        "mean": 50.3639984131,
        "var": 1330.32861328
    },
    "hfc": {
        "mean": 8.9192533493,
        "var": 70.9258499146
    },
    "melbands_crest": {
        "mean": 17.8811779022,
        "var": 14.4591856003
    },
    "melbands_flatness_db": {
        "mean": 0.393800139427,
        "var": 0.00654521305114
    },
    "melbands_kurtosis": {
        "mean": 109.381271362,
        "var": 7097.37060547
    },
    "melbands_skewness": {
        "mean": 6.1712846756,
        "var": 8.65426540375
    },
    "melbands_spread": {
        "mean": 3.24682021141,
        "var": 38.2348022461
    },
    "pitch_salience": {
        "mean": 0.533663272858,
        "var": 0.00889749266207
    },
    "silence_rate_20dB": {
        "mean": 1,
        "var": 0
    },
    "silence_rate_30dB": {
        "mean": 0.951081335545,
        "var": 0.0465261824429
    },
    "silence_rate_60dB": {
        "mean": 0.00360453152098,
        "var": 0.00359142106026
    },
    "spectral_centroid": {
        "mean": 419.803009033,
        "var": 263695.96875
    },
    "spectral_complexity": {
        "mean": 6.07723999023,
        "var": 24.6850605011
    },
    "spectral_decrease": {
        "mean": -1.137731509e-008,
        "var": 6.82519164214e-017
    },
    "spectral_energy": {
        "mean": 0.0437496714294,
        "var": 0.00100772525184
    },
    "spectral_energyband_high": {
        "mean": 0.000338341371389,
        "var": 4.2043080839e-007
    },
    "spectral_energyband_low": {
        "mean": 0.0296596512198,
        "var": 0.000574695819523
    },
    "spectral_energyband_middle_high": {
        "mean": 0.000391940557165,
        "var": 7.90156548192e-007
    },
    "spectral_energyband_middle_low": {
        "mean": 0.0146457850933,
        "var": 0.000293055491056
    },
    "spectral_entropy": {
        "mean": 6.64308452606,
        "var": 0.451131820679
    },
    "spectral_flux": {
        "mean": 0.0806215852499,
        "var": 0.003976598382
    },
    "spectral_kurtosis": {
        "mean": 3.7403883934,
        "var": 10.6311693192
    },
    "spectral_rms": {
        "mean": 0.00617235619575,
        "var": 4.58455133412e-006
    },
    "spectral_rolloff": {
        "mean": 266.393859863,
        "var": 707847.5
    },
    "spectral_skewness": {
        "mean": 1.64941465855,
        "var": 0.394633293152
    },
    "spectral_spread": {
        "mean": 5757885,
        "var": 4.80713008742e+012
    },
    "spectral_strongpeak": {
        "mean": 0.514745175838,
        "var": 0.100840628147
    },
    "zerocrossingrate": {
        "mean": 0.0224264916033,
        "var": 0.000692162546329
    },
    "barkbands": {
        "mean": [0.000468983576866, 0.0150110097602, 0.0129190636799, 0.00376685592346, 0.00794734433293, 0.00206444668584, 0.000408930180129, 0.000315294833854, 9.85424630926e-005, 8.93541291589e-005, 0.000102516627521, 4.52425520052e-005, 2.50845241681e-005, 1.76800222107e-005, 1.55808647833e-005, 1.82987569133e-005, 1.95582088054e-005, 2.40807839873e-005, 3.36511220667e-005, 4.44163561042e-005, 8.07802425697e-005, 9.25008789636e-005, 7.12050750735e-005, 3.90634013456e-005, 1.8239583369e-005, 1.13539772428e-005, 5.84034808071e-007],
        "var": [1.06479899387e-006, 0.000230248173466, 0.000107209481939, 1.55523357535e-005, 0.000150660023792, 1.89004385902e-005, 7.34387583634e-007, 4.69177223295e-007, 8.6547537137e-008, 5.45908100946e-008, 8.669024254e-008, 1.54314889755e-008, 6.85320289406e-009, 3.75933506547e-009, 2.02707139962e-009, 2.22221441248e-009, 3.13050252387e-009, 2.69960787058e-009, 4.79024597766e-009, 7.93301513369e-009, 3.66781094385e-008, 2.79380252266e-008, 3.38081598272e-008, 8.22032220071e-009, 2.23703833235e-009, 1.0264222805e-009, 4.19578391128e-012]
    },
    "erbbands": {
        "mean": [0.353905051947, 3.74789023399, 14.1246290207, 12.840798378, 22.7431488037, 29.399515152, 17.001914978, 15.4775247574, 7.34262657166, 6.74672889709, 4.39664268494, 2.46552586555, 3.24679255486, 3.10333347321, 2.97462534904, 1.60045683384, 1.12199819088, 0.888314247131, 0.876800835133, 0.927344024181, 1.117177248, 1.02403903008, 1.17141795158, 1.71637499332, 1.79388844967, 1.98839688301, 2.50581526756, 3.81547045708, 3.83603620529, 2.50526690483, 1.87584865093, 0.860581636429, 0.609933018684, 0.236975088716, 0.130825147033, 0.0615497045219, 0.0179270263761, 0.00260416930541, 8.62198066898e-005, 5.04693161929e-005],
        "var": [0.245602712035, 12.2871351242, 101.172424316, 128.150848389, 1042.84680176, 2275.1574707, 1113.65600586, 829.868408203, 272.828857422, 143.202285767, 89.9734420776, 56.9079055786, 79.802116394, 65.5885162354, 69.0979003906, 18.4234580994, 12.9045381546, 8.20607089996, 7.90491533279, 6.54419136047, 8.87673568726, 6.95241308212, 6.75169944763, 11.5900068283, 13.7132368088, 16.220954895, 26.5169258118, 103.326751709, 46.902885437, 49.2294082642, 17.4771518707, 3.59983587265, 2.26738190651, 0.337942242622, 0.14299711585, 0.0323140658438, 0.00238270452246, 5.84593435633e-005, 4.27430428829e-008, 1.33908717448e-009]
    },
    "gfcc": {
        "mean": [-81.1346664429, 109.803062439, -33.8496208191, 82.3000793457, -63.4142494202, 12.1888122559, -25.2665901184, -6.11206150055, -24.5308551788, -8.65797042847, -14.570438385, 2.93299102783, -9.91569519043],
        "cov": [[6184.64794922, -67.4867248535, -1114.22094727, -541.895385742, -319.791564941, 119.162345886, -265.069824219, 281.606384277, -114.585800171, 235.05267334, -145.330627441, 62.9432411194, 7.83232736588], [-67.4867248535, 1128.47766113, -217.17755127, -302.201507568, -150.582199097, -239.278060913, 153.116668701, -171.170578003, 174.000045776, -89.9427490234, 152.281051636, -70.82081604, 126.513305664], [-1114.22094727, -217.17755127, 729.908630371, 234.610107422, 46.5372161865, 21.5757369995, -13.8360366821, 21.4008846283, 16.4197463989, -11.2514181137, 5.57721185684, 12.0240869522, -79.1419525146], [-541.895385742, -302.201507568, 234.610107422, 484.518890381, 192.822662354, 87.9791793823, 51.2923355103, -21.3597793579, -2.83304905891, -51.9961013794, -31.9775409698, -30.415561676, -35.6682357788], [-319.791564941, -150.582199097, 46.5372161865, 192.822662354, 275.902069092, 104.720085144, 20.2014312744, -11.7033185959, 1.69057142735, -29.725069046, -24.6494064331, -34.8051948547, 3.89666199684], [119.162345886, -239.278060913, 21.5757369995, 87.9791793823, 104.720085144, 149.528533936, -6.60711717606, 34.2412719727, -32.8656425476, 7.57331943512, -26.67719841, -0.653744935989, -4.94077730179], [-265.069824219, 153.116668701, -13.8360366821, 51.2923355103, 20.2014312744, -6.60711717606, 136.841278076, -12.3141622543, 70.2981262207, -24.6138439178, 18.9590530396, -27.2657585144, 12.5780134201], [281.606384277, -171.170578003, 21.4008846283, -21.3597793579, -11.7033185959, 34.2412719727, -12.3141622543, 146.463302612, 46.5605621338, 72.6766586304, -19.0499534607, -4.87508821487, -43.1466636658], [-114.585800171, 174.000045776, 16.4197463989, -2.83304905891, 1.69057142735, -32.8656425476, 70.2981262207, 46.5605621338, 162.006134033, 44.6148681641, 48.095993042, -42.8084030151, -12.6715974808], [235.05267334, -89.9427490234, -11.2514181137, -51.9961013794, -29.725069046, 7.57331943512, -24.6138439178, 72.6766586304, 44.6148681641, 102.992050171, 7.4035358429, 3.37313199043, -38.0488777161], [-145.330627441, 152.281051636, 5.57721185684, -31.9775409698, -24.6494064331, -26.67719841, 18.9590530396, -19.0499534607, 48.095993042, 7.4035358429, 72.800491333, -2.53006887436, 9.69184017181], [62.9432411194, -70.82081604, 12.0240869522, -30.415561676, -34.8051948547, -0.653744935989, -27.2657585144, -4.87508821487, -42.8084030151, 3.37313199043, -2.53006887436, 60.3916549683, -2.82618260384], [7.83232736588, 126.513305664, -79.1419525146, -35.6682357788, 3.89666199684, -4.94077730179, 12.5780134201, -43.1466636658, -12.6715974808, -38.0488777161, 9.69184017181, -2.82618260384, 66.7116699219]],
        "icov": [[0.000508494966198, -0.00119297218043, 0.000789031153545, -0.00074650219176, 0.000682254554704, -0.00161446409766, 0.00144239072688, -0.00136517907958, 0.000536284176633, -0.000919358164538, 0.00163659651298, -0.00101144600194, 0.000722175347619], [-0.00119297218043, 0.00905357301235, -0.00174062745646, 0.00524159381166, -0.0012208505068, 0.0081193363294, -0.00602967711166, 0.00776955811307, -0.00611066585407, 0.00616328045726, -0.0083241770044, 0.00684932665899, -0.00560320122167], [0.000789031153545, -0.00174062745646, 0.00321620609611, -0.00201626098715, 0.00129396712873, -0.00255958968773, 0.00306795164943, -0.00228091771714, -5.74509067519e-005, 0.000136735441629, 0.00168273446616, -0.00242160330527, 0.00334699498489], [-0.00074650219176, 0.00524159381166, -0.00201626098715, 0.00712460512295, -0.00266169756651, 0.0037385255564, -0.00486876070499, 0.00551492674276, -0.00353204458952, 0.00501079438254, -0.00392889697105, 0.00469355704263, -0.000561501597986], [0.000682254554704, -0.0012208505068, 0.00129396712873, -0.00266169756651, 0.00814522989094, -0.00655355677009, 0.00311774783768, 0.000211814432987, -0.00208993488923, 0.000301788648358, 0.00360065419227, 0.000970365072135, 0.000228291799431], [-0.00161446409766, 0.0081193363294, -0.00255958968773, 0.0037385255564, -0.00655355677009, 0.0209014993161, -0.00844446383417, 0.00258672633208, 0.000956365896855, 0.00226319651119, -0.00964455492795, 0.00621937215328, -0.007912741974], [0.00144239072688, -0.00602967711166, 0.00306795164943, -0.00486876070499, 0.00311774783768, -0.00844446383417, 0.0180924404413, -0.00444766087458, -0.00499369064346, 0.00147697271314, 0.00766954524443, -0.00524721620604, 0.00376393669285], [-0.00136517907958, 0.00776955811307, -0.00228091771714, 0.00551492674276, 0.000211814432987, 0.00258672633208, -0.00444766087458, 0.022122181952, -0.0112955830991, 0.0001124216069, -0.000667064916342, 0.00561739690602, -0.000752297695726], [0.000536284176633, -0.00611066585407, -5.74509067519e-005, -0.00353204458952, -0.00208993488923, 0.000956365896855, -0.00499369064346, -0.0112955830991, 0.0247530378401, -0.0119380736724, -0.00499052321538, 0.00425374647602, 0.00219577830285], [-0.000919358164538, 0.00616328045726, 0.000136735441629, 0.00501079438254, 0.000301788648358, 0.00226319651119, 0.00147697271314, 0.0001124216069, -0.0119380736724, 0.0278069209307, -0.00764433899894, 0.00150036602281, 0.00597146479413], [0.00163659651298, -0.0083241770044, 0.00168273446616, -0.00392889697105, 0.00360065419227, -0.00964455492795, 0.00766954524443, -0.000667064916342, -0.00499052321538, -0.00764433899894, 0.0314811654389, -0.0100819924846, 0.00237899972126], [-0.00101144600194, 0.00684932665899, -0.00242160330527, 0.00469355704263, 0.000970365072135, 0.00621937215328, -0.00524721620604, 0.00561739690602, 0.00425374647602, 0.00150036602281, -0.0100819924846, 0.0295318551362, -0.00382789364085], [0.000722175347619, -0.00560320122167, 0.00334699498489, -0.000561501597986, 0.000228291799431, -0.007912741974, 0.00376393669285, -0.000752297695726, 0.00219577830285, 0.00597146479413, 0.00237899972126, -0.00382789364085, 0.0307210553437]]
    },
    "melbands": {
        "mean": [0.00368356122635, 0.00668477453291, 0.00263270665891, 0.00207309308462, 0.000675965857226, 0.000350821792381, 0.000102929334389, 7.76606466388e-005, 3.00103001791e-005, 1.48533117681e-005, 1.59848350449e-005, 1.20398972285e-005, 1.23296158563e-005, 5.33241973244e-006, 3.71666942556e-006, 1.91334925148e-006, 1.62707237905e-006, 1.4434597233e-006, 1.20002096082e-006, 1.23349013847e-006, 1.37652898502e-006, 1.1081831417e-006, 9.5293000868e-007, 1.12498571525e-006, 1.43043700973e-006, 1.27597320443e-006, 1.35861091621e-006, 1.29527222725e-006, 1.5282212189e-006, 1.60327260801e-006, 2.44266789196e-006, 2.41796897171e-006, 1.38335053634e-006, 1.44985415318e-006, 1.23509983041e-006, 6.07077652148e-007, 4.89341971388e-007, 4.5823912842e-007, 2.9978650673e-007, 1.70673970956e-007],
        "var": [1.80741608347e-005, 2.26946558541e-005, 3.99878717872e-006, 1.08314279714e-005, 1.110567041e-006, 4.44244250275e-007, 5.31049266783e-008, 2.10862989292e-008, 4.08012823527e-009, 2.20270379714e-009, 1.91053128873e-009, 9.64030300032e-010, 1.2827773288e-009, 2.15904447098e-010, 1.44983802741e-010, 4.19661493056e-011, 3.19584289588e-011, 2.47188484959e-011, 1.20235496906e-011, 1.15258861483e-011, 1.53572224382e-011, 9.88230504373e-012, 5.10633202389e-012, 5.95855266169e-012, 8.49653680746e-012, 7.27453383989e-012, 8.76053743437e-012, 7.07770344069e-012, 9.22445973772e-012, 1.39406437782e-011, 5.12498897487e-011, 1.78700838849e-011, 7.82517193404e-012, 2.3378785019e-011, 7.29944837213e-012, 2.21282627638e-012, 1.20938870897e-012, 1.32520004085e-012, 6.09136818677e-013, 1.7874245107e-013]
    },
    "mfcc": {
        "mean": [-741.077453613, 122.324913025, 81.5959396362, 69.5951385498, 5.3756275177, 24.9333744049, 4.23453807831, 13.2517347336, -4.78967475891, -6.20082330704, -7.06060600281, -3.05813026428, 0.867271244526],
        "cov": [[4913.22412109, 20.6806106567, -1066.66662598, -750.319824219, -221.277389526, -309.269989014, -86.7951126099, -190.093063354, 147.746780396, 55.6889762878, 12.6029129028, 16.7776527405, -54.2224578857], [20.6806106567, 1117.90393066, -115.880256653, -157.163360596, -302.054962158, -114.959945679, -146.845611572, -67.8409500122, -68.6374359131, 9.91445159912, -41.0374717712, 7.44947957993, 34.2836456299], [-1066.66662598, -115.880256653, 608.660827637, 184.753997803, 76.9717102051, 12.6916742325, 1.55035769939, 47.371131897, -46.6686286926, 0.769555151463, 28.6086120605, 15.2933921814, 36.3323898315], [-750.319824219, -157.163360596, 184.753997803, 350.089019775, 104.847824097, 126.07359314, 36.643913269, 77.3997421265, 9.06845474243, 10.0863733292, 34.0959587097, -10.1010637283, 5.11266899109], [-221.277389526, -302.054962158, 76.9717102051, 104.847824097, 279.661682129, 101.039215088, 79.0257644653, 38.7305335999, 30.1293869019, 22.927274704, 19.8559360504, 0.449845224619, -41.1782836914], [-309.269989014, -114.959945679, 12.6916742325, 126.07359314, 101.039215088, 172.985855103, 74.1346435547, 51.3579940796, 7.10033750534, -4.74483156204, -15.1329488754, -30.6951942444, -26.3346557617], [-86.7951126099, -146.845611572, 1.55035769939, 36.643913269, 79.0257644653, 74.1346435547, 95.4665603638, 36.3339691162, 14.6942052841, -12.6143522263, -22.2913417816, -27.0446243286, -28.1719608307], [-190.093063354, -67.8409500122, 47.371131897, 77.3997421265, 38.7305335999, 51.3579940796, 36.3339691162, 81.2259597778, 22.4770107269, 8.1837387085, 7.33108186722, -9.14945983887, -0.940220534801], [147.746780396, -68.6374359131, -46.6686286926, 9.06845474243, 30.1293869019, 7.10033750534, 14.6942052841, 22.4770107269, 76.4374923706, 48.4001655579, 30.7129745483, 4.4636721611, -6.65157938004], [55.6889762878, 9.91445159912, 0.769555151463, 10.0863733292, 22.927274704, -4.74483156204, -12.6143522263, 8.1837387085, 48.4001655579, 105.538696289, 66.0290222168, 32.8698272705, 5.47161436081], [12.6029129028, -41.0374717712, 28.6086120605, 34.0959587097, 19.8559360504, -15.1329488754, -22.2913417816, 7.33108186722, 30.7129745483, 66.0290222168, 97.5611953735, 49.6052398682, 23.6682662964], [16.7776527405, 7.44947957993, 15.2933921814, -10.1010637283, 0.449845224619, -30.6951942444, -27.0446243286, -9.14945983887, 4.4636721611, 32.8698272705, 49.6052398682, 81.6937408447, 37.9402618408], [-54.2224578857, 34.2836456299, 36.3323898315, 5.11266899109, -41.1782836914, -26.3346557617, -28.1719608307, -0.940220534801, -6.65157938004, 5.47161436081, 23.6682662964, 37.9402618408, 66.5258178711]],
        "icov": [[0.000490651233122, 0.000186076576938, 0.000638941361103, 0.000636323762592, 5.27627817064e-005, 0.000384567014407, 0.000167964681168, 0.000171899679117, -0.000497023866046, 2.16064672713e-005, -0.00031733547803, 0.000226581163588, 9.68196545728e-005], [0.000186076576938, 0.00164067465812, 0.000392496149288, 0.000419133109972, 0.00126185861882, -0.000259292981355, 0.00178028643131, -0.000328970694682, 0.00116249732673, -0.00164891930763, 0.00124468712602, -7.45296638343e-005, 0.000338792160619], [0.000638941361103, 0.000392496149288, 0.00334865506738, -0.000456898123957, -0.000736811954994, 0.00202706782147, 8.26831892482e-005, -0.00106725713704, 0.0022622672841, -0.00104759901296, -0.000337611156283, 0.00087087781867, -0.00117313081864], [0.000636323762592, 0.000419133109972, -0.000456898123957, 0.00664014508948, -0.000403198791901, -0.00354545097798, 0.00254587735981, -0.0023279550951, -0.000966979772784, 0.00127555627842, -0.00306579447351, 0.00168801355176, -0.000639536243398], [5.27627817064e-005, 0.00126185861882, -0.000736811954994, -0.000403198791901, 0.00750919803977, -0.0022818360012, -0.00225357408635, 0.00086204172112, -0.000641434802674, -0.0010190353496, -0.000200024805963, -0.0031049256213, 0.00449034618214], [0.000384567014407, -0.000259292981355, 0.00202706782147, -0.00354545097798, -0.0022818360012, 0.013833956793, -0.0066474690102, -0.00231834454462, 0.00290698674507, -0.00211768504232, 0.00139512261376, 0.00184038758744, -0.000252580299275], [0.000167964681168, 0.00178028643131, 8.26831892482e-005, 0.00254587735981, -0.00225357408635, -0.0066474690102, 0.0242233332247, -0.00577859487385, -0.00270446576178, 0.00133851275314, 0.00404871394858, 0.000821322726551, 0.00283921277151], [0.000171899679117, -0.000328970694682, -0.00106725713704, -0.0023279550951, 0.00086204172112, -0.00231834454462, -0.00577859487385, 0.0208680238575, -0.00668244203553, 0.0010594043415, -0.00107953196857, 0.00122706627008, -0.00253588776104], [-0.000497023866046, 0.00116249732673, 0.0022622672841, -0.000966979772784, -0.000641434802674, 0.00290698674507, -0.00270446576178, -0.00668244203553, 0.02679088898, -0.0117242885754, -0.00130359164905, 0.00309357256629, -0.000308912771288], [2.16064672713e-005, -0.00164891930763, -0.00104759901296, 0.00127555627842, -0.0010190353496, -0.00211768504232, 0.00133851275314, 0.0010594043415, -0.0117242885754, 0.0234730038792, -0.0124519616365, -0.00244690431282, 0.00317694758996], [-0.00031733547803, 0.00124468712602, -0.000337611156283, -0.00306579447351, -0.000200024805963, 0.00139512261376, 0.00404871394858, -0.00107953196857, -0.00130359164905, -0.0124519616365, 0.0272152330726, -0.00917794834822, -0.00190681032836], [0.000226581163588, -7.45296638343e-005, 0.00087087781867, 0.00168801355176, -0.0031049256213, 0.00184038758744, 0.000821322726551, 0.00122706627008, 0.00309357256629, -0.00244690431282, -0.00917794834822, 0.0252493489534, -0.0118345487863], [9.68196545728e-005, 0.000338792160619, -0.00117313081864, -0.000639536243398, 0.00449034618214, -0.000252580299275, 0.00283921277151, -0.00253588776104, -0.000308912771288, 0.00317694758996, -0.00190681032836, -0.0118345487863, 0.0266074314713]]
    },
    "spectral_contrast_coeffs": {
        "mean": [-0.590241730213, -0.698547184467, -0.813093185425, -0.848198473454, -0.822880089283, -0.741305172443],
        "var": [0.00619315775111, 0.00757119897753, 0.00255997828208, 0.00105038518086, 0.0010112777818, 0.00210403022356]
    },
    "spectral_contrast_valleys": {
        "mean": [-6.67828035355, -7.79996681213, -8.85408115387, -9.56894302368, -8.75012493134, -10.8663978577],
        "var": [1.19001841545, 1.65477216244, 1.61924254894, 1.52250468731, 1.27909910679, 1.134770751]
    }
},
"metadata": {
    "audio_properties": {
        "analysis_sample_rate": 44100,
        "bit_rate": 111178,
        "equal_loudness": 0,
        "length": 45.0612258911,
        "lossless": 0,
        "replay_gain": -5.14778327942,
        "sample_rate": 44100,
        "codec": "mp3",
        "downmix": "mix",
        "md5_encoded": "3edcb8885280e4dc4e0c906c898311d2"
    },
    "tags": {
        "file_name": "658.mp3"
    },
    "version": {
        "essentia": "2.1-beta2",
        "essentia_git_sha": "v2.1_beta2",
        "extractor": "music 1.0"
    }
},
"rhythm": {
    "beats_count": 82,
    "beats_loudness": {
        "mean": 0.0557523481548,
        "var": 0.000866805843543
    },
    "bpm": 110.64781189,
    "bpm_histogram_first_peak_bpm": {
        "mean": 110,
        "var": 0
    },
    "bpm_histogram_first_peak_spread": {
        "mean": 0.530864238739,
        "var": 0
    },
    "bpm_histogram_first_peak_weight": {
        "mean": 0.469135791063,
        "var": 0
    },
    "bpm_histogram_second_peak_bpm": {
        "mean": 0,
        "var": 0
    },
    "bpm_histogram_second_peak_spread": {
        "mean": 0,
        "var": 0
    },
    "bpm_histogram_second_peak_weight": {
        "mean": 0,
        "var": 0
    },
    "danceability": 1.53192865849,
    "onset_rate": 5.54550695419,
    "beats_loudness_band_ratio": {
        "mean": [0.724646985531, 0.244756147265, 0.0392440147698, 0.022584374994, 0.0069442121312, 0.0326918363571],
        "var": [0.0156462658197, 0.0167388487607, 0.0012104579946, 0.000578467501327, 4.09232852689e-005, 0.000496972235851]
    },
    "beats_position": [0.557278871536, 1.11455774307, 1.66022670269, 2.20589566231, 2.73995471001, 3.28562355042, 3.8196823597, 4.3653512001, 4.8994102478, 5.45668935776, 5.99074840546, 6.53641700745, 7.08208608627, 7.61614513397, 8.15020370483, 8.6958732605, 9.24154186249, 9.78721046448, 10.3328800201, 10.866938591, 11.4242172241, 11.9582767487, 12.4923353195, 13.0380039215, 13.5836734772, 14.1293420792, 14.6750106812, 15.2090702057, 15.7431287766, 16.3004074097, 16.8344669342, 17.3685264587, 17.9258041382, 18.4714736938, 19.0055332184, 19.5512008667, 20.0852603912, 20.6309299469, 21.1765975952, 21.7106571198, 22.2447166443, 22.8019943237, 23.3360538483, 23.8817234039, 24.4273910522, 24.9614505768, 25.5071201324, 26.0411777496, 26.5868473053, 27.132516861, 27.6781845093, 28.2238540649, 28.7695236206, 29.3035831451, 29.8376407623, 30.383310318, 30.9289798737, 31.474647522, 32.0203170776, 32.5543746948, 33.0884361267, 33.6341018677, 34.1797714233, 34.7138328552, 35.2478904724, 35.8051681519, 36.3508377075, 36.8965072632, 37.4305648804, 37.9646263123, 38.5102958679, 39.0559616089, 39.5900230408, 40.1473007202, 40.6813583374, 41.2386398315, 41.7726974487, 42.3067550659, 42.8408164978, 43.3864860535, 43.9321517944, 44.4894332886]
},
"tonal": {
    "chords_changes_rate": 0.0555555559695,
    "chords_number_rate": 0.00514403311536,
    "chords_strength": {
        "mean": 0.513217866421,
        "var": 0.010070594959
    },
    "hpcp_entropy": {
        "mean": 2.03668498993,
        "var": 0.713003337383
    },
    "key_strength": 0.66620016098,
    "tuning_diatonic_strength": 0.563506782055,
    "tuning_equal_tempered_deviation": 0.0819741785526,
    "tuning_frequency": 440.763122559,
    "tuning_nontempered_energy_ratio": 0.69465637207,
    "hpcp": {
        "mean": [0.0586335062981, 0.135788366199, 0.381343364716, 0.532677710056, 0.293039500713, 0.0546172447503, 0.0188006404787, 0.0132880248129, 0.022224843502, 0.0249806344509, 0.0168815068901, 0.0292906519026, 0.0420716293156, 0.0285393744707, 0.0170679762959, 0.0203190241009, 0.0270946789533, 0.0437313355505, 0.0544819198549, 0.0364797413349, 0.0268054306507, 0.0351996347308, 0.0767805725336, 0.253801554441, 0.309079557657, 0.128550127149, 0.0215618144721, 0.0120250023901, 0.0078192781657, 0.00820044614375, 0.0147954300046, 0.02375254035, 0.0811521187425, 0.166973024607, 0.140843078494, 0.0622618980706],
        "var": [0.0279608033597, 0.0540414117277, 0.146438777447, 0.208888947964, 0.0906793326139, 0.0234017204493, 0.0101991193369, 0.00574260856956, 0.00602553645149, 0.00328564620577, 0.00355933816172, 0.00906979199499, 0.0129072042182, 0.00801045633852, 0.005257175304, 0.00782912783325, 0.00793326925486, 0.0131332427263, 0.0264862366021, 0.0139318266883, 0.0133738536388, 0.0200431235135, 0.0230251215398, 0.107647046447, 0.152388513088, 0.0401097275317, 0.00486903078854, 0.00366781326011, 0.00305320788175, 0.00262262695469, 0.00657135201618, 0.00839654356241, 0.0292322505265, 0.107280552387, 0.0855741202831, 0.0286759901792]
    },
    "chords_histogram": [0.102880656719, 0, 1.23456788063, 9.87654304504, 0, 0, 0, 0, 0, 0, 0, 0, 0, 0, 0, 0, 0, 53.3950614929, 0.925925910473, 31.9958839417, 0, 0, 2.46913576126, 0],
    "thpcp": [1, 0.550125300884, 0.102533377707, 0.0352945886552, 0.024945711717, 0.0417228713632, 0.0468963384628, 0.0316917821765, 0.0549875684083, 0.0789813995361, 0.0535771884024, 0.0320418439806, 0.0381450615823, 0.0508650504053, 0.0820971727371, 0.10227932781, 0.0684837028384, 0.0503220446408, 0.0660805478692, 0.144140765071, 0.476463615894, 0.580237448215, 0.241328150034, 0.0404781624675, 0.0225746296346, 0.0146791916341, 0.0153947612271, 0.0277755763382, 0.0445908270776, 0.152347505093, 0.31345975399, 0.264405816793, 0.116884745657, 0.110073134303, 0.254916548729, 0.715898871422],
    "chords_key": "A#",
    "chords_scale": "minor",
    "key_key": "A#",
    "key_scale": "major"
}
}