{
"lowlevel": {
    "average_loudness": 0.0362632907927,
    "barkbands_crest": {
        "mean": 10.1909389496,
        "var": 10.8033885956
    },
    "barkbands_flatness_db": {
        "mean": 0.123492963612,
        "var": 0.00135691009928
    },
    "barkbands_kurtosis": {
        "mean": -0.550689101219,
        "var": 11.359752655
    },
    "barkbands_skewness": {
        "mean": 0.323673546314,
        "var": 0.845673561096
    },
    "barkbands_spread": {
        "mean": 60.7150306702,
        "var": 280.826599121
    },
    "dissonance": {
        "mean": 0.485943257809,
        "var": 0.000236194799072
    },
    "dynamic_complexity": 6.41037321091,
    "erbbands_crest": {
        "mean": 13.6527423859,
        "var": 30.4435844421
    },
    "erbbands_flatness_db": {
        "mean": 0.184364318848,
        "var": 0.00140291685238
    },
    "erbbands_kurtosis": {
        "mean": 2.55659413338,
        "var": 28.013551712
    },
    "erbbands_skewness": {
        "mean": -1.45715177059,
        "var": 1.20537590981
    },
    "erbbands_spread": {
        "mean": 37.1505393982,
        "var": 313.250152588
    },
    "hfc": {
        "mean": 11.4279499054,
        "var": 428.779602051
    },
    "melbands_crest": {
        "mean": 12.0280704498,
        "var": 37.7034072876
    },
    "melbands_flatness_db": {
        "mean": 0.137048557401,
        "var": 0.00252055004239
    },
    "melbands_kurtosis": {
        "mean": 2.88198399544,
        "var": 103.767295837
    },
    "melbands_skewness": {
        "mean": 1.35627448559,
        "var": 1.86585366726
    },
    "melbands_spread": {
        "mean": 83.191696167,
        "var": 1364.2824707
    },
    "pitch_salience": {
        "mean": 0.511211037636,
        "var": 0.00552714895457
    },
    "silence_rate_20dB": {
        "mean": 0.999485313892,
        "var": 0.00051440304378
    },
    "silence_rate_30dB": {
        "mean": 0.995368003845,
        "var": 0.00461055524647
    },
    "silence_rate_60dB": {
        "mean": 0.4544518888,
        "var": 0.247919172049
    },
    "spectral_centroid": {
        "mean": 3390.98120117,
        "var": 575270.4375
    },
    "spectral_complexity": {
        "mean": 10.7385482788,
        "var": 104.043869019
    },
    "spectral_decrease": {
        "mean": -1.76055003909e-009,
        "var": 2.18329491949e-017
    },
    "spectral_energy": {
        "mean": 0.00768127012998,
        "var": 0.000344940141076
    },
    "spectral_energyband_high": {
        "mean": 0.00111446215305,
        "var": 2.38065081248e-006
    },
    "spectral_energyband_low": {
        "mean": 0.00169485306833,
        "var": 0.000132830566145
    },
    "spectral_energyband_middle_high": {
        "mean": 0.00189200276509,
        "var": 2.0397348635e-005
    },
    "spectral_energyband_middle_low": {
        "mean": 0.00268195546232,
        "var": 0.000106160558062
    },
    "spectral_entropy": {
        "mean": 7.56643390656,
        "var": 0.0726713463664
    },
    "spectral_flux": {
        "mean": 0.0357872955501,
        "var": 0.000977578689344
    },
    "spectral_kurtosis": {
        "mean": 3.11477088928,
        "var": 1.98835408688
    },
    "spectral_rms": {
        "mean": 0.00216648448259,
        "var": 2.80026279142e-006
    },
    "spectral_rolloff": {
        "mean": 4101.57373047,
        "var": 1762447.125
    },
    "spectral_skewness": {
        "mean": 0.671082496643,
        "var": 0.0836466029286
    },
    "spectral_spread": {
        "mean": 4203389.5,
        "var": 2.16196828365e+012
    },
    "spectral_strongpeak": {
        "mean": 0.554354548454,
        "var": 5.33893966675
    },
    "zerocrossingrate": {
        "mean": 0.125378459692,
        "var": 0.00113016203977
    },
    "barkbands": {
        "mean": [0.00129432580434, 4.59375660284e-005, 0.000697661773302, 0.000992005923763, 0.000717861228622, 0.000261588138528, 0.000145857731695, 0.000124570899061, 0.000383164326195, 0.000204336363822, 4.03198755521e-005, 5.00575515616e-005, 3.92862493754e-005, 0.000122816723888, 8.70642543305e-005, 0.000103163532913, 0.000186709265108, 0.000135028822115, 0.000868164992426, 0.000263805559371, 0.000751186977141, 8.43452144181e-005, 3.21508086927e-005, 2.54578608292e-005, 1.34284055093e-005, 1.01413425e-005, 8.37846300783e-007],
        "var": [9.70276460066e-007, 1.24042017546e-007, 6.92806424922e-005, 1.4615065993e-005, 3.36716875609e-005, 1.73824730609e-006, 9.50543679323e-008, 7.84766882589e-008, 6.09376741068e-007, 3.73889662342e-007, 1.06840367664e-008, 1.09014388627e-008, 7.30185911735e-009, 5.1027658543e-008, 2.30335679419e-008, 7.85578322393e-008, 1.57632058517e-007, 1.15880361307e-007, 1.11581011879e-005, 2.85686354573e-007, 6.93857487022e-007, 6.41683399749e-008, 9.7119725595e-009, 2.3351649503e-009, 1.69996461352e-010, 7.67907057386e-011, 9.24210252599e-013]
    },
    "erbbands": {
        "mean": [0.00371064874344, 0.0206039920449, 0.513491928577, 2.67231464386, 2.27749848366, 2.14371061325, 2.8983438015, 2.04561877251, 2.4032766819, 2.15113997459, 4.64874172211, 8.78012180328, 6.2525601387, 3.71492385864, 1.95980417728, 1.78242361546, 1.81908762455, 5.62494421005, 5.40165281296, 4.81124305725, 8.39229393005, 8.24523735046, 5.90957069397, 38.1342048645, 22.5941829681, 13.4661846161, 35.0008583069, 18.6932907104, 3.85694122314, 1.41238081455, 0.903382778168, 0.583852887154, 0.410341203213, 0.140295475721, 0.108656160533, 0.0475489608943, 0.0161721836776, 0.00407832162455, 8.88694921741e-005, 1.3040939848e-005],
        "var": [2.0098827008e-005, 0.0465977564454, 35.296787262, 249.54447937, 139.283401489, 324.909851074, 797.558105469, 60.9502220154, 26.1521282196, 26.2243080139, 95.804359436, 304.056304932, 312.934020996, 74.0023117065, 22.8719978333, 12.764881134, 12.1870517731, 136.210357666, 80.5543060303, 200.343505859, 360.462310791, 310.098052979, 203.311264038, 17208.4355469, 6822.08935547, 767.581787109, 1909.37939453, 425.261474609, 96.6583099365, 20.0153636932, 9.52676391602, 2.2091088295, 0.398121446371, 0.025682264939, 0.0105631817132, 0.00186545879114, 0.000195510248886, 1.46139791468e-005, 6.94305768434e-009, 5.4131837901e-010]
    },
    "gfcc": {
        "mean": [-104.138954163, 33.4087333679, -122.379730225, 44.3634033203, -72.2810134888, 0.0224841497838, -21.9614124298, 7.44287347794, -32.1482276917, 20.5565032959, -35.8646697998, -9.73334789276, -4.50603342056],
        "cov": [[12018.5068359, 641.678100586, -343.672393799, -29.3910160065, 168.72076416, -439.516906738, -790.141235352, 88.7595443726, -136.092605591, -838.12701416, 28.1775627136, 151.38394165, -673.967468262], [641.678100586, 304.37487793, 7.59041547775, -35.9900169373, 36.5041427612, -19.5443782806, -46.336139679, -41.9337730408, -43.8903388977, -87.5484161377, -36.8659133911, -38.9788589478, -51.1652450562], [-343.672393799, 7.59041547775, 1181.46740723, 276.230712891, -38.3285331726, 87.7939071655, -9.01540756226, -254.448104858, -154.431915283, 22.8171806335, -210.520965576, -124.794837952, -85.1352996826], [-29.3910160065, -35.9900169373, 276.230712891, 298.151306152, 31.05402565, -32.9642791748, -44.1923370361, -78.307144165, -57.4538497925, -61.5459823608, -69.70652771, -50.6438140869, -17.8152523041], [168.72076416, 36.5041427612, -38.3285331726, 31.05402565, 134.702651978, 21.8814067841, -29.853351593, -17.5896701813, -26.0192813873, -63.6585350037, -13.0404863358, -13.0734405518, -31.0941314697], [-439.516906738, -19.5443782806, 87.7939071655, -32.9642791748, 21.8814067841, 150.698608398, 83.052230835, -54.9348258972, -34.838760376, 45.2716827393, -48.7569160461, -41.7348861694, 12.7503538132], [-790.141235352, -46.336139679, -9.01540756226, -44.1923370361, -29.853351593, 83.052230835, 155.568756104, 21.0851230621, 4.63105630875, 61.7728652954, -25.0936088562, -39.7793197632, 24.1798782349], [88.7595443726, -41.9337730408, -254.448104858, -78.307144165, -17.5896701813, -54.9348258972, 21.0851230621, 159.534545898, 82.1099395752, -10.2701234818, 49.4735641479, 28.6013240814, 2.17135119438], [-136.092605591, -43.8903388977, -154.431915283, -57.4538497925, -26.0192813873, -34.838760376, 4.63105630875, 82.1099395752, 109.950317383, 45.4957962036, 23.8710918427, 0.669430494308, 4.62768363953], [-838.12701416, -87.5484161377, 22.8171806335, -61.5459823608, -63.6585350037, 45.2716827393, 61.7728652954, -10.2701234818, 45.4957962036, 178.839614868, 18.5357761383, -9.49588489532, 60.2702674866], [28.1775627136, -36.8659133911, -210.520965576, -69.70652771, -13.0404863358, -48.7569160461, -25.0936088562, 49.4735641479, 23.8710918427, 18.5357761383, 134.953994751, 100.174362183, 35.1602935791], [151.38394165, -38.9788589478, -124.794837952, -50.6438140869, -13.0734405518, -41.7348861694, -39.7793197632, 28.6013240814, 0.669430494308, -9.49588489532, 100.174362183, 143.229751587, 62.990398407], [-673.967468262, -51.1652450562, -85.1352996826, -17.8152523041, -31.0941314697, 12.7503538132, 24.1798782349, 2.17135119438, 4.62768363953, 60.2702674866, 35.1602935791, 62.990398407, 135.830276489]],
        "icov": [[0.000307824462652, -0.000153101413161, 0.000328641792294, 3.033750545e-005, 0.000726161990315, -0.000402772711823, 0.00143695087172, -0.000377024785848, 0.000687248015311, 0.000272453326033, 0.000902775558643, -0.00102448568214, 0.0017310398398], [-0.000153101413161, 0.00602215668187, -0.000122877929243, 0.00351457577199, -0.00069452211028, 0.00307792704552, -0.000165857898537, 0.00320314802229, 0.00101475114934, 0.00335778901353, -0.000181602183147, 0.00433750962839, -0.00206581666134], [0.000328641792294, -0.000122877929243, 0.00279741967097, -0.00147256127093, 0.00215244316496, -0.000652426620945, 0.00184309063479, 0.000901111925486, 0.00266612810083, -0.0019411474932, 0.00477340538055, -0.00361389806494, 0.00456686550751], [3.033750545e-005, 0.00351457577199, -0.00147256127093, 0.00860980525613, -0.00186377728824, 0.00541848689318, -8.5823057816e-006, 0.00344084529206, 0.000877878745086, 0.00462542148307, -0.000382281519705, 0.00570664322004, -0.00393781810999], [0.000726161990315, -0.00069452211028, 0.00215244316496, -0.00186377728824, 0.0136784845963, -0.00683217262849, 0.00686101196334, -0.000844107358716, 0.00205024774186, 0.00364335183986, 0.00135946786031, -0.0016506141983, 0.00573794683442], [-0.000402772711823, 0.00307792704552, -0.000652426620945, 0.00541848689318, -0.00683217262849, 0.0198363959789, -0.0101829702035, 0.0073078549467, 0.00227785645984, -0.00147424440365, 0.00350729236379, 0.00258940737695, -0.00379963498563], [0.00143695087172, -0.000165857898537, 0.00184309063479, -8.5823057816e-006, 0.00686101196334, -0.0101829702035, 0.0214832220227, -0.00877572130412, 0.00759807229042, -0.00101477943826, 0.00414065038785, -0.000378347438527, 0.00635899184272], [-0.000377024785848, 0.00320314802229, 0.000901111925486, 0.00344084529206, -0.000844107358716, 0.0073078549467, -0.00877572130412, 0.0207711942494, -0.0114553682506, 0.00694065075368, -0.0022282213904, 0.00179804523941, -0.0022435686551], [0.000687248015311, 0.00101475114934, 0.00266612810083, 0.000877878745086, 0.00205024774186, 0.00227785645984, 0.00759807229042, -0.0114553682506, 0.0258955191821, -0.00903353560716, 0.00724621582776, -0.00120274734218, 0.00647266767919], [0.000272453326033, 0.00335778901353, -0.0019411474932, 0.00462542148307, 0.00364335183986, -0.00147424440365, -0.00101477943826, 0.00694065075368, -0.00903353560716, 0.0188605953008, -0.00878417212516, 0.00935333408415, -0.00707592349499], [0.000902775558643, -0.000181602183147, 0.00477340538055, -0.000382281519705, 0.00135946786031, 0.00350729236379, 0.00414065038785, -0.0022282213904, 0.00724621582776, -0.00878417212516, 0.0297954417765, -0.0211351178586, 0.0123726371676], [-0.00102448568214, 0.00433750962839, -0.00361389806494, 0.00570664322004, -0.0016506141983, 0.00258940737695, -0.000378347438527, 0.00179804523941, -0.00120274734218, 0.00935333408415, -0.0211351178586, 0.0320363268256, -0.0190433785319], [0.0017310398398, -0.00206581666134, 0.00456686550751, -0.00393781810999, 0.00573794683442, -0.00379963498563, 0.00635899184272, -0.0022435686551, 0.00647266767919, -0.00707592349499, 0.0123726371676, -0.0190433785319, 0.0266408100724]]
    },
    "melbands": {
        "mean": [6.63311220706e-005, 0.000189570986549, 0.000441656273324, 0.000147524056956, 0.000107990170363, 4.74066728202e-005, 3.55840165867e-005, 2.3287080694e-005, 5.00100177305e-005, 5.04851377627e-005, 3.1279403629e-005, 1.71825176949e-005, 5.97465714236e-006, 6.0865991145e-006, 2.8267234029e-006, 6.17370051259e-006, 1.06802945083e-005, 9.22814069781e-006, 6.05698005529e-006, 4.76878994959e-006, 1.28264464365e-005, 1.09200791485e-005, 3.36696712111e-006, 6.93704032528e-006, 3.50712689396e-005, 3.47027707903e-005, 3.90653758586e-006, 9.30366513785e-006, 2.03781619348e-005, 2.10572579817e-005, 7.42521024222e-006, 2.11143719753e-006, 1.00771592315e-006, 6.42874624646e-007, 5.08754169459e-007, 4.4298954549e-007, 3.22074669157e-007, 3.15342447266e-007, 1.83182891078e-007, 9.69081384028e-008],
        "var": [5.31026467243e-009, 5.20771936863e-006, 5.67462075196e-006, 1.02851868178e-006, 1.10147391297e-006, 3.22856443802e-008, 5.43755707128e-009, 3.07917358278e-009, 1.20106120605e-008, 9.72213864969e-009, 8.66027605184e-009, 1.89610571688e-009, 2.34599589755e-010, 1.7965086363e-010, 2.7799599428e-011, 2.32119642951e-010, 4.63576593779e-010, 2.58101096051e-010, 1.4840778606e-010, 2.62281613095e-010, 8.78797756787e-010, 5.46671485857e-010, 9.27940155271e-011, 3.03511604738e-010, 1.49885934775e-008, 2.00044567578e-008, 7.04841948695e-011, 4.78806494453e-010, 7.85436604644e-010, 5.18896203783e-010, 8.97788302034e-011, 4.35203782734e-011, 8.34839315733e-012, 4.89434664672e-012, 3.52023835429e-012, 1.54401936115e-012, 6.01299283802e-013, 2.15851384618e-013, 7.74367278199e-014, 1.1113483926e-014]
    },
    "mfcc": {
        "mean": [-745.255432129, 70.8654708862, -1.40971982479, 40.5377349854, -21.9589118958, 7.66568613052, 6.73752450943, -16.2166862488, 23.0138282776, 6.56288146973, -4.91524362564, 11.1077165604, -18.3866214752],
        "cov": [[10717.8242188, 489.647735596, -656.775939941, 126.541397095, 489.234802246, -642.887207031, -535.173461914, 696.520935059, -891.796875, -3.51704883575, 0.971688985825, -737.467224121, 159.042541504], [489.647735596, 320.330108643, -7.58530044556, -76.0443344116, 4.75103282928, 3.01160168648, 6.90762472153, -12.958524704, -22.7989730835, -27.8405094147, -9.66091537476, -14.922911644, -43.0266189575], [-656.775939941, -7.58530044556, 972.798828125, 218.102874756, 56.6132583618, 270.001434326, 42.5294570923, -158.258651733, 65.8832015991, -75.9959793091, -82.162979126, 86.3850021362, -141.611480713], [126.541397095, -76.0443344116, 218.102874756, 277.623291016, 94.7649536133, 4.37846899033, -39.8168449402, 6.74417352676, -37.2920036316, -29.9250278473, -50.0453338623, -63.7690658569, -29.8563804626], [489.234802246, 4.75103282928, 56.6132583618, 94.7649536133, 155.719238281, 24.288640976, -30.5097999573, 15.2573451996, -55.5514259338, -27.2445392609, -34.5310516357, -65.5013809204, -21.8800601959], [-642.887207031, 3.01160168648, 270.001434326, 4.37846899033, 24.288640976, 255.473983765, 95.6338806152, -102.178146362, 69.6176071167, -33.1193771362, -41.8336372375, 58.7185783386, -84.8152084351], [-535.173461914, 6.90762472153, 42.5294570923, -39.8168449402, -30.5097999573, 95.6338806152, 138.357391357, -18.0632648468, 42.5100669861, -25.9028205872, -21.5444393158, 36.6881713867, -21.0170345306], [696.520935059, -12.958524704, -158.258651733, 6.74417352676, 15.2573451996, -102.178146362, -18.0632648468, 161.621551514, -58.1722183228, 4.16640043259, 0.37340810895, -81.1504745483, 37.6935768127], [-891.796875, -22.7989730835, 65.8832015991, -37.2920036316, -55.5514259338, 69.6176071167, 42.5100669861, -58.1722183228, 174.042282104, 41.9760284424, 10.0126018524, 69.3882064819, -53.1907730103], [-3.51704883575, -27.8405094147, -75.9959793091, -29.9250278473, -27.2445392609, -33.1193771362, -25.9028205872, 4.16640043259, 41.9760284424, 114.682998657, 59.9638366699, -4.19557762146, -9.8604850769], [0.971688985825, -9.66091537476, -82.162979126, -50.0453338623, -34.5310516357, -41.8336372375, -21.5444393158, 0.37340810895, 10.0126018524, 59.9638366699, 94.3969726563, 27.4257526398, 1.54710030556], [-737.467224121, -14.922911644, 86.3850021362, -63.7690658569, -65.5013809204, 58.7185783386, 36.6881713867, -81.1504745483, 69.3882064819, -4.19557762146, 27.4257526398, 138.271697998, -0.777708828449], [159.042541504, -43.0266189575, -141.611480713, -29.8563804626, -21.8800601959, -84.8152084351, -21.0170345306, 37.6935768127, -53.1907730103, -9.8604850769, 1.54710030556, -0.777708828449, 117.143478394]],
        "icov": [[0.000340152037097, -0.000391421606764, -0.00012969141244, 0.000358932447853, -0.000389089982491, -5.7327120885e-005, 0.000770412152633, -0.000884569599293, 0.00113689666614, -0.000358740217052, -1.10308519652e-005, 0.000556465703994, 0.000127656938275], [-0.000391421606764, 0.00489332526922, -0.000124748257804, 0.00203844998032, 0.000256925384747, 0.0016007788945, -0.00104804430157, 0.00213404628448, -0.000180534087121, 0.00180385808926, 0.000724560464732, 0.000449988903711, 0.00309303915128], [-0.00012969141244, -0.000124748257804, 0.00243385415524, -0.0021976090502, 0.00078328861855, -0.00187652604654, 0.00060497171944, 0.000453060725704, 7.51313855289e-005, 0.000267442752374, 0.000967478845268, -0.00218011788093, 0.00129214883782], [0.000358932447853, 0.00203844998032, -0.0021976090502, 0.00843547936529, -0.00301277078688, 0.00277087045833, 0.00110518338624, 5.75994781684e-005, 0.00143290963024, 0.000532934151124, 0.00159283378161, 0.00352716515772, 0.00207581813447], [-0.000389089982491, 0.000256925384747, 0.00078328861855, -0.00301277078688, 0.0121839679778, -0.00363463140093, 0.00221510254778, 0.000797960383352, 0.0010140783852, 0.00168216601014, 0.000476253393572, 0.00272395159118, 0.0012003040174], [-5.7327120885e-005, 0.0016007788945, -0.00187652604654, 0.00277087045833, -0.00363463140093, 0.0124193793163, -0.00623440137133, 0.00420617917553, -0.000287426519208, -7.14440539014e-005, 0.0030190772377, -0.000985751044936, 0.00476172845811], [0.000770412152633, -0.00104804430157, 0.00060497171944, 0.00110518338624, 0.00221510254778, -0.00623440137133, 0.0146161383018, -0.00494177639484, 0.00144743605051, 0.00153990730178, 0.00122412026394, 0.00012617331231, 0.000465924473247], [-0.000884569599293, 0.00213404628448, 0.000453060725704, 5.75994781684e-005, 0.000797960383352, 0.00420617917553, -0.00494177639484, 0.0144278435037, -0.00253566447645, 0.00211251922883, -0.000932432478294, 0.00514410110191, -0.000714577792678], [0.00113689666614, -0.000180534087121, 7.51313855289e-005, 0.00143290963024, 0.0010140783852, -0.000287426519208, 0.00144743605051, -0.00253566447645, 0.01603554748, -0.00723251374438, 0.00529698189348, -0.00389244686812, 0.00647968007252], [-0.000358740217052, 0.00180385808926, 0.000267442752374, 0.000532934151124, 0.00168216601014, -7.14440539014e-005, 0.00153990730178, 0.00211251922883, -0.00723251374438, 0.0190699771047, -0.0116132237017, 0.0065299491398, -1.43670049511e-005], [-1.10308519652e-005, 0.000724560464732, 0.000967478845268, 0.00159283378161, 0.000476253393572, 0.0030190772377, 0.00122412026394, -0.000932432478294, 0.00529698189348, -0.0116132237017, 0.0236143935472, -0.0094412798062, 0.00570422271267], [0.000556465703994, 0.000449988903711, -0.00218011788093, 0.00352716515772, 0.00272395159118, -0.000985751044936, 0.00012617331231, 0.00514410110191, -0.00389244686812, 0.0065299491398, -0.0094412798062, 0.0219272002578, -0.00511176558211], [0.000127656938275, 0.00309303915128, 0.00129214883782, 0.00207581813447, 0.0012003040174, 0.00476172845811, 0.000465924473247, -0.000714577792678, 0.00647968007252, -1.43670049511e-005, 0.00570422271267, -0.00511176558211, 0.0184074584395]]
    },
    "spectral_contrast_coeffs": {
        "mean": [-0.626061737537, -0.776716947556, -0.799497961998, -0.809927523136, -0.739338219166, -0.653920471668],
        "var": [0.0102358460426, 0.00327151687816, 0.00243861833587, 0.00160425179638, 0.00181127712131, 0.0013054542942]
    },
    "spectral_contrast_valleys": {
        "mean": [-9.66452407837, -8.03133869171, -8.53188323975, -8.90338802338, -8.36801624298, -10.977022171],
        "var": [1.57548034191, 1.67087602615, 1.58929824829, 1.58180379868, 1.75099146366, 1.3064596653]
    }
},
"metadata": {
    "audio_properties": {
        "analysis_sample_rate": 44100,
        "bit_rate": 105517,
        "equal_loudness": 0,
        "length": 45.0873451233,
        "lossless": 0,
        "replay_gain": 6.55174446106,
        "sample_rate": 44100,
        "codec": "mp3",
        "downmix": "mix",
        "md5_encoded": "6a58280ebed9008766210a90de2af70e"
    },
    "tags": {
        "file_name": "661.mp3"
    },
    "version": {
        "essentia": "2.1-beta2",
        "essentia_git_sha": "v2.1_beta2",
        "extractor": "music 1.0"
    }
},
"rhythm": {
    "beats_count": 76,
    "beats_loudness": {
        "mean": 0.00699294218794,
        "var": 9.90350963548e-005
    },
    "bpm": 105.708969116,
    "bpm_histogram_first_peak_bpm": {
        "mean": 105,
        "var": 0
    },
    "bpm_histogram_first_peak_spread": {
        "mean": 0.647058844566,
        "var": 0
    },
    "bpm_histogram_first_peak_weight": {
        "mean": 0.239999994636,
        "var": 0
    },
    "bpm_histogram_second_peak_bpm": {
        "mean": 110,
        "var": 0
    },
    "bpm_histogram_second_peak_spread": {
        "mean": 0.333333313465,
        "var": 0
    },
    "bpm_histogram_second_peak_weight": {
        "mean": 0.10666666925,
        "var": 0
    },
    "danceability": 0.881236076355,
    "onset_rate": 0.842483103275,
    "beats_loudness_band_ratio": {
        "mean": [0.406431853771, 0.0578720495105, 0.106390461326, 0.0606772191823, 0.0705591887236, 0.321739315987],
        "var": [0.0352866053581, 0.00518148532137, 0.00884086731821, 0.00503811845556, 0.00571120157838, 0.0235839355737]
    },
    "beats_position": [0.53405892849, 1.06811785698, 1.60217678547, 2.13623571396, 2.68190479279, 3.22757363319, 3.7732424736, 4.31891155243, 4.86458063126, 5.41024923325, 5.95591831207, 6.5015873909, 7.03564596176, 7.60453510284, 8.17342376709, 8.74231243134, 9.31120204926, 9.86848068237, 10.4257593155, 10.9830379486, 11.5403175354, 12.1208162308, 12.7013149261, 13.2818136215, 13.8507022858, 14.4195919037, 15.0000905991, 15.5689792633, 16.1494789124, 16.7299766541, 17.3104763031, 17.8793640137, 18.4366436005, 18.9939231873, 19.5512008667, 20.1084804535, 20.6657600403, 21.2346477509, 21.8035373688, 22.3724250793, 22.9529247284, 23.5334243774, 24.102312088, 24.6712017059, 25.2400894165, 25.7973690033, 26.3546485901, 26.9467563629, 27.5504760742, 28.142583847, 28.8159637451, 29.4893417358, 30.1859397888, 30.8825397491, 31.5791378021, 32.2757377625, 32.960723877, 33.6457138062, 34.3190917969, 34.9924697876, 35.6542396545, 36.2463493347, 36.8384590149, 37.4073448181, 37.9646263123, 38.5219039917, 39.0907936096, 39.6596832275, 40.2401809692, 40.8206787109, 41.4011802673, 41.981678009, 42.5621757507, 43.1426734924, 43.7231750488, 44.2920608521]
},
"tonal": {
    "chords_changes_rate": 0.0648148134351,
    "chords_number_rate": 0.0102880662307,
    "chords_strength": {
        "mean": 0.418807625771,
        "var": 0.0122933574021
    },
    "hpcp_entropy": {
        "mean": 2.45696520805,
        "var": 0.515587925911
    },
    "key_strength": 0.374781876802,
    "tuning_diatonic_strength": 0.443336129189,
    "tuning_equal_tempered_deviation": 0.273687928915,
    "tuning_frequency": 447.432556152,
    "tuning_nontempered_energy_ratio": 0.906085252762,
    "hpcp": {
        "mean": [0.0866570472717, 0.075366333127, 0.0794408321381, 0.0745100900531, 0.0644018650055, 0.0790679603815, 0.0848416015506, 0.0879077464342, 0.117517858744, 0.178914353251, 0.270905822515, 0.349472522736, 0.388380229473, 0.480216443539, 0.556813359261, 0.500105440617, 0.409356385469, 0.33318349719, 0.308766841888, 0.279969096184, 0.207184061408, 0.151422262192, 0.104583032429, 0.0700827166438, 0.0584351047873, 0.0688835158944, 0.0990157499909, 0.133384138346, 0.158659353852, 0.174666255713, 0.162640586495, 0.164092674851, 0.280063122511, 0.291396856308, 0.146084696054, 0.0911065861583],
        "var": [0.0136461658403, 0.0122686605901, 0.0162895154208, 0.0145368371159, 0.00798842962831, 0.0124935414642, 0.0143139120191, 0.0159169174731, 0.0208582747728, 0.0284935124218, 0.0538401044905, 0.0784524455667, 0.0794589668512, 0.0920983403921, 0.111268021166, 0.0931274592876, 0.0811271592975, 0.0754837319255, 0.0921209827065, 0.0926191285253, 0.0571591928601, 0.0472117289901, 0.0290312264115, 0.012956790626, 0.00988434255123, 0.0135144516826, 0.0210670102388, 0.0325828120112, 0.0502320490777, 0.0626342147589, 0.0490973070264, 0.0405744165182, 0.0825969725847, 0.101292982697, 0.0256639309227, 0.012183775194]
    },
    "chords_histogram": [33.6419754028, 0, 0, 2.36625504494, 0.720164597034, 7.51028823853, 4.11522626877, 6.68724298477, 0, 13.3744859695, 3.18930029869, 0.205761313438, 2.98353910446, 0, 0.308641970158, 0, 0.102880656719, 0.308641970158, 0, 0.411522626877, 0, 0.925925910473, 16.9753093719, 6.17283964157],
    "thpcp": [1, 0.898156344891, 0.7351770401, 0.598375558853, 0.554524838924, 0.502806007862, 0.372088879347, 0.271944373846, 0.187824219465, 0.125863924623, 0.104945585132, 0.123710244894, 0.17782574892, 0.239549100399, 0.284941703081, 0.313689053059, 0.292091757059, 0.29469960928, 0.502974867821, 0.523329496384, 0.26235845685, 0.163621410728, 0.155630335212, 0.135352954268, 0.142670482397, 0.133815199137, 0.115661494434, 0.142000839114, 0.152369916439, 0.157876506448, 0.211054310203, 0.321318358183, 0.486528962851, 0.627629578114, 0.697505235672, 0.862437009811],
    "chords_key": "C#",
    "chords_scale": "minor",
    "key_key": "C#",
    "key_scale": "minor"
}
}