{
"lowlevel": {
    "average_loudness": 0.931287884712,
    "barkbands_crest": {
        "mean": 13.1097335815,
        "var": 23.4309482574
    },
    "barkbands_flatness_db": {
        "mean": 0.264108657837,
        "var": 0.00552689982578
    },
    "barkbands_kurtosis": {
        "mean": 9.40019893646,
        "var": 1039.26342773
    },
    "barkbands_skewness": {
        "mean": 1.17982745171,
        "var": 4.28137350082
    },
    "barkbands_spread": {
        "mean": 11.0861692429,
        "var": 36.0500869751
    },
    "dissonance": {
        "mean": 0.39406105876,
        "var": 0.00395606597885
    },
    "dynamic_complexity": 2.88462042809,
    "erbbands_crest": {
        "mean": 15.5721130371,
        "var": 42.6458091736
    },
    "erbbands_flatness_db": {
        "mean": 0.260339528322,
        "var": 0.00384297547862
    },
    "erbbands_kurtosis": {
        "mean": 3.33739304543,
        "var": 57.7479629517
    },
    "erbbands_skewness": {
        "mean": 0.37381246686,
        "var": 1.22370588779
    },
    "erbbands_spread": {
        "mean": 17.1102180481,
        "var": 153.630126953
    },
    "hfc": {
        "mean": 23.3316249847,
        "var": 321.209014893
    },
    "melbands_crest": {
        "mean": 16.7823562622,
        "var": 31.0097637177
    },
    "melbands_flatness_db": {
        "mean": 0.3310341537,
        "var": 0.00772817665711
    },
    "melbands_kurtosis": {
        "mean": 14.3045959473,
        "var": 1530.12158203
    },
    "melbands_skewness": {
        "mean": 1.69274544716,
        "var": 5.13215351105
    },
    "melbands_spread": {
        "mean": 16.3828907013,
        "var": 124.49042511
    },
    "pitch_salience": {
        "mean": 0.43805462122,
        "var": 0.0200407095253
    },
    "silence_rate_20dB": {
        "mean": 1,
        "var": 0
    },
    "silence_rate_30dB": {
        "mean": 0.951106548309,
        "var": 0.0465018302202
    },
    "silence_rate_60dB": {
        "mean": 0.0411734431982,
        "var": 0.0394780151546
    },
    "spectral_centroid": {
        "mean": 843.325317383,
        "var": 232279
    },
    "spectral_complexity": {
        "mean": 10.2599077225,
        "var": 24.9612598419
    },
    "spectral_decrease": {
        "mean": -1.04713375748e-008,
        "var": 5.98979613349e-017
    },
    "spectral_energy": {
        "mean": 0.0416374690831,
        "var": 0.000912690535188
    },
    "spectral_energyband_high": {
        "mean": 6.30658687442e-005,
        "var": 1.02692299109e-008
    },
    "spectral_energyband_low": {
        "mean": 0.0170990992337,
        "var": 0.000566275150049
    },
    "spectral_energyband_middle_high": {
        "mean": 0.013012772426,
        "var": 0.000182023344678
    },
    "spectral_energyband_middle_low": {
        "mean": 0.0126708643511,
        "var": 0.000138792907819
    },
    "spectral_entropy": {
        "mean": 6.34238815308,
        "var": 0.397014677525
    },
    "spectral_flux": {
        "mean": 0.0787130072713,
        "var": 0.00297511811368
    },
    "spectral_kurtosis": {
        "mean": 16.262336731,
        "var": 121.77696991
    },
    "spectral_rms": {
        "mean": 0.00591825833544,
        "var": 5.59618456464e-006
    },
    "spectral_rolloff": {
        "mean": 913.170593262,
        "var": 888101.875
    },
    "spectral_skewness": {
        "mean": 2.80314922333,
        "var": 0.813878417015
    },
    "spectral_spread": {
        "mean": 2664875,
        "var": 2.27148929434e+012
    },
    "spectral_strongpeak": {
        "mean": 2.32422089577,
        "var": 5.6447634697
    },
    "zerocrossingrate": {
        "mean": 0.0336760766804,
        "var": 0.000676832802128
    },
    "barkbands": {
        "mean": [7.63600382925e-006, 0.0122865596786, 0.00393583718687, 0.00116307626013, 0.00254182214849, 0.00169012474362, 0.000742755248211, 0.00230871792883, 0.00340407667682, 0.00374903925695, 0.002942701336, 0.00279211113229, 0.00168872461654, 0.000806152762379, 0.000756590568926, 0.000307687616441, 0.000148491904838, 0.000185886616237, 8.83934480953e-005, 4.58239301224e-005, 2.23036568059e-005, 7.8360471889e-006, 3.68158362107e-006, 5.47554282093e-006, 3.57274052476e-006, 2.36750611293e-006, 9.4056744615e-008],
        "var": [3.00132724229e-010, 0.0004651483614, 2.21917307499e-005, 6.27800409347e-006, 1.65518704307e-005, 7.12258270141e-006, 3.03948263536e-006, 2.87081802526e-005, 5.81456915825e-005, 4.29761239502e-005, 5.92448268435e-005, 4.20915384893e-005, 1.99739879463e-005, 6.96912047715e-006, 3.33904745276e-006, 5.9237294181e-007, 1.12333957247e-007, 2.10898491559e-007, 4.35741362992e-008, 8.12729439303e-009, 1.88709825544e-009, 2.00165314879e-010, 6.50290307713e-011, 8.30729512957e-011, 6.02228475421e-011, 2.73085755398e-011, 1.36374418702e-013]
    },
    "erbbands": {
        "mean": [0.187861576676, 3.2951669693, 5.84458351135, 4.25078630447, 3.03651380539, 9.7442035675, 18.1280498505, 11.9767684937, 9.76947021484, 18.2155075073, 58.3962364197, 62.3399581909, 106.968284607, 188.455734253, 78.7160263062, 111.089416504, 78.6471099854, 56.4273262024, 39.1728477478, 22.8763694763, 18.5277442932, 7.61472988129, 9.86878490448, 7.29346609116, 3.6607837677, 1.98594033718, 1.34447908401, 0.593985855579, 0.303717494011, 0.152292788029, 0.100984707475, 0.0839041993022, 0.107013635337, 0.0499006845057, 0.0219093989581, 0.0106179639697, 0.00467697670683, 0.000549027055968, 3.3594755223e-005, 4.79799346067e-005],
        "var": [0.142468214035, 31.2671756744, 45.7458534241, 45.1869812012, 19.5875053406, 304.76940918, 1044.42114258, 606.390625, 307.979522705, 1668.55310059, 16193.3642578, 14550.6152344, 36085.2578125, 136279.796875, 32310.2382813, 72680.75, 39645.4414063, 23168.9902344, 12140.0507813, 2749.71069336, 1534.12036133, 214.001251221, 586.874694824, 271.016876221, 53.5291175842, 14.5806951523, 11.1394662857, 0.826845943928, 0.26240298152, 0.102041497827, 0.0493741892278, 0.0248145330697, 0.0341647081077, 0.0104400580749, 0.00266488012858, 0.000578400271479, 0.000112732355774, 2.32678462453e-006, 1.87582815947e-009, 1.15498610676e-009]
    },
    "gfcc": {
        "mean": [-63.5326042175, 144.788406372, -126.402938843, 8.74012374878, -30.1849727631, 17.6621398926, -20.8354568481, 10.086848259, -23.1274280548, -2.97217345238, -11.2620925903, -9.4221944809, -4.170566082],
        "cov": [[8513.50195313, -397.982635498, -1540.26782227, -578.993835449, -317.284729004, 2.92175483704, -145.333450317, 146.0730896, -492.733673096, 81.4623641968, -123.789779663, 341.244262695, 29.5394763947], [-397.982635498, 1258.82556152, 351.933044434, -44.7897262573, 111.667785645, -145.395980835, 107.867835999, -95.6880722046, 217.612884521, -56.9902496338, 158.126220703, -121.834770203, 99.7625808716], [-1540.26782227, 351.933044434, 1246.7154541, 478.753814697, 107.815864563, 62.2326202393, -48.6468734741, -122.756095886, 153.686965942, 24.9858322144, 18.1977748871, 17.8328495026, -30.574672699], [-578.993835449, -44.7897262573, 478.753814697, 514.161621094, 161.958526611, 54.136428833, -43.1960296631, -47.1862411499, 45.8171577454, 1.62052702904, -49.6689949036, -49.0786247253, -29.3891811371], [-317.284729004, 111.667785645, 107.815864563, 161.958526611, 358.338043213, 106.156669617, 134.318725586, 74.0595703125, 90.7866973877, 4.66447019577, 6.85577869415, -107.208869934, -20.0268211365], [2.92175483704, -145.395980835, 62.2326202393, 54.136428833, 106.156669617, 196.85534668, 73.5018234253, 55.0427780151, 22.1431064606, 33.5073661804, -0.235861375928, -2.28199696541, -33.3175621033], [-145.333450317, 107.867835999, -48.6468734741, -43.1960296631, 134.318725586, 73.5018234253, 230.930679321, 115.979194641, 63.3121910095, 2.82307505608, 44.513923645, -36.84532547, 19.0653495789], [146.0730896, -95.6880722046, -122.756095886, -47.1862411499, 74.0595703125, 55.0427780151, 115.979194641, 196.819519043, 43.4299163818, 7.21898889542, -2.82068181038, -20.392988205, -0.880107820034], [-492.733673096, 217.612884521, 153.686965942, 45.8171577454, 90.7866973877, 22.1431064606, 63.3121910095, 43.4299163818, 224.06137085, 54.2721252441, 12.8681488037, -87.8402328491, -48.9506034851], [81.4623641968, -56.9902496338, 24.9858322144, 1.62052702904, 4.66447019577, 33.5073661804, 2.82307505608, 7.21898889542, 54.2721252441, 147.535705566, 48.4051895142, 12.9405460358, -59.1691131592], [-123.789779663, 158.126220703, 18.1977748871, -49.6689949036, 6.85577869415, -0.235861375928, 44.513923645, -2.82068181038, 12.8681488037, 48.4051895142, 182.004608154, 57.2122001648, 7.65776586533], [341.244262695, -121.834770203, 17.8328495026, -49.0786247253, -107.208869934, -2.28199696541, -36.84532547, -20.392988205, -87.8402328491, 12.9405460358, 57.2122001648, 215.598358154, 70.4156341553], [29.5394763947, 99.7625808716, -30.574672699, -29.3891811371, -20.0268211365, -33.3175621033, 19.0653495789, -0.880107820034, -48.9506034851, -59.1691131592, 7.65776586533, 70.4156341553, 212.723083496]],
        "icov": [[0.000277470593574, -0.000569195952266, 0.0004971959861, -0.000238650318352, 7.12881883373e-005, -0.000445417914307, 0.000353182462277, -0.000557759718504, 0.000775032152887, -0.00065861310577, 0.000829653814435, -0.000815073319245, 0.000404978811275], [-0.000569195952266, 0.00361238513142, -0.00185520865489, 0.00163037411403, -0.000828343559988, 0.00265205302276, -0.00157109659631, 0.002849846147, -0.00350732821971, 0.00272767362185, -0.00382718956098, 0.00320532405749, -0.00213813479058], [0.0004971959861, -0.00185520865489, 0.00282073393464, -0.00228264625184, 0.00060862430837, -0.00178127060644, 0.000784950971138, -0.000600892875809, 0.000573134922888, -0.00111380952876, 0.00191842182539, -0.00285916146822, 0.00129600148648], [-0.000238650318352, 0.00163037411403, -0.00228264625184, 0.00484302407131, -0.00234183203429, 0.00106922583655, 0.000652266724501, 0.00121917412616, -0.00076404993888, 0.000816495274194, -0.000780281319749, 0.00184669392183, -0.00102879211772], [7.12881883373e-005, -0.000828343559988, 0.00060862430837, -0.00234183203429, 0.00602699350566, -0.00240395194851, -0.00189250998665, -0.000999029842205, 0.000185637894901, -0.000139634692459, -0.000167159625562, 0.00151528569404, 7.19686386219e-006], [-0.000445417914307, 0.00265205302276, -0.00178127060644, 0.00106922583655, -0.00240395194851, 0.00947752036154, -0.00301994336769, 0.00120931759011, -0.00159913860261, 0.000391291017877, -0.00154578336515, 0.000919076730497, -0.000264183589024], [0.000353182462277, -0.00157109659631, 0.000784950971138, 0.000652266724501, -0.00189250998665, -0.00301994336769, 0.00996877904981, -0.00489022908732, 0.000631465169135, -0.000335394783178, -0.000508254161105, -0.000544617185369, -0.00042355543701], [-0.000557759718504, 0.002849846147, -0.000600892875809, 0.00121917412616, -0.000999029842205, 0.00120931759011, -0.00489022908732, 0.0107317203656, -0.00442644581199, 0.00234375847504, -0.00178469263483, 0.00150214042515, -0.00139861181378], [0.000775032152887, -0.00350732821971, 0.000573134922888, -0.00076404993888, 0.000185637894901, -0.00159913860261, 0.000631465169135, -0.00442644581199, 0.0116955013946, -0.00596576882526, 0.00383015815169, -0.000274277495919, 0.00219098827802], [-0.00065861310577, 0.00272767362185, -0.00111380952876, 0.000816495274194, -0.000139634692459, 0.000391291017877, -0.000335394783178, 0.00234375847504, -0.00596576882526, 0.0124518284574, -0.00559884076938, 0.00100313453004, 0.000813022430521], [0.000829653814435, -0.00382718956098, 0.00191842182539, -0.000780281319749, -0.000167159625562, -0.00154578336515, -0.000508254161105, -0.00178469263483, 0.00383015815169, -0.00559884076938, 0.0121872527525, -0.00636011175811, 0.00261856988072], [-0.000815073319245, 0.00320532405749, -0.00285916146822, 0.00184669392183, 0.00151528569404, 0.000919076730497, -0.000544617185369, 0.00150214042515, -0.000274277495919, 0.00100313453004, -0.00636011175811, 0.0123026482761, -0.00483178673312], [0.000404978811275, -0.00213813479058, 0.00129600148648, -0.00102879211772, 7.19686386219e-006, -0.000264183589024, -0.00042355543701, -0.00139861181378, 0.00219098827802, 0.000813022430521, 0.00261856988072, -0.00483178673312, 0.0079185385257]]
    },
    "melbands": {
        "mean": [0.00272790482268, 0.00372398388572, 0.000671116809826, 0.000423906487413, 0.000605568813626, 0.000265534239588, 0.000161743271747, 0.000255929393461, 0.000454289722256, 0.000457661953988, 0.000532518024556, 0.000750281964429, 0.000286232621875, 0.000307631620672, 0.000253789970884, 0.00013292132644, 0.000100182049209, 5.51659686607e-005, 5.38493404747e-005, 1.95000284293e-005, 2.07812172448e-005, 7.56625058784e-006, 7.29390694687e-006, 1.04499113149e-005, 5.31771911483e-006, 2.79176219919e-006, 2.19944422497e-006, 1.08527319753e-006, 9.0249193363e-007, 5.61304204894e-007, 2.77842929108e-007, 1.91503659153e-007, 1.0691802288e-007, 7.43633208344e-008, 5.86579815831e-008, 5.26229122499e-008, 4.86997535631e-008, 7.4363413205e-008, 6.78216522942e-008, 3.43619639409e-008],
        "var": [2.61709810729e-005, 2.24423238251e-005, 9.4578132348e-007, 6.59532645386e-007, 1.01413058928e-006, 2.46856160402e-007, 9.72689306877e-008, 3.72418895722e-007, 9.29048212583e-007, 1.00514478163e-006, 9.60964371188e-007, 2.11941346606e-006, 4.59901457361e-007, 5.18048693721e-007, 7.21894480193e-007, 8.59411670717e-008, 1.02406836788e-007, 4.19972536747e-008, 2.34603589888e-008, 3.141220839e-009, 1.97960758896e-009, 2.70869576768e-010, 3.13719356049e-010, 1.15978671111e-009, 1.98154659348e-010, 6.65613258954e-011, 1.99565069331e-011, 6.10704022075e-012, 8.29559945043e-012, 1.28265356236e-012, 2.37349067267e-013, 1.17487955671e-013, 5.20011110723e-014, 2.64017730204e-014, 1.82126059703e-014, 1.45101571952e-014, 8.13064300267e-015, 1.707457316e-014, 1.68849445059e-014, 6.3317762627e-015]
    },
    "mfcc": {
        "mean": [-718.83984375, 177.142700195, -18.2628383636, 16.373670578, 14.1239404678, 8.74794101715, 17.1233539581, 4.94992637634, 6.70420885086, 3.21542215347, 1.27932333946, 0.580297708511, -5.07173299789],
        "cov": [[6855.64257813, -221.31098938, -1304.70214844, -483.429046631, -491.79788208, -271.551391602, 28.0982074738, -136.703811646, -169.364761353, -238.501464844, -250.180465698, -176.793884277, -93.4502944946], [-221.31098938, 1231.39916992, 156.734268188, 12.5481262207, -3.88355731964, -12.684920311, -26.7927970886, 2.86458730698, 20.3085193634, 15.8596315384, 42.858631134, 81.3660049438, 17.328338623], [-1304.70214844, 156.734268188, 951.346862793, 264.249298096, 186.246810913, 200.758514404, -112.119110107, 33.5048370361, -22.9386501312, 37.7032852173, 53.0905189514, 6.41256999969, 70.740776062], [-483.429046631, 12.5481262207, 264.249298096, 313.959442139, 164.562179565, 88.4841842651, 15.4218301773, 13.7574253082, 36.9371604919, 81.8917617798, 50.5141448975, 11.2075357437, 4.95272731781], [-491.79788208, -3.88355731964, 186.246810913, 164.562179565, 251.780853271, 109.910957336, 33.5168266296, 36.6655426025, 39.9763069153, 87.9217910767, 78.9791259766, -0.934748589993, -11.5358963013], [-271.551391602, -12.684920311, 200.758514404, 88.4841842651, 109.910957336, 193.23487854, 6.49125003815, 12.4089536667, 14.6272315979, 37.3638153076, 55.626247406, 23.7342758179, 35.0927429199], [28.0982074738, -26.7927970886, -112.119110107, 15.4218301773, 33.5168266296, 6.49125003815, 244.417037964, 74.0961532593, 41.6198120117, 12.1248655319, -17.0112171173, 17.6822967529, 26.8640117645], [-136.703811646, 2.86458730698, 33.5048370361, 13.7574253082, 36.6655426025, 12.4089536667, 74.0961532593, 150.603378296, 62.5761032104, 21.7716312408, 33.9325828552, -9.64625263214, -17.1436691284], [-169.364761353, 20.3085193634, -22.9386501312, 36.9371604919, 39.9763069153, 14.6272315979, 41.6198120117, 62.5761032104, 188.985641479, 101.278991699, 27.3015537262, -13.2580881119, -40.3164825439], [-238.501464844, 15.8596315384, 37.7032852173, 81.8917617798, 87.9217910767, 37.3638153076, 12.1248655319, 21.7716312408, 101.278991699, 233.244033813, 127.403015137, -15.8893976212, -57.1736297607], [-250.180465698, 42.858631134, 53.0905189514, 50.5141448975, 78.9791259766, 55.626247406, -17.0112171173, 33.9325828552, 27.3015537262, 127.403015137, 271.223358154, 107.923988342, -29.2496681213], [-176.793884277, 81.3660049438, 6.41256999969, 11.2075357437, -0.934748589993, 23.7342758179, 17.6822967529, -9.64625263214, -13.2580881119, -15.8893976212, 107.923988342, 277.881958008, 133.950546265], [-93.4502944946, 17.328338623, 70.740776062, 4.95272731781, -11.5358963013, 35.0927429199, 26.8640117645, -17.1436691284, -40.3164825439, -57.1736297607, -29.2496681213, 133.950546265, 248.117172241]],
        "icov": [[0.000224846182391, -1.55091092893e-005, 0.000324799417285, -5.38656822755e-005, 0.000262393848971, -0.000191111103049, 5.62840832572e-005, -1.7307645976e-005, 0.000186200995813, 4.57117603219e-005, 1.24279049487e-005, 0.000174348286237, -2.56907824223e-005], [-1.55091092893e-005, 0.000872128875926, -0.000284950278001, 0.000127452251036, 2.35419756791e-005, 0.000299673178233, -3.28731148329e-005, 8.4781248006e-005, -0.000188567195437, -4.45533987659e-005, -4.75745900985e-006, -0.000357388867997, 0.000131550405058], [0.000324799417285, -0.000284950278001, 0.00253717997111, -0.00139496894553, 0.000122999830637, -0.0016999366926, 0.00148256565444, -0.00125534355175, 0.000950422545429, 5.93823733652e-006, 0.000281128770439, 0.000551732897293, -0.000663324375637], [-5.38656822755e-005, 0.000127452251036, -0.00139496894553, 0.00591379683465, -0.00287269218825, 0.00037338695256, -0.000722681754269, 0.000973214977421, -0.000503923394717, -0.000965325220022, 0.000501038040966, -0.000670953595545, 0.000326571695041], [0.000262393848971, 2.35419756791e-005, 0.000122999830637, -0.00287269218825, 0.00824238173664, -0.00279363198206, -0.000840125314426, -0.000610155519098, 0.000345910608303, -0.000777070876211, -0.00101811997592, 0.000811000936665, 0.000265890266746], [-0.000191111103049, 0.000299673178233, -0.0016999366926, 0.00037338695256, -0.00279363198206, 0.00865370221436, -0.000766262295656, 0.00109156908002, -0.00106020993553, 0.000537297746632, -0.00149516924284, 0.000288101000478, -0.00119139940944], [5.62840832572e-005, -3.28731148329e-005, 0.00148256565444, -0.000722681754269, -0.000840125314426, -0.000766262295656, 0.00625896826386, -0.00358907040209, 0.000399309647037, -0.000816853425931, 0.00169990689028, -0.000738906033803, -0.000765148666687], [-1.7307645976e-005, 8.4781248006e-005, -0.00125534355175, 0.000973214977421, -0.000610155519098, 0.00109156908002, -0.00358907040209, 0.0106473891065, -0.00384836341254, 0.00248897983693, -0.00296541210264, 0.00155382743105, 2.7337408028e-005], [0.000186200995813, -0.000188567195437, 0.000950422545429, -0.000503923394717, 0.000345910608303, -0.00106020993553, 0.000399309647037, -0.00384836341254, 0.00911351107061, -0.00458167074248, 0.00257934536785, -0.00124504114501, 0.00108060671482], [4.57117603219e-005, -4.45533987659e-005, 5.93823733652e-006, -0.000965325220022, -0.000777070876211, 0.000537297746632, -0.000816853425931, 0.00248897983693, -0.00458167074248, 0.00960228964686, -0.00520080188289, 0.00272955233231, -0.000432321598055], [1.24279049487e-005, -4.75745900985e-006, 0.000281128770439, 0.000501038040966, -0.00101811997592, -0.00149516924284, 0.00169990689028, -0.00296541210264, 0.00257934536785, -0.00520080188289, 0.0091831497848, -0.00519340392202, 0.00279706600122], [0.000174348286237, -0.000357388867997, 0.000551732897293, -0.000670953595545, 0.000811000936665, 0.000288101000478, -0.000738906033803, 0.00155382743105, -0.00124504114501, 0.00272955233231, -0.00519340392202, 0.00817507691681, -0.00446799397469], [-2.56907824223e-005, 0.000131550405058, -0.000663324375637, 0.000326571695041, 0.000265890266746, -0.00119139940944, -0.000765148666687, 2.7337408028e-005, 0.00108060671482, -0.000432321598055, 0.00279706600122, -0.00446799397469, 0.00727752549574]]
    },
    "spectral_contrast_coeffs": {
        "mean": [-0.617302417755, -0.630154669285, -0.603856623173, -0.690788388252, -0.738149225712, -0.756947934628],
        "var": [0.00615318724886, 0.0139036234468, 0.0174095463008, 0.00958855450153, 0.00527772353962, 0.00238849036396]
    },
    "spectral_contrast_valleys": {
        "mean": [-7.61653661728, -7.89249944687, -8.32469367981, -8.59639358521, -9.10179805756, -12.1114654541],
        "var": [1.45107150078, 1.42321825027, 1.43834781647, 1.35983896255, 1.15369689465, 1.03919768333]
    }
},
"metadata": {
    "audio_properties": {
        "analysis_sample_rate": 44100,
        "bit_rate": 107374,
        "equal_loudness": 0,
        "length": 45.0873451233,
        "lossless": 0,
        "replay_gain": -7.66879653931,
        "sample_rate": 44100,
        "codec": "mp3",
        "downmix": "mix",
        "md5_encoded": "4282059e03cfb70a171dc783a7a6da24"
    },
    "tags": {
        "file_name": "662.mp3"
    },
    "version": {
        "essentia": "2.1-beta2",
        "essentia_git_sha": "v2.1_beta2",
        "extractor": "music 1.0"
    }
},
"rhythm": {
    "beats_count": 68,
    "beats_loudness": {
        "mean": 0.049788877368,
        "var": 0.00101333786733
    },
    "bpm": 91.9744491577,
    "bpm_histogram_first_peak_bpm": {
        "mean": 92,
        "var": 0
    },
    "bpm_histogram_first_peak_spread": {
        "mean": 0.0597015023232,
        "var": 0
    },
    "bpm_histogram_first_peak_weight": {
        "mean": 0.940298497677,
        "var": 0
    },
    "bpm_histogram_second_peak_bpm": {
        "mean": 0,
        "var": 0
    },
    "bpm_histogram_second_peak_spread": {
        "mean": 0,
        "var": 0
    },
    "bpm_histogram_second_peak_weight": {
        "mean": 0,
        "var": 0
    },
    "danceability": 1.12674951553,
    "onset_rate": 4.32326841354,
    "beats_loudness_band_ratio": {
        "mean": [0.278713107109, 0.271109879017, 0.159160926938, 0.257082223892, 0.0480922237039, 0.00598018197343],
        "var": [0.0584029369056, 0.050300899893, 0.0283460319042, 0.0551788918674, 0.00634556915611, 3.15982688335e-005]
    },
    "beats_position": [0.615328788757, 1.25387752056, 1.90403628349, 2.55419492722, 3.20435357094, 3.85451245308, 4.5046710968, 5.15482997894, 5.81659841537, 6.45514726639, 7.10530614853, 7.75546455383, 8.40562343597, 9.05578231812, 9.70594120026, 10.3677091599, 11.0294780731, 11.6796369553, 12.3297958374, 12.9799547195, 13.6301136017, 14.2802715302, 14.9420404434, 15.5921993256, 16.2539672852, 16.904127121, 17.5542850494, 18.2160549164, 18.877822876, 19.5279808044, 20.1781406403, 20.8282985687, 21.4784584045, 22.128616333, 22.7787742615, 23.4289340973, 24.0790920258, 24.7292518616, 25.37940979, 26.0295696259, 26.6913375854, 27.353105545, 27.9916553497, 28.6418132782, 29.291973114, 29.9537410736, 30.6038990021, 31.2540588379, 31.9042167664, 32.5543746948, 33.204536438, 33.8546943665, 34.5048522949, 35.1550102234, 35.8051681519, 36.455329895, 37.1054878235, 37.755645752, 38.4058036804, 39.0675735474, 39.7293434143, 40.3795013428, 41.0296592712, 41.6914291382, 42.3531951904, 43.0033569336, 43.6535148621, 44.3268928528]
},
"tonal": {
    "chords_changes_rate": 0.0833333358169,
    "chords_number_rate": 0.0133744860068,
    "chords_strength": {
        "mean": 0.552850961685,
        "var": 0.0106350518763
    },
    "hpcp_entropy": {
        "mean": 1.46364605427,
        "var": 0.483727008104
    },
    "key_strength": 0.790307760239,
    "tuning_diatonic_strength": 0.628634512424,
    "tuning_equal_tempered_deviation": 0.0797309428453,
    "tuning_frequency": 437.213165283,
    "tuning_nontempered_energy_ratio": 0.782256186008,
    "hpcp": {
        "mean": [0.131553083658, 0.1256595999, 0.170242279768, 0.211220145226, 0.116752438247, 0.0318174399436, 0.0225389692932, 0.0198883414268, 0.0332609862089, 0.0603461228311, 0.0672793984413, 0.0984034240246, 0.122799694538, 0.0862045809627, 0.130550265312, 0.270184457302, 0.226108893752, 0.101202979684, 0.0853177532554, 0.0582723021507, 0.0461250469089, 0.0617642737925, 0.042545799166, 0.032034765929, 0.0590977743268, 0.0895048826933, 0.153043627739, 0.156927973032, 0.0929900556803, 0.132158532739, 0.166056007147, 0.0915994569659, 0.0486392341554, 0.0558821186423, 0.0581616312265, 0.0899916142225],
        "var": [0.0712529197335, 0.0507611781359, 0.0799250528216, 0.112420327961, 0.0487070381641, 0.0073801074177, 0.00792751368135, 0.00594142591581, 0.0151244625449, 0.0317256487906, 0.0254685916007, 0.038252081722, 0.05706981197, 0.0323339439929, 0.0443222895265, 0.146700069308, 0.113420650363, 0.0439784154296, 0.0526502281427, 0.0306532215327, 0.0169126093388, 0.0396058820188, 0.0168003384024, 0.01047233399, 0.0309705808759, 0.047691591084, 0.0856430977583, 0.0948505327106, 0.0307443197817, 0.0704766586423, 0.0950195789337, 0.0410025008023, 0.0209281221032, 0.0324591174722, 0.0283528529108, 0.0421220287681]
    },
    "chords_histogram": [32.5102882385, 3.60082316399, 8.95061683655, 4.62962961197, 0, 0, 0, 0, 1.02880656719, 18.0041160583, 12.551440239, 0, 2.26337456703, 0, 0, 0, 4.62962961197, 1.44032919407, 0, 2.05761313438, 0, 0, 6.17283964157, 2.16049385071],
    "thpcp": [1, 0.836868643761, 0.374569952488, 0.315775960684, 0.215675994754, 0.170716881752, 0.228600397706, 0.157469451427, 0.118566282094, 0.218731209636, 0.331273257732, 0.566441297531, 0.580817937851, 0.344172477722, 0.489141881466, 0.614602386951, 0.339025646448, 0.180022329092, 0.206829503179, 0.215266391635, 0.333074718714, 0.486901015043, 0.465088188648, 0.630096495152, 0.781762778759, 0.432121217251, 0.117761917412, 0.0834206715226, 0.0736102387309, 0.123104736209, 0.223351567984, 0.249012842774, 0.364208310843, 0.454503178596, 0.31905823946, 0.483189404011],
    "chords_key": "G",
    "chords_scale": "minor",
    "key_key": "G",
    "key_scale": "minor"
}
}