{
"lowlevel": {
    "average_loudness": 0.741067945957,
    "barkbands_crest": {
        "mean": 16.0605754852,
        "var": 43.4171333313
    },
    "barkbands_flatness_db": {
        "mean": 0.218686833978,
        "var": 0.0114112729207
    },
    "barkbands_kurtosis": {
        "mean": 80.8780059814,
        "var": 48833.734375
    },
    "barkbands_skewness": {
        "mean": 5.05311584473,
        "var": 30.5566596985
    },
    "barkbands_spread": {
        "mean": 14.2236127853,
        "var": 341.664916992
    },
    "dissonance": {
        "mean": 0.449349433184,
        "var": 0.00151797849685
    },
    "dynamic_complexity": 3.73601508141,
    "erbbands_crest": {
        "mean": 9.59189224243,
        "var": 20.700422287
    },
    "erbbands_flatness_db": {
        "mean": 0.133095338941,
        "var": 0.00287519209087
    },
    "erbbands_kurtosis": {
        "mean": 3.20063614845,
        "var": 249.572647095
    },
    "erbbands_skewness": {
        "mean": 0.894237041473,
        "var": 1.93283593655
    },
    "erbbands_spread": {
        "mean": 50.9438552856,
        "var": 1152.48828125
    },
    "hfc": {
        "mean": 15.0381402969,
        "var": 282.800354004
    },
    "melbands_crest": {
        "mean": 21.5833415985,
        "var": 83.5454483032
    },
    "melbands_flatness_db": {
        "mean": 0.322136610746,
        "var": 0.0167615972459
    },
    "melbands_kurtosis": {
        "mean": 127.621040344,
        "var": 70249.8203125
    },
    "melbands_skewness": {
        "mean": 6.231798172,
        "var": 31.5536518097
    },
    "melbands_spread": {
        "mean": 11.626294136,
        "var": 531.138793945
    },
    "pitch_salience": {
        "mean": 0.405403733253,
        "var": 0.044354390353
    },
    "silence_rate_20dB": {
        "mean": 0.997941315174,
        "var": 0.00205445708707
    },
    "silence_rate_30dB": {
        "mean": 0.585177540779,
        "var": 0.242748677731
    },
    "silence_rate_60dB": {
        "mean": 0.0838908925653,
        "var": 0.0768512934446
    },
    "spectral_centroid": {
        "mean": 910.623657227,
        "var": 837516.875
    },
    "spectral_complexity": {
        "mean": 9.66906833649,
        "var": 46.1710014343
    },
    "spectral_decrease": {
        "mean": -2.14377884333e-008,
        "var": 4.66087978979e-016
    },
    "spectral_energy": {
        "mean": 0.0822751000524,
        "var": 0.00675550149754
    },
    "spectral_energyband_high": {
        "mean": 0.000547637871932,
        "var": 1.65138158081e-006
    },
    "spectral_energyband_low": {
        "mean": 0.0675372332335,
        "var": 0.0058840950951
    },
    "spectral_energyband_middle_high": {
        "mean": 0.00122560269665,
        "var": 7.23127413949e-006
    },
    "spectral_energyband_middle_low": {
        "mean": 0.0134238526225,
        "var": 0.000375749892555
    },
    "spectral_entropy": {
        "mean": 7.32453632355,
        "var": 0.516616880894
    },
    "spectral_flux": {
        "mean": 0.0906670540571,
        "var": 0.00377783877775
    },
    "spectral_kurtosis": {
        "mean": 7.0168762207,
        "var": 91.0518112183
    },
    "spectral_rms": {
        "mean": 0.00758513016626,
        "var": 2.27341315622e-005
    },
    "spectral_rolloff": {
        "mean": 968.531188965,
        "var": 4990213.5
    },
    "spectral_skewness": {
        "mean": 2.00067925453,
        "var": 1.04007709026
    },
    "spectral_spread": {
        "mean": 6011163,
        "var": 8.02742704538e+012
    },
    "spectral_strongpeak": {
        "mean": 0.77522444725,
        "var": 1.85344815254
    },
    "zerocrossingrate": {
        "mean": 0.0456172302365,
        "var": 0.003416598076
    },
    "barkbands": {
        "mean": [0.00449842726812, 0.0601614303887, 0.00244127865881, 0.00125782156829, 0.00677020894364, 0.00179044797551, 0.0010823814664, 0.00139138591476, 0.000955597381108, 0.00029104258283, 0.000126732877106, 0.000286168709863, 8.66969567141e-005, 0.000130895976326, 9.1593938123e-005, 9.23121187952e-005, 8.14905870357e-005, 8.56702026795e-005, 7.22443510313e-005, 7.0294168836e-005, 6.7980705353e-005, 6.7787761509e-005, 5.46467126696e-005, 0.000122416837257, 0.000104763450508, 8.10785568319e-005, 1.22834326248e-005],
        "var": [3.58394863724e-005, 0.00502237584442, 1.94079548237e-005, 1.08202339106e-005, 0.000113166774099, 1.72184754774e-005, 4.20751484853e-006, 1.55928100867e-005, 5.34622222403e-006, 6.19416425707e-007, 7.80378499599e-008, 1.8819844172e-006, 4.07542870562e-008, 7.60498579666e-008, 5.66376243682e-008, 6.7211125554e-008, 6.70781403755e-008, 4.65613183565e-008, 7.62316005876e-008, 8.24980759262e-008, 6.92339696684e-008, 5.65852076306e-008, 1.57962851688e-008, 1.55932667667e-007, 7.2848813204e-008, 1.38206388556e-007, 9.1872838226e-009]
    },
    "erbbands": {
        "mean": [2.94668292999, 8.56305122375, 4.21303749084, 3.34620666504, 8.2691488266, 31.7786521912, 19.3533611298, 15.6148052216, 9.70027160645, 32.146812439, 26.0903568268, 11.9740028381, 29.0747318268, 5.61694145203, 7.679500103, 8.95821762085, 4.3883523941, 6.34954690933, 5.89263391495, 4.30624961853, 5.45549821854, 4.74131155014, 4.83017349243, 3.80411887169, 3.54422068596, 3.29633045197, 2.8620429039, 2.65381240845, 2.56551003456, 1.94578075409, 1.90142798424, 2.74296045303, 1.39718866348, 1.2594192028, 0.693863391876, 0.325657218695, 0.14192661643, 0.0429551228881, 0.00126783712767, 0.000117662595585],
        "var": [12.4523773193, 113.185371399, 36.9382781982, 48.3412971497, 329.527008057, 2738.90039063, 1015.47088623, 1517.04492188, 424.671173096, 3596.54785156, 5823.04443359, 661.274780273, 5065.30615234, 191.540039063, 712.741577148, 1321.79602051, 79.5772781372, 180.223617554, 182.876022339, 139.125595093, 247.644378662, 214.670288086, 162.625793457, 131.364028931, 189.785705566, 184.07321167, 92.8159179688, 160.306732178, 99.0822601318, 22.5664825439, 21.4881381989, 102.315841675, 13.582903862, 9.75942802429, 4.00102806091, 1.44159138203, 0.464494794607, 0.0812477618456, 7.43254495319e-005, 3.37247598736e-008]
    },
    "gfcc": {
        "mean": [-29.9561080933, 88.3154830933, -57.9778137207, 31.6058940887, -45.5778160095, 14.295958519, -32.0263023376, 16.524974823, -19.394536972, 10.8002223969, -14.3586091995, 7.22350692749, -8.14131832123],
        "cov": [[6720.52636719, 285.437316895, -890.040100098, 126.927810669, -477.742858887, 289.143280029, -122.092544556, 149.4400177, 6.55847120285, 56.5207977295, 22.9344825745, -37.6042289734, 63.9755020142], [285.437316895, 2275.23144531, 46.9154815674, -541.141906738, 249.100891113, -339.77835083, 187.14012146, -109.265396118, 109.506629944, -106.545166016, 56.6252555847, -8.25002193451, 158.172973633], [-890.040100098, 46.9154815674, 1076.63574219, 176.264434814, 127.663909912, 41.4597434998, 122.624412537, 18.3134841919, 57.4743003845, 60.6689376831, 49.8360137939, 57.7927474976, 89.305229187], [126.927810669, -541.141906738, 176.264434814, 626.55456543, 35.4468193054, 238.196380615, 87.3775482178, 38.0472221375, 35.4636077881, 42.0642662048, 93.8862457275, 16.0443782806, 61.8228187561], [-477.742858887, 249.100891113, 127.663909912, 35.4468193054, 536.482971191, 97.75415802, 208.645004272, 45.2951850891, 63.9638214111, 40.4283103943, 67.127456665, 75.2113647461, 64.1203155518], [289.143280029, -339.77835083, 41.4597434998, 238.196380615, 97.75415802, 327.761474609, 119.651191711, 102.027259827, 66.029586792, 30.7714767456, 81.6445083618, 29.1613025665, 55.2189064026], [-122.092544556, 187.14012146, 122.624412537, 87.3775482178, 208.645004272, 119.651191711, 244.091461182, 89.4152450562, 108.405349731, 38.4584197998, 85.4878234863, 37.8340110779, 76.3820571899], [149.4400177, -109.265396118, 18.3134841919, 38.0472221375, 45.2951850891, 102.027259827, 89.4152450562, 155.477981567, 77.4829177856, 60.8380088806, 33.6341362, 14.9818716049, 24.2291908264], [6.55847120285, 109.506629944, 57.4743003845, 35.4636077881, 63.9638214111, 66.029586792, 108.405349731, 77.4829177856, 174.214126587, 44.8354911804, 86.8650665283, 0.160320729017, 34.0777244568], [56.5207977295, -106.545166016, 60.6689376831, 42.0642662048, 40.4283103943, 30.7714767456, 38.4584197998, 60.8380088806, 44.8354911804, 111.635810852, 24.6496772766, 13.4069442749, 1.07047152519], [22.9344825745, 56.6252555847, 49.8360137939, 93.8862457275, 67.127456665, 81.6445083618, 85.4878234863, 33.6341362, 86.8650665283, 24.6496772766, 117.67754364, 22.3789463043, 48.2320213318], [-37.6042289734, -8.25002193451, 57.7927474976, 16.0443782806, 75.2113647461, 29.1613025665, 37.8340110779, 14.9818716049, 0.160320729017, 13.4069442749, 22.3789463043, 66.2685623169, 34.1076011658], [63.9755020142, 158.172973633, 89.305229187, 61.8228187561, 64.1203155518, 55.2189064026, 76.3820571899, 24.2291908264, 34.0777244568, 1.07047152519, 48.2320213318, 34.1076011658, 105.139457703]],
        "icov": [[0.000257811159827, -0.000297315127682, 0.000224786621402, -0.000215824780753, 0.000337619887432, -0.000582289067097, 0.000390780274756, -0.000279093888821, 0.000116657545732, -0.000453080254374, 0.000216344546061, -0.000347996654455, 8.71677329997e-005], [-0.000297315127682, 0.00167238875292, -0.000234090475715, 0.00129768718034, -0.000769543403294, 0.00203192746267, -0.00167961604893, 0.00124704733025, -0.000558111409191, 0.00121942756232, -0.000943564169575, 0.00200386741199, -0.00261300709099], [0.000224786621402, -0.000234090475715, 0.00131642993074, -0.000495315820444, 0.000286064227112, -0.000227551878197, -5.00042588101e-005, 0.000207500474062, -0.0002540453861, -0.000937364820857, 0.000682062178385, -0.000900328508578, -0.000606910965871], [-0.000215824780753, 0.00129768718034, -0.000495315820444, 0.00362296844833, -0.000266494113021, -0.000344866683008, -0.00150979950558, 0.00182715721894, 0.000543807283975, -5.97760081291e-005, -0.00213014823385, 0.00252933613956, -0.00253010075539], [0.000337619887432, -0.000769543403294, 0.000286064227112, -0.000266494113021, 0.00379844964482, -0.00155223230831, -0.00213704211637, 0.000607737456448, 0.000421268981881, -0.00145136890933, 0.000737045891583, -0.00330608058721, 0.00138979649637], [-0.000582289067097, 0.00203192746267, -0.000227551878197, -0.000344866683008, -0.00155223230831, 0.00876829493791, -0.00269915536046, -0.00191597198136, -0.000102362151665, 0.00310025014915, -0.00296283699572, 0.00190706457943, -0.00282035232522], [0.000390780274756, -0.00167961604893, -5.00042588101e-005, -0.00150979950558, -0.00213704211637, -0.00269915536046, 0.0126044237986, -0.00439369445667, -0.00217194412835, -0.000452042528195, -0.000560226908419, -0.00149382173549, -0.00075403082883], [-0.000279093888821, 0.00124704733025, 0.000207500474062, 0.00182715721894, 0.000607737456448, -0.00191597198136, -0.00439369445667, 0.0142500903457, -0.00425732834265, -0.00434021418914, 0.00304707558826, -0.000118072362966, -0.00234866538085], [0.000116657545732, -0.000558111409191, -0.0002540453861, 0.000543807283975, 0.000421268981881, -0.000102362151665, -0.00217194412835, -0.00425732834265, 0.0136813530698, -0.00190309330355, -0.00842841900885, 0.00453996937722, 0.000999172334559], [-0.000453080254374, 0.00121942756232, -0.000937364820857, -5.97760081291e-005, -0.00145136890933, 0.00310025014915, -0.000452042528195, -0.00434021418914, -0.00190309330355, 0.0143225090578, -0.00184131541755, -0.000751894374844, 0.0014176145196], [0.000216344546061, -0.000943564169575, 0.000682062178385, -0.00213014823385, 0.000737045891583, -0.00296283699572, -0.000560226908419, 0.00304707558826, -0.00842841900885, -0.00184131541755, 0.0198778398335, -0.00533553166315, -0.00186495180242], [-0.000347996654455, 0.00200386741199, -0.000900328508578, 0.00252933613956, -0.00330608058721, 0.00190706457943, -0.00149382173549, -0.000118072362966, 0.00453996937722, -0.000751894374844, -0.00533553166315, 0.0255257058889, -0.00869513954967], [8.71677329997e-005, -0.00261300709099, -0.000606910965871, -0.00253010075539, 0.00138979649637, -0.00282035232522, -0.00075403082883, -0.00234866538085, 0.000999172334559, 0.0014176145196, -0.00186495180242, -0.00869513954967, 0.0204530805349]]
    },
    "melbands": {
        "mean": [0.020507350564, 0.00498011149466, 0.00070705160033, 0.00135713233612, 0.000948235683609, 0.000336425116984, 0.000177540598088, 0.000368745910237, 0.000166680008988, 0.000102656718809, 0.000143355762702, 1.942644667e-005, 2.12861377804e-005, 3.72631729988e-005, 1.09871834866e-005, 1.05242497739e-005, 1.13879614219e-005, 9.93536832539e-006, 6.15350245425e-006, 5.45024795429e-006, 6.49949652143e-006, 4.73609816254e-006, 4.80861126562e-006, 3.89462502426e-006, 2.98365307572e-006, 2.72458669315e-006, 2.4243304324e-006, 2.1351140731e-006, 1.79736923656e-006, 1.71047611275e-006, 1.44642399391e-006, 1.61431751167e-006, 1.10518817564e-006, 1.05531569261e-006, 8.41164364829e-007, 2.02623141377e-006, 1.41644534324e-006, 8.93057858775e-007, 1.02736169083e-006, 1.08629478746e-006],
        "var": [0.000591499381699, 3.57287099177e-005, 2.29215379477e-006, 4.76642117064e-006, 2.20038737098e-006, 6.92412356784e-007, 1.27791750515e-007, 5.17812225098e-007, 2.43921050469e-007, 5.80071422007e-008, 1.23423305354e-007, 4.23881241218e-009, 2.94672886092e-009, 4.00480111296e-008, 4.81241768657e-010, 5.31081290056e-010, 6.04084504641e-010, 5.51976353513e-010, 2.71766109616e-010, 2.57421112204e-010, 3.44034883915e-010, 2.06226716259e-010, 2.71742267577e-010, 8.89371215562e-011, 9.0089845306e-011, 1.11060487196e-010, 7.76521069668e-011, 9.85372339279e-011, 4.0284539593e-011, 4.34058067267e-011, 5.25777581195e-011, 5.66323411777e-011, 8.16249064867e-012, 6.67852535427e-012, 4.06137797004e-012, 8.83642395366e-011, 1.78171331855e-011, 5.72550947625e-012, 8.21513950616e-012, 7.18680800635e-012]
    },
    "mfcc": {
        "mean": [-694.800048828, 132.429321289, 40.2782669067, 31.0596828461, 14.8537731171, 5.88447570801, 5.33996200562, 4.41991376877, 5.69508075714, 4.0748295784, 5.95723819733, 1.75461089611, 1.15081608295],
        "cov": [[5707.85791016, -395.46661377, -457.396484375, -325.543884277, -255.467056274, -20.1464099884, -67.4725341797, 33.2477340698, 6.15730190277, 91.7063522339, -17.051448822, 23.2185955048, 23.2935886383], [-395.46661377, 2561.04443359, -171.348861694, -76.3983917236, -36.4525413513, -155.847717285, -74.5367736816, -30.8038196564, 30.4492797852, -99.0620498657, 31.5859699249, -68.0149307251, 19.2007808685], [-457.396484375, -171.348861694, 885.296630859, 195.018798828, 22.0520114899, 47.415096283, 23.5037879944, -27.5320034027, 45.6686897278, 35.8316345215, 15.8170175552, 29.1721916199, 20.1263637543], [-325.543884277, -76.3983917236, 195.018798828, 315.526092529, 94.3656768799, 108.76599884, 79.0184631348, 22.8333511353, 29.9249019623, 8.16907691956, 22.6195487976, 26.0425491333, 20.8033027649], [-255.467056274, -36.4525413513, 22.0520114899, 94.3656768799, 215.640213013, 135.438735962, 114.207084656, 69.5627593994, 54.5875549316, 13.682261467, 24.2466888428, 33.3846359253, 31.4498348236], [-20.1464099884, -155.847717285, 47.415096283, 108.76599884, 135.438735962, 220.131072998, 143.31451416, 92.6100463867, 55.132358551, 30.5418720245, 12.1822385788, 43.0123176575, 43.1646728516], [-67.4725341797, -74.5367736816, 23.5037879944, 79.0184631348, 114.207084656, 143.31451416, 190.233184814, 101.991470337, 79.7277374268, 24.3500480652, 25.3430080414, 33.6229858398, 55.3800888062], [33.2477340698, -30.8038196564, -27.5320034027, 22.8333511353, 69.5627593994, 92.6100463867, 101.991470337, 148.714874268, 64.1657028198, 61.4384384155, 11.8124284744, 51.9721679688, 33.7865982056], [6.15730190277, 30.4492797852, 45.6686897278, 29.9249019623, 54.5875549316, 55.132358551, 79.7277374268, 64.1657028198, 126.498664856, 35.7330703735, 57.610912323, 22.7071285248, 45.4207115173], [91.7063522339, -99.0620498657, 35.8316345215, 8.16907691956, 13.682261467, 30.5418720245, 24.3500480652, 61.4384384155, 35.7330703735, 145.758743286, 47.0881462097, 68.8461608887, 13.139213562], [-17.051448822, 31.5859699249, 15.8170175552, 22.6195487976, 24.2466888428, 12.1822385788, 25.3430080414, 11.8124284744, 57.610912323, 47.0881462097, 117.690429688, 36.6249580383, 29.3392372131], [23.2185955048, -68.0149307251, 29.1721916199, 26.0425491333, 33.3846359253, 43.0123176575, 33.6229858398, 51.9721679688, 22.7071285248, 68.8461608887, 36.6249580383, 100.810943604, 28.1380195618], [23.2935886383, 19.2007808685, 20.1263637543, 20.8033027649, 31.4498348236, 43.1646728516, 55.3800888062, 33.7865982056, 45.4207115173, 13.139213562, 29.3392372131, 28.1380195618, 77.2442855835]],
        "icov": [[0.000212385799387, 3.29567228619e-005, 0.000103079903056, 0.000146827776916, 0.000344421394402, -0.000261725974269, 9.50753819779e-005, 3.98367301386e-005, -0.000155875721248, -0.0001171230615, 7.39683237043e-005, -2.58833351836e-005, -0.000125291291624], [3.29567228619e-005, 0.00044859587797, 7.59379909141e-005, -1.47911314343e-005, -8.36496546981e-005, 0.00037087322562, 0.000215958643821, -0.000271337194135, -0.000196155873709, 0.000319629471051, -0.000182233488886, 0.000185613695066, -0.000284010311589], [0.000103079903056, 7.59379909141e-005, 0.00149912398774, -0.000847941963002, 0.000372066511773, -0.000179510141606, 0.000134897432872, 0.00108004512731, -0.00108890945558, -0.000557717110496, 0.000695460825227, -0.000402200123062, -0.000214978659642], [0.000146827776916, -1.47911314343e-005, -0.000847941963002, 0.00476226629689, -0.000645048974548, -0.0017395253526, -0.000688795757014, 0.000693832931574, 0.000443044293206, 0.000366091757314, -0.000727521197405, -0.000404589431128, 0.000423730205512], [0.000344421394402, -8.36496546981e-005, 0.000372066511773, -0.000645048974548, 0.00904969498515, -0.00396094843745, -0.00165929750074, -0.000247218180448, -0.00110321410466, 0.00097210786771, -0.000659541867208, -0.00115023751277, 0.000973177142441], [-0.000261725974269, 0.00037087322562, -0.000179510141606, -0.0017395253526, -0.00396094843745, 0.0123824197799, -0.00533070601523, -0.00181958486792, 0.000993661931716, -0.000211775943171, 0.00112250703387, -0.000675008399412, -0.000915711687412], [9.50753819779e-005, 0.000215958643821, 0.000134897432872, -0.000688795757014, -0.00165929750074, -0.00533070601523, 0.0155384978279, -0.00532257370651, -0.00309324776754, 0.00153666106053, -0.000454179418739, 0.0015564870555, -0.00392676424235], [3.98367301386e-005, -0.000271337194135, 0.00108004512731, 0.000693832931574, -0.000247218180448, -0.00181958486792, -0.00532257370651, 0.0168148614466, -0.00524549931288, -0.00465494999662, 0.00512744719163, -0.00441813468933, 0.000703919911757], [-0.000155875721248, -0.000196155873709, -0.00108890945558, 0.000443044293206, -0.00110321410466, 0.000993661931716, -0.00309324776754, -0.00524549931288, 0.0169421099126, -0.000640202080831, -0.00687471078709, 0.00402886373922, -0.00404358003289], [-0.0001171230615, 0.000319629471051, -0.000557717110496, 0.000366091757314, 0.00097210786771, -0.000211775943171, 0.00153666106053, -0.00465494999662, -0.000640202080831, 0.0129227116704, -0.0037277280353, -0.00604720739648, 0.0024565232452], [7.39683237043e-005, -0.000182233488886, 0.000695460825227, -0.000727521197405, -0.000659541867208, 0.00112250703387, -0.000454179418739, 0.00512744719163, -0.00687471078709, -0.0037277280353, 0.0146403126419, -0.00362771283835, -0.00180088623893], [-2.58833351836e-005, 0.000185613695066, -0.000402200123062, -0.000404589431128, -0.00115023751277, -0.000675008399412, 0.0015564870555, -0.00441813468933, 0.00402886373922, -0.00604720739648, -0.00362771283835, 0.0186080541462, -0.00490341149271], [-0.000125291291624, -0.000284010311589, -0.000214978659642, 0.000423730205512, 0.000973177142441, -0.000915711687412, -0.00392676424235, 0.000703919911757, -0.00404358003289, 0.0024565232452, -0.00180088623893, -0.00490341149271, 0.0200491137803]]
    },
    "spectral_contrast_coeffs": {
        "mean": [-0.663475871086, -0.735789358616, -0.789796292782, -0.827755749226, -0.818174064159, -0.776970207691],
        "var": [0.00713375629857, 0.00716166570783, 0.00574641302228, 0.00241889152676, 0.0015733683249, 0.00187931209803]
    },
    "spectral_contrast_valleys": {
        "mean": [-6.81902980804, -7.08261394501, -7.92858457565, -8.38748645782, -8.29537200928, -10.6167163849],
        "var": [1.66457736492, 1.32643961906, 1.38102316856, 1.31168961525, 1.34925091267, 1.68174910545]
    }
},
"metadata": {
    "audio_properties": {
        "analysis_sample_rate": 44100,
        "bit_rate": 115649,
        "equal_loudness": 0,
        "length": 45.0873451233,
        "lossless": 0,
        "replay_gain": -3.69630813599,
        "sample_rate": 44100,
        "codec": "mp3",
        "downmix": "mix",
        "md5_encoded": "445acb883affbc3b52f4599ce3403cac"
    },
    "tags": {
        "file_name": "663.mp3"
    },
    "version": {
        "essentia": "2.1-beta2",
        "essentia_git_sha": "v2.1_beta2",
        "extractor": "music 1.0"
    }
},
"rhythm": {
    "beats_count": 103,
    "beats_loudness": {
        "mean": 0.0888428390026,
        "var": 0.00629860069603
    },
    "bpm": 154.613296509,
    "bpm_histogram_first_peak_bpm": {
        "mean": 157,
        "var": 0
    },
    "bpm_histogram_first_peak_spread": {
        "mean": 0.40000000596,
        "var": 0
    },
    "bpm_histogram_first_peak_weight": {
        "mean": 0.205882355571,
        "var": 0
    },
    "bpm_histogram_second_peak_bpm": {
        "mean": 152,
        "var": 0
    },
    "bpm_histogram_second_peak_spread": {
        "mean": 0.333333343267,
        "var": 0
    },
    "bpm_histogram_second_peak_weight": {
        "mean": 0.156862750649,
        "var": 0
    },
    "danceability": 0.834328055382,
    "onset_rate": 4.85536336899,
    "beats_loudness_band_ratio": {
        "mean": [0.682120740414, 0.18111102283, 0.0765178352594, 0.0213481206447, 0.0159893538803, 0.0405456610024],
        "var": [0.0814876556396, 0.0406005978584, 0.0126548800617, 0.00150925375056, 0.000812222599052, 0.0117666879669]
    },
    "beats_position": [0.417959183455, 0.847528338432, 1.27709746361, 1.69505667686, 2.11301589012, 2.50775504112, 2.91410422325, 3.33206343651, 3.75002264977, 4.15637159348, 4.57433080673, 4.96907043457, 5.36380958557, 5.75854873657, 6.13006782532, 6.5015873909, 6.87310647964, 7.25623559952, 7.6277551651, 8.01088428497, 8.39401340485, 8.78875255585, 9.19510173798, 9.6014509201, 10.0078001022, 10.4025392532, 10.7972784042, 11.1687984467, 11.5403175354, 11.9118366241, 12.2833557129, 12.6548748016, 13.0263938904, 13.3979139328, 13.7810430527, 14.1641721725, 14.5356912613, 14.90721035, 15.2903394699, 15.6850786209, 16.0682086945, 16.4629478455, 16.8460769653, 17.2292060852, 17.6239452362, 18.0070743561, 18.390203476, 18.7617225647, 19.1448516846, 19.5279808044, 19.9111099243, 20.2942390442, 20.6773700714, 21.0721092224, 21.4552383423, 21.8383674622, 22.1982765198, 22.5930156708, 22.9993648529, 23.405714035, 23.8120632172, 24.195192337, 24.589931488, 24.9730606079, 25.3561897278, 25.7509288788, 26.1456680298, 26.5404071808, 27.0396366119, 27.5388660431, 28.0264854431, 28.5837631226, 29.1410427094, 29.686712265, 30.2323799133, 30.7896595001, 31.3469390869, 31.9042167664, 32.4614944458, 32.9839439392, 33.4831733704, 33.99401474, 34.5048522949, 35.0156898499, 35.5265312195, 36.0373687744, 36.5714263916, 37.1054878235, 37.6859855652, 38.2664833069, 38.7541046143, 39.2417221069, 39.7293434143, 40.2053489685, 40.6697502136, 41.1457595825, 41.6217689514, 42.0977783203, 42.5737876892, 43.0265769958, 43.4909744263, 43.9553718567, 44.4313812256]
},
"tonal": {
    "chords_changes_rate": 0.0895061716437,
    "chords_number_rate": 0.0113168722019,
    "chords_strength": {
        "mean": 0.426948606968,
        "var": 0.00540418736637
    },
    "hpcp_entropy": {
        "mean": 2.27842974663,
        "var": 0.569544672966
    },
    "key_strength": 0.407758921385,
    "tuning_diatonic_strength": 0.496460855007,
    "tuning_equal_tempered_deviation": 0.293939828873,
    "tuning_frequency": 434.193115234,
    "tuning_nontempered_energy_ratio": 0.947836399078,
    "hpcp": {
        "mean": [0.140979364514, 0.116348467767, 0.0682627782226, 0.0362048260868, 0.0349523797631, 0.0439880415797, 0.205817371607, 0.309234708548, 0.146601364017, 0.0323535241187, 0.028289064765, 0.0309750624001, 0.0761130079627, 0.122062683105, 0.0951988920569, 0.068759329617, 0.0650672912598, 0.0559184923768, 0.0553392954171, 0.06582672894, 0.0652802810073, 0.0482754819095, 0.0467274077237, 0.13347274065, 0.211572498083, 0.133237794042, 0.0624538883567, 0.10561683774, 0.1803304106, 0.169163614511, 0.14325261116, 0.161886110902, 0.150951877236, 0.152588218451, 0.162511229515, 0.153788685799],
        "var": [0.0708466544747, 0.071981780231, 0.0356817282736, 0.015299975872, 0.0113087985665, 0.0151275629178, 0.0634068697691, 0.142483830452, 0.0372022911906, 0.00941892154515, 0.00838938448578, 0.010761118494, 0.0183376558125, 0.0370012447238, 0.0257378108799, 0.0365996956825, 0.0301981661469, 0.0264498479664, 0.0244807191193, 0.028138551861, 0.0283583980054, 0.0171978604048, 0.0208211280406, 0.0531802326441, 0.125517517328, 0.047361690551, 0.0237309373915, 0.0318599753082, 0.0718135684729, 0.062932126224, 0.0681956782937, 0.0930667519569, 0.0798357352614, 0.0800492689013, 0.0816273167729, 0.0785325914621]
    },
    "chords_histogram": [13.4773664474, 0.102880656719, 0.823045253754, 0, 8.02469158173, 1.74897122383, 2.26337456703, 0.308641970158, 0, 0.205761313438, 0.617283940315, 5.86419773102, 0, 0, 0, 0.205761313438, 7.51028823853, 16.3580245972, 0.925925910473, 31.8930034637, 0, 5.34979438782, 1.74897122383, 2.57201647758],
    "thpcp": [1, 0.47407796979, 0.10462449491, 0.0914808884263, 0.100166834891, 0.246133461595, 0.394725054502, 0.307853192091, 0.222353205085, 0.2104139328, 0.180828645825, 0.178955644369, 0.212869793177, 0.211102694273, 0.156112760305, 0.151106610894, 0.431622773409, 0.68418097496, 0.430862993002, 0.201962739229, 0.341542631388, 0.583150625229, 0.547039568424, 0.463248819113, 0.523505628109, 0.48814663291, 0.493438214064, 0.525527119637, 0.497320264578, 0.455897599459, 0.376246482134, 0.220747470856, 0.117078788579, 0.113028645515, 0.142248079181, 0.66557008028],
    "chords_key": "F#",
    "chords_scale": "minor",
    "key_key": "B",
    "key_scale": "major"
}
}