{
"lowlevel": {
    "average_loudness": 0.970575690269,
    "barkbands_crest": {
        "mean": 12.697309494,
        "var": 34.1664352417
    },
    "barkbands_flatness_db": {
        "mean": 0.121613681316,
        "var": 0.00244677020237
    },
    "barkbands_kurtosis": {
        "mean": 8.98803520203,
        "var": 297.001373291
    },
    "barkbands_skewness": {
        "mean": 2.40798449516,
        "var": 2.86990070343
    },
    "barkbands_spread": {
        "mean": 24.041103363,
        "var": 141.20690918
    },
    "dissonance": {
        "mean": 0.470509588718,
        "var": 0.000373743503587
    },
    "dynamic_complexity": 1.83170747757,
    "erbbands_crest": {
        "mean": 6.6210231781,
        "var": 10.7862796783
    },
    "erbbands_flatness_db": {
        "mean": 0.102638475597,
        "var": 0.000956104195211
    },
    "erbbands_kurtosis": {
        "mean": -0.409471541643,
        "var": 0.873546481133
    },
    "erbbands_skewness": {
        "mean": 0.25431522727,
        "var": 0.248041972518
    },
    "erbbands_spread": {
        "mean": 57.2177200317,
        "var": 437.915985107
    },
    "hfc": {
        "mean": 28.4490852356,
        "var": 373.687774658
    },
    "melbands_crest": {
        "mean": 16.2178535461,
        "var": 27.2105121613
    },
    "melbands_flatness_db": {
        "mean": 0.201885595918,
        "var": 0.0037294246722
    },
    "melbands_kurtosis": {
        "mean": 35.0183601379,
        "var": 3332.90673828
    },
    "melbands_skewness": {
        "mean": 4.23838615417,
        "var": 7.12821912766
    },
    "melbands_spread": {
        "mean": 18.1437168121,
        "var": 168.889160156
    },
    "pitch_salience": {
        "mean": 0.472564429045,
        "var": 0.021899195388
    },
    "silence_rate_20dB": {
        "mean": 1,
        "var": 0
    },
    "silence_rate_30dB": {
        "mean": 0.951621174812,
        "var": 0.0460393168032
    },
    "silence_rate_60dB": {
        "mean": 0.0118373651057,
        "var": 0.0116973044351
    },
    "spectral_centroid": {
        "mean": 1417.09448242,
        "var": 360934.25
    },
    "spectral_complexity": {
        "mean": 21.620174408,
        "var": 88.6698913574
    },
    "spectral_decrease": {
        "mean": -1.30291759604e-008,
        "var": 6.46672068142e-017
    },
    "spectral_energy": {
        "mean": 0.0517554730177,
        "var": 0.000955817173235
    },
    "spectral_energyband_high": {
        "mean": 0.00168947968632,
        "var": 2.49805634667e-006
    },
    "spectral_energyband_low": {
        "mean": 0.032172344625,
        "var": 0.000854902726132
    },
    "spectral_energyband_middle_high": {
        "mean": 0.00513378717005,
        "var": 2.28291264648e-005
    },
    "spectral_energyband_middle_low": {
        "mean": 0.0143931768835,
        "var": 0.000128362968098
    },
    "spectral_entropy": {
        "mean": 7.85249996185,
        "var": 0.0660125538707
    },
    "spectral_flux": {
        "mean": 0.110701292753,
        "var": 0.00180818978697
    },
    "spectral_kurtosis": {
        "mean": 2.51491999626,
        "var": 2.27643656731
    },
    "spectral_rms": {
        "mean": 0.00676895491779,
        "var": 4.67445352115e-006
    },
    "spectral_rolloff": {
        "mean": 1016.62695313,
        "var": 1516673.5
    },
    "spectral_skewness": {
        "mean": 1.29690253735,
        "var": 0.0563618727028
    },
    "spectral_spread": {
        "mean": 5975170,
        "var": 3.34737702912e+012
    },
    "spectral_strongpeak": {
        "mean": 0.637680053711,
        "var": 0.575488686562
    },
    "zerocrossingrate": {
        "mean": 0.0579348355532,
        "var": 0.00105016108137
    },
    "barkbands": {
        "mean": [0.000333133415552, 0.0260114707053, 0.00429495191202, 0.00259267259389, 0.00264225760475, 0.00413927948102, 0.00108495773748, 0.00115527794696, 0.0026255371049, 0.00044445466483, 0.000492667895742, 0.00105946825352, 0.000664063205477, 0.000432747998275, 0.000403422222007, 0.000404551508836, 0.000464316515718, 0.000402575999033, 0.000275061262073, 0.00037125707604, 0.000349970418029, 0.000347949884599, 0.000223442853894, 0.000252217636444, 0.000175113600562, 0.000105091894511, 7.60803914091e-006],
        "var": [7.58369154141e-008, 0.000849417527206, 1.3773750652e-005, 1.12297029773e-005, 9.3599437605e-006, 2.04960124393e-005, 2.07092557503e-006, 3.75626677851e-006, 1.70145467564e-005, 3.30514330926e-006, 2.98036894719e-007, 2.55417739936e-006, 8.14807776806e-007, 6.75177091125e-007, 6.98601525073e-007, 3.42830361433e-007, 3.4274219729e-007, 2.08658818224e-007, 1.16692213226e-007, 1.50965760781e-007, 1.40444939234e-007, 1.19902850315e-007, 7.19283193007e-008, 8.04014135269e-008, 4.0559555714e-008, 2.35195773968e-008, 2.61317356642e-010]
    },
    "erbbands": {
        "mean": [0.641996026039, 6.17513132095, 6.20026397705, 7.90743350983, 7.31720876694, 11.0352163315, 20.3166065216, 35.0323600769, 18.3497505188, 18.1791439056, 41.7349395752, 52.3433876038, 21.1814079285, 18.5908737183, 19.0375423431, 40.1554260254, 33.529335022, 22.5185928345, 25.0928707123, 17.8243675232, 24.5994110107, 27.6616477966, 25.3022289276, 15.3158817291, 13.7515048981, 19.3434371948, 16.6405467987, 11.719332695, 10.9236478806, 10.2183427811, 6.43788051605, 5.64884519577, 3.95113182068, 2.25619292259, 1.07945394516, 0.489613115788, 0.193533346057, 0.0328656248748, 0.000958548102062, 8.6002095486e-005],
        "var": [0.551988303661, 47.9074287415, 19.1389503479, 67.8865814209, 62.3014335632, 224.742034912, 653.706237793, 1668.02966309, 475.58416748, 870.461120605, 4241.41748047, 7511.65722656, 3877.62988281, 581.15802002, 298.753448486, 3936.13452148, 2092.953125, 918.069091797, 3388.68237305, 479.49331665, 1223.97570801, 1142.59558105, 855.836791992, 248.697280884, 313.14755249, 432.181365967, 331.289489746, 146.284683228, 130.267944336, 106.88923645, 67.4418106079, 44.1233215332, 19.801153183, 6.14570426941, 1.84694683552, 0.502158582211, 0.0825771465898, 0.00272999191657, 3.58545185009e-006, 3.27964633229e-009]
    },
    "gfcc": {
        "mean": [54.2318344116, 71.7806625366, -93.1523590088, 42.3706855774, -55.0666999817, 24.0129756927, -33.0573539734, 16.1313285828, -22.693113327, 11.4996089935, -13.9584150314, 7.55869054794, -13.2258930206],
        "cov": [[5135.171875, 16.6436500549, -121.222831726, 73.0314254761, -256.715179443, 180.43788147, -104.710945129, 91.8569107056, -21.88697052, 90.1526641846, -163.842651367, 3.6500184536, -100.043930054], [16.6436500549, 443.986297607, -67.9916915894, -2.09700345993, 28.0489120483, -38.6154975891, 33.4124717712, -26.2217330933, 22.8702487946, -22.1844158173, 27.9455509186, -8.07756900787, 35.9976844788], [-121.222831726, -67.9916915894, 673.132751465, 165.829666138, 30.1251964569, 151.673126221, 105.127105713, 75.2612686157, 23.0113220215, 22.3822727203, -22.7631149292, 0.803347945213, -36.7943916321], [73.0314254761, -2.09700345993, 165.829666138, 203.351486206, 86.3814163208, 113.582214355, 82.5786056519, 40.5959892273, 32.737361908, 29.7820453644, 9.33175849915, 2.49035954475, 1.35378992558], [-256.715179443, 28.0489120483, 30.1251964569, 86.3814163208, 178.49798584, 58.4349822998, 42.1692085266, 31.6454658508, 39.3543815613, 21.0529518127, 39.9367904663, 11.1524810791, 7.40835475922], [180.43788147, -38.6154975891, 151.673126221, 113.582214355, 58.4349822998, 150.175354004, 83.5924530029, 49.9784736633, 27.9541397095, 30.1589927673, -0.739404201508, 4.23904848099, -7.58110332489], [-104.710945129, 33.4124717712, 105.127105713, 82.5786056519, 42.1692085266, 83.5924530029, 137.028625488, 38.6544647217, 36.6175003052, 23.0647792816, 2.28333568573, 2.90982818604, 10.9760494232], [91.8569107056, -26.2217330933, 75.2612686157, 40.5959892273, 31.6454658508, 49.9784736633, 38.6544647217, 83.1220092773, 51.7295837402, 27.3409175873, 10.3528118134, -1.25215947628, -3.46463370323], [-21.88697052, 22.8702487946, 23.0113220215, 32.737361908, 39.3543815613, 27.9541397095, 36.6175003052, 51.7295837402, 76.9578552246, 38.6153564453, 20.8247470856, 0.230855464935, 3.72101831436], [90.1526641846, -22.1844158173, 22.3822727203, 29.7820453644, 21.0529518127, 30.1589927673, 23.0647792816, 27.3409175873, 38.6153564453, 56.3663253784, 27.3716526031, 11.0400943756, -2.36859202385], [-163.842651367, 27.9455509186, -22.7631149292, 9.33175849915, 39.9367904663, -0.739404201508, 2.28333568573, 10.3528118134, 20.8247470856, 27.3716526031, 73.6918792725, 32.6162490845, 19.0823173523], [3.6500184536, -8.07756900787, 0.803347945213, 2.49035954475, 11.1524810791, 4.23904848099, 2.90982818604, -1.25215947628, 0.230855464935, 11.0400943756, 32.6162490845, 47.1680221558, 19.2600803375], [-100.043930054, 35.9976844788, -36.7943916321, 1.35378992558, 7.40835475922, -7.58110332489, 10.9760494232, -3.46463370323, 3.72101831436, -2.36859202385, 19.0823173523, 19.2600803375, 54.1488075256]],
        "icov": [[0.000465355144115, -0.000647308479529, 0.000448415870778, -0.000488161138492, 0.00082382094115, -0.00106932758354, 0.00124537351076, -0.00145872530993, 0.00109597295523, -0.00189486471936, 0.00214519794099, -0.00166450999677, 0.000676681578625], [-0.000647308479529, 0.00404200190678, -0.000616577162873, 0.000519643072039, -0.00116073503159, 0.00224088621326, -0.00319253094494, 0.00438320683315, -0.00438830209896, 0.00568791059777, -0.0053618112579, 0.00433276267722, -0.00201609660871], [0.000448415870778, -0.000616577162873, 0.00273858383298, -0.00181401392911, 0.00143551756628, -0.00188473251183, 0.000585478439461, -0.00288951070979, 0.00169431499671, -0.00117999920622, 0.00248156138696, -0.00277097965591, 0.00232382374816], [-0.000488161138492, 0.000519643072039, -0.00181401392911, 0.0111351227388, -0.00388657744043, -0.00388491270132, -0.00260298233479, 0.00279685831629, -0.00104540085886, 9.76456976787e-006, -0.00214077113196, 0.00358116836287, -0.00251107150689], [0.00082382094115, -0.00116073503159, 0.00143551756628, -0.00388657744043, 0.010483299382, -0.00401926366612, 0.0022383891046, -0.00219568540342, -0.00163774634711, 0.000532558478881, -0.00155415700283, -0.00237865536474, 0.00230471929535], [-0.00106932758354, 0.00224088621326, -0.00188473251183, -0.00388491270132, -0.00401926366612, 0.0199055913836, -0.0084292916581, -0.00189691735432, 0.00183110754006, -0.00015926908236, -0.00150846177712, 0.00132315792143, 0.00020325431251], [0.00124537351076, -0.00319253094494, 0.000585478439461, -0.00260298233479, 0.0022383891046, -0.0084292916581, 0.017025411129, -0.00451646000147, 0.000192527048057, -0.00648124422878, 0.00831129588187, -0.00495179137215, -0.0018046280602], [-0.00145872530993, 0.00438320683315, -0.00288951070979, 0.00279685831629, -0.00219568540342, -0.00189691735432, -0.00451646000147, 0.0318802632391, -0.0217796433717, 0.0100144352764, -0.00990457367152, 0.00804385729134, -0.00208821962588], [0.00109597295523, -0.00438830209896, 0.00169431499671, -0.00104540085886, -0.00163774634711, 0.00183110754006, 0.000192527048057, -0.0217796433717, 0.0394357703626, -0.0237598400563, 0.00664873421192, -3.40193219017e-005, -0.000912721501663], [-0.00189486471936, 0.00568791059777, -0.00117999920622, 9.76456976787e-006, 0.000532558478881, -0.00015926908236, -0.00648124422878, 0.0100144352764, -0.0237598400563, 0.0474229082465, -0.0220587234944, 0.00446694158018, 0.00366701208986], [0.00214519794099, -0.0053618112579, 0.00248156138696, -0.00214077113196, -0.00155415700283, -0.00150846177712, 0.00831129588187, -0.00990457367152, 0.00664873421192, -0.0220587234944, 0.0403442829847, -0.0239896476269, -0.000155838672072], [-0.00166450999677, 0.00433276267722, -0.00277097965591, 0.00358116836287, -0.00237865536474, 0.00132315792143, -0.00495179137215, 0.00804385729134, -3.40193219017e-005, 0.00446694158018, -0.0239896476269, 0.0436512641609, -0.01277344767], [0.000676681578625, -0.00201609660871, 0.00232382374816, -0.00251107150689, 0.00230471929535, 0.00020325431251, -0.0018046280602, -0.00208821962588, -0.000912721501663, 0.00366701208986, -0.000155838672072, -0.01277344767, 0.0274666920304]]
    },
    "melbands": {
        "mean": [0.0069365366362, 0.00517821963876, 0.00133925385308, 0.000650391099043, 0.000645630352665, 0.000779136375058, 0.000268737087026, 0.000196658846107, 0.000420420867158, 0.000311469426379, 9.85245278571e-005, 7.20044627087e-005, 5.84772278671e-005, 8.85713088792e-005, 0.000121991324704, 5.93836230109e-005, 3.83876358683e-005, 4.07699226344e-005, 2.97852275253e-005, 2.37229069171e-005, 2.7943533496e-005, 2.85499172605e-005, 2.44361090154e-005, 1.9352633899e-005, 1.1575132703e-005, 1.01313953564e-005, 1.0215675502e-005, 1.34372276079e-005, 1.01919704321e-005, 8.4925959527e-006, 6.33319223198e-006, 6.20583477939e-006, 6.79742151988e-006, 4.84880456497e-006, 3.70095904145e-006, 3.50474692823e-006, 3.39728444487e-006, 2.71438693744e-006, 2.40806480178e-006, 1.77931121925e-006],
        "var": [6.30030845059e-005, 2.00785634661e-005, 1.80249139703e-006, 5.80415644436e-007, 5.81734639127e-007, 7.50338585931e-007, 9.66849214024e-008, 1.23260363694e-007, 4.93192885642e-007, 2.46355710942e-007, 1.02440971261e-007, 1.12068416769e-008, 2.88566370799e-009, 1.22779342249e-008, 6.1343811808e-008, 7.08042513509e-009, 3.59122687144e-009, 1.12511493455e-008, 1.93533189474e-009, 1.21851340129e-009, 1.86537252311e-009, 1.44250555945e-009, 8.44459668858e-010, 5.43890543714e-010, 1.67056785072e-010, 2.03560585055e-010, 1.46622949893e-010, 2.12760406515e-010, 1.33632591104e-010, 1.02458999618e-010, 4.37955921528e-011, 4.83113098138e-011, 5.07187902787e-011, 2.66496893997e-011, 2.60764552312e-011, 1.82298898199e-011, 1.64140194492e-011, 9.77996503226e-012, 7.27576289147e-012, 4.06461279565e-012]
    },
    "mfcc": {
        "mean": [-593.747314453, 101.986358643, 20.1824474335, 26.4929199219, 7.94224309921, 10.975320816, 6.07543945313, 6.74574136734, 2.46361589432, 2.32028198242, 3.59401655197, 6.7249879837, 2.05412483215],
        "cov": [[2833.49853516, -13.8092212677, 46.8036460876, -112.118560791, -84.0223693848, 23.2269153595, -78.0520706177, -14.6471586227, 86.6850814819, 22.8779983521, 26.8601856232, 64.1134338379, -22.6433010101], [-13.8092212677, 390.340454102, -37.0065002441, 13.4152202606, -15.3420753479, -23.5621623993, -14.8184585571, -7.83219003677, -5.45295667648, -30.5953960419, -2.63508415222, 21.6936988831, -0.944263041019], [46.8036460876, -37.0065002441, 555.088256836, 73.8961791992, 28.6624488831, 91.267036438, 81.3832702637, 84.3964691162, 64.2255096436, 70.293182373, 53.2393798828, -11.4240598679, 18.72697258], [-112.118560791, 13.4152202606, 73.8961791992, 123.796714783, 56.1305236816, 59.7261619568, 47.5731811523, 36.0292396545, 34.1004257202, 25.179063797, 22.9054374695, 16.9177646637, 22.4855632782], [-84.0223693848, -15.3420753479, 28.6624488831, 56.1305236816, 147.951049805, 29.5771503448, 30.4152889252, 29.5847415924, 10.5862264633, 25.337770462, 19.866235733, 26.177116394, 13.2422504425], [23.2269153595, -23.5621623993, 91.267036438, 59.7261619568, 29.5771503448, 124.318725586, 71.7591323853, 47.1923599243, 50.1182937622, 18.2509975433, 19.4341754913, 13.3570566177, 27.8288898468], [-78.0520706177, -14.8184585571, 81.3832702637, 47.5731811523, 30.4152889252, 71.7591323853, 90.4626235962, 51.159526825, 34.8480453491, 21.6403217316, 14.4123458862, 10.1431922913, 20.1844863892], [-14.6471586227, -7.83219003677, 84.3964691162, 36.0292396545, 29.5847415924, 47.1923599243, 51.159526825, 71.613319397, 46.6438369751, 26.7255764008, 22.979642868, 12.7470903397, 16.1291294098], [86.6850814819, -5.45295667648, 64.2255096436, 34.1004257202, 10.5862264633, 50.1182937622, 34.8480453491, 46.6438369751, 83.736038208, 44.7733573914, 26.2621002197, 16.192155838, 9.42078113556], [22.8779983521, -30.5953960419, 70.293182373, 25.179063797, 25.337770462, 18.2509975433, 21.6403217316, 26.7255764008, 44.7733573914, 74.8996200562, 39.7572517395, 10.0713787079, 4.32123613358], [26.8601856232, -2.63508415222, 53.2393798828, 22.9054374695, 19.866235733, 19.4341754913, 14.4123458862, 22.979642868, 26.2621002197, 39.7572517395, 63.7942237854, 34.607673645, 13.0279417038], [64.1134338379, 21.6936988831, -11.4240598679, 16.9177646637, 26.177116394, 13.3570566177, 10.1431922913, 12.7470903397, 16.192155838, 10.0713787079, 34.607673645, 72.6834106445, 27.9917411804], [-22.6433010101, -0.944263041019, 18.72697258, 22.4855632782, 13.2422504425, 27.8288898468, 20.1844863892, 16.1291294098, 9.42078113556, 4.32123613358, 13.0279417038, 27.9917411804, 55.6638374329]],
        "icov": [[0.000439545925474, 1.97899407794e-005, -0.000125670456327, 0.000512717058882, 0.000123489415273, -0.000526255404111, 0.000730744272005, 0.000133625842864, -0.00059622398112, -4.5141481678e-005, 0.000234135033679, -0.000714299152605, 0.000353140494553], [1.97899407794e-005, 0.00287644122727, -2.88958453893e-005, -0.00101195217576, 0.000400198739953, 0.0010996942874, -3.73164766643e-005, 5.54698344786e-005, -0.000910521426704, 0.00195983285084, -0.000323891727021, -0.001083750627, 0.000450562482001], [-0.000125670456327, -2.88958453893e-005, 0.00262783211656, -0.000627839704975, 0.000352500268491, -0.000715571572073, -0.000501546659507, -0.0020293535199, 0.000918908044696, -0.00128758884966, -0.0015209215926, 0.00192472955678, -0.000305781373754], [0.000512717058882, -0.00101195217576, -0.000627839704975, 0.0139182722196, -0.00368314096704, -0.00367989623919, -0.00136178859975, 0.0011050584726, -0.00246716337278, -0.000398856325774, -0.00110257079359, 0.000329403119395, -0.00178922107443], [0.000123489415273, 0.000400198739953, 0.000352500268491, -0.00368314096704, 0.00982315279543, -0.00122385821305, 0.000702871417161, -0.00418825261295, 0.00490566156805, -0.00439911521971, 0.00233220262453, -0.00426825415343, 0.00177171744872], [-0.000526255404111, 0.0010996942874, -0.000715571572073, -0.00367989623919, -0.00122385821305, 0.0210230853409, -0.0128766521811, 0.00356225529686, -0.00945373531431, 0.00793197751045, -0.00416489737108, 0.00348519464023, -0.00484396517277], [0.000730744272005, -3.73164766643e-005, -0.000501546659507, -0.00136178859975, 0.000702871417161, -0.0128766521811, 0.0294829327613, -0.014084264636, 0.00514541659504, -0.00562596786767, 0.00574923865497, -0.00323139713146, 0.000521301582921], [0.000133625842864, 5.54698344786e-005, -0.0020293535199, 0.0011050584726, -0.00418825261295, 0.00356225529686, -0.014084264636, 0.0358346551657, -0.0162504166365, 0.00623394269496, -0.00634491862729, 0.00294995983131, -0.00350130326115], [-0.00059622398112, -0.000910521426704, 0.000918908044696, -0.00246716337278, 0.00490566156805, -0.00945373531431, 0.00514541659504, -0.0162504166365, 0.032924618572, -0.0176543928683, 0.00611075107008, -0.00575612904504, 0.00409433012828], [-4.5141481678e-005, 0.00195983285084, -0.00128758884966, -0.000398856325774, -0.00439911521971, 0.00793197751045, -0.00562596786767, 0.00623394269496, -0.0176543928683, 0.0338411740959, -0.0184276737273, 0.00766610074788, -0.00125746859703], [0.000234135033679, -0.000323891727021, -0.0015209215926, -0.00110257079359, 0.00233220262453, -0.00416489737108, 0.00574923865497, -0.00634491862729, 0.00611075107008, -0.0184276737273, 0.0364232324064, -0.0170811209828, 0.00278917630203], [-0.000714299152605, -0.001083750627, 0.00192472955678, 0.000329403119395, -0.00426825415343, 0.00348519464023, -0.00323139713146, 0.00294995983131, -0.00575612904504, 0.00766610074788, -0.0170811209828, 0.0285403355956, -0.0114748515189], [0.000353140494553, 0.000450562482001, -0.000305781373754, -0.00178922107443, 0.00177171744872, -0.00484396517277, 0.000521301582921, -0.00350130326115, 0.00409433012828, -0.00125746859703, 0.00278917630203, -0.0114748515189, 0.0262899044901]]
    },
    "spectral_contrast_coeffs": {
        "mean": [-0.67852050066, -0.700617730618, -0.766708791256, -0.767822742462, -0.784051477909, -0.751387774944],
        "var": [0.00396263180301, 0.00623590499163, 0.00325506436639, 0.00308594619855, 0.00141478015576, 0.00127582170535]
    },
    "spectral_contrast_valleys": {
        "mean": [-6.58349895477, -6.52032327652, -7.15653133392, -7.55676317215, -7.1977596283, -9.43740749359],
        "var": [1.39435839653, 1.32344150543, 1.04754018784, 0.948938250542, 0.900343120098, 0.991804659367]
    }
},
"metadata": {
    "audio_properties": {
        "analysis_sample_rate": 44100,
        "bit_rate": 109143,
        "equal_loudness": 0,
        "length": 45.0873451233,
        "lossless": 0,
        "replay_gain": -13.7437915802,
        "sample_rate": 44100,
        "codec": "mp3",
        "downmix": "mix",
        "md5_encoded": "33b029eb8fcee25e3cf22fbdfb89ab07"
    },
    "tags": {
        "file_name": "664.mp3"
    },
    "version": {
        "essentia": "2.1-beta2",
        "essentia_git_sha": "v2.1_beta2",
        "extractor": "music 1.0"
    }
},
"rhythm": {
    "beats_count": 107,
    "beats_loudness": {
        "mean": 0.0691033005714,
        "var": 0.00101898133289
    },
    "bpm": 144.59715271,
    "bpm_histogram_first_peak_bpm": {
        "mean": 144,
        "var": 0
    },
    "bpm_histogram_first_peak_spread": {
        "mean": 0.313131302595,
        "var": 0
    },
    "bpm_histogram_first_peak_weight": {
        "mean": 0.641509413719,
        "var": 0
    },
    "bpm_histogram_second_peak_bpm": {
        "mean": 136,
        "var": 0
    },
    "bpm_histogram_second_peak_spread": {
        "mean": 0.333333343267,
        "var": 0
    },
    "bpm_histogram_second_peak_weight": {
        "mean": 0.0377358496189,
        "var": 0
    },
    "danceability": 1.43186533451,
    "onset_rate": 4.16807413101,
    "beats_loudness_band_ratio": {
        "mean": [0.574721813202, 0.151991978288, 0.118093043566, 0.075216114521, 0.0454700738192, 0.0538274534047],
        "var": [0.0599372312427, 0.0181379970163, 0.00948397442698, 0.00386728276499, 0.00157707335893, 0.00229814252816]
    },
    "beats_position": [0.417959183455, 0.835918366909, 1.26548755169, 1.70666658878, 2.15945577621, 2.60063481331, 3.05342388153, 3.49460315704, 3.92417216301, 4.34213161469, 4.76009082794, 5.16644001007, 5.58439922333, 5.99074840546, 6.40870714188, 6.82666635513, 7.24462556839, 7.66258478165, 8.08054447174, 8.48689365387, 8.893242836, 9.31120204926, 9.72916126251, 10.1355104446, 10.5418596268, 10.95981884, 11.3777770996, 11.7957363129, 12.202085495, 12.6084346771, 13.0263938904, 13.4443531036, 13.8623123169, 14.2802715302, 14.6982307434, 15.1161899567, 15.5225391388, 15.9288883209, 16.3468475342, 16.7415866852, 17.1595458984, 17.5775051117, 17.995464325, 18.4134235382, 18.8313827515, 19.2493419647, 19.667301178, 20.0736503601, 20.4799995422, 20.8979587555, 21.3159179688, 21.7222671509, 22.128616333, 22.5465755463, 22.9645347595, 23.3824939728, 23.800453186, 24.2184123993, 24.6363716125, 25.0543308258, 25.4606800079, 25.8670291901, 26.2849884033, 26.6913375854, 27.0976867676, 27.5156459808, 27.9336051941, 28.3515644073, 28.7579135895, 29.1642627716, 29.5822219849, 29.988571167, 30.3949203491, 30.8128795624, 31.2308387756, 31.6487979889, 32.0667572021, 32.4847145081, 32.9026756287, 33.3206329346, 33.7385940552, 34.1449432373, 34.5512924194, 34.9692497253, 35.3872108459, 35.7935600281, 36.211517334, 36.6178665161, 37.0358276367, 37.4537849426, 37.8717460632, 38.2897033691, 38.7076644897, 39.1256217957, 39.5319709778, 39.9383201599, 40.3562812805, 40.7742385864, 41.192199707, 41.6101570129, 42.0281181335, 42.4460754395, 42.8640365601, 43.281993866, 43.6999549866, 44.129524231, 44.5707015991]
},
"tonal": {
    "chords_changes_rate": 0.0853909477592,
    "chords_number_rate": 0.00617283955216,
    "chords_strength": {
        "mean": 0.436003535986,
        "var": 0.00860949419439
    },
    "hpcp_entropy": {
        "mean": 1.9766985178,
        "var": 0.529684185982
    },
    "key_strength": 0.52041220665,
    "tuning_diatonic_strength": 0.465807646513,
    "tuning_equal_tempered_deviation": 0.066180601716,
    "tuning_frequency": 441.017791748,
    "tuning_nontempered_energy_ratio": 0.70292288065,
    "hpcp": {
        "mean": [0.0308718904853, 0.0311225112528, 0.0896499082446, 0.212880805135, 0.191381037235, 0.0927258506417, 0.0998621657491, 0.142971739173, 0.188672631979, 0.234996572137, 0.227776959538, 0.18676944077, 0.157460778952, 0.109973624349, 0.0779509991407, 0.0733697116375, 0.0987044498324, 0.256947398186, 0.414312183857, 0.295510858297, 0.125720590353, 0.095272809267, 0.0974821448326, 0.128893092275, 0.146758019924, 0.122538045049, 0.105788759887, 0.0903079509735, 0.0541651360691, 0.0353862121701, 0.0379667803645, 0.0384958572686, 0.0566153973341, 0.082605689764, 0.0653205290437, 0.0356921516359],
        "var": [0.00740778865293, 0.00624693231657, 0.0125454226509, 0.0519399009645, 0.0430619306862, 0.0257465057075, 0.0461085475981, 0.0725727900863, 0.085488460958, 0.108719296753, 0.110137403011, 0.085701726377, 0.0718348100781, 0.0493165850639, 0.0358416549861, 0.0281645637006, 0.0392567403615, 0.0855843871832, 0.162844479084, 0.0961510464549, 0.0432702824473, 0.0380601175129, 0.0330203436315, 0.0361036732793, 0.0436648130417, 0.0420672260225, 0.0285239052027, 0.0285734683275, 0.0164841674268, 0.0055589932017, 0.00692612538114, 0.00899707060307, 0.0159154161811, 0.0306808631867, 0.0208038520068, 0.00750156724826]
    },
    "chords_histogram": [62.3456802368, 0.205761313438, 0, 0, 0.617283940315, 0.514403283596, 2.36625504494, 1.64609050751, 0, 0, 0, 0, 0, 0, 0, 0, 0, 0, 0.925925910473, 21.707818985, 0.102880656719, 8.02469158173, 0, 1.54320991039],
    "thpcp": [1, 0.71325647831, 0.303444117308, 0.229954153299, 0.235286697745, 0.31110137701, 0.354220867157, 0.295762598515, 0.255335867405, 0.217970788479, 0.130735084414, 0.0854095369577, 0.0916380956769, 0.0929150953889, 0.136649131775, 0.19938030839, 0.15766017139, 0.0861479640007, 0.074513591826, 0.0751185044646, 0.21638250351, 0.513817369938, 0.461924701929, 0.223806723952, 0.241031199694, 0.345082163811, 0.455387592316, 0.567196846008, 0.549771308899, 0.450793981552, 0.380053460598, 0.26543661952, 0.188145563006, 0.17708799243, 0.238236904144, 0.620178222656],
    "chords_key": "G#",
    "chords_scale": "major",
    "key_key": "G#",
    "key_scale": "major"
}
}