{
"lowlevel": {
    "average_loudness": 0.978965163231,
    "barkbands_crest": {
        "mean": 11.2963018417,
        "var": 16.8799858093
    },
    "barkbands_flatness_db": {
        "mean": 0.197323575616,
        "var": 0.00796033721417
    },
    "barkbands_kurtosis": {
        "mean": 16.1399364471,
        "var": 1200.96643066
    },
    "barkbands_skewness": {
        "mean": 2.04334712029,
        "var": 5.62717056274
    },
    "barkbands_spread": {
        "mean": 18.4064216614,
        "var": 213.417556763
    },
    "dissonance": {
        "mean": 0.455155909061,
        "var": 0.00113215122838
    },
    "dynamic_complexity": 2.60233545303,
    "erbbands_crest": {
        "mean": 13.3354187012,
        "var": 33.6277122498
    },
    "erbbands_flatness_db": {
        "mean": 0.189781948924,
        "var": 0.00346150691621
    },
    "erbbands_kurtosis": {
        "mean": 3.40019011497,
        "var": 90.0348510742
    },
    "erbbands_skewness": {
        "mean": 0.502418875694,
        "var": 2.13941812515
    },
    "erbbands_spread": {
        "mean": 33.3952903748,
        "var": 709.258117676
    },
    "hfc": {
        "mean": 29.6718616486,
        "var": 749.891784668
    },
    "melbands_crest": {
        "mean": 17.1763210297,
        "var": 33.0493888855
    },
    "melbands_flatness_db": {
        "mean": 0.264501541853,
        "var": 0.0131989037618
    },
    "melbands_kurtosis": {
        "mean": 38.2774505615,
        "var": 5123.84130859
    },
    "melbands_skewness": {
        "mean": 3.31267499924,
        "var": 10.16294384
    },
    "melbands_spread": {
        "mean": 22.7682037354,
        "var": 494.874969482
    },
    "pitch_salience": {
        "mean": 0.453139722347,
        "var": 0.0163488108665
    },
    "silence_rate_20dB": {
        "mean": 1,
        "var": 0
    },
    "silence_rate_30dB": {
        "mean": 0.94902163744,
        "var": 0.0483803339303
    },
    "silence_rate_60dB": {
        "mean": 0.0164778586477,
        "var": 0.0162059571594
    },
    "spectral_centroid": {
        "mean": 1121.1361084,
        "var": 717827.125
    },
    "spectral_complexity": {
        "mean": 15.336766243,
        "var": 102.131713867
    },
    "spectral_decrease": {
        "mean": -1.0936789252e-008,
        "var": 7.68161209673e-017
    },
    "spectral_energy": {
        "mean": 0.0439692661166,
        "var": 0.00113508338109
    },
    "spectral_energyband_high": {
        "mean": 0.0013350492809,
        "var": 9.31550493988e-006
    },
    "spectral_energyband_low": {
        "mean": 0.0245215147734,
        "var": 0.00101417780388
    },
    "spectral_energyband_middle_high": {
        "mean": 0.00993460975587,
        "var": 9.37817530939e-005
    },
    "spectral_energyband_middle_low": {
        "mean": 0.0124078793451,
        "var": 0.000113671427243
    },
    "spectral_entropy": {
        "mean": 7.1624751091,
        "var": 0.485893249512
    },
    "spectral_flux": {
        "mean": 0.103603415191,
        "var": 0.00524746160954
    },
    "spectral_kurtosis": {
        "mean": 6.55370855331,
        "var": 64.8608551025
    },
    "spectral_rms": {
        "mean": 0.00615113740787,
        "var": 5.06030801262e-006
    },
    "spectral_rolloff": {
        "mean": 1258.83081055,
        "var": 2515929
    },
    "spectral_skewness": {
        "mean": 1.73980855942,
        "var": 0.680236876011
    },
    "spectral_spread": {
        "mean": 4380699.5,
        "var": 5.45623061299e+012
    },
    "spectral_strongpeak": {
        "mean": 1.85741508007,
        "var": 5.64460325241
    },
    "zerocrossingrate": {
        "mean": 0.0489374995232,
        "var": 0.0019347491907
    },
    "barkbands": {
        "mean": [0.000384612387279, 0.00816174969077, 0.011856415309, 0.00560982665047, 0.00163592351601, 0.00102771504316, 0.000955031602643, 0.00149500893895, 0.00146863085683, 0.000611452618614, 0.000832488585729, 0.00297367316671, 0.0026876074262, 0.000746690726373, 0.000489688536618, 0.000798884721007, 0.000218034736463, 0.000307162088575, 0.000267755618552, 0.000220993504627, 0.000438354356447, 0.000274531979812, 0.000170386090758, 0.000159713163157, 0.000107355779619, 6.69505243422e-005, 2.64475715994e-006],
        "var": [1.27658438487e-006, 0.000471355306217, 0.000160030511324, 5.10511672474e-005, 7.33857996238e-006, 2.3857467113e-006, 2.78431684819e-006, 1.47654000102e-005, 1.18370126074e-005, 2.29198417401e-006, 7.44275484976e-006, 3.09221504722e-005, 2.43014073931e-005, 4.49423714599e-006, 1.04211483176e-006, 1.9891986085e-006, 1.31677381887e-007, 2.62255156258e-007, 1.64066790376e-007, 8.74497629866e-008, 1.74055617208e-006, 4.42555972313e-007, 1.3573676938e-007, 1.52779037421e-007, 7.25132167645e-008, 3.69397987754e-008, 9.66539001612e-011]
    },
    "erbbands": {
        "mean": [0.192867189646, 2.08765125275, 11.1977138519, 20.2036838531, 9.50269508362, 4.35811901093, 5.78931760788, 9.3208656311, 15.0550613403, 14.700012207, 37.5349693298, 40.037776947, 23.2983608246, 18.5547046661, 40.5562171936, 138.840072632, 145.270233154, 51.7820091248, 25.5788116455, 45.5927047729, 24.886674881, 14.1645069122, 16.6183166504, 11.8088703156, 14.2069063187, 10.9914693832, 20.5131111145, 11.255944252, 9.22247600555, 8.16963481903, 4.88030767441, 3.66420984268, 2.18974208832, 1.29141998291, 0.778301954269, 0.377347201109, 0.108563356102, 0.0122558642179, 0.000334685173584, 6.35378892184e-005],
        "var": [0.42127430439, 24.0904979706, 164.700897217, 534.811889648, 130.596801758, 77.1512832642, 92.2384338379, 205.590927124, 680.260803223, 976.619140625, 9263.734375, 8407.15234375, 3430.57421875, 2045.26586914, 11579.9892578, 54492.8554688, 59075.7460938, 17247.5039063, 2791.7043457, 5060.73046875, 1441.19995117, 400.071929932, 684.458068848, 245.701217651, 576.515441895, 227.724441528, 4281.47851563, 774.782104492, 515.168762207, 388.51763916, 126.628715515, 74.628036499, 28.6023769379, 11.3188238144, 4.13859272003, 1.15418720245, 0.098260819912, 0.00135377654806, 9.64042556006e-007, 2.87158630208e-009]
    },
    "gfcc": {
        "mean": [-16.1158752441, 106.999664307, -113.034828186, 42.3871383667, -45.5399894714, 26.0979061127, -28.6532745361, 0.188671857119, -23.5256843567, -0.93531191349, -14.954246521, -10.6201562881, -16.8274688721],
        "cov": [[10638.7246094, -2604.8112793, -1894.56970215, -284.810058594, -975.269104004, 399.263244629, -500.588012695, 288.116851807, -440.847045898, 566.267578125, -404.614990234, 379.383270264, -474.85067749], [-2604.8112793, 2623.85009766, -227.399856567, -220.016601563, 714.109558105, -213.022964478, 315.785491943, -270.675842285, 295.039672852, -369.945617676, 401.988250732, -298.827545166, 277.424407959], [-1894.56970215, -227.399856567, 2073.38525391, 487.024688721, -58.0831336975, -45.6140213013, -41.6610565186, 99.4005126953, -97.7889862061, -53.8975791931, -186.816696167, 41.2158584595, -7.61580657959], [-284.810058594, -220.016601563, 487.024688721, 459.162109375, 15.0131664276, 23.2621459961, 7.7296204567, 22.2125053406, -30.7719497681, -30.3705749512, -33.0837211609, 2.14938378334, 35.7760696411], [-975.269104004, 714.109558105, -58.0831336975, 15.0131664276, 446.346130371, 47.7621231079, 116.945159912, -112.332962036, 81.7593078613, -111.53086853, 132.600280762, -84.7057952881, 72.526763916], [399.263244629, -213.022964478, -45.6140213013, 23.2621459961, 47.7621231079, 192.439743042, 13.3726139069, 10.8066234589, -39.3591117859, 38.2526779175, -35.7262573242, 26.0427494049, -34.4157676697], [-500.588012695, 315.785491943, -41.6610565186, 7.7296204567, 116.945159912, 13.3726139069, 159.618804932, 10.0638618469, 68.4600906372, -62.5256729126, 52.7364311218, -63.1671791077, 50.1345062256], [288.116851807, -270.675842285, 99.4005126953, 22.2125053406, -112.332962036, 10.8066234589, 10.0638618469, 156.326461792, 22.025554657, 30.8159446716, -82.7580566406, 12.0190696716, -25.7539710999], [-440.847045898, 295.039672852, -97.7889862061, -30.7719497681, 81.7593078613, -39.3591117859, 68.4600906372, 22.025554657, 140.980300903, -22.614397049, 39.929599762, -70.5765075684, 43.5301361084], [566.267578125, -369.945617676, -53.8975791931, -30.3705749512, -111.53086853, 38.2526779175, -62.5256729126, 30.8159446716, -22.614397049, 133.386749268, -12.7233810425, 70.1220550537, -47.9483108521], [-404.614990234, 401.988250732, -186.816696167, -33.0837211609, 132.600280762, -35.7262573242, 52.7364311218, -82.7580566406, 39.929599762, -12.7233810425, 192.104614258, 16.3712291718, 64.6227416992], [379.383270264, -298.827545166, 41.2158584595, 2.14938378334, -84.7057952881, 26.0427494049, -63.1671791077, 12.0190696716, -70.5765075684, 70.1220550537, 16.3712291718, 140.872146606, -8.16729068756], [-474.85067749, 277.424407959, -7.61580657959, 35.7760696411, 72.526763916, -34.4157676697, 50.1345062256, -25.7539710999, 43.5301361084, -47.9483108521, 64.6227416992, -8.16729068756, 113.451438904]],
        "icov": [[0.000304495741148, -0.000352664763341, 0.000482174393255, -0.000457717018435, 0.000320351769915, -0.000253434875049, 0.000277416664176, -0.000570530828554, 0.000824664253742, -0.000887287897058, 0.000787572120316, -0.000491341226734, 0.000604379922152], [-0.000352664763341, 0.00302887754515, -0.00112310249824, 0.00236472068354, -0.00155116419774, 0.000708188978024, -9.93587600533e-005, 0.00142496719491, -0.00229226751253, 0.00462990393862, -0.00461204536259, 0.00338001665659, -0.00242324266583], [0.000482174393255, -0.00112310249824, 0.00168110302184, -0.00188380724285, 0.000307958835037, 0.000316297257086, 0.000100040670077, -0.00125083490275, 0.00194603879936, -0.00215445156209, 0.00309148407541, -0.00209223479033, 0.00147353135981], [-0.000457717018435, 0.00236472068354, -0.00188380724285, 0.00519089493901, -0.00121095287614, -0.000297019520076, 0.000217561042518, 0.000693880254403, -0.00118564651348, 0.00393098639324, -0.00435613421723, 0.00381862116046, -0.00384375196882], [0.000320351769915, -0.00155116419774, 0.000307958835037, -0.00121095287614, 0.00698446203023, -0.00448037497699, 0.000248745374847, 0.00182952650357, -0.00203432934359, 0.00178420683369, -0.000994548550807, -0.000914063595701, 0.00205302634276], [-0.000253434875049, 0.000708188978024, 0.000316297257086, -0.000297019520076, -0.00448037497699, 0.0104177212343, -0.00458233850077, 0.000546235591173, 0.00286726118065, -0.00410247826949, 0.00392664689571, -0.00158419390209, 0.000311110576149], [0.000277416664176, -9.93587600533e-005, 0.000100040670077, 0.000217561042518, 0.000248745374847, -0.00458233850077, 0.0144916400313, -0.00570602435619, -0.000895479926839, 0.00415213406086, -0.00577453523874, 0.00502170715481, -0.00215692888014], [-0.000570530828554, 0.00142496719491, -0.00125083490275, 0.000693880254403, 0.00182952650357, 0.000546235591173, -0.00570602435619, 0.0156592614949, -0.00919887237251, 0.00247496319935, 0.00401059864089, -0.00423635123298, 0.000883209344465], [0.000824664253742, -0.00229226751253, 0.00194603879936, -0.00118564651348, -0.00203432934359, 0.00286726118065, -0.000895479926839, -0.00919887237251, 0.0217804536223, -0.0113503355533, 0.00176835607272, 0.00714244646952, -0.00360776484013], [-0.000887287897058, 0.00462990393862, -0.00215445156209, 0.00393098639324, 0.00178420683369, -0.00410247826949, 0.00415213406086, 0.00247496319935, -0.0113503355533, 0.0264366772026, -0.011477433145, -0.00113845511805, 0.00190603337251], [0.000787572120316, -0.00461204536259, 0.00309148407541, -0.00435613421723, -0.000994548550807, 0.00392664689571, -0.00577453523874, 0.00401059864089, 0.00176835607272, -0.011477433145, 0.0228045843542, -0.0129333212972, 0.00199468247592], [-0.000491341226734, 0.00338001665659, -0.00209223479033, 0.00381862116046, -0.000914063595701, -0.00158419390209, 0.00502170715481, -0.00423635123298, 0.00714244646952, -0.00113845511805, -0.0129333212972, 0.0236343480647, -0.00889663770795], [0.000604379922152, -0.00242324266583, 0.00147353135981, -0.00384375196882, 0.00205302634276, 0.000311110576149, -0.00215692888014, 0.000883209344465, -0.00360776484013, 0.00190603337251, 0.00199468247592, -0.00889663770795, 0.0189293157309]]
    },
    "melbands": {
        "mean": [0.00198566028848, 0.00493683898821, 0.00316505855881, 0.000439475959865, 0.000190961742192, 0.000214995481656, 0.000214370636968, 0.000187623867532, 0.000294210447464, 0.000240194596699, 0.000108955231553, 6.95087655913e-005, 0.000126626662677, 0.000201861650567, 0.00048682000488, 0.00022257285309, 7.89187688497e-005, 3.85395542253e-005, 4.18704184995e-005, 7.42117626942e-005, 1.87026562344e-005, 1.25388851302e-005, 1.96161763597e-005, 1.10529044832e-005, 9.15466534934e-006, 1.04157088572e-005, 9.23620791582e-006, 6.59481884213e-006, 1.14727399705e-005, 1.19866117529e-005, 4.76634613733e-006, 5.1483561947e-006, 5.59341287953e-006, 3.92671563532e-006, 2.77923709291e-006, 2.6408335998e-006, 2.07253197004e-006, 1.49452296228e-006, 1.43741112879e-006, 9.66401671576e-007],
        "var": [3.51001363015e-005, 3.96947289119e-005, 1.14198273877e-005, 5.01382544371e-007, 9.83131513976e-008, 9.88387895973e-008, 1.32274422526e-007, 1.70741088823e-007, 5.2046317478e-007, 3.48880291767e-007, 8.74836629805e-008, 3.21779864976e-008, 1.70556347712e-007, 1.29194418719e-007, 6.31016973784e-007, 2.37861158325e-007, 5.56136967589e-008, 7.74568409412e-009, 5.54112622453e-009, 1.91020816942e-008, 1.15616916041e-009, 3.7291927879e-010, 1.79306447468e-009, 2.4499224871e-010, 1.80941622796e-010, 2.6661889363e-010, 2.86391382831e-010, 8.49145545545e-011, 1.29958377393e-009, 1.45721434919e-009, 1.00098568323e-010, 1.76263420526e-010, 2.27831184474e-010, 7.87087131582e-011, 4.06868878866e-011, 4.33027294577e-011, 2.35645895158e-011, 1.16045818788e-011, 2.05672198023e-011, 6.00629008335e-012]
    },
    "mfcc": {
        "mean": [-659.20892334, 128.416702271, 4.29461288452, 27.8049945831, 9.73387336731, 22.6777954102, 8.51227855682, 5.44774723053, -0.890683054924, 3.61666536331, 1.28894710541, 3.54202508926, -0.169543206692],
        "cov": [[9316.43261719, -2424.39697266, -1465.95996094, -818.291625977, -760.107788086, -162.507766724, -306.65802002, -226.424835205, -158.254943848, -67.1659698486, 93.2782669067, 196.334365845, -2.68921637535], [-2424.39697266, 2379.28051758, -406.498718262, 2.52838802338, 293.914550781, 62.6006774902, 163.525054932, 78.6726303101, -11.6986665726, 24.7474193573, -10.8313941956, -14.2808084488, 70.8347167969], [-1465.95996094, -406.498718262, 1537.08435059, 417.807861328, 137.304855347, -21.686252594, 15.4436445236, 58.1848907471, 105.502487183, -4.52499198914, -81.664642334, -86.9622955322, -54.5164337158], [-818.291625977, 2.52838802338, 417.807861328, 400.047973633, 140.80116272, 27.2647399902, 51.8420829773, 43.9564094543, 21.9109745026, -5.91939592361, -30.186164856, -36.218296051, -17.8342838287], [-760.107788086, 293.914550781, 137.304855347, 140.80116272, 254.30632019, 105.829345703, 76.0500869751, 37.4902954102, 0.289230406284, -9.40291118622, -2.94992184639, -18.2843551636, -5.01824235916], [-162.507766724, 62.6006774902, -21.686252594, 27.2647399902, 105.829345703, 182.573883057, 81.0178375244, 14.1655988693, -10.5222320557, -8.97986316681, 3.31275248528, 3.36277294159, -5.45014572144], [-306.65802002, 163.525054932, 15.4436445236, 51.8420829773, 76.0500869751, 81.0178375244, 127.08417511, 50.7467041016, 0.39977195859, -0.776701748371, -9.4867181778, -5.1809926033, 9.4243106842], [-226.424835205, 78.6726303101, 58.1848907471, 43.9564094543, 37.4902954102, 14.1655988693, 50.7467041016, 100.549926758, 50.0360603333, 27.3074512482, 11.0300750732, -15.503320694, -19.9836196899], [-158.254943848, -11.6986665726, 105.502487183, 21.9109745026, 0.289230406284, -10.5222320557, 0.39977195859, 50.0360603333, 118.188217163, 69.8608016968, 14.5580148697, -20.5684909821, -36.1261062622], [-67.1659698486, 24.7474193573, -4.52499198914, -5.91939592361, -9.40291118622, -8.97986316681, -0.776701748371, 27.3074512482, 69.8608016968, 104.281646729, 38.2379264832, -8.75666618347, -33.7359237671], [93.2782669067, -10.8313941956, -81.664642334, -30.186164856, -2.94992184639, 3.31275248528, -9.4867181778, 11.0300750732, 14.5580148697, 38.2379264832, 83.383354187, 35.0896186829, -13.0849781036], [196.334365845, -14.2808084488, -86.9622955322, -36.218296051, -18.2843551636, 3.36277294159, -5.1809926033, -15.503320694, -20.5684909821, -8.75666618347, 35.0896186829, 78.9662246704, 38.2986717224], [-2.68921637535, 70.8347167969, -54.5164337158, -17.8342838287, -5.01824235916, -5.45014572144, 9.4243106842, -19.9836196899, -36.1261062622, -33.7359237671, -13.0849781036, 38.2986717224, 98.5803833008]],
        "icov": [[0.000254471960943, 0.000269106065389, 0.000240507069975, 0.000191842249478, 0.000176855231985, 3.45417429344e-005, 3.62996543117e-005, -4.26838341809e-005, 7.52375126467e-005, 5.56393315492e-005, 0.000214476051042, -0.000362241786206, 0.000195888816961], [0.000269106065389, 0.000919944024645, 0.000496702850796, 0.000365219835658, -0.0008378198836, 0.000645113235805, -0.000545974064153, -0.000156110501848, 9.37437289394e-005, -0.000335393327987, 0.000534112914465, -0.000217407068703, -0.000224425835768], [0.000240507069975, 0.000496702850796, 0.00136510492302, -0.000711530796252, -0.000392258749343, 0.000487370241899, 1.39894445965e-005, 5.6807515648e-005, -0.00104286777787, 0.00048111518845, 0.000919015961699, -0.000188651902135, 0.00027076061815], [0.000191842249478, 0.000365219835658, -0.000711530796252, 0.00446584448218, -0.00196878658608, 0.000889323709998, -0.000866821443196, -0.00061538699083, 0.000584346591495, -0.000273585988907, 0.000820397573989, -0.000249874778092, 0.000390793313272], [0.000176855231985, -0.0008378198836, -0.000392258749343, -0.00196878658608, 0.008699006401, -0.00419683428481, 6.20189481992e-008, -0.000660814694129, 0.000422412966145, 0.00137174758129, -0.00214802240953, 0.00139918888453, -9.38968805713e-005], [3.45417429344e-005, 0.000645113235805, 0.000487370241899, 0.000889323709998, -0.00419683428481, 0.0104527743533, -0.0066061578691, 0.0026905729901, -0.000741590105463, 0.000813546241261, -0.000190898805158, -0.00134013686329, 0.00201098248363], [3.62996543117e-005, -0.000545974064153, 1.39894445965e-005, -0.000866821443196, 6.20189481992e-008, -0.0066061578691, 0.0171135105193, -0.00879121758044, 0.00333555648103, -0.00231590657495, 0.00328440614976, -0.000546867784578, -0.00246094027534], [-4.26838341809e-005, -0.000156110501848, 5.6807515648e-005, -0.00061538699083, -0.000660814694129, 0.0026905729901, -0.00879121758044, 0.0188294965774, -0.00797728542238, 0.00270855915733, -0.00430536875501, 0.00217096623965, 0.0013922896469], [7.52375126467e-005, 9.37437289394e-005, -0.00104286777787, 0.000584346591495, 0.000422412966145, -0.000741590105463, 0.00333555648103, -0.00797728542238, 0.0195582173765, -0.0116961682215, 0.00286196707748, -0.000312358199153, 0.00117417355068], [5.56393315492e-005, -0.000335393327987, 0.00048111518845, -0.000273585988907, 0.00137174758129, 0.000813546241261, -0.00231590657495, 0.00270855915733, -0.0116961682215, 0.0212455037981, -0.0091850431636, 0.00338961277157, 0.001792677911], [0.000214476051042, 0.000534112914465, 0.000919015961699, 0.000820397573989, -0.00214802240953, -0.000190898805158, 0.00328440614976, -0.00430536875501, 0.00286196707748, -0.0091850431636, 0.024335404858, -0.0139313889667, 0.00552010023966], [-0.000362241786206, -0.000217407068703, -0.000188651902135, -0.000249874778092, 0.00139918888453, -0.00134013686329, -0.000546867784578, 0.00217096623965, -0.000312358199153, 0.00338961277157, -0.0139313889667, 0.0253987405449, -0.0101848104969], [0.000195888816961, -0.000224425835768, 0.00027076061815, 0.000390793313272, -9.38968805713e-005, 0.00201098248363, -0.00246094027534, 0.0013922896469, 0.00117417355068, 0.001792677911, 0.00552010023966, -0.0101848104969, 0.0168882478029]]
    },
    "spectral_contrast_coeffs": {
        "mean": [-0.587761819363, -0.722926080227, -0.746796488762, -0.735819637775, -0.783482849598, -0.735248267651],
        "var": [0.00609959103167, 0.0080288304016, 0.00901318248361, 0.0123946880922, 0.0045160939917, 0.00296495691873]
    },
    "spectral_contrast_valleys": {
        "mean": [-7.25882816315, -7.13433074951, -7.73712825775, -7.90020704269, -7.96422624588, -10.7145347595],
        "var": [1.29249608517, 1.39879441261, 1.46613812447, 1.56635987759, 1.62264990807, 2.1795706749]
    }
},
"metadata": {
    "audio_properties": {
        "analysis_sample_rate": 44100,
        "bit_rate": 109972,
        "equal_loudness": 0,
        "length": 45.0612258911,
        "lossless": 0,
        "replay_gain": -5.85799407959,
        "sample_rate": 44100,
        "codec": "mp3",
        "downmix": "mix",
        "md5_encoded": "604f55566edddcb56d4fded54d08e55e"
    },
    "tags": {
        "file_name": "666.mp3"
    },
    "version": {
        "essentia": "2.1-beta2",
        "essentia_git_sha": "v2.1_beta2",
        "extractor": "music 1.0"
    }
},
"rhythm": {
    "beats_count": 108,
    "beats_loudness": {
        "mean": 0.0563041381538,
        "var": 0.000399428972742
    },
    "bpm": 144.561706543,
    "bpm_histogram_first_peak_bpm": {
        "mean": 144,
        "var": 0
    },
    "bpm_histogram_first_peak_spread": {
        "mean": 0.336448609829,
        "var": 0
    },
    "bpm_histogram_first_peak_weight": {
        "mean": 0.663551390171,
        "var": 0
    },
    "bpm_histogram_second_peak_bpm": {
        "mean": 0,
        "var": 0
    },
    "bpm_histogram_second_peak_spread": {
        "mean": 0,
        "var": 0
    },
    "bpm_histogram_second_peak_weight": {
        "mean": 0,
        "var": 0
    },
    "danceability": 1.28954660892,
    "onset_rate": 4.32549524307,
    "beats_loudness_band_ratio": {
        "mean": [0.637228488922, 0.07247158885, 0.0910423919559, 0.136834040284, 0.0434083379805, 0.0444227419794],
        "var": [0.0588008649647, 0.00452220439911, 0.0101252300665, 0.0181061215699, 0.00192792643793, 0.00116149231326]
    },
    "beats_position": [0.441179126501, 0.859138309956, 1.27709746361, 1.69505667686, 2.10140585899, 2.51936507225, 2.92571425438, 3.34367346764, 3.76163268089, 4.17959165573, 4.59755086899, 5.01551008224, 5.42185926437, 5.83981847763, 6.24616765976, 6.66412687302, 7.07047605515, 7.47682523727, 7.89478445053, 8.31274318695, 8.73070240021, 9.14866161346, 9.55501079559, 9.96135997772, 10.379319191, 10.7972784042, 11.2152376175, 11.6331968307, 12.051156044, 12.4575052261, 12.8638544083, 13.2818136215, 13.6997728348, 14.117732048, 14.5356912613, 14.9536504745, 15.3716096878, 15.7895689011, 16.1959171295, 16.602268219, 17.0202255249, 17.4381847382, 17.8561439514, 18.2741031647, 18.6804523468, 19.0868015289, 19.5047607422, 19.9343299866, 20.363899231, 20.7818584442, 21.1998176575, 21.6177768707, 22.035736084, 22.4653053284, 22.8716545105, 23.2896137238, 23.6959629059, 24.1139221191, 24.5318813324, 24.9614505768, 25.37940979, 25.7973690033, 26.2153282166, 26.6332874298, 27.0396366119, 27.4459857941, 27.8639450073, 28.2819042206, 28.6998634338, 29.1178226471, 29.5357818604, 29.9537410736, 30.3717002869, 30.778049469, 31.1960086823, 31.6023578644, 32.0087051392, 32.4266662598, 32.8330154419, 33.2509727478, 33.6689338684, 34.0868911743, 34.5048522949, 34.9228096008, 35.3407707214, 35.7471199036, 36.1534690857, 36.5598182678, 36.96616745, 37.3841247559, 37.8020858765, 38.2200431824, 38.638004303, 39.0559616089, 39.462310791, 39.8686599731, 40.2866210938, 40.7045783997, 41.1225395203, 41.5288887024, 41.9468460083, 42.3648071289, 42.771156311, 43.1775054932, 43.5954627991, 44.0134239197, 44.4429931641, 44.86095047]
},
"tonal": {
    "chords_changes_rate": 0.0668724253774,
    "chords_number_rate": 0.0102880662307,
    "chords_strength": {
        "mean": 0.526163816452,
        "var": 0.00631340965629
    },
    "hpcp_entropy": {
        "mean": 2.08930635452,
        "var": 0.448971241713
    },
    "key_strength": 0.558596134186,
    "tuning_diatonic_strength": 0.491532206535,
    "tuning_equal_tempered_deviation": 0.274311065674,
    "tuning_frequency": 434.193115234,
    "tuning_nontempered_energy_ratio": 0.917992174625,
    "hpcp": {
        "mean": [0.146694138646, 0.0649706274271, 0.0533580370247, 0.0616688095033, 0.06664378196, 0.0736919790506, 0.0907572060823, 0.128185972571, 0.166252091527, 0.150951728225, 0.106952399015, 0.0898948609829, 0.122851215303, 0.233725637197, 0.258145332336, 0.176283955574, 0.137259215117, 0.130727514625, 0.134416595101, 0.125127956271, 0.104328088462, 0.0806445479393, 0.0938596874475, 0.190256595612, 0.230925679207, 0.149877712131, 0.0820498466492, 0.0670611038804, 0.0683721527457, 0.0685189589858, 0.0703902095556, 0.0689732134342, 0.0706916078925, 0.088122010231, 0.194170370698, 0.249434322119],
        "var": [0.0562015734613, 0.0265835914761, 0.0225837025791, 0.0274885520339, 0.0282135289162, 0.0305658597499, 0.044566180557, 0.0601574964821, 0.0781713351607, 0.063084885478, 0.0460276268423, 0.0390199124813, 0.047922603786, 0.100202180445, 0.112899981439, 0.0653793811798, 0.0580613911152, 0.0489963851869, 0.0603169649839, 0.0570818521082, 0.0469959639013, 0.0317939855158, 0.0328228063881, 0.0882275998592, 0.105589009821, 0.0512087084353, 0.0254953186959, 0.0245057493448, 0.0294311717153, 0.0277580544353, 0.0283748302609, 0.0272005051374, 0.0262277312577, 0.0292958542705, 0.0810890197754, 0.129040375352]
    },
    "chords_histogram": [39.8148155212, 3.80658435822, 7.61316871643, 0, 0, 0, 0, 16.2551441193, 1.23456788063, 5.65843629837, 0, 0, 1.13168728352, 0.514403283596, 8.53909492493, 0.925925910473, 0, 0, 0, 11.6255140305, 0, 0, 2.36625504494, 0.514403283596],
    "thpcp": [1, 0.682886481285, 0.531712949276, 0.50641053915, 0.520701229572, 0.48471903801, 0.404144793749, 0.312399804592, 0.363592416048, 0.73701351881, 0.894556879997, 0.580594301224, 0.317843616009, 0.259780436754, 0.264859139919, 0.265427857637, 0.272676676512, 0.267187535763, 0.273844212294, 0.341365873814, 0.75217461586, 0.966255426407, 0.568261802197, 0.251682370901, 0.206697657704, 0.23889182508, 0.258163809776, 0.285467028618, 0.351574063301, 0.496565133333, 0.644025146961, 0.584754824638, 0.41431081295, 0.348233520985, 0.475899428129, 0.905403316021],
    "chords_key": "C#",
    "chords_scale": "minor",
    "key_key": "C#",
    "key_scale": "minor"
}
}