{
"lowlevel": {
    "average_loudness": 0.766123592854,
    "barkbands_crest": {
        "mean": 12.6592264175,
        "var": 17.0953464508
    },
    "barkbands_flatness_db": {
        "mean": 0.237438559532,
        "var": 0.00452377554029
    },
    "barkbands_kurtosis": {
        "mean": 12.9688138962,
        "var": 276.828765869
    },
    "barkbands_skewness": {
        "mean": 2.49329161644,
        "var": 2.23154759407
    },
    "barkbands_spread": {
        "mean": 10.0404405594,
        "var": 73.1314086914
    },
    "dissonance": {
        "mean": 0.425915360451,
        "var": 0.0017501686234
    },
    "dynamic_complexity": 4.45489931107,
    "erbbands_crest": {
        "mean": 11.5383892059,
        "var": 23.412935257
    },
    "erbbands_flatness_db": {
        "mean": 0.209905996919,
        "var": 0.00218148436397
    },
    "erbbands_kurtosis": {
        "mean": 1.97321403027,
        "var": 27.5958213806
    },
    "erbbands_skewness": {
        "mean": 0.982616007328,
        "var": 1.10537385941
    },
    "erbbands_spread": {
        "mean": 33.4570045471,
        "var": 346.627258301
    },
    "hfc": {
        "mean": 9.54977321625,
        "var": 142.365966797
    },
    "melbands_crest": {
        "mean": 16.6020851135,
        "var": 34.8465843201
    },
    "melbands_flatness_db": {
        "mean": 0.310491085052,
        "var": 0.00711135147139
    },
    "melbands_kurtosis": {
        "mean": 26.7941455841,
        "var": 1159.359375
    },
    "melbands_skewness": {
        "mean": 3.38463187218,
        "var": 3.95960760117
    },
    "melbands_spread": {
        "mean": 10.6115779877,
        "var": 176.018707275
    },
    "pitch_salience": {
        "mean": 0.473129242659,
        "var": 0.0151644386351
    },
    "silence_rate_20dB": {
        "mean": 0.998970687389,
        "var": 0.00102827860974
    },
    "silence_rate_30dB": {
        "mean": 0.973237276077,
        "var": 0.0260465852916
    },
    "silence_rate_60dB": {
        "mean": 0.1487390697,
        "var": 0.126616969705
    },
    "spectral_centroid": {
        "mean": 754.295959473,
        "var": 409216.4375
    },
    "spectral_complexity": {
        "mean": 9.74060726166,
        "var": 35.1020240784
    },
    "spectral_decrease": {
        "mean": -6.59683152548e-009,
        "var": 8.01489970914e-017
    },
    "spectral_energy": {
        "mean": 0.0257641486824,
        "var": 0.00119150965475
    },
    "spectral_energyband_high": {
        "mean": 0.000125655380543,
        "var": 6.02905103619e-008
    },
    "spectral_energyband_low": {
        "mean": 0.0121083920822,
        "var": 0.000737696245778
    },
    "spectral_energyband_middle_high": {
        "mean": 0.00222495384514,
        "var": 2.53651433013e-005
    },
    "spectral_energyband_middle_low": {
        "mean": 0.0118498690426,
        "var": 0.000219524561544
    },
    "spectral_entropy": {
        "mean": 6.5947303772,
        "var": 0.361030727625
    },
    "spectral_flux": {
        "mean": 0.0611108578742,
        "var": 0.00187209341675
    },
    "spectral_kurtosis": {
        "mean": 9.74073886871,
        "var": 80.3705062866
    },
    "spectral_rms": {
        "mean": 0.00427073379979,
        "var": 6.89659964337e-006
    },
    "spectral_rolloff": {
        "mean": 683.322509766,
        "var": 1385080.125
    },
    "spectral_skewness": {
        "mean": 2.18201160431,
        "var": 0.797160625458
    },
    "spectral_spread": {
        "mean": 3438735.25,
        "var": 4.10962545869e+012
    },
    "spectral_strongpeak": {
        "mean": 0.818132758141,
        "var": 0.928746700287
    },
    "zerocrossingrate": {
        "mean": 0.0306611973792,
        "var": 0.00116317428183
    },
    "barkbands": {
        "mean": [4.8894739848e-006, 0.00526472833008, 0.00640105083585, 0.00110906176269, 0.00437620421872, 0.00181531382259, 0.0023694592528, 0.000828366959468, 0.00117395166308, 0.00047307490604, 0.000252617464866, 0.000285679008812, 0.000276664854027, 0.000246722163865, 0.000207950855838, 0.000182513147593, 0.000147539845784, 0.000117812072858, 7.55075379857e-005, 7.58979804232e-005, 3.62341052096e-005, 1.01124733192e-005, 9.80213826551e-006, 1.37909846671e-005, 7.48222828406e-006, 1.69237773662e-006, 6.19693452109e-008],
        "var": [2.20608434298e-010, 0.000211461039726, 0.000227457698202, 4.19027719545e-006, 4.63607502752e-005, 8.87676833372e-006, 5.96361933276e-005, 5.8386699493e-006, 1.89304337255e-005, 6.71856469125e-006, 1.4619375861e-006, 8.2147272451e-007, 1.25351630231e-006, 7.69442749515e-007, 3.97864511115e-007, 2.06925960811e-007, 8.6301682245e-008, 3.51463071979e-008, 2.66919499836e-008, 3.1250547039e-008, 8.14871992105e-009, 7.91713694603e-010, 8.29074753295e-010, 2.06395633917e-009, 1.07556819007e-009, 3.73312700197e-011, 9.75434536203e-014]
    },
    "erbbands": {
        "mean": [0.0583045855165, 1.58620047569, 7.71656274796, 4.35021543503, 11.8599853516, 13.6402368546, 12.7154302597, 13.6909923553, 30.432138443, 28.5997238159, 18.283821106, 22.4682426453, 25.7006168365, 10.0025987625, 11.4986457825, 10.2833890915, 12.9327573776, 13.2100868225, 10.3726663589, 10.5496244431, 10.4234132767, 8.56212806702, 6.99137878418, 5.67499685287, 2.69443392754, 3.36258983612, 2.77266716957, 0.726345956326, 0.384043008089, 0.315171927214, 0.26926907897, 0.232860207558, 0.256185024977, 0.121280111372, 0.0350799448788, 0.00941803865135, 0.00297581311315, 0.000378158554668, 2.19754947466e-005, 2.92799304589e-005],
        "var": [0.0348254330456, 17.8340892792, 373.417633057, 34.8306503296, 501.607299805, 457.275848389, 378.631591797, 526.538391113, 5814.07910156, 13730.1181641, 2010.70678711, 5309.68994141, 13821.7490234, 949.545959473, 3394.13208008, 620.507019043, 2566.47631836, 1901.20849609, 1011.50109863, 615.522705078, 647.015686035, 273.250274658, 118.005302429, 111.493682861, 28.2947044373, 55.4367294312, 51.3872184753, 3.74530053139, 1.08619272709, 0.762761056423, 0.575786054134, 0.363402932882, 1.06222009659, 0.265648365021, 0.024648539722, 0.00135416409466, 0.000113549904199, 1.85844760381e-006, 2.25320051506e-009, 1.46426892833e-009]
    },
    "gfcc": {
        "mean": [-97.8856964111, 141.10836792, -108.270256042, 39.6642150879, -51.5191040039, -4.99781608582, -42.6122932434, 1.04362297058, -23.534488678, -9.62939453125, -5.6940574646, -11.9741668701, -6.4001994133],
        "cov": [[11775.3701172, -616.582885742, -1481.79675293, -109.761451721, -220.114929199, 440.255981445, -172.330688477, 400.2550354, 5.38394355774, 144.914245605, -310.276733398, -142.842773438, -122.466590881], [-616.582885742, 1191.15563965, -43.4337806702, -120.99596405, 214.117080688, -135.791976929, 233.261779785, -119.710334778, 87.7967453003, -128.955886841, 159.191009521, -135.119918823, 87.000831604], [-1481.79675293, -43.4337806702, 1185.01452637, 308.802398682, 130.8175354, 136.272354126, 15.7109527588, -61.0981025696, -25.1865177155, 83.4762573242, 44.9489822388, 151.136138916, -84.4041290283], [-109.761451721, -120.99596405, 308.802398682, 501.15335083, 130.840545654, 36.2124900818, 28.4905815125, 66.1898498535, 92.1868133545, -4.07525444031, 10.0851831436, 90.447845459, 33.8933029175], [-220.114929199, 214.117080688, 130.8175354, 130.840545654, 285.000610352, 39.9595527649, 114.979263306, 32.6924285889, 40.0321617126, -10.4422416687, 18.8136692047, 21.9370269775, 10.7424144745], [440.255981445, -135.791976929, 136.272354126, 36.2124900818, 39.9595527649, 296.202209473, 96.7212600708, 7.71937084198, -22.3698825836, 64.8612365723, 0.905936837196, -16.7125892639, -54.1455726624], [-172.330688477, 233.261779785, 15.7109527588, 28.4905815125, 114.979263306, 96.7212600708, 282.332061768, 2.27572083473, 2.03608441353, -5.64371824265, 39.1498374939, -38.7227783203, 9.83516597748], [400.2550354, -119.710334778, -61.0981025696, 66.1898498535, 32.6924285889, 7.71937084198, 2.27572083473, 184.216445923, 91.3765182495, 13.2682056427, -20.5162734985, 22.1160793304, 21.857717514], [5.38394355774, 87.7967453003, -25.1865177155, 92.1868133545, 40.0321617126, -22.3698825836, 2.03608441353, 91.3765182495, 227.735870361, 11.2725133896, 38.8922920227, -3.35706114769, 51.8119773865], [144.914245605, -128.955886841, 83.4762573242, -4.07525444031, -10.4422416687, 64.8612365723, -5.64371824265, 13.2682056427, 11.2725133896, 143.901535034, 25.6387882233, 21.8593177795, -48.583278656], [-310.276733398, 159.191009521, 44.9489822388, 10.0851831436, 18.8136692047, 0.905936837196, 39.1498374939, -20.5162734985, 38.8922920227, 25.6387882233, 143.777130127, 12.3249073029, 8.82747173309], [-142.842773438, -135.119918823, 151.136138916, 90.447845459, 21.9370269775, -16.7125892639, -38.7227783203, 22.1160793304, -3.35706114769, 21.8593177795, 12.3249073029, 151.570846558, 8.76029872894], [-122.466590881, 87.000831604, -84.4041290283, 33.8933029175, 10.7424144745, -54.1455726624, 9.83516597748, 21.857717514, 51.8119773865, -48.583278656, 8.82747173309, 8.76029872894, 130.699859619]],
        "icov": [[0.000161164673045, -0.000250460958341, 0.000308405928081, -0.000223466689931, 0.000211357255466, -0.000485675031086, 0.000298606551951, -0.000377233489417, 0.00017683779879, -0.000272464094451, 0.000389404624002, -0.000199113215785, 0.000212553029996], [-0.000250460958341, 0.00317728309892, -0.00090220302809, 0.00153149431571, -0.00232054409571, 0.00233337329701, -0.0019592884928, 0.00223560980521, -0.00154903437942, 0.00211777933873, -0.0028387887869, 0.00229504238814, -0.000959300843533], [0.000308405928081, -0.00090220302809, 0.0020140488632, -0.00130436196923, 0.000373431452317, -0.00158347131219, 0.000911987153813, -0.000142173157656, 0.000499788438901, -0.00105871399865, 0.000941365316976, -0.00170383031946, 0.00125584588386], [-0.000223466689931, 0.00153149431571, -0.00130436196923, 0.00395942479372, -0.00189742504153, 0.00101609400008, -0.00106549554039, 0.000710464024451, -0.00180822832044, 0.00174019765109, -0.00116474798415, -2.84990164801e-005, -0.00111542618833], [0.000211357255466, -0.00232054409571, 0.000373431452317, -0.00189742504153, 0.0066940523684, -0.00167174136732, -0.00057506194571, -0.00214552762918, 0.000630184134934, -0.000888842681888, 0.00213760812767, -0.00218940456398, 0.00105740968138], [-0.000485675031086, 0.00233337329701, -0.00158347131219, 0.00101609400008, -0.00167174136732, 0.00720252003521, -0.00339970947243, 0.00152942305431, -0.000682695652358, -0.000131145425257, -0.00191365904175, 0.00269898050465, -2.87166290036e-006], [0.000298606551951, -0.0019592884928, 0.000911987153813, -0.00106549554039, -0.00057506194571, -0.00339970947243, 0.00676715932786, -0.00184661871754, 0.00177558662836, -0.000969533983152, 0.000287427916192, 0.000135519512696, -0.000205061238375], [-0.000377233489417, 0.00223560980521, -0.000142173157656, 0.000710464024451, -0.00214552762918, 0.00152942305431, -0.00184661871754, 0.0100621981546, -0.00453297141939, 0.000770250451751, 7.4121664511e-005, -0.000279445841443, -0.000754525710363], [0.00017683779879, -0.00154903437942, 0.000499788438901, -0.00180822832044, 0.000630184134934, -0.000682695652358, 0.00177558662836, -0.00453297141939, 0.00808392465115, -0.00229525775649, -0.000894746975973, 0.00100103626028, -0.00178614316974], [-0.000272464094451, 0.00211777933873, -0.00105871399865, 0.00174019765109, -0.000888842681888, -0.000131145425257, -0.000969533983152, 0.000770250451751, -0.00229525775649, 0.0114190336317, -0.00379517744295, -0.000135861439048, 0.0025828469079], [0.000389404624002, -0.0028387887869, 0.000941365316976, -0.00116474798415, 0.00213760812767, -0.00191365904175, 0.000287427916192, 7.4121664511e-005, -0.000894746975973, -0.00379517744295, 0.0115596279502, -0.00330914580263, 0.000547019124497], [-0.000199113215785, 0.00229504238814, -0.00170383031946, -2.84990164801e-005, -0.00218940456398, 0.00269898050465, 0.000135519512696, -0.000279445841443, 0.00100103626028, -0.000135861439048, -0.00330914580263, 0.0113144181669, -0.00245478260331], [0.000212553029996, -0.000959300843533, 0.00125584588386, -0.00111542618833, 0.00105740968138, -2.87166290036e-006, -0.000205061238375, -0.000754525710363, -0.00178614316974, 0.0025828469079, 0.000547019124497, -0.00245478260331, 0.0114383576438]]
    },
    "melbands": {
        "mean": [0.000995894195512, 0.00339576951228, 0.00100382533856, 0.00102186168078, 0.000452009291621, 0.000351125840098, 0.000466398778372, 0.000289340649033, 0.000140583899338, 0.000154798122821, 0.000129496125737, 4.09059248341e-005, 3.75181480194e-005, 2.8999762435e-005, 2.97657916235e-005, 2.86549766315e-005, 2.39863747993e-005, 1.62216729223e-005, 1.71228166437e-005, 1.20616905406e-005, 1.16928949865e-005, 8.78351784195e-006, 7.32695025363e-006, 5.49792366655e-006, 4.6807108447e-006, 1.95902043743e-006, 1.96895007321e-006, 2.32165166381e-006, 2.25331655201e-006, 6.54268148992e-007, 3.47619703689e-007, 2.29320875178e-007, 1.6342342235e-007, 1.80011994644e-007, 1.62144985438e-007, 1.31882742949e-007, 1.46320473959e-007, 1.87707115629e-007, 1.45431897636e-007, 9.18444200693e-008],
        "var": [8.10562687548e-006, 6.96451679687e-005, 2.09663858186e-006, 2.94230358122e-006, 3.80948961265e-007, 3.59643763659e-007, 1.53769565259e-006, 1.12560360321e-006, 1.3109384156e-007, 3.24140927432e-007, 3.62046279179e-007, 2.01417531542e-008, 3.51492452921e-008, 1.32138620046e-008, 7.48913375759e-009, 1.69452007981e-008, 7.68000063545e-009, 2.94615754015e-009, 2.45055820081e-009, 8.90467644066e-010, 9.61610679973e-010, 3.03847669247e-010, 2.10448158899e-010, 8.93518939393e-011, 9.17773704256e-011, 1.60454774467e-011, 1.75908836109e-011, 3.03019068171e-011, 3.83442062823e-011, 3.49709410735e-012, 1.55112001802e-012, 4.75109697678e-013, 1.71807351874e-013, 2.81706515753e-013, 1.82664620192e-013, 1.75883071128e-013, 1.47595789215e-013, 5.75517444031e-013, 4.10495368166e-013, 1.58952142898e-013]
    },
    "mfcc": {
        "mean": [-742.007141113, 158.879516602, 11.0395803452, 38.9827842712, 13.8747081757, -5.48222446442, 0.51772993803, -2.17711400986, -8.92643070221, -3.1822013855, -8.43287277222, 2.46098065376, -3.14526557922],
        "cov": [[9727.88964844, -112.64440155, -1676.35571289, -361.153320313, -132.645080566, -103.594902039, 11.3671684265, 45.9079475403, 198.631515503, 466.855010986, -107.077423096, 106.026275635, -118.31526947], [-112.64440155, 1126.1776123, -176.883743286, -22.2407627106, -47.6912155151, 5.89834880829, 118.599586487, 2.78709411621, -23.6061325073, 10.7575778961, 39.4665641785, 2.54250764847, -48.0347442627], [-1676.35571289, -176.883743286, 1033.71313477, 198.488189697, 151.981048584, 219.515960693, 50.9871253967, 38.0644645691, -17.8910217285, -134.954284668, 118.740982056, 37.9038925171, 82.9927368164], [-361.153320313, -22.2407627106, 198.488189697, 434.542022705, 150.236160278, 32.1165275574, -29.5635662079, 105.229064941, 62.187335968, -41.0242919922, 10.2841043472, 31.8220977783, 64.8119735718], [-132.645080566, -47.6912155151, 151.981048584, 150.236160278, 237.794586182, 31.2036247253, -47.4834327698, 60.7066841125, 44.7869720459, -0.372003078461, 16.6453723907, 17.797876358, 47.578212738], [-103.594902039, 5.89834880829, 219.515960693, 32.1165275574, 31.2036247253, 278.258666992, 146.798599243, 34.6358146667, 5.59187221527, -7.06705284119, 87.330619812, 18.9177265167, 5.25364494324], [11.3671684265, 118.599586487, 50.9871253967, -29.5635662079, -47.4834327698, 146.798599243, 264.062652588, 41.1248512268, -0.428505629301, 12.4841594696, 65.7252960205, 5.76546525955, -34.8437614441], [45.9079475403, 2.78709411621, 38.0644645691, 105.229064941, 60.7066841125, 34.6358146667, 41.1248512268, 173.335693359, 68.7717895508, 17.8020687103, 13.7985544205, 7.77238082886, 11.2395143509], [198.631515503, -23.6061325073, -17.8910217285, 62.187335968, 44.7869720459, 5.59187221527, -0.428505629301, 68.7717895508, 149.29574585, 58.3334350586, 0.302160978317, 1.07146763802, -6.99654245377], [466.855010986, 10.7575778961, -134.954284668, -41.0242919922, -0.372003078461, -7.06705284119, 12.4841594696, 17.8020687103, 58.3334350586, 186.387710571, 24.71717453, 4.07918643951, -13.8234939575], [-107.077423096, 39.4665641785, 118.740982056, 10.2841043472, 16.6453723907, 87.330619812, 65.7252960205, 13.7985544205, 0.302160978317, 24.71717453, 168.982589722, 45.2807388306, 0.33976739645], [106.026275635, 2.54250764847, 37.9038925171, 31.8220977783, 17.797876358, 18.9177265167, 5.76546525955, 7.77238082886, 1.07146763802, 4.07918643951, 45.2807388306, 118.016700745, 33.2712860107], [-118.31526947, -48.0347442627, 82.9927368164, 64.8119735718, 47.578212738, 5.25364494324, -34.8437614441, 11.2395143509, -6.99654245377, -13.8234939575, 0.33976739645, 33.2712860107, 128.320678711]],
        "icov": [[0.000167848178535, 6.04710185144e-005, 0.000292117299978, 6.03958433203e-005, -6.13589363638e-005, -0.000180131712114, 1.00489387478e-005, -3.39155230904e-005, -9.06306813704e-005, -0.000176927846042, 7.54170614528e-005, -0.000254348211456, 3.55341253453e-005], [6.04710185144e-005, 0.00101588387042, 0.000329452654114, -0.000109674285341, -7.86023665569e-005, 0.00011893203191, -0.000531128840521, 3.56416931027e-005, 0.000160896146554, 4.07411025662e-005, -0.000254770857282, -9.58670352702e-005, 0.000193977248273], [0.000292117299978, 0.000329452654114, 0.00212232372724, -0.000225265248446, -0.000665709667373, -0.00123120169155, 4.80746748508e-005, 0.000120993310702, -0.000121612698422, 0.000784188043326, -0.000750904029701, -0.000219750960241, -0.000429687672295], [6.03958433203e-005, -0.000109674285341, -0.000225265248446, 0.00365333119407, -0.00135854608379, -1.12320803964e-005, 0.000309492490487, -0.00142827082891, -0.000939241726883, 0.000834077887703, 0.000160937124747, -0.000537194020581, -0.000794077815954], [-6.13589363638e-005, -7.86023665569e-005, -0.000665709667373, -0.00135854608379, 0.00649944599718, -0.000750461302232, 0.00174874952063, -0.0011579830898, -0.000689996697474, -0.000461902818643, -0.000277556857327, 0.000149668121594, -0.000897559570149], [-0.000180131712114, 0.00011893203191, -0.00123120169155, -1.12320803964e-005, -0.000750461302232, 0.00686486717314, -0.00347056891769, 0.000191534956684, -0.000122494602692, 0.000232221733313, -0.00156233797316, 0.000423977995524, -0.000369024521206], [1.00489387478e-005, -0.000531128840521, 4.80746748508e-005, 0.000309492490487, 0.00174874952063, -0.00347056891769, 0.00696570845321, -0.00192662852351, 0.000445781421149, -0.000245501461904, -0.000810350524262, -3.63998005923e-005, 0.00118637061678], [-3.39155230904e-005, 3.56416931027e-005, 0.000120993310702, -0.00142827082891, -0.0011579830898, 0.000191534956684, -0.00192662852351, 0.00866736378521, -0.003053027438, 8.4492006863e-005, -3.25077890011e-005, 0.000206306998734, -0.000446368765552], [-9.06306813704e-005, 0.000160896146554, -0.000121612698422, -0.000939241726883, -0.000689996697474, -0.000122494602692, 0.000445781421149, -0.003053027438, 0.0100578004494, -0.00295325717889, 0.000655673677102, 3.84491031582e-005, 0.00139755930286], [-0.000176927846042, 4.07411025662e-005, 0.000784188043326, 0.000834077887703, -0.000461902818643, 0.000232221733313, -0.000245501461904, 8.4492006863e-005, -0.00295325717889, 0.00771571882069, -0.00192012847401, 0.000329450209392, -0.000398821139243], [7.54170614528e-005, -0.000254770857282, -0.000750904029701, 0.000160937124747, -0.000277556857327, -0.00156233797316, -0.000810350524262, -3.25077890011e-005, 0.000655673677102, -0.00192012847401, 0.00880797952414, -0.00311491405591, 0.000941442151088], [-0.000254348211456, -9.58670352702e-005, -0.000219750960241, -0.000537194020581, 0.000149668121594, 0.000423977995524, -3.63998005923e-005, 0.000206306998734, 3.84491031582e-005, 0.000329450209392, -0.00311491405591, 0.0107622900978, -0.00270239426754], [3.55341253453e-005, 0.000193977248273, -0.000429687672295, -0.000794077815954, -0.000897559570149, -0.000369024521206, 0.00118637061678, -0.000446368765552, 0.00139755930286, -0.000398821139243, 0.000941442151088, -0.00270239426754, 0.0100178979337]]
    },
    "spectral_contrast_coeffs": {
        "mean": [-0.585876882076, -0.647732436657, -0.728776812553, -0.727273106575, -0.751440346241, -0.774532556534],
        "var": [0.007174866274, 0.00888336077332, 0.00897530093789, 0.00617819931358, 0.0039800517261, 0.0016963937087]
    },
    "spectral_contrast_valleys": {
        "mean": [-7.7459359169, -7.6221036911, -8.82884693146, -9.30068492889, -9.05665683746, -11.9446935654],
        "var": [1.74850189686, 1.52244770527, 1.54750931263, 1.6269762516, 1.70056593418, 1.7125415802]
    }
},
"metadata": {
    "audio_properties": {
        "analysis_sample_rate": 44100,
        "bit_rate": 105586,
        "equal_loudness": 0,
        "length": 45.0873451233,
        "lossless": 0,
        "replay_gain": -3.86768341064,
        "sample_rate": 44100,
        "codec": "mp3",
        "downmix": "mix",
        "md5_encoded": "064c511b8978372ebb9684b54601e1c6"
    },
    "tags": {
        "file_name": "667.mp3"
    },
    "version": {
        "essentia": "2.1-beta2",
        "essentia_git_sha": "v2.1_beta2",
        "extractor": "music 1.0"
    }
},
"rhythm": {
    "beats_count": 90,
    "beats_loudness": {
        "mean": 0.032879319042,
        "var": 0.0010504751699
    },
    "bpm": 155.150588989,
    "bpm_histogram_first_peak_bpm": {
        "mean": 157,
        "var": 0
    },
    "bpm_histogram_first_peak_spread": {
        "mean": 0.187499970198,
        "var": 0
    },
    "bpm_histogram_first_peak_weight": {
        "mean": 0.146067410707,
        "var": 0
    },
    "bpm_histogram_second_peak_bpm": {
        "mean": 98,
        "var": 0
    },
    "bpm_histogram_second_peak_spread": {
        "mean": 0.432432442904,
        "var": 0
    },
    "bpm_histogram_second_peak_weight": {
        "mean": 0.235955059528,
        "var": 0
    },
    "danceability": 1.00386762619,
    "onset_rate": 3.4586148262,
    "beats_loudness_band_ratio": {
        "mean": [0.442637890577, 0.357273489237, 0.193277209997, 0.0741954147816, 0.0411447957158, 0.00979909487069],
        "var": [0.0612288862467, 0.0396719574928, 0.0311356782913, 0.0164218153805, 0.00168126623612, 0.000117302290164]
    },
    "beats_position": [0.371519267559, 0.754648506641, 1.13777780533, 1.55573689938, 1.9620860815, 2.36843538284, 2.7863945961, 3.1811337471, 3.5758728981, 3.95900225639, 4.35374164581, 4.73687076569, 5.10838985443, 5.47990942001, 5.87464857101, 6.28099775314, 6.68734693527, 7.08208608627, 7.46521520615, 7.84834432602, 8.23147392273, 8.6146030426, 8.99773216248, 9.36925125122, 9.75238037109, 10.1355104446, 10.5418596268, 10.9249887466, 11.3081178665, 11.7028570175, 12.1092061996, 12.5155553818, 12.933514595, 13.3514738083, 13.7810430527, 14.2106122971, 14.6401815414, 15.0581407547, 15.4760990143, 15.9056682587, 16.3352375031, 16.7531967163, 17.1711559296, 17.600725174, 18.0070743561, 18.4134235382, 18.8313827515, 19.3190021515, 19.7834014893, 20.2361907959, 20.8166885376, 21.3855781555, 21.9660758972, 22.5581855774, 23.1502952576, 23.7424030304, 24.3345127106, 24.9382305145, 25.5419502258, 26.1456680298, 26.73777771, 27.3298854828, 27.9336051941, 28.537322998, 29.1410427094, 29.7447605133, 30.3484802246, 30.9521980286, 31.567527771, 32.1828575134, 32.7749671936, 33.3670730591, 33.9824028015, 34.6209526062, 35.2362823486, 35.8632202148, 36.5017662048, 37.1403160095, 37.755645752, 38.3825836182, 38.9979133606, 39.613243103, 40.2285690308, 40.8322906494, 41.4476165771, 42.0745582581, 42.6898841858, 43.3052139282, 43.9321517944, 44.5590934753]
},
"tonal": {
    "chords_changes_rate": 0.0761316865683,
    "chords_number_rate": 0.0154320988804,
    "chords_strength": {
        "mean": 0.523337900639,
        "var": 0.00989548955113
    },
    "hpcp_entropy": {
        "mean": 1.81029379368,
        "var": 0.505191922188
    },
    "key_strength": 0.790882050991,
    "tuning_diatonic_strength": 0.600759983063,
    "tuning_equal_tempered_deviation": 0.120962135494,
    "tuning_frequency": 438.984558105,
    "tuning_nontempered_energy_ratio": 0.802791714668,
    "hpcp": {
        "mean": [0.10542050004, 0.0759430974722, 0.0869264379144, 0.135592415929, 0.129173487425, 0.0932461172342, 0.111418828368, 0.0972675532103, 0.051167987287, 0.0335340090096, 0.0420486554503, 0.100650779903, 0.166750192642, 0.122851669788, 0.051546767354, 0.0470559224486, 0.0528177991509, 0.121879816055, 0.230070322752, 0.185950040817, 0.0916308909655, 0.0855871513486, 0.0657653510571, 0.0340393781662, 0.0281385444105, 0.0332630984485, 0.0563012473285, 0.0840066149831, 0.0749241262674, 0.1025069803, 0.189591258764, 0.202813535929, 0.206131011248, 0.271855920553, 0.249151334167, 0.160930976272],
        "var": [0.0501368008554, 0.0368931926787, 0.0390920117497, 0.0756690502167, 0.065997749567, 0.0369373336434, 0.0475694462657, 0.0411011464894, 0.020206304267, 0.0130560956895, 0.0156895425171, 0.0398175120354, 0.0889743492007, 0.0575591996312, 0.0204285122454, 0.0191191993654, 0.0192234087735, 0.0435405187309, 0.123334974051, 0.0795718282461, 0.0378867127001, 0.0457395426929, 0.0347691401839, 0.0110804513097, 0.00856836419553, 0.0123501373455, 0.0255018882453, 0.0455644205213, 0.0322459116578, 0.0338744223118, 0.0792554989457, 0.0769462287426, 0.0807616040111, 0.127093940973, 0.105785034597, 0.071039326489]
    },
    "chords_histogram": [15.7407407761, 4.62962961197, 0, 8.23045253754, 1.74897122383, 3.49794244766, 0, 9.25925922394, 13.0658435822, 9.25925922394, 5.96707820892, 0, 0, 0, 0, 0, 3.49794244766, 4.42386817932, 0.514403283596, 1.23456788063, 6.06995868683, 0.720164597034, 10.9053497314, 1.23456788063],
    "thpcp": [1, 0.916483044624, 0.591971576214, 0.387780785561, 0.279350548983, 0.319751858711, 0.498765736818, 0.475154221058, 0.342998296022, 0.409845143557, 0.357790827751, 0.188217297196, 0.123352140188, 0.154672577977, 0.370235741138, 0.613377094269, 0.451899915934, 0.189610615373, 0.173091396689, 0.194286003709, 0.448325037956, 0.846295058727, 0.684002161026, 0.337056815624, 0.314825415611, 0.241912513971, 0.125211104751, 0.1035053581, 0.122355617583, 0.207099586725, 0.309011518955, 0.275602340698, 0.377063632011, 0.697396099567, 0.746033191681, 0.75823622942],
    "chords_key": "G#",
    "chords_scale": "minor",
    "key_key": "G#",
    "key_scale": "minor"
}
}