{
"lowlevel": {
    "average_loudness": 0.909109592438,
    "barkbands_crest": {
        "mean": 14.1590061188,
        "var": 25.9155292511
    },
    "barkbands_flatness_db": {
        "mean": 0.250055730343,
        "var": 0.00871816743165
    },
    "barkbands_kurtosis": {
        "mean": 33.9106292725,
        "var": 7024.71337891
    },
    "barkbands_skewness": {
        "mean": 3.230499506,
        "var": 10.3747987747
    },
    "barkbands_spread": {
        "mean": 12.9741163254,
        "var": 287.074523926
    },
    "dissonance": {
        "mean": 0.434994578362,
        "var": 0.00281263748184
    },
    "dynamic_complexity": 4.20113372803,
    "erbbands_crest": {
        "mean": 9.62522983551,
        "var": 20.9922142029
    },
    "erbbands_flatness_db": {
        "mean": 0.185703620315,
        "var": 0.00348622887395
    },
    "erbbands_kurtosis": {
        "mean": 2.36361026764,
        "var": 38.7144165039
    },
    "erbbands_skewness": {
        "mean": 0.611332595348,
        "var": 1.46115851402
    },
    "erbbands_spread": {
        "mean": 36.9055633545,
        "var": 806.276123047
    },
    "hfc": {
        "mean": 12.4922475815,
        "var": 269.808746338
    },
    "melbands_crest": {
        "mean": 21.6475982666,
        "var": 67.3330307007
    },
    "melbands_flatness_db": {
        "mean": 0.324659436941,
        "var": 0.0161401405931
    },
    "melbands_kurtosis": {
        "mean": 83.4586410522,
        "var": 187587.640625
    },
    "melbands_skewness": {
        "mean": 4.64833831787,
        "var": 26.2015457153
    },
    "melbands_spread": {
        "mean": 14.8141536713,
        "var": 811.208312988
    },
    "pitch_salience": {
        "mean": 0.424518704414,
        "var": 0.0283617433161
    },
    "silence_rate_20dB": {
        "mean": 0.965499460697,
        "var": 0.0333101525903
    },
    "silence_rate_30dB": {
        "mean": 0.886714756489,
        "var": 0.100451238453
    },
    "silence_rate_60dB": {
        "mean": 0.125128731132,
        "var": 0.109469920397
    },
    "spectral_centroid": {
        "mean": 930.687683105,
        "var": 845130.875
    },
    "spectral_complexity": {
        "mean": 11.4258499146,
        "var": 83.9854049683
    },
    "spectral_decrease": {
        "mean": -1.50646144448e-008,
        "var": 6.54325381397e-016
    },
    "spectral_energy": {
        "mean": 0.057990398258,
        "var": 0.00949084851891
    },
    "spectral_energyband_high": {
        "mean": 0.000396306597395,
        "var": 1.35953155223e-006
    },
    "spectral_energyband_low": {
        "mean": 0.0457931235433,
        "var": 0.00887946598232
    },
    "spectral_energyband_middle_high": {
        "mean": 0.00213166000322,
        "var": 1.01754585558e-005
    },
    "spectral_energyband_middle_low": {
        "mean": 0.0102075794712,
        "var": 0.000291831471259
    },
    "spectral_entropy": {
        "mean": 7.10936594009,
        "var": 0.525778055191
    },
    "spectral_flux": {
        "mean": 0.103154338896,
        "var": 0.0144177144393
    },
    "spectral_kurtosis": {
        "mean": 8.36660575867,
        "var": 56.8560142517
    },
    "spectral_rms": {
        "mean": 0.00602995837107,
        "var": 2.02155333682e-005
    },
    "spectral_rolloff": {
        "mean": 992.387573242,
        "var": 3955855.25
    },
    "spectral_skewness": {
        "mean": 2.03059744835,
        "var": 0.82114803791
    },
    "spectral_spread": {
        "mean": 4353230,
        "var": 6.93790834688e+012
    },
    "spectral_strongpeak": {
        "mean": 0.541000545025,
        "var": 0.311436057091
    },
    "zerocrossingrate": {
        "mean": 0.040575619787,
        "var": 0.00287020695396
    },
    "barkbands": {
        "mean": [0.00508373742923, 0.032856747508, 0.00744015490636, 0.00225597759709, 0.00421543838456, 0.000933122064453, 0.000373819872038, 0.00103002076503, 0.00118679180741, 0.000470695085824, 0.000285491405521, 0.000423734047217, 0.000283153320197, 0.000119255448226, 0.000123899691971, 0.00011692467524, 0.000116239927593, 0.000149061568663, 0.000104069185909, 5.52758065169e-005, 6.32232840871e-005, 6.70654335408e-005, 0.000101597928733, 6.09702583461e-005, 5.22408081451e-005, 2.16814260057e-005, 1.70013936263e-009],
        "var": [5.11164980708e-005, 0.00558098172769, 0.000695800350513, 6.349607429e-005, 0.000105258150143, 2.70326290774e-006, 3.07714344672e-007, 3.57850331056e-006, 4.58696331407e-006, 6.85888380758e-007, 2.73128392791e-007, 5.43380735962e-007, 3.04143270569e-007, 1.891903878e-007, 9.08392081556e-008, 8.6083943529e-008, 7.62359775308e-008, 1.07228068202e-007, 6.97450559528e-008, 2.88309944807e-008, 4.73885783947e-008, 4.5172232177e-008, 8.16487570887e-008, 3.77393938322e-008, 2.9972955673e-008, 6.92174895178e-009, 1.14366008035e-017]
    },
    "erbbands": {
        "mean": [1.11395156384, 6.49457979202, 11.0060462952, 7.20814657211, 13.490694046, 12.0389585495, 7.94408941269, 8.37706756592, 5.41294527054, 14.6547288895, 20.8998508453, 31.273601532, 16.0545978546, 10.7301845551, 13.7993030548, 17.7572650909, 14.0459461212, 7.06648731232, 6.44785356522, 6.5681552887, 6.67108345032, 6.63210344315, 7.95019578934, 6.55478096008, 4.49030399323, 2.58612179756, 2.49769926071, 2.54023790359, 2.29339981079, 3.23445224762, 2.49581193924, 1.700756073, 0.838509082794, 0.58062595129, 0.371983110905, 0.155112028122, 0.0280588995665, 0.00199744058773, 7.08016959834e-005, 6.70557856211e-005],
        "var": [3.30894994736, 358.998291016, 1352.20922852, 658.513000488, 992.367553711, 1112.47509766, 225.233978271, 216.045425415, 58.7078742981, 604.511352539, 1417.27392578, 3448.08276367, 757.861755371, 355.67288208, 544.827514648, 985.323486328, 612.328857422, 451.487121582, 373.32522583, 201.290588379, 305.51940918, 255.288635254, 323.737365723, 197.282119751, 139.274734497, 58.8077049255, 71.2044143677, 79.5775146484, 53.8567199707, 78.5579299927, 55.0239639282, 26.8096294403, 8.49191856384, 4.12978744507, 1.46888196468, 0.361276656389, 0.0115194907412, 7.33242559363e-005, 3.33356169335e-008, 1.14338059021e-008]
    },
    "gfcc": {
        "mean": [-83.7524871826, 120.892601013, -97.1455383301, 27.3795433044, -55.1625175476, 13.9271650314, -26.8416194916, 9.31594848633, -19.801618576, -5.42603635788, -9.28619194031, 0.00901053473353, -10.798491478],
        "cov": [[11409.9853516, 865.657958984, -1220.06787109, 50.6873207092, 37.0684967041, 241.218582153, -4.03311347961, 263.899291992, -91.9108200073, -131.87387085, -66.6011123657, -101.33253479, -115.636833191], [865.657958984, 3848.04223633, -294.217529297, -679.795471191, 942.293395996, -677.295715332, 709.56817627, -53.3808326721, 283.827728271, -426.655700684, 457.531951904, -392.834442139, 132.093673706], [-1220.06787109, -294.217529297, 2280.95214844, 837.83972168, 341.594207764, 634.551269531, 414.138305664, 278.975097656, 342.377746582, 289.150543213, -41.2695426941, 130.430511475, 11.4621276855], [50.6873207092, -679.795471191, 837.83972168, 828.839599609, 273.428375244, 434.536834717, 111.92906189, 129.920883179, 134.538314819, 175.94833374, -37.9529266357, 93.0166702271, 10.4285764694], [37.0684967041, 942.293395996, 341.594207764, 273.428375244, 846.648376465, 65.9281616211, 394.981933594, 87.1214065552, 220.996566772, 0.628818273544, 192.608886719, -22.7861747742, 56.0102767944], [241.218582153, -677.295715332, 634.551269531, 434.536834717, 65.9281616211, 523.363708496, 74.8266983032, 149.681411743, 119.777732849, 186.503234863, -45.1915016174, 129.258834839, 8.08580493927], [-4.03311347961, 709.56817627, 414.138305664, 111.92906189, 394.981933594, 74.8266983032, 430.187164307, 114.363059998, 219.023040771, 46.3906402588, 125.241294861, -12.7832231522, 71.6533813477], [263.899291992, -53.3808326721, 278.975097656, 129.920883179, 87.1214065552, 149.681411743, 114.363059998, 191.962753296, 125.232948303, 88.5836181641, 20.4839420319, 47.3232040405, 8.39463329315], [-91.9108200073, 283.827728271, 342.377746582, 134.538314819, 220.996566772, 119.777732849, 219.023040771, 125.232948303, 240.099105835, 79.2768859863, 86.7081375122, 25.8667068481, 50.7616043091], [-131.87387085, -426.655700684, 289.150543213, 175.94833374, 0.628818273544, 186.503234863, 46.3906402588, 88.5836181641, 79.2768859863, 173.975112915, -12.1629867554, 106.501937866, 16.78008461], [-66.6011123657, 457.531951904, -41.2695426941, -37.9529266357, 192.608886719, -45.1915016174, 125.241294861, 20.4839420319, 86.7081375122, -12.1629867554, 154.05506897, -5.65803623199, 52.0376014709], [-101.33253479, -392.834442139, 130.430511475, 93.0166702271, -22.7861747742, 129.258834839, -12.7832231522, 47.3232040405, 25.8667068481, 106.501937866, -5.65803623199, 138.551101685, 6.5020699501], [-115.636833191, 132.093673706, 11.4621276855, 10.4285764694, 56.0102767944, 8.08580493927, 71.6533813477, 8.39463329315, 50.7616043091, 16.78008461, 52.0376014709, 6.5020699501, 83.274772644]],
        "icov": [[0.000175697656232, -0.00038667806075, 0.000322742998833, -0.000399836484576, 0.000257271487499, -0.000440927047748, 6.05556160735e-005, -0.000459091184894, 0.000341447826941, -0.000261493958533, 0.000445820041932, -0.000246367999353, 0.000312141230097], [-0.00038667806075, 0.00289000547491, -0.00112847948913, 0.00238876743242, -0.00172379950527, 0.00179615616798, -0.00173738598824, 0.00106775586028, -0.0017358030891, 0.00338145974092, -0.00286165368743, 0.00253706262447, -0.000925858330447], [0.000322742998833, -0.00112847948913, 0.00170991313644, -0.00169698765967, 0.000958478951361, -0.00136903009843, -0.000519051915035, -0.000766832439695, 0.000237316271523, -0.00123434793204, 0.00175110367127, -0.000870309886523, 0.00130531156901], [-0.000399836484576, 0.00238876743242, -0.00169698765967, 0.00521706230938, -0.00290497927926, 3.86769497709e-005, -1.94345811906e-005, 0.00119251490105, -0.00133100780658, 0.00139973650221, -0.00138143461663, 0.00285067898221, -0.00174755125772], [0.000257271487499, -0.00172379950527, 0.000958478951361, -0.00290497927926, 0.00421714037657, -0.000905080116354, -0.00140710838605, -0.000314803473884, 0.000628771260381, -0.0005441174726, -0.000789667945355, -0.00196994398721, 0.00219103018753], [-0.000440927047748, 0.00179615616798, -0.00136903009843, 3.86769497709e-005, -0.000905080116354, 0.00651185726747, -0.000695187540259, -0.000159710034495, -0.0016502464423, 0.000616836128756, -0.000872624514159, -0.000344393803971, -0.00123325514141], [6.05556160735e-005, -0.00173738598824, -0.000519051915035, -1.94345811906e-005, -0.00140710838605, -0.000695187540259, 0.00874380674213, -0.00129555992316, -0.00163274654187, -0.00341721787117, 0.00118729902897, 0.000386240833905, -0.00255341548473], [-0.000459091184894, 0.00106775586028, -0.000766832439695, 0.00119251490105, -0.000314803473884, -0.000159710034495, -0.00129555992316, 0.0111193777993, -0.00484249740839, -0.0011238893494, -0.0013212878257, 0.000421465694671, 0.00181713583879], [0.000341447826941, -0.0017358030891, 0.000237316271523, -0.00133100780658, 0.000628771260381, -0.0016502464423, -0.00163274654187, -0.00484249740839, 0.0133954286575, -0.00458770152181, -0.00176549132448, 0.000152564927703, -0.00115773186553], [-0.000261493958533, 0.00338145974092, -0.00123434793204, 0.00139973650221, -0.0005441174726, 0.000616836128756, -0.00341721787117, -0.0011238893494, -0.00458770152181, 0.0216244142503, -0.00146609812509, -0.00668646674603, -0.00249524158426], [0.000445820041932, -0.00286165368743, 0.00175110367127, -0.00138143461663, -0.000789667945355, -0.000872624514159, 0.00118729902897, -0.0013212878257, -0.00176549132448, -0.00146609812509, 0.0174057707191, -0.00489415088668, -0.004305196926], [-0.000246367999353, 0.00253706262447, -0.000870309886523, 0.00285067898221, -0.00196994398721, -0.000344393803971, 0.000386240833905, 0.000421465694671, 0.000152564927703, -0.00668646674603, -0.00489415088668, 0.0179699733853, -0.000710549764335], [0.000312141230097, -0.000925858330447, 0.00130531156901, -0.00174755125772, 0.00219103018753, -0.00123325514141, -0.00255341548473, 0.00181713583879, -0.00115773186553, -0.00249524158426, -0.004305196926, -0.000710549764335, 0.0185639299452]]
    },
    "melbands": {
        "mean": [0.00964422803372, 0.0070054391399, 0.00146451371256, 0.00101869599894, 0.000318807491567, 0.000182037474588, 7.63964781072e-005, 0.00018763312255, 0.000186555771506, 0.00017757526075, 7.51806874177e-005, 4.3616626499e-005, 4.16695547756e-005, 4.78263173136e-005, 4.1940882511e-005, 2.43545764533e-005, 1.16445744425e-005, 1.02637040982e-005, 8.88503109309e-006, 8.49834941619e-006, 7.5625421232e-006, 6.9664251896e-006, 6.6236029852e-006, 7.35974163035e-006, 5.13402756042e-006, 3.53309837919e-006, 2.33913283409e-006, 1.60393540227e-006, 1.53273208525e-006, 1.62791479852e-006, 1.3646597381e-006, 1.27650287141e-006, 1.36821438446e-006, 1.94000836018e-006, 1.21796165331e-006, 1.72321608716e-006, 7.62120578202e-007, 5.34328648882e-007, 5.70056840843e-007, 4.70069181802e-007],
        "var": [0.000322825013427, 0.000469476915896, 1.92137922568e-005, 7.24305436961e-006, 3.99857128741e-007, 9.86903927469e-008, 1.12486482351e-008, 1.05567934838e-007, 9.59619015362e-008, 1.06557926927e-007, 1.84978841133e-008, 6.73543398833e-009, 5.36927791117e-009, 6.97420032836e-009, 4.8332613467e-009, 3.01440339356e-009, 1.55813395519e-009, 1.12914666506e-009, 4.63256238925e-010, 3.55328461099e-010, 4.30775165539e-010, 3.03093633525e-010, 2.22187018784e-010, 2.741880889e-010, 1.29391983239e-010, 9.34505459127e-011, 3.77495500137e-011, 2.83798731043e-011, 2.85383106036e-011, 3.12318920725e-011, 2.39393383589e-011, 1.66759453468e-011, 1.92393618398e-011, 2.61033469146e-011, 1.36996282374e-011, 3.24089817483e-011, 5.26425257552e-012, 3.48141784498e-012, 4.56949582339e-012, 2.62007776586e-012]
    },
    "mfcc": {
        "mean": [-733.219299316, 152.608215332, 13.1333608627, 23.7480220795, 0.565652608871, 6.70127677917, 2.56233429909, 16.3036441803, -5.80438995361, 4.67024612427, 0.728657186031, 0.19581541419, 0.604489982128],
        "cov": [[10852.3867188, 458.41595459, -1353.43505859, -274.105773926, -138.497344971, -176.625167847, 1.69658899307, 102.89151001, -53.2239112854, -41.8613243103, -48.1139945984, 33.6240310669, -236.902084351], [458.41595459, 3887.7277832, -741.48260498, 180.406356812, 62.561542511, -386.977325439, 341.569702148, 162.526931763, -1.30982291698, 101.210769653, 101.698600769, 74.8965606689, 6.77566957474], [-1353.43505859, -741.48260498, 1815.37072754, 362.103393555, 248.873916626, 500.164794922, 135.5521698, 208.824111938, 336.855773926, 250.675506592, 168.171173096, 95.8905944824, 142.085418701], [-274.105773926, 180.406356812, 362.103393555, 514.73815918, 297.875244141, 236.938140869, 188.123809814, 139.042297363, 158.681854248, 136.961685181, 96.7015991211, 86.6692199707, 72.6881408691], [-138.497344971, 62.561542511, 248.873916626, 297.875244141, 407.022583008, 236.509429932, 155.621154785, 146.635940552, 122.852577209, 94.7831115723, 111.17943573, 71.5399246216, 64.1344451904], [-176.625167847, -386.977325439, 500.164794922, 236.938140869, 236.509429932, 427.643676758, 133.388015747, 147.494827271, 177.698822021, 120.532417297, 88.624168396, 87.9326782227, 88.4970703125], [1.69658899307, 341.569702148, 135.5521698, 188.123809814, 155.621154785, 133.388015747, 226.089996338, 99.6744766235, 118.202804565, 77.8412628174, 70.4680023193, 57.5967826843, 48.4700202942], [102.89151001, 162.526931763, 208.824111938, 139.042297363, 146.635940552, 147.494827271, 99.6744766235, 193.203659058, 106.503768921, 113.568206787, 92.8336334229, 69.9155502319, 57.5955314636], [-53.2239112854, -1.30982291698, 336.855773926, 158.681854248, 122.852577209, 177.698822021, 118.202804565, 106.503768921, 209.514190674, 127.578514099, 98.3672332764, 68.8340606689, 44.253704071], [-41.8613243103, 101.210769653, 250.675506592, 136.961685181, 94.7831115723, 120.532417297, 77.8412628174, 113.568206787, 127.578514099, 150.215042114, 92.8108062744, 63.382396698, 45.2789764404], [-48.1139945984, 101.698600769, 168.171173096, 96.7015991211, 111.17943573, 88.624168396, 70.4680023193, 92.8336334229, 98.3672332764, 92.8108062744, 121.598510742, 63.8664398193, 41.7477302551], [33.6240310669, 74.8965606689, 95.8905944824, 86.6692199707, 71.5399246216, 87.9326782227, 57.5967826843, 69.9155502319, 68.8340606689, 63.382396698, 63.8664398193, 92.4694747925, 48.3579597473], [-236.902084351, 6.77566957474, 142.085418701, 72.6881408691, 64.1344451904, 88.4970703125, 48.4700202942, 57.5955314636, 44.253704071, 45.2789764404, 41.7477302551, 48.3579597473, 82.4415969849]],
        "icov": [[0.000118989060866, 1.54178596858e-005, 0.000106317267637, 4.55837653135e-005, 3.89263695979e-005, -4.55532026535e-005, -4.84629854327e-005, -0.000249773293035, -5.8499561419e-005, -2.16885237023e-005, 8.77599741216e-005, -0.000224018891458, 0.000469114660518], [1.54178596858e-005, 0.000498153152876, 0.000149209081428, -0.000132924076752, 4.77898647659e-005, 0.000863800698426, -0.00098804733716, -0.000500293797813, 0.000232188787777, -0.000407533894759, -1.17625995699e-005, -0.000223695664317, 6.57600176055e-005], [0.000106317267637, 0.000149209081428, 0.00118528585881, -0.000311615003739, 0.00031798373675, -0.000642235274427, 0.000308032613248, -0.000277848681435, -0.00100902933627, -0.000583492277656, -0.000303440348944, 0.000936297001317, -0.000553202000447], [4.55837653135e-005, -0.000132924076752, -0.000311615003739, 0.00453320099041, -0.00252865790389, -0.000212250393815, -0.0014000274241, 0.000801284622867, 1.23547988551e-005, -0.00243407138623, 0.00208277394995, -0.00127532763872, 0.000163979886565], [3.89263695979e-005, 4.77898647659e-005, 0.00031798373675, -0.00252865790389, 0.00634125247598, -0.00201172800735, -0.000899627106264, -0.00189100264106, 0.000800270761829, 0.00249329325743, -0.00424325605854, 0.00140627869405, 0.000390711851651], [-4.55532026535e-005, 0.000863800698426, -0.000642235274427, -0.000212250393815, -0.00201172800735, 0.0074531044811, -0.00164937076624, -0.00185059022624, -0.00217426428571, -0.000167737685842, 0.00273482291959, -0.00202112039551, -0.0020209623035], [-4.84629854327e-005, -0.00098804733716, 0.000308032613248, -0.0014000274241, -0.000899627106264, -0.00164937076624, 0.010466536507, -0.000507843447849, -0.0043561742641, 0.00233182869852, -9.44649364101e-005, 0.000684315280523, -0.00197890866548], [-0.000249773293035, -0.000500293797813, -0.000277848681435, 0.000801284622867, -0.00189100264106, -0.00185059022624, -0.000507843447849, 0.0132821267471, 0.00127615057863, -0.0059035718441, -0.00202275114134, -0.000704633421265, -0.00243226950988], [-5.8499561419e-005, 0.000232188787777, -0.00100902933627, 1.23547988551e-005, 0.000800270761829, -0.00217426428571, -0.0043561742641, 0.00127615057863, 0.0155174378306, -0.00706085609272, -0.00383036769927, -0.00181934318971, 0.00347719970159], [-2.16885237023e-005, -0.000407533894759, -0.000583492277656, -0.00243407138623, 0.00249329325743, -0.000167737685842, 0.00233182869852, -0.0059035718441, -0.00706085609272, 0.0227312017232, -0.00697452155873, -0.000713426677976, -0.000627294881269], [8.77599741216e-005, -1.17625995699e-005, -0.000303440348944, 0.00208277394995, -0.00424325605854, 0.00273482291959, -9.44649364101e-005, -0.00202275114134, -0.00383036769927, -0.00697452155873, 0.02300513722, -0.00726642739028, -0.000726921774913], [-0.000224018891458, -0.000223695664317, 0.000936297001317, -0.00127532763872, 0.00140627869405, -0.00202112039551, 0.000684315280523, -0.000704633421265, -0.00181934318971, -0.000713426677976, -0.00726642739028, 0.0237107947469, -0.00880906544626], [0.000469114660518, 6.57600176055e-005, -0.000553202000447, 0.000163979886565, 0.000390711851651, -0.0020209623035, -0.00197890866548, -0.00243226950988, 0.00347719970159, -0.000627294881269, -0.000726921774913, -0.00880906544626, 0.0230226982385]]
    },
    "spectral_contrast_coeffs": {
        "mean": [-0.646681368351, -0.732977330685, -0.751899659634, -0.797826051712, -0.802769899368, -0.766062676907],
        "var": [0.024494510144, 0.00940294750035, 0.00911789014935, 0.0053266081959, 0.00402774522081, 0.00223407195881]
    },
    "spectral_contrast_valleys": {
        "mean": [-7.62232303619, -7.40349817276, -8.07305717468, -8.69521999359, -8.72030162811, -11.5111370087],
        "var": [4.03981161118, 2.26002025604, 2.03098893166, 1.86819303036, 1.62996220589, 2.28070688248]
    }
},
"metadata": {
    "audio_properties": {
        "analysis_sample_rate": 44100,
        "bit_rate": 111529,
        "equal_loudness": 0,
        "length": 45.0612258911,
        "lossless": 0,
        "replay_gain": -9.59366035461,
        "sample_rate": 44100,
        "codec": "mp3",
        "downmix": "mix",
        "md5_encoded": "13a4d2daebf1b4199628736173bd5f92"
    },
    "tags": {
        "file_name": "668.mp3"
    },
    "version": {
        "essentia": "2.1-beta2",
        "essentia_git_sha": "v2.1_beta2",
        "extractor": "music 1.0"
    }
},
"rhythm": {
    "beats_count": 60,
    "beats_loudness": {
        "mean": 0.233276993036,
        "var": 0.025583891198
    },
    "bpm": 81.0157089233,
    "bpm_histogram_first_peak_bpm": {
        "mean": 81,
        "var": 0
    },
    "bpm_histogram_first_peak_spread": {
        "mean": 0.0338983535767,
        "var": 0
    },
    "bpm_histogram_first_peak_weight": {
        "mean": 0.966101646423,
        "var": 0
    },
    "bpm_histogram_second_peak_bpm": {
        "mean": 0,
        "var": 0
    },
    "bpm_histogram_second_peak_spread": {
        "mean": 0,
        "var": 0
    },
    "bpm_histogram_second_peak_weight": {
        "mean": 0,
        "var": 0
    },
    "danceability": 1.508934021,
    "onset_rate": 4.769135952,
    "beats_loudness_band_ratio": {
        "mean": [0.791310250759, 0.104474075139, 0.0321321189404, 0.0463917441666, 0.0392814613879, 0.0349582396448],
        "var": [0.0940665453672, 0.033115439117, 0.00527994753793, 0.0122777028009, 0.0107785295695, 0.0049780481495]
    },
    "beats_position": [0.766258478165, 1.50929701328, 2.2523355484, 2.99537420273, 3.72680258751, 4.46984100342, 5.20126962662, 5.94430828094, 6.68734693527, 7.4303855896, 8.17342376709, 8.91646194458, 9.65950107574, 10.4025392532, 11.1455783844, 11.8886165619, 12.6200447083, 13.3630838394, 14.1061220169, 14.8375511169, 15.5805892944, 16.3236274719, 17.0666656494, 17.8097057343, 18.5527439117, 19.2957820892, 20.0388202667, 20.7702484131, 21.5016784668, 22.2447166443, 22.9877548218, 23.7307929993, 24.4738311768, 25.2168693542, 25.9599094391, 26.6913375854, 27.4227657318, 28.1658039093, 28.9088420868, 29.6518821716, 30.3949203491, 31.1379585266, 31.8809967041, 32.6240348816, 33.3438529968, 34.0520629883, 34.7951011658, 35.5497512817, 36.304397583, 37.059047699, 37.8020858765, 38.545124054, 39.2881622314, 40.0312004089, 40.7742385864, 41.5056686401, 42.2370948792, 42.9801368713, 43.7347831726, 44.4662132263]
},
"tonal": {
    "chords_changes_rate": 0.0699588507414,
    "chords_number_rate": 0.0113168722019,
    "chords_strength": {
        "mean": 0.51575255394,
        "var": 0.0110733667389
    },
    "hpcp_entropy": {
        "mean": 1.92230653763,
        "var": 0.662876665592
    },
    "key_strength": 0.663049995899,
    "tuning_diatonic_strength": 0.596352696419,
    "tuning_equal_tempered_deviation": 0.253531038761,
    "tuning_frequency": 434.193115234,
    "tuning_nontempered_energy_ratio": 0.859668016434,
    "hpcp": {
        "mean": [0.106702663004, 0.104847840965, 0.0751690343022, 0.0562292523682, 0.0527611374855, 0.0508616603911, 0.0625785067677, 0.0779747068882, 0.0830883383751, 0.134687706828, 0.18693099916, 0.127933964133, 0.0585424974561, 0.0606976374984, 0.0550866797566, 0.0646609142423, 0.0794326141477, 0.0600061304867, 0.0577130429447, 0.0649564564228, 0.0664322823286, 0.117061749101, 0.171227023005, 0.295562416315, 0.417038887739, 0.26375079155, 0.0848322361708, 0.0862982571125, 0.0955512076616, 0.0822312384844, 0.123876079917, 0.159726366401, 0.118419028819, 0.0816367417574, 0.0809675827622, 0.0872262865305],
        "var": [0.056474044919, 0.0553871951997, 0.0399367697537, 0.0320488400757, 0.0270642470568, 0.026220774278, 0.0238051377237, 0.0400884896517, 0.0359707400203, 0.0673319846392, 0.0861954018474, 0.0468847975135, 0.016540504992, 0.0322328545153, 0.0214242655784, 0.0197623353451, 0.0330418720841, 0.0224165208638, 0.0201306007802, 0.0264132786542, 0.025163738057, 0.0469551309943, 0.0817763134837, 0.0804719254375, 0.186514511704, 0.0764124691486, 0.0351042672992, 0.0427540428936, 0.0552731752396, 0.0331381335855, 0.057710621506, 0.0788168460131, 0.0531549341977, 0.0362505950034, 0.0400339029729, 0.0434430837631]
    },
    "chords_histogram": [19.855966568, 4.83539104462, 31.7901229858, 0.205761313438, 3.70370364189, 3.08641982079, 1.54320991039, 0, 1.85185182095, 0.720164597034, 0, 0, 0, 0, 0, 0, 8.23045253754, 9.87654304504, 0.411522626877, 0.617283940315, 0, 0, 3.80658435822, 9.46502017975],
    "thpcp": [1, 0.632436931133, 0.203415647149, 0.206930965185, 0.229118213058, 0.197178825736, 0.297037243843, 0.383001118898, 0.283951997757, 0.19575330615, 0.194148764014, 0.209156244993, 0.255857825279, 0.251410216093, 0.180244669318, 0.134829759598, 0.126513704658, 0.121959038079, 0.150054365396, 0.186972275376, 0.19923402369, 0.322961986065, 0.448233962059, 0.306767463684, 0.140376597643, 0.145544305444, 0.132090032101, 0.155047684908, 0.190468117595, 0.143886178732, 0.138387680054, 0.155756354332, 0.159295171499, 0.280697435141, 0.410578072071, 0.70871669054],
    "chords_key": "C",
    "chords_scale": "major",
    "key_key": "F",
    "key_scale": "major"
}
}