{
"lowlevel": {
    "average_loudness": 0.858268857002,
    "barkbands_crest": {
        "mean": 13.1290369034,
        "var": 22.4120979309
    },
    "barkbands_flatness_db": {
        "mean": 0.328858911991,
        "var": 0.00582891050726
    },
    "barkbands_kurtosis": {
        "mean": 3.3100438118,
        "var": 40.0893287659
    },
    "barkbands_skewness": {
        "mean": 0.676236987114,
        "var": 1.3292427063
    },
    "barkbands_spread": {
        "mean": 6.37839126587,
        "var": 17.0442314148
    },
    "dissonance": {
        "mean": 0.335756957531,
        "var": 0.0061273034662
    },
    "dynamic_complexity": 5.94920778275,
    "erbbands_crest": {
        "mean": 16.0158176422,
        "var": 36.82762146
    },
    "erbbands_flatness_db": {
        "mean": 0.338599532843,
        "var": 0.00498752761632
    },
    "erbbands_kurtosis": {
        "mean": 2.89675164223,
        "var": 41.631603241
    },
    "erbbands_skewness": {
        "mean": 0.479568898678,
        "var": 0.965127110481
    },
    "erbbands_spread": {
        "mean": 10.467168808,
        "var": 41.6477851868
    },
    "hfc": {
        "mean": 13.7800760269,
        "var": 348.653503418
    },
    "melbands_crest": {
        "mean": 16.733045578,
        "var": 35.348651886
    },
    "melbands_flatness_db": {
        "mean": 0.400131314993,
        "var": 0.0080806966871
    },
    "melbands_kurtosis": {
        "mean": 4.06775951385,
        "var": 68.0692520142
    },
    "melbands_skewness": {
        "mean": 0.949252724648,
        "var": 1.57566761971
    },
    "melbands_spread": {
        "mean": 10.2885704041,
        "var": 64.5845184326
    },
    "pitch_salience": {
        "mean": 0.483808219433,
        "var": 0.0163632668555
    },
    "silence_rate_20dB": {
        "mean": 1,
        "var": 0
    },
    "silence_rate_30dB": {
        "mean": 0.999485313892,
        "var": 0.000514389248565
    },
    "silence_rate_60dB": {
        "mean": 0.208955228329,
        "var": 0.165292873979
    },
    "spectral_centroid": {
        "mean": 655.325500488,
        "var": 213066.890625
    },
    "spectral_complexity": {
        "mean": 7.32835817337,
        "var": 14.7598314285
    },
    "spectral_decrease": {
        "mean": -4.64710447901e-009,
        "var": 2.23386377905e-017
    },
    "spectral_energy": {
        "mean": 0.0187891125679,
        "var": 0.00037709629396
    },
    "spectral_energyband_high": {
        "mean": 2.28413427976e-005,
        "var": 4.65028682228e-009
    },
    "spectral_energyband_low": {
        "mean": 0.00193837587722,
        "var": 7.6113101386e-006
    },
    "spectral_energyband_middle_high": {
        "mean": 0.00784334074706,
        "var": 0.000221347087063
    },
    "spectral_energyband_middle_low": {
        "mean": 0.00973948277533,
        "var": 0.000128664789372
    },
    "spectral_entropy": {
        "mean": 5.64792299271,
        "var": 0.420272439718
    },
    "spectral_flux": {
        "mean": 0.0401958115399,
        "var": 0.00167334836442
    },
    "spectral_kurtosis": {
        "mean": 51.4115829468,
        "var": 1687.5592041
    },
    "spectral_rms": {
        "mean": 0.00367972673848,
        "var": 4.79044729218e-006
    },
    "spectral_rolloff": {
        "mean": 828.301513672,
        "var": 634698.4375
    },
    "spectral_skewness": {
        "mean": 5.04975986481,
        "var": 5.27424812317
    },
    "spectral_spread": {
        "mean": 1781957.25,
        "var": 2.58699244339e+012
    },
    "spectral_strongpeak": {
        "mean": 1.937073946,
        "var": 4.61584806442
    },
    "zerocrossingrate": {
        "mean": 0.0295951720327,
        "var": 0.000535370782018
    },
    "barkbands": {
        "mean": [6.68320581099e-007, 0.000375147035811, 0.00124706025235, 0.000475513312267, 0.0012310486054, 0.00190236233175, 0.00131902610883, 0.00117848382797, 0.00245585828088, 0.00321884592995, 0.00253645563498, 0.000924728403334, 0.000758929410949, 0.000435763446148, 0.000412509107264, 9.19017547858e-005, 0.00010996934725, 4.15985123254e-005, 2.58512209257e-005, 3.17963967973e-005, 1.08537933556e-005, 1.86601027963e-006, 3.75168781375e-007, 1.80786685178e-006, 4.47735374109e-007, 2.73876480605e-007, 6.76699096758e-009],
        "var": [3.98126019999e-012, 9.46621128151e-007, 4.06005210607e-006, 1.09976588192e-006, 9.52117898123e-006, 1.55204688781e-005, 6.12652047494e-006, 1.1626369087e-005, 4.58211507066e-005, 6.6567255999e-005, 9.9901255453e-005, 9.28867302719e-006, 5.86267060498e-006, 4.79978916701e-006, 2.61428112935e-006, 1.85770062444e-007, 2.18115502548e-007, 7.82165230362e-008, 2.5406908577e-008, 1.99063538986e-008, 2.01849359449e-009, 4.15039808077e-011, 1.3757389325e-012, 4.12429430885e-011, 1.9113144227e-012, 9.75642852098e-013, 3.96500654236e-015]
    },
    "erbbands": {
        "mean": [0.00262958719395, 0.132625713944, 1.23434960842, 1.67942404747, 1.17116677761, 4.28419208527, 14.148440361, 13.0458574295, 20.357875824, 16.0231876373, 43.3115081787, 53.1030349731, 82.2751846313, 110.235664368, 64.9127731323, 49.4156990051, 31.1152667999, 30.2698116302, 12.0861873627, 22.5971355438, 7.5207734108, 5.69661664963, 2.50868344307, 1.45407640934, 1.47596311569, 1.54130125046, 0.70494145155, 0.263733327389, 0.0819201245904, 0.0185575261712, 0.0129276309162, 0.0255978982896, 0.0324947088957, 0.00831233803183, 0.00228800578043, 0.00123733468354, 0.000572433753405, 5.5930318922e-005, 1.08189206003e-005, 2.18691911869e-005],
        "var": [3.30703478539e-005, 0.0946930274367, 4.83743143082, 5.67047214508, 5.82052612305, 87.3146743774, 1959.15002441, 803.087341309, 1518.25146484, 819.474243164, 11320.9824219, 20632.3476563, 37212.5703125, 87230.234375, 63014.4023438, 22447.3242188, 7670.64355469, 17347.8886719, 1532.43066406, 10521.0458984, 656.527099609, 705.119689941, 162.746002197, 45.0266151428, 63.0659408569, 53.6692466736, 6.96159267426, 0.925841569901, 0.068230740726, 0.00318965991028, 0.00146454235073, 0.00721752038226, 0.0166921243072, 0.000636225915514, 5.52179444639e-005, 2.27199361689e-005, 5.32426156497e-006, 8.97086209761e-008, 1.9205879942e-010, 5.33901478583e-010]
    },
    "gfcc": {
        "mean": [-182.194229126, 180.746887207, -119.658943176, -25.4615421295, -54.0354118347, -2.29931116104, -28.2425804138, -5.07624816895, -20.589963913, -10.6827335358, -10.3984546661, -16.4921512604, 1.52317476273],
        "cov": [[13300.8701172, -961.239318848, -4003.95336914, -34.461856842, 531.105957031, 276.920135498, 293.378723145, 133.241134644, -15.0689849854, 276.555053711, 202.930465698, -68.5803222656, 349.199523926], [-961.239318848, 2792.67529297, 1328.77294922, -403.89352417, -15.1871652603, -361.819061279, -12.2585525513, -379.345001221, 301.542816162, -145.009552002, 208.422363281, -216.993255615, -108.342422485], [-4003.95336914, 1328.77294922, 2411.20703125, 167.832519531, -355.876342773, -173.821655273, -214.766433716, -181.536911011, -34.0413818359, -86.8426208496, 8.44159030914, 63.9842414856, -156.495819092], [-34.461856842, -403.89352417, 167.832519531, 618.84161377, -7.41001081467, 67.9788818359, -76.4755706787, 57.4588012695, -63.673084259, 80.5199050903, 4.63151693344, 118.659072876, 33.8040084839], [531.105957031, -15.1871652603, -355.876342773, -7.41001081467, 324.863311768, 61.070186615, 99.0266494751, 42.6344833374, 53.0673751831, -8.46503448486, -8.48043060303, -51.2282562256, -15.0211219788], [276.920135498, -361.819061279, -173.821655273, 67.9788818359, 61.070186615, 243.425674438, 58.7812576294, 64.7261810303, -21.1295719147, 42.9163780212, -7.21475124359, 21.5948600769, 17.9668922424], [293.378723145, -12.2585525513, -214.766433716, -76.4755706787, 99.0266494751, 58.7812576294, 204.144271851, 57.569442749, 27.3912239075, -18.6537857056, 19.9577541351, -39.3079032898, -0.870117306709], [133.241134644, -379.345001221, -181.536911011, 57.4588012695, 42.6344833374, 64.7261810303, 57.569442749, 182.574264526, 4.97069263458, 23.8031158447, -17.6314487457, 28.5789489746, 8.41026973724], [-15.0689849854, 301.542816162, -34.0413818359, -63.673084259, 53.0673751831, -21.1295719147, 27.3912239075, 4.97069263458, 208.731887817, 44.8207969666, 30.8688049316, -61.2982330322, -31.4007720947], [276.555053711, -145.009552002, -86.8426208496, 80.5199050903, -8.46503448486, 42.9163780212, -18.6537857056, 23.8031158447, 44.8207969666, 169.429168701, 59.5308609009, 24.8166370392, -23.4474277496], [202.930465698, 208.422363281, 8.44159030914, 4.63151693344, -8.48043060303, -7.21475124359, 19.9577541351, -17.6314487457, 30.8688049316, 59.5308609009, 162.029556274, 32.8495407104, 4.08236455917], [-68.5803222656, -216.993255615, 63.9842414856, 118.659072876, -51.2282562256, 21.5948600769, -39.3079032898, 28.5789489746, -61.2982330322, 24.8166370392, 32.8495407104, 178.841705322, 67.9536132813], [349.199523926, -108.342422485, -156.495819092, 33.8040084839, -15.0211219788, 17.9668922424, -0.870117306709, 8.41026973724, -31.4007720947, -23.4474277496, 4.08236455917, 67.9536132813, 219.073883057]],
        "icov": [[0.000266157672741, -0.000564171059523, 0.000778747431468, -0.00029648799682, 0.000302232278045, -0.000325997243635, 0.000115698174341, -0.000374512310373, 0.000750143488403, -0.00050707673654, 0.000394131231587, -0.000227534328587, 7.75678345235e-005], [-0.000564171059523, 0.00322439731099, -0.00280670123175, 0.00126386759803, -0.00169956067111, 0.00190627831034, -0.000650712754577, 0.0030554193072, -0.00371290184557, 0.00236395257525, -0.00344339944422, 0.00188667722978, -0.000899078091606], [0.000778747431468, -0.00280670123175, 0.00359425297938, -0.00151946605183, 0.0021178482566, -0.00159596744925, 0.000764062977396, -0.00194222829305, 0.00309902988374, -0.00149959861301, 0.00251796562225, -0.0018014232628, 0.00132191576995], [-0.00029648799682, 0.00126386759803, -0.00151946605183, 0.00279473699629, -0.00128204305656, 0.000415689690271, 0.000509583158419, 0.000437899696408, -0.000885321642272, -0.000190404753084, -0.00104266626295, -0.000104295751953, -0.00065131339943], [0.000302232278045, -0.00169956067111, 0.0021178482566, -0.00128204305656, 0.00547052174807, -0.00165904243477, -0.000971590285189, -0.00141571671702, 0.000777731882408, -8.13760198071e-005, 0.00188487255946, -0.000598943210207, 0.00120352092199], [-0.000325997243635, 0.00190627831034, -0.00159596744925, 0.000415689690271, -0.00165904243477, 0.00660874461755, -0.0019475214649, 0.00103880336974, -0.00120804994367, -0.000493373023346, -0.00114513654262, 0.000824696733616, -0.000905649096239], [0.000115698174341, -0.000650712754577, 0.000764062977396, 0.000509583158419, -0.000971590285189, -0.0019475214649, 0.00798730924726, -0.00297931255773, 0.000578167208005, 0.00143923831638, -0.00167054054327, 0.00108743645251, 0.000130888569402], [-0.000374512310373, 0.0030554193072, -0.00194222829305, 0.000437899696408, -0.00141571671702, 0.00103880336974, -0.00297931255773, 0.0107418736443, -0.00421418808401, 0.00150105869398, -0.00156869366765, -0.00018057928537, -0.00031160376966], [0.000750143488403, -0.00371290184557, 0.00309902988374, -0.000885321642272, 0.000777731882408, -0.00120804994367, 0.000578167208005, -0.00421418808401, 0.0109806479886, -0.00529022375122, 0.00295867631212, 0.000183123658644, 0.000530721910764], [-0.00050707673654, 0.00236395257525, -0.00149959861301, -0.000190404753084, -8.13760198071e-005, -0.000493373023346, 0.00143923831638, 0.00150105869398, -0.00529022375122, 0.0116814831272, -0.00579567858949, 0.000569929601625, 0.00134168332443], [0.000394131231587, -0.00344339944422, 0.00251796562225, -0.00104266626295, 0.00188487255946, -0.00114513654262, -0.00167054054327, -0.00156869366765, 0.00295867631212, -0.00579567858949, 0.0125427935272, -0.00448945909739, 0.000867786759045], [-0.000227534328587, 0.00188667722978, -0.0018014232628, -0.000104295751953, -0.000598943210207, 0.000824696733616, 0.00108743645251, -0.00018057928537, 0.000183123658644, 0.000569929601625, -0.00448945909739, 0.0105139231309, -0.00316283479333], [7.75678345235e-005, -0.000899078091606, 0.00132191576995, -0.00065131339943, 0.00120352092199, -0.000905649096239, 0.000130888569402, -0.00031160376966, 0.000530721910764, 0.00134168332443, 0.000867786759045, -0.00316283479333, 0.00639504985884]]
    },
    "melbands": {
        "mean": [5.96982135903e-005, 0.000486461533001, 0.000272195640719, 0.000160452327691, 0.000434597139247, 0.000319017912261, 0.000312259391649, 0.000165968187503, 0.000416762661189, 0.000316107732942, 0.000414466980146, 0.000452881300589, 0.000312971271342, 0.000100343437225, 0.000108902604552, 5.71401578782e-005, 5.53790705453e-005, 1.7340425984e-005, 2.83880963252e-005, 1.76828998519e-005, 7.99374811322e-006, 6.60767727823e-006, 2.47857428803e-006, 2.77454751085e-006, 8.09209609542e-007, 1.41981445267e-006, 1.09322354547e-006, 8.64366427322e-007, 5.33938020908e-007, 2.52652057497e-007, 1.08495200379e-007, 4.93141421032e-008, 2.11294253205e-008, 6.52973586313e-009, 6.3516591986e-009, 1.03665280804e-008, 1.72525265185e-008, 2.51296583542e-008, 1.59226978269e-008, 4.18857482032e-009],
        "var": [2.24609397748e-008, 7.47859644434e-007, 1.44373757394e-007, 1.33524778789e-007, 1.66688869285e-006, 4.31404117762e-007, 3.23447636674e-007, 8.66137881417e-008, 9.67340611169e-007, 7.82721542691e-007, 9.96633616523e-007, 1.5830112261e-006, 1.70071189132e-006, 1.29718458197e-007, 8.23360579716e-008, 4.55784210374e-008, 6.42272013351e-008, 5.78476200275e-009, 1.34139028773e-008, 6.36433306056e-009, 9.08475128458e-010, 8.40579328365e-010, 3.00320546209e-010, 4.43184711152e-010, 1.3372191375e-011, 1.10102330031e-010, 2.6797807029e-011, 1.67829500297e-011, 4.77243938812e-012, 1.39392956813e-012, 1.37808289628e-013, 2.94351538586e-014, 7.17898031061e-015, 4.92302695785e-016, 4.39630534295e-016, 1.03264317111e-015, 3.91737152699e-015, 1.2425711603e-014, 3.69728314466e-015, 1.73376209358e-016]
    },
    "mfcc": {
        "mean": [-827.62286377, 202.622344971, 5.12901258469, -7.12098789215, -7.05972099304, -8.03570365906, -3.10341048241, -7.73996448517, 1.47073936462, -4.23398828506, -9.32184505463, -1.44188117981, -6.73292636871],
        "cov": [[9848.99511719, 559.993408203, -3384.2890625, 51.1267127991, 122.955444336, 92.8027648926, 316.523254395, -360.337463379, 375.803771973, 214.138763428, -285.678527832, 416.399353027, 254.638290405], [559.993408203, 2641.92724609, 674.30065918, -379.102722168, -37.315158844, 16.4920253754, -236.126937866, -79.435546875, -173.774414063, -35.8948974609, 251.233184814, 239.715591431, 12.4448013306], [-3384.2890625, 674.30065918, 2145.32495117, 81.7683105469, -82.2387771606, 22.4771289825, -196.35874939, 72.1266098022, -256.474456787, -156.031570435, 100.819740295, -33.8838272095, -0.613772690296], [51.1267127991, -379.102722168, 81.7683105469, 397.232940674, 99.1007995605, 15.9123668671, 67.2410049438, -2.51725482941, 28.8369102478, -4.92011213303, -59.8833694458, 11.3583927155, 54.194278717], [122.955444336, -37.315158844, -82.2387771606, 99.1007995605, 201.563339233, 80.8319320679, 13.5769462585, 11.3977146149, 33.2265357971, 34.0480270386, 17.1607818604, 34.3148574829, 33.6221656799], [92.8027648926, 16.4920253754, 22.4771289825, 15.9123668671, 80.8319320679, 169.871414185, 37.2642402649, -7.77948284149, 17.0079669952, 10.5828666687, 41.7884178162, 54.0743026733, 22.4455432892], [316.523254395, -236.126937866, -196.35874939, 67.2410049438, 13.5769462585, 37.2642402649, 198.909683228, 62.0663108826, 40.5049324036, 24.6941776276, -39.9803657532, -10.7384872437, 30.1490497589], [-360.337463379, -79.435546875, 72.1266098022, -2.51725482941, 11.3977146149, -7.77948284149, 62.0663108826, 170.661392212, 57.9781723022, -12.741979599, 7.22410869598, -62.6763076782, -14.8415021896], [375.803771973, -173.774414063, -256.474456787, 28.8369102478, 33.2265357971, 17.0079669952, 40.5049324036, 57.9781723022, 173.464736938, 63.9100761414, -33.2165489197, -19.7502651215, -22.207988739], [214.138763428, -35.8948974609, -156.031570435, -4.92011213303, 34.0480270386, 10.5828666687, 24.6941776276, -12.741979599, 63.9100761414, 202.535095215, 80.8973007202, -10.492770195, -43.4219589233], [-285.678527832, 251.233184814, 100.819740295, -59.8833694458, 17.1607818604, 41.7884178162, -39.9803657532, 7.22410869598, -33.2165489197, 80.8973007202, 285.47833252, 121.944076538, -44.8476715088], [416.399353027, 239.715591431, -33.8838272095, 11.3583927155, 34.3148574829, 54.0743026733, -10.7384872437, -62.6763076782, -19.7502651215, -10.492770195, 121.944076538, 313.55166626, 139.851837158], [254.638290405, 12.4448013306, -0.613772690296, 54.194278717, 33.6221656799, 22.4455432892, 30.1490497589, -14.8415021896, -22.207988739, -43.4219589233, -44.8476715088, 139.851837158, 263.624908447]],
        "icov": [[0.000490720383823, -0.000454437133158, 0.000909289461561, -0.000692572270054, 0.00061723345425, -0.000596339988988, -6.90154774929e-006, 0.000161563497386, 2.53688831435e-005, -0.000299218052533, 0.000708056089934, -0.000372790615074, -5.50404220121e-005], [-0.000454437133158, 0.00101158069447, -0.00105721829459, 0.00128768198192, -0.000909035850782, 0.000752902531531, 0.000133642068249, 3.67220127373e-005, 3.40148399118e-005, 0.000288886716589, -0.000746518315282, -0.000111957349873, 0.000145478770719], [0.000909289461561, -0.00105721829459, 0.00269435648806, -0.00229028565809, 0.00222984468564, -0.00232385494746, 0.00155249726959, -0.00158880848903, 0.00188834499568, -0.000968519190792, 0.00162439944688, -0.000637609511614, -9.06775021576e-005], [-0.000692572270054, 0.00128768198192, -0.00229028565809, 0.00563321262598, -0.0040251147002, 0.0029679085128, -0.00256146024913, 0.00247405469418, -0.00204096199013, 0.00144595617894, -0.001252082875, 0.000301345280604, -0.000168945334735], [0.00061723345425, -0.000909035850782, 0.00222984468564, -0.0040251147002, 0.00987487286329, -0.00594932073727, 0.00344434473664, -0.00367356161587, 0.00206721806899, -0.00279544503428, 0.00196323008277, -0.00088812346803, -0.000555404403713], [-0.000596339988988, 0.000752902531531, -0.00232385494746, 0.0029679085128, -0.00594932073727, 0.01118308492, -0.00482640881091, 0.00479898694903, -0.00408510677516, 0.00305489264429, -0.00360329216346, 0.000754476117436, -0.000300506391795], [-6.90154774929e-006, 0.000133642068249, 0.00155249726959, -0.00256146024913, 0.00344434473664, -0.00482640881091, 0.0107401451096, -0.00758788036183, 0.00455911876634, -0.00378663255833, 0.00331965298392, -0.00168614543509, 6.63178507239e-005], [0.000161563497386, 3.67220127373e-005, -0.00158880848903, 0.00247405469418, -0.00367356161587, 0.00479898694903, -0.00758788036183, 0.0156645942479, -0.00943122338504, 0.00609037140384, -0.00600514793769, 0.00490103662014, -0.0022734189406], [2.53688831435e-005, 3.40148399118e-005, 0.00188834499568, -0.00204096199013, 0.00206721806899, -0.00408510677516, 0.00455911876634, -0.00943122338504, 0.0142827639356, -0.00632066046819, 0.00565873365849, -0.00365792773664, 0.00249494891614], [-0.000299218052533, 0.000288886716589, -0.000968519190792, 0.00144595617894, -0.00279544503428, 0.00305489264429, -0.00378663255833, 0.00609037140384, -0.00632066046819, 0.0102127408609, -0.00625931750983, 0.00373082398437, -0.00104609341361], [0.000708056089934, -0.000746518315282, 0.00162439944688, -0.001252082875, 0.00196323008277, -0.00360329216346, 0.00331965298392, -0.00600514793769, 0.00565873365849, -0.00625931750983, 0.0108935441822, -0.00658908952028, 0.0037455810234], [-0.000372790615074, -0.000111957349873, -0.000637609511614, 0.000301345280604, -0.00088812346803, 0.000754476117436, -0.00168614543509, 0.00490103662014, -0.00365792773664, 0.00373082398437, -0.00658908952028, 0.00921400636435, -0.004882841371], [-5.50404220121e-005, 0.000145478770719, -9.06775021576e-005, -0.000168945334735, -0.000555404403713, -0.000300506391795, 6.63178507239e-005, -0.0022734189406, 0.00249494891614, -0.00104609341361, 0.0037455810234, -0.004882841371, 0.00710032694042]]
    },
    "spectral_contrast_coeffs": {
        "mean": [-0.557682991028, -0.620629012585, -0.608010530472, -0.697820067406, -0.772576570511, -0.797486305237],
        "var": [0.0105858575553, 0.0102321645245, 0.0154650788754, 0.0117806969211, 0.00696950079873, 0.00444711837918]
    },
    "spectral_contrast_valleys": {
        "mean": [-9.33516120911, -8.00978279114, -9.10921192169, -10.0119924545, -10.6428489685, -13.37703228],
        "var": [1.86844670773, 1.82458460331, 1.43817937374, 1.64874339104, 1.45541012287, 0.822475254536]
    }
},
"metadata": {
    "audio_properties": {
        "analysis_sample_rate": 44100,
        "bit_rate": 99511,
        "equal_loudness": 0,
        "length": 45.0873451233,
        "lossless": 0,
        "replay_gain": -3.68152236938,
        "sample_rate": 44100,
        "codec": "mp3",
        "downmix": "mix",
        "md5_encoded": "5259825db30af9f850f65e74252511a4"
    },
    "tags": {
        "file_name": "671.mp3"
    },
    "version": {
        "essentia": "2.1-beta2",
        "essentia_git_sha": "v2.1_beta2",
        "extractor": "music 1.0"
    }
},
"rhythm": {
    "beats_count": 100,
    "beats_loudness": {
        "mean": 0.0246536880732,
        "var": 0.000446756079327
    },
    "bpm": 164.586196899,
    "bpm_histogram_first_peak_bpm": {
        "mean": 167,
        "var": 0
    },
    "bpm_histogram_first_peak_spread": {
        "mean": 0,
        "var": 0
    },
    "bpm_histogram_first_peak_weight": {
        "mean": 0.161616161466,
        "var": 0
    },
    "bpm_histogram_second_peak_bpm": {
        "mean": 112,
        "var": 0
    },
    "bpm_histogram_second_peak_spread": {
        "mean": 0.454545408487,
        "var": 0
    },
    "bpm_histogram_second_peak_weight": {
        "mean": 0.121212124825,
        "var": 0
    },
    "danceability": 0.995724081993,
    "onset_rate": 3.1038851738,
    "beats_loudness_band_ratio": {
        "mean": [0.195737794042, 0.250185698271, 0.32177489996, 0.256564974785, 0.0207343865186, 0.00310478708707],
        "var": [0.0452204421163, 0.0518589988351, 0.0561562888324, 0.0696800500154, 0.0012253515888, 5.53338213649e-005]
    },
    "beats_position": [0.476009070873, 0.9287981987, 1.369977355, 1.83437633514, 2.29877543449, 2.75156450272, 3.09986400604, 3.45977306366, 3.8196823597, 4.1679816246, 4.51628112793, 4.87619018555, 5.22448968887, 5.5727891922, 5.92108821869, 6.28099775314, 6.62929677963, 6.98920631409, 7.32589578629, 7.67419481277, 8.03410434723, 8.40562343597, 8.76553249359, 9.21832180023, 9.65950107574, 10.1006803513, 10.47219944, 10.8321084976, 11.1920175552, 11.5635375977, 11.9234466553, 12.294965744, 12.6664848328, 13.0263938904, 13.3979139328, 13.7694330215, 14.1293420792, 14.4892511368, 14.8491611481, 15.1974601746, 15.5573692322, 15.9288883209, 16.3004074097, 16.6719264984, 17.0434455872, 17.4033565521, 17.9258041382, 18.4598636627, 18.9823131561, 19.5163707733, 20.0504302979, 20.5728797913, 21.1069393158, 21.640996933, 22.1750564575, 22.6858959198, 23.2083435059, 23.7424030304, 24.1719722748, 24.589931488, 25.0078907013, 25.4258499146, 25.8438091278, 26.2733783722, 26.6913375854, 27.1092967987, 27.5388660431, 27.9684352875, 28.3980045319, 28.8275737762, 29.2571430206, 29.6983222961, 30.1394996643, 30.5574588776, 30.9754180908, 31.3817672729, 31.7997264862, 32.2292976379, 32.6588668823, 33.1348762512, 33.5992736816, 34.1797714233, 34.7370529175, 35.2827186584, 35.8283882141, 36.362449646, 36.8965072632, 37.4421768188, 37.9878463745, 38.5219039917, 39.0443534851, 39.5784111023, 40.1124725342, 40.7626304626, 41.4011802673, 42.0281181335, 42.6550559998, 43.3052139282, 43.9321517944, 44.5590934753]
},
"tonal": {
    "chords_changes_rate": 0.0709876567125,
    "chords_number_rate": 0.0154320988804,
    "chords_strength": {
        "mean": 0.503383040428,
        "var": 0.00705312145874
    },
    "hpcp_entropy": {
        "mean": 1.24686217308,
        "var": 0.519067108631
    },
    "key_strength": 0.584160208702,
    "tuning_diatonic_strength": 0.425049245358,
    "tuning_equal_tempered_deviation": 0.120060749352,
    "tuning_frequency": 436.456176758,
    "tuning_nontempered_energy_ratio": 0.820526897907,
    "hpcp": {
        "mean": [0.215959757566, 0.160735681653, 0.0518125928938, 0.0486864224076, 0.0522412732244, 0.0879037752748, 0.145147457719, 0.0938760563731, 0.0347337462008, 0.0640713497996, 0.0558579340577, 0.0545698590577, 0.113866128027, 0.0873921811581, 0.0605695322156, 0.181972682476, 0.178358674049, 0.0922492593527, 0.142537966371, 0.124379634857, 0.10156019032, 0.171021223068, 0.123944409192, 0.0298493169248, 0.0156741738319, 0.0160273741931, 0.0294847413898, 0.0474308505654, 0.0512640811503, 0.10958173126, 0.189585626125, 0.133598193526, 0.0437080040574, 0.0312797650695, 0.0378519035876, 0.109532609582],
        "var": [0.129151418805, 0.0775631964207, 0.0163371190429, 0.0223269779235, 0.0210303962231, 0.0409216955304, 0.0878432169557, 0.0416066385806, 0.0062265638262, 0.0327505767345, 0.0211061425507, 0.0222216099501, 0.0846843123436, 0.0545134171844, 0.0126818083227, 0.100591503084, 0.10296612978, 0.0278855171055, 0.100076690316, 0.0711687207222, 0.0395920388401, 0.104647509754, 0.0623321868479, 0.00760563928634, 0.00656254542992, 0.00649752793834, 0.012461964041, 0.0220581889153, 0.024479739368, 0.0534787215292, 0.114350520074, 0.0633171498775, 0.0148863550276, 0.0133969979361, 0.0167294219136, 0.0529769137502]
    },
    "chords_histogram": [1.33744859695, 1.54320991039, 16.4609050751, 0.308641970158, 0.102880656719, 1.23456788063, 6.37860059738, 2.16049385071, 0, 0, 5.76131677628, 0, 5.86419773102, 0.411522626877, 8.12757205963, 5.14403295517, 0, 0, 0, 11.2139921188, 2.16049385071, 12.1399173737, 16.7695465088, 2.88065838814],
    "thpcp": [1, 0.744285345078, 0.239917814732, 0.225442111492, 0.241902813315, 0.407037764788, 0.672104179859, 0.43469235301, 0.160834342241, 0.296681880951, 0.258649736643, 0.252685308456, 0.527256250381, 0.404668837786, 0.280466765165, 0.842623114586, 0.825888454914, 0.427159488201, 0.660020947456, 0.575938940048, 0.470273673534, 0.791912436485, 0.573923647404, 0.138217031956, 0.0725791379809, 0.0742146298289, 0.136528864503, 0.219628185034, 0.237377941608, 0.50741738081, 0.877874791622, 0.618625402451, 0.202389582992, 0.144840717316, 0.175272956491, 0.507189929485],
    "chords_key": "G",
    "chords_scale": "major",
    "key_key": "D",
    "key_scale": "major"
}
}