{
"lowlevel": {
    "average_loudness": 0.973214745522,
    "barkbands_crest": {
        "mean": 12.392411232,
        "var": 13.3714036942
    },
    "barkbands_flatness_db": {
        "mean": 0.249879479408,
        "var": 0.00478579709306
    },
    "barkbands_kurtosis": {
        "mean": 18.6108913422,
        "var": 307.578613281
    },
    "barkbands_skewness": {
        "mean": 3.0445022583,
        "var": 1.7847994566
    },
    "barkbands_spread": {
        "mean": 6.04996538162,
        "var": 27.3423748016
    },
    "dissonance": {
        "mean": 0.433140695095,
        "var": 0.0013899889309
    },
    "dynamic_complexity": 2.60380744934,
    "erbbands_crest": {
        "mean": 10.0118637085,
        "var": 14.7708911896
    },
    "erbbands_flatness_db": {
        "mean": 0.190718963742,
        "var": 0.00211660913192
    },
    "erbbands_kurtosis": {
        "mean": 2.31895542145,
        "var": 20.2398681641
    },
    "erbbands_skewness": {
        "mean": 1.1661721468,
        "var": 0.711947858334
    },
    "erbbands_spread": {
        "mean": 29.1040458679,
        "var": 207.117874146
    },
    "hfc": {
        "mean": 9.26616764069,
        "var": 75.0585784912
    },
    "melbands_crest": {
        "mean": 17.1397743225,
        "var": 21.5629825592
    },
    "melbands_flatness_db": {
        "mean": 0.356998801231,
        "var": 0.00663823401555
    },
    "melbands_kurtosis": {
        "mean": 31.4792976379,
        "var": 922.836730957
    },
    "melbands_skewness": {
        "mean": 3.78373575211,
        "var": 2.42060017586
    },
    "melbands_spread": {
        "mean": 5.45804309845,
        "var": 52.0692558289
    },
    "pitch_salience": {
        "mean": 0.498301744461,
        "var": 0.0161597281694
    },
    "silence_rate_20dB": {
        "mean": 0.999485075474,
        "var": 0.000514660263434
    },
    "silence_rate_30dB": {
        "mean": 0.929454147816,
        "var": 0.0655685067177
    },
    "silence_rate_60dB": {
        "mean": 0.00617919676006,
        "var": 0.00614097854123
    },
    "spectral_centroid": {
        "mean": 423.644897461,
        "var": 235422.8125
    },
    "spectral_complexity": {
        "mean": 10.1467561722,
        "var": 25.0438404083
    },
    "spectral_decrease": {
        "mean": -1.10291855648e-008,
        "var": 1.48702814584e-016
    },
    "spectral_energy": {
        "mean": 0.0424671545625,
        "var": 0.00218099658377
    },
    "spectral_energyband_high": {
        "mean": 7.46777077438e-005,
        "var": 2.01025809332e-008
    },
    "spectral_energyband_low": {
        "mean": 0.0285653788596,
        "var": 0.00141180469655
    },
    "spectral_energyband_middle_high": {
        "mean": 0.00130112259649,
        "var": 2.82310315924e-006
    },
    "spectral_energyband_middle_low": {
        "mean": 0.0174454264343,
        "var": 0.000376997661078
    },
    "spectral_entropy": {
        "mean": 6.54211997986,
        "var": 0.359602123499
    },
    "spectral_flux": {
        "mean": 0.100574404001,
        "var": 0.00624024216086
    },
    "spectral_kurtosis": {
        "mean": 13.9801292419,
        "var": 100.28327179
    },
    "spectral_rms": {
        "mean": 0.00579855404794,
        "var": 7.80806476541e-006
    },
    "spectral_rolloff": {
        "mean": 360.153869629,
        "var": 723142.1875
    },
    "spectral_skewness": {
        "mean": 2.85964488983,
        "var": 0.972149908543
    },
    "spectral_spread": {
        "mean": 3495025.75,
        "var": 5.23225687654e+012
    },
    "spectral_strongpeak": {
        "mean": 0.657149016857,
        "var": 0.299897193909
    },
    "zerocrossingrate": {
        "mean": 0.0203257761896,
        "var": 0.000629521498922
    },
    "barkbands": {
        "mean": [0.000662105332594, 0.00824072118849, 0.0148006370291, 0.00760931149125, 0.00468693254516, 0.00259151076898, 0.00180877244566, 0.000314429606078, 0.000324843102135, 0.000223370094318, 0.000198436900973, 0.000345024716808, 0.000172302723513, 0.000115399037895, 9.59092285484e-005, 3.8516947825e-005, 5.63813737244e-005, 4.26304795837e-005, 3.05092889903e-005, 4.56893831142e-005, 1.65261735674e-005, 7.29189014237e-006, 5.44953809367e-006, 1.27088824229e-005, 1.28596348077e-005, 8.55790949572e-006, 3.5304574908e-007],
        "var": [2.37737572206e-006, 0.000407750543673, 0.000302962958813, 0.000146628182847, 3.26989174937e-005, 4.51075466117e-005, 1.40956481118e-005, 3.58073691586e-007, 2.84936163553e-007, 1.93081874045e-007, 1.08348466199e-007, 4.28612850101e-007, 9.98420830456e-008, 5.52007612953e-008, 4.35280860245e-008, 8.45170866626e-009, 1.10731850356e-008, 6.82485623571e-009, 4.41624159464e-009, 8.18059664454e-009, 1.13815956659e-009, 3.11101505668e-010, 1.56746601809e-010, 1.24938714929e-009, 1.3783634234e-009, 6.56767862317e-010, 1.83775759367e-012]
    },
    "erbbands": {
        "mean": [0.222625955939, 2.03080463409, 12.5896015167, 26.8396205902, 17.2039661407, 17.9093170166, 17.0283260345, 19.3812007904, 25.5524921417, 19.3151931763, 7.59448671341, 8.08482074738, 7.223320961, 9.09487342834, 6.25213766098, 15.883887291, 8.86773777008, 7.4200758934, 4.42830896378, 4.03831291199, 2.2831530571, 3.25187134743, 2.7540397644, 1.4996124506, 1.9235804081, 2.06224822998, 0.979871928692, 0.393520027399, 0.266380637884, 0.167652919888, 0.160962447524, 0.244377538562, 0.210632279515, 0.131394147873, 0.101008847356, 0.0435476638377, 0.0151197817177, 0.001933165011, 6.8154076871e-005, 4.82269424538e-005],
        "var": [0.426846325397, 19.679397583, 252.278549194, 1212.19042969, 654.012634277, 520.987854004, 1080.15783691, 2883.84545898, 3806.94311523, 1237.85766602, 158.553375244, 153.340835571, 235.613327026, 193.57270813, 111.53616333, 873.506774902, 251.266403198, 178.267288208, 125.98021698, 48.4315376282, 26.0936927795, 46.2886047363, 25.879693985, 10.7585659027, 14.440205574, 17.2932548523, 3.75441169739, 0.77721875906, 0.398176550865, 0.137603521347, 0.134538367391, 0.429496228695, 0.363304585218, 0.144129112363, 0.091415181756, 0.0171800199896, 0.00217649945989, 3.80835408578e-005, 2.67486779393e-008, 2.60121568729e-009]
    },
    "gfcc": {
        "mean": [-69.086555481, 150.794403076, -76.1092224121, 23.0777130127, -41.4691047668, 10.51649189, -35.1103210449, 1.31654417515, -30.8830127716, -1.78844749928, -11.6460123062, -9.35536289215, -12.5633172989],
        "cov": [[6021.93994141, -462.233062744, -1039.71057129, 264.196594238, -210.41696167, -102.003295898, -118.726776123, 71.6204452515, -244.320449829, 205.574584961, -41.5299186707, 54.6371154785, -71.3142776489], [-462.233062744, 1205.70922852, -226.205062866, -20.5003490448, 266.91317749, -222.007293701, 216.579421997, -153.347229004, 183.986907959, -171.791061401, 136.711791992, -149.772521973, 144.844024658], [-1039.71057129, -226.205062866, 964.436584473, -84.2939529419, -38.7967185974, 265.528900146, -85.8727416992, 53.4515037537, 2.47602748871, -33.9826393127, -58.1833724976, 75.0413360596, -50.4850769043], [264.196594238, -20.5003490448, -84.2939529419, 171.01083374, 39.3611450195, -28.0848770142, 53.5633010864, -0.89373165369, 10.5341272354, 2.95006585121, 10.9429969788, -17.0867214203, 22.6936588287], [-210.41696167, 266.91317749, -38.7967185974, 39.3611450195, 190.156143188, -16.9217433929, 78.841468811, -19.1516075134, 53.2097473145, -45.8293609619, 31.6362762451, -46.1858253479, 40.3771934509], [-102.003295898, -222.007293701, 265.528900146, -28.0848770142, -16.9217433929, 199.063751221, -41.6491508484, 53.2602043152, -28.96185112, 4.31061840057, -43.4125480652, 38.210193634, -35.6876487732], [-118.726776123, 216.579421997, -85.8727416992, 53.5633010864, 78.841468811, -41.6491508484, 153.067184448, -13.8740711212, 31.4424266815, -37.8591003418, 24.4886493683, -41.6143455505, 40.9121513367], [71.6204452515, -153.347229004, 53.4515037537, -0.89373165369, -19.1516075134, 53.2602043152, -13.8740711212, 86.0329742432, -12.7794799805, 28.3620166779, -15.2042341232, 16.2062397003, -17.8721847534], [-244.320449829, 183.986907959, 2.47602748871, 10.5341272354, 53.2097473145, -28.96185112, 31.4424266815, -12.7794799805, 129.69984436, 3.01538944244, 27.2468662262, -18.9677391052, 11.3243131638], [205.574584961, -171.791061401, -33.9826393127, 2.95006585121, -45.8293609619, 4.31061840057, -37.8591003418, 28.3620166779, 3.01538944244, 105.575439453, 8.24918937683, 23.1158065796, -25.9375839233], [-41.5299186707, 136.711791992, -58.1833724976, 10.9429969788, 31.6362762451, -43.4125480652, 24.4886493683, -15.2042341232, 27.2468662262, 8.24918937683, 78.0605545044, 1.23295903206, 31.3150100708], [54.6371154785, -149.772521973, 75.0413360596, -17.0867214203, -46.1858253479, 38.210193634, -41.6143455505, 16.2062397003, -18.9677391052, 23.1158065796, 1.23295903206, 82.6714706421, -2.887622118], [-71.3142776489, 144.844024658, -50.4850769043, 22.6936588287, 40.3771934509, -35.6876487732, 40.9121513367, -17.8721847534, 11.3243131638, -25.9375839233, 31.3150100708, -2.887622118, 77.5234832764]],
        "icov": [[0.0003265478299, -0.000495937827509, 0.000429710897151, -0.000841662986204, 0.000334797281539, -0.000398714968469, 0.000471086299513, -0.000395485374611, 0.000773014791775, -0.000646822620183, 0.000506873475388, -0.000624253065325, 0.000498179462738], [-0.000495937827509, 0.00531180109829, -0.000681032717694, 0.00418553035706, -0.0023158560507, 0.0022815677803, -0.00256123277359, 0.00327578536235, -0.00455352291465, 0.00505981780589, -0.00472936267033, 0.0046521583572, -0.00324438302778], [0.000429710897151, -0.000681032717694, 0.00242500309832, -0.000848382303957, 0.000732958607841, -0.00287903146818, 0.00103070144542, -0.000462395255454, 0.000109639739094, 0.000308176415274, 0.00062376097776, -0.00158310797997, 0.000913810508791], [-0.000841662986204, 0.00418553035706, -0.000848382303957, 0.0110003910959, -0.00288009783253, 0.00232771411538, -0.00442214030772, 0.0023834509775, -0.00387697829865, 0.00276261009276, -0.00301614566706, 0.00404605688527, -0.00405257940292], [0.000334797281539, -0.0023158560507, 0.000732958607841, -0.00288009783253, 0.0100722201169, -0.00318315275945, -0.000563282694202, -0.0013040965423, -0.000385422288673, 0.000235203973716, -0.000505149713717, 0.0012332315091, -0.000374426541384], [-0.000398714968469, 0.0022815677803, -0.00287903146818, 0.00232771411538, -0.00318315275945, 0.0119563210756, -0.00108469137922, -0.00247978093103, -0.000484211865114, 0.00204785168171, 0.000945642997976, -0.000559275154956, 0.000329856266035], [0.000471086299513, -0.00256123277359, 0.00103070144542, -0.00442214030772, -0.000563282694202, -0.00108469137922, 0.0121981725097, -0.00292116543278, 0.00149544491433, -0.000105896193418, 0.00117536284961, 0.000424180441769, -0.000845247879624], [-0.000395485374611, 0.00327578536235, -0.000462395255454, 0.0023834509775, -0.0013040965423, -0.00247978093103, -0.00292116543278, 0.0178688205779, -0.00229582586326, -0.00114682491403, -0.00154278671835, 0.00231284182519, -0.00162333971821], [0.000773014791775, -0.00455352291465, 0.000109639739094, -0.00387697829865, -0.000385422288673, -0.000484211865114, 0.00149544491433, -0.00229582586326, 0.0142893567681, -0.00674216682091, 0.00227069039829, -0.0031906219665, 0.00370534788817], [-0.000646822620183, 0.00505981780589, 0.000308176415274, 0.00276261009276, 0.000235203973716, 0.00204785168171, -0.000105896193418, -0.00114682491403, -0.00674216682091, 0.0199656784534, -0.00880945287645, 0.00228782114573, 0.00126363208983], [0.000506873475388, -0.00472936267033, 0.00062376097776, -0.00301614566706, -0.000505149713717, 0.000945642997976, 0.00117536284961, -0.00154278671835, 0.00227069039829, -0.00880945287645, 0.0236950870603, -0.00738515891135, -0.00281150173396], [-0.000624253065325, 0.0046521583572, -0.00158310797997, 0.00404605688527, 0.0012332315091, -0.000559275154956, 0.000424180441769, 0.00231284182519, -0.0031906219665, 0.00228782114573, -0.00738515891135, 0.0224107019603, -0.00702262995765], [0.000498179462738, -0.00324438302778, 0.000913810508791, -0.00405257940292, -0.000374426541384, 0.000329856266035, -0.000845247879624, -0.00162333971821, 0.00370534788817, 0.00126363208983, -0.00281150173396, -0.00702262995765, 0.0223750956357]]
    },
    "melbands": {
        "mean": [0.0021312632598, 0.00550013175234, 0.00440686009824, 0.00118771148846, 0.000635087257251, 0.000464864249807, 0.000402416684665, 0.000175598353962, 5.96307327214e-005, 4.77424619021e-005, 3.39458310918e-005, 3.48405956174e-005, 2.05579799513e-005, 4.15061185777e-005, 2.46712497756e-005, 1.7774726075e-005, 1.35252421387e-005, 6.06025923844e-006, 7.22294362276e-006, 3.72472823074e-006, 2.41108637056e-006, 3.50433197127e-006, 3.127520813e-006, 1.56735586643e-006, 1.16182638976e-006, 1.21116124774e-006, 1.92644165509e-006, 1.13632313514e-006, 6.41602071028e-007, 3.84491414707e-007, 1.91176383169e-007, 1.60897315027e-007, 1.09244240321e-007, 8.75921131183e-008, 8.54243680237e-008, 1.1136975786e-007, 1.67222012237e-007, 1.61442002877e-007, 1.11535577219e-007, 1.10508324269e-007],
        "var": [3.22698615491e-005, 5.19722088939e-005, 2.99254897982e-005, 2.271322046e-006, 1.05312130927e-006, 1.63242111739e-006, 8.48756030791e-007, 1.0002214168e-007, 1.040798292e-008, 5.59749668838e-009, 5.68515856614e-009, 2.84841550346e-009, 1.27415411555e-009, 6.83606327101e-009, 1.65139113495e-009, 9.40585609399e-010, 7.92044652087e-010, 2.71270866881e-010, 2.04022049255e-010, 5.61366196583e-011, 3.39225210422e-011, 6.06646261003e-011, 3.36560675163e-011, 8.86084781937e-012, 8.29127044799e-012, 6.35422270356e-012, 1.63735084519e-011, 5.47147743779e-012, 1.5038589948e-012, 7.06171937332e-013, 2.9142665928e-013, 1.72101075795e-013, 6.29234145799e-014, 4.09698283058e-014, 3.83381308199e-014, 8.03015965355e-014, 2.20612143462e-013, 2.22476632386e-013, 1.11197123287e-013, 1.07573407918e-013]
    },
    "mfcc": {
        "mean": [-728.279846191, 187.022598267, 25.1424674988, 26.9143428802, 14.0140457153, 7.84196662903, 11.3631839752, -1.50685060024, -6.14706754684, -0.651531457901, -5.87232112885, 2.77548217773, -0.774048745632],
        "cov": [[4727.74658203, -729.447387695, -965.596862793, 252.899597168, -279.103302002, -105.643508911, 52.8680763245, -194.416595459, -65.2259140015, 10.5478839874, -17.0691947937, 100.125534058, -32.1028137207], [-729.447387695, 1062.64013672, -160.297058105, 126.363220215, 48.9516792297, 33.768447876, -3.54809904099, 50.7518348694, 22.1044902802, 11.6136569977, -1.60072648525, -12.494805336, 3.17988491058], [-965.596862793, -160.297058105, 796.828063965, -194.997650146, 163.643478394, 72.8111495972, -6.07340812683, 94.8427658081, 12.4341440201, -10.5071191788, 1.63120055199, -36.2358398438, 25.8174610138], [252.899597168, 126.363220215, -194.997650146, 241.10118103, -37.2389907837, 9.64922428131, 23.3588962555, -13.290854454, 18.5106906891, 23.2646179199, 8.42810153961, 10.8507175446, -6.60673522949], [-279.103302002, 48.9516792297, 163.643478394, -37.2389907837, 155.993041992, 33.6194953918, 10.8506135941, 47.2736320496, 12.2942352295, 2.79528903961, 7.31826686859, -1.70956194401, 6.98495340347], [-105.643508911, 33.768447876, 72.8111495972, 9.64922428131, 33.6194953918, 93.2952957153, 17.5734233856, 33.4835624695, 18.7693881989, 6.59582185745, 3.04161429405, -6.14773082733, 6.55250072479], [52.8680763245, -3.54809904099, -6.07340812683, 23.3588962555, 10.8506135941, 17.5734233856, 123.708534241, 22.1781082153, 16.0889263153, 4.52220726013, -16.6020812988, 10.6494951248, -14.3295383453], [-194.416595459, 50.7518348694, 94.8427658081, -13.290854454, 47.2736320496, 33.4835624695, 22.1781082153, 97.4259109497, 27.8826446533, -1.24165964127, -2.42004442215, -2.52978444099, -7.42694997787], [-65.2259140015, 22.1044902802, 12.4341440201, 18.5106906891, 12.2942352295, 18.7693881989, 16.0889263153, 27.8826446533, 69.9843444824, 23.8174057007, 7.32815933228, 3.24594330788, -3.95236682892], [10.5478839874, 11.6136569977, -10.5071191788, 23.2646179199, 2.79528903961, 6.59582185745, 4.52220726013, -1.24165964127, 23.8174057007, 59.3893928528, 22.5031242371, 6.54489469528, 3.56139421463], [-17.0691947937, -1.60072648525, 1.63120055199, 8.42810153961, 7.31826686859, 3.04161429405, -16.6020812988, -2.42004442215, 7.32815933228, 22.5031242371, 69.8233032227, 24.798204422, 9.62105846405], [100.125534058, -12.494805336, -36.2358398438, 10.8507175446, -1.70956194401, -6.14773082733, 10.6494951248, -2.52978444099, 3.24594330788, 6.54489469528, 24.798204422, 67.0097045898, 10.8190307617], [-32.1028137207, 3.17988491058, 25.8174610138, -6.60673522949, 6.98495340347, 6.55250072479, -14.3295383453, -7.42694997787, -3.95236682892, 3.56139421463, 9.62105846405, 10.8190307617, 68.5387878418]],
        "icov": [[0.000384426326491, 0.000349054374965, 0.000466738274554, -0.000192660372704, 1.88854937733e-005, -0.000131349777803, -6.33512099739e-005, 7.69124962972e-005, 0.000262866233243, -0.000115105169243, 0.000223654627916, -0.000310852658004, 1.40177153298e-005], [0.000349054374965, 0.00144451484084, 0.000787646858953, -0.000654192990623, -0.000581200642046, -0.000305315246806, 0.000241478148382, -0.000676094321534, 0.000302882050164, -0.000152831315063, 0.000301290216157, 9.88207248156e-005, -0.000230120451306], [0.000466738274554, 0.000787646858953, 0.00284326937981, 0.00106763269287, -0.0015495197149, -0.00109751650598, 6.08955415373e-005, -0.00113554624841, 0.000389558495954, -0.000169709950569, -3.02401567751e-005, 0.000745782395825, -0.000715701316949], [-0.000192660372704, -0.000654192990623, 0.00106763269287, 0.00600009644404, 0.000517343403772, -0.00129277864471, -0.000857599487063, 0.000386502651963, -0.000976276351139, -0.001220782171, -0.000583554909099, 0.000181815892574, 0.000110128501547], [1.88854937733e-005, -0.000581200642046, -0.0015495197149, 0.000517343403772, 0.00936861988157, -0.00107282889076, -0.000589065661188, -0.00225713406689, 0.000244057984673, -0.00038565081195, -0.000864343543071, -0.000512840517331, -0.000314199860441], [-0.000131349777803, -0.000305315246806, -0.00109751650598, -0.00129277864471, -0.00107282889076, 0.0139608671889, -0.00144007790368, -0.00280775432475, -0.00164289434906, -0.000113388814498, -0.00100195873529, 0.00188932952005, -0.00183568650391], [-6.33512099739e-005, 0.000241478148382, 6.08955415373e-005, -0.000857599487063, -0.000589065661188, -0.00144007790368, 0.00996396970004, -0.00152058491949, -0.000865601701662, -0.00117131171282, 0.00381712894887, -0.00304369209334, 0.00192521733698], [7.69124962972e-005, -0.000676094321534, -0.00113554624841, 0.000386502651963, -0.00225713406689, -0.00280775432475, -0.00152058491949, 0.0160172414035, -0.00525608472526, 0.00261382036842, 0.000245353148784, -0.000817692722194, 0.00210430449806], [0.000262866233243, 0.000302882050164, 0.000389558495954, -0.000976276351139, 0.000244057984673, -0.00164289434906, -0.000865601701662, -0.00525608472526, 0.0199608057737, -0.00763184670359, 0.000315317709465, -0.000649262103252, 0.000855739112012], [-0.000115105169243, -0.000152831315063, -0.000169709950569, -0.001220782171, -0.00038565081195, -0.000113388814498, -0.00117131171282, 0.00261382036842, -0.00763184670359, 0.0231434851885, -0.0070469728671, 0.00137355492916, -0.000882363936398], [0.000223654627916, 0.000301290216157, -3.02401567751e-005, -0.000583554909099, -0.000864343543071, -0.00100195873529, 0.00381712894887, 0.000245353148784, 0.000315317709465, -0.0070469728671, 0.0205450002104, -0.00780690042302, -0.000212848637602], [-0.000310852658004, 9.88207248156e-005, 0.000745782395825, 0.000181815892574, -0.000512840517331, 0.00188932952005, -0.00304369209334, -0.000817692722194, -0.000649262103252, 0.00137355492916, -0.00780690042302, 0.0197273921221, -0.00339384959079], [1.40177153298e-005, -0.000230120451306, -0.000715701316949, 0.000110128501547, -0.000314199860441, -0.00183568650391, 0.00192521733698, 0.00210430449806, 0.000855739112012, -0.000882363936398, -0.000212848637602, -0.00339384959079, 0.0163865834475]]
    },
    "spectral_contrast_coeffs": {
        "mean": [-0.584438621998, -0.723954200745, -0.790350139141, -0.793779790401, -0.806257426739, -0.798494935036],
        "var": [0.00617114407942, 0.00567916268483, 0.00298123410903, 0.00316202291287, 0.00270490045659, 0.00234069535509]
    },
    "spectral_contrast_valleys": {
        "mean": [-6.86620759964, -6.84843206406, -7.70794534683, -8.58520126343, -8.94556236267, -11.5957098007],
        "var": [1.2968878746, 1.07115542889, 1.07581532001, 1.17500424385, 1.29519820213, 1.18053770065]
    }
},
"metadata": {
    "audio_properties": {
        "analysis_sample_rate": 44100,
        "bit_rate": 110774,
        "equal_loudness": 0,
        "length": 45.0612258911,
        "lossless": 0,
        "replay_gain": -5.54480361938,
        "sample_rate": 44100,
        "codec": "mp3",
        "downmix": "mix",
        "md5_encoded": "1a01b9dd9d774e5f391ba77cbb2e4545"
    },
    "tags": {
        "file_name": "675.mp3"
    },
    "version": {
        "essentia": "2.1-beta2",
        "essentia_git_sha": "v2.1_beta2",
        "extractor": "music 1.0"
    }
},
"rhythm": {
    "beats_count": 87,
    "beats_loudness": {
        "mean": 0.0709904655814,
        "var": 0.00207033730112
    },
    "bpm": 117.053344727,
    "bpm_histogram_first_peak_bpm": {
        "mean": 117,
        "var": 0
    },
    "bpm_histogram_first_peak_spread": {
        "mean": 0.37804877758,
        "var": 0
    },
    "bpm_histogram_first_peak_weight": {
        "mean": 0.593023240566,
        "var": 0
    },
    "bpm_histogram_second_peak_bpm": {
        "mean": 123,
        "var": 0
    },
    "bpm_histogram_second_peak_spread": {
        "mean": 0.33333337307,
        "var": 0
    },
    "bpm_histogram_second_peak_weight": {
        "mean": 0.0232558138669,
        "var": 0
    },
    "danceability": 1.93396568298,
    "onset_rate": 5.87823724747,
    "beats_loudness_band_ratio": {
        "mean": [0.821076691151, 0.117198459804, 0.0588460117579, 0.0177014600486, 0.00556995812804, 0.0021049331408],
        "var": [0.0180216152221, 0.00898151472211, 0.00497930310667, 0.000250579789281, 6.8631641625e-005, 8.8336164481e-006]
    },
    "beats_position": [0.487619042397, 0.986848056316, 1.46285712719, 1.95047616959, 2.4497051239, 2.94893407822, 3.45977306366, 3.97061228752, 4.48145103455, 4.98067998886, 5.47990942001, 5.99074840546, 6.5015873909, 7.01242637634, 7.52326536179, 8.03410434723, 8.53333282471, 9.03256225586, 9.54340076447, 10.0542402267, 10.5766887665, 11.0991382599, 11.6099767685, 12.1208162308, 12.6316547394, 13.1424942017, 13.6533327103, 14.1641721725, 14.6750106812, 15.1858501434, 15.696688652, 16.2075271606, 16.7299766541, 17.2408161163, 17.7632656097, 18.2741031647, 18.784942627, 19.2957820892, 19.8182315826, 20.3406791687, 20.851518631, 21.3623580933, 21.8848075867, 22.4072551727, 22.9297046661, 23.4521541595, 23.974603653, 24.497051239, 25.0078907013, 25.5187301636, 26.0295696259, 26.5404071808, 27.0512466431, 27.5620861053, 28.0845336914, 28.6069831848, 29.1178226471, 29.6286621094, 30.1394996643, 30.6503391266, 31.1611785889, 31.6720180511, 32.1596374512, 32.6588668823, 33.1697044373, 33.6689338684, 34.1797714233, 34.7022209167, 35.2246704102, 35.7355079651, 36.2463493347, 36.7571868896, 37.2796363831, 37.8020858765, 38.3129234314, 38.8353729248, 39.3578224182, 39.8686599731, 40.3795013428, 40.91355896, 41.4243965149, 41.9468460083, 42.4576873779, 42.9685249329, 43.4793624878, 44.0018119812, 44.5126533508]
},
"tonal": {
    "chords_changes_rate": 0.0730452686548,
    "chords_number_rate": 0.00617283955216,
    "chords_strength": {
        "mean": 0.459714323282,
        "var": 0.00509910518304
    },
    "hpcp_entropy": {
        "mean": 2.1506023407,
        "var": 0.516647994518
    },
    "key_strength": 0.71636736393,
    "tuning_diatonic_strength": 0.621651172638,
    "tuning_equal_tempered_deviation": 0.0765918567777,
    "tuning_frequency": 438.731048584,
    "tuning_nontempered_energy_ratio": 0.776655375957,
    "hpcp": {
        "mean": [0.0418992266059, 0.0474651753902, 0.0846020281315, 0.16209860146, 0.15406511724, 0.105382494628, 0.119076557457, 0.208746999502, 0.428519487381, 0.458340793848, 0.237299099565, 0.108923882246, 0.0800769180059, 0.0647061020136, 0.0642681717873, 0.0740335211158, 0.0585088804364, 0.0383624844253, 0.0377725027502, 0.0325053520501, 0.0383719094098, 0.0801221877337, 0.134138137102, 0.173493981361, 0.144212558866, 0.0701896622777, 0.0324431732297, 0.0272617619485, 0.0333286486566, 0.100127436221, 0.172814533114, 0.116081401706, 0.0344079844654, 0.0194335319102, 0.0214448031038, 0.0299736559391],
        "var": [0.0208466369659, 0.0172510650009, 0.024178320542, 0.0654158890247, 0.0604916028678, 0.0477595292032, 0.0534084811807, 0.065840639174, 0.135657608509, 0.156828358769, 0.086521923542, 0.0572718642652, 0.0441337935627, 0.0353821888566, 0.0231093354523, 0.0241643246263, 0.017620421946, 0.0113396607339, 0.0100010987371, 0.00795537047088, 0.0090383309871, 0.032596282661, 0.0680752471089, 0.0893297642469, 0.0620829053223, 0.0257262252271, 0.0102945435792, 0.00769025692716, 0.00922618247569, 0.0395301505923, 0.101587571204, 0.0534451827407, 0.0118710650131, 0.00563514744863, 0.00964479707181, 0.0147580383345]
    },
    "chords_histogram": [0, 0, 0, 0, 0, 0, 0, 0, 0, 0, 0, 0, 1.54320991039, 0, 0, 0, 3.80658435822, 0, 13.5802469254, 25.2057609558, 0, 0, 9.67078208923, 46.1934165955],
    "thpcp": [1, 0.51773506403, 0.237648233771, 0.174710437655, 0.141174659133, 0.140219181776, 0.161525055766, 0.12765365839, 0.0836986005306, 0.0824113935232, 0.0709196105599, 0.0837191641331, 0.174809202552, 0.292660266161, 0.37852615118, 0.314640462399, 0.153138592839, 0.0707839503884, 0.0594792403281, 0.0727158710361, 0.218456298113, 0.377043753862, 0.253264397383, 0.075070746243, 0.0423997417092, 0.0467878989875, 0.0653960034251, 0.0914150029421, 0.103558696806, 0.184583231807, 0.353663921356, 0.336136609316, 0.22992169857, 0.259799182415, 0.455440580845, 0.934936404228],
    "chords_key": "C",
    "chords_scale": "major",
    "key_key": "E",
    "key_scale": "minor"
}
}