{
"lowlevel": {
    "average_loudness": 0.961706995964,
    "barkbands_crest": {
        "mean": 10.7694282532,
        "var": 23.2056293488
    },
    "barkbands_flatness_db": {
        "mean": 0.151822581887,
        "var": 0.00286428374238
    },
    "barkbands_kurtosis": {
        "mean": 3.6857688427,
        "var": 141.55947876
    },
    "barkbands_skewness": {
        "mean": 1.19306278229,
        "var": 2.26044082642
    },
    "barkbands_spread": {
        "mean": 30.9514961243,
        "var": 500.069976807
    },
    "dissonance": {
        "mean": 0.46545663476,
        "var": 0.000845394155476
    },
    "dynamic_complexity": 2.01287269592,
    "erbbands_crest": {
        "mean": 10.5640764236,
        "var": 28.3637199402
    },
    "erbbands_flatness_db": {
        "mean": 0.151918083429,
        "var": 0.00291423639283
    },
    "erbbands_kurtosis": {
        "mean": 1.40509855747,
        "var": 6.26444387436
    },
    "erbbands_skewness": {
        "mean": 0.0969530120492,
        "var": 0.587149262428
    },
    "erbbands_spread": {
        "mean": 39.3371086121,
        "var": 750.883178711
    },
    "hfc": {
        "mean": 35.5671272278,
        "var": 1886.40283203
    },
    "melbands_crest": {
        "mean": 14.5210456848,
        "var": 27.8211727142
    },
    "melbands_flatness_db": {
        "mean": 0.194827452302,
        "var": 0.00636858120561
    },
    "melbands_kurtosis": {
        "mean": 16.3650283813,
        "var": 1211.07104492
    },
    "melbands_skewness": {
        "mean": 2.62715435028,
        "var": 5.94964790344
    },
    "melbands_spread": {
        "mean": 30.9355163574,
        "var": 637.976135254
    },
    "pitch_salience": {
        "mean": 0.501679420471,
        "var": 0.0174739174545
    },
    "silence_rate_20dB": {
        "mean": 1,
        "var": 0
    },
    "silence_rate_30dB": {
        "mean": 0.998970687389,
        "var": 0.00102827930823
    },
    "silence_rate_60dB": {
        "mean": 0.0283067412674,
        "var": 0.027505312115
    },
    "spectral_centroid": {
        "mean": 1578.5994873,
        "var": 768408.3125
    },
    "spectral_complexity": {
        "mean": 17.3510036469,
        "var": 138.961547852
    },
    "spectral_decrease": {
        "mean": -6.63466970252e-009,
        "var": 2.61324536935e-017
    },
    "spectral_energy": {
        "mean": 0.028266819194,
        "var": 0.000426848855568
    },
    "spectral_energyband_high": {
        "mean": 0.00253047514707,
        "var": 1.63090426213e-005
    },
    "spectral_energyband_low": {
        "mean": 0.0147873582318,
        "var": 0.000329233444063
    },
    "spectral_energyband_middle_high": {
        "mean": 0.00671978248283,
        "var": 3.353725333e-005
    },
    "spectral_energyband_middle_low": {
        "mean": 0.00524392398074,
        "var": 2.04207190109e-005
    },
    "spectral_entropy": {
        "mean": 7.74937057495,
        "var": 0.20990280807
    },
    "spectral_flux": {
        "mean": 0.0907010510564,
        "var": 0.0019935304299
    },
    "spectral_kurtosis": {
        "mean": 3.35319900513,
        "var": 7.32470464706
    },
    "spectral_rms": {
        "mean": 0.00487988628447,
        "var": 3.76407956537e-006
    },
    "spectral_rolloff": {
        "mean": 2507.85083008,
        "var": 9043318
    },
    "spectral_skewness": {
        "mean": 1.40156340599,
        "var": 0.243844494224
    },
    "spectral_spread": {
        "mean": 5811414.5,
        "var": 7.77165786317e+012
    },
    "spectral_strongpeak": {
        "mean": 1.03259515762,
        "var": 1.61020028591
    },
    "zerocrossingrate": {
        "mean": 0.0847387835383,
        "var": 0.00333527172916
    },
    "barkbands": {
        "mean": [5.51950943191e-005, 0.0100343767554, 0.00376211758703, 0.00169194920454, 0.00141674175393, 0.000367025932064, 0.000578033505008, 0.000668995722663, 0.000394699774915, 0.000747972109821, 0.00123206537683, 0.00152790977154, 0.000745331286453, 0.000441616895841, 0.000529478944372, 0.000288915092824, 0.000229227429372, 0.000335235788953, 0.000490967475343, 0.000368002423784, 0.000308490358293, 0.000379788543796, 0.000369253306417, 0.000263729220023, 0.000470539671369, 0.000569133844692, 1.55635717647e-008],
        "var": [1.15733760353e-008, 0.000204613374081, 3.30211260007e-005, 6.22842935627e-006, 4.14530313719e-006, 2.23102304631e-007, 4.95931772093e-007, 1.9590077045e-006, 8.71535689839e-007, 2.71192539003e-006, 5.30120905751e-006, 6.43777548248e-006, 2.41217048824e-006, 3.18650734243e-007, 6.12383246335e-007, 2.14454104253e-007, 1.54822132004e-007, 5.06427625169e-007, 1.46494392084e-006, 6.00031114573e-007, 2.34196619431e-007, 2.98001765486e-007, 4.43472885081e-007, 2.53817034945e-007, 1.09912002699e-006, 1.54715655754e-006, 4.94351535076e-014]
    },
    "erbbands": {
        "mean": [0.209913164377, 2.50461602211, 4.44752693176, 5.68979692459, 4.99143791199, 4.73071718216, 3.71995925903, 3.15708112717, 8.40340900421, 11.7780628204, 11.2751045227, 10.462893486, 12.6543722153, 43.5107345581, 51.5974769592, 61.4227256775, 38.2066841125, 24.2341957092, 26.687921524, 22.6460151672, 15.2304058075, 14.2358570099, 19.5764293671, 16.1425209045, 27.3658065796, 19.4298839569, 15.4138431549, 10.500787735, 15.1313285828, 12.9401569366, 9.21095371246, 5.9072098732, 4.31070518494, 3.57967567444, 4.29202699661, 3.1599843502, 0.972531914711, 0.0485169515014, 0.0010569980368, 9.96351591311e-005],
        "var": [0.101285904646, 12.977563858, 42.004989624, 68.9831542969, 62.3163757324, 59.5873527527, 36.2981948853, 15.6455259323, 101.612533569, 476.746551514, 361.843536377, 640.360351563, 559.845031738, 8212.73632813, 5931.08300781, 11814.2939453, 5179.37744141, 846.92590332, 1253.79370117, 1273.91113281, 579.778076172, 701.334838867, 1745.91894531, 1152.98535156, 5008.53515625, 1843.34863281, 653.168212891, 252.088439941, 560.268920898, 450.036468506, 283.982269287, 129.413299561, 67.8724899292, 65.1152420044, 97.7345504761, 47.1290397644, 5.11889696121, 0.0132692558691, 5.58942747375e-006, 2.32489441032e-008]
    },
    "gfcc": {
        "mean": [7.13528823853, 71.8638839722, -111.020027161, 37.0837097168, -53.6115837097, 38.5991096497, -31.5281181335, 6.74455022812, -29.6550521851, 9.89277267456, -17.9809684753, 3.46227502823, -15.6669797897],
        "cov": [[5819.97021484, -1928.0057373, 572.752441406, 259.204742432, 151.295196533, 140.402420044, -207.675247192, 386.782836914, -176.13331604, 214.864044189, -268.844177246, 373.737609863, -298.416778564], [-1928.0057373, 2151.21630859, -658.524353027, -243.350753784, -8.61762332916, -3.78902316093, 214.237319946, -291.11416626, 173.892578125, -166.210769653, 217.356689453, -318.104125977, 214.85105896], [572.752441406, -658.524353027, 1314.2947998, 165.225830078, 205.469329834, 229.659881592, -46.3185501099, 145.890151978, -113.145088196, 113.244979858, -133.346572876, 158.85395813, -76.7026748657], [259.204742432, -243.350753784, 165.225830078, 492.443206787, 81.7446136475, -65.1681442261, 26.4112739563, 42.5104103088, -55.7298736572, -20.7972049713, -5.36596298218, 32.0658836365, 10.0582284927], [151.295196533, -8.61762332916, 205.469329834, 81.7446136475, 279.197357178, 81.5011825562, 81.5416488647, 52.4411354065, 47.0053863525, 51.1583938599, -1.31740021706, 22.4880867004, -15.6291799545], [140.402420044, -3.78902316093, 229.659881592, -65.1681442261, 81.5011825562, 242.616958618, 38.928565979, 40.3270225525, 27.4994487762, 51.1778297424, -3.7165415287, 11.1127786636, -6.5524559021], [-207.675247192, 214.237319946, -46.3185501099, 26.4112739563, 81.5416488647, 38.928565979, 161.811309814, 26.5999565125, 68.2152633667, 17.5278148651, 32.5253181458, -23.7859573364, 28.7976360321], [386.782836914, -291.11416626, 145.890151978, 42.5104103088, 52.4411354065, 40.3270225525, 26.5999565125, 152.894622803, 45.2791099548, 70.950920105, -24.619808197, 49.9017105103, -37.6250953674], [-176.13331604, 173.892578125, -113.145088196, -55.7298736572, 47.0053863525, 27.4994487762, 68.2152633667, 45.2791099548, 166.822265625, 66.8813171387, 42.6694335938, -38.6788825989, -8.40539169312], [214.864044189, -166.210769653, 113.244979858, -20.7972049713, 51.1583938599, 51.1778297424, 17.5278148651, 70.950920105, 66.8813171387, 124.984664917, 3.38209986687, 26.7991333008, -44.2814292908], [-268.844177246, 217.356689453, -133.346572876, -5.36596298218, -1.31740021706, -3.7165415287, 32.5253181458, -24.619808197, 42.6694335938, 3.38209986687, 76.9973602295, -18.8325195313, 34.4305305481], [373.737609863, -318.104125977, 158.85395813, 32.0658836365, 22.4880867004, 11.1127786636, -23.7859573364, 49.9017105103, -38.6788825989, 26.7991333008, -18.8325195313, 119.58568573, -5.38146877289], [-298.416778564, 214.85105896, -76.7026748657, 10.0582284927, -15.6291799545, -6.5524559021, 28.7976360321, -37.6250953674, -8.40539169312, -44.2814292908, 34.4305305481, -5.38146877289, 91.6605148315]],
        "icov": [[0.000344553700415, -9.37446748139e-005, 0.000297446793411, -0.000243578659138, -0.000116223644, -0.000371694244677, 0.000347136025084, -0.000523417664226, 0.000430965097621, -0.000377914315322, 0.000859639956616, -0.000919967424124, 0.000726851285435], [-9.37446748139e-005, 0.00213666027412, -0.000469923950732, 0.000968014122918, -0.000437531562056, 0.000311002600938, -0.00141575094312, 0.00200276379474, -0.00139261526056, 0.00186150963418, -0.0031581511721, 0.00380360241979, -0.00241723493673], [0.000297446793411, -0.000469923950732, 0.00200376054272, -0.000863122055307, -0.000723823381122, -0.00167812919244, 0.00105615425855, -0.00100173510145, 0.00169847032521, -0.0019643404521, 0.00320449657738, -0.00216266536154, 0.000731066975277], [-0.000243578659138, 0.000968014122918, -0.000863122055307, 0.00341547327116, -0.00102250569034, 0.00186322582886, -0.00136998319067, -0.000372878886992, 0.000649709487334, 0.00170830520801, -0.00336073408835, 0.00269444612786, -0.00161743094213], [-0.000116223644, -0.000437531562056, -0.000723823381122, -0.00102250569034, 0.00581084797159, -0.000851582037285, -0.00238688499667, 0.000649336259812, -0.00152193545364, -0.000280306790955, 0.000564609945286, -0.00159641401842, 0.0015192751307], [-0.000371694244677, 0.000311002600938, -0.00167812919244, 0.00186322582886, -0.000851582037285, 0.00687486771494, -0.00157000601757, -7.12066685082e-005, -0.000233244471019, -0.000329128932208, -0.00240579200909, 0.00249259849079, -0.00186791457236], [0.000347136025084, -0.00141575094312, 0.00105615425855, -0.00136998319067, -0.00238688499667, -0.00157000601757, 0.0115429833531, -0.00380028830841, -0.000895461591426, -0.00143982039299, 0.00178480078466, -0.00117417098954, -0.00173997972161], [-0.000523417664226, 0.00200276379474, -0.00100173510145, -0.000372878886992, 0.000649336259812, -7.12066685082e-005, -0.00380028830841, 0.015827268362, -0.00653869658709, -0.00102103850804, 0.00137721037026, -0.000798704917543, -0.0010565466946], [0.000430965097621, -0.00139261526056, 0.00169847032521, 0.000649709487334, -0.00152193545364, -0.000233244471019, -0.000895461591426, -0.00653869658709, 0.0161895062774, -0.00777247408405, -0.00238249753602, 0.00207334221341, 0.0020848531276], [-0.000377914315322, 0.00186150963418, -0.0019643404521, 0.00170830520801, -0.000280306790955, -0.000329128932208, -0.00143982039299, -0.00102103850804, -0.00777247408405, 0.0201644189656, -0.00815797131509, 0.000398983916966, 0.00465349946171], [0.000859639956616, -0.0031581511721, 0.00320449657738, -0.00336073408835, 0.000564609945286, -0.00240579200909, 0.00178480078466, 0.00137721037026, -0.00238249753602, -0.00815797131509, 0.0306775271893, -0.00879245810211, -0.0030186669901], [-0.000919967424124, 0.00380360241979, -0.00216266536154, 0.00269444612786, -0.00159641401842, 0.00249259849079, -0.00117417098954, -0.000798704917543, 0.00207334221341, 0.000398983916966, -0.00879245810211, 0.0224623978138, -0.0090647181496], [0.000726851285435, -0.00241723493673, 0.000731066975277, -0.00161743094213, 0.0015192751307, -0.00186791457236, -0.00173997972161, -0.0010565466946, 0.0020848531276, 0.00465349946171, -0.0030186669901, -0.0090647181496, 0.0230109337717]]
    },
    "melbands": {
        "mean": [0.00245347805321, 0.00284001789987, 0.00100120576099, 0.00032595047378, 0.000160598661751, 7.20078242011e-005, 0.000126750295749, 0.000138823932502, 8.83933898876e-005, 6.10149181739e-005, 6.15646713413e-005, 0.00016905911616, 0.000161298972671, 0.000177855428774, 0.000114611095341, 7.20606039977e-005, 4.20092947024e-005, 4.21471340815e-005, 3.60540288966e-005, 2.34085746342e-005, 1.68639726326e-005, 1.30702319439e-005, 1.84452001122e-005, 1.53672353918e-005, 1.23288709801e-005, 1.81813175004e-005, 1.79695198312e-005, 1.16725559565e-005, 1.00038205346e-005, 7.46930572859e-006, 5.26125495526e-006, 8.97586323845e-006, 7.07722801963e-006, 7.47660442357e-006, 5.52734854864e-006, 4.21282311436e-006, 3.29820863954e-006, 3.0638161661e-006, 2.74316766991e-006, 3.06752986035e-006],
        "var": [1.24025482364e-005, 1.47662276504e-005, 1.85530268482e-006, 2.27145747544e-007, 7.4981201692e-008, 8.22699863789e-009, 2.43039970371e-008, 8.2144012481e-008, 2.34218653361e-008, 2.57279211269e-008, 1.73477623377e-008, 1.30823053723e-007, 5.92293183388e-008, 8.51479029507e-008, 3.81177684972e-008, 3.10012318039e-008, 3.15720116717e-009, 3.19908788349e-009, 2.95461366484e-009, 1.43256850826e-009, 8.53172754667e-010, 5.29159216445e-010, 1.64242042189e-009, 1.05131114925e-009, 7.1749495234e-010, 2.07480721492e-009, 2.09201145296e-009, 6.45035747038e-010, 2.9248742317e-010, 1.43829920196e-010, 6.82297343624e-011, 2.28979418759e-010, 1.1070124678e-010, 1.79118220256e-010, 1.10874677495e-010, 6.44016853735e-011, 4.55895494966e-011, 3.52409768034e-011, 3.55799903429e-011, 5.34936574204e-011]
    },
    "mfcc": {
        "mean": [-638.769592285, 101.181053162, 5.62450170517, 16.8584823608, 5.15877342224, 27.4036884308, 8.56689739227, 7.30168581009, -1.56969642639, 1.99836206436, 0.577561199665, 2.8624792099, 4.66376304626],
        "cov": [[3702.53686523, -1439.43151855, 52.9730110168, 172.731002808, 226.510986328, -147.937866211, -8.02390289307, 152.864044189, 34.2706031799, -20.5524806976, 40.5651016235, 11.8864650726, 91.8116607666], [-1439.43151855, 1641.78796387, -253.669342041, -230.167373657, -143.516983032, 153.031234741, 5.16423892975, -74.3395080566, -0.268174409866, 69.1848526001, -12.5369138718, 37.4417877197, -14.3319759369], [52.9730110168, -253.669342041, 810.33392334, 24.9275932312, 231.358184814, 91.9481658936, 123.666854858, 49.4377784729, 63.0538139343, -44.6672859192, 27.9332561493, -35.4841308594, -26.5787372589], [172.731002808, -230.167373657, 24.9275932312, 459.146697998, 65.9790496826, 7.64349985123, 63.750919342, 44.7881546021, 5.50352144241, 4.8153295517, -24.6951751709, -10.5259866714, -14.4162817001], [226.510986328, -143.516983032, 231.358184814, 65.9790496826, 241.921020508, 80.3319854736, 64.1367263794, 43.2280349731, 50.1931495667, 9.45648956299, 37.7795143127, 23.7391777039, 32.7446022034], [-147.937866211, 153.031234741, 91.9481658936, 7.64349985123, 80.3319854736, 152.913116455, 70.5614013672, 20.5071525574, 32.7126235962, 19.8850135803, 18.5375232697, 20.666639328, 18.8391933441], [-8.02390289307, 5.16423892975, 123.666854858, 63.750919342, 64.1367263794, 70.5614013672, 125.388572693, 45.5527992249, 25.8349761963, -1.06991767883, -8.19297790527, -19.3916702271, -9.46740436554], [152.864044189, -74.3395080566, 49.4377784729, 44.7881546021, 43.2280349731, 20.5071525574, 45.5527992249, 90.8844223022, 41.6970901489, 6.56863212585, 4.61180353165, 8.0572681427, 9.1327457428], [34.2706031799, -0.268174409866, 63.0538139343, 5.50352144241, 50.1931495667, 32.7126235962, 25.8349761963, 41.6970901489, 107.615379333, 58.0818138123, 51.8104782104, 41.3257827759, 37.8824234009], [-20.5524806976, 69.1848526001, -44.6672859192, 4.8153295517, 9.45648956299, 19.8850135803, -1.06991767883, 6.56863212585, 58.0818138123, 100.460739136, 62.3022155762, 56.4240531921, 37.3726425171], [40.5651016235, -12.5369138718, 27.9332561493, -24.6951751709, 37.7795143127, 18.5375232697, -8.19297790527, 4.61180353165, 51.8104782104, 62.3022155762, 99.4521026611, 69.9724960327, 42.8551025391], [11.8864650726, 37.4417877197, -35.4841308594, -10.5259866714, 23.7391777039, 20.666639328, -19.3916702271, 8.0572681427, 41.3257827759, 56.4240531921, 69.9724960327, 102.361373901, 64.5433883667], [91.8116607666, -14.3319759369, -26.5787372589, -14.4162817001, 32.7446022034, 18.8391933441, -9.46740436554, 9.1327457428, 37.8824234009, 37.3726425171, 42.8551025391, 64.5433883667, 97.7491226196]],
        "icov": [[0.000469182152301, 0.000362999824574, 0.000178038841113, 9.20831080293e-005, -0.000411327986512, 0.000246570882155, 3.74524242943e-005, -0.000585621397477, 0.000214410683839, -0.000131217224407, -8.4182676801e-005, 0.00023138585675, -0.000325661152601], [0.000362999824574, 0.00125984451734, 0.000351554481313, 0.000526268500835, 0.00021185039077, -0.00116824172437, -0.000193766856682, 0.000295500562061, -9.91845663521e-005, -0.000825558090582, 0.000998281058855, -0.000708467385266, 0.000508995028213], [0.000178038841113, 0.000351554481313, 0.00232618674636, 0.000331851624651, -0.00173408957198, -0.000154853158165, -0.00126038258895, 0.000476671790238, -0.0014251495013, 0.00188781076577, -0.00141593639273, 0.000736201647669, 0.000975107541308], [9.20831080293e-005, 0.000526268500835, 0.000331851624651, 0.00286741927266, -0.000852650089655, 0.000311903975671, -0.00147558539174, -0.0004179480311, 0.000413952919189, -0.00140786217526, 0.00191624369472, -0.00121482450049, 0.000965314742643], [-0.000411327986512, 0.00021185039077, -0.00173408957198, -0.000852650089655, 0.00834491290152, -0.0033036628738, -0.000287253409624, -0.00038183297147, -0.000600961444434, 0.000949906359892, -0.00150416046381, -0.000219347595703, -0.00165671180002], [0.000246570882155, -0.00116824172437, -0.000154853158165, 0.000311903975671, -0.0033036628738, 0.0129064489156, -0.00610800413415, 0.000561559689231, 2.64804275503e-005, -0.000151866581291, 0.000159702758538, -0.00198351149447, -0.00113632832654], [3.74524242943e-005, -0.000193766856682, -0.00126038258895, -0.00147558539174, -0.000287253409624, -0.00610800413415, 0.0165117811412, -0.00583399366587, -0.000197108034627, -0.00145410990808, 0.000285465212073, 0.00508778169751, -5.84450936003e-005], [-0.000585621397477, 0.000295500562061, 0.000476671790238, -0.0004179480311, -0.00038183297147, 0.000561559689231, -0.00583399366587, 0.0186662040651, -0.0080307982862, 0.00283791078255, 0.00337300170213, -0.00422217929736, 0.00170837889891], [0.000214410683839, -9.91845663521e-005, -0.0014251495013, 0.000413952919189, -0.000600961444434, 2.64804275503e-005, -0.000197108034627, -0.0080307982862, 0.0209606401622, -0.00945284124464, -0.00381256197579, 0.00203836360015, -0.00379848666489], [-0.000131217224407, -0.000825558090582, 0.00188781076577, -0.00140786217526, 0.000949906359892, -0.000151866581291, -0.00145410990808, 0.00283791078255, -0.00945284124464, 0.0242297444493, -0.00992596056312, -0.00271515711211, 0.000157111076987], [-8.4182676801e-005, 0.000998281058855, -0.00141593639273, 0.00191624369472, -0.00150416046381, 0.000159702758538, 0.000285465212073, 0.00337300170213, -0.00381256197579, -0.00992596056312, 0.0292632225901, -0.0153631772846, 0.00289589865133], [0.00023138585675, -0.000708467385266, 0.000736201647669, -0.00121482450049, -0.000219347595703, -0.00198351149447, 0.00508778169751, -0.00422217929736, 0.00203836360015, -0.00271515711211, -0.0153631772846, 0.0308300685138, -0.0123305171728], [-0.000325661152601, 0.000508995028213, 0.000975107541308, 0.000965314742643, -0.00165671180002, -0.00113632832654, -5.84450936003e-005, 0.00170837889891, -0.00379848666489, 0.000157111076987, 0.00289589865133, -0.0123305171728, 0.0199111942202]]
    },
    "spectral_contrast_coeffs": {
        "mean": [-0.664044857025, -0.711938977242, -0.708247721195, -0.754890739918, -0.814457118511, -0.728839159012],
        "var": [0.005259512458, 0.00448846863583, 0.00707732513547, 0.00350602576509, 0.00116005539894, 0.00244425330311]
    },
    "spectral_contrast_valleys": {
        "mean": [-7.22069168091, -7.38757514954, -7.62315893173, -7.7129535675, -7.50949478149, -10.0835313797],
        "var": [1.0995901823, 0.864859879017, 0.846313238144, 0.891780674458, 1.13243472576, 1.40609240532]
    }
},
"metadata": {
    "audio_properties": {
        "analysis_sample_rate": 44100,
        "bit_rate": 113464,
        "equal_loudness": 0,
        "length": 45.0873451233,
        "lossless": 0,
        "replay_gain": -14.0285797119,
        "sample_rate": 44100,
        "codec": "mp3",
        "downmix": "mix",
        "md5_encoded": "533651c3c75cbbe4b42ff7cb4658b887"
    },
    "tags": {
        "file_name": "audio\\677.mp3"
    },
    "version": {
        "essentia": "2.1-beta2",
        "essentia_git_sha": "v2.1_beta2",
        "extractor": "music 1.0"
    }
},
"rhythm": {
    "beats_count": 67,
    "beats_loudness": {
        "mean": 0.0346263758838,
        "var": 0.000140324860695
    },
    "bpm": 89.7246551514,
    "bpm_histogram_first_peak_bpm": {
        "mean": 89,
        "var": 0
    },
    "bpm_histogram_first_peak_spread": {
        "mean": 0.287878811359,
        "var": 0
    },
    "bpm_histogram_first_peak_weight": {
        "mean": 0.712121188641,
        "var": 0
    },
    "bpm_histogram_second_peak_bpm": {
        "mean": 0,
        "var": 0
    },
    "bpm_histogram_second_peak_spread": {
        "mean": 0,
        "var": 0
    },
    "bpm_histogram_second_peak_weight": {
        "mean": 0,
        "var": 0
    },
    "danceability": 1.33819019794,
    "onset_rate": 5.76435804367,
    "beats_loudness_band_ratio": {
        "mean": [0.273777037859, 0.0454987958074, 0.0508069507778, 0.140794530511, 0.185427576303, 0.324278146029],
        "var": [0.0565228164196, 0.00275239883922, 0.00188566138968, 0.0135242603719, 0.00920720864087, 0.0249752923846]
    },
    "beats_position": [0.673378646374, 1.34675729275, 2.02013611794, 2.67029476166, 3.34367346764, 4.01705217361, 4.69043064117, 5.36380958557, 6.025578022, 6.68734693527, 7.36072540283, 8.0224943161, 8.6958732605, 9.35764122009, 10.0310201645, 10.7043991089, 11.3777770996, 12.051156044, 12.7245349884, 13.3746938705, 14.0480718613, 14.7098407745, 15.3832197189, 16.0565986633, 16.7183666229, 17.391746521, 18.0651245117, 18.7152824402, 19.3886623383, 20.062040329, 20.7354183197, 21.4087982178, 22.0705661774, 22.7323360443, 23.405714035, 24.0790920258, 24.7524719238, 25.4026298523, 26.076007843, 26.7493877411, 27.4227657318, 28.0961437225, 28.7695236206, 29.4196815491, 30.0930614471, 30.7664394379, 31.4398174286, 32.1015853882, 32.7633552551, 33.4367332458, 34.1101112366, 34.7602729797, 35.4336509705, 36.1070289612, 36.7804069519, 37.4537849426, 38.1271629333, 38.7889328003, 39.4507026672, 40.124080658, 40.7974586487, 41.4476165771, 42.1209983826, 42.7943763733, 43.467754364, 44.1411323547, 44.8145103455]
},
"tonal": {
    "chords_changes_rate": 0.09465020895,
    "chords_number_rate": 0.0154320988804,
    "chords_strength": {
        "mean": 0.471314787865,
        "var": 0.0100014628842
    },
    "hpcp_entropy": {
        "mean": 2.01314067841,
        "var": 0.560496687889
    },
    "key_strength": 0.663372516632,
    "tuning_diatonic_strength": 0.567819476128,
    "tuning_equal_tempered_deviation": 0.0847458541393,
    "tuning_frequency": 439.491973877,
    "tuning_nontempered_energy_ratio": 0.780504703522,
    "hpcp": {
        "mean": [0.166355967522, 0.137326270342, 0.11693572253, 0.160882905126, 0.15577468276, 0.147876307368, 0.177509441972, 0.176997497678, 0.233163177967, 0.33218511939, 0.292762309313, 0.192118942738, 0.134992316365, 0.0934606641531, 0.119273014367, 0.173427626491, 0.155164346099, 0.122187547386, 0.126305088401, 0.109453730285, 0.106185443699, 0.134624481201, 0.139969959855, 0.160093694925, 0.184482172132, 0.136715590954, 0.082427829504, 0.0622877962887, 0.0507930405438, 0.0741571336985, 0.114642217755, 0.0976010635495, 0.0613088794053, 0.0535468384624, 0.0476811006665, 0.100783668458],
        "var": [0.0673628821969, 0.0439864546061, 0.0376682393253, 0.0756921395659, 0.0610351711512, 0.0558403544128, 0.0799722000957, 0.0672383978963, 0.0786859691143, 0.123924277723, 0.108885213733, 0.0704192444682, 0.0547123998404, 0.0319880880415, 0.0459544584155, 0.0770706310868, 0.0629936680198, 0.0507380589843, 0.054908849299, 0.0430262684822, 0.0357112549245, 0.0479252338409, 0.0515772774816, 0.057397454977, 0.0742677077651, 0.0479131452739, 0.0261465460062, 0.0150101445615, 0.0124304983765, 0.0187426656485, 0.0420017652214, 0.0323061533272, 0.0123357428238, 0.0127307875082, 0.0107872867957, 0.0288312826306]
    },
    "chords_histogram": [21.0905342102, 27.8806591034, 4.11522626877, 8.95061683655, 4.52674913406, 1.13168728352, 0.411522626877, 0, 0.411522626877, 0, 1.33744859695, 1.33744859695, 2.88065838814, 0, 0, 3.49794244766, 0, 0.514403283596, 1.33744859695, 7.09876537323, 1.54320991039, 0.205761313438, 1.23456788063, 10.4938268661],
    "thpcp": [1, 0.881322741508, 0.57834905386, 0.406376779079, 0.281351149082, 0.359055876732, 0.522081255913, 0.467102050781, 0.367829680443, 0.380225002766, 0.329496175051, 0.319657444954, 0.405269443989, 0.421361327171, 0.481941193342, 0.55535954237, 0.411564469337, 0.248138234019, 0.187509298325, 0.1529058218, 0.22324039042, 0.345115453005, 0.293815284967, 0.184562385082, 0.161195769906, 0.14353774488, 0.303396105766, 0.500792980194, 0.413402825594, 0.352019757032, 0.484317004681, 0.468939363956, 0.4451623559, 0.534369051456, 0.532827913761, 0.701907336712],
    "chords_key": "A",
    "chords_scale": "minor",
    "key_key": "F",
    "key_scale": "major"
}
}