{
"lowlevel": {
    "average_loudness": 0.921024739742,
    "barkbands_crest": {
        "mean": 10.9066267014,
        "var": 13.2117671967
    },
    "barkbands_flatness_db": {
        "mean": 0.179498940706,
        "var": 0.00212551862933
    },
    "barkbands_kurtosis": {
        "mean": 5.44384098053,
        "var": 15.7285985947
    },
    "barkbands_skewness": {
        "mean": 1.99629080296,
        "var": 0.469863563776
    },
    "barkbands_spread": {
        "mean": 10.6828269958,
        "var": 33.5968933105
    },
    "dissonance": {
        "mean": 0.449903130531,
        "var": 0.000540386885405
    },
    "dynamic_complexity": 2.05206775665,
    "erbbands_crest": {
        "mean": 8.46750640869,
        "var": 8.74470996857
    },
    "erbbands_flatness_db": {
        "mean": 0.197752922773,
        "var": 0.00172232894693
    },
    "erbbands_kurtosis": {
        "mean": 0.0896103978157,
        "var": 0.739733695984
    },
    "erbbands_skewness": {
        "mean": 0.655703246593,
        "var": 0.169692799449
    },
    "erbbands_spread": {
        "mean": 30.6848964691,
        "var": 92.6567840576
    },
    "hfc": {
        "mean": 13.2947015762,
        "var": 143.607040405
    },
    "melbands_crest": {
        "mean": 14.0798397064,
        "var": 19.3343467712
    },
    "melbands_flatness_db": {
        "mean": 0.245145574212,
        "var": 0.0025156470947
    },
    "melbands_kurtosis": {
        "mean": 10.8375120163,
        "var": 45.242401123
    },
    "melbands_skewness": {
        "mean": 2.61584019661,
        "var": 0.628134071827
    },
    "melbands_spread": {
        "mean": 12.0814838409,
        "var": 58.1230964661
    },
    "pitch_salience": {
        "mean": 0.608470499516,
        "var": 0.00620469450951
    },
    "silence_rate_20dB": {
        "mean": 1,
        "var": 0
    },
    "silence_rate_30dB": {
        "mean": 0.993824005127,
        "var": 0.00613787584007
    },
    "silence_rate_60dB": {
        "mean": 0.00257334019989,
        "var": 0.0025667718146
    },
    "spectral_centroid": {
        "mean": 701.798034668,
        "var": 242768.375
    },
    "spectral_complexity": {
        "mean": 16.6942863464,
        "var": 22.9833488464
    },
    "spectral_decrease": {
        "mean": -6.63912125276e-009,
        "var": 2.46905951678e-017
    },
    "spectral_energy": {
        "mean": 0.0262634586543,
        "var": 0.000385441817343
    },
    "spectral_energyband_high": {
        "mean": 0.000287865870632,
        "var": 4.95929441513e-007
    },
    "spectral_energyband_low": {
        "mean": 0.00279893889092,
        "var": 5.55292899662e-006
    },
    "spectral_energyband_middle_high": {
        "mean": 0.00360285281204,
        "var": 9.71322151599e-006
    },
    "spectral_energyband_middle_low": {
        "mean": 0.0207398515195,
        "var": 0.000271984259598
    },
    "spectral_entropy": {
        "mean": 6.90534257889,
        "var": 0.107303768396
    },
    "spectral_flux": {
        "mean": 0.055556692183,
        "var": 0.00123046524823
    },
    "spectral_kurtosis": {
        "mean": 9.40134716034,
        "var": 43.2215270996
    },
    "spectral_rms": {
        "mean": 0.00479334034026,
        "var": 2.64675986728e-006
    },
    "spectral_rolloff": {
        "mean": 810.836486816,
        "var": 713993.75
    },
    "spectral_skewness": {
        "mean": 2.19387245178,
        "var": 0.342521429062
    },
    "spectral_spread": {
        "mean": 3219960.5,
        "var": 3.34523216691e+012
    },
    "spectral_strongpeak": {
        "mean": 0.965135812759,
        "var": 0.271794825792
    },
    "zerocrossingrate": {
        "mean": 0.0366474799812,
        "var": 0.000546741706785
    },
    "barkbands": {
        "mean": [1.16284818432e-005, 0.000346632819856, 0.00142105203122, 0.00163515901659, 0.00999171100557, 0.00498545356095, 0.00257643312216, 0.00084717804566, 0.000395070150262, 0.000838064413983, 0.000746426230762, 0.00031854675035, 0.000692107656505, 0.000377745425794, 0.000268259493168, 0.000257232924923, 5.66212256672e-005, 9.97963215923e-005, 7.30646352167e-005, 0.000103771031718, 9.32453767746e-005, 2.33738464885e-005, 4.46041376563e-005, 2.19527519221e-005, 2.35938259721e-005, 1.41685204653e-005, 5.93369975377e-007],
        "var": [4.70473937586e-010, 2.32224678598e-007, 1.60367892477e-006, 4.62902289655e-006, 0.000124852260342, 3.43491883541e-005, 6.38544133835e-006, 8.5760825641e-007, 1.44827566828e-007, 7.67982101024e-007, 8.23149946427e-007, 1.21130725006e-007, 9.87294470178e-007, 5.36580387234e-007, 1.22573027284e-007, 2.94700441827e-007, 1.1260480548e-008, 6.5771892821e-008, 2.04113561608e-008, 5.55020953641e-008, 3.00997982094e-008, 4.1679681928e-009, 2.69272302234e-008, 6.58516263741e-009, 2.54929108934e-008, 1.46779965959e-008, 1.36997271166e-011]
    },
    "erbbands": {
        "mean": [0.00340691953897, 0.126174688339, 1.37790179253, 4.38316202164, 15.3889427185, 47.2839126587, 44.5271034241, 25.077129364, 36.3137435913, 22.5153331757, 21.9483795166, 8.03479862213, 22.7414588928, 30.2077121735, 23.9882640839, 15.6064577103, 31.9885787964, 23.14153862, 15.7061367035, 11.6561937332, 14.3336706161, 3.99449133873, 4.47745037079, 6.03132772446, 2.7974524498, 5.08648014069, 4.91670465469, 2.7542514801, 0.990442335606, 0.962427258492, 1.23786723614, 0.610465586185, 0.342862010002, 0.221346497536, 0.181123197079, 0.0986377224326, 0.0178709384054, 0.00270361779258, 8.49208299769e-005, 3.2425927202e-005],
        "var": [1.31065617097e-005, 0.0234633088112, 1.5019119978, 21.6693820953, 439.480529785, 3070.8581543, 2203.63696289, 980.470031738, 1539.66296387, 731.711364746, 331.366149902, 49.0529823303, 993.952514648, 1538.44921875, 1239.6628418, 194.960678101, 1947.97155762, 1293.19763184, 556.215698242, 162.472244263, 1166.82446289, 53.0108108521, 117.598846436, 128.00100708, 30.4941768646, 161.737503052, 79.4592285156, 35.6178436279, 7.44910669327, 5.71183443069, 23.6422176361, 5.35841321945, 1.6715927124, 1.88523006439, 1.88388812542, 0.912596166134, 0.0118143055588, 0.00018434174126, 1.56060750101e-007, 8.31340274399e-010]
    },
    "gfcc": {
        "mean": [-29.8750629425, 140.551239014, -130.588745117, 16.9268360138, -67.365737915, -2.03553009033, -44.6647987366, -18.4435386658, -32.0977096558, -5.90496063232, -13.4602441788, -10.0406370163, -6.41059350967],
        "cov": [[4792.39941406, -1321.25927734, 184.405502319, 174.14630127, -325.716278076, 291.811889648, -395.759857178, 258.712005615, -359.304077148, 270.100006104, -291.830505371, 199.016723633, -250.679580688], [-1321.25927734, 1466.72509766, -469.010772705, -36.9609985352, 199.380523682, -316.092773438, 261.160797119, -324.01361084, 273.186126709, -280.828765869, 208.425750732, -209.398742676, 186.242660522], [184.405502319, -469.010772705, 355.171234131, -29.92045784, -21.5951290131, 105.551063538, -89.9090194702, 125.333427429, -108.381912231, 100.828704834, -71.4637374878, 101.056182861, -94.6519241333], [174.14630127, -36.9609985352, -29.92045784, 138.587936401, -37.2172012329, 10.2893323898, 10.8057088852, -16.7797527313, 22.996799469, -23.6664123535, 6.46577119827, -7.31365728378, -7.76922702789], [-325.716278076, 199.380523682, -21.5951290131, -37.2172012329, 123.602111816, -62.990650177, 42.7388496399, -40.4380455017, 23.3854942322, -22.4072971344, 16.6169204712, -18.564163208, 12.0261650085], [291.811889648, -316.092773438, 105.551063538, 10.2893323898, -62.990650177, 166.722488403, -68.0809936523, 78.9613265991, -62.0374145508, 57.4815559387, -32.6857948303, 29.5461521149, -28.1274394989], [-395.759857178, 261.160797119, -89.9090194702, 10.8057088852, 42.7388496399, -68.0809936523, 123.865364075, -65.4440383911, 58.4404678345, -56.7277526855, 39.2680511475, -22.9451580048, 30.010017395], [258.712005615, -324.01361084, 125.333427429, -16.7797527313, -40.4380455017, 78.9613265991, -65.4440383911, 125.488105774, -68.2148666382, 73.83644104, -45.1854858398, 48.5811538696, -43.3311233521], [-359.304077148, 273.186126709, -108.381912231, 22.996799469, 23.3854942322, -62.0374145508, 58.4404678345, -68.2148666382, 113.498054504, -63.5875740051, 47.6926879883, -38.8279571533, 34.6720275879], [270.100006104, -280.828765869, 100.828704834, -23.6664123535, -22.4072971344, 57.4815559387, -56.7277526855, 73.83644104, -63.5875740051, 116.835121155, -40.7961273193, 30.7412319183, -35.1791267395], [-291.830505371, 208.425750732, -71.4637374878, 6.46577119827, 16.6169204712, -32.6857948303, 39.2680511475, -45.1854858398, 47.6926879883, -40.7961273193, 83.6839599609, -33.3399009705, 23.9998779297], [199.016723633, -209.398742676, 101.056182861, -7.31365728378, -18.564163208, 29.5461521149, -22.9451580048, 48.5811538696, -38.8279571533, 30.7412319183, -33.3399009705, 103.510231018, -38.3714332581], [-250.679580688, 186.242660522, -94.6519241333, -7.76922702789, 12.0261650085, -28.1274394989, 30.010017395, -43.3311233521, 34.6720275879, -35.1791267395, 23.9998779297, -38.3714332581, 95.7737503052]],
        "icov": [[0.00059085880639, -0.000433490553405, 0.000956616015173, -0.000926481036004, 0.000776782864705, -0.00019700822304, 0.0013633602066, 0.000173882508534, 0.0014846600825, -0.000734267057851, 0.00131812994368, -0.000935731397476, 0.00124342855997], [-0.000433490553405, 0.00555982626975, 6.67650310788e-005, 0.00329709937796, -0.00295620877296, 0.00243918038905, -0.00283414870501, 0.00297073158436, -0.00355602428317, 0.00464135967195, -0.00450158305466, 0.0038644541055, -0.00262467842549], [0.000956616015173, 6.67650310788e-005, 0.00821958202869, -0.000758818117902, -0.000841984641738, -0.00156328477897, 0.00289736944251, -0.00119410152547, 0.0034376620315, -0.00140508369077, 0.00216329051182, -0.00415031146258, 0.00466875080019], [-0.000926481036004, 0.00329709937796, -0.000758818117902, 0.0118913808838, 0.000854860583786, 0.000235750761931, -0.00395910069346, 0.00268348213285, -0.00519755575806, 0.00460626138374, -0.00304063456133, 0.00351281207986, -0.000462395080831], [0.000776782864705, -0.00295620877296, -0.000841984641738, 0.000854860583786, 0.0143626695499, 0.00186252372805, -5.83656801609e-005, 0.00111882167403, 0.00310453982092, -0.00291296839714, 0.0034258288797, -0.000884354638401, 0.00288036791608], [-0.00019700822304, 0.00243918038905, -0.00156328477897, 0.000235750761931, 0.00186252372805, 0.0119406748563, 0.000423428049544, -0.00188831775449, 0.000357229349902, 0.00139431003481, -0.00281613715924, 0.00271350611001, -0.00232315529138], [0.0013633602066, -0.00283414870501, 0.00289736944251, -0.00395910069346, -5.83656801609e-005, 0.000423428049544, 0.017698103562, 0.00125911564101, 0.0021420342382, -0.00150291132741, 0.00230908044614, -0.00524114537984, 0.00277185626328], [0.000173882508534, 0.00297073158436, -0.00119410152547, 0.00268348213285, 0.00111882167403, -0.00188831775449, 0.00125911564101, 0.0216053463519, 0.000840287131723, -0.00277557875961, -0.000268843374215, -0.000720298208762, 0.000856205646414], [0.0014846600825, -0.00355602428317, 0.0034376620315, -0.00519755575806, 0.00310453982092, 0.000357229349902, 0.0021420342382, 0.000840287131723, 0.022503875196, -0.00066009152215, 0.00103162333835, -0.00302859535441, 0.00333965430036], [-0.000734267057851, 0.00464135967195, -0.00140508369077, 0.00460626138374, -0.00291296839714, 0.00139431003481, -0.00150291132741, -0.00277557875961, -0.00066009152215, 0.0202674865723, -0.00269816699438, 0.00478282617405, -0.00169617845677], [0.00131812994368, -0.00450158305466, 0.00216329051182, -0.00304063456133, 0.0034258288797, -0.00281613715924, 0.00230908044614, -0.000268843374215, 0.00103162333835, -0.00269816699438, 0.0230350531638, -0.00176594918594, 0.0041484022513], [-0.000935731397476, 0.0038644541055, -0.00415031146258, 0.00351281207986, -0.000884354638401, 0.00271350611001, -0.00524114537984, -0.000720298208762, -0.00302859535441, 0.00478282617405, -0.00176594918594, 0.0183602198958, -0.000904730637558], [0.00124342855997, -0.00262467842549, 0.00466875080019, -0.000462395080831, 0.00288036791608, -0.00232315529138, 0.00277185626328, 0.000856205646414, 0.00333965430036, -0.00169617845677, 0.0041484022513, -0.000904730637558, 0.0186171699315]]
    },
    "melbands": {
        "mean": [6.10105198575e-005, 0.000515606196132, 0.000831707322504, 0.00252234120853, 0.00151125283446, 0.00068925350206, 0.000551242148504, 0.000220461966819, 0.000173358857865, 4.48100327048e-005, 0.00011072736379, 0.000115787282994, 8.67653288879e-005, 3.80796118407e-005, 4.9184764066e-005, 7.92099308455e-005, 3.61082747986e-005, 2.41475463554e-005, 2.22772978304e-005, 1.36027629196e-005, 1.61391126312e-005, 3.30443276653e-006, 3.54340863851e-006, 4.7162948249e-006, 5.16405634698e-006, 1.88605110907e-006, 2.2989295303e-006, 3.60964304491e-006, 3.14584508487e-006, 2.66230472334e-006, 1.14015233521e-006, 5.29923681825e-007, 4.24920983733e-007, 6.37955906768e-007, 7.2088619163e-007, 6.35785795566e-007, 2.78925426755e-007, 2.72601283768e-007, 1.76471246505e-007, 1.80787608883e-007],
        "var": [6.10131722922e-009, 2.256615943e-007, 1.04475225271e-006, 8.74312809174e-006, 2.09480754165e-006, 6.62959507736e-007, 3.08095167156e-007, 7.97639998495e-008, 2.48471554443e-008, 1.84199844266e-009, 2.50173215477e-008, 2.32023840141e-008, 1.34420305997e-008, 2.06063277552e-009, 3.86340470726e-009, 1.23479448888e-008, 3.9794283424e-009, 1.91578153341e-009, 8.93975893312e-010, 3.3853359005e-010, 1.97714689065e-009, 4.2234406944e-011, 6.64816535156e-011, 1.77051595607e-010, 9.98870500202e-011, 1.43613376399e-011, 2.83960025632e-011, 7.59527440941e-011, 4.16904427647e-011, 2.56283189115e-011, 7.35831534593e-012, 2.89855054021e-012, 1.05627529293e-012, 2.97270021099e-012, 6.05498463868e-012, 9.85799202685e-012, 1.34867280104e-012, 1.16143217006e-012, 5.53495183714e-013, 1.88718745492e-012]
    },
    "mfcc": {
        "mean": [-668.312316895, 167.849487305, -8.53385162354, 16.0542984009, -9.35326004028, 6.19433736801, -7.27829551697, -14.6415758133, -16.8694896698, -4.63492918015, -16.8616008759, -2.75249791145, -7.44281482697],
        "cov": [[2864.89428711, -1035.33911133, 258.332275391, -4.89048862457, 17.435426712, 58.6241149902, -32.0723228455, 1.07055342197, -29.2960605621, 10.576382637, 0.888432323933, -4.48155450821, -38.9840164185], [-1035.33911133, 1073.34094238, -343.867767334, 102.996711731, -33.8563537598, -7.37387037277, -34.8642578125, -26.1579685211, -9.22155570984, -14.1459932327, -33.3319549561, -2.24029994011, 23.2377548218], [258.332275391, -343.867767334, 265.17175293, -62.989906311, 42.2912788391, -1.22091412544, 24.7185211182, 29.8751792908, -6.0254073143, -17.4026451111, 35.5270042419, 7.95938205719, -4.377202034], [-4.89048862457, 102.996711731, -62.989906311, 138.19631958, -35.0198974609, 14.2026481628, -30.8857383728, 17.7890338898, -6.9970536232, -19.8440895081, 11.5121030807, 6.79780817032, 2.55541563034], [17.435426712, -33.8563537598, 42.2912788391, -35.0198974609, 88.4641647339, -14.0575580597, 18.8207645416, -13.3018608093, -0.727475881577, 6.87133312225, -1.39477336407, 6.64929103851, 1.66872835159], [58.6241149902, -7.37387037277, -1.22091412544, 14.2026481628, -14.0575580597, 73.1663589478, -12.1493349075, 11.4378805161, 1.46305274963, -1.66840004921, 5.38454437256, -10.3168087006, 1.17509877682], [-32.0723228455, -34.8642578125, 24.7185211182, -30.8857383728, 18.8207645416, -12.1493349075, 85.1457061768, -18.0055961609, 4.14493274689, 10.4321174622, -6.96405982971, 7.85042095184, -0.953874588013], [1.07055342197, -26.1579685211, 29.8751792908, 17.7890338898, -13.3018608093, 11.4378805161, -18.0055961609, 95.8231201172, -11.6266593933, -39.9556541443, 28.1858272552, 5.86996078491, 0.546753823757], [-29.2960605621, -9.22155570984, -6.0254073143, -6.9970536232, -0.727475881577, 1.46305274963, 4.14493274689, -11.6266593933, 68.9539031982, -11.880443573, -9.31897544861, 0.501837193966, -6.31602334976], [10.576382637, -14.1459932327, -17.4026451111, -19.8440895081, 6.87133312225, -1.66840004921, 10.4321174622, -39.9556541443, -11.880443573, 102.888130188, -28.1724758148, -14.5213136673, 8.5274438858], [0.888432323933, -33.3319549561, 35.5270042419, 11.5121030807, -1.39477336407, 5.38454437256, -6.96405982971, 28.1858272552, -9.31897544861, -28.1724758148, 81.5817718506, 0.155053168535, 1.07131266594], [-4.48155450821, -2.24029994011, 7.95938205719, 6.79780817032, 6.64929103851, -10.3168087006, 7.85042095184, 5.86996078491, 0.501837193966, -14.5213136673, 0.155053168535, 78.1975631714, -12.1903133392], [-38.9840164185, 23.2377548218, -4.377202034, 2.55541563034, 1.66872835159, 1.17509877682, -0.953874588013, 0.546753823757, -6.31602334976, 8.5274438858, 1.07131266594, -12.1903133392, 57.8805427551]],
        "icov": [[0.000604696397204, 0.000696024973877, 0.000165323668625, -0.000366551044863, -0.000180242088391, -0.000393941474613, 0.00036235814332, 0.000342231593095, 0.00046912880498, 0.000224361065193, 0.000321592815453, 3.89984706999e-005, 0.000192857289221], [0.000696024973877, 0.00249380408786, 0.00245435209945, -0.000673523638397, -0.000742198259104, -0.000305276655126, 0.000403263256885, 0.000469544989755, 0.00102085631806, 0.000990973087028, 0.000380379991839, -7.63456137065e-006, -0.000330513925292], [0.000165323668625, 0.00245435209945, 0.00820299144834, 0.00173920334782, -0.00251701567322, -0.000383714126656, -0.000816484214738, -0.00142609118484, 0.00103261740878, 0.00133229256608, -0.00182767247315, -0.000368360342691, -0.000377437856514], [-0.000366551044863, -0.000673523638397, 0.00173920334782, 0.0100980782881, 0.00236366339959, -0.000908898597118, 0.00177018286195, -0.000778358546086, 0.000668928259984, 0.00105545890983, -0.00148075819016, -0.00144409423228, -0.000663186016027], [-0.000180242088391, -0.000742198259104, -0.00251701567322, 0.00236366339959, 0.0140907233581, 0.00166639790405, -0.00118933967315, 0.00169435201678, 0.000175626584678, -0.000313382799504, -0.000170620871359, -0.00114545435645, -0.000766559096519], [-0.000393941474613, -0.000305276655126, -0.000383714126656, -0.000908898597118, 0.00166639790405, 0.015155528672, 0.000904644606635, -0.00164986704476, -0.00122265459504, -0.000882866734173, -0.000596744590439, 0.00181213777978, -6.75420087646e-005], [0.00036235814332, 0.000403263256885, -0.000816484214738, 0.00177018286195, -0.00118933967315, 0.000904644606635, 0.0140017615631, 0.00216833362356, -0.000184092408745, -0.000344604544807, 0.000496961118188, -0.00146882201079, -0.000119420896226], [0.000342231593095, 0.000469544989755, -0.00142609118484, -0.000778358546086, 0.00169435201678, -0.00164986704476, 0.00216833362356, 0.0149911697954, 0.00298469490372, 0.00488398829475, -0.00190003367607, -0.000668985536322, -0.000652306131087], [0.00046912880498, 0.00102085631806, 0.00103261740878, 0.000668928259984, 0.000175626584678, -0.00122265459504, -0.000184092408745, 0.00298469490372, 0.0166289638728, 0.00400382466614, 0.00217049382627, 0.000330204202328, 0.00119728362188], [0.000224361065193, 0.000990973087028, 0.00133229256608, 0.00105545890983, -0.000313382799504, -0.000882866734173, -0.000344604544807, 0.00488398829475, 0.00400382466614, 0.0139323361218, 0.00329492101446, 0.00170783489011, -0.00153445987962], [0.000321592815453, 0.000380379991839, -0.00182767247315, -0.00148075819016, -0.000170620871359, -0.000596744590439, 0.000496961118188, -0.00190003367607, 0.00217049382627, 0.00329492101446, 0.0155379455537, 0.000890720169991, -0.000314366392558], [3.89984706999e-005, -7.63456137065e-006, -0.000368360342691, -0.00144409423228, -0.00114545435645, 0.00181213777978, -0.00146882201079, -0.000668985536322, 0.000330204202328, 0.00170783489011, 0.000890720169991, 0.0142386937514, 0.00281034549698], [0.000192857289221, -0.000330513925292, -0.000377437856514, -0.000663186016027, -0.000766559096519, -6.75420087646e-005, -0.000119420896226, -0.000652306131087, 0.00119728362188, -0.00153445987962, -0.000314366392558, 0.00281034549698, 0.0185223817825]]
    },
    "spectral_contrast_coeffs": {
        "mean": [-0.531598389149, -0.668912351131, -0.740296781063, -0.737156033516, -0.748334467411, -0.692382097244],
        "var": [0.00429440476, 0.00372883025557, 0.00293072662316, 0.00187551311683, 0.00159489456564, 0.00178358203266]
    },
    "spectral_contrast_valleys": {
        "mean": [-7.55438709259, -6.52426576614, -7.41472959518, -7.8828587532, -8.61274147034, -12.0517873764],
        "var": [0.821323215961, 0.886274278164, 0.824454307556, 0.80381077528, 0.952847599983, 1.46037352085]
    }
},
"metadata": {
    "audio_properties": {
        "analysis_sample_rate": 44100,
        "bit_rate": 107290,
        "equal_loudness": 0,
        "length": 45.0873451233,
        "lossless": 0,
        "replay_gain": -9.35847663879,
        "sample_rate": 44100,
        "codec": "mp3",
        "downmix": "mix",
        "md5_encoded": "7ab826d882c314cc3621eb1d7c74cee3"
    },
    "tags": {
        "file_name": "audio\\68.mp3"
    },
    "version": {
        "essentia": "2.1-beta2",
        "essentia_git_sha": "v2.1_beta2",
        "extractor": "music 1.0"
    }
},
"rhythm": {
    "beats_count": 71,
    "beats_loudness": {
        "mean": 0.0369737558067,
        "var": 0.000367525557522
    },
    "bpm": 95.6532821655,
    "bpm_histogram_first_peak_bpm": {
        "mean": 96,
        "var": 0
    },
    "bpm_histogram_first_peak_spread": {
        "mean": 0.546875,
        "var": 0
    },
    "bpm_histogram_first_peak_weight": {
        "mean": 0.414285719395,
        "var": 0
    },
    "bpm_histogram_second_peak_bpm": {
        "mean": 86,
        "var": 0
    },
    "bpm_histogram_second_peak_spread": {
        "mean": 0.600000023842,
        "var": 0
    },
    "bpm_histogram_second_peak_weight": {
        "mean": 0.0285714287311,
        "var": 0
    },
    "danceability": 1.13698351383,
    "onset_rate": 4.25675678253,
    "beats_loudness_band_ratio": {
        "mean": [0.179572790861, 0.580782473087, 0.152076110244, 0.105512537062, 0.0330993160605, 0.00976785924286],
        "var": [0.00628999527544, 0.0120864985511, 0.0042771184817, 0.00235077249818, 0.00067385903094, 6.90141750965e-005]
    },
    "beats_position": [0.615328788757, 1.25387752056, 1.90403628349, 2.55419492722, 3.22757363319, 3.90095233917, 4.59755086899, 5.2941493988, 5.97913837433, 6.64090681076, 7.2910656929, 7.91800451279, 8.55655288696, 9.19510173798, 9.83365058899, 10.47219944, 11.0991382599, 11.7260770798, 12.3762359619, 13.0147848129, 13.6533327103, 14.2802715302, 14.90721035, 15.5341491699, 16.1610889435, 16.7880268097, 17.4149665833, 18.0535144806, 18.6920623779, 19.3190021515, 19.9459400177, 20.5728797913, 21.1998176575, 21.8499774933, 22.4769153595, 23.1038551331, 23.7307929993, 24.3809528351, 25.0078907013, 25.6464385986, 26.2849884033, 26.9119262695, 27.5388660431, 28.1541938782, 28.7695236206, 29.3964614868, 30.0234012604, 30.6387290955, 31.2424488068, 31.8577766418, 32.4847145081, 33.111656189, 33.7385940552, 34.3539237976, 34.9576416016, 35.5613594055, 36.1766891479, 36.7804069519, 37.4073448181, 38.0226745605, 38.638004303, 39.2649421692, 39.8802719116, 40.4956016541, 41.1109275818, 41.7262573242, 42.3531951904, 42.9685249329, 43.5954627991, 44.2340126038, 44.86095047]
},
"tonal": {
    "chords_changes_rate": 0.0339506156743,
    "chords_number_rate": 0.00411522621289,
    "chords_strength": {
        "mean": 0.476842820644,
        "var": 0.00325122079812
    },
    "hpcp_entropy": {
        "mean": 1.64179170132,
        "var": 0.462299585342
    },
    "key_strength": 0.836003482342,
    "tuning_diatonic_strength": 0.607979476452,
    "tuning_equal_tempered_deviation": 0.0412454307079,
    "tuning_frequency": 432.441040039,
    "tuning_nontempered_energy_ratio": 0.59699088335,
    "hpcp": {
        "mean": [0.0333430729806, 0.0537886358798, 0.399230837822, 0.747404456139, 0.41117849946, 0.0307981930673, 0.0081056188792, 0.0130230830982, 0.0475505515933, 0.0835131257772, 0.0512986145914, 0.0164808444679, 0.0198286101222, 0.0216069351882, 0.0548998527229, 0.0802701860666, 0.084608964622, 0.349811255932, 0.535543262959, 0.2526011765, 0.0266542807221, 0.01561986655, 0.0113661168143, 0.0314482934773, 0.077941596508, 0.0630035921931, 0.0255248825997, 0.0207628458738, 0.0230050440878, 0.0643977746367, 0.105095304549, 0.0804785266519, 0.144265696406, 0.21006038785, 0.111363485456, 0.0357354804873],
        "var": [0.0091041913256, 0.0169226694852, 0.0448430366814, 0.109945379198, 0.0460490584373, 0.00543145183474, 0.00110120291356, 0.00108467391692, 0.00808115210384, 0.0455278418958, 0.0204572658986, 0.00203779549338, 0.0048462622799, 0.004207725171, 0.00593972811475, 0.0223519951105, 0.0237216576934, 0.0536411777139, 0.117131330073, 0.0407150909305, 0.00503072002903, 0.00183791364543, 0.000521858572029, 0.0015807156451, 0.0155663061887, 0.0116768088192, 0.00247160182334, 0.00158889498562, 0.0031779864803, 0.00959912873805, 0.0412674099207, 0.0308418590575, 0.0359889864922, 0.0742551758885, 0.0246266424656, 0.00491710519418]
    },
    "chords_histogram": [78.0864181519, 0.411522626877, 4.73251008987, 0, 0, 0, 0, 0, 0, 0, 0, 0, 0, 0, 0, 0, 0, 11.6255140305, 0, 0, 0, 0, 5.14403295517, 0],
    "thpcp": [1, 0.550141870975, 0.0412068627775, 0.0108450232074, 0.0174244120717, 0.0636209100485, 0.111737526953, 0.0686356797814, 0.0220507718623, 0.0265299603343, 0.0289092939347, 0.0734540075064, 0.107398591936, 0.113203719258, 0.468034744263, 0.716537415981, 0.337971180677, 0.0356624573469, 0.0208988133818, 0.0152074508369, 0.0420766733587, 0.1042830199, 0.0842965170741, 0.0341513641179, 0.0277799330652, 0.0307799130678, 0.0861618816853, 0.14061370492, 0.107677340508, 0.19302226603, 0.281053155661, 0.149000301957, 0.0478127747774, 0.0446118190885, 0.0719672366977, 0.534156322479],
    "chords_key": "D#",
    "chords_scale": "major",
    "key_key": "D#",
    "key_scale": "major"
}
}