{
"lowlevel": {
    "average_loudness": 0.886263430119,
    "barkbands_crest": {
        "mean": 14.7113170624,
        "var": 34.2091598511
    },
    "barkbands_flatness_db": {
        "mean": 0.281582057476,
        "var": 0.0122394002974
    },
    "barkbands_kurtosis": {
        "mean": 19.6569366455,
        "var": 2146.37841797
    },
    "barkbands_skewness": {
        "mean": 2.50857496262,
        "var": 7.23481750488
    },
    "barkbands_spread": {
        "mean": 10.437830925,
        "var": 189.360824585
    },
    "dissonance": {
        "mean": 0.409476667643,
        "var": 0.00438897544518
    },
    "dynamic_complexity": 6.20490455627,
    "erbbands_crest": {
        "mean": 12.9017190933,
        "var": 34.9755821228
    },
    "erbbands_flatness_db": {
        "mean": 0.219958469272,
        "var": 0.00783164985478
    },
    "erbbands_kurtosis": {
        "mean": 4.32149648666,
        "var": 57.1753463745
    },
    "erbbands_skewness": {
        "mean": 0.834238767624,
        "var": 1.73978304863
    },
    "erbbands_spread": {
        "mean": 26.9088687897,
        "var": 645.867492676
    },
    "hfc": {
        "mean": 10.3428936005,
        "var": 206.812545776
    },
    "melbands_crest": {
        "mean": 17.2555828094,
        "var": 28.0690097809
    },
    "melbands_flatness_db": {
        "mean": 0.381870299578,
        "var": 0.017087733373
    },
    "melbands_kurtosis": {
        "mean": 34.4132041931,
        "var": 4580.50683594
    },
    "melbands_skewness": {
        "mean": 3.21033930779,
        "var": 8.69713592529
    },
    "melbands_spread": {
        "mean": 11.5768194199,
        "var": 446.539764404
    },
    "pitch_salience": {
        "mean": 0.409732848406,
        "var": 0.0222077928483
    },
    "silence_rate_20dB": {
        "mean": 1,
        "var": 0
    },
    "silence_rate_30dB": {
        "mean": 0.980442643166,
        "var": 0.0191751066595
    },
    "silence_rate_60dB": {
        "mean": 0.212043225765,
        "var": 0.16708022356
    },
    "spectral_centroid": {
        "mean": 707.582641602,
        "var": 601062.75
    },
    "spectral_complexity": {
        "mean": 6.13226985931,
        "var": 23.9068622589
    },
    "spectral_decrease": {
        "mean": -7.75502417838e-009,
        "var": 5.60513134061e-017
    },
    "spectral_energy": {
        "mean": 0.0302073396742,
        "var": 0.000856057100464
    },
    "spectral_energyband_high": {
        "mean": 6.12365256529e-005,
        "var": 3.41832837591e-008
    },
    "spectral_energyband_low": {
        "mean": 0.0169023405761,
        "var": 0.000355590047548
    },
    "spectral_energyband_middle_high": {
        "mean": 0.0038485233672,
        "var": 9.22104300116e-005
    },
    "spectral_energyband_middle_low": {
        "mean": 0.010571767576,
        "var": 0.000211582591874
    },
    "spectral_entropy": {
        "mean": 6.47747993469,
        "var": 0.986307621002
    },
    "spectral_flux": {
        "mean": 0.0681902617216,
        "var": 0.00292747770436
    },
    "spectral_kurtosis": {
        "mean": 22.1660785675,
        "var": 917.87487793
    },
    "spectral_rms": {
        "mean": 0.0045932228677,
        "var": 8.37285642774e-006
    },
    "spectral_rolloff": {
        "mean": 798.454956055,
        "var": 3250615
    },
    "spectral_skewness": {
        "mean": 3.19907212257,
        "var": 3.89459013939
    },
    "spectral_spread": {
        "mean": 3670062.5,
        "var": 7.27017114829e+012
    },
    "spectral_strongpeak": {
        "mean": 0.899974942207,
        "var": 2.69339084625
    },
    "zerocrossingrate": {
        "mean": 0.0319674685597,
        "var": 0.00237098429352
    },
    "barkbands": {
        "mean": [1.33517096401e-005, 0.0109054222703, 0.00497150747105, 0.00149565166794, 0.00245761987753, 0.00153825106099, 0.00108640280087, 0.00235525146127, 0.00117885263171, 0.00116731412709, 0.00206864345819, 0.000204752635909, 0.000158792390721, 0.000221383248572, 0.000106056082586, 8.98229627637e-005, 5.82197862968e-005, 3.28205351252e-005, 2.65488779405e-005, 1.54283534357e-005, 1.35071286422e-005, 1.38366622195e-005, 8.02516660769e-006, 7.48917136661e-006, 6.45467980576e-006, 4.50519928563e-006, 1.46174011206e-006],
        "var": [4.11465278516e-010, 0.000177061083377, 6.17882760707e-005, 3.76846060135e-006, 7.94753668742e-006, 2.25970361498e-005, 1.10987803055e-005, 2.84828220174e-005, 3.27294874296e-005, 1.41127929965e-005, 7.449228724e-005, 9.14612371616e-007, 1.638621967e-007, 5.16474869983e-007, 2.18865636725e-007, 8.50656292073e-008, 6.53863239108e-008, 1.29522383929e-008, 1.01326964597e-008, 3.15214299107e-009, 2.41882203156e-009, 4.51066339835e-009, 4.2116035659e-010, 4.22136964273e-010, 2.536793553e-010, 1.45638237581e-010, 2.08197209473e-011]
    },
    "erbbands": {
        "mean": [0.187294602394, 2.88680958748, 6.04133939743, 6.03235912323, 5.69412279129, 8.30570030212, 14.0801534653, 10.2786169052, 10.8253107071, 28.6816139221, 57.3295288086, 29.1900196075, 31.2633991241, 54.5790901184, 62.2790718079, 9.85524177551, 6.45186233521, 14.0442934036, 7.01264047623, 4.47893381119, 5.30560207367, 2.52799487114, 1.79532551765, 1.46915364265, 1.39649879932, 0.729565680027, 0.518567144871, 0.528868675232, 0.48713067174, 0.351913630962, 0.233371451497, 0.183094725013, 0.11166652292, 0.072464235127, 0.0440547950566, 0.01515737921, 0.00878683105111, 0.00374453957193, 0.000151349740918, 3.61333732144e-005],
        "var": [0.0454627685249, 12.7910871506, 88.017364502, 53.0503005981, 52.1333732605, 106.639137268, 863.692077637, 2040.46386719, 1758.828125, 4281.92431641, 18831.4707031, 22078.8359375, 19974.3925781, 16475.6308594, 82564.703125, 820.852233887, 241.237548828, 1296.77832031, 1033.73461914, 124.304618835, 402.774627686, 71.5636978149, 42.1998329163, 19.8606262207, 34.8994560242, 5.6208024025, 2.84408998489, 4.79831457138, 7.53508329391, 1.5224199295, 0.343205839396, 0.26676812768, 0.0881701111794, 0.0352643541992, 0.0121579635888, 0.00156451051589, 0.000590544892475, 0.00011603373423, 1.8282977976e-007, 1.15871023887e-009]
    },
    "gfcc": {
        "mean": [-145.603637695, 143.019729614, -72.124786377, 21.4057579041, -38.9128494263, 15.6991214752, -19.2856254578, 8.42139148712, -15.9847154617, -1.61444556713, -9.49726009369, -4.28689146042, -6.55514669418],
        "cov": [[18483.1777344, 1106.39001465, -2154.00512695, -1192.35717773, -348.313110352, -96.0378494263, 127.61618042, 219.623519897, -221.061050415, -30.3859519958, -160.980255127, -171.80758667, -446.481506348], [1106.39001465, 3848.36694336, -152.544403076, -654.871398926, 623.217407227, -472.753356934, 220.988296509, -271.639068604, 227.570510864, -392.277709961, 366.125640869, -494.611755371, 238.689559937], [-2154.00512695, -152.544403076, 1947.90161133, 608.718994141, 10.0218343735, 214.285797119, -113.75163269, -377.181091309, -195.125854492, -76.2572250366, -107.220695496, 36.8489570618, 26.6291179657], [-1192.35717773, -654.871398926, 608.718994141, 642.384521484, 0.956916987896, 102.321777344, -79.1410598755, -62.5805778503, -27.6871299744, 17.969953537, -84.819694519, 62.9086303711, 25.0914306641], [-348.313110352, 623.217407227, 10.0218343735, 0.956916987896, 337.219116211, -71.2277069092, 79.5581893921, -31.0547218323, 86.0049591064, -68.4681472778, 77.8029708862, -81.6153564453, 69.9160461426], [-96.0378494263, -472.753356934, 214.285797119, 102.321777344, -71.2277069092, 319.259521484, 62.7312316895, 18.938123703, -101.42829895, 39.4129638672, -47.4088439941, 58.7319450378, -42.3510055542], [127.61618042, 220.988296509, -113.75163269, -79.1410598755, 79.5581893921, 62.7312316895, 194.208938599, 63.9533424377, 30.4152145386, -9.46154117584, 53.5688247681, -32.5166130066, 5.31611061096], [219.623519897, -271.639068604, -377.181091309, -62.5805778503, -31.0547218323, 18.938123703, 63.9533424377, 244.808746338, 90.3747177124, 71.7204742432, -1.3186262846, 43.8878555298, -15.8361911774], [-221.061050415, 227.570510864, -195.125854492, -27.6871299744, 86.0049591064, -101.42829895, 30.4152145386, 90.3747177124, 220.533828735, 30.9124736786, 50.5369186401, -30.3775482178, 49.744354248], [-30.3859519958, -392.277709961, -76.2572250366, 17.969953537, -68.4681472778, 39.4129638672, -9.46154117584, 71.7204742432, 30.9124736786, 131.442855835, -10.1791410446, 55.9945411682, -35.2622947693], [-160.980255127, 366.125640869, -107.220695496, -84.819694519, 77.8029708862, -47.4088439941, 53.5688247681, -1.3186262846, 50.5369186401, -10.1791410446, 144.92036438, -19.700958252, 39.5747451782], [-171.80758667, -494.611755371, 36.8489570618, 62.9086303711, -81.6153564453, 58.7319450378, -32.5166130066, 43.8878555298, -30.3775482178, 55.9945411682, -19.700958252, 152.438491821, -10.8731679916], [-446.481506348, 238.689559937, 26.6291179657, 25.0914306641, 69.9160461426, -42.3510055542, 5.31611061096, -15.8361911774, 49.744354248, -35.2622947693, 39.5747451782, -10.8731679916, 116.019721985]],
        "icov": [[8.48351410241e-005, -0.000123312260257, 0.000124242520542, -3.27991256199e-005, 0.000102781734313, -5.57821695111e-005, -1.35839864015e-005, 2.18575514737e-005, 0.000104265658592, -7.14340130799e-005, 0.000263939524302, -0.000150454725372, 0.000309500814183], [-0.000123312260257, 0.00160276447423, -0.000557896797545, 0.0012772437185, -0.000901799357962, 0.000774944783188, -0.000403297890443, 0.000471481238492, -0.000756891153287, 0.00191369978711, -0.00188951788004, 0.00248049432412, -0.00122781249229], [0.000124242520542, -0.000557896797545, 0.00145575636998, -0.00117074232548, 0.000310604955303, -0.000853134144563, -2.13599632843e-005, 0.00162894162349, 0.000178908579983, -0.000417753588408, 0.00111062137876, -0.00114344607573, 0.000580009713303], [-3.27991256199e-005, 0.0012772437185, -0.00117074232548, 0.00372948101722, -0.00121649412904, 0.000127019986394, 0.000483334559249, -4.60428454971e-005, -0.000960490724538, 0.00116089661606, -0.000402580277296, 0.00149049481843, -0.00149909488391], [0.000102781734313, -0.000901799357962, 0.000310604955303, -0.00121649412904, 0.00548105034977, 5.81300519116e-005, -0.00164295569994, 0.000475544802612, -0.000999163486995, 0.00048024035641, -2.63264155365e-005, -0.000347963446984, -0.000148236416862], [-5.57821695111e-005, 0.000774944783188, -0.000853134144563, 0.000127019986394, 5.81300519116e-005, 0.00618313997984, -0.00340866250917, -0.000664988881908, 0.00224116421305, -0.000756661756895, 3.08737289743e-005, 0.000410320208175, -0.000516163592692], [-1.35839864015e-005, -0.000403297890443, -2.13599632843e-005, 0.000483334559249, -0.00164295569994, -0.00340866250917, 0.00956150982529, -0.0032107825391, -1.05839417301e-005, 0.000769655045588, -0.00249554449692, 0.00132640602533, 0.000761253118981], [2.18575514737e-005, 0.000471481238492, 0.00162894162349, -4.60428454971e-005, 0.000475544802612, -0.000664988881908, -0.0032107825391, 0.0101428590715, -0.00386530370452, -0.000926651468035, 0.00172130775172, -0.00209744973108, 0.000344391854014], [0.000104265658592, -0.000756891153287, 0.000178908579983, -0.000960490724538, -0.000999163486995, 0.00224116421305, -1.05839417301e-005, -0.00386530370452, 0.00983659364283, -0.00456148665398, -8.60921572894e-005, 0.00117709953338, -0.00244604377076], [-7.14340130799e-005, 0.00191369978711, -0.000417753588408, 0.00116089661606, 0.00048024035641, -0.000756661756895, 0.000769655045588, -0.000926651468035, -0.00456148665398, 0.0155392354354, -0.00342640210874, -0.00013400199532, 0.00274033518508], [0.000263939524302, -0.00188951788004, 0.00111062137876, -0.000402580277296, -2.63264155365e-005, 3.08737289743e-005, -0.00249554449692, 0.00172130775172, -8.60921572894e-005, -0.00342640210874, 0.0129327559844, -0.0041260169819, -0.000690926681273], [-0.000150454725372, 0.00248049432412, -0.00114344607573, 0.00149049481843, -0.000347963446984, 0.000410320208175, 0.00132640602533, -0.00209744973108, 0.00117709953338, -0.00013400199532, -0.0041260169819, 0.0141404140741, -0.00354246981442], [0.000309500814183, -0.00122781249229, 0.000580009713303, -0.00149909488391, -0.000148236416862, -0.000516163592692, 0.000761253118981, 0.000344391854014, -0.00244604377076, 0.00274033518508, -0.000690926681273, -0.00354246981442, 0.0142257316038]]
    },
    "melbands": {
        "mean": [0.00250919419341, 0.00358667387627, 0.00102388206869, 0.000509318313561, 0.000460486655356, 0.000239500383032, 0.000181625786354, 0.000343596475432, 0.000446238438599, 0.000165561956237, 0.000150414387463, 0.000206901808269, 0.000277791463304, 3.17366429954e-005, 1.45602716657e-005, 1.91452963918e-005, 2.63068050117e-005, 1.10416331154e-005, 6.20909895588e-006, 6.25896518613e-006, 6.41576070848e-006, 2.9097868719e-006, 1.77375648036e-006, 1.53015912474e-006, 1.11983922579e-006, 1.04409036794e-006, 8.13006238332e-007, 4.06975090073e-007, 2.75100546787e-007, 4.01489074875e-007, 2.65242931619e-007, 2.91610206204e-007, 2.47067134751e-007, 1.62777880064e-007, 1.34861039669e-007, 1.30388031039e-007, 1.01173029066e-007, 7.52544195848e-008, 7.65992780316e-008, 5.35946291791e-008],
        "var": [8.56639053382e-006, 2.19171433855e-005, 1.50636503804e-006, 3.97272430064e-007, 6.9155885285e-007, 8.73458816386e-007, 4.33280149537e-007, 5.55734402496e-007, 1.19522633213e-006, 8.64865739914e-007, 4.76077588019e-007, 2.30527632539e-007, 1.57949966706e-006, 2.21916653942e-008, 2.71283395747e-009, 2.13617701306e-009, 5.04759700704e-009, 3.30815463911e-009, 3.89381249466e-010, 4.39442648936e-010, 8.64323779215e-010, 1.23200477598e-010, 7.29812668632e-011, 2.41017900082e-011, 1.35967331144e-011, 1.86167938704e-011, 1.19272760071e-011, 1.70990814823e-012, 6.76242698991e-013, 2.86858275848e-012, 1.32372628484e-012, 3.52302497071e-012, 9.70015842823e-013, 2.59802812944e-013, 1.15098279215e-013, 1.33499412696e-013, 8.47803814999e-014, 4.23916679754e-014, 4.45235516478e-014, 1.96201324772e-014]
    },
    "mfcc": {
        "mean": [-803.676452637, 172.646026611, 32.7028007507, 24.7477664948, 11.4041318893, 11.6987991333, 11.2899465561, 10.8655481339, 2.99435734749, 8.68685340881, 2.09335041046, 0.0601240731776, 0.770707607269],
        "cov": [[14681.2324219, 1997.65991211, -2222.20922852, -608.508666992, -827.365234375, -408.625366211, -77.5283889771, 97.1472167969, -265.977142334, 311.141967773, 27.6094360352, -88.999786377, -66.1198577881], [1997.65991211, 3638.7644043, -338.000518799, -102.710266113, 69.8237075806, -143.255691528, 113.272598267, -20.6593208313, -209.338256836, 148.582672119, -7.83051347733, -63.68907547, -43.502281189], [-2222.20922852, -338.000518799, 1621.55407715, 329.962188721, 249.544113159, 408.292907715, 65.0100097656, -81.474357605, 17.1120414734, -232.346206665, -79.4073104858, -73.7169113159, -130.360717773], [-608.508666992, -102.710266113, 329.962188721, 361.01473999, 176.993789673, 67.0119400024, -20.7069835663, -32.3892211914, 32.6831817627, -59.1113471985, -35.5327949524, -4.24657297134, 17.0693283081], [-827.365234375, 69.8237075806, 249.544113159, 176.993789673, 245.598205566, 68.8768310547, -9.95935058594, -22.8183917999, 25.7632637024, -38.4398727417, -24.8477573395, -11.4770412445, 22.5511608124], [-408.625366211, -143.255691528, 408.292907715, 67.0119400024, 68.8768310547, 267.098724365, 103.205131531, -9.46252536774, -1.6313393116, -54.4686470032, -4.33060693741, -27.9742393494, -86.3479690552], [-77.5283889771, 113.272598267, 65.0100097656, -20.7069835663, -9.95935058594, 103.205131531, 190.739440918, 63.5264129639, -20.7673912048, 7.98784780502, 13.8725576401, -0.705616056919, -38.1836204529], [97.1472167969, -20.6593208313, -81.474357605, -32.3892211914, -22.8183917999, -9.46252536774, 63.5264129639, 126.895217896, 44.0200614929, 24.5708255768, 14.4099636078, 27.5886936188, 40.7910652161], [-265.977142334, -209.338256836, 17.1120414734, 32.6831817627, 25.7632637024, -1.6313393116, -20.7673912048, 44.0200614929, 150.128494263, 34.9113540649, 26.4267692566, 33.3140678406, 19.3517246246], [311.141967773, 148.582672119, -232.346206665, -59.1113471985, -38.4398727417, -54.4686470032, 7.98784780502, 24.5708255768, 34.9113540649, 141.949508667, 60.7956619263, 13.3978710175, 8.69481086731], [27.6094360352, -7.83051347733, -79.4073104858, -35.5327949524, -24.8477573395, -4.33060693741, 13.8725576401, 14.4099636078, 26.4267692566, 60.7956619263, 118.376060486, 51.6904640198, -20.6100635529], [-88.999786377, -63.68907547, -73.7169113159, -4.24657297134, -11.4770412445, -27.9742393494, -0.705616056919, 27.5886936188, 33.3140678406, 13.3978710175, 51.6904640198, 114.876205444, 61.0993728638], [-66.1198577881, -43.502281189, -130.360717773, 17.0693283081, 22.5511608124, -86.3479690552, -38.1836204529, 40.7910652161, 19.3517246246, 8.69481086731, -20.6100635529, 61.0993728638, 223.989013672]],
        "icov": [[0.000118831732834, -7.39124734537e-005, 0.000170386221725, -0.00013131761807, 0.000414336071117, -0.000276172620943, 0.00026024604449, -0.000173979686224, 9.14664342417e-005, 1.32384675453e-005, 3.41128034052e-005, 0.000119029144116, 2.00166978175e-005], [-7.39124734537e-005, 0.000416867405875, -0.000143404467963, 0.000200764334295, -0.000694227986969, 0.000576095539145, -0.00048694468569, 0.000119526252092, 0.000561755092349, -0.00061420124257, 0.000219726207433, -0.000161158604897, 0.00018707383424], [0.000170386221725, -0.000143404467963, 0.00168778258376, -0.000760638620704, 0.000360496167559, -0.00209089554846, 0.00054016552167, 7.90001140558e-005, -0.000441107724328, 0.00159914523829, -0.000183651514817, 0.000591753341723, 9.5770417829e-005], [-0.00013131761807, 0.000200764334295, -0.000760638620704, 0.0049975742586, -0.00335050560534, 0.00080720090773, -0.000442505028332, 0.000923507846892, -0.000678064883687, 0.00013022479834, 0.000683644728269, -0.00072758825263, -0.000103515776573], [0.000414336071117, -0.000694227986969, 0.000360496167559, -0.00335050560534, 0.00890749879181, -0.00248764245771, 0.00141826202162, 0.000126486513182, -0.00120170845184, 0.000790852762293, -0.000419013900682, 0.00159367395099, -0.00158459227532], [-0.000276172620943, 0.000576095539145, -0.00209089554846, 0.00080720090773, -0.00248764245771, 0.0100968806073, -0.00565984006971, 0.00201949151233, -0.000666806881782, 0.000424355210271, -0.000649651512504, 0.000116074494144, 0.00151185400318], [0.00026024604449, -0.00048694468569, 0.00054016552167, -0.000442505028332, 0.00141826202162, -0.00565984006971, 0.0116564650089, -0.00726314494386, 0.00358271365985, -0.00159594370052, 0.00039824176929, -0.000910319155082, 0.00135285477154], [-0.000173979686224, 0.000119526252092, 7.90001140558e-005, 0.000923507846892, 0.000126486513182, 0.00201949151233, -0.00726314494386, 0.0147683117539, -0.00553275644779, 0.00108966208063, -0.000299974606605, 4.01583856728e-005, -0.00281724939123], [9.14664342417e-005, 0.000561755092349, -0.000441107724328, -0.000678064883687, -0.00120170845184, -0.000666806881782, 0.00358271365985, -0.00553275644779, 0.0114827118814, -0.00457787839696, 0.000715966278221, -0.00272464333102, 0.00140806240961], [1.32384675453e-005, -0.00061420124257, 0.00159914523829, 0.00013022479834, 0.000790852762293, 0.000424355210271, -0.00159594370052, 0.00108966208063, -0.00457787839696, 0.0145783731714, -0.00738251116127, 0.00443310989067, -0.00164008664433], [3.41128034052e-005, 0.000219726207433, -0.000183651514817, 0.000683644728269, -0.000419013900682, -0.000649651512504, 0.00039824176929, -0.000299974606605, 0.000715966278221, -0.00738251116127, 0.0167244318873, -0.00909779500216, 0.00405330210924], [0.000119029144116, -0.000161158604897, 0.000591753341723, -0.00072758825263, 0.00159367395099, 0.000116074494144, -0.000910319155082, 4.01583856728e-005, -0.00272464333102, 0.00443310989067, -0.00909779500216, 0.0163110904396, -0.00509764067829], [2.00166978175e-005, 0.00018707383424, 9.5770417829e-005, -0.000103515776573, -0.00158459227532, 0.00151185400318, 0.00135285477154, -0.00281724939123, 0.00140806240961, -0.00164008664433, 0.00405330210924, -0.00509764067829, 0.00776190729812]]
    },
    "spectral_contrast_coeffs": {
        "mean": [-0.69212448597, -0.680871069431, -0.748041927814, -0.780965447426, -0.817642390728, -0.79976785183],
        "var": [0.00536296982318, 0.0147772906348, 0.0137091465294, 0.00765692163259, 0.00430816039443, 0.00183336727787]
    },
    "spectral_contrast_valleys": {
        "mean": [-7.38325214386, -8.08446979523, -8.76301383972, -9.58936595917, -9.73626613617, -12.2905063629],
        "var": [2.84983205795, 2.32649445534, 2.21456003189, 2.02307629585, 2.01506018639, 2.14007973671]
    }
},
"metadata": {
    "audio_properties": {
        "analysis_sample_rate": 44100,
        "bit_rate": 111902,
        "equal_loudness": 0,
        "length": 45.0873451233,
        "lossless": 0,
        "replay_gain": -8.70371627808,
        "sample_rate": 44100,
        "codec": "mp3",
        "downmix": "mix",
        "md5_encoded": "ab62a14fbcd113d2d55dc13a1f019a6a"
    },
    "tags": {
        "file_name": "audio\\682.mp3"
    },
    "version": {
        "essentia": "2.1-beta2",
        "essentia_git_sha": "v2.1_beta2",
        "extractor": "music 1.0"
    }
},
"rhythm": {
    "beats_count": 93,
    "beats_loudness": {
        "mean": 0.0431217290461,
        "var": 0.000879517057911
    },
    "bpm": 115.273399353,
    "bpm_histogram_first_peak_bpm": {
        "mean": 115,
        "var": 0
    },
    "bpm_histogram_first_peak_spread": {
        "mean": 0.519999980927,
        "var": 0
    },
    "bpm_histogram_first_peak_weight": {
        "mean": 0.260869562626,
        "var": 0
    },
    "bpm_histogram_second_peak_bpm": {
        "mean": 148,
        "var": 0
    },
    "bpm_histogram_second_peak_spread": {
        "mean": 0.480000019073,
        "var": 0
    },
    "bpm_histogram_second_peak_weight": {
        "mean": 0.141304343939,
        "var": 0
    },
    "danceability": 1.63141286373,
    "onset_rate": 4.67799854279,
    "beats_loudness_band_ratio": {
        "mean": [0.527735829353, 0.138466626406, 0.16941486299, 0.122975945473, 0.0201191250235, 0.0538754500449],
        "var": [0.0617938153446, 0.0104913953692, 0.0244674012065, 0.0232182368636, 0.0012996516889, 0.0251137185842]
    },
    "beats_position": [0.452789098024, 0.9287981987, 1.4164172411, 1.92725622654, 2.43809509277, 2.93732428551, 3.45977306366, 3.98222208023, 4.5046710968, 5.01551008224, 5.53795909882, 6.06040811539, 6.58285713196, 7.0936961174, 7.6277551651, 8.15020370483, 8.68426322937, 9.19510173798, 9.72916126251, 10.2632198334, 10.7972784042, 11.3081178665, 11.8305664063, 12.3530158997, 12.8870744705, 13.3979139328, 13.9087524414, 14.4195919037, 14.9536504745, 15.4644899368, 15.9753284454, 16.4861679077, 17.0086174011, 17.5310649872, 18.0419044495, 18.5643539429, 19.1100215912, 19.6556911469, 20.2129707336, 20.7354183197, 21.1417675018, 21.5597267151, 21.9660758972, 22.3956451416, 22.8019943237, 23.2083435059, 23.614692688, 24.009431839, 24.4157810211, 24.8337402344, 25.2633094788, 25.6696586609, 26.076007843, 26.5055770874, 26.958366394, 27.3763256073, 27.7710647583, 28.1658039093, 28.5605430603, 28.9901123047, 29.4312915802, 29.8608608246, 30.290430069, 30.7199993134, 31.1379585266, 31.5326976776, 31.9274368286, 32.3337860107, 32.7401351929, 33.146484375, 33.5644454956, 33.9707946777, 34.3771438599, 34.7718811035, 35.1434020996, 35.6658477783, 36.1650772095, 36.6759185791, 37.1983680725, 37.7208137512, 38.2432632446, 38.765712738, 39.2881622314, 39.8106117249, 40.3214492798, 40.8438987732, 41.3547401428, 41.8655776978, 42.3764152527, 42.8988647461, 43.4213142395, 43.9321517944, 44.4546012878]
},
"tonal": {
    "chords_changes_rate": 0.111111111939,
    "chords_number_rate": 0.0113168722019,
    "chords_strength": {
        "mean": 0.383048385382,
        "var": 0.0074989516288
    },
    "hpcp_entropy": {
        "mean": 1.69000899792,
        "var": 0.709187507629
    },
    "key_strength": 0.294812560081,
    "tuning_diatonic_strength": 0.341217935085,
    "tuning_equal_tempered_deviation": 0.0584870651364,
    "tuning_frequency": 435.448913574,
    "tuning_nontempered_energy_ratio": 0.773840785027,
    "hpcp": {
        "mean": [0.111718721688, 0.0678256601095, 0.0512471310794, 0.0695318579674, 0.078823029995, 0.125711381435, 0.153436899185, 0.108987651765, 0.129744008183, 0.202420055866, 0.211268290877, 0.196907252073, 0.168019726872, 0.122263044119, 0.166742816567, 0.233682066202, 0.18727658689, 0.153272747993, 0.151556938887, 0.0947594866157, 0.0562886931002, 0.0526397377253, 0.0468531362712, 0.0527625866234, 0.0558798126876, 0.0465402454138, 0.0507670454681, 0.0658547058702, 0.053189907223, 0.0484457351267, 0.0697084590793, 0.0538093075156, 0.0341391861439, 0.0412801578641, 0.0449464581907, 0.0849133208394],
        "var": [0.0516934916377, 0.0189305916429, 0.0178414899856, 0.030234862119, 0.031065531075, 0.066711589694, 0.0948848426342, 0.0495200529695, 0.0578736625612, 0.10801371932, 0.0972814783454, 0.0952239111066, 0.0852179676294, 0.0530705414712, 0.070702791214, 0.120514832437, 0.0794072821736, 0.0760204046965, 0.0895464420319, 0.0476418584585, 0.0272974241525, 0.0253344606608, 0.021398242563, 0.0298652295023, 0.0343563705683, 0.0263655651361, 0.0213197246194, 0.0309959352016, 0.0250322669744, 0.0127404136583, 0.0276732705534, 0.016967849806, 0.0124988984317, 0.0224239490926, 0.0182078331709, 0.0310758799314]
    },
    "chords_histogram": [13.1687240601, 0, 0.411522626877, 0.102880656719, 8.02469158173, 1.74897122383, 0, 1.33744859695, 0, 30.9670772552, 16.4609050751, 7.30452680588, 0.205761313438, 0, 2.36625504494, 0, 0, 0.205761313438, 0, 0, 0, 2.57201647758, 1.44032919407, 13.6831274033],
    "thpcp": [1, 0.801416158676, 0.655902922153, 0.648560404778, 0.405506014824, 0.240877255797, 0.225262209773, 0.200499489903, 0.22578792274, 0.239127516747, 0.199160531163, 0.217248365283, 0.281813263893, 0.227616563439, 0.207314729691, 0.298304706812, 0.230267167091, 0.146092459559, 0.176650941372, 0.19234021008, 0.363371163607, 0.478080004454, 0.290247619152, 0.219302803278, 0.297548979521, 0.337308853865, 0.537959039211, 0.656605362892, 0.466392874718, 0.555215954781, 0.866219878197, 0.904084324837, 0.842628836632, 0.719009935856, 0.52320253849, 0.713545620441],
    "chords_key": "G",
    "chords_scale": "major",
    "key_key": "C",
    "key_scale": "minor"
}
}