{
"lowlevel": {
    "average_loudness": 0.976734340191,
    "barkbands_crest": {
        "mean": 12.1242036819,
        "var": 13.8184213638
    },
    "barkbands_flatness_db": {
        "mean": 0.338620424271,
        "var": 0.00567529164255
    },
    "barkbands_kurtosis": {
        "mean": 15.1351289749,
        "var": 118.8881073
    },
    "barkbands_skewness": {
        "mean": 2.47493195534,
        "var": 1.34261775017
    },
    "barkbands_spread": {
        "mean": 3.23283696175,
        "var": 9.88640022278
    },
    "dissonance": {
        "mean": 0.393475562334,
        "var": 0.00238334736787
    },
    "dynamic_complexity": 0.839730024338,
    "erbbands_crest": {
        "mean": 13.9129886627,
        "var": 18.6494998932
    },
    "erbbands_flatness_db": {
        "mean": 0.292983680964,
        "var": 0.00359591608867
    },
    "erbbands_kurtosis": {
        "mean": 6.2528834343,
        "var": 26.7856807709
    },
    "erbbands_skewness": {
        "mean": 1.9405272007,
        "var": 0.536810696125
    },
    "erbbands_spread": {
        "mean": 15.2939567566,
        "var": 105.776618958
    },
    "hfc": {
        "mean": 12.2149972916,
        "var": 30.6149978638
    },
    "melbands_crest": {
        "mean": 16.3587913513,
        "var": 15.1583557129
    },
    "melbands_flatness_db": {
        "mean": 0.431832134724,
        "var": 0.00778021616861
    },
    "melbands_kurtosis": {
        "mean": 17.6713790894,
        "var": 143.960098267
    },
    "melbands_skewness": {
        "mean": 2.52559137344,
        "var": 1.21579289436
    },
    "melbands_spread": {
        "mean": 3.82745194435,
        "var": 40.6350135803
    },
    "pitch_salience": {
        "mean": 0.502124071121,
        "var": 0.0098250200972
    },
    "silence_rate_20dB": {
        "mean": 1,
        "var": 0
    },
    "silence_rate_30dB": {
        "mean": 0.992790937424,
        "var": 0.00715700304136
    },
    "silence_rate_60dB": {
        "mean": 0.00205973233096,
        "var": 0.00205553858541
    },
    "spectral_centroid": {
        "mean": 352.575439453,
        "var": 158796.6875
    },
    "spectral_complexity": {
        "mean": 9.18692111969,
        "var": 14.6473875046
    },
    "spectral_decrease": {
        "mean": -1.27414683249e-008,
        "var": 2.13680736906e-017
    },
    "spectral_energy": {
        "mean": 0.0491970740259,
        "var": 0.000313724100124
    },
    "spectral_energyband_high": {
        "mean": 3.88852422475e-005,
        "var": 5.03345702896e-008
    },
    "spectral_energyband_low": {
        "mean": 0.0213272236288,
        "var": 0.0003246224951
    },
    "spectral_energyband_middle_high": {
        "mean": 0.00101305590943,
        "var": 3.12920269607e-006
    },
    "spectral_energyband_middle_low": {
        "mean": 0.0351249240339,
        "var": 0.000187045938219
    },
    "spectral_entropy": {
        "mean": 5.77129173279,
        "var": 0.462644845247
    },
    "spectral_flux": {
        "mean": 0.0758147016168,
        "var": 0.00181776366662
    },
    "spectral_kurtosis": {
        "mean": 43.3777809143,
        "var": 1285.01660156
    },
    "spectral_rms": {
        "mean": 0.00681572826579,
        "var": 1.54311169354e-006
    },
    "spectral_rolloff": {
        "mean": 378.081878662,
        "var": 668524.375
    },
    "spectral_skewness": {
        "mean": 4.53576374054,
        "var": 4.41094017029
    },
    "spectral_spread": {
        "mean": 1908057.375,
        "var": 2.54566622822e+012
    },
    "spectral_strongpeak": {
        "mean": 0.975024700165,
        "var": 0.213570863008
    },
    "zerocrossingrate": {
        "mean": 0.0153745738789,
        "var": 0.000500165449921
    },
    "barkbands": {
        "mean": [1.73352273123e-005, 0.00571413477883, 0.00736630475149, 0.0104662030935, 0.0127266878262, 0.00985423661768, 0.0010423498461, 0.000434820569353, 0.000437817914644, 0.000327885150909, 0.000239093657001, 0.000118490555906, 8.35509927128e-005, 6.58472636133e-005, 6.36718468741e-005, 4.60826668132e-005, 6.50845904602e-005, 3.54714102286e-005, 4.31214466516e-005, 1.77123747562e-005, 1.19155565699e-005, 7.7491022239e-006, 6.45425461698e-006, 3.33976868205e-006, 1.1065039871e-006, 7.01968133399e-007, 4.90575722267e-008],
        "var": [4.81937956209e-009, 0.000175447552465, 5.7251945691e-005, 5.29433600605e-005, 0.000144977238961, 5.19210807397e-005, 5.56567920285e-006, 5.1427747394e-007, 5.50493950868e-007, 2.23918414122e-006, 2.13779429714e-007, 7.18450792192e-008, 2.24632827894e-008, 1.55323220952e-008, 2.5458067654e-008, 1.05395878691e-008, 1.73479630661e-008, 1.29932260506e-008, 1.26969377234e-008, 1.1707821379e-008, 6.11508799153e-009, 3.28675842098e-009, 2.38486386195e-009, 2.88222112843e-010, 2.54364636992e-011, 1.34158170684e-011, 1.80834432715e-013]
    },
    "erbbands": {
        "mean": [0.07418256253, 1.61412417889, 6.28299951553, 30.65883255, 20.156042099, 43.4037628174, 100.696769714, 68.5104064941, 21.0651073456, 18.8905639648, 7.74080371857, 8.62948226929, 13.9046802521, 8.78870868683, 8.89591217041, 4.98592281342, 4.19431829453, 3.70164942741, 2.41136145592, 3.84642887115, 2.31203770638, 3.1249935627, 2.78565239906, 2.37932538986, 1.48837840557, 0.852532148361, 0.518460929394, 0.439677417278, 0.280276149511, 0.194891870022, 0.187601149082, 0.103597275913, 0.0443764477968, 0.0159476734698, 0.00634044734761, 0.00319823273458, 0.00127277162392, 0.000230338831898, 2.88800856652e-005, 5.42840462003e-005],
        "var": [0.0342182554305, 12.5543794632, 53.0777664185, 407.306427002, 519.620727539, 3100.73803711, 4095.04223633, 4003.81445313, 840.290405273, 1618.88635254, 135.239212036, 238.785110474, 3534.35083008, 375.113616943, 220.46697998, 110.069458008, 54.2529449463, 48.8930549622, 24.1042728424, 92.1076202393, 22.6396541595, 30.1302471161, 49.9281730652, 38.5375328064, 29.607509613, 21.9489173889, 7.1950802803, 11.0108327866, 3.62423372269, 2.88144254684, 2.07900333405, 0.430266201496, 0.0475856699049, 0.00461694085971, 0.00116337800864, 0.000289870309643, 4.70570048492e-005, 1.82599364962e-006, 2.28480834252e-009, 3.79741849077e-010]
    },
    "gfcc": {
        "mean": [-104.936714172, 201.599411011, -89.7200698853, 15.3862218857, -38.7177352905, -22.1919651031, -40.0078926086, -14.891913414, -21.5192985535, -26.0251941681, -2.98959779739, -7.42136669159, -0.575123071671],
        "cov": [[5017.90332031, -1111.86083984, -898.638366699, 474.654174805, -624.868774414, 375.277954102, -89.6706390381, 79.6455993652, -252.596435547, 275.252441406, -144.13583374, 108.886131287, -147.121246338], [-1111.86083984, 1339.40112305, 112.5131073, -407.273406982, 463.69152832, -295.405700684, 50.0765419006, -95.9781494141, 165.658493042, -201.232467651, 158.374526978, -91.0268554688, 126.260284424], [-898.638366699, 112.5131073, 799.166870117, 155.349716187, 118.981666565, 136.326797485, 104.960517883, -17.2689437866, 62.2650871277, 5.12266206741, -58.7136535645, 65.0659103394, 69.9643554688], [474.654174805, -407.273406982, 155.349716187, 445.247192383, -57.316570282, 160.893600464, 95.7447509766, 73.2083740234, -5.76142024994, 92.6052703857, -17.0174007416, 64.9546813965, 2.02120375633], [-624.868774414, 463.69152832, 118.981666565, -57.316570282, 357.728546143, -76.0875167847, 77.6772613525, 6.08899307251, 74.6743392944, -21.3525428772, 66.6092453003, 7.84311342239, 53.520072937], [375.277954102, -295.405700684, 136.326797485, 160.893600464, -76.0875167847, 305.748748779, 79.1267623901, -34.6033935547, 6.71885585785, 111.229064941, -61.0748825073, 44.4189224243, 30.7358760834], [-89.6706390381, 50.0765419006, 104.960517883, 95.7447509766, 77.6772613525, 79.1267623901, 152.212860107, 18.0461158752, 16.4120674133, 37.9564285278, 28.707988739, 33.6027259827, 29.1570148468], [79.6455993652, -95.9781494141, -17.2689437866, 73.2083740234, 6.08899307251, -34.6033935547, 18.0461158752, 134.417724609, 2.41017150879, 2.16415500641, 17.0110397339, 32.1291313171, -22.1092529297], [-252.596435547, 165.658493042, 62.2650871277, -5.76142024994, 74.6743392944, 6.71885585785, 16.4120674133, 2.41017150879, 124.033256531, 3.05092716217, 4.47872829437, 6.20271730423, 55.902923584], [275.252441406, -201.232467651, 5.12266206741, 92.6052703857, -21.3525428772, 111.229064941, 37.9564285278, 2.16415500641, 3.05092716217, 122.25655365, -20.8608379364, 32.9303131104, 4.23925447464], [-144.13583374, 158.374526978, -58.7136535645, -17.0174007416, 66.6092453003, -61.0748825073, 28.707988739, 17.0110397339, 4.47872829437, -20.8608379364, 106.687713623, -4.7852139473, 5.51713991165], [108.886131287, -91.0268554688, 65.0659103394, 64.9546813965, 7.84311342239, 44.4189224243, 33.6027259827, 32.1291313171, 6.20271730423, 32.9303131104, -4.7852139473, 88.8243408203, 19.7373275757], [-147.121246338, 126.260284424, 69.9643554688, 2.02120375633, 53.520072937, 30.7358760834, 29.1570148468, -22.1092529297, 55.902923584, 4.23925447464, 5.51713991165, 19.7373275757, 88.1271286011]],
        "icov": [[0.00115063332487, -0.00286827492528, 0.00198565563187, -0.00260818190873, 0.002309684176, -0.00220416882075, 0.00219528423622, -0.00146513467189, 0.002962798113, -0.00261456216685, 0.00259374734014, -0.00272618443705, 0.00148038670886], [-0.00286827492528, 0.012716610916, -0.00564044434577, 0.00935181323439, -0.00931065157056, 0.00768406782299, -0.00839009787887, 0.00640566460788, -0.0108251571655, 0.0107466792688, -0.00960201956332, 0.0093847187236, -0.00653746118769], [0.00198565563187, -0.00564044434577, 0.00541794253513, -0.00548773957416, 0.00364508316852, -0.00463519385085, 0.00349255814217, -0.00231191096827, 0.00517460610718, -0.00354849384166, 0.00634250883013, -0.00596657628193, 0.00271538109519], [-0.00260818190873, 0.00935181323439, -0.00548773957416, 0.0112590147182, -0.00621216371655, 0.00505836494267, -0.00764012057334, 0.0025235498324, -0.00820172205567, 0.00664848089218, -0.00798631925136, 0.00729382410645, -0.00473539112136], [0.002309684176, -0.00931065157056, 0.00364508316852, -0.00621216371655, 0.0118535105139, -0.00383166549727, 0.00358493532985, -0.00451190862805, 0.00630663521588, -0.00888295006007, 0.00559576740488, -0.00707254838198, 0.00392393954098], [-0.00220416882075, 0.00768406782299, -0.00463519385085, 0.00505836494267, -0.00383166549727, 0.0132822040468, -0.00881719402969, 0.0065246373415, -0.00735214957967, 0.00207191612571, -0.0035541956313, 0.00569041771814, -0.00536396587268], [0.00219528423622, -0.00839009787887, 0.00349255814217, -0.00764012057334, 0.00358493532985, -0.00881719402969, 0.018036711961, -0.00573137914762, 0.00880764517933, -0.00794436689466, 0.00251339818351, -0.00707537261769, 0.00280287163332], [-0.00146513467189, 0.00640566460788, -0.00231191096827, 0.0025235498324, -0.00451190862805, 0.0065246373415, -0.00573137914762, 0.0148234302178, -0.00800336059183, 0.00612987717614, -0.00517043517902, -0.00014656080748, 0.00137237331364], [0.002962798113, -0.0108251571655, 0.00517460610718, -0.00820172205567, 0.00630663521588, -0.00735214957967, 0.00880764517933, -0.00800336059183, 0.0225906260312, -0.0104543259367, 0.00922439619899, -0.00646045105532, -0.00261027622037], [-0.00261456216685, 0.0107466792688, -0.00354849384166, 0.00664848089218, -0.00888295006007, 0.00207191612571, -0.00794436689466, 0.00612987717614, -0.0104543259367, 0.0236694812775, -0.0070257880725, 0.00482549704611, -0.00340649997815], [0.00259374734014, -0.00960201956332, 0.00634250883013, -0.00798631925136, 0.00559576740488, -0.0035541956313, 0.00251339818351, -0.00517043517902, 0.00922439619899, -0.0070257880725, 0.0216861721128, -0.00731965340674, 0.00371551187709], [-0.00272618443705, 0.0093847187236, -0.00596657628193, 0.00729382410645, -0.00707254838198, 0.00569041771814, -0.00707537261769, -0.00014656080748, -0.00646045105532, 0.00482549704611, -0.00731965340674, 0.0242340993136, -0.00991570949554], [0.00148038670886, -0.00653746118769, 0.00271538109519, -0.00473539112136, 0.00392393954098, -0.00536396587268, 0.00280287163332, 0.00137237331364, -0.00261027622037, -0.00340649997815, 0.00371551187709, -0.00991570949554, 0.023850299418]]
    },
    "melbands": {
        "mean": [0.00119588209782, 0.00308187003247, 0.00462608551607, 0.00193063181359, 0.00334730488248, 0.00154716568068, 0.000314962991979, 0.00018390812329, 5.35327344551e-005, 5.89453848079e-005, 6.83567413944e-005, 3.36652810802e-005, 3.44310246874e-005, 1.54245171871e-005, 1.09330385385e-005, 7.35042885935e-006, 6.80771518091e-006, 3.43446140505e-006, 4.99340376336e-006, 3.96831774196e-006, 2.4324383503e-006, 2.52953532254e-006, 4.39875111624e-006, 1.7523752831e-006, 1.9587632778e-006, 1.43089107496e-006, 8.1543515762e-007, 4.97590121995e-007, 3.16245206022e-007, 3.01461398067e-007, 2.38204478364e-007, 1.66255375689e-007, 1.29062001974e-007, 9.58588799449e-008, 1.02522740519e-007, 1.04956754399e-007, 5.01460846181e-008, 3.40177663816e-008, 1.98357668069e-008, 1.09479385557e-008],
        "var": [8.0787922343e-006, 1.5862939108e-005, 8.17060845293e-006, 6.76114086673e-006, 4.7511334742e-006, 1.83976010248e-006, 1.98649132699e-007, 1.38117471238e-007, 7.63134533344e-009, 1.12857794221e-008, 8.82349127096e-008, 6.26142027116e-009, 4.13911838137e-009, 1.09701758788e-009, 4.84146500668e-010, 1.57131377354e-010, 1.83776646678e-010, 5.42516621904e-011, 1.607928235e-010, 8.81873948866e-011, 2.78683274374e-011, 2.02272677774e-011, 1.24521629119e-010, 3.12757285348e-011, 2.77982463437e-011, 1.48303608977e-011, 2.83568446502e-011, 7.1394604638e-012, 2.37828224996e-012, 4.10057621539e-012, 3.92670184562e-012, 1.3180598106e-012, 1.41217398018e-012, 6.29294522308e-013, 5.64845967308e-013, 8.27570976157e-013, 8.03110155418e-014, 3.18878021319e-014, 8.19274491727e-015, 2.39476140639e-015]
    },
    "mfcc": {
        "mean": [-756.725280762, 228.279724121, 14.9042072296, 33.4653091431, 15.952914238, -8.4711971283, -6.77986097336, 0.839674890041, -14.7847089767, -14.5211658478, -10.569975853, -7.23291110992, -6.35876274109],
        "cov": [[3731.3449707, -1457.37988281, -625.308410645, 53.1530952454, -523.03894043, 205.309783936, 60.6078453064, -33.1807174683, -95.6723556519, 155.742919922, -33.5193748474, -7.42404794693, -62.4050178528], [-1457.37988281, 1409.70007324, -51.6373710632, -156.393310547, 313.062286377, -189.553665161, -25.31731987, -11.0498600006, -4.17800283432, -97.6357650757, 46.4457435608, -37.1154518127, 34.709980011], [-625.308410645, -51.6373710632, 647.121704102, 99.2631149292, 52.6854438782, 186.966430664, 18.3204364777, 51.7184181213, 143.828491211, -9.52230834961, -58.3707923889, 76.2297821045, 38.5327301025], [53.1530952454, -156.393310547, 99.2631149292, 294.285003662, 43.4962158203, 36.743927002, 73.4503936768, 76.6472091675, 42.4040298462, 23.1641578674, 35.2318687439, 43.7280502319, 34.4371910095], [-523.03894043, 313.062286377, 52.6854438782, 43.4962158203, 212.595596313, -22.5404853821, 3.63077616692, 28.1274623871, 38.6722640991, -13.6291360855, 19.5670261383, 17.7781505585, 35.2135429382], [205.309783936, -189.553665161, 186.966430664, 36.743927002, -22.5404853821, 339.754882813, 68.0341949463, -21.1582698822, 124.285949707, 44.0631027222, -59.443447113, 56.4966506958, 50.5097808838], [60.6078453064, -25.31731987, 18.3204364777, 73.4503936768, 3.63077616692, 68.0341949463, 149.948730469, 43.6870765686, -8.36310195923, 20.385175705, 30.3370914459, 7.64152431488, 17.7424144745], [-33.1807174683, -11.0498600006, 51.7184181213, 76.6472091675, 28.1274623871, -21.1582698822, 43.6870765686, 109.533622742, 17.3458957672, -2.16464781761, 26.781835556, 23.1836528778, 17.6927490234], [-95.6723556519, -4.17800283432, 143.828491211, 42.4040298462, 38.6722640991, 124.285949707, -8.36310195923, 17.3458957672, 169.927536011, 15.2510919571, -42.3905067444, 62.1926689148, 45.4054489136], [155.742919922, -97.6357650757, -9.52230834961, 23.1641578674, -13.6291360855, 44.0631027222, 20.385175705, -2.16464781761, 15.2510919571, 76.6871871948, 15.582280159, -1.9073433876, 7.09052801132], [-33.5193748474, 46.4457435608, -58.3707923889, 35.2318687439, 19.5670261383, -59.443447113, 30.3370914459, 26.781835556, -42.3905067444, 15.582280159, 87.7371902466, -8.46943759918, -9.36497974396], [-7.42404794693, -37.1154518127, 76.2297821045, 43.7280502319, 17.7781505585, 56.4966506958, 7.64152431488, 23.1836528778, 62.1926689148, -1.9073433876, -8.46943759918, 79.7224960327, 37.359287262], [-62.4050178528, 34.709980011, 38.5327301025, 34.4371910095, 35.2135429382, 50.5097808838, 17.7424144745, 17.6927490234, 45.4054489136, 7.09052801132, -9.36497974396, 37.359287262, 77.7683181763]],
        "icov": [[0.000873854849488, 0.000516246247571, 0.00111345760524, -0.000211003934965, 0.00101332750637, -0.00074739777483, 0.000186034172657, -0.000675978837535, 0.000275599915767, -0.000577721802983, 0.000521230162121, -0.00047420503688, 0.000332822091877], [0.000516246247571, 0.00191960611846, 0.000577470520511, 0.00108129181899, -0.00156428699847, 0.000377400050638, -0.00074223917909, 0.000383187230909, -0.000784929085057, 0.00124980125111, -0.000734727771487, 0.000764181429986, -0.000773345876951], [0.00111345760524, 0.000577470520511, 0.00373386894353, -0.000788447738159, 0.000928192574065, -0.00216716714203, 0.00073089072248, -0.00207534688525, -0.000222841772484, -9.1794259788e-005, 0.00156134890858, -0.00118576700334, 0.00132363208104], [-0.000211003934965, 0.00108129181899, -0.000788447738159, 0.00589901627973, -0.00216767471284, 0.00104287057184, -0.00214246613905, -0.00110830145422, -0.00122681085486, 0.000244050839683, -0.0020807494875, -0.000432525062934, -0.00117708544713], [0.00101332750637, -0.00156428699847, 0.000928192574065, -0.00216767471284, 0.010147341527, -0.000830181292258, 0.00121459632646, -0.00150382006541, -0.000621651473921, -0.00106383941602, -0.000393068563426, -0.00068942445796, -0.00123538647313], [-0.00074739777483, 0.000377400050638, -0.00216716714203, 0.00104287057184, -0.000830181292258, 0.0083868149668, -0.00515457941219, 0.00463001755998, -0.00412668474019, -0.00144178362098, 0.00187243730761, -0.000677268428262, -0.00201314152218], [0.000186034172657, -0.00074223917909, 0.00073089072248, -0.00214246613905, 0.00121459632646, -0.00515457941219, 0.01211907994, -0.00510556437075, 0.00397117855027, -0.00097994832322, -0.00248572044075, 0.000764951633755, -0.000634390860796], [-0.000675978837535, 0.000383187230909, -0.00207534688525, -0.00110830145422, -0.00150382006541, 0.00463001755998, -0.00510556437075, 0.0160311255604, -0.00336681236513, 0.00235781748779, -0.00343180657364, -0.00108808395453, -0.00214278278872], [0.000275599915767, -0.000784929085057, -0.000222841772484, -0.00122681085486, -0.000621651473921, -0.00412668474019, 0.00397117855027, -0.00336681236513, 0.0141338007525, -0.00402110209689, 0.00477220583707, -0.00629507517442, -0.000239840985159], [-0.000577721802983, 0.00124980125111, -9.1794259788e-005, 0.000244050839683, -0.00106383941602, -0.00144178362098, -0.00097994832322, 0.00235781748779, -0.00402110209689, 0.0193685255945, -0.00733491545543, 0.00529317883775, -0.00282298005186], [0.000521230162121, -0.000734727771487, 0.00156134890858, -0.0020807494875, -0.000393068563426, 0.00187243730761, -0.00248572044075, -0.00343180657364, 0.00477220583707, -0.00733491545543, 0.0207203160971, -0.00398298539221, 0.0034947230015], [-0.00047420503688, 0.000764181429986, -0.00118576700334, -0.000432525062934, -0.00068942445796, -0.000677268428262, 0.000764951633755, -0.00108808395453, -0.00629507517442, 0.00529317883775, -0.00398298539221, 0.0232711434364, -0.00758357020095], [0.000332822091877, -0.000773345876951, 0.00132363208104, -0.00117708544713, -0.00123538647313, -0.00201314152218, -0.000634390860796, -0.00214278278872, -0.000239840985159, -0.00282298005186, 0.0034947230015, -0.00758357020095, 0.0202968157828]]
    },
    "spectral_contrast_coeffs": {
        "mean": [-0.472578495741, -0.587902903557, -0.751249909401, -0.793021798134, -0.773440063, -0.798948705196],
        "var": [0.0069848340936, 0.00535455532372, 0.0032483660616, 0.00327227194794, 0.00447362940758, 0.00160267227329]
    },
    "spectral_contrast_valleys": {
        "mean": [-7.35158634186, -7.05481767654, -7.95055818558, -8.95741462708, -9.4487285614, -12.5217237473],
        "var": [1.15778040886, 0.970084309578, 1.05597734451, 1.15742468834, 1.47817087173, 1.28989183903]
    }
},
"metadata": {
    "audio_properties": {
        "analysis_sample_rate": 44100,
        "bit_rate": 113227,
        "equal_loudness": 0,
        "length": 45.0612258911,
        "lossless": 0,
        "replay_gain": -9.82460594177,
        "sample_rate": 44100,
        "codec": "mp3",
        "downmix": "mix",
        "md5_encoded": "5428ef26569056a43a66f14d12458a1a"
    },
    "tags": {
        "file_name": "audio\\684.mp3"
    },
    "version": {
        "essentia": "2.1-beta2",
        "essentia_git_sha": "v2.1_beta2",
        "extractor": "music 1.0"
    }
},
"rhythm": {
    "beats_count": 111,
    "beats_loudness": {
        "mean": 0.054413434118,
        "var": 0.000734414847102
    },
    "bpm": 150.045684814,
    "bpm_histogram_first_peak_bpm": {
        "mean": 152,
        "var": 0
    },
    "bpm_histogram_first_peak_spread": {
        "mean": 0.479999989271,
        "var": 0
    },
    "bpm_histogram_first_peak_weight": {
        "mean": 0.472727268934,
        "var": 0
    },
    "bpm_histogram_second_peak_bpm": {
        "mean": 144,
        "var": 0
    },
    "bpm_histogram_second_peak_spread": {
        "mean": 0,
        "var": 0
    },
    "bpm_histogram_second_peak_weight": {
        "mean": 0.0545454546809,
        "var": 0
    },
    "danceability": 1.10247790813,
    "onset_rate": 5.47896099091,
    "beats_loudness_band_ratio": {
        "mean": [0.517886519432, 0.436331838369, 0.0547479838133, 0.0142694683746, 0.00441697333008, 0.00172652583569],
        "var": [0.0650526583195, 0.0556698404253, 0.00631895894185, 0.00037783026346, 2.87185230263e-005, 2.09363479371e-005]
    },
    "beats_position": [0.429569154978, 0.870748281479, 1.31192743778, 1.71827661991, 2.12462592125, 2.53097510338, 2.92571425438, 3.32045340538, 3.7151927948, 4.1099319458, 4.5046710968, 4.91102027893, 5.31736946106, 5.71210861206, 6.10684776306, 6.52480697632, 6.93115615845, 7.33750534058, 7.75546455383, 8.16181373596, 8.56816291809, 8.97451210022, 9.38086128235, 9.79882049561, 10.2051696777, 10.6115188599, 11.017868042, 11.4242172241, 11.8421764374, 12.2485256195, 12.6548748016, 13.0496139526, 13.4559631348, 13.8623123169, 14.268661499, 14.6750106812, 15.0697498322, 15.4760990143, 15.8824491501, 16.2887973785, 16.6951465607, 17.1014957428, 17.5078449249, 17.9025840759, 18.3089332581, 18.7152824402, 19.1216316223, 19.5279808044, 19.9227199554, 20.3174591064, 20.7121982574, 21.1069393158, 21.5016784668, 21.8964176178, 22.2911567688, 22.6858959198, 23.0806350708, 23.4753742218, 23.8817234039, 24.2880725861, 24.6828117371, 25.0775508881, 25.4722900391, 25.8786392212, 26.2849884033, 26.7029476166, 27.1092967987, 27.5156459808, 27.921995163, 28.3283443451, 28.7230834961, 29.1178226471, 29.5125617981, 29.9073009491, 30.3252601624, 30.7199993134, 31.1147384644, 31.5094776154, 31.9042167664, 32.3105659485, 32.7169151306, 33.111656189, 33.5180053711, 33.9243545532, 34.3190917969, 34.7138328552, 35.1085700989, 35.5033111572, 35.8864402771, 36.269569397, 36.6643066406, 37.059047699, 37.4653968811, 37.8717460632, 38.2664833069, 38.6612243652, 39.0559616089, 39.4507026672, 39.8454399109, 40.2401809692, 40.6349182129, 41.0296592712, 41.4243965149, 41.8191375732, 42.2138786316, 42.6086158752, 43.0033569336, 43.4097061157, 43.8160552979, 44.2107925415, 44.6171417236]
},
"tonal": {
    "chords_changes_rate": 0.0432098768651,
    "chords_number_rate": 0.00925925932825,
    "chords_strength": {
        "mean": 0.514687418938,
        "var": 0.008474602364
    },
    "hpcp_entropy": {
        "mean": 1.73882377148,
        "var": 0.394496828318
    },
    "key_strength": 0.592961847782,
    "tuning_diatonic_strength": 0.409307658672,
    "tuning_equal_tempered_deviation": 0.0293002407998,
    "tuning_frequency": 440.254241943,
    "tuning_nontempered_energy_ratio": 0.633409142494,
    "hpcp": {
        "mean": [0.0960218086839, 0.0897454693913, 0.0392611436546, 0.0104302810505, 0.0126058151945, 0.0452142320573, 0.0809528976679, 0.0683292523026, 0.10432857275, 0.103531122208, 0.0378439426422, 0.0993466377258, 0.172052711248, 0.14187310636, 0.369584798813, 0.556365191936, 0.268989801407, 0.0991239845753, 0.144715160131, 0.0935913920403, 0.0985105261207, 0.154644235969, 0.0908156707883, 0.0159247163683, 0.00492086960003, 0.00854115001857, 0.102796003222, 0.194594979286, 0.118641398847, 0.0453330762684, 0.0365750864148, 0.0131930224597, 0.00512134237215, 0.00667536072433, 0.0126321688294, 0.0499127060175],
        "var": [0.0609021745622, 0.0553830750287, 0.0169521421194, 0.00306228618138, 0.00531250424683, 0.0139187565073, 0.038863837719, 0.0218523032963, 0.0707214996219, 0.0734024718404, 0.0085739903152, 0.0385503061116, 0.113111875951, 0.0424299277365, 0.103917725384, 0.200145602226, 0.053223323077, 0.0351751782, 0.0805093422532, 0.0301549751312, 0.0306684151292, 0.0677786022425, 0.0283886995167, 0.00355671951547, 0.000618534337264, 0.00128938665148, 0.022123824805, 0.0636641681194, 0.0254716407508, 0.0222465097904, 0.0248483736068, 0.00241423328407, 0.000537767540663, 0.000825198192615, 0.00242303172126, 0.0283193811774]
    },
    "chords_histogram": [6.99588489532, 20.267490387, 2.16049385071, 0, 0, 0.308641970158, 1.02880656719, 0, 1.44032919407, 0.925925910473, 0, 0, 0, 0, 0, 0, 0, 0, 0, 4.32098770142, 9.25925922394, 4.11522626877, 0, 49.1769561768],
    "thpcp": [1, 0.483477056026, 0.178163528442, 0.260108232498, 0.168219357729, 0.177060902119, 0.277954548597, 0.163230329752, 0.0286227762699, 0.00884467549622, 0.0153516968712, 0.184763535857, 0.349761247635, 0.213243752718, 0.0814807936549, 0.0657393485308, 0.0237128827721, 0.00920500140637, 0.0119981635362, 0.022704815492, 0.0897121280432, 0.172587737441, 0.161306768656, 0.0705672204494, 0.0187471844256, 0.0226574484259, 0.0812671855092, 0.145503163338, 0.122813671827, 0.187518149614, 0.186084836721, 0.0680199712515, 0.178563714027, 0.309244215488, 0.254999965429, 0.664284527302],
    "chords_key": "B",
    "chords_scale": "minor",
    "key_key": "D",
    "key_scale": "major"
}
}