{
"lowlevel": {
    "average_loudness": 0.82208275795,
    "barkbands_crest": {
        "mean": 14.5779418945,
        "var": 34.043170929
    },
    "barkbands_flatness_db": {
        "mean": 0.284805387259,
        "var": 0.00976257398725
    },
    "barkbands_kurtosis": {
        "mean": 11.8876914978,
        "var": 2739.12060547
    },
    "barkbands_skewness": {
        "mean": 0.705072104931,
        "var": 2.80494642258
    },
    "barkbands_spread": {
        "mean": 6.04843902588,
        "var": 26.3570137024
    },
    "dissonance": {
        "mean": 0.391130775213,
        "var": 0.0106036551297
    },
    "dynamic_complexity": 5.32344007492,
    "erbbands_crest": {
        "mean": 16.4077072144,
        "var": 39.915687561
    },
    "erbbands_flatness_db": {
        "mean": 0.34355700016,
        "var": 0.00592341227457
    },
    "erbbands_kurtosis": {
        "mean": 6.91671848297,
        "var": 165.012329102
    },
    "erbbands_skewness": {
        "mean": 1.02694928646,
        "var": 2.01426672935
    },
    "erbbands_spread": {
        "mean": 8.96701431274,
        "var": 42.4438209534
    },
    "hfc": {
        "mean": 11.1311454773,
        "var": 123.018127441
    },
    "melbands_crest": {
        "mean": 16.4532871246,
        "var": 41.9284973145
    },
    "melbands_flatness_db": {
        "mean": 0.342930138111,
        "var": 0.0125246588141
    },
    "melbands_kurtosis": {
        "mean": 6.40823125839,
        "var": 75.5310745239
    },
    "melbands_skewness": {
        "mean": 0.459160447121,
        "var": 1.47295057774
    },
    "melbands_spread": {
        "mean": 9.86469364166,
        "var": 80.1906738281
    },
    "pitch_salience": {
        "mean": 0.527089715004,
        "var": 0.0193308629096
    },
    "silence_rate_20dB": {
        "mean": 1,
        "var": 0
    },
    "silence_rate_30dB": {
        "mean": 1,
        "var": 0
    },
    "silence_rate_60dB": {
        "mean": 0.149330586195,
        "var": 0.12703089416
    },
    "spectral_centroid": {
        "mean": 818.202941895,
        "var": 185080.078125
    },
    "spectral_complexity": {
        "mean": 11.5669412613,
        "var": 43.4321289063
    },
    "spectral_decrease": {
        "mean": -4.21531609618e-009,
        "var": 1.90135537078e-017
    },
    "spectral_energy": {
        "mean": 0.0169192049652,
        "var": 0.000303622742649
    },
    "spectral_energyband_high": {
        "mean": 2.55868544627e-005,
        "var": 2.87538837185e-009
    },
    "spectral_energyband_low": {
        "mean": 0.00160185317509,
        "var": 1.09780994535e-005
    },
    "spectral_energyband_middle_high": {
        "mean": 0.00299953622743,
        "var": 8.36628987599e-006
    },
    "spectral_energyband_middle_low": {
        "mean": 0.0124336602166,
        "var": 0.000242723355768
    },
    "spectral_entropy": {
        "mean": 6.31221342087,
        "var": 0.696134388447
    },
    "spectral_flux": {
        "mean": 0.0486838780344,
        "var": 0.00084369519027
    },
    "spectral_kurtosis": {
        "mean": 38.3263664246,
        "var": 2411.11254883
    },
    "spectral_rms": {
        "mean": 0.00352890463546,
        "var": 4.05333776143e-006
    },
    "spectral_rolloff": {
        "mean": 950.520935059,
        "var": 775411.25
    },
    "spectral_skewness": {
        "mean": 4.00696229935,
        "var": 7.02412891388
    },
    "spectral_spread": {
        "mean": 1778648.875,
        "var": 2.08689430528e+012
    },
    "spectral_strongpeak": {
        "mean": 1.42653727531,
        "var": 1.26782274246
    },
    "zerocrossingrate": {
        "mean": 0.0356907956302,
        "var": 0.00050295953406
    },
    "barkbands": {
        "mean": [0.000107539897726, 0.000866534770466, 0.000514390470926, 0.000234924576944, 0.000818984815851, 0.000460045208456, 0.000603131076787, 0.00650374218822, 0.00375190610066, 0.000739370589145, 0.000628058682196, 0.000744502991438, 0.000216329615796, 0.00019437741139, 0.00016132388555, 0.000139039941132, 6.84477781761e-005, 8.3165934484e-005, 4.88380574097e-005, 1.88629019249e-005, 1.090205933e-005, 2.55848135566e-006, 1.58767943503e-006, 3.85509736134e-007, 1.89221324831e-007, 6.50144045267e-008, 1.93170213159e-009],
        "var": [2.45471625249e-007, 5.15618421559e-006, 1.72296950041e-006, 2.55803286109e-007, 2.47551702159e-006, 1.05678998352e-006, 1.20195431919e-006, 0.000197269488126, 2.23461029236e-005, 6.41609858576e-007, 4.76622943779e-007, 4.21719414589e-006, 2.19063537088e-007, 3.95029900346e-007, 1.55607651209e-007, 4.41299391696e-007, 3.46806956486e-008, 2.93017645703e-008, 1.81417263434e-008, 1.39865241611e-009, 6.85761059049e-010, 2.83520134453e-011, 1.08640266921e-011, 3.39037473226e-013, 1.07152418991e-013, 5.75606524792e-014, 9.82089836065e-017]
    },
    "erbbands": {
        "mean": [0.0313169248402, 0.174067392945, 0.486924529076, 0.845867276192, 1.74149501324, 2.54001355171, 3.95454072952, 3.7737903595, 8.08354091644, 37.299987793, 149.071960449, 93.0480575562, 43.8479194641, 39.0225982666, 21.3531742096, 28.456615448, 10.0640306473, 11.1730899811, 9.23779964447, 7.44618082047, 6.77902030945, 4.18478870392, 3.50147914886, 3.70340776443, 2.32189536095, 1.08980441093, 0.615295648575, 0.206479370594, 0.0982526913285, 0.060246348381, 0.0381151139736, 0.010429979302, 0.00606351951137, 0.00282129622065, 0.00102419417817, 0.000399803859182, 0.000101296696812, 1.38782725116e-005, 8.85031022335e-006, 1.94866734091e-005],
        "var": [0.00688043842092, 0.225983828306, 1.53390693665, 3.47243237495, 15.1254920959, 21.8194961548, 67.2803192139, 77.7606201172, 185.389907837, 4634.35742188, 98901.2265625, 14179.4462891, 3181.91381836, 1607.828125, 789.578735352, 5261.61962891, 281.334350586, 1104.74230957, 275.211029053, 656.242553711, 876.902404785, 116.29864502, 47.5919952393, 72.8673248291, 29.2478199005, 4.76225662231, 2.06062698364, 0.223075315356, 0.0451472476125, 0.0168423876166, 0.00385873462074, 0.000212512240978, 9.9638607935e-005, 2.24220602831e-005, 3.99873488277e-006, 9.60091369961e-007, 2.18335273416e-007, 6.10996986339e-009, 8.08693736976e-011, 3.97962773846e-010]
    },
    "gfcc": {
        "mean": [-170.314544678, 167.866851807, -149.063644409, -26.9170703888, -68.4906997681, -7.53261709213, -15.0961084366, 8.02299022675, -9.8674659729, -18.9274177551, -9.99621486664, -19.489774704, -7.8503484726],
        "cov": [[23101.6894531, 602.63848877, -6172.30322266, 3100.5324707, 3087.74414063, 1403.18530273, 276.295684814, -202.735809326, 282.230255127, 414.174316406, 842.112182617, -116.070587158, 192.525375366], [602.63848877, 1457.61730957, 356.256011963, -112.695640564, 578.174987793, 199.039367676, 227.623077393, -400.184967041, 45.0433197021, 53.8534889221, 247.155471802, 48.4627609253, 167.595108032], [-6172.30322266, 356.256011963, 2530.77075195, -709.668762207, -805.998779297, -283.659210205, 13.7909049988, -80.4000396729, -42.5732154846, 109.818145752, -216.03704834, 126.43006897, -5.9115986824], [3100.5324707, -112.695640564, -709.668762207, 840.152893066, 450.129730225, 126.934837341, 26.0588493347, -16.4611721039, 69.0796356201, 209.406646729, 138.720535278, 43.5600852966, 34.0937576294], [3087.74414063, 578.174987793, -805.998779297, 450.129730225, 951.209106445, 357.295318604, 91.2494735718, -224.949295044, 45.3371353149, 86.1558990479, 242.040496826, 51.5439376831, 101.181854248], [1403.18530273, 199.039367676, -283.659210205, 126.934837341, 357.295318604, 415.930603027, 51.9726066589, -113.12512207, -15.5678663254, -6.48675632477, 69.2310638428, 25.9230442047, 40.9121627808], [276.295684814, 227.623077393, 13.7909049988, 26.0588493347, 91.2494735718, 51.9726066589, 177.922698975, -13.7483901978, 39.2422370911, 3.83465766907, 22.2056751251, -23.6791782379, 21.114112854], [-202.735809326, -400.184967041, -80.4000396729, -16.4611721039, -224.949295044, -113.12512207, -13.7483901978, 224.457855225, 23.9567642212, -32.961391449, -93.9638137817, -52.2501182556, -56.252117157], [282.230255127, 45.0433197021, -42.5732154846, 69.0796356201, 45.3371353149, -15.5678663254, 39.2422370911, 23.9567642212, 111.416923523, 51.9729652405, 2.29289627075, -14.5735034943, 17.4895019531], [414.174316406, 53.8534889221, 109.818145752, 209.406646729, 86.1558990479, -6.48675632477, 3.83465766907, -32.961391449, 51.9729652405, 206.105392456, 59.9540748596, 57.6192970276, 18.6624565125], [842.112182617, 247.155471802, -216.03704834, 138.720535278, 242.040496826, 69.2310638428, 22.2056751251, -93.9638137817, 2.29289627075, 59.9540748596, 181.9947052, 47.4092483521, 44.7352333069], [-116.070587158, 48.4627609253, 126.43006897, 43.5600852966, 51.5439376831, 25.9230442047, -23.6791782379, -52.2501182556, -14.5735034943, 57.6192970276, 47.4092483521, 113.591110229, 17.2161121368], [192.525375366, 167.595108032, -5.9115986824, 34.0937576294, 101.181854248, 40.9121627808, 21.114112854, -56.252117157, 17.4895019531, 18.6624565125, 44.7352333069, 17.2161121368, 81.8165817261]],
        "icov": [[0.000527445750777, -0.00134453002829, 0.00142051896546, -0.00110674195457, 0.000659464742057, -0.00094785168767, 0.000471244944492, -0.000956786796451, 0.000489468045998, -0.00122932158411, 0.00120729405899, -0.000369631539797, 0.000549261982087], [-0.00134453002829, 0.00737767620012, -0.00474748108536, 0.00401521660388, -0.00389317166992, 0.00316950492561, -0.00400959420949, 0.00620514666662, -0.00259223976173, 0.0038885846734, -0.0061045861803, 0.00299085956067, -0.00305856135674], [0.00142051896546, -0.00474748108536, 0.00542557938024, -0.00241521140561, 0.00330697838217, -0.00258481921628, 0.0010772603564, -0.00234538991936, 0.00207719719037, -0.00535335671157, 0.00554710254073, -0.00295488769189, 0.00145875522867], [-0.00110674195457, 0.00401521660388, -0.00241521140561, 0.00571990152821, -0.00263499701396, 0.00222943141125, -0.00228998414241, 0.00256121740676, -0.000831957906485, -0.00074806419434, -0.00275305681862, 0.00076166249346, -0.00198933389038], [0.000659464742057, -0.00389317166992, 0.00330697838217, -0.00263499701396, 0.00583783583716, -0.00298782344908, 0.00122361886315, -0.000667803920805, 0.000246569921728, -0.00219626515172, 0.00209886254743, -0.00224139192142, 0.00103186734486], [-0.00094785168767, 0.00316950492561, -0.00258481921628, 0.00222943141125, -0.00298782344908, 0.00581079768017, -0.00224842317402, 0.00325501034968, -9.08530710149e-005, 0.00272838911042, -0.0015410031192, 0.000246858224273, -0.00158261926845], [0.000471244944492, -0.00400959420949, 0.0010772603564, -0.00228998414241, 0.00122361886315, -0.00224842317402, 0.00999040063471, -0.00454130256549, -0.00113412749488, -0.000163050732226, 0.00144406023901, 0.000954865070526, 0.00133624032605], [-0.000956786796451, 0.00620514666662, -0.00234538991936, 0.00256121740676, -0.000667803920805, 0.00325501034968, -0.00454130256549, 0.0153075847775, -0.00457750307396, 0.00295878108591, -0.00224098772742, 0.00247382069938, 0.000207028875593], [0.000489468045998, -0.00259223976173, 0.00207719719037, -0.000831957906485, 0.000246569921728, -9.08530710149e-005, -0.00113412749488, -0.00457750307396, 0.0147799290717, -0.0063473074697, 0.004137636628, 0.000968667096458, -0.00263682263903], [-0.00122932158411, 0.0038885846734, -0.00535335671157, -0.00074806419434, -0.00219626515172, 0.00272838911042, -0.000163050732226, 0.00295878108591, -0.0063473074697, 0.015129186213, -0.00666971644387, -0.000669932574965, -2.60102387983e-005], [0.00120729405899, -0.0061045861803, 0.00554710254073, -0.00275305681862, 0.00209886254743, -0.0015410031192, 0.00144406023901, -0.00224098772742, 0.004137636628, -0.00666971644387, 0.0169874187559, -0.00579284643754, 4.09357198805e-005], [-0.000369631539797, 0.00299085956067, -0.00295488769189, 0.00076166249346, -0.00224139192142, 0.000246858224273, 0.000954865070526, 0.00247382069938, 0.000968667096458, -0.000669932574965, -0.00579284643754, 0.0156073868275, -0.00185578432865], [0.000549261982087, -0.00305856135674, 0.00145875522867, -0.00198933389038, 0.00103186734486, -0.00158261926845, 0.00133624032605, 0.000207028875593, -0.00263682263903, -2.60102387983e-005, 4.09357198805e-005, -0.00185578432865, 0.0183800775558]]
    },
    "melbands": {
        "mean": [0.000264180824161, 0.000251940422459, 0.000166264100699, 0.000160582523677, 0.000133845387609, 8.37413754198e-005, 0.000119880525745, 0.00064818985993, 0.00109322939534, 0.000595129095018, 0.000208529265365, 0.000154154855409, 6.79806689732e-005, 0.000105457467726, 2.91716514766e-005, 2.09064073715e-005, 2.10075650102e-005, 1.46127076732e-005, 1.0760182704e-005, 1.08184785859e-005, 6.5140843617e-006, 4.64850472781e-006, 2.53712823906e-006, 4.32116212323e-006, 2.88602677756e-006, 1.86277907233e-006, 1.00597810615e-006, 6.88836223617e-007, 5.04634556364e-007, 1.48932883803e-007, 9.6612822631e-008, 6.83158560832e-008, 2.67968527368e-008, 3.69882613427e-008, 2.65751634032e-008, 9.2885956704e-009, 5.02687447224e-009, 4.32128688388e-009, 3.40878525407e-009, 2.02437111518e-009],
        "var": [4.60679729031e-007, 3.43657802659e-007, 1.12942316832e-007, 1.00679258708e-007, 6.54048406545e-008, 3.52028060036e-008, 4.53147173118e-008, 1.72226202722e-006, 4.98648159919e-006, 6.45717932457e-007, 8.82564634708e-008, 2.63113584253e-008, 4.64858862514e-009, 9.43492324268e-008, 2.19905138543e-009, 3.04578762211e-009, 5.27755927848e-009, 7.64835583755e-010, 1.0197263034e-009, 2.75899059154e-009, 8.07445721396e-010, 2.06617806198e-010, 3.80884455919e-011, 8.20233672649e-011, 5.38160176144e-011, 2.7342537956e-011, 5.06496277211e-012, 2.16347924818e-012, 1.59983224585e-012, 1.18863428757e-013, 5.3501799345e-014, 2.69552260422e-014, 1.86689767344e-015, 1.10628338968e-014, 2.21273677888e-015, 1.92781363603e-016, 5.69483279147e-017, 5.6109216049e-017, 3.72713422684e-017, 1.26575797718e-017]
    },
    "mfcc": {
        "mean": [-785.80645752, 190.609909058, -31.3681297302, -12.3564453125, -23.7078266144, -19.6269168854, -3.54773211479, 8.67349338531, 0.394215553999, 10.2252473831, 1.02043247223, -6.8530330658, -3.7744641304],
        "cov": [[12203.1171875, 2574.32177734, -3116.14453125, 863.312072754, 438.791900635, 1074.3347168, 864.588867188, 497.594177246, 4.68835306168, 262.340362549, 199.810089111, 257.95489502, 315.124908447], [2574.32177734, 2138.52026367, -537.526123047, -234.281356812, 482.025268555, 612.048583984, 525.16217041, 94.9410018921, -57.9001960754, -122.758140564, -17.4722690582, 72.3928451538, 99.7792892456], [-3116.14453125, -537.526123047, 1421.9354248, -24.6166496277, -117.310958862, -55.5948944092, -221.948822021, -227.849945068, 79.6904373169, -102.000549316, 9.84219741821, 46.0281562805, -129.228820801], [863.312072754, -234.281356812, -24.6166496277, 576.458740234, -11.2957115173, 57.8464698792, -41.2951660156, -102.494979858, 44.0584220886, 42.8798866272, 98.8313446045, 131.849380493, 38.0715446472], [438.791900635, 482.025268555, -117.310958862, -11.2957115173, 327.44644165, 260.682495117, 139.041152954, -23.5275230408, -55.7429161072, -59.8416213989, 8.64448261261, 57.22240448, 66.6381149292], [1074.3347168, 612.048583984, -55.5948944092, 57.8464698792, 260.682495117, 507.032501221, 206.753860474, -16.9418678284, -1.54608929157, -80.0389785767, 40.5947570801, 114.685768127, 43.3084449768], [864.588867188, 525.16217041, -221.948822021, -41.2951660156, 139.041152954, 206.753860474, 230.408065796, 72.3122177124, -18.6413288116, -30.7944297791, -2.70809078217, 29.4560394287, 20.3831195831], [497.594177246, 94.9410018921, -227.849945068, -102.494979858, -23.5275230408, -16.9418678284, 72.3122177124, 179.858764648, 18.8883228302, 31.6794109344, -31.2957134247, -60.7785644531, -1.20152592659], [4.68835306168, -57.9001960754, 79.6904373169, 44.0584220886, -55.7429161072, -1.54608929157, -18.6413288116, 18.8883228302, 141.845413208, 54.4398269653, 14.4659366608, -10.0807437897, -23.7742977142], [262.340362549, -122.758140564, -102.000549316, 42.8798866272, -59.8416213989, -80.0389785767, -30.7944297791, 31.6794109344, 54.4398269653, 114.289337158, 30.9966888428, -27.2968883514, -9.07144069672], [199.810089111, -17.4722690582, 9.84219741821, 98.8313446045, 8.64448261261, 40.5947570801, -2.70809078217, -31.2957134247, 14.4659366608, 30.9966888428, 78.3348999023, 53.2127838135, 0.828183829784], [257.95489502, 72.3928451538, 46.0281562805, 131.849380493, 57.22240448, 114.685768127, 29.4560394287, -60.7785644531, -10.0807437897, -27.2968883514, 53.2127838135, 135.010498047, 34.0818519592], [315.124908447, 99.7792892456, -129.228820801, 38.0715446472, 66.6381149292, 43.3084449768, 20.3831195831, -1.20152592659, -23.7742977142, -9.07144069672, 0.828183829784, 34.0818519592, 104.784858704]],
        "icov": [[0.000757189642172, -0.000769486941863, 0.00125828373712, -0.00124397024047, 0.00116693775635, -0.00148942961823, 0.000768447935116, -0.0010409320239, 0.000534451159183, -0.00140523025766, 0.000440308067482, -0.00062527472619, 0.0003709391749], [-0.000769486941863, 0.00219153496437, -0.00102266506292, 0.00186633062549, -0.00172000413295, 0.00113772798795, -0.00322635704651, 0.0018916381523, -0.00115777889732, 0.00189779303037, -0.000679033284541, 0.000913373252843, -0.00082925404422], [0.00125828373712, -0.00102266506292, 0.00359079707414, -0.00153163308278, 0.00191913603339, -0.00258906092495, 0.002008006908, -0.000379201286705, -0.0006288352306, -0.000421023578383, 0.000449829007266, -0.00161416747142, 0.00197163783014], [-0.00124397024047, 0.00186633062549, -0.00153163308278, 0.00519290100783, -0.00165756209753, 0.00210780161433, -0.0017542373389, 0.00331353954971, -0.00207035220228, 0.0019955469761, -0.00213797809556, -0.000990274595097, -0.00120758253615], [0.00116693775635, -0.00172000413295, 0.00191913603339, -0.00165756209753, 0.00891519803554, -0.00491496780887, 0.000174496846739, 6.94476257195e-005, 0.00271292240359, -0.00254364660941, 0.000570366857573, 6.68804350425e-005, -0.00220481236465], [-0.00148942961823, 0.00113772798795, -0.00258906092495, 0.00210780161433, -0.00491496780887, 0.00871030054986, -0.00405009835958, 0.00194881705102, -0.0032843304798, 0.00574635295197, -0.00309678260237, -0.000266029295744, -0.000363865023246], [0.000768447935116, -0.00322635704651, 0.002008006908, -0.0017542373389, 0.000174496846739, -0.00405009835958, 0.0161483846605, -0.00655667250976, 0.00174865371082, -0.00127978192177, 0.00190632068552, -0.00362439220771, 0.0036713227164], [-0.0010409320239, 0.0018916381523, -0.000379201286705, 0.00331353954971, 6.94476257195e-005, 0.00194881705102, -0.00655667250976, 0.0131916059181, -0.00294344127178, 0.000707327155396, 0.00085728126578, 0.00352218560874, -0.00152431358583], [0.000534451159183, -0.00115777889732, -0.0006288352306, -0.00207035220228, 0.00271292240359, -0.0032843304798, 0.00174865371082, -0.00294344127178, 0.0122898733243, -0.0083779823035, 0.00254521844909, -0.000223527036724, 0.000845827860758], [-0.00140523025766, 0.00189779303037, -0.000421023578383, 0.0019955469761, -0.00254364660941, 0.00574635295197, -0.00127978192177, 0.000707327155396, -0.0083779823035, 0.0240486767143, -0.0132069326937, 0.00638004392385, -0.00111538753845], [0.000440308067482, -0.000679033284541, 0.000449829007266, -0.00213797809556, 0.000570366857573, -0.00309678260237, 0.00190632068552, 0.00085728126578, 0.00254521844909, -0.0132069326937, 0.0280765611678, -0.0107165016234, 0.00390801625326], [-0.00062527472619, 0.000913373252843, -0.00161416747142, -0.000990274595097, 6.68804350425e-005, -0.000266029295744, -0.00362439220771, 0.00352218560874, -0.000223527036724, 0.00638004392385, -0.0107165016234, 0.0190692599863, -0.00542346760631], [0.0003709391749, -0.00082925404422, 0.00197163783014, -0.00120758253615, -0.00220481236465, -0.000363865023246, 0.0036713227164, -0.00152431358583, 0.000845827860758, -0.00111538753845, 0.00390801625326, -0.00542346760631, 0.0147371646017]]
    },
    "spectral_contrast_coeffs": {
        "mean": [-0.628180921078, -0.692737162113, -0.685480773449, -0.789405941963, -0.785747826099, -0.78986376524],
        "var": [0.00501965917647, 0.00822214130312, 0.00755544612184, 0.00514526199549, 0.00520073482767, 0.00338847655803]
    },
    "spectral_contrast_valleys": {
        "mean": [-9.26549339294, -7.25338697433, -7.73778629303, -8.92095947266, -9.73739910126, -13.0878210068],
        "var": [4.60900592804, 1.98277056217, 4.74390506744, 4.76138734818, 3.5772087574, 1.59739077091]
    }
},
"metadata": {
    "audio_properties": {
        "analysis_sample_rate": 44100,
        "bit_rate": 94951,
        "equal_loudness": 0,
        "length": 45.0612258911,
        "lossless": 0,
        "replay_gain": -0.927274703979,
        "sample_rate": 44100,
        "codec": "mp3",
        "downmix": "mix",
        "md5_encoded": "5810bcff1c33de4edbf7faf00a57d9f4"
    },
    "tags": {
        "file_name": "audio\\685.mp3"
    },
    "version": {
        "essentia": "2.1-beta2",
        "essentia_git_sha": "v2.1_beta2",
        "extractor": "music 1.0"
    }
},
"rhythm": {
    "beats_count": 90,
    "beats_loudness": {
        "mean": 0.0195108987391,
        "var": 0.000361636193702
    },
    "bpm": 122.620979309,
    "bpm_histogram_first_peak_bpm": {
        "mean": 123,
        "var": 0
    },
    "bpm_histogram_first_peak_spread": {
        "mean": 0.35897436738,
        "var": 0
    },
    "bpm_histogram_first_peak_weight": {
        "mean": 0.561797738075,
        "var": 0
    },
    "bpm_histogram_second_peak_bpm": {
        "mean": 110,
        "var": 0
    },
    "bpm_histogram_second_peak_spread": {
        "mean": 0.5,
        "var": 0
    },
    "bpm_histogram_second_peak_weight": {
        "mean": 0.0337078645825,
        "var": 0
    },
    "danceability": 0.870884001255,
    "onset_rate": 3.52694225311,
    "beats_loudness_band_ratio": {
        "mean": [0.0989291518927, 0.0684587955475, 0.602495551109, 0.215295523405, 0.031488455832, 0.00646245060489],
        "var": [0.0229319464415, 0.00742274802178, 0.075861826539, 0.0282898209989, 0.0031264917925, 0.000417193659814]
    },
    "beats_position": [0.452789098024, 0.9287981987, 1.4164172411, 1.90403628349, 2.39165520668, 2.87927436829, 3.36689329147, 3.85451245308, 4.34213161469, 4.82975053787, 5.31736946106, 5.80498838425, 6.29260778427, 6.79183673859, 7.2910656929, 7.80190467834, 8.27791404724, 8.76553249359, 9.24154186249, 9.72916126251, 10.2167797089, 10.7043991089, 11.1920175552, 11.6796369553, 12.1672563553, 12.6548748016, 13.1541042328, 13.6417226791, 14.1409521103, 14.6401815414, 15.1277999878, 15.6154193878, 16.1030387878, 16.5906581879, 17.0782756805, 17.5775051117, 18.0651245117, 18.5643539429, 19.0519733429, 19.5395908356, 20.0272102356, 20.549659729, 21.0140590668, 21.5016784668, 21.9892959595, 22.4653053284, 22.9529247284, 23.4521541595, 23.9281635284, 24.40417099, 24.9034004211, 25.4026298523, 25.9018592834, 26.4010887146, 26.8887062073, 27.3879356384, 27.8987751007, 28.3747844696, 28.8624038696, 29.3500213623, 29.8376407623, 30.3252601624, 30.8128795624, 31.3004989624, 31.776506424, 32.264125824, 32.7517471313, 33.239364624, 33.7269821167, 34.2262115479, 34.7138328552, 35.2014503479, 35.6890678406, 36.1766891479, 36.6759185791, 37.1751480103, 37.6627655029, 38.1503829956, 38.638004303, 39.1372337341, 39.6364631653, 40.1356925964, 40.6349182129, 41.1457595825, 41.6798171997, 42.2254867554, 42.7827644348, 43.3284339905, 43.8741035461, 44.4313812256]
},
"tonal": {
    "chords_changes_rate": 0.0360082313418,
    "chords_number_rate": 0.00925925932825,
    "chords_strength": {
        "mean": 0.526913762093,
        "var": 0.0120510505512
    },
    "hpcp_entropy": {
        "mean": 2.00310778618,
        "var": 0.389647006989
    },
    "key_strength": 0.641369521618,
    "tuning_diatonic_strength": 0.487858653069,
    "tuning_equal_tempered_deviation": 0.132922619581,
    "tuning_frequency": 436.708374023,
    "tuning_nontempered_energy_ratio": 0.767451345921,
    "hpcp": {
        "mean": [0.210420772433, 0.133695721626, 0.175652593374, 0.209402829409, 0.102397948503, 0.0568947158754, 0.0822104811668, 0.0904957801104, 0.0954969748855, 0.0920763462782, 0.0630492195487, 0.158363208175, 0.307190388441, 0.247333854437, 0.151405259967, 0.207505390048, 0.174536436796, 0.139394819736, 0.172176063061, 0.105759017169, 0.0515476502478, 0.0529763363302, 0.0760296210647, 0.191224321723, 0.248728752136, 0.185572817922, 0.311368405819, 0.344532966614, 0.142197266221, 0.0376539081335, 0.029420312494, 0.0375878177583, 0.0781658664346, 0.102587938309, 0.0848762542009, 0.163812696934],
        "var": [0.0882127359509, 0.0332984775305, 0.0697733238339, 0.0910999253392, 0.0244578868151, 0.0142493406311, 0.0210281293839, 0.0212409086525, 0.0281002279371, 0.0394332446158, 0.0250785760581, 0.044790789485, 0.147155493498, 0.0819856822491, 0.0528654828668, 0.0823425352573, 0.0709242671728, 0.0439247265458, 0.0817993059754, 0.0281152762473, 0.0137506900355, 0.0132810911164, 0.0249798614532, 0.070315092802, 0.131335362792, 0.0408775657415, 0.119735017419, 0.113747529685, 0.0276974868029, 0.00435478659347, 0.00812111236155, 0.0115553308278, 0.0240148305893, 0.0403782762587, 0.0190165471286, 0.0568877197802]
    },
    "chords_histogram": [9.97942352295, 0, 0, 0, 3.08641982079, 1.54320991039, 0.308641970158, 22.9423866272, 18.7242794037, 12.2427988052, 0, 0, 0, 0, 0, 5.24691343307, 0, 0, 0, 0, 0, 0, 5.55555534363, 20.3703708649],
    "thpcp": [1, 0.41272470355, 0.109289713204, 0.0853918641806, 0.109097883105, 0.226874858141, 0.297759413719, 0.246351614594, 0.475463062525, 0.610742032528, 0.388049155474, 0.509828090668, 0.607787489891, 0.297207981348, 0.165135771036, 0.23861426115, 0.262662172318, 0.277178049088, 0.26724973321, 0.18299908936, 0.459646016359, 0.891613900661, 0.717881560326, 0.439450711012, 0.602280199528, 0.50658851862, 0.404590666294, 0.499737560749, 0.306963413954, 0.149616017938, 0.153762742877, 0.220674440265, 0.55502474308, 0.721930205822, 0.538621366024, 0.903740525246],
    "chords_key": "F#",
    "chords_scale": "major",
    "key_key": "F#",
    "key_scale": "minor"
}
}