{
"lowlevel": {
    "average_loudness": 0.969849407673,
    "barkbands_crest": {
        "mean": 11.5183906555,
        "var": 16.4866333008
    },
    "barkbands_flatness_db": {
        "mean": 0.167788848281,
        "var": 0.00404341053218
    },
    "barkbands_kurtosis": {
        "mean": 7.32942724228,
        "var": 311.307403564
    },
    "barkbands_skewness": {
        "mean": 1.7840218544,
        "var": 2.96489405632
    },
    "barkbands_spread": {
        "mean": 18.1412353516,
        "var": 76.2849197388
    },
    "dissonance": {
        "mean": 0.442980289459,
        "var": 0.00146010064054
    },
    "dynamic_complexity": 2.10469651222,
    "erbbands_crest": {
        "mean": 11.7152729034,
        "var": 35.5671730042
    },
    "erbbands_flatness_db": {
        "mean": 0.170448988676,
        "var": 0.00426445063204
    },
    "erbbands_kurtosis": {
        "mean": 0.762715041637,
        "var": 4.34352493286
    },
    "erbbands_skewness": {
        "mean": 0.401692718267,
        "var": 0.442112982273
    },
    "erbbands_spread": {
        "mean": 37.0691299438,
        "var": 467.433563232
    },
    "hfc": {
        "mean": 21.6864280701,
        "var": 330.614105225
    },
    "melbands_crest": {
        "mean": 16.4534912109,
        "var": 32.7933578491
    },
    "melbands_flatness_db": {
        "mean": 0.237478688359,
        "var": 0.00495858024806
    },
    "melbands_kurtosis": {
        "mean": 20.8134288788,
        "var": 1796.3885498
    },
    "melbands_skewness": {
        "mean": 2.86403441429,
        "var": 5.67050743103
    },
    "melbands_spread": {
        "mean": 19.8046646118,
        "var": 160.506286621
    },
    "pitch_salience": {
        "mean": 0.475487232208,
        "var": 0.0130465114489
    },
    "silence_rate_20dB": {
        "mean": 1,
        "var": 0
    },
    "silence_rate_30dB": {
        "mean": 0.983530640602,
        "var": 0.0161979272962
    },
    "silence_rate_60dB": {
        "mean": 0.0252187345177,
        "var": 0.0245832521468
    },
    "spectral_centroid": {
        "mean": 1166.85473633,
        "var": 297942.625
    },
    "spectral_complexity": {
        "mean": 14.5295934677,
        "var": 70.0946807861
    },
    "spectral_decrease": {
        "mean": -9.00348062771e-009,
        "var": 4.63867733571e-017
    },
    "spectral_energy": {
        "mean": 0.0359482839704,
        "var": 0.000717066810466
    },
    "spectral_energyband_high": {
        "mean": 0.000547406147234,
        "var": 5.32970148015e-007
    },
    "spectral_energyband_low": {
        "mean": 0.0174547582865,
        "var": 0.000423605117248
    },
    "spectral_energyband_middle_high": {
        "mean": 0.00853826384991,
        "var": 0.000108620981337
    },
    "spectral_energyband_middle_low": {
        "mean": 0.0101967668161,
        "var": 7.97050452093e-005
    },
    "spectral_entropy": {
        "mean": 7.20820903778,
        "var": 0.338180243969
    },
    "spectral_flux": {
        "mean": 0.09371445328,
        "var": 0.00212921784259
    },
    "spectral_kurtosis": {
        "mean": 4.66139030457,
        "var": 9.44011592865
    },
    "spectral_rms": {
        "mean": 0.00549451541156,
        "var": 4.88173282065e-006
    },
    "spectral_rolloff": {
        "mean": 1057.3326416,
        "var": 1051922
    },
    "spectral_skewness": {
        "mean": 1.62182927132,
        "var": 0.159248411655
    },
    "spectral_spread": {
        "mean": 4624741,
        "var": 3.11287794893e+012
    },
    "spectral_strongpeak": {
        "mean": 1.40131926537,
        "var": 3.77490067482
    },
    "zerocrossingrate": {
        "mean": 0.0484788157046,
        "var": 0.000726668105926
    },
    "barkbands": {
        "mean": [0.000384600221878, 0.0072398209013, 0.0092686554417, 0.00112632941455, 0.00345624238253, 0.00104866747279, 0.000770756218117, 0.000742481613997, 0.00258720223792, 0.00226254877634, 0.00094881025143, 0.00126856577117, 0.00111444329377, 0.000923199113458, 0.000924697902519, 0.000331757764798, 0.000397493655328, 0.000250470096944, 0.000204749318073, 0.000257376377704, 0.000129078500322, 9.7029376775e-005, 7.76088418206e-005, 7.14725465514e-005, 4.24553909397e-005, 2.00413960556e-005, 1.70742976024e-006],
        "var": [5.2805114592e-007, 0.000122192010167, 0.000158133043442, 1.98527231987e-006, 2.28355329455e-005, 2.31067770073e-006, 1.61874800142e-006, 2.57798615166e-006, 1.99576006708e-005, 2.43236918323e-005, 6.47510978524e-006, 2.8490956538e-005, 7.49554465074e-006, 4.28492785431e-006, 8.45111571834e-006, 8.34885327095e-007, 7.9288707866e-007, 1.53140348402e-007, 9.56060191015e-008, 1.9161851128e-007, 3.72059218989e-008, 2.16950706289e-008, 1.44479841424e-008, 1.63129989517e-008, 4.82243578404e-009, 1.6587334839e-009, 2.64010809742e-011]
    },
    "erbbands": {
        "mean": [0.237741723657, 1.63641750813, 9.77571964264, 6.4933681488, 7.86882591248, 13.0105981827, 8.59501361847, 8.71084117889, 9.29395580292, 13.9047574997, 22.0747890472, 56.8198471069, 58.4569816589, 77.5625915527, 40.0924110413, 53.2382736206, 43.8927726746, 57.3687438965, 64.0001296997, 21.1674213409, 24.1446666718, 18.3594379425, 16.0254364014, 9.89845085144, 12.3904657364, 13.2183113098, 6.4339389801, 4.40746974945, 3.33566188812, 3.06882166862, 2.1565861702, 1.6128590107, 1.04230630398, 0.548837542534, 0.269717872143, 0.108146429062, 0.0314695462584, 0.0064091491513, 0.000201139569981, 4.68268881377e-005],
        "var": [0.196099504828, 5.15019845963, 178.797836304, 47.4685821533, 108.390510559, 386.100646973, 232.25932312, 175.294647217, 262.426574707, 533.815795898, 1854.0982666, 11889.5185547, 11831.5751953, 27719.6660156, 8772.74121094, 54959.7617188, 9444.32617188, 13558.7548828, 37004.9101563, 1410.43981934, 4298.09863281, 1199.52685547, 572.656494141, 210.22442627, 350.027709961, 608.749572754, 88.3010864258, 54.1942977905, 27.0372905731, 19.7866210938, 11.6995792389, 8.56748771667, 3.49173855782, 0.776846826077, 0.232372879982, 0.0429183915257, 0.00425191549584, 0.000270966236712, 2.7327268981e-007, 1.2191128107e-009]
    },
    "gfcc": {
        "mean": [-4.65433597565, 96.9664611816, -113.733627319, 38.9751396179, -50.275352478, 24.0086402893, -29.7595214844, 11.6859121323, -25, -2.30071020126, -19.1388607025, -6.33559656143, -10.9245405197],
        "cov": [[6063.42431641, -110.28440094, -44.6716766357, -194.934234619, -433.237426758, -37.6025733948, -322.512390137, -13.607170105, -260.079467773, 178.782623291, -116.237075806, 53.0827827454, -174.887252808], [-110.28440094, 969.505615234, -3.45846867561, 160.686904907, 121.551300049, -107.511741638, 39.7419319153, -100.392227173, 101.74874115, -38.2444000244, 117.012153625, -131.040786743, 117.192840576], [-44.6716766357, -3.45846867561, 1114.36376953, 184.926498413, -108.698699951, -2.70351696014, -193.253723145, 21.0916786194, -62.3199882507, 182.473587036, 12.4724941254, 97.9188690186, -129.401733398], [-194.934234619, 160.686904907, 184.926498413, 314.179962158, 71.4944992065, -26.0401363373, 14.5708303452, -22.1567516327, 21.0432472229, -25.0926113129, 51.0842170715, 15.1947803497, 64.6837463379], [-433.237426758, 121.551300049, -108.698699951, 71.4944992065, 365.871307373, 114.925064087, 145.79776001, 32.5868530273, 74.338760376, -68.2940063477, 5.42729187012, -19.4965591431, 66.8023376465], [-37.6025733948, -107.511741638, -2.70351696014, -26.0401363373, 114.925064087, 232.402374268, 102.679725647, 55.0412521362, -2.69122695923, -25.7469139099, -22.4621448517, 0.561119198799, 5.0623216629], [-322.512390137, 39.7419319153, -193.253723145, 14.5708303452, 145.79776001, 102.679725647, 259.342254639, 43.821811676, 30.5193347931, -83.5461807251, 10.7381210327, -15.733915329, 62.4837722778], [-13.607170105, -100.392227173, 21.0916786194, -22.1567516327, 32.5868530273, 55.0412521362, 43.821811676, 163.569885254, 73.0104980469, 17.9852199554, -38.9541664124, -26.7977104187, -27.6069087982], [-260.079467773, 101.74874115, -62.3199882507, 21.0432472229, 74.338760376, -2.69122695923, 30.5193347931, 73.0104980469, 179.983963013, 22.9164981842, -20.7751655579, -73.5549926758, -1.19760513306], [178.782623291, -38.2444000244, 182.473587036, -25.0926113129, -68.2940063477, -25.7469139099, -83.5461807251, 17.9852199554, 22.9164981842, 158.034194946, 23.809720993, 1.41396868229, -87.803314209], [-116.237075806, 117.012153625, 12.4724941254, 51.0842170715, 5.42729187012, -22.4621448517, 10.7381210327, -38.9541664124, -20.7751655579, 23.809720993, 138.700942993, 35.4001426697, 1.227388978], [53.0827827454, -131.040786743, 97.9188690186, 15.1947803497, -19.4965591431, 0.561119198799, -15.733915329, -26.7977104187, -73.5549926758, 1.41396868229, 35.4001426697, 146.169647217, 24.2929077148], [-174.887252808, 117.192840576, -129.401733398, 64.6837463379, 66.8023376465, 5.0623216629, 62.4837722778, -27.6069087982, -1.19760513306, -87.803314209, 1.227388978, 24.2929077148, 188.708908081]],
        "icov": [[0.000247832824243, -0.000288492039545, 0.00029610141064, -0.000201222617761, 0.000215763502638, -0.000248688156717, 0.000261396198766, -0.000343219260685, 0.000619399361312, -0.000512615486514, 0.000616528675891, -0.000411789951613, 0.00028880656464], [-0.000288492039545, 0.00276014814153, -0.00115240935702, 0.000558803556487, -0.000839977059513, 0.00133484683465, -0.000546134077013, 0.00188985583372, -0.00180312839802, 0.00132224021945, -0.00326896924525, 0.00368314306252, -0.00209351093508], [0.00029610141064, -0.00115240935702, 0.00243127625436, -0.00198054499924, 0.00053575047059, -0.00119186495431, 0.00115493417252, -0.00138296373188, 0.00186818360817, -0.00258934847079, 0.0023903127294, -0.00251444848254, 0.00170894176699], [-0.000201222617761, 0.000558803556487, -0.00198054499924, 0.00557154463604, -0.00105980806984, 0.00133991695475, -0.000475542619824, 0.000940093304962, -0.00187182892114, 0.00241208425723, -0.00299315550365, 0.00142499012873, -0.00222071213648], [0.000215763502638, -0.000839977059513, 0.00053575047059, -0.00105980806984, 0.00492436997592, -0.0023898826912, -0.000908432179131, -6.16253455519e-005, -0.0013383703772, 0.000334966665832, 0.000816962623503, -0.0014635004336, 0.000395377137465], [-0.000248688156717, 0.00133484683465, -0.00119186495431, 0.00133991695475, -0.0023898826912, 0.00745802558959, -0.00246831169352, -0.000677288218867, 0.000698794261552, 0.000667225802317, -0.000911685056053, 0.00192423874978, -0.000898768135812], [0.000261396198766, -0.000546134077013, 0.00115493417252, -0.000475542619824, -0.000908432179131, -0.00246831169352, 0.00748872756958, -0.0022803505417, 0.000622014747933, 0.00159427302424, -0.000883279251866, -0.000508977100253, -7.20279058442e-005], [-0.000343219260685, 0.00188985583372, -0.00138296373188, 0.000940093304962, -6.16253455519e-005, -0.000677288218867, -0.0022803505417, 0.0109942089766, -0.00564840482548, 0.000693483278155, -0.000341654376825, 0.00169364060275, -0.000287856295472], [0.000619399361312, -0.00180312839802, 0.00186818360817, -0.00187182892114, -0.0013383703772, 0.000698794261552, 0.000622014747933, -0.00564840482548, 0.0127696376294, -0.00521240476519, 0.00351369427517, 0.00149754295126, 0.000479384150822], [-0.000512615486514, 0.00132224021945, -0.00258934847079, 0.00241208425723, 0.000334966665832, 0.000667225802317, 0.00159427302424, 0.000693483278155, -0.00521240476519, 0.0143398251384, -0.00567008834332, 0.00147124635987, 0.00202501821332], [0.000616528675891, -0.00326896924525, 0.0023903127294, -0.00299315550365, 0.000816962623503, -0.000911685056053, -0.000883279251866, -0.000341654376825, 0.00351369427517, -0.00567008834332, 0.0143456002697, -0.00670597422868, 0.0033983355388], [-0.000411789951613, 0.00368314306252, -0.00251444848254, 0.00142499012873, -0.0014635004336, 0.00192423874978, -0.000508977100253, 0.00169364060275, 0.00149754295126, 0.00147124635987, -0.00670597422868, 0.0151109956205, -0.00520645687357], [0.00028880656464, -0.00209351093508, 0.00170894176699, -0.00222071213648, 0.000395377137465, -0.000898768135812, -7.20279058442e-005, -0.000287856295472, 0.000479384150822, 0.00202501821332, 0.0033983355388, -0.00520645687357, 0.0102592660114]]
    },
    "melbands": {
        "mean": [0.00196153135039, 0.00406013475731, 0.00121298909653, 0.000831676006783, 0.000344975909684, 0.000191806844668, 0.000148244711454, 0.000150623221998, 0.000201904054848, 0.000376172713004, 0.000293727527605, 0.000326210894855, 0.000137450129841, 0.000150250998558, 9.06639688765e-005, 0.000115739792818, 9.96059825411e-005, 0.000106590428913, 4.49946091976e-005, 1.82984786079e-005, 3.09413444484e-005, 1.90824594029e-005, 1.74070100911e-005, 1.3400314856e-005, 6.8335598371e-006, 8.66208847583e-006, 9.36784181249e-006, 8.28317661217e-006, 4.33933428212e-006, 2.8868616937e-006, 2.3206748665e-006, 1.84225757494e-006, 1.88931289813e-006, 1.63621496085e-006, 1.3124920315e-006, 9.52488619532e-007, 1.00121110336e-006, 7.97222526217e-007, 5.43546775589e-007, 4.28352478821e-007],
        "var": [1.10962209874e-005, 2.73688274319e-005, 1.4450853314e-006, 1.48159676883e-006, 2.84141322027e-007, 7.95023140654e-008, 6.18797599827e-008, 5.87385571293e-008, 1.51408698912e-007, 4.56600986354e-007, 3.10134055326e-007, 5.3091787322e-007, 1.12183371925e-007, 4.14314030195e-007, 7.61269305372e-008, 8.06501887496e-008, 4.58292781502e-008, 1.10068576475e-007, 1.28723698367e-008, 1.10568298961e-009, 1.01264427954e-008, 1.82071002719e-009, 1.53699963867e-009, 5.08978748037e-010, 1.49425180562e-010, 2.34990998882e-010, 2.41141689949e-010, 2.68279287674e-010, 5.06391768795e-011, 2.27144501125e-011, 1.66919030681e-011, 9.94647506719e-012, 8.88948463451e-012, 6.21300233483e-012, 4.78117979236e-012, 2.63914866523e-012, 3.97290707277e-012, 2.44686757835e-012, 8.22789427736e-013, 5.10882948359e-013]
    },
    "mfcc": {
        "mean": [-653.180480957, 121.810646057, 7.10279560089, 25.6887702942, 7.25538921356, 11.0217418671, 7.97222042084, 9.60221576691, 3.64542126656, 6.97601222992, -1.37917613983, -4.35874891281, -5.14857387543],
        "cov": [[4959.38037109, 68.586479187, -28.1898498535, -323.153076172, -257.188201904, -186.882064819, -109.478965759, -315.2784729, -259.029174805, -53.107131958, 40.9722442627, 52.2509422302, -96.2540283203], [68.586479187, 754.46673584, 32.7261123657, 116.695617676, 55.007648468, 23.0727787018, -1.41515719891, -94.6301879883, -32.7766304016, 22.9487915039, 69.8640594482, 34.7595214844, -14.7596359253], [-28.1898498535, 32.7261123657, 667.200317383, 125.474189758, 79.9672470093, 15.8754768372, -4.31165504456, -78.8777999878, -66.0995407104, -57.1505508423, 46.2961273193, 97.9217834473, 33.5058746338], [-323.153076172, 116.695617676, 125.474189758, 320.253875732, 75.8474502563, 24.50756073, -4.83500385284, 5.54861879349, 33.7026290894, -21.6032238007, -24.7749423981, 27.2800941467, 51.7514915466], [-257.188201904, 55.007648468, 79.9672470093, 75.8474502563, 219.779296875, 54.9821853638, 9.43369102478, 34.0541610718, 35.5016441345, 45.6022071838, 39.3827896118, -1.19397437572, 4.97027349472], [-186.882064819, 23.0727787018, 15.8754768372, 24.50756073, 54.9821853638, 160.591262817, 80.7418289185, 55.9574890137, 24.280708313, -0.0940521359444, -18.7699356079, -27.1525821686, 20.9540348053], [-109.478965759, -1.41515719891, -4.31165504456, -4.83500385284, 9.43369102478, 80.7418289185, 191.263977051, 98.505317688, 5.37099885941, -9.75035476685, -41.6564102173, -22.5602874756, 29.2634086609], [-315.2784729, -94.6301879883, -78.8777999878, 5.54861879349, 34.0541610718, 55.9574890137, 98.505317688, 211.646194458, 99.6502151489, 30.0541000366, -47.0272407532, -76.9090805054, 2.03688526154], [-259.029174805, -32.7766304016, -66.0995407104, 33.7026290894, 35.5016441345, 24.280708313, 5.37099885941, 99.6502151489, 201.46307373, 87.3809432983, -9.78046417236, -69.5307159424, -46.646572113], [-53.107131958, 22.9487915039, -57.1505508423, -21.6032238007, 45.6022071838, -0.0940521359444, -9.75035476685, 30.0541000366, 87.3809432983, 184.658203125, 87.7348251343, -60.9912223816, -84.2152023315], [40.9722442627, 69.8640594482, 46.2961273193, -24.7749423981, 39.3827896118, -18.7699356079, -41.6564102173, -47.0272407532, -9.78046417236, 87.7348251343, 251.426193237, 116.244384766, -64.1348953247], [52.2509422302, 34.7595214844, 97.9217834473, 27.2800941467, -1.19397437572, -27.1525821686, -22.5602874756, -76.9090805054, -69.5307159424, -60.9912223816, 116.244384766, 260.942474365, 72.1983947754], [-96.2540283203, -14.7596359253, 33.5058746338, 51.7514915466, 4.97027349472, 20.9540348053, 29.2634086609, 2.03688526154, -46.646572113, -84.2152023315, -64.1348953247, 72.1983947754, 181.860626221]],
        "icov": [[0.000251452147495, -2.68875173788e-005, -8.64285902935e-006, 0.000186312900041, 0.000137364695547, 0.000126462386106, -6.12219882896e-005, 0.000270449119853, 0.000160511714057, -4.31109438068e-005, 6.67860877002e-005, -3.42452790392e-006, 0.000114095011668], [-2.68875173788e-005, 0.00164130644407, 0.000223151568207, -0.000748316233512, -0.000278267252725, -0.000224181014346, -0.000588744587731, 0.00111555773765, 7.8370598203e-005, -5.18634187756e-005, -0.000462035561213, 0.00020538039098, 0.000158093112987], [-8.64285902935e-006, 0.000223151568207, 0.0019187774742, -0.000722820230294, -0.000708542647772, -8.10709461803e-005, -0.000443755619926, 0.000819741166197, 0.000228121774853, 0.000606789079029, -0.000352590257535, -0.000189582817256, 0.000247063551797], [0.000186312900041, -0.000748316233512, -0.000722820230294, 0.00447207642719, -0.000922618201002, 8.04888477433e-005, 0.000531852827407, -3.75854760932e-005, -0.00117095885798, 0.000338741287123, 0.000814534490928, -0.000456540496089, -0.000845757895149], [0.000137364695547, -0.000278267252725, -0.000708542647772, -0.000922618201002, 0.00641318131238, -0.00188219803385, 0.000963607279118, -0.00112978962716, 0.000237653934164, -0.00157760165166, -0.000815701903775, 0.000206481359783, -0.000696828647051], [0.000126462386106, -0.000224181014346, -8.10709461803e-005, 8.04888477433e-005, -0.00188219803385, 0.00919890869409, -0.00363741023466, 0.00025212665787, -0.00101939449087, 0.00119439954869, -0.000841073924676, 0.00137633446138, -0.000936602416914], [-6.12219882896e-005, -0.000588744587731, -0.000443755619926, 0.000531852827407, 0.000963607279118, -0.00363741023466, 0.00938880909234, -0.00507581280544, 0.00225760182366, -0.0011525824666, 0.0014341409551, -0.00110197265167, -0.000222342801862], [0.000270449119853, 0.00111555773765, 0.000819741166197, -3.75854760932e-005, -0.00112978962716, 0.00025212665787, -0.00507581280544, 0.0108168916777, -0.00428319023922, 0.00112648541108, -0.00084044696996, 0.00200319685973, -0.000877855869476], [0.000160511714057, 7.8370598203e-005, 0.000228121774853, -0.00117095885798, 0.000237653934164, -0.00101939449087, 0.00225760182366, -0.00428319023922, 0.00963597372174, -0.00436369655654, 0.00209886953235, -0.00106067303568, 0.00179030385334], [-4.31109438068e-005, -5.18634187756e-005, 0.000606789079029, 0.000338741287123, -0.00157760165166, 0.00119439954869, -0.0011525824666, 0.00112648541108, -0.00436369655654, 0.0124853542075, -0.00611936533824, 0.00441933842376, 0.000592994387262], [6.67860877002e-005, -0.000462035561213, -0.000352590257535, 0.000814534490928, -0.000815701903775, -0.000841073924676, 0.0014341409551, -0.00084044696996, 0.00209886953235, -0.00611936533824, 0.0108182625845, -0.00691503612325, 0.00399391446263], [-3.42452790392e-006, 0.00020538039098, -0.000189582817256, -0.000456540496089, 0.000206481359783, 0.00137633446138, -0.00110197265167, 0.00200319685973, -0.00106067303568, 0.00441933842376, -0.00691503612325, 0.00958396401256, -0.00429868511856], [0.000114095011668, 0.000158093112987, 0.000247063551797, -0.000845757895149, -0.000696828647051, -0.000936602416914, -0.000222342801862, -0.000877855869476, 0.00179030385334, 0.000592994387262, 0.00399391446263, -0.00429868511856, 0.00978853087872]]
    },
    "spectral_contrast_coeffs": {
        "mean": [-0.630083441734, -0.729379117489, -0.677395105362, -0.71506601572, -0.751339435577, -0.743722319603],
        "var": [0.0070894532837, 0.00565210357308, 0.0115484446287, 0.0074988277629, 0.00416566198692, 0.00199789856561]
    },
    "spectral_contrast_valleys": {
        "mean": [-7.13488483429, -7.18472862244, -7.81818151474, -8.28372478485, -8.04843044281, -10.6400384903],
        "var": [1.35915267467, 1.44583487511, 1.17829251289, 1.11939668655, 1.20174181461, 1.36416494846]
    }
},
"metadata": {
    "audio_properties": {
        "analysis_sample_rate": 44100,
        "bit_rate": 109133,
        "equal_loudness": 0,
        "length": 45.0873451233,
        "lossless": 0,
        "replay_gain": -9.00796699524,
        "sample_rate": 44100,
        "codec": "mp3",
        "downmix": "mix",
        "md5_encoded": "533f9cb9dec496833e809e9995e75d99"
    },
    "tags": {
        "file_name": "audio\\687.mp3"
    },
    "version": {
        "essentia": "2.1-beta2",
        "essentia_git_sha": "v2.1_beta2",
        "extractor": "music 1.0"
    }
},
"rhythm": {
    "beats_count": 99,
    "beats_loudness": {
        "mean": 0.0413969419897,
        "var": 0.000309401977574
    },
    "bpm": 133.526901245,
    "bpm_histogram_first_peak_bpm": {
        "mean": 133,
        "var": 0
    },
    "bpm_histogram_first_peak_spread": {
        "mean": 0.557894766331,
        "var": 0
    },
    "bpm_histogram_first_peak_weight": {
        "mean": 0.428571432829,
        "var": 0
    },
    "bpm_histogram_second_peak_bpm": {
        "mean": 140,
        "var": 0
    },
    "bpm_histogram_second_peak_spread": {
        "mean": 0,
        "var": 0
    },
    "bpm_histogram_second_peak_weight": {
        "mean": 0.0204081628472,
        "var": 0
    },
    "danceability": 1.35974121094,
    "onset_rate": 4.72233963013,
    "beats_loudness_band_ratio": {
        "mean": [0.326113194227, 0.18476010859, 0.194897025824, 0.193507149816, 0.0848644822836, 0.0547355823219],
        "var": [0.0421412922442, 0.0160032380372, 0.020227778703, 0.0274653546512, 0.00677005806938, 0.000864774221554]
    },
    "beats_position": [0.49922901392, 0.975238084793, 1.43963718414, 1.89242625237, 2.34521532059, 2.7863945961, 3.22757363319, 3.66875267029, 4.12154197693, 4.5627207756, 5.01551008224, 5.45668935776, 5.90947818756, 6.3622674942, 6.82666635513, 7.27945566177, 7.73224496841, 8.19664382935, 8.66104316711, 9.12544155121, 9.56662082672, 10.0194101334, 10.47219944, 10.9249887466, 11.3777770996, 11.8189563751, 12.2601356506, 12.7013149261, 13.1424942017, 13.5836734772, 14.0248527527, 14.4660310745, 14.90721035, 15.3483896255, 15.8011789322, 16.2539672852, 16.7067565918, 17.1479358673, 17.600725174, 18.0302944183, 18.4714736938, 18.9126529694, 19.365442276, 19.8066215515, 20.247800827, 20.6773700714, 21.1185474396, 21.5597267151, 22.0125160217, 22.4653053284, 22.918094635, 23.3824939728, 23.8352832794, 24.2880725861, 24.7292518616, 25.1704311371, 25.6232185364, 26.076007843, 26.5287971497, 26.9699764252, 27.4227657318, 27.8639450073, 28.3051242828, 28.7579135895, 29.2107028961, 29.6634922028, 30.1162815094, 30.5574588776, 31.0102481842, 31.4514274597, 31.9042167664, 32.357006073, 32.8097953796, 33.2509727478, 33.6921539307, 34.1333312988, 34.5861206055, 35.0389099121, 35.5033111572, 35.9677085876, 36.4321098328, 36.8965072632, 37.3609046936, 37.8253059387, 38.2780952454, 38.730884552, 39.1720619202, 39.6248512268, 40.0776405334, 40.5188217163, 40.9599990845, 41.4011802673, 41.8423576355, 42.2835350037, 42.7247161865, 43.1775054932, 43.6302947998, 44.071472168, 44.5358734131]
},
"tonal": {
    "chords_changes_rate": 0.0720164626837,
    "chords_number_rate": 0.00720164598897,
    "chords_strength": {
        "mean": 0.50298511982,
        "var": 0.0121938847005
    },
    "hpcp_entropy": {
        "mean": 1.88506102562,
        "var": 0.403170704842
    },
    "key_strength": 0.583086788654,
    "tuning_diatonic_strength": 0.614784955978,
    "tuning_equal_tempered_deviation": 0.276740550995,
    "tuning_frequency": 434.193115234,
    "tuning_nontempered_energy_ratio": 0.910223305225,
    "hpcp": {
        "mean": [0.34731054306, 0.313251376152, 0.186872303486, 0.120811380446, 0.110072091222, 0.107490047812, 0.160460367799, 0.204577982426, 0.143202066422, 0.0641315579414, 0.0306386519223, 0.0281982738525, 0.0559714511037, 0.0727769210935, 0.0628711432219, 0.088885076344, 0.112167969346, 0.0777725353837, 0.0550020523369, 0.0557765774429, 0.0489084199071, 0.0861397385597, 0.126349210739, 0.129545375705, 0.134021893144, 0.09147323668, 0.0745510533452, 0.161812111735, 0.192063644528, 0.126847714186, 0.110763192177, 0.127027049661, 0.114646650851, 0.116803251207, 0.157882258296, 0.250434339046],
        "var": [0.142290070653, 0.119433231652, 0.0664511993527, 0.0524860136211, 0.0525541007519, 0.0486095249653, 0.0700508654118, 0.0944707766175, 0.0567804574966, 0.0216079112142, 0.00628175260499, 0.00676960498095, 0.0175122711807, 0.0262439511716, 0.0206055101007, 0.0406182669103, 0.0549764856696, 0.0276939440519, 0.0151181994006, 0.0147441979498, 0.0107305701822, 0.0263367444277, 0.0603581182659, 0.0397697426379, 0.0699059814215, 0.0310413502157, 0.0240926872939, 0.0718137249351, 0.0841376781464, 0.045857489109, 0.0430455580354, 0.0628638938069, 0.0463948883116, 0.0504146814346, 0.0668061673641, 0.103064700961]
    },
    "chords_histogram": [9.25925922394, 0, 22.2222213745, 0, 13.4773664474, 0, 0, 0, 0.102880656719, 0, 0, 0, 0, 0, 0, 6.06995868683, 0.617283940315, 0.411522626877, 0, 0.823045253754, 0.102880656719, 2.67489719391, 34.5679016113, 9.67078208923],
    "thpcp": [1, 0.901934564114, 0.538055360317, 0.347848296165, 0.316927015781, 0.309492617846, 0.462008327246, 0.589034736156, 0.412317067385, 0.184651911259, 0.0882168784738, 0.0811903774738, 0.161156788468, 0.209544226527, 0.181022852659, 0.25592392683, 0.322961598635, 0.223927944899, 0.158365622163, 0.160595700145, 0.140820428729, 0.248019352555, 0.363793194294, 0.372995793819, 0.385884910822, 0.263375937939, 0.214652433991, 0.465900361538, 0.553002655506, 0.365228503942, 0.318916887045, 0.36574485898, 0.330098390579, 0.336307823658, 0.454585283995, 0.721067488194],
    "chords_key": "D",
    "chords_scale": "major",
    "key_key": "A",
    "key_scale": "major"
}
}