{
"lowlevel": {
    "average_loudness": 0.944514930248,
    "barkbands_crest": {
        "mean": 14.3830137253,
        "var": 26.2635822296
    },
    "barkbands_flatness_db": {
        "mean": 0.304957270622,
        "var": 0.0256691090763
    },
    "barkbands_kurtosis": {
        "mean": 29.9997081757,
        "var": 1130.0501709
    },
    "barkbands_skewness": {
        "mean": 3.55035281181,
        "var": 4.61213588715
    },
    "barkbands_spread": {
        "mean": 8.90560722351,
        "var": 121.597389221
    },
    "dissonance": {
        "mean": 0.376023232937,
        "var": 0.0128030609339
    },
    "dynamic_complexity": 3.20970845222,
    "erbbands_crest": {
        "mean": 13.9589538574,
        "var": 38.5320091248
    },
    "erbbands_flatness_db": {
        "mean": 0.23263335228,
        "var": 0.0220666453242
    },
    "erbbands_kurtosis": {
        "mean": 9.74468421936,
        "var": 154.728134155
    },
    "erbbands_skewness": {
        "mean": 2.23730111122,
        "var": 2.01511740685
    },
    "erbbands_spread": {
        "mean": 38.4566650391,
        "var": 1144.08239746
    },
    "hfc": {
        "mean": 14.8543329239,
        "var": 345.593017578
    },
    "melbands_crest": {
        "mean": 19.9764919281,
        "var": 34.3102455139
    },
    "melbands_flatness_db": {
        "mean": 0.392795145512,
        "var": 0.029008006677
    },
    "melbands_kurtosis": {
        "mean": 45.8853416443,
        "var": 3705.25439453
    },
    "melbands_skewness": {
        "mean": 3.92326045036,
        "var": 7.16297149658
    },
    "melbands_spread": {
        "mean": 6.94339609146,
        "var": 98.3137512207
    },
    "pitch_salience": {
        "mean": 0.440711438656,
        "var": 0.0160733591765
    },
    "silence_rate_20dB": {
        "mean": 1,
        "var": 0
    },
    "silence_rate_30dB": {
        "mean": 0.853834271431,
        "var": 0.12480057776
    },
    "silence_rate_60dB": {
        "mean": 0.0926402434707,
        "var": 0.0840526297688
    },
    "spectral_centroid": {
        "mean": 592.917358398,
        "var": 338048.84375
    },
    "spectral_complexity": {
        "mean": 8.4966545105,
        "var": 61.0222015381
    },
    "spectral_decrease": {
        "mean": -1.33563995419e-008,
        "var": 1.63985260951e-016
    },
    "spectral_energy": {
        "mean": 0.0517574623227,
        "var": 0.00241248542443
    },
    "spectral_energyband_high": {
        "mean": 0.000741644063964,
        "var": 2.41544967139e-006
    },
    "spectral_energyband_low": {
        "mean": 0.0337422713637,
        "var": 0.00185182015412
    },
    "spectral_energyband_middle_high": {
        "mean": 0.000932354480028,
        "var": 7.29019393475e-006
    },
    "spectral_energyband_middle_low": {
        "mean": 0.0166150294244,
        "var": 0.000200276132091
    },
    "spectral_entropy": {
        "mean": 6.43942689896,
        "var": 2.14525580406
    },
    "spectral_flux": {
        "mean": 0.0985487625003,
        "var": 0.00539832701907
    },
    "spectral_kurtosis": {
        "mean": 34.2562789917,
        "var": 5518.4609375
    },
    "spectral_rms": {
        "mean": 0.0062917903997,
        "var": 1.09085440272e-005
    },
    "spectral_rolloff": {
        "mean": 526.602966309,
        "var": 1191047.75
    },
    "spectral_skewness": {
        "mean": 3.35007452965,
        "var": 14.919257164
    },
    "spectral_spread": {
        "mean": 5266926,
        "var": 7.32606968627e+012
    },
    "spectral_strongpeak": {
        "mean": 0.706317961216,
        "var": 0.456536561251
    },
    "zerocrossingrate": {
        "mean": 0.0303621478379,
        "var": 0.00103386444971
    },
    "barkbands": {
        "mean": [0.00309938215651, 0.0249662697315, 0.00541174644604, 0.00107397546526, 0.00523242913187, 0.00573735497892, 0.00216289656237, 0.00185832567513, 0.000533099693712, 9.29102679947e-005, 0.000147061204189, 9.63477068581e-005, 3.62837163266e-005, 8.65086331032e-005, 7.30015235604e-005, 0.000129329942865, 9.55793875619e-005, 7.42262927815e-005, 8.70187650435e-005, 8.520456322e-005, 7.74295185693e-005, 0.000186435907381, 0.000147555576405, 0.000175306602614, 4.77411886095e-005, 4.39908944827e-005, 8.74149961305e-008],
        "var": [2.91289070447e-005, 0.00122520059813, 8.09657722129e-005, 3.97306075683e-006, 7.01372919139e-005, 4.92742619826e-005, 1.05895996967e-005, 2.48471678788e-005, 5.96254494667e-006, 1.63302786405e-007, 3.38271121336e-007, 5.86195980645e-008, 1.02479198461e-008, 1.26106684206e-007, 2.71855657985e-008, 1.60674474614e-007, 1.16558489083e-007, 8.07131570468e-008, 8.3090206715e-008, 5.85810724374e-008, 3.73966742018e-008, 1.29223806766e-007, 9.77703464855e-008, 1.86227325116e-007, 9.57793755418e-009, 1.71881087141e-008, 1.62801507843e-013]
    },
    "erbbands": {
        "mean": [1.0480042696, 4.25295734406, 7.03871202469, 4.33919048309, 10.2309341431, 16.8141021729, 52.5996131897, 27.0572376251, 26.2668094635, 47.3950691223, 30.9279651642, 10.2295379639, 2.49832868576, 4.42695569992, 6.26959896088, 3.9530878067, 1.96988463402, 4.70319795609, 3.34292626381, 5.12965011597, 6.54230928421, 6.18478393555, 4.18394088745, 4.8251414299, 3.81066465378, 3.93182253838, 3.38164710999, 3.42634296417, 6.06717777252, 6.97404432297, 4.24635362625, 5.01757860184, 1.64488887787, 0.666102945805, 0.359071046114, 0.355667471886, 0.027182854712, 0.00113374262583, 6.56138217892e-005, 6.18690100964e-005],
        "var": [2.5325217247, 42.6601638794, 126.52432251, 62.1180839539, 383.196228027, 1074.42700195, 4310.78759766, 1369.19543457, 2482.078125, 10398.0146484, 8668.94433594, 1539.56689453, 23.9571418762, 630.307800293, 525.961975098, 111.822601318, 21.5076007843, 358.907226563, 72.7086486816, 165.526077271, 433.423553467, 511.143615723, 234.155563354, 236.074752808, 195.607910156, 121.364120483, 75.0469589233, 69.203704834, 176.963180542, 165.641326904, 83.6961364746, 195.161148071, 11.7598056793, 1.68240320683, 0.694692730904, 1.12232983112, 0.00611287727952, 1.12203670142e-005, 1.44624596743e-008, 3.35988858957e-009]
    },
    "gfcc": {
        "mean": [-91.9119415283, 120.181854248, -61.6613349915, 38.7871284485, -74.8208007813, 1.9347755909, -54.3953132629, -4.63202095032, -6.14789962769, 12.5708456039, 1.88549804688, 3.92821073532, -3.848310709],
        "cov": [[26026.7167969, -4822.94580078, 784.072387695, 7347.95996094, -497.91607666, 4339.40332031, 2386.00512695, 4022.54736328, -620.985534668, -296.606262207, -1787.17077637, 502.738128662, -420.078186035], [-4822.94580078, 1654.06628418, -171.600341797, -1641.3729248, 89.4786376953, -969.83807373, -468.338256836, -871.315795898, 243.339569092, 23.6239566803, 405.732330322, -237.0730896, 103.094482422], [784.072387695, -171.600341797, 944.541137695, 808.485046387, 9.32729721069, 381.122436523, 262.697875977, 280.856262207, 12.8520803452, 25.165102005, -119.840950012, 38.177822113, 11.9719390869], [7347.95996094, -1641.3729248, 808.485046387, 2938.5715332, -102.768814087, 1503.42944336, 922.49029541, 1339.17956543, -218.906265259, -119.456054688, -531.914245605, 169.900741577, -87.4998016357], [-497.91607666, 89.4786376953, 9.32729721069, -102.768814087, 174.797012329, -80.4529190063, -58.1938362122, -87.5504989624, 22.8012695313, 19.3215942383, 62.3985939026, -9.31630325317, -3.91589546204], [4339.40332031, -969.83807373, 381.122436523, 1503.42944336, -80.4529190063, 973.399597168, 567.842346191, 817.539978027, -127.408653259, -62.0727119446, -355.009277344, 112.414154053, -60.7193489075], [2386.00512695, -468.338256836, 262.697875977, 922.49029541, -58.1938362122, 567.842346191, 444.373474121, 527.016357422, -45.8086776733, -62.9655570984, -194.533935547, 32.899066925, -31.1340751648], [4022.54736328, -871.315795898, 280.856262207, 1339.17956543, -87.5504989624, 817.539978027, 527.016357422, 834.959533691, -42.1715316772, -57.9449882507, -345.778869629, 86.131652832, -62.5414657593], [-620.985534668, 243.339569092, 12.8520803452, -218.906265259, 22.8012695313, -127.408653259, -45.8086776733, -42.1715316772, 169.620391846, 64.7254104614, 51.1215324402, -50.2419013977, 14.1991319656], [-296.606262207, 23.6239566803, 25.165102005, -119.456054688, 19.3215942383, -62.0727119446, -62.9655570984, -57.9449882507, 64.7254104614, 122.066482544, 70.1986923218, 4.27581167221, -4.93771028519], [-1787.17077637, 405.732330322, -119.840950012, -531.914245605, 62.3985939026, -355.009277344, -194.533935547, -345.778869629, 51.1215324402, 70.1986923218, 246.270889282, -25.5312843323, 36.1693229675], [502.738128662, -237.0730896, 38.177822113, 169.900741577, -9.31630325317, 112.414154053, 32.899066925, 86.131652832, -50.2419013977, 4.27581167221, -25.5312843323, 101.428619385, 14.5595731735], [-420.078186035, 103.094482422, 11.9719390869, -87.4998016357, -3.91589546204, -60.7193489075, -31.1340751648, -62.5414657593, 14.1991319656, -4.93771028519, 36.1693229675, 14.5595731735, 75.8706665039]],
        "icov": [[0.000410928216297, -0.000768916797824, 0.000766733544879, -0.000879916595295, 0.000135983951623, -0.000712280394509, 0.000958283490036, -0.00105521420483, 0.000762161333114, -0.00116409477778, 0.00094967399491, -0.000682645360939, 0.000604517525062], [-0.000768916797824, 0.00633866572753, -0.00288609857671, 0.00334258680232, 0.000316654448397, 0.000718852155842, -0.00247040740214, 0.0036875968799, -0.00536381220445, 0.00740689970553, -0.00585525343195, 0.00700522772968, -0.00300952442922], [0.000766733544879, -0.00288609857671, 0.0038823117502, -0.00325609277934, -0.000267421273747, -0.000965253915638, -0.00018598929455, 0.000637598277535, 0.0008829588769, -0.0050943614915, 0.00524720875546, -0.00419843522832, 0.00126951921266], [-0.000879916595295, 0.00334258680232, -0.00325609277934, 0.00507463840768, -0.000327415415086, -0.000540437875316, -0.000934024516027, -0.0010344494367, -0.00054216501303, 0.00501794181764, -0.00582903716713, 0.00506072444841, -0.00249729980715], [0.000135983951623, 0.000316654448397, -0.000267421273747, -0.000327415415086, 0.00694226939231, -0.00151286006439, 0.00190164812375, 0.000294427300105, -0.00183268927503, 0.00192907056771, -0.00283220829442, 0.000181992858415, 0.00194164284039], [-0.000712280394509, 0.000718852155842, -0.000965253915638, -0.000540437875316, -0.00151286006439, 0.0143967168406, -0.00883626658469, -0.00134273455478, 0.003895011032, -0.00467444956303, 0.00483357999474, -0.0020325309597, -0.00162812985945], [0.000958283490036, -0.00247040740214, -0.00018598929455, -0.000934024516027, 0.00190164812375, -0.00883626658469, 0.0212868712842, -0.0135632269084, 0.00365491700359, 0.00420680781826, -0.00804036762565, 0.00521209696308, 0.000618689402472], [-0.00105521420483, 0.0036875968799, 0.000637598277535, -0.0010344494367, 0.000294427300105, -0.00134273455478, -0.0135632269084, 0.0249596983194, -0.0143756680191, 0.00303631206043, 0.00792685896158, -0.00547388382256, 0.0019621879328], [0.000762161333114, -0.00536381220445, 0.0008829588769, -0.00054216501303, -0.00183268927503, 0.003895011032, 0.00365491700359, -0.0143756680191, 0.0220812093467, -0.0140326861292, 0.00271990546025, 0.00352920312434, -0.00360355922021], [-0.00116409477778, 0.00740689970553, -0.0050943614915, 0.00501794181764, 0.00192907056771, -0.00467444956303, 0.00420680781826, 0.00303631206043, -0.0140326861292, 0.0277321543545, -0.0166580192745, 0.00540876062587, 0.00200311024673], [0.00094967399491, -0.00585525343195, 0.00524720875546, -0.00582903716713, -0.00283220829442, 0.00483357999474, -0.00804036762565, 0.00792685896158, 0.00271990546025, -0.0166580192745, 0.0258241333067, -0.011939256452, 0.001007876941], [-0.000682645360939, 0.00700522772968, -0.00419843522832, 0.00506072444841, 0.000181992858415, -0.0020325309597, 0.00521209696308, -0.00547388382256, 0.00352920312434, 0.00540876062587, -0.011939256452, 0.028009198606, -0.0107819410041], [0.000604517525062, -0.00300952442922, 0.00126951921266, -0.00249729980715, 0.00194164284039, -0.00162812985945, 0.000618689402472, 0.0019621879328, -0.00360355922021, 0.00200311024673, 0.001007876941, -0.0107819410041, 0.0205983072519]]
    },
    "melbands": {
        "mean": [0.0079925050959, 0.00434940727428, 0.000957665790338, 0.000922994106077, 0.00160068005789, 0.000741067633498, 0.000419560499722, 0.000505411997437, 0.000238480584812, 5.12133847224e-005, 1.0895619198e-005, 1.6758493075e-005, 2.08157216548e-005, 1.22988894873e-005, 7.04971989762e-006, 4.63367041448e-006, 9.16640783544e-006, 4.93171273774e-006, 5.37912956133e-006, 9.0460462161e-006, 6.47940350973e-006, 5.47249055671e-006, 6.57667033011e-006, 2.41863699557e-006, 4.23095116275e-006, 2.38811617237e-006, 2.39320479523e-006, 2.98741247207e-006, 2.13481735045e-006, 2.00101612791e-006, 1.92464472093e-006, 3.45508078681e-006, 3.55458314516e-006, 3.71207443095e-006, 2.15292402572e-006, 3.34510332323e-006, 2.58855402535e-006, 1.08084668682e-006, 8.61739010816e-007, 4.78983849916e-007],
        "var": [0.000132276545628, 4.22815282946e-005, 2.27545183407e-006, 2.41171687776e-006, 4.20332753492e-006, 9.6582630249e-007, 5.52835047074e-007, 1.37554172852e-006, 7.0454524348e-007, 3.92074639421e-008, 5.05337161005e-010, 9.94578286395e-009, 5.94130211695e-009, 1.52408274889e-009, 1.74813011289e-010, 2.4499463569e-010, 1.48588019666e-009, 1.89032914322e-010, 1.54199639169e-010, 6.86428747176e-010, 4.4718245773e-010, 3.97466920488e-010, 6.48199272035e-010, 7.04920843919e-011, 1.8364570975e-010, 6.64511917714e-011, 6.70264399538e-011, 7.41527741988e-011, 3.3348043077e-011, 3.01330696506e-011, 2.15898930678e-011, 6.15950207505e-011, 4.7874572362e-011, 4.86825441071e-011, 2.20461010558e-011, 7.55476445291e-011, 5.20366943979e-011, 5.55110037798e-012, 3.14012097574e-012, 9.70349343411e-013]
    },
    "mfcc": {
        "mean": [-739.202270508, 121.417922974, 63.2996330261, 34.6449966431, 5.06466531754, 2.28448462486, -23.3833560944, -14.5900259018, -15.476641655, -3.18122816086, 1.98875200748, 10.4781656265, 16.7550945282],
        "cov": [[20043.0527344, -530.002990723, 1190.5736084, 2255.57080078, 1171.25036621, 1979.39831543, 2477.46264648, 4115.73779297, 2942.52319336, 1638.90612793, 313.271575928, -459.250640869, -1474.0859375], [-530.002990723, 820.494018555, 178.571655273, 33.3301124573, -26.7904129028, -12.9538488388, -6.26284217834, -15.5445337296, 36.9002113342, 72.3913040161, 58.6631126404, 8.74890708923, 42.8095626831], [1190.5736084, 178.571655273, 850.769836426, 556.768310547, 205.507904053, 306.810272217, 299.860412598, 458.97644043, 413.804595947, 194.044128418, 92.5514526367, -49.9282417297, -116.846656799], [2255.57080078, 33.3301124573, 556.768310547, 666.917724609, 296.884490967, 364.216339111, 409.127258301, 620.837036133, 453.49798584, 252.218963623, 81.0598831177, -69.4286193848, -198.851974487], [1171.25036621, -26.7904129028, 205.507904053, 296.884490967, 222.661315918, 198.074279785, 181.629821777, 284.413543701, 194.137039185, 122.057510376, 37.3915901184, -24.9607048035, -105.588531494], [1979.39831543, -12.9538488388, 306.810272217, 364.216339111, 198.074279785, 328.036346436, 338.609344482, 489.688262939, 349.222686768, 192.749649048, 55.149974823, -66.2024765015, -181.454345703], [2477.46264648, -6.26284217834, 299.860412598, 409.127258301, 181.629821777, 338.609344482, 479.55267334, 649.318786621, 440.137512207, 226.023834229, 51.0855369568, -88.9538726807, -240.557693481], [4115.73779297, -15.5445337296, 458.97644043, 620.837036133, 284.413543701, 489.688262939, 649.318786621, 1086.40441895, 766.754760742, 384.752105713, 76.2973709106, -104.550956726, -359.724151611], [2942.52319336, 36.9002113342, 413.804595947, 453.49798584, 194.137039185, 349.222686768, 440.137512207, 766.754760742, 644.698364258, 309.59753418, 76.2656707764, -59.4539604187, -224.906143188], [1638.90612793, 72.3913040161, 194.044128418, 252.218963623, 122.057510376, 192.749649048, 226.023834229, 384.752105713, 309.59753418, 249.072799683, 83.8269882202, -16.3559341431, -124.111419678], [313.271575928, 58.6631126404, 92.5514526367, 81.0598831177, 37.3915901184, 55.149974823, 51.0855369568, 76.2973709106, 76.2656707764, 83.8269882202, 99.8000335693, 19.0643692017, -6.80357027054], [-459.250640869, 8.74890708923, -49.9282417297, -69.4286193848, -24.9607048035, -66.2024765015, -88.9538726807, -104.550956726, -59.4539604187, -16.3559341431, 19.0643692017, 91.5090332031, 60.9856338501], [-1474.0859375, 42.8095626831, -116.846656799, -198.851974487, -105.588531494, -181.454345703, -240.557693481, -359.724151611, -224.906143188, -124.111419678, -6.80357027054, 60.9856338501, 204.55506897]],
        "icov": [[0.000349815411028, 0.000167081700056, 0.000459937873529, -0.00011440457456, -2.28394237638e-005, -0.000581351516303, 0.000189605605556, -0.000699398573488, -0.000416388706071, -0.00059245119337, -5.38098129255e-006, 0.000370161695173, 0.000175153734745], [0.000167081700056, 0.00155443605036, -0.000374024704797, 0.000256576924585, 0.000148499733768, 0.000385706545785, -0.000290574447718, -0.000241802787059, 5.42993075214e-005, -0.00140779919457, -0.000222959497478, 0.000534615013748, -0.000394912465708], [0.000459937873529, -0.000374024704797, 0.00440095877275, -0.00393078522757, 0.00190511054825, -0.00317567563616, 0.00136222399306, 0.000757733243518, -0.0030958103016, 0.0010981700616, -0.000949986162595, 0.000349180394551, 0.000313114462188], [-0.00011440457456, 0.000256576924585, -0.00393078522757, 0.00988161657006, -0.00720870541409, 0.00215325132012, -0.00304151745513, -0.00189622770995, 0.00169573351741, -0.0016067402903, 6.36507684248e-005, 0.0011506684823, -0.00169118575286], [-2.28394237638e-005, 0.000148499733768, 0.00190511054825, -0.00720870541409, 0.0163193121552, -0.00908607803285, 0.00486545218155, -0.000451549014542, 0.00147648411803, -0.000183420241228, 0.000463404954644, -0.00262834085152, 0.00148751342203], [-0.000581351516303, 0.000385706545785, -0.00317567563616, 0.00215325132012, -0.00908607803285, 0.0221937373281, -0.00878617074341, 0.00128494633827, -0.000367850851035, -0.000857177947182, -0.00199215882458, 0.00272016227245, 0.00113164936192], [0.000189605605556, -0.000290574447718, 0.00136222399306, -0.00304151745513, 0.00486545218155, -0.00878617074341, 0.0176949556917, -0.00782757159323, 0.00174909911584, 0.00154366821516, -0.00215306063183, 0.00246217637323, 0.00306419329718], [-0.000699398573488, -0.000241802787059, 0.000757733243518, -0.00189622770995, -0.000451549014542, 0.00128494633827, -0.00782757159323, 0.0163605492562, -0.00987598951906, 0.000817633233964, 0.00171472912189, -0.00219728425145, 0.00442231446505], [-0.000416388706071, 5.42993075214e-005, -0.0030958103016, 0.00169573351741, 0.00147648411803, -0.000367850851035, 0.00174909911584, -0.00987598951906, 0.0152535261586, -0.00467444537207, 0.00118150305934, -0.000534069666173, -0.00387330795638], [-0.00059245119337, -0.00140779919457, 0.0010981700616, -0.0016067402903, -0.000183420241228, -0.000857177947182, 0.00154366821516, 0.000817633233964, -0.00467444537207, 0.0171209927648, -0.00811067037284, -0.00202867761254, 0.00307229300961], [-5.38098129255e-006, -0.000222959497478, -0.000949986162595, 6.36507684248e-005, 0.000463404954644, -0.00199215882458, -0.00215306063183, 0.00171472912189, 0.00118150305934, -0.00811067037284, 0.0182072892785, -0.00421567168087, -0.00327698490582], [0.000370161695173, 0.000534615013748, 0.000349180394551, 0.0011506684823, -0.00262834085152, 0.00272016227245, 0.00246217637323, -0.00219728425145, -0.000534069666173, -0.00202867761254, -0.00421567168087, 0.0171790700406, -0.00311865704134], [0.000175153734745, -0.000394912465708, 0.000313114462188, -0.00169118575286, 0.00148751342203, 0.00113164936192, 0.00306419329718, 0.00442231446505, -0.00387330795638, 0.00307229300961, -0.00327698490582, -0.00311865704134, 0.0163466893137]]
    },
    "spectral_contrast_coeffs": {
        "mean": [-0.647909700871, -0.607291162014, -0.827856302261, -0.775432467461, -0.816051781178, -0.790547251701],
        "var": [0.00933235138655, 0.0155501225963, 0.00285019585863, 0.00595924071968, 0.00303124915808, 0.0039889216423]
    },
    "spectral_contrast_valleys": {
        "mean": [-7.46610021591, -7.29314470291, -8.97936058044, -9.42417049408, -9.30251312256, -10.938990593],
        "var": [4.81112909317, 3.04900479317, 3.39697885513, 3.20264291763, 4.62789011002, 4.12938117981]
    }
},
"metadata": {
    "audio_properties": {
        "analysis_sample_rate": 44100,
        "bit_rate": 111750,
        "equal_loudness": 0,
        "length": 45.0873451233,
        "lossless": 0,
        "replay_gain": -11.3512859344,
        "sample_rate": 44100,
        "codec": "mp3",
        "downmix": "mix",
        "md5_encoded": "3bef379ce1b47c626f2319de8797a046"
    },
    "tags": {
        "file_name": "audio\\689.mp3"
    },
    "version": {
        "essentia": "2.1-beta2",
        "essentia_git_sha": "v2.1_beta2",
        "extractor": "music 1.0"
    }
},
"rhythm": {
    "beats_count": 74,
    "beats_loudness": {
        "mean": 0.0668917968869,
        "var": 0.00198580068536
    },
    "bpm": 98.8722610474,
    "bpm_histogram_first_peak_bpm": {
        "mean": 99,
        "var": 0
    },
    "bpm_histogram_first_peak_spread": {
        "mean": 0.027397274971,
        "var": 0
    },
    "bpm_histogram_first_peak_weight": {
        "mean": 0.972602725029,
        "var": 0
    },
    "bpm_histogram_second_peak_bpm": {
        "mean": 0,
        "var": 0
    },
    "bpm_histogram_second_peak_spread": {
        "mean": 0,
        "var": 0
    },
    "bpm_histogram_second_peak_weight": {
        "mean": 0,
        "var": 0
    },
    "danceability": 1.18177700043,
    "onset_rate": 4.36760997772,
    "beats_loudness_band_ratio": {
        "mean": [0.459468215704, 0.331106483936, 0.108322478831, 0.0351554304361, 0.0343640930951, 0.0754717290401],
        "var": [0.104318000376, 0.0707491636276, 0.0124860359356, 0.00263385404833, 0.00186221557669, 0.00556249590591]
    },
    "beats_position": [0.580498874187, 1.18421769142, 1.78793644905, 2.40326523781, 2.99537420273, 3.59909296036, 4.20281171799, 4.81814050674, 5.4334692955, 6.03718805313, 6.64090681076, 7.25623559952, 7.87156438828, 8.47528362274, 9.07900238037, 9.682721138, 10.2864398956, 10.8901586533, 11.505487442, 12.1208162308, 12.7245349884, 13.328253746, 13.9319725037, 14.5356912613, 15.15102005, 15.7663488388, 16.3700675964, 16.9737873077, 17.5775051117, 18.181224823, 18.784942627, 19.3886623383, 19.9923801422, 20.6193199158, 21.2230377197, 21.826757431, 22.430475235, 23.0341949463, 23.6379127502, 24.2416324615, 24.8569602966, 25.4722900391, 26.076007843, 26.6797275543, 27.2834453583, 27.8871650696, 28.4908847809, 29.0946025848, 29.6983222961, 30.3136501312, 30.9289798737, 31.5326976776, 32.1364173889, 32.7401351929, 33.3438529968, 33.9591827393, 34.5745124817, 35.1782302856, 35.7819480896, 36.3856697083, 36.9893875122, 37.5931053162, 38.1968231201, 38.8005447388, 39.4042625427, 40.0195922852, 40.6349182129, 41.2386398315, 41.8423576355, 42.4460754395, 43.0497932434, 43.6651229858, 44.2804527283, 44.8841705322]
},
"tonal": {
    "chords_changes_rate": 0.0637860074639,
    "chords_number_rate": 0.00925925932825,
    "chords_strength": {
        "mean": 0.496115118265,
        "var": 0.00627995096147
    },
    "hpcp_entropy": {
        "mean": 1.77181577682,
        "var": 0.568367242813
    },
    "key_strength": 0.530869066715,
    "tuning_diatonic_strength": 0.493985056877,
    "tuning_equal_tempered_deviation": 0.186391636729,
    "tuning_frequency": 434.193115234,
    "tuning_nontempered_energy_ratio": 0.894150137901,
    "hpcp": {
        "mean": [0.105225801468, 0.104143626988, 0.0696209147573, 0.0884766578674, 0.0892392471433, 0.0567334666848, 0.0669921785593, 0.079454369843, 0.102933607996, 0.162425130606, 0.154423385859, 0.0799141377211, 0.0294741932303, 0.0165280625224, 0.0287066753954, 0.0518075972795, 0.0544694066048, 0.0658797547221, 0.29985037446, 0.376118987799, 0.125552415848, 0.0100627467036, 0.00772838480771, 0.149018988013, 0.287324607372, 0.14690798521, 0.0117677981034, 0.0178454145789, 0.0297651831061, 0.0888674035668, 0.258298754692, 0.269647479057, 0.106437712908, 0.04308411479, 0.0403366275132, 0.0612317845225],
        "var": [0.054965749383, 0.0526628345251, 0.0263404566795, 0.0453643575311, 0.0427039861679, 0.0230611730367, 0.0285011362284, 0.0350715629756, 0.0420527905226, 0.08063069731, 0.0699201747775, 0.0341499522328, 0.0102647608146, 0.00534752802923, 0.0107801370323, 0.028018862009, 0.0305450819433, 0.0204491894692, 0.0871192291379, 0.13745906949, 0.0192097909749, 0.00299185095355, 0.00195558927953, 0.0450872667134, 0.172253966331, 0.0418573543429, 0.000924499414396, 0.00263159442693, 0.00939402170479, 0.0296136066318, 0.124219961464, 0.133296296, 0.0386032946408, 0.022671604529, 0.0246419180185, 0.0355529114604]
    },
    "chords_histogram": [3.08641982079, 39.711933136, 13.6831274033, 8.33333301544, 3.29218101501, 7.92181062698, 0, 0, 8.84773635864, 0, 0.308641970158, 0, 0, 0, 0, 0, 0, 5.86419773102, 0, 0, 0, 0, 0, 8.95061683655],
    "thpcp": [1, 0.33381035924, 0.0267541576177, 0.0205477122217, 0.396201729774, 0.76391941309, 0.390589118004, 0.0312874354422, 0.0474461950362, 0.0791376754642, 0.236274704337, 0.686747431755, 0.716920673847, 0.282989472151, 0.114549160004, 0.107244327664, 0.162798970938, 0.279767334461, 0.276890099049, 0.185103431344, 0.235235825181, 0.237263336778, 0.150839149952, 0.178114324808, 0.211247965693, 0.273672997952, 0.431845068932, 0.410570561886, 0.212470367551, 0.0783640146255, 0.0439437068999, 0.076323390007, 0.137742578983, 0.144819617271, 0.17515668273, 0.797222137451],
    "chords_key": "C",
    "chords_scale": "minor",
    "key_key": "G#",
    "key_scale": "major"
}
}