{
"lowlevel": {
    "average_loudness": 0.778047382832,
    "barkbands_crest": {
        "mean": 12.9905281067,
        "var": 25.0191917419
    },
    "barkbands_flatness_db": {
        "mean": 0.371059268713,
        "var": 0.00293510151096
    },
    "barkbands_kurtosis": {
        "mean": 12.4037027359,
        "var": 707.683166504
    },
    "barkbands_skewness": {
        "mean": 2.26317238808,
        "var": 3.76279950142
    },
    "barkbands_spread": {
        "mean": 11.7262153625,
        "var": 77.0424499512
    },
    "dissonance": {
        "mean": 0.426125198603,
        "var": 0.00247142603621
    },
    "dynamic_complexity": 4.08409261703,
    "erbbands_crest": {
        "mean": 12.8172950745,
        "var": 27.814409256
    },
    "erbbands_flatness_db": {
        "mean": 0.387151777744,
        "var": 0.00147955177817
    },
    "erbbands_kurtosis": {
        "mean": 2.84513163567,
        "var": 76.7277450562
    },
    "erbbands_skewness": {
        "mean": 0.854803621769,
        "var": 2.11121845245
    },
    "erbbands_spread": {
        "mean": 25.5691566467,
        "var": 174.148986816
    },
    "hfc": {
        "mean": 10.3107442856,
        "var": 184.801376343
    },
    "melbands_crest": {
        "mean": 15.7381277084,
        "var": 32.930316925
    },
    "melbands_flatness_db": {
        "mean": 0.432256996632,
        "var": 0.0036767043639
    },
    "melbands_kurtosis": {
        "mean": 14.7730989456,
        "var": 328.784362793
    },
    "melbands_skewness": {
        "mean": 2.70976853371,
        "var": 2.37451267242
    },
    "melbands_spread": {
        "mean": 16.2754764557,
        "var": 240.116500854
    },
    "pitch_salience": {
        "mean": 0.547285199165,
        "var": 0.0152408387512
    },
    "silence_rate_20dB": {
        "mean": 1,
        "var": 0
    },
    "silence_rate_30dB": {
        "mean": 1,
        "var": 0
    },
    "silence_rate_60dB": {
        "mean": 0.229541942477,
        "var": 0.176853567362
    },
    "spectral_centroid": {
        "mean": 1095.28955078,
        "var": 547381.9375
    },
    "spectral_complexity": {
        "mean": 10.2058668137,
        "var": 41.7517127991
    },
    "spectral_decrease": {
        "mean": -3.07578407188e-009,
        "var": 1.13287951815e-017
    },
    "spectral_energy": {
        "mean": 0.0125439465046,
        "var": 0.000188659934793
    },
    "spectral_energyband_high": {
        "mean": 1.92351823358e-008,
        "var": 1.06828331321e-016
    },
    "spectral_energyband_low": {
        "mean": 3.811436045e-006,
        "var": 5.62650308289e-011
    },
    "spectral_energyband_middle_high": {
        "mean": 0.00298460689373,
        "var": 2.25043586397e-005
    },
    "spectral_energyband_middle_low": {
        "mean": 0.00963520165533,
        "var": 0.000123559308122
    },
    "spectral_entropy": {
        "mean": 6.22137498856,
        "var": 0.240914061666
    },
    "spectral_flux": {
        "mean": 0.0494423992932,
        "var": 0.00146406400017
    },
    "spectral_kurtosis": {
        "mean": 24.6558361053,
        "var": 430.907653809
    },
    "spectral_rms": {
        "mean": 0.00306007149629,
        "var": 2.87394777843e-006
    },
    "spectral_rolloff": {
        "mean": 1314.65576172,
        "var": 1548610.625
    },
    "spectral_skewness": {
        "mean": 2.35586071014,
        "var": 2.8061196804
    },
    "spectral_spread": {
        "mean": 1531822.25,
        "var": 2.45155417293e+012
    },
    "spectral_strongpeak": {
        "mean": 1.2132563591,
        "var": 2.5084168911
    },
    "zerocrossingrate": {
        "mean": 0.0430514290929,
        "var": 0.000927888322622
    },
    "barkbands": {
        "mean": [3.5202489812e-008, 1.60475934763e-007, 8.74160093645e-007, 1.17709932965e-005, 0.00148469989654, 0.00317571125925, 0.00253771268763, 0.00117361464072, 0.00109382357914, 0.000403425859986, 0.000143640092574, 0.000220942791202, 0.000237746105995, 0.000160921772476, 0.000276765174931, 0.000244244991336, 0.000332183524733, 0.000551554025151, 0.000493439496495, 6.68362417855e-007, 5.15359266373e-009, 3.26211391233e-009, 1.94812477261e-009, 2.65877830863e-009, 1.40748224187e-009, 8.97365903807e-010, 5.74993552771e-010],
        "var": [1.52781397339e-015, 1.84297479486e-014, 2.04190679122e-012, 8.1869877544e-010, 3.95607321479e-006, 3.06329093291e-005, 3.20358267345e-005, 9.47467560763e-006, 1.23170148072e-005, 6.67970141421e-007, 2.39732344198e-007, 5.90677643686e-007, 5.33469631137e-007, 3.76894803367e-007, 6.65692141411e-007, 1.34919775974e-006, 5.46621890862e-007, 1.82611813671e-006, 2.17635874833e-006, 6.612233764e-012, 1.05898532336e-017, 3.59249213602e-018, 1.4966688573e-018, 1.98135999011e-018, 1.85622265948e-018, 9.78063319366e-019, 6.05621474553e-019]
    },
    "erbbands": {
        "mean": [1.22134279081e-005, 0.000100740071503, 0.00173986435402, 0.0594583824277, 2.17905235291, 5.52916812897, 16.2415962219, 26.8896942139, 39.6311798096, 21.6445770264, 28.6994590759, 28.7321720123, 14.2251443863, 9.27491474152, 6.24936962128, 10.7082538605, 10.6203346252, 8.1718788147, 16.7289142609, 12.5505189896, 13.6201963425, 17.9419670105, 28.2382183075, 43.156665802, 6.45434904099, 0.237904846668, 0.013999979943, 0.00205997307785, 0.000552132434677, 0.00021560654568, 0.000120471268019, 0.000107479965664, 5.34638784302e-005, 3.12454358209e-005, 2.32477141253e-005, 1.37108927447e-005, 6.92941148372e-006, 2.38844518208e-006, 6.86793009663e-006, 1.48723365783e-005],
        "var": [1.01414508735e-010, 8.12579603604e-009, 3.650332701e-006, 0.00682856049389, 12.3877487183, 58.1029663086, 969.435974121, 1941.26953125, 6937.71484375, 2374.47900391, 5000.18945313, 8239.10839844, 919.743408203, 336.365142822, 278.26260376, 1371.8951416, 1068.72229004, 624.002502441, 2609.26025391, 3074.67553711, 1201.34301758, 1568.32849121, 4458.39941406, 12657.4482422, 265.125640869, 0.308647245169, 0.000964401988313, 1.78712543857e-005, 9.61878072303e-007, 1.08382280928e-007, 1.89592377353e-008, 4.8004058506e-009, 2.05422057142e-009, 9.49485157165e-010, 4.60342208797e-010, 1.81340761851e-010, 5.55522537693e-011, 9.30633434898e-012, 5.79963750635e-011, 2.6759050531e-010]
    },
    "gfcc": {
        "mean": [-218.12121582, 193.167800903, -193.269439697, -45.0735702515, -30.599357605, -89.2503967285, -61.8933296204, -6.21046829224, -27.1011638641, -29.9862747192, 8.19793224335, -11.220790863, -7.85485076904],
        "cov": [[6316.73193359, 441.124511719, -2191.63061523, -697.593139648, 489.964202881, -907.800476074, 207.140792847, 222.953811646, -339.133972168, -116.446578979, -29.8527584076, -181.747390747, -173.413604736], [441.124511719, 463.522399902, 154.437454224, -208.253295898, -4.22316455841, 8.10479450226, -75.7158203125, -120.505470276, -56.6778678894, -103.111717224, -8.07659339905, -25.4300632477, -3.58156991005], [-2191.63061523, 154.437454224, 1409.89208984, 298.084136963, -265.289611816, 259.725311279, -241.690979004, -240.787841797, 64.6834411621, -49.507144928, -14.7834835052, 82.7543334961, 87.7679748535], [-697.593139648, -208.253295898, 298.084136963, 562.362487793, 34.9390182495, -71.6030502319, -128.60899353, -21.2129058838, 8.90336322784, -34.0033874512, -34.4706115723, 12.7693786621, 18.2114257813], [489.964202881, -4.22316455841, -265.289611816, 34.9390182495, 202.412750244, -86.8629760742, -34.9387359619, 3.22058439255, -32.8410568237, -16.2975254059, -21.270866394, -23.3653469086, -14.9307508469], [-907.800476074, 8.10479450226, 259.725311279, -71.6030502319, -86.8629760742, 331.998565674, 22.7293796539, -71.2230224609, 20.3478240967, 30.3322143555, 3.72157907486, 6.10549688339, 17.3222446442], [207.140792847, -75.7158203125, -241.690979004, -128.60899353, -34.9387359619, 22.7293796539, 199.11479187, 82.3792800903, -48.7100868225, 9.66593360901, 6.35089540482, -21.3736209869, -39.1674232483], [222.953811646, -120.505470276, -240.787841797, -21.2129058838, 3.22058439255, -71.2230224609, 82.3792800903, 151.772521973, 27.761800766, 5.30982446671, -19.9045639038, -7.28794765472, -24.4352893829], [-339.133972168, -56.6778678894, 64.6834411621, 8.90336322784, -32.8410568237, 20.3478240967, -48.7100868225, 27.761800766, 134.528427124, 49.2114944458, -7.51584863663, 4.60128116608, 7.55172777176], [-116.446578979, -103.111717224, -49.507144928, -34.0033874512, -16.2975254059, 30.3322143555, 9.66593360901, 5.30982446671, 49.2114944458, 123.435646057, 49.6773796082, -1.67564690113, -16.5253543854], [-29.8527584076, -8.07659339905, -14.7834835052, -34.4706115723, -21.270866394, 3.72157907486, 6.35089540482, -19.9045639038, -7.51584863663, 49.6773796082, 91.475189209, 33.8031311035, -14.5625209808], [-181.747390747, -25.4300632477, 82.7543334961, 12.7693786621, -23.3653469086, 6.10549688339, -21.3736209869, -7.28794765472, 4.60128116608, -1.67564690113, 33.8031311035, 77.0186538696, 32.7940940857], [-173.413604736, -3.58156991005, 87.7679748535, 18.2114257813, -14.9307508469, 17.3222446442, -39.1674232483, -24.4352893829, 7.55172777176, -16.5253543854, -14.5625209808, 32.7940940857, 87.5321807861]],
        "icov": [[0.00162976654246, -0.00102187483571, 0.00243594753556, 0.00120860221796, 0.00152653723489, 0.00313240522519, 0.00211418350227, 0.00117354502436, 0.0033631680999, -0.00113614939619, 0.00302374479361, -0.000651908863802, 0.00164978636894], [-0.00102187483571, 0.0103576220572, -0.0023797894828, 0.00501591572538, 0.000130385757075, -0.000635121250525, 0.00436695665121, 0.00367961241864, -0.000909762631636, 0.0105520961806, -0.00517006730661, 0.00618574488908, 0.00176412239671], [0.00243594753556, -0.0023797894828, 0.00660111242905, 0.000205625488888, 0.00615766644478, 0.00348692527041, 0.00495198741555, 0.00436688261107, 0.00484316470101, -0.00193448434584, 0.00705149397254, -0.00377215119079, 0.00366541137919], [0.00120860221796, 0.00501591572538, 0.000205625488888, 0.00699406955391, 0.000538053631317, 0.00377252907492, 0.00600237213075, 0.00181007827632, 0.00408857874572, 0.00447287363932, 0.000651679001749, 0.00316590210423, 0.00288868509233], [0.00152653723489, 0.000130385757075, 0.00615766644478, 0.000538053631317, 0.0137658407912, 0.00283801928163, 0.00855458155274, 0.00467976927757, 0.00640369672328, -0.000584506604355, 0.00771127454937, -0.00225586327724, 0.00512939412147], [0.00313240522519, -0.000635121250525, 0.00348692527041, 0.00377252907492, 0.00283801928163, 0.0111811775714, 0.0017464767443, 0.00565206306055, 0.00523860240355, -0.00228733639233, 0.00672992039472, -0.000820587447379, 0.00307252025232], [0.00211418350227, 0.00436695665121, 0.00495198741555, 0.00600237213075, 0.00855458155274, 0.0017464767443, 0.0215376876295, -0.00278757093474, 0.0133498683572, 0.00259813922457, 0.00364399934188, 0.00298413378187, 0.00695275235921], [0.00117354502436, 0.00367961241864, 0.00436688261107, 0.00181007827632, 0.00467976927757, 0.00565206306055, -0.00278757093474, 0.0214848313481, -0.00416953815147, 0.00422529643402, 0.00789695139974, -0.00460405135527, 0.00634646648541], [0.0033631680999, -0.000909762631636, 0.00484316470101, 0.00408857874572, 0.00640369672328, 0.00523860240355, 0.0133498683572, -0.00416953815147, 0.022983007133, -0.00871922634542, 0.0107252942398, -0.0016128361458, 0.00454369978979], [-0.00113614939619, 0.0105520961806, -0.00193448434584, 0.00447287363932, -0.000584506604355, -0.00228733639233, 0.00259813922457, 0.00422529643402, -0.00871922634542, 0.0268944762647, -0.0168507564813, 0.0115117914975, 0.000598394544795], [0.00302374479361, -0.00517006730661, 0.00705149397254, 0.000651679001749, 0.00771127454937, 0.00672992039472, 0.00364399934188, 0.00789695139974, 0.0107252942398, -0.0168507564813, 0.035142980516, -0.0200869236141, 0.011657083407], [-0.000651908863802, 0.00618574488908, -0.00377215119079, 0.00316590210423, -0.00225586327724, -0.000820587447379, 0.00298413378187, -0.00460405135527, -0.0016128361458, 0.0115117914975, -0.0200869236141, 0.0304303020239, -0.010517260991], [0.00164978636894, 0.00176412239671, 0.00366541137919, 0.00288868509233, 0.00512939412147, 0.00307252025232, 0.00695275235921, 0.00634646648541, 0.00454369978979, 0.000598394544795, 0.011657083407, -0.010517260991, 0.0212390385568]]
    },
    "melbands": {
        "mean": [4.91905858269e-008, 2.31240477433e-007, 3.03872748191e-005, 0.000328508991515, 0.00049684359692, 0.000602249638177, 0.000581043306738, 0.000233931525145, 0.000224212402827, 0.000170028506545, 6.58902790747e-005, 3.89797896787e-005, 2.01938073587e-005, 2.57186311501e-005, 2.68436924671e-005, 1.99757068913e-005, 1.38995701491e-005, 2.77274793916e-005, 1.55354664457e-005, 1.71115261764e-005, 1.64191642398e-005, 1.74362412508e-005, 2.1340803869e-005, 2.85556634481e-005, 3.90659661207e-005, 6.88267982696e-006, 3.53169156142e-007, 1.62619151478e-009, 1.72800496134e-010, 1.31317290375e-010, 9.46933920165e-011, 7.04014763153e-011, 4.7026011557e-011, 3.5522758346e-011, 3.25590492067e-011, 3.76639205935e-011, 4.35658280284e-011, 2.33756850682e-011, 1.33758724583e-011, 1.18694342549e-011],
        "var": [1.48665727776e-015, 1.14436455104e-013, 2.13496020862e-009, 2.6095133876e-007, 7.71702161728e-007, 9.7915153674e-007, 1.55868485763e-006, 2.77243771052e-007, 3.29346022454e-007, 2.96794780752e-007, 2.07470147728e-008, 6.30127194867e-009, 4.63252947114e-009, 7.83132669824e-009, 7.54756523946e-009, 3.69942343426e-009, 2.66820521233e-009, 7.80903963715e-009, 2.01352690077e-009, 1.28410508893e-008, 1.63798918873e-009, 1.60511637315e-009, 2.82686984932e-009, 4.74628203406e-009, 1.20633378842e-008, 4.92278828812e-010, 1.59973824552e-012, 7.58904463048e-017, 1.15059409567e-020, 6.90696134599e-021, 3.26643364919e-021, 1.81299350435e-021, 1.17584309725e-021, 6.75650252401e-022, 4.14801390782e-022, 3.70976570291e-022, 4.82957205944e-022, 2.97156052253e-022, 2.1148585892e-022, 1.79321929843e-022]
    },
    "mfcc": {
        "mean": [-825.632873535, 202.642166138, -66.9248733521, -11.7476043701, 14.8075942993, -70.7933578491, -42.9742240906, -6.73653173447, -43.588142395, -26.5015697479, -0.180367648602, -23.5948085785, -15.2305002213],
        "cov": [[3520.46679688, 1336.65856934, -2200.76416016, -465.407165527, 226.879547119, -832.562133789, -7.18387174606, 375.885559082, -396.903778076, 6.51469516754, 260.578033447, -305.491821289, -111.59551239], [1336.65856934, 715.962280273, -590.458618164, -277.281005859, -26.3890724182, -246.384719849, -20.7495594025, 73.6083450317, -158.986328125, -57.7592201233, 43.3175926208, -107.608917236, -86.0754318237], [-2200.76416016, -590.458618164, 1732.86242676, 309.247619629, -231.054367065, 546.745544434, -39.8767547607, -323.375823975, 198.869491577, -107.052085876, -253.176803589, 168.193161011, 2.45396184921], [-465.407165527, -277.281005859, 309.247619629, 413.38848877, 176.774169922, -22.4399299622, -84.1467285156, -39.8544120789, -7.62921667099, -50.7016372681, -63.909362793, -23.9593029022, -5.49531936646], [226.879547119, -26.3890724182, -231.054367065, 176.774169922, 255.637680054, -66.6614685059, -91.9192123413, 11.2890872955, -29.9885749817, -16.0195770264, 1.14899206161, -47.97057724, -12.2435054779], [-832.562133789, -246.384719849, 546.745544434, -22.4399299622, -66.6614685059, 361.389984131, 46.6172180176, -159.491622925, 85.3500366211, -4.58266305923, -93.5320892334, 74.2599716187, 17.0063781738], [-7.18387174606, -20.7495594025, -39.8767547607, -84.1467285156, -91.9192123413, 46.6172180176, 151.969070435, 50.5560531616, -37.1745147705, 8.47048473358, 21.8103656769, -1.88292062283, 1.49311125278], [375.885559082, 73.6083450317, -323.375823975, -39.8544120789, 11.2890872955, -159.491622925, 50.5560531616, 180.020019531, 4.42889595032, -1.38259279728, 62.853553772, -15.1773862839, -13.4057159424], [-396.903778076, -158.986328125, 198.869491577, -7.62921667099, -29.9885749817, 85.3500366211, -37.1745147705, 4.42889595032, 159.494598389, 48.5113754272, -37.2900505066, 36.680847168, 22.1857643127], [6.51469516754, -57.7592201233, -107.052085876, -50.7016372681, -16.0195770264, -4.58266305923, 8.47048473358, -1.38259279728, 48.5113754272, 117.190727234, 59.3073654175, -14.4018630981, 14.9656677246], [260.578033447, 43.3175926208, -253.176803589, -63.909362793, 1.14899206161, -93.5320892334, 21.8103656769, 62.853553772, -37.2900505066, 59.3073654175, 159.939361572, 48.9205703735, -12.0165300369], [-305.491821289, -107.608917236, 168.193161011, -23.9593029022, -47.97057724, 74.2599716187, -1.88292062283, -15.1773862839, 36.680847168, -14.4018630981, 48.9205703735, 150.024810791, 57.2242355347], [-111.59551239, -86.0754318237, 2.45396184921, -5.49531936646, -12.2435054779, 17.0063781738, 1.49311125278, -13.4057159424, 22.1857643127, 14.9656677246, -12.0165300369, 57.2242355347, 118.764175415]],
        "icov": [[359.32611084, -457.792602539, 321.607849121, -140.933395386, -34.7867431641, 163.09992981, -224.387557983, 221.529754639, -176.677474976, 115.873664856, -61.7110824585, 24.8235149384, -6.23514842987], [-457.792602539, 595.618835449, -454.797668457, 265.427001953, -76.3730697632, -69.6314697266, 151.405334473, -169.4503479, 143.304107666, -97.1782150269, 52.9195327759, -21.6291656494, 5.51763153076], [321.607849121, -454.797668457, 452.02142334, -439.025085449, 408.733581543, -357.665161133, 289.542419434, -213.163085938, 140.408996582, -80.5350723267, 38.7399330139, -14.373966217, 3.33852410316], [-140.933395386, 265.427001953, -439.025085449, 651.656433105, -824.895141602, 896.344055176, -847.252380371, 698.086303711, -500.524139404, 306.419769287, -155.390335083, 60.2687149048, -14.6467885971], [-34.7867431641, -76.3730697632, 408.733581543, -824.895141602, 1182.70690918, -1366.81555176, 1338.07678223, -1126.8380127, 820.074890137, -507.477783203, 259.571624756, -101.411735535, 24.8579959869], [163.09992981, -69.6314697266, -357.665161133, 896.344055176, -1366.81555176, 1622.38232422, -1611.27661133, 1368.91833496, -1002.35089111, 623.151000977, -320.008666992, 125.507736206, -30.9242305756], [-224.387557983, 151.405334473, 289.542419434, -847.252380371, 1338.07678223, -1611.27661133, 1612.7019043, -1376.83093262, 1011.8348999, -630.970214844, 325.010437012, -127.900970459, 31.6902198792], [221.529754639, -169.4503479, -213.163085938, 698.086303711, -1126.8380127, 1368.91833496, -1376.83093262, 1179.32922363, -869.023010254, 543.288574219, -280.62097168, 110.811080933, -27.6149349213], [-176.677474976, 143.304107666, 140.408996582, -500.524139404, 820.074890137, -1002.35089111, 1011.8348999, -869.023010254, 641.990478516, -402.402557373, 208.507598877, -82.6758041382, 20.7597427368], [115.873664856, -97.1782150269, -80.5350723267, 306.419769287, -507.477783203, 623.151000977, -630.970214844, 543.288574219, -402.402557373, 252.995727539, -131.581329346, 52.448513031, -13.294049263], [-61.7110824585, 52.9195327759, 38.7399330139, -155.390335083, 259.571624756, -320.008666992, 325.010437012, -280.62097168, 208.507598877, -131.581329346, 68.7841415405, -27.6083583832, 7.09115457535], [24.8235149384, -21.6291656494, -14.373966217, 60.2687149048, -101.411735535, 125.507736206, -127.900970459, 110.811080933, -82.6758041382, 52.448513031, -27.6083583832, 11.204202652, -2.93255567551], [-6.23514842987, 5.51763153076, 3.33852410316, -14.6467885971, 24.8579959869, -30.9242305756, 31.6902198792, -27.6149349213, 20.7597427368, -13.294049263, 7.09115457535, -2.93255567551, 0.804852485657]]
    },
    "spectral_contrast_coeffs": {
        "mean": [-0.427625834942, -0.646907150745, -0.745120584965, -0.763653457165, -0.546685576439, -0.867702543736],
        "var": [0.00812026672065, 0.00644742092118, 0.00699518574402, 0.00602958584204, 0.0131575483829, 0.0013566132402]
    },
    "spectral_contrast_valleys": {
        "mean": [-11.1263198853, -7.19829368591, -8.40144252777, -8.83547401428, -10.9976768494, -14.5079851151],
        "var": [0.606415390968, 1.38590300083, 1.4702783823, 1.28137457371, 0.731621265411, 0.763020575047]
    }
},
"metadata": {
    "audio_properties": {
        "analysis_sample_rate": 44100,
        "bit_rate": 94518,
        "equal_loudness": 0,
        "length": 45.0873451233,
        "lossless": 0,
        "replay_gain": -2.08562278748,
        "sample_rate": 44100,
        "codec": "mp3",
        "downmix": "mix",
        "md5_encoded": "bae1b9601253e8a5429f4f3e7570b791"
    },
    "tags": {
        "file_name": "audio\\69.mp3"
    },
    "version": {
        "essentia": "2.1-beta2",
        "essentia_git_sha": "v2.1_beta2",
        "extractor": "music 1.0"
    }
},
"rhythm": {
    "beats_count": 87,
    "beats_loudness": {
        "mean": 0.0231859199703,
        "var": 0.000220980495214
    },
    "bpm": 118.039016724,
    "bpm_histogram_first_peak_bpm": {
        "mean": 117,
        "var": 0
    },
    "bpm_histogram_first_peak_spread": {
        "mean": 0.509433984756,
        "var": 0
    },
    "bpm_histogram_first_peak_weight": {
        "mean": 0.302325576544,
        "var": 0
    },
    "bpm_histogram_second_peak_bpm": {
        "mean": 112,
        "var": 0
    },
    "bpm_histogram_second_peak_spread": {
        "mean": 0.523809492588,
        "var": 0
    },
    "bpm_histogram_second_peak_weight": {
        "mean": 0.11627907306,
        "var": 0
    },
    "danceability": 1.2807302475,
    "onset_rate": 3.28125,
    "beats_loudness_band_ratio": {
        "mean": [0.0274821911007, 0.390563011169, 0.383047312498, 0.0838738530874, 0.144577383995, 0.0318075269461],
        "var": [0.00105773354881, 0.0849207118154, 0.0555587410927, 0.00816195271909, 0.0220560077578, 0.00523195136338]
    },
    "beats_position": [0.510838985443, 1.04489791393, 1.57895684242, 2.11301589012, 2.67029476166, 3.21596360207, 3.7732424736, 4.31891155243, 4.87619018555, 5.41024923325, 5.94430828094, 6.46675729752, 6.97759628296, 7.47682523727, 7.97605419159, 8.498503685, 9.03256225586, 9.55501079559, 10.0658502579, 10.5650787354, 11.0759181976, 11.5867567062, 12.0975961685, 12.5968255997, 13.0960540771, 13.6068935394, 14.1061220169, 14.6169614792, 15.1394100189, 15.6502494812, 16.1726989746, 16.6835365295, 17.2059860229, 17.7284355164, 18.2624931335, 18.784942627, 19.3306121826, 19.8762817383, 20.4219493866, 20.9676189423, 21.5016784668, 22.035736084, 22.5465755463, 23.0574150085, 23.5682544708, 24.0558719635, 24.5551013947, 25.0543308258, 25.5651702881, 26.076007843, 26.5868473053, 27.0976867676, 27.5969161987, 28.0961437225, 28.6069831848, 29.1410427094, 29.6518821716, 30.1627197266, 30.6735591888, 31.1843986511, 31.6836280823, 32.1828575134, 32.6936950684, 33.1813163757, 33.6689338684, 34.1565513611, 34.6557807922, 35.1550102234, 35.6426315308, 36.1070289612, 36.5714263916, 37.0358276367, 37.5118370056, 38.0110664368, 38.4986839294, 38.9630813599, 39.4507026672, 39.9499320984, 40.4491615295, 40.9483909607, 41.4592285156, 42.0048980713, 42.5621757507, 43.0730133057, 43.5838546753, 44.0946922302, 44.5939216614]
},
"tonal": {
    "chords_changes_rate": 0.0781892985106,
    "chords_number_rate": 0.00617283955216,
    "chords_strength": {
        "mean": 0.562099635601,
        "var": 0.00542488135397
    },
    "hpcp_entropy": {
        "mean": 1.91092574596,
        "var": 0.50485008955
    },
    "key_strength": 0.722455024719,
    "tuning_diatonic_strength": 0.593122422695,
    "tuning_equal_tempered_deviation": 0.0999357551336,
    "tuning_frequency": 435.952270508,
    "tuning_nontempered_energy_ratio": 0.711993455887,
    "hpcp": {
        "mean": [0.5415584445, 0.2952298522, 0.0588099621236, 0.0258840303868, 0.0245992597193, 0.0374062471092, 0.0473154075444, 0.0543772913516, 0.0746838152409, 0.0946146026254, 0.0794619321823, 0.0549831092358, 0.0639997795224, 0.0977720022202, 0.164973661304, 0.194180160761, 0.132321715355, 0.0842273682356, 0.0742254629731, 0.0886317640543, 0.213768109679, 0.361840546131, 0.270438194275, 0.130785062909, 0.120440453291, 0.0984068512917, 0.0932479128242, 0.0944492071867, 0.0746703147888, 0.0747140794992, 0.104172609746, 0.128009319305, 0.109069123864, 0.0823165923357, 0.117741473019, 0.367669910192],
        "var": [0.142404317856, 0.0720244273543, 0.0170003566891, 0.0061615286395, 0.00607828143984, 0.0125306174159, 0.0168753862381, 0.0137229897082, 0.0164961200207, 0.0346249677241, 0.0358599424362, 0.0208198558539, 0.0259673632681, 0.0444524921477, 0.0624187067151, 0.0761304870248, 0.0427653715014, 0.0371551178396, 0.0293952301145, 0.0372686833143, 0.0673025026917, 0.140726491809, 0.0923779979348, 0.0489348731935, 0.061617128551, 0.0348296687007, 0.0215128101408, 0.0212883017957, 0.0189630873501, 0.0209838226438, 0.0315403826535, 0.0502141602337, 0.0434836745262, 0.0288868397474, 0.0392678529024, 0.0870195552707]
    },
    "chords_histogram": [31.0699596405, 1.64609050751, 26.7489719391, 0, 0, 0, 0, 19.9588470459, 0, 14.4032926559, 5.04115247726, 0.102880656719, 0.514403283596, 0, 0, 0, 0, 0, 0, 0, 0.514403283596, 0, 0, 0],
    "thpcp": [1, 0.545148670673, 0.108593933284, 0.0477954521775, 0.0454230941832, 0.0690714865923, 0.0873689800501, 0.100408904254, 0.137905359268, 0.174708023667, 0.146728262305, 0.101527564228, 0.118177048862, 0.180538222194, 0.304627627134, 0.358558088541, 0.244335055351, 0.155527755618, 0.137059003115, 0.163660570979, 0.394727677107, 0.668146789074, 0.499370276928, 0.241497591138, 0.222396045923, 0.181710496545, 0.17218439281, 0.174402609468, 0.137880429626, 0.137961253524, 0.192357093096, 0.236372128129, 0.20139862597, 0.151999458671, 0.217412307858, 0.678910851479],
    "chords_key": "D",
    "chords_scale": "minor",
    "key_key": "D",
    "key_scale": "minor"
}
}