{
"lowlevel": {
    "average_loudness": 0.977113008499,
    "barkbands_crest": {
        "mean": 11.0074443817,
        "var": 17.936920166
    },
    "barkbands_flatness_db": {
        "mean": 0.237862557173,
        "var": 0.00580066628754
    },
    "barkbands_kurtosis": {
        "mean": 11.88002491,
        "var": 447.219116211
    },
    "barkbands_skewness": {
        "mean": 2.12228775024,
        "var": 2.49536633492
    },
    "barkbands_spread": {
        "mean": 9.10421943665,
        "var": 105.213066101
    },
    "dissonance": {
        "mean": 0.393981426954,
        "var": 0.00442896131426
    },
    "dynamic_complexity": 2.49682974815,
    "erbbands_crest": {
        "mean": 13.321513176,
        "var": 31.3012256622
    },
    "erbbands_flatness_db": {
        "mean": 0.203054174781,
        "var": 0.00419811625034
    },
    "erbbands_kurtosis": {
        "mean": 3.97498989105,
        "var": 31.6184692383
    },
    "erbbands_skewness": {
        "mean": 1.15336918831,
        "var": 0.962952256203
    },
    "erbbands_spread": {
        "mean": 25.9864425659,
        "var": 435.846374512
    },
    "hfc": {
        "mean": 15.292725563,
        "var": 165.054489136
    },
    "melbands_crest": {
        "mean": 14.3377380371,
        "var": 22.4792919159
    },
    "melbands_flatness_db": {
        "mean": 0.331193953753,
        "var": 0.00852966867387
    },
    "melbands_kurtosis": {
        "mean": 20.3947887421,
        "var": 1353.31555176
    },
    "melbands_skewness": {
        "mean": 2.59630966187,
        "var": 3.60698318481
    },
    "melbands_spread": {
        "mean": 9.49725818634,
        "var": 159.962890625
    },
    "pitch_salience": {
        "mean": 0.509899377823,
        "var": 0.0132590821013
    },
    "silence_rate_20dB": {
        "mean": 1,
        "var": 0
    },
    "silence_rate_30dB": {
        "mean": 0.940298497677,
        "var": 0.0561364367604
    },
    "silence_rate_60dB": {
        "mean": 0.0360267609358,
        "var": 0.0347280502319
    },
    "spectral_centroid": {
        "mean": 607.68536377,
        "var": 311110.65625
    },
    "spectral_complexity": {
        "mean": 10.1574888229,
        "var": 32.8306732178
    },
    "spectral_decrease": {
        "mean": -1.12129416863e-008,
        "var": 8.89848808377e-017
    },
    "spectral_energy": {
        "mean": 0.0437073037028,
        "var": 0.00131044036243
    },
    "spectral_energyband_high": {
        "mean": 0.000304811488604,
        "var": 8.40722634621e-007
    },
    "spectral_energyband_low": {
        "mean": 0.0202891621739,
        "var": 0.00107340002432
    },
    "spectral_energyband_middle_high": {
        "mean": 0.00249027786776,
        "var": 2.74927951978e-005
    },
    "spectral_energyband_middle_low": {
        "mean": 0.0223605372012,
        "var": 0.000215035994188
    },
    "spectral_entropy": {
        "mean": 6.62223339081,
        "var": 0.527551114559
    },
    "spectral_flux": {
        "mean": 0.0914814099669,
        "var": 0.00455571524799
    },
    "spectral_kurtosis": {
        "mean": 13.7408714294,
        "var": 312.622833252
    },
    "spectral_rms": {
        "mean": 0.00607925048098,
        "var": 5.68394898437e-006
    },
    "spectral_rolloff": {
        "mean": 669.078918457,
        "var": 1626940.375
    },
    "spectral_skewness": {
        "mean": 2.66789579391,
        "var": 2.0154800415
    },
    "spectral_spread": {
        "mean": 3994159.75,
        "var": 5.14521300992e+012
    },
    "spectral_strongpeak": {
        "mean": 0.96975761652,
        "var": 1.03624475002
    },
    "zerocrossingrate": {
        "mean": 0.030442815274,
        "var": 0.00121049582958
    },
    "barkbands": {
        "mean": [3.66471394955e-005, 0.0130906775594, 0.00562310498208, 0.00344265461899, 0.00738315563649, 0.00355304032564, 0.00227493420243, 0.00352852069773, 0.00171042862348, 0.000854037236422, 0.000643440755084, 0.000343821098795, 0.000183357304195, 0.000125624981592, 0.00012255719048, 0.000152387059643, 6.05573950452e-005, 0.000121606368339, 0.000110440829303, 8.91841918929e-005, 5.03744158777e-005, 6.55383628327e-005, 3.97662515752e-005, 3.32796698785e-005, 3.83293663617e-005, 2.48337837547e-005, 5.04081572217e-006],
        "var": [1.09862927644e-008, 0.000698049494531, 7.0144131314e-005, 1.41497721415e-005, 5.37823143532e-005, 1.5244021597e-005, 1.39459916682e-005, 3.62049904652e-005, 1.01766299849e-005, 7.52985079089e-006, 5.93972026763e-006, 1.91533717953e-006, 3.64707517519e-007, 3.09221093175e-007, 2.99679157933e-007, 1.04974049009e-007, 5.21036120915e-008, 1.23753054027e-007, 1.12533591334e-007, 6.71690827403e-008, 2.61825938708e-008, 2.23928196874e-007, 1.91531341898e-008, 1.02204724683e-008, 1.95768361522e-008, 5.07037078989e-009, 3.32884053655e-010]
    },
    "erbbands": {
        "mean": [0.191477671266, 3.53769683838, 7.91158914566, 8.50562572479, 20.3728256226, 25.2136745453, 24.1123142242, 27.8780536652, 29.9472732544, 36.0717658997, 89.6398162842, 52.0142974854, 36.6225852966, 26.3996524811, 22.2273445129, 12.0730476379, 9.00526809692, 6.54358053207, 6.19680500031, 7.09824514389, 7.28254890442, 3.45371747017, 5.55610322952, 8.20161056519, 3.80678653717, 4.46563625336, 2.39376020432, 2.03358125687, 2.42232656479, 1.68999743462, 1.13920664787, 0.733992874622, 0.561171531677, 0.418991416693, 0.274223327637, 0.106434173882, 0.0440027937293, 0.0139998747036, 0.000566813629121, 5.93017903157e-005],
        "var": [0.196330592036, 47.432384491, 133.983551025, 82.6897888184, 427.948364258, 1095.60522461, 556.894897461, 1338.77429199, 1911.49975586, 2574.37890625, 22169.5996094, 7420.05371094, 8075.14306641, 8859.26757813, 8004.11669922, 1513.98413086, 835.07824707, 531.272399902, 490.554901123, 498.081970215, 318.336456299, 160.636260986, 226.244750977, 704.913146973, 63.3509140015, 180.324508667, 30.4143314362, 80.7693405151, 387.895477295, 68.7432556152, 16.2266292572, 4.07616853714, 4.21971702576, 2.24675893784, 1.10587084293, 0.117239326239, 0.0162894893438, 0.0017421876546, 4.06260551244e-006, 3.18934278987e-009]
    },
    "gfcc": {
        "mean": [-45.1214790344, 136.255783081, -68.4915618896, 25.6016712189, -59.9726028442, -1.81731915474, -33.5975189209, 11.1269865036, -21.2640476227, -0.189073011279, -16.4482135773, -7.32988882065, -8.13062763214],
        "cov": [[8504.15234375, -1510.60974121, -1160.2557373, -12.4780855179, -341.14151001, 159.936584473, -203.10925293, 283.797363281, -368.236053467, 164.809265137, -241.264373779, 200.458999634, -293.234436035], [-1510.60974121, 2090.17529297, -89.6062545776, -437.82711792, 209.425506592, -233.729034424, 165.169464111, -54.2689819336, 194.711807251, -224.372360229, 174.283309937, -335.603149414, 241.819900513], [-1160.2557373, -89.6062545776, 1198.61999512, 234.513015747, -22.4034881592, 103.227989197, 26.8232898712, -51.7731704712, 204.405670166, 60.7359085083, -113.199081421, 66.3738327026, -36.7864494324], [-12.4780855179, -437.82711792, 234.513015747, 558.414428711, 57.484954834, 54.2489204407, -61.4561195374, -44.8983421326, 32.0168800354, 58.9466781616, -6.50392484665, 104.859977722, -34.0977630615], [-341.14151001, 209.425506592, -22.4034881592, 57.484954834, 293.551696777, -3.64473748207, -9.06522369385, -6.99137353897, 20.5756549835, 3.96632122993, 56.2452087402, -22.7900466919, 34.1875419617], [159.936584473, -233.729034424, 103.227989197, 54.2489204407, -3.64473748207, 192.02355957, 30.1836433411, -18.5950660706, 11.923122406, 34.3895606995, -30.3911132813, 54.1247138977, -19.8621482849], [-203.10925293, 165.169464111, 26.8232898712, -61.4561195374, -9.06522369385, 30.1836433411, 227.093429565, 23.6643600464, -28.5558128357, -1.58196079731, 74.2054214478, -17.9838180542, -14.0896081924], [283.797363281, -54.2689819336, -51.7731704712, -44.8983421326, -6.99137353897, -18.5950660706, 23.6643600464, 124.3907547, -2.77408289909, 16.9328079224, -0.473994016647, -0.206261813641, -18.2161140442], [-368.236053467, 194.711807251, 204.405670166, 32.0168800354, 20.5756549835, 11.923122406, -28.5558128357, -2.77408289909, 239.107971191, 5.3659658432, -56.2168388367, -23.5149536133, 44.7327308655], [164.809265137, -224.372360229, 60.7359085083, 58.9466781616, 3.96632122993, 34.3895606995, -1.58196079731, 16.9328079224, 5.3659658432, 120.036308289, 5.11554145813, 29.7705249786, -41.8911628723], [-241.264373779, 174.283309937, -113.199081421, -6.50392484665, 56.2452087402, -30.3911132813, 74.2054214478, -0.473994016647, -56.2168388367, 5.11554145813, 153.068908691, -14.7968683243, 4.68038415909], [200.458999634, -335.603149414, 66.3738327026, 104.859977722, -22.7900466919, 54.1247138977, -17.9838180542, -0.206261813641, -23.5149536133, 29.7705249786, -14.7968683243, 127.210876465, -25.1709651947], [-293.234436035, 241.819900513, -36.7864494324, -34.0977630615, 34.1875419617, -19.8621482849, -14.0896081924, -18.2161140442, 44.7327308655, -41.8911628723, 4.68038415909, -25.1709651947, 96.9969940186]],
        "icov": [[0.000223051392823, -0.000147254744661, 0.000297472666716, -0.000122097640997, 0.000187081473996, -0.000277752144029, 0.000180227259989, -0.000426567945397, 0.000237489453866, -0.000284362380626, 0.000568742165342, -0.000324595428538, 0.00059056840837], [-0.000147254744661, 0.00250243768096, -0.000570885429624, 0.00111379136797, -0.00102605333086, 0.00146407610737, -0.0012447105255, 0.00119630002882, -0.00179126858711, 0.00234789540991, -0.00249135214835, 0.0034807829652, -0.00293999304995], [0.000297472666716, -0.000570885429624, 0.00171134027187, -0.000667279353365, 0.000359547964763, -0.000555982463993, -0.000296520709526, -7.34417772037e-005, -0.000486741453642, -0.000955402036197, 0.00192511628848, -0.00134311197326, 0.00180999422446], [-0.000122097640997, 0.00111379136797, -0.000667279353365, 0.00309393415228, -0.00107577675954, 0.000726282014512, 8.67887938512e-005, 0.00141518702731, -0.0011967002647, 0.000667574466206, -0.00178912782576, -0.000272593169939, -0.000649252382573], [0.000187081473996, -0.00102605333086, 0.000359547964763, -0.00107577675954, 0.00467382417992, -0.00132798508275, 0.00133385765366, -0.00110687501729, 0.000583214801736, -0.00131368287839, -0.000727286853362, -0.000372794718714, 5.04243034811e-005], [-0.000277752144029, 0.00146407610737, -0.000555982463993, 0.000726282014512, -0.00132798508275, 0.00824901740998, -0.0030263629742, 0.00275835371576, -0.00146683864295, -0.00011382815137, 0.000567398499697, -0.000713063171133, -0.00179473729804], [0.000180227259989, -0.0012447105255, -0.000296520709526, 8.67887938512e-005, 0.00133385765366, -0.0030263629742, 0.00745184114203, -0.00244295108132, 0.00124447420239, -0.000148647712194, -0.00288638588972, -0.000489881436806, 0.00247389008291], [-0.000426567945397, 0.00119630002882, -7.34417772037e-005, 0.00141518702731, -0.00110687501729, 0.00275835371576, -0.00244295108132, 0.0107902809978, -0.00198953342624, -0.000244802708039, -0.000516039901413, 0.000593077566009, -0.000185261334991], [0.000237489453866, -0.00179126858711, -0.000486741453642, -0.0011967002647, 0.000583214801736, -0.00146683864295, 0.00124447420239, -0.00198953342624, 0.00791408773512, -0.00300087826326, 0.00387804722413, -0.000621834595222, -0.00141466688365], [-0.000284362380626, 0.00234789540991, -0.000955402036197, 0.000667574466206, -0.00131368287839, -0.00011382815137, -0.000148647712194, -0.000244802708039, -0.00300087826326, 0.0136937238276, -0.00464597530663, 0.00241477019154, 0.00168017379474], [0.000568742165342, -0.00249135214835, 0.00192511628848, -0.00178912782576, -0.000727286853362, 0.000567398499697, -0.00288638588972, -0.000516039901413, 0.00387804722413, -0.00464597530663, 0.0145291211084, -0.00380940549076, 0.00240340083838], [-0.000324595428538, 0.0034807829652, -0.00134311197326, -0.000272593169939, -0.000372794718714, -0.000713063171133, -0.000489881436806, 0.000593077566009, -0.000621834595222, 0.00241477019154, -0.00380940549076, 0.0166546944529, -0.00440330058336], [0.00059056840837, -0.00293999304995, 0.00180999422446, -0.000649252382573, 5.04243034811e-005, -0.00179473729804, 0.00247389008291, -0.000185261334991, -0.00141466688365, 0.00168017379474, 0.00240340083838, -0.00440330058336, 0.0199414566159]]
    },
    "melbands": {
        "mean": [0.0028000655584, 0.00455304747447, 0.00184909661766, 0.00172272452619, 0.000883177737705, 0.000639670935925, 0.000487553654239, 0.000444948615041, 0.000638142810203, 0.000312601187034, 0.000168312923051, 9.95588852675e-005, 7.6137817814e-005, 4.99567795487e-005, 1.8398541215e-005, 1.81164377864e-005, 1.15891507448e-005, 9.42979113461e-006, 1.05070139398e-005, 1.08589765659e-005, 7.85448901297e-006, 3.32554509441e-006, 3.78419781555e-006, 6.19184675088e-006, 7.05129650669e-006, 2.90561138172e-006, 2.64801496996e-006, 3.07206005346e-006, 1.53922565005e-006, 1.21856339774e-006, 1.12872817226e-006, 1.3289159142e-006, 1.32115792439e-006, 7.7795954212e-007, 6.60423211229e-007, 5.59488569252e-007, 3.97579611899e-007, 3.74456078589e-007, 3.93746717009e-007, 3.40919342534e-007],
        "var": [3.61506899935e-005, 5.20390494785e-005, 3.07391314891e-006, 3.46662523043e-006, 7.15187013611e-007, 6.31804766726e-007, 5.23553069343e-007, 3.60653046982e-007, 1.13927012535e-006, 3.43363780075e-007, 2.02300668661e-007, 1.42105960776e-007, 7.74404185222e-008, 4.33027018687e-008, 3.26760041247e-009, 4.08272216035e-009, 2.22042828568e-009, 1.73775360768e-009, 3.18977533276e-009, 4.62362564901e-010, 6.29844565392e-010, 1.65073843483e-010, 1.84254611568e-010, 2.93986085476e-010, 6.10191730477e-010, 4.94174423604e-011, 3.35258903972e-011, 1.08381727204e-010, 1.63920457069e-011, 1.31166058917e-011, 3.11411417486e-011, 1.02336777941e-010, 1.1701459246e-010, 1.07828173473e-011, 6.09386499595e-012, 3.54778554625e-012, 1.00306850499e-012, 2.00700393804e-012, 2.34096075857e-012, 1.44970461417e-012]
    },
    "mfcc": {
        "mean": [-705.93737793, 170.303207397, 40.2153091431, 33.9080848694, 3.14359903336, -6.27308797836, -0.417846232653, -1.21826303005, 1.89221358299, 4.07434511185, -2.7624630928, -1.67202723026, 0.254104822874],
        "cov": [[7034.10742188, -1559.68261719, -1086.77844238, -257.247131348, -286.475036621, -172.377304077, 58.4143295288, 68.1918258667, -110.227355957, -30.2912464142, 5.12523555756, -73.7170944214, -28.5278930664], [-1559.68261719, 2097.08642578, -139.304199219, -197.087295532, 17.6035461426, -228.52897644, 84.8583374023, -53.927482605, 80.1458511353, 138.134185791, -97.2428207397, 42.0478248596, 45.2419204712], [-1086.77844238, -139.304199219, 1044.16357422, 140.571395874, 42.5058937073, 221.459197998, -171.456253052, 51.9675674438, 146.115310669, -6.7845582962, 50.3246002197, 52.3559646606, 24.4226951599], [-257.247131348, -197.087295532, 140.571395874, 374.919311523, 124.068161011, 79.2892608643, -0.707297325134, 10.627368927, -23.4748058319, -33.469909668, 73.2650375366, 16.5409488678, -13.8386640549], [-286.475036621, 17.6035461426, 42.5058937073, 124.068161011, 285.606567383, 64.4409942627, -74.4045791626, -19.4422092438, 41.5755233765, -2.49237060547, 9.70479488373, 13.6944169998, -10.2980852127], [-172.377304077, -228.52897644, 221.459197998, 79.2892608643, 64.4409942627, 264.854705811, -36.7817878723, 29.8646316528, 25.973400116, -8.99760627747, 40.6562767029, -5.35278892517, -13.3029870987], [58.4143295288, 84.8583374023, -171.456253052, -0.707297325134, -74.4045791626, -36.7817878723, 279.73449707, 16.0358848572, -109.872039795, 18.8853168488, 11.3536405563, 4.73334026337, 7.07909202576], [68.1918258667, -53.927482605, 51.9675674438, 10.627368927, -19.4422092438, 29.8646316528, 16.0358848572, 119.306137085, 17.4866981506, -5.62841367722, -3.17659115791, 5.09627151489, 16.7344417572], [-110.227355957, 80.1458511353, 146.115310669, -23.4748058319, 41.5755233765, 25.973400116, -109.872039795, 17.4866981506, 165.070510864, 20.6537513733, -4.67253684998, 4.41044950485, 8.86322307587], [-30.2912464142, 138.134185791, -6.7845582962, -33.469909668, -2.49237060547, -8.99760627747, 18.8853168488, -5.62841367722, 20.6537513733, 103.839179993, 27.1425266266, 22.7126216888, 6.74191474915], [5.12523555756, -97.2428207397, 50.3246002197, 73.2650375366, 9.70479488373, 40.6562767029, 11.3536405563, -3.17659115791, -4.67253684998, 27.1425266266, 111.311340332, 30.5543270111, -11.2847719193], [-73.7170944214, 42.0478248596, 52.3559646606, 16.5409488678, 13.6944169998, -5.35278892517, 4.73334026337, 5.09627151489, 4.41044950485, 22.7126216888, 30.5543270111, 89.0766372681, 22.0639266968], [-28.5278930664, 45.2419204712, 24.4226951599, -13.8386640549, -10.2980852127, -13.3029870987, 7.07909202576, 16.7344417572, 8.86322307587, 6.74191474915, -11.2847719193, 22.0639266968, 72.648109436]],
        "icov": [[0.000248843687586, 0.000230813529924, 0.000298759579891, 9.59927056101e-005, 0.000164174634847, 8.38455889607e-005, 7.10377789801e-005, -0.000158883922268, -0.000167858917848, -0.000141829950735, -2.32831844187e-005, -5.56624654564e-005, -1.29414165713e-005], [0.000230813529924, 0.000876175006852, 0.000218516230234, 0.000218118220801, -8.03874718258e-005, 0.000542189809494, -0.00032914429903, 0.000127277206047, -0.000592855736613, -0.000880572421011, 0.000619040511083, -0.000279684492853, -6.11226423644e-005], [0.000298759579891, 0.000218516230234, 0.00189983285964, -0.000480123242596, 0.000812128768303, -0.00106319319457, 0.000699652126059, -0.000286494236207, -0.00115003250539, 1.57744614171e-006, 4.5699373004e-005, -0.000954606570303, -0.000393469788833], [9.59927056101e-005, 0.000218118220801, -0.000480123242596, 0.00440422724932, -0.00201697018929, 0.000232457328821, -0.000474273983855, -0.000618397083599, 0.000936441239901, 0.00162715674378, -0.00281355623156, 0.000317187805194, 4.89142039442e-005], [0.000164174634847, -8.03874718258e-005, 0.000812128768303, -0.00201697018929, 0.00531110540032, -0.00137253210414, 0.00118583370931, 0.000930709938984, -0.00118376745377, -0.000438599527115, 0.00128754589241, -0.00131806952413, 0.000414329348132], [8.38455889607e-005, 0.000542189809494, -0.00106319319457, 0.000232457328821, -0.00137253210414, 0.00582381477579, -0.000322444655467, -0.00119926303159, 1.87207933777e-005, -0.000195718574105, -0.00149856612552, 0.00145165773574, 0.000618733407464], [7.10377789801e-005, -0.00032914429903, 0.000699652126059, -0.000474273983855, 0.00118583370931, -0.000322444655467, 0.00599206518382, -0.00150356674567, 0.00360929989256, -0.00135598611087, -0.000496894703247, -5.81597087148e-005, -0.000595196790528], [-0.000158883922268, 0.000127277206047, -0.000286494236207, -0.000618397083599, 0.000930709938984, -0.00119926303159, -0.00150356674567, 0.0100115258247, -0.00204132823274, 0.000653463124763, 0.00119319022633, -0.000634451804217, -0.00184400996659], [-0.000167858917848, -0.000592855736613, -0.00115003250539, 0.000936441239901, -0.00118376745377, 1.87207933777e-005, 0.00360929989256, -0.00204132823274, 0.0105483662337, -0.00201641581953, -0.000347471854184, 0.00102103699464, -0.000641442136839], [-0.000141829950735, -0.000880572421011, 1.57744614171e-006, 0.00162715674378, -0.000438599527115, -0.000195718574105, -0.00135598611087, 0.000653463124763, -0.00201641581953, 0.0135129960254, -0.00457904813811, -0.00155005394481, -0.000562843226362], [-2.32831844187e-005, 0.000619040511083, 4.5699373004e-005, -0.00281355623156, 0.00128754589241, -0.00149856612552, -0.000496894703247, 0.00119319022633, -0.000347471854184, -0.00457904813811, 0.0145514588803, -0.00466576684266, 0.00288042705506], [-5.56624654564e-005, -0.000279684492853, -0.000954606570303, 0.000317187805194, -0.00131806952413, 0.00145165773574, -5.81597087148e-005, -0.000634451804217, 0.00102103699464, -0.00155005394481, -0.00466576684266, 0.0152190625668, -0.0045632016845], [-1.29414165713e-005, -6.11226423644e-005, -0.000393469788833, 4.89142039442e-005, 0.000414329348132, 0.000618733407464, -0.000595196790528, -0.00184400996659, -0.000641442136839, -0.000562843226362, 0.00288042705506, -0.0045632016845, 0.0165581647307]]
    },
    "spectral_contrast_coeffs": {
        "mean": [-0.613391339779, -0.632060408592, -0.714983284473, -0.786100327969, -0.808507919312, -0.779502153397],
        "var": [0.00633985409513, 0.00757227512076, 0.00979592651129, 0.00518800225109, 0.00375261460431, 0.00138493254781]
    },
    "spectral_contrast_valleys": {
        "mean": [-6.76165866852, -6.98715209961, -8.1133928299, -8.83645534515, -8.59512805939, -11.1872549057],
        "var": [1.2101367712, 1.26078164577, 1.26561629772, 1.22509503365, 1.40577661991, 1.74467909336]
    }
},
"metadata": {
    "audio_properties": {
        "analysis_sample_rate": 44100,
        "bit_rate": 111564,
        "equal_loudness": 0,
        "length": 45.0873451233,
        "lossless": 0,
        "replay_gain": -10.1959915161,
        "sample_rate": 44100,
        "codec": "mp3",
        "downmix": "mix",
        "md5_encoded": "fe95c2a81db58c9ba4d6c156d248946c"
    },
    "tags": {
        "file_name": "audio\\691.mp3"
    },
    "version": {
        "essentia": "2.1-beta2",
        "essentia_git_sha": "v2.1_beta2",
        "extractor": "music 1.0"
    }
},
"rhythm": {
    "beats_count": 125,
    "beats_loudness": {
        "mean": 0.0553782954812,
        "var": 0.00103044393472
    },
    "bpm": 165.299087524,
    "bpm_histogram_first_peak_bpm": {
        "mean": 167,
        "var": 0
    },
    "bpm_histogram_first_peak_spread": {
        "mean": 0,
        "var": 0
    },
    "bpm_histogram_first_peak_weight": {
        "mean": 0.5,
        "var": 0
    },
    "bpm_histogram_second_peak_bpm": {
        "mean": 172,
        "var": 0
    },
    "bpm_histogram_second_peak_spread": {
        "mean": 0,
        "var": 0
    },
    "bpm_histogram_second_peak_weight": {
        "mean": 0.306451618671,
        "var": 0
    },
    "danceability": 1.54708397388,
    "onset_rate": 4.76668071747,
    "beats_loudness_band_ratio": {
        "mean": [0.552507400513, 0.247133255005, 0.185994803905, 0.0453520044684, 0.0141679253429, 0.0125427115709],
        "var": [0.056435354054, 0.0261451583356, 0.0200966782868, 0.00886601023376, 0.00070472760126, 0.000270339223789]
    },
    "beats_position": [0.359909296036, 0.731428563595, 1.09133780003, 1.43963718414, 1.78793644905, 2.14784574509, 2.50775504112, 2.85605430603, 3.22757363319, 3.5758728981, 3.92417216301, 4.27247142792, 4.63238096237, 4.99229001999, 5.34058952332, 5.6888885498, 6.03718805313, 6.38548755646, 6.74539661407, 7.10530614853, 7.47682523727, 7.84834432602, 8.19664382935, 8.54494285583, 8.893242836, 9.24154186249, 9.61306095123, 9.96135997772, 10.3096599579, 10.6695690155, 11.0294780731, 11.3777770996, 11.7260770798, 12.0859861374, 12.445895195, 12.7941951752, 13.1424942017, 13.5024032593, 13.8623123169, 14.2338323593, 14.5937414169, 14.9536504745, 15.3251695633, 15.696688652, 16.0565986633, 16.4397277832, 16.8112468719, 17.1827659607, 17.5542850494, 17.9258041382, 18.2857131958, 18.6456241608, 19.0171432495, 19.3886623383, 19.7485713959, 20.1084804535, 20.4683895111, 20.8282985687, 21.1765975952, 21.5248966217, 21.8848075867, 22.2447166443, 22.6046257019, 22.9645347595, 23.3244438171, 23.6843528748, 24.0326519012, 24.3925609589, 24.7524719238, 25.1007709503, 25.4490699768, 25.8205890656, 26.168888092, 26.5404071808, 26.8887062073, 27.2370071411, 27.5853061676, 27.9336051941, 28.2935142517, 28.6418132782, 29.0017223358, 29.3616313934, 29.7215423584, 30.0930614471, 30.4529705048, 30.8128795624, 31.1611785889, 31.5094776154, 31.8577766418, 32.2176856995, 32.5775947571, 32.9375038147, 33.2974128723, 33.6573219299, 34.0172348022, 34.3771438599, 34.7370529175, 35.0969619751, 35.4568710327, 35.8283882141, 36.1999092102, 36.5482063293, 36.908115387, 37.2680282593, 37.6279373169, 37.9878463745, 38.3477554321, 38.7076644897, 39.0559616089, 39.4158706665, 39.7641716003, 40.1124725342, 40.4723815918, 40.8322906494, 41.192199707, 41.5637168884, 41.9352378845, 42.2951469421, 42.6550559998, 43.0265769958, 43.3980941772, 43.7580032349, 44.1179122925, 44.4778213501, 44.8377304077]
},
"tonal": {
    "chords_changes_rate": 0.0586419738829,
    "chords_number_rate": 0.00720164598897,
    "chords_strength": {
        "mean": 0.526889383793,
        "var": 0.0104482965544
    },
    "hpcp_entropy": {
        "mean": 1.62689304352,
        "var": 0.464467525482
    },
    "key_strength": 0.74531853199,
    "tuning_diatonic_strength": 0.528235137463,
    "tuning_equal_tempered_deviation": 0.0704278051853,
    "tuning_frequency": 436.204162598,
    "tuning_nontempered_energy_ratio": 0.670506358147,
    "hpcp": {
        "mean": [0.0608805306256, 0.0647508129478, 0.12503914535, 0.172632500529, 0.127778664231, 0.0808804780245, 0.0718184188008, 0.0448311269283, 0.0426203906536, 0.0675410702825, 0.0751898512244, 0.0728736147285, 0.0702303946018, 0.0778690725565, 0.227424964309, 0.355643987656, 0.2215962708, 0.0944203063846, 0.0823633819818, 0.0686149224639, 0.109549447894, 0.136752992868, 0.0937441661954, 0.103089898825, 0.144734725356, 0.10399338603, 0.0695004016161, 0.096001110971, 0.119370870292, 0.295941770077, 0.369890540838, 0.172528848052, 0.0517769865692, 0.0324072241783, 0.0325142517686, 0.0552500672638],
        "var": [0.0244109388441, 0.0287548583001, 0.0618580691516, 0.0788724794984, 0.0515933930874, 0.0285360589623, 0.0279264431447, 0.0129131125286, 0.0160707049072, 0.0351129472256, 0.0395302847028, 0.039637286216, 0.034688025713, 0.032112121582, 0.0688648223877, 0.142008781433, 0.0661886706948, 0.0480245426297, 0.0474360473454, 0.0305219907314, 0.0439946129918, 0.060981027782, 0.0358321890235, 0.0453139096498, 0.0672388747334, 0.0368997305632, 0.0294231548905, 0.0530104003847, 0.0454973764718, 0.112924881279, 0.164776563644, 0.0438612140715, 0.0240041445941, 0.0119400424883, 0.0129972808063, 0.0225319731981]
    },
    "chords_histogram": [62.2427978516, 24.7942390442, 0.823045253754, 0, 0.925925910473, 4.32098770142, 1.33744859695, 2.57201647758, 0, 0, 1.33744859695, 0.411522626877, 0, 0, 0, 0, 0, 0, 0, 0, 0, 0, 0, 1.23456788063],
    "thpcp": [1, 0.466432183981, 0.139979213476, 0.0876130089164, 0.0879023596644, 0.149368688464, 0.164590671659, 0.175053983927, 0.338043630123, 0.466712385416, 0.345449924469, 0.218660578132, 0.19416128099, 0.121201060712, 0.115224331617, 0.182597458363, 0.203275948763, 0.197014003992, 0.189868047833, 0.210519239306, 0.614843964577, 0.96148443222, 0.599086046219, 0.255265533924, 0.22266960144, 0.185500606894, 0.296167194843, 0.369712054729, 0.253437578678, 0.278703808784, 0.391290694475, 0.281146377325, 0.187894508243, 0.259539246559, 0.322719454765, 0.800079286098],
    "chords_key": "G",
    "chords_scale": "minor",
    "key_key": "G",
    "key_scale": "minor"
}
}