{
"lowlevel": {
    "average_loudness": 0.977058589458,
    "barkbands_crest": {
        "mean": 8.27588748932,
        "var": 13.1463403702
    },
    "barkbands_flatness_db": {
        "mean": 0.0998386666179,
        "var": 0.00133511878084
    },
    "barkbands_kurtosis": {
        "mean": 0.897401690483,
        "var": 19.3617210388
    },
    "barkbands_skewness": {
        "mean": 0.835605144501,
        "var": 1.53382968903
    },
    "barkbands_spread": {
        "mean": 47.7188224792,
        "var": 301.667266846
    },
    "dissonance": {
        "mean": 0.487223476171,
        "var": 9.21430619201e-005
    },
    "dynamic_complexity": 1.83451330662,
    "erbbands_crest": {
        "mean": 7.12860536575,
        "var": 9.7380771637
    },
    "erbbands_flatness_db": {
        "mean": 0.120591543615,
        "var": 0.00075914489571
    },
    "erbbands_kurtosis": {
        "mean": 0.558838605881,
        "var": 4.7481174469
    },
    "erbbands_skewness": {
        "mean": -0.773289084435,
        "var": 0.411657571793
    },
    "erbbands_spread": {
        "mean": 54.9534416199,
        "var": 486.742095947
    },
    "hfc": {
        "mean": 34.3528556824,
        "var": 1553.08190918
    },
    "melbands_crest": {
        "mean": 15.0891685486,
        "var": 38.8961448669
    },
    "melbands_flatness_db": {
        "mean": 0.138743951917,
        "var": 0.00330861285329
    },
    "melbands_kurtosis": {
        "mean": 13.6748533249,
        "var": 432.511749268
    },
    "melbands_skewness": {
        "mean": 2.99174070358,
        "var": 3.79714274406
    },
    "melbands_spread": {
        "mean": 52.5795249939,
        "var": 1343.93261719
    },
    "pitch_salience": {
        "mean": 0.553058028221,
        "var": 0.0151163255796
    },
    "silence_rate_20dB": {
        "mean": 1,
        "var": 0
    },
    "silence_rate_30dB": {
        "mean": 1,
        "var": 0
    },
    "silence_rate_60dB": {
        "mean": 0.00411946466193,
        "var": 0.00410258723423
    },
    "spectral_centroid": {
        "mean": 2506.25366211,
        "var": 688826
    },
    "spectral_complexity": {
        "mean": 19.3388252258,
        "var": 95.0139541626
    },
    "spectral_decrease": {
        "mean": -3.48018303065e-009,
        "var": 3.08691045344e-018
    },
    "spectral_energy": {
        "mean": 0.0162509419024,
        "var": 7.48583115637e-005
    },
    "spectral_energyband_high": {
        "mean": 0.00343930954114,
        "var": 2.37773765548e-005
    },
    "spectral_energyband_low": {
        "mean": 0.00511807203293,
        "var": 2.74677022389e-005
    },
    "spectral_energyband_middle_high": {
        "mean": 0.00342608708888,
        "var": 1.00945562735e-005
    },
    "spectral_energyband_middle_low": {
        "mean": 0.00496006803587,
        "var": 1.52248449012e-005
    },
    "spectral_entropy": {
        "mean": 7.9694519043,
        "var": 0.0591677874327
    },
    "spectral_flux": {
        "mean": 0.083564504981,
        "var": 0.00100967579056
    },
    "spectral_kurtosis": {
        "mean": 1.90476059914,
        "var": 0.693264603615
    },
    "spectral_rms": {
        "mean": 0.00384510308504,
        "var": 1.06976062852e-006
    },
    "spectral_rolloff": {
        "mean": 3992.83447266,
        "var": 7113478
    },
    "spectral_skewness": {
        "mean": 0.972675383091,
        "var": 0.0466814301908
    },
    "spectral_spread": {
        "mean": 5845011.5,
        "var": 3.4120227881e+012
    },
    "spectral_strongpeak": {
        "mean": 1.05046606064,
        "var": 6.24035263062
    },
    "zerocrossingrate": {
        "mean": 0.126789197326,
        "var": 0.00313849165104
    },
    "barkbands": {
        "mean": [1.26314434965e-005, 0.00160812202375, 0.00293600861914, 0.0014888982987, 0.00176220422145, 0.00062987144338, 0.000377492979169, 0.000275005033473, 0.000244007955189, 0.000308483518893, 8.88370050234e-005, 0.000127153005451, 7.91043712525e-005, 0.000103700447653, 0.000608815578744, 0.000219561872655, 0.000377633783501, 0.000237605490838, 0.000730375235435, 0.00093847658718, 0.00100972363725, 0.000613127078395, 0.000427187827881, 0.000479682261357, 0.000270481221378, 0.00029036597698, 6.3758966462e-006],
        "var": [2.15453030417e-010, 2.67686118605e-006, 1.60691906785e-005, 3.39035818797e-006, 3.39531447935e-006, 5.10919335284e-007, 4.3840563535e-007, 2.41656834987e-007, 1.5631546546e-007, 6.80287428168e-007, 2.07960830778e-008, 1.15385944355e-007, 1.22052838947e-008, 2.33038264241e-008, 1.10696907996e-006, 1.07441806563e-007, 3.00075384985e-007, 1.44334052266e-007, 7.88824991105e-007, 2.11771180147e-006, 5.14299381393e-006, 1.04545506474e-006, 4.19130344653e-007, 6.22345794454e-007, 2.24989335607e-007, 1.01929163066e-006, 4.01004923711e-010]
    },
    "erbbands": {
        "mean": [0.023701030761, 0.483721584082, 3.17907476425, 3.80869412422, 6.83924198151, 4.39797973633, 5.95273208618, 4.53507041931, 6.19478845596, 4.54156541824, 5.97868871689, 4.97808647156, 12.6168785095, 4.39535140991, 4.17223739624, 4.96528482437, 3.92337346077, 4.93411874771, 18.3779392242, 24.2058887482, 13.728307724, 23.0574836731, 13.9537258148, 34.3390808105, 30.9969120026, 52.3688011169, 37.5539245605, 35.769329071, 23.5558319092, 14.4891986847, 12.5827665329, 11.137336731, 7.55109786987, 3.12428712845, 1.99586009979, 1.57648038864, 0.448005616665, 0.044934373349, 0.00109376362525, 6.66497071506e-005],
        "var": [0.000690035696607, 0.246875628829, 16.8968334198, 17.3670940399, 74.7282943726, 19.187379837, 54.9838180542, 33.5002708435, 105.949356079, 62.259262085, 105.234375, 50.995880127, 1095.89648438, 53.4494400024, 47.7427749634, 187.689605713, 35.1427764893, 41.7694511414, 860.381408691, 1103.13989258, 312.576721191, 1092.70275879, 378.055023193, 2017.18383789, 1283.53125, 7286.99121094, 7682.68115234, 5479.56787109, 1590.89953613, 476.226989746, 403.35168457, 357.500579834, 160.583938599, 32.3049430847, 15.7314052582, 24.0890407562, 3.18585658073, 0.0223380308598, 1.17468352983e-005, 1.79104677756e-008]
    },
    "gfcc": {
        "mean": [20.4191169739, 36.3840904236, -100.670524597, 66.0390014648, -63.7690200806, 14.1158351898, -45.0128669739, 13.0928535461, -30.080991745, 4.54419469833, -27.9040260315, -3.8890171051, -11.8021469116],
        "cov": [[4364.25732422, -752.53112793, -281.442077637, -155.370529175, -157.547561646, -18.0435218811, -133.335769653, 19.2213306427, -181.062988281, 83.0876541138, -209.578857422, 76.6423797607, -183.334365845], [-752.53112793, 995.343078613, -143.675170898, 118.161094666, -73.4578933716, -19.5645103455, 38.4076766968, -34.6741256714, 57.9446601868, -83.0118103027, 114.388870239, -80.3333435059, 78.4611053467], [-281.442077637, -143.675170898, 531.733886719, 24.6819782257, 131.581253052, 41.01745224, 24.6207351685, 42.3864631653, -27.9106388092, 5.30746507645, -41.0357818604, 42.6120071411, -23.7738895416], [-155.370529175, 118.161094666, 24.6819782257, 299.975463867, 19.4528388977, 42.3696784973, 16.9549293518, 24.125043869, 43.4588317871, -14.7164440155, 25.4545555115, -51.4990959167, 57.0683441162], [-157.547561646, -73.4578933716, 131.581253052, 19.4528388977, 230.097824097, 68.9843902588, 24.3903961182, 20.5566558838, 2.81393003464, 15.2214021683, -31.0625267029, 22.4280815125, -26.433172226], [-18.0435218811, -19.5645103455, 41.01745224, 42.3696784973, 68.9843902588, 121.523513794, 24.5713367462, 25.3518238068, 11.6165647507, -3.44969940186, -9.26338481903, -9.36752796173, 8.80335235596], [-133.335769653, 38.4076766968, 24.6207351685, 16.9549293518, 24.3903961182, 24.5713367462, 118.621109009, 25.3797340393, -4.50425720215, -20.4155082703, -32.4353866577, -18.0901317596, -2.23192405701], [19.2213306427, -34.6741256714, 42.3864631653, 24.125043869, 20.5566558838, 25.3518238068, 25.3797340393, 87.1699142456, 21.9497470856, 4.67381715775, -8.25923347473, -0.157204970717, 7.24193763733], [-181.062988281, 57.9446601868, -27.9106388092, 43.4588317871, 2.81393003464, 11.6165647507, -4.50425720215, 21.9497470856, 87.0726776123, 20.3960762024, 19.9650554657, -6.54654550552, 21.785987854], [83.0876541138, -83.0118103027, 5.30746507645, -14.7164440155, 15.2214021683, -3.44969940186, -20.4155082703, 4.67381715775, 20.3960762024, 88.1851425171, 24.6506156921, 13.6797075272, -12.7750759125], [-209.578857422, 114.388870239, -41.0357818604, 25.4545555115, -31.0625267029, -9.26338481903, -32.4353866577, -8.25923347473, 19.9650554657, 24.6506156921, 112.615600586, 14.0683584213, 13.2254323959], [76.6423797607, -80.3333435059, 42.6120071411, -51.4990959167, 22.4280815125, -9.36752796173, -18.0901317596, -0.157204970717, -6.54654550552, 13.6797075272, 14.0683584213, 79.7532653809, -1.05478918552], [-183.334365845, 78.4611053467, -23.7738895416, 57.0683441162, -26.433172226, 8.80335235596, -2.23192405701, 7.24193763733, 21.785987854, -12.7750759125, 13.2254323959, -1.05478918552, 85.8195495605]],
        "icov": [[0.000520082307048, -1.98203561013e-005, 0.000524408591446, -0.000557479332201, 0.000793140905444, -0.000594440905843, 0.000841449655127, -0.000695916707627, 0.00122465216555, -0.000919286801945, 0.0016561767552, -0.00127989170142, 0.00131233502179], [-1.98203561013e-005, 0.00179239013232, 8.70228814165e-006, 0.000231131998589, -0.000420729542384, 0.000662458711304, -0.000985107151791, 0.00088123040041, -0.00118095183279, 0.00209509278648, -0.00254713371396, 0.00192192476243, -0.00110203714576], [0.000524408591446, 8.70228814165e-006, 0.00301152118482, -0.00116432434879, -0.000180979404831, -0.000646586588118, 0.000815438572317, -0.00171094213147, 0.00227224337868, -0.00106527749449, 0.00229457463138, -0.00271158665419, 0.00177466333844], [-0.000557479332201, 0.000231131998589, -0.00116432434879, 0.00579106109217, -0.00181386806071, 0.000268534524366, -0.00113929889631, 0.000468450540211, -0.00276478659362, 0.00202950742096, -0.00387822231278, 0.00546295428649, -0.00456234300509], [0.000793140905444, -0.000420729542384, -0.000180979404831, -0.00181386806071, 0.00820444058627, -0.00451823929325, 0.000917179102544, -0.000772545579821, 0.00138726539444, -0.00297882803716, 0.00483071757481, -0.00505697121844, 0.00471244053915], [-0.000594440905843, 0.000662458711304, -0.000646586588118, 0.000268534524366, -0.00451823929325, 0.0121189504862, -0.00223449361511, -0.000798758119345, -0.00204610126093, 0.00232539069839, -0.00325674237683, 0.00390517222695, -0.00344330072403], [0.000841449655127, -0.000985107151791, 0.000815438572317, -0.00113929889631, 0.000917179102544, -0.00223449361511, 0.0123088853434, -0.00427392777056, 0.00323368725367, -0.000876868376508, 0.00584835046902, -0.00128514214884, 0.00300570949912], [-0.000695916707627, 0.00088123040041, -0.00171094213147, 0.000468450540211, -0.000772545579821, -0.000798758119345, -0.00427392777056, 0.0157267823815, -0.00585709651932, 0.00135107303504, -0.00243420246989, 0.00164068071172, -0.00258881691843], [0.00122465216555, -0.00118095183279, 0.00227224337868, -0.00276478659362, 0.00138726539444, -0.00204610126093, 0.00323368725367, -0.00585709651932, 0.0190631691366, -0.00706898001954, 0.00412132451311, -0.00321322935633, 0.000813166960143], [-0.000919286801945, 0.00209509278648, -0.00106527749449, 0.00202950742096, -0.00297882803716, 0.00232539069839, -0.000876868376508, 0.00135107303504, -0.00706898001954, 0.0182437077165, -0.00854511931539, 0.00357337133028, -0.000945794512518], [0.0016561767552, -0.00254713371396, 0.00229457463138, -0.00387822231278, 0.00483071757481, -0.00325674237683, 0.00584835046902, -0.00243420246989, 0.00412132451311, -0.00854511931539, 0.020564833656, -0.0100556379184, 0.00564982602373], [-0.00127989170142, 0.00192192476243, -0.00271158665419, 0.00546295428649, -0.00505697121844, 0.00390517222695, -0.00128514214884, 0.00164068071172, -0.00321322935633, 0.00357337133028, -0.0100556379184, 0.0230670981109, -0.00782452337444], [0.00131233502179, -0.00110203714576, 0.00177466333844, -0.00456234300509, 0.00471244053915, -0.00344330072403, 0.00300570949912, -0.00258881691843, 0.000813166960143, -0.000945794512518, 0.00564982602373, -0.00782452337444, 0.0197761487216]]
    },
    "melbands": {
        "mean": [0.000319718295941, 0.00130705267657, 0.000818422529846, 0.000408090505516, 0.000201603048481, 0.0001094450854, 8.95282501006e-005, 5.16702239111e-005, 4.43542376161e-005, 3.41639388353e-005, 6.31635193713e-005, 1.75576496986e-005, 1.30800181068e-005, 1.33333305712e-005, 1.12877032734e-005, 8.02048634796e-006, 8.8282431534e-006, 2.03503586818e-005, 5.68746545468e-005, 1.60743202287e-005, 1.4979847947e-005, 2.79099931504e-005, 1.23682830235e-005, 1.11139925139e-005, 3.12448137265e-005, 2.33728496823e-005, 2.88860428554e-005, 3.34341566486e-005, 1.85716762644e-005, 2.8153819585e-005, 1.78888167284e-005, 1.32941440825e-005, 1.21504335766e-005, 6.15270755588e-006, 7.1310223575e-006, 7.7224603956e-006, 6.30598651696e-006, 5.73865099796e-006, 3.72982549379e-006, 2.20123888539e-006],
        "var": [1.06030036306e-007, 2.49109712058e-006, 7.045675261e-007, 1.93938859638e-007, 5.9717514489e-008, 1.86547435277e-008, 2.19842952731e-008, 8.05323896458e-009, 5.5608455618e-009, 2.93739010893e-009, 2.8202146396e-008, 9.95931004333e-010, 4.65279453854e-010, 7.55536855301e-010, 1.3129063392e-009, 1.2840907504e-010, 1.68488195618e-010, 8.48187187152e-010, 1.06066924133e-008, 5.81041936787e-010, 4.44675574141e-010, 1.9971513332e-009, 3.60199953198e-010, 3.86550902398e-010, 1.91717774989e-009, 9.51487666434e-010, 2.06877093234e-009, 2.96281710277e-009, 1.9058199463e-009, 4.73943950752e-009, 1.21988374957e-009, 6.82607359526e-010, 4.42274689094e-010, 8.91793583424e-011, 1.74082220861e-010, 2.13621398348e-010, 1.27374236158e-010, 1.16627596469e-010, 3.11625655836e-011, 2.46779541246e-011]
    },
    "mfcc": {
        "mean": [-622.175231934, 59.1523475647, 20.1739501953, 44.3179855347, 7.11600923538, 6.73055887222, -0.989177525043, -0.58737975359, 3.6531662941, 7.13701915741, -8.17718315125, -7.90959453583, -4.61211681366],
        "cov": [[2107.09155273, -438.483703613, -274.931243896, -181.111038208, -143.846984863, -50.4713821411, -76.1409759521, -48.2361984253, -60.8894958496, -27.2650260925, -18.7541599274, 17.9983634949, -59.6393623352], [-438.483703613, 645.955749512, 1.9049847126, 23.6965999603, -17.7438240051, -9.65114021301, 11.4815139771, 20.2049007416, -28.6507015228, -27.6953887939, 12.1311569214, 13.2583036423, 19.8280677795], [-274.931243896, 1.9049847126, 346.948760986, 94.0820617676, 58.2122993469, 7.66308403015, 42.1148223877, 20.9789524078, 37.7893867493, 19.6079120636, -4.98349666595, -25.7359771729, -1.53596365452], [-181.111038208, 23.6965999603, 94.0820617676, 194.721115112, 36.4550514221, 31.1810894012, 31.3784370422, 15.6089105606, 31.7254447937, 33.8224220276, 0.985635340214, -17.0192718506, 4.76174974442], [-143.846984863, -17.7438240051, 58.2122993469, 36.4550514221, 196.513092041, 53.6600418091, 27.7991294861, 27.2493896484, 17.3888893127, 3.73833394051, 15.7026586533, 16.3892993927, 20.5769882202], [-50.4713821411, -9.65114021301, 7.66308403015, 31.1810894012, 53.6600418091, 111.36289978, 36.6688194275, 17.9709186554, 28.5256195068, 17.6843204498, -2.07670402527, -1.16363179684, -0.0134935742244], [-76.1409759521, 11.4815139771, 42.1148223877, 31.3784370422, 27.7991294861, 36.6688194275, 103.319709778, 33.5743026733, 22.2430381775, 15.4748983383, 3.24564671516, -11.3210105896, 0.266559094191], [-48.2361984253, 20.2049007416, 20.9789524078, 15.6089105606, 27.2493896484, 17.9709186554, 33.5743026733, 97.7056350708, 36.4369354248, 12.4319448471, -1.45129477978, -15.7916164398, -15.4578523636], [-60.8894958496, -28.6507015228, 37.7893867493, 31.7254447937, 17.3888893127, 28.5256195068, 22.2430381775, 36.4369354248, 106.776855469, 47.2823181152, -5.54174566269, -31.718164444, -10.1759939194], [-27.2650260925, -27.6953887939, 19.6079120636, 33.8224220276, 3.73833394051, 17.6843204498, 15.4748983383, 12.4319448471, 47.2823181152, 90.723236084, 8.54083538055, -21.8309020996, 2.85511922836], [-18.7541599274, 12.1311569214, -4.98349666595, 0.985635340214, 15.7026586533, -2.07670402527, 3.24564671516, -1.45129477978, -5.54174566269, 8.54083538055, 58.3998565674, 23.4585895538, 15.4334468842], [17.9983634949, 13.2583036423, -25.7359771729, -17.0192718506, 16.3892993927, -1.16363179684, -11.3210105896, -15.7916164398, -31.718164444, -21.8309020996, 23.4585895538, 88.8387985229, 28.2502441406], [-59.6393623352, 19.8280677795, -1.53596365452, 4.76174974442, 20.5769882202, -0.0134935742244, 0.266559094191, -15.4578523636, -10.1759939194, 2.85511922836, 15.4334468842, 28.2502441406, 66.4258728027]],
        "icov": [[0.000689118518494, 0.000463252305053, 0.000373751536245, 0.000272442935966, 0.000314336008159, 2.32090314967e-005, 7.05855782144e-005, -4.11750479543e-005, 0.00026448443532, -6.02474538027e-005, 4.78582005599e-005, -0.000188133271877, 0.000474310480058], [0.000463252305053, 0.00197473540902, 0.000246957672061, -0.000159557981533, 0.000577101716772, 1.91873623407e-005, -6.81575402268e-005, -0.000709717627615, 0.000608991249464, 0.000541521818377, -0.000319839600706, -4.69211372547e-005, -0.000335751392413], [0.000373751536245, 0.000246957672061, 0.00386560545303, -0.00132993876468, -0.000863564840984, 0.0011597678531, -0.00104338419624, 0.000250297045568, -0.00062473671278, 0.000180114409886, 0.000395492999814, 0.000428333092714, 0.000399247510359], [0.000272442935966, -0.000159557981533, -0.00132993876468, 0.0067173121497, -0.000292102253297, -0.00107212073635, -0.000533556507435, 0.000148244551383, -0.000147420665598, -0.00170589622576, 8.80543593667e-005, 0.000454828637885, -0.000256294413703], [0.000314336008159, 0.000577101716772, -0.000863564840984, -0.000292102253297, 0.0071076778695, -0.0030582130421, 0.000162205004017, -0.00178902409971, -3.21358747897e-005, 0.00109298562165, -0.00148762250319, -0.000867743452545, -0.00184566027019], [2.32090314967e-005, 1.91873623407e-005, 0.0011597678531, -0.00107212073635, -0.0030582130421, 0.0124764600769, -0.00352684198879, 0.00060657953145, -0.00211393879727, -0.00104541622568, 0.00179295428097, -0.00132305361331, 0.00109117769171], [7.05855782144e-005, -6.81575402268e-005, -0.00104338419624, -0.000533556507435, 0.000162205004017, -0.00352684198879, 0.0128207337111, -0.00351133709773, 0.000348751666024, -0.000360885198461, -0.00113704241812, 0.00117528589908, -0.000988405314274], [-4.11750479543e-005, -0.000709717627615, 0.000250297045568, 0.000148244551383, -0.00178902409971, 0.00060657953145, -0.00351133709773, 0.013883153908, -0.00401832722127, 0.000382730097044, -0.000206651995541, 0.000244001945248, 0.00328138517216], [0.00026448443532, 0.000608991249464, -0.00062473671278, -0.000147420665598, -3.21358747897e-005, -0.00211393879727, 0.000348751666024, -0.00401832722127, 0.0153824575245, -0.00614658975974, 0.000940078753047, 0.00254687224515, 0.000443933298811], [-6.02474538027e-005, 0.000541521818377, 0.000180114409886, -0.00170589622576, 0.00109298562165, -0.00104541622568, -0.000360885198461, 0.000382730097044, -0.00614658975974, 0.0163288284093, -0.00397316087037, 0.00308419112116, -0.00236957101151], [4.78582005599e-005, -0.000319839600706, 0.000395492999814, 8.80543593667e-005, -0.00148762250319, 0.00179295428097, -0.00113704241812, -0.000206651995541, 0.000940078753047, -0.00397316087037, 0.0210408456624, -0.00535896234214, -0.00173581170384], [-0.000188133271877, -4.69211372547e-005, 0.000428333092714, 0.000454828637885, -0.000867743452545, -0.00132305361331, 0.00117528589908, 0.000244001945248, 0.00254687224515, 0.00308419112116, -0.00535896234214, 0.0166607331485, -0.00543994084001], [0.000474310480058, -0.000335751392413, 0.000399247510359, -0.000256294413703, -0.00184566027019, 0.00109117769171, -0.000988405314274, 0.00328138517216, 0.000443933298811, -0.00236957101151, -0.00173581170384, -0.00543994084001, 0.0198342911899]]
    },
    "spectral_contrast_coeffs": {
        "mean": [-0.637119412422, -0.783836007118, -0.81225502491, -0.793371558189, -0.760228276253, -0.712375044823],
        "var": [0.0052036116831, 0.00294651207514, 0.00359191652387, 0.00206780643202, 0.00258409441449, 0.00195406423882]
    },
    "spectral_contrast_valleys": {
        "mean": [-7.35199308395, -7.00628995895, -7.67184352875, -7.80877113342, -7.16388082504, -9.51640892029],
        "var": [0.988831043243, 1.02875089645, 0.982290804386, 1.02440237999, 0.999195635319, 0.964115977287]
    }
},
"metadata": {
    "audio_properties": {
        "analysis_sample_rate": 44100,
        "bit_rate": 113319,
        "equal_loudness": 0,
        "length": 45.0612258911,
        "lossless": 0,
        "replay_gain": -13.2597198486,
        "sample_rate": 44100,
        "codec": "mp3",
        "downmix": "mix",
        "md5_encoded": "3fc1e7a261570d2116f6dbc8bfb524dd"
    },
    "tags": {
        "file_name": "audio\\692.mp3"
    },
    "version": {
        "essentia": "2.1-beta2",
        "essentia_git_sha": "v2.1_beta2",
        "extractor": "music 1.0"
    }
},
"rhythm": {
    "beats_count": 89,
    "beats_loudness": {
        "mean": 0.0174716003239,
        "var": 6.19133061264e-005
    },
    "bpm": 116.981399536,
    "bpm_histogram_first_peak_bpm": {
        "mean": 117,
        "var": 0
    },
    "bpm_histogram_first_peak_spread": {
        "mean": 0.507246375084,
        "var": 0
    },
    "bpm_histogram_first_peak_weight": {
        "mean": 0.386363625526,
        "var": 0
    },
    "bpm_histogram_second_peak_bpm": {
        "mean": 112,
        "var": 0
    },
    "bpm_histogram_second_peak_spread": {
        "mean": 0.125000044703,
        "var": 0
    },
    "bpm_histogram_second_peak_weight": {
        "mean": 0.0795454531908,
        "var": 0
    },
    "danceability": 1.8689866066,
    "onset_rate": 4.3698592186,
    "beats_loudness_band_ratio": {
        "mean": [0.27849572897, 0.178008973598, 0.116085119545, 0.0460948087275, 0.123943254352, 0.337745219469],
        "var": [0.0363108254969, 0.016405608505, 0.00797910336405, 0.00126592500601, 0.00687269028276, 0.0370531119406]
    },
    "beats_position": [0.394739210606, 0.801088392735, 1.23065757751, 1.62539684772, 2.02013611794, 2.40326523781, 2.7863945961, 3.16952371597, 3.56426286697, 3.97061228752, 4.48145103455, 5.00390005112, 5.50312900543, 5.99074840546, 6.5015873909, 7.00081634521, 7.4884352684, 7.98766422272, 8.48689365387, 8.99773216248, 9.49696159363, 10.0078001022, 10.5186395645, 11.0294780731, 11.5403175354, 12.0627660751, 12.5852155685, 13.1076641083, 13.6301136017, 14.1525621414, 14.6750106812, 15.1974601746, 15.7199087143, 16.2539672852, 16.7648067474, 17.2756462097, 17.7980957031, 18.3205432892, 18.8313827515, 19.3422222137, 19.853061676, 20.3755092621, 20.8863487244, 21.3971881866, 21.8964176178, 22.3956451416, 22.8948745728, 23.405714035, 23.9165534973, 24.4273910522, 24.9498405457, 25.4490699768, 25.948299408, 26.4475269318, 26.958366394, 27.4692058563, 27.9916553497, 28.5024929047, 29.0249423981, 29.5357818604, 30.0466213226, 30.5574588776, 31.0682983398, 31.5791378021, 32.1131973267, 32.6240348816, 33.1348762512, 33.6573219299, 34.1797714233, 34.7022209167, 35.2246704102, 35.7355079651, 36.2579574585, 36.7804069519, 37.3144645691, 37.8253059387, 38.3593635559, 38.8702049255, 39.3810424805, 39.8918800354, 40.4491615295, 40.9832191467, 41.5172767639, 42.0281181335, 42.550567627, 43.0730133057, 43.6070747375, 44.1179122925, 44.6403617859]
},
"tonal": {
    "chords_changes_rate": 0.0853909477592,
    "chords_number_rate": 0.00514403311536,
    "chords_strength": {
        "mean": 0.430925428867,
        "var": 0.00650924770162
    },
    "hpcp_entropy": {
        "mean": 2.67721915245,
        "var": 0.570579767227
    },
    "key_strength": 0.42711430788,
    "tuning_diatonic_strength": 0.417962729931,
    "tuning_equal_tempered_deviation": 0.200321599841,
    "tuning_frequency": 436.456176758,
    "tuning_nontempered_energy_ratio": 0.814077615738,
    "hpcp": {
        "mean": [0.252843618393, 0.23848643899, 0.248063996434, 0.25496789813, 0.184297949076, 0.149829432368, 0.192917525768, 0.168963387609, 0.115378901362, 0.115021191537, 0.11405941844, 0.113106772304, 0.147913977504, 0.177165642381, 0.177584022284, 0.14808537066, 0.123448103666, 0.18042126298, 0.198887839913, 0.127041622996, 0.0857610851526, 0.0916620269418, 0.132767111063, 0.195717766881, 0.202323362231, 0.15100440383, 0.124146662652, 0.133500650525, 0.151760786772, 0.193881690502, 0.259309887886, 0.300046652555, 0.264164537191, 0.193505764008, 0.195282310247, 0.238502636552],
        "var": [0.0867393389344, 0.0735018923879, 0.0705033019185, 0.0813760831952, 0.0453856214881, 0.0363474041224, 0.0565233640373, 0.0421142801642, 0.0221380200237, 0.0243895109743, 0.0244488250464, 0.0209487043321, 0.0345300808549, 0.0417142398655, 0.0465881936252, 0.0385871939361, 0.0224541928619, 0.0404490083456, 0.0522778779268, 0.0276480894536, 0.0222042929381, 0.0293375104666, 0.0428907163441, 0.0747845321894, 0.0769622325897, 0.0579726397991, 0.0452671833336, 0.0511738657951, 0.0603356286883, 0.0690087005496, 0.0859926939011, 0.096383921802, 0.0811336562037, 0.0563339702785, 0.0643008351326, 0.0873649418354]
    },
    "chords_histogram": [0, 3.18930029869, 0, 0, 0, 19.4444446564, 0, 0, 2.16049385071, 0.205761313438, 0.308641970158, 0, 0, 0, 46.8106994629, 26.0288066864, 0, 0, 0, 0, 0, 0.823045253754, 0.925925910473, 0.102880656719],
    "thpcp": [1, 0.880411565304, 0.64491891861, 0.650839805603, 0.794885158539, 0.842680990696, 0.794831216335, 0.826751410961, 0.849760830402, 0.61423099041, 0.499353796244, 0.642958462238, 0.563123703003, 0.384536534548, 0.383344352245, 0.380138933659, 0.376963943243, 0.492969930172, 0.590460300446, 0.591854691505, 0.493541151285, 0.411429703236, 0.60131072998, 0.662856400013, 0.423406243324, 0.285825848579, 0.305492579937, 0.442488223314, 0.652291119099, 0.674306333065, 0.503269731998, 0.413757860661, 0.444932967424, 0.505790650845, 0.646171808243, 0.86423188448],
    "chords_key": "D#",
    "chords_scale": "major",
    "key_key": "D",
    "key_scale": "major"
}
}