{
"lowlevel": {
    "average_loudness": 0.937601685524,
    "barkbands_crest": {
        "mean": 11.0016117096,
        "var": 29.1135044098
    },
    "barkbands_flatness_db": {
        "mean": 0.162243142724,
        "var": 0.00716568343341
    },
    "barkbands_kurtosis": {
        "mean": 8.26819610596,
        "var": 312.074951172
    },
    "barkbands_skewness": {
        "mean": 2.09913349152,
        "var": 2.62822341919
    },
    "barkbands_spread": {
        "mean": 22.5309104919,
        "var": 318.028381348
    },
    "dissonance": {
        "mean": 0.448943465948,
        "var": 0.00276691932231
    },
    "dynamic_complexity": 1.60077488422,
    "erbbands_crest": {
        "mean": 8.45264816284,
        "var": 23.9798660278
    },
    "erbbands_flatness_db": {
        "mean": 0.14297889173,
        "var": 0.00386561010964
    },
    "erbbands_kurtosis": {
        "mean": 0.822739899158,
        "var": 7.80812501907
    },
    "erbbands_skewness": {
        "mean": 0.303489118814,
        "var": 0.516569912434
    },
    "erbbands_spread": {
        "mean": 50.9440307617,
        "var": 1136.95068359
    },
    "hfc": {
        "mean": 28.8134632111,
        "var": 757.580566406
    },
    "melbands_crest": {
        "mean": 15.7010278702,
        "var": 46.1834869385
    },
    "melbands_flatness_db": {
        "mean": 0.243512257934,
        "var": 0.0127757759765
    },
    "melbands_kurtosis": {
        "mean": 26.9760684967,
        "var": 1242.99206543
    },
    "melbands_skewness": {
        "mean": 3.69088721275,
        "var": 5.38622713089
    },
    "melbands_spread": {
        "mean": 19.8494281769,
        "var": 452.773162842
    },
    "pitch_salience": {
        "mean": 0.540084302425,
        "var": 0.0187014397234
    },
    "silence_rate_20dB": {
        "mean": 1,
        "var": 0
    },
    "silence_rate_30dB": {
        "mean": 0.954170942307,
        "var": 0.0437289699912
    },
    "silence_rate_60dB": {
        "mean": 0.00257466523908,
        "var": 0.00256808288395
    },
    "spectral_centroid": {
        "mean": 1212.53063965,
        "var": 883682.5625
    },
    "spectral_complexity": {
        "mean": 17.182800293,
        "var": 89.3588867188
    },
    "spectral_decrease": {
        "mean": -1.11172582251e-008,
        "var": 6.82608830592e-017
    },
    "spectral_energy": {
        "mean": 0.0445724800229,
        "var": 0.000973302521743
    },
    "spectral_energyband_high": {
        "mean": 0.00226474343799,
        "var": 1.14029453471e-005
    },
    "spectral_energyband_low": {
        "mean": 0.0265733227134,
        "var": 0.000775637570769
    },
    "spectral_energyband_middle_high": {
        "mean": 0.00393255520612,
        "var": 1.36891194416e-005
    },
    "spectral_energyband_middle_low": {
        "mean": 0.0143102863804,
        "var": 0.000175098146428
    },
    "spectral_entropy": {
        "mean": 7.42926359177,
        "var": 0.507565677166
    },
    "spectral_flux": {
        "mean": 0.105813197792,
        "var": 0.00307317846455
    },
    "spectral_kurtosis": {
        "mean": 5.83219385147,
        "var": 55.0144119263
    },
    "spectral_rms": {
        "mean": 0.00623720185831,
        "var": 4.58257454738e-006
    },
    "spectral_rolloff": {
        "mean": 1719.87915039,
        "var": 6725378.5
    },
    "spectral_skewness": {
        "mean": 1.81943464279,
        "var": 1.03643798828
    },
    "spectral_spread": {
        "mean": 5833001,
        "var": 7.66415837594e+012
    },
    "spectral_strongpeak": {
        "mean": 0.800428748131,
        "var": 3.18473243713
    },
    "zerocrossingrate": {
        "mean": 0.0715138465166,
        "var": 0.00420593516901
    },
    "barkbands": {
        "mean": [0.000791479600593, 0.0176529679447, 0.00572548573837, 0.00488839717582, 0.00430086953565, 0.00136459758505, 0.00175577960908, 0.000799889676273, 0.000986744067632, 0.000884689914528, 0.00109796761535, 0.000529780634679, 0.000379498233087, 0.000186277917237, 0.000168948958162, 8.1865269749e-005, 0.000166732119396, 9.89910768112e-005, 0.000263876310783, 0.000356645934517, 0.000543432252016, 0.000401357072406, 0.000270421791356, 0.000321204832289, 0.000314435805194, 0.000226718912018, 1.3501581634e-005],
        "var": [1.06497645902e-006, 0.000541399407666, 8.61950902618e-005, 4.16555558331e-005, 5.31031728315e-005, 2.37962262872e-006, 5.81048743697e-006, 1.61093544193e-006, 2.48081209975e-006, 1.30846717639e-006, 4.34422554463e-006, 9.40176562381e-007, 2.55682323314e-007, 1.59621009743e-007, 7.15348775771e-008, 1.80400370198e-008, 7.23352613363e-008, 2.69494027094e-008, 2.32454880233e-007, 6.80689140609e-007, 1.50943697008e-006, 3.87730580087e-007, 2.46266068871e-007, 2.46027582307e-007, 2.70156363058e-007, 1.80210648182e-007, 7.55776607964e-010]
    },
    "erbbands": {
        "mean": [0.655660629272, 3.40237903595, 6.30894613266, 12.361161232, 14.9670543671, 15.2575025558, 11.0383319855, 12.1153364182, 20.6290092468, 23.2030944824, 20.8875408173, 23.7511844635, 19.3875751495, 55.330909729, 25.5088119507, 20.5620307922, 18.9488124847, 10.760389328, 7.88215875626, 8.19588851929, 4.95334529877, 9.20534610748, 6.32870197296, 9.56994533539, 14.7155723572, 17.5716991425, 23.7780036926, 17.6771354675, 15.2479095459, 11.6688318253, 6.15899372101, 5.71297740936, 5.88378143311, 3.56198406219, 2.31626152992, 1.15694499016, 0.373104572296, 0.0584401972592, 0.00149504363071, 9.81967023108e-005],
        "var": [0.786382734776, 21.2058830261, 85.0317077637, 256.000946045, 539.185546875, 692.500549316, 172.459777832, 201.815292358, 527.684814453, 889.783325195, 895.201538086, 1568.16247559, 635.137756348, 7249.94921875, 1915.98510742, 963.680419922, 592.802246094, 490.857574463, 105.645645142, 176.862426758, 51.3348808289, 230.998657227, 97.6207733154, 250.671066284, 742.737304688, 1631.06604004, 4877.50439453, 841.179931641, 574.196228027, 455.294677734, 101.607185364, 73.8938903809, 92.659362793, 32.0385818481, 17.4631576538, 4.28095388412, 0.581806719303, 0.0132636204362, 8.4038138084e-006, 8.34985058873e-009]
    },
    "gfcc": {
        "mean": [13.0806474686, 85.3495101929, -84.8715438843, 27.0297775269, -66.7140655518, 26.0696163177, -29.0105323792, 12.0749921799, -27.6304779053, 7.41739368439, -10.9696826935, 2.11897730827, -7.28350782394],
        "cov": [[6493.56884766, -2509.48974609, -469.560699463, 518.451171875, -667.976745605, -315.516326904, -487.173858643, -39.3421859741, -486.265411377, 203.612197876, -652.833435059, 277.468414307, -318.503082275], [-2509.48974609, 3465.68481445, 732.392028809, 36.0439605713, 866.386413574, 504.041931152, 446.483764648, -39.2821578979, 272.90020752, -348.273620605, 501.635009766, -369.765289307, 217.471755981], [-469.560699463, 732.392028809, 1482.05761719, 359.31729126, 619.818115234, 250.170013428, 87.7129135132, -35.9794845581, -149.837966919, -99.0247039795, -109.792701721, -75.0347137451, -145.504974365], [518.451171875, 36.0439605713, 359.31729126, 655.521850586, 197.565093994, -13.6554794312, 16.5692157745, -48.4164619446, -77.5929260254, -69.9400100708, -119.463668823, -28.48777771, -68.1334762573], [-667.976745605, 866.386413574, 619.818115234, 197.565093994, 517.818054199, 214.237091064, 149.621124268, -15.8652276993, 21.9101448059, -86.5610122681, 35.3768806458, -78.5849761963, -16.7068424225], [-315.516326904, 504.041931152, 250.170013428, -13.6554794312, 214.237091064, 247.744277954, 116.377891541, 38.9396400452, 30.890247345, -39.4258232117, 89.2519607544, -50.0199966431, 21.6736869812], [-487.173858643, 446.483764648, 87.7129135132, 16.5692157745, 149.621124268, 116.377891541, 169.924804688, 49.5405464172, 92.1464309692, -24.5009117126, 104.294662476, -37.0551109314, 42.0143318176], [-39.3421859741, -39.2821578979, -35.9794845581, -48.4164619446, -15.8652276993, 38.9396400452, 49.5405464172, 100.814804077, 53.2618370056, 24.6455631256, 31.9897823334, 11.9403162003, 12.4026346207], [-486.265411377, 272.90020752, -149.837966919, -77.5929260254, 21.9101448059, 30.890247345, 92.1464309692, 53.2618370056, 165.073104858, 13.3972768784, 117.687957764, -34.5814285278, 62.5255737305], [203.612197876, -348.273620605, -99.0247039795, -69.9400100708, -86.5610122681, -39.4258232117, -24.5009117126, 24.6455631256, 13.3972768784, 104.413398743, -9.20380020142, 58.6100463867, -13.5158061981], [-652.833435059, 501.635009766, -109.792701721, -119.463668823, 35.3768806458, 89.2519607544, 104.294662476, 31.9897823334, 117.687957764, -9.20380020142, 225.461608887, -30.0742931366, 98.5546112061], [277.468414307, -369.765289307, -75.0347137451, -28.48777771, -78.5849761963, -50.0199966431, -37.0551109314, 11.9403162003, -34.5814285278, 58.6100463867, -30.0742931366, 111.426818848, -1.32670092583], [-318.503082275, 217.471755981, -145.504974365, -68.1334762573, -16.7068424225, 21.6736869812, 42.0143318176, 12.4026346207, 62.5255737305, -13.5158061981, 98.5546112061, -1.32670092583, 102.193222046]],
        "icov": [[0.0004005326482, -0.000234528837609, 0.000296729267575, -0.000522746646311, 0.00063528958708, -0.000748822465539, 0.000450109946541, -0.00031180496444, 0.00056609098101, -0.000812814687379, 0.000923236482777, -0.000555117090698, 0.000585422210861], [-0.000234528837609, 0.00203503435478, -0.00041240992141, 0.000802058551926, -0.00237925769761, 0.000765505596064, -0.000928915222175, 0.00109349074773, -0.000570070231333, 0.00330191850662, -0.00317140039988, 0.00271609774791, -0.00153694453184], [0.000296729267575, -0.00041240992141, 0.00230973493308, -0.000585079775192, -0.00171267543919, -0.00077318015974, 0.000614006014075, -0.00128546427004, 0.00259339739569, -0.00132536247838, 0.000763554126024, -0.000182952222531, 0.00198780279607], [-0.000522746646311, 0.000802058551926, -0.000585079775192, 0.00306642055511, -0.0021254979074, 0.00220862333663, -0.00185942964163, 0.000811376492493, -0.00023773421708, 0.00271195289679, -0.000987385283224, 0.00136413425207, -0.000800519308541], [0.00063528958708, -0.00237925769761, -0.00171267543919, -0.0021254979074, 0.0109713980928, -0.0050698807463, -0.00158792501315, 0.00276824994944, -0.00298705743626, -0.00217983452603, 0.0055308486335, -0.00479476153851, 0.00251639494672], [-0.000748822465539, 0.000765505596064, -0.00077318015974, 0.00220862333663, -0.0050698807463, 0.0118729583919, -0.00386491161771, -0.00375080481172, 0.00402504019439, 0.0012485512998, -0.00517833419144, 0.00448919273913, -0.00213925819844], [0.000450109946541, -0.000928915222175, 0.000614006014075, -0.00185942964163, -0.00158792501315, -0.00386491161771, 0.0175236035138, -0.00520532019436, -0.00460000662133, -9.65912768152e-005, -0.0012676557526, -0.00244202790782, 0.000994064263068], [-0.00031180496444, 0.00109349074773, -0.00128546427004, 0.000811376492493, 0.00276824994944, -0.00375080481172, -0.00520532019436, 0.0182441417128, -0.00762380054221, 0.00156010664068, 0.000699699099641, -0.0026594272349, 0.0007473405567], [0.00056609098101, -0.000570070231333, 0.00259339739569, -0.00023773421708, -0.00298705743626, 0.00402504019439, -0.00460000662133, -0.00762380054221, 0.0211238469929, -0.00863355677575, -0.00278519187123, 0.00767769943923, -0.00329454755411], [-0.000812814687379, 0.00330191850662, -0.00132536247838, 0.00271195289679, -0.00217983452603, 0.0012485512998, -9.65912768152e-005, 0.00156010664068, -0.00863355677575, 0.0256142709404, -0.00643179100007, -0.00623022811487, 0.00438221311197], [0.000923236482777, -0.00317140039988, 0.000763554126024, -0.000987385283224, 0.0055308486335, -0.00517833419144, -0.0012676557526, 0.000699699099641, -0.00278519187123, -0.00643179100007, 0.0181779712439, -0.00410730671138, -0.00423676194623], [-0.000555117090698, 0.00271609774791, -0.000182952222531, 0.00136413425207, -0.00479476153851, 0.00448919273913, -0.00244202790782, -0.0026594272349, 0.00767769943923, -0.00623022811487, -0.00410730671138, 0.0221517458558, -0.00854316167533], [0.000585422210861, -0.00153694453184, 0.00198780279607, -0.000800519308541, 0.00251639494672, -0.00213925819844, 0.000994064263068, 0.0007473405567, -0.00329454755411, 0.00438221311197, -0.00423676194623, -0.00854316167533, 0.0241132173687]]
    },
    "melbands": {
        "mean": [0.00532816210762, 0.00369674433023, 0.00230391416699, 0.00105275562964, 0.000465747172711, 0.000267732481007, 0.000349927606294, 0.000241455229116, 0.000177533467649, 0.000138322357088, 9.02847168618e-005, 0.000217113163671, 0.000103077640233, 6.64397957735e-005, 4.44914840045e-005, 3.23752319673e-005, 1.94432486751e-005, 1.13150008474e-005, 1.40330021168e-005, 6.9475008786e-006, 5.58914052817e-006, 9.39043911785e-006, 7.79088895797e-006, 4.64653339804e-006, 7.70871793065e-006, 1.11135932457e-005, 1.08651593109e-005, 1.08857475425e-005, 1.85523986147e-005, 8.81790765561e-006, 1.0634433238e-005, 8.5914043666e-006, 7.69270718592e-006, 6.2083058765e-006, 3.20096069117e-006, 3.53728273694e-006, 3.44922023032e-006, 4.23929168392e-006, 3.37594156008e-006, 2.90903585665e-006],
        "var": [5.10826757818e-005, 2.0331433916e-005, 8.09191169537e-006, 3.54446683559e-006, 3.00080017723e-007, 9.74775105078e-008, 1.75974946615e-007, 8.66801173061e-008, 6.38777351014e-008, 5.51005534533e-008, 1.55004826752e-008, 1.06556505841e-007, 3.10624201916e-008, 1.60274513661e-008, 3.06457859089e-009, 1.71474656696e-009, 2.31088326252e-009, 2.43169734349e-010, 6.74802047573e-010, 1.14588193101e-010, 7.47536754719e-011, 2.52027676506e-010, 1.6392139035e-010, 5.08602326921e-011, 1.74692316168e-010, 5.75786029966e-010, 4.74264405526e-010, 6.98651303477e-010, 4.72450567557e-009, 1.95847935092e-010, 3.18069903749e-010, 2.04136721416e-010, 1.5299327083e-010, 1.75637296373e-010, 2.97174299058e-011, 3.11012153531e-011, 2.88930823711e-011, 5.17511866693e-011, 3.0761754255e-011, 2.26155934258e-011]
    },
    "mfcc": {
        "mean": [-639.217956543, 119.179527283, 32.6949081421, 12.5936555862, -3.08932733536, 8.48424816132, 11.3795919418, 3.40444111824, 1.03313148022, 0.027894616127, 0.673367261887, 1.86115396023, 3.65660476685],
        "cov": [[4889.78759766, -2766.16650391, -501.120300293, 241.595993042, -590.950073242, -255.416564941, -531.655151367, -297.846313477, -81.3920593262, -222.543258667, -92.3315200806, -158.198257446, -333.611999512], [-2766.16650391, 2888.11230469, 513.683349609, 4.19220733643, 655.456970215, 368.07409668, 539.516418457, 309.491546631, 63.4566574097, 167.356399536, 37.8998451233, 79.0498046875, 195.439041138], [-501.120300293, 513.683349609, 742.227844238, 301.773010254, 398.185638428, 227.02003479, 245.85333252, 100.861022949, 42.2187347412, -39.4611434937, -0.57815605402, -10.3069677353, -10.0975160599], [241.595993042, 4.19220733643, 301.773010254, 583.771972656, 230.645141602, 171.865386963, 66.0924758911, 62.0026817322, 26.4232215881, -32.2696304321, -8.77506542206, -48.2450141907, -101.460212708], [-590.950073242, 655.456970215, 398.185638428, 230.645141602, 401.710784912, 229.323959351, 215.490463257, 113.646499634, 44.5019874573, 6.20236444473, 11.9229850769, 0.776456832886, 2.4396982193], [-255.416564941, 368.07409668, 227.02003479, 171.865386963, 229.323959351, 212.278335571, 150.388702393, 76.8406143188, 32.224193573, 4.3534412384, 10.2057418823, 3.81882309914, 1.5358402729], [-531.655151367, 539.516418457, 245.85333252, 66.0924758911, 215.490463257, 150.388702393, 230.841720581, 114.644813538, 27.1301994324, 28.6473274231, 14.2989645004, 23.0095081329, 57.4079742432], [-297.846313477, 309.491546631, 100.861022949, 62.0026817322, 113.646499634, 76.8406143188, 114.644813538, 127.534309387, 46.097038269, 41.4376220703, 21.9914569855, 11.4470033646, 28.2617969513], [-81.3920593262, 63.4566574097, 42.2187347412, 26.4232215881, 44.5019874573, 32.224193573, 27.1301994324, 46.097038269, 79.9657821655, 33.9422416687, 21.4448890686, 14.6243238449, -3.16085386276], [-222.543258667, 167.356399536, -39.4611434937, -32.2696304321, 6.20236444473, 4.3534412384, 28.6473274231, 41.4376220703, 33.9422416687, 102.963363647, 40.3566513062, 18.9066352844, 25.8514156342], [-92.3315200806, 37.8998451233, -0.57815605402, -8.77506542206, 11.9229850769, 10.2057418823, 14.2989645004, 21.9914569855, 21.4448890686, 40.3566513062, 72.9326248169, 30.0402469635, 12.4687013626], [-158.198257446, 79.0498046875, -10.3069677353, -48.2450141907, 0.776456832886, 3.81882309914, 23.0095081329, 11.4470033646, 14.6243238449, 18.9066352844, 30.0402469635, 71.8052520752, 49.799823761], [-333.611999512, 195.439041138, -10.0975160599, -101.460212708, 2.4396982193, 1.5358402729, 57.4079742432, 28.2617969513, -3.16085386276, 25.8514156342, 12.4687013626, 49.799823761, 126.527954102]],
        "icov": [[0.000529030861799, 0.00042563790339, 0.000134381101816, -0.000158428927534, 0.000305069203023, -0.000417881528847, -4.84572483401e-005, -7.60063194321e-005, 9.29013403947e-005, 0.000240917826886, 0.00016579174553, 0.000125564984046, 0.000546599796508], [0.00042563790339, 0.00124464451801, 0.000260938191786, 0.000339054327924, -0.00125567114446, -0.000258879677858, -0.000695333292242, -0.000662199163344, 0.0008521671989, -0.000980300712399, 0.000865306996275, -0.000236325126025, 0.00021252395527], [0.000134381101816, 0.000260938191786, 0.00372313032858, -0.00084608263569, -0.00275066262111, 0.00124195194803, -0.00318935071118, 0.0016080448404, -0.00134903588332, 0.00190978869796, -0.000568088551518, 0.000668842811137, 6.46164553473e-005], [-0.000158428927534, 0.000339054327924, -0.00084608263569, 0.00359919946641, -0.00142635894008, -0.00205981498584, 0.0020096541848, -0.0022904209327, 0.00126779114362, -0.000598601822276, 0.000570189324208, -6.47345295874e-005, 0.00165271689184], [0.000305069203023, -0.00125567114446, -0.00275066262111, -0.00142635894008, 0.0130121642724, -0.00607367465273, -0.00154678919353, -8.41931687319e-005, -0.00144576316234, 0.00155462627299, -0.00109684548806, 0.000787621131167, 0.00136840925552], [-0.000417881528847, -0.000258879677858, 0.00124195194803, -0.00205981498584, -0.00607367465273, 0.0158741697669, -0.00661273766309, 0.00209543225355, -0.0023629295174, 0.00127832300495, -0.00110157427844, -0.000306516420096, 0.000111133682367], [-4.84572483401e-005, -0.000695333292242, -0.00318935071118, 0.0020096541848, -0.00154678919353, -0.00661273766309, 0.0199229884893, -0.00982412789017, 0.00438501965255, -0.00170790764969, 0.00166875054128, -0.00160973274615, -0.00350410188548], [-7.60063194321e-005, -0.000662199163344, 0.0016080448404, -0.0022904209327, -8.41931687319e-005, 0.00209543225355, -0.00982412789017, 0.0209268555045, -0.00875952746719, -0.00115507666487, -0.0026100340765, 0.00374956079759, -0.00232800282538], [9.29013403947e-005, 0.0008521671989, -0.00134903588332, 0.00126779114362, -0.00144576316234, -0.0023629295174, 0.00438501965255, -0.00875952746719, 0.0210075583309, -0.00603792862967, 0.00101805524901, -0.00565456831828, 0.00374485971406], [0.000240917826886, -0.000980300712399, 0.00190978869796, -0.000598601822276, 0.00155462627299, 0.00127832300495, -0.00170790764969, -0.00115507666487, -0.00603792862967, 0.0182092115283, -0.00829568319023, 0.00303128035739, -0.00143756263424], [0.00016579174553, 0.000865306996275, -0.000568088551518, 0.000570189324208, -0.00109684548806, -0.00110157427844, 0.00166875054128, -0.0026100340765, 0.00101805524901, -0.00829568319023, 0.0220417194068, -0.00939447432756, 0.00261861272156], [0.000125564984046, -0.000236325126025, 0.000668842811137, -6.47345295874e-005, 0.000787621131167, -0.000306516420096, -0.00160973274615, 0.00374956079759, -0.00565456831828, 0.00303128035739, -0.00939447432756, 0.0250462330878, -0.00911374203861], [0.000546599796508, 0.00021252395527, 6.46164553473e-005, 0.00165271689184, 0.00136840925552, 0.000111133682367, -0.00350410188548, -0.00232800282538, 0.00374485971406, -0.00143756263424, 0.00261861272156, -0.00911374203861, 0.0161451604217]]
    },
    "spectral_contrast_coeffs": {
        "mean": [-0.657156169415, -0.735779106617, -0.743005275726, -0.780299246311, -0.79248803854, -0.749994933605],
        "var": [0.00587644800544, 0.00633953278884, 0.00612742127851, 0.00239309365861, 0.0021120866295, 0.00187159224879]
    },
    "spectral_contrast_valleys": {
        "mean": [-6.84174489975, -6.55130720139, -7.25533485413, -8.05506324768, -7.94767665863, -10.095705986],
        "var": [2.19379281998, 1.20620191097, 1.05449128151, 1.09115052223, 1.5056810379, 1.9894207716]
    }
},
"metadata": {
    "audio_properties": {
        "analysis_sample_rate": 44100,
        "bit_rate": 109457,
        "equal_loudness": 0,
        "length": 45.0612258911,
        "lossless": 0,
        "replay_gain": -10.2451839447,
        "sample_rate": 44100,
        "codec": "mp3",
        "downmix": "mix",
        "md5_encoded": "05e366a22c264dea14176ee4339af063"
    },
    "tags": {
        "file_name": "audio\\693.mp3"
    },
    "version": {
        "essentia": "2.1-beta2",
        "essentia_git_sha": "v2.1_beta2",
        "extractor": "music 1.0"
    }
},
"rhythm": {
    "beats_count": 90,
    "beats_loudness": {
        "mean": 0.0497665926814,
        "var": 0.000905382737983
    },
    "bpm": 126.150192261,
    "bpm_histogram_first_peak_bpm": {
        "mean": 126,
        "var": 0
    },
    "bpm_histogram_first_peak_spread": {
        "mean": 0.489361703396,
        "var": 0
    },
    "bpm_histogram_first_peak_weight": {
        "mean": 0.26966291666,
        "var": 0
    },
    "bpm_histogram_second_peak_bpm": {
        "mean": 117,
        "var": 0
    },
    "bpm_histogram_second_peak_spread": {
        "mean": 0.405405402184,
        "var": 0
    },
    "bpm_histogram_second_peak_weight": {
        "mean": 0.247191011906,
        "var": 0
    },
    "danceability": 1.14312505722,
    "onset_rate": 3.90403676033,
    "beats_loudness_band_ratio": {
        "mean": [0.598511278629, 0.121950723231, 0.110352031887, 0.0850113853812, 0.0211681034416, 0.0930576846004],
        "var": [0.0860008299351, 0.0109151201323, 0.0111878709868, 0.00643919035792, 0.000865978305228, 0.0192598346621]
    },
    "beats_position": [0.487619042397, 0.99845802784, 1.50929701328, 2.02013611794, 2.54258489609, 3.06503391266, 3.5758728981, 4.08671188354, 4.59755086899, 5.10838985443, 5.61922883987, 6.13006782532, 6.64090681076, 7.1517457962, 7.66258478165, 8.17342376709, 8.68426322937, 9.19510173798, 9.70594120026, 10.2051696777, 10.7043991089, 11.1920175552, 11.6796369553, 12.1788663864, 12.6780948639, 13.1889343262, 13.6765527725, 14.1641721725, 14.6517915726, 15.1394100189, 15.6386394501, 16.1262588501, 16.602268219, 17.0782756805, 17.5542850494, 18.0302944183, 18.5179138184, 18.9939231873, 19.4815406799, 19.9923801422, 20.5032196045, 21.0604991913, 21.6293869019, 22.1982765198, 22.7439460754, 23.2896137238, 23.800453186, 24.2996826172, 24.7989120483, 25.3097496033, 25.8205890656, 26.3198184967, 26.7842178345, 27.2486171722, 27.7130146027, 28.1774139404, 28.6766433716, 29.1758728027, 29.6751022339, 30.1511096954, 30.6271190643, 31.1031284332, 31.6023578644, 32.1015853882, 32.5775947571, 33.053604126, 33.5296134949, 34.0056228638, 34.4816322327, 34.9460296631, 35.4104309082, 35.8748283386, 36.3508377075, 36.8384590149, 37.3144645691, 37.7788658142, 38.2548751831, 38.730884552, 39.1952819824, 39.6596832275, 40.124080658, 40.5884780884, 41.0644874573, 41.5404968262, 42.0165061951, 42.492515564, 42.9685249329, 43.4445343018, 43.9205436707, 44.4081611633]
},
"tonal": {
    "chords_changes_rate": 0.0658436194062,
    "chords_number_rate": 0.0144032919779,
    "chords_strength": {
        "mean": 0.403532445431,
        "var": 0.00773279741406
    },
    "hpcp_entropy": {
        "mean": 2.22317409515,
        "var": 0.576432526112
    },
    "key_strength": 0.498457312584,
    "tuning_diatonic_strength": 0.307035058737,
    "tuning_equal_tempered_deviation": 0.088183902204,
    "tuning_frequency": 440.508636475,
    "tuning_nontempered_energy_ratio": 0.721322417259,
    "hpcp": {
        "mean": [0.233655482531, 0.170400708914, 0.217845156789, 0.303506135941, 0.219148144126, 0.145509749651, 0.153885304928, 0.133356064558, 0.142745450139, 0.149004012346, 0.106133237481, 0.12063973397, 0.143433615565, 0.104853846133, 0.0998150631785, 0.114736840129, 0.105107054114, 0.125120520592, 0.135622084141, 0.115612573922, 0.191927790642, 0.251657158136, 0.168310582638, 0.119237661362, 0.108630083501, 0.0814880654216, 0.0881848484278, 0.0950728803873, 0.08072129637, 0.105617903173, 0.140860304236, 0.119907751679, 0.12908808887, 0.200887694955, 0.242574363947, 0.251079171896],
        "var": [0.087145395577, 0.0560695976019, 0.0670860111713, 0.118887923658, 0.0732895359397, 0.0520926341414, 0.0536933876574, 0.0515967234969, 0.0625697299838, 0.0595134831965, 0.0333435088396, 0.0504413358867, 0.0664300099015, 0.0391636379063, 0.0303712971509, 0.0355455130339, 0.0294161420316, 0.0470027066767, 0.0550831742585, 0.0341319777071, 0.0607343539596, 0.109389781952, 0.052771769464, 0.0397785753012, 0.032732822001, 0.0230442844331, 0.0334389135242, 0.0336057953537, 0.0251480899751, 0.028119623661, 0.047171484679, 0.0402098372579, 0.0544639453292, 0.0922141894698, 0.10713737458, 0.0949932858348]
    },
    "chords_histogram": [11.0082302094, 0.514403283596, 1.95473253727, 1.33744859695, 7.40740728378, 5.76131677628, 0, 7.51028823853, 0, 10.8024692535, 6.99588489532, 2.57201647758, 0, 0, 11.9341564178, 2.67489719391, 0, 0.205761313438, 0.102880656719, 0, 0, 20.6790122986, 6.79012346268, 1.74897122383],
    "thpcp": [1, 0.722055077553, 0.479429364204, 0.507025361061, 0.439385056496, 0.47032147646, 0.490942329168, 0.349690586329, 0.397486954927, 0.472588837147, 0.345475196838, 0.328873306513, 0.378037959337, 0.346309483051, 0.412250369787, 0.446851223707, 0.380923360586, 0.63236874342, 0.829166650772, 0.55455416441, 0.392867386341, 0.357917249203, 0.268489032984, 0.290553748608, 0.313248634338, 0.265962660313, 0.347992658615, 0.464110225439, 0.395075201988, 0.425322830677, 0.661890089512, 0.799240410328, 0.827262282372, 0.76985424757, 0.561440765858, 0.717761933804],
    "chords_key": "A",
    "chords_scale": "major",
    "key_key": "G#",
    "key_scale": "minor"
}
}