{
"lowlevel": {
    "average_loudness": 0.956451356411,
    "barkbands_crest": {
        "mean": 8.36657714844,
        "var": 16.0464000702
    },
    "barkbands_flatness_db": {
        "mean": 0.109911672771,
        "var": 0.00179898401257
    },
    "barkbands_kurtosis": {
        "mean": 2.43040776253,
        "var": 30.0516967773
    },
    "barkbands_skewness": {
        "mean": 1.06853067875,
        "var": 1.13480484486
    },
    "barkbands_spread": {
        "mean": 21.7758197784,
        "var": 141.142028809
    },
    "dissonance": {
        "mean": 0.469537287951,
        "var": 0.000492061139084
    },
    "dynamic_complexity": 3.36301016808,
    "erbbands_crest": {
        "mean": 8.50059700012,
        "var": 19.4014415741
    },
    "erbbands_flatness_db": {
        "mean": 0.15871489048,
        "var": 0.00188248185441
    },
    "erbbands_kurtosis": {
        "mean": 0.622999846935,
        "var": 3.25730848312
    },
    "erbbands_skewness": {
        "mean": 0.420310854912,
        "var": 0.41731441021
    },
    "erbbands_spread": {
        "mean": 33.2929878235,
        "var": 239.999435425
    },
    "hfc": {
        "mean": 16.8734302521,
        "var": 301.302032471
    },
    "melbands_crest": {
        "mean": 11.0792016983,
        "var": 22.5740089417
    },
    "melbands_flatness_db": {
        "mean": 0.149711772799,
        "var": 0.00295667233877
    },
    "melbands_kurtosis": {
        "mean": 7.7095990181,
        "var": 194.611709595
    },
    "melbands_skewness": {
        "mean": 1.83974707127,
        "var": 1.98870134354
    },
    "melbands_spread": {
        "mean": 29.0638103485,
        "var": 422.376708984
    },
    "pitch_salience": {
        "mean": 0.619386732578,
        "var": 0.00863556843251
    },
    "silence_rate_20dB": {
        "mean": 1,
        "var": 0
    },
    "silence_rate_30dB": {
        "mean": 0.984045267105,
        "var": 0.0156997106969
    },
    "silence_rate_60dB": {
        "mean": 0.128667011857,
        "var": 0.112112104893
    },
    "spectral_centroid": {
        "mean": 1512.25341797,
        "var": 549918.875
    },
    "spectral_complexity": {
        "mean": 17.8239841461,
        "var": 98.5156173706
    },
    "spectral_decrease": {
        "mean": -5.12923525875e-009,
        "var": 4.91393789728e-017
    },
    "spectral_energy": {
        "mean": 0.0208893697709,
        "var": 0.000769287580624
    },
    "spectral_energyband_high": {
        "mean": 0.000562590896152,
        "var": 3.648631548e-007
    },
    "spectral_energyband_low": {
        "mean": 0.00379187287763,
        "var": 9.18177684071e-005
    },
    "spectral_energyband_middle_high": {
        "mean": 0.00595433358103,
        "var": 4.75468768855e-005
    },
    "spectral_energyband_middle_low": {
        "mean": 0.0114479772747,
        "var": 0.000458558497485
    },
    "spectral_entropy": {
        "mean": 7.75664663315,
        "var": 0.0876252651215
    },
    "spectral_flux": {
        "mean": 0.0857924222946,
        "var": 0.00362201430835
    },
    "spectral_kurtosis": {
        "mean": 3.45958948135,
        "var": 3.16822528839
    },
    "spectral_rms": {
        "mean": 0.00390769913793,
        "var": 5.10976315127e-006
    },
    "spectral_rolloff": {
        "mean": 1826.85742188,
        "var": 2347493
    },
    "spectral_skewness": {
        "mean": 1.40730917454,
        "var": 0.118471726775
    },
    "spectral_spread": {
        "mean": 4491194.5,
        "var": 2.31902098227e+012
    },
    "spectral_strongpeak": {
        "mean": 1.12362265587,
        "var": 1.59993648529
    },
    "zerocrossingrate": {
        "mean": 0.0748145878315,
        "var": 0.00152434641495
    },
    "barkbands": {
        "mean": [2.04158077395e-005, 0.00156512181275, 0.00146036793012, 0.00130817806348, 0.0038856936153, 0.00173395080492, 0.00182391062845, 0.00133845012169, 0.00111047830433, 0.000948602682911, 0.00103451893665, 0.00127253495157, 0.00087327149231, 0.000340240367223, 0.000489683530759, 0.000351989379851, 0.000214639498154, 0.000233463098994, 0.000218342975131, 0.000182639967534, 0.000166907804669, 0.000120304546726, 8.792058361e-005, 6.31329676253e-005, 2.90891493933e-005, 1.49338156916e-005, 5.99768441134e-007],
        "var": [1.12258013996e-009, 1.84078799066e-005, 1.9218552552e-005, 7.69566486269e-006, 0.000200879279873, 1.0967117305e-005, 1.46518386828e-005, 8.92783100426e-006, 2.53646476267e-006, 4.42674718215e-006, 3.68610744772e-006, 4.2656961341e-006, 3.26114582094e-006, 4.75232809549e-007, 1.43526074226e-006, 5.10701113399e-007, 2.19944951141e-007, 1.53352502252e-007, 1.57484834062e-007, 4.67899745615e-008, 3.78870694817e-008, 1.98971026322e-008, 1.15264047196e-008, 7.00299507272e-009, 2.2534909494e-009, 1.22780485778e-009, 3.92511934413e-012]
    },
    "erbbands": {
        "mean": [0.0393182598054, 0.388222694397, 1.41368305683, 3.56641292572, 6.09425354004, 17.325548172, 16.2766304016, 12.6485929489, 22.717464447, 26.2333011627, 30.0419998169, 23.7888679504, 27.0417556763, 41.507183075, 45.3362541199, 44.877155304, 43.1643180847, 22.6033210754, 24.7709369659, 19.6422386169, 19.1981277466, 11.9920339584, 12.4849653244, 11.1804304123, 12.2218046188, 8.30547618866, 6.77209663391, 6.4734082222, 4.58532381058, 3.32079339027, 2.28874897957, 1.55843007565, 0.9066208601, 0.399894356728, 0.172741577029, 0.0839967280626, 0.0228932127357, 0.00321854208596, 9.09650843823e-005, 2.79527503153e-005],
        "var": [0.0106707597151, 1.1798812151, 16.3789215088, 70.2279205322, 222.641387939, 4755.58203125, 1595.52294922, 449.610137939, 2254.01855469, 2325.90161133, 5089.4765625, 1242.98144531, 2402.75732422, 5970.34570313, 6831.86816406, 4740.63769531, 7499.34082031, 1073.6505127, 3433.85424805, 2209.14428711, 1603.64416504, 500.294311523, 504.589935303, 206.928878784, 573.950561523, 103.382530212, 62.1051864624, 59.1909179688, 29.3486232758, 15.4428138733, 7.6570148468, 4.4482884407, 1.44053304195, 0.36943307519, 0.0953684151173, 0.0342500023544, 0.00286652264185, 8.04690935183e-005, 5.17298168745e-008, 1.0997939226e-009]
    },
    "gfcc": {
        "mean": [-12.5884447098, 80.6998214722, -137.682739258, 25.0262451172, -74.30052948, 16.8037643433, -37.2588882446, 5.32211351395, -27.1288490295, 2.75741577148, -15.5862941742, -0.159138143063, -13.0681333542],
        "cov": [[6923.62597656, 902.298217773, -54.3352508545, 39.2337799072, -251.870620728, -208.325485229, -368.778869629, -316.436859131, -209.572357178, -86.8222351074, -10.7465343475, -32.2039642334, -96.0758132935], [902.298217773, 1162.53710938, 159.120941162, 24.8899765015, 85.3568344116, -54.2460861206, -39.1798439026, -194.612411499, -12.384894371, -143.299026489, 38.9579772949, -109.057479858, 35.9475746155], [-54.3352508545, 159.120941162, 808.666809082, 319.187866211, 137.090133667, 70.5830001831, 32.5262832642, 38.4027366638, -35.4341659546, 39.3900985718, -16.7486381531, 7.18396806717, -69.5111999512], [39.2337799072, 24.8899765015, 319.187866211, 456.005493164, 82.4036102295, 33.9236183167, 46.2663116455, 50.926651001, 16.7161006927, 15.4273347855, 39.6232261658, -16.653175354, -30.5038700104], [-251.870620728, 85.3568344116, 137.090133667, 82.4036102295, 208.267944336, 96.3519515991, 81.9691543579, 43.3080062866, 28.138463974, 20.1657829285, -4.47559738159, -9.80820465088, -21.3538570404], [-208.325485229, -54.2460861206, 70.5830001831, 33.9236183167, 96.3519515991, 139.965484619, 79.9555358887, 63.5179176331, 13.9587192535, 30.14220047, -5.94644069672, 5.74342632294, -13.9682407379], [-368.778869629, -39.1798439026, 32.5262832642, 46.2663116455, 81.9691543579, 79.9555358887, 128.82119751, 77.4050827026, 36.9247627258, 12.7371368408, 3.22163748741, 2.3484685421, -0.392390966415], [-316.436859131, -194.612411499, 38.4027366638, 50.926651001, 43.3080062866, 63.5179176331, 77.4050827026, 137.255142212, 53.3494720459, 55.7686271667, -1.98721587658, 25.5556049347, -12.8802623749], [-209.572357178, -12.384894371, -35.4341659546, 16.7161006927, 28.138463974, 13.9587192535, 36.9247627258, 53.3494720459, 81.846534729, 30.6553401947, 14.0485439301, -5.84254598618, 5.83910703659], [-86.8222351074, -143.299026489, 39.3900985718, 15.4273347855, 20.1657829285, 30.14220047, 12.7371368408, 55.7686271667, 30.6553401947, 84.6628875732, 15.5678024292, 23.3834037781, -25.5160903931], [-10.7465343475, 38.9579772949, -16.7486381531, 39.6232261658, -4.47559738159, -5.94644069672, 3.22163748741, -1.98721587658, 14.0485439301, 15.5678024292, 57.4983863831, 12.4103555679, 3.98959445953], [-32.2039642334, -109.057479858, 7.18396806717, -16.653175354, -9.80820465088, 5.74342632294, 2.3484685421, 25.5556049347, -5.84254598618, 23.3834037781, 12.4103555679, 56.2906341553, 9.49832344055], [-96.0758132935, 35.9475746155, -69.5111999512, -30.5038700104, -21.3538570404, -13.9682407379, -0.392390966415, -12.8802623749, 5.83910703659, -25.5160903931, 3.98959445953, 9.49832344055, 58.2096328735]],
        "icov": [[0.000254997372394, -0.000451031432021, 0.000326084176777, -0.000379841367248, 0.000387555453926, -0.000153673667228, 0.000413914356614, 1.60428644449e-005, 0.000417302537244, -0.000510437530465, 0.0008749733679, -0.000899635779206, 0.000822611968033], [-0.000451031432021, 0.00304461130872, -0.00171086192131, 0.00163732888177, -0.00196362310089, 0.000341310893418, -0.000261630251771, 0.00179625255987, -0.00236220494844, 0.00417386367917, -0.00522396573797, 0.00473965937272, -0.00240118568763], [0.000326084176777, -0.00171086192131, 0.00324020674452, -0.00259805796668, 0.000248910306254, -0.000306662550429, 0.000305911147734, -0.000247528631007, 0.00238420232199, -0.00323929055594, 0.00490266596898, -0.00408595055342, 0.00273919990286], [-0.000379841367248, 0.00163732888177, -0.00259805796668, 0.00509600434452, -0.00172713818029, 0.000865224108566, -7.1101217145e-006, -0.00219900766388, -0.000556665763725, 0.00368972471915, -0.00755794346333, 0.0057716993615, -0.0017332250718], [0.000387555453926, -0.00196362310089, 0.000248910306254, -0.00172713818029, 0.0104623027146, -0.00485119270161, -0.00321575743146, 0.00245325663127, -0.00217679445632, -0.00260742311366, 0.00501175643876, -0.00367093388923, 0.00377045199275], [-0.000153673667228, 0.000341310893418, -0.000306662550429, 0.000865224108566, -0.00485119270161, 0.0154160102829, -0.00622538942844, -0.00328611535951, 0.00522244162858, -0.00406012730673, -0.000136221860885, 0.00279409368522, -0.00197685626335], [0.000413914356614, -0.000261630251771, 0.000305911147734, -7.1101217145e-006, -0.00321575743146, -0.00622538942844, 0.0202413536608, -0.00954133924097, -0.00145103677642, 0.00692495889962, -0.00375059363432, 0.00108090951107, -0.000180250892299], [1.60428644449e-005, 0.00179625255987, -0.000247528631007, -0.00219900766388, 0.00245325663127, -0.00328611535951, -0.00954133924097, 0.0258818063885, -0.0127015206963, -0.00460859201849, 0.00764623330906, -0.00940052978694, 0.00350711890496], [0.000417302537244, -0.00236220494844, 0.00238420232199, -0.000556665763725, -0.00217679445632, 0.00522244162858, -0.00145103677642, -0.0127015206963, 0.0293099563569, -0.0125781754032, -0.00267016119324, 0.0102472603321, -0.00760553125292], [-0.000510437530465, 0.00417386367917, -0.00323929055594, 0.00368972471915, -0.00260742311366, -0.00406012730673, 0.00692495889962, -0.00460859201849, -0.0125781754032, 0.033913385123, -0.0137123130262, -0.00287293363363, 0.00927760452032], [0.0008749733679, -0.00522396573797, 0.00490266596898, -0.00755794346333, 0.00501175643876, -0.000136221860885, -0.00375059363432, 0.00764623330906, -0.00267016119324, -0.0137123130262, 0.0365780703723, -0.0183620788157, 0.00478291558102], [-0.000899635779206, 0.00473965937272, -0.00408595055342, 0.0057716993615, -0.00367093388923, 0.00279409368522, 0.00108090951107, -0.00940052978694, 0.0102472603321, -0.00287293363363, -0.0183620788157, 0.0410913527012, -0.0167493317276], [0.000822611968033, -0.00240118568763, 0.00273919990286, -0.0017332250718, 0.00377045199275, -0.00197685626335, -0.000180250892299, 0.00350711890496, -0.00760553125292, 0.00927760452032, 0.00478291558102, -0.0167493317276, 0.0313012413681]]
    },
    "melbands": {
        "mean": [0.000405800557928, 0.000671041081659, 0.000652182265185, 0.000840777473059, 0.000637361139525, 0.000293297605822, 0.000363525992725, 0.000288555514999, 0.000235317915212, 0.000151900894707, 0.000133119945531, 0.000163767006597, 0.000138118019095, 0.000139038456837, 0.000102284946479, 9.38827070058e-005, 3.34293763444e-005, 3.71139140043e-005, 3.74335650122e-005, 2.31491685554e-005, 2.04939806281e-005, 1.19897576951e-005, 1.11938788905e-005, 1.16994588097e-005, 8.42976442073e-006, 8.95872472029e-006, 8.09018183645e-006, 4.75809292766e-006, 4.28094426752e-006, 3.87902127841e-006, 3.70556949747e-006, 2.69757765636e-006, 2.05765422834e-006, 1.76932906015e-006, 1.32733111968e-006, 1.18690479667e-006, 8.50745209391e-007, 6.4186497184e-007, 5.16015063567e-007, 2.81779250599e-007],
        "var": [1.20297454487e-006, 3.59866544386e-006, 1.97893928089e-006, 9.23085008253e-006, 3.25153496306e-006, 2.44494373192e-007, 5.84397355397e-007, 2.85896987862e-007, 2.96472080663e-007, 5.30653920805e-008, 6.37928678771e-008, 1.05857289157e-007, 5.88073802987e-008, 5.60546205008e-008, 3.07406899935e-008, 4.93960641279e-008, 2.73569789044e-009, 8.73208882979e-009, 9.76233316408e-009, 2.45259124121e-009, 1.96850136192e-009, 4.73791061939e-010, 7.02044700152e-010, 6.34222341311e-010, 1.24265570056e-010, 4.71783834222e-010, 1.48656295607e-010, 3.44229471316e-011, 2.96159728685e-011, 2.27192865215e-011, 2.15748825055e-011, 1.17892137025e-011, 5.97371631328e-012, 4.81287145554e-012, 2.60648468954e-012, 3.28055161161e-012, 1.22530317056e-012, 6.91420282573e-013, 6.18848613847e-013, 2.04463765255e-013]
    },
    "mfcc": {
        "mean": [-644.368347168, 106.973937988, -9.08087444305, 8.46796607971, -12.7570858002, 4.25091695786, -2.43324375153, 0.935728311539, -5.17509269714, -0.311604171991, -2.54776763916, 0.266279280186, -2.15349721909],
        "cov": [[4962.32128906, 692.30847168, 63.9942512512, 58.9938545227, -28.8005447388, -55.3568344116, -200.532989502, -243.007324219, -299.909210205, -218.813095093, -168.795333862, -68.2595748901, 37.6856651306], [692.30847168, 994.232727051, 73.0107269287, -20.7768001556, 72.2677154541, 61.1428642273, -18.2592105865, -41.0410614014, -58.654045105, -71.5740356445, -55.9631271362, -55.5764846802, -38.6985702515], [63.9942512512, 73.0107269287, 563.182250977, 274.31817627, 131.248260498, 75.0005569458, 70.2553024292, 16.4985046387, -20.7583122253, 4.32793045044, 20.6869716644, 31.1808300018, 0.712567508221], [58.9938545227, -20.7768001556, 274.31817627, 335.079620361, 114.180709839, 58.548664093, 55.8061294556, 32.764995575, -8.24094200134, 29.8386421204, 31.0710430145, 23.3567695618, 4.62061405182], [-28.8005447388, 72.2677154541, 131.248260498, 114.180709839, 139.490539551, 74.5163192749, 53.6899909973, 25.186876297, 19.5978794098, 23.4490394592, 26.2251987457, 20.0764961243, 6.51468038559], [-55.3568344116, 61.1428642273, 75.0005569458, 58.548664093, 74.5163192749, 101.741035461, 68.9832305908, 30.763168335, 20.1570968628, 17.5617160797, 15.9381837845, 12.7796812057, 0.592485785484], [-200.532989502, -18.2592105865, 70.2553024292, 55.8061294556, 53.6899909973, 68.9832305908, 111.844024658, 62.2751655579, 38.3584213257, 28.5332527161, 24.6644477844, 22.408613205, 11.4394950867], [-243.007324219, -41.0410614014, 16.4985046387, 32.764995575, 25.186876297, 30.763168335, 62.2751655579, 89.1913146973, 59.849861145, 36.8297309875, 22.1022586823, 16.5488853455, 10.0254793167], [-299.909210205, -58.654045105, -20.7583122253, -8.24094200134, 19.5978794098, 20.1570968628, 38.3584213257, 59.849861145, 99.7084350586, 54.4867401123, 27.0399169922, 13.2333717346, 6.88090848923], [-218.813095093, -71.5740356445, 4.32793045044, 29.8386421204, 23.4490394592, 17.5617160797, 28.5332527161, 36.8297309875, 54.4867401123, 79.9206619263, 47.0640945435, 18.8718242645, 4.10684013367], [-168.795333862, -55.9631271362, 20.6869716644, 31.0710430145, 26.2251987457, 15.9381837845, 24.6644477844, 22.1022586823, 27.0399169922, 47.0640945435, 72.530380249, 37.990398407, 6.3969707489], [-68.2595748901, -55.5764846802, 31.1808300018, 23.3567695618, 20.0764961243, 12.7796812057, 22.408613205, 16.5488853455, 13.2333717346, 18.8718242645, 37.990398407, 59.7719573975, 28.6093101501], [37.6856651306, -38.6985702515, 0.712567508221, 4.62061405182, 6.51468038559, 0.592485785484, 11.4394950867, 10.0254793167, 6.88090848923, 4.10684013367, 6.3969707489, 28.6093101501, 55.2021751404]],
        "icov": [[0.000292851618724, -0.000164575234521, 4.27602935815e-005, -0.00018394117069, 6.42851446173e-005, -0.000126187689602, 0.000276729319012, 0.000279455911368, 0.000442385673523, 5.53027712158e-005, 0.000292071694275, -3.57999351763e-006, -0.000506033073179], [-0.000164575234521, 0.00140895997174, -0.000210600119317, 0.00062511395663, -0.00102567090653, -0.000922990264371, 0.000582876673434, -0.000478791218484, 0.000249147909926, 0.000742851290852, -9.89130639937e-005, 0.000935330463108, 0.00058798486134], [4.27602935815e-005, -0.000210600119317, 0.00333781098016, -0.00237648840994, -0.000998720526695, 0.000282361608697, -0.0012612096034, 0.00100829359144, 9.90701373667e-005, 0.000717786664609, 0.000666927255224, -0.00156549457461, 0.000840382592287], [-0.00018394117069, 0.00062511395663, -0.00237648840994, 0.00662901997566, -0.00349354138598, 0.000312798802042, 0.00045682588825, -0.00306156603619, 0.0034614414908, -0.00249278941192, -0.000304508110275, 0.000908363144845, 0.000228395438171], [6.42851446173e-005, -0.00102567090653, -0.000998720526695, -0.00349354138598, 0.0165881942958, -0.0085605783388, 0.000249553180765, 0.00212949118577, -0.00313794100657, 0.00026533548953, -0.00232660514303, -0.000417367002228, -0.00190451461822], [-0.000126187689602, -0.000922990264371, 0.000282361608697, 0.000312798802042, -0.0085605783388, 0.0244493968785, -0.0129277314991, 0.00229735532776, -0.000345736800227, -0.00108166516293, 0.0015135994181, -0.0014499964891, 0.00311855180189], [0.000276729319012, 0.000582876673434, -0.0012612096034, 0.00045682588825, 0.000249553180765, -0.0129277314991, 0.0248331446201, -0.0126541256905, 0.00175237958319, 0.00066067854641, -0.00121199840214, -0.000449555576779, -0.00243508955464], [0.000279455911368, -0.000478791218484, 0.00100829359144, -0.00306156603619, 0.00212949118577, 0.00229735532776, -0.0126541256905, 0.0288510993123, -0.0128764100373, 7.72048224462e-006, 0.00107813882641, -0.00123759335838, -0.00105568324216], [0.000442385673523, 0.000249147909926, 9.90701373667e-005, 0.0034614414908, -0.00313794100657, -0.000345736800227, 0.00175237958319, -0.0128764100373, 0.025844104588, -0.0129318181425, 0.00295504578389, 0.000229486802709, -0.000789678131696], [5.53027712158e-005, 0.000742851290852, 0.000717786664609, -0.00249278941192, 0.00026533548953, -0.00108166516293, 0.00066067854641, 7.72048224462e-006, -0.0129318181425, 0.0317863225937, -0.017080437392, 0.00544075155631, -0.00106888555456], [0.000292071694275, -9.89130639937e-005, 0.000666927255224, -0.000304508110275, -0.00232660514303, 0.0015135994181, -0.00121199840214, 0.00107813882641, 0.00295504578389, -0.017080437392, 0.0349504798651, -0.0204433500767, 0.00750911235809], [-3.57999351763e-006, 0.000935330463108, -0.00156549457461, 0.000908363144845, -0.000417367002228, -0.0014499964891, -0.000449555576779, -0.00123759335838, 0.000229486802709, 0.00544075155631, -0.0204433500767, 0.0383621267974, -0.016961004585], [-0.000506033073179, 0.00058798486134, 0.000840382592287, 0.000228395438171, -0.00190451461822, 0.00311855180189, -0.00243508955464, -0.00105568324216, -0.000789678131696, -0.00106888555456, 0.00750911235809, -0.016961004585, 0.0278286188841]]
    },
    "spectral_contrast_coeffs": {
        "mean": [-0.639440119267, -0.76604783535, -0.773405134678, -0.783529937267, -0.805970728397, -0.741261899471],
        "var": [0.0110171353444, 0.00397868873551, 0.00386590976268, 0.00328407203779, 0.0014073504135, 0.00108238158282]
    },
    "spectral_contrast_valleys": {
        "mean": [-7.96510314941, -6.60010147095, -7.06480073929, -7.56980276108, -7.51128768921, -10.194070816],
        "var": [1.71996903419, 1.48348450661, 1.16297519207, 1.0645673275, 0.909988582134, 0.830710530281]
    }
},
"metadata": {
    "audio_properties": {
        "analysis_sample_rate": 44100,
        "bit_rate": 107246,
        "equal_loudness": 0,
        "length": 45.0873451233,
        "lossless": 0,
        "replay_gain": -5.65968513489,
        "sample_rate": 44100,
        "codec": "mp3",
        "downmix": "mix",
        "md5_encoded": "14d0fc9dd1fd7dcbdc273a07b378a8b3"
    },
    "tags": {
        "file_name": "audio\\695.mp3"
    },
    "version": {
        "essentia": "2.1-beta2",
        "essentia_git_sha": "v2.1_beta2",
        "extractor": "music 1.0"
    }
},
"rhythm": {
    "beats_count": 70,
    "beats_loudness": {
        "mean": 0.038296982646,
        "var": 0.000867187976837
    },
    "bpm": 94.3434448242,
    "bpm_histogram_first_peak_bpm": {
        "mean": 94,
        "var": 0
    },
    "bpm_histogram_first_peak_spread": {
        "mean": 0.567164182663,
        "var": 0
    },
    "bpm_histogram_first_peak_weight": {
        "mean": 0.420289844275,
        "var": 0
    },
    "bpm_histogram_second_peak_bpm": {
        "mean": 86,
        "var": 0
    },
    "bpm_histogram_second_peak_spread": {
        "mean": 0,
        "var": 0
    },
    "bpm_histogram_second_peak_weight": {
        "mean": 0.0289855077863,
        "var": 0
    },
    "danceability": 1.39828014374,
    "onset_rate": 3.9241976738,
    "beats_loudness_band_ratio": {
        "mean": [0.206814229488, 0.210016608238, 0.264243394136, 0.218630880117, 0.0835785940289, 0.0487911440432],
        "var": [0.0448057055473, 0.014197088778, 0.0177866443992, 0.0230873040855, 0.00491521880031, 0.0017144823214]
    },
    "beats_position": [0.638548731804, 1.30031740665, 1.95047616959, 2.60063481331, 3.23918366432, 3.87773227692, 4.51628112793, 5.14321994781, 5.78176879883, 6.40870714188, 7.03564596176, 7.6858048439, 8.33596324921, 8.98612213135, 9.62467098236, 10.2632198334, 10.8901586533, 11.5287075043, 12.1556463242, 12.7941951752, 13.4327430725, 14.0712919235, 14.7098407745, 15.3483896255, 15.9753284454, 16.602268219, 17.2292060852, 17.8561439514, 18.483083725, 19.1100215912, 19.7369613647, 20.3755092621, 20.9908390045, 21.6177768707, 22.2447166443, 22.8832645416, 23.5102043152, 24.1255321503, 24.7408618927, 25.37940979, 26.0063495636, 26.6332874298, 27.2602272034, 27.8987751007, 28.537322998, 29.1642627716, 29.7912006378, 30.4181404114, 31.0450782776, 31.6836280823, 32.322177887, 32.960723877, 33.5992736816, 34.2494316101, 34.8995895386, 35.5497512817, 36.1882972717, 36.8384590149, 37.5350570679, 38.2316551208, 38.8702049255, 39.5087509155, 40.1473007202, 40.7974586487, 41.4360084534, 42.0861663818, 42.7247161865, 43.3632659912, 44.0018119812, 44.6519737244]
},
"tonal": {
    "chords_changes_rate": 0.105967074633,
    "chords_number_rate": 0.0123456791043,
    "chords_strength": {
        "mean": 0.451202481985,
        "var": 0.00718417670578
    },
    "hpcp_entropy": {
        "mean": 2.19107890129,
        "var": 0.627389907837
    },
    "key_strength": 0.545786082745,
    "tuning_diatonic_strength": 0.517968356609,
    "tuning_equal_tempered_deviation": 0.145126596093,
    "tuning_frequency": 441.017791748,
    "tuning_nontempered_energy_ratio": 0.860944390297,
    "hpcp": {
        "mean": [0.206185683608, 0.237041652203, 0.300621181726, 0.302922576666, 0.229039311409, 0.194853290915, 0.203030541539, 0.188980922103, 0.203469067812, 0.245714887977, 0.229382231832, 0.20715226233, 0.174366667867, 0.137301161885, 0.152680754662, 0.152506157756, 0.175454646349, 0.254759132862, 0.259107708931, 0.16798119247, 0.0962039753795, 0.0763170942664, 0.0845038816333, 0.141700983047, 0.173656642437, 0.140454217792, 0.166048824787, 0.185298278928, 0.142970860004, 0.135529339314, 0.130810767412, 0.106319598854, 0.111916728318, 0.134058907628, 0.140256330371, 0.170814320445],
        "var": [0.0703926682472, 0.0639861449599, 0.0869644358754, 0.095182068646, 0.0631783977151, 0.0635434612632, 0.0792445912957, 0.0686094462872, 0.0662040561438, 0.0911244079471, 0.069915316999, 0.0710044428706, 0.0514731891453, 0.0302765574306, 0.0402839034796, 0.0388317145407, 0.042165197432, 0.0863204151392, 0.0983655378222, 0.0561444312334, 0.0155122522265, 0.011613371782, 0.0154538480565, 0.0449402108788, 0.0689134225249, 0.0344056896865, 0.0519091337919, 0.0683518648148, 0.0360344685614, 0.0367983244359, 0.0323191583157, 0.0209935829043, 0.0260605588555, 0.0376342870295, 0.038186378777, 0.0507307238877]
    },
    "chords_histogram": [9.77366256714, 0, 0, 0.514403283596, 0, 2.46913576126, 3.18930029869, 8.64197540283, 0.205761313438, 2.26337456703, 14.4032926559, 40.5349807739, 1.23456788063, 0, 0, 1.23456788063, 8.43621444702, 4.01234579086, 2.16049385071, 0, 0, 0, 0.823045253754, 0.102880656719],
    "thpcp": [1, 0.756098508835, 0.643244504929, 0.670239031315, 0.623858809471, 0.671686708927, 0.811147511005, 0.757230579853, 0.683845579624, 0.575614631176, 0.453254967928, 0.504025697708, 0.503449320793, 0.579206228256, 0.841004133224, 0.855359494686, 0.554535090923, 0.317586004734, 0.251935958862, 0.278961986303, 0.467779546976, 0.573270738125, 0.463663756847, 0.548155963421, 0.611701786518, 0.47197163105, 0.447405874729, 0.431829035282, 0.350979447365, 0.369456529617, 0.442551732063, 0.463010489941, 0.56388771534, 0.680654704571, 0.782515645027, 0.992402672768],
    "chords_key": "F",
    "chords_scale": "major",
    "key_key": "D#",
    "key_scale": "minor"
}
}