{
"lowlevel": {
    "average_loudness": 0.844384431839,
    "barkbands_crest": {
        "mean": 14.2505846024,
        "var": 28.1226291656
    },
    "barkbands_flatness_db": {
        "mean": 0.320873767138,
        "var": 0.0233029928058
    },
    "barkbands_kurtosis": {
        "mean": 21.2691860199,
        "var": 2270.74169922
    },
    "barkbands_skewness": {
        "mean": 2.50199794769,
        "var": 5.11315727234
    },
    "barkbands_spread": {
        "mean": 6.9681558609,
        "var": 69.7960510254
    },
    "dissonance": {
        "mean": 0.405863046646,
        "var": 0.00498046213761
    },
    "dynamic_complexity": 7.96105670929,
    "erbbands_crest": {
        "mean": 12.2534828186,
        "var": 27.2315921783
    },
    "erbbands_flatness_db": {
        "mean": 0.238526672125,
        "var": 0.00923021044582
    },
    "erbbands_kurtosis": {
        "mean": 9.96239280701,
        "var": 1055.96191406
    },
    "erbbands_skewness": {
        "mean": 1.50106573105,
        "var": 2.83928322792
    },
    "erbbands_spread": {
        "mean": 21.6156654358,
        "var": 385.209655762
    },
    "hfc": {
        "mean": 10.0715970993,
        "var": 220.782348633
    },
    "melbands_crest": {
        "mean": 17.6886520386,
        "var": 35.8737373352
    },
    "melbands_flatness_db": {
        "mean": 0.431584239006,
        "var": 0.0332640558481
    },
    "melbands_kurtosis": {
        "mean": 27.9961299896,
        "var": 3662.75976563
    },
    "melbands_skewness": {
        "mean": 2.82486391068,
        "var": 5.25566291809
    },
    "melbands_spread": {
        "mean": 7.08915948868,
        "var": 101.291915894
    },
    "pitch_salience": {
        "mean": 0.434135973454,
        "var": 0.0219863690436
    },
    "silence_rate_20dB": {
        "mean": 1,
        "var": 0
    },
    "silence_rate_30dB": {
        "mean": 0.911991775036,
        "var": 0.0802622586489
    },
    "silence_rate_60dB": {
        "mean": 0.256819337606,
        "var": 0.190861672163
    },
    "spectral_centroid": {
        "mean": 521.772399902,
        "var": 317754.90625
    },
    "spectral_complexity": {
        "mean": 7.4966545105,
        "var": 57.961151123
    },
    "spectral_decrease": {
        "mean": -9.35597554985e-009,
        "var": 1.66428223085e-016
    },
    "spectral_energy": {
        "mean": 0.0362250953913,
        "var": 0.00246268045157
    },
    "spectral_energyband_high": {
        "mean": 0.00019537609478,
        "var": 2.35547247485e-007
    },
    "spectral_energyband_low": {
        "mean": 0.0240462291986,
        "var": 0.0017822511727
    },
    "spectral_energyband_middle_high": {
        "mean": 0.00181251240429,
        "var": 1.65242690855e-005
    },
    "spectral_energyband_middle_low": {
        "mean": 0.0114920288324,
        "var": 0.000248211668804
    },
    "spectral_entropy": {
        "mean": 6.27909135818,
        "var": 1.28653919697
    },
    "spectral_flux": {
        "mean": 0.0851080268621,
        "var": 0.00711877923459
    },
    "spectral_kurtosis": {
        "mean": 49.7472267151,
        "var": 8833.87890625
    },
    "spectral_rms": {
        "mean": 0.00466653890908,
        "var": 1.35650025186e-005
    },
    "spectral_rolloff": {
        "mean": 453.381988525,
        "var": 746727.8125
    },
    "spectral_skewness": {
        "mean": 4.32718038559,
        "var": 15.5759162903
    },
    "spectral_spread": {
        "mean": 3342106.25,
        "var": 5.46935249306e+012
    },
    "spectral_strongpeak": {
        "mean": 0.573396921158,
        "var": 0.838642477989
    },
    "zerocrossingrate": {
        "mean": 0.0215177983046,
        "var": 0.000731475360226
    },
    "barkbands": {
        "mean": [0.000216351108975, 0.017597431317, 0.00503381108865, 0.0018419388216, 0.00285865482874, 0.00132684700657, 0.00162013527006, 0.00153795641381, 0.00201594922692, 0.000959717959631, 0.000357172510121, 0.000138089220854, 0.00010739335994, 0.000132136134198, 6.45662512397e-005, 4.82848481624e-005, 4.33336354035e-005, 4.90851562063e-005, 5.37123814865e-005, 5.17990883964e-005, 4.55719964521e-005, 3.56407217623e-005, 2.58803738689e-005, 2.26963438763e-005, 2.11641781789e-005, 1.62231699505e-005, 3.55984457201e-006],
        "var": [2.70369611144e-007, 0.00119241978973, 9.67416999629e-005, 1.14987615234e-005, 1.78412465175e-005, 5.79801280765e-006, 1.47624459714e-005, 3.31985975208e-005, 2.34090439335e-005, 6.81347819409e-006, 2.24004293159e-006, 1.53273859382e-007, 7.7067184634e-008, 1.25309895793e-007, 6.89119872277e-008, 2.45088518369e-008, 3.48532616101e-008, 1.88284925429e-008, 2.59246508705e-008, 2.14419380029e-008, 1.22360681587e-008, 7.20924697717e-009, 4.26673185672e-009, 3.66996411039e-009, 3.93843180291e-009, 2.88761792255e-009, 1.96278618358e-010]
    },
    "erbbands": {
        "mean": [0.350670576096, 4.4046163559, 7.38032722473, 6.1644525528, 7.28966522217, 10.8796548843, 10.1124210358, 10.1681680679, 17.5715293884, 26.2840175629, 40.5375976563, 34.2508850098, 47.7369613647, 24.2553138733, 8.34612464905, 4.98645782471, 4.99461507797, 7.2344918251, 4.9243016243, 2.60794997215, 2.89385914803, 2.31179308891, 2.41369962692, 2.91762113571, 2.8499314785, 2.3729929924, 1.94087827206, 1.69080221653, 1.36062407494, 0.903233647346, 0.728599667549, 0.57437902689, 0.337044656277, 0.248046651483, 0.139467447996, 0.0605914890766, 0.0299272276461, 0.010444669053, 0.00037682580296, 4.71764687973e-005],
        "var": [0.371060937643, 80.2789916992, 188.175537109, 130.105682373, 135.721466064, 323.793273926, 334.477172852, 400.190093994, 1344.81994629, 4291.96972656, 18190.2070313, 5968.703125, 13424.1728516, 5846.38525391, 1105.90795898, 176.22442627, 156.479766846, 335.39364624, 280.995697021, 78.6954116821, 102.160270691, 89.1852874756, 50.3348884583, 66.3953399658, 69.11769104, 47.3638076782, 24.4933815002, 17.0487327576, 10.8146696091, 4.70836925507, 3.42439198494, 2.2546069622, 0.878861665726, 0.530522167683, 0.180455625057, 0.0384032279253, 0.0100375609472, 0.00135682569817, 2.00327326638e-006, 4.59929827556e-009]
    },
    "gfcc": {
        "mean": [-197.554092407, 157.9402771, -52.97605896, 28.7178649902, -40.9227256775, 6.67252445221, -23.0785503387, 3.1018474102, -9.91419315338, -0.17238253355, -9.50373744965, -7.77626228333, -3.10258030891],
        "cov": [[46945.4375, -3696.95874023, -6894.50439453, -697.78302002, -4249.07177734, 200.009384155, 668.118713379, 1874.29370117, -518.500244141, 686.011535645, -1152.21948242, 340.474884033, -1036.14086914], [-3696.95874023, 3340.47705078, 1017.61077881, -390.772277832, 1053.08422852, -550.732299805, 61.3403816223, -549.458984375, 412.751251221, -349.231231689, 354.705566406, -423.094024658, 266.924255371], [-6894.50439453, 1017.61077881, 2591.05126953, 46.9583358765, 858.899291992, 13.1747341156, -53.1616249084, -402.348724365, 181.99786377, -110.450294495, 113.365325928, -122.410560608, 142.27507019], [-697.78302002, -390.772277832, 46.9583358765, 642.877807617, 101.491104126, 27.4081497192, 92.1466674805, 27.1253166199, -53.447971344, -21.716255188, 35.2858009338, 38.8318252563, 0.0688011720777], [-4249.07177734, 1053.08422852, 858.899291992, 101.491104126, 923.529846191, -126.578193665, -8.23138999939, -278.715454102, 166.145111084, -112.861595154, 200.291900635, -122.391273499, 130.308181763], [200.009384155, -550.732299805, 13.1747341156, 27.4081497192, -126.578193665, 327.479766846, 46.3903846741, 115.439460754, -34.5525245667, 64.160194397, -54.769908905, 57.1438179016, -12.9452104568], [668.118713379, 61.3403816223, -53.1616249084, 92.1466674805, -8.23138999939, 46.3903846741, 202.29208374, 74.0692520142, 31.0768623352, -15.4396276474, 21.332075119, -8.98148918152, 10.3693695068], [1874.29370117, -549.458984375, -402.348724365, 27.1253166199, -278.715454102, 115.439460754, 74.0692520142, 229.023193359, -18.677482605, 80.0835571289, -77.5958023071, 67.7478485107, -57.6477775574], [-518.500244141, 412.751251221, 181.99786377, -53.447971344, 166.145111084, -34.5525245667, 31.0768623352, -18.677482605, 174.667739868, -1.23190236092, 37.7119750977, -82.5660095215, 35.7017173767], [686.011535645, -349.231231689, -110.450294495, -21.716255188, -112.861595154, 64.160194397, -15.4396276474, 80.0835571289, -1.23190236092, 113.838844299, -24.8044567108, 48.865524292, -46.2314338684], [-1152.21948242, 354.705566406, 113.365325928, 35.2858009338, 200.291900635, -54.769908905, 21.332075119, -77.5958023071, 37.7119750977, -24.8044567108, 137.706695557, -11.2689819336, 52.3663368225], [340.474884033, -423.094024658, -122.410560608, 38.8318252563, -122.391273499, 57.1438179016, -8.98148918152, 67.7478485107, -82.5660095215, 48.865524292, -11.2689819336, 127.426895142, -13.5627212524], [-1036.14086914, 266.924255371, 142.27507019, 0.0688011720777, 130.308181763, -12.9452104568, 10.3693695068, -57.6477775574, 35.7017173767, -46.2314338684, 52.3663368225, -13.5627212524, 102.306518555]],
        "icov": [[7.18341179891e-005, -0.000172044965439, 0.00011790796998, -4.37661219621e-005, 0.000152465028805, -6.0159950408e-006, -0.000198944107979, -0.000122697514598, 0.000121842022054, -0.000347484630765, 0.000470420287456, -0.000149599160068, 0.000308361690259], [-0.000172044965439, 0.00289031583816, -0.00038994467468, 0.00167632184457, -0.000798168126494, 0.00181119411718, -0.00101261131931, 0.00178916787263, -0.00231928937137, 0.00385460769758, -0.00380175886676, 0.00309501006268, -0.00147821183782], [0.00011790796998, -0.00038994467468, 0.000974798982497, -0.000213543884456, -0.000173713851837, -0.00063026387943, -0.000577874772716, 0.00150095461868, -0.000612583069596, -0.000774659274612, 0.0018621487543, -0.00119680108037, 0.000653792754747], [-4.37661219621e-005, 0.00167632184457, -0.000213543884456, 0.00295584043488, -0.000924987485632, 0.00122004910372, -0.00161801883951, 0.000224185365369, -0.000188930513104, 0.00245266314596, -0.00230732094496, 0.00160589988809, -0.000330866227159], [0.000152465028805, -0.000798168126494, -0.000173713851837, -0.000924987485632, 0.0034108851105, -0.000497656874359, 0.000141423122841, 0.00113795651123, -0.00130394089501, -0.000447577156592, -0.000873795128427, -0.000715001428034, 0.000693514361046], [-6.0159950408e-006, 0.00181119411718, -0.00063026387943, 0.00122004910372, -0.000497656874359, 0.00602409383282, -0.00183763890527, -0.00155046198051, 0.000574002333451, -0.000272387085715, -0.000943897175603, 0.00267468509264, -0.0026877373457], [-0.000198944107979, -0.00101261131931, -0.000577874772716, -0.00161801883951, 0.000141423122841, -0.00183763890527, 0.00974951870739, -0.00609945366159, 0.000173752676346, 0.00283574452624, -0.00339499348775, 0.000684216851369, -0.000356655131327], [-0.000122697514598, 0.00178916787263, 0.00150095461868, 0.000224185365369, 0.00113795651123, -0.00155046198051, -0.00609945366159, 0.0194471757859, -0.00822689943016, -0.000845931761432, 0.00364944082685, -0.00583300646394, 0.00177990924567], [0.000121842022054, -0.00231928937137, -0.000612583069596, -0.000188930513104, -0.00130394089501, 0.000574002333451, 0.000173752676346, -0.00822689943016, 0.0174224134535, -0.00950952339917, 0.000949735345785, 0.00886282883584, -0.00447097700089], [-0.000347484630765, 0.00385460769758, -0.000774659274612, 0.00245266314596, -0.000447577156592, -0.000272387085715, 0.00283574452624, -0.000845931761432, -0.00950952339917, 0.0248964559287, -0.00858512800187, -0.00327364145778, 0.00580039201304], [0.000470420287456, -0.00380175886676, 0.0018621487543, -0.00230732094496, -0.000873795128427, -0.000943897175603, -0.00339499348775, 0.00364944082685, 0.000949735345785, -0.00858512800187, 0.0213216040283, -0.00826810486615, -0.00073140708264], [-0.000149599160068, 0.00309501006268, -0.00119680108037, 0.00160589988809, -0.000715001428034, 0.00267468509264, 0.000684216851369, -0.00583300646394, 0.00886282883584, -0.00327364145778, -0.00826810486615, 0.0236441232264, -0.0072395070456], [0.000308361690259, -0.00147821183782, 0.000653792754747, -0.000330866227159, 0.000693514361046, -0.0026877373457, -0.000356655131327, 0.00177990924567, -0.00447097700089, 0.00580039201304, -0.00073140708264, -0.0072395070456, 0.0192570239305]]
    },
    "melbands": {
        "mean": [0.00418652966619, 0.00481037655845, 0.00107529025991, 0.000687297841068, 0.000359563709935, 0.000240071371081, 0.00029055061168, 0.000296016514767, 0.000332569441525, 0.000241487912717, 0.000241215559072, 0.000101214049209, 3.63353501598e-005, 1.16914470709e-005, 1.33138255478e-005, 1.30775024445e-005, 1.29848476718e-005, 8.46598504722e-006, 4.57596934211e-006, 2.90487651e-006, 3.45468515661e-006, 2.41129646383e-006, 2.02355226975e-006, 2.43952285928e-006, 2.33719515563e-006, 2.07109042094e-006, 2.00912359105e-006, 1.47307093812e-006, 1.17512024644e-006, 1.14158933684e-006, 9.13139899694e-007, 8.09971027138e-007, 5.9833467958e-007, 4.56617641476e-007, 4.1242120119e-007, 4.128486637e-007, 3.24950633512e-007, 2.31424181152e-007, 2.21930619659e-007, 2.03128351473e-007],
        "var": [6.19006095803e-005, 8.18210319267e-005, 3.60022659152e-006, 1.13998248708e-006, 3.09384233788e-007, 1.95835013983e-007, 3.94573021367e-007, 6.28848908946e-007, 1.11295628358e-006, 3.42386414331e-007, 3.52899263589e-007, 9.91372672843e-008, 2.64855604115e-008, 1.18536602756e-009, 1.40115430369e-009, 1.18459220211e-009, 1.1488479057e-009, 8.55083781559e-010, 3.4751729272e-010, 8.87428464047e-011, 1.63817098775e-010, 1.0412160717e-010, 6.26516061253e-011, 4.39174911715e-011, 4.43719991305e-011, 4.58241743162e-011, 3.26248125737e-011, 2.15758313993e-011, 1.04216279703e-011, 7.79373527521e-012, 5.22917993628e-012, 4.03926891934e-012, 2.04073541919e-012, 1.29625748069e-012, 1.10000051602e-012, 1.18254115267e-012, 7.58045644485e-013, 4.21485139542e-013, 4.09159007673e-013, 3.80145676222e-013]
    },
    "mfcc": {
        "mean": [-820.35168457, 158.659866333, 49.678894043, 35.7736587524, 11.1131286621, 11.5641803741, 3.78801751137, 3.99351286888, 5.18692064285, 8.27049922943, 3.55627512932, -1.26462566853, -2.70640087128],
        "cov": [[27995.3164063, 1859.15039063, -2718.18676758, -1425.31469727, -3072.02807617, -1195.21362305, -488.495117188, 173.465774536, 125.332611084, 459.515930176, 340.565887451, 39.1717376709, -425.36630249], [1859.15039063, 3130.80322266, 431.444244385, -35.0756607056, -81.7390060425, -118.682594299, -223.966140747, -164.063095093, 30.0894184113, 150.879333496, 54.0258483887, -75.8334655762, -23.9488716125], [-2718.18676758, 431.444244385, 1165.4798584, 328.599334717, 488.153747559, 237.838256836, 5.24920558929, -93.0796127319, 29.9508666992, 0.233918592334, -58.3077735901, -14.8908910751, 69.6413726807], [-1425.31469727, -35.0756607056, 328.599334717, 562.52166748, 298.586639404, 115.862716675, 83.5166854858, 32.6466178894, -30.3034706116, -41.7334442139, -5.83307647705, 18.7884216309, 38.4735527039], [-3072.02807617, -81.7390060425, 488.153747559, 298.586639404, 595.179321289, 232.730865479, 67.285987854, -43.9438514709, 2.30337429047, -36.4976921082, -37.285358429, 5.66055583954, 83.4479827881], [-1195.21362305, -118.682594299, 237.838256836, 115.862716675, 232.730865479, 196.039413452, 91.9630432129, 21.9633827209, 21.96459198, -1.70273160934, -17.8306427002, 5.52772283554, 30.8139381409], [-488.495117188, -223.966140747, 5.24920558929, 83.5166854858, 67.285987854, 91.9630432129, 152.030395508, 91.7010421753, 11.6808643341, -12.559346199, 6.68211746216, 11.7198257446, 8.13709545135], [173.465774536, -164.063095093, -93.0796127319, 32.6466178894, -43.9438514709, 21.9633827209, 91.7010421753, 123.182426453, 47.7094764709, 11.4473829269, 16.8800983429, 21.4247722626, -0.728300631046], [125.332611084, 30.0894184113, 29.9508666992, -30.3034706116, 2.30337429047, 21.96459198, 11.6808643341, 47.7094764709, 107.208885193, 64.0830917358, 18.7393913269, 16.5257835388, 8.01545715332], [459.515930176, 150.879333496, 0.233918592334, -41.7334442139, -36.4976921082, -1.70273160934, -12.559346199, 11.4473829269, 64.0830917358, 89.2327270508, 44.7263145447, 15.1766605377, -0.37343749404], [340.565887451, 54.0258483887, -58.3077735901, -5.83307647705, -37.285358429, -17.8306427002, 6.68211746216, 16.8800983429, 18.7393913269, 44.7263145447, 72.3850021362, 38.6520080566, -1.23345422745], [39.1717376709, -75.8334655762, -14.8908910751, 18.7884216309, 5.66055583954, 5.52772283554, 11.7198257446, 21.4247722626, 16.5257835388, 15.1766605377, 38.6520080566, 63.1833381653, 28.0570888519], [-425.36630249, -23.9488716125, 69.6413726807, 38.4735527039, 83.4479827881, 30.8139381409, 8.13709545135, -0.728300631046, 8.01545715332, -0.37343749404, -1.23345422745, 28.0570888519, 66.6930084229]],
        "icov": [[9.73048736341e-005, -4.51760242868e-005, 9.11812167033e-005, -7.6228454418e-005, 0.000481217604829, -0.000117470088298, 8.77562852111e-005, 5.82600732741e-005, 6.21304161541e-006, -0.000291646138066, 0.000108942535007, -0.000166257246747, 6.48175555398e-005], [-4.51760242868e-005, 0.00048427641741, -0.000301144173136, -1.52153606905e-005, -0.000100010925962, 0.000255840393947, 0.000391393055907, -2.42819078267e-005, 0.000224762465223, -0.000552051176783, -0.000756628694944, 0.00116418453399, -0.000365943269571], [9.11812167033e-005, -0.000301144173136, 0.00193448096979, -0.000795277650468, 3.87633772334e-005, -0.00153187848628, 0.000123714955407, 0.00180570920929, -0.0013388840016, -0.000130435830215, 0.00126749684568, -0.000636287324596, 2.73841924354e-005], [-7.6228454418e-005, -1.52153606905e-005, -0.000795277650468, 0.0032725778874, -0.00215271464549, 0.00103117956314, 7.90777485236e-005, -0.00327016506344, 0.00272455601953, -0.000133347450173, -0.000388153188396, -0.000621538900305, 0.000548759766389], [0.000481217604829, -0.000100010925962, 3.87633772334e-005, -0.00215271464549, 0.00825742725283, -0.00547517510131, -5.18324350196e-006, 0.00484527368098, -0.00359662622213, 0.00277506653219, -0.00233036326244, 0.00173214054666, -0.00383802712895], [-0.000117470088298, 0.000255840393947, -0.00153187848628, 0.00103117956314, -0.00547517510131, 0.0171209834516, -0.0101361982524, 0.00166979723144, 0.000664673279971, -0.00615663873032, 0.00687986332923, -0.00385100790299, 0.00217561447062], [8.77562852111e-005, 0.000391393055907, 0.000123714955407, 7.90777485236e-005, -5.18324350196e-006, -0.0101361982524, 0.0244751814753, -0.018664650619, 0.00629822677001, 0.00284657883458, -0.00767006538808, 0.00608855672181, -0.00141912512481], [5.82600732741e-005, -2.42819078267e-005, 0.00180570920929, -0.00327016506344, 0.00484527368098, 0.00166979723144, -0.018664650619, 0.0324311330914, -0.0176475383341, 0.00636118976399, 0.000976295443252, -0.00436900928617, 0.000173810636625], [6.21304161541e-006, 0.000224762465223, -0.0013388840016, 0.00272455601953, -0.00359662622213, 0.000664673279971, 0.00629822677001, -0.0176475383341, 0.030472708866, -0.0235746838152, 0.0102222478017, -0.00510511500761, 0.00172100472264], [-0.000291646138066, -0.000552051176783, -0.000130435830215, -0.000133347450173, 0.00277506653219, -0.00615663873032, 0.00284657883458, 0.00636118976399, -0.0235746838152, 0.0424301438034, -0.0265559330583, 0.0115936025977, -0.00504832807928], [0.000108942535007, -0.000756628694944, 0.00126749684568, -0.000388153188396, -0.00233036326244, 0.00687986332923, -0.00767006538808, 0.000976295443252, 0.0102222478017, -0.0265559330583, 0.0453206859529, -0.0290784966201, 0.0117010911927], [-0.000166257246747, 0.00116418453399, -0.000636287324596, -0.000621538900305, 0.00173214054666, -0.00385100790299, 0.00608855672181, -0.00436900928617, -0.00510511500761, 0.0115936025977, -0.0290784966201, 0.0424586981535, -0.0185192395002], [6.48175555398e-005, -0.000365943269571, 2.73841924354e-005, 0.000548759766389, -0.00383802712895, 0.00217561447062, -0.00141912512481, 0.000173810636625, 0.00172100472264, -0.00504832807928, 0.0117010911927, -0.0185192395002, 0.0266751628369]]
    },
    "spectral_contrast_coeffs": {
        "mean": [-0.685364603996, -0.711554050446, -0.763743042946, -0.82841026783, -0.849547624588, -0.809245169163],
        "var": [0.00650603557006, 0.0101025607437, 0.0113773811609, 0.00383073976263, 0.0015144017525, 0.00485867401585]
    },
    "spectral_contrast_valleys": {
        "mean": [-7.45855998993, -8.15799427032, -9.3689661026, -9.87868881226, -10.1236429214, -12.6843633652],
        "var": [3.03491044044, 4.63257741928, 4.95409393311, 4.52104091644, 6.23293638229, 5.1782078743]
    }
},
"metadata": {
    "audio_properties": {
        "analysis_sample_rate": 44100,
        "bit_rate": 103067,
        "equal_loudness": 0,
        "length": 45.0873451233,
        "lossless": 0,
        "replay_gain": -9.57526397705,
        "sample_rate": 44100,
        "codec": "mp3",
        "downmix": "mix",
        "md5_encoded": "c0bd1a1aec0acc929fcd1f7544fb7d14"
    },
    "tags": {
        "file_name": "audio\\696.mp3"
    },
    "version": {
        "essentia": "2.1-beta2",
        "essentia_git_sha": "v2.1_beta2",
        "extractor": "music 1.0"
    }
},
"rhythm": {
    "beats_count": 89,
    "beats_loudness": {
        "mean": 0.0564620941877,
        "var": 0.00265926774591
    },
    "bpm": 123.02306366,
    "bpm_histogram_first_peak_bpm": {
        "mean": 123,
        "var": 0
    },
    "bpm_histogram_first_peak_spread": {
        "mean": 0.613636374474,
        "var": 0
    },
    "bpm_histogram_first_peak_weight": {
        "mean": 0.193181812763,
        "var": 0
    },
    "bpm_histogram_second_peak_bpm": {
        "mean": 112,
        "var": 0
    },
    "bpm_histogram_second_peak_spread": {
        "mean": 0.54166662693,
        "var": 0
    },
    "bpm_histogram_second_peak_weight": {
        "mean": 0.125,
        "var": 0
    },
    "danceability": 1.18427598476,
    "onset_rate": 3.12605571747,
    "beats_loudness_band_ratio": {
        "mean": [0.722874939442, 0.12246928364, 0.130327746272, 0.0361592136323, 0.00962734036148, 0.0109548307955],
        "var": [0.0653563588858, 0.0068495227024, 0.026066718623, 0.00487216701731, 0.000490112986881, 0.000671095156576]
    },
    "beats_position": [0.476009070873, 0.975238084793, 1.47446703911, 1.97369611263, 2.48453521729, 2.99537420273, 3.48299312592, 3.97061228752, 4.48145103455, 4.98067998886, 5.47990942001, 5.9675283432, 6.45514726639, 6.9543762207, 7.46521520615, 7.97605419159, 8.47528362274, 8.98612213135, 9.47374153137, 9.98458003998, 10.47219944, 10.9249887466, 11.3893871307, 11.8653964996, 12.3762359619, 12.8870744705, 13.3863039017, 13.8855323792, 14.3731517792, 14.8607711792, 15.3483896255, 15.8360090256, 16.3352375031, 16.8809070587, 17.4381847382, 17.995464325, 18.5295238495, 19.0519733429, 19.5860309601, 20.1317005157, 20.6657600403, 21.1998176575, 21.733877182, 22.2795467377, 22.8019943237, 23.3360538483, 23.8817234039, 24.4273910522, 24.9614505768, 25.4955101013, 26.0179595947, 26.5404071808, 27.0744667053, 27.620136261, 28.1541938782, 28.6998634338, 29.2339229584, 29.7331504822, 30.2323799133, 30.7316093445, 31.2308387756, 31.7184581757, 32.2060775757, 32.6936950684, 33.1813163757, 33.6921539307, 34.1797714233, 34.6557807922, 35.1317901611, 35.60779953, 36.0838088989, 36.5714263916, 37.0358276367, 37.5002250671, 37.976234436, 38.4522438049, 38.9398651123, 39.4042625427, 39.8686599731, 40.3330612183, 40.8090705872, 41.2850799561, 41.7494773865, 42.2138786316, 42.678276062, 43.1542854309, 43.6302947998, 44.1063041687, 44.5823135376]
},
"tonal": {
    "chords_changes_rate": 0.0874485597014,
    "chords_number_rate": 0.0154320988804,
    "chords_strength": {
        "mean": 0.422142893076,
        "var": 0.00583662372082
    },
    "hpcp_entropy": {
        "mean": 1.80805742741,
        "var": 0.479585409164
    },
    "key_strength": 0.573442995548,
    "tuning_diatonic_strength": 0.39605987072,
    "tuning_equal_tempered_deviation": 0.0433874092996,
    "tuning_frequency": 436.708374023,
    "tuning_nontempered_energy_ratio": 0.736570954323,
    "hpcp": {
        "mean": [0.054515182972, 0.0546103902161, 0.0902372226119, 0.149413242936, 0.131475076079, 0.100655689836, 0.112423717976, 0.0817891359329, 0.0606206469238, 0.0753069296479, 0.102045938373, 0.148893564939, 0.153428778052, 0.104709759355, 0.102977916598, 0.14567451179, 0.146975651383, 0.179330706596, 0.207776755095, 0.128701761365, 0.0676698088646, 0.064496807754, 0.0636351332068, 0.123495019972, 0.151843518019, 0.0968791469932, 0.102917976677, 0.15377728641, 0.127099663019, 0.0855495929718, 0.0882936492562, 0.0838001891971, 0.129128411412, 0.156707197428, 0.101014301181, 0.0602881237864],
        "var": [0.0240184850991, 0.0255257431418, 0.031485889107, 0.0623491927981, 0.0539103746414, 0.0355815961957, 0.0550107061863, 0.0334447324276, 0.0297889597714, 0.042884811759, 0.0554535798728, 0.0802774056792, 0.0859301686287, 0.0455485656857, 0.0511617660522, 0.0832531303167, 0.0724352747202, 0.0725590363145, 0.105227164924, 0.0572353042662, 0.0358137264848, 0.0397203192115, 0.0301997270435, 0.060578558594, 0.0864543318748, 0.0431268662214, 0.0426298454404, 0.0699392780662, 0.0537569858134, 0.0359497144818, 0.0441232100129, 0.0351834222674, 0.063834041357, 0.0812599807978, 0.0417176857591, 0.0264093205333]
    },
    "chords_histogram": [15.843621254, 6.89300394058, 0, 2.67489719391, 1.44032919407, 7.71604919434, 25.7201652527, 0, 0.823045253754, 6.37860059738, 4.01234579086, 0, 0.617283940315, 0, 0, 2.16049385071, 8.84773635864, 2.57201647758, 3.08641982079, 0, 2.36625504494, 0, 1.85185182095, 6.99588489532],
    "thpcp": [1, 0.619423270226, 0.325685173273, 0.310413986444, 0.306266844273, 0.594363987446, 0.730801284313, 0.466265559196, 0.495329588652, 0.740108251572, 0.611712634563, 0.411738038063, 0.424944788218, 0.403318405151, 0.621476709843, 0.754209458828, 0.486167490482, 0.290158182383, 0.262373834848, 0.262832045555, 0.434298932552, 0.719104707241, 0.632770836353, 0.484441518784, 0.54107940197, 0.39363950491, 0.291758567095, 0.362441539764, 0.491132587194, 0.716603577137, 0.738430917263, 0.50395321846, 0.495618075132, 0.701110720634, 0.707372903824, 0.863093197346],
    "chords_key": "C",
    "chords_scale": "minor",
    "key_key": "D#",
    "key_scale": "minor"
}
}