{
"lowlevel": {
    "average_loudness": 0.977935254574,
    "barkbands_crest": {
        "mean": 17.7779312134,
        "var": 32.8805389404
    },
    "barkbands_flatness_db": {
        "mean": 0.267790138721,
        "var": 0.0139798000455
    },
    "barkbands_kurtosis": {
        "mean": 64.116027832,
        "var": 13875.4775391
    },
    "barkbands_skewness": {
        "mean": 4.88442087173,
        "var": 16.2026233673
    },
    "barkbands_spread": {
        "mean": 14.3502845764,
        "var": 471.845001221
    },
    "dissonance": {
        "mean": 0.454999089241,
        "var": 0.00133756163996
    },
    "dynamic_complexity": 2.34863901138,
    "erbbands_crest": {
        "mean": 9.37379074097,
        "var": 19.3879947662
    },
    "erbbands_flatness_db": {
        "mean": 0.158531606197,
        "var": 0.0029750932008
    },
    "erbbands_kurtosis": {
        "mean": 2.23551011086,
        "var": 26.402305603
    },
    "erbbands_skewness": {
        "mean": 0.462736666203,
        "var": 1.63447594643
    },
    "erbbands_spread": {
        "mean": 44.8250694275,
        "var": 914.910461426
    },
    "hfc": {
        "mean": 22.8997440338,
        "var": 1541.44812012
    },
    "melbands_crest": {
        "mean": 24.4354190826,
        "var": 55.2096824646
    },
    "melbands_flatness_db": {
        "mean": 0.358067333698,
        "var": 0.0216674562544
    },
    "melbands_kurtosis": {
        "mean": 110.695983887,
        "var": 36502.2070313
    },
    "melbands_skewness": {
        "mean": 6.42042636871,
        "var": 21.7861537933
    },
    "melbands_spread": {
        "mean": 11.7815113068,
        "var": 485.374420166
    },
    "pitch_salience": {
        "mean": 0.337029337883,
        "var": 0.0368432588875
    },
    "silence_rate_20dB": {
        "mean": 1,
        "var": 0
    },
    "silence_rate_30dB": {
        "mean": 0.8429453969,
        "var": 0.132391288877
    },
    "silence_rate_60dB": {
        "mean": 0.0293511841446,
        "var": 0.0284899231046
    },
    "spectral_centroid": {
        "mean": 1027.98779297,
        "var": 1143929.5
    },
    "spectral_complexity": {
        "mean": 13.985581398,
        "var": 148.88520813
    },
    "spectral_decrease": {
        "mean": -1.81873485161e-008,
        "var": 8.8020858082e-017
    },
    "spectral_energy": {
        "mean": 0.0707203447819,
        "var": 0.00127817620523
    },
    "spectral_energyband_high": {
        "mean": 0.00192120857537,
        "var": 2.24452978728e-005
    },
    "spectral_energyband_low": {
        "mean": 0.0567746162415,
        "var": 0.00125384086277
    },
    "spectral_energyband_middle_high": {
        "mean": 0.00191659294069,
        "var": 8.65657148097e-006
    },
    "spectral_energyband_middle_low": {
        "mean": 0.009291770868,
        "var": 0.000230877180002
    },
    "spectral_entropy": {
        "mean": 7.22070598602,
        "var": 0.70401352644
    },
    "spectral_flux": {
        "mean": 0.120170488954,
        "var": 0.00692191626877
    },
    "spectral_kurtosis": {
        "mean": 8.23864364624,
        "var": 100.759666443
    },
    "spectral_rms": {
        "mean": 0.00794979836792,
        "var": 5.79623201702e-006
    },
    "spectral_rolloff": {
        "mean": 912.201721191,
        "var": 4340120.5
    },
    "spectral_skewness": {
        "mean": 2.09851980209,
        "var": 1.75333726406
    },
    "spectral_spread": {
        "mean": 4948566,
        "var": 4.51086594867e+012
    },
    "spectral_strongpeak": {
        "mean": 0.5328784585,
        "var": 0.133269488811
    },
    "zerocrossingrate": {
        "mean": 0.036560498178,
        "var": 0.00293987686746
    },
    "barkbands": {
        "mean": [0.00666887918487, 0.0461247600615, 0.00484079541638, 0.00303279049695, 0.00279973563738, 0.00129488587845, 0.000636915792711, 0.000890981114935, 0.000556426530238, 0.000303094595438, 0.000365581247024, 0.000189942875295, 0.000148107370478, 0.000103669321106, 0.000107472114905, 0.00011247202201, 0.000138332456117, 0.000170054408954, 0.000239244211116, 0.000212428101804, 0.000344197789673, 0.000407194136642, 0.000481053692056, 0.000359163212124, 0.00015372406051, 3.72532667825e-005, 1.28028841573e-006],
        "var": [6.80447556078e-005, 0.000904827087652, 0.000135943671921, 6.99497104506e-005, 2.96307334793e-005, 8.53595156514e-006, 1.03074046365e-006, 1.53409405357e-006, 7.65630943533e-007, 8.58592613895e-007, 1.07948505956e-006, 2.25346227012e-007, 1.08702771229e-007, 3.99760899938e-008, 3.91747008166e-008, 7.04344813585e-008, 1.02916317246e-007, 2.01178892212e-007, 3.98897896048e-007, 2.93675867624e-007, 8.13162955637e-007, 1.08720030312e-006, 1.70587725279e-006, 1.11207236841e-006, 2.13581742514e-007, 1.49408432293e-008, 8.8284816957e-011]
    },
    "erbbands": {
        "mean": [1.77482736111, 8.4186706543, 7.91152334213, 7.7073469162, 11.7999725342, 7.83330392838, 7.44952869415, 11.1156539917, 9.81188964844, 9.25447463989, 22.4868507385, 13.3636665344, 10.7512578964, 12.261920929, 12.8536338806, 7.07188940048, 7.29066467285, 5.23734045029, 6.02194929123, 5.49188995361, 6.79139518738, 8.10057163239, 8.07849025726, 11.4261016846, 11.6448221207, 10.7771606445, 14.1228237152, 12.6277065277, 14.3294687271, 14.8890075684, 13.2372093201, 8.79071521759, 5.32055807114, 2.32641983032, 0.769522547722, 0.236045658588, 0.0543650425971, 0.00730074802414, 0.000240643305006, 8.94967379281e-005],
        "var": [2.38014650345, 37.8247833252, 190.931213379, 369.714782715, 779.387756348, 192.94833374, 162.026916504, 871.648132324, 273.441589355, 222.194641113, 939.555969238, 459.2684021, 345.265136719, 1047.51403809, 989.104553223, 217.25567627, 218.505493164, 93.7756118774, 112.205825806, 127.953147888, 262.820587158, 369.870361328, 401.267913818, 1028.40734863, 854.002807617, 767.262451172, 1307.96386719, 1070.72094727, 1345.78820801, 1603.09289551, 1352.04052734, 675.367248535, 251.914581299, 47.5296516418, 5.93030977249, 0.590231895447, 0.0330497287214, 0.00100706459489, 1.48829587943e-006, 3.47263240386e-009]
    },
    "gfcc": {
        "mean": [-44.4949798584, 112.012367249, -67.6025772095, 42.0234298706, -56.3988838196, 34.6538925171, -22.022605896, 13.2952976227, -7.24633932114, 2.23121929169, -5.49913454056, -1.6226657629, -3.32075405121],
        "cov": [[8755.93652344, -2059.06323242, -1581.2076416, 1301.59338379, -632.191162109, -82.150177002, -669.233154297, 136.278320313, -557.273376465, 144.999908447, -405.559570313, 234.373352051, -265.217468262], [-2059.06323242, 3453.51318359, 823.688476563, -1166.26208496, 606.136474609, 235.401809692, 493.936462402, -124.340065002, 507.42276001, -304.060394287, 276.148284912, -285.786804199, 189.662643433], [-1581.2076416, 823.688476563, 1064.44750977, -51.140247345, 220.627258301, 136.848617554, 209.682815552, -22.2419624329, 220.40864563, -67.8985366821, 68.2178726196, -91.932510376, 69.5995864868], [1301.59338379, -1166.26208496, -51.140247345, 1109.90612793, 7.66816997528, -45.340385437, -7.02479696274, 84.5023345947, -86.1789703369, 61.0182876587, -79.4708404541, 58.6116523743, -26.0560131073], [-632.191162109, 606.136474609, 220.627258301, 7.66816997528, 480.538665771, 115.490745544, 216.320663452, 7.37356948853, 163.456939697, -80.2791061401, 97.631187439, -34.8323631287, 72.6829910278], [-82.150177002, 235.401809692, 136.848617554, -45.340385437, 115.490745544, 191.071151733, 99.438331604, -4.43284797668, 69.4201126099, -12.6007804871, 50.6944198608, -7.59252882004, 34.3102874756], [-669.233154297, 493.936462402, 209.682815552, -7.02479696274, 216.320663452, 99.438331604, 287.674713135, 25.4687004089, 140.751037598, -30.2161827087, 108.704177856, -36.1207313538, 64.4992980957], [136.278320313, -124.340065002, -22.2419624329, 84.5023345947, 7.37356948853, -4.43284797668, 25.4687004089, 80.1570663452, 16.7647647858, 31.5380649567, 2.47293281555, 21.4678707123, -5.84312868118], [-557.273376465, 507.42276001, 220.40864563, -86.1789703369, 163.456939697, 69.4201126099, 140.751037598, 16.7647647858, 186.716690063, -18.5060119629, 74.878944397, -49.8019218445, 49.7109260559], [144.999908447, -304.060394287, -67.8985366821, 61.0182876587, -80.2791061401, -12.6007804871, -30.2161827087, 31.5380649567, -18.5060119629, 103.283332825, 3.92714309692, 31.7030200958, -27.8814125061], [-405.559570313, 276.148284912, 68.2178726196, -79.4708404541, 97.631187439, 50.6944198608, 108.704177856, 2.47293281555, 74.878944397, 3.92714309692, 108.272491455, -1.4208637476, 40.3746910095], [234.373352051, -285.786804199, -91.932510376, 58.6116523743, -34.8323631287, -7.59252882004, -36.1207313538, 21.4678707123, -49.8019218445, 31.7030200958, -1.4208637476, 94.2359542847, 5.52734994888], [-265.217468262, 189.662643433, 69.5995864868, -26.0560131073, 72.6829910278, 34.3102874756, 64.4992980957, -5.84312868118, 49.7109260559, -27.8814125061, 40.3746910095, 5.52734994888, 87.294090271]],
        "icov": [[0.000472851301311, -0.000745214754716, 0.000737932161428, -0.00109046627767, 0.000450535386335, -0.00108847289812, 0.000973227666691, -0.000649306515697, 0.000537596642971, -0.000502361392137, 0.000963258615229, -0.00100468494929, 0.000583532440942], [-0.000745214754716, 0.00281281792559, -0.00145680410787, 0.00297449086793, -0.00107208860572, 0.00191668455955, -0.00222863256931, 0.00133696256671, -0.00248134043068, 0.00332470471039, -0.00257945479825, 0.00330131594092, -0.000991726759821], [0.000737932161428, -0.00145680410787, 0.00258297845721, -0.00204066117294, 0.000883861968759, -0.00215101754293, 0.00119549361989, -0.000330727169057, -0.000383426959161, -0.000945667503402, 0.00231581320986, -0.00167930196039, 0.000894255237654], [-0.00109046627767, 0.00297449086793, -0.00204066117294, 0.00466891471297, -0.0017766286619, 0.00286620785482, -0.00329783605412, 0.000818969798274, -0.00158956844825, 0.00218731560744, -0.00169006804936, 0.00346258445643, -0.00174459570553], [0.000450535386335, -0.00107208860572, 0.000883861968759, -0.0017766286619, 0.00477996747941, -0.00190024788026, -0.000201668022783, -0.000625651038717, -0.00153629889246, 0.00220796698704, -0.000107040948933, -0.00234736362472, 0.00111545517575], [-0.00108847289812, 0.00191668455955, -0.00215101754293, 0.00286620785482, -0.00190024788026, 0.00960675626993, -0.00375051866286, 0.00285345502198, -0.00201584096067, 0.00064468733035, -0.0025770063512, 0.00139986549038, -0.0016752241645], [0.000973227666691, -0.00222863256931, 0.00119549361989, -0.00329783605412, -0.000201668022783, -0.00375051866286, 0.0114693371579, -0.0049059977755, 0.000861999578774, -0.000659068522509, -0.00379754416645, -0.00019104432431, -0.000232160993619], [-0.000649306515697, 0.00133696256671, -0.000330727169057, 0.000818969798274, -0.000625651038717, 0.00285345502198, -0.0049059977755, 0.0200708135962, -0.00615379912779, -0.00310567510314, 0.00235904101282, -0.00388620793819, 0.00166580243967], [0.000537596642971, -0.00248134043068, -0.000383426959161, -0.00158956844825, -0.00153629889246, -0.00201584096067, 0.000861999578774, -0.00615379912779, 0.0174671784043, -0.00567137775943, -0.00151818699669, 0.00407215673476, -0.00343563151546], [-0.000502361392137, 0.00332470471039, -0.000945667503402, 0.00218731560744, 0.00220796698704, 0.00064468733035, -0.000659068522509, -0.00310567510314, -0.00567137775943, 0.0215026549995, -0.00838528107852, -0.000269208976533, 0.00483721215278], [0.000963258615229, -0.00257945479825, 0.00231581320986, -0.00169006804936, -0.000107040948933, -0.0025770063512, -0.00379754416645, 0.00235904101282, -0.00151818699669, -0.00838528107852, 0.023867469281, -0.00664142752066, -0.00218630000018], [-0.00100468494929, 0.00330131594092, -0.00167930196039, 0.00346258445643, -0.00234736362472, 0.00139986549038, -0.00019104432431, -0.00388620793819, 0.00407215673476, -0.000269208976533, -0.00664142752066, 0.0219577010721, -0.00729095283896], [0.000583532440942, -0.000991726759821, 0.000894255237654, -0.00174459570553, 0.00111545517575, -0.0016752241645, -0.000232160993619, 0.00166580243967, -0.00343563151546, 0.00483721215278, -0.00218630000018, -0.00729095283896, 0.0191364344209]]
    },
    "melbands": {
        "mean": [0.0143791632727, 0.00664227688685, 0.00151982542593, 0.000725910183974, 0.000266032177024, 0.00024651773856, 0.000147776823724, 0.000114288231998, 0.000175437453436, 7.72080747993e-005, 5.28030759597e-005, 4.85309574287e-005, 5.27098964085e-005, 2.2796997655e-005, 1.49524912558e-005, 1.44313908095e-005, 9.15075270314e-006, 9.81709672487e-006, 7.48237698645e-006, 7.04653075445e-006, 8.19828164822e-006, 8.67210655997e-006, 7.038583135e-006, 7.96405856818e-006, 9.36490141612e-006, 9.30398982746e-006, 6.43066960038e-006, 7.52343612476e-006, 7.75326407165e-006, 9.72804627963e-006, 6.62084039504e-006, 7.89518162492e-006, 8.11855989014e-006, 8.5061410573e-006, 8.04086084827e-006, 6.22697325525e-006, 5.08223774887e-006, 4.02841715186e-006, 2.69309612122e-006, 1.69611882939e-006],
        "var": [0.000100912970083, 5.1764305681e-005, 1.3068141925e-005, 2.18844525079e-006, 1.8554054293e-007, 3.8539727143e-007, 6.08307928474e-008, 2.92341102437e-008, 5.44506946198e-008, 1.51989762998e-008, 9.44146982818e-009, 1.91351041678e-008, 2.19849614069e-008, 4.05728295405e-009, 4.88789508868e-010, 1.66101155052e-009, 3.18416515377e-010, 3.24864107837e-010, 2.12757533813e-010, 2.36028863121e-010, 4.1204509249e-010, 4.53625054186e-010, 2.61456467587e-010, 4.73950378943e-010, 7.2614397828e-010, 5.92424942436e-010, 2.49411102882e-010, 4.35859903725e-010, 3.62518959296e-010, 8.52565462672e-010, 2.69283290111e-010, 4.14853457142e-010, 4.33612784567e-010, 5.57617951813e-010, 5.06990394111e-010, 3.14436504611e-010, 2.44025605278e-010, 1.49731727017e-010, 6.49356124427e-011, 2.70366402877e-011]
    },
    "mfcc": {
        "mean": [-697.968811035, 137.213546753, 49.6681060791, 21.8667564392, 9.62446022034, 19.4443492889, 6.5354719162, 16.0408439636, 7.32362699509, 11.720334053, 6.55466651917, 5.27612638474, 3.34378743172],
        "cov": [[9952.3671875, -3378.84326172, -1132.94555664, 756.550292969, -184.550552368, -231.35357666, -284.229187012, -233.190292358, -261.034332275, -235.738983154, -224.585388184, -187.104507446, -239.160888672], [-3378.84326172, 4214.67480469, 420.271820068, -951.146057129, 185.778625488, 152.734802246, 121.397987366, 264.665374756, 184.991775513, 132.193817139, 177.846160889, 92.4511260986, 125.193397522], [-1132.94555664, 420.271820068, 773.381958008, 60.176700592, 62.0264282227, 109.840049744, 28.2667350769, 60.304309845, 76.3182449341, 80.8550109863, 42.5673141479, 4.95094156265, -3.28060317039], [756.550292969, -951.146057129, 60.176700592, 713.091552734, 110.449569702, 65.5398712158, 57.4650840759, 58.3102684021, 42.8590202332, 33.961101532, 0.610068559647, -7.42856502533, -41.4077415466], [-184.550552368, 185.778625488, 62.0264282227, 110.449569702, 244.389419556, 112.98866272, 45.856502533, 90.1174850464, 50.5195960999, 30.7652606964, 20.8868370056, 1.44203495979, 10.9981145859], [-231.35357666, 152.734802246, 109.840049744, 65.5398712158, 112.98866272, 185.933151245, 96.6524276733, 84.5212020874, 54.6374130249, 40.9515228271, 31.3423309326, 37.7147064209, 20.9796161652], [-284.229187012, 121.397987366, 28.2667350769, 57.4650840759, 45.856502533, 96.6524276733, 138.244873047, 76.2135848999, 36.1863098145, 23.7354793549, 29.9803981781, 40.6242485046, 26.513715744], [-233.190292358, 264.665374756, 60.304309845, 58.3102684021, 90.1174850464, 84.5212020874, 76.2135848999, 137.980895996, 63.1230125427, 27.4353961945, 33.811126709, 31.707485199, 19.5729103088], [-261.034332275, 184.991775513, 76.3182449341, 42.8590202332, 50.5195960999, 54.6374130249, 36.1863098145, 63.1230125427, 91.327331543, 46.5245132446, 22.061580658, 21.6923046112, 15.7345724106], [-235.738983154, 132.193817139, 80.8550109863, 33.961101532, 30.7652606964, 40.9515228271, 23.7354793549, 27.4353961945, 46.5245132446, 78.8769302368, 48.4302597046, 22.4292411804, 14.6030244827], [-224.585388184, 177.846160889, 42.5673141479, 0.610068559647, 20.8868370056, 31.3423309326, 29.9803981781, 33.811126709, 22.061580658, 48.4302597046, 93.1407089233, 48.6354446411, 21.1542568207], [-187.104507446, 92.4511260986, 4.95094156265, -7.42856502533, 1.44203495979, 37.7147064209, 40.6242485046, 31.707485199, 21.6923046112, 22.4292411804, 48.6354446411, 71.5183486938, 33.702041626], [-239.160888672, 125.193397522, -3.28060317039, -41.4077415466, 10.9981145859, 20.9796161652, 26.513715744, 19.5729103088, 15.7345724106, 14.6030244827, 21.1542568207, 33.702041626, 54.1710281372]],
        "icov": [[0.000183150958037, 8.50478027132e-005, 0.000239096785663, -0.000100893324998, 0.000128042491269, -0.000255287915934, 0.000398486183258, -0.000218174827751, 0.000150019783177, 7.7420641901e-005, -5.16988257004e-005, 0.000130659987917, 0.00038052428863], [8.50478027132e-005, 0.000652356538922, -0.000124046651763, 0.000976278330199, -0.000393682537833, 0.000246806419455, -0.000139727097121, -0.000981025397778, -0.000516956148203, -0.000188022284419, -0.000637027202174, 0.000441265699919, 0.000188847057871], [0.000239096785663, -0.000124046651763, 0.00199973047711, -0.000525261973962, 0.000679071294144, -0.00154354062397, 0.0011854832992, -0.000192222447367, -0.000150691688759, -0.000834331673104, -0.000213274470298, 0.000870247022249, 0.000821572029963], [-0.000100893324998, 0.000976278330199, -0.000525261973962, 0.00350155681372, -0.00160004582722, 0.00108683959115, -0.00162770599127, -0.00138994574081, -0.00121082412079, -0.00131985475309, -0.000309012713842, -9.18115183595e-005, 0.0020311542321], [0.000128042491269, -0.000393682537833, 0.000679071294144, -0.00160004582722, 0.00796820037067, -0.00491953222081, 0.00282526970841, -0.00298519409262, 0.000196710883756, 0.000520440749824, -0.00138373044319, 0.00454027252272, -0.00220527267084], [-0.000255287915934, 0.000246806419455, -0.00154354062397, 0.00108683959115, -0.00491953222081, 0.0136315030977, -0.00713548995554, -0.000621665734798, -0.0009670490399, -0.00270000239834, 0.00241577974521, -0.00472999969497, 0.00148447207175], [0.000398486183258, -0.000139727097121, 0.0011854832992, -0.00162770599127, 0.00282526970841, -0.00713548995554, 0.0160403233021, -0.00548439286649, 0.00196320540272, 0.000312714342726, 3.87099898944e-005, -0.00155781931244, -0.00247004954144], [-0.000218174827751, -0.000981025397778, -0.000192222447367, -0.00138994574081, -0.00298519409262, -0.000621665734798, -0.00548439286649, 0.018432540819, -0.00809546001256, 0.00537120271474, -0.00269686686806, -0.00149036478251, -1.5096307834e-005], [0.000150019783177, -0.000516956148203, -0.000150691688759, -0.00121082412079, 0.000196710883756, -0.0009670490399, 0.00196320540272, -0.00809546001256, 0.0242626462132, -0.0128039875999, 0.00714407674968, -0.00394059251994, -0.00071285024751], [7.7420641901e-005, -0.000188022284419, -0.000834331673104, -0.00131985475309, 0.000520440749824, -0.00270000239834, 0.000312714342726, 0.00537120271474, -0.0128039875999, 0.0295553579926, -0.0147331170738, 0.00540752895176, -0.0032959182281], [-5.16988257004e-005, -0.000637027202174, -0.000213274470298, -0.000309012713842, -0.00138373044319, 0.00241577974521, 3.87099898944e-005, -0.00269686686806, 0.00714407674968, -0.0147331170738, 0.0260874498636, -0.0161171890795, 0.00303203007206], [0.000130659987917, 0.000441265699919, 0.000870247022249, -9.18115183595e-005, 0.00454027252272, -0.00472999969497, -0.00155781931244, -0.00149036478251, -0.00394059251994, 0.00540752895176, -0.0161171890795, 0.0345897339284, -0.013788336888], [0.00038052428863, 0.000188847057871, 0.000821572029963, 0.0020311542321, -0.00220527267084, 0.00148447207175, -0.00247004954144, -1.5096307834e-005, -0.00071285024751, -0.0032959182281, 0.00303203007206, -0.013788336888, 0.0308829694986]]
    },
    "spectral_contrast_coeffs": {
        "mean": [-0.693313956261, -0.763099431992, -0.770094692707, -0.808337986469, -0.829289138317, -0.790330886841],
        "var": [0.0063670524396, 0.00383870606311, 0.00528306281194, 0.00339864799753, 0.00221018772572, 0.00240536313504]
    },
    "spectral_contrast_valleys": {
        "mean": [-6.67836999893, -6.89469528198, -7.87624311447, -8.54632759094, -8.51859283447, -10.3628387451],
        "var": [1.46220052242, 0.999566555023, 0.977253615856, 1.31679356098, 2.18075728416, 1.91249406338]
    }
},
"metadata": {
    "audio_properties": {
        "analysis_sample_rate": 44100,
        "bit_rate": 109324,
        "equal_loudness": 0,
        "length": 45.0612258911,
        "lossless": 0,
        "replay_gain": -8.20471763611,
        "sample_rate": 44100,
        "codec": "mp3",
        "downmix": "mix",
        "md5_encoded": "2e7cbc3ac4b56b50b84182d1f2c62d31"
    },
    "tags": {
        "file_name": "audio\\697.mp3"
    },
    "version": {
        "essentia": "2.1-beta2",
        "essentia_git_sha": "v2.1_beta2",
        "extractor": "music 1.0"
    }
},
"rhythm": {
    "beats_count": 132,
    "beats_loudness": {
        "mean": 0.0802862271667,
        "var": 0.000878179853316
    },
    "bpm": 178.205886841,
    "bpm_histogram_first_peak_bpm": {
        "mean": 178,
        "var": 0
    },
    "bpm_histogram_first_peak_spread": {
        "mean": 0,
        "var": 0
    },
    "bpm_histogram_first_peak_weight": {
        "mean": 0.511450409889,
        "var": 0
    },
    "bpm_histogram_second_peak_bpm": {
        "mean": 172,
        "var": 0
    },
    "bpm_histogram_second_peak_spread": {
        "mean": 0,
        "var": 0
    },
    "bpm_histogram_second_peak_weight": {
        "mean": 0.374045789242,
        "var": 0
    },
    "danceability": 1.08671057224,
    "onset_rate": 4.72477197647,
    "beats_loudness_band_ratio": {
        "mean": [0.778317034245, 0.0426937304437, 0.0337015874684, 0.0187141783535, 0.0268970672041, 0.111825160682],
        "var": [0.050705883652, 0.00289737153798, 0.00769210234284, 0.00277778087184, 0.000516885134857, 0.0245204027742]
    },
    "beats_position": [0.301859408617, 0.626938760281, 0.975238084793, 1.31192743778, 1.66022670269, 1.98530614376, 2.32199549675, 2.65868473053, 2.99537420273, 3.34367346764, 3.68036270142, 4.00544214249, 4.34213161469, 4.67882061005, 5.01551008224, 5.36380958557, 5.70049858093, 6.03718805313, 6.38548755646, 6.72217655182, 7.07047605515, 7.40716552734, 7.75546455383, 8.10376358032, 8.44045352936, 8.77714252472, 9.12544155121, 9.47374153137, 9.82204055786, 10.1703395844, 10.4954195023, 10.8204984665, 11.1571884155, 11.4938774109, 11.8421764374, 12.1904764175, 12.538775444, 12.8638544083, 13.2005443573, 13.5372333527, 13.873922348, 14.2106122971, 14.5589113235, 14.8839902878, 15.2090702057, 15.545759201, 15.8940582275, 16.2307472229, 16.5674381256, 16.904127121, 17.2524261475, 17.600725174, 17.9490242004, 18.2857131958, 18.6224040985, 18.970703125, 19.3073921204, 19.6440811157, 19.9923801422, 20.3406791687, 20.6889801025, 21.037279129, 21.3739681244, 21.7106571198, 22.0473461151, 22.3840351105, 22.7323360443, 23.0690250397, 23.405714035, 23.7424030304, 24.102312088, 24.4506111145, 24.7873020172, 25.1239910126, 25.4490699768, 25.7625389099, 26.0992279053, 26.435918808, 26.7726078033, 27.1092967987, 27.4459857941, 27.7942848206, 28.142583847, 28.4792747498, 28.8275737762, 29.1642627716, 29.5125617981, 29.8492507935, 30.1859397888, 30.5342407227, 30.8825397491, 31.2308387756, 31.5791378021, 31.9274368286, 32.2525177002, 32.5892066956, 32.9142837524, 33.2509727478, 33.5992736816, 33.935962677, 34.2842636108, 34.6209526062, 34.9576416016, 35.2943305969, 35.6310195923, 35.9677085876, 36.3160095215, 36.6410865784, 36.96616745, 37.3028564453, 37.6395454407, 37.9878463745, 38.3245353699, 38.6612243652, 39.0095214844, 39.3578224182, 39.6945114136, 40.0312004089, 40.3795013428, 40.7277984619, 41.0644874573, 41.4011802673, 41.7494773865, 42.0977783203, 42.4460754395, 42.7943763733, 43.1310653687, 43.467754364, 43.8044433594, 44.1411323547, 44.4894332886, 44.8261222839]
},
"tonal": {
    "chords_changes_rate": 0.0874485597014,
    "chords_number_rate": 0.0102880662307,
    "chords_strength": {
        "mean": 0.387717008591,
        "var": 0.00513775879517
    },
    "hpcp_entropy": {
        "mean": 2.2499268055,
        "var": 0.700458347797
    },
    "key_strength": 0.670331537724,
    "tuning_diatonic_strength": 0.379673361778,
    "tuning_equal_tempered_deviation": 0.194270610809,
    "tuning_frequency": 434.193115234,
    "tuning_nontempered_energy_ratio": 0.946243584156,
    "hpcp": {
        "mean": [0.110650569201, 0.0930257514119, 0.0484048202634, 0.0357824452221, 0.0363619662821, 0.0538507848978, 0.129868343472, 0.16662761569, 0.138288572431, 0.124512813985, 0.0897113233805, 0.053599819541, 0.0512488745153, 0.0510793253779, 0.040644749999, 0.0507525242865, 0.0603423826396, 0.048364367336, 0.0414944179356, 0.0409413091838, 0.0753767564893, 0.15774397552, 0.154390603304, 0.151331320405, 0.186548396945, 0.102642051876, 0.0327392816544, 0.0469902381301, 0.051450394094, 0.0496590770781, 0.100786246359, 0.117670297623, 0.0973551422358, 0.137147814035, 0.149008736014, 0.112950012088],
        "var": [0.0549725629389, 0.0421860516071, 0.0195883754641, 0.0175259765238, 0.0181857626885, 0.0243090000004, 0.0695195943117, 0.0944433957338, 0.071948595345, 0.0812576636672, 0.0490001961589, 0.0268745142967, 0.0195233840495, 0.0183138251305, 0.013464294374, 0.0134273655713, 0.0168625824153, 0.0193288587034, 0.0188561715186, 0.0167338624597, 0.0378889665008, 0.0911563634872, 0.0825504884124, 0.0607942603528, 0.127821654081, 0.0425252355635, 0.014836772345, 0.0146170770749, 0.0170379262418, 0.0139182889834, 0.0523922480643, 0.0638631209731, 0.0481360554695, 0.0830971375108, 0.093553379178, 0.0570139102638]
    },
    "chords_histogram": [1.33744859695, 0, 1.95473253727, 27.7777786255, 15.2263374329, 0.205761313438, 0.205761313438, 18.5185184479, 15.4320983887, 4.01234579086, 0, 0, 0, 0.308641970158, 0, 5.24691343307, 0, 7.09876537323, 0, 0, 0.925925910473, 0.308641970158, 1.44032919407, 0],
    "thpcp": [1, 0.550216734409, 0.175500199199, 0.251893013716, 0.275801867247, 0.266199439764, 0.540268599987, 0.630776226521, 0.521876037121, 0.735186219215, 0.798767149448, 0.60547298193, 0.59314674139, 0.498668193817, 0.259475946426, 0.191813200712, 0.194919750094, 0.288669258356, 0.696164369583, 0.893213868141, 0.741301298141, 0.667455852032, 0.480901062489, 0.287323921919, 0.274721592665, 0.273812741041, 0.217877775431, 0.272060900927, 0.323467701674, 0.259259074926, 0.22243244946, 0.219467490911, 0.404060065746, 0.845592796803, 0.827616870403, 0.811217486858],
    "chords_key": "G",
    "chords_scale": "major",
    "key_key": "A",
    "key_scale": "minor"
}
}