{
"lowlevel": {
    "average_loudness": 0.801106989384,
    "barkbands_crest": {
        "mean": 12.2207670212,
        "var": 14.6558475494
    },
    "barkbands_flatness_db": {
        "mean": 0.302449375391,
        "var": 0.0106134852394
    },
    "barkbands_kurtosis": {
        "mean": 13.1651935577,
        "var": 210.661743164
    },
    "barkbands_skewness": {
        "mean": 2.09767842293,
        "var": 1.70064342022
    },
    "barkbands_spread": {
        "mean": 6.61554002762,
        "var": 113.416946411
    },
    "dissonance": {
        "mean": 0.363133609295,
        "var": 0.00565190380439
    },
    "dynamic_complexity": 4.28799724579,
    "erbbands_crest": {
        "mean": 12.6926345825,
        "var": 16.574716568
    },
    "erbbands_flatness_db": {
        "mean": 0.246831849217,
        "var": 0.00451771914959
    },
    "erbbands_kurtosis": {
        "mean": 5.66581964493,
        "var": 54.3888511658
    },
    "erbbands_skewness": {
        "mean": 1.54482090473,
        "var": 1.30159461498
    },
    "erbbands_spread": {
        "mean": 20.189365387,
        "var": 376.583251953
    },
    "hfc": {
        "mean": 9.22161388397,
        "var": 278.313812256
    },
    "melbands_crest": {
        "mean": 14.2225103378,
        "var": 14.8299779892
    },
    "melbands_flatness_db": {
        "mean": 0.412187695503,
        "var": 0.0163360834122
    },
    "melbands_kurtosis": {
        "mean": 19.4473514557,
        "var": 482.61605835
    },
    "melbands_skewness": {
        "mean": 2.51576328278,
        "var": 2.09790015221
    },
    "melbands_spread": {
        "mean": 7.47845458984,
        "var": 282.990142822
    },
    "pitch_salience": {
        "mean": 0.538239955902,
        "var": 0.00987558159977
    },
    "silence_rate_20dB": {
        "mean": 1,
        "var": 0
    },
    "silence_rate_30dB": {
        "mean": 0.991761088371,
        "var": 0.00817092042416
    },
    "silence_rate_60dB": {
        "mean": 0.0787847563624,
        "var": 0.0725787058473
    },
    "spectral_centroid": {
        "mean": 460.257568359,
        "var": 348337.1875
    },
    "spectral_complexity": {
        "mean": 6.73326444626,
        "var": 14.9854736328
    },
    "spectral_decrease": {
        "mean": -5.63700153222e-009,
        "var": 2.83734629896e-017
    },
    "spectral_energy": {
        "mean": 0.0221117846668,
        "var": 0.000452536653029
    },
    "spectral_energyband_high": {
        "mean": 0.000198597597773,
        "var": 1.29053148612e-006
    },
    "spectral_energyband_low": {
        "mean": 0.00794721208513,
        "var": 4.66216733912e-005
    },
    "spectral_energyband_middle_high": {
        "mean": 0.00187940138858,
        "var": 3.02161824948e-005
    },
    "spectral_energyband_middle_low": {
        "mean": 0.0134896021336,
        "var": 0.000248203345109
    },
    "spectral_entropy": {
        "mean": 5.92346191406,
        "var": 0.828889429569
    },
    "spectral_flux": {
        "mean": 0.0445117875934,
        "var": 0.00163980212528
    },
    "spectral_kurtosis": {
        "mean": 32.181602478,
        "var": 1355.43286133
    },
    "spectral_rms": {
        "mean": 0.00418008584529,
        "var": 4.09933772971e-006
    },
    "spectral_rolloff": {
        "mean": 558.409057617,
        "var": 1549890.875
    },
    "spectral_skewness": {
        "mean": 4.07772111893,
        "var": 5.93349266052
    },
    "spectral_spread": {
        "mean": 3149579.5,
        "var": 5.61550091878e+012
    },
    "spectral_strongpeak": {
        "mean": 0.79358625412,
        "var": 1.41575050354
    },
    "zerocrossingrate": {
        "mean": 0.0237857326865,
        "var": 0.00128019694239
    },
    "barkbands": {
        "mean": [3.87258660339e-005, 0.00368951587006, 0.00304459081963, 0.00199359399267, 0.00670327572152, 0.00105183396954, 0.000571482698433, 0.000760916154832, 0.00174780283123, 0.000804210256319, 0.000476990360767, 0.000203158968361, 0.000191606974113, 0.000201735820156, 0.000158870505402, 0.000111351400847, 3.73761504306e-005, 6.27939953119e-005, 3.63770923286e-005, 5.4019921663e-005, 2.1776637368e-005, 2.60904434981e-005, 4.20458745793e-005, 4.72732426715e-005, 2.84757079498e-005, 5.65394520891e-006, 2.5021483907e-007],
        "var": [8.13028977475e-010, 9.34810577746e-006, 1.27313869598e-005, 5.78590925215e-006, 6.33541349089e-005, 3.5578252664e-006, 1.91811227523e-006, 7.92246373749e-006, 6.62813035888e-005, 1.24776015582e-005, 4.75599017591e-006, 1.00617171483e-006, 6.68725590458e-007, 9.24772621147e-007, 3.07923528453e-007, 2.70648968126e-007, 1.68386691257e-008, 7.67787611267e-008, 2.12324788862e-008, 3.40541959076e-008, 2.25273453225e-008, 3.79894657954e-008, 7.72025501306e-008, 1.36147406238e-007, 2.18991331735e-008, 5.3221077545e-010, 1.04971662872e-012]
    },
    "erbbands": {
        "mean": [0.0683459118009, 0.97387444973, 2.83207845688, 6.48880434036, 11.3951892853, 26.6049823761, 18.6484851837, 7.20702171326, 6.45999574661, 15.4576330185, 14.7664394379, 33.613483429, 50.7681045532, 11.2616491318, 21.9519367218, 8.10470581055, 8.73404216766, 11.4344902039, 8.69585800171, 5.86615228653, 4.72905397415, 2.46127462387, 3.48739695549, 2.24847912788, 1.93495953083, 2.61768078804, 1.26023077965, 0.879606664181, 0.911502361298, 1.01592540741, 1.20555007458, 0.777312278748, 0.951367378235, 0.509358167648, 0.0886131972075, 0.0197622086853, 0.0127479052171, 0.00207862630486, 5.44847134734e-005, 2.66977185674e-005],
        "var": [0.00475829141214, 0.644776701927, 7.47677755356, 48.010055542, 215.810913086, 1329.08361816, 595.234619141, 282.79107666, 207.763534546, 2555.13842773, 3765.13110352, 20539.0429688, 55083.5546875, 1585.38293457, 9707.10742188, 1046.43469238, 1350.07727051, 2971.82861328, 991.934448242, 384.652435303, 463.633117676, 83.0584411621, 225.620162964, 93.4873275757, 57.1797103882, 81.5324401855, 44.9812088013, 40.2739219666, 48.6230163574, 42.2963256836, 68.2676696777, 42.9544525146, 45.6855621338, 7.52042102814, 0.277177810669, 0.0198310296983, 0.0024420437403, 4.72201354569e-005, 2.12922568466e-008, 7.58439255844e-010]
    },
    "gfcc": {
        "mean": [-141.856842041, 157.442443848, -55.0698165894, 17.2625389099, -50.5389671326, 8.10415744781, -38.7740478516, 1.49554419518, -24.494354248, -10.5968637466, -11.9471940994, -13.8134088516, -4.1183180809],
        "cov": [[12426.6982422, -2745.91845703, -3258.67602539, 193.707809448, -668.668334961, 40.5879821777, -426.755706787, 665.627502441, -418.829803467, 78.7871398926, -173.309738159, 49.8290138245, -134.832763672], [-2745.91845703, 2542.08374023, 766.445800781, -633.214477539, 747.878112793, 96.5132217407, 316.160125732, -426.473907471, 253.446777344, -154.018936157, 168.450912476, -148.891082764, 79.9668502808], [-3258.67602539, 766.445800781, 2218.91308594, 334.6378479, 143.529022217, 168.311019897, 294.304046631, -103.541488647, 118.317764282, 52.8327331543, 48.0438346863, 26.1011695862, -56.7979431152], [193.707809448, -633.214477539, 334.6378479, 849.070251465, -138.091384888, 14.1010560989, 32.5509529114, 189.204483032, 3.78963446617, 36.8461456299, 24.0613327026, 23.7949771881, -10.8263902664], [-668.668334961, 747.878112793, 143.529022217, -138.091384888, 538.178344727, 92.3896942139, 175.335479736, -45.0491447449, 96.6273269653, -39.9709320068, 44.9156150818, -19.3827342987, -21.6798267365], [40.5879821777, 96.5132217407, 168.311019897, 14.1010560989, 92.3896942139, 262.240142822, 125.534500122, -53.9143447876, 11.6957893372, 18.8075561523, 12.6844301224, 2.68199968338, -15.4756975174], [-426.755706787, 316.160125732, 294.304046631, 32.5509529114, 175.335479736, 125.534500122, 271.137634277, -38.9252052307, 27.8920707703, 1.19196403027, 23.1104640961, 18.6335449219, -27.046125412], [665.627502441, -426.473907471, -103.541488647, 189.204483032, -45.0491447449, -53.9143447876, -38.9252052307, 275.542480469, -2.03422188759, 23.4595565796, -24.4567337036, 19.7572402954, -6.56914043427], [-418.829803467, 253.446777344, 118.317764282, 3.78963446617, 96.6273269653, 11.6957893372, 27.8920707703, -2.03422188759, 132.53805542, -10.2802152634, 6.22127056122, -11.2755060196, 21.4512825012], [78.7871398926, -154.018936157, 52.8327331543, 36.8461456299, -39.9709320068, 18.8075561523, 1.19196403027, 23.4595565796, -10.2802152634, 99.0097351074, -8.68543052673, 3.47309422493, -15.3719100952], [-173.309738159, 168.450912476, 48.0438346863, 24.0613327026, 44.9156150818, 12.6844301224, 23.1104640961, -24.4567337036, 6.22127056122, -8.68543052673, 99.3341064453, -14.284201622, -12.2993431091], [49.8290138245, -148.891082764, 26.1011695862, 23.7949771881, -19.3827342987, 2.68199968338, 18.6335449219, 19.7572402954, -11.2755060196, 3.47309422493, -14.284201622, 90.7204742432, -18.3393421173], [-134.832763672, 79.9668502808, -56.7979431152, -10.8263902664, -21.6798267365, -15.4756975174, -27.046125412, -6.56914043427, 21.4512825012, -15.3719100952, -12.2993431091, -18.3393421173, 115.339187622]],
        "icov": [[0.000204262993066, -0.000126948420075, 0.000336397322826, -0.000127307721414, 0.00023893834441, -0.000405234866776, 7.49605460442e-005, -0.000457780988654, 0.000339806400007, -8.73447643244e-005, 0.000264919915935, -6.73936592648e-005, 0.000405247032177], [-0.000126948420075, 0.00309434602968, -0.00110810762271, 0.00177608395461, -0.00239433697425, 0.00152700254694, -0.00154888886027, 0.0024223420769, -0.00248902780004, 0.00205297628418, -0.00304600200616, 0.0029088279698, -0.0022689125035], [0.000336397322826, -0.00110810762271, 0.00144388794433, -0.000999174895696, 0.00110935978591, -0.00105425226502, 4.54584551335e-005, -0.00099799502641, 0.000707552244421, -0.00105043652002, 0.00128526880872, -0.00104708247818, 0.00149862887338], [-0.000127307721414, 0.00177608395461, -0.000999174895696, 0.00276966998354, -0.000768341880757, 0.000750250357669, -0.00122716580518, 0.000129457795992, -0.00163667311426, 0.00121230771765, -0.00259496155195, 0.00162397651002, -0.00148895278107], [0.00023893834441, -0.00239433697425, 0.00110935978591, -0.000768341880757, 0.00510660931468, -0.00174011685885, -0.000591725693084, -0.00256232568063, 0.000199605943635, -0.00058618147159, 0.00159502425231, -0.00151857861783, 0.0026686117053], [-0.000405234866776, 0.00152700254694, -0.00105425226502, 0.000750250357669, -0.00174011685885, 0.00653401901945, -0.00284532387741, 0.00274002202787, -0.00149763107765, -0.000175849636435, -0.00158520776313, 0.00150193693116, -0.0016178129008], [7.49605460442e-005, -0.00154888886027, 4.54584551335e-005, -0.00122716580518, -0.000591725693084, -0.00284532387741, 0.00734829297289, -0.000878509308677, 0.00169195642229, -0.000992951565422, 0.0013145605335, -0.00287941191345, 0.00148411397822], [-0.000457780988654, 0.0024223420769, -0.00099799502641, 0.000129457795992, -0.00256232568063, 0.00274002202787, -0.000878509308677, 0.00768283521757, -0.00272864964791, 0.000500170222949, -0.00137388601433, 0.00139485462569, -0.00192689662799], [0.000339806400007, -0.00248902780004, 0.000707552244421, -0.00163667311426, 0.000199605943635, -0.00149763107765, 0.00169195642229, -0.00272864964791, 0.0119977481663, -0.00136833649594, 0.0027842214331, -0.00172957603354, 3.77395213036e-006], [-8.73447643244e-005, 0.00205297628418, -0.00105043652002, 0.00121230771765, -0.00058618147159, -0.000175849636435, -0.000992951565422, 0.000500170222949, -0.00136833649594, 0.0128207691014, -0.00121304404456, 0.00251802220009, -3.28831811203e-005], [0.000264919915935, -0.00304600200616, 0.00128526880872, -0.00259496155195, 0.00159502425231, -0.00158520776313, 0.0013145605335, -0.00137388601433, 0.0027842214331, -0.00121304404456, 0.0145994648337, -0.000946453015786, 0.00385485962033], [-6.73936592648e-005, 0.0029088279698, -0.00104708247818, 0.00162397651002, -0.00151857861783, 0.00150193693116, -0.00287941191345, 0.00139485462569, -0.00172957603354, 0.00251802220009, -0.000946453015786, 0.0151320043951, -0.000176013665623], [0.000405247032177, -0.0022689125035, 0.00149862887338, -0.00148895278107, 0.0026686117053, -0.0016178129008, 0.00148411397822, -0.00192689662799, 3.77395213036e-006, -3.28831811203e-005, 0.00385485962033, -0.000176013665623, 0.0122159263119]]
    },
    "melbands": {
        "mean": [0.000867542228661, 0.00151273829397, 0.00120778428391, 0.0013652832713, 0.000856596161611, 0.000165712743183, 0.000104112623376, 0.000169543229276, 0.00011582942534, 0.000253144302405, 0.000248036638368, 3.38875070156e-005, 7.06958380761e-005, 3.3090942452e-005, 2.33750633925e-005, 1.31616297949e-005, 2.31315207202e-005, 1.20666927614e-005, 1.1286492736e-005, 8.82835411176e-006, 4.14585338149e-006, 2.32745583162e-006, 2.70068449026e-006, 3.1873912576e-006, 1.68510132426e-006, 1.20670756587e-006, 1.70875830463e-006, 1.74533954578e-006, 9.30433145641e-007, 4.88219370709e-007, 5.08000823629e-007, 5.29938688487e-007, 4.78193840081e-007, 6.05034983892e-007, 7.06917603566e-007, 6.29417229447e-007, 4.194806138e-007, 6.60615967263e-007, 6.91702268796e-007, 3.42634820072e-007],
        "var": [5.59840827918e-007, 1.64648372447e-006, 1.40847953389e-006, 2.71656404038e-006, 1.35674497415e-006, 1.27996941046e-007, 5.46057314921e-008, 3.34808760272e-007, 3.07036572167e-007, 1.30706644086e-006, 1.33442802053e-006, 2.16474873582e-008, 1.06096777586e-007, 2.2985311432e-008, 1.1931643229e-008, 2.38111153017e-009, 1.34490978354e-008, 2.17294537919e-009, 1.42539724468e-009, 1.94090876704e-009, 3.71663283483e-010, 7.00016850042e-011, 1.45950945774e-010, 2.30440208582e-010, 5.85866910541e-011, 2.27168509698e-011, 3.99114005734e-011, 3.6461177827e-011, 2.33558190149e-011, 1.45972192667e-011, 1.42557953289e-011, 1.83302279605e-011, 1.12870771757e-011, 1.45755074676e-011, 2.28642278721e-011, 2.14568363077e-011, 1.7014370815e-011, 2.85535883132e-011, 1.39638986138e-011, 3.70522883208e-012]
    },
    "mfcc": {
        "mean": [-803.105102539, 186.036514282, 52.2427825928, 21.5791473389, 18.6792888641, 0.104639701545, 6.07874584198, -0.805382370949, -2.89904284477, 4.09674501419, -6.55545139313, -8.69985866547, -2.77286124229],
        "cov": [[11320.8994141, -2024.96643066, -2841.36767578, -695.456542969, -198.890609741, -843.982788086, 36.8623466492, 2.08155536652, -235.124008179, 320.184906006, -351.735656738, -543.315063477, 502.42175293], [-2024.96643066, 2330.61743164, 146.229385376, -299.588684082, 188.924468994, 374.700622559, 95.7992248535, 11.1031942368, -20.8612422943, -8.00467681885, 156.741104126, 61.2907180786, -133.753448486], [-2841.36767578, 146.229385376, 1801.37805176, 484.817047119, 9.47997951508, 337.436828613, 78.1438217163, 31.98179245, 133.276702881, -95.9104232788, 102.621047974, 274.113311768, -86.9878616333], [-695.456542969, -299.588684082, 484.817047119, 590.700317383, 102.673522949, 9.63680648804, 59.2997703552, 107.78565979, 97.5977325439, -13.4205379486, 28.1089897156, 125.674697876, 56.542175293], [-198.890609741, 188.924468994, 9.47997951508, 102.673522949, 261.407348633, 11.6233091354, 34.4830093384, 65.4349136353, 46.5428123474, 46.7132110596, 29.7246284485, 39.4425506592, 22.6994247437], [-843.982788086, 374.700622559, 337.436828613, 9.63680648804, 11.6233091354, 466.946075439, 113.706176758, 66.3672561646, 16.8983860016, -12.6950979233, 113.796058655, 11.4621725082, -92.2170181274], [36.8623466492, 95.7992248535, 78.1438217163, 59.2997703552, 34.4830093384, 113.706176758, 210.685714722, 71.1464920044, -7.85911178589, 42.9659957886, 27.6223831177, 8.68671417236, 51.7913208008], [2.08155536652, 11.1031942368, 31.98179245, 107.78565979, 65.4349136353, 66.3672561646, 71.1464920044, 186.382522583, 37.8615531921, 7.63122606277, 17.3419742584, 6.81584596634, 34.5473213196], [-235.124008179, -20.8612422943, 133.276702881, 97.5977325439, 46.5428123474, 16.8983860016, -7.85911178589, 37.8615531921, 174.667953491, 8.9292345047, -9.54486942291, 23.3647441864, -4.90941953659], [320.184906006, -8.00467681885, -95.9104232788, -13.4205379486, 46.7132110596, -12.6950979233, 42.9659957886, 7.63122606277, 8.9292345047, 134.523422241, 13.5536279678, -22.4443187714, 0.534082055092], [-351.735656738, 156.741104126, 102.621047974, 28.1089897156, 29.7246284485, 113.796058655, 27.6223831177, 17.3419742584, -9.54486942291, 13.5536279678, 123.118492126, 19.0833320618, -39.3532028198], [-543.315063477, 61.2907180786, 274.113311768, 125.674697876, 39.4425506592, 11.4621725082, 8.68671417236, 6.81584596634, 23.3647441864, -22.4443187714, 19.0833320618, 166.711975098, 18.7252063751], [502.42175293, -133.753448486, -86.9878616333, 56.542175293, 22.6994247437, -92.2170181274, 51.7913208008, 34.5473213196, -4.90941953659, 0.534082055092, -39.3532028198, 18.7252063751, 199.432769775]],
        "icov": [[0.000225003401283, 0.000164728728123, 0.000238546563196, 0.000151921369252, 6.1476494011e-005, 3.51139096892e-005, -0.000122064404422, -7.69684120314e-005, 4.01917495765e-005, -0.000303511274979, 9.93062058114e-005, 0.000138027069625, -0.000332675932441], [0.000164728728123, 0.000788069039118, 0.000140962656587, 0.00070194125874, -0.000607188092545, -0.000267302646535, -0.000359907659004, 5.51100038138e-006, 5.31994146513e-007, 0.000110362510895, -0.000312355754431, -0.000280284264591, -2.15664967982e-005], [0.000238546563196, 0.000140962656587, 0.00142136937939, -0.000621430168394, 0.000455999135738, -0.000657700351439, -0.000331409450155, 0.000397376919864, -0.000396243180148, 7.22712647985e-005, 0.000142252378282, -0.00116447033361, 7.83974319347e-005], [0.000151921369252, 0.00070194125874, -0.000621430168394, 0.00362055725418, -0.00105452199932, 0.000632920360658, -0.000687888008542, -0.00127310538664, -0.000758230977226, 0.000312777701765, -0.000886600639205, -0.000869444396812, -0.000510448182467], [6.1476494011e-005, -0.000607188092545, 0.000455999135738, -0.00105452199932, 0.00571323884651, 0.000289974472253, 0.000331854098476, -0.00123326526955, -0.000843264337163, -0.00198471732438, -0.000608695438132, -0.000892400159501, -0.000504735275172], [3.51139096892e-005, -0.000267302646535, -0.000657700351439, 0.000632920360658, 0.000289974472253, 0.00451435381547, -0.00222222972661, -0.00111233524512, -0.000485656375531, 0.00103358132765, -0.00256559788249, 0.000933773582801, 0.00148149789311], [-0.000122064404422, -0.000359907659004, -0.000331409450155, -0.000687888008542, 0.000331854098476, -0.00222222972661, 0.00821393541992, -0.00169506564271, 0.00137490942143, -0.00298857199959, 0.000469433201943, 0.000164585580933, -0.00266915978864], [-7.69684120314e-005, 5.51100038138e-006, 0.000397376919864, -0.00127310538664, -0.00123326526955, -0.00111233524512, -0.00169506564271, 0.00783222354949, -0.00118731451221, 0.000955502095167, -0.000168484970345, 0.000580345222261, -0.000678186013829], [4.01917495765e-005, 5.31994146513e-007, -0.000396243180148, -0.000758230977226, -0.000843264337163, -0.000485656375531, 0.00137490942143, -0.00118731451221, 0.00724652549252, -0.00122366601136, 0.0018654105952, 0.000147671307786, 0.000197169691091], [-0.000303511274979, 0.000110362510895, 7.22712647985e-005, 0.000312777701765, -0.00198471732438, 0.00103358132765, -0.00298857199959, 0.000955502095167, -0.00122366601136, 0.0103225419298, -0.00191560632084, 0.000732575776055, 0.00159135309514], [9.93062058114e-005, -0.000312355754431, 0.000142252378282, -0.000886600639205, -0.000608695438132, -0.00256559788249, 0.000469433201943, -0.000168484970345, 0.0018654105952, -0.00191560632084, 0.0121929524466, -0.000872139818966, 0.00118290283717], [0.000138027069625, -0.000280284264591, -0.00116447033361, -0.000869444396812, -0.000892400159501, 0.000933773582801, 0.000164585580933, 0.000580345222261, 0.000147671307786, 0.000732575776055, -0.000872139818966, 0.00957961194217, -0.00147691858001], [-0.000332675932441, -2.15664967982e-005, 7.83974319347e-005, -0.000510448182467, -0.000504735275172, 0.00148149789311, -0.00266915978864, -0.000678186013829, 0.000197169691091, 0.00159135309514, 0.00118290283717, -0.00147691858001, 0.00794257875532]]
    },
    "spectral_contrast_coeffs": {
        "mean": [-0.576700270176, -0.660835027695, -0.696908533573, -0.760150611401, -0.811251759529, -0.803754746914],
        "var": [0.0093283932656, 0.00702472077683, 0.0100743444636, 0.00683170277625, 0.00402216706425, 0.00301029602997]
    },
    "spectral_contrast_valleys": {
        "mean": [-7.43957853317, -8.11356830597, -9.36256790161, -9.96585655212, -9.96691322327, -12.4107246399],
        "var": [1.62820065022, 1.30878853798, 1.66019129753, 1.82693958282, 2.24710178375, 1.72550344467]
    }
},
"metadata": {
    "audio_properties": {
        "analysis_sample_rate": 44100,
        "bit_rate": 106314,
        "equal_loudness": 0,
        "length": 45.0612258911,
        "lossless": 0,
        "replay_gain": -9.40629768372,
        "sample_rate": 44100,
        "codec": "mp3",
        "downmix": "mix",
        "md5_encoded": "39cdd6f207d0610402f0dbb20786e996"
    },
    "tags": {
        "file_name": "audio\\698.mp3"
    },
    "version": {
        "essentia": "2.1-beta2",
        "essentia_git_sha": "v2.1_beta2",
        "extractor": "music 1.0"
    }
},
"rhythm": {
    "beats_count": 129,
    "beats_loudness": {
        "mean": 0.0266392529011,
        "var": 0.000492706487421
    },
    "bpm": 178.205886841,
    "bpm_histogram_first_peak_bpm": {
        "mean": 178,
        "var": 0
    },
    "bpm_histogram_first_peak_spread": {
        "mean": 0,
        "var": 0
    },
    "bpm_histogram_first_peak_weight": {
        "mean": 0.3671875,
        "var": 0
    },
    "bpm_histogram_second_peak_bpm": {
        "mean": 172,
        "var": 0
    },
    "bpm_histogram_second_peak_spread": {
        "mean": 0,
        "var": 0
    },
    "bpm_histogram_second_peak_weight": {
        "mean": 0.296875,
        "var": 0
    },
    "danceability": 1.09644675255,
    "onset_rate": 3.43821430206,
    "beats_loudness_band_ratio": {
        "mean": [0.550367057323, 0.365796327591, 0.105800993741, 0.032657649368, 0.0110298292711, 0.0124026322737],
        "var": [0.0685039758682, 0.044989194721, 0.0195425152779, 0.00543576246127, 0.000514996587299, 0.00207800231874]
    },
    "beats_position": [0.31346938014, 0.638548731804, 0.96362811327, 1.28870749474, 1.62539684772, 1.9620860815, 2.29877543449, 2.6470746994, 2.9837641716, 3.33206343651, 3.69197273254, 4.04027223587, 4.38857126236, 4.72526073456, 5.06195020676, 5.39863920212, 5.73532867432, 6.08362817764, 6.420317173, 6.7570066452, 7.0936961174, 7.4303855896, 7.77868461609, 8.12698364258, 8.46367359161, 8.80036258698, 9.12544155121, 9.46213150024, 9.79882049561, 10.1355104446, 10.47219944, 10.8204984665, 11.1687984467, 11.4938774109, 11.8189563751, 12.1672563553, 12.5039453506, 12.840634346, 13.177324295, 13.5140132904, 13.8623123169, 14.2106122971, 14.5589113235, 14.9188203812, 15.2671203613, 15.6154193878, 15.9521083832, 16.2771873474, 16.6138763428, 16.9505672455, 17.298866272, 17.6471652985, 17.995464325, 18.3205432892, 18.6456241608, 18.9823131561, 19.3190021515, 19.6440811157, 19.96916008, 20.3058490753, 20.642539978, 20.9792289734, 21.3043079376, 21.640996933, 21.9892959595, 22.3259868622, 22.6626758575, 23.010974884, 23.3476638794, 23.6843528748, 24.0326519012, 24.3809528351, 24.7176418304, 25.0543308258, 25.3910198212, 25.7277088165, 26.0876178741, 26.435918808, 26.7726078033, 27.1092967987, 27.4459857941, 27.7826747894, 28.1193637848, 28.4444446564, 28.7811336517, 29.1294326782, 29.4777317047, 29.8260307312, 30.1627197266, 30.5110206604, 30.8593196869, 31.2076187134, 31.5791378021, 31.9390468597, 32.3105659485, 32.6704750061, 33.0303840637, 33.3902931213, 33.7618141174, 34.1333312988, 34.5048522949, 34.8763694763, 35.2478904724, 35.60779953, 35.9793205261, 36.3392295837, 36.7107467651, 37.0822677612, 37.4421768188, 37.8136940002, 38.1968231201, 38.57995224, 38.9398651123, 39.2881622314, 39.6364631653, 39.9847602844, 40.3214492798, 40.6697502136, 41.0180473328, 41.3663482666, 41.7146492004, 42.0745582581, 42.4576873779, 42.8292045593, 43.1775054932, 43.5258026123, 43.8857116699, 44.2456245422, 44.6055335999]
},
"tonal": {
    "chords_changes_rate": 0.0452674888074,
    "chords_number_rate": 0.00823045242578,
    "chords_strength": {
        "mean": 0.494217991829,
        "var": 0.00854721292853
    },
    "hpcp_entropy": {
        "mean": 1.44787585735,
        "var": 0.439427167177
    },
    "key_strength": 0.611849009991,
    "tuning_diatonic_strength": 0.561612486839,
    "tuning_equal_tempered_deviation": 0.0371233634651,
    "tuning_frequency": 438.984558105,
    "tuning_nontempered_energy_ratio": 0.629543602467,
    "hpcp": {
        "mean": [0.0154990116134, 0.0286717843264, 0.0680019408464, 0.116340756416, 0.0937030091882, 0.0427088104188, 0.0396066494286, 0.0735016912222, 0.332874774933, 0.504601836205, 0.241472318769, 0.0359869971871, 0.029704971239, 0.0223819892853, 0.0193111691624, 0.0276165548712, 0.0451963841915, 0.17610040307, 0.249366015196, 0.113271519542, 0.0229330100119, 0.0214022248983, 0.0246007014066, 0.0853436738253, 0.126413315535, 0.0692421942949, 0.0241206455976, 0.0221593994647, 0.029314680025, 0.0919288024306, 0.153883546591, 0.0925811305642, 0.055988099426, 0.0959730222821, 0.060445740819, 0.0126232830808],
        "var": [0.00492829550058, 0.0131794717163, 0.0265320390463, 0.0612011291087, 0.043339740485, 0.0189965534955, 0.0188306141645, 0.0342537686229, 0.0929187163711, 0.195463821292, 0.0534273721278, 0.0162341855466, 0.0153089528903, 0.00964787602425, 0.00766477175057, 0.0113506242633, 0.0177724082023, 0.0790778398514, 0.148178964853, 0.0306651014835, 0.0102781923488, 0.00910895783454, 0.0107347769663, 0.0405502431095, 0.0880424305797, 0.0296249985695, 0.0132469274104, 0.0122599266469, 0.0150124924257, 0.0292278844863, 0.0699039399624, 0.0283263660967, 0.0205087717623, 0.070314206183, 0.0274093989283, 0.00252472888678]
    },
    "chords_histogram": [60.5967063904, 5.86419773102, 5.14403295517, 0.925925910473, 0, 2.57201647758, 0, 3.60082316399, 0, 1.13168728352, 0.411522626877, 0, 0, 0, 0, 0, 0, 0, 0, 0, 0, 0, 13.6831274033, 6.06995868683],
    "thpcp": [1, 0.478540301323, 0.0713176131248, 0.0588681399822, 0.0443557426333, 0.0382701121271, 0.05472939834, 0.089568413794, 0.348988831043, 0.494183719158, 0.224477022886, 0.0454477332532, 0.0424140840769, 0.0487526990473, 0.169130727649, 0.250520914793, 0.137221440673, 0.0478013418615, 0.0439146235585, 0.058094676584, 0.182180866599, 0.304960340261, 0.18347363174, 0.110955007374, 0.190195545554, 0.119788981974, 0.0250163245946, 0.0307153295726, 0.0568206086755, 0.13476356864, 0.230559512973, 0.185696929693, 0.084638632834, 0.0784908980131, 0.145662754774, 0.65967810154],
    "chords_key": "C",
    "chords_scale": "minor",
    "key_key": "C",
    "key_scale": "minor"
}
}