{
"lowlevel": {
    "average_loudness": 0.970747888088,
    "barkbands_crest": {
        "mean": 10.1569728851,
        "var": 9.80448627472
    },
    "barkbands_flatness_db": {
        "mean": 0.177280575037,
        "var": 0.00271891313605
    },
    "barkbands_kurtosis": {
        "mean": 6.78476047516,
        "var": 56.8924407959
    },
    "barkbands_skewness": {
        "mean": 1.79511129856,
        "var": 1.29274272919
    },
    "barkbands_spread": {
        "mean": 11.8862419128,
        "var": 39.1801147461
    },
    "dissonance": {
        "mean": 0.424980431795,
        "var": 0.0022368314676
    },
    "dynamic_complexity": 1.91185474396,
    "erbbands_crest": {
        "mean": 13.1105146408,
        "var": 35.3848838806
    },
    "erbbands_flatness_db": {
        "mean": 0.180318117142,
        "var": 0.00299770734273
    },
    "erbbands_kurtosis": {
        "mean": 2.59851932526,
        "var": 19.9472866058
    },
    "erbbands_skewness": {
        "mean": 0.638355433941,
        "var": 0.890664994717
    },
    "erbbands_spread": {
        "mean": 26.6564788818,
        "var": 184.81477356
    },
    "hfc": {
        "mean": 15.3075399399,
        "var": 134.958007813
    },
    "melbands_crest": {
        "mean": 12.8663110733,
        "var": 13.2815752029
    },
    "melbands_flatness_db": {
        "mean": 0.271291285753,
        "var": 0.0033676228486
    },
    "melbands_kurtosis": {
        "mean": 11.9114198685,
        "var": 159.800094604
    },
    "melbands_skewness": {
        "mean": 2.33444190025,
        "var": 1.64601445198
    },
    "melbands_spread": {
        "mean": 12.7690439224,
        "var": 84.1696243286
    },
    "pitch_salience": {
        "mean": 0.535847306252,
        "var": 0.0107339220122
    },
    "silence_rate_20dB": {
        "mean": 1,
        "var": 0
    },
    "silence_rate_30dB": {
        "mean": 0.996910393238,
        "var": 0.00308004487306
    },
    "silence_rate_60dB": {
        "mean": 0.00205973233096,
        "var": 0.00205553858541
    },
    "spectral_centroid": {
        "mean": 666.690002441,
        "var": 268994.3125
    },
    "spectral_complexity": {
        "mean": 12.2821836472,
        "var": 16.7527160645
    },
    "spectral_decrease": {
        "mean": -8.5711526765e-009,
        "var": 2.76762010184e-017
    },
    "spectral_energy": {
        "mean": 0.0337379947305,
        "var": 0.000425840145908
    },
    "spectral_energyband_high": {
        "mean": 0.000297733728075,
        "var": 1.76580059019e-007
    },
    "spectral_energyband_low": {
        "mean": 0.0121062882245,
        "var": 0.000111497094622
    },
    "spectral_energyband_middle_high": {
        "mean": 0.00558035401627,
        "var": 7.75766893639e-005
    },
    "spectral_energyband_middle_low": {
        "mean": 0.0174109451473,
        "var": 0.000211266291444
    },
    "spectral_entropy": {
        "mean": 6.88024091721,
        "var": 0.243356123567
    },
    "spectral_flux": {
        "mean": 0.0812412723899,
        "var": 0.00157801702153
    },
    "spectral_kurtosis": {
        "mean": 9.3044462204,
        "var": 45.7461433411
    },
    "spectral_rms": {
        "mean": 0.00551409041509,
        "var": 2.50985249295e-006
    },
    "spectral_rolloff": {
        "mean": 694.585205078,
        "var": 772153.5
    },
    "spectral_skewness": {
        "mean": 2.38488459587,
        "var": 0.513873457909
    },
    "spectral_spread": {
        "mean": 4259312,
        "var": 4.26525641933e+012
    },
    "spectral_strongpeak": {
        "mean": 1.34417831898,
        "var": 2.62409090996
    },
    "zerocrossingrate": {
        "mean": 0.0373507514596,
        "var": 0.000705469341483
    },
    "barkbands": {
        "mean": [0.0008145867032, 0.00309275416657, 0.00657121790573, 0.00307817105204, 0.00581033434719, 0.00411569559947, 0.00180170708336, 0.00158069422469, 0.000951227091718, 0.00263447547331, 0.00115020608064, 0.000346175394952, 0.00083471252583, 0.000218710309127, 0.000164202472661, 8.00136695034e-005, 7.30150641175e-005, 4.89452468173e-005, 6.28106135991e-005, 4.69173901365e-005, 6.84187325533e-005, 5.06516989844e-005, 2.50664834311e-005, 2.76988394035e-005, 4.24825120717e-005, 4.17652554461e-005, 5.358458111e-006],
        "var": [8.59431565914e-007, 1.76045741682e-005, 3.85491839552e-005, 1.40363463288e-005, 5.065109508e-005, 4.51221421827e-005, 1.99588885152e-005, 1.34635383802e-005, 4.25129974246e-006, 4.39183604612e-005, 6.61006333758e-006, 4.57580995317e-007, 1.5297506252e-005, 1.4375220303e-007, 8.50076773418e-008, 1.27465149546e-008, 1.08022844003e-008, 3.65370511624e-009, 8.7212557176e-009, 1.3342904559e-008, 1.20374394896e-008, 8.33378965837e-009, 1.20785670354e-009, 1.64036040307e-009, 5.18671861016e-009, 9.85557147004e-009, 3.39921618631e-010]
    },
    "erbbands": {
        "mean": [0.106814272702, 0.711319208145, 5.31756353378, 11.2147951126, 13.7951097488, 22.7157115936, 18.802482605, 34.8606300354, 27.1540050507, 31.3761577606, 34.6806182861, 26.4335098267, 24.6014671326, 95.7863311768, 61.3750915527, 20.1793727875, 40.4450035095, 12.0553855896, 9.18527317047, 7.88264322281, 4.11428785324, 3.99168276787, 3.28461813927, 3.13450789452, 2.42410087585, 2.29879140854, 2.84290242195, 2.4210255146, 1.93821763992, 1.08705973625, 0.742929518223, 0.586744248867, 0.472683787346, 0.43514418602, 0.299889683723, 0.1811722368, 0.0722621232271, 0.0188948642462, 0.000660368124954, 5.15498468303e-005],
        "var": [0.0135996341705, 1.12407302856, 32.3779563904, 97.7270431519, 326.140777588, 860.408508301, 648.45904541, 3202.06542969, 4228.73828125, 6551.8046875, 7491.00439453, 2947.51757813, 1932.42858887, 56884.984375, 18417.6347656, 1691.53210449, 36556.5117188, 367.279663086, 339.653533936, 232.144989014, 27.1002349854, 36.4376869202, 11.7358894348, 20.2681655884, 12.5802001953, 25.4263973236, 28.5956077576, 15.4664268494, 12.9556522369, 2.77907180786, 0.965046167374, 0.814668059349, 0.477298438549, 0.570597589016, 0.277983307838, 0.151057898998, 0.0278387703001, 0.00300654629245, 4.09711356042e-006, 2.30521735034e-009]
    },
    "gfcc": {
        "mean": [-13.7363491058, 121.281646729, -89.2530899048, 17.8085708618, -52.2480659485, 19.8009777069, -33.0561714172, 5.34035205841, -30.801071167, -1.55639207363, -19.001241684, -1.22829782963, -10.9747400284],
        "cov": [[4935.38134766, -1018.83258057, 119.112533569, 4.06637811661, -416.672180176, -113.669876099, -222.610580444, 123.379425049, -222.799545288, 351.812042236, -228.392807007, 300.47052002, -197.604217529], [-1018.83258057, 1175.00073242, -393.251800537, -52.1900405884, 151.336517334, 22.700378418, 51.7048683167, -105.915496826, 163.96824646, -240.790115356, 214.571151733, -197.721694946, 165.998291016], [119.112533569, -393.251800537, 531.716064453, -62.9602355957, 33.8446998596, -30.1559314728, -114.109664917, 47.5894165039, -88.1115570068, 88.3663787842, -130.440414429, 49.800693512, -85.2970581055], [4.06637811661, -52.1900405884, -62.9602355957, 274.821624756, -56.8793983459, 1.89792013168, -16.6067695618, -24.9933605194, 43.6723060608, 14.6591501236, 29.4194850922, -26.0918636322, 19.6014385223], [-416.672180176, 151.336517334, 33.8446998596, -56.8793983459, 209.984100342, 9.36710834503, -15.0163106918, -40.2300643921, 16.7010726929, 8.78962516785, 27.2811012268, -28.7113361359, -34.5357780457], [-113.669876099, 22.700378418, -30.1559314728, 1.89792013168, 9.36710834503, 194.643554688, 150.832336426, 38.6341133118, -73.8101425171, -92.7697982788, -46.9467124939, -17.2763366699, 20.7036571503], [-222.610580444, 51.7048683167, -114.109664917, -16.6067695618, -15.0163106918, 150.832336426, 317.553314209, 62.4789009094, -70.7986221313, -171.411437988, -60.8498191833, -15.0955505371, 46.2388114929], [123.379425049, -105.915496826, 47.5894165039, -24.9933605194, -40.2300643921, 38.6341133118, 62.4789009094, 107.214233398, -14.2983694077, -12.7477016449, -62.8935012817, 0.423173367977, -4.05955076218], [-222.799545288, 163.96824646, -88.1115570068, 43.6723060608, 16.7010726929, -73.8101425171, -70.7986221313, -14.2983694077, 144.203094482, 52.6562728882, 75.3483276367, -55.2808151245, 6.67642021179], [351.812042236, -240.790115356, 88.3663787842, 14.6591501236, 8.78962516785, -92.7697982788, -171.411437988, -12.7477016449, 52.6562728882, 239.293548584, 32.9201431274, 39.4891357422, -109.548210144], [-228.392807007, 214.571151733, -130.440414429, 29.4194850922, 27.2811012268, -46.9467124939, -60.8498191833, -62.8935012817, 75.3483276367, 32.9201431274, 155.677261353, -7.12720966339, 23.7853908539], [300.47052002, -197.721694946, 49.800693512, -26.0918636322, -28.7113361359, -17.2763366699, -15.0955505371, 0.423173367977, -55.2808151245, 39.4891357422, -7.12720966339, 124.129432678, 0.545533835888], [-197.604217529, 165.998291016, -85.2970581055, 19.6014385223, -34.5357780457, 20.7036571503, 46.2388114929, -4.05955076218, 6.67642021179, -109.548210144, 23.7853908539, 0.545533835888, 129.556838989]],
        "icov": [[0.00042881158879, -0.000306527654175, 0.000409175525419, -0.000162483396707, 0.0007028709515, 0.000218908739043, 0.000378513534088, -0.000454332795925, 0.000973201182205, -0.000772379396949, 0.000917538302019, -0.000754217093345, 0.000475290726172], [-0.000306527654175, 0.00455098692328, 0.000738206144888, 0.00203445064835, -0.00213063787669, -0.000918577541597, 0.00109816028271, 0.00132239738014, -0.0030340005178, 0.00500190025195, -0.00455672107637, 0.0044342991896, -0.00168839702383], [0.000409175525419, 0.000738206144888, 0.00439991196617, 0.000147222701344, -0.00109684059862, 0.000768026045989, 0.00277137430385, -0.00213412218727, 0.00286124786362, -7.06742648617e-005, 0.00245582591742, 8.44886963023e-005, 0.000423241348471], [-0.000162483396707, 0.00203445064835, 0.000147222701344, 0.00553187634796, 0.000894699420314, -0.00172993098386, 0.000178776899702, 0.00288436678238, -0.00312027125619, 0.00123673141934, -0.00179570983164, 0.00283629726619, -0.00152876251377], [0.0007028709515, -0.00213063787669, -0.00109684059862, 0.000894699420314, 0.00890495907515, -0.00138827436604, -0.000366687192582, 0.00273088132963, -0.000295108067803, -0.00183328264393, 0.00169502058998, -0.00212259078398, 0.00391935976222], [0.000218908739043, -0.000918577541597, 0.000768026045989, -0.00172993098386, -0.00138827436604, 0.0112171499059, -0.00337581918575, -0.00355181284249, 0.00805195793509, -0.00255601899698, 0.000414015084971, 0.00260606477968, -0.00145404704381], [0.000378513534088, 0.00109816028271, 0.00277137430385, 0.000178776899702, -0.000366687192582, -0.00337581918575, 0.00980851519853, -0.0039125890471, 0.000210124024306, 0.00673845177516, 0.000511018326506, -0.00162546476349, 0.0033862660639], [-0.000454332795925, 0.00132239738014, -0.00213412218727, 0.00288436678238, 0.00273088132963, -0.00355181284249, -0.0039125890471, 0.0183903761208, -0.00800234079361, -0.000290607073111, 0.00373619026504, 0.00101714476477, -0.00148411490954], [0.000973201182205, -0.0030340005178, 0.00286124786362, -0.00312027125619, -0.000295108067803, 0.00805195793509, 0.000210124024306, -0.00800234079361, 0.0256788469851, -0.0113157583401, -0.00106824329123, 0.00710809137672, -0.00468880031258], [-0.000772379396949, 0.00500190025195, -7.06742648617e-005, 0.00123673141934, -0.00183328264393, -0.00255601899698, 0.00673845177516, -0.000290607073111, -0.0113157583401, 0.0234682001173, -0.00762942293659, -0.00282808230259, 0.0115247080103], [0.000917538302019, -0.00455672107637, 0.00245582591742, -0.00179570983164, 0.00169502058998, 0.000414015084971, 0.000511018326506, 0.00373619026504, -0.00106824329123, -0.00762942293659, 0.0198693741113, -0.0072481664829, -0.000566609669477], [-0.000754217093345, 0.0044342991896, 8.44886963023e-005, 0.00283629726619, -0.00212259078398, 0.00260606477968, -0.00162546476349, 0.00101714476477, 0.00710809137672, -0.00282808230259, -0.0072481664829, 0.0208669807762, -0.00909048318863], [0.000475290726172, -0.00168839702383, 0.000423241348471, -0.00152876251377, 0.00391935976222, -0.00145404704381, 0.0033862660639, -0.00148411490954, -0.00468880031258, 0.0115247080103, -0.000566609669477, -0.00909048318863, 0.0212676525116]]
    },
    "melbands": {
        "mean": [0.000948762171902, 0.00224880664609, 0.00195245200302, 0.00148065073881, 0.000717718387023, 0.00081416266039, 0.000407936226111, 0.000332994182827, 0.000253029138548, 0.000160734547535, 0.000134841699037, 0.000417991628638, 0.000162600190379, 8.74584220583e-005, 8.34733291413e-005, 5.61461129109e-005, 2.12685063161e-005, 1.61326352099e-005, 1.03048196252e-005, 8.28479460324e-006, 4.39949053543e-006, 3.93224900108e-006, 3.67687857761e-006, 2.65779613073e-006, 2.54138058153e-006, 2.11901738112e-006, 1.17398758448e-006, 1.70705743585e-006, 1.73362434452e-006, 2.11316250898e-006, 1.08501797058e-006, 1.27884527501e-006, 7.06878381607e-007, 5.26938435996e-007, 4.60743706299e-007, 3.06785210569e-007, 3.76564230464e-007, 3.60077024197e-007, 2.74050051985e-007, 3.99198057721e-007],
        "var": [1.17358933949e-006, 5.77177252126e-006, 3.5191119423e-006, 3.8886787479e-006, 6.94190418926e-007, 1.8483748363e-006, 9.2211809033e-007, 6.38227504624e-007, 4.14795607639e-007, 1.36182919164e-007, 6.65000499112e-008, 1.14384954486e-006, 1.25106680571e-007, 3.3046017478e-008, 1.38871797617e-007, 5.74391592068e-008, 1.32837896238e-009, 1.31346566956e-009, 3.09964803824e-010, 2.0631592268e-010, 4.38292110938e-011, 3.69242275644e-011, 1.99383166227e-011, 1.1896452573e-011, 1.57511659965e-011, 1.15534795272e-011, 2.77022025111e-012, 1.90240496967e-011, 1.89858406774e-011, 1.32608229952e-011, 4.03628302656e-012, 6.47106760537e-012, 1.50944415387e-012, 6.50726814013e-013, 4.03142390347e-013, 1.8100038341e-013, 3.92752995924e-013, 2.8701466117e-013, 2.269079564e-013, 4.73662341988e-013]
    },
    "mfcc": {
        "mean": [-669.296875, 158.658706665, 19.2331542969, 14.2959728241, 6.03023099899, 10.1679334641, 7.95675182343, 5.26357460022, 0.804014205933, -4.02783870697, -2.53817462921, -4.26150846481, -4.01850128174],
        "cov": [[2627.3449707, -858.024475098, 171.188323975, 67.6805343628, -263.464691162, -127.583763123, -127.291160583, -167.323791504, -25.1164035797, -85.8288192749, 26.2408828735, 71.8483810425, 28.3938961029], [-858.024475098, 948.973022461, -209.210037231, -106.988380432, 157.714630127, 0.97240036726, 8.21188735962, 44.5265350342, -42.6763572693, 33.3577957153, -12.2718029022, -22.4763565063, 11.1840438843], [171.188323975, -209.210037231, 323.320739746, 17.9349002838, 7.92516946793, -38.347366333, -18.1978778839, -19.3466644287, 26.3958206177, -5.34106111526, -26.0509147644, -36.4471931458, -20.5907554626], [67.6805343628, -106.988380432, 17.9349002838, 168.010742188, 39.5714912415, 0.305344939232, -75.4642868042, -75.398399353, -29.9723644257, 0.836010456085, 26.6204490662, 40.0866508484, 22.165473938], [-263.464691162, 157.714630127, 7.92516946793, 39.5714912415, 233.817153931, 6.58878326416, -103.877456665, -129.985473633, -80.941192627, 28.3948287964, 52.8264541626, 29.347032547, 36.3821487427], [-127.583763123, 0.97240036726, -38.347366333, 0.305344939232, 6.58878326416, 117.236549377, 75.3665924072, 37.1739807129, 6.09843444824, -17.4178733826, 1.75881743431, 10.2901630402, -0.787587463856], [-127.291160583, 8.21188735962, -18.1978778839, -75.4642868042, -103.877456665, 75.3665924072, 227.533813477, 187.782180786, 79.4773483276, -16.7318668365, -60.7561454773, -58.8521308899, -48.4531707764], [-167.323791504, 44.5265350342, -19.3466644287, -75.398399353, -129.985473633, 37.1739807129, 187.782180786, 251.073822021, 124.657264709, -18.4016170502, -85.7914733887, -87.303527832, -59.5994377136], [-25.1164035797, -42.6763572693, 26.3958206177, -29.9723644257, -80.941192627, 6.09843444824, 79.4773483276, 124.657264709, 130.15071106, 26.7892093658, -35.6680717468, -65.2939834595, -57.2409553528], [-85.8288192749, 33.3577957153, -5.34106111526, 0.836010456085, 28.3948287964, -17.4178733826, -16.7318668365, -18.4016170502, 26.7892093658, 99.0077133179, 47.1493682861, -15.0642995834, -27.5130081177], [26.2408828735, -12.2718029022, -26.0509147644, 26.6204490662, 52.8264541626, 1.75881743431, -60.7561454773, -85.7914733887, -35.6680717468, 47.1493682861, 110.425666809, 59.9343147278, 13.8212881088], [71.8483810425, -22.4763565063, -36.4471931458, 40.0866508484, 29.347032547, 10.2901630402, -58.8521308899, -87.303527832, -65.2939834595, -15.0642995834, 59.9343147278, 116.792831421, 68.0876159668], [28.3938961029, 11.1840438843, -20.5907554626, 22.165473938, 36.3821487427, -0.787587463856, -48.4531707764, -59.5994377136, -57.2409553528, -27.5130081177, 13.8212881088, 68.0876159668, 115.685691833]],
        "icov": [[0.000712285283953, 0.000445159123046, 2.52530371654e-005, 0.000158281080076, 0.000849839649163, 0.000593449338339, -9.23081097426e-005, 0.00096880045021, -0.000233630926232, 0.000737669353839, -0.000353904935764, 0.000192708612303, -5.77711143706e-005], [0.000445159123046, 0.00222861254588, 0.0011785501847, 0.00123465724755, -0.0014920149697, 0.000873051350936, 0.00052724161651, -0.00128371478058, 0.00106858671643, -0.000576639722567, 0.000847672228701, -0.000294378580293, 0.000146719874465], [2.52530371654e-005, 0.0011785501847, 0.00449479371309, 0.000141754280776, -0.00178684282582, 0.00193263101391, -0.000972070090938, 0.00139533309266, -0.00183334993199, 0.00103156780824, 0.00100607867353, 0.000833307742141, 0.000267096475], [0.000158281080076, 0.00123465724755, 0.000141754280776, 0.00834066327661, -0.000882348685991, -0.00160132849123, 0.00309892417863, -0.000286928727292, -3.90884706576e-005, -0.00076459813863, 0.00148640060797, -0.00220371456817, 0.000603892491199], [0.000849839649163, -0.0014920149697, -0.00178684282582, -0.000882348685991, 0.0109580755234, -0.0034727442544, 0.00215277844109, 0.00377397448756, 0.00267864437774, -0.00110883510206, -0.00223148381338, 0.00396873941645, -0.00184478529263], [0.000593449338339, 0.000873051350936, 0.00193263101391, -0.00160132849123, -0.0034727442544, 0.0160256884992, -0.00907193403691, 0.00298526789993, -0.00313892099075, 0.00516161276028, -0.00271649099886, -0.00189543422312, 0.000474868080346], [-9.23081097426e-005, 0.00052724161651, -0.000972070090938, 0.00309892417863, 0.00215277844109, -0.00907193403691, 0.0181596837938, -0.0126479547471, 0.00559553084895, -0.00395188014954, 0.00195629009977, -0.000472803483717, 0.00142934010364], [0.00096880045021, -0.00128371478058, 0.00139533309266, -0.000286928727292, 0.00377397448756, 0.00298526789993, -0.0126479547471, 0.0247260779142, -0.0140892434865, 0.0067551410757, 0.00112124194857, 0.00372294150293, -0.00122571876273], [-0.000233630926232, 0.00106858671643, -0.00183334993199, -3.90884706576e-005, 0.00267864437774, -0.00313892099075, 0.00559553084895, -0.0140892434865, 0.0248368587345, -0.0101759741083, 0.00159502681345, 0.00209365994669, 0.00230277678929], [0.000737669353839, -0.000576639722567, 0.00103156780824, -0.00076459813863, -0.00110883510206, 0.00516161276028, -0.00395188014954, 0.0067551410757, -0.0101759741083, 0.0228464026004, -0.0129077285528, 0.00646215118468, 0.000550807162654], [-0.000353904935764, 0.000847672228701, 0.00100607867353, 0.00148640060797, -0.00223148381338, -0.00271649099886, 0.00195629009977, 0.00112124194857, 0.00159502681345, -0.0129077285528, 0.0249231941998, -0.0134619036689, 0.00464436598122], [0.000192708612303, -0.000294378580293, 0.000833307742141, -0.00220371456817, 0.00396873941645, -0.00189543422312, -0.000472803483717, 0.00372294150293, 0.00209365994669, 0.00646215118468, -0.0134619036689, 0.0258848257363, -0.0100429113954], [-5.77711143706e-005, 0.000146719874465, 0.000267096475, 0.000603892491199, -0.00184478529263, 0.000474868080346, 0.00142934010364, -0.00122571876273, 0.00230277678929, 0.000550807162654, 0.00464436598122, -0.0100429113954, 0.0157528817654]]
    },
    "spectral_contrast_coeffs": {
        "mean": [-0.599542856216, -0.6862860322, -0.683237493038, -0.747693479061, -0.784578382969, -0.747230410576],
        "var": [0.00423029717058, 0.00769587466493, 0.00704785482958, 0.0028502822388, 0.00106216070708, 0.00149940012489]
    },
    "spectral_contrast_valleys": {
        "mean": [-6.883934021, -6.89648342133, -7.74790287018, -8.32106971741, -8.47699260712, -11.1740522385],
        "var": [0.873641192913, 1.31262373924, 0.995248019695, 0.937813222408, 0.994646430016, 1.30356287956]
    }
},
"metadata": {
    "audio_properties": {
        "analysis_sample_rate": 44100,
        "bit_rate": 105549,
        "equal_loudness": 0,
        "length": 45.0612258911,
        "lossless": 0,
        "replay_gain": -7.5503616333,
        "sample_rate": 44100,
        "codec": "mp3",
        "downmix": "mix",
        "md5_encoded": "8f2c987b75e424a795ad004459454fb9"
    },
    "tags": {
        "file_name": "audio\\699.mp3"
    },
    "version": {
        "essentia": "2.1-beta2",
        "essentia_git_sha": "v2.1_beta2",
        "extractor": "music 1.0"
    }
},
"rhythm": {
    "beats_count": 85,
    "beats_loudness": {
        "mean": 0.0565445460379,
        "var": 0.000407051295042
    },
    "bpm": 114.015670776,
    "bpm_histogram_first_peak_bpm": {
        "mean": 115,
        "var": 0
    },
    "bpm_histogram_first_peak_spread": {
        "mean": 0.404761910439,
        "var": 0
    },
    "bpm_histogram_first_peak_weight": {
        "mean": 0.595238089561,
        "var": 0
    },
    "bpm_histogram_second_peak_bpm": {
        "mean": 0,
        "var": 0
    },
    "bpm_histogram_second_peak_spread": {
        "mean": 0,
        "var": 0
    },
    "bpm_histogram_second_peak_weight": {
        "mean": 0,
        "var": 0
    },
    "danceability": 1.40914285183,
    "onset_rate": 2.48438715935,
    "beats_loudness_band_ratio": {
        "mean": [0.563089311123, 0.292967319489, 0.10559745878, 0.0810191184282, 0.0118010314181, 0.0122078787535],
        "var": [0.0595749951899, 0.056982729584, 0.00917130615562, 0.00987947266549, 0.000155755449669, 0.000121659555589]
    },
    "beats_position": [0.557278871536, 1.07972788811, 1.60217678547, 2.13623571396, 2.67029476166, 3.19274377823, 3.7151927948, 4.2492518425, 4.77170038223, 5.2941493988, 5.8282084465, 6.35065746307, 6.87310647964, 7.39555549622, 7.91800451279, 8.45206356049, 8.98612213135, 9.50857162476, 10.0310201645, 10.5650787354, 11.0875282288, 11.6099767685, 12.1324262619, 12.6548748016, 13.1889343262, 13.7113828659, 14.2338323593, 14.7678909302, 15.301949501, 15.8243989944, 16.3468475342, 16.8692970276, 17.391746521, 17.9258041382, 18.4598636627, 18.9823131561, 19.5047607422, 20.0272102356, 20.549659729, 21.0837192535, 21.6061668396, 22.128616333, 22.6626758575, 23.1851234436, 23.707572937, 24.2416324615, 24.7756919861, 25.2981395721, 25.8205890656, 26.3546485901, 26.8770961761, 27.3995456696, 27.9336051941, 28.4560546875, 28.9785022736, 29.5125617981, 30.0234012604, 30.5574588776, 31.0915184021, 31.6139678955, 32.1364173889, 32.6704750061, 33.1813163757, 33.7153739929, 34.2494316101, 34.7602729797, 35.2827186584, 35.8167800903, 36.3392295837, 36.8732872009, 37.3957366943, 37.9181861877, 38.4522438049, 38.9746932983, 39.4971427917, 40.0312004089, 40.5536499023, 41.0760993958, 41.6101570129, 42.1326065063, 42.6550559998, 43.1891136169, 43.7231750488, 44.2456245422, 44.7680702209]
},
"tonal": {
    "chords_changes_rate": 0.0257201641798,
    "chords_number_rate": 0.00411522621289,
    "chords_strength": {
        "mean": 0.587177693844,
        "var": 0.0100132888183
    },
    "hpcp_entropy": {
        "mean": 1.7911285162,
        "var": 0.479404807091
    },
    "key_strength": 0.707395672798,
    "tuning_diatonic_strength": 0.528236031532,
    "tuning_equal_tempered_deviation": 0.0311454422772,
    "tuning_frequency": 439.238189697,
    "tuning_nontempered_energy_ratio": 0.644635498524,
    "hpcp": {
        "mean": [0.422675937414, 0.274732798338, 0.0863683894277, 0.0577708557248, 0.0572339557111, 0.0806258395314, 0.108497947454, 0.130070209503, 0.382603406906, 0.606124639511, 0.332270056009, 0.0627777129412, 0.0492804422975, 0.036344833672, 0.056383382529, 0.0754476413131, 0.0506580546498, 0.0424843095243, 0.0585195980966, 0.0652148425579, 0.130532309413, 0.232097491622, 0.182183071971, 0.139378935099, 0.166543036699, 0.0976983234286, 0.0419179312885, 0.0366580039263, 0.0311723835766, 0.0659736916423, 0.108332820237, 0.0784794613719, 0.0463092029095, 0.0508394353092, 0.0809679403901, 0.259730815887],
        "var": [0.154915139079, 0.0910059660673, 0.0244924090803, 0.0243082270026, 0.023026695475, 0.0292391479015, 0.0451187156141, 0.0538790822029, 0.080241560936, 0.14413125813, 0.0579404570162, 0.0146337496117, 0.0127033460885, 0.00840127281845, 0.0133612044156, 0.023073438555, 0.0105171548203, 0.0118453707546, 0.0225222632289, 0.021412493661, 0.0293638203293, 0.0992278158665, 0.0597009807825, 0.0334723591805, 0.06052159518, 0.0261815134436, 0.00737263122573, 0.00807126797736, 0.00585090043023, 0.0167778749019, 0.0492147579789, 0.0239745602012, 0.00904118642211, 0.0124238654971, 0.0219139792025, 0.0737911015749]
    },
    "chords_histogram": [42.7983551025, 37.9629631042, 11.8312759399, 0.102880656719, 0, 0, 0, 0, 0, 0, 0, 0, 0, 0, 0, 0, 0, 0, 0, 0.102880656719, 0, 0, 0, 7.20164632797],
    "thpcp": [1, 0.548187673092, 0.103572286665, 0.081304140389, 0.0599626414478, 0.0930227562785, 0.124475456774, 0.0835769623518, 0.070091702044, 0.0965471342206, 0.107593119144, 0.215355560184, 0.382920414209, 0.300570309162, 0.22995094955, 0.274766981602, 0.161185204983, 0.0691572800279, 0.0604793168604, 0.0514289997518, 0.108845092356, 0.178730264306, 0.12947742641, 0.0764021128416, 0.0838762074709, 0.133582994342, 0.428510576487, 0.697341620922, 0.453261226416, 0.14249278605, 0.0953118428588, 0.0944260507822, 0.133018583059, 0.179002702236, 0.214593172073, 0.631228923798],
    "chords_key": "F",
    "chords_scale": "major",
    "key_key": "F",
    "key_scale": "major"
}
}