{
"lowlevel": {
    "average_loudness": 0.978653132915,
    "barkbands_crest": {
        "mean": 15.7494306564,
        "var": 13.869808197
    },
    "barkbands_flatness_db": {
        "mean": 0.324305027723,
        "var": 0.00753046525642
    },
    "barkbands_kurtosis": {
        "mean": 56.8433189392,
        "var": 2514.60498047
    },
    "barkbands_skewness": {
        "mean": 5.04161787033,
        "var": 5.64701461792
    },
    "barkbands_spread": {
        "mean": 3.22884392738,
        "var": 22.5033035278
    },
    "dissonance": {
        "mean": 0.44235381484,
        "var": 0.00140969920903
    },
    "dynamic_complexity": 1.18618786335,
    "erbbands_crest": {
        "mean": 13.0915851593,
        "var": 28.7851409912
    },
    "erbbands_flatness_db": {
        "mean": 0.196042820811,
        "var": 0.00353308953345
    },
    "erbbands_kurtosis": {
        "mean": 7.19039011002,
        "var": 109.4112854
    },
    "erbbands_skewness": {
        "mean": 2.14608263969,
        "var": 1.69332993031
    },
    "erbbands_spread": {
        "mean": 35.0490074158,
        "var": 551.143981934
    },
    "hfc": {
        "mean": 14.0249671936,
        "var": 38.8205413818
    },
    "melbands_crest": {
        "mean": 20.5513648987,
        "var": 26.289390564
    },
    "melbands_flatness_db": {
        "mean": 0.419599622488,
        "var": 0.00967637076974
    },
    "melbands_kurtosis": {
        "mean": 101.061294556,
        "var": 7568.45117188
    },
    "melbands_skewness": {
        "mean": 5.76976251602,
        "var": 7.75233459473
    },
    "melbands_spread": {
        "mean": 2.50863480568,
        "var": 43.3290061951
    },
    "pitch_salience": {
        "mean": 0.412597984076,
        "var": 0.0202154722065
    },
    "silence_rate_20dB": {
        "mean": 1,
        "var": 0
    },
    "silence_rate_30dB": {
        "mean": 0.484302610159,
        "var": 0.249751463532
    },
    "silence_rate_60dB": {
        "mean": 0.00308800814673,
        "var": 0.00307847349904
    },
    "spectral_centroid": {
        "mean": 332.434082031,
        "var": 227441.203125
    },
    "spectral_complexity": {
        "mean": 7.46577453613,
        "var": 17.606470108
    },
    "spectral_decrease": {
        "mean": -2.62513371041e-008,
        "var": 1.14788581523e-016
    },
    "spectral_energy": {
        "mean": 0.100350759923,
        "var": 0.00166885822546
    },
    "spectral_energyband_high": {
        "mean": 0.000186944409506,
        "var": 8.50398151897e-008
    },
    "spectral_energyband_low": {
        "mean": 0.0873327180743,
        "var": 0.00155285256915
    },
    "spectral_energyband_middle_high": {
        "mean": 0.000493258354254,
        "var": 3.91557421153e-007
    },
    "spectral_energyband_middle_low": {
        "mean": 0.0195437092334,
        "var": 0.000173408494447
    },
    "spectral_entropy": {
        "mean": 6.50662755966,
        "var": 0.628970682621
    },
    "spectral_flux": {
        "mean": 0.0903213396668,
        "var": 0.00510639324784
    },
    "spectral_kurtosis": {
        "mean": 10.1194028854,
        "var": 203.10369873
    },
    "spectral_rms": {
        "mean": 0.00959359575063,
        "var": 5.86594023844e-006
    },
    "spectral_rolloff": {
        "mean": 225.014907837,
        "var": 714942.1875
    },
    "spectral_skewness": {
        "mean": 2.29150366783,
        "var": 1.49947392941
    },
    "spectral_spread": {
        "mean": 4138623,
        "var": 4.0181783593e+012
    },
    "spectral_strongpeak": {
        "mean": 1.03189373016,
        "var": 0.223066940904
    },
    "zerocrossingrate": {
        "mean": 0.0138711584732,
        "var": 0.000639116042294
    },
    "barkbands": {
        "mean": [0.000396346731577, 0.0415139235556, 0.0382311232388, 0.0114268306643, 0.00423174258322, 0.00202875211835, 0.00143215013668, 0.000313988653943, 7.97495813458e-005, 5.42163652426e-005, 5.52576966584e-005, 8.99687511264e-005, 5.27416195837e-005, 4.21417607868e-005, 4.41825359303e-005, 3.47119857906e-005, 3.40915757988e-005, 4.15403119405e-005, 4.05618848163e-005, 4.40966941824e-005, 4.95377498737e-005, 5.23813323525e-005, 3.21468614857e-005, 1.52611646627e-005, 9.56587609835e-006, 3.65037317351e-006, 2.171174458e-007],
        "var": [8.06262676178e-007, 0.00085187505465, 0.00118905853014, 0.000115032758913, 1.93209798454e-005, 9.74311751634e-006, 6.70535291647e-006, 3.8885124809e-007, 3.08196526078e-008, 5.12370945671e-009, 5.64764857103e-009, 2.32676740097e-008, 7.33725125102e-009, 4.61193438994e-009, 4.12874134881e-009, 2.9506643795e-009, 2.54136800493e-009, 4.5475583299e-009, 4.65862015631e-009, 4.73664263367e-009, 6.81075684739e-009, 7.21337656273e-009, 2.56699728141e-009, 6.32910002185e-010, 4.11216033447e-010, 1.71377870228e-010, 1.02578861204e-012]
    },
    "erbbands": {
        "mean": [0.586387395859, 11.5143194199, 42.9391479492, 43.8025932312, 24.4467220306, 12.1255083084, 13.2920188904, 15.8343439102, 11.8924245834, 27.1153659821, 5.17890119553, 2.06824851036, 2.07818222046, 1.62127542496, 2.50699210167, 3.80087947845, 2.87382316589, 2.22887849808, 2.50605535507, 1.84650754929, 2.05476117134, 1.87901246548, 2.20770263672, 2.18197107315, 2.04001307487, 2.05210924149, 2.0356156826, 1.99012601376, 1.95260572433, 1.40805876255, 0.829109370708, 0.398752719164, 0.230485320091, 0.138985320926, 0.0503278784454, 0.021152863279, 0.00559000531211, 0.000832654244732, 7.02939651092e-005, 0.000110050415969],
        "var": [0.252429336309, 60.4669761658, 1034.42565918, 1187.96411133, 455.888244629, 205.596862793, 391.352020264, 638.237854004, 340.604614258, 3405.89550781, 88.1741409302, 17.7638072968, 7.42705011368, 9.01355552673, 10.8675355911, 41.0337486267, 20.3146839142, 10.2534303665, 14.3811969757, 6.67395734787, 10.5922374725, 6.94162082672, 12.1682243347, 13.0890140533, 12.2418870926, 10.1628694534, 10.8603439331, 12.0958604813, 10.1078567505, 5.3421254158, 1.69532740116, 0.423960119486, 0.148175746202, 0.0714926496148, 0.0175861679018, 0.00510787032545, 0.000425860635005, 1.2314293599e-005, 1.11175717521e-008, 1.91460802768e-009]
    },
    "gfcc": {
        "mean": [-59.4646568298, 145.053024292, -62.9640655518, 68.8298492432, -41.5217781067, 16.8487415314, -24.4925537109, -7.20440483093, -11.138220787, -6.0747590065, -3.02956390381, -11.7850646973, -9.03081989288],
        "cov": [[5724.57275391, -929.189819336, -759.054626465, 432.039123535, -687.112731934, 188.177581787, -400.69241333, 220.432250977, -225.822799683, 260.59588623, -209.891464233, 143.527374268, -119.10748291], [-929.189819336, 1190.61975098, 161.169723511, -212.145797729, 288.378875732, -140.29447937, 200.578170776, -159.574066162, 238.270095825, -148.866104126, 200.33984375, -151.654006958, 73.3469467163], [-759.054626465, 161.169723511, 472.799102783, 9.8853187561, 153.244094849, -25.6565513611, 73.6831130981, -50.7625541687, 34.8749542236, -27.5244350433, 8.37745380402, -8.88103675842, 20.402759552], [432.039123535, -212.145797729, 9.8853187561, 343.828521729, 4.77840566635, 123.909988403, 24.2588882446, 14.7923212051, -29.1337165833, -55.0577583313, -10.5411081314, -21.9006099701, 36.4666557312], [-687.112731934, 288.378875732, 153.244094849, 4.77840566635, 284.844451904, 24.3502426147, 139.608093262, -51.6923103333, 41.1830558777, -85.1341171265, 43.0696144104, -48.6106338501, 18.2813129425], [188.177581787, -140.29447937, -25.6565513611, 123.909988403, 24.3502426147, 132.877334595, 45.8992652893, 28.3905277252, -26.0697231293, -25.6284580231, -21.5916042328, -9.27642440796, 11.0164117813], [-400.69241333, 200.578170776, 73.6831130981, 24.2588882446, 139.608093262, 45.8992652893, 155.745819092, 8.02940273285, 56.9453582764, -61.9610443115, 38.1045303345, -52.3893585205, 16.8584213257], [220.432250977, -159.574066162, -50.7625541687, 14.7923212051, -51.6923103333, 28.3905277252, 8.02940273285, 92.1120147705, 9.67722511292, 42.9405212402, -30.3227615356, 9.73165035248, -21.87682724], [-225.822799683, 238.270095825, 34.8749542236, -29.1337165833, 41.1830558777, -26.0697231293, 56.9453582764, 9.67722511292, 131.821411133, 2.74958562851, 46.459903717, -55.7044944763, 13.0580921173], [260.59588623, -148.866104126, -27.5244350433, -55.0577583313, -85.1341171265, -25.6284580231, -61.9610443115, 42.9405212402, 2.74958562851, 108.238372803, -17.6955833435, 35.448928833, -37.1127471924], [-209.891464233, 200.33984375, 8.37745380402, -10.5411081314, 43.0696144104, -21.5916042328, 38.1045303345, -30.3227615356, 46.459903717, -17.6955833435, 82.4398117065, -16.0628643036, 19.2405414581], [143.527374268, -151.654006958, -8.88103675842, -21.9006099701, -48.6106338501, -9.27642440796, -52.3893585205, 9.73165035248, -55.7044944763, 35.448928833, -16.0628643036, 83.1575164795, 2.88803291321], [-119.10748291, 73.3469467163, 20.402759552, 36.4666557312, 18.2813129425, 11.0164117813, 16.8584213257, -21.87682724, 13.0580921173, -37.1127471924, 19.2405414581, 2.88803291321, 65.7275009155]],
        "icov": [[0.000801624788437, -0.00222145696171, 0.000869383919053, -0.0024219036568, 0.00117236678489, -0.00132946122903, 0.00117762631271, -0.00144379620906, 0.00180865568109, -0.00265163811855, 0.00272236554883, -0.00171771470923, 0.00154161104001], [-0.00222145696171, 0.0119084566832, -0.00231230421923, 0.00971478689462, -0.00404678471386, 0.00605166843161, -0.00552515685558, 0.00902856513858, -0.010542918928, 0.0114577924833, -0.0123774707317, 0.00749197835103, -0.00559495063499], [0.000869383919053, -0.00231230421923, 0.00423999549821, -0.00371879269369, 7.8392236901e-005, 0.000571094104089, -0.00153767038137, 0.00167702662293, 0.000684467784595, -0.00483238091692, 0.00591774657369, -0.00368318427354, 0.00130290712696], [-0.0024219036568, 0.00971478689462, -0.00371879269369, 0.0144829014316, -0.0036181230098, -9.24304549699e-005, -0.00126515876036, 0.00396682368591, -0.00699548469856, 0.0128459297121, -0.0133950347081, 0.00943126995116, -0.00729418313131], [0.00117236678489, -0.00404678471386, 7.8392236901e-005, -0.0036181230098, 0.0109396269545, -0.00312685710378, -0.00561711611226, 0.00288658845238, 0.00231410586275, -0.00255838874727, 0.00549887120724, -0.00465617422014, 0.00519689265639], [-0.00132946122903, 0.00605166843161, 0.000571094104089, -9.24304549699e-005, -0.00312685710378, 0.0206492058933, -0.0109742442146, 0.00320907961577, -0.000569350959267, 0.00245918263681, -0.00157653400674, 0.00503695104271, -0.00625487789512], [0.00117762631271, -0.00552515685558, -0.00153767038137, -0.00126515876036, -0.00561711611226, -0.0109742442146, 0.029658107087, -0.0194223932922, 0.00253939745016, 0.00560345780104, -0.00483808247373, 0.00212457426824, 0.00279142893851], [-0.00144379620906, 0.00902856513858, 0.00167702662293, 0.00396682368591, 0.00288658845238, 0.00320907961577, -0.0194223932922, 0.0372969955206, -0.0163582805544, -0.00145457033068, 0.00443705776706, -0.00392264546826, 0.00194397114683], [0.00180865568109, -0.010542918928, 0.000684467784595, -0.00699548469856, 0.00231410586275, -0.000569350959267, 0.00253939745016, -0.0163582805544, 0.0320038162172, -0.0185806751251, 0.00213723839261, 0.0106613179669, -0.00587666546926], [-0.00265163811855, 0.0114577924833, -0.00483238091692, 0.0128459297121, -0.00255838874727, 0.00245918263681, 0.00560345780104, -0.00145457033068, -0.0185806751251, 0.0395099259913, -0.016426993534, -0.00185390049592, 0.00605047587305], [0.00272236554883, -0.0123774707317, 0.00591774657369, -0.0133950347081, 0.00549887120724, -0.00157653400674, -0.00483808247373, 0.00443705776706, 0.00213723839261, -0.016426993534, 0.0384694673121, -0.0150215290487, 0.00549176521599], [-0.00171771470923, 0.00749197835103, -0.00368318427354, 0.00943126995116, -0.00465617422014, 0.00503695104271, 0.00212457426824, -0.00392264546826, 0.0106613179669, -0.00185390049592, -0.0150215290487, 0.0360129028559, -0.0173122398555], [0.00154161104001, -0.00559495063499, 0.00130290712696, -0.00729418313131, 0.00519689265639, -0.00625487789512, 0.00279142893851, 0.00194397114683, -0.00587666546926, 0.00605047587305, 0.00549176521599, -0.0173122398555, 0.0311649180949]]
    },
    "melbands": {
        "mean": [0.00844223611057, 0.020940868184, 0.00732730515301, 0.00117439602036, 0.000473410676932, 0.000361913815141, 0.000216977437958, 0.000248877244303, 2.78364532278e-005, 1.20054792205e-005, 9.96244216367e-006, 5.97177495365e-006, 7.68514655647e-006, 8.92749267223e-006, 8.77860475157e-006, 5.60468515687e-006, 3.8898292587e-006, 4.01593160859e-006, 2.95629342872e-006, 2.20547758545e-006, 2.51385085903e-006, 1.96080554815e-006, 1.85373630757e-006, 2.04909520107e-006, 1.73750504473e-006, 1.48394212829e-006, 1.44506452671e-006, 1.34048184464e-006, 1.3239814507e-006, 1.11949509574e-006, 1.14775468774e-006, 1.12558348064e-006, 9.6468488664e-007, 7.13294866728e-007, 4.96485256463e-007, 3.52764629952e-007, 2.02284610396e-007, 1.59755998652e-007, 1.49114654846e-007, 1.05363241687e-007],
        "var": [3.28487876686e-005, 0.000151990258018, 2.63899837591e-005, 1.18660841508e-006, 4.36813905935e-007, 3.19157635431e-007, 1.1595415117e-007, 2.84457456701e-007, 3.35732774914e-009, 6.30878960184e-010, 1.7181768508e-010, 1.31325089692e-010, 1.01129549179e-010, 1.92394128407e-010, 2.33410790695e-010, 7.20335180393e-011, 3.55376492123e-011, 3.95378209339e-011, 1.83563459571e-011, 1.03128651452e-011, 1.85263956953e-011, 7.39083447221e-012, 8.4218777785e-012, 1.19541685578e-011, 8.83535605789e-012, 7.0587338058e-012, 6.24134511434e-012, 4.4422794436e-012, 4.92943619951e-012, 3.44621965513e-012, 4.37678842821e-012, 3.50535572791e-012, 2.53853622151e-012, 1.40692611641e-012, 6.31334719746e-013, 3.33477738696e-013, 1.14705892896e-013, 6.96397827642e-014, 7.65542075803e-014, 4.59716628914e-014]
    },
    "mfcc": {
        "mean": [-710.09173584, 156.443969727, 47.9420280457, 56.9058189392, 20.3487091064, 28.0598812103, 6.10851955414, 6.65753269196, -2.26393795013, 0.0509756505489, 3.663022995, 5.72917747498, 4.4121670723],
        "cov": [[4473.28857422, -1446.96447754, -267.737243652, -70.8655166626, -281.161682129, -124.396522522, -192.620742798, -103.283302307, -35.1230354309, 25.6704616547, 30.6210327148, -71.6878967285, -63.6710014343], [-1446.96447754, 1319.26342773, 31.6707420349, -11.7356681824, 103.511390686, 19.5628452301, 11.4726238251, -1.49003791809, -5.55730390549, 5.11635303497, 18.6229228973, 108.854736328, 91.3794250488], [-267.737243652, 31.6707420349, 294.594146729, 92.3316421509, 45.6424598694, 39.6179275513, 3.75486803055, 2.49505543709, 24.9798221588, -2.00768256187, -2.68032217026, -12.0437650681, -2.93195176125], [-70.8655166626, -11.7356681824, 92.3316421509, 158.383712769, 72.7114105225, 66.7565536499, 50.6456375122, 46.8928146362, 13.8892555237, 6.47637939453, 1.10072624683, -9.23721027374, -8.69166660309], [-281.161682129, 103.511390686, 45.6424598694, 72.7114105225, 109.406730652, 72.3355255127, 47.9629859924, 32.5307006836, 14.7185783386, -2.37999939919, -6.26639795303, -0.460399150848, -0.229780867696], [-124.396522522, 19.5628452301, 39.6179275513, 66.7565536499, 72.3355255127, 116.115234375, 78.6513366699, 57.8076629639, 19.8378105164, 3.34232449532, -6.17331266403, -11.1456899643, -12.2571086884], [-192.620742798, 11.4726238251, 3.75486803055, 50.6456375122, 47.9629859924, 78.6513366699, 126.056175232, 80.111000061, 18.4136600494, 1.86861479282, -3.39234161377, -6.13450860977, -12.5774507523], [-103.283302307, -1.49003791809, 2.49505543709, 46.8928146362, 32.5307006836, 57.8076629639, 80.111000061, 102.334861755, 39.921131134, 14.0885219574, 2.38509702682, -8.44592761993, -17.8184261322], [-35.1230354309, -5.55730390549, 24.9798221588, 13.8892555237, 14.7185783386, 19.8378105164, 18.4136600494, 39.921131134, 71.162147522, 42.3846092224, 13.5650548935, -6.19367456436, -9.01374053955], [25.6704616547, 5.11635303497, -2.00768256187, 6.47637939453, -2.37999939919, 3.34232449532, 1.86861479282, 14.0885219574, 42.3846092224, 77.6184005737, 37.7588005066, 5.53751659393, 3.46792984009], [30.6210327148, 18.6229228973, -2.68032217026, 1.10072624683, -6.26639795303, -6.17331266403, -3.39234161377, 2.38509702682, 13.5650548935, 37.7588005066, 55.1147880554, 28.4402618408, 13.7882490158], [-71.6878967285, 108.854736328, -12.0437650681, -9.23721027374, -0.460399150848, -11.1456899643, -6.13450860977, -8.44592761993, -6.19367456436, 5.53751659393, 28.4402618408, 61.7679634094, 33.9748077393], [-63.6710014343, 91.3794250488, -2.93195176125, -8.69166660309, -0.229780867696, -12.2571086884, -12.5774507523, -17.8184261322, -9.01374053955, 3.46792984009, 13.7882490158, 33.9748077393, 48.0806465149]],
        "icov": [[0.000461966992589, 0.000433168315794, 0.000464129756438, -0.000489988480695, 0.000973343208898, -0.000703386787791, 0.000814985425677, 0.000162564989296, -0.000134389527375, 9.33458723011e-005, -0.000263069494395, -9.15993878152e-005, -6.47506021778e-005], [0.000433168315794, 0.00149024708662, 0.000162966185599, 0.000306266709231, -0.000686359708197, -0.000260893721133, 0.000857280450873, -0.000393132620957, 0.000357808050467, -0.000574405828957, 0.000670404289849, -0.00170189421624, -0.00106572988443], [0.000464129756438, 0.000162966185599, 0.00532876513898, -0.00383331417106, 0.00173992780037, -0.00196759146638, 0.00138437468559, 0.00275163701735, -0.00384534499608, 0.00258777872659, -0.00133526220452, 0.00117879791651, -0.000532095087692], [-0.000489988480695, 0.000306266709231, -0.00383331417106, 0.0133044952527, -0.00788367632776, 0.000145618483657, -0.000457228044979, -0.0052457684651, 0.00501868547872, -0.00296465307474, -0.000298228755128, 0.000295953330351, -9.27341752686e-005], [0.000973343208898, -0.000686359708197, 0.00173992780037, -0.00788367632776, 0.0236885026097, -0.0116638699546, 0.00077522941865, 0.00437719700858, -0.0053231571801, 0.00362508208491, 0.000379259348847, -0.000270585733233, -0.000937889155466], [-0.000703386787791, -0.000260893721133, -0.00196759146638, 0.000145618483657, -0.0116638699546, 0.0238528512418, -0.00951799657196, -0.00307837780565, 0.00139781320468, -0.00198092800565, 0.00138323626015, 0.00128076621331, 0.000968324951828], [0.000814985425677, 0.000857280450873, 0.00138437468559, -0.000457228044979, 0.00077522941865, -0.00951799657196, 0.0226968098432, -0.0133908949792, 0.0041010947898, -7.96400199761e-005, -6.58882618154e-006, -0.000915357144549, -0.000573023513425], [0.000162564989296, -0.000393132620957, 0.00275163701735, -0.0052457684651, 0.00437719700858, -0.00307837780565, -0.0133908949792, 0.0289343222976, -0.014507564716, 0.00452248053625, -0.00191893696319, -0.000847285904456, 0.00474113319069], [-0.000134389527375, 0.000357808050467, -0.00384534499608, 0.00501868547872, -0.0053231571801, 0.00139781320468, 0.0041010947898, -0.014507564716, 0.0322980955243, -0.0178563371301, 0.00403108866885, -0.00046169347479, 0.00235517136753], [9.33458723011e-005, -0.000574405828957, 0.00258777872659, -0.00296465307474, 0.00362508208491, -0.00198092800565, -7.96400199761e-005, 0.00452248053625, -0.0178563371301, 0.0318542644382, -0.0204459633678, 0.00819037016481, -0.00356457079761], [-0.000263069494395, 0.000670404289849, -0.00133526220452, -0.000298228755128, 0.000379259348847, 0.00138323626015, -6.58882618154e-006, -0.00191893696319, 0.00403108866885, -0.0204459633678, 0.040860556066, -0.0196235198528, 0.00226283189841], [-9.15993878152e-005, -0.00170189421624, 0.00117879791651, 0.000295953330351, -0.000270585733233, 0.00128076621331, -0.000915357144549, -0.000847285904456, -0.00046169347479, 0.00819037016481, -0.0196235198528, 0.0380403511226, -0.0189195517451], [-6.47506021778e-005, -0.00106572988443, -0.000532095087692, -9.27341752686e-005, -0.000937889155466, 0.000968324951828, -0.000573023513425, 0.00474113319069, 0.00235517136753, -0.00356457079761, 0.00226283189841, -0.0189195517451, 0.0379570797086]]
    },
    "spectral_contrast_coeffs": {
        "mean": [-0.563735663891, -0.690219700336, -0.825274586678, -0.830267429352, -0.844063818455, -0.759740054607],
        "var": [0.00595278479159, 0.00660956744105, 0.0016261942219, 0.00111901457421, 0.000527071184479, 0.000888691400178]
    },
    "spectral_contrast_valleys": {
        "mean": [-6.43515539169, -7.31042337418, -8.18872928619, -8.53185272217, -8.34136390686, -11.0258369446],
        "var": [1.12825238705, 1.20155870914, 1.05346536636, 1.12675011158, 1.26124119759, 1.33055448532]
    }
},
"metadata": {
    "audio_properties": {
        "analysis_sample_rate": 44100,
        "bit_rate": 109341,
        "equal_loudness": 0,
        "length": 45.0873451233,
        "lossless": 0,
        "replay_gain": -9.80636978149,
        "sample_rate": 44100,
        "codec": "mp3",
        "downmix": "mix",
        "md5_encoded": "9ac2fb0c176f6878e62ac9bf98da7bfa"
    },
    "tags": {
        "file_name": "audio\\7.mp3"
    },
    "version": {
        "essentia": "2.1-beta2",
        "essentia_git_sha": "v2.1_beta2",
        "extractor": "music 1.0"
    }
},
"rhythm": {
    "beats_count": 90,
    "beats_loudness": {
        "mean": 0.122630752623,
        "var": 0.000970628345385
    },
    "bpm": 120.052276611,
    "bpm_histogram_first_peak_bpm": {
        "mean": 120,
        "var": 0
    },
    "bpm_histogram_first_peak_spread": {
        "mean": 0.425287365913,
        "var": 0
    },
    "bpm_histogram_first_peak_weight": {
        "mean": 0.561797738075,
        "var": 0
    },
    "bpm_histogram_second_peak_bpm": {
        "mean": 126,
        "var": 0
    },
    "bpm_histogram_second_peak_spread": {
        "mean": 0,
        "var": 0
    },
    "bpm_histogram_second_peak_weight": {
        "mean": 0.0112359551713,
        "var": 0
    },
    "danceability": 1.38417160511,
    "onset_rate": 5.40962839127,
    "beats_loudness_band_ratio": {
        "mean": [0.906409263611, 0.0748409852386, 0.0230108890682, 0.00373099045828, 0.00378016126342, 0.00546981487423],
        "var": [0.0105091677979, 0.0099391900003, 0.000878968392499, 1.11213266791e-005, 5.88776310906e-006, 1.02700578282e-005]
    },
    "beats_position": [0.441179126501, 0.893968224525, 1.369977355, 1.8575963974, 2.35682535172, 2.85605430603, 3.36689329147, 3.87773227692, 4.3653512001, 4.85297060013, 5.36380958557, 5.86303853989, 6.3622674942, 6.84988641739, 7.36072540283, 7.85995435715, 8.35918331146, 8.85841274261, 9.35764122009, 9.85687065125, 10.3560991287, 10.866938591, 11.3661680222, 11.8653964996, 12.3530158997, 12.8522443771, 13.3514738083, 13.8623123169, 14.3731517792, 14.8607711792, 15.3599996567, 15.8592290878, 16.3700675964, 16.8576869965, 17.3569164276, 17.8561439514, 18.3669834137, 18.8662128448, 19.365442276, 19.8646717072, 20.363899231, 20.851518631, 21.3623580933, 21.8615875244, 22.3608150482, 22.8716545105, 23.3592739105, 23.8701133728, 24.369342804, 24.8685703278, 25.3561897278, 25.8554191589, 26.3546485901, 26.865486145, 27.3763256073, 27.8639450073, 28.3631744385, 28.8624038696, 29.3616313934, 29.8608608246, 30.3600902557, 30.8593196869, 31.3701572418, 31.8577766418, 32.3686180115, 32.8562355042, 33.3670730591, 33.8546943665, 34.3655319214, 34.8647613525, 35.3639907837, 35.8632202148, 36.362449646, 36.8500671387, 37.3609046936, 37.8601341248, 38.3593635559, 38.8585929871, 39.3578224182, 39.8570518494, 40.3562812805, 40.8671188354, 41.3547401428, 41.8655776978, 42.3648071289, 42.8640365601, 43.3632659912, 43.8624954224, 44.3617210388, 44.86095047]
},
"tonal": {
    "chords_changes_rate": 0.0720164626837,
    "chords_number_rate": 0.00925925932825,
    "chords_strength": {
        "mean": 0.408990293741,
        "var": 0.00614815205336
    },
    "hpcp_entropy": {
        "mean": 2.1682612896,
        "var": 0.704389572144
    },
    "key_strength": 0.543198347092,
    "tuning_diatonic_strength": 0.463054418564,
    "tuning_equal_tempered_deviation": 0.0934728756547,
    "tuning_frequency": 438.984558105,
    "tuning_nontempered_energy_ratio": 0.690425038338,
    "hpcp": {
        "mean": [0.080132253468, 0.0459925308824, 0.03527841717, 0.0605324842036, 0.0585108362138, 0.106225177646, 0.184257164598, 0.130393326283, 0.0659718513489, 0.0621731244028, 0.0322769954801, 0.0147718405351, 0.0218496378511, 0.025722740218, 0.0607502870262, 0.152774512768, 0.14180803299, 0.0504090711474, 0.0284734554589, 0.0333384759724, 0.0796345248818, 0.200077489018, 0.185799822211, 0.133967086673, 0.149289920926, 0.0726650357246, 0.0273533761501, 0.0481606498361, 0.050801590085, 0.0946541652083, 0.153585284948, 0.0955883562565, 0.0259945336729, 0.0175800248981, 0.0214770864695, 0.058219268918],
        "var": [0.060146279633, 0.0173746179789, 0.0131407370791, 0.0409426949918, 0.0318531468511, 0.0506272688508, 0.121573828161, 0.0630067437887, 0.03363808617, 0.0398445986211, 0.0129829719663, 0.00633537210524, 0.0118327988312, 0.014723055996, 0.0215474870056, 0.107141658664, 0.0925553813577, 0.0212120804936, 0.0143445972353, 0.0164166372269, 0.0227410178632, 0.143540143967, 0.114852510393, 0.0569715239108, 0.106668420136, 0.0309937521815, 0.0107174813747, 0.025674784556, 0.0266328137368, 0.0404017977417, 0.108299903572, 0.0460396297276, 0.010775225237, 0.00658589368686, 0.0115000288934, 0.0302540231496]
    },
    "chords_histogram": [10.0823049545, 0, 51.2345695496, 6.48148155212, 1.02880656719, 0, 0, 0, 0, 0, 0, 0, 0, 0, 0, 0.308641970158, 0, 5.14403295517, 0, 11.1111106873, 5.96707820892, 6.68724298477, 0.411522626877, 1.54320991039],
    "thpcp": [1, 0.928639292717, 0.669575989246, 0.746160507202, 0.363184452057, 0.136713907123, 0.240709990263, 0.25390958786, 0.473087519407, 0.767629027367, 0.477756679058, 0.129922330379, 0.0878660827875, 0.107343845069, 0.290983617306, 0.400506079197, 0.229873597622, 0.176323771477, 0.302545189857, 0.292440861464, 0.5309202075, 0.920929014683, 0.651714146137, 0.329731494188, 0.310745239258, 0.16132247448, 0.0738305971026, 0.109205879271, 0.128563895822, 0.303633779287, 0.763576745987, 0.708765566349, 0.25194773078, 0.142312139273, 0.166627824306, 0.398018419743],
    "chords_key": "G",
    "chords_scale": "major",
    "key_key": "C",
    "key_scale": "major"
}
}