{
"lowlevel": {
    "average_loudness": 0.966979920864,
    "barkbands_crest": {
        "mean": 10.3866138458,
        "var": 12.7377967834
    },
    "barkbands_flatness_db": {
        "mean": 0.158952817321,
        "var": 0.00165764021222
    },
    "barkbands_kurtosis": {
        "mean": 7.01743984222,
        "var": 57.6696090698
    },
    "barkbands_skewness": {
        "mean": 2.20050597191,
        "var": 1.05118525028
    },
    "barkbands_spread": {
        "mean": 15.1874799728,
        "var": 89.878868103
    },
    "dissonance": {
        "mean": 0.462586462498,
        "var": 0.000846203649417
    },
    "dynamic_complexity": 1.97610497475,
    "erbbands_crest": {
        "mean": 8.77198219299,
        "var": 18.7434539795
    },
    "erbbands_flatness_db": {
        "mean": 0.155725985765,
        "var": 0.00110803090502
    },
    "erbbands_kurtosis": {
        "mean": -0.00330748502165,
        "var": 4.20869779587
    },
    "erbbands_skewness": {
        "mean": 0.316466480494,
        "var": 0.603942573071
    },
    "erbbands_spread": {
        "mean": 42.5491371155,
        "var": 259.266448975
    },
    "hfc": {
        "mean": 15.2332992554,
        "var": 85.0404129028
    },
    "melbands_crest": {
        "mean": 15.4540119171,
        "var": 22.4431991577
    },
    "melbands_flatness_db": {
        "mean": 0.234560966492,
        "var": 0.00256279623136
    },
    "melbands_kurtosis": {
        "mean": 19.1209754944,
        "var": 292.351867676
    },
    "melbands_skewness": {
        "mean": 3.41323399544,
        "var": 2.26433467865
    },
    "melbands_spread": {
        "mean": 14.1199827194,
        "var": 128.981689453
    },
    "pitch_salience": {
        "mean": 0.557521402836,
        "var": 0.00858891569078
    },
    "silence_rate_20dB": {
        "mean": 1,
        "var": 0
    },
    "silence_rate_30dB": {
        "mean": 0.995368003845,
        "var": 0.00461051939055
    },
    "silence_rate_60dB": {
        "mean": 0.00205867225304,
        "var": 0.00205448735505
    },
    "spectral_centroid": {
        "mean": 926.721740723,
        "var": 306313.1875
    },
    "spectral_complexity": {
        "mean": 18.6073074341,
        "var": 47.5149497986
    },
    "spectral_decrease": {
        "mean": -8.54402060213e-009,
        "var": 2.68088475522e-017
    },
    "spectral_energy": {
        "mean": 0.0336287878454,
        "var": 0.000405739265261
    },
    "spectral_energyband_high": {
        "mean": 0.000299288221868,
        "var": 1.80415398177e-007
    },
    "spectral_energyband_low": {
        "mean": 0.0121758170426,
        "var": 0.000113583962957
    },
    "spectral_energyband_middle_high": {
        "mean": 0.00371131184511,
        "var": 1.07451724034e-005
    },
    "spectral_energyband_middle_low": {
        "mean": 0.0209961086512,
        "var": 0.000255309336353
    },
    "spectral_entropy": {
        "mean": 7.32839584351,
        "var": 0.131229355931
    },
    "spectral_flux": {
        "mean": 0.0761430636048,
        "var": 0.00197888468392
    },
    "spectral_kurtosis": {
        "mean": 5.66771221161,
        "var": 7.92608308792
    },
    "spectral_rms": {
        "mean": 0.00550099043176,
        "var": 2.54770247921e-006
    },
    "spectral_rolloff": {
        "mean": 832.979492188,
        "var": 1345999.25
    },
    "spectral_skewness": {
        "mean": 1.70707917213,
        "var": 0.202060773969
    },
    "spectral_spread": {
        "mean": 3849650.25,
        "var": 2.14227156992e+012
    },
    "spectral_strongpeak": {
        "mean": 0.873992204666,
        "var": 0.713938176632
    },
    "zerocrossingrate": {
        "mean": 0.0391763411462,
        "var": 0.000802841386758
    },
    "barkbands": {
        "mean": [1.05186918518e-005, 0.00343312439509, 0.00527558894828, 0.00570016633719, 0.00743337674066, 0.00315658492036, 0.00252865301445, 0.00108445866499, 0.000890692812391, 0.000598477374297, 0.000329600734403, 0.000523966795299, 0.000342419283697, 0.000357942655683, 0.000365412619431, 0.000503885268699, 0.000361924961908, 0.000221584676183, 0.000140362564707, 0.000133698238642, 8.88125432539e-005, 4.21601689595e-005, 3.79561934096e-005, 3.5804376239e-005, 2.13324929064e-005, 9.44226940192e-006, 8.57406178056e-007],
        "var": [2.73411404628e-010, 1.42722001328e-005, 5.2509829402e-005, 4.08073246945e-005, 7.5175325037e-005, 3.35956428898e-005, 4.42111813754e-005, 6.47091474093e-006, 4.34664707427e-006, 1.59708679348e-006, 7.9868021885e-007, 1.34829303988e-006, 3.21831095107e-007, 2.4665743581e-007, 4.04185499292e-007, 8.48953447985e-007, 3.48343576206e-007, 5.5081994077e-008, 2.29276366781e-008, 2.76095555307e-008, 1.29481545486e-008, 6.388334306e-009, 6.52025100578e-009, 7.36323357842e-009, 5.3994200222e-009, 3.01568658934e-010, 1.06094256644e-011]
    },
    "erbbands": {
        "mean": [0.0471796765924, 1.01141428947, 5.38340425491, 14.7666826248, 23.318529129, 24.1872444153, 19.9716320038, 25.9164943695, 39.4810791016, 23.3818740845, 27.1269664764, 22.5095653534, 17.4834842682, 19.368938446, 16.1462841034, 20.5788478851, 16.4201469421, 18.8190956116, 19.5138893127, 20.1450519562, 30.2953739166, 18.3482761383, 13.6148452759, 8.74949264526, 6.51191425323, 5.7583694458, 4.90391683578, 2.56600117683, 1.52624642849, 1.20014381409, 1.07981741428, 0.883867681026, 0.51808065176, 0.293642252684, 0.117244787514, 0.0450932309031, 0.0171159394085, 0.00335015356541, 0.000100407720311, 4.06491053582e-005],
        "var": [0.00258558662608, 1.15527844429, 47.8988609314, 220.879760742, 694.104064941, 1205.56408691, 704.84552002, 3461.62744141, 9076.6640625, 3258.00634766, 2929.9609375, 2941.95703125, 1929.58105469, 1479.59802246, 1340.05871582, 1775.05688477, 701.941711426, 685.384887695, 1166.21337891, 892.287658691, 3062.59155273, 487.768585205, 176.107131958, 71.5904464722, 56.2049980164, 54.2001686096, 33.9681816101, 16.9188785553, 8.49379444122, 5.22997999191, 6.06853961945, 4.28043794632, 1.75592398643, 1.14649045467, 0.173795640469, 0.0119440769777, 0.0009787020972, 7.88162651588e-005, 6.73638780313e-008, 5.61955704192e-010]
    },
    "gfcc": {
        "mean": [2.14020943642, 114.828819275, -111.085670471, 37.4536590576, -45.5732421875, 6.63193941116, -44.3908691406, 2.60047698021, -27.5112724304, -3.38392114639, -18.5953941345, -5.02997779846, -13.6515274048],
        "cov": [[3691.57910156, 1.53182852268, -362.22869873, -5.09089660645, -229.545761108, 67.9187011719, -109.30884552, 27.9772109985, -81.4554672241, -11.1595258713, -113.424133301, 5.31413078308, -94.8668289185], [1.53182852268, 575.144348145, -61.3952941895, -115.351158142, 70.3971405029, -88.021812439, 47.997592926, -45.6818199158, 65.6336593628, -44.3844413757, 47.2417526245, -41.9804039001, 36.9428482056], [-362.22869873, -61.3952941895, 324.36907959, 33.5294494629, 20.9456691742, 32.0624237061, -7.90992689133, 11.0323591232, -9.22248935699, 18.5241737366, -0.842126965523, 19.977897644, -9.12584400177], [-5.09089660645, -115.351158142, 33.5294494629, 309.447174072, 108.020278931, 33.3029670715, 2.03569626808, -26.7736339569, -18.7295799255, -7.8992061615, 8.29703235626, 2.33557057381, 29.78008461], [-229.545761108, 70.3971405029, 20.9456691742, 108.020278931, 274.955078125, 32.914855957, 17.6066436768, -8.64110946655, 9.94575119019, -22.6428527832, -4.41430139542, 6.91278219223, 17.5338077545], [67.9187011719, -88.021812439, 32.0624237061, 33.3029670715, 32.914855957, 146.495346069, 46.4550933838, 30.2366580963, -19.7613773346, 1.64044749737, -8.73799514771, -1.49300205708, -11.3864135742], [-109.30884552, 47.997592926, -7.90992689133, 2.03569626808, 17.6066436768, 46.4550933838, 137.547698975, 24.6958370209, -8.9981508255, -15.0642681122, 2.13643598557, -10.7234306335, -2.79787421227], [27.9772109985, -45.6818199158, 11.0323591232, -26.7736339569, -8.64110946655, 30.2366580963, 24.6958370209, 91.2724075317, 17.1958713531, 15.5227384567, -6.75739097595, 4.36375379562, -7.63104486465], [-81.4554672241, 65.6336593628, -9.22248935699, -18.7295799255, 9.94575119019, -19.7613773346, -8.9981508255, 17.1958713531, 101.094902039, 28.8340988159, 20.5227546692, -5.26185035706, -0.545837342739], [-11.1595258713, -44.3844413757, 18.5241737366, -7.8992061615, -22.6428527832, 1.64044749737, -15.0642681122, 15.5227384567, 28.8340988159, 88.8829498291, 27.1060161591, 10.0546102524, -6.20831775665], [-113.424133301, 47.2417526245, -0.842126965523, 8.29703235626, -4.41430139542, -8.73799514771, 2.13643598557, -6.75739097595, 20.5227546692, 27.1060161591, 67.3393936157, 17.2615070343, 13.5267553329], [5.31413078308, -41.9804039001, 19.977897644, 2.33557057381, 6.91278219223, -1.49300205708, -10.7234306335, 4.36375379562, -5.26185035706, 10.0546102524, 17.2615070343, 61.9817047119, 22.0562477112], [-94.8668289185, 36.9428482056, -9.12584400177, 29.78008461, 17.5338077545, -11.3864135742, -2.79787421227, -7.63104486465, -0.545837342739, -6.20831775665, 13.5267553329, 22.0562477112, 70.1885452271]],
        "icov": [[0.000566951872315, -0.000956749951001, 0.000820667017251, -0.00087318662554, 0.000936376163736, -0.000931404007133, 0.000983775244094, -0.000555294041988, 0.000620543432888, -0.000581960252021, 0.00178560556378, -0.00172724050935, 0.00149287865497], [-0.000956749951001, 0.00582297006622, -0.00154977280181, 0.0039314031601, -0.00339698349126, 0.0035106909927, -0.003460889915, 0.00271186907776, -0.00295160198584, 0.00332604139112, -0.00676404312253, 0.00702550867572, -0.00528543116525], [0.000820667017251, -0.00154977280181, 0.00453685084358, -0.00170194474049, 0.00126857217401, -0.00198471057229, 0.00180036609527, -0.00108225399163, 0.00124867761042, -0.00159195007291, 0.00303906085901, -0.00389004219323, 0.00305776274763], [-0.00087318662554, 0.0039314031601, -0.00170194474049, 0.00696243811399, -0.00399007927626, 0.00168153119739, -0.00226609059609, 0.00289056706242, -0.00121611612849, 0.0019246423617, -0.00562236644328, 0.00605300860479, -0.00558910239488], [0.000936376163736, -0.00339698349126, 0.00126857217401, -0.00399007927626, 0.00694092130288, -0.00324606942013, 0.00195564958267, -0.0010994913755, 0.000221422917093, -0.000673865259159, 0.00530710956082, -0.00559576041996, 0.00328710745089], [-0.000931404007133, 0.0035106909927, -0.00198471057229, 0.00168153119739, -0.00324606942013, 0.0115402322263, -0.00490896683186, -0.000953315699007, 0.000186466961168, 0.000998654984869, -0.00412502558902, 0.00470920326188, -0.00228957040235], [0.000983775244094, -0.003460889915, 0.00180036609527, -0.00226609059609, 0.00195564958267, -0.00490896683186, 0.0115869576111, -0.00420500105247, 0.0028035226278, 7.08166553522e-005, 0.00216541695409, -0.00257635884918, 0.00348697160371], [-0.000555294041988, 0.00271186907776, -0.00108225399163, 0.00289056706242, -0.0010994913755, -0.000953315699007, -0.00420500105247, 0.0156073141843, -0.00468429131433, -0.000758984417189, 0.000272478238912, 0.000875215919223, -0.00232689105906], [0.000620543432888, -0.00295160198584, 0.00124867761042, -0.00121611612849, 0.000221422917093, 0.000186466961168, 0.0028035226278, -0.00468429131433, 0.0146776568145, -0.0049215555191, -0.000122260593344, -0.000419157149736, 0.00248210551217], [-0.000581960252021, 0.00332604139112, -0.00159195007291, 0.0019246423617, -0.000673865259159, 0.000998654984869, 7.08166553522e-005, -0.000758984417189, -0.0049215555191, 0.0174750220031, -0.00961140170693, 0.00260600959882, -0.000769311212935], [0.00178560556378, -0.00676404312253, 0.00303906085901, -0.00562236644328, 0.00530710956082, -0.00412502558902, 0.00216541695409, 0.000272478238912, -0.000122260593344, -0.00961140170693, 0.0297070890665, -0.0142637649551, 0.00478124059737], [-0.00172724050935, 0.00702550867572, -0.00389004219323, 0.00605300860479, -0.00559576041996, 0.00470920326188, -0.00257635884918, 0.000875215919223, -0.000419157149736, 0.00260600959882, -0.0142637649551, 0.0306527577341, -0.0136082740501], [0.00149287865497, -0.00528543116525, 0.00305776274763, -0.00558910239488, 0.00328710745089, -0.00228957040235, 0.00348697160371, -0.00232689105906, 0.00248210551217, -0.000769311212935, 0.00478124059737, -0.0136082740501, 0.0238155331463]]
    },
    "melbands": {
        "mean": [0.000703141791746, 0.00232626264915, 0.00269181840122, 0.0019075673772, 0.000686357670929, 0.000577966857236, 0.000606161600444, 0.000239965564106, 0.000212201586692, 0.0001327447535, 8.32273726701e-005, 7.79218462412e-005, 5.09365891048e-005, 6.25654429314e-005, 3.96544492105e-005, 3.35920231009e-005, 3.52634051524e-005, 3.07727023028e-005, 2.47363459493e-005, 3.28111527779e-005, 3.44803775079e-005, 1.90061891772e-005, 1.56763017003e-005, 1.0476085663e-005, 6.61173589833e-006, 4.9499681154e-006, 4.68027837996e-006, 3.53343284587e-006, 3.60618105333e-006, 1.9776634872e-006, 1.2941696923e-006, 8.97042980341e-007, 7.05828597347e-007, 6.43961300284e-007, 6.24909830549e-007, 5.77249863909e-007, 5.31954867711e-007, 3.76199409402e-007, 2.9044079497e-007, 2.33007909856e-007],
        "var": [5.86731232488e-007, 7.25385052647e-006, 6.82602694724e-006, 5.49688684259e-006, 6.61644662614e-007, 1.56287580921e-006, 2.17255137613e-006, 3.26457069377e-007, 1.605674953e-007, 1.09144302485e-007, 4.71848053962e-008, 2.45836631052e-008, 1.57799178169e-008, 2.56740051441e-008, 4.5660915049e-009, 2.56653809316e-009, 2.58199328584e-009, 2.99298408279e-009, 1.55083879072e-009, 3.40807937427e-009, 4.76494488311e-009, 7.95868260184e-010, 2.6998075997e-010, 1.4767556622e-010, 4.74434103115e-011, 3.98910869615e-011, 3.11536907383e-011, 2.49563095883e-011, 1.81117221915e-011, 8.81655512486e-012, 5.18183022533e-012, 3.32132108274e-012, 1.95612710058e-012, 1.56312376237e-012, 1.90861822874e-012, 1.91518177185e-012, 1.91562022321e-012, 9.57112319087e-013, 7.14294400538e-013, 9.37441422232e-013]
    },
    "mfcc": {
        "mean": [-640.859008789, 142.188827515, -1.98366808891, 32.3380317688, 15.5363845825, 5.05032968521, -0.730588495731, -0.353626608849, -3.86834025383, -1.31107151508, -7.76620149612, 2.04965281487, -5.11381149292],
        "cov": [[1778.61499023, -166.804107666, -116.367782593, -92.8554534912, -120.805610657, -3.44610929489, -45.9811820984, 30.0853347778, -1.02545440197, 13.9068126678, -10.6870031357, -12.2387037277, -34.5383224487], [-166.804107666, 657.1484375, -84.9380264282, -62.8707504272, -14.4693717957, -47.1019096375, -33.3026351929, -1.44739711285, 2.51912045479, 13.6174459457, 8.79306697845, 10.5540733337, -6.17073488235], [-116.367782593, -84.9380264282, 281.284881592, -3.86030960083, -17.9203891754, 4.30814933777, -0.275032132864, -3.12597107887, -15.8852157593, 2.28502750397, 16.6006278992, -6.8206410408, 10.1740484238], [-92.8554534912, -62.8707504272, -3.86030960083, 231.490005493, 96.2081680298, 48.1733970642, 25.8414592743, -9.96797084808, 9.04714584351, -25.6138935089, -30.0017776489, 4.21478366852, 8.95966720581], [-120.805610657, -14.4693717957, -17.9203891754, 96.2081680298, 225.136322021, 57.1674995422, 13.2902612686, 7.87052202225, 20.5574302673, -18.0523357391, -2.78394675255, 2.61492109299, 6.94634199142], [-3.44610929489, -47.1019096375, 4.30814933777, 48.1733970642, 57.1674995422, 123.40537262, 55.1711502075, 17.829832077, 4.34300088882, 3.72697114944, 4.55339193344, -0.860180616379, -10.0889062881], [-45.9811820984, -33.3026351929, -0.275032132864, 25.8414592743, 13.2902612686, 55.1711502075, 143.072418213, 48.8632698059, 22.557636261, -8.8265953064, -0.677825987339, -1.87976956367, -11.4727487564], [30.0853347778, -1.44739711285, -3.12597107887, -9.96797084808, 7.87052202225, 17.829832077, 48.8632698059, 95.6316986084, 29.2961101532, 6.55957460403, 0.887570500374, -9.74902534485, -10.5038003922], [-1.02545440197, 2.51912045479, -15.8852157593, 9.04714584351, 20.5574302673, 4.34300088882, 22.557636261, 29.2961101532, 68.8101959229, 18.4369068146, 2.24998998642, -5.05740880966, -2.84442257881], [13.9068126678, 13.6174459457, 2.28502750397, -25.6138935089, -18.0523357391, 3.72697114944, -8.8265953064, 6.55957460403, 18.4369068146, 77.4215927124, 35.1113510132, 2.68522500992, -6.12231492996], [-10.6870031357, 8.79306697845, 16.6006278992, -30.0017776489, -2.78394675255, 4.55339193344, -0.677825987339, 0.887570500374, 2.24998998642, 35.1113510132, 78.5306243896, 21.2031745911, -4.06490755081], [-12.2387037277, 10.5540733337, -6.8206410408, 4.21478366852, 2.61492109299, -0.860180616379, -1.87976956367, -9.74902534485, -5.05740880966, 2.68522500992, 21.2031745911, 62.150806427, 21.8104858398], [-34.5383224487, -6.17073488235, 10.1740484238, 8.95966720581, 6.94634199142, -10.0889062881, -11.4727487564, -10.5038003922, -2.84442257881, -6.12231492996, -4.06490755081, 21.8104858398, 70.8034439087]],
        "icov": [[0.000666693027597, 0.000244768714765, 0.000357339071343, 0.000187097481103, 0.00038656705874, -0.000295356090646, 0.000471706909593, -0.000361880403943, -5.48577663722e-005, 6.54711184325e-005, 0.00010387742077, -7.60524344514e-005, 0.000247111456702], [0.000244768714765, 0.00176209851634, 0.000609246024396, 0.000449495186331, -3.67015636584e-005, 0.000407167157391, 0.00033683271613, -0.000226466407184, 2.76571481663e-005, -0.000187831159565, 5.24329552718e-005, -0.000347768218489, 0.000306154688587], [0.000357339071343, 0.000609246024396, 0.00410777935758, -1.57641607075e-005, 0.000557784747798, -0.000262518122327, 0.000244733615546, -0.000341319100698, 0.000893713789992, 0.00017783488147, -0.00131359579973, 0.0011548534967, -0.000843847112264], [0.000187097481103, 0.000449495186331, -1.57641607075e-005, 0.00618196371943, -0.00203517894261, -0.00132310157642, -0.000570804229937, 0.00137967080809, -0.000826272938866, 0.000468615384307, 0.00243239593692, -0.00109675270505, -4.14357491536e-005], [0.00038656705874, -3.67015636584e-005, 0.000557784747798, -0.00203517894261, 0.0066157518886, -0.00292704463936, 0.00166795146652, -0.000661270169076, -0.00222878134809, 0.00233733048663, -0.00152404897381, 0.000364003208233, -0.000618264370132], [-0.000295356090646, 0.000407167157391, -0.000262518122327, -0.00132310157642, -0.00292704463936, 0.0123378681019, -0.0046529234387, -0.000196271736058, 0.00256949104369, -0.00265359366313, -0.000226201387704, 3.24684697262e-005, 0.00120949209668], [0.000471706909593, 0.00033683271613, 0.000244733615546, -0.000570804229937, 0.00166795146652, -0.0046529234387, 0.0111774159595, -0.00455493386835, -0.00260431831703, 0.00300343334675, -0.000759044487495, -0.000834199658129, 0.000973770336714], [-0.000361880403943, -0.000226466407184, -0.000341319100698, 0.00137967080809, -0.000661270169076, -0.000196271736058, -0.00455493386835, 0.0147570390254, -0.00461813528091, -0.000393903581426, 0.000320773775456, 0.00138068280648, 0.000539785076398], [-5.48577663722e-005, 2.76571481663e-005, 0.000893713789992, -0.000826272938866, -0.00222878134809, 0.00256949104369, -0.00260431831703, -0.00461813528091, 0.0198471359909, -0.00617039622739, 0.00112879637163, 0.00117300241254, -0.000603272696026], [6.54711184325e-005, -0.000187831159565, 0.00017783488147, 0.000468615384307, 0.00233733048663, -0.00265359366313, 0.00300343334675, -0.000393903581426, -0.00617039622739, 0.0193931162357, -0.00840721558779, 0.00135643512476, 0.000280030857539], [0.00010387742077, 5.24329552718e-005, -0.00131359579973, 0.00243239593692, -0.00152404897381, -0.000226201387704, -0.000759044487495, 0.000320773775456, 0.00112879637163, -0.00840721558779, 0.0197801794857, -0.00746036274359, 0.00273017468862], [-7.60524344514e-005, -0.000347768218489, 0.0011548534967, -0.00109675270505, 0.000364003208233, 3.24684697262e-005, -0.000834199658129, 0.00138068280648, 0.00117300241254, 0.00135643512476, -0.00746036274359, 0.0215336345136, -0.00695317098871], [0.000247111456702, 0.000306154688587, -0.000843847112264, -4.14357491536e-005, -0.000618264370132, 0.00120949209668, 0.000973770336714, 0.000539785076398, -0.000603272696026, 0.000280030857539, 0.00273017468862, -0.00695317098871, 0.0171667896211]]
    },
    "spectral_contrast_coeffs": {
        "mean": [-0.579462170601, -0.705463171005, -0.768840253353, -0.779092133045, -0.781717777252, -0.755333125591],
        "var": [0.00511183869094, 0.0063021723181, 0.00295990868472, 0.00173435756005, 0.00105029740371, 0.000951423426159]
    },
    "spectral_contrast_valleys": {
        "mean": [-6.92015600204, -6.67113018036, -7.39675712585, -7.54090738297, -7.59316778183, -10.6264533997],
        "var": [0.889710247517, 0.88764411211, 0.853648483753, 0.764248013496, 0.77626991272, 0.748458325863]
    }
},
"metadata": {
    "audio_properties": {
        "analysis_sample_rate": 44100,
        "bit_rate": 107448,
        "equal_loudness": 0,
        "length": 45.0873451233,
        "lossless": 0,
        "replay_gain": -7.93107414246,
        "sample_rate": 44100,
        "codec": "mp3",
        "downmix": "mix",
        "md5_encoded": "939732a31e754920ef7afe12c4d8c7ec"
    },
    "tags": {
        "file_name": "audio\\70.mp3"
    },
    "version": {
        "essentia": "2.1-beta2",
        "essentia_git_sha": "v2.1_beta2",
        "extractor": "music 1.0"
    }
},
"rhythm": {
    "beats_count": 87,
    "beats_loudness": {
        "mean": 0.0442474298179,
        "var": 0.000385275518056
    },
    "bpm": 117.638900757,
    "bpm_histogram_first_peak_bpm": {
        "mean": 117,
        "var": 0
    },
    "bpm_histogram_first_peak_spread": {
        "mean": 0.333333313465,
        "var": 0
    },
    "bpm_histogram_first_peak_weight": {
        "mean": 0.62790697813,
        "var": 0
    },
    "bpm_histogram_second_peak_bpm": {
        "mean": 108,
        "var": 0
    },
    "bpm_histogram_second_peak_spread": {
        "mean": 0.600000023842,
        "var": 0
    },
    "bpm_histogram_second_peak_weight": {
        "mean": 0.0232558138669,
        "var": 0
    },
    "danceability": 1.26142394543,
    "onset_rate": 3.61380910873,
    "beats_loudness_band_ratio": {
        "mean": [0.508393764496, 0.282678574324, 0.135306313634, 0.0579711832106, 0.0659339278936, 0.0228194855154],
        "var": [0.0428195931017, 0.023115683347, 0.0246140155941, 0.00229281862266, 0.00354538694955, 0.000395409413613]
    },
    "beats_position": [0.53405892849, 1.09133780003, 1.64861679077, 2.19428563118, 2.72834467888, 3.23918366432, 3.75002264977, 4.27247142792, 4.78331041336, 5.30575942993, 5.81659841537, 6.31582736969, 6.82666635513, 7.33750534058, 7.85995435715, 8.38240337372, 8.90485286713, 9.42730140686, 9.93814086914, 10.4489793777, 10.95981884, 11.4706573486, 11.9814968109, 12.4923353195, 13.0031747818, 13.5024032593, 14.0132427216, 14.5240812302, 15.0233106613, 15.5341491699, 16.0449886322, 16.5558280945, 17.0666656494, 17.600725174, 18.1115646362, 18.6224040985, 19.1332416534, 19.6440811157, 20.1433105469, 20.6541500092, 21.153377533, 21.6642169952, 22.1750564575, 22.6858959198, 23.1967334747, 23.707572937, 24.2184123993, 24.7292518616, 25.2400894165, 25.7509288788, 26.2617683411, 26.7726078033, 27.2834453583, 27.7942848206, 28.2935142517, 28.7927436829, 29.3151912689, 29.8260307312, 30.3484802246, 30.870929718, 31.3933773041, 31.9042167664, 32.4150543213, 32.9258956909, 33.4251251221, 33.935962677, 34.4468002319, 34.9576416016, 35.4568710327, 35.9677085876, 36.4669380188, 36.9777755737, 37.5002250671, 38.0110664368, 38.5219039917, 39.0327415466, 39.5435829163, 40.0544204712, 40.5536499023, 41.0528793335, 41.5521087646, 42.0513381958, 42.5621757507, 43.0730133057, 43.5722427368, 44.071472168, 44.5823135376]
},
"tonal": {
    "chords_changes_rate": 0.0360082313418,
    "chords_number_rate": 0.00617283955216,
    "chords_strength": {
        "mean": 0.536913335323,
        "var": 0.00766930915415
    },
    "hpcp_entropy": {
        "mean": 1.95089328289,
        "var": 0.679003417492
    },
    "key_strength": 0.815831303596,
    "tuning_diatonic_strength": 0.670478999615,
    "tuning_equal_tempered_deviation": 0.0588699579239,
    "tuning_frequency": 439.491973877,
    "tuning_nontempered_energy_ratio": 0.690058350563,
    "hpcp": {
        "mean": [0.350630998611, 0.242303028703, 0.0933881029487, 0.0442840456963, 0.0375582873821, 0.0551299341023, 0.0758141577244, 0.059605807066, 0.038456492126, 0.0352963879704, 0.0348006561399, 0.0556325018406, 0.0861011222005, 0.0966228917241, 0.225650772452, 0.409129470587, 0.30324190855, 0.114325553179, 0.0838431194425, 0.0772381275892, 0.0864777639508, 0.107624895871, 0.0963934063911, 0.0717915743589, 0.0588171035051, 0.0510510131717, 0.0742705240846, 0.0978989899158, 0.0866976231337, 0.139401555061, 0.199088543653, 0.126486644149, 0.0488845519722, 0.0451522432268, 0.0841053202748, 0.235245868564],
        "var": [0.133022233844, 0.0846659690142, 0.0391796603799, 0.0146206915379, 0.0128981433809, 0.016235679388, 0.0271250940859, 0.0212024468929, 0.00968725886196, 0.0108143538237, 0.00839387346059, 0.0128556285053, 0.0274788998067, 0.0358603522182, 0.058068305254, 0.152012094855, 0.0928006246686, 0.0435640513897, 0.0413010381162, 0.0365466028452, 0.0314274281263, 0.0384655222297, 0.036065749824, 0.0306319463998, 0.0267823934555, 0.0224547348917, 0.0304098539054, 0.044221393764, 0.0361306257546, 0.0593453645706, 0.124884873629, 0.0583337955177, 0.0174755286425, 0.0141597390175, 0.0312064811587, 0.093371398747]
    },
    "chords_histogram": [48.0452690125, 0.925925910473, 18.9300403595, 0.925925910473, 0, 0, 0, 0, 0, 0, 0, 0, 0, 0, 0, 0, 0, 4.83539104462, 0, 2.05761313438, 0, 1.02880656719, 22.3251037598, 0.925925910473],
    "thpcp": [1, 0.741188108921, 0.27943611145, 0.204930528998, 0.188786521554, 0.211370170116, 0.263058274984, 0.235606119037, 0.175473973155, 0.143761590123, 0.124779604375, 0.181533053517, 0.239286080003, 0.211907550693, 0.340727239847, 0.486615002155, 0.30916044116, 0.119484305382, 0.110361747444, 0.205571398139, 0.574991285801, 0.857017219067, 0.592240452766, 0.22826051712, 0.108239687979, 0.0918004959822, 0.134749352932, 0.185306027532, 0.145689353347, 0.093995898962, 0.0862719267607, 0.0850602537394, 0.135977745056, 0.210449576378, 0.236167028546, 0.55153876543],
    "chords_key": "D",
    "chords_scale": "major",
    "key_key": "D",
    "key_scale": "major"
}
}