{
"lowlevel": {
    "average_loudness": 0.949278056622,
    "barkbands_crest": {
        "mean": 13.4419975281,
        "var": 30.4037494659
    },
    "barkbands_flatness_db": {
        "mean": 0.214237719774,
        "var": 0.0078385239467
    },
    "barkbands_kurtosis": {
        "mean": 9.33924865723,
        "var": 286.498748779
    },
    "barkbands_skewness": {
        "mean": 2.26525235176,
        "var": 3.1679353714
    },
    "barkbands_spread": {
        "mean": 22.6999149323,
        "var": 366.305267334
    },
    "dissonance": {
        "mean": 0.42960870266,
        "var": 0.00255411979742
    },
    "dynamic_complexity": 2.4532597065,
    "erbbands_crest": {
        "mean": 11.367228508,
        "var": 30.8019390106
    },
    "erbbands_flatness_db": {
        "mean": 0.186131134629,
        "var": 0.00504890875891
    },
    "erbbands_kurtosis": {
        "mean": 1.17459106445,
        "var": 26.3589935303
    },
    "erbbands_skewness": {
        "mean": 0.297813683748,
        "var": 0.869270861149
    },
    "erbbands_spread": {
        "mean": 47.8338890076,
        "var": 906.052734375
    },
    "hfc": {
        "mean": 35.1970787048,
        "var": 1221.87646484
    },
    "melbands_crest": {
        "mean": 20.7188472748,
        "var": 70.6403808594
    },
    "melbands_flatness_db": {
        "mean": 0.27885299921,
        "var": 0.0133581226692
    },
    "melbands_kurtosis": {
        "mean": 28.9721431732,
        "var": 1644.42614746
    },
    "melbands_skewness": {
        "mean": 3.88830184937,
        "var": 6.65146303177
    },
    "melbands_spread": {
        "mean": 20.4479961395,
        "var": 497.464538574
    },
    "pitch_salience": {
        "mean": 0.397614330053,
        "var": 0.0250231362879
    },
    "silence_rate_20dB": {
        "mean": 1,
        "var": 0
    },
    "silence_rate_30dB": {
        "mean": 0.683479130268,
        "var": 0.216336578131
    },
    "silence_rate_60dB": {
        "mean": 0.0257334019989,
        "var": 0.0250715054572
    },
    "spectral_centroid": {
        "mean": 1224.46264648,
        "var": 638876.75
    },
    "spectral_complexity": {
        "mean": 13.5908384323,
        "var": 38.2346076965
    },
    "spectral_decrease": {
        "mean": -1.79418329083e-008,
        "var": 2.81196594931e-016
    },
    "spectral_energy": {
        "mean": 0.0709090530872,
        "var": 0.00411986466497
    },
    "spectral_energyband_high": {
        "mean": 0.00278587755747,
        "var": 1.63125641848e-005
    },
    "spectral_energyband_low": {
        "mean": 0.0505706481636,
        "var": 0.00345302606001
    },
    "spectral_energyband_middle_high": {
        "mean": 0.00403777137399,
        "var": 1.92923125724e-005
    },
    "spectral_energyband_middle_low": {
        "mean": 0.0137289753184,
        "var": 0.000362884020433
    },
    "spectral_entropy": {
        "mean": 7.30167675018,
        "var": 0.616515159607
    },
    "spectral_flux": {
        "mean": 0.130437493324,
        "var": 0.00800073705614
    },
    "spectral_kurtosis": {
        "mean": 9.11453342438,
        "var": 510.179107666
    },
    "spectral_rms": {
        "mean": 0.00741858361289,
        "var": 1.41442142194e-005
    },
    "spectral_rolloff": {
        "mean": 1757.64978027,
        "var": 6769324.5
    },
    "spectral_skewness": {
        "mean": 1.81576883793,
        "var": 2.61490011215
    },
    "spectral_spread": {
        "mean": 5895985.5,
        "var": 9.93060611686e+012
    },
    "spectral_strongpeak": {
        "mean": 0.906750798225,
        "var": 1.12888896465
    },
    "zerocrossingrate": {
        "mean": 0.0660458803177,
        "var": 0.0036922688596
    },
    "barkbands": {
        "mean": [0.00620180461556, 0.0380379706621, 0.00615464383736, 0.00104190479033, 0.00209400081076, 0.00286760856397, 0.00366258970462, 0.00246490654536, 0.00151186622679, 0.00118213053793, 0.000352366216248, 0.00047764138435, 0.000639631587546, 0.00048267134116, 0.000606553163379, 5.40288310731e-005, 6.50930451229e-005, 6.79910735926e-005, 0.000105268089101, 0.00016893830616, 0.000337898120051, 0.000345687818481, 0.000847028568387, 0.000700763019267, 0.00036169757368, 7.38827729947e-005, 2.49177969636e-006],
        "var": [9.18791338336e-005, 0.00192895426881, 0.00031789924833, 1.22627434394e-005, 1.96248529392e-005, 4.6636301704e-005, 0.000132887988002, 2.57629708358e-005, 2.09498230106e-005, 6.38612937109e-006, 3.09408869725e-006, 1.65487756476e-006, 1.85692613286e-006, 1.32432739974e-006, 1.83465351711e-006, 2.75523159843e-008, 2.20979607946e-008, 2.277674227e-008, 5.1627480957e-008, 1.14024246045e-007, 2.96052405702e-007, 3.0600944001e-007, 1.24468635931e-006, 1.43688725984e-006, 4.97360645113e-007, 4.65675142891e-008, 3.91312711401e-011]
    },
    "erbbands": {
        "mean": [1.71625852585, 5.97341918945, 8.86371707916, 4.13355588913, 3.41546082497, 5.89641523361, 22.0456848145, 23.6052856445, 53.1503639221, 39.6737098694, 58.261013031, 32.2662811279, 30.0542373657, 39.2566413879, 18.3064517975, 21.6666469574, 31.4399604797, 30.3887786865, 37.4768104553, 8.768658638, 3.34097576141, 3.39830327034, 3.77451944351, 3.84558677673, 6.29893350601, 8.62091445923, 13.2792663574, 12.3428316116, 12.3340387344, 28.0752601624, 16.4753494263, 15.9771404266, 11.6475200653, 5.17868709564, 1.71778488159, 0.49045035243, 0.117773808539, 0.0130369421095, 0.00037657879875, 0.000100618359284],
        "var": [4.50573825836, 67.8227767944, 586.238464355, 120.516777039, 109.38899231, 266.534912109, 3108.87524414, 3339.44506836, 25188.6484375, 21749.8984375, 14929.6582031, 11070.8808594, 3903.68896484, 5046.99462891, 4591.32470703, 2406.86669922, 4641.93505859, 4830.56152344, 6963.69775391, 221.937438965, 62.4079360962, 77.9221725464, 65.2182922363, 55.056476593, 196.059463501, 256.228118896, 386.075256348, 556.113464355, 382.272827148, 1223.57385254, 563.90612793, 652.556091309, 399.883331299, 87.3043670654, 16.3816928864, 1.8825751543, 0.108623348176, 0.00114135688636, 6.91523041496e-007, 7.03118407941e-009]
    },
    "gfcc": {
        "mean": [-11.4387264252, 97.0891647339, -97.3412780762, 24.8156795502, -78.3312759399, 26.4949073792, -28.8632450104, 6.27357053757, -4.72370767593, 12.5486335754, 0.902032375336, -1.30342483521, 0.990810155869],
        "cov": [[8489.09667969, -3217.34277344, 894.230773926, 1046.57958984, -1371.46533203, 896.376525879, -229.926467896, 499.526367188, -335.127258301, 726.082214355, -275.290679932, 197.785461426, -419.573669434], [-3217.34277344, 4126.84570313, -253.834381104, -426.943969727, 1547.46032715, -387.157226563, 651.753662109, -183.11958313, 691.016418457, -419.493560791, 396.661346436, -305.62677002, 374.444854736], [894.230773926, -253.834381104, 959.43762207, 404.223602295, 115.190490723, 373.484436035, 187.442596436, 286.033050537, 57.3464241028, 188.691558838, -37.5436248779, 32.125831604, -60.3828430176], [1046.57958984, -426.943969727, 404.223602295, 889.773925781, 86.5790252686, 347.187774658, 171.696731567, 135.986709595, 62.0551452637, 112.110916138, 14.3166646957, -20.6385574341, 5.4003944397], [-1371.46533203, 1547.46032715, 115.190490723, 86.5790252686, 1321.12609863, 57.7508888245, 422.601104736, 92.9517745972, 218.665817261, -36.0070953369, 142.870788574, -34.9172325134, 35.2106742859], [896.376525879, -387.157226563, 373.484436035, 347.187774658, 57.7508888245, 472.135498047, 143.581069946, 154.38470459, 29.0703010559, 161.502456665, 13.7015638351, 24.500787735, -41.383014679], [-229.926467896, 651.753662109, 187.442596436, 171.696731567, 422.601104736, 143.581069946, 424.454528809, 124.810112, 192.202789307, 15.8129606247, 108.344352722, -4.86924123764, 48.7934684753], [499.526367188, -183.11958313, 286.033050537, 135.986709595, 92.9517745972, 154.38470459, 124.810112, 334.979156494, 41.8423995972, 104.169517517, -3.56604337692, 83.2374038696, -7.95866298676], [-335.127258301, 691.016418457, 57.3464241028, 62.0551452637, 218.665817261, 29.0703010559, 192.202789307, 41.8423995972, 356.23550415, 21.4645004272, 135.05279541, -68.7170944214, 125.432769775], [726.082214355, -419.493560791, 188.691558838, 112.110916138, -36.0070953369, 161.502456665, 15.8129606247, 104.169517517, 21.4645004272, 269.412322998, 20.0941028595, 51.9314231873, -78.5429611206], [-275.290679932, 396.661346436, -37.5436248779, 14.3166646957, 142.870788574, 13.7015638351, 108.344352722, -3.56604337692, 135.05279541, 20.0941028595, 200.118408203, 21.8396472931, 44.4807090759], [197.785461426, -305.62677002, 32.125831604, -20.6385574341, -34.9172325134, 24.500787735, -4.86924123764, 83.2374038696, -68.7170944214, 51.9314231873, 21.8396472931, 180.571975708, -5.22371292114], [-419.573669434, 374.444854736, -60.3828430176, 5.4003944397, 35.2106742859, -41.383014679, 48.7934684753, -7.95866298676, 125.432769775, -78.5429611206, 44.4807090759, -5.22371292114, 217.314697266]],
        "icov": [[0.000291333417408, -0.000220226036618, 0.00010656118684, -0.000346692366293, 0.000468972488306, -0.000352735107299, 0.000136977629154, -0.000272748933639, 9.01308012544e-005, -0.000526759307832, 0.000418637064286, -0.000333994365064, 0.000460144306999], [-0.000220226036618, 0.0021661662031, -0.000612823001575, 0.00133293063845, -0.00193432730157, 0.00127314019483, -0.00124703045003, 0.000784522737376, -0.00109579216223, 0.00186753028538, -0.00216873385943, 0.00248633674346, -0.00168531097006], [0.00010656118684, -0.000612823001575, 0.00212264549918, -0.000754862674512, 0.000577517959755, -0.00116629793774, 0.000108813292172, -0.00117416365538, -6.14958025835e-006, -0.000908275542315, 0.00137959094718, -0.0006867692573, 0.000863507040776], [-0.000346692366293, 0.00133293063845, -0.000754862674512, 0.00269889086485, -0.0013582513202, 2.412752292e-005, -0.00107436988037, 0.000619711528998, -0.000380261888495, 0.00129298726097, -0.00162420596462, 0.0021291708108, -0.00168387021404], [0.000468972488306, -0.00193432730157, 0.000577517959755, -0.0013582513202, 0.00316512654535, -0.00120855972636, -1.17111039799e-006, -0.000971392146312, 0.000863114546519, -0.00177884171717, 0.00185893324669, -0.00214642286301, 0.0020811452996], [-0.000352735107299, 0.00127314019483, -0.00116629793774, 2.412752292e-005, -0.00120855972636, 0.00519196735695, -0.00169612176251, 0.000311089068418, 8.47787596285e-005, -0.000183397438377, -0.00174546206836, 0.00188164564315, -0.00133536721114], [0.000136977629154, -0.00124703045003, 0.000108813292172, -0.00107436988037, -1.17111039799e-006, -0.00169612176251, 0.00598092377186, -0.00138106255326, -0.00113936734851, 7.10781532689e-005, 0.000275406404398, -0.0018237013137, 0.00133694557007], [-0.000272748933639, 0.000784522737376, -0.00117416365538, 0.000619711528998, -0.000971392146312, 0.000311089068418, -0.00138106255326, 0.00569794978946, -0.00130341784097, 0.000228965596762, 0.00053966161795, -0.00163779023569, -0.000799382920377], [9.01308012544e-005, -0.00109579216223, -6.14958025835e-006, -0.000380261888495, 0.000863114546519, 8.47787596285e-005, -0.00113936734851, -0.00130341784097, 0.00806241016835, -0.00304575450718, -0.00248487200588, 0.00288695399649, -0.0030221301131], [-0.000526759307832, 0.00186753028538, -0.000908275542315, 0.00129298726097, -0.00177884171717, -0.000183397438377, 7.10781532689e-005, 0.000228965596762, -0.00304575450718, 0.00861336756498, -0.00253617647104, 0.000327563204337, 0.00112440309022], [0.000418637064286, -0.00216873385943, 0.00137959094718, -0.00162420596462, 0.00185893324669, -0.00174546206836, 0.000275406404398, 0.00053966161795, -0.00248487200588, -0.00253617647104, 0.0109071778134, -0.00567014329135, 0.00244195573032], [-0.000333994365064, 0.00248633674346, -0.0006867692573, 0.0021291708108, -0.00214642286301, 0.00188164564315, -0.0018237013137, -0.00163779023569, 0.00288695399649, 0.000327563204337, -0.00567014329135, 0.012081310153, -0.00421404093504], [0.000460144306999, -0.00168531097006, 0.000863507040776, -0.00168387021404, 0.0020811452996, -0.00133536721114, 0.00133694557007, -0.000799382920377, -0.0030221301131, 0.00112440309022, 0.00244195573032, -0.00421404093504, 0.00930435955524]]
    },
    "melbands": {
        "mean": [0.0126528898254, 0.00571016874164, 0.000744582037441, 0.000271011318546, 0.000676005030982, 0.000528226897586, 0.000814085069578, 0.000454874971183, 0.000440997100668, 0.000193243351532, 0.000151486048708, 0.000169816499692, 5.71914097236e-005, 6.06148423685e-005, 6.14127566223e-005, 6.38332785456e-005, 5.14562889293e-005, 5.6512933952e-005, 2.56012681348e-005, 5.18323031429e-006, 3.6037577047e-006, 3.31018509314e-006, 3.60651824849e-006, 3.62976948054e-006, 2.74541162071e-006, 4.8564552344e-006, 3.85160092264e-006, 6.21200297246e-006, 7.44435101296e-006, 7.3174451245e-006, 7.76410252001e-006, 5.77329001317e-006, 9.43642953644e-006, 1.85222088476e-005, 7.71387931309e-006, 1.15184675451e-005, 9.24888172449e-006, 8.71040629136e-006, 6.71735460855e-006, 3.50220034306e-006],
        "var": [0.000212763348827, 0.00013943236263, 3.91505500374e-006, 6.01344993356e-007, 2.67285122391e-006, 1.85854639767e-006, 5.41863937542e-006, 1.92057063941e-006, 9.46689851844e-007, 3.53535909881e-007, 1.09323792685e-007, 9.99628610998e-008, 6.98055657722e-008, 3.00533997688e-008, 1.53449644102e-008, 1.78514927285e-008, 1.52117252128e-008, 1.6011043158e-008, 2.94673618839e-009, 1.81479609118e-010, 8.53648679522e-011, 8.74225900005e-011, 9.64120658309e-011, 5.23908035011e-011, 3.27600793715e-011, 1.18174955932e-010, 6.75442965448e-011, 1.39258021781e-010, 1.50181339587e-010, 1.15011868085e-010, 2.59611387943e-010, 9.75894781652e-011, 1.75204392661e-010, 5.41933831144e-010, 1.34548344688e-010, 3.34762773058e-010, 2.48755266385e-010, 2.74724132332e-010, 1.16653076088e-010, 4.90132379127e-011]
    },
    "mfcc": {
        "mean": [-658.17175293, 121.77154541, 37.044757843, 4.28402137756, -10.3468647003, 9.72066783905, -4.08978223801, -1.56762719154, 0.506279230118, 14.2666282654, 6.98524093628, 4.64030647278, 3.40315556526],
        "cov": [[6474.01220703, -3673.91870117, 1463.890625, 78.3063735962, -491.45690918, 161.346328735, 29.3843688965, -81.8163375854, -1.56308960915, 211.273239136, 236.415740967, 164.208221436, -197.931381226], [-3673.91870117, 4208.18408203, -965.403259277, 167.535583496, 606.421142578, 118.49785614, 208.773513794, 266.203460693, 199.613525391, 134.056930542, 110.886367798, -12.1240272522, 150.319061279], [1463.890625, -965.403259277, 1090.42285156, 38.3116416931, -113.521492004, 98.1890640259, 42.4201087952, 39.5530090332, 105.26625824, 174.32321167, 78.7476272583, -0.115371309221, -47.3599967957], [78.3063735962, 167.535583496, 38.3116416931, 602.684753418, 284.886413574, 236.119567871, 196.253356934, 158.855895996, 157.802764893, 100.209693909, 79.154914856, 77.6250228882, 51.1249847412], [-491.45690918, 606.421142578, -113.521492004, 284.886413574, 490.600830078, 202.020095825, 207.371276855, 149.638809204, 137.473922729, 55.8981704712, 88.5902099609, 81.7071380615, 79.1723327637], [161.346328735, 118.49785614, 98.1890640259, 236.119567871, 202.020095825, 404.744628906, 196.472290039, 88.8385238647, 93.3912963867, 117.93611145, 108.802940369, 92.1783905029, 21.7996616364], [29.3843688965, 208.773513794, 42.4201087952, 196.253356934, 207.371276855, 196.472290039, 323.006744385, 176.481811523, 111.559318542, 47.1232261658, 107.400482178, 98.107208252, 49.8022041321], [-81.8163375854, 266.203460693, 39.5530090332, 158.855895996, 149.638809204, 88.8385238647, 176.481811523, 255.69418335, 149.688476563, 41.7129745483, 36.3220748901, 75.2160568237, 87.4481277466], [-1.56308960915, 199.613525391, 105.26625824, 157.802764893, 137.473922729, 93.3912963867, 111.559318542, 149.688476563, 240.458999634, 122.665725708, 16.6578464508, 3.50617074966, 74.4097518921], [211.273239136, 134.056930542, 174.32321167, 100.209693909, 55.8981704712, 117.93611145, 47.1232261658, 41.7129745483, 122.665725708, 259.648223877, 119.628974915, -31.2245159149, -12.5707492828], [236.415740967, 110.886367798, 78.7476272583, 79.154914856, 88.5902099609, 108.802940369, 107.400482178, 36.3220748901, 16.6578464508, 119.628974915, 257.641876221, 144.483428955, -45.508014679], [164.208221436, -12.1240272522, -0.115371309221, 77.6250228882, 81.7071380615, 92.1783905029, 98.107208252, 75.2160568237, 3.50617074966, -31.2245159149, 144.483428955, 266.343414307, 53.5660934448], [-197.931381226, 150.319061279, -47.3599967957, 51.1249847412, 79.1723327637, 21.7996616364, 49.8022041321, 87.4481277466, 74.4097518921, -12.5707492828, -45.508014679, 53.5660934448, 171.244598389]],
        "icov": [[0.000412844354287, 0.000316185614793, -0.000180774150067, -6.23879604973e-005, 0.000171180843608, -4.5714994485e-005, -7.87124808994e-005, -6.82020618115e-005, -5.13610466442e-005, -0.000229914789088, -0.000219273410039, -0.000147132828715, 0.000145852347487], [0.000316185614793, 0.0006622953224, 0.000251210032729, 0.000120363445603, -0.000262312649284, -3.53150826413e-005, 5.75678204768e-005, -0.000450983992778, -7.60419934522e-005, -0.000389099179301, -0.000496833119541, 0.000232713864534, -4.33813802374e-005], [-0.000180774150067, 0.000251210032729, 0.00159979122691, 0.00018367874145, 0.000141399272252, -0.000165052828379, -2.31678477576e-005, -0.000386946398066, -0.000485109398142, -0.000752491177991, -2.81483717117e-005, 8.69753857842e-005, 0.000238987500779], [-6.23879604973e-005, 0.000120363445603, 0.00018367874145, 0.00283637456596, -0.00115065742284, -0.000717541552149, -0.000168568571098, -0.00060523301363, -0.000561666034628, -0.000503024319187, 0.000477979308926, -0.000349920708686, 0.000451271160273], [0.000171180843608, -0.000262312649284, 0.000141399272252, -0.00115065742284, 0.00447808392346, -0.00100821303204, -0.000796065723989, 0.000210844082176, -0.00130256474949, 0.0013831803808, -0.0016921897186, 0.000728708284441, -0.00101753976196], [-4.5714994485e-005, -3.53150826413e-005, -0.000165052828379, -0.000717541552149, -0.00100821303204, 0.00503885792568, -0.00262832082808, 0.0012549291132, 0.000771213381086, -0.0030345947016, 0.00232848501764, -0.00239637191407, 0.000905463472009], [-7.87124808994e-005, 5.75678204768e-005, -2.31678477576e-005, -0.000168568571098, -0.000796065723989, -0.00262832082808, 0.00813967082649, -0.00399903999642, -0.000808347424027, 0.00316723203287, -0.00416503287852, 0.00221479986794, -0.000935922202189], [-6.82020618115e-005, -0.000450983992778, -0.000386946398066, -0.00060523301363, 0.000210844082176, 0.0012549291132, -0.00399903999642, 0.0100384037942, -0.00386559311301, 0.000165388235473, 0.00137222895864, -0.0021135378629, -0.00111210206524], [-5.13610466442e-005, -7.60419934522e-005, -0.000485109398142, -0.000561666034628, -0.00130256474949, 0.000771213381086, -0.000808347424027, -0.00386559311301, 0.0111174499616, -0.00570357544348, 0.00351460883394, -0.000740340794437, -0.00132984411903], [-0.000229914789088, -0.000389099179301, -0.000752491177991, -0.000503024319187, 0.0013831803808, -0.0030345947016, 0.00316723203287, 0.000165388235473, -0.00570357544348, 0.0138942124322, -0.0108174271882, 0.00787451025099, -0.00308049307205], [-0.000219273410039, -0.000496833119541, -2.81483717117e-005, 0.000477979308926, -0.0016921897186, 0.00232848501764, -0.00416503287852, 0.00137222895864, 0.00351460883394, -0.0108174271882, 0.0178373474628, -0.0115793375298, 0.00706973392516], [-0.000147132828715, 0.000232713864534, 8.69753857842e-005, -0.000349920708686, 0.000728708284441, -0.00239637191407, 0.00221479986794, -0.0021135378629, -0.000740340794437, 0.00787451025099, -0.0115793375298, 0.012768605724, -0.00601400015876], [0.000145852347487, -4.33813802374e-005, 0.000238987500779, 0.000451271160273, -0.00101753976196, 0.000905463472009, -0.000935922202189, -0.00111210206524, -0.00132984411903, -0.00308049307205, 0.00706973392516, -0.00601400015876, 0.011284600012]]
    },
    "spectral_contrast_coeffs": {
        "mean": [-0.651517629623, -0.701757133007, -0.691961824894, -0.713755846024, -0.77667593956, -0.755146205425],
        "var": [0.00931027904153, 0.0042489762418, 0.00483572250232, 0.00442453986034, 0.00181349576451, 0.00189776660409]
    },
    "spectral_contrast_valleys": {
        "mean": [-7.39183521271, -6.51432609558, -7.83322763443, -8.58735752106, -8.51728630066, -10.1819524765],
        "var": [2.11785340309, 1.29585123062, 1.25293970108, 1.14933764935, 1.97326552868, 3.11366534233]
    }
},
"metadata": {
    "audio_properties": {
        "analysis_sample_rate": 44100,
        "bit_rate": 107477,
        "equal_loudness": 0,
        "length": 45.0873451233,
        "lossless": 0,
        "replay_gain": -4.50054168701,
        "sample_rate": 44100,
        "codec": "mp3",
        "downmix": "mix",
        "md5_encoded": "b6ea5e5991274c9bb533f26795ac83c8"
    },
    "tags": {
        "file_name": "audio\\700.mp3"
    },
    "version": {
        "essentia": "2.1-beta2",
        "essentia_git_sha": "v2.1_beta2",
        "extractor": "music 1.0"
    }
},
"rhythm": {
    "beats_count": 82,
    "beats_loudness": {
        "mean": 0.0872641131282,
        "var": 0.00289974291809
    },
    "bpm": 110.115356445,
    "bpm_histogram_first_peak_bpm": {
        "mean": 110,
        "var": 0
    },
    "bpm_histogram_first_peak_spread": {
        "mean": 0.28395062685,
        "var": 0
    },
    "bpm_histogram_first_peak_weight": {
        "mean": 0.71604937315,
        "var": 0
    },
    "bpm_histogram_second_peak_bpm": {
        "mean": 0,
        "var": 0
    },
    "bpm_histogram_second_peak_spread": {
        "mean": 0,
        "var": 0
    },
    "bpm_histogram_second_peak_weight": {
        "mean": 0,
        "var": 0
    },
    "danceability": 1.22971630096,
    "onset_rate": 3.68032097816,
    "beats_loudness_band_ratio": {
        "mean": [0.51109957695, 0.109788954258, 0.137958914042, 0.0760242342949, 0.0216992329806, 0.151597842574],
        "var": [0.118186846375, 0.0179598815739, 0.0198298022151, 0.0159069634974, 0.00185023213271, 0.028630413115]
    },
    "beats_position": [0.510838985443, 1.04489791393, 1.57895684242, 2.12462592125, 2.65868473053, 3.20435357094, 3.75002264977, 4.29569149017, 4.82975053787, 5.36380958557, 5.90947818756, 6.45514726639, 7.00081634521, 7.5464849472, 8.09215450287, 8.63782310486, 9.19510173798, 9.74077033997, 10.2864398956, 10.8204984665, 11.3661680222, 11.9118366241, 12.4575052261, 13.0031747818, 13.5372333527, 14.0945119858, 14.6401815414, 15.1858501434, 15.7315187454, 16.2771873474, 16.8228569031, 17.3685264587, 17.9141941071, 18.4598636627, 18.9939231873, 19.5395908356, 20.0852603912, 20.642539978, 21.1882076263, 21.733877182, 22.2795467377, 22.825214386, 23.3708839417, 23.9165534973, 24.4622211456, 25.0078907013, 25.5419502258, 26.0876178741, 26.6332874298, 27.1789569855, 27.7246246338, 28.2702941895, 28.8159637451, 29.3732414246, 29.9073009491, 30.4529705048, 30.9986381531, 31.5559177399, 32.1015853882, 32.6472549438, 33.1813163757, 33.7385940552, 34.2726516724, 34.818321228, 35.3639907837, 35.9096603394, 36.455329895, 37.000995636, 37.5466651917, 38.0923347473, 38.638004303, 39.1836738586, 39.7293434143, 40.2750091553, 40.8206787109, 41.3663482666, 41.9120178223, 42.4692955017, 43.0033569336, 43.5374145508, 44.0946922302, 44.6519737244]
},
"tonal": {
    "chords_changes_rate": 0.0462962947786,
    "chords_number_rate": 0.00514403311536,
    "chords_strength": {
        "mean": 0.480075955391,
        "var": 0.00391721818596
    },
    "hpcp_entropy": {
        "mean": 1.80762386322,
        "var": 0.275676339865
    },
    "key_strength": 0.601934611797,
    "tuning_diatonic_strength": 0.507136583328,
    "tuning_equal_tempered_deviation": 0.252968490124,
    "tuning_frequency": 434.193115234,
    "tuning_nontempered_energy_ratio": 0.945672214031,
    "hpcp": {
        "mean": [0.232154130936, 0.297444790602, 0.123143061996, 0.0389498025179, 0.049593038857, 0.0547698289156, 0.0764516144991, 0.0947740375996, 0.072098761797, 0.044919244945, 0.0398349575698, 0.0536895915866, 0.148466214538, 0.214072495699, 0.147971361876, 0.170996248722, 0.194488212466, 0.0890638008714, 0.0272728037089, 0.0203861966729, 0.0251620337367, 0.0722147151828, 0.0943542793393, 0.191697672009, 0.300558269024, 0.15235683322, 0.0226644091308, 0.128563329577, 0.205485463142, 0.137489840388, 0.0830864682794, 0.0653616338968, 0.0464487075806, 0.0687297210097, 0.0988984704018, 0.0926526933908],
        "var": [0.0832741335034, 0.127533793449, 0.0289763528854, 0.0203889161348, 0.0298030283302, 0.0289609041065, 0.0378166139126, 0.0526521988213, 0.03864884004, 0.0226840078831, 0.0221215058118, 0.0245306137949, 0.0511848665774, 0.0960261076689, 0.044767215848, 0.0669141486287, 0.0847462192178, 0.0226729270071, 0.00726044829935, 0.00630281679332, 0.00655301986262, 0.0231556128711, 0.0384664461017, 0.0542511120439, 0.188064932823, 0.0467374436557, 0.005988702178, 0.0365598239005, 0.075127415359, 0.0489091016352, 0.0465983524919, 0.035572398454, 0.0225687399507, 0.0282148532569, 0.0589967593551, 0.0384765155613]
    },
    "chords_histogram": [35.5967063904, 47.0164604187, 13.5802469254, 0, 1.44032919407, 0, 0, 0, 0, 0, 0, 0, 0, 0, 0, 0, 0, 2.05761313438, 0, 0, 0, 0, 0, 0.308641970158],
    "thpcp": [1, 0.506912827492, 0.0754077062011, 0.427748441696, 0.683679282665, 0.457448214293, 0.276440471411, 0.217467427254, 0.154541432858, 0.228673532605, 0.329049229622, 0.308268666267, 0.77240973711, 0.989641010761, 0.409714430571, 0.129591524601, 0.165003076196, 0.182226985693, 0.254365354776, 0.315326660872, 0.239882811904, 0.149452701211, 0.132536560297, 0.178632885218, 0.49396815896, 0.712249577045, 0.492321699858, 0.568928778172, 0.647089898586, 0.296327888966, 0.0907404869795, 0.0678277686238, 0.0837176591158, 0.240268602967, 0.31393006444, 0.637805342674],
    "chords_key": "F#",
    "chords_scale": "minor",
    "key_key": "D",
    "key_scale": "major"
}
}