{
"lowlevel": {
    "average_loudness": 0.968677401543,
    "barkbands_crest": {
        "mean": 13.1134061813,
        "var": 14.8125495911
    },
    "barkbands_flatness_db": {
        "mean": 0.237010926008,
        "var": 0.00414617592469
    },
    "barkbands_kurtosis": {
        "mean": 32.9097938538,
        "var": 910.27911377
    },
    "barkbands_skewness": {
        "mean": 4.25725984573,
        "var": 3.88864779472
    },
    "barkbands_spread": {
        "mean": 9.54690170288,
        "var": 137.134750366
    },
    "dissonance": {
        "mean": 0.446903854609,
        "var": 0.00126584921964
    },
    "dynamic_complexity": 2.14764285088,
    "erbbands_crest": {
        "mean": 10.5384178162,
        "var": 16.8772029877
    },
    "erbbands_flatness_db": {
        "mean": 0.146882474422,
        "var": 0.00152612139937
    },
    "erbbands_kurtosis": {
        "mean": 2.35565161705,
        "var": 13.5599040985
    },
    "erbbands_skewness": {
        "mean": 1.38213896751,
        "var": 0.746265351772
    },
    "erbbands_spread": {
        "mean": 56.1042442322,
        "var": 977.005554199
    },
    "hfc": {
        "mean": 16.9044017792,
        "var": 336.245239258
    },
    "melbands_crest": {
        "mean": 16.669298172,
        "var": 16.4991416931
    },
    "melbands_flatness_db": {
        "mean": 0.326261371374,
        "var": 0.00564777851105
    },
    "melbands_kurtosis": {
        "mean": 85.6067276001,
        "var": 6115.25146484
    },
    "melbands_skewness": {
        "mean": 5.93003988266,
        "var": 8.68916416168
    },
    "melbands_spread": {
        "mean": 6.15062189102,
        "var": 81.6069641113
    },
    "pitch_salience": {
        "mean": 0.514350116253,
        "var": 0.0103299170732
    },
    "silence_rate_20dB": {
        "mean": 0.989186406136,
        "var": 0.0106966793537
    },
    "silence_rate_30dB": {
        "mean": 0.814109146595,
        "var": 0.151337280869
    },
    "silence_rate_60dB": {
        "mean": 0.0221421215683,
        "var": 0.0216523427516
    },
    "spectral_centroid": {
        "mean": 590.539672852,
        "var": 331297.21875
    },
    "spectral_complexity": {
        "mean": 8.85015487671,
        "var": 25.6371021271
    },
    "spectral_decrease": {
        "mean": -1.93289491079e-008,
        "var": 4.50218393196e-016
    },
    "spectral_energy": {
        "mean": 0.0744851157069,
        "var": 0.00654972624034
    },
    "spectral_energyband_high": {
        "mean": 0.000634205760434,
        "var": 1.58410148288e-006
    },
    "spectral_energyband_low": {
        "mean": 0.0557138063014,
        "var": 0.0057346583344
    },
    "spectral_energyband_middle_high": {
        "mean": 0.00100146851037,
        "var": 2.3974710075e-006
    },
    "spectral_energyband_middle_low": {
        "mean": 0.0209521632642,
        "var": 0.000318942009471
    },
    "spectral_entropy": {
        "mean": 7.04031515121,
        "var": 0.27153813839
    },
    "spectral_flux": {
        "mean": 0.115976542234,
        "var": 0.0120376888663
    },
    "spectral_kurtosis": {
        "mean": 3.56097149849,
        "var": 7.09289646149
    },
    "spectral_rms": {
        "mean": 0.00770100392401,
        "var": 1.33628700496e-005
    },
    "spectral_rolloff": {
        "mean": 489.396911621,
        "var": 2038462.375
    },
    "spectral_skewness": {
        "mean": 1.65419459343,
        "var": 0.235448256135
    },
    "spectral_spread": {
        "mean": 6149531.5,
        "var": 5.52346687898e+012
    },
    "spectral_strongpeak": {
        "mean": 0.637411177158,
        "var": 0.247224763036
    },
    "zerocrossingrate": {
        "mean": 0.035289760679,
        "var": 0.00136018288322
    },
    "barkbands": {
        "mean": [0.00343178375624, 0.0347426831722, 0.0137879531831, 0.00819125212729, 0.00642811693251, 0.002304230351, 0.0017359892372, 0.00147399643902, 0.000658761302475, 0.000347461376805, 0.000105247840111, 9.55655705184e-005, 6.66639971314e-005, 5.44731592527e-005, 8.658128354e-005, 6.82679892634e-005, 9.33018818614e-005, 5.62580098631e-005, 6.37772027403e-005, 0.000103130645584, 8.2832746557e-005, 6.74020848237e-005, 7.45099969208e-005, 0.000140920790727, 0.000125942548038, 8.96496931091e-005, 8.47317733133e-006],
        "var": [0.000123270918266, 0.00267104385421, 0.000447800179245, 6.7386929004e-005, 5.40996225027e-005, 4.59871662315e-005, 1.50501027747e-005, 1.15785287562e-005, 4.23515621151e-006, 1.09901486667e-006, 8.29359905197e-008, 6.60990835399e-008, 2.45411193589e-008, 1.82441386443e-008, 4.47137011861e-008, 4.1157367292e-008, 4.8654801077e-008, 1.34070434754e-008, 1.98678478114e-008, 7.49052446736e-008, 2.27164775879e-008, 1.6872744979e-008, 1.89093327663e-008, 7.20850223956e-008, 8.68689227218e-008, 1.65103131167e-007, 3.28187121923e-009]
    },
    "erbbands": {
        "mean": [0.799732029438, 8.35712051392, 18.0412940979, 22.4579906464, 23.6202049255, 21.9899024963, 16.70652771, 18.4067745209, 27.6362476349, 31.1348342896, 23.9658660889, 15.6318130493, 11.207239151, 7.44855117798, 4.73593378067, 4.62349939346, 3.36850643158, 2.72098374367, 3.75029659271, 4.92343473434, 4.08464050293, 4.27183485031, 3.53852248192, 2.61824631691, 5.08058261871, 3.82645273209, 3.53813362122, 3.17281150818, 2.39700627327, 2.32349705696, 2.10854434967, 2.21731352806, 2.58099007607, 2.06731176376, 0.599887013435, 0.328965693712, 0.177568003535, 0.0350258052349, 0.00102680362761, 0.000106758299808],
        "var": [1.59937047958, 154.829620361, 869.372924805, 362.269012451, 430.295257568, 890.99041748, 1100.28955078, 3689.74462891, 4672.1171875, 5233.34765625, 2283.98535156, 2490.11791992, 1711.64929199, 375.716888428, 123.839454651, 151.909973145, 52.552646637, 46.5051078796, 55.1197776794, 176.830383301, 142.656723022, 98.3904647827, 49.2609100342, 23.5885562897, 302.652526855, 55.8043861389, 43.9411392212, 31.1462249756, 21.9416065216, 17.9204349518, 15.5818977356, 13.2688245773, 29.9408740997, 20.2674789429, 2.88241624832, 2.24114656448, 0.667791843414, 0.0312320720404, 2.95077752526e-005, 2.23989946591e-008]
    },
    "gfcc": {
        "mean": [-21.2716388702, 105.572395325, -60.5606842041, 63.6232070923, -58.5339202881, 20.8994903564, -37.9518203735, 13.7898616791, -18.323097229, -0.9669880867, -10.8348970413, -15.4949636459, -7.38716077805],
        "cov": [[5566.33886719, -352.246185303, 125.879669189, -342.369018555, -236.695755005, -19.9136257172, -138.836090088, 176.130020142, -195.415374756, 172.18409729, -237.802520752, 293.546844482, -191.619247437], [-352.246185303, 1093.42675781, -295.125854492, 47.1623001099, 38.6241035461, -35.4503479004, 64.1430740356, -143.711288452, 154.463134766, -167.598587036, 191.385040283, -147.61958313, 179.821014404], [125.879669189, -295.125854492, 764.57043457, 139.355606079, 124.675338745, 92.0991363525, 13.6071987152, 27.2456264496, -87.602432251, 44.9839859009, -36.5864753723, 43.6018676758, -79.7100372314], [-342.369018555, 47.1623001099, 139.355606079, 457.326080322, 41.5864562988, 109.111450195, 31.5498085022, -12.9510498047, 12.7243785858, -67.0306549072, 47.6585731506, -140.496139526, 50.7404022217], [-236.695755005, 38.6241035461, 124.675338745, 41.5864562988, 295.540039063, 5.71730613708, 75.5441894531, -1.18979310989, 43.5146598816, 46.0592460632, -30.4379119873, -8.83249568939, -45.5398216248], [-19.9136257172, -35.4503479004, 92.0991363525, 109.111450195, 5.71730613708, 155.877334595, -4.56068992615, 36.5366668701, 6.40327596664, -14.9628171921, 24.5547275543, -39.5365715027, 12.3614711761], [-138.836090088, 64.1430740356, 13.6071987152, 31.5498085022, 75.5441894531, -4.56068992615, 111.376411438, 7.03690576553, 37.0923500061, 12.5874700546, 5.04504919052, -3.18527460098, -6.41536808014], [176.130020142, -143.711288452, 27.2456264496, -12.9510498047, -1.18979310989, 36.5366668701, 7.03690576553, 115.231239319, 20.0006694794, 42.5165328979, -19.8102798462, 9.49647808075, -24.658246994], [-195.415374756, 154.463134766, -87.602432251, 12.7243785858, 43.5146598816, 6.40327596664, 37.0923500061, 20.0006694794, 115.101539612, 5.97745609283, 41.9793930054, -33.8559188843, 19.5351257324], [172.18409729, -167.598587036, 44.9839859009, -67.0306549072, 46.0592460632, -14.9628171921, 12.5874700546, 42.5165328979, 5.97745609283, 134.595199585, -9.92850875854, 53.2463798523, -64.5324172974], [-237.802520752, 191.385040283, -36.5864753723, 47.6585731506, -30.4379119873, 24.5547275543, 5.04504919052, -19.8102798462, 41.9793930054, -9.92850875854, 140.307006836, -17.1591014862, 56.2211837769], [293.546844482, -147.61958313, 43.6018676758, -140.496139526, -8.83249568939, -39.5365715027, -3.18527460098, 9.49647808075, -33.8559188843, 53.2463798523, -17.1591014862, 150.59727478, -27.2114925385], [-191.619247437, 179.821014404, -79.7100372314, 50.7404022217, -45.5398216248, 12.3614711761, -6.41536808014, -24.658246994, 19.5351257324, -64.5324172974, 56.2211837769, -27.2114925385, 111.945632935]],
        "icov": [[0.000308578455588, -0.000505798496306, -3.5131797631e-006, -0.000228184726438, 0.000404492486268, -0.000211921083974, 0.000367318454664, -0.000650961359497, 0.000478907808429, -0.000521034467965, 0.000824677699711, -0.000814014638308, 0.000511247839313], [-0.000505798496306, 0.00378559553064, 0.000158254246344, 0.00159165938385, -0.00155320425984, 0.000958853226621, -0.001704158145, 0.00321662286296, -0.00272434041835, 0.0031344583258, -0.00403613084927, 0.00341754988767, -0.00254223519005], [-3.5131797631e-006, 0.000158254246344, 0.00210113311186, -0.000746671517845, -0.000985972234048, -0.000881402869709, -6.35473497823e-006, -0.000266818795353, 0.00163800851442, 0.000271780329058, -0.000559512176551, -0.00100489729084, 0.00111896451563], [-0.000228184726438, 0.00159165938385, -0.000746671517845, 0.00487916683778, -0.000880124687683, -0.00107108266093, -0.0020300198812, 0.0016623637639, -0.000212106708204, 0.00152457051445, -0.0023792067077, 0.00500969495624, -0.00235193246044], [0.000404492486268, -0.00155320425984, -0.000985972234048, -0.000880124687683, 0.00630155205727, -0.000851003685966, -0.00176996539813, 0.00063210708322, -0.00171374727506, -0.00310433097184, 0.00392779847607, -0.00129217945505, 0.00180227553938], [-0.000211921083974, 0.000958853226621, -0.000881402869709, -0.00107108266093, -0.000851003685966, 0.00998629629612, 0.000819709210191, -0.00322587741539, -0.000375158124371, 0.00217459606938, -0.00312445731834, 0.00205308711156, -0.000770340673625], [0.000367318454664, -0.001704158145, -6.35473497823e-006, -0.0020300198812, -0.00176996539813, 0.000819709210191, 0.0130490856245, -0.00234585814178, -0.00187588296831, -0.00100622931495, 0.00166880793404, -0.00329164834693, 0.00181139376946], [-0.000650961359497, 0.00321662286296, -0.000266818795353, 0.0016623637639, 0.00063210708322, -0.00322587741539, -0.00234585814178, 0.01614744775, -0.00663080671802, -0.00164782989305, 9.25220665522e-005, 0.00285294349305, -0.00233473186381], [0.000478907808429, -0.00272434041835, 0.00163800851442, -0.000212106708204, -0.00171374727506, -0.000375158124371, -0.00187588296831, -0.00663080671802, 0.0177862141281, -0.00277299177833, -0.00182610377669, 0.000790172838606, 0.000641459948383], [-0.000521034467965, 0.0031344583258, 0.000271780329058, 0.00152457051445, -0.00310433097184, 0.00217459606938, -0.00100622931495, -0.00164782989305, -0.00277299177833, 0.0169516336173, -0.00701744714752, -0.000556227227207, 0.00529702519998], [0.000824677699711, -0.00403613084927, -0.000559512176551, -0.0023792067077, 0.00392779847607, -0.00312445731834, 0.00166880793404, 9.25220665522e-005, -0.00182610377669, -0.00701744714752, 0.0165381804109, -0.00468539586291, -0.00253750220872], [-0.000814014638308, 0.00341754988767, -0.00100489729084, 0.00500969495624, -0.00129217945505, 0.00205308711156, -0.00329164834693, 0.00285294349305, 0.000790172838606, -0.000556227227207, -0.00468539586291, 0.0157918203622, -0.00444866996258], [0.000511247839313, -0.00254223519005, 0.00111896451563, -0.00235193246044, 0.00180227553938, -0.000770340673625, 0.00181139376946, -0.00233473186381, 0.000641459948383, 0.00529702519998, -0.00253750220872, -0.00444866996258, 0.019296836108]]
    },
    "melbands": {
        "mean": [0.00877383444458, 0.010483963415, 0.0040029543452, 0.00168802705593, 0.000647784268949, 0.000431823864346, 0.000402821664466, 0.000344942382071, 0.000186702251085, 8.69169816724e-005, 5.37144951522e-005, 3.0559283914e-005, 1.52552975123e-005, 1.10679548015e-005, 1.10131850306e-005, 5.52520123165e-006, 5.03553064846e-006, 5.86188662055e-006, 5.53026438865e-006, 6.74261218592e-006, 4.59975717604e-006, 4.52392077932e-006, 3.83527867598e-006, 3.07808795696e-006, 1.8202741785e-006, 2.89083959615e-006, 4.17352794102e-006, 2.25401913667e-006, 2.30752721109e-006, 2.12872032535e-006, 1.68606288753e-006, 1.35851109917e-006, 1.24910047816e-006, 1.26781128529e-006, 1.16290857477e-006, 1.34143533614e-006, 1.32122920604e-006, 1.51764345446e-006, 2.40415101871e-006, 1.51426922912e-006],
        "var": [0.000167158141267, 0.000261978741037, 1.03448646769e-005, 3.29716340275e-006, 1.22496965105e-006, 1.9051756226e-006, 9.5360354635e-007, 6.82467486968e-007, 1.43187278923e-007, 7.74979227458e-008, 4.11337026662e-008, 6.99141367022e-009, 1.64187030638e-009, 7.17602921529e-010, 5.91529769611e-010, 2.04729316833e-010, 1.88066257012e-010, 1.43885153792e-010, 2.09825115616e-010, 2.7968408145e-010, 2.36313357771e-010, 1.13881924724e-010, 1.16713652631e-010, 4.27813826032e-011, 1.32647720932e-011, 5.74962057132e-011, 2.3039674335e-010, 1.51743981963e-011, 1.98338359625e-011, 1.65395544482e-011, 9.10918649538e-012, 7.05964800507e-012, 7.00540537038e-012, 4.92160435669e-012, 5.07161543664e-012, 6.33515288839e-012, 4.54560824745e-012, 1.06163194555e-011, 2.68789955571e-011, 1.18914166708e-011]
    },
    "mfcc": {
        "mean": [-674.964538574, 120.115242004, 59.6219711304, 44.0740661621, 21.1989459991, 6.44004392624, 8.08738040924, 0.760631561279, 5.61670827866, 7.33024740219, 3.54729866982, 3.512830019, -1.5467031002],
        "cov": [[3133.84033203, -48.0650749207, 9.16831207275, -248.485397339, -220.807434082, -148.308319092, -113.325737, 38.6190338135, -5.89589452744, -73.796081543, -59.2339630127, -44.7844963074, 67.3593978882], [-48.0650749207, 813.704162598, -173.515472412, -16.5550537109, 6.3966088295, 17.9448795319, -40.0998001099, -5.31243896484, -11.2966690063, -36.1769981384, -32.7153892517, 39.1457977295, 43.4875144958], [9.16831207275, -173.515472412, 559.136352539, 83.5774917603, 121.727416992, 58.420337677, 104.267982483, 40.5873565674, -18.6489028931, -1.61313307285, 12.963596344, -37.5801734924, -28.1813869476], [-248.485397339, -16.5550537109, 83.5774917603, 267.798706055, 82.7823944092, 87.3489608765, 70.8954620361, 5.93867540359, 21.8213882446, 49.9837150574, 21.6747531891, -7.37537384033, -37.1740112305], [-220.807434082, 6.3966088295, 121.727416992, 82.7823944092, 195.947769165, 72.3207397461, 60.2190475464, 12.1537656784, 29.3790454865, 27.0835418701, 30.8268260956, 29.0891990662, 9.74793815613], [-148.308319092, 17.9448795319, 58.420337677, 87.3489608765, 72.3207397461, 124.708694458, 51.6158828735, 12.5205554962, 10.5055484772, 19.7581348419, 18.8529434204, 4.71891975403, -10.7441892624], [-113.325737, -40.0998001099, 104.267982483, 70.8954620361, 60.2190475464, 51.6158828735, 100.735061646, 15.7879962921, 5.96475505829, 26.9356269836, 22.514465332, -1.31417155266, -12.2055311203], [38.6190338135, -5.31243896484, 40.5873565674, 5.93867540359, 12.1537656784, 12.5205554962, 15.7879962921, 75.9283370972, 23.6817035675, -4.88086128235, -6.37586021423, 5.01820802689, 10.9584770203], [-5.89589452744, -11.2966690063, -18.6489028931, 21.8213882446, 29.3790454865, 10.5055484772, 5.96475505829, 23.6817035675, 77.7387313843, 34.9469070435, 7.87106561661, 12.9542579651, 8.7382068634], [-73.796081543, -36.1769981384, -1.61313307285, 49.9837150574, 27.0835418701, 19.7581348419, 26.9356269836, -4.88086128235, 34.9469070435, 99.9060745239, 50.7116241455, -1.77811658382, -21.020866394], [-59.2339630127, -32.7153892517, 12.963596344, 21.6747531891, 30.8268260956, 18.8529434204, 22.514465332, -6.37586021423, 7.87106561661, 50.7116241455, 93.0188446045, 40.545955658, 1.50090909004], [-44.7844963074, 39.1457977295, -37.5801734924, -7.37537384033, 29.0891990662, 4.71891975403, -1.31417155266, 5.01820802689, 12.9542579651, -1.77811658382, 40.545955658, 109.890151978, 72.6255187988], [67.3593978882, 43.4875144958, -28.1813869476, -37.1740112305, 9.74793815613, -10.7441892624, -12.2055311203, 10.9584770203, 8.7382068634, -21.020866394, 1.50090909004, 72.6255187988, 135.149765015]],
        "icov": [[0.000383985461667, -6.13622160017e-006, -0.000150744381244, 0.000185494340258, 0.000373141199816, 0.000108783424366, 0.000188286416233, -0.000158072216436, -0.000231633952353, 0.000104264188849, -0.000143326207763, 0.000295258127153, -0.000284139328869], [-6.13622160017e-006, 0.00143021880649, 0.000498223002069, -2.17720935325e-005, -0.000403422978707, -0.000481030176161, 0.000352642935468, -0.000159335992066, 0.000565866997931, 5.33397796971e-005, 0.000688136729877, -0.000443879223894, -0.000121027354908], [-0.000150744381244, 0.000498223002069, 0.0029504604172, -0.000251417659456, -0.00179844698869, 0.000258088897681, -0.001894052024, -0.00132695201319, 0.00146721699275, 0.00090725888731, -0.000602214713581, 0.00143151916564, -0.00016865307407], [0.000185494340258, -2.17720935325e-005, -0.000251417659456, 0.0058459751308, -0.000497584289405, -0.00250846287236, -0.00174477754626, 0.000433248555055, -0.000455064146081, -0.00191339268349, 0.0012390576303, -0.000613770214841, 0.00116175820585], [0.000373141199816, -0.000403422978707, -0.00179844698869, -0.000497584289405, 0.00913769379258, -0.00270087993704, -0.00163091265131, 0.00131601584144, -0.00339702144265, 0.000276069709798, -0.00060151546495, -0.00180730351713, -0.000455379893538], [0.000108783424366, -0.000481030176161, 0.000258088897681, -0.00250846287236, -0.00270087993704, 0.0129630314186, -0.00329654663801, -0.00126902374905, 0.0002562784357, 0.000794927822426, -0.00127508270089, 0.000555642240215, 0.000317583035212], [0.000188286416233, 0.000352642935468, -0.001894052024, -0.00174477754626, -0.00163091265131, -0.00329654663801, 0.0173884201795, -0.00260640634224, 0.00195490382612, -0.00280209025368, -0.00102561339736, 0.000288980838377, -0.000151033294969], [-0.000158072216436, -0.000159335992066, -0.00132695201319, 0.000433248555055, 0.00131601584144, -0.00126902374905, -0.00260640634224, 0.0170300658792, -0.00702658249065, 0.00293275504373, 0.000772431434598, -0.000503442191985, -0.00066711200634], [-0.000231633952353, 0.000565866997931, 0.00146721699275, -0.000455064146081, -0.00339702144265, 0.0002562784357, 0.00195490382612, -0.00702658249065, 0.0209554694593, -0.00954750459641, 0.00471885316074, -0.00277696037665, -0.00027421026607], [0.000104264188849, 5.33397796971e-005, 0.00090725888731, -0.00191339268349, 0.000276069709798, 0.000794927822426, -0.00280209025368, 0.00293275504373, -0.00954750459641, 0.0215598847717, -0.0125371757895, 0.00601519132033, 2.36999076151e-005], [-0.000143326207763, 0.000688136729877, -0.000602214713581, 0.0012390576303, -0.00060151546495, -0.00127508270089, -0.00102561339736, 0.000772431434598, 0.00471885316074, -0.0125371757895, 0.0230884775519, -0.0120651591569, 0.00382396229543], [0.000295258127153, -0.000443879223894, 0.00143151916564, -0.000613770214841, -0.00180730351713, 0.000555642240215, 0.000288980838377, -0.000503442191985, -0.00277696037665, 0.00601519132033, -0.0120651591569, 0.0218904707581, -0.0101473778486], [-0.000284139328869, -0.000121027354908, -0.00016865307407, 0.00116175820585, -0.000455379893538, 0.000317583035212, -0.000151033294969, -0.00066711200634, -0.00027421026607, 2.36999076151e-005, 0.00382396229543, -0.0101473778486, 0.0133945383132]]
    },
    "spectral_contrast_coeffs": {
        "mean": [-0.615822970867, -0.716291069984, -0.765967130661, -0.800681352615, -0.791134238243, -0.76216417551],
        "var": [0.00673603406176, 0.00835557933897, 0.00476074591279, 0.00228125369176, 0.00157970492728, 0.0010647099698]
    },
    "spectral_contrast_valleys": {
        "mean": [-6.45077037811, -6.94592285156, -8.33634567261, -8.6360578537, -8.3083190918, -10.3396568298],
        "var": [1.30013370514, 1.20071947575, 1.12832331657, 0.946199893951, 0.991658091545, 1.15495634079]
    }
},
"metadata": {
    "audio_properties": {
        "analysis_sample_rate": 44100,
        "bit_rate": 108942,
        "equal_loudness": 0,
        "length": 45.0612258911,
        "lossless": 0,
        "replay_gain": -8.58097076416,
        "sample_rate": 44100,
        "codec": "mp3",
        "downmix": "mix",
        "md5_encoded": "1f07fb80251627980d71c6539ab67cb5"
    },
    "tags": {
        "file_name": "audio\\703.mp3"
    },
    "version": {
        "essentia": "2.1-beta2",
        "essentia_git_sha": "v2.1_beta2",
        "extractor": "music 1.0"
    }
},
"rhythm": {
    "beats_count": 96,
    "beats_loudness": {
        "mean": 0.0941325500607,
        "var": 0.00334574002773
    },
    "bpm": 129.667602539,
    "bpm_histogram_first_peak_bpm": {
        "mean": 129,
        "var": 0
    },
    "bpm_histogram_first_peak_spread": {
        "mean": 0.404494345188,
        "var": 0
    },
    "bpm_histogram_first_peak_weight": {
        "mean": 0.557894766331,
        "var": 0
    },
    "bpm_histogram_second_peak_bpm": {
        "mean": 123,
        "var": 0
    },
    "bpm_histogram_second_peak_spread": {
        "mean": 0.250000029802,
        "var": 0
    },
    "bpm_histogram_second_peak_weight": {
        "mean": 0.0315789468586,
        "var": 0
    },
    "danceability": 1.70223653316,
    "onset_rate": 4.41422367096,
    "beats_loudness_band_ratio": {
        "mean": [0.783506810665, 0.146192714572, 0.0749946013093, 0.00893296208233, 0.00609932327643, 0.0208390634507],
        "var": [0.0471259355545, 0.0243407841772, 0.00919402763247, 0.00013850821415, 7.89186524344e-005, 0.00248669297434]
    },
    "beats_position": [0.476009070873, 0.940408170223, 1.4164172411, 1.88081634045, 2.33360528946, 2.7863945961, 3.25079369545, 3.7151927948, 4.1679816246, 4.62077093124, 5.08516979218, 5.54956912994, 6.00235795975, 6.47836732864, 6.96598625183, 7.45360517502, 7.92961454391, 8.40562343597, 8.87002277374, 9.33442115784, 9.79882049561, 10.2632198334, 10.71600914, 11.1804075241, 11.6448068619, 12.1208162308, 12.5852155685, 13.0380039215, 13.4907932281, 13.9551925659, 14.4079818726, 14.8607711792, 15.3251695633, 15.7779588699, 16.242357254, 16.7067565918, 17.1711559296, 17.6471652985, 18.1115646362, 18.5643539429, 19.0171432495, 19.4815406799, 19.9459400177, 20.4103393555, 20.8747386932, 21.3275279999, 21.7803173065, 22.2447166443, 22.7091159821, 23.1735134125, 23.6379127502, 24.0790920258, 24.5318813324, 24.984670639, 25.4374599457, 25.8902492523, 26.3314285278, 26.7958278656, 27.2602272034, 27.7246246338, 28.1890239716, 28.6418132782, 29.0946025848, 29.5590019226, 30.0234012604, 30.4878005981, 30.9521980286, 31.4282073975, 31.8809967041, 32.3453979492, 32.8097953796, 33.2741928101, 33.7385940552, 34.2146034241, 34.690612793, 35.1550102234, 35.6310195923, 36.0954170227, 36.5598182678, 37.0126075745, 37.4770050049, 37.94140625, 38.4058036804, 38.8702049255, 39.334602356, 39.7989997864, 40.2634010315, 40.7277984619, 41.1805877686, 41.6449890137, 42.1209983826, 42.585395813, 43.0497932434, 43.5258026123, 44.0134239197, 44.5126533508]
},
"tonal": {
    "chords_changes_rate": 0.0761316865683,
    "chords_number_rate": 0.0102880662307,
    "chords_strength": {
        "mean": 0.47993388772,
        "var": 0.00903199147433
    },
    "hpcp_entropy": {
        "mean": 1.72852993011,
        "var": 0.518060922623
    },
    "key_strength": 0.755239725113,
    "tuning_diatonic_strength": 0.563347756863,
    "tuning_equal_tempered_deviation": 0.102256640792,
    "tuning_frequency": 437.213165283,
    "tuning_nontempered_energy_ratio": 0.783194243908,
    "hpcp": {
        "mean": [0.203514516354, 0.131891697645, 0.0345264449716, 0.0231872089207, 0.023948315531, 0.0332818627357, 0.061141949147, 0.0726343616843, 0.128037840128, 0.217685297132, 0.153911218047, 0.0457202009857, 0.0316551476717, 0.0326575934887, 0.0626406893134, 0.155683994293, 0.163397908211, 0.0801775604486, 0.0475556142628, 0.0457920245826, 0.106487080455, 0.196525156498, 0.163102596998, 0.144328534603, 0.173213928938, 0.101913176477, 0.0481721498072, 0.0475294068456, 0.0492381192744, 0.063808940351, 0.0942484661937, 0.0785419791937, 0.0400635786355, 0.0421158634126, 0.057047188282, 0.128427818418],
        "var": [0.120371520519, 0.0530247315764, 0.0103137316182, 0.0112592810765, 0.0124279297888, 0.0155804371461, 0.0360945574939, 0.0366402007639, 0.0501525178552, 0.132734984159, 0.072995968163, 0.0166361518204, 0.0160020831972, 0.015099122189, 0.0255153626204, 0.0984245985746, 0.105000697076, 0.0345665998757, 0.0273215323687, 0.0208012163639, 0.0387335605919, 0.099971704185, 0.0797328054905, 0.0580103807151, 0.106595344841, 0.0502379797399, 0.0257343444973, 0.0278364792466, 0.0261615775526, 0.0312310084701, 0.0441775396466, 0.0328255258501, 0.0134737100452, 0.0219894330949, 0.0289894919842, 0.0602755136788]
    },
    "chords_histogram": [13.271604538, 53.1893005371, 8.53909492493, 0, 2.98353910446, 2.77777767181, 2.05761313438, 0, 0, 0, 0, 0, 0, 0, 0, 0, 0, 1.44032919407, 1.33744859695, 1.74897122383, 0, 0, 0, 12.6543207169],
    "thpcp": [1, 0.707035422325, 0.210028886795, 0.145417019725, 0.150022044778, 0.287758022547, 0.715179204941, 0.750615298748, 0.368318676949, 0.218460381031, 0.210358828306, 0.48917901516, 0.902794837952, 0.749258697033, 0.66301459074, 0.79570800066, 0.468167483807, 0.221292614937, 0.21833999455, 0.226189464331, 0.293124705553, 0.432957440615, 0.360805153847, 0.184043571353, 0.193471327424, 0.2620626688, 0.589970111847, 0.934902429581, 0.605882406235, 0.158607155085, 0.106517113745, 0.110013470054, 0.152889803052, 0.280873119831, 0.333666831255, 0.588178634644],
    "chords_key": "A",
    "chords_scale": "minor",
    "key_key": "F",
    "key_scale": "major"
}
}