{
"lowlevel": {
    "average_loudness": 0.33184209466,
    "barkbands_crest": {
        "mean": 9.58612251282,
        "var": 8.98652458191
    },
    "barkbands_flatness_db": {
        "mean": 0.234167695045,
        "var": 0.00351769500412
    },
    "barkbands_kurtosis": {
        "mean": 0.167044624686,
        "var": 2.14141106606
    },
    "barkbands_skewness": {
        "mean": -0.147469550371,
        "var": 0.301291286945
    },
    "barkbands_spread": {
        "mean": 9.3482427597,
        "var": 10.067035675
    },
    "dissonance": {
        "mean": 0.410257637501,
        "var": 0.00184226455167
    },
    "dynamic_complexity": 5.98864126205,
    "erbbands_crest": {
        "mean": 13.3740663528,
        "var": 19.4412631989
    },
    "erbbands_flatness_db": {
        "mean": 0.322175472975,
        "var": 0.00368268182501
    },
    "erbbands_kurtosis": {
        "mean": 1.39823877811,
        "var": 2.76577544212
    },
    "erbbands_skewness": {
        "mean": -0.24302123487,
        "var": 0.505394399166
    },
    "erbbands_spread": {
        "mean": 10.391160965,
        "var": 17.9750099182
    },
    "hfc": {
        "mean": 19.493019104,
        "var": 544.642028809
    },
    "melbands_crest": {
        "mean": 11.0468769073,
        "var": 9.53522014618
    },
    "melbands_flatness_db": {
        "mean": 0.272367179394,
        "var": 0.00171563960612
    },
    "melbands_kurtosis": {
        "mean": 0.0256563406438,
        "var": 2.5989882946
    },
    "melbands_skewness": {
        "mean": 0.160263881087,
        "var": 0.252397954464
    },
    "melbands_spread": {
        "mean": 17.1888465881,
        "var": 43.2911949158
    },
    "pitch_salience": {
        "mean": 0.697348475456,
        "var": 0.00587269011885
    },
    "silence_rate_20dB": {
        "mean": 1,
        "var": 0
    },
    "silence_rate_30dB": {
        "mean": 0.997941315174,
        "var": 0.00205447548069
    },
    "silence_rate_60dB": {
        "mean": 0.320638179779,
        "var": 0.217828541994
    },
    "spectral_centroid": {
        "mean": 1111.33679199,
        "var": 204429.046875
    },
    "spectral_complexity": {
        "mean": 9.51312446594,
        "var": 15.1762075424
    },
    "spectral_decrease": {
        "mean": -4.02538624655e-009,
        "var": 1.8092741213e-017
    },
    "spectral_energy": {
        "mean": 0.0169607903808,
        "var": 0.000329392176354
    },
    "spectral_energyband_high": {
        "mean": 1.13236028483e-005,
        "var": 7.18358372787e-010
    },
    "spectral_energyband_low": {
        "mean": 8.52655430208e-005,
        "var": 6.6825592171e-008
    },
    "spectral_energyband_middle_high": {
        "mean": 0.0123199317604,
        "var": 0.000241041983827
    },
    "spectral_energyband_middle_low": {
        "mean": 0.00460194051266,
        "var": 1.83835709322e-005
    },
    "spectral_entropy": {
        "mean": 6.41209506989,
        "var": 0.202241331339
    },
    "spectral_flux": {
        "mean": 0.0214186888188,
        "var": 0.000262050831225
    },
    "spectral_kurtosis": {
        "mean": 20.4986820221,
        "var": 122.153915405
    },
    "spectral_rms": {
        "mean": 0.00343863223679,
        "var": 4.72294141218e-006
    },
    "spectral_rolloff": {
        "mean": 1454.92126465,
        "var": 700419.125
    },
    "spectral_skewness": {
        "mean": 2.96563982964,
        "var": 0.659485936165
    },
    "spectral_spread": {
        "mean": 1977983,
        "var": 2.6446224425e+012
    },
    "spectral_strongpeak": {
        "mean": 2.72797060013,
        "var": 6.87996578217
    },
    "zerocrossingrate": {
        "mean": 0.0500411652029,
        "var": 0.000502804643475
    },
    "barkbands": {
        "mean": [6.30304275546e-005, 1.25753340399e-005, 2.13358671317e-005, 3.694849147e-005, 6.15252065472e-005, 0.00097376346821, 0.00217973510735, 6.45306354272e-005, 0.00111061008647, 0.00253755506128, 0.000380382873118, 0.000533728452865, 0.00527522852644, 0.00058208743576, 0.00205970741808, 0.000891668198165, 6.37669800199e-005, 6.35265096207e-005, 2.92815202556e-005, 1.29265736177e-005, 4.2255619519e-006, 1.61278853739e-006, 6.80799189468e-007, 2.48441523354e-007, 8.73108874089e-008, 4.49733192909e-008, 5.49846213005e-009],
        "var": [1.10138607567e-007, 9.5838181835e-009, 3.94521415537e-010, 9.4974339504e-010, 4.20287316061e-009, 3.50861864717e-006, 9.84858525044e-006, 2.9033870419e-008, 4.2359465624e-006, 1.77459241968e-005, 1.30360012918e-006, 9.14030124477e-007, 6.99890370015e-005, 2.23109441322e-006, 1.27239345602e-005, 2.37961444327e-006, 1.92044122826e-008, 2.431963253e-008, 5.9268168151e-009, 1.98213090385e-009, 1.4606602039e-010, 1.23481121161e-011, 9.62384794252e-013, 4.38563980054e-014, 4.43082087676e-015, 1.35952578507e-015, 3.52982220312e-017]
    },
    "erbbands": {
        "mean": [0.000990954926237, 0.00142332480755, 0.0161422528327, 0.0923194512725, 0.0916194021702, 0.242350354791, 1.51299250126, 11.5464792252, 34.3698616028, 11.9072303772, 2.93275618553, 16.6210517883, 37.5538825989, 96.6997375488, 24.699968338, 44.0915260315, 275.953826904, 49.9984283447, 118.431503296, 26.9268493652, 61.4153747559, 6.32312202454, 3.2051680088, 2.83397722244, 2.01824402809, 0.651499629021, 0.221962958574, 0.0960487350821, 0.0587531551719, 0.0374742485583, 0.0174328163266, 0.00820738822222, 0.00286064879037, 0.00124352856074, 0.000532655569259, 0.000262636662228, 7.23678094801e-005, 1.90886803466e-005, 1.01997566162e-005, 2.07189805224e-005],
        "var": [6.42710219836e-005, 2.45833871304e-005, 0.000172304775333, 0.00399128114805, 0.0101741235703, 0.106139086187, 13.6300201416, 420.422943115, 2081.15429688, 244.114807129, 14.9425640106, 683.811828613, 2236.09008789, 26181.6875, 1654.01843262, 2377.49926758, 197194.546875, 5213.96728516, 45658.0078125, 1571.72790527, 11214.1435547, 107.160614014, 44.4206237793, 47.7630462646, 31.4870624542, 3.15182900429, 0.387028723955, 0.0565240979195, 0.0162195526063, 0.00591469183564, 0.000615224416833, 5.73534889554e-005, 6.04401202509e-006, 1.36485823532e-006, 1.48853800397e-007, 3.76856021944e-008, 4.51433157522e-009, 3.50558387874e-010, 1.09261003023e-010, 5.05385788774e-010]
    },
    "gfcc": {
        "mean": [-136.672866821, 137.295654297, -190.848419189, -35.138458252, -52.4241371155, -1.40603661537, -32.756023407, -11.5438022614, -16.6826534271, -3.63992881775, -0.560059130192, -6.7079501152, -6.51550388336],
        "cov": [[5126.43017578, 575.933776855, -2250.74731445, -253.987823486, 277.698669434, -331.82409668, -287.249359131, -519.242980957, 637.902404785, -102.076858521, 359.825256348, -126.596206665, 376.075500488], [575.933776855, 261.114959717, -148.646408081, -111.365951538, 16.5284404755, -13.5919799805, -38.3161125183, -42.1776657104, 72.1681060791, -6.1419043541, 52.0449447632, 3.51038360596, 97.7226486206], [-2250.74731445, -148.646408081, 1389.62731934, 155.140701294, -248.806427002, 216.138687134, 189.026519775, 354.92300415, -428.074401855, 54.1745834351, -224.874359131, 108.506652832, -227.148101807], [-253.987823486, -111.365951538, 155.140701294, 186.481384277, -26.7123966217, -0.00888089649379, 53.1203384399, 68.3081436157, -57.7028160095, -3.06069159508, -31.268289566, 10.7580213547, -49.7484664917], [277.698669434, 16.5284404755, -248.806427002, -26.7123966217, 148.935592651, -17.859418869, -40.0817222595, -64.3827972412, 121.144592285, 18.1849498749, 49.5037460327, -14.4994211197, 49.4679107666], [-331.82409668, -13.5919799805, 216.138687134, -0.00888089649379, -17.859418869, 110.082717896, 43.5940322876, 52.5614356995, -54.6729660034, 24.8461799622, -31.6516780853, 10.6625452042, -29.1824893951], [-287.249359131, -38.3161125183, 189.026519775, 53.1203384399, -40.0817222595, 43.5940322876, 118.984230042, 81.3411865234, -75.0537185669, -0.339693635702, -35.2659187317, 13.5498895645, -40.7966003418], [-519.242980957, -42.1776657104, 354.92300415, 68.3081436157, -64.3827972412, 52.5614356995, 81.3411865234, 154.853652954, -115.040504456, 8.29257774353, -62.7112998962, 23.0557785034, -76.0560836792], [637.902404785, 72.1681060791, -428.074401855, -57.7028160095, 121.144592285, -54.6729660034, -75.0537185669, -115.040504456, 229.76789856, 12.0002632141, 94.6669311523, -22.8393287659, 104.366271973], [-102.076858521, -6.1419043541, 54.1745834351, -3.06069159508, 18.1849498749, 24.8461799622, -0.339693635702, 8.29257774353, 12.0002632141, 49.7828292847, 7.03346967697, 8.82339382172, -2.2901070118], [359.825256348, 52.0449447632, -224.874359131, -31.268289566, 49.5037460327, -31.6516780853, -35.2659187317, -62.7112998962, 94.6669311523, 7.03346967697, 97.0822753906, 3.95350790024, 60.4592552185], [-126.596206665, 3.51038360596, 108.506652832, 10.7580213547, -14.4994211197, 10.6625452042, 13.5498895645, 23.0557785034, -22.8393287659, 8.82339382172, 3.95350790024, 50.4384040833, 6.76742839813], [376.075500488, 97.7226486206, -227.148101807, -49.7484664917, 49.4679107666, -29.1824893951, -40.7966003418, -76.0560836792, 104.366271973, -2.2901070118, 60.4592552185, 6.76742839813, 132.800170898]],
        "icov": [[0.00208080443554, -0.00447289505973, 0.00548061681911, -0.00231973128393, 0.00242510577664, -0.00188774522394, 0.000593210977968, -0.000819647219032, 0.000720595591702, -0.00178083789069, 0.00227181450464, -0.0043781385757, 0.00289060175419], [-0.00447289505973, 0.0168216302991, -0.0119592715055, 0.00868242140859, -0.00422519538552, 0.00415225420147, -0.000632701383438, -0.00110836396925, -0.0019200714305, 0.00519027654082, -0.00680022872984, 0.0103060360998, -0.0110884914175], [0.00548061681911, -0.0119592715055, 0.0193732455373, -0.00672024348751, 0.00841413903981, -0.00849370472133, 0.00299743167125, -0.00670253904536, 0.00506881810725, -0.00858417246491, 0.00971819460392, -0.0172616895288, 0.00830457359552], [-0.00231973128393, 0.00868242140859, -0.00672024348751, 0.0116744851694, -0.00305720604956, 0.0048444531858, -0.00257749087177, -0.00214752042666, -0.00123088946566, 0.00308049656451, -0.00354875484481, 0.00508141377941, -0.00438230670989], [0.00242510577664, -0.00422519538552, 0.00841413903981, -0.00305720604956, 0.0162699632347, -0.00472466833889, 0.00138769682962, -0.00180051964708, -0.00413869600743, -0.00641196966171, 0.00387530564331, -0.00646668905392, 0.00349181797355], [-0.00188774522394, 0.00415225420147, -0.00849370472133, 0.0048444531858, -0.00472466833889, 0.0186675973237, -0.00516491057351, 0.00214056717232, -0.00065628089942, -0.00291967904195, -0.00249641085975, 0.00822738837451, -0.00373885431327], [0.000593210977968, -0.000632701383438, 0.00299743167125, -0.00257749087177, 0.00138769682962, -0.00516491057351, 0.0153526309878, -0.00741707906127, 0.00240644533187, 0.000954649585765, 0.000454083987279, -0.00269751041196, -0.000180287868716], [-0.000819647219032, -0.00110836396925, -0.00670253904536, -0.00214752042666, -0.00180051964708, 0.00214056717232, -0.00741707906127, 0.0222477186471, -0.00176292308606, 0.00141084066126, -0.000156792884809, 0.00220161164179, 0.00384092400782], [0.000720595591702, -0.0019200714305, 0.00506881810725, -0.00123088946566, -0.00413869600743, -0.00065628089942, 0.00240644533187, -0.00176292308606, 0.0170114003122, -0.00607851473615, -0.00257325102575, -0.000141879558214, -0.00358698097989], [-0.00178083789069, 0.00519027654082, -0.00858417246491, 0.00308049656451, -0.00641196966171, -0.00291967904195, 0.000954649585765, 0.00141084066126, -0.00607851473615, 0.0320928022265, -0.00747330999002, 0.00318962568417, -0.000886600348167], [0.00227181450464, -0.00680022872984, 0.00971819460392, -0.00354875484481, 0.00387530564331, -0.00249641085975, 0.000454083987279, -0.000156792884809, -0.00257325102575, -0.00747330999002, 0.0261643268168, -0.0146469296888, 0.00264927791432], [-0.0043781385757, 0.0103060360998, -0.0172616895288, 0.00508141377941, -0.00646668905392, 0.00822738837451, -0.00269751041196, 0.00220161164179, -0.000141879558214, 0.00318962568417, -0.0146469296888, 0.042627543211, -0.0134956780821], [0.00289060175419, -0.0110884914175, 0.00830457359552, -0.00438230670989, 0.00349181797355, -0.00373885431327, -0.000180287868716, 0.00384092400782, -0.00358698097989, -0.000886600348167, 0.00264927791432, -0.0134956780821, 0.0223740898073]]
    },
    "melbands": {
        "mean": [9.67538835539e-006, 6.14413102085e-006, 1.56139831233e-005, 9.53504331846e-006, 4.25455764343e-005, 0.000225774827413, 0.000532286416274, 9.54531860771e-005, 2.61306649918e-005, 0.000136150454637, 0.000191602812265, 0.000414390960941, 6.86663988745e-005, 7.20752650523e-005, 0.000429989420809, 0.000412767083617, 5.72094722884e-005, 0.000166625861311, 0.000102356236312, 2.59801108768e-005, 7.13813569746e-005, 2.15640307033e-006, 3.83450651498e-006, 3.44693262377e-006, 2.01775560527e-006, 1.5185681832e-006, 8.62562842485e-007, 3.4976636698e-007, 1.55424075388e-007, 8.02649537945e-008, 4.07506739464e-008, 3.39400827443e-008, 2.59086743171e-008, 1.79958608015e-008, 1.06510071873e-008, 7.18145143352e-009, 3.94155286187e-009, 2.02846450748e-009, 1.38287015172e-009, 8.93742690966e-010],
        "var": [4.18000967173e-009, 2.9411986735e-011, 1.16197822198e-010, 1.34799144069e-010, 1.21538317188e-008, 1.80690705065e-007, 4.97989333326e-007, 1.54408166253e-008, 1.90217130935e-009, 5.59562280955e-008, 5.97032183691e-008, 5.07145557549e-007, 3.05432550363e-008, 1.81424919532e-008, 4.83036728838e-007, 3.61426089057e-007, 1.66276752367e-008, 9.80309877718e-008, 2.63318948868e-008, 2.01099514818e-009, 1.50618362227e-008, 2.73250692906e-011, 8.07797786995e-011, 1.02667631341e-010, 2.80408005843e-011, 1.76310719496e-011, 6.15383178443e-012, 1.20578536305e-012, 3.36496970696e-013, 5.00239803194e-014, 1.01495401032e-014, 5.82185056999e-015, 3.47625900267e-015, 1.25355074018e-015, 2.92981417266e-016, 5.39133129118e-017, 1.27558992866e-017, 3.55836762703e-018, 1.64056581704e-018, 7.3318461573e-019]
    },
    "mfcc": {
        "mean": [-768.898254395, 181.822433472, -70.9242401123, -23.6255893707, -16.7211818695, -3.03965449333, -7.78213977814, -6.93690824509, -14.6015319824, 4.40399837494, -4.24847078323, -5.81025981903, 5.26780033112],
        "cov": [[4152.91699219, 180.815231323, -1898.9486084, -48.2198562622, 85.0492935181, 116.194046021, -771.556640625, -273.696533203, -40.5073013306, 44.6553840637, -95.7154464722, -7.16437149048, 196.732925415], [180.815231323, 338.491088867, 1.56662046909, -109.34236908, 17.5277137756, -8.42517089844, -15.0827302933, -22.5993404388, 8.16926383972, -4.15433311462, -15.8675756454, -15.990105629, 4.97859239578], [-1898.9486084, 1.56662046909, 1055.33520508, 56.2704772949, -79.3921661377, -68.0176391602, 395.134246826, 175.040557861, 6.53193759918, -19.9186115265, 47.570526123, -3.47548341751, -116.059875488], [-48.2198562622, -109.34236908, 56.2704772949, 150.040664673, -6.72332000732, -28.9729499817, 33.0877113342, 41.4920005798, -4.00755548477, -5.16661834717, 16.0557689667, 1.52491366863, -8.70118904114], [85.0492935181, 17.5277137756, -79.3921661377, -6.72332000732, 101.254104614, 28.2230014801, -65.3914871216, -32.6710319519, 22.3841667175, 5.43914365768, -7.52435827255, 22.1546535492, 31.2401771545], [116.194046021, -8.42517089844, -68.0176391602, -28.9729499817, 28.2230014801, 87.0337982178, -22.098865509, -30.130115509, 22.3626022339, 8.11720275879, -6.00427103043, 10.9212722778, 21.8913650513], [-771.556640625, -15.0827302933, 395.134246826, 33.0877113342, -65.3914871216, -22.098865509, 267.995727539, 104.250350952, -13.0819072723, 3.15237307549, 33.8883628845, -13.558886528, -57.0957489014], [-273.696533203, -22.5993404388, 175.040557861, 41.4920005798, -32.6710319519, -30.130115509, 104.250350952, 100.191612244, 4.35096979141, -0.32369402051, 22.5133342743, -1.31645727158, -19.14894104], [-40.5073013306, 8.16926383972, 6.53193759918, -4.00755548477, 22.3841667175, 22.3626022339, -13.0819072723, 4.35096979141, 88.1449127197, 13.5335550308, -12.7780561447, 21.5283718109, 21.8201999664], [44.6553840637, -4.15433311462, -19.9186115265, -5.16661834717, 5.43914365768, 8.11720275879, 3.15237307549, -0.32369402051, 13.5335550308, 61.0839920044, 22.5940532684, -8.1090259552, 9.33571338654], [-95.7154464722, -15.8675756454, 47.570526123, 16.0557689667, -7.52435827255, -6.00427103043, 33.8883628845, 22.5133342743, -12.7780561447, 22.5940532684, 61.6239891052, 5.37146854401, -12.8017778397], [-7.16437149048, -15.990105629, -3.47548341751, 1.52491366863, 22.1546535492, 10.9212722778, -13.558886528, -1.31645727158, 21.5283718109, -8.1090259552, 5.37146854401, 69.9470596313, 22.1746807098], [196.732925415, 4.97859239578, -116.059875488, -8.70118904114, 31.2401771545, 21.8913650513, -57.0957489014, -19.14894104, 21.8201999664, 9.33571338654, -12.8017778397, 22.1746807098, 78.1781616211]],
        "icov": [[0.00469108251855, -0.00521825160831, 0.00726704532281, -0.00603731349111, 0.00575197581202, -0.00605546403676, 0.00664723897353, -0.00624832557514, 0.00487867929041, -0.00548057444394, 0.00440865941346, -0.00311848544516, 0.00226432853378], [-0.00521825160831, 0.0101218204945, -0.0081608472392, 0.0102436635643, -0.00774417957291, 0.00877613015473, -0.00781082222238, 0.0072580720298, -0.00639432901517, 0.00725260609761, -0.00540576502681, 0.00509035307914, -0.00318811251782], [0.00726704532281, -0.0081608472392, 0.0137345427647, -0.00916980579495, 0.0080775776878, -0.00826569274068, 0.00694729434326, -0.0101838065311, 0.00642331410199, -0.00753714516759, 0.00664042914286, -0.00528533617035, 0.00496141426265], [-0.00603731349111, 0.0102436635643, -0.00916980579495, 0.0186067521572, -0.00949380919337, 0.0113796610385, -0.00898094009608, 0.00525820814073, -0.00724383397028, 0.00921212695539, -0.00763247627765, 0.00545672280714, -0.00354151264764], [0.00575197581202, -0.00774417957291, 0.0080775776878, -0.00949380919337, 0.0216565728188, -0.0108890933916, 0.0114965913817, -0.00578853394836, 0.00507402187213, -0.00807772018015, 0.00528830010444, -0.00672217318788, 0.000648113258649], [-0.00605546403676, 0.00877613015473, -0.00826569274068, 0.0113796610385, -0.0108890933916, 0.0249647833407, -0.0125499265268, 0.0133510427549, -0.0106634162366, 0.00815784931183, -0.00731757981703, 0.00458447216079, -0.00535604916513], [0.00664723897353, -0.00781082222238, 0.00694729434326, -0.00898094009608, 0.0114965913817, -0.0125499265268, 0.0217782780528, -0.0156995784491, 0.00950086954981, -0.0102714868262, 0.0063891960308, -0.00449774926528, 0.00496071530506], [-0.00624832557514, 0.0072580720298, -0.0101838065311, 0.00525820814073, -0.00578853394836, 0.0133510427549, -0.0156995784491, 0.0305224023759, -0.0111657110974, 0.00998978782445, -0.0109228212386, 0.00500526279211, -0.00597165338695], [0.00487867929041, -0.00639432901517, 0.00642331410199, -0.00724383397028, 0.00507402187213, -0.0106634162366, 0.00950086954981, -0.0111657110974, 0.0220252145082, -0.0126510588452, 0.0115881999955, -0.00846488866955, 0.00168379372917], [-0.00548057444394, 0.00725260609761, -0.00753714516759, 0.00921212695539, -0.00807772018015, 0.00815784931183, -0.0102714868262, 0.00998978782445, -0.0126510588452, 0.0315304994583, -0.0181108154356, 0.0112704485655, -0.00734199490398], [0.00440865941346, -0.00540576502681, 0.00664042914286, -0.00763247627765, 0.00528830010444, -0.00731757981703, 0.0063891960308, -0.0109228212386, 0.0115881999955, -0.0181108154356, 0.0303013883531, -0.0099689848721, 0.0069030970335], [-0.00311848544516, 0.00509035307914, -0.00528533617035, 0.00545672280714, -0.00672217318788, 0.00458447216079, -0.00449774926528, 0.00500526279211, -0.00846488866955, 0.0112704485655, -0.0099689848721, 0.0223996844143, -0.0073412260972], [0.00226432853378, -0.00318811251782, 0.00496141426265, -0.00354151264764, 0.000648113258649, -0.00535604916513, 0.00496071530506, -0.00597165338695, 0.00168379372917, -0.00734199490398, 0.0069030970335, -0.0073412260972, 0.0212880726904]]
    },
    "spectral_contrast_coeffs": {
        "mean": [-0.642867922783, -0.643142998219, -0.628868997097, -0.625997245312, -0.741681575775, -0.785591006279],
        "var": [0.00316365645267, 0.00764896860346, 0.00553984194994, 0.010004574433, 0.00427649263293, 0.00127444765531]
    },
    "spectral_contrast_valleys": {
        "mean": [-9.9408864975, -7.90808439255, -8.26439571381, -8.94836330414, -9.45299911499, -12.7254447937],
        "var": [0.787778377533, 1.04610610008, 0.930935561657, 0.886964976788, 0.756312727928, 0.417015224695]
    }
},
"metadata": {
    "audio_properties": {
        "analysis_sample_rate": 44100,
        "bit_rate": 99427,
        "equal_loudness": 0,
        "length": 45.0873451233,
        "lossless": 0,
        "replay_gain": 6.26780509949,
        "sample_rate": 44100,
        "codec": "mp3",
        "downmix": "mix",
        "md5_encoded": "86cf0eb920f80332ca67ee698de4db20"
    },
    "tags": {
        "file_name": "audio\\707.mp3"
    },
    "version": {
        "essentia": "2.1-beta2",
        "essentia_git_sha": "v2.1_beta2",
        "extractor": "music 1.0"
    }
},
"rhythm": {
    "beats_count": 66,
    "beats_loudness": {
        "mean": 0.0181254781783,
        "var": 0.000291625532554
    },
    "bpm": 80.8034820557,
    "bpm_histogram_first_peak_bpm": {
        "mean": 80,
        "var": 0
    },
    "bpm_histogram_first_peak_spread": {
        "mean": 0.519999980927,
        "var": 0
    },
    "bpm_histogram_first_peak_weight": {
        "mean": 0.184615388513,
        "var": 0
    },
    "bpm_histogram_second_peak_bpm": {
        "mean": 88,
        "var": 0
    },
    "bpm_histogram_second_peak_spread": {
        "mean": 0.599999964237,
        "var": 0
    },
    "bpm_histogram_second_peak_weight": {
        "mean": 0.0923076942563,
        "var": 0
    },
    "danceability": 0.727021634579,
    "onset_rate": 0.509923994541,
    "beats_loudness_band_ratio": {
        "mean": [0.0434586703777, 0.0974637195468, 0.289864182472, 0.473533153534, 0.112759009004, 0.00341782369651],
        "var": [0.0122845573351, 0.0139108058065, 0.019975470379, 0.0247102044523, 0.00851883739233, 1.84695072676e-005]
    },
    "beats_position": [0.545668900013, 1.09133780003, 1.64861679077, 2.19428563118, 2.73995471001, 3.29723358154, 3.85451245308, 4.41179132462, 5.06195020676, 5.71210861206, 6.39709758759, 7.08208608627, 7.76707458496, 8.45206356049, 9.2067117691, 9.96135997772, 10.7392292023, 11.505487442, 12.2601356506, 13.0147848129, 13.7462129593, 14.4892511368, 15.2206802368, 15.9288883209, 16.6254863739, 17.3220863342, 18.0302944183, 18.7268924713, 19.458322525, 20.2013607025, 20.94439888, 21.6874370575, 22.430475235, 23.1851234436, 23.9165534973, 24.6363716125, 25.3561897278, 26.076007843, 26.8074378967, 27.5388660431, 28.2935142517, 29.0481624603, 29.8260307312, 30.6038990021, 31.3004989624, 31.9854869843, 32.6704750061, 33.3090248108, 33.935962677, 34.5745124817, 35.2130622864, 35.8516082764, 36.4901580811, 37.1170959473, 37.755645752, 38.4058036804, 38.9979133606, 39.5784111023, 40.1473007202, 40.7161903381, 41.2850799561, 41.8771858215, 42.4692955017, 43.0614051819, 43.6535148621, 44.2456245422]
},
"tonal": {
    "chords_changes_rate": 0.0288065839559,
    "chords_number_rate": 0.0113168722019,
    "chords_strength": {
        "mean": 0.450201928616,
        "var": 0.00538252806291
    },
    "hpcp_entropy": {
        "mean": 0.89518892765,
        "var": 0.483222037554
    },
    "key_strength": 0.577627360821,
    "tuning_diatonic_strength": 0.368373632431,
    "tuning_equal_tempered_deviation": 0.029990863055,
    "tuning_frequency": 441.782684326,
    "tuning_nontempered_energy_ratio": 0.609998226166,
    "hpcp": {
        "mean": [0.462645411491, 0.268243223429, 0.0761956721544, 0.0938868373632, 0.0401911176741, 0.0321547314525, 0.055113516748, 0.0434814691544, 0.0544306188822, 0.0764693319798, 0.0533728823066, 0.0839641392231, 0.119998537004, 0.058278247714, 0.0442146919668, 0.0774447470903, 0.045717805624, 0.0609474107623, 0.105748549104, 0.0589840635657, 0.182005316019, 0.3986761868, 0.242846354842, 0.0508033633232, 0.107760213315, 0.0966204181314, 0.174545034766, 0.259694337845, 0.120903767645, 0.12433077395, 0.176136910915, 0.0716620236635, 0.016303230077, 0.0185854900628, 0.0174997262657, 0.221402749419],
        "var": [0.201673135161, 0.0653509497643, 0.0155468191952, 0.0346192531288, 0.00860183127224, 0.00828134734184, 0.0272088013589, 0.00990617182106, 0.0151358451694, 0.0257830731571, 0.0188062228262, 0.00631181290373, 0.0211866647005, 0.00861680600792, 0.0106109306216, 0.0398734696209, 0.0144705595449, 0.0204025413841, 0.0631416290998, 0.0157036799937, 0.0355177558959, 0.150808975101, 0.0673342570662, 0.0121847968549, 0.0739245787263, 0.0597397536039, 0.0593795701861, 0.162111654878, 0.031376503408, 0.0624475069344, 0.113635443151, 0.0212923679501, 0.00388046097942, 0.00659138383344, 0.0035288752988, 0.0495030395687]
    },
    "chords_histogram": [32.9218101501, 0, 0, 0, 0.617283940315, 1.74897122383, 6.79012346268, 0, 0, 2.67489719391, 0, 0, 20.0617275238, 0.308641970158, 0, 0, 5.34979438782, 8.02469158173, 0, 3.08641982079, 0, 8.84773635864, 7.30452680588, 2.26337456703],
    "thpcp": [1, 0.579803049564, 0.164695620537, 0.202934756875, 0.0868723988533, 0.0695018917322, 0.119126908481, 0.0939844399691, 0.117650836706, 0.16528712213, 0.115364558995, 0.18148702383, 0.25937473774, 0.125967413187, 0.0955692902207, 0.167395472527, 0.0988182425499, 0.131736770272, 0.228573650122, 0.127493023872, 0.393401324749, 0.861731648445, 0.524908185005, 0.109810583293, 0.232921823859, 0.20884335041, 0.377276062965, 0.561324775219, 0.261331379414, 0.268738806248, 0.380716860294, 0.154896214604, 0.035239148885, 0.0401722118258, 0.0378253534436, 0.478558182716],
    "chords_key": "A",
    "chords_scale": "major",
    "key_key": "A",
    "key_scale": "major"
}
}