{
"lowlevel": {
    "average_loudness": 0.691879034042,
    "barkbands_crest": {
        "mean": 12.267244339,
        "var": 22.4542789459
    },
    "barkbands_flatness_db": {
        "mean": 0.18060323596,
        "var": 0.00309197348543
    },
    "barkbands_kurtosis": {
        "mean": 1.7753777504,
        "var": 17.2558765411
    },
    "barkbands_skewness": {
        "mean": 0.76777023077,
        "var": 1.12987077236
    },
    "barkbands_spread": {
        "mean": 19.9421482086,
        "var": 90.511505127
    },
    "dissonance": {
        "mean": 0.440554529428,
        "var": 0.00161144556478
    },
    "dynamic_complexity": 3.32314252853,
    "erbbands_crest": {
        "mean": 15.2199821472,
        "var": 60.0531349182
    },
    "erbbands_flatness_db": {
        "mean": 0.221820637584,
        "var": 0.00480609200895
    },
    "erbbands_kurtosis": {
        "mean": 1.51271140575,
        "var": 25.166557312
    },
    "erbbands_skewness": {
        "mean": 0.296950370073,
        "var": 0.781082987785
    },
    "erbbands_spread": {
        "mean": 25.4011440277,
        "var": 180.607391357
    },
    "hfc": {
        "mean": 18.2805728912,
        "var": 413.34954834
    },
    "melbands_crest": {
        "mean": 15.7441444397,
        "var": 25.7870769501
    },
    "melbands_flatness_db": {
        "mean": 0.236544206738,
        "var": 0.00299497763626
    },
    "melbands_kurtosis": {
        "mean": 5.44398546219,
        "var": 85.5186004639
    },
    "melbands_skewness": {
        "mean": 1.49035573006,
        "var": 2.07473707199
    },
    "melbands_spread": {
        "mean": 26.1666641235,
        "var": 192.853164673
    },
    "pitch_salience": {
        "mean": 0.427229851484,
        "var": 0.0093747889623
    },
    "silence_rate_20dB": {
        "mean": 1,
        "var": 0
    },
    "silence_rate_30dB": {
        "mean": 0.998970687389,
        "var": 0.00102828373201
    },
    "silence_rate_60dB": {
        "mean": 0.0365414321423,
        "var": 0.0352060683072
    },
    "spectral_centroid": {
        "mean": 1458.45092773,
        "var": 380773.8125
    },
    "spectral_complexity": {
        "mean": 12.2665977478,
        "var": 25.1486186981
    },
    "spectral_decrease": {
        "mean": -5.19040188607e-009,
        "var": 1.73549159589e-017
    },
    "spectral_energy": {
        "mean": 0.0212478730828,
        "var": 0.000301942724036
    },
    "spectral_energyband_high": {
        "mean": 0.000179294016561,
        "var": 5.92895830209e-008
    },
    "spectral_energyband_low": {
        "mean": 0.00604261318222,
        "var": 4.40653675469e-005
    },
    "spectral_energyband_middle_high": {
        "mean": 0.0104309404269,
        "var": 0.000225797222811
    },
    "spectral_energyband_middle_low": {
        "mean": 0.00551340356469,
        "var": 3.24234461004e-005
    },
    "spectral_entropy": {
        "mean": 6.90806722641,
        "var": 0.334289550781
    },
    "spectral_flux": {
        "mean": 0.0603298284113,
        "var": 0.00127391761634
    },
    "spectral_kurtosis": {
        "mean": 6.78706216812,
        "var": 19.8745117188
    },
    "spectral_rms": {
        "mean": 0.00421122228727,
        "var": 2.99523799185e-006
    },
    "spectral_rolloff": {
        "mean": 1402.62060547,
        "var": 1057731.625
    },
    "spectral_skewness": {
        "mean": 1.63318550587,
        "var": 0.223598927259
    },
    "spectral_spread": {
        "mean": 3282740.25,
        "var": 2.03478060237e+012
    },
    "spectral_strongpeak": {
        "mean": 2.20020484924,
        "var": 7.34191083908
    },
    "zerocrossingrate": {
        "mean": 0.0508669428527,
        "var": 0.000586397072766
    },
    "barkbands": {
        "mean": [5.50935656065e-005, 0.00281982310116, 0.00273428438231, 0.000527244526893, 0.0007618170348, 0.000900021055713, 0.001200728002, 0.000689676904585, 0.000578067265451, 0.00288207270205, 0.00146765564568, 0.00340041751042, 0.000391106237657, 0.000384253333323, 0.00045506603783, 0.00038252180093, 0.000633044808637, 0.000378179043764, 0.000358425430022, 0.000119835276564, 6.29182977718e-005, 3.11338699248e-005, 1.55316138262e-005, 1.09284119389e-005, 5.90955050939e-006, 1.99656915356e-006, 1.45981005062e-007],
        "var": [8.93962592841e-009, 9.60302986641e-006, 1.64152061188e-005, 1.12603345315e-006, 1.18375749025e-006, 3.10299310513e-006, 7.57103134674e-006, 1.82753933586e-006, 2.62804928752e-006, 4.59491202491e-005, 2.49095282925e-005, 0.00013296045654, 1.15274679047e-006, 9.95943651105e-007, 9.32249861307e-007, 1.0403603028e-006, 3.79397033612e-006, 5.89730404954e-007, 3.44772956851e-007, 4.97249423859e-008, 1.15414398039e-008, 2.7408832981e-009, 6.33777919035e-010, 4.07198746943e-010, 1.4667440873e-010, 2.6359740779e-011, 2.98953516022e-013]
    },
    "erbbands": {
        "mean": [0.0675055459142, 0.707712113857, 2.76093006134, 2.88449573517, 1.41363966465, 2.5708553791, 7.1556353569, 5.66253614426, 12.7422733307, 18.0305652618, 17.43983078, 13.5955953598, 50.923248291, 111.224143982, 52.3288345337, 166.881790161, 31.140958786, 25.8199882507, 24.6262149811, 16.9074077606, 27.5399990082, 26.6269683838, 18.8368320465, 24.676076889, 17.6020317078, 5.94202280045, 3.14355421066, 1.86291098595, 1.23406481743, 0.644170343876, 0.432848393917, 0.255580991507, 0.160611882806, 0.0842087268829, 0.0335598252714, 0.0112497517839, 0.00315546803176, 0.00058634969173, 2.73431614914e-005, 2.58344534814e-005],
        "var": [0.00750456703827, 0.56594067812, 15.1947479248, 26.3584289551, 4.33923339844, 17.2775630951, 191.790359497, 211.705886841, 513.63104248, 2048.20556641, 1139.9621582, 1274.95471191, 22269.6328125, 74473.8671875, 19623.7226563, 330759.53125, 6100.7578125, 2991.28637695, 2642.94921875, 2324.92578125, 3148.9753418, 9851.00976563, 1392.51855469, 2898.47338867, 885.224121094, 64.8945770264, 24.0347385406, 9.39495182037, 4.38407468796, 1.05003464222, 0.501742720604, 0.224258735776, 0.087804287672, 0.0287638790905, 0.00496467389166, 0.000694161164574, 7.83588766353e-005, 3.31456385538e-006, 3.13907411176e-009, 4.54608212186e-010]
    },
    "gfcc": {
        "mean": [-45.8192024231, 120.290985107, -142.964904785, 37.84532547, -41.6292877197, 11.469201088, -22.8172283173, 10.9698858261, -18.4156246185, -0.970767080784, -4.00924968719, -1.99702858925, -7.03953313828],
        "cov": [[4408.04882813, -368.552978516, -85.1571807861, 179.115341187, -314.969787598, 127.682258606, -160.320236206, 64.9319610596, -239.407821655, 25.5814495087, -174.831619263, 70.5628128052, -77.8038482666], [-368.552978516, 652.999084473, -127.377235413, -98.6305999756, 129.992050171, -49.5537261963, 93.654296875, -64.5833358765, 110.536369324, -69.1852798462, 63.7963180542, -116.791183472, 73.6512527466], [-85.1571807861, -127.377235413, 589.272155762, 106.855705261, -148.749206543, 68.348815918, -147.039382935, 14.481595993, -22.9747238159, 162.757324219, -82.7704467773, 26.0845508575, -83.9448852539], [179.115341187, -98.6305999756, 106.855705261, 258.954162598, 17.5585784912, 8.15150547028, -25.0742721558, 18.979259491, -17.1088104248, 35.3403930664, 16.3490772247, 4.18485641479, -45.2635726929], [-314.969787598, 129.992050171, -148.749206543, 17.5585784912, 270.803466797, 22.1254272461, 108.832763672, -13.1230325699, -0.00130742252804, -106.981369019, 53.4172325134, -14.1619215012, 30.7448444366], [127.682258606, -49.5537261963, 68.348815918, 8.15150547028, 22.1254272461, 130.362594604, 38.5379905701, -15.8854484558, -42.0657958984, -22.2001399994, -21.272151947, 32.873966217, 21.7227706909], [-160.320236206, 93.654296875, -147.039382935, -25.0742721558, 108.832763672, 38.5379905701, 203.95098877, 36.8709220886, -8.10987949371, -137.645141602, 12.7261657715, 5.25988864899, 83.0487670898], [64.9319610596, -64.5833358765, 14.481595993, 18.979259491, -13.1230325699, -15.8854484558, 36.8709220886, 169.157928467, 53.3823814392, -28.6354427338, -76.1212844849, -34.9707984924, 9.59651565552], [-239.407821655, 110.536369324, -22.9747238159, -17.1088104248, -0.00130742252804, -42.0657958984, -8.10987949371, 53.3823814392, 152.070175171, 61.8427352905, -13.3199739456, -73.2777709961, -18.8228321075], [25.5814495087, -69.1852798462, 162.757324219, 35.3403930664, -106.981369019, -22.2001399994, -137.645141602, -28.6354427338, 61.8427352905, 263.119873047, 49.1379737854, -14.4007558823, -120.70930481], [-174.831619263, 63.7963180542, -82.7704467773, 16.3490772247, 53.4172325134, -21.272151947, 12.7261657715, -76.1212844849, -13.3199739456, 49.1379737854, 186.556427002, 52.7911491394, -24.0612163544], [70.5628128052, -116.791183472, 26.0845508575, 4.18485641479, -14.1619215012, 32.873966217, 5.25988864899, -34.9707984924, -73.2777709961, -14.4007558823, 52.7911491394, 162.904373169, 52.0358352661], [-77.8038482666, 73.6512527466, -83.9448852539, -45.2635726929, 30.7448444366, 21.7227706909, 83.0487670898, 9.59651565552, -18.8228321075, -120.70930481, -24.0612163544, 52.0358352661, 176.691299438]],
        "icov": [[0.000471833802294, -0.000590963230934, 0.000970396620687, -0.000616545265075, 0.000694056798238, -0.00102426519152, 0.000675443734508, -0.000896594836377, 0.00138507399242, -0.000523750437424, 0.000886846042704, -0.000612166884821, 0.000584362482186], [-0.000590963230934, 0.00468868855387, -0.00264804321341, 0.00180995312985, -0.00152904959396, 0.00259996997193, -0.00194768875372, 0.00397229846567, -0.0048163109459, 0.0023315672297, -0.00361842988059, 0.00445121200755, -0.00308678508736], [0.000970396620687, -0.00264804321341, 0.00580927776173, -0.00260868156329, 0.00214765779674, -0.00437682773918, 0.00285603711382, -0.00330725684762, 0.00458737229928, -0.0033906691242, 0.00443998491392, -0.00335225835443, 0.00238856952637], [-0.000616545265075, 0.00180995312985, -0.00260868156329, 0.00580553710461, -0.00206874683499, 0.00176570680924, -0.000760156661272, 0.000497011642437, -0.00153786875308, 0.000981730758213, -0.00284642959014, 0.00199249642901, -0.000772454834078], [0.000694056798238, -0.00152904959396, 0.00214765779674, -0.00206874683499, 0.00741772307083, -0.00331591721624, -0.000104637569166, -0.000982803758234, 0.000933395233005, 0.00188472343143, -0.000617374374997, -0.000462950672954, 0.00209215981886], [-0.00102426519152, 0.00259996997193, -0.00437682773918, 0.00176570680924, -0.00331591721624, 0.014525000006, -0.00621970044449, 0.00513144675642, -0.00189130904619, -0.000197687972104, 0.000625108368695, 0.000669958593789, -0.00217462843284], [0.000675443734508, -0.00194768875372, 0.00285603711382, -0.000760156661272, -0.000104637569166, -0.00621970044449, 0.0129310479388, -0.00562108168378, 0.00211759074591, 0.00285852397792, -0.00175322254654, -0.000532934209332, -0.000621637678705], [-0.000896594836377, 0.00397229846567, -0.00330725684762, 0.000497011642437, -0.000982803758234, 0.00513144675642, -0.00562108168378, 0.0138797191903, -0.00872139260173, 0.00304096168838, 0.000938868732192, 0.00230367621407, -0.00146839465015], [0.00138507399242, -0.0048163109459, 0.00458737229928, -0.00153786875308, 0.000933395233005, -0.00189130904619, 0.00211759074591, -0.00872139260173, 0.0195403434336, -0.0088396249339, 0.00471674092114, 5.59320797038e-005, 0.000619991798885], [-0.000523750437424, 0.0023315672297, -0.0033906691242, 0.000981730758213, 0.00188472343143, -0.000197687972104, 0.00285852397792, 0.00304096168838, -0.0088396249339, 0.013609977439, -0.00679519213736, 0.0018025522586, 0.0025257053785], [0.000886846042704, -0.00361842988059, 0.00443998491392, -0.00284642959014, -0.000617374374997, 0.000625108368695, -0.00175322254654, 0.000938868732192, 0.00471674092114, -0.00679519213736, 0.0155198043212, -0.00850289687514, 0.00456044916064], [-0.000612166884821, 0.00445121200755, -0.00335225835443, 0.00199249642901, -0.000462950672954, 0.000669958593789, -0.000532934209332, 0.00230367621407, 5.59320797038e-005, 0.0018025522586, -0.00850289687514, 0.0158030036837, -0.00765813840553], [0.000584362482186, -0.00308678508736, 0.00238856952637, -0.000772454834078, 0.00209215981886, -0.00217462843284, -0.000621637678705, -0.00146839465015, 0.000619991798885, 0.0025257053785, 0.00456044916064, -0.00765813840553, 0.0130836246535]]
    },
    "melbands": {
        "mean": [0.000704381323885, 0.00130456255283, 0.000453490472864, 0.000135376831167, 0.00021138577722, 0.000138736926601, 0.000223386770813, 0.000179298833245, 0.000134115092806, 8.86043344508e-005, 0.000251028017374, 0.000450965599157, 0.000153439919814, 0.000358118995791, 0.000247377058258, 3.75571326003e-005, 4.90986749355e-005, 3.40819824487e-005, 2.97736914945e-005, 2.62244229816e-005, 3.44866639352e-005, 3.18375750794e-005, 1.99381047423e-005, 1.60887411766e-005, 2.03172257898e-005, 1.2805762708e-005, 7.39683719075e-006, 3.27540328726e-006, 1.97498457055e-006, 1.73035664375e-006, 8.58046007579e-007, 7.30023259621e-007, 4.83893018099e-007, 3.14255800049e-007, 2.73211554713e-007, 1.68409528101e-007, 1.50267695176e-007, 1.23863756585e-007, 8.45830285812e-008, 6.74500384434e-008],
        "var": [6.7024893724e-007, 2.49848176281e-006, 5.65044558698e-007, 4.45188312881e-008, 1.5089308647e-007, 1.16749774293e-007, 1.77809340585e-007, 1.74202185121e-007, 7.3381656307e-008, 6.6360534845e-008, 5.60019145723e-007, 1.29510885927e-006, 2.27080235504e-007, 1.50855680658e-006, 6.87794113219e-007, 1.23222729798e-008, 1.51135406412e-008, 5.80000536488e-009, 4.46309744717e-009, 6.61465371365e-009, 7.78736364282e-009, 1.72412111255e-008, 3.81499587476e-009, 7.81902931291e-010, 2.45560172196e-009, 6.3712890519e-010, 2.19760695752e-010, 2.92402213553e-011, 8.96641007969e-012, 1.47853812527e-011, 2.50114512435e-012, 1.62545866524e-012, 6.76164744855e-013, 2.76103629977e-013, 2.02638809053e-013, 1.07639002149e-013, 8.0461570566e-014, 5.74916294584e-014, 2.67535779907e-014, 2.11578902998e-014]
    },
    "mfcc": {
        "mean": [-686.56817627, 140.951400757, -22.5445289612, 33.2454566956, 4.16265726089, 5.96222925186, 7.5481505394, 9.62978076935, -0.166812703013, 4.61047267914, 1.12618112564, 2.54444766045, 5.3766784668],
        "cov": [[3049.28979492, -468.366912842, 188.365463257, -20.4975070953, -107.147163391, -5.49349832535, -26.5027523041, -67.4906082153, 11.7828578949, -59.5748252869, -50.9209289551, -40.4008712769, -32.2106170654], [-468.366912842, 637.139343262, -154.270080566, -47.0565605164, 9.56140804291, 20.7988147736, 8.50292396545, 9.6301240921, 30.3491153717, 42.821559906, 37.0960273743, -39.7238769531, -81.3280410767], [188.365463257, -154.270080566, 427.25958252, 20.9852924347, 18.9735336304, 21.3486919403, -37.027015686, -79.6084442139, 16.5149250031, -34.8721656799, 19.8885002136, 42.0826454163, 26.5126647949], [-20.4975070953, -47.0565605164, 20.9852924347, 193.811264038, 66.9115142822, -3.87036633492, 14.3335475922, 6.85753679276, -22.7525520325, 23.1987037659, 33.6949157715, 17.9944839478, 50.3795814514], [-107.147163391, 9.56140804291, 18.9735336304, 66.9115142822, 129.972229004, 27.9687900543, 12.3753461838, 1.89867651463, -21.0076560974, 13.2003622055, 25.5770263672, 3.75924658775, 8.80106258392], [-5.49349832535, 20.7988147736, 21.3486919403, -3.87036633492, 27.9687900543, 131.455551147, 49.8563194275, -4.65392494202, -23.4212627411, -60.076789856, -38.9264678955, 47.0091781616, 49.9503173828], [-26.5027523041, 8.50292396545, -37.027015686, 14.3335475922, 12.3753461838, 49.8563194275, 149.401809692, 93.2763977051, -5.28420114517, -43.6734809875, -87.7078018188, -5.58451557159, 46.4366073608], [-67.4906082153, 9.6301240921, -79.6084442139, 6.85753679276, 1.89867651463, -4.65392494202, 93.2763977051, 209.35369873, 78.7378616333, -9.41489219666, -94.6165542603, -68.4095077515, -27.2813892365], [11.7828578949, 30.3491153717, 16.5149250031, -22.7525520325, -21.0076560974, -23.4212627411, -5.28420114517, 78.7378616333, 180.274047852, 65.2661590576, -31.0763816833, -74.1844482422, -92.5169754028], [-59.5748252869, 42.821559906, -34.8721656799, 23.1987037659, 13.2003622055, -60.076789856, -43.6734809875, -9.41489219666, 65.2661590576, 194.536682129, 89.6680755615, -90.5790405273, -94.1993942261], [-50.9209289551, 37.0960273743, 19.8885002136, 33.6949157715, 25.5770263672, -38.9264678955, -87.7078018188, -94.6165542603, -31.0763816833, 89.6680755615, 232.02507019, 44.1307563782, -43.4458198547], [-40.4008712769, -39.7238769531, 42.0826454163, 17.9944839478, 3.75924658775, 47.0091781616, -5.58451557159, -68.4095077515, -74.1844482422, -90.5790405273, 44.1307563782, 238.840270996, 140.571517944], [-32.2106170654, -81.3280410767, 26.5126647949, 50.3795814514, 8.80106258392, 49.9503173828, 46.4366073608, -27.2813892365, -92.5169754028, -94.1993942261, -43.4458198547, 140.571517944, 233.145202637]],
        "icov": [[0.00040057633305, 0.000299002364045, -4.43424178229e-005, -9.99995609163e-005, 0.000349299778463, -0.000111981964437, -0.000106742467324, 0.000251650431892, -7.74292639107e-005, 0.000189161801245, -1.11562103484e-005, 0.00015064656327, 0.000200601236429], [0.000299002364045, 0.00214393530041, 0.00074419460725, 0.00031343018054, -6.19879137957e-005, -0.000653186638374, -0.000519428867847, 0.000622638908681, -0.000580657389946, 0.000267386029009, -0.000540497072507, 0.000213997118408, 0.000603289925493], [-4.43424178229e-005, 0.00074419460725, 0.00322979874909, -0.000259210384684, -0.000742036965676, -0.000263850786723, -0.000147911472595, 0.00190659810323, -0.00199907645583, 0.00141021807212, -0.000527942960616, 0.000324707187247, -0.000238354012254], [-9.99995609163e-005, 0.00031343018054, -0.000259210384684, 0.0075662122108, -0.00359427346848, 0.0011111224303, -0.000593689328525, -0.000939450750593, 0.000133965819259, -0.00113818899263, -0.00124100025278, 0.000348068977473, -0.00245184614323], [0.000349299778463, -6.19879137957e-005, -0.000742036965676, -0.00359427346848, 0.0111265713349, -0.00327201839536, 0.000129823485622, -0.00111963076051, 0.00185029453132, -0.00100209214725, -0.000759371556342, 0.000357207172783, 0.000984291080385], [-0.000111981964437, -0.000653186638374, -0.000263850786723, 0.0011111224303, -0.00327201839536, 0.0118075273931, -0.00417370488867, 0.00245527783409, -0.00109622150194, 0.00213777530007, 0.000924425490666, -0.00133494765032, -0.000335122575052], [-0.000106742467324, -0.000519428867847, -0.000147911472595, -0.000593689328525, 0.000129823485622, -0.00417370488867, 0.0139287058264, -0.00646097073331, 0.00282756774686, -0.00121833058074, 0.00256353593431, 0.0002106235479, -0.00171130511444], [0.000251650431892, 0.000622638908681, 0.00190659810323, -0.000939450750593, -0.00111963076051, 0.00245527783409, -0.00646097073331, 0.0116090290248, -0.00542123662308, 0.00275793112814, 0.000821190653369, 0.00140685541555, 0.000667500484269], [-7.74292639107e-005, -0.000580657389946, -0.00199907645583, 0.000133965819259, 0.00185029453132, -0.00109622150194, 0.00282756774686, -0.00542123662308, 0.0116354087368, -0.00500296195969, 0.00314836320467, -0.00184342672583, 0.00324655114673], [0.000189161801245, 0.000267386029009, 0.00141021807212, -0.00113818899263, -0.00100209214725, 0.00213777530007, -0.00121833058074, 0.00275793112814, -0.00500296195969, 0.0119887469336, -0.00504577346146, 0.00443330593407, -0.000404453603551], [-1.11562103484e-005, -0.000540497072507, -0.000527942960616, -0.00124100025278, -0.000759371556342, 0.000924425490666, 0.00256353593431, 0.000821190653369, 0.00314836320467, -0.00504577346146, 0.0100356480107, -0.0045631127432, 0.00338625651784], [0.00015064656327, 0.000213997118408, 0.000324707187247, 0.000348068977473, 0.000357207172783, -0.00133494765032, 0.0002106235479, 0.00140685541555, -0.00184342672583, 0.00443330593407, -0.0045631127432, 0.0099752349779, -0.00542651582509], [0.000200601236429, 0.000603289925493, -0.000238354012254, -0.00245184614323, 0.000984291080385, -0.000335122575052, -0.00171130511444, 0.000667500484269, 0.00324655114673, -0.000404453603551, 0.00338625651784, -0.00542651582509, 0.0105655891821]]
    },
    "spectral_contrast_coeffs": {
        "mean": [-0.692848563194, -0.69055223465, -0.663368701935, -0.69867092371, -0.718576848507, -0.724562823772],
        "var": [0.00434096856043, 0.00653062202036, 0.0116356676444, 0.00462360540405, 0.00475405855104, 0.00178100669291]
    },
    "spectral_contrast_valleys": {
        "mean": [-7.46029376984, -7.43368291855, -8.1906452179, -8.54954528809, -8.42066478729, -11.621805191],
        "var": [0.928690314293, 1.10686182976, 0.977643311024, 0.902904033661, 1.00296854973, 1.13704288006]
    }
},
"metadata": {
    "audio_properties": {
        "analysis_sample_rate": 44100,
        "bit_rate": 111576,
        "equal_loudness": 0,
        "length": 45.0873451233,
        "lossless": 0,
        "replay_gain": -12.7760601044,
        "sample_rate": 44100,
        "codec": "mp3",
        "downmix": "mix",
        "md5_encoded": "d20ea3db900929afbe307a1d93177597"
    },
    "tags": {
        "file_name": "709.mp3"
    },
    "version": {
        "essentia": "2.1-beta2",
        "essentia_git_sha": "v2.1_beta2",
        "extractor": "music 1.0"
    }
},
"rhythm": {
    "beats_count": 96,
    "beats_loudness": {
        "mean": 0.0246212054044,
        "var": 0.000344298401615
    },
    "bpm": 128.860916138,
    "bpm_histogram_first_peak_bpm": {
        "mean": 129,
        "var": 0
    },
    "bpm_histogram_first_peak_spread": {
        "mean": 0.465116292238,
        "var": 0
    },
    "bpm_histogram_first_peak_weight": {
        "mean": 0.484210520983,
        "var": 0
    },
    "bpm_histogram_second_peak_bpm": {
        "mean": 136,
        "var": 0
    },
    "bpm_histogram_second_peak_spread": {
        "mean": 0,
        "var": 0
    },
    "bpm_histogram_second_peak_weight": {
        "mean": 0.0421052649617,
        "var": 0
    },
    "danceability": 1.06688034534,
    "onset_rate": 3.90202713013,
    "beats_loudness_band_ratio": {
        "mean": [0.378216981888, 0.0958569273353, 0.177423402667, 0.254849016666, 0.0973919853568, 0.026962891221],
        "var": [0.0499780774117, 0.012815493159, 0.0354849919677, 0.0589200593531, 0.00615661451593, 0.000998886302114]
    },
    "beats_position": [0.441179126501, 0.882358253002, 1.34675729275, 1.8111563921, 2.27555561066, 2.73995471001, 3.19274377823, 3.64553284645, 4.1099319458, 4.57433080673, 5.02712011337, 5.4915189743, 5.9675283432, 6.43192720413, 6.8963265419, 7.36072540283, 7.8251247406, 8.28952407837, 8.76553249359, 9.24154186249, 9.70594120026, 10.1587295532, 10.623128891, 11.0991382599, 11.5635375977, 12.0279359818, 12.4691152573, 12.933514595, 13.3979139328, 13.873922348, 14.3499317169, 14.8491611481, 15.3251695633, 15.8011789322, 16.2771873474, 16.7648067474, 17.2408161163, 17.7052154541, 18.1696147919, 18.6456241608, 19.1216316223, 19.5976409912, 20.062040329, 20.549659729, 21.0256690979, 21.4784584045, 21.942855835, 22.4072551727, 22.8484344482, 23.2896137238, 23.7540130615, 24.2184123993, 24.6828117371, 25.1472110748, 25.6116104126, 26.076007843, 26.5520172119, 27.0280265808, 27.5040359497, 27.9800453186, 28.4676647186, 28.9668922424, 29.4429016113, 29.9073009491, 30.3717002869, 30.8360996246, 31.3004989624, 31.753288269, 32.2060775757, 32.6820869446, 33.146484375, 33.6108856201, 34.0636711121, 34.5164604187, 34.9692497253, 35.4336509705, 35.8980484009, 36.3508377075, 36.8036270142, 37.2680282593, 37.7208137512, 38.1736030579, 38.638004303, 39.1024017334, 39.5668029785, 40.0195922852, 40.4839897156, 40.9483909607, 41.4127883911, 41.88879776, 42.3531951904, 42.8292045593, 43.3052139282, 43.7696151733, 44.2456245422, 44.7216300964]
},
"tonal": {
    "chords_changes_rate": 0.0565843619406,
    "chords_number_rate": 0.00720164598897,
    "chords_strength": {
        "mean": 0.496895819902,
        "var": 0.00688712392002
    },
    "hpcp_entropy": {
        "mean": 1.64918124676,
        "var": 0.35885822773
    },
    "key_strength": 0.711968183517,
    "tuning_diatonic_strength": 0.543781876564,
    "tuning_equal_tempered_deviation": 0.0708111450076,
    "tuning_frequency": 442.03793335,
    "tuning_nontempered_energy_ratio": 0.682161390781,
    "hpcp": {
        "mean": [0.317563772202, 0.189988180995, 0.0891319587827, 0.13502907753, 0.110708236694, 0.0490728504956, 0.0379719994962, 0.0739060863853, 0.183229580522, 0.217108264565, 0.11436829716, 0.0688696354628, 0.0747535526752, 0.0801823809743, 0.221960738301, 0.352353662252, 0.219150528312, 0.0917318835855, 0.0850664898753, 0.0426147729158, 0.0219547785819, 0.0347816944122, 0.0286296550184, 0.0403678938746, 0.0567772053182, 0.0380617231131, 0.0553475096822, 0.0676613077521, 0.0512512177229, 0.146359622478, 0.207975447178, 0.11699373275, 0.0538710467517, 0.0731717646122, 0.133468911052, 0.244926437736],
        "var": [0.122356265783, 0.0508891195059, 0.0296612977982, 0.0689663663507, 0.0499344356358, 0.0161266289651, 0.0103175286204, 0.022264091298, 0.0762896314263, 0.0983517318964, 0.0426115430892, 0.0210243873298, 0.0281751248986, 0.0325009487569, 0.0769637450576, 0.142584905028, 0.0721381381154, 0.0398602336645, 0.0510124079883, 0.0135958688334, 0.00302520627156, 0.0065141459927, 0.00365473353304, 0.0119398562238, 0.0297723449767, 0.00975706148893, 0.0246719121933, 0.032509714365, 0.0095561761409, 0.0553838126361, 0.105537362397, 0.0425452925265, 0.0197692252696, 0.0307080224156, 0.064301982522, 0.088740773499]
    },
    "chords_histogram": [11.9341564178, 0.823045253754, 16.3580245972, 9.46502017975, 0.308641970158, 0.205761313438, 0, 3.49794244766, 0.411522626877, 38.8888893127, 0.617283940315, 1.44032919407, 0, 0, 0, 0, 0, 0, 0, 0, 0, 0, 16.0493831635, 0],
    "thpcp": [1, 0.621961832047, 0.260340362787, 0.241423606873, 0.120943181217, 0.0623089261353, 0.098712451756, 0.0812526121736, 0.114566408098, 0.161136984825, 0.108021363616, 0.157079428434, 0.192026689649, 0.145453915, 0.415377050638, 0.590246319771, 0.332034945488, 0.1528891325, 0.207665681839, 0.378792464733, 0.695115327835, 0.901264309883, 0.539197385311, 0.25296163559, 0.38322031498, 0.31419634819, 0.139271572232, 0.107766725123, 0.209749728441, 0.520016133785, 0.616165757179, 0.324583828449, 0.195455998182, 0.212154895067, 0.227562218904, 0.62993735075],
    "chords_key": "D",
    "chords_scale": "major",
    "key_key": "G",
    "key_scale": "minor"
}
}