{
"lowlevel": {
    "average_loudness": 0.972884058952,
    "barkbands_crest": {
        "mean": 10.4320840836,
        "var": 16.9091835022
    },
    "barkbands_flatness_db": {
        "mean": 0.169007584453,
        "var": 0.00197285809554
    },
    "barkbands_kurtosis": {
        "mean": 2.85354971886,
        "var": 77.3774642944
    },
    "barkbands_skewness": {
        "mean": 1.11161208153,
        "var": 1.55340909958
    },
    "barkbands_spread": {
        "mean": 17.2795848846,
        "var": 46.1141548157
    },
    "dissonance": {
        "mean": 0.455050528049,
        "var": 0.000942431564908
    },
    "dynamic_complexity": 1.38073837757,
    "erbbands_crest": {
        "mean": 12.1981601715,
        "var": 21.2177047729
    },
    "erbbands_flatness_db": {
        "mean": 0.199319764972,
        "var": 0.000985841499642
    },
    "erbbands_kurtosis": {
        "mean": 1.58290541172,
        "var": 3.10477495193
    },
    "erbbands_skewness": {
        "mean": 0.144091546535,
        "var": 0.448689579964
    },
    "erbbands_spread": {
        "mean": 23.6842784882,
        "var": 272.242584229
    },
    "hfc": {
        "mean": 28.5074138641,
        "var": 207.573348999
    },
    "melbands_crest": {
        "mean": 14.4013147354,
        "var": 24.9023456573
    },
    "melbands_flatness_db": {
        "mean": 0.232258364558,
        "var": 0.00349660241045
    },
    "melbands_kurtosis": {
        "mean": 9.00836277008,
        "var": 542.474609375
    },
    "melbands_skewness": {
        "mean": 1.94646608829,
        "var": 3.08395838737
    },
    "melbands_spread": {
        "mean": 21.5385570526,
        "var": 120.565895081
    },
    "pitch_salience": {
        "mean": 0.489551603794,
        "var": 0.0098676700145
    },
    "silence_rate_20dB": {
        "mean": 1,
        "var": 0
    },
    "silence_rate_30dB": {
        "mean": 1,
        "var": 0
    },
    "silence_rate_60dB": {
        "mean": 0.00205973233096,
        "var": 0.00205553858541
    },
    "spectral_centroid": {
        "mean": 1020.23205566,
        "var": 286442.8125
    },
    "spectral_complexity": {
        "mean": 22.6627197266,
        "var": 60.2358207703
    },
    "spectral_decrease": {
        "mean": -1.20863061781e-008,
        "var": 1.1947179691e-017
    },
    "spectral_energy": {
        "mean": 0.0482021309435,
        "var": 0.000186081961147
    },
    "spectral_energyband_high": {
        "mean": 0.000347504450474,
        "var": 1.09445245755e-007
    },
    "spectral_energyband_low": {
        "mean": 0.0208629630506,
        "var": 0.000184085656656
    },
    "spectral_energyband_middle_high": {
        "mean": 0.0137368896976,
        "var": 8.95500415936e-005
    },
    "spectral_energyband_middle_low": {
        "mean": 0.0160587113351,
        "var": 0.00011328299297
    },
    "spectral_entropy": {
        "mean": 7.36636066437,
        "var": 0.106987200677
    },
    "spectral_flux": {
        "mean": 0.088012970984,
        "var": 0.00134786427952
    },
    "spectral_kurtosis": {
        "mean": 6.44253206253,
        "var": 19.0095767975
    },
    "spectral_rms": {
        "mean": 0.00676789553836,
        "var": 1.22210485642e-006
    },
    "spectral_rolloff": {
        "mean": 1093.91259766,
        "var": 743403.5625
    },
    "spectral_skewness": {
        "mean": 1.83310961723,
        "var": 0.277629673481
    },
    "spectral_spread": {
        "mean": 3424077.5,
        "var": 3.26197759181e+012
    },
    "spectral_strongpeak": {
        "mean": 1.3749486208,
        "var": 2.50394439697
    },
    "zerocrossingrate": {
        "mean": 0.0385327339172,
        "var": 0.000604150758591
    },
    "barkbands": {
        "mean": [6.34855459793e-005, 0.010343613103, 0.00826175604016, 0.00341091142036, 0.00230171810836, 0.00222103158012, 0.00210263184272, 0.00150753406342, 0.00331966229714, 0.00307332864031, 0.00339574087411, 0.00202399026603, 0.00187559123151, 0.00161734758876, 0.000865480455104, 0.00052335037617, 0.000477538385894, 0.000245473667746, 0.000169898063177, 0.000104584905785, 0.000107211977593, 6.07650581514e-005, 9.23421175685e-005, 2.55609247688e-005, 9.84451617114e-006, 1.75527350166e-006, 6.59916565837e-008],
        "var": [6.13819572948e-009, 0.000114532849693, 8.96124329302e-005, 3.20385734085e-005, 8.79069921211e-006, 8.12905727798e-006, 9.66314564721e-006, 3.37274218509e-006, 4.3562729843e-005, 1.94848307729e-005, 1.56656606123e-005, 9.81841731118e-006, 1.51564281623e-005, 5.94054927205e-006, 2.23610618377e-006, 4.07437198646e-007, 3.46818211483e-007, 6.10926420563e-008, 4.03298301421e-008, 1.32207560455e-008, 1.3611304972e-008, 4.82484274755e-009, 2.20237996729e-008, 7.11867342851e-010, 1.47928294614e-010, 4.93807338769e-012, 1.23757951044e-014]
    },
    "erbbands": {
        "mean": [0.179837420583, 2.77632832527, 8.72532653809, 12.1952981949, 9.14253044128, 6.97229099274, 13.5636491776, 16.0081539154, 28.2247886658, 36.3937263489, 32.3068656921, 81.1410980225, 87.9986724854, 93.6811447144, 155.788391113, 91.3445510864, 88.369392395, 86.3230819702, 61.3018455505, 35.4337806702, 27.0669612885, 25.7462329865, 15.9426555634, 10.5230884552, 7.34896755219, 5.03808498383, 4.4860033989, 3.69018483162, 2.29598546028, 2.46584224701, 2.51171875, 0.748721837997, 0.341373026371, 0.149348393083, 0.0497347600758, 0.0126429321244, 0.00234069535509, 0.000302091997582, 3.42006642313e-005, 5.617271745e-005],
        "var": [0.0371442399919, 7.78515291214, 58.467086792, 266.417358398, 221.265365601, 41.3277664185, 413.606994629, 291.022491455, 1747.40283203, 2263.5012207, 1599.76647949, 31271.6933594, 26298.8261719, 12553.2382813, 28581.3261719, 20386.5039063, 25611.4824219, 18896.3105469, 7439.85205078, 2928.78369141, 841.490356445, 998.131347656, 238.349121094, 136.25769043, 78.472114563, 30.02643013, 19.5365467072, 17.6187763214, 7.0123462677, 11.444776535, 15.9545688629, 0.639529645443, 0.145305737853, 0.0360983945429, 0.00338165438734, 0.000274291116511, 8.58594830788e-006, 1.82977800023e-007, 2.99764713052e-010, 2.50564596849e-010]
    },
    "gfcc": {
        "mean": [14.6309404373, 136.209106445, -135.298065186, 28.8155632019, -53.6156616211, 27.6055526733, -25.3523616791, 2.52553319931, -13.7662734985, -8.11452198029, -8.81639003754, -5.3066072464, -7.47232866287],
        "cov": [[4154.14794922, -233.078170776, -794.552734375, -26.4471244812, -163.464248657, 135.255279541, -101.706596375, 168.303085327, -139.599960327, 136.964279175, -142.503173828, -24.6819000244, -125.405181885], [-233.078170776, 669.868835449, 61.0080947876, -140.424118042, 180.008682251, -62.9832267761, 71.437210083, -53.0306968689, 79.0257339478, -90.335723877, 103.384963989, -5.65125417709, 75.061668396], [-794.552734375, 61.0080947876, 555.287902832, 187.85357666, -34.89610672, 27.5366420746, 8.3462972641, -58.3051948547, -5.61309623718, -15.6237564087, 14.090420723, 32.9981536865, 39.7167205811], [-26.4471244812, -140.424118042, 187.85357666, 330.76852417, -32.6319198608, 5.16360759735, -35.6780548096, -3.56886148453, 24.6623382568, 4.2800116539, -0.46869251132, 20.6914348602, 22.4896354675], [-163.464248657, 180.008682251, -34.89610672, -32.6319198608, 279.484741211, -41.617351532, 55.1167755127, 58.4797935486, 13.0776758194, 13.2969760895, 41.8677482605, 7.3138999939, 17.9066238403], [135.255279541, -62.9832267761, 27.5366420746, 5.16360759735, -41.617351532, 163.924301147, 56.3655738831, -2.42479896545, -11.5189933777, 17.3447933197, 10.2517271042, 24.2249126434, 8.12873077393], [-101.706596375, 71.437210083, 8.3462972641, -35.6780548096, 55.1167755127, 56.3655738831, 140.504302979, 38.3917160034, 17.6384735107, 3.05974292755, 27.0452880859, 26.2629070282, 17.0535030365], [168.303085327, -53.0306968689, -58.3051948547, -3.56886148453, 58.4797935486, -2.42479896545, 38.3917160034, 136.038787842, 27.1339244843, 35.9650230408, -4.16620016098, 13.9958620071, 3.30936837196], [-139.599960327, 79.0257339478, -5.61309623718, 24.6623382568, 13.0776758194, -11.5189933777, 17.6384735107, 27.1339244843, 126.992935181, 5.50409412384, 19.1607265472, 13.9375677109, 23.5527172089], [136.964279175, -90.335723877, -15.6237564087, 4.2800116539, 13.2969760895, 17.3447933197, 3.05974292755, 35.9650230408, 5.50409412384, 91.312828064, 0.843637049198, 0.399743825197, -16.0541820526], [-142.503173828, 103.384963989, 14.090420723, -0.46869251132, 41.8677482605, 10.2517271042, 27.0452880859, -4.16620016098, 19.1607265472, 0.843637049198, 85.6702880859, 33.1316604614, 22.0921840668], [-24.6819000244, -5.65125417709, 32.9981536865, 20.6914348602, 7.3138999939, 24.2249126434, 26.2629070282, 13.9958620071, 13.9375677109, 0.399743825197, 33.1316604614, 98.408164978, 27.5171508789], [-125.405181885, 75.061668396, 39.7167205811, 22.4896354675, 17.9066238403, 8.12873077393, 17.0535030365, 3.30936837196, 23.5527172089, -16.0541820526, 22.0921840668, 27.5171508789, 72.9575881958]],
        "icov": [[0.00133075029589, -0.00332447420806, 0.0029952712357, -0.00283578643575, 0.00222974340431, -0.00219169305637, 0.00154501746874, -0.00267559406348, 0.0035534191411, -0.00339300744236, 0.00383561407216, -0.00232803006656, 0.0022313115187], [-0.00332447420806, 0.0132811656222, -0.00867825187743, 0.0097276000306, -0.00803751684725, 0.00666831526905, -0.0048342901282, 0.00885830260813, -0.0118456184864, 0.0121188070625, -0.0135355545208, 0.00826444383711, -0.00822251848876], [0.0029952712357, -0.00867825187743, 0.00954761728644, -0.00846097804606, 0.00570814590901, -0.00512469094247, 0.00287955091335, -0.00527975801378, 0.00914432946593, -0.00869968533516, 0.00971102528274, -0.00620992388576, 0.00475923391059], [-0.00283578643575, 0.0097276000306, -0.00846097804606, 0.011611500755, -0.00592011678964, 0.00489568244666, -0.00212483853102, 0.00608374224976, -0.0100210793316, 0.00899538584054, -0.0101130474359, 0.00582627672702, -0.00664822058752], [0.00222974340431, -0.00803751684725, 0.00570814590901, -0.00592011678964, 0.0100200520828, -0.00213157199323, 0.00106417224742, -0.00720690377057, 0.00819092802703, -0.00810782331973, 0.00598194124177, -0.00432952307165, 0.00406902516261], [-0.00219169305637, 0.00666831526905, -0.00512469094247, 0.00489568244666, -0.00213157199323, 0.0126881180331, -0.00729494635016, 0.0059377416037, -0.00504674995318, 0.00401647342369, -0.00756634026766, 0.0033798252698, -0.00527245877311], [0.00154501746874, -0.0048342901282, 0.00287955091335, -0.00212483853102, 0.00106417224742, -0.00729494635016, 0.0135664474219, -0.00651691714302, 0.00342254340649, -0.00285430112854, 0.00367792369798, -0.00394586706534, 0.00303450180218], [-0.00267559406348, 0.00885830260813, -0.00527975801378, 0.00608374224976, -0.00720690377057, 0.0059377416037, -0.00651691714302, 0.0174301192164, -0.00991855282336, 0.00439548166469, -0.00623682606965, 0.00390873383731, -0.00629047164693], [0.0035534191411, -0.0118456184864, 0.00914432946593, -0.0100210793316, 0.00819092802703, -0.00504674995318, 0.00342254340649, -0.00991855282336, 0.0206470414996, -0.0119120124727, 0.0108293676749, -0.00750142522156, 0.00487143592909], [-0.00339300744236, 0.0121188070625, -0.00869968533516, 0.00899538584054, -0.00810782331973, 0.00401647342369, -0.00285430112854, 0.00439548166469, -0.0119120124727, 0.0250524599105, -0.0138710988685, 0.00792759563774, -0.00375860929489], [0.00383561407216, -0.0135355545208, 0.00971102528274, -0.0101130474359, 0.00598194124177, -0.00756634026766, 0.00367792369798, -0.00623682606965, 0.0108293676749, -0.0138710988685, 0.0304014123976, -0.0131065538153, 0.00633702334017], [-0.00232803006656, 0.00826444383711, -0.00620992388576, 0.00582627672702, -0.00432952307165, 0.0033798252698, -0.00394586706534, 0.00390873383731, -0.00750142522156, 0.00792759563774, -0.0131065538153, 0.0186891369522, -0.00840273872018], [0.0022313115187, -0.00822251848876, 0.00475923391059, -0.00664822058752, 0.00406902516261, -0.00527245877311, 0.00303450180218, -0.00629047164693, 0.00487143592909, -0.00375860929489, 0.00633702334017, -0.00840273872018, 0.0234755184501]]
    },
    "melbands": {
        "mean": [0.0023409340065, 0.00446598557755, 0.00205272948369, 0.000558304367587, 0.000426165759563, 0.000384408602258, 0.000437199545559, 0.000390144647099, 0.00029906295822, 0.000508929719217, 0.000426089594839, 0.000362500199117, 0.000488348829094, 0.000298108381685, 0.000214478379348, 0.000172770640347, 0.000162103315233, 0.00010415372526, 5.81674576097e-005, 4.0406746848e-005, 2.95729823847e-005, 2.70760829153e-005, 2.0825131287e-005, 1.08876838567e-005, 8.28647353046e-006, 5.97347752773e-006, 4.18416402681e-006, 3.09374740937e-006, 2.50607536145e-006, 3.14421276926e-006, 1.74489059646e-006, 1.3466077462e-006, 1.01635919236e-006, 1.66112226907e-006, 1.88680019164e-006, 5.9307524225e-007, 3.78932412559e-007, 2.52635459219e-007, 1.69097077674e-007, 1.1096273056e-007],
        "var": [5.804689863e-006, 1.07956675492e-005, 5.85795351071e-006, 5.25071868651e-007, 2.97403261129e-007, 1.88267975432e-007, 4.27358145316e-007, 2.43893765628e-007, 1.74248469875e-007, 1.21140897136e-006, 6.64675781081e-007, 2.33973423747e-007, 3.31789777874e-007, 1.39672948762e-007, 1.42030842198e-007, 1.32306098521e-007, 6.81634659827e-008, 2.44708431296e-008, 1.15785887544e-008, 3.1491826924e-009, 1.21782717244e-009, 1.28274058042e-009, 5.58276147533e-010, 1.23569057764e-010, 1.00425334715e-010, 6.49328091296e-011, 2.28322170198e-011, 1.2426655191e-011, 6.62493714401e-012, 1.66071496832e-011, 3.81405844407e-012, 2.81161270481e-012, 1.42777131264e-012, 7.42417672478e-012, 1.07660564491e-011, 5.77677066339e-013, 1.54621012717e-013, 8.44387087378e-014, 4.9474652348e-014, 2.12845911821e-014]
    },
    "mfcc": {
        "mean": [-617.393981934, 155.058761597, -11.8894882202, 11.179397583, 1.09873604774, 17.6141357422, 1.87358272076, 13.9220533371, 0.647576093674, 2.73886013031, -2.12249946594, 4.07541513443, -0.371122002602],
        "cov": [[2285.37573242, -409.104309082, -547.815185547, -165.106018066, -100.849067688, -66.7229156494, 38.4148750305, -35.7670822144, 17.3779582977, 140.048904419, 87.9934463501, -42.2748680115, -90.9850769043], [-409.104309082, 832.206542969, -131.615661621, -63.2520751953, 80.105758667, -20.4653110504, 53.3374176025, 37.7242469788, 5.66631603241, -18.7680683136, -14.3017301559, 27.3791923523, 39.6655082703], [-547.815185547, -131.615661621, 619.084472656, 113.673377991, -17.6519870758, 111.76915741, -41.8567886353, 4.51096868515, -11.2615737915, -74.2536087036, -42.6688117981, 3.12223863602, 17.4358463287], [-165.106018066, -63.2520751953, 113.673377991, 271.579620361, 97.962638855, -11.9735937119, -15.9154071808, 2.64002513885, 20.5224456787, -7.72391462326, -8.39123249054, 7.98318862915, 32.0522155762], [-100.849067688, 80.105758667, -17.6519870758, 97.962638855, 151.424285889, -11.8509054184, 12.7254066467, -2.67412114143, 15.9656677246, -3.08689546585, 6.44344997406, 11.0766429901, 22.3779258728], [-66.7229156494, -20.4653110504, 111.76915741, -11.9735937119, -11.8509054184, 143.204193115, 24.6997947693, 19.7647514343, -13.7717952728, -2.58670663834, 2.20513176918, 3.49889683723, -12.4521818161], [38.4148750305, 53.3374176025, -41.8567886353, -15.9154071808, 12.7254066467, 24.6997947693, 162.063400269, 25.5083389282, 6.30242395401, 3.9236073494, 34.3596763611, -4.98525667191, -1.64350891113], [-35.7670822144, 37.7242469788, 4.51096868515, 2.64002513885, -2.67412114143, 19.7647514343, 25.5083389282, 113.835617065, 36.7512168884, -11.168838501, -9.91914272308, 31.7668304443, 41.3273735046], [17.3779582977, 5.66631603241, -11.2615737915, 20.5224456787, 15.9656677246, -13.7717952728, 6.30242395401, 36.7512168884, 96.5710220337, 33.3653717041, 8.13448143005, 15.8397674561, 23.6687240601], [140.048904419, -18.7680683136, -74.2536087036, -7.72391462326, -3.08689546585, -2.58670663834, 3.9236073494, -11.168838501, 33.3653717041, 94.2370834351, 32.0465965271, -10.4460411072, -21.545217514], [87.9934463501, -14.3017301559, -42.6688117981, -8.39123249054, 6.44344997406, 2.20513176918, 34.3596763611, -9.91914272308, 8.13448143005, 32.0465965271, 72.5295028687, 13.5262365341, -7.53100252151], [-42.2748680115, 27.3791923523, 3.12223863602, 7.98318862915, 11.0766429901, 3.49889683723, -4.98525667191, 31.7668304443, 15.8397674561, -10.4460411072, 13.5262365341, 94.2064361572, 59.0410995483], [-90.9850769043, 39.6655082703, 17.4358463287, 32.0522155762, 22.3779258728, -12.4521818161, -1.64350891113, 41.3273735046, 23.6687240601, -21.545217514, -7.53100252151, 59.0410995483, 105.578262329]],
        "icov": [[0.000731558015104, 0.000439485505922, 0.000667996529955, 0.000149603220052, 0.000218544169911, -6.74337279634e-005, -7.57405287004e-005, -1.3314645912e-005, -7.05902930349e-005, -0.000310505914968, -0.000219336739974, 4.46798621851e-005, 0.000171179694007], [0.000439485505922, 0.00173787004314, 0.000554473430384, 0.000831902376376, -0.00105744448956, 0.000116547656944, -0.000471080624266, -0.00030237910687, 0.000124256242998, -0.000153188317199, 0.000581227126531, -0.000217273962335, -0.000165545963682], [0.000667996529955, 0.000554473430384, 0.00329604907893, -0.00122913869563, 0.00126801722217, -0.00248334906064, 0.000534942431841, 0.00080623984104, -0.00113104900811, 0.00203753518872, 5.10466743435e-005, 0.000372173439246, -0.000207877237699], [0.000149603220052, 0.000831902376376, -0.00122913869563, 0.0062086796388, -0.00434877956286, 0.00122650968842, 0.000144809615449, -0.000492749968544, 3.98142183258e-005, -0.00104865524918, 0.000458614638774, 0.000444101082394, -0.00104252365418], [0.000218544169911, -0.00105744448956, 0.00126801722217, -0.00434877956286, 0.0106576848775, -0.000872826320119, -0.00052915175911, 0.00187390204519, -0.00168723950628, 0.00149470288306, -0.00119132653344, -3.2707102946e-005, -0.000790631631389], [-6.74337279634e-005, 0.000116547656944, -0.00248334906064, 0.00122650968842, -0.000872826320119, 0.0100754918531, -0.00170965329744, -0.00283823697828, 0.00281139137223, -0.00253760768101, 0.000325529283145, -0.00167305232026, 0.00220428477041], [-7.57405287004e-005, -0.000471080624266, 0.000534942431841, 0.000144809615449, -0.00052915175911, -0.00170965329744, 0.00827247556299, -0.00218810979277, -0.000282556226011, 0.00179266522173, -0.00511669460684, 0.00271958927624, -0.000581439817324], [-1.3314645912e-005, -0.00030237910687, 0.00080623984104, -0.000492749968544, 0.00187390204519, -0.00283823697828, -0.00218810979277, 0.0138506209478, -0.00561641156673, 0.00236034742557, 0.00292442110367, -0.0022111099679, -0.00288322335109], [-7.05902930349e-005, 0.000124256242998, -0.00113104900811, 3.98142183258e-005, -0.00168723950628, 0.00281139137223, -0.000282556226011, -0.00561641156673, 0.0162837989628, -0.00779234524816, 0.000373280519852, -0.000458366819657, -0.00200728350319], [-0.000310505914968, -0.000153188317199, 0.00203753518872, -0.00104865524918, 0.00149470288306, -0.00253760768101, 0.00179266522173, 0.00236034742557, -0.00779234524816, 0.0184780843556, -0.00662640528753, 0.00212981947698, 0.00211370713077], [-0.000219336739974, 0.000581227126531, 5.10466743435e-005, 0.000458614638774, -0.00119132653344, 0.000325529283145, -0.00511669460684, 0.00292442110367, 0.000373280519852, -0.00662640528753, 0.0215955302119, -0.00687831640244, 0.0024624504149], [4.46798621851e-005, -0.000217273962335, 0.000372173439246, 0.000444101082394, -3.2707102946e-005, -0.00167305232026, 0.00271958927624, -0.0022111099679, -0.000458366819657, 0.00212981947698, -0.00687831640244, 0.0192036796361, -0.0100509608164], [0.000171179694007, -0.000165545963682, -0.000207877237699, -0.00104252365418, -0.000790631631389, 0.00220428477041, -0.000581439817324, -0.00288322335109, -0.00200728350319, 0.00211370713077, 0.0024624504149, -0.0100509608164, 0.0182569473982]]
    },
    "spectral_contrast_coeffs": {
        "mean": [-0.631876289845, -0.709477722645, -0.714822292328, -0.764408588409, -0.790691673756, -0.741874873638],
        "var": [0.00697134202346, 0.00459832604975, 0.00445655919611, 0.00237431749701, 0.00109307456296, 0.00137924391311]
    },
    "spectral_contrast_valleys": {
        "mean": [-6.83655977249, -6.4200258255, -6.66332817078, -7.11105537415, -7.54481506348, -10.4965772629],
        "var": [1.04676055908, 0.992558002472, 1.09096932411, 1.07945501804, 1.07408201694, 0.891476035118]
    }
},
"metadata": {
    "audio_properties": {
        "analysis_sample_rate": 44100,
        "bit_rate": 113996,
        "equal_loudness": 0,
        "length": 45.0612258911,
        "lossless": 0,
        "replay_gain": -19.2847442627,
        "sample_rate": 44100,
        "codec": "mp3",
        "downmix": "mix",
        "md5_encoded": "fed0ce1dc2501ddfa84a31447d73afad"
    },
    "tags": {
        "file_name": "71.mp3"
    },
    "version": {
        "essentia": "2.1-beta2",
        "essentia_git_sha": "v2.1_beta2",
        "extractor": "music 1.0"
    }
},
"rhythm": {
    "beats_count": 87,
    "beats_loudness": {
        "mean": 0.0493091009557,
        "var": 0.000116966817586
    },
    "bpm": 117.546707153,
    "bpm_histogram_first_peak_bpm": {
        "mean": 117,
        "var": 0
    },
    "bpm_histogram_first_peak_spread": {
        "mean": 0.444444417953,
        "var": 0
    },
    "bpm_histogram_first_peak_weight": {
        "mean": 0.523255825043,
        "var": 0
    },
    "bpm_histogram_second_peak_bpm": {
        "mean": 123,
        "var": 0
    },
    "bpm_histogram_second_peak_spread": {
        "mean": 0,
        "var": 0
    },
    "bpm_histogram_second_peak_weight": {
        "mean": 0.0348837226629,
        "var": 0
    },
    "danceability": 1.17036414146,
    "onset_rate": 2.88366365433,
    "beats_loudness_band_ratio": {
        "mean": [0.386140435934, 0.0821643993258, 0.201488405466, 0.274487107992, 0.0713002309203, 0.0158308558166],
        "var": [0.0530473925173, 0.00387293589301, 0.0191541854292, 0.029826451093, 0.0036085951142, 0.000214990286622]
    },
    "beats_position": [0.545668900013, 1.09133780003, 1.6137868166, 2.13623571396, 2.67029476166, 3.19274377823, 3.69197273254, 4.20281171799, 4.71365070343, 5.22448968887, 5.72371864319, 6.23455762863, 6.74539661407, 7.26784563065, 7.77868461609, 8.28952407837, 8.8119726181, 9.33442115784, 9.84526062012, 10.3444900513, 10.8553285599, 11.3777770996, 11.8770065308, 12.3762359619, 12.8870744705, 13.3979139328, 13.8971424103, 14.4079818726, 14.9188203812, 15.4412698746, 15.9521083832, 16.4629478455, 16.9737873077, 17.4846248627, 18.0070743561, 18.5295238495, 19.0403633118, 19.5512008667, 20.0504302979, 20.549659729, 21.0488891602, 21.548116684, 22.035736084, 22.5465755463, 23.0574150085, 23.5682544708, 24.0790920258, 24.5783214569, 25.0891609192, 25.6000003815, 26.1224479675, 26.6332874298, 27.1441268921, 27.6549663544, 28.1658039093, 28.6766433716, 29.199092865, 29.7099323273, 30.2207698822, 30.7316093445, 31.2424488068, 31.7416782379, 32.2409057617, 32.7401351929, 33.239364624, 33.7385940552, 34.2494316101, 34.7602729797, 35.2827186584, 35.7935600281, 36.304397583, 36.8152389526, 37.3376846313, 37.848526001, 38.3361434937, 38.8353729248, 39.334602356, 39.8222198486, 40.3330612183, 40.8555107117, 41.3547401428, 41.8655776978, 42.3880271912, 42.9104766846, 43.4213142395, 43.9321517944, 44.4429931641]
},
"tonal": {
    "chords_changes_rate": 0.0689300447702,
    "chords_number_rate": 0.0123456791043,
    "chords_strength": {
        "mean": 0.529319226742,
        "var": 0.00887174345553
    },
    "hpcp_entropy": {
        "mean": 1.63182103634,
        "var": 0.476526111364
    },
    "key_strength": 0.691972851753,
    "tuning_diatonic_strength": 0.490882813931,
    "tuning_equal_tempered_deviation": 0.0805497467518,
    "tuning_frequency": 442.804626465,
    "tuning_nontempered_energy_ratio": 0.725697040558,
    "hpcp": {
        "mean": [0.307438731194, 0.147536069155, 0.0476446896791, 0.0443012602627, 0.0474398098886, 0.092733182013, 0.220880001783, 0.231889232993, 0.175140917301, 0.200180381536, 0.138768613338, 0.0606146007776, 0.0630249083042, 0.058884691447, 0.0780361369252, 0.148168981075, 0.13777294755, 0.100436553359, 0.114236690104, 0.0956882610917, 0.120475530624, 0.214355766773, 0.204094916582, 0.0959438681602, 0.0452670641243, 0.0459803640842, 0.0589447878301, 0.0772422105074, 0.0748387500644, 0.112225808203, 0.153371572495, 0.09848421067, 0.0468851625919, 0.0382801182568, 0.0540287569165, 0.225344523787],
        "var": [0.149132981896, 0.0417291074991, 0.00878050364554, 0.0136389350519, 0.0142024811357, 0.0245945397764, 0.10185739398, 0.124527879059, 0.0517446510494, 0.0854066833854, 0.0529868155718, 0.0214498378336, 0.0292444657534, 0.0280249807984, 0.02002184093, 0.0802810564637, 0.0746058151126, 0.0371688976884, 0.0689218789339, 0.0375894010067, 0.0319239720702, 0.0882791727781, 0.1031518206, 0.0319535657763, 0.013602190651, 0.0172216054052, 0.0211713202298, 0.0330269671977, 0.0273368507624, 0.0334125384688, 0.0736026614904, 0.0333227626979, 0.0100496876985, 0.00732346344739, 0.0072587095201, 0.0932806879282]
    },
    "chords_histogram": [34.7736625671, 9.46502017975, 6.79012346268, 8.64197540283, 0.411522626877, 0, 0, 11.3168725967, 0.411522626877, 5.45267486572, 1.02880656719, 8.33333301544, 1.44032919407, 0, 0, 0, 0, 0, 0.514403283596, 2.16049385071, 0, 0, 4.52674913406, 4.73251008987],
    "thpcp": [1, 0.479887723923, 0.154972955585, 0.144097849727, 0.154306545854, 0.301631420851, 0.718452095985, 0.754261612892, 0.569677472115, 0.651122868061, 0.451369971037, 0.197159931064, 0.204999893904, 0.191533088684, 0.253826618195, 0.481946378946, 0.448131382465, 0.326688021421, 0.371575474739, 0.311243355274, 0.391868412495, 0.697230875492, 0.663855552673, 0.312074750662, 0.147239297628, 0.149559438229, 0.191728562117, 0.25124424696, 0.243426546454, 0.36503469944, 0.498868733644, 0.320337682962, 0.152502462268, 0.12451300025, 0.175738289952, 0.732973754406],
    "chords_key": "A",
    "chords_scale": "minor",
    "key_key": "A",
    "key_scale": "minor"
}
}