{
"lowlevel": {
    "average_loudness": 0.694576740265,
    "barkbands_crest": {
        "mean": 12.274520874,
        "var": 19.6725845337
    },
    "barkbands_flatness_db": {
        "mean": 0.167156338692,
        "var": 0.0033487228211
    },
    "barkbands_kurtosis": {
        "mean": 17.9611530304,
        "var": 298.825775146
    },
    "barkbands_skewness": {
        "mean": 3.36671352386,
        "var": 2.25498867035
    },
    "barkbands_spread": {
        "mean": 14.7171945572,
        "var": 201.082473755
    },
    "dissonance": {
        "mean": 0.469770252705,
        "var": 0.000346247601556
    },
    "dynamic_complexity": 3.14556336403,
    "erbbands_crest": {
        "mean": 7.75912952423,
        "var": 13.4646196365
    },
    "erbbands_flatness_db": {
        "mean": 0.128750771284,
        "var": 0.00106979906559
    },
    "erbbands_kurtosis": {
        "mean": 0.258641391993,
        "var": 3.73430323601
    },
    "erbbands_skewness": {
        "mean": 0.761216700077,
        "var": 0.630472302437
    },
    "erbbands_spread": {
        "mean": 58.0908660889,
        "var": 443.662963867
    },
    "hfc": {
        "mean": 9.72859191895,
        "var": 108.652297974
    },
    "melbands_crest": {
        "mean": 18.1212024689,
        "var": 33.2685127258
    },
    "melbands_flatness_db": {
        "mean": 0.249511003494,
        "var": 0.0051780520007
    },
    "melbands_kurtosis": {
        "mean": 49.7219581604,
        "var": 1511.60961914
    },
    "melbands_skewness": {
        "mean": 5.31041955948,
        "var": 3.87727189064
    },
    "melbands_spread": {
        "mean": 10.4723587036,
        "var": 163.544052124
    },
    "pitch_salience": {
        "mean": 0.572592079639,
        "var": 0.0157283823937
    },
    "silence_rate_20dB": {
        "mean": 1,
        "var": 0
    },
    "silence_rate_30dB": {
        "mean": 0.969119906425,
        "var": 0.0299265999347
    },
    "silence_rate_60dB": {
        "mean": 0.0468347929418,
        "var": 0.0446429885924
    },
    "spectral_centroid": {
        "mean": 878.67590332,
        "var": 494588.09375
    },
    "spectral_complexity": {
        "mean": 11.1605768204,
        "var": 42.3192825317
    },
    "spectral_decrease": {
        "mean": -7.41227212941e-009,
        "var": 7.12408640817e-017
    },
    "spectral_energy": {
        "mean": 0.0288580451161,
        "var": 0.00105757138226
    },
    "spectral_energyband_high": {
        "mean": 0.000387427280657,
        "var": 5.02512705225e-007
    },
    "spectral_energyband_low": {
        "mean": 0.0139266187325,
        "var": 0.000358485645847
    },
    "spectral_energyband_middle_high": {
        "mean": 0.00114614074118,
        "var": 2.00925387617e-006
    },
    "spectral_energyband_middle_low": {
        "mean": 0.0162000413984,
        "var": 0.000524771981873
    },
    "spectral_entropy": {
        "mean": 7.42910242081,
        "var": 0.214114263654
    },
    "spectral_flux": {
        "mean": 0.0964367091656,
        "var": 0.00336133874953
    },
    "spectral_kurtosis": {
        "mean": 3.53251075745,
        "var": 5.1952996254
    },
    "spectral_rms": {
        "mean": 0.00468533067033,
        "var": 6.20188166067e-006
    },
    "spectral_rolloff": {
        "mean": 723.328857422,
        "var": 2120010.25
    },
    "spectral_skewness": {
        "mean": 1.46778416634,
        "var": 0.176884502172
    },
    "spectral_spread": {
        "mean": 5022377.5,
        "var": 3.60019446989e+012
    },
    "spectral_strongpeak": {
        "mean": 0.504667103291,
        "var": 0.183286964893
    },
    "zerocrossingrate": {
        "mean": 0.0444298237562,
        "var": 0.00140403653495
    },
    "barkbands": {
        "mean": [0.000192957333638, 0.00348568405025, 0.00748476898298, 0.00540626561269, 0.00850991625339, 0.00106089480687, 0.000475534412544, 0.000354162912117, 0.000333764939569, 0.000188134596101, 0.000203755247639, 9.60880279308e-005, 0.000116130519018, 7.68349927966e-005, 6.26490800641e-005, 5.7987152104e-005, 7.64774522395e-005, 8.47523187986e-005, 0.000134212954435, 0.000116724142572, 8.81766027305e-005, 6.81066230754e-005, 6.03772095928e-005, 6.40708312858e-005, 3.27280686179e-005, 2.22699363803e-005, 4.64853064841e-006],
        "var": [7.66062612456e-007, 2.50729772233e-005, 0.000174760745722, 7.01923781889e-005, 0.000329049827997, 1.8762500531e-006, 5.61065917282e-007, 7.46981299926e-007, 3.27721238591e-007, 9.61482768957e-008, 1.85152416066e-007, 2.90002919456e-008, 6.02503220648e-008, 1.22807817249e-008, 1.06162305613e-008, 8.95201601736e-009, 1.18163292484e-008, 1.74586229917e-008, 2.93447666166e-008, 3.05663334643e-008, 1.94421865274e-008, 1.32117969898e-008, 1.14792921835e-008, 1.94072029558e-008, 1.13958016357e-008, 1.31907267331e-008, 7.88875964552e-010]
    },
    "erbbands": {
        "mean": [0.0370290130377, 1.11615109444, 7.90019893646, 14.1519346237, 26.06549263, 29.3295288086, 11.3080348969, 7.49721336365, 6.1921453476, 8.82540988922, 7.19211578369, 7.40612697601, 6.73038101196, 7.30009365082, 6.04994153976, 4.05892515182, 4.86159658432, 4.5222325325, 3.46345949173, 3.09230923653, 3.20758938789, 4.23827505112, 4.73499822617, 6.16481256485, 6.19152545929, 6.19931411743, 3.68379092216, 3.37656998634, 2.61200356483, 1.79550373554, 1.6943141222, 1.52296674252, 0.954304873943, 0.480691999197, 0.15455378592, 0.059876460582, 0.0431438535452, 0.0158570371568, 0.000557806575671, 4.29792344221e-005],
        "var": [0.00258378172293, 2.55464816093, 183.887115479, 389.464874268, 1810.57397461, 5279.16699219, 258.375762939, 83.4776000977, 73.7933273315, 333.374298096, 206.760253906, 155.313995361, 134.774536133, 160.147750854, 112.7628479, 49.9308776855, 106.236328125, 49.3448448181, 27.4800949097, 24.9681835175, 22.9592761993, 35.0942840576, 52.295879364, 56.6446228027, 70.7930221558, 96.1659851074, 32.1282119751, 31.0765037537, 19.9404735565, 10.0119838715, 8.15307998657, 10.7495708466, 4.75333070755, 2.15261387825, 0.221929341555, 0.0438365824521, 0.0505033805966, 0.00992311351001, 1.06630886876e-005, 4.93640550658e-009]
    },
    "gfcc": {
        "mean": [-31.0052623749, 100.455787659, -86.8924789429, 48.9069213867, -60.7345733643, 9.05521392822, -34.8654747009, 2.01007461548, -33.1313285828, -8.08358192444, -16.9299125671, -8.31921672821, -15.9812383652],
        "cov": [[5369.76757813, -394.444335938, -354.815124512, 206.017562866, -237.309967041, 220.791381836, -256.205993652, 9.38970756531, -82.8457717896, 27.839673996, -225.597686768, 37.4698944092, -16.3801841736], [-394.444335938, 1119.12939453, -53.3799476624, -74.5679626465, 91.8259353638, -101.838943481, 171.153274536, -120.262496948, 50.4251403809, -129.247238159, 129.983764648, -119.376167297, 46.2022476196], [-354.815124512, -53.3799476624, 423.45401001, -29.1419296265, 110.237236023, 4.17091751099, 75.6331481934, 29.7291049957, 25.5442142487, 11.3015499115, -9.23560142517, -18.7234897614, -56.9624977112], [206.017562866, -74.5679626465, -29.1419296265, 182.899200439, 25.6457500458, 50.735824585, -18.7165660858, 43.1049079895, 6.09837245941, 9.46022605896, -9.84216690063, -5.25179100037, 7.92140007019], [-237.309967041, 91.8259353638, 110.237236023, 25.6457500458, 135.84916687, -5.88331127167, 70.9208984375, 12.1519546509, 32.817024231, -11.9214248657, 17.3592185974, -16.7797203064, -25.3723926544], [220.791381836, -101.838943481, 4.17091751099, 50.735824585, -5.88331127167, 131.741897583, -17.1655483246, 29.1781730652, 14.7488927841, 26.6786231995, -26.2170276642, 9.52752113342, 20.8203544617], [-256.205993652, 171.153274536, 75.6331481934, -18.7165660858, 70.9208984375, -17.1655483246, 110.419044495, 7.73710775375, 33.8757629395, -14.9846858978, 31.7960205078, -24.9383563995, -12.9181652069], [9.38970756531, -120.262496948, 29.7291049957, 43.1049079895, 12.1519546509, 29.1781730652, 7.73710775375, 97.3176879883, 31.1710968018, 37.1049995422, -5.21888685226, 11.8523387909, -21.3734264374], [-82.8457717896, 50.4251403809, 25.5442142487, 6.09837245941, 32.817024231, 14.7488927841, 33.8757629395, 31.1710968018, 74.1014099121, 18.2516689301, 11.215089798, -3.90302634239, -3.29406499863], [27.839673996, -129.247238159, 11.3015499115, 9.46022605896, -11.9214248657, 26.6786231995, -14.9846858978, 37.1049995422, 18.2516689301, 65.3250808716, 4.90837526321, 27.2377071381, -1.50043833256], [-225.597686768, 129.983764648, -9.23560142517, -9.84216690063, 17.3592185974, -26.2170276642, 31.7960205078, -5.21888685226, 11.215089798, 4.90837526321, 63.7893295288, 6.09735012054, 10.9196500778], [37.4698944092, -119.376167297, -18.7234897614, -5.25179100037, -16.7797203064, 9.52752113342, -24.9383563995, 11.8523387909, -3.90302634239, 27.2377071381, 6.09735012054, 62.25340271, 15.377530098], [-16.3801841736, 46.2022476196, -56.9624977112, 7.92140007019, -25.3723926544, 20.8203544617, -12.9181652069, -21.3734264374, -3.29406499863, -1.50043833256, 10.9196500778, 15.377530098, 60.6397171021]],
        "icov": [[0.000287110276986, -0.000242352296482, 0.000156011723448, -0.000381315592676, 0.000400968187023, -0.000364618172171, 9.25895074033e-005, 0.000235852348851, 0.000124904225231, -0.000297332153423, 0.00110946723726, -0.000639047299046, 0.000816080020741], [-0.000242352296482, 0.00321812974289, 0.000372908136342, 0.000994007568806, -0.000656185089611, 0.000361105892807, -0.00158451858442, 0.00124541495461, -0.00219094241038, 0.00390152679756, -0.00588920805603, 0.00482814898714, -0.00278042862192], [0.000156011723448, 0.000372908136342, 0.0038295139093, 0.00101498956792, -0.00254975724965, -0.000700014585163, -0.00154831097461, 0.000104080136225, 0.000674598268233, -0.00126633641776, 0.00131189951207, 0.00068683369318, 0.00169796287082], [-0.000381315592676, 0.000994007568806, 0.00101498956792, 0.00918411370367, -0.00513540627435, -0.00163072021678, 0.00324504449964, -0.00497823720798, 0.00115559971891, 0.00161976576783, -0.00317257456481, 0.00508367829025, -0.00437382422388], [0.000400968187023, -0.000656185089611, -0.00254975724965, -0.00513540627435, 0.01674358733, -0.00083313829964, -0.00702195661142, 0.00311920628883, -0.00383867044002, 0.00288948207162, 0.000186009507161, -0.00466689048335, 0.00679220538586], [-0.000364618172171, 0.000361105892807, -0.000700014585163, -0.00163072021678, -0.00083313829964, 0.0124156353995, -0.000666101288516, -0.00184222916141, -0.00132059736643, -0.00392981525511, 0.00482730334625, 0.00157881190535, -0.00765944970772], [9.25895074033e-005, -0.00158451858442, -0.00154831097461, 0.00324504449964, -0.00702195661142, -0.000666101288516, 0.0218817647547, -0.0045748767443, -0.00305815669708, 0.00296873995103, -0.00580649077892, 0.00371067109518, -0.000294450001093], [0.000235852348851, 0.00124541495461, 0.000104080136225, -0.00497823720798, 0.00311920628883, -0.00184222916141, -0.0045748767443, 0.0207652878016, -0.00640993006527, -0.00523839425296, 0.000300681509543, -0.00301463273354, 0.00837749987841], [0.000124904225231, -0.00219094241038, 0.000674598268233, 0.00115559971891, -0.00383867044002, -0.00132059736643, -0.00305815669708, -0.00640993006527, 0.0223765317351, -0.00863000564277, 0.00365499826148, 0.00041214103112, -0.00163839303423], [-0.000297332153423, 0.00390152679756, -0.00126633641776, 0.00161976576783, 0.00288948207162, -0.00392981525511, 0.00296873995103, -0.00523839425296, -0.00863000564277, 0.03368678689, -0.0141258910298, -0.00305502838455, 0.000573436496779], [0.00110946723726, -0.00588920805603, 0.00131189951207, -0.00317257456481, 0.000186009507161, 0.00482730334625, -0.00580649077892, 0.000300681509543, 0.00365499826148, -0.0141258910298, 0.0377856120467, -0.01216040086, -0.000148499864736], [-0.000639047299046, 0.00482814898714, 0.00068683369318, 0.00508367829025, -0.00466689048335, 0.00157881190535, 0.00371067109518, -0.00301463273354, 0.00041214103112, -0.00305502838455, -0.01216040086, 0.032610680908, -0.0127701023594], [0.000816080020741, -0.00278042862192, 0.00169796287082, -0.00437382422388, 0.00679220538586, -0.00765944970772, -0.000294450001093, 0.00837749987841, -0.00163839303423, 0.000573436496779, -0.000148499864736, -0.0127701023594, 0.0325481966138]]
    },
    "melbands": {
        "mean": [0.000645102642011, 0.00320705259219, 0.00273758731782, 0.00228571938351, 0.000491191167384, 0.000174074215465, 9.58138916758e-005, 9.34972631512e-005, 5.77560567763e-005, 4.60975970782e-005, 3.30644725182e-005, 2.91535288852e-005, 2.48514061241e-005, 1.11226772788e-005, 1.18568050311e-005, 1.00471052065e-005, 8.29914642964e-006, 5.61112983632e-006, 4.50579318567e-006, 4.2280589696e-006, 3.47903051079e-006, 3.86157807952e-006, 6.07387119089e-006, 3.10486802846e-006, 5.23098879057e-006, 5.16424324815e-006, 4.15361864725e-006, 3.85330258723e-006, 2.22277981266e-006, 2.11592509913e-006, 1.92503603103e-006, 1.62639116752e-006, 1.01106809325e-006, 1.01581485978e-006, 9.37926245115e-007, 9.78468392532e-007, 9.1840109917e-007, 6.74006628287e-007, 5.80307698783e-007, 3.48438362607e-007],
        "var": [8.08523054729e-007, 2.71124117717e-005, 1.23221543618e-005, 2.42171136051e-005, 6.79692163885e-007, 4.49500490163e-008, 1.78832770814e-008, 4.20236005994e-008, 1.21512231388e-008, 6.46513509395e-009, 3.38376904274e-009, 2.52710141702e-009, 2.52792431432e-009, 3.90084325952e-010, 6.0095989296e-010, 4.58171001139e-010, 1.57695578817e-010, 7.22365986472e-011, 5.93506424562e-011, 5.0919102268e-011, 2.6747168716e-011, 3.11991474322e-011, 1.11697651128e-010, 2.30775416138e-011, 4.36373853718e-011, 5.53682689974e-011, 3.65329815011e-011, 3.95921316565e-011, 1.27850707451e-011, 1.28703887825e-011, 1.26012212817e-011, 9.23678668274e-012, 2.48678638445e-012, 4.117990237e-012, 2.42224296176e-012, 3.58295771524e-012, 4.3960776859e-012, 2.03196942779e-012, 3.10898680932e-012, 1.17971897442e-012]
    },
    "mfcc": {
        "mean": [-676.864318848, 123.650009155, 29.564332962, 37.8214836121, 3.98771572113, 5.89841270447, 7.98732757568, 3.43760251999, -7.27800512314, 1.81567084789, -6.54520082474, -5.4260468483, -8.24870300293],
        "cov": [[3552.50439453, -579.760864258, -139.220184326, -93.4118728638, 36.2633934021, 131.584289551, -156.084671021, -8.96781826019, 112.303565979, -137.534484863, -20.6682338715, 11.0013341904, -54.7432785034], [-579.760864258, 1012.12890625, 0.199768736959, 53.5033187866, -64.3788986206, 7.76344680786, 80.9306564331, 19.4485435486, -60.1350326538, 39.3068962097, -13.6133289337, -12.1057920456, 25.0027370453], [-139.220184326, 0.199768736959, 228.716491699, 10.1622066498, 44.4024620056, 18.6536922455, 33.2662887573, 13.2346105576, 27.4752750397, 33.3098907471, 20.3239326477, 1.76779699326, -3.06721663475], [-93.4118728638, 53.5033187866, 10.1622066498, 140.71043396, 38.285068512, -6.22027254105, 31.020647049, 23.3241176605, -0.747766494751, 25.4942684174, 13.6858177185, 6.19393110275, 3.85024809837], [36.2633934021, -64.3788986206, 44.4024620056, 38.285068512, 85.3087463379, 28.2377185822, 12.0034999847, 23.1070766449, 28.7926692963, 11.2603979111, 20.8887729645, 16.7881183624, -4.96931552887], [131.584289551, 7.76344680786, 18.6536922455, -6.22027254105, 28.2377185822, 81.6088943481, 12.6551933289, 8.93360710144, 25.912569046, -11.8669843674, -0.750440657139, 7.93270397186, -0.198616594076], [-156.084671021, 80.9306564331, 33.2662887573, 31.020647049, 12.0034999847, 12.6551933289, 70.8827209473, 17.8694572449, -3.60539007187, 24.1891345978, 2.4061691761, -1.68566000462, 8.55392742157], [-8.96781826019, 19.4485435486, 13.2346105576, 23.3241176605, 23.1070766449, 8.93360710144, 17.8694572449, 54.6903114319, 28.2693042755, 16.7955551147, 18.8571777344, 11.7808713913, 1.76895987988], [112.303565979, -60.1350326538, 27.4752750397, -0.747766494751, 28.7926692963, 25.912569046, -3.60539007187, 28.2693042755, 68.4295043945, 17.8825759888, 18.8023548126, 20.0275287628, 1.83124732971], [-137.534484863, 39.3068962097, 33.3098907471, 25.4942684174, 11.2603979111, -11.8669843674, 24.1891345978, 16.7955551147, 17.8825759888, 68.0259246826, 28.5294704437, 10.3573436737, 13.2439117432], [-20.6682338715, -13.6133289337, 20.3239326477, 13.6858177185, 20.8887729645, -0.750440657139, 2.4061691761, 18.8571777344, 18.8023548126, 28.5294704437, 53.6097679138, 22.7972393036, 2.58286380768], [11.0013341904, -12.1057920456, 1.76779699326, 6.19393110275, 16.7881183624, 7.93270397186, -1.68566000462, 11.7808713913, 20.0275287628, 10.3573436737, 22.7972393036, 45.7717552185, 14.5927839279], [-54.7432785034, 25.0027370453, -3.06721663475, 3.85024809837, -4.96931552887, -0.198616594076, 8.55392742157, 1.76895987988, 1.83124732971, 13.2439117432, 2.58286380768, 14.5927839279, 40.5079307556]],
        "icov": [[0.000390959496144, 0.000145761339809, 0.000197293469682, -7.11096217856e-005, 0.000120332282677, -0.000601244508289, 0.000529586570337, -5.82570828556e-006, -0.000524317321833, 0.000424762576586, -4.89769590786e-005, 0.000119976153655, 0.000205047908821], [0.000145761339809, 0.00139161152765, -5.65253867535e-005, -0.000509908597451, 0.00164158642292, -0.00133113225456, -0.00042111845687, -0.00114397471771, 0.00148354936391, -0.000884198700078, 0.000426857266575, -0.00036317910417, 4.15987015003e-005], [0.000197293469682, -5.65253867535e-005, 0.00576380733401, 0.000935490534175, -0.00277872337028, -0.000114678805403, -0.00221831444651, 0.00167129153851, -0.00214249244891, -0.00130510015879, -0.00106041005347, 0.00165388768073, 0.000698396877851], [-7.11096217856e-005, -0.000509908597451, 0.000935490534175, 0.0101148169488, -0.00580695597455, 0.00242558820173, -0.00259331800044, -0.00204900070094, 0.00203359709121, -0.0019210370956, 0.000327044370351, 8.00484413048e-005, -0.000248861440923], [0.000120332282677, 0.00164158642292, -0.00277872337028, -0.00580695597455, 0.0222227144986, -0.00659086136147, -0.000143070647027, -0.0033503472805, -0.00136960041709, 0.000164998025866, -0.00252746324986, -0.00433724327013, 0.00409290194511], [-0.000601244508289, -0.00133113225456, -0.000114678805403, 0.00242558820173, -0.00659086136147, 0.0204976089299, -0.00710065849125, 0.00340110715479, -0.00879683345556, 0.00773482304066, -5.68622563151e-005, -0.000146226695506, -0.00166217400692], [0.000529586570337, -0.00042111845687, -0.00221831444651, -0.00259331800044, -0.000143070647027, -0.00710065849125, 0.024640776217, -0.00813619233668, 0.00756174232811, -0.00825691595674, 0.0045129833743, 0.00153748167213, -0.00233013415709], [-5.82570828556e-006, -0.00114397471771, 0.00167129153851, -0.00204900070094, -0.0033503472805, 0.00340110715479, -0.00813619233668, 0.0311061199754, -0.0140930693597, 0.00325866951607, -0.00681171519682, 0.000848389172461, 0.000685302831698], [-0.000524317321833, 0.00148354936391, -0.00214249244891, 0.00203359709121, -0.00136960041709, -0.00879683345556, 0.00756174232811, -0.0140930693597, 0.0318718627095, -0.0110384747386, 0.00319797429256, -0.00722678424791, 0.0013953713933], [0.000424762576586, -0.000884198700078, -0.00130510015879, -0.0019210370956, 0.000164998025866, 0.00773482304066, -0.00825691595674, 0.00325866951607, -0.0110384747386, 0.0302081909031, -0.013577257283, 0.00450561195612, -0.00727183837444], [-4.89769590786e-005, 0.000426857266575, -0.00106041005347, 0.000327044370351, -0.00252746324986, -5.68622563151e-005, 0.0045129833743, -0.00681171519682, 0.00319797429256, -0.013577257283, 0.0340953357518, -0.0141879823059, 0.00582472747192], [0.000119976153655, -0.00036317910417, 0.00165388768073, 8.00484413048e-005, -0.00433724327013, -0.000146226695506, 0.00153748167213, 0.000848389172461, -0.00722678424791, 0.00450561195612, -0.0141879823059, 0.036731723696, -0.0138647379354], [0.000205047908821, 4.15987015003e-005, 0.000698396877851, -0.000248861440923, 0.00409290194511, -0.00166217400692, -0.00233013415709, 0.000685302831698, 0.0013953713933, -0.00727183837444, 0.00582472747192, -0.0138647379354, 0.032908283174]]
    },
    "spectral_contrast_coeffs": {
        "mean": [-0.586722075939, -0.78455978632, -0.821642160416, -0.837557077408, -0.80898463726, -0.768794238567],
        "var": [0.00791102554649, 0.00246225041337, 0.00130316161085, 0.000720368756447, 0.0012199182529, 0.000827985000797]
    },
    "spectral_contrast_valleys": {
        "mean": [-7.04850769043, -6.7734041214, -7.53757381439, -8.12055015564, -7.88657855988, -10.4069671631],
        "var": [1.16927230358, 1.05747663975, 0.988753795624, 0.992261767387, 1.02352261543, 1.09939014912]
    }
},
"metadata": {
    "audio_properties": {
        "analysis_sample_rate": 44100,
        "bit_rate": 108417,
        "equal_loudness": 0,
        "length": 45.0873451233,
        "lossless": 0,
        "replay_gain": -6.95660018921,
        "sample_rate": 44100,
        "codec": "mp3",
        "downmix": "mix",
        "md5_encoded": "91b063d58eebe5e8d07fd9411628f957"
    },
    "tags": {
        "file_name": "710.mp3"
    },
    "version": {
        "essentia": "2.1-beta2",
        "essentia_git_sha": "v2.1_beta2",
        "extractor": "music 1.0"
    }
},
"rhythm": {
    "beats_count": 88,
    "beats_loudness": {
        "mean": 0.0359371639788,
        "var": 0.000829506083392
    },
    "bpm": 99.4266281128,
    "bpm_histogram_first_peak_bpm": {
        "mean": 99,
        "var": 0
    },
    "bpm_histogram_first_peak_spread": {
        "mean": 0.346153855324,
        "var": 0
    },
    "bpm_histogram_first_peak_weight": {
        "mean": 0.195402294397,
        "var": 0
    },
    "bpm_histogram_second_peak_bpm": {
        "mean": 105,
        "var": 0
    },
    "bpm_histogram_second_peak_spread": {
        "mean": 0.124999962747,
        "var": 0
    },
    "bpm_histogram_second_peak_weight": {
        "mean": 0.0804597735405,
        "var": 0
    },
    "danceability": 1.07842648029,
    "onset_rate": 4.72233963013,
    "beats_loudness_band_ratio": {
        "mean": [0.642531812191, 0.307346016169, 0.0474906601012, 0.0310929045081, 0.0193877350539, 0.0452946424484],
        "var": [0.0519443191588, 0.0455839969218, 0.0013995465124, 0.00107338069938, 0.000344047904946, 0.00560567574576]
    },
    "beats_position": [0.615328788757, 1.23065757751, 1.89242625237, 2.51936507225, 3.13469386101, 3.76163268089, 4.40018129349, 5.00390005112, 5.59600877762, 6.19972801208, 6.80344676971, 7.40716552734, 8.01088428497, 8.6146030426, 9.22993183136, 9.84526062012, 10.4954195023, 11.1455783844, 11.7957363129, 12.387845993, 12.9799547195, 13.5488433838, 14.117732048, 14.6866207123, 15.301949501, 15.9056682587, 16.4397277832, 16.9621772766, 17.4730148315, 17.995464325, 18.5179138184, 19.0403633118, 19.574420929, 20.1084804535, 20.6309299469, 21.1765975952, 21.7454872131, 22.3143768311, 22.8832645416, 23.4405441284, 24.009431839, 24.589931488, 25.1936511993, 25.7973690033, 26.4010887146, 27.0164165497, 27.620136261, 28.2122440338, 28.7927436829, 29.3732414246, 29.8608608246, 30.3484802246, 30.8477096558, 31.3469390869, 31.8229465485, 32.2989578247, 32.7633552551, 33.2277526855, 33.6805419922, 34.1565513611, 34.6093406677, 35.0621299744, 35.514919281, 35.8632202148, 36.1999092102, 36.5249862671, 36.8616790771, 37.186756134, 37.5234451294, 37.8601341248, 38.1968231201, 38.545124054, 38.8818130493, 39.2301139832, 39.5784111023, 39.9267120361, 40.309841156, 40.6813583374, 41.0528793335, 41.4360084534, 41.8075294495, 42.1790466309, 42.550567627, 42.9220848083, 43.281993866, 43.6302947998, 43.9902038574, 44.350112915]
},
"tonal": {
    "chords_changes_rate": 0.116255141795,
    "chords_number_rate": 0.0133744860068,
    "chords_strength": {
        "mean": 0.461220532656,
        "var": 0.00698487367481
    },
    "hpcp_entropy": {
        "mean": 2.76990842819,
        "var": 0.405917257071
    },
    "key_strength": 0.559499502182,
    "tuning_diatonic_strength": 0.497280746698,
    "tuning_equal_tempered_deviation": 0.22661998868,
    "tuning_frequency": 433.691802979,
    "tuning_nontempered_energy_ratio": 0.882525801659,
    "hpcp": {
        "mean": [0.24068236351, 0.268440455198, 0.247258931398, 0.161747649312, 0.0898310244083, 0.0691095739603, 0.0599012486637, 0.0473113134503, 0.0487394779921, 0.0534885972738, 0.0573026798666, 0.0684460476041, 0.0778890699148, 0.0845075398684, 0.0867594629526, 0.0868166163564, 0.119285345078, 0.189354404807, 0.209636628628, 0.17577932775, 0.17601954937, 0.184878781438, 0.171338960528, 0.17401561141, 0.187116160989, 0.15129391849, 0.103102073073, 0.0937488004565, 0.0807870253921, 0.0691736340523, 0.0820640921593, 0.105479046702, 0.144452080131, 0.168977916241, 0.172170609236, 0.201768323779],
        "var": [0.102107547224, 0.114560388029, 0.116313882172, 0.0692396834493, 0.0308981779963, 0.0177753586322, 0.0138673977926, 0.00820207037032, 0.0115918600932, 0.0163117777556, 0.014595319517, 0.021327322349, 0.0246725212783, 0.0272138249129, 0.0260464381427, 0.0268647130579, 0.0405276790261, 0.0825103893876, 0.091119274497, 0.0688467919827, 0.0765036568046, 0.0795859247446, 0.0717943683267, 0.0709261149168, 0.0820305496454, 0.0604085661471, 0.036151714623, 0.0322261527181, 0.0253428518772, 0.0197340082377, 0.0302667357028, 0.038325175643, 0.0560826361179, 0.0689091160893, 0.0681349113584, 0.0845231413841]
    },
    "chords_histogram": [3.29218101501, 4.01234579086, 8.23045253754, 3.60082316399, 0.514403283596, 1.02880656719, 0, 0, 0, 2.88065838814, 13.5802469254, 21.0905342102, 18.0041160583, 0, 0, 0, 0, 0, 0, 12.8600826263, 4.73251008987, 4.83539104462, 1.33744859695, 0],
    "thpcp": [1, 0.921094119549, 0.60254573822, 0.334640413523, 0.25744843483, 0.223145380616, 0.176245093346, 0.181565329432, 0.199256837368, 0.21346513927, 0.254976660013, 0.290153980255, 0.314809262753, 0.32319816947, 0.323411077261, 0.444364249706, 0.705386996269, 0.780942738056, 0.654816806316, 0.655711710453, 0.688714325428, 0.638275504112, 0.648246586323, 0.697049021721, 0.563603281975, 0.384077996016, 0.349234998226, 0.300949513912, 0.257687062025, 0.305706858635, 0.392932742834, 0.538115918636, 0.629480063915, 0.641373574734, 0.751631557941, 0.896595001221],
    "chords_key": "E",
    "chords_scale": "major",
    "key_key": "D",
    "key_scale": "minor"
}
}