{
"lowlevel": {
    "average_loudness": 0.867301702499,
    "barkbands_crest": {
        "mean": 19.3610668182,
        "var": 25.7679004669
    },
    "barkbands_flatness_db": {
        "mean": 0.35185444355,
        "var": 0.00902178324759
    },
    "barkbands_kurtosis": {
        "mean": 46.5060119629,
        "var": 4596.28808594
    },
    "barkbands_skewness": {
        "mean": 4.51603651047,
        "var": 8.67045116425
    },
    "barkbands_spread": {
        "mean": 4.54584121704,
        "var": 34.7852592468
    },
    "dissonance": {
        "mean": 0.375686526299,
        "var": 0.00510893156752
    },
    "dynamic_complexity": 3.99722909927,
    "erbbands_crest": {
        "mean": 12.1055393219,
        "var": 20.7052307129
    },
    "erbbands_flatness_db": {
        "mean": 0.216227814555,
        "var": 0.00287342770025
    },
    "erbbands_kurtosis": {
        "mean": 4.55293321609,
        "var": 24.9196376801
    },
    "erbbands_skewness": {
        "mean": 1.27397859097,
        "var": 0.904578626156
    },
    "erbbands_spread": {
        "mean": 26.7933483124,
        "var": 341.734527588
    },
    "hfc": {
        "mean": 17.5512466431,
        "var": 528.608886719
    },
    "melbands_crest": {
        "mean": 21.3403549194,
        "var": 32.6625442505
    },
    "melbands_flatness_db": {
        "mean": 0.450689584017,
        "var": 0.0127331828699
    },
    "melbands_kurtosis": {
        "mean": 53.0932350159,
        "var": 3424.31005859
    },
    "melbands_skewness": {
        "mean": 4.47734928131,
        "var": 5.52573347092
    },
    "melbands_spread": {
        "mean": 4.23827266693,
        "var": 59.8314971924
    },
    "pitch_salience": {
        "mean": 0.324559420347,
        "var": 0.0144982347265
    },
    "silence_rate_20dB": {
        "mean": 0.846035003662,
        "var": 0.130262970924
    },
    "silence_rate_30dB": {
        "mean": 0.522142112255,
        "var": 0.249515280128
    },
    "silence_rate_60dB": {
        "mean": 0.0422245115042,
        "var": 0.0404419153929
    },
    "spectral_centroid": {
        "mean": 393.789825439,
        "var": 229026.515625
    },
    "spectral_complexity": {
        "mean": 7.42584943771,
        "var": 7.29501438141
    },
    "spectral_decrease": {
        "mean": -5.08050845838e-008,
        "var": 6.62182448428e-015
    },
    "spectral_energy": {
        "mean": 0.193341806531,
        "var": 0.0954114496708
    },
    "spectral_energyband_high": {
        "mean": 0.000152775945025,
        "var": 1.33516698497e-006
    },
    "spectral_energyband_low": {
        "mean": 0.181184694171,
        "var": 0.0927938520908
    },
    "spectral_energyband_middle_high": {
        "mean": 0.000397480267566,
        "var": 2.3873445798e-007
    },
    "spectral_energyband_middle_low": {
        "mean": 0.0139421960339,
        "var": 0.000219042165554
    },
    "spectral_entropy": {
        "mean": 6.29523468018,
        "var": 0.445730179548
    },
    "spectral_flux": {
        "mean": 0.110415235162,
        "var": 0.0140253482386
    },
    "spectral_kurtosis": {
        "mean": 12.9912347794,
        "var": 169.649139404
    },
    "spectral_rms": {
        "mean": 0.0110257249326,
        "var": 6.70598165016e-005
    },
    "spectral_rolloff": {
        "mean": 301.972747803,
        "var": 971771
    },
    "spectral_skewness": {
        "mean": 2.8438243866,
        "var": 1.33925282955
    },
    "spectral_spread": {
        "mean": 4170392.75,
        "var": 6.32115114803e+012
    },
    "spectral_strongpeak": {
        "mean": 0.898192167282,
        "var": 0.393173098564
    },
    "zerocrossingrate": {
        "mean": 0.0153185045347,
        "var": 0.0007713867235
    },
    "barkbands": {
        "mean": [0.00355333229527, 0.164529681206, 0.0108035709709, 0.00440668640658, 0.00422395579517, 0.00181187095586, 0.00104562507477, 0.00124663405586, 0.00112790253479, 0.000122839293908, 0.000100523262518, 7.11453176336e-005, 3.85925231967e-005, 5.42233101442e-005, 3.69878125639e-006, 1.09649145088e-005, 1.1885069398e-005, 1.04769760583e-005, 1.39724888868e-005, 7.00084001437e-006, 2.12900740735e-005, 2.33403534367e-005, 2.05511696549e-005, 2.57012197835e-005, 3.75834279112e-005, 1.81335217349e-005, 1.13948487979e-006],
        "var": [0.00010517474584, 0.082176849246, 0.000454296881799, 6.84607002768e-005, 3.57781282219e-005, 6.64713843435e-006, 4.25339158028e-006, 5.25972427567e-006, 4.74550961371e-006, 9.9963230582e-008, 5.79642609466e-008, 1.71603051768e-008, 5.36751887381e-009, 1.10550564258e-008, 1.41805137077e-010, 8.65780169779e-010, 1.98502614346e-009, 1.04844055659e-009, 2.39757569354e-009, 7.75605635273e-010, 1.63837547973e-008, 2.23629257334e-008, 1.94395166631e-008, 2.62429473707e-008, 8.0382427825e-008, 9.59856123472e-008, 9.13141673387e-010]
    },
    "erbbands": {
        "mean": [5.64790630341, 32.8928565979, 20.8083515167, 14.1970405579, 17.470539093, 9.86885452271, 14.6572685242, 11.9440631866, 18.8197612762, 12.0982465744, 35.4858093262, 24.5246391296, 5.70090246201, 2.88795542717, 4.60865831375, 3.05324673653, 2.06287097931, 2.96061873436, 0.713791072369, 0.27707901597, 0.695586979389, 0.633228480816, 0.656436681747, 0.535761892796, 0.680028796196, 0.400604963303, 1.0898617506, 0.460802942514, 0.718823611736, 0.630487859249, 0.702050209045, 0.423686504364, 0.520572781563, 0.393221527338, 0.283858954906, 0.115080520511, 0.0248760357499, 0.00412952294573, 0.000204045310966, 0.000213105362491],
        "var": [151.996261597, 2524.35229492, 1095.36071777, 470.006866455, 911.047363281, 132.587371826, 424.40802002, 267.768096924, 1156.76916504, 301.79397583, 3696.06640625, 1627.45178223, 155.115509033, 49.0152778625, 111.76525116, 37.1682052612, 13.0848150253, 29.1561698914, 1.62035822868, 0.772310912609, 3.11845088005, 5.60757780075, 4.10835552216, 2.55221796036, 6.38685846329, 2.11869764328, 22.9951553345, 14.205365181, 14.136431694, 39.714138031, 16.1643981934, 5.48278141022, 14.3143968582, 7.01911401749, 5.44291162491, 3.14569878578, 0.218375429511, 0.00692848069593, 7.27749693397e-006, 1.17550733592e-007]
    },
    "gfcc": {
        "mean": [-82.3072280884, 152.582061768, -43.9431991577, 50.5478401184, -65.262588501, 18.0856666565, -18.1219673157, 14.0370693207, -1.41481339931, -3.31849169731, 1.806828022, -14.2000083923, 0.996489048004],
        "cov": [[4834.4296875, -188.096557617, 324.676757813, 117.334342957, 297.660186768, 322.571746826, -5.88943815231, 251.715194702, -196.518203735, 111.247619629, -171.118774414, 81.987991333, -152.021255493], [-188.096557617, 1518.61828613, -80.6630020142, -153.512878418, 458.335662842, -106.038825989, 370.822509766, -299.051513672, 306.455657959, -272.591064453, 292.547332764, -190.865753174, 91.0915908813], [324.676757813, -80.6630020142, 1368.88830566, 328.756774902, -50.4455909729, -224.866439819, 59.0068016052, 61.9645729065, 105.404884338, 90.3278198242, -183.839904785, 45.3325080872, 98.8625793457], [117.334342957, -153.512878418, 328.756774902, 375.412994385, -91.9750518799, -71.8684158325, -56.9961280823, 33.4522209167, 20.9906520844, -8.57683181763, -68.1327972412, -23.4259624481, 59.1190643311], [297.660186768, 458.335662842, -50.4455909729, -91.9750518799, 655.417236328, 127.735778809, 219.412628174, -123.832771301, 75.7462387085, -55.6823730469, 164.698944092, -5.63843870163, -91.1574401855], [322.571746826, -106.038825989, -224.866439819, -71.8684158325, 127.735778809, 250.422714233, 2.65611672401, 15.0351915359, -57.6069831848, 13.5484733582, 37.4043426514, 2.04758810997, -58.4717712402], [-5.88943815231, 370.822509766, 59.0068016052, -56.9961280823, 219.412628174, 2.65611672401, 197.303787231, -39.9268875122, 85.2241821289, -72.0430755615, 80.0889511108, -18.7074241638, 5.65495634079], [251.715194702, -299.051513672, 61.9645729065, 33.4522209167, -123.832771301, 15.0351915359, -39.9268875122, 170.794265747, -50.2060699463, 37.6048965454, -80.8690185547, 48.9932289124, -10.0598106384], [-196.518203735, 306.455657959, 105.404884338, 20.9906520844, 75.7462387085, -57.6069831848, 85.2241821289, -50.2060699463, 154.690582275, -34.1223564148, 49.1419792175, -61.8703536987, 44.4740715027], [111.247619629, -272.591064453, 90.3278198242, -8.57683181763, -55.6823730469, 13.5484733582, -72.0430755615, 37.6048965454, -34.1223564148, 144.295471191, -30.2056427002, 32.1281967163, -37.1685256958], [-171.118774414, 292.547332764, -183.839904785, -68.1327972412, 164.698944092, 37.4043426514, 80.0889511108, -80.8690185547, 49.1419792175, -30.2056427002, 187.147033691, -5.8595700264, -15.5651216507], [81.987991333, -190.865753174, 45.3325080872, -23.4259624481, -5.63843870163, 2.04758810997, -18.7074241638, 48.9932289124, -61.8703536987, 32.1281967163, -5.8595700264, 124.195556641, -26.6716899872], [-152.021255493, 91.0915908813, 98.8625793457, 59.1190643311, -91.1574401855, -58.4717712402, 5.65495634079, -10.0598106384, 44.4740715027, -37.1685256958, -15.5651216507, -26.6716899872, 102.604850769]],
        "icov": [[0.000398773583584, -0.000869402370881, -1.09484681161e-005, -0.000481741008116, -0.000196556022274, -0.000699991011061, 0.000416902010329, -0.000965281913523, 0.000834638718516, -0.000966419291217, 0.000886288995389, -0.000476959045045, 0.000258254207438], [-0.000869402370881, 0.00673668924719, -0.000697489129379, 0.00322890980169, -0.000347811961547, 0.00338932871819, -0.00310680945404, 0.00440788082778, -0.00398289179429, 0.00723413610831, -0.00571900838986, 0.0050792968832, -0.001431689132], [-1.09484681161e-005, -0.000697489129379, 0.00204555783421, -0.001816857839, -6.94395421306e-005, 0.000473191728815, -0.00190991989803, 0.000278806517599, -0.000581949192565, -0.00311942677945, 0.00283398828469, -0.00212237401865, -0.000980092794634], [-0.000481741008116, 0.00322890980169, -0.001816857839, 0.00623207213357, -0.000829493277706, 0.00193070841487, 0.00223591481335, 0.00054990244098, -0.0018185141962, 0.00580232962966, -0.0039788512513, 0.00419915793464, -0.00174848386087], [-0.000196556022274, -0.000347811961547, -6.94395421306e-005, -0.000829493277706, 0.00472005829215, -0.00197075027972, -0.00391863426194, 0.0028101359494, -0.00114927394316, -9.89755644696e-005, -0.000299690029351, -0.00166680291295, 0.00410782871768], [-0.000699991011061, 0.00338932871819, 0.000473191728815, 0.00193070841487, -0.00197075027972, 0.00857552234083, -0.00115834211465, 0.000436147092842, 0.000645707419608, 0.00257179536857, -0.00377159263007, 0.00452363491058, -0.00111631955951], [0.000416902010329, -0.00310680945404, -0.00190991989803, 0.00223591481335, -0.00391863426194, -0.00115834211465, 0.0178503878415, -0.00610265135765, -0.00168447592296, 0.00369434803724, -0.00142436171882, -0.000893341668416, -0.000175716573722], [-0.000965281913523, 0.00440788082778, 0.000278806517599, 0.00054990244098, 0.0028101359494, 0.000436147092842, -0.00610265135765, 0.0142630618066, -0.00377141335048, 0.00296952505596, 0.000419605028583, -0.00143483711872, 0.00095208134735], [0.000834638718516, -0.00398289179429, -0.000581949192565, -0.0018185141962, -0.00114927394316, 0.000645707419608, -0.00168447592296, -0.00377141335048, 0.0178947802633, -0.00582829117775, -6.35800388409e-005, 0.00406431034207, -0.00336983101442], [-0.000966419291217, 0.00723413610831, -0.00311942677945, 0.00580232962966, -9.89755644696e-005, 0.00257179536857, 0.00369434803724, 0.00296952505596, -0.00582829117775, 0.0209861062467, -0.00849229563028, 0.00534603605047, 0.00350326811895], [0.000886288995389, -0.00571900838986, 0.00283398828469, -0.0039788512513, -0.000299690029351, -0.00377159263007, -0.00142436171882, 0.000419605028583, -6.35800388409e-005, -0.00849229563028, 0.0167040433735, -0.0083274776116, 0.000976934097707], [-0.000476959045045, 0.0050792968832, -0.00212237401865, 0.00419915793464, -0.00166680291295, 0.00452363491058, -0.000893341668416, -0.00143483711872, 0.00406431034207, 0.00534603605047, -0.0083274776116, 0.0180592108518, -0.000978859025054], [0.000258254207438, -0.001431689132, -0.000980092794634, -0.00174848386087, 0.00410782871768, -0.00111631955951, -0.000175716573722, 0.00095208134735, -0.00336983101442, 0.00350326811895, 0.000976934097707, -0.000978859025054, 0.0190914496779]]
    },
    "melbands": {
        "mean": [0.0487582944334, 0.0223788395524, 0.00258387625217, 0.00101586326491, 0.000464136799565, 0.000296789745335, 0.000266501767328, 0.000153391592903, 0.000318035832606, 0.000128860236146, 2.35940169659e-005, 1.03313514046e-005, 1.32957993628e-005, 1.09280972538e-005, 5.25629457115e-006, 3.60985495718e-006, 6.11121322436e-006, 1.30799708131e-006, 2.47638354267e-007, 5.91533819261e-007, 8.0814663761e-007, 6.23139612799e-007, 7.21492824596e-007, 4.7880035936e-007, 3.99380553517e-007, 5.95377514401e-007, 2.55034819929e-007, 2.42157568664e-007, 7.54009874981e-007, 4.93482446018e-007, 1.9568250309e-007, 3.44516166706e-007, 5.78662366024e-007, 2.28498606702e-007, 4.11038683978e-007, 3.59811764383e-007, 2.22129102667e-007, 3.91704134017e-007, 2.78648769836e-007, 3.69186608395e-007],
        "var": [0.00862754322588, 0.000950758054387, 1.50000360009e-005, 2.30641921917e-006, 3.75319814339e-007, 1.67811151641e-007, 2.46148772476e-007, 6.96143374057e-008, 2.88369790269e-007, 4.73179788685e-008, 3.87168963556e-009, 7.39251715398e-010, 9.20082898759e-010, 3.53422319188e-010, 9.62991353326e-011, 4.64989678706e-011, 1.43134767927e-010, 6.84501760828e-012, 7.38529680119e-013, 3.2743961622e-012, 4.31123019229e-012, 6.10303951473e-012, 5.72223778778e-012, 2.28138515024e-012, 1.5578678755e-012, 5.81782582179e-012, 8.28126900821e-013, 9.66893232146e-013, 6.82684724723e-012, 1.72026802525e-011, 1.96773326799e-012, 2.14589695839e-012, 1.84595186359e-011, 9.07736386058e-012, 5.69601484035e-012, 4.31491084182e-012, 1.29453891183e-012, 7.63719556346e-012, 4.56931801424e-012, 5.76456634163e-012]
    },
    "mfcc": {
        "mean": [-745.055541992, 168.619537354, 78.6366729736, 41.8815765381, 5.85602045059, 5.72562646866, 5.53221654892, 12.1120080948, 7.28624677658, 10.4173612595, 9.80451011658, 13.1643095016, 1.93859624863],
        "cov": [[2651.79760742, -186.945068359, -284.133209229, -130.697845459, 301.947906494, 138.953048706, 305.019317627, 159.412399292, 35.9065093994, 3.29322719574, 112.011299133, -28.8115539551, -27.4632129669], [-186.945068359, 1512.31115723, -245.931686401, 60.3180427551, 140.843170166, 213.762466431, 120.649551392, 130.046829224, -50.1263160706, 77.8369903564, 67.7724990845, 59.506526947, 70.1705093384], [-284.133209229, -245.931686401, 1227.03540039, 462.916442871, -85.0531234741, -118.670097351, -221.58392334, -116.740058899, 238.86831665, 67.7463226318, -138.448852539, -51.7473564148, 5.98572540283], [-130.697845459, 60.3180427551, 462.916442871, 426.19543457, 43.9333305359, -6.89823913574, -82.0301208496, -17.69272995, 99.9293289185, 42.1688995361, -65.482131958, -15.2117261887, 23.2515354156], [301.947906494, 140.843170166, -85.0531234741, 43.9333305359, 198.847717285, 131.074432373, 90.576675415, 57.2875785828, -8.07120990753, 12.3102836609, 54.110294342, 27.4891223907, -0.00462614232674], [138.953048706, 213.762466431, -118.670097351, -6.89823913574, 131.074432373, 178.781265259, 87.8982772827, 43.3552322388, -22.9949569702, 14.8486289978, 48.8993530273, 20.9709186554, -12.9182062149], [305.019317627, 120.649551392, -221.58392334, -82.0301208496, 90.576675415, 87.8982772827, 165.554626465, 84.314994812, -43.2784309387, -20.9028759003, 49.4364624023, 35.2190971375, 36.1100959778], [159.412399292, 130.046829224, -116.740058899, -17.69272995, 57.2875785828, 43.3552322388, 84.314994812, 130.133239746, 10.2678518295, -21.5500049591, 10.814081192, 18.5583076477, 28.0233688354], [35.9065093994, -50.1263160706, 238.86831665, 99.9293289185, -8.07120990753, -22.9949569702, -43.2784309387, 10.2678518295, 116.301940918, 49.5069313049, -33.0453605652, -37.1004524231, -27.5921592712], [3.29322719574, 77.8369903564, 67.7463226318, 42.1688995361, 12.3102836609, 14.8486289978, -20.9028759003, -21.5500049591, 49.5069313049, 112.86138916, 31.0821304321, -28.5325031281, -50.5303077698], [112.011299133, 67.7724990845, -138.448852539, -65.482131958, 54.110294342, 48.8993530273, 49.4364624023, 10.814081192, -33.0453605652, 31.0821304321, 107.246841431, 30.5694885254, -22.2119731903], [-28.8115539551, 59.506526947, -51.7473564148, -15.2117261887, 27.4891223907, 20.9709186554, 35.2190971375, 18.5583076477, -37.1004524231, -28.5325031281, 30.5694885254, 106.954971313, 85.9480133057], [-27.4632129669, 70.1705093384, 5.98572540283, 23.2515354156, -0.00462614232674, -12.9182062149, 36.1100959778, 28.0233688354, -27.5921592712, -50.5303077698, -22.2119731903, 85.9480133057, 181.816757202]],
        "icov": [[0.000635584350675, 0.000127995663206, 2.74858193734e-005, 0.000193990257685, -0.00101215927862, 0.000517229607794, -0.00116067437921, 0.000236494306591, -0.00079970236402, 0.000209145742701, -0.000322790612699, 0.000631619361229, -0.000149564293679], [0.000127995663206, 0.0010629290482, 6.52191884001e-005, -0.000293825461995, 0.000260062428424, -0.00115131027997, 0.000234921710216, -0.00132883549668, 0.0011231128592, -0.00150281027891, 0.000128436120576, 0.000173006890691, -0.000592415046412], [2.74858193734e-005, 6.52191884001e-005, 0.00267332512885, -0.00181437772699, 0.000629196700174, -0.000262302317424, 0.00022300062119, 0.0025373972021, -0.00499540148303, 0.0014109184267, -0.000162773605553, -0.000566549715586, -0.000449036509963], [0.000193990257685, -0.000293825461995, -0.00181437772699, 0.00545185711235, -0.00352865061723, 0.000750470266212, 0.00153576803859, -0.000838714826386, 0.000519273278769, -0.00141740532126, 0.00204038061202, 0.000452599168057, -0.000897090532817], [-0.00101215927862, 0.000260062428424, 0.000629196700174, -0.00352865061723, 0.014776407741, -0.00818405207247, -0.000930396316107, -0.00161615258548, -0.000187586949323, 0.000571462500375, -0.00321913114749, -0.00165533309337, 0.000549651798792], [0.000517229607794, -0.00115131027997, -0.000262302317424, 0.000750470266212, -0.00818405207247, 0.0145247261971, -0.0047628399916, 0.00161833548918, 0.000374722410925, -0.000435070804087, 0.00101803522557, -0.00122753833421, 0.00280401227064], [-0.00116067437921, 0.000234921710216, 0.00022300062119, 0.00153576803859, -0.000930396316107, -0.0047628399916, 0.0185251608491, -0.00813853368163, 0.00460408907384, -0.000956662814133, -0.00223388057202, 0.00131873600185, -0.00369645468891], [0.000236494306591, -0.00132883549668, 0.0025373972021, -0.000838714826386, -0.00161615258548, 0.00161833548918, -0.00813853368163, 0.0188862998039, -0.0134068382904, 0.00757440505549, -0.000909655005671, -0.000704493722878, -0.00031495874282], [-0.00079970236402, 0.0011231128592, -0.00499540148303, 0.000519273278769, -0.000187586949323, 0.000374722410925, 0.00460408907384, -0.0134068382904, 0.0307107139379, -0.0138852447271, 0.00663804030046, 0.00125250779092, 0.00174290093128], [0.000209145742701, -0.00150281027891, 0.0014109184267, -0.00141740532126, 0.000571462500375, -0.000435070804087, -0.000956662814133, 0.00757440505549, -0.0138852447271, 0.0207648109645, -0.00985499378294, 0.00336411059834, 0.000607569469139], [-0.000322790612699, 0.000128436120576, -0.000162773605553, 0.00204038061202, -0.00321913114749, 0.00101803522557, -0.00223388057202, -0.000909655005671, 0.00663804030046, -0.00985499378294, 0.0217239353806, -0.00958734750748, 0.00575676048175], [0.000631619361229, 0.000173006890691, -0.000566549715586, 0.000452599168057, -0.00165533309337, -0.00122753833421, 0.00131873600185, -0.000704493722878, 0.00125250779092, 0.00336411059834, -0.00958734750748, 0.0223810747266, -0.0108773391694], [-0.000149564293679, -0.000592415046412, -0.000449036509963, -0.000897090532817, 0.000549651798792, 0.00280401227064, -0.00369645468891, -0.00031495874282, 0.00174290093128, 0.000607569469139, 0.00575676048175, -0.0108773391694, 0.0130960745737]]
    },
    "spectral_contrast_coeffs": {
        "mean": [-0.669561445713, -0.666709542274, -0.722885131836, -0.768171131611, -0.805037438869, -0.772808432579],
        "var": [0.00428759679198, 0.00637120287865, 0.00516062602401, 0.00321253715083, 0.00084919744404, 0.000845758419018]
    },
    "spectral_contrast_valleys": {
        "mean": [-6.32011985779, -7.10596895218, -8.75840473175, -9.85947227478, -9.3748998642, -11.5100374222],
        "var": [1.64882159233, 1.09486198425, 1.2937785387, 1.24364960194, 1.02406430244, 1.17688322067]
    }
},
"metadata": {
    "audio_properties": {
        "analysis_sample_rate": 44100,
        "bit_rate": 99449,
        "equal_loudness": 0,
        "length": 45.0612258911,
        "lossless": 0,
        "replay_gain": -0.591590881348,
        "sample_rate": 44100,
        "codec": "mp3",
        "downmix": "mix",
        "md5_encoded": "4f1499837999228e170aa584cbdd6de0"
    },
    "tags": {
        "file_name": "711.mp3"
    },
    "version": {
        "essentia": "2.1-beta2",
        "essentia_git_sha": "v2.1_beta2",
        "extractor": "music 1.0"
    }
},
"rhythm": {
    "beats_count": 89,
    "beats_loudness": {
        "mean": 0.452832847834,
        "var": 0.264059633017
    },
    "bpm": 120.061569214,
    "bpm_histogram_first_peak_bpm": {
        "mean": 120,
        "var": 0
    },
    "bpm_histogram_first_peak_spread": {
        "mean": 0.195121958852,
        "var": 0
    },
    "bpm_histogram_first_peak_weight": {
        "mean": 0.75,
        "var": 0
    },
    "bpm_histogram_second_peak_bpm": {
        "mean": 126,
        "var": 0
    },
    "bpm_histogram_second_peak_spread": {
        "mean": 0,
        "var": 0
    },
    "bpm_histogram_second_peak_weight": {
        "mean": 0.0340909101069,
        "var": 0
    },
    "danceability": 1.19516122341,
    "onset_rate": 2.35129499435,
    "beats_loudness_band_ratio": {
        "mean": [0.875735580921, 0.0547297075391, 0.0740106105804, 0.00559210963547, 0.000854779675137, 0.00653667794541],
        "var": [0.0445361249149, 0.00575472135097, 0.0212526898831, 0.00033413968049, 6.60311934553e-006, 0.000454825581983]
    },
    "beats_position": [0.452789098024, 0.9287981987, 1.40480720997, 1.88081634045, 2.36843538284, 2.86766433716, 3.36689329147, 3.86612248421, 4.3653512001, 4.86458063126, 5.36380958557, 5.86303853989, 6.3622674942, 6.86149644852, 7.36072540283, 7.85995435715, 8.35918331146, 8.85841274261, 9.35764122009, 9.86848068237, 10.3677091599, 10.8553285599, 11.354557991, 11.8537864685, 12.3530158997, 12.8638544083, 13.3514738083, 13.8623123169, 14.361541748, 14.8607711792, 15.3716096878, 15.870839119, 16.3700675964, 16.8692970276, 17.3685264587, 17.8561439514, 18.3669834137, 18.8662128448, 19.365442276, 19.8646717072, 20.363899231, 20.851518631, 21.3507480621, 21.8499774933, 22.3608150482, 22.8600444794, 23.3592739105, 23.8585033417, 24.3577327728, 24.8569602966, 25.3677997589, 25.8670291901, 26.3662586212, 26.865486145, 27.3647155762, 27.8639450073, 28.3631744385, 28.8624038696, 29.3616313934, 29.8608608246, 30.3717002869, 30.870929718, 31.3701572418, 31.869386673, 32.3686180115, 32.8678436279, 33.3670730591, 33.8663024902, 34.3655319214, 34.8647613525, 35.3639907837, 35.8632202148, 36.362449646, 36.8616790771, 37.3609046936, 37.8717460632, 38.3709754944, 38.8702049255, 39.3578224182, 39.8570518494, 40.3562812805, 40.8671188354, 41.3663482666, 41.8655776978, 42.3648071289, 42.8640365601, 43.3864860535, 43.9205436707, 44.4546012878]
},
"tonal": {
    "chords_changes_rate": 0.0267489720136,
    "chords_number_rate": 0.0113168722019,
    "chords_strength": {
        "mean": 0.542192518711,
        "var": 0.018356282264
    },
    "hpcp_entropy": {
        "mean": 1.66948521137,
        "var": 0.246107518673
    },
    "key_strength": 0.454984158278,
    "tuning_diatonic_strength": 0.226863950491,
    "tuning_equal_tempered_deviation": 0.109748758376,
    "tuning_frequency": 437.213165283,
    "tuning_nontempered_energy_ratio": 0.798435926437,
    "hpcp": {
        "mean": [0.182132437825, 0.157956123352, 0.107107721269, 0.108161620796, 0.0738746747375, 0.0319276377559, 0.0199537016451, 0.0389238186181, 0.131068125367, 0.228506356478, 0.161167040467, 0.0528705455363, 0.0473587624729, 0.0569583885372, 0.0804882645607, 0.162252172828, 0.18808798492, 0.133569344878, 0.128951773047, 0.0999979227781, 0.0445275381207, 0.0476663224399, 0.0477091483772, 0.0398574545979, 0.0404683761299, 0.0263655222952, 0.0101160528138, 0.00745705235749, 0.00649781199172, 0.0180027186871, 0.0477365665138, 0.0440915711224, 0.0247553251684, 0.0403406508267, 0.0466531850398, 0.093749076128],
        "var": [0.119540058076, 0.0796902030706, 0.0626823231578, 0.0725567191839, 0.0482383407652, 0.0172351375222, 0.0126770986244, 0.0205226391554, 0.0704023167491, 0.141547590494, 0.089391708374, 0.0222863536328, 0.0227347277105, 0.0303596444428, 0.0357843227684, 0.100578293204, 0.116210848093, 0.069850191474, 0.0828626379371, 0.06398037076, 0.0173597130924, 0.0230625867844, 0.023694165051, 0.0217567216605, 0.0222508776933, 0.0109454495832, 0.00184675271157, 0.00164494616911, 0.00153441121802, 0.00253597763367, 0.0135867409408, 0.0148065993562, 0.0102566601709, 0.0303640384227, 0.0314167030156, 0.043759021908]
    },
    "chords_histogram": [0, 0.617283940315, 7.09876537323, 0, 0, 0, 0, 3.49794244766, 11.4197530746, 0.720164597034, 2.16049385071, 0, 19.7530860901, 0, 0.205761313438, 13.7860078812, 0, 5.65843629837, 2.57201647758, 27.1604938507, 2.98353910446, 0, 2.36625504494, 0],
    "thpcp": [1, 0.705306589603, 0.231374502182, 0.207253590226, 0.249263912439, 0.352236449718, 0.710055410862, 0.823119282722, 0.584532320499, 0.564324676991, 0.437615483999, 0.194863453507, 0.208599552512, 0.208786964417, 0.174426019192, 0.177099570632, 0.115382008255, 0.0442703329027, 0.0326338931918, 0.028436023742, 0.0787843242288, 0.208906948566, 0.192955553532, 0.108335390687, 0.176540613174, 0.204165801406, 0.410269021988, 0.797056317329, 0.691254854202, 0.468729734421, 0.473341852427, 0.323293745518, 0.139723196626, 0.0873223021626, 0.170340195298, 0.573586344719],
    "chords_key": "A",
    "chords_scale": "minor",
    "key_key": "D",
    "key_scale": "major"
}
}