{
"lowlevel": {
    "average_loudness": 0.869941651821,
    "barkbands_crest": {
        "mean": 12.0293550491,
        "var": 19.391954422
    },
    "barkbands_flatness_db": {
        "mean": 0.25981849432,
        "var": 0.00701863085851
    },
    "barkbands_kurtosis": {
        "mean": 12.3678350449,
        "var": 306.395721436
    },
    "barkbands_skewness": {
        "mean": 2.09553146362,
        "var": 2.28994822502
    },
    "barkbands_spread": {
        "mean": 7.33000564575,
        "var": 77.7236633301
    },
    "dissonance": {
        "mean": 0.425657361746,
        "var": 0.00265824957751
    },
    "dynamic_complexity": 5.87881851196,
    "erbbands_crest": {
        "mean": 11.1804332733,
        "var": 24.5923213959
    },
    "erbbands_flatness_db": {
        "mean": 0.221740141511,
        "var": 0.0057599041611
    },
    "erbbands_kurtosis": {
        "mean": 3.07392859459,
        "var": 14.2513237
    },
    "erbbands_skewness": {
        "mean": 1.21867966652,
        "var": 0.785530686378
    },
    "erbbands_spread": {
        "mean": 22.1951618195,
        "var": 201.15927124
    },
    "hfc": {
        "mean": 8.31980705261,
        "var": 100.439994812
    },
    "melbands_crest": {
        "mean": 13.7498369217,
        "var": 18.0371570587
    },
    "melbands_flatness_db": {
        "mean": 0.356533050537,
        "var": 0.0104480078444
    },
    "melbands_kurtosis": {
        "mean": 17.4606571198,
        "var": 396.405761719
    },
    "melbands_skewness": {
        "mean": 2.44096255302,
        "var": 1.93443453312
    },
    "melbands_spread": {
        "mean": 8.80303192139,
        "var": 277.26361084
    },
    "pitch_salience": {
        "mean": 0.546154081821,
        "var": 0.0148433670402
    },
    "silence_rate_20dB": {
        "mean": 1,
        "var": 0
    },
    "silence_rate_30dB": {
        "mean": 0.970149278641,
        "var": 0.0289605911821
    },
    "silence_rate_60dB": {
        "mean": 0.160576432943,
        "var": 0.134793609381
    },
    "spectral_centroid": {
        "mean": 530.692626953,
        "var": 463985.84375
    },
    "spectral_complexity": {
        "mean": 8.89192008972,
        "var": 26.2014198303
    },
    "spectral_decrease": {
        "mean": -7.5236679109e-009,
        "var": 7.78243151677e-017
    },
    "spectral_energy": {
        "mean": 0.0291506554931,
        "var": 0.00116272456944
    },
    "spectral_energyband_high": {
        "mean": 0.000115612478112,
        "var": 1.30119715891e-007
    },
    "spectral_energyband_low": {
        "mean": 0.012277873233,
        "var": 0.000329694332322
    },
    "spectral_energyband_middle_high": {
        "mean": 0.00106310367119,
        "var": 3.13080408887e-006
    },
    "spectral_energyband_middle_low": {
        "mean": 0.0173009261489,
        "var": 0.000504833064042
    },
    "spectral_entropy": {
        "mean": 6.46379375458,
        "var": 0.533906579018
    },
    "spectral_flux": {
        "mean": 0.0670046657324,
        "var": 0.00367625220679
    },
    "spectral_kurtosis": {
        "mean": 23.5141849518,
        "var": 601.700927734
    },
    "spectral_rms": {
        "mean": 0.00454146275297,
        "var": 7.8148132161e-006
    },
    "spectral_rolloff": {
        "mean": 631.852600098,
        "var": 1884313.5
    },
    "spectral_skewness": {
        "mean": 3.36797428131,
        "var": 2.58755946159
    },
    "spectral_spread": {
        "mean": 3163722,
        "var": 5.89226678682e+012
    },
    "spectral_strongpeak": {
        "mean": 0.628556191921,
        "var": 0.449659883976
    },
    "zerocrossingrate": {
        "mean": 0.0270457044244,
        "var": 0.00161515141372
    },
    "barkbands": {
        "mean": [9.8015734693e-005, 0.00800791755319, 0.00259845284745, 0.00377054745331, 0.00722743850201, 0.00303263403475, 0.00134465750307, 0.00109567434993, 0.00075786060188, 0.000195285858354, 0.000415154121583, 0.000115796312457, 0.00011860113591, 8.8411696197e-005, 5.23771705048e-005, 2.77970284515e-005, 3.29605863953e-005, 2.2091118808e-005, 2.13102903217e-005, 2.16452863242e-005, 1.87381410797e-005, 1.35749105539e-005, 1.55343404913e-005, 1.69564063981e-005, 2.10263806366e-005, 1.790708302e-005, 2.30990144701e-006],
        "var": [8.76006964745e-008, 0.000163380202139, 2.45822811848e-005, 7.84374933573e-005, 0.000173880282091, 1.77525180334e-005, 5.10037625645e-006, 4.11173277826e-006, 1.15347074825e-005, 2.2254347698e-007, 1.11511167233e-006, 5.02550427939e-008, 4.37540705889e-008, 5.03155916931e-008, 1.75164558414e-008, 2.62572141807e-009, 5.23533394414e-009, 2.69473288128e-009, 2.6954936061e-009, 3.65181351825e-009, 3.34544059122e-009, 1.43835732214e-009, 2.61005639324e-009, 3.01976221806e-009, 5.92302162872e-009, 4.65737670652e-009, 3.05766328923e-010]
    },
    "erbbands": {
        "mean": [0.144508555532, 2.04899072647, 3.49440526962, 8.10279369354, 18.7810974121, 27.1707992554, 21.5436878204, 23.6394309998, 17.4017658234, 30.579164505, 19.4896430969, 19.7984752655, 7.73442411423, 8.54281425476, 14.2186717987, 5.55303096771, 6.10193777084, 4.72628211975, 2.67741894722, 2.65575671196, 2.02494311333, 1.60485696793, 1.28850638866, 1.15827965736, 1.15194427967, 0.955095112324, 0.8398630023, 0.632898211479, 0.486381590366, 0.443292200565, 0.453836768866, 0.345547139645, 0.287349641323, 0.242680162191, 0.146757930517, 0.0815130993724, 0.0294771380723, 0.00783853232861, 0.0002653413394, 3.77312899218e-005],
        "var": [0.0500487610698, 11.1952161789, 32.3212928772, 311.955749512, 1149.61193848, 3705.22412109, 1174.5904541, 1148.7454834, 812.372924805, 3109.08349609, 1672.61206055, 8380.63476563, 353.837890625, 245.292892456, 1112.9005127, 86.8511199951, 108.787902832, 174.327713013, 20.9256649017, 76.6756591797, 14.2642784119, 10.1231555939, 8.0190820694, 10.5977745056, 6.23152303696, 7.40203094482, 6.2049574852, 4.0439748764, 1.83289110661, 1.65287363529, 2.5131342411, 1.40148258209, 0.843353271484, 0.813977658749, 0.290020078421, 0.0799953490496, 0.0165499392897, 0.00171242037322, 2.76018386103e-006, 2.83231105236e-009]
    },
    "gfcc": {
        "mean": [-130.472976685, 164.388305664, -82.4778137207, 18.488079071, -47.0206947327, 3.71183919907, -31.2961139679, -1.56115198135, -20.6733150482, -2.99675679207, -4.53062725067, -4.49870872498, -4.40409231186],
        "cov": [[21958.8085938, -1002.72747803, -1002.84338379, -268.452911377, -1001.94775391, -120.781684875, -501.841430664, 101.280395508, -471.661193848, 403.720550537, -350.074401855, 211.456161499, -235.828964233], [-1002.72747803, 3684.51977539, -360.031433105, -570.546203613, 615.338378906, -553.042907715, 283.964019775, -536.584960938, 348.370483398, -440.870666504, 518.930175781, -401.44442749, 358.744934082], [-1002.84338379, -360.031433105, 1291.44091797, 198.32383728, -62.7921028137, 267.660797119, -32.1690216064, 68.0662078857, -91.0295639038, 116.621643066, -133.31539917, 118.832435608, -69.9004440308], [-268.452911377, -570.546203613, 198.32383728, 465.654815674, -24.9577713013, 129.468093872, -16.164894104, 66.2636871338, -41.506855011, 80.0738296509, -39.3650283813, 39.6096916199, -36.1571044922], [-1001.94775391, 615.338378906, -62.7921028137, -24.9577713013, 430.377716064, -71.392791748, 92.8659515381, -87.6879730225, 59.1743049622, -79.2642822266, 113.615684509, -65.6090698242, 35.7593383789], [-120.781684875, -553.042907715, 267.660797119, 129.468093872, -71.392791748, 239.374908447, -8.24103736877, 114.235443115, -40.9901580811, 97.4127197266, -86.8377075195, 75.0765533447, -51.9573326111], [-501.841430664, 283.964019775, -32.1690216064, -16.164894104, 92.8659515381, -8.24103736877, 131.879241943, 4.83975028992, 71.0514602661, -34.7747802734, 45.4213905334, -51.8370323181, 38.8197860718], [101.280395508, -536.584960938, 68.0662078857, 66.2636871338, -87.6879730225, 114.235443115, 4.83975028992, 190.414627075, -3.60011076927, 83.2728271484, -87.5726699829, 52.7408370972, -55.3100128174], [-471.661193848, 348.370483398, -91.0295639038, -41.506855011, 59.1743049622, -40.9901580811, 71.0514602661, -3.60011076927, 133.986984253, -26.2070522308, 73.7458190918, -54.0827827454, 44.6263160706], [403.720550537, -440.870666504, 116.621643066, 80.0738296509, -79.2642822266, 97.4127197266, -34.7747802734, 83.2728271484, -26.2070522308, 155.249343872, -31.252696991, 78.5434265137, -50.3267440796], [-350.074401855, 518.930175781, -133.31539917, -39.3650283813, 113.615684509, -86.8377075195, 45.4213905334, -87.5726699829, 73.7458190918, -31.252696991, 161.129989624, -44.6352653503, 63.6587486267], [211.456161499, -401.44442749, 118.832435608, 39.6096916199, -65.6090698242, 75.0765533447, -51.8370323181, 52.7408370972, -54.0827827454, 78.5434265137, -44.6352653503, 118.494483948, -25.0779438019], [-235.828964233, 358.744934082, -69.9004440308, -36.1571044922, 35.7593383789, -51.9573326111, 38.8197860718, -55.3100128174, 44.6263160706, -50.3267440796, 63.6587486267, -25.0779438019, 99.1517868042]],
        "icov": [[7.52440537326e-005, -0.000166959842318, 0.000141388329212, -5.97365215071e-005, 0.000174649234395, 6.2378567236e-006, 8.64858229761e-005, -7.36112779123e-005, 0.000306097965222, -0.000370013003703, 0.000305048888549, -0.000121666998893, 0.000174098007847], [-0.000166959842318, 0.00240732380189, -0.00108450837433, 0.00153008103371, -0.00119778141379, 0.0010120352963, -0.000626695749816, 0.00180522643495, -0.00174149672966, 0.00157609349117, -0.00303507503122, 0.00307465344667, -0.00278898049146], [0.000141388329212, -0.00108450837433, 0.00166765402537, -0.000811930047348, 0.000539416447282, -0.00145561492536, 4.35541951447e-005, 0.000138726449222, 0.000842038774863, -0.00118559552357, 0.00220636790618, -0.00185677956324, 0.00137585122138], [-5.97365215071e-005, 0.00153008103371, -0.000811930047348, 0.00368490931578, -0.000899182341527, -0.000417073402787, -5.05862408318e-005, 0.000703174504451, -0.000112362555228, -4.9039885198e-005, -0.00232226983644, 0.00296114454977, -0.00212337099947], [0.000174649234395, -0.00119778141379, 0.000539416447282, -0.000899182341527, 0.00429814588279, -0.000388402113458, -0.00195565912873, -7.0159758252e-006, 0.00134504877497, 0.000403971207561, -0.000633209419902, -0.00202994188294, 0.00330239674076], [6.2378567236e-006, 0.0010120352963, -0.00145561492536, -0.000417073402787, -0.000388402113458, 0.00985364709049, -0.0022242104169, -0.00154321128502, -1.39563690027e-005, -0.00184814480599, 0.000756955123506, -0.000444311910542, -0.00104174378794], [8.64858229761e-005, -0.000626695749816, 4.35541951447e-005, -5.05862408318e-005, -0.00195565912873, -0.0022242104169, 0.0150489285588, -0.00414436915889, -0.00297952373512, 0.000167452541064, -9.58625169005e-005, 0.00417372351512, -0.00363537250087], [-7.36112779123e-005, 0.00180522643495, 0.000138726449222, 0.000703174504451, -7.0159758252e-006, -0.00154321128502, -0.00414436915889, 0.0144306011498, -0.00595103902742, -0.00220559281297, 0.00406497064978, -0.000847720948514, 0.00124857923947], [0.000306097965222, -0.00174149672966, 0.000842038774863, -0.000112362555228, 0.00134504877497, -1.39563690027e-005, -0.00297952373512, -0.00595103902742, 0.0175503548235, -0.00285909371451, -0.00361669785343, 0.00311269424856, -0.00130483554676], [-0.000370013003703, 0.00157609349117, -0.00118559552357, -4.9039885198e-005, 0.000403971207561, -0.00184814480599, 0.000167452541064, -0.00220559281297, -0.00285909371451, 0.0171743445098, -0.00767666706815, -0.00512348534539, 0.00379050942138], [0.000305048888549, -0.00303507503122, 0.00220636790618, -0.00232226983644, -0.000633209419902, 0.000756955123506, -9.58625169005e-005, 0.00406497064978, -0.00361669785343, -0.00767666706815, 0.0204725712538, -0.0040248115547, -0.00108510290738], [-0.000121666998893, 0.00307465344667, -0.00185677956324, 0.00296114454977, -0.00202994188294, -0.000444311910542, 0.00417372351512, -0.000847720948514, 0.00311269424856, -0.00512348534539, -0.0040248115547, 0.0227182116359, -0.00892222486436], [0.000174098007847, -0.00278898049146, 0.00137585122138, -0.00212337099947, 0.00330239674076, -0.00104174378794, -0.00363537250087, 0.00124857923947, -0.00130483554676, 0.00379050942138, -0.00108510290738, -0.00892222486436, 0.0221203528345]]
    },
    "melbands": {
        "mean": [0.00184984179214, 0.00228108745068, 0.00174110673834, 0.00171277439222, 0.000877924321685, 0.000552257115487, 0.000265620969003, 0.000319443264743, 0.000157203394338, 0.000108382628241, 3.48371650034e-005, 3.17201047437e-005, 5.99213490204e-005, 1.30561065816e-005, 1.60314066306e-005, 1.12285342766e-005, 8.45254362503e-006, 4.55506460639e-006, 3.48347339241e-006, 2.55831378126e-006, 2.46758440881e-006, 1.75146999482e-006, 1.28897181639e-006, 1.14845761345e-006, 8.97063273442e-007, 7.88626493886e-007, 8.64371656917e-007, 5.7464950487e-007, 5.31544117166e-007, 4.63105749304e-007, 3.24536387097e-007, 2.69456535307e-007, 2.61135454593e-007, 2.39608056063e-007, 2.57696285644e-007, 2.50139123636e-007, 2.02592758569e-007, 2.00672801043e-007, 2.04581041885e-007, 2.06031756989e-007],
        "var": [8.32320529298e-006, 1.24162188513e-005, 1.24624739328e-005, 1.00970974017e-005, 2.13553880712e-006, 6.0067634422e-007, 1.80450939524e-007, 3.22622412341e-007, 1.59483548146e-007, 2.46137972226e-007, 7.98900057219e-009, 3.48017126228e-009, 2.42766962089e-008, 5.37043354232e-010, 9.20198806043e-010, 5.48380452159e-010, 5.24632060017e-010, 7.32328295228e-011, 8.4630809305e-011, 6.1731939005e-011, 2.56744070448e-011, 1.44492941917e-011, 7.09343608157e-012, 8.72736084789e-012, 7.89617243119e-012, 2.9195547889e-012, 4.82082776476e-012, 3.47082627396e-012, 2.53583026973e-012, 2.24635349384e-012, 1.11643951462e-012, 5.61730132895e-013, 5.71263305757e-013, 4.9604623794e-013, 8.17597129322e-013, 8.64299680003e-013, 4.57033120117e-013, 4.18864649996e-013, 4.83994463431e-013, 6.56789238881e-013]
    },
    "mfcc": {
        "mean": [-774.189758301, 186.627090454, 26.6698799133, 23.4413452148, 9.35826587677, 4.57655668259, 3.97480845451, -0.881704866886, -4.91588926315, -2.89106559753, -2.8505218029, 2.08652305603, 2.9627020359],
        "cov": [[13895.9287109, 1179.94628906, -756.737548828, -215.427047729, -523.989929199, -239.926681519, -191.325363159, -328.524749756, -263.46887207, -37.6182975769, -96.1357040405, -33.9146957397, -42.9025382996], [1179.94628906, 3820.14453125, -471.193450928, -197.878646851, 60.7608261108, -166.624893188, -71.8783340454, -183.427841187, -220.523300171, -100.750144958, -84.91746521, -20.8073768616, 62.8463401794], [-756.737548828, -471.193450928, 1101.65869141, 83.3455429077, 20.1105594635, 150.708312988, 23.2750415802, 48.3138465881, 116.502616882, -21.7887153625, 22.902381897, 34.8302650452, 11.0829267502], [-215.427047729, -197.878646851, 83.3455429077, 288.809509277, 87.9702529907, 75.9719085693, 59.782169342, 1.16123425961, -0.194813042879, 5.15827512741, -1.34034478664, 18.8326797485, 15.3799886703], [-523.989929199, 60.7608261108, 20.1105594635, 87.9702529907, 202.616134644, 70.9532241821, 55.5547904968, 22.0936603546, -9.27421665192, -6.19363880157, 5.12825632095, 18.5811195374, 26.491558075], [-239.926681519, -166.624893188, 150.708312988, 75.9719085693, 70.9532241821, 151.472686768, 56.5948219299, 15.06138134, 13.5971984863, 5.56109571457, 4.39640712738, 11.5760631561, 26.8415489197], [-191.325363159, -71.8783340454, 23.2750415802, 59.782169342, 55.5547904968, 56.5948219299, 95.8494949341, 29.0561408997, 18.1054420471, 16.9021224976, 12.1505594254, 11.7338590622, 5.55832433701], [-328.524749756, -183.427841187, 48.3138465881, 1.16123425961, 22.0936603546, 15.06138134, 29.0561408997, 89.6133041382, 61.2858390808, 22.0693778992, 14.8161802292, 5.73150062561, -11.6310138702], [-263.46887207, -220.523300171, 116.502616882, -0.194813042879, -9.27421665192, 13.5971984863, 18.1054420471, 61.2858390808, 116.95198822, 39.5172729492, 21.0784358978, 12.8471975327, -12.1343259811], [-37.6182975769, -100.750144958, -21.7887153625, 5.15827512741, -6.19363880157, 5.56109571457, 16.9021224976, 22.0693778992, 39.5172729492, 80.5783615112, 42.9420700073, 7.2482919693, 3.49629831314], [-96.1357040405, -84.91746521, 22.902381897, -1.34034478664, 5.12825632095, 4.39640712738, 12.1505594254, 14.8161802292, 21.0784358978, 42.9420700073, 72.8227615356, 35.5449295044, 11.2973031998], [-33.9146957397, -20.8073768616, 34.8302650452, 18.8326797485, 18.5811195374, 11.5760631561, 11.7338590622, 5.73150062561, 12.8471975327, 7.2482919693, 35.5449295044, 68.376335144, 28.4428329468], [-42.9025382996, 62.8463401794, 11.0829267502, 15.3799886703, 26.491558075, 26.8415489197, 5.55832433701, -11.6310138702, -12.1343259811, 3.49629831314, 11.2973031998, 28.4428329468, 75.5171966553]],
        "icov": [[9.0207257017e-005, -1.69672566699e-005, 3.84900267818e-005, -5.50729100723e-006, 0.000237586296862, -5.12308033649e-005, -3.9676851884e-006, 0.000183061230928, 0.000101002959127, -0.000107961328467, 0.000138126488309, -0.000164466255228, 8.67006747285e-005], [-1.69672566699e-005, 0.000353525654646, 2.59581356659e-005, 0.000285684189294, -0.000381501333322, 0.00041908575804, -0.000188723293832, 0.000497060769703, 0.000207943550777, 9.63565616985e-006, 0.000326965993736, -6.15195021965e-005, -0.000283296569251], [3.84900267818e-005, 2.59581356659e-005, 0.00136031280272, -0.000240949026193, 0.000363873492461, -0.00146438751835, 0.000608895963524, 0.000318276288453, -0.00168030685745, 0.00170270376839, -0.00100953574292, 6.87120118528e-005, 2.30662390095e-005], [-5.50729100723e-006, 0.000285684189294, -0.000240949026193, 0.00486868061125, -0.00160362396855, -0.000586517737247, -0.00191807094961, 0.00155489717145, 0.000486532284413, -0.0012819058029, 0.00194286426995, -0.00152142043225, 0.000374505005311], [0.000237586296862, -0.000381501333322, 0.000363873492461, -0.00160362396855, 0.00830591097474, -0.0025279847905, -0.00176135275979, -0.00258433399722, 0.00167159119155, 0.00136210792698, -0.000648147717584, -0.000772499130107, -0.000964470498729], [-5.12308033649e-005, 0.00041908575804, -0.00146438751835, -0.000586517737247, -0.0025279847905, 0.0122361257672, -0.00511959660798, 0.000879148603417, 0.000416906230384, -0.000968670763541, 0.00139969144948, 0.00120056350715, -0.00354336085729], [-3.9676851884e-006, -0.000188723293832, 0.000608895963524, -0.00191807094961, -0.00176135275979, -0.00511959660798, 0.0170796532184, -0.00412713224068, 4.42019263573e-005, -0.00185374042485, -0.000580618681852, -0.00128304178361, 0.00166391464882], [0.000183061230928, 0.000497060769703, 0.000318276288453, 0.00155489717145, -0.00258433399722, 0.000879148603417, -0.00412713224068, 0.0213367585093, -0.00971585419029, 0.000537742569577, -0.000839672982693, 0.000565434922464, 0.00183766102418], [0.000101002959127, 0.000207943550777, -0.00168030685745, 0.000486532284413, 0.00167159119155, 0.000416906230384, 4.42019263573e-005, -0.00971585419029, 0.0189458560199, -0.00871304981411, 0.004354682751, -0.0047781644389, 0.00239345780574], [-0.000107961328467, 9.63565616985e-006, 0.00170270376839, -0.0012819058029, 0.00136210792698, -0.000968670763541, -0.00185374042485, 0.000537742569577, -0.00871304981411, 0.026066057384, -0.0170722585171, 0.00861034821719, -0.00326828984544], [0.000138126488309, 0.000326965993736, -0.00100953574292, 0.00194286426995, -0.000648147717584, 0.00139969144948, -0.000580618681852, -0.000839672982693, 0.004354682751, -0.0170722585171, 0.0310471840203, -0.0157088171691, 0.00196420168504], [-0.000164466255228, -6.15195021965e-005, 6.87120118528e-005, -0.00152142043225, -0.000772499130107, 0.00120056350715, -0.00128304178361, 0.000565434922464, -0.0047781644389, 0.00861034821719, -0.0157088171691, 0.0268330778927, -0.00863948371261], [8.67006747285e-005, -0.000283296569251, 2.30662390095e-005, 0.000374505005311, -0.000964470498729, -0.00354336085729, 0.00166391464882, 0.00183766102418, 0.00239345780574, -0.00326828984544, 0.00196420168504, -0.00863948371261, 0.0187017582357]]
    },
    "spectral_contrast_coeffs": {
        "mean": [-0.646432459354, -0.704075038433, -0.770762860775, -0.788490951061, -0.814355432987, -0.800706386566],
        "var": [0.00938293989748, 0.00793268531561, 0.00586764421314, 0.00390428258106, 0.00228366092779, 0.00164291169494]
    },
    "spectral_contrast_valleys": {
        "mean": [-7.22875928879, -7.22527122498, -8.35228919983, -9.24387836456, -9.51544952393, -12.2939996719],
        "var": [2.60071396828, 2.70535159111, 2.37624073029, 2.40010166168, 2.59478354454, 2.87173819542]
    }
},
"metadata": {
    "audio_properties": {
        "analysis_sample_rate": 44100,
        "bit_rate": 103885,
        "equal_loudness": 0,
        "length": 45.0873451233,
        "lossless": 0,
        "replay_gain": -3.98559379578,
        "sample_rate": 44100,
        "codec": "mp3",
        "downmix": "mix",
        "md5_encoded": "ef4119d28eb4c1df552645b643cb1add"
    },
    "tags": {
        "file_name": "712.mp3"
    },
    "version": {
        "essentia": "2.1-beta2",
        "essentia_git_sha": "v2.1_beta2",
        "extractor": "music 1.0"
    }
},
"rhythm": {
    "beats_count": 90,
    "beats_loudness": {
        "mean": 0.0477120988071,
        "var": 0.00186716148164
    },
    "bpm": 120.040306091,
    "bpm_histogram_first_peak_bpm": {
        "mean": 120,
        "var": 0
    },
    "bpm_histogram_first_peak_spread": {
        "mean": 0.24137930572,
        "var": 0
    },
    "bpm_histogram_first_peak_weight": {
        "mean": 0.741573035717,
        "var": 0
    },
    "bpm_histogram_second_peak_bpm": {
        "mean": 129,
        "var": 0
    },
    "bpm_histogram_second_peak_spread": {
        "mean": 0,
        "var": 0
    },
    "bpm_histogram_second_peak_weight": {
        "mean": 0.0224719103426,
        "var": 0
    },
    "danceability": 1.07651114464,
    "onset_rate": 2.79349660873,
    "beats_loudness_band_ratio": {
        "mean": [0.555223405361, 0.2847866714, 0.126911699772, 0.0490771941841, 0.0194203965366, 0.0256098005921],
        "var": [0.0672236382961, 0.0339857377112, 0.0162466559559, 0.00649285176769, 0.00286474684253, 0.0100839035586]
    },
    "beats_position": [0.441179126501, 0.905578196049, 1.369977355, 1.8575963974, 2.35682535172, 2.85605430603, 3.36689329147, 3.86612248421, 4.3653512001, 4.86458063126, 5.36380958557, 5.87464857101, 6.38548755646, 6.87310647964, 7.37233543396, 7.87156438828, 8.37079334259, 8.87002277374, 9.36925125122, 9.86848068237, 10.3677091599, 10.866938591, 11.3661680222, 11.8770065308, 12.3762359619, 12.8754644394, 13.3746938705, 13.8855323792, 14.3847618103, 14.8839902878, 15.3832197189, 15.8824491501, 16.3700675964, 16.8692970276, 17.3685264587, 17.8677539825, 18.3669834137, 18.8662128448, 19.365442276, 19.8646717072, 20.363899231, 20.8631286621, 21.3623580933, 21.8615875244, 22.3608150482, 22.8600444794, 23.3708839417, 23.8701133728, 24.369342804, 24.8685703278, 25.3677997589, 25.8670291901, 26.3662586212, 26.865486145, 27.3647155762, 27.8639450073, 28.3747844696, 28.8740139008, 29.3732414246, 29.8724708557, 30.3717002869, 30.8593196869, 31.3701572418, 31.8809967041, 32.3802261353, 32.8678436279, 33.3670730591, 33.8779144287, 34.3771438599, 34.8879814148, 35.3755989075, 35.8748283386, 36.3740577698, 36.8732872009, 37.3725166321, 37.8717460632, 38.3709754944, 38.8702049255, 39.3810424805, 39.8686599731, 40.3678894043, 40.8671188354, 41.3663482666, 41.8655776978, 42.3648071289, 42.8640365601, 43.374874115, 43.8741035461, 44.3733329773, 44.86095047]
},
"tonal": {
    "chords_changes_rate": 0.0555555559695,
    "chords_number_rate": 0.0154320988804,
    "chords_strength": {
        "mean": 0.459340810776,
        "var": 0.00689666252583
    },
    "hpcp_entropy": {
        "mean": 1.71847617626,
        "var": 0.629672884941
    },
    "key_strength": 0.595186173916,
    "tuning_diatonic_strength": 0.379900038242,
    "tuning_equal_tempered_deviation": 0.0655236318707,
    "tuning_frequency": 440.508636475,
    "tuning_nontempered_energy_ratio": 0.686389923096,
    "hpcp": {
        "mean": [0.127885594964, 0.0836240202188, 0.0523692257702, 0.0521814338863, 0.0603472292423, 0.162111178041, 0.275288492441, 0.179704725742, 0.0995016172528, 0.130512401462, 0.0845964178443, 0.0476570315659, 0.064372330904, 0.0616989172995, 0.0911087915301, 0.150045573711, 0.239283964038, 0.325875937939, 0.255101233721, 0.139565631747, 0.210580706596, 0.301491290331, 0.197925671935, 0.0938666909933, 0.0599778778851, 0.0374310240149, 0.0754506886005, 0.101983889937, 0.0801077485085, 0.123923659325, 0.170425996184, 0.109809473157, 0.0725535526872, 0.0762020349503, 0.0812821686268, 0.120474115014],
        "var": [0.0619630105793, 0.029863839969, 0.0207705181092, 0.0204751174897, 0.0239732768387, 0.0458712540567, 0.110321685672, 0.0474317371845, 0.0267934761941, 0.0698945447803, 0.0279507525265, 0.0171132683754, 0.033892672509, 0.0246478449553, 0.0363411605358, 0.0748355537653, 0.0979696214199, 0.154335319996, 0.104000709951, 0.0582114905119, 0.0675618425012, 0.133844912052, 0.06248678267, 0.0380179062486, 0.0217102244496, 0.0143996430561, 0.0241810847074, 0.0387863218784, 0.0240335892886, 0.0519326850772, 0.0857137590647, 0.0348466672003, 0.0214381590486, 0.0199817027897, 0.0232744142413, 0.0506453178823]
    },
    "chords_histogram": [31.58436203, 16.563785553, 4.21810722351, 0, 1.64609050751, 1.74897122383, 1.54320991039, 2.26337456703, 0.411522626877, 8.12757205963, 4.01234579086, 1.44032919407, 0, 0, 0, 4.62962961197, 2.88065838814, 0, 1.23456788063, 2.46913576126, 0.308641970158, 0, 14.9176950455, 0],
    "thpcp": [1, 0.782817006111, 0.428278416395, 0.646198987961, 0.925171971321, 0.607365071774, 0.288044244051, 0.184051260352, 0.114862807095, 0.231531947851, 0.31295311451, 0.245822846889, 0.380278646946, 0.522978127003, 0.336967110634, 0.222641631961, 0.233837559819, 0.249426722527, 0.369693189859, 0.392436444759, 0.256613045931, 0.160702958703, 0.160126686096, 0.185184672475, 0.49746286869, 0.844764709473, 0.551451325417, 0.305335879326, 0.400497198105, 0.25959700346, 0.146242871881, 0.197536304593, 0.189332529902, 0.279581218958, 0.460437715054, 0.734279334545],
    "chords_key": "E",
    "chords_scale": "minor",
    "key_key": "E",
    "key_scale": "minor"
}
}