{
"lowlevel": {
    "average_loudness": 0.971586465836,
    "barkbands_crest": {
        "mean": 14.2001876831,
        "var": 23.4526958466
    },
    "barkbands_flatness_db": {
        "mean": 0.207656890154,
        "var": 0.00496857566759
    },
    "barkbands_kurtosis": {
        "mean": 30.0303726196,
        "var": 1289.42626953
    },
    "barkbands_skewness": {
        "mean": 4.05120182037,
        "var": 4.78043365479
    },
    "barkbands_spread": {
        "mean": 12.0245771408,
        "var": 133.539321899
    },
    "dissonance": {
        "mean": 0.450599640608,
        "var": 0.000917601399124
    },
    "dynamic_complexity": 3.67121815681,
    "erbbands_crest": {
        "mean": 7.93854045868,
        "var": 11.3527393341
    },
    "erbbands_flatness_db": {
        "mean": 0.134472087026,
        "var": 0.0012854016386
    },
    "erbbands_kurtosis": {
        "mean": 1.07455861568,
        "var": 8.97602462769
    },
    "erbbands_skewness": {
        "mean": 0.904991865158,
        "var": 0.908389389515
    },
    "erbbands_spread": {
        "mean": 58.0647125244,
        "var": 738.920410156
    },
    "hfc": {
        "mean": 9.56968784332,
        "var": 171.600769043
    },
    "melbands_crest": {
        "mean": 17.3423252106,
        "var": 21.2279033661
    },
    "melbands_flatness_db": {
        "mean": 0.297050535679,
        "var": 0.00766332168132
    },
    "melbands_kurtosis": {
        "mean": 70.3025588989,
        "var": 4657.04248047
    },
    "melbands_skewness": {
        "mean": 5.59818935394,
        "var": 7.31290388107
    },
    "melbands_spread": {
        "mean": 8.74903774261,
        "var": 139.669555664
    },
    "pitch_salience": {
        "mean": 0.471689015627,
        "var": 0.020497135818
    },
    "silence_rate_20dB": {
        "mean": 1,
        "var": 0
    },
    "silence_rate_30dB": {
        "mean": 0.914050459862,
        "var": 0.0785615593195
    },
    "silence_rate_60dB": {
        "mean": 0.0437467843294,
        "var": 0.0418338254094
    },
    "spectral_centroid": {
        "mean": 847.13269043,
        "var": 478552.75
    },
    "spectral_complexity": {
        "mean": 9.35872364044,
        "var": 50.1488304138
    },
    "spectral_decrease": {
        "mean": -9.32834165468e-009,
        "var": 1.8540158905e-016
    },
    "spectral_energy": {
        "mean": 0.0360753387213,
        "var": 0.00271772104315
    },
    "spectral_energyband_high": {
        "mean": 0.000271906144917,
        "var": 1.8326572615e-007
    },
    "spectral_energyband_low": {
        "mean": 0.026422932744,
        "var": 0.0021851058118
    },
    "spectral_energyband_middle_high": {
        "mean": 0.00143222580664,
        "var": 9.22539948078e-006
    },
    "spectral_energyband_middle_low": {
        "mean": 0.00903070904315,
        "var": 0.000308692775434
    },
    "spectral_entropy": {
        "mean": 7.28575801849,
        "var": 0.223510503769
    },
    "spectral_flux": {
        "mean": 0.109324947,
        "var": 0.00885336939245
    },
    "spectral_kurtosis": {
        "mean": 3.38246154785,
        "var": 6.92534685135
    },
    "spectral_rms": {
        "mean": 0.00501404423267,
        "var": 1.00548350019e-005
    },
    "spectral_rolloff": {
        "mean": 516.042724609,
        "var": 1204062.875
    },
    "spectral_skewness": {
        "mean": 1.50019478798,
        "var": 0.208908334374
    },
    "spectral_spread": {
        "mean": 5522769,
        "var": 4.82651196621e+012
    },
    "spectral_strongpeak": {
        "mean": 0.388365507126,
        "var": 0.155784085393
    },
    "zerocrossingrate": {
        "mean": 0.0337466932833,
        "var": 0.000889823888429
    },
    "barkbands": {
        "mean": [0.000378988916054, 0.018311034888, 0.00667831953615, 0.00181145989336, 0.00378911732696, 0.00129257456865, 0.00118645292241, 0.000477479712572, 0.000418777461164, 0.000230743928114, 9.68896274571e-005, 0.000195617001737, 9.80824697763e-005, 4.87023680762e-005, 9.95945592877e-005, 8.01153073553e-005, 0.000144975478179, 0.000229838638916, 0.00020475393103, 6.99942829669e-005, 5.15929132234e-005, 6.22964653303e-005, 4.57279093098e-005, 2.8665186619e-005, 3.17788690154e-005, 1.12302141133e-005, 5.71653117731e-007],
        "var": [4.26310919011e-007, 0.00111402885523, 0.000265093054622, 7.42883958083e-006, 9.81121775112e-005, 5.1500542213e-006, 1.14653430501e-005, 2.53877169598e-006, 2.79637993117e-006, 6.19189677309e-007, 4.010658472e-008, 2.0717833138e-007, 9.16170890264e-008, 1.13343174846e-008, 6.24983584885e-008, 5.88966209136e-008, 1.64009605896e-007, 4.15394225683e-007, 3.5244238461e-007, 2.23906315711e-008, 1.36262299222e-008, 1.12945519604e-008, 5.27302201903e-009, 2.14346096428e-009, 3.36045458127e-009, 8.18691003879e-010, 5.60868018695e-012]
    },
    "erbbands": {
        "mean": [0.370288580656, 4.57286787033, 8.96434020996, 6.87941932678, 6.11163854599, 14.3847894669, 16.8277721405, 10.1949691772, 15.8163175583, 15.4332304001, 10.410859108, 9.79104614258, 7.72680664063, 4.80532979965, 4.88505363464, 7.99372339249, 4.88033103943, 2.96795105934, 3.20126891136, 5.86688089371, 4.82511520386, 8.70969963074, 12.8974590302, 12.8167610168, 6.47809314728, 3.25488638878, 2.59583902359, 1.96721065044, 2.42265319824, 1.65077292919, 1.25624871254, 0.695423841476, 0.456143081188, 0.356518596411, 0.222130656242, 0.0743750482798, 0.0149952666834, 0.00213056104258, 8.40117354528e-005, 4.23403653258e-005],
        "var": [0.420215755701, 74.8210449219, 396.718780518, 149.164260864, 112.754318237, 1536.63269043, 1991.42089844, 348.91973877, 2007.19372559, 2190.39160156, 1224.11560059, 1667.84094238, 438.726745605, 192.299621582, 95.6207046509, 357.765136719, 169.031570435, 45.4117393494, 52.0826911926, 245.332321167, 202.996520996, 588.277160645, 1347.32202148, 1302.17138672, 307.082336426, 51.7537689209, 28.8067359924, 17.8063526154, 15.5892972946, 8.82331371307, 3.7845788002, 1.16720271111, 0.599352300167, 0.375133365393, 0.223627969623, 0.0333150997758, 0.0014388083946, 4.55796180177e-005, 6.23983567039e-008, 3.28975779951e-009]
    },
    "gfcc": {
        "mean": [-58.080821991, 110.051872253, -74.9934463501, 62.4910697937, -61.9581031799, 19.6396846771, -28.9570407867, 9.96414470673, -19.0703887939, 0.109627626836, -5.80818367004, 0.522135436535, -8.27473926544],
        "cov": [[6660.01025391, -127.337501526, -1007.67822266, -321.631408691, 37.8725547791, -104.970016479, -480.463592529, 244.271484375, -235.197631836, 64.0730514526, -171.56578064, 166.308074951, -106.397903442], [-127.337501526, 932.571411133, -265.945983887, 22.3169212341, 25.8679180145, -70.4941864014, 133.307266235, -185.675872803, 163.532073975, -190.953140259, 160.70489502, -165.657791138, 112.0154953], [-1007.67822266, -265.945983887, 1265.48388672, 91.2215957642, -33.4953422546, 115.283622742, 88.4937133789, -52.8178863525, -35.6622695923, 202.777954102, -69.1393356323, 62.0291786194, -34.5914916992], [-321.631408691, 22.3169212341, 91.2215957642, 277.447998047, 34.9423103333, 9.47750473022, 52.4285049438, 0.119702346623, 66.8419876099, -18.719953537, 71.9563217163, -35.0197639465, 15.6874809265], [37.8725547791, 25.8679180145, -33.4953422546, 34.9423103333, 257.923980713, -12.7956523895, 27.2314395905, 30.5933494568, 26.3302974701, -10.5456609726, 24.4388751984, 17.7827968597, -40.0378265381], [-104.970016479, -70.4941864014, 115.283622742, 9.47750473022, -12.7956523895, 128.494430542, 37.6658592224, -2.86452484131, -31.8432483673, 1.39247250557, -25.0355472565, -14.0345239639, 8.82713985443], [-480.463592529, 133.307266235, 88.4937133789, 52.4285049438, 27.2314395905, 37.6658592224, 145.043945313, -8.80196666718, 54.0511894226, -39.436416626, 24.4085597992, -43.3227233887, 12.2091169357], [244.271484375, -185.675872803, -52.8178863525, 0.119702346623, 30.5933494568, -2.86452484131, -8.80196666718, 137.268264771, -5.74333286285, 24.1719417572, -30.7339706421, 39.1707611084, -39.0840072632], [-235.197631836, 163.532073975, -35.6622695923, 66.8419876099, 26.3302974701, -31.8432483673, 54.0511894226, -5.74333286285, 109.782516479, -18.9959182739, 60.8115730286, -38.805015564, 25.1849746704], [64.0730514526, -190.953140259, 202.777954102, -18.719953537, -10.5456609726, 1.39247250557, -39.436416626, 24.1719417572, -18.9959182739, 120.941818237, -22.2746162415, 56.7623558044, -26.7462253571], [-171.56578064, 160.70489502, -69.1393356323, 71.9563217163, 24.4388751984, -25.0355472565, 24.4085597992, -30.7339706421, 60.8115730286, -22.2746162415, 116.317092896, -16.4340190887, 33.6807518005], [166.308074951, -165.657791138, 62.0291786194, -35.0197639465, 17.7827968597, -14.0345239639, -43.3227233887, 39.1707611084, -38.805015564, 56.7623558044, -16.4340190887, 97.1449203491, -17.1677494049], [-106.397903442, 112.0154953, -34.5914916992, 15.6874809265, -40.0378265381, 8.82713985443, 12.2091169357, -39.0840072632, 25.1849746704, -26.7462253571, 33.6807518005, -17.1677494049, 72.3766708374]],
        "icov": [[0.000326285982737, -0.000731957494281, 0.000272952864179, -0.000278718565824, -2.18171298911e-005, -0.000442359276349, 0.00102143466938, -0.000895564968232, 0.000669671338983, -0.000841794768348, 0.00064432626823, -0.000412710709497, 0.000247482268605], [-0.000731957494281, 0.00609449483454, -0.000824897841085, 0.00269775069319, -0.000600469240453, 0.00303128361702, -0.00367282051593, 0.00537722604349, -0.00433303415775, 0.0057894825004, -0.00415437621996, 0.0036792436149, -0.00221265456639], [0.000272952864179, -0.000824897841085, 0.00208667526022, -0.00135783338919, 0.000159192757565, -0.00106495758519, -0.00122040440328, 0.000894392316695, 0.00110948085785, -0.00440455414355, 0.00207363441586, -0.00131250615232, 0.000586295558605], [-0.000278718565824, 0.00269775069319, -0.00135783338919, 0.00660521769896, -0.000565385620575, 0.000568059738725, -0.00063226337079, 0.000580954947509, -0.00357617763802, 0.00419802684337, -0.00519516598433, 0.00311540183611, -0.000674948620144], [-2.18171298911e-005, -0.000600469240453, 0.000159192757565, -0.000565385620575, 0.00532457232475, -0.00112246430945, -0.000364573759725, -8.17310428829e-005, -0.00184356700629, 0.00129095930606, -0.00073020713171, -0.0033124780748, 0.00486828899011], [-0.000442359276349, 0.00303128361702, -0.00106495758519, 0.000568059738725, -0.00112246430945, 0.0143928965554, -0.00675813760608, 0.000692683504894, 0.00629875902086, 0.000437403796241, -0.00121089734603, 0.00667086895555, -0.00672039203346], [0.00102143466938, -0.00367282051593, -0.00122040440328, -0.00063226337079, -0.000364573759725, -0.00675813760608, 0.0179413892329, -0.00521673541516, -0.00501853553578, 0.00350588536821, 0.0018463160377, -0.00141133728903, 0.00336654437706], [-0.000895564968232, 0.00537722604349, 0.000894392316695, 0.000580954947509, -8.17310428829e-005, 0.000692683504894, -0.00521673541516, 0.01746593602, -0.00814652256668, 0.00371083011851, 0.000633818039205, -0.00353586208075, 0.00391728337854], [0.000669671338983, -0.00433303415775, 0.00110948085785, -0.00357617763802, -0.00184356700629, 0.00629875902086, -0.00501853553578, -0.00814652256668, 0.0280015971512, -0.0111962463707, -0.00320344185457, 0.00772688118741, -0.00690236594528], [-0.000841794768348, 0.0057894825004, -0.00440455414355, 0.00419802684337, 0.00129095930606, 0.000437403796241, 0.00350588536821, 0.00371083011851, -0.0111962463707, 0.0267973709852, -0.00522367004305, -0.00478128390387, 0.00395599799231], [0.00064432626823, -0.00415437621996, 0.00207363441586, -0.00519516598433, -0.00073020713171, -0.00121089734603, 0.0018463160377, 0.000633818039205, -0.00320344185457, -0.00522367004305, 0.0198658835143, -0.00612090574577, -0.00224372185767], [-0.000412710709497, 0.0036792436149, -0.00131250615232, 0.00311540183611, -0.0033124780748, 0.00667086895555, -0.00141133728903, -0.00353586208075, 0.00772688118741, -0.00478128390387, -0.00612090574577, 0.0251086931676, -0.00757230073214], [0.000247482268605, -0.00221265456639, 0.000586295558605, -0.000674948620144, 0.00486828899011, -0.00672039203346, 0.00336654437706, 0.00391728337854, -0.00690236594528, 0.00395599799231, -0.00224372185767, -0.00757230073214, 0.0262032672763]]
    },
    "melbands": {
        "mean": [0.00434720283374, 0.0054650194943, 0.00119299883954, 0.000676284951624, 0.000670450506732, 0.000242574620643, 0.000235775660258, 0.000151917745825, 8.4387975221e-005, 5.72278950131e-005, 3.92045003537e-005, 2.15185227717e-005, 1.58980656124e-005, 1.92010993487e-005, 1.91044946405e-005, 7.66401808505e-006, 5.06557034896e-006, 4.511186944e-006, 7.35546427677e-006, 6.61445710648e-006, 5.32568992639e-006, 7.96535732661e-006, 1.18521893455e-005, 1.13846463137e-005, 1.0574614862e-005, 6.22398283667e-006, 2.55781219494e-006, 2.09313816413e-006, 1.83581926194e-006, 1.20260381209e-006, 1.09319239527e-006, 1.53213966314e-006, 9.80671302386e-007, 9.03162458599e-007, 7.96508572876e-007, 4.97233997976e-007, 3.92675929106e-007, 3.22456145341e-007, 2.93191646961e-007, 3.00546219023e-007],
        "var": [5.89336596022e-005, 0.000118795091112, 4.26161341238e-006, 2.3794855224e-006, 3.45248645317e-006, 1.90992722082e-007, 4.6380947083e-007, 2.21326402539e-007, 8.54550776808e-008, 5.41133964305e-008, 1.2475836364e-008, 4.67355087963e-009, 9.90782900168e-010, 2.01114280785e-009, 2.53228304992e-009, 4.34242058978e-010, 1.34418268183e-010, 1.08664445497e-010, 3.60746960082e-010, 3.4437724894e-010, 2.79301304307e-010, 5.11336362141e-010, 1.09729969555e-009, 1.0790848215e-009, 9.2810947816e-010, 3.01695335381e-010, 4.61629276471e-011, 2.01477515227e-011, 1.32121041538e-011, 8.71234681621e-012, 5.700289199e-012, 5.86770606062e-012, 3.591022011e-012, 2.56624344171e-012, 1.47451809877e-012, 6.86350173744e-013, 3.78733258947e-013, 3.14717924031e-013, 2.69987238946e-013, 2.82558617346e-013]
    },
    "mfcc": {
        "mean": [-705.699890137, 125.510307312, 45.7666740417, 43.7710647583, 7.2045006752, 12.2031517029, 6.03297567368, 11.3001613617, -1.92588734627, 0.91118490696, 4.49678993225, 1.96127426624, 2.28909182549],
        "cov": [[5128.76367188, 4.31058263779, -1306.46923828, -248.042160034, 117.250396729, -391.166809082, -181.640197754, 7.17839956284, -97.261177063, -146.197753906, -17.5754184723, -54.7223701477, 8.84420776367], [4.31058263779, 686.272521973, -51.1267852783, -12.4740467072, -28.4044895172, 53.9815330505, -9.31005573273, 5.99544477463, -21.4577236176, 1.15424227715, -9.12841129303, -14.4996671677, -15.6403512955], [-1306.46923828, -51.1267852783, 1031.3614502, 72.2297973633, -43.9074554443, 207.262451172, 71.151763916, -102.42074585, 60.7690238953, 46.678855896, 2.28092360497, 2.90182447433, -12.0400371552], [-248.042160034, -12.4740467072, 72.2297973633, 241.742858887, 87.7611160278, 15.6459541321, 5.98848724365, 30.2654495239, -2.48712015152, 16.5298709869, 39.6267166138, 43.8184928894, 48.2190856934], [117.250396729, -28.4044895172, -43.9074554443, 87.7611160278, 147.813522339, 15.9317331314, 19.6301727295, 18.5057010651, -11.5877790451, -3.77137327194, 23.7790145874, 22.4046821594, 32.2715911865], [-391.166809082, 53.9815330505, 207.262451172, 15.6459541321, 15.9317331314, 144.935272217, 49.9623832703, -20.0759754181, 11.6758909225, 18.120677948, -6.45087528229, -5.6031165123, -9.51376533508], [-181.640197754, -9.31005573273, 71.151763916, 5.98848724365, 19.6301727295, 49.9623832703, 85.9300460815, 37.9506225586, 12.7935762405, 15.3993349075, 2.9209587574, -1.0385119915, -2.39261603355], [7.17839956284, 5.99544477463, -102.42074585, 30.2654495239, 18.5057010651, -20.0759754181, 37.9506225586, 108.401451111, 26.3134994507, 7.27743864059, 11.4275636673, 3.84677815437, 6.9208240509], [-97.261177063, -21.4577236176, 60.7690238953, -2.48712015152, -11.5877790451, 11.6758909225, 12.7935762405, 26.3134994507, 68.7720413208, 24.0453052521, 4.61770486832, -5.13579082489, -11.7482967377], [-146.197753906, 1.15424227715, 46.678855896, 16.5298709869, -3.77137327194, 18.120677948, 15.3993349075, 7.27743864059, 24.0453052521, 57.8673591614, 19.691827774, 3.38578343391, -8.6687374115], [-17.5754184723, -9.12841129303, 2.28092360497, 39.6267166138, 23.7790145874, -6.45087528229, 2.9209587574, 11.4275636673, 4.61770486832, 19.691827774, 52.5392341614, 23.0314464569, 12.8303012848], [-54.7223701477, -14.4996671677, 2.90182447433, 43.8184928894, 22.4046821594, -5.6031165123, -1.0385119915, 3.84677815437, -5.13579082489, 3.38578343391, 23.0314464569, 51.8775596619, 27.4325523376], [8.84420776367, -15.6403512955, -12.0400371552, 48.2190856934, 32.2715911865, -9.51376533508, -2.39261603355, 6.9208240509, -11.7482967377, -8.6687374115, 12.8303012848, 27.4325523376, 54.6785507202]],
        "icov": [[0.00036150100641, -4.40674957645e-005, 0.000336395896738, 0.000306931935484, -0.000517263368238, 0.000549798191059, 3.68564396922e-005, 0.000435742404079, -0.00025930503034, 0.000440180097939, -0.000242817273829, 0.000429848994827, -6.48728528176e-005], [-4.40674957645e-005, 0.00167446641717, 0.000167475911439, -7.51278348616e-005, 0.000608054106124, -0.00154624052811, 0.00101363833528, -0.000880554434843, 0.000962711987086, -0.000221261900151, -0.000142342367326, 0.000182533956831, 0.000230713005294], [0.000336395896738, 0.000167475911439, 0.00232527800836, -0.000935068004765, 0.000960420293268, -0.00140179332811, -0.00175149086863, 0.00321367336437, -0.00238078692928, 0.000949548091739, -0.000709204759914, 0.00043952150736, -0.000379133009119], [0.000306931935484, -7.51278348616e-005, -0.000935068004765, 0.00781398639083, -0.00396489212289, -8.96252095117e-005, 0.00342409312725, -0.0035100330133, 0.00172194093466, -0.00202595954761, -0.00129983492661, -0.0017338511534, -0.00302562816069], [-0.000517263368238, 0.000608054106124, 0.000960420293268, -0.00396489212289, 0.0117338104174, -0.00330765964463, -0.00300585734658, 0.00072020245716, 0.000324360502418, 0.00201960164122, -0.00296192686073, 1.35618347485e-005, -0.00267989723943], [0.000549798191059, -0.00154624052811, -0.00140179332811, -8.96252095117e-005, -0.00330765964463, 0.0151384724304, -0.00765101937577, 0.00485454360023, -0.00154497160111, -0.00104489934165, 0.00256646098569, 0.000937619537581, 0.00130587129388], [3.68564396922e-005, 0.00101363833528, -0.00175149086863, 0.00342409312725, -0.00300585734658, -0.00765101937577, 0.0238963086158, -0.0129119120538, 0.00478002429008, -0.00421843072399, 0.000817907275632, -0.000364433275536, 0.00035067886347], [0.000435742404079, -0.000880554434843, 0.00321367336437, -0.0035100330133, 0.00072020245716, 0.00485454360023, -0.0129119120538, 0.0210162959993, -0.0101341940463, 0.00338985049166, -0.00188702624291, 0.001748010749, -0.00139905244578], [-0.00025930503034, 0.000962711987086, -0.00238078692928, 0.00172194093466, 0.000324360502418, -0.00154497160111, 0.00478002429008, -0.0101341940463, 0.0232692733407, -0.00828710570931, 0.000760538736358, 0.00031784971361, 0.0026540781837], [0.000440180097939, -0.000221261900151, 0.000949548091739, -0.00202595954761, 0.00201960164122, -0.00104489934165, -0.00421843072399, 0.00338985049166, -0.00828710570931, 0.0271380059421, -0.0107265859842, 0.00042535958346, 0.00469924742356], [-0.000242817273829, -0.000142342367326, -0.000709204759914, -0.00129983492661, -0.00296192686073, 0.00256646098569, 0.000817907275632, -0.00188702624291, 0.000760538736358, -0.0107265859842, 0.0303643997759, -0.010070594959, -0.000151694606757], [0.000429848994827, 0.000182533956831, 0.00043952150736, -0.0017338511534, 1.35618347485e-005, 0.000937619537581, -0.000364433275536, 0.001748010749, 0.00031784971361, 0.00042535958346, -0.010070594959, 0.0320200063288, -0.0120394080877], [-6.48728528176e-005, 0.000230713005294, -0.000379133009119, -0.00302562816069, -0.00267989723943, 0.00130587129388, 0.00035067886347, -0.00139905244578, 0.0026540781837, 0.00469924742356, -0.000151694606757, -0.0120394080877, 0.0303423516452]]
    },
    "spectral_contrast_coeffs": {
        "mean": [-0.683482944965, -0.73998439312, -0.787731051445, -0.811949193478, -0.785905897617, -0.759311079979],
        "var": [0.00517487619072, 0.0055493041873, 0.00370173924603, 0.00311648077331, 0.00304587138817, 0.00109337770846]
    },
    "spectral_contrast_valleys": {
        "mean": [-6.73407888412, -7.16216850281, -8.26961326599, -8.85773468018, -8.53962898254, -10.78191185],
        "var": [1.14708912373, 1.30745100975, 1.24217653275, 1.269957304, 1.31134545803, 1.1559753418]
    }
},
"metadata": {
    "audio_properties": {
        "analysis_sample_rate": 44100,
        "bit_rate": 111361,
        "equal_loudness": 0,
        "length": 45.0873451233,
        "lossless": 0,
        "replay_gain": -10.073797226,
        "sample_rate": 44100,
        "codec": "mp3",
        "downmix": "mix",
        "md5_encoded": "4de64dea94dbe9e0588f35cb8a28df37"
    },
    "tags": {
        "file_name": "713.mp3"
    },
    "version": {
        "essentia": "2.1-beta2",
        "essentia_git_sha": "v2.1_beta2",
        "extractor": "music 1.0"
    }
},
"rhythm": {
    "beats_count": 75,
    "beats_loudness": {
        "mean": 0.047510869801,
        "var": 0.00182047684211
    },
    "bpm": 100.292022705,
    "bpm_histogram_first_peak_bpm": {
        "mean": 99,
        "var": 0
    },
    "bpm_histogram_first_peak_spread": {
        "mean": 0.402777761221,
        "var": 0
    },
    "bpm_histogram_first_peak_weight": {
        "mean": 0.581081092358,
        "var": 0
    },
    "bpm_histogram_second_peak_bpm": {
        "mean": 105,
        "var": 0
    },
    "bpm_histogram_second_peak_spread": {
        "mean": 0,
        "var": 0
    },
    "bpm_histogram_second_peak_weight": {
        "mean": 0.0270270276815,
        "var": 0
    },
    "danceability": 2.15815472603,
    "onset_rate": 5.23226356506,
    "beats_loudness_band_ratio": {
        "mean": [0.636655271053, 0.191555663943, 0.0837210640311, 0.0420178957283, 0.0344737656415, 0.036664776504],
        "var": [0.0702167227864, 0.0237984545529, 0.00758252944797, 0.00186437147204, 0.00304608442821, 0.00146698916797]
    },
    "beats_position": [0.545668900013, 1.11455774307, 1.68344664574, 2.27555561066, 2.85605430603, 3.45977306366, 4.06349182129, 4.66721057892, 5.27092981339, 5.87464857101, 6.47836732864, 7.08208608627, 7.6858048439, 8.28952407837, 8.90485286713, 9.49696159363, 10.1006803513, 10.71600914, 11.3313379288, 11.9350566864, 12.538775444, 13.1424942017, 13.7462129593, 14.3499317169, 14.9304304123, 15.5341491699, 16.1378688812, 16.7415866852, 17.3453063965, 17.9490242004, 18.5527439117, 19.1564617157, 19.760181427, 20.363899231, 20.9560089111, 21.5597267151, 22.1518363953, 22.7555541992, 23.3476638794, 23.9397735596, 24.5202713013, 25.1123809814, 25.7160987854, 26.3198184967, 26.9119262695, 27.4924259186, 28.0961437225, 28.6882534027, 29.2803630829, 29.895690918, 30.4878005981, 31.0915184021, 31.6720180511, 32.2757377625, 32.8794555664, 33.4715652466, 34.0636711121, 34.6673927307, 35.2711105347, 35.8748283386, 36.4785499573, 37.059047699, 37.6627655029, 38.2664833069, 38.8585929871, 39.4507026672, 40.0428123474, 40.6349182129, 41.2154197693, 41.795917511, 42.3880271912, 42.9801368713, 43.560634613, 44.1527442932, 44.7680702209]
},
"tonal": {
    "chords_changes_rate": 0.162551447749,
    "chords_number_rate": 0.0133744860068,
    "chords_strength": {
        "mean": 0.412181824446,
        "var": 0.00934428535402
    },
    "hpcp_entropy": {
        "mean": 2.30115318298,
        "var": 0.468777239323
    },
    "key_strength": 0.562496006489,
    "tuning_diatonic_strength": 0.378677606583,
    "tuning_equal_tempered_deviation": 0.276527285576,
    "tuning_frequency": 441.017791748,
    "tuning_nontempered_energy_ratio": 0.92033135891,
    "hpcp": {
        "mean": [0.0859315693378, 0.0878280773759, 0.100120902061, 0.115739241242, 0.152317717671, 0.19206148386, 0.182590961456, 0.140983223915, 0.123065911233, 0.130113348365, 0.159875825047, 0.150352224708, 0.0945834740996, 0.0746601447463, 0.0912669450045, 0.1169295609, 0.135103568435, 0.133135840297, 0.129114091396, 0.16121378541, 0.197034135461, 0.173141986132, 0.135229706764, 0.134728461504, 0.11004474014, 0.0754330009222, 0.0735371336341, 0.0730720087886, 0.0673240274191, 0.0635032057762, 0.063696987927, 0.0708051770926, 0.0749182477593, 0.0729601457715, 0.0819760337472, 0.0910712406039],
        "var": [0.0346935242414, 0.040302619338, 0.0478030331433, 0.0514730364084, 0.0630834624171, 0.0853880941868, 0.0799104869366, 0.062249597162, 0.0627919435501, 0.0679269582033, 0.0829714164138, 0.0767787545919, 0.0399124659598, 0.0337685644627, 0.0468939170241, 0.0584162287414, 0.0676975473762, 0.0656853988767, 0.0624814517796, 0.0771680176258, 0.0916067585349, 0.0810980573297, 0.0575780645013, 0.0597245246172, 0.0511537753046, 0.035262465477, 0.0250924695283, 0.0246281456202, 0.0292454771698, 0.0246709715575, 0.0221869759262, 0.0220509469509, 0.0223366189748, 0.0243490617722, 0.0323379226029, 0.037107013166]
    },
    "chords_histogram": [0, 0, 10.8024692535, 0, 0, 0, 4.11522626877, 2.36625504494, 3.70370364189, 24.2798347473, 0, 0, 2.05761313438, 4.32098770142, 2.26337456703, 0.823045253754, 23.9711933136, 2.67489719391, 6.06995868683, 0.308641970158, 0, 0, 5.86419773102, 6.37860059738],
    "thpcp": [1, 0.878741085529, 0.686326265335, 0.683782339096, 0.558505952358, 0.382842302322, 0.373220264912, 0.370859652758, 0.341687113047, 0.322295457125, 0.323278933764, 0.359354883432, 0.38022980094, 0.370291918516, 0.416049897671, 0.462210476398, 0.436125278473, 0.445750564337, 0.508139908314, 0.587407052517, 0.773052453995, 0.974762499332, 0.926697075367, 0.715526878834, 0.624591827393, 0.660359442234, 0.811411798, 0.763077020645, 0.480035990477, 0.378919839859, 0.463203728199, 0.593448221684, 0.68568611145, 0.675699353218, 0.655287921429, 0.818202316761],
    "chords_key": "B",
    "chords_scale": "minor",
    "key_key": "D#",
    "key_scale": "major"
}
}