{
"lowlevel": {
    "average_loudness": 0.93969553709,
    "barkbands_crest": {
        "mean": 15.4746713638,
        "var": 33.7014007568
    },
    "barkbands_flatness_db": {
        "mean": 0.242994889617,
        "var": 0.0100252395496
    },
    "barkbands_kurtosis": {
        "mean": 28.3232269287,
        "var": 3472.45629883
    },
    "barkbands_skewness": {
        "mean": 3.09055733681,
        "var": 10.1110525131
    },
    "barkbands_spread": {
        "mean": 14.9378862381,
        "var": 250.99357605
    },
    "dissonance": {
        "mean": 0.434887319803,
        "var": 0.00289892149158
    },
    "dynamic_complexity": 4.25784730911,
    "erbbands_crest": {
        "mean": 12.8119544983,
        "var": 40.7100028992
    },
    "erbbands_flatness_db": {
        "mean": 0.193628326058,
        "var": 0.00435537844896
    },
    "erbbands_kurtosis": {
        "mean": 4.34274625778,
        "var": 120.804412842
    },
    "erbbands_skewness": {
        "mean": 0.982794165611,
        "var": 2.35125660896
    },
    "erbbands_spread": {
        "mean": 40.5412597656,
        "var": 917.799560547
    },
    "hfc": {
        "mean": 13.5232343674,
        "var": 331.138305664
    },
    "melbands_crest": {
        "mean": 18.2733364105,
        "var": 31.9818592072
    },
    "melbands_flatness_db": {
        "mean": 0.320191979408,
        "var": 0.0165608711541
    },
    "melbands_kurtosis": {
        "mean": 51.6831321716,
        "var": 6923.88867188
    },
    "melbands_skewness": {
        "mean": 4.09380865097,
        "var": 11.7705984116
    },
    "melbands_spread": {
        "mean": 17.2247810364,
        "var": 787.840393066
    },
    "pitch_salience": {
        "mean": 0.414840519428,
        "var": 0.0256594009697
    },
    "silence_rate_20dB": {
        "mean": 1,
        "var": 0
    },
    "silence_rate_30dB": {
        "mean": 0.961914539337,
        "var": 0.0366341508925
    },
    "silence_rate_60dB": {
        "mean": 0.100874938071,
        "var": 0.0907005518675
    },
    "spectral_centroid": {
        "mean": 1142.56896973,
        "var": 1015316.1875
    },
    "spectral_complexity": {
        "mean": 8.65774536133,
        "var": 67.2227478027
    },
    "spectral_decrease": {
        "mean": -7.3177228721e-009,
        "var": 8.27420561105e-017
    },
    "spectral_energy": {
        "mean": 0.0288453754038,
        "var": 0.00122213142458
    },
    "spectral_energyband_high": {
        "mean": 0.00058089121012,
        "var": 2.70223995358e-006
    },
    "spectral_energyband_low": {
        "mean": 0.0172955561429,
        "var": 0.00102725613397
    },
    "spectral_energyband_middle_high": {
        "mean": 0.00362939294428,
        "var": 7.80814298196e-005
    },
    "spectral_energyband_middle_low": {
        "mean": 0.0077827423811,
        "var": 8.64739122335e-005
    },
    "spectral_entropy": {
        "mean": 6.98640632629,
        "var": 0.665675520897
    },
    "spectral_flux": {
        "mean": 0.0685175061226,
        "var": 0.00394544284791
    },
    "spectral_kurtosis": {
        "mean": 7.06962203979,
        "var": 91.7005310059
    },
    "spectral_rms": {
        "mean": 0.00463994871825,
        "var": 6.61267222313e-006
    },
    "spectral_rolloff": {
        "mean": 1188.09521484,
        "var": 4597696
    },
    "spectral_skewness": {
        "mean": 1.74686825275,
        "var": 1.11889874935
    },
    "spectral_spread": {
        "mean": 4672472.5,
        "var": 6.24775292518e+012
    },
    "spectral_strongpeak": {
        "mean": 0.991503953934,
        "var": 2.24460291862
    },
    "zerocrossingrate": {
        "mean": 0.0488394349813,
        "var": 0.00357342767529
    },
    "barkbands": {
        "mean": [0.000119143318443, 0.0145169859752, 0.0023459426593, 0.000669114117045, 0.0012471107766, 0.000997415976599, 0.00298734894022, 0.00098438304849, 0.000602269603405, 0.0015262644738, 0.000792776118033, 0.000130978209199, 0.000207633638638, 0.000112429421279, 0.000235886385781, 0.000105844417703, 0.000127472085296, 0.000168246901012, 0.000301339314319, 0.000198517896933, 0.000205540811294, 8.23430236778e-005, 5.07564000145e-005, 5.6656968809e-005, 3.78567565349e-005, 3.07828304358e-005, 4.35545553046e-006],
        "var": [3.67563970372e-008, 0.000708160165232, 4.12261979363e-005, 1.81790244369e-006, 3.0701214655e-006, 3.79946868634e-006, 3.55204756488e-005, 1.92833158508e-005, 6.14412374489e-006, 3.02295629808e-005, 1.81968662218e-005, 2.41906207066e-007, 6.36869003756e-007, 2.32507758824e-007, 5.8792471691e-007, 2.21324995664e-007, 1.95832626559e-007, 2.98398219911e-007, 1.04247851596e-006, 3.30975325369e-007, 6.76792012655e-007, 7.7943198562e-008, 3.36050725025e-008, 1.15389347854e-007, 2.10425099567e-008, 1.15638734144e-008, 4.01181948773e-010]
    },
    "erbbands": {
        "mean": [0.290662914515, 3.58957529068, 4.38809108734, 2.10288572311, 3.61131501198, 4.08395242691, 4.40079832077, 9.85155677795, 41.2557601929, 26.2138538361, 26.3212184906, 13.0932683945, 25.4445266724, 67.2515563965, 17.0784759521, 6.56105518341, 9.09037685394, 7.85478162766, 13.7099313736, 4.99229574203, 7.1712846756, 6.46871089935, 7.95446395874, 17.4061508179, 11.656712532, 9.72538661957, 11.157242775, 5.37034654617, 3.1387462616, 1.84720647335, 1.40935695171, 1.27713632584, 0.843129515648, 0.414986491203, 0.281268119812, 0.13201700151, 0.0572815053165, 0.0138835776597, 0.000457707967144, 4.28205967182e-005],
        "var": [0.156480252743, 51.2961044312, 126.830673218, 20.5004959106, 34.4660835266, 41.3987579346, 54.4757499695, 382.490936279, 6926.16699219, 3285.42041016, 13158.8457031, 1811.14367676, 7652.18017578, 64300.125, 7151.89746094, 457.641326904, 964.036132813, 980.235961914, 1987.25671387, 232.271331787, 1000.68536377, 438.480743408, 504.134887695, 4288.45996094, 877.295288086, 705.009033203, 1418.71582031, 935.854064941, 112.943481445, 35.3022384644, 26.7925701141, 55.4259719849, 26.7559623718, 2.60883307457, 1.52582514286, 0.260692209005, 0.0388606227934, 0.00263182469644, 3.4436200167e-006, 2.63239985365e-009]
    },
    "gfcc": {
        "mean": [-85.8002929688, 99.4682769775, -86.801361084, 41.591255188, -55.2129745483, 4.91188526154, -21.5127315521, 13.2632951736, -18.8676509857, 9.93169403076, -4.26346349716, 0.443176686764, -3.94365787506],
        "cov": [[10813.2832031, -1628.55859375, -1335.51635742, -307.71875, -852.356872559, -37.7254447937, -269.502075195, 495.899902344, -315.266174316, 398.041931152, -327.020751953, 127.383743286, -334.10458374], [-1628.55859375, 3520.81518555, 349.603820801, 194.051986694, 1037.52209473, 12.5820627213, 386.673706055, -178.953582764, 236.763641357, -393.455200195, 245.01423645, -456.429656982, 201.543716431], [-1335.51635742, 349.603820801, 2343.34130859, 803.795532227, 412.232788086, 316.71987915, 138.035263062, -100.557655334, 27.3409366608, -23.6334877014, -171.403945923, -38.3221626282, -78.8475494385], [-307.71875, 194.051986694, 803.795532227, 1393.63012695, 467.882537842, 137.190505981, 161.284744263, -129.376846313, 28.2039012909, -194.261398315, -89.7273864746, -86.6296005249, -25.3840522766], [-852.356872559, 1037.52209473, 412.232788086, 467.882537842, 782.872619629, 124.850090027, 217.409332275, -91.604057312, 69.5114135742, -180.195358276, 53.2858009338, -118.446647644, 42.700302124], [-37.7254447937, 12.5820627213, 316.71987915, 137.190505981, 124.850090027, 428.412536621, 128.474182129, -11.0431537628, -28.5420455933, -33.5362510681, -53.210105896, -8.43430900574, -18.3354606628], [-269.502075195, 386.673706055, 138.035263062, 161.284744263, 217.409332275, 128.474182129, 330.981506348, 33.3260498047, -9.86391544342, -55.1204605103, 47.0923309326, -76.2191696167, 23.2965278625], [495.899902344, -178.953582764, -100.557655334, -129.376846313, -91.604057312, -11.0431537628, 33.3260498047, 223.16456604, 17.8336620331, 80.20677948, 21.4343261719, 39.0755271912, -3.79224491119], [-315.266174316, 236.763641357, 27.3409366608, 28.2039012909, 69.5114135742, -28.5420455933, -9.86391544342, 17.8336620331, 207.301361084, 21.3794078827, 32.0975265503, -19.7967128754, 24.0051708221], [398.041931152, -393.455200195, -23.6334877014, -194.261398315, -180.195358276, -33.5362510681, -55.1204605103, 80.20677948, 21.3794078827, 203.713119507, 21.5144767761, 73.9541625977, -34.2538795471], [-327.020751953, 245.01423645, -171.403945923, -89.7273864746, 53.2858009338, -53.210105896, 47.0923309326, 21.4343261719, 32.0975265503, 21.5144767761, 186.919265747, 3.53764462471, 51.8032035828], [127.383743286, -456.429656982, -38.3221626282, -86.6296005249, -118.446647644, -8.43430900574, -76.2191696167, 39.0755271912, -19.7967128754, 73.9541625977, 3.53764462471, 162.526290894, 1.87693917751], [-334.10458374, 201.543716431, -78.8475494385, -25.3840522766, 42.700302124, -18.3354606628, 23.2965278625, -3.79224491119, 24.0051708221, -34.2538795471, 51.8032035828, 1.87693917751, 117.393989563]],
        "icov": [[0.000163145668921, -0.000105312879896, 0.000161793868756, -0.000147847516928, 8.57067279867e-005, -7.95602536527e-005, 0.000123840523884, -0.000344178755768, 0.000309295690386, -0.00041824899381, 0.000377195974579, -4.87086108478e-005, 0.000291567936074], [-0.000105312879896, 0.00115816004109, -0.000334531156113, 0.000594835029915, -0.000964853097685, 0.000267739378614, -0.000206079203053, 0.000347917113686, -0.000851084303576, 0.00127920042723, -0.00114546949044, 0.00205347291194, -0.000919308746234], [0.000161793868756, -0.000334531156113, 0.000863406807184, -0.000539087399375, 8.01983969723e-006, -0.000402376957936, 9.93276262307e-005, -0.000181353010703, 0.000404993887059, -0.00122978247236, 0.00107686012052, -0.000495174201205, 0.000497878179885], [-0.000147847516928, 0.000594835029915, -0.000539087399375, 0.00152944074944, -0.000833660771605, 0.000309466558974, -0.000489164958708, 0.000591697054915, -0.000808933808003, 0.00163359811995, -0.000427970371675, 0.0006809203187, -0.000185569733731], [8.57067279867e-005, -0.000964853097685, 8.01983969723e-006, -0.000833660771605, 0.00327910110354, -0.000422785233241, -0.000702727411408, 0.000106484883872, -0.000121298377053, 0.000460999988718, -0.000105905455712, -0.00143854215275, 0.000838707492221], [-7.95602536527e-005, 0.000267739378614, -0.000402376957936, 0.000309466558974, -0.000422785233241, 0.00318050500937, -0.00141367700417, 0.000375373871066, -0.00011896558135, 0.000605633715168, 0.000584621622693, -0.00031476400909, 1.8690647039e-006], [0.000123840523884, -0.000206079203053, 9.93276262307e-005, -0.000489164958708, -0.000702727411408, -0.00141367700417, 0.00535505963489, -0.00200549629517, 0.00139767711516, -0.00051237444859, -0.00108079391066, 0.00192659720778, -0.000414661597461], [-0.000344178755768, 0.000347917113686, -0.000181353010703, 0.000591697054915, 0.000106484883872, 0.000375373871066, -0.00200549629517, 0.00671510677785, -0.00146883586422, -0.000742965203244, -0.000619534344878, -0.000759267190006, -0.000566813105252], [0.000309295690386, -0.000851084303576, 0.000404993887059, -0.000808933808003, -0.000121298377053, -0.00011896558135, 0.00139767711516, -0.00146883586422, 0.00681180832908, -0.00308497063816, 0.00077744218288, 0.000168114493135, -0.000499572837725], [-0.00041824899381, 0.00127920042723, -0.00122978247236, 0.00163359811995, 0.000460999988718, 0.000605633715168, -0.00051237444859, -0.000742965203244, -0.00308497063816, 0.0115930847824, -0.00379863311537, -0.000782856193837, 0.00184763455763], [0.000377195974579, -0.00114546949044, 0.00107686012052, -0.000427970371675, -0.000105905455712, 0.000584621622693, -0.00108079391066, -0.000619534344878, 0.00077744218288, -0.00379863311537, 0.00958615262061, -0.00225999602117, -0.00146627635695], [-4.87086108478e-005, 0.00205347291194, -0.000495174201205, 0.0006809203187, -0.00143854215275, -0.00031476400909, 0.00192659720778, -0.000759267190006, 0.000168114493135, -0.000782856193837, -0.00225999602117, 0.0126888342202, -0.00325056863949], [0.000291567936074, -0.000919308746234, 0.000497878179885, -0.000185569733731, 0.000838707492221, 1.8690647039e-006, -0.000414661597461, -0.000566813105252, -0.000499572837725, 0.00184763455763, -0.00146627635695, -0.00325056863949, 0.0123201608658]]
    },
    "melbands": {
        "mean": [0.00346623989753, 0.00338378362358, 0.00042120119906, 0.000286445807433, 0.000156630383572, 0.000219478504732, 0.000644094310701, 0.00024832400959, 0.000200812632102, 7.85020165495e-005, 0.000123545803945, 0.000275590224192, 8.36614781292e-005, 1.46078818943e-005, 1.74346550921e-005, 2.01483780984e-005, 1.30340122269e-005, 2.09438403544e-005, 1.16924038593e-005, 4.97361679663e-006, 8.8116103143e-006, 5.8997115957e-006, 7.77497461968e-006, 8.23592017696e-006, 1.52635748236e-005, 9.51684887696e-006, 6.49702406008e-006, 6.26059500064e-006, 7.91528236732e-006, 4.229105798e-006, 2.75415231954e-006, 1.9491023977e-006, 1.19766218631e-006, 9.4311843668e-007, 8.08850302292e-007, 7.93020149104e-007, 7.75624300786e-007, 6.00055273026e-007, 4.91430000693e-007, 3.00010555065e-007],
        "var": [3.13522541546e-005, 5.82025095355e-005, 6.47570971068e-007, 1.85448712386e-007, 5.63443904866e-008, 2.01292650104e-007, 1.655480105e-006, 3.29754925588e-007, 7.02880754488e-007, 9.78039196298e-008, 1.91826615037e-007, 1.103452405e-006, 2.14982478042e-007, 3.31743543747e-009, 3.1193130301e-009, 7.0430252741e-009, 3.41990324948e-009, 4.58433824235e-009, 1.36783695481e-009, 3.80252385135e-010, 1.49245382719e-009, 4.73214800678e-010, 6.92092827492e-010, 6.92984059025e-010, 4.02815070188e-009, 8.27147572657e-010, 2.53741777589e-010, 3.51200152293e-010, 7.68742403068e-010, 3.54010765147e-010, 2.63047944538e-010, 4.59290452892e-011, 1.34615903494e-011, 1.12090198234e-011, 9.85837193129e-012, 1.16982977125e-011, 2.8041981931e-011, 1.42608364354e-011, 1.08676496621e-011, 8.433827638e-013]
    },
    "mfcc": {
        "mean": [-740.760375977, 125.748374939, 25.7906646729, 43.115020752, 0.604183673859, 2.50552821159, 9.39381027222, 1.13729548454, -0.0517539903522, 10.0780916214, 0.279347002506, 2.75490450859, 2.88846302032],
        "cov": [[9133.71289063, -1529.63098145, -1365.51477051, -316.816894531, -768.685913086, -506.158477783, -243.369369507, -161.725891113, -84.5430679321, 114.538131714, -10.0398902893, 69.1403579712, -37.7635879517], [-1529.63098145, 2878.68041992, 70.7250366211, 137.996185303, 519.26940918, 120.096641541, 301.757720947, 89.4442138672, 60.2146568298, 185.918243408, 24.768119812, -65.9744110107, -83.1823043823], [-1365.51477051, 70.7250366211, 1673.60595703, 504.234405518, 378.976348877, 487.581298828, 101.121841431, 91.0067749023, 150.821456909, -3.05892944336, 88.0875930786, -56.5127258301, -57.1899490356], [-316.816894531, 137.996185303, 504.234405518, 1066.36218262, 450.658447266, 313.576812744, 195.064056396, 149.236907959, 72.698928833, -11.080698967, 40.1756057739, 26.5956077576, -17.3527507782], [-768.685913086, 519.26940918, 378.976348877, 450.658447266, 577.756835938, 284.159332275, 126.185333252, 138.313491821, 79.3023834229, -21.3791313171, 26.4689712524, 1.83671152592, -19.3985519409], [-506.158477783, 120.096641541, 487.581298828, 313.576812744, 284.159332275, 530.226013184, 172.570129395, 154.745376587, 100.139610291, -39.3544502258, 76.1422348022, -51.2299919128, -49.2111282349], [-243.369369507, 301.757720947, 101.121841431, 195.064056396, 126.185333252, 172.570129395, 386.011962891, 126.258110046, 5.01791954041, 82.488899231, -20.8134841919, -14.0993394852, -1.43416690826], [-161.725891113, 89.4442138672, 91.0067749023, 149.236907959, 138.313491821, 154.745376587, 126.258110046, 194.694534302, 78.067779541, 1.91820776463, 16.6928920746, 3.02539634705, -1.1304820776], [-84.5430679321, 60.2146568298, 150.821456909, 72.698928833, 79.3023834229, 100.139610291, 5.01791954041, 78.067779541, 154.878341675, 25.021030426, 31.413269043, -11.7122087479, -5.28619194031], [114.538131714, 185.918243408, -3.05892944336, -11.080698967, -21.3791313171, -39.3544502258, 82.488899231, 1.91820776463, 25.021030426, 173.58656311, 27.5352783203, 9.45147705078, 2.26413917542], [-10.0398902893, 24.768119812, 88.0875930786, 40.1756057739, 26.4689712524, 76.1422348022, -20.8134841919, 16.6928920746, 31.413269043, 27.5352783203, 132.742858887, 35.1933135986, -8.22633171082], [69.1403579712, -65.9744110107, -56.5127258301, 26.5956077576, 1.83671152592, -51.2299919128, -14.0993394852, 3.02539634705, -11.7122087479, 9.45147705078, 35.1933135986, 128.338806152, 54.1243782043], [-37.7635879517, -83.1823043823, -57.1899490356, -17.3527507782, -19.3985519409, -49.2111282349, -1.43416690826, -1.1304820776, -5.28619194031, 2.26413917542, -8.22633171082, 54.1243782043, 114.842636108]],
        "icov": [[0.000151194311911, 7.45248180465e-005, 0.000128104482428, -6.97796276654e-005, 0.000105762424937, -1.56380629051e-005, 4.26635233453e-005, 2.36982250499e-005, -6.41748629278e-005, -0.000183989133802, 4.16146986026e-006, -5.11438447575e-005, 0.000193951942492], [7.45248180465e-005, 0.000576109159738, 0.000133819397888, 0.000156749287271, -0.000697222014423, 0.000234315040871, -0.00037183414679, 0.000241060639382, -0.000132193279569, -0.000474841654068, -0.000241649438976, 0.000272565550404, 0.000369989749743], [0.000128104482428, 0.000133819397888, 0.00104820250999, -0.000254808925092, -0.000184091317351, -0.000722923316061, 0.000107869731437, 0.000610244343989, -0.000540692766663, -0.000393454771256, -5.5521079048e-005, 0.000134220521431, 0.000204653901164], [-6.97796276654e-005, 0.000156749287271, -0.000254808925092, 0.00165918329731, -0.00120629486628, 2.80711219602e-006, -0.000593209057115, -2.15821801248e-005, -1.25760489027e-005, 0.000155890505994, -0.000115939008538, -0.000451441417681, 0.000205027754419], [0.000105762424937, -0.000697222014423, -0.000184091317351, -0.00120629486628, 0.0042667882517, -0.00122400047258, 0.00071105529787, -0.00112606748007, -0.000106535022496, 0.000442384800408, 0.000917084398679, -0.000967497413512, -4.21165932494e-005], [-1.56380629051e-005, 0.000234315040871, -0.000722923316061, 2.80711219602e-006, -0.00122400047258, 0.00529597885907, -0.00228158431128, -0.000935239950195, -0.00118621066213, 0.0024741133675, -0.00337258470245, 0.0021479583811, 0.000472644256661], [4.26635233453e-005, -0.00037183414679, 0.000107869731437, -0.000593209057115, 0.00071105529787, -0.00228158431128, 0.00595607561991, -0.00332410656847, 0.00293583469465, -0.00373701099306, 0.00279574538581, -0.000201021655812, -0.000603312277235], [2.36982250499e-005, 0.000241060639382, 0.000610244343989, -2.15821801248e-005, -0.00112606748007, -0.000935239950195, -0.00332410656847, 0.0104900896549, -0.00493578007445, 0.00168076285627, -0.00038712285459, -0.00113878713455, 0.00020245151245], [-6.41748629278e-005, -0.000132193279569, -0.000540692766663, -1.25760489027e-005, -0.000106535022496, -0.00118621066213, 0.00293583469465, -0.00493578007445, 0.0108227310702, -0.00303974072449, -0.000203119998332, 0.00140615284909, -0.00104539061431], [-0.000183989133802, -0.000474841654068, -0.000393454771256, 0.000155890505994, 0.000442384800408, 0.0024741133675, -0.00373701099306, 0.00168076285627, -0.00303974072449, 0.00973129458725, -0.00336522888392, 0.000160058596521, -0.00012029633217], [4.16146986026e-006, -0.000241649438976, -5.5521079048e-005, -0.000115939008538, 0.000917084398679, -0.00337258470245, 0.00279574538581, -0.00038712285459, -0.000203119998332, -0.00336522888392, 0.0120771024376, -0.00501480838284, 0.00180753145833], [-5.11438447575e-005, 0.000272565550404, 0.000134220521431, -0.000451441417681, -0.000967497413512, 0.0021479583811, -0.000201021655812, -0.00113878713455, 0.00140615284909, 0.000160058596521, -0.00501480838284, 0.01275071688, -0.00538444612175], [0.000193951942492, 0.000369989749743, 0.000204653901164, 0.000205027754419, -4.21165932494e-005, 0.000472644256661, -0.000603312277235, 0.00020245151245, -0.00104539061431, -0.00012029633217, 0.00180753145833, -0.00538444612175, 0.0119834784418]]
    },
    "spectral_contrast_coeffs": {
        "mean": [-0.703124284744, -0.658671736717, -0.730506777763, -0.783049345016, -0.786471188068, -0.755907416344],
        "var": [0.00602495623752, 0.0142952892929, 0.0127589581534, 0.00697713717818, 0.00546178501099, 0.00257973419502]
    },
    "spectral_contrast_valleys": {
        "mean": [-7.55964136124, -7.88608598709, -8.76426029205, -9.22793102264, -8.61809158325, -11.303850174],
        "var": [2.57880926132, 1.60334801674, 1.60964512825, 1.64212751389, 1.80424773693, 2.17231893539]
    }
},
"metadata": {
    "audio_properties": {
        "analysis_sample_rate": 44100,
        "bit_rate": 110960,
        "equal_loudness": 0,
        "length": 45.0873451233,
        "lossless": 0,
        "replay_gain": -10.361623764,
        "sample_rate": 44100,
        "codec": "mp3",
        "downmix": "mix",
        "md5_encoded": "10b192e0cd0fa75c59eae8c95d83f806"
    },
    "tags": {
        "file_name": "714.mp3"
    },
    "version": {
        "essentia": "2.1-beta2",
        "essentia_git_sha": "v2.1_beta2",
        "extractor": "music 1.0"
    }
},
"rhythm": {
    "beats_count": 112,
    "beats_loudness": {
        "mean": 0.0494248829782,
        "var": 0.00207069469616
    },
    "bpm": 161.614730835,
    "bpm_histogram_first_peak_bpm": {
        "mean": 161,
        "var": 0
    },
    "bpm_histogram_first_peak_spread": {
        "mean": 0.333333343267,
        "var": 0
    },
    "bpm_histogram_first_peak_weight": {
        "mean": 0.396396398544,
        "var": 0
    },
    "bpm_histogram_second_peak_bpm": {
        "mean": 152,
        "var": 0
    },
    "bpm_histogram_second_peak_spread": {
        "mean": 0.166666671634,
        "var": 0
    },
    "bpm_histogram_second_peak_weight": {
        "mean": 0.135135129094,
        "var": 0
    },
    "danceability": 1.28323888779,
    "onset_rate": 4.14590358734,
    "beats_loudness_band_ratio": {
        "mean": [0.560720384121, 0.115031175315, 0.17257425189, 0.0770894065499, 0.0420965515077, 0.070499792695],
        "var": [0.136841952801, 0.0269723795354, 0.0445957891643, 0.0214931666851, 0.00489777605981, 0.0204966459423]
    },
    "beats_position": [0.383129239082, 0.789478421211, 1.19582760334, 1.59056687355, 1.98530614376, 2.38004541397, 2.7863945961, 3.15791368484, 3.52943301201, 3.9125623703, 4.29569149017, 4.69043064117, 5.08516979218, 5.46829938889, 5.83981847763, 6.2229475975, 6.59446716309, 6.96598625183, 7.3491153717, 7.74385452271, 8.12698364258, 8.498503685, 8.87002277374, 9.25315189362, 9.63628101349, 10.0310201645, 10.4141492844, 10.7856683731, 11.1571884155, 11.5403175354, 11.9118366241, 12.294965744, 12.6780948639, 13.0728340149, 13.4559631348, 13.8507022858, 14.2222223282, 14.6053514481, 14.9768705368, 15.3483896255, 15.7199087143, 16.0914287567, 16.4629478455, 16.8344669342, 17.2059860229, 17.5775051117, 17.9490242004, 18.3205432892, 18.6920623779, 19.0635814667, 19.4351024628, 19.8298416138, 20.2245807648, 20.6193199158, 21.0140590668, 21.3855781555, 21.7570972443, 22.1518363953, 22.523355484, 22.918094635, 23.2896137238, 23.6611328125, 24.0326519012, 24.40417099, 24.7756919861, 25.1472110748, 25.5303401947, 25.9134693146, 26.2849884033, 26.6565074921, 27.0280265808, 27.4111557007, 27.7826747894, 28.1658039093, 28.537322998, 28.9204521179, 29.3035831451, 29.686712265, 30.0466213226, 30.4181404114, 30.7896595001, 31.1611785889, 31.5326976776, 31.9042167664, 32.2757377625, 32.6588668823, 33.1232643127, 33.5876655579, 34.0636711121, 34.539680481, 35.0273017883, 35.5033111572, 35.9909286499, 36.455329895, 36.9197273254, 37.3957366943, 37.8717460632, 38.3361434937, 38.8005447388, 39.2649421692, 39.7293434143, 40.1821289063, 40.6349182129, 41.099319458, 41.5637168884, 42.0048980713, 42.4576873779, 42.9104766846, 43.3516540527, 43.8044433594, 44.257232666, 44.6984100342]
},
"tonal": {
    "chords_changes_rate": 0.0576131679118,
    "chords_number_rate": 0.0113168722019,
    "chords_strength": {
        "mean": 0.493549436331,
        "var": 0.00752648431808
    },
    "hpcp_entropy": {
        "mean": 1.8110768795,
        "var": 0.70929902792
    },
    "key_strength": 0.695639371872,
    "tuning_diatonic_strength": 0.638427972794,
    "tuning_equal_tempered_deviation": 0.080285795033,
    "tuning_frequency": 434.193115234,
    "tuning_nontempered_energy_ratio": 0.832939267159,
    "hpcp": {
        "mean": [0.242342755198, 0.224113479257, 0.121603243053, 0.091400526464, 0.0827439427376, 0.109659790993, 0.162514790893, 0.133410483599, 0.108148425817, 0.131393671036, 0.0971429646015, 0.0625500530005, 0.0554450787604, 0.0489961728454, 0.067834995687, 0.107111558318, 0.10374327004, 0.0743007212877, 0.0742416381836, 0.0965535566211, 0.167164176702, 0.196857437491, 0.124267235398, 0.0739938169718, 0.063140720129, 0.0412188991904, 0.0396365299821, 0.0747247487307, 0.0749634951353, 0.0804729685187, 0.110589168966, 0.0931636840105, 0.0619131550193, 0.0455647818744, 0.0493978634477, 0.121347025037],
        "var": [0.128490269184, 0.119732558727, 0.0523915067315, 0.0477216206491, 0.0420433916152, 0.0443537682295, 0.0877275839448, 0.0628650933504, 0.0485349521041, 0.0809281244874, 0.0486657135189, 0.0306736212224, 0.0279444754124, 0.0183236766607, 0.0275938156992, 0.0552176162601, 0.0489165447652, 0.0345731750131, 0.0399479940534, 0.0513754412532, 0.09398355335, 0.11140768975, 0.0573609992862, 0.0345066748559, 0.0322880707681, 0.0148487603292, 0.0120853018016, 0.0344834774733, 0.0331855900586, 0.033137075603, 0.0513095147908, 0.0372492000461, 0.0268243998289, 0.0183742102236, 0.0199706424028, 0.0545770674944]
    },
    "chords_histogram": [20.5761318207, 2.16049385071, 13.3744859695, 0.823045253754, 6.48148155212, 27.6748962402, 2.46913576126, 1.74897122383, 0, 0.205761313438, 0.205761313438, 0, 6.99588489532, 0, 0, 0, 0, 0, 0, 0, 3.90946507454, 0, 11.5226335526, 1.85185182095],
    "thpcp": [1, 0.924778938293, 0.501782059669, 0.377153933048, 0.341433525085, 0.452498733997, 0.67059892416, 0.550503313541, 0.446262270212, 0.542181134224, 0.400849461555, 0.25810572505, 0.228787854314, 0.202177166939, 0.279913455248, 0.441983729601, 0.428084880114, 0.306593537331, 0.306349724531, 0.39841735363, 0.689784109592, 0.812309980392, 0.512774705887, 0.305327117443, 0.260543048382, 0.170085132122, 0.163555666804, 0.308343231678, 0.309328407049, 0.332062602043, 0.456333696842, 0.384429425001, 0.255477637053, 0.18801791966, 0.203834697604, 0.50072479248],
    "chords_key": "D",
    "chords_scale": "major",
    "key_key": "A",
    "key_scale": "minor"
}
}