{
"lowlevel": {
    "average_loudness": 0.642120957375,
    "barkbands_crest": {
        "mean": 11.9924535751,
        "var": 21.452381134
    },
    "barkbands_flatness_db": {
        "mean": 0.204371973872,
        "var": 0.00738914543763
    },
    "barkbands_kurtosis": {
        "mean": 14.1938123703,
        "var": 900.881286621
    },
    "barkbands_skewness": {
        "mean": 2.20959711075,
        "var": 4.88100099564
    },
    "barkbands_spread": {
        "mean": 14.3018360138,
        "var": 188.601104736
    },
    "dissonance": {
        "mean": 0.440372109413,
        "var": 0.00228598248214
    },
    "dynamic_complexity": 8.41787624359,
    "erbbands_crest": {
        "mean": 11.2119503021,
        "var": 24.0986747742
    },
    "erbbands_flatness_db": {
        "mean": 0.187872350216,
        "var": 0.00494423601776
    },
    "erbbands_kurtosis": {
        "mean": 2.18602132797,
        "var": 48.3163337708
    },
    "erbbands_skewness": {
        "mean": 0.643324375153,
        "var": 1.37354886532
    },
    "erbbands_spread": {
        "mean": 37.7693061829,
        "var": 844.789855957
    },
    "hfc": {
        "mean": 12.5682668686,
        "var": 454.196380615
    },
    "melbands_crest": {
        "mean": 15.8735313416,
        "var": 32.3656730652
    },
    "melbands_flatness_db": {
        "mean": 0.283160626888,
        "var": 0.011948345229
    },
    "melbands_kurtosis": {
        "mean": 33.5721511841,
        "var": 3466.0324707
    },
    "melbands_skewness": {
        "mean": 3.37889122963,
        "var": 8.57969284058
    },
    "melbands_spread": {
        "mean": 15.5614366531,
        "var": 293.383880615
    },
    "pitch_salience": {
        "mean": 0.517342507839,
        "var": 0.015066858381
    },
    "silence_rate_20dB": {
        "mean": 1,
        "var": 0
    },
    "silence_rate_30dB": {
        "mean": 0.995365619659,
        "var": 0.00461310008541
    },
    "silence_rate_60dB": {
        "mean": 0.362512886524,
        "var": 0.231096729636
    },
    "spectral_centroid": {
        "mean": 903.039550781,
        "var": 417565.75
    },
    "spectral_complexity": {
        "mean": 8.94129753113,
        "var": 72.5660095215
    },
    "spectral_decrease": {
        "mean": -3.83781273428e-009,
        "var": 3.01384116452e-017
    },
    "spectral_energy": {
        "mean": 0.0156247699633,
        "var": 0.000496794353239
    },
    "spectral_energyband_high": {
        "mean": 0.000221251466428,
        "var": 2.52955430824e-007
    },
    "spectral_energyband_low": {
        "mean": 0.00508391810581,
        "var": 0.000130762535264
    },
    "spectral_energyband_middle_high": {
        "mean": 0.00578853674233,
        "var": 0.000147312966874
    },
    "spectral_energyband_middle_low": {
        "mean": 0.00470288284123,
        "var": 4.56294401374e-005
    },
    "spectral_entropy": {
        "mean": 6.98527479172,
        "var": 0.535477042198
    },
    "spectral_flux": {
        "mean": 0.0538408756256,
        "var": 0.00287551851943
    },
    "spectral_kurtosis": {
        "mean": 12.4883470535,
        "var": 552.383422852
    },
    "spectral_rms": {
        "mean": 0.00306510459632,
        "var": 5.84882718613e-006
    },
    "spectral_rolloff": {
        "mean": 979.207946777,
        "var": 2124380.25
    },
    "spectral_skewness": {
        "mean": 2.35169410706,
        "var": 2.20890259743
    },
    "spectral_spread": {
        "mean": 4390837.5,
        "var": 6.34018122957e+012
    },
    "spectral_strongpeak": {
        "mean": 0.880438625813,
        "var": 2.89746022224
    },
    "zerocrossingrate": {
        "mean": 0.0442970655859,
        "var": 0.00142860121559
    },
    "barkbands": {
        "mean": [0.000486216536956, 0.00264451326802, 0.00186590780504, 0.00051694229478, 0.00209961412475, 0.000426963961218, 0.000266286660917, 0.000873859680723, 0.000374656025087, 0.000933832488954, 0.000568922841921, 0.000536350358743, 0.000895136443432, 0.00106132065412, 0.000912637915462, 0.000336322467774, 0.000310491624987, 0.00020012598543, 6.74328694004e-005, 7.0624606451e-005, 2.65292874246e-005, 3.15813667839e-005, 3.04373243125e-005, 3.9850234316e-005, 3.0080020224e-005, 1.59394403454e-005, 2.20135848394e-006],
        "var": [1.25471451611e-005, 4.14881287725e-005, 2.85397200059e-005, 5.44874808384e-007, 2.39001747104e-005, 4.01047145715e-007, 2.6244589435e-007, 6.11446102994e-006, 2.37747485698e-006, 1.05480075945e-005, 8.47869341669e-006, 4.70077748105e-006, 1.15216107588e-005, 1.88031808648e-005, 1.09784505185e-005, 1.97535268853e-006, 7.14955774583e-007, 2.14508119711e-007, 2.66594426535e-008, 2.90407591308e-008, 5.39246336473e-009, 7.17308479281e-009, 7.11663528108e-009, 1.17003331468e-008, 7.75994113411e-009, 3.79641740267e-009, 2.32568922454e-010]
    },
    "erbbands": {
        "mean": [0.0750705376267, 0.60662561655, 2.13363528252, 1.94636070728, 4.03812789917, 8.28471088409, 5.29479265213, 2.80769705772, 4.36779499054, 5.5549955368, 22.0706367493, 9.17309761047, 16.7120723724, 31.6391868591, 24.1808757782, 23.9403400421, 36.9201164246, 59.8891105652, 51.7312736511, 31.8289279938, 18.3145523071, 16.9651432037, 13.3096199036, 5.04331254959, 3.22022032738, 3.47385311127, 1.77930879593, 0.86408919096, 1.04626750946, 1.1862834692, 0.846401154995, 0.719137310982, 0.710924327374, 0.397009879351, 0.191245734692, 0.0842753872275, 0.0242316927761, 0.00634477008134, 0.000230717516388, 2.35010284086e-005],
        "var": [0.0490560904145, 2.12606072426, 37.6132507324, 9.8021030426, 80.9830245972, 512.788879395, 64.9188766479, 25.5116157532, 65.1313781738, 179.310684204, 3767.08032227, 1169.60900879, 4091.49829102, 11630.6816406, 15098.9414063, 9246.16113281, 14687.1826172, 58434.5625, 30240.1113281, 11894.8662109, 4829.49902344, 2085.08862305, 881.4609375, 143.387710571, 61.2398452759, 71.6844177246, 20.1903972626, 7.21530723572, 11.5482063293, 9.14983844757, 5.15142393112, 4.61587667465, 3.58050489426, 1.38435041904, 0.350921243429, 0.0928516313434, 0.0104479473084, 0.00114864262287, 2.41727843786e-006, 1.62510283008e-009]
    },
    "gfcc": {
        "mean": [-136.787445068, 114.456848145, -98.9096450806, 32.4925613403, -47.8736534119, 18.6719474792, -40.4575500488, 5.79077482224, -25.3066577911, -6.47084140778, -7.40686178207, -2.98610186577, -8.53524112701],
        "cov": [[23156.8886719, -3736.16870117, -3309.74755859, -1086.69628906, -361.558776855, 932.785827637, -590.064331055, 899.208129883, -301.824401855, 577.651977539, -936.249328613, 168.387802124, -565.834655762], [-3736.16870117, 2871.83984375, 291.800994873, -319.764923096, 294.036102295, -450.121459961, 292.939941406, -482.772583008, 224.081069946, -361.98550415, 305.18548584, -186.522918701, 350.42565918], [-3309.74755859, 291.800994873, 1911.41650391, 435.848297119, 1.95386242867, -236.370132446, 39.7792930603, -187.266998291, -194.247207642, -27.735786438, 80.4918746948, 252.983154297, 9.36406040192], [-1086.69628906, -319.764923096, 435.848297119, 705.114257813, 44.7734146118, 9.09091377258, -46.3374290466, 56.0185508728, -8.37013149261, 16.9400482178, 64.4309692383, 35.0559844971, 53.7532958984], [-361.558776855, 294.036102295, 1.95386242867, 44.7734146118, 341.307617188, 53.8213996887, 103.989227295, 15.4105014801, 128.172134399, 11.1270809174, 19.0211753845, -42.5316619873, 62.6167831421], [932.785827637, -450.121459961, -236.370132446, 9.09091377258, 53.8213996887, 416.150024414, 74.9388656616, 172.587905884, 88.3407287598, 126.728469849, 6.50460767746, -19.6290588379, -23.4576473236], [-590.064331055, 292.939941406, 39.7792930603, -46.3374290466, 103.989227295, 74.9388656616, 287.155212402, 12.429060936, 63.6383666992, -36.1361656189, 70.6919250488, -14.2910223007, 30.1352615356], [899.208129883, -482.772583008, -187.266998291, 56.0185508728, 15.4105014801, 172.587905884, 12.429060936, 266.587005615, 97.6098556519, 115.25252533, -30.752040863, -1.0331236124, -42.6181259155], [-301.824401855, 224.081069946, -194.247207642, -8.37013149261, 128.172134399, 88.3407287598, 63.6383666992, 97.6098556519, 307.225524902, 85.8728408813, 49.7469825745, -108.745811462, 60.5217857361], [577.651977539, -361.98550415, -27.735786438, 16.9400482178, 11.1270809174, 126.728469849, -36.1361656189, 115.25252533, 85.8728408813, 211.250137329, -1.02626049519, 22.4992389679, -43.7404098511], [-936.249328613, 305.18548584, 80.4918746948, 64.4309692383, 19.0211753845, 6.50460767746, 70.6919250488, -30.752040863, 49.7469825745, -1.02626049519, 178.157684326, -3.73293590546, 59.9109725952], [168.387802124, -186.522918701, 252.983154297, 35.0559844971, -42.5316619873, -19.6290588379, -14.2910223007, -1.0331236124, -108.745811462, 22.4992389679, -3.73293590546, 165.830276489, -9.45296287537], [-565.834655762, 350.42565918, 9.36406040192, 53.7532958984, 62.6167831421, -23.4576473236, 30.1352615356, -42.6181259155, 60.5217857361, -43.7404098511, 59.9109725952, -9.45296287537, 162.29107666]],
        "icov": [[0.000104686361738, -4.9233345635e-005, 0.000188250982319, 2.31168141909e-005, 6.92953153703e-006, -0.000127153820358, 9.37974837143e-005, -0.000169275270309, 0.000199098038138, -0.000194430613192, 0.000387777894503, -0.000289584015263, 8.31908837426e-005], [-4.9233345635e-005, 0.00197872961871, -0.000556821702048, 0.00126115581952, -0.000887937785592, 0.00123272195924, -0.000554972677492, 0.00160194130149, -0.00144340365659, 0.00172778998967, -0.00223334366456, 0.00140069425106, -0.00187530997209], [0.000188250982319, -0.000556821702048, 0.00143014267087, -0.000927085347939, 0.000160883500939, -0.000115416631161, -0.000182095100172, 0.000177494002855, 0.000519496039487, -0.00102449872065, 0.00117039761972, -0.00222415849566, 0.00105340767186], [2.31168141909e-005, 0.00126115581952, -0.000927085347939, 0.00297465757467, -0.000987301347777, 0.000574380159378, 0.000622714986093, -0.000473626278108, -0.000171309133293, 0.00127425382379, -0.00216151284985, 0.00159515673295, -0.00205218512565], [6.92953153703e-006, -0.000887937785592, 0.000160883500939, -0.000987301347777, 0.00452207867056, -0.000808365584817, -0.00114242557902, -2.38519551203e-005, -0.000899697246496, -0.000975003058556, 0.00211823987775, -0.000494670064654, -0.000134609639645], [-0.000127153820358, 0.00123272195924, -0.000115416631161, 0.000574380159378, -0.000808365584817, 0.00496471906081, -0.00177508895285, -0.000608687114436, -0.000145802434417, -0.000951590947807, -0.00185303739272, 0.00169967929833, -0.00150842813309], [9.37974837143e-005, -0.000554972677492, -0.000182095100172, 0.000622714986093, -0.00114242557902, -0.00177508895285, 0.00580330658704, -0.00137669499964, -0.000357938319212, 0.00209168368019, -0.0013723106822, -0.00106495001819, 0.00121649133507], [-0.000169275270309, 0.00160194130149, 0.000177494002855, -0.000473626278108, -2.38519551203e-005, -0.000608687114436, -0.00137669499964, 0.00939668621868, -0.00423715868965, 0.00020411494188, -0.000335235556122, -0.00112420774531, 0.000435334135545], [0.000199098038138, -0.00144340365659, 0.000519496039487, -0.000171309133293, -0.000899697246496, -0.000145802434417, -0.000357938319212, -0.00423715868965, 0.0100468657911, -0.00554550904781, 0.000845977221616, 0.0043481499888, -0.00218292116188], [-0.000194430613192, 0.00172778998967, -0.00102449872065, 0.00127425382379, -0.000975003058556, -0.000951590947807, 0.00209168368019, 0.00020411494188, -0.00554550904781, 0.0116216884926, -0.00357870035805, -0.00195292034186, 0.00153994723223], [0.000387777894503, -0.00223334366456, 0.00117039761972, -0.00216151284985, 0.00211823987775, -0.00185303739272, -0.0013723106822, -0.000335235556122, 0.000845977221616, -0.00357870035805, 0.0116936843842, -0.00271872011945, 0.000149217099533], [-0.000289584015263, 0.00140069425106, -0.00222415849566, 0.00159515673295, -0.000494670064654, 0.00169967929833, -0.00106495001819, -0.00112420774531, 0.0043481499888, -0.00195292034186, -0.00271872011945, 0.0137332621962, -0.00443934323266], [8.31908837426e-005, -0.00187530997209, 0.00105340767186, -0.00205218512565, -0.000134609639645, -0.00150842813309, 0.00121649133507, 0.000435334135545, -0.00218292116188, 0.00153994723223, 0.000149217099533, -0.00443934323266, 0.0117577789351]]
    },
    "melbands": {
        "mean": [0.000715127913281, 0.00102364993654, 0.000376920623239, 0.000486224947963, 0.000218000364839, 6.80533266859e-005, 6.39558056719e-005, 8.84728578967e-005, 0.00016994048201, 4.89527701575e-005, 8.7621716375e-005, 0.000133857756737, 7.92796490714e-005, 6.11561990809e-005, 6.04432134423e-005, 0.00010880069749, 0.000106217485154, 8.20057612145e-005, 6.15207463852e-005, 2.79326741293e-005, 1.96816108655e-005, 1.74618417077e-005, 1.56460864673e-005, 9.20071306609e-006, 3.46808405993e-006, 2.33036485042e-006, 2.00869430955e-006, 2.49325557888e-006, 1.32765990202e-006, 6.02168370278e-007, 4.34442569031e-007, 5.39301424851e-007, 7.11763732397e-007, 6.18234651029e-007, 4.83901715143e-007, 4.40517084144e-007, 4.42196153472e-007, 5.38850486009e-007, 3.8840167349e-007, 3.21377797263e-007],
        "var": [3.62720857083e-006, 7.0141982178e-006, 3.46681531482e-007, 1.7237331349e-006, 1.26819983848e-007, 1.38299407482e-008, 1.41835521106e-008, 5.72213423311e-008, 2.14361307371e-007, 4.08674303287e-008, 1.1426025992e-007, 2.21128260591e-007, 1.68694711533e-007, 5.38244080417e-008, 6.57974865703e-008, 1.63580523349e-007, 2.07924443885e-007, 7.89939491597e-008, 5.42737410569e-008, 1.14355938052e-008, 6.14513684383e-009, 2.64879940204e-009, 1.53542245585e-009, 5.07847208731e-010, 8.04412161881e-011, 3.53144076481e-011, 2.37625578936e-011, 4.23012735951e-011, 1.22797718174e-011, 4.39241091416e-012, 1.85978077556e-012, 4.3383851199e-012, 3.0288918075e-012, 2.90430765375e-012, 1.74945453089e-012, 1.98857206743e-012, 1.68312705353e-012, 2.21306003037e-012, 1.04314332779e-012, 1.11404310256e-012]
    },
    "mfcc": {
        "mean": [-777.577331543, 133.943771362, 17.5301437378, 18.6006393433, 18.7823905945, 6.71441364288, 6.00969409943, 6.48625993729, -6.46471643448, -2.84063577652, -2.01002311707, -1.64265811443, -1.06214392185],
        "cov": [[19590.1757813, -907.609069824, -3821.00268555, -1562.71765137, -238.951034546, -306.303222656, -287.262329102, 118.287460327, 199.179702759, 526.612365723, 191.409133911, -11.935593605, -107.137023926], [-907.609069824, 1964.29003906, 62.8942184448, -122.044052124, -88.9358901978, -1.35210263729, -28.341053009, -66.0834350586, -54.678817749, -153.25151062, -125.968666077, -43.4523506165, -6.43006038666], [-3821.00268555, 62.8942184448, 1683.19384766, 598.461791992, 35.0434417725, 84.5475845337, 89.7284927368, -35.2995910645, -123.257011414, -270.530426025, -85.9285125732, -13.5096349716, 28.5416297913], [-1562.71765137, -122.044052124, 598.461791992, 635.329650879, 137.995620728, 4.61985492706, 23.4867477417, -13.1650810242, -43.0044326782, -119.595817566, -73.9153289795, -39.1746101379, 8.61555767059], [-238.951034546, -88.9358901978, 35.0434417725, 137.995620728, 279.375152588, 76.6830596924, -21.6413841248, -1.63889813423, 82.2559432983, 78.440536499, 12.7934188843, 29.9164218903, 29.1283340454], [-306.303222656, -1.35210263729, 84.5475845337, 4.61985492706, 76.6830596924, 204.82913208, 92.6618423462, 33.9740791321, 42.7830810547, 50.8880157471, 36.615737915, 30.9398117065, -1.06272852421], [-287.262329102, -28.341053009, 89.7284927368, 23.4867477417, -21.6413841248, 92.6618423462, 217.971893311, 100.723884583, -14.6981973648, -16.6268386841, 24.5123138428, 26.2448101044, -7.73246669769], [118.287460327, -66.0834350586, -35.2995910645, -13.1650810242, -1.63889813423, 33.9740791321, 100.723884583, 160.89491272, 54.8686637878, 33.0664672852, 27.4626655579, 27.3533191681, 6.29495239258], [199.179702759, -54.678817749, -123.257011414, -43.0044326782, 82.2559432983, 42.7830810547, -14.6981973648, 54.8686637878, 199.574172974, 136.981674194, 45.6111335754, 51.6466140747, 30.7293071747], [526.612365723, -153.25151062, -270.530426025, -119.595817566, 78.440536499, 50.8880157471, -16.6268386841, 33.0664672852, 136.981674194, 253.08026123, 110.099960327, 73.4935913086, 31.0743408203], [191.409133911, -125.968666077, -85.9285125732, -73.9153289795, 12.7934188843, 36.615737915, 24.5123138428, 27.4626655579, 45.6111335754, 110.099960327, 156.726730347, 83.9197235107, 24.9525928497], [-11.935593605, -43.4523506165, -13.5096349716, -39.1746101379, 29.9164218903, 30.9398117065, 26.2448101044, 27.3533191681, 51.6466140747, 73.4935913086, 83.9197235107, 130.714752197, 56.9258499146], [-107.137023926, -6.43006038666, 28.5416297913, 8.61555767059, 29.1283340454, -1.06272852421, -7.73246669769, 6.29495239258, 30.7293071747, 31.0743408203, 24.9525928497, 56.9258499146, 96.8406524658]],
        "icov": [[9.83134450507e-005, 4.80965827592e-005, 0.000203078438062, 6.43191451672e-005, 1.83374413609e-005, 6.42725217403e-006, 9.05772394617e-005, -8.43274174258e-005, 2.74621088465e-005, 6.35068281554e-005, 5.25665711848e-007, 1.93612004296e-006, 2.32877027884e-005], [4.80965827592e-005, 0.000607211666647, 8.30059798318e-005, 0.000248172815191, 9.44958665059e-005, -0.000193983389181, 8.80713123479e-005, 0.000156910566147, -0.000136990856845, 0.0004082066298, 0.000437508424511, -0.000150364721776, -9.85927254078e-005], [0.000203078438062, 8.30059798318e-005, 0.00156300817616, -0.000876407371834, 0.000440117670223, -0.000792366685346, 0.000220521556912, 6.7635839514e-005, -9.69500160863e-006, 0.0011533604702, -0.000167569800396, -0.000403913581977, -0.000366780208424], [6.43191451672e-005, 0.000248172815191, -0.000876407371834, 0.00324938097037, -0.00196087034419, 0.00104586954694, -0.000558064086363, -9.5685114502e-005, 6.89737789799e-005, 0.000581910600886, 0.000372747395886, 0.000771420716774, -0.000138327421155], [1.83374413609e-005, 9.44958665059e-005, 0.000440117670223, -0.00196087034419, 0.00618125637993, -0.00263156159781, 0.00143469695468, 0.000334493495757, -0.00116375484504, -0.00123367644846, 0.000942882383242, -0.000789604207966, -0.000737655849662], [6.42725217403e-006, -0.000193983389181, -0.000792366685346, 0.00104586954694, -0.00263156159781, 0.00856138020754, -0.00443692039698, 0.00139080546796, -0.0010425230721, -0.00128233223222, -0.000601567211561, 0.000297013611998, 0.00129822071176], [9.05772394617e-005, 8.80713123479e-005, 0.000220521556912, -0.000558064086363, 0.00143469695468, -0.00443692039698, 0.0100527349859, -0.00607868656516, 0.00246835709549, 0.000969397486188, -0.000336144992616, -0.00181327469181, 0.000866495422088], [-8.43274174258e-005, 0.000156910566147, 6.7635839514e-005, -9.5685114502e-005, 0.000334493495757, 0.00139080546796, -0.00607868656516, 0.0111742140725, -0.0039459397085, 0.000275065423921, -0.000230814999668, 0.000167973092175, -0.000266781949904], [2.74621088465e-005, -0.000136990856845, -9.69500160863e-006, 6.89737789799e-005, -0.00116375484504, -0.0010425230721, 0.00246835709549, -0.0039459397085, 0.0101630399004, -0.00461226189509, 0.00166801572777, -0.00145033060107, -0.000511975900736], [6.35068281554e-005, 0.0004082066298, 0.0011533604702, 0.000581910600886, -0.00123367644846, -0.00128233223222, 0.000969397486188, 0.000275065423921, -0.00461226189509, 0.0109575372189, -0.00476375781, -0.000275850296021, -0.000540708773769], [5.25665711848e-007, 0.000437508424511, -0.000167569800396, 0.000372747395886, 0.000942882383242, -0.000601567211561, -0.000336144992616, -0.000230814999668, 0.00166801572777, -0.00476375781, 0.0132542084903, -0.00677957059816, 0.00131319114007], [1.93612004296e-006, -0.000150364721776, -0.000403913581977, 0.000771420716774, -0.000789604207966, 0.000297013611998, -0.00181327469181, 0.000167973092175, -0.00145033060107, -0.000275850296021, -0.00677957059816, 0.0164711531252, -0.00725900987163], [2.32877027884e-005, -9.85927254078e-005, -0.000366780208424, -0.000138327421155, -0.000737655849662, 0.00129822071176, 0.000866495422088, -0.000266781949904, -0.000511975900736, -0.000540708773769, 0.00131319114007, -0.00725900987163, 0.0150531800464]]
    },
    "spectral_contrast_coeffs": {
        "mean": [-0.644570529461, -0.70397490263, -0.764713585377, -0.770787835121, -0.786938965321, -0.797488451004],
        "var": [0.0113647496328, 0.00880316272378, 0.00759943434969, 0.00697825942189, 0.00335915619507, 0.00161193450913]
    },
    "spectral_contrast_valleys": {
        "mean": [-8.19759845734, -8.30950641632, -8.80440616608, -9.23185539246, -9.31417369843, -11.8059387207],
        "var": [1.74127411842, 2.05976009369, 2.41926693916, 2.96848249435, 2.87572693825, 3.04662489891]
    }
},
"metadata": {
    "audio_properties": {
        "analysis_sample_rate": 44100,
        "bit_rate": 106609,
        "equal_loudness": 0,
        "length": 45.0612258911,
        "lossless": 0,
        "replay_gain": -5.92705535889,
        "sample_rate": 44100,
        "codec": "mp3",
        "downmix": "mix",
        "md5_encoded": "117c756879d9335f8e473559dae4902c"
    },
    "tags": {
        "file_name": "717.mp3"
    },
    "version": {
        "essentia": "2.1-beta2",
        "essentia_git_sha": "v2.1_beta2",
        "extractor": "music 1.0"
    }
},
"rhythm": {
    "beats_count": 82,
    "beats_loudness": {
        "mean": 0.0322951413691,
        "var": 0.00072620739229
    },
    "bpm": 110.767799377,
    "bpm_histogram_first_peak_bpm": {
        "mean": 112,
        "var": 0
    },
    "bpm_histogram_first_peak_spread": {
        "mean": 0.582278490067,
        "var": 0
    },
    "bpm_histogram_first_peak_weight": {
        "mean": 0.407407402992,
        "var": 0
    },
    "bpm_histogram_second_peak_bpm": {
        "mean": 105,
        "var": 0
    },
    "bpm_histogram_second_peak_spread": {
        "mean": 0,
        "var": 0
    },
    "bpm_histogram_second_peak_weight": {
        "mean": 0.0246913582087,
        "var": 0
    },
    "danceability": 1.10302841663,
    "onset_rate": 3.57130646706,
    "beats_loudness_band_ratio": {
        "mean": [0.510830760002, 0.258419543505, 0.0704406797886, 0.0891770198941, 0.0824304223061, 0.0326474159956],
        "var": [0.083944760263, 0.0431636497378, 0.0089964941144, 0.0189807973802, 0.0121142650023, 0.00122244365048]
    },
    "beats_position": [0.522448956966, 1.05650794506, 1.60217678547, 2.15945577621, 2.71673464775, 3.27401351929, 3.80807256699, 4.34213161469, 4.88780021667, 5.4334692955, 5.99074840546, 6.54802703857, 7.10530614853, 7.66258478165, 8.19664382935, 8.73070240021, 9.26476192474, 9.79882049561, 10.3444900513, 10.9017686844, 11.4474372864, 12.0047159195, 12.5619955063, 13.1076641083, 13.6533327103, 14.1990022659, 14.756280899, 15.3251695633, 15.8824491501, 16.4281177521, 16.9737873077, 17.5310649872, 18.0767345428, 18.6456241608, 19.1912918091, 19.7369613647, 20.2942390442, 20.8282985687, 21.3739681244, 21.9196376801, 22.4769153595, 23.010974884, 23.5450344086, 24.0790920258, 24.6131515503, 25.1472110748, 25.6928787231, 26.2385482788, 26.7726078033, 27.3066654205, 27.8407249451, 28.3863945007, 28.932062149, 29.4661216736, 30.0001811981, 30.5342407227, 31.0682983398, 31.6023578644, 32.1364173889, 32.6704750061, 33.204536438, 33.750202179, 34.2958717346, 34.8299331665, 35.3523788452, 35.8748283386, 36.397277832, 36.9429473877, 37.4770050049, 38.0226745605, 38.5683441162, 39.1024017334, 39.6480712891, 40.1705207825, 40.7045783997, 41.2386398315, 41.7843093872, 42.3299751282, 42.8640365601, 43.3980941772, 43.9321517944, 44.4662132263]
},
"tonal": {
    "chords_changes_rate": 0.0781892985106,
    "chords_number_rate": 0.0123456791043,
    "chords_strength": {
        "mean": 0.44724175334,
        "var": 0.00991480425
    },
    "hpcp_entropy": {
        "mean": 2.04719090462,
        "var": 0.640708267689
    },
    "key_strength": 0.755354702473,
    "tuning_diatonic_strength": 0.44675630331,
    "tuning_equal_tempered_deviation": 0.354966014624,
    "tuning_frequency": 434.193115234,
    "tuning_nontempered_energy_ratio": 0.967464387417,
    "hpcp": {
        "mean": [0.130373254418, 0.184049248695, 0.165165424347, 0.136531591415, 0.168501645327, 0.137095063925, 0.0812861323357, 0.0877168402076, 0.0875296071172, 0.0784629434347, 0.0958108603954, 0.0937329307199, 0.107382871211, 0.162184000015, 0.158317968249, 0.191681072116, 0.266818195581, 0.184394821525, 0.087507866323, 0.0851596742868, 0.0686346143484, 0.0514150224626, 0.0621513649821, 0.0826741978526, 0.0957818850875, 0.0797420814633, 0.0609787665308, 0.0898897275329, 0.111660085618, 0.0905566215515, 0.137554734945, 0.213621377945, 0.181912735105, 0.132124319673, 0.125099420547, 0.111436605453],
        "var": [0.04689046368, 0.0771552547812, 0.0594316497445, 0.0532399304211, 0.0802034214139, 0.0607483237982, 0.0253804214299, 0.036464177072, 0.0380000583827, 0.0296513065696, 0.044137313962, 0.0421133898199, 0.0427696183324, 0.0940765812993, 0.0737433433533, 0.0774441361427, 0.128575339913, 0.0745433494449, 0.0322904810309, 0.0475131608546, 0.0320247039199, 0.0148846032098, 0.014849501662, 0.0246943458915, 0.0421443991363, 0.0294961538166, 0.0214825384319, 0.0307361315936, 0.049279820174, 0.0319738425314, 0.0556841827929, 0.117146529257, 0.0803489536047, 0.0623616240919, 0.0556537657976, 0.0458332933486]
    },
    "chords_histogram": [25.3086414337, 6.48148155212, 3.70370364189, 0, 0, 0.514403283596, 0.823045253754, 23.6625518799, 6.17283964157, 15.7407407761, 2.67489719391, 2.36625504494, 0.205761313438, 0, 0, 0, 0, 1.54320991039, 3.18930029869, 6.17283964157, 0, 1.33744859695, 0, 0.102880656719],
    "thpcp": [1, 0.691087901592, 0.327968150377, 0.319167405367, 0.257233649492, 0.192696839571, 0.232935249805, 0.309852182865, 0.35897809267, 0.298862993717, 0.228540509939, 0.336895048618, 0.418487519026, 0.33939447999, 0.515537321568, 0.80062520504, 0.681785345078, 0.495184808969, 0.468856394291, 0.417649954557, 0.488622039557, 0.689792692661, 0.619018614292, 0.511702716351, 0.631522297859, 0.513814508915, 0.304649889469, 0.32875135541, 0.328049629927, 0.294068932533, 0.359086692333, 0.351298868656, 0.402457088232, 0.607844591141, 0.593355238438, 0.718395829201],
    "chords_key": "G",
    "chords_scale": "minor",
    "key_key": "G",
    "key_scale": "minor"
}
}