{
"lowlevel": {
    "average_loudness": 0.918562948704,
    "barkbands_crest": {
        "mean": 10.3528051376,
        "var": 13.896068573
    },
    "barkbands_flatness_db": {
        "mean": 0.140588253736,
        "var": 0.00189075921662
    },
    "barkbands_kurtosis": {
        "mean": 4.981590271,
        "var": 31.1353130341
    },
    "barkbands_skewness": {
        "mean": 1.82147729397,
        "var": 0.868763208389
    },
    "barkbands_spread": {
        "mean": 17.4667930603,
        "var": 63.317325592
    },
    "dissonance": {
        "mean": 0.451277494431,
        "var": 0.000996528193355
    },
    "dynamic_complexity": 2.00100874901,
    "erbbands_crest": {
        "mean": 9.57382011414,
        "var": 22.1700496674
    },
    "erbbands_flatness_db": {
        "mean": 0.143768623471,
        "var": 0.00149411160965
    },
    "erbbands_kurtosis": {
        "mean": 0.402008444071,
        "var": 2.38463401794
    },
    "erbbands_skewness": {
        "mean": 0.591968297958,
        "var": 0.275274515152
    },
    "erbbands_spread": {
        "mean": 37.826084137,
        "var": 191.432479858
    },
    "hfc": {
        "mean": 18.4800567627,
        "var": 137.902359009
    },
    "melbands_crest": {
        "mean": 14.4865980148,
        "var": 28.2519245148
    },
    "melbands_flatness_db": {
        "mean": 0.215692192316,
        "var": 0.00251872465014
    },
    "melbands_kurtosis": {
        "mean": 13.109462738,
        "var": 197.180892944
    },
    "melbands_skewness": {
        "mean": 2.65724158287,
        "var": 1.82183670998
    },
    "melbands_spread": {
        "mean": 16.9003162384,
        "var": 108.004325867
    },
    "pitch_salience": {
        "mean": 0.499080479145,
        "var": 0.0125974547118
    },
    "silence_rate_20dB": {
        "mean": 1,
        "var": 0
    },
    "silence_rate_30dB": {
        "mean": 0.976313054562,
        "var": 0.0231256913394
    },
    "silence_rate_60dB": {
        "mean": 0.00308959838003,
        "var": 0.00308004394174
    },
    "spectral_centroid": {
        "mean": 1041.14196777,
        "var": 316546.8125
    },
    "spectral_complexity": {
        "mean": 16.9454174042,
        "var": 41.6267585754
    },
    "spectral_decrease": {
        "mean": -9.70817026769e-009,
        "var": 5.14059498041e-017
    },
    "spectral_energy": {
        "mean": 0.0383170992136,
        "var": 0.000775153399445
    },
    "spectral_energyband_high": {
        "mean": 0.000567782146391,
        "var": 3.78873863838e-007
    },
    "spectral_energyband_low": {
        "mean": 0.0175554733723,
        "var": 0.000397249124944
    },
    "spectral_energyband_middle_high": {
        "mean": 0.0049310256727,
        "var": 1.5548816009e-005
    },
    "spectral_energyband_middle_low": {
        "mean": 0.0162750855088,
        "var": 0.000170542101841
    },
    "spectral_entropy": {
        "mean": 7.33744668961,
        "var": 0.164909332991
    },
    "spectral_flux": {
        "mean": 0.088881932199,
        "var": 0.00206020800397
    },
    "spectral_kurtosis": {
        "mean": 4.37150526047,
        "var": 4.92606973648
    },
    "spectral_rms": {
        "mean": 0.00574059830979,
        "var": 4.42805321654e-006
    },
    "spectral_rolloff": {
        "mean": 886.420471191,
        "var": 901862.375
    },
    "spectral_skewness": {
        "mean": 1.6738306284,
        "var": 0.112506993115
    },
    "spectral_spread": {
        "mean": 4816741.5,
        "var": 3.29783784243e+012
    },
    "spectral_strongpeak": {
        "mean": 0.916290581226,
        "var": 1.06521272659
    },
    "zerocrossingrate": {
        "mean": 0.0472707524896,
        "var": 0.000739047420211
    },
    "barkbands": {
        "mean": [0.00027192561538, 0.00942662917078, 0.00707536796108, 0.00125084049068, 0.00559418741614, 0.0028232045006, 0.00384364952333, 0.00160055421293, 0.000774621439632, 0.0011955719674, 0.00087667349726, 0.00078009639401, 0.000539313827176, 0.000258337066043, 0.000375774980057, 0.000324152730173, 0.000220495596295, 0.000222712711548, 0.000202850089408, 0.000180966002517, 0.00012710414012, 0.000111393717816, 7.05109850969e-005, 8.01772548584e-005, 5.57244202355e-005, 3.06979636662e-005, 3.56094324161e-006],
        "var": [2.26101292355e-007, 0.000179661365109, 0.000109542314021, 3.2770492453e-006, 5.14319326612e-005, 1.36766784635e-005, 4.465775055e-005, 4.83742860524e-006, 2.80831136479e-006, 5.14839621246e-006, 2.15427030525e-006, 1.54008750997e-006, 1.67689381669e-006, 2.42190992594e-007, 2.56569961721e-007, 1.88153705949e-007, 9.54491170546e-008, 9.10510848939e-008, 1.87105470673e-007, 6.6725718284e-008, 1.94154647915e-008, 1.57002144618e-008, 1.06035082936e-008, 1.47492835723e-008, 7.35788452388e-009, 2.77960876538e-009, 9.92382565013e-011]
    },
    "erbbands": {
        "mean": [0.280897349119, 2.13873529434, 8.0183172226, 5.81911373138, 10.0796918869, 22.8859481812, 20.1779022217, 20.539730072, 41.7993507385, 57.8076858521, 34.9871330261, 15.5478811264, 28.2143383026, 49.7315101624, 28.2060966492, 34.7065658569, 26.0026569366, 18.2368602753, 17.0343341827, 16.1049842834, 18.7046642303, 9.92311191559, 13.6879224777, 13.1566858292, 7.61965942383, 9.55032253265, 5.90985107422, 4.49615955353, 3.88313102722, 2.89091801643, 2.05412960052, 1.79752898216, 1.19936323166, 0.673780202866, 0.36804625392, 0.164012655616, 0.0495446696877, 0.0101204458624, 0.000394481117837, 5.24477800354e-005],
        "var": [0.196213290095, 8.92793941498, 138.058273315, 43.8067855835, 231.623931885, 980.047058105, 807.602355957, 845.294433594, 2478.16845703, 11795.9990234, 1841.74609375, 535.075683594, 2601.71044922, 8914.29394531, 1287.51940918, 3022.77368164, 3618.07958984, 750.747253418, 467.930358887, 432.632781982, 476.838287354, 126.27456665, 323.539733887, 1034.27319336, 67.4794158936, 232.405197144, 44.5256156921, 22.2866249084, 22.2441310883, 14.8438997269, 8.03783130646, 7.81614017487, 3.29490828514, 1.20136451721, 0.318217486143, 0.0659054741263, 0.0103319101036, 0.000512088299729, 1.17178387882e-006, 1.52675316833e-009]
    },
    "gfcc": {
        "mean": [21.1734714508, 101.485656738, -104.451934814, 33.0216140747, -58.6630973816, 17.1756229401, -36.3110160828, 10.6055364609, -23.2138366699, 6.02545547485, -13.0464696884, 3.47119951248, -9.41254997253],
        "cov": [[4762.80419922, -168.914093018, -33.4084091187, 102.260116577, -228.135284424, 78.288192749, -162.762145996, 73.0235748291, -178.235290527, 75.392829895, -120.212203979, 52.4821662903, -106.340034485], [-168.914093018, 688.919067383, -183.201263428, 33.0637741089, 0.822872042656, -40.2840003967, 31.3325252533, -85.3226852417, 109.185096741, -46.8183250427, 80.3516693115, -79.4902572632, 88.2707290649], [-33.4084091187, -183.201263428, 367.097900391, 21.3199672699, 70.556022644, 39.2507820129, 20.1556549072, 40.220489502, -20.5856342316, 46.2065696716, -22.3363246918, 39.2924957275, -49.3672332764], [102.260116577, 33.0637741089, 21.3199672699, 225.941650391, 36.9509849548, 14.0504722595, 27.5711231232, 33.1554031372, 10.042681694, -31.0833091736, 7.18330430984, -17.3162555695, 24.6831512451], [-228.135284424, 0.822872042656, 70.556022644, 36.9509849548, 143.745834351, 37.3382949829, 49.29347229, 19.3761100769, 24.4932479858, 6.12230491638, 6.83361387253, 5.6063990593, -10.2640295029], [78.288192749, -40.2840003967, 39.2507820129, 14.0504722595, 37.3382949829, 102.753120422, 30.3461151123, 19.4624919891, -4.37521266937, 5.85216999054, -2.56244778633, 10.587266922, -10.0258960724], [-162.762145996, 31.3325252533, 20.1556549072, 27.5711231232, 49.29347229, 30.3461151123, 107.641967773, 45.2393913269, 25.6318244934, -13.2378940582, 15.4976482391, 3.02361702919, 6.06042480469], [73.0235748291, -85.3226852417, 40.220489502, 33.1554031372, 19.3761100769, 19.4624919891, 45.2393913269, 95.2333679199, 17.0760879517, 9.69302368164, 1.9113304615, 19.5513629913, -7.22237968445], [-178.235290527, 109.185096741, -20.5856342316, 10.042681694, 24.4932479858, -4.37521266937, 25.6318244934, 17.0760879517, 101.803817749, 36.9074707031, 24.4514827728, -15.0557146072, 9.5416765213], [75.392829895, -46.8183250427, 46.2065696716, -31.0833091736, 6.12230491638, 5.85216999054, -13.2378940582, 9.69302368164, 36.9074707031, 113.721946716, 16.753200531, 9.76378726959, -29.4058380127], [-120.212203979, 80.3516693115, -22.3363246918, 7.18330430984, 6.83361387253, -2.56244778633, 15.4976482391, 1.9113304615, 24.4514827728, 16.753200531, 102.599258423, 31.6095294952, 10.1491069794], [52.4821662903, -79.4902572632, 39.2924957275, -17.3162555695, 5.6063990593, 10.587266922, 3.02361702919, 19.5513629913, -15.0557146072, 9.76378726959, 31.6095294952, 84.3628005981, 11.2435894012], [-106.340034485, 88.2707290649, -49.3672332764, 24.6831512451, -10.2640295029, -10.0258960724, 6.06042480469, -7.22237968445, 9.5416765213, -29.4058380127, 10.1491069794, 11.2435894012, 96.9283370972]],
        "icov": [[0.000350605085259, -0.000429646403063, 0.000183506213943, -0.00040243472904, 0.00052209966816, -0.000412370107369, 0.000501578382682, -0.000758766778745, 0.000892451149411, -0.000657642551232, 0.000774477317464, -0.000752922147512, 0.000615475117229], [-0.000429646403063, 0.00409736298025, 6.20856881142e-005, 0.000485759635922, -0.000516034197062, 0.000652445538435, -0.00174714170862, 0.00421131495386, -0.00444124499336, 0.00246427068487, -0.00378472893499, 0.0039426474832, -0.00273520662449], [0.000183506213943, 6.20856881142e-005, 0.00407090829685, -0.000873296230566, -0.00129307212774, -0.000300165149383, -0.000229649507673, -0.000577422208153, 0.00144559552427, -0.002011599252, 0.00175746844616, -0.00224190228619, 0.00156737328507], [-0.00040243472904, 0.000485759635922, -0.000873296230566, 0.00617450801656, -0.00185480841901, 3.07728041662e-005, 0.000345123029547, -0.00184918195009, -0.000832434452605, 0.00244186376221, -0.0024681573268, 0.00375902513042, -0.00260848016478], [0.00052209966816, -0.000516034197062, -0.00129307212774, -0.00185480841901, 0.0109136337414, -0.00271601881832, -0.00291488156654, 0.000906931818463, -0.00144590903074, -0.00041147263255, 0.00133474194445, -0.00206988980062, 0.00209891283885], [-0.000412370107369, 0.000652445538435, -0.000300165149383, 3.07728041662e-005, -0.00271601881832, 0.0123593974859, -0.00347413634881, 0.000651445763651, 0.000652869348414, -0.000501788919792, -6.97861905792e-005, -0.000160034906003, -0.00014136293612], [0.000501578382682, -0.00174714170862, -0.000229649507673, 0.000345123029547, -0.00291488156654, -0.00347413634881, 0.0170808602124, -0.00900162290782, -0.000262439687504, 0.00251959054731, -0.000892513082363, 0.000268218573183, 0.000382349913707], [-0.000758766778745, 0.00421131495386, -0.000577422208153, -0.00184918195009, 0.000906931818463, 0.000651445763651, -0.00900162290782, 0.0211924128234, -0.0077383001335, 0.00167895387858, -0.00118432752788, -0.00144998391625, -0.000622124702204], [0.000892451149411, -0.00444124499336, 0.00144559552427, -0.000832434452605, -0.00144590903074, 0.000652869348414, -0.000262439687504, -0.0077383001335, 0.0215869564563, -0.00984363630414, 0.00144664512482, 0.000684717088006, -1.61280349857e-005], [-0.000657642551232, 0.00246427068487, -0.002011599252, 0.00244186376221, -0.00041147263255, -0.000501788919792, 0.00251959054731, 0.00167895387858, -0.00984363630414, 0.0160121023655, -0.00464278133586, 0.00172684539575, 0.00137259706389], [0.000774477317464, -0.00378472893499, 0.00175746844616, -0.0024681573268, 0.00133474194445, -6.97861905792e-005, -0.000892513082363, -0.00118432752788, 0.00144664512482, -0.00464278133586, 0.01782945171, -0.011543687433, 0.00384292867966], [-0.000752922147512, 0.0039426474832, -0.00224190228619, 0.00375902513042, -0.00206988980062, -0.000160034906003, 0.000268218573183, -0.00144998391625, 0.000684717088006, 0.00172684539575, -0.011543687433, 0.0236443467438, -0.0079536922276], [0.000615475117229, -0.00273520662449, 0.00156737328507, -0.00260848016478, 0.00209891283885, -0.00014136293612, 0.000382349913707, -0.000622124702204, -1.61280349857e-005, 0.00137259706389, 0.00384292867966, -0.0079536922276, 0.016021201387]]
    },
    "melbands": {
        "mean": [0.00251291459426, 0.0037172595039, 0.00108004035428, 0.00130307523068, 0.000719662930351, 0.000487921439344, 0.000726413563825, 0.000565169437323, 0.000265344307991, 9.19951271499e-005, 0.000136895396281, 0.000197817527805, 0.000104776008811, 9.2945760116e-005, 6.38456840534e-005, 5.4289081163e-005, 3.13263954013e-005, 2.31298145081e-005, 2.63702386292e-005, 2.31590092881e-005, 2.09941554203e-005, 9.80061668088e-006, 1.21795310406e-005, 1.17427425721e-005, 1.09498823804e-005, 5.38350286661e-006, 5.33882484888e-006, 6.4591872615e-006, 3.76025809601e-006, 3.1368758755e-006, 2.52601171269e-006, 2.27234227168e-006, 1.90501100406e-006, 1.46434683757e-006, 1.20088930089e-006, 1.00756039956e-006, 1.14396516437e-006, 8.95939649581e-007, 6.51419099995e-007, 5.39885775197e-007],
        "var": [1.3923782717e-005, 2.42474634433e-005, 1.37302254188e-006, 3.39029656971e-006, 7.70844167164e-007, 4.51740817198e-007, 9.31866225073e-007, 9.55880409492e-007, 1.27783067683e-007, 2.94223791997e-008, 6.4599348093e-008, 1.57172152626e-007, 2.19714806349e-008, 2.23437588431e-008, 1.77248757893e-008, 1.2303875252e-008, 3.29684590739e-009, 9.76159042487e-010, 1.79028514236e-009, 1.11370868083e-009, 6.83258782885e-010, 2.41945075086e-010, 2.63080252028e-010, 2.62979499288e-010, 9.3056673478e-010, 4.37540073617e-011, 5.40634065294e-011, 1.08363630569e-010, 2.13320680564e-011, 1.55196411278e-011, 8.55244260828e-012, 8.48777905599e-012, 6.18936412539e-012, 5.41264862791e-012, 2.93960927648e-012, 2.71788733013e-012, 3.51244055542e-012, 2.01398728424e-012, 1.04402977149e-012, 9.27379158709e-013]
    },
    "mfcc": {
        "mean": [-626.39831543, 129.523162842, 13.3178052902, 23.2056694031, 3.8032245636, 6.35696458817, 0.633204996586, 2.69686412811, 0.355182558298, 0.2132448107, -1.75894606113, 2.73804497719, 2.83881783485],
        "cov": [[2614.59326172, -146.745910645, 98.9102096558, -10.2050542831, -39.0417060852, -30.8488502502, 11.0417814255, -23.3071117401, -38.0924339294, -12.9154558182, -35.5178642273, -10.6064281464, -41.4897727966], [-146.745910645, 492.356384277, -71.4455871582, 3.6960413456, -7.18059778214, 27.8452739716, -38.3632202148, -31.9013233185, 10.0745649338, -12.6099920273, 6.4736161232, 26.1758556366, 15.7008543015], [98.9102096558, -71.4455871582, 199.257415771, 36.1085319519, 32.7578353882, 15.4779977798, 27.3456897736, 20.5219535828, 5.1271071434, 4.47560453415, 20.8118095398, 0.153231695294, 5.28918981552], [-10.2050542831, 3.6960413456, 36.1085319519, 163.010787964, 38.8118972778, 8.61057376862, 17.6366558075, 26.8569221497, 21.9703178406, 23.9367656708, 14.8618440628, -0.65918970108, -0.927508711815], [-39.0417060852, -7.18059778214, 32.7578353882, 38.8118972778, 94.7086334229, 36.2301445007, 19.3470153809, 14.3823547363, 5.646027565, 5.05173015594, 12.415512085, 4.57962465286, 14.3064470291], [-30.8488502502, 27.8452739716, 15.4779977798, 8.61057376862, 36.2301445007, 93.6538925171, 19.1100006104, 3.08740568161, 20.5036010742, -2.3413040638, 7.3669462204, 15.2858829498, 15.2607507706], [11.0417814255, -38.3632202148, 27.3456897736, 17.6366558075, 19.3470153809, 19.1100006104, 94.7194595337, 53.1373519897, -1.07332980633, 2.72524929047, 4.4309053421, -2.9271941185, -4.82560634613], [-23.3071117401, -31.9013233185, 20.5219535828, 26.8569221497, 14.3823547363, 3.08740568161, 53.1373519897, 112.221122742, 16.6720962524, 3.35805678368, 5.68430614471, -5.8416929245, -6.53360414505], [-38.0924339294, 10.0745649338, 5.1271071434, 21.9703178406, 5.646027565, 20.5036010742, -1.07332980633, 16.6720962524, 91.6178512573, 32.6453018188, -4.2396197319, -3.39303350449, 3.75261211395], [-12.9154558182, -12.6099920273, 4.47560453415, 23.9367656708, 5.05173015594, -2.3413040638, 2.72524929047, 3.35805678368, 32.6453018188, 97.5090179443, 22.8638763428, -20.0186271667, -10.9883756638], [-35.5178642273, 6.4736161232, 20.8118095398, 14.8618440628, 12.415512085, 7.3669462204, 4.4309053421, 5.68430614471, -4.2396197319, 22.8638763428, 103.398124695, 40.8403625488, 10.9204692841], [-10.6064281464, 26.1758556366, 0.153231695294, -0.65918970108, 4.57962465286, 15.2858829498, -2.9271941185, -5.8416929245, -3.39303350449, -20.0186271667, 40.8403625488, 101.03503418, 42.6355400085], [-41.4897727966, 15.7008543015, 5.28918981552, -0.927508711815, 14.3064470291, 15.2607507706, -4.82560634613, -6.53360414505, 3.75261211395, -10.9883756638, 10.9204692841, 42.6355400085, 83.8248901367]],
        "icov": [[0.000408416002756, 8.78070786712e-005, -0.000237077169004, -1.79133439815e-005, 0.000186727746041, 2.77849085251e-005, -6.08130030741e-005, 0.000134437446832, 0.000143664394272, -3.92453730456e-005, 0.000213489445741, -0.000166634010384, 0.000215878739255], [8.78070786712e-005, 0.00233523105271, 0.00077441619942, -0.000377700984245, 0.000298460450722, -0.000920268241316, 0.000739039212931, 0.000276218663203, -0.000168329279404, 0.000347282213625, -0.000207155870157, -0.000268473057076, -4.97085893585e-005], [-0.000237077169004, 0.00077441619942, 0.00608555506915, -0.000879424042068, -0.00123060471378, -0.000404711434385, -0.000858974410221, -3.55890588253e-005, -0.000396830437239, 0.000646020343993, -0.0014160615392, 0.000757299305405, -0.00052288005827], [-1.79133439815e-005, -0.000377700984245, -0.000879424042068, 0.00753210950643, -0.00287379208021, 0.000985629623756, -0.000279534375295, -0.00103983213194, -0.00120049668476, -0.00119273143355, -0.000252784520853, -0.00033187304507, 0.000513725797646], [0.000186727746041, 0.000298460450722, -0.00123060471378, -0.00287379208021, 0.0147920055315, -0.0052204024978, -0.000636078300886, -0.000636837270577, 0.00137850677129, -0.000311127922032, -0.000754740322009, 0.00120565667748, -0.0021954451222], [2.77849085251e-005, -0.000920268241316, -0.000404711434385, 0.000985629623756, -0.0052204024978, 0.0148929813877, -0.0036810466554, 0.00206494447775, -0.00408062292263, 0.00144459481817, -0.000324917316902, -0.0012147546513, -0.000616537057795], [-6.08130030741e-005, 0.000739039212931, -0.000858974410221, -0.000279534375295, -0.000636078300886, -0.0036810466554, 0.0163129121065, -0.00749954814091, 0.00280094030313, -0.00109479087405, 0.000576290127356, -0.000271136028459, 0.000809775840025], [0.000134437446832, 0.000276218663203, -3.55890588253e-005, -0.00103983213194, -0.000636837270577, 0.00206494447775, -0.00749954814091, 0.0134175382555, -0.0033403118141, 0.00172648148146, -0.00114441395272, 0.000678734097164, 0.000532102712896], [0.000143664394272, -0.000168329279404, -0.000396830437239, -0.00120049668476, 0.00137850677129, -0.00408062292263, 0.00280094030313, -0.0033403118141, 0.0149648739025, -0.00579356821254, 0.00286519993097, -0.000979305477813, -0.000781660783105], [-3.92453730456e-005, 0.000347282213625, 0.000646020343993, -0.00119273143355, -0.000311127922032, 0.00144459481817, -0.00109479087405, 0.00172648148146, -0.00579356821254, 0.0147684384137, -0.00544581050053, 0.00456437654793, 0.000306434871163], [0.000213489445741, -0.000207155870157, -0.0014160615392, -0.000252784520853, -0.000754740322009, -0.000324917316902, 0.000576290127356, -0.00114441395272, 0.00286519993097, -0.00544581050053, 0.0142536871135, -0.00719171110541, 0.00132178387139], [-0.000166634010384, -0.000268473057076, 0.000757299305405, -0.00033187304507, 0.00120565667748, -0.0012147546513, -0.000271136028459, 0.000678734097164, -0.000979305477813, 0.00456437654793, -0.00719171110541, 0.0168482605368, -0.00702134985477], [0.000215878739255, -4.97085893585e-005, -0.00052288005827, 0.000513725797646, -0.0021954451222, -0.000616537057795, 0.000809775840025, 0.000532102712896, -0.000781660783105, 0.000306434871163, 0.00132178387139, -0.00702134985477, 0.0161337088794]]
    },
    "spectral_contrast_coeffs": {
        "mean": [-0.643978595734, -0.691999495029, -0.72052282095, -0.739910662174, -0.762277185917, -0.739022612572],
        "var": [0.00648133549839, 0.00587983755395, 0.00477415043861, 0.0030862421263, 0.00222223298624, 0.00139058486093]
    },
    "spectral_contrast_valleys": {
        "mean": [-6.78137207031, -6.51378250122, -7.42338848114, -8.01010417938, -7.90572881699, -10.4072618484],
        "var": [1.12123036385, 1.17144441605, 1.08728134632, 0.99731785059, 1.02551341057, 1.06133639812]
    }
},
"metadata": {
    "audio_properties": {
        "analysis_sample_rate": 44100,
        "bit_rate": 109325,
        "equal_loudness": 0,
        "length": 45.0612258911,
        "lossless": 0,
        "replay_gain": -6.66445922852,
        "sample_rate": 44100,
        "codec": "mp3",
        "downmix": "mix",
        "md5_encoded": "7957d65cf073f4481b8fd9749376c406"
    },
    "tags": {
        "file_name": "718.mp3"
    },
    "version": {
        "essentia": "2.1-beta2",
        "essentia_git_sha": "v2.1_beta2",
        "extractor": "music 1.0"
    }
},
"rhythm": {
    "beats_count": 69,
    "beats_loudness": {
        "mean": 0.066441103816,
        "var": 0.000792909297161
    },
    "bpm": 93.3183135986,
    "bpm_histogram_first_peak_bpm": {
        "mean": 94,
        "var": 0
    },
    "bpm_histogram_first_peak_spread": {
        "mean": 0.40625,
        "var": 0
    },
    "bpm_histogram_first_peak_weight": {
        "mean": 0.558823525906,
        "var": 0
    },
    "bpm_histogram_second_peak_bpm": {
        "mean": 89,
        "var": 0
    },
    "bpm_histogram_second_peak_spread": {
        "mean": 0.249999985099,
        "var": 0
    },
    "bpm_histogram_second_peak_weight": {
        "mean": 0.0441176481545,
        "var": 0
    },
    "danceability": 1.61455893517,
    "onset_rate": 4.05931091309,
    "beats_loudness_band_ratio": {
        "mean": [0.619909226894, 0.17298361659, 0.127542182803, 0.0692682340741, 0.0295934882015, 0.0212161745876],
        "var": [0.0255694650114, 0.0126440897584, 0.00634904205799, 0.00257128383964, 0.000342961720889, 0.000248567521339]
    },
    "beats_position": [0.66176867485, 1.34675729275, 2.02013611794, 2.68190479279, 3.34367346764, 4.01705217361, 4.71365070343, 5.3754196167, 6.03718805313, 6.67573690414, 7.32589578629, 7.96444416046, 8.6146030426, 9.25315189362, 9.89170074463, 10.5418596268, 11.1687984467, 11.807346344, 12.445895195, 13.0960540771, 13.7462129593, 14.3847618103, 15.0233106613, 15.6734695435, 16.3236274719, 16.9621772766, 17.600725174, 18.2276649475, 18.8546028137, 19.4931507111, 20.1317005157, 20.7702484131, 21.4087982178, 22.0473461151, 22.6858959198, 23.3244438171, 23.9629936218, 24.6015415192, 25.2400894165, 25.8786392212, 26.5171871185, 27.1441268921, 27.7710647583, 28.409614563, 29.0481624603, 29.686712265, 30.3252601624, 30.9754180908, 31.6255779266, 32.2525177002, 32.8910636902, 33.5296134949, 34.1797714233, 34.818321228, 35.4568710327, 36.118637085, 36.7804069519, 37.4305648804, 38.0807266235, 38.7192726135, 39.3578224182, 40.0079803467, 40.6465301514, 41.2850799561, 41.9352378845, 42.5737876892, 43.2123336792, 43.8508834839, 44.4894332886]
},
"tonal": {
    "chords_changes_rate": 0.0617283955216,
    "chords_number_rate": 0.00925925932825,
    "chords_strength": {
        "mean": 0.462643027306,
        "var": 0.00611079623923
    },
    "hpcp_entropy": {
        "mean": 1.76224410534,
        "var": 0.499049425125
    },
    "key_strength": 0.692703723907,
    "tuning_diatonic_strength": 0.549649775028,
    "tuning_equal_tempered_deviation": 0.0235646106303,
    "tuning_frequency": 443.572570801,
    "tuning_nontempered_energy_ratio": 0.66084676981,
    "hpcp": {
        "mean": [0.341560214758, 0.275309205055, 0.206777051091, 0.244719654322, 0.189271867275, 0.0967070683837, 0.0850576013327, 0.0906743630767, 0.12839435041, 0.15988072753, 0.107959493995, 0.0619379281998, 0.063595764339, 0.057799782604, 0.163878396153, 0.277533233166, 0.179522126913, 0.0890577435493, 0.0899573415518, 0.0511600971222, 0.0336385443807, 0.0394691079855, 0.040947560221, 0.0482126921415, 0.0434920713305, 0.0354597195983, 0.0662806257606, 0.0946217104793, 0.10189447552, 0.200369715691, 0.259605020285, 0.165482416749, 0.112918019295, 0.135780990124, 0.172391563654, 0.262966096401],
        "var": [0.10989844799, 0.084794357419, 0.0616992712021, 0.114625021815, 0.0859501510859, 0.0265669375658, 0.0303648430854, 0.0348072908819, 0.0499812215567, 0.0759330764413, 0.0451012849808, 0.0181774944067, 0.023594379425, 0.0172468628734, 0.0460781008005, 0.108226433396, 0.0551998987794, 0.0357799008489, 0.0519805364311, 0.0160275734961, 0.00608091428876, 0.00594193022698, 0.00841916538775, 0.016236776486, 0.00860448833555, 0.00503769190982, 0.0144012672827, 0.0294709783047, 0.0323896333575, 0.0748324766755, 0.105585128069, 0.0527488552034, 0.0504046417773, 0.0659463256598, 0.0803803429008, 0.10172072053]
    },
    "chords_histogram": [34.0534973145, 1.23456788063, 4.42386817932, 0.308641970158, 5.86419773102, 0, 0, 2.88065838814, 0, 41.3580245972, 2.16049385071, 0.102880656719, 0, 0, 0, 0, 0, 0, 0, 0, 0, 0, 4.11522626877, 3.49794244766],
    "thpcp": [1, 0.806034147739, 0.605389773846, 0.716475903988, 0.554139077663, 0.283133298159, 0.249026671052, 0.265471100807, 0.375905454159, 0.468089431524, 0.316077500582, 0.181338235736, 0.186191961169, 0.169222816825, 0.479793578386, 0.812545537949, 0.525594353676, 0.260738044977, 0.263371825218, 0.149783536792, 0.0984849631786, 0.115555346012, 0.119883872569, 0.141154304147, 0.127333536744, 0.103816889226, 0.194052532315, 0.277027904987, 0.298320680857, 0.586630702019, 0.760056376457, 0.484489738941, 0.330594778061, 0.397531628609, 0.504717946053, 0.769896745682],
    "chords_key": "D",
    "chords_scale": "major",
    "key_key": "G",
    "key_scale": "minor"
}
}