{
"lowlevel": {
    "average_loudness": 0.917444109917,
    "barkbands_crest": {
        "mean": 8.14428710938,
        "var": 12.6866598129
    },
    "barkbands_flatness_db": {
        "mean": 0.105985596776,
        "var": 0.00155918428209
    },
    "barkbands_kurtosis": {
        "mean": 1.3743917942,
        "var": 13.1228427887
    },
    "barkbands_skewness": {
        "mean": 1.07787132263,
        "var": 0.704425036907
    },
    "barkbands_spread": {
        "mean": 29.0464611053,
        "var": 228.362579346
    },
    "dissonance": {
        "mean": 0.467236310244,
        "var": 0.000500715977978
    },
    "dynamic_complexity": 2.02724218369,
    "erbbands_crest": {
        "mean": 8.097448349,
        "var": 17.9577007294
    },
    "erbbands_flatness_db": {
        "mean": 0.142936125398,
        "var": 0.00128097750712
    },
    "erbbands_kurtosis": {
        "mean": 0.0532232634723,
        "var": 2.39330935478
    },
    "erbbands_skewness": {
        "mean": 0.110381908715,
        "var": 0.459718465805
    },
    "erbbands_spread": {
        "mean": 40.4666175842,
        "var": 278.234283447
    },
    "hfc": {
        "mean": 28.4235649109,
        "var": 587.078552246
    },
    "melbands_crest": {
        "mean": 12.1894712448,
        "var": 19.0601558685
    },
    "melbands_flatness_db": {
        "mean": 0.154524579644,
        "var": 0.00246544671245
    },
    "melbands_kurtosis": {
        "mean": 7.45203876495,
        "var": 85.6221313477
    },
    "melbands_skewness": {
        "mean": 2.15920972824,
        "var": 1.31313753128
    },
    "melbands_spread": {
        "mean": 31.9597854614,
        "var": 445.099975586
    },
    "pitch_salience": {
        "mean": 0.572807908058,
        "var": 0.0102004874498
    },
    "silence_rate_20dB": {
        "mean": 1,
        "var": 0
    },
    "silence_rate_30dB": {
        "mean": 0.998456001282,
        "var": 0.00154162012041
    },
    "silence_rate_60dB": {
        "mean": 0.00308800814673,
        "var": 0.00307847349904
    },
    "spectral_centroid": {
        "mean": 1565.17810059,
        "var": 457584.71875
    },
    "spectral_complexity": {
        "mean": 24.232629776,
        "var": 86.0106582642
    },
    "spectral_decrease": {
        "mean": -6.5064296173e-009,
        "var": 1.86498969864e-017
    },
    "spectral_energy": {
        "mean": 0.0271348953247,
        "var": 0.000298521743389
    },
    "spectral_energyband_high": {
        "mean": 0.00151023815852,
        "var": 6.58216822558e-006
    },
    "spectral_energyband_low": {
        "mean": 0.00733774667606,
        "var": 0.000101730744063
    },
    "spectral_energyband_middle_high": {
        "mean": 0.00668174447492,
        "var": 3.21795232594e-005
    },
    "spectral_energyband_middle_low": {
        "mean": 0.0125764654949,
        "var": 0.000136321716127
    },
    "spectral_entropy": {
        "mean": 7.7554769516,
        "var": 0.10463193059
    },
    "spectral_flux": {
        "mean": 0.0932799726725,
        "var": 0.0020105347503
    },
    "spectral_kurtosis": {
        "mean": 3.47212123871,
        "var": 3.38728570938
    },
    "spectral_rms": {
        "mean": 0.00490740034729,
        "var": 2.39052155848e-006
    },
    "spectral_rolloff": {
        "mean": 2138.01171875,
        "var": 3744475
    },
    "spectral_skewness": {
        "mean": 1.39745700359,
        "var": 0.0977637097239
    },
    "spectral_spread": {
        "mean": 4887628.5,
        "var": 4.58739941376e+012
    },
    "spectral_strongpeak": {
        "mean": 1.0104534626,
        "var": 1.44841265678
    },
    "zerocrossingrate": {
        "mean": 0.0783431306481,
        "var": 0.00219738064334
    },
    "barkbands": {
        "mean": [0.000106198691356, 0.00299270288087, 0.00336119579151, 0.00156899809372, 0.00343909743242, 0.00178938789759, 0.00147620623466, 0.00169309193734, 0.00238148635253, 0.000896271318197, 0.000973339367192, 0.000735699431971, 0.000654217670672, 0.000580157502554, 0.000720157288015, 0.000517755979672, 0.000744988152292, 0.000478156493045, 0.000368919892935, 0.000254955142736, 0.000288225128315, 0.000286789028905, 0.000241536108661, 0.000305114808725, 0.000196557462914, 8.10712299426e-005, 2.6225293368e-006],
        "var": [1.13393134882e-007, 4.5492019126e-005, 1.79090384336e-005, 2.02502474167e-006, 3.79979283025e-005, 5.02099874211e-006, 5.21411402588e-006, 1.56205842359e-005, 3.98469128413e-005, 2.86980412056e-006, 5.40087057743e-006, 1.84374209766e-006, 1.74770559624e-006, 7.50245533254e-007, 1.11260555968e-006, 3.75065269509e-007, 5.74394562136e-007, 1.91984653952e-007, 1.64312382367e-007, 1.14125349171e-007, 1.45210606206e-007, 3.21195585684e-007, 3.24171338661e-007, 7.48035859033e-007, 2.50118660006e-007, 3.30832143902e-008, 8.31901214582e-011]
    },
    "erbbands": {
        "mean": [0.044927213341, 0.836016118526, 3.43844461441, 5.23091697693, 6.21150827408, 13.6520833969, 14.7126941681, 14.5189294815, 22.3892459869, 25.8740634918, 40.2829208374, 56.3728866577, 30.38829422, 33.6560745239, 37.70495224, 33.4569587708, 31.9271564484, 28.6314029694, 36.0542297363, 34.1503791809, 29.9765529633, 39.2965888977, 28.9207000732, 23.0700721741, 16.7049407959, 12.0308418274, 12.0070009232, 10.6127681732, 10.2754774094, 8.49361801147, 6.76155996323, 6.44189023972, 4.82570457458, 2.83401250839, 1.09035313129, 0.412792295218, 0.143053337932, 0.01816364564, 0.000445482583018, 5.05127572978e-005],
        "var": [0.0115183508024, 3.18171286583, 21.0575199127, 23.9614009857, 72.8840789795, 848.23248291, 419.264923096, 359.908843994, 1226.52380371, 2270.81640625, 8286.97558594, 21484.8769531, 7357.36523438, 3866.10839844, 7128.98681641, 3259.96508789, 3305.25683594, 1531.7520752, 3955.78173828, 1827.54956055, 1056.97277832, 1598.42712402, 686.29675293, 457.089202881, 414.168273926, 271.234344482, 321.041778564, 176.434234619, 387.029266357, 397.839141846, 240.506072998, 291.75390625, 221.066467285, 62.1855888367, 6.78044176102, 0.737149894238, 0.13965369761, 0.00268443068489, 1.46698289427e-006, 2.40639264071e-009]
    },
    "gfcc": {
        "mean": [31.4243774414, 82.3757705688, -125.228927612, 36.303188324, -62.8794136047, 15.47722435, -46.2511367798, 10.87703228, -26.0177516937, -0.940623223782, -19.73670578, -1.51916253567, -14.0304450989],
        "cov": [[4601.60742188, -728.576538086, -135.183868408, -3.70656871796, -290.33215332, 74.7315368652, -135.930633545, 73.2715301514, -134.293869019, 86.4047546387, -174.291091919, 113.054138184, -135.880615234], [-728.576538086, 1208.57312012, -421.790740967, 54.14453125, 141.645202637, -44.5812149048, 122.854873657, -74.5225372314, 113.636856079, -119.731391907, 148.104446411, -117.986701965, 131.925384521], [-135.183868408, -421.790740967, 595.456237793, 21.3507442474, -10.0256252289, 46.8831100464, -66.0039901733, 58.3303031921, -23.6833972931, 80.0294342041, -45.4541778564, 70.2811203003, -66.9264450073], [-3.70656871796, 54.14453125, 21.3507442474, 180.863418579, 38.8861923218, 15.0511388779, -23.4705562592, -8.31560611725, 31.9323348999, -13.2268810272, 16.9587516785, -14.8078250885, 16.2290458679], [-290.33215332, 141.645202637, -10.0256252289, 38.8861923218, 194.82673645, 23.7020263672, 33.0351791382, 13.7796535492, 12.5328760147, 11.1061019897, 30.0618572235, 6.63875102997, 19.3575439453], [74.7315368652, -44.5812149048, 46.8831100464, 15.0511388779, 23.7020263672, 139.000839233, 60.4010314941, 18.4605236053, 18.5167293549, 9.6240272522, 5.31736040115, 5.47601747513, -3.78515601158], [-135.930633545, 122.854873657, -66.0039901733, -23.4705562592, 33.0351791382, 60.4010314941, 187.685012817, 33.3723068237, 21.4403896332, -8.87760162354, 12.6682710648, 2.26940965652, 18.4335041046], [73.2715301514, -74.5225372314, 58.3303031921, -8.31560611725, 13.7796535492, 18.4605236053, 33.3723068237, 88.7590713501, 9.52886295319, 20.5294380188, -10.1333599091, 15.5608053207, -6.63680458069], [-134.293869019, 113.636856079, -23.6833972931, 31.9323348999, 12.5328760147, 18.5167293549, 21.4403896332, 9.52886295319, 128.016143799, 11.3469362259, 14.5178985596, -25.4915714264, -1.52696049213], [86.4047546387, -119.731391907, 80.0294342041, -13.2268810272, 11.1061019897, 9.6240272522, -8.87760162354, 20.5294380188, 11.3469362259, 83.0754165649, 4.51605081558, 21.911272049, -22.2116680145], [-174.291091919, 148.104446411, -45.4541778564, 16.9587516785, 30.0618572235, 5.31736040115, 12.6682710648, -10.1333599091, 14.5178985596, 4.51605081558, 91.8812866211, 10.784570694, 23.0501689911], [113.054138184, -117.986701965, 70.2811203003, -14.8078250885, 6.63875102997, 5.47601747513, 2.26940965652, 15.5608053207, -25.4915714264, 21.911272049, 10.784570694, 94.2979888916, 7.58478689194], [-135.880615234, 131.925384521, -66.9264450073, 16.2290458679, 19.3575439453, -3.78515601158, 18.4335041046, -6.63680458069, -1.52696049213, -22.2116680145, 23.0501689911, 7.58478689194, 77.6281433105]],
        "icov": [[0.000395318522351, -0.000132903587655, 0.000560736516491, -0.000440272851847, 0.000664293358568, -0.000644922780339, 0.000491744489409, -0.000577901490033, 0.000526563148014, -0.00070677313488, 0.000877100916114, -0.000908474903554, 0.000766490935348], [-0.000132903587655, 0.00253045093268, 0.000104510574602, 0.000545277551282, -0.0015778937377, 0.00149656378198, -0.00134937197436, 0.0012762559345, -0.00178056373261, 0.00244128867052, -0.00319739338011, 0.00268213427626, -0.00231009628624], [0.000560736516491, 0.000104510574602, 0.00351085024886, -0.00129661033861, 0.000903002917767, -0.00180379941594, 0.00163100939244, -0.00191645522136, 0.000981605728157, -0.00219955528155, 0.00193001807202, -0.00267415051349, 0.00231570471078], [-0.000440272851847, 0.000545277551282, -0.00129661033861, 0.00749481469393, -0.00229346868582, -2.28750777751e-005, 0.000841334403958, 0.00113345868886, -0.0026031837333, 0.00293984613381, -0.00232378556393, 0.0024025188759, -0.00266892369837], [0.000664293358568, -0.0015778937377, 0.000903002917767, -0.00229346868582, 0.00785212218761, -0.0021688954439, 0.000637485762127, -0.00227785133757, 0.00203139311634, -0.00360846659169, 0.00170766422525, -0.00279577658512, 0.0014660077868], [-0.000644922780339, 0.00149656378198, -0.00180379941594, -2.28750777751e-005, -0.0021688954439, 0.0110270306468, -0.00484055560082, 0.00164777459577, -0.00230271765031, 0.00197290070355, -0.0032496235799, 0.00276606553234, -0.0016398744192], [0.000491744489409, -0.00134937197436, 0.00163100939244, 0.000841334403958, 0.000637485762127, -0.00484055560082, 0.00914532598108, -0.00418549682945, 0.000512708327733, -0.000640806101728, 0.00214544939809, -0.00268580252305, 0.000911849900149], [-0.000577901490033, 0.0012762559345, -0.00191645522136, 0.00113345868886, -0.00227785133757, 0.00164777459577, -0.00418549682945, 0.0156892836094, -0.00259735086001, -0.000212129583815, -0.000517371692695, 0.00105146947317, -0.00214702240191], [0.000526563148014, -0.00178056373261, 0.000981605728157, -0.0026031837333, 0.00203139311634, -0.00230271765031, 0.000512708327733, -0.00259735086001, 0.0113068949431, -0.00472842296585, 0.00169026560616, 0.000149959669216, 0.00272847572342], [-0.00070677313488, 0.00244128867052, -0.00219955528155, 0.00293984613381, -0.00360846659169, 0.00197290070355, -0.000640806101728, -0.000212129583815, -0.00472842296585, 0.0200316235423, -0.00628369674087, 0.000926600303501, 0.000647021573968], [0.000877100916114, -0.00319739338011, 0.00193001807202, -0.00232378556393, 0.00170766422525, -0.0032496235799, 0.00214544939809, -0.000517371692695, 0.00169026560616, -0.00628369674087, 0.0189122390002, -0.00710335653275, 0.0012946180068], [-0.000908474903554, 0.00268213427626, -0.00267415051349, 0.0024025188759, -0.00279577658512, 0.00276606553234, -0.00268580252305, 0.00105146947317, 0.000149959669216, 0.000926600303501, -0.00710335653275, 0.0185344293714, -0.00683008739725], [0.000766490935348, -0.00231009628624, 0.00231570471078, -0.00266892369837, 0.0014660077868, -0.0016398744192, 0.000911849900149, -0.00214702240191, 0.00272847572342, 0.000647021573968, 0.0012946180068, -0.00683008739725, 0.0203800499439]]
    },
    "melbands": {
        "mean": [0.000634008669294, 0.00163435924333, 0.000914809061214, 0.000721923192032, 0.000561500666663, 0.000339643331245, 0.00032561813714, 0.000297474762192, 0.000362992286682, 0.000334969343385, 0.000144049088703, 0.000134044210427, 0.000139860931085, 8.40185311972e-005, 8.83862740011e-005, 5.50154290977e-005, 5.30597571924e-005, 5.67561328353e-005, 4.96000284329e-005, 3.8968242734e-005, 3.50211812474e-005, 4.08114683523e-005, 3.46969573002e-005, 2.2977917979e-005, 1.81369705388e-005, 1.33798384923e-005, 1.02560434243e-005, 7.13192730473e-006, 6.98658186593e-006, 7.54016127757e-006, 5.82336178923e-006, 5.80215873924e-006, 5.55487395104e-006, 4.35844094682e-006, 3.72950853489e-006, 4.02423938795e-006, 3.93182108382e-006, 3.53050063495e-006, 2.79540859083e-006, 2.28789508583e-006],
        "var": [2.14931515075e-006, 5.81185759074e-006, 5.56041584332e-007, 2.15133468373e-006, 6.20881962732e-007, 1.78935238182e-007, 2.57062623632e-007, 3.63444684126e-007, 6.1605544488e-007, 8.30288740872e-007, 1.91321305465e-007, 7.03700422378e-008, 1.1197254679e-007, 2.6684524812e-008, 2.4863208381e-008, 1.64700306726e-008, 5.88254778222e-009, 1.27041648312e-008, 5.34333599589e-009, 2.29245933347e-009, 1.74789083207e-009, 1.89789228777e-009, 1.49189371967e-009, 4.99121188824e-010, 3.22574467138e-010, 2.79300499395e-010, 2.06436978623e-010, 9.47048411915e-011, 1.09827702488e-010, 1.08578070146e-010, 6.3116761817e-011, 1.13352514874e-010, 1.79462320005e-010, 1.12094472593e-010, 7.25139323587e-011, 1.06896658192e-010, 1.1749111406e-010, 1.17162321511e-010, 8.46786044062e-011, 3.70414462991e-011]
    },
    "mfcc": {
        "mean": [-604.370300293, 107.373374939, -3.27970600128, 20.12342453, 6.30579614639, 1.15330648422, -4.76357793808, 3.87330675125, -1.04841077328, -3.01199126244, -1.27514386177, 0.1509719491, -4.64775466919],
        "cov": [[2272.24194336, -533.154052734, -6.05185079575, -92.8128738403, -124.328681946, -15.738492012, -45.4557762146, 1.78464949131, -16.392829895, 15.0678739548, -34.3617744446, -24.6661396027, -45.0699996948], [-533.154052734, 857.158813477, -280.784912109, 68.026184082, 9.56594181061, 23.9248313904, 46.0022239685, 32.2175827026, 9.95910358429, -0.74223780632, -0.960469245911, 22.7301902771, 30.8654251099], [-6.05185079575, -280.784912109, 459.461273193, -10.8537416458, 47.4967651367, 2.22124528885, -32.1708526611, -8.08160877228, -4.72968912125, -2.6086063385, 43.5951805115, -8.32104492188, 12.041015625], [-92.8128738403, 68.026184082, -10.8537416458, 154.453491211, 55.0673141479, -1.57290637493, -8.48555278778, -1.66606080532, 3.10306549072, 0.124398082495, -2.01025295258, -2.62432718277, -0.832073092461], [-124.328681946, 9.56594181061, 47.4967651367, 55.0673141479, 177.587020874, 15.8029270172, -15.0307407379, -13.1531362534, -7.17761564255, 8.84256458282, 11.7923545837, -6.93989658356, 10.0903091431], [-15.738492012, 23.9248313904, 2.22124528885, -1.57290637493, 15.8029270172, 119.205940247, 23.5055027008, 28.4866371155, 17.9583244324, 12.8223285675, 19.8011054993, 10.9876022339, 9.19730186462], [-45.4557762146, 46.0022239685, -32.1708526611, -8.48555278778, -15.0307407379, 23.5055027008, 150.523498535, 32.1137466431, 21.3218574524, -17.1157608032, -8.00020599365, 30.4410057068, 5.73228311539], [1.78464949131, 32.2175827026, -8.08160877228, -1.66606080532, -13.1531362534, 28.4866371155, 32.1137466431, 98.7242584229, 30.2251091003, 8.11829566956, 9.53464221954, 4.7638926506, 8.80968284607], [-16.392829895, 9.95910358429, -4.72968912125, 3.10306549072, -7.17761564255, 17.9583244324, 21.3218574524, 30.2251091003, 88.0965805054, 26.9825248718, 15.248005867, 4.46396255493, -7.70809364319], [15.0678739548, -0.74223780632, -2.6086063385, 0.124398082495, 8.84256458282, 12.8223285675, -17.1157608032, 8.11829566956, 26.9825248718, 73.6056442261, 29.0387687683, 2.82126426697, -2.88577055931], [-34.3617744446, -0.960469245911, 43.5951805115, -2.01025295258, 11.7923545837, 19.8011054993, -8.00020599365, 9.53464221954, 15.248005867, 29.0387687683, 81.437171936, 20.6193618774, 11.8094081879], [-24.6661396027, 22.7301902771, -8.32104492188, -2.62432718277, -6.93989658356, 10.9876022339, 30.4410057068, 4.7638926506, 4.46396255493, 2.82126426697, 20.6193618774, 78.0710601807, 26.5375595093], [-45.0699996948, 30.8654251099, 12.041015625, -0.832073092461, 10.0903091431, 9.19730186462, 5.73228311539, 8.80968284607, -7.70809364319, -2.88577055931, 11.8094081879, 26.5375595093, 72.0731811523]],
        "icov": [[0.000565416761674, 0.000409608968766, 0.00021787561127, 7.17805523891e-005, 0.00029926749994, -7.54745051381e-005, 0.000129772131913, -0.000167925769347, 0.000177441863343, -0.000201918301173, 0.000159197297762, 1.3606736502e-006, 0.000104833947262], [0.000409608968766, 0.00189881923143, 0.00118442275561, -0.000559814565349, 8.32280857139e-005, -0.000171419902472, -0.000143448662129, -0.000390409724787, 0.000134297166369, 7.74486688897e-005, -0.000376418582164, 0.000105781058664, -0.000651823414955], [0.00021787561127, 0.00118442275561, 0.00319586088881, 5.65541049582e-005, -0.000634562631603, 1.10216778921e-005, 0.000277422484942, -0.000154888359248, -5.0794587878e-005, 0.000930649286602, -0.00184199644718, 0.000606861605775, -0.000709753890987], [7.17805523891e-005, -0.000559814565349, 5.65541049582e-005, 0.0076983240433, -0.00246310699731, 0.000449162762379, 0.00060320016928, -0.000248992146226, -0.000693673617207, 0.00045439141104, 0.000489648140501, -0.000373769144062, 0.000635434000287], [0.00029926749994, 8.32280857139e-005, -0.000634562631603, -0.00246310699731, 0.007169065997, -0.00117426062934, 2.33303580899e-005, 0.00108400953468, 0.000789367186371, -0.00108202267438, -0.000356520788046, 0.00109678832814, -0.00106343172956], [-7.54745051381e-005, -0.000171419902472, 1.10216778921e-005, 0.000449162762379, -0.00117426062934, 0.00979852396995, -0.0011656206334, -0.00207697297446, -0.000633728108369, -0.000737266964279, -0.00160933833104, -0.000213976658415, -0.000464673823444], [0.000129772131913, -0.000143448662129, 0.000277422484942, 0.00060320016928, 2.33303580899e-005, -0.0011656206334, 0.0088503677398, -0.0021200447809, -0.00199738913216, 0.00278031989001, 0.00151516031474, -0.00368455844, 0.000810016936157], [-0.000167925769347, -0.000390409724787, -0.000154888359248, -0.000248992146226, 0.00108400953468, -0.00207697297446, -0.0021200447809, 0.0129323368892, -0.0034540866036, -0.000245515140705, -0.000736613175832, 0.00155828427523, -0.00204597553238], [0.000177441863343, 0.000134297166369, -5.0794587878e-005, -0.000693673617207, 0.000789367186371, -0.000633728108369, -0.00199738913216, -0.0034540866036, 0.0152095193043, -0.00521123455837, -0.000964320031926, -3.53747564077e-005, 0.00219435314648], [-0.000201918301173, 7.74486688897e-005, 0.000930649286602, 0.00045439141104, -0.00108202267438, -0.000737266964279, 0.00278031989001, -0.000245515140705, -0.00521123455837, 0.0188179500401, -0.00575092481449, -0.0002249571844, 0.000966042571235], [0.000159197297762, -0.000376418582164, -0.00184199644718, 0.000489648140501, -0.000356520788046, -0.00160933833104, 0.00151516031474, -0.000736613175832, -0.000964320031926, -0.00575092481449, 0.0174909625202, -0.00447127316147, -0.000754051841795], [1.3606736502e-006, 0.000105781058664, 0.000606861605775, -0.000373769144062, 0.00109678832814, -0.000213976658415, -0.00368455844, 0.00155828427523, -3.53747564077e-005, -0.0002249571844, -0.00447127316147, 0.0174948573112, -0.00589563883841], [0.000104833947262, -0.000651823414955, -0.000709753890987, 0.000635434000287, -0.00106343172956, -0.000464673823444, 0.000810016936157, -0.00204597553238, 0.00219435314648, 0.000966042571235, -0.000754051841795, -0.00589563883841, 0.017306946218]]
    },
    "spectral_contrast_coeffs": {
        "mean": [-0.612838029861, -0.713997602463, -0.75126928091, -0.76014727354, -0.76821321249, -0.739442050457],
        "var": [0.0061919647269, 0.0047354567796, 0.003889168147, 0.00227430579253, 0.00166359147988, 0.00172227364965]
    },
    "spectral_contrast_valleys": {
        "mean": [-7.29025268555, -6.5687789917, -7.13444423676, -7.4193611145, -7.24529409409, -9.82875442505],
        "var": [1.03931593895, 0.953743219376, 0.963154911995, 0.916821062565, 1.01435863972, 1.22177016735]
    }
},
"metadata": {
    "audio_properties": {
        "analysis_sample_rate": 44100,
        "bit_rate": 108998,
        "equal_loudness": 0,
        "length": 45.0873451233,
        "lossless": 0,
        "replay_gain": -14.4933776855,
        "sample_rate": 44100,
        "codec": "mp3",
        "downmix": "mix",
        "md5_encoded": "8de44d3b8f8462d9189fd0da4d6af873"
    },
    "tags": {
        "file_name": "72.mp3"
    },
    "version": {
        "essentia": "2.1-beta2",
        "essentia_git_sha": "v2.1_beta2",
        "extractor": "music 1.0"
    }
},
"rhythm": {
    "beats_count": 108,
    "beats_loudness": {
        "mean": 0.0301066245884,
        "var": 0.000120571021398
    },
    "bpm": 145.072189331,
    "bpm_histogram_first_peak_bpm": {
        "mean": 144,
        "var": 0
    },
    "bpm_histogram_first_peak_spread": {
        "mean": 0.407766968012,
        "var": 0
    },
    "bpm_histogram_first_peak_weight": {
        "mean": 0.57009345293,
        "var": 0
    },
    "bpm_histogram_second_peak_bpm": {
        "mean": 136,
        "var": 0
    },
    "bpm_histogram_second_peak_spread": {
        "mean": 0,
        "var": 0
    },
    "bpm_histogram_second_peak_weight": {
        "mean": 0.0186915881932,
        "var": 0
    },
    "danceability": 1.16272306442,
    "onset_rate": 3.96853876114,
    "beats_loudness_band_ratio": {
        "mean": [0.248419627547, 0.184763461351, 0.196020260453, 0.12680028379, 0.12220171839, 0.160915017128],
        "var": [0.0206591580063, 0.0121534159407, 0.0161247178912, 0.0119833964854, 0.00316141941585, 0.0119587136433]
    },
    "beats_position": [0.417959183455, 0.859138309956, 1.27709746361, 1.69505667686, 2.11301589012, 2.53097510338, 2.94893407822, 3.36689329147, 3.78485250473, 4.20281171799, 4.60916090012, 5.01551008224, 5.4334692955, 5.85142850876, 6.26938772202, 6.68734693527, 7.0936961174, 7.50004529953, 7.91800451279, 8.32435321808, 8.73070240021, 9.14866161346, 9.55501079559, 9.96135997772, 10.379319191, 10.7972784042, 11.2152376175, 11.6331968307, 12.0395460129, 12.445895195, 12.8522443771, 13.2702035904, 13.6881628036, 14.1061220169, 14.512471199, 14.9304304123, 15.3367795944, 15.7547388077, 16.1726989746, 16.5906581879, 17.0086174011, 17.4149665833, 17.8329238892, 18.2508831024, 18.6572322845, 19.0635814667, 19.4815406799, 19.8994998932, 20.3058490753, 20.7238082886, 21.1301574707, 21.548116684, 21.9660758972, 22.3840351105, 22.7903842926, 23.1967334747, 23.6030826569, 24.0210418701, 24.4273910522, 24.8453502655, 25.2633094788, 25.6580486298, 26.076007843, 26.4939670563, 26.9119262695, 27.3298854828, 27.747844696, 28.1658039093, 28.5721530914, 28.9785022736, 29.3500213623, 29.7912006378, 30.2207698822, 30.6503391266, 31.0566883087, 31.4630374908, 31.869386673, 32.2757377625, 32.6936950684, 33.111656189, 33.5180053711, 33.9243545532, 34.3423118591, 34.7602729797, 35.1666221619, 35.572971344, 35.9909286499, 36.397277832, 36.8036270142, 37.2215881348, 37.6395454407, 38.0575065613, 38.4754638672, 38.8934249878, 39.3113822937, 39.7293434143, 40.1356925964, 40.5420417786, 40.9599990845, 41.3663482666, 41.7726974487, 42.1906585693, 42.6086158752, 43.0265769958, 43.4445343018, 43.8508834839, 44.257232666, 44.6751937866]
},
"tonal": {
    "chords_changes_rate": 0.0648148134351,
    "chords_number_rate": 0.0113168722019,
    "chords_strength": {
        "mean": 0.532530784607,
        "var": 0.0112394038588
    },
    "hpcp_entropy": {
        "mean": 1.83087694645,
        "var": 0.763505578041
    },
    "key_strength": 0.811496794224,
    "tuning_diatonic_strength": 0.581489980221,
    "tuning_equal_tempered_deviation": 0.0719476118684,
    "tuning_frequency": 437.718536377,
    "tuning_nontempered_energy_ratio": 0.717845439911,
    "hpcp": {
        "mean": [0.291132032871, 0.224294632673, 0.122374378145, 0.103393048048, 0.0887981653214, 0.120618134737, 0.184760302305, 0.156073734164, 0.164115160704, 0.208272203803, 0.126582041383, 0.0782302469015, 0.110870666802, 0.104505568743, 0.119933456182, 0.173377603292, 0.150725990534, 0.112880304456, 0.130711257458, 0.147697135806, 0.251746952534, 0.36359295249, 0.258842080832, 0.118178278208, 0.0821499377489, 0.0660290196538, 0.0701597109437, 0.0976748913527, 0.0978224724531, 0.122215643525, 0.159533455968, 0.117627806962, 0.0932271704078, 0.115863218904, 0.115356691182, 0.188317701221],
        "var": [0.133638486266, 0.0790414512157, 0.041174903512, 0.0363399982452, 0.0294330213219, 0.0327827557921, 0.0601690001786, 0.043910831213, 0.0600952990353, 0.118993498385, 0.0404206886888, 0.0154964327812, 0.0340705439448, 0.0282760057598, 0.0326832942665, 0.0713939666748, 0.0475861765444, 0.0292927343398, 0.0436346940696, 0.055635124445, 0.0695235133171, 0.125127583742, 0.0767401531339, 0.0412355326116, 0.0274230018258, 0.0235089529306, 0.0183897316456, 0.0365353673697, 0.0291205886751, 0.0345309898257, 0.065521851182, 0.0376145131886, 0.023672984913, 0.03742210567, 0.034941483289, 0.0625254139304]
    },
    "chords_histogram": [28.6008224487, 10.0823049545, 5.34979438782, 3.49794244766, 0, 4.52674913406, 2.46913576126, 23.7654323578, 0.102880656719, 5.76131677628, 4.11522626877, 3.49794244766, 0, 0.308641970158, 0, 0, 0, 0, 0.411522626877, 0, 7.30452680588, 0, 0.205761313438, 0],
    "thpcp": [1, 0.71190071106, 0.325029075146, 0.225939303637, 0.18160147965, 0.192962244153, 0.268638014793, 0.269043922424, 0.336133152246, 0.438769370317, 0.323515087366, 0.256405323744, 0.318661898375, 0.317268788815, 0.51793551445, 0.800708651543, 0.61688387394, 0.336569726467, 0.284364819527, 0.244224116206, 0.331739485264, 0.508151471615, 0.429254025221, 0.451370567083, 0.572816967964, 0.348142176867, 0.215158864856, 0.304930746555, 0.287424623966, 0.329856395721, 0.476845324039, 0.414545953274, 0.310457885265, 0.359498888254, 0.40621560812, 0.692386806011],
    "chords_key": "A",
    "chords_scale": "minor",
    "key_key": "A",
    "key_scale": "minor"
}
}