{
"lowlevel": {
    "average_loudness": 0.962447226048,
    "barkbands_crest": {
        "mean": 16.6036376953,
        "var": 23.8647384644
    },
    "barkbands_flatness_db": {
        "mean": 0.179358065128,
        "var": 0.00455704703927
    },
    "barkbands_kurtosis": {
        "mean": 14.3421697617,
        "var": 323.956817627
    },
    "barkbands_skewness": {
        "mean": 2.97719836235,
        "var": 3.65270733833
    },
    "barkbands_spread": {
        "mean": 18.6772193909,
        "var": 198.82598877
    },
    "dissonance": {
        "mean": 0.457987964153,
        "var": 0.00153788586613
    },
    "dynamic_complexity": 2.44861841202,
    "erbbands_crest": {
        "mean": 10.5022821426,
        "var": 40.1337966919
    },
    "erbbands_flatness_db": {
        "mean": 0.123699128628,
        "var": 0.0040850401856
    },
    "erbbands_kurtosis": {
        "mean": 1.06966733932,
        "var": 44.4075584412
    },
    "erbbands_skewness": {
        "mean": 0.487655639648,
        "var": 0.738467752934
    },
    "erbbands_spread": {
        "mean": 58.1781959534,
        "var": 824.185852051
    },
    "hfc": {
        "mean": 22.6956539154,
        "var": 372.313140869
    },
    "melbands_crest": {
        "mean": 21.6108722687,
        "var": 36.7207183838
    },
    "melbands_flatness_db": {
        "mean": 0.265938699245,
        "var": 0.00596898421645
    },
    "melbands_kurtosis": {
        "mean": 50.4460411072,
        "var": 3704.90820313
    },
    "melbands_skewness": {
        "mean": 5.11320304871,
        "var": 10.1483345032
    },
    "melbands_spread": {
        "mean": 12.5925426483,
        "var": 225.883880615
    },
    "pitch_salience": {
        "mean": 0.395886600018,
        "var": 0.0181454122066
    },
    "silence_rate_20dB": {
        "mean": 1,
        "var": 0
    },
    "silence_rate_30dB": {
        "mean": 0.938239812851,
        "var": 0.057946190238
    },
    "silence_rate_60dB": {
        "mean": 0.0221307259053,
        "var": 0.0216403082013
    },
    "spectral_centroid": {
        "mean": 1246.21911621,
        "var": 512230.59375
    },
    "spectral_complexity": {
        "mean": 14.3088006973,
        "var": 72.9596405029
    },
    "spectral_decrease": {
        "mean": -1.32689947918e-008,
        "var": 9.70076989814e-017
    },
    "spectral_energy": {
        "mean": 0.0521388761699,
        "var": 0.00144850788638
    },
    "spectral_energyband_high": {
        "mean": 0.00134166306816,
        "var": 2.49536196861e-006
    },
    "spectral_energyband_low": {
        "mean": 0.0343193560839,
        "var": 0.000942009326536
    },
    "spectral_energyband_middle_high": {
        "mean": 0.00324679259211,
        "var": 2.72208799288e-005
    },
    "spectral_energyband_middle_low": {
        "mean": 0.0141617804766,
        "var": 0.000363582250429
    },
    "spectral_entropy": {
        "mean": 7.62693786621,
        "var": 0.352456629276
    },
    "spectral_flux": {
        "mean": 0.0921910181642,
        "var": 0.00522021157667
    },
    "spectral_kurtosis": {
        "mean": 3.76265692711,
        "var": 31.85597229
    },
    "spectral_rms": {
        "mean": 0.00672389613464,
        "var": 5.65638401895e-006
    },
    "spectral_rolloff": {
        "mean": 784.248718262,
        "var": 2585490.5
    },
    "spectral_skewness": {
        "mean": 1.47053658962,
        "var": 0.382712572813
    },
    "spectral_spread": {
        "mean": 6176029,
        "var": 4.87848201421e+012
    },
    "spectral_strongpeak": {
        "mean": 0.696085691452,
        "var": 0.744605958462
    },
    "zerocrossingrate": {
        "mean": 0.0507118888199,
        "var": 0.00187346688472
    },
    "barkbands": {
        "mean": [0.0015920054866, 0.029194496572, 0.00276369787753, 0.00236371299252, 0.0060641169548, 0.0019865622744, 0.00106694211718, 0.00146308192052, 0.000790806952864, 0.00136245088652, 0.000391332461732, 0.000443325261585, 0.000148653256474, 0.000200849608518, 0.000228259144933, 0.000119032709335, 0.000157969712745, 0.000166790647199, 0.000233822196606, 0.000152630076627, 0.000210080805118, 0.000180472445209, 0.000242982088821, 0.000174233689904, 0.000179766560905, 0.000241997491685, 1.88208068721e-005],
        "var": [6.52694552628e-006, 0.000523706607055, 6.40510261292e-005, 2.71832013823e-005, 0.000175642984686, 1.51231124619e-005, 4.59283410237e-006, 1.39375069921e-005, 3.54546932613e-006, 1.79429953278e-005, 1.43030524669e-006, 4.61255012851e-006, 1.47646261439e-007, 1.91165341334e-007, 1.02215210518e-006, 4.20720098759e-008, 8.51466879226e-008, 4.27093702626e-008, 6.1518456107e-008, 3.67438239834e-008, 6.21716935711e-008, 5.14628588633e-008, 8.65048548349e-008, 4.82613415898e-008, 6.25558982392e-008, 2.07104008609e-007, 2.4394213316e-009]
    },
    "erbbands": {
        "mean": [1.04920935631, 5.61877202988, 4.69208145142, 5.47577238083, 18.3807506561, 18.6225166321, 10.4399738312, 18.6279067993, 17.6331787109, 25.7794704437, 25.0439891815, 18.800693512, 31.0890655518, 40.6808586121, 16.8338470459, 17.3432865143, 7.89878463745, 11.4465637207, 12.6709394455, 7.65275907516, 6.85974884033, 8.19133853912, 9.17384243011, 11.4718160629, 10.0419139862, 7.71892023087, 8.1334438324, 7.83550977707, 5.64416503906, 6.93564891815, 6.41596794128, 5.18294811249, 2.56732869148, 1.73472929001, 1.43860936165, 1.07038545609, 0.442015171051, 0.0771770626307, 0.00224508251995, 0.000115011542221],
        "var": [0.735703527927, 26.2689933777, 87.5532608032, 164.667526245, 1792.7565918, 1438.33654785, 209.01210022, 1407.86865234, 2255.35668945, 5254.51806641, 2605.21777344, 1072.42749023, 4591.03710938, 23213.6757813, 2806.90039063, 5133.96533203, 340.31427002, 703.238647461, 2765.78515625, 401.372253418, 140.179260254, 144.772918701, 123.334365845, 162.560668945, 113.919708252, 95.4484100342, 94.7256774902, 88.7543258667, 54.7163963318, 71.0129241943, 61.0829429626, 45.3191108704, 10.9475259781, 5.61418533325, 4.5272192955, 3.43609261513, 0.84451341629, 0.031166497618, 2.76029495581e-005, 1.7660060081e-008]
    },
    "gfcc": {
        "mean": [12.12362957, 76.4819259644, -77.0975036621, 45.7779197693, -53.8491706848, 21.22397995, -28.9286384583, 20.3747940063, -18.7499904633, 8.36889648438, -14.4897108078, 6.03422307968, -10.5748023987],
        "cov": [[7039.03417969, -1296.19604492, 656.663024902, 136.870605469, -329.626556396, 51.9603691101, -415.013977051, 172.87310791, -412.574157715, 278.132324219, -420.479125977, 259.211730957, -295.108673096], [-1296.19604492, 1901.05187988, -503.814941406, -134.687957764, 142.310150146, -149.170394897, 163.547531128, -215.624679565, 192.592041016, -238.147460938, 226.631195068, -212.091415405, 251.025314331], [656.663024902, -503.814941406, 815.684692383, 166.337142944, 60.396068573, 72.4112625122, -8.62112045288, 142.676834106, -26.6047306061, 130.601089478, -101.938102722, 129.394546509, -90.2529296875], [136.870605469, -134.687957764, 166.337142944, 410.99420166, 21.1477661133, 62.1266326904, -46.000213623, 106.326538086, 15.1942253113, 3.93106484413, 38.0406761169, -1.70476043224, -18.4847507477], [-329.626556396, 142.310150146, 60.396068573, 21.1477661133, 208.56539917, 79.1907958984, 111.880500793, 4.24285459518, 35.9312744141, -18.2178974152, 38.5127449036, -0.256521493196, 23.7506332397], [51.9603691101, -149.170394897, 72.4112625122, 62.1266326904, 79.1907958984, 200.727462769, 81.5486602783, 66.9001083374, -28.9560070038, -1.23236250877, 8.68867778778, 35.1346664429, -1.66884469986], [-415.013977051, 163.547531128, -8.62112045288, -46.000213623, 111.880500793, 81.5486602783, 223.066452026, 48.6940536499, 54.7969894409, -31.1272563934, 38.3064651489, -14.7413454056, 39.9126434326], [172.87310791, -215.624679565, 142.676834106, 106.326538086, 4.24285459518, 66.9001083374, 48.6940536499, 193.760925293, 51.6890068054, 46.9360313416, -3.88121509552, 19.2484912872, -29.4640197754], [-412.574157715, 192.592041016, -26.6047306061, 15.1942253113, 35.9312744141, -28.9560070038, 54.7969894409, 51.6890068054, 161.469039917, 38.1071777344, 58.5367012024, -49.1753501892, 13.4161481857], [278.132324219, -238.147460938, 130.601089478, 3.93106484413, -18.2178974152, -1.23236250877, -31.1272563934, 46.9360313416, 38.1071777344, 151.65826416, 9.31665420532, 30.1781539917, -67.5825119019], [-420.479125977, 226.631195068, -101.938102722, 38.0406761169, 38.5127449036, 8.68867778778, 38.3064651489, -3.88121509552, 58.5367012024, 9.31665420532, 170.249542236, 14.8616275787, 29.1829624176], [259.211730957, -212.091415405, 129.394546509, -1.70476043224, -0.256521493196, 35.1346664429, -14.7413454056, 19.2484912872, -49.1753501892, 30.1781539917, 14.8616275787, 136.554321289, 11.0641479492], [-295.108673096, 251.025314331, -90.2529296875, -18.4847507477, 23.7506332397, -1.66884469986, 39.9126434326, -29.4640197754, 13.4161481857, -67.5825119019, 29.1829624176, 11.0641479492, 134.22618103]],
        "icov": [[0.00028113622102, -0.000279131665593, 0.000126712038764, -0.00018708423886, 0.000146776787005, -6.12216463196e-005, 0.000172468746314, -0.000440469098976, 0.000760691822506, -0.000796513108071, 0.000874530815054, -0.000671545625664, 0.000413001835113], [-0.000279131665593, 0.00210356316529, -0.000597047270276, 0.000775765453, -0.000541139685083, 0.000718721013982, -0.000227101991186, 0.0015141722979, -0.00183095352259, 0.00270016281866, -0.00324593973346, 0.00323667051271, -0.00235627847724], [0.000126712038764, -0.000597047270276, 0.00286526652053, -0.00150386895984, -0.00106486852746, 0.000484544492792, -0.000556302431505, -0.000931675662287, 0.000510689686053, -0.00247191800736, 0.00350428768434, -0.00373139674775, 0.00152004382107], [-0.00018708423886, 0.000775765453, -0.00150386895984, 0.00471063377336, -0.000760683440603, -0.000993569148704, 0.00286301784217, -0.00203853216954, -0.00042561540613, 0.00288750440814, -0.00401741778478, 0.00364822987467, -0.00133204623125], [0.000146776787005, -0.000541139685083, -0.00106486852746, -0.000760683440603, 0.00880766101182, -0.0030363695696, -0.00315721100196, 0.00274838856421, -0.00187187793199, 0.000395564100472, 9.68158565229e-005, -0.000894880387932, 0.000898819358554], [-6.12216463196e-005, 0.000718721013982, 0.000484544492792, -0.000993569148704, -0.0030363695696, 0.00946414098144, -0.00295296334662, -0.00245018885471, 0.00385707220994, -0.000530264631379, -0.000955027411692, 1.69276045199e-005, -0.00074084586231], [0.000172468746314, -0.000227101991186, -0.000556302431505, 0.00286301784217, -0.00315721100196, -0.00295296334662, 0.0100992647931, -0.00356081593782, -0.00117340206634, 0.00207568728365, -0.00139265693724, 0.00158854702022, -0.00110439199489], [-0.000440469098976, 0.0015141722979, -0.000931675662287, -0.00203853216954, 0.00274838856421, -0.00245018885471, -0.00356081593782, 0.0122548518702, -0.00712724355981, 0.00182373728603, -0.000279699830571, -0.000390348286601, 0.000248371943599], [0.000760691822506, -0.00183095352259, 0.000510689686053, -0.00042561540613, -0.00187187793199, 0.00385707220994, -0.00117340206634, -0.00712724355981, 0.0178837776184, -0.00900267530233, -0.000604464265052, 0.00375896925107, -0.00195376784541], [-0.000796513108071, 0.00270016281866, -0.00247191800736, 0.00288750440814, 0.000395564100472, -0.000530264631379, 0.00207568728365, 0.00182373728603, -0.00900267530233, 0.0179227329791, -0.0066857333295, 0.00147834897507, 0.00289672077633], [0.000874530815054, -0.00324593973346, 0.00350428768434, -0.00401741778478, 9.68158565229e-005, -0.000955027411692, -0.00139265693724, -0.000279699830571, -0.000604464265052, -0.0066857333295, 0.0164952706546, -0.0108063323423, 0.00411849003285], [-0.000671545625664, 0.00323667051271, -0.00373139674775, 0.00364822987467, -0.000894880387932, 1.69276045199e-005, 0.00158854702022, -0.000390348286601, 0.00375896925107, 0.00147834897507, -0.0108063323423, 0.0203504431993, -0.00889498647302], [0.000413001835113, -0.00235627847724, 0.00152004382107, -0.00133204623125, 0.000898819358554, -0.00074084586231, -0.00110439199489, 0.000248371943599, -0.00195376784541, 0.00289672077633, 0.00411849003285, -0.00889498647302, 0.0153096113354]]
    },
    "melbands": {
        "mean": [0.00877571571618, 0.00423122849315, 0.00130544649437, 0.00151990167797, 0.000414709938923, 0.000414456095314, 0.000255252904026, 0.00029639841523, 0.000183788055438, 0.000120998884086, 0.000154004228534, 0.000170128798345, 5.17871885677e-005, 5.46066730749e-005, 2.53327343671e-005, 1.66498193721e-005, 2.17626911763e-005, 1.8665121388e-005, 1.48895987877e-005, 8.98121197679e-006, 7.95311098045e-006, 8.99873248272e-006, 7.64256856201e-006, 8.35225000628e-006, 9.65290837485e-006, 7.79592937761e-006, 5.57075964025e-006, 5.1762322073e-006, 4.62554226033e-006, 5.93878348809e-006, 3.88820262742e-006, 2.89561307909e-006, 3.86172450817e-006, 3.69343956663e-006, 3.11356257043e-006, 5.04920853928e-006, 2.30731302509e-006, 1.83531540188e-006, 1.45397984852e-006, 1.47252751503e-006],
        "var": [4.55450899608e-005, 2.90568314085e-005, 6.78818787492e-006, 1.18830339488e-005, 3.40123420983e-007, 7.65365939515e-007, 4.17097595573e-007, 7.43570467421e-007, 1.44328197393e-007, 6.28294856142e-008, 1.18290834905e-007, 4.50638822258e-007, 2.38308484057e-008, 7.68741728052e-008, 6.9829280136e-009, 2.7165989458e-009, 2.61980948046e-009, 5.896410471e-009, 4.49896075949e-009, 3.3317479331e-010, 3.15084625058e-010, 2.48147363768e-010, 1.10800847664e-010, 9.74460373504e-011, 1.28640154085e-010, 7.65532359726e-011, 4.0730616796e-011, 5.4653521292e-011, 3.52822146499e-011, 5.20399452697e-011, 2.46983735547e-011, 1.66152334946e-011, 2.39852374073e-011, 2.13708009622e-011, 1.62387932962e-011, 5.25593353562e-011, 8.96182000137e-012, 6.14298499221e-012, 4.06531579233e-012, 4.39177904113e-012]
    },
    "mfcc": {
        "mean": [-643.734863281, 108.227165222, 33.3779411316, 35.3011474609, 8.80969333649, 8.77111053467, 4.66492700577, 12.5489807129, 3.81770467758, 9.95809268951, 3.83237934113, 2.69729804993, -0.882010698318],
        "cov": [[4637.27148438, -938.177124023, 428.971008301, 29.6861743927, 18.5777893066, -73.2917251587, -80.5626907349, -147.012435913, -64.5227966309, -81.2845840454, -52.8062896729, -121.426635742, -122.215408325], [-938.177124023, 1483.55627441, -282.737060547, -34.356086731, -60.7037620544, 28.9338321686, -6.7564663887, -18.3348197937, 10.1222476959, -12.3074197769, -67.6625442505, -35.7463378906, 26.4291572571], [428.971008301, -282.737060547, 473.344940186, 129.538223267, 97.1688156128, 23.8383388519, 15.2263479233, 39.4406547546, 37.4239349365, 29.7890605927, 53.5874404907, 20.2597332001, -17.6190319061], [29.6861743927, -34.356086731, 129.538223267, 238.141647339, 94.5949707031, -2.94113612175, -3.73468828201, 29.1036376953, 5.23963928223, 46.3692054749, 42.8161125183, 25.8826255798, -9.20892906189], [18.5777893066, -60.7037620544, 97.1688156128, 94.5949707031, 157.710754395, 43.1578216553, 30.6803779602, 41.8503723145, -3.66975164413, 22.6723594666, 32.0798950195, 20.7088813782, -3.03358483315], [-73.2917251587, 28.9338321686, 23.8383388519, -2.94113612175, 43.1578216553, 128.209793091, 71.5198135376, 25.9361534119, 14.1489191055, -12.042057991, -7.80530738831, 3.74307560921, 7.21162986755], [-80.5626907349, -6.7564663887, 15.2263479233, -3.73468828201, 30.6803779602, 71.5198135376, 159.997131348, 98.687538147, 26.7036876678, 6.37593078613, 2.02458405495, 9.34700584412, 20.8336582184], [-147.012435913, -18.3348197937, 39.4406547546, 29.1036376953, 41.8503723145, 25.9361534119, 98.687538147, 161.910354614, 54.7758293152, 26.8536758423, 4.19149684906, 1.99451816082, 4.90269470215], [-64.5227966309, 10.1222476959, 37.4239349365, 5.23963928223, -3.66975164413, 14.1489191055, 26.7036876678, 54.7758293152, 122.302200317, 61.7531700134, 7.8510055542, -19.9277858734, -18.1261425018], [-81.2845840454, -12.3074197769, 29.7890605927, 46.3692054749, 22.6723594666, -12.042057991, 6.37593078613, 26.8536758423, 61.7531700134, 145.050186157, 76.5065917969, 11.1396532059, -29.9509220123], [-52.8062896729, -67.6625442505, 53.5874404907, 42.8161125183, 32.0798950195, -7.80530738831, 2.02458405495, 4.19149684906, 7.8510055542, 76.5065917969, 134.557846069, 78.0098419189, 3.26263689995], [-121.426635742, -35.7463378906, 20.2597332001, 25.8826255798, 20.7088813782, 3.74307560921, 9.34700584412, 1.99451816082, -19.9277858734, 11.1396532059, 78.0098419189, 144.902679443, 79.8657455444], [-122.215408325, 26.4291572571, -17.6190319061, -9.20892906189, -3.03358483315, 7.21162986755, 20.8336582184, 4.90269470215, -18.1261425018, -29.9509220123, 3.26263689995, 79.8657455444, 133.651229858]],
        "icov": [[0.000291554897558, 0.000145245081512, -0.000240556502831, 2.08311121241e-005, -2.55463110079e-005, 0.000218301065615, -0.000193518731976, 0.000382895144867, 4.30365471402e-005, 0.000114714617666, 0.000111832385301, 0.000178634058102, 0.000133438516059], [0.000145245081512, 0.00087217555847, 0.000390453002183, -0.000263454712695, 0.000169952589204, -0.000311164971208, 9.12169925869e-005, 0.000186622783076, -0.000132013810799, -7.50773324398e-005, 0.00025844789343, 0.000267585070105, -0.000207688441151], [-0.000240556502831, 0.000390453002183, 0.00331871700473, -0.00129701301921, -0.000883043569047, -0.000538346648682, 0.000353097653715, -0.000303007545881, -0.00142002420034, 0.000983753241599, -0.00120340602007, 0.000179627080797, -3.40646693076e-005], [2.08311121241e-005, -0.000263454712695, -0.00129701301921, 0.00657786428928, -0.00324122677557, 0.00106237828732, 0.000779029098339, -0.000686685205437, 0.00075153762009, -0.00161375314929, 0.000558493949939, -0.000951837806497, 0.000421698059654], [-2.55463110079e-005, 0.000169952589204, -0.000883043569047, -0.00324122677557, 0.0109653593972, -0.00414832495153, 0.00101764081046, -0.00276372255757, 0.00284768664278, -0.00104822148569, -0.00103134266101, 0.000231413461734, 5.6968012359e-005], [0.000218301065615, -0.000311164971208, -0.000538346648682, 0.00106237828732, -0.00414832495153, 0.0132042244077, -0.00706232152879, 0.00389355653897, -0.00273603503592, 0.00208102096803, 0.00117502931971, -0.00117613130715, 0.00118421844672], [-0.000193518731976, 9.12169925869e-005, 0.000353097653715, 0.000779029098339, 0.00101764081046, -0.00706232152879, 0.0144433416426, -0.00866946671158, 0.00164678809233, -0.000785322627053, -0.00120931572746, 0.00102454877924, -0.0021593850106], [0.000382895144867, 0.000186622783076, -0.000303007545881, -0.000686685205437, -0.00276372255757, 0.00389355653897, -0.00866946671158, 0.0136042572558, -0.00482686934993, 0.000576542806812, 0.00150581321213, -0.000677896721754, 0.000648408953566], [4.30365471402e-005, -0.000132013810799, -0.00142002420034, 0.00075153762009, 0.00284768664278, -0.00273603503592, 0.00164678809233, -0.00482686934993, 0.0145000778139, -0.00723519921303, 0.00201514316723, 0.00143075198866, -0.000496344058774], [0.000114714617666, -7.50773324398e-005, 0.000983753241599, -0.00161375314929, -0.00104822148569, 0.00208102096803, -0.000785322627053, 0.000576542806812, -0.00723519921303, 0.0157245062292, -0.00953667145222, 0.00255081430078, 0.00135451287497], [0.000111832385301, 0.00025844789343, -0.00120340602007, 0.000558493949939, -0.00103134266101, 0.00117502931971, -0.00120931572746, 0.00150581321213, 0.00201514316723, -0.00953667145222, 0.0206069368869, -0.0124752596021, 0.00506538059562], [0.000178634058102, 0.000267585070105, 0.000179627080797, -0.000951837806497, 0.000231413461734, -0.00117613130715, 0.00102454877924, -0.000677896721754, 0.00143075198866, 0.00255081430078, -0.0124752596021, 0.0198735687882, -0.0108031965792], [0.000133438516059, -0.000207688441151, -3.40646693076e-005, 0.000421698059654, 5.6968012359e-005, 0.00118421844672, -0.0021593850106, 0.000648408953566, -0.000496344058774, 0.00135451287497, 0.00506538059562, -0.0108031965792, 0.0144882546738]]
    },
    "spectral_contrast_coeffs": {
        "mean": [-0.677885532379, -0.737027585506, -0.743088543415, -0.789640188217, -0.793363332748, -0.741500675678],
        "var": [0.00919238012284, 0.00798463821411, 0.00635997485369, 0.00264150090516, 0.00122452783398, 0.00125018518884]
    },
    "spectral_contrast_valleys": {
        "mean": [-6.69539833069, -6.8283367157, -7.74726963043, -8.167552948, -7.71146440506, -10.0885429382],
        "var": [1.32993090153, 1.11918413639, 1.10767710209, 0.975492656231, 1.189696908, 1.72188830376]
    }
},
"metadata": {
    "audio_properties": {
        "analysis_sample_rate": 44100,
        "bit_rate": 110203,
        "equal_loudness": 0,
        "length": 45.0873451233,
        "lossless": 0,
        "replay_gain": -5.35231781006,
        "sample_rate": 44100,
        "codec": "mp3",
        "downmix": "mix",
        "md5_encoded": "6730ad910354adb8f5f7b8217f239c3f"
    },
    "tags": {
        "file_name": "audio\\722.mp3"
    },
    "version": {
        "essentia": "2.1-beta2",
        "essentia_git_sha": "v2.1_beta2",
        "extractor": "music 1.0"
    }
},
"rhythm": {
    "beats_count": 81,
    "beats_loudness": {
        "mean": 0.0616174452007,
        "var": 0.000690269458573
    },
    "bpm": 111.078788757,
    "bpm_histogram_first_peak_bpm": {
        "mean": 112,
        "var": 0
    },
    "bpm_histogram_first_peak_spread": {
        "mean": 0.588235318661,
        "var": 0
    },
    "bpm_histogram_first_peak_weight": {
        "mean": 0.262499988079,
        "var": 0
    },
    "bpm_histogram_second_peak_bpm": {
        "mean": 105,
        "var": 0
    },
    "bpm_histogram_second_peak_spread": {
        "mean": 0.230769202113,
        "var": 0
    },
    "bpm_histogram_second_peak_weight": {
        "mean": 0.25,
        "var": 0
    },
    "danceability": 1.17937266827,
    "onset_rate": 4.07939195633,
    "beats_loudness_band_ratio": {
        "mean": [0.718974947929, 0.119850501418, 0.0893089175224, 0.0481326691806, 0.0163722205907, 0.0421241186559],
        "var": [0.0438586734235, 0.0189643781632, 0.017781432718, 0.0124528156593, 0.000447274040198, 0.00125110743102]
    },
    "beats_position": [0.568888902664, 1.17260766029, 1.77632653713, 2.39165520668, 2.96054410934, 3.52943301201, 4.09832191467, 4.66721057892, 5.22448968887, 5.78176879883, 6.33904743195, 6.8963265419, 7.44199514389, 7.97605419159, 8.52172279358, 9.07900238037, 9.64789104462, 10.2167797089, 10.774058342, 11.3313379288, 11.900226593, 12.4691152573, 13.0496139526, 13.6068935394, 14.1409521103, 14.6750106812, 15.2206802368, 15.7663488388, 16.3236274719, 16.8809070587, 17.4614048004, 18.0186843872, 18.5875740051, 19.1564617157, 19.6905212402, 20.2245807648, 20.758638382, 21.2926979065, 21.8383674622, 22.3840351105, 22.918094635, 23.4521541595, 23.9862117767, 24.5202713013, 25.0543308258, 25.5883903503, 26.1108379364, 26.6332874298, 27.1673469543, 27.7014045715, 28.2354640961, 28.7579135895, 29.2803630829, 29.8144207001, 30.3484802246, 30.8825397491, 31.4049873352, 31.9274368286, 32.449886322, 32.9723358154, 33.5063934326, 34.0404510498, 34.5861206055, 35.1317901611, 35.6890678406, 36.2463493347, 36.8268470764, 37.4073448181, 37.976234436, 38.545124054, 39.1140136719, 39.6945114136, 40.2634010315, 40.8322906494, 41.4011802673, 41.9700660706, 42.5389556885, 43.0962333679, 43.6651229858, 44.2456245422, 44.8145103455]
},
"tonal": {
    "chords_changes_rate": 0.0987654328346,
    "chords_number_rate": 0.0133744860068,
    "chords_strength": {
        "mean": 0.441060245037,
        "var": 0.00548704108223
    },
    "hpcp_entropy": {
        "mean": 1.88567471504,
        "var": 0.503224015236
    },
    "key_strength": 0.694915413857,
    "tuning_diatonic_strength": 0.520583808422,
    "tuning_equal_tempered_deviation": 0.206420779228,
    "tuning_frequency": 434.193115234,
    "tuning_nontempered_energy_ratio": 0.876134634018,
    "hpcp": {
        "mean": [0.159381553531, 0.158348739147, 0.0908664688468, 0.0766747221351, 0.058889079839, 0.0338828340173, 0.0380180627108, 0.0426926314831, 0.0627642944455, 0.170728310943, 0.184309139848, 0.0865395143628, 0.0621436275542, 0.0480072125793, 0.0364839099348, 0.101924404502, 0.150151893497, 0.0893551409245, 0.0399164743721, 0.0315779261291, 0.0253735892475, 0.0276958588511, 0.0305241234601, 0.0847972556949, 0.158200293779, 0.115350410342, 0.0454315729439, 0.054476082325, 0.0587994232774, 0.0619914457202, 0.131531327963, 0.251838415861, 0.248901501298, 0.127769902349, 0.0684097856283, 0.0864445567131],
        "var": [0.0873449519277, 0.094612903893, 0.0334379896522, 0.0364695414901, 0.0288152191788, 0.0123446043581, 0.0134642878547, 0.0176104195416, 0.0232641976327, 0.0962978079915, 0.113784760237, 0.0321007221937, 0.0323056429625, 0.0232722181827, 0.0122288214043, 0.0449174046516, 0.100640915334, 0.0385535992682, 0.0141265327111, 0.010104089044, 0.00910392776132, 0.00983016658574, 0.0131079768762, 0.0312303062528, 0.0869581848383, 0.0489056259394, 0.0145602645352, 0.018494868651, 0.0231930352747, 0.0184357501566, 0.0522938370705, 0.125015228987, 0.152337759733, 0.0499249510467, 0.0345665514469, 0.0383876226842]
    },
    "chords_histogram": [13.7860078812, 1.13168728352, 15.2263374329, 0, 8.53909492493, 0, 0, 0.823045253754, 0, 0, 0, 0, 0, 0.823045253754, 5.65843629837, 10.5967073441, 1.44032919407, 5.55555534363, 0, 9.05349826813, 3.60082316399, 7.09876537323, 15.2263374329, 1.44032919407],
    "thpcp": [1, 0.988338112831, 0.507348716259, 0.271641582251, 0.343254059553, 0.632872283459, 0.628771185875, 0.360812574625, 0.304459989071, 0.233836755157, 0.13454195857, 0.150962129235, 0.169523909688, 0.249224469066, 0.677927970886, 0.731854736805, 0.343631118536, 0.246759921312, 0.190627038479, 0.144870311022, 0.404721438885, 0.596223175526, 0.354811400175, 0.158500343561, 0.125389635563, 0.100753448904, 0.109974719584, 0.121205188334, 0.336712956429, 0.628181755543, 0.458033412695, 0.180399686098, 0.216313630342, 0.233480751514, 0.246155634522, 0.522284626961],
    "chords_key": "G",
    "chords_scale": "major",
    "key_key": "C",
    "key_scale": "major"
}
}