{
"lowlevel": {
    "average_loudness": 0.973687052727,
    "barkbands_crest": {
        "mean": 8.34008979797,
        "var": 11.5181865692
    },
    "barkbands_flatness_db": {
        "mean": 0.117046073079,
        "var": 0.00148565019481
    },
    "barkbands_kurtosis": {
        "mean": 4.03777551651,
        "var": 70.0134887695
    },
    "barkbands_skewness": {
        "mean": 1.45877444744,
        "var": 1.40633499622
    },
    "barkbands_spread": {
        "mean": 22.1112861633,
        "var": 99.1583709717
    },
    "dissonance": {
        "mean": 0.462020903826,
        "var": 0.000586597365327
    },
    "dynamic_complexity": 2.39345836639,
    "erbbands_crest": {
        "mean": 8.11039066315,
        "var": 13.4646129608
    },
    "erbbands_flatness_db": {
        "mean": 0.135258451104,
        "var": 0.00121418642811
    },
    "erbbands_kurtosis": {
        "mean": 0.704861998558,
        "var": 2.36468744278
    },
    "erbbands_skewness": {
        "mean": 0.559029757977,
        "var": 0.22170136869
    },
    "erbbands_spread": {
        "mean": 35.8544921875,
        "var": 270.528839111
    },
    "hfc": {
        "mean": 21.7752666473,
        "var": 243.692214966
    },
    "melbands_crest": {
        "mean": 12.9936141968,
        "var": 28.5406341553
    },
    "melbands_flatness_db": {
        "mean": 0.180508986115,
        "var": 0.00299166538753
    },
    "melbands_kurtosis": {
        "mean": 11.5934200287,
        "var": 406.970794678
    },
    "melbands_skewness": {
        "mean": 2.27537035942,
        "var": 2.63295698166
    },
    "melbands_spread": {
        "mean": 22.9825649261,
        "var": 149.985839844
    },
    "pitch_salience": {
        "mean": 0.566338062286,
        "var": 0.0171654075384
    },
    "silence_rate_20dB": {
        "mean": 1,
        "var": 0
    },
    "silence_rate_30dB": {
        "mean": 0.956253230572,
        "var": 0.0418335534632
    },
    "silence_rate_60dB": {
        "mean": 0.0231600608677,
        "var": 0.0226240716875
    },
    "spectral_centroid": {
        "mean": 1298.50878906,
        "var": 384374.6875
    },
    "spectral_complexity": {
        "mean": 20.2691707611,
        "var": 89.3413925171
    },
    "spectral_decrease": {
        "mean": -8.30791613282e-009,
        "var": 7.32611303051e-017
    },
    "spectral_energy": {
        "mean": 0.0333310738206,
        "var": 0.00109507481102
    },
    "spectral_energyband_high": {
        "mean": 0.000803545117378,
        "var": 6.63056084704e-007
    },
    "spectral_energyband_low": {
        "mean": 0.015294091776,
        "var": 0.000771526712924
    },
    "spectral_energyband_middle_high": {
        "mean": 0.0074424748309,
        "var": 4.4316137064e-005
    },
    "spectral_energyband_middle_low": {
        "mean": 0.0110525107011,
        "var": 0.000114619440865
    },
    "spectral_entropy": {
        "mean": 7.67362165451,
        "var": 0.0812006518245
    },
    "spectral_flux": {
        "mean": 0.094787761569,
        "var": 0.00454616453499
    },
    "spectral_kurtosis": {
        "mean": 3.94510698318,
        "var": 3.07371258736
    },
    "spectral_rms": {
        "mean": 0.00522857671604,
        "var": 5.18012666362e-006
    },
    "spectral_rolloff": {
        "mean": 1271.25708008,
        "var": 1279065.625
    },
    "spectral_skewness": {
        "mean": 1.5932649374,
        "var": 0.127149134874
    },
    "spectral_spread": {
        "mean": 5125425,
        "var": 3.3535402967e+012
    },
    "spectral_strongpeak": {
        "mean": 0.914634585381,
        "var": 1.31516218185
    },
    "zerocrossingrate": {
        "mean": 0.0607122331858,
        "var": 0.000936572032515
    },
    "barkbands": {
        "mean": [0.00022548418201, 0.00774102658033, 0.00641512870789, 0.00128290255088, 0.00224492046982, 0.00176223181188, 0.00247329403646, 0.00135582324583, 0.00120319705456, 0.00175243837293, 0.001533792587, 0.00106591603253, 0.00111494516023, 0.000480975548271, 0.000572780496441, 0.00032157349051, 0.000290328578558, 0.000333396950737, 0.000256781553617, 0.000223182025366, 0.000244819471845, 0.000131250038976, 0.000110997803858, 6.9678069849e-005, 7.06041682861e-005, 5.32470294274e-005, 3.92748006561e-007],
        "var": [1.64906282407e-007, 0.0001514605392, 0.000254390703049, 1.42468870763e-005, 1.0112423297e-005, 4.96073926115e-006, 1.08064841697e-005, 5.72700173507e-006, 3.14131148116e-006, 5.42412590221e-006, 7.3753194556e-006, 3.12446945827e-006, 3.39422558682e-006, 7.80657785526e-007, 1.13558496651e-006, 2.01202581707e-007, 1.47756395563e-007, 2.11505280845e-007, 1.09710043716e-007, 1.15314243487e-007, 9.2801897722e-008, 3.16480708307e-008, 1.32274671216e-008, 5.63041613333e-009, 7.53940110343e-009, 5.05233499482e-009, 1.267542603e-012]
    },
    "erbbands": {
        "mean": [0.187986478209, 1.89688682556, 7.23406744003, 5.89349508286, 4.26592254639, 9.44463157654, 10.4049291611, 14.9902496338, 28.3401756287, 32.2778167725, 34.2013587952, 31.8726100922, 48.651424408, 70.3263320923, 41.3989067078, 50.5349235535, 52.479598999, 31.6708126068, 29.0338535309, 23.28606987, 16.7963809967, 14.9213008881, 18.9040412903, 14.9058732986, 11.5547838211, 10.3303642273, 11.862408638, 8.0947561264, 4.78708410263, 4.50428676605, 2.7739174366, 1.66989839077, 0.977071046829, 0.696501493454, 0.59123134613, 0.297543942928, 0.0803395062685, 0.00659242784604, 0.0001617725502, 4.61818999611e-005],
        "var": [0.143214255571, 8.93887138367, 238.905914307, 299.896240234, 57.6782722473, 202.683135986, 182.989883423, 437.286346436, 1266.34240723, 1811.55102539, 3105.89794922, 2189.65893555, 4638.23144531, 10884.7480469, 4138.68554688, 6223.11279297, 7037.36425781, 2247.25854492, 1940.27868652, 1188.81079102, 450.399963379, 348.686645508, 706.223937988, 334.92956543, 254.685699463, 247.047515869, 299.610839844, 90.5520782471, 36.7833938599, 22.8677692413, 10.5609750748, 4.12675142288, 1.03503715992, 0.860563933849, 0.579569578171, 0.159666210413, 0.0119459787384, 0.000110406668682, 5.2668585937e-008, 1.59167679037e-009]
    },
    "gfcc": {
        "mean": [28.3086357117, 86.5375366211, -111.338691711, 25.346780777, -62.3884735107, 25.2715816498, -31.4221248627, 16.5731296539, -25.7853717804, 12.543170929, -17.1849384308, 7.73719549179, -14.1941537857],
        "cov": [[4719.8203125, 220.899093628, -584.11895752, 115.377319336, -14.4408054352, -63.7241287231, -34.8282051086, 69.2656097412, -84.922416687, 38.8299331665, -82.0240631104, 25.0593833923, 13.8856182098], [220.899093628, 559.899719238, 18.9746704102, 29.9837856293, 71.4752502441, -35.5928840637, 34.6845092773, -36.7062225342, 14.8128557205, -48.9391899109, 61.2969894409, -26.6037330627, 38.1559944153], [-584.11895752, 18.9746704102, 735.032226563, 161.35887146, 31.5671367645, 86.576499939, 53.6723861694, 36.1481666565, -0.108993135393, 28.3867053986, -38.273109436, 23.5551300049, -48.4353942871], [115.377319336, 29.9837856293, 161.35887146, 273.081176758, 10.2643938065, -15.1676692963, 63.4512825012, 23.0391807556, 20.9430656433, -9.14866542816, 0.51619797945, -20.8195285797, 5.66151380539], [-14.4408054352, 71.4752502441, 31.5671367645, 10.2643938065, 191.178985596, 70.0786132813, 33.3000335693, 11.7292299271, 7.88246250153, 0.963452637196, -0.790151536465, 0.123663268983, 0.766408741474], [-63.7241287231, -35.5928840637, 86.576499939, -15.1676692963, 70.0786132813, 140.23739624, 23.6016235352, 7.00229072571, 12.2651090622, 13.1551589966, -10.5831069946, 5.9178071022, -14.12870121], [-34.8282051086, 34.6845092773, 53.6723861694, 63.4512825012, 33.3000335693, 23.6016235352, 75.4325027466, 28.2552528381, 16.8372554779, -1.49792408943, 2.84034991264, -6.02766656876, 7.99584150314], [69.2656097412, -36.7062225342, 36.1481666565, 23.0391807556, 11.7292299271, 7.00229072571, 28.2552528381, 56.8076248169, 11.044169426, 12.6786088943, -7.66541576385, 7.49250030518, -3.00013613701], [-84.922416687, 14.8128557205, -0.108993135393, 20.9430656433, 7.88246250153, 12.2651090622, 16.8372554779, 11.044169426, 52.0969276428, 17.9809417725, 15.4361219406, -4.92448043823, 2.71621370316], [38.8299331665, -48.9391899109, 28.3867053986, -9.14866542816, 0.963452637196, 13.1551589966, -1.49792408943, 12.6786088943, 17.9809417725, 66.5846557617, 20.4930152893, 15.0075511932, -13.1189002991], [-82.0240631104, 61.2969894409, -38.273109436, 0.51619797945, -0.790151536465, -10.5831069946, 2.84034991264, -7.66541576385, 15.4361219406, 20.4930152893, 67.1595001221, 12.8950996399, 7.76118278503], [25.0593833923, -26.6037330627, 23.5551300049, -20.8195285797, 0.123663268983, 5.9178071022, -6.02766656876, 7.49250030518, -4.92448043823, 15.0075511932, 12.8950996399, 46.5809516907, 11.4954986572], [13.8856182098, 38.1559944153, -48.4353942871, 5.66151380539, 0.766408741474, -14.12870121, 7.99584150314, -3.00013613701, 2.71621370316, -13.1189002991, 7.76118278503, 11.4954986572, 50.5140724182]],
        "icov": [[0.000528508389834, -0.00101407128386, 0.00109244033229, -0.00121662032325, 0.000475224864203, -0.000738534028642, 0.000716648472007, -0.00113887712359, 0.00149701838382, -0.00190729973838, 0.00239629927091, -0.00169174617622, 0.000850666721817], [-0.00101407128386, 0.00511795002967, -0.00299137597904, 0.00319217215292, -0.00245432811789, 0.00297378143296, -0.00252237380482, 0.00373116112314, -0.0036214790307, 0.00630825804546, -0.00848692841828, 0.00591614330187, -0.00353263108991], [0.00109244033229, -0.00299137597904, 0.00467977765948, -0.00423921644688, 0.00161150435451, -0.0029708170332, 0.000975298811682, -0.00235907384194, 0.00367810274474, -0.00524634215981, 0.00753752188757, -0.00682276533917, 0.00460597407073], [-0.00121662032325, 0.00319217215292, -0.00423921644688, 0.00893089547753, -0.00159460131545, 0.00408446136862, -0.00564227625728, 0.00272351014428, -0.00488897226751, 0.00582908699289, -0.00737391412258, 0.00749385962263, -0.0037167116534], [0.000475224864203, -0.00245432811789, 0.00161150435451, -0.00159460131545, 0.00793965440243, -0.00479515874758, -0.000626069901045, -0.00228995084763, 0.00232524541207, -0.00264311186038, 0.00346354837529, -0.00245838123374, 0.00116443121806], [-0.000738534028642, 0.00297378143296, -0.0029708170332, 0.00408446136862, -0.00479515874758, 0.0129150757566, -0.00544974673539, 0.005108889658, -0.00554020144045, 0.00298492098227, -0.00250325724483, 0.00124747899827, 0.000675386923831], [0.000716648472007, -0.00252237380482, 0.000975298811682, -0.00564227625728, -0.000626069901045, -0.00544974673539, 0.0263771619648, -0.0136026190594, 0.000573747151066, -0.000887336966116, 0.000336849800078, 0.00273328530602, -0.00415714038536], [-0.00113887712359, 0.00373116112314, -0.00235907384194, 0.00272351014428, -0.00228995084763, 0.005108889658, -0.0136026190594, 0.0304772928357, -0.00791658181697, 0.00082520529395, 0.00078439997742, -0.00390654196963, 0.00176291691605], [0.00149701838382, -0.0036214790307, 0.00367810274474, -0.00488897226751, 0.00232524541207, -0.00554020144045, 0.000573747151066, -0.00791658181697, 0.031382445246, -0.0132200745866, 0.0020236663986, 0.00257906713523, -0.00176586187445], [-0.00190729973838, 0.00630825804546, -0.00524634215981, 0.00582908699289, -0.00264311186038, 0.00298492098227, -0.000887336966116, 0.00082520529395, -0.0132200745866, 0.0322926566005, -0.018013548106, 0.00181262439582, 0.00259269727394], [0.00239629927091, -0.00848692841828, 0.00753752188757, -0.00737391412258, 0.00346354837529, -0.00250325724483, 0.000336849800078, 0.00078439997742, 0.0020236663986, -0.018013548106, 0.037541590631, -0.0190788209438, 0.00683294376358], [-0.00169174617622, 0.00591614330187, -0.00682276533917, 0.00749385962263, -0.00245838123374, 0.00124747899827, 0.00273328530602, -0.00390654196963, 0.00257906713523, 0.00181262439582, -0.0190788209438, 0.0428358092904, -0.0181488320231], [0.000850666721817, -0.00353263108991, 0.00460597407073, -0.0037167116534, 0.00116443121806, 0.000675386923831, -0.00415714038536, 0.00176291691605, -0.00176586187445, 0.00259269727394, 0.00683294376358, -0.0181488320231, 0.0318465717137]]
    },
    "melbands": {
        "mean": [0.00189604319166, 0.00340512930416, 0.000978446914814, 0.000493426865432, 0.000373055867385, 0.000338255544193, 0.000487796467496, 0.000338232872309, 0.000257689971477, 0.000197439585463, 0.000237890606513, 0.000276196427876, 0.000161422954989, 0.000133751047542, 9.91285851342e-005, 0.000113609603432, 5.19361456099e-005, 4.36581030954e-005, 4.27450140705e-005, 2.4662769647e-005, 1.86950728676e-005, 1.54606350407e-005, 1.63423665072e-005, 1.72424497578e-005, 1.13518681246e-005, 9.36500418902e-006, 6.63293349135e-006, 6.66303367325e-006, 8.26670657261e-006, 5.35510662303e-006, 4.4163698476e-006, 2.88436672236e-006, 2.06720233109e-006, 2.74109333986e-006, 1.67583755228e-006, 1.25294616282e-006, 9.01831924693e-007, 6.85735813022e-007, 5.93863774156e-007, 5.84575502671e-007],
        "var": [1.08171252577e-005, 4.29192587035e-005, 7.28806389816e-006, 5.54297230337e-007, 2.30342365626e-007, 2.22142844564e-007, 3.7251746221e-007, 1.99775612941e-007, 1.66964795767e-007, 8.69522764901e-008, 1.17549674883e-007, 1.68113274412e-007, 7.47608410734e-008, 4.95376575316e-008, 1.83331447801e-008, 4.74349626245e-008, 8.50305603706e-009, 4.58893989475e-009, 9.06445141169e-009, 1.33546695924e-009, 6.47685627353e-010, 4.34303565333e-010, 5.48392498079e-010, 6.15759276901e-010, 2.14985973468e-010, 1.73142472581e-010, 1.10442058276e-010, 1.03292902009e-010, 1.78017267594e-010, 4.32716709686e-011, 3.18045034753e-011, 1.46600093176e-011, 1.18025910226e-011, 6.60242867323e-012, 4.57303639401e-012, 2.22791511802e-012, 1.28706702414e-012, 5.4442035732e-013, 4.73000273931e-013, 7.44316880266e-013]
    },
    "mfcc": {
        "mean": [-616.627258301, 120.316223145, 5.17372751236, 12.7007102966, -4.4157242775, 9.07625961304, 3.70129489899, 6.8211722374, 1.23063480854, 2.85894870758, 3.22175717354, 4.54218626022, 1.49132990837],
        "cov": [[2792.20141602, 67.2864685059, -526.46270752, 157.486816406, -72.6717376709, -69.7137985229, 5.2605547905, -28.8695163727, 40.8387718201, -22.4592075348, -35.3718147278, 10.1807775497, -16.4227790833], [67.2864685059, 516.772155762, 2.9989771843, 5.70532941818, 62.0485534668, 19.0774612427, 31.3173408508, 10.7094087601, -20.2282962799, -11.7348871231, -10.7793045044, 18.7304382324, 11.716170311], [-526.46270752, 2.9989771843, 565.10546875, 128.238571167, 38.21118927, 73.2893218994, 29.1525478363, 44.8964347839, 33.8998947144, 15.9885320663, 25.4961204529, 5.57438755035, 12.2590227127], [157.486816406, 5.70532941818, 128.238571167, 256.716522217, 7.30038118362, -0.0837146192789, 31.1197090149, 27.439863205, 27.8760452271, 14.8090257645, -2.45042896271, 11.8697357178, 6.88797140121], [-72.6717376709, 62.0485534668, 38.21118927, 7.30038118362, 122.279457092, 65.140914917, 35.6208648682, 25.7020568848, 15.3729553223, 4.98226499557, 17.0082035065, 2.0566740036, 3.09375143051], [-69.7137985229, 19.0774612427, 73.2893218994, -0.0837146192789, 65.140914917, 106.17137146, 36.825553894, 24.9161663055, 20.7735595703, 16.4732151031, 16.7939949036, 2.0669426918, 0.627287387848], [5.2605547905, 31.3173408508, 29.1525478363, 31.1197090149, 35.6208648682, 36.825553894, 71.0548782349, 32.1746673584, 16.8384780884, 8.51176738739, 6.45096158981, 1.43431377411, 4.79065036774], [-28.8695163727, 10.7094087601, 44.8964347839, 27.439863205, 25.7020568848, 24.9161663055, 32.1746673584, 62.957775116, 28.6975364685, 8.05788707733, -1.03742575645, -11.4046554565, -1.71776986122], [40.8387718201, -20.2282962799, 33.8998947144, 27.8760452271, 15.3729553223, 20.7735595703, 16.8384780884, 28.6975364685, 62.1855125427, 20.4404697418, 2.81947112083, -7.22957706451, -7.81100606918], [-22.4592075348, -11.7348871231, 15.9885320663, 14.8090257645, 4.98226499557, 16.4732151031, 8.51176738739, 8.05788707733, 20.4404697418, 48.4908828735, 16.8525733948, 2.68640947342, -5.26767730713], [-35.3718147278, -10.7793045044, 25.4961204529, -2.45042896271, 17.0082035065, 16.7939949036, 6.45096158981, -1.03742575645, 2.81947112083, 16.8525733948, 50.7020645142, 25.000831604, 5.29307794571], [10.1807775497, 18.7304382324, 5.57438755035, 11.8697357178, 2.0566740036, 2.0669426918, 1.43431377411, -11.4046554565, -7.22957706451, 2.68640947342, 25.000831604, 59.1526565552, 29.0075302124], [-16.4227790833, 11.716170311, 12.2590227127, 6.88797140121, 3.09375143051, 0.627287387848, 4.79065036774, -1.71776986122, -7.81100606918, -5.26767730713, 5.29307794571, 29.0075302124, 53.2062263489]],
        "icov": [[0.000553728954401, -0.000139772077091, 0.000701008946635, -0.000685706967488, 0.000453075917903, -0.000344075233443, -3.62596874766e-005, 0.000336998229614, -0.000820636225399, 0.000661054393277, -0.000246303505264, 1.65455767274e-005, 8.12595535535e-005], [-0.000139772077091, 0.00229770108126, -0.000240613255301, 0.000282415625406, -0.00153316336218, 0.000511555350386, -0.000778332119808, -0.000393907044781, 0.00136694288813, -0.000369283894543, 0.00170575408265, -0.00150464836042, 0.000424997124355], [0.000701008946635, -0.000240613255301, 0.00324305333197, -0.00211184588261, 0.00108036235906, -0.00228271121159, 0.000825545517728, -0.000503903836943, -0.00124065345153, 0.00147220748477, -0.0017926649889, 0.000860696018208, -0.000658255419694], [-0.000685706967488, 0.000282415625406, -0.00211184588261, 0.00603385875002, -0.00100462627597, 0.00257688318379, -0.00211821682751, -0.00102296168916, -0.000175378649146, -0.00226626871154, 0.00256584514864, -0.00239082379267, 0.000415420072386], [0.000453075917903, -0.00153316336218, 0.00108036235906, -0.00100462627597, 0.0145313562825, -0.00771601311862, -0.00162853195798, -0.00129214313347, -0.00174129381776, 0.00360924098641, -0.00481153838336, 0.002152078785, -0.000883401953615], [-0.000344075233443, 0.000511555350386, -0.00228271121159, 0.00257688318379, -0.00771601311862, 0.0180263519287, -0.00504048587754, -0.000449373823358, -0.000774154788814, -0.00406513269991, 0.000249537755735, -0.0010908372933, 0.000702739518601], [-3.62596874766e-005, -0.000778332119808, 0.000825545517728, -0.00211821682751, -0.00162853195798, -0.00504048587754, 0.0225177835673, -0.0084488587454, 9.80828917818e-005, -0.000293769262498, -0.00132138701156, 0.000159661824, -0.00187220657244], [0.000336998229614, -0.000393907044781, -0.000503903836943, -0.00102296168916, -0.00129214313347, -0.000449373823358, -0.0084488587454, 0.0269919615239, -0.00932275876403, 0.0011472068727, 0.00017349619884, 0.00558640761301, -0.00216608541086], [-0.000820636225399, 0.00136694288813, -0.00124065345153, -0.000175378649146, -0.00174129381776, -0.000774154788814, 9.80828917818e-005, -0.00932275876403, 0.0259149502963, -0.00913252029568, 0.00260162609629, -0.000609113136306, 0.00252839154564], [0.000661054393277, -0.000369283894543, 0.00147220748477, -0.00226626871154, 0.00360924098641, -0.00406513269991, -0.000293769262498, 0.0011472068727, -0.00913252029568, 0.0295644663274, -0.0106089608744, 0.0016712382203, 0.00187166943215], [-0.000246303505264, 0.00170575408265, -0.0017926649889, 0.00256584514864, -0.00481153838336, 0.000249537755735, -0.00132138701156, 0.00017349619884, 0.00260162609629, -0.0106089608744, 0.0336322039366, -0.0164894871414, 0.00500634266064], [1.65455767274e-005, -0.00150464836042, 0.000860696018208, -0.00239082379267, 0.002152078785, -0.0010908372933, 0.000159661824, 0.00558640761301, -0.000609113136306, 0.0016712382203, -0.0164894871414, 0.0335024558008, -0.0160474274307], [8.12595535535e-005, 0.000424997124355, -0.000658255419694, 0.000415420072386, -0.000883401953615, 0.000702739518601, -0.00187220657244, -0.00216608541086, 0.00252839154564, 0.00187166943215, 0.00500634266064, -0.0160474274307, 0.0277732480317]]
    },
    "spectral_contrast_coeffs": {
        "mean": [-0.685579776764, -0.736267805099, -0.731652081013, -0.76401412487, -0.785424292088, -0.731087088585],
        "var": [0.00316270347685, 0.00365962134674, 0.00458146911114, 0.00424443837255, 0.00174123025499, 0.00137685751542]
    },
    "spectral_contrast_valleys": {
        "mean": [-6.94111728668, -6.41152381897, -6.97317504883, -7.60192871094, -7.56390953064, -10.1557121277],
        "var": [1.21598088741, 1.06173586845, 0.98627102375, 0.991265237331, 1.02382016182, 0.787306249142]
    }
},
"metadata": {
    "audio_properties": {
        "analysis_sample_rate": 44100,
        "bit_rate": 107804,
        "equal_loudness": 0,
        "length": 45.0873451233,
        "lossless": 0,
        "replay_gain": -5.51107788086,
        "sample_rate": 44100,
        "codec": "mp3",
        "downmix": "mix",
        "md5_encoded": "4992c39670f0bb79b511251dd1a6db90"
    },
    "tags": {
        "file_name": "724.mp3"
    },
    "version": {
        "essentia": "2.1-beta2",
        "essentia_git_sha": "v2.1_beta2",
        "extractor": "music 1.0"
    }
},
"rhythm": {
    "beats_count": 88,
    "beats_loudness": {
        "mean": 0.0725492686033,
        "var": 0.00130941637326
    },
    "bpm": 117.679649353,
    "bpm_histogram_first_peak_bpm": {
        "mean": 117,
        "var": 0
    },
    "bpm_histogram_first_peak_spread": {
        "mean": 0.485294133425,
        "var": 0
    },
    "bpm_histogram_first_peak_weight": {
        "mean": 0.4022988379,
        "var": 0
    },
    "bpm_histogram_second_peak_bpm": {
        "mean": 123,
        "var": 0
    },
    "bpm_histogram_second_peak_spread": {
        "mean": 0.124999962747,
        "var": 0
    },
    "bpm_histogram_second_peak_weight": {
        "mean": 0.160919547081,
        "var": 0
    },
    "danceability": 1.62697815895,
    "onset_rate": 3.94636821747,
    "beats_loudness_band_ratio": {
        "mean": [0.45508736372, 0.141369074583, 0.21587048471, 0.127469167113, 0.0524110347033, 0.0446382202208],
        "var": [0.0758495479822, 0.00928956456482, 0.0168174449354, 0.00628175539896, 0.00148028647527, 0.0013626992004]
    },
    "beats_position": [0.452789098024, 0.9287981987, 1.40480720997, 1.89242625237, 2.38004541397, 2.89088439941, 3.39011335373, 3.90095233917, 4.40018129349, 4.92263031006, 5.4334692955, 5.94430828094, 6.44353723526, 6.9543762207, 7.45360517502, 7.96444416046, 8.46367359161, 8.98612213135, 9.50857162476, 10.0310201645, 10.5418596268, 11.0759181976, 11.5867567062, 12.1208162308, 12.6316547394, 13.1424942017, 13.6301136017, 14.1525621414, 14.66340065, 15.1858501434, 15.6850786209, 16.1959171295, 16.6951465607, 17.1943759918, 17.693605423, 18.2160549164, 18.7152824402, 19.2261219025, 19.7137413025, 20.2013607025, 20.6889801025, 21.1882076263, 21.6874370575, 22.1750564575, 22.6626758575, 23.1502952576, 23.6379127502, 24.1255321503, 24.6363716125, 25.1472110748, 25.6348285675, 26.1456680298, 26.6565074921, 27.1673469543, 27.6665763855, 28.1890239716, 28.6882534027, 29.199092865, 29.6983222961, 30.2091598511, 30.7199993134, 31.2308387756, 31.7416782379, 32.2525177002, 32.7633552551, 33.2741928101, 33.7850341797, 34.3074836731, 34.8067131042, 35.3175506592, 35.8283882141, 36.362449646, 36.8732872009, 37.3609046936, 37.848526001, 38.3593635559, 38.8585929871, 39.3578224182, 39.8686599731, 40.3795013428, 40.8787307739, 41.3895683289, 41.9004058838, 42.4228553772, 42.9453048706, 43.467754364, 43.9902038574, 44.5126533508]
},
"tonal": {
    "chords_changes_rate": 0.0102880662307,
    "chords_number_rate": 0.00411522621289,
    "chords_strength": {
        "mean": 0.624114632607,
        "var": 0.0108874021098
    },
    "hpcp_entropy": {
        "mean": 1.97099685669,
        "var": 0.513863444328
    },
    "key_strength": 0.730061113834,
    "tuning_diatonic_strength": 0.591792523861,
    "tuning_equal_tempered_deviation": 0.0791997686028,
    "tuning_frequency": 439.238189697,
    "tuning_nontempered_energy_ratio": 0.702139735222,
    "hpcp": {
        "mean": [0.253203451633, 0.16819216311, 0.242741629481, 0.367036521435, 0.234171882272, 0.0916199758649, 0.0718901380897, 0.055764246732, 0.0634052753448, 0.0713653415442, 0.0716165080667, 0.075054064393, 0.0693261101842, 0.093142516911, 0.262232303619, 0.384800255299, 0.2430755198, 0.0844823494554, 0.0436001271009, 0.038121715188, 0.0766260698438, 0.101086117327, 0.106436565518, 0.180248141289, 0.183869689703, 0.100948043168, 0.0708821415901, 0.0602243989706, 0.0893258452415, 0.303493231535, 0.412111222744, 0.228118106723, 0.10449436307, 0.0909451618791, 0.108617670834, 0.212983384728],
        "var": [0.0904318913817, 0.0495032668114, 0.0579408220947, 0.11764960736, 0.0575566217303, 0.0324638858438, 0.0249397531152, 0.0119641525671, 0.0156825687736, 0.0238610152155, 0.0222261250019, 0.0217102784663, 0.0195098593831, 0.0187681801617, 0.0633635222912, 0.121888421476, 0.0684330686927, 0.0212968233973, 0.014605987817, 0.0074981697835, 0.0262849517167, 0.037825204432, 0.0253169368953, 0.0571119710803, 0.0607755854726, 0.0276337973773, 0.0197706110775, 0.0179625563323, 0.0242324769497, 0.0997224450111, 0.152062371373, 0.0627560839057, 0.0380205959082, 0.0388445332646, 0.0350628420711, 0.0721113309264]
    },
    "chords_histogram": [90.2263412476, 3.49794244766, 1.95473253727, 0, 0, 0.308641970158, 4.01234579086, 0, 0, 0, 0, 0, 0, 0, 0, 0, 0, 0, 0, 0, 0, 0, 0, 0],
    "thpcp": [1, 0.553535282612, 0.253558635712, 0.220681115985, 0.263563960791, 0.516810417175, 0.614405632019, 0.408123224974, 0.589019715786, 0.890624940395, 0.568224966526, 0.222318559885, 0.174443528056, 0.135313585401, 0.153854772449, 0.173170104623, 0.173779562116, 0.182120889425, 0.168221846223, 0.226013049483, 0.63631439209, 0.933729112148, 0.589829921722, 0.204998910427, 0.105796992779, 0.0925034657121, 0.185935407877, 0.245288431644, 0.258271455765, 0.437377423048, 0.446165204048, 0.244953393936, 0.171997606754, 0.146136268973, 0.216751784086, 0.736435234547],
    "chords_key": "G",
    "chords_scale": "minor",
    "key_key": "G",
    "key_scale": "minor"
}
}