{
"lowlevel": {
    "average_loudness": 0.970690727234,
    "barkbands_crest": {
        "mean": 12.5848426819,
        "var": 28.9954376221
    },
    "barkbands_flatness_db": {
        "mean": 0.158278033137,
        "var": 0.00667398935184
    },
    "barkbands_kurtosis": {
        "mean": 10.9607944489,
        "var": 269.118530273
    },
    "barkbands_skewness": {
        "mean": 2.51964473724,
        "var": 2.6186234951
    },
    "barkbands_spread": {
        "mean": 24.3215103149,
        "var": 372.02532959
    },
    "dissonance": {
        "mean": 0.449852854013,
        "var": 0.0017823507078
    },
    "dynamic_complexity": 2.29622650146,
    "erbbands_crest": {
        "mean": 8.46796703339,
        "var": 16.8845405579
    },
    "erbbands_flatness_db": {
        "mean": 0.123372286558,
        "var": 0.00303366081789
    },
    "erbbands_kurtosis": {
        "mean": 1.11793112755,
        "var": 14.7868862152
    },
    "erbbands_skewness": {
        "mean": 0.576060891151,
        "var": 0.771028876305
    },
    "erbbands_spread": {
        "mean": 57.7579612732,
        "var": 857.27166748
    },
    "hfc": {
        "mean": 33.3810310364,
        "var": 744.274963379
    },
    "melbands_crest": {
        "mean": 17.8575458527,
        "var": 42.6568107605
    },
    "melbands_flatness_db": {
        "mean": 0.250584691763,
        "var": 0.010337905027
    },
    "melbands_kurtosis": {
        "mean": 33.1420707703,
        "var": 1585.93566895
    },
    "melbands_skewness": {
        "mean": 4.12729024887,
        "var": 4.98468160629
    },
    "melbands_spread": {
        "mean": 17.4450778961,
        "var": 393.215789795
    },
    "pitch_salience": {
        "mean": 0.503531873226,
        "var": 0.0195796042681
    },
    "silence_rate_20dB": {
        "mean": 1,
        "var": 0
    },
    "silence_rate_30dB": {
        "mean": 0.820380866528,
        "var": 0.147353172302
    },
    "silence_rate_60dB": {
        "mean": 0.00874935649335,
        "var": 0.00867287162691
    },
    "spectral_centroid": {
        "mean": 1198.55285645,
        "var": 727657
    },
    "spectral_complexity": {
        "mean": 16.5723114014,
        "var": 73.048576355
    },
    "spectral_decrease": {
        "mean": -1.53971342343e-008,
        "var": 1.76471175103e-016
    },
    "spectral_energy": {
        "mean": 0.0611401684582,
        "var": 0.00259229564108
    },
    "spectral_energyband_high": {
        "mean": 0.00248138839379,
        "var": 7.20393745723e-006
    },
    "spectral_energyband_low": {
        "mean": 0.0386314280331,
        "var": 0.00193514244165
    },
    "spectral_energyband_middle_high": {
        "mean": 0.00400209100917,
        "var": 1.92933493963e-005
    },
    "spectral_energyband_middle_low": {
        "mean": 0.0182404164225,
        "var": 0.000360291422112
    },
    "spectral_entropy": {
        "mean": 7.50760602951,
        "var": 0.467100381851
    },
    "spectral_flux": {
        "mean": 0.118879832327,
        "var": 0.00609824992716
    },
    "spectral_kurtosis": {
        "mean": 4.06571435928,
        "var": 44.9367027283
    },
    "spectral_rms": {
        "mean": 0.00707850977778,
        "var": 9.54364440986e-006
    },
    "spectral_rolloff": {
        "mean": 1395.69226074,
        "var": 4868385
    },
    "spectral_skewness": {
        "mean": 1.57515597343,
        "var": 0.768809258938
    },
    "spectral_spread": {
        "mean": 6931667.5,
        "var": 6.38115695821e+012
    },
    "spectral_strongpeak": {
        "mean": 0.618714690208,
        "var": 0.358641147614
    },
    "zerocrossingrate": {
        "mean": 0.0696877613664,
        "var": 0.00293925474398
    },
    "barkbands": {
        "mean": [0.00118236988783, 0.0299119465053, 0.00549088651314, 0.00368990842253, 0.00786522217095, 0.0025672451593, 0.00137630593963, 0.00115452730097, 0.0013491967693, 0.00149758020416, 0.000814837636426, 0.000419346964918, 0.000167773061548, 0.000296336686006, 0.0001067842677, 6.83443431626e-005, 0.000149349099956, 9.86217855825e-005, 0.000276751350611, 0.000352240575012, 0.000450719991932, 0.000432995875599, 0.000277954852208, 0.000394962553401, 0.00041166137089, 0.000317672442179, 1.86401084648e-005],
        "var": [1.8714243879e-006, 0.00157974497415, 5.92160868109e-005, 2.85682181129e-005, 0.000137930270284, 8.21735011414e-006, 5.43037549505e-006, 4.09985295846e-006, 5.45367220184e-006, 8.03677994554e-006, 1.97270378521e-006, 8.99952510736e-007, 1.05183602273e-007, 4.48312221124e-007, 3.34586189865e-008, 2.2075751005e-008, 4.46660166631e-008, 3.31910214868e-008, 1.88593972439e-007, 2.88725487962e-007, 3.32378476742e-007, 2.74084584362e-007, 1.41150863442e-007, 2.21020215463e-007, 3.09105018914e-007, 2.2221510676e-007, 1.02281905168e-009]
    },
    "erbbands": {
        "mean": [1.20437312126, 5.37688541412, 6.53492927551, 10.5343570709, 21.2030200958, 25.2207336426, 21.5309925079, 19.8615455627, 22.6512966156, 16.0570087433, 34.7702102661, 29.2390575409, 30.6218280792, 50.660533905, 23.899766922, 18.0022335052, 10.6909151077, 16.687379837, 6.28789424896, 5.65846920013, 3.6279759407, 8.66991043091, 6.26550960541, 10.0890550613, 14.8576393127, 18.8386669159, 16.3754711151, 18.9709625244, 16.4306030273, 12.0815057755, 6.45286560059, 6.65027475357, 7.44238233566, 4.57525873184, 3.1019449234, 1.59837043285, 0.528995037079, 0.0802913978696, 0.00204066792503, 0.00013334940013],
        "var": [2.24465942383, 61.6895828247, 84.143913269, 186.493209839, 998.989318848, 1600.50134277, 837.262756348, 523.988891602, 1614.00610352, 514.437438965, 3413.23535156, 2877.23168945, 2673.44384766, 7495.65576172, 2782.20068359, 1191.80603027, 378.003387451, 1426.73364258, 122.478561401, 90.6043701172, 42.074131012, 146.793212891, 115.750846863, 266.610321045, 491.581420898, 854.886901855, 430.70703125, 639.805480957, 405.523406982, 282.047210693, 58.7764930725, 58.616558075, 87.2287902832, 35.8453178406, 19.5177001953, 5.21335172653, 0.726386725903, 0.0155975082889, 1.03753836811e-005, 1.37289539737e-008]
    },
    "gfcc": {
        "mean": [28.0576286316, 77.1802978516, -60.8112945557, 36.4686355591, -69.4510269165, 23.2465896606, -26.6856994629, 13.2636470795, -31.0530948639, 8.87139320374, -18.3755474091, 4.05847072601, -8.50200939178],
        "cov": [[9020.34082031, -2368.76855469, -477.408538818, 60.9992675781, -214.725189209, 549.523864746, -306.478515625, 423.236328125, -385.017120361, 409.501953125, -446.146881104, 426.701629639, -245.238571167], [-2368.76855469, 2004.00195313, 158.916870117, -189.812271118, 207.656524658, -119.468788147, 177.846176147, -292.071685791, 151.125167847, -207.168411255, 231.722076416, -140.91545105, 189.379257202], [-477.408538818, 158.916870117, 688.446960449, -99.0221405029, 167.460235596, 113.102745056, 45.1195259094, -13.572889328, 34.6860198975, 94.5676422119, -23.998167038, 59.7291641235, 48.2066345215], [60.9992675781, -189.812271118, -99.0221405029, 490.399353027, -101.301544189, -130.239959717, -19.2229003906, 26.3783473969, 12.112493515, -59.5366592407, 73.2081832886, -93.891494751, -28.058013916], [-214.725189209, 207.656524658, 167.460235596, -101.301544189, 283.234893799, 152.510360718, -0.672691822052, -82.5102539063, 2.4230222702, 54.5160598755, 4.46872091293, 53.0527458191, 39.7179298401], [549.523864746, -119.468788147, 113.102745056, -130.239959717, 152.510360718, 303.203613281, 60.7396888733, 5.8837184906, -38.6287574768, 79.1104507446, -46.171661377, 97.7613830566, 26.4376506805], [-306.478515625, 177.846176147, 45.1195259094, -19.2229003906, -0.672691822052, 60.7396888733, 184.507537842, 53.0220603943, 39.0611915588, -36.5595092773, 35.4454727173, 2.10150408745, 38.9894142151], [423.236328125, -292.071685791, -13.572889328, 26.3783473969, -82.5102539063, 5.8837184906, 53.0220603943, 195.429107666, 50.6599235535, 38.8590011597, -39.6496505737, 17.9286079407, -33.4066810608], [-385.017120361, 151.125167847, 34.6860198975, 12.112493515, 2.4230222702, -38.6287574768, 39.0611915588, 50.6599235535, 130.748626709, 29.4171714783, 32.8205795288, -23.2368679047, 15.1908359528], [409.501953125, -207.168411255, 94.5676422119, -59.5366592407, 54.5160598755, 79.1104507446, -36.5595092773, 38.8590011597, 29.4171714783, 147.907470703, -12.9000511169, 65.4314422607, -15.9938783646], [-446.146881104, 231.722076416, -23.998167038, 73.2081832886, 4.46872091293, -46.171661377, 35.4454727173, -39.6496505737, 32.8205795288, -12.9000511169, 122.383682251, -12.4745492935, 29.2056102753], [426.701629639, -140.91545105, 59.7291641235, -93.891494751, 53.0527458191, 97.7613830566, 2.10150408745, 17.9286079407, -23.2368679047, 65.4314422607, -12.4745492935, 125.506523132, 28.2773456573], [-245.238571167, 189.379257202, 48.2066345215, -28.058013916, 39.7179298401, 26.4376506805, 38.9894142151, -33.4066810608, 15.1908359528, -15.9938783646, 29.2056102753, 28.2773456573, 84.4019088745]],
        "icov": [[0.000368377106497, -0.000371349829948, 0.000390971486922, -0.000661693513393, 0.000566375965718, -0.000611077819485, 0.000411027576774, -0.000706613645889, 0.00113108404912, -0.00121020327788, 0.00126882991754, -0.00115000305232, 0.00042897099047], [-0.000371349829948, 0.00260808854364, -0.000813963240944, 0.00231992453337, -0.00172058516182, 0.0010759641882, -0.0010748092318, 0.00250961119309, -0.00347483484074, 0.00397355249152, -0.00409066444263, 0.00319343316369, -0.00200840830803], [0.000390971486922, -0.000813963240944, 0.00252262339927, -0.00118603534065, -0.000232352991588, 1.90973205463e-005, -0.000822359696031, -0.000575168174691, 0.00180025305599, -0.00373912719078, 0.00327961193398, -0.00147782161366, -0.00028942557401], [-0.000661693513393, 0.00231992453337, -0.00118603534065, 0.00551752559841, -0.00160722900182, 0.00113876524847, 0.000382451165933, 0.000591317424551, -0.00283436267637, 0.00512154772878, -0.0073877335526, 0.00578296883032, -0.00205984478816], [0.000566375965718, -0.00172058516182, -0.000232352991588, -0.00160722900182, 0.00887125730515, -0.0051696379669, 0.00248034205288, 0.00130663020536, 5.01115791849e-005, -0.00271780416369, 0.00259521882981, -0.00360055733472, 0.00170498108491], [-0.000611077819485, 0.0010759641882, 1.90973205463e-005, 0.00113876524847, -0.0051696379669, 0.010646247305, -0.0069804219529, 0.00218302966096, 0.00198862957768, -0.00320041459054, 0.0017528324388, 0.000577638449613, -0.00239995727316], [0.000411027576774, -0.0010748092318, -0.000822359696031, 0.000382451165933, 0.00248034205288, -0.0069804219529, 0.0144775165245, -0.00745566049591, -0.000943701073993, 0.00614851666614, -0.0050250296481, -0.000316176621709, -0.00123708718456], [-0.000706613645889, 0.00250961119309, -0.000575168174691, 0.000591317424551, 0.00130663020536, 0.00218302966096, -0.00745566049591, 0.016221312806, -0.00993502233177, 0.00160332384985, 0.00227386457846, -0.00169738929253, 0.00328067061491], [0.00113108404912, -0.00347483484074, 0.00180025305599, -0.00283436267637, 5.01115791849e-005, 0.00198862957768, -0.000943701073993, -0.00993502233177, 0.0225970353931, -0.0145534658805, 0.00415205862373, 0.00223476625979, -0.0040404452011], [-0.00121020327788, 0.00397355249152, -0.00373912719078, 0.00512154772878, -0.00271780416369, -0.00320041459054, 0.00614851666614, 0.00160332384985, -0.0145534658805, 0.0267190411687, -0.0124350106344, -0.00123821967281, 0.00388204469346], [0.00126882991754, -0.00409066444263, 0.00327961193398, -0.0073877335526, 0.00259521882981, 0.0017528324388, -0.0050250296481, 0.00227386457846, 0.00415205862373, -0.0124350106344, 0.024632524699, -0.00933231879026, 0.0014865139965], [-0.00115000305232, 0.00319343316369, -0.00147782161366, 0.00578296883032, -0.00360055733472, 0.000577638449613, -0.000316176621709, -0.00169738929253, 0.00223476625979, -0.00123821967281, -0.00933231879026, 0.0247496571392, -0.0124521767721], [0.00042897099047, -0.00200840830803, -0.00028942557401, -0.00205984478816, 0.00170498108491, -0.00239995727316, -0.00123708718456, 0.00328067061491, -0.0040404452011, 0.00388204469346, 0.0014865139965, -0.0124521767721, 0.0240212026983]]
    },
    "melbands": {
        "mean": [0.0093819918111, 0.00458472175524, 0.00202273903415, 0.00191692588851, 0.000767086981796, 0.000463713804493, 0.000318472564686, 0.000170627245097, 0.000315062206937, 0.00016561121447, 0.000157340662554, 0.000217210501432, 8.57541963342e-005, 4.51118467026e-005, 4.49880535598e-005, 1.39947787829e-005, 3.51526614395e-005, 8.69124778546e-006, 8.59882402438e-006, 6.15923590885e-006, 3.54586882167e-006, 8.39977292344e-006, 8.13737005956e-006, 4.57939268017e-006, 8.62556589709e-006, 9.59611952567e-006, 1.26410768644e-005, 1.1775467101e-005, 9.76955652732e-006, 9.58656164585e-006, 1.16351993711e-005, 9.17083525565e-006, 8.3603154053e-006, 6.19393540546e-006, 3.29098929797e-006, 4.03129979532e-006, 4.03580588682e-006, 5.41202280147e-006, 4.19982370659e-006, 3.81615382139e-006],
        "var": [0.000148753970279, 3.61162092304e-005, 6.19711317995e-006, 9.2537375167e-006, 9.56014105213e-007, 2.71551272135e-007, 2.95548773011e-007, 7.00519962038e-008, 2.81290340354e-007, 1.02539054581e-007, 7.71706964997e-008, 1.45958722442e-007, 2.6891331828e-008, 1.1467427008e-008, 1.0207811485e-008, 5.87568327326e-010, 6.86720635912e-009, 2.94621049779e-010, 2.36793862296e-010, 1.97153030013e-010, 4.59162811939e-011, 1.39957323508e-010, 1.66773983512e-010, 6.37941713344e-011, 2.18584816913e-010, 2.24272850291e-010, 3.74993786023e-010, 3.66034980104e-010, 1.81567455515e-010, 1.84185250385e-010, 2.37699443462e-010, 1.39186218107e-010, 1.06427471003e-010, 1.03752603731e-010, 1.76758625098e-011, 2.29627046544e-011, 2.40046402894e-011, 5.12704115274e-011, 2.61827538817e-011, 2.83967467596e-011]
    },
    "mfcc": {
        "mean": [-631.80078125, 111.487968445, 54.5271339417, 24.4866600037, -5.26884460449, 9.40234088898, 12.018204689, 3.99902415276, 5.13470220566, 0.494973510504, 0.177321597934, -1.75144839287, -1.47139847279],
        "cov": [[6910.02636719, -2135.36230469, -603.868103027, -238.651199341, -89.4180755615, 20.6876010895, 46.8008766174, 102.445892334, 105.787841797, -63.8580093384, 152.997436523, 54.3520393372, -186.687026978], [-2135.36230469, 1832.21191406, 158.203796387, -172.885574341, 116.451126099, 185.844558716, 39.8925666809, -12.3882637024, -5.2405591011, -39.1173934937, -92.0337371826, -38.9846878052, 52.3039207458], [-603.868103027, 158.203796387, 458.59677124, 85.5661010742, 51.5878257751, 39.1964263916, 35.1719436646, -0.21050965786, 59.2751731873, 12.4695901871, 10.4651985168, 25.49036026, 30.9959926605], [-238.651199341, -172.885574341, 85.5661010742, 370.171325684, -2.00094485283, -115.378684998, -36.4117507935, -23.1158599854, -75.5753479004, 43.4343643188, 5.04367542267, -0.980441093445, 28.8667449951], [-89.4180755615, 116.451126099, 51.5878257751, -2.00094485283, 216.367507935, 132.503356934, 6.46249771118, -48.9624176025, -2.25806188583, -16.4518070221, 2.77881169319, 4.92994642258, 2.09247803688], [20.6876010895, 185.844558716, 39.1964263916, -115.378684998, 132.503356934, 260.466217041, 90.3520050049, -2.64420104027, 16.18201828, -39.0621032715, -14.4046897888, -1.72219276428, 0.995683550835], [46.8008766174, 39.8925666809, 35.1719436646, -36.4117507935, 6.46249771118, 90.3520050049, 130.678939819, 59.9654388428, 9.47233104706, -11.670129776, -7.2303071022, -4.85189723969, 4.83100891113], [102.445892334, -12.3882637024, -0.21050965786, -23.1158599854, -48.9624176025, -2.64420104027, 59.9654388428, 120.686546326, 55.7783889771, 19.7059898376, 6.58209848404, -3.51399636269, 0.583347916603], [105.787841797, -5.2405591011, 59.2751731873, -75.5753479004, -2.25806188583, 16.18201828, 9.47233104706, 55.7783889771, 132.424957275, 34.6248283386, 24.5033893585, 16.7413444519, -7.1902384758], [-63.8580093384, -39.1173934937, 12.4695901871, 43.4343643188, -16.4518070221, -39.0621032715, -11.670129776, 19.7059898376, 34.6248283386, 93.5889129639, 42.453754425, 8.54397392273, 9.63912391663], [152.997436523, -92.0337371826, 10.4651985168, 5.04367542267, 2.77881169319, -14.4046897888, -7.2303071022, 6.58209848404, 24.5033893585, 42.453754425, 87.316734314, 39.6722564697, 6.35030937195], [54.3520393372, -38.9846878052, 25.49036026, -0.980441093445, 4.92994642258, -1.72219276428, -4.85189723969, -3.51399636269, 16.7413444519, 8.54397392273, 39.6722564697, 74.491355896, 28.3948230743], [-186.687026978, 52.3039207458, 30.9959926605, 28.8667449951, 2.09247803688, 0.995683550835, 4.83100891113, 0.583347916603, -7.1902384758, 9.63912391663, 6.35030937195, 28.3948230743, 68.8035507202]],
        "icov": [[0.000310337316478, 0.000338648678735, 0.000305789581034, 7.99943736638e-005, 4.40197982243e-006, -0.000199937901925, -6.17165569565e-005, -0.000125509963254, -0.000252418074524, 0.000444360106485, -0.000378148833988, -0.000119448966871, 0.000417013448896], [0.000338648678735, 0.00109341158532, -5.15922365594e-005, 0.000663530197926, -0.000248143449426, -0.000493990664836, 0.000333470408805, -0.000479238282423, 0.000300168117974, 1.6176747522e-005, 0.000355079537258, 0.000194892229047, -0.000256236613495], [0.000305789581034, -5.15922365594e-005, 0.00355512066744, -0.00165540387388, -6.02322543273e-005, -0.000146438775118, -0.0018655465683, 0.00177122128662, -0.00361045938917, 0.00156275590416, -0.00079274905147, -0.000359815137926, -0.000292782089673], [7.99943736638e-005, 0.000663530197926, -0.00165540387388, 0.00548557378352, -0.00183739850763, 0.00224417680874, 0.00050987774739, -0.00161551614292, 0.00470272963867, -0.00321386801079, 0.00132310437039, 6.49775611237e-005, -0.0010490185814], [4.40197982243e-006, -0.000248143449426, -6.02322543273e-005, -0.00183739850763, 0.00880974344909, -0.00558353262022, 0.00179835828021, 0.0028100349009, -0.00144706503488, 0.000786607619375, -0.00156921404414, 0.000313245371217, 0.000415515765781], [-0.000199937901925, -0.000493990664836, -0.000146438775118, 0.00224417680874, -0.00558353262022, 0.0107720196247, -0.00710299471393, 0.00225998507813, -0.00080700305989, 0.00086536857998, 0.000636263750494, 0.0003356251691, -0.000951862020884], [-6.17165569565e-005, 0.000333470408805, -0.0018655465683, 0.00050987774739, 0.00179835828021, -0.00710299471393, 0.0173708703369, -0.0102174757048, 0.00511845340952, -0.000213893305045, 0.000283503730316, 9.95971568045e-005, -0.000381818186725], [-0.000125509963254, -0.000479238282423, 0.00177122128662, -0.00161551614292, 0.0028100349009, 0.00225998507813, -0.0102174757048, 0.0186861325055, -0.00929289311171, 0.000227281241678, -0.00086223159451, 0.00241844891571, -0.00157704041339], [-0.000252418074524, 0.000300168117974, -0.00361045938917, 0.00470272963867, -0.00144706503488, -0.00080700305989, 0.00511845340952, -0.00929289311171, 0.017804665491, -0.00712342839688, 0.00185809400864, -0.00358572858386, 0.0026824104134], [0.000444360106485, 1.6176747522e-005, 0.00156275590416, -0.00321386801079, 0.000786607619375, 0.00086536857998, -0.000213893305045, 0.000227281241678, -0.00712342839688, 0.0199062041938, -0.0104382764548, 0.00502768112347, -0.0028302797582], [-0.000378148833988, 0.000355079537258, -0.00079274905147, 0.00132310437039, -0.00156921404414, 0.000636263750494, 0.000283503730316, -0.00086223159451, 0.00185809400864, -0.0104382764548, 0.0222240164876, -0.011272857897, 0.00278955954127], [-0.000119448966871, 0.000194892229047, -0.000359815137926, 6.49775611237e-005, 0.000313245371217, 0.0003356251691, 9.95971568045e-005, 0.00241844891571, -0.00358572858386, 0.00502768112347, -0.011272857897, 0.0240151379257, -0.0103288535029], [0.000417013448896, -0.000256236613495, -0.000292782089673, -0.0010490185814, 0.000415515765781, -0.000951862020884, -0.000381818186725, -0.00157704041339, 0.0026824104134, -0.0028302797582, 0.00278955954127, -0.0103288535029, 0.0211557801813]]
    },
    "spectral_contrast_coeffs": {
        "mean": [-0.652914464474, -0.734878063202, -0.737731397152, -0.790674030781, -0.782125115395, -0.746871232986],
        "var": [0.00664404639974, 0.00448288628832, 0.00425311131403, 0.00222459877841, 0.00281030451879, 0.0016590137966]
    },
    "spectral_contrast_valleys": {
        "mean": [-6.5075044632, -6.41536521912, -7.51589393616, -8.30323028564, -7.94181394577, -9.77435588837],
        "var": [1.38004636765, 1.16212546825, 1.35600280762, 1.38115894794, 1.42468631268, 1.91723966599]
    }
},
"metadata": {
    "audio_properties": {
        "analysis_sample_rate": 44100,
        "bit_rate": 111579,
        "equal_loudness": 0,
        "length": 45.0873451233,
        "lossless": 0,
        "replay_gain": -9.42232131958,
        "sample_rate": 44100,
        "codec": "mp3",
        "downmix": "mix",
        "md5_encoded": "c294be3334a02b4b9d17aeaf1a9e8e22"
    },
    "tags": {
        "file_name": "audio\\725.mp3"
    },
    "version": {
        "essentia": "2.1-beta2",
        "essentia_git_sha": "v2.1_beta2",
        "extractor": "music 1.0"
    }
},
"rhythm": {
    "beats_count": 72,
    "beats_loudness": {
        "mean": 0.0915586575866,
        "var": 0.00280656642281
    },
    "bpm": 98.5708236694,
    "bpm_histogram_first_peak_bpm": {
        "mean": 99,
        "var": 0
    },
    "bpm_histogram_first_peak_spread": {
        "mean": 0.372549057007,
        "var": 0
    },
    "bpm_histogram_first_peak_weight": {
        "mean": 0.450704216957,
        "var": 0
    },
    "bpm_histogram_second_peak_bpm": {
        "mean": 94,
        "var": 0
    },
    "bpm_histogram_second_peak_spread": {
        "mean": 0.388888925314,
        "var": 0
    },
    "bpm_histogram_second_peak_weight": {
        "mean": 0.154929578304,
        "var": 0
    },
    "danceability": 1.26491308212,
    "onset_rate": 3.96853876114,
    "beats_loudness_band_ratio": {
        "mean": [0.656312286854, 0.173472672701, 0.0901078730822, 0.0620517134666, 0.0148297976702, 0.0670035630465],
        "var": [0.0587166473269, 0.0198045056313, 0.012148286216, 0.00384394731373, 0.000689767475706, 0.0127208940685]
    },
    "beats_position": [0.650158703327, 1.31192743778, 1.98530614376, 2.68190479279, 3.34367346764, 3.94739222527, 4.57433080673, 5.20126962662, 5.83981847763, 6.47836732864, 7.12852573395, 7.75546455383, 8.38240337372, 8.99773216248, 9.62467098236, 10.2632198334, 10.8901586533, 11.505487442, 12.1208162308, 12.7245349884, 13.3166437149, 13.9087524414, 14.512471199, 15.1161899567, 15.7431287766, 16.3468475342, 16.9737873077, 17.5891151428, 18.2044448853, 18.8197727203, 19.4351024628, 20.062040329, 20.6773700714, 21.2926979065, 21.9080276489, 22.5117454529, 23.1154651642, 23.7307929993, 24.3577327728, 24.9614505768, 25.5651702881, 26.168888092, 26.7726078033, 27.353105545, 27.9568252563, 28.5605430603, 29.1642627716, 29.7679805756, 30.3717002869, 30.9986381531, 31.6023578644, 32.1944656372, 32.7865753174, 33.3902931213, 33.99401474, 34.5745124817, 35.1782302856, 35.7703399658, 36.362449646, 36.96616745, 37.6163253784, 38.2548751831, 38.8934249878, 39.5435829163, 40.1937408447, 40.8438987732, 41.4824485779, 42.1209983826, 42.7595443726, 43.3980941772, 44.0366439819, 44.6751937866]
},
"tonal": {
    "chords_changes_rate": 0.0771604925394,
    "chords_number_rate": 0.0123456791043,
    "chords_strength": {
        "mean": 0.489624351263,
        "var": 0.00679065473378
    },
    "hpcp_entropy": {
        "mean": 2.0677921772,
        "var": 0.447332859039
    },
    "key_strength": 0.572337031364,
    "tuning_diatonic_strength": 0.52210521698,
    "tuning_equal_tempered_deviation": 0.0887298807502,
    "tuning_frequency": 441.527557373,
    "tuning_nontempered_energy_ratio": 0.748190164566,
    "hpcp": {
        "mean": [0.204493328929, 0.127850070596, 0.119058474898, 0.116783700883, 0.0781340822577, 0.0653636008501, 0.0763150528073, 0.080243229866, 0.136140465736, 0.142960950732, 0.0695453435183, 0.0606567822397, 0.0750935152173, 0.0609371997416, 0.0782766416669, 0.100834049284, 0.0855540707707, 0.117553450167, 0.136116564274, 0.0918873026967, 0.0845864638686, 0.0795588418841, 0.0570468492806, 0.0599698573351, 0.05902178213, 0.0462186522782, 0.0304599888623, 0.0164300929755, 0.0260891970247, 0.0797261744738, 0.115018323064, 0.127119004726, 0.291825771332, 0.505282044411, 0.455928832293, 0.29932948947],
        "var": [0.0818923190236, 0.0527638830245, 0.0450673624873, 0.0417183637619, 0.0266867987812, 0.0268935840577, 0.0298414286226, 0.0269490331411, 0.0698643326759, 0.0720930621028, 0.0202482398599, 0.0190986413509, 0.0314673818648, 0.0178843811154, 0.0245425682515, 0.0392646081746, 0.0264262799174, 0.0352149195969, 0.0478927567601, 0.0217508282512, 0.0217019002885, 0.0227402187884, 0.0131852244958, 0.0144124543294, 0.0151136461645, 0.0112601248547, 0.00503912148997, 0.00225150189362, 0.00548559892923, 0.025524886325, 0.0453989133239, 0.0417385697365, 0.0948339030147, 0.167753830552, 0.135991558433, 0.107921876013]
    },
    "chords_histogram": [11.6255140305, 3.70370364189, 25.4115219116, 1.23456788063, 0, 0, 0, 0, 2.16049385071, 37.3456802368, 1.33744859695, 1.13168728352, 4.73251008987, 0, 2.46913576126, 0.720164597034, 0.514403283596, 3.90946507454, 0.411522626877, 3.29218101501, 0, 0, 0, 0],
    "thpcp": [1, 0.902325391769, 0.592400789261, 0.40471124649, 0.253027141094, 0.235627755523, 0.231125771999, 0.154634594917, 0.129360631108, 0.15103456378, 0.158808782697, 0.269434601068, 0.282932966948, 0.137636676431, 0.120045393705, 0.14861702919, 0.120600365102, 0.154916733503, 0.199559926987, 0.169319435954, 0.232649177313, 0.269387304783, 0.181853488088, 0.167404457927, 0.157454326749, 0.112901002169, 0.118685908616, 0.11680957675, 0.0914709940553, 0.0602831430733, 0.0325166769326, 0.0516329407692, 0.157785490155, 0.227631926537, 0.251580297947, 0.57755023241],
    "chords_key": "G#",
    "chords_scale": "major",
    "key_key": "C#",
    "key_scale": "minor"
}
}