{
"lowlevel": {
    "average_loudness": 0.718843340874,
    "barkbands_crest": {
        "mean": 8.95615386963,
        "var": 14.2921390533
    },
    "barkbands_flatness_db": {
        "mean": 0.213762432337,
        "var": 0.00249128136784
    },
    "barkbands_kurtosis": {
        "mean": 0.839729845524,
        "var": 8.45152568817
    },
    "barkbands_skewness": {
        "mean": 0.553933382034,
        "var": 0.771236002445
    },
    "barkbands_spread": {
        "mean": 13.7820110321,
        "var": 37.0281677246
    },
    "dissonance": {
        "mean": 0.452227562666,
        "var": 0.00111386110075
    },
    "dynamic_complexity": 3.43121027946,
    "erbbands_crest": {
        "mean": 10.2936964035,
        "var": 25.9551563263
    },
    "erbbands_flatness_db": {
        "mean": 0.275835245848,
        "var": 0.00280907191336
    },
    "erbbands_kurtosis": {
        "mean": 0.348738729954,
        "var": 2.42566514015
    },
    "erbbands_skewness": {
        "mean": 0.0402222983539,
        "var": 0.418065935373
    },
    "erbbands_spread": {
        "mean": 19.1155414581,
        "var": 48.9038619995
    },
    "hfc": {
        "mean": 18.6302967072,
        "var": 246.357208252
    },
    "melbands_crest": {
        "mean": 12.3208303452,
        "var": 27.7683334351
    },
    "melbands_flatness_db": {
        "mean": 0.237475305796,
        "var": 0.0027063456364
    },
    "melbands_kurtosis": {
        "mean": 2.3133854866,
        "var": 21.9806118011
    },
    "melbands_skewness": {
        "mean": 1.05608677864,
        "var": 0.937117934227
    },
    "melbands_spread": {
        "mean": 23.3571910858,
        "var": 147.605667114
    },
    "pitch_salience": {
        "mean": 0.627619385719,
        "var": 0.017076658085
    },
    "silence_rate_20dB": {
        "mean": 1,
        "var": 0
    },
    "silence_rate_30dB": {
        "mean": 0.995368003845,
        "var": 0.00461022555828
    },
    "silence_rate_60dB": {
        "mean": 0.0854348912835,
        "var": 0.0781347155571
    },
    "spectral_centroid": {
        "mean": 1372.48852539,
        "var": 414214.96875
    },
    "spectral_complexity": {
        "mean": 16.0195579529,
        "var": 46.9823036194
    },
    "spectral_decrease": {
        "mean": -5.24609333752e-009,
        "var": 2.40149490804e-017
    },
    "spectral_energy": {
        "mean": 0.0214897636324,
        "var": 0.000383467588108
    },
    "spectral_energyband_high": {
        "mean": 5.75340054638e-005,
        "var": 5.47043832455e-009
    },
    "spectral_energyband_low": {
        "mean": 0.00331033440307,
        "var": 8.09939010651e-005
    },
    "spectral_energyband_middle_high": {
        "mean": 0.0084949824959,
        "var": 7.77731111157e-005
    },
    "spectral_energyband_middle_low": {
        "mean": 0.0100950105116,
        "var": 0.000141456141137
    },
    "spectral_entropy": {
        "mean": 7.01921749115,
        "var": 0.150522902608
    },
    "spectral_flux": {
        "mean": 0.0769111141562,
        "var": 0.00212882971391
    },
    "spectral_kurtosis": {
        "mean": 11.1976852417,
        "var": 34.4762077332
    },
    "spectral_rms": {
        "mean": 0.00411995640025,
        "var": 3.99162308895e-006
    },
    "spectral_rolloff": {
        "mean": 1670.94274902,
        "var": 1085531.125
    },
    "spectral_skewness": {
        "mean": 1.98308932781,
        "var": 0.359605818987
    },
    "spectral_spread": {
        "mean": 2230992.25,
        "var": 1.75627567104e+012
    },
    "spectral_strongpeak": {
        "mean": 1.79101729393,
        "var": 3.76315903664
    },
    "zerocrossingrate": {
        "mean": 0.0519935339689,
        "var": 0.000807693344541
    },
    "barkbands": {
        "mean": [1.91775370695e-006, 0.00121577421669, 0.00171137508005, 0.000839786662254, 0.00182224612217, 0.00185775151476, 0.00103001692332, 0.00205796374939, 0.00223717396148, 0.000692489731591, 0.00100016430952, 0.00147860869765, 0.00148490292486, 0.00133268057834, 0.000728751532733, 0.000899620295968, 0.000369130575564, 0.000384993123589, 0.000230660298257, 8.71835072758e-005, 1.52618249558e-005, 4.81528695673e-006, 2.01978673431e-006, 2.74730814454e-006, 1.58426814778e-006, 1.82722331488e-007, 3.28608940059e-009],
        "var": [2.49922929574e-011, 1.29293903228e-005, 2.5268043828e-005, 6.08453592577e-006, 1.44335435834e-005, 1.03033116829e-005, 2.32123329624e-006, 1.53382188728e-005, 2.71908593277e-005, 2.21305731429e-006, 7.3556825555e-006, 9.80605273071e-006, 1.0619331988e-005, 1.79595426744e-005, 2.65919038611e-006, 2.93419043373e-006, 4.98586473441e-007, 6.50178208161e-007, 9.94454865122e-008, 1.26358425945e-008, 6.19369333599e-010, 3.77011859232e-011, 6.72314807992e-012, 1.06703179278e-011, 5.91338653391e-012, 6.75107214056e-014, 1.88739523549e-015]
    },
    "erbbands": {
        "mean": [0.00711750146002, 0.379215985537, 2.01467776299, 2.27429676056, 5.28497266769, 5.35649061203, 7.83493423462, 17.5956535339, 17.7589435577, 25.3796863556, 45.9605979919, 51.3095474243, 30.8649215698, 30.2593021393, 41.6461410522, 64.1111068726, 66.1714859009, 77.400642395, 40.711265564, 48.5335044861, 41.4626541138, 21.3827724457, 22.0199756622, 14.6053142548, 9.745429039, 4.05073690414, 1.17592072487, 0.388552725315, 0.193969637156, 0.0959760174155, 0.0545726120472, 0.0510838143528, 0.0476707406342, 0.0237927865237, 0.0081404466182, 0.0015111870598, 0.00023905778653, 2.0041848984e-005, 1.24355692606e-005, 2.55764534813e-005],
        "var": [0.000406931183534, 1.24608778954, 36.9511451721, 32.9223442078, 242.119781494, 89.9596481323, 121.686462402, 1313.00109863, 755.297851563, 3577.62451172, 5152.04345703, 18704.2578125, 5639.11425781, 6360.82714844, 6407.74609375, 17677.4414063, 15475.5097656, 51501.3789063, 5893.94482422, 9617.97558594, 5743.59619141, 1058.98193359, 2340.49194336, 482.975341797, 171.579833984, 25.471124649, 3.29900217056, 0.250194936991, 0.0594328977168, 0.0145501820371, 0.00446539930999, 0.00375832151622, 0.00364246312529, 0.00125776289497, 0.000155960588017, 3.54932967639e-006, 1.59986953463e-007, 2.74107558873e-009, 1.96337043845e-010, 5.10721298586e-010]
    },
    "gfcc": {
        "mean": [-84.6244277954, 125.057434082, -193.329574585, -3.77347683907, -55.5578079224, -11.3065824509, -44.6510848999, 1.44640982151, -24.2739486694, -6.20623493195, -0.811640381813, -16.767780304, -1.34558236599],
        "cov": [[7964.40332031, 1569.33776855, 663.208679199, 450.998504639, 86.6920547485, 260.981964111, -65.2543411255, -288.846252441, -173.60798645, -386.497589111, -224.332336426, -283.313751221, -57.1016159058], [1569.33776855, 2211.63085938, 1477.60437012, 372.499969482, 152.31652832, 134.959213257, 166.378433228, -455.978363037, -68.0429153442, -318.023468018, -266.48651123, -155.583068848, -87.0858535767], [663.208679199, 1477.60437012, 1881.83093262, 631.239685059, 145.238952637, 412.518127441, 238.634368896, -243.079864502, -19.2565288544, -132.203201294, -324.795837402, -60.9396095276, -232.358139038], [450.998504639, 372.499969482, 631.239685059, 471.658843994, 172.166503906, 263.991149902, 117.81414032, -32.262512207, -1.58982884884, -24.2634334564, -102.742088318, -24.5038547516, -118.049865723], [86.6920547485, 152.31652832, 145.238952637, 172.166503906, 301.159698486, 132.117080688, 80.8362350464, 34.2280540466, 24.3534793854, 19.7337245941, 29.0586357117, -27.7065010071, -26.3625717163], [260.981964111, 134.959213257, 412.518127441, 263.991149902, 132.117080688, 284.030181885, 103.490776062, 33.8919792175, 26.2230129242, 23.3840179443, -62.5057601929, -18.4118671417, -84.3882369995], [-65.2543411255, 166.378433228, 238.634368896, 117.81414032, 80.8362350464, 103.490776062, 167.102005005, 27.3842258453, 60.8498153687, 22.5560760498, -33.2197265625, -1.98240637779, -54.5739250183], [-288.846252441, -455.978363037, -243.079864502, -32.262512207, 34.2280540466, 33.8919792175, 27.3842258453, 273.630828857, 91.8643798828, 116.46005249, 52.8958892822, -22.664806366, -5.2611079216], [-173.60798645, -68.0429153442, -19.2565288544, -1.58982884884, 24.3534793854, 26.2230129242, 60.8498153687, 91.8643798828, 153.933822632, 78.3743667603, 13.8237714767, -28.4387607574, -24.4968986511], [-386.497589111, -318.023468018, -132.203201294, -24.2634334564, 19.7337245941, 23.3840179443, 22.5560760498, 116.46005249, 78.3743667603, 172.895446777, 73.2605743408, 40.0682907104, -23.4736652374], [-224.332336426, -266.48651123, -324.795837402, -102.742088318, 29.0586357117, -62.5057601929, -33.2197265625, 52.8958892822, 13.8237714767, 73.2605743408, 180.303253174, 60.4505653381, 56.2683753967], [-283.313751221, -155.583068848, -60.9396095276, -24.5038547516, -27.7065010071, -18.4118671417, -1.98240637779, -22.664806366, -28.4387607574, 40.0682907104, 60.4505653381, 162.312088013, 49.3509750366], [-57.1016159058, -87.0858535767, -232.358139038, -118.049865723, -26.3625717163, -84.3882369995, -54.5739250183, -5.2611079216, -24.4968986511, -23.4736652374, 56.2683753967, 49.3509750366, 147.930953979]],
        "icov": [[0.000193233470782, -0.00031397579005, 0.000292223819997, -0.00022408964287, 0.00020947449957, -0.000416006485466, 0.000290874537313, -0.000164406985277, 0.000103160673461, 0.000103475118522, 6.65981588099e-006, 4.4846401579e-005, 8.74155375641e-005], [-0.00031397579005, 0.00302519998513, -0.00251854932867, 0.000752581574488, -0.00130749156233, 0.00219211587682, -0.00177576113492, 0.00265412288718, -0.000828355259728, 0.0013801389141, -0.000921949569602, 0.00222229282372, -0.00154773076065], [0.000292223819997, -0.00251854932867, 0.00371880317107, -0.00168990844395, 0.00128771131858, -0.00272759096697, 0.00066491169855, -0.000934620562475, 0.000466422672616, -0.00101100851316, 0.00209904555231, -0.0019675756339, 0.00178315211087], [-0.00022408964287, 0.000752581574488, -0.00168990844395, 0.00683574285358, -0.00231830636039, -0.00254858378321, -0.000231385667576, 0.000309859402478, 0.00011877137149, 0.00118199293502, 0.000327775283949, -0.000783984025475, 0.00155988777988], [0.00020947449957, -0.00130749156233, 0.00128771131858, -0.00231830636039, 0.00641123810783, -0.00241666077636, -0.00125786464196, -0.000888092094101, 0.000957346986979, -0.000692884728778, -0.00257000303827, 0.00143571826629, -0.000700765580405], [-0.000416006485466, 0.00219211587682, -0.00272759096697, -0.00254858378321, -0.00241666077636, 0.0112139806151, -0.00250062369741, -3.23649328493e-005, 4.72732463095e-005, -0.000762483396102, 0.000361996528227, 0.00108276016545, -0.000757483299822], [0.000290874537313, -0.00177576113492, 0.00066491169855, -0.000231385667576, -0.00125786464196, -0.00250062369741, 0.012172492221, -0.00246429513209, -0.003976713866, 0.000937479431741, 0.00146061892156, -0.00404680008069, 0.00296365353279], [-0.000164406985277, 0.00265412288718, -0.000934620562475, 0.000309859402478, -0.000888092094101, -3.23649328493e-005, -0.00246429513209, 0.00955664087087, -0.00208639167249, -0.00232605356723, -0.000471923645819, 0.00421940069646, -0.00241044093855], [0.000103160673461, -0.000828355259728, 0.000466422672616, 0.00011877137149, 0.000957346986979, 4.72732463095e-005, -0.003976713866, -0.00208639167249, 0.0122171938419, -0.00554547086358, 9.51452238951e-005, 0.00315906689502, -0.000911028881092], [0.000103475118522, 0.0013801389141, -0.00101100851316, 0.00118199293502, -0.000692884728778, -0.000762483396102, 0.000937479431741, -0.00232605356723, -0.00554547086358, 0.0152697227895, -0.00413293065503, -0.00370189594105, 0.00422403588891], [6.65981588099e-006, -0.000921949569602, 0.00209904555231, 0.000327775283949, -0.00257000303827, 0.000361996528227, 0.00146061892156, -0.000471923645819, 9.51452238951e-005, -0.00413293065503, 0.0122864749283, -0.00378788635135, -0.00076081068255], [4.4846401579e-005, 0.00222229282372, -0.0019675756339, -0.000783984025475, 0.00143571826629, 0.00108276016545, -0.00404680008069, 0.00421940069646, 0.00315906689502, -0.00370189594105, -0.00378788635135, 0.0130753936246, -0.00584546290338], [8.74155375641e-005, -0.00154773076065, 0.00178315211087, 0.00155988777988, -0.000700765580405, -0.000757483299822, 0.00296365353279, -0.00241044093855, -0.000911028881092, 0.00422403588891, -0.00076081068255, -0.00584546290338, 0.01313765347]]
    },
    "melbands": {
        "mean": [0.000188787380466, 0.000885849585757, 0.000491877435707, 0.000410024891607, 0.00025980421924, 0.000395217153709, 0.000250992132351, 0.000318861828418, 0.000391753128497, 0.00031180572114, 0.000144582154462, 0.000114574424515, 0.000132889632368, 0.000159163464559, 0.000152502339915, 0.000161186268087, 0.00013997417409, 6.60522273392e-005, 5.9476311435e-005, 6.92278408678e-005, 4.33887216786e-005, 2.17347715079e-005, 2.12182640098e-005, 1.690991121e-005, 1.14295153253e-005, 7.78533649282e-006, 5.11031703354e-006, 2.13054568121e-006, 8.53036510762e-007, 3.1203236972e-007, 1.83773465778e-007, 1.12415882825e-007, 7.60760627827e-008, 4.46899299789e-008, 3.17275627992e-008, 2.71932147911e-008, 3.25613243035e-008, 3.58032146153e-008, 2.5953506011e-008, 1.86709705474e-008],
        "var": [3.05227018771e-007, 6.7164974098e-006, 1.52347752191e-006, 8.31117574762e-007, 1.33990056383e-007, 5.61866897897e-007, 1.43534975905e-007, 5.67599329315e-007, 3.8775607436e-007, 6.51925574857e-007, 1.3783868269e-007, 9.54272891818e-008, 1.01245220208e-007, 1.23251950868e-007, 1.17269053135e-007, 1.47110085891e-007, 2.0905146414e-007, 2.3841646879e-008, 2.16780620121e-008, 1.987154441e-008, 9.09229491697e-009, 1.52934898079e-009, 2.58296450895e-009, 1.16557186125e-009, 4.0241021626e-010, 1.19695128808e-010, 5.2121973404e-011, 1.1132726685e-011, 2.46065255845e-012, 2.61628175721e-013, 6.68092764813e-014, 2.25076508538e-014, 9.7737624065e-015, 3.76089574251e-015, 1.73572371601e-015, 1.10742559244e-015, 1.83368381751e-015, 2.2152708897e-015, 1.32718214961e-015, 1.00838097112e-015]
    },
    "mfcc": {
        "mean": [-707.840026855, 154.152648926, -70.7961959839, 0.0207268353552, -4.3687286377, -19.6841564178, -3.99993395805, -12.3882579803, -11.9625644684, -1.9623401165, -3.55583882332, -2.55362391472, 0.96371203661],
        "cov": [[5369.65869141, 1312.6451416, 520.032104492, 413.227813721, 112.747291565, 356.081817627, 93.7148513794, 50.7578010559, 78.3862686157, -83.7528533936, -268.453979492, -105.543037415, -248.003067017], [1312.6451416, 2014.32324219, 1173.39758301, 333.344207764, 74.1140365601, 433.366241455, 23.4282226563, 51.1091842651, 58.4809379578, -155.394180298, -213.559295654, -124.114860535, -159.158370972], [520.032104492, 1173.39758301, 1744.08789063, 437.331054688, 120.218978882, 652.929626465, 99.5526351929, 206.303848267, 186.139678955, -43.4253158569, -66.7859420776, 3.41075134277, -100.432319641], [413.227813721, 333.344207764, 437.331054688, 283.255218506, 98.0860519409, 236.888031006, 78.8780517578, 95.049041748, 58.6375808716, 6.27642393112, 11.1063909531, 11.9323997498, -44.9912910461], [112.747291565, 74.1140365601, 120.218978882, 98.0860519409, 230.684295654, 101.460189819, 106.851387024, 46.9073562622, 42.114074707, 65.5251083374, 28.8028717041, 13.2621860504, 21.0702495575], [356.081817627, 433.366241455, 652.929626465, 236.888031006, 101.460189819, 428.464874268, 86.1543807983, 116.904037476, 81.2796783447, -9.66075611115, -7.55841588974, 37.1625328064, -46.1570625305], [93.7148513794, 23.4282226563, 99.5526351929, 78.8780517578, 106.851387024, 86.1543807983, 151.566009521, 64.1335983276, 36.9957427979, 43.1282615662, 31.2032394409, 33.2855834961, 6.11515045166], [50.7578010559, 51.1091842651, 206.303848267, 95.049041748, 46.9073562622, 116.904037476, 64.1335983276, 128.219223022, 62.1031723022, 36.2878570557, 25.0291938782, 24.8177604675, -3.91643381119], [78.3862686157, 58.4809379578, 186.139678955, 58.6375808716, 42.114074707, 81.2796783447, 36.9957427979, 62.1031723022, 158.511245728, 95.5774459839, 27.4800109863, 27.0537776947, 0.32221609354], [-83.7528533936, -155.394180298, -43.4253158569, 6.27642393112, 65.5251083374, -9.66075611115, 43.1282615662, 36.2878570557, 95.5774459839, 190.372940063, 109.452201843, 48.1780014038, 9.1842250824], [-268.453979492, -213.559295654, -66.7859420776, 11.1063909531, 28.8028717041, -7.55841588974, 31.2032394409, 25.0291938782, 27.4800109863, 109.452201843, 195.909317017, 90.728012085, 11.8170099258], [-105.543037415, -124.114860535, 3.41075134277, 11.9323997498, 13.2621860504, 37.1625328064, 33.2855834961, 24.8177604675, 27.0537776947, 48.1780014038, 90.728012085, 147.713348389, 56.6335372925], [-248.003067017, -159.158370972, -100.432319641, -44.9912910461, 21.0702495575, -46.1570625305, 6.11515045166, -3.91643381119, 0.32221609354, 9.1842250824, 11.8170099258, 56.6335372925, 164.032012939]],
        "icov": [[0.000273172714515, -0.000154927358381, 0.000181339550181, -0.000394882576074, 1.51702370204e-005, -6.92105313647e-005, -6.32225564914e-005, 9.11081442609e-005, -9.13191834115e-005, -0.000140159856528, 0.000462545140181, -0.000229980694712, 0.000302626314806], [-0.000154927358381, 0.00113503320608, -0.000719438190572, -0.000231671961956, -0.000198181020096, 5.94685479882e-005, 7.71580525907e-005, 0.000696591800079, 2.30994774029e-005, 0.000291125732474, 0.00040399300633, 0.000295292411465, 0.000271579920081], [0.000181339550181, -0.000719438190572, 0.00208868389018, -0.000809350865893, 0.000308854359901, -0.00190100853797, 0.000340682832757, -0.000673301517963, -0.00114984286483, 0.000372149050236, 4.26399456046e-005, 0.000102684469311, -2.75175261777e-005], [-0.000394882576074, -0.000231671961956, -0.000809350865893, 0.00896942522377, -0.0016556737246, -0.00197130884044, -0.000630186463241, -0.00241605052724, -2.69643387583e-005, 0.00120284396689, -0.00198518531397, 0.000598040292971, 0.00063581939321], [1.51702370204e-005, -0.000198181020096, 0.000308854359901, -0.0016556737246, 0.00816675368696, -0.00138828856871, -0.00457573868334, 0.00133077404462, 0.000862507906277, -0.00300192157738, 5.95744058955e-005, 0.00202599284239, -0.00220910669304], [-6.92105313647e-005, 5.94685479882e-005, -0.00190100853797, -0.00197130884044, -0.00138828856871, 0.00756501313299, -0.000278274848824, -0.00153019407298, -0.000312338932417, 0.00125347380526, 0.000565858616028, -0.00243765371852, 0.00126060668845], [-6.32225564914e-005, 7.71580525907e-005, 0.000340682832757, -0.000630186463241, -0.00457573868334, -0.000278274848824, 0.0121070146561, -0.00397732201964, 0.000294508034131, -0.000145232494106, 0.000294858153211, -0.00194837711751, 0.000637169519905], [9.11081442609e-005, 0.000696591800079, -0.000673301517963, -0.00241605052724, 0.00133077404462, -0.00153019407298, -0.00397732201964, 0.0146580757573, -0.00277978624217, -0.000447395053925, -0.000311812822474, 0.000606406887528, -0.000520948611666], [-9.13191834115e-005, 2.30994774029e-005, -0.00114984286483, -2.69643387583e-005, 0.000862507906277, -0.000312338932417, 0.000294508034131, -0.00277978624217, 0.0132330348715, -0.00814452301711, 0.00282405153848, -0.00090020603966, -0.000565718743019], [-0.000140159856528, 0.000291125732474, 0.000372149050236, 0.00120284396689, -0.00300192157738, 0.00125347380526, -0.000145232494106, -0.000447395053925, -0.00814452301711, 0.0142651153728, -0.00636660447344, 0.00052154995501, 0.000857268169057], [0.000462545140181, 0.00040399300633, 4.26399456046e-005, -0.00198518531397, 5.95744058955e-005, 0.000565858616028, 0.000294858153211, -0.000311812822474, 0.00282405153848, -0.00636660447344, 0.0121730864048, -0.00613060127944, 0.00229666894302], [-0.000229980694712, 0.000295292411465, 0.000102684469311, 0.000598040292971, 0.00202599284239, -0.00243765371852, -0.00194837711751, 0.000606406887528, -0.00090020603966, 0.00052154995501, -0.00613060127944, 0.013184029609, -0.00483103608713], [0.000302626314806, 0.000271579920081, -2.75175261777e-005, 0.00063581939321, -0.00220910669304, 0.00126060668845, 0.000637169519905, -0.000520948611666, -0.000565718743019, 0.000857268169057, 0.00229666894302, -0.00483103608713, 0.00903288740665]]
    },
    "spectral_contrast_coeffs": {
        "mean": [-0.604562997818, -0.682511687279, -0.72933870554, -0.726588368416, -0.744159936905, -0.764542639256],
        "var": [0.0151063092053, 0.0111838793382, 0.00748434476554, 0.00585014512762, 0.00358035159297, 0.00120707543101]
    },
    "spectral_contrast_valleys": {
        "mean": [-9.25919437408, -7.15572547913, -7.48603868484, -7.66170120239, -8.12914943695, -11.9930000305],
        "var": [3.28920817375, 2.07825493813, 1.48420882225, 1.13444411755, 1.01446807384, 0.906899929047]
    }
},
"metadata": {
    "audio_properties": {
        "analysis_sample_rate": 44100,
        "bit_rate": 106378,
        "equal_loudness": 0,
        "length": 45.0873451233,
        "lossless": 0,
        "replay_gain": -9.57302474976,
        "sample_rate": 44100,
        "codec": "mp3",
        "downmix": "mix",
        "md5_encoded": "ba8520f2ce7741120e2fba8be7272494"
    },
    "tags": {
        "file_name": "726.mp3"
    },
    "version": {
        "essentia": "2.1-beta2",
        "essentia_git_sha": "v2.1_beta2",
        "extractor": "music 1.0"
    }
},
"rhythm": {
    "beats_count": 89,
    "beats_loudness": {
        "mean": 0.0273075159639,
        "var": 0.000449059647508
    },
    "bpm": 123.189193726,
    "bpm_histogram_first_peak_bpm": {
        "mean": 123,
        "var": 0
    },
    "bpm_histogram_first_peak_spread": {
        "mean": 0.423076957464,
        "var": 0
    },
    "bpm_histogram_first_peak_weight": {
        "mean": 0.170454546809,
        "var": 0
    },
    "bpm_histogram_second_peak_bpm": {
        "mean": 99,
        "var": 0
    },
    "bpm_histogram_second_peak_spread": {
        "mean": 0.312500029802,
        "var": 0
    },
    "bpm_histogram_second_peak_weight": {
        "mean": 0.125,
        "var": 0
    },
    "danceability": 1.04195702076,
    "onset_rate": 3.03737330437,
    "beats_loudness_band_ratio": {
        "mean": [0.177309766412, 0.161993294954, 0.259496092796, 0.246455162764, 0.172812357545, 0.0206402223557],
        "var": [0.050423014909, 0.0186081882566, 0.0369387567043, 0.0321134626865, 0.0245095100254, 0.000546124239918]
    },
    "beats_position": [0.580498874187, 1.17260766029, 1.77632653713, 2.39165520668, 2.99537420273, 3.59909296036, 4.20281171799, 4.80653047562, 5.41024923325, 6.01396799088, 6.6176867485, 7.22140598297, 7.81351470947, 8.4172334671, 8.99773216248, 9.58984088898, 10.1703395844, 10.6347389221, 11.110748291, 11.5867567062, 12.051156044, 12.5155553818, 12.9799547195, 13.4559631348, 13.9319725037, 14.4079818726, 14.8607711792, 15.3135595322, 15.7663488388, 16.2307472229, 16.7415866852, 17.2524261475, 17.7632656097, 18.2741031647, 18.784942627, 19.2841720581, 19.7834014893, 20.2942390442, 20.8050785065, 21.3275279999, 21.8615875244, 22.3840351105, 22.9064846039, 23.4405441284, 23.8933334351, 24.3461227417, 24.7873020172, 25.2284793854, 25.681268692, 26.1340579987, 26.5752372742, 27.0280265808, 27.4692058563, 27.8987751007, 28.3747844696, 28.8624038696, 29.3616313934, 29.7912006378, 30.2207698822, 30.6503391266, 31.0915184021, 31.5559177399, 32.0203170776, 32.4847145081, 32.9258956909, 33.3554649353, 33.7966423035, 34.2494316101, 34.690612793, 35.1317901611, 35.572971344, 36.0605888367, 36.5482063293, 37.0358276367, 37.5234451294, 38.0110664368, 38.4986839294, 38.9863014221, 39.4739227295, 39.9615402222, 40.4607696533, 40.9599990845, 41.4708366394, 41.9584579468, 42.4460754395, 42.9336967468, 43.4213142395, 43.9089317322, 44.3733329773]
},
"tonal": {
    "chords_changes_rate": 0.100823044777,
    "chords_number_rate": 0.0185185186565,
    "chords_strength": {
        "mean": 0.48095035553,
        "var": 0.0128658441827
    },
    "hpcp_entropy": {
        "mean": 1.79205918312,
        "var": 0.773182272911
    },
    "key_strength": 0.409796774387,
    "tuning_diatonic_strength": 0.30885514617,
    "tuning_equal_tempered_deviation": 0.112747900188,
    "tuning_frequency": 438.477722168,
    "tuning_nontempered_energy_ratio": 0.823426961899,
    "hpcp": {
        "mean": [0.0885308980942, 0.0912460759282, 0.113052092493, 0.136369660497, 0.128420248628, 0.113971792161, 0.116220101714, 0.104086279869, 0.120874166489, 0.164052650332, 0.154287606478, 0.167492136359, 0.204384282231, 0.164173826575, 0.156663760543, 0.20078265667, 0.190540909767, 0.180141225457, 0.193804815412, 0.159310638905, 0.129012346268, 0.146935626864, 0.143408164382, 0.147992432117, 0.174645125866, 0.151832386851, 0.158031716943, 0.203187212348, 0.192552253604, 0.17544683814, 0.194137334824, 0.17843388021, 0.161037355661, 0.18904183805, 0.162665501237, 0.107771210372],
        "var": [0.020567048341, 0.0207990910858, 0.033103056252, 0.0424571447074, 0.0391495525837, 0.0312159769237, 0.0344774089754, 0.0266189575195, 0.0350772179663, 0.0571046061814, 0.0474806837738, 0.0589246116579, 0.09268964082, 0.059092387557, 0.0541632287204, 0.079316534102, 0.0723655670881, 0.0730091929436, 0.0801317766309, 0.0567510947585, 0.0361528918147, 0.0489764139056, 0.05264255777, 0.04655084759, 0.0740987434983, 0.060655053705, 0.0528828762472, 0.0844797343016, 0.0792263224721, 0.0659036487341, 0.0781709477305, 0.0694841071963, 0.0513918213546, 0.0639849975705, 0.0537025742233, 0.0301684457809]
    },
    "chords_histogram": [2.67489719391, 0.102880656719, 6.99588489532, 5.04115247726, 1.44032919407, 17.9012336731, 10.6995887756, 2.16049385071, 0, 0, 8.33333301544, 0.617283940315, 5.65843629837, 4.32098770142, 0.514403283596, 4.52674913406, 1.64609050751, 2.98353910446, 0, 3.08641982079, 3.70370364189, 6.17283964157, 9.56790161133, 1.85185182095],
    "thpcp": [1, 0.803260505199, 0.766515672207, 0.982378184795, 0.932267904282, 0.881384909153, 0.948237359524, 0.779466211796, 0.631224393845, 0.718918442726, 0.701659440994, 0.724089086056, 0.854493916035, 0.742877006531, 0.773208737373, 0.99414306879, 0.942108929157, 0.858416497707, 0.949864327908, 0.873031318188, 0.787914574146, 0.924933373928, 0.795880675316, 0.527296960354, 0.433159023523, 0.446443706751, 0.553134977818, 0.667221844196, 0.628327429295, 0.557634830475, 0.568635225296, 0.509267508984, 0.591406345367, 0.802667617798, 0.754889786243, 0.819496154785],
    "chords_key": "G",
    "chords_scale": "minor",
    "key_key": "C#",
    "key_scale": "major"
}
}