{
"lowlevel": {
    "average_loudness": 0.842511832714,
    "barkbands_crest": {
        "mean": 13.9159383774,
        "var": 33.9662704468
    },
    "barkbands_flatness_db": {
        "mean": 0.411728292704,
        "var": 0.00243696616963
    },
    "barkbands_kurtosis": {
        "mean": 7.13944149017,
        "var": 303.177947998
    },
    "barkbands_skewness": {
        "mean": 1.00903773308,
        "var": 2.19409966469
    },
    "barkbands_spread": {
        "mean": 4.34346342087,
        "var": 5.25170135498
    },
    "dissonance": {
        "mean": 0.359253078699,
        "var": 0.00625091604888
    },
    "dynamic_complexity": 4.86015605927,
    "erbbands_crest": {
        "mean": 17.2255992889,
        "var": 46.5857009888
    },
    "erbbands_flatness_db": {
        "mean": 0.442009180784,
        "var": 0.00223532831296
    },
    "erbbands_kurtosis": {
        "mean": 3.29966902733,
        "var": 83.30128479
    },
    "erbbands_skewness": {
        "mean": 0.775321602821,
        "var": 1.49943614006
    },
    "erbbands_spread": {
        "mean": 9.15102863312,
        "var": 18.7473983765
    },
    "hfc": {
        "mean": 10.6627702713,
        "var": 97.4375457764
    },
    "melbands_crest": {
        "mean": 17.7980461121,
        "var": 59.1920585632
    },
    "melbands_flatness_db": {
        "mean": 0.513986289501,
        "var": 0.00271975295618
    },
    "melbands_kurtosis": {
        "mean": 7.01264238358,
        "var": 129.083633423
    },
    "melbands_skewness": {
        "mean": 1.14200603962,
        "var": 2.04778528214
    },
    "melbands_spread": {
        "mean": 7.11898374557,
        "var": 33.3118057251
    },
    "pitch_salience": {
        "mean": 0.481605827808,
        "var": 0.0257122460753
    },
    "silence_rate_20dB": {
        "mean": 1,
        "var": 0
    },
    "silence_rate_30dB": {
        "mean": 1,
        "var": 0
    },
    "silence_rate_60dB": {
        "mean": 0.211637482047,
        "var": 0.16684551537
    },
    "spectral_centroid": {
        "mean": 578.476745605,
        "var": 144534.390625
    },
    "spectral_complexity": {
        "mean": 8.42018508911,
        "var": 26.3239746094
    },
    "spectral_decrease": {
        "mean": -5.5204956162e-009,
        "var": 2.72546813588e-017
    },
    "spectral_energy": {
        "mean": 0.0218027941883,
        "var": 0.000422348937718
    },
    "spectral_energyband_high": {
        "mean": 7.04224731862e-008,
        "var": 2.37829179094e-013
    },
    "spectral_energyband_low": {
        "mean": 0.00129770475905,
        "var": 2.79662117464e-006
    },
    "spectral_energyband_middle_high": {
        "mean": 0.00247362791561,
        "var": 1.32767590912e-005
    },
    "spectral_energyband_middle_low": {
        "mean": 0.0184707082808,
        "var": 0.000334080687026
    },
    "spectral_entropy": {
        "mean": 5.33721733093,
        "var": 0.26810747385
    },
    "spectral_flux": {
        "mean": 0.0454488098621,
        "var": 0.00144531787373
    },
    "spectral_kurtosis": {
        "mean": 159.219299316,
        "var": 3504.59594727
    },
    "spectral_rms": {
        "mean": 0.00395859545097,
        "var": 5.60049238629e-006
    },
    "spectral_rolloff": {
        "mean": 725.798095703,
        "var": 403301.28125
    },
    "spectral_skewness": {
        "mean": 9.0228509903,
        "var": 6.18490171432
    },
    "spectral_spread": {
        "mean": 828405.125,
        "var": 2.29567155405e+012
    },
    "spectral_strongpeak": {
        "mean": 1.56773948669,
        "var": 1.40899038315
    },
    "zerocrossingrate": {
        "mean": 0.0275235231966,
        "var": 0.000299361156067
    },
    "barkbands": {
        "mean": [2.19291382564e-006, 0.000468269689009, 0.00062036246527, 0.000498394132592, 0.00316503178328, 0.00576871773228, 0.00322424527258, 0.00339673226699, 0.00194362108596, 0.000878793653101, 0.000438659917563, 0.000789347628597, 9.31027389015e-005, 0.000443946861196, 4.7968202125e-005, 1.45880630953e-005, 7.9786632341e-006, 5.02930731727e-007, 2.17645080625e-007, 8.2753338404e-008, 1.41814329169e-008, 9.32925203756e-009, 8.84558115644e-009, 3.58173513071e-009, 2.06003147873e-009, 1.08282338651e-009, 9.58029766629e-010],
        "var": [1.15902443892e-011, 5.32578610546e-007, 1.07556456896e-006, 1.07826156182e-006, 2.53262660408e-005, 4.65254561277e-005, 2.04740535992e-005, 4.04273159802e-005, 2.64166974375e-005, 5.56635177418e-006, 1.93804817172e-006, 7.72895600676e-006, 1.7886570447e-007, 6.08763514265e-007, 6.33517727167e-009, 4.89563811712e-009, 5.81905745811e-010, 9.89088151659e-013, 5.76438744827e-013, 1.75795494698e-013, 2.86544046276e-015, 1.28344623866e-015, 4.12228107891e-015, 1.14318795875e-015, 5.4195253784e-016, 8.30187314818e-017, 4.23062351471e-017]
    },
    "erbbands": {
        "mean": [0.00789851788431, 0.130788177252, 0.600261390209, 1.29006135464, 3.36816263199, 10.5865707397, 39.6718139648, 40.7485694885, 40.7755203247, 92.6827545166, 40.8972625732, 55.3242034912, 34.6610527039, 16.3377475739, 21.8622512817, 39.6600914001, 8.10112571716, 22.9671516418, 6.0215587616, 1.57128119469, 0.667353451252, 0.301895081997, 0.0407499596477, 0.0147337466478, 0.0134034976363, 0.00324493949302, 0.00104186905082, 0.000603463267908, 0.000363398226909, 0.000343634921592, 0.000242326583248, 0.000107162450149, 6.74923139741e-005, 4.05466307711e-005, 2.47822517849e-005, 1.58154161909e-005, 8.48949184729e-006, 1.98861812351e-006, 1.05907083707e-005, 2.45738901867e-005],
        "var": [0.000203612769837, 0.0381999872625, 0.909004628658, 4.00325012207, 25.7629852295, 344.204986572, 5320.80371094, 2988.18212891, 2418.17626953, 20666.2089844, 4133.54882813, 21130.7421875, 8185.27001953, 963.925170898, 4758.203125, 20312.0488281, 582.499328613, 1569.93554688, 78.0854797363, 7.09298944473, 6.49506568909, 0.666869580746, 0.00387769727968, 0.000802865310106, 0.00283484486863, 0.000199801346753, 9.99038820737e-005, 4.19839716415e-006, 9.30706448798e-007, 7.83008999861e-006, 2.1944308628e-006, 5.81865322147e-007, 3.16834331215e-007, 1.04797592826e-007, 9.81843051306e-009, 1.67044522659e-009, 3.29188398762e-010, 3.84684506471e-011, 9.86155046512e-011, 5.32613453341e-010]
    },
    "gfcc": {
        "mean": [-251.004745483, 247.774459839, -127.278396606, -80.4662475586, -23.9302692413, -16.9257488251, -27.9827136993, -18.7722129822, 0.602686524391, -4.32327890396, -2.18551921844, -13.2020549774, -4.80531072617],
        "cov": [[13920.6210938, 3202.04931641, 915.5, -196.521408081, 680.577758789, -434.119995117, -449.90524292, -556.458618164, -528.30645752, -105.677001953, 575.983886719, -49.1349487305, 154.614303589], [3202.04931641, 1518.54736328, 742.35345459, -15.9689397812, 339.182281494, -149.987258911, -234.815795898, -248.158966064, -242.495635986, -56.9435081482, 182.65196228, 82.2568054199, 128.628295898], [915.5, 742.35345459, 833.790527344, 115.895767212, 108.89957428, 5.1803817749, -183.711853027, -181.708404541, -167.757583618, -23.6628017426, 48.4070930481, 36.5980606079, 85.8975448608], [-196.521408081, -15.9689397812, 115.895767212, 296.272003174, 52.563293457, 62.7302131653, 25.5947742462, -25.6291007996, -30.2222480774, 1.24136388302, -28.6124629974, -20.1308078766, -30.9490718842], [680.577758789, 339.182281494, 108.89957428, 52.563293457, 215.715072632, 4.68394804001, -1.6665841341, -16.4791049957, -38.7717056274, -5.07920980453, 46.5325241089, -2.00288438797, 10.9043388367], [-434.119995117, -149.987258911, 5.1803817749, 62.7302131653, 4.68394804001, 194.279159546, 105.857673645, 15.5566768646, -3.14609861374, -42.8751029968, -60.5599899292, 12.064581871, 21.9098644257], [-449.90524292, -234.815795898, -183.711853027, 25.5947742462, -1.6665841341, 105.857673645, 242.715118408, 138.455947876, 39.9884376526, -57.1894836426, -99.1617126465, 9.10878276825, 8.44349956512], [-556.458618164, -248.158966064, -181.708404541, -25.6291007996, -16.4791049957, 15.5566768646, 138.455947876, 214.181838989, 126.782440186, -13.0410242081, -77.0438461304, -33.9492378235, -36.2325401306], [-528.30645752, -242.495635986, -167.757583618, -30.2222480774, -38.7717056274, -3.14609861374, 39.9884376526, 126.782440186, 219.043212891, 128.526428223, -22.9178943634, -88.1524505615, -89.7114562988], [-105.677001953, -56.9435081482, -23.6628017426, 1.24136388302, -5.07920980453, -42.8751029968, -57.1894836426, -13.0410242081, 128.526428223, 229.068450928, 95.4538116455, -69.922958374, -76.9301452637], [575.983886719, 182.65196228, 48.4070930481, -28.6124629974, 46.5325241089, -60.5599899292, -99.1617126465, -77.0438461304, -22.9178943634, 95.4538116455, 179.349533081, 46.5448150635, -2.24609231949], [-49.1349487305, 82.2568054199, 36.5980606079, -20.1308078766, -2.00288438797, 12.064581871, 9.10878276825, -33.9492378235, -88.1524505615, -69.922958374, 46.5448150635, 178.759536743, 117.005119324], [154.614303589, 128.628295898, 85.8975448608, -30.9490718842, 10.9043388367, 21.9098644257, 8.44349956512, -36.2325401306, -89.7114562988, -76.9301452637, -2.24609231949, 117.005119324, 151.502151489]],
        "icov": [[0.000214369618334, -0.00060282391496, 0.000283746485366, -0.00010836707952, 0.000392539863242, -5.19752211403e-006, -0.000301602063701, 0.000135820169817, -6.92572721164e-005, 0.000498596054967, -0.000920665566809, 0.001003664569, -0.000444799661636], [-0.00060282391496, 0.00519585143775, -0.0034400052391, 0.0015236097388, -0.00522318668664, 0.00326003413647, -0.00105576391798, 0.00295159989037, -0.00206181895919, 0.0014739081962, 0.000453327316791, -0.00208681309596, 0.000280563835986], [0.000283746485366, -0.0034400052391, 0.0044856867753, -0.00164414825849, 0.00280808843672, -0.00328455865383, 0.00331116048619, -0.00295452191494, 0.00332262017764, -0.00262601976283, 0.00141043437179, 0.000936546712182, -0.000934660725761], [-0.00010836707952, 0.0015236097388, -0.00164414825849, 0.00530450604856, -0.00292216381058, -9.4637631264e-005, -0.000783666095231, 0.00116502062883, 0.00140180834569, -0.0014871264575, 0.00244916789234, -0.00215511932038, 0.00315476977266], [0.000392539863242, -0.00522318668664, 0.00280808843672, -0.00292216381058, 0.0120611498132, -0.00355417793617, -0.00010141821258, -0.00408508628607, 0.00209956942126, -0.000190339575056, -0.00410924712196, 0.00443264935166, -0.00181814399548], [-5.19752211403e-006, 0.00326003413647, -0.00328455865383, -9.4637631264e-005, -0.00355417793617, 0.0118767442182, -0.00757028441876, 0.00769645534456, -0.00610085530207, 0.00515677034855, -0.00218609627336, 0.00099842378404, -0.00191640120465], [-0.000301602063701, -0.00105576391798, 0.00331116048619, -0.000783666095231, -0.00010141821258, -0.00757028441876, 0.0154129369184, -0.0113199744374, 0.0078169060871, -0.0069868164137, 0.00816316623241, -0.00489546405151, 0.00168536789715], [0.000135820169817, 0.00295159989037, -0.00295452191494, 0.00116502062883, -0.00408508628607, 0.00769645534456, -0.0113199744374, 0.0213519558311, -0.0163749214262, 0.0115091996267, -0.0046101254411, 0.0018904482713, -0.00119367556181], [-6.92572721164e-005, -0.00206181895919, 0.00332262017764, 0.00140180834569, 0.00209956942126, -0.00610085530207, 0.0078169060871, -0.0163749214262, 0.0258403420448, -0.0182528030127, 0.0102271717042, -0.00313445134088, 0.00520828040317], [0.000498596054967, 0.0014739081962, -0.00262601976283, -0.0014871264575, -0.000190339575056, 0.00515677034855, -0.0069868164137, 0.0115091996267, -0.0182528030127, 0.0232511870563, -0.0170879215002, 0.00985897146165, -0.00503451796249], [-0.000920665566809, 0.000453327316791, 0.00141043437179, 0.00244916789234, -0.00410924712196, -0.00218609627336, 0.00816316623241, -0.0046101254411, 0.0102271717042, -0.0170879215002, 0.0257053244859, -0.016340740025, 0.00968984514475], [0.001003664569, -0.00208681309596, 0.000936546712182, -0.00215511932038, 0.00443264935166, 0.00099842378404, -0.00489546405151, 0.0018904482713, -0.00313445134088, 0.00985897146165, -0.016340740025, 0.0235065314919, -0.0152084641159], [-0.000444799661636, 0.000280563835986, -0.000934660725761, 0.00315476977266, -0.00181814399548, -0.00191640120465, 0.00168536789715, -0.00119367556181, 0.00520828040317, -0.00503451796249, 0.00968984514475, -0.0152084641159, 0.0204360689968]]
    },
    "melbands": {
        "mean": [0.000103329432022, 0.000274680496659, 0.000283424131339, 0.000406368897529, 0.0011868175352, 0.000981008983217, 0.000634416821413, 0.00101170269772, 0.000266143120825, 0.000351275259163, 0.00016186699213, 6.42831146251e-005, 6.13610900473e-005, 9.63888887782e-005, 5.08883094881e-005, 1.43844672493e-005, 4.7788475058e-005, 1.10357641461e-005, 3.18969682667e-006, 1.49700804286e-006, 6.4895431251e-007, 4.38675129999e-007, 4.26308126578e-008, 2.57743284493e-008, 9.76189440394e-009, 8.17484302473e-009, 6.97988777887e-009, 1.30057509207e-009, 7.84487641514e-010, 5.15798626033e-010, 2.30630181619e-010, 1.99517805055e-010, 1.73794423297e-010, 1.96802296681e-010, 1.27895360968e-010, 1.0455107613e-010, 3.65989738516e-011, 4.04903680029e-011, 2.80497985949e-011, 1.97291887688e-011],
        "var": [2.79999792241e-008, 1.57025993985e-007, 1.88573892501e-007, 4.28284096188e-007, 4.45469504484e-006, 1.45866874846e-006, 5.63429296108e-007, 2.63664560407e-006, 2.13017301576e-007, 9.47438024923e-007, 1.93141204363e-007, 1.77112955413e-008, 3.62587968539e-008, 9.22637610756e-008, 3.08213330413e-008, 1.32177258028e-009, 7.65868524155e-009, 3.41320666175e-010, 3.59873693345e-011, 3.62200339166e-011, 4.56769214466e-012, 1.7588817772e-012, 4.904613838e-015, 4.20171498167e-015, 3.69260307586e-016, 1.1960537202e-015, 4.7569947359e-016, 1.68514782871e-016, 1.36393493567e-016, 5.89993685657e-018, 5.33833260924e-019, 3.20284333181e-019, 1.10496161413e-018, 4.73222914688e-018, 4.72141613852e-019, 8.3208558679e-019, 8.78884570716e-020, 2.48511887682e-019, 1.31848505437e-019, 4.20130590735e-020]
    },
    "mfcc": {
        "mean": [-857.046264648, 241.828231812, 4.90015172958, -47.6071090698, -2.54735970497, -0.00374077470042, -16.719121933, -14.2092552185, -4.07798624039, 2.64807224274, 1.57949924469, -0.772825598717, 1.36510968208],
        "cov": [[6232.51806641, 4944.75878906, -133.179855347, -285.647338867, 771.979125977, 290.99307251, -133.735717773, -254.542938232, -490.891235352, -382.714050293, -211.552398682, -105.100837708, 160.186538696], [4944.75878906, 4112.02539063, 127.142547607, -189.452346802, 643.121765137, 320.513061523, -94.8750305176, -243.277282715, -407.71963501, -335.496002197, -200.426559448, -103.261909485, 116.587646484], [-133.179855347, 127.142547607, 375.486938477, 160.4168396, 57.7379493713, 112.673606873, 27.3929405212, -54.6974067688, -34.8827590942, -36.8920593262, -37.5880470276, -21.7983322144, -10.8578186035], [-285.647338867, -189.452346802, 160.4168396, 222.379745483, 71.5809555054, 0.500338494778, 6.47771883011, -14.4595746994, -21.7648601532, 7.96095657349, 19.6255512238, 4.87623167038, -7.58563613892], [771.979125977, 643.121765137, 57.7379493713, 71.5809555054, 210.134719849, 102.4633255, -22.0126361847, -68.8913803101, -79.2158966064, -48.9538154602, -31.287147522, -11.2826547623, 38.5922317505], [290.99307251, 320.513061523, 112.673606873, 0.500338494778, 102.4633255, 177.885986328, 66.6433868408, -38.733379364, -41.6076927185, -51.6341247559, -69.1646881104, -15.5342264175, 53.5121917725], [-133.735717773, -94.8750305176, 27.3929405212, 6.47771883011, -22.0126361847, 66.6433868408, 147.895233154, 115.233459473, 16.5168418884, -61.5771636963, -64.8612747192, -16.737165451, 11.6914329529], [-254.542938232, -243.277282715, -54.6974067688, -14.4595746994, -68.8913803101, -38.733379364, 115.233459473, 236.902328491, 148.35105896, -30.4247589111, -62.9272880554, -18.0908184052, -30.6633300781], [-490.891235352, -407.71963501, -34.8827590942, -21.7648601532, -79.2158966064, -41.6076927185, 16.5168418884, 148.35105896, 235.278488159, 127.439476013, 7.28565502167, -6.66061973572, -24.2262744904], [-382.714050293, -335.496002197, -36.8920593262, 7.96095657349, -48.9538154602, -51.6341247559, -61.5771636963, -30.4247589111, 127.439476013, 241.996414185, 156.355224609, 19.5161304474, -34.230381012], [-211.552398682, -200.426559448, -37.5880470276, 19.6255512238, -31.287147522, -69.1646881104, -64.8612747192, -62.9272880554, 7.28565502167, 156.355224609, 203.249603271, 79.7860870361, -35.003578186], [-105.100837708, -103.261909485, -21.7983322144, 4.87623167038, -11.2826547623, -15.5342264175, -16.737165451, -18.0908184052, -6.66061973572, 19.5161304474, 79.7860870361, 126.380775452, 82.184463501], [160.186538696, 116.587646484, -10.8578186035, -7.58563613892, 38.5922317505, 53.5121917725, 11.6914329529, -30.6633300781, -24.2262744904, -34.230381012, -35.003578186, 82.184463501, 179.091644287]],
        "icov": [[0.11067315191, -0.15676471591, 0.161611378193, -0.171503350139, 0.188700184226, -0.211153194308, 0.22728677094, -0.227211803198, 0.204971432686, -0.16087423265, 0.109893202782, -0.0600099042058, 0.0202814619988], [-0.15676471591, 0.225465759635, -0.238094091415, 0.259250313044, -0.286550790071, 0.311627149582, -0.324552118778, 0.314242750406, -0.2771679461, 0.215383380651, -0.146469801664, 0.0804990381002, -0.0282836519182], [0.161611378193, -0.238094091415, 0.270113706589, -0.304959446192, 0.33776986599, -0.360081762075, 0.352455407381, -0.317802876234, 0.265560358763, -0.196897178888, 0.131026923656, -0.0711156651378, 0.0278234705329], [-0.171503350139, 0.259250313044, -0.304959446192, 0.367259711027, -0.416522741318, 0.440758883953, -0.428262084723, 0.376592993736, -0.304039120674, 0.217931181192, -0.139111444354, 0.0729263871908, -0.027939165011], [0.188700184226, -0.286550790071, 0.33776986599, -0.416522741318, 0.502382576466, -0.55012345314, 0.560743629932, -0.514412879944, 0.426236838102, -0.306405037642, 0.190332278609, -0.0966494455934, 0.0326805077493], [-0.211153194308, 0.311627149582, -0.360081762075, 0.440758883953, -0.55012345314, 0.669045507908, -0.735302269459, 0.725050151348, -0.626969993114, 0.46087667346, -0.28581687808, 0.145378291607, -0.0456875860691], [0.22728677094, -0.324552118778, 0.352455407381, -0.428262084723, 0.560743629932, -0.735302269459, 0.891656577587, -0.936608672142, 0.8453078866, -0.63998234272, 0.40627732873, -0.205495640635, 0.0572515651584], [-0.227211803198, 0.314242750406, -0.317802876234, 0.376592993736, -0.514412879944, 0.725050151348, -0.936608672142, 1.05054938793, -0.984571039677, 0.768999695778, -0.497570663691, 0.257769435644, -0.0711829587817], [0.204971432686, -0.2771679461, 0.265560358763, -0.304039120674, 0.426236838102, -0.626969993114, 0.8453078866, -0.984571039677, 0.961463272572, -0.775204598904, 0.522880971432, -0.281755119562, 0.0854395851493], [-0.16087423265, 0.215383380651, -0.196897178888, 0.217931181192, -0.306405037642, 0.46087667346, -0.63998234272, 0.768999695778, -0.775204598904, 0.65519952774, -0.462917596102, 0.261471450329, -0.0873653143644], [0.109893202782, -0.146469801664, 0.131026923656, -0.139111444354, 0.190332278609, -0.28581687808, 0.40627732873, -0.497570663691, 0.522880971432, -0.462917596102, 0.356363862753, -0.215520635247, 0.0825881510973], [-0.0600099042058, 0.0804990381002, -0.0711156651378, 0.0729263871908, -0.0966494455934, 0.145378291607, -0.205495640635, 0.257769435644, -0.281755119562, 0.261471450329, -0.215520635247, 0.150214776397, -0.0642089769244], [0.0202814619988, -0.0282836519182, 0.0278234705329, -0.027939165011, 0.0326805077493, -0.0456875860691, 0.0572515651584, -0.0711829587817, 0.0854395851493, -0.0873653143644, 0.0825881510973, -0.0642089769244, 0.0375095047057]]
    },
    "spectral_contrast_coeffs": {
        "mean": [-0.653857469559, -0.641223907471, -0.690349042416, -0.692566096783, -0.734026908875, -0.882825434208],
        "var": [0.0122560225427, 0.00975335109979, 0.00751955248415, 0.00399389956146, 0.00301920552738, 0.0026472392492]
    },
    "spectral_contrast_valleys": {
        "mean": [-8.69576740265, -7.34418678284, -8.24370193481, -9.79705715179, -12.6314907074, -14.6806716919],
        "var": [3.0172727108, 2.84711432457, 2.48122572899, 2.24407720566, 0.997902750969, 1.59981954098]
    }
},
"metadata": {
    "audio_properties": {
        "analysis_sample_rate": 44100,
        "bit_rate": 89075,
        "equal_loudness": 0,
        "length": 45.0612258911,
        "lossless": 0,
        "replay_gain": -9.52229690552,
        "sample_rate": 44100,
        "codec": "mp3",
        "downmix": "mix",
        "md5_encoded": "5ddc5dc68765af27385e478a146af330"
    },
    "tags": {
        "file_name": "727.mp3"
    },
    "version": {
        "essentia": "2.1-beta2",
        "essentia_git_sha": "v2.1_beta2",
        "extractor": "music 1.0"
    }
},
"rhythm": {
    "beats_count": 74,
    "beats_loudness": {
        "mean": 0.0306153353304,
        "var": 0.000350546237314
    },
    "bpm": 99.9713287354,
    "bpm_histogram_first_peak_bpm": {
        "mean": 99,
        "var": 0
    },
    "bpm_histogram_first_peak_spread": {
        "mean": 0.301369845867,
        "var": 0
    },
    "bpm_histogram_first_peak_weight": {
        "mean": 0.698630154133,
        "var": 0
    },
    "bpm_histogram_second_peak_bpm": {
        "mean": 0,
        "var": 0
    },
    "bpm_histogram_second_peak_spread": {
        "mean": 0,
        "var": 0
    },
    "bpm_histogram_second_peak_weight": {
        "mean": 0,
        "var": 0
    },
    "danceability": 1.01596105099,
    "onset_rate": 3.63785243034,
    "beats_loudness_band_ratio": {
        "mean": [0.0798939317465, 0.291887938976, 0.543181717396, 0.15431509912, 0.00805828627199, 1.53577402671e-005],
        "var": [0.00825889408588, 0.0629260614514, 0.0822990238667, 0.0377771854401, 4.58665053884e-005, 5.79360615038e-010]
    },
    "beats_position": [0.580498874187, 1.18421769142, 1.77632653713, 2.36843538284, 2.97215414047, 3.5758728981, 4.17959165573, 4.78331041336, 5.3754196167, 5.9675283432, 6.57124710083, 7.17496585846, 7.77868461609, 8.38240337372, 8.98612213135, 9.58984088898, 10.1819496155, 10.774058342, 11.3777770996, 11.9814968109, 12.5736055374, 13.1657142639, 13.7694330215, 14.3731517792, 14.9768705368, 15.5805892944, 16.1843090057, 16.7880268097, 17.3801364899, 17.9838542938, 18.575963974, 19.179681778, 19.7834014893, 20.3871192932, 20.9792289734, 21.5713367462, 22.1750564575, 22.7787742615, 23.3708839417, 23.9629936218, 24.5667114258, 25.1704311371, 25.774148941, 26.3778686523, 26.9815864563, 27.5853061676, 28.1890239716, 28.7927436829, 29.3848514557, 29.9769611359, 30.5690689087, 31.17278862, 31.776506424, 32.3802261353, 32.9839439392, 33.5760536194, 34.1681632996, 34.7718811035, 35.3755989075, 35.9677085876, 36.5714263916, 37.1751480103, 37.7788658142, 38.3825836182, 38.9863014221, 39.5900230408, 40.1937408447, 40.7858505249, 41.3779602051, 41.981678009, 42.585395813, 43.1891136169, 43.7928352356, 44.3965530396]
},
"tonal": {
    "chords_changes_rate": 0.0606995895505,
    "chords_number_rate": 0.00720164598897,
    "chords_strength": {
        "mean": 0.451680541039,
        "var": 0.00701482640579
    },
    "hpcp_entropy": {
        "mean": 1.53537940979,
        "var": 0.452845335007
    },
    "key_strength": 0.795659542084,
    "tuning_diatonic_strength": 0.518380641937,
    "tuning_equal_tempered_deviation": 0.0984398275614,
    "tuning_frequency": 442.548919678,
    "tuning_nontempered_energy_ratio": 0.648676395416,
    "hpcp": {
        "mean": [0.0965971052647, 0.0618287324905, 0.0408106148243, 0.019550146535, 0.0180014166981, 0.172042250633, 0.268258333206, 0.135410547256, 0.180089473724, 0.272271722555, 0.123351186514, 0.0127944648266, 0.0108400424942, 0.0313226878643, 0.231763511896, 0.324314147234, 0.122633598745, 0.00875564198941, 0.00914564915001, 0.0201817769557, 0.135529905558, 0.183664411306, 0.0815911963582, 0.10698325187, 0.13251195848, 0.0523233413696, 0.0809592828155, 0.118664875627, 0.0705133229494, 0.219003260136, 0.317864388227, 0.136196106672, 0.0377387106419, 0.0282582938671, 0.0121661229059, 0.0668004378676],
        "var": [0.0570813789964, 0.010445474647, 0.0058848480694, 0.00155013962649, 0.0014121128479, 0.0516243763268, 0.126290038228, 0.0304967015982, 0.0507021993399, 0.138934105635, 0.0361665971577, 0.00319673446938, 0.00370814814232, 0.00922625418752, 0.0889698937535, 0.165669977665, 0.0263779070228, 0.000822666974273, 0.00125070498325, 0.00161627493799, 0.0467108674347, 0.0884784683585, 0.0177876409143, 0.0532241500914, 0.0906003937125, 0.0103695029393, 0.0291414279491, 0.0612978227437, 0.0140551030636, 0.0753193348646, 0.159036666155, 0.0250713359565, 0.00835596956313, 0.00420872401446, 0.000563847541343, 0.0271392744035]
    },
    "chords_histogram": [16.7695465088, 13.5802469254, 48.6625518799, 4.52674913406, 0, 0, 0, 0, 0.617283940315, 0, 0.102880656719, 0, 0, 0, 0, 0, 0, 0, 0, 0, 0, 2.88065838814, 4.11522626877, 8.74485588074],
    "thpcp": [1, 0.378132134676, 0.026997409761, 0.0281999688596, 0.0622290968895, 0.417896986008, 0.566316366196, 0.251580744982, 0.329875379801, 0.408591359854, 0.161335363984, 0.249632284045, 0.365894854069, 0.217422902584, 0.675281226635, 0.980112612247, 0.419951170683, 0.11636467278, 0.0871324762702, 0.0375133901834, 0.205974474549, 0.297850430012, 0.190644577146, 0.125836670399, 0.0602815113962, 0.0555061101913, 0.530480265617, 0.827155828476, 0.417528957129, 0.555293321609, 0.839530825615, 0.380344748497, 0.0394508391619, 0.0334245115519, 0.0965813174844, 0.714626610279],
    "chords_key": "G",
    "chords_scale": "major",
    "key_key": "C",
    "key_scale": "major"
}
}