{
"lowlevel": {
    "average_loudness": 0.886042654514,
    "barkbands_crest": {
        "mean": 13.0415372849,
        "var": 21.3768844604
    },
    "barkbands_flatness_db": {
        "mean": 0.210600495338,
        "var": 0.00443242490292
    },
    "barkbands_kurtosis": {
        "mean": 4.12452220917,
        "var": 72.3578872681
    },
    "barkbands_skewness": {
        "mean": 1.00489413738,
        "var": 2.02412295341
    },
    "barkbands_spread": {
        "mean": 14.1670370102,
        "var": 43.8001747131
    },
    "dissonance": {
        "mean": 0.427627980709,
        "var": 0.00214594765566
    },
    "dynamic_complexity": 2.98598790169,
    "erbbands_crest": {
        "mean": 15.402048111,
        "var": 61.8774642944
    },
    "erbbands_flatness_db": {
        "mean": 0.235099419951,
        "var": 0.00574569357559
    },
    "erbbands_kurtosis": {
        "mean": 2.32896661758,
        "var": 41.5520858765
    },
    "erbbands_skewness": {
        "mean": 0.546773254871,
        "var": 0.789602935314
    },
    "erbbands_spread": {
        "mean": 22.8336734772,
        "var": 166.002243042
    },
    "hfc": {
        "mean": 17.7485904694,
        "var": 340.660461426
    },
    "melbands_crest": {
        "mean": 17.3376102448,
        "var": 35.2946434021
    },
    "melbands_flatness_db": {
        "mean": 0.275471359491,
        "var": 0.0045986296609
    },
    "melbands_kurtosis": {
        "mean": 8.53478622437,
        "var": 278.16027832
    },
    "melbands_skewness": {
        "mean": 1.61014127731,
        "var": 3.13751864433
    },
    "melbands_spread": {
        "mean": 19.1153621674,
        "var": 121.673919678
    },
    "pitch_salience": {
        "mean": 0.424931883812,
        "var": 0.0114573407918
    },
    "silence_rate_20dB": {
        "mean": 1,
        "var": 0
    },
    "silence_rate_30dB": {
        "mean": 1,
        "var": 0
    },
    "silence_rate_60dB": {
        "mean": 0.0319258496165,
        "var": 0.0309059992433
    },
    "spectral_centroid": {
        "mean": 1087.40576172,
        "var": 277941.15625
    },
    "spectral_complexity": {
        "mean": 10.6622037888,
        "var": 16.909614563
    },
    "spectral_decrease": {
        "mean": -6.06817263105e-009,
        "var": 1.92375757244e-017
    },
    "spectral_energy": {
        "mean": 0.0245124921203,
        "var": 0.000319812912494
    },
    "spectral_energyband_high": {
        "mean": 0.000102219331893,
        "var": 2.95981070764e-008
    },
    "spectral_energyband_low": {
        "mean": 0.0081910379231,
        "var": 0.00010932416626
    },
    "spectral_energyband_middle_high": {
        "mean": 0.00995879340917,
        "var": 0.000191135550267
    },
    "spectral_energyband_middle_low": {
        "mean": 0.00735162757337,
        "var": 5.6129283621e-005
    },
    "spectral_entropy": {
        "mean": 6.72789669037,
        "var": 0.407254457474
    },
    "spectral_flux": {
        "mean": 0.0648117363453,
        "var": 0.00142311421223
    },
    "spectral_kurtosis": {
        "mean": 9.36289310455,
        "var": 48.6217002869
    },
    "spectral_rms": {
        "mean": 0.00455792201683,
        "var": 3.13999657919e-006
    },
    "spectral_rolloff": {
        "mean": 1047.58044434,
        "var": 952214.375
    },
    "spectral_skewness": {
        "mean": 2.01766777039,
        "var": 0.389537394047
    },
    "spectral_spread": {
        "mean": 3157720,
        "var": 2.23542824141e+012
    },
    "spectral_strongpeak": {
        "mean": 2.16910839081,
        "var": 6.97656345367
    },
    "zerocrossingrate": {
        "mean": 0.0399643853307,
        "var": 0.000622985127848
    },
    "barkbands": {
        "mean": [6.82612808305e-005, 0.00394487567246, 0.00394401792437, 0.000345761276549, 0.000981144374236, 0.000853386358358, 0.00120691081975, 0.00131820794195, 0.000962295220234, 0.00275540165603, 0.0019890810363, 0.00275889970362, 0.00105857639574, 0.000258770945948, 0.000681205710862, 0.000413708505221, 0.000369001325453, 0.00023315094586, 0.000234461942455, 6.13985321252e-005, 3.38499812642e-005, 2.01742295758e-005, 8.04595947557e-006, 6.21226763542e-006, 3.98453948947e-006, 1.63294168942e-006, 1.21644063711e-007],
        "var": [2.02172802943e-008, 2.59502958215e-005, 3.96883406211e-005, 2.77999987475e-007, 1.9739588879e-006, 2.40238136939e-006, 5.22891741639e-006, 7.33828937882e-006, 8.09764333098e-006, 5.40131950402e-005, 4.29868887295e-005, 7.95138766989e-005, 1.76986268343e-005, 8.14918450942e-007, 4.08653795603e-006, 1.9927044832e-006, 1.01850832834e-006, 4.59971658984e-007, 2.27173913459e-007, 1.285203588e-008, 4.16209644527e-009, 1.47448131482e-009, 2.25415547339e-010, 2.26073312848e-010, 9.31636850998e-011, 1.55509771727e-011, 1.64255179011e-013]
    },
    "erbbands": {
        "mean": [0.076887331903, 1.05356645584, 4.6777009964, 2.27553772926, 1.88684821129, 3.44287228584, 6.9714756012, 5.27590703964, 12.221198082, 24.3709602356, 30.0349121094, 26.6155757904, 79.6781311035, 86.2595596313, 63.0756492615, 139.658615112, 50.3967475891, 22.0189418793, 31.19921875, 25.8257522583, 21.1146430969, 16.017824173, 14.6475086212, 13.3784427643, 9.55116939545, 3.07383751869, 1.61192238331, 1.15181279182, 0.772945702076, 0.416752457619, 0.226627796888, 0.149791002274, 0.0885827094316, 0.0495237447321, 0.0252434723079, 0.00935828965157, 0.00249128323048, 0.000452819658676, 2.52272129728e-005, 2.90008792945e-005],
        "var": [0.0152810988948, 1.77398335934, 54.2317619324, 9.75838565826, 6.6060218811, 29.7782554626, 207.082473755, 112.945999146, 378.215209961, 2393.7331543, 3679.29443359, 5279.15087891, 60750.0390625, 56634.6523438, 45166.7304688, 191547.703125, 23638.1914063, 3114.88256836, 8807.92773438, 4035.34960938, 2115.11035156, 2455.55444336, 2232.63305664, 1153.99694824, 441.148895264, 25.689786911, 8.52108669281, 4.38610029221, 2.1823797226, 0.699660599232, 0.165921136737, 0.118278257549, 0.0473917536438, 0.0158409830183, 0.00383845670149, 0.000501168251503, 3.74313785869e-005, 1.71895533185e-006, 1.51237466994e-009, 4.53015319701e-010]
    },
    "gfcc": {
        "mean": [-58.9584312439, 133.665405273, -136.285415649, 28.5626354218, -40.1449127197, 11.7374792099, -20.9167366028, 8.04901981354, -14.0920953751, 0.713572800159, -6.56469249725, -6.09679698944, -7.43086385727],
        "cov": [[4916.64746094, -338.755065918, -286.31817627, 71.6528778076, -348.951049805, 69.3449020386, -191.985809326, 71.8883666992, -195.019897461, 64.5925979614, -196.107757568, 96.5286331177, -143.014846802], [-338.755065918, 750.07019043, -0.673326075077, 29.5395832062, 199.083984375, -68.5267333984, 111.291511536, -50.0492744446, 135.157119751, -96.5447387695, 73.5941543579, -133.990737915, 115.994056702], [-286.31817627, -0.673326075077, 815.713745117, 111.762542725, -202.070983887, 68.8458938599, -181.357650757, -30.5650482178, -14.4318284988, 199.766067505, -44.884853363, 56.8715705872, -79.5261001587], [71.6528778076, 29.5395832062, 111.762542725, 271.879089355, 22.1366863251, -0.097099840641, -11.8952922821, 3.60704779625, 20.7688827515, -21.8407230377, -16.3698825836, -41.4691772461, 1.11460900307], [-348.951049805, 199.083984375, -202.070983887, 22.1366863251, 366.517608643, 22.8254871368, 167.077346802, 12.111790657, -3.36703896523, -181.759170532, 30.5515346527, -52.5654296875, 85.4569244385], [69.3449020386, -68.5267333984, 68.8458938599, -0.097099840641, 22.8254871368, 159.337371826, 36.8547668457, -31.1100482941, -47.5374298096, 5.02800893784, 9.44562530518, 45.7502250671, 9.76177692413], [-191.985809326, 111.291511536, -181.357650757, -11.8952922821, 167.077346802, 36.8547668457, 218.351867676, 38.3542404175, 18.6454563141, -117.14239502, 9.43452835083, -44.1096496582, 67.2277603149], [71.8883666992, -50.0492744446, -30.5650482178, 3.60704779625, 12.111790657, -31.1100482941, 38.3542404175, 174.777557373, 67.211479187, -41.3239784241, -92.9009246826, -67.6758041382, -6.93801927567], [-195.019897461, 135.157119751, -14.4318284988, 20.7688827515, -3.36703896523, -47.5374298096, 18.6454563141, 67.211479187, 174.798782349, 24.7055244446, -26.0690841675, -90.7978820801, -4.66289138794], [64.5925979614, -96.5447387695, 199.766067505, -21.8407230377, -181.759170532, 5.02800893784, -117.14239502, -41.3239784241, 24.7055244446, 256.229095459, 75.7245330811, 54.4294128418, -111.082458496], [-196.107757568, 73.5941543579, -44.884853363, -16.3698825836, 30.5515346527, 9.44562530518, 9.43452835083, -92.9009246826, -26.0690841675, 75.7245330811, 198.65234375, 71.7078781128, -25.9175624847], [96.5286331177, -133.990737915, 56.8715705872, -41.4691772461, -52.5654296875, 45.7502250671, -44.1096496582, -67.6758041382, -90.7978820801, 54.4294128418, 71.7078781128, 182.725189209, 27.0431785583], [-143.014846802, 115.994056702, -79.5261001587, 1.11460900307, 85.4569244385, 9.76177692413, 67.2277603149, -6.93801927567, -4.66289138794, -111.082458496, -25.9175624847, 27.0431785583, 210.165481567]],
        "icov": [[0.000409355736338, -0.000708312611096, 0.000815726001747, -0.000564954825677, 0.000472196203191, -0.000669155037031, 0.000399499665946, -0.000671875546686, 0.00104862742592, -0.00065296352841, 0.00118540099356, -0.000804922892712, 0.000598162878305], [-0.000708312611096, 0.00500554218888, -0.00298772170208, 0.00187670160085, -0.00165395566728, 0.0027321788948, -0.00135074544232, 0.00344006530941, -0.0044884425588, 0.00288603547961, -0.00499441334978, 0.00451217684895, -0.00306457537226], [0.000815726001747, -0.00298772170208, 0.00440411828458, -0.00244203209877, 0.00118664477486, -0.00297728111036, 0.00200830493122, -0.00220397370867, 0.0033737604972, -0.00375256408006, 0.00480503495783, -0.00316633936018, 0.00191556068603], [-0.000564954825677, 0.00187670160085, -0.00244203209877, 0.0053666010499, -0.00103466969449, 0.00115789705887, -9.82251149253e-005, 0.00157407077495, -0.00250778812915, 0.00257502519526, -0.00310556241311, 0.0030357032083, -0.00139064819086], [0.000472196203191, -0.00165395566728, 0.00118664477486, -0.00103466969449, 0.00685359304771, -0.00189907371532, -0.00135125371162, -0.00156450911891, 0.0017622486921, 0.00278636650182, -0.00102978246287, -0.000190611302969, 0.000780051981565], [-0.000669155037031, 0.0027321788948, -0.00297728111036, 0.00115789705887, -0.00189907371532, 0.0106463981792, -0.0044759507291, 0.0036080009304, -0.00132567097899, 0.000435575086158, -0.00124487711582, 0.000480059476104, -0.0012819385156], [0.000399499665946, -0.00135074544232, 0.00200830493122, -9.82251149253e-005, -0.00135125371162, -0.0044759507291, 0.0105475466698, -0.00354853528552, 0.000676825351547, 0.00103555177338, -0.00101000722498, 0.000627816829365, -0.00059892347781], [-0.000671875546686, 0.00344006530941, -0.00220397370867, 0.00157407077495, -0.00156450911891, 0.0036080009304, -0.00354853528552, 0.0125543549657, -0.00631202803925, 0.00219381786883, 0.00135414791293, 0.00207760976627, -0.000260888366029], [0.00104862742592, -0.0044884425588, 0.0033737604972, -0.00250778812915, 0.0017622486921, -0.00132567097899, 0.000676825351547, -0.00631202803925, 0.0151675418019, -0.0070319972001, 0.00441544875503, 0.00103482953273, 0.000432016444393], [-0.00065296352841, 0.00288603547961, -0.00375256408006, 0.00257502519526, 0.00278636650182, 0.000435575086158, 0.00103555177338, 0.00219381786883, -0.0070319972001, 0.0147072160617, -0.00860319938511, 0.00124564429279, 0.00151336635463], [0.00118540099356, -0.00499441334978, 0.00480503495783, -0.00310556241311, -0.00102978246287, -0.00124487711582, -0.00101000722498, 0.00135414791293, 0.00441544875503, -0.00860319938511, 0.0176078528166, -0.0091294972226, 0.00513907754794], [-0.000804922892712, 0.00451217684895, -0.00316633936018, 0.0030357032083, -0.000190611302969, 0.000480059476104, 0.000627816829365, 0.00207760976627, 0.00103482953273, 0.00124564429279, -0.0091294972226, 0.0163713172078, -0.0068804519251], [0.000598162878305, -0.00306457537226, 0.00191556068603, -0.00139064819086, 0.000780051981565, -0.0012819385156, -0.00059892347781, -0.000260888366029, 0.000432016444393, 0.00151336635463, 0.00513907754794, -0.0068804519251, 0.00984270963818]]
    },
    "melbands": {
        "mean": [0.000880874460563, 0.00209879525937, 0.000405285216402, 0.000193469255464, 0.000214720697841, 0.000132629327709, 0.000212487051613, 0.00026434083702, 0.000231292811804, 0.000170634957612, 0.000387760810554, 0.00032801105408, 0.000202730894671, 0.000298495404422, 0.000266327435384, 8.1160083937e-005, 3.29171161866e-005, 3.98331176257e-005, 5.00070054841e-005, 3.7644218537e-005, 2.22460967052e-005, 1.90765640582e-005, 1.29244926939e-005, 1.07665027826e-005, 1.08957228804e-005, 7.47867807149e-006, 3.50777031599e-006, 1.79749781637e-006, 9.99983967631e-007, 9.47901128256e-007, 5.78056983613e-007, 4.57239934804e-007, 3.2336592426e-007, 1.88938003021e-007, 1.36633417469e-007, 9.43117584029e-008, 9.14837343657e-008, 6.96356821095e-008, 4.47905073031e-008, 4.07301392613e-008],
        "var": [1.43991962887e-006, 9.09261052584e-006, 2.78071837556e-007, 7.90938727846e-008, 1.74839726697e-007, 6.81307028572e-008, 1.20246752999e-007, 2.81579787043e-007, 2.49784818607e-007, 2.52349479979e-007, 1.5059084717e-006, 9.00269583326e-007, 4.36182659769e-007, 9.9693932043e-007, 7.5640605246e-007, 1.10158779876e-007, 1.17286358403e-008, 1.75065455466e-008, 2.69895075178e-008, 1.80245738335e-008, 2.24114127256e-009, 3.37219474567e-009, 2.12796136267e-009, 7.86026244093e-010, 1.01811081787e-009, 3.46534662077e-010, 4.33727741223e-011, 1.56853158934e-011, 3.89179357144e-012, 4.59053975388e-012, 1.42913534739e-012, 8.3876655621e-013, 4.03388585556e-013, 1.56635636536e-013, 5.75450535205e-014, 4.38891612398e-014, 4.70313248253e-014, 3.50365895151e-014, 9.803237459e-015, 1.3184632795e-014]
    },
    "mfcc": {
        "mean": [-704.616394043, 157.573318481, -17.8942394257, 29.2523002625, 3.7434926033, 8.88517570496, 4.72680854797, 5.97232675552, 3.28332924843, 7.23133087158, 2.26561164856, 3.64512372017, 5.43891954422],
        "cov": [[3180.86523438, -475.454650879, 67.2334365845, -90.7890090942, -196.336349487, -21.7766304016, -138.49647522, -84.2644119263, -72.6318283081, -30.6161384583, 18.4849071503, -41.140838623, -53.0323410034], [-475.454650879, 686.999511719, -42.3629570007, 58.8435630798, 84.5715408325, 13.4247026443, 47.3509063721, 14.8803529739, 43.9463653564, 52.1237792969, -11.879693985, -15.8594064713, -21.0016002655], [67.2334365845, -42.3629570007, 528.179260254, -2.81862306595, 22.3917961121, 67.1374053955, -58.9279327393, -101.263664246, -15.599776268, -30.1789779663, 32.8384246826, 33.4390144348, 31.9323444366], [-90.7890090942, 58.8435630798, -2.81862306595, 235.995452881, 87.4253311157, -14.9053840637, 10.0156316757, 51.8796920776, 55.1483306885, 49.409614563, 9.22251796722, -37.1121292114, -73.7306442261], [-196.336349487, 84.5715408325, 22.3917961121, 87.4253311157, 147.886947632, 24.8459243774, 28.5905208588, 40.9357795715, 19.5683937073, 8.72909355164, -8.5195608139, -29.4444770813, -37.2741851807], [-21.7766304016, 13.4247026443, 67.1374053955, -14.9053840637, 24.8459243774, 170.580764771, 63.2884101868, -21.4787139893, -47.7791175842, -62.0008277893, -31.6781158447, 51.208065033, 97.9157333374], [-138.49647522, 47.3509063721, -58.9279327393, 10.0156316757, 28.5905208588, 63.2884101868, 165.783950806, 73.8268432617, -11.1178531647, -37.5065116882, -51.9744758606, -0.945747613907, 48.6345825195], [-84.2644119263, 14.8803529739, -101.263664246, 51.8796920776, 40.9357795715, -21.4787139893, 73.8268432617, 195.07989502, 107.548294067, 26.0780391693, -56.5921211243, -96.072479248, -84.6511917114], [-72.6318283081, 43.9463653564, -15.599776268, 55.1483306885, 19.5683937073, -47.7791175842, -11.1178531647, 107.548294067, 213.444198608, 106.800834656, -41.463973999, -120.623306274, -120.992744446], [-30.6161384583, 52.1237792969, -30.1789779663, 49.409614563, 8.72909355164, -62.0008277893, -37.5065116882, 26.0780391693, 106.800834656, 199.427032471, 60.5834312439, -105.303344727, -126.389099121], [18.4849071503, -11.879693985, 32.8384246826, 9.22251796722, -8.5195608139, -31.6781158447, -51.9744758606, -56.5921211243, -41.463973999, 60.5834312439, 234.488311768, 108.355674744, -62.1678314209], [-41.140838623, -15.8594064713, 33.4390144348, -37.1121292114, -29.4444770813, 51.208065033, -0.945747613907, -96.072479248, -120.623306274, -105.303344727, 108.355674744, 313.776275635, 158.294372559], [-53.0323410034, -21.0016002655, 31.9323444366, -73.7306442261, -37.2741851807, 97.9157333374, 48.6345825195, -84.6511917114, -120.992744446, -126.389099121, -62.1678314209, 158.294372559, 341.075042725]],
        "icov": [[0.000389296852518, 0.000194255699171, -1.97869594558e-005, -8.34432430565e-005, 0.000483524752781, -0.000181180192158, 0.000257988605881, -3.14829630952e-005, 0.000195428554434, 4.76060376968e-005, 3.5433760786e-005, 0.000120274795336, 0.000154165507411], [0.000194255699171, 0.00178567541298, 0.000176156871021, -3.10877439915e-005, -0.000775201420765, -2.39935543505e-005, -0.000539733970072, 0.000692581874318, -0.000332610739861, -0.000512021884788, 0.000288159673801, -0.000236153369769, 0.000142365024658], [-1.97869594558e-005, 0.000176156871021, 0.00250803399831, -6.25511529506e-005, -0.000712701876182, -0.00113061233424, 0.000604414963163, 0.00163927406538, -0.00125696393661, 0.00103784701787, -0.000763702671975, 0.000545938615687, -0.000127087740111], [-8.34432430565e-005, -3.10877439915e-005, -6.25511529506e-005, 0.00598452892154, -0.00341762881726, 0.000502308772411, -0.000172048297827, -0.000499067420606, -0.000478209200082, -0.00101737538353, 0.00017857500643, -0.000676901661791, 0.000467687146738], [0.000483524752781, -0.000775201420765, -0.000712701876182, -0.00341762881726, 0.0109632434323, -0.00201855530031, 0.000165747100255, -0.00182814069558, 0.00130982499104, 0.000485162046971, -9.26458014874e-005, 0.000712813809514, 0.00095234089531], [-0.000181180192158, -2.39935543505e-005, -0.00113061233424, 0.000502308772411, -0.00201855530031, 0.00939383823425, -0.00374097120948, 0.0013833247358, -8.9852263045e-005, 0.000549366232008, 0.000593883101828, -0.000542569323443, -0.00132407515775], [0.000257988605881, -0.000539733970072, 0.000604414963163, -0.000172048297827, 0.000165747100255, -0.00374097120948, 0.0113283507526, -0.00593022163957, 0.00266572111286, -0.000288710958557, 0.000689095817506, 2.62032990577e-005, -0.0011298871832], [-3.14829630952e-005, 0.000692581874318, 0.00163927406538, -0.000499067420606, -0.00182814069558, 0.0013833247358, -0.00593022163957, 0.0131027791649, -0.00630065752193, 0.00297407829203, -0.000318559730658, 0.00134154071566, 0.00146336143371], [0.000195428554434, -0.000332610739861, -0.00125696393661, -0.000478209200082, 0.00130982499104, -8.9852263045e-005, 0.00266572111286, -0.00630065752193, 0.0119631411508, -0.0059786378406, 0.00392664037645, -0.00125600385945, 0.00157625658903], [4.76060376968e-005, -0.000512021884788, 0.00103784701787, -0.00101737538353, 0.000485162046971, 0.000549366232008, -0.000288710958557, 0.00297407829203, -0.0059786378406, 0.0125963781029, -0.00610599247739, 0.00491081550717, -0.000511810998432], [3.5433760786e-005, 0.000288159673801, -0.000763702671975, 0.00017857500643, -9.26458014874e-005, 0.000593883101828, 0.000689095817506, -0.000318559730658, 0.00392664037645, -0.00610599247739, 0.0106252767146, -0.00615406222641, 0.00369850569405], [0.000120274795336, -0.000236153369769, 0.000545938615687, -0.000676901661791, 0.000712813809514, -0.000542569323443, 2.62032990577e-005, 0.00134154071566, -0.00125600385945, 0.00491081550717, -0.00615406222641, 0.00861167907715, -0.00337461568415], [0.000154165507411, 0.000142365024658, -0.000127087740111, 0.000467687146738, 0.00095234089531, -0.00132407515775, -0.0011298871832, 0.00146336143371, 0.00157625658903, -0.000511810998432, 0.00369850569405, -0.00337461568415, 0.00669594062492]]
    },
    "spectral_contrast_coeffs": {
        "mean": [-0.681076228619, -0.689480066299, -0.653306365013, -0.695204257965, -0.734511256218, -0.736140787601],
        "var": [0.00497308839113, 0.00814364664257, 0.0139699140564, 0.00709683261812, 0.00491425255314, 0.0016085508978]
    },
    "spectral_contrast_valleys": {
        "mean": [-7.44725847244, -7.35840129852, -8.30554103851, -8.59573364258, -8.74994850159, -11.7896595001],
        "var": [1.00879001617, 1.16970145702, 0.929087996483, 0.866758704185, 0.884683728218, 0.995402157307]
    }
},
"metadata": {
    "audio_properties": {
        "analysis_sample_rate": 44100,
        "bit_rate": 110066,
        "equal_loudness": 0,
        "length": 45.0612258911,
        "lossless": 0,
        "replay_gain": -11.5829143524,
        "sample_rate": 44100,
        "codec": "mp3",
        "downmix": "mix",
        "md5_encoded": "0ed295f0b3518576b04f8c63f0a99d10"
    },
    "tags": {
        "file_name": "728.mp3"
    },
    "version": {
        "essentia": "2.1-beta2",
        "essentia_git_sha": "v2.1_beta2",
        "extractor": "music 1.0"
    }
},
"rhythm": {
    "beats_count": 92,
    "beats_loudness": {
        "mean": 0.0278741363436,
        "var": 0.0002959916892
    },
    "bpm": 131.814605713,
    "bpm_histogram_first_peak_bpm": {
        "mean": 133,
        "var": 0
    },
    "bpm_histogram_first_peak_spread": {
        "mean": 0.509090900421,
        "var": 0
    },
    "bpm_histogram_first_peak_weight": {
        "mean": 0.296703308821,
        "var": 0
    },
    "bpm_histogram_second_peak_bpm": {
        "mean": 108,
        "var": 0
    },
    "bpm_histogram_second_peak_spread": {
        "mean": 0.608695685863,
        "var": 0
    },
    "bpm_histogram_second_peak_weight": {
        "mean": 0.0989011004567,
        "var": 0
    },
    "danceability": 1.16353952885,
    "onset_rate": 4.17022132874,
    "beats_loudness_band_ratio": {
        "mean": [0.392851799726, 0.116913318634, 0.242073059082, 0.232180595398, 0.0528351590037, 0.0117679592222],
        "var": [0.07890997082, 0.0173318106681, 0.0537765286863, 0.0601504817605, 0.0028489776887, 0.000104667073174]
    },
    "beats_position": [0.545668900013, 1.11455774307, 1.68344664574, 2.2523355484, 2.80961441994, 3.36689329147, 3.9125623703, 4.45823097229, 5.00390005112, 5.54956912994, 6.08362817764, 6.64090681076, 7.19818592072, 7.75546455383, 8.31274318695, 8.87002277374, 9.41569137573, 9.98458003998, 10.5418596268, 11.0875282288, 11.6331968307, 12.1904764175, 12.7361450195, 13.3050336838, 13.7578229904, 14.2106122971, 14.6750106812, 15.1277999878, 15.5805892944, 16.0333786011, 16.4977779388, 16.9505672455, 17.391746521, 17.8329238892, 18.2973232269, 18.7617225647, 19.2029018402, 19.667301178, 20.1317005157, 20.5728797913, 21.0140590668, 21.4668483734, 21.9196376801, 22.3608150482, 22.7903842926, 23.2431735992, 23.6843528748, 24.1371421814, 24.589931488, 25.0311107635, 25.4839000702, 25.9366893768, 26.3894786835, 26.865486145, 27.3298854828, 27.8058948517, 28.2935142517, 28.7811336517, 29.2571430206, 29.7215423584, 30.1859397888, 30.6503391266, 31.1031284332, 31.5559177399, 32.0087051392, 32.4731063843, 32.9258956909, 33.3786849976, 33.8314743042, 34.2958717346, 34.7486610413, 35.2014503479, 35.6658477783, 36.118637085, 36.5714263916, 37.0242156982, 37.4886169434, 37.94140625, 38.4058036804, 38.8585929871, 39.3229942322, 39.7873916626, 40.2634010315, 40.7394104004, 41.2154197693, 41.703037262, 42.1906585693, 42.678276062, 43.1426734924, 43.6070747375, 44.071472168, 44.5474815369]
},
"tonal": {
    "chords_changes_rate": 0.0586419738829,
    "chords_number_rate": 0.0113168722019,
    "chords_strength": {
        "mean": 0.501117289066,
        "var": 0.014109455049
    },
    "hpcp_entropy": {
        "mean": 1.62041759491,
        "var": 0.434820562601
    },
    "key_strength": 0.765612483025,
    "tuning_diatonic_strength": 0.634398937225,
    "tuning_equal_tempered_deviation": 0.0485792607069,
    "tuning_frequency": 442.293365479,
    "tuning_nontempered_energy_ratio": 0.714429974556,
    "hpcp": {
        "mean": [0.204234689474, 0.118251204491, 0.077329851687, 0.135019779205, 0.12232298404, 0.0761877223849, 0.0566059723496, 0.058703597635, 0.121471501887, 0.161636829376, 0.0993885844946, 0.0440374203026, 0.0484633222222, 0.0795723423362, 0.208932071924, 0.336545437574, 0.213436692953, 0.0624898187816, 0.0710895508528, 0.0622633136809, 0.0273462217301, 0.0166856124997, 0.0179006941617, 0.0420040152967, 0.0609092973173, 0.0390509814024, 0.0308781769127, 0.0394890084863, 0.0440098270774, 0.144669443369, 0.247208237648, 0.182778313756, 0.0857992768288, 0.0867465212941, 0.146654993296, 0.197849988937],
        "var": [0.0884722396731, 0.0346962846816, 0.0277495142072, 0.0744635462761, 0.0566490665078, 0.0357267074287, 0.024015141651, 0.0190100185573, 0.050521004945, 0.0849100202322, 0.0432319641113, 0.0147342989221, 0.0190628394485, 0.0358466207981, 0.0760777741671, 0.150119036436, 0.0804007574916, 0.018500674516, 0.0414036102593, 0.0360238701105, 0.00727604795247, 0.00229054945521, 0.00335265952162, 0.0153693892062, 0.0398617647588, 0.0144237494096, 0.00659628212452, 0.0109690539539, 0.0113234231248, 0.0593808740377, 0.129579856992, 0.0807154402137, 0.0376870371401, 0.0352932550013, 0.081501558423, 0.0862535461783]
    },
    "chords_histogram": [35.6995887756, 3.39506173134, 4.01234579086, 0.720164597034, 4.11522626877, 0, 0, 17.3868312836, 0, 18.7242794037, 0, 2.57201647758, 0, 0, 0, 0, 0, 0, 0, 0.308641970158, 1.64609050751, 2.57201647758, 7.71604919434, 1.13168728352],
    "thpcp": [1, 0.634198725224, 0.185680180788, 0.211233139038, 0.185007154942, 0.081255659461, 0.0495790764689, 0.0531895309687, 0.124809347093, 0.180983871222, 0.116034798324, 0.0917503982782, 0.117336332798, 0.130769342184, 0.429866015911, 0.734546422958, 0.543101429939, 0.254941135645, 0.257755756378, 0.43576580286, 0.587884902954, 0.606856226921, 0.351367712021, 0.229775369167, 0.401193320751, 0.363466471434, 0.22638168931, 0.168197110295, 0.174429938197, 0.360936403275, 0.480282336473, 0.29531994462, 0.130851343274, 0.144002318382, 0.236438632011, 0.620813846588],
    "chords_key": "G",
    "chords_scale": "minor",
    "key_key": "G",
    "key_scale": "minor"
}
}