{
"lowlevel": {
    "average_loudness": 0.793595790863,
    "barkbands_crest": {
        "mean": 9.94278049469,
        "var": 18.4225978851
    },
    "barkbands_flatness_db": {
        "mean": 0.135273784399,
        "var": 0.00473225396127
    },
    "barkbands_kurtosis": {
        "mean": 6.17112112045,
        "var": 344.218231201
    },
    "barkbands_skewness": {
        "mean": 1.43553137779,
        "var": 2.86507678032
    },
    "barkbands_spread": {
        "mean": 24.2146873474,
        "var": 203.795013428
    },
    "dissonance": {
        "mean": 0.471046209335,
        "var": 0.000520817411598
    },
    "dynamic_complexity": 5.56159925461,
    "erbbands_crest": {
        "mean": 9.70782852173,
        "var": 23.204782486
    },
    "erbbands_flatness_db": {
        "mean": 0.164303317666,
        "var": 0.00186808081344
    },
    "erbbands_kurtosis": {
        "mean": 0.472931355238,
        "var": 10.4420385361
    },
    "erbbands_skewness": {
        "mean": 0.0645872876048,
        "var": 0.822030723095
    },
    "erbbands_spread": {
        "mean": 37.1538734436,
        "var": 276.239654541
    },
    "hfc": {
        "mean": 18.9818153381,
        "var": 451.157012939
    },
    "melbands_crest": {
        "mean": 14.5737104416,
        "var": 32.8194007874
    },
    "melbands_flatness_db": {
        "mean": 0.195096194744,
        "var": 0.00843242648989
    },
    "melbands_kurtosis": {
        "mean": 17.7120265961,
        "var": 1781.33618164
    },
    "melbands_skewness": {
        "mean": 2.65779495239,
        "var": 4.89025640488
    },
    "melbands_spread": {
        "mean": 30.5839824677,
        "var": 505.464294434
    },
    "pitch_salience": {
        "mean": 0.528052926064,
        "var": 0.013701679185
    },
    "silence_rate_20dB": {
        "mean": 1,
        "var": 0
    },
    "silence_rate_30dB": {
        "mean": 0.999485075474,
        "var": 0.000514650717378
    },
    "silence_rate_60dB": {
        "mean": 0.231719881296,
        "var": 0.178024694324
    },
    "spectral_centroid": {
        "mean": 1561.3503418,
        "var": 752169
    },
    "spectral_complexity": {
        "mean": 16.1091651917,
        "var": 150.46321106
    },
    "spectral_decrease": {
        "mean": -4.44888970108e-009,
        "var": 1.99077938526e-017
    },
    "spectral_energy": {
        "mean": 0.0185128618032,
        "var": 0.000333767122356
    },
    "spectral_energyband_high": {
        "mean": 0.000984917161986,
        "var": 2.4186410883e-006
    },
    "spectral_energyband_low": {
        "mean": 0.00513250706717,
        "var": 7.05481434125e-005
    },
    "spectral_energyband_middle_high": {
        "mean": 0.00575128104538,
        "var": 5.78180406592e-005
    },
    "spectral_energyband_middle_low": {
        "mean": 0.00796935334802,
        "var": 8.82627282408e-005
    },
    "spectral_entropy": {
        "mean": 7.49529600143,
        "var": 0.27840217948
    },
    "spectral_flux": {
        "mean": 0.0689027681947,
        "var": 0.00230684573762
    },
    "spectral_kurtosis": {
        "mean": 5.44471597672,
        "var": 25.7438011169
    },
    "spectral_rms": {
        "mean": 0.0036734722089,
        "var": 4.56692259831e-006
    },
    "spectral_rolloff": {
        "mean": 1843.50219727,
        "var": 2607126.5
    },
    "spectral_skewness": {
        "mean": 1.51410222054,
        "var": 0.375261574984
    },
    "spectral_spread": {
        "mean": 4146380,
        "var": 4.0915215319e+012
    },
    "spectral_strongpeak": {
        "mean": 0.939957618713,
        "var": 1.98344433308
    },
    "zerocrossingrate": {
        "mean": 0.0674220323563,
        "var": 0.00171089242212
    },
    "barkbands": {
        "mean": [0.000125020917039, 0.00137781864032, 0.00240714591928, 0.00220629037358, 0.00275902240537, 0.000817994994577, 0.000354865827831, 0.000337443256285, 0.00132062728517, 0.000508579134475, 0.00109632231761, 0.000172021522303, 0.000591900199652, 0.000890752766281, 0.000801478745416, 0.000442530639702, 0.000372423237422, 0.000478885980556, 0.000340062164469, 0.000392045418266, 0.000323478307109, 0.000129035994178, 0.000114320988359, 6.47016204312e-005, 5.08697667101e-005, 3.53749237547e-005, 1.83783936336e-006],
        "var": [1.34556970011e-007, 1.6346006305e-005, 1.84679101949e-005, 1.0209753782e-005, 1.83616175491e-005, 4.53550910606e-006, 1.08152232769e-006, 6.73243221172e-007, 6.87753617967e-006, 2.20037122745e-006, 8.43293673825e-006, 1.85040789802e-007, 1.42299438721e-006, 8.14294071461e-006, 4.73818818136e-006, 6.41255326173e-007, 4.06785460427e-007, 6.12538656242e-007, 2.56242117302e-007, 3.86889979609e-007, 3.56768254051e-007, 5.85934891717e-008, 5.94194240477e-008, 1.59538515732e-008, 1.3548268285e-008, 7.77190045653e-009, 3.73513234231e-011]
    },
    "erbbands": {
        "mean": [0.0389246381819, 0.333451807499, 2.14372420311, 6.06993865967, 9.72130966187, 7.97994041443, 6.41806125641, 6.28702640533, 5.41905879974, 5.38127803802, 10.3368453979, 31.3137054443, 20.5730991364, 29.146062851, 31.2888298035, 8.95350456238, 24.2446498871, 47.8534126282, 39.672996521, 38.6366691589, 23.445148468, 19.9248657227, 27.2299633026, 15.7536439896, 19.6626472473, 18.8332767487, 19.499256134, 7.51413154602, 4.86606693268, 4.35386896133, 2.96944093704, 1.52965629101, 1.00847315788, 0.570482492447, 0.362798333168, 0.172591775656, 0.0602120310068, 0.0102142421529, 0.000247748219408, 3.04970726575e-005],
        "var": [0.0152243021876, 0.8313331604, 14.4744672775, 73.6730728149, 241.311691284, 159.606048584, 243.380508423, 227.220336914, 246.977478027, 145.672790527, 434.266235352, 3979.82177734, 2752.82885742, 4939.11328125, 6510.28466797, 285.083312988, 2167.13305664, 17315.0605469, 14296.4355469, 6502.38037109, 1687.98034668, 1060.86413574, 1776.63757324, 545.937255859, 828.404846191, 1037.24963379, 1025.7253418, 187.23487854, 85.8506774902, 80.5686950684, 46.0912780762, 7.85435581207, 4.41240978241, 1.61063992977, 0.786621570587, 0.205992773175, 0.0187337007374, 0.000666621606797, 3.98999304707e-007, 1.07503017599e-009]
    },
    "gfcc": {
        "mean": [-50.0140571594, 85.0269088745, -125.458778381, 36.4147148132, -46.7753868103, 9.28894901276, -39.5193328857, 3.61206316948, -34.0095100403, -2.79419350624, -27.5960922241, -6.76563310623, -13.5559234619],
        "cov": [[17479.2070313, -3146.27319336, -948.775268555, 169.118652344, -1085.10290527, 165.259292603, 46.106338501, 440.22088623, -347.757202148, 357.191101074, -682.342590332, 192.004547119, -413.22442627], [-3146.27319336, 1788.7833252, 217.504608154, -86.275604248, 491.485229492, -147.201690674, 76.0398406982, -212.613647461, 110.500717163, -183.116073608, 225.795272827, -122.988670349, 109.899871826], [-948.775268555, 217.504608154, 836.050354004, 127.417388916, 135.499954224, 137.685653687, -28.2636833191, 17.789056778, 36.9557800293, -21.5004653931, 16.6182537079, -27.2398853302, -42.893901825], [169.118652344, -86.275604248, 127.417388916, 272.334472656, 39.5121154785, 62.4442710876, 40.827922821, 33.906917572, 19.5077533722, -5.21721982956, -6.96872138977, -9.25208568573, -5.56173610687], [-1085.10290527, 491.485229492, 135.499954224, 39.5121154785, 356.421478271, 23.9907627106, 73.8649673462, -32.1255645752, 44.283493042, -39.7988510132, 59.7775268555, -47.5548439026, 15.3893766403], [165.259292603, -147.201690674, 137.685653687, 62.4442710876, 23.9907627106, 184.763168335, 42.2485733032, 46.2565002441, 11.1392002106, 21.6788082123, -19.6832695007, -2.49624681473, -10.052939415], [46.106338501, 76.0398406982, -28.2636833191, 40.827922821, 73.8649673462, 42.2485733032, 157.01020813, 47.1267242432, 23.4446220398, -22.7763690948, -0.62797921896, 3.41815757751, 19.4988765717], [440.22088623, -212.613647461, 17.789056778, 33.906917572, -32.1255645752, 46.2565002441, 47.1267242432, 147.091873169, 35.1265640259, 36.4618911743, -39.7805938721, 18.6582622528, -22.4228553772], [-347.757202148, 110.500717163, 36.9557800293, 19.5077533722, 44.283493042, 11.1392002106, 23.4446220398, 35.1265640259, 109.080505371, 29.701084137, 13.8229913712, -29.1956806183, 8.94489765167], [357.191101074, -183.116073608, -21.5004653931, -5.21721982956, -39.7988510132, 21.6788082123, -22.7763690948, 36.4618911743, 29.701084137, 127.59160614, 17.0375785828, 14.2949581146, -30.4148769379], [-682.342590332, 225.795272827, 16.6182537079, -6.96872138977, 59.7775268555, -19.6832695007, -0.62797921896, -39.7805938721, 13.8229913712, 17.0375785828, 129.151077271, 30.8093700409, 10.0790958405], [192.004547119, -122.988670349, -27.2398853302, -9.25208568573, -47.5548439026, -2.49624681473, 3.41815757751, 18.6582622528, -29.1956806183, 14.2949581146, 30.8093700409, 111.833869934, 30.7124958038], [-413.22442627, 109.899871826, -42.893901825, -5.56173610687, 15.3893766403, -10.052939415, 19.4988765717, -22.4228553772, 8.94489765167, -30.4148769379, 10.0790958405, 30.7124958038, 108.699058533]],
        "icov": [[0.000125517064589, -5.20413377672e-005, 0.000129180494696, -0.000157389775268, 0.000200996917556, -6.61965532345e-005, -0.000179483016836, 4.36880072812e-005, 0.000251539342571, -0.000372402195353, 0.000715482863598, -0.000393010443076, 0.000499127956573], [-5.20413377672e-005, 0.00258498988114, -0.000733873283025, 0.00117931270506, -0.00181998393964, 0.00172118644696, -0.000840151275042, 0.00114529381972, -0.00173255521804, 0.00263687386177, -0.00385331129655, 0.00270671094768, -0.00176390248816], [0.000129180494696, -0.000733873283025, 0.00206671562046, -0.000975363480393, 8.2216129158e-006, -0.00188768899534, 0.00141830614302, -0.000459474482341, -8.26321120257e-005, 2.27512573474e-005, 0.00145144341514, -0.00152559101116, 0.00178339192644], [-0.000157389775268, 0.00117931270506, -0.000975363480393, 0.00498105585575, -0.00102954707108, 4.16139846493e-005, -0.000962382298894, -4.31326116086e-005, -0.00119102292228, 0.00177561165765, -0.00247920374386, 0.0018445836613, -0.00130380003247], [0.000200996917556, -0.00181998393964, 8.2216129158e-006, -0.00102954707108, 0.00594327831641, -0.00131121021695, -0.00188607175369, 8.95712000784e-005, 0.000834954378661, -0.00151184899732, 0.00130896258634, -0.00022258174431, 0.00139864033554], [-6.61965532345e-005, 0.00172118644696, -0.00188768899534, 4.16139846493e-005, -0.00131121021695, 0.00891566183418, -0.00280361482874, -0.000204277355806, 0.000129088395624, -0.000583400193136, -0.00157927302644, 0.00239514396526, -0.00196780776605], [-0.000179483016836, -0.000840151275042, 0.00141830614302, -0.000962382298894, -0.00188607175369, -0.00280361482874, 0.0109183974564, -0.00430821254849, -0.000768275058363, 0.00266974954866, -0.000505108793732, -0.000947291497141, -0.00103727786336], [4.36880072812e-005, 0.00114529381972, -0.000459474482341, -4.31326116086e-005, 8.95712000784e-005, -0.000204277355806, -0.00430821254849, 0.013809398748, -0.00620910152793, -0.000921652594116, 0.00406718160957, -0.00468596024439, 0.00361445662566], [0.000251539342571, -0.00173255521804, -8.26321120257e-005, -0.00119102292228, 0.000834954378661, 0.000129088395624, -0.000768275058363, -0.00620910152793, 0.0173356998712, -0.00684658251703, 7.7139105997e-005, 0.00529702473432, -0.00348100648262], [-0.000372402195353, 0.00263687386177, 2.27512573474e-005, 0.00177561165765, -0.00151184899732, -0.000583400193136, 0.00266974954866, -0.000921652594116, -0.00684658251703, 0.015825914219, -0.00785978417844, 0.00121994223446, 0.000884912442416], [0.000715482863598, -0.00385331129655, 0.00145144341514, -0.00247920374386, 0.00130896258634, -0.00157927302644, -0.000505108793732, 0.00406718160957, 7.7139105997e-005, -0.00785978417844, 0.0217737033963, -0.0123335476965, 0.00692020403221], [-0.000393010443076, 0.00270671094768, -0.00152559101116, 0.0018445836613, -0.00022258174431, 0.00239514396526, -0.000947291497141, -0.00468596024439, 0.00529702473432, 0.00121994223446, -0.0123335476965, 0.0205235481262, -0.0100317457691], [0.000499127956573, -0.00176390248816, 0.00178339192644, -0.00130380003247, 0.00139864033554, -0.00196780776605, -0.00103727786336, 0.00361445662566, -0.00348100648262, 0.000884912442416, 0.00692020403221, -0.0100317457691, 0.0167960785329]]
    },
    "melbands": {
        "mean": [0.000358855555533, 0.000909052672796, 0.00115312309936, 0.000682708167005, 0.000237803877098, 0.000145064739627, 8.03120419732e-005, 6.27641056781e-005, 0.000103994745587, 0.00019668621826, 9.76864539552e-005, 0.000109176224214, 0.000139206109452, 2.37744461629e-005, 3.07775881083e-005, 6.5351887315e-005, 9.22275066841e-005, 6.2924445956e-005, 5.92494652665e-005, 3.90559653169e-005, 2.49834101851e-005, 1.91595281649e-005, 2.18633649638e-005, 2.68075327767e-005, 1.01358609754e-005, 1.42848812175e-005, 1.20529803098e-005, 1.2769377463e-005, 1.42864064401e-005, 7.31315003577e-006, 3.36207517648e-006, 2.77697222373e-006, 2.37445146922e-006, 2.45606497629e-006, 1.88656281352e-006, 1.18692832984e-006, 8.092501389e-007, 7.55204553116e-007, 5.47388196992e-007, 4.52490809266e-007],
        "var": [1.17976503589e-006, 2.80273548015e-006, 2.13922271541e-006, 1.11988219942e-006, 2.51951092878e-007, 1.29757012246e-007, 5.33195496644e-008, 1.99467695694e-008, 4.30708162469e-008, 1.49920239778e-007, 7.0305802069e-008, 7.20963910794e-008, 1.35893515107e-007, 4.18646894929e-009, 4.11568423786e-009, 1.74111125517e-008, 8.23224937108e-008, 4.51522517153e-008, 2.47970088907e-008, 4.74095296354e-009, 2.19668483403e-009, 1.11763753807e-009, 1.32938682285e-009, 2.49398235397e-009, 3.13658266027e-010, 5.42303313367e-010, 3.18097853613e-010, 5.84063908349e-010, 4.91112095435e-010, 3.63887753263e-010, 4.03990382813e-011, 2.85215063373e-011, 2.4455612882e-011, 2.70521504503e-011, 2.38909933503e-011, 5.20496883441e-012, 2.21431662069e-012, 2.75437311847e-012, 1.13486878315e-012, 1.28386212252e-012]
    },
    "mfcc": {
        "mean": [-689.84387207, 112.890563965, -13.1271047592, 29.834394455, 8.11046504974, 7.42391109467, 2.25101041794, -0.192520663142, 0.251358807087, 1.25889956951, -9.21132850647, -6.71917676926, -8.6924829483],
        "cov": [[15108.6962891, -2308.31567383, -823.364196777, 21.8473854065, -1060.97351074, -212.95274353, -172.301071167, 72.0952606201, 77.2124862671, 400.221069336, -0.571651816368, -233.77684021, -352.638183594], [-2308.31567383, 1570.85388184, -51.7680549622, 85.2872314453, 284.840270996, 49.3000411987, 75.0975418091, -23.7891273499, -69.3086471558, -89.2812423706, -3.27077579498, 61.1175956726, 53.8976516724], [-823.364196777, -51.7680549622, 709.604003906, 18.8842964172, 161.901657104, 89.1143569946, 23.5660457611, 56.9085006714, 21.966588974, 1.5699480772, 58.7330474854, -20.7549648285, 36.9727401733], [21.8473854065, 85.2872314453, 18.8842964172, 224.810058594, 63.092124939, 26.1225166321, 36.9711990356, 41.6097717285, 17.0985603333, -0.661765217781, -2.94094467163, 23.7861061096, 12.7230501175], [-1060.97351074, 284.840270996, 161.901657104, 63.092124939, 247.185119629, 84.3040237427, 51.5390205383, 18.6014137268, 8.05517101288, 3.75637125969, 37.3918952942, 14.4289007187, 24.7301979065], [-212.95274353, 49.3000411987, 89.1143569946, 26.1225166321, 84.3040237427, 139.989379883, 61.8372268677, 19.2187843323, 17.1683292389, 22.6119308472, 13.9120311737, -5.98256969452, 2.44778132439], [-172.301071167, 75.0975418091, 23.5660457611, 36.9711990356, 51.5390205383, 61.8372268677, 119.81842804, 57.3356018066, 11.872633934, -1.56013345718, 10.8155126572, 12.947259903, 6.58573055267], [72.0952606201, -23.7891273499, 56.9085006714, 41.6097717285, 18.6014137268, 19.2187843323, 57.3356018066, 125.791702271, 56.7883148193, 4.17962741852, 1.35031509399, 7.21547698975, 2.35724949837], [77.2124862671, -69.3086471558, 21.966588974, 17.0985603333, 8.05517101288, 17.1683292389, 11.872633934, 56.7883148193, 139.294570923, 59.2466659546, -13.0322961807, -8.63186168671, -9.08445644379], [400.221069336, -89.2812423706, 1.5699480772, -0.661765217781, 3.75637125969, 22.6119308472, -1.56013345718, 4.17962741852, 59.2466659546, 129.100952148, 55.9535064697, -11.7669248581, -21.0860671997], [-0.571651816368, -3.27077579498, 58.7330474854, -2.94094467163, 37.3918952942, 13.9120311737, 10.8155126572, 1.35031509399, -13.0322961807, 55.9535064697, 126.242073059, 43.1026115417, -5.39142465591], [-233.77684021, 61.1175956726, -20.7549648285, 23.7861061096, 14.4289007187, -5.98256969452, 12.947259903, 7.21547698975, -8.63186168671, -11.7669248581, 43.1026115417, 100.335479736, 37.7742538452], [-352.638183594, 53.8976516724, 36.9727401733, 12.7230501175, 24.7301979065, 2.44778132439, 6.58573055267, 2.35724949837, -9.08445644379, -21.0860671997, -5.39142465591, 37.7742538452, 87.3109817505]],
        "icov": [[0.000136786649819, 9.84845682979e-005, 7.61095943744e-005, -0.000197315064725, 0.000472654617624, -8.59963038238e-005, 7.58911701269e-005, -0.000236163352383, 0.000259843509411, -0.000418287090724, 7.07734557182e-007, 0.000145277081174, 0.000220587666263], [9.84845682979e-005, 0.00102256983519, 0.00035900331568, -0.000150389547343, -0.00102314364631, 0.000222417278565, -0.00028667706647, 8.91767413123e-005, 0.000411957531469, 9.43027043832e-005, 0.000224328410695, -0.000178503862116, 9.59152093856e-005], [7.61095943744e-005, 0.00035900331568, 0.00222369353287, -1.67855578184e-005, -0.00104020745493, -0.000942272716202, 0.00099483015947, -0.00108536751941, -0.000331756047672, 0.0011898126686, -0.0019473148277, 0.00188857328612, -0.00126259669196], [-0.000197315064725, -0.000150389547343, -1.67855578184e-005, 0.00561927445233, -0.00209337845445, 0.000130462722154, -0.000447921775049, -0.00125237507746, 0.000196252716705, -0.000378257827833, 0.00166569335852, -0.00200535985641, 4.056537e-005], [0.000472654617624, -0.00102314364631, -0.00104020745493, -0.00209337845445, 0.0100196767598, -0.00329283648171, -0.000337777863024, 4.96192624269e-005, -0.000472746643936, -0.00049905810738, -0.00254824152216, 0.00157019868493, -0.000441821583081], [-8.59963038238e-005, 0.000222417278565, -0.000942272716202, 0.000130462722154, -0.00329283648171, 0.0121672637761, -0.00613940414041, 0.00203307787888, -0.000211230086279, -0.00220663053915, 0.00146839558147, 0.000254867627518, 0.000320648076013], [7.58911701269e-005, -0.00028667706647, 0.00099483015947, -0.000447921775049, -0.000337777863024, -0.00613940414041, 0.0152779687196, -0.00714553100988, 0.00175380369183, 0.000546768540516, -0.000826077070087, -0.000511994876433, -7.91748097981e-005], [-0.000236163352383, 8.91767413123e-005, -0.00108536751941, -0.00125237507746, 4.96192624269e-005, 0.00203307787888, -0.00714553100988, 0.0150467837229, -0.00712148845196, 0.00390668911859, -0.00184782571159, 0.000170537212398, -0.000290457974188], [0.000259843509411, 0.000411957531469, -0.000331756047672, 0.000196252716705, -0.000472746643936, -0.000211230086279, 0.00175380369183, -0.00712148845196, 0.015207468532, -0.0105351815, 0.00778407836333, -0.00349543243647, 0.0021377846133], [-0.000418287090724, 9.43027043832e-005, 0.0011898126686, -0.000378257827833, -0.00049905810738, -0.00220663053915, 0.000546768540516, 0.00390668911859, -0.0105351815, 0.0198446027935, -0.0124071901664, 0.00638590147719, -0.00197235587984], [7.07734557182e-007, 0.000224328410695, -0.0019473148277, 0.00166569335852, -0.00254824152216, 0.00146839558147, -0.000826077070087, -0.00184782571159, 0.00778407836333, -0.0124071901664, 0.0200638957322, -0.0116512551904, 0.00533231534064], [0.000145277081174, -0.000178503862116, 0.00188857328612, -0.00200535985641, 0.00157019868493, 0.000254867627518, -0.000511994876433, 0.000170537212398, -0.00349543243647, 0.00638590147719, -0.0116512551904, 0.0196980405599, -0.00829153135419], [0.000220587666263, 9.59152093856e-005, -0.00126259669196, 4.056537e-005, -0.000441821583081, 0.000320648076013, -7.91748097981e-005, -0.000290457974188, 0.0021377846133, -0.00197235587984, 0.00533231534064, -0.00829153135419, 0.0166063606739]]
    },
    "spectral_contrast_coeffs": {
        "mean": [-0.592348515987, -0.769978940487, -0.755724310875, -0.771499156952, -0.785484373569, -0.745471060276],
        "var": [0.00960994046181, 0.00483291130513, 0.00774879474193, 0.00474921707064, 0.00274630472995, 0.00238975114189]
    },
    "spectral_contrast_valleys": {
        "mean": [-8.06984615326, -7.46616983414, -7.93656301498, -7.96649026871, -7.85131883621, -10.9194555283],
        "var": [1.67070901394, 1.84185397625, 1.72347295284, 1.67490971088, 2.21647119522, 2.54098796844]
    }
},
"metadata": {
    "audio_properties": {
        "analysis_sample_rate": 44100,
        "bit_rate": 108675,
        "equal_loudness": 0,
        "length": 45.0612258911,
        "lossless": 0,
        "replay_gain": -7.91624259949,
        "sample_rate": 44100,
        "codec": "mp3",
        "downmix": "mix",
        "md5_encoded": "67b85bb1977806e31878393d713822fe"
    },
    "tags": {
        "file_name": "729.mp3"
    },
    "version": {
        "essentia": "2.1-beta2",
        "essentia_git_sha": "v2.1_beta2",
        "extractor": "music 1.0"
    }
},
"rhythm": {
    "beats_count": 73,
    "beats_loudness": {
        "mean": 0.0243361070752,
        "var": 0.000304627872538
    },
    "bpm": 98.8170928955,
    "bpm_histogram_first_peak_bpm": {
        "mean": 99,
        "var": 0
    },
    "bpm_histogram_first_peak_spread": {
        "mean": 0.194029867649,
        "var": 0
    },
    "bpm_histogram_first_peak_weight": {
        "mean": 0.75,
        "var": 0
    },
    "bpm_histogram_second_peak_bpm": {
        "mean": 94,
        "var": 0
    },
    "bpm_histogram_second_peak_spread": {
        "mean": 0.200000032783,
        "var": 0
    },
    "bpm_histogram_second_peak_weight": {
        "mean": 0.0555555559695,
        "var": 0
    },
    "danceability": 1.0732973814,
    "onset_rate": 3.68221664429,
    "beats_loudness_band_ratio": {
        "mean": [0.448209434748, 0.167587593198, 0.100842580199, 0.141199797392, 0.128931432962, 0.0687671974301],
        "var": [0.0760245844722, 0.0300976485014, 0.00862118694931, 0.0237986613065, 0.0160108320415, 0.00331583456136]
    },
    "beats_position": [0.580498874187, 1.17260766029, 1.77632653713, 2.38004541397, 2.9837641716, 3.5758728981, 4.17959165573, 4.78331041336, 5.38702917099, 5.99074840546, 6.59446716309, 7.19818592072, 7.80190467834, 8.4172334671, 9.03256225586, 9.63628101349, 10.2399997711, 10.8437185287, 11.4474372864, 12.0627660751, 12.6780948639, 13.2934236526, 13.9087524414, 14.512471199, 15.1161899567, 15.7315187454, 16.3468475342, 16.9737873077, 17.5891151428, 18.2044448853, 18.8081626892, 19.4118824005, 20.0156002045, 20.642539978, 21.246257782, 21.8499774933, 22.4536952972, 23.0690250397, 23.6843528748, 24.2880725861, 24.9034004211, 25.5187301636, 26.1456680298, 26.7609977722, 27.3763256073, 27.9916553497, 28.6302032471, 29.2803630829, 29.8608608246, 30.4413604736, 31.0218582153, 31.66040802, 32.2989578247, 32.9375038147, 33.5528335571, 34.1681632996, 34.783493042, 35.4104309082, 36.0141487122, 36.6178665161, 37.2331962585, 37.848526001, 38.4638557434, 39.0791816711, 39.6945114136, 40.2866210938, 40.8787307739, 41.4708366394, 42.0745582581, 42.6666641235, 43.2703857422, 43.8741035461, 44.4778213501]
},
"tonal": {
    "chords_changes_rate": 0.110082305968,
    "chords_number_rate": 0.0195473246276,
    "chords_strength": {
        "mean": 0.457584232092,
        "var": 0.010026326403
    },
    "hpcp_entropy": {
        "mean": 2.2152659893,
        "var": 0.55940747261
    },
    "key_strength": 0.336540430784,
    "tuning_diatonic_strength": 0.274501800537,
    "tuning_equal_tempered_deviation": 0.198723092675,
    "tuning_frequency": 434.193115234,
    "tuning_nontempered_energy_ratio": 0.867234587669,
    "hpcp": {
        "mean": [0.194056078792, 0.18901951611, 0.139393061399, 0.124412856996, 0.134954839945, 0.130169183016, 0.123458877206, 0.135178253055, 0.150624066591, 0.215538963675, 0.214120134711, 0.137676715851, 0.13058103621, 0.126637846231, 0.107223160565, 0.112725369632, 0.126541167498, 0.146575689316, 0.166036069393, 0.144648656249, 0.120354309678, 0.156009972095, 0.186615750194, 0.172842845321, 0.146404460073, 0.109608232975, 0.152721196413, 0.267141819, 0.230478599668, 0.137806177139, 0.149663984776, 0.152344107628, 0.128332361579, 0.120596110821, 0.118230208755, 0.140856802464],
        "var": [0.0759698152542, 0.0685719251633, 0.0425613820553, 0.0393441841006, 0.057889919728, 0.058155182749, 0.0412430502474, 0.0438489019871, 0.04117686674, 0.0979389324784, 0.0947031676769, 0.0397414937615, 0.0407396256924, 0.0404661111534, 0.0327820330858, 0.0370474867523, 0.0425061173737, 0.054805804044, 0.0734720900655, 0.0572654679418, 0.0370742082596, 0.0601088702679, 0.0787034183741, 0.0543330200016, 0.054648283869, 0.0312273297459, 0.041542019695, 0.113665804267, 0.0861895307899, 0.0451790392399, 0.0589716397226, 0.058963175863, 0.0486536510289, 0.0461438521743, 0.0438491925597, 0.0458289980888]
    },
    "chords_histogram": [2.57201647758, 0.102880656719, 3.90946507454, 4.21810722351, 7.61316871643, 3.08641982079, 0, 3.90946507454, 2.05761313438, 2.57201647758, 6.99588489532, 3.49794244766, 0.823045253754, 1.23456788063, 0.823045253754, 8.43621444702, 7.81893014908, 2.05761313438, 0, 1.54320991039, 4.01234579086, 9.87654304504, 16.2551441193, 6.58436203003],
    "thpcp": [1, 0.862757444382, 0.515854001045, 0.560241699219, 0.570274293423, 0.480390399694, 0.451431035995, 0.442574679852, 0.527273476124, 0.726415932178, 0.707562446594, 0.521794259548, 0.465718388557, 0.505180537701, 0.487266212702, 0.462147325277, 0.506016790867, 0.56383562088, 0.80683350563, 0.801522314548, 0.515369415283, 0.488807916641, 0.474047243595, 0.401371687651, 0.421968251467, 0.473685353994, 0.548681199551, 0.621527791023, 0.541467666626, 0.450525909662, 0.583996832371, 0.698564350605, 0.64700782299, 0.548040211201, 0.410299777985, 0.57168585062],
    "chords_key": "A",
    "chords_scale": "minor",
    "key_key": "E",
    "key_scale": "minor"
}
}