{
"lowlevel": {
    "average_loudness": 0.874353408813,
    "barkbands_crest": {
        "mean": 12.2618923187,
        "var": 15.9797019958
    },
    "barkbands_flatness_db": {
        "mean": 0.221882134676,
        "var": 0.00450475513935
    },
    "barkbands_kurtosis": {
        "mean": 15.2041301727,
        "var": 312.22052002
    },
    "barkbands_skewness": {
        "mean": 2.44704556465,
        "var": 3.49704670906
    },
    "barkbands_spread": {
        "mean": 10.5703659058,
        "var": 94.66746521
    },
    "dissonance": {
        "mean": 0.435319423676,
        "var": 0.00110595463775
    },
    "dynamic_complexity": 5.14678096771,
    "erbbands_crest": {
        "mean": 10.738907814,
        "var": 15.5205688477
    },
    "erbbands_flatness_db": {
        "mean": 0.201012954116,
        "var": 0.00204438320361
    },
    "erbbands_kurtosis": {
        "mean": 1.78573930264,
        "var": 11.0090303421
    },
    "erbbands_skewness": {
        "mean": 0.811538279057,
        "var": 1.22549819946
    },
    "erbbands_spread": {
        "mean": 30.1697540283,
        "var": 228.121337891
    },
    "hfc": {
        "mean": 11.0949993134,
        "var": 336.594451904
    },
    "melbands_crest": {
        "mean": 16.26379776,
        "var": 30.9453125
    },
    "melbands_flatness_db": {
        "mean": 0.300940334797,
        "var": 0.00842003710568
    },
    "melbands_kurtosis": {
        "mean": 26.628704071,
        "var": 783.775695801
    },
    "melbands_skewness": {
        "mean": 3.2375626564,
        "var": 4.18739461899
    },
    "melbands_spread": {
        "mean": 13.9974565506,
        "var": 249.097747803
    },
    "pitch_salience": {
        "mean": 0.517142057419,
        "var": 0.0139783825725
    },
    "silence_rate_20dB": {
        "mean": 1,
        "var": 0
    },
    "silence_rate_30dB": {
        "mean": 1,
        "var": 0
    },
    "silence_rate_60dB": {
        "mean": 0.181163147092,
        "var": 0.148341938853
    },
    "spectral_centroid": {
        "mean": 829.881469727,
        "var": 530579.4375
    },
    "spectral_complexity": {
        "mean": 7.8934636116,
        "var": 23.9880828857
    },
    "spectral_decrease": {
        "mean": -2.97180990927e-009,
        "var": 7.62340323159e-018
    },
    "spectral_energy": {
        "mean": 0.0122226504609,
        "var": 0.000143343757372
    },
    "spectral_energyband_high": {
        "mean": 7.8238947026e-005,
        "var": 1.93245757174e-008
    },
    "spectral_energyband_low": {
        "mean": 0.00301125831902,
        "var": 8.51756522025e-006
    },
    "spectral_energyband_middle_high": {
        "mean": 0.00402532750741,
        "var": 5.90488198213e-005
    },
    "spectral_energyband_middle_low": {
        "mean": 0.0057629882358,
        "var": 3.86042520404e-005
    },
    "spectral_entropy": {
        "mean": 6.56904125214,
        "var": 0.247136607766
    },
    "spectral_flux": {
        "mean": 0.0422726050019,
        "var": 0.00152954412624
    },
    "spectral_kurtosis": {
        "mean": 11.7352714539,
        "var": 89.0476150513
    },
    "spectral_rms": {
        "mean": 0.00309986877255,
        "var": 2.31535591411e-006
    },
    "spectral_rolloff": {
        "mean": 921.749938965,
        "var": 1510467.25
    },
    "spectral_skewness": {
        "mean": 2.4784784317,
        "var": 0.786621809006
    },
    "spectral_spread": {
        "mean": 3342329,
        "var": 2.60244242432e+012
    },
    "spectral_strongpeak": {
        "mean": 1.13417887688,
        "var": 3.61808300018
    },
    "zerocrossingrate": {
        "mean": 0.0348757952452,
        "var": 0.00110910809599
    },
    "barkbands": {
        "mean": [6.35082642475e-006, 0.000568309274968, 0.00180562131573, 0.00108130509034, 0.00121713918634, 0.000739839626476, 0.00022895654547, 0.00061741535319, 0.00179253425449, 0.000125249585835, 9.84800499282e-005, 0.000146715086885, 0.000704204081558, 0.000740206451155, 0.000953751034103, 0.00028162705712, 0.000334785669111, 0.000404354883358, 0.000291916279821, 1.01895138869e-005, 4.193744644e-006, 2.52937006735e-005, 2.54397255048e-005, 9.90866192296e-006, 4.78248421132e-006, 3.89141086998e-006, 1.9897635184e-007],
        "var": [7.51340267779e-010, 1.04476282559e-006, 5.02506827615e-006, 2.56951966549e-006, 1.35223501729e-006, 2.19872026719e-006, 3.62262852605e-007, 4.58160229755e-006, 2.7320580557e-005, 3.91397804833e-007, 1.00630778377e-007, 8.24915844078e-007, 6.85612712914e-006, 8.08079130366e-006, 1.1085731785e-005, 1.15799502964e-006, 5.6712622154e-007, 1.24411042179e-006, 5.56719498945e-007, 2.93963214881e-010, 4.64711186199e-011, 2.82332313084e-009, 3.29137872512e-009, 8.16845535656e-010, 2.30872626572e-010, 7.86217826954e-011, 3.52269212064e-013]
    },
    "erbbands": {
        "mean": [0.00511290552095, 0.189588263631, 1.65756213665, 3.31583690643, 2.99199271202, 4.83059644699, 5.86119699478, 5.51538610458, 3.684289217, 6.69794273376, 22.9973735809, 39.3215522766, 11.6385831833, 2.92495918274, 3.97366595268, 9.93836021423, 25.4995479584, 38.7918128967, 37.6969032288, 43.8546905518, 14.5627002716, 19.7823123932, 24.9060115814, 24.2484474182, 4.54806375504, 0.602219343185, 0.263361573219, 0.172167137265, 0.819728076458, 0.816350340843, 0.809487044811, 0.37077948451, 0.103156037629, 0.0498393960297, 0.038083948195, 0.0212149806321, 0.00625103432685, 0.000906387635041, 2.96452726616e-005, 1.54624831339e-005],
        "var": [0.00013124391262, 0.0935031548142, 4.36937618256, 12.5155534744, 11.6765356064, 23.7047309875, 111.198661804, 190.482620239, 118.735290527, 299.636138916, 3517.86962891, 12750.7919922, 2795.88452148, 54.7908058167, 156.201721191, 1815.30297852, 8930.875, 20717.6640625, 13895.1992188, 20737.4609375, 1181.49328613, 1911.99719238, 4050.53076172, 3134.56689453, 182.190963745, 1.06808125973, 0.165975689888, 0.0790598839521, 3.38531041145, 2.59304571152, 3.533244133, 0.804259777069, 0.210159733891, 0.0494611784816, 0.00951188988984, 0.00240899180062, 0.00022075844754, 4.49297749583e-006, 3.56395224443e-009, 2.63076588292e-010]
    },
    "gfcc": {
        "mean": [-113.168830872, 125.772026062, -103.670059204, 28.7129096985, -43.9410362244, 1.83648264408, -49.0866699219, -0.47194314003, -21.8262214661, -9.14919471741, -19.0233898163, -6.24855327606, -20.4955158234],
        "cov": [[9309.98632813, -2572.48413086, -2746.68383789, -566.935546875, -379.023620605, 165.456848145, -1057.90637207, 626.885314941, 477.337341309, -217.616333008, -256.885284424, 346.284393311, -962.282836914], [-2572.48413086, 1614.42053223, 937.851135254, 210.433105469, 185.549545288, -74.0936431885, 465.25994873, -315.375396729, -157.5181427, 13.4969863892, 121.999221802, -246.136474609, 366.472503662], [-2746.68383789, 937.851135254, 1503.8581543, 404.935882568, 90.5063018799, 11.4567432404, 332.234619141, -202.963562012, -251.54069519, 148.435043335, 21.0210838318, -107.321296692, 339.938842773], [-566.935546875, 210.433105469, 404.935882568, 409.690185547, 8.20210075378, -34.9135284424, 65.8451843262, -22.6194419861, -61.6004066467, 34.9840736389, 0.723030745983, -75.1748580933, 153.34677124], [-379.023620605, 185.549545288, 90.5063018799, 8.20210075378, 191.979934692, -17.1592178345, 40.9628829956, -2.25995445251, 25.4674434662, -14.2007713318, 5.71121692657, -37.388835907, 41.4172019958], [165.456848145, -74.0936431885, 11.4567432404, -34.9135284424, -17.1592178345, 188.570266724, 32.0043754578, -18.0154762268, 2.41987276077, 4.69753789902, -4.03095817566, 14.0130243301, -56.9972877502], [-1057.90637207, 465.25994873, 332.234619141, 65.8451843262, 40.9628829956, 32.0043754578, 339.679168701, -111.695281982, -108.169395447, 23.3989162445, 39.8842010498, -66.7590866089, 124.091018677], [626.885314941, -315.375396729, -202.963562012, -22.6194419861, -2.25995445251, -18.0154762268, -111.695281982, 179.72517395, 74.1485595703, -11.2478790283, -37.2949981689, 31.0192775726, -65.693069458], [477.337341309, -157.5181427, -251.54069519, -61.6004066467, 25.4674434662, 2.41987276077, -108.169395447, 74.1485595703, 181.291732788, -25.6098423004, -19.8651676178, -7.57111549377, -66.6885986328], [-217.616333008, 13.4969863892, 148.435043335, 34.9840736389, -14.2007713318, 4.69753789902, 23.3989162445, -11.2478790283, -25.6098423004, 106.472724915, -0.922676324844, -1.29325997829, 31.4937400818], [-256.885284424, 121.999221802, 21.0210838318, 0.723030745983, 5.71121692657, -4.03095817566, 39.8842010498, -37.2949981689, -19.8651676178, -0.922676324844, 112.295631409, 27.4153003693, 22.0402679443], [346.284393311, -246.136474609, -107.321296692, -75.1748580933, -37.388835907, 14.0130243301, -66.7590866089, 31.0192775726, -7.57111549377, -1.29325997829, 27.4153003693, 166.939559937, -68.3524856567], [-962.282836914, 366.472503662, 339.938842773, 153.34677124, 41.4172019958, -56.9972877502, 124.091018677, -65.693069458, -66.6885986328, 31.4937400818, 22.0402679443, -68.3524856567, 225.979064941]],
        "icov": [[0.000444326782599, -0.000234555656789, 0.000723117147572, -0.000439049763372, 0.000287801376544, -0.000454881897895, 0.000604655419011, -0.000530147051904, 0.00034866220085, -0.000204290627153, 0.00070361525286, -0.000335099117365, 0.000790357240476], [-0.000234555656789, 0.00303935888223, -0.00159721157979, 0.000982549972832, -0.000976358016487, 0.00143688928802, -0.0018432008801, 0.00251923804171, -0.0010844002245, 0.00168695917819, -0.00249425228685, 0.00263010407798, -0.00142228510231], [0.000723117147572, -0.00159721157979, 0.00337159750052, -0.00199004402384, 2.0582741854e-005, -0.00173228466883, 0.00125286844559, -0.00106362509541, 0.0020155722741, -0.00237729703076, 0.00256744306535, -0.00182383111678, 0.000634181895293], [-0.000439049763372, 0.000982549972832, -0.00199004402384, 0.00470993621275, 0.000257975480054, 0.000788831501268, -0.000350576010533, -6.08352493146e-005, -0.000341100618243, 0.00102013594005, -0.00165873847436, 0.00220072735101, -0.00275439489633], [0.000287801376544, -0.000976358016487, 2.0582741854e-005, 0.000257975480054, 0.00684078317136, -0.000103654063423, 0.000154100649524, -0.0016722533619, -0.00144684943371, 0.000924162799492, 0.000500173424371, -8.45968024805e-005, 0.000122073237435], [-0.000454881897895, 0.00143688928802, -0.00173228466883, 0.000788831501268, -0.000103654063423, 0.00760183017701, -0.00266212457791, 0.00230390578508, -0.00168364006095, 0.000619752681814, -0.00115250097588, 0.000959686411079, 0.00169075047597], [0.000604655419011, -0.0018432008801, 0.00125286844559, -0.000350576010533, 0.000154100649524, -0.00266212457791, 0.00700761051849, -0.000998198287562, 0.00297195999883, -0.000945358129684, 0.000770039157942, -8.24230737635e-005, -1.20208624139e-005], [-0.000530147051904, 0.00251923804171, -0.00106362509541, -6.08352493146e-005, -0.0016722533619, 0.00230390578508, -0.000998198287562, 0.0110813863575, -0.00302963377908, 0.000693420995958, -6.05209934292e-005, 0.000608545728028, -0.000845314061735], [0.00034866220085, -0.0010844002245, 0.0020155722741, -0.000341100618243, -0.00144684943371, -0.00168364006095, 0.00297195999883, -0.00302963377908, 0.0100014349446, -0.000841148896143, 0.00081420049537, 0.00115651346277, 0.00110970402602], [-0.000204290627153, 0.00168695917819, -0.00237729703076, 0.00102013594005, 0.000924162799492, 0.000619752681814, -0.000945358129684, 0.000693420995958, -0.000841148896143, 0.0123614473268, -0.00135420705192, 0.0011544105364, -0.00150388421025], [0.00070361525286, -0.00249425228685, 0.00256744306535, -0.00165873847436, 0.000500173424371, -0.00115250097588, 0.000770039157942, -6.05209934292e-005, 0.00081420049537, -0.00135420705192, 0.0137113379315, -0.00556648429483, 0.000889758288395], [-0.000335099117365, 0.00263010407798, -0.00182383111678, 0.00220072735101, -8.45968024805e-005, 0.000959686411079, -8.24230737635e-005, 0.000608545728028, 0.00115651346277, 0.0011544105364, -0.00556648429483, 0.011168657802, 0.000139243318699], [0.000790357240476, -0.00142228510231, 0.000634181895293, -0.00275439489633, 0.000122073237435, 0.00169075047597, -1.20208624139e-005, -0.000845314061735, 0.00110970402602, -0.00150388421025, 0.000889758288395, 0.000139243318699, 0.0116697419435]]
    },
    "melbands": {
        "mean": [9.70235705609e-005, 0.00067318987567, 0.000576872553211, 0.000254171114648, 0.000217685505049, 0.000128397878143, 5.58488209208e-005, 8.70093062986e-005, 0.000242510956014, 0.000227883210755, 5.21406109328e-005, 1.01225932667e-005, 1.33569401441e-005, 1.7551568817e-005, 4.81691167806e-005, 6.09768612776e-005, 7.54418288125e-005, 5.80916421313e-005, 7.48302263673e-005, 3.07911141135e-005, 1.54975932674e-005, 1.66197587532e-005, 2.31002977671e-005, 2.36159321503e-005, 2.03976196644e-005, 5.39639859198e-006, 6.14112366293e-007, 2.82432637277e-007, 1.74230450511e-007, 1.03786653938e-007, 8.18240408762e-008, 3.40327289905e-007, 7.17369459835e-007, 3.33063752578e-007, 4.36721933283e-007, 4.65370931124e-007, 1.35870521945e-007, 7.04378066985e-008, 4.90068607917e-008, 4.08033571375e-008],
        "var": [2.96499891306e-008, 6.94133916568e-007, 3.48385555071e-007, 5.29614965217e-008, 1.02683252123e-007, 9.13181779083e-008, 2.36134969356e-008, 6.16973352408e-008, 3.77658693651e-007, 4.53062938277e-007, 7.23351121223e-008, 8.48147108101e-010, 1.63557722921e-009, 1.50604844151e-008, 4.96944423389e-008, 6.17130240244e-008, 8.93087275244e-008, 3.43282984261e-008, 8.89857787456e-008, 1.36732332123e-008, 1.32145150378e-009, 1.40303668683e-009, 3.50771522939e-009, 4.18973344907e-009, 2.41497999376e-009, 3.59497570601e-010, 2.31253709758e-012, 2.29565932236e-013, 9.22885831883e-014, 3.15139929397e-014, 2.46610847384e-014, 6.838777049e-013, 2.30700636546e-012, 4.55057757968e-013, 1.08361518543e-012, 1.41751259168e-012, 1.29618226417e-013, 1.50651884088e-013, 4.65718704378e-014, 3.90787120545e-014]
    },
    "mfcc": {
        "mean": [-763.745544434, 157.367355347, 3.93998622894, 28.4983768463, 21.0471115112, 3.0268702507, -12.991189003, 4.45734596252, -11.9479427338, 0.473111301661, -0.496100753546, -8.38888645172, -8.34563541412],
        "cov": [[7957.76220703, -2322.44799805, -2452.6340332, -903.802185059, 290.629638672, -508.479187012, -1371.08532715, 821.114013672, -665.749328613, 313.424621582, 771.789794922, -308.859680176, -371.297332764], [-2322.44799805, 1242.28601074, 694.435913086, 211.440811157, -90.8764266968, 209.791442871, 454.870941162, -244.359649658, 188.309524536, -102.10332489, -210.015457153, 118.060699463, 101.327827454], [-2452.6340332, 694.435913086, 1233.97216797, 408.325408936, -89.1195449829, 244.8409729, 497.393371582, -298.58694458, 263.381408691, -113.485832214, -307.937255859, 147.349121094, 180.346954346], [-903.802185059, 211.440811157, 408.325408936, 440.550933838, -7.07220315933, 12.1971206665, 210.258483887, -150.326431274, 157.799072266, -14.7744407654, -165.462722778, 26.5183506012, 84.5966110229], [290.629638672, -90.8764266968, -89.1195449829, -7.07220315933, 271.30368042, -77.4697570801, -134.893127441, 58.5237388611, -4.78194379807, 59.151260376, 48.6839675903, -67.3882522583, -14.0033903122], [-508.479187012, 209.791442871, 244.8409729, 12.1971206665, -77.4697570801, 228.538986206, 155.820480347, -51.4453353882, 46.3744392395, -34.8223266602, -47.7425727844, 68.4451370239, 21.5586891174], [-1371.08532715, 454.870941162, 497.393371582, 210.258483887, -134.893127441, 155.820480347, 444.395141602, -161.272369385, 140.660415649, -69.5489425659, -170.356811523, 98.013671875, 60.229259491], [821.114013672, -244.359649658, -298.58694458, -150.326431274, 58.5237388611, -51.4453353882, -161.272369385, 236.650863647, -108.501289368, 5.53783655167, 135.364089966, -18.5474815369, -50.1766738892], [-665.749328613, 188.309524536, 263.381408691, 157.799072266, -4.78194379807, 46.3744392395, 140.660415649, -108.501289368, 206.32711792, 34.8583641052, -110.152099609, 10.4729948044, 48.6152076721], [313.424621582, -102.10332489, -113.485832214, -14.7744407654, 59.151260376, -34.8223266602, -69.5489425659, 5.53783655167, 34.8583641052, 154.742080688, 24.6202831268, -46.3940582275, -27.8694248199], [771.789794922, -210.015457153, -307.937255859, -165.462722778, 48.6839675903, -47.7425727844, -170.356811523, 135.364089966, -110.152099609, 24.6202831268, 208.294631958, -18.657453537, -55.6111221313], [-308.859680176, 118.060699463, 147.349121094, 26.5183506012, -67.3882522583, 68.4451370239, 98.013671875, -18.5474815369, 10.4729948044, -46.3940582275, -18.657453537, 120.776763916, 26.3364639282], [-371.297332764, 101.327827454, 180.346954346, 84.5966110229, -14.0033903122, 21.5586891174, 60.229259491, -50.1766738892, 48.6152076721, -27.8694248199, -55.6111221313, 26.3364639282, 105.665626526]],
        "icov": [[0.000600546132773, 0.000512609200086, 0.000559567415621, -7.88315883256e-005, 6.26069231657e-005, -0.000267863069894, 0.000526272458956, -0.0003942582116, 0.00031185959233, -0.000395412498619, -0.000127922947286, -0.000134864269057, 2.10191974475e-005], [0.000512609200086, 0.00193848530762, 0.00026356530725, 0.000296572747175, -0.000405232363846, -0.000479727255879, -0.000603034510277, 0.000337715639034, -4.96993088746e-005, 0.000141659693327, -0.000156292386237, -0.000318726728437, -0.000139252908411], [0.000559567415621, 0.00026356530725, 0.00321214087307, -0.000797821790911, -0.000796864158474, -0.00153192225844, -0.000355927826604, 0.000452808395494, -0.000339505728334, 0.000436364935013, 0.000818473577965, -0.00113331433386, -0.00152076140512], [-7.88315883256e-005, 0.000296572747175, -0.000797821790911, 0.00459883362055, -0.000602811167482, 0.00165378605016, -0.00136001815554, 0.00062484072987, -0.0013752549421, 0.000125027319882, 0.00105439161416, -5.51991070097e-005, -0.000992557266727], [6.26069231657e-005, -0.000405232363846, -0.000796864158474, -0.000602811167482, 0.0055731208995, 0.000827903335448, 0.00179423671216, -0.0014883504482, -0.000366135645891, -0.00127835455351, -0.000782532442827, 0.0019894244615, 0.000215053820284], [-0.000267863069894, -0.000479727255879, -0.00153192225844, 0.00165378605016, 0.000827903335448, 0.00748861161992, -0.00156482111197, -0.000145920654177, -0.000665811938234, -0.000178672475158, -0.000398388394387, -0.00145352666732, 0.00062570697628], [0.000526272458956, -0.000603034510277, -0.000355927826604, -0.00136001815554, 0.00179423671216, -0.00156482111197, 0.00733730755746, -0.000318828679156, -0.000817766005639, 0.000296559650451, 0.00113808759488, -0.00147214345634, 0.00176761252806], [-0.0003942582116, 0.000337715639034, 0.000452808395494, 0.00062484072987, -0.0014883504482, -0.000145920654177, -0.000318828679156, 0.00864745862782, 0.000521627138369, 0.0014936622465, -0.00253641419113, -0.00110293983016, 0.000232256978052], [0.00031185959233, -4.96993088746e-005, -0.000339505728334, -0.0013752549421, -0.000366135645891, -0.000665811938234, -0.000817766005639, 0.000521627138369, 0.0102730020881, -0.00410942640156, 0.00171453237999, 0.000586110865697, -0.0014289165847], [-0.000395412498619, 0.000141659693327, 0.000436364935013, 0.000125027319882, -0.00127835455351, -0.000178672475158, 0.000296559650451, 0.0014936622465, -0.00410942640156, 0.0100045101717, -0.000881278712768, 0.00134505773894, 0.00176746235229], [-0.000127922947286, -0.000156292386237, 0.000818473577965, 0.00105439161416, -0.000782532442827, -0.000398388394387, 0.00113808759488, -0.00253641419113, 0.00171453237999, -0.000881278712768, 0.0108796609566, -0.00190107885282, 0.000762145267799], [-0.000134864269057, -0.000318726728437, -0.00113331433386, -5.51991070097e-005, 0.0019894244615, -0.00145352666732, -0.00147214345634, -0.00110293983016, 0.000586110865697, 0.00134505773894, -0.00190107885282, 0.0130982482806, -0.00149425060954], [2.10191974475e-005, -0.000139252908411, -0.00152076140512, -0.000992557266727, 0.000215053820284, 0.00062570697628, 0.00176761252806, 0.000232256978052, -0.0014289165847, 0.00176746235229, 0.000762145267799, -0.00149425060954, 0.0139621794224]]
    },
    "spectral_contrast_coeffs": {
        "mean": [-0.591460764408, -0.687965452671, -0.737274825573, -0.734058856964, -0.730740606785, -0.75652384758],
        "var": [0.00490314420313, 0.00642736628652, 0.00593612063676, 0.00829574652016, 0.00868885964155, 0.00347632169724]
    },
    "spectral_contrast_valleys": {
        "mean": [-8.06395339966, -7.84709215164, -9.01863193512, -9.13203716278, -9.54253101349, -12.3447875977],
        "var": [0.995873093605, 0.920857727528, 0.954914987087, 1.22485125065, 1.19697260857, 1.20755255222]
    }
},
"metadata": {
    "audio_properties": {
        "analysis_sample_rate": 44100,
        "bit_rate": 107858,
        "equal_loudness": 0,
        "length": 45.0873451233,
        "lossless": 0,
        "replay_gain": -15.7572240829,
        "sample_rate": 44100,
        "codec": "mp3",
        "downmix": "mix",
        "md5_encoded": "957139f449b2cc31b612adee9c727c37"
    },
    "tags": {
        "file_name": "73.mp3"
    },
    "version": {
        "essentia": "2.1-beta2",
        "essentia_git_sha": "v2.1_beta2",
        "extractor": "music 1.0"
    }
},
"rhythm": {
    "beats_count": 78,
    "beats_loudness": {
        "mean": 0.0161988716573,
        "var": 0.000217321707169
    },
    "bpm": 105.145324707,
    "bpm_histogram_first_peak_bpm": {
        "mean": 105,
        "var": 0
    },
    "bpm_histogram_first_peak_spread": {
        "mean": 0.631578922272,
        "var": 0
    },
    "bpm_histogram_first_peak_weight": {
        "mean": 0.272727280855,
        "var": 0
    },
    "bpm_histogram_second_peak_bpm": {
        "mean": 115,
        "var": 0
    },
    "bpm_histogram_second_peak_spread": {
        "mean": 0.45454543829,
        "var": 0
    },
    "bpm_histogram_second_peak_weight": {
        "mean": 0.0779220759869,
        "var": 0
    },
    "danceability": 0.960319399834,
    "onset_rate": 3.87985634804,
    "beats_loudness_band_ratio": {
        "mean": [0.501172602177, 0.167201414704, 0.136723935604, 0.109362751245, 0.110941126943, 0.0148667329922],
        "var": [0.121507659554, 0.0170370973647, 0.0226391032338, 0.038372207433, 0.0283671151847, 0.000470303086331]
    },
    "beats_position": [0.568888902664, 1.14938771725, 1.72988653183, 2.31038546562, 2.90249419212, 3.48299312592, 4.05188179016, 4.62077093124, 5.18965959549, 5.75854873657, 6.31582736969, 6.8963265419, 7.45360517502, 8.0224943161, 8.57977294922, 9.13705158234, 9.70594120026, 10.2864398956, 10.8553285599, 11.412607193, 11.9582767487, 12.5155553818, 13.0496139526, 13.6068935394, 14.1641721725, 14.7214508057, 15.2903394699, 15.870839119, 16.4397277832, 17.0086174011, 17.5775051117, 18.1463947296, 18.7152824402, 19.2957820892, 19.8646717072, 20.45677948, 21.037279129, 21.6293869019, 22.221496582, 22.7903842926, 23.3592739105, 23.9165534973, 24.4854412079, 25.0427207947, 25.6116104126, 26.168888092, 26.73777771, 27.3066654205, 27.8871650696, 28.4676647186, 29.0481624603, 29.6054420471, 30.1859397888, 30.7664394379, 31.3469390869, 31.9274368286, 32.5079345703, 33.146484375, 33.7850341797, 34.4119720459, 35.0389099121, 35.6542396545, 36.269569397, 36.8848991394, 37.4537849426, 38.034286499, 38.6147842407, 39.1256217957, 39.6364631653, 40.1589126587, 40.6813583374, 41.2154197693, 41.7262573242, 42.2487068176, 42.771156311, 43.2936058044, 43.8160552979, 44.3617210388]
},
"tonal": {
    "chords_changes_rate": 0.0514403283596,
    "chords_number_rate": 0.00617283955216,
    "chords_strength": {
        "mean": 0.558481156826,
        "var": 0.00670423451811
    },
    "hpcp_entropy": {
        "mean": 1.417796731,
        "var": 0.503449618816
    },
    "key_strength": 0.77356749773,
    "tuning_diatonic_strength": 0.534157216549,
    "tuning_equal_tempered_deviation": 0.0396697074175,
    "tuning_frequency": 456.306610107,
    "tuning_nontempered_energy_ratio": 0.645096182823,
    "hpcp": {
        "mean": [0.0325452797115, 0.0648492053151, 0.268470197916, 0.341464817524, 0.145058825612, 0.100839182734, 0.156200110912, 0.0900389328599, 0.0274699144065, 0.0288250427693, 0.0377255454659, 0.0960834994912, 0.135614961386, 0.085790604353, 0.0368073582649, 0.0315568447113, 0.0693358927965, 0.24565385282, 0.346461981535, 0.182945951819, 0.0483532398939, 0.0319257751107, 0.0298873409629, 0.0485349707305, 0.0744768902659, 0.0777473449707, 0.146436721087, 0.235380932689, 0.158705458045, 0.0638030543923, 0.0527965575457, 0.041297044605, 0.0499379374087, 0.0624953769147, 0.0469957999885, 0.0340473465621],
        "var": [0.0153235709295, 0.0167202893645, 0.103843204677, 0.142176494002, 0.0344219058752, 0.0399962216616, 0.107684507966, 0.0383554138243, 0.0125291701406, 0.0154766645283, 0.0154399946332, 0.0439910665154, 0.0767428651452, 0.041381970048, 0.0162610206753, 0.012304189615, 0.0235752277076, 0.108479805291, 0.176410093904, 0.0688276812434, 0.0191503036767, 0.0120707685128, 0.0103014018387, 0.017219921574, 0.0287159234285, 0.0334447957575, 0.0592621006072, 0.116706639528, 0.0533709898591, 0.019500002265, 0.016936628148, 0.0148431602865, 0.0201602913439, 0.0333648659289, 0.0211999882013, 0.0163324568421]
    },
    "chords_histogram": [49.5884780884, 22.4279842377, 2.26337456703, 0, 0, 0, 0, 8.95061683655, 0, 0.102880656719, 0, 0, 0, 0, 0, 0, 0.514403283596, 0, 0, 0, 0, 0.205761313438, 3.60082316399, 12.3456792831],
    "thpcp": [1, 0.528040468693, 0.139562904835, 0.0921479910612, 0.0862644165754, 0.14008744061, 0.214964106679, 0.224403679371, 0.42266318202, 0.679384589195, 0.458074659109, 0.184156000614, 0.152387738228, 0.119196467102, 0.144136846066, 0.180381625891, 0.135644897819, 0.0982715263963, 0.0939360782504, 0.187175527215, 0.774890780449, 0.985576570034, 0.418686121702, 0.291054099798, 0.450843423605, 0.259881138802, 0.079286955297, 0.083198286593, 0.108887977898, 0.277327686548, 0.391428112984, 0.247619107366, 0.106237798929, 0.0910831391811, 0.200125545263, 0.709035515785],
    "chords_key": "D#",
    "chords_scale": "minor",
    "key_key": "D#",
    "key_scale": "minor"
}
}