{
"lowlevel": {
    "average_loudness": 0.890975236893,
    "barkbands_crest": {
        "mean": 10.8562784195,
        "var": 18.0429573059
    },
    "barkbands_flatness_db": {
        "mean": 0.166570484638,
        "var": 0.00986273959279
    },
    "barkbands_kurtosis": {
        "mean": 9.29038619995,
        "var": 326.176361084
    },
    "barkbands_skewness": {
        "mean": 2.01432967186,
        "var": 3.79299449921
    },
    "barkbands_spread": {
        "mean": 32.0010070801,
        "var": 580.896362305
    },
    "dissonance": {
        "mean": 0.46447750926,
        "var": 0.00113527965732
    },
    "dynamic_complexity": 3.20542263985,
    "erbbands_crest": {
        "mean": 8.58934211731,
        "var": 15.9267444611
    },
    "erbbands_flatness_db": {
        "mean": 0.14343623817,
        "var": 0.00303834606893
    },
    "erbbands_kurtosis": {
        "mean": 1.83146822453,
        "var": 46.1455230713
    },
    "erbbands_skewness": {
        "mean": 0.122639976442,
        "var": 1.76784706116
    },
    "erbbands_spread": {
        "mean": 59.0387039185,
        "var": 1304.28723145
    },
    "hfc": {
        "mean": 20.5834312439,
        "var": 699.970947266
    },
    "melbands_crest": {
        "mean": 17.0395908356,
        "var": 26.3455562592
    },
    "melbands_flatness_db": {
        "mean": 0.230658516288,
        "var": 0.0145190143958
    },
    "melbands_kurtosis": {
        "mean": 41.413684845,
        "var": 4039.33642578
    },
    "melbands_skewness": {
        "mean": 4.37237215042,
        "var": 10.0728845596
    },
    "melbands_spread": {
        "mean": 28.7889308929,
        "var": 916.207458496
    },
    "pitch_salience": {
        "mean": 0.469049960375,
        "var": 0.0160839576274
    },
    "silence_rate_20dB": {
        "mean": 1,
        "var": 0
    },
    "silence_rate_30dB": {
        "mean": 1,
        "var": 0
    },
    "silence_rate_60dB": {
        "mean": 0.045290786773,
        "var": 0.0432403460145
    },
    "spectral_centroid": {
        "mean": 1495.10070801,
        "var": 946970.875
    },
    "spectral_complexity": {
        "mean": 13.0051469803,
        "var": 166.511016846
    },
    "spectral_decrease": {
        "mean": -4.44767334074e-009,
        "var": 1.71760034099e-017
    },
    "spectral_energy": {
        "mean": 0.0186535138637,
        "var": 0.000292828539386
    },
    "spectral_energyband_high": {
        "mean": 0.00142329803202,
        "var": 4.67482641398e-006
    },
    "spectral_energyband_low": {
        "mean": 0.00952401012182,
        "var": 9.94314978016e-005
    },
    "spectral_energyband_middle_high": {
        "mean": 0.00384697527625,
        "var": 4.98416811752e-005
    },
    "spectral_energyband_middle_low": {
        "mean": 0.00550253689289,
        "var": 3.22440937452e-005
    },
    "spectral_entropy": {
        "mean": 7.57470941544,
        "var": 0.589206039906
    },
    "spectral_flux": {
        "mean": 0.0742207840085,
        "var": 0.00244565331377
    },
    "spectral_kurtosis": {
        "mean": 3.93562650681,
        "var": 60.5222206116
    },
    "spectral_rms": {
        "mean": 0.00391256529838,
        "var": 2.89035438072e-006
    },
    "spectral_rolloff": {
        "mean": 2238.74755859,
        "var": 7918993.5
    },
    "spectral_skewness": {
        "mean": 1.35878586769,
        "var": 0.715013206005
    },
    "spectral_spread": {
        "mean": 6158183.5,
        "var": 6.85917077504e+012
    },
    "spectral_strongpeak": {
        "mean": 0.57530105114,
        "var": 1.19948899746
    },
    "zerocrossingrate": {
        "mean": 0.0830774232745,
        "var": 0.00387567887083
    },
    "barkbands": {
        "mean": [1.9250150217e-005, 0.00263927876949, 0.00527495378628, 0.00202087382786, 0.0016069005942, 0.000317809433909, 0.000414455425926, 0.00071476312587, 0.000338570651365, 0.000189860787941, 0.00029983065906, 0.000310229457682, 0.000538972672075, 0.000425170845119, 0.000523052178323, 0.000410710868891, 0.000570891075768, 0.000289691437501, 0.000219864421524, 0.000279132043943, 0.000190032631508, 0.000231546087889, 0.00033682238427, 0.00017042431864, 0.00016181897081, 0.000153811488417, 4.82090990772e-006],
        "var": [1.94521487806e-009, 2.15809977817e-005, 3.54091571353e-005, 6.82286508891e-006, 3.73953434973e-006, 4.47698909056e-007, 1.07695507268e-006, 6.11727000432e-006, 2.45665501097e-006, 3.39909206559e-007, 7.73396493514e-007, 5.48754258034e-007, 2.01402076527e-006, 1.45440776578e-006, 1.95708025785e-006, 1.39477458561e-006, 2.36532264353e-006, 3.74514257828e-007, 1.52291903532e-007, 2.16518543539e-007, 8.78434818219e-008, 1.20882575061e-007, 5.10798656705e-007, 6.46572644314e-008, 7.72752244416e-008, 3.16600221595e-007, 1.14483655889e-009]
    },
    "erbbands": {
        "mean": [0.0393719375134, 0.777315199375, 4.73277711868, 8.37939357758, 4.13867521286, 6.26118135452, 4.08433389664, 2.87829399109, 4.30439281464, 11.4334802628, 14.0350484848, 7.98947811127, 7.49808073044, 7.22570419312, 13.6184568405, 13.2688360214, 22.8563613892, 23.1613616943, 24.7784824371, 25.6217918396, 25.7505683899, 30.9102325439, 18.6145687103, 11.5223817825, 11.2569408417, 12.4160451889, 8.79727268219, 8.10620975494, 8.57615470886, 11.7459812164, 8.20627593994, 4.02444648743, 2.64242577553, 1.69702243805, 1.26658284664, 0.737718760967, 0.248488873243, 0.0333897992969, 0.000718789815437, 4.92675935675e-005],
        "var": [0.00447339564562, 1.68562793732, 33.7729988098, 76.1695404053, 31.1919841766, 75.2616348267, 33.2945976257, 35.8496589661, 50.5380744934, 1279.06518555, 2593.70385742, 1392.51818848, 505.543273926, 428.855957031, 1355.58752441, 976.143798828, 3216.2434082, 3536.44311523, 6551.04052734, 4431.43798828, 5437.45556641, 6528.23486328, 1718.38354492, 494.88583374, 377.223419189, 416.961395264, 239.257858276, 161.17350769, 161.961685181, 666.567443848, 246.849639893, 47.4765663147, 16.0795173645, 7.08504676819, 6.82759809494, 5.1526517868, 1.26150906086, 0.0277917105705, 1.12561119749e-005, 1.14146860852e-008]
    },
    "gfcc": {
        "mean": [-36.0924720764, 62.5350227356, -84.2436828613, 61.3194084167, -55.0200691223, 18.3566570282, -43.378993988, 7.89146471024, -27.6619148254, -0.151087418199, -24.9364490509, -5.71574354172, -19.5851821899],
        "cov": [[10998.8789063, -2374.27978516, -2274.46582031, -942.244018555, -408.123840332, 971.90637207, -344.269958496, 588.208007813, -281.867126465, 501.623565674, -498.410491943, 403.656921387, -394.625366211], [-2374.27978516, 2704.93505859, -52.3987121582, 7.30748414993, 213.380844116, -391.804504395, 379.497955322, -262.548095703, 163.941207886, -165.604431152, 525.899230957, -331.044708252, 257.429229736], [-2274.46582031, -52.3987121582, 1689.05114746, 562.637756348, -98.2155075073, -329.657287598, -77.9137954712, -202.552520752, -3.65076112747, -134.670806885, -11.4432649612, 57.0965042114, 57.5270500183], [-942.244018555, 7.30748414993, 562.637756348, 545.286315918, 59.474571228, -154.332122803, -43.2266807556, -71.8073120117, 39.4096183777, -68.7360458374, 19.4678459167, -7.26075172424, 77.4727478027], [-408.123840332, 213.380844116, -98.2155075073, 59.474571228, 301.765350342, 19.9032478333, 54.4738922119, -30.7885894775, 80.3151397705, -0.83714222908, 34.4710693359, -37.2036514282, 44.9785346985], [971.90637207, -391.804504395, -329.657287598, -154.332122803, 19.9032478333, 298.7237854, 14.9395895004, 81.1637420654, -56.9114570618, 67.1613006592, -63.8093795776, 41.917350769, -57.4767684937], [-344.269958496, 379.497955322, -77.9137954712, -43.2266807556, 54.4738922119, 14.9395895004, 205.760528564, -16.0822696686, 17.4747581482, -21.2197818756, 91.297416687, -45.1179199219, 40.0273208618], [588.208007813, -262.548095703, -202.552520752, -71.8073120117, -30.7885894775, 81.1637420654, -16.0822696686, 134.072631836, 6.80301761627, 47.3271408081, -53.7005233765, 16.6027584076, -42.8543205261], [-281.867126465, 163.941207886, -3.65076112747, 39.4096183777, 80.3151397705, -56.9114570618, 17.4747581482, 6.80301761627, 130.594314575, 18.057964325, 27.31524086, -20.8247261047, 25.9808044434], [501.623565674, -165.604431152, -134.670806885, -68.7360458374, -0.83714222908, 67.1613006592, -21.2197818756, 47.3271408081, 18.057964325, 110.705940247, -1.4351670742, 21.6967735291, -28.816318512], [-498.410491943, 525.899230957, -11.4432649612, 19.4678459167, 34.4710693359, -63.8093795776, 91.297416687, -53.7005233765, 27.31524086, -1.4351670742, 193.409515381, -41.5961608887, 55.3098678589], [403.656921387, -331.044708252, 57.0965042114, -7.26075172424, -37.2036514282, 41.917350769, -45.1179199219, 16.6027584076, -20.8247261047, 21.6967735291, -41.5961608887, 127.663993835, 1.43763494492], [-394.625366211, 257.429229736, 57.5270500183, 77.4727478027, 44.9785346985, -57.4767684937, 40.0273208618, -42.8543205261, 25.9808044434, -28.816318512, 55.3098678589, 1.43763494492, 109.057327271]],
        "icov": [[0.000267221243121, -0.00019871686527, 0.000337392732035, -0.000214757223148, 0.0002909701725, -0.000286060210783, 0.000165705248946, -0.000170143961441, 0.000319029844832, -0.000704816367943, 0.000630389258731, -0.000891665695235, 0.000441963376943], [-0.00019871686527, 0.00247148727067, -0.000155492816702, 0.0012650975259, -0.000335819087923, 0.00129999872297, -0.000937775766943, 0.00139608362224, -0.00132861791644, 0.00226733111776, -0.00417500874028, 0.00420866347849, -0.00267570023425], [0.000337392732035, -0.000155492816702, 0.00181811721995, -0.00145061360672, 0.000941429927479, 0.000534188293386, -0.000290285563096, 0.00146729801781, 0.000276993523585, -0.000726463447791, 0.0012273916509, -0.00200709328055, 0.0013817595318], [-0.000214757223148, 0.0012650975259, -0.00145061360672, 0.00427388446406, -0.00128836988006, 0.000795238767751, 0.000771702791099, -0.000478266068967, -0.000867232563905, 0.00220132665709, -0.00270675914362, 0.00319093745202, -0.00343600357883], [0.0002909701725, -0.000335819087923, 0.000941429927479, -0.00128836988006, 0.00564577057958, -0.00216269795783, -0.000399956334149, 0.0022532234434, -0.00321637839079, -0.000627316418104, 0.00140306050889, -0.000321892235661, -0.000278727471596], [-0.000286060210783, 0.00129999872297, 0.000534188293386, 0.000795238767751, -0.00216269795783, 0.00821098685265, -0.00268357014284, -0.000640296435449, 0.00318895885721, -0.00144319306128, -0.000529849145096, 0.000481862807646, 0.000123629113659], [0.000165705248946, -0.000937775766943, -0.000290285563096, 0.000771702791099, -0.000399956334149, -0.00268357014284, 0.00842542108148, -0.00180964916945, -0.00020759657491, 0.00164807389956, -0.00199004844762, 0.000246111070737, -0.00114376202691], [-0.000170143961441, 0.00139608362224, 0.00146729801781, -0.000478266068967, 0.0022532234434, -0.000640296435449, -0.00180964916945, 0.0147013673559, -0.00407365243882, -0.00125175516587, 0.000842264969833, 0.00160128809512, 0.00102046504617], [0.000319029844832, -0.00132861791644, 0.000276993523585, -0.000867232563905, -0.00321637839079, 0.00318895885721, -0.00020759657491, -0.00407365243882, 0.0137534439564, -0.00565088493749, 0.00265262532048, -0.00208873394877, 0.000155815156177], [-0.000704816367943, 0.00226733111776, -0.000726463447791, 0.00220132665709, -0.000627316418104, -0.00144319306128, 0.00164807389956, -0.00125175516587, -0.00565088493749, 0.0178891215473, -0.00797921046615, 0.00303920335136, -0.000601882580668], [0.000630389258731, -0.00417500874028, 0.0012273916509, -0.00270675914362, 0.00140306050889, -0.000529849145096, -0.00199004844762, 0.000842264969833, 0.00265262532048, -0.00797921046615, 0.0166814513505, -0.00655641499907, 0.0025009426754], [-0.000891665695235, 0.00420866347849, -0.00200709328055, 0.00319093745202, -0.000321892235661, 0.000481862807646, 0.000246111070737, 0.00160128809512, -0.00208873394877, 0.00303920335136, -0.00655641499907, 0.0193803869188, -0.009073138237], [0.000441963376943, -0.00267570023425, 0.0013817595318, -0.00343600357883, -0.000278727471596, 0.000123629113659, -0.00114376202691, 0.00102046504617, 0.000155815156177, -0.000601882580668, 0.0025009426754, -0.009073138237, 0.0184526983649]]
    },
    "melbands": {
        "mean": [0.000551816425286, 0.00207022787072, 0.00129782932345, 0.000353247771272, 0.00018576112052, 6.48299755994e-005, 6.89611479174e-005, 0.000137096969411, 0.000106039791717, 4.72390820505e-005, 3.61789534509e-005, 2.65611197392e-005, 4.34571193182e-005, 3.58053621312e-005, 4.04063648602e-005, 5.33725033165e-005, 4.19444259023e-005, 3.92569163523e-005, 3.86015381082e-005, 2.88889859803e-005, 3.11716175929e-005, 3.36106422765e-005, 2.31387293752e-005, 1.32264885906e-005, 8.71973588801e-006, 8.06004209153e-006, 7.91815909906e-006, 8.74084435054e-006, 6.54830864733e-006, 4.01679744755e-006, 4.79976779388e-006, 4.21014465246e-006, 5.50096365259e-006, 7.22787717677e-006, 5.07931599714e-006, 3.008581416e-006, 2.26689189731e-006, 1.8164495259e-006, 1.66466145402e-006, 1.35137690904e-006],
        "var": [9.11036522666e-007, 6.36747608951e-006, 1.71083763689e-006, 2.11049993482e-007, 6.01129528377e-008, 1.69346829892e-008, 1.64458331398e-008, 1.87733505186e-007, 1.62480333188e-007, 4.9103789479e-008, 1.25313786015e-008, 6.13035622266e-009, 1.5606872239e-008, 8.09609090879e-009, 1.07981223962e-008, 2.29527667983e-008, 1.31857662566e-008, 2.0124707234e-008, 8.4566744718e-009, 6.09133499196e-009, 9.0527088048e-009, 7.86876697134e-009, 4.42550884827e-009, 8.16688494609e-010, 3.03565172999e-010, 2.09019648811e-010, 1.87932391871e-010, 2.37239006218e-010, 1.53276918935e-010, 5.07959924123e-011, 6.47969108925e-011, 4.09150595349e-011, 8.56547124894e-011, 3.24261006934e-010, 1.03631589421e-010, 2.86488107543e-011, 1.76059184592e-011, 8.20223142878e-012, 7.52899305401e-012, 4.76707952626e-012]
    },
    "mfcc": {
        "mean": [-684.780700684, 85.5063323975, 30.7274894714, 42.2672615051, 16.1941108704, 12.6796741486, -0.12894846499, 4.98813533783, -0.725972652435, 2.77758407593, -2.27169084549, -4.71612739563, -0.562201201916],
        "cov": [[9890.79199219, -1560.26318359, -2373.08325195, -1684.60400391, -441.452026367, 73.3337173462, -47.5900878906, 102.821762085, 217.948028564, 96.5188980103, 148.735443115, 317.170654297, -12.5852193832], [-1560.26318359, 1950.42553711, -72.4039154053, 132.292266846, -61.4243087769, -55.692691803, 233.392272949, -118.278442383, -85.9499816895, -22.8271656036, 83.5395202637, 187.113433838, -9.43237686157], [-2373.08325195, -72.4039154053, 1526.05187988, 660.40447998, 94.9846801758, -34.9651908875, -103.643096924, -12.0283546448, -140.436340332, -68.3003768921, -121.52507019, -230.00994873, 37.8437461853], [-1684.60400391, 132.292266846, 660.40447998, 673.583312988, 175.71472168, -9.52662086487, -52.7588844299, -14.6023788452, -35.6993408203, -17.3349819183, -54.7189216614, -108.479393005, 25.5050983429], [-441.452026367, -61.4243087769, 94.9846801758, 175.71472168, 246.3334198, 54.2280845642, -41.2552909851, -8.52803993225, 27.859954834, 18.8869819641, -12.3793735504, -16.6427326202, 14.5767593384], [73.3337173462, -55.692691803, -34.9651908875, -9.52662086487, 54.2280845642, 156.222717285, 51.3583946228, 24.3200683594, 20.397726059, 9.86755561829, 1.81698179245, 5.73932933807, 4.53668355942], [-47.5900878906, 233.392272949, -103.643096924, -52.7588844299, -41.2552909851, 51.3583946228, 194.499237061, 8.20346641541, -7.58445930481, -9.72251701355, 38.5848274231, 70.5914993286, -20.9769439697], [102.821762085, -118.278442383, -12.0283546448, -14.6023788452, -8.52803993225, 24.3200683594, 8.20346641541, 101.611083984, 26.7646102905, 6.37648820877, -9.11236572266, -34.3399772644, 1.06170737743], [217.948028564, -85.9499816895, -140.436340332, -35.6993408203, 27.859954834, 20.397726059, -7.58445930481, 26.7646102905, 113.897789001, 39.7693328857, 7.93510818481, 1.73887145519, -4.42241001129], [96.5188980103, -22.8271656036, -68.3003768921, -17.3349819183, 18.8869819641, 9.86755561829, -9.72251701355, 6.37648820877, 39.7693328857, 79.5469589233, 33.5545845032, 9.80634975433, -6.08958625793], [148.735443115, 83.5395202637, -121.52507019, -54.7189216614, -12.3793735504, 1.81698179245, 38.5848274231, -9.11236572266, 7.93510818481, 33.5545845032, 96.7997207642, 79.7464828491, -9.43753528595], [317.170654297, 187.113433838, -230.00994873, -108.479393005, -16.6427326202, 5.73932933807, 70.5914993286, -34.3399772644, 1.73887145519, 9.80634975433, 79.7464828491, 180.223922729, 18.3739261627], [-12.5852193832, -9.43237686157, 37.8437461853, 25.5050983429, 14.5767593384, 4.53668355942, -20.9769439697, 1.06170737743, -4.42241001129, -6.08958625793, -9.43753528595, 18.3739261627, 84.4080276489]],
        "icov": [[0.000264929869445, 0.000207499178941, 0.000273815385299, 0.00026451505255, 0.000281046377495, -0.000128099083668, 0.00019399827579, -1.11666292923e-006, 4.03336453019e-005, -1.76989433385e-005, 5.89496012253e-005, -0.000237096013734, -7.4387229688e-005], [0.000207499178941, 0.000921475118957, 0.000336071127094, -0.000206807380891, 0.000389811058994, 0.000299741339404, -0.000758390233386, 0.000612732314039, 0.000365735118976, -0.000183930678759, 0.000133746128995, -0.00062197475927, -7.76462693466e-005], [0.000273815385299, 0.000336071127094, 0.0018134516431, -0.00106538529508, 0.000645829830319, -0.000187120924238, 0.000180976334377, 0.000196551118279, 0.00140390114393, 8.20110581117e-005, 6.63535538479e-005, 0.00088603165932, -0.000577696773689], [0.00026451505255, -0.000206807380891, -0.00106538529508, 0.00381809752434, -0.0019033261342, 0.00051463075215, -1.33486419145e-005, -5.00662899867e-005, -0.000459260074422, 0.000149171115481, -0.00027574916021, 0.000665656523779, -0.000550391967408], [0.000281046377495, 0.000389811058994, 0.000645829830319, -0.0019033261342, 0.00688650785014, -0.00290003791451, 0.00185426708777, 0.00106364383828, -0.00107921881136, -0.000810913159512, 0.000673661124893, -0.00126164709218, 1.99883415917e-005], [-0.000128099083668, 0.000299741339404, -0.000187120924238, 0.00051463075215, -0.00290003791451, 0.00910619553179, -0.00383709138259, -0.00118193624076, -0.00027981234598, -0.000893023738172, 0.000589629984461, 0.000610789342318, -0.00113066402264], [0.00019399827579, -0.000758390233386, 0.000180976334377, -1.33486419145e-005, 0.00185426708777, -0.00383709138259, 0.0094062006101, -0.00207320367917, 0.000161103715072, 0.00195518694818, -0.00090898637427, -0.00311247794889, 0.00284216157161], [-1.11666292923e-006, 0.000612732314039, 0.000196551118279, -5.00662899867e-005, 0.00106364383828, -0.00118193624076, -0.00207320367917, 0.012978317216, -0.00264911702834, 0.000167788617546, -0.00122167379595, 0.00375643698499, -0.0018843075959], [4.03336453019e-005, 0.000365735118976, 0.00140390114393, -0.000459260074422, -0.00107921881136, -0.00027981234598, 0.000161103715072, -0.00264911702834, 0.0134020913392, -0.00571741349995, 0.00180385587737, -0.000248808995821, 0.000376544165192], [-1.76989433385e-005, -0.000183930678759, 8.20110581117e-005, 0.000149171115481, -0.000810913159512, -0.000893023738172, 0.00195518694818, 0.000167788617546, -0.00571741349995, 0.0194465834647, -0.00881045125425, 0.00251782918349, 0.00013703944569], [5.89496012253e-005, 0.000133746128995, 6.63535538479e-005, -0.00027574916021, 0.000673661124893, 0.000589629984461, -0.00090898637427, -0.00122167379595, 0.00180385587737, -0.00881045125425, 0.0215545650572, -0.00960787944496, 0.00367905455641], [-0.000237096013734, -0.00062197475927, 0.00088603165932, 0.000665656523779, -0.00126164709218, 0.000610789342318, -0.00311247794889, 0.00375643698499, -0.000248808995821, 0.00251782918349, -0.00960787944496, 0.0146118998528, -0.00542529206723], [-7.4387229688e-005, -7.76462693466e-005, -0.000577696773689, -0.000550391967408, 1.99883415917e-005, -0.00113066402264, 0.00284216157161, -0.0018843075959, 0.000376544165192, 0.00013703944569, 0.00367905455641, -0.00542529206723, 0.0146620515734]]
    },
    "spectral_contrast_coeffs": {
        "mean": [-0.592706978321, -0.742318034172, -0.793217837811, -0.78449177742, -0.795403897762, -0.755229175091],
        "var": [0.00770463282242, 0.00519984727725, 0.00383543898351, 0.00404171273112, 0.00176475476474, 0.00232897861861]
    },
    "spectral_contrast_valleys": {
        "mean": [-7.64979505539, -7.7082233429, -8.43281364441, -8.48065280914, -7.90629386902, -10.1762533188],
        "var": [1.40472304821, 1.68781363964, 2.09521818161, 2.24473261833, 1.853256464, 2.02728152275]
    }
},
"metadata": {
    "audio_properties": {
        "analysis_sample_rate": 44100,
        "bit_rate": 108577,
        "equal_loudness": 0,
        "length": 45.0873451233,
        "lossless": 0,
        "replay_gain": -10.0816822052,
        "sample_rate": 44100,
        "codec": "mp3",
        "downmix": "mix",
        "md5_encoded": "cfe3d84ac318f1d99d9ea1eb9442cea6"
    },
    "tags": {
        "file_name": "731.mp3"
    },
    "version": {
        "essentia": "2.1-beta2",
        "essentia_git_sha": "v2.1_beta2",
        "extractor": "music 1.0"
    }
},
"rhythm": {
    "beats_count": 122,
    "beats_loudness": {
        "mean": 0.0191170349717,
        "var": 0.000212055456359
    },
    "bpm": 150.170501709,
    "bpm_histogram_first_peak_bpm": {
        "mean": 152,
        "var": 0
    },
    "bpm_histogram_first_peak_spread": {
        "mean": 0.421052634716,
        "var": 0
    },
    "bpm_histogram_first_peak_weight": {
        "mean": 0.181818187237,
        "var": 0
    },
    "bpm_histogram_second_peak_bpm": {
        "mean": 178,
        "var": 0
    },
    "bpm_histogram_second_peak_spread": {
        "mean": 0,
        "var": 0
    },
    "bpm_histogram_second_peak_weight": {
        "mean": 0.148760333657,
        "var": 0
    },
    "danceability": 1.30063080788,
    "onset_rate": 4.89970445633,
    "beats_loudness_band_ratio": {
        "mean": [0.522256612778, 0.110297985375, 0.0869391262531, 0.0584203340113, 0.0871921703219, 0.16505099833],
        "var": [0.0609285384417, 0.00665310118347, 0.010131759569, 0.00669297389686, 0.0152239128947, 0.0230833049864]
    },
    "beats_position": [0.336689323187, 0.696598649025, 1.06811785698, 1.43963718414, 1.83437633514, 2.24072551727, 2.6470746994, 3.05342388153, 3.47138309479, 3.87773227692, 4.29569149017, 4.66721057892, 5.06195020676, 5.45668935776, 5.85142850876, 6.25777769089, 6.66412687302, 7.05886602402, 7.45360517502, 7.84834432602, 8.24308395386, 8.63782310486, 9.03256225586, 9.43891143799, 9.84526062012, 10.2399997711, 10.6579589844, 11.0759181976, 11.4938774109, 11.9234466553, 12.3530158997, 12.7941951752, 13.235373497, 13.6765527725, 14.1061220169, 14.5356912613, 14.8839902878, 15.2322902679, 15.5805892944, 15.9172782898, 16.2539672852, 16.5906581879, 16.9389572144, 17.2756462097, 17.600725174, 17.9141941071, 18.2276649475, 18.5643539429, 18.9010429382, 19.3190021515, 19.7137413025, 20.1084804535, 20.5032196045, 20.9095687866, 21.3159179688, 21.7106571198, 22.1053962708, 22.5001354218, 22.8948745728, 23.2896137238, 23.6843528748, 24.0790920258, 24.4854412079, 24.89179039, 25.286529541, 25.6928787231, 26.0992279053, 26.5171871185, 26.8538761139, 27.2021770477, 27.5156459808, 27.8175048828, 28.1309738159, 28.4676647186, 28.7927436829, 29.106212616, 29.4196815491, 29.7215423584, 30.0466213226, 30.383310318, 30.7199993134, 31.0334682465, 31.358549118, 31.6952381134, 32.0203170776, 32.3337860107, 32.6588668823, 32.9839439392, 33.2974128723, 33.5992736816, 33.9127426147, 34.2378234863, 34.5629005432, 34.8879814148, 35.2014503479, 35.514919281, 35.8283882141, 36.1650772095, 36.4901580811, 36.8152389526, 37.151927948, 37.4886169434, 37.8253059387, 38.1503829956, 38.4754638672, 38.8005447388, 39.1256217957, 39.4507026672, 39.7873916626, 40.124080658, 40.4607696533, 40.7858505249, 41.099319458, 41.4127883911, 41.8191375732, 42.2370948792, 42.6666641235, 43.0962333679, 43.5258026123, 43.9437637329, 44.3617210388, 44.7680702209]
},
"tonal": {
    "chords_changes_rate": 0.09465020895,
    "chords_number_rate": 0.0102880662307,
    "chords_strength": {
        "mean": 0.467202186584,
        "var": 0.0104082692415
    },
    "hpcp_entropy": {
        "mean": 2.11347913742,
        "var": 0.598495841026
    },
    "key_strength": 0.502540230751,
    "tuning_diatonic_strength": 0.542185783386,
    "tuning_equal_tempered_deviation": 0.375174969435,
    "tuning_frequency": 441.527557373,
    "tuning_nontempered_energy_ratio": 0.929338634014,
    "hpcp": {
        "mean": [0.0724734812975, 0.0934818908572, 0.123039893806, 0.180793106556, 0.202052146196, 0.147567689419, 0.10186907649, 0.101588517427, 0.156567379832, 0.288629055023, 0.349587261677, 0.272949278355, 0.180477783084, 0.112219944596, 0.0819358155131, 0.0916566997766, 0.0974901914597, 0.0836943686008, 0.0814313143492, 0.0887663885951, 0.0795827805996, 0.0677002072334, 0.0647856518626, 0.0607490763068, 0.0660122856498, 0.0685561224818, 0.0576361194253, 0.0476099997759, 0.0429839529097, 0.06019282341, 0.110484607518, 0.133619129658, 0.0931538715959, 0.0542200617492, 0.0516925267875, 0.0592618584633],
        "var": [0.0293386559933, 0.0397125668824, 0.0549176633358, 0.0878227427602, 0.105242222548, 0.0581444725394, 0.0410523526371, 0.0445949584246, 0.0576987974346, 0.128679469228, 0.141510665417, 0.113713979721, 0.0891679897904, 0.0517388023436, 0.0304883234203, 0.0361534915864, 0.0443353354931, 0.0330728366971, 0.0366575084627, 0.043191101402, 0.0318272449076, 0.0262757204473, 0.0218614153564, 0.0163402650505, 0.0220817755908, 0.0237115584314, 0.0150602357462, 0.0162323825061, 0.0123480623588, 0.0191203262657, 0.0504141449928, 0.0619329884648, 0.0304332189262, 0.0136511689052, 0.0159934051335, 0.0203214082867]
    },
    "chords_histogram": [24.3827152252, 9.46502017975, 10.9053497314, 0, 0, 0, 0, 0, 0, 0, 0, 0, 0, 0, 6.58436203003, 3.80658435822, 0.514403283596, 1.33744859695, 1.95473253727, 22.8395061493, 0.823045253754, 4.93827152252, 12.3456792831, 0.102880656719],
    "thpcp": [1, 0.780775785446, 0.516259610653, 0.321006953716, 0.23437872529, 0.262185454369, 0.278872251511, 0.239409089088, 0.232935592532, 0.253917694092, 0.227647826076, 0.193657532334, 0.185320407152, 0.173773705959, 0.188829213381, 0.196105897427, 0.164869055152, 0.136189177632, 0.122956290841, 0.172182545066, 0.316042989492, 0.382219672203, 0.266468137503, 0.155097365379, 0.147867307067, 0.169519498944, 0.207311555743, 0.267406463623, 0.351957589388, 0.517161607742, 0.577973425388, 0.422119766474, 0.291398137808, 0.290595591068, 0.447863519192, 0.825628042221],
    "chords_key": "F",
    "chords_scale": "major",
    "key_key": "F",
    "key_scale": "major"
}
}